ID,insum,outsum,diff
100000001,287,168,119
100000002,502,164,338
100000003,2762,637,2125
100000004,564,165,399
100000005,463,793,-330
100000006,53,36,17
100000007,78,97,-19
100000008,29,288,-259
100000009,16,62,-46
100000010,4,13,-9
100000011,62,25,37
100000012,10,338,-328
100000013,4,67,-63
100000014,46,174,-128
100000015,142,182,-40
100000016,259,702,-443
100000017,130,682,-552
100000018,367,217,150
100000019,2069,681,1388
100000020,396,516,-120
100000021,3618,799,2819
100000022,321,204,117
100000023,2710,360,2350
100000025,1132,200,932
100000028,653,346,307
100000029,109,92,17
100000030,280,11,269
100000031,1510,798,712
100000032,1165,1120,45
100000033,179,716,-537
100000034,419,216,203
100000035,449,238,211
100000036,603,356,247
100000037,145,154,-9
100000038,225,169,56
100000039,100,49,51
100000040,83,14,69
100000041,91,124,-33
100000042,104,114,-10
100000043,76,107,-31
100000044,120,369,-249
100000045,173,778,-605
100000046,165,656,-491
100000047,102,454,-352
100000048,182,508,-326
100000049,762,1453,-691
100000051,128,722,-594
100000053,1,0,1
100000054,25,6,19
100000055,127,194,-67
100000056,90,197,-107
100000057,478,290,188
100000058,246,807,-561
100000059,1,40,-39
100000060,56,94,-38
100000061,300,138,162
100000062,200,130,70
100000063,112,98,14
100000064,149,190,-41
100000065,118,645,-527
100000066,76,562,-486
100000067,77,525,-448
100000068,203,693,-490
100000069,101,826,-725
100000072,192,764,-572
100000073,375,628,-253
100000075,155,143,12
100000076,439,483,-44
100000077,234,13,221
100000078,77,9,68
100000079,23,20,3
100000080,33,1,32
100000081,11,5,6
100000102,417,358,59
100000103,1084,325,759
100000104,1516,412,1104
100000105,1500,166,1334
100000106,476,416,60
100000107,84,104,-20
100000108,451,745,-294
100000109,1412,643,769
100000116,547,192,355
100000117,19,4,15
100000118,451,497,-46
100000119,193,335,-142
100000121,36,260,-224
100000122,220,360,-140
100000123,1825,1824,1
100000124,5139,1862,3277
100000125,1400,158,1242
100000126,182,85,97
100000127,498,175,323
100000128,304,395,-91
100000129,160,179,-19
100000130,149,292,-143
100000131,3193,1181,2012
100000132,1130,402,728
100000133,6632,1687,4945
100000135,62,287,-225
100000139,53,316,-263
100000140,157,132,25
100000142,68,137,-69
100000143,935,564,371
100000144,2066,630,1436
100000147,290,834,-544
100000150,10,238,-228
100000151,187,182,5
100000153,185,86,99
100000154,10,31,-21
100000155,1,10,-9
100000156,20,26,-6
100000157,5,71,-66
100000158,11,59,-48
100000159,90,148,-58
100000165,495,334,161
100000169,164,80,84
100000174,557,94,463
100000179,21,245,-224
100000180,128,536,-408
100000181,41,180,-139
100000188,52,139,-87
100000189,89,113,-24
100000190,111,105,6
100000191,222,159,63
100000192,28,23,5
100000193,25,40,-15
100000330,872,249,623
100000355,62,252,-190
100000362,1998,1615,383
100000363,628,1094,-466
100000364,189,337,-148
100000365,1518,3884,-2366
100000366,2197,1351,846
100000367,959,1681,-722
100000368,865,907,-42
100000369,202,344,-142
100000370,38,128,-90
100000376,31,44,-13
100000379,542,328,214
100000380,787,534,253
100000384,2649,853,1796
100000385,1692,1294,398
100000386,2946,762,2184
100000387,3055,1248,1807
100000388,7811,1173,6638
100000389,5665,1149,4516
100000390,6122,1171,4951
100000391,3146,1201,1945
100000392,1217,461,756
100000393,424,386,38
100000394,2451,1073,1378
100000395,957,376,581
100000396,1608,677,931
100000397,864,431,433
100000398,5719,4261,1458
100000413,3,0,3
100900002,0,0,0
100900003,29,70,-41
100900004,14,663,-649
100900005,8,2,6
100900006,0,0,0
100900007,17,1,16
100900008,1,377,-376
100900009,7,12,-5
100900010,0,0,0
100900011,5,151,-146
100900012,0,163,-163
100900013,85,1,84
100900014,0,0,0
100900015,56,27,29
100900016,0,13,-13
100900017,68,29,39
100900018,0,0,0
100900019,0,0,0
100900020,17,0,17
100900021,443,0,443
100900022,0,0,0
100900023,0,0,0
100900024,15,0,15
100900025,0,0,0
100900026,0,74,-74
100900027,156,733,-577
100900028,10,53,-43
100900029,23,8,15
100900030,1,6,-5
100900031,43,5,38
100900032,42,0,42
100900033,64,27,37
100900034,43,0,43
100900035,12,0,12
100900036,0,0,0
100900037,2,192,-190
100900038,9,4,5
100900039,66,361,-295
100900040,48,605,-557
100900041,50,642,-592
100900042,139,10,129
100900043,0,0,0
100900044,788,89,699
100900045,5,0,5
100900046,309,1,308
100900047,1,0,1
100900048,10,2,8
100900049,5,78,-73
100900050,0,6,-6
100900051,7,14,-7
100900052,17,1,16
100900053,88,16,72
100900054,0,70,-70
100900055,23,26,-3
100900056,2,2,0
100900057,101,160,-59
100900058,5,6,-1
100900059,1,0,1
100900060,31,6,25
100900061,80,88,-8
100900062,1,29,-28
100900063,15,145,-130
100900064,214,4,210
100900065,7,13,-6
100900066,10,17,-7
100900067,0,0,0
100900068,2,46,-44
100900069,10,0,10
100900070,30,0,30
100900071,136,46,90
100900072,0,26,-26
100900073,10,219,-209
100900074,0,0,0
100900075,1838,87,1751
100900076,5,13,-8
100900077,0,0,0
100900078,7,32,-25
100900079,0,9,-9
100900080,0,0,0
100900081,2,9,-7
100900082,3,349,-346
100900083,0,13,-13
100900085,2,18,-16
100900086,13,48,-35
100900088,7,282,-275
100900089,0,7,-7
100900090,20,198,-178
100900091,0,0,0
100900092,21,20,1
100900093,34,43,-9
100900094,7,265,-258
100900095,0,3,-3
100900096,4,45,-41
100900097,0,0,0
100900098,3,29,-26
100900099,3,307,-304
100900100,0,46,-46
100900101,130,8,122
100900102,0,3,-3
100900103,1,9,-8
100900104,5,70,-65
100900105,1,7,-6
100900106,17,0,17
100900107,668,95,573
100900108,0,0,0
100900109,1,3,-2
100900110,0,0,0
100900111,32,53,-21
100900112,0,0,0
100900113,0,14,-14
100900114,0,2,-2
100900115,0,0,0
100900116,214,59,155
100900117,67,62,5
100900118,0,8,-8
100900119,0,10,-10
100900120,0,0,0
100900121,101,27,74
100900122,57,124,-67
100900123,1,2,-1
100900124,0,6,-6
100900125,2,36,-34
100900126,2,5,-3
100900127,0,1,-1
100900128,19,54,-35
100900129,0,15,-15
100900131,15,28,-13
100900133,0,12,-12
100900134,2,0,2
100900135,0,20,-20
100900137,190,83,107
100900138,31,58,-27
100900139,0,3,-3
100900140,1,477,-476
100900141,0,42,-42
100900142,0,0,0
100900143,470,126,344
100900144,0,0,0
100900145,1,32,-31
100900146,0,6,-6
100900147,3,94,-91
100900148,8,520,-512
100900149,0,6,-6
100900150,0,1,-1
100900151,25,273,-248
100900152,0,0,0
100900153,0,63,-63
100900154,1,1,0
100900155,0,1,-1
100900156,0,0,0
100900157,0,21,-21
100900159,0,2,-2
100900160,0,3,-3
100900161,0,0,0
100900162,1,38,-37
100900163,40,101,-61
100900164,4,0,4
100900165,9,31,-22
100900166,0,0,0
100900167,1,48,-47
100900168,1,16,-15
100900169,110,984,-874
100900170,0,0,0
100900171,8,552,-544
100900172,0,2,-2
100900173,2,358,-356
100900174,0,2,-2
100900176,389,20,369
100900177,479,34,445
100900178,0,41,-41
100900179,7,15,-8
100900180,0,0,0
100900181,0,0,0
100900182,0,0,0
100900184,0,0,0
100900186,344,157,187
100900187,1,91,-90
100900188,41,1,40
100900189,175,17,158
100900191,522,158,364
100900192,124,34,90
100900195,18,103,-85
100900197,0,0,0
100900198,3,97,-94
100900199,0,0,0
100900200,267,153,114
100900201,11,531,-520
100900202,0,0,0
100900203,0,16,-16
100900204,41,31,10
100900205,26,69,-43
100900206,22,7,15
100900207,16,27,-11
100900210,23,468,-445
100900211,54,4,50
100900213,2,1,1
100900214,439,32,407
100900215,0,8,-8
100900217,27,14,13
101000001,2039,813,1226
101000002,1600,885,715
101000003,340,364,-24
101000004,4492,1432,3060
101000005,2781,1928,853
101000006,3457,2591,866
101000007,1165,1125,40
101000008,1469,1011,458
101000009,511,1152,-641
101000010,237,697,-460
101000011,851,163,688
101000012,381,106,275
101000013,203,233,-30
101000014,169,130,39
101000015,396,416,-20
101000016,91,188,-97
101000017,212,260,-48
101000018,1414,1197,217
101000020,1809,434,1375
101000021,230,49,181
101000022,287,41,246
101000023,744,458,286
101000025,57,110,-53
101000026,188,9,179
101000027,679,651,28
101000028,415,116,299
101000029,3,162,-159
101000030,242,52,190
101000031,154,35,119
101000032,1668,858,810
101000033,1140,498,642
101000034,979,493,486
101000035,649,159,490
101000036,579,140,439
101000037,1697,391,1306
101000039,1367,220,1147
101000040,1940,739,1201
101000041,2456,425,2031
101000042,194,140,54
101000043,3633,750,2883
101000045,314,50,264
101000046,734,424,310
101000047,355,381,-26
101000048,207,125,82
101000049,200,221,-21
101000050,1005,243,762
101000051,2132,489,1643
101000052,868,223,645
101000053,393,269,124
101000054,764,312,452
101000055,951,360,591
101000056,63,35,28
101000057,1620,250,1370
101000058,1001,233,768
101000059,1034,368,666
101000060,1071,79,992
101000061,303,103,200
101000062,1126,136,990
101000063,114,43,71
101000064,583,146,437
101000065,67,114,-47
101000066,17,15,2
101000067,216,139,77
101000068,133,50,83
101000069,207,34,173
101000070,1008,303,705
101000071,911,278,633
101000072,664,938,-274
101000073,150,94,56
101000074,1754,581,1173
101000075,3683,1344,2339
101000077,680,489,191
101000078,566,632,-66
101000079,149,1316,-1167
101000080,373,1143,-770
101000081,437,505,-68
101000082,1770,1051,719
101000083,677,542,135
101000084,583,767,-184
101000085,828,280,548
101000086,850,584,266
101000087,539,674,-135
101000088,273,166,107
101000089,244,380,-136
101000090,1522,692,830
101000091,132,596,-464
101000092,431,453,-22
101000093,602,343,259
101000094,265,571,-306
101000095,115,366,-251
101000096,118,249,-131
101000097,57,130,-73
101000098,121,174,-53
101000099,438,340,98
101000100,300,207,93
101000101,109,178,-69
101000102,198,122,76
101000103,317,246,71
101000104,86,118,-32
101000105,174,32,142
101000106,53,55,-2
101000107,43,84,-41
101000108,751,99,652
101000109,42,13,29
101000110,14,329,-315
101000111,7,53,-46
101000113,52,96,-44
101000114,941,457,484
101000115,2,7,-5
101000116,3,15,-12
101000117,19,20,-1
101000119,83,19,64
101000120,150,5,145
101000121,25,5,20
101000122,24,17,7
101000123,11,14,-3
101000124,224,582,-358
101000125,98,206,-108
101000128,336,159,177
101000130,221,139,82
101000131,269,312,-43
101000132,164,880,-716
101000135,35,3,32
101000136,99,105,-6
101000137,10,114,-104
101000141,1149,455,694
101000147,436,363,73
101000148,1424,5,1419
101000149,6,2,4
101000150,13,578,-565
101000151,13,52,-39
101000152,132,154,-22
101000153,270,239,31
101000154,50,1141,-1091
101000155,51,74,-23
101000156,6,112,-106
101000157,22,4,18
101000160,0,4,-4
101000163,0,0,0
101000164,237,140,97
101000165,103,87,16
101000166,85,182,-97
101000168,197,122,75
101000252,224,246,-22
101000254,103,7,96
101000258,20,23,-3
101000261,107,144,-37
101000262,147,349,-202
101000263,25,124,-99
101000265,7,158,-151
101000266,115,107,8
101000269,100,5,95
101000290,487,330,157
101000293,0,21,-21
101000294,257,262,-5
101000295,66,243,-177
101000301,283,49,234
101000304,1018,1063,-45
101000305,962,668,294
101000328,32,164,-132
101900001,10,30,-20
101900002,3,4,-1
101900003,36,50,-14
101900004,8,22,-14
101900005,2945,319,2626
101900006,251,2,249
101900007,158,5,153
101900008,39,16,23
101900009,9,24,-15
101900010,440,107,333
101900011,85,100,-15
101900012,8,7,1
101900013,508,25,483
101900017,12,39,-27
101900018,701,43,658
101900019,31,11,20
101900020,53,21,32
101900021,0,4,-4
101900022,7,611,-604
101900023,2,164,-162
101900026,28,26,2
101900027,2,64,-62
102000001,654,1587,-933
102000002,1006,592,414
102000003,1488,1190,298
102000004,3694,768,2926
102000005,655,880,-225
102000006,958,426,532
102000007,1076,1764,-688
102000008,4129,634,3495
102000009,2964,2704,260
102000010,3955,1330,2625
102000011,994,966,28
102000012,1310,1397,-87
102000018,1688,587,1101
102000019,1256,396,860
102000026,130,109,21
102000029,261,73,188
102000030,33,87,-54
102000031,5,71,-66
102000032,97,152,-55
102000033,37,180,-143
102000034,224,156,68
102000035,335,98,237
102000036,2,65,-63
102000037,121,69,52
102000038,39,48,-9
102000039,16,34,-18
102000040,182,28,154
102000041,22,63,-41
102000042,29,24,5
102000043,67,72,-5
102000044,75,176,-101
102000045,343,421,-78
102000046,541,151,390
102000047,278,438,-160
102000048,63,207,-144
102000049,271,172,99
102000050,321,485,-164
102000051,131,169,-38
102000052,378,400,-22
102000053,176,329,-153
102000054,125,326,-201
102000055,334,428,-94
102000056,163,276,-113
102000057,405,88,317
102000058,510,635,-125
102000059,342,676,-334
102000060,217,202,15
102000061,373,1349,-976
102000062,217,400,-183
102000063,559,644,-85
102000064,267,294,-27
102000065,14,42,-28
102000066,425,562,-137
102000067,895,1170,-275
102000068,3308,1152,2156
102000069,10,486,-476
102000070,1741,44,1697
102000071,3249,4943,-1694
102000072,1943,2764,-821
102000073,70,336,-266
102000074,82,514,-432
102000075,36,165,-129
102000076,38,330,-292
102000077,94,828,-734
102000078,193,675,-482
102000079,16,143,-127
102000080,53,90,-37
102000081,53,376,-323
102000082,220,135,85
102000083,68,505,-437
102000084,30,192,-162
102000085,812,667,145
102000086,447,565,-118
102000087,295,1159,-864
102000088,113,147,-34
102000089,193,210,-17
102000090,158,499,-341
102000091,574,248,326
102000092,292,285,7
102000093,220,204,16
102000094,229,62,167
102000095,407,505,-98
102000096,543,161,382
102000097,1469,764,705
102000098,243,462,-219
102000099,604,256,348
102000100,237,192,45
102000101,452,121,331
102000102,164,247,-83
102000103,490,149,341
102000104,620,212,408
102000105,50,590,-540
102000106,188,667,-479
102000107,151,251,-100
102000108,148,207,-59
102000109,110,254,-144
102000110,85,519,-434
102000111,5,70,-65
102000112,64,40,24
102000113,3,16,-13
102000114,305,73,232
102000115,143,92,51
102000116,38,88,-50
102000117,34,234,-200
102000118,666,471,195
102000119,1167,217,950
102000120,39,181,-142
102000121,226,293,-67
102000122,76,243,-167
102000123,590,349,241
102000124,431,312,119
102000125,371,203,168
102000126,226,244,-18
102000127,446,228,218
102000128,182,465,-283
102000129,243,399,-156
102000130,123,310,-187
102000131,165,336,-171
102000132,86,162,-76
102000133,471,1613,-1142
102000134,132,336,-204
102000135,734,264,470
102000136,383,121,262
102000137,519,315,204
102000138,140,246,-106
102000139,17,164,-147
102000140,86,119,-33
102000141,44,324,-280
102000142,65,156,-91
102000143,20,236,-216
102000144,27,232,-205
102000145,56,175,-119
102000146,104,181,-77
102000147,85,112,-27
102000148,50,54,-4
102000149,18,235,-217
102000150,19,104,-85
102000151,30,169,-139
102000152,34,106,-72
102000153,195,93,102
102000154,146,201,-55
102000155,39,114,-75
102000156,120,16,104
102000157,33,61,-28
102000158,108,50,58
102000159,975,38,937
102000161,1967,250,1717
102000162,80,42,38
102000163,54,80,-26
102000164,382,131,251
102000165,108,59,49
102000166,6,41,-35
102000167,48,103,-55
102000168,32,71,-39
102000169,26,91,-65
102000170,375,55,320
102000171,36,23,13
102000172,2,63,-61
102000173,106,82,24
102000174,10,52,-42
102000175,17,32,-15
102000176,4,12,-8
102000178,52,326,-274
102000179,32,93,-61
102000180,162,349,-187
102000181,52,434,-382
102000182,162,510,-348
102000183,341,487,-146
102000184,309,693,-384
102000185,331,436,-105
102000186,237,1252,-1015
102000187,155,1128,-973
102000188,70,391,-321
102000189,1944,560,1384
102000190,288,611,-323
102000191,579,107,472
102000192,302,468,-166
102000193,9,95,-86
102000194,23,69,-46
102000195,118,318,-200
102000196,17,308,-291
102000197,76,327,-251
102000198,16,483,-467
102000199,62,256,-194
102000200,58,455,-397
102000201,100,304,-204
102000202,0,61,-61
102000203,43,171,-128
102000204,58,283,-225
102000205,163,231,-68
102000206,161,387,-226
102000207,133,130,3
102000208,75,248,-173
102000209,11,43,-32
102000210,30,439,-409
102000211,71,272,-201
102000212,14,7,7
102000213,4,209,-205
102000214,24,1,23
102000215,2,367,-365
102000216,5,5,0
102000217,4,163,-159
102000218,26,11,15
102000219,132,297,-165
102000225,160,35,125
102000226,91,13,78
102000227,17,0,17
102000228,0,66,-66
102000229,7,14,-7
102000230,36,251,-215
102000231,74,175,-101
102000232,0,45,-45
102000233,199,241,-42
102000234,16,157,-141
102000236,194,49,145
102000237,172,83,89
102000238,111,105,6
102000240,379,387,-8
102000241,156,71,85
102000243,1,18,-17
102000245,4,37,-33
102000246,0,12,-12
102000247,176,298,-122
102000248,118,233,-115
102000249,40,85,-45
102000250,10,212,-202
102000254,8,214,-206
102000266,20,111,-91
102000271,3,0,3
102000286,125,83,42
102000297,578,267,311
102000301,0,0,0
102000303,0,0,0
102000307,0,4,-4
102900001,170,143,27
102900002,58,6,52
102900003,12,165,-153
102900005,25,52,-27
102900006,47,37,10
102900007,40,6,34
102900008,39,25,14
102900009,0,0,0
102900010,77,160,-83
102900011,1316,168,1148
102900012,109,26,83
102900013,0,0,0
102900015,177,38,139
102900016,0,0,0
102900017,0,0,0
102900018,0,0,0
102900019,43,133,-90
102900020,14,17,-3
102900021,0,0,0
102900022,181,22,159
102900023,0,0,0
102900024,2,15,-13
102900025,0,0,0
102900026,138,243,-105
102900027,8,15,-7
102900028,13,82,-69
102900029,25,58,-33
102900030,43,35,8
102900031,34,37,-3
102900032,3,67,-64
102900033,0,0,0
102900034,63,51,12
102900035,19,303,-284
102900036,35,239,-204
102900037,29,224,-195
102900038,101,146,-45
102900039,9,141,-132
102900040,53,52,1
102900041,23,71,-48
102900042,71,212,-141
102900043,45,144,-99
102900044,129,1162,-1033
102900045,22,331,-309
102900046,30,208,-178
102900047,19,359,-340
102900048,147,542,-395
102900049,15,214,-199
102900050,57,162,-105
102900051,66,85,-19
102900052,0,0,0
102900053,83,341,-258
102900054,156,317,-161
102900055,0,0,0
102900056,41,203,-162
102900057,0,0,0
102900058,111,14,97
102900059,0,0,0
102900060,13,240,-227
102900061,23,278,-255
102900062,15,992,-977
102900063,85,105,-20
102900064,35,86,-51
102900065,293,161,132
102900066,58,5,53
102900068,16,31,-15
102900070,50,356,-306
102900072,8,17,-9
102900073,39,1,38
102900075,0,0,0
102900076,0,0,0
102900077,0,0,0
102900078,0,0,0
102900079,12,1,11
102900080,32,1,31
102900081,16,97,-81
102900082,5,108,-103
102900083,0,0,0
102900084,0,0,0
102900085,0,0,0
102900086,0,0,0
102900087,30,41,-11
102900088,1,16,-15
102900089,80,70,10
102900090,3,300,-297
102900091,18,1,17
102900092,49,635,-586
102900093,84,34,50
102900094,0,8,-8
102900095,1,0,1
102900096,5,2,3
102900097,18,144,-126
102900098,20,4,16
103000001,1015,1237,-222
103000002,799,869,-70
103000003,1419,1286,133
103000004,394,359,35
103000005,868,724,144
103000006,284,480,-196
103000007,198,371,-173
103000008,240,744,-504
103000009,174,340,-166
103000010,53,69,-16
103000011,862,513,349
103000012,575,384,191
103000013,4090,1041,3049
103000014,564,524,40
103000015,1510,591,919
103000016,163,259,-96
103000017,32,64,-32
103000018,457,133,324
103000019,22,19,3
103000020,618,720,-102
103000021,366,398,-32
103000022,387,756,-369
103000023,118,417,-299
103000024,57,82,-25
103000025,20,65,-45
103000026,972,54,918
103000027,138,37,101
103000028,412,114,298
103000029,450,48,402
103000030,1507,227,1280
103000031,546,420,126
103000032,700,736,-36
103000033,1149,817,332
103000034,946,367,579
103000035,184,363,-179
103000036,196,115,81
103000037,374,180,194
103000038,226,252,-26
103000039,46,245,-199
103000040,71,588,-517
103000041,605,1558,-953
103000042,330,376,-46
103000043,117,681,-564
103000044,48,157,-109
103000046,116,150,-34
103000047,119,240,-121
103000048,82,66,16
103000049,25,97,-72
103000050,136,341,-205
103000051,115,190,-75
103000052,393,274,119
103000053,20,121,-101
103000054,711,515,196
103000055,564,552,12
103000056,279,912,-633
103000057,217,98,119
103000058,101,465,-364
103000059,130,352,-222
103000060,372,403,-31
103000061,164,365,-201
103000062,335,464,-129
103000063,224,267,-43
103000064,63,177,-114
103000065,1,196,-195
103000066,35,10,25
103000069,64,240,-176
103000070,204,627,-423
103000071,205,122,83
103000072,43,655,-612
103000073,82,40,42
103000074,124,28,96
103000075,96,597,-501
103000076,35,35,0
103000077,19,194,-175
103000078,360,54,306
103000079,794,144,650
103000080,306,72,234
103000081,137,269,-132
103000082,88,50,38
103000083,40,176,-136
103000084,0,0,0
103000085,0,35,-35
103000086,126,70,56
103000087,47,181,-134
103000088,104,193,-89
103000089,54,129,-75
103000090,570,653,-83
103000091,124,237,-113
103000092,72,140,-68
103000093,129,336,-207
103000094,43,53,-10
103000095,11,188,-177
103000096,146,41,105
103000097,16,346,-330
103000098,411,24,387
103000099,98,282,-184
103000100,28,587,-559
103000101,147,108,39
103000102,24,454,-430
103000103,114,106,8
103000104,17,83,-66
103000105,27,44,-17
103000106,0,76,-76
103000107,162,36,126
103000108,233,322,-89
103000109,177,220,-43
103000110,216,231,-15
103000111,194,177,17
103000112,110,117,-7
103000113,111,297,-186
103000114,216,182,34
103000115,164,275,-111
103000116,117,235,-118
103000117,68,276,-208
103000118,623,531,92
103000119,1412,427,985
103000120,53,81,-28
103000121,57,182,-125
103000122,56,63,-7
103000125,2,287,-285
103000126,72,4,68
103000127,0,164,-164
103000128,29,0,29
103000129,1,110,-109
103000130,8,4,4
103000131,142,46,96
103000132,42,42,0
103000133,0,119,-119
103000134,216,171,45
103000135,473,79,394
103000136,389,143,246
103000137,150,183,-33
103000138,233,146,87
103000139,0,15,-15
103000140,60,11,49
103000141,13,57,-44
103000142,43,28,15
103000143,6,102,-96
103000144,60,54,6
103000145,1,7,-6
103000150,10,23,-13
103000152,52,119,-67
103000153,55,79,-24
103000156,1,364,-363
103000157,40,0,40
103000159,46,104,-58
103000162,7,0,7
103000163,2,4,-2
103000164,1,0,1
103000165,62,251,-189
103000166,38,23,15
103000167,35,86,-51
103000168,44,100,-56
103000169,19,38,-19
103000170,241,317,-76
103000171,3,44,-41
103000172,63,134,-71
103000173,101,451,-350
103000174,57,123,-66
103000175,54,323,-269
103000176,310,118,192
103000177,338,179,159
103000178,192,141,51
103000179,39,10,29
103000183,5,16,-11
103000185,24,39,-15
103000186,18,62,-44
103000187,137,417,-280
103000188,3,48,-45
103000189,258,629,-371
103000191,189,285,-96
103000292,1366,192,1174
103000293,744,263,481
103000295,15,55,-40
103000296,21,6,15
103000297,54,4,50
103000504,49,6,43
103000505,9,3,6
103000506,0,101,-101
103000507,56,0,56
103000508,13,9,4
103000509,88,323,-235
103900001,0,64,-64
103900002,697,52,645
103900003,664,27,637
103900004,1,0,1
103900005,1,145,-144
103900006,0,0,0
103900007,0,0,0
103900008,0,0,0
103900009,23,113,-90
103900010,32,119,-87
103900011,11,121,-110
103900012,4,3,1
103900013,3,74,-71
103900014,4,27,-23
103900015,4,3,1
103900016,87,249,-162
103900017,9,58,-49
103900018,345,74,271
103900019,15,59,-44
103900020,29,74,-45
103900021,10,31,-21
103900022,277,270,7
103900023,9,0,9
103900024,35,404,-369
103900025,2,12,-10
103900026,0,0,0
103900027,41,107,-66
103900028,4,110,-106
103900029,199,117,82
103900030,28,5,23
103900031,0,1,-1
103900032,13,7,6
103900033,4,4,0
103900034,2,141,-139
103900035,25,38,-13
103900036,15,13,2
103900037,2,6,-4
103900038,5,26,-21
103900039,6,282,-276
103900040,0,142,-142
103900041,4,8,-4
103900042,4,311,-307
103900043,12,35,-23
103900044,62,28,34
103900045,20,77,-57
103900047,7,18,-11
103900048,14,9,5
103900049,92,613,-521
103900050,0,49,-49
103900051,0,16,-16
103900052,37,280,-243
103900053,24,713,-689
103900054,9,341,-332
103900055,83,122,-39
103900056,5,41,-36
103900057,3,189,-186
103900058,16,435,-419
103900059,0,1,-1
103900060,6,87,-81
103900061,8,18,-10
103900062,15,17,-2
103900063,2,0,2
103900064,12,0,12
103900065,372,158,214
103900066,8,2,6
103900067,8,1,7
103900068,0,0,0
103900069,4,2,2
103900070,23,108,-85
103900071,3,107,-104
103900072,2,216,-214
103900073,3,5,-2
103900074,4,61,-57
103900075,23,31,-8
103900076,80,384,-304
103900077,26,11,15
103900078,15,55,-40
103900079,27,113,-86
103900080,0,8,-8
103900081,0,0,0
103900082,4,37,-33
103900083,1055,81,974
103900084,1,51,-50
103900085,39,28,11
103900086,54,106,-52
103900088,125,49,76
103900089,23,87,-64
103900090,0,85,-85
103900091,346,99,247
103900092,73,234,-161
103900093,42,218,-176
103900094,3,100,-97
103900095,31,78,-47
103900096,7,262,-255
103900097,3,315,-312
103900098,66,39,27
103900099,4,175,-171
103900100,20,176,-156
103900101,12,403,-391
103900102,0,17,-17
103900104,0,18,-18
103900105,19,80,-61
103900106,0,10,-10
103900107,7,71,-64
103900108,15,262,-247
103900109,3,26,-23
103900110,34,23,11
103900111,6,485,-479
103900112,4,14,-10
103900113,40,86,-46
103900114,254,138,116
103900115,121,54,67
103900116,2993,170,2823
103900117,208,85,123
103900119,4,8,-4
103900120,9,45,-36
103900122,6,237,-231
103900123,545,188,357
103900124,9,397,-388
103900125,22,71,-49
103900126,49,239,-190
103900127,37,447,-410
103900128,4,160,-156
103900131,3,55,-52
103900133,192,3,189
103900134,0,0,0
103900135,0,1,-1
103900137,0,3,-3
103900138,1,102,-101
103900139,66,249,-183
103900140,0,0,0
103900141,60,24,36
103900142,0,17,-17
103900143,2,0,2
103900144,0,17,-17
103900145,52,172,-120
103900146,81,140,-59
103900147,115,53,62
103900148,19,115,-96
103900149,9,359,-350
103900150,3222,481,2741
103900151,8,51,-43
103900152,45,441,-396
103900153,0,0,0
103900154,823,205,618
103900155,1,69,-68
103900156,0,47,-47
103900157,3,111,-108
103900158,8,100,-92
103900159,13,21,-8
103900160,9,2,7
103900161,14,81,-67
103900162,21,106,-85
103900163,0,165,-165
103900167,0,8,-8
103900168,2,36,-34
103900169,1,13,-12
103900170,0,28,-28
103900171,0,40,-40
103900172,1,19,-18
103900173,1,0,1
103900174,7,20,-13
103900175,11,6,5
103900176,6,5,1
103900177,1,9,-8
103900178,2,27,-25
103900179,5,104,-99
103900180,6,128,-122
103900181,19,13,6
103900182,11,3,8
103900184,319,2,317
103900185,80,30,50
103900187,21,3,18
103900188,9,0,9
103900189,35,1,34
103900190,6,16,-10
103900191,3,26,-23
103900192,4,24,-20
103900193,61,51,10
103900194,8,125,-117
103900195,1,3,-2
103900196,3,12,-9
103900197,2,19,-17
103900198,1,25,-24
103900199,15,43,-28
103900200,11,49,-38
103900201,19,87,-68
103900202,2,34,-32
103900203,5,9,-4
103900204,1,39,-38
103900207,0,65,-65
103900208,9,0,9
103900209,5,50,-45
103900210,4,11,-7
103900211,58,297,-239
103900212,12,355,-343
103900213,38,130,-92
103900214,3,2,1
103900215,539,173,366
103900216,1,255,-254
103900217,0,16,-16
103900218,0,47,-47
103900219,5,102,-97
103900233,23,1,22
103900235,2,9,-7
103900236,8,0,8
103900242,1,1,0
103900243,1,1,0
103900244,11,93,-82
103900245,6,76,-70
103900246,9,4,5
103900247,15,53,-38
103900248,0,2,-2
103900249,0,1,-1
103900250,4,1,3
103900251,0,3,-3
103900253,18,1,17
103900254,0,3,-3
103900255,3,1,2
103900256,0,1,-1
103900257,28,6,22
103900258,1,0,1
103900259,23,1,22
103900261,0,3,-3
103900262,2,1,1
103900263,7,4,3
103900264,14,0,14
103900265,5,3,2
103900266,0,18,-18
103900267,1,27,-26
103900268,3,73,-70
103900269,35,12,23
103900270,2,47,-45
103900271,18,114,-96
103900272,0,0,0
103900273,0,0,0
103900274,0,0,0
103900275,0,0,0
103900276,0,0,0
103900277,0,0,0
103900278,0,0,0
103900279,0,0,0
103900280,0,0,0
104000001,884,1197,-313
104000002,762,1279,-517
104000003,931,983,-52
104000004,1944,1165,779
104000005,376,780,-404
104000006,1088,1302,-214
104000007,1726,1663,63
104000008,139,388,-249
104000009,38,90,-52
104000010,17,46,-29
104000011,453,382,71
104000012,47,361,-314
104000013,29,47,-18
104000014,121,558,-437
104000015,49,62,-13
104000016,72,291,-219
104000018,230,65,165
104000019,161,38,123
104000020,73,535,-462
104000021,166,542,-376
104000022,44,220,-176
104000023,190,112,78
104000024,60,113,-53
104000026,10,84,-74
104000027,73,255,-182
104000028,77,114,-37
104000029,143,418,-275
104000030,41,115,-74
104000031,202,112,90
104000032,72,265,-193
104000033,122,122,0
104000034,146,326,-180
104000035,148,236,-88
104000036,159,310,-151
104000037,89,174,-85
104000038,126,139,-13
104000039,53,315,-262
104000040,246,318,-72
104000041,161,145,16
104000042,109,284,-175
104000043,115,204,-89
104000044,95,470,-375
104000045,222,636,-414
104000046,586,761,-175
104000047,184,697,-513
104000048,667,1094,-427
104000049,87,178,-91
104000050,57,294,-237
104000051,33,413,-380
104000052,322,710,-388
104000053,189,297,-108
104000054,177,405,-228
104000055,2143,1336,807
104000056,634,75,559
104000057,27,339,-312
104000058,290,431,-141
104000059,124,441,-317
104000060,146,506,-360
104000061,378,611,-233
104000062,21,15,6
104000064,301,120,181
104000065,22,132,-110
104000069,880,230,650
104000070,20,163,-143
104000071,70,263,-193
104000072,40,31,9
104000075,15,69,-54
104000076,104,10,94
104000082,784,942,-158
104000083,279,68,211
104000084,63,265,-202
104000085,43,78,-35
104000086,58,290,-232
104000087,118,184,-66
104000090,266,903,-637
104000092,192,1523,-1331
104000094,268,1127,-859
104000095,702,738,-36
104000096,177,298,-121
104000097,248,431,-183
104000098,221,556,-335
104000100,182,303,-121
104000101,445,806,-361
104000106,99,191,-92
104000107,184,307,-123
104000108,94,282,-188
104000109,72,13,59
104000110,308,379,-71
104000111,2480,499,1981
104000112,961,312,649
104000116,2,1078,-1076
104000117,5,619,-614
104000118,70,141,-71
104000119,67,133,-66
104000120,9,589,-580
104000121,69,327,-258
104000122,249,313,-64
104000123,351,554,-203
104000124,886,1053,-167
104000125,3348,1293,2055
104000126,94,275,-181
104000127,864,1856,-992
104000128,145,192,-47
104000129,170,27,143
104000130,5,73,-68
104000131,723,379,344
104000132,418,700,-282
104000133,547,381,166
104000134,464,674,-210
104000135,199,403,-204
104000136,471,853,-382
104000137,1014,101,913
104000138,736,142,594
104000139,5995,1257,4738
104000141,762,1086,-324
104000142,289,639,-350
104000143,188,579,-391
104000144,15,50,-35
104000145,83,53,30
104000146,272,317,-45
104000147,38,219,-181
104000148,47,26,21
104000149,105,272,-167
104000150,154,156,-2
104000151,154,593,-439
104000152,151,663,-512
104000153,62,126,-64
104000154,754,584,170
104000155,94,153,-59
104000157,675,1186,-511
104000158,101,132,-31
104000159,135,206,-71
104000160,986,606,380
104000161,87,36,51
104000162,23,45,-22
104000165,408,244,164
104000167,92,169,-77
104000168,107,2,105
104000169,0,0,0
104000170,771,139,632
104000248,0,347,-347
104000251,29,184,-155
104000272,1,0,1
104000273,0,0,0
104000274,1,0,1
104000275,2,0,2
104000279,358,242,116
104000290,27,185,-158
104000291,463,438,25
104000293,166,342,-176
104000294,0,0,0
104000295,191,489,-298
104000296,124,353,-229
104000297,457,792,-335
104000298,854,450,404
104000299,201,677,-476
104900001,16,66,-50
104900002,0,9,-9
104900003,7,239,-232
104900004,21,224,-203
104900005,37,104,-67
104900006,20,14,6
104900007,54,117,-63
104900009,9,200,-191
104900010,0,4,-4
104900011,0,0,0
104900012,22,0,22
104900013,7,0,7
104900014,1725,103,1622
104900015,10,0,10
104900016,40,235,-195
104900017,15,89,-74
104900018,0,106,-106
104900019,79,154,-75
104900020,9,140,-131
104900021,0,0,0
104900022,3,77,-74
104900023,0,0,0
104900024,4,47,-43
104900025,37,204,-167
104900026,0,0,0
104900027,24,30,-6
104900028,9,68,-59
104900029,0,0,0
104900030,32,36,-4
104900031,61,88,-27
104900032,20,54,-34
104900033,0,0,0
104900034,28,15,13
104900035,12,22,-10
104900036,27,12,15
104900037,25,132,-107
104900038,147,48,99
104900039,0,0,0
104900040,12,8,4
104900041,0,0,0
104900042,18,215,-197
104900043,0,0,0
104900044,36,28,8
104900045,0,0,0
104900046,3,30,-27
104900047,8,25,-17
104900048,17,17,0
104900049,0,0,0
104900050,24,17,7
104900051,6,11,-5
104900052,0,0,0
104900053,50,3,47
104900054,23,0,23
104900055,0,0,0
104900056,13,1,12
104900057,14,0,14
104900058,26,30,-4
104900059,0,0,0
104900060,1,235,-234
104900061,119,355,-236
104900063,0,70,-70
104900064,0,70,-70
104900065,0,62,-62
104900066,0,95,-95
104900067,3,158,-155
104900068,2,145,-143
104900070,26,252,-226
104900071,2,547,-545
104900072,5,122,-117
104900073,1,74,-73
104900074,9,119,-110
104900075,12,15,-3
104900076,49,300,-251
104900077,371,15,356
104900078,81,528,-447
104900079,61,38,23
104900080,17,326,-309
104900082,0,58,-58
104900085,0,57,-57
104900087,51,0,51
104900089,0,0,0
104900090,45,36,9
104900091,157,401,-244
104900093,74,204,-130
104900097,1517,354,1163
104900098,16,13,3
104900099,85,169,-84
104900100,378,44,334
104900102,7,106,-99
104900103,179,35,144
104900104,875,214,661
104900106,2,84,-82
104900107,23,213,-190
104900108,3,105,-102
104900109,8,19,-11
104900110,4,21,-17
104900111,25,42,-17
104900112,64,512,-448
104900113,130,270,-140
104900114,60,397,-337
104900115,103,296,-193
104900116,24,176,-152
104900118,0,48,-48
104900119,0,11,-11
104900120,0,0,0
104900121,0,0,0
104900122,0,0,0
104900123,0,0,0
104900124,0,0,0
104900125,33,0,33
104900126,11,19,-8
104900127,2,5,-3
104900128,0,13,-13
104900129,822,196,626
105000001,1082,1038,44
105000002,666,983,-317
105000003,946,1932,-986
105000004,225,555,-330
105000005,300,577,-277
105000006,378,625,-247
105000007,224,492,-268
105000008,225,707,-482
105000009,371,958,-587
105000010,1610,1508,102
105000011,648,703,-55
105000012,2311,1915,396
105000013,306,336,-30
105000014,471,766,-295
105000015,3124,1344,1780
105000016,1732,744,988
105000017,616,580,36
105000018,403,409,-6
105000019,564,327,237
105000020,83,176,-93
105000021,108,92,16
105000022,53,16,37
105000023,101,90,11
105000028,39,126,-87
105000029,132,320,-188
105000030,2120,2007,113
105000033,609,1395,-786
105000034,49,182,-133
105000037,273,353,-80
105000038,343,366,-23
105000039,2323,1225,1098
105000040,122,193,-71
105000041,238,952,-714
105000042,627,368,259
105000043,1411,1523,-112
105000044,97,138,-41
105000045,149,638,-489
105000046,164,151,13
105000047,189,1005,-816
105000048,119,91,28
105000049,181,510,-329
105000050,70,36,34
105000051,105,302,-197
105000052,75,500,-425
105000053,60,140,-80
105000054,53,430,-377
105000055,85,268,-183
105000056,165,1301,-1136
105000057,403,657,-254
105000058,503,863,-360
105000059,80,185,-105
105000060,126,428,-302
105000061,67,146,-79
105000062,303,812,-509
105000063,101,489,-388
105000064,149,320,-171
105000065,142,723,-581
105000066,389,1307,-918
105000067,202,217,-15
105000068,343,553,-210
105000069,1355,208,1147
105000070,412,381,31
105000071,42,76,-34
105000072,278,167,111
105000073,322,213,109
105000074,377,555,-178
105000075,185,405,-220
105000076,531,672,-141
105000077,849,436,413
105000078,532,492,40
105000079,801,987,-186
105000080,489,343,146
105000081,387,464,-77
105000082,117,192,-75
105000083,238,157,81
105000084,236,670,-434
105000085,310,293,17
105000086,168,543,-375
105000087,1382,998,384
105000088,467,337,130
105000089,1608,1452,156
105000090,619,687,-68
105000091,1253,1382,-129
105000092,210,925,-715
105000093,258,141,117
105000094,122,86,36
105000095,59,273,-214
105000096,356,281,75
105000097,346,385,-39
105000098,123,243,-120
105000099,250,651,-401
105000100,441,597,-156
105000101,871,1091,-220
105000102,563,740,-177
105000103,681,1264,-583
105000104,365,483,-118
105000105,290,909,-619
105000106,332,881,-549
105000107,211,401,-190
105000108,299,798,-499
105000109,435,1026,-591
105000110,190,407,-217
105000111,174,297,-123
105000112,357,446,-89
105000113,83,244,-161
105000114,1898,429,1469
105000115,150,281,-131
105000116,98,92,6
105000117,266,813,-547
105000118,61,107,-46
105000119,131,706,-575
105000120,97,236,-139
105000121,319,679,-360
105000122,88,162,-74
105000123,370,779,-409
105000124,289,483,-194
105000125,152,911,-759
105000126,680,1331,-651
105000127,883,1133,-250
105000128,72,690,-618
105000129,153,180,-27
105000130,15,226,-211
105000131,206,161,45
105000132,256,102,154
105000133,160,646,-486
105000134,101,159,-58
105000135,144,424,-280
105000136,22,173,-151
105000137,18,15,3
105000138,106,231,-125
105000139,469,782,-313
105000140,15,87,-72
105000141,67,402,-335
105000142,33,116,-83
105000143,92,316,-224
105000144,150,382,-232
105000145,72,191,-119
105000146,162,357,-195
105000147,36,24,12
105000148,123,51,72
105000149,150,107,43
105000150,795,753,42
105000151,95,154,-59
105000152,53,402,-349
105000153,126,248,-122
105000154,154,604,-450
105000155,50,275,-225
105000156,317,634,-317
105000157,485,1150,-665
105000158,610,495,115
105000159,163,836,-673
105000160,467,338,129
105000161,270,1290,-1020
105000162,123,472,-349
105000163,596,667,-71
105000164,148,158,-10
105000165,745,1007,-262
105000166,4244,111,4133
105000167,1610,507,1103
105000168,23,561,-538
105000169,66,349,-283
105000170,17,562,-545
105000171,509,211,298
105000172,1,0,1
105000173,0,2,-2
105000174,1,2,-1
105000175,22,87,-65
105000176,13,28,-15
105000177,20,49,-29
105000178,20,113,-93
105000179,44,47,-3
105000180,14,53,-39
105000181,5,95,-90
105000182,5,32,-27
105000183,1319,435,884
105000184,755,352,403
105000185,203,129,74
105000186,141,695,-554
105000187,100,68,32
105000188,22,36,-14
105000189,39,374,-335
105000190,13,43,-30
105000191,97,267,-170
105000192,19,82,-63
105000193,16,70,-54
105000194,50,40,10
105000195,113,689,-576
105000196,10,32,-22
105000197,70,420,-350
105000198,270,156,114
105000199,69,63,6
105000200,21,183,-162
105000201,25,20,5
105000203,1,157,-156
105000204,53,78,-25
105000205,63,136,-73
105000207,398,142,256
105000208,0,0,0
105000209,95,286,-191
105000212,249,796,-547
105000213,81,87,-6
105000214,14,85,-71
105000215,9,135,-126
105000216,40,283,-243
105000217,38,323,-285
105000218,139,409,-270
105000221,23,187,-164
105000222,8,21,-13
105000223,26,64,-38
105000226,7,67,-60
105000227,0,55,-55
105000228,52,454,-402
105000229,15,107,-92
105000231,0,0,0
105000233,176,225,-49
105000234,310,678,-368
105000235,61,199,-138
105000237,132,11,121
105000243,18,32,-14
105000248,42,37,5
105000262,58,966,-908
105000269,48,82,-34
105000270,43,87,-44
105000271,0,168,-168
105000282,39,25,14
105000287,146,54,92
105000288,80,218,-138
105000289,262,330,-68
105000290,0,0,0
105000402,2652,957,1695
105000426,107,196,-89
105000438,208,209,-1
105000446,6027,1978,4049
105000447,3238,1199,2039
105000454,32,523,-491
105000455,58,110,-52
105000474,2,0,2
105000477,32,142,-110
105000478,331,447,-116
105000479,37,61,-24
105000480,605,592,13
105000481,640,765,-125
105000482,2030,1373,657
105000483,356,450,-94
105000484,982,1475,-493
105000485,606,773,-167
105000486,1422,1272,150
105000488,1280,1217,63
105000489,140,367,-227
105000549,1,5,-4
105000550,207,583,-376
105000551,7,35,-28
105000552,2193,1117,1076
105000555,206,335,-129
105900001,0,299,-299
105900002,851,104,747
105900003,4,39,-35
105900004,296,75,221
105900005,4,174,-170
105900006,0,21,-21
105900007,10,7,3
105900008,18,517,-499
105900009,2,6,-4
105900011,31,30,1
105900012,80,117,-37
105900013,0,4,-4
105900014,2,42,-40
105900015,37,198,-161
105900016,18,378,-360
105900017,111,24,87
105900018,107,153,-46
105900019,9,331,-322
105900020,10,37,-27
105900021,4,213,-209
105900022,62,166,-104
105900023,0,94,-94
105900024,2,55,-53
105900025,13,28,-15
105900026,111,21,90
105900027,1515,602,913
105900028,14,89,-75
105900029,1026,275,751
105900030,52,193,-141
105900031,139,126,13
105900032,27,82,-55
105900033,9,87,-78
105900034,36,151,-115
105900035,66,95,-29
105900036,10,52,-42
105900037,32,84,-52
105900038,32,114,-82
105900039,13,91,-78
105900040,24,53,-29
105900041,91,205,-114
105900042,15,64,-49
105900043,810,17,793
105900044,1,83,-82
105900045,2,247,-245
105900046,1,99,-98
105900047,1,17,-16
105900048,13,249,-236
105900050,149,192,-43
105900051,3,510,-507
105900052,56,2,54
105900053,2356,233,2123
105900054,130,171,-41
105900056,386,28,358
105900057,3,94,-91
105900058,3,22,-19
105900059,0,5,-5
106000001,906,399,507
106000002,1137,1768,-631
106000003,1547,725,822
106000004,1502,1250,252
106000005,957,1636,-679
106000006,2970,2353,617
106000007,202,145,57
106000008,191,156,35
106000009,181,117,64
106000010,255,283,-28
106000011,175,401,-226
106000012,343,895,-552
106000013,594,744,-150
106000014,895,1079,-184
106000015,376,444,-68
106000016,439,1211,-772
106000017,303,404,-101
106000018,246,439,-193
106000019,85,215,-130
106000020,56,306,-250
106000021,123,271,-148
106000022,96,244,-148
106000023,206,166,40
106000024,168,607,-439
106000025,82,100,-18
106000026,93,205,-112
106000027,102,232,-130
106000028,283,557,-274
106000029,419,1123,-704
106000030,463,147,316
106000034,161,320,-159
106000035,159,278,-119
106000036,152,183,-31
106000037,564,838,-274
106000038,103,60,43
106000039,63,45,18
106000040,74,422,-348
106000041,302,149,153
106000043,106,33,73
106000046,115,16,99
106000047,11,183,-172
106000049,77,36,41
106000050,104,587,-483
106000051,78,102,-24
106000052,39,517,-478
106000053,0,0,0
106000054,169,261,-92
106000055,109,189,-80
106000056,153,381,-228
106000057,0,0,0
106000058,56,126,-70
106000059,33,60,-27
106000060,278,410,-132
106000061,52,109,-57
106000062,141,425,-284
106000063,105,126,-21
106000064,37,273,-236
106000065,21,30,-9
106000066,47,227,-180
106000067,15,18,-3
106000068,10,391,-381
106000069,29,35,-6
106000070,98,462,-364
106000071,55,114,-59
106000072,2034,544,1490
106000073,692,551,141
106000074,119,310,-191
106000075,101,310,-209
106000076,349,640,-291
106000077,855,502,353
106000078,155,389,-234
106000079,166,500,-334
106000080,320,456,-136
106000081,115,423,-308
106000082,925,464,461
106000083,135,470,-335
106000084,146,290,-144
106000085,484,451,33
106000086,139,301,-162
106000087,101,185,-84
106000088,80,422,-342
106000089,153,244,-91
106000090,69,362,-293
106000091,121,313,-192
106000092,119,100,19
106000093,36,25,11
106000094,54,242,-188
106000095,99,755,-656
106000096,151,415,-264
106000097,144,982,-838
106000098,74,511,-437
106000099,36,562,-526
106000100,120,167,-47
106000101,165,130,35
106000102,20,339,-319
106000103,95,378,-283
106000104,156,139,17
106000105,89,559,-470
106000106,98,150,-52
106000107,48,362,-314
106000108,56,152,-96
106000109,27,219,-192
106000110,53,117,-64
106000111,62,362,-300
106000112,33,130,-97
106000113,668,389,279
106000114,243,164,79
106000115,78,350,-272
106000116,70,93,-23
106000117,538,525,13
106000118,407,458,-51
106000119,1540,641,899
106000120,405,241,164
106000121,61,78,-17
106000122,16,168,-152
106000123,64,182,-118
106000124,9,188,-179
106000125,2,217,-215
106000126,30,155,-125
106000127,105,524,-419
106000128,87,164,-77
106000129,117,464,-347
106000130,85,127,-42
106000131,37,294,-257
106000132,296,54,242
106000133,2547,382,2165
106000134,174,164,10
106000135,111,547,-436
106000136,87,94,-7
106000137,46,997,-951
106000138,116,18,98
106000139,0,0,0
106000140,5,73,-68
106000141,8,100,-92
106000142,0,0,0
106000143,6,118,-112
106000144,0,0,0
106000145,36,260,-224
106000146,0,0,0
106000147,155,236,-81
106000148,193,327,-134
106000149,142,188,-46
106000150,164,655,-491
106000151,2058,312,1746
106000152,699,339,360
106000153,30,459,-429
106000154,847,126,721
106000155,19,44,-25
106000156,165,145,20
106000157,255,918,-663
106000158,1511,305,1206
106000159,2756,631,2125
106000160,49,477,-428
106000161,638,297,341
106000162,46,209,-163
106000163,69,378,-309
106000164,38,88,-50
106000165,46,388,-342
106000166,69,108,-39
106000167,120,1035,-915
106000168,51,122,-71
106000169,23,483,-460
106000170,63,99,-36
106000171,17,428,-411
106000172,733,411,322
106000173,235,1382,-1147
106000174,88,129,-41
106000175,75,684,-609
106000176,205,196,9
106000177,202,1322,-1120
106000178,777,530,247
106000179,468,1148,-680
106000180,353,1227,-874
106000181,111,1212,-1101
106000182,122,410,-288
106000183,125,684,-559
106000184,246,557,-311
106000185,249,470,-221
106000186,308,84,224
106000187,63,341,-278
106000188,0,0,0
106000189,2,32,-30
106000190,0,0,0
106000191,100,118,-18
106000192,4,26,-22
106000193,107,64,43
106000194,63,180,-117
106000195,112,24,88
106000196,28,142,-114
106000197,54,159,-105
106000198,18,179,-161
106000199,339,138,201
106000200,239,51,188
106000201,194,329,-135
106000202,3883,218,3665
106000203,103,101,2
106000204,4,1,3
106000205,14,82,-68
106000206,12,1,11
106000207,25,543,-518
106000208,74,7,67
106000209,94,84,10
106000210,55,841,-786
106000211,156,1100,-944
106000212,57,50,7
106000213,240,424,-184
106000214,680,105,575
106000215,50,253,-203
106000216,108,121,-13
106000217,75,255,-180
106000218,93,132,-39
106000219,33,173,-140
106000220,85,112,-27
106000221,26,222,-196
106000222,36,61,-25
106000223,8,52,-44
106000224,54,258,-204
106000225,3,26,-23
106000226,39,236,-197
106000228,5,63,-58
106000229,16,463,-447
106000231,116,32,84
106000232,20,275,-255
106000233,66,33,33
106000234,32,154,-122
106000235,30,23,7
106000236,42,20,22
106000237,1,16,-15
106000238,3,1,2
106000239,1,53,-52
106000240,5,0,5
106000241,15,330,-315
106000242,17,7,10
106000249,0,0,0
106000250,9,192,-183
106000251,15,12,3
106000252,6,95,-89
106000253,8,22,-14
106000254,19,60,-41
106000255,2,40,-38
106000256,30,67,-37
106000257,52,192,-140
106000258,12,7,5
106000259,0,10,-10
106000260,2,0,2
106000261,0,24,-24
106000262,1,1,0
106000263,0,27,-27
106000264,30,1,29
106000265,5,55,-50
106000266,27,2,25
106000267,5,66,-61
106000268,111,0,111
106000269,26,41,-15
106000270,58,262,-204
106000271,13,80,-67
106000272,43,44,-1
106000273,4,39,-35
106000274,130,38,92
106000275,25,89,-64
106000276,45,34,11
106000277,57,79,-22
106000278,83,18,65
106000279,14,56,-42
106000280,9,126,-117
106000281,54,68,-14
106000282,29,43,-14
106000283,22,61,-39
106000284,17,62,-45
106000285,46,78,-32
106000286,22,99,-77
106000287,31,62,-31
106000288,25,115,-90
106000289,25,60,-35
106000290,23,125,-102
106000291,21,63,-42
106000292,20,92,-72
106000293,30,54,-24
106000294,54,92,-38
106000295,9,16,-7
106000296,57,52,5
106000297,70,73,-3
106000298,105,35,70
106000299,38,61,-23
106000300,22,50,-28
106000301,61,76,-15
106000303,9,13,-4
106000304,12,30,-18
106000305,18,23,-5
106000306,21,43,-22
106000307,4,3,1
106000308,25,105,-80
106000309,4,54,-50
106000310,67,277,-210
106000311,109,61,48
106000312,21,76,-55
106000313,41,152,-111
106000318,78,113,-35
106000319,99,6,93
106000320,0,14,-14
106000321,85,35,50
106000322,40,137,-97
106000324,3,94,-91
106000325,370,334,36
106000326,363,1119,-756
106000327,14,51,-37
106000328,3,33,-30
106000329,7,116,-109
106000330,9,36,-27
106000428,28,91,-63
106000429,30,318,-288
106000430,137,935,-798
106000431,207,130,77
106000432,491,1344,-853
106000433,371,269,102
106000434,646,204,442
106000435,1153,1333,-180
106000436,5,244,-239
106000437,59,12,47
106000438,59,39,20
106000439,44,278,-234
106000440,115,320,-205
106000441,0,0,0
106000442,24,3,21
106000443,26,407,-381
106000450,7,110,-103
106000451,14,3,11
106000454,4,27,-23
106000455,9,82,-73
106000456,17,7,10
106000457,10,726,-716
106000458,43,36,7
106000459,11,329,-318
106000460,100,3,97
106000461,15,1256,-1241
106000462,1,14,-13
106000463,1,2,-1
106000464,2,373,-371
106000465,37,1,36
106000466,2,462,-460
106000467,419,251,168
106000468,14,130,-116
106000469,36,0,36
106000470,86,427,-341
106000471,6,354,-348
106000472,16,1,15
106000473,15,29,-14
106000474,117,502,-385
106000475,51,80,-29
106000476,138,88,50
106000477,14,111,-97
106000480,0,37,-37
106900001,0,3,-3
106900002,0,350,-350
106900003,95,415,-320
106900004,0,21,-21
106900006,0,3,-3
106900007,0,4,-4
106900008,46,102,-56
106900009,40,202,-162
106900010,24,132,-108
106900012,569,230,339
106900013,30,1,29
106900014,5,0,5
106900015,0,0,0
106900016,19,0,19
106900017,0,0,0
106900018,2,0,2
106900019,4,2,2
106900020,1431,193,1238
106900021,0,10,-10
106900022,20,0,20
106900023,1,149,-148
106900024,20,0,20
106900025,17,386,-369
106900026,1,563,-562
106900027,39,0,39
107000001,355,642,-287
107000002,1369,2059,-690
107000003,1041,2063,-1022
107000004,2702,3507,-805
107000005,472,1074,-602
107000006,1459,4431,-2972
107000007,1812,1395,417
107000008,11611,7410,4201
107000009,1366,1484,-118
107000010,5469,7473,-2004
107000011,523,710,-187
107000012,1855,2002,-147
107000013,14,115,-101
107000014,6,194,-188
107000015,128,542,-414
107000016,124,836,-712
107000017,861,366,495
107000018,0,131,-131
107000020,358,122,236
107000021,400,648,-248
107000022,203,863,-660
107000023,531,321,210
107000024,171,1358,-1187
107000025,66,237,-171
107000026,34,438,-404
107000027,442,400,42
107000028,487,714,-227
107000029,396,553,-157
107000030,1354,1536,-182
107000031,521,664,-143
107000032,62,153,-91
107000033,2161,2056,105
107000034,3327,1080,2247
107000035,126,69,57
107000036,211,560,-349
107000037,39,262,-223
107000038,123,144,-21
107000039,133,188,-55
107000040,62,186,-124
107000041,473,259,214
107000042,297,810,-513
107000043,1381,308,1073
107000044,399,262,137
107000045,31,165,-134
107000046,99,114,-15
107000047,111,545,-434
107000048,85,167,-82
107000049,129,391,-262
107000050,158,257,-99
107000051,288,163,125
107000052,349,260,89
107000053,79,45,34
107000054,33,159,-126
107000055,68,50,18
107000056,268,481,-213
107000057,1235,204,1031
107000058,245,452,-207
107000059,737,1588,-851
107000060,799,1438,-639
107000061,2243,2346,-103
107000062,753,929,-176
107000063,1703,3335,-1632
107000064,537,657,-120
107000065,1493,3719,-2226
107000066,511,532,-21
107000067,265,361,-96
107000068,536,209,327
107000069,157,193,-36
107000070,7,1,6
107000071,190,4,186
107000072,15,2181,-2166
107000073,56,42,14
107000074,43,473,-430
107000075,166,33,133
107000076,431,1203,-772
107000077,389,76,313
107000078,581,1991,-1410
107000079,260,94,166
107000080,394,2045,-1651
107000081,226,153,73
107000082,158,1838,-1680
107000083,91,104,-13
107000084,126,1625,-1499
107000085,1053,1509,-456
107000086,1586,1193,393
107000087,1068,855,213
107000088,941,1551,-610
107000089,564,736,-172
107000090,507,498,9
107000091,345,531,-186
107000092,274,612,-338
107000093,279,419,-140
107000094,318,698,-380
107000095,82,107,-25
107000096,250,559,-309
107000097,112,67,45
107000098,176,555,-379
107000099,74,87,-13
107000100,114,235,-121
107000101,16,49,-33
107000102,242,234,8
107000103,64,58,6
107000104,152,189,-37
107000105,80,34,46
107000106,34,220,-186
107000107,86,71,15
107000108,33,589,-556
107000109,0,0,0
107000110,27,362,-335
107000111,0,0,0
107000112,9,293,-284
107000113,0,0,0
107000114,17,503,-486
107000115,0,0,0
107000116,48,669,-621
107000117,0,0,0
107000118,40,137,-97
107000119,750,156,594
107000120,1650,225,1425
107000121,87,237,-150
107000122,382,509,-127
107000123,49,351,-302
107000124,154,475,-321
107000125,124,421,-297
107000126,258,743,-485
107000129,50,738,-688
107000130,30,82,-52
107000131,106,449,-343
107000132,75,130,-55
107000133,65,41,24
107000134,39,1,38
107000135,2,112,-110
107000136,92,2,90
107000137,6,203,-197
107000138,72,3,69
107000139,8,185,-177
107000140,189,9,180
107000141,74,540,-466
107000142,91,13,78
107000143,17,571,-554
107000144,93,64,29
107000145,50,354,-304
107000146,41,24,17
107000147,1649,391,1258
107000150,487,556,-69
107000151,17,15,2
107000152,153,177,-24
107000153,165,141,24
107000154,20,26,-6
107000155,144,5,139
107000156,285,4,281
107000157,12,1926,-1914
107000158,130,4,126
107000159,15,1070,-1055
107000160,108,38,70
107000161,13,1363,-1350
107000162,62,68,-6
107000163,9,0,9
107000164,30,1,29
107000165,98,1,97
107000166,14,981,-967
107000167,125,169,-44
107000168,206,65,141
107000169,564,703,-139
107000170,249,158,91
107000171,145,2182,-2037
107000172,166,238,-72
107000173,317,774,-457
107000174,330,640,-310
107000175,7307,1021,6286
107000176,0,0,0
107000177,0,0,0
107000178,0,17,-17
107000179,118,2152,-2034
107000180,207,207,0
107000181,87,907,-820
107000182,198,359,-161
107000183,36,678,-642
107000184,127,353,-226
107000185,77,799,-722
107000186,91,85,6
107000187,389,463,-74
107000188,114,242,-128
107000189,82,387,-305
107000190,142,391,-249
107000191,145,362,-217
107000192,382,522,-140
107000193,115,160,-45
107000194,421,416,5
107000197,86,93,-7
107000198,97,515,-418
107000199,303,468,-165
107000200,552,229,323
107000201,119,137,-18
107000202,75,233,-158
107000203,393,268,125
107000204,501,248,253
107000205,1753,556,1197
107000206,253,174,79
107000207,454,425,29
107000208,888,138,750
107000209,1080,243,837
107000210,789,109,680
107000211,1,3,-2
107000212,1,154,-153
107000213,6,4,2
107000214,6,78,-72
107000215,98,370,-272
107000216,44,293,-249
107000217,12,128,-116
107000219,23,56,-33
107000220,25,233,-208
107000222,71,414,-343
107000224,48,15,33
107000225,78,455,-377
107000226,76,28,48
107000227,49,419,-370
107000228,37,89,-52
107000229,82,49,33
107000230,753,288,465
107000231,108,127,-19
107000232,32,26,6
107000233,114,143,-29
107000234,0,5,-5
107000235,0,0,0
107000236,17,216,-199
107000237,0,0,0
107000238,0,1,-1
107000239,3977,190,3787
107000240,31,964,-933
107000243,0,30,-30
107000244,4,80,-76
107000246,1,773,-772
107000249,0,467,-467
107000251,0,137,-137
107000252,4,1082,-1078
107000255,398,59,339
107000257,3,438,-435
107000258,0,103,-103
107000259,0,184,-184
107000260,53,0,53
107000262,2,564,-562
107000263,18,0,18
107000266,3,0,3
107000267,28,120,-92
107000268,69,136,-67
107000269,38,21,17
107000270,1,2,-1
107000271,4,800,-796
107000272,11,217,-206
107000273,1,162,-161
107000274,106,89,17
107000275,6,313,-307
107000280,98,3,95
107000281,11,745,-734
107000282,9,1110,-1101
107000290,0,17,-17
107000291,6,4,2
107000292,1,28,-27
107000293,10,3,7
107000294,0,26,-26
107000295,11,1,10
107000296,2,3,-1
107000444,74,0,74
107000496,0,1,-1
107000497,486,2222,-1736
107000500,164,163,1
107000501,34,79,-45
107000502,33,222,-189
107000505,320,412,-92
107000506,0,3,-3
107000508,1,450,-449
107000509,44,128,-84
107000510,14,11,3
107000514,8,167,-159
107000515,2,209,-207
107000516,39,84,-45
107000518,88,71,17
107000519,2179,801,1378
107000520,12,1,11
107000521,164,341,-177
107000522,75,413,-338
107900001,2,137,-135
107900002,9,1,8
107900003,71,5,66
107900004,2,0,2
107900005,122,0,122
107900006,9,0,9
107900007,40,4,36
107900008,29,24,5
107900009,19,0,19
107900010,2,0,2
107900012,89,3,86
107900013,72,24,48
107900014,2,1,1
107900015,138,5,133
107900016,194,55,139
107900017,3,1,2
107900018,10,6,4
107900019,0,52,-52
107900020,27,2,25
107900021,1,90,-89
107900023,0,0,0
107900024,0,3,-3
107900025,118,194,-76
107900026,18,83,-65
107900027,2,15,-13
107900028,1,55,-54
107900030,31,4,27
107900031,15,192,-177
107900032,1,1,0
107900033,2,4,-2
107900034,17,0,17
107900035,130,2,128
107900036,14,0,14
107900037,0,11,-11
107900038,77,49,28
107900039,2,43,-41
107900040,11,3,8
107900041,0,0,0
107900043,9,67,-58
107900044,2,0,2
107900045,6,5,1
107900046,27,12,15
107900047,8,25,-17
107900048,30,1,29
107900049,98,132,-34
107900050,57,183,-126
107900051,18,56,-38
107900052,1,1,0
107900053,6,56,-50
107900055,80,53,27
107900056,13,4,9
107900057,0,0,0
107900058,8,521,-513
107900060,1,15,-14
107900061,10,0,10
107900063,1,49,-48
107900064,95,20,75
107900065,15,2,13
107900066,0,6,-6
107900067,0,0,0
107900068,47,68,-21
107900069,10,147,-137
107900070,10,6,4
107900071,11,718,-707
107900072,5,109,-104
107900073,3,46,-43
107900074,474,53,421
107900076,16,26,-10
107900077,4,0,4
107900078,71,2,69
107900079,3,1,2
107900080,133,67,66
107900081,1,37,-36
107900082,3,6,-3
107900083,63,57,6
107900084,8,33,-25
107900086,27,23,4
107900087,96,30,66
107900088,3,5,-2
107900089,236,365,-129
107900090,130,175,-45
107900091,57,247,-190
107900092,1322,239,1083
107900093,10,18,-8
107900095,1456,438,1018
107900097,8,24,-16
107900098,18,29,-11
107900100,528,112,416
107900101,455,66,389
107900102,3,3,0
107900103,26,100,-74
107900104,20,0,20
107900105,1,274,-273
107900106,3,1007,-1004
107900107,742,47,695
107900108,137,21,116
107900109,94,0,94
107900110,1,58,-57
107900111,0,924,-924
107900112,25,162,-137
107900113,7,40,-33
107900114,13,177,-164
107900115,0,15,-15
107900116,10,118,-108
107900117,89,202,-113
107900118,16,117,-101
107900119,9,30,-21
107900120,13,2,11
107900121,0,47,-47
107900122,0,27,-27
107900123,0,3,-3
107900124,2,15,-13
107900125,4,95,-91
107900126,0,11,-11
107900127,225,17,208
107900128,56,15,41
107900129,1,29,-28
107900130,1,9,-8
107900131,38,11,27
107900132,28,249,-221
107900133,0,45,-45
107900134,6,5,1
107900135,0,129,-129
107900136,24,10,14
107900137,38,45,-7
107900138,8,18,-10
107900139,0,7,-7
107900141,8,0,8
107900142,14,579,-565
107900143,6,24,-18
107900144,1,100,-99
107900145,0,55,-55
107900146,24,72,-48
107900147,2,7,-5
107900148,69,83,-14
107900149,1364,28,1336
107900150,23,336,-313
107900151,0,77,-77
107900152,3,122,-119
107900153,38,69,-31
107900154,10,6,4
107900155,10,9,1
107900156,2,201,-199
107900157,12,56,-44
107900158,60,1,59
107900159,11,629,-618
107900160,14,114,-100
107900161,4,167,-163
107900162,2,79,-77
107900163,9,1,8
107900164,1,16,-15
107900165,3,24,-21
107900166,2,179,-177
107900167,0,0,0
107900168,2,46,-44
107900169,1,176,-175
107900171,4,1154,-1150
107900172,2,209,-207
107900173,2,188,-186
107900174,12,0,12
107900175,0,0,0
107900176,2,27,-25
107900177,0,67,-67
107900178,1,142,-141
107900179,1,71,-70
107900180,765,45,720
107900181,204,300,-96
107900182,2,943,-941
107900183,3,294,-291
107900184,4,145,-141
107900185,14,1,13
107900186,1,14,-13
107900187,0,79,-79
107900188,311,31,280
107900189,1,43,-42
107900190,88,16,72
107900191,6,76,-70
107900193,2,19,-17
107900194,22,1,21
107900195,2742,200,2542
107900196,4,18,-14
107900197,95,36,59
107900199,2,745,-743
107900201,28,81,-53
107900203,11,46,-35
107900204,181,132,49
107900205,80,302,-222
107900206,129,82,47
107900207,0,492,-492
107900208,2,523,-521
107900209,136,45,91
107900210,39,54,-15
107900213,86,157,-71
107900214,2,120,-118
107900215,73,240,-167
107900216,14,30,-16
107900217,15,17,-2
107900218,5,1001,-996
107900219,1,87,-86
107900220,55,23,32
107900221,110,143,-33
107900223,14,280,-266
107900224,86,162,-76
107900225,5,422,-417
107900226,31,69,-38
107900227,73,256,-183
107900228,3,56,-53
107900229,3,199,-196
107900230,3,112,-109
107900231,2,96,-94
107900232,8,186,-178
107900233,2,99,-97
107900234,23,114,-91
107900235,28,74,-46
107900236,19,72,-53
107900237,104,329,-225
107900238,5,48,-43
107900239,731,247,484
107900240,8,133,-125
107900241,2,64,-62
107900242,2,244,-242
107900243,0,11,-11
107900244,37,0,37
107900245,63,7,56
107900246,14,1,13
107900248,48,272,-224
107900249,83,3,80
107900250,1,344,-343
107900251,3,760,-757
107900252,62,0,62
107900253,10,1,9
107900254,13,30,-17
107900255,192,36,156
107900256,98,316,-218
107900257,38,17,21
107900258,49,152,-103
107900259,24,180,-156
107900261,0,264,-264
107900262,12,40,-28
107900264,20,0,20
107900265,16,126,-110
107900267,13,5,8
107900268,25,4,21
107900269,0,5,-5
107900270,0,0,0
107900271,0,1,-1
107900272,1,7,-6
107900273,1,51,-50
107900274,4,0,4
107900275,14,0,14
107900276,0,46,-46
107900277,0,101,-101
107900278,53,192,-139
107900279,88,50,38
107900280,1017,497,520
107900281,1598,324,1274
107900282,38,68,-30
107900283,853,149,704
107900284,24,480,-456
107900285,23,104,-81
107900286,45,44,1
107900287,26,37,-11
107900290,0,30,-30
107900291,135,1,134
107900292,21,165,-144
107900293,19,327,-308
107900295,10,89,-79
107900297,1,115,-114
107900298,248,479,-231
107900299,2309,424,1885
107900300,14,122,-108
107900301,84,96,-12
107900302,11,6,5
107900303,20,220,-200
107900304,43,372,-329
107900305,38,4,34
107900306,4,1,3
107900307,12,222,-210
107900308,71,17,54
107900309,3,0,3
107900310,0,0,0
107900311,24,9,15
107900312,0,0,0
107900313,0,26,-26
107900314,0,25,-25
107900315,0,22,-22
107900316,1,0,1
107900317,4,1,3
107900318,3,61,-58
107900319,1,219,-218
107900320,2,127,-125
107900321,8,1,7
107900322,1,136,-135
107900323,2,103,-101
107900324,22,2,20
107900325,10,0,10
107900326,19,255,-236
107900327,0,0,0
107900328,0,0,0
107900329,0,0,0
107900330,1,291,-290
107900331,12,8,4
107900332,55,14,41
107900333,15,2,13
107900334,5,158,-153
107900335,18,36,-18
107900336,3,8,-5
107900337,873,175,698
107900338,0,88,-88
107900339,1,18,-17
107900340,0,17,-17
107900341,1,0,1
107900342,28,49,-21
107900343,9,0,9
107900344,1,54,-53
107900345,9,12,-3
107900346,10,0,10
107900347,5,0,5
107900348,0,2,-2
107900349,10,2,8
107900350,26,174,-148
107900351,5,194,-189
107900352,0,57,-57
107900353,4,1,3
107900354,0,61,-61
108000001,752,951,-199
108000002,1347,2070,-723
108000003,869,552,317
108000004,11675,9288,2387
108000005,1293,981,312
108000006,2035,3644,-1609
108000007,1171,1176,-5
108000008,2380,3474,-1094
108000009,603,1204,-601
108000010,1011,3228,-2217
108000011,3091,2575,516
108000012,11106,9375,1731
108000014,86,192,-106
108000015,90,146,-56
108000016,91,376,-285
108000017,102,117,-15
108000018,150,145,5
108000019,180,218,-38
108000020,132,125,7
108000021,235,1043,-808
108000022,268,907,-639
108000023,287,33,254
108000024,20,384,-364
108000025,27,107,-80
108000026,28,321,-293
108000027,73,346,-273
108000028,16,188,-172
108000029,47,423,-376
108000030,14,95,-81
108000031,47,434,-387
108000032,198,122,76
108000033,204,797,-593
108000034,248,106,142
108000035,407,1765,-1358
108000036,148,1086,-938
108000037,307,88,219
108000038,331,69,262
108000039,152,1600,-1448
108000040,282,143,139
108000041,315,1789,-1474
108000042,16,134,-118
108000043,32,229,-197
108000044,11,55,-44
108000045,48,609,-561
108000046,120,103,17
108000047,156,808,-652
108000048,35,325,-290
108000049,44,40,4
108000050,46,250,-204
108000051,38,13,25
108000052,188,453,-265
108000053,54,25,29
108000054,267,520,-253
108000055,206,160,46
108000056,487,567,-80
108000057,145,305,-160
108000058,610,652,-42
108000059,1805,808,997
108000060,20,109,-89
108000061,86,213,-127
108000062,138,138,0
108000063,89,460,-371
108000064,39,67,-28
108000065,132,383,-251
108000066,435,226,209
108000067,311,112,199
108000068,124,102,22
108000069,68,765,-697
108000070,174,134,40
108000071,230,1172,-942
108000072,221,194,27
108000073,576,1150,-574
108000074,59,77,-18
108000075,84,536,-452
108000076,79,96,-17
108000077,299,631,-332
108000078,482,438,44
108000079,683,1124,-441
108000080,168,207,-39
108000081,189,1764,-1575
108000082,652,941,-289
108000083,502,190,312
108000084,172,666,-494
108000085,69,52,17
108000086,402,442,-40
108000087,35,410,-375
108000088,23,1,22
108000089,140,131,9
108000090,49,16,33
108000091,34,361,-327
108000092,12,20,-8
108000093,54,589,-535
108000094,62,20,42
108000095,47,360,-313
108000096,25,21,4
108000097,29,391,-362
108000098,97,397,-300
108000099,0,4,-4
108000100,0,4,-4
108000101,128,153,-25
108000102,248,569,-321
108000106,106,0,106
108000107,1,427,-426
108000108,78,10,68
108000109,1,444,-443
108000110,31,89,-58
108000111,57,337,-280
108000112,9,12,-3
108000113,217,163,54
108000115,277,149,128
108000117,395,144,251
108000118,21,55,-34
108000119,281,313,-32
108000120,14,219,-205
108000121,44,365,-321
108000122,37,127,-90
108000123,59,182,-123
108000124,37,404,-367
108000125,44,240,-196
108000126,40,429,-389
108000127,43,260,-217
108000128,64,491,-427
108000129,57,1011,-954
108000130,23,209,-186
108000131,136,74,62
108000132,463,637,-174
108000133,145,161,-16
108000134,283,608,-325
108000135,140,124,16
108000136,418,727,-309
108000137,100,300,-200
108000138,93,742,-649
108000139,30,212,-182
108000140,14,17,-3
108000141,5,121,-116
108000142,32,78,-46
108000143,20,9,11
108000144,5,5,0
108000145,6,18,-12
108000146,12,2,10
108000147,9,14,-5
108000148,8,6,2
108000149,0,10,-10
108000150,11,3,8
108000151,4,2,2
108000152,33,405,-372
108000153,28,21,7
108000154,19,6,13
108000155,8,6,2
108000156,137,42,95
108000157,26,128,-102
108000158,16,168,-152
108000159,412,62,350
108000160,3327,342,2985
108000161,2632,456,2176
108000165,4,81,-77
108000172,1,72,-71
108000173,1745,614,1131
108000175,42,42,0
108000178,238,216,22
108000179,104,178,-74
108000181,17,30,-13
108000182,44,3,41
108000183,3,8,-5
108000184,572,470,102
108000185,14,603,-589
108000186,15,33,-18
108000187,21,588,-567
108000188,71,96,-25
108000189,66,260,-194
108000190,3,54,-51
108000192,24,407,-383
108000193,277,21,256
108000194,0,0,0
108000195,1,755,-754
108000196,0,33,-33
108000198,112,249,-137
108000199,1,65,-64
108000200,79,311,-232
108000203,16,809,-793
108000204,56,23,33
108000205,303,390,-87
108000339,553,105,448
108000364,76,45,31
108000365,22,225,-203
108000367,35,108,-73
108000368,3,37,-34
108000369,1384,67,1317
108000371,5,358,-353
108000372,45,0,45
108000373,0,0,0
108000376,36,4,32
108000377,105,174,-69
108000378,4040,2114,1926
108000379,10,101,-91
108000381,5,4,1
108000382,22,0,22
108000383,0,46,-46
108900001,65,758,-693
108900002,80,15,65
108900003,184,707,-523
108900004,272,72,200
108900005,4,64,-60
108900006,157,95,62
108900007,28,66,-38
108900008,10,67,-57
108900009,9,51,-42
108900010,24,92,-68
108900011,59,243,-184
108900012,56,382,-326
108900013,14,157,-143
108900014,0,34,-34
108900015,0,9,-9
108900016,1,107,-106
108900017,68,65,3
108900018,22,441,-419
108900019,4,799,-795
108900020,15,203,-188
108900021,44,201,-157
108900022,2,3,-1
108900023,0,12,-12
108900024,0,103,-103
108900025,9,58,-49
108900026,18,44,-26
108900027,0,100,-100
108900028,17,401,-384
108900029,6,109,-103
108900030,0,86,-86
108900031,8,529,-521
108900032,6,165,-159
108900033,0,45,-45
108900034,1,233,-232
108900035,56,1445,-1389
108900036,83,231,-148
108900037,7,352,-345
108900038,2,257,-255
108900039,2,492,-490
108900040,0,76,-76
108900041,3809,620,3189
108900042,2,121,-119
108900043,5,307,-302
108900044,1,605,-604
108900045,6,421,-415
108900046,17,717,-700
108900047,0,49,-49
108900048,17,504,-487
108900049,3244,237,3007
108900050,0,172,-172
108900051,1,137,-136
108900052,1,190,-189
108900053,38,37,1
108900054,11,145,-134
108900055,34,291,-257
108900056,0,120,-120
108900057,0,117,-117
108900058,2,393,-391
108900059,52,3,49
108900060,53,23,30
108900061,35,7,28
108900062,1,295,-294
108900063,2,262,-260
108900064,18,40,-22
108900065,2,258,-256
108900066,50,56,-6
108900067,4,249,-245
108900068,1,203,-202
108900069,21,107,-86
108900070,9,133,-124
108900071,11,24,-13
108900072,1325,101,1224
108900073,4,434,-430
108900074,22,307,-285
108900075,1,43,-42
108900076,35,23,12
108900077,76,460,-384
108900078,0,105,-105
108900079,331,115,216
108900080,13,96,-83
108900081,17,157,-140
108900082,7,68,-61
108900083,4,63,-59
108900084,249,43,206
108900085,1291,48,1243
108900086,13,258,-245
108900087,85,99,-14
108900088,132,51,81
108900089,4,33,-29
108900090,0,304,-304
108900091,102,58,44
108900092,44,96,-52
108900093,28,12,16
108900094,64,22,42
108900095,26,479,-453
108900096,265,6,259
108900097,57,168,-111
108900098,1650,15,1635
108900099,73,265,-192
108900100,14,35,-21
108900101,41,14,27
108900102,56,160,-104
108900103,9,23,-14
108900104,166,151,15
108900105,2,132,-130
108900106,63,449,-386
108900108,31,7,24
108900109,59,13,46
108900110,15,279,-264
108900111,31,497,-466
108900112,60,5,55
108900113,8,4,4
108900114,6,2,4
108900115,7,16,-9
108900116,10,4,6
108900117,17,6,11
108900118,42,2,40
108900119,53,6,47
108900120,40,33,7
108900121,30,3,27
108900122,13,9,4
108900123,11,4,7
108900124,49,26,23
108900125,23,1,22
108900126,10,0,10
108900127,36,9,27
108900128,9,1,8
108900129,76,27,49
108900130,20,0,20
108900131,38,1,37
108900132,35,13,22
108900133,32,20,12
108900134,41,71,-30
108900135,17,1,16
108900136,0,0,0
108900137,7,0,7
108900138,87,3,84
108900139,27,21,6
108900140,7,113,-106
108900141,20,2,18
108900142,7,0,7
108900143,3,0,3
108900144,5,0,5
108900145,27,1,26
108900146,3,0,3
108900147,23,0,23
108900148,35,9,26
108900149,188,182,6
108900150,84,0,84
108900151,8,1,7
108900152,8,5,3
108900153,9,303,-294
108900154,638,85,553
108900155,22,42,-20
108900156,19,17,2
108900157,4,383,-379
108900158,20,5,15
108900159,5,178,-173
108900160,4,150,-146
108900161,2,256,-254
108900162,22,0,22
108900163,0,37,-37
108900164,24,71,-47
108900165,61,24,37
108900167,739,482,257
108900168,7528,708,6820
108900169,3,46,-43
108900171,3749,457,3292
108900172,28,4,24
108900173,86,157,-71
108900174,68,175,-107
108900176,42,455,-413
108900177,5862,639,5223
108900178,3395,394,3001
108900179,76,215,-139
108900180,13,40,-27
108900182,4,36,-32
108900183,57,106,-49
108900184,60,42,18
108900185,14,174,-160
108900186,3,216,-213
108900187,46,21,25
108900188,30,8,22
108900189,29,44,-15
108900190,8,1802,-1794
108900191,31,2,29
108900192,18,189,-171
108900193,5,14,-9
108900194,4,257,-253
108900195,7,203,-196
108900196,1,410,-409
108900198,2,383,-381
108900199,31,196,-165
108900200,126,188,-62
108900201,85,629,-544
108900203,56,3,53
108900204,42,0,42
108900205,27,2,25
108900206,32,3,29
108900207,30,7,23
108900208,13,203,-190
108900209,85,393,-308
108900210,52,118,-66
108900211,26,69,-43
108900212,349,192,157
108900215,49,439,-390
108900216,121,21,100
108900217,11,0,11
108900218,16,0,16
108900219,11,0,11
108900220,6,1,5
108900221,12,23,-11
108900222,19,5,14
108900223,0,27,-27
108900224,6,33,-27
108900225,0,64,-64
108900226,0,0,0
108900227,30,22,8
108900230,275,221,54
108900231,29,181,-152
108900232,1,230,-229
108900233,70,29,41
108900234,68,19,49
108900235,104,367,-263
108900236,6,201,-195
108900237,14,190,-176
108900240,6,39,-33
108900241,1,7,-6
108900245,0,93,-93
108900249,8,2,6
108900250,20,42,-22
108900257,5,233,-228
108900258,4,145,-141
108900259,2,32,-30
108900260,4,77,-73
108900261,48,74,-26
108900262,215,71,144
108900263,11,214,-203
108900264,140,92,48
108900265,765,109,656
108900266,616,65,551
108900267,0,23,-23
108900268,0,1,-1
108900269,10,2,8
108900270,21,0,21
108900271,3,1,2
108900272,17,1,16
108900273,537,131,406
108900274,6,26,-20
109000001,1170,380,790
109000002,2810,808,2002
109000003,621,268,353
109000004,299,2038,-1739
109000005,467,299,168
109000006,436,1477,-1041
109000007,227,264,-37
109000008,194,1425,-1231
109000009,907,406,501
109000010,752,2691,-1939
109000011,450,553,-103
109000012,802,2844,-2042
109000013,690,452,238
109000014,602,2721,-2119
109000015,915,905,10
109000016,6674,2740,3934
109000017,500,402,98
109000018,435,2241,-1806
109000019,589,414,175
109000020,702,1544,-842
109000023,0,1,-1
109000024,4,59,-55
109000025,191,139,52
109000026,292,140,152
109000027,35,150,-115
109000028,29,50,-21
109000029,97,43,54
109000030,28,269,-241
109000031,0,0,0
109000032,24,275,-251
109000033,14,12,2
109000034,27,21,6
109000035,1,6,-5
109000036,37,199,-162
109000037,50,282,-232
109000038,314,175,139
109000039,197,104,93
109000040,2708,859,1849
109000041,3953,538,3415
109000042,394,393,1
109000044,27,34,-7
109000045,18,307,-289
109000046,14,27,-13
109000047,21,275,-254
109000048,88,28,60
109000049,116,327,-211
109000050,27,38,-11
109000051,101,205,-104
109000052,116,1257,-1141
109000053,46,45,1
109000054,25,431,-406
109000055,38,91,-53
109000056,70,355,-285
109000057,58,60,-2
109000058,345,113,232
109000059,123,422,-299
109000060,131,19,112
109000061,967,251,716
109000062,37,42,-5
109000063,130,158,-28
109000064,21,52,-31
109000065,22,296,-274
109000066,62,39,23
109000067,9,276,-267
109000068,1,0,1
109000069,2,0,2
109000070,4,438,-434
109000071,140,31,109
109000072,31,242,-211
109000073,27,43,-16
109000074,13,203,-190
109000075,9,249,-240
109000076,18,61,-43
109000077,117,139,-22
109000078,10,61,-51
109000079,22,177,-155
109000080,27,77,-50
109000081,10,385,-375
109000082,72,204,-132
109000083,42,548,-506
109000088,31,248,-217
109000089,54,4,50
109000090,110,442,-332
109000091,115,23,92
109000092,186,447,-261
109000093,70,20,50
109000094,47,0,47
109000095,36,494,-458
109000096,148,7,141
109000097,36,58,-22
109000098,1,4,-3
109000099,93,150,-57
109000100,43,330,-287
109000101,152,454,-302
109000102,79,551,-472
109000103,119,352,-233
109000104,269,232,37
109000105,153,1035,-882
109000106,261,252,9
109000107,139,1176,-1037
109000108,182,206,-24
109000109,212,1177,-965
109000110,203,175,28
109000111,337,1489,-1152
109000112,88,92,-4
109000113,69,106,-37
109000114,29,190,-161
109000115,257,26,231
109000116,1,119,-118
109000117,24,42,-18
109000118,4,217,-213
109000119,109,91,18
109000120,26,864,-838
109000121,39,19,20
109000122,20,972,-952
109000123,9,60,-51
109000124,101,194,-93
109000125,84,180,-96
109000126,104,695,-591
109000127,105,94,11
109000128,120,1882,-1762
109000129,277,101,176
109000130,272,1926,-1654
109000131,176,65,111
109000132,316,1092,-776
109000133,100,501,-401
109000134,221,1022,-801
109000135,328,775,-447
109000136,83,277,-194
109000137,47,94,-47
109000138,85,352,-267
109000139,110,206,-96
109000140,24,325,-301
109000141,57,271,-214
109000142,53,384,-331
109000143,19,13,6
109000145,24,33,-9
109000146,13,43,-30
109000148,2793,312,2481
109000149,13,10,3
109000150,28,70,-42
109000155,128,298,-170
109000156,471,595,-124
109000158,9,131,-122
109000159,23,354,-331
109000160,129,160,-31
109000161,80,865,-785
109000162,607,742,-135
109000163,233,853,-620
109000164,375,1522,-1147
109000165,338,334,4
109000166,105,98,7
109000167,31,575,-544
109000170,15,32,-17
109000171,31,25,6
109000172,15,14,1
109000173,8,34,-26
109000174,13,63,-50
109000175,10,83,-73
109000176,93,344,-251
109000177,7,63,-56
109000178,115,206,-91
109000179,5042,850,4192
109000180,2904,1230,1674
109000181,5,23,-18
109000182,8,47,-39
109000183,5,40,-35
109000184,8,21,-13
109000185,6,50,-44
109000188,64,1787,-1723
109000189,273,467,-194
109000190,127,376,-249
109000191,46,271,-225
109000192,45,129,-84
109000193,56,328,-272
109000194,18,67,-49
109000195,20,343,-323
109000196,31,32,-1
109000197,46,357,-311
109000198,33,33,0
109000199,62,317,-255
109000206,42,33,9
109000207,20,25,-5
109000208,72,23,49
109000209,84,13,71
109000210,108,312,-204
109000211,67,118,-51
109000214,74,482,-408
109000215,18,8,10
109000216,15,27,-12
109000217,47,32,15
109000218,34,46,-12
109000221,49,669,-620
109000222,122,4,118
109000223,74,134,-60
109000224,15,220,-205
109000225,17,39,-22
109000226,13,215,-202
109000227,188,923,-735
109000228,0,199,-199
109000231,0,349,-349
109000232,41,342,-301
109000236,86,519,-433
109000241,397,1001,-604
109000242,280,603,-323
109000293,1,14,-13
109000361,36,129,-93
109000364,68,454,-386
109000396,1,755,-754
109000397,74,0,74
109000399,64,346,-282
109000400,18,221,-203
109000403,25,70,-45
109000406,0,4,-4
109000407,53,190,-137
109000408,5,330,-325
109000410,292,88,204
109000411,25,14,11
109900001,4,0,4
109900002,80,2,78
109900003,43,0,43
109900004,129,133,-4
109900005,3,0,3
109900006,32,190,-158
109900007,66,726,-660
109900008,0,38,-38
109900009,23,727,-704
109900010,101,6,95
109900011,6,12,-6
109900012,41,42,-1
109900013,81,38,43
109900014,34,14,20
109900015,55,25,30
109900016,44,22,22
109900017,12,17,-5
109900018,28,94,-66
109900019,27,76,-49
109900020,1,3,-2
109900021,0,5,-5
109900022,27,221,-194
109900023,20,1,19
109900024,6,0,6
109900025,2,64,-62
109900026,1,89,-88
109900027,30,2,28
109900028,1778,173,1605
109900029,5,396,-391
109900030,1,0,1
109900031,0,19,-19
109900032,1,203,-202
109900033,1,205,-204
109900034,1,1,0
109900035,1,11,-10
109900036,10,50,-40
109900037,14,309,-295
109900038,5,124,-119
109900039,1,0,1
109900040,3,444,-441
109900041,18,279,-261
109900042,2,345,-343
109900044,21,180,-159
109900045,8,23,-15
109900046,11,14,-3
109900047,177,151,26
109900048,4,40,-36
109900049,1,20,-19
109900050,0,238,-238
109900051,0,20,-20
109900052,9,185,-176
109900053,5,382,-377
109900054,57,21,36
109900055,13,194,-181
109900056,4,18,-14
109900057,1,169,-168
109900058,0,84,-84
109900059,57,33,24
109900060,42,60,-18
109900061,57,211,-154
109900062,1,213,-212
109900063,1,110,-109
109900064,46,62,-16
109900065,54,98,-44
109900066,91,622,-531
109900067,1,295,-294
109900068,8,0,8
109900069,0,20,-20
109900070,25,169,-144
109900071,1,6,-5
109900072,12,69,-57
109900073,15,397,-382
109900074,0,25,-25
109900075,0,20,-20
109900076,1,179,-178
109900077,7,24,-17
109900078,30,150,-120
109900080,37,195,-158
109900081,0,46,-46
109900082,14,394,-380
109900083,1,22,-21
109900084,0,62,-62
109900085,36,872,-836
109900086,27,43,-16
109900087,53,152,-99
109900089,66,33,33
109900090,204,564,-360
109900091,29,15,14
109900092,79,2,77
109900093,106,50,56
109900094,16,37,-21
109900095,30,91,-61
109900096,4,0,4
109900097,4,0,4
109900098,24,3,21
109900099,11,0,11
109900100,2,0,2
109900101,30,4,26
109900102,112,10,102
109900103,1,21,-20
109900104,72,781,-709
109900105,90,10,80
109900106,32,51,-19
109900107,68,40,28
109900108,18,532,-514
109900109,8,251,-243
109900110,15,350,-335
109900111,84,654,-570
109900112,110,641,-531
109900113,65,92,-27
109900114,183,41,142
109900115,16,26,-10
109900117,86,23,63
109900118,113,235,-122
109900119,239,140,99
109900120,9,1,8
109900121,85,40,45
109900122,22,1,21
109900123,2,108,-106
109900124,14,570,-556
109900125,1,151,-150
109900126,17,123,-106
109900128,27,14,13
109900130,6894,321,6573
109900131,34,42,-8
109900132,16,80,-64
109900133,7,261,-254
109900134,6,4,2
109900135,161,11,150
109900136,7,52,-45
109900137,5,225,-220
109900140,33,285,-252
109900142,123,68,55
109900145,1,30,-29
109900146,79,9,70
109900148,7,26,-19
109900149,20,15,5
109900150,3,35,-32
109900151,4,15,-11
109900152,0,10,-10
109900153,0,23,-23
109900154,3,0,3
109900155,4,2,2
109900157,22,132,-110
109900158,44,66,-22
109900159,30,5,25
109900160,16,16,0
109900161,25,23,2
109900162,25,26,-1
109900163,364,118,246
109900164,23,101,-78
109900165,27,1,26
109900166,0,131,-131
109900167,33,471,-438
109900168,41,353,-312
109900169,24,55,-31
109900170,81,74,7
109900171,23,43,-20
109900172,23,56,-33
109900173,2559,302,2257
109900174,12,73,-61
109900175,9,48,-39
109900176,24,112,-88
109900177,6,213,-207
109900178,0,60,-60
109900179,1,6,-5
109900180,0,0,0
110000001,231,304,-73
110000002,143,202,-59
110000003,408,320,88
110000004,223,207,16
110000005,480,454,26
110000006,279,194,85
110000007,32,111,-79
110000008,7,42,-35
110000009,7,19,-12
110000010,10,61,-51
110000011,13,47,-34
110000012,370,332,38
110000013,6,122,-116
110000014,512,207,305
110000015,261,282,-21
110000016,137,298,-161
110000017,2241,197,2044
110000018,2336,261,2075
110000019,7,89,-82
110000020,249,101,148
110000021,187,157,30
110000022,279,86,193
110000023,1,103,-102
110000024,394,240,154
110000025,42,1,41
110000026,7,332,-325
110000027,219,75,144
110000028,329,354,-25
110000029,270,563,-293
110000030,65,181,-116
110000031,61,406,-345
110000032,255,178,77
110000033,32,51,-19
110000034,95,464,-369
110000035,120,747,-627
110000036,123,453,-330
110000037,22,503,-481
110000038,80,322,-242
110000039,123,387,-264
110000040,176,301,-125
110000041,19,75,-56
110000042,40,244,-204
110000043,48,20,28
110000044,8,39,-31
110000045,11,1,10
110000046,1,3,-2
110000047,0,0,0
110000048,0,2,-2
110000049,0,0,0
110000050,0,3,-3
110000051,1,0,1
110000052,9,29,-20
110000053,2,2,0
110000054,22,95,-73
110000055,16,2,14
110000056,2,6,-4
110000057,151,504,-353
110000058,213,328,-115
110000059,277,388,-111
110000060,144,286,-142
110000061,641,644,-3
110000062,283,277,6
110000063,10,48,-38
110000064,27,86,-59
110000065,12,37,-25
110000066,11,20,-9
110000067,13,206,-193
110000068,51,377,-326
110000069,63,52,11
110000071,11,66,-55
110000073,1,18,-17
110000075,6,47,-41
110000076,133,107,26
110000077,229,212,17
110000078,3,26,-23
110000080,96,288,-192
110000081,3,110,-107
110000082,7,133,-126
110000083,102,322,-220
110000084,136,161,-25
110000085,1946,607,1339
110000086,665,388,277
110000087,4,19,-15
110000088,5,143,-138
110000089,28,102,-74
110000090,3,157,-154
110000091,1150,156,994
110000092,6,67,-61
110000093,11,0,11
110000094,222,128,94
110000095,25,211,-186
110000096,2734,837,1897
110000097,375,377,-2
110000098,404,184,220
110000099,439,728,-289
110000100,73,541,-468
110000101,8,438,-430
110000102,21,12,9
110000104,23,29,-6
110000105,11,185,-174
110000106,109,52,57
110000107,203,329,-126
110000108,21,15,6
110000109,128,181,-53
110000110,2635,1021,1614
110000111,7065,941,6124
110000112,672,144,528
110000113,500,294,206
110000114,35,131,-96
110000115,80,103,-23
110000116,13,17,-4
110000117,36,349,-313
110000118,149,158,-9
110000119,69,237,-168
110000120,119,116,3
110000121,27,156,-129
110000122,131,291,-160
110000123,148,168,-20
110000124,0,538,-538
110000125,289,1,288
110000126,66,4,62
110000127,137,8,129
110000128,7,1081,-1074
110000129,3,339,-336
110000130,34,28,6
110000131,70,234,-164
110000132,3,449,-446
110000133,27,102,-75
110000134,9,136,-127
110000135,54,12,42
110000136,11,189,-178
110000137,107,407,-300
110000138,155,594,-439
110000139,172,844,-672
110000140,248,128,120
110000143,185,169,16
110000144,1596,375,1221
110000145,506,266,240
110000146,990,268,722
110000147,72,375,-303
110000148,51,92,-41
110000151,369,210,159
110000152,299,119,180
110000153,36,38,-2
110000154,21,4,17
110000155,705,742,-37
110000156,322,521,-199
110000157,949,617,332
110000160,151,251,-100
110000161,52,333,-281
110000166,34,61,-27
110000167,165,182,-17
110000168,201,106,95
110000169,83,95,-12
110000170,41,53,-12
110000171,96,85,11
110000172,35,522,-487
110000173,455,591,-136
110000174,28,886,-858
110000175,41,16,25
110000176,10,55,-45
110000177,32,301,-269
110000178,433,232,201
110000179,683,156,527
110000180,20,196,-176
110000181,136,216,-80
110000182,153,172,-19
110000183,6534,1497,5037
110000184,213,631,-418
110000185,317,399,-82
110000186,302,255,47
110000191,88,303,-215
110000192,50,1,49
110000193,77,0,77
110000194,6,854,-848
110000195,74,214,-140
110000196,46,374,-328
110000197,5,136,-131
110000198,24,48,-24
110000199,30,109,-79
110000200,716,428,288
110000201,156,248,-92
110000202,249,196,53
110000203,197,554,-357
110000204,1,225,-224
110000205,12,50,-38
110000206,237,1079,-842
110000207,113,153,-40
110000208,26,75,-49
110000209,32,563,-531
110000210,0,0,0
110000211,0,0,0
110000212,61,386,-325
110000213,8,30,-22
110000214,21,53,-32
110000215,27,487,-460
110000216,12,455,-443
110000217,45,106,-61
110000218,22,347,-325
110000219,50,17,33
110000220,12,345,-333
110000221,43,24,19
110000222,10,221,-211
110000223,2,15,-13
110000224,7,2,5
110000225,63,317,-254
110000226,9,6,3
110000227,148,133,15
110000228,29,4,25
110000229,0,157,-157
110000230,153,464,-311
110000231,49,65,-16
110000232,59,134,-75
110000233,24,112,-88
110000234,181,195,-14
110000235,397,400,-3
110000236,107,621,-514
110000237,387,534,-147
110000238,237,554,-317
110000239,420,723,-303
110000240,1,60,-59
110000242,0,29,-29
110000243,24,182,-158
110000244,53,165,-112
110000245,26,244,-218
110000246,151,402,-251
110000247,679,2132,-1453
110000248,809,692,117
110000249,22,0,22
110000250,5,132,-127
110000251,33,292,-259
110000252,38,213,-175
110000253,276,147,129
110000254,243,986,-743
110000255,78,891,-813
110000256,151,58,93
110000257,88,161,-73
110000258,6,273,-267
110000259,19,8,11
110000260,8,269,-261
110000263,215,81,134
110000264,70,403,-333
110000265,434,530,-96
110000266,587,850,-263
110000267,11,140,-129
110000268,25,239,-214
110000269,1,68,-67
110000270,0,0,0
110000271,696,134,562
110000272,252,430,-178
110000273,790,639,151
110000274,103,408,-305
110000275,1850,248,1602
110000276,42,113,-71
110000277,35,181,-146
110000278,101,568,-467
110000279,91,305,-214
110000280,51,219,-168
110000281,3,98,-95
110000282,12,22,-10
110000283,8,11,-3
110000284,8,6,2
110000285,0,112,-112
110000286,0,0,0
110000287,4,0,4
110000288,0,61,-61
110000289,172,519,-347
110000290,864,338,526
110000291,3597,713,2884
110000292,645,1087,-442
110000293,102,679,-577
110000294,178,305,-127
110000295,25,540,-515
110000296,72,175,-103
110000297,918,183,735
110000298,154,304,-150
110000299,167,7,160
110000301,46,4,42
110000302,61,993,-932
110000303,36,0,36
110000304,34,142,-108
110000305,110,5,105
110000306,44,1635,-1591
110000307,268,4,264
110000308,63,16,47
110000309,2,1086,-1084
110000310,95,30,65
110000311,4,621,-617
110000312,137,15,122
110000313,1032,794,238
110000314,1,146,-145
110000315,1154,828,326
110000316,264,612,-348
110000317,284,202,82
110000318,2,71,-69
110000319,6,4,2
110000320,15,46,-31
110000321,10,19,-9
110000322,54,325,-271
110000323,72,259,-187
110000324,3300,675,2625
110000325,228,572,-344
110000327,78,79,-1
110000328,76,357,-281
110000333,97,102,-5
110000334,157,864,-707
110000335,199,302,-103
110000336,118,970,-852
110000337,124,222,-98
110000338,23,194,-171
110000339,54,152,-98
110000340,7,117,-110
110000341,49,352,-303
110000342,36,1,35
110000343,1,13,-12
110000344,7,102,-95
110000345,12,57,-45
110000346,1133,649,484
110000347,483,303,180
110000348,1,14,-13
110000349,0,7,-7
110000350,0,1,-1
110000351,116,470,-354
110000352,111,853,-742
110000353,1439,407,1032
110000354,324,881,-557
110000355,27,55,-28
110000356,0,0,0
110000357,110,6,104
110000361,5,58,-53
110000362,8,59,-51
110000363,82,75,7
110000364,32,189,-157
110000365,25,2,23
110000366,0,50,-50
110000367,128,149,-21
110000368,0,39,-39
110000369,10,0,10
110000373,4,220,-216
110000374,5,1,4
110000375,24,451,-427
110000376,32,90,-58
110000377,0,0,0
110000378,17,178,-161
110000379,1908,560,1348
110000380,2,7,-5
110000383,1,233,-232
110000384,234,45,189
110000385,0,151,-151
110000387,0,3,-3
110000388,8,156,-148
110000389,46,5,41
110000391,8,248,-240
110000396,18,99,-81
110000397,10,136,-126
110000398,3,13,-10
110000399,0,1,-1
110000587,26,16,10
110000589,29,68,-39
110000640,56,89,-33
110000652,0,54,-54
110000653,56,346,-290
110000654,0,11,-11
110000656,0,316,-316
110000674,4,7,-3
110000675,0,13,-13
110000676,0,23,-23
110000679,571,148,423
110000682,29,20,9
110000683,228,265,-37
110000684,1,40,-39
110000685,0,0,0
110000686,0,12,-12
110000687,0,0,0
110000688,17,153,-136
110000689,4,30,-26
110000692,39,193,-154
110000693,25,90,-65
110000694,0,68,-68
110000695,37,507,-470
110000696,111,80,31
110900001,21,5,16
110900002,8,160,-152
110900003,64,795,-731
110900004,61,237,-176
110900005,2493,343,2150
110900006,14,7,7
110900007,6,5,1
110900008,1,20,-19
110900009,39,7,32
110900010,2,43,-41
110900011,0,44,-44
110900012,3,90,-87
110900013,231,73,158
110900014,18,1,17
110900015,359,58,301
110900016,0,108,-108
110900017,43,16,27
110900018,51,10,41
110900019,15,6,9
110900020,6,341,-335
110900021,27,461,-434
110900022,38,273,-235
110900023,46,332,-286
110900024,19,397,-378
110900025,0,55,-55
110900027,12,177,-165
110900028,16,124,-108
110900029,19,370,-351
110900030,12,206,-194
110900031,0,132,-132
110900032,0,85,-85
110900033,5,161,-156
110900035,23,236,-213
110900036,17,12,5
110900037,6,18,-12
110900038,710,107,603
110900039,1,153,-152
110900040,40,8,32
110900041,2,121,-119
110900042,29,39,-10
110900043,2,138,-136
110900044,171,17,154
110900045,26,509,-483
110900046,98,163,-65
110900047,432,31,401
110900049,3,11,-8
110900050,7,2,5
110900051,22,92,-70
110900052,3,153,-150
110900053,13,35,-22
110900054,12,216,-204
110900055,16,0,16
110900056,18,75,-57
110900057,3,192,-189
110900058,29,242,-213
110900059,210,625,-415
110900060,58,33,25
110900061,14,12,2
110900062,28,334,-306
110900063,7,52,-45
110900064,1,0,1
110900065,209,46,163
110900066,3,42,-39
110900067,542,231,311
110900068,95,147,-52
110900069,0,20,-20
110900070,49,35,14
110900071,198,65,133
110900073,0,10,-10
110900074,53,30,23
110900075,67,39,28
110900077,60,198,-138
110900078,0,83,-83
110900079,1070,138,932
110900080,9,17,-8
110900081,0,76,-76
110900082,3,116,-113
110900083,32,7,25
110900084,3,140,-137
110900085,15,237,-222
110900086,20,44,-24
110900087,70,53,17
110900088,4,0,4
110900090,7,7,0
110900091,1,47,-46
110900093,51,12,39
110900095,7,32,-25
110900097,1,5,-4
110900098,3,41,-38
110900099,34,354,-320
110900100,0,9,-9
110900102,3,11,-8
110900105,480,217,263
110900108,2,62,-60
110900111,121,40,81
110900112,92,3,89
110900113,272,10,262
110900115,1,63,-62
110900116,83,1810,-1727
110900118,99,293,-194
110900119,4057,115,3942
110900120,1,61,-60
110900121,9,0,9
110900122,48,63,-15
110900125,48,86,-38
110900127,228,195,33
110900128,72,60,12
110900129,130,88,42
110900130,476,106,370
110900131,10,35,-25
110900132,54,9,45
110900133,11,196,-185
110900135,39,351,-312
110900136,61,8,53
110900137,8,0,8
110900138,122,300,-178
110900139,1,13,-12
110900140,10,1,9
110900141,6,33,-27
110900142,22,143,-121
110900143,23,22,1
110900144,2,361,-359
110900145,27,4,23
110900146,148,13,135
110900147,82,115,-33
110900148,0,188,-188
110900149,0,56,-56
110900150,15,17,-2
110900151,1,49,-48
110900152,4,296,-292
110900153,22,3,19
111000001,167,180,-13
111000002,252,414,-162
111000003,139,105,34
111000004,238,696,-458
111000005,227,266,-39
111000006,468,756,-288
111000007,1300,535,765
111000008,2067,1424,643
111000009,144,518,-374
111000010,183,59,124
111000011,334,520,-186
111000012,244,130,114
111000013,139,661,-522
111000014,254,164,90
111000017,58,200,-142
111000018,86,191,-105
111000020,1599,914,685
111000021,39,42,-3
111000023,17,35,-18
111000025,4373,770,3603
111000029,20,71,-51
111000030,17,36,-19
111000031,1013,227,786
111000032,199,110,89
111000033,74,34,40
111000034,183,119,64
111000037,1578,553,1025
111000038,920,998,-78
111000039,451,1272,-821
111000040,549,1192,-643
111000041,604,548,56
111000042,4117,1255,2862
111000043,309,195,114
111000044,203,47,156
111000045,415,432,-17
111000046,209,334,-125
111000047,482,525,-43
111000049,133,271,-138
111000050,1010,1076,-66
111000051,133,641,-508
111000052,277,749,-472
111000053,137,566,-429
111000054,154,614,-460
111000055,570,1409,-839
111000056,31,506,-475
111000057,11,546,-535
111000058,12,54,-42
111000059,40,87,-47
111000060,180,122,58
111000061,115,153,-38
111000062,75,113,-38
111000063,259,310,-51
111000064,110,191,-81
111000065,188,255,-67
111000066,25,73,-48
111000067,104,337,-233
111000068,129,288,-159
111000069,892,1037,-145
111000070,1604,846,758
111000071,166,526,-360
111000072,59,25,34
111000073,1,33,-32
111000074,199,166,33
111000075,81,130,-49
111000076,32,197,-165
111000077,420,440,-20
111000078,745,588,157
111000079,502,357,145
111000080,145,317,-172
111000081,1245,1116,129
111000082,255,396,-141
111000084,248,257,-9
111000085,292,743,-451
111000086,1051,510,541
111000087,317,397,-80
111000088,1922,568,1354
111000089,171,412,-241
111000090,670,600,70
111000091,202,482,-280
111000092,356,830,-474
111000093,96,371,-275
111000094,321,482,-161
111000095,157,709,-552
111000096,1657,2587,-930
111000097,4208,589,3619
111000098,156,910,-754
111000099,124,1740,-1616
111000100,85,1642,-1557
111000101,164,578,-414
111000102,19,625,-606
111000104,20,52,-32
111000107,9,477,-468
111000109,15,36,-21
111000110,154,131,23
111000111,238,102,136
111000112,233,53,180
111000113,183,109,74
111000114,368,291,77
111000115,4627,410,4217
111000116,306,326,-20
111000117,170,344,-174
111000118,674,560,114
111000119,321,890,-569
111000120,147,286,-139
111000121,45,260,-215
111000122,210,640,-430
111000123,249,2143,-1894
111000124,144,2621,-2477
111000125,52,1448,-1396
111000126,23,690,-667
111000127,49,8,41
111000128,58,16,42
111000129,153,35,118
111000130,159,259,-100
111000131,147,214,-67
111000132,67,58,9
111000133,70,54,16
111000134,43,54,-11
111000135,12,40,-28
111000136,51,87,-36
111000138,4,2,2
111000140,2,1,1
111000141,17,129,-112
111000142,1,90,-89
111000143,2,64,-62
111000144,2,69,-67
111000145,0,0,0
111000146,0,0,0
111000147,0,0,0
111000148,13,72,-59
111000149,3,17,-14
111000150,2,0,2
111000151,2,12,-10
111000153,229,159,70
111000154,270,113,157
111000155,14,78,-64
111000156,112,51,61
111000157,43,92,-49
111000158,302,126,176
111000159,936,196,740
111000160,63,204,-141
111000161,2,96,-94
111000162,2,90,-88
111000163,101,391,-290
111000164,435,851,-416
111000165,603,204,399
111000166,462,125,337
111000167,64,255,-191
111000168,64,150,-86
111000169,64,145,-81
111000170,129,119,10
111000171,212,566,-354
111000172,34,329,-295
111000173,82,807,-725
111000174,34,305,-271
111000175,23,154,-131
111000176,38,121,-83
111000177,38,210,-172
111000178,125,259,-134
111000179,15,131,-116
111000180,55,140,-85
111000181,154,125,29
111000182,24,66,-42
111000183,30,59,-29
111000184,64,53,11
111000185,118,287,-169
111000186,34,209,-175
111000187,16,154,-138
111000188,45,205,-160
111000189,992,371,621
111000190,128,335,-207
111000191,50,293,-243
111000192,65,487,-422
111000193,195,246,-51
111000194,13,295,-282
111000195,20,258,-238
111000196,16,188,-172
111000197,35,45,-10
111000198,41,25,16
111000199,11,43,-32
111000200,15,75,-60
111000201,80,68,12
111000202,33,76,-43
111000203,46,41,5
111000204,51,81,-30
111000213,38,191,-153
111000214,428,795,-367
111000215,401,748,-347
111000217,326,385,-59
111000218,258,412,-154
111000219,147,126,21
111000220,1571,266,1305
111000221,226,59,167
111000224,87,198,-111
111000225,46,95,-49
111000226,4,0,4
111000227,1,0,1
111000228,8,116,-108
111000229,12,138,-126
111000230,49,248,-199
111000231,77,836,-759
111000232,69,493,-424
111000233,86,400,-314
111000234,16,82,-66
111000239,103,155,-52
111000240,5,7,-2
111000241,5,313,-308
111000242,4,7,-3
111000243,18,615,-597
111000244,10,18,-8
111000245,126,283,-157
111000246,24,329,-305
111000247,64,879,-815
111000248,82,193,-111
111000249,193,626,-433
111000250,26,88,-62
111000251,5,93,-88
111000253,0,0,0
111000255,0,0,0
111000257,0,0,0
111000260,14,880,-866
111000261,148,11,137
111000271,5,213,-208
111000273,3753,437,3316
111000274,457,794,-337
111000275,28,15,13
111000276,112,1492,-1380
111000277,72,417,-345
111000278,155,74,81
111000291,87,725,-638
111000298,158,156,2
111000299,87,4,83
111000300,24,369,-345
111000302,64,58,6
111000303,38,142,-104
111000312,10,38,-28
111000315,9,134,-125
111000320,107,380,-273
111000321,107,15,92
111000322,53,263,-210
111000323,31,4,27
111000324,85,141,-56
111000325,2,32,-30
111000326,33,222,-189
111000327,93,253,-160
111000328,52,161,-109
111000329,1,15,-14
111000330,6,1,5
111000331,2,0,2
111000332,178,665,-487
111000334,175,1146,-971
111000335,78,52,26
111000337,95,305,-210
111000338,9,90,-81
111000339,43,579,-536
111000340,19,563,-544
111000341,227,66,161
111000342,13,129,-116
111000344,276,324,-48
111000345,12,1,11
111000346,3,49,-46
111000347,11,2,9
111000350,48,38,10
111000351,19,159,-140
111000352,27,37,-10
111000353,17,192,-175
111000354,45,19,26
111000355,68,369,-301
111000358,32,1221,-1189
111000360,33,656,-623
111000361,11,276,-265
111000546,53,407,-354
111000547,33,323,-290
111000548,42,115,-73
111000549,25,193,-168
111000550,21,108,-87
111000551,255,34,221
111000552,16,7,9
111000907,25,5,20
111000908,0,0,0
111000916,145,115,30
111000917,13,167,-154
111000918,31,721,-690
111000920,50,0,50
111000921,3,349,-346
111000922,60,234,-174
111000924,2,752,-750
111000925,488,519,-31
111000926,410,1874,-1464
111000927,1594,982,612
111000928,4943,2067,2876
111000929,203,358,-155
111000930,276,1445,-1169
111000931,477,589,-112
111000932,1916,1315,601
111000933,1136,539,597
111000934,1117,1452,-335
111000935,205,459,-254
111000936,273,1295,-1022
111000937,269,409,-140
111000938,768,1445,-677
111000939,8,0,8
111000940,71,175,-104
111000941,59,308,-249
111000943,54,113,-59
111000944,21,395,-374
111000945,1,1213,-1212
111001109,43,22,21
111001110,50,466,-416
111001111,3,3,0
111001112,25,0,25
111001113,18,66,-48
111001114,221,29,192
111001115,51,187,-136
111001116,1701,221,1480
111001117,452,303,149
111001120,32,160,-128
111001121,44,238,-194
111001122,87,546,-459
111001123,8,31,-23
111001124,18,339,-321
111001125,0,5,-5
111900001,0,111,-111
111900002,3,558,-555
111900003,0,288,-288
111900004,11,101,-90
111900006,2,4,-2
111900007,6,0,6
111900008,8,1,7
111900009,6,127,-121
111900010,82,415,-333
111900012,78,47,31
111900013,7,33,-26
111900014,5138,543,4595
111900015,0,60,-60
111900016,1,103,-102
111900017,1,85,-84
111900018,10,0,10
111900019,2,22,-20
111900020,2,15,-13
111900021,27,28,-1
111900022,5,23,-18
111900023,71,24,47
111900024,1,80,-79
111900025,0,45,-45
111900026,0,29,-29
111900027,1,80,-79
111900028,2,303,-301
111900029,1,47,-46
111900030,29,217,-188
111900031,0,27,-27
111900032,4,376,-372
111900033,0,72,-72
111900034,33,297,-264
111900035,3,120,-117
111900036,1,295,-294
111900038,107,249,-142
111900039,13,184,-171
111900040,2,552,-550
111900042,25,26,-1
111900043,1,362,-361
111900044,52,118,-66
111900046,24,163,-139
111900048,18,651,-633
111900049,11,305,-294
111900050,19,3,16
111900051,1,151,-150
111900052,256,481,-225
111900053,749,116,633
111900054,23,0,23
111900055,9,556,-547
111900056,45,49,-4
111900057,34,1,33
111900058,24,559,-535
111900059,822,56,766
111900060,37,2,35
111900061,4,202,-198
111900062,6,2,4
111900063,24,116,-92
111900064,61,163,-102
111900065,1,2,-1
111900066,7,35,-28
111900067,0,187,-187
111900068,12,12,0
111900069,6,2,4
111900070,12,83,-71
111900071,0,215,-215
111900072,21,1,20
111900073,81,10,71
111900074,2,132,-130
111900075,17,1,16
111900076,11,5,6
111900077,3,1,2
111900078,24,3,21
111900079,2,2,0
111900080,59,17,42
111900082,8,1,7
111900083,9,1,8
111900084,2,1,1
111900085,5,6,-1
111900086,3,2,1
111900087,10,0,10
111900088,36,1,35
111900089,9,0,9
111900090,30,11,19
111900091,9,0,9
111900092,6,0,6
111900093,17,1,16
111900094,12,0,12
111900095,43,2,41
111900096,13,0,13
111900097,9,0,9
111900098,18,2,16
111900099,4,0,4
111900100,4,1,3
111900101,7,0,7
111900102,36,585,-549
111900103,12,9,3
111900104,13,19,-6
111900105,46,38,8
111900106,1047,17,1030
111900110,2589,42,2547
111900111,10,133,-123
111900112,481,235,246
111900113,140,32,108
111900118,31,3,28
111900119,32,7,25
111900122,11,5,6
111900123,2,5,-3
111900124,13,61,-48
111900125,32,2,30
111900126,7,0,7
111900127,0,282,-282
111900128,5,353,-348
111900129,12,4,8
111900130,18,3,15
111900131,29,0,29
111900132,8,666,-658
111900133,0,139,-139
111900134,12,235,-223
111900135,1,3,-2
111900136,25,26,-1
111900137,18,25,-7
111900138,1,32,-31
111900139,19,87,-68
111900140,11,15,-4
111900141,4,5,-1
111900142,30,5,25
111900143,1,185,-184
111900144,1,126,-125
111900145,0,622,-622
111900146,2,313,-311
111900147,96,390,-294
111900148,7,660,-653
111900149,4,348,-344
111900150,1,157,-156
111900151,1,20,-19
111900152,42,22,20
111900153,704,51,653
111900154,13,31,-18
111900155,5,27,-22
111900156,2,9,-7
111900157,7,3,4
111900158,38,0,38
111900159,40,0,40
111900160,19,0,19
111900161,7,1,6
111900162,38,23,15
111900163,28,119,-91
111900164,11,3,8
111901113,13,152,-139
111901114,10,305,-295
111901115,0,0,0
111901116,3,0,3
111901117,1,2,-1
111901118,34,8,26
111901119,858,27,831
111901121,73,210,-137
111901122,1,407,-406
111901123,9,283,-274
111901124,29,0,29
111901125,31,21,10
111901127,658,81,577
111901128,3,77,-74
111901129,0,113,-113
111901130,1,190,-189
111901131,2,164,-162
111901132,11,2,9
111901133,3,4,-1
111901134,0,0,0
111901135,1,0,1
111901136,0,2,-2
111901137,0,5,-5
111901138,11,39,-28
111901139,2,22,-20
111901140,7,66,-59
111901141,1,112,-111
111901142,2,113,-111
111901143,1,50,-49
111901144,27,2,25
111901145,37,59,-22
111901146,49,0,49
111901147,133,7,126
111901148,0,1,-1
112000001,358,305,53
112000002,423,1326,-903
112000003,153,258,-105
112000004,226,994,-768
112000005,444,471,-27
112000006,625,1078,-453
112000007,416,425,-9
112000008,753,1483,-730
112000009,1801,1763,38
112000010,772,967,-195
112000011,812,1448,-636
112000012,2930,541,2389
112000013,4264,1727,2537
112000014,910,269,641
112000015,1261,867,394
112000016,957,387,570
112000017,507,556,-49
112000024,1042,276,766
112000026,2730,3130,-400
112000027,73,95,-22
112000028,929,1153,-224
112000029,94,168,-74
112000030,184,66,118
112000031,879,888,-9
112000032,597,23,574
112000033,1388,326,1062
112000034,224,19,205
112000035,30,150,-120
112000036,184,157,27
112000037,196,698,-502
112000038,208,427,-219
112000039,3,40,-37
112000040,40,236,-196
112000041,155,275,-120
112000042,391,155,236
112000050,76,272,-196
112000051,122,205,-83
112000054,846,1287,-441
112000057,332,157,175
112000058,234,248,-14
112000059,392,115,277
112000061,4543,828,3715
112000062,2746,228,2518
112000063,1213,325,888
112000064,3808,3722,86
112000065,1551,1849,-298
112000066,979,278,701
112000067,304,478,-174
112000068,415,270,145
112000069,203,1683,-1480
112000070,304,167,137
112000071,246,2255,-2009
112000072,260,298,-38
112000073,402,1179,-777
112000074,99,288,-189
112000075,172,307,-135
112000076,1474,1622,-148
112000077,116,458,-342
112000078,220,371,-151
112000079,442,900,-458
112000080,126,457,-331
112000081,491,982,-491
112000082,248,194,54
112000083,204,1004,-800
112000084,246,160,86
112000085,276,831,-555
112000086,297,555,-258
112000087,40,464,-424
112000088,68,394,-326
112000089,38,189,-151
112000090,54,230,-176
112000091,275,864,-589
112000092,291,317,-26
112000093,661,928,-267
112000094,131,282,-151
112000095,212,489,-277
112000096,109,267,-158
112000097,94,213,-119
112000098,312,1037,-725
112000099,123,119,4
112000100,217,371,-154
112000101,116,698,-582
112000102,131,196,-65
112000103,64,1039,-975
112000105,191,1231,-1040
112000106,218,179,39
112000107,2,31,-29
112000108,91,1009,-918
112000109,17,9,8
112000110,338,121,217
112000111,593,3615,-3022
112000112,895,158,737
112000113,660,1952,-1292
112000114,441,289,152
112000115,52,330,-278
112000116,103,610,-507
112000117,96,310,-214
112000118,294,672,-378
112000119,143,642,-499
112000120,22,257,-235
112000121,21,374,-353
112000122,36,58,-22
112000123,36,50,-14
112000124,29,29,0
112000125,11,62,-51
112000126,24,397,-373
112000127,1037,332,705
112000128,636,214,422
112000129,14,52,-38
112000130,17,20,-3
112000131,3,135,-132
112000132,16,218,-202
112000133,47,105,-58
112000134,103,269,-166
112000135,106,182,-76
112000136,251,864,-613
112000137,205,297,-92
112000138,323,954,-631
112000139,233,102,131
112000140,288,675,-387
112000141,146,119,27
112000142,46,632,-586
112000143,213,98,115
112000144,99,1252,-1153
112000145,469,307,162
112000146,320,1641,-1321
112000147,353,558,-205
112000148,571,1425,-854
112000149,50,214,-164
112000150,30,338,-308
112000151,74,209,-135
112000152,66,161,-95
112000153,47,92,-45
112000154,23,71,-48
112000155,58,25,33
112000157,185,134,51
112000158,46,284,-238
112000159,77,146,-69
112000167,60,6,54
112000169,97,168,-71
112000173,123,146,-23
112000175,49,185,-136
112000176,3498,1033,2465
112000177,84,64,20
112000178,23,246,-223
112000179,64,106,-42
112000180,85,125,-40
112000181,354,1149,-795
112000182,105,1225,-1120
112000183,16,48,-32
112000184,48,227,-179
112000185,88,361,-273
112000187,868,1081,-213
112000195,14,2,12
112000196,24,0,24
112000197,17,32,-15
112000198,13,271,-258
112000199,256,735,-479
112000202,0,1,-1
112000216,27,55,-28
112000230,3,1,2
112000231,1,259,-258
112000256,1,10,-9
112000313,68,133,-65
112000314,3,2,1
112000337,71,321,-250
112000352,55,64,-9
112000392,1161,575,586
112000398,286,267,19
112000399,446,405,41
112000400,953,2245,-1292
112000401,1014,1490,-476
112000402,421,647,-226
112000403,508,482,26
112000404,117,229,-112
112000405,395,777,-382
112000406,1528,1676,-148
112000407,1338,1920,-582
112000408,5048,3550,1498
112000409,695,2732,-2037
112000410,26,26,0
112000411,2877,160,2717
112000412,461,95,366
112000413,5127,530,4597
112000414,11,43,-32
112000415,16,12,4
112000416,382,443,-61
112000417,39,28,11
112000421,16,73,-57
112000422,64,257,-193
112000424,1058,478,580
112000425,193,726,-533
112000426,34,112,-78
112000427,0,3,-3
112000428,15,256,-241
112000429,623,1437,-814
112000430,600,1693,-1093
112000431,3,12,-9
112000432,232,1459,-1227
112000433,367,256,111
112000437,4,254,-250
112900001,2,2,0
112900002,37,878,-841
112900003,12,139,-127
112900004,1,259,-258
112900005,13,190,-177
112900006,5,319,-314
112900007,2,107,-105
112900008,0,5,-5
112900009,54,14,40
112900010,25,414,-389
112900011,158,109,49
112900012,1,37,-36
112900013,0,68,-68
112900014,1,171,-170
112900015,152,585,-433
112900016,1,148,-147
112900017,10,103,-93
112900018,0,314,-314
112900019,23,72,-49
112900020,354,1171,-817
112900021,1,199,-198
112900022,3,24,-21
112900023,3,155,-152
112900024,6,98,-92
112900025,19,81,-62
112900026,2,163,-161
112900027,2,902,-900
112900028,16,42,-26
112900029,0,308,-308
112900030,154,115,39
112900031,3,355,-352
112900032,33,132,-99
112900034,1,16,-15
112900035,1,337,-336
112900036,20,69,-49
112900037,58,21,37
112900038,62,70,-8
112900039,3,219,-216
112900040,0,202,-202
112900041,589,223,366
112900042,12,237,-225
112900043,2,27,-25
112900044,255,164,91
112900045,292,153,139
112900046,167,37,130
112900047,9,7,2
112900049,4,37,-33
112900050,63,522,-459
112900051,173,460,-287
112900052,6,739,-733
112900053,163,62,101
112900054,151,17,134
112900055,95,1,94
112900056,50,27,23
112900057,7,548,-541
112900058,101,19,82
112900059,21,77,-56
112900060,0,165,-165
112900061,8,92,-84
112900062,11,83,-72
112900063,14,0,14
112900064,65,28,37
112900065,1,3,-2
112900066,16,17,-1
112900067,275,44,231
112900068,5,5,0
112900069,1680,79,1601
112900071,3,1,2
112900072,81,219,-138
112900073,47,11,36
112900074,6,13,-7
112900075,1368,94,1274
112900076,16,3,13
112900078,26,52,-26
112900079,17,0,17
112900080,1,0,1
112900081,13,18,-5
112900082,59,7,52
112900083,11,9,2
112900084,31,6,25
112900086,3,0,3
112900087,125,11,114
112900088,4,0,4
112900089,153,2,151
112900090,1,0,1
112900091,9,0,9
112900092,49,28,21
112900093,75,0,75
112900095,0,0,0
112900096,93,11,82
112900097,8,220,-212
112900098,1,0,1
112900099,68,3,65
112900100,4,0,4
112900101,20,0,20
112900102,8,0,8
112900103,7,0,7
112900104,7,0,7
112900105,2,0,2
112900106,66,39,27
112900107,0,1,-1
112900108,0,0,0
112900109,9,0,9
112900110,83,1,82
112900111,85,0,85
112900112,32,0,32
112900113,0,13,-13
112900114,5,20,-15
112900115,95,0,95
112900116,6,16,-10
112900117,51,68,-17
112900118,1,32,-31
112900119,3,0,3
112900120,381,70,311
112900121,61,62,-1
112900122,3,74,-71
112900123,42,2,40
112900124,0,74,-74
112900125,19,105,-86
112900126,38,165,-127
112900127,55,7,48
112900128,205,356,-151
112900129,3,719,-716
112900130,48,18,30
112900131,24,148,-124
112900132,23,311,-288
112900133,9,912,-903
112900134,1,224,-223
112900135,26,6,20
112900137,4,628,-624
112900138,3,358,-355
112900139,105,798,-693
112900141,70,12,58
112900142,30,8,22
112900143,11,354,-343
112900144,2,253,-251
112900145,21,305,-284
112900146,5,816,-811
112900147,5,1727,-1722
112900148,3,0,3
112900149,73,290,-217
112900151,21,22,-1
112900152,3178,590,2588
112900153,455,168,287
112900154,1,42,-41
112900155,6,1,5
112900156,17,1294,-1277
112900157,15,117,-102
112900158,0,3,-3
112900159,28,13,15
112900160,9,170,-161
112900161,8,12,-4
112900162,6,2,4
112900163,18,4,14
112900164,10,10,0
112900165,15,11,4
112900166,13,28,-15
112900167,2,9,-7
112900168,0,1,-1
112900169,5,2,3
112900170,13,23,-10
112900172,44,5,39
112900173,101,35,66
112900174,54,8,46
112900175,48,10,38
112900176,4,5,-1
112900177,20,8,12
112900178,87,185,-98
112900179,17,461,-444
112900180,189,1646,-1457
112900181,60,29,31
112900182,16,1036,-1020
112900183,42,65,-23
112900184,140,149,-9
112900185,86,165,-79
112900186,842,209,633
112900187,15,54,-39
112900188,431,142,289
112900189,0,13,-13
112900190,0,46,-46
112900192,111,82,29
112900193,328,87,241
112900194,8,110,-102
112900195,60,11,49
112900196,136,505,-369
112900197,26,255,-229
112900199,41,266,-225
112900200,41,117,-76
112900201,31,17,14
112900202,27,504,-477
112900203,13,97,-84
112900204,295,96,199
112900205,0,3,-3
112900206,0,31,-31
112900207,0,1,-1
112900208,26,20,6
112900209,110,225,-115
112900210,0,7,-7
112900211,10,10,0
112900212,0,58,-58
112900213,1,1,0
112900214,3,4,-1
112900215,2,153,-151
112900216,8,15,-7
112900217,0,44,-44
112900218,0,9,-9
112900219,1,12,-11
112900220,0,0,0
112900221,4,64,-60
112900222,0,11,-11
112900223,185,4,181
112900224,30,501,-471
112900225,43,484,-441
112900226,97,51,46
112900227,35,1088,-1053
112900228,8,2,6
112900229,12,19,-7
112900230,5295,799,4496
112900232,83,64,19
112900233,3,149,-146
112900234,1,69,-68
112900235,7,0,7
112900236,10,8,2
112900237,8,257,-249
112900238,0,22,-22
112900239,229,163,66
112900240,1,12,-11
112900241,0,20,-20
112900242,1,24,-23
112900243,0,25,-25
112900244,0,18,-18
112900245,0,1,-1
112900246,0,0,0
112900247,7,1,6
112900248,1,0,1
112900249,4,2,2
112900250,1,1,0
112900251,0,0,0
112900252,0,2,-2
112900253,1,5,-4
112900254,0,0,0
112900255,0,3,-3
112900256,0,0,0
112900257,1,0,1
113000001,2271,2073,198
113000002,1317,1344,-27
113000003,1062,656,406
113000004,1009,746,263
113000005,433,488,-55
113000006,266,510,-244
113000007,586,625,-39
113000008,436,749,-313
113000009,216,457,-241
113000010,242,690,-448
113000011,278,1161,-883
113000012,264,207,57
113000013,235,185,50
113000014,622,517,105
113000015,95,73,22
113000016,104,129,-25
113000017,9,154,-145
113000018,32,18,14
113000019,2,130,-128
113000020,5,0,5
113000021,103,363,-260
113000022,112,887,-775
113000025,20,149,-129
113000026,30,176,-146
113000027,108,154,-46
113000028,344,211,133
113000029,430,226,204
113000030,506,395,111
113000031,364,150,214
113000032,109,76,33
113000033,222,196,26
113000034,394,195,199
113000035,14,16,-2
113000036,5,16,-11
113000037,20,24,-4
113000038,7,17,-10
113000039,66,192,-126
113000040,48,49,-1
113000042,266,141,125
113000051,232,610,-378
113000052,1198,600,598
113000053,87,416,-329
113000054,80,262,-182
113000055,270,464,-194
113000056,323,1093,-770
113000058,395,569,-174
113000059,301,287,14
113000060,24,362,-338
113000061,377,669,-292
113000062,619,84,535
113000063,28,141,-113
113000064,4,184,-180
113000065,60,784,-724
113000066,53,63,-10
113000067,365,552,-187
113000068,80,1212,-1132
113000069,122,859,-737
113000070,257,360,-103
113000071,89,469,-380
113000072,130,194,-64
113000073,369,821,-452
113000074,475,135,340
113000075,846,154,692
113000076,837,813,24
113000077,581,148,433
113000078,369,785,-416
113000079,509,276,233
113000080,329,199,130
113000081,307,304,3
113000082,607,461,146
113000083,129,263,-134
113000084,620,654,-34
113000085,175,266,-91
113000086,385,507,-122
113000087,349,348,1
113000088,1023,633,390
113000089,295,658,-363
113000090,45,116,-71
113000091,591,101,490
113000094,177,38,139
113000095,97,694,-597
113000096,81,539,-458
113000097,141,94,47
113000098,33,34,-1
113000099,616,83,533
113000100,77,234,-157
113000101,172,268,-96
113000102,84,85,-1
113000103,1043,342,701
113000104,116,978,-862
113000105,123,202,-79
113000106,109,325,-216
113000107,198,430,-232
113000108,509,898,-389
113000109,185,926,-741
113000110,617,106,511
113000111,39,204,-165
113000112,71,105,-34
113000113,1138,118,1020
113000114,227,386,-159
113000116,292,109,183
113000117,364,101,263
113000118,39,119,-80
113000119,68,215,-147
113000120,9,119,-110
113000121,206,508,-302
113000124,40,52,-12
113000125,11,171,-160
113000127,2567,304,2263
113000128,205,242,-37
113000129,531,520,11
113000133,2478,389,2089
113000134,5,242,-237
113000135,859,628,231
113000137,889,353,536
113000139,239,50,189
113000140,168,146,22
113000141,190,28,162
113000142,394,416,-22
113000143,101,63,38
113000144,193,289,-96
113000145,43,84,-41
113000146,35,33,2
113000147,39,55,-16
113000148,31,103,-72
113000149,37,92,-55
113000150,244,214,30
113000151,84,28,56
113000152,28,107,-79
113000153,963,260,703
113000154,299,460,-161
113000155,155,145,10
113000156,83,232,-149
113000157,203,398,-195
113000158,299,110,189
113000159,424,234,190
113000160,276,740,-464
113000161,103,556,-453
113000162,280,163,117
113000163,18,26,-8
113000164,12,73,-61
113000166,19,12,7
113000167,39,159,-120
113000168,23,182,-159
113000169,21,3,18
113000170,26,13,13
113000171,43,72,-29
113000172,71,12,59
113000173,11,3,8
113000174,53,449,-396
113000175,90,17,73
113000176,74,25,49
113000177,47,349,-302
113000178,56,350,-294
113000179,11,11,0
113000180,224,615,-391
113000181,288,610,-322
113000182,113,101,12
113000183,89,307,-218
113000184,20,58,-38
113000189,217,283,-66
113000190,1186,177,1009
113000192,1230,597,633
113000193,1707,438,1269
113000194,608,568,40
113000195,570,187,383
113000196,34,39,-5
113000197,269,311,-42
113000198,19,133,-114
113000199,184,204,-20
113000201,54,73,-19
113000202,1641,311,1330
113000203,37,11,26
113000204,517,608,-91
113000205,4,15,-11
113000206,2,16,-14
113000207,18,4,14
113000208,32,26,6
113000209,8,15,-7
113000210,2,17,-15
113000211,188,108,80
113000212,199,14,185
113000213,6,69,-63
113000214,20,103,-83
113000234,60,1043,-983
113000410,16,36,-20
113000411,1317,1924,-607
113000412,6916,950,5966
113000413,3350,1138,2212
113000414,7645,3456,4189
113000415,1553,1114,439
113000416,6212,1485,4727
113000417,1824,1223,601
113000418,1462,1200,262
113000419,806,760,46
113000420,2309,1180,1129
113000421,1513,1321,192
113000422,12152,2450,9702
113000423,2130,1489,641
113000424,3042,2393,649
113000425,8,50,-42
113000428,16,6,10
113000430,10,13,-3
113000432,221,11,210
113000433,63,646,-583
113000434,14,375,-361
113000435,8,712,-704
113000436,54,984,-930
113000437,24,0,24
113000438,32,1,31
113000439,8,134,-126
113000440,12,25,-13
113000441,28,130,-102
113000442,34,255,-221
113000443,18,108,-90
113000444,41,286,-245
113000445,17,59,-42
113000446,22,92,-70
113000448,138,60,78
113000449,128,152,-24
113000450,218,302,-84
113000451,868,51,817
113000452,104,99,5
113000453,127,105,22
113000454,142,13,129
113000455,49,88,-39
113000456,1931,907,1024
113000468,1650,176,1474
113000469,103,19,84
113000470,261,37,224
113000471,5,131,-126
113000472,31,152,-121
113000474,90,424,-334
113000475,595,883,-288
113000476,299,1088,-789
113000477,645,1260,-615
113000478,1395,3012,-1617
113000479,4,151,-147
113000483,0,1,-1
113000484,0,0,0
113000485,0,0,0
113000486,0,0,0
113000487,0,0,0
113000488,0,0,0
113000489,0,0,0
113000490,0,0,0
113000491,0,0,0
113000492,0,0,0
113000493,0,0,0
113000495,133,207,-74
113000496,36,45,-9
113000497,0,0,0
113000499,0,0,0
113900001,0,13,-13
113900002,0,24,-24
113900003,0,10,-10
113900004,0,3,-3
113900005,0,2,-2
113900006,0,7,-7
113900007,1,1,0
113900008,1,0,1
113900009,1,0,1
113900010,6,0,6
113900011,2,0,2
113900012,0,0,0
113900013,23,2,21
113900014,156,0,156
113900015,0,19,-19
113900016,8,0,8
113900017,2,20,-18
113900018,208,24,184
113900019,15,23,-8
113900020,9,0,9
113900022,0,0,0
113900023,6,0,6
113900024,18,39,-21
113900025,148,13,135
113900026,16,0,16
113900027,2,20,-18
113900028,6,184,-178
113900029,2,161,-159
113900030,23,0,23
113900031,0,0,0
113900032,3,0,3
113900033,29,48,-19
113900035,17,0,17
113900036,13,25,-12
113900037,6,275,-269
113900038,65,15,50
113900039,16,0,16
113900040,4,2,2
113900041,0,4,-4
113900042,12,14,-2
113900043,83,42,41
113900044,36,9,27
113900045,22,0,22
113900046,278,476,-198
113900047,2,47,-45
113900048,224,28,196
113900049,588,32,556
113900050,76,257,-181
113900051,43,204,-161
113900052,51,46,5
113900053,120,24,96
113900054,2,2,0
113900055,28,461,-433
113900056,11,57,-46
113900057,6,62,-56
113900058,17,142,-125
113900059,23,238,-215
113900060,57,170,-113
113900061,388,12,376
113900062,15,6,9
113900063,4,52,-48
113900064,5,103,-98
113900065,71,14,57
113900066,40,275,-235
113900067,6,208,-202
113900068,107,112,-5
113900069,46,4,42
113900070,63,374,-311
113900071,11,39,-28
113900072,13,122,-109
113900073,69,284,-215
113900074,5,265,-260
113900075,309,229,80
113900076,20,8,12
113900077,7,221,-214
113900078,11,29,-18
113900079,0,16,-16
113900080,145,32,113
113900081,14,158,-144
113900082,26,147,-121
113900083,28,392,-364
113900084,45,20,25
113900085,6,286,-280
113900086,2,8,-6
113900087,4,112,-108
113900088,6,14,-8
113900089,118,6,112
113900090,144,108,36
113900091,4,12,-8
113900092,7,23,-16
113900093,26,186,-160
113900094,27,303,-276
113900095,20,27,-7
113900096,50,11,39
113900097,1,103,-102
113900098,79,17,62
113900099,0,44,-44
113900100,0,0,0
113900101,8,27,-19
113900102,18,31,-13
113900103,94,93,1
113900104,31,54,-23
113900105,3,300,-297
113900106,0,59,-59
113900107,1,13,-12
113900108,58,58,0
113900109,182,41,141
113900110,4,14,-10
113900111,24,67,-43
113900112,23,57,-34
113900113,178,168,10
113900114,1,55,-54
113900115,0,65,-65
113900116,13,42,-29
113900117,13,5,8
113900118,39,63,-24
113900119,175,76,99
113900120,14,8,6
113900121,17,30,-13
113900122,83,266,-183
113900123,98,58,40
113900124,0,72,-72
113900125,781,119,662
113900126,13,9,4
113900127,57,150,-93
113900128,29,23,6
113900129,5,27,-22
113900130,0,4,-4
113900131,12,25,-13
113900132,8,13,-5
113900133,12,14,-2
113900135,58,250,-192
113900136,45,47,-2
113900137,93,73,20
113900138,16,36,-20
113900139,292,33,259
113900140,252,56,196
113900141,41,251,-210
113900142,15,48,-33
113900143,4,6,-2
113900144,102,42,60
113900145,37,80,-43
113900146,19,22,-3
113900148,40,77,-37
113900149,29,15,14
113900150,1191,318,873
113900151,48,106,-58
113900152,11,32,-21
113900153,481,226,255
113900154,0,54,-54
113900155,142,28,114
113900156,122,391,-269
113900157,6,80,-74
113900158,226,56,170
113900159,0,51,-51
113900160,172,498,-326
113900161,5,68,-63
113900162,326,193,133
113900163,81,106,-25
113900164,34,7,27
113900165,439,294,145
113900166,105,40,65
113900167,61,32,29
113900168,47,67,-20
113900169,48,290,-242
113900171,19,4,15
113900172,3,137,-134
113900173,45,419,-374
113900174,95,664,-569
113900175,49,12,37
113900176,36,565,-529
113900177,102,97,5
113900178,35,20,15
113900179,6,445,-439
113900180,76,89,-13
113900181,111,24,87
113900182,91,513,-422
113900183,26,39,-13
113900184,3,391,-388
113900185,74,82,-8
113900186,9,16,-7
113900187,31,138,-107
113900188,8,69,-61
113900189,84,27,57
113900190,154,43,111
113900191,27,100,-73
113900192,0,146,-146
113900193,9,200,-191
113900194,1303,566,737
113900195,210,264,-54
113900196,1,84,-83
113900197,0,280,-280
113900198,13,58,-45
113900199,100,478,-378
113900200,4,139,-135
113900201,1,181,-180
113900202,16,159,-143
113900203,0,189,-189
113900204,9,510,-501
113900205,14,45,-31
113900206,2,47,-45
113900207,0,15,-15
113900208,0,28,-28
113900209,3,42,-39
113900210,229,140,89
113900211,22,3,19
113900212,25,404,-379
113900214,289,182,107
113900215,11,67,-56
113900216,2,794,-792
113900217,9,243,-234
113900218,13,9,4
113900219,43,326,-283
113900220,30,13,17
113900221,56,53,3
113900222,63,62,1
113900223,5,755,-750
113900224,66,26,40
113900225,316,95,221
113900226,85,49,36
113900227,133,51,82
113900228,184,132,52
113900229,12,201,-189
113900230,2522,393,2129
113900231,50,120,-70
113900232,10,59,-49
113900233,8,30,-22
113900234,44,90,-46
113900235,7,7,0
113900236,9,169,-160
113900237,3,0,3
113900238,72,177,-105
113900239,8,18,-10
113900240,2,32,-30
113900241,46,30,16
113900242,37,72,-35
113900243,41,221,-180
113900244,320,66,254
113900245,1005,90,915
113900246,4,7,-3
113900247,97,114,-17
113900248,2328,355,1973
113900249,457,56,401
113900250,18,28,-10
113900251,87,144,-57
113900252,142,5,137
113900253,137,4,133
113900254,69,15,54
113900255,57,9,48
113900256,45,14,31
113900257,33,546,-513
113900258,6,378,-372
113900259,79,153,-74
113900260,39,2,37
113900261,1,82,-81
113900262,30,523,-493
113900263,32,343,-311
113900264,2,450,-448
113900265,55,274,-219
113900266,7,226,-219
113900267,32,242,-210
113900268,89,120,-31
113900269,22,69,-47
113900270,64,122,-58
113900271,107,941,-834
113900273,8,0,8
113900274,10,1,9
113900275,2,21,-19
113900276,0,218,-218
113900277,11,0,11
113900278,116,108,8
113900279,44,81,-37
113900280,381,241,140
113900281,111,482,-371
113900282,423,112,311
113900283,83,185,-102
113900284,86,37,49
113900285,31,7,24
113900286,8,91,-83
113900287,11,52,-41
113900288,1,48,-47
113900289,947,24,923
113900290,279,16,263
113900291,117,147,-30
113900292,2,3,-1
113900293,0,123,-123
113900294,72,27,45
113900295,122,116,6
113900296,1534,174,1360
113900297,80,9,71
113900298,2,920,-918
113900299,3,105,-102
113900300,4163,882,3281
113900301,174,55,119
113900302,1069,238,831
113900303,269,49,220
113900304,0,128,-128
113900305,9,0,9
113900306,0,0,0
113900307,40,0,40
113900308,30,46,-16
113900309,2,601,-599
113900310,0,10,-10
113900311,0,0,0
113900312,10,42,-32
113900313,20,3,17
114000001,503,1732,-1229
114000002,53,289,-236
114000003,26,159,-133
114000004,87,328,-241
114000005,86,149,-63
114000006,1319,1168,151
114000007,229,810,-581
114000008,760,434,326
114000009,75,82,-7
114000011,1053,1652,-599
114000012,511,1533,-1022
114000013,351,1202,-851
114000014,170,210,-40
114000015,296,330,-34
114000016,159,272,-113
114000017,24,76,-52
114000018,196,46,150
114000026,214,948,-734
114000027,493,1037,-544
114000028,600,893,-293
114000038,51,101,-50
114000039,38,49,-11
114000040,55,98,-43
114000042,30,100,-70
114000043,6,137,-131
114000044,27,29,-2
114000045,12,102,-90
114000046,1023,2677,-1654
114000047,6,37,-31
114000048,12,20,-8
114000049,543,443,100
114000050,385,447,-62
114000051,1461,615,846
114000052,1135,403,732
114000053,8,164,-156
114000054,28,818,-790
114000055,82,10,72
114000056,309,213,96
114000057,5420,1333,4087
114000058,122,147,-25
114000059,84,83,1
114000060,142,396,-254
114000061,1375,321,1054
114000062,577,183,394
114000063,1636,862,774
114000064,4965,1230,3735
114000065,870,1054,-184
114000066,50,238,-188
114000067,4,86,-82
114000068,240,188,52
114000069,297,191,106
114000070,788,365,423
114000071,140,463,-323
114000072,49,277,-228
114000073,1,17,-16
114000074,4,10,-6
114000075,1,57,-56
114000076,2,59,-57
114000077,0,7,-7
114000078,41,937,-896
114000079,30,16,14
114000080,14,27,-13
114000081,0,1,-1
114000082,55,435,-380
114000083,3,195,-192
114000084,38,45,-7
114000085,26,572,-546
114000086,37,462,-425
114000087,22,242,-220
114000088,4,18,-14
114000089,788,210,578
114000090,79,77,2
114000091,389,162,227
114000092,265,112,153
114000093,264,311,-47
114000094,99,164,-65
114000095,31,14,17
114000096,21,401,-380
114000097,31,671,-640
114000098,52,7,45
114000099,68,877,-809
114000100,150,411,-261
114000101,134,1067,-933
114000102,42,76,-34
114000103,43,336,-293
114000104,4,156,-152
114000105,27,54,-27
114000106,440,167,273
114000107,35,92,-57
114000108,1344,738,606
114000109,25,54,-29
114000110,181,953,-772
114000111,92,67,25
114000112,115,1061,-946
114000113,100,67,33
114000114,507,911,-404
114000115,188,104,84
114000116,83,172,-89
114000117,229,87,142
114000118,225,82,143
114000119,205,69,136
114000120,240,613,-373
114000121,158,268,-110
114000122,156,146,10
114000123,130,69,61
114000124,28,84,-56
114000125,420,1074,-654
114000126,175,41,134
114000127,11,42,-31
114000128,61,127,-66
114000130,27,35,-8
114000131,16,11,5
114000132,246,512,-266
114000133,469,778,-309
114000134,19,115,-96
114000138,27,117,-90
114000139,78,99,-21
114000144,113,110,3
114000145,21,107,-86
114000146,44,218,-174
114000147,341,339,2
114000148,728,103,625
114000149,45,26,19
114000150,397,276,121
114000151,356,256,100
114000152,42,6,36
114000153,346,563,-217
114000154,393,315,78
114000155,393,524,-131
114000156,182,147,35
114000157,65,277,-212
114000158,1719,319,1400
114000159,105,196,-91
114000160,46,109,-63
114000161,381,285,96
114000162,202,177,25
114000163,3,130,-127
114000165,63,71,-8
114000166,161,39,122
114000167,2209,524,1685
114000168,358,358,0
114000169,344,164,180
114000170,182,132,50
114000171,136,231,-95
114000174,66,229,-163
114000176,211,200,11
114000177,1263,347,916
114000178,9,19,-10
114000179,275,51,224
114000180,111,302,-191
114000181,536,822,-286
114000182,2789,1126,1663
114000183,660,581,79
114000184,4241,1135,3106
114000185,133,124,9
114000189,29,9,20
114000190,252,48,204
114000191,9,11,-2
114000192,176,913,-737
114000193,661,2388,-1727
114000194,477,797,-320
114000195,11,3,8
114000196,5,218,-213
114000197,145,9,136
114000198,752,263,489
114000199,1062,516,546
114000200,257,1701,-1444
114000201,41,701,-660
114000202,390,476,-86
114000203,123,506,-383
114000204,43,268,-225
114000205,66,1018,-952
114000206,130,724,-594
114000207,286,1603,-1317
114000208,166,2117,-1951
114000209,312,2207,-1895
114000210,199,1208,-1009
114000211,278,750,-472
114000212,241,378,-137
114000213,373,277,96
114000214,29,148,-119
114000215,11,40,-29
114000216,78,20,58
114000217,8,192,-184
114000218,28,170,-142
114000219,176,155,21
114000220,0,823,-823
114000221,71,40,31
114000222,68,739,-671
114000223,79,9,70
114000224,59,476,-417
114000225,37,305,-268
114000226,20,217,-197
114000227,186,274,-88
114000228,164,470,-306
114000229,236,749,-513
114000230,434,846,-412
114000231,194,676,-482
114000232,123,56,67
114000233,332,47,285
114000234,227,570,-343
114000235,289,926,-637
114000236,0,481,-481
114000237,42,776,-734
114000238,13,52,-39
114000239,75,965,-890
114000240,237,363,-126
114000241,118,725,-607
114000242,501,614,-113
114000243,257,297,-40
114000244,49,45,4
114000245,152,527,-375
114000246,67,32,35
114000247,131,384,-253
114000248,176,200,-24
114000249,111,186,-75
114000250,34,267,-233
114000251,27,244,-217
114000252,31,97,-66
114000253,3,41,-38
114000254,4,73,-69
114000255,195,76,119
114000256,455,182,273
114000257,332,1570,-1238
114000258,28,308,-280
114000259,7,178,-171
114000260,0,11,-11
114000261,0,0,0
114000262,14,155,-141
114000263,0,0,0
114000264,100,451,-351
114000265,0,0,0
114000267,2,496,-494
114000268,4,1417,-1413
114000270,3,1,2
114000271,89,46,43
114000283,80,256,-176
114000285,41,239,-198
114000288,11,288,-277
114000289,321,108,213
114000293,27,221,-194
114000294,30,96,-66
114000395,79,7,72
114000396,75,113,-38
114000402,69,222,-153
114000403,96,332,-236
114000405,41,369,-328
114000423,16,386,-370
114000424,47,162,-115
114000425,91,493,-402
114000426,26,19,7
114000427,19,87,-68
114000428,113,40,73
114000429,7,98,-91
114000432,25,86,-61
114000434,18,70,-52
114000435,2,118,-116
114900001,102,912,-810
114900002,125,7,118
114900003,35,1240,-1205
114900004,36,24,12
114900005,83,565,-482
114900006,9,2,7
114900007,8,0,8
114900008,28,42,-14
114900010,1885,578,1307
114900011,13,26,-13
114900013,51,32,19
114900015,4,52,-48
114900018,195,13,182
114900020,13,14,-1
114900022,1,197,-196
114900024,15,65,-50
114900025,51,113,-62
114900026,29,23,6
114900027,30,114,-84
114900029,9,6,3
114900030,31,112,-81
114900031,12,10,2
114900032,17,14,3
114900033,704,112,592
114900034,41,254,-213
114900035,102,134,-32
114900036,58,870,-812
114900037,34,165,-131
114900038,66,974,-908
114900039,105,686,-581
114900040,19,112,-93
114900041,106,646,-540
114900042,164,755,-591
114900043,551,152,399
114900044,14,4,10
114900046,12,98,-86
114900047,47,451,-404
114900048,17,128,-111
114900049,7,131,-124
114900050,5,446,-441
114900051,11,374,-363
114900052,58,122,-64
114900053,24,128,-104
114900054,24,90,-66
114900057,24,0,24
114900058,0,70,-70
114900059,4,13,-9
114900060,614,175,439
114900061,38,205,-167
114900062,141,135,6
114900063,31,143,-112
114900064,153,511,-358
114900065,83,423,-340
114900067,2,190,-188
114900068,49,124,-75
114900069,112,136,-24
114900070,74,346,-272
114900072,5,155,-150
114900073,1,108,-107
114900074,27,490,-463
114900075,16,0,16
114900076,1,239,-238
114900080,1752,170,1582
114900082,1680,569,1111
114900083,93,293,-200
114900090,44,62,-18
114900091,62,74,-12
114900095,257,77,180
114900096,195,242,-47
114900097,14,1,13
114900098,2,87,-85
114900099,15,1,14
115000001,5642,4250,1392
115000002,1065,828,237
115000003,1973,2711,-738
115000004,513,1428,-915
115000005,579,1937,-1358
115000006,170,476,-306
115000007,27,81,-54
115000008,132,138,-6
115000009,60,189,-129
115000010,48,24,24
115000013,37,80,-43
115000015,88,101,-13
115000016,149,93,56
115000019,5,162,-157
115000020,116,41,75
115000021,169,223,-54
115000022,246,207,39
115000023,24,15,9
115000024,668,345,323
115000025,64,29,35
115000026,70,208,-138
115000027,0,1,-1
115000028,52,399,-347
115000029,0,0,0
115000030,109,481,-372
115000031,0,0,0
115000032,5,200,-195
115000033,10,2,8
115000034,48,592,-544
115000035,73,2,71
115000036,2,253,-251
115000037,14,0,14
115000038,38,82,-44
115000039,1216,689,527
115000040,2798,1125,1673
115000041,366,917,-551
115000042,199,294,-95
115000043,1400,1063,337
115000044,2365,2809,-444
115000045,833,1622,-789
115000046,382,842,-460
115000047,404,698,-294
115000048,636,2062,-1426
115000049,731,1836,-1105
115000050,738,566,172
115000051,1027,401,626
115000052,2303,1100,1203
115000053,537,419,118
115000054,503,735,-232
115000055,19,297,-278
115000056,15,49,-34
115000057,75,255,-180
115000058,11,35,-24
115000059,3,143,-140
115000061,6,11,-5
115000062,25,180,-155
115000063,30,249,-219
115000064,6,4,2
115000065,5,81,-76
115000067,0,0,0
115000069,5,128,-123
115000070,15,197,-182
115000071,4,0,4
115000072,25,25,0
115000073,242,7,235
115000075,3,50,-47
115000076,1613,1829,-216
115000077,377,2680,-2303
115000078,187,1314,-1127
115000079,266,1446,-1180
115000080,468,1733,-1265
115000081,175,604,-429
115000082,1038,1380,-342
115000083,648,2351,-1703
115000084,185,402,-217
115000085,211,639,-428
115000086,114,397,-283
115000087,284,883,-599
115000088,571,194,377
115000089,1079,1025,54
115000090,348,43,305
115000091,193,708,-515
115000092,85,211,-126
115000093,1,0,1
115000094,3880,1538,2342
115000095,3552,1702,1850
115000096,163,1236,-1073
115000097,108,475,-367
115000098,131,486,-355
115000099,301,1639,-1338
115000100,131,167,-36
115000101,151,981,-830
115000102,112,69,43
115000103,177,619,-442
115000105,24,113,-89
115000106,72,71,1
115000107,49,448,-399
115000108,2300,1901,399
115000109,2749,500,2249
115000110,515,290,225
115000111,295,653,-358
115000112,211,200,11
115000113,234,339,-105
115000114,639,376,263
115000116,1228,522,706
115000117,1352,516,836
115000118,463,662,-199
115000119,567,568,-1
115000120,291,265,26
115000121,896,288,608
115000122,1741,289,1452
115000123,704,367,337
115000124,246,303,-57
115000125,115,297,-182
115000126,41,111,-70
115000127,75,69,6
115000128,465,336,129
115000129,35,73,-38
115000130,80,536,-456
115000131,71,131,-60
115000132,18,279,-261
115000133,49,210,-161
115000134,31,137,-106
115000135,19,123,-104
115000136,29,83,-54
115000137,28,109,-81
115000138,41,73,-32
115000139,111,184,-73
115000140,47,52,-5
115000141,43,194,-151
115000142,31,206,-175
115000143,65,168,-103
115000144,97,34,63
115000145,66,415,-349
115000146,27,73,-46
115000147,50,391,-341
115000148,128,908,-780
115000149,124,94,30
115000150,308,828,-520
115000151,117,136,-19
115000152,152,1250,-1098
115000153,89,119,-30
115000154,122,129,-7
115000155,169,818,-649
115000156,230,201,29
115000157,324,390,-66
115000158,210,127,83
115000159,280,112,168
115000160,266,82,184
115000161,133,283,-150
115000162,174,149,25
115000163,373,440,-67
115000164,268,339,-71
115000165,95,128,-33
115000167,11,29,-18
115000168,118,84,34
115000169,186,308,-122
115000170,61,76,-15
115000171,52,50,2
115000172,1094,245,849
115000173,34,62,-28
115000174,4,39,-35
115000175,31,44,-13
115000176,5,4,1
115000177,3,47,-44
115000178,1,165,-164
115000179,1,11,-10
115000180,12,440,-428
115000181,75,53,22
115000182,74,89,-15
115000183,61,651,-590
115000186,120,117,3
115000187,23,349,-326
115000188,101,123,-22
115000189,98,239,-141
115000190,121,80,41
115000191,97,163,-66
115000194,48,71,-23
115000195,49,13,36
115000196,12,40,-28
115000197,51,349,-298
115000198,30,89,-59
115000199,45,250,-205
115000200,26,22,4
115000201,47,275,-228
115000206,0,0,0
115000207,12,195,-183
115000208,314,450,-136
115000209,58,92,-34
115000210,6,29,-23
115000211,78,125,-47
115000212,686,197,489
115000224,22,6,16
115000225,23,13,10
115000229,74,30,44
115000230,7,163,-156
115000231,123,1601,-1478
115000232,193,269,-76
115000233,30,215,-185
115000234,5,159,-154
115000241,8,96,-88
115000242,18,79,-61
115000243,17,104,-87
115000244,6,45,-39
115000246,12,5,7
115000247,0,8,-8
115000248,3,1,2
115000249,6,3,3
115000250,34,24,10
115000251,17,53,-36
115000252,2,43,-41
115000253,4,54,-50
115000258,36,41,-5
115000259,85,45,40
115000261,0,0,0
115000262,1,2,-1
115000263,0,3,-3
115000264,6,4,2
115000267,5,19,-14
115000268,14,60,-46
115000269,12,18,-6
115000270,1,1,0
115000272,10,55,-45
115000273,32,2,30
115000280,138,6,132
115000281,344,19,325
115000282,339,58,281
115000284,102,29,73
115000296,31,0,31
115000297,5,0,5
115000298,53,16,37
115000300,17,193,-176
115000302,13,26,-13
115000303,36,18,18
115000304,40,8,32
115000305,16,903,-887
115000306,37,487,-450
115000307,8,275,-267
115000308,25,8,17
115000309,4,2,2
115000310,279,889,-610
115000311,83,620,-537
115000313,89,561,-472
115000314,18,15,3
115000315,1002,195,807
115000316,8,16,-8
115000317,69,349,-280
115000318,96,88,8
115000319,26,236,-210
115000320,4,67,-63
115000321,29,0,29
115000322,14,193,-179
115000449,59,40,19
115000557,0,114,-114
115000558,8,18,-10
115000587,59,73,-14
115000588,1203,2978,-1775
115000589,1073,1026,47
115000590,272,992,-720
115000591,173,177,-4
115000592,298,766,-468
115000593,192,118,74
115000594,544,639,-95
115000609,58,98,-40
115000617,210,200,10
115000624,12,31,-19
115000633,66,879,-813
115000634,573,168,405
115000635,30,8,22
115000638,551,209,342
115000641,38,81,-43
115000642,98,84,14
115000643,25,286,-261
115000644,71,270,-199
115000646,292,377,-85
115000647,60,212,-152
115000648,186,851,-665
115000893,615,90,525
115000894,29,718,-689
115000895,97,555,-458
115000896,126,43,83
115000897,73,14,59
115000898,179,18,161
115000899,511,385,126
115000900,19,160,-141
115000901,37,23,14
115000912,9,6,3
115000913,1,9,-8
115000915,4,0,4
115000916,0,0,0
115000917,0,0,0
115000918,0,0,0
115000919,0,0,0
115000920,7,8,-1
115000921,868,21,847
115000922,157,31,126
115000923,229,326,-97
115000925,11,48,-37
115000927,4,18,-14
115000933,192,60,132
115000934,11,80,-69
115000935,10,37,-27
115000936,0,0,0
115000937,481,34,447
115000938,23,46,-23
115000939,13,45,-32
115000940,0,0,0
115000941,0,0,0
115000942,0,5,-5
115000943,9,4,5
115000944,1,5,-4
115900001,0,60,-60
115900002,51,84,-33
115900003,10,36,-26
115900004,1,17,-16
115900005,7,0,7
115900006,19,176,-157
115900008,6,3,3
115900009,18,142,-124
115900010,23,58,-35
115900011,36,154,-118
115900012,1,38,-37
115900013,73,32,41
115900014,50,107,-57
115900015,5,49,-44
115900016,3,7,-4
115900017,1,0,1
115900018,144,29,115
115900019,107,6,101
115900020,0,0,0
115900021,1101,29,1072
115900022,1077,6,1071
115900023,1,0,1
115900025,57,85,-28
115900026,499,125,374
115900027,1,311,-310
115900028,343,26,317
115900029,2,371,-369
115900030,1,1,0
115900031,105,47,58
115900032,101,192,-91
115900033,0,31,-31
115900034,6,366,-360
115900035,6,32,-26
115900036,80,82,-2
115900037,4,322,-318
115900038,1,4,-3
115900039,19,168,-149
115900041,71,83,-12
115900042,0,3,-3
115900043,3,77,-74
115900044,37,49,-12
115900046,36,180,-144
115900047,7,4,3
115900049,11,86,-75
115900051,0,38,-38
115900052,3,283,-280
115900053,24,144,-120
115900054,9,20,-11
115900055,5,136,-131
115900056,11,182,-171
115900057,0,0,0
115900058,32,56,-24
115900060,29,59,-30
115900061,7,0,7
115900062,2,203,-201
115900063,24,3,21
115900064,80,69,11
115900065,5,80,-75
115900066,74,86,-12
115900067,3,544,-541
115900068,2874,26,2848
115900069,39,72,-33
115900070,19,110,-91
115900071,0,562,-562
115900072,59,163,-104
115900073,6,5,1
115900074,2,280,-278
115900075,20,202,-182
115900076,0,45,-45
115900077,1,257,-256
115900078,9,107,-98
115900079,20,4,16
115900080,104,40,64
115900081,3,87,-84
115900082,33,90,-57
115900084,17,9,8
115900085,29,12,17
115900086,761,153,608
115900088,7,5,2
115900089,24,573,-549
115900090,21,3,18
115900091,0,11,-11
115900092,2,126,-124
115900093,1,23,-22
115900094,1,263,-262
115900096,0,6,-6
115900097,4,388,-384
115900098,26,336,-310
115900099,4,45,-41
115900100,1,298,-297
115900101,36,256,-220
115900102,1,27,-26
115900103,66,146,-80
115900104,3,83,-80
115900105,19,316,-297
115900106,1,9,-8
115900107,2,96,-94
115900108,10,14,-4
115900109,7,227,-220
115900110,0,3,-3
115900111,1,113,-112
115900112,15,432,-417
115900113,8,1,7
115900114,1,151,-150
115900115,9,79,-70
115900116,31,620,-589
115900117,2,6,-4
115900118,0,324,-324
115900119,13,48,-35
115900120,8,189,-181
115900121,16,98,-82
115900124,16,76,-60
115900125,52,6,46
115900126,110,9,101
115900127,107,12,95
115900128,2,41,-39
115900129,67,5,62
115900130,57,119,-62
115900131,10,1,9
115900132,26,4,22
115900134,21,0,21
115900135,385,195,190
115900137,0,0,0
115900139,33,19,14
115900140,11,2,9
115900141,4,11,-7
115900142,6,4,2
115900143,8,93,-85
115900144,6,98,-92
115900146,0,62,-62
115900147,44,39,5
115900148,0,2,-2
115900149,9,26,-17
115900150,1,37,-36
115900151,6,21,-15
115900152,9,183,-174
115900153,15,124,-109
115900154,188,91,97
115900155,0,31,-31
115900156,153,250,-97
115900157,5,114,-109
115900158,17,3,14
115900159,1,120,-119
115900160,2,2,0
115900161,7,61,-54
115900163,18,41,-23
115900164,18,55,-37
115900166,74,101,-27
115900168,11,114,-103
115900171,8,137,-129
115900172,6,51,-45
115900173,25,45,-20
115900174,82,55,27
115900175,15,76,-61
115900178,3,551,-548
115900179,20,5,15
115900180,11,162,-151
115900181,19,218,-199
115900182,68,178,-110
115900183,23,6,17
115900184,211,4,207
115900187,2,78,-76
115900189,0,14,-14
115900190,120,111,9
115900191,41,270,-229
115900192,2,23,-21
115900193,13,17,-4
115900194,59,2,57
115900195,111,162,-51
115900198,50,99,-49
115900199,39,125,-86
115900200,104,91,13
115900201,21,189,-168
115900202,0,1,-1
115900203,3,1,2
115900204,0,0,0
115900205,4,1,3
115900206,5,87,-82
115900207,3,4,-1
115900208,5,165,-160
115900209,2,63,-61
115900210,1,106,-105
115900211,1,116,-115
115900212,23,149,-126
115900213,0,2,-2
115900214,35,138,-103
115900215,15,3,12
115900216,2,90,-88
115900217,1,81,-80
115900218,0,52,-52
115900219,4,0,4
115900220,4,2,2
115900221,0,4,-4
115900222,1,0,1
115900223,7,5,2
115900224,403,29,374
115900225,43,7,36
115900226,2,13,-11
115900227,1,10,-9
115900228,1,6,-5
115900229,0,5,-5
115900230,16,34,-18
115900231,7,0,7
115900232,2,0,2
115900233,6,3,3
115900234,10,4,6
115900235,1,2,-1
115900236,3,6,-3
115900237,0,40,-40
115900238,0,16,-16
115900239,1,14,-13
115900240,0,68,-68
115900241,9,35,-26
115900242,35,22,13
115900243,0,3,-3
115900244,0,8,-8
115900245,1,6,-5
115900246,0,1,-1
115900247,5,1,4
115900248,1,0,1
115900249,3,0,3
115900250,0,0,0
115900251,0,2,-2
115900252,0,0,0
115900253,1,3,-2
115900254,2,10,-8
115900255,1,3,-2
115900256,8,5,3
115900257,0,1,-1
115900258,0,2,-2
115900259,0,0,0
115900260,4,2,2
115900261,1,0,1
115900262,0,1,-1
115900263,0,2,-2
115900264,0,1,-1
115900265,0,4,-4
115900266,1,0,1
115900267,0,0,0
115900268,0,2,-2
115900269,28,231,-203
115900270,45,405,-360
115900271,6,0,6
115900272,0,1,-1
115900273,1,2,-1
115900274,0,4,-4
115900275,0,24,-24
115900276,0,37,-37
115900277,0,119,-119
115900278,1,44,-43
115900279,4,38,-34
115900280,2,42,-40
115900281,182,22,160
115900282,1,5,-4
115900283,0,1,-1
115900284,4,4,0
116000001,13686,2595,11091
116000002,1198,1284,-86
116000003,805,1088,-283
116000004,496,566,-70
116000005,844,1448,-604
116000006,484,436,48
116000007,1737,2389,-652
116000008,1023,659,364
116000009,764,1673,-909
116000010,344,314,30
116000011,294,830,-536
116000012,202,252,-50
116000013,10453,2125,8328
116000014,13434,2038,11396
116000015,214,257,-43
116000016,4699,590,4109
116000017,28,190,-162
116000018,278,192,86
116000019,98,138,-40
116000020,119,694,-575
116000021,51,104,-53
116000022,54,203,-149
116000023,194,210,-16
116000024,213,886,-673
116000025,189,228,-39
116000026,642,1192,-550
116000027,284,261,23
116000028,81,101,-20
116000029,505,259,246
116000030,25,27,-2
116000031,62,92,-30
116000032,23,200,-177
116000033,7,170,-163
116000034,28,272,-244
116000035,61,222,-161
116000036,608,116,492
116000037,139,83,56
116000038,83,64,19
116000039,254,162,92
116000040,217,42,175
116000041,73,388,-315
116000042,78,56,22
116000043,32,257,-225
116000044,7,57,-50
116000045,115,169,-54
116000046,400,411,-11
116000047,766,793,-27
116000048,274,428,-154
116000049,123,458,-335
116000050,443,712,-269
116000051,491,304,187
116000052,1163,1414,-251
116000053,252,103,149
116000054,190,1048,-858
116000055,122,695,-573
116000056,53,215,-162
116000057,1360,1060,300
116000058,1339,637,702
116000059,907,959,-52
116000060,1727,404,1323
116000061,217,257,-40
116000062,215,116,99
116000063,123,299,-176
116000066,5,45,-40
116000067,155,424,-269
116000068,7,29,-22
116000069,90,230,-140
116000078,47,263,-216
116000080,393,617,-224
116000082,5,59,-54
116000083,343,200,143
116000084,908,1850,-942
116000085,824,376,448
116000086,1041,833,208
116000087,504,419,85
116000088,423,567,-144
116000089,56,75,-19
116000090,15,56,-41
116000091,72,62,10
116000093,992,219,773
116000094,142,383,-241
116000095,207,300,-93
116000096,165,664,-499
116000097,120,417,-297
116000098,101,1750,-1649
116000099,4288,175,4113
116000100,23,7,16
116000101,219,910,-691
116000102,56,806,-750
116000103,101,122,-21
116000104,21,920,-899
116000105,160,119,41
116000106,49,733,-684
116000107,190,316,-126
116000108,23,106,-83
116000111,8,9,-1
116000113,18,24,-6
116000114,28,78,-50
116000115,31,9,22
116000116,92,378,-286
116000117,234,521,-287
116000118,436,1096,-660
116000119,386,541,-155
116000120,1049,3168,-2119
116000121,214,191,23
116000122,611,1937,-1326
116000123,124,166,-42
116000124,134,907,-773
116000125,354,267,87
116000126,149,977,-828
116000127,477,984,-507
116000128,391,223,168
116000129,140,121,19
116000130,60,77,-17
116000133,100,525,-425
116000134,314,1622,-1308
116000135,339,643,-304
116000136,188,1247,-1059
116000137,164,267,-103
116000138,926,180,746
116000139,611,1204,-593
116000140,42,173,-131
116000141,187,531,-344
116000142,1930,2200,-270
116000143,745,570,175
116000144,593,1867,-1274
116000145,443,802,-359
116000146,35,140,-105
116000147,69,23,46
116000148,62,245,-183
116000149,123,227,-104
116000151,231,818,-587
116000153,14,87,-73
116000155,28,81,-53
116000156,977,565,412
116000157,2,2,0
116000158,21,262,-241
116000159,2,0,2
116000160,6,92,-86
116000161,10,44,-34
116000162,21,13,8
116000163,4,2,2
116000164,0,6,-6
116000177,5,67,-62
116000194,32,182,-150
116000195,316,318,-2
116000196,1,0,1
116000197,1,7,-6
116000198,582,350,232
116000200,318,65,253
116000201,218,354,-136
116000202,3,178,-175
116000203,1,70,-69
116000204,4,34,-30
116000205,0,140,-140
116000206,2,81,-79
116000207,0,40,-40
116000233,55,605,-550
116000287,28,398,-370
116000288,28,109,-81
116000292,2,86,-84
116000296,1,85,-84
116000297,5,23,-18
116000304,9,31,-22
116000305,3,53,-50
116000346,23,133,-110
116000352,5,42,-37
116000354,5,3,2
116000357,0,2,-2
116000358,42,8,34
116000361,276,6,270
116000372,6196,1067,5129
116000381,37,1,36
116000388,2,42,-40
116000389,139,290,-151
116000445,41,595,-554
116000446,63,468,-405
116000447,1,232,-231
116000448,227,110,117
116000563,112,111,1
116000565,96,322,-226
116000568,6,31,-25
116000579,4,90,-86
116000584,5,16,-11
116000585,5,6,-1
116000586,118,52,66
116000587,1,184,-183
116000589,6,79,-73
116000590,4,6,-2
116000591,25,140,-115
116000592,2,57,-55
116000593,0,15,-15
116000594,50,438,-388
116000595,77,116,-39
116000596,7,2,5
116000597,51,23,28
116000598,5,204,-199
116000602,52,17,35
116000605,54,82,-28
116000606,7,46,-39
116000607,2,26,-24
116000609,73,268,-195
116000611,10,385,-375
116000612,197,808,-611
116000613,108,157,-49
116000614,231,688,-457
116000615,0,62,-62
116000616,2,94,-92
116000617,20,60,-40
116000618,1,148,-147
116000619,3,32,-29
116000620,0,0,0
116000621,1,1,0
116000622,0,0,0
116000624,8,48,-40
116000627,1,43,-42
116000628,20,583,-563
116000629,6,363,-357
116000630,40,72,-32
116000631,24,27,-3
116000632,36,134,-98
116000633,4,253,-249
116000634,68,207,-139
116000635,804,329,475
116000636,324,363,-39
116000637,53,75,-22
116000638,7,218,-211
116000640,0,0,0
116000641,27,73,-46
116000644,27,901,-874
116900001,43,49,-6
116900002,112,1,111
116900003,1,47,-46
116900004,17,3,14
116900005,21,30,-9
116900006,50,44,6
116900007,24,87,-63
116900008,64,420,-356
116900009,4,0,4
116900010,6,1264,-1258
116900011,13,9,4
116900012,34,98,-64
116900013,4,87,-83
116900014,11,244,-233
116900015,34,28,6
116900016,11,0,11
116900017,1,517,-516
116900018,6,16,-10
116900019,0,306,-306
116900020,819,85,734
116900023,25,6,19
116900024,27,45,-18
116900025,31,620,-589
116900026,47,387,-340
116900027,1,22,-21
116900028,2,66,-64
116900029,0,10,-10
116900031,0,2,-2
116900032,2,184,-182
116900033,1,2,-1
116900034,4,63,-59
116900035,23,143,-120
116900036,0,67,-67
116900038,4,0,4
116900041,4,5,-1
116900042,750,101,649
116900043,2,38,-36
116900047,67,20,47
116900049,13,93,-80
116900050,14,160,-146
116900051,5,153,-148
116900052,33,20,13
116900055,0,2,-2
116900057,8,212,-204
116900058,7,194,-187
116900059,1,87,-86
116900060,45,181,-136
116900062,0,1,-1
116900064,7,656,-649
116900065,4,58,-54
116900067,23,39,-16
116900068,44,271,-227
116900070,0,1,-1
116900072,5,319,-314
116900073,4,117,-113
116900074,4,29,-25
116900076,1,6,-5
116900077,3,92,-89
116900078,124,61,63
116900079,9,211,-202
116900080,0,6,-6
116900081,84,680,-596
116900082,119,483,-364
116900083,5,35,-30
116900084,20,22,-2
116900085,4,99,-95
116900086,24,152,-128
116900088,116,23,93
116900090,68,19,49
116900091,35,86,-51
116900092,19,499,-480
116900093,1226,615,611
116900094,3713,754,2959
116900095,23,114,-91
116900096,26,23,3
116900097,1378,335,1043
116900098,769,71,698
116900099,237,169,68
116900100,94,4,90
116900101,124,459,-335
116900103,1,1,0
116900104,12,48,-36
116900105,63,13,50
116900106,137,249,-112
116900107,2284,314,1970
116900110,1,0,1
116900111,42,740,-698
116900112,22,424,-402
116900113,1459,286,1173
116900116,29,78,-49
116900117,11,57,-46
116900118,822,226,596
116900120,38,44,-6
116900121,17,17,0
116900122,92,650,-558
116900123,32,590,-558
116900124,36,440,-404
116900125,45,106,-61
116900126,84,242,-158
116900128,0,30,-30
116900129,0,219,-219
116900130,705,774,-69
116900131,19,81,-62
116900132,6,32,-26
116900133,10,64,-54
116900134,61,123,-62
116900136,15,88,-73
116900137,60,99,-39
116900138,46,120,-74
116900139,30,248,-218
116900140,48,125,-77
116900141,159,204,-45
116900142,0,6,-6
116900143,60,330,-270
116900144,2,5,-3
116900145,28,224,-196
116900147,166,121,45
116900148,0,11,-11
116900149,6,29,-23
116900150,6,4,2
116900151,13,2,11
116900153,9,23,-14
116900154,49,58,-9
116900155,4,10,-6
116900157,30,151,-121
116900158,9,27,-18
116900159,18,101,-83
116900160,274,72,202
116900161,4964,1030,3934
116900162,1,75,-74
116900163,9,70,-61
116900164,5,20,-15
116900165,38,41,-3
116900166,2,39,-37
116900167,49,29,20
116900168,34,54,-20
116900169,190,49,141
116900170,36,83,-47
116900171,2,130,-128
116900172,88,14,74
116900173,1,39,-38
116900174,4,11,-7
116900175,32,27,5
116900178,3,109,-106
116900179,20,24,-4
116900180,6,27,-21
116900182,92,103,-11
116900183,31,34,-3
116900185,5,11,-6
116900186,21,204,-183
116900187,8,2,6
116900188,16,21,-5
116900189,5,0,5
116900191,78,152,-74
116900192,40,64,-24
116900194,4,137,-133
116900195,2,16,-14
116900196,7,115,-108
116900197,10,1,9
116900198,217,39,178
116900200,8,43,-35
116900201,8,1,7
116900202,17,33,-16
116900203,19,0,19
116900204,12,32,-20
116900206,0,30,-30
116900207,1,16,-15
116900208,5,49,-44
116900209,10,68,-58
116900210,123,121,2
116900211,77,6,71
116900212,0,35,-35
116900213,24,55,-31
116900214,24,95,-71
116900215,8,30,-22
116900216,69,266,-197
116900218,4,233,-229
116900219,419,239,180
116900220,13,109,-96
116900221,20,154,-134
116900222,90,101,-11
116900223,19,72,-53
116900226,2,39,-37
116900227,26,37,-11
116900228,75,211,-136
116900230,12,228,-216
116900231,3,285,-282
116900232,4,273,-269
116900233,20,13,7
116900234,0,0,0
116900235,46,166,-120
116900238,635,137,498
116900239,32,175,-143
116900240,3173,615,2558
116900241,6,95,-89
116900242,612,68,544
116900243,0,18,-18
116900245,17,3,14
116900246,1,16,-15
116900247,36,7,29
116900248,12,12,0
116900249,35,28,7
116900250,42,24,18
116900251,148,29,119
116900252,5,532,-527
116900253,9,29,-20
116900254,2,41,-39
116900255,35,9,26
116900256,36,38,-2
116900257,3,479,-476
116900258,1,264,-263
116900259,3,1,2
116900260,2,101,-99
116900261,2,0,2
116900262,18,99,-81
116900263,0,3,-3
116900264,0,3,-3
116900265,1,0,1
116900266,3,52,-49
116900267,0,1,-1
116900268,0,1,-1
116900269,41,174,-133
116900271,1445,54,1391
116900272,226,300,-74
116900273,102,7,95
116900274,3,26,-23
116900275,14,43,-29
116900276,380,12,368
116900277,196,6,190
116900278,0,5,-5
116900279,0,11,-11
116900280,4,9,-5
116900281,4236,569,3667
116900282,3,108,-105
116900283,3,55,-52
116900284,1,97,-96
116900285,106,27,79
116900286,56,10,46
116900287,2,51,-49
116900288,5,54,-49
116900289,4,23,-19
116900290,1,19,-18
116900291,0,3,-3
116900292,0,0,0
116900293,3,65,-62
116900294,7,53,-46
116900295,93,4,89
116900296,6,7,-1
116900297,4,11,-7
116900298,16,9,7
116900299,8,29,-21
116900300,27,64,-37
116900301,8,30,-22
116900302,11,7,4
116900303,251,15,236
116900304,0,74,-74
116900305,2,3,-1
116900306,4,62,-58
116900307,5,0,5
116900308,3,150,-147
116900309,17,123,-106
117000001,333,498,-165
117000002,624,2408,-1784
117000003,1376,789,587
117000004,1891,2553,-662
117000005,374,506,-132
117000006,329,2473,-2144
117000007,663,401,262
117000008,630,2556,-1926
117000009,1252,463,789
117000010,1169,2137,-968
117000011,282,556,-274
117000012,395,1307,-912
117000013,241,428,-187
117000014,245,1335,-1090
117000015,997,388,609
117000016,147,39,108
117000017,92,71,21
117000018,25,168,-143
117000019,5,7,-2
117000020,361,413,-52
117000021,1657,196,1461
117000022,149,51,98
117000023,159,63,96
117000024,125,59,66
117000025,373,415,-42
117000026,375,135,240
117000027,807,569,238
117000028,46,88,-42
117000030,167,278,-111
117000031,62,20,42
117000032,933,584,349
117000033,366,287,79
117000034,54,155,-101
117000035,12,12,0
117000036,82,123,-41
117000037,11,19,-8
117000038,25,199,-174
117000039,26,105,-79
117000040,35,1139,-1104
117000041,116,42,74
117000044,15,869,-854
117000045,77,17,60
117000046,175,623,-448
117000047,70,96,-26
117000048,1077,823,254
117000049,91,148,-57
117000050,33,1923,-1890
117000051,449,93,356
117000052,6,466,-460
117000053,51,41,10
117000054,258,1,257
117000055,6,2648,-2642
117000056,102,2,100
117000057,400,1140,-740
117000060,213,1233,-1020
117000061,169,215,-46
117000062,57,304,-247
117000063,178,140,38
117000064,408,530,-122
117000066,530,313,217
117000067,14,127,-113
117000074,39,28,11
117000076,29,19,10
117000077,40,40,0
117000078,26,229,-203
117000079,20,61,-41
117000080,2,230,-228
117000081,151,44,107
117000082,9,34,-25
117000083,10,1,9
117000084,2,0,2
117000085,50,178,-128
117000086,269,424,-155
117000087,43,232,-189
117000088,38,40,-2
117000089,374,110,264
117000090,73,1098,-1025
117000091,106,95,11
117000092,153,1393,-1240
117000093,136,146,-10
117000094,230,1633,-1403
117000095,281,196,85
117000096,242,1825,-1583
117000097,202,406,-204
117000098,1461,3660,-2199
117000099,457,258,199
117000100,46,77,-31
117000101,134,891,-757
117000102,254,162,92
117000103,469,1139,-670
117000104,213,151,62
117000105,269,1390,-1121
117000106,114,110,4
117000107,200,1784,-1584
117000108,163,242,-79
117000109,734,2141,-1407
117000110,244,155,89
117000111,803,1292,-489
117000112,568,614,-46
117000113,41,206,-165
117000114,9,33,-24
117000115,23,121,-98
117000116,20,86,-66
117000117,364,102,262
117000118,32,73,-41
117000119,21,13,8
117000120,22,7,15
117000121,10,60,-50
117000122,201,124,77
117000123,448,2,446
117000124,47,4,43
117000125,88,15,73
117000126,33,35,-2
117000127,58,186,-128
117000128,144,215,-71
117000129,125,80,45
117000130,0,0,0
117000131,0,176,-176
117000132,223,96,127
117000133,176,127,49
117000134,0,41,-41
117000135,0,17,-17
117000136,0,26,-26
117000137,16,20,-4
117000138,1,180,-179
117000140,191,1087,-896
117000141,202,118,84
117000181,565,136,429
117000182,64,33,31
117000195,85,1005,-920
117000196,28,21,7
117000225,56,1,55
117000226,2,34,-32
117000276,31,1,30
117000277,0,392,-392
117000310,1277,1113,164
117000315,4,143,-139
117000320,0,0,0
117000906,23,3,20
117000907,1,383,-382
117000909,33,6,27
117000910,114,78,36
117000911,68,128,-60
117000915,2,410,-408
117000916,5,0,5
117000917,92,6,86
117000918,5,8,-3
117000919,4,82,-78
117000920,3,1184,-1181
117000921,1,1793,-1792
117000922,0,0,0
117000924,92,149,-57
117000926,670,38,632
117000927,43,77,-34
117000928,2,219,-217
117000929,46,381,-335
117000930,31,8,23
117000931,82,29,53
117900002,66,199,-133
117900003,470,95,375
117900005,1,21,-20
117900006,0,17,-17
117900007,24,113,-89
117900008,0,26,-26
117900010,34,109,-75
117900011,10,11,-1
117900012,6,184,-178
117900013,1,227,-226
117900014,64,248,-184
117900015,3,195,-192
117900016,546,138,408
117900017,67,417,-350
117900018,78,10,68
117900019,39,469,-430
117900020,15,43,-28
117900021,11,90,-79
117900022,4,19,-15
117900023,336,10,326
117900024,53,150,-97
117900025,8,13,-5
117900026,52,344,-292
117900028,6,1,5
117900029,50,737,-687
117900030,62,72,-10
117900031,18,29,-11
117900032,91,71,20
117900033,30,711,-681
117900034,40,47,-7
117900035,28,5,23
117900036,56,603,-547
117900037,9,65,-56
117900038,2,377,-375
117900039,1,57,-56
117900040,59,411,-352
117900041,1,54,-53
117900042,2768,230,2538
117900043,10,46,-36
117900044,71,437,-366
117900045,15,28,-13
117900048,65,275,-210
117900049,32,486,-454
117900050,1,7,-6
117900051,7,1,6
117900052,13,56,-43
117900053,284,497,-213
117900054,0,21,-21
117900055,62,36,26
117900056,117,9,108
117900057,351,672,-321
117900058,33,3,30
117900059,40,19,21
117900060,182,3326,-3144
117900061,2,44,-42
117900063,25,83,-58
117900065,372,536,-164
117900066,1,12,-11
117900067,62,216,-154
117900069,113,286,-173
117900070,49,0,49
117900071,17,86,-69
117900073,79,285,-206
117900074,13,1,12
117900075,9,38,-29
117900076,1,17,-16
117900077,30,27,3
117900078,75,170,-95
117900080,27,27,0
117900081,287,202,85
117900082,60,93,-33
117900083,42,539,-497
117900086,17,24,-7
117900087,4,20,-16
117900088,1413,793,620
117900089,354,78,276
117900090,46,555,-509
117900091,50,43,7
117900092,6,15,-9
117900093,3,31,-28
117900094,17,2,15
117900095,64,428,-364
117900096,23,113,-90
117900097,7,18,-11
117900098,1,0,1
117900099,20,290,-270
117900100,13,0,13
117900101,192,363,-171
117900102,4,21,-17
117900103,3,0,3
117900104,0,67,-67
117900105,32,73,-41
117900106,5,15,-10
117900107,6,0,6
117900109,55,143,-88
117900110,3,0,3
117900111,29,1,28
117900112,1,7,-6
117900113,1765,507,1258
117900114,1,0,1
117900115,46,7,39
117900116,472,291,181
117900117,169,177,-8
117900118,5,0,5
117900119,21,275,-254
117900120,12,49,-37
117900121,2,17,-15
117900122,489,228,261
117900123,145,654,-509
117900124,138,280,-142
117900125,361,348,13
117900126,168,308,-140
117900127,121,398,-277
117900128,79,661,-582
117900129,5,0,5
117900130,254,147,107
117900131,0,43,-43
117900132,4,80,-76
117900133,0,98,-98
117900134,5,114,-109
117900135,7,179,-172
117900136,0,32,-32
117900137,9,256,-247
117900138,0,42,-42
117900139,4,59,-55
117900140,3255,37,3218
117900141,86,123,-37
117900142,2,1,1
117900144,10,33,-23
117900145,6,1,5
117900146,50,37,13
117900147,11,28,-17
117900148,1341,435,906
117900149,4,83,-79
117900150,4,87,-83
117900151,1,136,-135
117900152,7,60,-53
117900153,3,60,-57
117900154,73,356,-283
117900156,188,242,-54
117900157,6,116,-110
117900158,9,27,-18
117900160,183,123,60
117900161,1490,1288,202
117900162,28,142,-114
117900163,45,3,42
117900165,0,4,-4
117900166,25,55,-30
117900168,32,70,-38
117900169,4,71,-67
117900170,1,14,-13
117900171,0,7,-7
117900172,1,9,-8
117900173,74,18,56
117900174,13,17,-4
117900175,2,18,-16
117900176,1,32,-31
117900177,2,49,-47
117900178,38,18,20
117900180,143,8,135
117900181,59,32,27
117900182,0,7,-7
117900183,3,39,-36
117900184,0,11,-11
117900185,0,13,-13
117900186,3,15,-12
117900187,3,3,0
117900188,36,10,26
117900189,4,2,2
117900190,1,0,1
117900191,4,0,4
117900192,10,3,7
117900193,2,19,-17
117900194,1,1,0
117900195,0,1,-1
117900196,2,4,-2
117900207,26,12,14
117900208,6,11,-5
117900209,46,39,7
117900210,31,55,-24
117900211,8,100,-92
117900212,22,61,-39
117900213,1,4,-3
117900214,6,71,-65
117900215,1,2,-1
117900216,4,5,-1
117900217,19,13,6
117900218,123,25,98
117900219,1,31,-30
117900220,0,8,-8
117900222,93,150,-57
117900223,48,80,-32
118000001,152,124,28
118000002,598,844,-246
118000003,332,403,-71
118000004,1240,830,410
118000005,1402,580,822
118000006,4778,2055,2723
118000007,1755,837,918
118000008,1452,1031,421
118000009,779,1250,-471
118000010,1176,1744,-568
118000011,240,1624,-1384
118000012,308,1547,-1239
118000013,1713,1536,177
118000014,744,2054,-1310
118000016,133,319,-186
118000017,41,127,-86
118000018,111,324,-213
118000019,851,492,359
118000020,791,501,290
118000021,489,739,-250
118000022,1195,260,935
118000023,571,113,458
118000024,732,260,472
118000027,9064,1619,7445
118000029,659,185,474
118000032,439,420,19
118000033,859,693,166
118000034,2116,886,1230
118000035,420,601,-181
118000036,245,532,-287
118000037,185,433,-248
118000038,58,138,-80
118000039,42,159,-117
118000040,352,1533,-1181
118000041,541,733,-192
118000045,223,25,198
118000046,568,281,287
118000047,643,171,472
118000048,1166,423,743
118000051,481,207,274
118000052,285,220,65
118000053,108,93,15
118000054,488,291,197
118000055,298,321,-23
118000056,20,82,-62
118000057,38,101,-63
118000058,757,251,506
118000059,376,311,65
118000060,168,445,-277
118000061,200,498,-298
118000062,128,89,39
118000063,119,229,-110
118000064,320,506,-186
118000065,1965,509,1456
118000066,315,309,6
118000067,430,309,121
118000068,852,1151,-299
118000069,1273,488,785
118000070,3885,535,3350
118000071,1646,1439,207
118000072,733,568,165
118000073,906,169,737
118000074,66,203,-137
118000075,202,183,19
118000076,298,447,-149
118000077,631,606,25
118000078,588,708,-120
118000079,122,120,2
118000080,491,443,48
118000081,480,415,65
118000082,113,330,-217
118000083,1310,500,810
118000084,1286,624,662
118000086,58,258,-200
118000087,3739,1118,2621
118000088,920,755,165
118000089,2172,1216,956
118000090,1319,720,599
118000091,761,641,120
118000092,896,175,721
118000093,60,280,-220
118000096,187,219,-32
118000097,162,290,-128
118000098,86,105,-19
118000099,101,535,-434
118000101,229,206,23
118000102,58,742,-684
118000107,2070,161,1909
118000108,51,117,-66
118000110,0,11,-11
118000111,1,485,-484
118000112,0,0,0
118000113,8,827,-819
118000114,0,0,0
118000115,1,2,-1
118000116,4,0,4
118000117,423,361,62
118000118,205,252,-47
118000119,222,477,-255
118000120,689,861,-172
118000121,12,226,-214
118000122,244,53,191
118000123,13,160,-147
118000125,646,635,11
118000126,203,620,-417
118000127,432,206,226
118000128,290,667,-377
118000129,152,68,84
118000130,1776,2598,-822
118000131,237,620,-383
118000132,518,396,122
118000133,145,274,-129
118000135,53,36,17
118000136,57,311,-254
118000137,216,69,147
118000138,45,309,-264
118000139,29,76,-47
118000140,872,977,-105
118000141,390,602,-212
118000142,486,1225,-739
118000143,253,323,-70
118000144,560,438,122
118000145,505,1569,-1064
118000146,316,794,-478
118000147,280,1217,-937
118000148,116,643,-527
118000149,201,630,-429
118000150,50,69,-19
118000151,30,128,-98
118000153,216,390,-174
118000154,124,686,-562
118000155,180,446,-266
118000156,1052,906,146
118000157,104,187,-83
118000158,40,241,-201
118000159,0,1,-1
118000160,36,103,-67
118000161,106,592,-486
118000162,171,344,-173
118000163,132,298,-166
118000164,735,416,319
118000168,975,106,869
118000169,412,1031,-619
118000170,1583,3548,-1965
118000171,48,130,-82
118000172,10,42,-32
118000173,251,507,-256
118000175,38,76,-38
118000176,41,89,-48
118000177,26,124,-98
118000178,11,15,-4
118000179,404,112,292
118000180,140,200,-60
118000181,220,122,98
118000182,73,126,-53
118000183,45,51,-6
118000184,63,357,-294
118000185,539,304,235
118000186,280,281,-1
118000187,262,610,-348
118000188,67,154,-87
118000189,56,520,-464
118000190,3,8,-5
118000191,9,14,-5
118000192,21,36,-15
118000193,6,69,-63
118000194,800,264,536
118000195,281,189,92
118000196,58,22,36
118000197,68,40,28
118000198,179,116,63
118000199,135,83,52
118000200,8,10,-2
118000201,150,135,15
118000202,3,2,1
118000203,491,88,403
118000204,121,60,61
118000205,145,94,51
118000206,54,56,-2
118000207,1,55,-54
118000208,255,514,-259
118000209,642,997,-355
118000210,1,8,-7
118000211,0,4,-4
118000213,141,203,-62
118000214,288,142,146
118000215,86,170,-84
118000216,3,438,-435
118000217,11,55,-44
118000218,12,47,-35
118000219,119,114,5
118000220,0,0,0
118000221,28,86,-58
118000222,73,21,52
118000223,1,14,-13
118000224,88,46,42
118000225,21,604,-583
118000226,39,16,23
118000227,380,85,295
118000228,79,70,9
118000229,14,3,11
118000230,18,123,-105
118000231,9,94,-85
118000232,186,570,-384
118000233,164,231,-67
118000234,43,192,-149
118000236,110,360,-250
118000237,11,434,-423
118000238,35,260,-225
118000239,55,98,-43
118000240,308,34,274
118000241,12,186,-174
118000242,62,445,-383
118000243,33,141,-108
118000244,4,112,-108
118000246,0,2,-2
118000255,24,131,-107
118000256,13,137,-124
118000259,2,15,-13
118000260,16,41,-25
118000261,4,52,-48
118000263,8,137,-129
118000266,72,253,-181
118000267,0,77,-77
118000268,7,4,3
118000270,5,9,-4
118000271,27,170,-143
118000272,15,5,10
118000273,15,69,-54
118000274,70,224,-154
118000276,51,86,-35
118000295,2,40,-38
118000298,30,251,-221
118000299,31,117,-86
118000301,0,28,-28
118000302,18,50,-32
118000311,31,92,-61
118000312,24,217,-193
118000313,5,85,-80
118000314,10,53,-43
118000315,2,28,-26
118000316,113,314,-201
118000325,7,39,-32
118000326,1,24,-23
118000331,4,46,-42
118000332,10,35,-25
118000333,1,35,-34
118000335,0,0,0
118000336,1,314,-313
118000407,15,32,-17
118000457,7,14,-7
118000465,1496,807,689
118000480,4,65,-61
118000489,5,33,-28
118000490,17,267,-250
118000492,47,124,-77
118000510,31,21,10
118000514,45,193,-148
118000515,59,75,-16
118000517,267,117,150
118000524,379,70,309
118000525,375,400,-25
118000530,4,33,-29
118000531,24,81,-57
118000532,58,196,-138
118000533,130,71,59
118000534,106,235,-129
118000535,22,40,-18
118000536,116,84,32
118000537,2,26,-24
118000538,12,65,-53
118000539,2,17,-15
118000540,38,144,-106
118000541,37,58,-21
118000542,8,41,-33
118000543,17,48,-31
118000546,12,11,1
118000553,8,9,-1
118000560,1904,167,1737
118000562,2,144,-142
118000563,673,518,155
118000576,71,165,-94
118000577,104,69,35
118000578,67,70,-3
118000579,347,382,-35
118000583,0,0,0
118000595,53,20,33
118000596,1,43,-42
118000597,45,92,-47
118000598,1,0,1
118000599,13,28,-15
118000600,1,5,-4
118000601,0,0,0
118000602,0,1,-1
118000603,0,35,-35
118000605,30,442,-412
118900001,519,177,342
118900002,476,143,333
118900003,8,1,7
118900004,1,38,-37
118900005,20,0,20
118900006,4,0,4
118900007,0,0,0
118900008,292,13,279
118900009,0,1,-1
118900010,0,0,0
118900011,23,3,20
118900012,32,99,-67
118900013,92,3,89
118900015,27,19,8
118900016,0,9,-9
118900017,5,8,-3
118900018,222,1,221
118900019,16,2,14
118900020,11,18,-7
118900021,20,157,-137
118900022,44,52,-8
118900023,20,30,-10
118900024,19,48,-29
118900025,1,2,-1
118900026,6,54,-48
118900027,71,41,30
118900028,14,72,-58
118900029,13,134,-121
118900030,0,5,-5
118900031,31,65,-34
118900032,13,59,-46
118900033,60,237,-177
118900034,2,0,2
118900035,29,192,-163
118900036,156,308,-152
118900037,23,70,-47
118900038,50,299,-249
118900039,29,56,-27
118900040,36,53,-17
118900041,22,46,-24
118900042,17,60,-43
118900045,36,48,-12
118900046,591,86,505
118900047,459,95,364
118900048,7,64,-57
118900049,9,4,5
118900050,2,131,-129
118900051,2,11,-9
118900052,12,65,-53
118900053,7,9,-2
118900054,14,56,-42
118900055,7,68,-61
118900056,2,27,-25
118900057,23,100,-77
118900058,53,164,-111
118900059,5,10,-5
118900060,4,77,-73
118900062,15,83,-68
118900064,233,77,156
118900065,11,30,-19
118900066,12,27,-15
118900067,5072,939,4133
118900068,0,23,-23
118900069,77,131,-54
118900071,0,10,-10
118900072,82,119,-37
118900073,17,54,-37
118900074,33,35,-2
118900075,8,13,-5
118900076,37,10,27
118900077,21,64,-43
118900078,3,1,2
118900079,12,48,-36
118900080,1,27,-26
118900081,6,10,-4
118900082,98,44,54
118900083,6,10,-4
118900084,1,7,-6
118900085,118,452,-334
118900086,2,19,-17
118900087,10,51,-41
118900088,0,15,-15
118900089,8,5,3
118900090,83,221,-138
118900091,41,20,21
118900092,16,60,-44
118900093,20,4,16
118900096,35,29,6
118900097,38,485,-447
118900099,6,150,-144
118900100,42,79,-37
118900101,12,442,-430
118900102,0,49,-49
118900103,12,37,-25
118900104,24,135,-111
118900105,104,47,57
118900107,74,59,15
118900108,11,83,-72
118900110,187,123,64
118900111,42,270,-228
118900112,5,32,-27
118900113,3,267,-264
118900114,0,32,-32
118900115,31,169,-138
118900116,35,93,-58
118900117,15,93,-78
118900118,33,317,-284
118900119,22,163,-141
118900120,33,155,-122
118900121,0,118,-118
118900122,0,93,-93
118900123,48,152,-104
118900124,21,90,-69
118900126,4,122,-118
118900129,14,62,-48
118900130,9,16,-7
118900131,28,171,-143
118900132,36,43,-7
118900133,2,18,-16
118900135,30,124,-94
118900136,69,501,-432
118900137,3,8,-5
118900139,43,276,-233
118900140,67,715,-648
118900141,7,157,-150
118900144,27,637,-610
118900145,5,86,-81
118900146,58,462,-404
118900147,8,27,-19
118900148,4,21,-17
118900150,7,80,-73
118900152,118,412,-294
118900157,32,24,8
118900158,1,27,-26
118900159,0,100,-100
118900161,6,0,6
118900163,78,14,64
118900164,0,44,-44
118900165,12,233,-221
118900166,8,2,6
118900167,13,104,-91
118900168,0,35,-35
118900169,14,278,-264
118900170,4,53,-49
118900171,5,25,-20
118900174,9,27,-18
118900175,22,162,-140
118900176,5,49,-44
118900177,1,26,-25
118900178,18,60,-42
118900179,3,28,-25
118900181,48,53,-5
118900182,11,23,-12
118900183,4,18,-14
118900184,47,7,40
118900185,5,70,-65
118900186,7,37,-30
118900187,39,115,-76
118900188,50,124,-74
118900189,5,90,-85
118900190,1,306,-305
118900191,24,8,16
118900192,8,5,3
118900193,11,2,9
118900195,43,378,-335
118900196,11,133,-122
118900197,8,20,-12
118900198,5,26,-21
118900199,4,34,-30
118900200,4,2,2
118900201,2,2,0
118900202,12,32,-20
118900203,1,33,-32
118900204,3,25,-22
118900205,1,9,-8
118900206,1,32,-31
119000001,312,412,-100
119000002,882,1130,-248
119000003,382,1011,-629
119000004,393,612,-219
119000005,530,711,-181
119000006,436,788,-352
119000007,634,970,-336
119000008,602,1465,-863
119000009,1690,1123,567
119000010,4941,2361,2580
119000011,4022,737,3285
119000012,3864,1334,2530
119000013,1263,650,613
119000014,981,1556,-575
119000019,42,75,-33
119000020,282,849,-567
119000021,1082,952,130
119000022,1414,386,1028
119000023,29,55,-26
119000024,1187,1958,-771
119000025,8183,542,7641
119000026,196,110,86
119000027,363,162,201
119000028,756,639,117
119000029,67,124,-57
119000030,276,619,-343
119000031,266,412,-146
119000032,1334,1121,213
119000033,810,711,99
119000034,357,713,-356
119000035,13,231,-218
119000036,260,721,-461
119000037,264,1455,-1191
119000038,34,722,-688
119000039,109,208,-99
119000040,473,199,274
119000041,602,454,148
119000048,2499,2687,-188
119000049,556,2634,-2078
119000050,559,1029,-470
119000051,699,527,172
119000052,808,1271,-463
119000053,798,644,154
119000054,969,1988,-1019
119000055,738,1926,-1188
119000056,488,1103,-615
119000057,395,1435,-1040
119000058,569,1295,-726
119000059,276,635,-359
119000060,332,451,-119
119000061,202,354,-152
119000062,430,788,-358
119000063,65,82,-17
119000064,359,800,-441
119000065,893,2060,-1167
119000066,487,371,116
119000067,653,1496,-843
119000068,369,578,-209
119000069,440,1487,-1047
119000070,428,663,-235
119000071,227,460,-233
119000072,3091,1934,1157
119000073,1882,2403,-521
119000074,271,2171,-1900
119000075,241,1694,-1453
119000076,167,445,-278
119000077,225,231,-6
119000078,102,157,-55
119000079,19,251,-232
119000080,50,130,-80
119000081,42,256,-214
119000082,129,175,-46
119000083,118,165,-47
119000084,55,278,-223
119000085,188,104,84
119000086,78,233,-155
119000087,635,406,229
119000088,171,166,5
119000089,28,68,-40
119000090,31,30,1
119000091,118,130,-12
119000092,205,37,168
119000093,2238,2207,31
119000094,844,2427,-1583
119000095,360,1611,-1251
119000097,1733,786,947
119000098,263,651,-388
119000099,865,883,-18
119000100,940,977,-37
119000101,1259,1549,-290
119000102,290,301,-11
119000103,522,308,214
119000104,1991,960,1031
119000105,208,349,-141
119000106,101,1520,-1419
119000107,171,211,-40
119000108,87,942,-855
119000109,24,294,-270
119000110,208,323,-115
119000111,10,325,-315
119000112,158,167,-9
119000113,1356,171,1185
119000114,312,143,169
119000115,61,36,25
119000116,32,23,9
119000117,22,155,-133
119000118,0,0,0
119000123,910,209,701
119000124,85,142,-57
119000125,475,568,-93
119000126,143,554,-411
119000127,91,642,-551
119000128,44,7,37
119000131,168,887,-719
119000132,1,1,0
119000133,0,4,-4
119000134,453,150,303
119000135,17,101,-84
119000136,20,290,-270
119000137,24,372,-348
119000138,77,344,-267
119000139,25,257,-232
119000140,40,103,-63
119000284,943,1324,-381
119000285,1823,1201,622
119000286,3567,1917,1650
119000287,495,966,-471
119000288,601,867,-266
119000289,728,1914,-1186
119000290,70,284,-214
119000291,7,186,-179
119000293,27,126,-99
119000294,12,10,2
119000295,1151,337,814
119000296,61,82,-21
119000302,3701,715,2986
119000303,0,0,0
119000310,0,0,0
119000314,1030,1961,-931
119000315,0,530,-530
119000316,23,89,-66
119000317,10,407,-397
119900001,46,246,-200
119900002,17,110,-93
119900003,19,827,-808
119900004,212,115,97
119900005,22,79,-57
119900006,42,164,-122
119900007,101,31,70
119900008,1,8,-7
119900009,161,377,-216
119900010,400,644,-244
119900011,8,8,0
119900012,3,21,-18
119900013,540,315,225
119900014,399,98,301
119900015,15,11,4
119900016,5,64,-59
119900017,3,17,-14
119900018,413,43,370
119900019,2,3,-1
119900020,10,71,-61
119900021,17,17,0
119900022,28,71,-43
119900023,308,99,209
119900025,10,19,-9
119900026,466,28,438
119900027,0,5,-5
119900028,24,3,21
119900029,0,4,-4
119900030,47,207,-160
119900031,4,65,-61
119900033,1161,77,1084
119900034,18,108,-90
119900037,11,14,-3
119900038,14,33,-19
119900039,16,0,16
119900040,10,2,8
119900041,16,67,-51
119900042,11,53,-42
119900043,6,81,-75
119900044,77,89,-12
119900046,11,95,-84
119900047,41,14,27
119900048,6,28,-22
119900049,27,23,4
119900050,16,5,11
119900051,52,11,41
119900052,8,96,-88
119900053,81,141,-60
119900054,3,2,1
119900055,221,99,122
119900057,56,62,-6
119900058,27,1,26
119900059,29,30,-1
119900060,24,3,21
119900062,1,32,-31
119900063,1,17,-16
119900065,30,0,30
119900066,0,0,0
119900067,17,38,-21
119900068,72,0,72
119900069,5,20,-15
119900070,54,0,54
119900071,59,3,56
119900073,710,217,493
119900074,2,8,-6
119900075,4217,1139,3078
119900076,33,347,-314
119900077,61,1106,-1045
119900078,44,456,-412
119900079,10,163,-153
119900080,137,751,-614
119900081,36,46,-10
119900082,118,149,-31
119900083,0,26,-26
119900084,84,53,31
119900085,95,38,57
119900087,83,49,34
119900088,64,39,25
119900089,1,436,-435
119900090,115,39,76
119900091,6,775,-769
119900092,1,334,-333
119900093,234,26,208
119900094,8,186,-178
119900095,90,31,59
119900096,9,59,-50
119900097,156,100,56
119900098,5,20,-15
119900099,9,333,-324
119900100,1718,610,1108
119900101,121,390,-269
119900102,12,273,-261
119900103,7,410,-403
119900104,23,183,-160
119900105,147,954,-807
119900106,3,176,-173
119900107,172,2163,-1991
119900108,939,526,413
119900109,8,112,-104
119900110,78,477,-399
119900111,12,241,-229
119900112,1605,217,1388
119900113,28,490,-462
119900114,46,1351,-1305
119900115,32,1022,-990
119900116,22,115,-93
119900117,55,757,-702
119900118,9,886,-877
119900119,38,189,-151
119900120,316,474,-158
119900121,62,994,-932
119900122,98,325,-227
119900123,55,103,-48
119900124,19,783,-764
119900125,19,316,-297
119900126,4398,94,4304
119900127,1591,400,1191
119900128,36,574,-538
119900129,30,625,-595
119900130,32,174,-142
119900131,3,263,-260
119900132,2,217,-215
119900133,3,12,-9
119900134,1164,113,1051
119900135,3,374,-371
119900136,84,377,-293
119900138,202,454,-252
119900139,1,34,-33
119900140,1,74,-73
119900141,71,102,-31
119900142,2,12,-10
119900143,1,192,-191
119900144,1385,82,1303
119900145,20,156,-136
119900146,42,63,-21
119900147,1,53,-52
119900148,49,21,28
119900149,941,795,146
119900150,31,119,-88
119900151,483,421,62
119900152,22,238,-216
119900153,11,22,-11
119900154,2,327,-325
119900155,11,12,-1
119900156,1,2,-1
119900157,6,138,-132
119900158,27,26,1
119900159,4,1244,-1240
119900160,5,239,-234
119900161,77,168,-91
119900162,200,181,19
119900163,61,45,16
119900164,0,0,0
119900165,12,128,-116
119900166,18,9,9
119900167,27,124,-97
119900168,160,205,-45
119900169,56,78,-22
119900170,23,51,-28
119900171,212,379,-167
119900172,36,6,30
119900173,3,437,-434
119900174,2,247,-245
119900175,109,315,-206
119900177,10,206,-196
119900178,4,161,-157
119900179,11,91,-80
119900180,268,276,-8
119900181,38,8,30
119900182,0,335,-335
119900183,72,759,-687
119900184,1875,303,1572
119900185,1,39,-38
119900186,8,67,-59
119900187,1,469,-468
119900188,6,141,-135
119900189,61,62,-1
119900190,14,51,-37
119900191,72,65,7
119900192,1,146,-145
119900193,42,87,-45
119900194,7,20,-13
119900195,7,167,-160
119900196,1356,188,1168
119900197,19,47,-28
119900198,11,301,-290
119900199,100,9,91
119900200,61,209,-148
119900201,230,110,120
119900202,60,13,47
119900203,25,94,-69
119900204,18,140,-122
119900205,62,273,-211
119900206,6,100,-94
119900208,12,31,-19
119900209,70,158,-88
119900210,0,18,-18
119900211,24,5,19
119900212,38,263,-225
119900213,1,26,-25
119900214,1,70,-69
119900215,1,76,-75
119900216,3,71,-68
119900217,1,57,-56
119900218,6,46,-40
119900219,1,160,-159
119900220,6,127,-121
119900221,5,303,-298
119900222,3,228,-225
119900223,8,81,-73
119900224,18,22,-4
119900225,915,18,897
119900226,680,347,333
119900227,1304,219,1085
119900228,31,159,-128
119900229,102,199,-97
119900230,572,287,285
119900231,12,89,-77
119900232,34,6,28
119900233,8,0,8
119900234,6,18,-12
119900235,3,4,-1
119900236,1,176,-175
119900237,12,356,-344
119900238,2,77,-75
119900240,7,101,-94
119900241,36,180,-144
119900242,1008,261,747
119900244,306,600,-294
119900245,28,48,-20
119900246,40,54,-14
119900247,10,10,0
119900248,5,14,-9
119900249,40,10,30
119900253,2163,99,2064
119900254,12,58,-46
119900255,39,368,-329
119900256,48,1209,-1161
119900257,1,0,1
119900258,5,2,3
119900259,2,217,-215
119900260,3,0,3
119900261,26,88,-62
119900262,0,238,-238
119900263,409,302,107
119900264,29,175,-146
119900265,55,127,-72
119900266,37,194,-157
119900267,19,247,-228
119900268,13,188,-175
119900269,65,746,-681
119900271,8,62,-54
119900272,16,19,-3
119900275,26,4,22
119900276,4,0,4
119900277,1,0,1
119900278,120,15,105
119900279,38,63,-25
119900280,486,133,353
119900281,3,28,-25
119900282,3,2,1
119900283,2,223,-221
119900284,16,130,-114
119900285,6,18,-12
119900286,3,10,-7
119900288,1,8,-7
119900289,0,12,-12
119900290,1,16,-15
119900291,1,16,-15
119900292,4,2,2
119900293,3,1,2
119900294,1,0,1
119900295,0,0,0
119900296,1,1,0
119900299,9,266,-257
119900300,18,225,-207
119900301,6,12,-6
119900302,0,22,-22
119900303,10,110,-100
119900304,12,12,0
119900305,11,55,-44
119900306,6,0,6
119900307,7,77,-70
119900308,1,5,-4
119900309,7,13,-6
119900310,50,207,-157
119900311,9,89,-80
119900312,16,42,-26
119900313,51,251,-200
119900314,14,58,-44
119900315,121,1867,-1746
119900318,0,4,-4
119900319,1,359,-358
119900320,6,659,-653
119900321,13,0,13
119900322,16,30,-14
119900323,2,74,-72
119900324,0,31,-31
119900325,7,254,-247
119900326,101,26,75
120000001,4464,2523,1941
120000002,1197,2272,-1075
120000003,2151,1470,681
120000004,1926,1815,111
120000005,3289,1437,1852
120000006,887,860,27
120000007,1618,1307,311
120000008,508,978,-470
120000009,3640,678,2962
120000010,643,2609,-1966
120000011,394,1472,-1078
120000012,998,2200,-1202
120000013,666,1786,-1120
120000014,258,1012,-754
120000015,771,990,-219
120000016,928,595,333
120000017,351,514,-163
120000018,2240,2398,-158
120000019,251,283,-32
120000020,766,826,-60
120000021,770,701,69
120000022,1585,1368,217
120000023,287,704,-417
120000024,638,952,-314
120000025,693,1140,-447
120000026,252,1176,-924
120000027,482,939,-457
120000028,260,170,90
120000029,1222,220,1002
120000030,23,385,-362
120000031,1027,2076,-1049
120000032,7260,1792,5468
120000033,825,992,-167
120000034,433,1441,-1008
120000035,547,1340,-793
120000036,863,1962,-1099
120000037,148,278,-130
120000038,7037,1714,5323
120000039,164,611,-447
120000040,15,54,-39
120000041,108,1511,-1403
120000042,605,4098,-3493
120000043,2181,1791,390
120000044,1031,805,226
120000045,1118,687,431
120000046,657,989,-332
120000047,1159,1418,-259
120000048,5817,1525,4292
120000049,900,1557,-657
120000050,1035,2522,-1487
120000051,2671,2094,577
120000052,11921,1430,10491
120000053,488,3435,-2947
120000054,894,5751,-4857
120000055,461,2950,-2489
120000056,1662,3534,-1872
120000057,647,805,-158
120000058,78,154,-76
120000059,85,823,-738
120000061,39,456,-417
120000062,143,226,-83
120000063,1289,2651,-1362
120000064,114,1433,-1319
120000065,102,1515,-1413
120000066,31,359,-328
120000067,14,336,-322
120000068,49,942,-893
120000069,230,1208,-978
120000070,12,850,-838
120000071,41,123,-82
120000072,102,278,-176
120000073,91,62,29
120000074,16,31,-15
120000075,77,152,-75
120000076,232,148,84
120000077,353,190,163
120000078,1975,253,1722
120000079,38,294,-256
120000080,19,126,-107
120000081,63,79,-16
120000082,45,79,-34
120000083,50,157,-107
120000084,202,353,-151
120000085,221,353,-132
120000086,84,574,-490
120000087,57,942,-885
120000088,162,689,-527
120000089,151,97,54
120000090,72,121,-49
120000091,179,233,-54
120000092,140,144,-4
120000093,36,154,-118
120000094,28,121,-93
120000095,269,471,-202
120000096,101,1018,-917
120000098,268,758,-490
120000099,87,512,-425
120000100,177,652,-475
120000101,104,369,-265
120000102,67,188,-121
120000103,136,137,-1
120000104,253,93,160
120000105,314,125,189
120000106,306,108,198
120000107,364,128,236
120000108,133,37,96
120000109,187,18,169
120000110,49,759,-710
120000111,45,1039,-994
120000112,265,3264,-2999
120000113,208,2389,-2181
120000114,211,1671,-1460
120000115,136,1523,-1387
120000116,161,1384,-1223
120000117,743,1337,-594
120000118,6,7,-1
120000119,2,10,-8
120000120,10,10,0
120000121,4,10,-6
120000122,36,28,8
120000123,4209,645,3564
120000124,115,209,-94
120000125,95,401,-306
120000126,44,225,-181
120000127,364,193,171
120000128,807,920,-113
120000129,39,79,-40
120000130,251,165,86
120000131,63,312,-249
120000134,134,922,-788
120000135,25,245,-220
120000137,30,1536,-1506
120000138,53,390,-337
120000139,25,687,-662
120000140,83,509,-426
120000141,36,362,-326
120000142,55,404,-349
120000143,1,60,-59
120000144,3,0,3
120000145,32,1,31
120000146,796,266,530
120000149,229,636,-407
120000150,3373,2913,460
120000151,161,183,-22
120000152,70,210,-140
120000153,27,460,-433
120000154,147,212,-65
120000155,50,91,-41
120000156,676,152,524
120000157,246,303,-57
120000158,335,592,-257
120000159,878,1612,-734
120000160,690,490,200
120000161,396,1844,-1448
120000162,12,88,-76
120000163,81,1051,-970
120000164,101,348,-247
120000165,61,816,-755
120000166,133,414,-281
120000167,2,8,-6
120000168,1,20,-19
120000169,90,46,44
120000170,129,22,107
120000171,31,12,19
120000172,28,7,21
120000173,1112,26,1086
120000174,185,4,181
120000175,364,6,358
120000176,75,58,17
120000177,667,364,303
120000178,29,1,28
120000179,158,10,148
120000180,204,41,163
120000181,19,14,5
120000182,28,13,15
120000183,0,66,-66
120000184,19,1144,-1125
120000186,10,12,-2
120000187,14,5,9
120000188,58,10,48
120000190,430,0,430
120000191,740,1,739
120000192,763,4,759
120000193,292,0,292
120000195,34,0,34
120000196,83,6,77
120000197,27,33,-6
120000198,15,154,-139
120000199,9,0,9
120000200,21,0,21
120000201,1,6,-5
120000202,10,49,-39
120000203,7,309,-302
120000207,4,86,-82
120000208,1,187,-186
120000209,2,94,-92
120000210,134,53,81
120000211,18,2,16
120000212,24,1,23
120000213,43,414,-371
120000214,3,412,-409
120000215,1,94,-93
120000216,16,3,13
120000217,548,1247,-699
120000218,195,1499,-1304
120000219,7,951,-944
120000220,15,2957,-2942
120000225,96,0,96
120000226,16,2,14
120000227,206,5,201
120000228,7184,874,6310
120000230,27,4,23
120000231,110,1841,-1731
120000233,26,12,14
120000235,62,511,-449
120000236,0,1,-1
120000237,1,2081,-2080
120000238,0,28,-28
120000241,323,590,-267
120000412,763,2,761
120000413,25,277,-252
120000414,13,4,9
120000415,0,146,-146
120000416,4,8,-4
120000417,1,50,-49
120000418,11,3,8
120000419,5,325,-320
120000420,17,9,8
120000421,11870,4321,7549
120000422,194,221,-27
120000423,0,37,-37
120000424,12,176,-164
120000436,75,108,-33
120000437,117,125,-8
120000438,3927,268,3659
120000439,41,82,-41
120000443,27,1,26
120000444,94,338,-244
120000445,395,353,42
120000446,428,84,344
120000447,0,1,-1
120000449,7,4,3
120000450,3,338,-335
120000451,9,109,-100
120000452,5,0,5
120000453,4,302,-298
120000454,0,0,0
120000455,14,33,-19
120000456,2199,1186,1013
120000457,802,681,121
120000458,207,501,-294
120000459,12,28,-16
120000665,321,81,240
120000668,56,60,-4
120000669,17,336,-319
120000670,145,212,-67
120000671,132,94,38
120000672,54,348,-294
120900001,6,18,-12
120900002,27,154,-127
120900003,65,6,59
120900004,3,12,-9
120900005,25,1387,-1362
120900006,29,83,-54
120900007,24,129,-105
120900008,21,715,-694
120900009,85,55,30
120900010,81,15,66
120900011,189,47,142
120900012,606,192,414
120900013,55,13,42
120900014,6,596,-590
120900015,50,44,6
120900016,76,35,41
120900017,2270,87,2183
120900018,21,307,-286
120900019,75,27,48
120900020,149,150,-1
120900021,47,8,39
120900022,12,275,-263
120900023,23,26,-3
120900024,744,285,459
120900025,1409,387,1022
120900026,13,92,-79
120900027,204,59,145
120900028,35,18,17
120900029,8,83,-75
120900030,199,176,23
120900031,25,12,13
120900032,131,92,39
120900033,106,9,97
120900034,22,643,-621
120900035,7,57,-50
120900037,18,1,17
120900038,13,56,-43
120900039,6,13,-7
120900040,15,0,15
120900041,41,15,26
120900042,23,26,-3
120900043,11,3,8
120900044,2,274,-272
120900045,44,136,-92
120900046,48,1,47
120900047,31,9,22
120900048,6,2,4
120900049,36,1,35
120900050,2612,357,2255
120900051,65,40,25
120900052,38,0,38
120900053,40,39,1
120900054,531,465,66
120900055,21,1,20
120900056,50,3,47
120900057,18,8,10
120900058,38,0,38
120900059,13,1,12
120900060,8,14,-6
120900061,79,202,-123
120900062,32,0,32
120900063,58,0,58
120900064,45,0,45
120900065,44,3,41
120900066,23,218,-195
120900067,24,10,14
120900068,22,0,22
120900069,16,79,-63
120900071,4,0,4
120900072,93,1,92
120900073,31,168,-137
120900074,55,0,55
120900076,21,0,21
120900077,2125,126,1999
120900078,83,578,-495
120900079,81,55,26
120900080,47,2356,-2309
120900081,114,693,-579
120900082,222,142,80
120900083,12,3,9
120900084,37,55,-18
120900085,49,26,23
120900086,57,50,7
120900087,63,30,33
120900088,102,66,36
120900089,3893,335,3558
120900090,18,133,-115
120900091,111,59,52
120900092,187,547,-360
120900093,3687,210,3477
120900094,261,125,136
120900095,41,4,37
120900096,9,52,-43
120900097,292,1214,-922
120900098,121,157,-36
120900099,21,73,-52
120900100,27,400,-373
120900101,101,277,-176
120900102,1,65,-64
120900103,21,68,-47
120900104,13,48,-35
120900105,11,892,-881
120900106,761,445,316
120900107,339,121,218
120900108,2,908,-906
120900109,19,734,-715
120900110,4,305,-301
120900111,65,321,-256
120900112,3,1255,-1252
120900113,0,812,-812
120900114,17,275,-258
120900115,69,78,-9
120900116,12,565,-553
120900117,4,509,-505
120900118,3,799,-796
120900119,2784,1608,1176
120900120,19,719,-700
120900121,36,299,-263
120900122,17,535,-518
120900123,1,383,-382
120900124,0,644,-644
120900125,5,783,-778
120900126,557,440,117
120900127,5,512,-507
120900128,507,764,-257
120900129,19,367,-348
120900130,0,388,-388
120900131,12,60,-48
120900132,57,293,-236
120900133,94,944,-850
120900134,147,303,-156
120900135,6,645,-639
120900136,6,4,2
120900137,9,63,-54
120900138,4,190,-186
120900139,6,793,-787
120900140,0,21,-21
120900141,10,58,-48
120900142,7,835,-828
120900143,2,869,-867
120900144,0,252,-252
120900145,7,774,-767
120900146,2,886,-884
120900147,1,176,-175
120900148,13,63,-50
120900149,2,326,-324
120900150,6,401,-395
120900151,2,557,-555
120900152,0,50,-50
120900153,3,44,-41
120900154,0,265,-265
120900155,41,1030,-989
120900156,8,390,-382
120900157,7,189,-182
120900158,9,479,-470
120900159,6,555,-549
120900160,36,269,-233
120900161,3,1307,-1304
120900162,3,1230,-1227
120900163,1,33,-32
120900164,0,0,0
120900165,2,1,1
120900166,9,38,-29
120900167,24,30,-6
120900169,13,454,-441
120900170,1454,452,1002
120900171,958,193,765
120900172,475,15,460
120900173,2,35,-33
120900174,1,81,-80
120900175,205,113,92
120900176,3,76,-73
120900177,0,98,-98
120900178,1,73,-72
120900179,266,269,-3
120900180,64,33,31
120900181,1,46,-45
120900182,4,206,-202
120900183,368,58,310
120900184,62,72,-10
120900185,2,264,-262
120900186,2,409,-407
120900187,106,216,-110
120900188,15,12,3
120900189,25,85,-60
120900190,2,19,-17
120900191,1,12,-11
120900192,12017,663,11354
120900194,25,74,-49
120900195,66,271,-205
120900196,178,26,152
120900197,60,11,49
120900198,93,492,-399
120900199,41,44,-3
120900200,60,27,33
120900201,446,91,355
120900202,3,198,-195
120900203,5,22,-17
120900204,282,359,-77
120900205,33,58,-25
120900206,0,9,-9
120900207,34,909,-875
121000001,571,735,-164
121000002,684,555,129
121000003,3239,1317,1922
121000004,1582,1051,531
121000005,1171,1528,-357
121000006,1508,628,880
121000007,1668,1901,-233
121000008,1788,934,854
121000009,5264,2661,2603
121000010,4844,1278,3566
121000011,10125,4581,5544
121000012,11304,2545,8759
121000013,4240,3223,1017
121000014,4902,3143,1759
121000015,2522,3572,-1050
121000016,2388,2133,255
121000017,686,1977,-1291
121000018,899,827,72
121000019,7587,3428,4159
121000020,5102,2597,2505
121000021,1145,1756,-611
121000022,781,863,-82
121000023,1511,1581,-70
121000024,931,1798,-867
121000025,349,272,77
121000026,85,45,40
121000027,1078,559,519
121000028,320,199,121
121000029,215,313,-98
121000030,63,99,-36
121000031,167,400,-233
121000032,53,37,16
121000034,18,8,10
121000035,15,42,-27
121000036,252,289,-37
121000037,212,330,-118
121000038,232,196,36
121000039,127,136,-9
121000041,88,186,-98
121000042,38,136,-98
121000043,463,255,208
121000044,626,197,429
121000045,126,217,-91
121000046,34,170,-136
121000047,4,28,-24
121000049,994,475,519
121000050,128,514,-386
121000051,139,153,-14
121000052,96,316,-220
121000053,59,0,59
121000054,10,111,-101
121000055,1143,603,540
121000056,443,471,-28
121000057,73,140,-67
121000058,304,65,239
121000059,607,400,207
121000060,188,258,-70
121000061,20,59,-39
121000062,39,61,-22
121000063,298,286,12
121000064,147,223,-76
121000065,137,162,-25
121000066,164,248,-84
121000067,607,116,491
121000068,117,149,-32
121000069,411,74,337
121000070,447,600,-153
121000071,249,379,-130
121000072,474,314,160
121000073,282,367,-85
121000074,67,142,-75
121000075,63,20,43
121000076,783,175,608
121000077,52,15,37
121000078,108,53,55
121000080,1509,280,1229
121000081,621,556,65
121000082,78,141,-63
121000083,98,37,61
121000084,82,61,21
121000085,296,316,-20
121000086,125,336,-211
121000087,16,82,-66
121000088,216,269,-53
121000089,120,82,38
121000090,125,157,-32
121000091,1523,379,1144
121000092,64,74,-10
121000093,85,133,-48
121000094,159,101,58
121000095,95,128,-33
121000096,1860,1088,772
121000097,1196,780,416
121000098,130,602,-472
121000099,131,582,-451
121000100,103,373,-270
121000101,11,18,-7
121000102,19,286,-267
121000103,6,23,-17
121000104,31,115,-84
121000105,90,220,-130
121000106,11,22,-11
121000107,1210,2278,-1068
121000109,1049,676,373
121000110,133,232,-99
121000114,1401,1253,148
121000115,627,471,156
121000116,334,458,-124
121000117,837,101,736
121000118,640,118,522
121000119,75,157,-82
121000120,101,244,-143
121000121,86,273,-187
121000123,291,180,111
121000127,31,60,-29
121000128,75,363,-288
121000129,91,234,-143
121000130,130,511,-381
121000131,342,279,63
121000132,296,317,-21
121000135,132,109,23
121000136,630,192,438
121000137,190,66,124
121000138,254,190,64
121000139,131,44,87
121000141,81,67,14
121000142,508,219,289
121000143,59,12,47
121000144,331,510,-179
121000145,162,671,-509
121000146,333,430,-97
121000147,273,257,16
121000148,203,487,-284
121000149,723,685,38
121000152,125,167,-42
121000153,1181,285,896
121000154,397,278,119
121000155,536,394,142
121000156,274,374,-100
121000157,1251,755,496
121000158,179,322,-143
121000159,114,532,-418
121000160,145,639,-494
121000161,38,214,-176
121000162,15,253,-238
121000165,875,466,409
121000166,49,221,-172
121000168,57,129,-72
121000169,9,143,-134
121000170,33,26,7
121000171,43,108,-65
121000172,141,254,-113
121000173,795,449,346
121000174,84,268,-184
121000175,127,229,-102
121000176,172,122,50
121000177,218,354,-136
121000178,40,56,-16
121000179,16,41,-25
121000181,123,133,-10
121000182,23,88,-65
121000183,27,32,-5
121000184,2,28,-26
121000185,4,86,-82
121000186,61,221,-160
121000187,90,181,-91
121000188,40,162,-122
121000192,255,254,1
121000193,167,172,-5
121000194,1489,1152,337
121000195,182,498,-316
121000196,234,81,153
121000197,62,406,-344
121000198,57,59,-2
121000199,33,415,-382
121000200,130,53,77
121000201,2,185,-183
121000202,59,20,39
121000203,121,1388,-1267
121000204,330,155,175
121000205,41,249,-208
121000206,38,48,-10
121000207,293,267,26
121000208,4,360,-356
121000209,38,427,-389
121000210,61,463,-402
121000211,19,91,-72
121000212,109,464,-355
121000213,4060,877,3183
121000214,331,475,-144
121000215,763,365,398
121000216,147,202,-55
121000217,1670,734,936
121000218,281,1194,-913
121000219,346,183,163
121000220,169,49,120
121000221,49,178,-129
121000222,1199,1450,-251
121000223,205,256,-51
121000224,39,24,15
121000225,508,340,168
121000226,537,214,323
121000227,6,140,-134
121000228,9,718,-709
121000229,32,371,-339
121000230,59,1416,-1357
121000231,0,0,0
121000232,98,36,62
121000233,89,220,-131
121000234,5,12,-7
121000235,13,2,11
121000236,0,40,-40
121000237,0,3,-3
121000238,0,38,-38
121000239,2,1,1
121000240,3,99,-96
121000241,37,5,32
121000242,3,98,-95
121000243,13,1,12
121000244,0,52,-52
121000245,1,3,-2
121000246,0,61,-61
121000247,11,1,10
121000248,84,198,-114
121000249,12,153,-141
121000250,38,25,13
121000251,11,428,-417
121000252,8,11,-3
121000253,65,477,-412
121000254,174,154,20
121000255,52,76,-24
121000256,32,64,-32
121000257,12,27,-15
121000258,17,29,-12
121000259,5,14,-9
121000260,23,89,-66
121000261,7,14,-7
121000262,795,303,492
121000263,323,381,-58
121000271,142,867,-725
121000273,21,6,15
121000274,0,9,-9
121000275,0,16,-16
121000276,1,5,-4
121000278,18,41,-23
121000279,8,9,-1
121000280,3,43,-40
121000289,21,3,18
121000290,438,334,104
121000294,25,166,-141
121000297,431,206,225
121000299,125,110,15
121000300,511,219,292
121000302,7,103,-96
121000303,80,131,-51
121000304,37,2,35
121000305,20,7,13
121000306,5,10,-5
121000308,119,165,-46
121000309,160,293,-133
121000310,13,268,-255
121000311,42,357,-315
121000312,55,41,14
121000313,365,192,173
121000314,49,33,16
121000315,36,43,-7
121000530,374,908,-534
121000531,407,905,-498
121000532,3023,1672,1351
121000533,987,929,58
121000918,4,195,-191
121000919,1,13,-12
121000938,58,49,9
121000939,46,37,9
121000956,202,845,-643
121000957,7,9,-2
121000958,10,50,-40
121000959,65,706,-641
121000960,309,1305,-996
121000961,75,5,70
121000962,142,304,-162
121000973,0,130,-130
121000976,3,22,-19
121000979,5,1,4
121000981,84,10,74
121000982,37,64,-27
121000983,62,274,-212
121000984,9,7,2
121000985,78,334,-256
121000986,22,293,-271
121000987,62,1062,-1000
121000988,173,67,106
121001302,174,95,79
121001308,0,11,-11
121001309,26,23,3
121001313,30,365,-335
121001314,3505,2062,1443
121001315,2551,842,1709
121900001,37,99,-62
121900002,1,3,-2
121900003,3,0,3
121900004,5,102,-97
121900005,0,3,-3
121900006,1,1,0
121900007,30,166,-136
121900008,710,13,697
121900009,0,0,0
121900010,36,0,36
121900011,12,67,-55
121900012,0,0,0
121900013,55,0,55
121900014,76,22,54
121900015,7,14,-7
121900016,0,0,0
121900017,34,41,-7
121900018,42,3,39
121900019,30,62,-32
121900020,0,0,0
121900021,136,1,135
121900022,15,7,8
121900023,1,18,-17
121900024,87,8,79
121900025,42,47,-5
121900026,0,0,0
121900027,19,16,3
121900028,6,0,6
121900029,0,8,-8
121900030,81,107,-26
121900031,137,451,-314
121900032,27,9,18
121900033,12,26,-14
121900034,27,5,22
121900035,200,110,90
121900036,4,12,-8
121900037,13,112,-99
121900038,3,24,-21
121900039,18,2,16
121900040,0,8,-8
121900041,4,27,-23
121900042,12,23,-11
121900043,0,2,-2
121900044,128,8,120
121900046,0,0,0
121900047,22,5,17
121900048,2,43,-41
121900050,1,4,-3
121900051,8,37,-29
121900052,2,1,1
121900053,34,55,-21
121900054,33,64,-31
121900055,0,0,0
121900058,15,56,-41
121900059,4,8,-4
121900060,10,48,-38
121900061,6,10,-4
121900062,2,2,0
121900063,60,54,6
121900064,13,98,-85
121900066,0,0,0
121900067,0,0,0
121900069,102,77,25
121900070,18,31,-13
121900071,20,39,-19
121900072,0,32,-32
121900073,15,33,-18
121900074,15,32,-17
121900075,35,40,-5
121900076,4,73,-69
121900077,0,4,-4
121900078,0,0,0
121900079,0,0,0
121900080,61,99,-38
121900082,2,22,-20
121900084,1,134,-133
121900085,0,4,-4
121900086,0,0,0
121900087,39,13,26
121900088,419,487,-68
121900089,4,61,-57
121900090,0,47,-47
121900091,0,23,-23
121900092,0,0,0
121900093,12,8,4
121900094,3,0,3
121900095,53,28,25
121900096,155,13,142
121900097,9,5,4
121900098,0,0,0
121900099,0,0,0
121900100,7,16,-9
121900101,8,11,-3
121900102,0,5,-5
121900103,36,12,24
121900104,146,36,110
121900105,7,4,3
121900106,0,0,0
121900107,0,0,0
121900108,0,0,0
121900109,35,13,22
121900110,31,346,-315
121900111,198,74,124
121900112,9,7,2
121900113,4,10,-6
121900114,0,0,0
121900117,7,6,1
121900118,378,36,342
121900119,4,120,-116
121900120,4,430,-426
121900121,0,0,0
121900122,0,0,0
121900123,38,81,-43
121900124,11,61,-50
121900125,214,319,-105
121900127,0,8,-8
121900128,3,63,-60
121900129,564,37,527
121900130,2,27,-25
121900131,30,38,-8
121900132,6,33,-27
121900133,2,7,-5
121900134,0,17,-17
121900135,365,26,339
121900136,4,132,-128
121900137,12,76,-64
121900138,3,24,-21
121900139,95,78,17
121900140,3,10,-7
121900141,3,0,3
121900142,2,14,-12
121900143,0,16,-16
121900144,199,186,13
121900145,8,22,-14
121900146,84,160,-76
121900147,25,118,-93
121900148,9,60,-51
121900149,29,156,-127
121900150,31,80,-49
121900151,25,43,-18
121900152,15,25,-10
121900153,5,49,-44
121900154,4,30,-26
121900155,0,19,-19
121900156,63,46,17
121900157,0,128,-128
121900158,17,33,-16
121900159,0,30,-30
121900160,1,60,-59
121900161,75,52,23
121900162,31,30,1
121900163,10,381,-371
121900164,39,42,-3
121900165,3,38,-35
121900166,34,33,1
121900167,30,22,8
121900168,16,29,-13
121900169,0,217,-217
121900170,0,33,-33
121900171,43,62,-19
121900172,16,80,-64
121900173,57,7,50
121900174,0,0,0
121900175,6,23,-17
121900176,156,803,-647
121900177,21,22,-1
121900178,0,11,-11
121900179,13,16,-3
121900180,3438,737,2701
121900182,28,58,-30
121900183,61,71,-10
121900184,5,98,-93
121900186,1,145,-144
121900187,3,27,-24
121900188,141,49,92
121900189,6,14,-8
121900190,46,94,-48
121900191,1,1,0
121900192,154,95,59
121900193,0,24,-24
121900194,0,54,-54
121900195,6,18,-12
121900196,19,46,-27
121900197,104,822,-718
121900198,348,63,285
121900199,3,8,-5
121900200,20,26,-6
121900201,93,59,34
121900202,19,55,-36
121900203,10,41,-31
121900204,194,73,121
121900205,0,13,-13
121900206,0,4,-4
121900207,17,5,12
121900208,8,36,-28
121900209,3,2,1
121900210,47,46,1
121900211,1,16,-15
121900212,7,14,-7
121900213,3,18,-15
121900214,4,98,-94
121900215,3,1,2
121900216,8,6,2
121900217,10,6,4
121900218,9,13,-4
121900220,39,1,38
121900221,30,86,-56
121900222,4,24,-20
121900223,0,1,-1
121900224,1,0,1
121900225,2,0,2
121900226,2,787,-785
121900227,6,35,-29
121900228,24,17,7
121900230,20,4,16
121900231,71,18,53
121900232,31,56,-25
121900233,66,53,13
121900234,7,38,-31
121900235,7,34,-27
121900236,10,15,-5
121900237,54,115,-61
121900238,35,53,-18
121900239,10,12,-2
121900240,18,19,-1
121900241,0,5,-5
121900242,0,0,0
121900243,0,0,0
121900244,0,0,0
121900245,22,23,-1
121900246,4,6,-2
121900247,52,46,6
121900248,135,89,46
121900250,47,31,16
121900251,8,0,8
121900252,249,36,213
121900253,87,394,-307
121900254,109,58,51
121900255,11,11,0
121900258,134,35,99
121900259,31,37,-6
121900260,3,43,-40
121900261,15,38,-23
121900262,81,92,-11
121900263,6,53,-47
121900264,526,165,361
121900265,52,83,-31
121900266,10,29,-19
121900267,0,0,0
121900269,4,29,-25
121900270,5,29,-24
121900271,0,39,-39
121900273,72,224,-152
121900274,14,83,-69
121900277,43,551,-508
121900278,6,255,-249
121900279,51,164,-113
121900280,17,66,-49
121900281,25,3,22
121900284,4,0,4
121900286,9,65,-56
121900287,2,4,-2
121900288,0,0,0
121900290,50,60,-10
121900291,112,165,-53
121900292,16,20,-4
121900293,382,1469,-1087
121900294,48,0,48
121900295,4,50,-46
121900296,0,0,0
121900298,30,80,-50
121900299,0,0,0
121900300,0,0,0
121900301,0,0,0
121900302,0,28,-28
121900303,16,58,-42
121900304,0,0,0
121900305,0,0,0
121900306,0,0,0
121900307,0,0,0
121900308,1,139,-138
121900309,4,151,-147
121900310,2,231,-229
121900311,20,4,16
121900312,11,2,9
121900313,32,3,29
121900314,0,25,-25
121900315,0,0,0
121900316,0,1,-1
121900317,0,0,0
121900318,0,4,-4
121900319,0,0,0
121900320,7,11,-4
121900321,0,0,0
121900322,0,12,-12
121900323,6,2,4
121900324,0,0,0
121900325,0,0,0
121900326,0,2,-2
121900327,0,19,-19
121900328,0,7,-7
121900329,1,64,-63
121900330,0,12,-12
121900331,1,0,1
121900332,2,0,2
121900333,0,0,0
121900334,0,0,0
122000001,931,1091,-160
122000002,1704,522,1182
122000003,741,454,287
122000004,1139,345,794
122000005,1044,339,705
122000006,753,169,584
122000007,416,351,65
122000008,2462,1244,1218
122000009,345,65,280
122000010,1270,1342,-72
122000011,1492,418,1074
122000012,632,624,8
122000013,628,508,120
122000014,590,631,-41
122000015,533,384,149
122000016,204,293,-89
122000017,533,536,-3
122000018,591,677,-86
122000019,323,897,-574
122000020,89,87,2
122000021,366,209,157
122000022,316,251,65
122000023,166,479,-313
122000024,395,407,-12
122000025,466,579,-113
122000026,845,334,511
122000027,304,1546,-1242
122000028,291,133,158
122000029,125,97,28
122000030,217,48,169
122000031,68,63,5
122000032,435,746,-311
122000033,284,349,-65
122000034,229,226,3
122000035,157,263,-106
122000036,191,377,-186
122000037,174,91,83
122000038,103,173,-70
122000039,205,212,-7
122000040,195,108,87
122000041,111,247,-136
122000042,66,165,-99
122000043,37,33,4
122000044,44,38,6
122000045,496,229,267
122000046,254,338,-84
122000047,129,78,51
122000048,1110,1103,7
122000049,1865,987,878
122000050,511,370,141
122000051,112,114,-2
122000052,160,68,92
122000053,51,216,-165
122000054,935,750,185
122000055,833,877,-44
122000056,1874,1337,537
122000057,1765,1085,680
122000058,1783,771,1012
122000059,1664,1077,587
122000060,575,298,277
122000061,322,88,234
122000062,545,117,428
122000063,186,205,-19
122000064,1764,1859,-95
122000065,1823,1416,407
122000066,481,575,-94
122000067,413,548,-135
122000068,264,351,-87
122000069,280,430,-150
122000070,107,660,-553
122000071,295,394,-99
122000072,119,164,-45
122000073,142,206,-64
122000074,375,282,93
122000075,111,253,-142
122000076,575,455,120
122000077,373,350,23
122000078,1301,1268,33
122000079,349,317,32
122000080,222,108,114
122000081,26,59,-33
122000082,380,260,120
122000083,410,1215,-805
122000084,368,372,-4
122000085,108,785,-677
122000086,836,1117,-281
122000087,125,69,56
122000088,111,112,-1
122000089,2212,1108,1104
122000090,77,165,-88
122000091,99,44,55
122000092,22,5,17
122000093,757,853,-96
122000094,2514,818,1696
122000095,977,471,506
122000096,630,232,398
122000098,946,806,140
122000099,591,388,203
122000100,412,248,164
122000101,74,244,-170
122000102,792,549,243
122000103,356,637,-281
122000104,90,79,11
122000105,52,126,-74
122000106,264,192,72
122000107,202,225,-23
122000108,125,355,-230
122000109,52,66,-14
122000110,112,199,-87
122000111,1265,556,709
122000112,257,481,-224
122000113,141,314,-173
122000114,1041,1025,16
122000115,1014,476,538
122000116,188,183,5
122000117,355,131,224
122000118,180,121,59
122000119,1216,680,536
122000120,1524,1181,343
122000121,1814,904,910
122000122,358,473,-115
122000123,734,343,391
122000124,253,148,105
122000125,187,317,-130
122000126,244,275,-31
122000127,558,465,93
122000128,309,415,-106
122000129,119,98,21
122000130,616,159,457
122000131,728,203,525
122000132,615,268,347
122000133,385,1137,-752
122000134,208,217,-9
122000135,253,638,-385
122000136,59,71,-12
122000137,204,284,-80
122000139,572,960,-388
122000140,430,195,235
122000141,2448,340,2108
122000142,92,309,-217
122000143,183,132,51
122000144,772,298,474
122000145,331,259,72
122000146,85,226,-141
122000147,252,78,174
122000148,894,527,367
122000149,956,303,653
122000150,496,217,279
122000151,111,170,-59
122000152,171,154,17
122000153,86,33,53
122000154,84,27,57
122000155,689,705,-16
122000156,1587,1213,374
122000157,850,740,110
122000158,117,253,-136
122000159,371,581,-210
122000160,1488,279,1209
122000161,319,214,105
122000162,668,486,182
122000163,224,47,177
122000164,25,55,-30
122000165,270,276,-6
122000166,295,334,-39
122000167,96,184,-88
122000168,96,207,-111
122000169,196,106,90
122000170,84,176,-92
122000171,13,54,-41
122000172,535,545,-10
122000173,482,831,-349
122000174,714,510,204
122000175,630,194,436
122000176,129,263,-134
122000177,716,1062,-346
122000178,1249,484,765
122000179,1047,891,156
122000180,909,549,360
122000181,912,1068,-156
122000182,1372,238,1134
122000183,586,120,466
122000184,3031,819,2212
122000185,938,710,228
122000186,269,348,-79
122000187,283,490,-207
122000188,223,100,123
122000189,87,46,41
122000190,193,540,-347
122000191,337,161,176
122000192,289,56,233
122000193,68,168,-100
122000194,268,62,206
122000195,75,228,-153
122000196,376,176,200
122000197,111,84,27
122000198,210,497,-287
122000199,183,69,114
122000200,497,138,359
122000201,835,1281,-446
122000202,560,618,-58
122000203,1071,712,359
122000204,599,955,-356
122000205,542,494,48
122000206,867,245,622
122000207,395,487,-92
122000208,436,677,-241
122000209,634,89,545
122000210,434,1189,-755
122000211,339,628,-289
122000212,154,204,-50
122000213,418,455,-37
122000214,443,581,-138
122000215,560,576,-16
122000217,758,713,45
122000218,26,7,19
122000219,954,659,295
122000220,108,540,-432
122000221,43,220,-177
122000222,303,23,280
122000223,367,334,33
122000225,292,117,175
122000226,373,1019,-646
122000227,73,685,-612
122000228,105,265,-160
122000229,9,237,-228
122000230,50,473,-423
122000231,56,317,-261
122000232,137,477,-340
122000233,3,46,-43
122000234,21,111,-90
122000235,120,128,-8
122000236,156,119,37
122000237,13,40,-27
122000238,19,46,-27
122000239,64,38,26
122000240,176,68,108
122000241,231,132,99
122000242,106,43,63
122000243,39,16,23
122000244,13,301,-288
122000245,28,176,-148
122000246,35,31,4
122000247,163,615,-452
122000248,919,1011,-92
122000249,134,145,-11
122000250,456,120,336
122000251,152,185,-33
122000252,288,28,260
122000253,12,197,-185
122000254,41,26,15
122000255,276,867,-591
122000256,135,863,-728
122000257,41,231,-190
122000258,32,110,-78
122000259,11,489,-478
122000260,8,97,-89
122000261,1,69,-68
122000262,0,55,-55
122000263,31,82,-51
122000264,31,79,-48
122000265,208,166,42
122000266,775,99,676
122000267,18,34,-16
122000268,33,138,-105
122000269,145,116,29
122000270,146,66,80
122000271,104,643,-539
122000272,141,674,-533
122000273,92,293,-201
122000274,21,107,-86
122000275,5,95,-90
122000276,69,216,-147
122000277,235,395,-160
122000278,194,500,-306
122000279,40,319,-279
122000280,320,444,-124
122000281,145,432,-287
122000282,31,45,-14
122000283,391,35,356
122000284,48,46,2
122000285,193,60,133
122000286,92,85,7
122000287,181,294,-113
122000288,108,86,22
122000291,237,162,75
122000293,233,167,66
122000294,24,27,-3
122000295,372,52,320
122000296,43,202,-159
122000297,1491,698,793
122000299,56,240,-184
122000300,75,210,-135
122000301,7374,813,6561
122000302,574,381,193
122000303,2772,574,2198
122000304,2,68,-66
122000305,501,94,407
122000306,11,593,-582
122000307,38,96,-58
122000309,15,51,-36
122000310,5,10,-5
122000311,19,26,-7
122000312,57,18,39
122000313,12,35,-23
122000314,32,64,-32
122000315,26,2,24
122000316,94,82,12
122000317,260,91,169
122000318,26,79,-53
122000319,156,291,-135
122000320,136,1726,-1590
122000321,24,266,-242
122000322,1104,605,499
122000323,730,604,126
122000324,518,463,55
122000325,325,460,-135
122000326,1,34,-33
122000327,72,222,-150
122000328,360,519,-159
122000330,633,210,423
122000332,79,234,-155
122000333,6,110,-104
122000337,176,1336,-1160
122000338,65,224,-159
122000340,145,87,58
122000342,1307,549,758
122000343,113,879,-766
122000344,2,3,-1
122000345,9,32,-23
122000346,86,260,-174
122000348,113,521,-408
122000349,33,459,-426
122000351,12,66,-54
122000352,95,22,73
122000353,11,74,-63
122000355,54,70,-16
122000356,672,361,311
122000357,7,4,3
122000358,0,27,-27
122000359,0,18,-18
122000360,0,22,-22
122000362,8,67,-59
122000364,22,220,-198
122000365,0,7,-7
122000366,2,6,-4
122000368,179,319,-140
122000370,1,44,-43
122000371,0,0,0
122000372,0,0,0
122000381,8,171,-163
122000382,31,121,-90
122000384,1669,828,841
122000385,1,0,1
122000386,33,226,-193
122000387,102,268,-166
122000388,274,140,134
122000389,149,482,-333
122000390,71,99,-28
122000391,9,9,0
122000392,77,158,-81
122000393,4,180,-176
122000394,65,201,-136
122000395,44,145,-101
122000396,73,68,5
122000397,8,42,-34
122000398,4,5,-1
122000399,19,79,-60
122000400,44,62,-18
122000401,32,76,-44
122000402,3,3,0
122000403,127,933,-806
122000404,29,81,-52
122000408,251,493,-242
122000503,4,18,-14
122000524,99,24,75
122000544,3,270,-267
122000616,492,4,488
122000640,11,131,-120
122000641,18,365,-347
122000642,489,823,-334
122000643,0,14,-14
122000644,68,14,54
122000645,62,117,-55
122000651,598,352,246
122000664,79,16,63
122000665,550,307,243
122000666,277,537,-260
122000673,7,253,-246
122000674,67,32,35
122000675,369,835,-466
122000686,67,612,-545
122000687,100,316,-216
122000688,59,384,-325
122000689,111,497,-386
122000690,141,513,-372
122000691,104,1302,-1198
122000692,246,341,-95
122000693,139,981,-842
122000695,66,382,-316
122000696,31,138,-107
122000698,33,838,-805
122000699,99,25,74
122000701,340,286,54
122000702,173,832,-659
122000703,3,2,1
122000712,0,0,0
122000717,171,38,133
122000718,232,54,178
122000719,1,26,-25
122000720,36,112,-76
122000724,100,13,87
122900001,0,0,0
122900002,205,194,11
122900003,26,14,12
122900004,84,3,81
122900005,26,6,20
122900006,152,15,137
122900007,19,4,15
122900008,173,15,158
122900009,41,10,31
122900010,0,0,0
122900012,8,7,1
122900014,32,130,-98
122900015,540,41,499
122900016,25,240,-215
122900017,122,326,-204
122900018,33,3,30
122900019,4,86,-82
122900020,263,144,119
122900021,18,124,-106
122900022,76,592,-516
122900023,137,162,-25
122900024,60,29,31
122900025,8,37,-29
122900026,52,163,-111
122900027,7,348,-341
122900028,32,60,-28
122900029,1317,270,1047
122900030,968,96,872
122900031,26,31,-5
122900032,37,114,-77
122900033,36,46,-10
122900034,588,594,-6
122900035,0,0,0
122900036,1,16,-15
122900037,44,34,10
122900038,40,437,-397
122900039,28,89,-61
122900040,3,23,-20
122900041,10,9,1
122900042,6,17,-11
122900043,44,35,9
122900044,9,23,-14
122900045,11,19,-8
122900046,6,9,-3
122900047,22,30,-8
122900048,17,38,-21
122900049,847,31,816
122900051,20,51,-31
122900052,4,31,-27
122900053,7,6,1
122900055,15,29,-14
122900057,29,4,25
122900061,232,38,194
122900062,196,146,50
122900063,18,227,-209
122900064,433,265,168
122900065,75,67,8
122900066,133,102,31
122900067,897,227,670
122900068,150,191,-41
122900069,87,279,-192
122900070,21,11,10
122900071,25,278,-253
122900072,15,379,-364
122900073,38,82,-44
122900074,23,420,-397
122900075,0,45,-45
122900076,1,94,-93
122900077,1,141,-140
122900078,6,108,-102
122900080,6,2,4
122900081,42,0,42
122900082,30,0,30
122900083,2,0,2
122900084,2,88,-86
122900086,0,2,-2
122900087,15,381,-366
122900088,4,20,-16
122900089,1,44,-43
122900090,4,392,-388
122900091,0,0,0
122900092,0,66,-66
122900093,0,115,-115
122900094,1,59,-58
122900095,0,0,0
122900096,1,84,-83
122900097,0,0,0
122900098,12,27,-15
122900099,0,4,-4
122900100,48,20,28
122900101,58,18,40
122900102,1,7,-6
122900103,6,0,6
122900104,2,1,1
122900105,1,0,1
122900106,0,33,-33
122900107,1,69,-68
122900108,4,72,-68
123000001,668,174,494
123000002,2156,816,1340
123000003,1756,1018,738
123000004,2204,2479,-275
123000005,626,872,-246
123000006,1839,1633,206
123000007,594,735,-141
123000008,1067,2383,-1316
123000009,1568,1308,260
123000010,2373,2510,-137
123000011,530,394,136
123000012,479,1482,-1003
123000013,1071,376,695
123000014,966,2239,-1273
123000015,676,176,500
123000016,4414,1366,3048
123000017,1556,830,726
123000018,25,81,-56
123000019,35,180,-145
123000020,18,94,-76
123000021,9,70,-61
123000022,106,438,-332
123000023,638,690,-52
123000024,343,248,95
123000025,18,37,-19
123000026,5,72,-67
123000027,52,172,-120
123000028,379,36,343
123000029,673,155,518
123000030,24,704,-680
123000031,21,187,-166
123000032,65,107,-42
123000033,41,25,16
123000034,377,310,67
123000035,72,81,-9
123000036,118,164,-46
123000037,87,178,-91
123000038,38,159,-121
123000039,657,599,58
123000040,619,216,403
123000041,331,181,150
123000042,220,329,-109
123000043,1226,1373,-147
123000044,2474,955,1519
123000045,5507,719,4788
123000046,371,315,56
123000047,2325,455,1870
123000048,11,97,-86
123000049,3399,1303,2096
123000050,329,422,-93
123000051,38,79,-41
123000052,244,695,-451
123000053,1705,1025,680
123000054,575,465,110
123000055,318,367,-49
123000056,502,977,-475
123000057,9279,2066,7213
123000058,213,279,-66
123000059,130,240,-110
123000060,200,186,14
123000061,66,303,-237
123000063,235,246,-11
123000064,357,106,251
123000065,4057,1593,2464
123000066,750,396,354
123000067,150,283,-133
123000068,1867,1503,364
123000069,8025,1729,6296
123000070,122,398,-276
123000071,235,544,-309
123000072,422,1012,-590
123000073,297,451,-154
123000074,393,1483,-1090
123000075,103,308,-205
123000076,268,605,-337
123000077,1082,2256,-1174
123000078,319,678,-359
123000079,313,856,-543
123000080,815,1495,-680
123000081,72,428,-356
123000082,183,759,-576
123000083,267,82,185
123000084,92,380,-288
123000085,28,91,-63
123000086,74,372,-298
123000087,28,387,-359
123000088,335,863,-528
123000089,121,458,-337
123000090,520,773,-253
123000091,763,641,122
123000092,750,666,84
123000094,177,114,63
123000095,69,259,-190
123000096,95,217,-122
123000097,113,799,-686
123000098,196,259,-63
123000099,193,637,-444
123000100,318,197,121
123000101,296,218,78
123000102,156,196,-40
123000104,201,212,-11
123000105,386,321,65
123000106,270,169,101
123000107,237,313,-76
123000108,629,647,-18
123000111,170,111,59
123000112,301,284,17
123000113,307,1098,-791
123000114,243,223,20
123000115,61,92,-31
123000116,13,95,-82
123000117,500,1560,-1060
123000118,200,787,-587
123000119,80,722,-642
123000120,211,562,-351
123000121,196,431,-235
123000122,165,199,-34
123000123,302,364,-62
123000124,366,294,72
123000125,316,266,50
123000126,1068,781,287
123000127,1576,523,1053
123000128,105,298,-193
123000129,27,28,-1
123000130,52,16,36
123000131,191,156,35
123000132,113,308,-195
123000133,146,230,-84
123000134,217,98,119
123000135,454,630,-176
123000136,96,943,-847
123000137,57,275,-218
123000138,21,370,-349
123000139,19,3,16
123000140,55,485,-430
123000141,65,5,60
123000142,411,583,-172
123000143,604,1653,-1049
123000144,7,5,2
123000145,117,52,65
123000146,5,66,-61
123000147,16,78,-62
123000149,85,128,-43
123000150,53,88,-35
123000151,89,214,-125
123000152,26,179,-153
123000153,87,178,-91
123000154,1096,638,458
123000155,1356,413,943
123000156,11,50,-39
123000157,199,505,-306
123000158,319,218,101
123000159,1238,603,635
123000160,198,132,66
123000161,424,203,221
123000162,112,400,-288
123000163,56,17,39
123000164,173,47,126
123000165,116,1330,-1214
123000166,8,91,-83
123000167,45,216,-171
123000168,92,321,-229
123000169,78,40,38
123000170,0,294,-294
123000171,22,54,-32
123000172,111,486,-375
123000173,69,39,30
123000174,76,26,50
123000175,648,947,-299
123000176,164,43,121
123000177,200,739,-539
123000178,154,13,141
123000179,6,593,-587
123000180,532,97,435
123000181,132,828,-696
123000182,32,278,-246
123000183,81,53,28
123000184,33,616,-583
123000185,66,136,-70
123000186,4,391,-387
123000187,54,1,53
123000188,17,2,15
123000189,32,155,-123
123000190,10,42,-32
123000192,6,242,-236
123000193,17,352,-335
123000194,281,178,103
123000195,35,5,30
123000196,44,1,43
123000197,9,86,-77
123000198,9,149,-140
123000199,4,338,-334
123000200,37,2,35
123000201,161,2,159
123000202,29,958,-929
123000203,139,7,132
123000204,36,1003,-967
123000205,150,1440,-1290
123000206,322,30,292
123000207,25,671,-646
123000208,68,31,37
123000209,370,95,275
123000210,242,1056,-814
123000211,372,2042,-1670
123000212,389,99,290
123000213,97,11,86
123000215,34,36,-2
123000216,58,65,-7
123000217,42,4,38
123000218,67,136,-69
123000219,182,4,178
123000220,92,7,85
123000221,52,47,5
123000222,86,236,-150
123000223,31,226,-195
123000224,106,383,-277
123000225,22,48,-26
123000226,3,281,-278
123000227,16,243,-227
123000228,19,29,-10
123000229,541,1098,-557
123000232,61,370,-309
123000233,119,14,105
123000234,77,411,-334
123000235,25,89,-64
123000236,40,639,-599
123000237,74,7,67
123000238,23,438,-415
123000239,247,1577,-1330
123000240,6,103,-97
123000241,387,60,327
123000242,45,134,-89
123000243,199,560,-361
123000244,385,259,126
123000245,15,99,-84
123000249,294,389,-95
123000252,101,52,49
123000253,126,72,54
123000254,153,642,-489
123000255,238,242,-4
123000256,20,181,-161
123000257,1954,1536,418
123000258,430,858,-428
123000259,82,235,-153
123000260,136,381,-245
123000261,34,172,-138
123000262,43,155,-112
123000263,105,45,60
123000264,120,29,91
123000265,27,100,-73
123000266,122,406,-284
123000267,48,109,-61
123000268,5,41,-36
123000269,16,10,6
123000270,5,14,-9
123000271,19,50,-31
123000272,229,55,174
123000273,36,154,-118
123000274,166,95,71
123000275,109,655,-546
123000278,1747,1394,353
123000279,19,40,-21
123000280,79,198,-119
123000281,57,49,8
123000282,35,147,-112
123000283,21,19,2
123000284,14,95,-81
123000286,160,119,41
123000287,337,166,171
123000288,111,126,-15
123000289,111,156,-45
123000291,189,527,-338
123000294,134,198,-64
123000295,252,425,-173
123000296,63,169,-106
123000297,95,515,-420
123000298,88,502,-414
123000299,4,59,-55
123000300,211,200,11
123000301,19,110,-91
123000302,32,125,-93
123000303,12,39,-27
123000305,530,524,6
123000306,20,223,-203
123000309,27,80,-53
123000310,30,13,17
123000311,0,103,-103
123000312,395,620,-225
123000313,46,89,-43
123000315,19,160,-141
123000316,332,126,206
123000317,32,26,6
123000318,13,202,-189
123000329,27,10,17
123000337,18,131,-113
123000338,148,39,109
123000339,24,372,-348
123000340,62,223,-161
123000342,1,117,-116
123000343,0,0,0
123000344,449,167,282
123000345,124,373,-249
123000346,23,15,8
123000352,1403,473,930
123000353,10,67,-57
123000354,66,0,66
123000355,1,260,-259
123000356,22,0,22
123000357,0,202,-202
123000359,0,208,-208
123000360,0,0,0
123000361,398,129,269
123000362,23,83,-60
123000363,6,197,-191
123000364,161,122,39
123000365,4,122,-118
123000366,124,464,-340
123000367,123,616,-493
123000370,3,248,-245
123000371,8,0,8
123000372,18,4,14
123000373,4,227,-223
123000374,3,119,-116
123000375,41,13,28
123000376,193,316,-123
123000377,27,9,18
123000378,3,324,-321
123000379,0,152,-152
123000380,20,77,-57
123000381,18,5,13
123000382,184,11,173
123000383,81,360,-279
123000384,117,10,107
123000385,264,371,-107
123000436,24,328,-304
123000507,88,114,-26
123000508,39,137,-98
123000517,163,16,147
123000518,16,221,-205
123000519,92,63,29
123000520,42,138,-96
123000521,138,75,63
123000522,139,380,-241
123000541,0,0,0
123000542,0,42,-42
123000565,107,3,104
123000566,30,663,-633
123000567,73,191,-118
123000573,25,773,-748
123000574,55,12,43
123000575,336,899,-563
123000576,82,1494,-1412
123000577,59,264,-205
123000578,237,31,206
123000579,1786,760,1026
123000580,77,6,71
123000582,31,2,29
123000583,11,328,-317
123000584,31,85,-54
123000585,0,57,-57
123000586,0,0,0
123000596,107,90,17
123000597,13,53,-40
123000602,0,0,0
123000603,49,440,-391
123000604,122,798,-676
123000605,166,53,113
123000606,0,302,-302
123000609,6,203,-197
123000610,17,17,0
123000613,94,154,-60
123000614,39,4,35
123000615,74,260,-186
123000616,46,5,41
123000617,53,507,-454
123000618,23,496,-473
123000619,81,3,78
123000620,27,460,-433
123000622,79,6,73
123000624,28,5,23
123000630,172,164,8
123000631,67,1402,-1335
123000632,741,777,-36
123000633,0,53,-53
123000634,5,1,4
123000635,189,64,125
123000636,22,391,-369
123000637,5,0,5
123000638,108,47,61
123000639,200,381,-181
123000640,1,885,-884
123000648,32,17,15
123000649,24,435,-411
123900001,898,42,856
123900002,7,447,-440
123900003,105,246,-141
123900005,25,12,13
123900006,13,6,7
124000001,454,19,435
124000002,67,950,-883
124000003,59,45,14
124000004,25,487,-462
124000005,119,41,78
124000006,135,1187,-1052
124000007,106,19,87
124000008,10,211,-201
124000009,40,70,-30
124000010,41,390,-349
124000011,80,59,21
124000012,84,837,-753
124000017,0,0,0
124000018,50,86,-36
124000019,0,0,0
124000020,29,161,-132
124000021,0,0,0
124000022,34,119,-85
124000023,641,576,65
124000024,560,381,179
124000025,434,466,-32
124000026,724,673,51
124000027,3171,1104,2067
124000028,2451,1912,539
124000030,2243,690,1553
124000031,137,134,3
124000032,3311,570,2741
124000033,179,75,104
124000034,1719,561,1158
124000035,64,27,37
124000036,48,448,-400
124000037,103,52,51
124000038,7,86,-79
124000039,300,72,228
124000040,260,283,-23
124000041,50,20,30
124000042,22,241,-219
124000043,8,27,-19
124000044,21,242,-221
124000045,143,189,-46
124000046,62,518,-456
124000047,194,334,-140
124000048,151,1302,-1151
124000049,309,230,79
124000050,210,1852,-1642
124000051,117,164,-47
124000052,166,1123,-957
124000053,149,314,-165
124000054,332,528,-196
124000055,460,381,79
124000056,2433,960,1473
124000057,237,154,83
124000058,186,1047,-861
124000059,169,225,-56
124000060,457,583,-126
124000061,499,1034,-535
124000062,6066,1044,5022
124000063,813,917,-104
124000064,1409,1256,153
124000065,51,123,-72
124000066,122,26,96
124000067,7,76,-69
124000068,7,71,-64
124000069,74,83,-9
124000070,64,444,-380
124000071,13,30,-17
124000072,68,386,-318
124000073,150,18,132
124000074,60,765,-705
124000075,0,0,0
124000076,4,148,-144
124000077,648,375,273
124000078,997,65,932
124000079,259,381,-122
124000080,19,40,-21
124000081,36,607,-571
124000082,3,12,-9
124000083,7,106,-99
124000084,4,57,-53
124000085,15,44,-29
124000086,9,36,-27
124000087,21,20,1
124000088,57,104,-47
124000089,148,146,2
124000090,45,390,-345
124000091,58,69,-11
124000092,28,577,-549
124000093,44,19,25
124000094,15,189,-174
124000095,30,39,-9
124000096,42,213,-171
124000097,24,30,-6
124000098,17,69,-52
124000099,18,32,-14
124000100,13,117,-104
124000101,16,74,-58
124000102,83,42,41
124000103,14,54,-40
124000104,26,72,-46
124000105,8,23,-15
124000106,64,89,-25
124000107,12,57,-45
124000108,24,35,-11
124000109,44,21,23
124000110,52,69,-17
124000111,57,88,-31
124000112,127,415,-288
124000113,17,32,-15
124000114,99,430,-331
124000115,159,541,-382
124000116,40,59,-19
124000117,40,35,5
124000118,16,24,-8
124000119,208,357,-149
124000120,62,282,-220
124000121,889,282,607
124000122,467,568,-101
124000123,235,154,81
124000124,203,530,-327
124000125,158,188,-30
124000126,181,329,-148
124000127,208,181,27
124000128,214,717,-503
124000129,891,638,253
124000130,513,372,141
124000131,463,256,207
124000132,501,539,-38
124000133,146,307,-161
124000134,320,449,-129
124000135,691,608,83
124000136,526,565,-39
124000137,502,229,273
124000138,750,471,279
124000139,117,9,108
124000140,13,169,-156
124000141,76,15,61
124000142,7,227,-220
124000143,15,12,3
124000144,3,91,-88
124000145,21,9,12
124000146,2,104,-102
124000148,4,3,1
124000149,253,114,139
124000150,130,313,-183
124000151,167,90,77
124000152,294,656,-362
124000153,113,131,-18
124000154,159,570,-411
124000155,344,230,114
124000156,770,493,277
124000169,41,60,-19
124000170,416,236,180
124000171,36,47,-11
124000172,130,386,-256
124000173,54,174,-120
124000174,71,546,-475
124000175,2,112,-110
124000176,0,0,0
124000177,20,28,-8
124000178,0,0,0
124000190,51,16,35
124000191,149,19,130
124000192,182,52,130
124000193,154,885,-731
124000194,251,398,-147
124000195,77,284,-207
124000196,328,787,-459
124000197,36,16,20
124000198,21,19,2
124000201,35,655,-620
124000202,5,48,-43
124000203,27,722,-695
124000204,10,312,-302
124000205,28,454,-426
124000206,14,256,-242
124000207,0,46,-46
124000209,91,360,-269
124000210,68,140,-72
124000211,24,0,24
124000212,3,370,-367
124000213,39,289,-250
124000214,1,520,-519
124000215,1,0,1
124000216,3,377,-374
124000329,30,1658,-1628
124000338,14,857,-843
124000339,92,31,61
124000341,122,32,90
124000344,38,33,5
124000357,242,372,-130
124000358,525,420,105
124000359,212,145,67
124000360,147,88,59
124000361,352,257,95
124000362,744,1417,-673
124000363,134,442,-308
124000364,269,832,-563
124000365,535,943,-408
124000366,1445,817,628
124000367,63,386,-323
124000368,43,23,20
124000369,26,48,-22
124000370,50,463,-413
124000402,7,3,4
124000403,11,5,6
124000404,11,105,-94
124000405,460,268,192
124000406,503,575,-72
124000407,1,26,-25
124000411,4,200,-196
124000412,40,19,21
124000413,49,26,23
124000414,27,91,-64
124000415,15,127,-112
124000416,41,202,-161
124000417,31,60,-29
124000418,24,57,-33
124000419,25,153,-128
124000420,12,35,-23
124000421,15,207,-192
124000422,1,2,-1
124000423,10,16,-6
124000424,1,135,-134
124000425,8,4,4
124000426,4,227,-223
124000427,15,36,-21
124000428,10,12,-2
124000429,5,71,-66
124000430,178,433,-255
124000431,102,594,-492
124000432,72,571,-499
124000439,0,5,-5
124000443,5,2,3
124000445,155,65,90
124000446,1606,48,1558
124900001,64,77,-13
124900002,32,245,-213
124900003,113,230,-117
124900004,80,169,-89
124900005,97,122,-25
124900006,117,185,-68
124900008,447,196,251
124900009,23,24,-1
124900010,18,6,12
124900011,50,31,19
124900012,58,15,43
124900013,80,37,43
124900014,24,41,-17
124900015,16,19,-3
124900016,1,10,-9
124900017,118,58,60
124900018,5,0,5
124900020,6,6,0
124900021,15,3,12
124900022,7,1,6
124900024,10,0,10
124900026,2,10,-8
124900027,22,66,-44
124900028,277,52,225
124900029,7,87,-80
124900030,1,58,-57
124900031,9,207,-198
124900032,118,86,32
124900033,34,216,-182
124900034,0,60,-60
124900035,50,211,-161
124900036,0,29,-29
124900037,56,148,-92
124900038,267,231,36
124900039,0,9,-9
124900040,19,51,-32
124900041,95,939,-844
124900042,14,0,14
124900043,189,900,-711
124900044,3,1,2
124900045,274,441,-167
124900046,667,131,536
124900047,63,152,-89
124900048,66,73,-7
124900050,54,122,-68
124900052,19,252,-233
124900053,22,237,-215
124900054,2138,155,1983
124900055,1,46,-45
124900057,3,38,-35
124900060,21,131,-110
124900061,2,0,2
124900062,7,0,7
124900066,0,20,-20
124900067,2,88,-86
124900068,105,81,24
124900070,0,3,-3
124900072,17,6,11
124900075,30,100,-70
124900076,13,127,-114
124900077,18,69,-51
124900078,8,7,1
124900079,271,14,257
124900080,57,570,-513
124900081,196,82,114
124900082,129,718,-589
124900083,103,443,-340
124900085,921,74,847
124900086,5,223,-218
124900087,140,41,99
124900088,666,80,586
124900089,728,9,719
124900090,19,42,-23
124900091,70,331,-261
124900092,68,240,-172
124900093,26,24,2
124900094,13,44,-31
124900095,12,75,-63
124900096,101,28,73
124900097,50,20,30
124900098,14,177,-163
124900099,175,133,42
124900100,17,2,15
124900101,0,10,-10
124900102,15,0,15
124900103,24,125,-101
124900104,19,135,-116
124900105,8,97,-89
124900106,19,3,16
124900107,11,0,11
124900108,56,10,46
124900111,0,18,-18
124900112,27,495,-468
124900113,2,71,-69
124900114,1,22,-21
124900115,0,1,-1
124900116,24,24,0
124900117,318,47,271
124900118,18,10,8
124900119,65,23,42
124900120,18,281,-263
124900121,33,35,-2
124900122,540,127,413
124900123,212,22,190
124900124,67,70,-3
204000001,4,5,-1
204000002,0,1,-1
204000003,2,1,1
204000004,0,0,0
204000005,131,97,34
204000006,207,177,30
204000011,7,62,-55
204000012,7,137,-130
204000019,227,223,4
204000020,162,386,-224
204000021,799,411,388
204000022,124,192,-68
204000023,180,844,-664
204000031,15,5,10
204000032,121,12,109
204000034,40,357,-317
204000035,0,8,-8
204000036,10,45,-35
204000037,1,6,-5
204000038,2,45,-43
204000039,4,89,-85
204000040,3,25,-22
204000041,9,33,-24
204000042,2,2,0
204000043,0,1,-1
204000044,1,1,0
204000045,0,0,0
204000046,0,0,0
204000057,3,75,-72
204000062,17,230,-213
204000068,21,139,-118
204000069,15,106,-91
204000070,16,35,-19
204000080,25,51,-26
204000085,454,973,-519
204000086,1765,1050,715
204000087,59,38,21
204000088,26,54,-28
204000090,38,424,-386
204000093,30,2,28
204000096,167,157,10
204000097,11,4,7
204000099,295,307,-12
204000100,188,213,-25
204000105,764,820,-56
204000110,302,776,-474
204000111,250,527,-277
204000112,221,640,-419
204000113,194,600,-406
204000114,157,110,47
204000115,76,169,-93
204000116,135,257,-122
204000119,281,313,-32
204000132,179,86,93
204000133,223,74,149
204000134,108,26,82
204000135,85,39,46
204000136,58,63,-5
204000138,111,132,-21
204000140,62,39,23
204000141,68,34,34
204000144,0,8,-8
204000145,185,10,175
204000146,99,344,-245
204000147,16,137,-121
204000148,115,6,109
204000154,0,0,0
204000155,2,18,-16
204000177,18,12,6
204000179,0,0,0
204000180,0,80,-80
204000222,1,18,-17
204000235,19,15,4
204000236,31,266,-235
204000238,5,0,5
204000240,57,28,29
204000263,364,827,-463
204000268,299,174,125
204000308,7,0,7
204000317,23,43,-20
204000322,6,20,-14
204000323,0,0,0
204000328,20,4,16
204000329,81,95,-14
204000330,11,0,11
204000331,84,124,-40
205000001,840,669,171
205000013,6,73,-67
205000014,6,126,-120
205000015,41,251,-210
205000016,15,200,-185
205000017,43,106,-63
205000022,182,433,-251
205000025,1234,580,654
205000029,64,7,57
205000045,39,102,-63
205000046,19,298,-279
205000047,30,337,-307
205000048,58,616,-558
205000049,34,448,-414
205000050,772,155,617
205000059,1,218,-217
205000060,0,41,-41
205000061,0,19,-19
205000062,0,26,-26
205000063,9,42,-33
205000064,21,107,-86
205000065,63,561,-498
205000066,30,654,-624
205000067,23,998,-975
205000069,298,51,247
205000082,11,17,-6
205000110,19,114,-95
205000111,83,153,-70
205000112,8,6,2
205000113,216,81,135
205000121,0,0,0
205000123,103,198,-95
205000126,0,0,0
205000127,0,0,0
205000128,0,0,0
205000129,0,0,0
205000130,0,0,0
205000131,0,0,0
205000132,0,0,0
205000133,0,0,0
205000134,0,0,0
205000137,125,128,-3
205000138,200,204,-4
205000139,18,30,-12
205000144,4,0,4
205000145,22,11,11
205000151,0,0,0
205000152,0,0,0
205000153,0,0,0
205000154,0,0,0
205000155,0,0,0
205000207,91,101,-10
205000233,0,0,0
205000234,0,0,0
205000243,0,0,0
205000244,0,2,-2
205000245,18,265,-247
205000249,0,16,-16
205000250,0,0,0
205000264,3,80,-77
206000027,0,0,0
206000028,0,0,0
206000043,16,172,-156
206000053,5,14,-9
206000054,10,18,-8
206000055,5,43,-38
206000075,5,8,-3
206000076,20,23,-3
206000077,17,16,1
206000078,5,14,-9
206000079,16,17,-1
206000082,284,17,267
206000100,73,595,-522
206000103,12,25,-13
206000104,14,29,-15
206000105,14,20,-6
206000106,15,43,-28
206000108,346,36,310
206000125,10,0,10
206000157,239,625,-386
206000170,7,327,-320
206000171,2,266,-264
206000172,11,1174,-1163
206000173,4,361,-357
206000174,9,213,-204
206000175,6,267,-261
206000176,22,443,-421
206000177,6,308,-302
206000178,2,193,-191
206000179,8,134,-126
206000180,60,263,-203
206000181,18,388,-370
206000182,96,367,-271
206000183,21,1041,-1020
206000184,13,437,-424
206000185,16,365,-349
206000186,139,1541,-1402
206000223,4,285,-281
206000226,0,0,0
206000227,0,0,0
206000237,48,432,-384
206000238,89,578,-489
206000239,786,1961,-1175
206000240,0,49,-49
206000241,3,165,-162
206000242,6,580,-574
206000243,7,471,-464
206000244,75,1118,-1043
206000245,188,17,171
206000246,18,5,13
206000247,34,9,25
206000248,46,11,35
206000252,62,38,24
206000258,31,51,-20
206000315,19,5,14
206000317,82,26,56
206000318,59,16,43
206000319,149,48,101
206000320,34,19,15
206000321,24,8,16
206000322,93,18,75
206000323,54,24,30
206000324,27,5,22
206000325,40,15,25
206000326,35,4,31
206000327,31,4,27
206000328,25,4,21
206000329,38,7,31
206000330,18,4,14
206000331,38,0,38
206000332,7,2,5
206000333,92,2,90
206000334,50,0,50
206000335,0,41,-41
206000361,10,201,-191
206000392,4,51,-47
206000405,61,0,61
206000441,0,0,0
206000498,10,6,4
206000515,311,40,271
206000530,16,10,6
206000531,22,20,2
206000532,268,46,222
206000535,245,1385,-1140
206000536,17,242,-225
206000537,11,152,-141
206000613,284,30,254
207000001,50,261,-211
207000002,34,237,-203
207000003,59,275,-216
207000007,145,72,73
207000008,25,8,17
207000009,47,30,17
207000010,391,641,-250
207000012,11,27,-16
207000015,336,1677,-1341
207000019,93,68,25
207000021,191,95,96
207000022,30,55,-25
207000023,37,25,12
207000024,2,7,-5
207000025,12,38,-26
207000026,40,46,-6
207000027,9,59,-50
207000028,20,208,-188
207000029,150,326,-176
207000033,172,147,25
207000034,76,36,40
207000039,2,3,-1
207000040,2,4,-2
207000041,0,0,0
207000042,0,0,0
207000043,0,0,0
207000051,52,270,-218
207000052,7,162,-155
207000053,210,648,-438
207000054,16,113,-97
207000055,44,177,-133
207000056,111,345,-234
207000057,69,235,-166
207000058,63,443,-380
207000059,36,829,-793
207000060,28,255,-227
207000061,28,47,-19
207000062,68,33,35
207000063,74,121,-47
207000064,210,132,78
207000065,122,173,-51
207000066,58,116,-58
207000067,11,93,-82
207000068,25,42,-17
207000069,536,324,212
207000082,37,376,-339
207000083,69,404,-335
207000084,19,30,-11
207000085,50,8,42
207000086,44,9,35
207000106,0,0,0
207000107,0,0,0
207000108,0,0,0
207000109,0,0,0
207000110,0,0,0
207000111,0,0,0
207000112,0,0,0
207000114,30,18,12
207000115,12,59,-47
207000116,9,120,-111
207000117,3,130,-127
207000118,0,80,-80
207000119,10,89,-79
207000123,0,0,0
207000124,0,0,0
207000125,0,0,0
207000126,0,0,0
207000134,16,222,-206
207000135,28,261,-233
207000148,0,0,0
207000149,31,22,9
207000152,75,287,-212
207000153,745,639,106
207000154,250,92,158
207000159,43,254,-211
207000160,43,659,-616
207000238,1,67,-66
207000242,2,106,-104
207000248,16,22,-6
207000249,67,52,15
207000250,313,78,235
207000251,65,47,18
207000252,27,38,-11
207000278,4,3,1
207000279,12,229,-217
207000280,55,16,39
207000281,38,1080,-1042
207000282,6,2,4
207000283,40,116,-76
207000284,3,20,-17
207000285,85,14,71
207000291,6,72,-66
207000304,88,70,18
207000306,26,365,-339
207000310,0,0,0
207000353,0,0,0
207000356,1,13,-12
207000357,1,5,-4
207000358,0,2,-2
207000415,1,139,-138
207000417,0,0,0
207000418,83,123,-40
207000438,0,1,-1
207000439,1076,229,847
207000446,0,0,0
207000460,3,7,-4
207000466,99,143,-44
207000467,2,1,1
207000468,16,466,-450
207000476,0,56,-56
207000477,66,84,-18
207000478,0,9,-9
207000523,0,4,-4
207000524,0,0,0
207000527,50,104,-54
207000530,0,0,0
207000531,0,0,0
207000532,0,0,0
207000534,0,0,0
207000535,50,102,-52
207000537,19,84,-65
207000540,4,140,-136
207000541,3,236,-233
207000548,1,208,-207
207000549,0,0,0
207000561,0,0,0
207000562,14,123,-109
207000567,117,233,-116
207000568,28,84,-56
207000569,49,953,-904
207000584,334,97,237
207000585,0,0,0
207000587,0,0,0
207000616,0,190,-190
207000617,3,0,3
207000624,0,0,0
207000631,0,0,0
207900008,42,235,-193
208000001,128,185,-57
208000002,76,141,-65
208000003,256,156,100
208000004,288,166,122
208000005,2,13,-11
208000019,66,206,-140
208000020,11,86,-75
208000021,58,315,-257
208000022,252,475,-223
208000028,538,219,319
208000033,164,390,-226
208000034,440,751,-311
208000037,0,0,0
208000040,8,66,-58
208000041,102,146,-44
208000042,66,146,-80
208000047,44,225,-181
208000064,737,241,496
208000066,236,135,101
208000070,48,238,-190
208000071,71,299,-228
208000072,96,408,-312
208000080,60,88,-28
208000081,46,82,-36
208000082,42,163,-121
208000083,53,235,-182
208000084,3,8,-5
208000085,379,408,-29
208000086,156,626,-470
208000087,59,428,-369
208000089,309,415,-106
208000090,171,757,-586
208000093,11,63,-52
208000094,191,422,-231
208000095,459,243,216
208000104,216,284,-68
208000105,149,267,-118
208000114,0,0,0
208000115,67,170,-103
208000116,31,452,-421
208000117,4,79,-75
208000118,20,74,-54
208000155,199,640,-441
208000158,1182,1296,-114
208000186,945,219,726
208000204,139,510,-371
208000205,392,751,-359
208000282,2698,679,2019
209000004,28,76,-48
209000005,5,19,-14
209000006,87,73,14
209000007,88,128,-40
209000010,179,85,94
209000011,61,134,-73
209000012,67,184,-117
209000013,70,589,-519
209000014,374,1484,-1110
209000025,72,30,42
209000026,239,47,192
209000027,144,978,-834
209000028,169,1055,-886
209000029,251,892,-641
209000030,185,1396,-1211
209000031,3244,1864,1380
209000034,131,218,-87
209000035,82,130,-48
209000036,76,94,-18
209000037,62,156,-94
209000038,70,129,-59
209000039,42,91,-49
209000040,195,495,-300
209000041,130,351,-221
209000042,190,413,-223
209000043,300,434,-134
209000044,236,328,-92
209000045,126,179,-53
209000046,46,220,-174
209000047,27,110,-83
209000048,30,130,-100
209000049,39,211,-172
209000050,103,250,-147
209000051,66,281,-215
209000052,57,288,-231
209000062,9,150,-141
209000063,7,119,-112
209000064,7,158,-151
209000065,11,22,-11
209000066,12,31,-19
209000067,18,76,-58
209000080,3,114,-111
209000082,26,38,-12
209000091,18,38,-20
209000093,56,21,35
209000094,95,81,14
209000110,9,50,-41
209000111,148,423,-275
209000112,171,178,-7
209000113,231,211,20
209000114,92,108,-16
209000115,46,183,-137
209000116,778,457,321
209000118,16,27,-11
209000119,12,12,0
209000121,80,606,-526
209000135,58,58,0
209000142,613,316,297
209000143,12,29,-17
209000144,16,48,-32
209000229,16,101,-85
209000240,17,345,-328
209000259,83,118,-35
209000260,25,733,-708
209000261,0,423,-423
209000262,0,393,-393
209000263,1,54,-53
209000264,0,23,-23
209000265,0,0,0
209000266,0,0,0
209000267,0,0,0
209000268,0,0,0
210000037,6,10,-4
210000047,1,1,0
210000048,2,8,-6
210000049,7,5,2
210000052,13,108,-95
210000053,5,57,-52
210000054,18,43,-25
210000070,0,0,0
210000071,0,0,0
210000072,0,0,0
210000073,0,19,-19
210000074,0,58,-58
210000075,3,28,-25
210000076,2,107,-105
210000077,9,28,-19
210000078,20,31,-11
210000079,1,3,-2
210000080,7,2,5
210000081,11,0,11
210000082,15,0,15
210000083,6,0,6
210000084,2,0,2
210000085,0,51,-51
210000086,3,101,-98
210000099,40,157,-117
210000100,43,175,-132
210000101,51,173,-122
210000105,41,87,-46
210000159,0,97,-97
210000163,166,170,-4
210000164,102,26,76
210000168,48,11,37
210000187,0,4,-4
210000188,0,13,-13
210000214,1,0,1
210000219,5,11,-6
210000220,5,10,-5
210000232,0,13,-13
210000233,7,18,-11
210000234,28,102,-74
210000235,15,139,-124
210000245,0,18,-18
210000246,0,2,-2
210000258,9,129,-120
210000259,15,2,13
210000282,11,134,-123
210000285,0,73,-73
210000286,20,101,-81
210000290,0,1,-1
210000295,11,68,-57
210000296,45,35,10
210000320,35,21,14
210000321,2,17,-15
210000338,21,80,-59
210000339,454,377,77
210000340,68,130,-62
210000341,90,115,-25
210000342,58,110,-52
210000343,56,127,-71
210000344,71,58,13
210000345,90,49,41
210000346,21,19,2
210000347,7,16,-9
210000348,28,3,25
210000349,9,15,-6
210000350,20,52,-32
210000351,47,91,-44
210000352,33,64,-31
210000353,10,62,-52
210000354,24,56,-32
210000355,16,46,-30
210000356,2,24,-22
210000357,10,15,-5
210000358,132,39,93
210000359,21,19,2
210000360,48,35,13
210000361,32,61,-29
210000362,32,47,-15
210000363,211,17,194
210000364,15,14,1
210000365,10,7,3
210000366,11,5,6
210000367,5,3,2
210000368,22,4,18
210000369,5,11,-6
210000370,15,18,-3
210000372,10,9,1
210000373,3,3,0
210000374,11,4,7
210000375,13,38,-25
210000376,11,80,-69
210000404,76,102,-26
210000439,8,18,-10
210000472,29,1,28
210000482,26,18,8
210000564,166,13,153
210000567,0,3,-3
210000568,78,0,78
211000092,16,57,-41
211000094,1,13,-12
211000169,106,3,103
211000172,7,84,-77
211000209,0,6,-6
211000226,1,4,-3
211000270,0,6,-6
211000275,15,9,6
211000276,18,25,-7
211000279,1,30,-29
211000281,8,33,-25
211507980,0,9,-9
211977296,2,1,1
212000003,17,31,-14
212000004,15,10,5
212000005,3,20,-17
212000006,12,69,-57
212000008,63,265,-202
212000009,14,134,-120
212000012,22,50,-28
212000013,8,56,-48
212000014,129,130,-1
212000015,100,184,-84
212000016,325,375,-50
212000027,174,153,21
212000028,60,83,-23
212000029,20,56,-36
212000030,11,17,-6
212000031,14,56,-42
212000048,5,73,-68
212000049,11,45,-34
212000050,15,11,4
212000051,75,152,-77
212000052,105,283,-178
212000053,268,504,-236
212000054,49,78,-29
212000055,51,113,-62
212000056,2,6,-4
212000057,0,7,-7
212000058,48,7,41
212000070,58,250,-192
212000077,74,540,-466
212000099,42,93,-51
212000108,49,92,-43
212000111,43,56,-13
212000120,84,127,-43
212000138,34,10,24
212000156,6,76,-70
212000158,2,3,-1
212000159,61,27,34
212000160,117,98,19
212000161,2,3,-1
212000310,7,23,-16
212000311,2,12,-10
212000374,3,14,-11
213000001,23,478,-455
213000005,88,22,66
213000006,283,34,249
213000007,10,1,9
213000009,55,22,33
213000010,28,17,11
213000011,23,19,4
213000012,57,187,-130
213000014,8,0,8
213000015,16,0,16
213000016,27,0,27
213000017,1,1,0
213000018,4,144,-140
213000019,0,112,-112
213000020,45,226,-181
213000021,3,80,-77
213000023,0,0,0
213000033,102,368,-266
213000034,73,77,-4
213000035,27,22,5
213000045,52,200,-148
213000046,61,105,-44
213000047,359,339,20
213000056,4,3,1
213000069,4,0,4
213000073,2,9,-7
213000074,65,358,-293
213000075,26,1,25
213000076,0,0,0
213000085,3,20,-17
213000086,14,150,-136
213000091,0,0,0
213000092,0,0,0
213000099,62,518,-456
213000100,145,2,143
213000101,6,144,-138
213000102,10,342,-332
213000103,111,435,-324
213000104,49,347,-298
213000105,1,47,-46
213000106,12,147,-135
213000107,32,540,-508
213000108,18,378,-360
213000109,1,153,-152
213000110,1,48,-47
213000111,0,50,-50
213000112,67,117,-50
213000115,0,0,0
213000116,46,408,-362
213000117,2,560,-558
213000118,95,172,-77
213000119,40,570,-530
213000120,28,548,-520
213000122,143,547,-404
213000123,599,777,-178
213000124,37,972,-935
213000125,0,0,0
213000126,27,49,-22
213000127,82,82,0
213000128,518,340,178
213000129,0,0,0
213000130,16,4,12
213000132,4,1,3
213000133,8,2,6
213000134,15,8,7
213000136,53,5,48
213000137,95,18,77
213000139,66,3,63
213000147,2,0,2
213000148,0,2,-2
213000149,1,0,1
213000150,1,67,-66
213000151,1,58,-57
213000152,0,73,-73
213000153,0,34,-34
213000154,7,195,-188
213000155,16,227,-211
213000156,31,366,-335
213000157,518,383,135
213000158,134,381,-247
213000159,82,142,-60
213000163,29,4,25
213000165,71,9,62
213000171,0,126,-126
213000172,1,255,-254
213000173,0,213,-213
213000174,2,227,-225
213000175,2,91,-89
213000176,0,0,0
213000177,0,0,0
213000178,0,0,0
213000179,0,0,0
213000180,0,0,0
213000184,44,275,-231
213000188,42,22,20
213000189,28,2,26
213000190,188,391,-203
213000191,39,371,-332
213000192,24,438,-414
213000193,1159,85,1074
213000194,0,12,-12
213000195,9,357,-348
213000196,65,508,-443
213000197,54,22,32
213000198,1,0,1
213000200,58,782,-724
213000201,63,32,31
213000202,7,541,-534
213000203,672,75,597
213000204,67,2,65
213000205,31,3,28
213000206,28,1,27
213000207,10,0,10
213000208,0,0,0
213000209,0,0,0
213000210,7,0,7
213000211,0,1,-1
213000212,0,8,-8
213000213,0,8,-8
213000218,50,572,-522
213000219,0,0,0
213000220,1,0,1
213000223,68,22,46
213000224,3,5,-2
213000225,10,2,8
213000226,5,2,3
213000227,81,29,52
213000228,27,22,5
213000229,60,10,50
213000230,46,0,46
213000232,7,214,-207
213000233,0,26,-26
213000234,1,12,-11
213000293,1,25,-24
213000294,3,1,2
213000295,0,48,-48
213000296,42,5,37
213000297,5,39,-34
213000298,6,58,-52
213000299,14,10,4
213000300,3,0,3
213000303,2,25,-23
213000304,1,4,-3
213000305,0,2,-2
213000306,31,12,19
213000307,16,30,-14
213000308,44,183,-139
213000309,23,12,11
213000310,71,1,70
213000311,144,405,-261
213000315,26,110,-84
213000316,13,19,-6
213000322,15,92,-77
213000323,9,28,-19
213000324,8,63,-55
213000325,10,61,-51
213000326,15,31,-16
213000327,4,64,-60
213000328,2,51,-49
213000329,17,28,-11
213000340,56,690,-634
213000341,7,0,7
213000346,32,11,21
213000347,249,21,228
213000348,3,92,-89
213000349,0,4,-4
213000350,113,1115,-1002
213000366,9,140,-131
213000367,24,5,19
213000379,30,92,-62
213000386,0,114,-114
213000406,49,211,-162
213000417,197,81,116
213000425,41,27,14
213000426,19,42,-23
213000427,6,269,-263
213000428,8,178,-170
213000429,1,1,0
213000430,16,515,-499
213000431,40,0,40
213000432,0,7,-7
213000433,5,88,-83
213000434,23,30,-7
213000435,17,52,-35
213000436,1,36,-35
213000437,0,31,-31
213000438,17,42,-25
213000439,20,5,15
213000440,0,90,-90
213000441,0,0,0
213000442,0,22,-22
213000443,148,75,73
213000444,17,37,-20
213000445,0,68,-68
213000446,0,5,-5
213000447,2,11,-9
213000448,0,16,-16
213000449,24,2,22
213000450,5,20,-15
213000451,7,24,-17
213000452,0,9,-9
213000453,12,154,-142
213000455,16,0,16
213000456,0,53,-53
213000481,5,2,3
213000482,26,2,24
213000489,121,7,114
213000491,0,23,-23
213000492,2,0,2
213000493,0,16,-16
213000494,8,6,2
213000495,0,93,-93
213000496,3,7,-4
213000497,15,266,-251
213000498,22,237,-215
213000499,48,536,-488
213000500,27,6,21
213000501,3,1,2
213000502,37,4,33
213000503,2,48,-46
213000504,3,143,-140
213000505,0,5,-5
213000506,0,5,-5
213000507,1,123,-122
213900244,0,0,0
213900245,1,30,-29
218000003,3,12,-9
218000004,8,10,-2
218000005,2,4,-2
218000006,11,19,-8
218000007,4,5,-1
218000012,170,57,113
218000013,48,118,-70
218000014,412,170,242
218000019,524,217,307
218000020,132,214,-82
218000021,23,84,-61
218000022,7,55,-48
218000023,3,55,-52
218000024,0,8,-8
218000025,5,38,-33
218000026,14,75,-61
218000027,0,17,-17
218000028,1,8,-7
218000029,3,3,0
218000030,19,47,-28
218000031,2,74,-72
218000032,2,42,-40
218000040,3,6,-3
218000046,21,178,-157
218000047,5,183,-178
218000048,24,193,-169
218000049,30,137,-107
218000050,177,230,-53
218000051,30,332,-302
218000052,0,36,-36
218000053,0,24,-24
218000054,9,13,-4
218000055,0,7,-7
218000056,1,31,-30
218000057,0,22,-22
218000064,0,3,-3
218000065,63,34,29
218000066,7,36,-29
218000067,8,75,-67
218000068,21,76,-55
218000069,66,204,-138
218000070,74,226,-152
218000071,99,155,-56
218000072,197,193,4
218000078,281,938,-657
218000079,25,39,-14
218000080,27,71,-44
218000081,88,136,-48
218000082,3,69,-66
218000083,6,59,-53
218000084,71,218,-147
218000085,118,388,-270
218000086,14,164,-150
218000087,78,231,-153
218000090,11,35,-24
218000091,227,155,72
218000092,27,88,-61
218000093,46,105,-59
218000094,287,545,-258
218000099,212,262,-50
218000100,113,184,-71
218000101,110,95,15
218000102,87,190,-103
218000103,25,154,-129
218000104,28,27,1
218000105,4,6,-2
218000106,9,8,1
218000107,19,79,-60
218000108,1,61,-60
218000112,18,15,3
218000117,23,55,-32
218000134,243,583,-340
218000135,29,59,-30
218000136,62,28,34
218000137,21,149,-128
218000138,3,84,-81
218000139,21,252,-231
218000140,61,128,-67
218000141,8,29,-21
218000142,39,96,-57
218000143,9,88,-79
218000144,2,37,-35
218000145,104,298,-194
218000146,14,75,-61
218000151,16,23,-7
218000152,31,70,-39
218000153,0,4,-4
218000154,4,2,2
218000155,6,1,5
218000156,41,34,7
218000157,5,32,-27
218000158,2,12,-10
218000159,8,16,-8
218000160,4,5,-1
218000161,15,15,0
218000162,37,19,18
218000163,10,2,8
218000164,33,9,24
218000165,40,46,-6
218000170,2,32,-30
218000171,28,8,20
218000172,6,6,0
218000173,22,11,11
218000174,3,0,3
218000176,75,18,57
218000177,314,47,267
218000178,98,48,50
218000179,96,48,48
218000180,58,36,22
218000181,78,11,67
218000187,4,11,-7
218000188,5,20,-15
218000189,3,26,-23
218000190,1,17,-16
218000191,41,61,-20
218000192,41,423,-382
218000193,196,382,-186
218000194,25,313,-288
218000195,72,74,-2
218000196,138,190,-52
218000197,107,235,-128
218000198,3,79,-76
218000199,22,12,10
218000200,7,14,-7
218000201,1,26,-25
218000202,91,120,-29
218000207,3,20,-17
218000208,13,43,-30
218000211,2,11,-9
218000212,2,10,-8
218000213,56,39,17
218000214,3,7,-4
218000215,29,121,-92
218000217,1,95,-94
218000218,297,58,239
218000219,4,2,2
218000220,30,200,-170
218000221,84,56,28
218000222,23,8,15
218000223,25,152,-127
218000224,0,126,-126
218000225,144,29,115
218000226,59,75,-16
218000230,0,1,-1
218000232,23,39,-16
218000239,0,0,0
218000240,0,0,0
218000241,0,0,0
218000242,0,0,0
218000243,0,0,0
218000244,0,0,0
218000245,0,0,0
218000246,0,0,0
218000247,0,0,0
218000248,0,14,-14
218000249,0,0,0
218000250,0,9,-9
218000251,0,10,-10
218000252,0,19,-19
218000253,1,5,-4
218000254,0,14,-14
218000255,0,3,-3
218000256,0,25,-25
218000267,514,603,-89
218000268,2,31,-29
218000269,5,7,-2
218000270,28,33,-5
218000271,10,62,-52
218000273,5,10,-5
218000274,5,4,1
218000275,6,26,-20
218000276,7,35,-28
218000278,30,15,15
218000279,12,46,-34
218000280,2,17,-15
218000281,0,22,-22
218000282,99,41,58
218000284,40,6,34
218000301,7,87,-80
218000302,26,28,-2
218000303,3,27,-24
218000316,390,613,-223
218000317,309,754,-445
218000318,184,662,-478
218000319,344,1124,-780
218000320,303,533,-230
218000338,7,25,-18
218000345,57,84,-27
218000346,3,14,-11
218000459,80,297,-217
218000490,2,21,-19
218000501,16,11,5
218000502,13,76,-63
218000503,38,6,32
218000504,70,8,62
218000505,12,113,-101
218000506,45,99,-54
218000508,0,2,-2
218000510,120,11,109
218000520,70,57,13
218000521,1,48,-47
218000522,0,114,-114
218000523,5,1,4
218000524,39,54,-15
218000525,6,7,-1
218000526,22,45,-23
218000529,22,170,-148
218000530,10,6,4
218000531,9,28,-19
218000532,6,13,-7
218000534,5,0,5
218000537,5,4,1
218000538,51,77,-26
218000540,158,57,101
218000543,48,35,13
218000544,39,103,-64
218000545,13,45,-32
218000546,21,98,-77
218000547,13,62,-49
218000548,35,125,-90
218000549,210,61,149
218000550,239,520,-281
218000551,132,109,23
218000552,132,18,114
218000553,9,38,-29
218000554,28,12,16
218000555,5,14,-9
218000556,39,283,-244
218000557,115,41,74
218000558,0,0,0
218000559,0,9,-9
218000560,0,4,-4
218000561,0,0,0
218000562,16,92,-76
218000563,14,17,-3
218000564,2,67,-65
218000565,20,5,15
218000566,31,12,19
218000567,0,42,-42
218000568,0,0,0
218000569,2,51,-49
218000570,4,2,2
218000571,0,53,-53
218000572,0,0,0
218000573,3,16,-13
218000574,4,28,-24
218000575,0,0,0
218000576,2,30,-28
218000577,0,0,0
218000578,1,56,-55
218000579,13,0,13
218000581,1,49,-48
218000582,3,1,2
218000583,2,0,2
218000584,0,10,-10
218000585,2,2,0
218000586,4,45,-41
218000587,0,0,0
218000588,0,0,0
218000589,0,3,-3
218000590,0,0,0
218000591,0,19,-19
218000592,0,1,-1
218000593,0,0,0
218000594,0,0,0
218000597,0,0,0
218000598,0,0,0
218000599,0,0,0
218000600,0,0,0
218000601,0,0,0
218000602,0,0,0
218000603,0,2,-2
218000604,0,0,0
218000605,0,10,-10
218000606,5,0,5
218000607,8,21,-13
218000608,6,2,4
218000609,0,40,-40
218000610,11,0,11
218000611,1,0,1
218000612,0,35,-35
218000613,5,0,5
218000614,0,19,-19
218000615,15,1,14
218000616,2,84,-82
218000617,1,1,0
218000618,0,16,-16
218000619,8,5,3
218000620,2,9,-7
218000621,0,0,0
218000622,0,1,-1
218000623,1,0,1
218000624,0,4,-4
218000625,0,1,-1
218000626,0,4,-4
218000628,16,10,6
218000631,2,5,-3
218000632,2,47,-45
218000633,0,0,0
218000634,1,12,-11
218000635,2,4,-2
218000636,393,1029,-636
218000637,342,349,-7
218000638,24,15,9
218000639,13,206,-193
218000640,22,7,15
218000641,19,292,-273
218000652,87,132,-45
218000653,145,92,53
218000663,2,53,-51
218000675,3,8,-5
218000676,5,48,-43
218000677,2,10,-8
218000680,106,371,-265
218000681,17,6,11
218000691,39,315,-276
218000693,1,4,-3
218000703,10,77,-67
218000718,61,158,-97
218000719,23,10,13
218000720,3,2,1
218000721,3,1,2
218000725,0,7,-7
218001147,0,136,-136
218001214,5,2,3
218001258,6,1,5
218001329,0,0,0
218001330,93,63,30
218001351,0,2,-2
218001352,6,5,1
218001353,0,1,-1
218001354,1,5,-4
218001355,10,337,-327
218001356,43,4,39
218001357,5,202,-197
218001358,33,3,30
218001361,25,1,24
218001362,4,248,-244
219000001,11,56,-45
219000002,27,79,-52
219000003,75,37,38
219000004,71,46,25
219000017,31,20,11
219000020,54,8,46
219000022,23,2,21
219000023,45,0,45
219000029,2,97,-95
219000034,4,3,1
219000039,37,48,-11
219000040,11,13,-2
219000041,40,24,16
219000051,0,44,-44
219000052,0,17,-17
219000053,0,225,-225
219000054,22,87,-65
219000055,21,0,21
219000056,2,0,2
219000057,14,0,14
219000062,1,174,-173
219000063,16,9,7
219000064,1,20,-19
219000110,98,15,83
219000111,48,22,26
219000112,131,20,111
219000113,45,26,19
219000114,143,8,135
219000116,56,33,23
219000117,125,48,77
219000118,27,35,-8
219000123,141,45,96
219000124,23,31,-8
219000125,3,20,-17
219000126,9,55,-46
219000127,0,2,-2
219000128,7,78,-71
219000129,11,100,-89
219000130,1242,572,670
219000131,1296,706,590
219000133,16,24,-8
219000134,9,11,-2
219000135,30,70,-40
219000136,121,150,-29
219000138,11,24,-13
219000139,16,62,-46
219000140,4,0,4
219000141,1,108,-107
219000142,9,56,-47
219000143,6,81,-75
219000145,3,17,-14
219000146,6,51,-45
219000147,2,61,-59
219000148,2,69,-67
219000149,20,177,-157
219000150,1,104,-103
219000151,0,77,-77
219000157,83,91,-8
219000158,80,224,-144
219000161,107,11,96
219000163,897,237,660
219000166,34,104,-70
219000167,37,235,-198
219000168,105,11,94
219000174,79,54,25
219000175,34,1,33
219000176,35,1,34
219000177,1,1,0
219000178,2,0,2
219000179,10,10,0
219000180,12,27,-15
219000182,13,2,11
219000183,2,45,-43
219000184,6,0,6
219000185,5,96,-91
219000186,0,25,-25
219000187,1,113,-112
219000189,64,75,-11
219000190,109,129,-20
219000191,922,431,491
219000192,98,135,-37
219000193,425,107,318
219000195,0,39,-39
219000196,2,100,-98
219000198,15,139,-124
219000199,30,150,-120
219000200,15,124,-109
219000201,71,215,-144
219000203,6,85,-79
219000204,32,115,-83
219000205,30,159,-129
219000207,58,149,-91
219000209,16,82,-66
219000210,15,94,-79
219000213,6,140,-134
219000239,71,112,-41
219000240,79,167,-88
219000241,18,142,-124
219000242,22,154,-132
219000243,31,233,-202
219000244,9,78,-69
219000245,12,38,-26
219000246,3,8,-5
219000247,18,8,10
219000248,143,31,112
219000249,31,9,22
219000250,18,6,12
219000251,95,9,86
219000252,0,0,0
219000253,0,0,0
219000255,8,24,-16
219000256,22,54,-32
219000257,0,0,0
219000262,29,200,-171
219000263,25,192,-167
219000267,1,112,-111
219000268,2,6,-4
219000269,9,0,9
219000270,9,0,9
219000271,83,7,76
219000278,0,5,-5
219000279,0,3,-3
219000283,0,1,-1
219000295,12,104,-92
219000296,51,424,-373
219000297,16,97,-81
219000298,16,189,-173
219000299,126,16,110
219000300,9,319,-310
219000301,54,225,-171
219000302,20,140,-120
219000307,17,41,-24
219000308,46,22,24
219000311,20,15,5
219000312,90,16,74
219000313,57,7,50
219000314,119,422,-303
219000315,12,2,10
219000316,47,2,45
219000317,1,0,1
219000320,0,33,-33
219000321,0,11,-11
219000323,6,53,-47
219000325,0,40,-40
219000326,61,126,-65
219000327,34,33,1
219000328,22,39,-17
219000329,268,70,198
219000330,8,27,-19
219000331,21,25,-4
219000332,25,27,-2
219000333,5,3,2
219000335,2,1,1
219000337,0,0,0
219000338,0,0,0
219000344,17,48,-31
219000345,70,152,-82
219000346,17,142,-125
219000348,46,144,-98
219000349,10,216,-206
219000350,44,61,-17
219000351,0,2,-2
219000352,109,42,67
219000353,45,26,19
219000354,50,102,-52
219000355,27,20,7
219000356,1113,258,855
219000363,193,37,156
219000364,72,26,46
219000365,58,12,46
219000366,356,74,282
219000368,349,182,167
219000370,593,110,483
219000371,4,4,0
219000382,0,20,-20
219000383,497,395,102
219000385,467,303,164
219000386,705,715,-10
219000387,1,4,-3
219000390,12,0,12
219000391,10,0,10
219000397,40,110,-70
219000398,66,37,29
219000401,3,48,-45
219000402,11,50,-39
219000403,29,59,-30
219000404,15,25,-10
219000407,3,15,-12
219000409,0,0,0
219000410,0,0,0
219000411,0,0,0
219000446,212,292,-80
219000447,3,29,-26
219000448,0,0,0
219000452,31,18,13
219000453,46,47,-1
219000454,149,81,68
219000556,29,7,22
219000558,61,218,-157
219000590,7,114,-107
219000591,16,3,13
219000592,65,327,-262
219000595,1,43,-42
219000635,9,4,5
219000636,12,112,-100
219000657,11,11,0
219000658,8,29,-21
219000673,0,33,-33
219000676,20,4,16
219000679,1,11,-10
219000684,11,0,11
219000685,0,67,-67
219000686,2,0,2
219000688,0,95,-95
219000689,87,98,-11
219000690,0,0,0
219000691,36,38,-2
219000692,6,22,-16
219000693,0,35,-35
219000694,0,0,0
219000695,0,0,0
219000698,0,0,0
219000699,0,21,-21
219000727,2,133,-131
219000728,39,1,38
219000770,0,0,0
219000771,0,25,-25
219000788,119,122,-3
219001150,1,2,-1
219001151,0,3,-3
219001166,0,0,0
219001167,3,43,-40
219001178,12,1,11
220000001,2,14,-12
220000002,7,85,-78
220000003,191,238,-47
220000004,308,456,-148
220000005,775,955,-180
220000006,52,553,-501
220000007,99,650,-551
220000008,79,740,-661
220000009,104,319,-215
220000010,14,82,-68
220000011,306,554,-248
220000012,48,46,2
220000014,21,67,-46
220000015,7,43,-36
220000017,16,228,-212
220000018,2065,214,1851
220000019,19,106,-87
220000020,45,151,-106
220000021,168,101,67
220000022,214,340,-126
220000023,47,116,-69
220000024,823,178,645
220000025,383,236,147
220000026,128,77,51
220000027,7,64,-57
220000028,15,38,-23
220000029,32,111,-79
220000030,21,52,-31
220000031,50,178,-128
220000064,2,405,-403
221000046,2,0,2
221000047,0,0,0
221000048,0,0,0
221000049,0,5,-5
221000050,4,0,4
221000055,31,40,-9
221000057,53,1,52
221000068,211,39,172
221000069,113,35,78
221000070,68,11,57
221000071,37,7,30
221000072,93,16,77
221000073,41,31,10
221000074,3,16,-13
221000075,10,13,-3
221000076,9,34,-25
221000077,16,77,-61
221000081,7,0,7
221000082,8,1,7
221000083,2,1,1
221000084,1,1,0
221000085,8,49,-41
221000086,7,114,-107
221000087,2,160,-158
221000088,15,109,-94
221000089,34,183,-149
221000090,163,265,-102
221000098,29,9,20
221000099,123,12,111
221000100,41,6,35
221000101,129,6,123
221000102,60,3,57
221000109,8,82,-74
221000110,8,129,-121
221000111,13,132,-119
221000112,2,101,-99
221000113,5,176,-171
221000114,4,147,-143
221000120,5,15,-10
221000121,0,10,-10
221000122,6,1,5
221000123,11,32,-21
221000124,9,193,-184
221000155,32,4,28
221000156,7,4,3
221000175,4,5,-1
221000176,3,1,2
221000182,15,0,15
221000241,412,113,299
221000242,310,212,98
221000243,197,49,148
221000244,119,189,-70
221000245,24,66,-42
221000246,12,136,-124
221000247,26,96,-70
221000248,12,128,-116
221000267,7,349,-342
221000325,20,13,7
221000331,1,34,-33
221000338,1,3,-2
221000378,29,1,28
221000381,39,101,-62
222000282,0,0,0
222000296,0,5,-5
222000568,51,3,48
222000569,25,3,22
222000570,13,3,10
222000571,17,1,16
222000577,2,159,-157
222000578,5,116,-111
222000579,24,56,-32
222000580,82,413,-331
222000599,0,105,-105
222000600,1,152,-151
222000601,12,568,-556
222000603,2,7,-5
222000604,1,21,-20
222000605,3,4,-1
222000606,0,7,-7
222000607,0,3,-3
222000608,1,21,-20
222000609,25,256,-231
222000616,3,2,1
222000617,0,0,0
222000618,0,0,0
222000620,0,0,0
222000621,0,0,0
222000623,0,0,0
222000624,0,0,0
222000625,0,30,-30
222000636,6,0,6
222000686,0,0,0
222000687,0,0,0
222001066,28,1,27
222001067,0,3,-3
222001068,3,7,-4
222001069,18,10,8
222001082,0,43,-43
222001083,1,51,-50
222001084,0,63,-63
222001085,1,103,-102
222001111,4,203,-199
222001112,5,11,-6
222001313,0,0,0
222001314,2,50,-48
222001464,1,7,-6
222001465,11,115,-104
222001484,0,1,-1
222001485,11,55,-44
222001494,31,18,13
222001495,39,360,-321
222001496,9,11,-2
222001497,37,450,-413
222001502,23,104,-81
222001503,0,0,0
222001504,7,175,-168
222001505,0,0,0
222001506,12,132,-120
222001507,0,0,0
222001510,0,0,0
222001511,21,278,-257
222001514,0,0,0
222001515,118,426,-308
222001518,0,0,0
222001519,20,283,-263
222001527,0,0,0
222001528,30,89,-59
222001529,0,0,0
222001530,18,140,-122
222001533,102,345,-243
222001534,0,0,0
222001535,5,24,-19
222001536,65,244,-179
222001537,0,0,0
222001538,27,290,-263
222001563,0,0,0
222001564,18,673,-655
222001568,7,19,-12
222001576,0,1,-1
222001579,0,1,-1
222001583,4,243,-239
222001584,1,2,-1
222001596,116,941,-825
222001597,19,4,15
222001626,0,146,-146
222001650,2,23,-21
222001651,3,51,-48
222001914,0,0,0
222001915,35,98,-63
222001968,48,23,25
222001969,310,485,-175
222001970,15,81,-66
222001971,1,7,-6
222001972,2,18,-16
225000001,50,13,37
225000002,50,12,38
225000003,92,4,88
225000004,41,21,20
225000005,3,4,-1
225000006,0,82,-82
225000007,2426,537,1889
225000010,42,1,41
225000011,100,105,-5
225000012,29,70,-41
225000013,4,19,-15
225000014,58,10,48
225000015,45,128,-83
225000021,30,18,12
225000027,111,284,-173
225000032,101,6,95
225000042,29,428,-399
225000049,17,32,-15
225000050,57,2,55
225000053,1,77,-76
225000058,33,19,14
225000067,68,175,-107
225000068,34,389,-355
225000069,52,336,-284
225000070,35,304,-269
225000071,7,218,-211
225000075,15,471,-456
225000076,15,46,-31
225000078,9,4,5
225000085,0,0,0
225000086,0,0,0
225000087,0,0,0
225000088,1,76,-75
225000089,297,271,26
225000090,3,180,-177
225000091,19,158,-139
225000092,7,43,-36
225000093,61,313,-252
225000094,4,374,-370
225000095,169,344,-175
225000096,43,280,-237
225000098,127,70,57
225000099,52,30,22
225000100,50,26,24
225000104,17,294,-277
225000110,2,280,-278
225000111,63,706,-643
225000112,67,596,-529
225000113,24,427,-403
225000114,18,179,-161
225000115,2138,253,1885
225000116,163,8,155
225000117,77,34,43
225000118,85,21,64
225000119,14,9,5
225000120,30,5,25
225000121,37,0,37
225000123,28,1,27
225000125,59,92,-33
225000126,362,55,307
225000127,502,127,375
225000128,66,107,-41
225000132,116,15,101
225000133,102,13,89
225000134,226,52,174
225000135,10,11,-1
225000136,41,6,35
225000137,29,18,11
225000138,156,5,151
225000143,39,73,-34
225000144,1,212,-211
225000145,0,1,-1
225000146,6,71,-65
225000147,8,243,-235
225000148,0,144,-144
225000149,21,261,-240
225000151,31,185,-154
225000155,76,176,-100
225000156,75,316,-241
225000157,56,207,-151
225000158,35,296,-261
225000171,1,138,-137
225000180,10,1,9
225000181,0,15,-15
225000182,2,0,2
225000185,4,139,-135
225000187,40,245,-205
225000191,0,1,-1
225000194,0,5,-5
225000208,0,20,-20
225000209,0,0,0
225000210,1,69,-68
225000217,0,11,-11
225000218,0,0,0
225000223,1,11,-10
225000224,4,0,4
225000225,1,3,-2
225000226,11,0,11
225000227,27,36,-9
225000228,1,0,1
225000229,0,59,-59
225000230,0,0,0
225000231,0,77,-77
225000232,10,0,10
225000241,7,0,7
225000242,0,34,-34
225000249,0,0,0
225000250,22,580,-558
225000251,136,15,121
225000256,0,0,0
225000257,0,0,0
226000042,199,247,-48
226000043,27,139,-112
226000044,47,515,-468
226000045,55,351,-296
226000046,109,28,81
226000047,80,30,50
226000048,126,30,96
226000049,89,29,60
226000070,0,31,-31
226000071,0,29,-29
226000072,0,6,-6
226000073,0,2,-2
226000074,0,4,-4
226000084,3,29,-26
226000085,0,3,-3
226000086,0,17,-17
226000087,0,12,-12
226000088,8,2,6
226000090,14,7,7
226000091,5,1,4
226000092,1,0,1
226000093,0,0,0
226000094,0,0,0
226000095,10,4,6
226000105,2,0,2
226000106,14,0,14
226000107,6,0,6
226000108,9,0,9
226000109,35,1,34
226000124,112,27,85
226000134,153,130,23
226000135,305,278,27
226000136,78,112,-34
226000137,3,265,-262
226000138,6,167,-161
226000139,2,12,-10
226000156,42,4,38
226000157,92,9,83
226000163,16,31,-15
226000202,9,286,-277
226000231,110,7,103
226000232,14,5,9
227000033,169,45,124
227000036,107,7,100
227000037,76,10,66
227000038,59,8,51
227000084,1,19,-18
227000085,0,31,-31
227000088,6,0,6
227000089,34,1,33
227000090,7,2,5
227000091,5,2,3
227000092,17,1,16
227000093,7,0,7
227000094,4,0,4
227000130,12,53,-41
227000131,3,214,-211
227000132,3,225,-222
227000133,5,214,-209
227000134,6,371,-365
227000152,0,2,-2
227000153,1,41,-40
227000154,1,27,-26
227000155,0,22,-22
227000156,0,19,-19
227000165,1,26,-25
227000196,30,259,-229
227000199,18,390,-372
227000230,15,394,-379
227000232,18,0,18
227000242,58,318,-260
227000243,439,53,386
227000245,13,324,-311
227000246,43,312,-269
227000247,159,103,56
227000248,106,33,73
227000249,10,151,-141
227000250,333,113,220
227000251,111,234,-123
227000252,6,267,-261
227000253,47,36,11
227000262,159,10,149
227000266,29,0,29
227000267,24,1595,-1571
227000282,3,178,-175
227000284,19,6,13
227000286,5,74,-69
227000287,19,140,-121
227000291,6,428,-422
227000484,63,4,59
227000485,18,465,-447
227000655,17,6,11
227000656,112,7,105
227000657,8,9,-1
227000661,10,0,10
227000680,30,15,15
229000265,4,5,-1
229000296,1,3,-2
229000297,0,15,-15
229000298,3,28,-25
229000320,0,0,0
229000321,2,4,-2
229000412,2,26,-24
229000414,0,30,-30
229000415,3,0,3
229000416,0,0,0
229000417,0,7,-7
229000419,32,105,-73
229000440,84,27,57
229000442,1,0,1
229000443,1,0,1
229000444,0,14,-14
229000445,1,2,-1
229000446,7,5,2
229000491,3,27,-24
229000492,17,142,-125
229000493,2,89,-87
229000494,27,20,7
229000495,93,68,25
229000496,5,42,-37
229000507,0,30,-30
229000508,0,9,-9
229000509,1,37,-36
229000510,2,21,-19
229000511,4,44,-40
229000512,0,23,-23
229000513,0,1,-1
229000514,0,3,-3
229000517,0,3,-3
229000518,3,36,-33
229000519,1,6,-5
229000520,6,31,-25
229000521,14,73,-59
229000522,1,16,-15
229000523,2,22,-20
229000524,3,16,-13
229000527,3,4,-1
229000528,0,1,-1
229000529,8,0,8
229000530,39,28,11
229000531,25,14,11
229000532,24,11,13
229000533,202,34,168
229000534,56,18,38
229000564,48,13,35
229000565,9,10,-1
229000566,0,23,-23
229000567,0,67,-67
229000582,238,10,228
229000583,4,8,-4
229000584,0,36,-36
229000585,5,29,-24
229000718,0,1,-1
229000719,0,0,0
229000720,0,16,-16
229000721,0,10,-10
229000722,0,28,-28
229000723,0,22,-22
229000724,0,2,-2
229000725,0,4,-4
229000738,6,2,4
229000739,1,0,1
229000740,2,0,2
229000741,42,1,41
229000742,14,0,14
229000743,28,0,28
229000744,3,1,2
229000745,2,0,2
229000746,53,0,53
229000847,17,0,17
229000848,10,0,10
229000849,85,2,83
229000851,10,0,10
229000854,0,42,-42
229000856,3,132,-129
229000857,0,32,-32
229000858,0,100,-100
229000919,2,61,-59
229000930,1,126,-125
229000937,127,18,109
229000966,46,24,22
229000981,5,49,-44
229000985,3,6,-3
229000986,0,1,-1
229000987,0,1,-1
229000988,0,1,-1
229000989,1,7,-6
229000990,1,1,0
229000991,0,0,0
229000992,2,0,2
229000993,72,2,70
229000998,7,9,-2
229000999,31,3,28
229001034,0,8,-8
229001035,0,0,0
229001037,6,1,5
229001042,1,6,-5
229001047,0,15,-15
229001050,13,22,-9
229001168,0,3,-3
229001200,0,0,0
229001338,0,5,-5
229001394,250,1,249
229001422,226,31,195
229001423,16,92,-76
229001431,89,62,27
229001432,28,49,-21
229001444,23,16,7
229001445,3,106,-103
229001479,5,11,-6
229001503,172,67,105
229001504,48,137,-89
229001505,160,84,76
229001506,25,144,-119
229001509,7,7,0
229001545,82,9,73
229001546,6,65,-59
229001553,36,17,19
229001554,6,88,-82
229001559,1,4,-3
229001560,0,8,-8
229001630,24,2,22
229001631,9,9,0
229001635,0,7,-7
229001636,0,1,-1
229001658,3,55,-52
229001659,127,2,125
229001660,0,0,0
229001661,0,5,-5
229001662,13,0,13
229001663,0,11,-11
229002584,41,39,2
229002831,32,33,-1
229002841,0,22,-22
229002842,0,4,-4
229002843,5,2,3
229002844,6,36,-30
229002845,1,33,-32
229002846,1,7,-6
229002847,1,5,-4
229002848,0,4,-4
229002849,0,47,-47
229002850,2,0,2
229002851,5,29,-24
229002852,7,12,-5
229002853,59,5,54
229002854,5,29,-24
229002855,2,49,-47
229002856,4,0,4
229002857,0,38,-38
229002858,2,4,-2
229002859,3,19,-16
229002860,3,0,3
229002861,0,2,-2
229002862,1,8,-7
229002863,2,17,-15
229002864,1,15,-14
229002865,1,4,-3
229002866,0,9,-9
229002867,1,15,-14
229002868,1,5,-4
229002869,0,66,-66
229002870,2,7,-5
235000066,122,177,-55
235000067,35,165,-130
235000072,42,49,-7
235000073,64,173,-109
235000074,12,80,-68
235000080,0,49,-49
235000081,48,116,-68
235000082,23,29,-6
235000083,36,37,-1
235000084,20,15,5
235000085,36,12,24
235000089,1,41,-40
235000092,5,127,-122
235000093,1,1,0
235000097,0,0,0
235000098,28,41,-13
235000099,3,22,-19
235000116,14,19,-5
235000117,587,8,579
235000133,8,138,-130
235000134,6,44,-38
235000206,4,0,4
235000207,0,2,-2
235000208,0,1,-1
235000209,2,1,1
235000210,2,3,-1
235000212,1,6,-5
235000213,0,4,-4
235000220,1,2,-1
235000221,4,4,0
235000238,2,8,-6
235000239,1,2,-1
235000242,128,120,8
235000245,571,115,456
235000246,2,36,-34
235000284,1,32,-31
235000295,0,0,0
235000305,0,0,0
235000306,0,0,0
235000307,0,0,0
235000308,0,0,0
235000309,0,0,0
235000310,0,0,0
235000311,0,3,-3
235000322,0,8,-8
235000323,1,37,-36
235000324,1,5,-4
235000325,0,4,-4
235000326,4,201,-197
235000351,0,25,-25
235000352,1,31,-30
235000353,1,25,-24
235000354,2,27,-25
235000355,1,48,-47
235000356,0,0,0
235000357,0,0,0
235000358,0,0,0
235000359,0,0,0
235000360,0,0,0
235000361,0,0,0
235000381,24,222,-198
235000382,42,31,11
235000390,2,2,0
235000391,54,19,35
235000392,50,77,-27
235000393,51,40,11
235000395,17,34,-17
235000396,100,36,64
235000400,24,4,20
235000401,4,139,-135
235000405,35,304,-269
235000406,12,206,-194
235000407,27,97,-70
235000409,137,104,33
235000410,40,131,-91
235000411,0,44,-44
235000485,0,10,-10
235000486,1,0,1
235000549,14,30,-16
235000550,42,126,-84
235000599,52,90,-38
235000600,2,6,-4
235000601,6,17,-11
235000602,34,55,-21
235000614,0,0,0
235000648,2,14,-12
235000649,8,1,7
235000685,0,2,-2
235000815,0,20,-20
235000834,0,3,-3
235000855,15,10,5
235000862,6,145,-139
235000891,0,10,-10
235000892,29,5,24
235000901,61,92,-31
235000907,4,3,1
235001010,7,24,-17
235001029,538,253,285
235001030,493,94,399
235001078,37,35,2
235001079,35,86,-51
235001147,0,26,-26
235001166,4,26,-22
235001167,6,58,-52
235001169,7,218,-211
235001188,0,3,-3
235001189,1,3,-2
235001197,1,9,-8
235001200,12,21,-9
235001207,17,1,16
235001210,1,80,-79
235001215,2,84,-82
235001239,0,28,-28
235001244,0,1,-1
235016267,0,9,-9
277101746,0,19,-19
277102712,0,0,0
277103813,0,0,0
277103898,0,2,-2
277104249,0,5,-5
277104250,0,2,-2
277104251,0,4,-4
277104252,0,1,-1
990011530,0,179,-179
990014944,1,340,-339
990015176,8,4,4
990015618,0,88,-88
990016032,1,221,-220
990032570,5,20,-15
990070001,0,0,0
990070103,0,1,-1
990070601,0,31,-31
990070751,27,1,26
990070766,2,689,-687
990071180,0,101,-101
990071343,0,0,0
990071387,0,0,0
990071823,10,0,10
990072600,1,394,-393
990072964,1,318,-317
990073285,0,2,-2
990074393,3,677,-674
990074870,80,1,79
990075106,34,2,32
990075746,27,9,18
990076437,82,32,50
990076458,1,789,-788
997000007,37,14,23
997000041,0,94,-94
997000058,0,1,-1
997000062,2,3,-1
997000069,0,1,-1
997000070,2,22,-20
997000100,0,0,0
997000141,0,8,-8
997000198,28,23,5
998000475,1,24,-23
998000736,0,221,-221
998000965,0,0,0
998001031,0,49,-49
998001700,0,15,-15
998001899,0,0,0
998001900,1,1,0
998003073,3,3,0
998101900,0,0,0
998102850,0,42,-42
998501927,0,152,-152
998501929,54,1,53
998501930,36,0,36
998501931,8,4,4
998501932,28,2,26
998501933,0,1,-1
998501937,0,1,-1
998501944,1,0,1
998501950,1,36,-35
998501970,2,3,-1
998501971,2,57,-55
998501973,1,61,-60
998501974,0,186,-186
998501975,4,0,4
998501976,0,1,-1
998501977,1,21,-20
998501978,0,0,0
998501979,0,6,-6
998501980,3,0,3
998501981,0,3,-3
998501982,0,59,-59
998501983,0,11,-11
998502006,0,0,0
998502024,0,1,-1
998502032,0,0,0
998502062,0,0,0
998502063,0,0,0
998502173,9,0,9
998502269,0,2,-2
998502546,0,51,-51
998502578,0,0,0
998502599,37,22,15
998601159,0,190,-190
998601292,0,7,-7
999033574,1,471,-470
999800001,1,0,1
999800002,0,0,0
999800003,1,1,0
999800004,0,5,-5
999800005,0,4,-4
