ID,insum,outsum,diff
100000001,835,1080,-245
100000002,3304,2851,453
100000003,5208,5026,182
100000004,908,1244,-336
100000005,2723,5531,-2808
100000006,615,180,435
100000007,1985,885,1100
100000008,156,613,-457
100000009,464,292,172
100000010,61,101,-40
100000011,1016,128,888
100000012,87,838,-751
100000013,79,219,-140
100000014,282,371,-89
100000015,1819,2565,-746
100000016,804,1436,-632
100000017,522,861,-339
100000018,1265,665,600
100000019,3572,2201,1371
100000020,1837,6181,-4344
100000021,4743,2407,2336
100000022,1114,2945,-1831
100000023,3340,1851,1489
100000025,882,1749,-867
100000028,1255,1209,46
100000029,229,497,-268
100000030,167,61,106
100000031,3251,6376,-3125
100000032,1826,3858,-2032
100000033,1023,2494,-1471
100000034,219,827,-608
100000035,1376,1875,-499
100000036,1636,1578,58
100000037,848,403,445
100000038,2578,1132,1446
100000039,481,310,171
100000040,240,178,62
100000041,1549,551,998
100000042,1259,562,697
100000043,733,509,224
100000044,359,778,-419
100000045,416,1139,-723
100000046,547,736,-189
100000047,324,438,-114
100000048,493,483,10
100000049,1499,1327,172
100000051,547,798,-251
100000053,187,8,179
100000054,428,45,383
100000055,862,278,584
100000056,541,453,88
100000057,1992,609,1383
100000058,941,1006,-65
100000059,17,148,-131
100000060,414,369,45
100000061,2836,476,2360
100000062,2302,644,1658
100000063,1042,271,771
100000064,1455,354,1101
100000065,348,647,-299
100000066,237,576,-339
100000067,378,628,-250
100000068,470,1263,-793
100000069,327,1011,-684
100000072,233,680,-447
100000073,1009,953,56
100000075,682,238,444
100000076,1842,3243,-1401
100000077,146,236,-90
100000078,46,56,-10
100000079,32,72,-40
100000080,39,42,-3
100000081,155,219,-64
100000102,2693,3441,-748
100000103,2530,1975,555
100000104,3301,3201,100
100000105,2272,2220,52
100000106,2261,3076,-815
100000107,422,1465,-1043
100000108,635,1032,-397
100000109,1763,1274,489
100000116,859,1085,-226
100000117,90,125,-35
100000118,942,1506,-564
100000119,652,867,-215
100000121,328,430,-102
100000122,815,1317,-502
100000123,1935,4253,-2318
100000124,3686,6788,-3102
100000125,3575,1903,1672
100000126,654,458,196
100000127,1247,480,767
100000128,1377,2783,-1406
100000129,369,538,-169
100000130,537,476,61
100000131,1819,2736,-917
100000132,1169,3268,-2099
100000133,3713,2273,1440
100000135,698,1234,-536
100000139,328,402,-74
100000140,317,450,-133
100000142,576,558,18
100000143,1653,600,1053
100000144,3167,816,2351
100000147,1196,3529,-2333
100000150,78,431,-353
100000151,1041,1523,-482
100000153,296,501,-205
100000154,51,380,-329
100000155,15,65,-50
100000156,368,497,-129
100000157,283,173,110
100000158,300,129,171
100000159,241,563,-322
100000165,1096,902,194
100000169,192,1122,-930
100000174,451,1004,-553
100000179,72,525,-453
100000180,1308,2220,-912
100000181,880,247,633
100000188,72,187,-115
100000189,1106,402,704
100000190,593,1097,-504
100000191,732,650,82
100000192,82,89,-7
100000193,388,230,158
100000330,917,1001,-84
100000355,202,679,-477
100000362,3970,2390,1580
100000363,5344,4623,721
100000364,188,260,-72
100000365,5829,8500,-2671
100000366,3977,2940,1037
100000367,5555,7729,-2174
100000368,2502,1188,1314
100000369,1088,2480,-1392
100000370,220,1187,-967
100000376,100,146,-46
100000379,1900,1872,28
100000380,4255,5406,-1151
100000384,5599,6423,-824
100000385,2931,4692,-1761
100000386,5359,5991,-632
100000387,4018,6397,-2379
100000388,5479,7693,-2214
100000389,6710,7622,-912
100000390,8944,7816,1128
100000391,5773,10223,-4450
100000392,2603,4836,-2233
100000393,2362,5650,-3288
100000394,6255,10250,-3995
100000395,5004,5588,-584
100000396,5356,3884,1472
100000397,4151,7592,-3441
100000398,9768,7604,2164
100000413,0,0,0
100900002,8,23,-15
100900003,425,237,188
100900004,24,902,-878
100900005,129,28,101
100900006,47,70,-23
100900007,314,13,301
100900008,2,391,-389
100900009,78,191,-113
100900010,75,56,19
100900011,199,183,16
100900012,2,141,-139
100900013,939,4,935
100900014,12,11,1
100900015,91,90,1
100900016,0,26,-26
100900017,1227,139,1088
100900018,0,8,-8
100900019,35,114,-79
100900020,362,11,351
100900021,550,3,547
100900022,18,39,-21
100900023,0,16,-16
100900024,650,4,646
100900025,24,19,5
100900026,176,75,101
100900027,682,3044,-2362
100900028,140,288,-148
100900029,32,3,29
100900030,7,104,-97
100900031,1100,50,1050
100900032,340,0,340
100900033,307,302,5
100900034,791,2,789
100900035,400,0,400
100900036,12,5,7
100900037,166,153,13
100900038,96,79,17
100900039,283,357,-74
100900040,499,560,-61
100900041,1061,454,607
100900042,1371,1354,17
100900043,0,17,-17
100900044,1499,649,850
100900045,23,5,18
100900046,1107,23,1084
100900047,710,258,452
100900048,216,44,172
100900049,95,131,-36
100900050,6,18,-12
100900051,48,117,-69
100900052,499,63,436
100900053,568,14,554
100900054,14,56,-42
100900055,247,870,-623
100900056,76,173,-97
100900057,1362,1117,245
100900058,552,52,500
100900059,173,2,171
100900060,267,9,258
100900061,345,197,148
100900062,10,25,-15
100900063,280,855,-575
100900064,739,24,715
100900065,87,158,-71
100900066,132,180,-48
100900067,3,17,-14
100900068,258,126,132
100900069,332,6,326
100900070,515,8,507
100900071,703,180,523
100900072,1,39,-38
100900073,192,352,-160
100900074,2,5,-3
100900075,1893,405,1488
100900076,6,14,-8
100900077,28,41,-13
100900078,87,392,-305
100900079,6,14,-8
100900080,59,128,-69
100900081,119,174,-55
100900082,176,414,-238
100900083,11,16,-5
100900085,9,308,-299
100900086,119,783,-664
100900088,135,423,-288
100900089,1,21,-20
100900090,124,656,-532
100900091,1,15,-14
100900092,239,167,72
100900093,334,288,46
100900094,182,351,-169
100900095,4,14,-10
100900096,29,100,-71
100900097,3,3,0
100900098,11,12,-1
100900099,30,471,-441
100900100,11,659,-648
100900101,290,58,232
100900102,102,151,-49
100900103,11,10,1
100900104,13,183,-170
100900105,49,528,-479
100900106,48,18,30
100900107,1918,807,1111
100900108,11,66,-55
100900109,21,17,4
100900110,2,30,-28
100900111,27,170,-143
100900112,6,11,-5
100900113,21,34,-13
100900114,10,12,-2
100900115,8,39,-31
100900116,1066,823,243
100900117,304,1179,-875
100900118,187,161,26
100900119,16,7,9
100900120,14,9,5
100900121,398,587,-189
100900122,208,148,60
100900123,129,169,-40
100900124,5,13,-8
100900125,10,62,-52
100900126,230,224,6
100900127,5,5,0
100900128,86,191,-105
100900129,0,201,-201
100900131,145,269,-124
100900133,71,57,14
100900134,0,8,-8
100900135,1,229,-228
100900137,381,140,241
100900138,488,532,-44
100900139,14,4,10
100900140,0,351,-351
100900141,4,631,-627
100900142,3,9,-6
100900143,562,519,43
100900144,26,9,17
100900145,152,186,-34
100900146,11,60,-49
100900147,15,644,-629
100900148,56,479,-423
100900149,21,294,-273
100900150,5,24,-19
100900151,135,576,-441
100900152,211,13,198
100900153,2,194,-192
100900154,30,117,-87
100900155,13,7,6
100900156,37,10,27
100900157,27,309,-282
100900159,9,31,-22
100900160,49,11,38
100900161,32,12,20
100900162,43,501,-458
100900163,152,137,15
100900164,83,36,47
100900165,26,13,13
100900166,24,1,23
100900167,9,71,-62
100900168,91,150,-59
100900169,120,849,-729
100900170,30,4,26
100900171,21,558,-537
100900172,0,36,-36
100900173,9,331,-322
100900174,316,36,280
100900176,1331,209,1122
100900177,586,260,326
100900178,292,109,183
100900179,336,375,-39
100900180,4,7,-3
100900181,121,110,11
100900182,48,36,12
100900184,17,110,-93
100900186,661,405,256
100900187,12,87,-75
100900188,42,16,26
100900189,1539,237,1302
100900191,903,1192,-289
100900192,196,432,-236
100900195,102,161,-59
100900197,25,64,-39
100900198,26,137,-111
100900199,4,13,-9
100900200,882,413,469
100900201,113,873,-760
100900202,33,0,33
100900203,0,130,-130
100900204,238,921,-683
100900205,180,651,-471
100900206,222,100,122
100900207,419,194,225
100900210,86,344,-258
100900211,729,262,467
100900213,204,93,111
100900214,547,169,378
100900215,25,70,-45
100900217,114,117,-3
101000001,2920,2443,477
101000002,7208,6898,310
101000003,556,1400,-844
101000004,7608,6742,866
101000005,5038,5317,-279
101000006,6989,7943,-954
101000007,3754,4988,-1234
101000008,2076,2373,-297
101000009,2567,943,1624
101000010,890,745,145
101000011,1476,554,922
101000012,829,766,63
101000013,767,1282,-515
101000014,393,469,-76
101000015,1332,786,546
101000016,342,549,-207
101000017,563,362,201
101000018,2006,2352,-346
101000020,2094,1012,1082
101000021,615,364,251
101000022,255,178,77
101000023,1073,697,376
101000025,341,550,-209
101000026,227,31,196
101000027,1890,2863,-973
101000028,1124,259,865
101000029,219,2163,-1944
101000030,1615,150,1465
101000031,725,1127,-402
101000032,5669,5127,542
101000033,1952,4196,-2244
101000034,1563,1922,-359
101000035,670,420,250
101000036,1170,1008,162
101000037,1809,1762,47
101000039,1824,3114,-1290
101000040,2558,4740,-2182
101000041,6389,9136,-2747
101000042,394,1482,-1088
101000043,5593,9060,-3467
101000045,1201,1110,91
101000046,2546,2200,346
101000047,1976,4688,-2712
101000048,787,670,117
101000049,773,2299,-1526
101000050,1933,2848,-915
101000051,1424,3240,-1816
101000052,1513,1155,358
101000053,1158,1543,-385
101000054,1972,1107,865
101000055,1291,1436,-145
101000056,28,120,-92
101000057,1419,1412,7
101000058,982,1449,-467
101000059,1772,2518,-746
101000060,1834,663,1171
101000061,719,1515,-796
101000062,509,751,-242
101000063,487,1121,-634
101000064,834,1133,-299
101000065,373,550,-177
101000066,1050,1067,-17
101000067,1053,1154,-101
101000068,220,544,-324
101000069,259,101,158
101000070,1115,1097,18
101000071,1805,963,842
101000072,819,3450,-2631
101000073,892,1319,-427
101000074,4179,4293,-114
101000075,3353,5374,-2021
101000077,1541,1486,55
101000078,1044,1649,-605
101000079,1454,492,962
101000080,1336,678,658
101000081,1749,1666,83
101000082,2791,2658,133
101000083,2862,2304,558
101000084,1229,788,441
101000085,1474,1195,279
101000086,999,1226,-227
101000087,997,922,75
101000088,1355,1136,219
101000089,1169,1565,-396
101000090,1825,1076,749
101000091,469,613,-144
101000092,1048,791,257
101000093,1619,746,873
101000094,1163,1018,145
101000095,554,524,30
101000096,446,391,55
101000097,505,486,19
101000098,484,631,-147
101000099,855,1138,-283
101000100,958,1052,-94
101000101,316,465,-149
101000102,849,633,216
101000103,729,553,176
101000104,421,709,-288
101000105,351,495,-144
101000106,526,1035,-509
101000107,380,407,-27
101000108,705,223,482
101000109,527,107,420
101000110,48,364,-316
101000111,86,226,-140
101000113,249,748,-499
101000114,6762,8632,-1870
101000115,59,123,-64
101000116,108,73,35
101000117,1361,266,1095
101000119,60,79,-19
101000120,134,65,69
101000121,46,75,-29
101000122,115,161,-46
101000123,42,101,-59
101000124,1264,267,997
101000125,158,416,-258
101000128,341,807,-466
101000130,198,244,-46
101000131,941,585,356
101000132,874,766,108
101000135,30,36,-6
101000136,320,192,128
101000137,30,371,-341
101000141,967,3639,-2672
101000147,973,431,542
101000148,718,50,668
101000149,165,254,-89
101000150,141,461,-320
101000151,295,46,249
101000152,274,241,33
101000153,399,209,190
101000154,314,786,-472
101000155,378,169,209
101000156,17,347,-330
101000157,70,51,19
101000160,63,59,4
101000163,190,393,-203
101000164,373,257,116
101000165,300,372,-72
101000166,306,326,-20
101000168,845,427,418
101000252,2269,965,1304
101000254,214,119,95
101000258,73,4,69
101000261,145,46,99
101000262,1464,3002,-1538
101000263,461,1581,-1120
101000265,113,893,-780
101000266,429,546,-117
101000269,40,20,20
101000290,1054,2639,-1585
101000293,77,50,27
101000294,754,407,347
101000295,179,372,-193
101000301,668,636,32
101000304,2213,2545,-332
101000305,2872,1211,1661
101000328,108,588,-480
101900001,44,38,6
101900002,0,7,-7
101900003,40,84,-44
101900004,6,67,-61
101900005,2596,2934,-338
101900006,1282,75,1207
101900007,861,234,627
101900008,94,308,-214
101900009,40,398,-358
101900010,667,738,-71
101900011,274,1214,-940
101900012,453,209,244
101900013,683,181,502
101900017,10,138,-128
101900018,1064,352,712
101900019,191,131,60
101900020,45,42,3
101900021,0,45,-45
101900022,201,886,-685
101900023,146,144,2
101900026,168,48,120
101900027,28,114,-86
102000001,2565,4846,-2281
102000002,2139,1027,1112
102000003,2873,7780,-4907
102000004,4651,2608,2043
102000005,1158,2470,-1312
102000006,1008,1716,-708
102000007,1680,4746,-3066
102000008,3923,1478,2445
102000009,6806,8389,-1583
102000010,4726,3166,1560
102000011,3424,3280,144
102000012,3084,2716,368
102000018,2354,2627,-273
102000019,2102,1700,402
102000026,226,538,-312
102000029,251,155,96
102000030,145,376,-231
102000031,67,113,-46
102000032,605,247,358
102000033,278,337,-59
102000034,448,375,73
102000035,1168,670,498
102000036,17,256,-239
102000037,176,53,123
102000038,177,327,-150
102000039,192,88,104
102000040,382,250,132
102000041,171,464,-293
102000042,216,325,-109
102000043,226,215,11
102000044,359,410,-51
102000045,698,732,-34
102000046,1084,637,447
102000047,809,748,61
102000048,406,838,-432
102000049,963,766,197
102000050,1014,1006,8
102000051,434,611,-177
102000052,1194,700,494
102000053,892,924,-32
102000054,775,1235,-460
102000055,1469,522,947
102000056,1143,813,330
102000057,1469,526,943
102000058,1104,1191,-87
102000059,1385,1291,94
102000060,1085,885,200
102000061,1936,1682,254
102000062,2070,1024,1046
102000063,1052,1297,-245
102000064,675,740,-65
102000065,69,188,-119
102000066,788,867,-79
102000067,1898,2599,-701
102000068,9841,2582,7259
102000069,96,2340,-2244
102000070,1220,45,1175
102000071,6125,7454,-1329
102000072,2806,3321,-515
102000073,2308,1229,1079
102000074,1009,1815,-806
102000075,148,474,-326
102000076,320,289,31
102000077,694,637,57
102000078,960,551,409
102000079,194,171,23
102000080,244,214,30
102000081,333,980,-647
102000082,669,394,275
102000083,636,256,380
102000084,412,210,202
102000085,1992,858,1134
102000086,1206,876,330
102000087,912,1398,-486
102000088,370,291,79
102000089,1509,370,1139
102000090,435,1080,-645
102000091,1276,684,592
102000092,378,698,-320
102000093,357,570,-213
102000094,850,718,132
102000095,831,1256,-425
102000096,777,946,-169
102000097,817,883,-66
102000098,545,861,-316
102000099,770,970,-200
102000100,463,1436,-973
102000101,635,821,-186
102000102,306,1186,-880
102000103,1286,380,906
102000104,506,291,215
102000105,273,441,-168
102000106,867,452,415
102000107,1568,504,1064
102000108,627,137,490
102000109,548,466,82
102000110,1331,861,470
102000111,9,256,-247
102000112,150,125,25
102000113,18,28,-10
102000114,686,296,390
102000115,233,308,-75
102000116,278,402,-124
102000117,181,404,-223
102000118,1079,1296,-217
102000119,1342,750,592
102000120,226,499,-273
102000121,1207,601,606
102000122,912,980,-68
102000123,1297,1194,103
102000124,1666,1121,545
102000125,895,1070,-175
102000126,926,742,184
102000127,1342,733,609
102000128,1020,882,138
102000129,1662,748,914
102000130,1013,714,299
102000131,2274,695,1579
102000132,793,1083,-290
102000133,2541,1477,1064
102000134,968,689,279
102000135,732,871,-139
102000136,1030,561,469
102000137,747,890,-143
102000138,258,492,-234
102000139,108,615,-507
102000140,196,657,-461
102000141,309,950,-641
102000142,446,356,90
102000143,177,270,-93
102000144,377,322,55
102000145,334,344,-10
102000146,522,322,200
102000147,552,464,88
102000148,222,635,-413
102000149,166,290,-124
102000150,528,90,438
102000151,129,197,-68
102000152,210,121,89
102000153,1053,548,505
102000154,226,475,-249
102000155,82,259,-177
102000156,283,154,129
102000157,98,358,-260
102000158,509,570,-61
102000159,683,597,86
102000161,2581,2065,516
102000162,157,117,40
102000163,112,520,-408
102000164,784,1276,-492
102000165,281,141,140
102000166,39,144,-105
102000167,313,237,76
102000168,370,144,226
102000169,133,498,-365
102000170,397,313,84
102000171,298,377,-79
102000172,243,548,-305
102000173,453,312,141
102000174,101,82,19
102000175,168,88,80
102000176,78,42,36
102000178,331,333,-2
102000179,413,216,197
102000180,1165,384,781
102000181,802,505,297
102000182,718,487,231
102000183,1956,1376,580
102000184,2146,641,1505
102000185,3087,986,2101
102000186,1415,1260,155
102000187,987,1111,-124
102000188,1126,1316,-190
102000189,1870,571,1299
102000190,611,2677,-2066
102000191,1455,460,995
102000192,1354,1611,-257
102000193,68,106,-38
102000194,66,110,-44
102000195,404,394,10
102000196,280,328,-48
102000197,906,321,585
102000198,235,594,-359
102000199,1200,235,965
102000200,412,693,-281
102000201,1192,416,776
102000202,7,75,-68
102000203,511,166,345
102000204,536,544,-8
102000205,1378,394,984
102000206,754,452,302
102000207,820,447,373
102000208,444,391,53
102000209,72,58,14
102000210,497,314,183
102000211,512,195,317
102000212,420,9,411
102000213,11,202,-191
102000214,297,13,284
102000215,20,269,-249
102000216,66,69,-3
102000217,9,79,-70
102000218,296,197,99
102000219,284,193,91
102000225,540,578,-38
102000226,2534,1085,1449
102000227,141,1,140
102000228,0,87,-87
102000229,53,64,-11
102000230,301,323,-22
102000231,229,304,-75
102000232,31,131,-100
102000233,390,559,-169
102000234,87,1077,-990
102000236,253,71,182
102000237,448,128,320
102000238,154,286,-132
102000240,453,737,-284
102000241,174,121,53
102000243,22,57,-35
102000245,15,135,-120
102000246,9,45,-36
102000247,1058,732,326
102000248,639,1252,-613
102000249,172,91,81
102000250,96,273,-177
102000254,176,188,-12
102000266,29,357,-328
102000271,13,0,13
102000286,452,436,16
102000297,2105,964,1141
102000299,0,0,0
102000301,0,0,0
102000305,0,0,0
102000307,0,4,-4
102900001,1379,624,755
102900002,400,32,368
102900003,70,152,-82
102900005,459,225,234
102900006,613,82,531
102900007,545,27,518
102900008,263,27,236
102900009,555,318,237
102900010,317,1094,-777
102900011,1503,435,1068
102900012,491,60,431
102900013,37,69,-32
102900015,656,541,115
102900016,77,84,-7
102900017,220,451,-231
102900018,47,120,-73
102900019,432,398,34
102900020,190,35,155
102900021,33,90,-57
102900022,516,194,322
102900023,40,42,-2
102900024,53,40,13
102900025,212,106,106
102900026,387,2138,-1751
102900027,86,54,32
102900028,186,739,-553
102900029,186,201,-15
102900030,402,350,52
102900031,266,139,127
102900032,82,92,-10
102900033,143,166,-23
102900034,681,70,611
102900035,173,258,-85
102900036,342,341,1
102900037,507,323,184
102900038,554,394,160
102900039,31,550,-519
102900040,158,284,-126
102900041,112,200,-88
102900042,221,241,-20
102900043,224,151,73
102900044,681,1626,-945
102900045,149,513,-364
102900046,154,214,-60
102900047,151,552,-401
102900048,652,380,272
102900049,178,342,-164
102900050,213,304,-91
102900051,179,205,-26
102900052,55,69,-14
102900053,465,519,-54
102900054,459,1270,-811
102900055,163,254,-91
102900056,97,327,-230
102900057,11,60,-49
102900058,391,83,308
102900059,21,83,-62
102900060,165,321,-156
102900061,196,352,-156
102900062,308,636,-328
102900063,1375,450,925
102900064,125,348,-223
102900065,953,402,551
102900066,363,17,346
102900068,131,60,71
102900070,212,547,-335
102900072,18,45,-27
102900073,136,11,125
102900075,19,85,-66
102900076,114,190,-76
102900077,38,52,-14
102900078,20,71,-51
102900079,217,4,213
102900080,450,35,415
102900081,95,248,-153
102900082,20,174,-154
102900083,127,17,110
102900084,7,37,-30
102900085,393,118,275
102900086,31,69,-38
102900087,143,89,54
102900088,79,23,56
102900089,206,98,108
102900090,2,291,-289
102900091,209,1,208
102900092,459,615,-156
102900093,269,216,53
102900094,1,126,-125
102900095,85,2,83
102900096,71,13,58
102900097,4,93,-89
102900098,15,8,7
103000001,2446,2190,256
103000002,1920,2252,-332
103000003,3074,2798,276
103000004,860,674,186
103000005,1641,2865,-1224
103000006,841,1441,-600
103000007,400,667,-267
103000008,979,578,401
103000009,1533,1097,436
103000010,116,81,35
103000011,1585,1203,382
103000012,1550,1422,128
103000013,3148,1627,1521
103000014,1363,2865,-1502
103000015,1343,614,729
103000016,504,1430,-926
103000017,206,443,-237
103000018,688,302,386
103000019,360,308,52
103000020,2287,1485,802
103000021,1976,2255,-279
103000022,696,932,-236
103000023,639,1845,-1206
103000024,110,138,-28
103000025,145,710,-565
103000026,742,109,633
103000027,246,567,-321
103000028,215,317,-102
103000029,185,290,-105
103000030,1253,1047,206
103000031,1140,1908,-768
103000032,2188,1475,713
103000033,2975,2826,149
103000034,1223,1131,92
103000035,456,1289,-833
103000036,338,452,-114
103000037,592,572,20
103000038,518,1056,-538
103000039,457,342,115
103000040,478,737,-259
103000041,1571,1597,-26
103000042,1472,454,1018
103000043,602,778,-176
103000044,290,190,100
103000046,423,457,-34
103000047,698,500,198
103000048,215,173,42
103000049,144,116,28
103000050,748,385,363
103000051,642,449,193
103000052,879,361,518
103000053,214,681,-467
103000054,2556,1195,1361
103000055,1985,1810,175
103000056,863,1165,-302
103000057,714,206,508
103000058,719,754,-35
103000059,566,649,-83
103000060,858,568,290
103000061,432,882,-450
103000062,1236,439,797
103000063,896,839,57
103000064,189,171,18
103000065,4,338,-334
103000066,228,6,222
103000069,414,307,107
103000070,921,603,318
103000071,1326,485,841
103000072,137,493,-356
103000073,819,137,682
103000074,806,132,674
103000075,114,502,-388
103000076,284,440,-156
103000077,16,266,-250
103000078,757,760,-3
103000079,503,615,-112
103000080,724,352,372
103000081,406,965,-559
103000082,461,194,267
103000083,113,272,-159
103000084,103,5,98
103000085,0,100,-100
103000086,474,391,83
103000087,139,527,-388
103000088,239,261,-22
103000089,255,491,-236
103000090,2315,912,1403
103000091,625,442,183
103000092,245,246,-1
103000093,233,363,-130
103000094,241,95,146
103000095,76,287,-211
103000096,622,70,552
103000097,81,583,-502
103000098,745,164,581
103000099,239,649,-410
103000100,121,554,-433
103000101,1105,104,1001
103000102,116,412,-296
103000103,731,127,604
103000104,84,108,-24
103000105,183,68,115
103000106,16,104,-88
103000107,214,61,153
103000108,887,661,226
103000109,373,398,-25
103000110,465,494,-29
103000111,368,449,-81
103000112,343,158,185
103000113,658,623,35
103000114,1253,464,789
103000115,668,465,203
103000116,686,418,268
103000117,515,375,140
103000118,473,402,71
103000119,869,435,434
103000120,38,78,-40
103000121,137,381,-244
103000122,294,387,-93
103000125,13,196,-183
103000126,698,4,694
103000127,2,146,-144
103000128,158,4,154
103000129,4,116,-112
103000130,86,26,60
103000131,154,104,50
103000132,65,151,-86
103000133,36,136,-100
103000134,299,897,-598
103000135,475,261,214
103000136,519,480,39
103000137,486,554,-68
103000138,646,588,58
103000139,2,64,-62
103000140,133,32,101
103000141,47,134,-87
103000142,173,68,105
103000143,65,174,-109
103000144,176,58,118
103000145,43,191,-148
103000150,97,31,66
103000152,154,210,-56
103000153,191,139,52
103000156,4,212,-208
103000157,477,2,475
103000159,180,52,128
103000162,83,12,71
103000163,13,28,-15
103000164,15,10,5
103000165,83,187,-104
103000166,212,298,-86
103000167,210,83,127
103000168,109,152,-43
103000169,223,453,-230
103000170,1006,285,721
103000171,36,81,-45
103000172,657,260,397
103000173,820,409,411
103000174,217,282,-65
103000175,438,195,243
103000176,914,655,259
103000177,424,362,62
103000178,208,314,-106
103000179,221,33,188
103000183,214,17,197
103000185,143,32,111
103000186,171,132,39
103000187,826,233,593
103000188,23,88,-65
103000189,664,604,60
103000191,604,574,30
103000292,921,1627,-706
103000293,977,2648,-1671
103000295,78,108,-30
103000296,334,18,316
103000297,27,51,-24
103000504,81,13,68
103000505,22,21,1
103000506,3,210,-207
103000507,234,1,233
103000508,61,67,-6
103000509,293,563,-270
103900001,1,123,-122
103900002,910,137,773
103900003,1201,242,959
103900004,134,0,134
103900005,2,147,-145
103900006,1,1,0
103900007,102,2,100
103900008,9,1,8
103900009,345,558,-213
103900010,135,327,-192
103900011,453,158,295
103900012,19,24,-5
103900013,111,71,40
103900014,83,16,67
103900015,67,6,61
103900016,325,201,124
103900017,39,67,-28
103900018,628,202,426
103900019,118,408,-290
103900020,203,613,-410
103900021,376,68,308
103900022,1336,639,697
103900023,209,4,205
103900024,103,348,-245
103900025,18,30,-12
103900026,207,0,207
103900027,856,251,605
103900028,32,285,-253
103900029,1200,161,1039
103900030,320,112,208
103900031,67,12,55
103900032,103,91,12
103900033,88,18,70
103900034,56,84,-28
103900035,84,38,46
103900036,31,36,-5
103900037,102,77,25
103900038,163,269,-106
103900039,121,240,-119
103900040,1,164,-163
103900041,67,60,7
103900042,83,203,-120
103900043,192,85,107
103900044,83,240,-157
103900045,484,202,282
103900047,100,18,82
103900048,79,31,48
103900049,179,874,-695
103900050,13,126,-113
103900051,2,46,-44
103900052,281,325,-44
103900053,307,382,-75
103900054,153,269,-116
103900055,558,226,332
103900056,49,64,-15
103900057,47,120,-73
103900058,346,444,-98
103900059,0,18,-18
103900060,55,119,-64
103900061,188,41,147
103900062,438,124,314
103900063,6,0,6
103900064,170,5,165
103900065,784,343,441
103900066,198,50,148
103900067,212,8,204
103900068,9,7,2
103900069,60,12,48
103900070,170,174,-4
103900071,17,97,-80
103900072,34,159,-125
103900073,32,23,9
103900074,106,77,29
103900075,303,76,227
103900076,667,418,249
103900077,48,109,-61
103900078,430,81,349
103900079,158,202,-44
103900080,7,24,-17
103900081,66,26,40
103900082,21,140,-119
103900083,1037,1268,-231
103900084,77,158,-81
103900085,66,151,-85
103900086,945,400,545
103900088,362,656,-294
103900089,75,140,-65
103900090,2,108,-106
103900091,1036,199,837
103900092,696,434,262
103900093,75,258,-183
103900094,16,99,-83
103900095,273,224,49
103900096,23,147,-124
103900097,16,363,-347
103900098,239,104,135
103900099,83,111,-28
103900100,349,248,101
103900101,64,1038,-974
103900102,3,19,-16
103900104,1,25,-24
103900105,103,178,-75
103900106,0,47,-47
103900107,175,136,39
103900108,50,229,-179
103900109,179,77,102
103900110,294,40,254
103900111,121,466,-345
103900112,47,110,-63
103900113,144,277,-133
103900114,419,299,120
103900115,250,230,20
103900116,3803,3476,327
103900117,97,50,47
103900119,40,88,-48
103900120,80,94,-14
103900122,135,173,-38
103900123,1009,637,372
103900124,80,322,-242
103900125,162,63,99
103900126,697,331,366
103900127,234,314,-80
103900128,146,126,20
103900131,24,97,-73
103900133,1192,129,1063
103900134,1,12,-11
103900135,10,6,4
103900137,1,26,-25
103900138,182,205,-23
103900139,262,2264,-2002
103900140,10,219,-209
103900141,273,48,225
103900142,304,60,244
103900143,136,1,135
103900144,0,41,-41
103900145,242,199,43
103900146,399,188,211
103900147,472,136,336
103900148,276,217,59
103900149,342,433,-91
103900150,4432,4559,-127
103900151,51,178,-127
103900152,690,349,341
103900153,11,4,7
103900154,596,1975,-1379
103900155,60,170,-110
103900156,77,139,-62
103900157,52,142,-90
103900158,168,105,63
103900159,205,54,151
103900160,75,37,38
103900161,123,125,-2
103900162,66,123,-57
103900163,6,365,-359
103900167,13,90,-77
103900168,121,85,36
103900169,51,51,0
103900170,4,108,-104
103900171,4,49,-45
103900172,12,13,-1
103900173,17,13,4
103900174,220,52,168
103900175,51,91,-40
103900176,18,53,-35
103900177,8,76,-68
103900178,63,68,-5
103900179,70,86,-16
103900180,19,55,-36
103900181,55,51,4
103900182,39,17,22
103900184,405,142,263
103900185,133,445,-312
103900187,35,109,-74
103900188,59,35,24
103900189,110,8,102
103900190,114,65,49
103900191,30,33,-3
103900192,48,77,-29
103900193,117,173,-56
103900194,77,137,-60
103900195,9,89,-80
103900196,43,57,-14
103900197,16,16,0
103900198,17,44,-27
103900199,154,37,117
103900200,190,88,102
103900201,108,160,-52
103900202,14,47,-33
103900203,32,33,-1
103900204,0,79,-79
103900207,0,75,-75
103900208,137,3,134
103900209,8,120,-112
103900210,61,27,34
103900211,602,281,321
103900212,127,280,-153
103900213,47,242,-195
103900214,218,159,59
103900215,203,316,-113
103900216,24,292,-268
103900217,340,48,292
103900218,0,204,-204
103900219,137,138,-1
103900233,53,4,49
103900235,24,27,-3
103900236,9,7,2
103900242,1,6,-5
103900243,2,3,-1
103900244,115,145,-30
103900245,152,134,18
103900246,62,37,25
103900247,40,103,-63
103900248,3,52,-49
103900249,19,96,-77
103900250,20,22,-2
103900251,9,20,-11
103900253,17,84,-67
103900254,5,17,-12
103900255,4,22,-18
103900256,3,23,-20
103900257,88,76,12
103900258,9,2,7
103900259,70,2,68
103900261,5,2,3
103900262,11,1,10
103900263,17,37,-20
103900264,34,41,-7
103900265,15,5,10
103900266,2,84,-82
103900267,12,78,-66
103900268,20,62,-42
103900269,134,18,116
103900270,70,101,-31
103900271,46,80,-34
103900272,79,50,29
103900273,65,42,23
103900274,152,5,147
103900275,53,8,45
103900276,2,31,-29
103900277,5,31,-26
103900278,5,30,-25
103900279,3,36,-33
103900280,1,38,-37
104000001,2440,2025,415
104000002,1684,1827,-143
104000003,2277,1910,367
104000004,2349,2157,192
104000005,1747,1650,97
104000006,2949,2422,527
104000007,3752,3772,-20
104000008,189,182,7
104000009,218,93,125
104000010,161,283,-122
104000011,299,223,76
104000012,158,218,-60
104000013,223,180,43
104000014,218,459,-241
104000015,418,140,278
104000016,506,312,194
104000018,870,144,726
104000019,635,203,432
104000020,137,362,-225
104000021,268,338,-70
104000022,96,243,-147
104000023,859,314,545
104000024,228,261,-33
104000026,49,287,-238
104000027,257,185,72
104000028,494,215,279
104000029,321,239,82
104000030,285,194,91
104000031,1498,326,1172
104000032,202,214,-12
104000033,716,457,259
104000034,392,202,190
104000035,964,366,598
104000036,828,406,422
104000037,282,161,121
104000038,547,317,230
104000039,229,166,63
104000040,226,311,-85
104000041,593,333,260
104000042,239,261,-22
104000043,187,251,-64
104000044,292,356,-64
104000045,848,731,117
104000046,873,1132,-259
104000047,746,852,-106
104000048,1051,1018,33
104000049,517,260,257
104000050,171,631,-460
104000051,90,455,-365
104000052,1503,1584,-81
104000053,882,336,546
104000054,622,276,346
104000055,2981,1941,1040
104000056,875,191,684
104000057,126,335,-209
104000058,832,671,161
104000059,613,920,-307
104000060,1174,1118,56
104000061,1174,805,369
104000062,417,111,306
104000064,497,315,182
104000065,235,713,-478
104000069,753,1217,-464
104000070,77,473,-396
104000071,143,331,-188
104000072,717,195,522
104000075,122,264,-142
104000076,498,125,373
104000082,2245,3215,-970
104000083,642,197,445
104000084,112,408,-296
104000085,284,289,-5
104000086,168,343,-175
104000087,368,2043,-1675
104000090,869,932,-63
104000092,1441,1437,4
104000094,880,1014,-134
104000095,1955,1235,720
104000096,1715,119,1596
104000097,1944,668,1276
104000098,2631,658,1973
104000100,1782,559,1223
104000101,1141,1295,-154
104000106,50,587,-537
104000107,568,357,211
104000108,216,420,-204
104000109,326,99,227
104000110,798,943,-145
104000111,2864,2688,176
104000112,1416,462,954
104000116,1,668,-667
104000117,203,482,-279
104000118,721,190,531
104000119,739,255,484
104000120,273,559,-286
104000121,194,562,-368
104000122,654,608,46
104000123,630,725,-95
104000124,587,1391,-804
104000125,2653,4376,-1723
104000126,402,355,47
104000127,1270,1497,-227
104000128,599,346,253
104000129,363,31,332
104000130,6,248,-242
104000131,344,342,2
104000132,355,363,-8
104000133,1412,722,690
104000134,910,1503,-593
104000135,390,1867,-1477
104000136,773,3969,-3196
104000137,1396,444,952
104000138,798,330,468
104000139,4022,2408,1614
104000141,934,933,1
104000142,600,458,142
104000143,630,334,296
104000144,141,207,-66
104000145,409,190,219
104000146,229,472,-243
104000147,121,259,-138
104000148,348,152,196
104000149,159,203,-44
104000150,1024,561,463
104000151,330,302,28
104000152,622,457,165
104000153,827,592,235
104000154,770,456,314
104000155,471,528,-57
104000157,1064,1045,19
104000158,391,592,-201
104000159,915,492,423
104000160,1816,1836,-20
104000161,170,190,-20
104000162,93,106,-13
104000165,659,873,-214
104000167,738,1026,-288
104000168,732,9,723
104000169,144,36,108
104000170,349,593,-244
104000248,264,484,-220
104000251,77,202,-125
104000272,0,0,0
104000273,0,0,0
104000274,0,0,0
104000275,0,0,0
104000279,668,398,270
104000290,75,275,-200
104000291,449,968,-519
104000293,822,658,164
104000294,49,1,48
104000295,538,707,-169
104000296,425,657,-232
104000297,713,1766,-1053
104000298,1930,782,1148
104000299,721,1137,-416
104900001,153,284,-131
104900002,102,186,-84
104900003,61,250,-189
104900004,104,211,-107
104900005,343,312,31
104900006,493,80,413
104900007,349,221,128
104900009,150,257,-107
104900010,76,59,17
104900011,53,27,26
104900012,257,36,221
104900013,153,13,140
104900014,1729,267,1462
104900015,60,5,55
104900016,250,175,75
104900017,160,152,8
104900018,5,163,-158
104900019,249,3322,-3073
104900020,50,219,-169
104900021,2,108,-106
104900022,6,80,-74
104900023,0,62,-62
104900024,36,74,-38
104900025,71,193,-122
104900026,1,60,-59
104900027,621,274,347
104900028,42,81,-39
104900029,42,65,-23
104900030,544,229,315
104900031,71,169,-98
104900032,55,77,-22
104900033,189,227,-38
104900034,429,221,208
104900035,390,255,135
104900036,268,85,183
104900037,173,168,5
104900038,295,839,-544
104900039,381,339,42
104900040,583,96,487
104900041,288,141,147
104900042,184,175,9
104900043,17,130,-113
104900044,811,207,604
104900045,512,65,447
104900046,237,122,115
104900047,424,128,296
104900048,413,75,338
104900049,48,33,15
104900050,361,100,261
104900051,360,53,307
104900052,74,5,69
104900053,486,109,377
104900054,178,36,142
104900055,144,1,143
104900056,230,17,213
104900057,43,1,42
104900058,817,705,112
104900059,167,58,109
104900060,2,353,-351
104900061,191,373,-182
104900063,0,114,-114
104900064,1,69,-68
104900065,6,185,-179
104900066,3,93,-90
104900067,4,270,-266
104900068,29,159,-130
104900070,154,189,-35
104900071,1,418,-417
104900072,40,237,-197
104900073,111,126,-15
104900074,77,187,-110
104900075,65,30,35
104900076,94,200,-106
104900077,682,332,350
104900078,195,348,-153
104900079,104,632,-528
104900080,127,435,-308
104900082,13,312,-299
104900085,0,127,-127
104900087,345,3,342
104900089,264,1,263
104900090,912,735,177
104900091,729,427,302
104900093,211,454,-243
104900097,1981,2149,-168
104900098,165,24,141
104900099,75,581,-506
104900100,372,237,135
104900102,31,129,-98
104900103,477,62,415
104900104,2157,2123,34
104900106,119,131,-12
104900107,111,153,-42
104900108,92,162,-70
104900109,109,215,-106
104900110,9,42,-33
104900111,217,115,102
104900112,319,438,-119
104900113,763,306,457
104900114,396,379,17
104900115,723,299,424
104900116,224,178,46
104900118,28,48,-20
104900119,11,55,-44
104900120,21,187,-166
104900121,2,46,-44
104900122,5,45,-40
104900123,98,13,85
104900124,56,1,55
104900125,536,7,529
104900126,69,63,6
104900127,32,59,-27
104900128,129,220,-91
104900129,1275,2344,-1069
105000001,2714,1298,1416
105000002,2195,1384,811
105000003,2886,3853,-967
105000004,660,754,-94
105000005,1071,1109,-38
105000006,1325,1690,-365
105000007,1326,1709,-383
105000008,1446,3524,-2078
105000009,2713,3087,-374
105000010,2812,1567,1245
105000011,3833,2752,1081
105000012,3675,2260,1415
105000013,1035,1136,-101
105000014,2663,2729,-66
105000015,9806,16578,-6772
105000016,2043,1928,115
105000017,1431,797,634
105000018,1097,1430,-333
105000019,1229,843,386
105000020,194,465,-271
105000021,265,99,166
105000022,292,147,145
105000023,624,307,317
105000028,64,87,-23
105000029,779,1420,-641
105000030,4009,2069,1940
105000033,971,1418,-447
105000034,131,891,-760
105000037,606,220,386
105000038,1659,1756,-97
105000039,2000,1364,636
105000040,1160,1235,-75
105000041,659,1172,-513
105000042,3066,1913,1153
105000043,1366,2071,-705
105000044,752,553,199
105000045,404,567,-163
105000046,1365,323,1042
105000047,596,924,-328
105000048,751,190,561
105000049,233,465,-232
105000050,916,412,504
105000051,134,401,-267
105000052,674,808,-134
105000053,129,126,3
105000054,424,735,-311
105000055,767,297,470
105000056,1841,1783,58
105000057,1383,742,641
105000058,1412,960,452
105000059,986,747,239
105000060,493,518,-25
105000061,814,674,140
105000062,576,696,-120
105000063,274,350,-76
105000064,1764,682,1082
105000065,384,403,-19
105000066,995,1037,-42
105000067,1581,735,846
105000068,374,663,-289
105000069,1385,1964,-579
105000070,453,898,-445
105000071,229,1057,-828
105000072,1155,2606,-1451
105000073,864,588,276
105000074,1012,633,379
105000075,500,716,-216
105000076,949,804,145
105000077,2061,1123,938
105000078,1042,1409,-367
105000079,1148,3559,-2411
105000080,1685,1427,258
105000081,3500,1445,2055
105000082,1239,2180,-941
105000083,4731,4173,558
105000084,582,712,-130
105000085,1822,2454,-632
105000086,647,795,-148
105000087,1290,1690,-400
105000088,1303,1641,-338
105000089,2296,1895,401
105000090,888,689,199
105000091,1048,1302,-254
105000092,604,703,-99
105000093,325,289,36
105000094,272,289,-17
105000095,111,466,-355
105000096,1236,1071,165
105000097,829,746,83
105000098,1009,674,335
105000099,742,651,91
105000100,1424,1001,423
105000101,2044,1672,372
105000102,1956,1358,598
105000103,1442,2080,-638
105000104,2687,995,1692
105000105,1396,1790,-394
105000106,1505,1367,138
105000107,1623,828,795
105000108,1921,1153,768
105000109,1788,1327,461
105000110,935,484,451
105000111,1008,537,471
105000112,1326,554,772
105000113,523,716,-193
105000114,2077,1072,1005
105000115,394,1341,-947
105000116,877,504,373
105000117,798,672,126
105000118,646,405,241
105000119,629,641,-12
105000120,1231,541,690
105000121,807,680,127
105000122,518,715,-197
105000123,1065,935,130
105000124,2184,767,1417
105000125,911,1394,-483
105000126,2345,1263,1082
105000127,2546,1552,994
105000128,786,859,-73
105000129,985,307,678
105000130,398,3467,-3069
105000131,693,320,373
105000132,980,782,198
105000133,522,799,-277
105000134,911,657,254
105000135,546,472,74
105000136,181,276,-95
105000137,694,210,484
105000138,237,270,-33
105000139,1052,711,341
105000140,600,489,111
105000141,375,428,-53
105000142,302,439,-137
105000143,233,550,-317
105000144,282,780,-498
105000145,885,305,580
105000146,430,727,-297
105000147,789,350,439
105000148,1324,576,748
105000149,2963,2286,677
105000150,1736,1230,506
105000151,528,375,153
105000152,289,434,-145
105000153,641,714,-73
105000154,651,431,220
105000155,400,935,-535
105000156,769,575,194
105000157,837,1247,-410
105000158,1941,654,1287
105000159,267,831,-564
105000160,2160,594,1566
105000161,636,778,-142
105000162,528,1833,-1305
105000163,996,629,367
105000164,251,206,45
105000165,622,5428,-4806
105000166,3903,1162,2741
105000167,1435,1974,-539
105000168,603,507,96
105000169,643,249,394
105000170,359,1312,-953
105000171,1059,200,859
105000172,211,43,168
105000173,303,55,248
105000174,96,62,34
105000175,102,106,-4
105000176,565,101,464
105000177,326,194,132
105000178,236,405,-169
105000179,830,181,649
105000180,205,99,106
105000181,184,198,-14
105000182,64,51,13
105000183,1784,1965,-181
105000184,1015,971,44
105000185,1312,1015,297
105000186,472,646,-174
105000187,924,244,680
105000188,285,199,86
105000189,158,412,-254
105000190,342,348,-6
105000191,392,265,127
105000192,381,64,317
105000193,100,150,-50
105000194,370,76,294
105000195,339,546,-207
105000196,63,226,-163
105000197,324,478,-154
105000198,481,262,219
105000199,189,635,-446
105000200,142,316,-174
105000201,109,16,93
105000203,11,121,-110
105000204,88,61,27
105000205,106,162,-56
105000207,412,157,255
105000208,231,710,-479
105000209,213,304,-91
105000212,1266,949,317
105000213,168,194,-26
105000214,218,210,8
105000215,450,188,262
105000216,155,275,-120
105000217,183,242,-59
105000218,1462,1040,422
105000221,175,149,26
105000222,351,109,242
105000223,272,144,128
105000226,134,166,-32
105000227,86,109,-23
105000228,190,2112,-1922
105000229,184,531,-347
105000231,439,373,66
105000233,840,718,122
105000234,529,914,-385
105000235,502,597,-95
105000237,930,115,815
105000243,34,86,-52
105000248,61,89,-28
105000262,458,873,-415
105000269,215,234,-19
105000270,483,46,437
105000271,0,163,-163
105000282,84,38,46
105000287,404,81,323
105000288,626,445,181
105000289,2459,2259,200
105000290,29,7,22
105000402,2757,4447,-1690
105000426,372,602,-230
105000438,3928,1856,2072
105000446,8295,5126,3169
105000447,4856,2370,2486
105000454,698,547,151
105000455,243,138,105
105000474,44,0,44
105000477,513,592,-79
105000478,2109,5479,-3370
105000479,105,112,-7
105000480,9123,7812,1311
105000481,4675,3780,895
105000482,4335,6933,-2598
105000483,1707,2208,-501
105000484,1991,2933,-942
105000485,1684,3402,-1718
105000486,3032,2141,891
105000488,8826,4360,4466
105000489,1008,762,246
105000549,108,166,-58
105000550,385,1364,-979
105000551,31,121,-90
105000552,2075,1302,773
105000555,695,984,-289
105900001,15,1730,-1715
105900002,894,706,188
105900003,8,78,-70
105900004,276,129,147
105900005,12,198,-186
105900006,13,181,-168
105900007,61,49,12
105900008,77,407,-330
105900009,40,17,23
105900011,270,42,228
105900012,576,197,379
105900013,0,31,-31
105900014,18,54,-36
105900015,202,344,-142
105900016,521,380,141
105900017,1733,42,1691
105900018,191,152,39
105900019,64,630,-566
105900020,36,56,-20
105900021,50,389,-339
105900022,196,151,45
105900023,12,91,-79
105900024,7,127,-120
105900025,217,28,189
105900026,226,24,202
105900027,9887,6673,3214
105900028,338,223,115
105900029,1477,315,1162
105900030,212,219,-7
105900031,399,174,225
105900032,111,131,-20
105900033,114,135,-21
105900034,242,204,38
105900035,183,173,10
105900036,162,120,42
105900037,91,76,15
105900038,169,223,-54
105900039,152,115,37
105900040,68,86,-18
105900041,164,208,-44
105900042,82,147,-65
105900043,1162,51,1111
105900044,5,281,-276
105900045,1,820,-819
105900046,4,289,-285
105900047,16,66,-50
105900048,96,533,-437
105900050,4987,4487,500
105900051,50,1032,-982
105900052,687,204,483
105900053,2304,3116,-812
105900054,328,188,140
105900056,724,368,356
105900057,28,77,-49
105900058,17,11,6
105900059,0,38,-38
106000001,4016,2960,1056
106000002,1782,5316,-3534
106000003,3063,3634,-571
106000004,1471,2415,-944
106000005,3801,4710,-909
106000006,5004,2777,2227
106000007,575,551,24
106000008,482,316,166
106000009,621,363,258
106000010,656,525,131
106000011,1244,1057,187
106000012,890,999,-109
106000013,2058,1754,304
106000014,1805,1360,445
106000015,2105,1212,893
106000016,1252,1572,-320
106000017,582,589,-7
106000018,653,378,275
106000019,446,381,65
106000020,417,236,181
106000021,315,354,-39
106000022,368,189,179
106000023,674,239,435
106000024,608,336,272
106000025,119,199,-80
106000026,83,161,-78
106000027,1655,1214,441
106000028,611,321,290
106000029,609,706,-97
106000030,332,518,-186
106000034,196,494,-298
106000035,930,1933,-1003
106000036,151,456,-305
106000037,1710,1239,471
106000038,251,150,101
106000039,133,115,18
106000040,122,754,-632
106000041,659,696,-37
106000043,574,258,316
106000046,402,71,331
106000047,53,372,-319
106000049,1072,178,894
106000050,278,520,-242
106000051,719,470,249
106000052,104,473,-369
106000053,596,107,489
106000054,370,369,1
106000055,1237,834,403
106000056,250,266,-16
106000057,455,310,145
106000058,126,119,7
106000059,432,282,150
106000060,324,355,-31
106000061,281,527,-246
106000062,144,484,-340
106000063,813,606,207
106000064,33,348,-315
106000065,388,333,55
106000066,101,303,-202
106000067,518,123,395
106000068,69,477,-408
106000069,291,54,237
106000070,390,631,-241
106000071,1235,259,976
106000072,2181,1445,736
106000073,1251,3070,-1819
106000074,655,619,36
106000075,247,1294,-1047
106000076,1806,1933,-127
106000077,2933,1169,1764
106000078,1344,867,477
106000079,783,726,57
106000080,1435,596,839
106000081,667,942,-275
106000082,2384,764,1620
106000083,455,1217,-762
106000084,1180,562,618
106000085,1312,1405,-93
106000086,641,832,-191
106000087,952,447,505
106000088,397,673,-276
106000089,1125,308,817
106000090,317,534,-217
106000091,280,430,-150
106000092,816,266,550
106000093,302,96,206
106000094,79,231,-152
106000095,972,560,412
106000096,973,552,421
106000097,1289,699,590
106000098,862,779,83
106000099,266,498,-232
106000100,1281,215,1066
106000101,896,203,693
106000102,180,397,-217
106000103,326,368,-42
106000104,749,324,425
106000105,494,433,61
106000106,712,357,355
106000107,189,194,-5
106000108,311,244,67
106000109,188,158,30
106000110,272,252,20
106000111,260,270,-10
106000112,190,521,-331
106000113,476,418,58
106000114,432,601,-169
106000115,193,292,-99
106000116,299,158,141
106000117,915,541,374
106000118,1218,1331,-113
106000119,1125,762,363
106000120,974,1306,-332
106000121,219,128,91
106000122,120,119,1
106000123,594,109,485
106000124,70,151,-81
106000125,14,200,-186
106000126,349,74,275
106000127,905,566,339
106000128,1020,144,876
106000129,425,311,114
106000130,839,267,572
106000131,141,577,-436
106000132,514,144,370
106000133,1178,953,225
106000134,488,1802,-1314
106000135,169,394,-225
106000136,636,1036,-400
106000137,59,480,-421
106000138,1259,105,1154
106000139,55,105,-50
106000140,47,38,9
106000141,119,38,81
106000142,115,60,55
106000143,40,49,-9
106000144,22,62,-40
106000145,307,171,136
106000146,450,119,331
106000147,292,379,-87
106000148,428,714,-286
106000149,692,362,330
106000150,524,1704,-1180
106000151,3022,686,2336
106000152,1027,1761,-734
106000153,96,1445,-1349
106000154,954,188,766
106000155,125,237,-112
106000156,1081,221,860
106000157,643,1324,-681
106000158,1871,940,931
106000159,2180,1882,298
106000160,503,2916,-2413
106000161,1406,298,1108
106000162,439,1072,-633
106000163,451,222,229
106000164,544,290,254
106000165,252,340,-88
106000166,906,270,636
106000167,457,642,-185
106000168,632,270,362
106000169,261,419,-158
106000170,906,195,711
106000171,260,1078,-818
106000172,2847,1273,1574
106000173,961,2153,-1192
106000174,1309,405,904
106000175,298,659,-361
106000176,1973,810,1163
106000177,973,1818,-845
106000178,3429,1472,1957
106000179,974,1772,-798
106000180,856,857,-1
106000181,1036,1494,-458
106000182,1652,682,970
106000183,1637,468,1169
106000184,1989,519,1470
106000185,1355,1171,184
106000186,856,123,733
106000187,213,1195,-982
106000188,0,3,-3
106000189,30,31,-1
106000190,31,1,30
106000191,670,179,491
106000192,0,23,-23
106000193,352,203,149
106000194,162,377,-215
106000195,769,184,585
106000196,208,599,-391
106000197,704,271,433
106000198,184,230,-46
106000199,777,789,-12
106000200,175,239,-64
106000201,449,3061,-2612
106000202,2708,541,2167
106000203,45,129,-84
106000204,98,5,93
106000205,18,118,-100
106000206,93,24,69
106000207,42,521,-479
106000208,1685,211,1474
106000209,1845,426,1419
106000210,402,795,-393
106000211,369,946,-577
106000212,996,423,573
106000213,579,2034,-1455
106000214,2182,869,1313
106000215,290,492,-202
106000216,370,285,85
106000217,280,284,-4
106000218,385,300,85
106000219,145,215,-70
106000220,447,170,277
106000221,246,168,78
106000222,60,74,-14
106000223,317,140,177
106000224,227,145,82
106000225,70,117,-47
106000226,138,187,-49
106000228,54,65,-11
106000229,82,428,-346
106000231,1121,75,1046
106000232,88,265,-177
106000233,578,83,495
106000234,67,265,-198
106000235,699,127,572
106000236,269,127,142
106000237,1,9,-8
106000238,17,40,-23
106000239,10,115,-105
106000240,67,4,63
106000241,18,499,-481
106000242,344,36,308
106000249,113,76,37
106000250,88,710,-622
106000251,161,25,136
106000252,32,80,-48
106000253,62,66,-4
106000254,79,25,54
106000255,23,175,-152
106000256,42,29,13
106000257,172,200,-28
106000258,353,35,318
106000259,8,61,-53
106000260,59,7,52
106000261,3,54,-51
106000262,86,12,74
106000263,6,58,-52
106000264,228,17,211
106000265,11,120,-109
106000266,167,41,126
106000267,6,68,-62
106000268,379,56,323
106000269,46,39,7
106000270,152,372,-220
106000271,97,191,-94
106000272,172,76,96
106000273,18,219,-201
106000274,163,42,121
106000275,155,260,-105
106000276,157,47,110
106000277,143,234,-91
106000278,156,25,131
106000279,28,27,1
106000280,116,55,61
106000281,99,38,61
106000282,71,58,13
106000283,120,43,77
106000284,95,74,21
106000285,116,73,43
106000286,132,109,23
106000287,131,52,79
106000288,76,120,-44
106000289,103,46,57
106000290,64,62,2
106000291,108,77,31
106000292,60,72,-12
106000293,161,93,68
106000294,139,78,61
106000295,43,49,-6
106000296,52,67,-15
106000297,54,202,-148
106000298,122,63,59
106000299,47,100,-53
106000300,52,97,-45
106000301,54,93,-39
106000303,31,77,-46
106000304,28,20,8
106000305,56,53,3
106000306,37,48,-11
106000307,77,29,48
106000308,39,80,-41
106000309,22,67,-45
106000310,335,399,-64
106000311,404,191,213
106000312,130,116,14
106000313,246,199,47
106000318,65,485,-420
106000319,1055,269,786
106000320,1,81,-80
106000321,214,115,99
106000322,144,104,40
106000324,19,112,-93
106000325,1892,887,1005
106000326,993,1397,-404
106000327,191,83,108
106000328,54,124,-70
106000329,115,256,-141
106000330,38,81,-43
106000428,91,141,-50
106000429,127,339,-212
106000430,304,853,-549
106000431,2447,402,2045
106000432,1619,2110,-491
106000433,2647,1452,1195
106000434,3176,1854,1322
106000435,1223,2253,-1030
106000436,16,145,-129
106000437,299,45,254
106000438,342,197,145
106000439,78,413,-335
106000440,272,351,-79
106000441,2,0,2
106000442,199,11,188
106000443,190,186,4
106000450,1,128,-127
106000451,27,57,-30
106000454,1,147,-146
106000455,3,153,-150
106000456,82,30,52
106000457,17,641,-624
106000458,953,101,852
106000459,178,231,-53
106000460,1862,23,1839
106000461,166,776,-610
106000462,0,29,-29
106000463,4,14,-10
106000464,2,293,-291
106000465,840,4,836
106000466,2,345,-343
106000467,253,397,-144
106000468,116,161,-45
106000469,137,0,137
106000470,318,1814,-1496
106000471,17,378,-361
106000472,157,14,143
106000473,46,13,33
106000474,248,330,-82
106000475,259,201,58
106000476,125,253,-128
106000477,31,72,-41
106000480,0,353,-353
106900001,0,17,-17
106900002,0,288,-288
106900003,179,724,-545
106900004,0,23,-23
106900006,0,7,-7
106900007,1,11,-10
106900008,456,161,295
106900009,422,228,194
106900010,281,221,60
106900012,1199,2208,-1009
106900013,551,212,339
106900014,22,3,19
106900015,11,1,10
106900016,399,14,385
106900017,7,2,5
106900018,1,0,1
106900019,76,2,74
106900020,1575,1747,-172
106900021,163,107,56
106900022,1000,6,994
106900023,30,154,-124
106900024,557,53,504
106900025,41,431,-390
106900026,3,330,-327
106900027,814,8,806
107000001,3790,4777,-987
107000002,2260,3929,-1669
107000003,7036,6815,221
107000004,4257,3595,662
107000005,5912,5959,-47
107000006,3620,2845,775
107000007,6020,10490,-4470
107000008,8208,6022,2186
107000009,8842,8214,628
107000010,8124,6797,1327
107000011,1018,1070,-52
107000012,3915,2401,1514
107000013,100,66,34
107000014,64,129,-65
107000015,533,593,-60
107000016,912,587,325
107000017,1987,1819,168
107000018,17,1448,-1431
107000020,1579,1810,-231
107000021,1350,398,952
107000022,788,1512,-724
107000023,2008,203,1805
107000024,606,1079,-473
107000025,274,359,-85
107000026,306,433,-127
107000027,1518,1020,498
107000028,1407,946,461
107000029,4132,3158,974
107000030,2917,2419,498
107000031,5011,2636,2375
107000032,403,877,-474
107000033,2747,3830,-1083
107000034,3359,1401,1958
107000035,460,268,192
107000036,437,1278,-841
107000037,84,766,-682
107000038,226,207,19
107000039,857,811,46
107000040,177,319,-142
107000041,1445,812,633
107000042,711,1962,-1251
107000043,2255,1114,1141
107000044,521,360,161
107000045,75,303,-228
107000046,865,485,380
107000047,491,913,-422
107000048,737,374,363
107000049,750,755,-5
107000050,1123,547,576
107000051,298,424,-126
107000052,1108,1135,-27
107000053,346,246,100
107000054,77,261,-184
107000055,332,145,187
107000056,398,728,-330
107000057,1259,216,1043
107000058,2290,2695,-405
107000059,1862,2972,-1110
107000060,5155,5114,41
107000061,4685,2992,1693
107000062,5769,3063,2706
107000063,4395,3856,539
107000064,4961,2559,2402
107000065,3387,3724,-337
107000066,2084,3066,-982
107000067,1319,1289,30
107000068,1387,876,511
107000069,1068,601,467
107000070,1099,19,1080
107000071,4036,62,3974
107000072,31,2094,-2063
107000073,971,482,489
107000074,165,709,-544
107000075,2041,488,1553
107000076,778,1193,-415
107000077,4347,1503,2844
107000078,2506,2441,65
107000079,3290,1214,2076
107000080,1139,2483,-1344
107000081,2669,695,1974
107000082,664,1412,-748
107000083,1725,550,1175
107000084,325,1302,-977
107000085,2854,2953,-99
107000086,3281,3175,106
107000087,2956,1951,1005
107000088,3126,3275,-149
107000089,1617,1710,-93
107000090,1304,970,334
107000091,1815,860,955
107000092,922,830,92
107000093,1460,918,542
107000094,1122,967,155
107000095,1008,708,300
107000096,573,690,-117
107000097,843,295,548
107000098,545,422,123
107000099,433,289,144
107000100,259,303,-44
107000101,79,191,-112
107000102,223,311,-88
107000103,323,205,118
107000104,232,265,-33
107000105,488,116,372
107000106,178,229,-51
107000107,883,206,677
107000108,181,432,-251
107000109,695,130,565
107000110,54,319,-265
107000111,426,61,365
107000112,41,210,-169
107000113,808,137,671
107000114,87,381,-294
107000115,753,189,564
107000116,141,522,-381
107000117,164,820,-656
107000118,123,150,-27
107000119,1316,1621,-305
107000120,912,576,336
107000121,1116,601,515
107000122,1305,885,420
107000123,600,523,77
107000124,661,726,-65
107000125,1269,434,835
107000126,1279,620,659
107000129,323,429,-106
107000130,825,273,552
107000131,437,406,31
107000132,645,299,346
107000133,485,93,392
107000134,282,2,280
107000135,3,382,-379
107000136,864,10,854
107000137,13,498,-485
107000138,225,37,188
107000139,8,532,-524
107000140,1859,149,1710
107000141,127,744,-617
107000142,493,112,381
107000143,74,612,-538
107000144,558,586,-28
107000145,157,432,-275
107000146,237,320,-83
107000147,2858,729,2129
107000150,575,3269,-2694
107000151,41,130,-89
107000152,444,1764,-1320
107000153,137,356,-219
107000154,208,307,-99
107000155,1089,37,1052
107000156,1469,33,1436
107000157,110,1121,-1011
107000158,967,21,946
107000159,39,774,-735
107000160,1418,165,1253
107000161,81,966,-885
107000162,353,641,-288
107000163,204,4,200
107000164,1046,2,1044
107000165,1576,11,1565
107000166,31,849,-818
107000167,806,203,603
107000168,1209,620,589
107000169,657,657,0
107000170,3107,826,2281
107000171,725,1510,-785
107000172,1318,1617,-299
107000173,693,694,-1
107000174,1312,5860,-4548
107000175,5221,1238,3983
107000176,0,3,-3
107000177,9,0,9
107000178,42,45,-3
107000179,339,1425,-1086
107000180,1683,279,1404
107000181,521,839,-318
107000182,2281,909,1372
107000183,186,581,-395
107000184,1349,623,726
107000185,555,1091,-536
107000186,1560,385,1175
107000187,1585,1174,411
107000188,827,603,224
107000189,624,1067,-443
107000190,783,657,126
107000191,871,934,-63
107000192,1901,616,1285
107000193,477,621,-144
107000194,768,565,203
107000197,1141,282,859
107000198,309,686,-377
107000199,675,634,41
107000200,632,705,-73
107000201,505,291,214
107000202,376,502,-126
107000203,964,883,81
107000204,1008,1100,-92
107000205,1767,1119,648
107000206,964,1451,-487
107000207,599,1110,-511
107000208,812,580,232
107000209,1690,1535,155
107000210,575,318,257
107000211,5,59,-54
107000212,33,340,-307
107000213,8,36,-28
107000214,26,151,-125
107000215,510,277,233
107000216,563,312,251
107000217,223,129,94
107000219,87,176,-89
107000220,207,147,60
107000222,283,525,-242
107000224,555,132,423
107000225,206,273,-67
107000226,605,140,465
107000227,132,181,-49
107000228,114,427,-313
107000229,102,106,-4
107000230,1080,518,562
107000231,1218,1933,-715
107000232,155,22,133
107000233,942,930,12
107000234,2,68,-66
107000235,98,23,75
107000236,15,522,-507
107000237,31,0,31
107000238,43,2,41
107000239,2542,578,1964
107000240,85,719,-634
107000241,102,13,89
107000242,305,42,263
107000243,0,57,-57
107000244,5,49,-44
107000246,3,1019,-1016
107000249,5,991,-986
107000251,2,253,-251
107000252,1,712,-711
107000255,302,102,200
107000257,0,235,-235
107000258,0,92,-92
107000259,1,146,-145
107000260,800,5,795
107000262,6,354,-348
107000263,281,12,269
107000266,7,12,-5
107000267,95,96,-1
107000268,135,124,11
107000269,936,77,859
107000270,1,28,-27
107000271,17,457,-440
107000272,27,86,-59
107000273,5,182,-177
107000274,1582,341,1241
107000275,63,1533,-1470
107000280,1061,56,1005
107000281,43,634,-591
107000282,79,568,-489
107000290,7,17,-10
107000291,28,8,20
107000292,0,110,-110
107000293,51,5,46
107000294,2,37,-35
107000295,20,2,18
107000296,0,19,-19
107000444,297,3,294
107000496,5,13,-8
107000497,1304,1646,-342
107000500,366,266,100
107000501,160,166,-6
107000502,281,300,-19
107000505,293,649,-356
107000506,0,53,-53
107000508,3,450,-447
107000509,237,713,-476
107000510,25,36,-11
107000514,69,351,-282
107000515,8,139,-131
107000516,455,316,139
107000518,1215,1906,-691
107000519,1161,801,360
107000520,110,33,77
107000521,719,257,462
107000522,1055,445,610
107900001,103,105,-2
107900002,80,15,65
107900003,563,21,542
107900004,79,1,78
107900005,1704,4,1700
107900006,326,5,321
107900007,434,42,392
107900008,118,19,99
107900009,180,7,173
107900010,67,15,52
107900012,319,56,263
107900013,195,23,172
107900014,42,7,35
107900015,1251,20,1231
107900016,370,114,256
107900017,12,1,11
107900018,77,243,-166
107900019,32,28,4
107900020,70,9,61
107900021,121,99,22
107900023,1,6,-5
107900024,0,19,-19
107900025,182,277,-95
107900026,101,54,47
107900027,33,35,-2
107900028,107,57,50
107900030,222,35,187
107900031,67,65,2
107900032,22,11,11
107900033,21,7,14
107900034,432,30,402
107900035,1126,75,1051
107900036,74,45,29
107900037,0,28,-28
107900038,89,251,-162
107900039,42,40,2
107900040,36,147,-111
107900041,8,5,3
107900043,97,87,10
107900044,17,10,7
107900045,130,72,58
107900046,189,218,-29
107900047,78,38,40
107900048,204,26,178
107900049,273,1265,-992
107900050,117,259,-142
107900051,126,68,58
107900052,43,52,-9
107900053,103,97,6
107900055,715,243,472
107900056,146,81,65
107900057,0,0,0
107900058,20,459,-439
107900060,22,49,-27
107900061,16,6,10
107900063,123,136,-13
107900064,319,198,121
107900065,293,16,277
107900066,24,10,14
107900067,1,0,1
107900068,114,533,-419
107900069,27,2377,-2350
107900070,142,106,36
107900071,21,516,-495
107900072,161,109,52
107900073,136,56,80
107900074,515,359,156
107900076,207,54,153
107900077,111,1,110
107900078,274,68,206
107900079,7,19,-12
107900080,233,610,-377
107900081,82,104,-22
107900082,15,12,3
107900083,372,173,199
107900084,124,160,-36
107900086,81,205,-124
107900087,477,190,287
107900088,47,2,45
107900089,236,928,-692
107900090,835,3279,-2444
107900091,183,257,-74
107900092,1733,380,1353
107900093,88,67,21
107900095,2815,2274,541
107900097,22,73,-51
107900098,91,242,-151
107900100,864,1729,-865
107900101,786,196,590
107900102,40,5,35
107900103,52,139,-87
107900104,217,10,207
107900105,0,247,-247
107900106,2,816,-814
107900107,1353,553,800
107900108,219,173,46
107900109,1765,30,1735
107900110,78,63,15
107900111,15,563,-548
107900112,103,387,-284
107900113,271,103,168
107900114,220,118,102
107900115,1,13,-12
107900116,231,119,112
107900117,359,260,99
107900118,57,129,-72
107900119,76,308,-232
107900120,53,38,15
107900121,0,127,-127
107900122,3,68,-65
107900123,7,56,-49
107900124,29,27,2
107900125,49,247,-198
107900126,16,57,-41
107900127,595,375,220
107900128,83,86,-3
107900129,101,22,79
107900130,100,18,82
107900131,427,293,134
107900132,87,258,-171
107900133,0,79,-79
107900134,55,74,-19
107900135,9,114,-105
107900136,26,43,-17
107900137,95,115,-20
107900138,83,36,47
107900139,69,46,23
107900140,17,10,7
107900141,52,37,15
107900142,52,566,-514
107900143,60,21,39
107900144,1,133,-132
107900145,15,56,-41
107900146,53,173,-120
107900147,53,48,5
107900148,163,104,59
107900149,799,178,621
107900150,70,441,-371
107900151,54,72,-18
107900152,10,139,-129
107900153,153,322,-169
107900154,76,34,42
107900155,124,95,29
107900156,11,194,-183
107900157,41,40,1
107900158,1242,28,1214
107900159,15,594,-579
107900160,143,103,40
107900161,43,139,-96
107900162,1,62,-61
107900163,32,58,-26
107900164,13,44,-31
107900165,19,208,-189
107900166,28,145,-117
107900167,38,20,18
107900168,45,37,8
107900169,1,172,-171
107900171,12,938,-926
107900172,0,316,-316
107900173,24,102,-78
107900174,170,4,166
107900175,7,23,-16
107900176,46,28,18
107900177,0,142,-142
107900178,1,121,-120
107900179,36,94,-58
107900180,492,899,-407
107900181,422,263,159
107900182,12,723,-711
107900183,81,166,-85
107900184,89,204,-115
107900185,162,7,155
107900186,41,37,4
107900187,1,122,-121
107900188,485,162,323
107900189,26,86,-60
107900190,46,114,-68
107900191,61,73,-12
107900193,6,55,-49
107900194,304,16,288
107900195,1504,336,1168
107900196,56,71,-15
107900197,629,474,155
107900199,0,654,-654
107900201,86,60,26
107900203,42,52,-10
107900204,171,207,-36
107900205,289,352,-63
107900206,899,238,661
107900207,1,377,-376
107900208,8,358,-350
107900209,304,121,183
107900210,76,100,-24
107900213,493,466,27
107900214,20,77,-57
107900215,141,465,-324
107900216,143,81,62
107900217,26,93,-67
107900218,14,1450,-1436
107900219,30,65,-35
107900220,196,280,-84
107900221,170,161,9
107900223,87,390,-303
107900224,167,499,-332
107900225,4,497,-493
107900226,92,80,12
107900227,137,293,-156
107900228,22,86,-64
107900229,0,161,-161
107900230,20,70,-50
107900231,17,185,-168
107900232,112,96,16
107900233,6,75,-69
107900234,129,64,65
107900235,18,119,-101
107900236,132,37,95
107900237,42,268,-226
107900238,25,89,-64
107900239,582,584,-2
107900240,31,67,-36
107900241,16,51,-35
107900242,43,144,-101
107900243,1,45,-44
107900244,341,9,332
107900245,1016,52,964
107900246,426,15,411
107900248,433,305,128
107900249,976,47,929
107900250,4,357,-353
107900251,103,1028,-925
107900252,1212,27,1185
107900253,229,7,222
107900254,63,251,-188
107900255,285,102,183
107900256,1137,1521,-384
107900257,261,124,137
107900258,154,149,5
107900259,69,2577,-2508
107900261,2,260,-258
107900262,63,103,-40
107900264,412,10,402
107900265,221,97,124
107900267,393,19,374
107900268,23,8,15
107900269,0,9,-9
107900270,0,0,0
107900271,2,35,-33
107900272,99,42,57
107900273,44,99,-55
107900274,145,0,145
107900275,20,0,20
107900276,0,85,-85
107900277,1,165,-164
107900278,418,291,127
107900279,84,195,-111
107900280,1923,1886,37
107900281,875,3473,-2598
107900282,45,555,-510
107900283,728,676,52
107900284,624,473,151
107900285,192,53,139
107900286,106,108,-2
107900287,382,231,151
107900290,0,181,-181
107900291,547,22,525
107900292,155,139,16
107900293,74,290,-216
107900295,50,46,4
107900297,4,295,-291
107900298,592,616,-24
107900299,2140,2886,-746
107900300,93,319,-226
107900301,803,763,40
107900302,157,58,99
107900303,239,239,0
107900304,422,298,124
107900305,356,16,340
107900306,7,39,-32
107900307,67,225,-158
107900308,231,161,70
107900309,99,1,98
107900310,659,4,655
107900311,9,553,-544
107900312,75,0,75
107900313,1,182,-181
107900314,0,40,-40
107900315,1,32,-31
107900316,95,0,95
107900317,85,22,63
107900318,4,125,-121
107900319,4,103,-99
107900320,0,99,-99
107900321,206,2,204
107900322,3,77,-74
107900323,6,106,-100
107900324,149,0,149
107900325,113,2,111
107900326,365,170,195
107900327,1,73,-72
107900328,118,1,117
107900329,94,75,19
107900330,8,203,-195
107900331,341,14,327
107900332,369,15,354
107900333,92,23,69
107900334,9,119,-110
107900335,66,47,19
107900336,36,75,-39
107900337,771,1096,-325
107900338,4,125,-121
107900339,1,19,-18
107900340,0,43,-43
107900341,81,0,81
107900342,166,96,70
107900343,76,7,69
107900344,3,30,-27
107900345,115,30,85
107900346,26,0,26
107900347,31,0,31
107900348,4,0,4
107900349,12,7,5
107900350,20,173,-153
107900351,3,131,-128
107900352,1,16,-15
107900353,15,7,8
107900354,8,24,-16
108000001,3445,4051,-606
108000002,1780,2006,-226
108000003,3820,3728,92
108000004,10396,12067,-1671
108000005,8424,6700,1724
108000006,6773,6227,546
108000007,5693,4067,1626
108000008,3773,4793,-1020
108000009,4259,4809,-550
108000010,2823,3479,-656
108000011,13432,13158,274
108000012,13059,12446,613
108000014,730,1013,-283
108000015,924,250,674
108000016,364,658,-294
108000017,1357,386,971
108000018,1989,723,1266
108000019,2012,1011,1001
108000020,1572,554,1018
108000021,391,1468,-1077
108000022,404,1145,-741
108000023,1406,236,1170
108000024,295,442,-147
108000025,403,261,142
108000026,883,335,548
108000027,950,384,566
108000028,731,246,485
108000029,637,376,261
108000030,714,248,466
108000031,214,530,-316
108000032,2066,688,1378
108000033,941,843,98
108000034,1910,549,1361
108000035,687,1625,-938
108000036,446,861,-415
108000037,1938,503,1435
108000038,2974,626,2348
108000039,481,1562,-1081
108000040,2211,973,1238
108000041,731,1811,-1080
108000042,411,213,198
108000043,298,213,85
108000044,661,168,493
108000045,387,383,4
108000046,1645,352,1293
108000047,506,735,-229
108000048,197,278,-81
108000049,1185,282,903
108000050,102,383,-281
108000051,354,138,216
108000052,235,553,-318
108000053,492,287,205
108000054,523,1059,-536
108000055,1265,699,566
108000056,783,1096,-313
108000057,752,1336,-584
108000058,2158,3950,-1792
108000059,2612,1687,925
108000060,244,400,-156
108000061,138,238,-100
108000062,992,591,401
108000063,534,421,113
108000064,259,225,34
108000065,572,364,208
108000066,1593,730,863
108000067,2029,714,1315
108000068,894,377,517
108000069,200,836,-636
108000070,2254,782,1472
108000071,606,1236,-630
108000072,1896,1066,830
108000073,1176,1347,-171
108000074,796,441,355
108000075,419,642,-223
108000076,1019,567,452
108000077,598,477,121
108000078,2976,1124,1852
108000079,903,1148,-245
108000080,1750,548,1202
108000081,642,1119,-477
108000082,926,1343,-417
108000083,2347,1025,1322
108000084,407,909,-502
108000085,1024,531,493
108000086,678,537,141
108000087,192,2398,-2206
108000088,224,12,212
108000089,319,337,-18
108000090,462,174,288
108000091,171,402,-231
108000092,194,83,111
108000093,138,336,-198
108000094,626,101,525
108000095,225,274,-49
108000096,399,206,193
108000097,179,265,-86
108000098,2231,1176,1055
108000099,277,78,199
108000100,74,200,-126
108000101,1642,1487,155
108000102,1713,3455,-1742
108000106,1034,3,1031
108000107,1,775,-774
108000108,739,53,686
108000109,10,642,-632
108000110,241,318,-77
108000111,186,466,-280
108000112,74,148,-74
108000113,390,185,205
108000115,388,265,123
108000117,674,364,310
108000118,61,234,-173
108000119,505,310,195
108000120,160,731,-571
108000121,192,389,-197
108000122,663,336,327
108000123,967,195,772
108000124,419,424,-5
108000125,569,217,352
108000126,176,282,-106
108000127,657,243,414
108000128,696,376,320
108000129,372,700,-328
108000130,601,216,385
108000131,1050,528,522
108000132,1639,961,678
108000133,1240,512,728
108000134,493,371,122
108000135,1287,481,806
108000136,283,669,-386
108000137,518,238,280
108000138,510,662,-152
108000139,581,242,339
108000140,128,20,108
108000141,32,30,2
108000142,58,56,2
108000143,32,10,22
108000144,43,7,36
108000145,52,13,39
108000146,62,4,58
108000147,26,14,12
108000148,89,4,85
108000149,22,3,19
108000150,26,7,19
108000151,15,7,8
108000152,174,373,-199
108000153,736,179,557
108000154,50,8,42
108000155,51,20,31
108000156,253,117,136
108000157,246,1408,-1162
108000158,61,879,-818
108000159,372,183,189
108000160,2137,1190,947
108000161,1872,3053,-1181
108000165,8,252,-244
108000172,5,317,-312
108000173,1151,2176,-1025
108000175,321,113,208
108000178,394,254,140
108000179,183,1013,-830
108000181,64,22,42
108000182,91,16,75
108000183,8,10,-2
108000184,764,2663,-1899
108000185,285,306,-21
108000186,209,38,171
108000187,162,336,-174
108000188,763,189,574
108000189,535,1269,-734
108000190,60,127,-67
108000192,190,376,-186
108000193,887,42,845
108000194,33,7,26
108000195,0,694,-694
108000196,264,173,91
108000198,490,187,303
108000199,1,290,-289
108000200,641,360,281
108000202,2,210,-208
108000203,204,395,-191
108000204,187,78,109
108000205,181,251,-70
108000339,1130,316,814
108000364,154,288,-134
108000365,97,284,-187
108000367,167,273,-106
108000368,8,63,-55
108000369,398,186,212
108000371,1,575,-574
108000372,627,4,623
108000373,258,145,113
108000376,132,45,87
108000377,623,218,405
108000378,9497,11279,-1782
108000379,13,207,-194
108000381,79,10,69
108000382,133,2,131
108000383,0,170,-170
108900001,86,749,-663
108900002,202,72,130
108900003,263,546,-283
108900004,97,461,-364
108900005,96,432,-336
108900006,795,147,648
108900007,396,226,170
108900008,181,185,-4
108900009,92,123,-31
108900010,374,186,188
108900011,816,409,407
108900012,482,439,43
108900013,263,271,-8
108900014,21,104,-83
108900015,0,103,-103
108900016,0,225,-225
108900017,244,421,-177
108900018,232,362,-130
108900019,35,446,-411
108900020,92,172,-80
108900021,186,226,-40
108900022,225,26,199
108900023,27,33,-6
108900024,44,73,-29
108900025,180,98,82
108900026,30,130,-100
108900027,0,72,-72
108900028,137,232,-95
108900029,98,219,-121
108900030,1,79,-78
108900031,176,264,-88
108900032,30,146,-116
108900033,0,82,-82
108900034,0,143,-143
108900035,375,980,-605
108900036,206,215,-9
108900037,48,267,-219
108900038,1,235,-234
108900039,0,280,-280
108900040,3,62,-59
108900041,4299,3704,595
108900042,6,480,-474
108900043,59,437,-378
108900044,1,303,-302
108900045,85,313,-228
108900046,47,472,-425
108900047,0,115,-115
108900048,123,662,-539
108900049,1865,1743,122
108900050,1,146,-145
108900051,0,111,-111
108900052,39,192,-153
108900053,87,232,-145
108900054,104,192,-88
108900055,59,362,-303
108900056,0,103,-103
108900057,1,120,-119
108900058,38,287,-249
108900059,686,61,625
108900060,108,136,-28
108900061,97,30,67
108900062,14,174,-160
108900063,28,184,-156
108900064,279,56,223
108900065,21,148,-127
108900066,501,129,372
108900067,12,159,-147
108900068,10,92,-82
108900069,75,63,12
108900070,27,94,-67
108900071,165,64,101
108900072,1816,603,1213
108900073,31,258,-227
108900074,359,223,136
108900075,56,45,11
108900076,427,81,346
108900077,122,352,-230
108900078,55,116,-61
108900079,661,181,480
108900080,32,900,-868
108900081,61,210,-149
108900082,94,86,8
108900083,23,307,-284
108900084,369,145,224
108900085,1676,173,1503
108900086,125,196,-71
108900087,77,145,-68
108900088,1079,353,726
108900089,59,144,-85
108900090,80,232,-152
108900091,135,68,67
108900092,546,290,256
108900093,147,103,44
108900094,310,113,197
108900095,33,288,-255
108900096,302,14,288
108900097,346,180,166
108900098,1548,807,741
108900099,449,196,253
108900100,91,141,-50
108900101,240,306,-66
108900102,99,1247,-1148
108900103,140,144,-4
108900104,183,336,-153
108900105,8,1428,-1420
108900106,526,242,284
108900108,331,60,271
108900109,522,63,459
108900110,290,330,-40
108900111,536,355,181
108900112,310,26,284
108900113,39,78,-39
108900114,70,8,62
108900115,95,56,39
108900116,96,13,83
108900117,210,10,200
108900118,731,26,705
108900119,324,29,295
108900120,364,237,127
108900121,313,109,204
108900122,184,40,144
108900123,175,138,37
108900124,526,190,336
108900125,542,13,529
108900126,128,40,88
108900127,224,33,191
108900128,176,50,126
108900129,1000,189,811
108900130,472,7,465
108900131,502,11,491
108900132,604,73,531
108900133,309,77,232
108900134,488,230,258
108900135,200,16,184
108900136,125,8,117
108900137,232,1,231
108900138,1056,112,944
108900139,627,85,542
108900140,511,189,322
108900141,357,34,323
108900142,99,4,95
108900143,94,2,92
108900144,167,0,167
108900145,271,35,236
108900146,106,0,106
108900147,298,2,296
108900148,46,29,17
108900149,466,230,236
108900150,307,24,283
108900151,149,13,136
108900152,362,16,346
108900153,281,294,-13
108900154,5595,458,5137
108900155,307,86,221
108900156,92,26,66
108900157,23,346,-323
108900158,475,31,444
108900159,6,180,-174
108900160,12,232,-220
108900161,9,269,-260
108900162,183,4,179
108900163,7,303,-296
108900164,137,129,8
108900165,181,72,109
108900167,1224,9073,-7849
108900168,5872,2954,2918
108900169,84,115,-31
108900171,4704,3388,1316
108900172,226,51,175
108900173,146,280,-134
108900174,1135,594,541
108900176,146,393,-247
108900177,3744,6071,-2327
108900178,2948,4016,-1068
108900179,545,1997,-1452
108900180,225,284,-59
108900182,62,454,-392
108900183,385,221,164
108900184,612,277,335
108900185,124,385,-261
108900186,86,298,-212
108900187,607,49,558
108900188,791,42,749
108900189,438,135,303
108900190,49,2064,-2015
108900191,180,52,128
108900192,116,212,-96
108900193,189,47,142
108900194,15,221,-206
108900195,132,223,-91
108900196,45,239,-194
108900198,5,300,-295
108900199,254,318,-64
108900200,717,405,312
108900201,485,1268,-783
108900203,570,153,417
108900204,421,25,396
108900205,197,32,165
108900206,673,77,596
108900207,224,142,82
108900208,18,306,-288
108900209,186,452,-266
108900210,331,173,158
108900211,156,578,-422
108900212,436,1582,-1146
108900215,58,338,-280
108900216,460,286,174
108900217,89,1,88
108900218,161,20,141
108900219,62,7,55
108900220,55,36,19
108900221,43,235,-192
108900222,366,27,339
108900223,21,167,-146
108900224,18,218,-200
108900225,1,137,-136
108900226,376,26,350
108900227,144,377,-233
108900230,201,258,-57
108900231,32,162,-130
108900232,1,227,-226
108900233,458,99,359
108900234,334,148,186
108900235,192,549,-357
108900236,57,331,-274
108900237,66,146,-80
108900240,138,99,39
108900241,38,50,-12
108900245,14,1762,-1748
108900249,149,37,112
108900250,348,200,148
108900257,319,290,29
108900258,18,147,-129
108900259,124,53,71
108900260,5,69,-64
108900261,70,114,-44
108900262,133,132,1
108900263,66,125,-59
108900264,427,252,175
108900265,761,539,222
108900266,527,785,-258
108900267,6,169,-163
108900268,11,10,1
108900269,86,38,48
108900270,107,19,88
108900271,47,36,11
108900272,251,27,224
108900273,633,853,-220
108900274,80,52,28
109000001,2462,2090,372
109000002,999,1813,-814
109000003,2964,409,2555
109000004,573,1804,-1231
109000005,2265,539,1726
109000006,694,1831,-1137
109000007,1757,563,1194
109000008,603,1479,-876
109000009,4294,1272,3022
109000010,1178,2958,-1780
109000011,3920,2037,1883
109000012,1802,2543,-741
109000013,4597,3486,1111
109000014,2047,2418,-371
109000015,3853,8348,-4495
109000016,4899,2648,2251
109000017,3025,1273,1752
109000018,955,2140,-1185
109000019,2900,1279,1621
109000020,1082,1521,-439
109000023,258,24,234
109000024,17,229,-212
109000025,363,526,-163
109000026,533,294,239
109000027,84,344,-260
109000028,131,64,67
109000029,142,240,-98
109000030,83,432,-349
109000031,284,176,108
109000032,158,397,-239
109000033,365,163,202
109000034,82,49,33
109000035,16,41,-25
109000036,67,271,-204
109000037,285,1857,-1572
109000038,512,320,192
109000039,1171,932,239
109000040,3845,11572,-7727
109000041,1931,1928,3
109000042,517,1419,-902
109000044,439,72,367
109000045,90,300,-210
109000046,421,70,351
109000047,93,381,-288
109000048,860,255,605
109000049,244,467,-223
109000050,454,289,165
109000051,264,229,35
109000052,717,680,37
109000053,263,82,181
109000054,370,398,-28
109000055,300,348,-48
109000056,437,380,57
109000057,894,576,318
109000058,861,295,566
109000059,701,1436,-735
109000060,339,311,28
109000061,657,1401,-744
109000062,170,389,-219
109000063,229,143,86
109000064,312,149,163
109000065,200,191,9
109000066,504,68,436
109000067,79,203,-124
109000068,1414,11,1403
109000069,743,33,710
109000070,8,1604,-1596
109000071,352,90,262
109000072,113,306,-193
109000073,71,126,-55
109000074,43,211,-168
109000075,52,333,-281
109000076,170,265,-95
109000077,425,178,247
109000078,143,169,-26
109000079,169,114,55
109000080,220,92,128
109000081,167,363,-196
109000082,777,167,610
109000083,312,467,-155
109000088,145,459,-314
109000089,343,94,249
109000090,164,356,-192
109000091,400,256,144
109000092,368,405,-37
109000093,342,236,106
109000094,848,5,843
109000095,114,287,-173
109000096,883,259,624
109000097,88,163,-75
109000098,59,149,-90
109000099,1001,314,687
109000100,310,540,-230
109000101,1971,658,1313
109000102,465,783,-318
109000103,580,562,18
109000104,2261,545,1716
109000105,601,1022,-421
109000106,2324,875,1449
109000107,632,1682,-1050
109000108,2001,721,1280
109000109,575,1447,-872
109000110,1257,569,688
109000111,858,1604,-746
109000112,389,137,252
109000113,448,188,260
109000114,154,323,-169
109000115,1071,41,1030
109000116,8,221,-213
109000117,291,56,235
109000118,19,252,-233
109000119,1664,188,1476
109000120,221,625,-404
109000121,743,31,712
109000122,170,563,-393
109000123,42,53,-11
109000124,732,337,395
109000125,1175,290,885
109000126,497,650,-153
109000127,1281,184,1097
109000128,518,920,-402
109000129,3004,911,2093
109000130,668,1159,-491
109000131,926,611,315
109000132,761,1326,-565
109000133,346,709,-363
109000134,850,1135,-285
109000135,1097,1448,-351
109000136,314,256,58
109000137,408,378,30
109000138,483,207,276
109000139,564,401,163
109000140,221,291,-70
109000141,632,391,241
109000142,166,406,-240
109000143,136,64,72
109000145,127,231,-104
109000146,50,88,-38
109000148,2780,2528,252
109000149,28,58,-30
109000150,81,351,-270
109000155,995,691,304
109000156,910,645,265
109000158,204,327,-123
109000159,165,497,-332
109000160,1177,235,942
109000161,375,804,-429
109000162,2247,614,1633
109000163,1234,1527,-293
109000164,1392,2123,-731
109000165,1527,398,1129
109000166,806,127,679
109000167,131,416,-285
109000170,51,41,10
109000171,69,47,22
109000172,55,49,6
109000173,30,74,-44
109000174,102,48,54
109000175,54,67,-13
109000176,343,206,137
109000177,68,106,-38
109000178,1564,514,1050
109000179,3824,6113,-2289
109000180,4664,3651,1013
109000181,22,21,1
109000182,34,22,12
109000183,57,17,40
109000184,50,16,34
109000185,20,15,5
109000188,820,1455,-635
109000189,3979,976,3003
109000190,841,440,401
109000191,411,371,40
109000192,496,176,320
109000193,224,197,27
109000194,315,95,220
109000195,167,234,-67
109000196,322,135,187
109000197,215,284,-69
109000198,513,56,457
109000199,141,354,-213
109000206,214,49,165
109000207,142,42,100
109000208,115,99,16
109000209,161,140,21
109000210,139,381,-242
109000211,838,464,374
109000214,440,257,183
109000215,164,85,79
109000216,332,267,65
109000217,213,173,40
109000218,446,247,199
109000221,531,801,-270
109000222,1074,240,834
109000223,330,466,-136
109000224,48,97,-49
109000225,86,28,58
109000226,63,148,-85
109000227,1488,993,495
109000228,4,1293,-1289
109000231,2,261,-259
109000232,397,199,198
109000236,308,681,-373
109000241,2257,1759,498
109000242,1893,1058,835
109000293,18,82,-64
109000361,123,186,-63
109000364,287,526,-239
109000396,2,400,-398
109000397,705,11,694
109000399,127,358,-231
109000400,97,224,-127
109000403,100,1031,-931
109000406,289,5,284
109000407,274,199,75
109000408,0,274,-274
109000410,1080,257,823
109000411,194,15,179
109900001,140,0,140
109900002,965,27,938
109900003,287,1,286
109900004,743,130,613
109900005,28,4,24
109900006,650,153,497
109900007,1016,302,714
109900008,0,41,-41
109900009,185,406,-221
109900010,621,21,600
109900011,78,66,12
109900012,311,227,84
109900013,452,209,243
109900014,410,35,375
109900015,502,199,303
109900016,198,30,168
109900017,262,213,49
109900018,286,71,215
109900019,299,61,238
109900020,47,52,-5
109900021,54,34,20
109900022,136,151,-15
109900023,20,7,13
109900024,65,4,61
109900025,13,43,-30
109900026,3,138,-135
109900027,62,27,35
109900028,783,1348,-565
109900029,5,174,-169
109900030,51,16,35
109900031,3,127,-124
109900032,32,292,-260
109900033,6,448,-442
109900034,40,4,36
109900035,17,37,-20
109900036,18,33,-15
109900037,71,409,-338
109900038,94,289,-195
109900039,11,1,10
109900040,25,393,-368
109900041,77,287,-210
109900042,53,575,-522
109900044,125,191,-66
109900045,117,79,38
109900046,48,52,-4
109900047,330,276,54
109900048,16,68,-52
109900049,19,40,-21
109900050,0,109,-109
109900051,0,39,-39
109900052,93,318,-225
109900053,0,197,-197
109900054,907,261,646
109900055,89,244,-155
109900056,21,249,-228
109900057,4,120,-116
109900058,1,73,-72
109900059,990,149,841
109900060,599,134,465
109900061,50,270,-220
109900062,0,95,-95
109900063,12,449,-437
109900064,668,209,459
109900065,83,143,-60
109900066,317,610,-293
109900067,0,127,-127
109900068,100,11,89
109900069,3,42,-39
109900070,54,289,-235
109900071,3,22,-19
109900072,29,163,-134
109900073,548,432,116
109900074,7,18,-11
109900075,38,23,15
109900076,16,119,-103
109900077,34,55,-21
109900078,100,192,-92
109900080,130,250,-120
109900081,50,339,-289
109900082,46,297,-251
109900083,21,70,-49
109900084,66,118,-52
109900085,191,548,-357
109900086,150,519,-369
109900087,308,504,-196
109900089,865,204,661
109900090,530,919,-389
109900091,474,83,391
109900092,594,21,573
109900093,1262,195,1067
109900094,108,83,25
109900095,110,228,-118
109900096,40,7,33
109900097,126,4,122
109900098,536,59,477
109900099,233,2,231
109900100,60,0,60
109900101,725,16,709
109900102,478,18,460
109900103,30,29,1
109900104,733,476,257
109900105,628,16,612
109900106,436,56,380
109900107,893,107,786
109900108,127,218,-91
109900109,46,111,-65
109900110,88,258,-170
109900111,399,799,-400
109900112,345,420,-75
109900113,927,623,304
109900114,1092,812,280
109900115,177,74,103
109900117,1387,110,1277
109900118,217,407,-190
109900119,581,253,328
109900120,110,34,76
109900121,389,506,-117
109900122,578,8,570
109900123,29,135,-106
109900124,45,284,-239
109900125,1,159,-158
109900126,421,72,349
109900128,400,54,346
109900130,4836,3107,1729
109900131,46,163,-117
109900132,19,111,-92
109900133,108,232,-124
109900134,78,88,-10
109900135,267,62,205
109900136,45,132,-87
109900137,153,259,-106
109900140,252,159,93
109900142,1638,308,1330
109900145,5,610,-605
109900146,411,46,365
109900148,50,100,-50
109900149,33,74,-41
109900150,8,68,-60
109900151,9,55,-46
109900152,0,32,-32
109900153,0,38,-38
109900154,59,0,59
109900155,86,29,57
109900157,82,224,-142
109900158,61,137,-76
109900159,185,60,125
109900160,188,76,112
109900161,254,83,171
109900162,286,99,187
109900163,660,319,341
109900164,93,211,-118
109900165,491,5,486
109900166,4,124,-120
109900167,148,399,-251
109900168,212,544,-332
109900169,274,190,84
109900170,190,1080,-890
109900171,233,99,134
109900172,366,320,46
109900173,1991,2609,-618
109900174,64,98,-34
109900175,80,71,9
109900176,173,129,44
109900177,70,189,-119
109900178,5,147,-142
109900179,25,15,10
109900180,6,15,-9
110000001,1005,452,553
110000002,629,697,-68
110000003,787,667,120
110000004,523,746,-223
110000005,402,1719,-1317
110000006,250,339,-89
110000007,137,73,64
110000008,25,72,-47
110000009,61,10,51
110000010,35,65,-30
110000011,65,53,12
110000012,516,262,254
110000013,43,485,-442
110000014,554,420,134
110000015,210,598,-388
110000016,234,1683,-1449
110000017,2472,231,2241
110000018,2250,306,1944
110000019,8,71,-63
110000020,346,223,123
110000021,527,425,102
110000022,1232,225,1007
110000023,9,116,-107
110000024,748,357,391
110000025,557,10,547
110000026,13,224,-211
110000027,864,695,169
110000028,874,570,304
110000029,609,538,71
110000030,249,357,-108
110000031,317,316,1
110000032,848,322,526
110000033,292,114,178
110000034,578,605,-27
110000035,1065,413,652
110000036,1099,573,526
110000037,279,344,-65
110000038,300,672,-372
110000039,754,3511,-2757
110000040,370,273,97
110000041,329,1751,-1422
110000042,110,375,-265
110000043,909,356,553
110000044,118,469,-351
110000045,842,135,707
110000046,10,16,-6
110000047,41,67,-26
110000048,9,39,-30
110000049,33,11,22
110000050,25,118,-93
110000051,33,17,16
110000052,39,34,5
110000053,218,40,178
110000054,318,369,-51
110000055,648,79,569
110000056,117,112,5
110000057,437,539,-102
110000058,1332,430,902
110000059,1095,530,565
110000060,957,1119,-162
110000061,856,622,234
110000062,699,882,-183
110000063,59,154,-95
110000064,125,63,62
110000065,115,90,25
110000066,76,45,31
110000067,100,130,-30
110000068,433,123,310
110000069,430,75,355
110000071,237,74,163
110000073,9,13,-4
110000075,23,72,-49
110000076,377,473,-96
110000077,324,1355,-1031
110000078,54,53,1
110000080,278,591,-313
110000081,70,258,-188
110000082,64,422,-358
110000083,274,525,-251
110000084,1536,941,595
110000085,1394,1479,-85
110000086,1272,2635,-1363
110000087,21,59,-38
110000088,119,200,-81
110000089,354,93,261
110000090,234,210,24
110000091,816,195,621
110000092,35,67,-32
110000093,46,33,13
110000094,500,243,257
110000095,223,647,-424
110000096,1677,1932,-255
110000097,1228,1489,-261
110000098,2160,661,1499
110000099,739,1520,-781
110000100,1360,332,1028
110000101,38,228,-190
110000102,108,19,89
110000104,439,159,280
110000105,96,313,-217
110000106,749,487,262
110000107,308,354,-46
110000108,155,125,30
110000109,347,241,106
110000110,1918,5022,-3104
110000111,4857,2970,1887
110000112,905,1550,-645
110000113,298,2716,-2418
110000114,229,699,-470
110000115,450,324,126
110000116,69,62,7
110000117,268,244,24
110000118,543,145,398
110000119,324,263,61
110000120,483,179,304
110000121,102,414,-312
110000122,412,567,-155
110000123,688,744,-56
110000124,1,721,-720
110000125,1128,11,1117
110000126,322,27,295
110000127,1269,78,1191
110000128,35,1143,-1108
110000129,3,479,-476
110000130,354,214,140
110000131,90,242,-152
110000132,1,526,-525
110000133,54,476,-422
110000134,40,321,-281
110000135,151,29,122
110000136,47,242,-195
110000137,633,507,126
110000138,947,489,458
110000139,1071,896,175
110000140,1009,737,272
110000143,580,400,180
110000144,4769,1863,2906
110000145,1975,1127,848
110000146,2084,843,1241
110000147,582,672,-90
110000148,748,250,498
110000151,817,1020,-203
110000152,878,448,430
110000153,212,29,183
110000154,48,28,20
110000155,1461,4062,-2601
110000156,1095,2457,-1362
110000157,1797,2137,-340
110000160,572,218,354
110000161,212,230,-18
110000166,671,113,558
110000167,1167,612,555
110000168,1278,587,691
110000169,979,383,596
110000170,135,75,60
110000171,739,140,599
110000172,165,614,-449
110000173,947,888,59
110000174,158,608,-450
110000175,817,75,742
110000176,196,439,-243
110000177,244,918,-674
110000178,455,1655,-1200
110000179,971,334,637
110000180,233,206,27
110000181,604,354,250
110000182,351,131,220
110000183,7007,7839,-832
110000184,322,2674,-2352
110000185,842,753,89
110000186,763,682,81
110000191,1432,272,1160
110000192,697,21,676
110000193,1428,21,1407
110000194,16,714,-698
110000195,613,260,353
110000196,549,246,303
110000197,127,134,-7
110000198,144,65,79
110000199,59,141,-82
110000200,1178,492,686
110000201,1250,1219,31
110000202,1474,654,820
110000203,603,655,-52
110000204,6,173,-167
110000205,192,41,151
110000206,528,907,-379
110000207,1249,406,843
110000208,191,219,-28
110000209,128,640,-512
110000210,1547,512,1035
110000211,856,677,179
110000212,489,1061,-572
110000213,377,59,318
110000214,315,92,223
110000215,212,259,-47
110000216,85,268,-183
110000217,363,131,232
110000218,190,258,-68
110000219,393,88,305
110000220,78,221,-143
110000221,441,62,379
110000222,77,152,-75
110000223,1,138,-137
110000224,27,12,15
110000225,237,700,-463
110000226,322,74,248
110000227,862,958,-96
110000228,243,123,120
110000229,1,183,-182
110000230,570,486,84
110000231,175,257,-82
110000232,217,241,-24
110000233,211,227,-16
110000234,677,904,-227
110000235,849,1023,-174
110000236,775,545,230
110000237,2244,1177,1067
110000238,1265,1384,-119
110000239,2116,1027,1089
110000240,0,43,-43
110000242,3,5,-2
110000243,157,112,45
110000244,171,373,-202
110000245,56,335,-279
110000246,1052,479,573
110000247,1182,4586,-3404
110000248,2204,1459,745
110000249,102,7,95
110000250,34,195,-161
110000251,453,535,-82
110000252,316,172,144
110000253,1753,789,964
110000254,650,949,-299
110000255,278,887,-609
110000256,660,373,287
110000257,689,514,175
110000258,12,375,-363
110000259,184,17,167
110000260,49,180,-131
110000263,582,143,439
110000264,352,304,48
110000265,1269,1991,-722
110000266,1666,2968,-1302
110000267,40,174,-134
110000268,308,427,-119
110000269,2,73,-71
110000270,76,7,69
110000271,1197,256,941
110000272,1215,872,343
110000273,2981,1675,1306
110000274,311,1804,-1493
110000275,1901,638,1263
110000276,384,457,-73
110000277,487,386,101
110000278,399,700,-301
110000279,1045,943,102
110000280,656,523,133
110000281,52,340,-288
110000282,203,18,185
110000283,45,121,-76
110000284,40,48,-8
110000285,4,682,-678
110000286,21,0,21
110000287,122,5,117
110000288,16,97,-81
110000289,433,2038,-1605
110000290,710,591,119
110000291,4141,1256,2885
110000292,1389,5545,-4156
110000293,836,531,305
110000294,1239,1320,-81
110000295,148,709,-561
110000296,563,375,188
110000297,2805,382,2423
110000298,217,485,-268
110000299,204,102,102
110000301,330,29,301
110000302,429,766,-337
110000303,442,7,435
110000304,230,243,-13
110000305,1555,13,1542
110000306,175,957,-782
110000307,2119,5,2114
110000308,729,7,722
110000309,4,671,-667
110000310,876,71,805
110000311,18,605,-587
110000312,556,143,413
110000313,2714,3612,-898
110000314,1,263,-262
110000315,2714,2744,-30
110000316,519,1315,-796
110000317,360,595,-235
110000318,11,43,-32
110000319,20,36,-16
110000320,56,68,-12
110000321,29,35,-6
110000322,314,342,-28
110000323,600,175,425
110000324,3174,1769,1405
110000325,2378,3469,-1091
110000327,441,293,148
110000328,249,484,-235
110000333,1211,842,369
110000334,1097,1351,-254
110000335,1206,616,590
110000336,1124,912,212
110000337,1897,709,1188
110000338,641,189,452
110000339,403,316,87
110000340,35,263,-228
110000341,514,559,-45
110000342,338,3,335
110000343,0,27,-27
110000344,186,183,3
110000345,288,135,153
110000346,2059,1911,148
110000347,1226,796,430
110000348,29,21,8
110000349,21,19,2
110000350,71,5,66
110000351,1184,728,456
110000352,782,1578,-796
110000353,2399,675,1724
110000354,1253,3153,-1900
110000355,152,63,89
110000356,673,6,667
110000357,538,23,515
110000361,44,35,9
110000362,80,32,48
110000363,552,83,469
110000364,246,255,-9
110000365,153,1,152
110000366,2,81,-79
110000367,405,141,264
110000368,3,59,-56
110000369,68,5,63
110000373,4,226,-222
110000374,226,17,209
110000375,131,864,-733
110000376,30,76,-46
110000377,90,452,-362
110000378,15,388,-373
110000379,2105,1948,157
110000380,71,9,62
110000383,3,1142,-1139
110000384,1394,869,525
110000385,4,238,-234
110000387,96,15,81
110000388,50,193,-143
110000389,796,5,791
110000391,877,238,639
110000396,238,127,111
110000397,163,136,27
110000398,1,31,-30
110000399,181,1,180
110000587,164,47,117
110000589,220,113,107
110000640,220,49,171
110000652,68,289,-221
110000653,430,407,23
110000654,55,465,-410
110000656,2,378,-376
110000674,38,40,-2
110000675,43,72,-29
110000676,14,67,-53
110000679,230,1244,-1014
110000682,167,221,-54
110000683,235,461,-226
110000684,13,36,-23
110000685,12,18,-6
110000686,2,41,-39
110000687,40,6,34
110000688,64,1145,-1081
110000689,17,21,-4
110000692,74,176,-102
110000693,72,297,-225
110000694,0,136,-136
110000695,351,787,-436
110000696,84,82,2
110900001,302,18,284
110900002,417,195,222
110900003,1101,428,673
110900004,577,138,439
110900005,1722,2792,-1070
110900006,45,16,29
110900007,177,47,130
110900008,11,49,-38
110900009,603,184,419
110900010,19,64,-45
110900011,33,68,-35
110900012,16,80,-64
110900013,1174,111,1063
110900014,351,27,324
110900015,445,853,-408
110900016,62,92,-30
110900017,526,38,488
110900018,526,64,462
110900019,282,40,242
110900020,158,150,8
110900021,114,373,-259
110900022,82,213,-131
110900023,123,394,-271
110900024,28,281,-253
110900025,3,49,-46
110900027,56,228,-172
110900028,39,137,-98
110900029,12,246,-234
110900030,34,176,-142
110900031,1,133,-132
110900032,0,47,-47
110900033,46,192,-146
110900035,21,516,-495
110900036,117,28,89
110900037,103,21,82
110900038,752,178,574
110900039,8,270,-262
110900040,243,46,197
110900041,24,53,-29
110900042,176,53,123
110900043,5,53,-48
110900044,215,28,187
110900045,64,251,-187
110900046,28,131,-103
110900047,419,348,71
110900049,121,110,11
110900050,33,10,23
110900051,38,184,-146
110900052,6,154,-148
110900053,133,33,100
110900054,36,134,-98
110900055,64,3,61
110900056,92,119,-27
110900057,3,73,-70
110900058,324,156,168
110900059,605,341,264
110900060,505,118,387
110900061,26,59,-33
110900062,188,238,-50
110900063,32,108,-76
110900064,16,1,15
110900065,318,127,191
110900066,13,65,-52
110900067,279,702,-423
110900068,246,189,57
110900069,5,21,-16
110900070,114,92,22
110900071,255,811,-556
110900073,1,22,-21
110900074,582,73,509
110900075,521,83,438
110900077,1052,578,474
110900078,35,21,14
110900079,1628,1518,110
110900080,186,69,117
110900081,4,29,-25
110900082,132,95,37
110900083,139,64,75
110900084,70,55,15
110900085,72,237,-165
110900086,108,394,-286
110900087,457,70,387
110900088,12,0,12
110900090,43,59,-16
110900091,2,52,-50
110900093,282,107,175
110900095,71,37,34
110900097,21,7,14
110900098,36,47,-11
110900099,72,322,-250
110900100,0,20,-20
110900102,54,26,28
110900105,970,210,760
110900108,17,43,-26
110900111,429,136,293
110900112,1013,14,999
110900113,419,63,356
110900115,6,40,-34
110900116,958,1299,-341
110900118,89,3552,-3463
110900119,2247,210,2037
110900120,25,55,-30
110900121,206,3,203
110900122,581,203,378
110900125,496,565,-69
110900127,605,1364,-759
110900128,220,270,-50
110900129,499,1107,-608
110900130,846,754,92
110900131,401,54,347
110900132,440,80,360
110900133,219,160,59
110900135,109,260,-151
110900136,401,23,378
110900137,31,1,30
110900138,1137,658,479
110900139,8,133,-125
110900140,44,4,40
110900141,4,169,-165
110900142,77,140,-63
110900143,196,87,109
110900144,1,470,-469
110900145,226,59,167
110900146,250,273,-23
110900147,125,311,-186
110900148,6,230,-224
110900149,7,48,-41
110900150,112,24,88
110900151,13,89,-76
110900152,47,166,-119
110900153,206,58,148
111000001,649,430,219
111000002,689,508,181
111000003,1397,646,751
111000004,468,877,-409
111000005,1257,1157,100
111000006,941,1496,-555
111000007,4447,3153,1294
111000008,1751,3055,-1304
111000009,366,786,-420
111000010,869,261,608
111000011,374,1175,-801
111000012,727,415,312
111000013,381,1053,-672
111000014,1485,425,1060
111000017,83,1000,-917
111000018,228,349,-121
111000020,701,2027,-1326
111000021,75,77,-2
111000023,112,72,40
111000025,3717,3971,-254
111000029,81,98,-17
111000030,57,107,-50
111000031,2073,1218,855
111000032,564,323,241
111000033,280,318,-38
111000034,100,273,-173
111000037,1192,677,515
111000038,2868,1850,1018
111000039,1968,1723,245
111000040,2058,1855,203
111000041,1500,1347,153
111000042,2303,1987,316
111000043,1948,3886,-1938
111000044,1885,1356,529
111000045,2956,2281,675
111000046,2120,1588,532
111000047,2646,4462,-1816
111000049,526,407,119
111000050,1178,1062,116
111000051,517,823,-306
111000052,587,1537,-950
111000053,354,649,-295
111000054,470,540,-70
111000055,1063,1507,-444
111000056,197,355,-158
111000057,97,437,-340
111000058,579,45,534
111000059,630,234,396
111000060,4557,895,3662
111000061,689,332,357
111000062,998,294,704
111000063,1983,994,989
111000064,817,571,246
111000065,1165,924,241
111000066,575,375,200
111000067,640,572,68
111000068,807,833,-26
111000069,1820,1937,-117
111000070,1124,869,255
111000071,283,537,-254
111000072,1476,653,823
111000073,389,947,-558
111000074,1573,1537,36
111000075,1210,591,619
111000076,649,556,93
111000077,1889,1648,241
111000078,2902,1331,1571
111000079,1299,701,598
111000080,540,583,-43
111000081,1463,4063,-2600
111000082,753,557,196
111000084,866,593,273
111000085,887,949,-62
111000086,2190,873,1317
111000087,861,512,349
111000088,3975,2708,1267
111000089,823,840,-17
111000090,859,1245,-386
111000091,961,447,514
111000092,1551,797,754
111000093,798,1020,-222
111000094,2046,1095,951
111000095,749,2399,-1650
111000096,1451,7999,-6548
111000097,4190,1548,2642
111000098,858,1033,-175
111000099,623,1342,-719
111000100,459,1094,-635
111000101,475,726,-251
111000102,316,678,-362
111000104,836,215,621
111000107,260,891,-631
111000109,1310,317,993
111000110,1648,725,923
111000111,2899,590,2309
111000112,2133,663,1470
111000113,1015,1753,-738
111000114,2165,4098,-1933
111000115,4471,1190,3281
111000116,963,929,34
111000117,400,923,-523
111000118,1387,739,648
111000119,1272,809,463
111000120,505,615,-110
111000121,289,662,-373
111000122,658,962,-304
111000123,1241,2085,-844
111000124,519,1863,-1344
111000125,296,1101,-805
111000126,121,691,-570
111000127,1162,139,1023
111000128,2456,347,2109
111000129,3267,469,2798
111000130,2729,584,2145
111000131,2198,486,1712
111000132,1927,969,958
111000133,183,113,70
111000134,145,90,55
111000135,68,160,-92
111000136,383,306,77
111000138,18,4,14
111000140,2,4,-2
111000141,213,310,-97
111000142,24,155,-131
111000143,4,191,-187
111000144,11,754,-743
111000145,445,7,438
111000146,123,13,110
111000147,230,20,210
111000148,138,78,60
111000149,3,35,-32
111000150,28,5,23
111000151,8,20,-12
111000153,491,753,-262
111000154,590,231,359
111000155,115,165,-50
111000156,554,667,-113
111000157,216,1002,-786
111000158,807,748,59
111000159,2425,769,1656
111000160,541,303,238
111000161,25,272,-247
111000162,81,90,-9
111000163,790,755,35
111000164,560,2748,-2188
111000165,851,352,499
111000166,1323,289,1034
111000167,174,334,-160
111000168,231,422,-191
111000169,366,573,-207
111000170,388,353,35
111000171,555,452,103
111000172,187,271,-84
111000173,493,580,-87
111000174,301,262,39
111000175,60,263,-203
111000176,440,85,355
111000177,465,146,319
111000178,1567,196,1371
111000179,253,105,148
111000180,289,415,-126
111000181,1469,189,1280
111000182,232,168,64
111000183,497,349,148
111000184,357,191,166
111000185,408,345,63
111000186,422,224,198
111000187,209,142,67
111000188,315,264,51
111000189,727,479,248
111000190,193,210,-17
111000191,168,248,-80
111000192,211,356,-145
111000193,284,199,85
111000194,73,220,-147
111000195,186,268,-82
111000196,73,131,-58
111000197,510,111,399
111000198,715,127,588
111000199,297,111,186
111000200,515,277,238
111000201,777,231,546
111000202,391,218,173
111000203,429,317,112
111000204,478,1514,-1036
111000213,198,396,-198
111000214,1466,1098,368
111000215,1210,990,220
111000217,1775,829,946
111000218,1392,1002,390
111000219,454,235,219
111000220,1160,503,657
111000221,563,103,460
111000224,18,190,-172
111000225,383,291,92
111000226,133,5,128
111000227,28,5,23
111000228,34,477,-443
111000229,41,1049,-1008
111000230,235,221,14
111000231,1197,571,626
111000232,804,743,61
111000233,1250,640,610
111000234,163,424,-261
111000239,85,117,-32
111000240,76,242,-166
111000241,20,211,-191
111000242,246,69,177
111000243,223,372,-149
111000244,677,95,582
111000245,1325,321,1004
111000246,663,312,351
111000247,502,620,-118
111000248,773,330,443
111000249,484,530,-46
111000250,58,51,7
111000251,34,82,-48
111000253,9,14,-5
111000255,66,5,61
111000257,48,18,30
111000260,138,848,-710
111000261,1585,109,1476
111000271,45,239,-194
111000273,2597,1035,1562
111000274,1271,2208,-937
111000275,222,47,175
111000276,290,1231,-941
111000277,147,257,-110
111000278,694,238,456
111000291,851,7419,-6568
111000298,646,206,440
111000299,718,143,575
111000300,107,540,-433
111000302,369,56,313
111000303,99,172,-73
111000312,47,61,-14
111000315,6,95,-89
111000320,258,552,-294
111000321,470,151,319
111000322,364,336,28
111000323,333,35,298
111000324,354,223,131
111000325,66,80,-14
111000326,233,282,-49
111000327,504,250,254
111000328,307,500,-193
111000329,0,42,-42
111000330,71,9,62
111000331,29,3,26
111000332,596,1153,-557
111000334,351,1032,-681
111000335,1052,241,811
111000337,1700,362,1338
111000338,92,97,-5
111000339,819,259,560
111000340,187,405,-218
111000341,1390,629,761
111000342,167,818,-651
111000344,1274,647,627
111000345,156,71,85
111000346,29,149,-120
111000347,150,12,138
111000350,154,120,34
111000351,138,321,-183
111000352,204,91,113
111000353,207,225,-18
111000354,597,98,499
111000355,309,552,-243
111000358,177,818,-641
111000360,185,419,-234
111000361,204,197,7
111000546,950,512,438
111000547,500,374,126
111000548,135,302,-167
111000549,343,169,174
111000550,76,931,-855
111000551,771,139,632
111000552,947,161,786
111000907,522,11,511
111000908,40,3,37
111000916,2266,255,2011
111000917,56,401,-345
111000918,255,579,-324
111000920,728,18,710
111000921,6,180,-174
111000922,638,215,423
111000924,61,513,-452
111000925,3289,1965,1324
111000926,1123,1282,-159
111000927,3170,4203,-1033
111000928,4169,2591,1578
111000929,1857,1256,601
111000930,940,1624,-684
111000931,2225,2681,-456
111000932,3549,1640,1909
111000933,3457,2574,883
111000934,1595,2659,-1064
111000935,1805,976,829
111000936,1122,1554,-432
111000937,1261,1192,69
111000938,1286,1158,128
111000939,677,47,630
111000940,689,115,574
111000941,450,374,76
111000943,669,227,442
111000944,182,259,-77
111000945,138,1010,-872
111001109,650,527,123
111001110,165,351,-186
111001111,104,9,95
111001112,97,6,91
111001113,0,138,-138
111001114,654,208,446
111001115,59,619,-560
111001116,3458,4269,-811
111001117,558,2670,-2112
111001120,151,156,-5
111001121,233,147,86
111001122,196,285,-89
111001123,338,82,256
111001124,102,106,-4
111001125,3,148,-145
111900001,12,95,-83
111900002,30,466,-436
111900003,1,214,-213
111900004,54,92,-38
111900006,19,61,-42
111900007,220,13,207
111900008,325,7,318
111900009,276,143,133
111900010,279,340,-61
111900012,82,69,13
111900013,16,41,-25
111900014,3513,4797,-1284
111900015,0,58,-58
111900016,0,58,-58
111900017,0,70,-70
111900018,253,5,248
111900019,1,110,-109
111900020,3,45,-42
111900021,41,87,-46
111900022,13,42,-29
111900023,93,82,11
111900024,24,64,-40
111900025,0,54,-54
111900026,1,46,-45
111900027,3,107,-104
111900028,0,271,-271
111900029,15,65,-50
111900030,29,263,-234
111900031,81,54,27
111900032,0,257,-257
111900033,10,66,-56
111900034,199,378,-179
111900035,114,208,-94
111900036,1,143,-142
111900038,232,456,-224
111900039,52,296,-244
111900040,2,286,-284
111900042,25,90,-65
111900043,2,177,-175
111900044,291,180,111
111900046,37,122,-85
111900048,201,357,-156
111900049,32,203,-171
111900050,113,33,80
111900051,2,140,-138
111900052,321,386,-65
111900053,652,1727,-1075
111900054,192,6,186
111900055,16,200,-184
111900056,128,355,-227
111900057,170,46,124
111900058,561,349,212
111900059,1255,681,574
111900060,382,2,380
111900061,9,111,-102
111900062,17,82,-65
111900063,316,250,66
111900064,82,130,-48
111900065,90,37,53
111900066,138,148,-10
111900067,2,310,-308
111900068,52,47,5
111900069,82,23,59
111900070,189,80,109
111900071,3,175,-172
111900072,81,43,38
111900073,1296,203,1093
111900074,10,186,-176
111900075,105,14,91
111900076,266,66,200
111900077,42,3,39
111900078,423,43,380
111900079,96,35,61
111900080,237,295,-58
111900082,136,35,101
111900083,208,18,190
111900084,109,7,102
111900085,58,155,-97
111900086,40,4,36
111900087,109,0,109
111900088,666,18,648
111900089,149,7,142
111900090,65,70,-5
111900091,237,2,235
111900092,155,1,154
111900093,582,17,565
111900094,163,0,163
111900095,285,52,233
111900096,152,2,150
111900097,95,2,93
111900098,348,4,344
111900099,132,0,132
111900100,206,7,199
111900101,118,32,86
111900102,982,384,598
111900103,67,117,-50
111900104,220,90,130
111900105,272,207,65
111900106,790,36,754
111900110,1379,429,950
111900111,207,81,126
111900112,494,3766,-3272
111900113,197,83,114
111900118,438,90,348
111900119,367,172,195
111900122,83,52,31
111900123,23,31,-8
111900124,15,37,-22
111900125,637,57,580
111900126,364,3,361
111900127,1,522,-521
111900128,1,333,-332
111900129,297,10,287
111900130,270,59,211
111900131,592,4,588
111900132,24,657,-633
111900133,7,228,-221
111900134,6,134,-128
111900135,11,39,-28
111900136,74,155,-81
111900137,47,28,19
111900138,6,34,-28
111900139,16,53,-37
111900140,196,30,166
111900141,69,7,62
111900142,113,35,78
111900143,32,114,-82
111900144,0,63,-63
111900145,2,301,-299
111900146,0,167,-167
111900147,114,274,-160
111900148,32,400,-368
111900149,3,196,-193
111900150,7,121,-114
111900151,4,30,-26
111900152,111,76,35
111900153,1009,711,298
111900154,18,401,-383
111900155,65,138,-73
111900156,79,78,1
111900157,132,18,114
111900158,695,59,636
111900159,413,33,380
111900160,350,3,347
111900161,270,1,269
111900162,104,193,-89
111900163,31,163,-132
111900164,123,73,50
111901113,655,167,488
111901114,394,229,165
111901115,160,3,157
111901116,65,2,63
111901117,53,55,-2
111901118,48,394,-346
111901119,613,79,534
111901121,110,148,-38
111901122,5,351,-346
111901123,279,229,50
111901124,276,2,274
111901125,611,205,406
111901127,477,881,-404
111901128,14,63,-49
111901129,7,94,-87
111901130,5,121,-116
111901131,2,166,-164
111901132,66,37,29
111901133,37,3,34
111901134,131,3,128
111901135,40,8,32
111901136,60,44,16
111901137,0,25,-25
111901138,202,46,156
111901139,52,24,28
111901140,11,70,-59
111901141,10,136,-126
111901142,4,99,-95
111901143,3,78,-75
111901144,44,47,-3
111901145,112,298,-186
111901146,289,15,274
112000001,2032,720,1312
112000002,674,1845,-1171
112000003,1950,1126,824
112000004,683,668,15
112000005,4041,3851,190
112000006,2007,1233,774
112000007,4185,2519,1666
112000008,2648,3975,-1327
112000009,2811,2088,723
112000010,3392,3824,-432
112000011,1488,1330,158
112000012,4326,5392,-1066
112000013,3164,3108,56
112000014,2463,2694,-231
112000015,2883,3827,-944
112000016,4302,2104,2198
112000017,1576,4147,-2571
112000024,1981,830,1151
112000026,2693,2909,-216
112000027,841,658,183
112000028,945,1213,-268
112000029,683,779,-96
112000030,131,68,63
112000031,1399,4910,-3511
112000032,205,43,162
112000033,2006,2449,-443
112000034,192,59,133
112000035,72,547,-475
112000036,555,1340,-785
112000037,901,883,18
112000038,1398,1333,65
112000039,113,87,26
112000040,57,217,-160
112000041,437,395,42
112000042,968,491,477
112000050,1311,1284,27
112000051,1135,1488,-353
112000054,1223,1292,-69
112000057,641,391,250
112000058,358,560,-202
112000059,483,750,-267
112000061,2420,1850,570
112000062,1547,1175,372
112000063,1006,2438,-1432
112000064,2771,4121,-1350
112000065,1570,1956,-386
112000066,4142,1695,2447
112000067,764,553,211
112000068,3491,2726,765
112000069,594,1649,-1055
112000070,2248,1079,1169
112000071,1167,2233,-1066
112000072,3221,944,2277
112000073,1772,2011,-239
112000074,1562,1276,286
112000075,1515,1232,283
112000076,3337,2170,1167
112000077,749,431,318
112000078,1936,609,1327
112000079,1582,1364,218
112000080,866,692,174
112000081,1388,2045,-657
112000082,1662,726,936
112000083,660,1110,-450
112000084,1491,680,811
112000085,1307,742,565
112000086,2018,1018,1000
112000087,644,303,341
112000088,954,331,623
112000089,347,243,104
112000090,244,243,1
112000091,638,715,-77
112000092,2284,1019,1265
112000093,1558,702,856
112000094,728,767,-39
112000095,756,750,6
112000096,688,601,87
112000097,1722,764,958
112000098,985,790,195
112000099,952,1804,-852
112000100,2309,697,1612
112000101,581,690,-109
112000102,1714,457,1257
112000103,443,766,-323
112000105,559,1063,-504
112000106,1858,398,1460
112000107,52,192,-140
112000108,313,1205,-892
112000109,112,89,23
112000110,2254,723,1531
112000111,841,2832,-1991
112000112,3530,661,2869
112000113,772,1329,-557
112000114,2671,999,1672
112000115,388,488,-100
112000116,925,963,-38
112000117,1111,775,336
112000118,965,614,351
112000119,445,561,-116
112000120,79,279,-200
112000121,221,372,-151
112000122,348,155,193
112000123,870,178,692
112000124,463,65,398
112000125,306,264,42
112000126,340,366,-26
112000127,2116,2280,-164
112000128,759,910,-151
112000129,122,95,27
112000130,275,80,195
112000131,45,228,-183
112000132,195,198,-3
112000133,534,165,369
112000134,592,318,274
112000135,1865,616,1249
112000136,1220,1086,134
112000137,1872,1436,436
112000138,1312,1029,283
112000139,874,748,126
112000140,642,996,-354
112000141,993,394,599
112000142,163,384,-221
112000143,1338,241,1097
112000144,358,829,-471
112000145,3102,608,2494
112000146,587,1297,-710
112000147,3084,1969,1115
112000148,1519,1641,-122
112000149,544,417,127
112000150,290,503,-213
112000151,282,241,41
112000152,448,345,103
112000153,167,217,-50
112000154,134,201,-67
112000155,130,151,-21
112000157,675,498,177
112000158,390,325,65
112000159,690,344,346
112000167,481,113,368
112000169,290,444,-154
112000173,1058,255,803
112000175,433,326,107
112000176,1931,2052,-121
112000177,1111,250,861
112000178,82,302,-220
112000179,342,104,238
112000180,345,291,54
112000181,1458,1433,25
112000182,1594,1024,570
112000183,38,27,11
112000184,443,289,154
112000185,656,392,264
112000187,4275,2656,1619
112000195,223,19,204
112000196,368,2,366
112000197,320,310,10
112000198,51,281,-230
112000199,1157,743,414
112000202,554,3,551
112000216,70,195,-125
112000230,162,8,154
112000231,1,215,-214
112000256,70,232,-162
112000313,39,85,-46
112000314,60,34,26
112000337,301,653,-352
112000352,267,429,-162
112000392,1493,1384,109
112000398,1681,846,835
112000399,1578,2602,-1024
112000400,1517,2086,-569
112000401,2216,1583,633
112000402,3639,3483,156
112000403,1715,3160,-1445
112000404,1192,846,346
112000405,2202,2909,-707
112000406,2639,1515,1124
112000407,8552,8508,44
112000408,6657,4367,2290
112000409,1504,3119,-1615
112000410,560,312,248
112000411,2873,1932,941
112000412,1365,555,810
112000413,6244,7301,-1057
112000414,119,50,69
112000415,177,53,124
112000416,3135,1340,1795
112000417,333,84,249
112000421,83,76,7
112000422,331,241,90
112000424,1575,2875,-1300
112000425,522,546,-24
112000426,180,320,-140
112000427,0,10,-10
112000428,243,275,-32
112000429,1994,1878,116
112000430,2301,2497,-196
112000431,117,181,-64
112000432,736,748,-12
112000433,314,810,-496
112000437,53,111,-58
112900001,118,2,116
112900002,596,644,-48
112900003,108,312,-204
112900004,58,181,-123
112900005,305,154,151
112900006,10,260,-250
112900007,61,165,-104
112900008,0,39,-39
112900009,560,181,379
112900010,499,768,-269
112900011,96,181,-85
112900012,0,36,-36
112900013,49,261,-212
112900014,3,310,-307
112900015,402,660,-258
112900016,16,204,-188
112900017,36,180,-144
112900018,2,166,-164
112900019,34,172,-138
112900020,428,1029,-601
112900021,3,172,-169
112900022,9,67,-58
112900023,0,117,-117
112900024,16,156,-140
112900025,84,263,-179
112900026,5,182,-177
112900027,1,638,-637
112900028,22,88,-66
112900029,9,453,-444
112900030,87,123,-36
112900031,4,278,-274
112900032,271,256,15
112900034,3,40,-37
112900035,5,277,-272
112900036,47,102,-55
112900037,167,222,-55
112900038,890,162,728
112900039,5,291,-286
112900040,10,443,-433
112900041,690,1192,-502
112900042,80,242,-162
112900043,68,66,2
112900044,513,434,79
112900045,218,247,-29
112900046,148,55,93
112900047,16,16,0
112900049,405,74,331
112900050,39,568,-529
112900051,297,497,-200
112900052,7,580,-573
112900053,368,120,248
112900054,179,83,96
112900055,141,54,87
112900056,432,270,162
112900057,29,336,-307
112900058,288,387,-99
112900059,111,102,9
112900060,35,117,-82
112900061,81,70,11
112900062,65,104,-39
112900063,98,25,73
112900064,152,210,-58
112900065,35,33,2
112900066,326,269,57
112900067,339,149,190
112900068,60,51,9
112900069,1357,917,440
112900071,53,19,34
112900072,116,2514,-2398
112900073,374,130,244
112900074,100,280,-180
112900075,1020,1101,-81
112900076,94,66,28
112900078,373,422,-49
112900079,285,48,237
112900080,85,2,83
112900081,42,268,-226
112900082,692,30,662
112900083,182,166,16
112900084,326,182,144
112900086,133,1,132
112900087,1011,207,804
112900088,248,18,230
112900089,1144,47,1097
112900090,94,45,49
112900091,341,6,335
112900092,169,404,-235
112900093,1459,29,1430
112900095,48,0,48
112900096,606,207,399
112900097,66,286,-220
112900098,447,6,441
112900099,981,29,952
112900100,83,1,82
112900101,443,5,438
112900102,162,14,148
112900103,232,3,229
112900104,149,5,144
112900105,26,1,25
112900106,481,142,339
112900107,9,1,8
112900108,8,0,8
112900109,172,0,172
112900110,1731,15,1716
112900111,798,3,795
112900112,450,5,445
112900113,0,16,-16
112900114,223,12,211
112900115,1800,2,1798
112900116,141,38,103
112900117,90,45,45
112900118,20,64,-44
112900119,190,4,186
112900120,650,274,376
112900121,59,174,-115
112900122,9,73,-64
112900123,97,31,66
112900124,23,78,-55
112900125,82,622,-540
112900126,216,158,58
112900127,409,135,274
112900128,228,646,-418
112900129,5,544,-539
112900130,270,108,162
112900131,42,313,-271
112900132,136,329,-193
112900133,23,831,-808
112900134,2,188,-186
112900135,79,57,22
112900137,1,375,-374
112900138,14,186,-172
112900139,231,906,-675
112900141,1003,83,920
112900142,84,185,-101
112900143,31,337,-306
112900144,3,198,-195
112900145,36,407,-371
112900146,6,717,-711
112900147,4,1154,-1150
112900148,52,2,50
112900149,310,620,-310
112900151,25,55,-30
112900152,2872,674,2198
112900153,1616,2858,-1242
112900154,1,94,-93
112900155,257,37,220
112900156,494,886,-392
112900157,394,62,332
112900158,91,22,69
112900159,318,163,155
112900160,72,233,-161
112900161,131,56,75
112900162,34,28,6
112900163,67,58,9
112900164,29,187,-158
112900165,220,36,184
112900166,20,64,-44
112900167,8,62,-54
112900168,3,2,1
112900169,8,25,-17
112900170,357,174,183
112900172,44,23,21
112900173,247,81,166
112900174,318,81,237
112900175,184,202,-18
112900176,6,132,-126
112900177,287,59,228
112900178,798,2814,-2016
112900179,26,329,-303
112900180,2256,1289,967
112900181,752,5,747
112900182,101,708,-607
112900183,142,369,-227
112900184,406,512,-106
112900185,248,710,-462
112900186,1198,1097,101
112900187,109,673,-564
112900188,707,1271,-564
112900189,15,18,-3
112900190,9,50,-41
112900192,753,917,-164
112900193,1459,455,1004
112900194,82,78,4
112900195,991,50,941
112900196,253,338,-85
112900197,274,392,-118
112900199,799,424,375
112900200,660,231,429
112900201,220,95,125
112900202,490,571,-81
112900203,316,211,105
112900204,945,637,308
112900205,8,12,-4
112900206,34,63,-29
112900207,36,1,35
112900208,92,289,-197
112900209,475,338,137
112900210,0,13,-13
112900211,79,35,44
112900212,2,109,-107
112900213,54,14,40
112900214,13,10,3
112900215,17,146,-129
112900216,21,54,-33
112900217,0,88,-88
112900218,84,19,65
112900219,112,0,112
112900220,12,0,12
112900221,65,104,-39
112900222,0,38,-38
112900223,1168,33,1135
112900224,531,426,105
112900225,584,333,251
112900226,274,386,-112
112900227,838,690,148
112900228,82,36,46
112900229,237,53,184
112900230,6043,3928,2115
112900232,316,317,-1
112900233,43,125,-82
112900234,20,46,-26
112900235,56,25,31
112900236,389,11,378
112900237,261,164,97
112900238,13,19,-6
112900239,571,432,139
113000001,6010,4162,1848
113000002,4017,3105,912
113000003,1715,1231,484
113000004,1548,2056,-508
113000005,1959,933,1026
113000006,1035,1167,-132
113000007,1971,939,1032
113000008,1703,1424,279
113000009,1284,699,585
113000010,1294,1048,246
113000011,894,1363,-469
113000012,1907,706,1201
113000013,1276,703,573
113000014,1248,1365,-117
113000015,358,234,124
113000016,425,1026,-601
113000017,91,337,-246
113000018,400,50,350
113000019,257,306,-49
113000020,400,95,305
113000021,1165,441,724
113000022,753,1150,-397
113000025,123,280,-157
113000026,538,617,-79
113000027,628,638,-10
113000028,807,831,-24
113000029,902,564,338
113000030,371,533,-162
113000031,224,247,-23
113000032,268,271,-3
113000033,237,400,-163
113000034,295,317,-22
113000035,53,30,23
113000036,16,66,-50
113000037,34,35,-1
113000038,18,59,-41
113000039,97,378,-281
113000040,69,79,-10
113000042,643,574,69
113000051,902,2126,-1224
113000052,2004,722,1282
113000053,557,355,202
113000054,465,712,-247
113000055,1287,487,800
113000056,1201,808,393
113000058,741,763,-22
113000059,1174,526,648
113000060,304,495,-191
113000061,423,730,-307
113000062,625,290,335
113000063,269,78,191
113000064,62,234,-172
113000065,194,564,-370
113000066,940,111,829
113000067,2829,1042,1787
113000068,419,850,-431
113000069,623,841,-218
113000070,3077,990,2087
113000071,579,521,58
113000072,1043,451,592
113000073,393,1234,-841
113000074,1093,468,625
113000075,1948,703,1245
113000076,662,2058,-1396
113000077,1132,684,448
113000078,667,2366,-1699
113000079,551,944,-393
113000080,689,929,-240
113000081,890,909,-19
113000082,1135,983,152
113000083,574,856,-282
113000084,1812,1254,558
113000085,975,678,297
113000086,1189,1202,-13
113000087,921,921,0
113000088,2136,1293,843
113000089,849,1648,-799
113000090,227,663,-436
113000091,380,407,-27
113000094,1316,253,1063
113000095,205,599,-394
113000096,129,576,-447
113000097,1221,447,774
113000098,158,34,124
113000099,1609,382,1227
113000100,116,365,-249
113000101,290,515,-225
113000102,575,555,20
113000103,1664,396,1268
113000104,593,2084,-1491
113000105,928,442,486
113000106,368,436,-68
113000107,1122,699,423
113000108,882,897,-15
113000109,623,1547,-924
113000110,2025,433,1592
113000111,172,615,-443
113000112,450,324,126
113000113,1246,274,972
113000114,283,1586,-1303
113000116,805,276,529
113000117,1215,140,1075
113000118,80,473,-393
113000119,369,479,-110
113000120,69,231,-162
113000121,573,1567,-994
113000124,227,131,96
113000125,88,871,-783
113000127,1881,285,1596
113000128,630,555,75
113000129,555,689,-134
113000133,1717,1501,216
113000134,7,1166,-1159
113000135,4124,4971,-847
113000137,1536,3629,-2093
113000139,410,247,163
113000140,86,222,-136
113000141,246,240,6
113000142,445,1201,-756
113000143,233,223,10
113000144,239,738,-499
113000145,103,109,-6
113000146,126,49,77
113000147,219,71,148
113000148,186,90,96
113000149,170,96,74
113000150,665,272,393
113000151,39,38,1
113000152,40,94,-54
113000153,1244,544,700
113000154,776,1512,-736
113000155,382,771,-389
113000156,159,393,-234
113000157,295,717,-422
113000158,696,278,418
113000159,1062,752,310
113000160,734,897,-163
113000161,373,364,9
113000162,1038,344,694
113000163,111,68,43
113000164,16,76,-60
113000166,200,91,109
113000167,50,78,-28
113000168,100,85,15
113000169,230,81,149
113000170,118,135,-17
113000171,51,89,-38
113000172,275,64,211
113000173,92,22,70
113000174,149,302,-153
113000175,400,109,291
113000176,513,135,378
113000177,179,384,-205
113000178,205,230,-25
113000179,341,227,114
113000180,796,1148,-352
113000181,1210,760,450
113000182,165,344,-179
113000183,123,568,-445
113000184,14,94,-80
113000189,444,1030,-586
113000190,614,567,47
113000192,843,2613,-1770
113000193,2711,2009,702
113000194,1045,1175,-130
113000195,1703,1312,391
113000196,209,100,109
113000197,1349,1250,99
113000198,85,286,-201
113000199,1726,477,1249
113000201,248,327,-79
113000202,3997,1101,2896
113000203,191,166,25
113000204,849,2363,-1514
113000205,19,15,4
113000206,9,40,-31
113000207,82,11,71
113000208,34,52,-18
113000209,13,22,-9
113000210,4,20,-16
113000211,145,228,-83
113000212,73,26,47
113000213,23,139,-116
113000214,187,242,-55
113000234,198,640,-442
113000410,129,264,-135
113000411,2048,4092,-2044
113000412,4700,1976,2724
113000413,1722,3048,-1326
113000414,4363,13643,-9280
113000415,2157,2571,-414
113000416,6327,3754,2573
113000417,2665,2741,-76
113000418,4565,3469,1096
113000419,2072,2143,-71
113000420,4184,6354,-2170
113000421,4317,7429,-3112
113000422,9881,11678,-1797
113000423,1934,6067,-4133
113000424,2503,9474,-6971
113000425,3,72,-69
113000428,50,20,30
113000430,3,32,-29
113000432,2336,197,2139
113000433,86,577,-491
113000434,30,142,-112
113000435,43,478,-435
113000436,74,935,-861
113000437,1367,27,1340
113000438,298,16,282
113000439,23,82,-59
113000440,165,30,135
113000441,289,185,104
113000442,176,121,55
113000443,329,169,160
113000444,262,119,143
113000445,196,84,112
113000446,38,91,-53
113000448,204,177,27
113000449,183,759,-576
113000450,629,2255,-1626
113000451,1262,225,1037
113000452,304,467,-163
113000453,64,352,-288
113000454,408,142,266
113000455,21,422,-401
113000456,3300,2665,635
113000468,1189,155,1034
113000469,78,202,-124
113000470,385,19,366
113000471,12,360,-348
113000472,112,260,-148
113000474,761,497,264
113000475,1445,1349,96
113000476,1703,1732,-29
113000477,3700,1721,1979
113000478,3566,3705,-139
113000479,106,152,-46
113000480,119,251,-132
113000484,0,0,0
113000485,0,0,0
113000486,6,0,6
113000487,0,3,-3
113000488,0,0,0
113000489,0,0,0
113000490,0,4,-4
113000491,2,2,0
113000492,0,2,-2
113000493,0,0,0
113000495,139,139,0
113000496,152,106,46
113000499,0,0,0
113900001,1,199,-198
113900002,4,43,-39
113900003,0,45,-45
113900004,3,70,-67
113900005,0,72,-72
113900006,2,14,-12
113900007,59,40,19
113900008,17,0,17
113900009,58,1,57
113900010,48,0,48
113900011,55,0,55
113900012,55,1,54
113900013,158,4,154
113900014,637,1,636
113900015,2,60,-58
113900016,42,0,42
113900017,6,55,-49
113900018,358,299,59
113900019,209,34,175
113900020,162,1,161
113900022,36,2,34
113900023,37,0,37
113900024,82,39,43
113900025,291,37,254
113900026,66,0,66
113900027,15,46,-31
113900028,24,382,-358
113900029,69,142,-73
113900030,316,4,312
113900031,17,2,15
113900032,32,0,32
113900033,87,56,31
113900035,70,0,70
113900036,36,48,-12
113900037,170,296,-126
113900038,93,146,-53
113900039,251,17,234
113900040,20,15,5
113900041,9,7,2
113900042,102,31,71
113900043,129,88,41
113900044,250,316,-66
113900045,90,1,89
113900046,548,511,37
113900047,68,101,-33
113900048,181,100,81
113900049,439,319,120
113900050,271,294,-23
113900051,288,327,-39
113900052,111,123,-12
113900053,605,617,-12
113900054,41,3,38
113900055,109,354,-245
113900056,51,146,-95
113900057,6,60,-54
113900058,101,90,11
113900059,289,230,59
113900060,125,177,-52
113900061,616,244,372
113900062,114,17,97
113900063,104,90,14
113900064,21,97,-76
113900065,518,32,486
113900066,449,242,207
113900067,204,261,-57
113900068,595,575,20
113900069,84,34,50
113900070,200,382,-182
113900071,60,64,-4
113900072,79,120,-41
113900073,318,289,29
113900074,239,573,-334
113900075,1175,1353,-178
113900076,297,24,273
113900077,44,147,-103
113900078,49,72,-23
113900079,1,31,-30
113900080,566,212,354
113900081,77,143,-66
113900082,133,208,-75
113900083,492,275,217
113900084,233,149,84
113900085,36,220,-184
113900086,51,16,35
113900087,94,101,-7
113900088,106,82,24
113900089,398,46,352
113900090,663,390,273
113900091,33,16,17
113900092,20,109,-89
113900093,61,873,-812
113900094,619,294,325
113900095,154,154,0
113900096,328,72,256
113900097,57,125,-68
113900098,752,111,641
113900099,1,49,-48
113900100,0,9,-9
113900101,10,60,-50
113900102,132,190,-58
113900103,358,297,61
113900104,168,190,-22
113900105,127,153,-26
113900106,1,42,-41
113900107,0,21,-21
113900108,190,290,-100
113900109,360,204,156
113900110,82,42,40
113900111,164,71,93
113900112,162,54,108
113900113,1078,497,581
113900114,4,45,-41
113900115,0,54,-54
113900116,114,163,-49
113900117,100,37,63
113900118,199,474,-275
113900119,175,516,-341
113900120,71,51,20
113900121,60,96,-36
113900122,396,2460,-2064
113900123,505,193,312
113900124,0,67,-67
113900125,755,129,626
113900126,145,42,103
113900127,363,718,-355
113900128,164,93,71
113900129,15,171,-156
113900130,1,51,-50
113900131,381,67,314
113900132,55,59,-4
113900133,23,72,-49
113900135,316,305,11
113900136,124,58,66
113900137,322,279,43
113900138,77,223,-146
113900139,245,221,24
113900140,169,407,-238
113900141,611,206,405
113900142,162,89,73
113900143,14,49,-35
113900144,154,257,-103
113900145,419,138,281
113900146,163,58,105
113900148,127,350,-223
113900149,180,85,95
113900150,416,478,-62
113900151,489,171,318
113900152,44,41,3
113900153,202,604,-402
113900154,5,101,-96
113900155,192,187,5
113900156,233,322,-89
113900157,55,318,-263
113900158,268,541,-273
113900159,23,214,-191
113900160,545,430,115
113900161,52,230,-178
113900162,367,897,-530
113900163,225,234,-9
113900164,379,54,325
113900165,811,386,425
113900166,139,221,-82
113900167,412,47,365
113900168,114,81,33
113900169,199,349,-150
113900171,235,84,151
113900172,12,128,-116
113900173,60,347,-287
113900174,520,621,-101
113900175,398,200,198
113900176,452,399,53
113900177,310,160,150
113900178,446,136,310
113900179,31,296,-265
113900180,149,66,83
113900181,1106,142,964
113900182,802,891,-89
113900183,55,57,-2
113900184,13,283,-270
113900185,174,58,116
113900186,53,30,23
113900187,42,120,-78
113900188,45,160,-115
113900189,244,152,92
113900190,191,116,75
113900191,116,241,-125
113900192,8,879,-871
113900193,14,153,-139
113900194,1308,683,625
113900195,257,315,-58
113900196,30,158,-128
113900197,1,118,-117
113900198,22,211,-189
113900199,140,641,-501
113900200,19,247,-228
113900201,0,118,-118
113900202,26,261,-235
113900203,0,70,-70
113900204,36,426,-390
113900205,5,151,-146
113900206,5,152,-147
113900207,1,52,-51
113900208,2,55,-53
113900209,0,42,-42
113900210,542,784,-242
113900211,180,77,103
113900212,260,342,-82
113900214,364,535,-171
113900215,69,109,-40
113900216,212,475,-263
113900217,90,182,-92
113900218,163,77,86
113900219,113,313,-200
113900220,159,116,43
113900221,430,287,143
113900222,217,515,-298
113900223,180,534,-354
113900224,70,61,9
113900225,604,217,387
113900226,352,146,206
113900227,442,243,199
113900228,272,610,-338
113900229,58,974,-916
113900230,3300,3890,-590
113900231,180,126,54
113900232,75,91,-16
113900233,163,89,74
113900234,371,461,-90
113900235,127,44,83
113900236,253,245,8
113900237,217,21,196
113900238,270,587,-317
113900239,66,119,-53
113900240,5,215,-210
113900241,119,43,76
113900242,59,173,-114
113900243,98,341,-243
113900244,245,207,38
113900245,975,281,694
113900246,24,42,-18
113900247,171,470,-299
113900248,2028,2010,18
113900249,631,467,164
113900250,100,173,-73
113900251,879,140,739
113900252,618,20,598
113900253,756,78,678
113900254,852,170,682
113900255,550,18,532
113900256,460,24,436
113900257,33,338,-305
113900258,32,333,-301
113900259,605,110,495
113900260,278,22,256
113900261,26,100,-74
113900262,147,436,-289
113900263,123,547,-424
113900264,6,340,-334
113900265,128,353,-225
113900266,29,162,-133
113900267,113,474,-361
113900268,366,415,-49
113900269,94,126,-32
113900270,251,741,-490
113900271,669,800,-131
113900273,89,11,78
113900274,71,59,12
113900275,31,97,-66
113900276,1,100,-99
113900277,179,5,174
113900278,211,179,32
113900279,50,55,-5
113900280,1543,491,1052
113900281,642,1287,-645
113900282,697,779,-82
113900283,406,463,-57
113900284,1002,233,769
113900285,185,27,158
113900286,19,87,-68
113900287,91,12,79
113900288,2,110,-108
113900289,581,119,462
113900290,182,290,-108
113900291,83,173,-90
113900292,23,4,19
113900293,3,207,-204
113900294,602,28,574
113900295,406,462,-56
113900296,1715,457,1258
113900297,2429,73,2356
113900298,22,1470,-1448
113900299,130,82,48
113900300,3834,4423,-589
113900301,702,422,280
113900302,1969,986,983
113900303,332,568,-236
113900304,2,91,-89
113900305,115,0,115
113900306,68,1,67
113900307,12,0,12
113900308,106,103,3
113900309,2,435,-433
113900310,0,3,-3
113900311,4,1,3
113900312,299,228,71
113900313,15,8,7
114000001,929,1886,-957
114000002,337,288,49
114000003,57,337,-280
114000004,491,391,100
114000005,353,221,132
114000006,2464,2274,190
114000007,776,1311,-535
114000008,1391,2242,-851
114000009,1075,301,774
114000011,2971,1976,995
114000012,2987,1521,1466
114000013,1914,1354,560
114000014,453,191,262
114000015,2715,364,2351
114000016,257,212,45
114000017,127,417,-290
114000018,193,32,161
114000026,2422,1074,1348
114000027,3951,1948,2003
114000028,2338,2631,-293
114000038,427,171,256
114000039,101,15,86
114000040,160,249,-89
114000042,205,134,71
114000043,52,66,-14
114000044,298,31,267
114000045,52,54,-2
114000046,3293,4950,-1657
114000047,13,95,-82
114000048,77,27,50
114000049,1679,1687,-8
114000050,1931,2532,-601
114000051,3447,2405,1042
114000052,4425,2057,2368
114000053,149,845,-696
114000054,237,794,-557
114000055,287,38,249
114000056,601,1033,-432
114000057,4107,1940,2167
114000058,375,1892,-1517
114000059,173,447,-274
114000060,635,876,-241
114000061,2992,3474,-482
114000062,1610,2012,-402
114000063,1883,1393,490
114000064,4075,4077,-2
114000065,1417,2087,-670
114000066,571,582,-11
114000067,31,804,-773
114000068,652,720,-68
114000069,1170,652,518
114000070,2138,1785,353
114000071,986,499,487
114000072,730,170,560
114000073,15,44,-29
114000074,80,11,69
114000075,76,62,14
114000076,28,63,-35
114000077,8,16,-8
114000078,381,434,-53
114000079,170,31,139
114000080,59,103,-44
114000081,127,76,51
114000082,50,285,-235
114000083,90,228,-138
114000084,410,88,322
114000085,109,456,-347
114000086,286,337,-51
114000087,179,114,65
114000088,50,37,13
114000089,551,301,250
114000090,985,1033,-48
114000091,1347,967,380
114000092,1166,573,593
114000093,1774,800,974
114000094,520,374,146
114000095,311,198,113
114000096,119,280,-161
114000097,169,372,-203
114000098,767,129,638
114000099,699,321,378
114000100,1965,559,1406
114000101,497,457,40
114000102,762,304,458
114000103,169,290,-121
114000104,45,188,-143
114000105,163,118,45
114000106,761,1389,-628
114000107,482,123,359
114000108,979,738,241
114000109,631,1198,-567
114000110,677,996,-319
114000111,2306,866,1440
114000112,559,1363,-804
114000113,1299,576,723
114000114,1135,983,152
114000115,2228,1153,1075
114000116,1017,1958,-941
114000117,3819,524,3295
114000118,3211,592,2619
114000119,2291,551,1740
114000120,650,639,11
114000121,455,605,-150
114000122,438,321,117
114000123,2464,377,2087
114000124,1063,271,792
114000125,790,903,-113
114000126,2337,291,2046
114000127,365,185,180
114000128,934,352,582
114000130,507,470,37
114000131,312,158,154
114000132,736,411,325
114000133,978,1211,-233
114000134,75,86,-11
114000138,46,170,-124
114000139,553,265,288
114000144,1121,504,617
114000145,94,119,-25
114000146,102,178,-76
114000147,1606,2050,-444
114000148,1618,1839,-221
114000149,427,340,87
114000150,456,619,-163
114000151,763,1625,-862
114000152,139,35,104
114000153,637,2379,-1742
114000154,597,618,-21
114000155,1719,2541,-822
114000156,650,623,27
114000157,251,1008,-757
114000158,1120,712,408
114000159,135,387,-252
114000160,109,317,-208
114000161,1203,3329,-2126
114000162,1258,3002,-1744
114000163,25,102,-77
114000165,517,347,170
114000166,551,485,66
114000167,2528,1370,1158
114000168,639,557,82
114000169,1468,1388,80
114000170,1379,1228,151
114000171,1181,4835,-3654
114000174,173,377,-204
114000176,316,440,-124
114000177,1325,653,672
114000178,46,47,-1
114000179,1113,714,399
114000180,307,532,-225
114000181,1590,4106,-2516
114000182,1771,2089,-318
114000183,839,729,110
114000184,2299,790,1509
114000185,1086,710,376
114000189,1531,190,1341
114000190,3452,505,2947
114000191,70,102,-32
114000192,161,981,-820
114000193,444,1641,-1197
114000194,1499,645,854
114000195,172,49,123
114000196,1,129,-128
114000197,1627,19,1608
114000198,688,302,386
114000199,1664,1638,26
114000200,576,1181,-605
114000201,182,650,-468
114000202,941,374,567
114000203,506,472,34
114000204,149,341,-192
114000205,188,1056,-868
114000206,604,1051,-447
114000207,508,1207,-699
114000208,503,1701,-1198
114000209,601,1533,-932
114000210,243,848,-605
114000211,1088,1435,-347
114000212,908,738,170
114000213,1506,557,949
114000214,98,153,-55
114000215,274,76,198
114000216,1767,367,1400
114000217,416,219,197
114000218,190,151,39
114000219,1424,206,1218
114000220,23,690,-667
114000221,975,163,812
114000222,136,717,-581
114000223,607,143,464
114000224,71,479,-408
114000225,308,510,-202
114000226,229,211,18
114000227,838,419,419
114000228,1026,566,460
114000229,1453,1018,435
114000230,1843,890,953
114000231,1059,1214,-155
114000232,946,187,759
114000233,2495,113,2382
114000234,1112,695,417
114000235,1213,1105,108
114000236,1,303,-302
114000237,141,562,-421
114000238,129,219,-90
114000239,167,712,-545
114000240,833,729,104
114000241,278,703,-425
114000242,675,628,47
114000243,1764,811,953
114000244,641,256,385
114000245,458,744,-286
114000246,91,34,57
114000247,833,475,358
114000248,1245,499,746
114000249,537,493,44
114000250,597,564,33
114000251,522,194,328
114000252,83,38,45
114000253,62,100,-38
114000254,65,50,15
114000255,624,268,356
114000256,1037,2670,-1633
114000257,308,961,-653
114000258,314,343,-29
114000259,122,183,-61
114000260,0,30,-30
114000261,42,49,-7
114000262,259,113,146
114000263,7,1,6
114000264,1519,386,1133
114000265,0,0,0
114000267,2,1664,-1662
114000268,2,980,-978
114000270,178,2,176
114000271,422,44,378
114000283,1405,348,1057
114000285,22,144,-122
114000288,138,230,-92
114000289,1881,130,1751
114000293,257,504,-247
114000294,139,269,-130
114000395,1378,20,1358
114000396,741,508,233
114000402,716,232,484
114000403,346,260,86
114000405,208,282,-74
114000423,419,233,186
114000424,538,122,416
114000425,934,241,693
114000426,315,944,-629
114000427,72,74,-2
114000428,163,198,-35
114000429,9,182,-173
114000432,147,68,79
114000434,26,67,-41
114000435,13,141,-128
114900001,824,618,206
114900002,626,143,483
114900003,957,876,81
114900004,285,523,-238
114900005,609,563,46
114900006,119,93,26
114900007,347,25,322
114900008,222,97,125
114900010,1650,1894,-244
114900011,280,157,123
114900013,297,147,150
114900015,125,598,-473
114900018,870,37,833
114900020,288,102,186
114900022,7,541,-534
114900024,380,192,188
114900025,622,186,436
114900026,83,121,-38
114900027,300,192,108
114900029,42,19,23
114900030,513,212,301
114900031,449,24,425
114900032,495,26,469
114900033,773,1099,-326
114900034,67,231,-164
114900035,147,291,-144
114900036,184,489,-305
114900037,133,142,-9
114900038,191,465,-274
114900039,550,343,207
114900040,79,109,-30
114900041,952,357,595
114900042,1040,477,563
114900043,474,220,254
114900044,150,48,102
114900046,43,117,-74
114900047,250,2291,-2041
114900048,140,236,-96
114900049,10,102,-92
114900050,78,282,-204
114900051,39,303,-264
114900052,98,214,-116
114900053,144,261,-117
114900054,33,104,-71
114900057,231,14,217
114900058,0,64,-64
114900059,114,54,60
114900060,796,903,-107
114900061,166,138,28
114900062,241,370,-129
114900063,90,132,-42
114900064,1761,385,1376
114900065,411,774,-363
114900067,61,338,-277
114900068,37,119,-82
114900069,174,101,73
114900070,755,271,484
114900072,4,317,-313
114900073,2,140,-138
114900074,827,421,406
114900075,406,7,399
114900076,6,353,-347
114900080,1457,283,1174
114900082,2931,2252,679
114900083,994,1058,-64
114900090,481,221,260
114900091,139,176,-37
114900095,303,129,174
114900096,415,661,-246
114900097,227,2,225
114900098,6,126,-120
114900099,246,9,237
115000001,4507,2733,1774
115000002,4377,4744,-367
115000003,3995,2060,1935
115000004,4812,6466,-1654
115000005,1462,1723,-261
115000006,1257,1525,-268
115000007,137,238,-101
115000008,491,598,-107
115000009,205,211,-6
115000010,317,235,82
115000013,86,223,-137
115000015,68,288,-220
115000016,168,348,-180
115000019,44,397,-353
115000020,138,755,-617
115000021,245,372,-127
115000022,579,340,239
115000023,372,756,-384
115000024,982,378,604
115000025,944,799,145
115000026,232,361,-129
115000027,345,288,57
115000028,305,779,-474
115000029,776,99,677
115000030,1059,948,111
115000031,1427,371,1056
115000032,8,230,-222
115000033,222,50,172
115000034,60,1111,-1051
115000035,1081,78,1003
115000036,1,320,-319
115000037,707,34,673
115000038,48,137,-89
115000039,2796,3734,-938
115000040,4584,2437,2147
115000041,1517,3599,-2082
115000042,1145,578,567
115000043,3970,2178,1792
115000044,3338,2657,681
115000045,2511,1084,1427
115000046,2860,2077,783
115000047,2720,1255,1465
115000048,1649,1743,-94
115000049,1476,2544,-1068
115000050,3181,1547,1634
115000051,1512,3260,-1748
115000052,1622,1404,218
115000053,1971,1959,12
115000054,564,969,-405
115000055,221,1053,-832
115000056,274,526,-252
115000057,566,1394,-828
115000058,308,407,-99
115000059,204,185,19
115000061,140,177,-37
115000062,189,264,-75
115000063,528,224,304
115000064,280,81,199
115000065,59,577,-518
115000067,190,21,169
115000069,87,256,-169
115000070,28,818,-790
115000071,113,14,99
115000072,10,89,-79
115000073,1355,48,1307
115000075,77,53,24
115000076,2616,2217,399
115000077,2201,1612,589
115000078,1536,1070,466
115000079,1771,1352,419
115000080,2899,1636,1263
115000081,420,652,-232
115000082,4485,3754,731
115000083,2202,1455,747
115000084,3006,1099,1907
115000085,980,737,243
115000086,1340,698,642
115000087,405,1336,-931
115000088,1911,675,1236
115000089,1312,1227,85
115000090,589,832,-243
115000091,238,697,-459
115000092,646,457,189
115000093,494,3,491
115000094,5114,6071,-957
115000095,3811,6298,-2487
115000096,761,1033,-272
115000097,1218,1055,163
115000098,1400,584,816
115000099,2686,1928,758
115000100,1414,362,1052
115000101,378,1055,-677
115000102,600,207,393
115000103,297,517,-220
115000105,45,111,-66
115000106,708,350,358
115000107,187,330,-143
115000108,2382,1869,513
115000109,3546,4774,-1228
115000110,1499,1692,-193
115000111,612,1277,-665
115000112,894,641,253
115000113,693,677,16
115000114,1606,597,1009
115000116,3703,2419,1284
115000117,3328,3071,257
115000118,2484,1769,715
115000119,2086,2410,-324
115000120,669,1542,-873
115000121,995,875,120
115000122,2221,2105,116
115000123,1169,2517,-1348
115000124,735,924,-189
115000125,385,552,-167
115000126,158,256,-98
115000127,320,102,218
115000128,425,639,-214
115000129,224,372,-148
115000130,486,619,-133
115000131,967,255,712
115000132,346,282,64
115000133,726,242,484
115000134,618,257,361
115000135,373,143,230
115000136,315,285,30
115000137,136,175,-39
115000138,399,269,130
115000139,265,166,99
115000140,474,248,226
115000141,220,165,55
115000142,236,165,71
115000143,973,556,417
115000144,419,54,365
115000145,286,195,91
115000146,663,328,335
115000147,413,362,51
115000148,289,643,-354
115000149,749,271,478
115000150,621,551,70
115000151,1595,519,1076
115000152,660,696,-36
115000153,1397,582,815
115000154,1053,290,763
115000155,683,710,-27
115000156,1155,645,510
115000157,582,618,-36
115000158,553,386,167
115000159,590,601,-11
115000160,564,557,7
115000161,526,436,90
115000162,638,772,-134
115000163,499,536,-37
115000164,641,474,167
115000165,361,478,-117
115000167,163,75,88
115000168,439,306,133
115000169,472,324,148
115000170,105,133,-28
115000171,242,198,44
115000172,1083,606,477
115000173,388,745,-357
115000174,121,379,-258
115000175,165,178,-13
115000176,191,137,54
115000177,286,220,66
115000178,9,249,-240
115000179,25,40,-15
115000180,104,496,-392
115000181,908,140,768
115000182,1055,254,801
115000183,442,636,-194
115000186,789,261,528
115000187,248,600,-352
115000188,409,415,-6
115000189,222,452,-230
115000190,679,422,257
115000191,204,561,-357
115000194,167,188,-21
115000195,301,307,-6
115000196,237,93,144
115000197,226,206,20
115000198,454,193,261
115000199,440,143,297
115000200,441,102,339
115000201,141,295,-154
115000206,428,58,370
115000207,231,275,-44
115000208,319,507,-188
115000209,725,353,372
115000210,149,120,29
115000211,241,242,-1
115000212,1180,392,788
115000224,433,58,375
115000225,68,103,-35
115000229,179,119,60
115000230,124,323,-199
115000231,278,967,-689
115000232,1914,254,1660
115000233,200,175,25
115000234,29,274,-245
115000241,130,164,-34
115000242,123,190,-67
115000243,51,172,-121
115000244,29,97,-68
115000246,41,35,6
115000247,61,41,20
115000248,43,17,26
115000249,32,14,18
115000250,344,30,314
115000251,277,88,189
115000252,101,178,-77
115000253,14,411,-397
115000258,320,120,200
115000259,275,99,176
115000261,20,13,7
115000262,22,39,-17
115000263,43,47,-4
115000264,29,36,-7
115000267,77,64,13
115000268,44,119,-75
115000269,126,72,54
115000270,1,11,-10
115000272,96,100,-4
115000273,509,39,470
115000280,1619,558,1061
115000281,451,1302,-851
115000282,950,992,-42
115000284,223,151,72
115000296,1120,11,1109
115000297,157,299,-142
115000298,44,547,-503
115000300,169,209,-40
115000302,640,135,505
115000303,947,129,818
115000304,975,64,911
115000305,132,508,-376
115000306,228,246,-18
115000307,155,216,-61
115000308,15,27,-12
115000309,14,69,-55
115000310,1189,681,508
115000311,1224,1035,189
115000313,98,416,-318
115000314,561,137,424
115000315,647,457,190
115000316,77,114,-37
115000317,234,386,-152
115000318,836,336,500
115000319,65,190,-125
115000320,7,265,-258
115000321,293,9,284
115000322,31,158,-127
115000449,224,186,38
115000557,5,1698,-1693
115000558,307,106,201
115000587,669,345,324
115000588,2016,2109,-93
115000589,3794,2086,1708
115000590,1246,1371,-125
115000591,2076,648,1428
115000592,578,1806,-1228
115000593,1598,673,925
115000594,554,2410,-1856
115000609,197,255,-58
115000617,1169,3564,-2395
115000624,275,51,224
115000633,489,1639,-1150
115000634,2410,744,1666
115000635,572,113,459
115000638,581,542,39
115000641,69,147,-78
115000642,351,296,55
115000643,128,499,-371
115000644,113,348,-235
115000646,970,1590,-620
115000647,219,529,-310
115000648,2360,1344,1016
115000893,1995,1325,670
115000894,137,853,-716
115000895,322,642,-320
115000896,974,323,651
115000897,485,223,262
115000898,474,245,229
115000899,330,1162,-832
115000900,65,302,-237
115000901,53,122,-69
115000912,571,109,462
115000913,2,17,-15
115000915,13,0,13
115000916,5,0,5
115000917,0,6,-6
115000918,47,448,-401
115000919,10,14,-4
115000920,15,45,-30
115000921,394,75,319
115000922,594,741,-147
115000923,268,955,-687
115000925,111,97,14
115000927,39,78,-39
115000933,192,202,-10
115000934,153,180,-27
115000935,150,77,73
115000936,58,791,-733
115000937,629,173,456
115000938,79,217,-138
115000939,55,163,-108
115900001,173,37,136
115900002,123,116,7
115900003,203,76,127
115900004,0,40,-40
115900005,210,10,200
115900006,157,216,-59
115900008,89,5,84
115900009,107,182,-75
115900010,425,124,301
115900011,533,171,362
115900012,269,50,219
115900013,360,161,199
115900014,161,119,42
115900015,139,47,92
115900016,129,29,100
115900017,30,5,25
115900018,155,52,103
115900019,133,8,125
115900020,109,2,107
115900021,939,239,700
115900022,1073,17,1056
115900023,9,15,-6
115900025,54,313,-259
115900026,836,163,673
115900027,0,206,-206
115900028,483,50,433
115900029,26,277,-251
115900030,58,39,19
115900031,220,346,-126
115900032,481,607,-126
115900033,2,58,-56
115900034,29,256,-227
115900035,55,16,39
115900036,42,869,-827
115900037,42,276,-234
115900038,80,11,69
115900039,238,159,79
115900041,317,772,-455
115900042,67,7,60
115900043,118,82,36
115900044,232,290,-58
115900046,324,189,135
115900047,189,199,-10
115900049,200,208,-8
115900051,0,42,-42
115900052,2,132,-130
115900053,299,204,95
115900054,308,39,269
115900055,20,104,-84
115900056,227,225,2
115900057,56,3,53
115900058,20,62,-42
115900060,133,122,11
115900061,260,2,258
115900062,16,193,-177
115900063,58,8,50
115900064,157,219,-62
115900065,141,75,66
115900066,164,103,61
115900067,20,366,-346
115900068,2247,1202,1045
115900069,75,174,-99
115900070,222,115,107
115900071,1,318,-317
115900072,26,130,-104
115900073,115,92,23
115900074,8,183,-175
115900075,52,198,-146
115900076,4,65,-61
115900077,8,193,-185
115900078,48,135,-87
115900079,284,17,267
115900080,275,207,68
115900081,24,35,-11
115900082,198,124,74
115900084,504,19,485
115900085,38,85,-47
115900086,1350,530,820
115900088,44,64,-20
115900089,360,519,-159
115900090,469,6,463
115900091,1,64,-63
115900092,18,107,-89
115900093,15,44,-29
115900094,1,161,-160
115900096,4,12,-8
115900097,10,207,-197
115900098,281,253,28
115900099,238,53,185
115900100,21,379,-358
115900101,213,183,30
115900102,90,67,23
115900103,339,150,189
115900104,93,63,30
115900105,350,386,-36
115900106,111,25,86
115900107,75,80,-5
115900108,204,25,179
115900109,39,336,-297
115900110,3,11,-8
115900111,0,63,-63
115900112,57,707,-650
115900113,72,15,57
115900114,1,129,-128
115900115,106,218,-112
115900116,121,683,-562
115900117,113,11,102
115900118,1,223,-222
115900119,147,123,24
115900120,35,231,-196
115900121,254,224,30
115900124,356,685,-329
115900125,370,72,298
115900126,799,104,695
115900127,803,76,727
115900128,9,123,-114
115900129,842,85,757
115900130,28,213,-185
115900131,353,30,323
115900132,666,15,651
115900134,429,13,416
115900135,353,1273,-920
115900137,40,3,37
115900139,43,83,-40
115900140,290,52,238
115900141,13,51,-38
115900142,14,31,-17
115900143,324,321,3
115900144,123,152,-29
115900146,13,60,-47
115900147,227,297,-70
115900148,57,8,49
115900149,98,15,83
115900150,87,30,57
115900151,23,114,-91
115900152,152,301,-149
115900153,153,168,-15
115900154,417,280,137
115900155,0,24,-24
115900156,644,891,-247
115900157,222,543,-321
115900158,13,6,7
115900159,155,219,-64
115900160,4,15,-11
115900161,66,135,-69
115900163,269,114,155
115900164,622,34,588
115900166,213,120,93
115900168,155,144,11
115900171,136,364,-228
115900172,60,105,-45
115900173,224,93,131
115900174,244,142,102
115900175,176,181,-5
115900178,9,366,-357
115900179,438,11,427
115900180,11,101,-90
115900181,219,115,104
115900182,499,133,366
115900183,56,81,-25
115900184,1097,14,1083
115900187,10,125,-115
115900189,8,238,-230
115900190,172,1388,-1216
115900191,25,341,-316
115900192,15,159,-144
115900193,273,112,161
115900194,823,71,752
115900195,612,2230,-1618
115900198,242,326,-84
115900199,227,209,18
115900200,333,328,5
115900201,470,413,57
115900202,2,57,-55
115900203,4,25,-21
115900204,0,3,-3
115900205,89,12,77
115900206,341,154,187
115900207,43,18,25
115900208,149,101,48
115900209,4,151,-147
115900210,5,98,-93
115900211,5,166,-161
115900212,240,213,27
115900213,88,136,-48
115900214,643,125,518
115900215,40,183,-143
115900216,2,87,-85
115900217,3,39,-36
115900218,10,31,-21
115900219,148,3,145
115900220,294,8,286
115900221,98,14,84
115900222,100,34,66
115900223,6,447,-441
115900224,735,1283,-548
115900225,72,49,23
115900226,6,37,-31
115900227,14,48,-34
115900228,33,62,-29
115900229,15,35,-20
115900230,42,91,-49
115900231,144,6,138
115900232,47,1,46
115900233,67,8,59
115900234,67,35,32
115900235,21,23,-2
115900236,60,25,35
115900237,22,20,2
115900238,17,16,1
115900239,19,26,-7
115900240,7,47,-40
115900241,269,90,179
115900242,244,325,-81
115900243,14,11,3
115900244,19,9,10
115900245,58,4,54
115900246,9,18,-9
115900247,21,9,12
115900248,8,6,2
115900249,9,5,4
115900250,10,16,-6
115900251,2,5,-3
115900252,5,1,4
115900253,7,20,-13
115900254,7,26,-19
115900255,3,11,-8
115900256,18,21,-3
115900257,4,12,-8
115900258,0,2,-2
115900259,6,1,5
115900260,10,1,9
115900261,9,0,9
115900262,10,3,7
115900263,14,0,14
115900264,11,4,7
115900265,2,6,-4
115900266,3,10,-7
115900267,10,22,-12
115900268,9,5,4
115900269,692,388,304
115900270,454,244,210
115900271,163,0,163
115900272,44,5,39
115900273,29,21,8
115900274,0,4,-4
115900275,7,7,0
115900276,0,23,-23
115900277,0,25,-25
115900278,40,70,-30
115900279,14,197,-183
115900280,18,469,-451
115900281,236,269,-33
115900282,5,17,-12
115900283,26,28,-2
115900284,21,5,16
116000001,7580,3495,4085
116000002,4802,12786,-7984
116000003,1740,1452,288
116000004,3339,4366,-1027
116000005,1611,2689,-1078
116000006,2533,2775,-242
116000007,2403,2708,-305
116000008,4129,2232,1897
116000009,1221,1695,-474
116000010,2649,1710,939
116000011,829,1478,-649
116000012,1813,1099,714
116000013,6084,3466,2618
116000014,7910,13520,-5610
116000015,202,1855,-1653
116000016,4743,4327,416
116000017,49,926,-877
116000018,666,285,381
116000019,1884,424,1460
116000020,705,826,-121
116000021,560,404,156
116000022,376,323,53
116000023,1145,809,336
116000024,578,669,-91
116000025,975,754,221
116000026,1620,2417,-797
116000027,719,664,55
116000028,478,1066,-588
116000029,519,688,-169
116000030,909,606,303
116000031,189,309,-120
116000032,425,157,268
116000033,370,398,-28
116000034,716,804,-88
116000035,387,689,-302
116000036,1275,1279,-4
116000037,506,502,4
116000038,319,519,-200
116000039,419,375,44
116000040,681,392,289
116000041,130,379,-249
116000042,603,393,210
116000043,104,631,-527
116000044,4,40,-36
116000045,1750,1477,273
116000046,1052,1575,-523
116000047,1691,2235,-544
116000048,1909,1833,76
116000049,1538,2966,-1428
116000050,1653,1398,255
116000051,6732,2609,4123
116000052,6083,4675,1408
116000053,2434,856,1578
116000054,1013,2386,-1373
116000055,900,784,116
116000056,1101,1112,-11
116000057,2894,1322,1572
116000058,2877,2442,435
116000059,2690,4194,-1504
116000060,1929,996,933
116000061,598,1162,-564
116000062,648,263,385
116000063,637,1234,-597
116000066,419,659,-240
116000067,232,454,-222
116000068,207,328,-121
116000069,311,271,40
116000078,747,1126,-379
116000080,1863,814,1049
116000082,4,34,-30
116000083,2054,433,1621
116000084,2092,2935,-843
116000085,2486,2028,458
116000086,1452,834,618
116000087,2444,1803,641
116000088,788,957,-169
116000089,230,91,139
116000090,89,164,-75
116000091,307,366,-59
116000093,1119,528,591
116000094,809,586,223
116000095,1010,539,471
116000096,943,1561,-618
116000097,1134,617,517
116000098,102,6677,-6575
116000099,5091,264,4827
116000100,292,25,267
116000101,1173,597,576
116000102,274,841,-567
116000103,583,287,296
116000104,262,991,-729
116000105,1321,134,1187
116000106,682,918,-236
116000107,3053,290,2763
116000108,308,223,85
116000111,139,62,77
116000113,199,135,64
116000114,60,130,-70
116000115,497,138,359
116000116,266,326,-60
116000117,1725,1805,-80
116000118,1657,1115,542
116000119,3929,1893,2036
116000120,3159,3092,67
116000121,1135,572,563
116000122,1231,1213,18
116000123,1455,539,916
116000124,415,717,-302
116000125,3565,839,2726
116000126,336,1068,-732
116000127,1079,912,167
116000128,2156,870,1286
116000129,1877,287,1590
116000130,657,574,83
116000133,1332,763,569
116000134,1855,1448,407
116000135,3288,1378,1910
116000136,889,1596,-707
116000137,1310,682,628
116000138,917,751,166
116000139,1677,2211,-534
116000140,177,166,11
116000141,325,497,-172
116000142,2810,2091,719
116000143,1953,1794,159
116000144,1485,1607,-122
116000145,1990,1037,953
116000146,740,140,600
116000147,194,112,82
116000148,569,474,95
116000149,726,812,-86
116000151,556,364,192
116000153,93,379,-286
116000155,170,248,-78
116000156,750,966,-216
116000157,89,21,68
116000158,376,360,16
116000159,22,10,12
116000160,16,27,-11
116000161,6,64,-58
116000162,52,116,-64
116000163,32,5,27
116000164,3,14,-11
116000177,377,180,197
116000194,127,358,-231
116000195,1279,512,767
116000196,30,7,23
116000197,19,15,4
116000198,2333,1129,1204
116000200,692,605,87
116000201,656,631,25
116000202,7,196,-189
116000203,3,78,-75
116000204,19,44,-25
116000205,0,164,-164
116000206,6,135,-129
116000207,11,67,-56
116000233,248,379,-131
116000287,203,320,-117
116000288,312,192,120
116000292,90,117,-27
116000296,17,186,-169
116000297,122,20,102
116000304,197,60,137
116000305,47,64,-17
116000346,216,69,147
116000352,119,19,100
116000354,32,21,11
116000357,46,113,-67
116000358,553,72,481
116000361,67,11,56
116000372,3719,5113,-1394
116000381,197,0,197
116000388,3,55,-52
116000389,911,522,389
116000445,608,419,189
116000446,771,450,321
116000447,10,569,-559
116000448,573,161,412
116000563,802,1002,-200
116000565,30,295,-265
116000568,73,402,-329
116000579,15,122,-107
116000584,21,5,16
116000585,47,17,30
116000586,48,60,-12
116000587,611,658,-47
116000589,46,55,-9
116000590,81,83,-2
116000591,279,159,120
116000592,8,74,-66
116000593,0,24,-24
116000594,790,366,424
116000595,703,148,555
116000596,102,2,100
116000597,482,125,357
116000598,42,165,-123
116000602,54,497,-443
116000605,197,106,91
116000606,80,266,-186
116000607,4,55,-51
116000609,147,1018,-871
116000611,179,352,-173
116000612,1104,1846,-742
116000613,786,325,461
116000614,397,368,29
116000615,0,428,-428
116000616,39,65,-26
116000617,120,23,97
116000618,3,36,-33
116000619,68,65,3
116000620,140,113,27
116000621,95,135,-40
116000622,85,129,-44
116000624,210,92,118
116000627,83,36,47
116000628,80,214,-134
116000629,42,238,-196
116000630,572,34,538
116000631,288,38,250
116000632,698,164,534
116000633,80,225,-145
116000634,725,42,683
116000635,2219,2462,-243
116000636,588,1198,-610
116000637,493,23,470
116000638,46,326,-280
116900001,248,148,100
116900002,271,4,267
116900003,50,23,27
116900004,40,61,-21
116900005,341,60,281
116900006,91,202,-111
116900007,142,186,-44
116900008,513,275,238
116900009,16,9,7
116900010,1,691,-690
116900011,19,26,-7
116900012,179,192,-13
116900013,3,117,-114
116900014,123,136,-13
116900015,534,41,493
116900016,287,4,283
116900017,0,433,-433
116900018,103,51,52
116900019,8,230,-222
116900020,757,1446,-689
116900023,148,16,132
116900024,680,37,643
116900025,1382,741,641
116900026,114,543,-429
116900027,49,52,-3
116900028,5,125,-120
116900029,0,65,-65
116900031,2,1,1
116900032,3,220,-217
116900033,33,6,27
116900034,7,55,-48
116900035,143,145,-2
116900036,7,110,-103
116900038,54,4,50
116900041,54,15,39
116900042,392,224,168
116900043,52,39,13
116900047,33,248,-215
116900049,63,274,-211
116900050,122,357,-235
116900051,192,133,59
116900052,160,77,83
116900055,2,15,-13
116900057,31,179,-148
116900058,31,274,-243
116900059,1,132,-131
116900060,216,143,73
116900062,2,22,-20
116900064,98,424,-326
116900065,13,90,-77
116900067,82,91,-9
116900068,103,176,-73
116900070,2,1,1
116900072,40,251,-211
116900073,21,116,-95
116900074,4,37,-33
116900076,7,37,-30
116900077,19,77,-58
116900078,166,79,87
116900079,39,209,-170
116900080,24,39,-15
116900081,377,852,-475
116900082,416,769,-353
116900083,52,34,18
116900084,112,60,52
116900085,50,139,-89
116900086,59,141,-82
116900088,429,101,328
116900090,90,33,57
116900091,470,37,433
116900092,110,558,-448
116900093,1612,1572,40
116900094,3217,4463,-1246
116900095,239,88,151
116900096,148,378,-230
116900097,2239,3596,-1357
116900098,733,368,365
116900099,582,768,-186
116900100,1162,63,1099
116900101,285,389,-104
116900103,4,1,3
116900104,72,89,-17
116900105,339,183,156
116900106,2420,307,2113
116900107,2687,3032,-345
116900110,22,1,21
116900111,615,500,115
116900112,300,800,-500
116900113,1625,1834,-209
116900116,56,626,-570
116900117,193,90,103
116900118,621,840,-219
116900120,478,67,411
116900121,152,27,125
116900122,1026,523,503
116900123,209,557,-348
116900124,212,860,-648
116900125,483,169,314
116900126,90,613,-523
116900128,1,22,-21
116900129,2,425,-423
116900130,471,4224,-3753
116900131,151,408,-257
116900132,91,146,-55
116900133,181,178,3
116900134,280,261,19
116900136,206,217,-11
116900137,271,157,114
116900138,191,151,40
116900139,211,411,-200
116900140,160,172,-12
116900141,916,405,511
116900142,2,65,-63
116900143,297,261,36
116900144,49,90,-41
116900145,94,161,-67
116900147,318,496,-178
116900148,6,45,-39
116900149,68,277,-209
116900150,11,5,6
116900151,31,16,15
116900153,135,83,52
116900154,389,632,-243
116900155,56,86,-30
116900157,770,183,587
116900158,86,352,-266
116900159,47,279,-232
116900160,1055,815,240
116900161,4299,7637,-3338
116900162,14,96,-82
116900163,167,77,90
116900164,121,79,42
116900165,348,311,37
116900166,25,42,-17
116900167,508,52,456
116900168,460,52,408
116900169,341,560,-219
116900170,458,567,-109
116900171,54,133,-79
116900172,171,413,-242
116900173,302,23,279
116900174,77,59,18
116900175,199,200,-1
116900178,40,89,-49
116900179,96,407,-311
116900180,111,30,81
116900182,511,215,296
116900183,158,73,85
116900185,33,55,-22
116900186,93,198,-105
116900187,105,76,29
116900188,174,35,139
116900189,71,0,71
116900191,452,575,-123
116900192,369,140,229
116900194,176,1517,-1341
116900195,74,50,24
116900196,21,90,-69
116900197,147,16,131
116900198,107,314,-207
116900200,71,18,53
116900201,126,6,120
116900202,95,33,62
116900203,229,5,224
116900204,51,108,-57
116900205,0,0,0
116900206,13,3,10
116900207,24,27,-3
116900208,6,83,-77
116900209,13,77,-64
116900210,535,295,240
116900211,208,4,204
116900212,116,31,85
116900213,261,118,143
116900214,224,183,41
116900215,105,67,38
116900216,280,239,41
116900218,6,207,-201
116900219,1329,322,1007
116900220,143,303,-160
116900221,143,286,-143
116900222,429,406,23
116900223,118,297,-179
116900226,107,41,66
116900227,275,78,197
116900228,325,166,159
116900230,69,186,-117
116900231,33,279,-246
116900232,15,362,-347
116900233,285,108,177
116900234,22,7,15
116900235,127,192,-65
116900238,1279,289,990
116900239,13,1420,-1407
116900240,4478,3237,1241
116900241,107,145,-38
116900242,289,598,-309
116900243,0,18,-18
116900245,44,30,14
116900246,157,28,129
116900247,1018,31,987
116900248,103,30,73
116900249,464,98,366
116900250,421,46,375
116900251,396,638,-242
116900252,159,790,-631
116900253,137,69,68
116900254,60,104,-44
116900255,140,113,27
116900256,442,123,319
116900257,20,310,-290
116900258,3,158,-155
116900259,205,9,196
116900260,3,80,-77
116900261,74,1,73
116900262,266,119,147
116900263,0,9,-9
116900264,4,3,1
116900265,43,2,41
116900266,14,29,-15
116900267,5,2,3
116900268,162,279,-117
116900269,250,494,-244
116900271,1050,327,723
116900272,281,204,77
116900273,82,94,-12
116900274,158,38,120
116900275,155,84,71
116900276,599,163,436
116900277,499,43,456
116900278,2,7,-5
116900279,6,16,-10
116900280,34,19,15
116900281,4490,5301,-811
116900282,3,73,-70
116900283,13,70,-57
116900284,18,181,-163
116900285,242,270,-28
116900286,177,33,144
116900287,10,26,-16
116900288,116,125,-9
116900289,19,9,10
116900290,8,11,-3
116900291,20,10,10
116900292,0,17,-17
116900293,62,28,34
116900294,38,150,-112
116900295,140,74,66
116900296,66,72,-6
116900297,5,124,-119
116900298,87,82,5
116900299,32,43,-11
116900300,8,91,-83
116900301,29,124,-95
116900302,21,65,-44
116900303,150,56,94
116900304,1,175,-174
116900305,13,43,-30
116900306,196,68,128
117000001,2468,1857,611
117000002,2031,3539,-1508
117000003,6927,3385,3542
117000004,3363,4707,-1344
117000005,2683,2027,656
117000006,1351,2599,-1248
117000007,4550,1144,3406
117000008,942,2630,-1688
117000009,5177,2007,3170
117000010,2505,3277,-772
117000011,2621,1565,1056
117000012,1300,1096,204
117000013,1994,764,1230
117000014,1319,1887,-568
117000015,2527,1277,1250
117000016,203,123,80
117000017,202,104,98
117000018,102,647,-545
117000019,85,3,82
117000020,458,1670,-1212
117000021,1137,394,743
117000022,228,173,55
117000023,103,166,-63
117000024,211,278,-67
117000025,342,1144,-802
117000026,1653,1640,13
117000027,1458,4693,-3235
117000028,1915,2304,-389
117000030,335,390,-55
117000031,388,330,58
117000032,1556,1070,486
117000033,1202,714,488
117000034,353,284,69
117000035,414,338,76
117000036,404,321,83
117000037,338,227,111
117000038,183,517,-334
117000039,444,204,240
117000040,250,872,-622
117000041,1245,175,1070
117000044,15,581,-566
117000045,569,124,445
117000046,427,974,-547
117000047,1372,832,540
117000048,1761,875,886
117000049,93,550,-457
117000050,153,1276,-1123
117000051,2750,99,2651
117000052,55,221,-166
117000053,722,36,686
117000054,2011,13,1998
117000055,9,2244,-2235
117000056,731,35,696
117000057,558,2031,-1473
117000060,470,1023,-553
117000061,2081,944,1137
117000062,275,633,-358
117000063,2070,945,1125
117000064,632,601,31
117000066,678,836,-158
117000067,111,708,-597
117000074,109,267,-158
117000076,79,41,38
117000077,150,173,-23
117000078,162,759,-597
117000079,497,256,241
117000080,1,272,-271
117000081,1170,96,1074
117000082,15,91,-76
117000083,137,14,123
117000084,213,1,212
117000085,301,810,-509
117000086,899,397,502
117000087,82,460,-378
117000088,261,161,100
117000089,2008,274,1734
117000090,331,1043,-712
117000091,1108,235,873
117000092,434,1043,-609
117000093,1535,754,781
117000094,1270,2105,-835
117000095,4503,879,3624
117000096,812,1776,-964
117000097,1973,1092,881
117000098,2312,3104,-792
117000099,4325,1419,2906
117000100,271,357,-86
117000101,242,925,-683
117000102,2342,633,1709
117000103,703,1209,-506
117000104,1894,642,1252
117000105,756,1212,-456
117000106,1527,866,661
117000107,675,1339,-664
117000108,2298,1014,1284
117000109,1310,1839,-529
117000110,1723,1313,410
117000111,3663,3651,12
117000112,3791,1533,2258
117000113,101,196,-95
117000114,278,105,173
117000115,115,67,48
117000116,186,251,-65
117000117,1546,1218,328
117000118,269,122,147
117000119,182,218,-36
117000120,156,622,-466
117000121,53,1099,-1046
117000122,358,791,-433
117000123,1683,43,1640
117000124,295,131,164
117000125,146,132,14
117000126,52,21,31
117000127,145,353,-208
117000128,302,810,-508
117000129,302,801,-499
117000130,173,1,172
117000131,1,119,-118
117000132,4148,75,4073
117000133,2249,35,2214
117000134,2,58,-56
117000135,4,70,-66
117000136,1,19,-18
117000137,172,153,19
117000138,1,606,-605
117000140,460,1174,-714
117000141,1961,591,1370
117000181,442,181,261
117000182,440,780,-340
117000195,172,705,-533
117000196,468,159,309
117000225,100,42,58
117000226,6,130,-124
117000276,435,36,399
117000277,2,244,-242
117000310,1416,2231,-815
117000315,36,747,-711
117000320,99,0,99
117000906,479,15,464
117000907,14,231,-217
117000908,10,60,-50
117000909,62,34,28
117000910,211,183,28
117000911,113,145,-32
117000915,7,424,-417
117000916,44,5,39
117000917,1631,60,1571
117000918,66,69,-3
117000919,4,54,-50
117000920,5,931,-926
117000921,2,987,-985
117000922,21,79,-58
117000924,469,836,-367
117000926,561,109,452
117000927,785,1185,-400
117000928,0,146,-146
117000929,285,244,41
117000930,266,13,253
117000931,198,171,27
117900002,89,370,-281
117900003,595,401,194
117900005,21,52,-31
117900006,2,129,-127
117900007,160,106,54
117900008,0,25,-25
117900010,331,65,266
117900011,26,139,-113
117900012,95,62,33
117900013,4,133,-129
117900014,515,75,440
117900015,39,80,-41
117900016,1037,970,67
117900017,587,216,371
117900018,126,116,10
117900019,594,165,429
117900020,63,505,-442
117900021,37,35,2
117900022,81,17,64
117900023,798,121,677
117900024,30,42,-12
117900025,67,14,53
117900026,547,158,389
117900028,62,3,59
117900029,301,371,-70
117900030,488,242,246
117900031,125,91,34
117900032,1168,701,467
117900033,273,356,-83
117900034,73,17,56
117900035,271,130,141
117900036,240,236,4
117900037,207,139,68
117900038,41,202,-161
117900039,7,34,-27
117900040,174,241,-67
117900041,3,43,-40
117900042,2891,299,2592
117900043,16,36,-20
117900044,22,3108,-3086
117900045,177,107,70
117900048,424,242,182
117900049,193,368,-175
117900050,4,146,-142
117900051,14,2,12
117900052,94,420,-326
117900053,2256,553,1703
117900054,0,36,-36
117900055,358,179,179
117900056,105,93,12
117900057,1155,1106,49
117900058,34,23,11
117900059,237,97,140
117900060,3062,4411,-1349
117900061,16,192,-176
117900063,380,165,215
117900065,857,1166,-309
117900066,20,82,-62
117900067,556,135,421
117900069,813,223,590
117900070,170,35,135
117900071,115,126,-11
117900073,569,243,326
117900074,103,85,18
117900075,71,57,14
117900076,18,29,-11
117900077,557,187,370
117900078,466,976,-510
117900080,103,26,77
117900081,536,380,156
117900082,502,470,32
117900083,460,311,149
117900086,117,31,86
117900087,166,57,109
117900088,2807,1878,929
117900089,2576,903,1673
117900090,469,314,155
117900091,127,171,-44
117900092,113,26,87
117900093,129,29,100
117900094,56,34,22
117900095,320,272,48
117900096,126,223,-97
117900097,455,118,337
117900098,56,16,40
117900099,159,184,-25
117900100,369,6,363
117900101,493,2045,-1552
117900102,87,37,50
117900103,79,2,77
117900104,15,122,-107
117900105,138,187,-49
117900106,104,35,69
117900107,46,0,46
117900109,821,468,353
117900110,138,0,138
117900111,529,47,482
117900112,46,8,38
117900113,1956,1793,163
117900114,45,3,42
117900115,157,93,64
117900116,885,728,157
117900117,710,316,394
117900118,88,4,84
117900119,270,134,136
117900120,275,28,247
117900121,305,93,212
117900122,1098,4654,-3556
117900123,693,311,382
117900124,899,629,270
117900125,2025,2081,-56
117900126,205,483,-278
117900127,480,341,139
117900128,375,457,-82
117900129,112,2,110
117900130,912,422,490
117900131,7,107,-100
117900132,23,84,-61
117900133,16,95,-79
117900134,101,334,-233
117900135,23,133,-110
117900136,0,30,-30
117900137,52,202,-150
117900138,0,36,-36
117900139,187,127,60
117900140,2571,353,2218
117900141,134,190,-56
117900142,52,73,-21
117900144,50,210,-160
117900145,18,45,-27
117900146,160,142,18
117900147,75,72,3
117900148,2301,1844,457
117900149,157,140,17
117900150,26,51,-25
117900151,39,57,-18
117900152,70,71,-1
117900153,15,108,-93
117900154,420,453,-33
117900156,896,678,218
117900157,68,531,-463
117900158,398,196,202
117900160,886,895,-9
117900161,2570,1666,904
117900162,426,374,52
117900163,31,153,-122
117900165,0,11,-11
117900166,99,488,-389
117900168,93,214,-121
117900169,2,114,-112
117900170,1,19,-18
117900171,6,12,-6
117900172,14,23,-9
117900173,168,99,69
117900174,26,63,-37
117900175,7,32,-25
117900176,4,22,-18
117900177,18,37,-19
117900178,150,42,108
117900180,253,83,170
117900181,65,465,-400
117900182,4,76,-72
117900183,96,222,-126
117900184,21,62,-41
117900185,48,44,4
117900186,67,15,52
117900187,32,6,26
117900188,284,63,221
117900189,94,52,42
117900190,28,6,22
117900191,87,2,85
117900192,236,0,236
117900193,26,119,-93
117900194,13,9,4
117900195,68,90,-22
117900196,26,38,-12
117900207,249,151,98
117900208,55,40,15
117900209,190,154,36
117900210,105,228,-123
117900211,4,181,-177
117900212,143,120,23
117900213,17,11,6
117900214,13,27,-14
117900215,28,48,-20
117900216,21,25,-4
117900217,52,343,-291
117900218,155,126,29
117900219,4,129,-125
117900220,93,122,-29
117900222,181,208,-27
117900223,144,308,-164
118000001,943,1117,-174
118000002,812,1627,-815
118000003,1875,3456,-1581
118000004,1782,1667,115
118000005,4014,6310,-2296
118000006,3996,9017,-5021
118000007,3902,4167,-265
118000008,2390,3565,-1175
118000009,1613,3445,-1832
118000010,6477,3625,2852
118000011,1713,1663,50
118000012,1137,1646,-509
118000013,2331,2005,326
118000014,1878,1627,251
118000016,227,231,-4
118000017,421,445,-24
118000018,410,315,95
118000019,1598,1377,221
118000020,1141,3743,-2602
118000021,564,3341,-2777
118000022,1373,839,534
118000023,705,275,430
118000024,1156,1546,-390
118000027,10687,13700,-3013
118000029,764,809,-45
118000032,818,4114,-3296
118000033,2609,6763,-4154
118000034,4329,2493,1836
118000035,1751,3140,-1389
118000036,920,1344,-424
118000037,741,852,-111
118000038,248,80,168
118000039,86,193,-107
118000040,1703,1139,564
118000041,2594,1208,1386
118000045,320,227,93
118000046,1082,744,338
118000047,767,921,-154
118000048,1794,1843,-49
118000051,3434,2113,1321
118000052,2724,1358,1366
118000053,298,675,-377
118000054,1176,1150,26
118000055,1359,1285,74
118000056,170,547,-377
118000057,182,323,-141
118000058,2534,2027,507
118000059,1708,1219,489
118000060,1218,545,673
118000061,1306,1138,168
118000062,651,398,253
118000063,500,595,-95
118000064,791,1186,-395
118000065,2821,1608,1213
118000066,871,1612,-741
118000067,483,628,-145
118000068,1093,4334,-3241
118000069,1778,952,826
118000070,3908,1687,2221
118000071,2770,6406,-3636
118000072,922,1489,-567
118000073,743,617,126
118000074,492,291,201
118000075,555,273,282
118000076,1128,2707,-1579
118000077,1130,1070,60
118000078,1582,2234,-652
118000079,290,538,-248
118000080,823,841,-18
118000081,1644,1226,418
118000082,332,1039,-707
118000083,1580,1504,76
118000084,2483,1738,745
118000086,226,556,-330
118000087,3665,2361,1304
118000088,1529,1583,-54
118000089,3459,2219,1240
118000090,1063,2630,-1567
118000091,944,2797,-1853
118000092,877,516,361
118000093,83,697,-614
118000096,470,596,-126
118000097,790,598,192
118000098,382,169,213
118000099,715,638,77
118000101,1425,346,1079
118000102,403,797,-394
118000107,1188,385,803
118000108,702,2625,-1923
118000110,1,16,-15
118000111,0,196,-196
118000112,601,3,598
118000113,2,330,-328
118000114,514,22,492
118000115,9,5,4
118000116,22,1,21
118000117,795,658,137
118000118,955,1059,-104
118000119,851,1149,-298
118000120,1646,1063,583
118000121,71,539,-468
118000122,1237,355,882
118000123,41,244,-203
118000125,1453,761,692
118000126,817,1638,-821
118000127,1417,754,663
118000128,522,1032,-510
118000129,861,366,495
118000130,1717,2336,-619
118000131,342,487,-145
118000132,2780,2137,643
118000133,1058,332,726
118000135,538,410,128
118000136,149,397,-248
118000137,517,98,419
118000138,409,413,-4
118000139,476,87,389
118000140,3148,5022,-1874
118000141,2583,1530,1053
118000142,2058,1290,768
118000143,2706,1283,1423
118000144,1189,603,586
118000145,2062,1287,775
118000146,1413,629,784
118000147,1034,1068,-34
118000148,468,1073,-605
118000149,1156,801,355
118000150,587,259,328
118000151,657,414,243
118000153,1561,1198,363
118000154,1458,1330,128
118000155,1585,1415,170
118000156,1733,2469,-736
118000157,777,432,345
118000158,233,478,-245
118000159,35,117,-82
118000160,640,410,230
118000161,584,528,56
118000162,1865,719,1146
118000163,1109,818,291
118000164,2033,1319,714
118000168,778,870,-92
118000169,893,828,65
118000170,3131,3491,-360
118000171,382,556,-174
118000172,115,242,-127
118000173,866,1068,-202
118000175,300,434,-134
118000176,305,511,-206
118000177,327,650,-323
118000178,69,33,36
118000179,1098,1608,-510
118000180,919,677,242
118000181,763,300,463
118000182,336,263,73
118000183,235,267,-32
118000184,1109,591,518
118000185,1226,1390,-164
118000186,740,1191,-451
118000187,1578,545,1033
118000188,698,125,573
118000189,855,532,323
118000190,9,9,0
118000191,34,16,18
118000192,54,99,-45
118000193,22,227,-205
118000194,1016,780,236
118000195,455,1111,-656
118000196,220,197,23
118000197,83,146,-63
118000198,341,842,-501
118000199,332,341,-9
118000200,115,307,-192
118000201,331,501,-170
118000202,48,51,-3
118000203,391,599,-208
118000204,96,422,-326
118000205,114,264,-150
118000206,187,179,8
118000207,1,41,-40
118000208,1492,1474,18
118000209,2106,1103,1003
118000210,72,41,31
118000211,27,42,-15
118000213,1486,2017,-531
118000214,452,632,-180
118000215,310,77,233
118000216,2345,2007,338
118000217,29,68,-39
118000218,117,74,43
118000219,447,237,210
118000220,4,39,-35
118000221,337,331,6
118000222,64,8,56
118000223,46,73,-27
118000224,109,74,35
118000225,113,476,-363
118000226,973,193,780
118000227,709,431,278
118000228,124,256,-132
118000229,135,96,39
118000230,173,145,28
118000231,150,167,-17
118000232,847,591,256
118000233,1468,761,707
118000234,604,205,399
118000236,350,266,84
118000237,93,286,-193
118000238,327,136,191
118000239,302,256,46
118000240,247,177,70
118000241,198,127,71
118000242,446,438,8
118000243,319,219,100
118000244,79,94,-15
118000246,0,25,-25
118000255,57,253,-196
118000256,102,169,-67
118000259,10,82,-72
118000260,202,56,146
118000261,32,39,-7
118000263,151,175,-24
118000266,140,206,-66
118000267,0,148,-148
118000268,265,0,265
118000270,81,32,49
118000271,208,166,42
118000272,90,39,51
118000273,216,95,121
118000274,93,216,-123
118000276,598,341,257
118000295,11,177,-166
118000298,171,258,-87
118000299,44,95,-51
118000301,0,59,-59
118000302,111,29,82
118000311,726,82,644
118000312,376,203,173
118000313,87,90,-3
118000314,85,39,46
118000315,48,35,13
118000316,798,476,322
118000325,48,34,14
118000326,52,30,22
118000331,41,42,-1
118000332,18,20,-2
118000333,16,40,-24
118000335,397,0,397
118000336,0,164,-164
118000407,203,64,139
118000457,10,21,-11
118000465,2044,3838,-1794
118000480,62,58,4
118000489,24,401,-377
118000490,13,161,-148
118000492,368,204,164
118000510,34,18,16
118000514,123,269,-146
118000515,776,731,45
118000517,245,136,109
118000524,208,439,-231
118000525,626,659,-33
118000530,29,165,-136
118000531,369,322,47
118000532,267,271,-4
118000533,312,117,195
118000534,580,327,253
118000535,425,119,306
118000536,413,1800,-1387
118000537,21,178,-157
118000538,35,69,-34
118000539,32,99,-67
118000540,313,150,163
118000541,218,64,154
118000542,138,246,-108
118000543,222,204,18
118000546,54,26,28
118000553,0,1,-1
118000557,0,0,0
118000560,1858,2669,-811
118000562,38,125,-87
118000563,1244,983,261
118000576,164,69,95
118000577,127,141,-14
118000578,196,49,147
118000579,477,1184,-707
118000583,0,0,0
118000595,255,85,170
118000596,0,88,-88
118000597,125,82,43
118000598,1,1,0
118000599,44,53,-9
118000600,5,6,-1
118000601,12,0,12
118000602,1,5,-4
118000603,0,16,-16
118900001,470,1135,-665
118900002,815,1072,-257
118900003,501,14,487
118900004,45,40,5
118900005,94,7,87
118900006,199,8,191
118900007,20,1,19
118900008,1580,47,1533
118900009,91,54,37
118900010,75,7,68
118900011,185,31,154
118900012,482,191,291
118900013,442,236,206
118900015,278,55,223
118900016,8,14,-6
118900017,219,303,-84
118900018,865,50,815
118900019,27,27,0
118900020,214,160,54
118900021,194,336,-142
118900022,174,78,96
118900023,198,79,119
118900024,106,129,-23
118900025,32,30,2
118900026,112,77,35
118900027,360,170,190
118900028,227,132,95
118900029,256,279,-23
118900030,399,57,342
118900031,195,91,104
118900032,237,163,74
118900033,419,374,45
118900034,146,35,111
118900035,149,130,19
118900036,1694,761,933
118900037,414,276,138
118900038,499,140,359
118900039,725,165,560
118900040,215,189,26
118900041,721,136,585
118900042,250,82,168
118900045,369,169,200
118900046,763,478,285
118900047,423,308,115
118900048,140,239,-99
118900049,44,30,14
118900050,57,66,-9
118900051,56,96,-40
118900052,318,206,112
118900053,42,89,-47
118900054,153,45,108
118900055,161,57,104
118900056,21,400,-379
118900057,935,555,380
118900058,430,306,124
118900059,15,69,-54
118900060,65,90,-25
118900062,214,189,25
118900064,462,617,-155
118900065,77,149,-72
118900066,95,92,3
118900067,3563,4334,-771
118900068,10,213,-203
118900069,448,203,245
118900071,3,54,-51
118900072,491,305,186
118900073,220,116,104
118900074,177,130,47
118900075,61,47,14
118900076,259,86,173
118900077,335,189,146
118900078,30,6,24
118900079,54,146,-92
118900080,41,71,-30
118900081,56,46,10
118900082,1004,160,844
118900083,60,9,51
118900084,18,23,-5
118900085,857,657,200
118900086,35,103,-68
118900087,23,319,-296
118900088,0,4,-4
118900089,24,24,0
118900090,523,333,190
118900091,195,240,-45
118900092,245,104,141
118900093,112,27,85
118900096,52,23,29
118900097,301,364,-63
118900099,199,205,-6
118900100,162,202,-40
118900101,147,305,-158
118900102,52,92,-40
118900103,95,131,-36
118900104,325,104,221
118900105,165,98,67
118900107,106,47,59
118900108,133,114,19
118900110,1143,790,353
118900111,483,383,100
118900112,116,177,-61
118900113,79,318,-239
118900114,17,67,-50
118900115,176,337,-161
118900116,160,241,-81
118900117,89,169,-80
118900118,322,278,44
118900119,140,179,-39
118900120,87,268,-181
118900121,8,119,-111
118900122,15,1240,-1225
118900123,174,212,-38
118900124,88,164,-76
118900126,23,353,-330
118900129,284,199,85
118900130,59,209,-150
118900131,194,203,-9
118900132,374,209,165
118900133,14,113,-99
118900135,273,209,64
118900136,226,421,-195
118900137,6,42,-36
118900139,202,213,-11
118900140,441,440,1
118900141,97,100,-3
118900144,189,307,-118
118900145,24,129,-105
118900146,440,596,-156
118900147,207,148,59
118900148,95,55,40
118900150,164,476,-312
118900152,617,657,-40
118900157,56,150,-94
118900158,124,43,81
118900159,1,115,-114
118900161,69,7,62
118900163,107,87,20
118900164,4,96,-92
118900165,77,131,-54
118900166,39,2,37
118900167,78,101,-23
118900168,31,189,-158
118900169,124,174,-50
118900170,202,98,104
118900171,43,76,-33
118900174,57,64,-7
118900175,497,513,-16
118900176,199,268,-69
118900177,71,49,22
118900178,65,156,-91
118900179,1,36,-35
118900181,121,105,16
118900182,157,41,116
118900183,35,129,-94
118900184,323,118,205
118900185,126,76,50
118900186,117,125,-8
118900187,246,247,-1
118900188,335,274,61
118900189,43,959,-916
118900190,20,209,-189
118900191,222,50,172
118900192,315,14,301
118900193,754,6,748
118900195,260,543,-283
118900196,36,113,-77
118900197,209,48,161
118900198,51,15,36
118900199,157,26,131
118900200,25,26,-1
118900201,47,65,-18
118900202,15,47,-32
118900203,24,27,-3
118900204,19,28,-9
118900205,4,12,-8
118900206,4,12,-8
119000001,1375,1719,-344
119000002,4824,3073,1751
119000003,3496,935,2561
119000004,2509,1330,1179
119000005,1921,2009,-88
119000006,2884,1485,1399
119000007,3536,3546,-10
119000008,1783,1640,143
119000009,3573,5507,-1934
119000010,5564,4366,1198
119000011,3579,3158,421
119000012,2348,3694,-1346
119000013,2823,1811,1012
119000014,1458,2292,-834
119000019,338,152,186
119000020,2438,1504,934
119000021,4880,2525,2355
119000022,2184,2989,-805
119000023,218,284,-66
119000024,1871,13540,-11669
119000025,4513,1275,3238
119000026,149,519,-370
119000027,175,464,-289
119000028,1489,697,792
119000029,118,314,-196
119000030,589,845,-256
119000031,953,674,279
119000032,2110,2283,-173
119000033,2296,1197,1099
119000034,1121,853,268
119000035,33,235,-202
119000036,2203,710,1493
119000037,1335,1252,83
119000038,167,564,-397
119000039,413,347,66
119000040,723,705,18
119000041,716,1142,-426
119000048,2592,2077,515
119000049,2149,1538,611
119000050,1417,1509,-92
119000051,1881,910,971
119000052,1601,2303,-702
119000053,2026,1133,893
119000054,3454,2114,1340
119000055,5359,2575,2784
119000056,3244,1773,1471
119000057,1575,1480,95
119000058,2054,1351,703
119000059,1288,1284,4
119000060,1747,1182,565
119000061,1101,655,446
119000062,1260,1269,-9
119000063,674,479,195
119000064,832,994,-162
119000065,1858,2953,-1095
119000066,2536,1159,1377
119000067,1628,1615,13
119000068,1908,904,1004
119000069,1642,1814,-172
119000070,3203,771,2432
119000071,490,644,-154
119000072,4770,2542,2228
119000073,5240,7235,-1995
119000074,1485,1657,-172
119000075,3023,2004,1019
119000076,435,920,-485
119000077,886,491,395
119000078,470,166,304
119000079,199,504,-305
119000080,511,192,319
119000081,305,404,-99
119000082,1044,243,801
119000083,696,411,285
119000084,277,406,-129
119000085,605,180,425
119000086,430,535,-105
119000087,1365,694,671
119000088,466,229,237
119000089,102,212,-110
119000090,167,114,53
119000091,102,455,-353
119000092,471,210,261
119000093,3145,2025,1120
119000094,3727,4677,-950
119000095,2067,2225,-158
119000097,1935,1044,891
119000098,1036,3532,-2496
119000099,2495,1381,1114
119000100,4590,2994,1596
119000101,4622,1948,2674
119000102,762,1099,-337
119000103,1389,662,727
119000104,2054,1070,984
119000105,1125,2354,-1229
119000106,326,867,-541
119000107,1272,455,817
119000108,376,708,-332
119000109,124,624,-500
119000110,472,476,-4
119000111,47,782,-735
119000112,220,154,66
119000113,1993,344,1649
119000114,1148,1128,20
119000115,180,159,21
119000116,81,92,-11
119000117,221,365,-144
119000118,5,0,5
119000123,3545,1810,1735
119000124,875,209,666
119000125,4528,639,3889
119000126,1598,636,962
119000127,601,381,220
119000128,17,1,16
119000131,1006,454,552
119000132,8,2,6
119000133,1,13,-12
119000134,1600,465,1135
119000135,144,158,-14
119000136,278,121,157
119000137,277,224,53
119000138,524,244,280
119000139,326,166,160
119000140,322,314,8
119000284,1180,2499,-1319
119000285,1873,1783,90
119000286,5666,4676,990
119000287,1295,1726,-431
119000288,1929,1106,823
119000289,1448,2273,-825
119000290,216,345,-129
119000291,4,165,-161
119000293,133,185,-52
119000294,54,38,16
119000295,1143,303,840
119000296,372,145,227
119000299,0,0,0
119000302,1438,1151,287
119000303,43,139,-96
119000314,1567,11158,-9591
119000315,3,288,-285
119000316,149,83,66
119000317,132,144,-12
119900001,255,1232,-977
119900002,217,254,-37
119900003,34,681,-647
119900004,249,1439,-1190
119900005,249,81,168
119900006,295,424,-129
119900007,1285,273,1012
119900008,98,54,44
119900009,660,605,55
119900010,1201,1217,-16
119900011,21,145,-124
119900012,15,131,-116
119900013,2074,1388,686
119900014,462,214,248
119900015,176,50,126
119900016,75,64,11
119900017,71,39,32
119900018,1715,1105,610
119900019,68,9,59
119900020,200,165,35
119900021,245,108,137
119900022,118,974,-856
119900023,504,1870,-1366
119900025,275,16,259
119900026,634,141,493
119900027,127,14,113
119900028,303,179,124
119900029,2,11,-9
119900030,769,449,320
119900031,51,531,-480
119900033,1890,370,1520
119900034,500,102,398
119900037,197,32,165
119900038,50,390,-340
119900039,107,14,93
119900040,161,21,140
119900041,145,29,116
119900042,269,183,86
119900043,119,91,28
119900044,199,1012,-813
119900046,179,49,130
119900047,439,92,347
119900048,34,31,3
119900049,171,9,162
119900050,189,152,37
119900051,716,10,706
119900052,84,37,47
119900053,316,115,201
119900054,189,16,173
119900055,1559,434,1125
119900057,290,68,222
119900058,312,3,309
119900059,131,44,87
119900060,345,23,322
119900062,116,27,89
119900063,9,72,-63
119900065,254,7,247
119900066,0,1,-1
119900067,120,21,99
119900068,694,4,690
119900069,160,41,119
119900070,1131,9,1122
119900071,1028,20,1008
119900073,1443,528,915
119900074,52,37,15
119900075,3338,2387,951
119900076,809,250,559
119900077,1051,671,380
119900078,774,706,68
119900079,321,131,190
119900080,1860,1110,750
119900081,436,32,404
119900082,1457,166,1291
119900083,388,105,283
119900084,758,368,390
119900085,48,45,3
119900087,598,384,214
119900088,41,31,10
119900089,40,355,-315
119900090,113,48,65
119900091,60,621,-561
119900092,158,377,-219
119900093,1247,217,1030
119900094,47,201,-154
119900095,230,122,108
119900096,32,120,-88
119900097,484,184,300
119900098,63,74,-11
119900099,46,203,-157
119900100,1608,2712,-1104
119900101,193,1575,-1382
119900102,41,232,-191
119900103,51,257,-206
119900104,54,172,-118
119900105,1204,2937,-1733
119900106,17,131,-114
119900107,314,1864,-1550
119900108,3532,670,2862
119900109,22,155,-133
119900110,785,499,286
119900111,152,208,-56
119900112,968,547,421
119900113,72,225,-153
119900114,345,911,-566
119900115,435,681,-246
119900116,160,406,-246
119900117,300,451,-151
119900118,147,548,-401
119900119,316,191,125
119900120,820,561,259
119900121,460,709,-249
119900122,418,285,133
119900123,274,247,27
119900124,214,559,-345
119900125,49,287,-238
119900126,3433,416,3017
119900127,1646,944,702
119900128,497,545,-48
119900129,231,374,-143
119900130,17,205,-188
119900131,66,156,-90
119900132,1,174,-173
119900133,81,90,-9
119900134,1101,215,886
119900135,3,243,-240
119900136,203,269,-66
119900138,302,497,-195
119900139,23,128,-105
119900140,10,117,-107
119900141,96,703,-607
119900142,25,37,-12
119900143,22,167,-145
119900144,1218,218,1000
119900145,87,136,-49
119900146,220,237,-17
119900147,2,167,-165
119900148,340,57,283
119900149,825,5135,-4310
119900150,177,121,56
119900151,1801,952,849
119900152,117,252,-135
119900153,221,57,164
119900154,11,159,-148
119900155,59,36,23
119900156,20,3,17
119900157,128,175,-47
119900158,283,72,211
119900159,3,972,-969
119900160,45,117,-72
119900161,188,141,47
119900162,1233,1314,-81
119900163,119,161,-42
119900164,3,0,3
119900165,166,185,-19
119900166,140,93,47
119900167,80,57,23
119900168,1170,508,662
119900169,121,363,-242
119900170,205,331,-126
119900171,1030,351,679
119900172,169,34,135
119900173,5,317,-312
119900174,22,192,-170
119900175,1805,627,1178
119900177,28,168,-140
119900178,14,129,-115
119900179,115,682,-567
119900180,1216,879,337
119900181,71,127,-56
119900182,5,253,-248
119900183,137,522,-385
119900184,1505,372,1133
119900185,77,260,-183
119900186,56,1139,-1083
119900187,19,298,-279
119900188,120,317,-197
119900189,400,473,-73
119900190,87,298,-211
119900191,292,277,15
119900192,91,163,-72
119900193,484,207,277
119900194,48,99,-51
119900195,125,177,-52
119900196,1035,412,623
119900197,307,144,163
119900198,138,190,-52
119900199,151,25,126
119900200,812,692,120
119900201,348,196,152
119900202,152,308,-156
119900203,208,603,-395
119900204,316,220,96
119900205,972,426,546
119900206,242,129,113
119900208,267,131,136
119900209,623,1539,-916
119900210,36,29,7
119900211,75,10,65
119900212,360,268,92
119900213,11,69,-58
119900214,51,47,4
119900215,41,48,-7
119900216,6,43,-37
119900217,12,64,-52
119900218,25,56,-31
119900219,10,92,-82
119900220,2,99,-97
119900221,24,171,-147
119900222,18,159,-141
119900223,32,43,-11
119900224,16,10,6
119900225,754,45,709
119900226,551,2149,-1598
119900227,745,343,402
119900228,120,225,-105
119900229,367,428,-61
119900230,1181,530,651
119900231,385,194,191
119900232,281,110,171
119900233,80,9,71
119900234,14,83,-69
119900235,16,62,-46
119900236,24,187,-163
119900237,68,440,-372
119900238,31,63,-32
119900240,108,113,-5
119900241,161,237,-76
119900242,1270,1738,-468
119900244,759,1272,-513
119900245,156,194,-38
119900246,342,720,-378
119900247,32,144,-112
119900248,112,279,-167
119900249,275,127,148
119900253,1793,319,1474
119900254,104,865,-761
119900255,124,767,-643
119900256,1016,801,215
119900257,94,5,89
119900258,175,8,167
119900259,6,104,-98
119900260,251,19,232
119900261,340,129,211
119900262,1,186,-185
119900263,1178,322,856
119900264,135,117,18
119900265,489,288,201
119900266,436,252,184
119900267,245,406,-161
119900268,240,121,119
119900269,1054,879,175
119900271,34,81,-47
119900272,388,258,130
119900275,228,93,135
119900276,73,1,72
119900277,12,3,9
119900278,328,141,187
119900279,215,331,-116
119900280,569,144,425
119900281,4,290,-286
119900282,67,109,-42
119900283,17,174,-157
119900284,53,192,-139
119900285,16,73,-57
119900286,4,16,-12
119900288,8,15,-7
119900289,0,21,-21
119900290,5,8,-3
119900291,0,72,-72
119900292,53,35,18
119900293,43,8,35
119900294,30,0,30
119900295,0,0,0
119900296,0,0,0
119900299,62,146,-84
119900300,257,152,105
119900301,97,194,-97
119900302,135,124,11
119900303,330,172,158
119900304,247,44,203
119900305,15,106,-91
119900306,33,2,31
119900307,63,87,-24
119900308,8,19,-11
119900309,69,167,-98
119900310,254,216,38
119900311,153,87,66
119900312,129,66,63
119900313,284,276,8
119900314,243,422,-179
119900315,2475,1662,813
119900318,28,46,-18
119900319,0,208,-208
119900320,400,398,2
119900321,129,5,124
119900322,12,78,-66
119900323,2,111,-109
119900324,3,32,-29
119900325,262,233,29
119900326,46,110,-64
120000001,5861,17752,-11891
120000002,2610,2306,304
120000003,2751,1377,1374
120000004,2379,1535,844
120000005,3163,1917,1246
120000006,1359,1109,250
120000007,2999,2935,64
120000008,925,1178,-253
120000009,2064,926,1138
120000010,1936,2063,-127
120000011,1110,1221,-111
120000012,1679,2126,-447
120000013,3312,2835,477
120000014,772,1325,-553
120000015,2649,1492,1157
120000016,4162,2392,1770
120000017,3914,2770,1144
120000018,3334,13812,-10478
120000019,1072,1537,-465
120000020,2891,3360,-469
120000021,1854,2371,-517
120000022,2691,3846,-1155
120000023,1155,1589,-434
120000024,1487,2378,-891
120000025,2679,1854,825
120000026,2507,1620,887
120000027,2286,2172,114
120000028,742,1321,-579
120000029,2380,1414,966
120000030,1031,958,73
120000031,2186,5959,-3773
120000032,6752,3479,3273
120000033,5247,1644,3603
120000034,2577,1537,1040
120000035,2326,1748,578
120000036,3225,4955,-1730
120000037,660,1585,-925
120000038,4958,3939,1019
120000039,692,882,-190
120000040,162,692,-530
120000041,1103,1221,-118
120000042,2034,2139,-105
120000043,5378,1362,4016
120000044,5974,1530,4444
120000045,6468,951,5517
120000046,4108,2905,1203
120000047,833,6196,-5363
120000048,6160,3860,2300
120000049,3614,2755,859
120000050,3860,3536,324
120000051,2603,4006,-1403
120000052,7006,2248,4758
120000053,1508,1635,-127
120000054,1384,3115,-1731
120000055,1783,3927,-2144
120000056,5222,3731,1491
120000057,3958,943,3015
120000058,2323,1010,1313
120000059,7,1608,-1601
120000061,120,621,-501
120000062,176,343,-167
120000063,1314,2208,-894
120000064,250,914,-664
120000065,715,1120,-405
120000066,367,487,-120
120000067,68,471,-403
120000068,243,729,-486
120000069,636,836,-200
120000070,130,603,-473
120000071,747,121,626
120000072,989,367,622
120000073,1137,105,1032
120000074,199,124,75
120000075,1214,334,880
120000076,2858,403,2455
120000077,2366,692,1674
120000078,3754,1317,2437
120000079,283,135,148
120000080,154,186,-32
120000081,386,123,263
120000082,247,228,19
120000083,107,669,-562
120000084,368,367,1
120000085,337,336,1
120000086,320,432,-112
120000087,269,469,-200
120000088,857,1013,-156
120000089,1253,638,615
120000090,794,545,249
120000091,1072,960,112
120000092,1296,554,742
120000093,645,478,167
120000094,225,632,-407
120000095,1201,352,849
120000096,327,589,-262
120000098,1054,796,258
120000099,541,718,-177
120000100,1032,753,279
120000101,684,476,208
120000102,748,992,-244
120000103,1780,1020,760
120000104,2396,632,1764
120000105,3704,785,2919
120000106,3242,718,2524
120000107,5225,724,4501
120000108,1725,193,1532
120000109,1366,101,1265
120000110,81,832,-751
120000111,157,852,-695
120000112,813,2032,-1219
120000113,666,1472,-806
120000114,943,1758,-815
120000115,313,1679,-1366
120000116,646,1528,-882
120000117,961,1163,-202
120000118,81,58,23
120000119,16,57,-41
120000120,124,117,7
120000121,22,75,-53
120000122,188,522,-334
120000123,3366,7129,-3763
120000124,515,368,147
120000125,571,627,-56
120000126,383,1082,-699
120000127,2198,1125,1073
120000128,2769,4171,-1402
120000129,169,241,-72
120000130,795,425,370
120000131,425,660,-235
120000134,410,690,-280
120000135,727,630,97
120000137,299,802,-503
120000138,1293,485,808
120000139,385,495,-110
120000140,1251,557,694
120000141,770,335,435
120000142,1102,618,484
120000143,2,80,-78
120000144,150,3,147
120000145,502,1,501
120000146,945,909,36
120000149,803,986,-183
120000150,2584,11839,-9255
120000151,496,373,123
120000152,748,170,578
120000153,329,461,-132
120000154,470,527,-57
120000155,130,243,-113
120000156,572,1368,-796
120000157,1157,550,607
120000158,1123,691,432
120000159,1905,2147,-242
120000160,2561,1547,1014
120000161,2700,2301,399
120000162,84,301,-217
120000163,873,1071,-198
120000164,779,289,490
120000165,774,601,173
120000166,1984,445,1539
120000167,173,197,-24
120000168,15,697,-682
120000169,53,1956,-1903
120000170,29,1181,-1152
120000171,20,401,-381
120000172,17,343,-326
120000173,1100,1537,-437
120000174,206,74,132
120000175,205,38,167
120000176,187,47,140
120000177,1211,128,1083
120000178,32,12,20
120000179,120,39,81
120000180,522,85,437
120000181,126,1712,-1586
120000182,66,587,-521
120000183,6,365,-359
120000184,140,1472,-1332
120000186,32,758,-726
120000187,26,316,-290
120000188,64,500,-436
120000190,469,82,387
120000191,501,88,413
120000192,729,32,697
120000193,283,5,278
120000195,44,9,35
120000196,267,28,239
120000197,82,59,23
120000198,224,60,164
120000199,112,0,112
120000200,78,2,76
120000201,9,35,-26
120000202,3,39,-36
120000203,74,163,-89
120000207,1,41,-40
120000208,7,192,-185
120000209,10,71,-61
120000210,61,49,12
120000211,234,6,228
120000212,289,1,288
120000213,254,233,21
120000214,2,206,-204
120000215,2,119,-117
120000216,158,15,143
120000217,546,1035,-489
120000218,105,544,-439
120000219,5,300,-295
120000220,5,976,-971
120000225,2119,6,2113
120000226,532,8,524
120000227,1103,83,1020
120000228,10324,4123,6201
120000230,520,40,480
120000231,1743,1914,-171
120000233,511,3,508
120000235,320,549,-229
120000236,1408,5,1403
120000237,1,985,-984
120000238,2,813,-811
120000241,1261,3749,-2488
120000412,592,15,577
120000413,324,230,94
120000414,148,1,147
120000415,0,85,-85
120000416,145,3,142
120000417,11,67,-56
120000418,232,23,209
120000419,11,140,-129
120000420,48,14,34
120000421,7833,5182,2651
120000422,109,1796,-1687
120000423,3,83,-80
120000424,168,113,55
120000436,136,791,-655
120000437,134,104,30
120000438,1746,232,1514
120000439,234,652,-418
120000443,275,2,273
120000444,1820,406,1414
120000445,2010,1111,899
120000446,627,200,427
120000447,286,1,285
120000449,130,8,122
120000450,19,134,-115
120000451,116,281,-165
120000452,442,3,439
120000453,1,210,-209
120000454,54,66,-12
120000455,93,46,47
120000456,1985,4238,-2253
120000457,908,379,529
120000458,561,597,-36
120000459,110,40,70
120000665,833,227,606
120000668,115,1015,-900
120000669,140,159,-19
120000670,161,783,-622
120000671,1469,578,891
120000672,81,582,-501
120900001,81,146,-65
120900002,270,598,-328
120900003,189,41,148
120900004,43,96,-53
120900005,4,608,-604
120900006,569,288,281
120900007,251,75,176
120900008,345,901,-556
120900009,587,38,549
120900010,566,142,424
120900011,280,234,46
120900012,212,1505,-1293
120900013,440,184,256
120900014,5,369,-364
120900015,1052,75,977
120900016,1188,83,1105
120900017,1820,88,1732
120900018,196,327,-131
120900019,837,356,481
120900020,816,1663,-847
120900021,946,266,680
120900022,37,253,-216
120900023,399,40,359
120900024,2111,570,1541
120900025,1424,1067,357
120900026,194,222,-28
120900027,1135,26,1109
120900028,515,148,367
120900029,134,582,-448
120900030,1608,851,757
120900031,357,141,216
120900032,1386,88,1298
120900033,1443,139,1304
120900034,31,2686,-2655
120900035,35,76,-41
120900037,346,10,336
120900038,197,360,-163
120900039,141,77,64
120900040,535,9,526
120900041,135,32,103
120900042,651,58,593
120900043,75,63,12
120900044,15,362,-347
120900045,163,95,68
120900046,623,7,616
120900047,209,144,65
120900048,163,36,127
120900049,691,2,689
120900050,1547,1773,-226
120900051,416,126,290
120900052,876,6,870
120900053,458,79,379
120900054,1664,518,1146
120900055,542,2,540
120900056,642,37,605
120900057,234,10,224
120900058,720,6,714
120900059,140,2,138
120900060,127,40,87
120900061,217,211,6
120900062,382,3,379
120900063,782,5,777
120900064,927,1,926
120900065,640,1,639
120900066,444,213,231
120900067,193,73,120
120900068,387,4,383
120900069,293,25,268
120900071,38,1,37
120900072,953,7,946
120900073,709,95,614
120900074,812,14,798
120900076,479,2,477
120900077,2135,357,1778
120900078,952,706,246
120900079,999,98,901
120900080,1019,1104,-85
120900081,1361,696,665
120900082,493,497,-4
120900083,103,7,96
120900084,493,479,14
120900085,85,135,-50
120900086,90,352,-262
120900087,566,400,166
120900088,225,551,-326
120900089,2285,3592,-1307
120900090,320,124,196
120900091,746,953,-207
120900092,1081,414,667
120900093,1560,139,1421
120900094,494,161,333
120900095,333,13,320
120900096,60,180,-120
120900097,770,576,194
120900098,290,157,133
120900099,93,74,19
120900100,93,179,-86
120900101,521,248,273
120900102,50,67,-17
120900103,68,219,-151
120900104,38,61,-23
120900105,42,337,-295
120900106,1134,452,682
120900107,248,130,118
120900108,7,330,-323
120900109,60,403,-343
120900110,16,590,-574
120900111,223,324,-101
120900112,18,651,-633
120900113,16,546,-530
120900114,54,158,-104
120900115,168,282,-114
120900116,551,339,212
120900117,8,360,-352
120900118,12,601,-589
120900119,6490,4192,2298
120900120,106,426,-320
120900121,192,427,-235
120900122,809,326,483
120900123,1,301,-300
120900124,4,452,-448
120900125,7,462,-455
120900126,1390,895,495
120900127,15,379,-364
120900128,1078,1233,-155
120900129,56,199,-143
120900130,2,220,-218
120900131,92,67,25
120900132,1146,168,978
120900133,221,671,-450
120900134,653,351,302
120900135,12,391,-379
120900136,49,57,-8
120900137,385,108,277
120900138,14,191,-177
120900139,1,436,-435
120900140,9,88,-79
120900141,230,222,8
120900142,14,385,-371
120900143,4,589,-585
120900144,0,118,-118
120900145,152,568,-416
120900146,3,745,-742
120900147,10,443,-433
120900148,143,203,-60
120900149,1,234,-233
120900150,43,383,-340
120900151,1,457,-456
120900152,14,40,-26
120900153,71,138,-67
120900154,0,160,-160
120900155,224,796,-572
120900156,102,326,-224
120900157,77,393,-316
120900158,91,526,-435
120900159,258,593,-335
120900160,35,558,-523
120900161,64,483,-419
120900162,103,674,-571
120900163,125,1026,-901
120900164,8,61,-53
120900165,7,188,-181
120900166,240,584,-344
120900167,382,164,218
120900169,101,205,-104
120900170,745,3273,-2528
120900171,954,188,766
120900172,570,1472,-902
120900173,0,36,-36
120900174,16,116,-100
120900175,275,111,164
120900176,12,423,-411
120900177,4,1468,-1464
120900178,0,493,-493
120900179,731,465,266
120900180,68,211,-143
120900181,177,27,150
120900182,31,341,-310
120900183,602,59,543
120900184,333,82,251
120900185,14,540,-526
120900186,2,283,-281
120900187,667,1065,-398
120900188,271,12,259
120900189,84,1820,-1736
120900190,146,6,140
120900191,16,16,0
120900192,6892,9620,-2728
120900194,83,102,-19
120900195,101,378,-277
120900196,990,54,936
120900197,915,164,751
120900198,348,446,-98
120900199,461,518,-57
120900200,93,138,-45
120900201,534,150,384
120900202,2,114,-112
120900203,49,91,-42
120900204,138,167,-29
120900205,76,49,27
120900206,40,47,-7
120900207,84,1106,-1022
121000001,630,981,-351
121000002,2155,1178,977
121000003,2989,1612,1377
121000004,2216,3446,-1230
121000005,1578,2408,-830
121000006,3118,1850,1268
121000007,2291,2597,-306
121000008,4692,3845,847
121000009,4698,5263,-565
121000010,7494,6203,1291
121000011,7972,12167,-4195
121000012,15298,10930,4368
121000013,4307,6465,-2158
121000014,5794,4923,871
121000015,3626,6462,-2836
121000016,3690,3049,641
121000017,2336,3746,-1410
121000018,3177,1738,1439
121000019,14619,12184,2435
121000020,13084,19087,-6003
121000021,3046,2571,475
121000022,3151,3535,-384
121000023,3854,2859,995
121000024,5392,5437,-45
121000025,552,1261,-709
121000026,414,167,247
121000027,1410,1202,208
121000028,1002,519,483
121000029,970,662,308
121000030,737,418,319
121000031,636,625,11
121000032,230,139,91
121000034,339,229,110
121000035,134,141,-7
121000036,903,786,117
121000037,644,484,160
121000038,479,1076,-597
121000039,316,478,-162
121000041,618,523,95
121000042,334,391,-57
121000043,567,496,71
121000044,1329,994,335
121000045,545,335,210
121000046,822,926,-104
121000047,33,109,-76
121000049,1119,579,540
121000050,301,1129,-828
121000051,588,273,315
121000052,482,594,-112
121000053,304,116,188
121000054,39,375,-336
121000055,1089,1105,-16
121000056,716,948,-232
121000057,207,518,-311
121000058,316,182,134
121000059,2044,1225,819
121000060,472,1075,-603
121000061,82,391,-309
121000062,136,372,-236
121000063,1027,807,220
121000064,798,853,-55
121000065,263,402,-139
121000066,650,549,101
121000067,429,630,-201
121000068,784,409,375
121000069,399,888,-489
121000070,1851,1169,682
121000071,1689,1317,372
121000072,1210,711,499
121000073,1168,960,208
121000074,114,166,-52
121000075,50,415,-365
121000076,574,395,179
121000077,155,205,-50
121000078,73,149,-76
121000080,1832,540,1292
121000081,3958,3213,745
121000082,110,203,-93
121000083,162,100,62
121000084,162,174,-12
121000085,239,461,-222
121000086,398,604,-206
121000087,87,305,-218
121000088,628,542,86
121000089,331,538,-207
121000090,436,385,51
121000091,1366,1127,239
121000092,204,82,122
121000093,194,225,-31
121000094,526,801,-275
121000095,335,600,-265
121000096,2578,2314,264
121000097,795,2597,-1802
121000098,755,796,-41
121000099,861,705,156
121000100,1140,413,727
121000101,545,265,280
121000102,352,262,90
121000103,258,221,37
121000104,300,115,185
121000105,596,235,361
121000106,417,355,62
121000107,1988,2856,-868
121000109,1126,1045,81
121000110,319,683,-364
121000114,2742,1884,858
121000115,1183,544,639
121000116,240,833,-593
121000117,480,244,236
121000118,1775,233,1542
121000119,362,466,-104
121000120,326,415,-89
121000121,586,1257,-671
121000123,1682,729,953
121000126,91,288,-197
121000127,189,89,100
121000128,1135,407,728
121000129,1347,582,765
121000130,794,742,52
121000131,1890,2094,-204
121000132,1456,2323,-867
121000135,531,1089,-558
121000136,1210,1130,80
121000137,507,398,109
121000138,977,1276,-299
121000139,507,478,29
121000141,284,191,93
121000142,723,977,-254
121000143,187,50,137
121000144,873,2042,-1169
121000145,569,796,-227
121000146,1520,1054,466
121000147,1335,533,802
121000148,973,854,119
121000149,2353,1360,993
121000152,395,381,14
121000153,1750,576,1174
121000154,1186,578,608
121000155,1448,878,570
121000156,428,970,-542
121000157,847,1469,-622
121000158,455,413,42
121000159,225,338,-113
121000160,303,316,-13
121000161,243,304,-61
121000162,150,149,1
121000165,1316,2121,-805
121000166,21,422,-401
121000168,549,241,308
121000169,105,127,-22
121000170,408,86,322
121000171,54,144,-90
121000172,821,543,278
121000173,1358,1168,190
121000174,482,480,2
121000175,1132,326,806
121000176,362,241,121
121000177,945,595,350
121000178,157,37,120
121000179,145,57,88
121000181,617,356,261
121000182,202,233,-31
121000183,107,158,-51
121000184,264,159,105
121000185,58,215,-157
121000186,257,624,-367
121000187,223,140,83
121000188,217,126,91
121000192,1097,370,727
121000193,623,486,137
121000194,2048,1836,212
121000195,202,781,-579
121000196,609,174,435
121000197,167,601,-434
121000198,199,94,105
121000199,118,279,-161
121000200,623,85,538
121000201,6,168,-162
121000202,914,185,729
121000203,1009,1616,-607
121000204,3202,690,2512
121000205,138,269,-131
121000206,147,84,63
121000207,2383,464,1919
121000208,9,235,-226
121000209,526,164,362
121000210,866,301,565
121000211,408,107,301
121000212,687,461,226
121000213,9145,2661,6484
121000214,755,1894,-1139
121000215,913,883,30
121000216,495,526,-31
121000217,4101,2820,1281
121000218,392,1311,-919
121000219,1323,455,868
121000220,175,91,84
121000221,120,270,-150
121000222,2488,2462,26
121000223,357,390,-33
121000224,217,274,-57
121000225,994,2793,-1799
121000226,2102,1218,884
121000227,12,139,-127
121000228,25,449,-424
121000229,451,327,124
121000230,82,1161,-1079
121000231,1164,48,1116
121000232,361,343,18
121000233,582,287,295
121000234,15,31,-16
121000235,93,83,10
121000236,9,39,-30
121000237,62,22,40
121000238,9,96,-87
121000239,46,3,43
121000240,11,235,-224
121000241,110,22,88
121000242,57,465,-408
121000243,321,108,213
121000244,10,83,-73
121000245,56,25,31
121000246,1,93,-92
121000247,112,6,106
121000248,651,641,10
121000249,95,285,-190
121000250,664,266,398
121000251,27,340,-313
121000252,102,71,31
121000253,370,376,-6
121000254,843,208,635
121000255,103,268,-165
121000256,295,273,22
121000257,23,91,-68
121000258,63,99,-36
121000259,50,57,-7
121000260,74,85,-11
121000261,67,53,14
121000262,973,721,252
121000263,483,349,134
121000271,351,1254,-903
121000273,53,10,43
121000274,9,82,-73
121000275,3,32,-29
121000276,10,42,-32
121000278,76,31,45
121000279,22,25,-3
121000280,48,78,-30
121000289,249,21,228
121000290,955,865,90
121000294,243,80,163
121000297,655,1086,-431
121000299,84,580,-496
121000300,623,560,63
121000302,29,965,-936
121000303,478,273,205
121000304,492,74,418
121000305,195,45,150
121000306,101,126,-25
121000308,188,274,-86
121000309,358,410,-52
121000310,146,256,-110
121000311,78,581,-503
121000312,344,242,102
121000313,286,444,-158
121000314,114,161,-47
121000315,32,89,-57
121000530,1787,1148,639
121000531,1959,1300,659
121000532,6762,7802,-1040
121000533,3450,3556,-106
121000918,39,99,-60
121000919,41,91,-50
121000938,61,124,-63
121000939,38,241,-203
121000956,1661,992,669
121000957,5,8,-3
121000958,39,58,-19
121000959,1087,509,578
121000960,1533,1469,64
121000961,315,53,262
121000962,344,450,-106
121000973,2,167,-165
121000976,18,207,-189
121000979,516,196,320
121000981,310,126,184
121000982,440,132,308
121000983,536,322,214
121000984,40,84,-44
121000985,858,413,445
121000986,480,153,327
121000987,237,578,-341
121000988,978,121,857
121001302,273,128,145
121001308,2,22,-20
121001309,34,128,-94
121001311,0,0,0
121001313,220,147,73
121001314,1664,2305,-641
121001315,5192,3110,2082
121001318,0,0,0
121900001,118,149,-31
121900002,34,47,-13
121900003,421,15,406
121900004,70,426,-356
121900005,32,15,17
121900006,143,20,123
121900007,1768,1706,62
121900008,769,619,150
121900009,557,30,527
121900010,260,8,252
121900011,402,359,43
121900012,15,0,15
121900013,1001,66,935
121900014,1169,379,790
121900015,207,174,33
121900016,3,46,-43
121900017,651,382,269
121900018,408,8,400
121900019,507,244,263
121900020,20,1,19
121900021,1169,17,1152
121900022,345,227,118
121900023,162,267,-105
121900024,309,87,222
121900025,725,403,322
121900026,369,41,328
121900027,582,243,339
121900028,226,12,214
121900029,150,253,-103
121900030,498,518,-20
121900031,962,6453,-5491
121900032,124,57,67
121900033,216,258,-42
121900034,291,75,216
121900035,2909,2404,505
121900036,107,280,-173
121900037,165,1029,-864
121900038,52,154,-102
121900039,384,63,321
121900040,104,123,-19
121900041,198,205,-7
121900042,487,139,348
121900043,1,5,-4
121900044,121,81,40
121900046,263,295,-32
121900047,218,70,148
121900048,74,120,-46
121900050,42,53,-11
121900051,175,229,-54
121900052,211,38,173
121900053,583,361,222
121900054,448,895,-447
121900055,0,5,-5
121900058,306,119,187
121900059,439,195,244
121900060,179,402,-223
121900061,177,152,25
121900062,159,138,21
121900063,1618,649,969
121900064,272,506,-234
121900066,73,25,48
121900067,56,25,31
121900069,170,114,56
121900070,166,185,-19
121900071,391,273,118
121900072,31,117,-86
121900073,306,223,83
121900074,610,1158,-548
121900075,434,523,-89
121900076,447,606,-159
121900077,15,23,-8
121900078,140,57,83
121900079,0,0,0
121900080,895,425,470
121900082,65,80,-15
121900084,32,125,-93
121900085,0,9,-9
121900086,28,73,-45
121900087,107,127,-20
121900088,1725,3075,-1350
121900089,248,239,9
121900090,43,71,-28
121900091,74,64,10
121900092,65,128,-63
121900093,94,66,28
121900094,15,7,8
121900095,340,211,129
121900096,1305,786,519
121900097,762,243,519
121900098,12,2,10
121900099,270,52,218
121900100,226,528,-302
121900101,223,118,105
121900102,3,148,-145
121900103,468,211,257
121900104,1701,291,1410
121900105,357,264,93
121900106,7,10,-3
121900107,60,29,31
121900108,0,16,-16
121900109,247,149,98
121900110,635,580,55
121900111,702,329,373
121900112,119,130,-11
121900113,55,490,-435
121900114,70,83,-13
121900117,191,177,14
121900118,1657,605,1052
121900119,256,78,178
121900120,44,1143,-1099
121900121,394,42,352
121900122,33,78,-45
121900123,286,376,-90
121900124,202,143,59
121900125,1558,979,579
121900127,14,74,-60
121900128,69,112,-43
121900129,457,183,274
121900130,135,176,-41
121900131,226,86,140
121900132,65,73,-8
121900133,62,1168,-1106
121900134,32,138,-106
121900135,2813,362,2451
121900136,475,295,180
121900137,42,319,-277
121900138,135,168,-33
121900139,277,597,-320
121900140,72,187,-115
121900141,78,36,42
121900142,144,129,15
121900143,28,194,-166
121900144,115,244,-129
121900145,202,285,-83
121900146,643,705,-62
121900147,70,164,-94
121900148,192,276,-84
121900149,339,520,-181
121900150,55,111,-56
121900151,76,299,-223
121900152,108,118,-10
121900153,76,715,-639
121900154,8,242,-234
121900155,3,163,-160
121900156,190,183,7
121900157,3,319,-316
121900158,73,108,-35
121900159,2,236,-234
121900160,20,262,-242
121900161,259,296,-37
121900162,87,226,-139
121900163,351,453,-102
121900164,346,180,166
121900165,171,135,36
121900166,160,143,17
121900167,116,126,-10
121900168,131,222,-91
121900169,5,158,-153
121900170,20,160,-140
121900171,817,597,220
121900172,633,215,418
121900173,738,256,482
121900174,87,73,14
121900175,395,324,71
121900176,562,1184,-622
121900177,260,71,189
121900178,44,32,12
121900179,495,203,292
121900180,2506,5234,-2728
121900182,816,330,486
121900183,605,1328,-723
121900184,86,523,-437
121900186,9,374,-365
121900187,29,189,-160
121900188,631,305,326
121900189,34,117,-83
121900190,229,384,-155
121900191,111,225,-114
121900192,316,793,-477
121900193,63,152,-89
121900194,9,332,-323
121900195,89,84,5
121900196,681,871,-190
121900197,408,1105,-697
121900198,1124,1021,103
121900199,4,31,-27
121900200,58,218,-160
121900201,888,824,64
121900202,89,576,-487
121900203,182,985,-803
121900204,692,1379,-687
121900205,10,87,-77
121900206,24,50,-26
121900207,112,47,65
121900208,168,241,-73
121900209,94,35,59
121900210,1421,1064,357
121900211,217,274,-57
121900212,114,115,-1
121900213,240,73,167
121900214,10,548,-538
121900215,75,128,-53
121900216,31,293,-262
121900217,212,190,22
121900218,178,408,-230
121900220,152,14,138
121900221,210,539,-329
121900222,136,137,-1
121900223,210,53,157
121900224,89,52,37
121900225,106,123,-17
121900226,378,343,35
121900227,277,603,-326
121900228,158,232,-74
121900230,79,350,-271
121900231,199,1994,-1795
121900232,170,300,-130
121900233,184,186,-2
121900234,354,240,114
121900235,619,126,493
121900236,383,171,212
121900237,160,307,-147
121900238,153,231,-78
121900239,236,29,207
121900240,289,120,169
121900241,62,72,-10
121900242,10,0,10
121900243,15,0,15
121900244,19,7,12
121900245,212,56,156
121900246,2795,297,2498
121900247,243,211,32
121900248,1164,1358,-194
121900250,227,342,-115
121900251,496,44,452
121900252,577,140,437
121900253,100,656,-556
121900254,473,247,226
121900255,403,106,297
121900258,3810,1903,1907
121900259,394,561,-167
121900260,153,116,37
121900261,213,633,-420
121900262,381,1044,-663
121900263,297,267,30
121900264,1432,1085,347
121900265,397,243,154
121900266,639,133,506
121900267,90,46,44
121900269,214,802,-588
121900270,27,178,-151
121900271,44,128,-84
121900273,433,1738,-1305
121900274,345,268,77
121900277,480,1110,-630
121900278,174,864,-690
121900279,155,206,-51
121900280,104,371,-267
121900281,303,596,-293
121900284,65,11,54
121900286,147,124,23
121900287,20,17,3
121900288,2,1,1
121900290,230,406,-176
121900291,394,730,-336
121900292,117,125,-8
121900293,961,2428,-1467
121900294,300,5,295
121900295,165,169,-4
121900296,109,239,-130
121900298,249,870,-621
121900299,0,27,-27
121900300,109,7,102
121900301,71,3,68
121900302,6,33,-27
121900303,333,318,15
121900304,3,17,-14
121900305,5,8,-3
121900306,295,3,292
121900307,127,10,117
121900308,32,222,-190
121900309,7,169,-162
121900310,28,351,-323
121900311,609,22,587
121900312,348,12,336
121900313,471,15,456
121900314,5,33,-28
121900315,12,0,12
121900316,0,8,-8
121900317,20,1,19
121900318,1,10,-9
121900319,23,90,-67
121900320,23,58,-35
121900321,17,11,6
121900322,1,12,-11
121900323,23,23,0
121900324,2,35,-33
121900325,20,11,9
121900326,4,30,-26
121900327,9,32,-23
121900328,0,18,-18
121900329,0,129,-129
121900330,1,49,-48
121900331,57,81,-24
121900332,99,33,66
121900333,18,1,17
121900334,73,87,-14
122000001,1810,5027,-3217
122000002,3353,1388,1965
122000003,1712,2649,-937
122000004,2832,1438,1394
122000005,2408,2085,323
122000006,1464,1013,451
122000007,944,1526,-582
122000008,2244,4033,-1789
122000009,345,425,-80
122000010,1970,2567,-597
122000011,2724,1391,1333
122000012,916,1525,-609
122000013,971,1035,-64
122000014,1753,1033,720
122000015,1149,1092,57
122000016,544,845,-301
122000017,1097,1012,85
122000018,1340,1260,80
122000019,784,905,-121
122000020,218,234,-16
122000021,234,456,-222
122000022,1102,995,107
122000023,797,1367,-570
122000024,547,1198,-651
122000025,763,1779,-1016
122000026,634,1281,-647
122000027,679,1598,-919
122000028,983,437,546
122000029,523,488,35
122000030,290,163,127
122000031,189,306,-117
122000032,1832,1789,43
122000033,610,1398,-788
122000034,575,633,-58
122000035,254,645,-391
122000036,514,475,39
122000037,333,237,96
122000038,255,242,13
122000039,511,350,161
122000040,251,289,-38
122000041,521,538,-17
122000042,303,347,-44
122000043,127,92,35
122000044,133,142,-9
122000045,1204,471,733
122000046,861,595,266
122000047,215,217,-2
122000048,3156,4260,-1104
122000049,5474,3230,2244
122000050,1161,713,448
122000051,184,353,-169
122000052,484,467,17
122000053,154,851,-697
122000054,2090,1866,224
122000055,1932,3164,-1232
122000056,3718,3213,505
122000057,2655,3455,-800
122000058,1695,1564,131
122000059,1879,2043,-164
122000060,464,763,-299
122000061,416,570,-154
122000062,670,313,357
122000063,882,749,133
122000064,3076,3145,-69
122000065,2883,2248,635
122000066,969,1044,-75
122000067,1527,1097,430
122000068,1655,937,718
122000069,711,676,35
122000070,886,1069,-183
122000071,1901,994,907
122000072,363,405,-42
122000073,289,819,-530
122000074,2781,1564,1217
122000075,779,1106,-327
122000076,3000,1197,1803
122000077,850,976,-126
122000078,1406,2827,-1421
122000079,640,1298,-658
122000080,567,343,224
122000081,182,222,-40
122000082,401,984,-583
122000083,1928,1278,650
122000084,1616,849,767
122000085,290,916,-626
122000086,2559,5211,-2652
122000087,321,328,-7
122000088,391,612,-221
122000089,4152,2332,1820
122000090,182,505,-323
122000091,113,107,6
122000092,84,19,65
122000093,1478,2301,-823
122000094,4268,2913,1355
122000095,1282,3995,-2713
122000096,1256,1790,-534
122000098,2375,2711,-336
122000099,1254,670,584
122000100,662,506,156
122000101,350,687,-337
122000102,1912,1024,888
122000103,2134,1533,601
122000104,595,164,431
122000105,710,258,452
122000106,521,657,-136
122000107,1040,404,636
122000108,474,750,-276
122000109,413,257,156
122000110,545,599,-54
122000111,2635,1383,1252
122000112,1081,1443,-362
122000113,598,641,-43
122000114,2238,1391,847
122000115,1704,1092,612
122000116,570,663,-93
122000117,1517,497,1020
122000118,679,994,-315
122000119,3911,2940,971
122000120,2252,5937,-3685
122000121,2541,3570,-1029
122000122,689,1578,-889
122000123,2487,2009,478
122000124,1668,786,882
122000125,607,797,-190
122000126,856,1206,-350
122000127,1179,1295,-116
122000128,429,722,-293
122000129,506,1676,-1170
122000130,3957,1810,2147
122000131,1729,2026,-297
122000132,601,731,-130
122000133,1019,1061,-42
122000134,1205,863,342
122000135,663,599,64
122000136,1146,774,372
122000137,2080,948,1132
122000139,976,3680,-2704
122000140,565,611,-46
122000141,3435,1111,2324
122000142,336,901,-565
122000143,619,855,-236
122000144,1747,1944,-197
122000145,1155,811,344
122000146,641,1436,-795
122000147,659,601,58
122000148,1139,2114,-975
122000149,2122,1807,315
122000150,1255,1076,179
122000151,173,438,-265
122000152,370,473,-103
122000153,384,371,13
122000154,277,271,6
122000155,1336,2595,-1259
122000156,2176,2470,-294
122000157,978,2246,-1268
122000158,415,860,-445
122000159,828,2464,-1636
122000160,4775,3644,1131
122000161,1518,1343,175
122000162,1868,2087,-219
122000163,234,99,135
122000164,49,104,-55
122000165,736,667,69
122000166,909,1072,-163
122000167,320,282,38
122000168,180,530,-350
122000169,269,187,82
122000170,366,189,177
122000171,41,93,-52
122000172,1934,1251,683
122000173,1270,2151,-881
122000174,1893,925,968
122000175,844,287,557
122000176,303,792,-489
122000177,1564,1416,148
122000178,2611,2249,362
122000179,1413,2241,-828
122000180,1428,1159,269
122000181,1345,2928,-1583
122000182,1588,1769,-181
122000183,2098,1084,1014
122000184,2523,2478,45
122000185,1136,1821,-685
122000186,454,772,-318
122000187,1874,970,904
122000188,472,242,230
122000189,305,292,13
122000190,753,1146,-393
122000191,816,710,106
122000192,1041,439,602
122000193,411,685,-274
122000194,565,178,387
122000195,173,524,-351
122000196,1288,676,612
122000197,484,750,-266
122000198,491,907,-416
122000199,284,299,-15
122000200,757,580,177
122000201,1160,1521,-361
122000202,1105,1331,-226
122000203,2718,1544,1174
122000204,1617,1880,-263
122000205,1162,1373,-211
122000206,2386,1089,1297
122000207,2297,1450,847
122000208,2075,1385,690
122000209,1869,387,1482
122000210,2516,1498,1018
122000211,1513,1170,343
122000212,915,574,341
122000213,1121,1382,-261
122000214,2100,1767,333
122000215,2126,1552,574
122000217,1807,1326,481
122000218,649,53,596
122000219,1037,793,244
122000220,390,735,-345
122000221,69,329,-260
122000222,536,159,377
122000223,1394,584,810
122000225,831,348,483
122000226,2144,1712,432
122000227,299,2158,-1859
122000228,415,295,120
122000229,27,484,-457
122000230,199,420,-221
122000231,299,671,-372
122000232,599,783,-184
122000233,0,85,-85
122000234,429,68,361
122000235,534,122,412
122000236,1497,104,1393
122000237,117,114,3
122000238,510,399,111
122000239,618,193,425
122000240,1360,605,755
122000241,2323,508,1815
122000242,901,172,729
122000243,428,59,369
122000244,105,398,-293
122000245,134,179,-45
122000246,496,173,323
122000247,527,517,10
122000248,999,1380,-381
122000249,1560,980,580
122000250,2879,1297,1582
122000251,305,461,-156
122000252,617,141,476
122000253,48,213,-165
122000254,355,125,230
122000255,748,1151,-403
122000256,349,712,-363
122000257,190,232,-42
122000258,378,240,138
122000259,15,313,-298
122000260,5,74,-69
122000261,17,222,-205
122000262,1,26,-25
122000263,536,292,244
122000264,1688,332,1356
122000265,2303,938,1365
122000266,3816,655,3161
122000267,151,135,16
122000268,172,314,-142
122000269,851,269,582
122000270,539,122,417
122000271,281,890,-609
122000272,409,765,-356
122000273,481,341,140
122000274,258,158,100
122000275,85,235,-150
122000276,1356,563,793
122000277,1558,1796,-238
122000278,2261,744,1517
122000279,296,383,-87
122000280,973,632,341
122000281,1119,693,426
122000282,255,433,-178
122000283,308,160,148
122000284,286,100,186
122000285,364,79,285
122000286,84,128,-44
122000287,1431,1323,108
122000288,596,263,333
122000291,2351,716,1635
122000293,252,219,33
122000294,178,276,-98
122000295,1236,166,1070
122000296,16,515,-499
122000297,2187,3490,-1303
122000299,660,425,235
122000300,498,634,-136
122000301,7512,3365,4147
122000302,690,1780,-1090
122000303,2732,1236,1496
122000304,120,178,-58
122000305,1430,288,1142
122000306,41,444,-403
122000307,86,104,-18
122000309,51,53,-2
122000310,11,124,-113
122000311,213,149,64
122000312,119,189,-70
122000313,222,75,147
122000314,131,210,-79
122000315,297,55,242
122000316,1021,250,771
122000317,1677,294,1383
122000318,284,1056,-772
122000319,189,311,-122
122000320,275,925,-650
122000321,158,181,-23
122000322,1753,2068,-315
122000323,1040,2256,-1216
122000324,1045,1161,-116
122000325,740,1824,-1084
122000326,145,104,41
122000327,672,1074,-402
122000328,837,625,212
122000330,2179,934,1245
122000332,213,346,-133
122000333,17,96,-79
122000337,1274,1033,241
122000338,636,421,215
122000340,327,547,-220
122000342,1358,910,448
122000343,521,870,-349
122000344,101,23,78
122000345,31,20,11
122000346,389,340,49
122000348,1224,604,620
122000349,188,712,-524
122000351,195,180,15
122000352,316,170,146
122000353,136,48,88
122000355,133,348,-215
122000356,844,987,-143
122000357,75,22,53
122000358,0,50,-50
122000359,0,23,-23
122000360,0,34,-34
122000362,14,77,-63
122000364,207,278,-71
122000365,1,38,-37
122000366,17,12,5
122000368,472,565,-93
122000370,21,43,-22
122000371,30,0,30
122000372,11,0,11
122000381,141,295,-154
122000382,86,219,-133
122000384,1952,1016,936
122000385,64,2,62
122000386,323,1416,-1093
122000387,551,670,-119
122000388,1446,787,659
122000389,154,611,-457
122000390,336,203,133
122000391,252,209,43
122000392,196,178,18
122000393,56,126,-70
122000394,594,266,328
122000395,159,159,0
122000396,312,101,211
122000397,26,51,-25
122000398,19,53,-34
122000399,145,83,62
122000400,68,580,-512
122000401,162,61,101
122000402,384,118,266
122000403,466,605,-139
122000404,166,172,-6
122000408,755,1016,-261
122000503,15,113,-98
122000524,214,177,37
122000544,88,2157,-2069
122000616,300,4,296
122000640,99,70,29
122000641,170,171,-1
122000642,1125,778,347
122000643,58,162,-104
122000644,139,46,93
122000645,95,146,-51
122000651,1011,979,32
122000664,137,47,90
122000665,1337,513,824
122000666,631,988,-357
122000673,48,177,-129
122000674,201,63,138
122000675,1996,678,1318
122000686,432,818,-386
122000687,1603,306,1297
122000688,335,408,-73
122000689,1217,319,898
122000690,2704,348,2356
122000691,861,1140,-279
122000692,1670,386,1284
122000693,446,1322,-876
122000695,336,284,52
122000696,515,165,350
122000698,473,433,40
122000699,235,91,144
122000701,1601,251,1350
122000702,449,779,-330
122000703,215,60,155
122000712,0,1,-1
122000717,148,82,66
122000718,401,1008,-607
122000719,139,84,55
122000720,657,141,516
122000724,102,32,70
122900001,43,11,32
122900002,1160,6306,-5146
122900003,502,46,456
122900004,1656,83,1573
122900005,123,78,45
122900006,567,728,-161
122900007,131,73,58
122900008,511,222,289
122900009,654,478,176
122900010,188,144,44
122900012,241,421,-180
122900014,146,270,-124
122900015,1186,1342,-156
122900016,137,279,-142
122900017,305,759,-454
122900018,152,32,120
122900019,10,132,-122
122900020,201,395,-194
122900021,24,448,-424
122900022,1154,740,414
122900023,690,189,501
122900024,132,118,14
122900025,15,324,-309
122900026,42,274,-232
122900027,43,537,-494
122900028,123,199,-76
122900029,3766,2799,967
122900030,971,501,470
122900031,33,305,-272
122900032,86,416,-330
122900033,272,144,128
122900034,3810,4676,-866
122900035,40,19,21
122900036,72,70,2
122900037,405,146,259
122900038,89,3035,-2946
122900039,112,525,-413
122900040,286,381,-95
122900041,342,327,15
122900042,165,257,-92
122900043,445,264,181
122900044,116,342,-226
122900045,162,105,57
122900046,204,329,-125
122900047,127,208,-81
122900048,47,229,-182
122900049,1226,172,1054
122900051,84,121,-37
122900052,116,135,-19
122900053,25,32,-7
122900055,306,98,208
122900057,271,54,217
122900061,518,188,330
122900062,605,757,-152
122900063,202,233,-31
122900064,859,374,485
122900065,565,254,311
122900066,753,342,411
122900067,1016,575,441
122900068,101,295,-194
122900069,357,1479,-1122
122900070,394,51,343
122900071,140,270,-130
122900072,20,373,-353
122900073,21,148,-127
122900074,1096,420,676
122900075,0,54,-54
122900076,12,133,-121
122900077,7,143,-136
122900078,263,96,167
122900080,34,45,-11
122900081,223,123,100
122900082,956,225,731
122900083,138,152,-14
122900084,4,189,-185
122900086,13,122,-109
122900087,327,411,-84
122900088,32,248,-216
122900089,93,235,-142
122900090,14,292,-278
122900091,326,2,324
122900092,0,138,-138
122900093,1,164,-163
122900094,8,113,-105
122900095,175,27,148
122900096,367,104,263
122900097,37,44,-7
122900098,50,68,-18
122900099,76,20,56
122900100,233,396,-163
122900101,547,305,242
122900102,37,38,-1
122900103,228,12,216
122900104,233,10,223
122900105,26,12,14
122900106,3,64,-61
122900107,6,128,-122
122900108,5,109,-104
123000001,1149,426,723
123000002,2636,5522,-2886
123000003,3594,3992,-398
123000004,2716,3422,-706
123000005,2711,2720,-9
123000006,2068,2036,32
123000007,4200,2699,1501
123000008,2715,2802,-87
123000009,4407,2801,1606
123000010,3092,3050,42
123000011,1866,804,1062
123000012,610,1779,-1169
123000013,3433,893,2540
123000014,754,2973,-2219
123000015,2396,1319,1077
123000016,3267,3997,-730
123000017,3320,1712,1608
123000018,93,92,1
123000019,558,208,350
123000020,300,55,245
123000021,201,211,-10
123000022,434,1704,-1270
123000023,1942,1922,20
123000024,1819,661,1158
123000025,239,147,92
123000026,79,108,-29
123000027,105,752,-647
123000028,1390,947,443
123000029,686,1483,-797
123000030,291,258,33
123000031,317,184,133
123000032,418,162,256
123000033,292,79,213
123000034,1150,765,385
123000035,368,375,-7
123000036,314,934,-620
123000037,228,210,18
123000038,76,223,-147
123000039,392,1606,-1214
123000040,660,296,364
123000041,1165,1233,-68
123000042,756,596,160
123000043,2300,11779,-9479
123000044,3739,2465,1274
123000045,4707,3022,1685
123000046,564,1657,-1093
123000047,1416,1062,354
123000048,72,1099,-1027
123000049,5382,10904,-5522
123000050,1689,1513,176
123000051,133,207,-74
123000052,879,3283,-2404
123000053,3119,2808,311
123000054,1821,1515,306
123000055,1385,2568,-1183
123000056,1217,1596,-379
123000057,7033,7236,-203
123000058,736,1160,-424
123000059,488,496,-8
123000060,1091,445,646
123000061,353,660,-307
123000063,1103,1009,94
123000064,1143,281,862
123000065,3937,2228,1709
123000066,685,628,57
123000067,1376,769,607
123000068,2536,2313,223
123000069,6012,2524,3488
123000070,242,599,-357
123000071,1361,803,558
123000072,1137,697,440
123000073,1491,736,755
123000074,1167,817,350
123000075,388,1232,-844
123000076,894,665,229
123000077,1940,1824,116
123000078,1835,1311,524
123000079,1919,1643,276
123000080,2383,1314,1069
123000081,159,283,-124
123000082,316,1054,-738
123000083,1076,330,746
123000084,794,540,254
123000085,407,62,345
123000086,786,129,657
123000087,574,302,272
123000088,1478,688,790
123000089,711,958,-247
123000090,1212,797,415
123000091,1399,1199,200
123000092,953,1165,-212
123000094,503,211,292
123000095,686,740,-54
123000096,987,351,636
123000097,680,536,144
123000098,1000,471,529
123000099,693,510,183
123000100,454,759,-305
123000101,539,595,-56
123000102,444,732,-288
123000104,518,460,58
123000105,656,481,175
123000106,490,486,4
123000107,343,456,-113
123000108,521,1012,-491
123000111,1012,358,654
123000112,1526,460,1066
123000113,611,839,-228
123000114,388,683,-295
123000115,342,300,42
123000116,63,134,-71
123000117,1707,1342,365
123000118,431,619,-188
123000119,234,643,-409
123000120,362,676,-314
123000121,472,428,44
123000122,298,267,31
123000123,488,431,57
123000124,365,341,24
123000125,1243,1414,-171
123000126,1214,4596,-3382
123000127,675,567,108
123000128,326,285,41
123000129,875,217,658
123000130,762,89,673
123000131,1087,835,252
123000132,294,578,-284
123000133,228,314,-86
123000134,282,198,84
123000135,2759,1184,1575
123000136,185,492,-307
123000137,124,197,-73
123000138,107,324,-217
123000139,642,104,538
123000140,141,592,-451
123000141,846,166,680
123000142,1057,952,105
123000143,1057,1588,-531
123000144,59,18,41
123000145,149,118,31
123000146,21,68,-47
123000147,68,83,-15
123000149,297,488,-191
123000150,132,242,-110
123000151,233,416,-183
123000152,125,357,-232
123000153,261,757,-496
123000154,1496,2120,-624
123000155,1984,1212,772
123000156,27,146,-119
123000157,661,715,-54
123000158,632,861,-229
123000159,3206,3013,193
123000160,1173,864,309
123000161,2235,1172,1063
123000162,1446,1668,-222
123000163,477,157,320
123000164,1597,305,1292
123000165,357,1117,-760
123000166,40,106,-66
123000167,190,235,-45
123000168,306,176,130
123000169,939,149,790
123000170,143,98,45
123000171,975,27,948
123000172,182,395,-213
123000173,732,336,396
123000174,1146,519,627
123000175,528,880,-352
123000176,1537,274,1263
123000177,334,833,-499
123000178,880,174,706
123000179,47,370,-323
123000180,1935,316,1619
123000181,290,1044,-754
123000182,364,297,67
123000183,164,571,-407
123000184,95,351,-256
123000185,938,326,612
123000186,4,381,-377
123000187,751,10,741
123000188,207,2,205
123000189,160,139,21
123000190,94,71,23
123000192,16,299,-283
123000193,67,643,-576
123000194,435,290,145
123000195,361,43,318
123000196,378,17,361
123000197,78,90,-12
123000198,36,581,-545
123000199,14,589,-575
123000200,620,12,608
123000201,1357,33,1324
123000202,23,798,-775
123000203,1223,83,1140
123000204,73,754,-681
123000205,458,1205,-747
123000206,2615,278,2337
123000207,94,635,-541
123000208,586,234,352
123000209,2279,658,1621
123000210,446,1541,-1095
123000211,509,1617,-1108
123000212,3481,518,2963
123000213,707,92,615
123000215,84,272,-188
123000216,155,638,-483
123000217,241,46,195
123000218,45,660,-615
123000219,636,64,572
123000220,546,108,438
123000221,149,82,67
123000222,447,276,171
123000223,453,220,233
123000224,485,267,218
123000225,285,90,195
123000226,68,286,-218
123000227,57,246,-189
123000228,319,45,274
123000229,841,1135,-294
123000232,113,502,-389
123000233,811,156,655
123000234,149,563,-414
123000235,1397,285,1112
123000236,283,568,-285
123000237,347,77,270
123000238,96,425,-329
123000239,488,991,-503
123000240,38,520,-482
123000241,360,78,282
123000242,195,182,13
123000243,729,843,-114
123000244,865,730,135
123000245,62,175,-113
123000249,250,503,-253
123000252,973,338,635
123000253,1702,550,1152
123000254,822,864,-42
123000255,1317,825,492
123000256,24,208,-184
123000257,2422,1576,846
123000258,1064,655,409
123000259,475,406,69
123000260,582,349,233
123000261,329,122,207
123000262,145,126,19
123000263,540,101,439
123000264,188,92,96
123000265,47,108,-61
123000266,591,610,-19
123000267,882,456,426
123000268,34,85,-51
123000269,34,55,-21
123000270,34,40,-6
123000271,56,66,-10
123000272,696,279,417
123000273,281,672,-391
123000274,1187,568,619
123000275,286,806,-520
123000278,2082,2305,-223
123000279,152,94,58
123000280,329,308,21
123000281,353,98,255
123000282,130,239,-109
123000283,168,32,136
123000284,56,67,-11
123000286,172,414,-242
123000287,354,303,51
123000288,1147,1100,47
123000289,378,1182,-804
123000291,264,777,-513
123000294,183,194,-11
123000295,981,1013,-32
123000296,912,472,440
123000297,828,426,402
123000298,927,379,548
123000299,54,156,-102
123000300,1116,903,213
123000301,151,276,-125
123000302,87,108,-21
123000303,171,239,-68
123000305,800,804,-4
123000306,153,104,49
123000309,50,39,11
123000310,49,34,15
123000311,0,87,-87
123000312,540,562,-22
123000313,681,386,295
123000315,221,266,-45
123000316,918,102,816
123000317,199,83,116
123000318,51,159,-108
123000329,9,13,-4
123000337,770,377,393
123000338,372,107,265
123000339,315,74,241
123000340,133,225,-92
123000342,30,70,-40
123000343,52,13,39
123000344,947,363,584
123000345,386,616,-230
123000346,397,56,341
123000352,1171,838,333
123000353,42,136,-94
123000354,245,2,243
123000355,0,234,-234
123000356,480,11,469
123000357,0,111,-111
123000359,3,106,-103
123000360,227,84,143
123000361,155,265,-110
123000362,496,76,420
123000363,131,159,-28
123000364,563,611,-48
123000365,36,385,-349
123000366,372,2012,-1640
123000367,366,785,-419
123000370,20,251,-231
123000371,529,51,478
123000372,359,29,330
123000373,13,279,-266
123000374,12,144,-132
123000375,466,25,441
123000376,952,625,327
123000377,526,13,513
123000378,20,210,-190
123000379,0,174,-174
123000380,40,410,-370
123000381,109,125,-16
123000382,802,131,671
123000383,145,1250,-1105
123000384,435,136,299
123000385,158,560,-402
123000436,41,1295,-1254
123000507,91,148,-57
123000508,155,1106,-951
123000517,192,30,162
123000518,44,189,-145
123000519,172,60,112
123000520,38,190,-152
123000521,353,97,256
123000522,151,271,-120
123000541,13,1,12
123000542,0,10,-10
123000565,850,39,811
123000566,281,444,-163
123000567,90,160,-70
123000573,50,476,-426
123000574,959,67,892
123000575,1828,825,1003
123000576,1175,914,261
123000577,78,610,-532
123000578,455,101,354
123000579,1410,6073,-4663
123000580,194,51,143
123000582,539,24,515
123000583,18,311,-293
123000584,177,309,-132
123000585,1,58,-57
123000586,77,0,77
123000596,69,67,2
123000597,90,136,-46
123000602,66,16,50
123000603,973,553,420
123000604,538,452,86
123000605,750,81,669
123000606,1,445,-444
123000609,17,258,-241
123000610,278,112,166
123000613,34,165,-131
123000614,213,33,180
123000615,28,63,-35
123000616,855,47,808
123000617,102,230,-128
123000618,58,661,-603
123000619,626,64,562
123000620,21,386,-365
123000622,479,26,453
123000624,152,42,110
123000630,1410,521,889
123000631,275,750,-475
123000632,634,642,-8
123000633,0,143,-143
123000634,60,180,-120
123000635,92,101,-9
123000636,56,543,-487
123000637,192,57,135
123000638,488,44,444
123000639,804,4980,-4176
123000640,32,451,-419
123000648,449,95,354
123000649,22,322,-300
123900001,1087,59,1028
123900002,48,1317,-1269
123900003,213,322,-109
123900005,319,222,97
123900006,350,59,291
124000001,2110,171,1939
124000002,80,1196,-1116
124000003,947,136,811
124000004,114,431,-317
124000005,1340,567,773
124000006,218,767,-549
124000007,397,100,297
124000008,6,448,-442
124000009,734,277,457
124000010,236,357,-121
124000011,1255,315,940
124000012,279,354,-75
124000017,197,146,51
124000018,128,72,56
124000019,211,134,77
124000020,72,158,-86
124000021,126,123,3
124000022,83,192,-109
124000023,1304,1494,-190
124000024,978,378,600
124000025,1216,1855,-639
124000026,810,870,-60
124000027,4942,5159,-217
124000028,1540,3616,-2076
124000030,2108,1269,839
124000031,1422,4423,-3001
124000032,1613,673,940
124000033,766,533,233
124000034,739,763,-24
124000035,360,297,63
124000036,134,443,-309
124000037,764,1262,-498
124000038,25,172,-147
124000039,955,548,407
124000040,523,1164,-641
124000041,613,108,505
124000042,177,361,-184
124000043,154,99,55
124000044,79,167,-88
124000045,1021,538,483
124000046,349,604,-255
124000047,2185,812,1373
124000048,1064,982,82
124000049,1918,630,1288
124000050,956,1152,-196
124000051,1109,516,593
124000052,626,653,-27
124000053,575,1828,-1253
124000054,885,369,516
124000055,1345,3162,-1817
124000056,1716,1116,600
124000057,1185,581,604
124000058,431,982,-551
124000059,811,1375,-564
124000060,1017,557,460
124000061,1351,5951,-4600
124000062,4268,1757,2511
124000063,997,1327,-330
124000064,1720,1021,699
124000065,74,499,-425
124000066,211,75,136
124000067,242,157,85
124000068,107,151,-44
124000069,882,185,697
124000070,356,452,-96
124000071,511,71,440
124000072,307,382,-75
124000073,1130,219,911
124000074,301,659,-358
124000075,380,26,354
124000076,21,160,-139
124000077,1188,953,235
124000078,2456,1247,1209
124000079,326,1214,-888
124000080,778,243,535
124000081,277,442,-165
124000082,62,149,-87
124000083,50,88,-38
124000084,54,525,-471
124000085,84,42,42
124000086,46,106,-60
124000087,159,121,38
124000088,267,426,-159
124000089,991,337,654
124000090,141,294,-153
124000091,555,112,443
124000092,109,494,-385
124000093,145,85,60
124000094,210,490,-280
124000095,99,94,5
124000096,169,192,-23
124000097,110,140,-30
124000098,58,67,-9
124000099,309,128,181
124000100,87,116,-29
124000101,110,102,8
124000102,124,41,83
124000103,131,115,16
124000104,76,45,31
124000105,98,83,15
124000106,99,46,53
124000107,22,144,-122
124000108,49,22,27
124000109,169,113,56
124000110,157,74,83
124000111,208,138,70
124000112,777,439,338
124000113,120,98,22
124000114,326,303,23
124000115,339,473,-134
124000116,109,160,-51
124000117,31,74,-43
124000118,38,81,-43
124000119,1081,508,573
124000120,676,512,164
124000121,1390,691,699
124000122,587,1270,-683
124000123,889,432,457
124000124,447,979,-532
124000125,471,537,-66
124000126,354,633,-279
124000127,968,313,655
124000128,582,798,-216
124000129,2113,1359,754
124000130,816,501,315
124000131,901,541,360
124000132,796,584,212
124000133,1004,828,176
124000134,1383,486,897
124000135,1652,1564,88
124000136,849,784,65
124000137,1157,754,403
124000138,1627,1150,477
124000139,556,52,504
124000140,29,393,-364
124000141,412,32,380
124000142,64,197,-133
124000143,81,17,64
124000144,8,72,-64
124000145,181,49,132
124000146,27,81,-54
124000148,38,94,-56
124000149,1325,510,815
124000150,390,577,-187
124000151,1001,425,576
124000152,782,1214,-432
124000153,1132,871,261
124000154,703,606,97
124000155,1680,976,704
124000156,1433,1050,383
124000169,215,528,-313
124000170,457,371,86
124000171,332,255,77
124000172,362,377,-15
124000173,598,221,377
124000174,517,446,71
124000175,28,88,-60
124000176,64,14,50
124000177,9,34,-25
124000178,54,49,5
124000190,111,102,9
124000191,116,131,-15
124000192,1515,464,1051
124000193,251,1011,-760
124000194,363,376,-13
124000195,422,634,-212
124000196,787,746,41
124000197,39,41,-2
124000198,29,39,-10
124000201,308,664,-356
124000202,773,341,432
124000203,554,330,224
124000204,1000,313,687
124000205,107,254,-147
124000206,884,277,607
124000207,0,22,-22
124000209,266,283,-17
124000210,622,190,432
124000211,803,2,801
124000212,0,256,-256
124000213,555,197,358
124000214,479,435,44
124000215,460,19,441
124000216,2,240,-238
124000329,200,1012,-812
124000338,129,475,-346
124000339,1434,117,1317
124000341,1882,99,1783
124000344,24,0,24
124000357,1225,2581,-1356
124000358,898,1395,-497
124000359,1210,647,563
124000360,971,427,544
124000361,2117,1096,1021
124000362,1091,1266,-175
124000363,263,240,23
124000364,525,516,9
124000365,539,792,-253
124000366,1193,663,530
124000367,102,391,-289
124000368,528,567,-39
124000369,132,104,28
124000370,65,540,-475
124000402,34,13,21
124000403,154,17,137
124000404,12,88,-76
124000405,1118,837,281
124000406,656,816,-160
124000407,1,27,-26
124000411,12,297,-285
124000412,654,9,645
124000413,140,60,80
124000414,75,116,-41
124000415,47,56,-9
124000416,125,158,-33
124000417,152,98,54
124000418,227,86,141
124000419,83,80,3
124000420,125,48,77
124000421,60,93,-33
124000422,24,16,8
124000423,145,12,133
124000424,3,83,-80
124000425,126,54,72
124000426,18,112,-94
124000427,95,8,87
124000428,6,54,-48
124000429,88,51,37
124000430,696,430,266
124000431,292,410,-118
124000432,333,660,-327
124000439,4,9,-5
124000443,0,3,-3
124000445,254,1456,-1202
124000446,966,161,805
124900001,673,453,220
124900002,198,198,0
124900003,1282,679,603
124900004,886,332,554
124900005,239,134,105
124900006,961,258,703
124900008,1281,631,650
124900009,214,413,-199
124900010,287,184,103
124900011,773,280,493
124900012,549,147,402
124900013,683,140,543
124900014,340,63,277
124900015,196,389,-193
124900016,96,129,-33
124900017,464,2058,-1594
124900018,78,17,61
124900020,86,68,18
124900021,374,52,322
124900022,56,8,48
124900024,313,20,293
124900026,135,26,109
124900027,192,534,-342
124900028,363,87,276
124900029,9,586,-577
124900030,9,74,-65
124900031,35,251,-216
124900032,194,269,-75
124900033,126,252,-126
124900034,4,124,-120
124900035,235,370,-135
124900036,0,47,-47
124900037,291,208,83
124900038,294,236,58
124900039,3,88,-85
124900040,121,78,43
124900041,329,749,-420
124900042,152,5,147
124900043,521,728,-207
124900044,85,4,81
124900045,694,1073,-379
124900046,799,297,502
124900047,137,198,-61
124900048,201,85,116
124900050,116,181,-65
124900052,84,362,-278
124900053,152,326,-174
124900054,1133,429,704
124900055,1,192,-191
124900057,12,54,-42
124900060,81,187,-106
124900061,103,9,94
124900062,231,20,211
124900066,0,12,-12
124900067,6,110,-104
124900068,293,682,-389
124900070,71,29,42
124900072,162,30,132
124900075,285,265,20
124900076,19,1406,-1387
124900077,33,119,-86
124900078,99,16,83
124900079,419,253,166
124900080,294,427,-133
124900081,1263,335,928
124900082,410,661,-251
124900083,330,397,-67
124900085,797,648,149
124900086,51,1629,-1578
124900087,535,132,403
124900088,489,96,393
124900089,1008,38,970
124900090,526,257,269
124900091,289,240,49
124900092,238,176,62
124900093,402,158,244
124900094,509,278,231
124900095,112,502,-390
124900096,477,261,216
124900097,385,85,300
124900098,98,236,-138
124900099,468,409,59
124900100,383,60,323
124900101,84,388,-304
124900102,297,24,273
124900103,178,160,18
124900104,56,119,-63
124900105,94,77,17
124900106,409,64,345
124900107,150,24,126
124900108,166,91,75
124900111,1,100,-99
124900112,66,437,-371
124900113,104,355,-251
124900114,151,135,16
124900115,56,59,-3
124900116,327,249,78
124900117,323,178,145
124900118,253,387,-134
124900119,547,229,318
124900120,68,319,-251
124900121,108,503,-395
124900122,256,221,35
124900123,275,123,152
124900124,162,319,-157
204000001,136,9,127
204000002,14,2,12
204000003,14,3,11
204000004,10,2,8
204000005,577,467,110
204000006,1264,1316,-52
204000011,8,37,-29
204000012,61,70,-9
204000019,740,428,312
204000020,788,409,379
204000021,1103,710,393
204000022,660,445,215
204000023,497,522,-25
204000031,69,14,55
204000032,391,29,362
204000034,31,117,-86
204000035,2,1,1
204000036,4,10,-6
204000037,1,10,-9
204000038,0,11,-11
204000039,2,20,-18
204000040,6,22,-16
204000041,8,28,-20
204000042,39,10,29
204000043,44,1,43
204000044,46,4,42
204000045,68,1,67
204000046,19,5,14
204000057,7,11,-4
204000062,37,34,3
204000068,40,246,-206
204000069,63,346,-283
204000070,60,73,-13
204000080,55,56,-1
204000085,1972,1213,759
204000086,2075,1451,624
204000087,58,11,47
204000088,6,81,-75
204000090,35,197,-162
204000093,487,71,416
204000096,1023,920,103
204000097,559,6,553
204000099,1158,1458,-300
204000100,1417,1788,-371
204000105,1998,1031,967
204000110,537,871,-334
204000111,395,500,-105
204000112,609,428,181
204000113,830,665,165
204000114,1338,784,554
204000115,669,325,344
204000116,631,385,246
204000119,1862,2532,-670
204000132,906,424,482
204000133,1120,249,871
204000134,350,94,256
204000135,738,79,659
204000136,681,177,504
204000138,393,670,-277
204000140,240,140,100
204000141,208,105,103
204000144,3,24,-21
204000145,593,60,533
204000146,25,287,-262
204000147,28,166,-138
204000148,222,19,203
204000154,8,5,3
204000155,5,11,-6
204000177,58,24,34
204000179,38,2,36
204000180,0,28,-28
204000222,5,10,-5
204000235,32,8,24
204000236,60,150,-90
204000238,17,33,-16
204000240,353,67,286
204000263,590,734,-144
204000268,944,704,240
204000308,131,11,120
204000317,10,81,-71
204000322,16,62,-46
204000323,7,7,0
204000328,238,40,198
204000329,52,115,-63
204000330,208,11,197
204000331,40,106,-66
204010341,13,164,-151
205000001,834,1293,-459
205000013,7,61,-54
205000014,20,100,-80
205000015,30,155,-125
205000016,25,105,-80
205000017,18,94,-76
205000022,289,769,-480
205000025,1037,974,63
205000029,278,9,269
205000045,112,550,-438
205000046,140,465,-325
205000047,79,435,-356
205000048,309,704,-395
205000049,161,659,-498
205000050,687,259,428
205000059,0,208,-208
205000060,0,90,-90
205000061,5,165,-160
205000062,7,141,-134
205000063,29,177,-148
205000064,40,83,-43
205000065,64,468,-404
205000066,144,568,-424
205000067,64,635,-571
205000069,237,13,224
205000082,166,178,-12
205000110,107,224,-117
205000111,217,227,-10
205000112,174,235,-61
205000113,203,385,-182
205000121,349,111,238
205000123,50,239,-189
205000126,481,94,387
205000127,789,147,642
205000128,500,72,428
205000129,804,82,722
205000130,167,26,141
205000131,92,17,75
205000132,143,3,140
205000133,102,1,101
205000134,357,0,357
205000137,70,198,-128
205000138,160,330,-170
205000139,26,115,-89
205000144,80,81,-1
205000145,404,198,206
205000151,185,33,152
205000152,231,22,209
205000153,255,28,227
205000154,164,42,122
205000155,147,12,135
205000207,7,117,-110
205000233,24,0,24
205000234,0,1,-1
205000243,0,0,0
205000244,0,1,-1
205000245,13,109,-96
205000249,0,13,-13
205000250,2,0,2
205000264,8,88,-80
206000027,9,14,-5
206000028,9,4,5
206000043,7,45,-38
206000053,0,7,-7
206000054,1,15,-14
206000055,5,23,-18
206000075,13,22,-9
206000076,34,23,11
206000077,27,10,17
206000078,19,12,7
206000079,21,6,15
206000082,410,64,346
206000100,23,352,-329
206000103,7,10,-3
206000104,19,30,-11
206000105,11,8,3
206000106,12,28,-16
206000108,578,42,536
206000125,61,0,61
206000157,39,414,-375
206000170,1,98,-97
206000171,5,157,-152
206000172,6,189,-183
206000173,3,100,-97
206000174,8,37,-29
206000175,3,60,-57
206000176,9,96,-87
206000177,1,66,-65
206000178,1,130,-129
206000179,7,66,-59
206000180,9,88,-79
206000181,8,76,-68
206000182,6,78,-72
206000183,22,281,-259
206000184,12,179,-167
206000185,6,78,-72
206000186,97,492,-395
206000223,5,148,-143
206000226,11,5,6
206000227,26,2,24
206000237,34,179,-145
206000238,14,276,-262
206000239,192,1167,-975
206000240,0,39,-39
206000241,0,55,-55
206000242,1,121,-120
206000243,15,111,-96
206000244,41,251,-210
206000245,1103,73,1030
206000246,345,13,332
206000247,365,8,357
206000248,517,20,497
206000252,71,44,27
206000258,23,34,-11
206000315,33,10,23
206000317,717,104,613
206000318,697,74,623
206000319,2113,126,1987
206000320,335,36,299
206000321,298,12,286
206000322,788,28,760
206000323,229,16,213
206000324,272,13,259
206000325,231,15,216
206000326,203,16,187
206000327,111,5,106
206000328,210,6,204
206000329,407,6,401
206000330,70,8,62
206000331,262,2,260
206000332,73,1,72
206000333,934,2,932
206000334,349,3,346
206000335,0,18,-18
206000361,3,112,-109
206000392,0,21,-21
206000405,169,1,168
206000441,31,30,1
206000498,36,3,33
206000515,81,40,41
206000530,406,103,303
206000531,292,251,41
206000532,1741,363,1378
206000535,154,1230,-1076
206000536,11,120,-109
206000537,15,98,-83
206000613,1638,254,1384
207000001,121,592,-471
207000002,104,294,-190
207000003,174,136,38
207000007,1344,277,1067
207000008,180,24,156
207000009,51,52,-1
207000010,406,290,116
207000012,507,247,260
207000015,218,779,-561
207000019,215,68,147
207000021,554,175,379
207000022,230,137,93
207000023,232,57,175
207000024,8,9,-1
207000025,15,52,-37
207000026,63,44,19
207000027,13,72,-59
207000028,42,141,-99
207000029,195,342,-147
207000033,210,438,-228
207000034,287,127,160
207000039,643,93,550
207000040,600,81,519
207000041,112,24,88
207000042,288,45,243
207000043,240,171,69
207000051,145,191,-46
207000052,18,109,-91
207000053,476,439,37
207000054,48,107,-59
207000055,190,117,73
207000056,355,267,88
207000057,145,243,-98
207000058,204,229,-25
207000059,96,311,-215
207000060,67,130,-63
207000061,186,675,-489
207000062,397,27,370
207000063,439,81,358
207000064,367,90,277
207000065,404,193,211
207000066,249,155,94
207000067,56,84,-28
207000068,162,54,108
207000069,697,301,396
207000082,10,126,-116
207000083,111,193,-82
207000084,377,267,110
207000085,260,10,250
207000086,278,9,269
207000106,64,28,36
207000107,100,25,75
207000108,99,15,84
207000109,75,16,59
207000110,71,85,-14
207000111,104,117,-13
207000112,133,738,-605
207000114,19,27,-8
207000115,22,76,-54
207000116,32,399,-367
207000117,9,84,-75
207000118,7,36,-29
207000119,24,50,-26
207000123,229,29,200
207000124,82,24,58
207000125,95,76,19
207000126,55,61,-6
207000134,98,127,-29
207000135,26,142,-116
207000148,100,390,-290
207000149,66,37,29
207000152,124,335,-211
207000153,672,1260,-588
207000154,324,150,174
207000159,126,128,-2
207000160,162,228,-66
207000238,1,150,-149
207000242,8,165,-157
207000248,40,31,9
207000249,95,32,63
207000250,514,72,442
207000251,100,75,25
207000252,124,58,66
207000278,143,81,62
207000279,30,102,-72
207000280,782,74,708
207000281,131,510,-379
207000282,99,161,-62
207000283,46,154,-108
207000284,36,346,-310
207000285,69,71,-2
207000291,18,84,-66
207000304,109,33,76
207000306,75,285,-210
207000310,113,78,35
207000353,300,4,296
207000356,5,45,-40
207000357,15,19,-4
207000358,6,27,-21
207000415,6,171,-165
207000417,73,2,71
207000418,99,131,-32
207000438,1,1,0
207000439,670,886,-216
207000446,228,5,223
207000460,51,6,45
207000466,170,107,63
207000467,419,94,325
207000468,51,166,-115
207000476,20,38,-18
207000477,951,70,881
207000478,3,72,-69
207000523,0,8,-8
207000524,50,1,49
207000527,141,137,4
207000530,672,13,659
207000531,489,17,472
207000532,169,30,139
207000534,343,68,275
207000535,42,356,-314
207000537,19,83,-64
207000540,10,163,-153
207000541,2,243,-241
207000548,7,166,-159
207000549,540,20,520
207000561,221,243,-22
207000562,46,157,-111
207000567,150,195,-45
207000568,295,48,247
207000569,673,548,125
207000584,315,181,134
207000585,65,493,-428
207000587,68,28,40
207000616,0,77,-77
207000617,311,0,311
207000624,10,11,-1
207000631,2,22,-20
207900008,307,86,221
208000001,707,1050,-343
208000002,855,474,381
208000003,1293,420,873
208000004,1067,689,378
208000005,8,9,-1
208000019,689,839,-150
208000020,205,464,-259
208000021,349,326,23
208000022,1008,373,635
208000028,935,1132,-197
208000033,641,471,170
208000034,1170,1151,19
208000037,288,22,266
208000040,291,191,100
208000041,873,603,270
208000042,948,670,278
208000047,131,216,-85
208000064,2404,1391,1013
208000066,1737,2660,-923
208000070,455,310,145
208000071,528,684,-156
208000072,563,1143,-580
208000080,315,327,-12
208000081,438,131,307
208000082,386,237,149
208000083,183,323,-140
208000084,20,21,-1
208000085,686,510,176
208000086,553,901,-348
208000087,506,687,-181
208000089,1310,346,964
208000090,1180,480,700
208000093,188,227,-39
208000094,503,357,146
208000095,769,413,356
208000104,1156,876,280
208000105,809,965,-156
208000114,145,389,-244
208000115,522,319,203
208000116,665,1084,-419
208000117,177,196,-19
208000118,93,169,-76
208000155,644,895,-251
208000158,1237,3824,-2587
208000186,3167,4388,-1221
208000204,690,1046,-356
208000205,1303,823,480
208000282,4633,3178,1455
209000004,367,179,188
209000005,46,34,12
209000006,464,153,311
209000007,282,259,23
209000010,288,91,197
209000011,193,180,13
209000012,107,114,-7
209000013,202,169,33
209000014,420,680,-260
209000025,446,48,398
209000026,743,123,620
209000027,397,527,-130
209000028,521,409,112
209000029,425,477,-52
209000030,331,838,-507
209000031,1726,1295,431
209000034,231,278,-47
209000035,159,178,-19
209000036,225,104,121
209000037,369,201,168
209000038,176,165,11
209000039,96,131,-35
209000040,318,524,-206
209000041,211,363,-152
209000042,265,340,-75
209000043,717,827,-110
209000044,272,877,-605
209000045,1328,443,885
209000046,654,537,117
209000047,504,218,286
209000048,699,346,353
209000049,100,86,14
209000050,241,125,116
209000051,266,191,75
209000052,140,152,-12
209000062,39,59,-20
209000063,40,58,-18
209000064,40,56,-16
209000065,93,16,77
209000066,99,20,79
209000067,109,33,76
209000080,16,163,-147
209000082,63,35,28
209000091,32,66,-34
209000093,88,20,68
209000094,93,188,-95
209000110,55,135,-80
209000111,599,1496,-897
209000112,1233,454,779
209000113,1795,414,1381
209000114,847,426,421
209000115,81,70,11
209000116,397,273,124
209000118,15,25,-10
209000119,20,11,9
209000121,137,325,-188
209000135,81,169,-88
209000142,786,1717,-931
209000143,47,43,4
209000144,43,110,-67
209000229,330,176,154
209000240,40,219,-179
209000259,76,79,-3
209000260,46,923,-877
209000261,4,424,-420
209000262,11,300,-289
209000263,1,175,-174
209000264,1,261,-260
209000265,505,7,498
209000266,194,3,191
209000267,1137,11,1126
209000268,668,68,600
210000037,85,50,35
210000047,93,15,78
210000048,89,22,67
210000049,71,8,63
210000052,82,69,13
210000053,23,36,-13
210000054,19,50,-31
210000070,124,1,123
210000071,96,0,96
210000072,24,0,24
210000073,0,19,-19
210000074,0,67,-67
210000075,2,87,-85
210000076,10,102,-92
210000077,8,57,-49
210000078,23,87,-64
210000079,25,7,18
210000080,47,64,-17
210000081,170,32,138
210000082,74,4,70
210000083,123,0,123
210000084,65,0,65
210000085,1,51,-50
210000086,2,80,-78
210000099,53,186,-133
210000100,31,126,-95
210000101,49,129,-80
210000105,29,164,-135
210000159,0,189,-189
210000163,103,253,-150
210000164,290,153,137
210000168,111,44,67
210000187,0,18,-18
210000188,1,16,-15
210000214,32,0,32
210000219,42,39,3
210000220,141,28,113
210000232,4,22,-18
210000233,45,50,-5
210000234,25,131,-106
210000235,88,72,16
210000245,0,45,-45
210000246,20,0,20
210000258,14,73,-59
210000259,299,62,237
210000282,91,187,-96
210000285,2,90,-88
210000286,26,127,-101
210000290,4,13,-9
210000295,29,90,-61
210000296,51,25,26
210000320,205,34,171
210000321,164,45,119
210000338,68,64,4
210000339,250,1187,-937
210000340,87,358,-271
210000341,229,269,-40
210000342,221,170,51
210000343,189,173,16
210000344,128,122,6
210000345,107,239,-132
210000346,78,103,-25
210000347,38,29,9
210000348,113,18,95
210000349,52,18,34
210000350,154,55,99
210000351,200,93,107
210000352,69,27,42
210000353,58,68,-10
210000354,67,72,-5
210000355,37,47,-10
210000356,17,64,-47
210000357,32,41,-9
210000358,210,123,87
210000359,75,76,-1
210000360,153,118,35
210000361,145,129,16
210000362,240,143,97
210000363,568,202,366
210000364,72,131,-59
210000365,106,62,44
210000366,142,41,101
210000367,97,39,58
210000368,172,43,129
210000369,34,25,9
210000370,46,38,8
210000372,17,23,-6
210000373,21,15,6
210000374,40,22,18
210000375,32,39,-7
210000376,46,87,-41
210000404,36,94,-58
210000439,31,20,11
210000472,59,4,55
210000482,38,86,-48
210000564,207,267,-60
210000567,3,50,-47
210000568,203,2,201
211000092,72,72,0
211000094,27,21,6
211000169,227,14,213
211000172,24,244,-220
211000209,2,16,-14
211000226,23,39,-16
211000270,39,9,30
211000275,28,7,21
211000276,169,33,136
211000279,19,18,1
211000281,64,43,21
211507980,3,55,-52
211977296,31,8,23
212000003,137,39,98
212000004,21,30,-9
212000005,24,28,-4
212000006,32,43,-11
212000008,223,89,134
212000009,32,83,-51
212000012,119,78,41
212000013,28,44,-16
212000014,318,125,193
212000015,355,188,167
212000016,555,498,57
212000027,575,306,269
212000028,358,279,79
212000029,214,197,17
212000030,34,29,5
212000031,74,30,44
212000048,23,199,-176
212000049,18,149,-131
212000050,23,7,16
212000051,245,197,48
212000052,209,227,-18
212000053,377,338,39
212000054,312,57,255
212000055,279,122,157
212000056,30,31,-1
212000057,11,14,-3
212000058,135,31,104
212000070,106,139,-33
212000077,115,432,-317
212000099,239,187,52
212000108,192,157,35
212000111,255,106,149
212000120,102,55,47
212000138,178,35,143
212000156,11,83,-72
212000158,1,12,-11
212000159,525,28,497
212000160,782,161,621
212000161,74,13,61
212000310,54,13,41
212000311,21,42,-21
212000374,35,10,25
213000001,38,392,-354
213000005,475,141,334
213000006,1119,367,752
213000007,117,9,108
213000009,692,476,216
213000010,236,296,-60
213000011,207,124,83
213000012,153,257,-104
213000014,89,11,78
213000015,280,10,270
213000016,412,1,411
213000017,112,0,112
213000018,2,99,-97
213000019,2,108,-106
213000020,132,266,-134
213000021,4,105,-101
213000023,408,209,199
213000033,398,1819,-1421
213000034,819,263,556
213000035,131,164,-33
213000045,163,245,-82
213000046,196,130,66
213000047,529,1261,-732
213000056,140,18,122
213000069,58,5,53
213000073,0,43,-43
213000074,55,330,-275
213000075,677,8,669
213000076,35,4,31
213000085,4,47,-43
213000086,30,157,-127
213000091,276,9,267
213000092,111,19,92
213000099,181,999,-818
213000100,1152,256,896
213000101,617,118,499
213000102,718,215,503
213000103,1080,724,356
213000104,89,356,-267
213000105,1,174,-173
213000106,32,106,-74
213000107,142,429,-287
213000108,59,368,-309
213000109,9,197,-188
213000110,47,52,-5
213000111,6,70,-64
213000112,123,148,-25
213000115,78,9,69
213000116,57,314,-257
213000117,6,600,-594
213000118,586,239,347
213000119,59,498,-439
213000120,134,365,-231
213000122,140,409,-269
213000123,318,852,-534
213000124,137,1152,-1015
213000125,178,37,141
213000126,76,125,-49
213000127,105,232,-127
213000128,316,1001,-685
213000129,352,855,-503
213000130,842,418,424
213000132,693,156,537
213000133,753,160,593
213000134,1039,11,1028
213000136,581,17,564
213000137,830,74,756
213000139,190,21,169
213000147,44,9,35
213000148,11,8,3
213000149,37,4,33
213000150,0,129,-129
213000151,7,122,-115
213000152,6,81,-75
213000153,4,124,-120
213000154,42,407,-365
213000155,55,251,-196
213000156,144,362,-218
213000157,705,346,359
213000158,403,922,-519
213000159,649,440,209
213000163,1307,114,1193
213000165,1039,305,734
213000171,1,60,-59
213000172,4,178,-174
213000173,1,157,-156
213000174,1,83,-82
213000175,6,43,-37
213000176,69,32,37
213000177,122,10,112
213000178,248,6,242
213000179,294,1,293
213000180,259,1,258
213000184,91,401,-310
213000188,432,116,316
213000189,566,58,508
213000190,990,715,275
213000191,492,313,179
213000192,334,252,82
213000193,608,254,354
213000194,0,75,-75
213000195,26,369,-343
213000196,289,1061,-772
213000197,522,477,45
213000198,54,1,53
213000200,126,656,-530
213000201,41,55,-14
213000202,20,431,-411
213000203,2767,613,2154
213000204,795,93,702
213000205,361,64,297
213000206,469,30,439
213000207,73,6,67
213000208,82,4,78
213000209,152,3,149
213000210,312,4,308
213000211,7,28,-21
213000212,14,28,-14
213000213,9,37,-28
213000218,240,409,-169
213000219,622,18,604
213000220,524,10,514
213000223,169,255,-86
213000224,51,60,-9
213000225,124,10,114
213000226,72,12,60
213000227,1179,177,1002
213000228,472,87,385
213000229,106,21,85
213000230,408,37,371
213000232,49,950,-901
213000233,8,763,-755
213000234,11,57,-46
213000293,23,68,-45
213000294,121,18,103
213000295,8,94,-86
213000296,60,10,50
213000297,4,69,-65
213000298,21,74,-53
213000299,40,31,9
213000300,9,15,-6
213000303,5,40,-35
213000304,1,21,-20
213000305,5,16,-11
213000306,53,46,7
213000307,145,71,74
213000308,90,109,-19
213000309,244,72,172
213000310,431,187,244
213000311,243,882,-639
213000315,102,88,14
213000316,207,61,146
213000322,112,107,5
213000323,166,72,94
213000324,68,26,42
213000325,72,55,17
213000326,51,18,33
213000327,53,28,25
213000328,31,150,-119
213000329,136,24,112
213000340,197,351,-154
213000341,757,127,630
213000346,282,303,-21
213000347,615,499,116
213000348,11,116,-105
213000349,23,14,9
213000350,323,732,-409
213000366,75,241,-166
213000367,264,15,249
213000379,63,83,-20
213000386,10,344,-334
213000406,112,392,-280
213000417,1501,436,1065
213000425,316,39,277
213000426,182,50,132
213000427,51,191,-140
213000428,73,171,-98
213000429,13,1,12
213000430,108,514,-406
213000431,44,4,40
213000432,1,41,-40
213000433,19,125,-106
213000434,113,136,-23
213000435,133,83,50
213000436,59,54,5
213000437,0,7,-7
213000438,217,64,153
213000439,36,15,21
213000440,12,317,-305
213000441,3,1,2
213000442,0,26,-26
213000443,478,352,126
213000444,68,30,38
213000445,0,66,-66
213000446,1,38,-37
213000447,0,35,-35
213000448,14,152,-138
213000449,684,0,684
213000450,25,32,-7
213000451,317,79,238
213000452,27,16,11
213000453,25,233,-208
213000455,228,6,222
213000456,0,378,-378
213000481,4,7,-3
213000482,49,1,48
213000489,312,61,251
213000491,2,152,-150
213000492,143,3,140
213000493,1,93,-92
213000494,350,130,220
213000495,0,73,-73
213000496,489,130,359
213000497,29,238,-209
213000498,133,130,3
213000499,268,320,-52
213000500,625,78,547
213000501,162,34,128
213000502,189,148,41
213000503,1,54,-53
213000504,18,56,-38
213000505,19,14,5
213000506,0,11,-11
213000507,6,103,-97
213900244,38,0,38
213900245,0,25,-25
218000003,11,23,-12
218000004,27,21,6
218000005,45,55,-10
218000006,42,41,1
218000007,11,18,-7
218000012,147,134,13
218000013,122,151,-29
218000014,378,374,4
218000019,614,519,95
218000020,296,405,-109
218000021,19,35,-16
218000022,13,18,-5
218000023,2,18,-16
218000024,1,6,-5
218000025,3,8,-5
218000026,13,8,5
218000027,0,10,-10
218000028,4,3,1
218000029,2,4,-2
218000030,12,11,1
218000031,3,13,-10
218000032,0,18,-18
218000040,7,6,1
218000046,34,74,-40
218000047,16,105,-89
218000048,65,78,-13
218000049,96,84,12
218000050,285,189,96
218000051,79,209,-130
218000052,0,92,-92
218000053,3,22,-19
218000054,5,62,-57
218000055,7,26,-19
218000056,14,29,-15
218000057,4,25,-21
218000064,3,5,-2
218000065,83,32,51
218000066,9,34,-25
218000067,62,73,-11
218000068,174,86,88
218000069,290,74,216
218000070,227,153,74
218000071,206,104,102
218000072,211,146,65
218000078,885,557,328
218000079,162,74,88
218000080,263,56,207
218000081,565,187,378
218000082,61,78,-17
218000083,77,69,8
218000084,195,96,99
218000085,160,244,-84
218000086,56,108,-52
218000087,201,132,69
218000090,9,84,-75
218000091,1241,476,765
218000092,110,123,-13
218000093,87,69,18
218000094,499,463,36
218000099,299,625,-326
218000100,290,236,54
218000101,378,96,282
218000102,424,150,274
218000103,111,100,11
218000104,82,34,48
218000105,33,32,1
218000106,10,6,4
218000107,70,44,26
218000108,9,21,-12
218000112,39,23,16
218000117,39,45,-6
218000134,579,403,176
218000135,20,78,-58
218000136,199,90,109
218000137,202,105,97
218000138,52,61,-9
218000139,242,311,-69
218000140,543,232,311
218000141,77,52,25
218000142,246,161,85
218000143,93,323,-230
218000144,46,93,-47
218000145,437,279,158
218000146,97,160,-63
218000151,13,17,-4
218000152,148,44,104
218000153,14,2,12
218000154,18,2,16
218000155,17,1,16
218000156,60,12,48
218000157,37,8,29
218000158,9,7,2
218000159,4,2,2
218000160,7,4,3
218000161,48,3,45
218000162,46,8,38
218000163,14,4,10
218000164,45,9,36
218000165,71,28,43
218000170,5,29,-24
218000171,43,10,33
218000172,5,7,-2
218000173,7,13,-6
218000174,9,11,-2
218000176,126,28,98
218000177,187,154,33
218000178,55,163,-108
218000179,97,59,38
218000180,66,27,39
218000181,116,38,78
218000187,15,26,-11
218000188,34,47,-13
218000189,13,37,-24
218000190,16,16,0
218000191,156,40,116
218000192,233,146,87
218000193,313,241,72
218000194,132,200,-68
218000195,126,50,76
218000196,458,180,278
218000197,499,260,239
218000198,17,79,-62
218000199,32,22,10
218000200,60,14,46
218000201,17,6,11
218000202,70,270,-200
218000207,1,13,-12
218000208,27,27,0
218000211,52,24,28
218000212,1,13,-12
218000213,135,223,-88
218000214,6,49,-43
218000215,34,46,-12
218000217,5,64,-59
218000218,183,45,138
218000219,13,22,-9
218000220,53,457,-404
218000221,538,110,428
218000222,4,30,-26
218000223,25,393,-368
218000224,8,223,-215
218000225,151,25,126
218000226,121,50,71
218000230,0,7,-7
218000232,48,49,-1
218000239,133,6,127
218000240,5,3,2
218000241,24,1,23
218000242,20,1,19
218000243,20,3,17
218000244,66,1,65
218000245,59,6,53
218000246,0,1,-1
218000247,0,0,0
218000248,0,30,-30
218000249,0,5,-5
218000250,0,30,-30
218000251,1,28,-27
218000252,3,42,-39
218000253,2,64,-62
218000254,0,39,-39
218000255,3,22,-19
218000256,4,72,-68
218000267,321,846,-525
218000268,8,37,-29
218000269,0,11,-11
218000270,99,27,72
218000271,12,29,-17
218000273,33,6,27
218000274,16,3,13
218000275,19,44,-25
218000276,19,28,-9
218000278,17,25,-8
218000279,100,39,61
218000280,3,24,-21
218000281,24,15,9
218000282,534,579,-45
218000284,63,3,60
218000301,91,115,-24
218000302,83,51,32
218000303,18,27,-9
218000316,829,860,-31
218000317,1516,678,838
218000318,891,535,356
218000319,1273,786,487
218000320,781,489,292
218000338,32,30,2
218000345,71,53,18
218000346,39,156,-117
218000459,46,174,-128
218000490,22,40,-18
218000501,89,28,61
218000502,55,50,5
218000503,154,17,137
218000504,161,20,141
218000505,44,118,-74
218000506,42,214,-172
218000508,3,15,-12
218000510,160,20,140
218000520,140,103,37
218000521,6,40,-34
218000522,1,178,-177
218000523,137,0,137
218000524,25,338,-313
218000525,90,20,70
218000526,25,174,-149
218000529,40,92,-52
218000530,20,1,19
218000531,15,9,6
218000532,30,12,18
218000534,210,21,189
218000537,17,60,-43
218000538,110,259,-149
218000540,203,111,92
218000543,170,32,138
218000544,23,52,-29
218000545,88,64,24
218000546,54,58,-4
218000547,107,152,-45
218000548,133,67,66
218000549,564,537,27
218000550,210,211,-1
218000551,86,906,-820
218000552,272,59,213
218000553,53,82,-29
218000554,38,47,-9
218000555,24,79,-55
218000556,153,154,-1
218000557,339,137,202
218000558,51,0,51
218000559,0,39,-39
218000560,0,42,-42
218000561,13,0,13
218000562,53,183,-130
218000563,158,18,140
218000564,7,122,-115
218000565,125,46,79
218000566,171,49,122
218000567,4,99,-95
218000568,17,5,12
218000569,11,255,-244
218000570,103,13,90
218000571,2,87,-85
218000572,124,1,123
218000573,5,136,-131
218000574,64,25,39
218000575,108,0,108
218000576,2,66,-64
218000577,103,2,101
218000578,1,71,-70
218000579,46,20,26
218000581,4,35,-31
218000582,50,6,44
218000583,5,0,5
218000584,0,10,-10
218000585,34,0,34
218000586,11,27,-16
218000587,1,1,0
218000588,3,7,-4
218000589,0,5,-5
218000590,3,4,-1
218000591,1,3,-2
218000592,8,1,7
218000593,6,2,4
218000594,0,0,0
218000597,0,0,0
218000598,0,0,0
218000599,1,0,1
218000600,0,0,0
218000601,0,1,-1
218000602,0,3,-3
218000603,0,6,-6
218000604,6,1,5
218000605,0,13,-13
218000606,57,0,57
218000607,20,50,-30
218000608,83,22,61
218000609,6,50,-44
218000610,75,3,72
218000611,32,0,32
218000612,0,15,-15
218000613,54,1,53
218000614,0,41,-41
218000615,159,2,157
218000616,3,144,-141
218000617,33,1,32
218000618,1,12,-11
218000619,27,26,1
218000620,9,32,-23
218000621,0,2,-2
218000622,1,11,-10
218000623,114,3,111
218000624,3,4,-1
218000625,5,0,5
218000626,1,3,-2
218000628,171,39,132
218000631,33,8,25
218000632,0,70,-70
218000633,167,2,165
218000634,5,15,-10
218000635,5,3,2
218000636,852,745,107
218000637,1062,373,689
218000638,222,20,202
218000639,16,117,-101
218000640,264,31,233
218000641,72,192,-120
218000652,40,49,-9
218000653,149,30,119
218000663,6,121,-115
218000675,48,91,-43
218000676,3,13,-10
218000677,10,5,5
218000680,209,205,4
218000681,470,176,294
218000691,213,117,96
218000693,405,157,248
218000703,4,16,-12
218000718,180,963,-783
218000719,355,823,-468
218000720,11,192,-181
218000721,95,24,71
218000725,3,5,-2
218001147,4,59,-55
218001214,7,38,-31
218001258,120,1,119
218001329,106,112,-6
218001330,68,73,-5
218001351,31,15,16
218001352,23,29,-6
218001353,10,5,5
218001354,0,20,-20
218001355,9,134,-125
218001356,551,28,523
218001357,16,66,-50
218001358,411,12,399
218001361,356,3,353
218001362,2,62,-60
219000001,44,46,-2
219000002,31,39,-8
219000003,82,28,54
219000004,58,59,-1
219000017,75,28,47
219000020,161,31,130
219000022,168,4,164
219000023,115,0,115
219000029,0,48,-48
219000034,36,25,11
219000039,96,135,-39
219000040,53,82,-29
219000041,157,18,139
219000051,1,44,-43
219000052,0,17,-17
219000053,0,68,-68
219000054,20,69,-49
219000055,263,2,261
219000056,7,1,6
219000057,71,0,71
219000062,12,83,-71
219000063,75,4,71
219000064,0,56,-56
219000110,359,110,249
219000111,143,44,99
219000112,199,65,134
219000113,173,55,118
219000114,203,92,111
219000116,114,61,53
219000117,161,44,117
219000118,130,29,101
219000123,188,53,135
219000124,104,46,58
219000125,22,3,19
219000126,58,154,-96
219000127,0,4,-4
219000128,7,97,-90
219000129,12,98,-86
219000130,260,392,-132
219000131,564,859,-295
219000133,26,55,-29
219000134,17,28,-11
219000135,26,62,-36
219000136,103,189,-86
219000138,87,24,63
219000139,39,42,-3
219000140,99,8,91
219000141,40,65,-25
219000142,19,47,-28
219000143,13,57,-44
219000145,26,43,-17
219000146,11,25,-14
219000147,5,15,-10
219000148,3,26,-23
219000149,6,42,-36
219000150,4,36,-32
219000151,2,16,-14
219000157,246,101,145
219000158,143,219,-76
219000161,136,15,121
219000163,1042,412,630
219000166,100,167,-67
219000167,109,198,-89
219000168,344,106,238
219000174,462,146,316
219000175,83,2,81
219000176,159,9,150
219000177,52,2,50
219000178,65,0,65
219000179,22,8,14
219000180,47,46,1
219000182,145,4,141
219000183,81,38,43
219000184,93,18,75
219000185,3,32,-29
219000186,66,16,50
219000187,35,43,-8
219000189,56,150,-94
219000190,65,176,-111
219000191,380,1202,-822
219000192,158,141,17
219000193,216,137,79
219000195,3,39,-36
219000196,8,77,-69
219000198,25,73,-48
219000199,51,231,-180
219000200,44,144,-100
219000201,72,124,-52
219000203,25,119,-94
219000204,58,232,-174
219000205,51,198,-147
219000207,185,199,-14
219000209,30,75,-45
219000210,47,90,-43
219000213,6,120,-114
219000239,193,184,9
219000240,271,326,-55
219000241,119,104,15
219000242,54,127,-73
219000243,118,174,-56
219000244,17,65,-48
219000245,20,40,-20
219000246,33,16,17
219000247,220,29,191
219000248,487,445,42
219000249,175,110,65
219000250,191,90,101
219000251,639,223,416
219000252,236,157,79
219000253,460,127,333
219000255,156,132,24
219000256,339,92,247
219000257,89,0,89
219000262,162,94,68
219000263,45,95,-50
219000267,3,48,-45
219000268,4,6,-2
219000269,6,1,5
219000270,12,1,11
219000271,118,4,114
219000278,0,6,-6
219000279,0,1,-1
219000283,1,9,-8
219000295,6,83,-77
219000296,55,282,-227
219000297,17,90,-73
219000298,22,100,-78
219000299,479,46,433
219000300,35,110,-75
219000301,194,269,-75
219000302,35,254,-219
219000307,47,32,15
219000308,70,69,1
219000311,236,53,183
219000312,741,138,603
219000313,358,49,309
219000314,71,263,-192
219000315,321,15,306
219000316,680,70,610
219000317,106,13,93
219000320,2,32,-30
219000321,0,23,-23
219000323,12,81,-69
219000325,3,9,-6
219000326,69,50,19
219000327,66,31,35
219000328,28,46,-18
219000329,291,147,144
219000330,57,42,15
219000331,58,44,14
219000332,156,92,64
219000333,23,4,19
219000335,120,2,118
219000337,26,0,26
219000338,51,0,51
219000344,14,77,-63
219000345,45,41,4
219000346,34,64,-30
219000348,177,68,109
219000349,50,95,-45
219000350,100,253,-153
219000351,4,17,-13
219000352,342,77,265
219000353,107,41,66
219000354,216,76,140
219000355,162,59,103
219000356,754,1366,-612
219000363,179,49,130
219000364,102,42,60
219000365,101,19,82
219000366,214,324,-110
219000368,316,550,-234
219000370,823,637,186
219000371,6,22,-16
219000382,11,34,-23
219000383,452,1104,-652
219000385,423,401,22
219000386,595,1601,-1006
219000387,1,14,-13
219000390,3,0,3
219000391,5,1,4
219000397,81,42,39
219000398,69,60,9
219000401,12,76,-64
219000402,32,62,-30
219000403,133,309,-176
219000404,19,117,-98
219000407,5,20,-15
219000409,80,42,38
219000410,102,46,56
219000411,64,18,46
219000446,104,326,-222
219000447,2,28,-26
219000448,3,7,-4
219000452,136,80,56
219000453,54,184,-130
219000454,162,288,-126
219000556,344,86,258
219000558,147,101,46
219000590,38,117,-79
219000591,113,84,29
219000592,94,220,-126
219000595,1,21,-20
219000635,217,48,169
219000636,38,38,0
219000657,49,21,28
219000658,57,133,-76
219000673,1,30,-29
219000676,18,4,14
219000679,38,7,31
219000684,83,2,81
219000685,1,42,-41
219000686,2,5,-3
219000688,0,57,-57
219000689,36,171,-135
219000690,171,14,157
219000691,61,149,-88
219000692,161,26,135
219000693,1,15,-14
219000694,11,1,10
219000695,24,6,18
219000698,11,0,11
219000699,0,16,-16
219000727,1,124,-123
219000728,74,1,73
219000770,73,0,73
219000771,1,42,-41
219000788,283,265,18
219001150,0,42,-42
219001151,0,3,-3
219001166,51,36,15
219001167,3,49,-46
219001178,69,1,68
220000001,29,64,-35
220000002,27,103,-76
220000003,335,195,140
220000004,454,338,116
220000005,918,1504,-586
220000006,166,637,-471
220000007,393,359,34
220000008,362,502,-140
220000009,299,362,-63
220000010,152,79,73
220000011,339,2723,-2384
220000012,85,295,-210
220000014,136,43,93
220000015,45,246,-201
220000017,72,202,-130
220000018,3322,1965,1357
220000019,94,328,-234
220000020,405,198,207
220000021,773,196,577
220000022,986,394,592
220000023,377,187,190
220000024,1787,387,1400
220000025,881,1116,-235
220000026,359,381,-22
220000027,32,114,-82
220000028,58,54,4
220000029,52,81,-29
220000030,54,77,-23
220000031,615,351,264
220000064,19,865,-846
221000046,8,0,8
221000047,0,3,-3
221000048,0,0,0
221000049,0,8,-8
221000050,23,1,22
221000055,40,42,-2
221000057,77,12,65
221000068,344,157,187
221000069,333,66,267
221000070,312,22,290
221000071,105,5,100
221000072,262,9,253
221000073,158,42,116
221000074,1,16,-15
221000075,19,20,-1
221000076,8,23,-15
221000077,25,61,-36
221000081,20,7,13
221000082,81,6,75
221000083,20,4,16
221000084,10,1,9
221000085,10,47,-37
221000086,12,95,-83
221000087,4,97,-93
221000088,18,109,-91
221000089,23,183,-160
221000090,103,364,-261
221000098,123,15,108
221000099,280,6,274
221000100,116,10,106
221000101,203,14,189
221000102,155,21,134
221000109,8,69,-61
221000110,10,73,-63
221000111,23,110,-87
221000112,11,117,-106
221000113,20,91,-71
221000114,7,99,-92
221000120,38,48,-10
221000121,11,64,-53
221000122,64,61,3
221000123,13,15,-2
221000124,25,97,-72
221000155,135,16,119
221000156,55,30,25
221000175,0,14,-14
221000176,0,0,0
221000182,57,9,48
221000241,618,268,350
221000242,133,342,-209
221000243,540,161,379
221000244,250,420,-170
221000245,96,85,11
221000246,43,231,-188
221000247,156,134,22
221000248,161,92,69
221000267,57,606,-549
221000325,44,47,-3
221000331,8,46,-38
221000338,19,27,-8
221000378,263,37,226
221000381,56,74,-18
222000282,7,4,3
222000296,2,15,-13
222000568,368,34,334
222000569,216,55,161
222000570,160,35,125
222000571,322,19,303
222000577,15,84,-69
222000578,30,152,-122
222000579,29,82,-53
222000580,69,574,-505
222000599,0,112,-112
222000600,2,205,-203
222000601,4,756,-752
222000603,16,40,-24
222000604,1,66,-65
222000605,33,23,10
222000606,1,9,-8
222000607,8,10,-2
222000608,22,18,4
222000609,70,115,-45
222000616,485,20,465
222000617,4,26,-22
222000618,4,10,-6
222000620,18,17,1
222000621,32,19,13
222000623,585,9,576
222000624,407,4,403
222000625,656,15,641
222000636,43,4,39
222000686,22,28,-6
222000687,56,36,20
222001066,330,4,326
222001067,43,4,39
222001068,61,8,53
222001069,44,27,17
222001082,14,40,-26
222001083,35,33,2
222001084,2,36,-34
222001085,3,158,-155
222001111,57,61,-4
222001112,163,28,135
222001313,25,7,18
222001314,10,121,-111
222001464,108,36,72
222001465,20,69,-49
222001484,157,45,112
222001485,35,38,-3
222001494,759,130,629
222001495,127,125,2
222001496,380,117,263
222001497,95,251,-156
222001502,29,66,-37
222001503,145,44,101
222001504,57,222,-165
222001505,381,12,369
222001506,47,286,-239
222001507,357,34,323
222001510,644,27,617
222001511,49,231,-182
222001514,724,189,535
222001515,187,345,-158
222001518,397,63,334
222001519,56,146,-90
222001527,242,61,181
222001528,43,104,-61
222001529,339,42,297
222001530,46,125,-79
222001533,99,185,-86
222001534,370,89,281
222001535,304,275,29
222001536,114,165,-51
222001537,379,41,338
222001538,66,317,-251
222001563,972,99,873
222001564,60,293,-233
222001568,210,221,-11
222001576,2,6,-4
222001579,1,19,-18
222001583,26,103,-77
222001584,103,9,94
222001596,602,1254,-652
222001597,1787,344,1443
222001626,0,76,-76
222001650,62,169,-107
222001651,90,656,-566
222001914,225,70,155
222001915,65,168,-103
222001968,520,316,204
222001969,428,430,-2
222001970,169,162,7
222001971,27,15,12
222001972,1,12,-11
225000001,442,181,261
225000002,608,154,454
225000003,815,113,702
225000004,443,229,214
225000005,60,72,-12
225000006,0,98,-98
225000007,1100,1192,-92
225000010,316,10,306
225000011,365,1023,-658
225000012,215,568,-353
225000013,92,93,-1
225000014,738,95,643
225000015,67,82,-15
225000021,878,175,703
225000027,255,460,-205
225000032,699,102,597
225000042,65,488,-423
225000049,47,53,-6
225000050,100,7,93
225000053,9,214,-205
225000058,639,168,471
225000067,249,127,122
225000068,147,210,-63
225000069,103,340,-237
225000070,132,325,-193
225000071,47,115,-68
225000075,22,656,-634
225000076,47,101,-54
225000078,52,40,12
225000085,98,116,-18
225000086,341,78,263
225000087,181,8,173
225000088,16,184,-168
225000089,170,964,-794
225000090,79,458,-379
225000091,172,139,33
225000092,56,61,-5
225000093,249,247,2
225000094,8,157,-149
225000095,294,236,58
225000096,269,304,-35
225000098,952,267,685
225000099,421,172,249
225000100,436,135,301
225000104,102,333,-231
225000110,8,294,-286
225000111,173,713,-540
225000112,270,928,-658
225000113,187,493,-306
225000114,58,237,-179
225000115,1089,533,556
225000116,896,189,707
225000117,704,273,431
225000118,1033,247,786
225000119,256,75,181
225000120,714,52,662
225000121,247,18,229
225000123,531,27,504
225000125,446,118,328
225000126,519,149,370
225000127,594,1509,-915
225000128,544,860,-316
225000132,254,35,219
225000133,218,16,202
225000134,579,135,444
225000135,74,15,59
225000136,297,10,287
225000137,250,26,224
225000138,409,94,315
225000143,21,142,-121
225000144,6,213,-207
225000145,67,32,35
225000146,38,64,-26
225000147,29,154,-125
225000148,9,110,-101
225000149,82,341,-259
225000151,22,101,-79
225000155,329,275,54
225000156,129,747,-618
225000157,233,264,-31
225000158,65,196,-131
225000171,9,130,-121
225000180,29,0,29
225000181,0,63,-63
225000182,80,8,72
225000185,11,488,-477
225000187,46,305,-259
225000191,58,0,58
225000194,0,8,-8
225000208,2,56,-54
225000209,97,9,88
225000210,2,151,-149
225000217,1,16,-15
225000218,7,0,7
225000223,0,41,-41
225000224,41,0,41
225000225,0,28,-28
225000226,36,1,35
225000227,31,44,-13
225000228,7,10,-3
225000229,0,45,-45
225000230,71,0,71
225000231,1,47,-46
225000232,179,0,179
225000241,76,1,75
225000242,1,28,-27
225000249,13,0,13
225000250,40,390,-350
225000251,285,29,256
225000254,2,2,0
225000256,3,13,-10
225000257,0,15,-15
226000042,212,309,-97
226000043,65,228,-163
226000044,103,324,-221
226000045,70,213,-143
226000046,465,94,371
226000047,405,109,296
226000048,416,120,296
226000049,266,157,109
226000070,0,21,-21
226000071,0,66,-66
226000072,0,9,-9
226000073,0,6,-6
226000074,0,8,-8
226000084,0,45,-45
226000085,0,7,-7
226000086,2,10,-8
226000087,3,16,-13
226000088,24,47,-23
226000090,207,119,88
226000091,28,85,-57
226000092,1,25,-24
226000093,23,5,18
226000094,4,6,-2
226000095,4,1,3
226000105,14,1,13
226000106,10,0,10
226000107,12,2,10
226000108,31,0,31
226000109,112,1,111
226000124,135,76,59
226000134,890,381,509
226000135,1716,512,1204
226000136,656,412,244
226000137,0,216,-216
226000138,15,130,-115
226000139,6,33,-27
226000156,237,2,235
226000157,238,26,212
226000163,98,167,-69
226000202,8,175,-167
226000231,487,14,473
226000232,28,9,19
227000033,445,77,368
227000036,477,47,430
227000037,497,35,462
227000038,155,30,125
227000084,0,75,-75
227000085,2,41,-39
227000088,53,5,48
227000089,108,0,108
227000090,28,5,23
227000091,36,1,35
227000092,42,1,41
227000093,152,0,152
227000094,5,1,4
227000130,20,91,-71
227000131,18,125,-107
227000132,9,122,-113
227000133,23,104,-81
227000134,15,200,-185
227000152,0,3,-3
227000153,0,56,-56
227000154,1,36,-35
227000155,1,20,-19
227000156,2,10,-8
227000165,1,46,-45
227000196,392,132,260
227000199,369,275,94
227000230,13,223,-210
227000232,613,23,590
227000242,65,316,-251
227000243,596,66,530
227000245,7,238,-231
227000246,83,274,-191
227000247,591,86,505
227000248,198,45,153
227000249,16,114,-98
227000250,398,197,201
227000251,77,154,-77
227000252,19,184,-165
227000253,176,28,148
227000262,557,67,490
227000266,1710,35,1675
227000267,32,896,-864
227000282,6,98,-92
227000284,611,15,596
227000286,1,44,-43
227000287,20,71,-51
227000291,11,282,-271
227000296,184,209,-25
227000484,214,19,195
227000485,17,679,-662
227000655,215,5,210
227000656,584,31,553
227000657,111,8,103
227000661,380,17,363
227000680,144,25,119
229000265,26,30,-4
229000296,12,8,4
229000297,2,19,-17
229000298,7,123,-116
229000320,9,2,7
229000321,11,9,2
229000412,10,37,-27
229000414,3,41,-38
229000415,21,2,19
229000416,0,5,-5
229000417,2,7,-5
229000419,92,293,-201
229000440,368,63,305
229000442,19,0,19
229000443,14,0,14
229000444,6,36,-30
229000445,56,1,55
229000446,58,13,45
229000491,5,6,-1
229000492,10,35,-25
229000493,1,55,-54
229000494,42,1,41
229000495,120,0,120
229000496,70,5,65
229000507,0,40,-40
229000508,0,35,-35
229000509,0,41,-41
229000510,0,26,-26
229000511,3,20,-17
229000512,0,16,-16
229000513,0,5,-5
229000514,1,2,-1
229000517,3,10,-7
229000518,17,8,9
229000519,5,4,1
229000520,7,35,-28
229000521,79,17,62
229000522,21,4,17
229000523,5,0,5
229000524,6,0,6
229000527,3,0,3
229000528,0,0,0
229000529,12,0,12
229000530,79,0,79
229000531,54,1,53
229000532,13,0,13
229000533,67,0,67
229000534,48,0,48
229000564,68,2,66
229000565,32,0,32
229000566,0,4,-4
229000567,0,27,-27
229000582,79,6,73
229000583,6,4,2
229000584,0,21,-21
229000585,2,38,-36
229000718,0,0,0
229000719,0,3,-3
229000720,0,6,-6
229000721,0,1,-1
229000722,0,7,-7
229000723,0,5,-5
229000724,0,1,-1
229000725,0,2,-2
229000738,1,0,1
229000739,1,0,1
229000740,1,0,1
229000741,25,0,25
229000742,9,0,9
229000743,13,0,13
229000744,1,0,1
229000745,1,0,1
229000746,10,0,10
229000847,73,0,73
229000848,27,1,26
229000849,124,1,123
229000851,48,0,48
229000854,0,9,-9
229000856,0,49,-49
229000857,0,17,-17
229000858,0,17,-17
229000919,19,54,-35
229000930,7,227,-220
229000937,101,18,83
229000966,49,26,23
229000981,38,18,20
229000985,17,48,-31
229000986,2,4,-2
229000987,0,1,-1
229000988,2,2,0
229000989,2,2,0
229000990,0,1,-1
229000991,3,0,3
229000992,12,3,9
229000993,122,7,115
229000998,4,38,-34
229000999,51,4,47
229001034,0,8,-8
229001035,1,1,0
229001037,25,2,23
229001042,8,12,-4
229001047,7,30,-23
229001050,24,40,-16
229001168,0,9,-9
229001200,28,3,25
229001338,1,16,-15
229001394,212,1,211
229001422,133,33,100
229001423,47,111,-64
229001431,59,40,19
229001432,45,62,-17
229001444,188,56,132
229001445,25,137,-112
229001479,24,4,20
229001503,211,60,151
229001504,108,109,-1
229001505,110,36,74
229001506,79,80,-1
229001509,33,8,25
229001545,105,9,96
229001546,17,76,-59
229001553,117,16,101
229001554,38,88,-50
229001559,1,10,-9
229001560,11,24,-13
229001630,24,4,20
229001631,3,18,-15
229001635,0,18,-18
229001636,12,2,10
229001658,2,88,-86
229001659,66,1,65
229001660,34,8,26
229001661,16,16,0
229001662,14,0,14
229001663,0,18,-18
229002584,211,109,102
229002831,109,174,-65
229002841,14,11,3
229002842,18,17,1
229002843,69,11,58
229002844,63,40,23
229002845,11,89,-78
229002846,46,19,27
229002847,2,9,-7
229002848,15,13,2
229002849,2,118,-116
229002850,21,0,21
229002851,75,240,-165
229002852,281,35,246
229002853,188,20,168
229002854,52,63,-11
229002855,10,47,-37
229002856,31,17,14
229002857,14,256,-242
229002858,24,7,17
229002859,53,268,-215
229002860,367,32,335
229002861,87,14,73
229002862,46,33,13
229002863,38,13,25
229002864,36,25,11
229002865,15,10,5
229002866,20,12,8
229002867,5,13,-8
229002868,11,8,3
229002869,12,90,-78
229002870,75,13,62
235000066,374,65,309
235000067,101,101,0
235000072,41,64,-23
235000073,119,349,-230
235000074,77,45,32
235000080,26,66,-40
235000081,102,105,-3
235000082,177,20,157
235000083,271,57,214
235000084,60,41,19
235000085,223,46,177
235000089,22,34,-12
235000092,41,127,-86
235000093,5,6,-1
235000097,1,3,-2
235000098,97,11,86
235000099,67,19,48
235000116,56,17,39
235000117,457,14,443
235000133,12,618,-606
235000134,21,195,-174
235000206,22,8,14
235000207,3,2,1
235000208,7,3,4
235000209,6,0,6
235000210,13,1,12
235000212,3,11,-8
235000213,2,13,-11
235000220,0,8,-8
235000221,37,22,15
235000238,17,120,-103
235000239,0,12,-12
235000242,236,709,-473
235000245,560,161,399
235000246,12,42,-30
235000284,35,124,-89
235000295,84,16,68
235000305,249,17,232
235000306,353,8,345
235000307,26,0,26
235000308,14,1,13
235000309,70,2,68
235000310,39,1,38
235000311,61,20,41
235000322,0,30,-30
235000323,4,63,-59
235000324,1,22,-21
235000325,0,6,-6
235000326,9,91,-82
235000351,4,60,-56
235000352,7,32,-25
235000353,5,24,-19
235000354,20,30,-10
235000355,11,64,-53
235000356,76,4,72
235000357,37,4,33
235000358,53,6,47
235000359,19,6,13
235000360,43,38,5
235000361,45,18,27
235000381,121,112,9
235000382,283,27,256
235000390,13,1,12
235000391,210,10,200
235000392,215,279,-64
235000393,175,149,26
235000395,138,45,93
235000396,472,64,408
235000400,81,55,26
235000401,22,128,-106
235000405,95,166,-71
235000406,38,203,-165
235000407,55,57,-2
235000409,144,80,64
235000410,58,201,-143
235000411,1,51,-50
235000485,0,8,-8
235000486,12,0,12
235000549,119,61,58
235000550,146,151,-5
235000599,204,44,160
235000600,5,17,-12
235000601,5,17,-12
235000602,141,41,100
235000614,4,9,-5
235000648,3,23,-20
235000649,39,6,33
235000685,0,0,0
235000815,17,57,-40
235000834,0,10,-10
235000855,42,41,1
235000862,15,94,-79
235000891,0,17,-17
235000892,14,2,12
235000901,123,97,26
235000907,12,9,3
235001010,125,57,68
235001029,426,291,135
235001030,437,275,162
235001078,102,77,25
235001079,60,78,-18
235001147,7,30,-23
235001166,13,51,-38
235001167,65,44,21
235001169,24,195,-171
235001188,1,7,-6
235001189,10,1,9
235001197,8,11,-3
235001200,68,37,31
235001207,182,46,136
235001210,23,75,-52
235001215,12,100,-88
235001239,15,23,-8
235001244,0,7,-7
235016267,1,65,-64
277101746,0,0,0
277102712,2,1,1
277103813,0,0,0
277103814,0,0,0
277103898,0,1,-1
277104249,1,1,0
277104250,0,5,-5
277104251,0,4,-4
277104252,0,4,-4
990011530,0,177,-177
990014944,0,335,-335
990015176,75,0,75
990015618,1,81,-80
990016032,0,273,-273
990032570,28,50,-22
990070001,73,6,67
990070103,0,7,-7
990070601,0,46,-46
990070751,1219,56,1163
990070766,0,268,-268
990071180,488,141,347
990071343,8,0,8
990071387,0,10,-10
990071823,455,4,451
990072600,2,1127,-1125
990072964,1,272,-271
990073285,0,2,-2
990074393,0,655,-655
990074870,1544,13,1531
990075106,1533,7,1526
990075746,493,3,490
990076437,1752,2,1750
990076458,0,397,-397
997000007,507,4,503
997000041,0,208,-208
997000058,65,1,64
997000062,14,0,14
997000069,0,7,-7
997000070,1,31,-30
997000100,56,0,56
997000141,2,1783,-1781
997000198,197,1177,-980
998000475,6,36,-30
998000736,0,144,-144
998000965,0,8,-8
998001031,0,57,-57
998001700,0,2,-2
998001899,0,1,-1
998001900,7,2,5
998003073,1045,20,1025
998101900,0,0,0
998102850,6,274,-268
998501927,1077,912,165
998501929,140,2,138
998501930,70,8,62
998501931,160,24,136
998501932,1,0,1
998501933,65,0,65
998501937,12,0,12
998501944,5,0,5
998501950,0,74,-74
998501970,59,1,58
998501971,1,89,-88
998501973,0,37,-37
998501974,1,152,-151
998501975,103,1,102
998501976,162,2,160
998501977,1,27,-26
998501978,23,0,23
998501979,0,11,-11
998501980,48,1,47
998501981,43,2,41
998501982,1,94,-93
998501983,0,29,-29
998502006,0,0,0
998502024,0,4,-4
998502032,0,2,-2
998502062,28,0,28
998502063,0,0,0
998502173,33,0,33
998502269,0,1,-1
998502546,0,179,-179
998502578,0,2,-2
998601159,1,73,-72
998601292,0,33,-33
999033574,1,238,-237
999800001,36,2,34
999800002,0,3,-3
999800003,4,3,1
999800004,0,2,-2
999800005,0,12,-12
