dong,insum,outsum,diff
강남구 개포1동,186,416,-230
강남구 개포2동,2631,5067,-2436
강남구 개포4동,1409,2877,-1468
강남구 논현1동,12170,8587,3583
강남구 논현2동,5296,4984,312
강남구 대치1동,5988,3808,2180
강남구 대치2동,7112,5936,1176
강남구 대치4동,7895,5339,2556
강남구 도곡1동,4033,4160,-127
강남구 도곡2동,1983,1357,626
강남구 삼성1동,7600,5668,1932
강남구 삼성2동,3709,3553,156
강남구 세곡동,3035,9950,-6915
강남구 수서동,8339,2383,5956
강남구 신사동,7514,3901,3613
강남구 압구정동,12257,7895,4362
강남구 역삼1동,22245,12785,9460
강남구 역삼2동,5513,5209,304
강남구 일원1동,1951,2311,-360
강남구 일원2동,932,701,231
강남구 일원본동,1798,3478,-1680
강남구 청담동,7578,6676,902
강동구 강일동,1459,5841,-4382
강동구 고덕제1동,901,2399,-1498
강동구 고덕제2동,1506,2090,-584
강동구 길동,2972,3889,-917
강동구 둔촌제1동,42,19,23
강동구 둔촌제2동,2493,2948,-455
강동구 명일제1동,3544,4027,-483
강동구 명일제2동,2132,1801,331
강동구 상일동,4216,5218,-1002
강동구 성내제1동,2401,3547,-1146
강동구 성내제2동,4145,3747,398
강동구 성내제3동,3243,3595,-352
강동구 암사제1동,1239,4476,-3237
강동구 암사제2동,512,522,-10
강동구 암사제3동,194,172,22
강동구 천호제1동,1028,2959,-1931
강동구 천호제2동,7607,5162,2445
강동구 천호제3동,3501,2213,1288
강북구 미아동,5498,5005,493
강북구 번1동,15172,11272,3900
강북구 번2동,1522,4672,-3150
강북구 번3동,1919,6703,-4784
강북구 삼각산동,1509,3454,-1945
강북구 삼양동,2580,7086,-4506
강북구 송중동,23670,20045,3625
강북구 송천동,4633,6495,-1862
강북구 수유1동,2308,4856,-2548
강북구 수유2동,1906,5093,-3187
강북구 수유3동,11582,6436,5146
강북구 우이동,1865,3979,-2114
강북구 월곡제1동,153,231,-78
강북구 인수동,2098,6679,-4581
강서구 가양제1동,3954,3038,916
강서구 가양제2동,444,974,-530
강서구 가양제3동,381,1179,-798
강서구 공항동,1645,2777,-1132
강서구 등촌제1동,3899,5945,-2046
강서구 등촌제2동,1680,4239,-2559
강서구 등촌제3동,4300,5461,-1161
강서구 발산제1동,3909,5259,-1350
강서구 방화제1동,1880,3343,-1463
강서구 방화제2동,753,1082,-329
강서구 방화제3동,75,546,-471
강서구 염창동,1582,3696,-2114
강서구 우장산동,2912,4688,-1776
강서구 화곡본동,1435,3234,-1799
강서구 화곡제1동,8739,10997,-2258
강서구 화곡제2동,609,3001,-2392
강서구 화곡제3동,3067,2767,300
강서구 화곡제4동,1262,3522,-2260
강서구 화곡제6동,4512,5261,-749
강서구 화곡제8동,5556,3575,1981
관악구 낙성대동,9845,13441,-3596
관악구 난곡동,1300,7565,-6265
관악구 난향동,918,3620,-2702
관악구 남현동,4939,4694,245
관악구 대학동,9694,10744,-1050
관악구 미성동,3200,8146,-4946
관악구 보라매동,3476,6108,-2632
관악구 삼성동,2672,10921,-8249
관악구 서림동,3728,10287,-6559
관악구 서원동,19472,10799,8673
관악구 성현동,1656,7589,-5933
관악구 신림동,19006,9755,9251
관악구 신사동,2709,5271,-2562
관악구 신원동,656,2244,-1588
관악구 은천동,5080,7334,-2254
관악구 인헌동,3136,4465,-1329
관악구 조원동,10048,5842,4206
관악구 중앙동,3138,2796,342
관악구 청룡동,10920,5238,5682
관악구 청림동,480,2546,-2066
관악구 행운동,13959,11268,2691
광진구 광장동,1348,1733,-385
광진구 구의제1동,3594,3516,78
광진구 구의제2동,2519,4592,-2073
광진구 구의제3동,3192,1877,1315
광진구 군자동,3941,5884,-1943
광진구 능동,3750,4199,-449
광진구 자양제1동,1060,1348,-288
광진구 자양제2동,2533,6204,-3671
광진구 자양제3동,1289,1836,-547
광진구 자양제4동,6634,5726,908
광진구 중곡제1동,1319,2530,-1211
광진구 중곡제2동,1871,3153,-1282
광진구 중곡제3동,1466,3025,-1559
광진구 중곡제4동,896,2544,-1648
광진구 화양동,7601,5477,2124
구로구 가리봉동,2476,2480,-4
구로구 개봉제1동,7597,9240,-1643
구로구 개봉제2동,5633,5829,-196
구로구 개봉제3동,720,3014,-2294
구로구 고척제1동,2954,6397,-3443
구로구 고척제2동,2088,6749,-4661
구로구 구로제1동,1399,3258,-1859
구로구 구로제2동,7784,8884,-1100
구로구 구로제3동,21877,5682,16195
구로구 구로제4동,4085,3197,888
구로구 구로제5동,8006,4949,3057
구로구 수궁동,4744,5731,-987
구로구 신도림동,11889,5535,6354
구로구 오류제1동,2978,4269,-1291
구로구 오류제2동,1897,2962,-1065
구로구 항동,296,1869,-1573
금천구 가산동,9557,8621,936
금천구 독산제1동,6955,13594,-6639
금천구 독산제2동,2398,5759,-3361
금천구 독산제3동,2993,6767,-3774
금천구 독산제4동,1695,2221,-526
금천구 미성동,18,103,-85
금천구 시흥제1동,8187,10881,-2694
금천구 시흥제2동,1476,5485,-4009
금천구 시흥제3동,2062,2431,-369
금천구 시흥제4동,743,2779,-2036
금천구 시흥제5동,2739,5582,-2843
노원구 공릉1동,5894,5215,679
노원구 공릉2동,4108,5744,-1636
노원구 상계10동,3763,1588,2175
노원구 상계1동,3757,4665,-908
노원구 상계2동,5904,3332,2572
노원구 상계3.4동,409,1581,-1172
노원구 상계5동,3236,3357,-121
노원구 상계6.7동,4874,3530,1344
노원구 상계8동,677,1616,-939
노원구 상계9동,1479,2813,-1334
노원구 월계1동,11031,7138,3893
노원구 월계2동,1726,4758,-3032
노원구 월계3동,2340,3459,-1119
노원구 중계1동,1805,3819,-2014
노원구 중계2.3동,3538,3868,-330
노원구 중계4동,2776,2080,696
노원구 중계본동,2024,4305,-2281
노원구 하계1동,3964,4903,-939
노원구 하계2동,3052,3264,-212
도봉구 도봉제1동,2049,3376,-1327
도봉구 도봉제2동,5044,5293,-249
도봉구 방학제1동,3497,6705,-3208
도봉구 방학제2동,744,4242,-3498
도봉구 방학제3동,1160,4937,-3777
도봉구 쌍문제1동,1424,6154,-4730
도봉구 쌍문제2동,2246,4719,-2473
도봉구 쌍문제3동,2236,1782,454
도봉구 쌍문제4동,980,4806,-3826
도봉구 창제1동,11482,4550,6932
도봉구 창제2동,2020,5489,-3469
도봉구 창제3동,1611,4514,-2903
도봉구 창제4동,6240,4894,1346
도봉구 창제5동,4739,5368,-629
동대문구 답십리제1동,3636,4790,-1154
동대문구 답십리제2동,3191,4750,-1559
동대문구 면목제5동,6,12,-6
동대문구 용신동,14591,13967,624
동대문구 이문제1동,2327,4328,-2001
동대문구 이문제2동,1298,2187,-889
동대문구 장안제1동,7888,6819,1069
동대문구 장안제2동,3418,7210,-3792
동대문구 전농제1동,4572,7643,-3071
동대문구 전농제2동,2197,4660,-2463
동대문구 제기동,7780,8116,-336
동대문구 청량리동,11529,7735,3794
동대문구 회기동,1231,2088,-857
동대문구 휘경제1동,5264,3855,1409
동대문구 휘경제2동,4030,5502,-1472
동작구 노량진제1동,18413,12188,6225
동작구 노량진제2동,7543,5015,2528
동작구 대방동,8543,12167,-3624
동작구 사당제1동,7265,6480,785
동작구 사당제2동,8415,6738,1677
동작구 사당제3동,924,3959,-3035
동작구 사당제4동,214,310,-96
동작구 사당제5동,1362,3707,-2345
동작구 상도제1동,12368,15957,-3589
동작구 상도제2동,4328,6673,-2345
동작구 상도제3동,2725,5963,-3238
동작구 상도제4동,1156,6698,-5542
동작구 신대방제1동,1461,1472,-11
동작구 신대방제2동,4994,6720,-1726
동작구 흑석동,7849,9198,-1349
마포구 공덕동,3816,5693,-1877
마포구 대흥동,6165,4943,1222
마포구 도화동,3230,2657,573
마포구 망원제1동,1882,3762,-1880
마포구 망원제2동,1768,2729,-961
마포구 상암동,9599,8920,679
마포구 서강동,2217,2560,-343
마포구 서교동,35935,14610,21325
마포구 성산제1동,2225,4713,-2488
마포구 성산제2동,3300,7146,-3846
마포구 신수동,537,1415,-878
마포구 아현동,5139,5553,-414
마포구 연남동,1094,1752,-658
마포구 염리동,705,1404,-699
마포구 용강동,3738,3429,309
마포구 합정동,5454,4327,1127
서대문구 남가좌제1동,2027,3509,-1482
서대문구 남가좌제2동,2709,8094,-5385
서대문구 북가좌제1동,1010,2702,-1692
서대문구 북가좌제2동,2992,6321,-3329
서대문구 북아현동,4178,4584,-406
서대문구 신촌동,28454,14504,13950
서대문구 연희동,12836,18893,-6057
서대문구 천연동,3882,5001,-1119
서대문구 충현동,6739,10253,-3514
서대문구 홍은제1동,3145,6467,-3322
서대문구 홍은제2동,4408,11427,-7019
서대문구 홍제제1동,5741,4165,1576
서대문구 홍제제2동,4905,6154,-1249
서대문구 홍제제3동,3462,3989,-527
서초구 내곡동,1735,3468,-1733
서초구 반포1동,7744,5807,1937
서초구 반포2동,2584,1828,756
서초구 반포3동,7335,4328,3007
서초구 반포4동,6391,3529,2862
서초구 반포본동,2757,2988,-231
서초구 방배1동,4097,2360,1737
서초구 방배2동,4137,3384,753
서초구 방배3동,1517,2684,-1167
서초구 방배4동,2842,3503,-661
서초구 방배본동,1743,2681,-938
서초구 서초1동,3264,2641,623
서초구 서초2동,9318,9070,248
서초구 서초3동,6320,5044,1276
서초구 서초4동,9576,6091,3485
서초구 양재1동,11993,12595,-602
서초구 양재2동,4475,7154,-2679
서초구 잠원동,5149,8349,-3200
성동구 금호1가동,1105,2848,-1743
성동구 금호2.3가동,2283,3136,-853
성동구 금호4가동,1754,2708,-954
성동구 마장동,1962,2672,-710
성동구 사근동,3114,1549,1565
성동구 성수1가제1동,1783,1749,34
성동구 성수1가제2동,1513,1074,439
성동구 성수2가제1동,1324,2094,-770
성동구 성수2가제3동,2130,1625,505
성동구 송정동,638,1526,-888
성동구 옥수동,3158,3936,-778
성동구 왕십리도선동,4684,3008,1676
성동구 왕십리제2동,2418,3950,-1532
성동구 용답동,3344,3108,236
성동구 응봉동,785,3177,-2392
성동구 행당제1동,6786,2515,4271
성동구 행당제2동,3076,3426,-350
성북구 길음제1동,5599,7108,-1509
성북구 길음제2동,3212,5331,-2119
성북구 돈암제1동,8118,5858,2260
성북구 돈암제2동,521,3798,-3277
성북구 동선동,14322,8544,5778
성북구 보문동,3093,3361,-268
성북구 삼선동,11372,11249,123
성북구 석관동,2045,3994,-1949
성북구 성북동,5583,5544,39
성북구 안암동,4511,3492,1019
성북구 월곡제1동,3758,5188,-1430
성북구 월곡제2동,3182,2930,252
성북구 장위제1동,1316,6578,-5262
성북구 장위제2동,2474,3677,-1203
성북구 장위제3동,1195,2786,-1591
성북구 정릉제1동,2764,5494,-2730
성북구 정릉제2동,2789,10334,-7545
성북구 정릉제3동,2051,3614,-1563
성북구 정릉제4동,3040,7341,-4301
성북구 종암동,7010,11018,-4008
송파구 가락1동,1681,1818,-137
송파구 가락2동,3399,5265,-1866
송파구 가락본동,5562,6109,-547
송파구 거여1동,803,1324,-521
송파구 거여2동,168,478,-310
송파구 마천1동,573,1949,-1376
송파구 마천2동,1674,5106,-3432
송파구 문정1동,882,2760,-1878
송파구 문정2동,6385,7256,-871
송파구 방이1동,1366,2565,-1199
송파구 방이2동,4986,4444,542
송파구 삼전동,3031,5926,-2895
송파구 석촌동,6693,8812,-2119
송파구 송파1동,4536,4728,-192
송파구 송파2동,1046,1443,-397
송파구 오금동,3387,5749,-2362
송파구 오륜동,2136,1793,343
송파구 위례동,1604,5714,-4110
송파구 잠실2동,1480,1478,2
송파구 잠실3동,13606,6158,7448
송파구 잠실4동,202,285,-83
송파구 잠실6동,5604,2448,3156
송파구 잠실7동,3162,1573,1589
송파구 잠실본동,7711,7280,431
송파구 장지동,1663,2952,-1289
송파구 풍납1동,1732,1601,131
송파구 풍납2동,2843,3612,-769
양천구 목1동,13403,5528,7875
양천구 목2동,8076,9017,-941
양천구 목3동,4146,6006,-1860
양천구 목4동,2687,7652,-4965
양천구 목5동,5529,6326,-797
양천구 신월1동,677,1780,-1103
양천구 신월2동,1022,3407,-2385
양천구 신월3동,1137,2560,-1423
양천구 신월4동,1132,4932,-3800
양천구 신월5동,984,3254,-2270
양천구 신월6동,767,1649,-882
양천구 신월7동,1508,5712,-4204
양천구 신정1동,1900,2078,-178
양천구 신정2동,831,1750,-919
양천구 신정3동,4744,9368,-4624
양천구 신정4동,9163,5294,3869
양천구 신정6동,981,1505,-524
양천구 신정7동,1728,3091,-1363
영등포구 당산제1동,3926,2822,1104
영등포구 당산제2동,11039,5535,5504
영등포구 대림제1동,1329,3223,-1894
영등포구 대림제2동,1185,1245,-60
영등포구 대림제3동,2095,3633,-1538
영등포구 도림동,1010,4752,-3742
영등포구 문래동,4081,4259,-178
영등포구 신길제1동,1130,2397,-1267
영등포구 신길제3동,1591,4073,-2482
영등포구 신길제4동,528,1550,-1022
영등포구 신길제5동,2080,2488,-408
영등포구 신길제6동,2471,4626,-2155
영등포구 신길제7동,1902,3583,-1681
영등포구 양평제1동,1794,2107,-313
영등포구 양평제2동,2882,3228,-346
영등포구 여의동,18449,9478,8971
영등포구 영등포동,16931,10174,6757
영등포구 영등포본동,4728,3616,1112
용산구 남영동,9936,6941,2995
용산구 보광동,1015,2158,-1143
용산구 서빙고동,1635,3110,-1475
용산구 용문동,598,1192,-594
용산구 용산2가동,1705,3809,-2104
용산구 원효로제1동,2408,3109,-701
용산구 원효로제2동,1050,2752,-1702
용산구 이촌제1동,2947,2656,291
용산구 이촌제2동,384,1501,-1117
용산구 이태원제1동,3291,2855,436
용산구 이태원제2동,1596,2266,-670
용산구 청파동,2656,4078,-1422
용산구 필동,84,41,43
용산구 한강로동,13686,6882,6804
용산구 한남동,12580,10520,2060
용산구 효창동,1248,2676,-1428
용산구 후암동,1219,3317,-2098
은평구 갈현제1동,1249,5178,-3929
은평구 갈현제2동,5456,5929,-473
은평구 구산동,981,4161,-3180
은평구 녹번동,7242,6527,715
은평구 대조동,9823,8323,1500
은평구 불광제1동,10665,7502,3163
은평구 불광제2동,3396,6079,-2683
은평구 수색동,1807,3384,-1577
은평구 신사제1동,3514,6231,-2717
은평구 신사제2동,3250,4504,-1254
은평구 역촌동,4805,6546,-1741
은평구 응암제1동,3440,6047,-2607
은평구 응암제2동,919,2968,-2049
은평구 응암제3동,2367,4299,-1932
은평구 증산동,5000,4019,981
은평구 진관동,7389,10359,-2970
종로구 가회동,173,521,-348
종로구 교남동,1643,1581,62
종로구 무악동,1242,1760,-518
종로구 부암동,1789,4180,-2391
종로구 사직동,11341,5716,5625
종로구 삼청동,549,493,56
종로구 숭인제1동,275,1095,-820
종로구 숭인제2동,3394,3452,-58
종로구 이화동,7615,3913,3702
종로구 종로1.2.3.4가동,30291,11759,18532
종로구 종로5.6가동,4844,3183,1661
종로구 창신제1동,6987,4679,2308
종로구 창신제2동,1475,3766,-2291
종로구 창신제3동,1007,1747,-740
종로구 청운효자동,862,2649,-1787
종로구 충현동,704,492,212
종로구 평창동,1603,4074,-2471
종로구 혜화동,9531,6901,2630
중구 광희동,8540,4100,4440
중구 다산동,1587,2247,-660
중구 동화동,780,759,21
중구 명동,10574,4106,6468
중구 소공동,10780,4421,6359
중구 신당동,2422,3770,-1348
중구 신당제5동,4288,2424,1864
중구 약수동,1621,1636,-15
중구 을지로동,2294,574,1720
중구 장충동,960,906,54
중구 중림동,2244,1626,618
중구 청구동,2046,1686,360
중구 필동,2029,809,1220
중구 황학동,1814,1595,219
중구 회현동,15055,8733,6322
중랑구 망우본동,3802,5874,-2072
중랑구 망우제3동,597,2916,-2319
중랑구 면목본동,5645,5751,-106
중랑구 면목제2동,1135,2726,-1591
중랑구 면목제3.8동,4385,6165,-1780
중랑구 면목제4동,1955,2984,-1029
중랑구 면목제5동,1401,3023,-1622
중랑구 면목제7동,691,2477,-1786
중랑구 묵제1동,3952,4238,-286
중랑구 묵제2동,777,1301,-524
중랑구 상봉제1동,2411,2753,-342
중랑구 상봉제2동,6995,6020,975
중랑구 신내1동,2018,8269,-6251
중랑구 신내2동,4144,3749,395
중랑구 중화제1동,1585,2993,-1408
중랑구 중화제2동,4959,4286,673
NA,105793,187963,-82170
