ID,insum,outsum,diff
100000001,116,106,10
100000002,417,68,349
100000003,759,344,415
100000004,76,44,32
100000005,179,367,-188
100000006,26,10,16
100000007,83,55,28
100000008,12,97,-85
100000009,9,30,-21
100000010,1,2,-1
100000011,6,2,4
100000012,8,87,-79
100000013,0,22,-22
100000014,35,88,-53
100000015,90,52,38
100000016,76,222,-146
100000017,57,228,-171
100000018,188,76,112
100000019,634,316,318
100000020,67,200,-133
100000021,865,228,637
100000022,122,122,0
100000023,791,96,695
100000025,387,99,288
100000028,257,171,86
100000029,22,32,-10
100000030,62,6,56
100000031,298,313,-15
100000032,313,366,-53
100000033,85,359,-274
100000034,134,122,12
100000035,173,83,90
100000036,213,101,112
100000037,63,57,6
100000038,88,91,-3
100000039,29,26,3
100000040,33,12,21
100000041,44,41,3
100000042,45,48,-3
100000043,12,38,-26
100000044,9,104,-95
100000045,49,226,-177
100000046,81,206,-125
100000047,44,157,-113
100000048,79,124,-45
100000049,221,500,-279
100000051,46,251,-205
100000053,1,0,1
100000054,7,4,3
100000055,54,78,-24
100000056,45,65,-20
100000057,129,85,44
100000058,93,227,-134
100000059,0,8,-8
100000060,24,48,-24
100000061,109,53,56
100000062,62,63,-1
100000063,31,36,-5
100000064,62,80,-18
100000065,41,212,-171
100000066,20,163,-143
100000067,49,139,-90
100000068,56,238,-182
100000069,30,236,-206
100000072,37,129,-92
100000073,190,213,-23
100000075,76,55,21
100000076,235,175,60
100000077,62,11,51
100000078,6,5,1
100000079,5,3,2
100000080,1,2,-1
100000081,7,0,7
100000102,230,186,44
100000103,379,155,224
100000104,638,185,453
100000105,528,73,455
100000106,179,157,22
100000107,31,64,-33
100000108,219,254,-35
100000109,560,241,319
100000116,231,123,108
100000117,5,3,2
100000118,185,435,-250
100000119,84,251,-167
100000121,13,101,-88
100000122,92,148,-56
100000123,878,732,146
100000124,2643,646,1997
100000125,532,62,470
100000126,91,40,51
100000127,302,51,251
100000128,225,184,41
100000129,103,70,33
100000130,64,118,-54
100000131,735,466,269
100000132,212,219,-7
100000133,1108,391,717
100000135,38,208,-170
100000139,12,320,-308
100000140,27,58,-31
100000142,31,63,-32
100000143,399,294,105
100000144,839,452,387
100000147,104,357,-253
100000150,3,54,-51
100000151,33,73,-40
100000153,25,25,0
100000154,5,24,-19
100000155,0,2,-2
100000156,1,8,-7
100000157,16,54,-38
100000158,2,63,-61
100000159,54,56,-2
100000165,260,113,147
100000169,23,32,-9
100000174,152,50,102
100000179,24,132,-108
100000180,102,107,-5
100000181,16,23,-7
100000188,19,36,-17
100000189,28,58,-30
100000190,59,39,20
100000191,95,67,28
100000192,3,5,-2
100000193,14,25,-11
100000330,244,89,155
100000355,11,59,-48
100000362,907,643,264
100000363,326,491,-165
100000364,105,263,-158
100000365,913,3538,-2625
100000366,978,488,490
100000367,538,1144,-606
100000368,498,360,138
100000369,38,128,-90
100000370,19,77,-58
100000376,13,17,-4
100000379,273,151,122
100000380,506,322,184
100000384,1266,371,895
100000385,705,571,134
100000386,905,365,540
100000387,814,503,311
100000388,1160,634,526
100000389,1038,602,436
100000390,1584,582,1002
100000391,869,433,436
100000392,600,182,418
100000393,224,144,80
100000394,934,445,489
100000395,339,224,115
100000396,639,327,312
100000397,369,219,150
100000398,3160,2176,984
100000413,2,2,0
100000414,86,31,55
100900002,0,0,0
100900003,13,27,-14
100900004,7,248,-241
100900005,1,0,1
100900006,0,0,0
100900007,6,0,6
100900008,0,173,-173
100900009,1,20,-19
100900010,0,0,0
100900011,1,46,-45
100900012,0,89,-89
100900013,41,0,41
100900014,0,0,0
100900015,20,15,5
100900016,0,1,-1
100900017,33,11,22
100900018,0,0,0
100900019,0,0,0
100900020,9,2,7
100900021,143,0,143
100900022,0,0,0
100900023,0,0,0
100900024,4,0,4
100900025,0,0,0
100900026,0,28,-28
100900027,54,212,-158
100900028,3,25,-22
100900029,5,0,5
100900030,0,0,0
100900031,17,2,15
100900032,20,0,20
100900033,21,22,-1
100900034,46,0,46
100900035,8,0,8
100900036,0,0,0
100900037,0,42,-42
100900038,7,1,6
100900039,20,180,-160
100900040,55,253,-198
100900041,10,176,-166
100900042,99,8,91
100900043,0,0,0
100900044,285,19,266
100900045,1,0,1
100900046,81,1,80
100900047,0,0,0
100900048,5,0,5
100900049,3,37,-34
100900050,0,0,0
100900051,4,3,1
100900052,15,1,14
100900053,34,1,33
100900054,0,21,-21
100900055,3,28,-25
100900056,0,6,-6
100900057,10,108,-98
100900058,3,4,-1
100900059,0,0,0
100900060,16,2,14
100900061,25,23,2
100900062,0,3,-3
100900063,8,74,-66
100900064,86,1,85
100900065,3,2,1
100900066,2,12,-10
100900067,0,0,0
100900068,0,16,-16
100900069,1,1,0
100900070,51,3,48
100900071,49,26,23
100900072,0,6,-6
100900073,12,71,-59
100900074,0,1,-1
100900075,581,34,547
100900076,1,1,0
100900077,0,0,0
100900078,2,10,-8
100900079,0,9,-9
100900080,0,0,0
100900081,0,3,-3
100900082,0,118,-118
100900083,0,15,-15
100900085,0,2,-2
100900086,1,14,-13
100900088,2,102,-100
100900089,0,4,-4
100900090,2,87,-85
100900091,0,0,0
100900092,2,8,-6
100900093,8,8,0
100900094,6,78,-72
100900095,0,2,-2
100900096,0,7,-7
100900097,0,0,0
100900098,0,1,-1
100900099,3,66,-63
100900100,0,12,-12
100900101,48,2,46
100900102,0,0,0
100900103,0,3,-3
100900104,2,18,-16
100900105,0,5,-5
100900106,5,0,5
100900107,304,41,263
100900108,0,0,0
100900109,0,2,-2
100900110,0,0,0
100900111,7,15,-8
100900112,0,0,0
100900113,0,2,-2
100900114,0,0,0
100900115,0,0,0
100900116,35,20,15
100900117,10,21,-11
100900118,0,6,-6
100900119,0,1,-1
100900120,0,0,0
100900121,13,10,3
100900122,6,20,-14
100900123,1,3,-2
100900124,0,0,0
100900125,0,6,-6
100900126,1,2,-1
100900127,0,0,0
100900128,14,28,-14
100900129,0,5,-5
100900131,4,7,-3
100900133,3,1,2
100900134,0,0,0
100900135,0,1,-1
100900137,84,15,69
100900138,8,12,-4
100900139,0,0,0
100900140,0,120,-120
100900141,0,11,-11
100900142,0,0,0
100900143,198,40,158
100900144,1,0,1
100900145,0,6,-6
100900146,0,0,0
100900147,1,27,-26
100900148,6,221,-215
100900149,1,5,-4
100900150,0,0,0
100900151,22,130,-108
100900152,0,0,0
100900153,0,29,-29
100900154,0,1,-1
100900155,0,0,0
100900156,0,0,0
100900157,0,9,-9
100900159,0,0,0
100900160,0,1,-1
100900161,0,0,0
100900162,2,19,-17
100900163,7,36,-29
100900164,0,3,-3
100900165,0,0,0
100900166,0,0,0
100900167,0,9,-9
100900168,0,7,-7
100900169,35,399,-364
100900170,0,0,0
100900171,1,184,-183
100900172,0,0,0
100900173,1,156,-155
100900174,0,0,0
100900176,124,1,123
100900177,138,12,126
100900178,0,8,-8
100900179,2,5,-3
100900180,0,0,0
100900181,0,0,0
100900182,0,0,0
100900184,0,0,0
100900186,90,30,60
100900187,0,44,-44
100900188,2,0,2
100900189,39,1,38
100900191,205,65,140
100900192,15,14,1
100900195,17,28,-11
100900197,0,0,0
100900198,2,33,-31
100900199,0,0,0
100900200,127,65,62
100900201,12,174,-162
100900202,0,0,0
100900203,0,8,-8
100900204,10,4,6
100900205,4,19,-15
100900206,30,1,29
100900207,20,40,-20
100900210,10,142,-132
100900211,34,0,34
100900213,6,1,5
100900214,89,15,74
100900215,1,0,1
100900217,21,3,18
101000001,547,292,255
101000002,814,397,417
101000003,117,144,-27
101000004,2716,887,1829
101000005,996,751,245
101000006,1585,1157,428
101000007,657,441,216
101000009,207,423,-216
101000010,110,190,-80
101000011,345,61,284
101000012,97,38,59
101000013,81,127,-46
101000014,33,40,-7
101000015,219,155,64
101000016,25,45,-20
101000017,102,105,-3
101000018,604,476,128
101000020,873,113,760
101000021,115,26,89
101000022,4,2,2
101000023,360,191,169
101000025,18,26,-8
101000026,60,2,58
101000027,384,370,14
101000028,237,70,167
101000029,0,70,-70
101000030,88,20,68
101000031,62,18,44
101000032,722,396,326
101000033,387,257,130
101000034,436,142,294
101000035,216,28,188
101000036,234,70,164
101000037,554,153,401
101000039,464,72,392
101000040,589,385,204
101000041,543,213,330
101000042,78,55,23
101000043,765,432,333
101000045,45,38,7
101000046,355,224,131
101000047,322,146,176
101000048,60,33,27
101000049,107,143,-36
101000050,156,82,74
101000051,286,244,42
101000052,436,93,343
101000053,180,67,113
101000054,265,87,178
101000055,373,136,237
101000056,16,18,-2
101000057,364,118,246
101000058,299,79,220
101000059,324,154,170
101000060,408,37,371
101000061,48,25,23
101000062,181,44,137
101000063,31,18,13
101000064,341,103,238
101000065,37,53,-16
101000066,16,10,6
101000067,148,44,104
101000068,82,45,37
101000069,105,16,89
101000070,375,204,171
101000071,372,158,214
101000072,260,506,-246
101000073,45,24,21
101000074,724,321,403
101000075,1690,905,785
101000077,284,271,13
101000078,267,361,-94
101000079,120,1088,-968
101000080,243,816,-573
101000081,153,221,-68
101000082,595,446,149
101000083,324,236,88
101000084,276,340,-64
101000085,206,125,81
101000086,468,357,111
101000087,413,281,132
101000088,94,101,-7
101000089,65,148,-83
101000090,697,350,347
101000091,58,321,-263
101000092,193,135,58
101000093,144,97,47
101000094,150,261,-111
101000095,51,161,-110
101000096,44,84,-40
101000097,66,47,19
101000098,38,86,-48
101000099,265,140,125
101000100,152,114,38
101000101,58,45,13
101000102,168,47,121
101000103,173,47,126
101000104,28,53,-25
101000105,73,12,61
101000106,41,47,-6
101000107,17,60,-43
101000108,176,25,151
101000109,18,10,8
101000110,2,73,-71
101000111,7,31,-24
101000113,17,31,-14
101000114,676,280,396
101000115,0,4,-4
101000116,1,13,-12
101000117,2,3,-1
101000119,16,3,13
101000120,55,5,50
101000121,10,1,9
101000122,14,2,12
101000123,10,14,-4
101000124,203,420,-217
101000125,38,63,-25
101000128,83,59,24
101000130,128,60,68
101000131,69,110,-41
101000132,94,289,-195
101000135,6,1,5
101000136,47,44,3
101000137,11,43,-32
101000141,227,166,61
101000147,269,156,113
101000148,374,4,370
101000149,1,1,0
101000150,4,143,-139
101000151,6,11,-5
101000152,58,56,2
101000153,168,64,104
101000154,16,333,-317
101000155,11,32,-21
101000156,6,52,-46
101000157,11,1,10
101000160,0,1,-1
101000163,0,0,0
101000164,70,50,20
101000165,67,36,31
101000166,58,106,-48
101000168,71,54,17
101000252,140,113,27
101000254,56,2,54
101000258,36,30,6
101000261,98,137,-39
101000262,84,163,-79
101000263,11,88,-77
101000265,5,61,-56
101000266,45,34,11
101000269,32,4,28
101000290,156,138,18
101000293,3,9,-6
101000294,141,77,64
101000295,17,86,-69
101000301,113,25,88
101000304,423,486,-63
101000305,425,286,139
101000328,47,56,-9
101900001,3,14,-11
101900002,0,3,-3
101900003,18,14,4
101900004,0,5,-5
101900005,699,127,572
101900006,79,29,50
101900007,28,1,27
101900008,16,27,-11
101900009,7,12,-5
101900010,101,29,72
101900011,15,9,6
101900012,6,0,6
101900013,186,16,170
101900017,2,11,-9
101900018,203,15,188
101900019,18,6,12
101900020,20,4,16
101900021,0,2,-2
101900022,3,172,-169
101900023,1,29,-28
101900026,8,8,0
101900027,5,25,-20
102000001,300,678,-378
102000002,414,180,234
102000003,699,532,167
102000004,1224,270,954
102000005,308,274,34
102000006,386,149,237
102000007,339,656,-317
102000008,1233,277,956
102000009,1057,1157,-100
102000010,1170,464,706
102000011,502,467,35
102000012,596,484,112
102000018,359,207,152
102000019,441,86,355
102000026,24,25,-1
102000029,68,18,50
102000030,30,14,16
102000031,4,34,-30
102000032,79,39,40
102000033,14,39,-25
102000034,50,44,6
102000035,83,36,47
102000036,3,34,-31
102000037,41,15,26
102000038,34,25,9
102000039,4,4,0
102000040,69,22,47
102000041,6,22,-16
102000042,4,3,1
102000043,28,30,-2
102000044,25,55,-30
102000045,108,113,-5
102000046,165,58,107
102000047,109,135,-26
102000048,22,59,-37
102000049,85,56,29
102000050,125,162,-37
102000051,71,55,16
102000052,156,126,30
102000053,76,163,-87
102000054,77,140,-63
102000055,155,154,1
102000056,49,89,-40
102000057,88,31,57
102000058,164,254,-90
102000059,183,209,-26
102000060,53,52,1
102000061,173,470,-297
102000062,86,120,-34
102000063,262,289,-27
102000064,158,165,-7
102000065,1,17,-16
102000066,157,149,8
102000067,248,355,-107
102000068,1443,489,954
102000069,1,245,-244
102000070,558,18,540
102000071,1352,1682,-330
102000072,969,1278,-309
102000073,22,144,-122
102000074,57,170,-113
102000075,5,87,-82
102000076,13,97,-84
102000077,76,263,-187
102000078,98,256,-158
102000079,11,52,-41
102000080,20,62,-42
102000081,39,166,-127
102000082,122,41,81
102000083,43,155,-112
102000084,14,50,-36
102000085,285,208,77
102000086,174,142,32
102000087,91,407,-316
102000088,46,50,-4
102000089,68,84,-16
102000090,80,182,-102
102000091,209,86,123
102000092,104,82,22
102000093,102,100,2
102000094,55,19,36
102000095,128,149,-21
102000096,66,41,25
102000097,197,129,68
102000098,64,114,-50
102000099,109,59,50
102000100,62,61,1
102000101,64,40,24
102000102,47,83,-36
102000103,127,59,68
102000104,170,80,90
102000105,24,161,-137
102000106,68,157,-89
102000107,57,50,7
102000108,99,45,54
102000109,45,78,-33
102000110,83,209,-126
102000111,0,52,-52
102000112,19,15,4
102000113,1,5,-4
102000114,95,42,53
102000115,67,35,32
102000116,9,44,-35
102000117,7,109,-102
102000118,210,128,82
102000119,559,81,478
102000120,11,59,-48
102000121,70,87,-17
102000122,39,89,-50
102000123,192,122,70
102000124,120,137,-17
102000125,167,70,97
102000126,71,59,12
102000127,150,70,80
102000128,63,114,-51
102000129,95,106,-11
102000130,45,89,-44
102000131,49,100,-51
102000132,13,36,-23
102000133,183,527,-344
102000134,100,74,26
102000135,204,85,119
102000136,150,37,113
102000137,76,64,12
102000138,33,27,6
102000139,11,43,-32
102000140,52,36,16
102000141,28,115,-87
102000142,16,70,-54
102000143,23,92,-69
102000144,10,64,-54
102000145,13,61,-48
102000146,37,52,-15
102000147,34,40,-6
102000148,14,16,-2
102000149,13,84,-71
102000150,22,27,-5
102000151,8,33,-25
102000152,14,21,-7
102000153,30,31,-1
102000154,43,76,-33
102000155,22,46,-24
102000156,38,7,31
102000157,7,22,-15
102000158,91,16,75
102000159,285,24,261
102000161,610,85,525
102000162,25,41,-16
102000163,12,22,-10
102000164,52,21,31
102000165,45,25,20
102000166,12,18,-6
102000167,29,41,-12
102000168,16,18,-2
102000169,16,46,-30
102000170,156,14,142
102000171,7,12,-5
102000172,4,16,-12
102000173,56,34,22
102000174,10,18,-8
102000175,7,11,-4
102000176,4,2,2
102000178,18,112,-94
102000179,16,28,-12
102000180,56,110,-54
102000181,45,138,-93
102000182,95,168,-73
102000183,83,198,-115
102000184,165,182,-17
102000185,123,144,-21
102000186,157,410,-253
102000187,59,436,-377
102000188,30,163,-133
102000189,506,145,361
102000190,53,166,-113
102000191,241,34,207
102000192,169,211,-42
102000193,5,32,-27
102000194,6,19,-13
102000195,42,139,-97
102000196,11,76,-65
102000197,44,132,-88
102000198,7,159,-152
102000199,44,76,-32
102000200,14,167,-153
102000201,27,101,-74
102000202,0,18,-18
102000203,15,56,-41
102000204,52,90,-38
102000205,81,76,5
102000206,49,75,-26
102000207,28,50,-22
102000208,29,88,-59
102000209,3,13,-10
102000210,20,146,-126
102000211,29,72,-43
102000212,0,1,-1
102000213,0,52,-52
102000214,2,14,-12
102000215,1,148,-147
102000216,3,10,-7
102000217,0,64,-64
102000218,4,1,3
102000219,48,105,-57
102000225,67,20,47
102000226,37,10,27
102000227,3,0,3
102000228,0,14,-14
102000229,4,6,-2
102000230,37,91,-54
102000231,42,72,-30
102000232,4,25,-21
102000233,39,73,-34
102000234,8,59,-51
102000236,62,17,45
102000237,51,20,31
102000238,40,31,9
102000240,176,151,25
102000241,34,24,10
102000243,29,2,27
102000245,1,25,-24
102000246,0,2,-2
102000247,150,165,-15
102000248,108,135,-27
102000249,13,32,-19
102000250,12,92,-80
102000254,12,63,-51
102000266,5,30,-25
102000271,0,0,0
102000286,33,29,4
102000297,170,82,88
102000305,0,0,0
102000307,0,3,-3
102000316,11,14,-3
102900001,70,57,13
102900002,15,0,15
102900003,11,70,-59
102900005,12,27,-15
102900006,32,22,10
102900007,37,0,37
102900008,8,6,2
102900009,0,0,0
102900010,26,74,-48
102900011,294,18,276
102900012,20,2,18
102900013,0,0,0
102900015,34,15,19
102900016,0,0,0
102900017,0,0,0
102900018,0,0,0
102900019,9,21,-12
102900020,6,3,3
102900021,0,0,0
102900022,33,9,24
102900023,0,0,0
102900024,3,8,-5
102900025,0,0,0
102900026,48,86,-38
102900027,6,5,1
102900028,6,28,-22
102900029,6,19,-13
102900030,15,19,-4
102900031,10,13,-3
102900032,1,22,-21
102900033,0,0,0
102900034,16,14,2
102900035,8,113,-105
102900036,12,66,-54
102900037,12,85,-73
102900038,24,32,-8
102900039,0,39,-39
102900040,11,30,-19
102900041,5,27,-22
102900042,13,63,-50
102900043,14,86,-72
102900044,52,355,-303
102900045,3,99,-96
102900046,8,57,-49
102900047,8,115,-107
102900048,72,153,-81
102900049,6,77,-71
102900050,20,52,-32
102900051,5,26,-21
102900053,24,137,-113
102900054,22,65,-43
102900055,0,0,0
102900056,12,85,-73
102900057,0,0,0
102900058,22,8,14
102900059,0,0,0
102900060,1,53,-52
102900061,5,76,-71
102900062,3,305,-302
102900063,38,41,-3
102900064,5,32,-27
102900065,85,23,62
102900066,10,2,8
102900068,4,9,-5
102900070,10,118,-108
102900072,3,0,3
102900073,15,2,13
102900075,0,0,0
102900076,0,0,0
102900077,0,0,0
102900078,0,0,0
102900079,4,0,4
102900080,21,0,21
102900081,8,18,-10
102900082,0,34,-34
102900083,0,0,0
102900084,0,0,0
102900085,0,0,0
102900086,0,0,0
102900087,2,12,-10
102900088,1,6,-5
102900089,53,20,33
102900090,0,75,-75
102900091,2,0,2
102900092,30,176,-146
102900094,0,7,-7
102900095,2,0,2
102900096,3,1,2
102900097,0,23,-23
103000001,530,566,-36
103000002,493,410,83
103000003,642,529,113
103000004,157,129,28
103000005,270,304,-34
103000006,174,259,-85
103000007,110,154,-44
103000008,101,327,-226
103000009,37,133,-96
103000010,28,55,-27
103000011,312,174,138
103000012,247,189,58
103000013,1471,418,1053
103000014,215,119,96
103000015,555,266,289
103000016,63,107,-44
103000017,8,11,-3
103000018,156,49,107
103000019,18,15,3
103000020,374,317,57
103000021,135,153,-18
103000022,205,289,-84
103000023,60,149,-89
103000024,38,34,4
103000025,30,18,12
103000026,270,12,258
103000027,35,17,18
103000028,83,28,55
103000029,110,35,75
103000030,534,70,464
103000031,314,119,195
103000032,367,292,75
103000033,305,281,24
103000034,348,167,181
103000035,87,211,-124
103000036,77,64,13
103000037,136,79,57
103000038,103,131,-28
103000039,20,101,-81
103000040,20,193,-173
103000041,365,730,-365
103000042,201,155,46
103000043,42,193,-151
103000044,24,42,-18
103000046,56,31,25
103000047,28,46,-18
103000048,87,14,73
103000049,12,18,-6
103000050,50,128,-78
103000051,28,38,-10
103000052,99,73,26
103000053,13,51,-38
103000054,232,178,54
103000055,197,174,23
103000056,151,338,-187
103000057,91,37,54
103000058,68,216,-148
103000059,41,137,-96
103000060,156,127,29
103000061,47,116,-69
103000062,148,137,11
103000063,89,71,18
103000064,16,80,-64
103000065,2,96,-94
103000066,11,0,11
103000069,16,74,-58
103000070,57,247,-190
103000071,67,65,2
103000072,19,209,-190
103000073,28,15,13
103000074,45,10,35
103000075,28,198,-170
103000076,12,10,2
103000077,7,72,-65
103000078,126,20,106
103000079,253,60,193
103000080,94,19,75
103000081,42,86,-44
103000082,77,6,71
103000083,3,77,-74
103000084,0,0,0
103000085,3,23,-20
103000086,75,22,53
103000087,24,48,-24
103000088,91,62,29
103000089,26,42,-16
103000090,253,308,-55
103000091,120,128,-8
103000092,38,29,9
103000093,70,128,-58
103000094,28,20,8
103000095,7,99,-92
103000096,45,12,33
103000097,4,130,-126
103000098,49,4,45
103000099,12,91,-79
103000100,9,208,-199
103000101,46,26,20
103000102,10,167,-157
103000103,31,23,8
103000104,2,32,-30
103000105,14,14,0
103000106,0,25,-25
103000107,50,5,45
103000108,159,237,-78
103000109,87,130,-43
103000110,130,122,8
103000111,123,74,49
103000112,69,49,20
103000113,56,135,-79
103000114,124,40,84
103000115,74,127,-53
103000116,81,118,-37
103000117,39,119,-80
103000118,159,218,-59
103000119,554,147,407
103000120,26,36,-10
103000121,37,90,-53
103000122,22,26,-4
103000125,0,91,-91
103000126,43,2,41
103000127,0,61,-61
103000128,22,1,21
103000129,0,41,-41
103000130,6,3,3
103000131,31,13,18
103000132,37,8,29
103000133,0,25,-25
103000134,89,55,34
103000135,146,11,135
103000136,92,82,10
103000137,67,50,17
103000138,83,40,43
103000139,2,13,-11
103000140,30,5,25
103000141,3,23,-20
103000142,8,4,4
103000143,2,31,-29
103000144,30,7,23
103000145,4,5,-1
103000150,22,13,9
103000152,68,63,5
103000153,84,41,43
103000156,0,109,-109
103000157,28,4,24
103000159,20,24,-4
103000162,7,5,2
103000163,0,3,-3
103000164,2,1,1
103000165,30,83,-53
103000166,10,4,6
103000167,36,32,4
103000168,10,61,-51
103000169,15,25,-10
103000170,75,100,-25
103000171,1,16,-15
103000172,19,53,-34
103000173,54,106,-52
103000174,30,76,-46
103000175,40,152,-112
103000176,89,22,67
103000177,126,72,54
103000178,41,51,-10
103000179,4,4,0
103000183,2,10,-8
103000185,5,21,-16
103000186,7,30,-23
103000187,26,119,-93
103000188,0,23,-23
103000189,176,292,-116
103000191,25,59,-34
103000292,673,107,566
103000293,243,76,167
103000295,6,22,-16
103000296,34,4,30
103000297,4,0,4
103000504,40,3,37
103000505,15,1,14
103000506,2,37,-35
103000507,22,1,21
103000508,38,5,33
103000509,31,118,-87
103900001,0,48,-48
103900002,214,22,192
103900003,157,1,156
103900004,1,0,1
103900005,0,53,-53
103900006,0,0,0
103900007,0,0,0
103900008,1,0,1
103900009,6,36,-30
103900010,30,33,-3
103900011,12,36,-24
103900012,0,2,-2
103900013,0,19,-19
103900014,0,1,-1
103900015,0,2,-2
103900016,24,37,-13
103900017,4,27,-23
103900018,89,48,41
103900019,5,16,-11
103900020,5,17,-12
103900021,5,2,3
103900022,78,92,-14
103900023,5,0,5
103900024,12,108,-96
103900025,0,3,-3
103900026,0,0,0
103900027,20,28,-8
103900028,0,21,-21
103900029,51,24,27
103900030,1,1,0
103900031,1,0,1
103900032,2,0,2
103900033,0,0,0
103900034,2,26,-24
103900035,16,7,9
103900036,2,1,1
103900037,0,6,-6
103900038,1,15,-14
103900039,2,78,-76
103900040,2,37,-35
103900041,0,4,-4
103900042,17,136,-119
103900043,14,6,8
103900044,19,11,8
103900045,14,15,-1
103900047,16,7,9
103900048,1,5,-4
103900049,32,180,-148
103900050,0,24,-24
103900051,0,11,-11
103900052,30,106,-76
103900053,18,163,-145
103900054,3,118,-115
103900055,10,52,-42
103900056,1,20,-19
103900057,2,72,-70
103900058,7,115,-108
103900059,0,0,0
103900060,2,32,-30
103900061,6,4,2
103900062,1,5,-4
103900063,0,0,0
103900064,2,0,2
103900065,99,35,64
103900066,1,0,1
103900067,3,0,3
103900068,0,0,0
103900069,1,0,1
103900070,5,30,-25
103900071,5,31,-26
103900072,1,67,-66
103900073,0,1,-1
103900074,3,10,-7
103900075,3,10,-7
103900076,40,156,-116
103900077,6,2,4
103900078,6,17,-11
103900079,5,22,-17
103900080,0,1,-1
103900081,0,0,0
103900082,0,9,-9
103900083,346,21,325
103900084,2,8,-6
103900085,11,12,-1
103900086,17,84,-67
103900088,42,14,28
103900089,7,12,-5
103900090,0,31,-31
103900091,173,34,139
103900092,21,104,-83
103900093,7,79,-72
103900094,0,43,-43
103900095,8,11,-3
103900096,1,48,-47
103900097,0,99,-99
103900098,16,16,0
103900099,2,41,-39
103900100,4,52,-48
103900101,5,161,-156
103900102,0,5,-5
103900104,0,1,-1
103900105,4,19,-15
103900106,0,3,-3
103900107,2,25,-23
103900108,4,82,-78
103900109,0,9,-9
103900110,12,6,6
103900111,3,125,-122
103900112,1,5,-4
103900113,11,52,-41
103900114,84,38,46
103900115,30,11,19
103900116,558,54,504
103900117,52,24,28
103900119,5,13,-8
103900120,2,30,-28
103900122,3,60,-57
103900123,157,68,89
103900124,5,152,-147
103900125,4,28,-24
103900126,58,67,-9
103900127,6,141,-135
103900128,0,47,-47
103900131,0,28,-28
103900133,62,0,62
103900134,0,0,0
103900135,3,2,1
103900137,0,6,-6
103900138,0,31,-31
103900139,82,127,-45
103900140,0,0,0
103900141,19,16,3
103900142,0,4,-4
103900143,3,0,3
103900144,0,7,-7
103900145,12,81,-69
103900146,25,59,-34
103900147,39,17,22
103900148,7,31,-24
103900149,8,103,-95
103900150,965,142,823
103900151,2,19,-17
103900152,17,120,-103
103900153,0,0,0
103900154,133,44,89
103900155,1,31,-30
103900156,4,28,-24
103900157,2,32,-30
103900158,0,19,-19
103900159,2,7,-5
103900160,1,2,-1
103900161,2,24,-22
103900162,5,38,-33
103900163,0,64,-64
103900167,1,6,-5
103900168,5,22,-17
103900169,0,3,-3
103900170,0,11,-11
103900171,0,11,-11
103900172,0,11,-11
103900173,0,0,0
103900174,1,4,-3
103900175,3,6,-3
103900176,0,2,-2
103900177,0,7,-7
103900178,4,8,-4
103900179,1,25,-24
103900180,1,33,-32
103900181,6,4,2
103900182,6,1,5
103900184,89,3,86
103900185,34,12,22
103900187,2,1,1
103900188,8,2,6
103900189,7,2,5
103900190,0,6,-6
103900191,0,3,-3
103900192,2,9,-7
103900193,14,16,-2
103900194,3,40,-37
103900195,0,0,0
103900196,6,4,2
103900197,1,1,0
103900198,1,2,-1
103900199,1,20,-19
103900200,8,16,-8
103900201,4,36,-32
103900202,0,16,-16
103900203,4,1,3
103900204,0,19,-19
103900207,0,27,-27
103900208,0,0,0
103900209,1,16,-15
103900210,1,9,-8
103900211,22,67,-45
103900212,5,122,-117
103900213,14,76,-62
103900214,7,3,4
103900215,184,77,107
103900216,0,7,-7
103900217,1,0,1
103900218,0,13,-13
103900219,3,26,-23
103900233,4,0,4
103900235,2,1,1
103900236,0,1,-1
103900242,2,0,2
103900243,0,0,0
103900244,5,29,-24
103900245,3,34,-31
103900246,3,0,3
103900247,6,4,2
103900248,0,0,0
103900249,0,1,-1
103900250,2,0,2
103900251,0,6,-6
103900253,1,1,0
103900254,1,0,1
103900255,0,0,0
103900256,1,0,1
103900257,13,8,5
103900258,3,0,3
103900259,3,0,3
103900261,0,0,0
103900262,1,0,1
103900263,3,5,-2
103900264,4,0,4
103900265,2,1,1
103900266,0,4,-4
103900267,4,18,-14
103900268,6,27,-21
103900269,29,14,15
103900270,0,35,-35
103900271,19,33,-14
103900272,0,0,0
103900273,0,0,0
103900274,0,0,0
103900275,0,0,0
103900277,0,0,0
103900278,0,0,0
103900279,0,0,0
103900280,0,0,0
103900281,1,0,1
103900282,1,1,0
103900283,9,6,3
103900284,0,1,-1
103900285,1,2,-1
103900286,4,2,2
103900287,1,5,-4
103900288,18,7,11
103900289,57,3,54
103900290,43,13,30
103900291,3,4,-1
103900292,44,9,35
103900293,0,11,-11
103900294,0,62,-62
104000001,540,707,-167
104000002,397,576,-179
104000003,565,704,-139
104000004,1072,614,458
104000005,347,435,-88
104000006,703,749,-46
104000007,863,766,97
104000008,145,230,-85
104000009,35,68,-33
104000010,3,43,-40
104000011,134,130,4
104000012,24,115,-91
104000013,9,34,-25
104000014,63,228,-165
104000015,52,17,35
104000016,38,138,-100
104000018,64,38,26
104000019,76,23,53
104000020,21,200,-179
104000021,80,159,-79
104000022,24,67,-43
104000023,80,77,3
104000024,51,61,-10
104000026,5,24,-19
104000027,37,120,-83
104000028,58,81,-23
104000029,98,137,-39
104000030,32,121,-89
104000031,77,24,53
104000032,37,89,-52
104000033,87,62,25
104000034,71,119,-48
104000035,76,79,-3
104000036,109,82,27
104000037,44,99,-55
104000038,68,91,-23
104000039,26,121,-95
104000040,85,152,-67
104000041,81,64,17
104000042,51,141,-90
104000043,41,93,-52
104000044,54,194,-140
104000045,115,307,-192
104000046,213,314,-101
104000047,120,298,-178
104000048,256,355,-99
104000049,76,50,26
104000050,31,102,-71
104000051,44,196,-152
104000052,233,354,-121
104000053,155,144,11
104000054,34,51,-17
104000055,789,490,299
104000056,245,66,179
104000057,40,207,-167
104000058,236,215,21
104000059,68,339,-271
104000060,93,218,-125
104000061,162,209,-47
104000062,33,72,-39
104000064,175,74,101
104000065,21,86,-65
104000069,231,105,126
104000070,7,39,-32
104000071,54,138,-84
104000072,90,76,14
104000075,6,26,-20
104000076,53,1,52
104000082,437,481,-44
104000083,99,24,75
104000084,18,121,-103
104000085,24,33,-9
104000086,46,142,-96
104000087,27,92,-65
104000090,95,406,-311
104000092,86,583,-497
104000094,137,486,-349
104000095,427,476,-49
104000096,39,75,-36
104000097,119,125,-6
104000098,106,129,-23
104000100,64,121,-57
104000101,215,432,-217
104000106,123,190,-67
104000107,73,111,-38
104000108,33,91,-58
104000109,36,1,35
104000110,140,165,-25
104000111,652,150,502
104000112,293,104,189
104000116,0,337,-337
104000117,1,146,-145
104000118,34,67,-33
104000119,21,60,-39
104000120,1,188,-187
104000121,24,175,-151
104000122,85,152,-67
104000123,217,297,-80
104000124,262,476,-214
104000125,925,488,437
104000126,22,92,-70
104000127,420,842,-422
104000128,72,56,16
104000129,61,10,51
104000130,2,34,-32
104000131,390,256,134
104000132,330,374,-44
104000133,317,222,95
104000134,215,361,-146
104000135,81,125,-44
104000136,148,213,-65
104000137,346,55,291
104000138,394,96,298
104000139,1356,440,916
104000141,463,525,-62
104000142,159,285,-126
104000143,83,229,-146
104000144,8,21,-13
104000145,24,15,9
104000146,81,164,-83
104000147,55,59,-4
104000148,8,12,-4
104000149,78,108,-30
104000150,38,76,-38
104000151,84,180,-96
104000152,59,328,-269
104000153,15,66,-51
104000154,303,206,97
104000155,30,82,-52
104000157,288,526,-238
104000158,46,69,-23
104000159,65,84,-19
104000160,506,299,207
104000161,25,15,10
104000162,33,35,-2
104000165,176,124,52
104000167,35,97,-62
104000168,39,0,39
104000169,0,0,0
104000170,132,47,85
104000248,0,182,-182
104000251,14,57,-43
104000272,1,0,1
104000273,1,0,1
104000274,1,0,1
104000275,5,1,4
104000279,508,150,358
104000290,11,98,-87
104000291,407,244,163
104000293,105,158,-53
104000294,0,0,0
104000295,114,231,-117
104000296,74,177,-103
104000297,203,393,-190
104000298,501,223,278
104000299,148,359,-211
104000302,60,66,-6
104000303,61,88,-27
104900001,0,20,-20
104900002,6,12,-6
104900003,2,105,-103
104900004,2,90,-88
104900005,13,28,-15
104900006,11,7,4
104900007,14,45,-31
104900009,7,64,-57
104900010,0,0,0
104900011,2,0,2
104900012,5,0,5
104900013,14,0,14
104900014,573,31,542
104900015,4,0,4
104900016,6,82,-76
104900017,3,24,-21
104900018,1,31,-30
104900019,14,47,-33
104900020,3,49,-46
104900021,0,0,0
104900022,0,30,-30
104900023,0,0,0
104900024,1,26,-25
104900025,2,58,-56
104900026,0,0,0
104900027,16,7,9
104900028,1,26,-25
104900029,0,0,0
104900030,24,5,19
104900031,14,43,-29
104900032,5,26,-21
104900033,0,0,0
104900034,4,3,1
104900035,10,5,5
104900036,5,1,4
104900037,9,29,-20
104900038,65,10,55
104900039,0,0,0
104900040,6,4,2
104900041,0,0,0
104900042,49,59,-10
104900043,0,0,0
104900044,35,9,26
104900045,0,0,0
104900046,1,20,-19
104900047,6,1,5
104900048,6,4,2
104900049,0,0,0
104900050,15,7,8
104900051,0,3,-3
104900052,0,0,0
104900053,12,1,11
104900054,3,4,-1
104900055,0,0,0
104900056,7,0,7
104900057,5,0,5
104900058,43,12,31
104900059,0,0,0
104900061,39,130,-91
104900063,1,22,-21
104900064,0,23,-23
104900065,1,22,-21
104900066,0,23,-23
104900067,0,52,-52
104900068,0,60,-60
104900070,1,91,-90
104900071,1,201,-200
104900072,1,36,-35
104900073,1,15,-14
104900074,10,47,-37
104900075,2,1,1
104900076,12,84,-72
104900077,64,2,62
104900078,12,195,-183
104900079,22,13,9
104900080,2,104,-102
104900082,0,24,-24
104900085,0,14,-14
104900089,0,0,0
104900091,40,110,-70
104900093,25,88,-63
104900097,538,157,381
104900098,5,9,-4
104900099,4,42,-38
104900100,90,28,62
104900102,5,41,-36
104900103,96,18,78
104900106,4,36,-32
104900107,4,68,-64
104900108,4,18,-14
104900109,1,25,-24
104900110,1,6,-5
104900111,3,9,-6
104900112,26,163,-137
104900113,46,94,-48
104900114,21,108,-87
104900115,22,98,-76
104900116,9,35,-26
104900118,0,11,-11
104900119,0,1,-1
104900120,0,0,0
104900121,0,0,0
104900122,0,0,0
104900123,0,0,0
104900124,0,0,0
104900125,8,0,8
104900126,8,7,1
104900127,3,3,0
104900128,0,5,-5
104900129,240,81,159
105000001,523,578,-55
105000002,474,485,-11
105000003,586,850,-264
105000004,81,233,-152
105000005,203,341,-138
105000006,254,322,-68
105000007,151,361,-210
105000008,155,514,-359
105000009,236,459,-223
105000010,647,693,-46
105000011,342,390,-48
105000012,922,965,-43
105000013,158,221,-63
105000014,216,347,-131
105000015,1406,662,744
105000016,571,352,219
105000017,331,236,95
105000018,228,307,-79
105000019,285,197,88
105000020,28,137,-109
105000021,51,31,20
105000022,15,8,7
105000023,69,32,37
105000028,14,32,-18
105000029,102,116,-14
105000030,1058,1018,40
105000031,0,3,-3
105000033,341,670,-329
105000034,10,113,-103
105000037,144,72,72
105000038,89,114,-25
105000039,831,450,381
105000040,34,94,-60
105000041,140,393,-253
105000042,195,113,82
105000043,498,565,-67
105000044,40,53,-13
105000045,67,258,-191
105000046,60,61,-1
105000047,76,379,-303
105000048,75,61,14
105000049,63,221,-158
105000050,12,33,-21
105000051,52,167,-115
105000052,28,199,-171
105000053,24,109,-85
105000054,19,220,-201
105000055,43,88,-45
105000056,84,496,-412
105000057,155,235,-80
105000058,176,339,-163
105000059,49,84,-35
105000060,82,147,-65
105000061,30,48,-18
105000062,106,255,-149
105000063,104,244,-140
105000064,51,105,-54
105000065,86,284,-198
105000066,125,445,-320
105000067,90,88,2
105000068,215,258,-43
105000069,471,81,390
105000070,144,221,-77
105000071,18,52,-34
105000072,125,102,23
105000073,100,67,33
105000074,139,200,-61
105000075,146,161,-15
105000076,179,215,-36
105000077,448,179,269
105000078,234,211,23
105000079,415,472,-57
105000080,153,128,25
105000081,233,192,41
105000082,65,114,-49
105000083,96,98,-2
105000084,109,279,-170
105000085,168,135,33
105000086,144,286,-142
105000087,514,473,41
105000088,171,137,34
105000089,804,599,205
105000090,308,237,71
105000091,459,349,110
105000092,138,270,-132
105000093,133,69,64
105000094,32,28,4
105000095,23,162,-139
105000096,106,78,28
105000097,180,166,14
105000098,41,86,-45
105000099,74,209,-135
105000100,155,276,-121
105000101,424,428,-4
105000102,287,332,-45
105000103,261,491,-230
105000104,160,196,-36
105000105,99,348,-249
105000106,181,342,-161
105000107,114,203,-89
105000108,104,293,-189
105000109,175,323,-148
105000110,98,142,-44
105000111,62,127,-65
105000112,224,153,71
105000113,37,104,-67
105000114,668,146,522
105000115,72,132,-60
105000116,64,50,14
105000117,151,233,-82
105000118,25,57,-32
105000119,76,218,-142
105000120,29,105,-76
105000121,132,211,-79
105000122,55,66,-11
105000123,140,308,-168
105000124,132,195,-63
105000125,54,328,-274
105000126,238,439,-201
105000127,295,399,-104
105000128,41,303,-262
105000129,81,98,-17
105000130,4,123,-119
105000131,49,73,-24
105000132,106,34,72
105000133,63,222,-159
105000134,64,46,18
105000135,46,155,-109
105000136,11,87,-76
105000137,35,2,33
105000138,57,90,-33
105000139,141,275,-134
105000140,3,14,-11
105000141,33,117,-84
105000142,2,16,-14
105000143,34,130,-96
105000144,27,166,-139
105000145,32,52,-20
105000146,70,124,-54
105000147,36,5,31
105000148,62,31,31
105000149,50,43,7
105000150,311,246,65
105000151,23,54,-31
105000152,16,129,-113
105000153,47,64,-17
105000154,69,217,-148
105000155,33,92,-59
105000156,79,205,-126
105000157,172,399,-227
105000158,174,159,15
105000159,120,340,-220
105000160,224,115,109
105000161,121,503,-382
105000162,72,183,-111
105000163,278,268,10
105000164,56,77,-21
105000165,265,354,-89
105000166,1452,32,1420
105000167,485,237,248
105000168,8,216,-208
105000169,28,102,-74
105000170,6,210,-204
105000171,201,60,141
105000172,0,1,-1
105000173,0,2,-2
105000174,1,1,0
105000175,5,30,-25
105000176,22,10,12
105000177,6,16,-10
105000178,5,44,-39
105000179,9,18,-9
105000180,10,23,-13
105000181,1,25,-24
105000182,9,7,2
105000183,361,195,166
105000184,260,137,123
105000185,92,48,44
105000186,86,280,-194
105000187,66,27,39
105000188,17,14,3
105000189,23,161,-138
105000190,3,23,-20
105000191,47,107,-60
105000192,8,49,-41
105000193,24,19,5
105000194,36,24,12
105000195,43,225,-182
105000196,13,20,-7
105000197,26,180,-154
105000198,68,33,35
105000199,26,30,-4
105000200,22,64,-42
105000201,1,6,-5
105000203,1,107,-106
105000204,28,19,9
105000205,30,67,-37
105000207,115,65,50
105000208,0,0,0
105000209,25,126,-101
105000211,15,2,13
105000212,136,307,-171
105000213,24,16,8
105000214,21,17,4
105000215,4,36,-32
105000216,10,87,-77
105000217,38,84,-46
105000218,54,130,-76
105000221,13,67,-54
105000222,4,8,-4
105000223,34,34,0
105000226,3,21,-18
105000227,1,12,-11
105000228,8,205,-197
105000229,16,59,-43
105000231,0,0,0
105000233,95,140,-45
105000234,231,293,-62
105000235,14,82,-68
105000237,53,13,40
105000243,0,4,-4
105000248,22,15,7
105000262,25,259,-234
105000269,12,34,-22
105000270,27,24,3
105000271,0,62,-62
105000282,20,10,10
105000287,51,13,38
105000288,36,111,-75
105000289,118,155,-37
105000290,0,0,0
105000402,745,417,328
105000426,73,88,-15
105000438,92,102,-10
105000440,2,2,0
105000446,1792,736,1056
105000447,1164,449,715
105000454,42,175,-133
105000455,64,32,32
105000474,0,0,0
105000477,15,61,-46
105000478,140,247,-107
105000479,25,24,1
105000480,257,372,-115
105000481,579,324,255
105000482,1123,623,500
105000483,281,240,41
105000484,577,539,38
105000485,413,324,89
105000486,570,575,-5
105000488,501,561,-60
105000489,69,160,-91
105000549,2,4,-2
105000550,125,199,-74
105000551,0,16,-16
105000552,1037,368,669
105000555,157,139,18
105000556,16,1,15
105000557,5,62,-57
105900001,0,121,-121
105900002,286,42,244
105900003,1,17,-16
105900004,74,19,55
105900005,1,87,-86
105900006,1,6,-5
105900007,5,1,4
105900008,6,176,-170
105900009,2,3,-1
105900011,6,14,-8
105900012,18,53,-35
105900013,0,0,0
105900014,0,26,-26
105900015,9,90,-81
105900016,10,163,-153
105900017,58,12,46
105900018,37,33,4
105900019,1,116,-115
105900020,1,18,-17
105900021,0,57,-57
105900022,14,76,-62
105900023,0,29,-29
105900024,0,9,-9
105900025,7,1,6
105900026,17,4,13
105900027,531,239,292
105900028,1,38,-37
105900029,430,107,323
105900030,22,135,-113
105900031,50,33,17
105900032,12,33,-21
105900033,4,26,-22
105900034,2,66,-64
105900035,3,34,-31
105900036,5,25,-20
105900037,14,14,0
105900038,28,52,-24
105900039,2,47,-45
105900040,14,15,-1
105900041,62,67,-5
105900042,0,23,-23
105900043,320,9,311
105900044,1,39,-38
105900045,0,61,-61
105900046,0,31,-31
105900047,5,3,2
105900048,5,96,-91
105900050,65,68,-3
105900051,0,270,-270
105900052,9,2,7
105900053,680,120,560
105900054,63,33,30
105900056,145,7,138
105900057,1,23,-22
105900058,1,5,-4
105900059,0,7,-7
106000001,341,95,246
106000002,358,751,-393
106000003,659,273,386
106000004,500,518,-18
106000005,453,614,-161
106000006,1203,1009,194
106000007,110,72,38
106000008,141,93,48
106000009,97,50,47
106000010,134,176,-42
106000011,127,175,-48
106000012,118,445,-327
106000013,305,315,-10
106000014,402,511,-109
106000015,193,191,2
106000016,277,660,-383
106000017,163,200,-37
106000018,129,284,-155
106000019,45,147,-102
106000020,47,132,-85
106000021,74,117,-43
106000022,88,111,-23
106000023,81,131,-50
106000024,71,309,-238
106000025,23,31,-8
106000026,38,146,-108
106000027,70,96,-26
106000028,140,240,-100
106000029,287,416,-129
106000030,186,49,137
106000034,80,89,-9
106000035,69,179,-110
106000036,48,66,-18
106000037,255,339,-84
106000038,24,20,4
106000039,18,12,6
106000040,49,184,-135
106000041,175,97,78
106000043,46,14,32
106000046,71,12,59
106000047,0,87,-87
106000049,75,22,53
106000050,50,253,-203
106000051,28,88,-60
106000052,41,172,-131
106000053,0,0,0
106000054,60,106,-46
106000055,0,0,0
106000056,84,148,-64
106000057,0,0,0
106000058,19,58,-39
106000059,5,39,-34
106000060,87,185,-98
106000061,42,51,-9
106000062,58,191,-133
106000063,51,53,-2
106000064,25,142,-117
106000065,5,14,-9
106000066,17,135,-118
106000067,10,9,1
106000068,4,181,-177
106000069,7,14,-7
106000070,26,149,-123
106000071,13,45,-32
106000072,815,188,627
106000073,268,290,-22
106000074,50,101,-51
106000075,22,156,-134
106000076,131,296,-165
106000077,288,218,70
106000078,80,185,-105
106000079,67,195,-128
106000080,133,226,-93
106000081,72,167,-95
106000082,282,216,66
106000083,36,173,-137
106000084,60,101,-41
106000085,107,160,-53
106000086,48,103,-55
106000087,62,125,-63
106000088,28,221,-193
106000089,101,100,1
106000090,22,158,-136
106000091,77,113,-36
106000092,49,29,20
106000093,25,8,17
106000094,9,125,-116
106000095,43,311,-268
106000096,65,169,-104
106000097,66,333,-267
106000098,34,250,-216
106000099,17,212,-195
106000100,47,69,-22
106000101,45,56,-11
106000102,3,106,-103
106000103,43,181,-138
106000104,57,89,-32
106000105,69,226,-157
106000106,55,61,-6
106000107,29,166,-137
106000108,40,67,-27
106000109,17,112,-95
106000110,16,41,-25
106000111,11,122,-111
106000112,26,47,-21
106000113,202,173,29
106000114,106,49,57
106000115,57,141,-84
106000116,36,53,-17
106000117,179,231,-52
106000118,142,197,-55
106000119,577,202,375
106000120,191,77,114
106000121,16,42,-26
106000122,8,72,-64
106000123,23,62,-39
106000124,22,57,-35
106000125,6,66,-60
106000126,26,46,-20
106000127,12,177,-165
106000128,48,83,-35
106000129,66,159,-93
106000130,45,90,-45
106000131,65,127,-62
106000132,129,54,75
106000133,947,172,775
106000134,112,60,52
106000135,49,314,-265
106000136,53,94,-41
106000137,15,443,-428
106000138,36,14,22
106000139,0,0,0
106000140,9,19,-10
106000141,14,42,-28
106000142,0,0,0
106000143,2,51,-49
106000144,0,0,0
106000145,22,158,-136
106000146,0,0,0
106000147,53,204,-151
106000148,99,198,-99
106000149,125,153,-28
106000150,87,292,-205
106000151,804,137,667
106000152,189,102,87
106000153,9,210,-201
106000154,364,51,313
106000155,10,42,-32
106000156,56,65,-9
106000157,109,282,-173
106000158,544,134,410
106000159,982,264,718
106000160,22,176,-154
106000161,207,114,93
106000162,15,88,-73
106000163,34,130,-96
106000164,26,26,0
106000165,24,143,-119
106000166,46,30,16
106000167,54,368,-314
106000168,14,31,-17
106000169,34,252,-218
106000170,20,47,-27
106000171,9,212,-203
106000172,243,164,79
106000173,149,426,-277
106000174,20,29,-9
106000175,16,213,-197
106000176,112,84,28
106000177,84,488,-404
106000178,260,141,119
106000179,66,416,-350
106000180,96,466,-370
106000181,38,380,-342
106000182,81,136,-55
106000183,47,179,-132
106000184,201,157,44
106000185,115,148,-33
106000186,99,27,72
106000187,14,119,-105
106000188,0,0,0
106000189,1,8,-7
106000190,0,0,0
106000191,46,24,22
106000192,0,8,-8
106000193,31,14,17
106000194,31,65,-34
106000195,10,11,-1
106000196,4,43,-39
106000197,34,58,-24
106000198,14,49,-35
106000199,190,107,83
106000200,63,31,32
106000201,75,88,-13
106000202,1095,74,1021
106000203,20,28,-8
106000204,4,0,4
106000205,6,36,-30
106000206,1,0,1
106000207,7,212,-205
106000208,33,2,31
106000209,42,17,25
106000210,28,336,-308
106000211,65,450,-385
106000212,16,11,5
106000213,54,202,-148
106000214,258,33,225
106000215,40,145,-105
106000216,58,49,9
106000217,39,141,-102
106000218,62,42,20
106000219,22,91,-69
106000220,42,27,15
106000221,10,102,-92
106000222,53,23,30
106000223,4,20,-16
106000224,27,113,-86
106000225,6,6,0
106000226,17,84,-67
106000228,5,28,-23
106000229,5,174,-169
106000231,52,14,38
106000232,4,106,-102
106000233,20,10,10
106000234,5,45,-40
106000235,17,5,12
106000236,16,6,10
106000237,0,20,-20
106000238,0,0,0
106000239,1,11,-10
106000240,4,0,4
106000241,5,168,-163
106000242,10,0,10
106000249,0,0,0
106000250,1,73,-72
106000251,2,7,-5
106000252,2,9,-7
106000253,0,12,-12
106000254,0,15,-15
106000255,0,33,-33
106000256,18,24,-6
106000257,9,45,-36
106000258,4,4,0
106000259,2,4,-2
106000260,2,0,2
106000261,1,13,-12
106000262,0,1,-1
106000263,0,8,-8
106000264,19,2,17
106000265,1,30,-29
106000266,3,2,1
106000267,2,34,-32
106000268,36,6,30
106000269,10,17,-7
106000270,11,67,-56
106000271,5,34,-29
106000272,13,8,5
106000273,0,24,-24
106000274,27,9,18
106000275,9,18,-9
106000276,14,11,3
106000277,30,37,-7
106000278,25,11,14
106000279,0,20,-20
106000280,5,35,-30
106000281,25,29,-4
106000282,16,18,-2
106000283,5,27,-22
106000284,4,18,-14
106000285,22,34,-12
106000286,10,24,-14
106000287,8,26,-18
106000288,10,26,-16
106000289,6,10,-4
106000290,17,26,-9
106000291,10,17,-7
106000292,7,30,-23
106000293,9,14,-5
106000294,6,16,-10
106000295,1,14,-13
106000296,5,32,-27
106000297,18,35,-17
106000298,12,14,-2
106000299,8,14,-6
106000300,5,40,-35
106000301,9,32,-23
106000303,0,13,-13
106000304,4,4,0
106000305,2,5,-3
106000306,11,11,0
106000307,5,0,5
106000308,2,26,-24
106000309,4,14,-10
106000310,12,107,-95
106000311,83,14,69
106000312,37,26,11
106000313,21,37,-16
106000318,23,25,-2
106000319,42,3,39
106000320,0,2,-2
106000321,28,3,25
106000322,13,55,-42
106000324,2,12,-10
106000325,220,157,63
106000326,204,526,-322
106000327,6,13,-7
106000328,1,16,-15
106000329,0,76,-76
106000330,7,16,-9
106000428,8,28,-20
106000429,12,133,-121
106000430,72,364,-292
106000431,76,53,23
106000432,200,608,-408
106000433,164,114,50
106000434,293,93,200
106000435,446,637,-191
106000436,4,78,-74
106000437,13,3,10
106000438,21,9,12
106000439,23,103,-80
106000440,42,164,-122
106000441,0,0,0
106000442,8,0,8
106000443,19,165,-146
106000450,5,39,-34
106000451,1,1,0
106000454,1,10,-9
106000455,2,36,-34
106000456,5,1,4
106000457,1,256,-255
106000458,14,10,4
106000459,23,76,-53
106000460,32,4,28
106000461,3,393,-390
106000462,0,2,-2
106000463,0,7,-7
106000464,4,104,-100
106000465,22,0,22
106000466,1,136,-135
106000467,139,84,55
106000468,4,41,-37
106000469,20,1,19
106000470,27,136,-109
106000471,5,100,-95
106000472,11,2,9
106000473,8,3,5
106000474,101,299,-198
106000475,74,91,-17
106000476,56,44,12
106000477,6,57,-51
106000480,0,35,-35
106900001,0,1,-1
106900002,0,171,-171
106900003,5,7,-2
106900004,0,12,-12
106900006,0,5,-5
106900007,0,4,-4
106900008,52,129,-77
106900009,4,60,-56
106900010,33,16,17
106900012,21,51,-30
106900013,133,67,66
106900014,1,0,1
106900015,0,0,0
106900016,3,0,3
106900017,0,0,0
106900018,0,0,0
106900019,4,1,3
106900020,406,52,354
106900021,0,3,-3
106900022,4,0,4
106900023,23,41,-18
106900024,12,0,12
106900025,5,127,-122
106900026,0,12,-12
106900027,12,0,12
106900028,0,0,0
106900029,14,0,14
106900030,1,161,-160
107000001,203,324,-121
107000002,678,864,-186
107000003,504,829,-325
107000004,1199,1243,-44
107000005,243,452,-209
107000006,641,1527,-886
107000007,721,769,-48
107000008,3827,3073,754
107000009,657,753,-96
107000010,2525,2752,-227
107000011,185,257,-72
107000012,734,760,-26
107000013,8,48,-40
107000014,6,74,-68
107000015,50,298,-248
107000016,78,281,-203
107000017,495,156,339
107000018,1,55,-54
107000020,124,59,65
107000021,232,220,12
107000022,89,331,-242
107000023,247,92,155
107000024,50,520,-470
107000025,45,73,-28
107000026,29,183,-154
107000027,218,165,53
107000028,177,245,-68
107000029,199,251,-52
107000030,627,577,50
107000031,233,281,-48
107000032,14,74,-60
107000033,745,749,-4
107000034,1136,387,749
107000035,62,46,16
107000036,108,250,-142
107000037,12,108,-96
107000038,57,62,-5
107000039,58,103,-45
107000040,28,79,-51
107000041,174,89,85
107000042,83,275,-192
107000043,483,146,337
107000044,159,122,37
107000045,27,85,-58
107000046,60,49,11
107000047,46,229,-183
107000048,88,60,28
107000049,86,181,-95
107000050,83,112,-29
107000051,93,65,28
107000052,167,111,56
107000053,31,22,9
107000054,32,75,-43
107000055,33,29,4
107000056,94,223,-129
107000057,420,73,347
107000058,133,156,-23
107000059,287,706,-419
107000060,331,574,-243
107000061,983,966,17
107000062,353,341,12
107000063,809,1301,-492
107000064,431,289,142
107000065,955,1563,-608
107000066,188,310,-122
107000067,114,154,-40
107000068,239,93,146
107000069,133,67,66
107000070,2,0,2
107000071,51,1,50
107000072,10,693,-683
107000073,20,20,0
107000074,49,200,-151
107000075,87,7,80
107000076,92,525,-433
107000077,191,38,153
107000078,159,715,-556
107000079,164,34,130
107000080,143,727,-584
107000081,88,54,34
107000082,70,700,-630
107000083,66,54,12
107000084,77,549,-472
107000085,465,615,-150
107000086,529,597,-68
107000087,523,327,196
107000088,520,687,-167
107000089,275,281,-6
107000090,214,238,-24
107000091,162,146,16
107000092,137,251,-114
107000093,148,196,-48
107000094,123,220,-97
107000095,27,39,-12
107000096,171,246,-75
107000097,56,15,41
107000098,120,216,-96
107000099,30,37,-7
107000100,54,117,-63
107000101,9,32,-23
107000102,120,114,6
107000103,25,59,-34
107000104,65,106,-41
107000105,46,33,13
107000106,33,94,-61
107000107,34,27,7
107000108,28,233,-205
107000109,0,0,0
107000110,10,178,-168
107000111,0,0,0
107000112,3,139,-136
107000113,0,0,0
107000114,13,206,-193
107000115,0,0,0
107000116,13,270,-257
107000117,0,0,0
107000118,20,97,-77
107000119,235,70,165
107000120,653,116,537
107000121,36,67,-31
107000122,184,196,-12
107000123,26,122,-96
107000124,91,253,-162
107000125,53,158,-105
107000126,202,328,-126
107000129,18,273,-255
107000130,26,19,7
107000131,35,237,-202
107000132,17,46,-29
107000133,19,21,-2
107000134,4,2,2
107000135,0,33,-33
107000136,41,0,41
107000137,2,81,-79
107000138,16,3,13
107000139,0,108,-108
107000140,112,14,98
107000141,21,183,-162
107000142,37,0,37
107000143,10,235,-225
107000144,60,27,33
107000145,21,142,-121
107000146,33,20,13
107000147,1007,244,763
107000150,127,260,-133
107000151,2,8,-6
107000152,64,52,12
107000153,57,68,-11
107000154,3,24,-21
107000155,121,3,118
107000156,144,2,142
107000157,8,652,-644
107000158,44,1,43
107000159,3,354,-351
107000160,54,15,39
107000161,16,400,-384
107000162,21,60,-39
107000163,3,0,3
107000164,14,0,14
107000165,33,0,33
107000166,18,304,-286
107000167,68,39,29
107000168,127,63,64
107000169,169,256,-87
107000170,95,45,50
107000171,63,752,-689
107000172,84,96,-12
107000173,152,272,-120
107000174,157,282,-125
107000175,2354,356,1998
107000176,0,0,0
107000177,0,0,0
107000178,0,0,0
107000179,68,746,-678
107000180,97,66,31
107000181,54,391,-337
107000182,82,90,-8
107000183,12,282,-270
107000184,77,162,-85
107000185,29,311,-282
107000186,19,43,-24
107000187,138,169,-31
107000188,89,87,2
107000189,55,167,-112
107000190,106,125,-19
107000191,118,206,-88
107000192,154,234,-80
107000193,59,65,-6
107000194,146,154,-8
107000197,32,32,0
107000198,26,162,-136
107000199,99,160,-61
107000200,200,87,113
107000201,108,55,53
107000202,62,105,-43
107000203,441,65,376
107000204,321,103,218
107000205,658,164,494
107000206,91,57,34
107000207,138,146,-8
107000208,205,54,151
107000209,180,64,116
107000210,180,25,155
107000211,1,20,-19
107000212,6,63,-57
107000213,7,0,7
107000214,0,32,-32
107000215,93,146,-53
107000216,18,109,-91
107000217,19,24,-5
107000219,22,16,6
107000220,13,92,-79
107000222,56,149,-93
107000224,41,6,35
107000225,38,119,-81
107000226,33,8,25
107000227,17,97,-80
107000228,9,37,-28
107000229,28,18,10
107000230,344,142,202
107000231,47,45,2
107000232,12,10,2
107000233,49,55,-6
107000234,0,1,-1
107000235,0,0,0
107000236,6,95,-89
107000237,0,0,0
107000238,0,2,-2
107000239,1246,63,1183
107000240,7,300,-293
107000243,0,12,-12
107000244,3,26,-23
107000246,2,259,-257
107000249,0,175,-175
107000251,0,38,-38
107000252,1,297,-296
107000255,164,18,146
107000257,0,215,-215
107000258,0,21,-21
107000259,2,46,-44
107000260,35,0,35
107000262,0,223,-223
107000263,8,0,8
107000266,1,0,1
107000267,7,36,-29
107000268,27,34,-7
107000269,10,4,6
107000270,0,1,-1
107000271,0,316,-316
107000272,1,144,-143
107000273,0,83,-83
107000274,85,1,84
107000275,41,175,-134
107000280,48,6,42
107000281,0,327,-327
107000282,4,491,-487
107000290,0,16,-16
107000291,1,3,-2
107000292,1,20,-19
107000293,32,1,31
107000294,0,25,-25
107000295,6,0,6
107000296,0,0,0
107000444,33,2,31
107000496,1,0,1
107000497,194,840,-646
107000500,106,63,43
107000501,21,40,-19
107000502,22,73,-51
107000505,138,163,-25
107000506,0,0,0
107000508,0,161,-161
107000509,11,53,-42
107000510,16,5,11
107000514,0,43,-43
107000515,0,104,-104
107000516,48,23,25
107000518,48,12,36
107000519,741,272,469
107000520,6,0,6
107000521,59,96,-37
107000522,36,128,-92
107900001,3,100,-97
107900002,2,4,-2
107900003,17,4,13
107900004,0,0,0
107900005,80,0,80
107900006,1,0,1
107900007,10,1,9
107900008,31,18,13
107900009,2,0,2
107900010,0,0,0
107900012,19,1,18
107900013,26,11,15
107900014,3,0,3
107900015,53,0,53
107900016,132,41,91
107900017,3,0,3
107900018,8,5,3
107900019,1,34,-33
107900020,23,2,21
107900021,1,28,-27
107900023,0,0,0
107900024,0,1,-1
107900025,33,74,-41
107900026,2,26,-24
107900027,2,14,-12
107900028,5,38,-33
107900030,23,3,20
107900031,9,84,-75
107900032,1,1,0
107900033,0,1,-1
107900034,10,0,10
107900035,47,1,46
107900036,17,0,17
107900037,0,9,-9
107900038,19,9,10
107900039,0,6,-6
107900040,8,6,2
107900041,0,0,0
107900043,1,21,-20
107900044,0,3,-3
107900045,3,4,-1
107900046,8,5,3
107900047,1,19,-18
107900048,16,0,16
107900049,29,50,-21
107900050,9,71,-62
107900051,4,12,-8
107900052,0,0,0
107900053,2,14,-12
107900055,20,30,-10
107900056,1,4,-3
107900057,0,0,0
107900058,10,167,-157
107900060,1,7,-6
107900061,5,0,5
107900063,2,24,-22
107900064,60,9,51
107900065,4,1,3
107900066,1,1,0
107900067,0,0,0
107900068,44,28,16
107900069,7,50,-43
107900070,3,1,2
107900071,1,192,-191
107900072,5,34,-29
107900073,1,18,-17
107900074,224,22,202
107900076,7,7,0
107900077,0,0,0
107900079,3,0,3
107900080,142,30,112
107900081,1,8,-7
107900082,8,1,7
107900083,16,22,-6
107900084,9,8,1
107900086,15,9,6
107900087,34,3,31
107900088,0,2,-2
107900089,130,83,47
107900090,42,89,-47
107900091,13,66,-53
107900093,2,1,1
107900095,490,232,258
107900097,2,8,-6
107900098,3,11,-8
107900100,118,47,71
107900101,174,33,141
107900102,24,0,24
107900103,9,25,-16
107900104,6,0,6
107900105,0,159,-159
107900106,0,372,-372
107900107,170,30,140
107900108,16,11,5
107900109,42,0,42
107900110,1,33,-32
107900111,4,257,-253
107900112,14,50,-36
107900113,2,21,-19
107900114,8,68,-60
107900115,0,4,-4
107900116,17,76,-59
107900117,57,76,-19
107900118,9,24,-15
107900119,13,15,-2
107900120,20,2,18
107900121,0,9,-9
107900122,0,11,-11
107900123,2,1,1
107900124,0,11,-11
107900125,2,54,-52
107900126,0,5,-5
107900127,54,10,44
107900128,11,16,-5
107900129,1,9,-8
107900130,1,10,-9
107900131,49,2,47
107900132,6,80,-74
107900133,1,8,-7
107900134,6,3,3
107900135,0,29,-29
107900136,13,2,11
107900137,19,13,6
107900138,1,2,-1
107900139,0,6,-6
107900141,3,1,2
107900142,8,222,-214
107900143,16,15,1
107900144,0,46,-46
107900145,3,20,-17
107900146,4,19,-15
107900147,4,0,4
107900148,56,24,32
107900149,379,23,356
107900150,5,101,-96
107900151,4,22,-18
107900152,3,39,-36
107900153,11,34,-23
107900154,0,3,-3
107900155,5,14,-9
107900156,0,70,-70
107900157,4,19,-15
107900158,44,7,37
107900159,7,217,-210
107900160,7,20,-13
107900161,0,49,-49
107900162,0,9,-9
107900163,5,11,-6
107900164,0,7,-7
107900165,7,5,2
107900166,0,93,-93
107900167,1,0,1
107900168,6,8,-2
107900169,0,31,-31
107900171,2,320,-318
107900172,0,64,-64
107900173,0,50,-50
107900174,8,0,8
107900175,1,1,0
107900176,1,6,-5
107900177,0,5,-5
107900178,0,36,-36
107900179,0,28,-28
107900180,237,18,219
107900181,39,93,-54
107900182,0,281,-281
107900183,3,91,-88
107900184,4,34,-30
107900185,3,5,-2
107900186,3,4,-1
107900187,0,34,-34
107900188,130,16,114
107900189,2,12,-10
107900190,41,1,40
107900191,6,39,-33
107900193,7,7,0
107900194,7,1,6
107900195,752,50,702
107900196,6,10,-4
107900197,52,9,43
107900199,1,370,-369
107900201,9,26,-17
107900203,1,16,-15
107900204,68,35,33
107900206,201,31,170
107900207,0,166,-166
107900208,2,181,-179
107900209,45,5,40
107900210,9,33,-24
107900213,36,53,-17
107900214,2,42,-40
107900215,30,82,-52
107900216,4,17,-13
107900217,4,4,0
107900218,0,409,-409
107900219,1,39,-38
107900220,5,5,0
107900221,35,31,4
107900223,3,59,-56
107900224,47,56,-9
107900225,0,196,-196
107900226,7,33,-26
107900227,12,60,-48
107900228,1,24,-23
107900229,0,127,-127
107900230,2,36,-34
107900231,0,33,-33
107900232,2,75,-73
107900233,7,28,-21
107900234,3,38,-35
107900235,14,24,-10
107900236,4,26,-22
107900237,13,96,-83
107900238,11,28,-17
107900239,221,65,156
107900240,0,54,-54
107900241,2,19,-17
107900242,0,77,-77
107900243,0,5,-5
107900244,15,1,14
107900245,21,5,16
107900246,7,2,5
107900248,6,37,-31
107900249,25,0,25
107900250,1,127,-126
107900251,0,198,-198
107900252,39,1,38
107900253,1,1,0
107900254,4,34,-30
107900255,38,3,35
107900256,85,111,-26
107900257,7,5,2
107900258,6,67,-61
107900259,3,75,-72
107900261,0,80,-80
107900262,4,37,-33
107900264,19,0,19
107900265,7,52,-45
107900267,4,3,1
107900268,14,1,13
107900269,0,2,-2
107900270,0,0,0
107900271,0,0,0
107900272,0,0,0
107900273,3,11,-8
107900274,4,0,4
107900275,15,0,15
107900276,0,5,-5
107900277,0,66,-66
107900278,24,57,-33
107900279,27,13,14
107900280,296,287,9
107900281,558,119,439
107900282,7,42,-35
107900283,299,138,161
107900284,9,158,-149
107900285,5,13,-8
107900286,12,11,1
107900287,15,9,6
107900290,0,5,-5
107900291,47,1,46
107900292,11,70,-59
107900293,15,117,-102
107900295,6,33,-27
107900297,1,73,-72
107900298,104,118,-14
107900299,781,154,627
107900301,36,56,-20
107900302,4,2,2
107900303,23,67,-44
107900304,28,159,-131
107900305,8,0,8
107900306,1,0,1
107900307,6,109,-103
107900308,17,11,6
107900309,0,0,0
107900310,0,0,0
107900311,24,6,18
107900312,0,0,0
107900313,0,6,-6
107900314,0,2,-2
107900315,0,1,-1
107900316,4,0,4
107900317,0,0,0
107900318,0,13,-13
107900319,0,58,-58
107900320,0,42,-42
107900321,4,0,4
107900322,1,49,-48
107900323,1,24,-23
107900324,12,0,12
107900325,6,0,6
107900326,23,129,-106
107900327,0,0,0
107900328,0,0,0
107900329,0,0,0
107900330,1,120,-119
107900331,5,5,0
107900332,15,1,14
107900333,2,1,1
107900334,3,37,-34
107900335,3,31,-28
107900336,1,6,-5
107900337,237,33,204
107900338,0,24,-24
107900339,1,8,-7
107900340,0,21,-21
107900341,3,2,1
107900342,20,17,3
107900343,0,1,-1
107900344,2,20,-18
107900345,6,4,2
107900346,0,0,0
107900347,1,0,1
107900348,0,0,0
107900349,2,1,1
107900350,9,54,-45
107900351,4,52,-48
107900352,0,9,-9
107900353,0,8,-8
107900354,1,14,-13
108000001,394,392,2
108000002,513,1072,-559
108000003,508,245,263
108000004,4249,4363,-114
108000005,636,431,205
108000006,1022,1637,-615
108000007,514,518,-4
108000008,996,1711,-715
108000009,263,569,-306
108000010,438,1428,-990
108000011,1063,1047,16
108000012,4007,4218,-211
108000014,24,56,-32
108000015,24,49,-25
108000016,31,186,-155
108000017,28,45,-17
108000018,77,45,32
108000019,80,102,-22
108000020,55,48,7
108000021,68,448,-380
108000022,86,288,-202
108000023,119,9,110
108000024,12,129,-117
108000025,8,49,-41
108000026,25,147,-122
108000027,33,295,-262
108000028,13,74,-61
108000029,32,302,-270
108000030,16,27,-11
108000031,28,172,-144
108000032,83,21,62
108000033,118,354,-236
108000034,120,33,87
108000035,163,732,-569
108000036,57,430,-373
108000037,136,52,84
108000038,211,24,187
108000039,66,567,-501
108000040,123,60,63
108000041,104,586,-482
108000042,6,48,-42
108000043,17,85,-68
108000044,13,46,-33
108000045,26,226,-200
108000046,24,46,-22
108000047,66,293,-227
108000048,11,109,-98
108000049,20,20,0
108000050,69,202,-133
108000051,24,20,4
108000052,64,151,-87
108000053,35,26,9
108000054,85,205,-120
108000055,132,77,55
108000056,227,249,-22
108000057,70,123,-53
108000058,161,292,-131
108000059,522,340,182
108000060,14,68,-54
108000061,54,183,-129
108000062,52,68,-16
108000063,26,172,-146
108000064,24,26,-2
108000065,70,146,-76
108000066,180,76,104
108000067,180,51,129
108000068,49,74,-25
108000069,71,334,-263
108000070,115,75,40
108000071,86,507,-421
108000072,59,73,-14
108000073,177,474,-297
108000074,26,22,4
108000075,64,232,-168
108000076,49,44,5
108000077,131,285,-154
108000078,215,91,124
108000079,232,371,-139
108000080,79,81,-2
108000081,116,706,-590
108000082,279,331,-52
108000083,186,83,103
108000084,80,284,-204
108000085,43,32,11
108000086,107,152,-45
108000087,8,175,-167
108000088,66,14,52
108000089,44,67,-23
108000091,13,181,-168
108000092,3,5,-2
108000093,28,221,-193
108000094,21,16,5
108000095,29,183,-154
108000096,8,26,-18
108000097,20,186,-166
108000098,50,99,-49
108000099,77,42,35
108000100,9,44,-35
108000101,82,107,-25
108000102,126,298,-172
108000106,24,0,24
108000107,0,116,-116
108000108,29,3,26
108000109,0,159,-159
108000110,13,44,-31
108000111,31,228,-197
108000112,3,4,-1
108000113,88,62,26
108000115,98,73,25
108000117,113,67,46
108000118,65,119,-54
108000119,123,188,-65
108000120,6,148,-142
108000121,38,144,-106
108000122,30,58,-28
108000123,28,44,-16
108000124,14,152,-138
108000125,26,67,-41
108000126,37,202,-165
108000127,17,120,-103
108000128,37,257,-220
108000129,33,479,-446
108000130,18,137,-119
108000131,50,15,35
108000132,106,248,-142
108000133,44,89,-45
108000134,81,249,-168
108000135,40,55,-15
108000136,216,317,-101
108000137,33,103,-70
108000138,42,212,-170
108000139,30,92,-62
108000140,5,1,4
108000141,7,21,-14
108000142,3,18,-15
108000143,20,140,-120
108000144,26,7,19
108000145,3,8,-5
108000146,42,4,38
108000147,4,6,-2
108000148,13,4,9
108000149,2,1,1
108000150,4,0,4
108000151,17,9,8
108000152,11,188,-177
108000153,14,30,-16
108000154,15,1,14
108000155,8,16,-8
108000156,118,102,16
108000157,13,60,-47
108000158,21,60,-39
108000159,162,23,139
108000160,1105,122,983
108000161,737,120,617
108000165,1,27,-26
108000172,0,27,-27
108000173,409,246,163
108000175,31,16,15
108000178,115,100,15
108000179,66,85,-19
108000181,8,21,-13
108000182,45,10,35
108000183,3,58,-55
108000184,174,249,-75
108000185,1,109,-108
108000186,10,119,-109
108000187,3,129,-126
108000188,35,43,-8
108000189,251,307,-56
108000190,1,22,-21
108000192,14,152,-138
108000193,139,5,134
108000194,0,2,-2
108000195,1,333,-332
108000196,1,17,-16
108000198,37,94,-57
108000199,0,47,-47
108000200,20,119,-99
108000203,17,179,-162
108000204,14,7,7
108000205,80,77,3
108000339,168,33,135
108000364,64,81,-17
108000365,12,59,-47
108000367,7,45,-38
108000368,1,12,-11
108000369,308,20,288
108000371,0,164,-164
108000372,27,0,27
108000373,0,0,0
108000376,25,0,25
108000377,73,50,23
108000378,1344,978,366
108000379,2,26,-24
108000381,2,3,-1
108000382,18,0,18
108000383,0,60,-60
108900001,29,188,-159
108900002,47,9,38
108900003,32,243,-211
108900004,137,44,93
108900007,18,13,5
108900008,4,29,-25
108900009,3,24,-21
108900010,16,28,-12
108900011,16,86,-70
108900012,13,98,-85
108900013,4,70,-66
108900014,0,7,-7
108900015,1,2,-1
108900016,0,45,-45
108900017,43,14,29
108900018,7,117,-110
108900019,2,283,-281
108900020,4,65,-61
108900021,42,68,-26
108900022,1,0,1
108900023,2,4,-2
108900024,0,32,-32
108900025,4,13,-9
108900026,3,19,-16
108900027,0,37,-37
108900028,6,176,-170
108900029,2,46,-44
108900030,0,28,-28
108900031,6,161,-155
108900032,0,62,-62
108900033,0,16,-16
108900034,0,98,-98
108900035,16,498,-482
108900038,0,71,-71
108900039,0,154,-154
108900040,0,34,-34
108900041,1046,264,782
108900042,0,54,-54
108900043,8,95,-87
108900044,0,219,-219
108900045,4,120,-116
108900046,4,194,-190
108900047,0,18,-18
108900048,13,195,-182
108900049,1040,156,884
108900050,2,100,-98
108900051,0,30,-30
108900052,1,53,-52
108900053,3,20,-17
108900054,4,41,-37
108900055,7,116,-109
108900056,0,52,-52
108900057,0,38,-38
108900058,2,137,-135
108900059,106,2,104
108900060,23,8,15
108900061,2,4,-2
108900062,0,104,-104
108900063,3,102,-99
108900064,10,17,-7
108900065,0,129,-129
108900066,9,20,-11
108900067,1,79,-78
108900068,2,55,-53
108900069,2,33,-31
108900070,14,83,-69
108900071,5,12,-7
108900072,491,33,458
108900073,0,131,-131
108900074,4,87,-83
108900075,8,28,-20
108900076,17,5,12
108900077,50,173,-123
108900078,0,35,-35
108900079,182,56,126
108900080,1,45,-44
108900081,17,65,-48
108900082,5,28,-23
108900083,3,10,-7
108900085,439,27,412
108900086,5,90,-85
108900087,15,46,-31
108900088,35,24,11
108900089,0,11,-11
108900090,1,71,-70
108900091,63,24,39
108900092,48,34,14
108900093,7,4,3
108900094,31,9,22
108900095,3,178,-175
108900096,139,7,132
108900097,17,66,-49
108900098,701,25,676
108900099,46,116,-70
108900100,5,22,-17
108900101,20,9,11
108900102,2,83,-81
108900103,5,23,-18
108900105,2,47,-45
108900106,9,159,-150
108900108,21,4,17
108900109,16,13,3
108900110,10,81,-71
108900111,15,233,-218
108900113,9,3,6
108900114,2,2,0
108900115,2,7,-5
108900116,1,0,1
108900117,4,5,-1
108900118,23,1,22
108900119,34,5,29
108900120,20,26,-6
108900121,11,3,8
108900122,1,1,0
108900123,2,5,-3
108900124,53,8,45
108900125,11,0,11
108900126,5,1,4
108900127,15,6,9
108900128,3,2,1
108900129,28,12,16
108900130,7,1,6
108900131,24,2,22
108900132,16,6,10
108900133,31,2,29
108900134,3,56,-53
108900135,12,0,12
108900136,0,0,0
108900137,6,0,6
108900138,31,0,31
108900140,10,31,-21
108900141,6,2,4
108900142,3,0,3
108900143,0,0,0
108900144,1,0,1
108900145,16,1,15
108900146,2,0,2
108900147,10,0,10
108900148,9,3,6
108900150,49,3,46
108900151,8,1,7
108900152,5,0,5
108900153,6,143,-137
108900154,277,22,255
108900156,3,6,-3
108900157,2,161,-159
108900158,11,14,-3
108900159,3,68,-65
108900160,3,64,-61
108900161,0,100,-100
108900162,5,0,5
108900163,1,16,-15
108900164,7,33,-26
108900168,2424,217,2207
108900169,8,16,-8
108900171,1114,199,915
108900172,22,2,20
108900173,39,51,-12
108900174,24,122,-98
108900176,12,198,-186
108900177,2073,295,1778
108900178,1058,138,920
108900180,2,18,-16
108900183,28,22,6
108900184,15,26,-11
108900185,3,56,-53
108900186,4,50,-46
108900189,9,12,-3
108900190,2,497,-495
108900192,7,73,-66
108900195,3,87,-84
108900196,2,99,-97
108900199,22,58,-36
108900200,44,38,6
108900201,25,164,-139
108900203,16,3,13
108900204,12,1,11
108900205,3,0,3
108900206,20,0,20
108900207,7,6,1
108900208,5,51,-46
108900209,38,110,-72
108900210,36,48,-12
108900211,9,26,-17
108900212,59,97,-38
108900215,13,188,-175
108900216,106,12,94
108900217,2,0,2
108900218,3,1,2
108900221,1,5,-4
108900224,1,12,-11
108900225,0,20,-20
108900227,12,19,-7
108900230,80,68,12
108900232,3,97,-94
108900233,12,6,6
108900234,16,5,11
108900235,42,120,-78
108900236,5,92,-87
108900240,2,11,-9
108900241,0,18,-18
108900245,0,34,-34
108900250,4,1,3
108900258,14,31,-17
108900259,3,20,-17
108900260,1,42,-41
108900261,21,17,4
108900262,58,17,41
108900263,7,72,-65
108900264,36,64,-28
108900265,345,33,312
108900266,133,13,120
108900267,0,5,-5
108900268,1,0,1
108900269,5,0,5
108900270,6,1,5
108900271,1,3,-2
108900272,3,5,-2
108900273,196,53,143
108900274,2,9,-7
109000001,494,112,382
109000002,1068,305,763
109000003,225,89,136
109000004,102,727,-625
109000005,169,105,64
109000006,140,674,-534
109000007,111,136,-25
109000008,115,574,-459
109000009,340,177,163
109000010,294,1042,-748
109000011,189,215,-26
109000012,322,1268,-946
109000013,260,213,47
109000014,312,1170,-858
109000015,655,520,135
109000016,2264,1321,943
109000017,345,210,135
109000018,156,1160,-1004
109000019,321,174,147
109000020,296,684,-388
109000023,0,0,0
109000024,0,40,-40
109000025,102,77,25
109000026,117,54,63
109000027,14,93,-79
109000028,12,9,3
109000029,34,23,11
109000030,2,127,-125
109000031,0,0,0
109000032,9,109,-100
109000033,13,13,0
109000034,3,10,-7
109000035,2,11,-9
109000036,11,95,-84
109000037,37,156,-119
109000038,209,71,138
109000039,78,83,-5
109000040,508,275,233
109000041,1353,193,1160
109000042,111,163,-52
109000044,22,43,-21
109000045,19,145,-126
109000046,10,7,3
109000047,51,158,-107
109000048,102,61,41
109000049,35,214,-179
109000050,35,69,-34
109000051,63,111,-48
109000052,60,436,-376
109000053,49,50,-1
109000054,17,136,-119
109000055,18,14,4
109000056,29,178,-149
109000057,18,17,1
109000058,181,122,59
109000059,33,211,-178
109000060,60,25,35
109000061,241,66,175
109000062,17,10,7
109000063,27,60,-33
109000064,9,15,-6
109000065,4,69,-65
109000066,28,5,23
109000067,6,82,-76
109000068,17,0,17
109000069,0,0,0
109000070,1,231,-230
109000071,71,7,64
109000072,25,98,-73
109000073,5,26,-21
109000074,4,32,-28
109000075,7,166,-159
109000076,13,39,-26
109000077,46,77,-31
109000078,15,36,-21
109000079,22,52,-30
109000080,18,68,-50
109000081,8,94,-86
109000082,38,85,-47
109000083,33,177,-144
109000088,17,98,-81
109000089,25,6,19
109000090,40,146,-106
109000091,61,10,51
109000092,56,190,-134
109000093,42,7,35
109000094,23,1,22
109000095,8,193,-185
109000096,77,4,73
109000097,20,34,-14
109000098,3,2,1
109000099,30,29,1
109000100,11,145,-134
109000101,99,153,-54
109000102,22,235,-213
109000103,84,139,-55
109000104,108,73,35
109000105,50,425,-375
109000106,130,84,46
109000107,47,410,-363
109000108,81,102,-21
109000109,66,495,-429
109000110,89,103,-14
109000111,158,604,-446
109000112,40,27,13
109000113,20,43,-23
109000114,13,40,-27
109000115,171,28,143
109000116,2,81,-79
109000117,8,23,-15
109000118,0,76,-76
109000119,56,84,-28
109000120,13,374,-361
109000121,40,28,12
109000122,5,360,-355
109000123,13,76,-63
109000124,46,69,-23
109000125,45,83,-38
109000126,45,221,-176
109000127,106,62,44
109000128,50,704,-654
109000129,79,56,23
109000130,137,819,-682
109000131,115,74,41
109000132,133,560,-427
109000133,24,249,-225
109000134,122,420,-298
109000135,196,272,-76
109000136,34,100,-66
109000137,16,41,-25
109000138,92,114,-22
109000139,32,67,-35
109000140,25,181,-156
109000141,50,97,-47
109000142,35,140,-105
109000143,20,14,6
109000145,22,9,13
109000146,21,24,-3
109000148,728,51,677
109000149,2,0,2
109000150,28,24,4
109000155,31,106,-75
109000156,165,181,-16
109000158,0,60,-60
109000159,14,98,-84
109000160,107,90,17
109000161,35,264,-229
109000162,256,266,-10
109000163,88,288,-200
109000164,161,630,-469
109000165,102,123,-21
109000166,61,36,25
109000167,17,231,-214
109000170,4,4,0
109000171,6,5,1
109000172,5,20,-15
109000173,19,10,9
109000174,16,29,-13
109000175,7,82,-75
109000176,37,114,-77
109000177,2,13,-11
109000178,38,83,-45
109000179,1497,240,1257
109000180,836,541,295
109000181,3,12,-9
109000182,7,9,-2
109000183,1,40,-39
109000184,12,13,-1
109000185,0,39,-39
109000188,38,565,-527
109000189,155,173,-18
109000190,56,125,-69
109000191,21,66,-45
109000192,11,59,-48
109000193,27,123,-96
109000194,39,26,13
109000195,10,82,-72
109000196,10,18,-8
109000197,11,138,-127
109000198,13,17,-4
109000199,31,86,-55
109000206,16,7,9
109000207,17,9,8
109000208,27,8,19
109000209,19,7,12
109000210,38,88,-50
109000211,10,67,-57
109000214,41,379,-338
109000215,5,7,-2
109000216,4,5,-1
109000217,18,18,0
109000218,31,14,17
109000221,16,286,-270
109000222,73,5,68
109000223,69,54,15
109000224,13,65,-52
109000225,8,2,6
109000226,21,65,-44
109000227,95,298,-203
109000228,0,78,-78
109000231,0,145,-145
109000232,9,157,-148
109000236,13,216,-203
109000241,166,446,-280
109000242,97,145,-48
109000293,8,40,-32
109000361,28,31,-3
109000364,23,142,-119
109000396,0,318,-318
109000397,31,1,30
109000399,16,144,-128
109000400,11,164,-153
109000403,1,40,-39
109000406,0,2,-2
109000407,21,31,-10
109000408,0,97,-97
109000410,100,38,62
109000411,5,18,-13
109000412,0,42,-42
109900001,2,0,2
109900002,41,2,39
109900003,14,2,12
109900005,3,1,2
109900006,12,68,-56
109900007,13,229,-216
109900008,0,3,-3
109900009,29,253,-224
109900010,32,2,30
109900011,10,6,4
109900012,5,19,-14
109900013,21,19,2
109900014,16,7,9
109900015,3,13,-10
109900016,11,20,-9
109900017,4,5,-1
109900018,1,72,-71
109900019,3,36,-33
109900020,1,1,0
109900021,11,0,11
109900022,10,90,-80
109900023,0,1,-1
109900024,1,0,1
109900025,2,9,-7
109900027,1,1,0
109900028,639,43,596
109900029,0,154,-154
109900030,4,0,4
109900031,0,6,-6
109900032,0,80,-80
109900033,0,82,-82
109900034,0,0,0
109900035,1,0,1
109900036,1,7,-6
109900037,2,125,-123
109900038,9,58,-49
109900039,0,0,0
109900040,20,170,-150
109900041,3,99,-96
109900042,0,115,-115
109900044,4,75,-71
109900045,7,11,-4
109900046,10,18,-8
109900047,40,64,-24
109900048,1,18,-17
109900049,0,3,-3
109900050,0,44,-44
109900051,0,6,-6
109900052,0,35,-35
109900053,3,107,-104
109900054,28,15,13
109900055,6,47,-41
109900056,3,7,-4
109900057,1,65,-64
109900058,0,23,-23
109900060,35,25,10
109900061,20,63,-43
109900062,0,60,-60
109900064,11,41,-30
109900065,6,19,-13
109900066,34,226,-192
109900067,0,93,-93
109900068,2,0,2
109900069,1,4,-3
109900071,1,4,-3
109900072,1,25,-24
109900073,15,154,-139
109900074,3,27,-24
109900075,7,3,4
109900076,3,129,-126
109900077,1,11,-10
109900078,15,66,-51
109900080,13,73,-60
109900081,0,9,-9
109900082,2,127,-125
109900083,1,4,-3
109900084,1,36,-35
109900085,9,280,-271
109900086,7,38,-31
109900087,8,54,-46
109900089,27,9,18
109900092,25,0,25
109900093,59,28,31
109900094,2,20,-18
109900095,6,30,-24
109900096,0,0,0
109900097,2,0,2
109900098,13,1,12
109900099,1,0,1
109900100,0,0,0
109900101,22,0,22
109900102,48,7,41
109900103,0,5,-5
109900104,48,304,-256
109900105,54,12,42
109900106,12,16,-4
109900107,28,15,13
109900108,6,185,-179
109900109,9,48,-39
109900111,25,254,-229
109900114,105,14,91
109900115,19,5,14
109900117,39,33,6
109900121,32,15,17
109900123,0,45,-45
109900125,0,47,-47
109900126,3,41,-38
109900130,2416,153,2263
109900131,4,38,-34
109900132,5,40,-35
109900134,2,7,-5
109900135,48,4,44
109900137,9,80,-71
109900140,27,118,-91
109900149,10,4,6
109900150,3,7,-4
109900151,0,7,-7
109900152,0,0,0
109900153,0,6,-6
109900154,0,0,0
109900155,2,1,1
109900157,7,40,-33
109900159,15,1,14
109900161,5,9,-4
109900162,10,8,2
109900163,144,34,110
109900164,8,100,-92
109900165,18,0,18
109900166,1,31,-30
109900167,1,160,-159
109900168,9,94,-85
109900169,4,37,-33
109900170,40,46,-6
109900171,15,28,-13
109900172,3,29,-26
109900173,679,115,564
109900174,9,29,-20
109900175,4,16,-12
109900176,10,32,-22
109900177,3,75,-72
109900178,0,21,-21
109900179,1,3,-2
109900180,1,2,-1
110000001,161,156,5
110000002,63,111,-48
110000003,165,211,-46
110000004,126,87,39
110000005,236,182,54
110000006,110,62,48
110000007,18,22,-4
110000008,1,14,-13
110000009,0,8,-8
110000010,1,14,-13
110000011,10,24,-14
110000012,170,119,51
110000013,10,67,-57
110000014,139,88,51
110000015,133,62,71
110000016,49,119,-70
110000017,736,65,671
110000018,643,89,554
110000019,1,41,-40
110000020,119,49,70
110000021,94,63,31
110000022,64,18,46
110000023,0,34,-34
110000024,133,87,46
110000025,15,0,15
110000026,0,112,-112
110000027,154,27,127
110000028,153,124,29
110000029,66,224,-158
110000030,32,63,-31
110000031,32,146,-114
110000032,108,69,39
110000033,31,12,19
110000034,26,106,-80
110000035,53,187,-134
110000036,56,106,-50
110000037,13,135,-122
110000038,37,115,-78
110000039,56,161,-105
110000040,51,91,-40
110000041,8,32,-24
110000042,36,97,-61
110000043,18,5,13
110000044,2,23,-21
110000045,5,3,2
110000046,1,2,-1
110000047,0,0,0
110000048,0,0,0
110000049,0,0,0
110000050,1,0,1
110000051,1,0,1
110000052,6,6,0
110000053,3,0,3
110000054,10,22,-12
110000055,4,1,3
110000056,2,7,-5
110000057,67,229,-162
110000058,93,142,-49
110000059,172,233,-61
110000060,69,73,-4
110000061,227,252,-25
110000062,94,108,-14
110000063,11,16,-5
110000064,11,21,-10
110000065,2,16,-14
110000066,8,5,3
110000067,6,56,-50
110000068,20,108,-88
110000069,21,13,8
110000071,4,17,-13
110000073,0,7,-7
110000075,1,15,-14
110000076,20,38,-18
110000077,69,67,2
110000078,1,3,-2
110000080,33,94,-61
110000081,7,41,-34
110000082,7,38,-31
110000083,32,167,-135
110000084,72,48,24
110000085,573,278,295
110000086,135,118,17
110000087,0,16,-16
110000088,3,105,-102
110000089,8,50,-42
110000090,9,93,-84
110000091,511,65,446
110000092,5,31,-26
110000093,22,2,20
110000094,94,68,26
110000095,14,75,-61
110000096,1021,360,661
110000097,155,153,2
110000098,154,95,59
110000099,139,353,-214
110000100,19,197,-178
110000101,2,101,-99
110000102,6,8,-2
110000104,21,11,10
110000105,3,66,-63
110000106,44,22,22
110000107,58,77,-19
110000108,5,4,1
110000109,55,87,-32
110000110,552,225,327
110000111,1559,346,1213
110000112,170,55,115
110000113,55,56,-1
110000114,23,46,-23
110000115,26,74,-48
110000116,7,9,-2
110000117,14,130,-116
110000118,49,61,-12
110000119,18,119,-101
110000120,36,30,6
110000121,21,41,-20
110000122,68,109,-41
110000123,117,34,83
110000124,3,181,-178
110000125,128,0,128
110000126,35,4,31
110000127,61,2,59
110000128,4,282,-278
110000129,1,210,-209
110000130,29,13,16
110000131,22,152,-130
110000132,1,146,-145
110000133,12,52,-40
110000134,8,53,-45
110000135,32,7,25
110000136,7,63,-56
110000137,47,127,-80
110000138,49,263,-214
110000139,64,256,-192
110000140,165,60,105
110000143,74,48,26
110000144,424,176,248
110000145,180,89,91
110000146,203,97,106
110000147,34,127,-93
110000148,28,16,12
110000151,229,71,158
110000152,206,52,154
110000153,3,23,-20
110000154,0,3,-3
110000155,256,325,-69
110000156,150,246,-96
110000157,337,406,-69
110000160,46,112,-66
110000161,19,104,-85
110000166,9,10,-1
110000167,59,96,-37
110000168,78,34,44
110000169,33,26,7
110000170,13,22,-9
110000171,67,36,31
110000172,25,197,-172
110000173,238,279,-41
110000174,8,467,-459
110000175,14,6,8
110000176,5,21,-16
110000177,20,110,-90
110000178,97,92,5
110000179,245,56,189
110000180,16,79,-63
110000181,67,90,-23
110000182,88,48,40
110000183,1941,634,1307
110000184,46,268,-222
110000185,152,124,28
110000186,102,107,-5
110000191,38,90,-52
110000192,7,0,7
110000193,52,0,52
110000194,0,208,-208
110000195,27,60,-33
110000196,26,119,-93
110000197,2,35,-33
110000198,8,15,-7
110000199,3,15,-12
110000200,204,162,42
110000201,57,83,-26
110000202,125,74,51
110000203,95,183,-88
110000204,3,102,-99
110000205,9,15,-6
110000206,64,378,-314
110000207,47,41,6
110000208,8,32,-24
110000209,19,182,-163
110000210,0,0,0
110000211,0,0,0
110000212,28,173,-145
110000213,2,2,0
110000214,10,12,-2
110000215,8,169,-161
110000216,11,189,-178
110000217,13,39,-26
110000218,10,101,-91
110000219,13,11,2
110000220,4,119,-115
110000221,11,9,2
110000222,4,65,-61
110000223,1,2,-1
110000224,6,0,6
110000225,6,115,-109
110000226,1,1,0
110000227,71,51,20
110000228,13,3,10
110000229,0,47,-47
110000230,43,160,-117
110000231,20,23,-3
110000232,14,56,-42
110000233,10,42,-32
110000234,79,58,21
110000235,207,100,107
110000236,57,242,-185
110000237,194,267,-73
110000238,83,219,-136
110000239,188,343,-155
110000240,0,16,-16
110000242,0,7,-7
110000243,5,41,-36
110000244,14,70,-56
110000245,5,103,-98
110000246,56,169,-113
110000247,184,693,-509
110000248,272,246,26
110000249,8,0,8
110000250,1,58,-57
110000251,6,90,-84
110000252,11,60,-49
110000253,100,81,19
110000254,96,321,-225
110000255,26,329,-303
110000256,40,33,7
110000257,16,81,-65
110000258,6,89,-83
110000259,25,3,22
110000260,16,116,-100
110000263,88,33,55
110000264,33,190,-157
110000265,237,247,-10
110000266,179,279,-100
110000267,0,30,-30
110000268,28,92,-64
110000269,0,17,-17
110000270,2,1,1
110000271,198,26,172
110000272,122,286,-164
110000273,185,273,-88
110000274,21,157,-136
110000275,662,62,600
110000276,19,53,-34
110000277,19,72,-53
110000278,49,171,-122
110000279,25,70,-45
110000280,30,108,-78
110000281,9,34,-25
110000282,10,8,2
110000283,4,4,0
110000284,0,2,-2
110000285,0,14,-14
110000286,0,0,0
110000287,3,0,3
110000288,0,15,-15
110000289,52,217,-165
110000290,283,115,168
110000291,1245,240,1005
110000292,175,328,-153
110000293,37,205,-168
110000294,111,215,-104
110000295,11,157,-146
110000296,25,83,-58
110000297,227,56,171
110000298,75,100,-25
110000299,65,3,62
110000301,14,2,12
110000302,43,316,-273
110000303,21,0,21
110000304,14,72,-58
110000305,37,1,36
110000306,16,499,-483
110000307,62,1,61
110000308,17,1,16
110000309,0,442,-442
110000310,60,25,35
110000311,3,276,-273
110000312,78,13,65
110000313,298,347,-49
110000314,0,62,-62
110000315,413,333,80
110000316,152,354,-202
110000317,113,98,15
110000318,1,14,-13
110000319,0,1,-1
110000320,2,13,-11
110000321,1,1,0
110000322,18,124,-106
110000323,21,69,-48
110000324,1286,284,1002
110000325,102,206,-104
110000327,12,24,-12
110000328,18,156,-138
110000333,41,46,-5
110000334,28,339,-311
110000335,78,64,14
110000336,53,381,-328
110000337,65,64,1
110000338,11,50,-39
110000339,25,39,-14
110000340,0,40,-40
110000341,28,160,-132
110000342,4,0,4
110000343,0,6,-6
110000344,2,43,-41
110000345,3,13,-10
110000346,429,237,192
110000347,201,99,102
110000348,1,4,-3
110000349,1,1,0
110000350,1,0,1
110000351,68,141,-73
110000352,34,361,-327
110000353,462,105,357
110000354,144,384,-240
110000355,1,15,-14
110000356,0,0,0
110000357,60,1,59
110000361,0,15,-15
110000362,3,7,-4
110000363,54,12,42
110000364,11,57,-46
110000365,5,0,5
110000366,0,24,-24
110000367,58,53,5
110000368,1,15,-14
110000369,1,0,1
110000373,1,75,-74
110000374,4,1,3
110000375,12,157,-145
110000376,2,34,-32
110000377,0,0,0
110000378,4,87,-83
110000379,653,256,397
110000380,0,0,0
110000383,0,83,-83
110000384,45,18,27
110000385,0,40,-40
110000387,0,3,-3
110000388,6,92,-86
110000389,21,0,21
110000391,0,66,-66
110000396,5,21,-16
110000397,10,20,-10
110000398,1,6,-5
110000399,12,21,-9
110000587,20,24,-4
110000589,7,27,-20
110000640,14,12,2
110000652,0,3,-3
110000653,23,128,-105
110000654,12,8,4
110000656,0,136,-136
110000674,0,3,-3
110000675,0,2,-2
110000676,0,11,-11
110000679,134,56,78
110000682,7,4,3
110000683,75,72,3
110000684,0,13,-13
110000685,2,0,2
110000686,0,3,-3
110000687,0,0,0
110000688,4,55,-51
110000689,7,3,4
110000692,26,59,-33
110000693,19,30,-11
110000694,0,82,-82
110000695,37,188,-151
110000696,62,34,28
110000698,9,48,-39
110000699,11,126,-115
110900001,5,0,5
110900002,9,49,-40
110900003,23,178,-155
110900004,31,68,-37
110900005,815,98,717
110900006,4,0,4
110900007,8,0,8
110900008,1,23,-22
110900009,28,9,19
110900010,2,4,-2
110900011,0,11,-11
110900012,0,28,-28
110900013,88,24,64
110900014,13,6,7
110900015,138,28,110
110900016,2,71,-69
110900017,25,10,15
110900018,22,3,19
110900019,5,2,3
110900020,2,170,-168
110900021,1,120,-119
110900022,7,79,-72
110900023,6,101,-95
110900024,5,118,-113
110900025,0,9,-9
110900027,0,41,-41
110900028,3,48,-45
110900029,7,86,-79
110900030,5,70,-65
110900031,4,42,-38
110900032,0,21,-21
110900033,7,101,-94
110900035,5,71,-66
110900036,17,16,1
110900037,7,1,6
110900038,253,33,220
110900039,0,35,-35
110900040,18,2,16
110900041,0,36,-36
110900042,15,13,2
110900043,0,44,-44
110900044,40,10,30
110900045,5,128,-123
110900046,22,70,-48
110900047,163,9,154
110900049,2,4,-2
110900050,0,1,-1
110900052,1,62,-61
110900053,12,6,6
110900054,10,109,-99
110900055,3,0,3
110900056,7,17,-10
110900057,0,79,-79
110900058,4,75,-71
110900059,67,202,-135
110900060,18,11,7
110900061,1,8,-7
110900062,8,93,-85
110900063,6,17,-11
110900064,1,0,1
110900065,20,17,3
110900066,0,6,-6
110900067,155,92,63
110900068,49,51,-2
110900069,0,9,-9
110900070,23,32,-9
110900071,52,16,36
110900073,0,5,-5
110900074,23,10,13
110900075,6,7,-1
110900077,23,98,-75
110900078,0,21,-21
110900079,351,37,314
110900080,1,13,-12
110900081,0,19,-19
110900082,3,59,-56
110900083,5,2,3
110900084,1,51,-50
110900085,22,92,-70
110900086,3,23,-20
110900087,32,18,14
110900088,1,0,1
110900090,3,6,-3
110900091,1,23,-22
110900093,10,16,-6
110900095,4,13,-9
110900097,5,8,-3
110900098,0,21,-21
110900099,2,113,-111
110900100,0,9,-9
110900102,1,0,1
110900105,120,49,71
110900108,0,18,-18
110900111,64,9,55
110900112,53,2,51
110900113,107,4,103
110900115,0,11,-11
110900116,23,655,-632
110900118,28,96,-68
110900119,1264,33,1231
110900120,1,34,-33
110900121,4,0,4
110900122,18,21,-3
110900125,16,31,-15
110900127,127,78,49
110900128,46,61,-15
110900129,15,24,-9
110900130,196,19,177
110900131,9,7,2
110900132,20,4,16
110900133,7,60,-53
110900135,18,93,-75
110900136,25,15,10
110900139,0,0,0
110900140,0,0,0
110900141,35,26,9
110900142,0,48,-48
110900143,6,4,2
110900144,0,128,-128
110900145,8,0,8
110900146,40,5,35
110900147,28,48,-20
110900148,0,64,-64
110900149,1,8,-7
110900150,4,3,1
110900151,2,15,-13
110900152,5,60,-55
110900153,5,3,2
111000001,109,139,-30
111000002,262,185,77
111000003,81,54,27
111000004,151,344,-193
111000005,126,93,33
111000006,221,491,-270
111000007,508,232,276
111000008,753,535,218
111000009,79,255,-176
111000010,67,49,18
111000011,256,291,-35
111000012,156,72,84
111000013,62,290,-228
111000014,213,127,86
111000017,7,85,-78
111000018,29,149,-120
111000020,537,501,36
111000021,20,12,8
111000023,9,16,-7
111000025,1276,267,1009
111000029,18,22,-4
111000030,8,8,0
111000031,285,76,209
111000032,93,29,64
111000033,39,23,16
111000034,65,57,8
111000037,527,280,247
111000038,430,442,-12
111000039,213,500,-287
111000040,170,506,-336
111000041,170,250,-80
111000042,1494,418,1076
111000043,129,113,16
111000044,48,20,28
111000045,129,172,-43
111000046,77,152,-75
111000047,168,258,-90
111000049,61,98,-37
111000050,404,460,-56
111000051,77,310,-233
111000052,108,284,-176
111000053,45,198,-153
111000054,53,242,-189
111000055,221,557,-336
111000056,18,174,-156
111000057,13,220,-207
111000058,2,30,-28
111000059,13,45,-32
111000060,91,49,42
111000061,36,82,-46
111000062,38,57,-19
111000063,133,151,-18
111000064,42,75,-33
111000065,74,100,-26
111000066,20,62,-42
111000067,47,160,-113
111000068,32,105,-73
111000069,402,484,-82
111000070,604,336,268
111000071,62,179,-117
111000072,51,6,45
111000073,4,27,-23
111000074,79,74,5
111000075,32,53,-21
111000076,20,92,-72
111000077,111,161,-50
111000078,332,271,61
111000079,146,94,52
111000080,60,119,-59
111000081,495,469,26
111000082,107,116,-9
111000084,95,104,-9
111000085,111,289,-178
111000086,346,238,108
111000087,115,153,-38
111000088,683,263,420
111000089,87,167,-80
111000090,209,295,-86
111000091,94,171,-77
111000092,144,384,-240
111000093,71,159,-88
111000094,152,182,-30
111000095,66,342,-276
111000096,403,1093,-690
111000097,1471,273,1198
111000098,35,346,-311
111000099,57,819,-762
111000100,50,643,-593
111000101,68,173,-105
111000102,21,209,-188
111000104,18,10,8
111000107,3,185,-182
111000109,8,10,-2
111000110,75,63,12
111000111,158,63,95
111000112,135,30,105
111000113,85,48,37
111000114,148,103,45
111000115,1130,134,996
111000116,195,136,59
111000117,67,142,-75
111000118,218,163,55
111000119,136,292,-156
111000120,73,77,-4
111000121,33,73,-40
111000122,50,237,-187
111000123,140,947,-807
111000124,39,984,-945
111000125,21,613,-592
111000126,9,292,-283
111000127,23,3,20
111000128,31,7,24
111000129,112,12,100
111000130,104,102,2
111000131,47,67,-20
111000132,24,25,-1
111000133,16,13,3
111000134,24,17,7
111000135,0,17,-17
111000136,16,28,-12
111000138,1,4,-3
111000140,1,2,-1
111000141,10,47,-37
111000142,2,56,-54
111000143,1,16,-15
111000144,0,16,-16
111000145,0,0,0
111000146,0,0,0
111000147,0,0,0
111000148,14,13,1
111000149,2,7,-5
111000150,2,0,2
111000151,1,6,-5
111000153,50,86,-36
111000154,47,44,3
111000155,20,38,-18
111000156,32,9,23
111000157,11,16,-5
111000158,54,42,12
111000159,342,80,262
111000160,23,70,-47
111000161,0,30,-30
111000162,0,32,-32
111000163,53,149,-96
111000164,193,411,-218
111000165,252,98,154
111000166,173,59,114
111000167,69,119,-50
111000168,25,49,-24
111000169,14,69,-55
111000170,57,52,5
111000171,96,215,-119
111000172,23,121,-98
111000173,85,249,-164
111000174,22,102,-80
111000175,5,69,-64
111000176,16,62,-46
111000177,15,71,-56
111000178,65,78,-13
111000179,7,40,-33
111000180,18,86,-68
111000181,47,59,-12
111000182,14,24,-10
111000183,6,25,-19
111000184,22,10,12
111000185,63,154,-91
111000186,27,85,-58
111000187,11,79,-68
111000188,11,140,-129
111000189,366,99,267
111000190,45,178,-133
111000191,19,147,-128
111000192,54,208,-154
111000193,131,106,25
111000194,5,128,-123
111000195,17,120,-103
111000196,10,77,-67
111000197,19,27,-8
111000198,15,8,7
111000199,22,17,5
111000200,14,46,-32
111000201,37,46,-9
111000202,40,27,13
111000203,34,23,11
111000204,26,61,-35
111000213,29,88,-59
111000214,190,379,-189
111000215,112,335,-223
111000217,142,145,-3
111000218,112,203,-91
111000219,79,113,-34
111000220,404,121,283
111000221,130,7,123
111000224,40,110,-70
111000225,29,32,-3
111000226,7,0,7
111000227,5,0,5
111000228,2,31,-29
111000229,2,48,-46
111000230,22,60,-38
111000231,27,227,-200
111000232,21,155,-134
111000233,39,161,-122
111000234,9,36,-27
111000239,19,55,-36
111000240,2,3,-1
111000241,9,118,-109
111000242,0,1,-1
111000243,13,259,-246
111000244,5,7,-2
111000245,59,89,-30
111000246,24,129,-105
111000247,33,272,-239
111000248,28,71,-43
111000249,84,212,-128
111000250,6,25,-19
111000251,3,35,-32
111000253,0,0,0
111000255,0,0,0
111000257,0,0,0
111000260,21,300,-279
111000261,64,9,55
111000271,5,87,-82
111000273,1273,218,1055
111000274,192,305,-113
111000275,11,5,6
111000276,30,501,-471
111000277,45,95,-50
111000278,17,27,-10
111000291,69,267,-198
111000298,73,89,-16
111000299,50,1,49
111000300,3,144,-141
111000302,9,23,-14
111000303,11,60,-49
111000312,6,20,-14
111000315,7,45,-38
111000320,35,109,-74
111000321,29,11,18
111000322,13,118,-105
111000323,10,2,8
111000324,42,31,11
111000325,5,18,-13
111000326,13,107,-94
111000327,73,89,-16
111000328,25,78,-53
111000329,0,5,-5
111000330,6,4,2
111000331,2,0,2
111000332,62,223,-161
111000334,49,456,-407
111000335,41,17,24
111000337,37,110,-73
111000338,2,27,-25
111000339,10,133,-123
111000340,11,218,-207
111000341,211,31,180
111000342,6,49,-43
111000344,166,136,30
111000345,5,5,0
111000346,1,32,-31
111000347,4,0,4
111000350,41,10,31
111000351,9,42,-33
111000352,15,18,-3
111000353,11,49,-38
111000354,27,18,9
111000355,26,108,-82
111000358,12,392,-380
111000360,5,221,-216
111000361,6,82,-76
111000546,26,182,-156
111000547,11,104,-93
111000548,11,50,-39
111000549,10,93,-83
111000550,15,52,-37
111000551,52,14,38
111000552,43,1,42
111000907,10,2,8
111000908,0,0,0
111000916,92,40,52
111000917,9,86,-77
111000918,8,193,-185
111000920,20,0,20
111000921,1,109,-108
111000922,19,98,-79
111000924,2,218,-216
111000925,228,351,-123
111000926,196,825,-629
111000927,462,466,-4
111000928,1718,857,861
111000929,128,169,-41
111000930,109,643,-534
111000931,194,188,6
111000932,777,598,179
111000933,523,250,273
111000934,499,574,-75
111000935,95,140,-45
111000936,126,564,-438
111000937,165,168,-3
111000938,377,671,-294
111000939,25,0,25
111000940,39,51,-12
111000941,8,76,-68
111000943,25,53,-28
111000944,13,130,-117
111000945,3,463,-460
111001109,10,6,4
111001110,68,243,-175
111001111,1,2,-1
111001112,15,3,12
111001113,21,40,-19
111001114,72,2,70
111001115,17,48,-31
111001116,646,56,590
111001117,185,125,60
111001120,26,52,-26
111001121,23,75,-52
111001122,95,218,-123
111001123,7,28,-21
111001124,19,125,-106
111001125,0,2,-2
111001126,0,0,0
111001127,0,5,-5
111001128,44,118,-74
111900001,0,47,-47
111900002,0,121,-121
111900003,0,90,-90
111900004,1,17,-16
111900006,2,1,1
111900007,1,0,1
111900008,0,0,0
111900009,2,1,1
111900010,32,135,-103
111900012,28,17,11
111900013,2,6,-4
111900014,1817,179,1638
111900015,0,15,-15
111900016,0,46,-46
111900017,0,38,-38
111900018,10,0,10
111900019,0,7,-7
111900020,0,8,-8
111900021,0,7,-7
111900022,4,15,-11
111900023,46,15,31
111900024,6,42,-36
111900025,0,4,-4
111900026,0,19,-19
111900027,0,37,-37
111900028,2,91,-89
111900029,0,29,-29
111900030,6,43,-37
111900032,0,108,-108
111900033,1,38,-37
111900034,10,68,-58
111900035,0,33,-33
111900036,0,124,-124
111900038,37,86,-49
111900039,3,56,-53
111900040,1,231,-230
111900042,7,8,-1
111900043,3,126,-123
111900044,11,49,-38
111900046,37,52,-15
111900048,4,254,-250
111900049,5,92,-87
111900050,5,0,5
111900051,0,66,-66
111900052,67,168,-101
111900053,229,52,177
111900054,3,0,3
111900055,4,185,-181
111900056,13,39,-26
111900057,24,8,16
111900058,33,239,-206
111900059,314,29,285
111900060,17,0,17
111900061,3,102,-99
111900062,0,2,-2
111900063,2,64,-62
111900064,23,59,-36
111900065,4,3,1
111900066,10,6,4
111900067,0,51,-51
111900068,7,4,3
111900069,0,3,-3
111900070,8,22,-14
111900071,0,42,-42
111900072,9,3,6
111900073,19,9,10
111900074,0,20,-20
111900075,6,0,6
111900076,26,5,21
111900077,8,2,6
111900078,1,1,0
111900079,2,0,2
111900080,19,2,17
111900082,7,0,7
111900083,3,1,2
111900084,0,0,0
111900085,2,1,1
111900086,1,0,1
111900087,2,0,2
111900088,11,0,11
111900089,0,0,0
111900090,13,0,13
111900091,8,0,8
111900092,1,0,1
111900093,17,1,16
111900094,3,0,3
111900095,9,3,6
111900096,3,0,3
111900097,2,0,2
111900098,2,0,2
111900099,0,0,0
111900100,7,0,7
111900101,4,0,4
111900102,30,154,-124
111900103,2,3,-1
111900104,5,6,-1
111900105,19,10,9
111900106,264,13,251
111900110,703,9,694
111900111,2,2,0
111900112,99,95,4
111900113,97,7,90
111900118,1,1,0
111900119,15,5,10
111900122,9,0,9
111900123,0,0,0
111900124,16,30,-14
111900125,13,2,11
111900126,5,1,4
111900127,1,166,-165
111900128,0,94,-94
111900129,10,1,9
111900130,3,0,3
111900131,4,0,4
111900132,8,171,-163
111900133,0,38,-38
111900134,7,138,-131
111900135,0,2,-2
111900136,0,9,-9
111900137,10,22,-12
111900138,1,18,-17
111900139,2,32,-30
111900140,0,3,-3
111900141,3,1,2
111900142,18,6,12
111900143,0,30,-30
111900144,0,37,-37
111900145,0,113,-113
111900146,1,99,-98
111900147,24,152,-128
111900148,3,204,-201
111900149,0,133,-133
111900150,1,45,-44
111900151,2,11,-9
111900152,11,12,-1
111900153,234,9,225
111900154,1,28,-27
111900155,2,15,-13
111900156,0,6,-6
111900157,2,1,1
111900158,28,2,26
111900159,10,0,10
111900160,12,0,12
111900161,3,0,3
111900162,9,5,4
111900163,5,54,-49
111900164,1,6,-5
111901113,12,74,-62
111901114,6,83,-77
111901115,2,0,2
111901116,2,0,2
111901117,0,2,-2
111901118,11,2,9
111901119,313,11,302
111901121,15,71,-56
111901122,2,158,-156
111901123,5,115,-110
111901124,18,0,18
111901125,6,13,-7
111901127,133,28,105
111901128,3,7,-4
111901129,0,20,-20
111901130,0,34,-34
111901131,0,57,-57
111901132,1,0,1
111901133,4,0,4
111901134,3,0,3
111901135,3,1,2
111901138,0,6,-6
111901139,1,13,-12
111901140,0,20,-20
111901141,0,33,-33
111901142,1,20,-19
111901143,0,20,-20
111901144,4,1,3
111901145,6,15,-9
111901146,5,0,5
111901147,432,5,427
111901148,1,3,-2
111901149,0,0,0
111901150,0,0,0
111901151,0,0,0
111901152,2,2,0
112000001,177,163,14
112000002,235,444,-209
112000003,67,142,-75
112000004,111,324,-213
112000005,148,260,-112
112000006,240,390,-150
112000007,189,195,-6
112000008,418,823,-405
112000009,841,775,66
112000010,500,464,36
112000011,474,584,-110
112000012,748,233,515
112000013,1207,679,528
112000014,269,112,157
112000015,816,412,404
112000016,535,174,361
112000017,308,205,103
112000024,458,104,354
112000026,1046,1276,-230
112000027,46,51,-5
112000028,515,425,90
112000029,51,54,-3
112000030,65,27,38
112000031,336,289,47
112000032,147,10,137
112000033,549,132,417
112000034,164,4,160
112000035,18,50,-32
112000036,101,46,55
112000037,164,235,-71
112000038,134,127,7
112000039,11,26,-15
112000040,27,94,-67
112000041,78,117,-39
112000042,156,35,121
112000050,31,90,-59
112000051,31,107,-76
112000054,339,474,-135
112000057,117,45,72
112000058,71,77,-6
112000059,89,79,10
112000061,1245,328,917
112000062,405,90,315
112000063,255,148,107
112000064,1472,1448,24
112000065,697,703,-6
112000066,374,150,224
112000067,154,203,-49
112000068,197,146,51
112000069,88,512,-424
112000070,150,78,72
112000071,171,710,-539
112000072,103,103,0
112000073,172,347,-175
112000074,72,85,-13
112000075,90,128,-38
112000076,445,522,-77
112000077,92,181,-89
112000078,120,162,-42
112000079,195,380,-185
112000080,43,160,-117
112000081,139,330,-191
112000082,73,61,12
112000083,64,436,-372
112000084,149,30,119
112000085,103,388,-285
112000086,150,142,8
112000087,21,261,-240
112000088,31,83,-52
112000089,26,65,-39
112000090,51,73,-22
112000091,89,298,-209
112000092,89,108,-19
112000093,339,404,-65
112000094,32,155,-123
112000095,97,217,-120
112000096,56,125,-69
112000097,60,52,8
112000098,88,324,-236
112000099,67,58,9
112000100,59,115,-56
112000101,48,233,-185
112000102,37,65,-28
112000103,34,338,-304
112000105,83,560,-477
112000106,61,38,23
112000107,5,10,-5
112000108,31,486,-455
112000109,16,5,11
112000110,130,67,63
112000111,209,1290,-1081
112000112,330,54,276
112000113,223,650,-427
112000114,211,145,66
112000115,34,139,-105
112000116,17,217,-200
112000117,54,121,-67
112000118,98,201,-103
112000119,63,210,-147
112000120,12,94,-82
112000121,9,135,-126
112000122,7,13,-6
112000123,23,20,3
112000124,26,14,12
112000125,12,14,-2
112000126,16,194,-178
112000127,275,184,91
112000128,285,100,185
112000129,12,25,-13
112000130,17,2,15
112000131,2,57,-55
112000132,8,62,-54
112000133,23,26,-3
112000134,30,104,-74
112000135,43,103,-60
112000136,118,413,-295
112000137,78,145,-67
112000138,138,361,-223
112000139,91,35,56
112000140,119,294,-175
112000141,96,64,32
112000142,32,229,-197
112000143,91,35,56
112000144,59,469,-410
112000145,220,164,56
112000146,73,612,-539
112000147,162,197,-35
112000148,256,524,-268
112000149,24,108,-84
112000150,13,155,-142
112000151,50,112,-62
112000152,34,46,-12
112000153,43,22,21
112000154,4,11,-7
112000155,40,15,25
112000157,56,67,-11
112000158,9,100,-91
112000159,15,55,-40
112000167,36,0,36
112000169,36,81,-45
112000173,37,58,-21
112000175,16,68,-52
112000176,695,407,288
112000177,36,12,24
112000178,4,80,-76
112000179,26,49,-23
112000180,24,54,-30
112000181,124,455,-331
112000182,40,446,-406
112000183,6,18,-12
112000184,25,73,-48
112000185,39,126,-87
112000187,344,387,-43
112000195,12,0,12
112000196,3,0,3
112000197,1,9,-8
112000198,3,71,-68
112000199,62,150,-88
112000202,0,0,0
112000216,11,19,-8
112000230,14,0,14
112000231,0,57,-57
112000256,0,7,-7
112000313,24,54,-30
112000314,4,1,3
112000337,30,115,-85
112000352,38,31,7
112000392,212,213,-1
112000398,89,119,-30
112000399,200,191,9
112000400,380,783,-403
112000401,363,521,-158
112000402,188,271,-83
112000403,164,227,-63
112000404,57,90,-33
112000405,191,339,-148
112000406,700,746,-46
112000407,602,680,-78
112000408,1895,1413,482
112000409,248,1068,-820
112000410,14,11,3
112000411,958,75,883
112000412,128,19,109
112000413,1589,190,1399
112000414,18,19,-1
112000415,7,3,4
112000416,215,185,30
112000417,29,9,20
112000421,5,27,-22
112000422,27,46,-19
112000424,322,156,166
112000425,74,249,-175
112000426,13,77,-64
112000427,0,2,-2
112000428,4,81,-77
112000429,304,487,-183
112000430,279,672,-393
112000431,3,2,1
112000432,114,534,-420
112000433,82,76,6
112000437,4,79,-75
112900001,3,0,3
112900002,7,273,-266
112900003,2,54,-52
112900004,0,52,-52
112900005,10,52,-42
112900007,0,30,-30
112900008,0,5,-5
112900009,15,8,7
112900010,11,143,-132
112900011,52,36,16
112900012,0,23,-23
112900013,0,30,-30
112900014,0,42,-42
112900015,50,162,-112
112900016,0,35,-35
112900017,6,46,-40
112900018,14,276,-262
112900019,6,10,-4
112900020,91,353,-262
112900021,2,70,-68
112900022,3,12,-9
112900023,0,53,-53
112900024,3,37,-34
112900025,7,15,-8
112900026,0,52,-52
112900027,1,282,-281
112900028,0,20,-20
112900029,3,113,-110
112900030,65,31,34
112900031,0,137,-137
112900032,11,45,-34
112900034,1,8,-7
112900035,1,95,-94
112900036,5,46,-41
112900037,15,10,5
112900038,9,25,-16
112900039,5,55,-50
112900040,2,79,-77
112900041,122,105,17
112900042,3,77,-74
112900043,1,8,-7
112900044,59,39,20
112900045,80,21,59
112900046,36,9,27
112900047,2,2,0
112900049,5,4,1
112900050,19,91,-72
112900051,55,133,-78
112900052,0,228,-228
112900053,58,22,36
112900054,60,0,60
112900055,43,0,43
112900056,10,10,0
112900057,0,150,-150
112900058,44,15,29
112900059,2,17,-15
112900060,0,32,-32
112900061,5,28,-23
112900062,9,16,-7
112900063,12,0,12
112900064,14,6,8
112900065,1,0,1
112900066,4,9,-5
112900067,69,5,64
112900068,0,2,-2
112900069,557,44,513
112900071,1,0,1
112900072,16,84,-68
112900073,21,0,21
112900074,1,13,-12
112900075,382,45,337
112900076,2,0,2
112900078,4,24,-20
112900079,6,2,4
112900080,2,0,2
112900081,2,3,-1
112900082,18,2,16
112900083,7,4,3
112900084,13,4,9
112900086,0,0,0
112900087,46,3,43
112900088,6,1,5
112900089,37,3,34
112900090,0,1,-1
112900091,4,1,3
112900092,15,9,6
112900093,54,1,53
112900095,0,0,0
112900096,21,6,15
112900097,1,56,-55
112900098,0,0,0
112900099,55,1,54
112900100,3,0,3
112900101,5,0,5
112900102,1,1,0
112900103,24,0,24
112900104,17,0,17
112900105,0,0,0
112900106,15,9,6
112900107,0,0,0
112900108,0,0,0
112900109,4,0,4
112900110,47,1,46
112900111,39,0,39
112900112,10,0,10
112900113,0,2,-2
112900114,0,8,-8
112900115,39,0,39
112900116,10,2,8
112900117,19,7,12
112900118,0,7,-7
112900119,4,0,4
112900120,139,26,113
112900121,28,22,6
112900122,0,18,-18
112900123,14,1,13
112900124,1,11,-10
112900125,3,28,-25
112900126,12,56,-44
112900127,21,0,21
112900128,63,108,-45
112900129,0,145,-145
112900130,35,6,29
112900131,6,63,-57
112900132,5,157,-152
112900133,3,245,-242
112900134,2,64,-62
112900135,19,1,18
112900137,3,241,-238
112900138,0,109,-109
112900139,23,198,-175
112900141,39,28,11
112900142,4,7,-3
112900143,6,127,-121
112900144,1,324,-323
112900145,12,124,-112
112900146,0,291,-291
112900147,2,653,-651
112900148,1,0,1
112900149,6,50,-44
112900151,2,7,-5
112900152,1303,163,1140
112900153,85,76,9
112900154,0,6,-6
112900155,4,0,4
112900156,14,388,-374
112900157,12,24,-12
112900158,1,0,1
112900159,12,11,1
112900160,3,54,-51
112900161,5,0,5
112900162,3,3,0
112900163,6,0,6
112900164,4,6,-2
112900165,8,3,5
112900166,15,2,13
112900167,0,5,-5
112900168,0,0,0
112900169,7,1,6
112900170,1,3,-2
112900172,22,1,21
112900173,17,33,-16
112900174,8,2,6
112900175,13,3,10
112900176,1,0,1
112900177,24,5,19
112900178,31,100,-69
112900179,5,156,-151
112900180,91,549,-458
112900181,33,10,23
112900182,4,418,-414
112900183,24,18,6
112900184,76,106,-30
112900185,16,33,-17
112900186,247,84,163
112900187,5,27,-22
112900188,196,44,152
112900189,0,5,-5
112900190,0,7,-7
112900192,44,24,20
112900193,96,32,64
112900194,0,9,-9
112900195,40,3,37
112900196,53,180,-127
112900197,9,91,-82
112900199,19,72,-53
112900200,18,49,-31
112900201,15,9,6
112900202,8,124,-116
112900203,3,26,-23
112900204,48,55,-7
112900205,1,0,1
112900206,3,7,-4
112900207,0,0,0
112900208,6,7,-1
112900209,30,96,-66
112900210,0,5,-5
112900211,4,16,-12
112900212,0,15,-15
112900213,0,6,-6
112900214,0,0,0
112900215,1,35,-34
112900216,1,14,-13
112900217,0,17,-17
112900218,0,0,0
112900219,4,0,4
112900220,0,0,0
112900221,0,26,-26
112900222,0,5,-5
112900223,35,1,34
112900224,8,176,-168
112900225,9,126,-117
112900226,20,42,-22
112900227,7,156,-149
112900228,1,0,1
112900229,20,11,9
112900230,1347,283,1064
112900232,7,16,-9
112900233,4,55,-51
112900234,0,9,-9
112900235,0,1,-1
112900236,4,0,4
112900237,24,95,-71
112900238,0,3,-3
112900239,150,73,77
112900240,0,60,-60
112900241,1,92,-91
112900242,0,61,-61
112900243,1,63,-62
112900244,1,117,-116
112900245,0,16,-16
112900246,0,7,-7
112900247,28,1,27
112900248,10,1,9
112900249,1,1,0
112900250,4,11,-7
112900251,1,10,-9
112900252,0,8,-8
112900253,0,0,0
112900254,0,1,-1
112900255,0,5,-5
112900256,0,1,-1
112900257,7,1,6
112900258,0,4,-4
113000001,844,750,94
113000002,489,525,-36
113000003,420,245,175
113000004,415,224,191
113000005,184,156,28
113000006,101,164,-63
113000007,311,201,110
113000008,192,216,-24
113000009,136,214,-78
113000010,98,238,-140
113000011,97,324,-227
113000012,110,129,-19
113000013,148,76,72
113000014,219,213,6
113000015,35,23,12
113000016,36,81,-45
113000017,6,73,-67
113000018,28,4,24
113000019,1,64,-63
113000020,2,1,1
113000021,57,127,-70
113000022,46,324,-278
113000025,11,48,-37
113000026,10,46,-36
113000027,74,54,20
113000028,185,58,127
113000029,107,90,17
113000030,131,97,34
113000031,71,25,46
113000032,41,35,6
113000033,38,46,-8
113000034,54,55,-1
113000035,9,4,5
113000036,7,5,2
113000037,15,1,14
113000038,2,5,-3
113000039,53,80,-27
113000040,32,31,1
113000042,70,33,37
113000051,86,245,-159
113000052,407,172,235
113000053,53,135,-82
113000054,31,106,-75
113000055,104,182,-78
113000056,173,383,-210
113000058,115,228,-113
113000059,119,71,48
113000060,13,157,-144
113000061,106,181,-75
113000062,180,12,168
113000063,9,46,-37
113000064,1,41,-40
113000065,23,247,-224
113000066,50,29,21
113000067,134,188,-54
113000068,48,354,-306
113000069,53,255,-202
113000070,113,92,21
113000071,33,127,-94
113000072,55,49,6
113000073,82,273,-191
113000074,160,49,111
113000075,262,79,183
113000076,183,246,-63
113000077,161,69,92
113000078,204,309,-105
113000079,241,140,101
113000080,103,89,14
113000081,106,104,2
113000082,145,154,-9
113000083,39,75,-36
113000084,256,262,-6
113000085,122,73,49
113000086,135,241,-106
113000087,116,142,-26
113000088,405,252,153
113000089,117,193,-76
113000090,16,32,-16
113000091,133,51,82
113000094,45,24,21
113000095,42,223,-181
113000096,20,195,-175
113000097,60,73,-13
113000098,5,5,0
113000099,95,39,56
113000100,45,99,-54
113000101,51,119,-68
113000102,21,20,1
113000103,470,149,321
113000104,91,479,-388
113000105,75,90,-15
113000106,106,122,-16
113000107,124,198,-74
113000108,150,336,-186
113000109,137,336,-199
113000110,233,49,184
113000111,19,134,-115
113000112,45,66,-21
113000113,255,41,214
113000114,108,167,-59
113000116,140,44,96
113000117,99,31,68
113000118,10,33,-23
113000119,52,54,-2
113000120,17,82,-65
113000121,60,107,-47
113000124,9,19,-10
113000125,6,61,-55
113000127,903,151,752
113000128,69,99,-30
113000129,180,257,-77
113000133,681,108,573
113000134,0,79,-79
113000135,309,304,5
113000137,166,135,31
113000139,66,12,54
113000140,46,56,-10
113000141,34,12,22
113000142,84,79,5
113000143,44,21,23
113000144,63,122,-59
113000145,11,27,-16
113000146,7,10,-3
113000147,4,9,-5
113000148,12,20,-8
113000149,21,12,9
113000150,57,86,-29
113000151,21,17,4
113000152,3,16,-13
113000153,243,91,152
113000154,92,198,-106
113000155,54,50,4
113000156,18,51,-33
113000157,31,118,-87
113000158,100,61,39
113000159,158,101,57
113000160,84,193,-109
113000161,35,107,-72
113000162,127,71,56
113000163,2,10,-8
113000164,10,14,-4
113000166,12,9,3
113000167,24,49,-25
113000168,12,53,-41
113000169,3,8,-5
113000170,8,7,1
113000171,19,23,-4
113000172,25,9,16
113000173,4,1,3
113000174,27,133,-106
113000175,11,3,8
113000176,28,12,16
113000177,13,125,-112
113000178,60,98,-38
113000179,18,8,10
113000180,49,197,-148
113000181,178,309,-131
113000182,43,68,-25
113000183,32,117,-85
113000184,6,17,-11
113000189,102,113,-11
113000190,105,60,45
113000192,773,226,547
113000193,988,263,725
113000194,305,193,112
113000195,296,80,216
113000196,17,19,-2
113000197,136,147,-11
113000198,9,44,-35
113000199,111,75,36
113000201,40,22,18
113000202,501,109,392
113000203,21,9,12
113000204,284,178,106
113000205,3,3,0
113000206,1,10,-9
113000207,6,1,5
113000208,3,14,-11
113000209,2,2,0
113000210,2,6,-4
113000211,106,43,63
113000212,49,5,44
113000213,2,22,-20
113000214,8,43,-35
113000234,28,404,-376
113000410,7,28,-21
113000411,524,772,-248
113000412,2197,394,1803
113000413,788,378,410
113000414,1343,1360,-17
113000415,642,518,124
113000416,1315,662,653
113000417,510,444,66
113000418,724,483,241
113000419,240,241,-1
113000420,578,398,180
113000421,663,567,96
113000422,3099,882,2217
113000423,641,560,81
113000424,1089,1182,-93
113000425,4,14,-10
113000428,0,2,-2
113000430,3,0,3
113000432,131,13,118
113000433,27,185,-158
113000434,13,123,-110
113000435,4,187,-183
113000436,13,330,-317
113000437,9,0,9
113000438,34,3,31
113000439,4,31,-27
113000440,6,3,3
113000441,9,34,-25
113000442,15,88,-73
113000443,4,29,-25
113000444,8,50,-42
113000445,8,21,-13
113000446,12,14,-2
113000448,54,16,38
113000449,22,46,-24
113000450,74,127,-53
113000451,276,13,263
113000452,27,24,3
113000453,15,40,-25
113000454,65,8,57
113000455,19,63,-44
113000456,477,199,278
113000468,567,18,549
113000469,21,10,11
113000470,78,12,66
113000471,6,22,-16
113000472,15,43,-28
113000474,52,193,-141
113000475,271,374,-103
113000476,132,402,-270
113000477,407,463,-56
113000478,624,1048,-424
113000479,1,77,-76
113000485,0,0,0
113000486,0,0,0
113000487,0,0,0
113000488,0,0,0
113000489,0,0,0
113000490,0,0,0
113000491,0,0,0
113000492,0,0,0
113000493,0,0,0
113000495,44,44,0
113000496,12,5,7
113900001,0,2,-2
113900002,0,6,-6
113900003,0,1,-1
113900004,0,0,0
113900005,0,2,-2
113900006,0,0,0
113900007,1,1,0
113900008,0,0,0
113900009,4,0,4
113900010,3,0,3
113900011,0,0,0
113900012,0,0,0
113900013,10,0,10
113900014,56,0,56
113900015,3,11,-8
113900016,1,0,1
113900017,0,5,-5
113900018,37,4,33
113900019,3,10,-7
113900020,3,0,3
113900022,0,0,0
113900023,0,0,0
113900024,4,8,-4
113900025,29,1,28
113900026,2,0,2
113900027,0,5,-5
113900028,6,69,-63
113900029,11,70,-59
113900030,8,0,8
113900031,0,0,0
113900032,0,0,0
113900033,4,6,-2
113900035,18,0,18
113900036,3,8,-5
113900037,1,117,-116
113900038,6,6,0
113900039,7,0,7
113900040,0,0,0
113900041,0,0,0
113900042,1,5,-4
113900043,20,16,4
113900044,22,2,20
113900045,3,0,3
113900046,40,151,-111
113900047,5,14,-9
113900048,95,1,94
113900049,124,11,113
113900050,17,54,-37
113900051,14,92,-78
113900052,25,11,14
113900053,22,14,8
113900054,2,0,2
113900055,7,150,-143
113900056,2,28,-26
113900057,6,23,-17
113900058,6,39,-33
113900059,19,82,-63
113900060,14,28,-14
113900061,80,0,80
113900062,2,0,2
113900063,8,23,-15
113900064,1,33,-32
113900065,8,0,8
113900066,19,83,-64
113900067,3,38,-35
113900068,28,35,-7
113900069,4,0,4
113900070,21,103,-82
113900071,0,10,-10
113900072,3,17,-14
113900073,33,46,-13
113900074,4,96,-92
113900075,78,71,7
113900076,37,0,37
113900077,6,45,-39
113900078,10,10,0
113900079,0,6,-6
113900080,32,19,13
113900081,1,30,-29
113900082,3,37,-34
113900083,5,102,-97
113900084,9,5,4
113900085,6,73,-67
113900086,4,1,3
113900087,10,41,-31
113900088,7,1,6
113900089,37,3,34
113900090,67,38,29
113900091,2,1,1
113900092,0,3,-3
113900093,6,70,-64
113900094,8,53,-45
113900095,9,9,0
113900096,8,3,5
113900097,0,24,-24
113900098,39,5,34
113900099,0,6,-6
113900100,0,0,0
113900101,5,2,3
113900102,10,20,-10
113900103,43,31,12
113900104,8,14,-6
113900105,0,66,-66
113900106,0,4,-4
113900107,0,3,-3
113900108,31,19,12
113900109,25,10,15
113900110,1,13,-12
113900111,2,15,-13
113900112,4,21,-17
113900113,80,60,20
113900114,0,6,-6
113900115,0,21,-21
113900116,6,12,-6
113900117,3,0,3
113900118,18,17,1
113900119,57,37,20
113900120,1,2,-1
113900121,0,12,-12
113900122,41,121,-80
113900123,27,56,-29
113900124,0,14,-14
113900125,242,33,209
113900126,1,0,1
113900127,19,48,-29
113900128,6,5,1
113900129,2,6,-4
113900130,0,1,-1
113900131,5,2,3
113900132,5,2,3
113900133,5,8,-3
113900135,18,109,-91
113900136,6,10,-4
113900137,39,44,-5
113900138,1,36,-35
113900139,117,18,99
113900140,20,14,6
113900141,16,84,-68
113900142,7,11,-4
113900143,4,2,2
113900144,44,10,34
113900145,26,38,-12
113900146,4,1,3
113900148,23,27,-4
113900149,15,4,11
113900150,154,36,118
113900151,21,15,6
113900152,14,14,0
113900153,60,39,21
113900154,0,26,-26
113900155,25,14,11
113900156,26,84,-58
113900157,3,78,-75
113900158,40,12,28
113900159,0,30,-30
113900160,88,102,-14
113900161,3,18,-15
113900162,68,35,33
113900163,21,35,-14
113900164,16,3,13
113900165,79,90,-11
113900166,9,15,-6
113900167,10,20,-10
113900168,17,18,-1
113900169,39,94,-55
113900171,5,4,1
113900172,0,55,-55
113900173,27,107,-80
113900174,45,113,-68
113900175,18,4,14
113900176,20,140,-120
113900177,35,44,-9
113900178,20,6,14
113900179,1,172,-171
113900180,20,29,-9
113900181,43,2,41
113900182,27,131,-104
113900183,4,14,-10
113900184,1,135,-134
113900185,49,22,27
113900186,0,7,-7
113900187,12,17,-5
113900188,0,22,-22
113900189,17,7,10
113900190,42,21,21
113900191,17,14,3
113900192,507,135,372
113900193,1,57,-56
113900194,478,79,399
113900195,70,88,-18
113900196,0,24,-24
113900197,0,82,-82
113900198,0,8,-8
113900199,60,112,-52
113900200,1,31,-30
113900201,0,44,-44
113900202,1,16,-15
113900203,0,50,-50
113900204,7,133,-126
113900205,3,11,-8
113900206,0,12,-12
113900207,0,7,-7
113900208,0,10,-10
113900209,0,26,-26
113900210,59,17,42
113900211,10,2,8
113900212,3,130,-127
113900214,56,84,-28
113900215,1,15,-14
113900216,1,190,-189
113900217,2,51,-49
113900218,4,7,-3
113900219,22,88,-66
113900220,12,4,8
113900221,18,30,-12
113900222,165,48,117
113900223,9,254,-245
113900224,9,4,5
113900225,84,28,56
113900226,25,12,13
113900227,36,13,23
113900228,105,36,69
113900229,3,90,-87
113900230,624,98,526
113900231,12,37,-25
113900232,5,28,-23
113900233,0,6,-6
113900234,3,37,-34
113900235,2,3,-1
113900236,0,41,-41
113900237,9,2,7
113900238,15,47,-32
113900239,3,6,-3
113900240,0,7,-7
113900241,5,6,-1
113900242,6,24,-18
113900243,16,40,-24
113900244,55,24,31
113900245,200,29,171
113900246,0,0,0
113900247,9,45,-36
113900248,547,130,417
113900249,11,2,9
113900250,1,7,-6
113900251,34,27,7
113900252,30,0,30
113900253,25,4,21
113900254,46,4,42
113900255,17,1,16
113900256,13,3,10
113900257,17,180,-163
113900258,1,163,-162
113900259,25,36,-11
113900260,13,3,10
113900261,8,34,-26
113900262,9,181,-172
113900263,20,82,-62
113900264,0,225,-225
113900265,12,74,-62
113900266,11,45,-34
113900267,15,114,-99
113900268,29,48,-19
113900269,12,40,-28
113900270,28,29,-1
113900271,53,199,-146
113900273,0,0,0
113900274,5,1,4
113900275,5,5,0
113900276,1,64,-63
113900277,5,0,5
113900278,42,16,26
113900279,28,18,10
113900280,135,63,72
113900281,23,124,-101
113900282,82,26,56
113900283,49,45,4
113900284,38,17,21
113900285,24,4,20
113900286,0,26,-26
113900287,4,6,-2
113900288,1,9,-8
113900289,291,4,287
113900290,72,21,51
113900291,30,29,1
113900292,0,0,0
113900293,0,36,-36
113900294,26,1,25
113900295,49,53,-4
113900296,374,33,341
113900297,50,3,47
113900298,1,272,-271
113900299,0,32,-32
113900300,615,113,502
113900301,70,36,34
113900302,329,105,224
113900303,73,16,57
113900304,1,42,-41
113900305,3,0,3
113900306,0,0,0
113900307,0,0,0
113900308,22,21,1
113900309,0,176,-176
113900310,0,4,-4
113900311,0,1,-1
113900312,3,15,-12
113900313,7,0,7
113900314,0,0,0
113900315,0,0,0
114000001,182,537,-355
114000002,15,77,-62
114000003,38,336,-298
114000004,23,90,-67
114000005,26,48,-22
114000006,399,335,64
114000007,79,248,-169
114000008,175,136,39
114000009,19,33,-14
114000011,283,647,-364
114000012,220,506,-286
114000013,166,412,-246
114000014,57,88,-31
114000015,92,104,-12
114000016,58,92,-34
114000017,10,20,-10
114000018,74,10,64
114000026,108,297,-189
114000027,163,378,-215
114000028,218,275,-57
114000038,7,24,-17
114000039,25,61,-36
114000040,8,29,-21
114000042,10,45,-35
114000043,6,64,-58
114000044,20,40,-20
114000045,3,15,-12
114000046,350,881,-531
114000047,1,11,-10
114000048,11,26,-15
114000049,169,115,54
114000050,141,115,26
114000051,367,136,231
114000052,606,128,478
114000053,1,64,-63
114000054,4,189,-185
114000055,23,1,22
114000056,99,72,27
114000057,1753,444,1309
114000058,39,43,-4
114000059,7,19,-12
114000060,66,145,-79
114000061,336,80,256
114000062,182,47,135
114000063,421,265,156
114000064,1054,357,697
114000065,272,353,-81
114000066,21,108,-87
114000067,0,16,-16
114000068,55,43,12
114000069,34,77,-43
114000070,155,117,38
114000071,34,127,-93
114000072,12,64,-52
114000073,0,13,-13
114000074,1,10,-9
114000075,2,16,-14
114000076,0,21,-21
114000077,2,2,0
114000078,4,299,-295
114000079,19,11,8
114000080,4,7,-3
114000081,0,0,0
114000082,7,154,-147
114000083,3,45,-42
114000084,10,8,2
114000085,7,169,-162
114000086,22,96,-74
114000087,5,30,-25
114000088,5,2,3
114000089,172,35,137
114000090,22,34,-12
114000091,168,66,102
114000092,98,41,57
114000093,96,112,-16
114000094,69,59,10
114000095,9,8,1
114000096,8,64,-56
114000097,10,113,-103
114000098,16,6,10
114000099,17,201,-184
114000100,57,109,-52
114000101,76,269,-193
114000102,18,35,-17
114000103,18,80,-62
114000104,1,33,-32
114000105,9,28,-19
114000106,174,51,123
114000107,12,32,-20
114000108,595,243,352
114000109,11,35,-24
114000110,56,327,-271
114000111,30,44,-14
114000112,41,497,-456
114000113,59,43,16
114000114,214,409,-195
114000115,96,33,63
114000116,39,53,-14
114000117,75,48,27
114000118,66,44,22
114000119,77,20,57
114000120,113,317,-204
114000121,86,173,-87
114000122,39,61,-22
114000123,37,36,1
114000124,13,38,-25
114000125,218,405,-187
114000126,45,20,25
114000127,6,8,-2
114000128,26,65,-39
114000130,11,6,5
114000131,9,4,5
114000132,98,121,-23
114000133,82,218,-136
114000134,2,32,-30
114000138,3,58,-55
114000139,34,17,17
114000144,62,49,13
114000145,7,13,-6
114000146,9,42,-33
114000147,100,90,10
114000148,176,17,159
114000149,17,9,8
114000150,192,160,32
114000151,291,174,117
114000152,17,2,15
114000153,258,296,-38
114000154,76,142,-66
114000155,136,245,-109
114000156,88,62,26
114000157,22,115,-93
114000158,331,123,208
114000159,46,88,-42
114000160,20,43,-23
114000161,155,81,74
114000162,95,85,10
114000163,1,24,-23
114000165,71,32,39
114000166,57,15,42
114000167,731,186,545
114000168,131,122,9
114000169,129,34,95
114000170,61,40,21
114000171,50,68,-18
114000174,33,117,-84
114000176,163,80,83
114000177,423,101,322
114000178,5,17,-12
114000179,80,16,64
114000180,47,106,-59
114000181,193,302,-109
114000182,891,472,419
114000183,168,199,-31
114000184,1859,470,1389
114000185,60,51,9
114000189,14,6,8
114000190,62,34,28
114000191,3,8,-5
114000192,65,410,-345
114000193,213,832,-619
114000194,246,391,-145
114000195,11,0,11
114000196,0,51,-51
114000197,60,5,55
114000198,213,84,129
114000199,269,180,89
114000200,65,468,-403
114000201,23,202,-179
114000202,128,172,-44
114000203,148,280,-132
114000204,22,77,-55
114000205,20,310,-290
114000206,57,416,-359
114000207,121,617,-496
114000208,54,669,-615
114000209,81,822,-741
114000210,81,426,-345
114000211,120,292,-172
114000212,52,181,-129
114000213,203,125,78
114000214,5,37,-32
114000215,5,16,-11
114000216,27,5,22
114000217,3,37,-34
114000218,15,92,-77
114000219,44,63,-19
114000220,1,329,-328
114000221,38,17,21
114000222,25,297,-272
114000223,19,9,10
114000224,23,181,-158
114000225,10,115,-105
114000226,5,79,-74
114000227,77,106,-29
114000228,79,173,-94
114000229,149,327,-178
114000230,170,339,-169
114000231,90,391,-301
114000232,35,27,8
114000233,181,24,157
114000234,116,200,-84
114000235,139,495,-356
114000236,0,195,-195
114000237,10,300,-290
114000238,5,33,-28
114000239,35,398,-363
114000240,78,187,-109
114000241,43,296,-253
114000242,253,217,36
114000243,118,163,-45
114000244,31,33,-2
114000245,56,210,-154
114000246,55,17,38
114000247,48,127,-79
114000248,68,95,-27
114000249,78,84,-6
114000250,16,85,-69
114000251,7,72,-65
114000252,6,21,-15
114000253,0,9,-9
114000254,0,7,-7
114000255,84,31,53
114000256,166,40,126
114000257,202,476,-274
114000258,13,104,-91
114000259,7,55,-48
114000260,0,14,-14
114000261,1,0,1
114000262,3,27,-24
114000263,0,0,0
114000264,27,131,-104
114000265,0,1,-1
114000267,1,271,-270
114000268,1,578,-577
114000270,0,0,0
114000271,38,25,13
114000283,52,54,-2
114000285,8,67,-59
114000288,13,84,-71
114000289,99,29,70
114000293,23,86,-63
114000294,28,22,6
114000395,62,3,59
114000396,8,41,-33
114000402,39,58,-19
114000403,35,80,-45
114000405,27,133,-106
114000423,15,180,-165
114000424,34,30,4
114000425,20,142,-122
114000426,6,6,0
114000427,6,41,-35
114000428,15,6,9
114000429,4,34,-30
114000432,11,26,-15
114000434,6,12,-6
114000435,0,25,-25
114900001,24,290,-266
114900002,39,2,37
114900003,15,494,-479
114900004,20,13,7
114900005,24,181,-157
114900006,1,3,-2
114900007,10,2,8
114900008,5,6,-1
114900010,378,145,233
114900011,1,11,-10
114900013,10,12,-2
114900018,65,4,61
114900020,3,15,-12
114900022,0,64,-64
114900025,19,51,-32
114900026,12,2,10
114900029,35,3,32
114900030,20,61,-41
114900031,10,10,0
114900032,5,2,3
114900034,34,43,-9
114900035,8,46,-38
114900036,24,246,-222
114900039,35,205,-170
114900040,3,51,-48
114900041,37,187,-150
114900042,43,233,-190
114900044,1,2,-1
114900047,26,180,-154
114900048,4,40,-36
114900049,11,58,-47
114900050,3,119,-116
114900051,1,110,-109
114900052,23,14,9
114900053,5,40,-35
114900054,9,25,-16
114900057,7,0,7
114900058,0,26,-26
114900059,1,2,-1
114900063,8,34,-26
114900064,106,203,-97
114900065,40,197,-157
114900067,1,63,-62
114900068,1,69,-68
114900069,47,31,16
114900070,12,163,-151
114900072,3,43,-40
114900073,0,36,-36
114900074,10,157,-147
114900075,20,0,20
114900076,0,71,-71
114900080,635,52,583
114900082,635,282,353
114900083,28,116,-88
114900090,4,13,-9
114900091,25,13,12
114900097,7,0,7
114900098,0,34,-34
114900099,10,1,9
115000001,2291,1382,909
115000002,518,294,224
115000003,917,908,9
115000004,288,525,-237
115000005,259,761,-502
115000006,57,201,-144
115000007,11,35,-24
115000008,91,67,24
115000009,25,98,-73
115000010,22,10,12
115000013,5,15,-10
115000015,7,24,-17
115000016,42,17,25
115000019,1,56,-55
115000020,31,10,21
115000021,82,99,-17
115000022,92,90,2
115000023,3,7,-4
115000024,207,138,69
115000025,16,5,11
115000026,30,81,-51
115000027,0,0,0
115000028,26,128,-102
115000029,0,0,0
115000030,30,221,-191
115000031,0,0,0
115000032,3,70,-67
115000033,5,1,4
115000034,16,209,-193
115000035,36,1,35
115000036,0,101,-101
115000037,3,0,3
115000038,11,25,-14
115000039,335,255,80
115000040,937,509,428
115000041,128,345,-217
115000042,79,100,-21
115000043,394,328,66
115000044,565,986,-421
115000045,393,753,-360
115000046,199,299,-100
115000047,288,353,-65
115000048,408,878,-470
115000049,223,611,-388
115000050,258,235,23
115000051,320,205,115
115000052,830,563,267
115000053,182,235,-53
115000054,204,266,-62
115000055,7,158,-151
115000056,7,20,-13
115000057,35,168,-133
115000058,10,16,-6
115000059,2,108,-106
115000061,5,7,-2
115000062,11,68,-57
115000063,7,71,-64
115000064,8,18,-10
115000065,0,40,-40
115000067,0,0,0
115000069,1,80,-79
115000070,4,92,-88
115000071,9,0,9
115000072,9,7,2
115000073,147,8,139
115000075,5,5,0
115000076,703,638,65
115000077,187,934,-747
115000078,73,467,-394
115000079,158,602,-444
115000080,218,776,-558
115000081,72,266,-194
115000082,376,613,-237
115000083,225,806,-581
115000084,71,149,-78
115000085,87,260,-173
115000086,33,131,-98
115000087,96,304,-208
115000088,177,89,88
115000089,432,441,-9
115000090,87,37,50
115000091,80,319,-239
115000092,42,129,-87
115000093,1,0,1
115000094,1356,602,754
115000095,1217,781,436
115000096,53,405,-352
115000097,76,188,-112
115000098,112,217,-105
115000099,124,572,-448
115000100,40,51,-11
115000101,86,383,-297
115000102,31,48,-17
115000103,91,260,-169
115000105,18,31,-13
115000106,15,36,-21
115000107,35,204,-169
115000108,894,759,135
115000109,902,179,723
115000110,168,122,46
115000111,79,278,-199
115000112,56,86,-30
115000113,101,125,-24
115000114,187,138,49
115000116,241,176,65
115000117,398,166,232
115000118,182,169,13
115000119,156,207,-51
115000120,60,111,-51
115000121,453,97,356
115000122,431,105,326
115000123,132,112,20
115000124,104,109,-5
115000125,53,87,-34
115000126,9,42,-33
115000127,78,30,48
115000128,160,119,41
115000129,23,34,-11
115000130,39,165,-126
115000131,23,39,-16
115000132,9,80,-71
115000133,16,44,-28
115000134,12,26,-14
115000135,7,63,-56
115000136,18,26,-8
115000137,5,43,-38
115000138,16,26,-10
115000139,58,56,2
115000140,19,25,-6
115000141,23,55,-32
115000142,9,72,-63
115000143,27,74,-47
115000144,49,9,40
115000145,26,110,-84
115000146,24,48,-24
115000147,24,162,-138
115000148,42,233,-191
115000149,47,36,11
115000150,124,244,-120
115000151,46,38,8
115000152,75,309,-234
115000153,36,66,-30
115000154,33,43,-10
115000155,83,205,-122
115000156,114,80,34
115000157,134,154,-20
115000158,55,51,4
115000159,58,43,15
115000160,61,51,10
115000161,24,86,-62
115000162,47,53,-6
115000163,131,169,-38
115000164,96,146,-50
115000165,30,41,-11
115000167,3,11,-8
115000168,53,32,21
115000169,59,116,-57
115000170,26,40,-14
115000171,31,15,16
115000172,337,86,251
115000173,12,21,-9
115000174,2,11,-9
115000175,19,45,-26
115000176,1,1,0
115000177,4,39,-35
115000178,4,71,-67
115000179,1,4,-3
115000180,7,121,-114
115000181,13,16,-3
115000182,26,28,-2
115000183,20,185,-165
115000186,45,41,4
115000187,10,157,-147
115000188,42,83,-41
115000189,24,126,-102
115000190,21,33,-12
115000191,20,62,-42
115000194,5,14,-9
115000195,17,5,12
115000196,6,22,-16
115000197,9,147,-138
115000198,7,23,-16
115000199,45,75,-30
115000200,3,24,-21
115000201,6,107,-101
115000206,0,0,0
115000207,9,122,-113
115000208,112,174,-62
115000209,45,20,25
115000210,12,18,-6
115000211,43,33,10
115000212,254,53,201
115000224,5,5,0
115000225,10,1,9
115000229,36,21,15
115000230,3,43,-40
115000231,67,627,-560
115000232,84,124,-40
115000233,4,51,-47
115000234,2,31,-29
115000241,5,20,-15
115000242,20,27,-7
115000243,5,43,-38
115000244,0,27,-27
115000246,8,0,8
115000247,0,1,-1
115000248,2,0,2
115000249,0,2,-2
115000250,18,9,9
115000251,14,14,0
115000252,1,34,-33
115000253,0,13,-13
115000258,5,7,-2
115000259,31,21,10
115000261,0,0,0
115000262,0,4,-4
115000263,0,1,-1
115000264,0,3,-3
115000267,3,7,-4
115000268,4,16,-12
115000269,2,16,-14
115000270,0,1,-1
115000272,6,19,-13
115000273,11,1,10
115000280,145,0,145
115000281,220,16,204
115000282,61,15,46
115000284,45,14,31
115000296,25,0,25
115000297,0,0,0
115000298,51,6,45
115000300,1,34,-33
115000302,7,19,-12
115000303,14,18,-4
115000304,13,8,5
115000305,13,258,-245
115000306,4,132,-128
115000307,2,107,-105
115000308,4,0,4
115000310,114,306,-192
115000311,33,142,-109
115000313,29,125,-96
115000314,17,5,12
115000315,214,55,159
115000316,1,3,-2
115000317,6,132,-126
115000318,29,27,2
115000319,12,83,-71
115000320,4,21,-17
115000321,16,1,15
115000322,6,82,-76
115000449,18,8,10
115000557,3,35,-32
115000558,8,12,-4
115000587,29,49,-20
115000588,511,1163,-652
115000589,469,451,18
115000590,57,274,-217
115000591,64,62,2
115000592,138,327,-189
115000593,58,49,9
115000594,105,272,-167
115000609,26,23,3
115000617,86,77,9
115000624,3,17,-14
115000633,12,318,-306
115000634,190,74,116
115000635,29,11,18
115000638,166,86,80
115000641,7,7,0
115000642,19,24,-5
115000643,8,56,-48
115000644,23,69,-46
115000646,79,157,-78
115000647,6,89,-83
115000648,42,315,-273
115000893,201,33,168
115000894,15,299,-284
115000895,83,211,-128
115000896,97,44,53
115000897,14,1,13
115000898,97,1,96
115000899,196,106,90
115000900,5,41,-36
115000901,23,18,5
115000912,7,0,7
115000913,0,2,-2
115000915,2,0,2
115000916,0,0,0
115000917,0,0,0
115000918,0,0,0
115000919,0,0,0
115000920,1,3,-2
115000921,216,6,210
115000922,52,16,36
115000923,63,168,-105
115000925,5,18,-13
115000927,3,5,-2
115000933,60,29,31
115000934,3,24,-21
115000935,3,32,-29
115000936,0,0,0
115000937,240,8,232
115000938,47,9,38
115000939,23,28,-5
115000940,0,0,0
115000941,0,0,0
115000942,0,0,0
115000943,7,4,3
115000944,0,2,-2
115900001,0,16,-16
115900002,11,11,0
115900003,3,12,-9
115900004,0,13,-13
115900005,10,1,9
115900006,1,48,-47
115900008,1,1,0
115900009,2,22,-20
115900010,10,21,-11
115900011,14,67,-53
115900012,0,3,-3
115900013,15,6,9
115900014,10,48,-38
115900015,1,16,-15
115900016,0,2,-2
115900017,0,0,0
115900018,23,16,7
115900019,7,2,5
115900020,0,0,0
115900021,465,34,431
115900022,247,1,246
115900023,0,0,0
115900025,1,9,-8
115900026,115,49,66
115900027,0,89,-89
115900028,97,3,94
115900029,0,104,-104
115900030,2,1,1
115900031,18,5,13
115900032,19,43,-24
115900033,0,24,-24
115900034,4,148,-144
115900035,3,14,-11
115900036,18,36,-18
115900037,5,146,-141
115900038,1,1,0
115900039,6,41,-35
115900041,12,19,-7
115900042,0,1,-1
115900043,4,13,-9
115900044,1,3,-2
115900046,22,65,-43
115900047,4,2,2
115900049,3,18,-15
115900051,0,8,-8
115900052,8,137,-129
115900053,5,25,-20
115900054,3,25,-22
115900055,4,80,-76
115900056,6,33,-27
115900057,1,0,1
115900058,15,20,-5
115900060,0,14,-14
115900061,1,0,1
115900062,0,97,-97
115900063,17,3,14
115900064,30,11,19
115900065,1,20,-19
115900066,15,29,-14
115900067,1,177,-176
115900068,1444,10,1434
115900069,1,12,-11
115900070,5,19,-14
115900071,0,112,-112
115900072,14,47,-33
115900073,0,3,-3
115900074,0,157,-157
115900075,3,61,-58
115900076,0,29,-29
115900077,0,166,-166
115900078,2,22,-20
115900079,5,1,4
115900080,32,15,17
115900081,1,40,-39
115900082,3,10,-7
115900084,13,9,4
115900085,5,8,-3
115900086,200,25,175
115900088,0,4,-4
115900089,13,300,-287
115900090,7,5,2
115900091,0,6,-6
115900092,2,53,-51
115900093,1,25,-24
115900094,0,150,-150
115900096,0,4,-4
115900097,5,182,-177
115900098,8,83,-75
115900099,1,8,-7
115900100,1,84,-83
115900101,20,86,-66
115900102,0,13,-13
115900103,45,58,-13
115900104,2,34,-32
115900105,5,91,-86
115900106,2,2,0
115900107,1,37,-36
115900108,4,3,1
115900109,5,71,-66
115900110,0,0,0
115900111,0,24,-24
115900112,0,86,-86
115900113,9,1,8
115900114,1,62,-61
115900115,0,7,-7
115900116,5,178,-173
115900117,4,0,4
115900118,1,153,-152
115900119,3,7,-4
115900120,2,51,-49
115900121,6,11,-5
115900124,8,23,-15
115900125,16,2,14
115900126,14,2,12
115900127,28,1,27
115900128,0,38,-38
115900129,31,4,27
115900130,2,40,-38
115900131,5,1,4
115900132,1,0,1
115900134,12,0,12
115900135,112,59,53
115900137,0,0,0
115900139,7,2,5
115900140,9,0,9
115900141,1,1,0
115900142,3,3,0
115900143,14,33,-19
115900144,18,38,-20
115900146,0,20,-20
115900147,3,4,-1
115900148,0,0,0
115900149,0,14,-14
115900150,3,10,-7
115900151,1,6,-5
115900152,0,53,-53
115900153,3,26,-23
115900154,49,17,32
115900155,0,5,-5
115900156,21,52,-31
115900157,5,35,-30
115900158,5,0,5
115900159,6,28,-22
115900160,0,1,-1
115900161,2,15,-13
115900163,6,3,3
115900164,4,0,4
115900166,20,14,6
115900168,3,6,-3
115900171,2,31,-29
115900172,5,14,-9
115900173,9,12,-3
115900174,21,14,7
115900175,5,29,-24
115900178,0,153,-153
115900179,18,7,11
115900180,1,50,-49
115900181,26,96,-70
115900182,21,74,-53
115900183,3,8,-5
115900184,46,0,46
115900187,2,24,-22
115900189,0,12,-12
115900190,16,24,-8
115900191,7,53,-46
115900192,0,7,-7
115900193,10,2,8
115900194,15,2,13
115900195,17,36,-19
115900198,19,15,4
115900199,8,17,-9
115900200,11,18,-7
115900201,6,80,-74
115900202,0,0,0
115900203,0,0,0
115900204,0,0,0
115900205,4,0,4
115900206,3,28,-25
115900207,1,1,0
115900208,1,70,-69
115900209,2,28,-26
115900210,0,41,-41
115900211,0,21,-21
115900212,3,32,-29
115900213,2,0,2
115900214,19,32,-13
115900215,3,2,1
115900216,1,42,-41
115900217,1,32,-31
115900218,0,26,-26
115900219,1,0,1
115900220,3,1,2
115900221,4,0,4
115900222,2,0,2
115900223,2,1,1
115900224,130,17,113
115900225,6,4,2
115900226,0,9,-9
115900227,0,2,-2
115900228,0,2,-2
115900229,2,12,-10
115900230,5,8,-3
115900231,6,0,6
115900232,2,0,2
115900233,1,0,1
115900234,1,4,-3
115900235,2,2,0
115900236,2,9,-7
115900237,0,12,-12
115900238,0,4,-4
115900239,0,10,-10
115900240,0,12,-12
115900241,2,3,-1
115900242,15,7,8
115900243,0,0,0
115900244,0,0,0
115900245,0,1,-1
115900246,0,0,0
115900247,3,1,2
115900248,0,0,0
115900249,0,0,0
115900250,0,0,0
115900251,0,0,0
115900252,0,1,-1
115900253,2,3,-1
115900254,2,4,-2
115900255,1,4,-3
115900256,7,9,-2
115900257,1,6,-5
115900258,0,0,0
115900259,0,2,-2
115900260,2,0,2
115900261,0,2,-2
115900262,0,4,-4
115900263,1,0,1
115900264,0,3,-3
115900265,0,1,-1
115900266,0,0,0
115900267,0,0,0
115900268,1,1,0
115900269,15,33,-18
115900270,12,101,-89
115900271,1,0,1
115900272,0,0,0
115900273,1,0,1
115900274,0,1,-1
115900275,0,11,-11
115900276,0,9,-9
115900277,0,32,-32
115900278,0,15,-15
115900279,1,26,-25
115900280,2,39,-37
115900281,90,9,81
115900282,4,1,3
115900283,0,0,0
115900284,0,1,-1
116000001,3657,867,2790
116000002,456,358,98
116000003,276,465,-189
116000004,266,154,112
116000005,383,487,-104
116000006,245,195,50
116000007,501,847,-346
116000008,249,281,-32
116000009,225,638,-413
116000010,149,135,14
116000011,135,380,-245
116000012,168,122,46
116000013,2999,872,2127
116000014,4186,530,3656
116000015,73,127,-54
116000016,922,196,726
116000017,3,111,-108
116000018,48,62,-14
116000019,80,54,26
116000020,46,209,-163
116000021,21,60,-39
116000022,51,56,-5
116000023,69,93,-24
116000024,158,258,-100
116000025,71,116,-45
116000026,243,449,-206
116000027,125,110,15
116000028,20,43,-23
116000029,154,93,61
116000030,6,8,-2
116000031,21,25,-4
116000032,18,50,-32
116000033,10,55,-45
116000034,31,119,-88
116000035,29,105,-76
116000036,240,64,176
116000037,54,33,21
116000038,41,29,12
116000039,153,59,94
116000040,82,28,54
116000041,41,126,-85
116000042,68,41,27
116000043,25,101,-76
116000044,1,11,-10
116000045,61,56,5
116000046,181,212,-31
116000047,409,412,-3
116000048,99,113,-14
116000049,61,169,-108
116000050,169,317,-148
116000051,343,125,218
116000052,854,542,312
116000053,185,79,106
116000054,98,330,-232
116000055,56,323,-267
116000056,35,91,-56
116000057,467,334,133
116000058,416,271,145
116000059,259,328,-69
116000060,820,226,594
116000061,91,112,-21
116000062,74,141,-67
116000063,41,178,-137
116000066,3,38,-35
116000067,48,137,-89
116000068,5,18,-13
116000069,38,76,-38
116000078,12,84,-72
116000080,199,218,-19
116000082,0,17,-17
116000083,164,99,65
116000084,286,710,-424
116000085,307,135,172
116000086,362,315,47
116000087,268,152,116
116000088,160,222,-62
116000089,13,21,-8
116000090,8,28,-20
116000091,33,28,5
116000093,186,71,115
116000094,34,160,-126
116000095,81,112,-31
116000096,45,223,-178
116000097,50,125,-75
116000098,23,506,-483
116000099,1385,49,1336
116000100,9,1,8
116000101,34,257,-223
116000102,11,223,-212
116000103,37,51,-14
116000104,10,342,-332
116000105,87,49,38
116000106,11,234,-223
116000107,99,124,-25
116000108,1,47,-46
116000111,3,4,-1
116000113,6,8,-2
116000114,43,29,14
116000115,11,16,-5
116000116,41,105,-64
116000117,98,154,-56
116000118,150,323,-173
116000119,144,186,-42
116000120,298,912,-614
116000121,77,76,1
116000122,204,640,-436
116000123,33,58,-25
116000124,39,320,-281
116000125,79,97,-18
116000126,81,309,-228
116000127,151,274,-123
116000128,120,87,33
116000129,69,24,45
116000130,27,49,-22
116000133,43,241,-198
116000134,128,593,-465
116000135,81,260,-179
116000136,79,462,-383
116000137,56,145,-89
116000138,253,74,179
116000139,283,567,-284
116000140,20,98,-78
116000141,59,264,-205
116000142,974,1085,-111
116000143,393,209,184
116000144,244,928,-684
116000145,221,372,-151
116000146,11,54,-43
116000147,30,13,17
116000148,30,64,-34
116000149,51,91,-40
116000151,126,289,-163
116000153,2,34,-32
116000155,9,45,-36
116000156,172,213,-41
116000157,0,3,-3
116000158,9,94,-85
116000159,0,0,0
116000160,0,10,-10
116000161,0,6,-6
116000162,9,3,6
116000163,0,3,-3
116000164,0,3,-3
116000177,2,4,-2
116000194,8,103,-95
116000195,120,125,-5
116000196,0,1,-1
116000197,2,0,2
116000198,318,139,179
116000200,64,27,37
116000201,93,124,-31
116000202,3,43,-40
116000203,1,12,-11
116000204,1,9,-8
116000205,0,48,-48
116000206,0,39,-39
116000207,0,14,-14
116000233,16,129,-113
116000287,17,149,-132
116000288,12,51,-39
116000292,0,29,-29
116000296,3,21,-18
116000297,5,5,0
116000304,4,8,-4
116000305,0,8,-8
116000346,3,51,-48
116000352,4,6,-2
116000354,1,0,1
116000357,0,0,0
116000358,11,3,8
116000361,98,0,98
116000372,1905,282,1623
116000381,16,0,16
116000388,1,15,-14
116000389,38,94,-56
116000445,37,226,-189
116000446,26,153,-127
116000447,2,129,-127
116000448,95,44,51
116000563,46,84,-38
116000565,34,88,-54
116000568,2,8,-6
116000579,9,28,-19
116000583,3,9,-6
116000584,0,2,-2
116000585,2,4,-2
116000586,43,21,22
116000587,2,53,-51
116000589,1,19,-18
116000590,8,4,4
116000591,11,44,-33
116000592,1,21,-20
116000593,1,1,0
116000594,30,158,-128
116000595,19,29,-10
116000596,4,0,4
116000597,17,10,7
116000598,0,38,-38
116000605,9,29,-20
116000606,3,11,-8
116000607,0,9,-9
116000609,39,127,-88
116000611,2,116,-114
116000612,105,514,-409
116000613,50,78,-28
116000614,120,199,-79
116000615,0,29,-29
116000616,3,55,-52
116000617,7,25,-18
116000618,2,47,-45
116000619,6,7,-1
116000620,2,73,-71
116000621,0,0,0
116000622,0,0,0
116000624,2,14,-12
116000627,4,28,-24
116000628,4,113,-109
116000629,25,117,-92
116000630,12,3,9
116000631,2,5,-3
116000632,9,14,-5
116000633,1,36,-35
116000634,27,89,-62
116000635,421,189,232
116000636,262,190,72
116000637,23,56,-33
116000638,2,81,-79
116000639,0,0,0
116000640,0,1,-1
116000641,9,33,-24
116000643,0,30,-30
116000644,14,279,-265
116000645,1,8,-7
116900001,10,16,-6
116900002,33,1,32
116900003,4,9,-5
116900004,1,0,1
116900005,38,10,28
116900006,12,13,-1
116900007,13,17,-4
116900008,33,157,-124
116900009,0,0,0
116900010,34,406,-372
116900011,1,5,-4
116900012,11,15,-4
116900013,0,43,-43
116900014,7,121,-114
116900015,11,14,-3
116900016,2,0,2
116900017,3,194,-191
116900018,7,22,-15
116900019,0,78,-78
116900020,236,14,222
116900023,2,3,-1
116900024,10,12,-2
116900025,22,211,-189
116900026,9,166,-157
116900027,2,10,-8
116900028,2,18,-16
116900029,0,2,-2
116900031,0,0,0
116900032,1,59,-58
116900033,0,1,-1
116900034,4,21,-17
116900035,27,66,-39
116900036,0,27,-27
116900038,11,2,9
116900041,0,0,0
116900042,184,24,160
116900043,1,15,-14
116900047,30,3,27
116900049,7,49,-42
116900050,1,39,-38
116900051,2,30,-28
116900052,3,3,0
116900055,0,1,-1
116900057,4,72,-68
116900058,5,39,-34
116900059,0,22,-22
116900060,24,84,-60
116900062,0,0,0
116900064,5,175,-170
116900065,0,11,-11
116900067,0,11,-11
116900068,25,119,-94
116900070,0,1,-1
116900072,1,94,-93
116900073,3,23,-20
116900074,0,4,-4
116900076,0,4,-4
116900077,1,44,-43
116900078,49,23,26
116900079,2,83,-81
116900080,0,4,-4
116900081,14,228,-214
116900082,38,180,-142
116900083,1,17,-16
116900084,49,9,40
116900085,4,24,-20
116900086,4,80,-76
116900088,45,6,39
116900090,38,9,29
116900091,2,17,-15
116900092,5,221,-216
116900093,268,201,67
116900094,1166,299,867
116900095,9,26,-17
116900096,15,9,6
116900097,419,114,305
116900098,168,39,129
116900099,71,66,5
116900100,22,1,21
116900101,48,132,-84
116900103,0,0,0
116900104,12,34,-22
116900105,21,2,19
116900106,41,0,41
116900107,710,79,631
116900110,1,0,1
116900111,29,206,-177
116900112,9,101,-92
116900113,408,85,323
116900116,5,23,-18
116900117,5,31,-26
116900118,190,66,124
116900120,12,16,-4
116900121,2,3,-1
116900122,40,209,-169
116900123,7,210,-203
116900124,9,151,-142
116900125,12,24,-12
116900126,21,77,-56
116900128,0,5,-5
116900129,0,65,-65
116900130,178,194,-16
116900131,3,43,-40
116900132,1,12,-11
116900133,12,28,-16
116900134,1,40,-39
116900136,12,15,-3
116900137,20,18,2
116900138,12,33,-21
116900139,5,74,-69
116900140,12,24,-12
116900141,43,41,2
116900142,0,1,-1
116900143,33,58,-25
116900144,0,5,-5
116900145,4,62,-58
116900147,97,53,44
116900148,0,4,-4
116900149,0,7,-7
116900150,1,1,0
116900151,2,0,2
116900153,8,6,2
116900154,7,22,-15
116900155,2,3,-1
116900157,15,38,-23
116900158,0,9,-9
116900159,4,40,-36
116900160,114,38,76
116900161,1808,358,1450
116900162,0,12,-12
116900163,7,19,-12
116900164,2,6,-4
116900165,3,16,-13
116900166,0,9,-9
116900167,16,6,10
116900168,36,11,25
116900169,51,16,35
116900170,13,32,-19
116900171,1,51,-50
116900172,21,10,11
116900173,6,4,2
116900174,5,1,4
116900175,6,7,-1
116900178,1,30,-29
116900179,7,6,1
116900180,13,4,9
116900182,48,31,17
116900183,5,8,-3
116900185,3,1,2
116900186,19,68,-49
116900187,1,2,-1
116900188,5,1,4
116900189,0,0,0
116900191,26,27,-1
116900192,14,15,-1
116900194,3,71,-68
116900195,1,3,-2
116900196,2,39,-37
116900197,5,0,5
116900198,38,14,24
116900200,0,11,-11
116900201,1,0,1
116900202,7,6,1
116900203,7,1,6
116900204,3,6,-3
116900206,0,25,-25
116900207,4,6,-2
116900208,0,21,-21
116900209,1,23,-22
116900210,19,31,-12
116900211,22,1,21
116900212,1,21,-20
116900213,6,5,1
116900214,4,35,-31
116900215,2,4,-2
116900216,5,80,-75
116900218,0,56,-56
116900219,220,74,146
116900220,8,28,-20
116900221,5,53,-48
116900222,24,41,-17
116900223,2,14,-12
116900226,2,13,-11
116900227,11,13,-2
116900228,8,161,-153
116900230,2,42,-40
116900231,4,99,-95
116900232,0,91,-91
116900233,8,6,2
116900234,2,1,1
116900235,40,79,-39
116900238,203,55,148
116900239,10,122,-112
116900240,1058,226,832
116900241,3,24,-21
116900242,253,27,226
116900243,0,12,-12
116900245,3,0,3
116900246,3,3,0
116900247,16,2,14
116900248,1,3,-2
116900249,5,4,1
116900250,17,15,2
116900251,82,7,75
116900252,2,198,-196
116900254,2,9,-7
116900255,13,3,10
116900256,26,15,11
116900257,2,135,-133
116900258,0,80,-80
116900259,0,1,-1
116900260,0,36,-36
116900261,0,1,-1
116900262,14,37,-23
116900263,1,0,1
116900264,0,6,-6
116900265,0,0,0
116900266,0,8,-8
116900267,0,3,-3
116900268,0,0,0
116900269,31,76,-45
116900271,336,6,330
116900272,73,98,-25
116900273,30,3,27
116900274,1,17,-16
116900275,6,14,-8
116900276,36,4,32
116900277,53,0,53
116900278,0,1,-1
116900279,0,8,-8
116900280,2,2,0
116900281,1343,234,1109
116900282,0,22,-22
116900283,0,21,-21
116900284,2,35,-33
116900285,10,8,2
116900286,14,0,14
116900287,0,18,-18
116900288,3,25,-22
116900289,0,6,-6
116900290,0,4,-4
116900291,1,1,0
116900292,0,0,0
116900293,1,45,-44
116900294,1,16,-15
116900295,3,1,2
116900296,0,3,-3
116900297,0,2,-2
116900298,6,0,6
116900299,0,2,-2
116900300,0,3,-3
116900301,2,6,-4
116900302,13,2,11
116900303,71,5,66
116900304,0,17,-17
116900305,2,2,0
116900306,6,18,-12
116900307,1,0,1
116900308,0,26,-26
116900309,1,22,-21
116900310,1,12,-11
117000001,209,220,-11
117000002,271,878,-607
117000003,473,324,149
117000004,648,894,-246
117000005,242,241,1
117000006,204,867,-663
117000007,286,161,125
117000008,223,764,-541
117000009,292,156,136
117000010,328,676,-348
117000011,81,257,-176
117000012,160,453,-293
117000013,106,169,-63
117000014,106,372,-266
117000015,361,108,253
117000016,28,24,4
117000017,81,26,55
117000018,27,70,-43
117000019,6,1,5
117000020,158,112,46
117000021,675,61,614
117000022,59,18,41
117000023,116,14,102
117000024,157,27,130
117000025,255,185,70
117000026,299,64,235
117000027,293,321,-28
117000028,23,26,-3
117000030,82,113,-31
117000031,39,12,27
117000032,339,296,43
117000033,187,132,55
117000034,30,67,-37
117000035,11,8,3
117000036,57,76,-19
117000037,9,8,1
117000038,31,139,-108
117000039,13,19,-6
117000040,26,421,-395
117000041,26,8,18
117000044,13,280,-267
117000045,20,9,11
117000046,96,238,-142
117000047,33,27,6
117000048,355,255,100
117000049,9,65,-56
117000050,4,625,-621
117000051,224,29,195
117000052,1,161,-160
117000053,13,13,0
117000054,146,1,145
117000055,33,888,-855
117000056,58,0,58
117000057,146,514,-368
117000060,70,443,-373
117000061,66,77,-11
117000062,38,119,-81
117000063,81,83,-2
117000064,166,226,-60
117000066,149,111,38
117000067,1,36,-35
117000074,14,15,-1
117000076,16,4,12
117000077,9,18,-9
117000078,6,101,-95
117000079,15,16,-1
117000080,1,86,-85
117000081,73,6,67
117000082,5,7,-2
117000083,41,23,18
117000084,2,0,2
117000085,27,94,-67
117000086,86,130,-44
117000087,37,133,-96
117000088,28,13,15
117000089,155,57,98
117000090,36,441,-405
117000091,85,61,24
117000092,59,483,-424
117000093,44,77,-33
117000094,122,594,-472
117000095,170,118,52
117000096,134,732,-598
117000097,76,206,-130
117000098,548,1373,-825
117000099,146,108,38
117000100,10,14,-4
117000101,77,322,-245
117000102,62,74,-12
117000103,126,436,-310
117000104,58,72,-14
117000105,125,511,-386
117000106,121,39,82
117000107,86,643,-557
117000108,56,70,-14
117000109,417,798,-381
117000110,134,71,63
117000111,357,621,-264
117000112,208,259,-51
117000113,14,54,-40
117000114,5,8,-3
117000115,3,21,-18
117000116,5,45,-40
117000117,123,55,68
117000118,27,63,-36
117000119,16,7,9
117000120,10,4,6
117000121,9,26,-17
117000122,47,15,32
117000123,90,3,87
117000124,7,0,7
117000125,34,5,29
117000126,8,10,-2
117000127,61,34,27
117000128,60,85,-25
117000129,117,75,42
117000130,2,0,2
117000131,0,62,-62
117000132,79,26,53
117000133,47,36,11
117000134,1,22,-21
117000135,1,9,-8
117000136,0,15,-15
117000137,3,6,-3
117000138,0,65,-65
117000140,72,365,-293
117000141,86,63,23
117000181,175,76,99
117000182,29,22,7
117000195,31,282,-251
117000196,5,3,2
117000225,16,21,-5
117000226,5,26,-21
117000276,12,0,12
117000277,0,112,-112
117000310,571,316,255
117000315,14,80,-66
117000320,0,0,0
117000906,11,0,11
117000907,0,172,-172
117000909,19,12,7
117000910,56,19,37
117000911,34,66,-32
117000915,2,155,-153
117000916,0,0,0
117000917,32,2,30
117000918,20,5,15
117000919,0,13,-13
117000920,0,483,-483
117000921,1,574,-573
117000922,0,0,0
117000924,63,46,17
117000926,239,16,223
117000927,34,42,-8
117000928,0,83,-83
117000929,11,193,-182
117000930,34,4,30
117000931,57,7,50
117900002,14,71,-57
117900003,107,27,80
117900005,2,20,-18
117900006,0,9,-9
117900007,8,27,-19
117900008,0,21,-21
117900010,23,50,-27
117900011,10,5,5
117900012,1,39,-38
117900013,0,59,-59
117900014,59,89,-30
117900015,0,53,-53
117900016,204,30,174
117900017,21,176,-155
117900018,93,5,88
117900019,21,143,-122
117900020,8,14,-6
117900021,0,15,-15
117900023,131,10,121
117900024,11,33,-22
117900025,1,1,0
117900026,22,103,-81
117900028,5,1,4
117900029,15,270,-255
117900031,11,8,3
117900032,56,38,18
117900033,17,263,-246
117900034,22,4,18
117900035,16,5,11
117900036,21,207,-186
117900037,6,12,-6
117900038,1,127,-126
117900039,0,11,-11
117900040,43,171,-128
117900041,0,14,-14
117900042,1300,87,1213
117900043,1,11,-10
117900044,31,241,-210
117900045,19,20,-1
117900048,27,97,-70
117900049,10,171,-161
117900050,0,6,-6
117900051,16,2,14
117900052,2,45,-43
117900053,107,179,-72
117900054,0,6,-6
117900055,41,23,18
117900056,22,0,22
117900057,127,305,-178
117900058,3,1,2
117900059,9,4,5
117900060,64,1272,-1208
117900061,0,17,-17
117900063,13,52,-39
117900065,178,285,-107
117900066,0,9,-9
117900067,8,79,-71
117900069,28,125,-97
117900070,11,0,11
117900071,3,25,-22
117900073,20,102,-82
117900074,8,0,8
117900075,3,16,-13
117900076,1,17,-16
117900077,24,6,18
117900078,37,68,-31
117900080,13,18,-5
117900081,68,117,-49
117900082,28,42,-14
117900083,14,167,-153
117900086,6,8,-2
117900087,9,4,5
117900088,383,315,68
117900089,152,35,117
117900090,28,245,-217
117900091,15,19,-4
117900092,0,15,-15
117900093,6,14,-8
117900094,5,3,2
117900095,29,250,-221
117900096,3,47,-44
117900097,4,6,-2
117900098,1,0,1
117900099,5,113,-108
117900100,5,0,5
117900101,60,136,-76
117900102,0,5,-5
117900103,0,0,0
117900104,3,22,-19
117900105,8,39,-31
117900106,1,8,-7
117900107,0,0,0
117900109,28,53,-25
117900110,4,0,4
117900111,45,1,44
117900112,1,3,-2
117900113,646,131,515
117900114,0,0,0
117900115,5,1,4
117900116,174,129,45
117900117,57,49,8
117900118,0,0,0
117900119,10,67,-57
117900120,5,32,-27
117900121,1,3,-2
117900122,161,89,72
117900123,30,191,-161
117900124,36,125,-89
117900125,83,147,-64
117900126,105,155,-50
117900127,31,97,-66
117900128,34,210,-176
117900129,5,0,5
117900130,74,64,10
117900131,0,22,-22
117900132,3,23,-20
117900133,2,33,-31
117900134,7,61,-54
117900135,1,111,-110
117900136,0,6,-6
117900137,3,85,-82
117900138,0,7,-7
117900139,4,73,-69
117900140,1094,5,1089
117900141,5,43,-38
117900142,1,0,1
117900144,6,8,-2
117900145,3,1,2
117900146,43,4,39
117900147,0,11,-11
117900148,538,155,383
117900149,11,33,-22
117900150,1,24,-23
117900151,21,37,-16
117900152,22,19,3
117900153,0,20,-20
117900154,40,123,-83
117900156,49,60,-11
117900157,4,36,-32
117900158,4,11,-7
117900160,76,58,18
117900161,405,550,-145
117900162,10,38,-28
117900163,28,3,25
117900165,0,1,-1
117900166,2,10,-8
117900168,23,36,-13
117900169,0,30,-30
117900170,0,3,-3
117900171,0,1,-1
117900172,5,4,1
117900173,21,16,5
117900174,5,11,-6
117900175,0,3,-3
117900176,0,6,-6
117900177,1,11,-10
117900178,14,1,13
117900180,24,10,14
117900181,1,14,-13
117900182,0,1,-1
117900183,0,2,-2
117900184,0,3,-3
117900185,1,1,0
117900186,0,0,0
117900187,0,2,-2
117900188,7,0,7
117900189,9,0,9
117900190,0,0,0
117900191,3,0,3
117900192,0,0,0
117900193,1,13,-12
117900194,0,0,0
117900195,0,0,0
117900196,0,3,-3
117900207,1,6,-5
117900208,0,4,-4
117900209,50,17,33
117900210,9,16,-7
117900211,1,27,-26
117900212,9,38,-29
117900213,0,0,0
117900214,0,2,-2
117900215,0,6,-6
117900216,7,2,5
117900217,1,4,-3
117900218,19,14,5
117900219,0,32,-32
117900220,1,3,-2
117900222,23,44,-21
117900223,11,32,-21
118000001,62,53,9
118000002,172,356,-184
118000003,223,193,30
118000004,446,405,41
118000005,509,275,234
118000006,1178,858,320
118000007,714,380,334
118000008,649,472,177
118000009,329,473,-144
118000010,323,617,-294
118000011,86,472,-386
118000012,119,518,-399
118000013,600,517,83
118000014,315,760,-445
118000016,36,95,-59
118000017,18,47,-29
118000018,43,114,-71
118000019,240,209,31
118000020,174,248,-74
118000021,183,310,-127
118000022,276,88,188
118000023,161,117,44
118000024,144,119,25
118000027,2781,755,2026
118000029,146,78,68
118000032,75,223,-148
118000033,352,275,77
118000034,760,345,415
118000035,201,307,-106
118000036,124,168,-44
118000037,91,161,-70
118000038,38,16,22
118000039,15,42,-27
118000040,198,466,-268
118000041,205,294,-89
118000045,136,25,111
118000046,287,109,178
118000047,365,59,306
118000048,618,242,376
118000051,170,67,103
118000052,95,55,40
118000053,41,38,3
118000054,310,148,162
118000055,197,117,80
118000056,17,37,-20
118000057,21,27,-6
118000058,368,97,271
118000059,141,81,60
118000060,58,122,-64
118000061,65,219,-154
118000062,90,49,41
118000063,39,63,-24
118000064,108,136,-28
118000065,607,221,386
118000066,138,119,19
118000067,286,163,123
118000068,236,501,-265
118000069,545,159,386
118000070,1345,187,1158
118000071,480,450,30
118000072,302,170,132
118000073,307,53,254
118000074,46,61,-15
118000075,56,50,6
118000076,185,200,-15
118000077,266,188,78
118000078,336,313,23
118000079,50,54,-4
118000080,248,217,31
118000081,236,180,56
118000082,114,148,-34
118000083,323,155,168
118000084,428,216,212
118000086,76,91,-15
118000087,1435,425,1010
118000088,392,272,120
118000089,776,535,241
118000090,700,270,430
118000091,225,245,-20
118000092,299,66,233
118000093,34,110,-76
118000096,87,91,-4
118000097,91,122,-31
118000098,18,28,-10
118000099,44,141,-97
118000101,75,86,-11
118000102,24,201,-177
118000107,514,46,468
118000108,8,38,-30
118000110,1,5,-4
118000111,0,138,-138
118000112,0,0,0
118000113,0,221,-221
118000114,0,0,0
118000115,3,0,3
118000116,0,1,-1
118000117,222,182,40
118000118,100,92,8
118000119,69,145,-76
118000120,366,443,-77
118000121,3,100,-97
118000122,151,33,118
118000123,22,75,-53
118000125,335,176,159
118000126,137,207,-70
118000127,146,54,92
118000128,157,187,-30
118000129,79,74,5
118000130,698,859,-161
118000131,117,233,-116
118000132,259,174,85
118000133,65,110,-45
118000135,34,23,11
118000136,21,116,-95
118000137,235,19,216
118000138,19,105,-86
118000139,46,21,25
118000140,459,449,10
118000141,204,276,-72
118000142,216,462,-246
118000143,85,124,-39
118000144,170,109,61
118000145,222,398,-176
118000146,162,232,-70
118000147,103,438,-335
118000148,47,228,-181
118000149,75,240,-165
118000150,15,27,-12
118000151,27,44,-17
118000153,110,145,-35
118000154,121,235,-114
118000155,95,181,-86
118000156,357,280,77
118000157,46,72,-26
118000158,15,83,-68
118000159,0,0,0
118000160,10,29,-19
118000161,45,178,-133
118000162,61,119,-58
118000163,85,88,-3
118000164,254,205,49
118000168,232,21,211
118000169,210,344,-134
118000170,597,1180,-583
118000171,12,34,-22
118000172,8,35,-27
118000173,119,230,-111
118000175,22,37,-15
118000176,29,54,-25
118000177,20,89,-69
118000178,3,14,-11
118000179,167,40,127
118000180,59,92,-33
118000181,101,55,46
118000182,109,52,57
118000183,52,29,23
118000184,25,144,-119
118000185,183,133,50
118000186,128,130,-2
118000187,135,227,-92
118000188,22,60,-38
118000189,16,154,-138
118000190,1,2,-1
118000191,3,2,1
118000192,10,14,-4
118000193,7,33,-26
118000194,336,88,248
118000195,86,56,30
118000196,17,8,9
118000197,59,12,47
118000198,63,25,38
118000199,78,49,29
118000200,8,3,5
118000201,28,56,-28
118000202,1,0,1
118000203,147,32,115
118000204,15,14,1
118000205,268,29,239
118000206,8,33,-25
118000207,0,24,-24
118000208,104,226,-122
118000209,229,437,-208
118000210,0,3,-3
118000211,0,6,-6
118000213,71,79,-8
118000214,95,35,60
118000215,70,53,17
118000216,0,124,-124
118000217,1,48,-47
118000218,9,7,2
118000219,33,55,-22
118000220,0,2,-2
118000221,11,28,-17
118000222,28,3,25
118000223,0,2,-2
118000224,34,10,24
118000225,9,205,-196
118000226,35,5,30
118000227,104,38,66
118000228,22,36,-14
118000229,3,5,-2
118000230,5,40,-35
118000231,0,22,-22
118000232,84,210,-126
118000233,54,88,-34
118000234,27,62,-35
118000236,21,97,-76
118000237,7,119,-112
118000238,9,83,-74
118000239,39,21,18
118000240,93,10,83
118000241,3,42,-39
118000242,7,139,-132
118000243,2,24,-22
118000244,4,42,-38
118000246,1,1,0
118000255,8,46,-38
118000256,15,47,-32
118000259,1,3,-2
118000260,3,22,-19
118000261,2,10,-8
118000263,5,23,-18
118000266,10,80,-70
118000267,0,19,-19
118000268,4,0,4
118000270,11,2,9
118000271,8,51,-43
118000272,7,2,5
118000273,7,37,-30
118000274,37,57,-20
118000276,23,38,-15
118000295,3,11,-8
118000298,13,74,-61
118000299,6,41,-35
118000301,0,29,-29
118000302,13,21,-8
118000311,12,24,-12
118000312,16,79,-63
118000313,0,44,-44
118000314,11,11,0
118000315,1,12,-11
118000316,56,126,-70
118000325,2,9,-7
118000326,0,7,-7
118000331,3,21,-18
118000332,2,7,-5
118000333,2,10,-8
118000335,0,0,0
118000336,0,89,-89
118000407,0,13,-13
118000457,2,2,0
118000465,348,267,81
118000480,2,16,-14
118000489,6,22,-16
118000490,7,70,-63
118000492,34,55,-21
118000510,24,4,20
118000514,17,62,-45
118000515,8,22,-14
118000517,112,47,65
118000524,168,81,87
118000525,108,166,-58
118000530,3,16,-13
118000531,31,37,-6
118000532,19,47,-28
118000533,58,17,41
118000534,61,68,-7
118000535,21,16,5
118000536,26,15,11
118000537,1,7,-6
118000538,6,23,-17
118000539,2,9,-7
118000540,13,19,-6
118000541,7,22,-15
118000542,6,14,-8
118000543,7,18,-11
118000546,5,3,2
118000553,0,2,-2
118000560,489,73,416
118000562,0,30,-30
118000563,280,188,92
118000576,11,25,-14
118000577,37,49,-12
118000578,16,27,-11
118000579,165,109,56
118000583,0,0,0
118000595,34,20,14
118000596,0,6,-6
118000597,21,39,-18
118000598,0,0,0
118000599,0,4,-4
118000600,0,0,0
118000601,0,0,0
118000602,0,0,0
118000603,0,31,-31
118000605,1,77,-76
118000606,0,22,-22
118900001,111,49,62
118900002,143,53,90
118900003,0,1,-1
118900004,0,8,-8
118900005,1,0,1
118900006,0,0,0
118900007,2,0,2
118900008,175,7,168
118900009,1,1,0
118900010,0,0,0
118900011,3,0,3
118900012,27,39,-12
118900013,9,0,9
118900015,2,0,2
118900016,17,6,11
118900017,4,7,-3
118900018,74,0,74
118900019,1,6,-5
118900020,0,7,-7
118900021,17,25,-8
118900022,31,21,10
118900023,11,3,8
118900024,1,7,-6
118900025,0,0,0
118900026,9,13,-4
118900027,19,13,6
118900028,12,34,-22
118900029,4,43,-39
118900030,4,0,4
118900031,10,25,-15
118900032,2,3,-1
118900033,26,66,-40
118900034,0,0,0
118900035,15,52,-37
118900036,85,115,-30
118900037,24,27,-3
118900038,29,84,-55
118900039,5,15,-10
118900040,13,30,-17
118900041,13,19,-6
118900042,12,21,-9
118900045,18,12,6
118900046,141,23,118
118900047,121,30,91
118900048,14,23,-9
118900049,1,3,-2
118900050,1,37,-36
118900051,0,2,-2
118900052,3,36,-33
118900053,0,8,-8
118900054,1,21,-20
118900055,0,17,-17
118900056,0,7,-7
118900057,5,85,-80
118900058,18,41,-23
118900059,1,4,-3
118900060,2,32,-30
118900062,7,18,-11
118900064,37,25,12
118900065,1,9,-8
118900066,22,6,16
118900067,1560,390,1170
118900068,0,5,-5
118900069,22,58,-36
118900071,0,4,-4
118900072,22,21,1
118900073,11,19,-8
118900074,3,11,-8
118900075,1,7,-6
118900076,36,3,33
118900077,10,26,-16
118900078,0,1,-1
118900079,5,2,3
118900080,0,5,-5
118900081,0,5,-5
118900082,54,26,28
118900083,1,4,-3
118900084,1,1,0
118900085,36,112,-76
118900086,0,17,-17
118900087,3,28,-25
118900088,0,1,-1
118900089,0,1,-1
118900090,34,71,-37
118900091,8,9,-1
118900092,3,10,-7
118900093,6,2,4
118900096,21,19,2
118900097,14,163,-149
118900099,7,68,-61
118900100,9,11,-2
118900101,3,79,-76
118900102,4,10,-6
118900103,0,10,-10
118900104,3,11,-8
118900105,11,3,8
118900107,15,26,-11
118900108,22,23,-1
118900110,26,31,-5
118900111,9,66,-57
118900112,0,6,-6
118900113,3,83,-80
118900114,1,10,-9
118900115,8,18,-10
118900116,2,33,-31
118900117,2,57,-55
118900118,18,109,-91
118900119,6,68,-62
118900120,11,66,-55
118900121,0,9,-9
118900122,1,27,-26
118900123,22,42,-20
118900124,1,22,-21
118900126,0,61,-61
118900129,1,25,-24
118900130,2,6,-4
118900131,18,58,-40
118900132,2,24,-22
118900133,0,8,-8
118900135,49,31,18
118900136,17,174,-157
118900137,0,2,-2
118900139,18,58,-40
118900140,39,194,-155
118900141,2,22,-20
118900144,13,245,-232
118900145,3,19,-16
118900146,13,103,-90
118900147,2,9,-7
118900148,5,1,4
118900150,9,28,-19
118900152,25,230,-205
118900157,1,10,-9
118900158,2,6,-4
118900159,0,40,-40
118900161,0,0,0
118900163,11,2,9
118900164,0,11,-11
118900165,3,45,-42
118900166,2,1,1
118900167,5,32,-27
118900168,4,6,-2
118900169,23,73,-50
118900170,0,7,-7
118900171,0,11,-11
118900174,3,13,-10
118900175,19,55,-36
118900176,0,40,-40
118900177,3,5,-2
118900178,1,14,-13
118900179,6,7,-1
118900181,4,1,3
118900182,8,6,2
118900183,0,2,-2
118900184,18,5,13
118900185,1,34,-33
118900186,7,21,-14
118900187,24,29,-5
118900188,32,52,-20
118900189,2,36,-34
118900190,1,61,-60
118900191,2,0,2
118900192,13,6,7
118900193,3,0,3
118900195,17,77,-60
118900196,3,17,-14
118900197,1,4,-3
118900198,0,13,-13
118900199,0,11,-11
118900200,0,0,0
118900201,0,3,-3
118900202,1,7,-6
118900203,0,7,-7
118900204,1,2,-1
118900205,1,1,0
118900206,0,9,-9
119000001,175,124,51
119000002,252,361,-109
119000003,146,383,-237
119000004,163,210,-47
119000005,212,321,-109
119000006,172,331,-159
119000007,288,443,-155
119000008,283,548,-265
119000009,616,461,155
119000010,1495,1144,351
119000011,954,287,667
119000012,719,572,147
119000013,487,309,178
119000014,412,723,-311
119000019,33,32,1
119000020,123,251,-128
119000021,424,432,-8
119000022,409,136,273
119000023,10,13,-3
119000024,302,755,-453
119000025,2381,208,2173
119000026,22,36,-14
119000027,56,40,16
119000028,426,249,177
119000029,24,27,-3
119000030,76,192,-116
119000031,123,187,-64
119000032,453,407,46
119000033,315,268,47
119000034,142,275,-133
119000035,5,56,-51
119000036,120,240,-120
119000037,134,522,-388
119000038,10,263,-253
119000039,98,89,9
119000040,181,42,139
119000041,175,135,40
119000048,1077,1090,-13
119000049,221,900,-679
119000050,227,405,-178
119000051,278,217,61
119000052,346,462,-116
119000053,211,236,-25
119000054,345,838,-493
119000055,398,605,-207
119000056,218,405,-187
119000057,225,522,-297
119000058,232,404,-172
119000059,126,209,-83
119000060,140,163,-23
119000061,103,121,-18
119000062,183,266,-83
119000063,47,36,11
119000064,256,263,-7
119000065,317,640,-323
119000066,202,126,76
119000067,324,514,-190
119000068,245,189,56
119000069,143,509,-366
119000070,216,247,-31
119000071,85,150,-65
119000072,1297,674,623
119000073,723,851,-128
119000074,160,928,-768
119000075,113,602,-489
119000076,80,120,-40
119000077,176,67,109
119000078,74,91,-17
119000079,13,116,-103
119000080,18,30,-12
119000081,10,56,-46
119000082,46,56,-10
119000083,37,66,-29
119000084,44,62,-18
119000085,41,33,8
119000086,34,69,-35
119000087,136,103,33
119000088,64,54,10
119000089,15,19,-4
119000090,21,14,7
119000091,39,28,11
119000092,34,25,9
119000093,899,807,92
119000094,355,886,-531
119000095,175,638,-463
119000097,496,251,245
119000098,93,326,-233
119000099,292,281,11
119000100,408,439,-31
119000101,421,499,-78
119000102,125,170,-45
119000103,195,74,121
119000104,601,251,350
119000105,69,114,-45
119000106,33,467,-434
119000107,56,103,-47
119000108,64,350,-286
119000109,8,77,-69
119000110,158,120,38
119000111,7,169,-162
119000112,63,35,28
119000113,409,48,361
119000114,88,53,35
119000115,62,15,47
119000116,9,10,-1
119000117,9,26,-17
119000118,0,2,-2
119000123,405,86,319
119000124,38,71,-33
119000125,213,173,40
119000126,65,173,-108
119000127,48,205,-157
119000128,13,6,7
119000131,58,287,-229
119000132,1,0,1
119000133,0,1,-1
119000134,85,55,30
119000135,11,53,-42
119000136,17,95,-78
119000137,18,125,-107
119000138,63,157,-94
119000139,19,60,-41
119000140,6,35,-29
119000284,403,592,-189
119000285,634,622,12
119000286,1021,693,328
119000287,209,536,-327
119000288,184,333,-149
119000289,374,690,-316
119000290,22,94,-72
119000291,2,70,-68
119000293,16,57,-41
119000294,8,1,7
119000295,385,89,296
119000296,28,24,4
119000302,1285,249,1036
119000303,0,0,0
119000314,285,624,-339
119000315,1,211,-210
119000316,11,39,-28
119000317,4,136,-132
119000319,29,62,-33
119900001,10,73,-63
119900002,4,29,-25
119900003,2,229,-227
119900004,44,33,11
119900005,4,21,-17
119900006,9,38,-29
119900007,25,4,21
119900008,0,9,-9
119900009,26,83,-57
119900010,214,134,80
119900011,1,6,-5
119900012,0,2,-2
119900013,143,113,30
119900014,133,30,103
119900015,4,1,3
119900016,3,15,-12
119900017,1,2,-1
119900018,93,9,84
119900019,2,0,2
119900020,3,16,-13
119900021,3,4,-1
119900022,7,26,-19
119900023,132,57,75
119900025,13,11,2
119900026,89,3,86
119900027,2,0,2
119900028,18,1,17
119900029,0,3,-3
119900030,24,40,-16
119900031,2,20,-18
119900033,269,10,259
119900034,14,51,-37
119900037,2,1,1
119900038,4,5,-1
119900039,5,0,5
119900040,7,1,6
119900041,7,30,-23
119900042,3,19,-16
119900043,1,34,-33
119900044,7,24,-17
119900046,3,19,-16
119900047,72,11,61
119900049,3,0,3
119900050,5,4,1
119900051,18,1,17
119900052,1,18,-17
119900053,30,34,-4
119900054,10,0,10
119900055,65,36,29
119900057,5,23,-18
119900058,27,0,27
119900059,10,9,1
119900060,20,1,19
119900061,10,0,10
119900062,1,5,-4
119900063,1,4,-3
119900065,2,0,2
119900067,0,8,-8
119900068,33,0,33
119900069,5,0,5
119900070,19,0,19
119900071,11,0,11
119900073,236,67,169
119900074,2,2,0
119900075,917,271,646
119900076,0,26,-26
119900077,23,367,-344
119900078,13,120,-107
119900079,7,23,-16
119900080,26,32,-6
119900081,21,1,20
119900082,39,1,38
119900083,0,2,-2
119900084,9,8,1
119900085,19,5,14
119900086,13,204,-191
119900087,27,10,17
119900088,1,8,-7
119900089,1,148,-147
119900090,11,4,7
119900091,4,288,-284
119900092,0,70,-70
119900093,49,9,40
119900094,1,68,-67
119900095,16,8,8
119900096,9,5,4
119900097,58,27,31
119900098,1,8,-7
119900099,1,69,-68
119900100,458,246,212
119900101,63,127,-64
119900102,4,74,-70
119900103,0,87,-87
119900104,1,47,-46
119900105,111,292,-181
119900106,10,64,-54
119900107,28,689,-661
119900108,384,151,233
119900109,6,48,-42
119900110,27,170,-143
119900111,2,99,-97
119900112,574,61,513
119900113,6,178,-172
119900114,16,448,-432
119900115,2,359,-357
119900116,5,41,-36
119900117,19,351,-332
119900118,3,328,-325
119900119,7,53,-46
119900120,52,201,-149
119900121,27,342,-315
119900122,22,80,-58
119900123,21,23,-2
119900124,4,300,-296
119900125,45,72,-27
119900126,1412,25,1387
119900127,515,87,428
119900128,8,103,-95
119900129,12,182,-170
119900130,3,61,-58
119900131,6,102,-96
119900132,0,78,-78
119900133,0,2,-2
119900134,610,28,582
119900135,0,115,-115
119900136,38,136,-98
119900138,46,106,-60
119900139,0,8,-8
119900140,0,24,-24
119900141,14,39,-25
119900142,0,1,-1
119900143,0,63,-63
119900144,466,14,452
119900145,25,37,-12
119900146,12,12,0
119900147,0,10,-10
119900148,25,5,20
119900149,239,314,-75
119900150,7,32,-25
119900151,149,89,60
119900152,1,46,-45
119900153,4,5,-1
119900154,3,378,-375
119900155,1,6,-5
119900156,1,2,-1
119900157,8,69,-61
119900158,9,4,5
119900159,0,311,-311
119900160,2,68,-66
119900161,54,59,-5
119900162,53,54,-1
119900163,14,9,5
119900164,0,0,0
119900165,2,70,-68
119900166,4,2,2
119900167,4,38,-34
119900168,142,65,77
119900169,8,28,-20
119900170,6,16,-10
119900171,49,135,-86
119900172,5,2,3
119900173,0,128,-128
119900174,0,68,-68
119900175,51,140,-89
119900177,6,48,-42
119900178,1,49,-48
119900179,10,30,-20
119900180,73,86,-13
119900181,20,2,18
119900182,0,70,-70
119900183,21,302,-281
119900184,500,70,430
119900185,1,9,-8
119900186,1,13,-12
119900187,1,136,-135
119900188,3,45,-42
119900189,23,24,-1
119900190,2,29,-27
119900191,12,18,-6
119900192,0,42,-42
119900193,9,34,-25
119900194,0,2,-2
119900195,4,37,-33
119900196,358,84,274
119900197,2,16,-14
119900198,7,124,-117
119900199,14,0,14
119900200,12,55,-43
119900201,89,18,71
119900202,8,0,8
119900203,2,57,-55
119900204,7,25,-18
119900205,11,76,-65
119900206,1,28,-27
119900208,7,21,-14
119900209,30,43,-13
119900210,6,1,5
119900211,3,0,3
119900212,10,175,-165
119900213,0,9,-9
119900214,2,14,-12
119900215,2,33,-31
119900216,3,30,-27
119900217,0,21,-21
119900218,0,11,-11
119900219,3,36,-33
119900220,1,20,-19
119900221,3,67,-64
119900222,2,32,-30
119900223,2,18,-16
119900224,1,8,-7
119900225,197,6,191
119900226,121,95,26
119900227,233,41,192
119900228,1,34,-33
119900229,26,63,-37
119900230,186,51,135
119900231,8,40,-32
119900232,11,5,6
119900233,2,1,1
119900234,0,1,-1
119900235,3,1,2
119900236,4,18,-14
119900237,0,60,-60
119900238,0,21,-21
119900240,6,25,-19
119900241,3,65,-62
119900242,130,50,80
119900244,96,207,-111
119900245,7,37,-30
119900246,35,15,20
119900247,17,3,14
119900248,1,3,-2
119900249,18,0,18
119900253,765,19,746
119900254,1,24,-23
119900255,27,153,-126
119900256,13,295,-282
119900257,1,0,1
119900258,1,0,1
119900259,1,79,-78
119900260,0,0,0
119900261,5,28,-23
119900262,0,44,-44
119900263,158,70,88
119900264,1,45,-44
119900265,32,77,-45
119900266,5,51,-46
119900267,1,63,-62
119900268,6,64,-58
119900269,30,167,-137
119900271,2,5,-3
119900272,8,15,-7
119900275,16,0,16
119900276,0,0,0
119900277,1,1,0
119900278,18,15,3
119900279,1,20,-19
119900280,231,30,201
119900281,1,20,-19
119900282,3,5,-2
119900283,0,76,-76
119900284,8,43,-35
119900285,0,10,-10
119900286,0,6,-6
119900288,0,12,-12
119900289,0,3,-3
119900290,2,2,0
119900291,1,4,-3
119900292,1,2,-1
119900293,2,11,-9
119900294,0,18,-18
119900295,0,10,-10
119900296,1,25,-24
119900297,1,6,-5
119900298,0,1,-1
119900299,0,46,-46
119900300,3,41,-38
119900301,1,3,-2
119900302,0,5,-5
119900303,2,15,-13
119900304,0,3,-3
119900305,3,13,-10
119900306,2,0,2
119900307,1,6,-5
119900308,1,1,0
119900309,1,6,-5
119900310,45,50,-5
119900311,11,24,-13
119900312,6,9,-3
119900313,10,121,-111
119900314,3,10,-7
119900315,45,502,-457
119900318,3,3,0
119900319,0,118,-118
119900320,3,139,-136
119900321,2,0,2
120000001,1297,1002,295
120000002,523,1005,-482
120000003,920,704,216
120000004,879,845,34
120000005,1137,724,413
120000006,321,463,-142
120000007,618,604,14
120000008,310,413,-103
120000009,1191,300,891
120000010,369,1075,-706
120000011,217,594,-377
120000012,470,811,-341
120000013,365,712,-347
120000014,146,474,-328
120000015,369,462,-93
120000016,336,297,39
120000017,189,273,-84
120000018,732,953,-221
120000019,148,148,0
120000020,305,349,-44
120000021,431,293,138
120000022,736,554,182
120000023,158,349,-191
120000024,328,499,-171
120000025,326,605,-279
120000026,105,439,-334
120000027,208,451,-243
120000028,172,58,114
120000029,679,136,543
120000030,19,269,-250
120000031,465,1427,-962
120000032,2063,804,1259
120000033,355,423,-68
120000034,242,545,-303
120000035,243,566,-323
120000036,314,784,-470
120000037,44,110,-66
120000038,2186,700,1486
120000039,76,268,-192
120000040,24,26,-2
120000041,52,558,-506
120000042,327,1833,-1506
120000043,799,724,75
120000044,444,395,49
120000045,480,284,196
120000046,314,360,-46
120000047,274,427,-153
120000048,1728,546,1182
120000049,330,588,-258
120000050,466,1076,-610
120000051,1043,695,348
120000052,3811,513,3298
120000053,335,1352,-1017
120000054,295,2054,-1759
120000055,204,1137,-933
120000056,463,1277,-814
120000057,336,303,33
120000058,49,48,1
120000059,12,395,-383
120000061,31,98,-67
120000062,43,75,-32
120000063,311,955,-644
120000064,78,655,-577
120000065,70,539,-469
120000066,12,114,-102
120000067,7,134,-127
120000068,16,278,-262
120000069,69,348,-279
120000070,5,264,-259
120000071,17,44,-27
120000072,39,113,-74
120000073,51,23,28
120000074,3,10,-7
120000075,31,50,-19
120000076,120,102,18
120000077,152,120,32
120000078,445,124,321
120000079,24,251,-227
120000080,24,52,-28
120000081,50,52,-2
120000082,28,72,-44
120000083,22,103,-81
120000084,79,133,-54
120000085,101,135,-34
120000086,65,183,-118
120000087,29,386,-357
120000088,82,290,-208
120000089,79,18,61
120000090,41,32,9
120000091,29,74,-45
120000092,33,69,-36
120000093,11,64,-53
120000094,10,46,-36
120000095,163,175,-12
120000096,40,337,-297
120000098,71,285,-214
120000099,23,185,-162
120000100,90,225,-135
120000101,110,151,-41
120000102,29,81,-52
120000103,75,70,5
120000104,96,47,49
120000105,135,30,105
120000106,150,44,106
120000107,181,49,132
120000108,93,12,81
120000109,68,11,57
120000110,18,275,-257
120000111,34,436,-402
120000112,108,1224,-1116
120000113,95,839,-744
120000114,63,514,-451
120000115,51,615,-564
120000116,141,624,-483
120000117,276,554,-278
120000118,3,1,2
120000119,2,12,-10
120000120,18,20,-2
120000121,2,8,-6
120000122,15,32,-17
120000123,1667,291,1376
120000124,54,69,-15
120000125,77,131,-54
120000126,17,67,-50
120000127,150,71,79
120000128,437,381,56
120000129,61,49,12
120000130,73,78,-5
120000131,71,126,-55
120000134,59,376,-317
120000135,11,70,-59
120000137,20,415,-395
120000138,23,105,-82
120000139,12,267,-255
120000140,28,123,-95
120000141,11,187,-176
120000142,18,146,-128
120000143,1,38,-37
120000144,0,3,-3
120000145,29,0,29
120000146,338,107,231
120000149,113,232,-119
120000150,839,1436,-597
120000151,68,69,-1
120000152,9,34,-25
120000153,11,122,-111
120000154,42,95,-53
120000155,36,71,-35
120000156,298,93,205
120000157,96,117,-21
120000158,84,195,-111
120000159,392,638,-246
120000160,408,207,201
120000161,219,713,-494
120000162,4,51,-47
120000163,45,334,-289
120000164,55,111,-56
120000165,19,256,-237
120000166,35,136,-101
120000167,5,7,-2
120000168,3,16,-13
120000169,133,40,93
120000170,135,27,108
120000171,32,10,22
120000172,8,4,4
120000173,1199,31,1168
120000174,168,1,167
120000175,270,5,265
120000176,65,48,17
120000177,476,339,137
120000178,25,5,20
120000179,97,8,89
120000180,144,28,116
120000181,30,16,14
120000182,37,10,27
120000183,0,65,-65
120000184,32,321,-289
120000186,0,8,-8
120000187,15,3,12
120000188,80,7,73
120000190,392,0,392
120000191,564,1,563
120000192,484,1,483
120000193,106,0,106
120000195,14,0,14
120000196,68,11,57
120000197,13,47,-34
120000198,8,52,-44
120000199,4,0,4
120000200,11,1,10
120000201,1,1,0
120000202,0,8,-8
120000203,2,69,-67
120000207,3,12,-9
120000208,8,78,-70
120000209,0,43,-43
120000210,38,26,12
120000211,0,0,0
120000212,3,0,3
120000213,8,108,-100
120000214,1,135,-134
120000215,4,51,-47
120000216,9,1,8
120000217,233,369,-136
120000218,89,743,-654
120000219,5,365,-360
120000220,4,1332,-1328
120000225,56,0,56
120000226,26,0,26
120000227,59,2,57
120000228,2585,294,2291
120000230,16,0,16
120000231,58,456,-398
120000233,6,2,4
120000235,16,217,-201
120000236,0,0,0
120000237,2,817,-815
120000238,0,45,-45
120000241,133,203,-70
120000412,152,4,148
120000413,19,89,-70
120000414,3,0,3
120000415,0,43,-43
120000416,0,11,-11
120000417,0,35,-35
120000418,0,3,-3
120000419,0,72,-72
120000420,7,1,6
120000421,3763,1677,2086
120000422,86,99,-13
120000423,0,7,-7
120000424,2,46,-44
120000436,36,50,-14
120000437,96,41,55
120000438,1260,86,1174
120000439,7,51,-44
120000443,15,0,15
120000444,26,82,-56
120000445,90,164,-74
120000446,175,90,85
120000447,0,2,-2
120000449,3,3,0
120000450,0,98,-98
120000451,2,44,-42
120000452,2,0,2
120000453,1,254,-253
120000454,0,0,0
120000455,4,13,-9
120000456,626,463,163
120000457,303,166,137
120000458,83,156,-73
120000459,11,10,1
120000665,183,66,117
120000668,47,34,13
120000669,7,114,-107
120000670,106,55,51
120000671,76,35,41
120000672,13,90,-77
120900001,1,4,-3
120900002,3,10,-7
120900003,28,14,14
120900004,1,11,-10
120900005,2,647,-645
120900006,27,24,3
120900007,15,26,-11
120900008,7,350,-343
120900009,67,45,22
120900010,28,7,21
120900011,20,23,-3
120900012,70,56,14
120900013,43,2,41
120900014,3,172,-169
120900015,74,17,57
120900016,30,7,23
120900017,725,28,697
120900018,0,116,-116
120900019,42,21,21
120900020,46,66,-20
120900021,14,5,9
120900022,3,118,-115
120900023,8,4,4
120900024,164,120,44
120900025,487,90,397
120900026,2,51,-49
120900027,115,78,37
120900028,21,1,20
120900029,3,16,-13
120900030,98,55,43
120900031,10,11,-1
120900032,48,23,25
120900033,42,4,38
120900034,37,157,-120
120900035,5,9,-4
120900037,8,0,8
120900038,10,19,-9
120900039,4,3,1
120900040,6,0,6
120900041,11,3,8
120900042,20,10,10
120900043,3,2,1
120900044,1,97,-96
120900045,26,22,4
120900046,14,1,13
120900047,5,6,-1
120900048,12,2,10
120900049,18,0,18
120900050,811,86,725
120900051,17,12,5
120900052,15,1,14
120900053,24,19,5
120900054,148,149,-1
120900055,40,2,38
120900056,17,0,17
120900057,9,2,7
120900058,25,0,25
120900059,11,2,9
120900060,3,7,-4
120900061,29,54,-25
120900062,13,0,13
120900063,16,0,16
120900064,26,0,26
120900065,18,0,18
120900066,7,88,-81
120900067,8,3,5
120900068,7,0,7
120900069,12,4,8
120900071,0,0,0
120900072,30,0,30
120900073,10,25,-15
120900074,8,0,8
120900076,15,0,15
120900077,629,31,598
120900078,24,287,-263
120900079,51,22,29
120900080,30,936,-906
120900081,34,19,15
120900082,64,43,21
120900083,7,0,7
120900084,16,22,-6
120900085,24,15,9
120900086,44,31,13
120900087,45,10,35
120900088,6,20,-14
120900089,1255,142,1113
120900090,3,38,-35
120900091,18,31,-13
120900092,52,201,-149
120900093,1206,55,1151
120900094,115,55,60
120900095,20,5,15
120900096,6,21,-15
120900097,114,490,-376
120900098,80,41,39
120900099,16,38,-22
120900100,3,120,-117
120900101,38,82,-44
120900102,0,112,-112
120900103,5,33,-28
120900104,5,14,-9
120900105,2,316,-314
120900106,267,126,141
120900107,129,28,101
120900108,1,325,-324
120900109,8,203,-195
120900110,4,318,-314
120900111,27,123,-96
120900112,0,456,-456
120900113,1,242,-241
120900114,4,84,-80
120900115,15,30,-15
120900116,3,134,-131
120900117,0,187,-187
120900118,1,281,-280
120900119,859,1031,-172
120900120,13,211,-198
120900121,7,92,-85
120900122,4,187,-183
120900123,0,157,-157
120900124,3,259,-256
120900125,0,228,-228
120900126,174,166,8
120900127,2,186,-184
120900128,170,377,-207
120900129,18,123,-105
120900130,0,84,-84
120900131,3,16,-13
120900132,24,95,-71
120900133,38,304,-266
120900134,27,117,-90
120900135,3,223,-220
120900136,5,5,0
120900137,1,20,-19
120900138,2,93,-91
120900139,2,355,-353
120900140,0,6,-6
120900141,3,14,-11
120900142,6,299,-293
120900143,2,539,-537
120900144,0,112,-112
120900145,3,259,-256
120900146,1,336,-335
120900147,0,65,-65
120900148,3,41,-38
120900149,0,129,-129
120900150,3,133,-130
120900151,3,140,-137
120900152,10,31,-21
120900153,3,9,-6
120900154,1,81,-80
120900155,15,412,-397
120900156,2,123,-121
120900157,2,63,-61
120900158,2,163,-161
120900159,11,193,-182
120900160,38,114,-76
120900161,3,408,-405
120900162,4,378,-374
120900163,2,21,-19
120900164,0,0,0
120900165,2,1,1
120900166,1,4,-3
120900167,8,4,4
120900169,7,103,-96
120900170,408,244,164
120900171,304,78,226
120900172,351,35,316
120900173,0,32,-32
120900174,0,21,-21
120900175,87,33,54
120900176,0,22,-22
120900177,0,30,-30
120900178,0,19,-19
120900179,77,84,-7
120900180,12,5,7
120900181,0,42,-42
120900182,1,206,-205
120900183,83,31,52
120900184,18,22,-4
120900185,2,102,-100
120900186,1,200,-199
120900187,13,100,-87
120900188,17,0,17
120900189,5,35,-30
120900190,2,3,-1
120900191,1,2,-1
120900192,4527,350,4177
120900194,4,13,-9
120900195,14,134,-120
120900196,92,38,54
120900197,21,12,9
120900198,32,195,-163
120900199,22,22,0
120900200,7,14,-7
120900201,225,30,195
120900202,0,70,-70
120900203,5,19,-14
120900204,68,129,-61
120900205,8,15,-7
120900206,0,1,-1
120900207,9,216,-207
121000001,184,251,-67
121000002,338,240,98
121000003,1073,412,661
121000004,773,414,359
121000005,550,653,-103
121000006,817,402,415
121000007,723,759,-36
121000008,821,472,349
121000009,1678,1120,558
121000010,1943,514,1429
121000011,1959,1395,564
121000012,2933,1056,1877
121000013,1534,1555,-21
121000014,2125,1589,536
121000015,901,1530,-629
121000016,1451,845,606
121000017,313,592,-279
121000018,402,275,127
121000019,3555,1445,2110
121000020,2270,1244,1026
121000021,443,515,-72
121000022,309,364,-55
121000023,673,510,163
121000024,365,623,-258
121000025,144,80,64
121000026,29,20,9
121000027,626,226,400
121000028,127,91,36
121000029,80,130,-50
121000030,39,46,-7
121000031,189,149,40
121000032,41,14,27
121000034,24,4,20
121000035,12,22,-10
121000036,106,100,6
121000037,105,106,-1
121000038,98,101,-3
121000039,54,52,2
121000041,93,71,22
121000042,11,64,-53
121000043,137,88,49
121000044,212,88,124
121000045,27,102,-75
121000046,18,52,-34
121000047,15,35,-20
121000049,581,265,316
121000050,66,274,-208
121000051,120,69,51
121000052,45,115,-70
121000053,17,2,15
121000054,4,52,-48
121000055,306,243,63
121000056,179,231,-52
121000057,35,29,6
121000058,93,57,36
121000059,234,112,122
121000060,103,167,-64
121000061,10,22,-12
121000062,30,33,-3
121000063,116,131,-15
121000064,70,81,-11
121000065,131,79,52
121000066,88,161,-73
121000067,223,61,162
121000068,66,37,29
121000069,16,30,-14
121000070,183,244,-61
121000071,133,131,2
121000072,184,100,84
121000073,133,132,1
121000074,22,83,-61
121000075,8,6,2
121000076,171,90,81
121000077,5,3,2
121000078,52,14,38
121000080,715,180,535
121000081,235,186,49
121000082,55,52,3
121000083,28,24,4
121000084,40,24,16
121000085,136,92,44
121000086,60,122,-62
121000087,10,57,-47
121000088,133,145,-12
121000089,38,38,0
121000090,72,128,-56
121000091,592,284,308
121000092,51,32,19
121000093,18,49,-31
121000094,84,54,30
121000095,30,39,-9
121000096,798,408,390
121000097,192,216,-24
121000098,46,247,-201
121000099,79,180,-101
121000100,62,155,-93
121000101,7,5,2
121000102,12,101,-89
121000103,2,4,-2
121000104,17,21,-4
121000105,22,52,-30
121000106,2,13,-11
121000107,469,1005,-536
121000109,404,352,52
121000110,31,67,-36
121000114,650,545,105
121000115,194,203,-9
121000116,101,154,-53
121000117,290,31,259
121000118,489,49,440
121000119,43,45,-2
121000120,44,65,-21
121000121,25,82,-57
121000123,81,52,29
121000127,7,23,-16
121000128,34,105,-71
121000129,52,73,-21
121000130,46,152,-106
121000131,118,92,26
121000132,63,120,-57
121000135,73,51,22
121000136,371,52,319
121000137,85,25,60
121000138,127,55,72
121000139,76,22,54
121000141,82,22,60
121000142,181,76,105
121000143,14,0,14
121000144,119,184,-65
121000145,57,263,-206
121000146,187,134,53
121000147,85,84,1
121000148,88,160,-72
121000149,302,248,54
121000152,86,87,-1
121000153,418,95,323
121000154,154,78,76
121000155,195,132,63
121000156,65,98,-33
121000157,392,296,96
121000158,100,116,-16
121000159,40,150,-110
121000160,89,231,-142
121000161,34,91,-57
121000162,11,73,-62
121000165,169,171,-2
121000166,15,64,-49
121000168,34,40,-6
121000169,9,46,-37
121000170,20,9,11
121000171,17,20,-3
121000172,75,128,-53
121000173,218,175,43
121000174,31,134,-103
121000175,56,102,-46
121000176,63,49,14
121000177,131,102,29
121000178,37,15,22
121000179,21,35,-14
121000181,79,86,-7
121000182,16,49,-33
121000183,10,24,-14
121000184,0,8,-8
121000185,2,42,-40
121000186,22,87,-65
121000187,21,60,-39
121000188,33,93,-60
121000192,108,113,-5
121000193,55,50,5
121000194,514,296,218
121000195,82,213,-131
121000196,100,46,54
121000197,15,105,-90
121000198,35,21,14
121000199,18,111,-93
121000200,38,25,13
121000201,2,57,-55
121000202,42,21,21
121000203,27,411,-384
121000204,111,52,59
121000205,14,79,-65
121000206,24,10,14
121000207,135,87,48
121000208,1,75,-74
121000209,29,147,-118
121000210,30,144,-114
121000211,4,25,-21
121000212,33,166,-133
121000213,1296,270,1026
121000214,112,119,-7
121000215,270,99,171
121000216,41,78,-37
121000217,605,368,237
121000218,164,418,-254
121000219,213,88,125
121000220,68,43,25
121000221,15,77,-62
121000222,626,573,53
121000223,96,143,-47
121000224,51,17,34
121000225,158,110,48
121000226,129,103,26
121000227,4,66,-62
121000228,1,212,-211
121000229,2,133,-131
121000230,18,545,-527
121000231,0,0,0
121000232,36,20,16
121000233,13,69,-56
121000234,0,5,-5
121000235,0,3,-3
121000236,0,7,-7
121000237,0,1,-1
121000238,0,9,-9
121000239,1,2,-1
121000240,0,22,-22
121000241,27,2,25
121000242,1,27,-26
121000243,15,0,15
121000244,0,11,-11
121000245,0,3,-3
121000246,1,28,-27
121000247,3,1,2
121000248,26,89,-63
121000249,10,50,-40
121000250,19,14,5
121000251,4,128,-124
121000252,6,7,-1
121000253,33,150,-117
121000254,50,74,-24
121000255,27,45,-18
121000256,14,31,-17
121000257,5,19,-14
121000258,3,14,-11
121000259,7,10,-3
121000260,5,24,-19
121000261,5,6,-1
121000262,156,136,20
121000263,212,129,83
121000271,57,325,-268
121000273,8,0,8
121000274,0,10,-10
121000275,4,4,0
121000276,0,0,0
121000278,4,7,-3
121000279,4,2,2
121000280,3,10,-7
121000289,18,2,16
121000290,179,132,47
121000294,8,45,-37
121000297,212,119,93
121000299,38,55,-17
121000300,162,72,90
121000302,3,28,-25
121000303,29,55,-26
121000304,4,1,3
121000305,1,3,-2
121000306,1,7,-6
121000308,24,58,-34
121000309,72,102,-30
121000310,19,94,-75
121000311,21,168,-147
121000312,11,9,2
121000313,130,52,78
121000314,68,12,56
121000315,48,7,41
121000530,138,321,-183
121000531,194,356,-162
121000532,783,716,67
121000533,544,405,139
121000918,0,73,-73
121000919,0,3,-3
121000938,31,9,22
121000939,36,17,19
121000956,44,332,-288
121000957,0,3,-3
121000958,0,36,-36
121000959,64,286,-222
121000960,115,426,-311
121000961,30,1,29
121000962,55,109,-54
121000973,0,65,-65
121000976,0,6,-6
121000979,1,2,-1
121000981,65,2,63
121000982,21,34,-13
121000983,22,101,-79
121000984,1,1,0
121000985,33,126,-93
121000986,5,72,-67
121000987,50,318,-268
121000988,70,49,21
121001302,47,18,29
121001308,0,3,-3
121001309,20,4,16
121001313,7,142,-135
121001314,1435,785,650
121001315,1230,389,841
121001326,46,50,-4
121900001,17,30,-13
121900002,1,3,-2
121900003,0,0,0
121900004,2,26,-24
121900005,1,0,1
121900006,2,0,2
121900007,5,54,-49
121900008,0,0,0
121900009,0,0,0
121900010,8,0,8
121900011,3,26,-23
121900012,0,0,0
121900013,0,0,0
121900014,34,18,16
121900015,1,4,-3
121900016,0,0,0
121900017,9,4,5
121900018,20,0,20
121900019,8,45,-37
121900020,2,0,2
121900021,0,0,0
121900022,5,2,3
121900023,1,6,-5
121900024,15,7,8
121900025,23,11,12
121900026,0,0,0
121900027,8,5,3
121900028,0,0,0
121900029,0,0,0
121900030,18,56,-38
121900031,44,185,-141
121900032,6,0,6
121900033,4,13,-9
121900034,8,13,-5
121900035,45,53,-8
121900036,0,3,-3
121900037,13,23,-10
121900038,2,7,-5
121900039,14,0,14
121900040,0,0,0
121900041,3,11,-8
121900042,3,9,-6
121900043,0,0,0
121900044,29,1,28
121900046,0,0,0
121900047,4,2,2
121900048,0,4,-4
121900050,0,0,0
121900051,5,8,-3
121900052,0,0,0
121900053,24,28,-4
121900054,5,21,-16
121900055,0,0,0
121900058,3,18,-15
121900059,3,2,1
121900060,1,28,-27
121900062,3,3,0
121900063,16,7,9
121900064,2,12,-10
121900066,0,0,0
121900067,0,0,0
121900069,68,21,47
121900070,5,5,0
121900071,7,12,-5
121900072,1,3,-2
121900073,5,5,0
121900074,1,7,-6
121900075,29,23,6
121900076,4,16,-12
121900078,0,0,0
121900079,0,0,0
121900080,22,23,-1
121900082,6,7,-1
121900084,0,13,-13
121900086,0,0,0
121900087,10,6,4
121900088,53,154,-101
121900089,1,8,-7
121900090,0,3,-3
121900091,0,6,-6
121900092,0,0,0
121900093,4,6,-2
121900094,0,0,0
121900095,17,4,13
121900096,44,4,40
121900097,7,1,6
121900098,0,0,0
121900099,0,0,0
121900100,6,2,4
121900101,9,10,-1
121900102,2,1,1
121900103,17,2,15
121900104,79,18,61
121900105,0,2,-2
121900106,1,0,1
121900107,0,0,0
121900108,0,0,0
121900109,15,16,-1
121900110,18,106,-88
121900111,268,10,258
121900112,1,0,1
121900113,0,2,-2
121900114,0,0,0
121900117,9,0,9
121900118,116,11,105
121900119,3,23,-20
121900120,2,160,-158
121900121,0,0,0
121900122,0,0,0
121900123,13,38,-25
121900124,8,10,-2
121900125,81,140,-59
121900127,1,6,-5
121900128,0,8,-8
121900129,96,8,88
121900130,3,7,-4
121900131,7,11,-4
121900132,0,4,-4
121900133,0,0,0
121900134,0,3,-3
121900135,97,18,79
121900136,1,41,-40
121900137,5,8,-3
121900138,0,6,-6
121900139,49,27,22
121900140,3,7,-4
121900141,2,0,2
121900142,0,4,-4
121900143,0,6,-6
121900144,104,51,53
121900145,2,11,-9
121900146,12,50,-38
121900147,16,20,-4
121900148,5,9,-4
121900149,13,53,-40
121900150,27,25,2
121900151,0,11,-11
121900152,4,8,-4
121900153,2,29,-27
121900154,0,4,-4
121900155,0,3,-3
121900156,12,22,-10
121900157,0,45,-45
121900158,5,33,-28
121900159,0,3,-3
121900160,0,10,-10
121900161,45,13,32
121900162,2,16,-14
121900163,2,103,-101
121900164,10,13,-3
121900165,4,7,-3
121900166,25,9,16
121900167,13,4,9
121900168,11,18,-7
121900169,0,87,-87
121900170,0,26,-26
121900171,12,21,-9
121900172,8,32,-24
121900173,10,2,8
121900174,0,0,0
121900175,2,12,-10
121900176,77,304,-227
121900177,3,12,-9
121900178,0,2,-2
121900179,10,7,3
121900180,896,196,700
121900182,9,16,-7
121900183,63,22,41
121900184,5,29,-24
121900186,0,0,0
121900187,1,9,-8
121900188,44,11,33
121900189,0,4,-4
121900190,17,30,-13
121900191,0,0,0
121900192,37,16,21
121900193,0,5,-5
121900194,0,0,0
121900195,1,4,-3
121900196,16,10,6
121900197,61,229,-168
121900198,69,14,55
121900199,0,0,0
121900200,5,9,-4
121900201,22,41,-19
121900202,15,22,-7
121900203,2,6,-4
121900204,80,30,50
121900205,0,1,-1
121900206,0,0,0
121900207,2,5,-3
121900208,6,9,-3
121900209,27,1,26
121900210,23,12,11
121900211,1,2,-1
121900212,5,6,-1
121900213,2,2,0
121900214,0,21,-21
121900215,1,0,1
121900216,1,3,-2
121900217,2,2,0
121900218,3,8,-5
121900220,2,0,2
121900221,11,47,-36
121900222,3,9,-6
121900223,0,0,0
121900224,0,0,0
121900225,0,0,0
121900226,0,0,0
121900227,5,10,-5
121900228,3,9,-6
121900230,12,4,8
121900231,7,6,1
121900232,6,15,-9
121900233,4,7,-3
121900234,0,7,-7
121900235,2,9,-7
121900236,5,4,1
121900237,23,92,-69
121900238,18,14,4
121900239,8,2,6
121900240,23,4,19
121900241,0,4,-4
121900242,0,0,0
121900243,0,0,0
121900244,0,0,0
121900245,4,2,2
121900246,1,2,-1
121900248,33,30,3
121900250,18,12,6
121900251,1,2,-1
121900252,62,15,47
121900253,30,86,-56
121900254,9,15,-6
121900255,15,2,13
121900258,35,19,16
121900259,5,8,-3
121900260,2,10,-8
121900261,9,17,-8
121900262,10,22,-12
121900263,2,8,-6
121900264,127,42,85
121900265,0,17,-17
121900266,2,5,-3
121900267,0,0,0
121900269,1,3,-2
121900270,0,11,-11
121900271,1,12,-11
121900273,10,74,-64
121900274,4,17,-13
121900277,3,170,-167
121900278,8,112,-104
121900279,0,53,-53
121900280,5,39,-34
121900281,4,0,4
121900284,0,0,0
121900286,1,11,-10
121900287,0,0,0
121900288,0,0,0
121900290,11,20,-9
121900291,52,72,-20
121900292,7,31,-24
121900293,105,602,-497
121900294,6,0,6
121900295,1,4,-3
121900296,0,0,0
121900298,6,26,-20
121900299,0,0,0
121900300,0,0,0
121900301,0,0,0
121900302,0,0,0
121900303,7,21,-14
121900304,0,0,0
121900305,0,0,0
121900306,0,0,0
121900307,0,0,0
121900308,1,49,-48
121900309,1,29,-28
121900310,1,109,-108
121900311,22,0,22
121900312,3,0,3
121900313,9,6,3
121900314,0,3,-3
121900315,0,0,0
121900316,0,0,0
121900317,0,0,0
121900318,0,0,0
121900319,0,0,0
121900320,0,0,0
121900321,0,0,0
121900322,0,0,0
121900323,0,0,0
121900324,0,0,0
121900325,0,0,0
121900326,0,0,0
121900327,0,5,-5
121900328,0,3,-3
121900329,0,24,-24
121900330,0,0,0
121900331,0,0,0
121900332,0,0,0
121900333,0,0,0
121900334,0,0,0
122000001,212,403,-191
122000002,515,188,327
122000003,241,200,41
122000004,354,150,204
122000005,327,137,190
122000006,217,79,138
122000007,166,155,11
122000008,440,335,105
122000009,64,26,38
122000010,605,436,169
122000011,302,160,142
122000012,202,288,-86
122000013,153,158,-5
122000014,283,213,70
122000015,219,151,68
122000016,78,141,-63
122000017,204,224,-20
122000018,256,241,15
122000019,94,289,-195
122000020,26,31,-5
122000021,55,88,-33
122000022,80,76,4
122000023,52,120,-68
122000024,146,226,-80
122000025,123,225,-102
122000026,257,133,124
122000027,167,354,-187
122000028,105,46,59
122000029,51,33,18
122000030,77,19,58
122000031,11,28,-17
122000032,143,278,-135
122000033,132,140,-8
122000034,92,122,-30
122000035,61,88,-27
122000036,67,101,-34
122000037,103,32,71
122000038,47,63,-16
122000039,186,98,88
122000040,66,38,28
122000041,69,119,-50
122000042,29,106,-77
122000043,23,13,10
122000044,18,22,-4
122000045,159,109,50
122000046,106,115,-9
122000047,55,35,20
122000048,399,323,76
122000049,550,404,146
122000050,279,159,120
122000051,46,21,25
122000052,49,17,32
122000053,10,88,-78
122000054,320,321,-1
122000055,291,294,-3
122000056,568,572,-4
122000057,552,344,208
122000058,537,271,266
122000059,638,398,240
122000060,215,143,72
122000061,118,38,80
122000062,205,44,161
122000063,103,86,17
122000064,735,649,86
122000065,840,521,319
122000066,63,120,-57
122000067,145,173,-28
122000068,122,125,-3
122000069,167,132,35
122000070,39,139,-100
122000071,107,97,10
122000072,59,52,7
122000073,87,73,14
122000074,182,93,89
122000075,38,75,-37
122000076,268,175,93
122000077,156,126,30
122000078,611,606,5
122000079,96,96,0
122000080,67,37,30
122000081,11,24,-13
122000082,128,94,34
122000083,174,272,-98
122000084,132,79,53
122000085,49,181,-132
122000086,344,470,-126
122000087,48,61,-13
122000088,34,32,2
122000089,680,328,352
122000090,41,86,-45
122000091,26,10,16
122000092,6,1,5
122000093,276,279,-3
122000094,1123,351,772
122000095,281,214,67
122000096,110,62,48
122000098,466,286,180
122000099,130,98,32
122000100,98,76,22
122000101,44,79,-35
122000102,299,159,140
122000103,151,163,-12
122000104,30,27,3
122000105,32,46,-14
122000106,66,66,0
122000107,94,71,23
122000108,81,143,-62
122000109,23,44,-21
122000110,71,98,-27
122000111,482,168,314
122000112,104,136,-32
122000113,65,100,-35
122000114,484,326,158
122000115,583,268,315
122000116,77,54,23
122000117,104,30,74
122000118,69,54,15
122000119,371,235,136
122000120,359,353,6
122000121,415,268,147
122000122,112,141,-29
122000123,224,79,145
122000124,74,44,30
122000125,98,90,8
122000126,77,101,-24
122000127,150,115,35
122000128,68,118,-50
122000129,58,28,30
122000130,161,60,101
122000131,310,67,243
122000132,167,32,135
122000133,144,292,-148
122000134,79,79,0
122000135,146,219,-73
122000136,37,36,1
122000137,53,116,-63
122000139,218,285,-67
122000140,129,80,49
122000141,783,107,676
122000142,62,78,-16
122000143,58,38,20
122000144,182,85,97
122000145,137,83,54
122000146,25,80,-55
122000147,87,44,43
122000148,403,256,147
122000149,329,142,187
122000150,147,79,68
122000151,29,66,-37
122000152,91,43,48
122000153,22,13,9
122000154,22,4,18
122000155,212,144,68
122000156,766,613,153
122000157,403,428,-25
122000158,49,88,-39
122000159,89,143,-54
122000160,479,138,341
122000161,143,81,62
122000162,161,181,-20
122000163,32,3,29
122000164,11,20,-9
122000165,100,86,14
122000166,126,130,-4
122000167,59,88,-29
122000168,33,112,-79
122000169,118,65,53
122000170,56,75,-19
122000171,8,26,-18
122000172,263,231,32
122000173,128,336,-208
122000174,383,237,146
122000175,362,100,262
122000176,81,99,-18
122000177,412,475,-63
122000178,475,144,331
122000179,360,333,27
122000180,454,312,142
122000181,310,686,-376
122000182,232,80,152
122000183,131,27,104
122000184,1514,365,1149
122000185,505,320,185
122000186,101,167,-66
122000187,110,195,-85
122000188,73,49,24
122000189,62,20,42
122000190,48,290,-242
122000191,84,55,29
122000192,124,25,99
122000193,25,92,-67
122000194,68,20,48
122000195,33,86,-53
122000196,100,93,7
122000197,20,20,0
122000198,74,219,-145
122000199,54,39,15
122000200,161,50,111
122000201,544,634,-90
122000202,341,324,17
122000203,301,213,88
122000204,205,439,-234
122000205,120,139,-19
122000206,305,75,230
122000207,193,111,82
122000208,219,237,-18
122000209,263,30,233
122000210,200,410,-210
122000211,134,220,-86
122000212,76,67,9
122000213,150,219,-69
122000214,173,258,-85
122000215,259,320,-61
122000217,389,308,81
122000218,23,3,20
122000219,351,174,177
122000220,53,144,-91
122000221,16,76,-60
122000222,109,15,94
122000223,184,45,139
122000225,103,31,72
122000226,198,283,-85
122000227,37,202,-165
122000228,45,66,-21
122000229,4,63,-59
122000230,12,127,-115
122000231,23,126,-103
122000232,43,132,-89
122000233,0,11,-11
122000234,29,51,-22
122000235,79,39,40
122000236,50,17,33
122000237,5,7,-2
122000238,13,7,6
122000239,22,12,10
122000240,82,43,39
122000241,75,44,31
122000242,34,14,20
122000243,14,5,9
122000244,6,87,-81
122000245,14,40,-26
122000246,10,17,-7
122000247,65,134,-69
122000248,270,296,-26
122000249,42,83,-41
122000250,141,45,96
122000251,56,55,1
122000252,120,3,117
122000253,5,43,-38
122000254,25,4,21
122000255,92,232,-140
122000256,67,314,-247
122000257,23,83,-60
122000258,4,53,-49
122000259,5,175,-170
122000260,31,175,-144
122000261,0,38,-38
122000262,0,21,-21
122000263,16,17,-1
122000264,22,37,-15
122000265,114,53,61
122000266,226,45,181
122000267,4,12,-8
122000268,33,82,-49
122000269,66,53,13
122000270,26,21,5
122000271,30,224,-194
122000272,57,187,-130
122000273,39,102,-63
122000274,21,47,-26
122000275,5,59,-54
122000276,20,114,-94
122000277,81,235,-154
122000278,56,171,-115
122000279,16,78,-62
122000280,193,170,23
122000281,75,144,-69
122000282,7,26,-19
122000283,383,7,376
122000284,12,9,3
122000285,145,26,119
122000286,73,24,49
122000287,54,96,-42
122000288,47,31,16
122000291,99,96,3
122000293,78,51,27
122000294,12,6,6
122000295,164,21,143
122000296,31,112,-81
122000297,527,250,277
122000299,27,71,-44
122000300,49,112,-63
122000301,2275,371,1904
122000302,222,51,171
122000303,1160,271,889
122000304,3,27,-24
122000305,155,157,-2
122000306,5,178,-173
122000307,37,14,23
122000309,7,9,-2
122000310,3,1,2
122000311,20,2,18
122000312,28,13,15
122000313,6,7,-1
122000314,22,57,-35
122000315,9,0,9
122000316,30,36,-6
122000317,157,50,107
122000318,19,31,-12
122000319,76,89,-13
122000320,83,787,-704
122000321,11,73,-62
122000322,449,171,278
122000323,260,234,26
122000324,338,211,127
122000325,128,155,-27
122000326,4,6,-2
122000327,36,109,-73
122000328,105,186,-81
122000330,149,45,104
122000333,1,63,-62
122000337,56,455,-399
122000338,26,88,-62
122000340,63,49,14
122000342,343,106,237
122000343,36,242,-206
122000344,1,1,0
122000345,23,22,1
122000346,39,109,-70
122000348,73,127,-54
122000349,4,84,-80
122000351,5,21,-16
122000352,48,7,41
122000353,4,31,-27
122000355,23,31,-8
122000356,226,161,65
122000357,2,2,0
122000358,0,5,-5
122000359,0,4,-4
122000360,0,6,-6
122000362,10,10,0
122000364,3,93,-90
122000365,1,0,1
122000366,1,2,-1
122000368,79,126,-47
122000370,2,7,-5
122000371,0,0,0
122000372,0,0,0
122000381,7,64,-57
122000382,10,53,-43
122000384,319,279,40
122000385,0,0,0
122000386,22,81,-59
122000387,74,110,-36
122000388,81,92,-11
122000389,28,142,-114
122000390,21,23,-2
122000391,2,6,-4
122000392,36,39,-3
122000393,9,128,-119
122000394,28,72,-44
122000395,53,47,6
122000396,42,25,17
122000397,7,26,-19
122000398,0,12,-12
122000399,21,25,-4
122000400,11,21,-10
122000401,11,21,-10
122000402,2,4,-2
122000403,101,370,-269
122000404,15,27,-12
122000408,75,176,-101
122000503,2,7,-5
122000524,14,12,2
122000544,4,106,-102
122000614,70,19,51
122000616,163,1,162
122000640,4,31,-27
122000641,5,132,-127
122000642,380,213,167
122000643,0,6,-6
122000644,41,7,34
122000645,21,44,-23
122000651,198,139,59
122000664,18,8,10
122000665,182,116,66
122000666,87,160,-73
122000673,13,100,-87
122000674,35,21,14
122000675,144,236,-92
122000686,28,195,-167
122000687,40,96,-56
122000688,22,123,-101
122000689,51,120,-69
122000690,53,173,-120
122000691,28,364,-336
122000692,39,64,-25
122000693,29,274,-245
122000695,23,105,-82
122000696,20,55,-35
122000698,16,244,-228
122000699,24,5,19
122000701,154,53,101
122000702,93,217,-124
122000703,0,2,-2
122000717,124,11,113
122000718,304,59,245
122000719,1,15,-14
122000720,14,30,-16
122000724,27,49,-22
122900001,0,0,0
122900002,64,70,-6
122900003,13,0,13
122900004,18,0,18
122900005,1,3,-2
122900006,101,7,94
122900007,0,2,-2
122900008,108,7,101
122900009,11,3,8
122900010,0,0,0
122900012,1,5,-4
122900014,11,67,-56
122900015,160,12,148
122900016,10,66,-56
122900017,44,100,-56
122900018,9,0,9
122900020,194,46,148
122900021,12,50,-38
122900022,23,293,-270
122900023,20,38,-18
122900024,6,18,-12
122900025,0,13,-13
122900026,18,36,-18
122900027,5,113,-108
122900028,25,14,11
122900029,419,22,397
122900030,376,43,333
122900031,4,14,-10
122900032,37,60,-23
122900033,11,13,-2
122900034,185,149,36
122900035,0,1,-1
122900036,1,1,0
122900037,25,11,14
122900038,2,240,-238
122900039,8,37,-29
122900040,1,5,-4
122900041,4,1,3
122900042,1,4,-3
122900043,13,5,8
122900044,1,5,-4
122900045,6,12,-6
122900046,11,3,8
122900047,3,10,-7
122900048,1,8,-7
122900049,346,7,339
122900051,9,21,-12
122900052,4,12,-8
122900053,5,2,3
122900055,5,9,-4
122900057,15,2,13
122900061,68,8,60
122900062,122,84,38
122900063,10,84,-74
122900064,319,68,251
122900065,31,47,-16
122900066,53,44,9
122900067,236,90,146
122900069,21,84,-63
122900070,4,3,1
122900071,9,114,-105
122900073,0,47,-47
122900074,21,90,-69
122900075,1,16,-15
122900076,0,34,-34
122900077,0,49,-49
122900078,4,31,-27
122900080,2,0,2
122900081,10,1,9
122900082,10,0,10
122900083,0,0,0
122900084,0,29,-29
122900086,0,0,0
122900087,9,183,-174
122900088,1,4,-3
122900089,3,26,-23
122900090,0,137,-137
122900091,0,0,0
122900092,0,26,-26
122900093,0,38,-38
122900094,0,20,-20
122900095,0,0,0
122900096,0,35,-35
122900097,0,0,0
122900098,1,2,-1
122900099,0,1,-1
122900100,14,1,13
122900101,7,5,2
122900102,0,3,-3
122900103,0,0,0
122900104,1,0,1
122900105,0,0,0
122900106,0,14,-14
122900107,1,47,-46
122900108,0,41,-41
122900109,24,50,-26
123000001,335,115,220
123000002,972,450,522
123000003,1052,616,436
123000004,899,1113,-214
123000005,337,478,-141
123000006,727,861,-134
123000007,484,365,119
123000008,539,1232,-693
123000009,864,811,53
123000010,1425,1486,-61
123000011,308,200,108
123000012,236,785,-549
123000013,428,155,273
123000014,409,1169,-760
123000015,490,132,358
123000016,1432,698,734
123000017,570,480,90
123000018,11,28,-17
123000019,22,72,-50
123000020,8,44,-36
123000021,7,60,-53
123000022,42,433,-391
123000023,249,311,-62
123000024,142,78,64
123000025,17,36,-19
123000026,4,30,-26
123000027,35,37,-2
123000028,416,20,396
123000029,742,41,701
123000030,13,206,-193
123000031,10,99,-89
123000032,22,43,-21
123000033,8,20,-12
123000034,180,203,-23
123000035,33,34,-1
123000036,34,52,-18
123000037,31,65,-34
123000038,19,42,-23
123000039,215,177,38
123000040,233,80,153
123000041,87,96,-9
123000042,105,82,23
123000043,198,306,-108
123000044,702,357,345
123000045,1418,332,1086
123000046,113,119,-6
123000047,498,156,342
123000048,2,20,-18
123000049,1286,635,651
123000050,112,152,-40
123000051,15,25,-10
123000052,106,293,-187
123000053,541,402,139
123000054,221,169,52
123000055,134,168,-34
123000056,238,420,-182
123000057,2530,930,1600
123000058,517,163,354
123000059,143,90,53
123000060,96,90,6
123000061,25,108,-83
123000063,113,129,-16
123000064,208,41,167
123000065,1438,558,880
123000066,209,136,73
123000067,94,152,-58
123000068,711,696,15
123000069,1732,708,1024
123000070,34,118,-84
123000071,74,222,-148
123000072,228,282,-54
123000073,116,182,-66
123000074,176,526,-350
123000075,29,98,-69
123000076,151,205,-54
123000077,531,830,-299
123000078,185,373,-188
123000079,114,435,-321
123000080,427,669,-242
123000081,46,99,-53
123000082,76,191,-115
123000083,60,17,43
123000084,73,206,-133
123000085,37,14,23
123000086,12,39,-27
123000087,22,110,-88
123000088,259,430,-171
123000089,74,173,-99
123000090,258,363,-105
123000091,306,329,-23
123000092,320,290,30
123000094,53,35,18
123000095,18,106,-88
123000096,46,87,-41
123000097,41,289,-248
123000098,84,147,-63
123000099,150,220,-70
123000100,125,116,9
123000101,136,66,70
123000102,80,110,-30
123000104,121,88,33
123000105,162,127,35
123000106,89,70,19
123000107,56,127,-71
123000108,275,243,32
123000111,87,44,43
123000112,153,91,62
123000113,45,238,-193
123000114,161,140,21
123000115,19,58,-39
123000116,4,26,-22
123000117,148,467,-319
123000118,52,190,-138
123000119,77,197,-120
123000120,72,189,-117
123000121,105,187,-82
123000122,129,94,35
123000123,167,131,36
123000124,122,127,-5
123000125,63,38,25
123000126,330,375,-45
123000127,503,314,189
123000128,42,128,-86
123000129,11,4,7
123000130,15,1,14
123000131,75,85,-10
123000132,63,143,-80
123000133,59,101,-42
123000134,87,42,45
123000135,115,132,-17
123000136,27,353,-326
123000137,30,101,-71
123000138,8,105,-97
123000139,3,4,-1
123000140,26,124,-98
123000141,18,2,16
123000142,193,188,5
123000143,336,573,-237
123000144,2,0,2
123000145,32,28,4
123000146,1,22,-21
123000147,8,20,-12
123000149,36,34,2
123000150,27,32,-5
123000151,56,86,-30
123000152,7,91,-84
123000153,16,58,-42
123000154,395,171,224
123000155,392,141,251
123000156,7,11,-4
123000157,85,203,-118
123000158,51,62,-11
123000159,337,226,111
123000160,161,95,66
123000161,142,64,78
123000162,61,184,-123
123000163,17,36,-19
123000164,88,13,75
123000165,52,467,-415
123000166,6,43,-37
123000167,9,85,-76
123000168,26,97,-71
123000169,15,6,9
123000170,0,75,-75
123000171,2,15,-13
123000172,33,149,-116
123000173,17,9,8
123000174,18,4,14
123000175,172,276,-104
123000176,38,8,30
123000177,54,294,-240
123000178,90,4,86
123000179,6,187,-181
123000180,252,71,181
123000181,72,325,-253
123000182,6,84,-78
123000183,17,28,-11
123000185,56,66,-10
123000186,2,186,-184
123000187,13,1,12
123000188,5,0,5
123000189,19,71,-52
123000190,3,70,-67
123000192,2,139,-137
123000193,7,148,-141
123000194,72,81,-9
123000195,12,0,12
123000196,50,3,47
123000197,27,8,19
123000198,4,60,-56
123000199,2,128,-126
123000200,8,0,8
123000201,67,11,56
123000202,3,326,-323
123000203,94,8,86
123000204,11,430,-419
123000205,34,492,-458
123000206,173,12,161
123000207,39,301,-262
123000208,62,18,44
123000209,138,31,107
123000210,46,372,-326
123000211,124,552,-428
123000212,173,41,132
123000213,66,6,60
123000215,42,22,20
123000216,36,37,-1
123000217,6,1,5
123000218,28,57,-29
123000219,65,20,45
123000220,20,2,18
123000221,18,15,3
123000222,32,81,-49
123000223,12,60,-48
123000224,48,131,-83
123000225,10,11,-1
123000226,7,89,-82
123000227,9,66,-57
123000228,4,6,-2
123000229,244,587,-343
123000232,9,169,-160
123000233,29,3,26
123000234,19,178,-159
123000235,24,22,2
123000236,22,206,-184
123000237,34,3,31
123000238,9,180,-171
123000239,82,500,-418
123000240,4,59,-55
123000241,90,10,80
123000242,10,27,-17
123000243,131,284,-153
123000244,269,146,123
123000245,3,62,-59
123000249,186,181,5
123000252,80,13,67
123000253,27,39,-12
123000254,50,209,-159
123000255,114,88,26
123000256,7,66,-59
123000257,437,347,90
123000258,281,501,-220
123000259,41,94,-53
123000260,91,140,-49
123000261,5,27,-22
123000262,31,63,-32
123000263,54,7,47
123000264,37,3,34
123000265,3,41,-38
123000266,48,141,-93
123000267,38,36,2
123000268,4,20,-16
123000269,3,9,-6
123000270,7,1,6
123000271,23,27,-4
123000272,123,33,90
123000273,15,110,-95
123000274,77,33,44
123000275,39,293,-254
123000278,568,417,151
123000279,22,14,8
123000280,61,102,-41
123000281,57,21,36
123000282,9,38,-29
123000283,23,11,12
123000284,3,41,-38
123000286,46,28,18
123000287,115,44,71
123000288,29,53,-24
123000289,43,76,-33
123000291,51,263,-212
123000294,56,194,-138
123000295,100,349,-249
123000296,48,74,-26
123000297,60,208,-148
123000298,26,105,-79
123000299,16,105,-89
123000300,92,131,-39
123000301,7,31,-24
123000302,12,54,-42
123000303,7,15,-8
123000305,345,251,94
123000306,4,110,-106
123000309,2,19,-17
123000310,2,4,-2
123000311,15,62,-47
123000312,167,207,-40
123000313,38,60,-22
123000315,6,107,-101
123000316,225,84,141
123000317,23,4,19
123000318,8,77,-69
123000329,21,8,13
123000337,11,74,-63
123000338,50,8,42
123000339,5,152,-147
123000340,18,78,-60
123000342,1,66,-65
123000343,0,0,0
123000344,80,90,-10
123000345,65,103,-38
123000346,13,4,9
123000352,342,181,161
123000353,4,20,-16
123000354,68,3,65
123000355,0,117,-117
123000356,18,1,17
123000357,0,68,-68
123000359,0,68,-68
123000360,0,0,0
123000361,117,60,57
123000362,2,25,-23
123000363,9,43,-34
123000364,117,61,56
123000365,5,48,-43
123000366,36,158,-122
123000367,320,392,-72
123000370,4,64,-60
123000371,3,0,3
123000372,35,0,35
123000373,2,80,-78
123000374,0,72,-72
123000375,9,7,2
123000376,66,95,-29
123000377,6,5,1
123000378,0,79,-79
123000379,0,43,-43
123000380,2,30,-28
123000381,13,1,12
123000382,126,9,117
123000383,44,115,-71
123000384,22,5,17
123000385,34,181,-147
123000436,7,109,-102
123000507,32,43,-11
123000508,11,82,-71
123000517,32,5,27
123000518,12,46,-34
123000519,65,28,37
123000520,16,57,-41
123000521,34,18,16
123000522,35,127,-92
123000541,0,0,0
123000542,0,9,-9
123000565,57,5,52
123000566,18,196,-178
123000567,28,89,-61
123000573,18,218,-200
123000574,15,6,9
123000575,149,308,-159
123000576,27,382,-355
123000577,52,117,-65
123000578,66,12,54
123000579,660,496,164
123000580,50,1,49
123000582,6,1,5
123000583,4,94,-90
123000584,17,47,-30
123000585,1,27,-26
123000586,0,0,0
123000596,36,39,-3
123000597,13,11,2
123000602,0,0,0
123000603,29,169,-140
123000604,44,350,-306
123000605,98,2,96
123000606,0,128,-128
123000609,3,118,-115
123000610,10,15,-5
123000613,36,45,-9
123000614,6,2,4
123000615,22,95,-73
123000616,11,3,8
123000617,11,96,-85
123000618,6,106,-100
123000619,16,0,16
123000620,5,113,-108
123000622,29,3,26
123000624,11,3,8
123000630,76,58,18
123000631,33,608,-575
123000632,378,398,-20
123000633,0,40,-40
123000634,2,1,1
123000635,66,12,54
123000636,3,103,-100
123000637,11,2,9
123000638,43,15,28
123000639,88,206,-118
123000640,0,304,-304
123000648,32,27,5
123000649,63,420,-357
123000650,12,25,-13
123000651,8,36,-28
123000652,13,4,9
123000653,4,82,-78
123000654,35,72,-37
123900001,414,6,408
123900002,9,291,-282
123900003,46,66,-20
123900005,9,6,3
123900006,10,1,9
124000001,200,2,198
124000002,10,171,-161
124000003,30,7,23
124000004,11,148,-137
124000005,43,15,28
124000006,59,451,-392
124000007,38,6,32
124000008,4,103,-99
124000009,42,14,28
124000010,31,187,-156
124000011,17,15,2
124000012,50,291,-241
124000017,0,0,0
124000018,18,13,5
124000019,0,0,0
124000020,5,72,-67
124000021,0,0,0
124000022,22,68,-46
124000023,260,34,226
124000024,230,180,50
124000025,257,31,226
124000026,289,168,121
124000027,538,65,473
124000028,527,293,234
124000031,109,74,35
124000032,961,273,688
124000033,138,34,104
124000034,215,284,-69
124000035,47,9,38
124000036,28,195,-167
124000037,24,26,-2
124000038,2,40,-38
124000039,137,31,106
124000040,59,57,2
124000041,32,10,22
124000042,8,69,-61
124000043,9,11,-2
124000044,4,80,-76
124000045,50,62,-12
124000046,17,216,-199
124000047,77,114,-37
124000048,64,445,-381
124000049,103,78,25
124000050,89,686,-597
124000051,54,65,-11
124000052,93,394,-301
124000053,40,100,-60
124000054,103,220,-117
124000055,243,107,136
124000056,778,519,259
124000057,137,78,59
124000058,119,553,-434
124000059,78,84,-6
124000060,133,266,-133
124000061,145,496,-351
124000062,2394,530,1864
124000063,478,391,87
124000064,750,515,235
124000065,44,50,-6
124000066,39,6,33
124000067,10,23,-13
124000068,11,22,-11
124000069,39,25,14
124000070,35,163,-128
124000071,9,3,6
124000072,28,116,-88
124000073,67,22,45
124000074,50,234,-184
124000075,0,0,0
124000076,1,44,-43
124000077,160,78,82
124000078,386,30,356
124000079,75,116,-41
124000080,5,10,-5
124000081,9,206,-197
124000082,0,24,-24
124000083,5,43,-38
124000084,4,17,-13
124000085,12,11,1
124000086,3,16,-13
124000087,11,6,5
124000088,7,23,-16
124000089,35,57,-22
124000090,7,122,-115
124000091,32,16,16
124000092,8,286,-278
124000093,16,16,0
124000094,10,65,-55
124000095,11,9,2
124000096,21,111,-90
124000097,25,24,1
124000098,22,59,-37
124000099,4,13,-9
124000100,20,17,3
124000101,18,55,-37
124000102,29,28,1
124000103,12,46,-34
124000104,20,36,-16
124000105,3,20,-17
124000106,35,41,-6
124000107,3,16,-13
124000108,15,14,1
124000109,14,9,5
124000110,34,31,3
124000111,47,35,12
124000112,108,219,-111
124000113,28,20,8
124000114,32,202,-170
124000115,93,263,-170
124000116,22,28,-6
124000117,26,18,8
124000118,6,19,-13
124000119,77,72,5
124000120,17,95,-78
124000121,449,108,341
124000122,136,232,-96
124000123,82,82,0
124000124,67,191,-124
124000125,45,65,-20
124000126,52,149,-97
124000127,147,77,70
124000128,106,296,-190
124000129,303,334,-31
124000130,233,181,52
124000131,185,124,61
124000132,274,315,-41
124000133,123,104,19
124000134,99,181,-82
124000135,202,172,30
124000136,159,242,-83
124000137,92,73,19
124000138,262,238,24
124000139,107,11,96
124000140,18,110,-92
124000141,55,6,49
124000142,5,117,-112
124000143,16,5,11
124000144,3,41,-38
124000145,7,13,-6
124000146,1,27,-26
124000148,5,0,5
124000149,81,59,22
124000150,29,142,-113
124000151,60,35,25
124000152,102,246,-144
124000153,60,44,16
124000154,48,241,-193
124000155,111,83,28
124000156,242,225,17
124000169,6,41,-35
124000170,104,75,29
124000171,2,22,-20
124000172,50,146,-96
124000173,12,103,-91
124000174,45,132,-87
124000175,2,41,-39
124000176,0,0,0
124000177,6,14,-8
124000178,0,0,0
124000185,1,0,1
124000186,0,3,-3
124000187,0,24,-24
124000188,1,0,1
124000190,24,8,16
124000191,41,10,31
124000192,16,8,8
124000193,123,288,-165
124000194,98,204,-106
124000195,35,76,-41
124000196,161,397,-236
124000197,42,15,27
124000198,7,10,-3
124000201,53,238,-185
124000202,7,8,-1
124000203,37,263,-226
124000204,6,118,-112
124000205,24,124,-100
124000206,16,84,-68
124000207,0,24,-24
124000209,22,71,-49
124000210,10,51,-41
124000211,9,0,9
124000212,3,107,-104
124000213,11,126,-115
124000214,3,111,-108
124000215,1,0,1
124000216,2,199,-197
124000329,6,557,-551
124000338,7,260,-253
124000339,25,11,14
124000341,45,3,42
124000344,4,0,4
124000357,245,306,-61
124000358,342,370,-28
124000359,89,68,21
124000360,41,54,-13
124000361,107,57,50
124000362,274,460,-186
124000363,55,178,-123
124000364,103,424,-321
124000365,231,544,-313
124000366,804,598,206
124000367,37,133,-96
124000368,21,18,3
124000369,7,7,0
124000370,12,122,-110
124000402,5,1,4
124000403,4,2,2
124000404,3,45,-42
124000405,122,115,7
124000406,134,273,-139
124000407,3,10,-7
124000411,1,46,-45
124000412,26,2,24
124000413,24,10,14
124000414,9,33,-24
124000415,1,59,-58
124000416,19,74,-55
124000417,27,30,-3
124000418,18,26,-8
124000419,7,36,-29
124000420,3,14,-11
124000421,8,69,-61
124000422,3,5,-2
124000423,4,6,-2
124000424,1,32,-31
124000425,11,2,9
124000426,2,31,-29
124000427,9,4,5
124000428,5,1,4
124000429,1,19,-18
124000430,81,126,-45
124000431,19,144,-125
124000432,18,194,-176
124000439,1,1,0
124000443,0,27,-27
124000445,189,29,160
124000446,470,7,463
124000447,4,7,-3
124000448,0,7,-7
124000449,9,3,6
124000450,2,87,-85
124000451,1,60,-59
124000452,354,24,330
124000453,476,328,148
124000454,730,1039,-309
124000455,4,197,-193
124000456,20,0,20
124000457,2,100,-98
124000458,2,87,-85
124000459,3,0,3
124000460,0,58,-58
124900001,30,32,-2
124900002,13,125,-112
124900003,44,135,-91
124900004,29,70,-41
124900005,13,30,-17
124900006,32,56,-24
124900008,168,79,89
124900009,11,7,4
124900010,1,2,-1
124900011,9,25,-16
124900012,15,18,-3
124900013,40,22,18
124900014,13,9,4
124900015,4,13,-9
124900016,2,3,-1
124900017,32,30,2
124900018,4,0,4
124900020,2,1,1
124900021,2,0,2
124900022,9,1,8
124900024,5,0,5
124900026,1,3,-2
124900027,5,12,-7
124900028,70,12,58
124900029,0,48,-48
124900030,0,23,-23
124900031,5,71,-66
124900032,36,23,13
124900033,14,50,-36
124900034,0,23,-23
124900035,15,50,-35
124900036,0,9,-9
124900037,10,88,-78
124900038,59,88,-29
124900039,0,3,-3
124900040,5,22,-17
124900041,55,354,-299
124900042,7,0,7
124900043,40,259,-219
124900044,2,0,2
124900045,44,97,-53
124900047,14,21,-7
124900048,32,16,16
124900050,12,49,-37
124900052,19,73,-54
124900053,8,72,-64
124900054,625,81,544
124900055,0,13,-13
124900057,1,108,-107
124900060,14,49,-35
124900061,1,0,1
124900062,5,0,5
124900066,1,1,0
124900067,2,46,-44
124900068,30,27,3
124900070,0,0,0
124900072,6,2,4
124900075,3,66,-63
124900076,1,42,-41
124900077,7,13,-6
124900078,9,1,8
124900079,96,6,90
124900080,26,210,-184
124900081,55,47,8
124900082,49,333,-284
124900083,31,150,-119
124900085,289,35,254
124900086,1,36,-35
124900087,66,11,55
124900088,67,16,51
124900089,257,4,253
124900090,2,12,-10
124900091,20,96,-76
124900092,28,99,-71
124900093,7,4,3
124900094,9,15,-6
124900095,15,15,0
124900096,16,13,3
124900097,12,6,6
124900098,14,48,-34
124900099,31,28,3
124900100,4,2,2
124900101,3,2,1
124900102,10,0,10
124900103,6,84,-78
124900104,3,66,-63
124900105,9,58,-49
124900106,2,4,-2
124900107,4,0,4
124900108,31,4,27
124900111,0,19,-19
124900112,10,129,-119
124900113,1,21,-20
124900114,0,4,-4
124900115,0,0,0
124900116,5,1,4
124900117,131,8,123
124900118,12,1,11
124900119,15,17,-2
124900120,19,85,-66
124900121,15,10,5
124900122,106,33,73
124900123,49,9,40
124900124,15,36,-21
124900125,15,0,15
124900126,4,104,-100
204000001,1,1,0
204000002,0,4,-4
204000003,2,0,2
204000004,0,0,0
204000005,89,56,33
204000006,152,100,52
204000011,5,17,-12
204000012,6,77,-71
204000019,156,187,-31
204000020,91,162,-71
204000021,350,195,155
204000022,125,194,-69
204000023,104,410,-306
204000031,7,1,6
204000032,107,5,102
204000034,22,155,-133
204000035,0,0,0
204000036,7,9,-2
204000037,0,13,-13
204000038,4,15,-11
204000039,1,6,-5
204000040,2,6,-4
204000041,3,7,-4
204000042,0,1,-1
204000043,0,3,-3
204000044,0,1,-1
204000045,0,0,0
204000046,0,1,-1
204000057,2,7,-5
204000062,12,69,-57
204000068,15,121,-106
204000069,5,71,-66
204000070,8,3,5
204000080,18,42,-24
204000085,214,395,-181
204000086,808,554,254
204000087,34,33,1
204000088,9,43,-34
204000090,15,166,-151
204000093,16,4,12
204000096,72,77,-5
204000097,6,2,4
204000099,247,165,82
204000100,82,111,-29
204000105,501,389,112
204000110,233,478,-245
204000111,171,332,-161
204000112,168,244,-76
204000113,138,257,-119
204000114,82,73,9
204000115,51,103,-52
204000116,89,102,-13
204000119,201,154,47
204000132,97,39,58
204000133,117,38,79
204000134,29,32,-3
204000135,66,11,55
204000136,34,29,5
204000138,92,66,26
204000140,37,24,13
204000141,48,10,38
204000144,0,2,-2
204000145,22,3,19
204000146,6,118,-112
204000147,10,39,-29
204000148,44,0,44
204000154,0,1,-1
204000155,0,3,-3
204000177,4,12,-8
204000179,2,0,2
204000180,0,23,-23
204000222,1,6,-5
204000235,5,6,-1
204000236,8,76,-68
204000238,8,1,7
204000240,27,14,13
204000263,193,502,-309
204000268,105,46,59
204000308,4,1,3
204000317,3,18,-15
204000322,0,3,-3
204000323,0,0,0
204000328,10,3,7
204000329,28,44,-16
204000330,16,12,4
204000331,53,74,-21
205000001,242,356,-114
205000013,1,27,-26
205000014,4,63,-59
205000015,12,96,-84
205000016,5,56,-51
205000017,20,20,0
205000022,79,197,-118
205000025,678,333,345
205000029,47,7,40
205000045,5,70,-65
205000046,33,214,-181
205000047,14,180,-166
205000048,36,278,-242
205000049,22,260,-238
205000050,461,104,357
205000059,0,99,-99
205000060,0,29,-29
205000061,0,18,-18
205000062,1,15,-14
205000063,3,13,-10
205000064,5,45,-40
205000065,17,164,-147
205000066,16,311,-295
205000067,4,486,-482
205000069,190,28,162
205000082,7,1,6
205000110,13,64,-51
205000111,36,84,-48
205000112,2,5,-3
205000113,54,70,-16
205000121,1,0,1
205000123,33,98,-65
205000126,0,0,0
205000127,0,0,0
205000128,0,0,0
205000129,0,0,0
205000130,0,0,0
205000131,0,0,0
205000132,0,0,0
205000133,0,0,0
205000134,0,0,0
205000137,25,60,-35
205000138,71,107,-36
205000139,23,34,-11
205000144,10,2,8
205000145,12,1,11
205000151,0,0,0
205000152,0,0,0
205000153,0,0,0
205000154,0,0,0
205000155,0,0,0
205000207,53,69,-16
205000233,3,3,0
205000234,0,0,0
205000243,0,0,0
205000244,0,0,0
205000245,21,115,-94
205000249,0,20,-20
205000250,0,0,0
205000264,1,36,-35
206000027,0,0,0
206000028,0,0,0
206000043,9,73,-64
206000053,22,14,8
206000054,15,8,7
206000055,2,15,-13
206000075,1,2,-1
206000076,8,5,3
206000077,7,2,5
206000078,2,4,-2
206000079,7,4,3
206000082,76,13,63
206000100,15,148,-133
206000103,7,15,-8
206000104,7,20,-13
206000105,6,14,-8
206000106,13,17,-4
206000125,2,0,2
206000157,142,240,-98
206000170,0,78,-78
206000171,1,113,-112
206000172,0,322,-322
206000173,2,144,-142
206000174,2,92,-90
206000175,4,133,-129
206000176,5,191,-186
206000177,1,92,-91
206000178,2,65,-63
206000179,3,58,-55
206000180,23,82,-59
206000181,3,74,-71
206000182,20,117,-97
206000183,21,200,-179
206000184,3,128,-125
206000185,7,129,-122
206000186,59,527,-468
206000223,4,116,-112
206000226,0,0,0
206000227,0,0,0
206000237,21,160,-139
206000238,17,268,-251
206000239,228,631,-403
206000240,2,40,-38
206000241,1,66,-65
206000242,12,248,-236
206000243,12,209,-197
206000244,29,367,-338
206000245,104,10,94
206000246,15,1,14
206000247,21,5,16
206000248,23,3,20
206000252,37,12,25
206000258,13,14,-1
206000315,12,3,9
206000317,65,9,56
206000318,21,12,9
206000319,79,18,61
206000320,14,5,9
206000321,10,5,5
206000322,46,5,41
206000323,24,3,21
206000324,19,2,17
206000325,15,8,7
206000326,13,3,10
206000327,46,3,43
206000328,20,0,20
206000329,21,0,21
206000330,8,1,7
206000331,9,1,8
206000332,8,1,7
206000333,34,1,33
206000334,14,0,14
206000335,0,15,-15
206000361,3,135,-132
206000392,2,40,-38
206000405,32,0,32
206000441,0,0,0
206000498,4,5,-1
206000515,83,20,63
206000530,12,10,2
206000531,8,10,-2
206000532,118,7,111
206000535,60,390,-330
206000536,5,82,-77
206000537,6,48,-42
206000613,104,17,87
206000784,304,11,293
207000001,40,156,-116
207000002,20,132,-112
207000003,34,131,-97
207000007,51,27,24
207000008,3,5,-2
207000009,11,9,2
207000010,153,306,-153
207000012,6,7,-1
207000015,127,535,-408
207000019,47,11,36
207000021,86,32,54
207000022,28,12,16
207000023,19,11,8
207000024,0,6,-6
207000025,0,10,-10
207000026,28,36,-8
207000027,4,16,-12
207000028,17,94,-77
207000029,67,136,-69
207000033,98,51,47
207000034,54,14,40
207000039,6,9,-3
207000040,1,0,1
207000041,0,0,0
207000042,0,0,0
207000043,1,0,1
207000051,14,111,-97
207000052,2,94,-92
207000053,81,233,-152
207000054,5,57,-52
207000055,21,78,-57
207000056,60,155,-95
207000057,48,110,-62
207000058,21,220,-199
207000059,16,316,-300
207000060,15,125,-110
207000061,12,23,-11
207000062,57,16,41
207000063,31,82,-51
207000064,61,64,-3
207000065,50,56,-6
207000066,23,64,-41
207000067,9,35,-26
207000068,20,31,-11
207000069,176,113,63
207000082,12,107,-95
207000083,29,160,-131
207000084,10,10,0
207000085,19,1,18
207000086,12,1,11
207000106,0,0,0
207000107,0,0,0
207000108,0,0,0
207000109,0,0,0
207000110,0,0,0
207000111,0,0,0
207000112,0,0,0
207000114,10,6,4
207000115,4,51,-47
207000116,3,62,-59
207000117,2,55,-53
207000118,1,28,-27
207000119,4,39,-35
207000123,0,0,0
207000124,0,0,0
207000125,0,0,0
207000126,0,0,0
207000134,8,94,-86
207000135,5,102,-97
207000148,0,0,0
207000149,23,17,6
207000152,45,192,-147
207000153,261,295,-34
207000154,89,58,31
207000159,19,149,-130
207000160,21,267,-246
207000238,0,52,-52
207000242,1,43,-42
207000248,14,6,8
207000249,18,29,-11
207000250,142,17,125
207000251,27,19,8
207000252,9,26,-17
207000278,5,2,3
207000279,4,91,-87
207000280,28,19,9
207000281,23,308,-285
207000282,1,1,0
207000283,15,40,-25
207000284,9,8,1
207000285,24,5,19
207000291,2,39,-37
207000304,20,26,-6
207000306,21,144,-123
207000310,0,0,0
207000353,0,0,0
207000356,2,12,-10
207000357,0,0,0
207000358,1,1,0
207000415,3,33,-30
207000417,0,0,0
207000418,32,42,-10
207000438,0,2,-2
207000439,293,101,192
207000446,0,0,0
207000460,3,6,-3
207000466,63,73,-10
207000467,1,1,0
207000468,10,228,-218
207000476,9,26,-17
207000477,40,16,24
207000478,0,1,-1
207000523,0,6,-6
207000524,0,0,0
207000527,29,27,2
207000530,0,0,0
207000531,0,0,0
207000532,0,0,0
207000534,0,0,0
207000535,16,62,-46
207000537,9,23,-14
207000540,3,45,-42
207000541,3,98,-95
207000548,6,76,-70
207000549,0,0,0
207000561,0,0,0
207000562,8,87,-79
207000567,45,84,-39
207000568,14,29,-15
207000569,33,332,-299
207000584,33,36,-3
207000585,0,0,0
207000587,0,0,0
207000616,0,44,-44
207000617,4,0,4
207000624,0,0,0
207000631,0,0,0
207900008,31,119,-88
208000001,61,86,-25
208000002,59,110,-51
208000003,117,102,15
208000004,122,115,7
208000005,1,3,-2
208000019,21,71,-50
208000020,5,33,-28
208000021,16,125,-109
208000022,121,227,-106
208000028,238,93,145
208000033,73,158,-85
208000034,259,258,1
208000037,0,0,0
208000040,3,14,-11
208000041,40,40,0
208000042,43,56,-13
208000047,33,102,-69
208000064,240,130,110
208000066,105,77,28
208000070,16,85,-69
208000071,39,128,-89
208000072,27,167,-140
208000080,58,49,9
208000081,25,33,-8
208000082,28,78,-50
208000083,21,88,-67
208000084,3,1,2
208000085,250,137,113
208000086,146,258,-112
208000087,66,204,-138
208000089,112,173,-61
208000090,74,316,-242
208000093,4,18,-14
208000094,79,87,-8
208000095,205,112,93
208000104,84,117,-33
208000105,45,124,-79
208000114,0,0,0
208000115,30,77,-47
208000116,17,122,-105
208000117,4,23,-19
208000118,19,14,5
208000155,117,232,-115
208000158,598,423,175
208000186,166,120,46
208000204,100,198,-98
208000205,157,339,-182
208000282,610,208,402
209000004,11,39,-28
209000005,5,7,-2
209000006,73,49,24
209000007,28,55,-27
209000010,99,46,53
209000011,44,73,-29
209000012,57,116,-59
209000013,36,211,-175
209000014,173,546,-373
209000025,46,26,20
209000026,101,19,82
209000027,68,286,-218
209000028,95,343,-248
209000029,140,377,-237
209000030,112,540,-428
209000031,1253,845,408
209000034,53,84,-31
209000035,37,83,-46
209000036,37,60,-23
209000037,27,87,-60
209000038,20,87,-67
209000039,19,77,-58
209000040,66,169,-103
209000041,58,180,-122
209000042,49,153,-104
209000043,134,162,-28
209000044,123,156,-33
209000045,63,49,14
209000046,17,86,-69
209000047,12,37,-25
209000048,15,36,-21
209000049,35,72,-37
209000050,51,136,-85
209000051,39,118,-79
209000052,38,134,-96
209000062,8,57,-49
209000063,4,60,-56
209000064,6,45,-39
209000065,14,12,2
209000066,5,14,-9
209000067,10,33,-23
209000080,4,77,-73
209000082,9,28,-19
209000091,10,19,-9
209000093,24,6,18
209000094,52,16,36
209000110,16,18,-2
209000111,81,161,-80
209000112,68,73,-5
209000113,94,73,21
209000114,40,34,6
209000115,26,78,-52
209000116,396,156,240
209000118,11,5,6
209000119,3,2,1
209000121,46,303,-257
209000135,43,36,7
209000142,253,134,119
209000143,10,19,-9
209000144,5,11,-6
209000229,14,44,-30
209000240,6,127,-121
209000259,24,68,-44
209000260,16,245,-229
209000261,1,172,-171
209000262,0,149,-149
209000263,0,29,-29
209000264,0,10,-10
209000265,0,0,0
209000266,0,0,0
209000267,0,0,0
209000268,0,0,0
210000037,4,0,4
210000047,1,1,0
210000048,0,1,-1
210000049,1,2,-1
210000052,6,63,-57
210000053,1,45,-44
210000054,24,32,-8
210000070,0,0,0
210000071,0,0,0
210000072,0,0,0
210000073,0,9,-9
210000074,0,33,-33
210000075,0,16,-16
210000076,0,41,-41
210000077,12,20,-8
210000078,4,16,-12
210000079,2,0,2
210000080,5,5,0
210000081,2,0,2
210000082,1,1,0
210000083,19,0,19
210000084,2,0,2
210000085,0,22,-22
210000086,1,33,-32
210000099,6,77,-71
210000100,14,99,-85
210000101,15,111,-96
210000105,14,52,-38
210000159,0,43,-43
210000163,83,90,-7
210000164,35,3,32
210000168,22,3,19
210000187,0,3,-3
210000188,0,9,-9
210000214,0,0,0
210000219,0,11,-11
210000220,4,10,-6
210000232,1,5,-4
210000233,1,19,-18
210000234,8,27,-19
210000235,3,64,-61
210000245,0,11,-11
210000246,7,7,0
210000258,0,57,-57
210000259,15,4,11
210000282,12,62,-50
210000285,0,44,-44
210000286,2,82,-80
210000290,0,0,0
210000295,5,45,-40
210000296,15,16,-1
210000320,18,9,9
210000321,2,6,-4
210000338,19,63,-44
210000339,144,126,18
210000340,52,77,-25
210000341,61,95,-34
210000342,27,58,-31
210000343,67,66,1
210000344,44,33,11
210000345,57,32,25
210000346,17,23,-6
210000347,5,8,-3
210000348,15,6,9
210000349,8,10,-2
210000350,8,33,-25
210000351,17,40,-23
210000352,13,17,-4
210000353,5,29,-24
210000354,7,32,-25
210000355,8,25,-17
210000356,1,15,-14
210000357,13,4,9
210000358,97,15,82
210000359,14,6,8
210000360,29,9,20
210000361,8,20,-12
210000362,18,20,-2
210000363,52,11,41
210000364,8,4,4
210000365,5,3,2
210000366,22,2,20
210000367,0,0,0
210000368,4,5,-1
210000369,0,6,-6
210000370,14,6,8
210000372,9,9,0
210000373,11,3,8
210000374,4,2,2
210000375,8,34,-26
210000376,10,27,-17
210000404,33,67,-34
210000439,0,1,-1
210000472,8,0,8
210000482,4,7,-3
210000564,35,7,28
210000567,6,1,5
210000568,40,0,40
211000092,0,18,-18
211000094,1,1,0
211000169,47,1,46
211000172,3,27,-24
211000209,0,2,-2
211000226,3,2,1
211000270,2,8,-6
211000275,7,12,-5
211000276,5,2,3
211000279,0,12,-12
211000281,0,13,-13
211000302,1,24,-23
211507980,0,1,-1
211977296,1,1,0
212000003,9,12,-3
212000004,8,14,-6
212000005,5,7,-2
212000006,6,31,-25
212000008,31,91,-60
212000009,8,57,-49
212000012,19,47,-28
212000013,6,32,-26
212000014,67,65,2
212000015,39,120,-81
212000016,120,284,-164
212000027,72,73,-1
212000028,31,36,-5
212000029,21,28,-7
212000030,4,8,-4
212000031,7,11,-4
212000048,1,34,-33
212000049,2,15,-13
212000050,6,6,0
212000051,65,92,-27
212000052,55,142,-87
212000053,95,250,-155
212000054,17,21,-4
212000055,20,47,-27
212000056,1,1,0
212000057,0,4,-4
212000058,13,1,12
212000070,33,130,-97
212000077,52,211,-159
212000099,20,40,-20
212000108,33,28,5
212000111,36,23,13
212000120,37,45,-8
212000138,8,13,-5
212000156,2,37,-35
212000158,0,3,-3
212000159,22,9,13
212000160,46,41,5
212000161,1,1,0
212000310,7,7,0
212000311,0,2,-2
212000374,1,4,-3
213000001,5,202,-197
213000005,23,8,15
213000006,100,7,93
213000007,4,1,3
213000009,25,9,16
213000010,33,3,30
213000011,18,5,13
213000012,35,100,-65
213000014,0,0,0
213000015,3,0,3
213000016,4,0,4
213000017,0,0,0
213000018,0,30,-30
213000019,0,39,-39
213000020,21,50,-29
213000021,0,24,-24
213000023,0,0,0
213000033,42,117,-75
213000034,12,23,-11
213000035,6,13,-7
213000045,12,100,-88
213000046,35,59,-24
213000047,115,125,-10
213000056,9,0,9
213000069,1,0,1
213000073,0,5,-5
213000074,46,157,-111
213000075,9,0,9
213000076,0,0,0
213000085,1,14,-13
213000086,5,61,-56
213000091,0,0,0
213000092,0,0,0
213000099,43,249,-206
213000100,61,5,56
213000101,4,44,-40
213000102,2,109,-107
213000103,49,180,-131
213000104,20,113,-93
213000105,1,15,-14
213000106,8,83,-75
213000107,14,187,-173
213000108,6,119,-113
213000109,0,69,-69
213000110,1,10,-9
213000111,0,11,-11
213000112,12,30,-18
213000115,0,0,0
213000116,18,123,-105
213000117,0,213,-213
213000118,34,73,-39
213000119,18,243,-225
213000120,19,214,-195
213000122,41,217,-176
213000123,169,241,-72
213000124,11,339,-328
213000125,0,0,0
213000126,2,21,-19
213000127,16,37,-21
213000128,104,88,16
213000129,0,0,0
213000130,4,3,1
213000132,3,0,3
213000133,3,0,3
213000134,10,0,10
213000136,33,3,30
213000137,52,9,43
213000139,55,1,54
213000147,0,0,0
213000148,4,0,4
213000149,2,0,2
213000150,0,25,-25
213000151,0,30,-30
213000152,1,14,-13
213000153,0,5,-5
213000154,6,65,-59
213000155,5,79,-74
213000156,22,132,-110
213000157,128,164,-36
213000158,35,116,-81
213000159,28,53,-25
213000163,25,3,22
213000165,18,2,16
213000171,3,47,-44
213000172,6,58,-52
213000173,1,33,-32
213000174,0,4,-4
213000175,1,10,-9
213000176,0,35,-35
213000177,0,3,-3
213000178,3,1,2
213000179,15,14,1
213000180,10,12,-2
213000184,11,62,-51
213000188,18,4,14
213000189,9,3,6
213000190,75,157,-82
213000191,10,163,-153
213000192,12,197,-185
213000193,421,48,373
213000194,0,3,-3
213000195,4,131,-127
213000196,25,239,-214
213000197,21,22,-1
213000198,1,0,1
213000200,26,266,-240
213000201,8,17,-9
213000202,2,238,-236
213000203,247,24,223
213000204,33,4,29
213000205,11,5,6
213000206,24,4,20
213000207,1,0,1
213000208,1,0,1
213000209,2,0,2
213000210,1,1,0
213000211,0,2,-2
213000212,1,16,-15
213000213,0,7,-7
213000218,30,169,-139
213000219,0,0,0
213000220,0,0,0
213000223,20,7,13
213000224,2,1,1
213000225,3,2,1
213000226,2,0,2
213000227,46,17,29
213000228,9,3,6
213000229,14,2,12
213000230,17,0,17
213000232,14,140,-126
213000233,0,7,-7
213000234,1,12,-11
213000293,1,15,-14
213000294,7,1,6
213000295,0,18,-18
213000296,1,0,1
213000297,5,17,-12
213000298,2,17,-15
213000299,4,4,0
213000300,0,0,0
213000303,0,8,-8
213000304,3,4,-1
213000305,5,0,5
213000306,4,6,-2
213000307,9,7,2
213000308,22,73,-51
213000309,10,5,5
213000310,16,1,15
213000311,28,138,-110
213000315,13,43,-30
213000316,5,6,-1
213000322,2,8,-6
213000323,1,15,-14
213000340,39,285,-246
213000341,2,1,1
213000346,6,1,5
213000347,55,2,53
213000348,0,39,-39
213000349,0,7,-7
213000350,30,364,-334
213000366,2,65,-63
213000367,9,1,8
213000379,4,67,-63
213000386,0,42,-42
213000406,17,49,-32
213000417,101,40,61
213000425,6,9,-3
213000426,9,22,-13
213000427,3,121,-118
213000428,0,70,-70
213000429,1,0,1
213000430,18,198,-180
213000431,9,0,9
213000432,0,2,-2
213000433,2,43,-41
213000434,14,12,2
213000435,7,21,-14
213000439,8,2,6
213000441,0,1,-1
213000443,25,40,-15
213000445,0,16,-16
213000446,0,3,-3
213000447,3,3,0
213000448,0,8,-8
213000449,26,0,26
213000450,1,12,-11
213000451,5,15,-10
213000452,0,1,-1
213000453,11,47,-36
213000455,2,0,2
213000456,0,14,-14
213000481,4,1,3
213000482,10,0,10
213000489,82,5,77
213000491,0,16,-16
213000492,2,0,2
213000493,0,1,-1
213000494,3,3,0
213000495,0,12,-12
213000496,2,0,2
213000497,2,81,-79
213000498,11,88,-77
213000499,38,138,-100
213000500,17,0,17
213000501,0,0,0
213000502,3,1,2
213000503,0,12,-12
213000504,0,34,-34
213000505,0,1,-1
213000506,0,0,0
213000507,1,46,-45
213900244,0,0,0
213900245,1,12,-11
218000003,5,2,3
218000004,0,11,-11
218000005,2,2,0
218000006,1,34,-33
218000007,2,8,-6
218000012,64,25,39
218000013,31,74,-43
218000014,141,105,36
218000019,231,119,112
218000020,130,110,20
218000040,3,0,3
218000046,9,43,-34
218000047,3,64,-61
218000048,10,129,-119
218000049,9,71,-62
218000050,57,141,-84
218000051,6,199,-193
218000052,0,23,-23
218000053,0,2,-2
218000054,0,7,-7
218000055,0,2,-2
218000056,2,9,-7
218000057,0,13,-13
218000064,0,1,-1
218000065,24,18,6
218000066,3,9,-6
218000067,9,37,-28
218000068,17,27,-10
218000069,25,63,-38
218000070,46,93,-47
218000071,56,108,-52
218000072,109,105,4
218000078,130,416,-286
218000079,14,11,3
218000080,17,27,-10
218000081,36,75,-39
218000082,5,50,-45
218000083,8,24,-16
218000084,37,69,-32
218000085,62,179,-117
218000086,7,69,-62
218000087,43,76,-33
218000090,5,9,-4
218000091,145,81,64
218000092,16,74,-58
218000093,26,40,-14
218000094,122,298,-176
218000099,66,124,-58
218000100,86,109,-23
218000101,90,54,36
218000102,52,113,-61
218000103,12,71,-59
218000104,6,19,-13
218000105,2,3,-1
218000106,4,2,2
218000107,12,45,-33
218000108,0,30,-30
218000112,13,6,7
218000117,2,20,-18
218000134,95,237,-142
218000135,2,43,-41
218000136,33,12,21
218000137,26,37,-11
218000138,1,18,-17
218000139,4,65,-61
218000140,11,56,-45
218000141,6,15,-9
218000142,25,22,3
218000143,6,20,-14
218000144,11,5,6
218000145,40,122,-82
218000146,4,18,-14
218000151,6,2,4
218000152,12,29,-17
218000170,0,18,-18
218000171,21,1,20
218000172,1,1,0
218000173,2,4,-2
218000174,4,1,3
218000176,34,6,28
218000177,90,26,64
218000178,39,27,12
218000179,39,11,28
218000180,27,9,18
218000181,33,5,28
218000187,2,5,-3
218000188,2,12,-10
218000189,2,18,-16
218000190,0,0,0
218000191,18,63,-45
218000192,32,180,-148
218000193,124,171,-47
218000194,42,181,-139
218000195,45,44,1
218000196,65,80,-15
218000197,32,110,-78
218000198,5,45,-40
218000199,20,11,9
218000200,9,11,-2
218000201,3,3,0
218000202,51,97,-46
218000207,2,9,-7
218000208,3,22,-19
218000211,3,15,-12
218000213,29,10,19
218000214,5,1,4
218000215,10,64,-54
218000217,0,26,-26
218000218,72,8,64
218000219,12,3,9
218000220,45,75,-30
218000221,56,52,4
218000222,3,20,-17
218000223,33,45,-12
218000224,0,12,-12
218000225,53,9,44
218000226,24,11,13
218000232,7,20,-13
218000239,0,0,0
218000240,0,0,0
218000241,0,0,0
218000242,0,0,0
218000243,0,0,0
218000244,0,0,0
218000245,0,0,0
218000246,0,0,0
218000247,0,0,0
218000248,0,14,-14
218000249,0,0,0
218000250,3,3,0
218000251,0,15,-15
218000252,0,21,-21
218000253,0,3,-3
218000254,0,2,-2
218000255,0,2,-2
218000256,0,12,-12
218000267,181,301,-120
218000268,2,17,-15
218000269,6,3,3
218000270,15,43,-28
218000271,17,37,-20
218000273,2,6,-4
218000274,1,0,1
218000275,5,10,-5
218000276,1,25,-24
218000278,15,21,-6
218000279,12,29,-17
218000280,0,44,-44
218000281,1,10,-9
218000282,74,22,52
218000284,18,7,11
218000301,11,22,-11
218000302,25,15,10
218000303,7,20,-13
218000316,177,350,-173
218000317,143,382,-239
218000318,70,306,-236
218000319,201,545,-344
218000320,142,325,-183
218000338,3,9,-6
218000345,10,22,-12
218000346,3,9,-6
218000459,16,93,-77
218000490,3,10,-7
218000501,17,6,11
218000502,10,43,-33
218000503,17,7,10
218000504,28,0,28
218000505,6,69,-63
218000506,15,47,-32
218000508,1,1,0
218000510,40,2,38
218000520,27,22,5
218000521,1,11,-10
218000522,0,43,-43
218000523,2,5,-3
218000524,3,20,-17
218000525,1,2,-1
218000526,20,16,4
218000529,2,61,-59
218000531,4,8,-4
218000532,1,7,-6
218000534,2,3,-1
218000537,1,8,-7
218000538,29,17,12
218000540,86,8,78
218000543,19,17,2
218000544,29,61,-32
218000545,1,16,-15
218000546,11,40,-29
218000547,2,19,-17
218000548,15,46,-31
218000549,55,35,20
218000550,105,149,-44
218000551,55,71,-16
218000552,49,12,37
218000553,3,21,-18
218000554,7,7,0
218000555,6,8,-2
218000556,28,129,-101
218000557,73,30,43
218000558,0,0,0
218000559,0,3,-3
218000560,0,6,-6
218000561,0,0,0
218000562,3,40,-37
218000563,7,7,0
218000564,1,18,-17
218000565,4,3,1
218000566,0,8,-8
218000567,0,7,-7
218000568,0,0,0
218000569,1,12,-11
218000570,2,0,2
218000571,0,7,-7
218000572,0,0,0
218000573,0,3,-3
218000574,0,3,-3
218000575,0,0,0
218000576,2,20,-18
218000577,0,0,0
218000578,0,8,-8
218000579,10,0,10
218000581,1,14,-13
218000582,3,0,3
218000583,1,0,1
218000584,0,1,-1
218000585,1,0,1
218000586,2,10,-8
218000587,0,0,0
218000588,0,1,-1
218000589,0,0,0
218000590,0,0,0
218000591,0,0,0
218000592,0,0,0
218000593,0,0,0
218000594,0,0,0
218000597,0,0,0
218000598,0,0,0
218000599,0,0,0
218000600,0,0,0
218000601,0,0,0
218000602,0,0,0
218000603,0,0,0
218000604,0,0,0
218000605,0,4,-4
218000606,2,0,2
218000607,3,5,-2
218000608,5,0,5
218000609,0,6,-6
218000610,1,0,1
218000611,2,0,2
218000612,1,25,-24
218000613,1,1,0
218000614,0,8,-8
218000615,5,1,4
218000616,1,15,-14
218000617,0,0,0
218000618,0,1,-1
218000619,2,1,1
218000620,0,7,-7
218000621,0,0,0
218000622,0,1,-1
218000623,0,0,0
218000624,1,0,1
218000625,0,0,0
218000626,0,3,-3
218000628,12,4,8
218000631,1,11,-10
218000632,0,18,-18
218000633,0,0,0
218000634,0,6,-6
218000635,2,0,2
218000636,155,482,-327
218000637,101,159,-58
218000638,11,5,6
218000639,2,93,-91
218000640,3,5,-2
218000641,7,116,-109
218000652,16,35,-19
218000653,33,31,2
218000663,1,37,-36
218000675,2,4,-2
218000680,20,146,-126
218000681,5,2,3
218000691,15,150,-135
218000693,1,6,-5
218000718,74,62,12
218000719,5,10,-5
218000720,2,4,-2
218000721,0,2,-2
218001147,1,107,-106
218001214,5,4,1
218001258,2,0,2
218001329,0,0,0
218001330,17,34,-17
218001351,1,11,-10
218001352,3,5,-2
218001353,0,2,-2
218001354,3,3,0
218001355,6,67,-61
218001356,9,1,8
218001357,4,52,-48
218001358,30,0,30
218001361,12,0,12
218001362,1,145,-144
219000001,3,25,-22
219000002,18,27,-9
219000003,15,13,2
219000004,38,21,17
219000017,19,7,12
219000020,18,4,14
219000022,24,0,24
219000023,42,1,41
219000029,0,25,-25
219000034,3,2,1
219000039,30,18,12
219000040,3,4,-1
219000041,13,11,2
219000051,0,30,-30
219000052,0,10,-10
219000053,0,80,-80
219000055,13,0,13
219000056,0,0,0
219000057,20,0,20
219000062,8,80,-72
219000063,8,9,-1
219000064,2,23,-21
219000110,72,17,55
219000111,26,16,10
219000112,73,8,65
219000113,25,9,16
219000114,55,6,49
219000116,21,11,10
219000117,82,44,38
219000118,44,30,14
219000123,66,40,26
219000124,21,22,-1
219000125,9,8,1
219000126,12,27,-15
219000127,0,0,0
219000128,16,52,-36
219000129,4,69,-65
219000130,494,392,102
219000131,584,245,339
219000133,11,12,-1
219000134,3,7,-4
219000135,33,29,4
219000136,51,84,-33
219000138,12,21,-9
219000139,5,32,-27
219000140,11,1,10
219000141,5,54,-49
219000142,3,35,-32
219000143,7,30,-23
219000145,1,5,-4
219000146,1,28,-27
219000147,1,35,-34
219000148,1,40,-39
219000149,12,70,-58
219000150,1,45,-44
219000151,0,29,-29
219000157,47,48,-1
219000158,35,89,-54
219000161,51,8,43
219000163,624,156,468
219000166,17,79,-62
219000167,18,92,-74
219000168,37,14,23
219000174,58,21,37
219000175,13,3,10
219000176,12,0,12
219000177,0,1,-1
219000178,3,1,2
219000179,2,1,1
219000180,4,11,-7
219000182,7,0,7
219000183,2,9,-7
219000184,4,0,4
219000185,1,54,-53
219000186,0,12,-12
219000187,0,54,-54
219000189,40,59,-19
219000190,32,90,-58
219000191,264,276,-12
219000192,88,47,41
219000193,204,112,92
219000195,2,32,-30
219000196,3,47,-44
219000198,7,90,-83
219000199,9,38,-29
219000200,13,74,-61
219000201,42,91,-49
219000203,9,70,-61
219000204,38,73,-35
219000205,13,81,-68
219000207,58,62,-4
219000209,8,29,-21
219000210,17,31,-14
219000213,17,128,-111
219000239,43,53,-10
219000240,24,108,-84
219000241,6,52,-46
219000242,16,54,-38
219000243,10,100,-90
219000244,6,43,-37
219000245,0,16,-16
219000246,3,0,3
219000247,9,7,2
219000248,74,19,55
219000249,14,9,5
219000250,11,0,11
219000251,67,4,63
219000252,0,0,0
219000253,0,0,0
219000255,7,6,1
219000256,18,9,9
219000257,0,0,0
219000262,20,136,-116
219000263,23,89,-66
219000267,1,81,-80
219000268,0,1,-1
219000269,1,1,0
219000270,1,0,1
219000271,20,1,19
219000278,1,10,-9
219000279,0,1,-1
219000283,0,2,-2
219000295,8,47,-39
219000296,36,281,-245
219000297,7,58,-51
219000298,13,102,-89
219000299,22,2,20
219000300,13,133,-120
219000301,47,86,-39
219000302,7,60,-53
219000307,15,21,-6
219000308,11,19,-8
219000311,15,6,9
219000312,43,6,37
219000313,22,2,20
219000314,25,157,-132
219000315,2,0,2
219000316,15,0,15
219000317,8,0,8
219000320,0,17,-17
219000321,1,8,-7
219000323,2,50,-48
219000325,1,19,-18
219000326,34,58,-24
219000327,3,29,-26
219000328,10,19,-9
219000329,176,34,142
219000330,6,14,-8
219000331,5,16,-11
219000332,5,13,-8
219000333,2,2,0
219000335,4,0,4
219000337,0,0,0
219000338,0,0,0
219000344,14,31,-17
219000345,37,77,-40
219000346,3,56,-53
219000348,39,61,-22
219000349,12,94,-82
219000350,38,27,11
219000351,0,1,-1
219000352,78,14,64
219000353,28,19,9
219000354,37,32,5
219000355,20,6,14
219000356,453,114,339
219000363,90,31,59
219000364,48,13,35
219000365,34,6,28
219000366,216,56,160
219000368,159,59,100
219000370,290,50,240
219000371,2,11,-9
219000382,4,11,-7
219000383,238,205,33
219000385,212,187,25
219000386,368,403,-35
219000387,0,1,-1
219000390,0,7,-7
219000391,1,0,1
219000397,19,37,-18
219000398,16,18,-2
219000401,4,29,-25
219000402,5,27,-22
219000403,10,48,-38
219000404,4,17,-13
219000407,1,4,-3
219000409,0,0,0
219000410,0,0,0
219000411,0,0,0
219000446,72,164,-92
219000447,0,9,-9
219000448,0,0,0
219000452,11,13,-2
219000453,20,35,-15
219000454,100,36,64
219000556,24,0,24
219000558,27,89,-62
219000590,6,48,-42
219000591,6,3,3
219000592,48,148,-100
219000595,0,19,-19
219000635,4,2,2
219000636,3,46,-43
219000657,5,6,-1
219000658,2,18,-16
219000673,0,4,-4
219000676,2,0,2
219000679,5,5,0
219000684,5,1,4
219000685,1,36,-35
219000686,1,1,0
219000688,0,83,-83
219000689,23,60,-37
219000690,0,0,0
219000691,30,36,-6
219000692,0,7,-7
219000693,0,5,-5
219000694,0,0,0
219000695,1,1,0
219000698,0,0,0
219000699,0,2,-2
219000727,1,96,-95
219000728,79,1,78
219000770,0,0,0
219000771,0,11,-11
219000788,159,125,34
219001150,0,4,-4
219001151,0,2,-2
219001166,0,0,0
219001167,2,40,-38
219001178,9,0,9
220000001,1,8,-7
220000002,6,24,-18
220000003,92,96,-4
220000004,143,110,33
220000005,328,401,-73
220000006,24,267,-243
220000007,85,273,-188
220000008,62,307,-245
220000009,59,140,-81
220000010,43,30,13
220000011,162,164,-2
220000012,15,10,5
220000014,6,32,-26
220000015,1,6,-5
220000017,9,78,-69
220000018,729,64,665
220000019,28,42,-14
220000020,19,42,-23
220000021,95,37,58
220000022,92,115,-23
220000023,31,51,-20
220000024,272,95,177
220000025,74,101,-27
220000026,38,31,7
220000027,7,29,-22
220000028,14,13,1
220000029,11,40,-29
220000030,7,43,-36
220000031,19,80,-61
220000064,0,0,0
221000046,5,0,5
221000047,0,1,-1
221000048,0,0,0
221000049,0,1,-1
221000050,2,0,2
221000055,17,16,1
221000068,100,9,91
221000069,74,5,69
221000070,34,10,24
221000071,6,0,6
221000072,81,4,77
221000073,22,4,18
221000074,0,3,-3
221000075,2,6,-4
221000076,5,14,-9
221000077,3,24,-21
221000081,17,2,15
221000082,7,1,6
221000083,9,2,7
221000084,2,3,-1
221000085,6,28,-22
221000086,7,45,-38
221000087,1,66,-65
221000088,7,49,-42
221000089,8,57,-49
221000090,74,153,-79
221000098,13,1,12
221000099,20,1,19
221000100,6,0,6
221000101,37,2,35
221000107,3,0,3
221000108,2,2,0
221000109,0,14,-14
221000110,1,24,-23
221000111,8,145,-137
221000112,1,46,-45
221000113,8,102,-94
221000114,6,84,-78
221000120,0,4,-4
221000121,0,16,-16
221000122,0,0,0
221000123,4,10,-6
221000124,2,55,-53
221000155,18,0,18
221000156,6,4,2
221000175,0,0,0
221000176,0,1,-1
221000182,3,0,3
221000241,161,30,131
221000242,154,113,41
221000243,100,14,86
221000244,63,104,-41
221000245,13,18,-5
221000246,2,95,-93
221000247,16,36,-20
221000248,12,66,-54
221000267,7,133,-126
221000325,5,11,-6
221000331,0,18,-18
221000338,0,1,-1
221000378,26,6,20
221000381,44,35,9
222000282,0,0,0
222000296,1,1,0
222000568,28,0,28
222000569,7,0,7
222000570,3,1,2
222000571,6,2,4
222000577,1,60,-59
222000578,2,39,-37
222000579,10,27,-17
222000580,16,159,-143
222000599,0,42,-42
222000600,0,61,-61
222000601,4,200,-196
222000603,7,4,3
222000604,0,18,-18
222000605,0,2,-2
222000606,0,4,-4
222000607,1,0,1
222000608,2,1,1
222000609,8,70,-62
222000616,5,2,3
222000617,0,0,0
222000618,0,0,0
222000620,0,0,0
222000621,0,0,0
222000623,0,0,0
222000624,1,0,1
222000625,0,8,-8
222000636,18,0,18
222000686,0,0,0
222000687,0,0,0
222001066,18,0,18
222001067,1,0,1
222001068,0,5,-5
222001069,0,9,-9
222001082,1,7,-6
222001083,3,28,-25
222001084,0,21,-21
222001085,0,31,-31
222001111,5,87,-82
222001112,1,2,-1
222001313,0,0,0
222001314,1,22,-21
222001464,1,5,-4
222001465,1,44,-43
222001484,0,0,0
222001485,5,13,-8
222001494,19,15,4
222001495,9,115,-106
222001496,17,8,9
222001497,16,122,-106
222001502,7,45,-38
222001503,0,0,0
222001504,5,72,-67
222001505,0,0,0
222001506,4,55,-51
222001507,0,0,0
222001510,0,0,0
222001511,7,112,-105
222001514,0,0,0
222001515,35,208,-173
222001518,0,0,0
222001519,8,140,-132
222001527,0,0,0
222001528,7,36,-29
222001529,0,0,0
222001530,9,77,-68
222001533,35,102,-67
222001534,0,0,0
222001535,6,11,-5
222001536,10,82,-72
222001537,0,0,0
222001538,4,148,-144
222001563,0,0,0
222001564,19,248,-229
222001568,3,20,-17
222001576,0,0,0
222001579,0,0,0
222001583,7,72,-65
222001584,0,0,0
222001596,52,279,-227
222001597,15,12,3
222001626,1,31,-30
222001650,0,9,-9
222001651,1,14,-13
222001914,0,0,0
222001915,3,47,-44
222001968,16,9,7
222001969,55,219,-164
222001970,0,27,-27
222001971,0,0,0
222001972,0,7,-7
225000001,24,4,20
225000002,28,4,24
225000003,35,6,29
225000004,40,9,31
225000005,1,0,1
225000006,0,31,-31
225000007,1125,347,778
225000010,29,3,26
225000011,64,58,6
225000012,14,29,-15
225000013,2,13,-11
225000014,28,3,25
225000015,42,89,-47
225000021,13,3,10
225000027,42,144,-102
225000032,54,2,52
225000042,13,174,-161
225000049,1,14,-13
225000050,10,1,9
225000053,0,43,-43
225000058,41,3,38
225000067,13,119,-106
225000068,24,168,-144
225000069,30,158,-128
225000070,18,143,-125
225000071,4,123,-119
225000075,8,151,-143
225000076,9,30,-21
225000078,5,2,3
225000085,0,0,0
225000086,0,0,0
225000087,0,0,0
225000088,0,31,-31
225000089,82,114,-32
225000090,6,95,-89
225000091,18,64,-46
225000092,4,35,-31
225000093,30,179,-149
225000094,6,139,-133
225000095,50,172,-122
225000096,31,137,-106
225000098,65,24,41
225000099,20,10,10
225000100,28,13,15
225000104,15,152,-137
225000110,2,100,-98
225000111,18,262,-244
225000112,42,247,-205
225000113,22,160,-138
225000114,9,100,-91
225000115,779,125,654
225000116,23,5,18
225000117,60,12,48
225000118,42,9,33
225000119,29,1,28
225000120,15,3,12
225000121,41,2,39
225000123,19,5,14
225000125,37,43,-6
225000126,246,33,213
225000127,272,49,223
225000128,34,45,-11
225000132,38,5,33
225000133,35,8,27
225000134,99,28,71
225000135,3,3,0
225000136,19,2,17
225000137,17,8,9
225000138,79,9,70
225000143,21,53,-32
225000144,0,136,-136
225000145,0,0,0
225000146,7,73,-66
225000147,11,184,-173
225000148,0,84,-84
225000149,10,142,-132
225000151,12,99,-87
225000155,50,98,-48
225000156,51,158,-107
225000157,28,75,-47
225000158,10,135,-125
225000171,0,32,-32
225000180,14,0,14
225000181,0,11,-11
225000182,11,4,7
225000185,2,68,-66
225000187,17,96,-79
225000191,1,0,1
225000194,0,3,-3
225000208,0,9,-9
225000209,0,0,0
225000210,1,49,-48
225000217,1,4,-3
225000218,0,0,0
225000223,0,13,-13
225000224,11,0,11
225000225,0,0,0
225000226,7,0,7
225000227,8,17,-9
225000228,2,0,2
225000229,0,14,-14
225000230,0,1,-1
225000231,0,24,-24
225000232,2,0,2
225000241,12,0,12
225000242,0,24,-24
225000249,1,1,0
225000250,15,310,-295
225000251,98,4,94
226000042,82,146,-64
226000043,5,109,-104
226000044,43,252,-209
226000045,11,136,-125
226000046,71,7,64
226000047,35,15,20
226000048,53,14,39
226000049,54,20,34
226000070,0,13,-13
226000071,0,14,-14
226000072,0,2,-2
226000073,0,1,-1
226000074,0,2,-2
226000084,1,6,-5
226000085,1,2,-1
226000086,2,2,0
226000087,0,2,-2
226000088,0,3,-3
226000090,28,7,21
226000091,0,0,0
226000092,0,0,0
226000093,1,2,-1
226000094,1,1,0
226000095,2,1,1
226000105,0,0,0
226000106,2,0,2
226000107,3,0,3
226000108,6,0,6
226000109,12,0,12
226000124,40,8,32
226000134,85,59,26
226000135,124,149,-25
226000136,42,51,-9
226000137,0,125,-125
226000138,1,60,-59
226000139,0,4,-4
226000156,6,3,3
226000157,14,1,13
226000163,20,114,-94
226000202,1,101,-100
226000231,51,2,49
226000232,1,2,-1
227000033,2,3,-1
227000037,24,4,20
227000038,16,3,13
227000049,0,6,-6
227000050,0,18,-18
227000055,3,0,3
227000056,0,0,0
227000084,0,11,-11
227000085,0,13,-13
227000088,0,0,0
227000089,9,1,8
227000090,6,1,5
227000091,4,1,3
227000093,4,0,4
227000094,9,0,9
227000130,19,33,-14
227000131,2,105,-103
227000132,5,126,-121
227000133,3,116,-113
227000134,6,158,-152
227000152,0,2,-2
227000153,0,14,-14
227000155,0,1,-1
227000156,0,15,-15
227000165,0,7,-7
227000196,5,122,-117
227000199,5,1,4
227000230,6,93,-87
227000232,6,1,5
227000241,40,1,39
227000242,17,182,-165
227000243,111,12,99
227000244,47,8,39
227000245,8,145,-137
227000246,21,141,-120
227000247,98,29,69
227000248,57,18,39
227000249,9,101,-92
227000250,10,3,7
227000251,61,152,-91
227000252,6,160,-154
227000253,15,5,10
227000262,60,8,52
227000266,18,0,18
227000267,25,373,-348
227000486,138,32,106
227000655,11,0,11
227000661,5,0,5
227000680,58,1,57
229000265,0,8,-8
229000296,0,3,-3
229000297,0,7,-7
229000298,1,10,-9
229000320,3,0,3
229000321,2,0,2
229000412,2,16,-14
229000414,0,4,-4
229000415,5,0,5
229000416,0,6,-6
229000417,0,3,-3
229000419,4,70,-66
229000440,29,29,0
229000442,1,0,1
229000443,2,0,2
229000444,0,3,-3
229000445,2,0,2
229000446,5,8,-3
229000847,3,2,1
229000848,2,0,2
229000849,38,2,36
229000851,14,0,14
229000854,0,25,-25
229000856,1,53,-52
229000857,0,16,-16
229000858,0,46,-46
229000919,4,33,-29
229000930,2,89,-87
229000937,48,8,40
229000966,13,11,2
229000981,5,27,-22
229000985,0,8,-8
229000986,0,1,-1
229000987,0,1,-1
229000988,0,1,-1
229000989,0,0,0
229000990,0,0,0
229000991,0,0,0
229000992,1,0,1
229000993,43,1,42
229000998,0,6,-6
229000999,11,0,11
229001034,0,1,-1
229001035,1,0,1
229001037,3,7,-4
229001042,2,1,1
229001047,0,5,-5
229001050,4,5,-1
229001200,0,0,0
229001338,0,0,0
229001394,118,1,117
229001422,74,9,65
229001423,8,78,-70
229001431,41,15,26
229001432,10,22,-12
229001444,7,14,-7
229001445,3,63,-60
229001503,98,34,64
229001504,22,67,-45
229001505,96,14,82
229001506,17,77,-60
229001509,7,7,0
229001545,47,5,42
229001546,1,27,-26
229001553,27,3,24
229001554,0,36,-36
229001559,0,0,0
229001560,0,0,0
229001630,11,0,11
229001631,0,4,-4
229001635,0,0,0
229001636,0,0,0
229001658,0,36,-36
229001659,32,1,31
229001660,0,0,0
229001661,0,1,-1
229001662,16,0,16
229001663,0,9,-9
229002584,30,23,7
229002831,29,10,19
229002841,0,14,-14
229002842,0,10,-10
229002843,5,1,4
229002844,0,20,-20
229002845,0,9,-9
229002846,15,3,12
229002847,0,1,-1
229002848,0,1,-1
229002849,0,11,-11
229002850,0,2,-2
229002851,5,17,-12
229002852,1,5,-4
229002853,18,2,16
229002854,6,3,3
229002855,0,39,-39
229002856,0,2,-2
229002857,0,6,-6
229002858,3,0,3
229002859,2,4,-2
229002860,0,0,0
229002861,0,1,-1
229002862,0,6,-6
229002863,1,8,-7
229002864,0,3,-3
229002865,0,0,0
229002866,0,2,-2
229002867,0,0,0
229002868,1,3,-2
229002869,0,49,-49
229002870,1,3,-2
235000066,34,10,24
235000067,13,11,2
235000072,18,12,6
235000073,23,69,-46
235000074,9,12,-3
235000080,0,27,-27
235000081,12,51,-39
235000082,30,5,25
235000083,13,8,5
235000084,1,7,-6
235000085,13,4,9
235000089,2,6,-4
235000092,0,40,-40
235000093,1,1,0
235000097,0,1,-1
235000098,21,3,18
235000099,3,6,-3
235000116,3,1,2
235000117,48,0,48
235000133,6,79,-73
235000134,0,29,-29
235000206,1,0,1
235000207,1,0,1
235000208,1,1,0
235000209,2,2,0
235000210,1,0,1
235000212,1,2,-1
235000213,0,4,-4
235000220,0,2,-2
235000221,12,4,8
235000238,3,3,0
235000239,0,1,-1
235000242,61,33,28
235000245,305,53,252
235000246,0,23,-23
235000284,1,28,-27
235000295,0,0,0
235000305,0,0,0
235000306,0,0,0
235000307,0,0,0
235000308,0,0,0
235000309,0,0,0
235000310,0,0,0
235000311,0,0,0
235000322,0,9,-9
235000323,0,15,-15
235000324,1,1,0
235000325,0,2,-2
235000326,0,64,-64
235000351,1,17,-16
235000352,1,6,-5
235000353,0,3,-3
235000354,1,12,-11
235000355,1,10,-9
235000356,0,0,0
235000357,0,0,0
235000358,0,0,0
235000359,0,0,0
235000360,0,0,0
235000361,0,0,0
235000381,18,122,-104
235000382,25,7,18
235000390,0,2,-2
235000391,24,8,16
235000392,18,34,-16
235000393,11,13,-2
235000395,5,13,-8
235000396,26,7,19
235000400,13,16,-3
235000401,4,53,-49
235000405,15,150,-135
235000406,5,162,-157
235000407,15,50,-35
235000409,104,62,42
235000410,8,51,-43
235000411,0,24,-24
235000485,0,4,-4
235000486,0,0,0
235000549,8,4,4
235000550,8,45,-37
235000599,34,27,7
235000600,0,1,-1
235000601,5,0,5
235000602,11,8,3
235000614,0,0,0
235000648,0,8,-8
235000649,3,0,3
235000685,0,0,0
235000815,2,0,2
235000834,0,0,0
235000855,10,1,9
235000862,6,70,-64
235000891,0,4,-4
235000892,0,0,0
235000901,24,24,0
235000907,0,9,-9
235001010,2,2,0
235001029,120,130,-10
235001030,117,22,95
235001078,11,28,-17
235001079,26,46,-20
235001147,4,14,-10
235001166,0,4,-4
235001167,2,14,-12
235001169,2,90,-88
235001188,0,4,-4
235001189,0,0,0
235001197,1,10,-9
235001200,13,7,6
235001207,48,5,43
235001210,11,123,-112
235001215,4,125,-121
235001239,0,23,-23
235001244,0,1,-1
235016267,0,2,-2
277102712,0,0,0
277103813,0,1,-1
277104249,0,0,0
277104250,0,1,-1
277104251,0,3,-3
277104252,0,2,-2
990011530,0,93,-93
990014944,0,130,-130
990015176,0,1,-1
990016032,0,55,-55
990032570,2,7,-5
990070001,7,1,6
990070103,0,2,-2
990070601,0,9,-9
990070751,15,0,15
990070766,0,304,-304
990071180,0,41,-41
990071343,0,0,0
990071387,0,1,-1
990071823,13,0,13
990072600,1,137,-136
990072964,1,133,-132
990073285,0,0,0
990074393,0,192,-192
990074870,45,4,41
990075106,16,0,16
990075746,7,0,7
990076437,16,1,15
990076458,0,315,-315
997000007,3,1,2
997000041,0,32,-32
997000058,0,0,0
997000062,1,0,1
997000069,0,1,-1
997000070,0,22,-22
997000100,0,0,0
997000141,0,2,-2
997000198,10,10,0
998000475,0,9,-9
998000736,0,69,-69
998000965,0,0,0
998001031,0,9,-9
998001700,0,3,-3
998001899,0,1,-1
998001900,11,1,10
998003073,4,0,4
998101900,0,0,0
998102850,0,10,-10
998501927,0,96,-96
998501929,30,0,30
998501930,6,0,6
998501931,4,1,3
998501932,9,0,9
998501933,0,0,0
998501937,7,4,3
998501944,0,0,0
998501950,0,1,-1
998501970,1,1,0
998501971,0,26,-26
998501973,0,23,-23
998501974,2,51,-49
998501975,11,0,11
998501976,0,0,0
998501977,0,7,-7
998501978,0,0,0
998501979,0,7,-7
998501980,2,0,2
998501981,0,2,-2
998501982,0,32,-32
998501983,0,0,0
998502006,0,0,0
998502024,0,3,-3
998502032,0,0,0
998502062,0,0,0
998502063,0,0,0
998502173,13,0,13
998502269,1,1,0
998502546,0,17,-17
998502578,0,0,0
998502599,5,9,-4
998502621,0,0,0
998601159,0,43,-43
998601292,0,3,-3
999033574,1,136,-135
999800001,0,0,0
999800002,0,1,-1
999800003,0,1,-1
999800004,0,1,-1
999800005,0,0,0
