ID,insum,outsum,diff
100000001,504,343,161
100000002,829,365,464
100000003,6724,1315,5409
100000004,1628,445,1183
100000005,1531,1671,-140
100000006,151,58,93
100000007,398,217,181
100000008,51,388,-337
100000009,156,91,65
100000010,6,32,-26
100000011,213,55,158
100000012,77,438,-361
100000013,10,135,-125
100000014,167,333,-166
100000015,581,415,166
100000016,679,928,-249
100000017,335,822,-487
100000018,865,320,545
100000019,4184,1091,3093
100000020,1304,1377,-73
100000021,5298,1114,4184
100000022,754,496,258
100000023,4469,457,4012
100000025,1573,255,1318
100000028,1011,484,527
100000029,180,111,69
100000030,378,14,364
100000031,2998,2083,915
100000032,2074,1786,288
100000033,417,1199,-782
100000034,577,188,389
100000035,1035,517,518
100000036,1619,628,991
100000037,207,287,-80
100000038,438,468,-30
100000039,312,115,197
100000040,69,41,28
100000041,189,194,-5
100000042,236,237,-1
100000043,226,140,86
100000044,249,529,-280
100000045,319,1009,-690
100000046,317,995,-678
100000047,145,626,-481
100000048,223,589,-366
100000049,1089,2016,-927
100000051,240,964,-724
100000053,9,6,3
100000054,35,6,29
100000055,230,239,-9
100000056,143,360,-217
100000057,830,448,382
100000058,428,1064,-636
100000059,1,72,-71
100000060,162,231,-69
100000061,695,306,389
100000062,1003,309,694
100000063,244,195,49
100000064,401,220,181
100000065,272,977,-705
100000066,94,699,-605
100000067,322,638,-316
100000068,283,1057,-774
100000069,126,1295,-1169
100000072,353,1104,-751
100000073,651,986,-335
100000075,320,289,31
100000076,1277,1032,245
100000077,416,38,378
100000078,107,10,97
100000079,80,24,56
100000080,12,10,2
100000081,12,22,-10
100000102,1102,705,397
100000103,2283,462,1821
100000104,2901,615,2286
100000105,2646,321,2325
100000106,1283,580,703
100000107,255,169,86
100000108,479,907,-428
100000109,2170,759,1411
100000116,750,287,463
100000117,9,12,-3
100000118,627,378,249
100000119,421,331,90
100000121,87,445,-358
100000122,466,498,-32
100000123,3192,3046,146
100000124,6645,3336,3309
100000125,2781,474,2307
100000126,487,161,326
100000127,1335,325,1010
100000128,618,622,-4
100000129,357,280,77
100000130,298,390,-92
100000131,3966,1775,2191
100000132,2028,844,1184
100000133,8331,2177,6154
100000135,199,354,-155
100000139,96,324,-228
100000140,66,133,-67
100000142,166,529,-363
100000143,1403,817,586
100000144,3051,961,2090
100000147,568,1186,-618
100000150,11,382,-371
100000151,322,228,94
100000153,186,130,56
100000154,20,35,-15
100000155,1,14,-13
100000156,17,57,-40
100000157,63,128,-65
100000158,40,82,-42
100000159,273,253,20
100000165,795,554,241
100000169,360,215,145
100000174,1155,236,919
100000179,67,468,-401
100000180,541,723,-182
100000181,55,176,-121
100000188,32,231,-199
100000189,322,192,130
100000190,272,152,120
100000191,327,286,41
100000192,59,60,-1
100000193,91,88,3
100000330,1366,259,1107
100000355,333,385,-52
100000362,3425,2476,949
100000363,1184,2066,-882
100000364,260,150,110
100000365,2274,3592,-1318
100000366,2896,1828,1068
100000367,1483,2332,-849
100000368,1423,1266,157
100000369,420,784,-364
100000370,65,202,-137
100000376,47,61,-14
100000379,1459,582,877
100000380,2143,1014,1129
100000384,3914,1340,2574
100000385,3425,1682,1743
100000386,5863,1586,4277
100000387,5021,1641,3380
100000388,10304,1838,8466
100000389,8782,1802,6980
100000390,9866,1582,8284
100000391,6163,1822,4341
100000392,2335,596,1739
100000393,704,638,66
100000394,3904,1444,2460
100000395,1817,483,1334
100000396,2884,928,1956
100000397,1404,681,723
100000398,8177,5483,2694
100000413,27,8,19
100900002,0,35,-35
100900003,63,102,-39
100900004,17,718,-701
100900005,43,6,37
100900006,3,127,-124
100900007,88,0,88
100900008,2,387,-385
100900009,7,14,-7
100900010,9,81,-72
100900011,15,261,-246
100900012,0,226,-226
100900013,133,4,129
100900014,0,0,0
100900015,74,51,23
100900016,1,34,-33
100900017,198,24,174
100900018,0,9,-9
100900019,3,18,-15
100900020,92,1,91
100900021,257,1,256
100900022,1,11,-10
100900023,0,2,-2
100900024,278,1,277
100900025,8,0,8
100900026,20,101,-81
100900027,349,1063,-714
100900028,43,55,-12
100900029,54,2,52
100900030,2,2,0
100900031,78,25,53
100900032,27,0,27
100900033,126,47,79
100900034,128,0,128
100900035,143,0,143
100900036,4,0,4
100900037,15,185,-170
100900038,14,5,9
100900039,196,548,-352
100900040,869,792,77
100900041,64,837,-773
100900042,201,210,-9
100900043,0,0,0
100900044,1902,120,1782
100900045,24,0,24
100900046,167,0,167
100900047,455,47,408
100900048,20,3,17
100900049,18,193,-175
100900050,0,16,-16
100900051,10,18,-8
100900052,32,29,3
100900053,40,12,28
100900054,0,105,-105
100900055,65,93,-28
100900056,25,58,-33
100900057,196,174,22
100900058,76,12,64
100900059,20,0,20
100900060,35,10,25
100900061,207,166,41
100900062,1,37,-36
100900063,35,239,-204
100900064,70,0,70
100900065,27,13,14
100900066,22,19,3
100900067,4,0,4
100900068,11,80,-69
100900069,167,0,167
100900070,41,1,40
100900071,420,134,286
100900072,0,59,-59
100900073,28,433,-405
100900074,0,13,-13
100900075,1815,166,1649
100900076,11,12,-1
100900077,1,71,-70
100900078,55,98,-43
100900079,0,29,-29
100900080,1,95,-94
100900081,14,27,-13
100900082,17,669,-652
100900083,0,48,-48
100900085,1,29,-28
100900086,55,243,-188
100900088,12,557,-545
100900089,0,28,-28
100900090,47,274,-227
100900091,0,15,-15
100900092,46,44,2
100900093,29,52,-23
100900094,15,491,-476
100900095,0,21,-21
100900096,13,39,-26
100900097,0,2,-2
100900098,3,77,-74
100900099,18,376,-358
100900100,8,147,-139
100900101,215,10,205
100900102,1,11,-10
100900103,0,28,-28
100900104,15,90,-75
100900105,1,33,-32
100900106,37,0,37
100900107,1092,206,886
100900108,0,0,0
100900109,5,29,-24
100900110,0,5,-5
100900111,56,96,-40
100900112,0,2,-2
100900113,6,26,-20
100900114,0,15,-15
100900115,0,14,-14
100900116,342,202,140
100900117,99,198,-99
100900118,1,36,-35
100900119,1,15,-14
100900120,0,4,-4
100900121,117,159,-42
100900122,86,131,-45
100900123,6,49,-43
100900124,4,3,1
100900125,5,45,-40
100900126,13,109,-96
100900127,0,12,-12
100900128,62,77,-15
100900129,0,58,-58
100900131,17,52,-35
100900133,29,21,8
100900134,0,1,-1
100900135,0,62,-62
100900137,170,70,100
100900138,244,117,127
100900139,0,3,-3
100900140,1,706,-705
100900141,1,135,-134
100900142,1,1,0
100900143,736,132,604
100900144,12,1,11
100900145,9,58,-49
100900146,0,2,-2
100900147,11,109,-98
100900148,12,742,-730
100900149,31,23,8
100900150,0,2,-2
100900151,63,368,-305
100900152,54,2,52
100900153,1,83,-82
100900154,18,7,11
100900155,5,7,-2
100900156,12,1,11
100900157,0,53,-53
100900159,0,3,-3
100900160,0,12,-12
100900161,78,0,78
100900162,1,128,-127
100900163,80,149,-69
100900164,6,14,-8
100900165,26,25,1
100900166,17,0,17
100900167,2,48,-46
100900168,4,66,-62
100900169,107,981,-874
100900170,1,3,-2
100900171,11,729,-718
100900172,0,1,-1
100900173,2,495,-493
100900174,46,23,23
100900176,782,28,754
100900177,638,87,551
100900178,56,91,-35
100900179,45,22,23
100900180,3,0,3
100900181,43,17,26
100900182,8,1,7
100900184,0,75,-75
100900186,735,374,361
100900187,4,160,-156
100900188,34,4,30
100900189,405,63,342
100900191,806,318,488
100900192,136,87,49
100900195,47,102,-55
100900197,0,41,-41
100900198,9,124,-115
100900199,0,3,-3
100900200,449,215,234
100900201,13,582,-569
100900202,2,1,1
100900203,0,41,-41
100900204,193,77,116
100900205,39,135,-96
100900206,18,17,1
100900207,83,31,52
100900210,21,538,-517
100900211,147,26,121
100900213,9,10,-1
100900214,616,61,555
100900215,0,22,-22
100900217,57,19,38
101000001,3747,1846,1901
101000002,2548,2017,531
101000003,498,925,-427
101000004,6974,3509,3465
101000005,3600,3174,426
101000006,5517,3359,2158
101000007,1595,1811,-216
101000008,2351,1721,630
101000009,654,1742,-1088
101000010,435,1077,-642
101000011,1467,359,1108
101000012,1406,220,1186
101000013,279,412,-133
101000014,285,318,-33
101000015,541,685,-144
101000016,172,235,-63
101000017,239,269,-30
101000018,2460,1458,1002
101000020,3264,536,2728
101000021,592,126,466
101000022,199,37,162
101000023,1109,537,572
101000025,59,201,-142
101000026,342,9,333
101000027,914,830,84
101000028,570,81,489
101000029,11,442,-431
101000030,306,32,274
101000031,115,62,53
101000032,2603,1275,1328
101000033,1698,1274,424
101000034,1661,562,1099
101000035,621,150,471
101000036,927,189,738
101000037,3231,660,2571
101000039,2423,520,1903
101000040,2823,1480,1343
101000041,4865,1524,3341
101000042,357,293,64
101000043,3375,1191,2184
101000045,558,190,368
101000046,1026,466,560
101000047,625,617,8
101000048,324,421,-97
101000049,463,432,31
101000050,830,311,519
101000051,1515,505,1010
101000052,1213,277,936
101000053,635,897,-262
101000054,1100,884,216
101000055,1315,484,831
101000056,34,23,11
101000057,1751,349,1402
101000058,1341,342,999
101000059,2321,990,1331
101000060,1577,148,1429
101000061,1250,414,836
101000062,1318,142,1176
101000063,380,191,189
101000064,869,184,685
101000065,102,221,-119
101000066,157,102,55
101000067,423,165,258
101000068,155,116,39
101000069,221,23,198
101000070,1286,362,924
101000071,1202,465,737
101000072,658,1720,-1062
101000073,439,236,203
101000074,2755,1198,1557
101000075,4487,1801,2686
101000077,839,750,89
101000078,660,1048,-388
101000079,316,714,-398
101000080,503,466,37
101000081,691,666,25
101000082,2284,1613,671
101000083,1081,862,219
101000084,743,905,-162
101000085,1129,670,459
101000086,1015,911,104
101000087,774,1035,-261
101000088,463,525,-62
101000089,511,830,-319
101000090,1727,1161,566
101000091,228,1122,-894
101000092,642,789,-147
101000093,837,451,386
101000094,313,811,-498
101000095,115,531,-416
101000096,220,379,-159
101000097,153,220,-67
101000098,289,373,-84
101000099,882,735,147
101000100,598,372,226
101000101,239,165,74
101000102,539,179,360
101000103,489,317,172
101000104,134,185,-51
101000105,744,118,626
101000106,517,298,219
101000107,100,206,-106
101000108,1212,247,965
101000109,63,72,-9
101000110,12,603,-591
101000111,84,128,-44
101000113,95,221,-126
101000114,1247,710,537
101000115,55,51,4
101000116,24,55,-31
101000117,71,221,-150
101000119,119,14,105
101000120,162,7,155
101000121,42,5,37
101000122,50,16,34
101000123,13,14,-1
101000124,274,214,60
101000125,103,268,-165
101000128,466,251,215
101000130,219,187,32
101000131,316,491,-175
101000132,174,1445,-1271
101000135,46,6,40
101000136,75,38,37
101000137,38,127,-89
101000141,1602,755,847
101000147,840,496,344
101000148,2425,24,2401
101000149,68,16,52
101000150,16,1057,-1041
101000151,28,80,-52
101000152,305,210,95
101000153,668,285,383
101000154,75,1365,-1290
101000155,59,85,-26
101000156,9,194,-185
101000157,34,19,15
101000160,34,22,12
101000163,71,40,31
101000164,350,221,129
101000165,169,207,-38
101000166,160,277,-117
101000168,398,202,196
101000252,454,433,21
101000254,191,15,176
101000258,33,8,25
101000261,114,146,-32
101000262,376,667,-291
101000263,107,404,-297
101000265,33,421,-388
101000266,202,124,78
101000269,80,0,80
101000290,1011,1003,8
101000293,15,83,-68
101000294,335,436,-101
101000295,76,332,-256
101000301,625,116,509
101000304,1129,2023,-894
101000305,1489,1164,325
101000328,76,262,-186
101900001,12,54,-42
101900002,0,17,-17
101900003,70,52,18
101900004,0,22,-22
101900005,3717,458,3259
101900006,534,5,529
101900007,249,12,237
101900008,79,75,4
101900009,18,152,-134
101900010,700,225,475
101900011,124,344,-220
101900012,55,106,-51
101900013,795,17,778
101900017,5,77,-72
101900018,1218,60,1158
101900019,150,49,101
101900020,89,42,47
101900021,0,22,-22
101900022,19,1170,-1151
101900023,21,198,-177
101900026,56,17,39
101900027,7,84,-77
102000001,1291,2572,-1281
102000002,1917,919,998
102000003,2727,2494,233
102000004,6632,1515,5117
102000005,1124,1447,-323
102000006,1562,830,732
102000007,1057,2633,-1576
102000008,6114,1153,4961
102000009,4074,4873,-799
102000010,5208,1941,3267
102000011,1448,1557,-109
102000012,2238,2295,-57
102000018,2266,1357,909
102000019,1899,626,1273
102000026,143,197,-54
102000029,406,107,299
102000030,41,124,-83
102000031,10,149,-139
102000032,155,244,-89
102000033,97,312,-215
102000034,268,210,58
102000035,628,288,340
102000036,4,121,-117
102000037,119,49,70
102000038,53,67,-14
102000039,39,37,2
102000040,321,50,271
102000041,49,91,-42
102000042,42,41,1
102000043,81,113,-32
102000044,168,310,-142
102000045,450,742,-292
102000046,545,252,293
102000047,491,700,-209
102000048,73,512,-439
102000049,337,343,-6
102000050,511,752,-241
102000051,142,283,-141
102000052,529,548,-19
102000053,276,529,-253
102000054,208,565,-357
102000055,488,936,-448
102000056,321,911,-590
102000057,872,353,519
102000058,850,1371,-521
102000059,1116,943,173
102000060,767,652,115
102000061,682,2101,-1419
102000062,473,1011,-538
102000063,815,1180,-365
102000064,468,594,-126
102000065,16,109,-93
102000066,876,773,103
102000067,2100,1773,327
102000068,6500,2124,4376
102000069,22,1322,-1300
102000070,2786,44,2742
102000071,5343,7640,-2297
102000072,2580,3717,-1137
102000073,365,829,-464
102000074,262,682,-420
102000075,148,286,-138
102000076,178,311,-133
102000077,249,1084,-835
102000078,404,710,-306
102000079,68,256,-188
102000080,95,162,-67
102000081,229,616,-387
102000082,510,142,368
102000083,107,602,-495
102000084,65,409,-344
102000085,1102,1017,85
102000086,735,1079,-344
102000087,373,1786,-1413
102000088,145,243,-98
102000089,507,439,68
102000090,258,1074,-816
102000091,1017,429,588
102000092,458,670,-212
102000093,559,475,84
102000094,913,328,585
102000095,661,633,28
102000096,1134,457,677
102000097,1292,668,624
102000098,413,731,-318
102000099,570,291,279
102000100,884,480,404
102000101,933,209,724
102000102,406,1046,-640
102000103,1267,200,1067
102000104,771,258,513
102000105,61,778,-717
102000106,303,779,-476
102000107,321,370,-49
102000108,276,189,87
102000109,135,432,-297
102000110,328,1310,-982
102000111,0,217,-217
102000112,71,38,33
102000113,2,24,-22
102000114,711,212,499
102000115,160,112,48
102000116,192,158,34
102000117,135,331,-196
102000118,1539,711,828
102000119,2198,355,1843
102000120,66,266,-200
102000121,432,335,97
102000122,127,484,-357
102000123,827,546,281
102000124,602,625,-23
102000125,443,489,-46
102000126,396,437,-41
102000127,666,561,105
102000128,362,712,-350
102000129,387,855,-468
102000130,233,421,-188
102000131,372,469,-97
102000132,182,250,-68
102000133,539,2136,-1597
102000134,248,505,-257
102000135,807,370,437
102000136,769,165,604
102000137,510,417,93
102000138,174,254,-80
102000139,60,231,-171
102000140,212,180,32
102000141,102,448,-346
102000142,87,251,-164
102000143,32,376,-344
102000144,35,334,-299
102000145,100,315,-215
102000146,146,181,-35
102000147,153,181,-28
102000148,126,111,15
102000149,78,525,-447
102000150,91,135,-44
102000151,33,246,-213
102000152,76,112,-36
102000153,352,146,206
102000154,230,342,-112
102000155,67,158,-91
102000156,217,27,190
102000157,29,94,-65
102000158,177,98,79
102000159,1134,101,1033
102000161,3042,617,2425
102000162,158,62,96
102000163,79,232,-153
102000164,708,384,324
102000165,213,82,131
102000166,51,106,-55
102000167,111,110,1
102000168,133,101,32
102000169,49,255,-206
102000170,513,71,442
102000171,119,33,86
102000172,24,164,-140
102000173,208,190,18
102000174,17,49,-32
102000175,45,148,-103
102000176,10,60,-50
102000178,116,499,-383
102000179,97,170,-73
102000180,248,439,-191
102000181,149,676,-527
102000182,232,598,-366
102000183,646,1606,-960
102000184,524,764,-240
102000185,789,1473,-684
102000186,371,1543,-1172
102000187,301,1643,-1342
102000188,327,1273,-946
102000189,2462,722,1740
102000190,499,1341,-842
102000191,1021,386,635
102000192,429,758,-329
102000193,9,216,-207
102000194,26,88,-62
102000195,176,413,-237
102000196,52,472,-420
102000197,147,415,-268
102000198,55,736,-681
102000199,147,273,-126
102000200,138,888,-750
102000201,215,418,-203
102000202,2,154,-152
102000203,91,290,-199
102000204,150,887,-737
102000205,352,709,-357
102000206,241,565,-324
102000207,280,330,-50
102000208,108,434,-326
102000209,19,46,-27
102000210,91,546,-455
102000211,84,332,-248
102000212,41,8,33
102000213,3,265,-262
102000214,67,22,45
102000215,7,481,-474
102000216,26,20,6
102000217,1,199,-198
102000218,67,34,33
102000219,224,306,-82
102000225,892,640,252
102000226,1972,117,1855
102000227,35,1,34
102000228,0,75,-75
102000229,14,12,2
102000230,170,495,-325
102000231,168,307,-139
102000232,11,93,-82
102000233,293,468,-175
102000234,57,1287,-1230
102000236,282,55,227
102000237,224,126,98
102000238,105,187,-82
102000240,693,422,271
102000241,165,79,86
102000243,7,62,-55
102000245,12,81,-69
102000246,10,23,-13
102000247,969,645,324
102000248,513,501,12
102000249,64,143,-79
102000250,32,324,-292
102000254,20,447,-427
102000266,36,99,-63
102000271,5,0,5
102000286,228,202,26
102000297,914,553,361
102000299,0,0,0
102000301,0,0,0
102000303,0,0,0
102000305,0,0,0
102000307,0,3,-3
102900001,664,510,154
102900002,240,30,210
102900003,13,242,-229
102900005,104,150,-46
102900006,168,112,56
102900007,242,17,225
102900008,67,39,28
102900009,234,53,181
102900010,374,284,90
102900011,1525,138,1387
102900012,301,23,278
102900013,5,34,-29
102900015,490,103,387
102900016,13,99,-86
102900017,31,443,-412
102900018,4,109,-105
102900019,91,214,-123
102900020,18,26,-8
102900021,4,96,-92
102900022,177,26,151
102900023,3,37,-34
102900024,11,60,-49
102900025,169,73,96
102900026,286,859,-573
102900027,34,56,-22
102900028,49,272,-223
102900029,28,38,-10
102900030,188,92,96
102900031,51,84,-33
102900032,3,105,-102
102900033,27,117,-90
102900034,117,106,11
102900035,23,357,-334
102900036,65,493,-428
102900037,53,566,-513
102900038,229,352,-123
102900039,8,205,-197
102900040,56,130,-74
102900041,19,116,-97
102900042,77,221,-144
102900043,61,215,-154
102900044,300,1370,-1070
102900045,29,326,-297
102900046,49,234,-185
102900047,21,577,-556
102900048,217,493,-276
102900049,36,239,-203
102900050,129,250,-121
102900051,56,94,-38
102900053,166,524,-358
102900054,522,444,78
102900055,13,46,-33
102900056,55,307,-252
102900057,0,11,-11
102900058,238,36,202
102900059,3,25,-22
102900060,30,263,-233
102900061,34,337,-303
102900062,33,1056,-1023
102900063,329,331,-2
102900064,126,244,-118
102900065,1606,751,855
102900066,116,8,108
102900068,31,46,-15
102900070,51,488,-437
102900072,3,10,-7
102900073,85,5,80
102900075,21,21,0
102900076,110,18,92
102900077,16,14,2
102900078,16,56,-40
102900079,97,8,89
102900080,94,12,82
102900081,60,167,-107
102900082,5,227,-222
102900083,179,0,179
102900084,3,5,-2
102900085,29,20,9
102900086,3,5,-2
102900087,10,93,-83
102900088,2,15,-13
102900089,183,67,116
102900090,3,347,-344
102900091,34,1,33
102900092,48,706,-658
102900094,0,56,-56
102900095,54,4,50
102900096,16,9,7
102900097,2,78,-76
103000001,1452,2101,-649
103000002,1192,1373,-181
103000003,1874,1708,166
103000004,763,400,363
103000005,1292,1581,-289
103000006,474,925,-451
103000007,392,667,-275
103000008,528,824,-296
103000009,301,499,-198
103000010,171,169,2
103000011,1293,613,680
103000012,669,809,-140
103000013,5424,1512,3912
103000014,950,836,114
103000015,1863,647,1216
103000016,474,548,-74
103000017,150,227,-77
103000018,761,262,499
103000019,74,103,-29
103000020,1000,980,20
103000021,726,795,-69
103000022,616,955,-339
103000023,271,680,-409
103000024,118,121,-3
103000025,48,156,-108
103000026,1507,110,1397
103000027,192,202,-10
103000028,577,239,338
103000029,377,90,287
103000030,1627,438,1189
103000031,1263,758,505
103000032,1657,1326,331
103000033,2150,1727,423
103000034,1299,504,795
103000035,319,545,-226
103000036,407,238,169
103000037,590,271,319
103000038,490,507,-17
103000039,105,407,-302
103000040,124,1102,-978
103000041,1169,2743,-1574
103000042,387,590,-203
103000043,186,1122,-936
103000044,85,232,-147
103000046,118,208,-90
103000047,256,618,-362
103000048,81,104,-23
103000049,58,143,-85
103000050,323,473,-150
103000051,191,346,-155
103000052,713,336,377
103000053,105,245,-140
103000054,984,872,112
103000055,908,1083,-175
103000056,414,2065,-1651
103000057,345,229,116
103000058,189,891,-702
103000059,208,737,-529
103000060,639,630,9
103000061,404,553,-149
103000062,550,671,-121
103000063,440,596,-156
103000064,76,236,-160
103000065,1,279,-278
103000066,36,5,31
103000069,63,290,-227
103000070,406,1115,-709
103000071,507,278,229
103000072,53,740,-687
103000073,127,58,69
103000074,216,45,171
103000075,76,604,-528
103000076,114,61,53
103000077,17,258,-241
103000078,868,132,736
103000079,1079,298,781
103000080,723,88,635
103000081,270,369,-99
103000082,238,109,129
103000083,50,325,-275
103000084,104,3,101
103000085,0,66,-66
103000086,448,159,289
103000087,56,220,-164
103000088,269,204,65
103000089,129,211,-82
103000090,923,731,192
103000091,322,279,43
103000092,137,203,-66
103000093,230,432,-202
103000094,87,55,32
103000095,10,294,-284
103000096,472,52,420
103000097,15,570,-555
103000098,567,50,517
103000099,195,477,-282
103000100,42,622,-580
103000101,207,121,86
103000102,67,519,-452
103000103,215,110,105
103000104,14,169,-155
103000105,38,70,-32
103000106,0,92,-92
103000107,228,43,185
103000108,483,445,38
103000109,245,277,-32
103000110,281,253,28
103000111,277,254,23
103000112,138,203,-65
103000113,239,436,-197
103000114,590,159,431
103000115,216,356,-140
103000116,245,376,-131
103000117,128,328,-200
103000118,814,858,-44
103000119,1438,630,808
103000120,19,39,-20
103000121,199,437,-238
103000122,172,143,29
103000125,2,512,-510
103000126,120,3,117
103000127,2,253,-251
103000128,66,2,64
103000129,0,163,-163
103000130,20,12,8
103000131,188,72,116
103000132,90,38,52
103000133,3,169,-166
103000134,566,275,291
103000135,542,129,413
103000136,477,200,277
103000137,330,348,-18
103000138,658,360,298
103000139,0,36,-36
103000140,86,8,78
103000141,10,91,-81
103000142,110,31,79
103000143,29,158,-129
103000144,94,51,43
103000145,33,38,-5
103000150,76,54,22
103000152,197,161,36
103000153,126,138,-12
103000156,4,495,-491
103000157,141,3,138
103000159,37,31,6
103000162,36,7,29
103000163,5,17,-12
103000164,10,8,2
103000165,96,420,-324
103000166,61,99,-38
103000167,75,98,-23
103000168,45,164,-119
103000169,78,192,-114
103000170,428,501,-73
103000171,23,49,-26
103000172,125,246,-121
103000173,118,604,-486
103000174,109,253,-144
103000175,120,487,-367
103000176,566,164,402
103000177,547,416,131
103000178,315,235,80
103000179,79,23,56
103000183,53,38,15
103000185,39,63,-24
103000186,50,161,-111
103000187,109,631,-522
103000188,4,72,-68
103000189,449,742,-293
103000191,347,358,-11
103000292,1981,481,1500
103000293,1215,562,653
103000295,58,52,6
103000296,140,6,134
103000297,8,9,-1
103000504,2,5,-3
103000505,7,8,-1
103000506,2,163,-161
103000507,78,0,78
103000508,50,21,29
103000509,169,381,-212
103900001,0,129,-129
103900002,1555,92,1463
103900003,1186,191,995
103900004,7,0,7
103900005,1,197,-196
103900006,2,53,-51
103900007,4,0,4
103900008,1,1,0
103900010,86,175,-89
103900012,1,8,-7
103900014,9,27,-18
103900015,31,12,19
103900017,12,76,-64
103900018,712,103,609
103900019,26,91,-65
103900020,68,139,-71
103900021,584,260,324
103900022,389,618,-229
103900023,29,0,29
103900024,42,385,-343
103900025,1,11,-10
103900026,4,0,4
103900027,146,141,5
103900028,46,163,-117
103900029,493,70,423
103900030,61,6,55
103900031,1,1,0
103900032,27,21,6
103900033,9,2,7
103900034,10,173,-163
103900035,15,36,-21
103900036,42,6,36
103900037,6,28,-22
103900038,66,36,30
103900039,25,439,-414
103900040,8,130,-122
103900041,3,11,-8
103900042,27,464,-437
103900043,31,71,-40
103900044,113,55,58
103900045,115,119,-4
103900047,11,24,-13
103900048,24,3,21
103900049,128,846,-718
103900050,2,94,-92
103900051,0,27,-27
103900053,56,889,-833
103900054,14,663,-649
103900055,53,17,36
103900056,6,51,-45
103900057,4,256,-252
103900058,43,608,-565
103900059,0,0,0
103900060,7,158,-151
103900061,26,46,-20
103900062,35,29,6
103900063,4,0,4
103900064,4,2,2
103900065,395,54,341
103900066,27,2,25
103900067,19,4,15
103900068,0,0,0
103900069,4,2,2
103900070,88,194,-106
103900071,10,125,-115
103900072,5,298,-293
103900073,10,7,3
103900074,9,113,-104
103900075,61,70,-9
103900076,126,612,-486
103900077,31,32,-1
103900078,12,70,-58
103900079,36,187,-151
103900080,7,17,-10
103900081,101,1,100
103900082,5,84,-79
103900083,1639,129,1510
103900084,21,63,-42
103900085,64,59,5
103900086,103,175,-72
103900088,366,95,271
103900089,83,155,-72
103900090,0,143,-143
103900091,615,169,446
103900092,100,561,-461
103900093,56,368,-312
103900094,4,179,-175
103900095,175,381,-206
103900096,7,293,-286
103900097,2,372,-370
103900098,72,70,2
103900099,8,173,-165
103900100,41,306,-265
103900101,49,634,-585
103900102,2,29,-27
103900104,1,24,-23
103900105,84,124,-40
103900106,0,22,-22
103900107,17,134,-117
103900108,15,410,-395
103900109,12,75,-63
103900110,66,36,30
103900111,14,572,-558
103900112,10,25,-15
103900113,47,66,-19
103900114,408,525,-117
103900115,115,43,72
103900116,4814,520,4294
103900117,196,74,122
103900119,6,29,-23
103900120,17,46,-29
103900122,10,243,-233
103900123,1143,277,866
103900124,25,575,-550
103900125,52,66,-14
103900126,91,393,-302
103900127,108,553,-445
103900128,100,390,-290
103900131,12,98,-86
103900133,402,4,398
103900134,0,0,0
103900135,0,1,-1
103900137,0,10,-10
103900138,5,203,-198
103900139,245,580,-335
103900140,1,10,-9
103900141,120,51,69
103900142,30,155,-125
103900143,9,1,8
103900144,0,62,-62
103900145,69,262,-193
103900146,150,290,-140
103900147,130,56,74
103900148,187,394,-207
103900149,26,551,-525
103900150,5390,910,4480
103900151,9,105,-96
103900152,81,502,-421
103900153,0,0,0
103900154,1491,486,1005
103900155,3,152,-149
103900156,6,111,-105
103900157,6,191,-185
103900158,11,141,-130
103900159,12,39,-27
103900160,38,8,30
103900161,26,111,-85
103900162,246,504,-258
103900163,5,269,-264
103900167,3,25,-22
103900168,9,85,-76
103900169,5,18,-13
103900170,0,110,-110
103900171,0,45,-45
103900172,5,28,-23
103900173,1,2,-1
103900174,17,27,-10
103900175,33,14,19
103900176,3,8,-5
103900177,2,16,-14
103900178,5,32,-27
103900179,18,141,-123
103900180,0,75,-75
103900181,38,16,22
103900182,29,4,25
103900184,365,11,354
103900185,113,59,54
103900187,35,16,19
103900188,12,10,2
103900189,23,3,20
103900190,9,25,-16
103900191,12,33,-21
103900192,15,49,-34
103900193,93,61,32
103900194,17,251,-234
103900195,2,26,-24
103900196,4,8,-4
103900197,0,32,-32
103900198,1,48,-47
103900199,45,56,-11
103900200,72,173,-101
103900201,29,175,-146
103900202,2,31,-29
103900203,21,25,-4
103900204,2,91,-89
103900207,0,112,-112
103900208,13,0,13
103900209,2,86,-84
103900210,0,25,-25
103900211,116,561,-445
103900212,32,517,-485
103900213,75,148,-73
103900214,151,44,107
103900215,661,175,486
103900216,7,386,-379
103900217,192,2,190
103900218,14,178,-164
103900219,41,240,-199
103900233,24,5,19
103900235,13,12,1
103900236,14,1,13
103900242,0,1,-1
103900243,3,4,-1
103900244,14,253,-239
103900245,15,147,-132
103900246,49,15,34
103900247,22,105,-83
103900248,0,10,-10
103900249,1,10,-9
103900250,11,12,-1
103900251,0,19,-19
103900253,16,17,-1
103900254,2,2,0
103900255,7,4,3
103900256,17,11,6
103900257,79,54,25
103900258,8,1,7
103900259,35,2,33
103900261,4,1,3
103900262,7,1,6
103900263,30,22,8
103900264,41,3,38
103900265,28,0,28
103900266,0,23,-23
103900267,2,72,-70
103900268,6,129,-123
103900269,104,31,73
103900270,4,174,-170
103900271,16,176,-160
103900272,0,14,-14
103900273,0,3,-3
103900274,2,4,-2
103900275,8,0,8
103900276,0,19,-19
103900277,1,17,-16
103900278,1,7,-6
103900279,0,2,-2
103900280,0,28,-28
104000001,1223,1815,-592
104000002,954,1988,-1034
104000003,1529,1714,-185
104000004,2722,1770,952
104000005,698,1370,-672
104000006,1839,2322,-483
104000007,2514,2659,-145
104000008,168,486,-318
104000009,79,107,-28
104000010,81,158,-77
104000011,490,498,-8
104000012,63,446,-383
104000013,46,93,-47
104000014,156,507,-351
104000015,81,92,-11
104000016,227,316,-89
104000018,343,101,242
104000019,185,53,132
104000020,135,794,-659
104000021,145,672,-527
104000022,75,274,-199
104000023,343,264,79
104000024,121,324,-203
104000026,46,183,-137
104000027,138,395,-257
104000028,136,239,-103
104000029,232,528,-296
104000030,100,196,-96
104000031,344,171,173
104000032,127,317,-190
104000033,212,224,-12
104000034,203,352,-149
104000035,308,316,-8
104000036,241,539,-298
104000037,149,259,-110
104000038,194,425,-231
104000039,74,446,-372
104000040,315,379,-64
104000041,462,248,214
104000042,159,428,-269
104000043,148,349,-201
104000044,202,825,-623
104000045,566,1169,-603
104000046,992,1517,-525
104000047,408,1203,-795
104000048,818,1885,-1067
104000049,276,296,-20
104000050,141,503,-362
104000051,58,586,-528
104000052,664,1104,-440
104000053,466,663,-197
104000054,222,309,-87
104000055,2798,2124,674
104000056,1879,234,1645
104000057,131,602,-471
104000058,389,581,-192
104000059,246,969,-723
104000060,270,731,-461
104000061,825,953,-128
104000062,184,279,-95
104000064,689,242,447
104000065,42,225,-183
104000069,1012,383,629
104000070,59,238,-179
104000071,192,376,-184
104000072,877,412,465
104000075,27,213,-186
104000076,255,12,243
104000082,1211,1482,-271
104000083,466,212,254
104000084,69,333,-264
104000085,182,165,17
104000086,119,282,-163
104000087,306,550,-244
104000090,363,1297,-934
104000092,431,2026,-1595
104000094,457,1736,-1279
104000095,808,1071,-263
104000096,437,246,191
104000097,823,842,-19
104000098,686,1104,-418
104000100,595,525,70
104000101,696,2135,-1439
104000106,178,493,-315
104000107,282,447,-165
104000108,234,441,-207
104000109,170,18,152
104000110,591,687,-96
104000111,3947,919,3028
104000112,1728,370,1358
104000116,3,1317,-1314
104000117,59,819,-760
104000118,147,231,-84
104000119,333,173,160
104000120,111,823,-712
104000121,115,504,-389
104000122,274,504,-230
104000123,586,1229,-643
104000124,1169,2179,-1010
104000125,3762,1884,1878
104000126,131,365,-234
104000127,1323,3938,-2615
104000128,553,345,208
104000129,239,19,220
104000130,10,130,-120
104000131,844,607,237
104000132,562,864,-302
104000133,821,608,213
104000134,547,916,-369
104000135,290,549,-259
104000136,648,1245,-597
104000137,1406,155,1251
104000138,1074,246,828
104000139,7540,2399,5141
104000141,1180,1691,-511
104000142,442,906,-464
104000143,232,802,-570
104000144,30,130,-100
104000145,203,108,95
104000146,326,498,-172
104000147,60,290,-230
104000148,126,102,24
104000149,141,413,-272
104000150,268,264,4
104000151,198,616,-418
104000152,218,643,-425
104000153,86,246,-160
104000154,975,520,455
104000155,130,305,-175
104000157,1016,1845,-829
104000158,135,179,-44
104000159,264,229,35
104000160,1055,850,205
104000161,131,104,27
104000162,35,89,-54
104000165,1132,818,314
104000167,270,322,-52
104000168,256,4,252
104000169,23,15,8
104000170,764,203,561
104000248,104,535,-431
104000251,22,288,-266
104000272,0,0,0
104000273,0,0,0
104000274,0,0,0
104000275,0,0,0
104000279,2570,775,1795
104000290,25,280,-255
104000291,622,931,-309
104000293,405,547,-142
104000294,0,0,0
104000295,250,532,-282
104000296,206,675,-469
104000297,609,1159,-550
104000298,1655,830,825
104000299,379,1054,-675
104000302,187,145,42
104000303,194,116,78
104900001,46,347,-301
104900002,15,67,-52
104900003,15,306,-291
104900004,29,263,-234
104900005,92,134,-42
104900006,79,27,52
104900007,95,160,-65
104900009,31,389,-358
104900010,16,7,9
104900011,0,0,0
104900012,57,1,56
104900013,30,1,29
104900014,2873,160,2713
104900015,69,1,68
104900016,61,182,-121
104900017,20,142,-122
104900018,0,192,-192
104900019,184,640,-456
104900020,14,286,-272
104900021,0,175,-175
104900022,1,110,-109
104900023,1,82,-81
104900024,2,99,-97
104900025,27,295,-268
104900026,0,86,-86
104900027,101,130,-29
104900028,17,70,-53
104900029,17,45,-28
104900030,180,165,15
104900031,91,138,-47
104900032,36,112,-76
104900033,29,54,-25
104900034,91,55,36
104900035,61,54,7
104900036,43,20,23
104900037,54,258,-204
104900038,424,129,295
104900039,400,21,379
104900040,53,53,0
104900041,86,53,33
104900042,55,261,-206
104900043,4,2,2
104900044,106,73,33
104900045,94,43,51
104900046,21,87,-66
104900047,57,86,-29
104900048,84,36,48
104900049,2,2,0
104900050,38,52,-14
104900051,20,18,2
104900052,3,0,3
104900053,105,16,89
104900054,68,12,56
104900055,7,1,6
104900056,103,2,101
104900057,10,0,10
104900058,107,65,42
104900059,0,12,-12
104900061,179,462,-283
104900063,9,116,-107
104900064,0,71,-71
104900065,0,72,-72
104900066,2,179,-177
104900067,0,134,-134
104900068,1,217,-216
104900070,37,247,-210
104900071,0,623,-623
104900072,12,138,-126
104900073,19,207,-188
104900074,23,144,-121
104900075,20,53,-33
104900076,27,391,-364
104900077,945,35,910
104900078,64,650,-586
104900079,85,110,-25
104900080,17,506,-489
104900082,5,230,-225
104900085,10,271,-261
104900089,15,0,15
104900091,280,593,-313
104900093,104,434,-330
104900097,2337,747,1590
104900098,19,44,-25
104900099,21,218,-197
104900100,592,88,504
104900102,18,166,-148
104900103,306,72,234
104900106,16,103,-87
104900107,21,270,-249
104900108,9,200,-191
104900109,18,39,-21
104900110,3,18,-15
104900111,50,90,-40
104900112,91,801,-710
104900113,250,338,-88
104900114,119,561,-442
104900115,217,493,-276
104900116,43,227,-184
104900118,14,61,-47
104900119,1,22,-21
104900120,98,12,86
104900121,2,73,-71
104900122,0,45,-45
104900123,1,1,0
104900124,1,0,1
104900125,108,0,108
104900126,89,43,46
104900127,18,17,1
104900128,20,48,-28
104900129,1830,451,1379
105000001,1381,1606,-225
105000002,1262,1462,-200
105000003,1598,3027,-1429
105000004,299,803,-504
105000005,384,859,-475
105000006,631,1122,-491
105000007,455,876,-421
105000008,416,1197,-781
105000009,687,1638,-951
105000010,2055,1850,205
105000011,1123,1372,-249
105000012,2682,2561,121
105000013,420,689,-269
105000014,742,1293,-551
105000015,4325,2955,1370
105000016,2028,1204,824
105000017,1131,824,307
105000018,872,649,223
105000019,955,671,284
105000020,81,204,-123
105000021,202,107,95
105000022,56,23,33
105000023,193,143,50
105000028,37,126,-89
105000029,243,460,-217
105000030,3269,2919,350
105000031,1,19,-18
105000033,789,1992,-1203
105000034,62,369,-307
105000037,338,375,-37
105000038,1050,754,296
105000039,2501,1470,1031
105000040,386,490,-104
105000041,310,992,-682
105000042,1523,662,861
105000043,1390,1731,-341
105000044,138,184,-46
105000045,163,750,-587
105000046,299,209,90
105000047,222,1312,-1090
105000048,213,157,56
105000049,201,703,-502
105000050,201,200,1
105000051,130,565,-435
105000052,178,742,-564
105000053,76,177,-101
105000054,112,702,-590
105000055,193,344,-151
105000056,366,1799,-1433
105000057,656,859,-203
105000058,1317,1147,170
105000059,347,303,44
105000060,358,495,-137
105000061,208,231,-23
105000062,716,794,-78
105000063,144,631,-487
105000064,330,349,-19
105000065,200,858,-658
105000066,504,1757,-1253
105000067,298,309,-11
105000068,332,708,-376
105000069,1831,364,1467
105000070,549,597,-48
105000071,85,259,-174
105000072,565,562,3
105000073,365,313,52
105000074,618,783,-165
105000075,298,643,-345
105000076,957,897,60
105000077,1310,693,617
105000078,878,811,67
105000079,1218,1334,-116
105000080,876,468,408
105000081,593,512,81
105000082,304,232,72
105000083,407,346,61
105000084,237,905,-668
105000085,814,668,146
105000086,379,776,-397
105000087,1787,1392,395
105000088,1031,822,209
105000089,2722,2141,581
105000090,748,669,79
105000091,1733,1386,347
105000092,347,1024,-677
105000093,285,196,89
105000094,148,144,4
105000095,95,368,-273
105000096,674,486,188
105000097,807,526,281
105000098,327,336,-9
105000099,422,751,-329
105000100,510,1105,-595
105000101,988,1608,-620
105000102,883,1258,-375
105000103,867,1565,-698
105000104,703,796,-93
105000105,479,1258,-779
105000106,484,996,-512
105000107,466,605,-139
105000108,658,1290,-632
105000109,640,1040,-400
105000110,312,618,-306
105000111,319,418,-99
105000112,469,612,-143
105000113,139,334,-195
105000114,2569,636,1933
105000115,200,433,-233
105000116,280,291,-11
105000117,529,1288,-759
105000118,85,307,-222
105000119,252,930,-678
105000120,301,520,-219
105000121,420,886,-466
105000122,127,301,-174
105000123,773,1160,-387
105000124,917,815,102
105000125,358,1340,-982
105000126,1043,1575,-532
105000127,1201,1289,-88
105000128,144,981,-837
105000129,375,291,84
105000130,36,545,-509
105000131,219,246,-27
105000132,298,279,19
105000133,135,905,-770
105000134,166,394,-228
105000135,270,606,-336
105000136,45,273,-228
105000137,208,197,11
105000138,172,291,-119
105000139,593,918,-325
105000140,151,374,-223
105000141,91,491,-400
105000142,40,338,-298
105000143,84,414,-330
105000144,172,461,-289
105000145,280,413,-133
105000146,328,540,-212
105000147,344,251,93
105000148,691,425,266
105000149,967,720,247
105000150,1593,993,600
105000151,147,189,-42
105000152,99,475,-376
105000153,347,271,76
105000154,543,669,-126
105000155,197,250,-53
105000156,616,594,22
105000157,745,1230,-485
105000158,1187,558,629
105000159,285,982,-697
105000160,816,441,375
105000161,439,1502,-1063
105000162,242,827,-585
105000163,854,877,-23
105000164,134,212,-78
105000165,1104,2361,-1257
105000166,5457,168,5289
105000167,1893,838,1055
105000168,129,791,-662
105000169,150,355,-205
105000170,21,875,-854
105000171,603,235,368
105000172,20,41,-21
105000173,32,12,20
105000174,29,25,4
105000175,45,126,-81
105000176,54,37,17
105000177,52,59,-7
105000178,54,485,-431
105000179,60,122,-62
105000180,24,101,-77
105000181,46,341,-295
105000182,23,74,-51
105000183,2173,954,1219
105000184,1173,585,588
105000185,897,389,508
105000186,273,885,-612
105000187,428,218,210
105000188,162,80,82
105000189,97,449,-352
105000190,58,276,-218
105000191,217,379,-162
105000192,45,83,-38
105000193,35,96,-61
105000194,120,67,53
105000195,108,849,-741
105000196,50,47,3
105000197,83,467,-384
105000198,260,176,84
105000199,108,111,-3
105000200,56,122,-66
105000201,23,14,9
105000203,11,300,-289
105000204,59,83,-24
105000205,67,302,-235
105000207,484,167,317
105000208,166,265,-99
105000209,135,247,-112
105000211,55,16,39
105000212,586,1119,-533
105000213,165,114,51
105000214,55,187,-132
105000215,71,202,-131
105000216,54,298,-244
105000217,52,304,-252
105000218,263,671,-408
105000221,75,194,-119
105000222,52,49,3
105000223,53,137,-84
105000226,10,290,-280
105000227,31,144,-113
105000228,95,434,-339
105000229,52,183,-131
105000231,74,167,-93
105000233,441,408,33
105000234,345,935,-590
105000235,105,376,-271
105000237,276,31,245
105000243,14,43,-29
105000248,26,29,-3
105000262,94,1458,-1364
105000269,49,102,-53
105000270,100,94,6
105000271,0,214,-214
105000282,50,25,25
105000287,239,83,156
105000288,151,245,-94
105000289,379,507,-128
105000290,12,1,11
105000402,3254,823,2431
105000426,206,370,-164
105000438,338,365,-27
105000440,1,26,-25
105000446,8106,3121,4985
105000447,4494,1811,2683
105000454,77,744,-667
105000455,217,153,64
105000474,3,0,3
105000477,69,284,-215
105000478,610,1127,-517
105000479,36,86,-50
105000480,807,1114,-307
105000481,1322,1274,48
105000482,3052,2058,994
105000483,747,740,7
105000484,1615,2222,-607
105000485,622,988,-366
105000486,2136,1711,425
105000488,1592,1626,-34
105000489,326,508,-182
105000549,18,109,-91
105000550,386,783,-397
105000551,14,58,-44
105000552,2566,1467,1099
105000555,589,443,146
105000556,20,23,-3
105000557,46,286,-240
105900001,5,557,-552
105900002,1233,186,1047
105900003,6,72,-66
105900004,243,49,194
105900005,4,151,-147
105900006,2,34,-32
105900007,36,11,25
105900008,9,504,-495
105900009,6,7,-1
105900011,30,39,-9
105900012,163,134,29
105900013,0,5,-5
105900014,1,77,-76
105900015,102,213,-111
105900016,82,492,-410
105900017,309,33,276
105900018,84,161,-77
105900019,25,457,-432
105900020,12,40,-28
105900021,8,219,-211
105900022,60,192,-132
105900023,1,79,-78
105900024,4,127,-123
105900025,19,11,8
105900026,110,7,103
105900027,2893,1794,1099
105900028,12,109,-97
105900029,1441,236,1205
105900030,96,219,-123
105900031,236,116,120
105900032,23,61,-38
105900033,17,65,-48
105900034,66,162,-96
105900035,68,97,-29
105900036,7,67,-60
105900037,30,40,-10
105900038,74,210,-136
105900039,23,106,-83
105900040,24,68,-44
105900041,106,212,-106
105900042,14,71,-57
105900043,1093,30,1063
105900044,2,81,-79
105900045,0,309,-309
105900046,0,117,-117
105900047,14,9,5
105900048,28,289,-261
105900050,1271,279,992
105900051,2,787,-785
105900052,173,20,153
105900053,2413,644,1769
105900054,195,120,75
105900056,780,94,686
105900057,16,113,-97
105900058,6,23,-17
105900059,0,17,-17
106000001,1871,642,1229
106000002,1658,2365,-707
106000003,2050,1390,660
106000004,1604,1546,58
106000005,1316,3175,-1859
106000006,3923,3280,643
106000007,353,433,-80
106000008,300,240,60
106000009,297,255,42
106000010,270,418,-148
106000011,303,843,-540
106000012,403,1049,-646
106000013,801,1323,-522
106000014,1311,1338,-27
106000015,669,749,-80
106000016,675,1640,-965
106000017,445,486,-41
106000018,321,562,-241
106000019,153,397,-244
106000020,116,337,-221
106000021,130,446,-316
106000022,149,280,-131
106000023,314,282,32
106000024,256,752,-496
106000025,82,133,-51
106000026,87,379,-292
106000027,370,647,-277
106000028,356,652,-296
106000029,527,1236,-709
106000030,535,147,388
106000034,112,403,-291
106000035,477,603,-126
106000036,216,132,84
106000037,843,1028,-185
106000038,260,72,188
106000039,78,44,34
106000040,82,496,-414
106000041,543,150,393
106000043,336,38,298
106000046,211,40,171
106000047,17,302,-285
106000049,211,43,168
106000050,158,583,-425
106000051,177,246,-69
106000052,38,467,-429
106000053,84,55,29
106000054,185,369,-184
106000055,250,381,-131
106000056,149,452,-303
106000057,118,98,20
106000058,94,132,-38
106000059,93,175,-82
106000060,377,479,-102
106000061,108,200,-92
106000062,119,468,-349
106000063,346,316,30
106000064,27,314,-287
106000065,115,94,21
106000066,64,288,-224
106000067,103,60,43
106000068,19,488,-469
106000069,53,54,-1
106000070,174,592,-418
106000071,296,181,115
106000072,3302,939,2363
106000073,1208,1124,84
106000074,165,509,-344
106000075,147,628,-481
106000076,599,920,-321
106000077,1401,816,585
106000078,262,578,-316
106000079,214,700,-486
106000080,450,681,-231
106000081,232,648,-416
106000082,1367,759,608
106000083,153,696,-543
106000084,373,468,-95
106000085,749,674,75
106000086,353,424,-71
106000087,303,360,-57
106000088,214,552,-338
106000089,272,344,-72
106000090,119,459,-340
106000091,157,475,-318
106000092,274,166,108
106000093,100,71,29
106000094,47,324,-277
106000095,156,974,-818
106000096,294,511,-217
106000097,398,1208,-810
106000098,173,765,-592
106000099,94,909,-815
106000100,374,241,133
106000101,690,245,445
106000102,155,426,-271
106000103,97,563,-466
106000104,373,278,95
106000105,195,788,-593
106000106,246,377,-131
106000107,74,534,-460
106000108,122,233,-111
106000109,49,392,-343
106000110,75,192,-117
106000111,107,560,-453
106000112,64,250,-186
106000113,926,579,347
106000114,359,241,118
106000115,153,553,-400
106000116,114,177,-63
106000117,602,713,-111
106000118,524,752,-228
106000119,1921,769,1152
106000120,427,573,-146
106000121,61,161,-100
106000122,35,266,-231
106000123,135,216,-81
106000124,18,273,-255
106000125,7,307,-300
106000126,76,183,-107
106000127,231,834,-603
106000128,214,310,-96
106000129,186,607,-421
106000130,258,276,-18
106000131,68,486,-418
106000132,680,128,552
106000133,3337,526,2811
106000134,498,652,-154
106000135,158,775,-617
106000136,330,238,92
106000137,47,1351,-1304
106000138,309,48,261
106000139,10,84,-74
106000140,28,93,-65
106000141,8,130,-122
106000142,9,41,-32
106000143,11,136,-125
106000144,22,39,-17
106000145,71,338,-267
106000146,63,59,4
106000147,358,767,-409
106000148,527,889,-362
106000149,203,494,-291
106000150,313,1193,-880
106000151,3587,495,3092
106000152,1091,659,432
106000153,56,979,-923
106000154,1209,152,1057
106000155,31,112,-81
106000156,265,194,71
106000157,264,1154,-890
106000158,2652,493,2159
106000159,3544,794,2750
106000160,98,948,-850
106000161,753,366,387
106000162,81,398,-317
106000163,90,471,-381
106000164,103,205,-102
106000165,80,570,-490
106000166,215,163,52
106000167,128,1132,-1004
106000168,78,155,-77
106000169,58,609,-551
106000170,126,172,-46
106000171,27,584,-557
106000172,1437,570,867
106000173,474,1726,-1252
106000174,385,171,214
106000175,155,777,-622
106000176,551,420,131
106000177,379,1515,-1136
106000178,1658,920,738
106000179,650,1391,-741
106000180,681,1246,-565
106000181,157,1457,-1300
106000182,268,469,-201
106000183,263,738,-475
106000184,566,695,-129
106000185,427,589,-162
106000186,497,104,393
106000187,98,546,-448
106000188,0,0,0
106000189,1,35,-34
106000190,3,1,2
106000191,474,114,360
106000192,0,10,-10
106000193,210,97,113
106000194,103,387,-284
106000195,85,34,51
106000196,31,239,-208
106000197,102,186,-84
106000198,70,262,-192
106000199,583,513,70
106000200,280,132,148
106000201,358,632,-274
106000202,4926,367,4559
106000203,148,135,13
106000204,7,5,2
106000205,13,105,-92
106000206,16,10,6
106000207,30,745,-715
106000208,295,31,264
106000209,414,161,253
106000210,123,1060,-937
106000211,249,1267,-1018
106000212,296,93,203
106000213,401,860,-459
106000214,1552,267,1285
106000215,119,405,-286
106000216,143,194,-51
106000217,118,368,-250
106000218,224,190,34
106000219,62,241,-179
106000220,198,184,14
106000221,46,216,-170
106000222,25,147,-122
106000223,23,121,-98
106000224,73,262,-189
106000225,36,42,-6
106000226,108,335,-227
106000228,6,114,-108
106000229,31,643,-612
106000231,184,60,124
106000232,17,367,-350
106000233,172,73,99
106000234,74,192,-118
106000235,121,25,96
106000236,38,22,16
106000237,0,12,-12
106000238,2,4,-2
106000239,0,44,-44
106000240,20,2,18
106000241,17,530,-513
106000242,137,5,132
106000249,12,27,-15
106000250,36,320,-284
106000251,16,23,-7
106000252,11,90,-79
106000253,6,49,-43
106000254,22,55,-33
106000255,5,61,-56
106000256,40,105,-65
106000257,76,185,-109
106000258,46,21,25
106000259,2,29,-27
106000260,5,22,-17
106000261,0,54,-54
106000262,17,16,1
106000263,2,60,-58
106000264,67,7,60
106000265,5,127,-122
106000266,56,9,47
106000267,3,69,-66
106000268,236,6,230
106000269,57,36,21
106000270,111,313,-202
106000271,20,158,-138
106000272,87,32,55
106000273,6,99,-93
106000274,134,19,115
106000275,72,110,-38
106000276,54,40,14
106000277,84,88,-4
106000278,143,40,103
106000279,6,43,-37
106000280,30,102,-72
106000281,46,63,-17
106000282,33,46,-13
106000283,23,81,-58
106000284,20,92,-72
106000285,42,122,-80
106000286,57,100,-43
106000287,49,80,-31
106000288,42,110,-68
106000289,27,60,-33
106000290,44,72,-28
106000291,22,89,-67
106000292,41,116,-75
106000293,51,57,-6
106000294,56,101,-45
106000295,20,22,-2
106000296,24,63,-39
106000297,55,138,-83
106000298,88,39,49
106000299,43,77,-34
106000300,17,47,-30
106000301,35,51,-16
106000303,8,28,-20
106000304,28,25,3
106000305,6,9,-3
106000306,41,54,-13
106000307,8,3,5
106000308,44,118,-74
106000309,16,74,-58
106000310,85,394,-309
106000311,120,72,48
106000312,29,136,-107
106000313,51,167,-116
106000318,106,134,-28
106000319,243,25,218
106000320,2,24,-22
106000321,168,24,144
106000322,36,190,-154
106000324,2,146,-144
106000325,520,732,-212
106000326,480,1421,-941
106000327,66,195,-129
106000328,2,67,-65
106000329,17,205,-188
106000330,14,34,-20
106000428,30,139,-109
106000429,64,495,-431
106000430,205,1282,-1077
106000431,535,214,321
106000432,870,2053,-1183
106000433,563,469,94
106000434,1332,493,839
106000435,1539,1838,-299
106000436,13,291,-278
106000437,95,16,79
106000438,187,35,152
106000439,82,350,-268
106000440,142,391,-249
106000441,0,0,0
106000442,101,1,100
106000443,45,545,-500
106000450,3,134,-131
106000451,11,6,5
106000454,3,46,-43
106000455,12,163,-151
106000456,51,6,45
106000457,7,821,-814
106000458,134,118,16
106000459,29,368,-339
106000460,184,32,152
106000461,11,1521,-1510
106000462,0,11,-11
106000463,5,26,-21
106000464,5,578,-573
106000465,109,2,107
106000466,0,491,-491
106000467,394,394,0
106000468,28,171,-143
106000469,175,1,174
106000470,102,888,-786
106000471,23,427,-404
106000472,47,7,40
106000473,31,17,14
106000474,202,790,-588
106000475,173,206,-33
106000476,174,103,71
106000477,26,211,-185
106000480,0,45,-45
106900001,0,8,-8
106900002,0,465,-465
106900003,124,449,-325
106900004,0,35,-35
106900006,0,15,-15
106900007,0,9,-9
106900008,27,186,-159
106900009,115,309,-194
106900010,47,268,-221
106900012,1237,656,581
106900013,154,19,135
106900014,13,0,13
106900015,5,1,4
106900016,31,2,29
106900017,0,0,0
106900018,2,0,2
106900019,9,0,9
106900020,1982,256,1726
106900021,9,16,-7
106900022,49,0,49
106900023,22,261,-239
106900024,143,5,138
106900025,26,421,-395
106900026,2,727,-725
106900027,131,0,131
107000001,1496,1022,474
107000002,1832,2835,-1003
107000003,2864,3386,-522
107000004,4081,4928,-847
107000005,911,2315,-1404
107000006,2340,5511,-3171
107000007,3553,3467,86
107000008,16104,9568,6536
107000009,3012,3143,-131
107000010,8238,9369,-1131
107000011,644,1065,-421
107000012,2961,2824,137
107000013,43,172,-129
107000014,13,283,-270
107000015,258,805,-547
107000016,198,1147,-949
107000017,1560,627,933
107000018,3,172,-169
107000020,1009,274,735
107000021,478,810,-332
107000022,553,1330,-777
107000023,875,379,496
107000024,304,1887,-1583
107000025,103,310,-207
107000026,113,688,-575
107000027,762,552,210
107000028,810,1444,-634
107000029,970,994,-24
107000030,2542,2759,-217
107000031,1341,1113,228
107000032,164,570,-406
107000033,3569,2898,671
107000034,4342,1597,2745
107000035,278,123,155
107000036,353,691,-338
107000037,54,469,-415
107000038,214,195,19
107000039,296,399,-103
107000040,92,297,-205
107000041,748,344,404
107000042,412,1159,-747
107000043,2026,549,1477
107000044,368,354,14
107000045,152,240,-88
107000046,287,195,92
107000047,212,737,-525
107000048,236,222,14
107000049,280,551,-271
107000050,350,332,18
107000051,343,222,121
107000052,653,399,254
107000053,170,74,96
107000054,26,207,-181
107000055,172,133,39
107000056,420,701,-281
107000057,1693,208,1485
107000058,945,1134,-189
107000059,1240,2044,-804
107000060,1859,3064,-1205
107000061,3697,3015,682
107000062,1387,1872,-485
107000063,2342,4366,-2024
107000064,1356,1388,-32
107000065,2289,5023,-2734
107000066,1017,1408,-391
107000067,471,657,-186
107000068,1131,470,661
107000069,208,309,-101
107000070,130,3,127
107000071,574,6,568
107000072,18,2769,-2751
107000073,117,70,47
107000074,75,623,-548
107000075,477,74,403
107000076,475,1559,-1084
107000077,1153,210,943
107000078,890,2734,-1844
107000079,751,258,493
107000080,736,2676,-1940
107000081,536,361,175
107000082,292,2534,-2242
107000083,473,142,331
107000084,337,2116,-1779
107000085,1865,2356,-491
107000086,2575,1917,658
107000087,1410,1385,25
107000088,1799,2462,-663
107000089,894,1234,-340
107000090,661,913,-252
107000091,520,809,-289
107000092,424,944,-520
107000093,544,620,-76
107000094,513,1045,-532
107000095,237,502,-265
107000096,383,649,-266
107000097,276,321,-45
107000098,242,758,-516
107000099,232,156,76
107000100,171,307,-136
107000101,29,106,-77
107000102,279,370,-91
107000103,249,119,130
107000104,154,233,-79
107000105,143,104,39
107000106,94,272,-178
107000107,224,130,94
107000108,97,923,-826
107000109,172,60,112
107000110,26,484,-458
107000111,76,25,51
107000112,10,311,-301
107000113,201,94,107
107000114,50,591,-541
107000115,126,37,89
107000116,27,775,-748
107000117,21,152,-131
107000118,63,191,-128
107000119,1131,580,551
107000120,2093,258,1835
107000121,139,409,-270
107000122,467,559,-92
107000123,98,621,-523
107000124,160,663,-503
107000125,285,656,-371
107000126,347,945,-598
107000129,119,1010,-891
107000130,165,129,36
107000131,121,610,-489
107000132,176,167,9
107000133,186,78,108
107000134,51,2,49
107000135,2,162,-160
107000136,221,2,219
107000137,6,277,-271
107000138,164,6,158
107000139,7,222,-215
107000140,381,14,367
107000141,95,642,-547
107000142,198,21,177
107000143,21,723,-702
107000144,125,104,21
107000145,100,545,-445
107000146,109,79,30
107000147,3522,753,2769
107000150,773,1124,-351
107000151,18,23,-5
107000152,391,325,66
107000153,295,192,103
107000154,130,44,86
107000155,326,15,311
107000156,523,18,505
107000157,21,2484,-2463
107000158,211,5,206
107000159,24,1256,-1232
107000160,185,63,122
107000161,61,1774,-1713
107000162,81,176,-95
107000163,9,0,9
107000164,55,0,55
107000165,157,1,156
107000166,34,1150,-1116
107000167,233,227,6
107000168,332,166,166
107000169,693,934,-241
107000170,424,247,177
107000171,329,2466,-2137
107000172,478,460,18
107000173,856,952,-96
107000174,920,1323,-403
107000175,9337,1160,8177
107000176,1,0,1
107000177,0,1,-1
107000178,0,26,-26
107000179,112,2793,-2681
107000180,403,233,170
107000181,101,1172,-1071
107000182,475,508,-33
107000183,56,895,-839
107000184,284,521,-237
107000185,76,1007,-931
107000186,159,250,-91
107000187,728,725,3
107000188,339,274,65
107000189,161,625,-464
107000190,215,446,-231
107000191,413,990,-577
107000192,681,731,-50
107000193,204,210,-6
107000194,539,521,18
107000197,223,146,77
107000198,92,581,-489
107000199,383,654,-271
107000200,752,330,422
107000201,211,178,33
107000202,148,419,-271
107000203,451,346,105
107000204,568,432,136
107000205,1981,985,996
107000206,573,504,69
107000207,603,648,-45
107000208,910,174,736
107000209,1096,288,808
107000210,1101,162,939
107000211,7,21,-14
107000212,4,160,-156
107000213,17,9,8
107000214,10,60,-50
107000215,104,309,-205
107000216,69,421,-352
107000217,42,104,-62
107000219,25,88,-63
107000220,25,253,-228
107000222,224,503,-279
107000224,163,15,148
107000225,112,525,-413
107000226,96,46,50
107000227,50,378,-328
107000228,49,125,-76
107000229,155,66,89
107000230,636,486,150
107000231,579,192,387
107000232,26,48,-22
107000233,266,181,85
107000234,2,8,-6
107000235,20,2,18
107000236,3,322,-319
107000237,2,0,2
107000238,5,0,5
107000239,4940,183,4757
107000240,27,1130,-1103
107000243,0,20,-20
107000244,8,66,-58
107000246,3,1041,-1038
107000249,1,654,-653
107000251,0,267,-267
107000252,5,1402,-1397
107000255,469,36,433
107000257,1,579,-578
107000258,1,134,-133
107000259,0,204,-204
107000260,137,0,137
107000262,3,756,-753
107000263,46,3,43
107000266,4,1,3
107000267,40,187,-147
107000268,91,169,-78
107000269,82,27,55
107000270,0,1,-1
107000271,4,931,-927
107000272,2,170,-168
107000273,3,250,-247
107000274,342,1,341
107000275,299,873,-574
107000280,215,11,204
107000281,12,1107,-1095
107000282,14,1560,-1546
107000290,2,64,-62
107000291,5,11,-6
107000292,4,19,-15
107000293,47,6,41
107000294,0,48,-48
107000295,29,2,27
107000296,0,2,-2
107000444,279,1,278
107000496,2,24,-22
107000497,896,2964,-2068
107000500,143,307,-164
107000501,50,148,-98
107000502,59,291,-232
107000505,409,585,-176
107000506,0,5,-5
107000508,5,832,-827
107000509,137,291,-154
107000510,26,15,11
107000514,21,176,-155
107000515,5,286,-281
107000516,67,138,-71
107000518,270,205,65
107000519,2803,970,1833
107000520,38,4,34
107000521,177,394,-217
107000522,265,659,-394
107900001,13,222,-209
107900002,11,0,11
107900003,19,15,4
107900004,0,0,0
107900005,148,3,145
107900006,12,0,12
107900007,83,9,74
107900008,12,41,-29
107900009,49,2,47
107900010,5,0,5
107900012,83,3,80
107900013,141,29,112
107900014,2,1,1
107900015,111,3,108
107900016,252,65,187
107900017,1,1,0
107900018,9,21,-12
107900019,10,83,-73
107900020,45,5,40
107900021,9,137,-128
107900023,0,2,-2
107900024,0,28,-28
107900025,140,205,-65
107900026,8,124,-116
107900027,10,71,-61
107900028,8,75,-67
107900030,73,6,67
107900031,18,197,-179
107900032,0,0,0
107900033,3,3,0
107900034,73,3,70
107900035,184,2,182
107900036,11,2,9
107900037,3,47,-44
107900038,88,34,54
107900039,2,59,-57
107900040,39,57,-18
107900041,0,1,-1
107900043,8,104,-96
107900044,0,0,0
107900045,11,8,3
107900046,66,12,54
107900047,23,48,-25
107900048,29,0,29
107900049,133,196,-63
107900050,74,276,-202
107900051,29,46,-17
107900052,1,4,-3
107900053,28,60,-32
107900055,107,93,14
107900056,39,4,35
107900057,0,0,0
107900058,14,587,-573
107900060,1,33,-32
107900061,14,0,14
107900063,43,82,-39
107900064,108,10,98
107900065,22,4,18
107900066,2,4,-2
107900067,0,0,0
107900068,57,130,-73
107900069,22,247,-225
107900070,13,3,10
107900071,7,635,-628
107900072,9,115,-106
107900073,16,102,-86
107900074,651,77,574
107900076,36,33,3
107900077,20,6,14
107900079,9,6,3
107900080,146,149,-3
107900081,1,60,-59
107900082,18,16,2
107900083,79,45,34
107900084,18,46,-28
107900086,28,41,-13
107900087,143,26,117
107900088,2,7,-5
107900089,197,590,-393
107900090,204,321,-117
107900091,60,315,-255
107900093,25,26,-1
107900095,2218,609,1609
107900097,7,13,-6
107900098,16,98,-82
107900100,628,223,405
107900101,803,57,746
107900102,3,2,1
107900103,33,135,-102
107900104,83,1,82
107900105,2,538,-536
107900106,1,1369,-1368
107900107,771,88,683
107900108,202,30,172
107900109,140,2,138
107900110,4,86,-82
107900111,4,1145,-1141
107900112,62,148,-86
107900113,13,97,-84
107900114,28,209,-181
107900115,0,13,-13
107900116,25,187,-162
107900117,148,248,-100
107900118,36,97,-61
107900119,9,29,-20
107900120,16,5,11
107900121,6,137,-131
107900122,0,35,-35
107900123,0,11,-11
107900124,3,62,-59
107900125,8,141,-133
107900126,0,13,-13
107900127,315,45,270
107900128,43,38,5
107900129,2,23,-21
107900130,7,14,-7
107900131,103,16,87
107900132,67,303,-236
107900133,0,42,-42
107900134,4,1,3
107900135,1,137,-136
107900136,26,17,9
107900137,46,59,-13
107900138,4,14,-10
107900139,0,11,-11
107900141,54,4,50
107900142,42,769,-727
107900143,32,19,13
107900144,1,96,-95
107900145,4,48,-44
107900146,31,96,-65
107900147,18,13,5
107900148,66,109,-43
107900149,1450,55,1395
107900150,37,573,-536
107900151,0,60,-60
107900152,8,159,-151
107900153,38,51,-13
107900154,3,8,-5
107900155,8,20,-12
107900156,0,348,-348
107900157,26,78,-52
107900158,101,2,99
107900159,15,880,-865
107900160,11,101,-90
107900161,2,180,-178
107900162,0,41,-41
107900163,8,34,-26
107900164,2,16,-14
107900165,109,45,64
107900166,3,205,-202
107900167,0,2,-2
107900168,7,62,-55
107900169,14,212,-198
107900171,3,1539,-1536
107900172,1,281,-280
107900173,3,144,-141
107900174,15,4,11
107900175,2,7,-5
107900176,5,36,-31
107900177,0,26,-26
107900178,0,229,-229
107900179,2,114,-112
107900180,799,68,731
107900181,160,334,-174
107900182,101,1558,-1457
107900183,3,279,-276
107900184,16,165,-149
107900185,10,3,7
107900186,24,27,-3
107900187,0,99,-99
107900188,668,47,621
107900189,4,105,-101
107900190,125,15,110
107900191,7,106,-99
107900193,46,25,21
107900194,32,2,30
107900195,3277,217,3060
107900196,51,43,8
107900197,321,34,287
107900199,6,924,-918
107900201,17,102,-85
107900203,25,42,-17
107900204,101,104,-3
107900206,149,120,29
107900207,0,563,-563
107900208,2,703,-701
107900209,193,87,106
107900210,32,93,-61
107900213,136,237,-101
107900214,10,130,-120
107900215,103,212,-109
107900216,18,20,-2
107900217,14,31,-17
107900218,6,1386,-1380
107900219,11,116,-105
107900220,86,29,57
107900221,105,159,-54
107900223,26,493,-467
107900224,113,208,-95
107900225,2,654,-652
107900226,12,72,-60
107900227,52,330,-278
107900228,6,85,-79
107900229,3,243,-240
107900230,5,119,-114
107900231,1,151,-150
107900232,9,259,-250
107900233,2,98,-96
107900234,38,157,-119
107900235,19,69,-50
107900236,26,75,-49
107900237,59,347,-288
107900238,14,105,-91
107900239,982,304,678
107900240,2,111,-109
107900241,1,65,-64
107900242,5,369,-364
107900243,3,28,-25
107900244,119,1,118
107900245,80,14,66
107900246,10,1,9
107900248,80,239,-159
107900249,97,1,96
107900250,1,452,-451
107900251,8,927,-919
107900252,138,4,134
107900253,26,1,25
107900254,19,64,-45
107900255,405,48,357
107900256,201,422,-221
107900257,27,11,16
107900258,24,223,-199
107900259,77,318,-241
107900261,1,397,-396
107900262,31,89,-58
107900264,56,2,54
107900265,39,185,-146
107900267,28,6,22
107900268,39,1,38
107900269,0,5,-5
107900270,0,0,0
107900271,2,1,1
107900272,95,22,73
107900273,3,40,-37
107900274,11,0,11
107900275,8,1,7
107900276,0,42,-42
107900277,1,167,-166
107900278,45,301,-256
107900279,104,30,74
107900280,1560,643,917
107900281,2681,508,2173
107900282,27,81,-54
107900283,1111,199,912
107900284,39,452,-413
107900285,23,107,-84
107900286,54,35,19
107900287,63,66,-3
107900290,0,62,-62
107900291,140,1,139
107900292,59,188,-129
107900293,26,423,-397
107900295,13,112,-99
107900297,1,149,-148
107900298,487,614,-127
107900299,2969,614,2355
107900301,211,98,113
107900302,45,9,36
107900303,20,278,-258
107900304,45,386,-341
107900305,64,3,61
107900306,5,2,3
107900307,21,247,-226
107900308,84,7,77
107900309,4,0,4
107900310,0,0,0
107900311,90,39,51
107900312,0,0,0
107900313,0,60,-60
107900314,2,27,-25
107900315,0,30,-30
107900316,5,0,5
107900317,13,0,13
107900318,3,80,-77
107900319,3,154,-151
107900320,0,125,-125
107900321,27,1,26
107900322,1,151,-150
107900323,4,105,-101
107900324,58,0,58
107900325,16,0,16
107900326,66,264,-198
107900327,0,0,0
107900328,0,0,0
107900329,0,0,0
107900330,1,401,-400
107900331,45,24,21
107900332,43,28,15
107900333,21,9,12
107900334,3,211,-208
107900335,16,49,-33
107900336,6,15,-9
107900337,1092,287,805
107900338,0,63,-63
107900339,2,13,-11
107900340,0,51,-51
107900341,12,0,12
107900342,28,71,-43
107900343,1,1,0
107900344,1,74,-73
107900345,21,42,-21
107900346,2,0,2
107900347,4,0,4
107900348,1,2,-1
107900349,8,1,7
107900350,45,224,-179
107900351,0,184,-184
107900352,1,56,-55
107900353,4,3,1
107900354,0,40,-40
108000001,1646,1608,38
108000002,1793,2737,-944
108000003,1786,964,822
108000004,12538,11497,1041
108000005,2479,1492,987
108000006,2860,4386,-1526
108000007,2458,2122,336
108000008,3423,4562,-1139
108000009,1186,1742,-556
108000010,1539,4079,-2540
108000011,5990,4410,1580
108000012,12830,12488,342
108000014,217,276,-59
108000015,234,195,39
108000016,115,530,-415
108000017,286,243,43
108000018,532,295,237
108000019,742,360,382
108000020,461,200,261
108000021,260,1265,-1005
108000022,292,1058,-766
108000023,471,54,417
108000024,79,555,-476
108000025,58,156,-98
108000026,211,426,-215
108000027,167,546,-379
108000028,87,249,-162
108000029,106,763,-657
108000030,114,131,-17
108000031,63,463,-400
108000032,463,271,192
108000033,261,1023,-762
108000034,666,270,396
108000035,463,2130,-1667
108000036,173,1136,-963
108000037,562,134,428
108000038,794,187,607
108000039,279,1996,-1717
108000040,628,328,300
108000041,533,2097,-1564
108000042,45,171,-126
108000043,74,227,-153
108000044,114,135,-21
108000045,84,668,-584
108000046,493,144,349
108000047,154,829,-675
108000048,71,326,-255
108000049,160,74,86
108000050,83,561,-478
108000051,110,66,44
108000052,189,537,-348
108000053,75,70,5
108000054,269,718,-449
108000055,447,184,263
108000056,943,855,88
108000057,306,379,-73
108000058,1118,1107,11
108000059,2290,1205,1085
108000060,44,318,-274
108000061,266,489,-223
108000062,207,208,-1
108000063,173,551,-378
108000064,75,234,-159
108000065,335,455,-120
108000066,823,373,450
108000067,577,211,366
108000068,214,188,26
108000069,119,952,-833
108000070,531,368,163
108000071,290,1548,-1258
108000072,446,499,-53
108000073,750,1338,-588
108000074,120,213,-93
108000075,165,551,-386
108000076,276,232,44
108000077,472,693,-221
108000078,992,605,387
108000079,803,1615,-812
108000080,427,324,103
108000081,291,2586,-2295
108000082,846,1077,-231
108000083,924,431,493
108000084,199,761,-562
108000085,203,165,38
108000086,514,531,-17
108000087,120,740,-620
108000088,272,91,181
108000089,106,136,-30
108000091,67,445,-378
108000092,49,43,6
108000093,82,686,-604
108000094,169,75,94
108000095,65,377,-312
108000096,79,84,-5
108000097,82,428,-346
108000098,358,954,-596
108000099,383,234,149
108000100,41,291,-250
108000101,483,604,-121
108000102,644,1101,-457
108000106,426,0,426
108000107,1,492,-491
108000108,188,7,181
108000109,6,543,-537
108000110,95,192,-97
108000111,60,465,-405
108000112,29,60,-31
108000113,400,220,180
108000115,339,230,109
108000117,508,146,362
108000118,226,455,-229
108000119,495,372,123
108000120,60,289,-229
108000121,81,407,-326
108000122,123,182,-59
108000123,233,257,-24
108000124,120,515,-395
108000125,48,336,-288
108000126,55,680,-625
108000127,107,419,-312
108000128,116,654,-538
108000129,111,1466,-1355
108000130,61,372,-311
108000131,325,118,207
108000132,986,931,55
108000133,318,233,85
108000134,617,764,-147
108000135,325,151,174
108000136,691,1221,-530
108000137,106,323,-217
108000138,145,1018,-873
108000139,38,308,-270
108000140,9,24,-15
108000141,5,106,-101
108000142,22,97,-75
108000143,48,541,-493
108000144,71,45,26
108000145,14,21,-7
108000146,93,23,70
108000147,4,30,-26
108000148,92,23,69
108000149,10,29,-19
108000150,18,6,12
108000151,112,34,78
108000152,77,564,-487
108000153,64,55,9
108000154,29,17,12
108000155,14,13,1
108000156,484,326,158
108000157,54,197,-143
108000158,55,209,-154
108000159,499,85,414
108000160,3838,375,3463
108000161,3319,611,2708
108000165,4,71,-67
108000172,2,99,-97
108000173,1987,526,1461
108000175,119,56,63
108000178,335,284,51
108000179,148,306,-158
108000181,53,31,22
108000182,184,59,125
108000183,34,272,-238
108000184,937,728,209
108000185,50,639,-589
108000186,57,486,-429
108000187,22,743,-721
108000188,92,162,-70
108000189,1158,1314,-156
108000190,6,58,-52
108000192,42,536,-494
108000193,385,17,368
108000194,6,2,4
108000195,2,730,-728
108000196,35,63,-28
108000198,206,360,-154
108000199,1,86,-85
108000200,108,449,-341
108000203,35,947,-912
108000204,24,16,8
108000205,441,410,31
108000339,1122,178,944
108000364,235,287,-52
108000365,31,296,-265
108000367,65,220,-155
108000368,6,32,-26
108000369,1243,57,1186
108000371,2,472,-470
108000372,137,1,136
108000373,88,194,-106
108000376,48,6,42
108000377,100,264,-164
108000378,6155,4353,1802
108000379,10,91,-81
108000381,8,5,3
108000382,72,15,57
108000383,0,106,-106
108900001,115,929,-814
108900002,138,16,122
108900003,215,732,-517
108900004,426,90,336
108900007,38,64,-26
108900008,4,90,-86
108900009,7,64,-57
108900010,24,92,-68
108900011,76,214,-138
108900012,60,316,-256
108900013,23,167,-144
108900014,0,42,-42
108900015,0,5,-5
108900016,1,132,-131
108900017,69,159,-90
108900018,26,408,-382
108900019,3,955,-952
108900020,12,232,-220
108900021,52,254,-202
108900022,6,0,6
108900023,1,19,-18
108900024,2,136,-134
108900025,4,50,-46
108900026,10,54,-44
108900027,0,93,-93
108900028,7,376,-369
108900029,17,167,-150
108900030,0,108,-108
108900031,14,579,-565
108900032,0,201,-201
108900033,0,34,-34
108900034,0,217,-217
108900035,90,1836,-1746
108900038,0,383,-383
108900039,0,543,-543
108900040,4,67,-63
108900041,4137,1086,3051
108900042,1,121,-120
108900043,8,330,-322
108900044,4,670,-666
108900045,12,558,-546
108900046,16,823,-807
108900047,1,97,-96
108900048,22,697,-675
108900049,3836,385,3451
108900050,0,288,-288
108900051,0,156,-156
108900052,2,190,-188
108900053,61,51,10
108900054,17,192,-175
108900055,26,382,-356
108900056,1,156,-155
108900057,0,118,-118
108900058,8,366,-358
108900059,76,2,74
108900060,24,42,-18
108900061,9,15,-6
108900062,5,328,-323
108900063,1,327,-326
108900064,31,71,-40
108900065,6,270,-264
108900066,56,45,11
108900067,12,217,-205
108900068,2,230,-228
108900069,8,99,-91
108900070,19,145,-126
108900071,23,26,-3
108900072,1613,105,1508
108900073,12,512,-500
108900074,30,400,-370
108900075,23,60,-37
108900076,80,38,42
108900077,120,598,-478
108900078,6,143,-137
108900079,533,152,381
108900080,5,148,-143
108900081,24,212,-188
108900082,14,83,-69
108900083,7,76,-69
108900085,1705,66,1639
108900086,17,275,-258
108900087,85,140,-55
108900088,290,100,190
108900089,14,36,-22
108900090,18,292,-274
108900091,99,67,32
108900092,135,108,27
108900093,21,13,8
108900094,72,25,47
108900095,34,537,-503
108900096,395,19,376
108900097,91,103,-12
108900098,2541,115,2426
108900099,144,268,-124
108900100,12,94,-82
108900101,41,31,10
108900102,123,243,-120
108900103,19,15,4
108900105,2,199,-197
108900106,88,453,-365
108900108,43,8,35
108900109,62,31,31
108900110,31,334,-303
108900111,96,517,-421
108900113,15,6,9
108900114,11,6,5
108900115,22,20,2
108900116,9,0,9
108900117,28,11,17
108900118,95,4,91
108900119,31,16,15
108900120,73,42,31
108900121,63,10,53
108900122,14,20,-6
108900123,30,8,22
108900124,150,45,105
108900125,42,0,42
108900126,14,3,11
108900127,33,24,9
108900128,17,1,16
108900129,206,28,178
108900130,62,0,62
108900131,67,0,67
108900132,72,27,45
108900133,46,9,37
108900134,37,170,-133
108900135,31,1,30
108900136,1,0,1
108900137,9,0,9
108900138,173,2,171
108900140,43,183,-140
108900141,55,5,50
108900142,13,0,13
108900143,4,0,4
108900144,21,0,21
108900145,10,1,9
108900146,7,0,7
108900147,34,0,34
108900148,22,15,7
108900150,105,2,103
108900151,7,0,7
108900152,10,6,4
108900153,15,391,-376
108900154,1331,157,1174
108900156,10,6,4
108900157,7,646,-639
108900158,27,16,11
108900159,2,309,-307
108900160,6,182,-176
108900161,4,437,-433
108900162,11,0,11
108900163,3,76,-73
108900164,18,63,-45
108900168,8292,822,7470
108900169,15,78,-63
108900171,5111,646,4465
108900172,65,9,56
108900173,144,184,-40
108900174,147,285,-138
108900176,72,533,-461
108900177,6716,981,5735
108900178,4028,656,3372
108900180,31,107,-76
108900183,124,153,-29
108900184,93,84,9
108900185,16,229,-213
108900186,16,220,-204
108900189,57,80,-23
108900190,5,2043,-2038
108900192,15,225,-210
108900195,34,294,-260
108900196,2,419,-417
108900199,45,147,-102
108900200,105,189,-84
108900201,64,782,-718
108900203,91,5,86
108900204,89,1,88
108900205,82,5,77
108900206,63,11,52
108900207,41,17,24
108900208,12,280,-268
108900209,164,483,-319
108900210,51,129,-78
108900211,54,92,-38
108900212,360,336,24
108900215,48,565,-517
108900216,154,57,97
108900217,15,0,15
108900218,21,2,19
108900221,13,34,-21
108900224,5,37,-32
108900225,0,81,-81
108900227,29,43,-14
108900230,245,208,37
108900232,3,332,-329
108900233,81,18,63
108900234,112,18,94
108900235,90,420,-330
108900236,6,306,-300
108900240,11,38,-27
108900241,9,6,3
108900245,1,254,-253
108900250,57,57,0
108900258,12,163,-151
108900259,11,35,-24
108900260,2,85,-83
108900261,129,102,27
108900262,247,58,189
108900263,19,242,-223
108900264,173,128,45
108900265,1184,148,1036
108900266,822,135,687
108900267,0,41,-41
108900268,2,4,-2
108900269,12,4,8
108900270,14,0,14
108900271,10,1,9
108900272,32,1,31
108900273,580,153,427
108900274,6,32,-26
109000001,1830,571,1259
109000002,2773,1025,1748
109000003,985,315,670
109000004,304,2286,-1982
109000005,749,487,262
109000006,434,1668,-1234
109000007,471,390,81
109000008,288,1562,-1274
109000009,1682,565,1117
109000010,938,2980,-2042
109000011,1063,948,115
109000012,939,3274,-2335
109000013,1323,956,367
109000014,821,3239,-2418
109000015,2880,2538,342
109000016,7581,3332,4249
109000017,1094,732,362
109000018,508,3104,-2596
109000019,1239,675,564
109000020,1077,2004,-927
109000023,167,10,157
109000024,7,165,-158
109000025,271,257,14
109000026,413,229,184
109000027,37,206,-169
109000028,65,50,15
109000029,85,104,-19
109000030,42,367,-325
109000031,52,43,9
109000032,28,328,-300
109000033,63,46,17
109000034,36,14,22
109000035,7,24,-17
109000036,54,264,-210
109000037,141,414,-273
109000038,356,173,183
109000039,421,207,214
109000040,2204,1176,1028
109000041,4224,652,3572
109000042,573,641,-68
109000044,177,101,76
109000045,21,400,-379
109000046,84,35,49
109000047,51,356,-305
109000048,693,300,393
109000049,137,424,-287
109000050,332,403,-71
109000051,212,227,-15
109000052,202,1448,-1246
109000053,176,177,-1
109000054,48,495,-447
109000055,45,106,-61
109000056,82,498,-416
109000057,100,118,-18
109000058,1409,336,1073
109000059,242,919,-677
109000060,268,95,173
109000061,1129,282,847
109000062,92,140,-48
109000063,92,149,-57
109000064,34,113,-79
109000065,45,291,-246
109000066,80,84,-4
109000067,19,275,-256
109000068,119,1,118
109000069,260,6,254
109000070,4,664,-660
109000071,201,52,149
109000072,68,607,-539
109000073,17,56,-39
109000074,18,222,-204
109000075,21,329,-308
109000076,64,131,-67
109000077,309,236,73
109000078,23,81,-58
109000079,86,204,-118
109000080,57,128,-71
109000081,37,530,-493
109000082,177,219,-42
109000083,103,899,-796
109000088,66,258,-192
109000089,64,10,54
109000090,155,418,-263
109000091,141,20,121
109000092,285,517,-232
109000093,105,25,80
109000094,62,0,62
109000095,41,772,-731
109000096,196,87,109
109000097,49,64,-15
109000098,24,43,-19
109000099,248,136,112
109000100,118,539,-421
109000101,333,558,-225
109000102,176,722,-546
109000103,273,426,-153
109000104,499,356,143
109000105,173,1401,-1228
109000106,733,309,424
109000107,173,1445,-1272
109000108,529,249,280
109000109,261,1570,-1309
109000110,458,254,204
109000111,596,1734,-1138
109000112,164,122,42
109000113,89,128,-39
109000114,47,497,-450
109000115,526,96,430
109000116,5,349,-344
109000117,41,91,-50
109000118,8,241,-233
109000119,222,220,2
109000120,42,1036,-994
109000121,136,84,52
109000122,69,985,-916
109000123,32,201,-169
109000124,236,258,-22
109000125,289,260,29
109000126,210,918,-708
109000127,352,235,117
109000128,216,2195,-1979
109000129,593,202,391
109000130,508,2891,-2383
109000131,455,230,225
109000132,608,1910,-1302
109000133,271,633,-362
109000134,318,1059,-741
109000135,577,870,-293
109000136,149,360,-211
109000137,57,223,-166
109000138,129,369,-240
109000139,130,321,-191
109000140,57,841,-784
109000141,176,445,-269
109000142,84,397,-313
109000143,37,31,6
109000145,40,80,-40
109000146,81,65,16
109000148,3000,476,2524
109000149,16,16,0
109000150,74,113,-39
109000155,148,308,-160
109000156,621,702,-81
109000158,15,166,-151
109000159,25,511,-486
109000160,207,217,-10
109000161,139,1235,-1096
109000162,763,788,-25
109000163,330,1312,-982
109000164,471,1752,-1281
109000165,450,610,-160
109000166,152,96,56
109000167,73,735,-662
109000170,9,32,-23
109000171,68,31,37
109000172,26,50,-24
109000173,15,37,-22
109000174,20,65,-45
109000175,54,379,-325
109000176,103,277,-174
109000177,15,68,-53
109000178,202,317,-115
109000179,5223,1155,4068
109000180,3684,2440,1244
109000181,8,33,-25
109000182,6,44,-38
109000183,9,34,-25
109000184,7,20,-13
109000185,5,90,-85
109000188,354,2226,-1872
109000189,1102,726,376
109000190,183,388,-205
109000191,128,614,-486
109000192,71,180,-109
109000193,82,377,-295
109000194,65,99,-34
109000195,40,389,-349
109000196,76,81,-5
109000197,67,434,-367
109000198,53,43,10
109000199,48,365,-317
109000206,93,26,67
109000207,35,51,-16
109000208,70,40,30
109000209,79,64,15
109000210,113,363,-250
109000211,113,252,-139
109000214,243,1341,-1098
109000215,36,52,-16
109000216,72,57,15
109000217,89,50,39
109000218,75,77,-2
109000221,101,798,-697
109000222,206,44,162
109000223,130,152,-22
109000224,25,278,-253
109000225,36,30,6
109000226,19,233,-214
109000227,294,1036,-742
109000228,0,242,-242
109000231,0,447,-447
109000232,101,373,-272
109000236,67,674,-607
109000241,509,1255,-746
109000242,419,835,-416
109000293,53,133,-80
109000361,44,170,-126
109000364,88,458,-370
109000396,6,770,-764
109000397,87,2,85
109000399,104,378,-274
109000400,24,427,-403
109000403,63,380,-317
109000406,43,2,41
109000407,87,216,-129
109000408,4,521,-517
109000410,348,103,245
109000411,29,21,8
109900001,33,0,33
109900002,168,4,164
109900003,29,0,29
109900005,0,2,-2
109900006,95,141,-46
109900007,162,697,-535
109900008,0,18,-18
109900009,40,854,-814
109900010,162,9,153
109900011,18,15,3
109900012,62,109,-47
109900013,125,65,60
109900015,143,41,102
109900017,3,2,1
109900018,40,76,-36
109900019,23,98,-75
109900020,4,12,-8
109900021,3,2,1
109900022,55,295,-240
109900023,6,0,6
109900024,4,2,2
109900025,2,44,-42
109900027,21,9,12
109900028,2198,278,1920
109900029,1,492,-491
109900030,1,0,1
109900031,0,36,-36
109900032,3,188,-185
109900033,1,327,-326
109900034,1,2,-1
109900035,13,9,4
109900036,19,58,-39
109900037,5,428,-423
109900038,19,147,-128
109900039,0,1,-1
109900040,15,550,-535
109900041,13,398,-385
109900042,2,375,-373
109900044,22,214,-192
109900045,33,18,15
109900046,51,36,15
109900047,211,246,-35
109900048,3,51,-48
109900049,0,17,-17
109900050,3,214,-211
109900051,0,61,-61
109900052,18,241,-223
109900053,4,386,-382
109900054,140,62,78
109900055,17,189,-172
109900056,11,59,-48
109900057,1,175,-174
109900058,0,110,-110
109900060,124,120,4
109900061,45,249,-204
109900062,0,215,-215
109900064,102,139,-37
109900065,67,107,-40
109900066,164,734,-570
109900067,1,279,-278
109900068,5,4,1
109900069,1,14,-13
109900071,0,18,-18
109900072,2,62,-60
109900073,38,478,-440
109900074,0,37,-37
109900075,3,9,-6
109900076,16,440,-424
109900077,9,39,-30
109900078,50,156,-106
109900080,56,246,-190
109900081,0,79,-79
109900082,15,353,-338
109900083,7,19,-12
109900084,5,94,-89
109900085,62,901,-839
109900086,25,110,-85
109900087,59,210,-151
109900089,100,40,60
109900092,123,5,118
109900093,159,51,108
109900094,17,70,-53
109900095,71,171,-100
109900096,6,0,6
109900097,18,1,17
109900098,99,8,91
109900099,15,0,15
109900100,10,0,10
109900101,95,2,93
109900102,130,8,122
109900103,68,49,19
109900104,85,960,-875
109900105,106,27,79
109900106,64,52,12
109900107,76,35,41
109900108,26,585,-559
109900109,26,160,-134
109900111,98,811,-713
109900114,504,69,435
109900115,31,42,-11
109900117,203,56,147
109900121,239,73,166
109900123,3,117,-114
109900125,0,192,-192
109900126,31,130,-99
109900130,9289,669,8620
109900131,37,87,-50
109900132,31,120,-89
109900134,12,15,-3
109900135,292,55,237
109900137,33,341,-308
109900140,67,330,-263
109900149,27,15,12
109900150,0,50,-50
109900151,2,41,-39
109900152,0,18,-18
109900153,0,10,-10
109900154,1,0,1
109900155,1,4,-3
109900157,21,167,-146
109900159,66,30,36
109900161,43,14,29
109900162,71,49,22
109900163,500,163,337
109900164,14,210,-196
109900165,34,0,34
109900166,1,127,-126
109900167,75,556,-481
109900168,45,559,-514
109900169,38,126,-88
109900170,147,188,-41
109900171,28,35,-7
109900172,47,51,-4
109900173,3408,537,2871
109900174,35,83,-48
109900175,22,52,-30
109900176,51,150,-99
109900177,12,181,-169
109900178,0,80,-80
109900179,3,9,-6
109900180,3,3,0
110000001,454,365,89
110000002,396,362,34
110000003,691,442,249
110000004,425,435,-10
110000005,634,856,-222
110000006,503,298,205
110000007,54,120,-66
110000008,9,43,-34
110000009,5,43,-38
110000010,7,56,-49
110000011,13,87,-74
110000012,512,282,230
110000013,24,248,-224
110000014,598,316,282
110000015,293,469,-176
110000016,182,549,-367
110000017,3733,241,3492
110000018,2970,392,2578
110000019,12,164,-152
110000020,366,157,209
110000021,419,346,73
110000022,376,55,321
110000023,12,139,-127
110000024,423,287,136
110000025,75,2,73
110000026,8,489,-481
110000027,393,241,152
110000028,435,664,-229
110000029,229,626,-397
110000030,136,337,-201
110000031,107,445,-338
110000032,451,462,-11
110000033,69,46,23
110000034,136,1057,-921
110000035,156,857,-701
110000036,157,981,-824
110000037,47,606,-559
110000038,96,661,-565
110000039,315,944,-629
110000040,240,445,-205
110000041,87,349,-262
110000042,74,290,-216
110000043,230,81,149
110000044,38,55,-17
110000045,155,31,124
110000046,2,2,0
110000047,1,4,-3
110000048,4,4,0
110000049,4,3,1
110000050,1,4,-3
110000051,53,5,48
110000052,8,35,-27
110000053,10,3,7
110000054,68,184,-116
110000055,173,23,150
110000056,41,35,6
110000057,216,661,-445
110000058,331,410,-79
110000059,295,478,-183
110000060,274,798,-524
110000061,755,641,114
110000062,568,610,-42
110000063,16,72,-56
110000064,39,85,-46
110000065,23,128,-105
110000066,18,79,-61
110000067,50,253,-203
110000068,41,380,-339
110000069,44,134,-90
110000071,22,232,-210
110000073,1,17,-16
110000075,1,114,-113
110000076,225,116,109
110000077,365,260,105
110000078,3,55,-52
110000080,161,466,-305
110000081,7,174,-167
110000082,8,134,-126
110000083,117,494,-377
110000084,347,327,20
110000085,3027,1206,1821
110000086,1359,422,937
110000087,0,38,-38
110000088,11,139,-128
110000089,104,104,0
110000090,17,188,-171
110000091,1369,247,1122
110000092,12,86,-74
110000093,26,6,20
110000094,260,231,29
110000095,54,245,-191
110000096,2975,1416,1559
110000097,551,618,-67
110000098,788,275,513
110000099,740,1214,-474
110000100,99,603,-504
110000101,19,489,-470
110000102,18,25,-7
110000104,44,58,-14
110000105,15,213,-198
110000106,187,124,63
110000107,213,474,-261
110000108,107,13,94
110000109,185,170,15
110000110,3865,2157,1708
110000111,6728,1065,5663
110000112,1132,270,862
110000113,747,514,233
110000114,65,214,-149
110000115,138,246,-108
110000116,18,55,-37
110000117,84,504,-420
110000118,146,167,-21
110000119,128,296,-168
110000120,146,131,15
110000121,70,174,-104
110000122,126,407,-281
110000123,155,332,-177
110000124,3,717,-714
110000125,432,2,430
110000126,83,5,78
110000127,246,20,226
110000128,16,1336,-1320
110000129,6,647,-641
110000130,70,46,24
110000131,71,550,-479
110000132,2,557,-555
110000133,25,216,-191
110000134,34,240,-206
110000135,163,24,139
110000136,21,315,-294
110000137,204,520,-316
110000138,294,809,-515
110000139,391,1262,-871
110000140,379,193,186
110000143,628,227,401
110000144,3141,555,2586
110000145,953,469,484
110000146,1213,423,790
110000147,78,387,-309
110000148,277,257,20
110000151,762,465,297
110000152,642,192,450
110000153,36,65,-29
110000154,3,7,-4
110000155,748,1217,-469
110000156,606,669,-63
110000157,885,1016,-131
110000160,223,291,-68
110000161,127,364,-237
110000166,144,76,68
110000167,273,305,-32
110000168,440,182,258
110000169,141,184,-43
110000170,62,66,-4
110000171,283,245,38
110000172,76,746,-670
110000173,903,1186,-283
110000174,29,1102,-1073
110000175,149,144,5
110000176,16,248,-232
110000177,134,626,-492
110000178,285,372,-87
110000179,895,192,703
110000180,49,262,-213
110000181,116,283,-167
110000182,231,187,44
110000183,8201,3082,5119
110000184,349,1199,-850
110000185,531,414,117
110000186,382,366,16
110000191,117,325,-208
110000192,143,1,142
110000193,134,0,134
110000194,2,1045,-1043
110000195,66,321,-255
110000196,159,472,-313
110000197,14,192,-178
110000198,37,39,-2
110000199,20,91,-71
110000200,865,539,326
110000201,271,350,-79
110000202,383,224,159
110000203,392,550,-158
110000204,3,289,-286
110000205,18,42,-24
110000206,306,1299,-993
110000207,174,172,2
110000208,49,110,-61
110000209,61,594,-533
110000210,151,474,-323
110000211,334,558,-224
110000212,186,624,-438
110000213,38,75,-37
110000214,63,103,-40
110000215,33,540,-507
110000216,8,483,-475
110000217,64,209,-145
110000218,54,411,-357
110000219,82,52,30
110000220,12,359,-347
110000221,106,96,10
110000222,13,295,-282
110000223,1,37,-36
110000224,70,3,67
110000225,82,355,-273
110000226,96,25,71
110000227,252,245,7
110000228,158,181,-23
110000229,0,198,-198
110000230,309,474,-165
110000231,75,120,-45
110000232,71,119,-48
110000233,56,217,-161
110000234,295,322,-27
110000235,658,599,59
110000236,133,773,-640
110000237,696,811,-115
110000238,609,1125,-516
110000239,623,997,-374
110000240,1,50,-49
110000242,0,9,-9
110000243,34,154,-120
110000244,56,260,-204
110000245,21,310,-289
110000246,309,564,-255
110000247,2684,2701,-17
110000248,3450,1025,2425
110000249,72,0,72
110000250,5,161,-156
110000251,65,361,-296
110000252,145,201,-56
110000253,786,274,512
110000254,1069,1042,27
110000255,162,875,-713
110000256,326,130,196
110000257,555,249,306
110000258,3,368,-365
110000259,53,14,39
110000260,24,361,-337
110000263,858,56,802
110000264,147,500,-353
110000265,695,1296,-601
110000266,1231,1966,-735
110000267,5,139,-134
110000268,109,316,-207
110000269,2,44,-42
110000270,9,1,8
110000271,1832,211,1621
110000272,404,705,-301
110000273,1521,803,718
110000274,124,931,-807
110000275,2275,268,2007
110000276,75,263,-188
110000277,63,228,-165
110000278,195,700,-505
110000279,463,473,-10
110000280,80,313,-233
110000281,6,153,-147
110000282,136,33,103
110000283,15,75,-60
110000284,6,23,-17
110000285,0,103,-103
110000286,12,0,12
110000287,10,3,7
110000288,0,32,-32
110000289,253,720,-467
110000290,1080,515,565
110000291,4745,861,3884
110000292,897,4789,-3892
110000293,205,722,-517
110000294,307,938,-631
110000295,44,607,-563
110000296,104,229,-125
110000297,3598,191,3407
110000298,824,365,459
110000299,1222,11,1211
110000301,214,6,208
110000302,136,1117,-981
110000303,111,2,109
110000304,85,221,-136
110000305,304,5,299
110000306,78,1869,-1791
110000307,403,1,402
110000308,85,3,82
110000309,2,1184,-1182
110000310,231,61,170
110000311,10,687,-677
110000312,874,28,846
110000313,5232,1262,3970
110000314,1,210,-209
110000315,1945,978,967
110000316,412,922,-510
110000317,332,212,120
110000318,1,67,-66
110000319,9,22,-13
110000320,16,41,-25
110000321,6,55,-49
110000322,68,428,-360
110000323,237,291,-54
110000324,4141,750,3391
110000325,1606,2108,-502
110000327,318,107,211
110000328,99,387,-288
110000333,552,525,27
110000334,468,1035,-567
110000335,784,590,194
110000336,256,1026,-770
110000337,357,431,-74
110000338,40,191,-151
110000339,95,181,-86
110000340,20,157,-137
110000341,155,453,-298
110000342,204,3,201
110000343,0,11,-11
110000344,22,113,-91
110000345,37,81,-44
110000346,1620,1033,587
110000347,852,760,92
110000348,1,16,-15
110000349,4,26,-22
110000350,10,1,9
110000351,310,745,-435
110000352,182,1019,-837
110000353,2753,711,2042
110000354,413,1260,-847
110000355,24,56,-32
110000356,186,2,184
110000357,147,5,142
110000361,1,75,-74
110000362,11,45,-34
110000363,66,99,-33
110000364,35,279,-244
110000365,87,0,87
110000366,0,68,-68
110000367,166,175,-9
110000368,1,67,-66
110000369,13,0,13
110000373,0,255,-255
110000374,18,5,13
110000375,123,509,-386
110000376,34,117,-83
110000377,33,214,-181
110000378,14,237,-223
110000379,3001,708,2293
110000380,5,3,2
110000383,0,398,-398
110000384,1560,223,1337
110000385,1,119,-118
110000387,29,7,22
110000388,8,266,-258
110000389,146,2,144
110000391,146,347,-201
110000396,11,87,-76
110000397,20,165,-145
110000398,7,41,-34
110000399,87,1,86
110000587,40,54,-14
110000589,49,193,-144
110000640,96,173,-77
110000652,3,96,-93
110000653,52,363,-311
110000654,5,15,-10
110000656,1,422,-421
110000674,6,3,3
110000675,30,8,22
110000676,14,28,-14
110000679,839,229,610
110000682,44,61,-17
110000683,305,523,-218
110000684,2,30,-28
110000685,4,4,0
110000686,2,11,-9
110000687,5,1,4
110000688,31,241,-210
110000689,23,63,-40
110000692,39,184,-145
110000693,70,242,-172
110000694,0,70,-70
110000695,74,583,-509
110000696,94,106,-12
110900001,41,3,38
110900002,224,126,98
110900003,119,868,-749
110900004,63,200,-137
110900005,3387,657,2730
110900006,43,2,41
110900007,10,10,0
110900008,5,23,-18
110900009,116,33,83
110900010,2,40,-38
110900011,0,64,-64
110900012,0,107,-107
110900013,313,83,230
110900014,34,7,27
110900015,602,125,477
110900016,3,173,-170
110900017,76,25,51
110900018,162,12,150
110900019,44,12,32
110900020,10,398,-388
110900021,23,518,-495
110900022,60,351,-291
110900023,42,304,-262
110900024,14,475,-461
110900025,1,41,-40
110900027,17,187,-170
110900028,16,126,-110
110900029,23,401,-378
110900030,9,269,-260
110900031,101,189,-88
110900032,0,88,-88
110900033,13,248,-235
110900035,18,400,-382
110900036,20,15,5
110900037,17,15,2
110900038,834,124,710
110900039,3,173,-170
110900040,91,18,73
110900041,2,125,-123
110900042,23,23,0
110900043,1,176,-175
110900044,189,19,170
110900045,19,555,-536
110900046,54,239,-185
110900047,543,53,490
110900049,20,26,-6
110900050,3,0,3
110900051,32,152,-120
110900052,6,238,-232
110900053,16,56,-40
110900054,10,216,-206
110900055,11,0,11
110900056,32,59,-27
110900057,1,205,-204
110900058,55,188,-133
110900059,396,703,-307
110900060,168,52,116
110900061,32,18,14
110900062,26,298,-272
110900063,6,48,-42
110900064,15,2,13
110900065,325,62,263
110900066,2,20,-18
110900067,455,259,196
110900068,182,156,26
110900069,13,51,-38
110900070,77,57,20
110900071,166,178,-12
110900073,0,13,-13
110900074,120,50,70
110900075,58,44,14
110900077,84,227,-143
110900078,4,132,-128
110900079,2158,346,1812
110900080,17,29,-12
110900081,2,88,-86
110900082,20,182,-162
110900083,48,22,26
110900084,7,185,-178
110900085,30,232,-202
110900086,24,64,-40
110900087,78,43,35
110900088,7,0,7
110900090,11,15,-4
110900091,1,48,-47
110900093,101,54,47
110900095,20,27,-7
110900097,7,28,-21
110900098,5,88,-83
110900099,34,372,-338
110900100,0,21,-21
110900102,8,19,-11
110900105,325,221,104
110900108,4,71,-67
110900111,153,25,128
110900112,173,3,170
110900113,344,7,337
110900115,7,82,-75
110900116,119,1657,-1538
110900118,179,698,-519
110900119,4785,167,4618
110900120,2,106,-104
110900121,35,0,35
110900122,122,110,12
110900125,78,143,-65
110900127,423,304,119
110900128,275,154,121
110900129,165,90,75
110900130,899,195,704
110900131,31,19,12
110900132,97,13,84
110900133,20,264,-244
110900135,60,355,-295
110900136,127,2,125
110900138,0,4,-4
110900139,46,0,46
110900140,16,0,16
110900141,159,101,58
110900142,25,178,-153
110900143,53,42,11
110900144,2,501,-499
110900145,44,13,31
110900146,227,23,204
110900147,130,139,-9
110900148,0,213,-213
110900149,0,35,-35
110900150,12,26,-14
110900151,0,28,-28
110900152,3,372,-369
110900153,20,10,10
111000001,215,405,-190
111000002,536,682,-146
111000003,299,336,-37
111000004,356,1244,-888
111000005,472,393,79
111000006,494,1419,-925
111000007,2326,902,1424
111000008,3165,2698,467
111000009,223,733,-510
111000010,301,245,56
111000011,391,837,-446
111000012,535,202,333
111000013,212,999,-787
111000014,823,406,417
111000017,75,306,-231
111000018,128,306,-178
111000020,1850,1532,318
111000021,47,110,-63
111000023,61,151,-90
111000025,4968,1159,3809
111000029,18,67,-49
111000030,48,44,4
111000031,1665,446,1219
111000032,347,156,191
111000033,163,93,70
111000034,248,155,93
111000037,2287,1108,1179
111000038,2242,1702,540
111000039,951,1623,-672
111000040,892,1710,-818
111000041,1159,952,207
111000042,5105,2103,3002
111000043,1258,907,351
111000044,594,277,317
111000045,689,973,-284
111000046,506,862,-356
111000047,1019,1504,-485
111000049,188,430,-242
111000050,1367,1345,22
111000051,185,906,-721
111000052,472,1064,-592
111000053,324,710,-386
111000054,368,755,-387
111000055,776,1630,-854
111000056,78,651,-573
111000057,27,701,-674
111000058,66,144,-78
111000059,147,255,-108
111000060,1334,450,884
111000061,504,235,269
111000062,334,135,199
111000063,1835,606,1229
111000064,223,530,-307
111000065,525,579,-54
111000066,93,187,-94
111000067,232,459,-227
111000068,133,436,-303
111000069,1157,1509,-352
111000070,2035,1088,947
111000071,196,644,-448
111000072,218,176,42
111000073,77,388,-311
111000074,906,815,91
111000075,228,451,-223
111000076,127,552,-425
111000077,506,922,-416
111000078,1094,884,210
111000079,954,569,385
111000080,212,501,-289
111000081,1753,2209,-456
111000082,322,621,-299
111000084,433,472,-39
111000085,567,1671,-1104
111000086,2297,1263,1034
111000087,637,795,-158
111000088,3545,1178,2367
111000089,279,688,-409
111000090,806,1074,-268
111000091,346,669,-323
111000092,491,1110,-619
111000093,434,643,-209
111000094,1275,652,623
111000095,706,1074,-368
111000096,2264,3954,-1690
111000097,4824,913,3911
111000098,219,1243,-1024
111000099,204,2177,-1973
111000100,138,2092,-1954
111000101,285,748,-463
111000102,31,696,-665
111000104,80,139,-59
111000107,24,625,-601
111000109,107,131,-24
111000110,273,337,-64
111000111,477,264,213
111000112,516,151,365
111000113,291,270,21
111000114,760,554,206
111000115,6188,494,5694
111000116,829,412,417
111000117,496,440,56
111000118,1513,524,989
111000119,569,1284,-715
111000120,210,405,-195
111000121,175,403,-228
111000122,206,799,-593
111000123,420,2817,-2397
111000124,231,3313,-3082
111000125,70,1966,-1896
111000126,40,933,-893
111000127,326,68,258
111000128,333,126,207
111000129,707,188,519
111000130,596,578,18
111000131,355,466,-111
111000132,314,261,53
111000133,66,121,-55
111000134,62,96,-34
111000135,8,63,-55
111000136,87,225,-138
111000138,4,1,3
111000140,1,3,-2
111000141,36,156,-120
111000142,1,73,-72
111000143,1,68,-67
111000144,0,81,-81
111000145,22,1,21
111000146,17,2,15
111000147,34,1,33
111000148,56,36,20
111000149,0,20,-20
111000150,6,6,0
111000151,2,19,-17
111000153,442,319,123
111000154,492,180,312
111000155,54,119,-65
111000156,290,149,141
111000157,73,205,-132
111000158,478,343,135
111000159,1948,455,1493
111000160,88,419,-331
111000161,2,150,-148
111000162,0,138,-138
111000163,192,623,-431
111000164,674,1337,-663
111000165,975,339,636
111000166,731,178,553
111000167,125,347,-222
111000168,163,279,-116
111000169,179,331,-152
111000170,348,292,56
111000171,340,768,-428
111000172,64,589,-525
111000173,182,1198,-1016
111000174,46,475,-429
111000175,16,255,-239
111000176,78,149,-71
111000177,54,292,-238
111000178,310,372,-62
111000179,61,247,-186
111000180,144,311,-167
111000181,237,220,17
111000182,61,109,-48
111000183,130,151,-21
111000184,193,162,31
111000185,171,472,-301
111000186,121,297,-176
111000187,31,311,-280
111000188,72,379,-307
111000189,1190,513,677
111000190,121,474,-353
111000191,68,415,-347
111000192,110,556,-446
111000193,343,348,-5
111000194,11,411,-400
111000195,51,401,-350
111000196,15,301,-286
111000197,112,191,-79
111000198,136,129,7
111000199,43,146,-103
111000200,104,267,-163
111000201,146,227,-81
111000202,101,163,-62
111000203,166,152,14
111000204,266,236,30
111000213,64,338,-274
111000214,895,1450,-555
111000215,536,1105,-569
111000217,486,526,-40
111000218,442,626,-184
111000219,275,256,19
111000220,2201,392,1809
111000221,376,61,315
111000224,152,374,-222
111000225,176,182,-6
111000226,90,0,90
111000227,31,5,26
111000228,4,134,-130
111000229,22,231,-209
111000230,72,419,-347
111000231,128,1067,-939
111000232,128,858,-730
111000233,153,665,-512
111000234,29,124,-95
111000239,142,143,-1
111000240,11,38,-27
111000241,11,355,-344
111000242,31,27,4
111000243,35,779,-744
111000244,51,73,-22
111000245,140,406,-266
111000246,82,494,-412
111000247,57,1106,-1049
111000248,124,263,-139
111000249,285,962,-677
111000250,14,106,-92
111000251,12,82,-70
111000253,0,0,0
111000255,0,0,0
111000257,0,0,0
111000260,36,1058,-1022
111000261,198,48,150
111000271,39,328,-289
111000273,4833,1014,3819
111000274,732,1329,-597
111000275,50,56,-6
111000276,169,2163,-1994
111000277,120,398,-278
111000278,279,271,8
111000291,416,1679,-1263
111000298,155,185,-30
111000299,323,46,277
111000300,45,481,-436
111000302,108,51,57
111000303,76,187,-111
111000312,20,36,-16
111000315,35,167,-132
111000320,149,579,-430
111000321,97,20,77
111000322,69,417,-348
111000323,45,6,39
111000324,447,215,232
111000325,4,43,-39
111000326,63,336,-273
111000327,183,500,-317
111000328,101,258,-157
111000329,2,44,-42
111000330,21,17,4
111000331,13,6,7
111000332,171,779,-608
111000334,314,1524,-1210
111000335,146,87,59
111000337,172,380,-208
111000338,8,98,-90
111000339,44,477,-433
111000340,48,769,-721
111000341,398,119,279
111000342,45,176,-131
111000344,375,482,-107
111000345,70,15,55
111000346,1,56,-55
111000347,16,2,14
111000350,156,133,23
111000351,34,198,-164
111000352,86,139,-53
111000353,43,258,-215
111000354,190,178,12
111000355,96,577,-481
111000358,42,1529,-1487
111000360,44,867,-823
111000361,59,377,-318
111000546,79,607,-528
111000547,80,482,-402
111000548,46,121,-75
111000549,85,283,-198
111000550,37,142,-105
111000551,433,65,368
111000552,162,30,132
111000907,77,9,68
111000908,10,0,10
111000916,291,172,119
111000917,19,300,-281
111000918,51,950,-899
111000920,112,22,90
111000921,1,369,-368
111000922,88,301,-213
111000924,19,838,-819
111000925,731,1038,-307
111000926,582,2392,-1810
111000927,2196,1928,268
111000928,5009,2700,2309
111000929,410,679,-269
111000930,395,1855,-1460
111000931,794,965,-171
111000932,2445,1757,688
111000933,1812,1092,720
111000934,1677,2188,-511
111000935,523,698,-175
111000936,477,1875,-1398
111000937,485,788,-303
111000938,1179,2482,-1303
111000939,166,41,125
111000940,197,286,-89
111000941,81,507,-426
111000943,83,220,-137
111000944,56,515,-459
111000945,5,1848,-1843
111001109,94,59,35
111001110,107,491,-384
111001111,5,1,4
111001112,33,0,33
111001113,21,87,-66
111001114,716,48,668
111001115,80,212,-132
111001116,3879,710,3169
111001117,423,268,155
111001120,59,264,-205
111001121,96,317,-221
111001122,115,637,-522
111001123,59,95,-36
111001124,37,545,-508
111001125,1,20,-19
111001126,1,1,0
111001127,0,47,-47
111001128,164,472,-308
111900001,1,194,-193
111900002,3,600,-597
111900003,2,368,-366
111900004,12,105,-93
111900006,2,6,-4
111900007,16,3,13
111900008,16,0,16
111900009,24,4,20
111900010,110,382,-272
111900012,68,52,16
111900013,2,38,-36
111900014,6016,784,5232
111900015,1,37,-36
111900016,1,145,-144
111900017,0,107,-107
111900018,50,0,50
111900019,1,56,-55
111900020,2,42,-40
111900021,19,45,-26
111900022,6,43,-37
111900023,105,24,81
111900024,12,100,-88
111900025,0,27,-27
111900026,0,51,-51
111900027,4,125,-121
111900028,12,371,-359
111900029,5,69,-64
111900030,27,238,-211
111900032,2,402,-400
111900033,5,98,-93
111900034,80,458,-378
111900035,8,167,-159
111900036,4,318,-314
111900038,167,414,-247
111900039,35,272,-237
111900040,4,672,-668
111900042,33,37,-4
111900043,2,451,-449
111900044,133,188,-55
111900046,52,167,-115
111900048,22,706,-684
111900049,19,299,-280
111900050,22,6,16
111900051,0,205,-205
111900052,262,425,-163
111900053,1145,148,997
111900054,17,0,17
111900055,11,511,-500
111900056,74,103,-29
111900057,19,40,-21
111900058,68,634,-566
111900059,1692,145,1547
111900060,77,0,77
111900061,11,283,-272
111900062,2,10,-8
111900063,43,110,-67
111900064,106,198,-92
111900065,7,6,1
111900066,29,49,-20
111900067,0,206,-206
111900068,5,10,-5
111900069,9,3,6
111900070,22,101,-79
111900071,1,160,-159
111900072,5,13,-8
111900073,118,42,76
111900074,1,133,-132
111900075,11,3,8
111900076,17,6,11
111900077,3,0,3
111900078,39,5,34
111900079,6,2,4
111900080,96,28,68
111900082,17,3,14
111900083,9,5,4
111900084,7,2,5
111900085,10,12,-2
111900086,17,2,15
111900087,11,0,11
111900088,92,4,88
111900089,3,2,1
111900090,30,12,18
111900091,19,0,19
111900092,30,0,30
111900093,92,4,88
111900094,15,0,15
111900095,37,3,34
111900096,19,1,18
111900097,8,0,8
111900098,10,0,10
111900099,5,0,5
111900100,12,0,12
111900101,31,3,28
111900102,49,645,-596
111900103,23,20,3
111900104,27,59,-32
111900105,48,50,-2
111900106,1120,18,1102
111900110,2692,95,2597
111900111,16,220,-204
111900112,444,450,-6
111900113,199,37,162
111900118,45,5,40
111900119,81,19,62
111900122,59,10,49
111900123,2,38,-36
111900124,20,71,-51
111900125,78,1,77
111900126,33,1,32
111900127,0,543,-543
111900128,1,422,-421
111900129,27,4,23
111900130,32,3,29
111900131,57,0,57
111900132,20,945,-925
111900133,2,278,-276
111900134,13,272,-259
111900135,1,1,0
111900136,31,32,-1
111900137,25,18,7
111900138,3,49,-46
111900139,15,108,-93
111900140,14,5,9
111900141,6,2,4
111900142,55,9,46
111900143,7,271,-264
111900144,0,149,-149
111900145,1,570,-569
111900146,5,342,-337
111900147,77,517,-440
111900148,27,711,-684
111900149,15,415,-400
111900150,5,168,-163
111900151,2,12,-10
111900152,77,17,60
111900153,1289,87,1202
111900154,5,61,-56
111900155,8,19,-11
111900156,10,5,5
111900157,19,5,14
111900158,72,9,63
111900159,49,0,49
111900160,37,0,37
111900161,22,2,20
111900162,738,97,641
111900163,30,186,-156
111900164,35,17,18
111901113,36,211,-175
111901114,20,201,-181
111901115,4,1,3
111901116,24,0,24
111901117,0,0,0
111901118,68,22,46
111901119,1005,28,977
111901121,91,230,-139
111901122,4,414,-410
111901123,17,398,-381
111901124,24,1,23
111901125,52,131,-79
111901127,597,44,553
111901129,6,74,-68
111901130,9,320,-311
111901131,3,271,-268
111901132,24,1,23
111901133,4,0,4
111901134,6,0,6
111901135,2,0,2
111901136,6,1,5
111901138,47,28,19
111901139,14,37,-23
111901140,4,98,-94
111901141,1,159,-158
111901142,10,203,-193
111901143,8,228,-220
111901144,29,9,20
111901145,96,68,28
111901146,115,4,111
111901147,919,43,876
111901148,4,16,-12
111901149,1,0,1
111901150,5,0,5
111901151,0,0,0
111901152,8,35,-27
112000001,594,438,156
112000002,466,1830,-1364
112000003,307,406,-99
112000004,322,1440,-1118
112000005,730,717,13
112000006,931,1574,-643
112000007,834,687,147
112000008,1431,2004,-573
112000009,3138,2918,220
112000010,1375,1534,-159
112000011,1326,1986,-660
112000012,5025,936,4089
112000013,5772,2639,3133
112000014,2240,312,1928
112000015,2733,1490,1243
112000016,2495,586,1909
112000017,1044,689,355
112000024,1269,447,822
112000026,4141,4605,-464
112000027,413,256,157
112000028,1316,1352,-36
112000029,137,271,-134
112000030,151,74,77
112000031,1143,1182,-39
112000032,516,37,479
112000033,1812,395,1417
112000034,338,22,316
112000035,30,177,-147
112000036,412,361,51
112000037,483,891,-408
112000038,426,676,-250
112000039,20,70,-50
112000040,78,248,-170
112000041,280,467,-187
112000042,581,245,336
112000050,298,981,-683
112000051,322,520,-198
112000054,1110,2000,-890
112000057,436,233,203
112000058,295,350,-55
112000059,674,288,386
112000061,6148,1051,5097
112000062,2649,345,2304
112000063,1887,411,1476
112000064,4888,5007,-119
112000065,2402,2481,-79
112000066,2084,599,1485
112000067,572,512,60
112000068,1056,664,392
112000069,525,1834,-1309
112000070,875,301,574
112000071,462,2752,-2290
112000072,488,586,-98
112000073,801,1507,-706
112000074,396,461,-65
112000075,455,567,-112
112000076,2366,2461,-95
112000077,206,661,-455
112000078,597,566,31
112000079,743,1209,-466
112000080,319,720,-401
112000081,698,1724,-1026
112000082,501,391,110
112000083,413,1583,-1170
112000084,492,473,19
112000085,633,1165,-532
112000086,726,1217,-491
112000087,122,839,-717
112000088,117,610,-493
112000089,123,275,-152
112000090,153,372,-219
112000091,430,1110,-680
112000092,557,523,34
112000093,920,1084,-164
112000094,194,701,-507
112000095,267,596,-329
112000096,119,539,-420
112000097,290,244,46
112000098,386,1379,-993
112000099,272,258,14
112000100,412,601,-189
112000101,181,801,-620
112000102,297,420,-123
112000103,146,1211,-1065
112000105,379,2246,-1867
112000106,467,316,151
112000107,33,97,-64
112000108,110,1571,-1461
112000109,85,98,-13
112000110,691,332,359
112000111,859,3813,-2954
112000112,1606,309,1297
112000113,727,2004,-1277
112000114,1094,544,550
112000115,128,465,-337
112000116,178,735,-557
112000117,236,513,-277
112000118,306,743,-437
112000119,193,785,-592
112000120,42,290,-248
112000121,40,617,-577
112000122,72,109,-37
112000123,155,94,61
112000124,93,59,34
112000125,37,101,-64
112000126,73,704,-631
112000127,1778,731,1047
112000128,968,332,636
112000129,50,85,-35
112000130,18,20,-2
112000131,8,275,-267
112000132,34,256,-222
112000133,82,141,-59
112000134,248,333,-85
112000135,355,405,-50
112000136,555,1102,-547
112000137,620,921,-301
112000138,941,1124,-183
112000139,518,178,340
112000140,611,991,-380
112000141,164,157,7
112000142,83,910,-827
112000143,292,161,131
112000144,142,1532,-1390
112000145,767,494,273
112000146,353,2182,-1829
112000147,675,978,-303
112000148,864,2018,-1154
112000149,105,572,-467
112000150,58,523,-465
112000151,196,471,-275
112000152,116,258,-142
112000153,134,252,-118
112000154,67,77,-10
112000155,65,36,29
112000157,336,250,86
112000158,106,603,-497
112000159,154,287,-133
112000167,59,24,35
112000169,188,203,-15
112000173,190,163,27
112000175,79,271,-192
112000176,4525,1264,3261
112000177,117,30,87
112000178,34,397,-363
112000179,70,147,-77
112000180,224,173,51
112000181,544,1556,-1012
112000182,270,1520,-1250
112000183,13,28,-15
112000184,106,422,-316
112000185,120,467,-347
112000187,1307,1539,-232
112000195,38,2,36
112000196,27,1,26
112000197,21,65,-44
112000198,17,371,-354
112000199,368,1011,-643
112000202,42,4,38
112000216,33,93,-60
112000230,16,3,13
112000231,0,342,-342
112000256,14,57,-43
112000313,97,236,-139
112000314,5,6,-1
112000337,89,376,-287
112000352,96,101,-5
112000392,1730,871,859
112000398,399,489,-90
112000399,1244,737,507
112000400,1089,3480,-2391
112000401,1722,2127,-405
112000402,798,1227,-429
112000403,1009,1013,-4
112000404,175,334,-159
112000405,835,1629,-794
112000406,2258,2550,-292
112000407,1888,3698,-1810
112000408,5996,5271,725
112000409,1243,3891,-2648
112000410,63,36,27
112000411,3370,222,3148
112000412,594,114,480
112000413,6917,942,5975
112000414,32,75,-43
112000415,75,39,36
112000416,878,950,-72
112000417,92,61,31
112000421,15,84,-69
112000422,209,354,-145
112000424,1576,836,740
112000425,190,1182,-992
112000426,70,149,-79
112000427,1,14,-13
112000428,38,347,-309
112000429,1118,2304,-1186
112000430,1056,2781,-1725
112000431,29,70,-41
112000432,279,2027,-1748
112000433,484,346,138
112000437,12,365,-353
112900001,25,2,23
112900002,73,1092,-1019
112900003,5,208,-203
112900004,9,295,-286
112900005,36,157,-121
112900007,6,83,-77
112900008,0,1,-1
112900009,167,74,93
112900010,38,608,-570
112900011,248,166,82
112900012,1,32,-31
112900013,0,111,-111
112900014,0,247,-247
112900015,190,651,-461
112900016,0,146,-146
112900017,16,160,-144
112900018,27,674,-647
112900019,37,102,-65
112900020,364,1282,-918
112900021,0,303,-303
112900022,8,56,-48
112900023,1,288,-287
112900024,9,157,-148
112900025,59,105,-46
112900026,4,235,-231
112900027,7,1186,-1179
112900028,19,101,-82
112900029,1,525,-524
112900030,300,113,187
112900031,1,420,-419
112900032,46,200,-154
112900034,0,24,-24
112900035,2,387,-385
112900036,19,86,-67
112900037,96,58,38
112900038,54,73,-19
112900039,6,254,-248
112900040,0,205,-205
112900041,814,292,522
112900042,23,250,-227
112900043,13,25,-12
112900044,297,181,116
112900045,482,186,296
112900046,169,36,133
112900047,7,11,-4
112900049,18,37,-19
112900050,41,453,-412
112900051,226,486,-260
112900052,8,1001,-993
112900053,200,32,168
112900054,161,14,147
112900055,62,6,56
112900056,119,37,82
112900057,0,557,-557
112900058,136,51,85
112900059,23,101,-78
112900060,5,118,-113
112900061,13,84,-71
112900062,36,127,-91
112900063,33,2,31
112900064,82,68,14
112900065,8,3,5
112900066,60,38,22
112900067,478,50,428
112900068,8,2,6
112900069,2278,173,2105
112900071,11,0,11
112900072,88,212,-124
112900073,123,10,113
112900074,7,51,-44
112900075,1829,167,1662
112900076,17,1,16
112900078,42,78,-36
112900079,32,0,32
112900080,2,1,1
112900081,5,35,-30
112900082,85,6,79
112900083,14,11,3
112900084,45,14,31
112900086,4,1,3
112900087,94,13,81
112900088,9,0,9
112900089,210,6,204
112900090,2,1,1
112900091,42,0,42
112900092,48,43,5
112900093,218,6,212
112900095,6,0,6
112900096,93,28,65
112900097,21,279,-258
112900098,8,0,8
112900099,161,2,159
112900100,9,0,9
112900101,55,1,54
112900102,33,2,31
112900103,54,1,53
112900104,79,1,78
112900105,2,0,2
112900106,157,27,130
112900107,0,1,-1
112900108,1,0,1
112900109,14,0,14
112900110,156,5,151
112900111,125,3,122
112900112,62,1,61
112900113,0,5,-5
112900114,9,7,2
112900115,137,0,137
112900116,26,17,9
112900117,103,78,25
112900118,12,46,-34
112900119,19,2,17
112900120,540,126,414
112900121,166,88,78
112900122,5,102,-97
112900123,111,4,107
112900124,1,69,-68
112900125,22,173,-151
112900126,62,246,-184
112900127,103,22,81
112900128,359,625,-266
112900129,1,872,-871
112900130,81,33,48
112900131,18,231,-213
112900132,50,489,-439
112900133,25,984,-959
112900134,0,227,-227
112900135,31,14,17
112900137,11,703,-692
112900138,4,375,-371
112900139,111,837,-726
112900141,92,19,73
112900142,25,31,-6
112900143,37,475,-438
112900144,5,987,-982
112900145,56,278,-222
112900146,10,1175,-1165
112900147,4,2172,-2168
112900148,5,1,4
112900149,103,375,-272
112900151,26,21,5
112900152,4483,624,3859
112900153,765,381,384
112900154,2,61,-59
112900155,33,0,33
112900156,27,1332,-1305
112900157,35,269,-234
112900158,7,5,2
112900159,79,34,45
112900160,20,202,-182
112900161,20,8,12
112900162,12,5,7
112900163,46,7,39
112900164,13,22,-9
112900165,37,22,15
112900166,3,17,-14
112900167,2,25,-23
112900168,0,0,0
112900169,0,1,-1
112900170,14,45,-31
112900172,76,3,73
112900173,143,55,88
112900174,86,3,83
112900175,69,31,38
112900176,11,5,6
112900177,71,10,61
112900178,217,426,-209
112900179,36,486,-450
112900180,362,1875,-1513
112900181,85,1,84
112900182,14,1442,-1428
112900183,57,83,-26
112900184,216,166,50
112900185,129,299,-170
112900186,1011,287,724
112900187,17,87,-70
112900188,617,150,467
112900189,0,14,-14
112900190,0,48,-48
112900192,196,86,110
112900193,419,93,326
112900194,4,101,-97
112900195,141,11,130
112900196,138,457,-319
112900197,40,285,-245
112900199,105,262,-157
112900200,109,151,-42
112900201,32,68,-36
112900202,53,798,-745
112900203,14,186,-172
112900204,464,139,325
112900205,0,12,-12
112900206,2,19,-17
112900207,1,0,1
112900208,25,33,-8
112900209,210,297,-87
112900210,0,13,-13
112900211,24,12,12
112900212,0,41,-41
112900213,0,0,0
112900214,2,1,1
112900215,1,149,-148
112900216,14,19,-5
112900217,0,77,-77
112900218,3,4,-1
112900219,8,28,-20
112900220,0,0,0
112900221,1,81,-80
112900222,0,19,-19
112900223,156,2,154
112900224,52,603,-551
112900225,87,443,-356
112900226,159,85,74
112900227,76,956,-880
112900228,8,16,-8
112900229,7,39,-32
112900230,5639,1231,4408
112900232,92,67,25
112900233,9,149,-140
112900234,0,105,-105
112900235,16,2,14
112900236,22,8,14
112900237,35,304,-269
112900238,1,23,-22
112900239,477,239,238
112900240,1,136,-135
112900241,4,166,-162
112900242,4,216,-212
112900243,1,227,-226
112900244,0,175,-175
112900245,0,34,-34
112900246,2,9,-7
112900247,101,7,94
112900248,14,1,13
112900249,24,6,18
112900250,31,22,9
112900251,10,11,-1
112900252,5,13,-8
112900253,4,11,-7
112900254,0,3,-3
112900255,0,35,-35
112900256,1,11,-10
112900257,5,12,-7
112900258,10,19,-9
113000001,3281,3241,40
113000002,2681,2366,315
113000003,1546,1289,257
113000004,1637,1413,224
113000005,777,703,74
113000006,559,961,-402
113000007,1003,903,100
113000008,673,1145,-472
113000009,427,750,-323
113000010,529,1241,-712
113000011,452,1464,-1012
113000012,488,443,45
113000013,700,305,395
113000014,1418,1274,144
113000015,398,245,153
113000016,143,167,-24
113000017,17,207,-190
113000018,107,22,85
113000019,15,170,-155
113000020,33,1,32
113000021,423,504,-81
113000022,275,1030,-755
113000025,34,227,-193
113000026,112,244,-132
113000027,418,210,208
113000028,512,262,250
113000029,578,372,206
113000030,487,499,-12
113000031,264,147,117
113000032,284,114,170
113000033,271,242,29
113000034,384,230,154
113000035,12,9,3
113000036,13,35,-22
113000037,22,12,10
113000038,6,27,-21
113000039,55,394,-339
113000040,46,93,-47
113000042,611,589,22
113000051,347,985,-638
113000052,1630,859,771
113000053,136,488,-352
113000054,121,464,-343
113000055,372,674,-302
113000056,334,1435,-1101
113000058,515,924,-409
113000059,968,652,316
113000060,32,548,-516
113000061,553,812,-259
113000062,1040,115,925
113000063,23,148,-125
113000064,7,306,-299
113000065,112,1092,-980
113000066,177,58,119
113000067,659,795,-136
113000068,368,1746,-1378
113000069,268,1291,-1023
113000070,534,496,38
113000071,146,631,-485
113000072,236,270,-34
113000073,340,1132,-792
113000074,618,198,420
113000075,1417,316,1101
113000076,892,1235,-343
113000077,1494,277,1217
113000078,1077,951,126
113000079,1066,449,617
113000080,818,424,394
113000081,911,622,289
113000082,999,634,365
113000083,468,538,-70
113000084,1397,738,659
113000085,705,476,229
113000086,792,763,29
113000087,985,662,323
113000088,1448,785,663
113000089,627,1164,-537
113000090,202,218,-16
113000091,593,152,441
113000094,372,112,260
113000095,151,955,-804
113000096,111,628,-517
113000097,265,225,40
113000098,62,25,37
113000099,749,151,598
113000100,93,287,-194
113000101,239,385,-146
113000102,225,135,90
113000103,1696,541,1155
113000104,221,1699,-1478
113000105,233,390,-157
113000106,203,554,-351
113000107,338,752,-414
113000108,557,1385,-828
113000109,332,1918,-1586
113000110,1199,349,850
113000111,118,411,-293
113000112,354,298,56
113000113,1786,214,1572
113000114,456,617,-161
113000116,522,201,321
113000117,583,129,454
113000118,88,174,-86
113000119,101,255,-154
113000120,23,194,-171
113000121,268,632,-364
113000124,84,143,-59
113000125,14,334,-320
113000127,2822,362,2460
113000128,278,238,40
113000129,401,806,-405
113000133,3155,462,2693
113000134,2,332,-330
113000135,2076,1343,733
113000137,1987,940,1047
113000139,335,120,215
113000140,169,197,-28
113000141,312,50,262
113000142,609,543,66
113000143,321,115,206
113000144,317,427,-110
113000145,65,106,-41
113000146,37,57,-20
113000147,70,71,-1
113000148,31,120,-89
113000149,78,70,8
113000150,362,226,136
113000151,122,42,80
113000152,19,109,-90
113000153,1327,369,958
113000154,358,657,-299
113000155,166,201,-35
113000156,108,254,-146
113000157,204,507,-303
113000158,269,141,128
113000159,463,380,83
113000160,364,800,-436
113000161,131,553,-422
113000162,313,255,58
113000163,48,38,10
113000164,39,58,-19
113000166,55,53,2
113000167,10,227,-217
113000168,17,192,-175
113000169,51,29,22
113000170,48,37,11
113000171,42,72,-30
113000172,121,55,66
113000173,26,0,26
113000174,74,462,-388
113000175,156,62,94
113000176,266,67,199
113000177,74,347,-273
113000178,108,365,-257
113000179,157,61,96
113000180,316,1103,-787
113000181,445,920,-475
113000182,157,190,-33
113000183,119,402,-283
113000184,28,68,-40
113000189,803,383,420
113000190,1241,251,990
113000192,1833,799,1034
113000193,3254,557,2697
113000194,1263,850,413
113000195,1735,315,1420
113000196,56,70,-14
113000197,799,627,172
113000198,26,267,-241
113000199,375,285,90
113000201,190,103,87
113000202,2095,729,1366
113000203,294,65,229
113000204,978,776,202
113000205,3,12,-9
113000206,8,37,-29
113000207,27,14,13
113000208,28,32,-4
113000209,20,15,5
113000210,5,20,-15
113000211,367,101,266
113000212,288,24,264
113000213,9,102,-93
113000214,70,139,-69
113000234,71,1192,-1121
113000410,21,53,-32
113000411,1968,3187,-1219
113000412,10899,1377,9522
113000413,3963,1364,2599
113000414,10990,5161,5829
113000415,2292,1579,713
113000416,7788,2181,5607
113000417,2883,1600,1283
113000418,2742,2058,684
113000419,1474,1192,282
113000420,3070,1955,1115
113000421,3549,2861,688
113000422,15870,4386,11484
113000423,2590,2091,499
113000424,4085,5083,-998
113000425,2,38,-36
113000428,10,2,8
113000430,7,4,3
113000432,628,38,590
113000433,129,872,-743
113000434,9,318,-309
113000435,6,777,-771
113000436,40,1156,-1116
113000437,146,15,131
113000438,63,6,57
113000439,8,195,-187
113000440,30,27,3
113000441,58,151,-93
113000442,82,243,-161
113000443,45,206,-161
113000444,44,328,-284
113000445,30,106,-76
113000446,21,116,-95
113000448,204,82,122
113000449,172,451,-279
113000450,493,1038,-545
113000451,1353,96,1257
113000452,273,280,-7
113000453,151,178,-27
113000454,518,33,485
113000455,63,83,-20
113000456,2283,1237,1046
113000468,2113,174,1939
113000469,131,34,97
113000470,346,63,283
113000471,7,237,-230
113000472,29,199,-170
113000474,150,609,-459
113000475,936,1482,-546
113000476,736,1758,-1022
113000477,1277,1996,-719
113000478,2051,4750,-2699
113000479,11,304,-293
113000484,0,0,0
113000485,0,0,0
113000486,0,0,0
113000487,0,0,0
113000488,0,0,0
113000489,0,0,0
113000490,0,0,0
113000491,0,0,0
113000492,0,0,0
113000493,0,0,0
113000495,128,183,-55
113000496,60,68,-8
113000499,0,1,-1
113900001,3,47,-44
113900002,0,98,-98
113900003,0,39,-39
113900004,0,15,-15
113900005,3,15,-12
113900006,0,22,-22
113900007,21,0,21
113900008,1,1,0
113900009,67,0,67
113900010,44,3,41
113900011,5,0,5
113900012,2,2,0
113900013,163,2,161
113900014,421,13,408
113900015,1,52,-51
113900016,14,0,14
113900017,0,24,-24
113900018,252,30,222
113900019,15,28,-13
113900020,25,1,24
113900022,4,0,4
113900023,3,0,3
113900024,19,41,-22
113900025,221,6,215
113900026,7,1,6
113900027,0,60,-60
113900028,9,334,-325
113900029,18,262,-244
113900030,77,0,77
113900031,0,0,0
113900032,0,1,-1
113900033,72,38,34
113900035,14,0,14
113900036,5,69,-64
113900037,37,525,-488
113900038,65,26,39
113900039,37,10,27
113900040,5,1,4
113900041,0,0,0
113900042,30,33,-3
113900043,113,75,38
113900044,68,22,46
113900045,18,2,16
113900046,173,491,-318
113900047,9,100,-91
113900048,250,20,230
113900049,805,86,719
113900050,109,228,-119
113900051,106,295,-189
113900052,159,107,52
113900053,210,76,134
113900054,7,2,5
113900055,76,398,-322
113900056,15,82,-67
113900057,22,105,-83
113900058,14,128,-114
113900059,53,300,-247
113900060,78,182,-104
113900061,660,25,635
113900062,27,2,25
113900063,37,109,-72
113900064,17,136,-119
113900065,263,6,257
113900066,64,404,-340
113900067,18,287,-269
113900068,257,188,69
113900069,41,7,34
113900070,165,287,-122
113900071,33,42,-9
113900072,13,118,-105
113900073,135,309,-174
113900074,23,378,-355
113900075,583,636,-53
113900076,59,3,56
113900077,17,153,-136
113900078,23,36,-13
113900079,0,52,-52
113900080,213,83,130
113900081,31,130,-99
113900082,80,151,-71
113900083,36,598,-562
113900084,99,33,66
113900085,22,260,-238
113900086,6,7,-1
113900087,16,171,-155
113900088,14,32,-18
113900089,166,21,145
113900090,175,193,-18
113900091,9,7,2
113900092,36,39,-3
113900093,33,304,-271
113900094,88,517,-429
113900095,30,32,-2
113900096,66,20,46
113900097,3,100,-97
113900098,171,29,142
113900099,0,36,-36
113900100,0,0,0
113900101,25,20,5
113900102,57,54,3
113900103,108,181,-73
113900104,32,57,-25
113900105,3,336,-333
113900106,0,66,-66
113900107,0,21,-21
113900108,90,140,-50
113900109,125,83,42
113900110,8,12,-4
113900111,22,45,-23
113900112,108,76,32
113900113,345,253,92
113900114,0,53,-53
113900115,0,72,-72
113900116,29,73,-44
113900117,22,3,19
113900118,79,123,-44
113900119,213,129,84
113900120,18,17,1
113900121,32,56,-24
113900122,133,725,-592
113900123,161,111,50
113900124,0,68,-68
113900125,1032,91,941
113900126,66,15,51
113900127,132,221,-89
113900128,77,43,34
113900129,6,44,-38
113900130,0,7,-7
113900131,42,24,18
113900132,17,38,-21
113900133,9,31,-22
113900135,125,365,-240
113900136,79,30,49
113900137,97,109,-12
113900138,17,68,-51
113900139,487,30,457
113900140,266,69,197
113900141,101,372,-271
113900142,48,44,4
113900143,1,9,-8
113900144,217,68,149
113900145,75,128,-53
113900146,31,44,-13
113900148,89,80,9
113900149,67,12,55
113900150,930,341,589
113900151,82,157,-75
113900152,7,62,-55
113900153,315,284,31
113900154,2,35,-33
113900155,146,29,117
113900156,106,481,-375
113900157,9,172,-163
113900158,194,101,93
113900159,4,89,-85
113900160,261,586,-325
113900161,10,104,-94
113900162,358,206,152
113900163,284,106,178
113900164,92,31,61
113900165,439,296,143
113900166,108,51,57
113900167,90,15,75
113900168,86,85,1
113900169,79,311,-232
113900171,35,18,17
113900172,2,204,-202
113900173,25,578,-553
113900174,239,592,-353
113900175,120,36,84
113900176,71,589,-518
113900177,170,135,35
113900178,131,61,70
113900179,9,626,-617
113900180,84,134,-50
113900181,152,34,118
113900182,176,709,-533
113900183,13,52,-39
113900184,7,404,-397
113900185,116,72,44
113900186,6,12,-6
113900187,12,95,-83
113900188,40,82,-42
113900189,109,28,81
113900190,202,70,132
113900191,43,125,-82
113900192,1563,617,946
113900193,9,268,-259
113900194,1378,697,681
113900195,202,331,-129
113900196,1,102,-101
113900197,0,242,-242
113900198,15,128,-113
113900199,111,447,-336
113900200,2,198,-196
113900201,0,206,-206
113900202,8,172,-164
113900203,1,184,-183
113900204,20,526,-506
113900205,1,62,-61
113900206,2,76,-74
113900207,0,54,-54
113900208,0,73,-73
113900209,0,53,-53
113900210,264,203,61
113900211,89,16,73
113900212,40,416,-376
113900214,354,203,151
113900215,7,100,-93
113900216,34,1362,-1328
113900217,13,275,-262
113900218,27,25,2
113900219,57,321,-264
113900220,32,34,-2
113900221,140,77,63
113900222,841,188,653
113900223,17,1031,-1014
113900224,98,32,66
113900225,596,102,494
113900226,189,54,135
113900227,224,57,167
113900228,271,162,109
113900229,17,407,-390
113900230,2784,616,2168
113900231,60,117,-57
113900232,33,67,-34
113900233,20,48,-28
113900234,54,299,-245
113900235,11,15,-4
113900236,14,173,-159
113900237,26,2,24
113900238,109,235,-126
113900239,24,27,-3
113900240,0,38,-38
113900241,88,28,60
113900242,35,107,-72
113900243,66,254,-188
113900244,376,116,260
113900245,1022,127,895
113900246,18,14,4
113900247,77,74,3
113900248,2927,513,2414
113900249,572,83,489
113900250,17,56,-39
113900251,194,137,57
113900252,207,6,201
113900253,326,11,315
113900254,164,33,131
113900255,163,13,150
113900256,132,9,123
113900257,11,682,-671
113900258,6,432,-426
113900259,133,189,-56
113900260,49,8,41
113900261,11,125,-114
113900262,60,695,-635
113900263,14,284,-270
113900264,3,645,-642
113900265,48,203,-155
113900266,28,248,-220
113900267,65,271,-206
113900268,114,151,-37
113900269,26,90,-64
113900270,110,173,-63
113900271,310,1209,-899
113900273,8,2,6
113900274,6,2,4
113900275,4,30,-26
113900276,5,236,-231
113900277,16,0,16
113900278,166,105,61
113900279,112,66,46
113900280,657,285,372
113900281,156,549,-393
113900282,826,221,605
113900283,119,280,-161
113900284,293,70,223
113900285,34,7,27
113900286,0,115,-115
113900287,6,40,-34
113900288,1,63,-62
113900289,1356,26,1330
113900290,325,41,284
113900291,152,111,41
113900292,0,2,-2
113900293,3,173,-170
113900294,127,16,111
113900295,597,163,434
113900296,1219,112,1107
113900297,270,6,264
113900298,3,1126,-1123
113900299,8,119,-111
113900300,2969,792,2177
113900301,536,151,385
113900302,1952,381,1571
113900303,324,68,256
113900304,1,161,-160
113900305,21,0,21
113900306,6,0,6
113900307,15,0,15
113900308,76,42,34
113900309,0,610,-610
113900310,0,7,-7
113900311,0,0,0
113900312,63,52,11
113900313,31,6,25
113900314,1,12,-11
113900315,12,0,12
114000001,667,2496,-1829
114000002,87,422,-335
114000003,129,1449,-1320
114000004,236,375,-139
114000005,158,239,-81
114000006,5258,1591,3667
114000007,410,1143,-733
114000008,1907,717,1190
114000009,126,141,-15
114000011,1550,2474,-924
114000012,862,2173,-1311
114000013,537,1909,-1372
114000014,456,563,-107
114000015,476,496,-20
114000016,219,376,-157
114000017,49,197,-148
114000018,256,65,191
114000026,429,1549,-1120
114000027,899,1671,-772
114000028,980,1353,-373
114000038,55,109,-54
114000039,74,320,-246
114000040,66,154,-88
114000042,49,219,-170
114000043,56,271,-215
114000044,76,337,-261
114000045,18,170,-152
114000046,2734,3845,-1111
114000047,5,50,-45
114000048,75,254,-179
114000049,1595,816,779
114000050,2209,899,1310
114000051,5164,1142,4022
114000052,3012,825,2187
114000053,11,299,-288
114000054,17,1106,-1089
114000055,184,14,170
114000056,700,389,311
114000057,6720,1789,4931
114000058,352,297,55
114000059,130,84,46
114000060,370,864,-494
114000061,3718,1031,2687
114000062,1266,400,866
114000063,3743,1240,2503
114000064,6899,1517,5382
114000065,1854,1539,315
114000066,166,466,-300
114000067,19,225,-206
114000068,419,272,147
114000069,458,243,215
114000070,2267,892,1375
114000071,292,453,-161
114000072,54,296,-242
114000073,3,89,-86
114000074,9,21,-12
114000075,12,176,-164
114000076,6,155,-149
114000077,6,57,-51
114000078,67,1109,-1042
114000079,33,17,16
114000080,54,70,-16
114000081,39,80,-41
114000082,54,488,-434
114000083,13,301,-288
114000084,47,74,-27
114000085,77,736,-659
114000086,52,685,-633
114000087,20,238,-218
114000088,10,55,-45
114000089,1241,421,820
114000090,565,298,267
114000091,1491,244,1247
114000092,993,225,768
114000093,725,524,201
114000094,224,382,-158
114000095,49,35,14
114000096,53,484,-431
114000097,52,969,-917
114000098,116,20,96
114000099,93,853,-760
114000100,250,584,-334
114000101,191,1297,-1106
114000102,98,176,-78
114000103,105,475,-370
114000104,1,330,-329
114000105,26,39,-13
114000106,492,221,271
114000107,51,62,-11
114000108,2500,1256,1244
114000109,119,356,-237
114000110,293,1607,-1314
114000111,348,249,99
114000112,165,2423,-2258
114000113,448,216,232
114000114,824,1930,-1106
114000115,760,337,423
114000116,174,483,-309
114000117,604,236,368
114000118,615,160,455
114000119,413,132,281
114000120,281,775,-494
114000121,368,456,-88
114000122,189,178,11
114000123,350,151,199
114000124,148,187,-39
114000125,475,1445,-970
114000126,314,105,209
114000127,55,85,-30
114000128,422,357,65
114000130,191,255,-64
114000131,54,19,35
114000132,576,827,-251
114000133,1242,1345,-103
114000134,44,196,-152
114000138,69,211,-142
114000139,848,89,759
114000144,376,145,231
114000145,61,185,-124
114000146,58,327,-269
114000147,513,453,60
114000148,1524,664,860
114000149,369,108,261
114000150,2597,726,1871
114000151,1539,677,862
114000152,272,10,262
114000153,1557,1445,112
114000154,1222,805,417
114000155,1308,942,366
114000156,888,265,623
114000157,268,527,-259
114000158,2337,491,1846
114000159,282,385,-103
114000160,122,149,-27
114000161,1777,626,1151
114000162,883,403,480
114000163,10,135,-125
114000165,307,84,223
114000166,594,112,482
114000167,4321,999,3322
114000168,840,537,303
114000169,1688,266,1422
114000170,668,302,366
114000171,373,657,-284
114000174,108,359,-251
114000176,613,288,325
114000177,1455,529,926
114000178,15,74,-59
114000179,869,414,455
114000180,192,416,-224
114000181,931,1213,-282
114000182,4213,1592,2621
114000183,921,872,49
114000184,5983,1546,4437
114000185,510,644,-134
114000189,128,13,115
114000190,603,47,556
114000191,15,23,-8
114000192,215,1287,-1072
114000193,672,2813,-2141
114000194,647,959,-312
114000195,13,1,12
114000196,3,224,-221
114000197,297,31,266
114000198,792,289,503
114000199,1329,710,619
114000200,576,2255,-1679
114000201,59,971,-912
114000202,449,662,-213
114000203,382,1033,-651
114000204,35,290,-255
114000205,212,1765,-1553
114000206,174,1025,-851
114000207,405,1946,-1541
114000208,262,2781,-2519
114000209,528,3157,-2629
114000210,303,1677,-1374
114000211,484,1149,-665
114000212,349,559,-210
114000213,700,482,218
114000214,31,218,-187
114000215,36,43,-7
114000216,262,98,164
114000217,20,235,-215
114000218,133,308,-175
114000219,287,207,80
114000220,8,1375,-1367
114000221,209,74,135
114000222,116,1136,-1020
114000223,168,26,142
114000224,100,575,-475
114000225,94,384,-290
114000226,25,224,-199
114000227,511,383,128
114000228,249,779,-530
114000229,272,1012,-740
114000230,630,1259,-629
114000231,294,1002,-708
114000232,157,81,76
114000233,574,103,471
114000234,545,828,-283
114000235,333,1321,-988
114000236,2,466,-464
114000237,35,998,-963
114000238,12,130,-118
114000239,92,1357,-1265
114000240,310,473,-163
114000241,208,988,-780
114000242,681,742,-61
114000243,469,572,-103
114000244,299,232,67
114000245,168,459,-291
114000246,106,37,69
114000247,217,523,-306
114000248,332,379,-47
114000249,264,373,-109
114000250,99,391,-292
114000251,46,278,-232
114000252,38,85,-47
114000253,17,254,-237
114000254,6,61,-55
114000255,307,109,198
114000256,1220,278,942
114000257,733,2119,-1386
114000258,66,394,-328
114000259,35,240,-205
114000260,0,22,-22
114000261,18,10,8
114000262,14,192,-178
114000263,2,0,2
114000264,149,507,-358
114000265,0,1,-1
114000267,1,889,-888
114000268,1,1610,-1609
114000270,69,1,68
114000271,143,64,79
114000283,388,316,72
114000285,45,295,-250
114000288,39,365,-326
114000289,707,155,552
114000293,42,265,-223
114000294,129,322,-193
114000395,534,24,510
114000396,102,185,-83
114000402,111,299,-188
114000403,124,543,-419
114000405,64,684,-620
114000423,56,519,-463
114000424,186,180,6
114000425,122,611,-489
114000426,137,318,-181
114000427,38,139,-101
114000428,350,45,305
114000429,10,198,-188
114000432,15,119,-104
114000434,17,122,-105
114000435,1,139,-138
114900001,137,1463,-1326
114900002,189,23,166
114900003,108,1884,-1776
114900004,84,53,31
114900005,150,811,-661
114900006,17,8,9
114900007,37,1,36
114900008,32,21,11
114900010,2841,1738,1103
114900011,18,50,-32
114900013,21,47,-26
114900018,394,27,367
114900020,22,44,-22
114900022,0,315,-315
114900025,182,172,10
114900026,40,25,15
114900029,28,21,7
114900030,70,148,-78
114900031,56,33,23
114900032,33,12,21
114900034,31,348,-317
114900035,148,165,-17
114900036,180,1062,-882
114900039,499,848,-349
114900040,29,219,-190
114900041,197,777,-580
114900042,247,923,-676
114900044,37,8,29
114900047,118,978,-860
114900048,16,225,-209
114900049,38,365,-327
114900050,29,709,-680
114900051,17,422,-405
114900052,55,145,-90
114900053,34,127,-93
114900054,21,86,-65
114900057,65,2,63
114900058,0,77,-77
114900059,25,26,-1
114900063,59,325,-266
114900064,310,724,-414
114900065,111,630,-519
114900067,12,376,-364
114900068,71,273,-202
114900069,182,185,-3
114900070,91,594,-503
114900072,5,207,-202
114900073,0,163,-163
114900074,97,887,-790
114900075,53,1,52
114900076,5,342,-337
114900080,2641,285,2356
114900082,3249,1335,1914
114900083,228,670,-442
114900090,79,87,-8
114900091,59,141,-82
114900097,18,0,18
114900098,2,222,-220
114900099,29,2,27
115000001,7887,6081,1806
115000002,2060,2384,-324
115000003,3103,4467,-1364
115000004,1310,3320,-2010
115000005,709,2671,-1962
115000006,312,1058,-746
115000007,40,109,-69
115000008,214,360,-146
115000009,75,327,-252
115000010,179,99,80
115000013,52,76,-24
115000015,89,108,-19
115000016,42,109,-67
115000019,2,235,-233
115000020,110,89,21
115000021,149,324,-175
115000022,228,219,9
115000023,201,174,27
115000024,606,369,237
115000025,357,233,124
115000026,93,236,-143
115000027,93,115,-22
115000028,54,359,-305
115000029,114,72,42
115000030,84,573,-489
115000031,355,112,243
115000032,6,194,-188
115000033,55,5,50
115000034,52,650,-598
115000035,395,26,369
115000036,2,302,-300
115000037,98,0,98
115000038,24,189,-165
115000039,2089,1235,854
115000040,4649,1872,2777
115000041,711,1463,-752
115000042,504,362,142
115000043,1990,1595,395
115000044,2401,3407,-1006
115000045,1351,2465,-1114
115000046,869,1824,-955
115000047,941,1534,-593
115000048,958,2821,-1863
115000049,944,2290,-1346
115000050,1377,1190,187
115000051,1320,807,513
115000052,2837,1588,1249
115000053,826,668,158
115000054,739,1115,-376
115000055,22,280,-258
115000056,77,169,-92
115000057,209,402,-193
115000058,240,79,161
115000059,52,281,-229
115000061,77,73,4
115000062,44,255,-211
115000063,61,325,-264
115000064,75,124,-49
115000065,8,144,-136
115000067,133,7,126
115000069,14,167,-153
115000070,14,298,-284
115000071,77,4,73
115000072,17,33,-16
115000073,708,19,689
115000075,12,27,-15
115000076,2440,2906,-466
115000077,814,3459,-2645
115000078,298,1839,-1541
115000079,462,2264,-1802
115000080,840,2729,-1889
115000081,305,794,-489
115000082,1628,1828,-200
115000083,1008,2980,-1972
115000084,482,821,-339
115000085,201,1073,-872
115000086,239,835,-596
115000087,394,1236,-842
115000088,861,443,418
115000089,1340,1316,24
115000090,570,416,154
115000091,228,1208,-980
115000092,203,229,-26
115000093,295,3,292
115000094,5819,2906,2913
115000095,4903,2773,2130
115000096,391,1821,-1430
115000097,221,679,-458
115000098,254,729,-475
115000099,745,2791,-2046
115000100,301,345,-44
115000101,204,1286,-1082
115000102,208,96,112
115000103,268,811,-543
115000105,33,258,-225
115000106,146,143,3
115000107,114,573,-459
115000108,2900,2696,204
115000109,3931,1183,2748
115000110,769,370,399
115000111,471,1150,-679
115000112,375,260,115
115000113,515,661,-146
115000114,1214,602,612
115000116,1866,610,1256
115000117,2495,1018,1477
115000118,1404,758,646
115000119,1775,1011,764
115000120,561,373,188
115000121,1537,436,1101
115000122,2747,342,2405
115000123,1183,775,408
115000124,648,361,287
115000125,273,452,-179
115000126,98,148,-50
115000127,156,66,90
115000128,843,480,363
115000129,85,93,-8
115000130,167,852,-685
115000131,163,289,-126
115000132,42,364,-322
115000133,110,300,-190
115000134,148,230,-82
115000135,35,217,-182
115000136,82,282,-200
115000137,30,168,-138
115000138,77,242,-165
115000139,107,219,-112
115000140,77,130,-53
115000141,95,335,-240
115000142,47,304,-257
115000143,170,349,-179
115000144,211,141,70
115000145,62,444,-382
115000146,116,190,-74
115000147,321,455,-134
115000148,154,1429,-1275
115000149,226,155,71
115000150,318,1543,-1225
115000151,255,305,-50
115000152,295,1917,-1622
115000153,223,270,-47
115000154,199,209,-10
115000155,291,1249,-958
115000156,634,322,312
115000157,456,761,-305
115000158,393,178,215
115000159,404,178,226
115000160,331,141,190
115000161,129,462,-333
115000162,371,333,38
115000163,458,453,5
115000164,302,328,-26
115000165,231,234,-3
115000167,61,64,-3
115000168,389,264,125
115000169,339,270,69
115000170,46,106,-60
115000171,173,152,21
115000172,1322,409,913
115000173,162,148,14
115000174,42,134,-92
115000175,93,104,-11
115000176,55,24,31
115000177,23,32,-9
115000178,15,221,-206
115000179,33,12,21
115000180,37,583,-546
115000181,174,72,102
115000182,209,248,-39
115000183,51,733,-682
115000186,315,149,166
115000187,61,560,-499
115000188,302,277,25
115000189,119,304,-185
115000190,466,149,317
115000191,126,243,-117
115000194,71,59,12
115000195,310,174,136
115000196,49,97,-48
115000197,47,459,-412
115000198,80,144,-64
115000199,36,364,-328
115000200,193,105,88
115000201,47,284,-237
115000206,76,14,62
115000207,13,262,-249
115000208,398,508,-110
115000209,158,90,68
115000210,55,43,12
115000211,124,137,-13
115000212,984,169,815
115000224,50,32,18
115000225,43,30,13
115000229,147,81,66
115000230,38,293,-255
115000231,228,2274,-2046
115000232,484,337,147
115000233,18,201,-183
115000234,9,162,-153
115000241,32,237,-205
115000242,23,218,-195
115000243,8,233,-225
115000244,0,72,-72
115000246,48,13,35
115000247,1,2,-1
115000248,0,0,0
115000249,5,1,4
115000250,88,57,31
115000251,158,268,-110
115000252,123,213,-90
115000253,22,85,-63
115000258,116,249,-133
115000259,153,84,69
115000261,0,6,-6
115000262,4,21,-17
115000263,2,45,-43
115000264,42,71,-29
115000267,16,46,-30
115000268,17,58,-41
115000269,37,35,2
115000270,1,19,-18
115000272,36,92,-56
115000273,61,10,51
115000280,2588,34,2554
115000281,656,84,572
115000282,464,160,304
115000284,325,68,257
115000296,195,4,191
115000297,121,16,105
115000298,80,41,39
115000300,37,155,-118
115000302,88,116,-28
115000303,145,98,47
115000304,220,94,126
115000305,52,943,-891
115000306,39,571,-532
115000307,7,253,-246
115000308,24,6,18
115000310,346,1136,-790
115000311,172,1038,-866
115000313,101,625,-524
115000314,83,66,17
115000315,1014,217,797
115000316,11,24,-13
115000317,64,408,-344
115000318,291,162,129
115000319,20,214,-194
115000320,5,84,-79
115000321,99,3,96
115000322,17,177,-160
115000449,135,46,89
115000557,0,234,-234
115000558,116,44,72
115000587,181,254,-73
115000588,1598,3836,-2238
115000589,1803,2178,-375
115000590,550,1167,-617
115000591,969,547,422
115000592,483,1151,-668
115000593,897,275,622
115000594,623,1137,-514
115000609,143,127,16
115000617,1110,623,487
115000624,45,55,-10
115000633,236,1314,-1078
115000634,1449,361,1088
115000635,125,73,52
115000638,1087,628,459
115000641,62,64,-2
115000642,424,181,243
115000643,112,440,-328
115000644,132,362,-230
115000646,541,548,-7
115000647,81,351,-270
115000648,434,1309,-875
115000893,3344,538,2806
115000894,33,1008,-975
115000895,231,791,-560
115000896,816,196,620
115000897,275,45,230
115000898,556,115,441
115000899,815,764,51
115000900,63,221,-158
115000901,47,50,-3
115000912,102,41,61
115000913,1,21,-20
115000915,15,0,15
115000916,15,0,15
115000917,0,0,0
115000918,89,86,3
115000919,26,6,20
115000920,8,16,-8
115000921,1024,24,1000
115000922,952,268,684
115000923,362,653,-291
115000925,22,35,-13
115000927,29,62,-33
115000933,286,108,178
115000934,19,149,-130
115000935,14,45,-31
115000936,52,141,-89
115000937,1293,94,1199
115000938,142,70,72
115000939,284,86,198
115000940,10,9,1
115000941,6,2,4
115000942,43,26,17
115000943,43,9,34
115000944,4,7,-3
115900001,9,73,-64
115900002,86,86,0
115900003,43,100,-57
115900004,1,23,-22
115900005,22,0,22
115900006,25,293,-268
115900008,12,8,4
115900009,27,192,-165
115900010,45,133,-88
115900011,93,241,-148
115900012,9,109,-100
115900013,296,78,218
115900014,52,143,-91
115900015,13,147,-134
115900016,43,23,20
115900017,0,0,0
115900018,132,56,76
115900019,108,6,102
115900020,5,0,5
115900021,1414,58,1356
115900022,1872,4,1868
115900023,10,0,10
115900025,18,112,-94
115900026,639,320,319
115900027,0,375,-375
115900028,382,20,362
115900029,0,467,-467
115900030,19,2,17
115900031,301,65,236
115900032,163,410,-247
115900033,0,21,-21
115900034,6,487,-481
115900035,7,41,-34
115900036,143,145,-2
115900037,7,437,-430
115900038,6,1,5
115900039,47,251,-204
115900041,172,168,4
115900042,8,2,6
115900043,10,126,-116
115900044,94,108,-14
115900046,59,223,-164
115900047,16,12,4
115900049,39,158,-119
115900051,0,63,-63
115900052,9,386,-377
115900053,41,251,-210
115900054,32,43,-11
115900055,10,176,-166
115900056,31,261,-230
115900057,4,1,3
115900058,23,76,-53
115900060,16,76,-60
115900061,29,0,29
115900062,6,246,-240
115900063,31,4,27
115900064,72,172,-100
115900065,17,108,-91
115900066,133,144,-11
115900067,4,749,-745
115900068,3582,68,3514
115900069,19,127,-108
115900070,28,200,-172
115900071,0,532,-532
115900072,64,183,-119
115900073,5,12,-7
115900074,1,393,-392
115900075,33,299,-266
115900076,1,91,-90
115900077,5,282,-277
115900078,35,123,-88
115900079,13,2,11
115900080,295,75,220
115900081,7,59,-52
115900082,161,108,53
115900084,54,17,37
115900085,21,18,3
115900086,1099,237,862
115900088,7,9,-2
115900089,79,672,-593
115900090,43,10,33
115900091,5,20,-15
115900092,4,177,-173
115900093,1,45,-44
115900094,3,403,-400
115900096,0,26,-26
115900097,4,593,-589
115900098,33,365,-332
115900099,4,92,-88
115900100,2,464,-462
115900101,50,313,-263
115900102,4,79,-75
115900103,72,168,-96
115900104,13,139,-126
115900105,44,681,-637
115900106,13,24,-11
115900107,13,192,-179
115900108,22,31,-9
115900109,29,379,-350
115900110,2,15,-13
115900111,1,71,-70
115900112,11,650,-639
115900113,6,5,1
115900114,0,156,-156
115900115,13,57,-44
115900116,30,703,-673
115900117,9,6,3
115900118,5,394,-389
115900119,39,49,-10
115900120,13,220,-207
115900121,62,170,-108
115900124,96,163,-67
115900125,116,8,108
115900126,148,20,128
115900127,183,36,147
115900128,0,96,-96
115900129,297,19,278
115900130,32,158,-126
115900131,22,21,1
115900132,104,1,103
115900134,54,7,47
115900135,486,321,165
115900137,5,2,3
115900139,47,17,30
115900140,37,2,35
115900141,3,14,-11
115900142,3,4,-1
115900143,43,140,-97
115900144,8,148,-140
115900146,3,160,-157
115900147,46,120,-74
115900148,3,30,-27
115900149,5,43,-38
115900150,10,83,-73
115900151,0,41,-41
115900152,13,265,-252
115900153,15,163,-148
115900154,314,174,140
115900155,0,43,-43
115900156,223,563,-340
115900157,25,386,-361
115900158,12,4,8
115900159,22,188,-166
115900160,3,2,1
115900161,21,111,-90
115900163,74,54,20
115900164,87,78,9
115900166,97,136,-39
115900168,10,99,-89
115900171,53,187,-134
115900172,14,119,-105
115900173,49,137,-88
115900174,166,143,23
115900175,43,95,-52
115900178,2,675,-673
115900179,64,8,56
115900180,19,271,-252
115900181,58,295,-237
115900182,104,266,-162
115900183,37,5,32
115900184,880,16,864
115900187,4,103,-99
115900189,0,59,-59
115900190,204,206,-2
115900191,35,428,-393
115900192,4,51,-47
115900193,50,37,13
115900194,95,20,75
115900195,280,301,-21
115900198,143,214,-71
115900199,89,132,-43
115900200,320,191,129
115900201,189,212,-23
115900202,0,5,-5
115900203,0,0,0
115900204,0,0,0
115900205,19,1,18
115900206,25,110,-85
115900207,6,14,-8
115900208,12,312,-300
115900209,2,142,-140
115900210,0,121,-121
115900211,0,134,-134
115900212,31,211,-180
115900213,24,8,16
115900214,126,263,-137
115900215,5,12,-7
115900216,7,74,-67
115900217,0,59,-59
115900218,0,35,-35
115900219,18,1,17
115900220,7,3,4
115900221,4,6,-2
115900222,7,2,5
115900223,2,14,-12
115900224,1224,117,1107
115900225,77,17,60
115900226,6,22,-16
115900227,4,19,-15
115900228,0,22,-22
115900229,1,28,-27
115900230,40,54,-14
115900231,43,3,40
115900232,21,0,21
115900233,20,4,16
115900234,19,3,16
115900235,3,13,-10
115900236,1,13,-12
115900237,1,59,-58
115900238,2,12,-10
115900239,2,29,-27
115900240,0,45,-45
115900241,33,42,-9
115900242,147,145,2
115900243,2,3,-1
115900244,1,8,-7
115900245,4,7,-3
115900246,3,2,1
115900247,12,1,11
115900248,3,3,0
115900249,0,2,-2
115900250,0,10,-10
115900251,0,4,-4
115900252,0,1,-1
115900253,3,3,0
115900254,3,17,-14
115900255,2,3,-1
115900256,34,9,25
115900257,0,8,-8
115900258,0,1,-1
115900259,2,0,2
115900260,7,1,6
115900261,14,0,14
115900262,0,3,-3
115900263,1,3,-2
115900264,0,8,-8
115900265,2,5,-3
115900266,1,1,0
115900267,0,0,0
115900268,1,0,1
115900269,76,296,-220
115900270,92,576,-484
115900271,10,1,9
115900272,3,0,3
115900273,4,0,4
115900274,1,9,-8
115900275,0,23,-23
115900276,1,43,-42
115900277,1,107,-106
115900278,5,67,-62
115900279,7,96,-89
115900280,10,71,-61
115900281,480,54,426
115900282,12,5,7
115900283,2,5,-3
115900284,2,11,-9
116000001,16512,3905,12607
116000002,2258,2321,-63
116000003,1123,1809,-686
116000004,779,958,-179
116000005,1639,2346,-707
116000006,1017,710,307
116000007,2655,3597,-942
116000008,1983,917,1066
116000009,1211,2575,-1364
116000010,669,501,168
116000011,536,1636,-1100
116000012,459,390,69
116000013,13378,3466,9912
116000014,17812,3302,14510
116000015,297,345,-48
116000016,5995,909,5086
116000017,19,235,-216
116000018,384,289,95
116000019,260,153,107
116000020,277,980,-703
116000021,91,152,-61
116000022,188,424,-236
116000023,272,237,35
116000024,376,1031,-655
116000025,303,308,-5
116000026,766,1675,-909
116000027,209,259,-50
116000028,224,408,-184
116000029,656,403,253
116000030,165,152,13
116000031,101,143,-42
116000032,77,170,-93
116000033,101,304,-203
116000034,232,627,-395
116000035,80,364,-284
116000036,1296,232,1064
116000037,399,230,169
116000038,275,154,121
116000039,525,223,302
116000040,482,112,370
116000041,127,332,-205
116000042,230,123,107
116000043,43,433,-390
116000044,11,88,-77
116000045,632,473,159
116000046,562,636,-74
116000047,1059,1107,-48
116000048,1138,849,289
116000049,343,1024,-681
116000050,802,1132,-330
116000051,1075,850,225
116000052,1477,2484,-1007
116000053,593,726,-133
116000054,357,1926,-1569
116000055,199,1145,-946
116000056,314,602,-288
116000057,1899,1771,128
116000058,2283,1482,801
116000059,1890,1815,75
116000060,2064,550,1514
116000061,487,749,-262
116000062,375,158,217
116000063,196,1063,-867
116000066,94,113,-19
116000067,153,500,-347
116000068,72,95,-23
116000069,131,395,-264
116000078,134,661,-527
116000080,542,938,-396
116000082,5,70,-65
116000083,658,254,404
116000084,1397,3313,-1916
116000085,1131,589,542
116000086,1665,1458,207
116000087,754,600,154
116000088,538,1017,-479
116000089,79,73,6
116000090,94,154,-60
116000091,107,59,48
116000093,580,286,294
116000094,161,487,-326
116000095,386,348,38
116000096,348,832,-484
116000097,211,591,-380
116000098,168,2437,-2269
116000099,6131,242,5889
116000100,31,8,23
116000101,257,1323,-1066
116000102,132,1104,-972
116000103,245,175,70
116000104,67,1296,-1229
116000105,348,140,208
116000106,125,1083,-958
116000107,797,506,291
116000108,10,163,-153
116000111,16,18,-2
116000113,73,28,45
116000114,50,131,-81
116000115,37,40,-3
116000116,111,453,-342
116000117,476,1168,-692
116000118,554,1198,-644
116000119,906,1061,-155
116000120,1358,3685,-2327
116000121,345,292,53
116000122,1046,2451,-1405
116000123,170,246,-76
116000124,168,940,-772
116000125,685,395,290
116000126,136,1263,-1127
116000127,591,1264,-673
116000128,604,394,210
116000129,243,164,79
116000130,91,122,-31
116000133,199,753,-554
116000134,736,2483,-1747
116000135,663,997,-334
116000136,530,2067,-1537
116000137,254,444,-190
116000138,949,290,659
116000139,1066,1762,-696
116000140,53,186,-133
116000141,153,947,-794
116000142,3162,3186,-24
116000143,1507,1058,449
116000144,763,2469,-1706
116000145,916,1175,-259
116000146,150,356,-206
116000147,70,93,-23
116000148,124,308,-184
116000149,208,419,-211
116000151,315,754,-439
116000153,21,243,-222
116000155,80,100,-20
116000156,592,544,48
116000157,32,17,15
116000158,65,297,-232
116000159,6,2,4
116000160,23,107,-84
116000161,9,73,-64
116000162,37,14,23
116000163,8,9,-1
116000164,2,8,-6
116000177,10,63,-53
116000194,22,242,-220
116000195,679,520,159
116000196,3,5,-2
116000197,3,4,-1
116000198,1064,521,543
116000200,479,178,301
116000201,327,554,-227
116000202,3,300,-297
116000203,2,99,-97
116000204,8,26,-18
116000205,0,141,-141
116000206,2,80,-78
116000207,1,37,-36
116000233,58,635,-577
116000287,38,539,-501
116000288,35,220,-185
116000292,18,166,-148
116000296,7,196,-189
116000297,48,13,35
116000304,12,27,-15
116000305,8,70,-62
116000346,22,188,-166
116000352,21,57,-36
116000354,9,6,3
116000357,1,3,-2
116000358,57,10,47
116000361,569,1,568
116000372,8351,1234,7117
116000381,18,2,16
116000388,0,47,-47
116000389,297,486,-189
116000445,52,778,-726
116000446,65,870,-805
116000447,3,290,-287
116000448,396,147,249
116000563,626,228,398
116000565,45,363,-318
116000568,14,22,-8
116000579,14,103,-89
116000583,27,82,-55
116000584,4,6,-2
116000585,2,17,-15
116000586,170,36,134
116000587,70,232,-162
116000589,18,69,-51
116000590,32,27,5
116000591,30,237,-207
116000592,4,116,-112
116000593,1,38,-37
116000594,96,534,-438
116000595,182,177,5
116000596,16,5,11
116000597,67,25,42
116000598,11,192,-181
116000605,83,64,19
116000606,5,108,-103
116000607,3,49,-46
116000609,117,305,-188
116000611,21,542,-521
116000612,382,1384,-1002
116000613,101,200,-99
116000614,298,733,-435
116000615,2,75,-73
116000616,6,103,-97
116000617,30,88,-58
116000618,1,188,-187
116000619,5,42,-37
116000620,11,209,-198
116000621,15,19,-4
116000622,6,86,-80
116000624,11,45,-34
116000627,13,78,-65
116000628,11,486,-475
116000629,16,347,-331
116000630,81,18,63
116000631,19,43,-24
116000632,95,118,-23
116000633,43,376,-333
116000634,114,250,-136
116000635,1733,729,1004
116000636,866,687,179
116000637,110,110,0
116000638,43,443,-400
116000639,19,0,19
116000640,1,0,1
116000641,27,180,-153
116000643,0,139,-139
116000644,10,1041,-1031
116000645,11,11,0
116900001,68,126,-58
116900002,183,2,181
116900003,1,54,-53
116900004,6,13,-7
116900005,60,40,20
116900006,162,119,43
116900007,49,143,-94
116900008,58,357,-299
116900009,4,5,-1
116900010,34,1658,-1624
116900011,12,24,-12
116900012,62,153,-91
116900013,1,97,-96
116900014,17,331,-314
116900015,57,52,5
116900016,31,1,30
116900017,1,608,-607
116900018,15,27,-12
116900019,6,358,-352
116900020,1150,131,1019
116900023,31,7,24
116900024,82,50,32
116900025,187,907,-720
116900026,67,456,-389
116900027,8,27,-19
116900028,2,74,-72
116900029,2,10,-8
116900031,0,8,-8
116900032,3,283,-280
116900033,3,5,-2
116900034,7,38,-31
116900035,68,127,-59
116900036,1,66,-65
116900038,3,1,2
116900041,7,1,6
116900042,796,120,676
116900043,1,34,-33
116900047,62,28,34
116900049,15,150,-135
116900050,34,253,-219
116900051,7,178,-171
116900052,87,49,38
116900055,0,1,-1
116900057,8,254,-246
116900058,14,321,-307
116900059,0,115,-115
116900060,69,155,-86
116900062,0,2,-2
116900064,22,875,-853
116900065,0,59,-59
116900067,27,94,-67
116900068,48,453,-405
116900070,0,2,-2
116900072,5,445,-440
116900073,9,141,-132
116900074,1,13,-12
116900076,2,14,-12
116900077,3,177,-174
116900078,168,80,88
116900079,5,281,-276
116900080,4,11,-7
116900081,108,1015,-907
116900082,81,933,-852
116900083,32,51,-19
116900084,70,37,33
116900085,9,90,-81
116900086,11,175,-164
116900088,270,22,248
116900090,112,41,71
116900091,38,128,-90
116900092,43,534,-491
116900093,1154,1025,129
116900094,5007,992,4015
116900095,58,120,-62
116900096,63,43,20
116900097,2396,686,1710
116900098,744,69,675
116900099,279,173,106
116900100,169,5,164
116900101,195,555,-360
116900103,0,1,-1
116900104,11,42,-31
116900105,94,10,84
116900106,289,106,183
116900107,3116,589,2527
116900110,10,0,10
116900111,144,857,-713
116900112,57,566,-509
116900113,1812,558,1254
116900116,59,110,-51
116900117,11,55,-44
116900118,838,355,483
116900120,79,72,7
116900121,22,43,-21
116900122,123,775,-652
116900123,38,685,-647
116900124,64,604,-540
116900125,56,129,-73
116900126,155,324,-169
116900128,2,35,-33
116900129,0,269,-269
116900130,763,1476,-713
116900131,14,99,-85
116900132,10,69,-59
116900133,14,69,-55
116900134,85,166,-81
116900136,36,140,-104
116900137,101,92,9
116900138,76,168,-92
116900139,36,270,-234
116900140,86,162,-76
116900141,254,197,57
116900142,0,11,-11
116900143,79,305,-226
116900144,3,21,-18
116900145,24,280,-256
116900147,383,213,170
116900148,0,13,-13
116900149,6,60,-54
116900150,1,1,0
116900151,49,4,45
116900153,19,35,-16
116900154,185,67,118
116900155,10,26,-16
116900157,73,337,-264
116900158,15,32,-17
116900159,25,128,-103
116900160,285,147,138
116900161,8048,1782,6266
116900162,1,110,-109
116900163,30,141,-111
116900164,22,18,4
116900165,55,48,7
116900166,3,103,-100
116900167,71,31,40
116900168,40,47,-7
116900169,357,84,273
116900170,73,117,-44
116900171,20,182,-162
116900172,164,57,107
116900173,18,29,-11
116900174,10,19,-9
116900175,49,60,-11
116900178,5,143,-138
116900179,39,47,-8
116900180,17,23,-6
116900182,153,180,-27
116900183,34,41,-7
116900185,5,11,-6
116900186,62,276,-214
116900187,10,2,8
116900188,42,7,35
116900189,6,0,6
116900191,135,305,-170
116900192,102,115,-13
116900194,19,252,-233
116900195,12,4,8
116900196,10,93,-83
116900197,9,2,7
116900198,175,73,102
116900200,9,38,-29
116900201,15,0,15
116900202,39,35,4
116900203,20,2,18
116900204,10,29,-19
116900206,11,48,-37
116900207,7,18,-11
116900208,1,103,-102
116900209,6,118,-112
116900210,131,166,-35
116900211,156,13,143
116900212,3,57,-54
116900213,86,149,-63
116900214,40,103,-63
116900215,10,60,-50
116900216,73,275,-202
116900218,5,371,-366
116900219,419,337,82
116900220,68,181,-113
116900221,27,158,-131
116900222,235,307,-72
116900223,61,101,-40
116900226,7,89,-82
116900227,25,45,-20
116900228,74,249,-175
116900230,8,312,-304
116900231,5,386,-381
116900232,2,419,-417
116900233,41,39,2
116900234,3,1,2
116900235,119,337,-218
116900238,1042,178,864
116900239,4,347,-343
116900240,4549,923,3626
116900241,16,115,-99
116900242,984,99,885
116900243,0,27,-27
116900245,5,14,-9
116900246,20,12,8
116900247,121,7,114
116900248,6,11,-5
116900249,35,55,-20
116900250,52,32,20
116900251,301,75,226
116900252,14,723,-709
116900254,3,55,-52
116900255,80,14,66
116900256,68,64,4
116900257,5,539,-534
116900258,3,365,-362
116900259,11,0,11
116900260,0,115,-115
116900261,19,0,19
116900262,50,90,-40
116900263,0,2,-2
116900264,14,11,3
116900265,4,0,4
116900266,2,39,-37
116900267,0,0,0
116900268,1,8,-7
116900269,166,427,-261
116900271,1697,33,1664
116900272,313,400,-87
116900273,134,15,119
116900274,69,66,3
116900275,26,88,-62
116900276,179,29,150
116900277,438,13,425
116900278,1,2,-1
116900279,0,14,-14
116900280,0,23,-23
116900281,5658,978,4680
116900282,3,133,-130
116900283,4,85,-81
116900284,12,150,-138
116900285,276,55,221
116900286,155,2,153
116900287,5,78,-73
116900288,36,119,-83
116900289,0,10,-10
116900290,1,30,-29
116900291,3,4,-1
116900292,0,3,-3
116900293,3,59,-56
116900294,9,61,-52
116900295,53,21,32
116900296,20,47,-27
116900297,1,20,-19
116900298,79,18,61
116900299,19,21,-2
116900300,2,113,-111
116900301,21,70,-49
116900302,16,20,-4
116900303,249,26,223
116900304,0,83,-83
116900305,3,16,-13
116900306,36,171,-135
116900307,15,0,15
116900308,0,183,-183
116900309,12,85,-73
116900310,2,48,-46
117000001,550,733,-183
117000002,910,3281,-2371
117000003,3473,1570,1903
117000004,2809,3895,-1086
117000005,656,988,-332
117000006,531,3695,-3164
117000007,1586,924,662
117000008,848,3320,-2472
117000009,2798,764,2034
117000010,1991,3041,-1050
117000011,658,1006,-348
117000012,702,1675,-973
117000013,541,954,-413
117000014,349,1987,-1638
117000015,1911,781,1130
117000016,310,70,240
117000017,306,94,212
117000018,85,191,-106
117000019,54,7,47
117000020,538,510,28
117000021,2559,309,2250
117000022,267,41,226
117000023,351,109,242
117000024,284,44,240
117000025,482,420,62
117000026,1756,443,1313
117000027,1314,935,379
117000028,726,304,422
117000030,406,492,-86
117000031,251,168,83
117000032,1279,1078,201
117000033,689,584,105
117000034,170,220,-50
117000035,140,164,-24
117000036,198,216,-18
117000037,116,195,-79
117000038,84,241,-157
117000039,168,241,-73
117000040,132,1245,-1113
117000041,352,113,239
117000044,14,995,-981
117000045,191,44,147
117000046,268,867,-599
117000047,292,477,-185
117000048,1355,1141,214
117000049,91,212,-121
117000050,50,2396,-2346
117000051,876,118,758
117000052,7,679,-672
117000053,59,44,15
117000054,581,1,580
117000055,84,2682,-2598
117000056,185,8,177
117000057,476,1523,-1047
117000060,177,1823,-1646
117000061,468,396,72
117000062,167,505,-338
117000063,535,386,149
117000064,658,669,-11
117000066,805,363,442
117000067,104,201,-97
117000074,111,82,29
117000076,83,25,58
117000077,91,36,55
117000078,50,382,-332
117000079,104,122,-18
117000080,2,313,-311
117000081,235,81,154
117000082,18,40,-22
117000083,142,100,42
117000084,164,1,163
117000085,70,274,-204
117000086,650,567,83
117000087,79,351,-272
117000088,208,89,119
117000089,634,215,419
117000090,105,1339,-1234
117000091,264,251,13
117000092,169,1672,-1503
117000093,367,449,-82
117000094,370,2106,-1736
117000095,942,487,455
117000096,224,2200,-1976
117000097,365,850,-485
117000098,2043,5003,-2960
117000099,894,447,447
117000100,76,76,0
117000101,165,1122,-957
117000102,376,338,38
117000103,541,1689,-1148
117000104,487,302,185
117000105,320,1915,-1595
117000106,394,317,77
117000107,276,2458,-2182
117000108,487,424,63
117000109,1109,2833,-1724
117000110,532,328,204
117000111,1758,3072,-1314
117000112,1153,1194,-41
117000113,45,339,-294
117000114,42,62,-20
117000115,43,176,-133
117000116,32,141,-109
117000117,878,234,644
117000118,139,205,-66
117000119,103,24,79
117000120,78,51,27
117000121,17,189,-172
117000122,390,408,-18
117000123,931,10,921
117000124,161,22,139
117000125,236,28,208
117000126,21,35,-14
117000127,130,232,-102
117000128,247,318,-71
117000129,468,334,134
117000130,55,37,18
117000131,1,205,-204
117000132,554,43,511
117000133,336,98,238
117000134,0,38,-38
117000135,7,28,-21
117000136,1,50,-49
117000137,34,23,11
117000138,0,319,-319
117000140,197,1608,-1411
117000141,479,266,213
117000181,690,224,466
117000182,168,76,92
117000195,91,1094,-1003
117000196,38,33,5
117000225,58,4,54
117000226,7,42,-35
117000276,49,5,44
117000277,1,543,-542
117000310,1599,1820,-221
117000315,16,277,-261
117000320,49,0,49
117000906,63,3,60
117000907,2,448,-446
117000909,43,45,-2
117000910,92,85,7
117000911,57,236,-179
117000915,5,527,-522
117000916,13,2,11
117000917,255,6,249
117000918,19,15,4
117000919,8,116,-108
117000920,9,1444,-1435
117000921,5,2368,-2363
117000922,24,45,-21
117000924,171,359,-188
117000926,1137,46,1091
117000927,516,184,332
117000928,1,252,-251
117000929,189,603,-414
117000930,57,28,29
117000931,228,24,204
117900002,69,247,-178
117900003,594,156,438
117900005,0,3,-3
117900006,0,29,-29
117900007,36,166,-130
117900008,0,30,-30
117900010,110,135,-25
117900011,2,1,1
117900012,9,173,-164
117900013,1,237,-236
117900014,312,254,58
117900015,9,235,-226
117900016,856,195,661
117900017,232,517,-285
117900018,129,19,110
117900019,97,599,-502
117900020,51,99,-48
117900021,10,89,-79
117900023,458,45,413
117900024,35,132,-97
117900025,55,22,33
117900026,134,356,-222
117900028,16,3,13
117900029,64,1151,-1087
117900031,62,36,26
117900032,312,144,168
117900033,70,982,-912
117900034,39,26,13
117900035,44,35,9
117900036,85,680,-595
117900037,16,98,-82
117900038,16,365,-349
117900039,1,79,-78
117900040,46,500,-454
117900041,2,49,-47
117900042,4024,285,3739
117900043,5,37,-32
117900044,121,1199,-1078
117900045,47,41,6
117900048,62,282,-220
117900049,46,659,-613
117900050,1,19,-18
117900051,9,1,8
117900052,37,170,-133
117900053,358,520,-162
117900054,0,14,-14
117900055,64,37,27
117900056,113,18,95
117900057,502,1110,-608
117900058,16,5,11
117900059,332,36,296
117900060,281,4645,-4364
117900061,2,64,-62
117900063,78,178,-100
117900065,604,892,-288
117900066,1,28,-27
117900067,154,255,-101
117900069,231,426,-195
117900070,63,0,63
117900071,48,114,-66
117900073,87,309,-222
117900074,44,0,44
117900075,10,72,-62
117900076,11,59,-48
117900077,68,76,-8
117900078,129,212,-83
117900080,59,34,25
117900081,506,312,194
117900082,101,136,-35
117900083,83,652,-569
117900086,33,36,-3
117900087,22,47,-25
117900088,1968,1087,881
117900089,605,137,468
117900090,139,712,-573
117900091,83,110,-27
117900092,10,37,-27
117900093,39,58,-19
117900094,10,2,8
117900095,149,778,-629
117900096,23,200,-177
117900097,44,67,-23
117900098,2,0,2
117900099,39,372,-333
117900100,15,0,15
117900101,248,500,-252
117900102,16,33,-17
117900103,4,0,4
117900104,6,102,-96
117900105,94,103,-9
117900106,27,41,-14
117900107,4,0,4
117900109,125,202,-77
117900110,9,0,9
117900111,91,1,90
117900112,20,15,5
117900113,2872,1002,1870
117900114,1,0,1
117900115,80,13,67
117900116,673,469,204
117900117,158,218,-60
117900118,5,0,5
117900119,34,216,-182
117900120,70,78,-8
117900121,1,14,-13
117900122,624,727,-103
117900123,218,738,-520
117900124,398,387,11
117900125,696,463,233
117900126,285,384,-99
117900127,141,586,-445
117900128,88,755,-667
117900129,15,0,15
117900130,500,263,237
117900131,0,82,-82
117900132,2,67,-65
117900133,4,110,-106
117900134,22,171,-149
117900135,8,252,-244
117900136,0,63,-63
117900137,16,304,-288
117900138,0,43,-43
117900139,14,108,-94
117900140,4158,42,4116
117900141,78,227,-149
117900142,30,3,27
117900144,24,76,-52
117900145,19,0,19
117900146,77,66,11
117900147,12,32,-20
117900148,1847,711,1136
117900149,6,124,-118
117900150,9,102,-93
117900151,19,132,-113
117900152,90,75,15
117900153,8,74,-66
117900154,125,538,-413
117900156,399,371,28
117900157,23,261,-238
117900158,43,52,-9
117900160,180,129,51
117900161,1548,1812,-264
117900162,97,256,-159
117900163,26,15,11
117900165,2,1,1
117900166,58,58,0
117900168,107,113,-6
117900169,1,92,-91
117900170,0,53,-53
117900171,1,9,-8
117900172,8,53,-45
117900173,130,27,103
117900174,39,32,7
117900175,0,11,-11
117900176,11,33,-22
117900177,3,27,-24
117900178,43,13,30
117900180,178,7,171
117900181,71,77,-6
117900182,0,14,-14
117900183,15,95,-80
117900184,3,41,-38
117900185,4,24,-20
117900186,6,6,0
117900187,2,2,0
117900188,116,11,105
117900189,26,1,25
117900190,8,0,8
117900191,27,0,27
117900192,43,0,43
117900193,1,42,-41
117900194,3,7,-4
117900195,7,20,-13
117900196,5,20,-15
117900207,41,45,-4
117900208,4,30,-26
117900209,86,119,-33
117900210,115,110,5
117900211,24,129,-105
117900212,35,125,-90
117900213,1,8,-7
117900214,0,31,-31
117900215,8,56,-48
117900216,34,54,-20
117900217,42,31,11
117900218,119,106,13
117900219,3,41,-38
117900220,16,44,-28
117900222,131,182,-51
117900223,125,102,23
118000001,529,265,264
118000002,1155,1418,-263
118000003,885,654,231
118000004,2185,1761,424
118000005,4113,974,3139
118000006,6399,4416,1983
118000007,4281,1390,2891
118000008,4233,1938,2295
118000009,1455,2033,-578
118000010,1586,3091,-1505
118000011,495,2554,-2059
118000012,583,2551,-1968
118000013,2482,2415,67
118000014,1591,3535,-1944
118000016,197,548,-351
118000017,101,221,-120
118000018,123,640,-517
118000019,1191,1016,175
118000020,727,696,31
118000021,534,1212,-678
118000022,1483,447,1036
118000023,937,210,727
118000024,1167,462,705
118000027,13459,2904,10555
118000029,932,371,561
118000032,1048,926,122
118000033,1818,1461,357
118000034,3139,1156,1983
118000035,1358,980,378
118000036,693,790,-97
118000037,371,687,-316
118000038,71,102,-31
118000039,49,328,-279
118000040,940,2055,-1115
118000041,1028,1125,-97
118000045,530,80,450
118000046,1339,357,982
118000047,1285,254,1031
118000048,2551,821,1730
118000051,1510,399,1111
118000052,866,210,656
118000053,148,204,-56
118000054,1593,698,895
118000055,1178,885,293
118000056,159,138,21
118000057,161,226,-65
118000058,1929,523,1406
118000059,1303,417,886
118000060,345,640,-295
118000061,287,917,-630
118000062,351,110,241
118000063,203,325,-122
118000064,522,723,-201
118000065,4078,963,3115
118000066,395,561,-166
118000067,1168,639,529
118000068,1171,1693,-522
118000069,2517,921,1596
118000070,6833,1069,5764
118000071,2821,2510,311
118000072,1505,645,860
118000073,1872,234,1638
118000074,169,315,-146
118000075,507,283,224
118000076,648,610,38
118000077,946,720,226
118000078,1243,1467,-224
118000079,180,260,-80
118000080,798,545,253
118000081,1070,965,105
118000082,217,451,-234
118000083,1768,666,1102
118000084,1886,1263,623
118000086,99,658,-559
118000087,5210,1835,3375
118000088,1409,1409,0
118000089,3021,1657,1364
118000090,2052,1495,557
118000091,1021,1127,-106
118000092,1169,288,881
118000093,88,418,-330
118000096,301,333,-32
118000097,347,319,28
118000098,132,130,2
118000099,136,838,-702
118000101,357,363,-6
118000102,152,1456,-1304
118000107,2719,276,2443
118000108,261,423,-162
118000110,4,15,-11
118000111,2,766,-764
118000112,84,0,84
118000113,5,950,-945
118000114,75,2,73
118000115,6,2,4
118000116,22,0,22
118000117,835,630,205
118000118,424,578,-154
118000119,363,1074,-711
118000120,747,1202,-455
118000121,31,356,-325
118000122,502,75,427
118000123,46,229,-183
118000125,1148,918,230
118000126,300,1832,-1532
118000127,1240,514,726
118000128,526,868,-342
118000129,505,173,332
118000130,2672,3615,-943
118000131,554,1139,-585
118000132,1841,1348,493
118000133,291,397,-106
118000135,172,225,-53
118000136,38,547,-509
118000137,398,53,345
118000138,119,622,-503
118000139,90,122,-32
118000140,1504,1758,-254
118000141,874,1693,-819
118000142,721,1780,-1059
118000143,570,637,-67
118000144,951,737,214
118000145,771,2562,-1791
118000146,549,1413,-864
118000147,426,1522,-1096
118000148,194,1213,-1019
118000149,340,925,-585
118000150,73,211,-138
118000151,68,342,-274
118000153,435,768,-333
118000154,325,1256,-931
118000155,314,1043,-729
118000156,1407,1498,-91
118000157,190,342,-152
118000158,91,435,-344
118000159,8,12,-4
118000160,128,388,-260
118000161,156,727,-571
118000162,598,679,-81
118000163,219,430,-211
118000164,1453,853,600
118000168,1178,73,1105
118000169,565,1550,-985
118000170,2552,6386,-3834
118000171,200,618,-418
118000172,66,266,-200
118000173,553,925,-372
118000175,86,236,-150
118000176,104,288,-184
118000177,124,440,-316
118000178,15,26,-11
118000179,1376,397,979
118000180,534,597,-63
118000181,470,280,190
118000182,194,303,-109
118000183,126,144,-18
118000184,199,1100,-901
118000185,681,458,223
118000186,277,665,-388
118000187,368,958,-590
118000188,148,206,-58
118000189,137,753,-616
118000190,6,9,-3
118000191,14,17,-3
118000192,76,79,-3
118000193,34,176,-142
118000194,1348,698,650
118000195,626,386,240
118000196,197,52,145
118000197,103,54,49
118000198,523,205,318
118000199,399,136,263
118000200,41,105,-64
118000201,240,253,-13
118000202,5,22,-17
118000203,1052,159,893
118000204,185,102,83
118000205,338,214,124
118000206,79,115,-36
118000207,0,80,-80
118000208,564,1181,-617
118000209,812,1724,-912
118000210,9,17,-8
118000211,2,15,-13
118000213,452,373,79
118000214,420,114,306
118000215,125,188,-63
118000216,497,1828,-1331
118000217,23,133,-110
118000218,39,83,-44
118000219,250,284,-34
118000220,0,13,-13
118000221,30,157,-127
118000222,78,19,59
118000223,3,15,-12
118000224,165,88,77
118000225,52,704,-652
118000226,247,38,209
118000227,887,274,613
118000228,71,46,25
118000229,57,14,43
118000230,35,207,-172
118000231,8,172,-164
118000232,304,876,-572
118000233,351,553,-202
118000234,73,278,-205
118000236,131,330,-199
118000237,15,573,-558
118000238,52,176,-124
118000239,95,173,-78
118000240,329,64,265
118000241,24,230,-206
118000242,142,604,-462
118000243,46,127,-81
118000244,26,161,-135
118000246,0,2,-2
118000255,28,159,-131
118000256,47,190,-143
118000259,1,24,-23
118000260,34,50,-16
118000261,3,56,-53
118000263,21,170,-149
118000266,67,385,-318
118000267,0,58,-58
118000268,92,0,92
118000270,21,28,-7
118000271,71,214,-143
118000272,33,16,17
118000273,39,69,-30
118000274,67,251,-184
118000276,49,126,-77
118000295,2,59,-57
118000298,68,398,-330
118000299,40,201,-161
118000301,0,54,-54
118000302,32,81,-49
118000311,33,118,-85
118000312,86,204,-118
118000313,14,84,-70
118000314,22,76,-54
118000315,5,38,-33
118000316,245,355,-110
118000325,5,42,-37
118000326,3,43,-40
118000331,1,37,-36
118000332,10,31,-21
118000333,10,37,-27
118000335,30,0,30
118000336,0,296,-296
118000407,11,51,-40
118000457,3,21,-18
118000465,2787,1496,1291
118000480,17,110,-93
118000489,49,88,-39
118000490,112,407,-295
118000492,124,144,-20
118000510,54,13,41
118000514,84,233,-149
118000515,292,205,87
118000517,284,116,168
118000524,523,97,426
118000525,535,653,-118
118000530,7,64,-57
118000531,47,184,-137
118000532,70,241,-171
118000533,153,104,49
118000534,178,356,-178
118000535,49,72,-23
118000536,340,161,179
118000537,9,16,-7
118000538,15,67,-52
118000539,7,48,-41
118000540,142,163,-21
118000541,54,68,-14
118000542,24,96,-72
118000543,57,132,-75
118000546,14,14,0
118000553,0,1,-1
118000560,2541,387,2154
118000562,2,263,-261
118000563,1538,1175,363
118000576,59,166,-107
118000577,217,127,90
118000578,138,118,20
118000579,694,604,90
118000583,0,1,-1
118000595,74,69,5
118000596,0,65,-65
118000597,53,158,-105
118000598,3,0,3
118000599,7,42,-35
118000600,0,6,-6
118000601,0,0,0
118000602,0,5,-5
118000603,0,42,-42
118000605,32,495,-463
118000606,2,40,-38
118900001,865,297,568
118900002,747,242,505
118900003,39,1,38
118900004,8,44,-36
118900005,26,0,26
118900006,19,0,19
118900007,16,4,12
118900008,655,32,623
118900009,8,7,1
118900010,3,2,1
118900011,48,8,40
118900012,130,147,-17
118900013,512,8,504
118900015,30,7,23
118900016,2,29,-27
118900017,42,45,-3
118900018,796,6,790
118900019,19,11,8
118900020,42,48,-6
118900021,50,245,-195
118900022,63,82,-19
118900023,19,54,-35
118900024,19,108,-89
118900025,14,11,3
118900026,30,55,-25
118900027,194,110,84
118900028,15,134,-119
118900029,46,271,-225
118900030,27,26,1
118900031,41,111,-70
118900032,21,107,-86
118900033,143,518,-375
118900034,12,1,11
118900035,76,231,-155
118900036,237,411,-174
118900037,67,188,-121
118900038,113,273,-160
118900039,58,182,-124
118900040,81,109,-28
118900041,59,202,-143
118900042,42,51,-9
118900045,60,96,-36
118900046,523,83,440
118900047,552,125,427
118900048,30,76,-46
118900049,35,11,24
118900050,1,60,-59
118900051,54,31,23
118900052,63,121,-58
118900053,5,41,-36
118900054,13,60,-47
118900055,7,97,-90
118900056,0,39,-39
118900057,86,169,-83
118900058,90,262,-172
118900059,7,59,-52
118900060,20,81,-61
118900062,23,111,-88
118900064,286,186,100
118900065,11,71,-60
118900066,20,76,-56
118900067,6267,2041,4226
118900068,2,52,-50
118900069,119,190,-71
118900071,1,25,-24
118900072,112,183,-71
118900073,26,56,-30
118900074,42,42,0
118900075,9,38,-29
118900076,80,23,57
118900077,42,63,-21
118900078,5,1,4
118900079,21,90,-69
118900080,3,55,-52
118900081,22,11,11
118900082,163,71,92
118900083,6,12,-6
118900084,4,6,-2
118900085,276,614,-338
118900086,8,29,-21
118900087,14,66,-52
118900088,0,23,-23
118900089,4,1,3
118900090,184,340,-156
118900091,74,54,20
118900092,18,39,-21
118900093,28,5,23
118900096,26,34,-8
118900097,94,760,-666
118900099,18,173,-155
118900100,41,96,-55
118900101,10,493,-483
118900102,4,38,-34
118900103,23,24,-1
118900104,21,93,-72
118900105,74,57,17
118900107,136,78,58
118900108,42,60,-18
118900110,951,137,814
118900111,82,382,-300
118900112,7,56,-49
118900113,71,409,-338
118900114,1,40,-39
118900115,24,193,-169
118900116,21,140,-119
118900117,27,155,-128
118900118,61,467,-406
118900119,48,250,-202
118900120,61,300,-239
118900121,1,241,-240
118900122,3,239,-236
118900123,65,203,-138
118900124,11,130,-119
118900126,5,133,-128
118900129,28,95,-67
118900130,29,22,7
118900131,48,207,-159
118900132,67,76,-9
118900133,6,34,-28
118900135,83,134,-51
118900136,128,662,-534
118900137,3,11,-8
118900139,40,352,-312
118900140,290,846,-556
118900141,31,222,-191
118900144,92,530,-438
118900145,22,143,-121
118900146,98,544,-446
118900147,20,65,-45
118900148,21,51,-30
118900150,206,151,55
118900152,149,742,-593
118900157,66,96,-30
118900158,7,85,-78
118900159,0,187,-187
118900161,30,0,30
118900163,137,40,97
118900164,1,69,-68
118900165,11,217,-206
118900166,10,2,8
118900167,9,98,-89
118900168,13,27,-14
118900169,19,329,-310
118900170,11,64,-53
118900171,2,34,-32
118900174,16,34,-18
118900175,67,153,-86
118900176,13,109,-96
118900177,4,32,-28
118900178,2,58,-56
118900179,0,19,-19
118900181,37,53,-16
118900182,27,20,7
118900183,3,27,-24
118900184,88,10,78
118900185,59,97,-38
118900186,50,108,-58
118900187,80,217,-137
118900188,52,189,-137
118900189,8,185,-177
118900190,0,477,-477
118900191,47,13,34
118900192,42,4,38
118900193,49,4,45
118900195,140,661,-521
118900196,8,104,-96
118900197,19,74,-55
118900198,2,21,-19
118900199,5,39,-34
118900200,1,2,-1
118900201,4,2,2
118900202,5,33,-28
118900203,0,25,-25
118900204,1,26,-25
118900205,3,4,-1
118900206,0,20,-20
119000001,483,574,-91
119000002,1127,1385,-258
119000003,600,1276,-676
119000004,950,828,122
119000005,789,1096,-307
119000006,876,1123,-247
119000007,1671,2273,-602
119000008,1152,1847,-695
119000009,3864,1676,2188
119000010,10088,3248,6840
119000011,5338,1186,4152
119000012,4987,2033,2954
119000013,2061,1011,1050
119000014,1700,2545,-845
119000019,173,159,14
119000020,683,944,-261
119000021,1608,1529,79
119000022,2373,871,1502
119000023,350,159,191
119000024,2369,3507,-1138
119000025,10506,986,9520
119000026,394,156,238
119000027,821,265,556
119000028,1322,817,505
119000029,172,195,-23
119000030,255,1056,-801
119000031,460,626,-166
119000032,1636,1487,149
119000033,1082,1463,-381
119000034,573,868,-295
119000035,13,389,-376
119000036,483,1114,-631
119000037,485,2208,-1723
119000038,47,1026,-979
119000039,80,266,-186
119000040,830,409,421
119000041,665,730,-65
119000048,3179,3538,-359
119000049,751,3624,-2873
119000050,1147,1995,-848
119000051,1089,815,274
119000052,2086,2168,-82
119000053,1324,1028,296
119000054,1563,3121,-1558
119000055,1313,2922,-1609
119000056,965,1719,-754
119000057,837,2192,-1355
119000058,1031,1784,-753
119000059,537,1255,-718
119000060,679,601,78
119000061,562,685,-123
119000062,633,1046,-413
119000063,166,231,-65
119000064,976,1278,-302
119000065,1330,2856,-1526
119000066,1112,809,303
119000067,1329,2410,-1081
119000068,737,914,-177
119000069,857,2247,-1390
119000070,945,1177,-232
119000071,519,804,-285
119000072,4996,3009,1987
119000073,3422,4045,-623
119000074,364,3580,-3216
119000075,375,2194,-1819
119000076,373,790,-417
119000077,473,427,46
119000078,238,382,-144
119000079,58,766,-708
119000080,83,175,-92
119000081,90,397,-307
119000082,190,200,-10
119000083,136,285,-149
119000084,121,610,-489
119000085,488,295,193
119000086,134,440,-306
119000087,1232,781,451
119000088,194,216,-22
119000089,30,103,-73
119000090,159,159,0
119000091,106,202,-96
119000092,647,142,505
119000093,3149,3241,-92
119000094,1163,3451,-2288
119000095,576,2613,-2037
119000097,3586,1239,2347
119000098,428,1001,-573
119000099,1204,1223,-19
119000100,1132,1548,-416
119000101,1854,2058,-204
119000102,516,420,96
119000103,1063,400,663
119000104,2461,1194,1267
119000105,377,590,-213
119000106,133,1944,-1811
119000107,192,444,-252
119000108,121,1405,-1284
119000109,64,300,-236
119000110,390,259,131
119000111,27,373,-346
119000112,202,105,97
119000113,2074,165,1909
119000114,394,240,154
119000115,107,67,40
119000116,53,68,-15
119000117,49,163,-114
119000118,2,5,-3
119000123,1470,408,1062
119000124,146,172,-26
119000125,746,937,-191
119000126,282,1024,-742
119000127,136,997,-861
119000128,35,8,27
119000131,254,1080,-826
119000132,1,4,-3
119000133,0,3,-3
119000134,2687,396,2291
119000135,27,207,-180
119000136,65,266,-201
119000137,31,459,-428
119000138,90,449,-359
119000139,62,271,-209
119000140,45,206,-161
119000284,1359,2121,-762
119000285,2127,1864,263
119000286,4687,4027,660
119000287,1164,1971,-807
119000288,1049,1724,-675
119000289,1749,3757,-2008
119000290,204,456,-252
119000291,7,315,-308
119000293,44,143,-99
119000294,37,28,9
119000295,1505,520,985
119000296,96,174,-78
119000297,0,0,0
119000302,4785,1203,3582
119000303,14,64,-50
119000310,0,0,0
119000314,925,3064,-2139
119000315,2,738,-736
119000316,18,122,-104
119000317,14,573,-559
119000319,100,409,-309
119900001,39,354,-315
119900002,19,220,-201
119900003,20,1196,-1176
119900004,268,165,103
119900005,25,115,-90
119900006,55,226,-171
119900007,279,37,242
119900008,5,26,-21
119900009,221,467,-246
119900010,850,863,-13
119900011,15,25,-10
119900012,4,15,-11
119900013,977,432,545
119900014,517,167,350
119900015,16,15,1
119900016,10,62,-52
119900017,3,13,-10
119900018,863,86,777
119900019,9,5,4
119900020,42,169,-127
119900021,18,23,-5
119900022,30,140,-110
119900023,639,205,434
119900025,24,25,-1
119900026,720,29,691
119900027,12,8,4
119900028,44,13,31
119900029,0,9,-9
119900030,377,316,61
119900031,12,77,-65
119900033,1886,64,1822
119900034,95,129,-34
119900037,33,9,24
119900038,8,84,-76
119900039,56,1,55
119900040,14,7,7
119900041,47,33,14
119900042,4,136,-132
119900043,8,178,-170
119900044,74,104,-30
119900046,16,37,-21
119900047,42,7,35
119900049,11,5,6
119900050,13,35,-22
119900051,187,2,185
119900052,10,57,-47
119900053,36,180,-144
119900054,20,2,18
119900055,265,144,121
119900057,30,40,-10
119900058,30,0,30
119900059,53,32,21
119900060,61,5,56
119900061,28,5,23
119900062,4,25,-21
119900063,8,12,-4
119900065,64,1,63
119900067,30,12,18
119900068,70,2,68
119900069,21,4,17
119900070,109,1,108
119900071,78,3,75
119900073,1523,282,1241
119900074,10,7,3
119900075,4547,1162,3385
119900076,124,490,-366
119900077,171,1350,-1179
119900078,132,754,-622
119900079,353,266,87
119900080,102,270,-168
119900081,111,163,-52
119900082,182,47,135
119900083,146,59,87
119900084,132,74,58
119900085,115,28,87
119900086,49,976,-927
119900087,96,87,9
119900088,26,31,-5
119900089,5,470,-465
119900090,120,21,99
119900091,11,1156,-1145
119900092,3,309,-306
119900093,404,38,366
119900094,21,246,-225
119900095,98,75,23
119900096,16,80,-64
119900097,186,117,69
119900098,2,15,-13
119900099,6,262,-256
119900100,2448,994,1454
119900101,151,496,-345
119900102,18,314,-296
119900103,18,385,-367
119900104,16,247,-231
119900105,384,1067,-683
119900106,11,224,-213
119900107,210,3170,-2960
119900108,1320,661,659
119900109,8,106,-98
119900110,208,652,-444
119900111,18,309,-291
119900112,2558,327,2231
119900113,46,456,-410
119900114,71,1843,-1772
119900115,26,1250,-1224
119900116,113,156,-43
119900117,81,1097,-1016
119900118,8,1166,-1158
119900119,20,226,-206
119900120,462,602,-140
119900121,63,1410,-1347
119900122,122,377,-255
119900123,78,158,-80
119900124,50,941,-891
119900125,24,420,-396
119900126,5042,147,4895
119900127,2299,640,1659
119900128,162,777,-615
119900129,37,807,-770
119900130,30,182,-152
119900131,5,361,-356
119900132,3,274,-271
119900133,6,23,-17
119900134,1882,191,1691
119900135,0,333,-333
119900136,138,580,-442
119900138,325,643,-318
119900139,2,66,-64
119900140,0,123,-123
119900141,50,175,-125
119900142,0,6,-6
119900143,5,231,-226
119900144,2322,161,2161
119900145,22,200,-178
119900146,98,51,47
119900147,2,74,-72
119900148,21,21,0
119900149,1431,1367,64
119900150,122,166,-44
119900151,959,565,394
119900152,22,503,-481
119900153,13,23,-10
119900154,10,840,-830
119900155,16,9,7
119900156,2,2,0
119900157,11,298,-287
119900158,26,44,-18
119900159,1,1468,-1467
119900160,3,191,-188
119900161,121,173,-52
119900162,226,304,-78
119900163,92,32,60
119900164,0,0,0
119900165,48,316,-268
119900166,10,13,-3
119900167,34,85,-51
119900168,205,273,-68
119900169,128,57,71
119900170,78,68,10
119900171,266,469,-203
119900172,40,4,36
119900173,3,491,-488
119900174,0,203,-203
119900175,252,512,-260
119900177,19,223,-204
119900178,3,166,-163
119900179,15,119,-104
119900180,358,430,-72
119900181,20,6,14
119900182,4,360,-356
119900183,45,962,-917
119900184,2304,308,1996
119900185,7,47,-40
119900186,13,118,-105
119900187,4,501,-497
119900188,12,247,-235
119900189,164,87,77
119900190,24,58,-34
119900191,57,57,0
119900192,1,247,-246
119900193,60,148,-88
119900194,3,16,-13
119900195,11,188,-177
119900196,1256,272,984
119900197,27,85,-58
119900198,17,471,-454
119900199,108,12,96
119900200,98,461,-363
119900201,310,97,213
119900202,133,36,97
119900203,59,182,-123
119900204,56,212,-156
119900205,114,569,-455
119900206,15,83,-68
119900208,61,88,-27
119900209,166,292,-126
119900210,5,18,-13
119900211,37,5,32
119900212,16,238,-222
119900213,2,39,-37
119900214,2,74,-72
119900215,4,72,-68
119900216,6,87,-81
119900217,3,50,-47
119900218,11,77,-66
119900219,3,128,-125
119900220,19,122,-103
119900221,11,440,-429
119900222,8,302,-294
119900223,13,100,-87
119900224,13,26,-13
119900225,912,21,891
119900226,814,524,290
119900227,1174,226,948
119900228,6,231,-225
119900229,103,265,-162
119900230,991,442,549
119900231,22,172,-150
119900232,55,28,27
119900233,10,0,10
119900234,8,6,2
119900235,1,4,-3
119900236,6,150,-144
119900237,9,394,-385
119900238,0,79,-79
119900240,13,148,-135
119900241,55,213,-158
119900242,1143,324,819
119900244,481,966,-485
119900245,22,100,-78
119900246,83,110,-27
119900247,7,31,-24
119900248,15,18,-3
119900249,102,26,76
119900253,3542,171,3371
119900254,21,107,-86
119900255,38,537,-499
119900256,147,1371,-1224
119900257,32,1,31
119900258,14,10,4
119900259,1,199,-198
119900260,16,0,16
119900261,74,174,-100
119900262,0,261,-261
119900263,679,266,413
119900264,13,248,-235
119900265,73,410,-337
119900266,60,251,-191
119900267,56,372,-316
119900268,34,177,-143
119900269,130,1437,-1307
119900271,6,63,-57
119900272,31,27,4
119900275,52,9,43
119900276,7,0,7
119900277,10,2,8
119900278,90,14,76
119900279,57,51,6
119900280,905,100,805
119900281,0,41,-41
119900282,25,8,17
119900283,2,295,-293
119900284,18,197,-179
119900285,10,26,-16
119900286,1,8,-7
119900288,0,11,-11
119900289,0,21,-21
119900290,2,18,-16
119900291,0,9,-9
119900292,8,6,2
119900293,2,34,-32
119900294,2,39,-37
119900295,3,48,-45
119900296,4,148,-144
119900297,0,22,-22
119900298,4,0,4
119900299,24,208,-184
119900300,42,193,-151
119900301,10,8,2
119900302,3,23,-20
119900303,42,165,-123
119900304,23,11,12
119900305,20,64,-44
119900306,5,0,5
119900307,2,66,-64
119900308,3,5,-2
119900309,3,19,-16
119900310,185,215,-30
119900311,9,146,-137
119900312,12,76,-64
119900313,55,344,-289
119900314,23,148,-125
119900315,287,2466,-2179
119900318,14,8,6
119900319,4,300,-296
119900320,17,669,-652
119900321,9,0,9
120000001,5927,4815,1112
120000002,1749,3076,-1327
120000003,2819,1838,981
120000004,2685,2355,330
120000005,4750,1947,2803
120000006,1408,1307,101
120000007,2625,1879,746
120000008,920,1234,-314
120000009,4866,1098,3768
120000010,1117,3340,-2223
120000011,715,1897,-1182
120000012,1184,2633,-1449
120000013,1360,2665,-1305
120000014,341,1455,-1114
120000015,1383,1387,-4
120000016,1801,1708,93
120000017,1157,1271,-114
120000018,4067,4144,-77
120000019,538,769,-231
120000020,1834,1592,242
120000021,2063,1283,780
120000022,2530,2592,-62
120000023,653,1414,-761
120000024,1174,1890,-716
120000025,1277,2189,-912
120000026,481,1706,-1225
120000027,746,1585,-839
120000028,402,289,113
120000029,2180,387,1793
120000030,71,601,-530
120000031,1474,3816,-2342
120000032,9686,2799,6887
120000033,1484,1440,44
120000034,692,2102,-1410
120000035,869,2200,-1331
120000036,1646,3053,-1407
120000037,370,586,-216
120000038,10183,2779,7404
120000039,280,896,-616
120000040,26,105,-79
120000041,175,1723,-1548
120000042,1431,4776,-3345
120000043,3034,2292,742
120000044,1756,990,766
120000045,1836,647,1189
120000046,1013,1270,-257
120000047,1315,2034,-719
120000048,7429,2293,5136
120000049,1624,2315,-691
120000050,1503,4024,-2521
120000051,2937,3195,-258
120000052,13598,2209,11389
120000053,817,4441,-3624
120000054,1272,6293,-5021
120000055,519,3666,-3147
120000056,2748,4288,-1540
120000057,1696,837,859
120000058,133,140,-7
120000059,66,999,-933
120000061,53,556,-503
120000062,164,136,28
120000063,1878,2886,-1008
120000064,215,1653,-1438
120000065,196,1656,-1460
120000066,85,323,-238
120000067,29,405,-376
120000068,71,1043,-972
120000069,352,1675,-1323
120000070,39,1152,-1113
120000071,67,154,-87
120000072,140,413,-273
120000073,151,57,94
120000074,30,39,-9
120000075,150,139,11
120000076,383,227,156
120000077,573,338,235
120000078,3196,352,2844
120000079,107,644,-537
120000080,100,267,-167
120000081,179,173,6
120000082,131,200,-69
120000083,72,234,-162
120000084,299,519,-220
120000085,321,573,-252
120000086,190,872,-682
120000087,108,1360,-1252
120000088,397,948,-551
120000089,447,310,137
120000090,268,340,-72
120000091,389,623,-234
120000092,536,396,140
120000093,137,374,-237
120000094,86,264,-178
120000095,442,742,-300
120000096,153,1326,-1173
120000098,381,1063,-682
120000099,117,660,-543
120000100,258,888,-630
120000101,265,490,-225
120000102,198,272,-74
120000103,441,249,192
120000104,525,145,380
120000105,757,205,552
120000106,706,207,499
120000107,901,304,597
120000108,233,87,146
120000109,308,48,260
120000110,49,820,-771
120000111,62,1218,-1156
120000112,387,4410,-4023
120000113,372,2902,-2530
120000114,209,2109,-1900
120000115,196,1888,-1692
120000116,335,1904,-1569
120000117,1003,1631,-628
120000118,5,14,-9
120000119,13,30,-17
120000120,18,27,-9
120000121,17,25,-8
120000122,179,180,-1
120000123,5949,1502,4447
120000124,195,392,-197
120000125,181,625,-444
120000126,206,438,-232
120000127,690,341,349
120000128,1721,1301,420
120000129,205,180,25
120000130,466,505,-39
120000131,178,349,-171
120000134,193,1414,-1221
120000135,59,268,-209
120000137,51,2293,-2242
120000138,139,522,-383
120000139,58,1062,-1004
120000140,139,643,-504
120000141,56,522,-466
120000142,102,526,-424
120000143,2,107,-105
120000144,10,3,7
120000145,108,2,106
120000146,1386,394,992
120000149,333,898,-565
120000150,5517,6156,-639
120000151,373,364,9
120000152,128,252,-124
120000153,33,584,-551
120000154,268,324,-56
120000155,75,121,-46
120000156,1744,272,1472
120000157,693,542,151
120000158,464,906,-442
120000159,1655,2015,-360
120000160,1402,862,540
120000161,601,2367,-1766
120000162,40,149,-109
120000163,144,1550,-1406
120000164,147,518,-371
120000165,113,983,-870
120000166,289,423,-134
120000167,3,18,-15
120000168,2,42,-40
120000169,75,129,-54
120000170,113,97,16
120000171,12,17,-5
120000172,14,24,-10
120000173,2259,121,2138
120000174,608,6,602
120000175,508,3,505
120000176,146,51,95
120000177,981,351,630
120000178,106,5,101
120000179,287,6,281
120000180,458,27,431
120000181,91,35,56
120000182,78,53,25
120000183,5,131,-126
120000184,52,1365,-1313
120000186,19,59,-40
120000187,34,29,5
120000188,165,31,134
120000190,900,4,896
120000191,1670,11,1659
120000192,1738,6,1732
120000193,591,5,586
120000195,100,1,99
120000196,187,29,158
120000197,53,109,-56
120000198,45,139,-94
120000199,13,0,13
120000200,20,0,20
120000201,1,9,-8
120000202,0,38,-38
120000203,32,388,-356
120000207,0,80,-80
120000208,8,373,-365
120000209,2,169,-167
120000210,102,58,44
120000211,32,1,31
120000212,43,3,40
120000213,22,340,-318
120000214,1,427,-426
120000215,1,114,-113
120000216,21,4,17
120000217,694,1302,-608
120000218,225,1690,-1465
120000219,7,940,-933
120000220,10,3331,-3321
120000225,385,1,384
120000226,101,3,98
120000227,530,25,505
120000228,8421,1229,7192
120000230,41,4,37
120000231,240,2365,-2125
120000233,79,52,27
120000235,69,649,-580
120000236,331,1,330
120000237,7,2460,-2453
120000238,0,63,-63
120000241,794,1774,-980
120000412,1197,11,1186
120000413,71,430,-359
120000414,37,0,37
120000415,5,213,-208
120000416,17,4,13
120000417,3,143,-140
120000418,24,12,12
120000419,9,491,-482
120000420,33,21,12
120000421,13764,5443,8321
120000422,217,277,-60
120000423,0,38,-38
120000424,20,213,-193
120000436,78,226,-148
120000437,188,144,44
120000438,4610,318,4292
120000439,46,184,-138
120000443,65,1,64
120000444,284,461,-177
120000445,942,985,-43
120000446,826,212,614
120000447,46,0,46
120000449,29,6,23
120000450,11,402,-391
120000451,25,185,-160
120000452,17,1,16
120000453,1,339,-338
120000454,31,11,20
120000455,22,54,-32
120000456,2875,1783,1092
120000457,898,808,90
120000458,343,653,-310
120000459,73,43,30
120000665,654,118,536
120000668,94,101,-7
120000669,30,492,-462
120000670,200,270,-70
120000671,268,111,157
120000672,68,409,-341
120900001,30,14,16
120900002,54,106,-52
120900003,137,14,123
120900004,4,17,-13
120900005,14,2002,-1988
120900006,67,106,-39
120900007,49,151,-102
120900008,92,1043,-951
120900009,226,57,169
120900010,97,18,79
120900011,194,46,148
120900012,734,330,404
120900013,86,14,72
120900014,6,724,-718
120900015,129,50,79
120900016,161,37,124
120900017,3245,99,3146
120900018,22,438,-416
120900019,133,38,95
120900020,261,218,43
120900021,107,18,89
120900022,12,325,-313
120900023,36,14,22
120900024,885,386,499
120900025,2151,553,1598
120900026,22,98,-76
120900027,419,135,284
120900028,48,21,27
120900029,30,101,-71
120900030,338,269,69
120900031,40,18,22
120900032,160,112,48
120900033,195,11,184
120900034,28,1095,-1067
120900035,16,31,-15
120900037,31,2,29
120900038,14,50,-36
120900039,19,13,6
120900040,37,1,36
120900041,66,16,50
120900042,81,50,31
120900043,7,7,0
120900044,2,330,-328
120900045,100,71,29
120900046,69,1,68
120900047,54,23,31
120900048,49,7,42
120900049,75,2,73
120900050,3515,429,3086
120900051,76,99,-23
120900052,93,1,92
120900053,50,48,2
120900054,935,459,476
120900055,54,2,52
120900056,93,3,90
120900057,29,6,23
120900058,68,0,68
120900059,13,0,13
120900060,6,28,-22
120900061,161,166,-5
120900062,36,0,36
120900063,94,0,94
120900064,77,0,77
120900065,78,2,76
120900066,95,267,-172
120900067,106,15,91
120900068,60,0,60
120900069,43,71,-28
120900071,2,3,-1
120900072,137,0,137
120900073,124,76,48
120900074,109,2,107
120900076,45,2,43
120900077,2620,118,2502
120900078,154,678,-524
120900079,122,75,47
120900080,140,2824,-2684
120900081,152,732,-580
120900082,356,153,203
120900083,27,1,26
120900084,44,123,-79
120900085,103,72,31
120900086,126,69,57
120900087,77,19,58
120900088,124,104,20
120900089,4395,596,3799
120900090,25,141,-116
120900091,201,79,122
120900092,348,728,-380
120900093,4478,232,4246
120900094,436,131,305
120900095,66,19,47
120900096,12,76,-64
120900097,481,1490,-1009
120900098,249,188,61
120900099,35,105,-70
120900100,42,472,-430
120900101,162,294,-132
120900102,20,123,-103
120900103,5,105,-100
120900104,26,22,4
120900105,21,1049,-1028
120900106,932,479,453
120900107,410,165,245
120900108,5,1108,-1103
120900109,23,798,-775
120900110,0,567,-567
120900111,86,357,-271
120900112,1,1436,-1435
120900113,4,920,-916
120900114,16,217,-201
120900115,99,115,-16
120900116,59,565,-506
120900117,4,646,-642
120900118,3,841,-838
120900119,4417,2754,1663
120900120,39,690,-651
120900121,47,370,-323
120900122,71,687,-616
120900123,1,580,-579
120900124,1,726,-725
120900125,5,956,-951
120900126,647,566,81
120900127,0,629,-629
120900128,637,745,-108
120900129,25,460,-435
120900130,0,434,-434
120900131,14,47,-33
120900132,138,349,-211
120900133,147,1102,-955
120900134,177,418,-241
120900135,5,759,-754
120900136,10,13,-3
120900137,19,58,-39
120900138,8,216,-208
120900139,1,853,-852
120900140,2,27,-25
120900141,25,60,-35
120900142,5,910,-905
120900143,2,1111,-1109
120900144,4,224,-220
120900145,29,903,-874
120900146,0,1023,-1023
120900147,0,200,-200
120900148,23,80,-57
120900149,1,375,-374
120900150,12,515,-503
120900151,6,685,-679
120900152,0,34,-34
120900153,1,77,-76
120900154,0,278,-278
120900155,52,1132,-1080
120900156,23,487,-464
120900157,14,260,-246
120900158,9,538,-529
120900159,52,913,-861
120900160,14,356,-342
120900161,17,1490,-1473
120900162,8,1436,-1428
120900163,14,100,-86
120900164,0,0,0
120900165,0,3,-3
120900166,7,44,-37
120900167,61,29,32
120900169,16,496,-480
120900170,2443,781,1662
120900171,1122,247,875
120900172,1241,77,1164
120900173,0,38,-38
120900174,2,89,-87
120900175,416,89,327
120900176,6,113,-107
120900177,1,188,-187
120900178,0,72,-72
120900179,390,354,36
120900180,42,54,-12
120900181,19,70,-51
120900182,6,332,-326
120900183,433,54,379
120900184,131,50,81
120900185,1,256,-255
120900186,1,521,-520
120900187,96,398,-302
120900188,24,7,17
120900189,86,203,-117
120900190,8,7,1
120900191,1,16,-15
120900192,13536,1160,12376
120900194,11,48,-37
120900195,49,316,-267
120900196,270,61,209
120900197,164,15,149
120900198,116,554,-438
120900199,127,65,62
120900200,79,53,26
120900201,611,149,462
120900202,1,162,-161
120900203,5,27,-22
120900204,300,398,-98
120900205,45,78,-33
120900206,9,7,2
120900207,20,1068,-1048
121000001,765,1012,-247
121000002,1228,775,453
121000003,3555,1680,1875
121000004,1883,1798,85
121000005,1801,2192,-391
121000006,2032,996,1036
121000007,2767,2496,271
121000008,3275,2602,673
121000009,8446,3981,4465
121000010,10167,2662,7505
121000011,11051,7283,3768
121000012,16853,4819,12034
121000013,4966,4727,239
121000014,6999,4581,2418
121000015,3881,4472,-591
121000016,4866,2742,2124
121000017,1075,3235,-2160
121000018,1576,1246,330
121000019,15257,7506,7751
121000020,8802,4974,3828
121000021,2167,2890,-723
121000022,1171,1197,-26
121000023,3964,3247,717
121000024,2035,2402,-367
121000025,902,528,374
121000026,299,77,222
121000027,1583,647,936
121000028,417,343,74
121000029,516,646,-130
121000030,226,258,-32
121000031,354,494,-140
121000032,106,82,24
121000034,171,70,101
121000035,87,66,21
121000036,592,845,-253
121000037,358,500,-142
121000038,409,455,-46
121000039,199,459,-260
121000041,173,566,-393
121000042,151,255,-104
121000043,849,532,317
121000044,1800,549,1251
121000045,168,343,-175
121000046,162,509,-347
121000047,175,306,-131
121000049,1753,1006,747
121000050,233,883,-650
121000051,344,537,-193
121000052,215,451,-236
121000053,218,41,177
121000054,30,128,-98
121000055,1733,775,958
121000056,728,962,-234
121000057,128,260,-132
121000058,428,70,358
121000059,1451,649,802
121000060,442,717,-275
121000061,71,89,-18
121000062,100,155,-55
121000063,466,353,113
121000064,323,395,-72
121000065,384,340,44
121000066,525,423,102
121000067,814,217,597
121000068,367,187,180
121000069,321,194,127
121000070,1321,1202,119
121000071,600,629,-29
121000072,898,774,124
121000073,546,593,-47
121000074,86,120,-34
121000075,40,20,20
121000076,840,226,614
121000077,51,81,-30
121000078,57,72,-15
121000080,2416,473,1943
121000081,1971,1199,772
121000082,208,238,-30
121000083,251,116,135
121000084,197,88,109
121000085,527,523,4
121000086,133,645,-512
121000087,87,184,-97
121000088,306,427,-121
121000089,358,191,167
121000090,251,220,31
121000091,1824,409,1415
121000092,124,82,42
121000093,88,170,-82
121000094,443,273,170
121000095,203,447,-244
121000096,2260,1530,730
121000097,1305,1071,234
121000098,254,1088,-834
121000099,261,709,-448
121000100,261,749,-488
121000101,93,192,-99
121000102,51,602,-551
121000103,58,249,-191
121000104,81,232,-151
121000105,135,360,-225
121000106,107,276,-169
121000107,1933,3199,-1266
121000109,1227,913,314
121000110,233,312,-79
121000114,2051,1632,419
121000115,717,620,97
121000116,412,425,-13
121000117,1191,249,942
121000118,906,223,683
121000119,105,374,-269
121000120,192,404,-212
121000121,539,731,-192
121000123,1967,667,1300
121000127,42,116,-74
121000128,510,634,-124
121000129,165,514,-349
121000130,261,919,-658
121000131,1590,830,760
121000132,738,642,96
121000135,404,138,266
121000136,1108,497,611
121000137,355,80,275
121000138,577,249,328
121000139,374,46,328
121000141,90,85,5
121000142,1133,372,761
121000143,123,15,108
121000144,744,567,177
121000145,205,1112,-907
121000146,605,543,62
121000147,391,361,30
121000148,393,1019,-626
121000149,1220,827,393
121000152,242,600,-358
121000153,1470,336,1134
121000154,476,313,163
121000155,670,646,24
121000156,318,532,-214
121000157,1251,1599,-348
121000158,408,596,-188
121000159,70,559,-489
121000160,201,667,-466
121000161,47,282,-235
121000162,16,245,-229
121000165,1446,1150,296
121000166,29,330,-301
121000168,76,152,-76
121000169,14,148,-134
121000170,76,30,46
121000171,23,122,-99
121000172,274,329,-55
121000173,912,502,410
121000174,126,304,-178
121000175,257,362,-105
121000176,319,168,151
121000177,434,469,-35
121000178,68,52,16
121000179,71,54,17
121000181,310,285,25
121000182,34,155,-121
121000183,24,53,-29
121000184,27,40,-13
121000185,11,123,-112
121000186,116,230,-114
121000187,46,251,-205
121000188,35,267,-232
121000192,505,296,209
121000193,368,277,91
121000194,2147,1739,408
121000195,326,843,-517
121000196,530,231,299
121000197,108,553,-445
121000198,104,54,50
121000199,68,522,-454
121000200,142,54,88
121000201,1,176,-175
121000202,137,55,82
121000203,367,1860,-1493
121000204,631,375,256
121000205,62,248,-186
121000206,59,32,27
121000207,757,290,467
121000208,4,360,-356
121000209,100,497,-397
121000210,127,471,-344
121000211,80,110,-30
121000212,158,560,-402
121000213,6690,1810,4880
121000214,451,929,-478
121000215,1090,681,409
121000216,246,319,-73
121000217,3125,1367,1758
121000218,391,1535,-1144
121000219,829,253,576
121000220,285,65,220
121000221,93,138,-45
121000222,2039,1995,44
121000223,430,241,189
121000224,183,52,131
121000225,887,498,389
121000226,1067,346,721
121000227,11,213,-202
121000228,14,793,-779
121000229,44,444,-400
121000230,42,1750,-1708
121000231,123,15,108
121000232,276,116,160
121000233,224,210,14
121000234,1,24,-23
121000235,7,11,-4
121000236,0,17,-17
121000237,2,1,1
121000238,1,48,-47
121000239,5,0,5
121000240,2,124,-122
121000241,27,6,21
121000242,4,101,-97
121000243,54,11,43
121000244,0,71,-71
121000245,3,18,-15
121000246,0,83,-83
121000247,9,1,8
121000248,171,316,-145
121000249,34,201,-167
121000250,80,76,4
121000251,17,488,-471
121000252,23,28,-5
121000253,116,517,-401
121000254,213,189,24
121000255,97,129,-32
121000256,118,101,17
121000257,25,53,-28
121000258,18,38,-20
121000259,8,22,-14
121000260,25,96,-71
121000261,8,46,-38
121000262,1013,495,518
121000263,212,373,-161
121000271,179,1640,-1461
121000273,67,14,53
121000274,2,27,-25
121000275,7,20,-13
121000276,0,6,-6
121000278,10,49,-39
121000279,13,14,-1
121000280,15,36,-21
121000289,76,14,62
121000290,745,698,47
121000294,47,215,-168
121000297,638,519,119
121000299,108,171,-63
121000300,483,409,74
121000302,104,400,-296
121000303,383,201,182
121000304,329,28,301
121000305,59,38,21
121000306,29,100,-71
121000308,112,290,-178
121000309,263,432,-169
121000310,22,364,-342
121000311,48,593,-545
121000312,239,110,129
121000313,366,331,35
121000314,103,72,31
121000315,38,31,7
121000530,477,1073,-596
121000531,861,1112,-251
121000532,3323,2809,514
121000533,1660,1631,29
121000918,1,224,-223
121000919,13,44,-31
121000938,417,136,281
121000939,658,105,553
121000956,250,1079,-829
121000957,1,14,-13
121000958,27,21,6
121000959,197,1135,-938
121000960,892,2242,-1350
121000961,122,13,109
121000962,169,526,-357
121000963,0,0,0
121000973,2,186,-184
121000976,7,114,-107
121000979,112,28,84
121000981,210,28,182
121000982,125,275,-150
121000983,135,461,-326
121000984,8,14,-6
121000985,165,501,-336
121000986,41,408,-367
121000987,124,1466,-1342
121000988,278,90,188
121001302,319,112,207
121001308,1,5,-4
121001309,84,28,56
121001311,0,0,0
121001313,67,428,-361
121001314,4111,3322,789
121001315,3003,929,2074
121001326,196,335,-139
121900001,64,145,-81
121900002,15,22,-7
121900003,125,2,123
121900004,35,268,-233
121900005,4,1,3
121900006,48,18,30
121900007,1285,1664,-379
121900008,343,18,325
121900009,217,4,213
121900010,221,1,220
121900011,101,411,-310
121900012,1,0,1
121900013,293,5,288
121900014,677,236,441
121900015,64,161,-97
121900016,0,11,-11
121900017,142,310,-168
121900018,142,2,140
121900019,123,179,-56
121900020,37,1,36
121900021,230,2,228
121900022,110,85,25
121900023,12,207,-195
121900024,238,20,218
121900025,174,115,59
121900026,80,24,56
121900027,58,37,21
121900028,40,3,37
121900029,24,83,-59
121900030,308,265,43
121900031,518,1746,-1228
121900032,26,23,3
121900033,83,63,20
121900034,92,33,59
121900035,1676,986,690
121900036,37,231,-194
121900037,84,397,-313
121900038,13,62,-49
121900039,176,9,167
121900040,8,35,-27
121900041,27,59,-32
121900042,109,55,54
121900043,0,3,-3
121900044,225,9,216
121900046,92,39,53
121900047,46,42,4
121900048,0,59,-59
121900050,7,18,-11
121900051,47,110,-63
121900052,32,24,8
121900053,140,135,5
121900054,420,573,-153
121900055,0,2,-2
121900058,43,176,-133
121900059,159,50,109
121900060,26,174,-148
121900062,37,17,20
121900063,191,117,74
121900064,73,500,-427
121900066,21,5,16
121900067,0,3,-3
121900069,188,77,111
121900070,63,49,14
121900071,33,128,-95
121900072,14,89,-75
121900073,143,103,40
121900074,332,155,177
121900075,162,102,60
121900076,243,510,-267
121900078,5,6,-1
121900079,0,0,0
121900080,285,240,45
121900082,27,68,-41
121900084,1,158,-157
121900086,5,16,-11
121900087,164,49,115
121900088,1617,1145,472
121900089,17,290,-273
121900090,2,55,-53
121900091,2,48,-46
121900092,51,45,6
121900093,32,38,-6
121900094,8,4,4
121900095,84,74,10
121900096,1513,230,1283
121900097,71,88,-17
121900098,0,0,0
121900099,43,52,-9
121900100,44,79,-35
121900101,38,70,-32
121900102,5,76,-71
121900103,317,96,221
121900104,574,145,429
121900105,33,26,7
121900106,1,1,0
121900107,6,17,-11
121900108,0,0,0
121900109,200,93,107
121900110,84,874,-790
121900111,645,45,600
121900112,88,56,32
121900113,9,100,-91
121900114,1,0,1
121900117,36,11,25
121900118,1847,142,1705
121900119,32,104,-72
121900120,13,1068,-1055
121900121,309,32,277
121900122,2,8,-6
121900123,179,247,-68
121900124,90,145,-55
121900125,494,759,-265
121900127,6,33,-27
121900128,20,89,-69
121900129,1209,37,1172
121900130,70,173,-103
121900131,66,83,-17
121900132,17,94,-77
121900133,11,33,-22
121900134,6,103,-97
121900135,1622,210,1412
121900136,55,404,-349
121900137,18,150,-132
121900138,34,154,-120
121900139,223,286,-63
121900140,17,77,-60
121900141,10,4,6
121900142,34,61,-27
121900143,4,63,-59
121900144,163,223,-60
121900145,31,63,-32
121900146,267,403,-136
121900147,27,109,-82
121900148,51,187,-136
121900149,103,489,-386
121900150,65,159,-94
121900151,50,149,-99
121900152,39,95,-56
121900153,42,360,-318
121900154,11,81,-70
121900155,0,39,-39
121900156,75,83,-8
121900157,1,368,-367
121900158,29,57,-28
121900159,1,164,-163
121900160,7,231,-224
121900161,246,163,83
121900162,55,53,2
121900163,30,638,-608
121900164,201,93,108
121900165,65,117,-52
121900166,47,100,-53
121900167,33,42,-9
121900168,78,70,8
121900169,10,299,-289
121900170,2,117,-115
121900171,196,210,-14
121900172,110,136,-26
121900173,440,149,291
121900174,14,23,-9
121900175,16,106,-90
121900176,293,1314,-1021
121900177,65,41,24
121900178,17,110,-93
121900179,114,64,50
121900180,4654,1478,3176
121900182,250,178,72
121900183,275,234,41
121900184,18,445,-427
121900186,0,181,-181
121900187,15,73,-58
121900188,406,182,224
121900189,11,144,-133
121900190,116,223,-107
121900191,18,93,-75
121900192,451,301,150
121900193,23,171,-148
121900194,0,70,-70
121900195,64,104,-40
121900196,387,405,-18
121900197,142,1445,-1303
121900198,691,591,100
121900199,1,13,-12
121900200,32,95,-63
121900201,557,581,-24
121900202,71,180,-109
121900203,118,400,-282
121900204,664,444,220
121900205,5,77,-72
121900206,1,1,0
121900207,111,14,97
121900208,86,122,-36
121900209,18,9,9
121900210,463,621,-158
121900211,165,285,-120
121900212,62,56,6
121900213,8,70,-62
121900214,0,167,-167
121900215,17,24,-7
121900216,12,30,-18
121900217,114,43,71
121900218,157,243,-86
121900220,83,4,79
121900221,92,395,-303
121900222,6,163,-157
121900223,55,29,26
121900224,12,27,-15
121900225,26,25,1
121900226,126,398,-272
121900227,45,226,-181
121900228,118,128,-10
121900230,53,16,37
121900231,163,134,29
121900232,80,211,-131
121900233,141,149,-8
121900234,124,301,-177
121900235,142,183,-41
121900236,152,84,68
121900237,116,195,-79
121900238,80,138,-58
121900239,49,37,12
121900240,150,92,58
121900241,2,41,-39
121900242,0,0,0
121900243,1,0,1
121900244,0,0,0
121900245,90,80,10
121900246,724,259,465
121900248,608,448,160
121900250,128,160,-32
121900251,155,7,148
121900252,506,91,415
121900253,140,730,-590
121900254,340,132,208
121900255,72,19,53
121900258,1118,525,593
121900259,244,203,41
121900260,4,104,-100
121900261,76,196,-120
121900262,223,371,-148
121900263,73,198,-125
121900264,1630,572,1058
121900265,29,250,-221
121900266,76,149,-73
121900267,19,15,4
121900269,46,134,-88
121900270,4,70,-66
121900271,12,91,-79
121900273,231,539,-308
121900274,53,114,-61
121900277,87,1190,-1103
121900278,22,534,-512
121900279,81,212,-131
121900280,30,157,-127
121900281,192,28,164
121900284,18,2,16
121900286,21,187,-166
121900287,2,17,-15
121900288,0,4,-4
121900290,111,152,-41
121900291,251,298,-47
121900292,89,74,15
121900293,503,2354,-1851
121900294,142,1,141
121900295,9,171,-162
121900296,22,6,16
121900298,113,161,-48
121900299,0,0,0
121900300,0,0,0
121900301,22,0,22
121900302,0,28,-28
121900303,120,314,-194
121900304,3,2,1
121900305,1,0,1
121900306,17,1,16
121900307,5,11,-6
121900308,23,225,-202
121900309,16,190,-174
121900310,40,460,-420
121900311,132,5,127
121900312,51,4,47
121900313,82,4,78
121900314,0,37,-37
121900315,2,0,2
121900316,0,6,-6
121900317,0,0,0
121900318,0,13,-13
121900319,0,4,-4
121900320,22,54,-32
121900321,2,0,2
121900322,0,21,-21
121900323,11,3,8
121900324,1,15,-14
121900325,1,0,1
121900326,2,5,-3
121900327,1,34,-33
121900328,0,23,-23
121900329,0,146,-146
121900330,0,14,-14
121900331,0,4,-4
121900332,59,6,53
121900333,10,0,10
121900334,51,17,34
122000001,1840,2033,-193
122000002,4408,1070,3338
122000003,1676,988,688
122000004,2687,715,1972
122000005,1961,637,1324
122000006,1641,286,1355
122000007,927,629,298
122000008,5056,2065,2991
122000009,587,129,458
122000010,1917,1677,240
122000011,2835,504,2331
122000012,1017,572,445
122000013,1356,788,568
122000014,930,1244,-314
122000015,1063,602,461
122000016,311,506,-195
122000017,742,816,-74
122000018,804,745,59
122000019,502,1081,-579
122000020,129,111,18
122000021,603,268,335
122000022,910,1015,-105
122000023,345,2104,-1759
122000024,805,555,250
122000025,1100,664,436
122000026,1699,569,1130
122000027,450,2998,-2548
122000028,468,173,295
122000029,212,144,68
122000030,285,47,238
122000031,102,89,13
122000032,863,1644,-781
122000033,619,461,158
122000034,420,303,117
122000035,209,421,-212
122000036,354,489,-135
122000037,234,224,10
122000038,181,353,-172
122000039,598,448,150
122000040,290,174,116
122000041,231,363,-132
122000042,147,347,-200
122000043,81,112,-31
122000044,61,100,-39
122000045,965,401,564
122000046,339,553,-214
122000047,166,133,33
122000048,2628,2374,254
122000049,3369,1706,1663
122000050,962,401,561
122000051,289,176,113
122000052,330,153,177
122000053,121,305,-184
122000054,1867,1488,379
122000055,1949,1620,329
122000056,3650,2267,1383
122000057,2711,1673,1038
122000058,3698,968,2730
122000059,2617,1089,1528
122000060,1141,451,690
122000061,710,155,555
122000062,1210,220,990
122000063,622,346,276
122000064,2808,2438,370
122000065,4871,2204,2667
122000066,504,394,110
122000067,976,798,178
122000068,478,816,-338
122000069,575,508,67
122000070,271,1685,-1414
122000071,562,1033,-471
122000072,216,213,3
122000073,261,290,-29
122000074,859,1070,-211
122000075,275,714,-439
122000076,1038,658,380
122000077,952,440,512
122000078,2551,1569,982
122000079,889,424,465
122000080,527,230,297
122000081,109,165,-56
122000082,1264,545,719
122000083,800,2736,-1936
122000084,517,393,124
122000085,160,1168,-1008
122000086,1581,2709,-1128
122000087,291,98,193
122000088,203,132,71
122000089,3721,2442,1279
122000090,112,278,-166
122000091,160,72,88
122000092,71,13,58
122000093,841,800,41
122000094,5254,1263,3991
122000095,1948,924,1024
122000096,1483,1001,482
122000098,1791,1113,678
122000099,1487,609,878
122000100,1201,522,679
122000101,172,1130,-958
122000102,1033,777,256
122000103,762,989,-227
122000104,138,109,29
122000105,163,160,3
122000106,392,323,69
122000107,553,335,218
122000108,233,742,-509
122000109,130,218,-88
122000110,199,423,-224
122000111,2297,974,1323
122000112,472,1340,-868
122000113,308,657,-349
122000114,1743,1000,743
122000115,1524,723,801
122000116,446,638,-192
122000117,815,303,512
122000118,332,545,-213
122000119,2562,1291,1271
122000120,5188,1756,3432
122000121,6779,1496,5283
122000122,1077,1104,-27
122000123,4541,982,3559
122000124,1584,390,1194
122000125,356,511,-155
122000126,784,443,341
122000127,2670,623,2047
122000128,1040,943,97
122000129,278,374,-96
122000130,2865,285,2580
122000131,3594,287,3307
122000132,1567,369,1198
122000133,1076,1751,-675
122000134,450,364,86
122000135,719,1085,-366
122000136,252,137,115
122000137,712,480,232
122000139,1088,2554,-1466
122000140,836,373,463
122000141,4094,629,3465
122000142,380,380,0
122000143,1074,145,929
122000144,3313,524,2789
122000145,1135,647,488
122000146,611,603,8
122000147,762,376,386
122000148,1761,980,781
122000149,2421,974,1447
122000150,1530,758,772
122000151,430,335,95
122000152,721,269,452
122000153,613,220,393
122000154,506,131,375
122000155,2229,1910,319
122000156,2131,1550,581
122000157,1549,990,559
122000158,186,312,-126
122000159,1796,1152,644
122000160,9990,511,9479
122000161,1853,651,1202
122000162,2211,1540,671
122000163,244,50,194
122000164,23,44,-21
122000165,625,470,155
122000166,783,600,183
122000167,158,183,-25
122000168,170,296,-126
122000169,396,149,247
122000170,162,226,-64
122000171,17,39,-22
122000172,1108,1136,-28
122000173,948,1782,-834
122000174,1085,507,578
122000175,817,263,554
122000176,189,397,-208
122000177,1222,1107,115
122000178,2009,1401,608
122000179,1440,2033,-593
122000180,1292,673,619
122000181,2228,1356,872
122000182,2347,518,1829
122000183,1179,753,426
122000184,3558,1201,2357
122000185,1356,909,447
122000186,447,588,-141
122000187,1089,1833,-744
122000188,525,140,385
122000189,200,269,-69
122000190,718,1331,-613
122000191,516,246,270
122000192,770,228,542
122000193,207,514,-307
122000194,392,150,242
122000195,68,288,-220
122000196,465,414,51
122000197,326,461,-135
122000198,260,699,-439
122000199,274,261,13
122000200,802,367,435
122000201,1056,1482,-426
122000202,691,763,-72
122000203,2574,1090,1484
122000204,1593,1417,176
122000205,1491,654,837
122000206,1914,903,1011
122000207,1062,1312,-250
122000208,1074,1437,-363
122000209,1620,242,1378
122000210,958,1418,-460
122000211,618,983,-365
122000212,355,482,-127
122000213,699,1073,-374
122000214,1133,1695,-562
122000215,1029,1135,-106
122000217,1215,1025,190
122000218,364,43,321
122000219,1203,1000,203
122000220,231,690,-459
122000221,84,305,-221
122000222,444,65,379
122000223,605,471,134
122000225,484,357,127
122000226,754,1543,-789
122000227,245,1265,-1020
122000228,323,416,-93
122000229,58,313,-255
122000230,72,965,-893
122000231,139,616,-477
122000232,335,810,-475
122000233,0,106,-106
122000234,86,187,-101
122000235,268,265,3
122000236,322,167,155
122000237,27,52,-25
122000238,65,80,-15
122000239,228,75,153
122000240,513,189,324
122000241,447,251,196
122000242,228,76,152
122000243,77,50,27
122000244,33,590,-557
122000245,83,408,-325
122000246,155,100,55
122000247,432,1125,-693
122000248,1341,2684,-1343
122000249,231,354,-123
122000250,990,308,682
122000251,244,297,-53
122000252,429,45,384
122000253,19,276,-257
122000254,79,41,38
122000255,370,2135,-1765
122000256,349,1392,-1043
122000257,72,459,-387
122000258,30,155,-125
122000259,5,738,-733
122000260,124,455,-331
122000261,2,151,-149
122000262,4,53,-49
122000263,52,77,-25
122000264,287,430,-143
122000265,1109,565,544
122000266,2483,433,2050
122000267,48,118,-70
122000268,50,423,-373
122000269,287,223,64
122000270,324,105,219
122000271,211,844,-633
122000272,234,852,-618
122000273,149,428,-279
122000274,31,239,-208
122000275,29,191,-162
122000276,139,455,-316
122000277,418,1051,-633
122000278,378,790,-412
122000279,66,800,-734
122000280,412,965,-553
122000281,278,810,-532
122000282,72,311,-239
122000283,300,49,251
122000284,67,90,-23
122000285,181,88,93
122000286,65,232,-167
122000287,416,869,-453
122000288,155,249,-94
122000291,410,287,123
122000293,299,625,-326
122000294,60,67,-7
122000295,912,125,787
122000296,68,493,-425
122000297,2560,1353,1207
122000299,149,348,-199
122000300,321,375,-54
122000301,11886,1587,10299
122000302,721,363,358
122000303,3455,860,2595
122000304,5,101,-96
122000305,553,642,-89
122000306,27,723,-696
122000307,65,116,-51
122000309,28,30,-2
122000310,5,7,-2
122000311,11,26,-15
122000312,65,28,37
122000313,7,22,-15
122000314,38,132,-94
122000315,65,12,53
122000316,137,170,-33
122000317,448,170,278
122000318,51,129,-78
122000319,202,373,-171
122000320,217,1883,-1666
122000321,37,217,-180
122000322,2230,1330,900
122000323,1370,899,471
122000324,1186,918,268
122000325,717,794,-77
122000326,10,127,-117
122000327,143,346,-203
122000328,2084,1093,991
122000330,1225,492,733
122000333,2,163,-161
122000337,336,2806,-2470
122000338,101,515,-414
122000340,219,116,103
122000342,2086,1152,934
122000343,284,1785,-1501
122000344,17,18,-1
122000345,15,78,-63
122000346,232,495,-263
122000348,199,646,-447
122000349,120,717,-597
122000351,63,171,-108
122000352,433,40,393
122000353,23,131,-108
122000355,126,113,13
122000356,1096,592,504
122000357,12,12,0
122000358,1,93,-92
122000359,0,73,-73
122000360,0,69,-69
122000362,9,110,-101
122000364,42,407,-365
122000365,2,19,-17
122000366,2,6,-4
122000368,308,590,-282
122000370,11,160,-149
122000371,2,0,2
122000372,3,0,3
122000381,23,273,-250
122000382,35,346,-311
122000384,3334,1509,1825
122000385,5,0,5
122000386,272,568,-296
122000387,233,425,-192
122000388,1483,286,1197
122000389,168,620,-452
122000390,232,250,-18
122000391,133,33,100
122000392,135,214,-79
122000393,19,338,-319
122000394,141,234,-93
122000395,90,134,-44
122000396,157,118,39
122000397,8,132,-124
122000398,30,37,-7
122000399,31,83,-52
122000400,94,277,-183
122000401,57,107,-50
122000402,71,41,30
122000403,158,1062,-904
122000404,66,214,-148
122000408,957,1086,-129
122000503,6,49,-43
122000524,138,57,81
122000544,19,874,-855
122000614,571,128,443
122000616,781,2,779
122000640,23,286,-263
122000641,33,515,-482
122000642,786,1004,-218
122000643,8,63,-55
122000644,138,49,89
122000645,45,82,-37
122000651,1250,457,793
122000664,113,17,96
122000665,798,449,349
122000666,370,1273,-903
122000673,25,307,-282
122000674,61,48,13
122000675,779,1048,-269
122000686,170,1197,-1027
122000687,319,316,3
122000688,105,783,-678
122000689,204,534,-330
122000690,235,681,-446
122000691,214,2331,-2117
122000692,505,319,186
122000693,263,1832,-1569
122000695,89,454,-365
122000696,87,228,-141
122000698,48,1045,-997
122000699,72,37,35
122000701,517,296,221
122000702,333,1997,-1664
122000703,86,30,56
122000712,0,0,0
122000717,228,51,177
122000718,906,438,468
122000719,16,32,-16
122000720,82,221,-139
122000724,292,372,-80
122900001,4,1,3
122900002,645,880,-235
122900003,119,17,102
122900004,386,5,381
122900005,39,53,-14
122900006,426,216,210
122900007,55,8,47
122900008,352,64,288
122900009,476,114,362
122900010,94,53,41
122900012,433,170,263
122900014,80,228,-148
122900015,1198,141,1057
122900016,46,218,-172
122900017,677,500,177
122900018,145,12,133
122900020,266,275,-9
122900021,50,405,-355
122900022,157,806,-649
122900023,83,173,-90
122900024,66,111,-45
122900025,4,137,-133
122900026,110,304,-194
122900027,34,465,-431
122900028,50,110,-60
122900029,2833,654,2179
122900030,1047,227,820
122900031,71,123,-52
122900032,85,200,-115
122900033,193,126,67
122900034,2596,2326,270
122900035,0,1,-1
122900036,2,47,-45
122900037,248,116,132
122900038,90,1374,-1284
122900039,71,270,-199
122900040,126,291,-165
122900041,109,106,3
122900042,53,171,-118
122900043,170,107,63
122900044,47,215,-168
122900045,45,66,-21
122900046,46,44,2
122900047,132,69,63
122900048,32,71,-39
122900049,1410,66,1344
122900051,88,60,28
122900052,17,67,-50
122900053,28,9,19
122900055,80,59,21
122900057,132,3,129
122900061,346,63,283
122900062,176,268,-92
122900063,49,325,-276
122900064,544,460,84
122900065,182,93,89
122900066,201,151,50
122900067,1258,639,619
122900069,61,545,-484
122900070,76,19,57
122900071,49,433,-384
122900073,38,217,-179
122900074,101,479,-378
122900075,1,58,-57
122900076,9,159,-150
122900077,1,266,-265
122900078,17,102,-85
122900080,42,11,31
122900081,59,72,-13
122900082,379,126,253
122900083,176,88,88
122900084,3,143,-140
122900086,3,15,-12
122900087,68,521,-453
122900088,10,39,-29
122900089,25,158,-133
122900090,5,584,-579
122900091,27,0,27
122900092,6,343,-337
122900093,1,322,-321
122900094,4,259,-255
122900095,23,0,23
122900096,17,182,-165
122900097,6,8,-2
122900098,102,62,40
122900099,1,1,0
122900100,77,84,-7
122900101,635,78,557
122900102,10,5,5
122900103,19,4,15
122900104,16,1,15
122900105,0,1,-1
122900106,0,78,-78
122900107,1,177,-176
122900108,6,252,-246
122900109,47,159,-112
123000001,1388,312,1076
123000002,4322,1661,2661
123000003,3265,1814,1451
123000004,3001,3372,-371
123000005,1836,1712,124
123000006,2535,2243,292
123000007,2021,1622,399
123000008,2001,3470,-1469
123000009,3278,2437,841
123000010,3234,3004,230
123000011,2631,918,1713
123000012,967,2123,-1156
123000013,2685,1114,1571
123000014,1264,3242,-1978
123000015,2706,558,2148
123000016,5164,1742,3422
123000017,2256,1160,1096
123000018,35,82,-47
123000019,55,249,-194
123000020,50,88,-38
123000021,26,85,-59
123000022,272,507,-235
123000023,821,1003,-182
123000024,705,439,266
123000025,48,51,-3
123000026,5,167,-162
123000027,114,196,-82
123000028,225,290,-65
123000029,481,251,230
123000030,66,669,-603
123000031,54,330,-276
123000032,98,239,-141
123000033,81,42,39
123000034,412,414,-2
123000035,110,158,-48
123000036,120,306,-186
123000037,99,298,-199
123000038,46,178,-132
123000039,605,660,-55
123000040,929,340,589
123000041,568,342,226
123000042,516,542,-26
123000043,1313,1938,-625
123000044,4619,1558,3061
123000045,7624,912,6712
123000046,682,556,126
123000047,1240,506,734
123000048,61,225,-164
123000049,2441,1932,509
123000050,480,680,-200
123000051,104,112,-8
123000052,385,1257,-872
123000053,1958,1597,361
123000054,914,874,40
123000055,824,671,153
123000056,968,1668,-700
123000057,8291,2672,5619
123000058,331,309,22
123000059,62,124,-62
123000060,575,416,159
123000061,95,248,-153
123000063,719,452,267
123000064,2018,490,1528
123000065,5570,2844,2726
123000066,768,517,251
123000067,254,425,-171
123000068,2445,3268,-823
123000069,7508,3802,3706
123000070,169,100,69
123000071,1172,929,243
123000072,800,1378,-578
123000073,547,671,-124
123000074,679,1628,-949
123000075,336,750,-414
123000076,380,1313,-933
123000077,2318,3337,-1019
123000078,598,1499,-901
123000079,598,1872,-1274
123000080,1662,2177,-515
123000081,174,641,-467
123000082,580,1085,-505
123000083,1032,222,810
123000084,1674,1017,657
123000085,2301,672,1629
123000086,263,684,-421
123000087,247,527,-280
123000088,945,1163,-218
123000089,351,996,-645
123000090,841,1243,-402
123000091,1374,1024,350
123000092,1189,1044,145
123000094,299,442,-143
123000095,102,485,-383
123000096,223,368,-145
123000097,161,1025,-864
123000098,318,436,-118
123000099,479,846,-367
123000100,261,370,-109
123000101,284,316,-32
123000102,493,433,60
123000104,204,246,-42
123000105,496,469,27
123000106,421,209,212
123000107,463,489,-26
123000108,923,812,111
123000111,1096,314,782
123000112,409,487,-78
123000113,1307,1489,-182
123000114,281,401,-120
123000115,148,300,-152
123000116,22,190,-168
123000117,1343,1728,-385
123000118,340,793,-453
123000119,219,808,-589
123000120,762,1016,-254
123000121,289,494,-205
123000122,333,250,83
123000123,354,392,-38
123000124,760,442,318
123000125,821,529,292
123000126,1402,1125,277
123000127,1838,735,1103
123000128,306,389,-83
123000129,196,125,71
123000130,163,42,121
123000131,298,284,14
123000132,383,482,-99
123000133,636,328,308
123000134,703,166,537
123000135,1341,1369,-28
123000136,138,1152,-1014
123000137,103,366,-263
123000138,57,448,-391
123000139,193,86,107
123000140,145,611,-466
123000141,652,71,581
123000142,787,903,-116
123000143,997,2653,-1656
123000144,14,9,5
123000145,125,95,30
123000146,13,70,-57
123000147,36,74,-38
123000149,341,271,70
123000150,225,170,55
123000151,246,431,-185
123000152,30,290,-260
123000153,142,385,-243
123000154,1679,1194,485
123000155,2032,738,1294
123000156,51,63,-12
123000157,630,772,-142
123000158,705,379,326
123000159,2059,1174,885
123000160,607,528,79
123000161,635,456,179
123000162,122,565,-443
123000163,173,175,-2
123000164,296,107,189
123000165,167,1225,-1058
123000166,24,167,-143
123000167,53,209,-156
123000168,122,315,-193
123000169,181,54,127
123000170,28,328,-300
123000171,66,46,20
123000172,206,610,-404
123000173,247,77,170
123000174,377,120,257
123000175,785,1374,-589
123000176,352,142,210
123000177,227,946,-719
123000178,427,121,306
123000179,12,327,-315
123000180,666,219,447
123000181,260,1499,-1239
123000182,77,402,-325
123000183,89,132,-43
123000184,69,842,-773
123000185,121,254,-133
123000186,5,613,-608
123000187,188,4,184
123000188,78,4,74
123000189,6,210,-204
123000190,0,30,-30
123000192,6,658,-652
123000193,21,546,-525
123000194,410,308,102
123000195,163,13,150
123000196,42,0,42
123000197,33,11,22
123000198,5,137,-132
123000199,1,266,-265
123000200,131,4,127
123000201,127,2,125
123000202,13,638,-625
123000203,281,18,263
123000204,24,619,-595
123000205,206,2160,-1954
123000206,667,78,589
123000207,37,665,-628
123000208,129,143,-14
123000209,854,213,641
123000210,207,1154,-947
123000211,326,2042,-1716
123000212,998,243,755
123000213,168,25,143
123000215,95,63,32
123000216,149,396,-247
123000217,97,19,78
123000218,64,176,-112
123000219,579,16,563
123000220,340,35,305
123000221,61,79,-18
123000222,153,334,-181
123000223,36,474,-438
123000224,295,674,-379
123000225,100,57,43
123000226,34,344,-310
123000227,49,342,-293
123000228,99,37,62
123000229,1142,1816,-674
123000232,52,525,-473
123000233,255,57,198
123000234,77,556,-479
123000235,158,207,-49
123000236,94,884,-790
123000237,134,29,105
123000238,30,554,-524
123000239,323,1952,-1629
123000240,9,123,-114
123000241,720,60,660
123000242,48,154,-106
123000243,254,941,-687
123000244,446,481,-35
123000245,32,152,-120
123000249,446,530,-84
123000252,294,61,233
123000253,260,155,105
123000254,240,913,-673
123000255,414,511,-97
123000256,60,821,-761
123000257,1906,1986,-80
123000258,649,1564,-915
123000259,60,296,-236
123000260,158,451,-293
123000261,36,130,-94
123000262,40,261,-221
123000263,142,75,67
123000264,119,20,99
123000265,27,166,-139
123000266,328,570,-242
123000267,110,175,-65
123000268,17,78,-61
123000269,20,20,0
123000270,11,23,-12
123000271,41,63,-22
123000272,722,202,520
123000273,111,338,-227
123000274,530,256,274
123000275,150,911,-761
123000278,2550,2497,53
123000279,34,79,-45
123000280,172,369,-197
123000281,121,56,65
123000282,26,248,-222
123000283,48,16,32
123000284,28,96,-68
123000286,253,185,68
123000287,459,202,257
123000288,473,295,178
123000289,387,322,65
123000291,205,659,-454
123000294,212,265,-53
123000295,633,627,6
123000296,127,325,-198
123000297,206,1026,-820
123000298,200,665,-465
123000299,48,449,-401
123000300,1591,533,1058
123000301,34,115,-81
123000302,21,133,-112
123000303,17,101,-84
123000305,793,718,75
123000306,22,252,-230
123000309,27,60,-33
123000310,37,20,17
123000311,88,261,-173
123000312,689,957,-268
123000313,114,250,-136
123000315,39,244,-205
123000316,1494,185,1309
123000317,163,45,118
123000318,23,308,-285
123000329,4,16,-12
123000337,98,215,-117
123000338,204,34,170
123000339,45,332,-287
123000340,138,360,-222
123000342,5,233,-228
123000343,16,1,15
123000344,606,363,243
123000345,378,603,-225
123000346,128,75,53
123000352,1611,645,966
123000353,14,126,-112
123000354,173,70,103
123000355,1,301,-300
123000356,49,1,48
123000357,0,250,-250
123000359,1,173,-172
123000360,43,3,40
123000361,382,153,229
123000362,71,75,-4
123000363,17,167,-150
123000364,361,334,27
123000365,14,143,-129
123000366,213,776,-563
123000367,393,1846,-1453
123000370,9,265,-256
123000371,86,3,83
123000372,83,8,75
123000373,2,276,-274
123000374,1,117,-116
123000375,73,7,66
123000376,463,402,61
123000377,135,1,134
123000378,1,352,-351
123000379,2,161,-159
123000380,18,110,-92
123000381,73,12,61
123000382,534,19,515
123000383,154,350,-196
123000384,221,34,187
123000385,179,459,-280
123000436,24,437,-413
123000507,230,332,-102
123000508,153,333,-180
123000517,244,17,227
123000518,29,178,-149
123000519,113,67,46
123000520,43,149,-106
123000521,209,70,139
123000522,159,450,-291
123000541,0,0,0
123000542,0,39,-39
123000565,147,7,140
123000566,25,995,-970
123000567,78,256,-178
123000573,19,960,-941
123000574,272,63,209
123000575,996,1013,-17
123000576,341,1360,-1019
123000577,58,310,-252
123000578,455,133,322
123000579,4727,1944,2783
123000580,47,3,44
123000582,115,12,103
123000583,10,396,-386
123000584,114,186,-72
123000585,0,87,-87
123000586,11,0,11
123000596,173,121,52
123000597,33,83,-50
123000602,4,1,3
123000603,132,734,-602
123000604,241,1078,-837
123000605,485,34,451
123000606,0,202,-202
123000609,6,405,-399
123000610,58,77,-19
123000613,43,111,-68
123000614,131,42,89
123000615,54,262,-208
123000616,403,43,360
123000617,30,419,-389
123000618,35,545,-510
123000619,464,11,453
123000620,7,456,-449
123000622,184,15,169
123000624,135,54,81
123000630,414,309,105
123000631,175,1948,-1773
123000632,1942,1667,275
123000633,1,158,-157
123000634,76,21,55
123000635,148,96,52
123000636,13,498,-485
123000637,208,24,184
123000638,241,95,146
123000639,608,1725,-1117
123000640,30,944,-914
123000648,548,251,297
123000649,234,1276,-1042
123000650,26,60,-34
123000651,8,101,-93
123000652,80,0,80
123000653,0,0,0
123900001,1172,56,1116
123900002,6,697,-691
123900003,210,452,-242
123900005,116,47,69
123900006,49,25,24
124000001,967,94,873
124000002,81,1380,-1299
124000003,163,127,36
124000004,31,613,-582
124000005,385,104,281
124000006,209,1233,-1024
124000007,411,64,347
124000008,4,250,-246
124000009,232,156,76
124000010,65,599,-534
124000011,247,170,77
124000012,97,837,-740
124000017,29,113,-84
124000018,76,132,-56
124000019,53,107,-54
124000020,49,248,-199
124000021,41,75,-34
124000022,94,234,-140
124000023,512,102,410
124000024,785,567,218
124000025,554,146,408
124000026,705,450,255
124000027,1297,308,989
124000028,2285,943,1342
124000031,450,567,-117
124000032,3098,1162,1936
124000033,478,217,261
124000034,874,1209,-335
124000035,137,49,88
124000036,131,621,-490
124000037,211,183,28
124000038,36,90,-54
124000039,1240,141,1099
124000040,634,307,327
124000041,171,66,105
124000042,59,259,-200
124000043,28,45,-17
124000044,26,290,-264
124000045,289,462,-173
124000046,110,720,-610
124000047,439,650,-211
124000048,201,1633,-1432
124000049,582,615,-33
124000050,344,2290,-1946
124000051,229,506,-277
124000052,304,1417,-1113
124000053,251,737,-486
124000054,445,607,-162
124000055,679,889,-210
124000056,3460,1156,2304
124000057,366,320,46
124000058,259,1326,-1067
124000059,306,317,-11
124000060,727,814,-87
124000061,849,1640,-791
124000062,7519,1668,5851
124000063,1042,1532,-490
124000064,2130,1904,226
124000065,161,186,-25
124000066,291,28,263
124000067,28,132,-104
124000068,9,82,-73
124000069,154,163,-9
124000070,106,511,-405
124000071,96,62,34
124000072,83,556,-473
124000073,313,66,247
124000074,104,782,-678
124000075,60,19,41
124000076,6,187,-181
124000077,1837,418,1419
124000078,2606,197,2409
124000079,714,632,82
124000080,138,78,60
124000081,69,789,-720
124000082,14,115,-101
124000083,27,178,-151
124000084,50,142,-92
124000085,37,36,1
124000086,91,57,34
124000087,49,40,9
124000088,110,168,-58
124000089,252,220,32
124000090,75,434,-359
124000091,204,128,76
124000092,65,722,-657
124000093,77,44,33
124000094,53,238,-185
124000095,29,51,-22
124000096,46,254,-208
124000097,46,55,-9
124000098,41,144,-103
124000099,53,78,-25
124000100,21,91,-70
124000101,21,107,-86
124000102,58,121,-63
124000103,19,82,-63
124000104,35,87,-52
124000105,14,33,-19
124000106,101,118,-17
124000107,5,56,-51
124000108,37,38,-1
124000109,67,35,32
124000110,69,91,-22
124000111,105,100,5
124000112,286,517,-231
124000113,36,60,-24
124000114,121,571,-450
124000115,291,711,-420
124000116,64,67,-3
124000117,69,49,20
124000118,27,47,-20
124000119,787,372,415
124000120,389,452,-63
124000121,2322,669,1653
124000122,482,881,-399
124000123,535,253,282
124000124,472,811,-339
124000125,285,257,28
124000126,359,487,-128
124000127,364,232,132
124000128,531,945,-414
124000129,1128,934,194
124000130,539,516,23
124000131,713,411,302
124000132,702,660,42
124000133,411,589,-178
124000134,420,773,-353
124000135,1096,932,164
124000136,676,947,-271
124000137,892,424,468
124000138,1051,805,246
124000139,378,23,355
124000140,44,520,-476
124000141,208,18,190
124000142,44,669,-625
124000143,24,9,15
124000144,3,197,-194
124000145,16,16,0
124000146,3,123,-120
124000148,7,26,-19
124000149,459,169,290
124000150,245,457,-212
124000151,381,164,217
124000152,409,975,-566
124000153,257,230,27
124000154,250,798,-548
124000155,660,386,274
124000156,972,792,180
124000169,189,244,-55
124000170,439,376,63
124000171,96,177,-81
124000172,185,550,-365
124000173,151,307,-156
124000174,163,636,-473
124000175,8,116,-108
124000176,8,5,3
124000177,16,30,-14
124000178,12,7,5
124000185,3,4,-1
124000186,1,54,-53
124000187,5,93,-88
124000188,6,2,4
124000190,211,27,184
124000191,363,44,319
124000192,815,206,609
124000193,231,911,-680
124000194,239,523,-284
124000195,147,280,-133
124000196,649,1167,-518
124000197,34,37,-3
124000198,3,21,-18
124000201,95,863,-768
124000202,244,62,182
124000203,96,822,-726
124000204,208,367,-159
124000205,31,489,-458
124000206,96,244,-148
124000207,2,45,-43
124000209,86,400,-314
124000210,56,145,-89
124000211,98,2,96
124000212,2,555,-553
124000213,69,366,-297
124000214,123,581,-458
124000215,68,4,64
124000216,2,502,-500
124000329,32,1922,-1890
124000338,19,896,-877
124000339,107,27,80
124000341,205,59,146
124000344,15,6,9
124000357,760,1527,-767
124000358,1027,1402,-375
124000359,484,297,187
124000360,227,248,-21
124000361,600,489,111
124000362,1065,1319,-254
124000363,190,535,-345
124000364,400,1024,-624
124000365,707,1276,-569
124000366,2154,1398,756
124000367,54,439,-385
124000368,160,107,53
124000369,50,60,-10
124000370,29,335,-306
124000402,16,10,6
124000403,20,3,17
124000404,13,70,-57
124000405,789,563,226
124000406,757,700,57
124000407,5,18,-13
124000411,5,389,-384
124000412,74,5,69
124000413,85,33,52
124000414,18,119,-101
124000415,21,243,-222
124000416,78,368,-290
124000417,67,103,-36
124000418,38,109,-71
124000419,65,193,-128
124000420,19,96,-77
124000421,28,355,-327
124000422,7,11,-4
124000423,84,15,69
124000424,5,170,-165
124000425,29,3,26
124000426,3,313,-310
124000427,35,5,30
124000428,3,23,-20
124000429,18,62,-44
124000430,335,507,-172
124000431,152,510,-358
124000432,89,842,-753
124000439,1,4,-3
124000443,0,4,-4
124000445,352,254,98
124000446,2732,71,2661
124000447,13,40,-27
124000448,13,4,9
124000449,27,9,18
124000450,7,400,-393
124000451,4,234,-230
124000452,240,40,200
124000453,2312,1561,751
124000454,2697,2729,-32
124900001,127,159,-32
124900002,64,463,-399
124900003,270,402,-132
124900004,103,253,-150
124900005,118,140,-22
124900006,158,327,-169
124900008,700,324,376
124900009,61,58,3
124900010,46,15,31
124900011,79,105,-26
124900012,149,49,100
124900013,159,70,89
124900014,130,63,67
124900015,41,59,-18
124900016,3,12,-9
124900017,342,166,176
124900018,5,4,1
124900020,15,17,-2
124900021,42,10,32
124900022,11,7,4
124900024,65,5,60
124900026,71,0,71
124900027,47,92,-45
124900028,362,84,278
124900029,1,197,-196
124900030,1,107,-106
124900031,4,238,-234
124900032,97,100,-3
124900033,53,271,-218
124900034,1,93,-92
124900035,68,316,-248
124900036,1,21,-20
124900037,75,280,-205
124900038,250,341,-91
124900039,0,12,-12
124900040,27,47,-20
124900041,140,1251,-1111
124900042,15,0,15
124900043,207,1114,-907
124900044,23,1,22
124900045,371,507,-136
124900047,74,121,-47
124900048,60,101,-41
124900050,69,175,-106
124900052,43,257,-214
124900053,30,300,-270
124900054,2891,196,2695
124900055,1,59,-58
124900057,5,114,-109
124900060,37,200,-163
124900061,25,4,21
124900062,8,1,7
124900066,0,16,-16
124900067,6,127,-121
124900068,154,141,13
124900070,22,220,-198
124900072,28,8,20
124900075,30,158,-128
124900076,8,223,-215
124900077,10,60,-50
124900078,22,4,18
124900079,417,36,381
124900080,87,638,-551
124900081,247,196,51
124900082,202,927,-725
124900083,88,501,-413
124900085,1277,100,1177
124900086,24,301,-277
124900087,401,14,387
124900088,542,54,488
124900089,1001,14,987
124900090,85,80,5
124900091,116,436,-320
124900092,57,448,-391
124900093,79,101,-22
124900094,71,112,-41
124900095,15,172,-157
124900096,242,54,188
124900097,109,39,70
124900098,67,307,-240
124900099,309,194,115
124900100,81,19,62
124900101,16,300,-284
124900102,52,8,44
124900103,26,300,-274
124900104,9,220,-211
124900105,50,151,-101
124900106,137,13,124
124900107,16,3,13
124900108,74,14,60
124900111,1,38,-37
124900112,46,556,-510
124900113,93,58,35
124900114,299,32,267
124900115,38,23,15
124900116,39,70,-31
124900117,620,53,567
124900118,89,86,3
124900119,121,55,66
124900120,8,310,-302
124900121,74,92,-18
124900122,491,118,373
124900123,470,43,427
124900124,162,156,6
124900125,25,1,24
124900126,0,188,-188
204000001,30,60,-30
204000002,11,47,-36
204000003,3,2,1
204000004,2,0,2
204000005,279,214,65
204000006,431,467,-36
204000011,7,71,-64
204000012,10,111,-101
204000019,405,409,-4
204000020,295,616,-321
204000021,1625,603,1022
204000022,181,362,-181
204000023,206,1294,-1088
204000031,104,23,81
204000032,577,19,558
204000034,22,312,-290
204000035,0,4,-4
204000036,13,19,-6
204000037,4,24,-20
204000038,6,30,-24
204000039,1,52,-51
204000040,6,31,-25
204000041,5,42,-37
204000042,6,22,-16
204000043,6,3,3
204000044,7,2,5
204000045,17,20,-3
204000046,12,4,8
204000057,8,54,-46
204000062,21,341,-320
204000068,24,135,-111
204000069,25,110,-85
204000070,32,150,-118
204000080,9,68,-59
204000085,675,1199,-524
204000086,2195,1844,351
204000087,46,13,33
204000088,6,116,-110
204000090,22,419,-397
204000093,201,84,117
204000096,310,417,-107
204000097,152,79,73
204000099,522,865,-343
204000100,383,613,-230
204000105,1549,1066,483
204000110,558,1246,-688
204000111,357,812,-455
204000112,632,856,-224
204000113,314,775,-461
204000114,286,298,-12
204000115,234,286,-52
204000116,801,404,397
204000119,1022,875,147
204000132,241,216,25
204000133,333,233,100
204000134,100,130,-30
204000135,320,100,220
204000136,94,191,-97
204000138,153,255,-102
204000140,100,95,5
204000141,64,46,18
204000144,22,24,-2
204000145,540,15,525
204000146,25,344,-319
204000147,64,154,-90
204000148,436,13,423
204000154,3,1,2
204000155,0,10,-10
204000177,23,65,-42
204000179,3,2,1
204000180,0,47,-47
204000222,6,9,-3
204000235,11,6,5
204000236,56,272,-216
204000238,26,13,13
204000240,343,36,307
204000263,411,1194,-783
204000268,542,267,275
204000308,112,8,104
204000317,7,62,-55
204000322,3,25,-22
204000323,11,19,-8
204000328,220,47,173
204000329,133,80,53
204000330,159,149,10
204000331,48,151,-103
205000001,775,940,-165
205000013,7,99,-92
205000014,16,157,-141
205000015,25,277,-252
205000016,9,198,-189
205000017,22,101,-79
205000022,257,523,-266
205000025,1647,842,805
205000029,86,15,71
205000045,35,131,-96
205000046,56,529,-473
205000047,33,544,-511
205000048,81,945,-864
205000049,69,647,-578
205000050,1109,270,839
205000059,1,228,-227
205000060,0,43,-43
205000061,1,21,-20
205000062,0,19,-19
205000063,11,18,-7
205000064,9,66,-57
205000065,34,666,-632
205000066,39,849,-810
205000067,22,1005,-983
205000069,195,31,164
205000082,99,140,-41
205000110,62,159,-97
205000111,133,206,-73
205000112,68,71,-3
205000113,167,146,21
205000121,74,27,47
205000123,66,164,-98
205000126,105,22,83
205000127,165,24,141
205000128,171,36,135
205000129,185,35,150
205000130,95,5,90
205000131,23,1,22
205000132,166,2,164
205000133,38,0,38
205000134,35,0,35
205000137,93,140,-47
205000138,284,237,47
205000139,27,69,-42
205000144,43,35,8
205000145,173,68,105
205000151,40,17,23
205000152,41,10,31
205000153,98,14,84
205000154,28,22,6
205000155,52,8,44
205000207,28,157,-129
205000233,4,1,3
205000234,0,1,-1
205000243,0,1,-1
205000244,0,1,-1
205000245,10,334,-324
205000249,0,15,-15
205000250,1,0,1
205000264,2,106,-104
206000027,8,2,6
206000028,32,3,29
206000043,4,151,-147
206000053,5,12,-7
206000054,29,12,17
206000055,2,57,-55
206000075,2,5,-3
206000076,19,6,13
206000077,26,7,19
206000078,4,2,2
206000079,31,10,21
206000082,281,18,263
206000100,46,598,-552
206000103,9,33,-24
206000104,19,40,-21
206000105,14,39,-25
206000106,17,34,-17
206000125,24,0,24
206000157,180,718,-538
206000170,3,273,-270
206000171,3,237,-234
206000172,1,1125,-1124
206000173,2,377,-375
206000174,5,177,-172
206000175,2,269,-267
206000176,21,521,-500
206000177,0,318,-318
206000178,0,216,-216
206000179,6,123,-117
206000180,31,264,-233
206000181,13,333,-320
206000182,52,395,-343
206000183,34,1160,-1126
206000184,4,389,-385
206000185,4,384,-380
206000186,170,1930,-1760
206000223,2,301,-299
206000226,17,4,13
206000227,21,0,21
206000237,28,463,-435
206000238,56,842,-786
206000239,589,2670,-2081
206000240,1,68,-67
206000241,2,200,-198
206000242,9,571,-562
206000243,17,483,-466
206000244,81,1064,-983
206000245,284,43,241
206000246,45,12,33
206000247,73,12,61
206000248,107,12,95
206000252,87,13,74
206000258,14,26,-12
206000315,29,3,26
206000317,229,67,162
206000318,115,38,77
206000319,527,63,464
206000320,42,24,18
206000321,40,17,23
206000322,153,8,145
206000323,54,9,45
206000324,48,9,39
206000325,75,10,65
206000326,43,7,36
206000327,113,4,109
206000328,62,3,59
206000329,86,9,77
206000330,14,6,8
206000331,54,3,51
206000332,9,5,4
206000333,131,3,128
206000334,118,1,117
206000335,0,25,-25
206000361,13,203,-190
206000392,7,54,-47
206000405,73,0,73
206000441,7,16,-9
206000498,22,3,19
206000515,132,26,106
206000530,81,46,35
206000531,80,58,22
206000532,1369,127,1242
206000535,270,2598,-2328
206000536,22,349,-327
206000537,11,186,-175
206000613,1210,113,1097
206000784,428,40,388
207000001,114,313,-199
207000002,51,278,-227
207000003,115,246,-131
207000007,440,285,155
207000008,50,17,33
207000009,36,39,-3
207000010,391,495,-104
207000012,216,220,-4
207000015,227,1498,-1271
207000019,107,62,45
207000021,441,130,311
207000022,55,63,-8
207000023,83,89,-6
207000024,4,5,-1
207000025,2,63,-61
207000026,106,59,47
207000027,8,55,-47
207000028,27,233,-206
207000029,228,319,-91
207000033,181,140,41
207000034,148,41,107
207000039,168,117,51
207000040,98,188,-90
207000041,52,80,-28
207000042,126,94,32
207000043,154,191,-37
207000051,52,246,-194
207000052,10,176,-166
207000053,382,611,-229
207000054,25,138,-113
207000055,70,236,-166
207000056,180,476,-296
207000057,118,217,-99
207000058,70,477,-407
207000059,30,925,-895
207000060,23,312,-289
207000061,76,112,-36
207000062,98,73,25
207000063,110,198,-88
207000064,266,159,107
207000065,161,252,-91
207000066,113,157,-44
207000067,51,107,-56
207000068,79,49,30
207000069,541,340,201
207000082,24,431,-407
207000083,51,340,-289
207000084,71,129,-58
207000085,78,9,69
207000086,42,12,30
207000106,17,37,-20
207000107,30,27,3
207000108,27,9,18
207000109,52,15,37
207000110,36,26,10
207000111,51,51,0
207000112,66,141,-75
207000114,17,12,5
207000115,22,35,-13
207000116,8,163,-155
207000117,6,103,-97
207000118,1,52,-51
207000119,17,58,-41
207000123,204,26,178
207000124,39,8,31
207000125,52,17,35
207000126,71,24,47
207000134,21,269,-248
207000135,24,291,-267
207000148,20,87,-67
207000149,108,19,89
207000152,141,350,-209
207000153,1105,802,303
207000154,285,128,157
207000159,24,251,-227
207000160,48,633,-585
207000238,0,70,-70
207000242,1,117,-116
207000248,27,18,9
207000249,113,48,65
207000250,487,39,448
207000251,68,28,40
207000252,27,36,-9
207000278,45,60,-15
207000279,15,186,-171
207000280,147,108,39
207000281,53,1303,-1250
207000282,72,19,53
207000283,116,174,-58
207000284,31,36,-5
207000285,170,20,150
207000291,6,96,-90
207000304,68,81,-13
207000306,30,358,-328
207000310,24,74,-50
207000353,74,1,73
207000356,7,17,-10
207000357,2,3,-1
207000358,2,6,-4
207000415,11,171,-160
207000417,17,3,14
207000418,103,149,-46
207000438,0,3,-3
207000439,1099,241,858
207000446,66,4,62
207000460,2,6,-4
207000466,126,110,16
207000467,92,107,-15
207000468,13,476,-463
207000476,3,104,-101
207000477,93,153,-60
207000478,0,13,-13
207000523,0,23,-23
207000524,29,0,29
207000527,80,126,-46
207000530,52,2,50
207000531,80,4,76
207000532,29,7,22
207000534,635,38,597
207000535,34,85,-51
207000537,7,91,-84
207000540,3,151,-148
207000541,0,240,-240
207000548,9,298,-289
207000549,64,9,55
207000561,64,58,6
207000562,19,195,-176
207000567,148,260,-112
207000568,62,74,-12
207000569,118,1564,-1446
207000584,310,87,223
207000585,55,110,-55
207000587,26,69,-43
207000616,0,236,-236
207000617,36,0,36
207000624,58,16,42
207000631,5,33,-28
207900008,80,296,-216
208000001,194,397,-203
208000002,230,345,-115
208000003,453,398,55
208000004,488,611,-123
208000005,5,5,0
208000019,217,577,-360
208000020,82,287,-205
208000021,49,337,-288
208000022,301,503,-202
208000028,717,565,152
208000033,230,476,-246
208000034,673,1079,-406
208000037,269,32,237
208000040,17,126,-109
208000041,378,338,40
208000042,349,434,-85
208000047,83,333,-250
208000064,2032,937,1095
208000066,768,497,271
208000070,100,438,-338
208000071,120,718,-598
208000072,147,762,-615
208000080,63,248,-185
208000081,92,168,-76
208000082,144,201,-57
208000083,50,268,-218
208000084,5,13,-8
208000085,527,486,41
208000086,279,745,-466
208000087,172,668,-496
208000089,283,530,-247
208000090,368,888,-520
208000093,38,91,-53
208000094,210,436,-226
208000095,321,234,87
208000104,464,529,-65
208000105,362,685,-323
208000114,24,101,-77
208000115,307,249,58
208000116,132,628,-496
208000117,14,81,-67
208000118,54,69,-15
208000155,336,608,-272
208000158,1235,1540,-305
208000186,1907,1075,832
208000204,245,635,-390
208000205,621,1029,-408
208000282,2214,694,1520
209000004,78,120,-42
209000005,9,18,-9
209000006,212,77,135
209000007,122,151,-29
209000010,284,84,200
209000011,117,163,-46
209000012,183,312,-129
209000013,109,608,-499
209000014,534,1548,-1014
209000025,108,28,80
209000026,348,54,294
209000027,322,1061,-739
209000028,244,1094,-850
209000029,464,869,-405
209000030,367,1602,-1235
209000031,3712,2269,1443
209000034,114,185,-71
209000035,58,113,-55
209000036,68,115,-47
209000037,136,179,-43
209000038,54,158,-104
209000039,23,145,-122
209000040,145,343,-198
209000041,132,269,-137
209000042,187,298,-111
209000043,506,406,100
209000044,162,353,-191
209000045,621,245,376
209000046,152,335,-183
209000047,110,144,-34
209000048,112,173,-61
209000049,62,130,-68
209000050,159,179,-20
209000051,100,384,-284
209000052,74,354,-280
209000062,34,152,-118
209000063,15,124,-109
209000064,15,111,-96
209000065,11,28,-17
209000066,27,34,-7
209000067,11,78,-67
209000080,9,142,-133
209000082,40,25,15
209000091,35,73,-38
209000093,69,26,43
209000094,131,91,40
209000110,26,42,-16
209000111,296,644,-348
209000112,320,296,24
209000113,617,264,353
209000114,205,162,43
209000115,58,168,-110
209000116,753,499,254
209000118,5,17,-12
209000119,12,6,6
209000121,108,592,-484
209000135,49,62,-13
209000142,661,489,172
209000143,29,41,-12
209000144,11,38,-27
209000229,87,116,-29
209000240,29,403,-374
209000259,105,137,-32
209000260,25,618,-593
209000261,4,368,-364
209000262,3,374,-371
209000263,0,92,-92
209000264,0,28,-28
209000265,89,9,80
209000266,40,1,39
209000267,156,4,152
209000268,232,7,225
210000037,31,18,13
210000047,10,17,-7
210000048,24,21,3
210000049,46,12,34
210000052,31,143,-112
210000053,7,74,-67
210000054,43,69,-26
210000070,25,0,25
210000071,11,0,11
210000072,35,0,35
210000073,0,26,-26
210000074,0,89,-89
210000075,2,45,-43
210000076,4,83,-79
210000077,24,16,8
210000078,45,16,29
210000079,19,8,11
210000080,57,31,26
210000081,110,5,105
210000082,41,2,39
210000083,84,0,84
210000084,12,0,12
210000085,0,90,-90
210000086,1,113,-112
210000099,27,164,-137
210000100,18,204,-186
210000101,62,151,-89
210000105,43,99,-56
210000159,0,88,-88
210000163,158,202,-44
210000164,270,52,218
210000168,148,24,124
210000187,0,9,-9
210000188,0,22,-22
210000214,11,0,11
210000219,13,36,-23
210000220,46,60,-14
210000232,0,11,-11
210000233,11,44,-33
210000234,26,156,-130
210000235,12,103,-91
210000245,0,27,-27
210000246,4,1,3
210000258,9,142,-133
210000259,116,11,105
210000282,30,139,-109
210000285,0,92,-92
210000286,3,125,-122
210000290,7,8,-1
210000295,16,77,-61
210000296,22,46,-24
210000320,69,100,-31
210000321,32,78,-46
210000338,54,94,-40
210000339,505,518,-13
210000340,103,141,-38
210000341,52,152,-100
210000342,61,147,-86
210000343,82,154,-72
210000344,121,90,31
210000345,137,73,64
210000346,20,36,-16
210000347,49,13,36
210000348,39,8,31
210000349,30,11,19
210000350,42,47,-5
210000351,37,88,-51
210000352,28,62,-34
210000353,13,83,-70
210000354,38,98,-60
210000355,24,70,-46
210000356,18,24,-6
210000357,15,20,-5
210000358,211,88,123
210000359,48,29,19
210000360,85,88,-3
210000361,72,168,-96
210000362,136,162,-26
210000363,818,117,701
210000364,105,41,64
210000365,56,36,20
210000366,87,41,46
210000367,26,34,-8
210000368,131,11,120
210000369,18,32,-14
210000370,28,47,-19
210000372,29,15,14
210000373,17,3,14
210000374,40,7,33
210000375,16,70,-54
210000376,32,106,-74
210000404,76,106,-30
210000439,13,22,-9
210000472,80,2,78
210000482,67,35,32
210000564,726,97,629
210000567,1,9,-8
210000568,330,2,328
211000092,12,77,-65
211000094,18,7,11
211000169,177,4,173
211000172,3,177,-174
211000209,1,9,-8
211000226,20,34,-14
211000270,11,11,0
211000275,7,18,-11
211000276,24,29,-5
211000279,2,74,-72
211000281,9,55,-46
211000302,9,72,-63
211507980,0,19,-19
211977296,1,1,0
212000003,67,49,18
212000004,32,19,13
212000005,6,12,-6
212000006,9,59,-50
212000008,60,208,-148
212000009,10,146,-136
212000012,25,69,-44
212000013,8,40,-32
212000014,142,168,-26
212000015,143,190,-47
212000016,264,515,-251
212000027,257,444,-187
212000028,130,306,-176
212000029,82,188,-106
212000030,14,18,-4
212000031,24,55,-31
212000048,18,96,-78
212000049,11,58,-47
212000050,9,7,2
212000051,67,224,-157
212000052,78,428,-350
212000053,208,593,-385
212000054,63,110,-47
212000055,109,248,-139
212000056,2,41,-39
212000057,8,38,-30
212000058,285,27,258
212000070,35,326,-291
212000077,54,711,-657
212000099,129,175,-46
212000108,106,128,-22
212000111,115,124,-9
212000120,63,109,-46
212000138,34,10,24
212000156,2,119,-117
212000158,0,10,-10
212000159,110,57,53
212000160,223,176,47
212000161,17,6,11
212000310,10,22,-12
212000311,3,76,-73
212000374,9,11,-2
213000001,13,565,-552
213000005,224,50,174
213000006,861,68,793
213000007,36,3,33
213000009,254,128,126
213000010,126,90,36
213000011,95,64,31
213000012,94,289,-195
213000014,23,0,23
213000015,54,1,53
213000016,47,1,46
213000017,12,0,12
213000018,1,172,-171
213000019,1,137,-136
213000020,64,184,-120
213000021,7,100,-93
213000023,149,81,68
213000033,141,434,-293
213000034,122,191,-69
213000035,92,75,17
213000045,47,179,-132
213000046,65,143,-78
213000047,318,545,-227
213000056,23,9,14
213000069,35,3,32
213000073,0,7,-7
213000074,134,426,-292
213000075,235,3,232
213000076,8,0,8
213000085,2,25,-23
213000086,5,211,-206
213000091,9,5,4
213000092,8,3,5
213000099,105,693,-588
213000100,891,128,763
213000101,34,127,-93
213000102,121,382,-261
213000103,452,660,-208
213000104,28,368,-340
213000105,0,49,-49
213000106,13,178,-165
213000107,60,625,-565
213000108,3,439,-436
213000109,1,198,-197
213000110,3,41,-38
213000111,5,18,-13
213000112,133,111,22
213000115,20,8,12
213000116,59,474,-415
213000117,3,657,-654
213000118,155,188,-33
213000119,28,710,-682
213000120,59,659,-600
213000122,163,719,-556
213000123,636,998,-362
213000124,40,1183,-1143
213000125,99,6,93
213000126,27,63,-36
213000127,170,96,74
213000128,583,373,210
213000129,348,196,152
213000130,162,100,62
213000132,80,64,16
213000133,74,84,-10
213000134,417,17,400
213000136,168,14,154
213000137,269,58,211
213000139,249,14,235
213000147,1,1,0
213000148,4,5,-1
213000149,7,5,2
213000150,0,60,-60
213000151,0,48,-48
213000152,0,54,-54
213000153,0,22,-22
213000154,4,255,-251
213000155,16,310,-294
213000156,46,590,-544
213000157,574,569,5
213000158,207,385,-178
213000159,240,360,-120
213000163,252,84,168
213000165,352,106,246
213000171,9,173,-164
213000172,43,348,-305
213000173,9,223,-214
213000174,2,147,-145
213000175,9,106,-97
213000176,2,66,-64
213000177,4,9,-5
213000178,25,35,-10
213000179,82,27,55
213000180,45,43,2
213000184,31,263,-232
213000188,142,83,59
213000189,95,18,77
213000190,631,532,99
213000191,69,429,-360
213000192,70,510,-440
213000193,1403,122,1281
213000194,0,17,-17
213000195,11,469,-458
213000196,74,640,-566
213000197,176,140,36
213000198,7,0,7
213000200,63,793,-730
213000201,132,63,69
213000202,8,591,-583
213000203,2089,214,1875
213000204,431,4,427
213000205,75,10,65
213000206,74,29,45
213000207,50,11,39
213000208,16,0,16
213000209,15,0,15
213000210,98,0,98
213000211,0,7,-7
213000212,2,16,-14
213000213,1,17,-16
213000218,86,782,-696
213000219,471,13,458
213000220,308,8,300
213000223,157,60,97
213000224,5,23,-18
213000225,19,2,17
213000226,4,1,3
213000227,329,145,184
213000228,61,82,-21
213000229,380,26,354
213000230,225,8,217
213000232,57,362,-305
213000233,3,13,-10
213000234,3,20,-17
213000293,6,50,-44
213000294,26,7,19
213000295,3,60,-57
213000296,61,19,42
213000297,7,46,-39
213000298,6,60,-54
213000299,36,49,-13
213000300,16,1,15
213000303,3,42,-39
213000304,0,3,-3
213000305,4,9,-5
213000306,30,14,16
213000307,65,98,-33
213000308,55,253,-198
213000309,43,37,6
213000310,121,87,34
213000311,311,387,-76
213000315,28,101,-73
213000316,29,51,-22
213000322,12,28,-16
213000323,22,52,-30
213000340,93,865,-772
213000341,138,79,59
213000346,109,30,79
213000347,665,40,625
213000348,3,114,-111
213000349,40,11,29
213000350,120,1121,-1001
213000366,24,213,-189
213000367,100,22,78
213000379,82,166,-84
213000386,3,116,-113
213000406,91,253,-162
213000417,493,200,293
213000425,41,51,-10
213000426,51,58,-7
213000427,12,293,-281
213000428,9,150,-141
213000429,8,2,6
213000430,70,689,-619
213000431,70,1,69
213000432,3,2,1
213000433,3,91,-88
213000434,30,48,-18
213000435,58,79,-21
213000439,19,4,15
213000441,0,0,0
213000443,203,184,19
213000445,0,99,-99
213000446,0,7,-7
213000447,1,23,-22
213000448,2,45,-43
213000449,63,1,62
213000450,3,25,-22
213000451,38,61,-23
213000452,0,5,-5
213000453,35,201,-166
213000455,171,1,170
213000456,2,134,-132
213000481,17,5,12
213000482,90,0,90
213000489,300,14,286
213000491,0,43,-43
213000492,39,0,39
213000493,0,18,-18
213000494,33,94,-61
213000495,0,150,-150
213000496,112,148,-36
213000497,12,214,-202
213000498,27,175,-148
213000499,40,650,-610
213000500,99,95,4
213000501,36,16,20
213000502,75,7,68
213000503,2,52,-50
213000504,0,134,-134
213000505,2,12,-10
213000506,0,5,-5
213000507,2,173,-171
213900244,4,0,4
213900245,0,42,-42
218000003,12,8,4
218000004,10,11,-1
218000005,16,18,-2
218000006,33,32,1
218000007,3,15,-12
218000012,227,139,88
218000013,71,134,-63
218000014,471,342,129
218000019,837,340,497
218000020,330,334,-4
218000040,3,0,3
218000046,25,231,-206
218000047,6,278,-272
218000048,52,272,-220
218000049,60,181,-121
218000050,152,325,-173
218000051,33,355,-322
218000052,1,94,-93
218000053,4,13,-9
218000054,26,23,3
218000055,2,9,-7
218000056,3,37,-34
218000057,0,39,-39
218000064,0,1,-1
218000065,14,48,-34
218000066,11,46,-35
218000067,17,76,-59
218000068,33,124,-91
218000069,62,182,-120
218000070,137,303,-166
218000071,139,295,-156
218000072,270,188,82
218000078,362,1137,-775
218000079,13,45,-32
218000080,42,95,-53
218000081,149,251,-102
218000082,27,119,-92
218000083,22,51,-29
218000084,59,153,-94
218000085,91,326,-235
218000086,10,129,-119
218000087,100,240,-140
218000090,7,41,-34
218000091,482,382,100
218000092,28,131,-103
218000093,62,73,-11
218000094,343,840,-497
218000099,213,360,-147
218000100,197,345,-148
218000101,152,142,10
218000102,148,316,-168
218000103,62,208,-146
218000104,17,47,-30
218000105,29,12,17
218000106,20,8,12
218000107,32,154,-122
218000108,0,52,-52
218000112,53,9,44
218000117,20,45,-25
218000134,172,691,-519
218000135,9,60,-51
218000136,85,33,52
218000137,47,108,-61
218000138,7,89,-82
218000139,65,271,-206
218000140,81,206,-125
218000141,16,34,-18
218000142,58,125,-67
218000143,14,166,-152
218000144,8,35,-27
218000145,155,428,-273
218000146,12,79,-67
218000151,13,13,0
218000152,41,56,-15
218000170,2,21,-19
218000171,19,9,10
218000172,19,4,15
218000173,25,13,12
218000174,6,0,6
218000176,53,10,43
218000177,169,45,124
218000178,54,38,16
218000179,54,29,25
218000180,35,14,21
218000181,59,16,43
218000187,6,12,-6
218000188,20,30,-10
218000189,8,24,-16
218000190,0,3,-3
218000191,45,161,-116
218000192,76,423,-347
218000193,231,440,-209
218000194,38,367,-329
218000195,76,73,3
218000196,126,255,-129
218000197,96,291,-195
218000198,3,160,-157
218000199,13,30,-17
218000200,39,37,2
218000201,29,21,8
218000202,114,149,-35
218000207,3,33,-30
218000208,15,32,-17
218000211,18,6,12
218000213,65,52,13
218000214,5,6,-1
218000215,27,87,-60
218000217,3,88,-85
218000218,138,43,95
218000219,18,10,8
218000220,37,211,-174
218000221,323,153,170
218000222,19,24,-5
218000223,48,111,-63
218000224,4,28,-24
218000225,189,13,176
218000226,39,35,4
218000232,33,64,-31
218000239,30,0,30
218000240,0,0,0
218000241,5,0,5
218000242,1,0,1
218000243,7,0,7
218000244,3,1,2
218000245,0,0,0
218000246,0,0,0
218000247,0,0,0
218000248,0,11,-11
218000249,0,0,0
218000250,2,15,-13
218000251,0,18,-18
218000252,0,23,-23
218000253,1,10,-9
218000254,0,18,-18
218000255,0,5,-5
218000256,4,47,-43
218000267,825,1086,-261
218000268,3,56,-53
218000269,2,13,-11
218000270,34,90,-56
218000271,50,77,-27
218000273,4,7,-3
218000274,5,8,-3
218000275,6,29,-23
218000276,2,50,-48
218000278,9,37,-28
218000279,28,92,-64
218000280,2,61,-59
218000281,7,23,-16
218000282,387,203,184
218000284,101,22,79
218000301,22,78,-56
218000302,39,28,11
218000303,13,69,-56
218000316,747,1245,-498
218000317,449,1261,-812
218000318,178,988,-810
218000319,577,1448,-871
218000320,544,728,-184
218000338,11,15,-4
218000345,177,61,116
218000346,62,110,-48
218000459,45,239,-194
218000490,10,43,-33
218000501,20,31,-11
218000502,7,136,-129
218000503,33,9,24
218000504,75,10,65
218000505,22,206,-184
218000506,23,156,-133
218000508,2,3,-1
218000510,143,9,134
218000520,44,108,-64
218000521,5,67,-62
218000522,1,105,-104
218000523,26,6,20
218000524,34,87,-53
218000525,25,2,23
218000526,50,46,4
218000529,24,249,-225
218000531,22,31,-9
218000532,14,38,-24
218000534,38,19,19
218000537,23,48,-25
218000538,57,159,-102
218000540,210,78,132
218000543,61,52,9
218000544,26,127,-101
218000545,15,41,-26
218000546,28,100,-72
218000547,67,79,-12
218000548,58,143,-85
218000549,465,98,367
218000550,363,417,-54
218000551,297,177,120
218000552,582,46,536
218000553,12,57,-45
218000554,16,13,3
218000555,14,46,-32
218000556,48,355,-307
218000557,117,178,-61
218000558,9,0,9
218000559,0,20,-20
218000560,0,6,-6
218000561,13,0,13
218000562,13,138,-125
218000563,81,22,59
218000564,0,54,-54
218000565,222,11,211
218000566,256,16,240
218000567,2,57,-55
218000568,5,1,4
218000569,4,16,-12
218000570,79,4,75
218000571,0,77,-77
218000572,11,1,10
218000573,19,38,-19
218000574,192,69,123
218000575,35,0,35
218000576,1,65,-64
218000577,11,0,11
218000578,0,66,-66
218000579,23,0,23
218000581,0,30,-30
218000582,4,1,3
218000583,1,0,1
218000584,0,11,-11
218000585,6,3,3
218000586,0,42,-42
218000587,0,0,0
218000588,0,0,0
218000589,1,0,1
218000590,0,0,0
218000591,0,2,-2
218000592,0,0,0
218000593,1,1,0
218000594,0,0,0
218000597,1,0,1
218000598,0,0,0
218000599,0,0,0
218000600,0,0,0
218000601,0,0,0
218000602,0,0,0
218000603,0,1,-1
218000604,3,0,3
218000605,0,13,-13
218000606,5,0,5
218000607,7,13,-6
218000608,15,7,8
218000609,0,52,-52
218000610,34,0,34
218000611,6,1,5
218000612,0,40,-40
218000613,5,2,3
218000614,0,44,-44
218000615,21,1,20
218000616,1,119,-118
218000617,3,1,2
218000618,0,19,-19
218000619,3,4,-1
218000620,1,13,-12
218000621,0,1,-1
218000622,0,1,-1
218000623,0,0,0
218000624,0,2,-2
218000625,10,1,9
218000626,0,8,-8
218000628,34,36,-2
218000631,17,34,-17
218000632,2,86,-84
218000633,18,1,17
218000634,1,10,-9
218000635,2,6,-4
218000636,394,1465,-1071
218000637,425,633,-208
218000638,37,35,2
218000639,7,183,-176
218000640,65,19,46
218000641,22,317,-295
218000652,94,140,-46
218000653,109,69,40
218000663,2,97,-95
218000675,16,70,-54
218000680,133,586,-453
218000681,274,102,172
218000691,78,441,-363
218000693,80,125,-45
218000718,900,192,708
218000719,1123,49,1074
218000720,6,22,-16
218000721,31,4,27
218001147,6,437,-431
218001214,7,23,-16
218001258,59,1,58
218001329,139,87,52
218001330,110,92,18
218001351,12,24,-12
218001352,1,12,-11
218001353,1,5,-4
218001354,1,34,-33
218001355,31,422,-391
218001356,102,6,96
218001357,9,307,-298
218001358,142,3,139
218001361,74,5,69
218001362,2,360,-358
219000001,14,68,-54
219000002,24,85,-61
219000003,29,31,-2
219000004,79,47,32
219000017,51,16,35
219000020,48,8,40
219000022,85,4,81
219000023,43,0,43
219000029,2,71,-69
219000034,9,3,6
219000039,15,48,-33
219000040,18,10,8
219000041,165,25,140
219000051,0,44,-44
219000052,0,18,-18
219000053,2,301,-299
219000055,27,0,27
219000056,2,1,1
219000057,26,2,24
219000062,8,241,-233
219000063,43,9,34
219000064,4,37,-33
219000110,153,40,113
219000111,133,32,101
219000112,113,40,73
219000113,86,40,46
219000114,418,18,400
219000116,39,38,1
219000117,119,151,-32
219000118,35,64,-29
219000123,220,102,118
219000124,36,62,-26
219000125,12,19,-7
219000126,64,125,-61
219000127,1,8,-7
219000128,32,114,-82
219000129,39,143,-104
219000130,1028,631,397
219000131,874,792,82
219000133,15,27,-12
219000134,22,42,-20
219000135,25,41,-16
219000136,104,140,-36
219000138,43,18,25
219000139,18,66,-48
219000140,7,0,7
219000141,33,144,-111
219000142,13,111,-98
219000143,15,154,-139
219000145,11,41,-30
219000146,1,47,-46
219000147,0,54,-54
219000148,4,78,-74
219000149,21,230,-209
219000150,5,138,-133
219000151,2,94,-92
219000157,295,179,116
219000158,81,227,-146
219000161,109,14,95
219000163,1528,418,1110
219000166,61,210,-149
219000167,75,231,-156
219000168,671,102,569
219000174,195,72,123
219000175,22,1,21
219000176,28,5,23
219000177,2,2,0
219000178,5,5,0
219000179,4,4,0
219000180,26,23,3
219000182,52,6,46
219000183,23,32,-9
219000184,24,4,20
219000185,1,127,-126
219000186,4,64,-60
219000187,19,144,-125
219000189,157,108,49
219000190,131,175,-44
219000191,1562,603,959
219000192,120,91,29
219000193,716,186,530
219000195,1,78,-77
219000196,4,163,-159
219000198,17,202,-185
219000199,96,219,-123
219000200,20,295,-275
219000201,100,271,-171
219000203,27,102,-75
219000204,165,212,-47
219000205,68,204,-136
219000207,481,218,263
219000209,26,94,-68
219000210,57,113,-56
219000213,8,265,-257
219000239,101,223,-122
219000240,120,317,-197
219000241,57,220,-163
219000242,75,179,-104
219000243,31,272,-241
219000244,5,101,-96
219000245,51,27,24
219000246,19,12,7
219000247,55,29,26
219000248,334,189,145
219000249,126,40,86
219000250,35,49,-14
219000251,256,84,172
219000252,72,76,-4
219000253,76,15,61
219000255,61,43,18
219000256,72,37,35
219000257,63,0,63
219000262,57,281,-224
219000263,34,266,-232
219000267,2,209,-207
219000268,0,15,-15
219000269,2,1,1
219000270,2,0,2
219000271,42,6,36
219000278,0,11,-11
219000279,1,2,-1
219000283,0,4,-4
219000295,9,92,-83
219000296,50,587,-537
219000297,20,197,-177
219000298,8,295,-287
219000299,345,32,313
219000300,15,336,-321
219000301,173,338,-165
219000302,18,214,-196
219000307,37,46,-9
219000308,47,37,10
219000311,69,28,41
219000312,181,42,139
219000313,82,26,56
219000314,99,579,-480
219000315,51,21,30
219000316,118,16,102
219000317,15,4,11
219000320,0,54,-54
219000321,0,27,-27
219000323,8,91,-83
219000325,1,38,-37
219000326,68,127,-59
219000327,44,34,10
219000328,14,56,-42
219000329,205,92,113
219000330,39,13,26
219000331,26,40,-14
219000332,37,65,-28
219000333,5,4,1
219000335,32,4,28
219000337,2,0,2
219000338,26,0,26
219000344,32,117,-85
219000345,80,120,-40
219000346,42,213,-171
219000348,42,141,-99
219000349,25,235,-210
219000350,39,76,-37
219000351,1,2,-1
219000352,156,68,88
219000353,88,57,31
219000354,70,130,-60
219000355,42,49,-7
219000356,1449,282,1167
219000363,270,25,245
219000364,49,19,30
219000365,75,11,64
219000366,259,100,159
219000368,322,346,-24
219000370,862,173,689
219000371,13,15,-2
219000382,4,22,-18
219000383,827,526,301
219000385,502,395,107
219000386,1020,973,47
219000387,0,2,-2
219000390,6,0,6
219000391,0,1,-1
219000397,129,102,27
219000398,63,44,19
219000401,1,76,-75
219000402,11,77,-66
219000403,30,151,-121
219000404,11,78,-67
219000407,5,22,-17
219000409,21,10,11
219000410,21,37,-16
219000411,21,13,8
219000446,197,342,-145
219000447,1,25,-24
219000448,6,8,-2
219000452,87,42,45
219000453,51,92,-41
219000454,205,164,41
219000556,79,29,50
219000558,80,318,-238
219000590,10,166,-156
219000591,27,31,-4
219000592,77,390,-313
219000595,1,27,-26
219000635,20,24,-4
219000636,7,127,-120
219000657,12,27,-15
219000658,13,35,-22
219000673,0,7,-7
219000676,4,1,3
219000679,11,5,6
219000684,19,4,15
219000685,0,75,-75
219000686,1,1,0
219000688,0,105,-105
219000689,68,146,-78
219000690,134,7,127
219000691,72,79,-7
219000692,57,23,34
219000693,0,26,-26
219000694,4,0,4
219000695,2,1,1
219000698,4,0,4
219000699,0,15,-15
219000727,5,247,-242
219000728,124,1,123
219000770,13,2,11
219000771,1,21,-20
219000788,202,343,-141
219001150,3,10,-7
219001151,0,3,-3
219001166,42,1,41
219001167,2,53,-51
219001178,9,2,7
220000001,7,19,-12
220000002,10,115,-105
220000003,289,326,-37
220000004,399,550,-151
220000005,1185,1299,-114
220000006,139,952,-813
220000007,187,855,-668
220000008,153,1049,-896
220000009,97,530,-433
220000010,86,131,-45
220000011,494,1465,-971
220000012,52,119,-67
220000014,34,64,-30
220000015,27,132,-105
220000017,24,228,-204
220000018,3309,381,2928
220000019,46,226,-180
220000020,79,196,-117
220000021,214,137,77
220000022,309,413,-104
220000023,95,126,-31
220000024,1048,304,744
220000025,340,274,66
220000026,142,97,45
220000027,14,67,-53
220000028,10,28,-18
220000029,25,98,-73
220000030,33,73,-40
220000031,86,277,-191
220000064,13,540,-527
221000046,3,0,3
221000047,0,0,0
221000048,0,2,-2
221000049,0,9,-9
221000050,5,0,5
221000055,30,23,7
221000068,184,87,97
221000069,108,35,73
221000070,51,18,33
221000071,23,7,16
221000072,99,20,79
221000073,115,74,41
221000074,1,25,-24
221000075,13,10,3
221000076,9,35,-26
221000077,58,85,-27
221000081,42,2,40
221000082,15,0,15
221000083,30,6,24
221000084,1,1,0
221000085,10,49,-39
221000086,7,104,-97
221000087,1,156,-155
221000088,14,109,-95
221000089,19,199,-180
221000090,65,353,-288
221000098,129,9,120
221000099,137,12,125
221000100,58,8,50
221000101,440,11,429
221000103,11,34,-23
221000104,3,60,-57
221000107,21,3,18
221000108,15,5,10
221000111,14,195,-181
221000112,5,107,-102
221000113,7,157,-150
221000114,10,209,-199
221000120,8,12,-4
221000121,1,26,-25
221000122,4,8,-4
221000123,5,33,-28
221000124,14,279,-265
221000155,53,5,48
221000156,17,19,-2
221000175,0,4,-4
221000176,0,6,-6
221000182,30,4,26
221000241,456,154,302
221000242,201,283,-82
221000243,346,119,227
221000244,150,320,-170
221000245,55,88,-33
221000246,12,198,-186
221000247,27,130,-103
221000248,31,191,-160
221000267,34,580,-546
221000325,44,24,20
221000331,1,57,-56
221000338,1,10,-9
221000378,126,15,111
221000381,64,143,-79
222000282,0,0,0
222000296,4,16,-12
222000568,122,11,111
222000569,79,19,60
222000570,62,2,60
222000571,42,2,40
222000577,6,220,-214
222000578,8,135,-127
222000579,27,92,-65
222000580,84,635,-551
222000599,1,106,-105
222000600,2,257,-255
222000601,8,721,-713
222000603,3,23,-20
222000604,1,23,-22
222000605,0,13,-13
222000606,0,3,-3
222000607,1,5,-4
222000608,5,19,-14
222000609,22,294,-272
222000616,34,29,5
222000617,1,3,-2
222000618,1,2,-1
222000620,9,3,6
222000621,8,3,5
222000623,285,2,283
222000624,130,3,127
222000625,157,25,132
222000636,10,0,10
222000686,2,5,-3
222000687,19,27,-8
222001066,57,1,56
222001067,1,2,-1
222001068,5,9,-4
222001069,3,8,-5
222001082,2,41,-39
222001083,3,47,-44
222001084,0,51,-51
222001085,1,68,-67
222001111,8,207,-199
222001112,16,9,7
222001313,10,3,7
222001314,2,69,-67
222001464,48,36,12
222001465,5,176,-171
222001484,40,40,0
222001485,9,81,-72
222001494,62,82,-20
222001495,71,486,-415
222001496,106,46,60
222001497,88,591,-503
222001502,22,88,-66
222001503,5,12,-7
222001504,12,220,-208
222001505,20,2,18
222001506,24,222,-198
222001507,63,5,58
222001510,38,5,33
222001511,17,370,-353
222001514,133,24,109
222001515,144,558,-414
222001518,14,8,6
222001519,28,363,-335
222001527,47,7,40
222001528,70,128,-58
222001529,18,5,13
222001530,23,180,-157
222001533,145,340,-195
222001534,13,15,-2
222001535,66,99,-33
222001536,75,380,-305
222001537,35,6,29
222001538,31,409,-378
222001563,58,26,32
222001564,19,781,-762
222001568,70,66,4
222001576,0,0,0
222001579,0,0,0
222001583,7,261,-254
222001584,46,18,28
222001596,329,1234,-905
222001597,602,93,509
222001626,0,160,-160
222001650,44,48,-4
222001651,23,59,-36
222001914,61,22,39
222001915,45,178,-133
222001968,295,118,177
222001969,489,797,-308
222001970,38,158,-120
222001971,5,9,-4
222001972,0,26,-26
225000001,375,73,302
225000002,176,51,125
225000003,185,60,125
225000004,132,134,-2
225000005,24,7,17
225000006,0,89,-89
225000007,2731,760,1971
225000010,52,1,51
225000011,312,450,-138
225000012,87,234,-147
225000013,29,73,-44
225000014,365,47,318
225000015,108,206,-98
225000021,342,86,256
225000027,213,406,-193
225000032,366,60,306
225000042,51,557,-506
225000049,30,59,-29
225000050,34,15,19
225000053,4,104,-100
225000058,236,81,155
225000067,87,203,-116
225000068,78,421,-343
225000069,212,438,-226
225000070,46,399,-353
225000071,17,273,-256
225000075,25,623,-598
225000076,94,102,-8
225000078,20,10,10
225000085,19,58,-39
225000086,60,23,37
225000087,126,10,116
225000088,9,153,-144
225000089,365,389,-24
225000090,17,261,-244
225000091,28,185,-157
225000092,26,64,-38
225000093,87,372,-285
225000094,11,386,-375
225000095,202,394,-192
225000096,68,280,-212
225000098,214,95,119
225000099,127,62,65
225000100,102,80,22
225000104,21,363,-342
225000110,4,339,-335
225000111,107,855,-748
225000112,140,842,-702
225000113,54,503,-449
225000114,29,284,-255
225000115,2250,317,1933
225000116,849,45,804
225000117,498,198,300
225000118,342,139,203
225000119,46,40,6
225000120,186,26,160
225000121,158,8,150
225000123,550,11,539
225000125,101,203,-102
225000126,698,149,549
225000127,829,356,473
225000128,214,254,-40
225000132,112,19,93
225000133,160,15,145
225000134,339,47,292
225000135,10,3,7
225000136,66,5,61
225000137,28,22,6
225000138,131,11,120
225000143,73,144,-71
225000144,2,284,-282
225000145,26,32,-6
225000146,17,99,-82
225000147,11,363,-352
225000148,5,171,-166
225000149,40,346,-306
225000151,29,237,-208
225000155,139,216,-77
225000156,82,400,-318
225000157,91,280,-189
225000158,36,332,-296
225000171,1,141,-140
225000180,19,1,18
225000181,0,32,-32
225000182,25,2,23
225000185,13,213,-200
225000187,42,328,-286
225000191,9,2,7
225000194,0,11,-11
225000208,1,60,-59
225000209,18,10,8
225000210,2,129,-127
225000217,1,27,-26
225000218,5,0,5
225000223,0,49,-49
225000224,41,0,41
225000225,2,7,-5
225000226,7,1,6
225000227,22,72,-50
225000228,2,2,0
225000229,0,79,-79
225000230,4,0,4
225000231,0,105,-105
225000232,28,0,28
225000241,28,1,27
225000242,0,60,-60
225000249,3,0,3
225000250,30,779,-749
225000251,159,9,150
226000042,305,320,-15
226000043,62,216,-154
226000044,92,582,-490
226000045,68,381,-313
226000046,154,31,123
226000047,154,34,120
226000048,223,43,180
226000049,117,49,68
226000070,0,58,-58
226000071,0,49,-49
226000072,0,6,-6
226000073,0,4,-4
226000074,0,4,-4
226000084,2,34,-32
226000085,1,2,-1
226000086,5,10,-5
226000087,0,11,-11
226000088,4,3,1
226000090,55,12,43
226000091,1,2,-1
226000092,0,0,0
226000093,12,0,12
226000094,11,1,10
226000095,3,0,3
226000105,0,0,0
226000106,7,0,7
226000107,1,0,1
226000108,13,0,13
226000109,21,0,21
226000124,54,20,34
226000134,229,258,-29
226000135,579,381,198
226000136,139,181,-42
226000137,6,402,-396
226000138,20,291,-271
226000139,2,17,-15
226000156,36,0,36
226000157,61,7,54
226000163,39,210,-171
226000202,10,378,-368
226000231,89,6,83
226000232,25,5,20
227000033,227,27,200
227000036,153,19,134
227000037,83,11,72
227000038,97,20,77
227000049,0,8,-8
227000050,1,67,-66
227000055,10,1,9
227000056,9,1,8
227000084,0,35,-35
227000085,0,34,-34
227000088,25,0,25
227000089,55,1,54
227000090,27,1,26
227000091,7,0,7
227000093,27,0,27
227000094,7,0,7
227000130,43,65,-22
227000131,4,307,-303
227000132,17,259,-242
227000133,12,315,-303
227000134,10,438,-428
227000152,0,0,0
227000153,0,67,-67
227000155,1,15,-14
227000156,0,16,-16
227000165,2,36,-34
227000196,74,249,-175
227000199,41,345,-304
227000230,31,253,-222
227000232,112,13,99
227000242,52,373,-321
227000243,318,39,279
227000245,13,395,-382
227000246,75,429,-354
227000247,178,40,138
227000248,63,16,47
227000249,20,255,-235
227000250,371,134,237
227000251,138,402,-264
227000252,9,386,-377
227000253,34,33,1
227000262,197,17,180
227000266,249,16,233
227000267,59,1385,-1326
227000282,3,142,-139
227000284,77,9,68
227000286,3,37,-34
227000287,3,121,-118
227000291,7,402,-395
227000484,271,17,254
227000485,17,308,-291
227000655,38,7,31
227000656,362,9,353
227000657,23,11,12
227000661,143,4,139
227000680,21,19,2
229000265,5,17,-12
229000296,3,8,-5
229000297,1,18,-17
229000298,7,73,-66
229000320,1,3,-2
229000321,3,6,-3
229000412,9,23,-14
229000414,1,16,-15
229000415,1,1,0
229000416,0,1,-1
229000417,0,14,-14
229000419,68,139,-71
229000440,74,61,13
229000442,5,1,4
229000443,1,1,0
229000444,3,11,-8
229000445,3,2,1
229000446,11,8,3
229000847,7,0,7
229000848,2,0,2
229000849,34,1,33
229000851,1,0,1
229000854,0,34,-34
229000856,2,129,-127
229000857,1,25,-24
229000858,0,135,-135
229000919,3,76,-73
229000930,5,211,-206
229000937,68,23,45
229000966,41,24,17
229000981,19,70,-51
229000985,0,11,-11
229000986,0,1,-1
229000987,1,2,-1
229000988,0,1,-1
229000989,0,1,-1
229000990,0,0,0
229000991,0,0,0
229000992,4,1,3
229000993,99,2,97
229000998,20,19,1
229000999,66,8,58
229001034,0,8,-8
229001035,0,2,-2
229001037,13,10,3
229001042,7,9,-2
229001047,1,22,-21
229001050,36,15,21
229001200,2,0,2
229001338,1,13,-12
229001394,207,2,205
229001422,130,8,122
229001423,28,159,-131
229001431,33,37,-4
229001432,49,62,-13
229001444,38,39,-1
229001445,6,114,-108
229001503,121,64,57
229001504,69,203,-134
229001505,95,53,42
229001506,29,225,-196
229001509,25,10,15
229001545,39,12,27
229001546,1,84,-83
229001553,32,7,25
229001554,5,136,-131
229001559,1,16,-15
229001560,0,10,-10
229001630,18,14,4
229001631,5,12,-7
229001635,0,2,-2
229001636,0,0,0
229001658,0,80,-80
229001659,106,6,100
229001660,1,1,0
229001661,0,13,-13
229001662,23,2,21
229001663,0,15,-15
229002584,63,62,1
229002831,63,31,32
229002841,0,28,-28
229002842,29,13,16
229002843,5,7,-2
229002844,6,19,-13
229002845,7,51,-44
229002846,0,5,-5
229002847,0,1,-1
229002848,0,3,-3
229002849,0,36,-36
229002850,3,3,0
229002851,14,46,-32
229002852,21,16,5
229002853,12,6,6
229002854,21,19,2
229002855,2,58,-56
229002856,0,6,-6
229002857,0,45,-45
229002858,0,5,-5
229002859,2,29,-27
229002860,11,3,8
229002861,11,7,4
229002862,3,18,-15
229002863,1,16,-15
229002864,1,14,-13
229002865,2,0,2
229002866,2,12,-10
229002867,0,6,-6
229002868,0,6,-6
229002869,4,64,-60
229002870,4,0,4
235000066,194,75,119
235000067,51,84,-33
235000072,26,35,-9
235000073,64,138,-74
235000074,10,72,-62
235000080,1,45,-44
235000081,29,128,-99
235000082,59,83,-24
235000083,62,59,3
235000084,6,26,-20
235000085,38,23,15
235000089,8,68,-60
235000092,2,95,-93
235000093,2,4,-2
235000097,20,0,20
235000098,30,23,7
235000099,43,37,6
235000116,26,18,8
235000117,594,8,586
235000133,3,162,-159
235000134,2,50,-48
235000206,1,3,-2
235000207,0,2,-2
235000208,0,1,-1
235000209,2,2,0
235000210,4,1,3
235000212,0,6,-6
235000213,0,5,-5
235000220,0,2,-2
235000221,16,5,11
235000238,2,11,-9
235000239,0,0,0
235000242,131,135,-4
235000245,1157,198,959
235000246,18,46,-28
235000284,2,54,-52
235000295,9,1,8
235000305,18,0,18
235000306,9,0,9
235000307,1,0,1
235000308,3,0,3
235000309,4,0,4
235000310,1,0,1
235000311,16,3,13
235000322,0,36,-36
235000323,0,31,-31
235000324,1,6,-5
235000325,0,10,-10
235000326,7,262,-255
235000351,0,34,-34
235000352,22,46,-24
235000353,0,20,-20
235000354,0,24,-24
235000355,0,44,-44
235000356,2,1,1
235000357,21,0,21
235000358,4,3,1
235000359,1,1,0
235000360,12,2,10
235000361,5,1,4
235000381,33,399,-366
235000382,76,34,42
235000390,2,1,1
235000391,43,38,5
235000392,34,116,-82
235000393,44,47,-3
235000395,25,27,-2
235000396,127,33,94
235000400,17,95,-78
235000401,5,166,-161
235000405,58,495,-437
235000406,36,281,-245
235000407,51,148,-97
235000409,309,170,139
235000410,28,218,-190
235000411,1,115,-114
235000485,1,6,-5
235000486,2,1,1
235000549,21,44,-23
235000550,32,136,-104
235000599,38,37,1
235000600,8,5,3
235000601,18,18,0
235000602,47,81,-34
235000614,1,2,-1
235000648,0,26,-26
235000649,9,1,8
235000685,1,1,0
235000815,3,21,-18
235000834,0,4,-4
235000855,31,30,1
235000862,16,217,-201
235000891,0,2,-2
235000892,3,0,3
235000901,43,73,-30
235000907,4,3,1
235001010,13,40,-27
235001029,624,334,290
235001030,308,120,188
235001078,49,60,-11
235001079,61,116,-55
235001147,17,19,-2
235001166,6,45,-39
235001167,7,58,-51
235001169,14,160,-146
235001188,1,6,-5
235001189,0,0,0
235001197,1,43,-42
235001200,28,14,14
235001207,150,51,99
235001210,28,405,-377
235001215,28,253,-225
235001239,0,26,-26
235001244,0,4,-4
235016267,0,13,-13
277102712,0,0,0
277103813,0,0,0
277103814,0,0,0
277104249,0,3,-3
277104250,0,1,-1
277104251,0,12,-12
277104252,0,3,-3
990011530,1,230,-229
990014944,2,429,-427
990015176,12,4,8
990015618,7,263,-256
990016032,1,257,-256
990032570,0,27,-27
990070001,25,0,25
990070103,0,1,-1
990070601,0,29,-29
990070751,93,2,91
990070766,2,773,-771
990071180,165,146,19
990071343,14,2,12
990071387,0,2,-2
990071823,11,2,9
990072600,0,478,-478
990072964,1,508,-507
990073285,0,2,-2
990074393,5,863,-858
990074870,169,23,146
990075106,108,3,105
990075746,40,1,39
990076437,141,2,139
990076458,3,1163,-1160
997000007,46,3,43
997000041,1,87,-86
997000058,10,1,9
997000062,19,0,19
997000069,0,2,-2
997000070,0,29,-29
997000100,1,0,1
997000141,0,181,-181
997000198,484,149,335
998000475,0,6,-6
998000736,0,224,-224
998000965,0,2,-2
998001031,0,27,-27
998001700,0,17,-17
998001899,0,0,0
998001900,1,0,1
998003073,269,2,267
998101900,0,0,0
998102850,0,58,-58
998501927,132,239,-107
998501929,56,0,56
998501930,45,0,45
998501931,30,5,25
998501932,3,2,1
998501933,6,0,6
998501937,28,42,-14
998501944,3,0,3
998501950,0,3,-3
998501970,9,5,4
998501971,1,39,-38
998501973,0,37,-37
998501974,1,170,-169
998501975,54,3,51
998501976,17,1,16
998501977,0,12,-12
998501978,9,0,9
998501979,0,3,-3
998501980,54,1,53
998501981,12,0,12
998501982,0,52,-52
998501983,0,0,0
998502006,0,0,0
998502024,0,2,-2
998502032,0,1,-1
998502062,0,0,0
998502063,0,0,0
998502173,32,0,32
998502269,0,2,-2
998502546,0,85,-85
998502578,0,0,0
998502599,56,78,-22
998502621,0,0,0
998601159,0,261,-261
998601292,0,9,-9
999033574,2,675,-673
999800001,16,10,6
999800002,0,1,-1
999800003,2,0,2
999800004,0,6,-6
999800005,0,6,-6
