ID,insum,outsum,diff
100000001,558,781,-223
100000002,4354,620,3734
100000003,5021,2556,2465
100000004,1351,963,388
100000005,2097,3813,-1716
100000006,999,77,922
100000007,3254,565,2689
100000008,167,478,-311
100000009,669,187,482
100000010,76,23,53
100000011,780,92,688
100000012,132,842,-710
100000013,17,221,-204
100000014,369,265,104
100000015,2505,2218,287
100000016,1293,1676,-383
100000017,1054,1054,0
100000018,2001,586,1415
100000019,6675,2017,4658
100000020,2035,6554,-4519
100000021,6197,2627,3570
100000022,3532,1475,2057
100000023,7462,1205,6257
100000025,3621,818,2803
100000028,3381,991,2390
100000029,474,275,199
100000030,678,69,609
100000031,9066,7779,1287
100000032,3226,4100,-874
100000033,1234,2798,-1564
100000034,1201,417,784
100000035,2619,909,1710
100000036,3065,1122,1943
100000037,518,624,-106
100000038,1667,1140,527
100000039,1015,185,830
100000040,338,146,192
100000041,1073,376,697
100000042,1101,438,663
100000043,1066,439,627
100000044,413,785,-372
100000045,549,1529,-980
100000046,770,1350,-580
100000047,479,804,-325
100000048,899,736,163
100000049,1811,2438,-627
100000051,776,1085,-309
100000053,131,11,120
100000054,500,41,459
100000055,1246,255,991
100000056,584,787,-203
100000057,1627,929,698
100000058,933,1230,-297
100000059,22,108,-86
100000060,488,426,62
100000061,2604,657,1947
100000062,1941,629,1312
100000063,659,315,344
100000064,1697,548,1149
100000065,699,1000,-301
100000066,267,831,-564
100000067,582,842,-260
100000068,760,1560,-800
100000069,496,1767,-1271
100000072,560,1083,-523
100000073,1827,1433,394
100000075,763,352,411
100000076,3288,3665,-377
100000077,1072,166,906
100000078,104,65,39
100000079,49,62,-13
100000080,25,32,-7
100000081,139,57,82
100000102,7437,1371,6066
100000103,6092,985,5107
100000104,4952,2172,2780
100000105,4332,1010,3322
100000106,3529,1459,2070
100000107,932,593,339
100000108,1780,1121,659
100000109,6627,1442,5185
100000116,1725,793,932
100000117,74,50,24
100000118,2068,903,1165
100000119,1004,534,470
100000121,315,582,-267
100000122,3358,1103,2255
100000123,3856,7042,-3186
100000124,5153,9877,-4724
100000125,2705,972,1733
100000126,1600,282,1318
100000127,4037,379,3658
100000128,1412,1324,88
100000129,833,536,297
100000130,316,620,-304
100000131,2686,3471,-785
100000132,1258,2353,-1095
100000133,6150,3028,3122
100000135,501,812,-311
100000139,458,195,263
100000140,481,182,299
100000142,419,628,-209
100000143,2086,835,1251
100000144,5309,1005,4304
100000147,1285,2899,-1614
100000150,55,523,-468
100000151,912,1038,-126
100000153,916,364,552
100000154,566,77,489
100000155,45,49,-4
100000156,224,133,91
100000157,36,87,-51
100000158,204,110,94
100000159,1593,439,1154
100000165,1568,977,591
100000169,1128,369,759
100000174,2584,427,2157
100000179,211,543,-332
100000180,1731,1140,591
100000181,362,240,122
100000188,103,370,-267
100000189,1055,350,705
100000190,923,477,446
100000191,714,500,214
100000192,101,142,-41
100000193,222,191,31
100000330,2140,695,1445
100000355,374,601,-227
100000362,6312,3196,3116
100000363,3257,5068,-1811
100000364,558,137,421
100000365,4021,4699,-678
100000366,6368,3054,3314
100000367,4635,4220,415
100000368,2637,1833,804
100000369,1156,1597,-441
100000370,181,509,-328
100000376,167,141,26
100000379,7152,1650,5502
100000380,9675,2517,7158
100000384,7986,4137,3849
100000385,7341,3741,3600
100000386,11325,5311,6014
100000387,10369,4392,5977
100000388,8777,5937,2840
100000389,8596,5239,3357
100000390,9168,4260,4908
100000391,6283,5698,585
100000392,7408,2184,5224
100000393,3251,2688,563
100000394,11614,5034,6580
100000395,5917,1927,3990
100000396,8827,2751,6076
100000397,5053,2310,2743
100000398,12655,8589,4066
100000413,28,14,14
100900002,19,54,-35
100900003,223,87,136
100900004,62,715,-653
100900005,211,23,188
100900006,13,198,-185
100900007,494,10,484
100900008,0,396,-396
100900009,71,56,15
100900010,52,102,-50
100900011,99,384,-285
100900012,8,228,-220
100900013,588,9,579
100900014,2,19,-17
100900015,154,154,0
100900016,1,41,-40
100900017,854,67,787
100900018,0,35,-35
100900019,26,74,-48
100900020,603,9,594
100900021,277,0,277
100900022,3,24,-21
100900023,0,23,-23
100900024,927,2,925
100900025,10,10,0
100900026,108,169,-61
100900027,375,2630,-2255
100900028,173,162,11
100900029,118,16,102
100900030,34,33,1
100900031,520,80,440
100900032,147,0,147
100900033,276,142,134
100900034,462,5,457
100900035,867,1,866
100900036,14,1,13
100900037,49,288,-239
100900038,427,20,407
100900039,436,776,-340
100900040,382,865,-483
100900041,344,994,-650
100900042,936,286,650
100900043,0,18,-18
100900044,3478,588,2890
100900045,175,0,175
100900046,909,18,891
100900047,636,149,487
100900048,172,22,150
100900049,54,200,-146
100900050,3,55,-52
100900051,107,56,51
100900052,257,24,233
100900053,251,32,219
100900054,40,135,-95
100900055,307,492,-185
100900056,137,240,-103
100900057,701,1654,-953
100900058,349,37,312
100900059,114,1,113
100900060,83,21,62
100900061,378,271,107
100900062,1,76,-75
100900063,161,490,-329
100900064,567,15,552
100900065,137,109,28
100900066,76,179,-103
100900067,0,6,-6
100900068,107,118,-11
100900069,2115,4,2111
100900070,184,8,176
100900071,705,296,409
100900072,14,82,-68
100900073,111,572,-461
100900074,2,13,-11
100900075,1992,376,1616
100900076,23,49,-26
100900077,7,139,-132
100900078,96,566,-470
100900079,9,42,-33
100900080,13,147,-134
100900081,57,217,-160
100900082,95,923,-828
100900083,2,58,-56
100900085,14,107,-93
100900086,244,1484,-1240
100900088,100,879,-779
100900089,2,32,-30
100900090,151,343,-192
100900091,3,15,-12
100900092,262,263,-1
100900093,129,383,-254
100900094,104,692,-588
100900095,10,28,-18
100900096,38,101,-63
100900097,2,3,-1
100900098,12,13,-1
100900099,50,652,-602
100900100,5,380,-375
100900101,463,62,401
100900102,16,46,-30
100900103,10,23,-13
100900104,7,196,-189
100900105,6,155,-149
100900106,68,5,63
100900107,2102,649,1453
100900108,3,7,-4
100900109,17,34,-17
100900110,0,60,-60
100900111,34,137,-103
100900112,3,9,-6
100900113,19,22,-3
100900114,32,18,14
100900115,8,29,-21
100900116,725,1310,-585
100900117,280,642,-362
100900118,19,53,-34
100900119,8,26,-18
100900120,5,13,-8
100900121,271,732,-461
100900122,148,216,-68
100900123,108,136,-28
100900124,10,3,7
100900125,20,94,-74
100900126,84,202,-118
100900127,1,12,-11
100900128,100,134,-34
100900129,1,132,-131
100900131,70,159,-89
100900133,66,33,33
100900134,6,12,-6
100900135,0,117,-117
100900137,397,211,186
100900138,522,473,49
100900139,9,11,-2
100900140,5,875,-870
100900141,0,375,-375
100900142,0,16,-16
100900143,1078,366,712
100900144,12,6,6
100900145,61,123,-62
100900146,1,36,-35
100900147,32,242,-210
100900148,42,1301,-1259
100900149,9,79,-70
100900150,2,40,-38
100900151,147,512,-365
100900152,98,6,92
100900153,5,152,-147
100900154,11,19,-8
100900155,6,11,-5
100900156,12,1,11
100900157,1,87,-86
100900159,3,25,-22
100900160,23,14,9
100900161,96,3,93
100900162,41,193,-152
100900163,215,230,-15
100900164,88,41,47
100900165,55,52,3
100900166,32,3,29
100900167,17,82,-65
100900168,42,132,-90
100900169,202,919,-717
100900170,24,6,18
100900171,24,556,-532
100900172,1,3,-2
100900173,14,733,-719
100900174,515,38,477
100900176,1535,173,1362
100900177,963,439,524
100900178,399,100,299
100900179,88,85,3
100900180,1,11,-10
100900181,73,29,44
100900182,30,19,11
100900184,8,116,-108
100900186,964,739,225
100900187,6,156,-150
100900188,50,26,24
100900189,858,212,646
100900191,1469,1214,255
100900192,412,240,172
100900195,233,134,99
100900197,37,185,-148
100900198,17,521,-504
100900199,18,17,1
100900200,605,421,184
100900201,61,647,-586
100900202,57,1,56
100900203,0,132,-132
100900204,367,375,-8
100900205,172,342,-170
100900206,115,73,42
100900207,190,128,62
100900210,136,716,-580
100900211,410,166,244
100900213,50,29,21
100900214,1159,155,1004
100900215,11,39,-28
100900217,276,66,210
101000001,5146,2060,3086
101000002,4118,4837,-719
101000003,999,2522,-1523
101000004,9461,12230,-2769
101000005,1675,5314,-3639
101000006,9277,11023,-1746
101000007,2721,3431,-710
101000008,6540,3396,3144
101000009,2230,2362,-132
101000010,1163,1782,-619
101000011,3003,873,2130
101000012,2269,719,1550
101000013,564,1137,-573
101000014,907,780,127
101000015,1325,839,486
101000016,1534,452,1082
101000017,1192,621,571
101000018,8557,2355,6202
101000020,8469,1139,7330
101000021,3156,380,2776
101000022,319,32,287
101000023,2667,812,1855
101000025,259,467,-208
101000026,685,17,668
101000027,3444,1576,1868
101000028,1734,169,1565
101000029,114,796,-682
101000030,1398,55,1343
101000031,691,200,491
101000032,8270,2663,5607
101000033,4636,2531,2105
101000034,6722,1561,5161
101000035,2171,451,1720
101000036,3362,621,2741
101000037,7682,1513,6169
101000039,4605,1902,2703
101000040,5520,3353,2167
101000041,13541,5949,7592
101000042,1380,845,535
101000043,9529,4332,5197
101000045,2279,802,1477
101000046,2923,656,2267
101000047,1769,1339,430
101000048,1119,822,297
101000049,1170,1077,93
101000050,1724,982,742
101000051,2611,1916,695
101000052,2768,683,2085
101000053,1440,1500,-60
101000054,1687,985,702
101000055,1906,1841,65
101000056,123,83,40
101000057,3206,809,2397
101000058,3214,952,2262
101000059,5991,1517,4474
101000060,2448,562,1886
101000061,1389,1222,167
101000062,1321,829,492
101000063,1188,719,469
101000064,2197,711,1486
101000065,547,376,171
101000066,829,394,435
101000067,1640,517,1123
101000068,699,364,335
101000069,802,42,760
101000070,1949,945,1004
101000071,2522,1046,1476
101000072,1162,4147,-2985
101000073,635,644,-9
101000074,5029,3375,1654
101000075,5584,2553,3031
101000077,1234,1067,167
101000078,888,1889,-1001
101000079,613,374,239
101000080,689,332,357
101000081,1329,1703,-374
101000082,4188,2997,1191
101000083,2131,2301,-170
101000084,1704,1159,545
101000085,1960,1289,671
101000086,1294,1134,160
101000087,982,1402,-420
101000088,1074,1154,-80
101000089,906,1933,-1027
101000090,2593,1661,932
101000091,388,1579,-1191
101000092,661,1325,-664
101000093,1752,930,822
101000094,549,1309,-760
101000095,244,859,-615
101000096,336,787,-451
101000097,1055,397,658
101000098,918,648,270
101000099,1286,1641,-355
101000100,1150,697,453
101000101,566,287,279
101000102,2361,404,1957
101000103,1324,367,957
101000104,615,576,39
101000105,1928,347,1581
101000106,1271,472,799
101000107,169,440,-271
101000108,1957,440,1517
101000109,229,92,137
101000110,60,1029,-969
101000111,137,284,-147
101000113,278,778,-500
101000114,5512,2111,3401
101000115,102,173,-71
101000116,213,205,8
101000117,702,319,383
101000119,196,46,150
101000120,445,34,411
101000121,146,27,119
101000122,284,65,219
101000123,99,53,46
101000124,230,167,63
101000125,290,637,-347
101000128,1891,308,1583
101000130,268,298,-30
101000131,668,875,-207
101000132,405,2341,-1936
101000135,114,17,97
101000136,504,94,410
101000137,44,257,-213
101000141,3206,2925,281
101000147,1280,661,619
101000148,2696,27,2669
101000149,280,145,135
101000150,91,1560,-1469
101000151,120,102,18
101000152,394,464,-70
101000153,705,642,63
101000154,239,2152,-1913
101000155,172,184,-12
101000156,29,298,-269
101000157,101,28,73
101000160,135,62,73
101000163,333,98,235
101000164,615,585,30
101000165,237,416,-179
101000166,317,370,-53
101000168,977,509,468
101000252,1622,1071,551
101000254,583,28,555
101000258,16,2,14
101000261,81,30,51
101000262,2519,1318,1201
101000263,264,747,-483
101000265,87,741,-654
101000266,505,324,181
101000269,228,11,217
101000290,2741,4053,-1312
101000293,39,66,-27
101000294,573,407,166
101000295,191,658,-467
101000301,1141,288,853
101000304,4425,3179,1246
101000305,4430,2313,2117
101000328,145,344,-199
101900001,29,94,-65
101900002,0,20,-20
101900003,342,118,224
101900004,3,43,-40
101900005,6935,1604,5331
101900006,1041,47,994
101900007,768,76,692
101900008,255,341,-86
101900009,82,537,-455
101900010,1368,793,575
101900011,460,1843,-1383
101900012,136,388,-252
101900013,1346,139,1207
101900017,39,213,-174
101900018,2078,260,1818
101900019,516,138,378
101900020,66,86,-20
101900021,4,73,-69
101900022,126,1675,-1549
101900023,88,314,-226
101900026,162,33,129
101900027,14,140,-126
102000001,5734,4605,1129
102000002,4503,1933,2570
102000003,3975,7299,-3324
102000004,8809,4159,4650
102000005,2483,3132,-649
102000006,2968,2892,76
102000007,1794,6311,-4517
102000008,6655,2847,3808
102000009,5324,8729,-3405
102000010,6052,5724,328
102000011,4400,3026,1374
102000012,5447,5217,230
102000018,4308,3456,852
102000019,3529,2611,918
102000026,305,1532,-1227
102000029,435,290,145
102000030,101,452,-351
102000031,90,297,-207
102000032,506,593,-87
102000033,299,611,-312
102000034,470,754,-284
102000035,1130,719,411
102000036,14,718,-704
102000037,227,145,82
102000038,614,196,418
102000039,836,143,693
102000040,920,151,769
102000041,361,693,-332
102000042,448,309,139
102000043,542,300,242
102000044,2053,883,1170
102000045,1121,1518,-397
102000046,1593,772,821
102000047,698,1920,-1222
102000048,343,1355,-1012
102000049,2225,1158,1067
102000050,1765,1504,261
102000051,645,936,-291
102000052,1781,1018,763
102000053,1941,1062,879
102000054,500,1075,-575
102000055,838,1386,-548
102000056,633,2082,-1449
102000057,1261,683,578
102000058,1125,2555,-1430
102000059,1879,1638,241
102000060,1564,1236,328
102000061,1294,2863,-1569
102000062,1257,1595,-338
102000063,1460,2287,-827
102000064,833,1007,-174
102000065,60,187,-127
102000066,1139,2337,-1198
102000067,2819,3927,-1108
102000068,14943,4174,10769
102000069,49,2447,-2398
102000070,2346,68,2278
102000071,10599,10884,-285
102000072,3632,6574,-2942
102000073,1088,1354,-266
102000074,665,992,-327
102000075,265,424,-159
102000076,268,813,-545
102000077,449,1639,-1190
102000078,689,1163,-474
102000079,146,320,-174
102000080,222,248,-26
102000081,336,858,-522
102000082,903,278,625
102000083,483,465,18
102000084,163,543,-380
102000085,1926,1613,313
102000086,1156,1345,-189
102000087,1151,1898,-747
102000088,279,379,-100
102000089,1140,516,624
102000090,418,1123,-705
102000091,1956,554,1402
102000092,359,1112,-753
102000093,847,962,-115
102000094,1040,666,374
102000095,1193,1193,0
102000096,651,825,-174
102000097,1041,876,165
102000098,763,815,-52
102000099,1219,655,564
102000100,857,1074,-217
102000101,1499,709,790
102000102,359,4514,-4155
102000103,1558,435,1123
102000104,1467,455,1012
102000105,377,1216,-839
102000106,664,1265,-601
102000107,1070,734,336
102000108,681,445,236
102000109,685,873,-188
102000110,803,2257,-1454
102000111,4,500,-496
102000112,177,141,36
102000113,14,40,-26
102000114,1489,459,1030
102000115,274,263,11
102000116,965,375,590
102000117,471,648,-177
102000118,2552,1126,1426
102000119,3683,686,2997
102000120,235,609,-374
102000121,1042,434,608
102000122,359,888,-529
102000123,1323,1121,202
102000124,1005,1209,-204
102000125,632,1159,-527
102000126,577,759,-182
102000127,857,670,187
102000128,571,1102,-531
102000129,1058,956,102
102000130,559,625,-66
102000131,1196,528,668
102000132,532,432,100
102000133,1295,2860,-1565
102000134,777,1161,-384
102000135,1195,1949,-754
102000136,1379,876,503
102000137,867,858,9
102000138,203,462,-259
102000139,110,407,-297
102000140,493,302,191
102000141,212,586,-374
102000142,380,469,-89
102000143,148,617,-469
102000144,262,561,-299
102000145,356,629,-273
102000146,379,442,-63
102000147,415,468,-53
102000148,295,507,-212
102000149,157,788,-631
102000150,170,476,-306
102000151,209,515,-306
102000152,93,310,-217
102000153,1318,537,781
102000154,665,878,-213
102000155,172,335,-163
102000156,974,94,880
102000157,325,228,97
102000158,1170,783,387
102000159,1831,564,1267
102000161,4469,2568,1901
102000162,346,229,117
102000163,124,562,-438
102000164,1260,1026,234
102000165,319,111,208
102000166,67,182,-115
102000167,361,218,143
102000168,281,126,155
102000169,132,839,-707
102000170,907,193,714
102000171,257,96,161
102000172,271,399,-128
102000173,763,341,422
102000174,35,76,-41
102000175,122,227,-105
102000176,43,78,-35
102000178,392,650,-258
102000179,427,266,161
102000180,579,689,-110
102000181,509,811,-302
102000182,523,826,-303
102000183,1486,2306,-820
102000184,1698,1129,569
102000185,2381,1878,503
102000186,972,2485,-1513
102000187,688,2236,-1548
102000188,673,1745,-1072
102000189,3107,1058,2049
102000190,648,2946,-2298
102000191,1309,713,596
102000192,1075,1424,-349
102000193,80,180,-100
102000194,81,168,-87
102000195,733,623,110
102000196,167,655,-488
102000197,459,509,-50
102000198,149,1055,-906
102000199,566,343,223
102000200,371,1228,-857
102000201,559,564,-5
102000202,13,134,-121
102000203,359,442,-83
102000204,500,1383,-883
102000205,1306,791,515
102000206,916,945,-29
102000207,1486,554,932
102000208,585,862,-277
102000209,46,69,-23
102000210,313,547,-234
102000211,753,619,134
102000212,202,32,170
102000213,5,460,-455
102000214,216,16,200
102000215,7,696,-689
102000216,72,63,9
102000217,12,245,-233
102000218,184,205,-21
102000219,638,350,288
102000225,796,928,-132
102000226,2675,871,1804
102000227,430,5,425
102000228,1,140,-139
102000229,47,34,13
102000230,282,700,-418
102000231,269,569,-300
102000232,15,570,-555
102000233,496,1184,-688
102000234,126,1119,-993
102000236,256,113,143
102000237,1119,239,880
102000238,192,525,-333
102000240,786,492,294
102000241,201,135,66
102000243,14,133,-119
102000245,58,124,-66
102000246,32,48,-16
102000247,1930,1417,513
102000248,1354,1459,-105
102000249,151,224,-73
102000250,55,612,-557
102000254,68,473,-405
102000266,56,225,-169
102000271,91,57,34
102000286,503,652,-149
102000297,2342,1593,749
102000301,0,0,0
102000303,0,0,0
102000305,0,0,0
102000307,0,5,-5
102900001,1127,1493,-366
102900002,305,38,267
102900003,34,351,-317
102900005,230,447,-217
102900006,481,244,237
102900007,368,23,345
102900008,177,96,81
102900009,426,203,223
102900010,633,461,172
102900011,2070,479,1591
102900012,426,78,348
102900013,25,89,-64
102900015,784,416,368
102900016,68,143,-75
102900017,116,803,-687
102900018,13,177,-164
102900019,598,699,-101
102900020,111,20,91
102900021,21,161,-140
102900022,724,166,558
102900023,21,90,-69
102900024,19,48,-29
102900025,407,167,240
102900026,921,1310,-389
102900027,67,60,7
102900028,116,711,-595
102900029,198,262,-64
102900030,386,305,81
102900031,127,184,-57
102900032,59,151,-92
102900033,173,259,-86
102900034,376,160,216
102900035,161,477,-316
102900036,274,767,-493
102900037,286,916,-630
102900038,638,840,-202
102900039,93,443,-350
102900040,136,245,-109
102900041,66,286,-220
102900042,123,508,-385
102900043,138,340,-202
102900044,637,2285,-1648
102900045,147,616,-469
102900046,123,351,-228
102900047,63,763,-700
102900048,562,827,-265
102900049,121,360,-239
102900050,241,426,-185
102900051,198,260,-62
102900053,389,987,-598
102900054,1083,953,130
102900055,81,179,-98
102900056,144,584,-440
102900057,8,44,-36
102900058,322,88,234
102900059,19,55,-36
102900060,168,538,-370
102900061,152,732,-580
102900062,200,1605,-1405
102900063,911,570,341
102900064,136,703,-567
102900065,2368,534,1834
102900066,331,55,276
102900068,141,103,38
102900070,276,741,-465
102900072,21,48,-27
102900073,191,4,187
102900075,63,60,3
102900076,296,89,207
102900077,62,53,9
102900078,72,160,-88
102900079,333,9,324
102900080,351,22,329
102900081,82,322,-240
102900082,5,290,-285
102900083,471,13,458
102900084,9,41,-32
102900085,235,109,126
102900086,14,56,-42
102900087,111,171,-60
102900088,77,30,47
102900089,386,180,206
102900090,3,528,-525
102900091,171,9,162
102900092,228,1524,-1296
102900094,0,66,-66
102900095,236,4,232
102900096,48,21,27
102900097,1,157,-156
103000001,2900,3716,-816
103000002,4062,3146,916
103000003,5480,3525,1955
103000004,1112,832,280
103000005,2772,4384,-1612
103000006,732,2013,-1281
103000007,527,959,-432
103000008,1538,1283,255
103000009,1487,1242,245
103000010,314,280,34
103000011,1747,1248,499
103000012,1062,1823,-761
103000013,5835,2143,3692
103000014,1489,3101,-1612
103000015,3356,890,2466
103000016,740,1586,-846
103000017,183,531,-348
103000018,1348,628,720
103000019,233,285,-52
103000020,2817,1530,1287
103000021,2827,1832,995
103000022,1764,1632,132
103000023,683,2102,-1419
103000024,111,253,-142
103000025,93,570,-477
103000026,1747,191,1556
103000027,329,531,-202
103000028,608,451,157
103000029,279,221,58
103000030,2156,834,1322
103000031,2081,3237,-1156
103000032,2668,2055,613
103000033,2829,3261,-432
103000034,1754,1074,680
103000035,390,1861,-1471
103000036,526,590,-64
103000037,594,454,140
103000038,471,1332,-861
103000039,318,624,-306
103000040,434,1880,-1446
103000041,1862,2998,-1136
103000042,784,894,-110
103000043,426,1751,-1325
103000044,157,319,-162
103000046,217,730,-513
103000047,876,851,25
103000048,175,231,-56
103000049,104,245,-141
103000050,920,911,9
103000051,489,758,-269
103000052,959,556,403
103000053,186,704,-518
103000054,2728,1580,1148
103000055,1930,2742,-812
103000056,635,2475,-1840
103000057,383,443,-60
103000058,579,1097,-518
103000059,319,1082,-763
103000060,875,1032,-157
103000061,398,1188,-790
103000062,1260,982,278
103000063,674,935,-261
103000064,173,377,-204
103000065,2,487,-485
103000066,237,9,228
103000069,280,548,-268
103000070,1158,1579,-421
103000071,1228,482,746
103000072,93,1091,-998
103000073,699,127,572
103000074,706,87,619
103000075,122,1057,-935
103000076,334,422,-88
103000077,58,538,-480
103000078,2463,615,1848
103000079,1999,1028,971
103000080,1581,399,1182
103000081,614,1212,-598
103000082,642,283,359
103000083,141,411,-270
103000084,266,16,250
103000085,5,164,-159
103000086,1595,597,998
103000087,412,631,-219
103000088,824,446,378
103000089,507,889,-382
103000090,1988,833,1155
103000091,657,578,79
103000092,576,316,260
103000093,296,545,-249
103000094,222,125,97
103000095,56,519,-463
103000096,873,187,686
103000097,106,762,-656
103000098,1027,311,716
103000099,465,720,-255
103000100,109,1138,-1029
103000101,759,162,597
103000102,85,778,-693
103000103,644,294,350
103000104,141,156,-15
103000105,177,187,-10
103000106,29,101,-72
103000107,249,76,173
103000108,1308,692,616
103000109,808,448,360
103000110,485,424,61
103000111,1029,507,522
103000112,698,255,443
103000113,1672,1039,633
103000114,4295,485,3810
103000115,416,695,-279
103000116,419,676,-257
103000117,289,650,-361
103000118,2542,1164,1378
103000119,2583,663,1920
103000120,141,124,17
103000121,638,1127,-489
103000122,817,587,230
103000125,13,556,-543
103000126,474,9,465
103000127,3,309,-306
103000128,191,12,179
103000129,6,194,-188
103000130,47,52,-5
103000131,230,115,115
103000132,83,125,-42
103000133,9,151,-142
103000134,857,960,-103
103000135,1043,362,681
103000136,1154,530,624
103000137,1212,650,562
103000138,1225,899,326
103000139,9,78,-69
103000140,327,41,286
103000141,41,152,-111
103000142,118,88,30
103000143,211,237,-26
103000144,243,134,109
103000145,68,29,39
103000150,117,87,30
103000152,804,321,483
103000153,675,211,464
103000156,4,614,-610
103000157,349,3,346
103000159,101,44,57
103000162,204,35,169
103000163,15,59,-44
103000164,91,28,63
103000165,279,597,-318
103000166,238,304,-66
103000167,504,122,382
103000168,107,199,-92
103000169,241,593,-352
103000170,515,674,-159
103000171,63,74,-11
103000172,307,465,-158
103000173,347,1033,-686
103000174,172,455,-283
103000175,230,510,-280
103000176,1308,541,767
103000177,937,475,462
103000178,339,349,-10
103000179,183,40,143
103000183,102,25,77
103000185,60,116,-56
103000186,88,266,-178
103000187,405,917,-512
103000188,11,42,-31
103000189,2800,1194,1606
103000191,497,570,-73
103000292,3434,1507,1927
103000293,1724,1747,-23
103000295,117,120,-3
103000296,343,6,337
103000297,16,11,5
103000504,143,33,110
103000505,22,15,7
103000506,0,297,-297
103000507,206,6,200
103000508,89,39,50
103000509,288,639,-351
103900001,6,349,-343
103900002,2469,200,2269
103900003,2433,325,2108
103900004,107,1,106
103900005,2,301,-299
103900006,19,56,-37
103900007,22,0,22
103900008,52,0,52
103900009,314,391,-77
103900010,141,343,-202
103900011,196,262,-66
103900012,17,16,1
103900013,35,92,-57
103900014,36,37,-1
103900015,43,17,26
103900016,310,291,19
103900017,25,91,-66
103900018,789,214,575
103900019,44,222,-178
103900020,258,472,-214
103900021,1033,206,827
103900022,1268,779,489
103900023,89,3,86
103900024,143,753,-610
103900025,10,69,-59
103900026,129,3,126
103900027,791,449,342
103900028,26,246,-220
103900029,1159,231,928
103900030,900,39,861
103900031,18,3,15
103900032,80,65,15
103900033,334,4,330
103900034,19,396,-377
103900035,75,68,7
103900036,120,26,94
103900037,159,36,123
103900038,76,156,-80
103900039,67,594,-527
103900040,25,298,-273
103900041,36,46,-10
103900042,34,508,-474
103900043,136,173,-37
103900044,313,396,-83
103900045,243,288,-45
103900047,44,36,8
103900048,59,24,35
103900049,253,1790,-1537
103900050,4,88,-84
103900051,0,25,-25
103900052,201,862,-661
103900053,180,1484,-1304
103900054,117,670,-553
103900055,508,215,293
103900056,34,50,-16
103900057,24,281,-257
103900058,162,967,-805
103900059,0,4,-4
103900060,44,346,-302
103900061,134,82,52
103900062,307,106,201
103900063,5,0,5
103900064,78,4,74
103900065,801,527,274
103900066,118,12,106
103900067,117,11,106
103900068,3,0,3
103900069,191,30,161
103900070,155,385,-230
103900071,12,246,-234
103900072,13,340,-327
103900073,58,23,35
103900074,53,141,-88
103900075,120,110,10
103900076,290,987,-697
103900077,69,107,-38
103900078,156,219,-63
103900079,129,265,-136
103900080,12,59,-47
103900081,268,47,221
103900082,12,145,-133
103900083,2096,1470,626
103900084,43,195,-152
103900085,139,122,17
103900086,608,345,263
103900088,398,354,44
103900089,39,264,-225
103900090,4,258,-254
103900091,965,297,668
103900092,1510,758,752
103900093,112,320,-208
103900094,12,134,-122
103900095,1158,193,965
103900096,15,267,-252
103900097,8,470,-462
103900098,166,127,39
103900099,44,234,-190
103900100,194,498,-304
103900101,98,1203,-1105
103900102,2,40,-38
103900104,3,65,-62
103900105,127,256,-129
103900106,0,26,-26
103900107,77,351,-274
103900108,50,572,-522
103900109,42,131,-89
103900110,238,65,173
103900111,86,1023,-937
103900112,18,66,-48
103900113,202,255,-53
103900114,768,448,320
103900115,265,301,-36
103900116,9291,2829,6462
103900117,202,141,61
103900119,31,59,-28
103900120,51,145,-94
103900122,50,453,-403
103900123,2846,734,2112
103900124,68,718,-650
103900125,139,110,29
103900126,436,735,-299
103900127,163,896,-733
103900128,65,232,-167
103900131,20,128,-108
103900133,1101,67,1034
103900134,0,4,-4
103900135,13,15,-2
103900137,0,43,-43
103900138,68,539,-471
103900139,373,1419,-1046
103900140,6,70,-64
103900141,297,109,188
103900142,203,516,-313
103900143,33,5,28
103900144,1,144,-143
103900145,182,362,-180
103900146,257,470,-213
103900147,390,101,289
103900148,252,303,-51
103900149,219,996,-777
103900150,10212,4123,6089
103900151,80,288,-208
103900152,313,743,-430
103900153,25,3,22
103900154,1657,2603,-946
103900155,29,446,-417
103900156,35,373,-338
103900157,31,433,-402
103900158,61,324,-263
103900159,106,96,10
103900160,54,24,30
103900161,113,277,-164
103900162,79,379,-300
103900163,5,711,-706
103900167,34,84,-50
103900168,125,151,-26
103900169,46,44,2
103900170,3,147,-144
103900171,2,101,-99
103900172,12,90,-78
103900173,5,17,-12
103900174,91,67,24
103900175,86,58,28
103900176,6,15,-9
103900177,6,68,-62
103900178,54,160,-106
103900179,33,359,-326
103900180,12,206,-194
103900181,83,61,22
103900182,55,27,28
103900184,821,86,735
103900185,476,211,265
103900187,146,61,85
103900188,82,23,59
103900189,101,4,97
103900190,80,80,0
103900191,35,38,-3
103900192,22,75,-53
103900193,179,152,27
103900194,63,425,-362
103900195,7,52,-45
103900196,29,29,0
103900197,28,28,0
103900198,5,70,-65
103900199,172,111,61
103900200,102,164,-62
103900201,82,211,-129
103900202,4,54,-50
103900203,38,23,15
103900204,1,170,-169
103900207,0,211,-211
103900208,98,1,97
103900209,11,120,-109
103900210,42,24,18
103900211,458,785,-327
103900212,75,520,-445
103900213,357,297,60
103900214,816,185,631
103900215,691,295,396
103900216,17,565,-548
103900217,529,167,362
103900218,18,523,-505
103900219,162,576,-414
103900233,140,8,132
103900235,102,53,49
103900236,84,8,76
103900242,18,45,-27
103900243,20,26,-6
103900244,129,507,-378
103900245,121,294,-173
103900246,123,50,73
103900247,45,150,-105
103900248,12,63,-51
103900249,36,48,-12
103900250,73,74,-1
103900251,3,51,-48
103900253,66,125,-59
103900254,40,46,-6
103900255,151,32,119
103900256,88,65,23
103900257,281,384,-103
103900258,124,9,115
103900259,123,15,108
103900261,14,3,11
103900262,54,12,42
103900263,155,173,-18
103900264,89,37,52
103900265,130,24,106
103900266,1,66,-65
103900267,17,77,-60
103900268,14,217,-203
103900269,101,41,60
103900270,35,211,-176
103900271,66,204,-138
103900272,73,142,-69
103900273,31,179,-148
103900274,62,13,49
103900275,40,12,28
103900276,6,193,-187
103900277,6,182,-176
103900278,10,114,-104
103900279,2,18,-16
103900280,2,396,-394
104000001,2008,2466,-458
104000002,2045,4078,-2033
104000003,2787,3131,-344
104000004,3708,4015,-307
104000005,1720,2557,-837
104000006,3007,4294,-1287
104000007,5143,5318,-175
104000008,341,413,-72
104000009,181,176,5
104000010,162,271,-109
104000011,1070,459,611
104000012,209,540,-331
104000013,167,215,-48
104000014,321,990,-669
104000015,339,270,69
104000016,623,551,72
104000018,792,187,605
104000019,571,210,361
104000020,270,790,-520
104000021,454,723,-269
104000022,186,330,-144
104000023,472,521,-49
104000024,407,450,-43
104000026,107,434,-327
104000027,365,470,-105
104000028,387,376,11
104000029,605,860,-255
104000030,262,360,-98
104000031,884,392,492
104000032,298,406,-108
104000033,600,527,73
104000034,335,497,-162
104000035,710,516,194
104000036,694,681,13
104000037,277,369,-92
104000038,338,479,-141
104000039,165,419,-254
104000040,597,589,8
104000041,534,476,58
104000042,301,526,-225
104000043,323,542,-219
104000044,285,993,-708
104000045,1358,1668,-310
104000046,1893,2145,-252
104000047,899,1641,-742
104000048,1202,1947,-745
104000049,536,433,103
104000050,207,907,-700
104000051,151,883,-732
104000052,1395,1798,-403
104000053,979,902,77
104000054,415,476,-61
104000055,6105,2953,3152
104000056,3623,434,3189
104000057,397,784,-387
104000058,821,1141,-320
104000059,716,1878,-1162
104000060,1064,1541,-477
104000061,1833,1585,248
104000062,488,591,-103
104000064,561,467,94
104000065,356,436,-80
104000069,1180,679,501
104000070,118,538,-420
104000071,415,671,-256
104000072,700,793,-93
104000075,72,441,-369
104000076,695,68,627
104000082,3275,3404,-129
104000083,939,312,627
104000084,141,617,-476
104000085,459,370,89
104000086,229,534,-305
104000087,571,1691,-1120
104000090,694,2195,-1501
104000092,854,3679,-2825
104000094,1051,2620,-1569
104000095,2076,2008,68
104000096,1526,403,1123
104000097,1526,1570,-44
104000098,1728,1738,-10
104000100,1585,855,730
104000101,1416,3985,-2569
104000106,391,985,-594
104000107,657,605,52
104000108,375,783,-408
104000109,417,107,310
104000110,1120,1229,-109
104000111,6264,2217,4047
104000112,2569,704,1865
104000116,3,2044,-2041
104000117,125,1562,-1437
104000118,422,326,96
104000119,439,367,72
104000120,179,1322,-1143
104000121,220,918,-698
104000122,595,936,-341
104000123,1345,1386,-41
104000124,1459,3257,-1798
104000125,6783,3778,3005
104000126,305,554,-249
104000127,1950,4081,-2131
104000128,1023,516,507
104000129,649,51,598
104000130,6,407,-401
104000131,1699,582,1117
104000132,1534,736,798
104000133,1462,1244,218
104000134,815,2113,-1298
104000135,366,1715,-1349
104000136,660,3148,-2488
104000137,1331,338,993
104000138,1460,886,574
104000139,9198,3615,5583
104000141,1113,2084,-971
104000142,772,1060,-288
104000143,804,964,-160
104000144,121,317,-196
104000145,517,260,257
104000146,574,993,-419
104000147,141,540,-399
104000148,234,195,39
104000149,181,413,-232
104000150,834,585,249
104000151,419,681,-262
104000152,619,673,-54
104000153,482,582,-100
104000154,1471,780,691
104000155,345,531,-186
104000157,1131,2085,-954
104000158,428,451,-23
104000159,901,530,371
104000160,1709,2127,-418
104000161,314,211,103
104000162,42,172,-130
104000165,1864,1336,528
104000167,579,893,-314
104000168,640,11,629
104000169,78,69,9
104000170,542,454,88
104000248,346,1330,-984
104000251,128,320,-192
104000272,0,0,0
104000273,0,0,0
104000274,0,0,0
104000275,0,0,0
104000279,719,479,240
104000290,99,428,-329
104000291,1190,1917,-727
104000293,1408,750,658
104000294,25,0,25
104000295,659,1125,-466
104000296,498,1276,-778
104000297,1119,1998,-879
104000298,2481,1315,1166
104000299,998,2408,-1410
104000302,127,230,-103
104000303,212,234,-22
104900001,130,462,-332
104900002,59,179,-120
104900003,40,454,-414
104900004,75,399,-324
104900005,238,159,79
104900006,271,120,151
104900007,184,295,-111
104900009,123,438,-315
104900010,34,37,-3
104900011,20,4,16
104900012,205,24,181
104900013,144,18,126
104900014,1705,279,1426
104900015,128,12,116
104900016,129,393,-264
104900017,165,192,-27
104900018,10,230,-220
104900019,555,2139,-1584
104900020,61,432,-371
104900021,2,344,-342
104900022,16,149,-133
104900023,1,176,-175
104900024,17,150,-133
104900025,104,650,-546
104900026,1,155,-154
104900027,334,281,53
104900028,11,98,-87
104900029,35,163,-128
104900030,442,196,246
104900031,135,215,-80
104900032,75,208,-133
104900033,106,273,-167
104900034,249,120,129
104900035,225,151,74
104900036,107,86,21
104900037,66,438,-372
104900038,684,643,41
104900039,1015,186,829
104900040,298,111,187
104900041,189,224,-35
104900042,112,435,-323
104900043,14,108,-94
104900044,325,234,91
104900045,417,72,345
104900046,99,155,-56
104900047,196,177,19
104900048,227,91,136
104900049,17,6,11
104900050,186,87,99
104900051,256,57,199
104900052,29,0,29
104900053,369,82,287
104900054,101,92,9
104900055,71,0,71
104900056,138,12,126
104900057,54,2,52
104900058,1082,139,943
104900059,131,35,96
104900060,97,397,-300
104900061,320,633,-313
104900063,62,231,-169
104900064,0,155,-155
104900065,1,165,-164
104900066,0,293,-293
104900067,0,285,-285
104900068,8,252,-244
104900070,148,261,-113
104900071,9,952,-943
104900072,40,253,-213
104900073,45,438,-393
104900074,48,235,-187
104900075,37,122,-85
104900076,40,402,-362
104900077,2014,135,1879
104900078,130,640,-510
104900079,141,411,-270
104900080,106,600,-494
104900082,22,427,-405
104900085,35,337,-302
104900087,332,8,324
104900089,71,0,71
104900090,659,552,107
104900091,434,707,-273
104900093,228,613,-385
104900097,4152,1731,2421
104900098,66,68,-2
104900099,404,631,-227
104900100,1186,294,892
104900102,36,380,-344
104900103,387,156,231
104900104,3906,1471,2435
104900106,61,175,-114
104900107,81,401,-320
104900108,19,553,-534
104900109,101,601,-500
104900110,2,65,-63
104900111,181,121,60
104900112,243,1298,-1055
104900113,584,582,2
104900114,284,728,-444
104900115,534,783,-249
104900116,208,331,-123
104900118,24,91,-67
104900119,1,44,-43
104900120,172,114,58
104900121,2,187,-185
104900122,6,149,-143
104900123,24,2,22
104900124,25,0,25
104900125,373,5,368
104900126,58,67,-9
104900127,26,68,-42
104900128,55,50,5
104900129,3298,2088,1210
105000001,1916,1695,221
105000002,3676,2271,1405
105000003,5802,5114,688
105000004,647,1850,-1203
105000005,1496,1610,-114
105000006,1714,2479,-765
105000007,1713,2016,-303
105000008,2203,3362,-1159
105000009,2035,3258,-1223
105000010,4367,3713,654
105000011,2144,2647,-503
105000012,4589,4033,556
105000013,920,1534,-614
105000014,1609,2567,-958
105000015,8624,9353,-729
105000016,5115,2616,2499
105000017,3781,1170,2611
105000018,2077,1515,562
105000019,2453,1227,1226
105000020,333,478,-145
105000021,523,142,381
105000022,394,62,332
105000023,529,296,233
105000028,69,218,-149
105000029,401,1231,-830
105000030,5319,4740,579
105000031,4,28,-24
105000033,1439,2668,-1229
105000034,308,823,-515
105000037,733,670,63
105000038,1569,1556,13
105000039,2990,2336,654
105000040,765,888,-123
105000041,556,1694,-1138
105000042,2259,1461,798
105000043,2003,2180,-177
105000044,365,417,-52
105000045,377,1126,-749
105000046,723,455,268
105000047,402,1629,-1227
105000048,690,336,354
105000049,310,1127,-817
105000050,652,554,98
105000051,362,915,-553
105000052,596,1285,-689
105000053,185,260,-75
105000054,413,1339,-926
105000055,1040,526,514
105000056,1052,3757,-2705
105000057,1372,1221,151
105000058,2273,1800,473
105000059,709,804,-95
105000060,811,1026,-215
105000061,538,700,-162
105000062,1123,1522,-399
105000063,430,966,-536
105000064,1668,820,848
105000065,629,1287,-658
105000066,1579,2665,-1086
105000067,1550,739,811
105000068,1213,1294,-81
105000069,5584,1357,4227
105000070,1504,920,584
105000071,942,965,-23
105000072,1866,2636,-770
105000073,1223,770,453
105000074,1578,1131,447
105000075,1181,875,306
105000076,2230,1254,976
105000077,2513,1205,1308
105000078,2518,1490,1028
105000079,2706,1836,870
105000080,2540,1202,1338
105000081,3639,1441,2198
105000082,1834,771,1063
105000083,3254,1172,2082
105000084,1753,1217,536
105000085,1986,1284,702
105000086,843,1567,-724
105000087,3743,2368,1375
105000088,2088,2186,-98
105000089,3249,2341,908
105000090,1170,996,174
105000091,1939,2070,-131
105000092,1050,1436,-386
105000093,637,251,386
105000094,355,317,38
105000095,131,566,-435
105000096,1514,926,588
105000097,1688,1113,575
105000098,1728,786,942
105000099,2285,1174,1111
105000100,1121,1752,-631
105000101,2267,2981,-714
105000102,2101,1996,105
105000103,1884,3229,-1345
105000104,1997,1540,457
105000105,1156,3020,-1864
105000106,1339,2237,-898
105000107,1158,1406,-248
105000108,1179,2774,-1595
105000109,1321,2275,-954
105000110,614,1371,-757
105000111,585,924,-339
105000112,1316,1267,49
105000113,443,848,-405
105000114,6371,1513,4858
105000115,459,1157,-698
105000116,848,652,196
105000117,1191,1912,-721
105000118,402,468,-66
105000119,624,1889,-1265
105000120,780,769,11
105000121,1123,1985,-862
105000122,367,548,-181
105000123,1448,1996,-548
105000124,1941,1153,788
105000125,1139,2779,-1640
105000126,2356,3011,-655
105000127,2396,2580,-184
105000128,1038,1949,-911
105000129,1436,587,849
105000130,309,2320,-2011
105000131,927,659,268
105000132,728,599,129
105000133,539,1626,-1087
105000134,867,780,87
105000135,638,1021,-383
105000136,140,542,-402
105000137,392,281,111
105000138,234,495,-261
105000139,1240,1339,-99
105000140,208,601,-393
105000141,252,923,-671
105000142,168,599,-431
105000143,263,1021,-758
105000144,393,1071,-678
105000145,740,645,95
105000146,769,1162,-393
105000147,513,541,-28
105000148,1318,980,338
105000149,2183,2381,-198
105000150,2261,1977,284
105000151,587,432,155
105000152,182,951,-769
105000153,720,567,153
105000154,1075,1371,-296
105000155,369,688,-319
105000156,986,1302,-316
105000157,987,2872,-1885
105000158,2198,898,1300
105000159,336,1845,-1509
105000160,1738,778,960
105000161,1094,2251,-1157
105000162,917,1931,-1014
105000163,2947,1603,1344
105000164,213,422,-209
105000165,3327,5730,-2403
105000166,9990,448,9542
105000167,4976,1806,3170
105000168,303,1286,-983
105000169,514,515,-1
105000170,169,2001,-1832
105000171,1299,511,788
105000172,194,95,99
105000173,96,51,45
105000174,43,42,1
105000175,23,154,-131
105000176,194,114,80
105000177,317,164,153
105000178,131,1076,-945
105000179,248,159,89
105000180,96,138,-42
105000181,68,636,-568
105000182,63,50,13
105000183,3965,2667,1298
105000184,1223,1104,119
105000185,1171,815,356
105000186,620,1097,-477
105000187,795,332,463
105000188,663,139,524
105000189,489,640,-151
105000190,506,435,71
105000191,582,472,110
105000192,364,117,247
105000193,350,210,140
105000194,500,111,389
105000195,287,1340,-1053
105000196,108,207,-99
105000197,319,827,-508
105000198,774,370,404
105000199,764,800,-36
105000200,200,229,-29
105000201,203,29,174
105000203,27,407,-380
105000204,92,114,-22
105000205,101,341,-240
105000207,547,247,300
105000208,278,527,-249
105000209,279,356,-77
105000211,111,30,81
105000212,1239,2006,-767
105000213,199,290,-91
105000214,95,401,-306
105000215,201,440,-239
105000216,119,381,-262
105000217,142,393,-251
105000218,794,1302,-508
105000221,286,378,-92
105000222,466,64,402
105000223,238,256,-18
105000226,58,523,-465
105000227,34,284,-250
105000228,575,1187,-612
105000229,155,349,-194
105000231,304,372,-68
105000233,806,672,134
105000234,714,1810,-1096
105000235,474,691,-217
105000237,881,95,786
105000243,41,70,-29
105000248,167,65,102
105000262,306,2470,-2164
105000269,147,263,-116
105000270,388,137,251
105000271,1,375,-374
105000282,350,89,261
105000287,362,241,121
105000288,458,675,-217
105000289,4285,1545,2740
105000290,17,7,10
105000402,5901,2798,3103
105000426,566,558,8
105000438,3900,1181,2719
105000440,22,25,-3
105000446,17898,6695,11203
105000447,8895,4005,4890
105000454,260,1298,-1038
105000455,352,267,85
105000474,53,2,51
105000477,376,525,-149
105000478,1860,3031,-1171
105000479,341,163,178
105000480,6371,3325,3046
105000481,3983,2813,1170
105000482,7366,5253,2113
105000483,1481,1768,-287
105000484,3426,3517,-91
105000485,1731,2148,-417
105000486,5776,3408,2368
105000488,8853,5709,3144
105000489,1196,1100,96
105000549,88,176,-88
105000550,865,1650,-785
105000551,57,153,-96
105000552,5051,2761,2290
105000555,1902,1017,885
105000556,78,67,11
105000557,54,433,-379
105900001,4,1109,-1105
105900002,2476,603,1873
105900003,6,136,-130
105900004,356,178,178
105900005,4,306,-302
105900006,11,85,-74
105900007,86,23,63
105900008,90,1184,-1094
105900009,29,25,4
105900011,104,85,19
105900012,334,163,171
105900013,1,19,-18
105900014,8,60,-52
105900015,165,483,-318
105900016,228,766,-538
105900017,838,59,779
105900018,259,495,-236
105900019,65,362,-297
105900020,46,67,-21
105900021,13,282,-269
105900022,289,406,-117
105900023,5,140,-135
105900024,10,136,-126
105900025,87,47,40
105900026,420,71,349
105900027,4803,3819,984
105900028,380,156,224
105900029,2190,438,1752
105900030,304,290,14
105900031,542,233,309
105900032,85,152,-67
105900033,225,190,35
105900034,148,347,-199
105900035,148,258,-110
105900036,45,257,-212
105900037,87,83,4
105900038,173,517,-344
105900039,107,303,-196
105900040,56,111,-55
105900041,209,625,-416
105900042,76,167,-91
105900043,3253,60,3193
105900044,4,283,-279
105900045,3,841,-838
105900046,6,242,-236
105900047,16,40,-24
105900048,121,588,-467
105900050,2426,637,1789
105900051,4,1252,-1248
105900052,393,105,288
105900053,5404,2725,2679
105900054,360,395,-35
105900056,1063,286,777
105900057,33,169,-136
105900058,20,63,-43
105900059,1,52,-51
106000001,4245,2336,1909
106000002,3150,6205,-3055
106000003,3508,4124,-616
106000004,2854,3884,-1030
106000005,2820,6408,-3588
106000006,7034,6660,374
106000007,523,673,-150
106000008,486,445,41
106000009,530,417,113
106000010,583,707,-124
106000011,1015,1250,-235
106000012,890,2016,-1126
106000013,1915,2167,-252
106000014,2347,2366,-19
106000015,1344,1236,108
106000016,1312,3053,-1741
106000017,773,894,-121
106000018,707,644,63
106000019,417,633,-216
106000020,290,488,-198
106000021,300,607,-307
106000022,394,348,46
106000023,654,557,97
106000024,672,821,-149
106000025,174,243,-69
106000026,128,300,-172
106000027,1017,1631,-614
106000028,586,842,-256
106000029,1039,1774,-735
106000030,987,421,566
106000034,230,801,-571
106000035,1336,1767,-431
106000036,335,402,-67
106000037,2449,1979,470
106000038,524,132,392
106000039,263,81,182
106000040,248,947,-699
106000041,1082,447,635
106000043,808,204,604
106000046,412,70,342
106000047,88,462,-374
106000049,805,294,511
106000050,460,1211,-751
106000051,860,521,339
106000052,177,916,-739
106000053,142,169,-27
106000054,379,631,-252
106000055,854,1399,-545
106000056,261,558,-297
106000057,225,296,-71
106000058,175,292,-117
106000059,283,306,-23
106000060,605,823,-218
106000061,216,583,-367
106000062,221,807,-586
106000063,477,721,-244
106000064,59,459,-400
106000065,339,290,49
106000066,163,537,-374
106000067,364,145,219
106000068,69,894,-825
106000069,164,112,52
106000070,376,1102,-726
106000071,881,332,549
106000072,6812,2132,4680
106000073,2409,3459,-1050
106000074,567,979,-412
106000075,350,1539,-1189
106000076,1739,2236,-497
106000077,4341,1684,2657
106000078,934,1191,-257
106000079,625,1313,-688
106000080,1158,951,207
106000081,561,1427,-866
106000082,2355,1027,1328
106000083,336,1582,-1246
106000084,1345,873,472
106000085,1863,1511,352
106000086,640,942,-302
106000087,1056,700,356
106000088,422,905,-483
106000089,1036,530,506
106000090,279,723,-444
106000091,322,1182,-860
106000092,770,277,493
106000093,310,111,199
106000094,112,278,-166
106000095,468,1145,-677
106000096,844,1024,-180
106000097,871,1587,-716
106000098,626,1296,-670
106000099,253,1024,-771
106000100,991,346,645
106000101,881,314,567
106000102,152,706,-554
106000103,263,859,-596
106000104,869,607,262
106000105,447,1160,-713
106000106,451,557,-106
106000107,175,703,-528
106000108,274,537,-263
106000109,117,657,-540
106000110,196,399,-203
106000111,141,780,-639
106000112,195,601,-406
106000113,1795,854,941
106000114,626,486,140
106000115,339,844,-505
106000116,207,321,-114
106000117,1021,1035,-14
106000118,1344,1477,-133
106000119,2638,1594,1044
106000120,793,1154,-361
106000121,218,259,-41
106000122,136,460,-324
106000123,336,388,-52
106000124,47,520,-473
106000125,59,471,-412
106000126,219,333,-114
106000127,862,1191,-329
106000128,737,532,205
106000129,569,874,-305
106000130,681,596,85
106000131,236,1031,-795
106000132,1342,233,1109
106000133,5044,1536,3508
106000134,1122,1645,-523
106000135,388,1272,-884
106000136,727,925,-198
106000137,169,2547,-2378
106000138,1168,153,1015
106000139,72,153,-81
106000140,38,158,-120
106000141,144,122,22
106000142,79,105,-26
106000143,57,130,-73
106000144,45,120,-75
106000145,187,432,-245
106000146,310,283,27
106000147,804,1480,-676
106000148,995,1605,-610
106000149,500,1350,-850
106000150,671,2702,-2031
106000151,7561,946,6615
106000152,1752,2432,-680
106000153,181,1949,-1768
106000154,2133,446,1687
106000155,76,328,-252
106000156,597,402,195
106000157,659,2482,-1823
106000158,4339,1036,3303
106000159,6233,1967,4266
106000160,372,3182,-2810
106000161,1712,667,1045
106000162,245,1286,-1041
106000163,331,781,-450
106000164,301,469,-168
106000165,182,975,-793
106000166,1475,283,1192
106000167,538,1815,-1277
106000168,368,304,64
106000169,179,1040,-861
106000170,596,294,302
106000171,171,1542,-1371
106000172,3943,1273,2670
106000173,1602,3541,-1939
106000174,1096,429,667
106000175,348,1317,-969
106000176,1447,919,528
106000177,826,3006,-2180
106000178,3206,2083,1123
106000179,1156,2789,-1633
106000180,833,1974,-1141
106000181,548,2313,-1765
106000182,871,932,-61
106000183,800,1176,-376
106000184,1131,1301,-170
106000185,656,1064,-408
106000186,1142,147,995
106000187,271,1068,-797
106000188,0,1,-1
106000189,4,49,-45
106000190,13,0,13
106000191,560,180,380
106000192,18,47,-29
106000193,422,171,251
106000194,175,330,-155
106000195,414,119,295
106000196,121,347,-226
106000197,338,380,-42
106000198,101,346,-245
106000199,935,621,314
106000200,619,159,460
106000201,706,2464,-1758
106000202,8683,769,7914
106000203,200,222,-22
106000204,86,12,74
106000205,22,176,-154
106000206,142,28,114
106000207,72,1087,-1015
106000208,970,149,821
106000209,1273,450,823
106000210,280,1725,-1445
106000211,466,1972,-1506
106000212,958,351,607
106000213,865,1713,-848
106000214,2984,663,2321
106000215,328,753,-425
106000216,411,479,-68
106000217,377,710,-333
106000218,645,484,161
106000219,170,418,-248
106000220,407,355,52
106000221,112,322,-210
106000222,47,216,-169
106000223,133,217,-84
106000224,222,359,-137
106000225,151,108,43
106000226,242,408,-166
106000228,36,195,-159
106000229,114,1084,-970
106000231,812,273,539
106000232,62,484,-422
106000233,542,243,299
106000234,80,249,-169
106000235,474,157,317
106000236,206,75,131
106000237,6,10,-4
106000238,37,21,16
106000239,10,162,-152
106000240,88,0,88
106000241,14,956,-942
106000242,314,32,282
106000249,100,132,-32
106000250,78,535,-457
106000251,70,45,25
106000252,21,133,-112
106000253,35,108,-73
106000254,47,77,-30
106000255,17,178,-161
106000256,80,64,16
106000257,196,329,-133
106000258,173,42,131
106000259,6,21,-15
106000260,18,21,-3
106000261,8,46,-38
106000262,112,21,91
106000263,13,88,-75
106000264,187,30,157
106000265,9,164,-155
106000266,126,29,97
106000267,5,98,-93
106000268,680,41,639
106000269,94,84,10
106000270,237,504,-267
106000271,45,202,-157
106000272,165,70,95
106000273,15,253,-238
106000274,215,56,159
106000275,193,312,-119
106000276,191,66,125
106000277,174,245,-71
106000278,230,36,194
106000279,35,87,-52
106000280,35,289,-254
106000281,77,113,-36
106000282,88,85,3
106000283,136,149,-13
106000284,52,133,-81
106000285,124,163,-39
106000286,57,198,-141
106000287,108,121,-13
106000288,107,257,-150
106000289,84,97,-13
106000290,92,103,-11
106000291,80,116,-36
106000292,113,153,-40
106000293,150,100,50
106000294,202,205,-3
106000295,43,40,3
106000296,55,142,-87
106000297,82,341,-259
106000298,238,96,142
106000299,80,236,-156
106000300,64,150,-86
106000301,68,127,-59
106000303,23,140,-117
106000304,29,35,-6
106000305,34,53,-19
106000306,35,108,-73
106000307,38,27,11
106000308,20,253,-233
106000309,22,84,-62
106000310,277,869,-592
106000311,352,235,117
106000312,98,318,-220
106000313,192,309,-117
106000318,200,273,-73
106000319,1135,269,866
106000320,2,33,-31
106000321,542,114,428
106000322,114,259,-145
106000324,7,164,-157
106000325,1556,1078,478
106000326,1043,2406,-1363
106000327,126,201,-75
106000328,5,127,-122
106000329,72,469,-397
106000330,41,72,-31
106000428,61,258,-197
106000429,176,736,-560
106000430,466,1751,-1285
106000431,1825,488,1337
106000432,2552,4300,-1748
106000433,2379,1575,804
106000434,3278,1486,1792
106000435,2536,3955,-1419
106000436,18,420,-402
106000437,310,21,289
106000438,308,154,154
106000439,31,565,-534
106000440,231,612,-381
106000441,0,0,0
106000442,445,6,439
106000443,108,552,-444
106000450,6,262,-256
106000451,65,66,-1
106000454,11,172,-161
106000455,13,283,-270
106000456,362,25,337
106000457,11,1254,-1243
106000458,440,319,121
106000459,201,517,-316
106000460,805,72,733
106000461,84,2019,-1935
106000462,0,37,-37
106000463,2,86,-84
106000464,3,606,-603
106000465,324,7,317
106000466,1,743,-742
106000467,710,704,6
106000468,73,301,-228
106000469,473,2,471
106000470,280,1901,-1621
106000471,48,933,-885
106000472,163,11,152
106000473,32,30,2
106000474,622,1416,-794
106000475,420,407,13
106000476,232,229,3
106000477,49,236,-187
106000480,0,272,-272
106900001,0,27,-27
106900002,3,750,-747
106900003,273,1061,-788
106900004,7,110,-103
106900006,0,39,-39
106900007,2,35,-33
106900008,226,341,-115
106900009,274,590,-316
106900010,208,405,-197
106900012,3046,1927,1119
106900013,532,135,397
106900014,35,2,33
106900015,25,2,23
106900016,266,3,263
106900017,8,0,8
106900018,1,0,1
106900019,20,1,19
106900020,3619,1357,2262
106900021,122,114,8
106900022,403,1,402
106900023,70,299,-229
106900024,486,44,442
106900025,75,771,-696
106900026,8,920,-912
106900027,1609,5,1604
107000001,3517,2838,679
107000002,4616,5744,-1128
107000003,4119,6107,-1988
107000004,5961,7037,-1076
107000005,2841,5193,-2352
107000006,4842,8100,-3258
107000007,4022,8901,-4879
107000008,16377,11988,4389
107000009,4847,6616,-1769
107000010,12504,12557,-53
107000011,1349,1559,-210
107000012,5185,4810,375
107000013,55,166,-111
107000014,30,327,-297
107000015,707,1034,-327
107000016,702,1380,-678
107000017,4102,1219,2883
107000018,8,348,-340
107000020,2151,520,1631
107000021,1375,946,429
107000022,1088,1307,-219
107000023,1853,442,1411
107000024,541,1931,-1390
107000025,292,596,-304
107000026,237,756,-519
107000027,1270,1491,-221
107000028,1192,1986,-794
107000029,2615,2679,-64
107000030,3557,4282,-725
107000031,3339,2494,845
107000032,543,1227,-684
107000033,4856,5705,-849
107000034,6067,2713,3354
107000035,437,285,152
107000036,471,1742,-1271
107000037,70,889,-819
107000038,378,274,104
107000039,999,801,198
107000040,206,323,-117
107000041,1995,780,1215
107000042,819,1873,-1054
107000043,3685,1128,2557
107000044,839,313,526
107000045,211,336,-125
107000046,751,502,249
107000047,582,984,-402
107000048,716,398,318
107000049,641,881,-240
107000050,1059,715,344
107000051,867,443,424
107000052,1512,1114,398
107000053,468,263,205
107000054,86,395,-309
107000055,391,214,177
107000056,615,1073,-458
107000057,3355,395,2960
107000058,2299,2508,-209
107000059,1873,2796,-923
107000060,3906,6081,-2175
107000061,6772,5346,1426
107000062,3488,3666,-178
107000063,4857,7082,-2225
107000064,3862,2488,1374
107000065,5655,8099,-2444
107000066,1898,2650,-752
107000067,937,1127,-190
107000068,1782,722,1060
107000069,1077,678,399
107000070,778,13,765
107000071,2164,49,2115
107000072,45,4374,-4329
107000073,529,309,220
107000074,180,1213,-1033
107000075,1190,484,706
107000076,998,2122,-1124
107000077,2986,1244,1742
107000078,2684,3808,-1124
107000079,2203,830,1373
107000080,1384,3717,-2333
107000081,1118,686,432
107000082,521,2951,-2430
107000083,1006,377,629
107000084,432,2557,-2125
107000085,3290,3849,-559
107000086,4179,4535,-356
107000087,3898,2611,1287
107000088,4463,5255,-792
107000089,1628,2571,-943
107000090,1215,1883,-668
107000091,1183,1234,-51
107000092,852,1815,-963
107000093,1344,1049,295
107000094,1593,1940,-347
107000095,722,939,-217
107000096,676,1315,-639
107000097,765,506,259
107000098,567,1226,-659
107000099,533,375,158
107000100,355,398,-43
107000101,120,320,-200
107000102,526,513,13
107000103,375,261,114
107000104,312,519,-207
107000105,463,138,325
107000106,240,469,-229
107000107,629,327,302
107000108,229,1233,-1004
107000109,582,257,325
107000110,101,963,-862
107000111,248,44,204
107000112,55,676,-621
107000113,542,123,419
107000114,141,1251,-1110
107000115,390,133,257
107000116,79,1580,-1501
107000117,83,439,-356
107000118,138,456,-318
107000119,2659,1452,1207
107000120,4848,441,4407
107000121,557,966,-409
107000122,1158,1093,65
107000123,267,1212,-945
107000124,518,1246,-728
107000125,666,1260,-594
107000126,860,1224,-364
107000129,255,1503,-1248
107000130,529,257,272
107000131,493,923,-430
107000132,509,370,139
107000133,582,123,459
107000134,283,0,283
107000135,8,296,-288
107000136,1039,7,1032
107000137,8,556,-548
107000138,398,24,374
107000139,30,496,-466
107000140,1613,75,1538
107000141,154,1024,-870
107000142,474,86,388
107000143,45,1065,-1020
107000144,424,551,-127
107000145,177,803,-626
107000146,161,498,-337
107000147,4886,1500,3386
107000150,1101,2925,-1824
107000151,58,102,-44
107000152,950,955,-5
107000153,700,541,159
107000154,312,199,113
107000155,829,27,802
107000156,903,49,854
107000157,37,2340,-2303
107000158,566,32,534
107000159,61,1804,-1743
107000160,616,141,475
107000161,94,2167,-2073
107000162,206,469,-263
107000163,159,1,158
107000164,430,3,427
107000165,610,6,604
107000166,52,1734,-1682
107000167,498,339,159
107000168,940,454,486
107000169,1326,962,364
107000170,1466,775,691
107000171,452,2646,-2194
107000172,840,1239,-399
107000173,688,1537,-849
107000174,835,4333,-3498
107000175,10392,2155,8237
107000176,2,0,2
107000177,3,1,2
107000178,24,65,-41
107000179,270,3303,-3033
107000180,978,404,574
107000181,384,1722,-1338
107000182,1332,1021,311
107000183,105,1073,-968
107000184,872,844,28
107000185,360,1316,-956
107000186,843,370,473
107000187,1028,1678,-650
107000188,593,707,-114
107000189,319,1318,-999
107000190,552,1055,-503
107000191,977,1723,-746
107000192,1508,1289,219
107000193,437,504,-67
107000194,1310,1028,282
107000197,608,206,402
107000198,271,904,-633
107000199,638,1060,-422
107000200,1741,891,850
107000201,434,224,210
107000202,284,617,-333
107000203,996,524,472
107000204,1609,680,929
107000205,2209,1202,1007
107000206,976,1199,-223
107000207,989,1245,-256
107000208,1381,436,945
107000209,2323,1055,1268
107000210,956,537,419
107000211,18,51,-33
107000212,10,450,-440
107000213,12,37,-25
107000214,8,244,-236
107000215,313,460,-147
107000216,333,551,-218
107000217,101,170,-69
107000219,72,129,-57
107000220,147,301,-154
107000222,294,934,-640
107000224,295,72,223
107000225,233,735,-502
107000226,265,103,162
107000227,87,443,-356
107000228,98,216,-118
107000229,787,265,522
107000230,1417,724,693
107000231,1979,1107,872
107000232,130,213,-83
107000233,1482,817,665
107000234,1,47,-46
107000235,76,4,72
107000236,16,460,-444
107000237,19,4,15
107000238,28,2,26
107000239,6460,775,5685
107000240,105,1377,-1272
107000243,0,91,-91
107000244,5,73,-68
107000246,6,1474,-1468
107000249,8,1515,-1507
107000251,0,310,-310
107000252,6,1392,-1386
107000255,1123,89,1034
107000257,7,699,-692
107000258,2,173,-171
107000259,2,253,-251
107000260,413,5,408
107000262,11,976,-965
107000263,218,7,211
107000266,18,17,1
107000267,87,241,-154
107000268,168,193,-25
107000269,459,40,419
107000270,0,11,-11
107000271,7,908,-901
107000272,7,185,-178
107000273,8,270,-262
107000274,1523,6,1517
107000275,1178,1136,42
107000280,453,29,424
107000281,46,1411,-1365
107000282,33,1252,-1219
107000290,13,25,-12
107000291,20,12,8
107000292,1,52,-51
107000293,173,2,171
107000294,1,34,-33
107000295,45,3,42
107000296,0,53,-53
107000444,445,5,440
107000496,0,52,-52
107000497,1467,3575,-2108
107000500,398,398,0
107000501,94,241,-147
107000502,466,453,13
107000505,930,1102,-172
107000506,0,6,-6
107000508,11,788,-777
107000509,224,1005,-781
107000510,33,23,10
107000514,68,386,-318
107000515,26,437,-411
107000516,191,226,-35
107000518,1242,993,249
107000519,5062,1386,3676
107000520,89,14,75
107000521,564,671,-107
107000522,793,1102,-309
107900001,40,192,-152
107900002,22,4,18
107900003,172,181,-9
107900004,3,0,3
107900005,729,4,725
107900006,145,1,144
107900007,258,23,235
107900008,57,49,8
107900009,141,5,136
107900010,18,0,18
107900012,237,21,216
107900013,230,49,181
107900014,15,0,15
107900015,537,7,530
107900016,405,93,312
107900017,4,0,4
107900018,31,107,-76
107900019,9,74,-65
107900020,90,8,82
107900021,54,226,-172
107900023,3,4,-1
107900024,0,28,-28
107900025,187,307,-120
107900026,35,161,-126
107900027,79,46,33
107900028,35,106,-71
107900030,225,17,208
107900031,55,329,-274
107900032,7,4,3
107900033,20,2,18
107900034,331,9,322
107900035,721,28,693
107900036,32,9,23
107900037,0,43,-43
107900038,161,137,24
107900039,14,159,-145
107900040,58,54,4
107900041,0,1,-1
107900043,36,318,-282
107900044,8,10,-2
107900045,61,35,26
107900046,139,100,39
107900047,17,57,-40
107900048,99,1,98
107900049,395,898,-503
107900050,120,452,-332
107900051,66,99,-33
107900052,40,16,24
107900053,21,108,-87
107900055,437,218,219
107900056,112,38,74
107900057,0,0,0
107900058,36,860,-824
107900060,28,81,-53
107900061,37,9,28
107900063,65,107,-42
107900064,346,78,268
107900065,107,19,88
107900066,6,16,-10
107900067,0,0,0
107900068,282,221,61
107900069,60,1754,-1694
107900070,74,49,25
107900071,65,1115,-1050
107900072,66,290,-224
107900073,61,223,-162
107900074,992,195,797
107900076,173,65,108
107900077,26,1,25
107900079,3,23,-20
107900080,207,215,-8
107900081,26,141,-115
107900082,30,10,20
107900083,394,161,233
107900084,137,97,40
107900086,46,126,-80
107900087,580,107,473
107900088,8,21,-13
107900089,312,897,-585
107900090,572,2000,-1428
107900091,257,517,-260
107900093,89,84,5
107900095,3921,1765,2156
107900097,24,57,-33
107900098,38,128,-90
107900100,1155,927,228
107900101,1271,196,1075
107900102,9,3,6
107900103,52,165,-113
107900104,156,3,153
107900105,1,748,-747
107900106,3,1714,-1711
107900107,996,312,684
107900108,484,154,330
107900109,951,16,935
107900110,26,147,-121
107900111,9,1434,-1425
107900112,219,402,-183
107900113,127,179,-52
107900114,112,295,-183
107900115,2,57,-55
107900116,80,281,-201
107900117,353,496,-143
107900118,86,207,-121
107900119,60,123,-63
107900120,11,25,-14
107900121,1,137,-136
107900122,3,46,-43
107900123,2,34,-32
107900124,37,45,-8
107900125,47,159,-112
107900126,8,37,-29
107900127,385,236,149
107900128,116,89,27
107900129,34,74,-40
107900130,40,40,0
107900131,585,165,420
107900132,117,526,-409
107900133,2,88,-86
107900134,14,25,-11
107900135,8,180,-172
107900136,26,38,-12
107900137,115,147,-32
107900138,33,32,1
107900139,15,72,-57
107900141,33,49,-16
107900142,64,1376,-1312
107900143,65,38,27
107900144,3,195,-192
107900145,6,104,-98
107900146,32,186,-154
107900147,63,35,28
107900148,177,186,-9
107900149,2273,257,2016
107900150,100,1255,-1155
107900151,16,101,-85
107900152,4,243,-239
107900153,242,320,-78
107900154,41,18,23
107900155,61,47,14
107900156,1,464,-463
107900157,48,130,-82
107900158,515,14,501
107900159,36,1335,-1299
107900160,46,196,-150
107900161,22,293,-271
107900162,1,35,-34
107900163,80,31,49
107900164,1,42,-41
107900165,15,75,-60
107900166,28,356,-328
107900167,29,6,23
107900168,29,58,-29
107900169,1,173,-172
107900171,13,2598,-2585
107900172,2,436,-434
107900173,4,209,-205
107900174,86,8,78
107900175,19,1,18
107900176,19,67,-48
107900177,0,21,-21
107900178,1,256,-255
107900179,10,139,-129
107900180,1273,430,843
107900181,257,560,-303
107900182,4,2029,-2025
107900183,39,459,-420
107900184,99,182,-83
107900185,107,6,101
107900186,24,38,-14
107900187,0,163,-163
107900188,1109,168,941
107900189,10,130,-120
107900190,161,82,79
107900191,31,146,-115
107900193,60,53,7
107900194,167,8,159
107900195,4960,655,4305
107900196,75,75,0
107900197,1025,259,766
107900199,4,1408,-1404
107900201,131,176,-45
107900203,59,85,-26
107900204,254,257,-3
107900206,796,136,660
107900207,5,537,-532
107900208,11,853,-842
107900209,444,133,311
107900210,117,133,-16
107900213,360,361,-1
107900214,4,221,-217
107900215,131,274,-143
107900216,131,128,3
107900217,8,92,-84
107900218,32,1744,-1712
107900219,20,177,-157
107900220,182,179,3
107900221,196,258,-62
107900223,96,751,-655
107900224,162,294,-132
107900225,9,1107,-1098
107900226,89,132,-43
107900227,129,544,-415
107900228,12,98,-86
107900229,6,362,-356
107900230,9,212,-203
107900231,16,246,-230
107900232,37,241,-204
107900233,6,148,-142
107900234,66,207,-141
107900235,32,105,-73
107900236,49,90,-41
107900237,124,478,-354
107900238,17,120,-103
107900239,1652,457,1195
107900240,15,201,-186
107900241,19,84,-65
107900242,20,497,-477
107900243,3,67,-64
107900244,385,6,379
107900245,542,74,468
107900246,204,9,195
107900248,172,300,-128
107900249,508,18,490
107900250,1,619,-618
107900251,110,1679,-1569
107900252,811,20,791
107900253,143,4,139
107900254,54,226,-172
107900255,339,54,285
107900256,914,422,492
107900257,96,68,28
107900258,75,362,-287
107900259,130,1482,-1352
107900261,4,450,-446
107900262,48,208,-160
107900264,251,5,246
107900265,75,222,-147
107900267,192,18,174
107900268,49,29,20
107900269,0,5,-5
107900270,0,0,0
107900271,6,8,-2
107900272,124,13,111
107900273,26,101,-75
107900274,33,0,33
107900275,15,0,15
107900276,1,87,-86
107900277,0,273,-273
107900278,199,418,-219
107900279,143,114,29
107900280,2087,2303,-216
107900281,4830,1739,3091
107900282,131,303,-172
107900283,1647,445,1202
107900284,330,889,-559
107900285,58,162,-104
107900286,138,111,27
107900287,129,198,-69
107900290,0,68,-68
107900291,437,18,419
107900292,115,353,-238
107900293,70,786,-716
107900295,55,172,-117
107900297,2,201,-199
107900298,1007,987,20
107900299,4909,2090,2819
107900301,617,556,61
107900302,76,21,55
107900303,96,374,-278
107900304,168,555,-387
107900305,194,5,189
107900306,15,11,4
107900307,23,356,-333
107900308,176,60,116
107900309,164,1,163
107900310,277,2,275
107900311,0,82,-82
107900312,95,2,93
107900313,2,98,-96
107900314,0,43,-43
107900315,1,55,-54
107900316,54,0,54
107900317,125,14,111
107900318,7,205,-198
107900319,3,268,-265
107900320,0,221,-221
107900321,85,4,81
107900322,2,192,-190
107900323,12,192,-180
107900324,187,4,183
107900325,131,1,130
107900326,166,395,-229
107900327,10,51,-41
107900328,131,1,130
107900329,147,37,110
107900330,5,677,-672
107900331,151,66,85
107900332,145,35,110
107900333,27,22,5
107900334,9,338,-329
107900335,47,94,-47
107900336,24,34,-10
107900337,1795,665,1130
107900338,1,125,-124
107900339,1,17,-16
107900340,2,76,-74
107900341,53,0,53
107900342,136,167,-31
107900343,41,0,41
107900344,8,158,-150
107900345,161,25,136
107900346,20,0,20
107900347,41,4,37
107900348,3,6,-3
107900349,34,11,23
107900350,39,282,-243
107900351,10,377,-367
107900352,0,78,-78
107900353,10,10,0
107900354,26,109,-83
108000001,2936,4351,-1415
108000002,2234,3175,-941
108000003,3613,2925,688
108000004,19689,18706,983
108000005,7156,5199,1957
108000006,10054,9820,234
108000007,4956,4342,614
108000008,6688,7863,-1175
108000009,3789,4106,-317
108000010,4620,6334,-1714
108000011,10247,11580,-1333
108000012,22150,21383,767
108000014,1115,722,393
108000015,586,392,194
108000016,249,682,-433
108000017,827,414,413
108000018,1576,598,978
108000019,2010,930,1080
108000020,1398,570,828
108000021,480,2012,-1532
108000022,628,1833,-1205
108000023,1150,234,916
108000024,254,850,-596
108000025,183,269,-86
108000026,581,785,-204
108000027,600,800,-200
108000028,435,310,125
108000029,423,1186,-763
108000030,488,286,202
108000031,240,622,-382
108000032,1180,621,559
108000033,761,1634,-873
108000034,1561,532,1029
108000035,1005,3001,-1996
108000036,438,1857,-1419
108000037,1402,385,1017
108000038,1965,523,1442
108000039,546,3601,-3055
108000040,1663,797,866
108000041,688,3465,-2777
108000042,247,303,-56
108000043,200,304,-104
108000044,255,232,23
108000045,266,726,-460
108000046,1093,310,783
108000047,442,1345,-903
108000048,166,460,-294
108000049,440,308,132
108000050,165,923,-758
108000051,274,108,166
108000052,338,901,-563
108000053,306,153,153
108000054,631,1449,-818
108000055,1195,412,783
108000056,1418,1410,8
108000057,733,961,-228
108000058,2406,3428,-1022
108000059,4847,2617,2230
108000060,228,730,-502
108000061,380,706,-326
108000062,587,557,30
108000063,354,676,-322
108000064,172,322,-150
108000065,708,763,-55
108000066,2097,956,1141
108000067,1807,530,1277
108000068,631,396,235
108000069,276,1336,-1060
108000070,1403,748,655
108000071,750,2004,-1254
108000072,1370,1161,209
108000073,1651,2177,-526
108000074,377,389,-12
108000075,391,988,-597
108000076,718,638,80
108000077,849,819,30
108000078,1591,1686,-95
108000079,1090,2049,-959
108000080,949,704,245
108000081,560,2980,-2420
108000082,1265,2506,-1241
108000083,1959,929,1030
108000084,511,1692,-1181
108000085,596,426,170
108000086,834,992,-158
108000087,133,1679,-1546
108000088,1215,259,956
108000089,582,330,252
108000091,401,820,-419
108000092,138,120,18
108000093,180,1202,-1022
108000094,800,186,614
108000095,259,694,-435
108000096,236,319,-83
108000097,166,811,-645
108000098,1101,1767,-666
108000099,1180,400,780
108000100,72,637,-565
108000101,937,1345,-408
108000102,1603,3108,-1505
108000106,1254,0,1254
108000107,2,792,-790
108000108,620,45,575
108000109,9,1062,-1053
108000110,141,377,-236
108000111,182,1032,-850
108000112,69,159,-90
108000113,674,361,313
108000115,506,642,-136
108000117,868,487,381
108000118,861,1749,-888
108000119,896,600,296
108000120,179,866,-687
108000121,244,907,-663
108000122,436,376,60
108000123,499,335,164
108000124,192,667,-475
108000125,265,463,-198
108000126,137,698,-561
108000127,390,430,-40
108000128,542,760,-218
108000129,297,1611,-1314
108000130,301,353,-52
108000131,1016,498,518
108000132,2294,1740,554
108000133,647,622,25
108000134,677,737,-60
108000135,1082,422,660
108000136,1203,1296,-93
108000137,308,585,-277
108000138,323,1425,-1102
108000139,308,461,-153
108000140,69,37,32
108000141,51,176,-125
108000142,40,175,-135
108000143,62,948,-886
108000144,290,104,186
108000145,33,90,-57
108000146,359,67,292
108000147,29,99,-70
108000148,481,92,389
108000149,29,65,-36
108000150,30,4,26
108000151,599,110,489
108000152,124,850,-726
108000153,361,179,182
108000154,76,27,49
108000155,25,24,1
108000156,1151,740,411
108000157,160,799,-639
108000158,139,605,-466
108000159,1055,192,863
108000160,6861,1069,5792
108000161,5520,2060,3460
108000165,1,135,-134
108000172,4,233,-229
108000173,3269,1563,1706
108000175,370,143,227
108000178,498,436,62
108000179,249,622,-373
108000181,80,50,30
108000182,331,115,216
108000183,138,538,-400
108000184,1560,1941,-381
108000185,229,724,-495
108000186,249,647,-398
108000187,102,1036,-934
108000188,359,287,72
108000189,3804,6008,-2204
108000190,32,113,-81
108000192,153,862,-709
108000193,1083,46,1037
108000194,38,36,2
108000195,3,1815,-1812
108000196,108,166,-58
108000198,780,462,318
108000199,0,153,-153
108000200,239,875,-636
108000203,84,1261,-1177
108000204,88,31,57
108000205,367,652,-285
108000339,1715,431,1284
108000364,374,958,-584
108000365,101,409,-308
108000367,255,340,-85
108000368,20,69,-49
108000369,2081,182,1899
108000371,9,817,-808
108000372,523,5,518
108000373,183,186,-3
108000376,58,22,36
108000377,355,484,-129
108000378,9641,10537,-896
108000379,22,241,-219
108000381,34,21,13
108000382,257,1,256
108000383,0,185,-185
108900001,117,1470,-1353
108900002,213,58,155
108900003,417,1302,-885
108900004,1118,340,778
108900007,162,158,4
108900008,50,140,-90
108900009,74,139,-65
108900010,123,172,-49
108900011,291,366,-75
108900012,287,486,-199
108900013,128,239,-111
108900014,1,102,-101
108900015,0,12,-12
108900016,4,241,-237
108900017,202,214,-12
108900018,73,573,-500
108900019,27,1431,-1404
108900020,37,333,-296
108900021,74,319,-245
108900022,111,2,109
108900023,15,16,-1
108900024,13,130,-117
108900025,85,144,-59
108900026,18,132,-114
108900027,1,68,-67
108900028,56,440,-384
108900029,42,315,-273
108900030,0,126,-126
108900031,66,522,-456
108900032,13,345,-332
108900033,0,101,-101
108900034,3,361,-358
108900035,284,1681,-1397
108900038,3,487,-484
108900039,2,817,-815
108900040,1,119,-118
108900041,6128,2825,3303
108900042,21,388,-367
108900043,49,532,-483
108900044,6,908,-902
108900045,27,692,-665
108900046,59,1412,-1353
108900047,0,121,-121
108900048,85,1247,-1162
108900049,7490,1005,6485
108900050,2,319,-317
108900051,1,369,-368
108900052,9,309,-300
108900053,106,163,-57
108900054,64,274,-210
108900055,56,495,-439
108900056,2,246,-244
108900057,0,214,-214
108900058,28,478,-450
108900059,251,17,234
108900060,67,144,-77
108900061,70,47,23
108900062,3,415,-412
108900063,7,451,-444
108900064,107,89,18
108900065,9,438,-429
108900066,232,146,86
108900067,16,278,-262
108900068,9,308,-299
108900069,39,143,-104
108900070,19,172,-153
108900071,95,64,31
108900072,2810,445,2365
108900073,38,688,-650
108900074,104,671,-567
108900075,53,79,-26
108900076,173,73,100
108900077,151,678,-527
108900078,21,195,-174
108900079,973,351,622
108900080,27,687,-660
108900081,61,343,-282
108900082,27,150,-123
108900083,18,230,-212
108900085,3000,224,2776
108900086,93,408,-315
108900087,106,258,-152
108900088,929,255,674
108900089,8,97,-89
108900090,35,499,-464
108900091,123,136,-13
108900092,347,320,27
108900093,79,64,15
108900094,224,116,108
108900095,54,745,-691
108900096,492,24,468
108900097,485,208,277
108900098,3880,504,3376
108900099,229,310,-81
108900100,57,180,-123
108900101,214,89,125
108900102,125,759,-634
108900103,91,99,-8
108900105,1,899,-898
108900106,259,515,-256
108900108,285,75,210
108900109,345,59,286
108900110,148,574,-426
108900111,235,754,-519
108900113,51,78,-27
108900114,61,24,37
108900115,74,78,-4
108900116,47,9,38
108900117,113,21,92
108900118,389,2,387
108900119,151,48,103
108900120,205,185,20
108900121,310,64,246
108900122,75,35,40
108900123,82,75,7
108900124,378,125,253
108900125,189,1,188
108900126,90,17,73
108900127,116,43,73
108900128,87,23,64
108900129,608,89,519
108900130,163,1,162
108900131,378,5,373
108900132,280,81,199
108900133,143,61,82
108900134,206,316,-110
108900135,67,9,58
108900136,19,0,19
108900137,94,0,94
108900138,547,18,529
108900140,178,301,-123
108900141,215,13,202
108900142,79,0,79
108900143,22,0,22
108900144,65,0,65
108900145,124,3,121
108900146,41,0,41
108900147,147,2,145
108900148,69,32,37
108900150,250,7,243
108900151,116,0,116
108900152,112,17,95
108900153,102,695,-593
108900154,4315,507,3808
108900156,125,80,45
108900157,12,668,-656
108900158,229,43,186
108900159,17,363,-346
108900160,7,298,-291
108900161,10,646,-636
108900162,50,1,49
108900163,4,197,-193
108900164,28,91,-63
108900168,11301,2286,9015
108900169,37,149,-112
108900171,10505,2319,8186
108900172,198,37,161
108900173,164,461,-297
108900174,537,712,-175
108900176,115,773,-658
108900177,10260,3734,6526
108900178,6758,2674,4084
108900180,158,248,-90
108900183,208,188,20
108900184,398,151,247
108900185,46,379,-333
108900186,19,411,-392
108900189,339,135,204
108900190,60,3824,-3764
108900192,87,255,-168
108900195,84,356,-272
108900196,27,682,-655
108900199,216,337,-121
108900200,566,397,169
108900201,371,1458,-1087
108900203,493,70,423
108900204,300,17,283
108900205,251,37,214
108900206,284,29,255
108900207,143,52,91
108900208,34,458,-424
108900209,288,702,-414
108900210,113,232,-119
108900211,185,382,-197
108900212,877,1009,-132
108900215,120,788,-668
108900216,699,171,528
108900217,93,0,93
108900218,124,5,119
108900221,44,119,-75
108900224,28,124,-96
108900225,1,216,-215
108900227,122,198,-76
108900230,539,360,179
108900232,4,486,-482
108900233,307,53,254
108900234,192,79,113
108900235,273,699,-426
108900236,18,330,-312
108900240,93,71,22
108900241,23,30,-7
108900245,9,1190,-1181
108900250,273,122,151
108900258,10,341,-331
108900259,45,96,-51
108900260,18,161,-143
108900261,241,199,42
108900262,273,188,85
108900263,55,246,-191
108900264,607,353,254
108900265,1736,316,1420
108900266,2044,465,1579
108900267,3,65,-62
108900268,24,4,20
108900269,56,7,49
108900270,48,7,41
108900271,35,8,27
108900272,148,9,139
108900273,1276,725,551
108900274,48,91,-43
109000001,5352,1469,3883
109000002,3188,2114,1074
109000003,2520,731,1789
109000004,570,3000,-2430
109000005,2957,1089,1868
109000006,911,2912,-2001
109000007,1310,1007,303
109000008,557,2479,-1922
109000009,3809,1723,2086
109000010,1540,5360,-3820
109000011,3183,2305,878
109000012,2055,3965,-1910
109000013,3086,3084,2
109000014,1820,4946,-3126
109000015,4115,6545,-2430
109000016,11493,5482,6011
109000017,2068,1723,345
109000018,3648,6298,-2650
109000019,3735,1582,2153
109000020,1671,2640,-969
109000023,265,42,223
109000024,8,249,-241
109000025,421,576,-155
109000026,1307,417,890
109000027,79,410,-331
109000028,173,97,76
109000029,130,255,-125
109000030,124,382,-258
109000031,217,123,94
109000032,263,1194,-931
109000033,435,174,261
109000034,76,46,30
109000035,21,84,-63
109000036,101,389,-288
109000037,221,1069,-848
109000038,494,350,144
109000039,805,542,263
109000040,5896,5282,614
109000041,5731,1415,4316
109000042,1385,1330,55
109000044,566,193,373
109000045,300,545,-245
109000046,264,75,189
109000047,116,489,-373
109000048,1615,524,1091
109000049,573,519,54
109000050,552,749,-197
109000051,396,287,109
109000052,461,2019,-1558
109000053,928,458,470
109000054,174,936,-762
109000055,240,250,-10
109000056,211,635,-424
109000057,537,389,148
109000058,1924,533,1391
109000059,1056,1211,-155
109000060,1159,354,805
109000061,1829,747,1082
109000062,132,240,-108
109000063,213,277,-64
109000064,124,183,-59
109000065,73,436,-363
109000066,347,149,198
109000067,43,482,-439
109000068,1807,15,1792
109000069,899,34,865
109000070,14,1179,-1165
109000071,396,92,304
109000072,149,682,-533
109000073,59,140,-81
109000074,55,329,-274
109000075,85,367,-282
109000076,183,283,-100
109000077,513,401,112
109000078,66,226,-160
109000079,153,261,-108
109000080,173,171,2
109000081,109,687,-578
109000082,525,316,209
109000083,296,1018,-722
109000088,106,628,-522
109000089,212,45,167
109000090,194,501,-307
109000091,175,105,70
109000092,392,689,-297
109000093,164,117,47
109000094,300,1,299
109000095,140,694,-554
109000096,413,334,79
109000097,108,191,-83
109000098,62,109,-47
109000099,711,563,148
109000100,221,709,-488
109000101,1149,1064,85
109000102,300,949,-649
109000103,666,816,-150
109000104,1142,796,346
109000105,488,1501,-1013
109000106,1560,942,618
109000107,606,2426,-1820
109000108,1693,659,1034
109000109,402,2477,-2075
109000110,1512,619,893
109000111,1640,3592,-1952
109000112,451,213,238
109000113,428,278,150
109000114,136,495,-359
109000115,1631,169,1462
109000116,16,633,-617
109000117,113,139,-26
109000118,16,341,-325
109000119,720,659,61
109000120,142,1183,-1041
109000121,395,240,155
109000122,131,1065,-934
109000123,38,364,-326
109000124,558,520,38
109000125,727,532,195
109000126,394,999,-605
109000127,1010,453,557
109000128,502,2541,-2039
109000129,1412,677,735
109000130,907,4406,-3499
109000131,1280,830,450
109000132,1215,3802,-2587
109000133,452,1339,-887
109000134,911,1899,-988
109000135,1336,1579,-243
109000136,339,474,-135
109000137,334,380,-46
109000138,479,525,-46
109000139,401,515,-114
109000140,247,1173,-926
109000141,641,613,28
109000142,153,645,-492
109000143,72,118,-46
109000145,145,385,-240
109000146,127,136,-9
109000148,4921,1497,3424
109000149,53,53,0
109000150,309,216,93
109000155,487,747,-260
109000156,1763,936,827
109000158,93,311,-218
109000159,154,817,-663
109000160,988,302,686
109000161,295,1750,-1455
109000162,1724,895,829
109000163,953,2337,-1384
109000164,1181,3364,-2183
109000165,980,792,188
109000166,507,174,333
109000167,88,1121,-1033
109000170,49,83,-34
109000171,76,65,11
109000172,72,107,-35
109000173,40,72,-32
109000174,77,55,22
109000175,131,535,-404
109000176,261,354,-93
109000177,12,155,-143
109000178,562,669,-107
109000179,8948,3842,5106
109000180,6404,3413,2991
109000181,9,63,-54
109000182,30,66,-36
109000183,43,54,-11
109000184,24,27,-3
109000185,27,120,-93
109000188,846,3165,-2319
109000189,2974,1058,1916
109000190,458,704,-246
109000191,307,718,-411
109000192,301,265,36
109000193,149,521,-372
109000194,146,135,11
109000195,99,544,-445
109000196,290,145,145
109000197,113,595,-482
109000198,218,101,117
109000199,88,697,-609
109000206,259,54,205
109000207,84,34,50
109000208,106,63,43
109000209,165,191,-26
109000210,247,737,-490
109000211,397,673,-276
109000214,474,1299,-825
109000215,188,105,83
109000216,409,213,196
109000217,191,123,68
109000218,288,192,96
109000221,508,1461,-953
109000222,903,256,647
109000223,225,224,1
109000224,39,309,-270
109000225,53,72,-19
109000226,51,499,-448
109000227,644,1583,-939
109000228,0,402,-402
109000231,1,417,-416
109000232,192,453,-261
109000236,260,893,-633
109000241,2158,2552,-394
109000242,1710,2184,-474
109000293,83,209,-126
109000361,121,342,-221
109000364,155,833,-678
109000396,7,850,-843
109000397,372,7,365
109000399,178,780,-602
109000400,90,391,-301
109000403,101,945,-844
109000406,652,13,639
109000407,238,246,-8
109000408,4,1304,-1300
109000410,1028,224,804
109000411,126,57,69
109900001,77,1,76
109900002,659,12,647
109900003,165,0,165
109900004,86,47,39
109900005,13,5,8
109900006,262,318,-56
109900007,483,990,-507
109900008,0,40,-40
109900009,112,807,-695
109900010,414,29,385
109900011,129,37,92
109900012,229,196,33
109900013,322,133,189
109900014,313,56,257
109900015,564,158,406
109900016,100,38,62
109900017,143,144,-1
109900018,168,83,85
109900019,128,53,75
109900020,21,50,-29
109900021,16,28,-12
109900022,98,507,-409
109900023,14,3,11
109900024,18,3,15
109900025,21,74,-53
109900026,2,52,-50
109900027,30,51,-21
109900028,3356,844,2512
109900029,3,604,-601
109900030,39,5,34
109900031,0,94,-94
109900032,10,341,-331
109900033,7,808,-801
109900034,31,4,27
109900035,10,13,-3
109900036,9,119,-110
109900037,39,660,-621
109900038,38,339,-301
109900039,5,1,4
109900040,18,789,-771
109900041,71,557,-486
109900042,20,450,-430
109900044,104,353,-249
109900045,246,43,203
109900046,97,145,-48
109900047,408,430,-22
109900048,3,124,-121
109900049,17,31,-14
109900050,0,341,-341
109900051,0,78,-78
109900052,43,345,-302
109900053,6,542,-536
109900054,460,217,243
109900055,21,299,-278
109900056,39,263,-224
109900057,3,285,-282
109900058,1,121,-120
109900059,26,18,8
109900060,370,186,184
109900061,66,354,-288
109900062,0,313,-313
109900063,0,51,-51
109900064,464,384,80
109900065,166,137,29
109900066,320,1264,-944
109900067,1,492,-491
109900068,33,8,25
109900069,1,66,-65
109900070,4,41,-37
109900071,1,38,-37
109900072,18,201,-183
109900073,236,906,-670
109900074,9,51,-42
109900075,43,40,3
109900076,68,591,-523
109900077,29,69,-40
109900078,99,288,-189
109900080,123,451,-328
109900081,25,170,-145
109900082,31,605,-574
109900083,23,88,-65
109900084,103,219,-116
109900085,215,1414,-1199
109900086,142,420,-278
109900087,356,449,-93
109900089,588,118,470
109900090,59,207,-148
109900091,25,11,14
109900092,581,16,565
109900093,562,117,445
109900094,79,122,-43
109900095,125,315,-190
109900096,30,2,28
109900097,67,2,65
109900098,336,33,303
109900099,119,3,116
109900100,42,0,42
109900101,312,8,304
109900102,337,24,313
109900103,18,50,-32
109900104,329,1274,-945
109900105,482,34,448
109900106,337,81,256
109900107,366,88,278
109900108,84,516,-432
109900109,25,215,-190
109900110,5,63,-58
109900111,279,1718,-1439
109900112,48,188,-140
109900113,71,44,27
109900114,691,314,377
109900115,103,92,11
109900117,706,193,513
109900118,28,63,-35
109900119,96,45,51
109900120,3,3,0
109900121,552,313,239
109900122,21,0,21
109900123,10,218,-208
109900124,6,80,-74
109900125,8,249,-241
109900126,187,223,-36
109900128,13,17,-4
109900130,15592,1809,13783
109900131,96,205,-109
109900132,44,242,-198
109900133,9,71,-62
109900134,59,80,-21
109900135,494,106,388
109900136,5,23,-18
109900137,101,577,-476
109900140,195,466,-271
109900142,86,60,26
109900145,0,32,-32
109900146,69,2,67
109900148,4,12,-8
109900149,38,93,-55
109900150,2,64,-62
109900151,4,42,-38
109900152,0,24,-24
109900153,0,40,-40
109900154,51,1,50
109900155,47,31,16
109900157,56,304,-248
109900158,9,24,-15
109900159,189,18,171
109900160,16,9,7
109900161,240,71,169
109900162,166,78,88
109900163,904,444,460
109900164,33,282,-249
109900165,187,2,185
109900166,2,171,-169
109900167,156,579,-423
109900168,229,697,-468
109900169,118,232,-114
109900170,318,807,-489
109900171,129,107,22
109900172,138,257,-119
109900173,5150,2017,3133
109900174,39,216,-177
109900175,66,54,12
109900176,73,243,-170
109900177,37,317,-280
109900178,12,104,-92
109900179,33,20,13
109900180,10,13,-3
110000001,1236,685,551
110000002,899,655,244
110000003,978,779,199
110000004,637,623,14
110000005,799,1548,-749
110000006,870,406,464
110000007,184,222,-38
110000008,14,49,-35
110000009,53,60,-7
110000010,73,68,5
110000011,31,141,-110
110000012,919,649,270
110000013,44,546,-502
110000014,714,456,258
110000015,325,706,-381
110000016,344,1250,-906
110000017,4074,276,3798
110000018,4560,607,3953
110000019,7,174,-167
110000020,676,221,455
110000021,1224,487,737
110000022,920,165,755
110000023,6,222,-216
110000024,678,496,182
110000025,163,2,161
110000026,5,719,-714
110000027,827,422,405
110000028,822,734,88
110000029,587,1167,-580
110000030,229,387,-158
110000031,277,786,-509
110000032,737,483,254
110000033,312,76,236
110000034,252,712,-460
110000035,573,1107,-534
110000036,640,692,-52
110000037,142,637,-495
110000038,184,639,-455
110000039,735,2667,-1932
110000040,415,534,-119
110000041,316,1278,-962
110000042,148,234,-86
110000043,420,333,87
110000044,94,68,26
110000045,555,104,451
110000046,11,10,1
110000047,30,13,17
110000048,31,19,12
110000049,133,9,124
110000050,30,27,3
110000051,175,10,165
110000052,56,42,14
110000053,303,8,295
110000054,132,308,-176
110000055,519,39,480
110000056,354,56,298
110000057,371,1057,-686
110000058,1018,697,321
110000059,833,528,305
110000060,740,940,-200
110000061,859,910,-51
110000062,666,895,-229
110000063,32,100,-68
110000064,84,165,-81
110000065,56,77,-21
110000066,95,27,68
110000067,107,471,-364
110000068,198,649,-451
110000069,165,113,52
110000071,73,148,-75
110000073,4,17,-13
110000075,6,104,-98
110000076,285,378,-93
110000077,563,1115,-552
110000078,10,62,-52
110000080,333,755,-422
110000081,41,383,-342
110000082,47,382,-335
110000083,268,819,-551
110000084,914,648,266
110000085,2632,1584,1048
110000086,1152,1581,-429
110000087,5,77,-72
110000088,86,291,-205
110000089,198,223,-25
110000090,92,441,-349
110000091,2466,432,2034
110000092,15,136,-121
110000093,75,3,72
110000094,615,286,329
110000095,171,642,-471
110000096,4183,1851,2332
110000097,1011,1231,-220
110000098,1938,733,1205
110000099,943,1861,-918
110000100,601,1043,-442
110000101,30,529,-499
110000102,41,81,-40
110000104,264,124,140
110000105,82,362,-280
110000106,481,332,149
110000107,469,486,-17
110000108,229,38,191
110000109,263,343,-80
110000110,4579,3644,935
110000111,8283,2563,5720
110000112,1545,757,788
110000113,856,1936,-1080
110000114,141,522,-381
110000115,193,331,-138
110000116,36,64,-28
110000117,142,565,-423
110000118,317,338,-21
110000119,153,478,-325
110000120,302,266,36
110000121,153,333,-180
110000122,380,761,-381
110000123,475,561,-86
110000124,1,903,-902
110000125,864,12,852
110000126,249,21,228
110000127,1044,49,995
110000128,30,1482,-1452
110000129,8,813,-805
110000130,300,168,132
110000131,74,554,-480
110000132,1,769,-768
110000133,53,427,-374
110000134,29,409,-380
110000135,175,31,144
110000136,58,351,-293
110000137,557,748,-191
110000138,568,1067,-499
110000139,667,1781,-1114
110000140,1171,680,491
110000143,882,443,439
110000144,5234,1631,3603
110000145,1381,887,494
110000146,1521,773,748
110000147,393,851,-458
110000148,390,391,-1
110000151,1660,642,1018
110000152,1398,432,966
110000153,61,182,-121
110000154,6,9,-3
110000155,1387,2942,-1555
110000156,970,1902,-932
110000157,1122,1812,-690
110000160,283,457,-174
110000161,149,569,-420
110000166,252,118,134
110000167,748,604,144
110000168,836,434,402
110000169,697,387,310
110000170,126,77,49
110000171,614,232,382
110000172,170,963,-793
110000173,1596,1732,-136
110000174,156,1741,-1585
110000175,360,113,247
110000176,60,320,-260
110000177,152,897,-745
110000178,433,898,-465
110000179,1836,379,1457
110000180,142,466,-324
110000181,254,427,-173
110000182,320,379,-59
110000183,15957,6522,9435
110000184,1846,2374,-528
110000185,847,666,181
110000186,691,819,-128
110000191,525,387,138
110000192,291,4,287
110000193,506,6,500
110000194,18,1553,-1535
110000195,334,410,-76
110000196,201,579,-378
110000197,66,252,-186
110000198,122,78,44
110000199,54,141,-87
110000200,1407,553,854
110000201,620,672,-52
110000202,1065,417,648
110000203,857,1067,-210
110000204,4,440,-436
110000205,81,29,52
110000206,767,1965,-1198
110000207,564,320,244
110000208,135,137,-2
110000209,152,1089,-937
110000210,708,834,-126
110000211,778,1022,-244
110000212,582,1167,-585
110000213,146,84,62
110000214,130,155,-25
110000215,160,774,-614
110000216,85,919,-834
110000217,194,283,-89
110000218,158,646,-488
110000219,224,122,102
110000220,36,519,-483
110000221,212,84,128
110000222,57,434,-377
110000223,3,159,-156
110000224,106,21,85
110000225,214,657,-443
110000226,185,77,108
110000227,893,732,161
110000228,522,391,131
110000229,1,308,-307
110000230,565,672,-107
110000231,174,188,-14
110000232,176,218,-42
110000233,119,326,-207
110000234,522,484,38
110000235,1555,919,636
110000236,552,1080,-528
110000237,1726,1219,507
110000238,1101,1614,-513
110000239,1834,1353,481
110000240,0,99,-99
110000242,0,22,-22
110000243,60,185,-125
110000244,165,478,-313
110000245,53,557,-504
110000246,668,749,-81
110000247,1095,5429,-4334
110000248,2108,2157,-49
110000249,96,5,91
110000250,22,328,-306
110000251,209,672,-463
110000252,179,346,-167
110000253,1025,642,383
110000254,574,1543,-969
110000255,247,1475,-1228
110000256,553,275,278
110000257,852,440,412
110000258,4,605,-601
110000259,85,12,73
110000260,20,507,-487
110000263,442,127,315
110000264,192,695,-503
110000265,1115,2098,-983
110000266,1666,2164,-498
110000267,12,228,-216
110000268,272,589,-317
110000269,5,113,-108
110000270,60,2,58
110000271,3114,323,2791
110000272,1055,1034,21
110000273,2940,1352,1588
110000274,213,1077,-864
110000275,3544,535,3009
110000276,253,267,-14
110000277,194,503,-309
110000278,291,1073,-782
110000279,926,782,144
110000280,350,451,-101
110000281,33,201,-168
110000282,316,54,262
110000283,63,108,-45
110000284,67,63,4
110000285,3,218,-215
110000286,34,2,32
110000287,30,1,29
110000288,3,77,-74
110000289,668,1497,-829
110000290,1437,660,777
110000291,7900,1595,6305
110000292,1348,4093,-2745
110000293,518,1067,-549
110000294,633,986,-353
110000295,83,1075,-992
110000296,250,313,-63
110000297,2332,258,2074
110000298,295,804,-509
110000299,572,69,503
110000301,295,26,269
110000302,316,1833,-1517
110000303,534,8,526
110000304,186,387,-201
110000305,926,14,912
110000306,145,2165,-2020
110000307,1317,12,1305
110000308,428,5,423
110000309,4,1364,-1360
110000310,525,88,437
110000311,16,919,-903
110000312,576,55,521
110000313,2517,3285,-768
110000314,3,455,-452
110000315,3622,1949,1673
110000316,589,1333,-744
110000317,713,400,313
110000318,4,154,-150
110000319,3,18,-15
110000320,53,84,-31
110000321,22,42,-20
110000322,192,614,-422
110000323,311,228,83
110000324,5569,1185,4384
110000325,2428,2546,-118
110000327,485,318,167
110000328,151,497,-346
110000333,970,602,368
110000334,714,1449,-735
110000335,686,513,173
110000336,627,1241,-614
110000337,1640,582,1058
110000338,265,254,11
110000339,266,252,14
110000340,22,208,-186
110000341,590,566,24
110000342,453,1,452
110000343,0,11,-11
110000344,84,245,-161
110000345,116,86,30
110000346,2405,1734,671
110000347,1036,718,318
110000348,29,38,-9
110000349,13,33,-20
110000350,26,3,23
110000351,689,982,-293
110000352,534,1699,-1165
110000353,4362,873,3489
110000354,1279,2612,-1333
110000355,57,88,-31
110000356,952,5,947
110000357,308,8,300
110000361,10,156,-146
110000362,48,31,17
110000363,231,160,71
110000364,110,579,-469
110000365,194,3,191
110000366,6,129,-123
110000367,229,230,-1
110000368,5,103,-98
110000369,31,0,31
110000373,4,358,-354
110000374,127,6,121
110000375,253,853,-600
110000376,26,89,-63
110000377,100,548,-448
110000378,21,345,-324
110000379,4416,1219,3197
110000380,62,16,46
110000383,2,1118,-1116
110000384,2758,1056,1702
110000385,3,175,-172
110000387,85,11,74
110000388,40,291,-251
110000389,735,7,728
110000391,335,357,-22
110000396,109,125,-16
110000397,109,221,-112
110000398,14,62,-48
110000399,211,3,208
110000587,69,57,12
110000589,155,220,-65
110000640,166,141,25
110000652,32,126,-94
110000653,237,534,-297
110000654,70,40,30
110000656,0,729,-729
110000674,34,6,28
110000675,29,9,20
110000676,21,55,-34
110000679,737,1030,-293
110000682,154,188,-34
110000683,467,566,-99
110000684,13,67,-54
110000685,10,13,-3
110000686,3,24,-21
110000687,29,1,28
110000688,87,738,-651
110000689,59,70,-11
110000692,327,297,30
110000693,448,231,217
110000694,0,175,-175
110000695,203,813,-610
110000696,205,180,25
110900001,254,6,248
110900002,543,382,161
110900003,488,1182,-694
110900004,242,237,5
110900005,5250,1748,3502
110900006,44,13,31
110900007,86,18,68
110900008,16,79,-63
110900009,321,77,244
110900010,11,99,-88
110900011,23,186,-163
110900012,10,158,-148
110900013,701,170,531
110900014,128,13,115
110900015,1295,460,835
110900016,51,260,-209
110900017,291,75,216
110900018,342,65,277
110900019,95,24,71
110900020,54,654,-600
110900021,73,657,-584
110900022,95,490,-395
110900023,68,800,-732
110900024,33,642,-609
110900025,14,82,-68
110900027,36,296,-260
110900028,61,199,-138
110900029,21,526,-505
110900030,18,416,-398
110900031,109,224,-115
110900032,0,123,-123
110900033,31,320,-289
110900035,60,648,-588
110900036,159,41,118
110900037,50,36,14
110900038,1719,224,1495
110900039,10,283,-273
110900040,237,29,208
110900041,6,203,-197
110900042,104,78,26
110900043,3,198,-195
110900044,305,18,287
110900045,59,762,-703
110900046,149,437,-288
110900047,1000,211,789
110900049,33,57,-24
110900050,21,5,16
110900051,44,238,-194
110900052,4,270,-266
110900053,72,50,22
110900054,16,260,-244
110900055,20,1,19
110900056,50,140,-90
110900057,4,296,-292
110900058,164,327,-163
110900059,680,1052,-372
110900060,380,147,233
110900061,42,61,-19
110900062,126,408,-282
110900063,45,176,-131
110900064,3,0,3
110900065,507,211,296
110900066,8,124,-116
110900067,736,648,88
110900068,242,251,-9
110900069,8,25,-17
110900070,118,42,76
110900071,274,417,-143
110900073,0,26,-26
110900074,241,120,121
110900075,266,75,191
110900077,551,548,3
110900078,40,186,-146
110900079,2885,869,2016
110900080,86,74,12
110900081,3,135,-132
110900082,92,388,-296
110900083,79,60,19
110900084,56,241,-185
110900085,40,465,-425
110900086,43,190,-147
110900087,240,97,143
110900088,23,0,23
110900090,27,39,-12
110900091,5,75,-70
110900093,312,71,241
110900095,39,42,-3
110900097,15,26,-11
110900098,44,172,-128
110900099,45,814,-769
110900100,0,27,-27
110900102,65,25,40
110900105,761,582,179
110900108,7,133,-126
110900111,379,125,254
110900112,522,2,520
110900113,594,61,533
110900115,27,186,-159
110900116,462,2867,-2405
110900118,168,2100,-1932
110900119,6570,483,6087
110900120,11,204,-193
110900121,70,2,68
110900122,265,160,105
110900125,268,310,-42
110900127,1035,1176,-141
110900128,504,419,85
110900129,305,482,-177
110900130,1354,580,774
110900131,145,28,117
110900132,188,53,135
110900133,82,328,-246
110900135,103,594,-491
110900136,258,15,243
110900138,0,0,0
110900139,74,1,73
110900140,6,0,6
110900141,811,195,616
110900142,71,298,-227
110900143,97,146,-49
110900144,1,913,-912
110900145,103,27,76
110900146,342,89,253
110900147,235,290,-55
110900148,2,370,-368
110900149,1,92,-91
110900150,38,20,18
110900151,2,98,-96
110900152,26,397,-371
110900153,150,27,123
111000001,772,754,18
111000002,1102,1212,-110
111000003,1705,1572,133
111000004,1174,1756,-582
111000005,1785,1719,66
111000006,1256,2458,-1202
111000007,6876,4624,2252
111000008,6235,4548,1687
111000009,559,1180,-621
111000010,972,324,648
111000011,474,1259,-785
111000012,888,513,375
111000013,420,1551,-1131
111000014,1348,949,399
111000017,120,682,-562
111000018,276,385,-109
111000020,2931,2734,197
111000021,84,184,-100
111000023,92,192,-100
111000025,8923,3402,5521
111000029,67,107,-40
111000030,37,92,-55
111000031,2211,1204,1007
111000032,737,324,413
111000033,320,244,76
111000034,571,268,303
111000037,3156,1353,1803
111000038,4519,3078,1441
111000039,1976,3264,-1288
111000040,1881,3547,-1666
111000041,1836,2086,-250
111000042,7183,2815,4368
111000043,2775,2574,201
111000044,1422,1131,291
111000045,2151,2127,24
111000046,1687,1672,15
111000047,2615,3709,-1094
111000049,512,525,-13
111000050,2508,1910,598
111000051,637,1497,-860
111000052,659,1727,-1068
111000053,478,1399,-921
111000054,381,1416,-1035
111000055,1084,2366,-1282
111000056,154,753,-599
111000057,84,851,-767
111000058,278,159,119
111000059,288,405,-117
111000060,3380,1086,2294
111000061,482,430,52
111000062,771,301,470
111000063,1635,1177,458
111000064,450,621,-171
111000065,980,1012,-32
111000066,440,395,45
111000067,581,856,-275
111000068,417,1061,-644
111000069,1918,2271,-353
111000070,2875,1458,1417
111000071,301,1065,-764
111000072,952,526,426
111000073,357,1056,-699
111000074,1428,1831,-403
111000075,976,1071,-95
111000076,373,991,-618
111000077,1572,2139,-567
111000078,2607,1333,1274
111000079,1555,1012,543
111000080,450,842,-392
111000081,2638,4158,-1520
111000082,633,891,-258
111000084,731,701,30
111000085,1325,1844,-519
111000086,4735,1717,3018
111000087,740,1023,-283
111000088,9285,2180,7105
111000089,664,850,-186
111000090,1168,1447,-279
111000091,692,756,-64
111000092,1179,1158,21
111000093,619,965,-346
111000094,1907,945,962
111000095,587,2300,-1713
111000096,2436,7256,-4820
111000097,7570,1393,6177
111000098,751,1574,-823
111000099,576,2847,-2271
111000100,332,2675,-2343
111000101,440,945,-505
111000102,179,964,-785
111000104,452,316,136
111000107,107,1107,-1000
111000109,391,315,76
111000110,1454,777,677
111000111,1605,562,1043
111000112,1442,545,897
111000113,849,1411,-562
111000114,2698,2996,-298
111000115,8698,1320,7378
111000116,897,1195,-298
111000117,583,1000,-417
111000118,1631,1228,403
111000119,903,1905,-1002
111000120,405,727,-322
111000121,268,771,-503
111000122,705,1265,-560
111000123,952,3634,-2682
111000124,507,4098,-3591
111000125,227,2299,-2072
111000126,78,1106,-1028
111000127,669,268,401
111000128,1239,450,789
111000129,2193,566,1627
111000130,1541,786,755
111000131,1178,557,621
111000132,959,638,321
111000133,118,198,-80
111000134,140,150,-10
111000135,40,128,-88
111000136,328,398,-70
111000138,7,14,-7
111000140,2,8,-6
111000141,201,348,-147
111000142,21,132,-111
111000143,8,101,-93
111000144,40,143,-103
111000145,1648,21,1627
111000146,59,12,47
111000147,246,40,206
111000148,145,74,71
111000149,4,51,-47
111000150,12,27,-15
111000151,3,39,-36
111000153,643,698,-55
111000154,1097,195,902
111000155,171,250,-79
111000156,653,705,-52
111000157,197,839,-642
111000158,1129,837,292
111000159,3766,792,2974
111000160,279,476,-197
111000161,23,351,-328
111000162,85,179,-94
111000163,606,988,-382
111000164,1141,3911,-2770
111000165,1650,595,1055
111000166,1977,462,1515
111000167,199,644,-445
111000168,283,639,-356
111000169,429,660,-231
111000170,554,546,8
111000171,487,1111,-624
111000172,129,941,-812
111000173,306,1981,-1675
111000174,153,997,-844
111000175,44,359,-315
111000176,196,198,-2
111000177,212,388,-176
111000178,1076,484,592
111000179,139,276,-137
111000180,166,421,-255
111000181,696,407,289
111000182,129,329,-200
111000183,242,472,-230
111000184,317,373,-56
111000185,365,632,-267
111000186,321,407,-86
111000187,147,415,-268
111000188,185,532,-347
111000189,1781,730,1051
111000190,163,568,-405
111000191,162,547,-385
111000192,245,784,-539
111000193,636,468,168
111000194,63,533,-470
111000195,112,592,-480
111000196,48,392,-344
111000197,341,229,112
111000198,378,128,250
111000199,158,189,-31
111000200,242,408,-166
111000201,357,228,129
111000202,230,205,25
111000203,201,193,8
111000204,519,709,-190
111000213,204,513,-309
111000214,1496,2665,-1169
111000215,1051,1880,-829
111000217,1304,1013,291
111000218,940,1156,-216
111000219,631,345,286
111000220,3328,606,2722
111000221,1515,156,1359
111000224,117,716,-599
111000225,351,304,47
111000226,311,5,306
111000227,74,8,66
111000228,21,222,-201
111000229,29,471,-442
111000230,332,727,-395
111000231,742,1486,-744
111000232,359,884,-525
111000233,399,865,-466
111000234,72,276,-204
111000239,154,268,-114
111000240,37,205,-168
111000241,25,556,-531
111000242,127,110,17
111000243,90,985,-895
111000244,289,151,138
111000245,898,692,206
111000246,334,706,-372
111000247,160,1193,-1033
111000248,430,638,-208
111000249,474,984,-510
111000250,29,150,-121
111000251,32,149,-117
111000253,17,13,4
111000255,21,6,15
111000257,26,11,15
111000260,59,1274,-1215
111000261,932,90,842
111000271,65,408,-343
111000273,9361,2261,7100
111000274,1271,2222,-951
111000275,119,109,10
111000276,286,2440,-2154
111000277,204,466,-262
111000278,635,270,365
111000291,777,5465,-4688
111000298,447,397,50
111000299,746,151,595
111000300,81,743,-662
111000302,187,121,66
111000303,83,278,-195
111000312,54,72,-18
111000315,41,536,-495
111000320,393,757,-364
111000321,228,98,130
111000322,270,604,-334
111000323,127,14,113
111000324,348,285,63
111000325,36,86,-50
111000326,141,411,-270
111000327,367,807,-440
111000328,226,556,-330
111000329,1,34,-33
111000330,33,46,-13
111000331,15,11,4
111000332,349,1531,-1182
111000334,323,2115,-1792
111000335,503,236,267
111000337,672,494,178
111000338,31,127,-96
111000339,300,679,-379
111000340,107,1030,-923
111000341,997,522,475
111000342,339,391,-52
111000344,837,806,31
111000345,262,57,205
111000346,12,150,-138
111000347,102,3,99
111000350,174,171,3
111000351,85,273,-188
111000352,165,174,-9
111000353,63,275,-212
111000354,429,167,262
111000355,281,736,-455
111000358,106,2286,-2180
111000360,144,1092,-948
111000361,139,535,-396
111000546,490,888,-398
111000547,271,944,-673
111000548,97,197,-100
111000549,248,577,-329
111000550,142,612,-470
111000551,645,231,414
111000552,2239,106,2133
111000907,451,8,443
111000908,16,2,14
111000916,1049,342,707
111000917,40,423,-383
111000918,127,1471,-1344
111000920,403,38,365
111000921,2,565,-563
111000922,309,393,-84
111000924,36,1265,-1229
111000925,1991,2526,-535
111000926,972,3453,-2481
111000927,2917,5246,-2329
111000928,6496,5085,1411
111000929,820,1284,-464
111000930,818,3364,-2546
111000931,1810,2365,-555
111000932,4609,2902,1707
111000933,3710,2075,1635
111000934,2991,3467,-476
111000935,1368,1138,230
111000936,1317,2899,-1582
111000937,965,1458,-493
111000938,2434,3083,-649
111000939,334,82,252
111000940,302,267,35
111000941,220,868,-648
111000943,284,341,-57
111000944,159,745,-586
111000945,103,2969,-2866
111001109,603,245,358
111001110,284,687,-403
111001111,32,6,26
111001112,285,3,282
111001113,18,233,-215
111001114,1729,108,1621
111001115,154,333,-179
111001116,6778,3695,3083
111001117,771,1511,-740
111001120,100,519,-419
111001121,187,468,-281
111001122,214,881,-667
111001123,137,334,-197
111001124,183,388,-205
111001125,1,48,-47
111001126,22,1,21
111001127,1,214,-213
111001128,327,742,-415
111900001,3,366,-363
111900002,6,1121,-1115
111900003,0,512,-512
111900004,28,176,-148
111900006,2,21,-19
111900007,38,3,35
111900008,66,2,64
111900009,74,2,72
111900010,307,648,-341
111900012,68,132,-64
111900013,6,69,-63
111900014,8876,2331,6545
111900015,1,74,-73
111900016,2,160,-158
111900017,1,169,-168
111900018,122,1,121
111900019,0,77,-77
111900020,2,49,-47
111900021,39,88,-49
111900022,7,84,-77
111900023,110,88,22
111900024,10,82,-72
111900025,0,46,-46
111900026,2,112,-110
111900027,6,196,-190
111900028,2,545,-543
111900029,3,94,-91
111900030,61,529,-468
111900031,0,6,-6
111900032,7,489,-482
111900033,3,81,-78
111900034,378,962,-584
111900035,29,329,-300
111900036,4,434,-430
111900038,333,887,-554
111900039,44,612,-568
111900040,3,743,-740
111900042,33,176,-143
111900043,4,502,-498
111900044,322,471,-149
111900046,54,301,-247
111900048,133,1319,-1186
111900049,46,319,-273
111900050,112,28,84
111900051,2,376,-374
111900052,448,562,-114
111900053,1803,742,1061
111900054,95,7,88
111900055,22,770,-748
111900056,397,217,180
111900057,74,86,-12
111900058,229,982,-753
111900059,4455,475,3980
111900060,249,4,245
111900061,19,391,-372
111900062,24,38,-14
111900063,269,319,-50
111900064,212,461,-249
111900065,54,24,30
111900066,75,187,-112
111900067,0,498,-498
111900068,35,50,-15
111900069,46,30,16
111900070,103,157,-54
111900071,2,475,-473
111900072,21,12,9
111900073,433,87,346
111900074,12,354,-342
111900075,51,4,47
111900076,91,34,57
111900077,13,0,13
111900078,117,13,104
111900079,23,9,14
111900080,290,192,98
111900082,60,16,44
111900083,53,7,46
111900084,33,1,32
111900085,34,116,-82
111900086,35,1,34
111900087,33,1,32
111900088,349,10,339
111900089,54,1,53
111900090,76,29,47
111900091,76,1,75
111900092,72,1,71
111900093,197,6,191
111900094,153,1,152
111900095,127,19,108
111900096,75,1,74
111900097,17,0,17
111900098,96,1,95
111900099,74,0,74
111900100,70,1,69
111900101,80,15,65
111900102,219,962,-743
111900103,83,68,15
111900104,188,78,110
111900105,358,172,186
111900106,1782,62,1720
111900110,3184,374,2810
111900111,100,290,-190
111900112,1028,1472,-444
111900113,360,105,255
111900118,276,60,216
111900119,275,92,183
111900122,61,26,35
111900123,16,39,-23
111900124,19,115,-96
111900125,356,18,338
111900126,197,3,194
111900127,0,782,-782
111900128,6,721,-715
111900129,238,54,184
111900130,134,13,121
111900131,300,1,299
111900132,25,1581,-1556
111900133,5,465,-460
111900134,14,403,-389
111900135,6,14,-8
111900136,64,162,-98
111900137,57,56,1
111900138,3,90,-87
111900139,9,150,-141
111900140,50,26,24
111900141,52,10,42
111900142,66,45,21
111900143,38,303,-265
111900144,0,135,-135
111900145,6,562,-556
111900146,2,311,-309
111900147,176,644,-468
111900148,31,979,-948
111900149,8,485,-477
111900150,8,227,-219
111900151,8,27,-19
111900152,62,86,-24
111900153,1876,328,1548
111900154,8,176,-168
111900155,29,55,-26
111900156,25,39,-14
111900157,76,10,66
111900158,342,26,316
111900159,147,1,146
111900160,146,0,146
111900161,77,0,77
111900162,101,168,-67
111900163,31,392,-361
111900164,100,56,44
111901113,243,196,47
111901114,121,499,-378
111901115,57,1,56
111901116,36,1,35
111901117,17,24,-7
111901118,236,126,110
111901119,1793,113,1680
111901121,217,577,-360
111901122,5,782,-777
111901123,88,483,-395
111901124,94,1,93
111901125,221,438,-217
111901127,1313,266,1047
111901128,16,148,-132
111901129,6,226,-220
111901130,9,481,-472
111901131,12,257,-245
111901132,227,16,211
111901133,72,3,69
111901134,42,1,41
111901135,12,13,-1
111901136,0,26,-26
111901138,154,60,94
111901139,16,60,-44
111901140,9,259,-250
111901141,14,507,-493
111901142,7,284,-277
111901143,2,156,-154
111901144,41,59,-18
111901145,277,336,-59
111901146,454,25,429
111901147,1859,170,1689
111901148,36,61,-25
111901149,22,2,20
111901150,113,0,113
111901151,0,0,0
112000001,1698,1333,365
112000002,865,2876,-2011
112000003,894,1355,-461
112000004,852,1794,-942
112000005,2418,2552,-134
112000006,2323,2680,-357
112000007,1986,1690,296
112000008,2566,4481,-1915
112000009,4568,5110,-542
112000010,2979,3359,-380
112000011,2541,3006,-465
112000012,4723,2344,2379
112000013,5950,3160,2790
112000014,2832,726,2106
112000015,3265,2522,743
112000016,6154,959,5195
112000017,3253,1271,1982
112000024,2866,911,1955
112000026,5374,6446,-1072
112000027,1107,632,475
112000028,2893,2027,866
112000029,377,668,-291
112000030,255,129,126
112000031,1681,3697,-2016
112000032,466,45,421
112000033,2034,1028,1006
112000034,352,42,310
112000035,109,189,-80
112000036,1162,681,481
112000037,1239,749,490
112000038,1179,894,285
112000039,58,128,-70
112000040,128,282,-154
112000041,749,522,227
112000042,1664,349,1315
112000050,1052,1805,-753
112000051,916,1203,-287
112000054,2652,3442,-790
112000057,453,414,39
112000058,366,574,-208
112000059,495,945,-450
112000061,4872,2007,2865
112000062,1864,713,1151
112000063,1949,1759,190
112000064,5050,6941,-1891
112000065,2502,3148,-646
112000066,3973,1422,2551
112000067,855,728,127
112000068,3319,2139,1180
112000069,889,2101,-1212
112000070,1835,990,845
112000071,964,3187,-2223
112000072,1652,1101,551
112000073,2581,2020,561
112000074,2434,1179,1255
112000075,1437,1466,-29
112000076,3793,3358,435
112000077,433,793,-360
112000078,1356,799,557
112000079,1152,1327,-175
112000080,663,928,-265
112000081,1743,2272,-529
112000082,1530,836,694
112000083,633,1586,-953
112000084,1166,1017,149
112000085,1183,1588,-405
112000086,1837,1846,-9
112000087,264,1070,-806
112000088,433,828,-395
112000089,299,346,-47
112000090,321,427,-106
112000091,713,1346,-633
112000092,1293,1167,126
112000093,1833,1315,518
112000094,536,1043,-507
112000095,728,1044,-316
112000096,379,931,-552
112000097,997,511,486
112000098,1000,1894,-894
112000099,672,852,-180
112000100,1318,1044,274
112000101,557,1044,-487
112000102,694,892,-198
112000103,403,1343,-940
112000105,719,2737,-2018
112000106,1158,770,388
112000107,87,204,-117
112000108,253,2322,-2069
112000109,137,179,-42
112000110,1545,730,815
112000111,1313,3753,-2440
112000112,2584,741,1843
112000113,1003,2039,-1036
112000114,2047,1303,744
112000115,347,629,-282
112000116,375,1334,-959
112000117,1196,1003,193
112000118,1287,950,337
112000119,683,1109,-426
112000120,69,443,-374
112000121,116,704,-588
112000122,221,180,41
112000123,482,162,320
112000124,255,71,184
112000125,228,167,61
112000126,122,935,-813
112000127,2037,1648,389
112000128,799,707,92
112000129,104,132,-28
112000130,145,64,81
112000131,56,676,-620
112000132,107,292,-185
112000133,334,466,-132
112000134,430,382,48
112000135,734,779,-45
112000136,1173,1420,-247
112000137,1133,1826,-693
112000138,1455,1282,173
112000139,1278,366,912
112000140,1175,1318,-143
112000141,687,302,385
112000142,224,1093,-869
112000143,945,368,577
112000144,353,2165,-1812
112000145,1884,754,1130
112000146,683,2730,-2047
112000147,1910,1879,31
112000148,1878,2877,-999
112000149,283,1094,-811
112000150,185,838,-653
112000151,447,895,-448
112000152,226,522,-296
112000153,252,428,-176
112000154,101,178,-77
112000155,352,110,242
112000157,1420,594,826
112000158,242,1028,-786
112000159,395,442,-47
112000167,413,53,360
112000169,1173,547,626
112000173,473,178,295
112000175,340,614,-274
112000176,4059,2036,2023
112000177,575,129,446
112000178,106,592,-486
112000179,189,196,-7
112000180,214,343,-129
112000181,1436,2095,-659
112000182,730,2244,-1514
112000183,77,81,-4
112000184,265,868,-603
112000185,387,687,-300
112000187,3256,2218,1038
112000195,225,12,213
112000196,156,1,155
112000197,110,87,23
112000198,21,325,-304
112000199,1621,1198,423
112000202,276,1,275
112000216,71,253,-182
112000230,69,7,62
112000231,0,310,-310
112000256,81,191,-110
112000313,157,177,-20
112000314,47,25,22
112000337,195,553,-358
112000352,360,287,73
112000392,1977,1662,315
112000398,1087,935,152
112000399,10228,2900,7328
112000400,1957,4832,-2875
112000401,3451,3901,-450
112000402,2160,2475,-315
112000403,4931,2968,1963
112000404,607,706,-99
112000405,1605,3034,-1429
112000406,4384,4352,32
112000407,4828,6970,-2142
112000408,8947,8784,163
112000409,2385,7271,-4886
112000410,416,210,206
112000411,6642,1103,5539
112000412,1453,601,852
112000413,12671,3860,8811
112000414,85,204,-119
112000415,114,72,42
112000416,1900,1548,352
112000417,247,102,145
112000421,41,226,-185
112000422,345,906,-561
112000424,4348,2770,1578
112000425,467,2003,-1536
112000426,158,389,-231
112000427,1,14,-13
112000428,166,572,-406
112000429,2977,4130,-1153
112000430,4338,4270,68
112000431,112,155,-43
112000432,594,2741,-2147
112000433,576,921,-345
112000437,64,368,-304
112900001,39,4,35
112900002,210,1467,-1257
112900003,51,479,-428
112900004,30,353,-323
112900005,138,295,-157
112900007,19,296,-277
112900008,1,24,-23
112900009,308,82,226
112900010,266,875,-609
112900011,413,372,41
112900012,0,63,-63
112900013,1,183,-182
112900014,5,310,-305
112900015,389,1030,-641
112900016,5,395,-390
112900017,22,265,-243
112900018,100,942,-842
112900019,95,177,-82
112900020,446,1743,-1297
112900021,3,341,-338
112900022,14,86,-72
112900023,0,325,-325
112900024,28,288,-260
112900025,85,381,-296
112900026,6,387,-381
112900027,3,1525,-1522
112900028,29,167,-138
112900029,13,999,-986
112900030,292,237,55
112900031,3,714,-711
112900032,105,352,-247
112900034,2,84,-82
112900035,6,600,-594
112900036,46,220,-174
112900037,360,156,204
112900038,397,163,234
112900039,29,372,-343
112900040,5,409,-404
112900041,1960,1149,811
112900042,50,570,-520
112900043,36,38,-2
112900044,926,458,468
112900045,508,366,142
112900046,249,126,123
112900047,17,19,-2
112900049,157,76,81
112900050,110,570,-460
112900051,306,819,-513
112900052,9,1484,-1475
112900053,491,101,390
112900054,352,45,307
112900055,148,27,121
112900056,382,199,183
112900057,29,993,-964
112900058,263,315,-52
112900059,187,178,9
112900060,8,359,-351
112900061,63,186,-123
112900062,69,159,-90
112900063,146,13,133
112900064,170,284,-114
112900065,40,13,27
112900066,124,119,5
112900067,697,192,505
112900068,37,39,-2
112900069,3240,563,2677
112900071,37,4,33
112900072,533,1257,-724
112900073,333,73,260
112900074,67,178,-111
112900075,2892,733,2159
112900076,124,19,105
112900078,241,347,-106
112900079,200,15,185
112900080,25,3,22
112900081,25,130,-105
112900082,366,25,341
112900083,78,64,14
112900084,186,90,96
112900086,32,2,30
112900087,435,78,357
112900088,60,22,38
112900089,570,16,554
112900090,31,13,18
112900091,166,6,160
112900092,185,222,-37
112900093,1171,19,1152
112900095,35,6,29
112900096,264,111,153
112900097,32,540,-508
112900098,136,0,136
112900099,528,8,520
112900100,48,0,48
112900101,172,2,170
112900102,127,9,118
112900103,106,4,102
112900104,328,1,327
112900105,11,0,11
112900106,384,120,264
112900107,2,1,1
112900108,79,0,79
112900109,70,1,69
112900110,671,5,666
112900111,458,5,453
112900112,262,2,260
112900113,1,27,-26
112900114,95,35,60
112900115,624,4,620
112900116,52,53,-1
112900117,260,120,140
112900118,25,108,-83
112900119,144,3,141
112900120,993,266,727
112900121,542,257,285
112900122,20,203,-183
112900123,193,16,177
112900124,5,158,-153
112900125,49,438,-389
112900126,191,245,-54
112900127,285,90,195
112900128,481,1070,-589
112900129,5,1181,-1176
112900130,207,64,143
112900131,42,338,-296
112900132,71,748,-677
112900133,23,1356,-1333
112900134,4,274,-270
112900135,57,36,21
112900137,2,894,-892
112900138,5,531,-526
112900139,235,1339,-1104
112900141,662,27,635
112900142,63,128,-65
112900143,46,733,-687
112900144,15,1578,-1563
112900145,59,543,-484
112900146,15,1899,-1884
112900147,5,2972,-2967
112900148,60,0,60
112900149,224,627,-403
112900151,18,63,-45
112900152,6653,1082,5571
112900153,2499,1711,788
112900154,0,174,-174
112900155,171,33,138
112900156,207,2162,-1955
112900157,231,218,13
112900158,39,16,23
112900159,156,64,92
112900160,48,370,-322
112900161,87,30,57
112900162,17,19,-2
112900163,187,48,139
112900164,44,161,-117
112900165,118,58,60
112900166,96,44,52
112900167,0,49,-49
112900168,1,2,-1
112900169,4,5,-1
112900170,53,126,-73
112900172,86,14,72
112900173,248,150,98
112900174,249,27,222
112900175,177,145,32
112900176,31,24,7
112900177,219,48,171
112900178,669,2348,-1679
112900179,70,675,-605
112900180,1833,2330,-497
112900181,409,4,405
112900182,49,1830,-1781
112900183,184,248,-64
112900184,688,516,172
112900185,267,471,-204
112900186,1481,943,538
112900187,84,498,-414
112900188,681,384,297
112900189,4,26,-22
112900190,21,59,-38
112900192,475,558,-83
112900193,1209,411,798
112900194,54,197,-143
112900195,1334,35,1299
112900196,301,738,-437
112900197,148,437,-289
112900199,382,827,-445
112900200,503,362,141
112900201,60,124,-64
112900202,292,1114,-822
112900203,152,490,-338
112900204,1091,493,598
112900205,2,4,-2
112900206,23,117,-94
112900207,6,0,6
112900208,72,225,-153
112900209,703,452,251
112900210,0,42,-42
112900211,115,63,52
112900212,0,142,-142
112900213,36,20,16
112900214,36,12,24
112900215,3,283,-280
112900216,39,84,-45
112900217,1,57,-56
112900218,9,21,-12
112900219,44,9,35
112900220,0,0,0
112900221,22,205,-183
112900222,0,49,-49
112900223,870,16,854
112900224,191,890,-699
112900225,209,645,-436
112900226,169,331,-162
112900227,222,1171,-949
112900228,31,51,-20
112900229,126,90,36
112900230,8712,3916,4796
112900232,163,161,2
112900233,71,220,-149
112900234,6,132,-126
112900235,95,32,63
112900236,184,11,173
112900237,134,573,-439
112900238,2,35,-33
112900239,1096,358,738
112900240,4,228,-224
112900241,13,334,-321
112900242,8,515,-507
112900243,7,306,-299
112900244,3,204,-201
112900245,3,70,-67
112900246,2,14,-12
112900247,168,26,142
112900248,18,2,16
112900249,37,14,23
112900250,54,30,24
112900251,45,17,28
112900252,46,30,16
112900253,29,16,13
112900254,10,6,4
112900255,0,27,-27
112900256,3,20,-17
112900257,19,38,-19
112900258,25,34,-9
113000001,6368,9509,-3141
113000002,4179,4823,-644
113000003,2246,4262,-2016
113000004,2455,3822,-1367
113000005,2458,1671,787
113000006,1618,2358,-740
113000007,2183,1993,190
113000008,2553,2923,-370
113000009,1317,1524,-207
113000010,1215,2214,-999
113000011,1094,1663,-569
113000012,1367,1425,-58
113000013,1912,960,952
113000014,1925,1439,486
113000015,651,232,419
113000016,510,491,19
113000017,31,276,-245
113000018,644,91,553
113000019,63,253,-190
113000020,226,27,199
113000021,4469,912,3557
113000022,888,1636,-748
113000025,230,443,-213
113000026,749,450,299
113000027,3027,453,2574
113000028,1697,344,1353
113000029,908,804,104
113000030,711,593,118
113000031,359,431,-72
113000032,330,359,-29
113000033,312,452,-140
113000034,516,437,79
113000035,31,60,-29
113000036,30,55,-25
113000037,72,44,28
113000038,7,71,-64
113000039,61,1226,-1165
113000040,140,149,-9
113000042,1481,768,713
113000051,868,3224,-2356
113000052,3100,1913,1187
113000053,483,935,-452
113000054,391,1135,-744
113000055,1313,1134,179
113000056,874,1875,-1001
113000058,929,845,84
113000059,1396,797,599
113000060,205,587,-382
113000061,1177,1277,-100
113000062,1926,244,1682
113000063,102,421,-319
113000064,35,567,-532
113000065,190,1429,-1239
113000066,517,173,344
113000067,1478,1557,-79
113000068,423,2520,-2097
113000069,593,1896,-1303
113000070,1781,1185,596
113000071,306,939,-633
113000072,601,665,-64
113000073,766,1847,-1081
113000074,1026,681,345
113000075,2635,790,1845
113000076,1790,2060,-270
113000077,1423,661,762
113000078,1069,2380,-1311
113000079,816,926,-110
113000080,836,718,118
113000081,776,1058,-282
113000082,1310,772,538
113000083,628,1040,-412
113000084,2011,1257,754
113000085,810,793,17
113000086,1347,1441,-94
113000087,874,1120,-246
113000088,3316,1535,1781
113000089,1164,1721,-557
113000090,339,769,-430
113000091,758,422,336
113000094,1696,261,1435
113000095,432,1311,-879
113000096,344,1121,-777
113000097,1386,444,942
113000098,141,66,75
113000099,1677,408,1269
113000100,178,543,-365
113000101,607,706,-99
113000102,848,386,462
113000103,3706,753,2953
113000104,456,5160,-4704
113000105,887,676,211
113000106,570,623,-53
113000107,1152,1498,-346
113000108,1461,1973,-512
113000109,896,8392,-7496
113000110,1651,750,901
113000111,347,1482,-1135
113000112,467,563,-96
113000113,1627,648,979
113000114,377,2127,-1750
113000116,833,287,546
113000117,1099,170,929
113000118,297,643,-346
113000119,341,411,-70
113000120,64,342,-278
113000121,713,1032,-319
113000124,298,197,101
113000125,46,718,-672
113000127,4299,573,3726
113000128,520,623,-103
113000129,570,1348,-778
113000133,5340,1557,3783
113000134,48,1843,-1795
113000135,3411,4326,-915
113000137,1919,2836,-917
113000139,339,179,160
113000140,147,308,-161
113000141,226,161,65
113000142,529,907,-378
113000143,231,224,7
113000144,313,819,-506
113000145,43,242,-199
113000146,154,152,2
113000147,189,242,-53
113000148,126,195,-69
113000149,81,121,-40
113000150,594,525,69
113000151,127,102,25
113000152,63,162,-99
113000153,2028,572,1456
113000154,601,1779,-1178
113000155,333,564,-231
113000156,149,475,-326
113000157,343,1082,-739
113000158,626,248,378
113000159,691,841,-150
113000160,744,1449,-705
113000161,213,648,-435
113000162,495,478,17
113000163,108,86,22
113000164,28,111,-83
113000166,151,97,54
113000167,27,196,-169
113000168,39,156,-117
113000169,139,98,41
113000170,178,141,37
113000171,61,124,-63
113000172,235,149,86
113000173,38,36,2
113000174,121,624,-503
113000175,322,234,88
113000176,476,299,177
113000177,196,576,-380
113000178,201,468,-267
113000179,328,302,26
113000180,983,2193,-1210
113000181,1315,1115,200
113000182,260,650,-390
113000183,268,636,-368
113000184,53,133,-80
113000189,528,951,-423
113000190,1137,500,637
113000192,3435,1335,2100
113000193,7813,1129,6684
113000194,4241,961,3280
113000195,4386,587,3799
113000196,567,158,409
113000197,3260,1172,2088
113000198,52,416,-364
113000199,1358,518,840
113000201,2151,211,1940
113000202,5170,5688,-518
113000203,903,452,451
113000204,2699,1320,1379
113000205,50,38,12
113000206,14,24,-10
113000207,82,22,60
113000208,40,34,6
113000209,18,34,-16
113000210,6,40,-34
113000211,648,282,366
113000212,588,23,565
113000213,69,393,-324
113000214,241,490,-249
113000234,172,1644,-1472
113000410,588,298,290
113000411,2964,5578,-2614
113000412,12633,3322,9311
113000413,5334,3079,2255
113000414,9271,13067,-3796
113000415,3004,3792,-788
113000416,9726,5043,4683
113000417,3237,3964,-727
113000418,3858,3508,350
113000419,1567,1994,-427
113000420,3782,4854,-1072
113000421,4272,6732,-2460
113000422,16402,11985,4417
113000423,3180,4681,-1501
113000424,4782,13389,-8607
113000425,50,189,-139
113000428,199,16,183
113000430,55,73,-18
113000432,2373,190,2183
113000433,112,1110,-998
113000434,29,274,-245
113000435,50,927,-877
113000436,101,1694,-1593
113000437,637,23,614
113000438,256,10,246
113000439,34,210,-176
113000440,153,40,113
113000441,197,493,-296
113000442,172,299,-127
113000443,166,535,-369
113000444,174,391,-217
113000445,113,260,-147
113000446,44,138,-94
113000448,616,310,306
113000449,458,1889,-1431
113000450,1580,9072,-7492
113000451,3064,316,2748
113000452,573,1057,-484
113000453,169,333,-164
113000454,4256,53,4203
113000455,187,180,7
113000456,4153,2465,1688
113000468,3965,341,3624
113000469,785,207,578
113000470,790,154,636
113000471,25,928,-903
113000472,129,379,-250
113000474,419,1048,-629
113000475,1856,2770,-914
113000476,1187,2194,-1007
113000477,2419,2427,-8
113000478,4862,8311,-3449
113000479,35,336,-301
113000485,10,0,10
113000486,50,0,50
113000487,0,10,-10
113000488,3,1,2
113000489,2,8,-6
113000490,0,7,-7
113000491,4,10,-6
113000492,4,0,4
113000493,4,0,4
113000495,344,322,22
113000496,140,243,-103
113000499,0,0,0
113900001,12,429,-417
113900002,5,394,-389
113900003,5,307,-302
113900004,5,101,-96
113900005,10,57,-47
113900006,3,92,-89
113900007,1221,1,1220
113900008,716,3,713
113900009,1269,8,1261
113900010,789,16,773
113900011,99,3,96
113900012,41,1,40
113900013,2177,40,2137
113900014,742,0,742
113900015,1,57,-56
113900016,25,0,25
113900017,3,63,-60
113900018,459,144,315
113900019,80,57,23
113900020,96,0,96
113900022,12,0,12
113900023,39,0,39
113900024,65,89,-24
113900025,373,18,355
113900026,47,0,47
113900027,5,142,-137
113900028,23,632,-609
113900029,65,368,-303
113900030,185,0,185
113900031,7,0,7
113900032,19,0,19
113900033,116,104,12
113900035,61,1,60
113900036,13,184,-171
113900037,100,771,-671
113900038,120,215,-95
113900039,114,12,102
113900040,7,2,5
113900041,2,1,1
113900042,85,59,26
113900043,275,180,95
113900044,361,219,142
113900045,114,1,113
113900046,217,646,-429
113900047,40,198,-158
113900048,280,77,203
113900049,1090,442,648
113900050,187,530,-343
113900051,342,525,-183
113900052,168,106,62
113900053,631,467,164
113900054,20,5,15
113900055,148,466,-318
113900056,77,200,-123
113900057,13,156,-143
113900058,58,290,-232
113900059,394,392,2
113900060,96,274,-178
113900061,910,186,724
113900062,86,11,75
113900063,83,137,-54
113900064,27,185,-158
113900065,602,29,573
113900066,287,550,-263
113900067,93,428,-335
113900068,370,406,-36
113900069,59,72,-13
113900070,190,384,-194
113900071,57,115,-58
113900072,55,183,-128
113900073,325,533,-208
113900074,81,499,-418
113900075,1176,1221,-45
113900076,146,20,126
113900077,31,199,-168
113900078,52,82,-30
113900079,0,62,-62
113900080,372,218,154
113900081,47,253,-206
113900082,137,335,-198
113900083,155,804,-649
113900084,341,141,200
113900085,31,352,-321
113900086,24,18,6
113900087,38,191,-153
113900088,64,105,-41
113900089,366,32,334
113900090,683,447,236
113900091,19,27,-8
113900092,49,101,-52
113900093,139,1091,-952
113900094,287,400,-113
113900095,143,141,2
113900096,189,38,151
113900097,12,167,-155
113900098,614,100,514
113900099,1,113,-112
113900100,0,3,-3
113900101,19,54,-35
113900102,187,125,62
113900103,402,214,188
113900104,124,185,-61
113900105,75,460,-385
113900106,0,98,-98
113900107,4,23,-19
113900108,326,196,130
113900109,404,128,276
113900110,46,14,32
113900111,129,94,35
113900112,226,154,72
113900113,742,541,201
113900114,3,177,-174
113900115,0,116,-116
113900116,149,131,18
113900117,170,40,130
113900118,273,240,33
113900119,320,387,-67
113900120,60,22,38
113900121,53,77,-24
113900122,290,1900,-1610
113900123,432,327,105
113900124,3,75,-72
113900125,2002,167,1835
113900126,165,85,80
113900127,190,624,-434
113900128,197,63,134
113900129,16,111,-95
113900130,1,13,-12
113900131,215,120,95
113900132,119,51,68
113900133,17,45,-28
113900135,466,731,-265
113900136,118,84,34
113900137,386,327,59
113900138,71,157,-86
113900139,589,114,475
113900140,333,216,117
113900141,455,707,-252
113900142,134,92,42
113900143,15,29,-14
113900144,370,182,188
113900145,524,272,252
113900146,110,70,40
113900148,211,281,-70
113900149,197,134,63
113900150,914,571,343
113900151,251,318,-67
113900152,27,56,-29
113900153,305,567,-262
113900154,3,98,-95
113900155,173,113,60
113900156,300,669,-369
113900157,30,333,-303
113900158,353,249,104
113900159,20,247,-227
113900160,512,711,-199
113900161,72,305,-233
113900162,496,428,68
113900163,307,308,-1
113900164,289,64,225
113900165,913,613,300
113900166,204,142,62
113900167,188,36,152
113900168,190,108,82
113900169,238,401,-163
113900171,112,73,39
113900172,7,238,-231
113900173,61,907,-846
113900174,514,776,-262
113900175,312,102,210
113900176,258,711,-453
113900177,429,229,200
113900178,325,120,205
113900179,15,888,-873
113900180,182,76,106
113900181,785,126,659
113900182,635,962,-327
113900183,96,81,15
113900184,13,756,-743
113900185,260,92,168
113900186,20,45,-25
113900187,53,150,-97
113900188,39,147,-108
113900189,287,72,215
113900190,488,102,386
113900191,114,249,-135
113900192,11,311,-300
113900193,21,366,-345
113900194,2730,1207,1523
113900195,466,514,-48
113900196,4,178,-174
113900197,5,358,-353
113900198,32,148,-116
113900199,178,801,-623
113900200,15,255,-240
113900201,1,285,-284
113900202,52,372,-320
113900203,0,151,-151
113900204,72,612,-540
113900205,2,202,-200
113900206,3,186,-183
113900207,1,79,-78
113900208,3,40,-37
113900209,0,83,-83
113900210,781,780,1
113900211,167,106,61
113900212,150,673,-523
113900214,434,466,-32
113900215,105,124,-19
113900216,86,1457,-1371
113900217,40,357,-317
113900218,148,95,53
113900219,147,614,-467
113900220,280,137,143
113900221,401,138,263
113900222,400,531,-131
113900223,98,1303,-1205
113900224,135,86,49
113900225,773,210,563
113900226,306,140,166
113900227,333,215,118
113900228,358,457,-99
113900229,49,695,-646
113900230,5326,2971,2355
113900231,188,349,-161
113900232,82,112,-30
113900233,50,75,-25
113900234,335,666,-331
113900235,53,20,33
113900236,95,508,-413
113900237,165,15,150
113900238,311,556,-245
113900239,206,105,101
113900240,12,118,-106
113900241,111,76,35
113900242,67,213,-146
113900243,124,539,-415
113900244,531,212,319
113900245,1493,275,1218
113900246,15,9,6
113900247,206,320,-114
113900248,3807,1652,2155
113900249,1462,412,1050
113900250,51,204,-153
113900251,521,291,230
113900252,409,26,383
113900253,578,74,504
113900254,860,166,694
113900255,322,21,301
113900256,398,44,354
113900257,32,972,-940
113900258,8,720,-712
113900259,401,310,91
113900260,152,12,140
113900261,30,77,-47
113900262,133,824,-691
113900263,230,775,-545
113900264,2,672,-670
113900265,145,251,-106
113900266,37,274,-237
113900267,199,531,-332
113900268,257,374,-117
113900269,77,204,-127
113900270,505,553,-48
113900271,559,1272,-713
113900273,55,5,50
113900274,78,25,53
113900275,37,59,-22
113900276,0,307,-307
113900277,106,2,104
113900278,273,181,92
113900279,52,97,-45
113900280,1341,696,645
113900281,567,1243,-676
113900282,1009,573,436
113900283,415,555,-140
113900284,836,201,635
113900285,121,29,92
113900286,9,154,-145
113900287,51,39,12
113900288,2,118,-116
113900289,1587,129,1458
113900290,542,156,386
113900291,136,235,-99
113900292,0,22,-22
113900293,89,343,-254
113900294,397,20,377
113900295,405,417,-12
113900296,3114,453,2661
113900297,1371,40,1331
113900298,15,1842,-1827
113900299,70,277,-207
113900300,6719,3341,3378
113900301,1222,373,849
113900302,3250,1171,2079
113900303,740,353,387
113900304,0,195,-195
113900305,58,0,58
113900306,16,0,16
113900307,94,1,93
113900308,54,133,-79
113900309,3,1218,-1215
113900310,0,20,-20
113900311,7,0,7
113900312,187,183,4
113900313,16,12,4
113900314,1,48,-47
113900315,33,0,33
114000001,1132,4605,-3473
114000002,205,787,-582
114000003,234,1432,-1198
114000004,277,356,-79
114000005,193,284,-91
114000006,2667,2470,197
114000007,632,1675,-1043
114000008,1637,1439,198
114000009,607,308,299
114000011,2896,4856,-1960
114000012,2063,3836,-1773
114000013,1541,2914,-1373
114000014,583,743,-160
114000015,1337,713,624
114000016,200,507,-307
114000017,208,269,-61
114000018,609,85,524
114000026,1419,2206,-787
114000027,2428,2613,-185
114000028,2741,3134,-393
114000038,183,152,31
114000039,142,351,-209
114000040,69,225,-156
114000042,258,271,-13
114000043,363,372,-9
114000044,256,268,-12
114000045,75,93,-18
114000046,3076,5769,-2693
114000047,21,47,-26
114000048,336,234,102
114000049,1616,1706,-90
114000050,1574,1989,-415
114000051,2968,1751,1217
114000052,3552,1223,2329
114000053,63,514,-451
114000054,138,1466,-1328
114000055,321,32,289
114000056,1274,632,642
114000057,13338,2712,10626
114000058,660,1264,-604
114000059,298,318,-20
114000060,1022,795,227
114000061,4739,1927,2812
114000062,2669,1116,1553
114000063,3011,1697,1314
114000064,6506,3267,3239
114000065,2406,2631,-225
114000066,392,806,-414
114000067,28,653,-625
114000068,397,578,-181
114000069,1156,515,641
114000070,2595,1831,764
114000071,628,468,160
114000072,299,649,-350
114000073,21,128,-107
114000074,21,23,-2
114000075,82,225,-143
114000076,17,182,-165
114000077,9,76,-67
114000078,158,812,-654
114000079,91,33,58
114000080,96,119,-23
114000081,74,95,-21
114000082,58,684,-626
114000083,71,293,-222
114000084,184,87,97
114000085,126,1011,-885
114000086,227,719,-492
114000087,50,264,-214
114000088,53,98,-45
114000089,2342,602,1740
114000090,822,662,160
114000091,2474,764,1710
114000092,1134,369,765
114000093,924,696,228
114000094,487,523,-36
114000095,278,132,146
114000096,122,394,-272
114000097,174,622,-448
114000098,449,120,329
114000099,372,1343,-971
114000100,985,1069,-84
114000101,417,978,-561
114000102,452,441,11
114000103,130,709,-579
114000104,9,549,-540
114000105,154,69,85
114000106,1695,835,860
114000107,235,101,134
114000108,6328,1805,4523
114000109,447,1237,-790
114000110,507,2366,-1859
114000111,1244,639,605
114000112,536,3796,-3260
114000113,1220,477,743
114000114,1274,2547,-1273
114000115,2276,921,1355
114000116,630,1410,-780
114000117,2007,404,1603
114000118,1855,473,1382
114000119,1471,463,1008
114000120,746,987,-241
114000121,620,716,-96
114000122,380,277,103
114000123,1335,351,984
114000124,1475,367,1108
114000125,871,2191,-1320
114000126,1210,218,992
114000127,197,252,-55
114000128,922,706,216
114000130,526,635,-109
114000131,188,64,124
114000132,598,870,-272
114000133,859,1600,-741
114000134,47,178,-131
114000138,72,196,-124
114000139,433,197,236
114000144,708,488,220
114000145,74,168,-94
114000146,92,360,-268
114000147,1107,1562,-455
114000148,3035,1961,1074
114000149,331,229,102
114000150,2343,1393,950
114000151,3621,1590,2031
114000152,211,40,171
114000153,1740,2250,-510
114000154,1392,1182,210
114000155,1448,2693,-1245
114000156,1604,583,1021
114000157,461,1297,-836
114000158,2814,739,2075
114000159,230,473,-243
114000160,123,242,-119
114000161,2390,2205,185
114000162,900,1849,-949
114000163,9,132,-123
114000165,542,238,304
114000166,1029,257,772
114000167,6361,1360,5001
114000168,885,666,219
114000169,2794,873,1921
114000170,1447,974,473
114000171,861,2587,-1726
114000174,284,477,-193
114000176,1023,447,576
114000177,2933,821,2112
114000178,55,69,-14
114000179,1646,1150,496
114000180,704,732,-28
114000181,1816,3229,-1413
114000182,7939,2619,5320
114000183,1426,1328,98
114000184,8079,1506,6573
114000185,1192,1064,128
114000189,571,95,476
114000190,1726,264,1462
114000191,27,56,-29
114000192,351,1814,-1463
114000193,743,3544,-2801
114000194,1364,1555,-191
114000195,104,20,84
114000196,0,385,-385
114000197,949,70,879
114000198,1603,518,1085
114000199,2782,1423,1359
114000200,739,2716,-1977
114000201,356,1193,-837
114000202,1491,981,510
114000203,603,1186,-583
114000204,140,634,-494
114000205,265,2245,-1980
114000206,588,1655,-1067
114000207,1515,2666,-1151
114000208,556,4005,-3449
114000209,731,3879,-3148
114000210,461,2696,-2235
114000211,1333,1912,-579
114000212,798,921,-123
114000213,1495,862,633
114000214,97,267,-170
114000215,179,68,111
114000216,1215,555,660
114000217,178,525,-347
114000218,161,330,-169
114000219,1239,276,963
114000220,45,2021,-1976
114000221,563,224,339
114000222,218,1878,-1660
114000223,370,120,250
114000224,91,1142,-1051
114000225,229,658,-429
114000226,91,312,-221
114000227,824,549,275
114000228,995,1255,-260
114000229,1019,1622,-603
114000230,1802,1764,38
114000231,1014,1644,-630
114000232,502,168,334
114000233,1935,129,1806
114000234,1482,1285,197
114000235,1199,2071,-872
114000236,4,682,-678
114000237,137,1079,-942
114000238,141,384,-243
114000239,245,1580,-1335
114000240,668,674,-6
114000241,309,1666,-1357
114000242,1087,1488,-401
114000243,1696,1087,609
114000244,937,410,527
114000245,420,786,-366
114000246,222,55,167
114000247,867,810,57
114000248,1028,800,228
114000249,589,631,-42
114000250,457,734,-277
114000251,271,480,-209
114000252,81,118,-37
114000253,64,380,-316
114000254,33,89,-56
114000255,1088,289,799
114000256,2590,1239,1351
114000257,1089,2148,-1059
114000258,253,422,-169
114000259,43,295,-252
114000260,0,35,-35
114000261,47,35,12
114000262,75,153,-78
114000263,32,4,28
114000264,719,676,43
114000265,0,1,-1
114000267,6,2201,-2195
114000268,0,1916,-1916
114000270,224,15,209
114000271,649,95,554
114000283,781,428,353
114000285,41,326,-285
114000288,74,468,-394
114000289,1243,295,948
114000293,117,617,-500
114000294,146,277,-131
114000395,2000,86,1914
114000396,405,479,-74
114000402,457,484,-27
114000403,404,734,-330
114000405,84,697,-613
114000423,214,568,-354
114000424,207,211,-4
114000425,403,624,-221
114000426,284,935,-651
114000427,88,133,-45
114000428,354,141,213
114000429,25,249,-224
114000432,138,197,-59
114000434,39,98,-59
114000435,1,213,-212
114900001,409,1949,-1540
114900002,466,56,410
114900003,409,2837,-2428
114900004,208,258,-50
114900005,367,1178,-811
114900006,58,41,17
114900007,126,18,108
114900008,117,96,21
114900010,3021,2109,912
114900011,125,132,-7
114900013,197,141,56
114900020,187,78,109
114900025,240,349,-109
114900026,54,84,-30
114900029,119,56,63
114900030,228,273,-45
114900031,288,68,220
114900032,181,45,136
114900034,86,295,-209
114900035,153,371,-218
114900036,376,1125,-749
114900039,397,751,-354
114900040,90,314,-224
114900041,505,626,-121
114900042,600,823,-223
114900044,123,18,105
114900047,250,1448,-1198
114900048,65,538,-473
114900049,47,490,-443
114900050,48,961,-913
114900051,29,550,-521
114900052,50,212,-162
114900053,107,318,-211
114900054,31,114,-83
114900057,159,14,145
114900058,0,98,-98
114900059,69,44,25
114900063,78,289,-211
114900064,886,703,183
114900065,318,762,-444
114900067,45,428,-383
114900068,92,527,-435
114900069,260,185,75
114900070,401,802,-401
114900072,5,303,-298
114900073,2,200,-198
114900074,353,1228,-875
114900075,121,2,119
114900076,2,325,-323
114900080,4056,498,3558
114900082,5041,1796,3245
114900083,1335,1089,246
114900090,242,281,-39
114900091,219,218,1
114900097,90,3,87
114900098,3,337,-334
114900099,153,1,152
115000001,11361,7165,4196
115000002,4614,4463,151
115000003,6016,5301,715
115000004,4192,6450,-2258
115000005,2227,3696,-1469
115000006,1274,2189,-915
115000007,211,260,-49
115000008,720,604,116
115000009,295,608,-313
115000010,547,202,345
115000013,190,308,-118
115000015,97,622,-525
115000016,94,162,-68
115000019,37,558,-521
115000020,232,506,-274
115000021,272,524,-252
115000022,504,374,130
115000023,353,648,-295
115000024,1335,526,809
115000025,906,636,270
115000026,158,449,-291
115000027,242,238,4
115000028,185,899,-714
115000029,623,141,482
115000030,593,1062,-469
115000031,1164,249,915
115000032,32,407,-375
115000033,216,30,186
115000034,184,1134,-950
115000035,959,63,896
115000036,1,414,-413
115000037,560,15,545
115000038,48,246,-198
115000039,4288,3086,1202
115000040,7816,4660,3156
115000041,1600,3123,-1523
115000042,875,823,52
115000043,3745,2447,1298
115000044,3724,5283,-1559
115000045,3268,3167,101
115000046,2034,3342,-1308
115000047,1623,2699,-1076
115000048,1546,3783,-2237
115000049,1644,4299,-2655
115000050,3487,2721,766
115000051,2646,2855,-209
115000052,4484,2343,2141
115000053,1486,1790,-304
115000054,803,1886,-1083
115000055,184,608,-424
115000056,315,356,-41
115000057,576,598,-22
115000058,193,161,32
115000059,160,103,57
115000061,319,139,180
115000062,340,389,-49
115000063,309,416,-107
115000064,251,132,119
115000065,235,474,-239
115000067,274,62,212
115000069,70,459,-389
115000070,47,1146,-1099
115000071,139,10,129
115000072,14,93,-79
115000073,1848,88,1760
115000075,142,116,26
115000076,5895,4242,1653
115000077,1683,3922,-2239
115000078,1011,2314,-1303
115000079,1102,3053,-1951
115000080,2293,3628,-1335
115000081,551,1172,-621
115000082,3606,3973,-367
115000083,2098,3364,-1266
115000084,1638,1677,-39
115000085,676,1181,-505
115000086,946,1356,-410
115000087,556,1760,-1204
115000088,2040,821,1219
115000089,1839,1669,170
115000090,881,1074,-193
115000091,496,1629,-1133
115000092,408,465,-57
115000093,539,2,537
115000094,11393,5750,5643
115000095,8673,5201,3472
115000096,668,2886,-2218
115000097,647,996,-349
115000098,823,1143,-320
115000099,2142,4706,-2564
115000100,913,842,71
115000101,530,1988,-1458
115000102,453,271,182
115000103,356,921,-565
115000105,36,307,-271
115000106,408,397,11
115000107,136,825,-689
115000108,5295,3096,2199
115000109,7252,3701,3551
115000110,1371,1147,224
115000111,730,1955,-1225
115000112,536,586,-50
115000113,556,967,-411
115000114,1569,899,670
115000116,4269,2064,2205
115000117,4379,2906,1473
115000118,1950,1654,296
115000119,2035,2293,-258
115000120,604,975,-371
115000121,1633,1038,595
115000122,3508,2079,1429
115000123,1827,1745,82
115000124,1351,1391,-40
115000125,739,741,-2
115000126,190,297,-107
115000127,618,168,450
115000128,1293,888,405
115000129,529,409,120
115000130,460,1309,-849
115000131,786,390,396
115000132,121,619,-498
115000133,614,532,82
115000134,250,277,-27
115000135,337,342,-5
115000136,329,287,42
115000137,252,207,45
115000138,283,360,-77
115000139,342,293,49
115000140,270,335,-65
115000141,144,340,-196
115000142,189,410,-221
115000143,509,718,-209
115000144,559,144,415
115000145,363,493,-130
115000146,645,327,318
115000147,1162,570,592
115000148,421,1877,-1456
115000149,804,336,468
115000150,738,1566,-828
115000151,864,577,287
115000152,801,2154,-1353
115000153,1800,579,1221
115000154,773,461,312
115000155,835,1563,-728
115000156,2363,727,1636
115000157,1570,1193,377
115000158,1012,476,536
115000159,1525,539,986
115000160,752,286,466
115000161,189,669,-480
115000162,937,814,123
115000163,816,704,112
115000164,781,659,122
115000165,536,585,-49
115000167,329,144,185
115000168,1380,420,960
115000169,1313,323,990
115000170,362,137,225
115000171,819,276,543
115000172,2170,749,1421
115000173,618,552,66
115000174,211,330,-119
115000175,338,101,237
115000176,209,63,146
115000177,183,78,105
115000178,28,321,-293
115000179,34,16,18
115000180,105,926,-821
115000181,531,182,349
115000182,614,559,55
115000183,191,1442,-1251
115000186,732,263,469
115000187,153,1126,-973
115000188,491,770,-279
115000189,343,627,-284
115000190,1002,654,348
115000191,331,585,-254
115000194,194,176,18
115000195,288,361,-73
115000196,131,181,-50
115000197,179,501,-322
115000198,189,306,-117
115000199,254,345,-91
115000200,230,204,26
115000201,354,522,-168
115000206,328,99,229
115000207,97,342,-245
115000208,651,838,-187
115000209,559,246,313
115000210,63,125,-62
115000211,247,256,-9
115000212,2727,240,2487
115000224,517,94,423
115000225,45,104,-59
115000229,267,212,55
115000230,79,586,-507
115000231,349,3178,-2829
115000232,1673,483,1190
115000233,314,201,113
115000234,17,341,-324
115000241,46,378,-332
115000242,89,412,-323
115000243,77,295,-218
115000244,7,108,-101
115000246,103,23,80
115000247,59,20,39
115000248,30,23,7
115000249,49,17,32
115000250,790,84,706
115000251,222,145,77
115000252,123,246,-123
115000253,25,479,-454
115000258,253,398,-145
115000259,381,188,193
115000261,12,76,-64
115000262,8,39,-31
115000263,7,73,-66
115000264,17,78,-61
115000267,76,79,-3
115000268,38,166,-128
115000269,121,95,26
115000270,6,36,-30
115000272,45,195,-150
115000273,354,23,331
115000280,2366,169,2197
115000281,586,562,24
115000282,1222,452,770
115000284,313,179,134
115000296,890,9,881
115000297,458,114,344
115000298,207,366,-159
115000300,269,250,19
115000302,448,239,209
115000303,581,153,428
115000304,645,142,503
115000305,104,1200,-1096
115000306,138,705,-567
115000307,55,291,-236
115000308,89,26,63
115000310,942,1225,-283
115000311,637,1943,-1306
115000313,164,949,-785
115000314,408,174,234
115000315,1534,569,965
115000316,49,96,-47
115000317,150,681,-531
115000318,854,379,475
115000319,89,394,-305
115000320,31,309,-278
115000321,813,13,800
115000322,51,338,-287
115000449,227,237,-10
115000557,1,1350,-1349
115000558,660,75,585
115000587,710,437,273
115000588,3578,4434,-856
115000589,4156,3637,519
115000590,1333,1746,-413
115000591,1650,1115,535
115000592,1048,2101,-1053
115000593,1766,823,943
115000594,1002,2686,-1684
115000609,174,256,-82
115000617,2091,3281,-1190
115000624,168,110,58
115000633,428,2612,-2184
115000634,3528,888,2640
115000635,551,199,352
115000638,1677,859,818
115000641,83,121,-38
115000642,359,321,38
115000643,79,717,-638
115000644,195,503,-308
115000646,785,1416,-631
115000647,178,573,-395
115000648,1318,2358,-1040
115000893,4477,1966,2511
115000894,152,1588,-1436
115000895,827,1227,-400
115000896,2841,461,2380
115000897,566,120,446
115000898,898,219,679
115000899,1431,2014,-583
115000900,139,678,-539
115000901,121,208,-87
115000912,328,109,219
115000913,1,56,-55
115000915,50,0,50
115000916,34,1,33
115000917,0,9,-9
115000918,123,242,-119
115000919,21,6,15
115000920,125,76,49
115000921,1241,231,1010
115000922,3358,962,2396
115000923,1033,1344,-311
115000925,135,119,16
115000927,52,53,-1
115000933,1045,281,764
115000934,128,217,-89
115000935,92,122,-30
115000936,84,704,-620
115000937,1880,339,1541
115000938,412,243,169
115000939,573,277,296
115000940,23,19,4
115000941,22,20,2
115000942,234,107,127
115000943,195,30,165
115000944,25,27,-2
115900001,47,64,-17
115900002,88,178,-90
115900003,146,175,-29
115900004,4,83,-79
115900005,165,4,161
115900006,118,555,-437
115900008,54,19,35
115900009,56,368,-312
115900010,177,202,-25
115900011,381,352,29
115900012,68,114,-46
115900013,293,197,96
115900014,112,209,-97
115900015,54,162,-108
115900016,59,63,-4
115900017,7,4,3
115900018,186,102,84
115900019,148,16,132
115900020,41,1,40
115900021,2025,175,1850
115900022,3626,9,3617
115900023,45,3,42
115900025,58,224,-166
115900026,895,390,505
115900027,1,464,-463
115900028,705,98,607
115900029,12,605,-593
115900030,39,23,16
115900031,524,277,247
115900032,385,908,-523
115900033,1,52,-51
115900034,42,695,-653
115900035,127,32,95
115900036,481,603,-122
115900037,33,627,-594
115900038,133,13,120
115900039,188,443,-255
115900041,623,505,118
115900042,45,7,38
115900043,92,196,-104
115900044,352,211,141
115900046,197,351,-154
115900047,133,83,50
115900049,119,284,-165
115900051,4,108,-104
115900052,15,335,-320
115900053,121,295,-174
115900054,134,85,49
115900055,20,161,-141
115900056,137,384,-247
115900057,86,19,67
115900058,40,55,-15
115900060,75,148,-73
115900061,230,1,229
115900062,14,414,-400
115900063,53,12,41
115900064,152,404,-252
115900065,135,103,32
115900066,181,231,-50
115900067,4,1047,-1043
115900068,4068,712,3356
115900069,40,220,-180
115900070,202,292,-90
115900071,2,626,-624
115900072,72,246,-174
115900073,28,71,-43
115900074,4,520,-516
115900075,13,341,-328
115900076,5,94,-89
115900077,19,376,-357
115900078,42,148,-106
115900079,136,9,127
115900080,626,331,295
115900081,11,84,-73
115900082,93,148,-55
115900084,302,32,270
115900085,96,65,31
115900086,1940,455,1485
115900088,23,65,-42
115900089,231,833,-602
115900090,218,26,192
115900091,3,39,-36
115900092,23,302,-279
115900093,3,40,-37
115900094,5,519,-514
115900096,3,13,-10
115900097,8,540,-532
115900098,133,664,-531
115900099,62,68,-6
115900100,16,596,-580
115900101,116,623,-507
115900102,58,77,-19
115900103,263,389,-126
115900104,53,220,-167
115900105,146,816,-670
115900106,59,35,24
115900107,26,209,-183
115900108,65,56,9
115900109,58,442,-384
115900110,0,19,-19
115900111,2,112,-110
115900112,29,1112,-1083
115900113,27,38,-11
115900114,3,168,-165
115900115,51,160,-109
115900116,55,1078,-1023
115900117,34,26,8
115900118,8,418,-410
115900119,440,82,358
115900120,38,484,-446
115900121,84,319,-235
115900124,139,585,-446
115900125,221,42,179
115900126,483,61,422
115900127,539,52,487
115900128,10,113,-103
115900129,569,32,537
115900130,29,269,-240
115900131,224,36,188
115900132,438,18,420
115900134,237,5,232
115900135,798,712,86
115900137,41,3,38
115900139,83,50,33
115900140,162,20,142
115900141,8,36,-28
115900142,20,28,-8
115900143,154,344,-190
115900144,98,279,-181
115900146,6,223,-217
115900147,364,191,173
115900148,37,1,36
115900149,44,37,7
115900150,49,91,-42
115900151,8,97,-89
115900152,66,494,-428
115900153,95,242,-147
115900154,781,351,430
115900155,1,115,-114
115900156,571,721,-150
115900157,139,533,-394
115900158,35,13,22
115900159,69,339,-270
115900160,16,6,10
115900161,50,234,-184
115900163,129,150,-21
115900164,433,142,291
115900166,197,227,-30
115900168,143,173,-30
115900171,226,449,-223
115900172,87,169,-82
115900173,284,169,115
115900174,471,206,265
115900175,80,299,-219
115900178,5,943,-938
115900179,150,30,120
115900180,28,432,-404
115900181,114,388,-274
115900182,261,415,-154
115900183,146,38,108
115900184,1897,48,1849
115900187,8,140,-132
115900189,0,185,-185
115900190,321,1151,-830
115900191,64,526,-462
115900192,11,94,-83
115900193,66,98,-32
115900194,382,32,350
115900195,581,1457,-876
115900198,213,335,-122
115900199,142,347,-205
115900200,199,413,-214
115900201,381,293,88
115900202,0,40,-40
115900203,5,8,-3
115900204,0,8,-8
115900205,93,17,76
115900206,122,154,-32
115900207,23,46,-23
115900208,131,442,-311
115900209,8,156,-148
115900210,5,138,-133
115900211,0,272,-272
115900212,128,265,-137
115900213,136,48,88
115900214,290,398,-108
115900215,41,55,-14
115900216,3,81,-78
115900217,1,57,-56
115900218,2,48,-46
115900219,44,4,40
115900220,73,28,45
115900221,27,14,13
115900222,35,20,15
115900223,12,209,-197
115900224,2275,748,1527
115900225,70,27,43
115900226,14,40,-26
115900227,4,44,-40
115900228,4,76,-72
115900229,22,86,-64
115900230,54,115,-61
115900231,134,2,132
115900232,133,0,133
115900233,54,5,49
115900234,78,32,46
115900235,72,32,40
115900236,53,10,43
115900237,11,35,-24
115900238,28,38,-10
115900239,7,31,-24
115900240,7,48,-41
115900241,159,137,22
115900242,438,429,9
115900243,14,4,10
115900244,11,14,-3
115900245,50,6,44
115900246,9,5,4
115900247,25,7,18
115900248,11,6,5
115900249,11,11,0
115900250,3,12,-9
115900251,0,9,-9
115900252,7,2,5
115900253,4,14,-10
115900254,31,11,20
115900255,8,40,-32
115900256,32,76,-44
115900257,1,3,-2
115900258,1,1,0
115900259,4,3,1
115900260,20,3,17
115900261,6,2,4
115900262,0,1,-1
115900263,10,8,2
115900264,5,8,-3
115900265,0,2,-2
115900266,2,8,-6
115900267,10,15,-5
115900268,6,11,-5
115900269,334,483,-149
115900270,273,1016,-743
115900271,69,0,69
115900272,11,1,10
115900273,5,15,-10
115900274,4,9,-5
115900275,1,26,-25
115900276,1,69,-68
115900277,1,175,-174
115900278,22,182,-160
115900279,14,176,-162
115900280,24,237,-213
115900281,1051,183,868
115900282,28,10,18
115900283,8,16,-8
115900284,9,15,-6
116000001,14243,8239,6004
116000002,4459,10044,-5585
116000003,1523,2495,-972
116000004,3509,3259,250
116000005,6183,4278,1905
116000006,5142,1531,3611
116000007,3663,4425,-762
116000008,3164,1855,1309
116000009,2059,3243,-1184
116000010,1831,1115,716
116000011,1139,2674,-1535
116000012,893,980,-87
116000013,26763,5702,21061
116000014,25462,15318,10144
116000015,530,1614,-1084
116000016,10663,4550,6113
116000017,29,944,-915
116000018,759,680,79
116000019,1043,462,581
116000020,623,1448,-825
116000021,600,413,187
116000022,367,587,-220
116000023,1524,1067,457
116000024,732,1512,-780
116000025,1600,704,896
116000026,2162,2551,-389
116000027,805,564,241
116000028,511,979,-468
116000029,1185,723,462
116000030,763,549,214
116000031,156,308,-152
116000032,601,260,341
116000033,402,653,-251
116000034,1103,1367,-264
116000035,747,880,-133
116000036,2820,722,2098
116000037,1029,817,212
116000038,1148,517,631
116000039,880,305,575
116000040,2400,314,2086
116000041,340,655,-315
116000042,588,227,361
116000043,76,611,-535
116000044,22,191,-169
116000045,2635,1430,1205
116000046,1760,1603,157
116000047,3020,3288,-268
116000048,2965,1944,1021
116000049,1247,2590,-1343
116000050,1447,1940,-493
116000051,5143,2266,2877
116000052,4967,4756,211
116000053,2025,1507,518
116000054,920,2587,-1667
116000055,497,1553,-1056
116000056,879,1891,-1012
116000057,4478,2679,1799
116000058,3846,2508,1338
116000059,3037,7421,-4384
116000060,3144,1253,1891
116000061,1498,1666,-168
116000062,1781,381,1400
116000063,1351,1711,-360
116000066,324,799,-475
116000067,225,892,-667
116000068,464,409,55
116000069,334,530,-196
116000078,421,1169,-748
116000080,1672,1342,330
116000082,7,102,-95
116000083,1406,494,912
116000084,2535,4921,-2386
116000085,1858,1551,307
116000086,3225,1924,1301
116000087,1459,1571,-112
116000088,905,1404,-499
116000089,276,141,135
116000090,265,185,80
116000091,197,188,9
116000093,581,660,-79
116000094,591,764,-173
116000095,714,961,-247
116000096,775,1515,-740
116000097,666,1312,-646
116000098,618,5732,-5114
116000099,14952,534,14418
116000100,148,5,143
116000101,447,1938,-1491
116000102,285,2318,-2033
116000103,378,291,87
116000104,146,2603,-2457
116000105,994,219,775
116000106,532,1927,-1395
116000107,1839,655,1184
116000108,518,279,239
116000111,161,27,134
116000113,63,61,2
116000114,29,150,-121
116000115,146,93,53
116000116,199,528,-329
116000117,1385,2485,-1100
116000118,848,1689,-841
116000119,2053,2754,-701
116000120,2725,5332,-2607
116000121,693,649,44
116000122,1788,2280,-492
116000123,595,628,-33
116000124,336,1048,-712
116000125,1315,622,693
116000126,266,1712,-1446
116000127,1338,1967,-629
116000128,1484,997,487
116000129,574,147,427
116000130,402,248,154
116000133,536,1547,-1011
116000134,1807,2968,-1161
116000135,1950,1577,373
116000136,1346,2924,-1578
116000137,938,747,191
116000138,799,503,296
116000139,1930,2768,-838
116000140,304,369,-65
116000141,390,1117,-727
116000142,5241,4716,525
116000143,2454,2217,237
116000144,1452,3585,-2133
116000145,1522,1967,-445
116000146,363,374,-11
116000147,769,160,609
116000148,633,517,116
116000149,687,617,70
116000151,1000,961,39
116000153,135,953,-818
116000155,378,309,69
116000156,527,1200,-673
116000157,72,16,56
116000158,511,523,-12
116000159,15,8,7
116000160,13,143,-130
116000161,3,169,-166
116000162,99,109,-10
116000163,25,19,6
116000164,3,23,-20
116000177,354,177,177
116000194,163,443,-280
116000195,2956,912,2044
116000196,9,19,-10
116000197,9,27,-18
116000198,5252,1703,3549
116000200,1005,431,574
116000201,803,927,-124
116000202,13,430,-417
116000203,2,125,-123
116000204,11,77,-66
116000205,2,209,-207
116000206,1,110,-109
116000207,3,42,-39
116000233,215,1072,-857
116000287,150,711,-561
116000288,141,389,-248
116000292,58,157,-99
116000296,18,321,-303
116000297,76,23,53
116000304,59,51,8
116000305,23,136,-113
116000346,205,235,-30
116000352,226,52,174
116000354,230,6,224
116000357,23,28,-5
116000358,171,49,122
116000361,945,4,941
116000372,16910,4616,12294
116000381,81,1,80
116000388,3,46,-43
116000389,937,705,232
116000445,275,798,-523
116000446,370,1625,-1255
116000447,16,610,-594
116000448,822,496,326
116000563,1121,966,155
116000565,92,391,-299
116000568,46,125,-79
116000579,51,121,-70
116000584,57,20,37
116000585,19,24,-5
116000586,282,176,106
116000587,585,596,-11
116000589,48,91,-43
116000590,82,82,0
116000591,121,413,-292
116000592,11,149,-138
116000593,1,93,-92
116000594,400,576,-176
116000595,633,194,439
116000596,74,7,67
116000597,167,58,109
116000598,14,207,-193
116000605,445,189,256
116000606,69,270,-201
116000607,8,83,-75
116000609,375,1108,-733
116000611,101,667,-566
116000612,806,2454,-1648
116000613,394,465,-71
116000614,586,985,-399
116000615,1,239,-238
116000616,66,164,-98
116000617,98,104,-6
116000618,2,306,-304
116000619,16,47,-31
116000620,103,583,-480
116000621,25,152,-127
116000622,34,231,-197
116000624,140,74,66
116000627,46,136,-90
116000628,54,911,-857
116000629,43,564,-521
116000630,203,67,136
116000631,62,78,-16
116000632,355,235,120
116000633,105,538,-433
116000634,267,269,-2
116000635,5832,1733,4099
116000636,3956,1423,2533
116000637,276,92,184
116000638,77,653,-576
116000639,133,6,127
116000640,5,16,-11
116000641,67,166,-99
116000643,0,147,-147
116000644,19,959,-940
116000645,28,32,-4
116900001,211,172,39
116900002,306,2,304
116900003,16,103,-87
116900004,66,61,5
116900005,166,47,119
116900006,270,122,148
116900007,131,247,-116
116900008,220,466,-246
116900009,19,4,15
116900010,6,2265,-2259
116900011,15,85,-70
116900012,85,208,-123
116900013,4,211,-207
116900014,95,430,-335
116900015,385,69,316
116900016,149,0,149
116900017,4,1040,-1036
116900019,23,513,-490
116900020,2117,606,1511
116900023,145,11,134
116900024,436,147,289
116900025,785,1245,-460
116900026,154,1037,-883
116900027,47,73,-26
116900028,4,169,-165
116900029,0,49,-49
116900031,4,13,-9
116900032,4,583,-579
116900033,14,95,-81
116900034,11,108,-97
116900035,186,352,-166
116900036,1,136,-135
116900038,34,2,32
116900041,10,25,-15
116900042,1067,283,784
116900043,9,117,-108
116900047,169,96,73
116900049,39,446,-407
116900050,134,752,-618
116900051,110,370,-260
116900052,357,63,294
116900055,0,6,-6
116900057,20,373,-353
116900058,17,731,-714
116900059,1,228,-227
116900060,358,269,89
116900062,2,8,-6
116900064,63,1280,-1217
116900065,19,270,-251
116900067,79,201,-122
116900068,134,342,-208
116900070,0,13,-13
116900072,21,629,-608
116900073,16,312,-296
116900074,6,59,-53
116900076,6,29,-23
116900077,10,286,-276
116900078,264,166,98
116900079,32,631,-599
116900080,16,17,-1
116900081,332,2262,-1930
116900082,252,972,-720
116900083,57,90,-33
116900084,571,69,502
116900085,21,182,-161
116900086,52,390,-338
116900088,414,79,335
116900090,120,78,42
116900091,147,73,74
116900092,89,1239,-1150
116900093,1616,3356,-1740
116900094,6744,4885,1859
116900095,723,265,458
116900096,148,276,-128
116900097,7171,2557,4614
116900098,1054,298,756
116900099,672,617,55
116900100,675,30,645
116900101,214,795,-581
116900103,4,3,1
116900104,46,121,-75
116900105,274,71,203
116900106,1059,555,504
116900107,6219,2123,4096
116900110,12,2,10
116900111,318,801,-483
116900112,206,1502,-1296
116900113,2697,762,1935
116900116,222,340,-118
116900117,46,98,-52
116900118,1186,846,340
116900120,216,190,26
116900121,41,62,-21
116900122,451,944,-493
116900123,133,1063,-930
116900124,160,1547,-1387
116900125,238,411,-173
116900126,401,747,-346
116900128,0,42,-42
116900129,4,364,-360
116900130,1351,3190,-1839
116900131,46,176,-130
116900132,51,53,-2
116900133,74,79,-5
116900134,297,183,114
116900136,180,227,-47
116900137,552,212,340
116900138,155,301,-146
116900139,113,502,-389
116900140,121,197,-76
116900141,648,343,305
116900142,1,60,-59
116900143,244,502,-258
116900144,12,53,-41
116900145,177,365,-188
116900147,1232,326,906
116900148,1,32,-31
116900149,26,226,-200
116900150,7,10,-3
116900151,51,18,33
116900153,82,78,4
116900154,759,339,420
116900155,69,48,21
116900157,393,432,-39
116900158,484,179,305
116900159,56,411,-355
116900160,1185,393,792
116900161,12191,6324,5867
116900163,84,180,-96
116900164,102,48,54
116900165,276,143,133
116900166,10,186,-176
116900167,371,99,272
116900168,323,100,223
116900169,1605,318,1287
116900170,210,433,-223
116900171,13,156,-143
116900172,362,153,209
116900173,193,72,121
116900174,35,41,-6
116900175,534,142,392
116900178,31,273,-242
116900179,113,166,-53
116900180,147,29,118
116900182,339,293,46
116900183,140,82,58
116900185,27,26,1
116900186,27,282,-255
116900187,33,17,16
116900188,171,19,152
116900189,52,1,51
116900191,345,515,-170
116900192,174,258,-84
116900194,297,925,-628
116900195,44,7,37
116900196,75,365,-290
116900197,88,5,83
116900198,249,160,89
116900200,38,48,-10
116900201,71,6,65
116900202,155,235,-80
116900203,99,1,98
116900204,48,95,-47
116900206,6,32,-26
116900207,30,41,-11
116900208,7,181,-174
116900209,26,184,-158
116900210,369,259,110
116900211,223,5,218
116900212,21,164,-143
116900213,144,338,-194
116900214,130,111,19
116900215,40,106,-66
116900216,404,213,191
116900218,8,388,-380
116900219,1088,445,643
116900220,77,204,-127
116900221,70,458,-388
116900222,421,414,7
116900223,81,248,-167
116900226,40,92,-52
116900227,122,91,31
116900228,313,338,-25
116900230,68,1285,-1217
116900231,9,1050,-1041
116900232,718,231,487
116900233,512,671,-159
116900234,11,5,6
116900235,501,530,-29
116900238,1756,620,1136
116900239,15,1073,-1058
116900240,10190,4063,6127
116900241,35,224,-189
116900242,1796,539,1257
116900243,5,60,-55
116900245,33,18,15
116900246,85,28,57
116900247,374,15,359
116900248,96,42,54
116900249,287,290,-3
116900250,189,54,135
116900251,761,515,246
116900252,473,2217,-1744
116900254,1489,479,1010
116900255,85,45,40
116900256,188,168,20
116900257,19,671,-652
116900258,1,458,-457
116900259,84,8,76
116900260,1,207,-206
116900261,25,2,23
116900262,90,203,-113
116900263,0,22,-22
116900264,49,31,18
116900265,20,0,20
116900266,8,119,-111
116900267,3,3,0
116900268,205,2,203
116900269,575,758,-183
116900271,1026,144,882
116900272,694,758,-64
116900273,971,64,907
116900274,167,127,40
116900275,119,340,-221
116900276,801,103,698
116900277,738,49,689
116900278,3,14,-11
116900279,4,26,-22
116900280,29,43,-14
116900281,11992,3543,8449
116900282,5,193,-188
116900283,18,226,-208
116900284,10,316,-306
116900285,525,668,-143
116900286,182,11,171
116900287,5,129,-124
116900288,36,198,-162
116900289,8,28,-20
116900290,4,45,-41
116900291,10,18,-8
116900292,0,11,-11
116900293,16,104,-88
116900294,46,181,-135
116900295,635,43,592
116900296,162,66,96
116900297,13,103,-90
116900298,164,49,115
116900299,97,49,48
116900300,6,113,-107
116900301,96,129,-33
116900302,127,51,76
116900303,965,63,902
116900304,0,209,-209
116900305,71,188,-117
116900306,86,312,-226
116900307,50,0,50
116900308,1,331,-330
116900309,32,127,-95
116900310,9,59,-50
117000001,2455,2526,-71
117000002,3313,6941,-3628
117000003,12326,3564,8762
117000004,6253,8590,-2337
117000005,2488,2195,293
117000006,1783,7406,-5623
117000007,4480,1759,2721
117000008,1844,8239,-6395
117000009,5516,2412,3104
117000010,3713,7052,-3339
117000011,2013,2593,-580
117000012,1538,2664,-1126
117000013,2549,1807,742
117000014,2333,3922,-1589
117000015,5139,1715,3424
117000016,1886,69,1817
117000017,1628,217,1411
117000018,367,467,-100
117000019,635,10,625
117000020,684,1672,-988
117000021,3267,1298,1969
117000022,1367,65,1302
117000023,1678,274,1404
117000024,1122,86,1036
117000025,3815,536,3279
117000026,10235,979,9256
117000027,3004,1889,1115
117000028,5291,1351,3940
117000030,1235,890,345
117000031,501,388,113
117000032,4108,1837,2271
117000033,1570,1531,39
117000034,817,668,149
117000035,495,423,72
117000036,692,659,33
117000037,473,326,147
117000038,452,934,-482
117000039,606,389,217
117000040,184,1240,-1056
117000041,693,198,495
117000044,47,1579,-1532
117000045,902,80,822
117000046,706,1083,-377
117000047,1203,882,321
117000048,3323,2763,560
117000049,131,767,-636
117000050,226,3396,-3170
117000051,2339,236,2103
117000052,21,700,-679
117000053,416,81,335
117000054,1615,9,1606
117000055,162,4669,-4507
117000056,510,18,492
117000057,728,3209,-2481
117000060,437,2383,-1946
117000061,2649,1705,944
117000062,314,649,-335
117000063,2538,1065,1473
117000064,1187,1422,-235
117000066,1129,981,148
117000067,267,416,-149
117000074,168,328,-160
117000076,95,94,1
117000077,142,129,13
117000078,194,1044,-850
117000079,394,314,80
117000080,2,547,-545
117000081,1608,128,1480
117000082,44,103,-59
117000083,660,338,322
117000084,606,3,603
117000085,249,652,-403
117000086,1085,955,130
117000087,157,673,-516
117000088,268,361,-93
117000089,1512,442,1070
117000090,279,2077,-1798
117000091,794,428,366
117000092,444,2331,-1887
117000093,1017,893,124
117000094,1282,3859,-2577
117000095,3095,1108,1987
117000096,554,3747,-3193
117000097,1040,1623,-583
117000098,3212,6920,-3708
117000099,2585,1314,1271
117000100,171,240,-69
117000101,318,1865,-1547
117000102,1307,891,416
117000103,952,2476,-1524
117000104,1106,795,311
117000105,988,2356,-1368
117000106,985,1081,-96
117000107,549,2552,-2003
117000108,1320,1267,53
117000109,2423,3309,-886
117000110,1284,862,422
117000111,4743,7906,-3163
117000112,2878,2955,-77
117000113,109,406,-297
117000114,193,222,-29
117000115,73,245,-172
117000116,98,344,-246
117000117,2682,610,2072
117000118,701,239,462
117000119,725,245,480
117000120,699,650,49
117000121,184,2017,-1833
117000122,904,1931,-1027
117000123,3678,39,3639
117000124,1208,51,1157
117000125,1390,101,1289
117000126,148,48,100
117000127,400,429,-29
117000128,707,931,-224
117000129,2418,751,1667
117000130,197,59,138
117000131,1,186,-185
117000132,2291,56,2235
117000133,864,132,732
117000134,2,64,-62
117000135,10,26,-16
117000136,0,39,-39
117000137,85,74,11
117000138,2,642,-640
117000140,719,2348,-1629
117000141,1454,868,586
117000181,1053,303,750
117000182,321,355,-34
117000195,179,1461,-1282
117000196,189,73,116
117000225,428,23,405
117000226,24,396,-372
117000276,185,7,178
117000277,2,729,-727
117000310,3568,4840,-1272
117000315,65,2246,-2181
117000320,149,3,146
117000906,253,13,240
117000907,9,587,-578
117000909,207,40,167
117000910,204,120,84
117000911,134,315,-181
117000915,11,986,-975
117000916,26,7,19
117000917,743,38,705
117000918,77,242,-165
117000919,4,191,-187
117000920,2,2058,-2056
117000921,7,2249,-2242
117000922,103,205,-102
117000924,1240,1307,-67
117000926,1194,103,1091
117000927,2003,702,1301
117000928,1,276,-275
117000929,161,1280,-1119
117000930,165,30,135
117000931,495,146,349
117900002,397,432,-35
117900003,754,458,296
117900005,11,316,-305
117900006,1,46,-45
117900007,201,130,71
117900008,0,45,-45
117900010,672,142,530
117900011,97,35,62
117900012,78,182,-104
117900013,2,459,-457
117900014,1922,276,1646
117900015,25,232,-207
117900016,2588,659,1929
117900017,1559,680,879
117900018,422,75,347
117900019,457,646,-189
117900020,78,438,-360
117900021,60,102,-42
117900023,732,1007,-275
117900024,66,124,-58
117900025,42,13,29
117900026,273,596,-323
117900028,327,23,304
117900029,201,1671,-1470
117900031,893,190,703
117900032,871,586,285
117900033,171,1477,-1306
117900034,123,80,43
117900035,166,60,106
117900036,228,972,-744
117900037,78,166,-88
117900038,35,480,-445
117900039,6,76,-70
117900040,97,664,-567
117900041,6,61,-55
117900042,7227,732,6495
117900043,49,68,-19
117900044,88,5185,-5097
117900045,266,193,73
117900048,173,347,-174
117900049,146,1029,-883
117900050,18,65,-47
117900051,125,8,117
117900052,128,508,-380
117900053,1170,850,320
117900054,8,28,-20
117900055,149,547,-398
117900056,422,47,375
117900057,1384,2061,-677
117900058,300,22,278
117900059,1495,99,1396
117900060,1478,7450,-5972
117900061,34,460,-426
117900063,505,376,129
117900065,799,1491,-692
117900066,10,57,-47
117900067,360,350,10
117900069,1185,604,581
117900070,582,7,575
117900071,356,249,107
117900073,456,550,-94
117900074,604,16,588
117900075,174,106,68
117900076,21,103,-82
117900077,221,199,22
117900078,233,684,-451
117900080,453,73,380
117900081,695,690,5
117900082,262,343,-81
117900083,394,902,-508
117900086,191,58,133
117900087,85,45,40
117900088,3392,3415,-23
117900089,1694,495,1199
117900090,1026,1011,15
117900091,385,262,123
117900092,90,41,49
117900093,43,71,-28
117900094,19,17,2
117900095,1037,1144,-107
117900096,92,334,-242
117900097,153,94,59
117900098,34,11,23
117900099,255,472,-217
117900100,174,0,174
117900101,678,1686,-1008
117900102,29,54,-25
117900103,31,1,30
117900104,35,178,-143
117900105,164,357,-193
117900106,92,64,28
117900107,31,0,31
117900109,425,384,41
117900110,53,1,52
117900111,419,14,405
117900112,35,22,13
117900113,9436,3315,6121
117900114,13,0,13
117900115,354,87,267
117900116,1175,1595,-420
117900117,378,512,-134
117900118,39,0,39
117900119,97,323,-226
117900120,91,254,-163
117900121,141,19,122
117900122,1853,2801,-948
117900123,1138,895,243
117900124,760,859,-99
117900125,1628,1464,164
117900126,326,951,-625
117900127,666,892,-226
117900128,357,1215,-858
117900129,49,0,49
117900130,972,627,345
117900131,3,147,-144
117900132,26,114,-88
117900133,9,167,-158
117900134,63,257,-194
117900135,35,275,-240
117900136,0,69,-69
117900137,20,337,-317
117900138,0,62,-62
117900139,78,116,-38
117900140,7893,889,7004
117900141,626,375,251
117900142,291,72,219
117900144,212,99,113
117900145,32,54,-22
117900146,806,112,694
117900147,88,107,-19
117900148,4885,1357,3528
117900149,68,169,-101
117900150,33,79,-46
117900151,70,168,-98
117900152,200,155,45
117900153,41,111,-70
117900154,703,1057,-354
117900156,1092,1392,-300
117900157,163,668,-505
117900158,173,98,75
117900160,626,500,126
117900161,2826,3081,-255
117900162,439,740,-301
117900163,448,41,407
117900165,0,22,-22
117900166,128,488,-360
117900168,58,221,-163
117900169,6,143,-137
117900170,2,41,-39
117900171,10,32,-22
117900172,10,59,-49
117900173,141,97,44
117900174,57,92,-35
117900175,4,69,-65
117900176,4,88,-84
117900177,7,75,-68
117900178,92,56,36
117900180,378,31,347
117900181,282,278,4
117900182,11,28,-17
117900183,29,192,-163
117900184,20,53,-33
117900185,21,41,-20
117900186,30,33,-3
117900187,13,23,-10
117900188,181,53,128
117900189,65,23,42
117900190,17,2,15
117900191,80,3,77
117900192,210,1,209
117900193,34,88,-54
117900194,38,33,5
117900195,15,44,-29
117900196,14,21,-7
117900207,184,107,77
117900208,29,70,-41
117900209,262,319,-57
117900210,144,295,-151
117900211,19,327,-308
117900212,118,223,-105
117900213,12,17,-5
117900214,6,56,-50
117900215,47,83,-36
117900216,68,48,20
117900217,225,128,97
117900218,255,281,-26
117900219,21,96,-75
117900220,415,141,274
117900222,192,387,-195
117900223,239,412,-173
118000001,1092,907,185
118000002,1847,3381,-1534
118000003,8815,2895,5920
118000004,8647,2684,5963
118000005,5682,6003,-321
118000006,6964,11662,-4698
118000007,11477,2789,8688
118000008,8817,4198,4619
118000009,3723,3412,311
118000010,3799,4592,-793
118000011,1023,3372,-2349
118000012,2208,3800,-1592
118000013,4853,4209,644
118000014,2494,5119,-2625
118000016,327,575,-248
118000017,244,648,-404
118000018,437,585,-148
118000019,2723,1734,989
118000020,1213,1669,-456
118000021,1441,2526,-1085
118000022,2527,956,1571
118000023,1584,444,1140
118000024,1641,1076,565
118000027,18414,12431,5983
118000029,988,990,-2
118000032,1692,5748,-4056
118000033,3477,4621,-1144
118000034,5777,2418,3359
118000035,2041,2908,-867
118000036,3467,1399,2068
118000037,1224,1359,-135
118000038,184,158,26
118000039,185,654,-469
118000040,2322,2895,-573
118000041,3591,2137,1454
118000045,955,92,863
118000046,4314,683,3631
118000047,6186,636,5550
118000048,8003,1535,6468
118000051,4314,714,3600
118000052,3640,486,3154
118000053,2628,946,1682
118000054,2824,4274,-1450
118000055,2005,4836,-2831
118000056,294,368,-74
118000057,244,1028,-784
118000058,8849,1379,7470
118000059,7463,797,6666
118000060,1803,784,1019
118000061,871,1613,-742
118000062,684,578,106
118000063,610,569,41
118000064,1776,1531,245
118000065,7454,3025,4429
118000066,1596,1552,44
118000067,1888,970,918
118000068,3108,5006,-1898
118000069,5924,1503,4421
118000070,9406,2315,7091
118000071,4358,9808,-5450
118000072,4789,1068,3721
118000073,4392,489,3903
118000074,656,806,-150
118000075,834,304,530
118000076,3014,1695,1319
118000077,2733,1607,1126
118000078,4194,2399,1795
118000079,359,462,-103
118000080,2160,1064,1096
118000081,3713,1239,2474
118000082,486,1269,-783
118000083,2906,1671,1235
118000084,3999,2101,1898
118000086,556,702,-146
118000087,8937,2953,5984
118000088,2954,2791,163
118000089,5301,3340,1961
118000090,2911,4032,-1121
118000091,2337,4113,-1776
118000092,1653,714,939
118000093,166,918,-752
118000096,887,751,136
118000097,1668,964,704
118000098,426,252,174
118000099,579,1072,-493
118000101,820,411,409
118000102,435,1989,-1554
118000107,4996,660,4336
118000108,920,3412,-2492
118000110,1,18,-17
118000111,5,1001,-996
118000112,521,8,513
118000113,18,1614,-1596
118000114,351,21,330
118000115,16,82,-66
118000116,132,0,132
118000117,2644,972,1672
118000118,2897,756,2141
118000119,1495,1237,258
118000120,2550,1488,1062
118000121,193,734,-541
118000122,2333,318,2015
118000123,99,368,-269
118000125,3580,1233,2347
118000126,2273,2019,254
118000127,3486,973,2513
118000128,1448,1516,-68
118000129,2461,760,1701
118000130,3974,5935,-1961
118000131,1695,1709,-14
118000132,3007,2307,700
118000133,3243,846,2397
118000135,1048,501,547
118000136,208,763,-555
118000137,2527,122,2405
118000138,465,1031,-566
118000139,589,166,423
118000140,2777,5307,-2530
118000141,1985,2645,-660
118000142,1880,2703,-823
118000143,1837,1595,242
118000144,2162,1383,779
118000145,1809,3131,-1322
118000146,1108,1446,-338
118000147,993,2256,-1263
118000148,529,2278,-1749
118000149,923,1641,-718
118000150,278,566,-288
118000151,316,791,-475
118000153,1008,1856,-848
118000154,1328,2464,-1136
118000155,1042,2069,-1027
118000156,3790,3374,416
118000157,618,557,61
118000158,317,627,-310
118000159,17,118,-101
118000160,441,582,-141
118000161,504,884,-380
118000162,1143,1286,-143
118000163,945,1214,-269
118000164,3563,2070,1493
118000168,2379,502,1877
118000169,1452,2140,-688
118000170,4641,7958,-3317
118000171,349,829,-480
118000172,119,435,-316
118000173,1268,1742,-474
118000175,317,496,-179
118000176,303,608,-305
118000177,272,694,-422
118000178,308,75,233
118000179,2159,1632,527
118000180,988,1146,-158
118000181,1154,443,711
118000182,365,321,44
118000183,256,467,-211
118000184,636,1614,-978
118000185,1101,1102,-1
118000186,820,830,-10
118000187,1301,859,442
118000188,1302,277,1025
118000189,541,1324,-783
118000190,21,15,6
118000191,24,53,-29
118000192,342,290,52
118000193,347,723,-376
118000194,4340,1771,2569
118000195,1907,861,1046
118000196,1274,195,1079
118000197,718,133,585
118000198,944,605,339
118000199,1831,467,1364
118000200,58,257,-199
118000201,1171,605,566
118000202,134,45,89
118000203,2672,414,2258
118000204,374,432,-58
118000205,688,685,3
118000206,284,276,8
118000207,1,162,-161
118000208,1292,2211,-919
118000209,1922,2525,-603
118000210,53,62,-9
118000211,22,42,-20
118000213,2619,1103,1516
118000214,1057,1220,-163
118000215,337,619,-282
118000216,1734,7181,-5447
118000217,34,187,-153
118000218,65,171,-106
118000219,923,771,152
118000220,3,28,-25
118000221,118,449,-331
118000222,102,12,90
118000223,22,69,-47
118000224,575,124,451
118000225,179,1405,-1226
118000226,2801,179,2622
118000227,1366,628,738
118000228,129,229,-100
118000229,653,59,594
118000230,195,307,-112
118000231,102,272,-170
118000232,722,1181,-459
118000233,815,1096,-281
118000234,406,358,48
118000236,559,492,67
118000237,70,640,-570
118000238,192,339,-147
118000239,341,397,-56
118000240,628,188,440
118000241,251,555,-304
118000242,424,928,-504
118000243,203,269,-66
118000244,24,187,-163
118000246,0,7,-7
118000255,44,305,-261
118000256,104,385,-281
118000259,10,87,-77
118000260,312,179,133
118000261,34,110,-76
118000263,132,311,-179
118000266,149,640,-491
118000267,0,71,-71
118000268,1531,0,1531
118000270,63,49,14
118000271,272,606,-334
118000272,126,40,86
118000273,104,135,-31
118000274,129,442,-313
118000276,367,420,-53
118000295,3,118,-115
118000298,128,596,-468
118000299,91,247,-156
118000301,1,113,-112
118000302,114,171,-57
118000311,283,157,126
118000312,292,271,21
118000313,39,194,-155
118000314,69,117,-48
118000315,12,79,-67
118000316,717,889,-172
118000325,27,67,-40
118000326,16,71,-55
118000331,19,55,-36
118000332,21,41,-20
118000333,85,89,-4
118000335,138,0,138
118000336,1,443,-442
118000407,133,149,-16
118000457,5,56,-51
118000465,3833,5742,-1909
118000480,45,208,-163
118000489,117,471,-354
118000490,138,806,-668
118000492,200,288,-88
118000510,104,26,78
118000514,344,505,-161
118000515,1185,1039,146
118000517,596,461,135
118000524,1214,250,964
118000525,1060,923,137
118000530,15,175,-160
118000531,223,370,-147
118000532,256,326,-70
118000533,694,171,523
118000534,925,448,477
118000535,323,171,152
118000536,903,1472,-569
118000537,127,123,4
118000538,82,209,-127
118000539,10,129,-119
118000540,533,264,269
118000541,503,104,399
118000542,245,188,57
118000543,526,205,321
118000546,32,25,7
118000553,0,2,-2
118000560,4424,1788,2636
118000562,25,712,-687
118000563,3832,2266,1566
118000576,167,220,-53
118000577,433,310,123
118000578,206,158,48
118000579,1494,1791,-297
118000583,0,0,0
118000595,205,123,82
118000596,0,113,-113
118000597,248,274,-26
118000598,3,0,3
118000599,38,103,-65
118000600,3,7,-4
118000601,3,0,3
118000602,0,26,-26
118000603,0,108,-108
118000605,66,618,-552
118000606,12,37,-25
118900001,1434,1274,160
118900002,1469,1097,372
118900003,166,21,145
118900004,69,46,23
118900005,77,4,73
118900006,119,2,117
118900007,14,5,9
118900008,1752,70,1682
118900009,34,18,16
118900010,44,3,41
118900011,142,19,123
118900012,507,290,217
118900013,997,56,941
118900015,168,56,112
118900016,9,25,-16
118900017,251,215,36
118900018,1212,24,1188
118900019,46,27,19
118900020,281,140,141
118900021,273,430,-157
118900022,98,106,-8
118900023,250,137,113
118900024,71,245,-174
118900025,146,33,113
118900026,53,107,-54
118900027,626,400,226
118900028,198,262,-64
118900029,292,592,-300
118900030,236,130,106
118900031,189,173,16
118900032,187,195,-8
118900033,1130,883,247
118900034,205,16,189
118900035,152,372,-220
118900036,861,1044,-183
118900037,688,303,385
118900038,371,381,-10
118900039,358,286,72
118900040,130,230,-100
118900041,541,282,259
118900042,206,203,3
118900045,306,364,-58
118900046,961,347,614
118900047,1178,493,685
118900048,936,240,696
118900049,80,49,31
118900050,16,183,-167
118900051,433,135,298
118900052,454,264,190
118900053,34,113,-79
118900054,139,121,18
118900055,36,222,-186
118900056,47,261,-214
118900057,617,494,123
118900058,612,337,275
118900059,21,137,-116
118900060,62,289,-227
118900062,144,212,-68
118900064,666,829,-163
118900065,27,254,-227
118900066,97,149,-52
118900067,6753,3363,3390
118900068,7,978,-971
118900069,367,572,-205
118900071,5,77,-72
118900072,537,560,-23
118900073,113,209,-96
118900074,123,198,-75
118900075,56,92,-36
118900076,526,62,464
118900077,206,212,-6
118900078,68,10,58
118900079,81,255,-174
118900080,25,120,-95
118900081,60,20,40
118900082,712,220,492
118900083,32,30,2
118900084,4,29,-25
118900085,562,1425,-863
118900086,30,98,-68
118900087,15,284,-269
118900088,0,10,-10
118900089,78,14,64
118900090,478,659,-181
118900091,153,278,-125
118900092,102,114,-12
118900093,218,15,203
118900096,189,255,-66
118900097,188,939,-751
118900099,46,456,-410
118900100,120,242,-122
118900101,43,649,-606
118900102,55,96,-41
118900103,31,114,-83
118900104,65,136,-71
118900105,198,144,54
118900107,183,147,36
118900108,119,119,0
118900110,1984,952,1032
118900111,413,608,-195
118900112,133,150,-17
118900113,158,787,-629
118900114,33,97,-64
118900115,80,432,-352
118900116,111,228,-117
118900117,114,244,-130
118900118,219,694,-475
118900119,132,431,-299
118900120,97,490,-393
118900121,13,298,-285
118900122,9,1031,-1022
118900123,114,283,-169
118900124,124,223,-99
118900126,35,483,-448
118900129,397,240,157
118900130,145,186,-41
118900131,102,429,-327
118900132,786,232,554
118900133,28,90,-62
118900135,149,235,-86
118900136,207,903,-696
118900137,8,14,-6
118900139,240,836,-596
118900140,543,912,-369
118900141,47,304,-257
118900144,349,737,-388
118900145,30,245,-215
118900146,265,1118,-853
118900147,486,198,288
118900148,46,75,-29
118900150,148,677,-529
118900152,538,1121,-583
118900157,190,227,-37
118900158,46,141,-95
118900159,2,226,-224
118900161,194,4,190
118900163,312,74,238
118900164,5,126,-121
118900165,31,315,-284
118900166,19,4,15
118900167,126,188,-62
118900168,11,60,-49
118900169,143,743,-600
118900170,140,164,-24
118900171,10,28,-18
118900174,80,84,-4
118900175,387,593,-206
118900176,113,299,-186
118900177,53,96,-43
118900178,37,167,-130
118900179,1,33,-32
118900181,86,188,-102
118900182,108,59,49
118900183,23,128,-105
118900184,274,61,213
118900185,192,210,-18
118900186,104,120,-16
118900187,278,407,-129
118900188,282,387,-105
118900189,48,815,-767
118900190,16,874,-858
118900191,176,44,132
118900192,165,15,150
118900193,395,17,378
118900195,343,1203,-860
118900196,16,332,-316
118900197,69,162,-93
118900198,19,62,-43
118900199,28,86,-58
118900200,25,13,12
118900201,54,22,32
118900202,14,93,-79
118900203,11,54,-43
118900204,13,32,-19
118900205,11,12,-1
118900206,0,33,-33
119000001,1499,1694,-195
119000002,2643,3470,-827
119000003,1739,2186,-447
119000004,2686,2271,415
119000005,4194,3065,1129
119000006,2500,2286,214
119000007,4769,4392,377
119000008,2557,2627,-70
119000009,4479,4239,240
119000010,9547,4493,5054
119000011,6132,2777,3355
119000012,4278,3411,867
119000013,2333,1736,597
119000014,3152,4273,-1121
119000019,272,245,27
119000020,2151,1949,202
119000021,3392,2829,563
119000022,4638,3708,930
119000023,592,348,244
119000024,2920,9429,-6509
119000025,18623,1447,17176
119000026,217,337,-120
119000027,599,420,179
119000028,2880,1830,1050
119000029,171,370,-199
119000030,558,1508,-950
119000031,926,953,-27
119000032,2301,2875,-574
119000033,2316,2337,-21
119000034,1075,1118,-43
119000035,25,436,-411
119000036,1446,1803,-357
119000037,1217,2654,-1437
119000038,317,1679,-1362
119000039,352,505,-153
119000040,1798,674,1124
119000041,1296,1768,-472
119000048,4224,4946,-722
119000049,2505,4695,-2190
119000050,2050,3644,-1594
119000051,2583,1372,1211
119000052,2811,4115,-1304
119000053,1985,1437,548
119000054,2941,5947,-3006
119000055,3177,4535,-1358
119000056,1873,2619,-746
119000057,1280,3702,-2422
119000058,2149,3107,-958
119000059,1284,2454,-1170
119000060,1597,1074,523
119000061,1077,1136,-59
119000062,1172,1709,-537
119000063,495,686,-191
119000064,2667,2185,482
119000065,2339,4042,-1703
119000066,2304,1495,809
119000067,2274,3658,-1384
119000068,1496,1438,58
119000069,1522,3918,-2396
119000070,1932,1422,510
119000071,699,1110,-411
119000072,9842,4820,5022
119000073,6401,7373,-972
119000074,1102,5525,-4423
119000075,1383,3693,-2310
119000076,383,1046,-663
119000077,840,679,161
119000078,386,397,-11
119000079,166,992,-826
119000080,147,18,129
119000081,317,406,-89
119000082,803,326,477
119000083,508,428,80
119000084,411,651,-240
119000085,757,421,336
119000086,188,403,-215
119000087,2189,1165,1024
119000088,243,376,-133
119000090,177,215,-38
119000091,128,287,-159
119000092,650,290,360
119000093,5079,4734,345
119000094,2480,9295,-6815
119000095,1482,3910,-2428
119000097,4084,2249,1835
119000098,861,2331,-1470
119000099,2656,2687,-31
119000100,3097,2628,469
119000101,3257,2021,1236
119000102,794,842,-48
119000103,1556,474,1082
119000104,4500,2015,2485
119000105,1035,1448,-413
119000106,345,2819,-2474
119000107,568,597,-29
119000108,323,1930,-1607
119000109,139,318,-179
119000110,679,361,318
119000111,91,532,-441
119000112,229,67,162
119000113,2701,286,2415
119000114,964,1026,-62
119000115,168,370,-202
119000116,202,188,14
119000117,188,382,-194
119000118,3,11,-8
119000123,6611,603,6008
119000124,641,283,358
119000125,2279,1354,925
119000126,801,1375,-574
119000127,501,1229,-728
119000128,29,5,24
119000131,890,1384,-494
119000132,0,6,-6
119000133,3,7,-4
119000134,4759,839,3920
119000135,154,201,-47
119000136,159,296,-137
119000137,124,623,-499
119000138,290,477,-187
119000139,193,337,-144
119000140,161,359,-198
119000284,1615,3968,-2353
119000285,3570,2958,612
119000286,8566,6843,1723
119000287,1771,3160,-1389
119000288,3152,2053,1099
119000289,4558,5116,-558
119000290,193,832,-639
119000291,7,484,-477
119000293,235,402,-167
119000294,34,33,1
119000295,4180,849,3331
119000296,341,401,-60
119000302,5356,1898,3458
119000303,268,197,71
119000310,0,0,0
119000314,1497,8157,-6660
119000315,1,773,-772
119000316,103,245,-142
119000317,70,645,-575
119000319,139,295,-156
119900001,183,1058,-875
119900002,187,436,-249
119900003,75,1464,-1389
119900004,398,628,-230
119900005,168,207,-39
119900006,176,372,-196
119900007,947,104,843
119900008,34,37,-3
119900009,564,760,-196
119900010,1150,1079,71
119900011,10,62,-52
119900012,29,84,-55
119900013,1914,782,1132
119900014,779,247,532
119900015,96,28,68
119900016,32,177,-145
119900017,22,43,-21
119900018,2415,579,1836
119900019,50,4,46
119900020,95,179,-84
119900021,135,81,54
119900022,142,341,-199
119900023,1409,1054,355
119900025,62,35,27
119900026,1166,112,1054
119900027,19,41,-22
119900028,213,96,117
119900029,1,6,-5
119900030,410,624,-214
119900031,38,257,-219
119900033,1685,219,1466
119900034,197,174,23
119900037,190,50,140
119900038,53,281,-228
119900039,44,4,40
119900040,70,14,56
119900041,81,31,50
119900042,62,197,-135
119900043,65,240,-175
119900044,279,585,-306
119900046,68,98,-30
119900047,216,46,170
119900048,141,91,50
119900049,95,9,86
119900050,78,63,15
119900051,745,9,736
119900052,23,56,-33
119900053,115,291,-176
119900054,96,3,93
119900055,963,446,517
119900057,124,103,21
119900058,195,0,195
119900059,153,77,76
119900060,206,8,198
119900061,156,2,154
119900062,39,25,14
119900063,15,58,-43
119900065,200,36,164
119900067,70,42,28
119900068,289,0,289
119900069,77,15,62
119900070,586,15,571
119900071,418,11,407
119900073,2482,677,1805
119900074,61,22,39
119900075,8267,2503,5764
119900076,511,726,-215
119900077,537,1649,-1112
119900078,439,1429,-990
119900079,773,466,307
119900080,357,449,-92
119900081,386,260,126
119900082,803,53,750
119900083,312,124,188
119900084,1157,180,977
119900085,285,90,195
119900086,343,1483,-1140
119900087,1159,337,822
119900088,46,53,-7
119900089,22,717,-695
119900090,193,81,112
119900091,47,1817,-1770
119900092,15,511,-496
119900093,996,188,808
119900094,57,294,-237
119900095,252,84,168
119900096,25,81,-56
119900097,738,244,494
119900098,45,66,-21
119900099,29,333,-304
119900100,3753,2367,1386
119900101,289,1231,-942
119900102,31,487,-456
119900103,28,734,-706
119900104,29,367,-338
119900105,900,1331,-431
119900106,22,261,-239
119900107,492,5258,-4766
119900108,2807,774,2033
119900109,43,521,-478
119900110,591,1185,-594
119900111,53,499,-446
119900112,4674,758,3916
119900113,93,531,-438
119900114,166,2727,-2561
119900115,201,1781,-1580
119900116,112,418,-306
119900117,215,1473,-1258
119900118,29,1760,-1731
119900119,184,364,-180
119900120,556,983,-427
119900121,239,2261,-2022
119900122,598,512,86
119900123,231,357,-126
119900124,144,1543,-1399
119900125,35,526,-491
119900126,7739,362,7377
119900127,3575,1454,2121
119900128,357,1180,-823
119900129,172,1357,-1185
119900130,40,570,-530
119900131,42,441,-399
119900132,1,564,-563
119900133,22,43,-21
119900134,3508,311,3197
119900135,3,808,-805
119900136,186,749,-563
119900138,462,915,-453
119900139,36,106,-70
119900140,0,216,-216
119900141,203,707,-504
119900142,4,28,-24
119900143,11,289,-278
119900144,3546,352,3194
119900145,81,303,-222
119900146,120,174,-54
119900147,4,165,-161
119900148,117,59,58
119900149,2981,3128,-147
119900150,256,245,11
119900151,3013,942,2071
119900152,51,569,-518
119900153,103,89,14
119900154,4,1295,-1291
119900155,41,47,-6
119900156,7,2,5
119900157,87,410,-323
119900158,105,88,17
119900159,10,2328,-2318
119900160,31,254,-223
119900161,227,403,-176
119900162,700,982,-282
119900163,121,142,-21
119900164,0,2,-2
119900165,112,377,-265
119900166,52,51,1
119900167,191,144,47
119900168,710,560,150
119900169,159,418,-259
119900170,167,241,-74
119900171,663,695,-32
119900172,125,24,101
119900173,9,832,-823
119900174,5,254,-249
119900175,788,956,-168
119900177,23,272,-249
119900178,10,275,-265
119900179,106,253,-147
119900180,1046,894,152
119900181,64,73,-9
119900182,5,699,-694
119900183,150,1286,-1136
119900184,3937,703,3234
119900185,26,152,-126
119900186,152,622,-470
119900187,3,766,-763
119900188,57,461,-404
119900189,435,304,131
119900190,69,212,-143
119900191,364,95,269
119900192,23,321,-298
119900193,208,305,-97
119900194,21,60,-39
119900195,24,246,-222
119900196,1851,460,1391
119900197,185,160,25
119900198,77,574,-497
119900199,127,24,103
119900200,410,638,-228
119900201,403,215,188
119900202,238,148,90
119900203,156,386,-230
119900204,183,332,-149
119900205,437,1047,-610
119900206,129,242,-113
119900208,168,261,-93
119900209,504,1032,-528
119900210,28,65,-37
119900211,129,26,103
119900212,139,460,-321
119900213,4,64,-60
119900214,21,125,-104
119900215,40,104,-64
119900216,12,120,-108
119900217,12,63,-51
119900218,17,87,-70
119900219,11,167,-156
119900220,1,151,-150
119900221,27,571,-544
119900222,16,368,-352
119900223,21,138,-117
119900224,14,48,-34
119900225,1655,61,1594
119900226,996,1564,-568
119900227,1170,508,662
119900228,13,370,-357
119900229,301,687,-386
119900230,1802,713,1089
119900231,172,314,-142
119900232,186,81,105
119900233,25,2,23
119900234,16,54,-38
119900235,43,43,0
119900236,9,289,-280
119900237,23,666,-643
119900238,5,119,-114
119900240,55,184,-129
119900241,213,300,-87
119900242,2145,3045,-900
119900244,1118,1461,-343
119900245,138,203,-65
119900246,266,445,-179
119900247,20,100,-80
119900248,61,99,-38
119900249,165,79,86
119900253,5470,508,4962
119900254,81,517,-436
119900255,92,628,-536
119900256,310,1481,-1171
119900257,46,1,45
119900258,46,24,22
119900259,5,239,-234
119900260,71,2,69
119900261,185,301,-116
119900262,1,385,-384
119900263,1323,423,900
119900264,51,381,-330
119900265,324,523,-199
119900266,237,461,-224
119900267,244,514,-270
119900268,152,294,-142
119900269,718,1844,-1126
119900271,20,130,-110
119900272,251,58,193
119900275,84,13,71
119900276,30,1,29
119900277,10,3,7
119900278,349,98,251
119900279,131,291,-160
119900280,1459,256,1203
119900281,0,158,-158
119900282,50,34,16
119900283,2,462,-460
119900284,89,220,-131
119900285,20,79,-59
119900286,5,25,-20
119900288,7,50,-43
119900289,0,58,-58
119900290,1,57,-56
119900291,0,33,-33
119900292,27,34,-7
119900293,22,107,-85
119900294,33,122,-89
119900295,28,101,-73
119900296,18,264,-246
119900297,0,12,-12
119900298,3,1,2
119900299,31,292,-261
119900300,131,213,-82
119900301,246,19,227
119900302,130,74,56
119900303,198,288,-90
119900304,91,33,58
119900305,24,149,-125
119900306,16,0,16
119900307,41,212,-171
119900308,14,29,-15
119900309,22,96,-74
119900310,335,416,-81
119900311,33,247,-214
119900312,128,107,21
119900313,252,533,-281
119900314,110,320,-210
119900315,968,3573,-2605
119900318,9,26,-17
119900319,2,459,-457
119900320,95,960,-865
119900321,63,5,58
120000001,12827,15729,-2902
120000002,2667,4091,-1424
120000003,4036,2333,1703
120000004,3311,2856,455
120000005,5580,2355,3225
120000006,1571,1675,-104
120000007,4794,3356,1438
120000008,1272,1927,-655
120000009,6371,1066,5305
120000010,1827,4215,-2388
120000011,1391,2829,-1438
120000012,1469,3610,-2141
120000013,2461,3588,-1127
120000014,802,2379,-1577
120000015,2992,1989,1003
120000016,3818,4053,-235
120000017,2953,3212,-259
120000018,6757,11143,-4386
120000019,1083,1825,-742
120000020,4336,3599,737
120000021,2456,2771,-315
120000022,3226,4383,-1157
120000023,895,2334,-1439
120000024,1900,2875,-975
120000025,2294,3198,-904
120000026,1272,2862,-1590
120000027,1424,2316,-892
120000028,1549,757,792
120000029,4998,691,4307
120000030,254,1285,-1031
120000031,2518,10188,-7670
120000032,13895,4760,9135
120000033,4847,2900,1947
120000034,2083,3489,-1406
120000035,1975,3639,-1664
120000036,3285,6100,-2815
120000037,743,1676,-933
120000038,14004,3673,10331
120000039,597,1114,-517
120000040,112,167,-55
120000041,1501,2508,-1007
120000042,1735,4639,-2904
120000043,4898,3529,1369
120000044,4156,1832,2324
120000045,4221,1267,2954
120000046,2155,2739,-584
120000047,2748,3931,-1183
120000048,10834,5163,5671
120000049,6568,4163,2405
120000050,6264,6850,-586
120000051,4271,6301,-2030
120000052,18159,3332,14827
120000053,1309,5806,-4497
120000054,1438,8428,-6990
120000055,1624,6836,-5212
120000056,3035,5177,-2142
120000057,2418,833,1585
120000058,2366,317,2049
120000059,30,1206,-1176
120000061,158,776,-618
120000062,280,433,-153
120000063,2546,3415,-869
120000064,262,1922,-1660
120000065,519,2445,-1926
120000066,214,570,-356
120000067,71,702,-631
120000068,207,1502,-1295
120000069,885,2168,-1283
120000070,64,1256,-1192
120000071,299,332,-33
120000072,450,830,-380
120000073,586,153,433
120000074,137,97,40
120000075,576,301,275
120000076,1409,548,861
120000077,1392,697,695
120000078,3509,1083,2426
120000079,377,977,-600
120000080,294,554,-260
120000081,294,278,16
120000082,234,320,-86
120000083,306,609,-303
120000084,586,754,-168
120000085,312,641,-329
120000086,375,1024,-649
120000087,258,1770,-1512
120000088,765,1990,-1225
120000089,863,755,108
120000090,627,757,-130
120000091,645,1316,-671
120000092,1174,861,313
120000093,318,744,-426
120000094,196,800,-604
120000095,1061,1010,51
120000096,232,1703,-1471
120000098,596,1325,-729
120000099,302,969,-667
120000100,750,1421,-671
120000101,718,719,-1
120000102,451,742,-291
120000103,1221,713,508
120000104,1484,457,1027
120000105,2596,683,1913
120000106,1697,626,1071
120000107,2779,752,2027
120000108,721,168,553
120000109,964,85,879
120000110,172,1486,-1314
120000111,144,1967,-1823
120000112,1064,5709,-4645
120000113,651,4049,-3398
120000114,1034,4711,-3677
120000115,391,4027,-3636
120000116,732,3035,-2303
120000117,2075,2160,-85
120000118,73,57,16
120000119,48,108,-60
120000120,94,56,38
120000121,159,98,61
120000122,471,321,150
120000123,7971,5766,2205
120000124,447,919,-472
120000125,467,1322,-855
120000126,579,954,-375
120000127,3231,1081,2150
120000128,8149,3293,4856
120000129,390,545,-155
120000130,1204,1311,-107
120000131,373,743,-370
120000134,494,1934,-1440
120000135,267,417,-150
120000137,176,3104,-2928
120000138,511,668,-157
120000139,238,1457,-1219
120000140,490,919,-429
120000141,214,734,-520
120000142,270,791,-521
120000143,2,110,-108
120000144,84,2,82
120000145,217,2,215
120000146,4403,1384,3019
120000149,601,1338,-737
120000150,6069,9781,-3712
120000151,545,872,-327
120000152,319,403,-84
120000153,161,1265,-1104
120000154,497,591,-94
120000155,149,510,-361
120000156,2925,1110,1815
120000157,996,889,107
120000158,808,1618,-810
120000159,2186,2989,-803
120000160,2329,1839,490
120000161,1748,4394,-2646
120000162,303,379,-76
120000163,478,2083,-1605
120000164,345,609,-264
120000165,358,1454,-1096
120000166,999,825,174
120000167,18,41,-23
120000168,6,155,-149
120000169,73,507,-434
120000170,74,205,-131
120000171,18,102,-84
120000172,70,75,-5
120000173,5318,351,4967
120000174,907,11,896
120000175,1814,13,1801
120000176,740,32,708
120000177,1902,208,1694
120000178,193,9,184
120000179,768,18,750
120000180,707,71,636
120000181,158,217,-59
120000182,158,143,15
120000183,13,140,-127
120000184,190,868,-678
120000186,246,106,140
120000187,219,62,157
120000188,1168,110,1058
120000190,1985,26,1959
120000191,2353,41,2312
120000192,1238,15,1223
120000193,444,16,428
120000195,56,5,51
120000196,259,78,181
120000197,98,217,-119
120000198,110,170,-60
120000199,70,0,70
120000200,76,2,74
120000201,10,22,-12
120000202,1,67,-66
120000203,32,338,-306
120000207,1,102,-101
120000208,27,381,-354
120000209,2,177,-175
120000210,199,236,-37
120000211,37,0,37
120000212,45,0,45
120000213,52,312,-260
120000214,0,385,-385
120000215,4,163,-159
120000216,32,10,22
120000217,935,1402,-467
120000218,300,1263,-963
120000219,9,939,-930
120000220,5,3028,-3023
120000225,994,1,993
120000226,181,3,178
120000227,568,31,537
120000228,7541,2700,4841
120000230,277,5,272
120000231,930,3344,-2414
120000233,140,21,119
120000235,132,1120,-988
120000236,661,0,661
120000237,5,2751,-2746
120000238,23,128,-105
120000241,1239,4780,-3541
120000412,2697,8,2689
120000413,320,625,-305
120000414,103,6,97
120000415,2,354,-352
120000416,101,19,82
120000417,4,194,-190
120000418,110,39,71
120000419,12,716,-704
120000420,495,140,355
120000421,17554,6940,10614
120000422,295,826,-531
120000423,5,57,-52
120000424,60,184,-124
120000436,147,616,-469
120000437,259,236,23
120000438,7283,722,6561
120000439,125,340,-215
120000443,171,0,171
120000444,1088,1026,62
120000445,1994,1889,105
120000446,1596,599,997
120000447,90,7,83
120000449,69,30,39
120000450,7,519,-512
120000451,83,445,-362
120000452,48,1,47
120000453,1,718,-717
120000454,249,223,26
120000455,94,93,1
120000456,3742,3750,-8
120000457,1392,1276,116
120000458,760,945,-185
120000459,67,164,-97
120000665,2794,234,2560
120000668,150,259,-109
120000669,73,604,-531
120000670,326,570,-244
120000671,1184,532,652
120000672,197,573,-376
120900001,84,94,-10
120900002,973,455,518
120900003,256,38,218
120900004,13,76,-63
120900005,5,1922,-1917
120900006,295,238,57
120900007,129,247,-118
120900008,238,1784,-1546
120900009,1219,93,1126
120900010,354,79,275
120900011,631,179,452
120900012,1533,947,586
120900013,227,54,173
120900014,7,1015,-1008
120900015,482,100,382
120900016,552,65,487
120900017,5083,153,4930
120900018,59,704,-645
120900019,530,194,336
120900020,1254,1038,216
120900021,549,115,434
120900022,34,585,-551
120900023,197,49,148
120900024,1667,479,1188
120900025,2535,1307,1228
120900026,201,286,-85
120900027,1202,101,1101
120900028,229,64,165
120900029,182,311,-129
120900030,1099,792,307
120900031,192,61,131
120900032,647,201,446
120900033,822,56,766
120900034,47,2628,-2581
120900035,62,67,-5
120900037,168,6,162
120900038,38,211,-173
120900039,60,35,25
120900040,151,2,149
120900041,180,37,143
120900042,317,98,219
120900043,45,21,24
120900044,11,677,-666
120900045,145,102,43
120900046,282,5,277
120900047,102,68,34
120900048,62,19,43
120900049,239,0,239
120900050,5391,1316,4075
120900051,297,115,182
120900052,385,5,380
120900053,170,140,30
120900054,1706,969,737
120900055,226,2,224
120900056,361,13,348
120900057,97,16,81
120900058,288,2,286
120900059,59,2,57
120900060,118,48,70
120900061,295,544,-249
120900062,146,2,144
120900063,432,9,423
120900064,279,0,279
120900065,257,3,254
120900066,189,340,-151
120900067,163,41,122
120900068,163,1,162
120900069,145,91,54
120900071,14,1,13
120900072,456,2,454
120900073,303,321,-18
120900074,397,20,377
120900076,224,1,223
120900077,4939,310,4629
120900078,533,1204,-671
120900079,565,122,443
120900080,442,3128,-2686
120900081,640,1827,-1187
120900082,805,340,465
120900083,53,5,48
120900084,248,279,-31
120900085,183,175,8
120900086,189,248,-59
120900087,404,256,148
120900088,277,327,-50
120900089,6488,1930,4558
120900090,126,323,-197
120900091,679,544,135
120900092,1489,1096,393
120900093,5829,396,5433
120900094,570,305,265
120900095,441,39,402
120900096,41,283,-242
120900097,806,1442,-636
120900098,322,182,140
120900099,76,56,20
120900100,65,616,-551
120900101,738,393,345
120900102,17,306,-289
120900103,66,224,-158
120900104,21,49,-28
120900105,52,1176,-1124
120900106,1718,905,813
120900107,321,125,196
120900108,6,1499,-1493
120900109,71,1041,-970
120900110,21,1727,-1706
120900111,127,567,-440
120900112,17,2175,-2158
120900113,39,1291,-1252
120900114,34,208,-174
120900115,204,256,-52
120900116,247,893,-646
120900117,5,927,-922
120900118,14,1282,-1268
120900119,3405,8564,-5159
120900120,61,1068,-1007
120900121,71,596,-525
120900122,331,1054,-723
120900123,3,756,-753
120900124,3,1106,-1103
120900125,9,1688,-1679
120900126,1778,1069,709
120900127,8,762,-754
120900128,1276,1489,-213
120900129,53,403,-350
120900130,0,465,-465
120900131,37,91,-54
120900132,577,493,84
120900133,224,1645,-1421
120900134,931,544,387
120900135,7,815,-808
120900136,21,40,-19
120900137,186,140,46
120900138,14,254,-240
120900139,5,1087,-1082
120900140,0,86,-86
120900141,136,142,-6
120900142,35,1311,-1276
120900143,4,1212,-1208
120900144,0,266,-266
120900145,97,1158,-1061
120900146,5,1332,-1327
120900147,3,512,-509
120900148,126,263,-137
120900149,0,519,-519
120900150,28,898,-870
120900151,2,859,-857
120900152,1,67,-66
120900153,10,70,-60
120900154,1,486,-485
120900155,132,1642,-1510
120900156,55,574,-519
120900157,66,311,-245
120900158,49,742,-693
120900159,243,393,-150
120900160,34,725,-691
120900161,45,609,-564
120900162,40,735,-695
120900163,36,335,-299
120900164,4,1,3
120900165,5,12,-7
120900166,256,169,87
120900167,649,120,529
120900169,78,874,-796
120900170,4410,2098,2312
120900171,1187,564,623
120900172,2011,359,1652
120900173,0,86,-86
120900174,23,135,-112
120900175,304,313,-9
120900176,12,349,-337
120900177,2,870,-868
120900178,0,265,-265
120900179,1190,550,640
120900180,102,102,0
120900181,110,116,-6
120900182,41,1298,-1257
120900183,428,309,119
120900184,173,102,71
120900185,4,457,-453
120900186,1,743,-742
120900187,373,1192,-819
120900188,130,19,111
120900189,278,848,-570
120900190,48,17,31
120900191,7,37,-30
120900192,19114,4423,14691
120900194,54,112,-58
120900195,105,254,-149
120900196,1265,65,1200
120900197,462,90,372
120900198,255,842,-587
120900199,296,273,23
120900200,120,151,-31
120900201,669,106,563
120900202,1,293,-292
120900203,31,70,-39
120900204,225,493,-268
120900205,103,117,-14
120900206,12,54,-42
120900207,59,1726,-1667
121000001,1893,1482,411
121000002,6560,3698,2862
121000003,5053,2513,2540
121000004,3489,12318,-8829
121000005,3132,3708,-576
121000006,4175,2265,1910
121000007,5081,3326,1755
121000008,12827,5155,7672
121000009,8612,7632,980
121000010,13606,9861,3745
121000011,9028,14699,-5671
121000012,16710,13186,3524
121000013,6094,9123,-3029
121000014,8594,10227,-1633
121000015,8261,8703,-442
121000016,6123,7468,-1345
121000017,2474,4161,-1687
121000018,1986,2112,-126
121000019,20458,11633,8825
121000020,12855,13881,-1026
121000021,4247,4180,67
121000022,2322,2457,-135
121000023,4521,4184,337
121000024,3471,4785,-1314
121000025,959,1973,-1014
121000026,495,189,306
121000027,1985,1169,816
121000028,1058,544,514
121000029,1673,915,758
121000030,830,441,389
121000031,1058,735,323
121000032,223,131,92
121000034,1769,206,1563
121000035,628,99,529
121000036,2348,1259,1089
121000037,1297,710,587
121000038,1049,700,349
121000039,927,365,562
121000041,552,504,48
121000042,332,438,-106
121000043,1071,929,142
121000044,3257,992,2265
121000045,409,372,37
121000046,520,1019,-499
121000047,355,225,130
121000049,2506,728,1778
121000050,455,1390,-935
121000051,1184,322,862
121000052,412,704,-292
121000053,732,115,617
121000054,52,330,-278
121000055,1922,1326,596
121000056,1121,1222,-101
121000057,283,536,-253
121000058,367,123,244
121000059,3018,1719,1299
121000060,536,1045,-509
121000061,861,193,668
121000062,178,366,-188
121000063,1100,735,365
121000064,1181,921,260
121000065,896,425,471
121000066,1123,521,602
121000067,1340,300,1040
121000068,848,288,560
121000069,600,442,158
121000070,3322,1385,1937
121000071,1960,1587,373
121000072,2161,840,1321
121000073,3051,947,2104
121000074,190,210,-20
121000075,32,70,-38
121000076,1396,404,992
121000077,268,180,88
121000078,156,126,30
121000080,2900,779,2121
121000081,2719,5392,-2673
121000082,199,323,-124
121000083,493,140,353
121000084,292,121,171
121000085,272,672,-400
121000086,157,905,-748
121000087,102,264,-162
121000088,286,722,-436
121000089,453,356,97
121000090,610,407,203
121000091,1538,816,722
121000092,135,121,14
121000093,111,218,-107
121000094,374,754,-380
121000095,403,583,-180
121000096,2376,2613,-237
121000097,1772,2134,-362
121000098,492,1509,-1017
121000099,572,1082,-510
121000100,953,672,281
121000101,311,299,12
121000102,162,426,-264
121000103,158,310,-152
121000104,223,221,2
121000105,336,223,113
121000106,170,448,-278
121000107,3734,4361,-627
121000109,1919,1245,674
121000110,350,1064,-714
121000114,4012,2598,1414
121000115,1338,1000,338
121000116,497,1027,-530
121000117,1200,379,821
121000118,1617,302,1315
121000119,1419,874,545
121000120,336,606,-270
121000121,650,1071,-421
121000123,1599,580,1019
121000127,319,206,113
121000128,791,567,224
121000129,664,563,101
121000130,415,1264,-849
121000131,2135,1606,529
121000132,1411,1545,-134
121000135,286,294,-8
121000136,1246,512,734
121000137,403,224,179
121000138,1208,1019,189
121000139,711,79,632
121000141,508,139,369
121000142,1206,676,530
121000143,102,21,81
121000144,820,1945,-1125
121000145,825,1477,-652
121000146,2160,1264,896
121000147,1201,767,434
121000148,1482,1226,256
121000149,3725,1782,1943
121000152,730,1259,-529
121000153,2407,1206,1201
121000154,1094,1769,-675
121000155,1916,1788,128
121000156,416,1624,-1208
121000157,1527,3226,-1699
121000158,388,1068,-680
121000159,238,958,-720
121000160,359,861,-502
121000161,229,403,-174
121000162,71,278,-207
121000165,2005,1806,199
121000166,34,951,-917
121000168,766,451,315
121000169,102,192,-90
121000170,523,430,93
121000171,43,202,-159
121000172,838,605,233
121000173,1514,1113,401
121000174,308,458,-150
121000175,1246,498,748
121000176,561,252,309
121000177,1974,774,1200
121000178,172,55,117
121000179,167,56,111
121000181,342,528,-186
121000182,115,211,-96
121000183,63,66,-3
121000184,126,72,54
121000185,59,197,-138
121000186,191,330,-139
121000187,217,309,-92
121000188,199,300,-101
121000192,924,580,344
121000193,853,649,204
121000194,3250,2641,609
121000195,798,1209,-411
121000196,1915,353,1562
121000197,599,855,-256
121000198,698,122,576
121000199,272,579,-307
121000200,633,106,527
121000201,28,244,-216
121000202,1949,129,1820
121000203,897,2207,-1310
121000204,2749,782,1967
121000205,438,405,33
121000206,271,46,225
121000207,2198,539,1659
121000208,14,465,-451
121000209,327,536,-209
121000210,287,897,-610
121000211,496,176,320
121000212,352,1167,-815
121000213,11022,3783,7239
121000214,906,4323,-3417
121000215,1804,1055,749
121000216,982,1067,-85
121000217,8743,5242,3501
121000218,1133,2535,-1402
121000219,4149,578,3571
121000220,514,48,466
121000221,244,429,-185
121000222,4089,2968,1121
121000223,1624,381,1243
121000224,823,180,643
121000225,4550,1593,2957
121000226,12348,1624,10724
121000227,5,137,-132
121000228,18,902,-884
121000229,382,606,-224
121000230,71,2145,-2074
121000231,717,48,669
121000232,498,392,106
121000233,865,357,508
121000234,63,39,24
121000235,85,68,17
121000236,7,77,-70
121000237,30,13,17
121000238,3,79,-76
121000239,54,4,50
121000240,6,448,-442
121000241,142,13,129
121000242,58,217,-159
121000243,434,120,314
121000244,26,67,-41
121000245,79,17,62
121000246,5,102,-97
121000247,93,2,91
121000248,1142,912,230
121000249,232,330,-98
121000250,919,205,714
121000251,35,670,-635
121000252,137,101,36
121000253,800,665,135
121000254,1501,341,1160
121000255,543,204,339
121000256,834,181,653
121000257,122,73,49
121000258,400,56,344
121000259,159,48,111
121000260,378,242,136
121000261,515,53,462
121000262,1173,1503,-330
121000263,334,549,-215
121000271,364,2335,-1971
121000273,433,17,416
121000274,66,60,6
121000275,3,32,-29
121000276,13,37,-24
121000278,225,100,125
121000279,125,14,111
121000280,245,59,186
121000289,139,15,124
121000290,1769,830,939
121000294,103,182,-79
121000297,1383,1810,-427
121000299,840,286,554
121000300,750,477,273
121000302,115,1182,-1067
121000303,704,584,120
121000304,528,64,464
121000305,167,70,97
121000306,165,127,38
121000308,215,706,-491
121000309,681,783,-102
121000310,218,466,-248
121000311,114,904,-790
121000312,366,370,-4
121000313,489,791,-302
121000314,195,142,53
121000315,73,204,-131
121000530,1816,1884,-68
121000531,1497,2033,-536
121000532,7206,6401,805
121000533,2880,3741,-861
121000918,127,249,-122
121000919,52,70,-18
121000938,364,401,-37
121000939,507,430,77
121000956,847,2175,-1328
121000957,7,15,-8
121000958,314,56,258
121000959,893,1010,-117
121000960,3155,2264,891
121000961,186,146,40
121000962,443,1620,-1177
121000963,0,0,0
121000973,0,104,-104
121000976,19,218,-199
121000979,307,92,215
121000981,384,237,147
121000982,283,311,-28
121000983,724,529,195
121000984,69,66,3
121000985,486,1183,-697
121000986,488,462,26
121000987,394,1939,-1545
121000988,957,157,800
121001302,517,228,289
121001308,16,13,3
121001309,254,59,195
121001313,279,332,-53
121001314,3903,4759,-856
121001315,5387,3091,2296
121001326,435,444,-9
121900001,118,192,-74
121900002,157,10,147
121900003,303,11,292
121900004,355,339,16
121900005,20,4,16
121900006,159,31,128
121900007,2542,3279,-737
121900008,330,84,246
121900009,675,23,652
121900010,237,1,236
121900011,206,353,-147
121900012,52,1,51
121900013,2765,109,2656
121900014,1704,529,1175
121900015,159,180,-21
121900016,5,37,-32
121900017,467,687,-220
121900018,316,3,313
121900019,313,360,-47
121900020,87,2,85
121900021,1843,37,1806
121900022,253,265,-12
121900023,89,338,-249
121900024,456,136,320
121900025,588,427,161
121900026,393,19,374
121900027,302,116,186
121900028,313,40,273
121900029,179,185,-6
121900030,838,1152,-314
121900031,1997,10342,-8345
121900032,69,96,-27
121900033,189,169,20
121900034,765,85,680
121900035,2729,2745,-16
121900036,129,479,-350
121900037,144,555,-411
121900038,34,179,-145
121900039,512,46,466
121900040,36,69,-33
121900041,73,187,-114
121900042,379,126,253
121900043,5,9,-4
121900044,269,75,194
121900046,244,190,54
121900047,215,46,169
121900048,14,166,-152
121900050,17,27,-10
121900051,161,199,-38
121900052,104,44,60
121900053,375,607,-232
121900054,746,944,-198
121900055,2,13,-11
121900058,478,231,247
121900059,464,186,278
121900060,148,414,-266
121900062,92,97,-5
121900063,1663,323,1340
121900064,221,834,-613
121900066,49,24,25
121900067,44,30,14
121900069,201,157,44
121900070,382,118,264
121900071,205,298,-93
121900072,39,274,-235
121900073,338,244,94
121900074,605,1058,-453
121900075,1822,393,1429
121900076,1030,612,418
121900078,54,26,28
121900079,2,0,2
121900080,915,385,530
121900082,51,141,-90
121900084,7,217,-210
121900086,26,30,-4
121900087,173,85,88
121900088,1557,2760,-1203
121900089,224,462,-238
121900090,4,123,-119
121900091,42,176,-134
121900092,50,76,-26
121900093,56,89,-33
121900094,18,16,2
121900095,194,151,43
121900096,1843,632,1211
121900097,615,146,469
121900098,5,0,5
121900099,246,60,186
121900100,190,261,-71
121900101,154,131,23
121900102,14,91,-77
121900103,920,228,692
121900104,1207,464,743
121900105,255,205,50
121900106,2,5,-3
121900107,67,24,43
121900108,2,27,-25
121900109,605,170,435
121900110,310,1454,-1144
121900111,925,130,795
121900112,145,108,37
121900113,130,798,-668
121900114,30,116,-86
121900117,186,30,156
121900118,2915,549,2366
121900119,127,144,-17
121900120,40,1989,-1949
121900121,690,56,634
121900122,35,55,-20
121900123,244,693,-449
121900124,38,110,-72
121900125,709,1416,-707
121900127,14,88,-74
121900128,102,104,-2
121900129,688,162,526
121900130,361,236,125
121900131,380,40,340
121900132,70,120,-50
121900133,152,538,-386
121900134,65,95,-30
121900135,2437,286,2151
121900136,266,565,-299
121900137,64,379,-315
121900138,138,253,-115
121900139,537,622,-85
121900140,63,184,-121
121900141,99,20,79
121900142,107,119,-12
121900143,6,217,-211
121900144,216,293,-77
121900145,158,177,-19
121900146,779,814,-35
121900147,92,226,-134
121900148,247,266,-19
121900149,624,815,-191
121900150,87,193,-106
121900151,68,277,-209
121900152,120,161,-41
121900153,98,508,-410
121900154,7,263,-256
121900155,0,70,-70
121900156,146,74,72
121900157,5,523,-518
121900158,75,57,18
121900159,3,285,-282
121900160,196,306,-110
121900161,550,380,170
121900162,116,113,3
121900163,211,828,-617
121900164,531,181,350
121900165,272,208,64
121900166,240,210,30
121900167,124,145,-21
121900168,222,193,29
121900169,1,311,-310
121900170,3,574,-571
121900171,535,612,-77
121900172,463,343,120
121900173,1161,242,919
121900174,28,42,-14
121900175,424,139,285
121900176,701,1912,-1211
121900177,153,89,64
121900178,82,86,-4
121900179,484,114,370
121900180,6432,3781,2651
121900182,1725,276,1449
121900183,539,778,-239
121900184,54,681,-627
121900186,19,299,-280
121900187,36,128,-92
121900188,588,802,-214
121900189,27,82,-55
121900190,721,652,69
121900191,58,307,-249
121900192,434,736,-302
121900193,57,221,-164
121900194,4,127,-123
121900195,95,73,22
121900196,1351,1555,-204
121900197,567,2474,-1907
121900198,1111,1966,-855
121900199,2,26,-24
121900200,354,226,128
121900201,938,603,335
121900202,238,553,-315
121900203,197,1108,-911
121900204,1066,1778,-712
121900205,39,110,-71
121900206,11,8,3
121900207,203,84,119
121900208,291,303,-12
121900209,47,14,33
121900210,2175,1313,862
121900211,414,1532,-1118
121900212,140,118,22
121900213,116,112,4
121900214,8,535,-527
121900215,65,58,7
121900216,253,107,146
121900217,242,99,143
121900218,220,558,-338
121900220,141,20,121
121900221,377,670,-293
121900222,236,148,88
121900223,189,61,128
121900224,96,71,25
121900225,616,84,532
121900226,239,160,79
121900227,208,572,-364
121900228,225,531,-306
121900230,268,93,175
121900231,319,366,-47
121900232,479,466,13
121900233,297,161,136
121900234,429,444,-15
121900235,409,260,149
121900236,387,164,223
121900237,240,248,-8
121900238,216,268,-52
121900239,110,31,79
121900240,181,103,78
121900241,38,66,-28
121900242,4,0,4
121900243,5,0,5
121900244,9,2,7
121900245,190,69,121
121900246,2627,482,2145
121900248,1219,1376,-157
121900250,233,251,-18
121900251,311,36,275
121900252,557,138,419
121900253,271,1157,-886
121900254,761,283,478
121900255,245,82,163
121900258,3121,2319,802
121900259,314,742,-428
121900260,51,210,-159
121900261,191,823,-632
121900262,510,1861,-1351
121900263,169,492,-323
121900264,2467,2238,229
121900265,263,496,-233
121900266,247,251,-4
121900267,94,37,57
121900269,180,611,-431
121900270,20,251,-231
121900271,32,137,-105
121900273,1257,2885,-1628
121900274,328,246,82
121900277,469,1354,-885
121900278,235,844,-609
121900279,94,193,-99
121900280,488,361,127
121900281,480,103,377
121900284,68,16,52
121900286,79,125,-46
121900287,14,27,-13
121900288,14,14,0
121900290,337,336,1
121900291,618,791,-173
121900292,530,195,335
121900293,1314,3630,-2316
121900294,274,2,272
121900295,120,318,-198
121900296,173,35,138
121900298,798,659,139
121900299,0,0,0
121900300,29,2,27
121900301,99,5,94
121900302,0,43,-43
121900303,972,407,565
121900304,22,14,8
121900305,2,2,0
121900306,93,1,92
121900307,17,7,10
121900308,28,323,-295
121900309,13,258,-245
121900310,27,480,-453
121900311,317,35,282
121900312,183,10,173
121900313,502,18,484
121900314,3,95,-92
121900315,31,0,31
121900316,3,49,-46
121900317,7,9,-2
121900318,1,7,-6
121900319,19,221,-202
121900320,74,121,-47
121900321,8,0,8
121900322,0,21,-21
121900323,39,20,19
121900324,19,107,-88
121900325,11,1,10
121900326,0,23,-23
121900327,2,39,-37
121900328,0,12,-12
121900329,1,100,-99
121900330,0,30,-30
121900331,5,5,0
121900332,75,44,31
121900333,43,5,38
121900334,349,115,234
122000001,2540,4516,-1976
122000002,5674,1668,4006
122000003,1960,2089,-129
122000004,3312,1584,1728
122000005,3707,1524,2183
122000006,3668,750,2918
122000007,1987,2150,-163
122000008,5967,6387,-420
122000009,597,354,243
122000010,2367,4434,-2067
122000011,3380,1264,2116
122000012,2091,1282,809
122000013,5234,2025,3209
122000014,2268,4078,-1810
122000015,1824,1221,603
122000016,942,905,37
122000017,1255,1189,66
122000018,1752,1110,642
122000019,1189,1911,-722
122000020,182,220,-38
122000021,708,390,318
122000022,1995,1993,2
122000023,810,4619,-3809
122000024,1444,1046,398
122000025,3733,1399,2334
122000026,1930,862,1068
122000027,694,7881,-7187
122000028,862,495,367
122000029,783,347,436
122000031,513,375,138
122000032,3002,5357,-2355
122000033,1913,1121,792
122000034,1612,518,1094
122000035,369,1569,-1200
122000036,799,625,174
122000037,414,388,26
122000038,315,395,-80
122000039,271,224,47
122000040,839,1775,-936
122000041,848,550,298
122000042,740,548,192
122000043,137,252,-115
122000044,160,315,-155
122000045,2392,662,1730
122000046,1289,1675,-386
122000047,410,261,149
122000048,4208,6269,-2061
122000049,6698,2399,4299
122000050,3059,763,2296
122000051,867,356,511
122000052,835,284,551
122000053,234,744,-510
122000054,2907,2148,759
122000055,3547,2936,611
122000056,6025,5788,237
122000057,3848,3793,55
122000058,5841,1086,4755
122000059,3699,1670,2029
122000060,1003,621,382
122000061,646,425,221
122000062,2040,538,1502
122000063,1833,744,1089
122000064,6777,2808,3969
122000065,9100,3047,6053
122000066,876,466,410
122000067,4742,1548,3194
122000068,2028,2678,-650
122000069,1829,1031,798
122000070,900,8461,-7561
122000071,1291,2845,-1554
122000072,319,344,-25
122000073,1328,747,581
122000074,3590,1987,1603
122000075,757,2896,-2139
122000076,2021,1242,779
122000077,1854,642,1212
122000078,3439,2389,1050
122000079,2641,970,1671
122000080,1987,456,1531
122000081,333,525,-192
122000082,1242,733,509
122000083,1605,5388,-3783
122000084,1568,1026,542
122000085,350,3985,-3635
122000086,2594,8733,-6139
122000087,423,197,226
122000088,256,313,-57
122000089,10137,5794,4343
122000090,442,565,-123
122000091,812,54,758
122000092,542,22,520
122000093,4134,967,3167
122000094,10881,1889,8992
122000095,3749,3312,437
122000096,3003,2559,444
122000098,3468,1655,1813
122000099,6608,701,5907
122000100,1887,971,916
122000101,363,2248,-1885
122000102,2037,1239,798
122000103,2822,1571,1251
122000104,384,202,182
122000105,500,278,222
122000106,589,534,55
122000107,1175,738,437
122000108,420,856,-436
122000109,407,605,-198
122000110,379,494,-115
122000111,3419,1236,2183
122000112,965,1841,-876
122000113,985,791,194
122000114,7654,2101,5553
122000115,1696,3601,-1905
122000116,464,558,-94
122000117,1226,371,855
122000118,467,747,-280
122000119,3358,2101,1257
122000120,2136,3619,-1483
122000121,2590,2731,-141
122000122,947,1639,-692
122000123,2016,1978,38
122000124,1019,528,491
122000125,688,657,31
122000126,687,856,-169
122000127,1321,1109,212
122000128,784,924,-140
122000129,590,1527,-937
122000130,3432,1229,2203
122000131,1254,1286,-32
122000132,767,495,272
122000133,1423,2295,-872
122000134,753,736,17
122000135,808,803,5
122000136,661,526,135
122000137,1678,893,785
122000139,3269,4714,-1445
122000140,2818,679,2139
122000141,6073,1276,4797
122000142,962,816,146
122000143,455,449,6
122000144,2076,1405,671
122000145,3121,760,2361
122000146,951,1202,-251
122000147,1834,586,1248
122000148,3689,1245,2444
122000149,2019,1607,412
122000150,1550,1000,550
122000151,306,475,-169
122000152,476,428,48
122000153,526,327,199
122000154,385,222,163
122000155,1484,2976,-1492
122000156,1611,1890,-279
122000157,2499,1125,1374
122000158,612,694,-82
122000159,1400,1940,-540
122000160,3394,2040,1354
122000161,874,1112,-238
122000162,1909,1869,40
122000163,248,80,168
122000164,57,73,-16
122000165,949,756,193
122000166,1966,2116,-150
122000167,215,226,-11
122000168,332,757,-425
122000169,480,469,11
122000170,360,341,19
122000171,17,82,-65
122000172,1405,2059,-654
122000173,1527,2585,-1058
122000174,3366,1017,2349
122000175,1089,351,738
122000176,433,874,-441
122000177,1883,1555,328
122000178,3672,6581,-2909
122000179,2141,3526,-1385
122000180,1818,1342,476
122000181,2223,3337,-1114
122000182,2016,1733,283
122000183,2051,1838,213
122000184,2078,2005,73
122000185,1098,1235,-137
122000186,942,895,47
122000187,3917,1313,2604
122000188,608,325,283
122000189,308,512,-204
122000190,2125,1365,760
122000191,1708,735,973
122000192,703,294,409
122000193,575,613,-38
122000194,2433,512,1921
122000195,508,453,55
122000196,1091,669,422
122000197,624,630,-6
122000198,1195,723,472
122000199,426,382,44
122000200,2433,1261,1172
122000201,1871,1685,186
122000202,1375,1063,312
122000203,2986,1457,1529
122000204,1663,2351,-688
122000205,1556,2563,-1007
122000206,2951,998,1953
122000207,1860,1337,523
122000208,5605,1682,3923
122000209,5794,576,5218
122000210,3889,2109,1780
122000211,3670,1078,2592
122000212,1280,670,610
122000213,1725,1510,215
122000214,2653,2537,116
122000215,2398,1680,718
122000217,3583,1448,2135
122000218,1377,183,1194
122000219,1997,1129,868
122000220,476,743,-267
122000221,155,765,-610
122000222,219,56,163
122000223,1603,402,1201
122000225,1105,336,769
122000226,1823,2850,-1027
122000227,437,5363,-4926
122000228,364,437,-73
122000229,26,550,-524
122000230,67,744,-677
122000231,292,933,-641
122000232,696,1261,-565
122000233,0,125,-125
122000234,268,148,120
122000235,647,115,532
122000236,1214,265,949
122000237,59,75,-16
122000238,367,756,-389
122000239,499,129,370
122000240,1401,424,977
122000241,1379,593,786
122000242,603,116,487
122000243,295,108,187
122000244,45,500,-455
122000245,110,363,-253
122000246,297,319,-22
122000247,587,1058,-471
122000248,1738,2571,-833
122000249,786,1094,-308
122000250,1937,1600,337
122000251,263,373,-110
122000252,563,122,441
122000253,103,432,-329
122000254,178,136,42
122000255,799,2093,-1294
122000256,442,1953,-1511
122000257,125,509,-384
122000258,185,295,-110
122000259,23,841,-818
122000261,14,361,-347
122000262,0,36,-36
122000263,304,131,173
122000264,2097,604,1493
122000265,4854,1053,3801
122000266,11554,717,10837
122000267,106,110,-4
122000268,317,502,-185
122000269,1940,383,1557
122000270,3985,168,3817
122000271,1071,1272,-201
122000272,394,1229,-835
122000273,364,481,-117
122000274,276,248,28
122000275,56,280,-224
122000276,575,725,-150
122000277,1131,1682,-551
122000278,1256,1099,157
122000279,194,503,-309
122000280,1153,826,327
122000281,1091,848,243
122000282,139,174,-35
122000283,372,85,287
122000284,134,102,32
122000285,470,118,352
122000286,139,215,-76
122000287,927,1776,-849
122000288,480,367,113
122000291,1298,684,614
122000293,515,283,232
122000294,138,335,-197
122000295,2007,304,1703
122000296,82,749,-667
122000297,3828,3695,133
122000299,373,483,-110
122000300,733,849,-116
122000301,17959,2955,15004
122000302,718,1058,-340
122000303,4825,1602,3223
122000304,88,252,-164
122000305,947,1182,-235
122000306,40,994,-954
122000307,176,188,-12
122000309,147,81,66
122000310,68,91,-23
122000311,371,250,121
122000312,250,129,121
122000313,95,85,10
122000314,215,348,-133
122000315,232,13,219
122000316,483,192,291
122000317,866,271,595
122000318,386,602,-216
122000319,335,873,-538
122000320,1400,3500,-2100
122000321,226,304,-78
122000322,2743,5572,-2829
122000323,2012,3000,-988
122000324,2069,2199,-130
122000325,1117,1534,-417
122000326,49,166,-117
122000327,519,828,-309
122000328,2015,844,1171
122000330,2756,745,2011
122000332,236,204,32
122000333,14,279,-265
122000337,854,2024,-1170
122000338,439,405,34
122000340,865,330,535
122000342,3919,1318,2601
122000343,517,1888,-1371
122000344,54,34,20
122000345,148,110,38
122000346,282,762,-480
122000348,612,888,-276
122000349,133,849,-716
122000351,189,465,-276
122000352,955,235,720
122000353,134,252,-118
122000355,175,182,-7
122000356,3776,856,2920
122000357,63,33,30
122000358,0,57,-57
122000359,0,30,-30
122000360,0,35,-35
122000362,10,146,-136
122000364,93,489,-396
122000365,11,28,-17
122000366,22,6,16
122000368,760,766,-6
122000370,15,62,-47
122000371,15,0,15
122000372,5,1,4
122000381,58,469,-411
122000382,124,327,-203
122000384,7607,3078,4529
122000385,29,0,29
122000386,2366,1609,757
122000387,2188,596,1592
122000388,5796,598,5198
122000389,509,664,-155
122000390,1605,388,1217
122000391,612,135,477
122000392,164,304,-140
122000393,12,53,-41
122000394,640,360,280
122000395,206,236,-30
122000396,437,185,252
122000397,107,155,-48
122000398,47,104,-57
122000399,161,90,71
122000400,320,432,-112
122000401,384,174,210
122000402,296,230,66
122000403,530,1436,-906
122000404,170,451,-281
122000408,872,1703,-831
122000503,14,310,-296
122000524,154,89,65
122000544,91,7881,-7790
122000614,621,582,39
122000616,250,1,249
122000640,43,198,-155
122000641,72,543,-471
122000642,1232,1388,-156
122000643,26,219,-193
122000644,159,36,123
122000645,108,446,-338
122000651,3909,803,3106
122000664,349,58,291
122000665,1064,572,492
122000666,656,1401,-745
122000673,69,502,-433
122000674,143,81,62
122000675,2136,1978,158
122000686,394,1439,-1045
122000687,3257,419,2838
122000688,213,1064,-851
122000689,969,853,116
122000690,1095,741,354
122000691,311,3434,-3123
122000692,1317,393,924
122000693,333,2045,-1712
122000695,282,661,-379
122000696,333,355,-22
122000698,319,1071,-752
122000699,205,74,131
122000701,1323,390,933
122000702,515,2665,-2150
122000703,194,127,67
122000712,0,0,0
122000717,277,60,217
122000718,1544,2624,-1080
122000719,258,111,147
122000720,345,326,19
122000724,282,443,-161
122900001,34,13,21
122900002,1774,4920,-3146
122900003,529,48,481
122900004,794,39,755
122900005,79,45,34
122900006,771,304,467
122900007,190,18,172
122900008,692,38,654
122900009,883,484,399
122900010,219,241,-22
122900012,206,278,-72
122900014,195,311,-116
122900015,2949,635,2314
122900016,213,348,-135
122900017,946,950,-4
122900018,482,18,464
122900019,62,237,-175
122900020,424,424,0
122900021,93,819,-726
122900024,134,147,-13
122900025,6,161,-155
122900026,169,297,-128
122900027,116,936,-820
122900028,160,188,-28
122900029,5574,4282,1292
122900030,1653,447,1206
122900031,317,220,97
122900032,121,303,-182
122900033,231,106,125
122900034,4542,10650,-6108
122900035,82,12,70
122900036,76,455,-379
122900037,704,128,576
122900038,253,3807,-3554
122900039,88,509,-421
122900040,735,385,350
122900041,198,180,18
122900042,161,261,-100
122900043,976,253,723
122900044,194,409,-215
122900045,104,93,11
122900046,121,66,55
122900047,943,259,684
122900048,51,486,-435
122900049,1870,121,1749
122900051,129,135,-6
122900052,81,272,-191
122900053,21,26,-5
122900055,491,118,373
122900057,627,25,602
122900061,542,166,376
122900062,401,485,-84
122900063,229,380,-151
122900064,1168,602,566
122900065,457,46,411
122900066,557,391,166
122900067,1763,950,813
122900069,407,1741,-1334
122900070,402,284,118
122900071,159,494,-335
122900073,42,426,-384
122900074,539,734,-195
122900075,2,106,-104
122900076,5,261,-256
122900077,14,316,-302
122900078,93,25,68
122900080,85,22,63
122900081,735,168,567
122900082,954,232,722
122900083,185,127,58
122900084,11,371,-360
122900086,11,49,-38
122900087,230,421,-191
122900088,80,77,3
122900089,74,226,-152
122900090,11,814,-803
122900091,190,2,188
122900092,203,490,-287
122900093,5,410,-405
122900094,6,296,-290
122900095,167,10,157
122900096,139,146,-7
122900097,76,29,47
122900098,89,128,-39
122900099,61,8,53
122900100,401,269,132
122900101,1241,399,842
122900102,24,20,4
122900103,163,19,144
122900104,59,8,51
122900105,10,9,1
122900106,1,120,-119
122900107,15,333,-318
122900108,5,374,-369
122900109,511,604,-93
123000001,2831,556,2275
123000002,7649,4090,3559
123000003,5246,5109,137
123000004,4115,6341,-2226
123000005,3163,4702,-1539
123000006,3830,3911,-81
123000007,4285,3975,310
123000008,3462,4919,-1457
123000009,6817,4015,2802
123000010,5166,4704,462
123000011,9960,1191,8769
123000012,2585,3179,-594
123000013,5642,1096,4546
123000014,2604,5217,-2613
123000015,5984,1176,4808
123000016,8253,4658,3595
123000017,3580,1545,2035
123000018,52,155,-103
123000019,166,332,-166
123000020,96,135,-39
123000021,58,245,-187
123000022,544,2351,-1807
123000023,1669,1571,98
123000024,2476,945,1531
123000025,406,150,256
123000026,27,149,-122
123000027,365,245,120
123000028,1042,189,853
123000029,1392,322,1070
123000030,581,629,-48
123000031,116,493,-377
123000032,294,376,-82
123000033,829,219,610
123000034,1121,932,189
123000035,267,459,-192
123000036,302,1038,-736
123000037,248,329,-81
123000038,128,327,-199
123000039,573,1283,-710
123000040,1709,424,1285
123000041,2129,858,1271
123000042,2071,556,1515
123000043,4821,8190,-3369
123000044,7197,2446,4751
123000045,12952,2789,10163
123000046,1427,1554,-127
123000047,3335,1654,1681
123000048,70,591,-521
123000049,8619,7676,943
123000050,1025,1746,-721
123000051,112,248,-136
123000052,774,3542,-2768
123000053,2166,3853,-1687
123000054,1517,1532,-15
123000055,1119,1862,-743
123000056,1731,2180,-449
123000057,21691,7556,14135
123000058,1008,1060,-52
123000059,451,573,-122
123000060,874,432,442
123000061,193,1031,-838
123000063,822,1055,-233
123000064,1006,306,700
123000065,9975,4577,5398
123000066,1227,1187,40
123000067,786,722,64
123000068,4215,4157,58
123000069,7626,4532,3094
123000070,330,1109,-779
123000071,773,1601,-828
123000072,997,1824,-827
123000073,1236,1082,154
123000074,1328,2717,-1389
123000075,485,1202,-717
123000076,792,1352,-560
123000077,2759,4516,-1757
123000078,1307,2703,-1396
123000079,1359,2880,-1521
123000080,2645,3194,-549
123000081,194,816,-622
123000082,448,1488,-1040
123000083,1062,237,825
123000084,722,1154,-432
123000085,231,167,64
123000086,457,499,-42
123000087,479,536,-57
123000088,1393,1525,-132
123000089,555,2195,-1640
123000090,1695,1637,58
123000091,2038,2256,-218
123000092,1582,1829,-247
123000094,692,399,293
123000095,407,1038,-631
123000096,672,577,95
123000097,571,1505,-934
123000098,612,899,-287
123000099,808,1249,-441
123000100,605,811,-206
123000101,631,810,-179
123000102,715,814,-99
123000104,558,576,-18
123000105,698,652,46
123000106,624,613,11
123000107,447,822,-375
123000108,821,1838,-1017
123000111,896,504,392
123000112,864,902,-38
123000113,695,2396,-1701
123000114,744,931,-187
123000115,323,449,-126
123000116,20,309,-289
123000117,1918,3171,-1253
123000118,514,1256,-742
123000119,333,1422,-1089
123000120,549,1260,-711
123000121,641,822,-181
123000122,577,254,323
123000123,715,800,-85
123000124,810,610,200
123000125,1497,1475,22
123000126,2517,3240,-723
123000127,1667,1050,617
123000128,468,567,-99
123000129,617,327,290
123000130,552,112,440
123000131,1140,890,250
123000132,482,818,-336
123000133,428,513,-85
123000134,565,333,232
123000135,1850,1731,119
123000136,293,1687,-1394
123000137,118,536,-418
123000138,181,571,-390
123000139,706,254,452
123000140,134,836,-702
123000141,900,142,758
123000142,1293,1387,-94
123000143,3779,3892,-113
123000144,46,20,26
123000147,310,113,197
123000149,573,464,109
123000150,493,338,155
123000151,439,617,-178
123000152,86,327,-241
123000153,227,770,-543
123000154,1685,2754,-1069
123000155,2610,870,1740
123000156,83,134,-51
123000157,748,1018,-270
123000158,820,1028,-208
123000159,5807,2588,3219
123000160,1029,799,230
123000161,1463,1476,-13
123000162,842,2009,-1167
123000163,361,98,263
123000164,859,150,709
123000165,350,1583,-1233
123000167,4,318,-314
123000168,205,410,-205
123000169,684,110,574
123000170,110,434,-324
123000171,463,99,364
123000172,1064,1120,-56
123000173,864,443,421
123000174,1249,550,699
123000175,940,1659,-719
123000176,814,224,590
123000177,355,1147,-792
123000178,966,186,780
123000179,45,930,-885
123000180,1092,298,794
123000181,388,1909,-1521
123000182,262,542,-280
123000183,78,322,-244
123000184,123,980,-857
123000185,399,594,-195
123000186,9,875,-866
123000187,491,8,483
123000188,321,3,318
123000189,87,337,-250
123000190,20,92,-72
123000192,24,612,-588
123000193,88,973,-885
123000194,338,262,76
123000195,343,15,328
123000196,288,21,267
123000197,86,157,-71
123000198,32,283,-251
123000199,2,704,-702
123000200,327,13,314
123000201,417,10,407
123000202,17,1462,-1445
123000203,594,49,545
123000204,84,1326,-1242
123000205,578,2585,-2007
123000206,1034,142,892
123000207,394,1569,-1175
123000208,765,111,654
123000209,3180,608,2572
123000210,843,3541,-2698
123000211,682,3527,-2845
123000212,2525,474,2051
123000213,792,60,732
123000215,237,194,43
123000216,271,910,-639
123000217,177,55,122
123000218,119,588,-469
123000219,1241,74,1167
123000220,646,115,531
123000221,232,127,105
123000222,592,558,34
123000223,173,746,-573
123000224,552,962,-410
123000225,260,95,165
123000226,73,337,-264
123000227,105,367,-262
123000228,179,60,119
123000229,1957,2274,-317
123000232,94,870,-776
123000233,923,237,686
123000234,205,940,-735
123000235,628,459,169
123000236,257,993,-736
123000237,336,84,252
123000238,97,794,-697
123000239,684,2190,-1506
123000240,59,501,-442
123000241,1614,192,1422
123000242,111,205,-94
123000243,1177,1419,-242
123000244,1702,645,1057
123000245,121,191,-70
123000249,583,1420,-837
123000252,1133,224,909
123000253,927,514,413
123000254,692,1389,-697
123000255,1112,953,159
123000256,44,285,-241
123000257,4547,3243,1304
123000258,1154,1513,-359
123000259,392,618,-226
123000260,635,575,60
123000261,173,219,-46
123000263,219,224,-5
123000264,159,166,-7
123000265,92,223,-131
123000266,599,1028,-429
123000267,378,400,-22
123000268,44,115,-71
123000269,173,62,111
123000270,128,55,73
123000271,152,121,31
123000272,1057,387,670
123000273,402,656,-254
123000274,1393,658,735
123000275,364,1281,-917
123000278,4549,3464,1085
123000279,164,195,-31
123000280,555,484,71
123000281,556,119,437
123000282,255,395,-140
123000283,46,59,-13
123000284,61,175,-114
123000286,460,340,120
123000287,1158,460,698
123000288,1719,590,1129
123000289,798,1000,-202
123000291,358,907,-549
123000294,436,342,94
123000295,1455,1161,294
123000296,662,628,34
123000297,491,1468,-977
123000298,671,1308,-637
123000299,347,841,-494
123000300,1043,1172,-129
123000301,197,304,-107
123000302,94,277,-183
123000303,300,102,198
123000305,1572,1208,364
123000306,106,313,-207
123000309,77,106,-29
123000310,32,71,-39
123000311,0,217,-217
123000312,1348,1256,92
123000313,410,633,-223
123000315,49,468,-419
123000316,3682,421,3261
123000317,429,73,356
123000318,209,523,-314
123000329,21,18,3
123000337,703,310,393
123000338,598,76,522
123000339,187,299,-112
123000340,395,1135,-740
123000342,34,238,-204
123000343,222,3,219
123000344,1615,671,944
123000345,348,806,-458
123000346,438,118,320
123000352,2422,954,1468
123000353,14,282,-268
123000354,366,2,364
123000355,1,735,-734
123000356,221,6,215
123000357,0,328,-328
123000359,4,268,-264
123000360,163,140,23
123000361,742,326,416
123000362,264,145,119
123000363,90,177,-87
123000364,743,600,143
123000365,33,420,-387
123000366,366,2122,-1756
123000367,353,1620,-1267
123000370,36,392,-356
123000371,257,35,222
123000372,286,27,259
123000373,16,581,-565
123000374,7,318,-311
123000375,198,31,167
123000376,1530,1074,456
123000377,301,48,253
123000378,27,476,-449
123000379,1,269,-268
123000380,135,331,-196
123000381,334,34,300
123000382,1215,84,1131
123000383,384,1223,-839
123000384,793,77,716
123000385,638,958,-320
123000436,151,1307,-1156
123000507,267,894,-627
123000508,371,846,-475
123000517,369,37,332
123000518,43,331,-288
123000519,166,97,69
123000520,49,326,-277
123000521,475,151,324
123000522,142,585,-443
123000541,7,0,7
123000542,0,45,-45
123000565,517,37,480
123000566,136,1005,-869
123000567,211,406,-195
123000573,37,1323,-1286
123000574,455,78,377
123000575,1241,1454,-213
123000576,683,2759,-2076
123000577,156,981,-825
123000578,1096,80,1016
123000579,5734,5516,218
123000580,148,66,82
123000582,517,23,494
123000583,14,528,-514
123000584,319,418,-99
123000585,0,221,-221
123000586,108,1,107
123000596,774,390,384
123000597,203,225,-22
123000602,65,8,57
123000603,458,1226,-768
123000604,543,1452,-909
123000605,1493,79,1414
123000606,1,430,-429
123000609,25,445,-420
123000610,195,117,78
123000613,51,281,-230
123000614,170,60,110
123000615,55,364,-309
123000616,417,70,347
123000617,106,544,-438
123000618,73,772,-699
123000619,767,46,721
123000620,17,700,-683
123000622,276,10,266
123000624,123,144,-21
123000630,869,548,321
123000631,362,3304,-2942
123000632,1765,1660,105
123000633,0,678,-678
123000634,212,112,100
123000635,385,146,239
123000636,25,989,-964
123000637,199,62,137
123000638,687,122,565
123000639,1077,3580,-2503
123000640,44,1309,-1265
123000648,604,73,531
123000649,40,805,-765
123000650,78,79,-1
123000651,37,257,-220
123900001,1681,79,1602
123900002,56,1631,-1575
123900003,503,861,-358
123900005,453,136,317
123900006,608,88,520
124000001,1518,105,1413
124000002,138,1918,-1780
124000003,575,162,413
124000004,80,929,-849
124000005,767,252,515
124000006,314,1592,-1278
124000007,698,107,591
124000008,29,816,-787
124000009,579,340,239
124000010,149,825,-676
124000011,1737,302,1435
124000012,519,796,-277
124000017,186,153,33
124000018,114,119,-5
124000019,122,128,-6
124000020,38,224,-186
124000021,190,92,98
124000022,136,284,-148
124000023,1617,404,1213
124000024,103,453,-350
124000025,956,788,168
124000026,320,514,-194
124000027,1858,1224,634
124000028,2980,1818,1162
124000031,1111,1977,-866
124000032,5006,1390,3616
124000033,955,797,158
124000034,1496,1501,-5
124000035,337,157,180
124000036,157,859,-702
124000037,424,838,-414
124000038,42,130,-88
124000039,1107,340,767
124000040,522,785,-263
124000041,309,143,166
124000042,87,512,-425
124000043,136,135,1
124000044,62,352,-290
124000045,577,741,-164
124000046,278,1058,-780
124000047,1194,1179,15
124000048,874,2202,-1328
124000049,1274,818,456
124000050,670,2869,-2199
124000051,687,666,21
124000052,588,1506,-918
124000053,475,1341,-866
124000054,965,795,170
124000055,1492,2019,-527
124000056,4944,1850,3094
124000057,932,626,306
124000058,553,2053,-1500
124000059,533,969,-436
124000060,1355,1210,145
124000061,1644,4295,-2651
124000062,5863,2277,3586
124000063,1668,2878,-1210
124000064,4241,2701,1540
124000065,58,53,5
124000066,384,158,226
124000067,255,215,40
124000068,159,194,-35
124000069,432,286,146
124000070,153,523,-370
124000071,256,73,183
124000072,37,48,-11
124000073,567,109,458
124000074,249,809,-560
124000075,216,42,174
124000076,10,293,-283
124000077,1854,658,1196
124000078,2339,1118,1221
124000079,552,1066,-514
124000080,370,163,207
124000081,173,930,-757
124000082,78,219,-141
124000083,112,298,-186
124000084,102,455,-353
124000085,81,61,20
124000086,267,63,204
124000088,198,425,-227
124000089,629,457,172
124000090,210,507,-297
124000091,1357,227,1130
124000092,397,956,-559
124000093,121,103,18
124000094,142,657,-515
124000095,78,97,-19
124000096,85,365,-280
124000097,140,216,-76
124000098,59,206,-147
124000099,221,154,67
124000100,85,103,-18
124000101,93,116,-23
124000102,128,125,3
124000103,75,135,-60
124000104,213,136,77
124000105,67,120,-53
124000106,278,176,102
124000107,22,172,-150
124000108,99,89,10
124000109,141,104,37
124000110,385,222,163
124000111,338,224,114
124000112,658,1215,-557
124000113,90,129,-39
124000114,271,794,-523
124000115,602,1043,-441
124000116,139,175,-36
124000117,130,173,-43
124000118,37,82,-45
124000119,2594,777,1817
124000120,1474,664,810
124000121,2211,722,1489
124000122,523,1440,-917
124000123,910,571,339
124000124,712,1397,-685
124000125,361,457,-96
124000126,425,767,-342
124000127,829,428,401
124000128,731,1221,-490
124000129,2051,1439,612
124000130,983,831,152
124000131,1309,523,786
124000132,1302,959,343
124000133,1247,920,327
124000134,454,722,-268
124000135,2741,2017,724
124000136,968,998,-30
124000137,1974,957,1017
124000138,2467,1828,639
124000139,1254,79,1175
124000140,152,795,-643
124000141,553,30,523
124000142,57,821,-764
124000143,76,18,58
124000144,2,281,-279
124000145,67,40,27
124000146,19,155,-136
124000148,31,95,-64
124000149,1039,453,586
124000150,354,634,-280
124000151,572,163,409
124000152,656,1408,-752
124000153,651,631,20
124000154,413,1041,-628
124000155,1030,865,165
124000156,1842,1129,713
124000169,403,899,-496
124000170,1201,573,628
124000171,485,444,41
124000172,732,789,-57
124000173,548,427,121
124000174,430,918,-488
124000175,10,130,-120
124000176,38,11,27
124000177,5,33,-28
124000178,36,40,-4
124000185,61,9,52
124000186,6,150,-144
124000187,11,193,-182
124000188,38,14,24
124000190,235,36,199
124000191,1726,148,1578
124000192,2860,350,2510
124000193,714,958,-244
124000194,582,662,-80
124000195,284,717,-433
124000196,2110,1651,459
124000197,38,97,-59
124000198,12,73,-61
124000201,250,1264,-1014
124000202,519,21,498
124000203,123,1229,-1106
124000204,428,7,421
124000205,79,732,-653
124000206,345,139,206
124000207,0,35,-35
124000209,307,748,-441
124000210,259,211,48
124000211,424,1,423
124000212,1,636,-635
124000213,191,542,-351
124000214,208,1101,-893
124000215,360,16,344
124000216,2,681,-679
124000329,25,1470,-1445
124000338,146,2368,-2222
124000339,515,69,446
124000341,999,64,935
124000344,279,201,78
124000357,2002,5037,-3035
124000358,1616,3060,-1444
124000359,1124,1043,81
124000360,637,786,-149
124000361,2519,852,1667
124000362,1808,1938,-130
124000363,332,554,-222
124000364,789,1187,-398
124000365,852,1335,-483
124000366,2568,1609,959
124000367,143,643,-500
124000368,456,333,123
124000369,214,191,23
124000370,73,616,-543
124000402,23,8,15
124000403,70,10,60
124000404,8,179,-171
124000405,923,767,156
124000406,1001,1030,-29
124000407,6,45,-39
124000411,17,388,-371
124000412,414,12,402
124000413,1114,55,1059
124000414,98,156,-58
124000415,46,271,-225
124000416,126,489,-363
124000417,124,168,-44
124000418,126,185,-59
124000419,86,254,-168
124000420,70,149,-79
124000421,49,434,-385
124000422,45,39,6
124000423,181,43,138
124000424,4,214,-210
124000425,78,27,51
124000426,1,294,-293
124000427,94,9,85
124000428,93,35,58
124000429,37,64,-27
124000430,554,272,282
124000431,449,837,-388
124000432,175,1405,-1230
124000439,3,7,-4
124000443,0,5,-5
124000445,561,1019,-458
124000446,3716,217,3499
124000447,38,245,-207
124000448,42,17,25
124000449,108,11,97
124000450,16,615,-599
124000451,7,356,-349
124000452,437,168,269
124000453,3182,4772,-1590
124000454,2656,4148,-1492
124900001,342,353,-11
124900002,145,532,-387
124900003,665,317,348
124900004,443,490,-47
124900005,331,270,61
124900006,473,507,-34
124900008,1462,717,745
124900009,103,263,-160
124900010,98,87,11
124900011,417,326,91
124900012,384,102,282
124900013,511,260,251
124900014,393,246,147
124900015,231,224,7
124900016,51,71,-20
124900017,828,934,-106
124900018,177,17,160
124900020,65,69,-4
124900021,169,40,129
124900024,247,67,180
124900026,294,3,291
124900027,137,296,-159
124900028,838,163,675
124900030,8,184,-176
124900031,31,437,-406
124900033,81,410,-329
124900035,209,576,-367
124900036,2,92,-90
124900037,141,522,-381
124900039,2,37,-35
124900040,19,45,-26
124900042,119,89,30
124900043,283,1324,-1041
124900044,126,2,124
124900045,873,823,50
124900047,1191,487,704
124900050,378,718,-340
124900052,140,323,-183
124900053,316,963,-647
124900054,2465,648,1817
124900055,3,351,-348
124900057,19,346,-327
124900060,1620,729,891
124900061,109,38,71
124900062,99,30,69
124900066,0,129,-129
124900067,27,696,-669
124900068,211,376,-165
124900070,77,229,-152
124900072,271,73,198
124900075,312,574,-262
124900076,101,1190,-1089
124900077,189,296,-107
124900078,157,6,151
124900080,418,1270,-852
124900081,790,294,496
124900082,623,2033,-1410
124900083,551,1548,-997
124900085,3012,762,2250
124900086,61,981,-920
124900087,2985,82,2903
124900088,1048,309,739
124900089,2813,269,2544
124900090,225,246,-21
124900091,342,686,-344
124900092,276,483,-207
124900093,255,225,30
124900094,297,346,-49
124900095,97,485,-388
124900096,661,194,467
124900097,243,80,163
124900098,109,551,-442
124900099,637,434,203
124900100,200,102,98
124900101,9,8,1
124900102,171,50,121
124900103,184,457,-273
124900104,82,341,-259
124900105,128,235,-107
124900106,312,53,259
124900107,60,27,33
124900108,562,137,425
124900111,26,241,-215
124900112,357,1147,-790
124900113,116,207,-91
124900114,255,130,125
124900115,47,32,15
124900116,112,115,-3
124900117,1138,124,1014
124900118,208,238,-30
124900119,322,76,246
124900120,70,505,-435
124900121,284,207,77
124900122,511,343,168
124900123,537,317,220
124900124,571,591,-20
124900125,143,4,139
124900126,0,117,-117
204000001,76,17,59
204000002,61,32,29
204000003,53,1,52
204000004,13,1,12
204000005,734,948,-214
204000006,1465,3123,-1658
204000011,8,94,-86
204000012,72,154,-82
204000019,690,680,10
204000020,784,1051,-267
204000021,2807,1172,1635
204000022,462,691,-229
204000023,545,1701,-1156
204000031,197,19,178
204000032,837,34,803
204000034,37,301,-264
204000035,7,3,4
204000036,12,13,-1
204000037,1,21,-20
204000038,5,39,-34
204000039,13,31,-18
204000040,15,42,-27
204000041,18,49,-31
204000042,70,9,61
204000043,20,4,16
204000044,29,1,28
204000045,39,4,35
204000046,12,0,12
204000057,4,33,-29
204000062,28,208,-180
204000068,85,376,-291
204000069,35,380,-345
204000070,90,193,-103
204000080,44,65,-21
204000085,2015,2469,-454
204000086,4145,3344,801
204000087,60,41,19
204000088,6,166,-160
204000090,72,503,-431
204000093,233,176,57
204000096,897,1632,-735
204000097,352,174,178
204000099,1028,2228,-1200
204000100,1186,2140,-954
204000105,2465,2283,182
204000110,1007,1847,-840
204000111,670,1121,-451
204000112,1193,1068,125
204000113,736,1227,-491
204000114,911,744,167
204000115,715,565,150
204000116,844,739,105
204000119,2286,3720,-1434
204000132,549,368,181
204000133,796,470,326
204000134,203,173,30
204000135,785,198,587
204000136,531,456,75
204000138,457,550,-93
204000140,277,194,83
204000141,183,93,90
204000144,10,30,-20
204000145,528,45,483
204000146,17,465,-448
204000147,153,279,-126
204000148,595,62,533
204000154,5,3,2
204000155,8,6,2
204000177,81,109,-28
204000179,35,20,15
204000180,0,46,-46
204000222,0,4,-4
204000235,17,18,-1
204000236,61,430,-369
204000238,11,68,-57
204000240,479,99,380
204000263,838,1836,-998
204000268,1271,1225,46
204000308,307,44,263
204000317,16,111,-95
204000322,6,67,-61
204000323,24,25,-1
204000328,185,214,-29
204000329,165,238,-73
204000330,426,246,180
204000331,144,207,-63
205000001,1203,2152,-949
205000013,17,92,-75
205000014,19,86,-67
205000015,50,259,-209
205000016,29,220,-191
205000017,40,95,-55
205000022,470,981,-511
205000025,2191,1483,708
205000029,266,9,257
205000045,307,323,-16
205000046,87,780,-693
205000047,46,617,-571
205000048,355,1712,-1357
205000049,186,1156,-970
205000050,1909,458,1451
205000059,2,288,-286
205000060,0,111,-111
205000061,3,37,-34
205000062,12,51,-39
205000063,28,243,-215
205000064,27,270,-243
205000065,79,857,-778
205000066,108,1023,-915
205000067,50,1424,-1374
205000069,191,31,160
205000082,161,641,-480
205000110,65,367,-302
205000111,195,405,-210
205000112,136,249,-113
205000113,217,314,-97
205000121,314,236,78
205000123,78,257,-179
205000126,409,439,-30
205000127,746,691,55
205000128,766,451,315
205000129,993,443,550
205000130,1393,158,1235
205000131,1489,46,1443
205000132,2286,22,2264
205000133,2278,8,2270
205000134,722,0,722
205000137,111,186,-75
205000138,200,288,-88
205000139,41,130,-89
205000144,89,144,-55
205000145,301,506,-205
205000151,159,168,-9
205000152,149,134,15
205000153,208,206,2
205000154,92,208,-116
205000155,258,58,200
205000207,9,243,-234
205000233,105,2,103
205000234,0,4,-4
205000243,1,1,0
205000244,0,5,-5
205000245,36,383,-347
205000249,0,41,-41
205000250,3,0,3
205000264,27,165,-138
206000027,18,11,7
206000028,3,2,1
206000043,7,163,-156
206000053,8,14,-6
206000054,4,23,-19
206000055,1,31,-30
206000075,11,2,9
206000076,28,15,13
206000077,16,15,1
206000078,41,6,35
206000079,16,13,3
206000082,694,42,652
206000100,119,901,-782
206000103,10,33,-23
206000104,16,25,-9
206000105,16,16,0
206000106,14,31,-17
206000125,57,1,56
206000157,78,659,-581
206000170,0,165,-165
206000171,2,251,-249
206000172,8,948,-940
206000173,3,411,-408
206000174,5,96,-91
206000175,0,159,-159
206000176,19,297,-278
206000177,2,231,-229
206000178,6,133,-127
206000179,22,95,-73
206000180,32,218,-186
206000181,8,407,-399
206000182,21,309,-288
206000183,15,1095,-1080
206000184,3,366,-363
206000185,11,313,-302
206000186,114,1544,-1430
206000223,24,195,-171
206000226,7,5,2
206000227,28,4,24
206000237,19,482,-463
206000238,24,707,-683
206000239,543,2294,-1751
206000240,1,51,-50
206000241,0,180,-180
206000242,23,327,-304
206000243,10,301,-291
206000244,79,787,-708
206000245,461,71,390
206000246,85,8,77
206000247,111,14,97
206000248,465,14,451
206000252,115,20,95
206000258,29,28,1
206000315,40,10,30
206000317,576,102,474
206000318,337,71,266
206000319,600,150,450
206000320,52,64,-12
206000321,94,21,73
206000322,273,15,258
206000323,122,8,114
206000324,73,14,59
206000325,150,12,138
206000326,249,8,241
206000327,566,23,543
206000328,91,6,85
206000329,142,9,133
206000330,34,6,28
206000331,66,2,64
206000332,23,5,18
206000333,343,1,342
206000334,159,4,155
206000335,0,29,-29
206000361,10,247,-237
206000392,2,35,-33
206000405,174,2,172
206000441,37,18,19
206000498,93,1,92
206000515,135,26,109
206000530,145,69,76
206000531,310,175,135
206000532,3870,209,3661
206000535,329,3417,-3088
206000536,26,273,-247
206000537,19,187,-168
206000613,1692,258,1434
206000784,591,43,548
207000001,237,614,-377
207000002,153,409,-256
207000003,196,253,-57
207000007,796,292,504
207000008,48,17,31
207000009,108,36,72
207000010,495,659,-164
207000012,295,346,-51
207000015,393,2083,-1690
207000019,413,116,297
207000021,757,217,540
207000022,172,179,-7
207000023,181,97,84
207000024,3,28,-25
207000025,37,114,-77
207000026,171,45,126
207000027,37,79,-42
207000028,98,279,-181
207000029,340,443,-103
207000033,350,413,-63
207000034,374,94,280
207000039,266,173,93
207000040,200,170,30
207000041,69,53,16
207000042,341,135,206
207000043,289,232,57
207000051,131,339,-208
207000052,32,247,-215
207000053,457,768,-311
207000054,64,179,-115
207000055,140,248,-108
207000056,349,556,-207
207000057,162,432,-270
207000058,194,589,-395
207000059,95,1127,-1032
207000060,93,408,-315
207000061,358,318,40
207000062,290,28,262
207000063,298,180,118
207000064,428,190,238
207000065,266,240,26
207000066,226,218,8
207000067,55,192,-137
207000068,202,118,84
207000069,762,454,308
207000082,24,418,-394
207000083,100,448,-348
207000084,235,320,-85
207000085,163,20,143
207000086,130,3,127
207000106,22,26,-4
207000107,55,18,37
207000108,40,18,22
207000109,72,16,56
207000110,28,94,-66
207000111,40,70,-30
207000112,446,485,-39
207000114,28,42,-14
207000115,18,107,-89
207000116,21,361,-340
207000117,7,116,-109
207000118,5,135,-130
207000119,25,118,-93
207000123,192,21,171
207000124,82,26,56
207000125,57,58,-1
207000126,44,53,-9
207000134,70,246,-176
207000135,30,339,-309
207000148,30,228,-198
207000149,60,52,8
207000152,190,430,-240
207000153,976,1252,-276
207000154,553,177,376
207000159,98,308,-210
207000160,195,685,-490
207000238,1,226,-225
207000242,6,291,-285
207000248,53,34,19
207000249,205,47,158
207000250,1371,35,1336
207000251,169,97,72
207000252,77,93,-16
207000278,99,115,-16
207000279,42,264,-222
207000280,371,83,288
207000281,104,1591,-1487
207000282,366,85,281
207000283,170,355,-185
207000284,100,156,-56
207000285,236,36,200
207000291,8,126,-118
207000304,208,101,107
207000306,85,526,-441
207000310,51,83,-32
207000353,352,8,344
207000356,27,41,-14
207000357,60,17,43
207000358,15,25,-10
207000415,16,243,-227
207000417,39,6,33
207000418,91,198,-107
207000438,0,1,-1
207000439,1003,578,425
207000446,134,6,128
207000460,7,9,-2
207000466,214,156,58
207000467,219,200,19
207000468,62,520,-458
207000476,10,98,-88
207000477,441,160,281
207000478,0,38,-38
207000523,0,29,-29
207000524,80,0,80
207000527,103,275,-172
207000530,288,4,284
207000531,213,12,201
207000532,63,17,46
207000534,860,51,809
207000535,74,298,-224
207000537,30,191,-161
207000540,6,320,-314
207000541,4,397,-393
207000548,15,445,-430
207000549,229,11,218
207000561,114,127,-13
207000562,68,351,-283
207000567,214,358,-144
207000568,122,145,-23
207000569,457,1393,-936
207000584,407,237,170
207000585,99,271,-172
207000587,86,35,51
207000616,1,211,-210
207000617,134,0,134
207000624,73,21,52
207000631,6,50,-44
207900008,139,286,-147
208000001,681,1340,-659
208000002,839,965,-126
208000003,1688,1191,497
208000004,2173,1429,744
208000005,24,34,-10
208000019,575,1195,-620
208000020,230,637,-407
208000021,263,773,-510
208000022,950,887,63
208000028,1723,980,743
208000033,483,1035,-552
208000034,1468,2883,-1415
208000037,583,39,544
208000040,131,200,-69
208000041,946,613,333
208000042,1367,712,655
208000047,154,693,-539
208000064,3089,2409,680
208000066,2082,2704,-622
208000070,403,586,-183
208000071,642,1292,-650
208000072,437,1801,-1364
208000080,323,681,-358
208000081,362,331,31
208000082,396,437,-41
208000083,209,522,-313
208000084,141,18,123
208000085,2014,803,1211
208000086,858,1180,-322
208000087,524,996,-472
208000089,1067,1004,63
208000090,851,1590,-739
208000093,139,283,-144
208000094,593,887,-294
208000095,988,602,386
208000104,979,1676,-697
208000105,732,1738,-1006
208000114,120,375,-255
208000115,545,523,22
208000116,536,1276,-740
208000117,138,225,-87
208000118,101,178,-77
208000155,1009,1289,-280
208000158,2075,4185,-2110
208000186,3813,4827,-1014
208000204,742,1605,-863
208000205,1366,1990,-624
208000282,5728,2857,2871
209000004,274,334,-60
209000005,53,58,-5
209000006,830,216,614
209000007,720,409,311
209000010,998,192,806
209000011,350,353,-3
209000012,153,387,-234
209000013,298,779,-481
209000014,842,1790,-948
209000025,496,76,420
209000026,891,176,715
209000027,621,1478,-857
209000028,535,1157,-622
209000029,1929,1131,798
209000030,1537,2349,-812
209000031,5736,3397,2339
209000034,220,364,-144
209000035,158,278,-120
209000036,317,250,67
209000037,248,417,-169
209000038,119,370,-251
209000039,75,306,-231
209000040,349,686,-337
209000041,201,530,-329
209000042,235,542,-307
209000043,806,1095,-289
209000044,217,1026,-809
209000045,1835,458,1377
209000046,557,562,-5
209000047,689,244,445
209000048,1015,289,726
209000049,91,166,-75
209000050,194,316,-122
209000051,429,624,-195
209000052,286,567,-281
209000062,47,229,-182
209000063,42,207,-165
209000064,25,204,-179
209000065,56,56,0
209000066,97,88,9
209000067,112,139,-27
209000080,40,426,-386
209000082,91,82,9
209000091,88,162,-74
209000093,125,31,94
209000094,271,196,75
209000110,72,132,-60
209000111,491,2403,-1912
209000112,1005,989,16
209000113,4051,954,3097
209000114,463,679,-216
209000115,175,234,-59
209000116,1161,885,276
209000118,115,85,30
209000119,135,11,124
209000121,287,999,-712
209000135,76,212,-136
209000142,1149,2890,-1741
209000143,282,226,56
209000144,199,108,91
209000229,239,212,27
209000240,81,669,-588
209000259,179,212,-33
209000260,68,1209,-1141
209000261,2,711,-709
209000262,0,665,-665
209000263,2,158,-156
209000264,0,66,-66
209000265,310,1,309
209000266,89,0,89
209000267,526,6,520
209000268,643,31,612
210000037,82,40,42
210000047,83,55,28
210000048,70,47,23
210000049,111,54,57
210000052,35,147,-112
210000053,21,90,-69
210000054,76,136,-60
210000070,114,5,109
210000071,65,0,65
210000072,24,0,24
210000073,0,55,-55
210000074,1,202,-201
210000075,1,90,-89
210000076,10,191,-181
210000077,176,42,134
210000078,112,54,58
210000079,212,14,198
210000080,600,97,503
210000081,321,21,300
210000082,329,1,328
210000083,153,1,152
210000084,34,0,34
210000085,1,147,-146
210000086,1,223,-222
210000099,38,448,-410
210000100,87,447,-360
210000101,92,492,-400
210000105,46,441,-395
210000159,1,248,-247
210000163,232,391,-159
210000164,442,200,242
210000168,259,41,218
210000187,0,20,-20
210000188,0,33,-33
210000214,60,1,59
210000219,35,70,-35
210000220,90,87,3
210000232,1,49,-48
210000233,30,91,-61
210000234,18,233,-215
210000235,37,212,-175
210000245,0,82,-82
210000246,34,3,31
210000258,22,126,-104
210000259,384,45,339
210000282,112,390,-278
210000285,2,128,-126
210000286,16,203,-187
210000290,6,20,-14
210000295,65,336,-271
210000296,127,100,27
210000320,138,133,5
210000321,110,115,-5
210000338,299,123,176
210000339,578,1734,-1156
210000340,159,742,-583
210000341,268,479,-211
210000342,207,340,-133
210000343,371,292,79
210000344,1061,233,828
210000345,310,444,-134
210000346,156,198,-42
210000347,452,48,404
210000348,276,18,258
210000349,399,29,370
210000350,102,75,27
210000351,98,115,-17
210000352,60,199,-139
210000353,49,203,-154
210000354,75,219,-144
210000355,129,224,-95
210000356,296,99,197
210000357,215,80,135
210000358,734,210,524
210000359,420,129,291
210000360,361,153,208
210000361,230,205,25
210000362,279,305,-26
210000363,1091,265,826
210000364,186,161,25
210000365,184,79,105
210000366,148,110,38
210000367,92,56,36
210000368,191,51,140
210000369,107,26,81
210000370,137,79,58
210000372,116,62,54
210000373,236,40,196
210000374,127,19,108
210000375,42,196,-154
210000376,212,258,-46
210000404,107,300,-193
210000439,54,93,-39
210000472,233,7,226
210000482,120,102,18
210000564,584,306,278
210000567,0,29,-29
210000568,828,0,828
211000092,34,93,-59
211000094,17,7,10
211000169,343,15,328
211000172,18,357,-339
211000209,0,28,-28
211000226,18,50,-32
211000270,28,23,5
211000275,34,36,-2
211000276,103,30,73
211000279,23,44,-21
211000281,37,72,-35
211000302,22,121,-99
211507980,1,43,-42
211977296,104,3,101
212000003,341,133,208
212000004,317,29,288
212000005,66,51,15
212000006,93,148,-55
212000008,151,215,-64
212000009,32,203,-171
212000012,70,90,-20
212000013,31,54,-23
212000014,259,167,92
212000015,291,290,1
212000016,494,624,-130
212000027,433,811,-378
212000028,266,721,-455
212000029,230,567,-337
212000030,20,83,-63
212000031,62,79,-17
212000048,60,185,-125
212000049,15,125,-110
212000050,24,14,10
212000051,128,241,-113
212000052,154,404,-250
212000053,286,660,-374
212000054,160,255,-95
212000055,162,486,-324
212000056,20,81,-61
212000057,12,48,-36
212000058,617,42,575
212000070,97,320,-223
212000077,97,872,-775
212000099,239,507,-268
212000108,425,369,56
212000111,202,162,40
212000120,239,118,121
212000138,286,22,264
212000156,7,138,-131
212000158,7,23,-16
212000159,295,101,194
212000160,438,460,-22
212000161,115,22,93
212000310,19,14,5
212000311,9,137,-128
212000374,24,10,14
213000001,35,600,-565
213000005,428,203,225
213000006,1269,296,973
213000007,295,25,270
213000009,754,489,265
213000010,200,315,-115
213000011,410,185,225
213000012,193,426,-233
213000014,63,8,55
213000015,218,6,212
213000016,260,2,258
213000017,65,0,65
213000018,1,191,-190
213000019,2,188,-186
213000020,116,445,-329
213000021,1,128,-127
213000023,280,274,6
213000033,262,1517,-1255
213000034,796,397,399
213000035,101,558,-457
213000045,95,320,-225
213000046,201,268,-67
213000047,734,1133,-399
213000056,89,123,-34
213000069,268,5,263
213000073,2,20,-18
213000074,99,641,-542
213000075,645,7,638
213000076,81,4,77
213000085,9,41,-32
213000086,26,255,-229
213000091,119,12,107
213000092,66,14,52
213000099,237,1141,-904
213000100,1465,357,1108
213000101,181,129,52
213000102,237,342,-105
213000103,847,839,8
213000104,70,481,-411
213000105,2,139,-137
213000106,24,255,-231
213000107,187,915,-728
213000108,29,799,-770
213000109,3,337,-334
213000110,8,107,-99
213000111,6,52,-46
213000112,189,127,62
213000115,45,14,31
213000116,46,910,-864
213000117,18,1425,-1407
213000118,365,482,-117
213000119,73,1294,-1221
213000120,128,1145,-1017
213000122,547,1115,-568
213000123,898,1638,-740
213000124,127,1476,-1349
213000125,147,15,132
213000126,45,125,-80
213000127,153,202,-49
213000128,863,890,-27
213000129,492,738,-246
213000130,330,425,-95
213000132,236,171,65
213000133,352,137,215
213000134,994,27,967
213000136,291,33,258
213000137,510,140,370
213000139,688,50,638
213000147,254,5,249
213000148,137,11,126
213000149,279,8,271
213000150,0,97,-97
213000151,0,90,-90
213000152,11,79,-68
213000153,3,48,-45
213000154,14,406,-392
213000155,7,462,-455
213000156,95,1132,-1037
213000157,1239,622,617
213000158,305,874,-569
213000159,341,977,-636
213000163,412,110,302
213000165,454,238,216
213000171,22,164,-142
213000172,44,459,-415
213000173,22,379,-357
213000174,1,219,-218
213000175,44,118,-74
213000176,16,218,-202
213000177,56,37,19
213000178,129,42,87
213000179,175,69,106
213000180,118,95,23
213000184,108,699,-591
213000188,355,108,247
213000189,300,56,244
213000190,842,1155,-313
213000191,228,717,-489
213000192,185,864,-679
213000193,2816,184,2632
213000194,1,27,-26
213000195,15,660,-645
213000196,319,1248,-929
213000197,259,1329,-1070
213000198,154,1,153
213000200,122,1403,-1281
213000201,146,59,87
213000202,28,1280,-1252
213000203,5040,864,4176
213000204,562,167,395
213000205,174,224,-50
213000206,473,254,219
213000207,287,54,233
213000208,344,4,340
213000209,317,6,311
213000210,1157,9,1148
213000211,77,18,59
213000212,152,15,137
213000213,76,27,49
213000218,340,911,-571
213000219,501,25,476
213000220,665,11,654
213000223,475,257,218
213000224,92,80,12
213000225,95,17,78
213000226,95,12,83
213000227,805,402,403
213000228,254,156,98
213000229,591,43,548
213000230,441,113,328
213000232,111,979,-868
213000233,6,35,-29
213000234,10,30,-20
213000293,57,44,13
213000294,291,35,256
213000295,69,76,-7
213000296,65,25,40
213000297,12,187,-175
213000298,14,143,-129
213000299,81,74,7
213000300,52,5,47
213000303,9,44,-35
213000304,2,11,-9
213000305,5,13,-8
213000306,305,41,264
213000307,1095,97,998
213000308,134,353,-219
213000309,209,56,153
213000310,204,105,99
213000311,270,783,-513
213000315,152,188,-36
213000316,91,53,38
213000322,59,66,-7
213000323,20,103,-83
213000340,160,1261,-1101
213000341,365,143,222
213000346,218,176,42
213000347,929,323,606
213000348,7,145,-138
213000349,10,13,-3
213000350,283,1813,-1530
213000366,72,558,-486
213000367,191,51,140
213000379,86,75,11
213000386,15,276,-261
213000406,77,520,-443
213000417,1424,534,890
213000425,99,53,46
213000426,81,118,-37
213000427,59,419,-360
213000428,30,230,-200
213000429,29,13,16
213000430,111,1001,-890
213000431,97,1,96
213000432,1,27,-26
213000433,13,216,-203
213000435,68,150,-82
213000439,98,29,69
213000441,0,3,-3
213000443,455,752,-297
213000445,1,159,-158
213000446,1,12,-11
213000447,6,106,-100
213000448,139,221,-82
213000449,156,3,153
213000450,68,143,-75
213000451,37,68,-31
213000452,188,136,52
213000453,78,418,-340
213000455,422,39,383
213000456,2,158,-156
213000481,22,19,3
213000482,60,8,52
213000489,460,286,174
213000491,0,317,-317
213000492,1287,23,1264
213000493,0,271,-271
213000494,138,198,-60
213000495,0,116,-116
213000496,202,289,-87
213000497,63,302,-239
213000498,82,231,-149
213000499,148,720,-572
213000500,296,95,201
213000501,69,24,45
213000502,456,63,393
213000503,1,93,-92
213000504,9,250,-241
213000505,12,16,-4
213000506,0,18,-18
213000507,3,138,-135
213900244,15,0,15
213900245,0,28,-28
218000003,56,27,29
218000004,48,25,23
218000005,114,42,72
218000006,138,34,104
218000007,22,22,0
218000012,663,388,275
218000013,105,164,-59
218000014,454,417,37
218000019,768,681,87
218000020,358,852,-494
218000040,12,2,10
218000046,97,138,-41
218000047,42,239,-197
218000048,41,236,-195
218000049,112,223,-111
218000050,339,397,-58
218000051,78,417,-339
218000052,3,149,-146
218000053,14,24,-10
218000054,12,49,-37
218000055,10,21,-11
218000056,30,30,0
218000057,3,39,-36
218000064,2,14,-12
218000065,77,131,-54
218000066,12,100,-88
218000067,32,135,-103
218000068,113,132,-19
218000069,142,269,-127
218000070,117,374,-257
218000071,206,293,-87
218000072,273,283,-10
218000078,827,1554,-727
218000079,63,83,-20
218000080,79,119,-40
218000081,253,376,-123
218000082,30,188,-158
218000083,43,81,-38
218000084,97,203,-106
218000085,105,595,-490
218000086,43,247,-204
218000087,188,294,-106
218000090,5,101,-96
218000091,1166,866,300
218000092,90,203,-113
218000093,133,106,27
218000094,639,913,-274
218000099,335,666,-331
218000100,260,357,-97
218000101,268,167,101
218000102,298,357,-59
218000103,73,227,-154
218000104,91,55,36
218000105,86,14,72
218000106,24,13,11
218000107,76,116,-40
218000108,4,64,-60
218000112,114,21,93
218000117,55,82,-27
218000134,637,1205,-568
218000135,111,199,-88
218000136,271,79,192
218000137,228,107,121
218000138,64,93,-29
218000139,202,388,-186
218000140,372,316,56
218000141,148,80,68
218000142,207,190,17
218000143,124,215,-91
218000144,178,109,69
218000145,342,472,-130
218000146,41,200,-159
218000151,84,50,34
218000152,177,85,92
218000170,3,51,-48
218000171,52,10,42
218000172,46,22,24
218000173,71,16,55
218000174,97,18,79
218000176,170,48,122
218000177,308,237,71
218000178,117,209,-92
218000179,91,157,-66
218000180,69,65,4
218000181,192,85,107
218000187,7,23,-16
218000188,70,61,9
218000189,53,60,-7
218000190,5,10,-5
218000191,160,111,49
218000192,209,467,-258
218000193,409,564,-155
218000194,103,510,-407
218000195,120,121,-1
218000196,256,393,-137
218000197,208,442,-234
218000198,18,241,-223
218000199,90,33,57
218000200,85,39,46
218000201,51,7,44
218000202,381,392,-11
218000207,13,84,-71
218000208,140,93,47
218000211,126,13,113
218000213,171,106,65
218000214,7,24,-17
218000215,56,113,-57
218000217,6,187,-181
218000218,187,135,52
218000219,275,40,235
218000220,608,363,245
218000221,3919,281,3638
218000222,110,52,58
218000223,44,344,-300
218000224,20,150,-130
218000225,184,28,156
218000226,133,78,55
218000232,56,176,-120
218000239,228,14,214
218000240,32,9,23
218000241,49,0,49
218000242,72,3,69
218000243,121,2,119
218000244,48,4,44
218000245,18,2,16
218000246,0,1,-1
218000247,0,1,-1
218000248,0,34,-34
218000249,0,3,-3
218000250,14,6,8
218000251,2,10,-8
218000252,4,27,-23
218000253,5,12,-7
218000254,1,8,-7
218000255,0,10,-10
218000256,12,46,-34
218000267,1346,1509,-163
218000268,16,79,-63
218000269,8,16,-8
218000270,90,96,-6
218000271,69,94,-25
218000273,9,18,-9
218000274,19,24,-5
218000275,13,67,-54
218000276,10,55,-45
218000278,56,49,7
218000279,38,115,-77
218000280,8,89,-81
218000281,28,18,10
218000282,742,480,262
218000284,181,47,134
218000301,91,132,-41
218000302,105,51,54
218000303,75,62,13
218000316,750,2126,-1376
218000317,890,2009,-1119
218000318,472,1445,-973
218000319,1265,2192,-927
218000320,1081,1181,-100
218000338,193,27,166
218000345,259,58,201
218000346,198,273,-75
218000459,50,378,-328
218000490,207,61,146
218000501,109,104,5
218000502,26,144,-118
218000503,103,53,50
218000504,228,36,192
218000505,68,247,-179
218000506,58,292,-234
218000508,0,5,-5
218000510,255,15,240
218000520,144,160,-16
218000521,11,83,-72
218000522,0,127,-127
218000523,316,12,304
218000524,36,172,-136
218000525,173,15,158
218000526,34,113,-79
218000529,42,319,-277
218000531,20,29,-9
218000532,56,33,23
218000534,140,45,95
218000537,97,94,3
218000538,176,156,20
218000540,399,76,323
218000543,178,72,106
218000544,135,142,-7
218000545,53,65,-12
218000546,89,141,-52
218000547,81,95,-14
218000548,106,251,-145
218000549,402,220,182
218000550,284,536,-252
218000551,195,780,-585
218000552,590,37,553
218000553,108,115,-7
218000554,132,41,91
218000555,65,73,-8
218000556,277,469,-192
218000557,388,352,36
218000558,125,0,125
218000559,0,44,-44
218000560,0,30,-30
218000561,37,1,36
218000562,66,251,-185
218000563,337,17,320
218000564,17,113,-96
218000565,274,22,252
218000566,340,39,301
218000567,4,77,-73
218000568,38,4,34
218000569,13,138,-125
218000570,156,8,148
218000571,2,128,-126
218000572,209,5,204
218000573,16,108,-92
218000574,135,85,50
218000575,214,2,212
218000576,0,44,-44
218000577,389,2,387
218000578,1,75,-74
218000579,69,43,26
218000581,3,64,-61
218000582,90,3,87
218000583,14,1,13
218000584,1,18,-17
218000585,88,3,85
218000586,6,35,-29
218000587,22,1,21
218000588,3,5,-2
218000589,1,5,-4
218000590,2,2,0
218000591,0,3,-3
218000592,8,2,6
218000593,15,0,15
218000594,1,1,0
218000597,0,0,0
218000598,1,0,1
218000599,5,0,5
218000600,21,1,20
218000601,0,0,0
218000602,0,5,-5
218000603,0,3,-3
218000604,8,0,8
218000605,0,69,-69
218000606,248,0,248
218000607,9,43,-34
218000608,79,19,60
218000609,2,51,-49
218000610,193,4,189
218000611,60,0,60
218000612,1,25,-24
218000613,52,0,52
218000614,2,40,-38
218000615,293,1,292
218000616,9,119,-110
218000617,52,2,50
218000618,0,19,-19
218000619,32,49,-17
218000620,1,21,-20
218000621,0,12,-12
218000622,0,29,-29
218000623,81,7,74
218000624,21,24,-3
218000625,21,1,20
218000626,0,14,-14
218000628,124,39,85
218000631,90,22,68
218000632,0,94,-94
218000633,102,2,100
218000634,16,33,-17
218000635,23,17,6
218000636,862,2254,-1392
218000637,637,1081,-444
218000638,112,109,3
218000639,17,229,-212
218000640,144,34,110
218000641,63,360,-297
218000652,92,160,-68
218000653,159,66,93
218000663,8,251,-243
218000675,109,38,71
218000680,220,659,-439
218000681,432,289,143
218000691,143,518,-375
218000693,153,236,-83
218000718,754,896,-142
218000719,1328,327,1001
218000720,13,110,-97
218000721,201,16,185
218001147,5,554,-549
218001214,25,23,2
218001258,112,3,109
218001329,251,230,21
218001330,237,167,70
218001351,57,14,43
218001352,31,33,-2
218001353,33,26,7
218001354,26,38,-12
218001355,47,601,-554
218001356,156,10,146
218001357,37,416,-379
218001358,171,17,154
218001361,109,28,81
218001362,0,416,-416
219000001,28,114,-86
219000002,72,85,-13
219000003,43,35,8
219000004,91,64,27
219000017,532,36,496
219000020,156,38,118
219000022,143,5,138
219000023,94,1,93
219000029,1,135,-134
219000034,104,29,75
219000039,68,91,-23
219000040,93,37,56
219000041,214,53,161
219000051,0,33,-33
219000052,0,5,-5
219000053,1,241,-240
219000055,139,6,133
219000056,91,2,89
219000057,215,1,214
219000062,27,228,-201
219000063,169,11,158
219000064,0,121,-121
219000110,306,64,242
219000111,147,35,112
219000112,247,87,160
219000113,134,45,89
219000114,227,103,124
219000116,61,57,4
219000117,104,115,-11
219000118,135,79,56
219000123,404,177,227
219000124,162,115,47
219000125,13,35,-22
219000126,136,159,-23
219000127,1,4,-3
219000128,28,148,-120
219000129,39,214,-175
219000130,1016,967,49
219000131,1233,1014,219
219000133,110,55,55
219000134,10,27,-17
219000135,50,48,2
219000136,145,268,-123
219000138,77,22,55
219000139,20,71,-51
219000140,39,5,34
219000141,6,159,-153
219000142,27,150,-123
219000143,13,170,-157
219000145,22,110,-88
219000146,2,76,-74
219000147,5,55,-50
219000148,1,79,-78
219000149,13,177,-164
219000150,7,119,-112
219000151,8,83,-75
219000157,234,185,49
219000158,212,431,-219
219000161,277,11,266
219000163,1937,608,1329
219000166,211,214,-3
219000167,113,309,-196
219000168,416,126,290
219000174,458,106,352
219000175,71,1,70
219000176,67,10,57
219000177,39,2,37
219000178,42,0,42
219000179,17,8,9
219000180,29,40,-11
219000182,138,19,119
219000183,56,42,14
219000184,86,9,77
219000185,1,89,-88
219000186,42,77,-35
219000187,9,149,-140
219000189,169,209,-40
219000190,193,322,-129
219000191,2163,1518,645
219000192,286,186,100
219000193,612,235,377
219000195,1,79,-78
219000196,5,200,-195
219000198,23,214,-191
219000199,150,362,-212
219000200,70,313,-243
219000201,126,338,-212
219000203,51,209,-158
219000204,184,262,-78
219000205,95,277,-182
219000207,293,353,-60
219000209,28,110,-82
219000210,383,241,142
219000213,17,355,-338
219000239,185,323,-138
219000240,317,434,-117
219000241,116,349,-233
219000242,97,297,-200
219000243,82,408,-326
219000244,67,177,-110
219000245,56,58,-2
219000246,124,39,85
219000247,107,47,60
219000248,691,389,302
219000249,198,105,93
219000250,237,76,161
219000251,496,187,309
219000252,360,160,200
219000253,344,77,267
219000255,133,118,15
219000256,154,116,38
219000257,326,2,324
219000262,105,284,-179
219000263,75,377,-302
219000267,4,227,-223
219000268,6,10,-4
219000269,14,15,-1
219000270,12,0,12
219000271,185,15,170
219000278,1,18,-17
219000279,3,7,-4
219000283,0,39,-39
219000295,17,159,-142
219000296,149,698,-549
219000297,27,253,-226
219000298,10,330,-320
219000299,452,153,299
219000300,38,363,-325
219000301,351,445,-94
219000302,59,390,-331
219000307,56,63,-7
219000308,56,42,14
219000311,237,60,177
219000312,589,114,475
219000313,269,67,202
219000314,77,717,-640
219000315,169,64,105
219000316,422,91,331
219000317,85,10,75
219000320,0,73,-73
219000321,0,11,-11
219000323,7,92,-85
219000325,0,40,-40
219000326,100,143,-43
219000327,80,44,36
219000328,46,73,-27
219000329,301,172,129
219000330,26,33,-7
219000331,69,34,35
219000332,84,144,-60
219000333,6,13,-7
219000335,126,9,117
219000337,24,3,21
219000338,165,2,163
219000344,41,110,-69
219000345,139,135,4
219000346,45,224,-179
219000348,154,224,-70
219000349,75,325,-250
219000350,92,155,-63
219000351,20,2,18
219000352,240,74,166
219000353,138,71,67
219000354,114,181,-67
219000355,119,58,61
219000356,2490,1096,1394
219000363,328,80,248
219000364,124,65,59
219000365,165,42,123
219000366,343,554,-211
219000368,642,528,114
219000370,1641,360,1281
219000371,20,28,-8
219000382,17,18,-1
219000383,1072,981,91
219000385,692,628,64
219000386,1136,2001,-865
219000387,2,5,-3
219000390,34,18,16
219000391,31,1,30
219000397,96,107,-11
219000398,61,44,17
219000401,9,141,-132
219000402,19,147,-128
219000403,174,283,-109
219000404,21,154,-133
219000407,5,37,-32
219000409,50,55,-5
219000410,61,49,12
219000411,67,16,51
219000446,290,499,-209
219000447,2,41,-39
219000448,13,48,-35
219000452,244,81,163
219000453,217,203,14
219000454,492,257,235
219000556,301,83,218
219000558,184,327,-143
219000590,61,236,-175
219000591,62,81,-19
219000592,143,526,-383
219000595,0,39,-39
219000635,178,102,76
219000636,53,226,-173
219000657,24,21,3
219000658,14,73,-59
219000673,0,14,-14
219000676,41,0,41
219000679,127,2,125
219000684,138,0,138
219000685,0,102,-102
219000686,2,0,2
219000688,0,73,-73
219000689,26,307,-281
219000690,233,43,190
219000691,76,230,-154
219000692,167,34,133
219000693,1,11,-10
219000694,2,0,2
219000695,7,6,1
219000698,159,0,159
219000699,0,17,-17
219000727,3,268,-265
219000728,125,3,122
219000770,37,10,27
219000771,2,44,-42
219000788,566,348,218
219001150,0,20,-20
219001151,2,4,-2
219001166,55,22,33
219001167,4,128,-124
219001178,35,1,34
220000001,118,78,40
220000002,15,246,-231
220000003,736,404,332
220000004,1341,793,548
220000005,1997,1619,378
220000006,321,1316,-995
220000007,383,791,-408
220000008,471,1542,-1071
220000009,345,788,-443
220000010,531,230,301
220000011,1300,7186,-5886
220000012,125,762,-637
220000014,172,63,109
220000015,182,265,-83
220000017,59,428,-369
220000018,8017,1382,6635
220000019,175,350,-175
220000020,538,323,215
220000021,570,228,342
220000022,568,666,-98
220000023,261,293,-32
220000024,2027,513,1514
220000025,1322,1009,313
220000026,326,213,113
220000027,29,144,-115
220000028,78,65,13
220000029,174,300,-126
220000030,165,168,-3
220000031,444,477,-33
220000064,11,898,-887
221000046,8,0,8
221000047,0,5,-5
221000048,0,2,-2
221000049,0,8,-8
221000050,14,0,14
221000055,59,46,13
221000068,309,164,145
221000069,291,80,211
221000070,209,30,179
221000071,82,12,70
221000072,251,15,236
221000073,216,65,151
221000074,7,41,-34
221000075,29,21,8
221000076,18,46,-28
221000077,50,94,-44
221000081,129,26,103
221000082,70,11,59
221000083,73,8,65
221000084,9,3,6
221000085,17,90,-73
221000086,12,151,-139
221000087,8,218,-210
221000088,17,267,-250
221000089,33,348,-315
221000090,163,616,-453
221000098,102,17,85
221000099,176,12,164
221000100,116,6,110
221000101,308,20,288
221000102,0,0,0
221000107,16,2,14
221000108,9,10,-1
221000109,5,10,-5
221000110,20,143,-123
221000111,19,272,-253
221000112,3,230,-227
221000113,23,257,-234
221000114,13,200,-187
221000120,22,38,-16
221000121,4,32,-28
221000122,76,31,45
221000123,26,41,-15
221000124,83,301,-218
221000155,74,20,54
221000156,130,48,82
221000175,2,17,-15
221000176,2,0,2
221000182,53,10,43
221000241,708,283,425
221000242,167,617,-450
221000243,888,143,745
221000244,248,682,-434
221000245,223,136,87
221000246,64,411,-347
221000247,155,166,-11
221000248,267,316,-49
221000267,121,1133,-1012
221000325,98,61,37
221000331,19,146,-127
221000338,83,32,51
221000378,227,41,186
221000381,109,118,-9
222000282,15,0,15
222000296,9,36,-27
222000568,314,14,300
222000569,175,23,152
222000570,176,9,167
222000571,397,17,380
222000577,12,281,-269
222000578,30,293,-263
222000579,34,227,-193
222000580,164,1097,-933
222000599,0,171,-171
222000600,7,389,-382
222000601,6,962,-956
222000603,30,29,1
222000604,13,23,-10
222000605,37,40,-3
222000606,5,16,-11
222000607,9,4,5
222000608,45,14,31
222000609,56,390,-334
222000616,196,59,137
222000617,39,19,20
222000618,17,2,15
222000620,79,11,68
222000621,77,5,72
222000623,562,3,559
222000624,297,1,296
222000625,431,103,328
222000636,109,1,108
222000686,66,16,50
222000687,68,36,32
222001066,295,1,294
222001067,14,13,1
222001068,20,25,-5
222001069,34,39,-5
222001082,17,37,-20
222001083,9,41,-32
222001084,1,70,-69
222001085,0,83,-83
222001111,22,235,-213
222001112,105,47,58
222001313,124,4,120
222001314,9,119,-110
222001464,124,75,49
222001465,55,300,-245
222001484,98,58,40
222001485,23,92,-69
222001494,224,202,22
222001495,133,490,-357
222001496,224,126,98
222001497,148,705,-557
222001502,10,97,-87
222001503,107,80,27
222001504,16,265,-249
222001505,204,21,183
222001506,21,254,-233
222001507,212,22,190
222001510,337,33,304
222001511,32,488,-456
222001514,530,128,402
222001515,183,743,-560
222001518,140,64,76
222001519,55,378,-323
222001527,320,65,255
222001528,57,181,-124
222001529,132,32,100
222001530,35,222,-187
222001533,106,328,-222
222001534,215,66,149
222001535,180,240,-60
222001536,109,445,-336
222001537,205,26,179
222001538,46,546,-500
222001563,350,105,245
222001564,39,910,-871
222001568,387,95,292
222001576,0,3,-3
222001579,0,7,-7
222001583,27,220,-193
222001584,107,34,73
222001596,646,1657,-1011
222001597,1217,251,966
222001626,0,230,-230
222001650,40,70,-30
222001651,67,202,-135
222001914,175,45,130
222001915,73,263,-190
222001968,315,228,87
222001969,501,1130,-629
222001970,261,373,-112
222001971,27,22,5
222001972,2,17,-15
225000001,673,304,369
225000002,593,279,314
225000003,502,212,290
225000004,307,497,-190
225000005,35,107,-72
225000006,1,228,-227
225000007,4585,1783,2802
225000010,470,12,458
225000011,683,1956,-1273
225000012,184,873,-689
225000013,238,247,-9
225000014,2305,140,2165
225000015,156,337,-181
225000021,765,388,377
225000027,334,786,-452
225000032,838,252,586
225000042,121,1097,-976
225000049,69,87,-18
225000050,64,31,33
225000053,22,421,-399
225000058,1166,180,986
225000067,215,301,-86
225000068,167,677,-510
225000069,183,788,-605
225000070,107,783,-676
225000071,72,410,-338
225000075,34,1904,-1870
225000076,185,188,-3
225000078,222,82,140
225000085,48,186,-138
225000086,685,89,596
225000087,406,63,343
225000088,24,237,-213
225000089,393,1148,-755
225000090,39,558,-519
225000091,166,357,-191
225000092,46,122,-76
225000093,202,575,-373
225000094,16,615,-599
225000095,440,701,-261
225000096,473,707,-234
225000098,714,328,386
225000099,449,200,249
225000100,300,303,-3
225000104,282,1396,-1114
225000110,40,1430,-1390
225000111,844,3148,-2304
225000112,1766,2976,-1210
225000113,504,1642,-1138
225000114,280,922,-642
225000115,6928,1480,5448
225000116,2786,394,2392
225000117,2594,990,1604
225000118,1824,982,842
225000119,412,362,50
225000120,1164,214,950
225000121,642,94,548
225000123,4628,66,4562
225000125,1170,1048,122
225000126,4664,768,3896
225000127,3008,2568,440
225000128,1278,1802,-524
225000132,426,110,316
225000133,664,94,570
225000134,1242,304,938
225000135,94,26,68
225000136,352,74,278
225000137,252,256,-4
225000138,1170,188,982
225000143,288,576,-288
225000144,8,1120,-1112
225000145,108,212,-104
225000146,148,392,-244
225000147,62,1056,-994
225000148,8,764,-756
225000149,180,1508,-1328
225000151,90,880,-790
225000155,964,1622,-658
225000156,1218,2364,-1146
225000157,768,1176,-408
225000158,468,1214,-746
225000171,2,392,-390
225000180,90,2,88
225000181,4,166,-162
225000182,242,70,172
225000185,22,1280,-1258
225000187,134,1300,-1166
225000191,358,2,356
225000194,0,66,-66
225000208,8,134,-126
225000209,184,68,116
225000210,10,870,-860
225000217,0,70,-70
225000218,26,2,24
225000223,0,278,-278
225000224,670,2,668
225000225,8,324,-316
225000226,814,6,808
225000227,144,358,-214
225000228,40,38,2
225000229,0,338,-338
225000230,54,0,54
225000231,2,364,-362
225000232,184,0,184
225000241,274,0,274
225000242,4,142,-138
225000249,26,0,26
225000250,94,2882,-2788
225000251,722,86,636
226000042,1624,1534,90
226000043,282,738,-456
226000044,952,1762,-810
226000045,308,1212,-904
226000046,1256,262,994
226000047,1256,322,934
226000048,926,244,682
226000049,944,450,494
226000070,2,332,-330
226000071,2,326,-324
226000072,0,46,-46
226000073,0,26,-26
226000074,10,16,-6
226000084,4,170,-166
226000085,26,22,4
226000086,2,38,-36
226000087,4,34,-30
226000088,174,14,160
226000090,838,176,662
226000091,18,34,-16
226000092,0,2,-2
226000093,84,6,78
226000094,134,4,130
226000095,158,0,158
226000105,42,14,28
226000106,84,2,82
226000107,26,0,26
226000108,92,0,92
226000109,202,2,200
226000124,544,216,328
226000134,916,1380,-464
226000135,1964,1986,-22
226000136,706,1374,-668
226000137,12,1508,-1496
226000138,22,1290,-1268
226000139,2,24,-22
226000156,316,12,304
226000157,214,30,184
226000163,364,496,-132
226000202,46,1606,-1560
226000231,676,22,654
226000232,174,26,148
227000033,540,326,214
227000036,460,174,286
227000037,290,156,134
227000038,628,192,436
227000049,0,60,-60
227000050,4,130,-126
227000055,272,2,270
227000056,608,0,608
227000084,22,84,-62
227000085,10,86,-76
227000088,568,22,546
227000089,362,14,348
227000090,294,0,294
227000091,58,4,54
227000093,548,0,548
227000094,82,0,82
227000130,94,166,-72
227000131,26,550,-524
227000132,38,568,-530
227000133,14,534,-520
227000134,50,856,-806
227000152,0,14,-14
227000153,0,104,-104
227000155,0,40,-40
227000156,0,26,-26
227000165,6,66,-60
227000196,364,758,-394
227000199,296,1130,-834
227000230,68,686,-618
227000232,460,82,378
227000242,100,964,-864
227000243,904,314,590
227000245,60,916,-856
227000246,158,992,-834
227000247,480,370,110
227000248,1214,132,1082
227000249,158,562,-404
227000250,1698,534,1164
227000251,540,814,-274
227000252,30,694,-664
227000253,138,90,48
227000262,440,184,256
227000266,1190,34,1156
227000267,116,3562,-3446
227000282,8,312,-304
227000284,398,40,358
227000286,2,112,-110
227000287,26,210,-184
227000291,20,798,-778
227000484,544,38,506
227000485,38,1030,-992
227000655,140,28,112
227000656,908,44,864
227000657,58,86,-28
227000661,614,34,580
227000680,1518,244,1274
229000265,50,168,-118
229000296,4,100,-96
229000297,0,138,-138
229000298,60,614,-554
229000320,8,30,-22
229000321,32,8,24
229000412,72,122,-50
229000414,34,194,-160
229000415,24,2,22
229000416,2,8,-6
229000417,24,58,-34
229000419,312,860,-548
229000440,492,208,284
229000442,32,0,32
229000443,4,4,0
229000444,8,70,-62
229000445,112,42,70
229000446,152,40,112
229000847,56,4,52
229000848,8,2,6
229000849,220,2,218
229000851,116,0,116
229000854,0,62,-62
229000856,2,306,-304
229000857,0,74,-74
229000858,2,220,-218
229000919,12,270,-258
229000930,2,484,-482
229000937,114,26,88
229000966,76,44,32
229000981,26,194,-168
229000985,22,116,-94
229000986,10,48,-38
229000987,0,4,-4
229000988,10,6,4
229000989,36,28,8
229000990,0,2,-2
229000991,0,0,0
229000992,20,16,4
229000993,586,28,558
229000998,16,160,-144
229000999,146,54,92
229001034,0,28,-28
229001035,42,0,42
229001037,122,34,88
229001042,22,64,-42
229001047,12,174,-162
229001050,158,244,-86
229001200,14,0,14
229001338,20,62,-42
229001394,488,52,436
229001422,198,96,102
229001423,66,434,-368
229001431,100,90,10
229001432,120,236,-116
229001444,248,156,92
229001445,166,562,-396
229001503,332,162,170
229001504,230,554,-324
229001505,188,126,62
229001506,112,604,-492
229001509,96,148,-52
229001545,118,28,90
229001546,16,224,-208
229001553,70,36,34
229001554,42,208,-166
229001559,2,10,-8
229001560,4,36,-32
229001630,158,26,132
229001631,12,176,-164
229001635,0,22,-22
229001636,2,0,2
229001658,6,292,-286
229001659,134,6,128
229001660,0,2,-2
229001661,8,66,-58
229001662,142,2,140
229001663,0,18,-18
229002584,424,336,88
229002831,744,398,346
229002841,22,16,6
229002842,32,48,-16
229002843,240,58,182
229002844,286,110,176
229002845,76,100,-24
229002846,76,16,60
229002847,110,6,104
229002848,62,42,20
229002849,0,118,-118
229002850,24,0,24
229002851,266,184,82
229002852,264,26,238
229002853,320,24,296
229002854,288,80,208
229002855,52,34,18
229002856,54,58,-4
229002857,18,52,-34
229002858,10,62,-52
229002859,240,38,202
229002860,376,14,362
229002861,128,66,62
229002862,64,70,-6
229002863,82,34,48
229002864,64,106,-42
229002865,24,36,-12
229002866,16,20,-4
229002867,26,70,-44
229002868,76,24,52
229002869,88,232,-144
229002870,110,14,96
235000066,872,170,702
235000067,184,222,-38
235000072,52,154,-102
235000073,82,620,-538
235000074,28,146,-118
235000080,82,190,-108
235000081,160,264,-104
235000082,254,238,16
235000083,196,232,-36
235000084,118,120,-2
235000085,144,98,46
235000089,80,102,-22
235000092,6,300,-294
235000093,16,4,12
235000097,32,16,16
235000098,96,64,32
235000099,72,50,22
235000116,94,66,28
235000117,1426,50,1376
235000133,18,748,-730
235000134,30,324,-294
235000206,22,2,20
235000207,8,0,8
235000208,14,2,12
235000209,20,0,20
235000210,12,2,10
235000212,4,50,-46
235000213,4,22,-18
235000220,2,18,-16
235000221,222,18,204
235000238,108,112,-4
235000239,2,14,-12
235000242,706,782,-76
235000245,1918,398,1520
235000246,154,154,0
235000284,4,290,-286
235000295,330,36,294
235000305,438,66,372
235000306,170,26,144
235000307,30,14,16
235000308,50,2,48
235000309,134,0,134
235000310,186,2,184
235000311,656,12,644
235000322,0,54,-54
235000323,0,122,-122
235000324,0,44,-44
235000325,2,10,-8
235000326,6,538,-532
235000351,2,206,-204
235000352,40,100,-60
235000353,10,52,-42
235000354,30,102,-72
235000355,28,90,-62
235000356,132,18,114
235000357,54,6,48
235000358,116,38,78
235000359,26,6,20
235000360,98,46,52
235000361,170,12,158
235000381,108,678,-570
235000382,202,76,126
235000390,40,2,38
235000391,180,90,90
235000392,190,290,-100
235000393,176,244,-68
235000395,66,64,2
235000396,456,230,226
235000400,556,340,216
235000401,558,344,214
235000405,224,458,-234
235000406,110,450,-340
235000407,186,210,-24
235000409,340,384,-44
235000410,54,444,-390
235000411,0,126,-126
235000485,0,22,-22
235000486,14,0,14
235000549,48,116,-68
235000550,110,376,-266
235000599,116,152,-36
235000600,26,32,-6
235000601,32,96,-64
235000602,124,198,-74
235000614,6,6,0
235000648,2,48,-46
235000649,74,12,62
235000685,0,8,-8
235000815,28,72,-44
235000834,0,24,-24
235000855,60,96,-36
235000862,114,396,-282
235000891,0,8,-8
235000892,200,2,198
235000901,94,242,-148
235000907,4,36,-32
235001010,66,76,-10
235001029,948,846,102
235001030,542,390,152
235001078,140,178,-38
235001079,170,202,-32
235001147,20,158,-138
235001166,50,118,-68
235001167,44,104,-60
235001169,58,564,-506
235001188,18,30,-12
235001189,24,2,22
235001197,54,44,10
235001200,66,72,-6
235001207,414,80,334
235001210,124,682,-558
235001215,118,508,-390
235001239,2,126,-124
235001244,2,4,-2
235016267,0,38,-38
277102712,0,0,0
277103813,0,10,-10
277103814,2,0,2
277104249,0,4,-4
277104250,0,58,-58
277104251,0,50,-50
277104252,0,6,-6
990011530,2,532,-530
990014944,8,964,-956
990015176,130,14,116
990015618,0,76,-76
990016032,0,1148,-1148
990032570,2,142,-140
990070001,310,128,182
990070103,0,2,-2
990070601,8,88,-80
990070751,730,2,728
990070766,2,1638,-1636
990071180,1638,472,1166
990071343,138,0,138
990071387,0,18,-18
990071823,86,0,86
990072600,2,1580,-1578
990072964,0,842,-842
990073285,0,8,-8
990074393,14,2726,-2712
990074870,1924,18,1906
990075106,1766,6,1760
990075746,818,8,810
990076437,1446,8,1438
990076458,14,3606,-3592
997000007,950,110,840
997000041,0,138,-138
997000058,60,0,60
997000062,384,0,384
997000069,0,10,-10
997000070,0,200,-200
997000100,34,0,34
997000141,0,2152,-2152
997000198,1512,2168,-656
998000475,0,46,-46
998000736,0,530,-530
998000965,0,14,-14
998001031,0,136,-136
998001700,0,58,-58
998001899,0,4,-4
998001900,18,0,18
998003073,1630,14,1616
998101900,0,0,0
998102850,2,134,-132
998501927,1842,1038,804
998501929,94,10,84
998501930,78,0,78
998501931,240,4,236
998501932,12,0,12
998501933,262,132,130
998501937,24,4,20
998501944,0,0,0
998501950,0,0,0
998501970,120,4,116
998501971,0,146,-146
998501973,0,144,-144
998501974,4,668,-664
998501975,1036,12,1024
998501976,360,76,284
998501977,0,34,-34
998501978,84,0,84
998501979,0,38,-38
998501980,696,36,660
998501981,38,42,-4
998501982,0,168,-168
998501983,0,2,-2
998502006,0,0,0
998502024,0,32,-32
998502032,0,2,-2
998502062,256,204,52
998502063,0,0,0
998502173,58,0,58
998502269,0,0,0
998502546,0,278,-278
998502578,2,2,0
998502599,112,1402,-1290
998502621,2,0,2
998601159,2,456,-454
998601292,0,24,-24
999033574,0,2662,-2662
999800001,50,6,44
999800002,0,8,-8
999800003,2,0,2
999800004,0,6,-6
999800005,0,4,-4
