ID,insum,outsum,diff
100000001,198,191,7
100000002,83,86,-3
100000003,507,241,266
100000004,90,37,53
100000005,129,372,-243
100000006,4,0,4
100000007,9,1,8
100000008,3,76,-73
100000009,0,0,0
100000010,0,0,0
100000011,0,0,0
100000012,2,102,-100
100000013,0,20,-20
100000014,11,49,-38
100000015,10,6,4
100000016,55,186,-131
100000017,14,155,-141
100000018,98,89,9
100000019,645,257,388
100000020,31,13,18
100000021,707,178,529
100000022,53,41,12
100000023,474,68,406
100000025,812,213,599
100000028,414,323,91
100000029,59,46,13
100000030,1,0,1
100000031,440,245,195
100000032,507,333,174
100000033,70,307,-237
100000034,512,370,142
100000035,65,44,21
100000036,130,174,-44
100000037,4,2,2
100000038,7,2,5
100000039,9,7,2
100000040,2,1,1
100000041,2,2,0
100000042,1,2,-1
100000043,0,0,0
100000044,22,112,-90
100000045,70,210,-140
100000046,29,198,-169
100000047,23,265,-242
100000048,80,317,-237
100000049,260,665,-405
100000051,68,243,-175
100000053,0,2,-2
100000054,3,3,0
100000055,60,96,-36
100000056,0,1,-1
100000057,8,0,8
100000058,150,350,-200
100000059,0,14,-14
100000060,35,38,-3
100000061,69,61,8
100000062,98,75,23
100000063,43,34,9
100000064,53,109,-56
100000065,65,174,-109
100000066,37,226,-189
100000067,51,202,-151
100000068,72,206,-134
100000069,58,286,-228
100000072,33,67,-34
100000073,256,505,-249
100000075,37,125,-88
100000076,65,136,-71
100000077,0,0,0
100000078,0,0,0
100000079,0,0,0
100000080,0,0,0
100000081,0,0,0
100000102,32,112,-80
100000103,424,111,313
100000104,538,159,379
100000105,678,111,567
100000106,64,80,-16
100000107,30,36,-6
100000108,215,437,-222
100000109,1185,539,646
100000116,241,110,131
100000117,0,0,0
100000118,556,975,-419
100000119,41,264,-223
100000121,0,0,0
100000122,33,157,-124
100000123,521,623,-102
100000124,2213,1177,1036
100000125,282,15,267
100000126,39,17,22
100000127,67,18,49
100000128,134,166,-32
100000129,36,92,-56
100000130,2,7,-5
100000131,1560,618,942
100000132,283,55,228
100000133,4229,1384,2845
100000135,8,8,0
100000139,1,3,-2
100000140,84,154,-70
100000142,0,1,-1
100000143,181,309,-128
100000144,549,161,388
100000147,47,139,-92
100000150,1,80,-79
100000151,1,0,1
100000153,0,0,0
100000154,3,57,-54
100000155,0,0,0
100000156,0,0,0
100000157,0,0,0
100000158,0,0,0
100000159,20,33,-13
100000165,253,151,102
100000169,1,0,1
100000174,19,10,9
100000179,0,0,0
100000180,2,27,-25
100000181,6,49,-43
100000188,3,10,-7
100000189,1,3,-2
100000190,168,87,81
100000191,38,44,-6
100000192,0,1,-1
100000193,0,1,-1
100000330,187,65,122
100000355,18,93,-75
100000362,1136,916,220
100000363,130,163,-33
100000364,20,25,-5
100000365,1418,1133,285
100000366,1987,1198,789
100000367,699,927,-228
100000368,599,695,-96
100000369,3,13,-10
100000370,3,10,-7
100000376,1,3,-2
100000379,175,168,7
100000380,349,457,-108
100000384,1888,802,1086
100000385,1018,908,110
100000386,1562,760,802
100000387,1704,752,952
100000388,6488,1580,4908
100000389,4529,1000,3529
100000390,4928,1341,3587
100000391,2867,797,2070
100000392,1141,382,759
100000393,245,288,-43
100000394,1717,1368,349
100000395,956,328,628
100000396,1219,704,515
100000397,942,291,651
100000398,4785,3361,1424
100000413,0,0,0
100900002,0,0,0
100900003,0,0,0
100900004,2,113,-111
100900005,0,0,0
100900006,0,0,0
100900007,0,0,0
100900008,1,92,-91
100900009,0,0,0
100900010,0,0,0
100900011,0,0,0
100900012,0,21,-21
100900013,0,0,0
100900014,0,0,0
100900015,0,0,0
100900016,0,0,0
100900017,0,0,0
100900018,0,0,0
100900019,0,0,0
100900020,0,0,0
100900021,0,0,0
100900022,0,0,0
100900023,0,0,0
100900024,0,0,0
100900025,0,0,0
100900026,0,0,0
100900027,0,0,0
100900028,0,0,0
100900029,0,0,0
100900030,0,0,0
100900031,0,0,0
100900032,0,0,0
100900033,1,1,0
100900034,0,0,0
100900035,0,0,0
100900036,0,0,0
100900037,0,0,0
100900038,0,0,0
100900039,13,65,-52
100900040,1,140,-139
100900041,0,47,-47
100900042,0,0,0
100900043,0,0,0
100900044,0,0,0
100900045,0,0,0
100900046,0,0,0
100900047,0,0,0
100900048,0,0,0
100900049,0,0,0
100900050,0,0,0
100900051,0,0,0
100900052,0,0,0
100900053,0,0,0
100900054,0,0,0
100900055,0,0,0
100900056,0,0,0
100900057,0,0,0
100900058,0,0,0
100900059,0,0,0
100900060,0,0,0
100900061,0,0,0
100900062,0,0,0
100900063,0,0,0
100900064,0,0,0
100900065,0,0,0
100900066,0,0,0
100900067,0,0,0
100900068,0,0,0
100900069,0,0,0
100900070,0,0,0
100900071,0,0,0
100900072,0,0,0
100900073,0,0,0
100900074,0,0,0
100900075,230,9,221
100900076,0,0,0
100900077,0,0,0
100900078,0,0,0
100900079,0,0,0
100900080,0,0,0
100900081,0,0,0
100900082,0,0,0
100900083,0,0,0
100900085,0,0,0
100900086,0,0,0
100900088,0,0,0
100900089,0,0,0
100900090,0,0,0
100900091,0,0,0
100900092,0,0,0
100900093,0,0,0
100900094,0,0,0
100900095,0,0,0
100900096,0,0,0
100900097,0,0,0
100900098,0,0,0
100900099,0,8,-8
100900100,0,0,0
100900101,0,0,0
100900102,0,0,0
100900103,0,0,0
100900104,0,0,0
100900105,0,0,0
100900106,0,0,0
100900107,0,0,0
100900108,0,0,0
100900109,0,0,0
100900110,0,0,0
100900111,0,0,0
100900112,0,0,0
100900113,0,0,0
100900114,0,0,0
100900115,0,0,0
100900116,0,0,0
100900117,0,0,0
100900118,0,0,0
100900119,0,0,0
100900120,0,0,0
100900121,0,0,0
100900122,6,12,-6
100900123,0,0,0
100900124,0,0,0
100900125,0,0,0
100900126,0,0,0
100900127,0,0,0
100900128,2,3,-1
100900129,0,0,0
100900131,0,0,0
100900133,0,0,0
100900134,0,0,0
100900135,0,0,0
100900137,0,0,0
100900138,0,0,0
100900139,0,0,0
100900140,0,28,-28
100900141,0,0,0
100900142,0,0,0
100900143,0,0,0
100900144,0,0,0
100900145,0,0,0
100900146,0,0,0
100900147,0,0,0
100900148,1,57,-56
100900149,0,0,0
100900150,0,0,0
100900151,2,56,-54
100900152,0,0,0
100900153,0,0,0
100900154,0,0,0
100900155,0,0,0
100900156,0,0,0
100900157,0,0,0
100900159,0,0,0
100900160,0,0,0
100900161,0,0,0
100900162,0,0,0
100900163,3,10,-7
100900164,0,0,0
100900165,0,0,0
100900166,0,0,0
100900167,0,0,0
100900168,0,0,0
100900169,24,145,-121
100900170,0,0,0
100900171,2,84,-82
100900172,0,0,0
100900173,0,50,-50
100900174,0,0,0
100900176,0,0,0
100900177,0,0,0
100900178,0,0,0
100900179,0,0,0
100900180,0,0,0
100900181,0,0,0
100900182,0,0,0
100900184,0,0,0
100900186,0,0,0
100900187,0,0,0
100900188,0,0,0
100900189,0,0,0
100900191,0,0,0
100900192,0,0,0
100900195,0,0,0
100900197,0,0,0
100900198,0,0,0
100900199,0,0,0
100900200,35,25,10
100900201,5,111,-106
100900202,0,0,0
100900203,0,0,0
100900204,0,0,0
100900205,0,0,0
100900206,0,0,0
100900207,0,0,0
100900210,4,30,-26
100900211,0,0,0
100900213,0,0,0
100900214,104,13,91
100900215,0,0,0
100900217,0,0,0
101000001,572,151,421
101000002,718,360,358
101000003,167,41,126
101000004,3888,328,3560
101000005,1122,372,750
101000006,2233,924,1309
101000007,2016,797,1219
101000008,880,405,475
101000009,127,399,-272
101000010,94,136,-42
101000011,548,28,520
101000012,0,0,0
101000013,189,64,125
101000014,56,30,26
101000015,178,165,13
101000016,18,15,3
101000017,130,94,36
101000018,515,459,56
101000020,748,136,612
101000021,55,16,39
101000022,431,69,362
101000023,517,456,61
101000025,1,0,1
101000026,26,0,26
101000027,459,134,325
101000028,220,80,140
101000029,2,53,-51
101000030,155,15,140
101000031,31,2,29
101000032,522,406,116
101000033,721,287,434
101000034,480,293,187
101000035,277,39,238
101000036,273,121,152
101000037,533,94,439
101000039,335,198,137
101000040,1073,300,773
101000041,605,143,462
101000042,24,132,-108
101000043,1964,376,1588
101000045,103,45,58
101000046,286,108,178
101000047,53,75,-22
101000048,42,72,-30
101000049,71,91,-20
101000050,128,53,75
101000051,1096,115,981
101000052,291,69,222
101000053,58,51,7
101000054,206,61,145
101000055,313,74,239
101000056,7,12,-5
101000057,1132,160,972
101000058,365,24,341
101000059,113,25,88
101000060,318,79,239
101000061,27,27,0
101000062,749,105,644
101000063,5,17,-12
101000064,347,110,237
101000065,7,8,-1
101000066,4,7,-3
101000067,199,142,57
101000068,58,37,21
101000069,124,33,91
101000070,697,350,347
101000071,721,195,526
101000072,401,305,96
101000073,42,36,6
101000074,1570,390,1180
101000075,3595,872,2723
101000077,281,154,127
101000078,122,107,15
101000079,88,124,-36
101000080,404,320,84
101000081,95,99,-4
101000082,449,260,189
101000083,113,90,23
101000084,200,243,-43
101000085,98,17,81
101000086,422,270,152
101000087,213,231,-18
101000088,46,19,27
101000089,40,36,4
101000090,575,181,394
101000091,16,85,-69
101000092,205,112,93
101000093,165,55,110
101000094,200,352,-152
101000095,38,192,-154
101000096,14,42,-28
101000097,34,61,-27
101000098,13,57,-44
101000099,208,110,98
101000100,184,175,9
101000101,7,32,-25
101000102,173,55,118
101000103,77,47,30
101000104,35,42,-7
101000105,1,0,1
101000106,45,39,6
101000107,8,39,-31
101000108,8,0,8
101000109,11,5,6
101000110,0,2,-2
101000111,4,21,-17
101000113,2,2,0
101000114,618,255,363
101000115,0,0,0
101000116,0,4,-4
101000117,2,10,-8
101000119,28,8,20
101000120,68,15,53
101000121,26,1,25
101000122,25,13,12
101000123,10,22,-12
101000124,233,134,99
101000125,35,127,-92
101000128,147,70,77
101000130,170,56,114
101000131,57,45,12
101000132,83,366,-283
101000135,38,4,34
101000136,95,62,33
101000137,7,16,-9
101000141,210,123,87
101000147,310,209,101
101000148,230,0,230
101000149,0,0,0
101000150,0,7,-7
101000151,2,8,-6
101000152,20,58,-38
101000153,52,47,5
101000154,2,209,-207
101000155,31,59,-28
101000156,9,71,-62
101000157,0,0,0
101000160,0,0,0
101000163,0,0,0
101000164,45,83,-38
101000165,97,58,39
101000166,27,26,1
101000168,33,69,-36
101000252,80,148,-68
101000254,207,28,179
101000258,0,0,0
101000261,0,0,0
101000262,23,88,-65
101000263,12,25,-13
101000265,6,69,-63
101000266,83,80,3
101000269,209,42,167
101000290,157,28,129
101000293,0,10,-10
101000294,152,96,56
101000295,9,56,-47
101000301,119,38,81
101000304,631,804,-173
101000305,346,381,-35
101000328,5,48,-43
101900001,0,0,0
101900002,0,0,0
101900003,1,5,-4
101900004,0,0,0
101900005,346,28,318
101900006,0,0,0
101900007,0,0,0
101900008,0,0,0
101900009,0,0,0
101900010,0,0,0
101900011,0,0,0
101900012,0,0,0
101900013,41,1,40
101900017,0,0,0
101900018,0,1,-1
101900019,0,0,0
101900020,0,0,0
101900021,0,0,0
101900022,0,0,0
101900023,0,0,0
101900026,0,0,0
101900027,0,0,0
102000001,290,534,-244
102000002,171,205,-34
102000003,1360,529,831
102000004,1336,249,1087
102000005,362,465,-103
102000006,257,207,50
102000007,585,815,-230
102000008,863,338,525
102000009,1134,1065,69
102000010,1423,701,722
102000011,768,585,183
102000012,412,505,-93
102000018,248,60,188
102000019,30,40,-10
102000026,1,0,1
102000029,3,2,1
102000030,11,18,-7
102000031,0,0,0
102000032,14,22,-8
102000033,0,0,0
102000034,38,34,4
102000035,1,3,-2
102000036,0,2,-2
102000037,10,6,4
102000038,5,3,2
102000039,0,1,-1
102000040,22,5,17
102000041,1,0,1
102000042,0,0,0
102000043,9,13,-4
102000044,0,1,-1
102000045,90,78,12
102000046,61,15,46
102000047,37,114,-77
102000048,11,10,1
102000049,28,17,11
102000050,46,124,-78
102000051,58,27,31
102000052,80,122,-42
102000053,48,50,-2
102000054,80,184,-104
102000055,132,220,-88
102000056,64,134,-70
102000057,116,38,78
102000058,187,213,-26
102000059,174,317,-143
102000060,56,56,0
102000061,135,563,-428
102000062,42,82,-40
102000063,193,290,-97
102000064,103,134,-31
102000065,5,23,-18
102000066,291,253,38
102000067,333,404,-71
102000068,706,357,349
102000069,0,14,-14
102000070,271,12,259
102000071,1539,1722,-183
102000072,903,1652,-749
102000073,8,193,-185
102000074,38,230,-192
102000075,2,82,-80
102000076,23,202,-179
102000077,25,372,-347
102000078,88,521,-433
102000079,3,99,-96
102000080,43,62,-19
102000081,49,249,-200
102000082,102,101,1
102000083,15,103,-88
102000084,0,0,0
102000085,97,164,-67
102000086,77,52,25
102000087,68,253,-185
102000088,22,13,9
102000089,0,0,0
102000090,69,99,-30
102000091,377,102,275
102000092,154,106,48
102000093,58,107,-49
102000094,2,0,2
102000095,134,358,-224
102000096,8,0,8
102000097,614,613,1
102000098,18,68,-50
102000099,197,96,101
102000100,13,17,-4
102000101,85,37,48
102000102,41,9,32
102000103,136,40,96
102000104,134,21,113
102000105,6,48,-42
102000106,17,87,-70
102000107,0,1,-1
102000108,20,37,-17
102000109,1,6,-5
102000110,0,10,-10
102000111,0,2,-2
102000112,3,10,-7
102000113,0,0,0
102000114,4,2,2
102000115,31,16,15
102000116,5,20,-15
102000117,16,75,-59
102000118,17,70,-53
102000119,485,79,406
102000120,6,12,-6
102000121,54,66,-12
102000122,17,14,3
102000123,120,84,36
102000124,96,12,84
102000125,57,44,13
102000126,41,16,25
102000127,87,25,62
102000128,32,57,-25
102000129,39,66,-27
102000130,37,56,-19
102000131,52,38,14
102000132,31,21,10
102000133,96,442,-346
102000134,48,60,-12
102000135,0,3,-3
102000136,15,22,-7
102000137,75,24,51
102000138,0,1,-1
102000139,0,1,-1
102000140,3,12,-9
102000141,1,15,-14
102000142,10,25,-15
102000143,5,58,-53
102000144,6,49,-43
102000145,4,30,-26
102000146,2,2,0
102000147,9,18,-9
102000148,0,0,0
102000149,0,6,-6
102000150,2,0,2
102000151,0,0,0
102000152,0,6,-6
102000153,6,1,5
102000154,31,28,3
102000155,11,21,-10
102000156,50,7,43
102000157,3,11,-8
102000158,24,3,21
102000159,132,7,125
102000161,644,189,455
102000162,52,52,0
102000163,0,2,-2
102000164,15,4,11
102000165,84,38,46
102000166,15,31,-16
102000167,37,95,-58
102000168,30,32,-2
102000169,41,86,-45
102000170,308,101,207
102000171,19,29,-10
102000172,6,23,-17
102000173,68,41,27
102000174,6,19,-13
102000175,5,3,2
102000176,0,1,-1
102000178,13,112,-99
102000179,3,43,-40
102000180,35,111,-76
102000181,10,140,-130
102000182,125,120,5
102000183,116,236,-120
102000184,132,364,-232
102000185,89,108,-19
102000186,88,728,-640
102000187,65,543,-478
102000188,18,140,-122
102000189,964,248,716
102000190,166,256,-90
102000191,195,30,165
102000192,155,246,-91
102000193,0,2,-2
102000194,0,0,0
102000195,14,49,-35
102000196,0,3,-3
102000197,12,49,-37
102000198,0,1,-1
102000199,13,57,-44
102000200,0,6,-6
102000201,22,48,-26
102000202,0,2,-2
102000203,18,67,-49
102000204,7,19,-12
102000205,13,19,-6
102000206,80,108,-28
102000207,9,11,-2
102000208,13,117,-104
102000209,4,10,-6
102000210,0,167,-167
102000211,17,80,-63
102000212,0,0,0
102000213,3,39,-36
102000214,2,0,2
102000215,0,83,-83
102000216,0,0,0
102000217,1,50,-49
102000218,0,0,0
102000219,22,51,-29
102000225,0,2,-2
102000226,4,1,3
102000227,0,0,0
102000228,0,17,-17
102000229,3,7,-4
102000230,9,49,-40
102000231,27,16,11
102000232,0,1,-1
102000233,30,43,-13
102000234,0,0,0
102000236,7,1,6
102000237,14,8,6
102000238,6,4,2
102000240,215,331,-116
102000241,48,12,36
102000243,0,9,-9
102000245,4,15,-11
102000246,0,0,0
102000247,47,148,-101
102000248,41,84,-43
102000249,14,47,-33
102000250,2,118,-116
102000254,0,0,0
102000266,1,3,-2
102000271,0,1,-1
102000286,4,1,3
102000297,50,23,27
102000299,0,0,0
102000301,0,0,0
102000305,0,0,0
102000307,0,4,-4
102900001,0,2,-2
102900002,0,0,0
102900003,0,17,-17
102900005,0,0,0
102900006,0,0,0
102900007,0,0,0
102900008,0,0,0
102900009,0,0,0
102900010,0,0,0
102900011,10,0,10
102900012,0,0,0
102900013,0,0,0
102900015,0,0,0
102900016,0,0,0
102900017,0,0,0
102900018,0,0,0
102900019,0,1,-1
102900020,0,0,0
102900021,0,0,0
102900022,13,10,3
102900023,0,0,0
102900024,0,0,0
102900025,0,0,0
102900026,0,0,0
102900027,0,0,0
102900028,0,0,0
102900029,0,3,-3
102900030,0,0,0
102900031,0,0,0
102900032,0,12,-12
102900033,0,0,0
102900034,0,0,0
102900035,1,44,-43
102900036,0,0,0
102900037,0,0,0
102900038,0,0,0
102900039,0,0,0
102900040,0,0,0
102900041,0,0,0
102900042,0,2,-2
102900043,0,1,-1
102900044,0,12,-12
102900045,0,2,-2
102900046,0,1,-1
102900047,0,0,0
102900048,1,1,0
102900049,0,0,0
102900050,1,1,0
102900051,1,1,0
102900052,0,0,0
102900053,0,4,-4
102900054,0,1,-1
102900055,0,0,0
102900056,0,1,-1
102900057,0,0,0
102900058,0,0,0
102900059,0,0,0
102900060,0,0,0
102900061,0,0,0
102900062,0,0,0
102900063,0,0,0
102900064,0,0,0
102900065,1,0,1
102900066,0,0,0
102900068,0,0,0
102900070,0,61,-61
102900072,0,11,-11
102900073,6,0,6
102900075,0,0,0
102900076,0,0,0
102900077,0,0,0
102900078,0,0,0
102900079,0,0,0
102900080,0,0,0
102900081,0,0,0
102900082,0,0,0
102900083,0,0,0
102900084,0,0,0
102900085,0,0,0
102900086,0,0,0
102900087,0,0,0
102900088,0,0,0
102900089,1,1,0
102900090,0,109,-109
102900091,1,0,1
102900092,8,146,-138
102900093,0,0,0
102900094,0,0,0
102900095,0,0,0
102900096,3,0,3
102900097,0,24,-24
102900098,1,0,1
103000001,521,489,32
103000002,169,345,-176
103000003,550,505,45
103000004,150,185,-35
103000005,99,120,-21
103000006,55,102,-47
103000007,25,52,-27
103000008,82,372,-290
103000009,23,22,1
103000010,5,4,1
103000011,360,208,152
103000012,163,102,61
103000013,2107,409,1698
103000014,22,44,-22
103000015,861,271,590
103000016,46,10,36
103000017,0,2,-2
103000018,1,1,0
103000019,1,0,1
103000020,205,352,-147
103000021,41,24,17
103000022,167,333,-166
103000023,7,31,-24
103000024,1,0,1
103000025,0,0,0
103000026,10,1,9
103000027,3,0,3
103000028,4,0,4
103000029,42,2,40
103000030,715,97,618
103000031,78,49,29
103000032,265,298,-33
103000033,176,56,120
103000034,580,209,371
103000035,134,105,29
103000036,88,30,58
103000037,255,101,154
103000038,106,64,42
103000039,36,147,-111
103000040,10,54,-44
103000041,408,737,-329
103000042,129,219,-90
103000043,11,64,-53
103000044,7,11,-4
103000046,41,32,9
103000047,1,0,1
103000048,16,10,6
103000049,0,1,-1
103000050,10,19,-9
103000051,20,24,-4
103000052,8,2,6
103000053,5,14,-9
103000054,387,144,243
103000055,66,49,17
103000056,95,163,-68
103000057,48,69,-21
103000058,73,126,-53
103000059,16,73,-57
103000060,147,224,-77
103000061,15,34,-19
103000062,189,191,-2
103000063,47,60,-13
103000064,66,73,-7
103000065,0,3,-3
103000066,1,0,1
103000069,0,2,-2
103000070,67,245,-178
103000071,17,6,11
103000072,11,282,-271
103000073,0,0,0
103000074,0,0,0
103000075,40,275,-235
103000076,1,0,1
103000077,15,104,-89
103000078,7,3,4
103000079,263,62,201
103000080,2,1,1
103000081,58,67,-9
103000082,0,1,-1
103000083,10,68,-58
103000084,0,0,0
103000085,2,23,-21
103000086,10,17,-7
103000087,29,70,-41
103000088,66,56,10
103000089,7,12,-5
103000090,297,240,57
103000091,66,78,-12
103000092,1,6,-5
103000093,31,158,-127
103000094,2,4,-2
103000095,4,62,-58
103000096,8,3,5
103000097,16,127,-111
103000098,1,1,0
103000099,11,93,-82
103000100,11,210,-199
103000101,0,0,0
103000102,15,203,-188
103000103,0,12,-12
103000104,5,52,-47
103000105,0,23,-23
103000106,0,68,-68
103000107,8,25,-17
103000108,43,60,-17
103000109,75,70,5
103000110,168,118,50
103000111,187,83,104
103000112,6,11,-5
103000113,43,164,-121
103000114,21,16,5
103000115,22,47,-25
103000116,29,42,-13
103000117,11,44,-33
103000118,184,240,-56
103000119,589,220,369
103000120,11,34,-23
103000121,30,89,-59
103000122,8,9,-1
103000125,0,0,0
103000126,1,2,-1
103000127,0,0,0
103000128,2,0,2
103000129,0,0,0
103000130,0,0,0
103000131,0,0,0
103000132,3,0,3
103000133,0,0,0
103000134,110,72,38
103000135,212,25,187
103000136,162,63,99
103000137,100,69,31
103000138,168,57,111
103000139,0,14,-14
103000140,0,0,0
103000141,1,19,-18
103000142,1,0,1
103000143,7,62,-55
103000144,0,1,-1
103000145,0,0,0
103000150,1,1,0
103000152,19,48,-29
103000153,1,10,-9
103000156,0,0,0
103000157,2,0,2
103000159,25,48,-23
103000162,0,0,0
103000163,0,0,0
103000164,0,0,0
103000165,1,0,1
103000166,0,0,0
103000167,2,7,-5
103000168,12,36,-24
103000169,0,0,0
103000170,101,47,54
103000171,0,0,0
103000172,1,1,0
103000173,21,206,-185
103000174,1,3,-2
103000175,75,315,-240
103000176,0,0,0
103000177,226,132,94
103000178,257,135,122
103000179,7,0,7
103000183,0,24,-24
103000185,0,11,-11
103000186,0,1,-1
103000187,27,186,-159
103000188,2,33,-31
103000189,72,297,-225
103000191,13,65,-52
103000292,314,15,299
103000293,0,0,0
103000295,0,0,0
103000296,0,0,0
103000297,0,0,0
103000504,0,0,0
103000505,0,0,0
103000506,0,0,0
103000507,0,0,0
103000508,8,6,2
103000509,35,112,-77
103900001,0,0,0
103900002,0,0,0
103900003,0,2,-2
103900004,0,0,0
103900005,0,0,0
103900006,0,0,0
103900007,0,0,0
103900008,0,0,0
103900009,1,40,-39
103900010,3,32,-29
103900011,8,43,-35
103900012,0,0,0
103900013,0,19,-19
103900014,0,0,0
103900015,0,0,0
103900016,19,51,-32
103900017,2,11,-9
103900018,44,10,34
103900019,0,0,0
103900020,0,0,0
103900021,0,0,0
103900022,0,76,-76
103900023,0,0,0
103900024,0,0,0
103900025,0,0,0
103900026,0,0,0
103900027,0,0,0
103900028,1,77,-76
103900029,7,29,-22
103900030,0,0,0
103900031,0,0,0
103900032,0,0,0
103900033,0,0,0
103900034,2,26,-24
103900035,4,0,4
103900036,0,0,0
103900037,0,0,0
103900038,0,0,0
103900039,1,89,-88
103900040,0,1,-1
103900041,0,0,0
103900042,0,90,-90
103900043,0,0,0
103900044,0,0,0
103900045,0,0,0
103900047,1,10,-9
103900048,0,0,0
103900049,0,0,0
103900050,0,29,-29
103900051,0,10,-10
103900052,3,34,-31
103900053,1,117,-116
103900054,0,0,0
103900055,12,2,10
103900056,0,15,-15
103900057,0,0,0
103900058,1,70,-69
103900059,0,0,0
103900060,0,0,0
103900061,0,0,0
103900062,6,5,1
103900063,0,0,0
103900064,0,0,0
103900065,86,25,61
103900066,0,0,0
103900067,0,0,0
103900068,0,0,0
103900069,0,0,0
103900070,0,0,0
103900071,1,17,-16
103900072,1,44,-43
103900073,0,0,0
103900074,0,0,0
103900075,0,0,0
103900076,2,16,-14
103900077,0,0,0
103900078,0,0,0
103900079,0,0,0
103900080,0,0,0
103900081,0,0,0
103900082,0,0,0
103900083,0,0,0
103900084,0,0,0
103900085,0,0,0
103900086,0,0,0
103900088,0,0,0
103900089,0,0,0
103900090,0,0,0
103900091,0,0,0
103900092,1,14,-13
103900093,0,0,0
103900094,0,0,0
103900095,1,4,-3
103900096,0,0,0
103900097,0,0,0
103900098,3,6,-3
103900099,0,0,0
103900100,7,40,-33
103900101,0,0,0
103900102,0,0,0
103900104,0,0,0
103900105,4,5,-1
103900106,0,0,0
103900107,0,0,0
103900108,7,128,-121
103900109,0,0,0
103900110,10,3,7
103900111,1,95,-94
103900112,0,0,0
103900113,4,3,1
103900114,22,11,11
103900115,35,0,35
103900116,340,8,332
103900117,36,17,19
103900119,0,0,0
103900120,0,0,0
103900122,0,73,-73
103900123,14,31,-17
103900124,2,94,-92
103900125,5,17,-12
103900126,0,0,0
103900127,3,90,-87
103900128,1,30,-29
103900131,1,16,-15
103900133,0,0,0
103900134,0,0,0
103900135,0,0,0
103900137,0,0,0
103900138,0,0,0
103900139,0,64,-64
103900140,0,0,0
103900141,0,0,0
103900142,0,0,0
103900143,0,0,0
103900144,0,0,0
103900145,0,0,0
103900146,0,0,0
103900147,10,10,0
103900148,10,33,-23
103900149,0,0,0
103900150,0,70,-70
103900151,0,0,0
103900152,0,0,0
103900153,0,0,0
103900154,80,10,70
103900155,0,0,0
103900156,0,0,0
103900157,0,0,0
103900158,0,0,0
103900159,0,0,0
103900160,0,0,0
103900161,0,0,0
103900162,9,19,-10
103900163,0,0,0
103900167,0,0,0
103900168,0,0,0
103900169,0,0,0
103900170,0,0,0
103900171,0,0,0
103900172,0,0,0
103900173,0,0,0
103900174,0,0,0
103900175,0,0,0
103900176,0,0,0
103900177,0,0,0
103900178,0,0,0
103900179,0,0,0
103900180,0,0,0
103900181,0,0,0
103900182,0,0,0
103900184,0,0,0
103900185,0,0,0
103900187,4,1,3
103900188,3,0,3
103900189,9,0,9
103900190,0,0,0
103900191,0,0,0
103900192,0,0,0
103900193,0,0,0
103900194,0,0,0
103900195,0,0,0
103900196,0,0,0
103900197,0,0,0
103900198,0,0,0
103900199,0,0,0
103900200,0,0,0
103900201,0,0,0
103900202,0,0,0
103900203,0,0,0
103900204,0,0,0
103900207,0,0,0
103900208,0,0,0
103900209,0,0,0
103900210,0,0,0
103900211,4,6,-2
103900212,3,99,-96
103900213,38,160,-122
103900214,25,7,18
103900215,737,138,599
103900216,0,8,-8
103900217,0,0,0
103900218,0,0,0
103900219,0,0,0
103900233,0,0,0
103900235,0,0,0
103900236,0,0,0
103900242,0,0,0
103900243,0,0,0
103900244,0,0,0
103900245,0,0,0
103900246,1,2,-1
103900247,0,0,0
103900248,0,0,0
103900249,0,0,0
103900250,0,0,0
103900251,0,0,0
103900253,0,0,0
103900254,0,0,0
103900255,0,0,0
103900256,0,0,0
103900257,0,0,0
103900258,0,0,0
103900259,0,0,0
103900261,0,0,0
103900262,0,0,0
103900263,0,0,0
103900264,0,0,0
103900265,0,0,0
103900266,0,0,0
103900267,0,9,-9
103900268,0,3,-3
103900269,2,3,-1
103900270,0,4,-4
103900271,1,6,-5
103900272,0,0,0
103900273,0,0,0
103900274,0,0,0
103900275,0,0,0
103900276,0,0,0
103900277,0,0,0
103900278,0,0,0
103900279,0,0,0
103900280,0,0,0
104000001,423,414,9
104000002,390,635,-245
104000003,404,618,-214
104000004,1326,488,838
104000005,93,373,-280
104000006,508,726,-218
104000007,840,813,27
104000008,232,346,-114
104000009,15,67,-52
104000010,0,0,0
104000011,305,306,-1
104000012,62,258,-196
104000013,0,0,0
104000014,157,384,-227
104000015,1,1,0
104000016,67,191,-124
104000018,36,9,27
104000019,42,8,34
104000020,4,12,-8
104000021,29,33,-4
104000022,9,20,-11
104000023,68,59,9
104000024,9,2,7
104000026,1,1,0
104000027,83,235,-152
104000028,50,47,3
104000029,117,345,-228
104000030,24,77,-53
104000031,19,6,13
104000032,40,232,-192
104000033,14,14,0
104000034,64,280,-216
104000035,5,26,-21
104000036,12,18,-6
104000037,67,163,-96
104000038,58,39,19
104000039,6,29,-23
104000040,15,24,-9
104000041,45,55,-10
104000042,31,78,-47
104000043,24,61,-37
104000044,56,107,-51
104000045,106,157,-51
104000046,148,207,-59
104000047,13,33,-20
104000048,65,134,-69
104000049,12,18,-6
104000050,8,31,-23
104000051,15,261,-246
104000052,172,408,-236
104000053,124,170,-46
104000054,18,101,-83
104000055,638,334,304
104000056,37,13,24
104000057,10,199,-189
104000058,194,175,19
104000059,23,271,-248
104000060,67,193,-126
104000061,112,163,-51
104000062,0,1,-1
104000064,92,20,72
104000065,6,25,-19
104000069,235,60,175
104000070,0,9,-9
104000071,34,108,-74
104000072,0,0,0
104000075,0,0,0
104000076,0,0,0
104000082,400,527,-127
104000083,96,32,64
104000084,16,110,-94
104000085,10,19,-9
104000086,22,101,-79
104000087,16,37,-21
104000090,53,350,-297
104000092,50,564,-514
104000094,51,349,-298
104000095,347,373,-26
104000096,0,76,-76
104000097,1,1,0
104000098,0,2,-2
104000100,1,0,1
104000101,86,249,-163
104000106,5,42,-37
104000107,67,117,-50
104000108,43,72,-29
104000109,0,0,0
104000110,82,103,-21
104000111,148,140,8
104000112,221,40,181
104000116,0,646,-646
104000117,2,259,-257
104000118,14,44,-30
104000119,7,34,-27
104000120,5,209,-204
104000121,18,64,-46
104000122,57,122,-65
104000123,252,226,26
104000124,411,339,72
104000125,920,265,655
104000126,26,95,-69
104000127,368,732,-364
104000128,32,81,-49
104000129,34,10,24
104000130,3,78,-75
104000131,850,451,399
104000132,348,591,-243
104000133,292,189,103
104000134,201,149,52
104000135,65,131,-66
104000136,394,264,130
104000137,823,93,730
104000138,421,92,329
104000139,2683,408,2275
104000141,208,366,-158
104000142,112,448,-336
104000143,64,419,-355
104000144,0,1,-1
104000145,0,1,-1
104000146,243,418,-175
104000147,57,202,-145
104000148,0,1,-1
104000149,47,198,-151
104000150,0,0,0
104000151,85,360,-275
104000152,55,513,-458
104000153,0,1,-1
104000154,403,313,90
104000155,2,0,2
104000157,160,395,-235
104000158,47,51,-4
104000159,64,38,26
104000160,483,175,308
104000161,0,0,0
104000162,0,2,-2
104000165,5,9,-4
104000167,25,85,-60
104000168,0,0,0
104000169,0,0,0
104000170,312,45,267
104000248,1,119,-118
104000251,23,85,-62
104000272,6,2,4
104000273,5,0,5
104000274,5,3,2
104000275,13,1,12
104000279,129,76,53
104000290,26,115,-89
104000291,76,133,-57
104000293,16,14,2
104000294,0,0,0
104000295,72,303,-231
104000296,31,128,-97
104000297,358,411,-53
104000298,356,142,214
104000299,120,333,-213
104900001,0,0,0
104900002,0,0,0
104900003,0,0,0
104900004,0,0,0
104900005,4,4,0
104900006,0,0,0
104900007,3,1,2
104900009,0,0,0
104900010,0,0,0
104900011,0,0,0
104900012,0,0,0
104900013,0,0,0
104900014,0,0,0
104900015,0,0,0
104900016,0,0,0
104900017,0,0,0
104900018,0,0,0
104900019,0,0,0
104900020,0,0,0
104900021,0,0,0
104900022,0,0,0
104900023,0,0,0
104900024,0,0,0
104900025,0,0,0
104900026,0,0,0
104900027,0,0,0
104900028,0,0,0
104900029,0,0,0
104900030,0,0,0
104900031,0,0,0
104900032,0,0,0
104900033,0,0,0
104900034,0,0,0
104900035,0,0,0
104900036,0,0,0
104900037,0,0,0
104900038,0,0,0
104900039,0,0,0
104900040,0,0,0
104900041,0,0,0
104900042,0,0,0
104900043,0,0,0
104900044,0,0,0
104900045,0,0,0
104900046,0,0,0
104900047,0,0,0
104900048,0,0,0
104900049,0,0,0
104900050,0,0,0
104900051,0,0,0
104900052,0,0,0
104900053,0,0,0
104900054,0,0,0
104900055,0,0,0
104900056,0,0,0
104900057,0,0,0
104900058,0,0,0
104900059,0,0,0
104900060,0,2,-2
104900061,0,0,0
104900063,0,0,0
104900064,0,0,0
104900065,0,0,0
104900066,0,0,0
104900067,0,0,0
104900068,0,0,0
104900070,0,0,0
104900071,0,113,-113
104900072,0,0,0
104900073,0,0,0
104900074,0,0,0
104900075,0,0,0
104900076,0,0,0
104900077,0,0,0
104900078,0,0,0
104900079,0,0,0
104900080,0,0,0
104900082,0,0,0
104900085,0,0,0
104900087,0,0,0
104900089,0,0,0
104900090,0,0,0
104900091,0,0,0
104900093,0,0,0
104900097,0,0,0
104900098,0,0,0
104900099,0,0,0
104900100,0,0,0
104900102,0,0,0
104900103,0,0,0
104900104,0,0,0
104900106,0,0,0
104900107,0,0,0
104900108,0,0,0
104900109,0,0,0
104900110,0,0,0
104900111,0,0,0
104900112,0,0,0
104900113,12,14,-2
104900114,0,0,0
104900115,0,17,-17
104900116,0,0,0
104900118,0,0,0
104900119,0,0,0
104900120,0,0,0
104900121,0,0,0
104900122,0,0,0
104900123,0,0,0
104900124,0,0,0
104900125,0,0,0
104900126,0,0,0
104900127,0,0,0
104900128,0,0,0
104900129,0,0,0
105000001,473,631,-158
105000002,149,350,-201
105000003,277,573,-296
105000004,86,238,-152
105000005,122,250,-128
105000006,95,180,-85
105000007,55,183,-128
105000008,44,281,-237
105000009,128,235,-107
105000010,730,1014,-284
105000011,211,214,-3
105000012,1202,1704,-502
105000013,139,125,14
105000014,151,130,21
105000015,1132,385,747
105000016,1386,518,868
105000017,287,161,126
105000018,112,176,-64
105000019,6,7,-1
105000020,13,101,-88
105000021,0,1,-1
105000022,0,0,0
105000023,4,1,3
105000028,22,50,-28
105000029,67,112,-45
105000030,1088,1609,-521
105000033,387,1250,-863
105000034,1,3,-2
105000037,36,41,-5
105000038,78,76,2
105000039,1159,1350,-191
105000040,20,35,-15
105000041,127,790,-663
105000042,122,113,9
105000043,825,1365,-540
105000044,34,36,-2
105000045,53,386,-333
105000046,54,23,31
105000047,72,653,-581
105000048,8,8,0
105000049,92,263,-171
105000050,0,0,0
105000051,49,178,-129
105000052,11,64,-53
105000053,20,88,-68
105000054,8,67,-59
105000055,21,86,-65
105000056,19,188,-169
105000057,102,241,-139
105000058,122,248,-126
105000059,21,56,-35
105000060,58,190,-132
105000061,14,16,-2
105000062,107,346,-239
105000063,57,205,-148
105000064,53,95,-42
105000065,36,254,-218
105000066,183,420,-237
105000067,64,77,-13
105000068,91,203,-112
105000069,353,129,224
105000070,69,71,-2
105000071,0,2,-2
105000072,66,20,46
105000073,16,9,7
105000074,130,284,-154
105000075,83,180,-97
105000076,278,315,-37
105000077,632,245,387
105000078,183,127,56
105000079,430,750,-320
105000080,78,61,17
105000081,231,203,28
105000082,18,94,-76
105000083,19,8,11
105000084,92,323,-231
105000085,62,45,17
105000086,111,227,-116
105000087,639,468,171
105000088,29,7,22
105000089,842,1061,-219
105000090,317,499,-182
105000091,762,957,-195
105000092,161,354,-193
105000093,34,37,-3
105000094,13,5,8
105000095,6,64,-58
105000096,10,4,6
105000097,85,176,-91
105000098,1,6,-5
105000099,83,257,-174
105000100,116,196,-80
105000101,192,256,-64
105000102,154,304,-150
105000103,75,350,-275
105000104,128,160,-32
105000105,22,253,-231
105000106,70,234,-164
105000107,43,51,-8
105000108,117,93,24
105000109,85,207,-122
105000110,35,26,9
105000111,24,72,-48
105000112,210,36,174
105000113,18,61,-43
105000114,15,2,13
105000115,35,54,-19
105000116,8,8,0
105000117,88,149,-61
105000118,2,7,-5
105000119,60,169,-109
105000120,5,2,3
105000121,78,186,-108
105000122,19,73,-54
105000123,158,238,-80
105000124,80,208,-128
105000125,59,321,-262
105000126,197,501,-304
105000127,180,288,-108
105000128,31,293,-262
105000129,31,117,-86
105000130,0,2,-2
105000131,121,118,3
105000132,0,0,0
105000133,74,375,-301
105000134,0,4,-4
105000135,70,199,-129
105000136,22,148,-126
105000137,0,0,0
105000138,79,169,-90
105000139,185,320,-135
105000140,0,1,-1
105000141,34,166,-132
105000142,0,1,-1
105000143,22,198,-176
105000144,93,246,-153
105000145,1,2,-1
105000146,85,300,-215
105000147,0,0,0
105000148,0,0,0
105000149,0,0,0
105000150,421,470,-49
105000151,25,20,5
105000152,7,164,-157
105000153,26,20,6
105000154,12,230,-218
105000155,7,50,-43
105000156,45,307,-262
105000157,116,572,-456
105000158,108,84,24
105000159,42,412,-370
105000160,53,54,-1
105000161,76,538,-462
105000162,13,76,-63
105000163,148,277,-129
105000164,86,65,21
105000165,93,184,-91
105000166,1775,55,1720
105000167,214,198,16
105000168,18,233,-215
105000169,83,181,-98
105000170,0,0,0
105000171,73,14,59
105000172,0,0,0
105000173,0,0,0
105000174,0,0,0
105000175,4,55,-51
105000176,3,8,-5
105000177,11,23,-12
105000178,0,0,0
105000179,13,18,-5
105000180,3,30,-27
105000181,0,0,0
105000182,2,9,-7
105000183,38,15,23
105000184,539,310,229
105000185,199,133,66
105000186,65,592,-527
105000187,74,52,22
105000188,6,26,-20
105000189,24,288,-264
105000190,0,0,0
105000191,62,253,-191
105000192,11,42,-31
105000193,22,54,-32
105000194,40,56,-16
105000195,32,328,-296
105000196,11,34,-23
105000197,34,184,-150
105000198,175,98,77
105000199,52,65,-13
105000200,1,24,-23
105000201,12,10,2
105000203,1,27,-26
105000204,20,38,-18
105000205,5,20,-15
105000207,204,110,94
105000208,0,0,0
105000209,33,223,-190
105000212,76,282,-206
105000213,1,2,-1
105000214,0,2,-2
105000215,12,83,-71
105000216,28,197,-169
105000217,20,236,-216
105000218,15,175,-160
105000221,3,38,-35
105000222,7,23,-16
105000223,6,34,-28
105000226,0,0,0
105000227,0,0,0
105000228,5,60,-55
105000229,0,1,-1
105000231,0,0,0
105000233,51,57,-6
105000234,180,739,-559
105000235,7,17,-10
105000237,0,0,0
105000243,0,2,-2
105000248,27,20,7
105000262,25,317,-292
105000269,11,22,-11
105000270,14,41,-27
105000271,0,13,-13
105000282,1,7,-6
105000287,6,4,2
105000288,10,67,-57
105000289,181,186,-5
105000290,0,0,0
105000402,616,133,483
105000426,55,44,11
105000438,127,76,51
105000446,1831,1044,787
105000447,1880,769,1111
105000454,1,29,-28
105000455,0,0,0
105000474,0,0,0
105000477,0,3,-3
105000478,108,139,-31
105000479,1,20,-19
105000480,348,332,16
105000481,452,304,148
105000482,1365,1025,340
105000483,268,310,-42
105000484,437,960,-523
105000485,506,698,-192
105000486,1012,901,111
105000488,818,885,-67
105000489,49,99,-50
105000549,0,0,0
105000550,148,405,-257
105000551,0,1,-1
105000552,1730,853,877
105000555,32,42,-10
105900001,0,0,0
105900002,5,10,-5
105900003,0,9,-9
105900004,86,28,58
105900005,1,46,-45
105900006,0,0,0
105900007,0,0,0
105900008,5,207,-202
105900009,0,0,0
105900011,0,0,0
105900012,0,0,0
105900013,0,0,0
105900014,0,0,0
105900015,4,30,-26
105900016,0,0,0
105900017,0,0,0
105900018,21,15,6
105900019,0,0,0
105900020,1,4,-3
105900021,0,0,0
105900022,2,25,-23
105900023,0,0,0
105900024,0,0,0
105900025,0,0,0
105900026,3,2,1
105900027,0,0,0
105900028,0,25,-25
105900029,8,31,-23
105900030,23,20,3
105900031,25,48,-23
105900032,19,34,-15
105900033,3,32,-29
105900034,6,36,-30
105900035,23,28,-5
105900036,0,13,-13
105900037,10,19,-9
105900038,1,16,-15
105900039,2,12,-10
105900040,4,15,-11
105900041,2,19,-17
105900042,4,34,-30
105900043,31,1,30
105900044,0,18,-18
105900045,0,54,-54
105900046,0,45,-45
105900047,0,6,-6
105900048,0,51,-51
105900050,0,0,0
105900051,0,0,0
105900052,0,0,0
105900053,231,12,219
105900054,13,20,-7
105900056,0,0,0
105900057,0,0,0
105900058,0,0,0
105900059,0,0,0
106000001,352,193,159
106000002,768,1183,-415
106000003,679,468,211
106000004,909,726,183
106000005,379,492,-113
106000006,1662,1578,84
106000007,103,51,52
106000008,160,159,1
106000009,72,35,37
106000010,172,263,-91
106000011,59,47,12
106000012,181,598,-417
106000013,131,125,6
106000014,591,627,-36
106000015,71,124,-53
106000016,369,797,-428
106000017,204,122,82
106000018,353,396,-43
106000019,38,35,3
106000020,41,236,-195
106000021,59,64,-5
106000022,54,171,-117
106000023,58,30,28
106000024,133,299,-166
106000025,35,32,3
106000026,131,188,-57
106000027,67,77,-10
106000028,181,405,-224
106000029,381,799,-418
106000030,92,60,32
106000034,174,214,-40
106000035,69,120,-51
106000036,81,112,-31
106000037,339,561,-222
106000038,2,0,2
106000039,0,3,-3
106000040,48,304,-256
106000041,68,70,-2
106000043,1,0,1
106000046,0,0,0
106000047,5,57,-52
106000049,24,9,15
106000050,74,431,-357
106000051,5,16,-11
106000052,24,422,-398
106000053,0,0,0
106000054,88,281,-193
106000055,0,0,0
106000056,139,389,-250
106000057,0,0,0
106000058,42,104,-62
106000059,1,14,-13
106000060,262,421,-159
106000061,1,9,-8
106000062,68,362,-294
106000063,5,12,-7
106000064,28,254,-226
106000065,4,11,-7
106000066,23,168,-145
106000067,2,9,-7
106000068,2,277,-275
106000069,23,12,11
106000070,52,340,-288
106000071,13,28,-15
106000072,1092,409,683
106000073,422,313,109
106000074,37,215,-178
106000075,52,226,-174
106000076,135,395,-260
106000077,496,348,148
106000078,117,332,-215
106000079,82,286,-204
106000080,197,344,-147
106000081,30,250,-220
106000082,653,378,275
106000083,22,302,-280
106000084,114,293,-179
106000085,105,296,-191
106000086,48,201,-153
106000087,54,189,-135
106000088,5,308,-303
106000089,85,187,-102
106000090,5,252,-247
106000091,100,135,-35
106000092,0,34,-34
106000093,0,0,0
106000094,31,150,-119
106000095,33,329,-296
106000096,17,226,-209
106000097,60,477,-417
106000098,7,369,-362
106000099,3,449,-446
106000100,13,34,-21
106000101,20,29,-9
106000102,3,208,-205
106000103,15,59,-44
106000104,148,74,74
106000105,41,107,-66
106000106,60,61,-1
106000107,13,78,-65
106000108,50,35,15
106000109,4,67,-63
106000110,11,25,-14
106000111,13,119,-106
106000112,23,62,-39
106000113,133,64,69
106000114,94,35,59
106000115,17,54,-37
106000116,60,69,-9
106000117,203,222,-19
106000118,48,98,-50
106000119,656,252,404
106000120,5,5,0
106000121,1,6,-5
106000122,2,40,-38
106000123,5,14,-9
106000124,2,56,-54
106000125,0,85,-85
106000126,1,11,-10
106000127,12,106,-94
106000128,5,4,1
106000129,58,170,-112
106000130,0,0,0
106000131,15,126,-111
106000132,2,0,2
106000133,1457,195,1262
106000134,1,0,1
106000135,40,306,-266
106000136,0,0,0
106000137,13,679,-666
106000138,1,0,1
106000139,0,0,0
106000140,6,60,-54
106000141,6,90,-84
106000142,0,0,0
106000143,3,95,-92
106000144,0,0,0
106000145,13,197,-184
106000146,0,0,0
106000147,74,124,-50
106000148,36,175,-139
106000149,57,85,-28
106000150,61,306,-245
106000151,903,140,763
106000152,130,73,57
106000153,12,143,-131
106000154,139,19,120
106000155,0,9,-9
106000156,62,50,12
106000157,115,461,-346
106000158,603,134,469
106000159,1335,330,1005
106000160,19,234,-215
106000161,274,160,114
106000162,10,101,-91
106000163,55,211,-156
106000164,12,49,-37
106000165,32,258,-226
106000166,54,79,-25
106000167,36,557,-521
106000168,18,61,-43
106000169,15,301,-286
106000170,44,68,-24
106000171,7,291,-284
106000172,366,255,111
106000173,53,727,-674
106000174,15,95,-80
106000175,31,352,-321
106000176,36,53,-17
106000177,84,714,-630
106000178,180,191,-11
106000179,155,644,-489
106000180,137,665,-528
106000181,63,642,-579
106000182,45,189,-144
106000183,68,317,-249
106000184,120,264,-144
106000185,63,268,-205
106000186,116,41,75
106000187,22,243,-221
106000188,0,2,-2
106000189,0,0,0
106000190,0,0,0
106000191,20,41,-21
106000192,0,11,-11
106000193,24,16,8
106000194,22,83,-61
106000195,20,14,6
106000196,4,68,-64
106000197,20,53,-33
106000198,14,69,-55
106000199,166,59,107
106000200,211,56,155
106000201,41,66,-25
106000202,1917,86,1831
106000203,6,112,-106
106000204,0,0,0
106000205,13,117,-104
106000206,0,0,0
106000207,10,326,-316
106000208,16,1,15
106000209,24,12,12
106000210,40,521,-481
106000211,114,687,-573
106000212,6,6,0
106000213,40,323,-283
106000214,215,30,185
106000215,11,42,-31
106000216,26,47,-21
106000217,17,37,-20
106000218,60,46,14
106000219,8,25,-17
106000220,27,34,-7
106000221,3,152,-149
106000222,0,0,0
106000223,0,0,0
106000224,20,107,-87
106000225,0,0,0
106000226,19,154,-135
106000228,9,81,-72
106000229,7,329,-322
106000231,12,3,9
106000232,4,202,-198
106000233,4,6,-2
106000234,16,98,-82
106000235,4,2,2
106000236,8,17,-9
106000237,0,1,-1
106000238,0,0,0
106000239,1,9,-8
106000240,0,1,-1
106000241,13,278,-265
106000242,8,0,8
106000249,0,0,0
106000250,7,112,-105
106000251,0,0,0
106000252,5,30,-25
106000253,0,0,0
106000254,3,26,-23
106000255,0,0,0
106000256,26,21,5
106000257,21,102,-81
106000258,0,0,0
106000259,0,12,-12
106000260,0,0,0
106000261,0,15,-15
106000262,0,0,0
106000263,0,23,-23
106000264,0,0,0
106000265,0,31,-31
106000266,0,0,0
106000267,2,30,-28
106000268,0,0,0
106000269,13,10,3
106000270,48,161,-113
106000271,0,2,-2
106000272,4,9,-5
106000273,0,2,-2
106000274,29,6,23
106000275,0,1,-1
106000276,13,4,9
106000277,2,1,1
106000278,7,6,1
106000279,5,7,-2
106000280,3,25,-22
106000281,7,9,-2
106000282,11,8,3
106000283,1,9,-8
106000284,3,17,-14
106000285,6,16,-10
106000286,4,29,-25
106000287,3,3,0
106000288,6,29,-23
106000289,7,7,0
106000290,2,18,-16
106000291,5,2,3
106000292,8,16,-8
106000293,5,4,1
106000294,31,25,6
106000295,4,4,0
106000296,10,17,-7
106000297,21,14,7
106000298,13,8,5
106000299,3,9,-6
106000300,4,9,-5
106000301,4,26,-22
106000303,0,0,0
106000304,6,11,-5
106000305,0,0,0
106000306,8,14,-6
106000307,0,0,0
106000308,2,28,-26
106000309,0,23,-23
106000310,25,139,-114
106000311,33,21,12
106000312,24,46,-22
106000313,26,38,-12
106000318,24,41,-17
106000319,44,0,44
106000320,0,1,-1
106000321,1,0,1
106000322,28,90,-62
106000324,0,1,-1
106000325,66,33,33
106000326,234,652,-418
106000327,0,0,0
106000328,0,0,0
106000329,3,36,-33
106000330,4,28,-24
106000428,25,57,-32
106000429,35,158,-123
106000430,69,312,-243
106000431,50,71,-21
106000432,296,749,-453
106000433,169,135,34
106000434,195,87,108
106000435,711,950,-239
106000436,6,175,-169
106000437,4,0,4
106000438,2,0,2
106000439,18,155,-137
106000440,37,43,-6
106000441,0,0,0
106000442,2,0,2
106000443,4,39,-35
106000450,3,93,-90
106000451,0,0,0
106000454,1,17,-16
106000455,3,67,-64
106000456,0,0,0
106000457,8,457,-449
106000458,0,0,0
106000459,11,193,-182
106000460,0,0,0
106000461,16,719,-703
106000462,0,9,-9
106000463,0,0,0
106000464,3,239,-236
106000465,0,0,0
106000466,2,264,-262
106000467,259,183,76
106000468,0,1,-1
106000469,0,0,0
106000470,68,188,-120
106000471,4,215,-211
106000472,0,0,0
106000473,4,9,-5
106000474,99,341,-242
106000475,21,28,-7
106000476,18,21,-3
106000477,21,106,-85
106000480,2,42,-40
106900001,0,0,0
106900002,0,0,0
106900003,0,0,0
106900004,0,2,-2
106900006,0,1,-1
106900007,0,0,0
106900008,0,0,0
106900009,0,0,0
106900010,0,0,0
106900012,0,0,0
106900013,0,0,0
106900014,0,0,0
106900015,0,0,0
106900016,0,0,0
106900017,0,0,0
106900018,0,0,0
106900019,0,0,0
106900020,0,0,0
106900021,0,0,0
106900022,0,0,0
106900023,0,0,0
106900024,0,0,0
106900025,0,0,0
106900026,0,0,0
106900027,0,0,0
107000001,359,460,-101
107000002,1087,1861,-774
107000003,565,803,-238
107000004,2030,2651,-621
107000005,174,450,-276
107000006,1017,2829,-1812
107000007,708,697,11
107000008,9744,6006,3738
107000009,334,450,-116
107000010,5254,4351,903
107000011,447,418,29
107000012,908,898,10
107000013,14,133,-119
107000014,7,170,-163
107000015,116,474,-358
107000016,93,590,-497
107000017,239,135,104
107000018,2,81,-79
107000020,105,58,47
107000021,338,361,-23
107000022,67,551,-484
107000023,280,152,128
107000024,68,976,-908
107000025,35,99,-64
107000026,29,291,-262
107000027,323,183,140
107000028,266,408,-142
107000029,223,176,47
107000030,340,990,-650
107000031,128,211,-83
107000032,26,39,-13
107000033,753,997,-244
107000034,2081,666,1415
107000035,5,1,4
107000036,33,196,-163
107000037,4,13,-9
107000038,80,143,-63
107000039,0,1,-1
107000040,41,139,-98
107000041,220,85,135
107000042,111,345,-234
107000043,393,108,285
107000044,202,167,35
107000045,10,113,-103
107000046,40,31,9
107000047,57,249,-192
107000048,30,76,-46
107000049,41,151,-110
107000050,52,57,-5
107000051,74,86,-12
107000052,152,57,95
107000053,11,15,-4
107000054,19,126,-107
107000055,45,41,4
107000056,107,229,-122
107000057,109,25,84
107000058,6,4,2
107000059,269,972,-703
107000060,32,45,-13
107000061,1104,1329,-225
107000062,36,36,0
107000063,860,1925,-1065
107000064,42,43,-1
107000065,683,2063,-1380
107000066,30,31,-1
107000067,18,56,-38
107000068,0,1,-1
107000069,0,0,0
107000070,0,0,0
107000071,1,0,1
107000072,13,1429,-1416
107000073,3,0,3
107000074,65,372,-307
107000075,3,1,2
107000076,202,1060,-858
107000077,1,3,-2
107000078,280,1471,-1191
107000079,0,0,0
107000080,255,1325,-1070
107000081,3,2,1
107000082,81,1173,-1092
107000083,1,3,-2
107000084,78,951,-873
107000085,490,500,-10
107000086,401,630,-229
107000087,362,388,-26
107000088,267,680,-413
107000089,137,176,-39
107000090,263,364,-101
107000091,91,161,-70
107000092,180,397,-217
107000093,64,175,-111
107000094,160,379,-219
107000095,0,0,0
107000096,265,552,-287
107000097,0,0,0
107000098,124,301,-177
107000099,0,0,0
107000100,69,120,-51
107000101,0,0,0
107000102,140,122,18
107000103,0,0,0
107000104,57,139,-82
107000105,8,0,8
107000106,32,143,-111
107000107,4,3,1
107000108,50,359,-309
107000109,0,0,0
107000110,9,189,-180
107000111,0,0,0
107000112,0,139,-139
107000113,0,0,0
107000114,19,232,-213
107000115,0,0,0
107000116,15,418,-403
107000117,0,0,0
107000118,29,129,-100
107000119,134,28,106
107000120,776,265,511
107000121,25,19,6
107000122,232,339,-107
107000123,13,35,-22
107000124,40,358,-318
107000125,42,43,-1
107000126,91,505,-414
107000129,23,409,-386
107000130,0,0,0
107000131,128,274,-146
107000132,2,0,2
107000133,9,2,7
107000134,2,0,2
107000135,0,15,-15
107000136,13,0,13
107000137,1,6,-5
107000138,18,0,18
107000139,0,39,-39
107000140,64,3,61
107000141,14,77,-63
107000142,13,1,12
107000143,7,110,-103
107000144,14,16,-2
107000145,12,34,-22
107000146,4,1,3
107000147,347,23,324
107000150,17,23,-6
107000151,3,12,-9
107000152,7,52,-45
107000153,64,39,25
107000154,6,0,6
107000155,25,1,24
107000156,68,0,68
107000157,3,399,-396
107000158,9,0,9
107000159,1,165,-164
107000160,18,4,14
107000161,5,172,-167
107000162,12,9,3
107000163,0,0,0
107000164,0,0,0
107000165,0,0,0
107000166,9,424,-415
107000167,17,33,-16
107000168,55,6,49
107000169,109,465,-356
107000170,68,10,58
107000171,38,1219,-1181
107000172,45,27,18
107000173,148,408,-260
107000174,129,155,-26
107000175,2427,412,2015
107000176,0,0,0
107000177,0,0,0
107000178,0,0,0
107000179,50,1060,-1010
107000180,1,0,1
107000181,71,429,-358
107000182,5,100,-95
107000183,34,337,-303
107000184,30,126,-96
107000185,29,449,-420
107000186,0,2,-2
107000187,91,135,-44
107000188,74,94,-20
107000189,17,109,-92
107000190,39,203,-164
107000191,2,5,-3
107000192,172,225,-53
107000193,2,4,-2
107000194,175,191,-16
107000197,2,0,2
107000198,62,346,-284
107000199,158,240,-82
107000200,1,0,1
107000201,77,85,-8
107000202,0,0,0
107000203,146,187,-41
107000204,10,7,3
107000205,989,501,488
107000206,0,0,0
107000207,24,16,8
107000208,39,4,35
107000209,72,4,68
107000210,299,37,262
107000211,0,0,0
107000212,0,62,-62
107000213,0,0,0
107000214,0,10,-10
107000215,5,35,-30
107000216,2,31,-29
107000217,1,10,-9
107000219,2,6,-4
107000220,2,27,-25
107000222,28,150,-122
107000224,0,0,0
107000225,22,168,-146
107000226,0,0,0
107000227,5,162,-157
107000228,13,33,-20
107000229,13,9,4
107000230,306,151,155
107000231,8,13,-5
107000232,0,0,0
107000233,14,33,-19
107000234,0,0,0
107000235,0,3,-3
107000236,21,291,-270
107000237,0,0,0
107000238,0,1,-1
107000239,204,12,192
107000240,2,309,-307
107000241,26,19,7
107000242,183,40,143
107000243,0,49,-49
107000244,3,71,-68
107000246,1,513,-512
107000249,0,284,-284
107000251,0,99,-99
107000252,3,484,-481
107000255,66,22,44
107000257,0,81,-81
107000258,1,7,-6
107000259,0,29,-29
107000260,0,0,0
107000262,0,89,-89
107000263,0,0,0
107000266,0,0,0
107000267,1,12,-11
107000268,7,15,-8
107000269,1,3,-2
107000270,0,0,0
107000271,1,206,-205
107000272,0,67,-67
107000273,0,38,-38
107000274,8,18,-10
107000275,0,72,-72
107000280,6,2,4
107000281,0,131,-131
107000282,1,246,-245
107000290,1,14,-13
107000291,0,0,0
107000292,0,2,-2
107000293,0,0,0
107000294,0,14,-14
107000295,0,0,0
107000296,0,0,0
107000444,5,1,4
107000496,0,0,0
107000497,205,1294,-1089
107000500,0,0,0
107000501,0,0,0
107000502,0,0,0
107000505,127,255,-128
107000506,0,0,0
107000508,0,216,-216
107000509,9,17,-8
107000510,0,0,0
107000514,1,17,-16
107000515,1,28,-27
107000516,1,0,1
107000518,1,0,1
107000519,745,625,120
107000520,0,0,0
107000521,131,268,-137
107000522,0,78,-78
107900001,0,1,-1
107900002,0,0,0
107900003,3,0,3
107900004,1,0,1
107900005,28,0,28
107900006,0,0,0
107900007,3,0,3
107900008,14,5,9
107900009,0,0,0
107900010,0,0,0
107900012,18,2,16
107900013,11,3,8
107900014,0,0,0
107900015,23,1,22
107900016,23,6,17
107900017,0,0,0
107900018,1,2,-1
107900019,0,18,-18
107900020,0,0,0
107900021,1,18,-17
107900023,0,1,-1
107900024,0,0,0
107900025,18,24,-6
107900026,0,18,-18
107900027,0,0,0
107900028,0,19,-19
107900030,11,1,10
107900031,2,58,-56
107900032,0,0,0
107900033,1,0,1
107900034,7,1,6
107900035,30,1,29
107900036,0,0,0
107900037,0,0,0
107900038,22,3,19
107900039,0,6,-6
107900040,0,0,0
107900041,0,0,0
107900043,1,20,-19
107900044,0,0,0
107900045,5,2,3
107900046,11,0,11
107900047,0,0,0
107900048,10,0,10
107900049,23,18,5
107900050,19,65,-46
107900051,2,7,-5
107900052,0,0,0
107900053,0,21,-21
107900055,10,33,-23
107900056,2,2,0
107900057,0,0,0
107900058,0,122,-122
107900060,0,0,0
107900061,0,0,0
107900063,0,10,-10
107900064,10,1,9
107900065,3,0,3
107900066,0,0,0
107900067,0,0,0
107900068,0,10,-10
107900069,0,13,-13
107900070,0,0,0
107900071,1,238,-237
107900072,2,8,-6
107900073,0,0,0
107900074,0,0,0
107900076,4,13,-9
107900077,0,0,0
107900078,19,0,19
107900079,3,1,2
107900080,4,9,-5
107900081,0,0,0
107900082,0,0,0
107900083,38,19,19
107900084,1,10,-9
107900086,10,9,1
107900087,52,5,47
107900088,0,0,0
107900089,19,67,-48
107900090,15,38,-23
107900091,6,77,-71
107900092,391,63,328
107900093,0,0,0
107900095,180,50,130
107900097,2,4,-2
107900098,4,3,1
107900100,200,30,170
107900101,196,23,173
107900102,0,0,0
107900103,0,32,-32
107900104,0,0,0
107900105,1,186,-185
107900106,1,416,-415
107900107,237,18,219
107900108,5,3,2
107900109,0,0,0
107900110,1,9,-8
107900111,1,324,-323
107900112,6,46,-40
107900113,0,0,0
107900114,1,35,-34
107900115,0,0,0
107900116,0,30,-30
107900117,9,50,-41
107900118,7,49,-42
107900119,3,6,-3
107900120,0,0,0
107900121,0,2,-2
107900122,0,2,-2
107900123,0,7,-7
107900124,0,1,-1
107900125,0,56,-56
107900126,0,12,-12
107900127,91,10,81
107900128,1,2,-1
107900129,0,4,-4
107900130,0,0,0
107900131,7,1,6
107900132,8,84,-76
107900133,0,11,-11
107900134,0,0,0
107900135,1,37,-36
107900136,7,3,4
107900137,3,6,-3
107900138,1,7,-6
107900139,0,0,0
107900140,0,2,-2
107900141,3,0,3
107900142,8,240,-232
107900143,5,0,5
107900144,0,24,-24
107900145,0,10,-10
107900146,2,0,2
107900147,0,0,0
107900148,10,31,-21
107900149,514,21,493
107900150,4,134,-130
107900151,1,32,-31
107900152,1,32,-31
107900153,6,8,-2
107900154,1,0,1
107900155,0,0,0
107900156,0,0,0
107900157,4,24,-20
107900158,9,1,8
107900159,5,329,-324
107900160,1,43,-42
107900161,1,70,-69
107900162,0,32,-32
107900163,1,1,0
107900164,0,13,-13
107900165,15,4,11
107900166,1,92,-91
107900167,0,0,0
107900168,0,5,-5
107900169,1,38,-37
107900171,4,434,-430
107900172,1,123,-122
107900173,1,74,-73
107900174,3,0,3
107900175,0,0,0
107900176,0,2,-2
107900177,0,21,-21
107900178,0,78,-78
107900179,0,34,-34
107900180,81,2,79
107900181,109,86,23
107900182,0,444,-444
107900183,1,145,-144
107900184,0,3,-3
107900185,3,2,1
107900186,0,6,-6
107900187,0,72,-72
107900188,64,10,54
107900189,1,34,-33
107900190,4,3,1
107900191,0,32,-32
107900193,0,15,-15
107900194,5,0,5
107900195,548,24,524
107900196,0,1,-1
107900197,11,4,7
107900199,0,140,-140
107900201,20,20,0
107900203,1,20,-19
107900204,70,47,23
107900205,21,149,-128
107900206,7,2,5
107900207,0,187,-187
107900208,0,157,-157
107900209,48,19,29
107900210,10,10,0
107900213,55,81,-26
107900214,1,32,-31
107900215,45,113,-68
107900216,6,8,-2
107900217,0,0,0
107900218,1,114,-113
107900219,2,31,-29
107900220,28,28,0
107900221,55,61,-6
107900223,0,0,0
107900224,16,74,-58
107900225,0,70,-70
107900226,8,16,-8
107900227,12,134,-122
107900228,0,41,-41
107900229,0,112,-112
107900230,0,19,-19
107900231,0,0,0
107900232,0,52,-52
107900233,0,29,-29
107900234,10,51,-41
107900235,7,22,-15
107900236,0,28,-28
107900237,22,193,-171
107900238,0,0,0
107900239,228,94,134
107900240,1,27,-26
107900241,0,16,-16
107900242,1,114,-113
107900243,0,3,-3
107900244,0,0,0
107900245,3,0,3
107900246,0,0,0
107900248,7,163,-156
107900249,0,0,0
107900250,0,106,-106
107900251,4,209,-205
107900252,0,0,0
107900253,0,0,0
107900254,2,8,-6
107900255,47,3,44
107900256,15,36,-21
107900257,7,1,6
107900258,0,17,-17
107900259,0,8,-8
107900261,0,145,-145
107900262,0,0,0
107900264,0,0,0
107900265,2,11,-9
107900267,1,1,0
107900268,0,0,0
107900269,0,0,0
107900270,0,0,0
107900271,0,0,0
107900272,0,0,0
107900273,0,39,-39
107900274,0,0,0
107900275,0,0,0
107900276,0,3,-3
107900277,0,52,-52
107900278,1,74,-73
107900279,11,9,2
107900280,6,40,-34
107900281,534,68,466
107900282,4,12,-8
107900283,73,27,46
107900284,3,187,-184
107900285,2,14,-12
107900286,10,7,3
107900287,2,8,-6
107900290,0,13,-13
107900291,26,0,26
107900292,5,48,-43
107900293,4,48,-44
107900295,0,14,-14
107900297,0,97,-97
107900298,60,118,-58
107900299,728,100,628
107900300,9,32,-23
107900301,4,24,-20
107900302,3,2,1
107900303,0,67,-67
107900304,8,125,-117
107900305,19,1,18
107900306,0,0,0
107900307,11,103,-92
107900308,14,4,10
107900309,0,0,0
107900310,0,0,0
107900311,3,3,0
107900312,0,0,0
107900313,0,8,-8
107900314,0,7,-7
107900315,0,5,-5
107900316,2,0,2
107900317,4,0,4
107900318,0,13,-13
107900319,1,39,-38
107900320,1,32,-31
107900321,2,0,2
107900322,0,42,-42
107900323,0,23,-23
107900324,1,0,1
107900325,0,0,0
107900326,1,154,-153
107900327,1,0,1
107900328,0,0,0
107900329,0,0,0
107900330,0,96,-96
107900331,0,1,-1
107900332,4,3,1
107900333,4,1,3
107900334,0,71,-71
107900335,19,15,4
107900336,0,9,-9
107900337,291,43,248
107900338,0,47,-47
107900339,0,13,-13
107900340,0,2,-2
107900341,0,0,0
107900342,5,26,-21
107900343,1,0,1
107900344,0,21,-21
107900345,0,2,-2
107900346,0,0,0
107900347,0,0,0
107900348,0,0,0
107900349,0,0,0
107900350,10,70,-60
107900351,2,62,-60
107900352,0,5,-5
107900353,0,0,0
107900354,0,11,-11
108000001,414,433,-19
108000002,1373,1793,-420
108000003,364,276,88
108000004,8296,6574,1722
108000005,349,345,4
108000006,1217,2679,-1462
108000007,393,493,-100
108000008,1328,2593,-1265
108000009,194,562,-368
108000010,704,2476,-1772
108000011,1262,927,335
108000012,7543,6435,1108
108000014,4,51,-47
108000015,8,49,-41
108000016,64,348,-284
108000017,6,45,-39
108000018,2,33,-31
108000019,6,52,-46
108000020,1,0,1
108000021,121,886,-765
108000022,121,465,-344
108000023,0,0,0
108000024,7,215,-208
108000025,11,107,-96
108000026,17,196,-179
108000027,19,256,-237
108000028,9,170,-161
108000029,12,313,-301
108000030,7,85,-78
108000031,15,330,-315
108000032,0,0,0
108000033,168,508,-340
108000034,0,0,0
108000035,216,1097,-881
108000036,67,671,-604
108000037,93,30,63
108000038,47,18,29
108000039,97,1031,-934
108000040,16,17,-1
108000041,220,1294,-1074
108000042,4,107,-103
108000043,17,214,-197
108000044,3,55,-52
108000045,22,591,-569
108000046,0,1,-1
108000047,105,457,-352
108000048,32,358,-326
108000049,27,26,1
108000050,14,196,-182
108000051,21,3,18
108000052,115,224,-109
108000053,30,19,11
108000054,79,219,-140
108000055,33,18,15
108000056,252,401,-149
108000057,14,70,-56
108000058,21,208,-187
108000059,1041,446,595
108000060,1,10,-9
108000061,43,146,-103
108000062,17,14,3
108000063,30,197,-167
108000064,0,0,0
108000065,63,152,-89
108000066,353,71,282
108000067,61,45,16
108000068,0,0,0
108000069,52,506,-454
108000070,0,0,0
108000071,129,764,-635
108000072,1,0,1
108000073,243,758,-515
108000074,0,0,0
108000075,55,311,-256
108000076,2,0,2
108000077,139,365,-226
108000078,17,45,-28
108000079,401,798,-397
108000080,1,18,-17
108000081,85,941,-856
108000082,245,695,-450
108000083,7,11,-4
108000084,47,449,-402
108000085,2,2,0
108000086,118,274,-156
108000087,0,20,-20
108000088,0,0,0
108000089,18,28,-10
108000090,4,3,1
108000091,24,279,-255
108000092,0,2,-2
108000093,57,331,-274
108000094,0,0,0
108000095,58,214,-156
108000096,0,0,0
108000097,42,293,-251
108000098,32,132,-100
108000099,0,0,0
108000100,0,0,0
108000101,3,1,2
108000102,54,173,-119
108000106,0,0,0
108000107,0,286,-286
108000108,0,0,0
108000109,0,299,-299
108000110,12,48,-36
108000111,64,449,-385
108000112,0,0,0
108000113,24,11,13
108000115,84,62,22
108000117,123,49,74
108000118,10,96,-86
108000119,91,180,-89
108000120,7,95,-88
108000121,5,244,-239
108000122,20,57,-37
108000123,5,1,4
108000124,20,280,-260
108000125,1,1,0
108000126,23,343,-320
108000127,4,0,4
108000128,45,494,-449
108000129,20,762,-742
108000130,0,1,-1
108000131,0,5,-5
108000132,251,358,-107
108000133,2,0,2
108000134,142,489,-347
108000135,15,0,15
108000136,187,731,-544
108000137,0,0,0
108000138,15,165,-150
108000139,0,5,-5
108000140,23,3,20
108000141,8,71,-63
108000142,29,148,-119
108000143,6,60,-54
108000144,8,5,3
108000145,7,111,-104
108000146,10,4,6
108000147,4,85,-81
108000148,8,1,7
108000149,1,49,-48
108000150,2,0,2
108000151,0,3,-3
108000152,15,103,-88
108000153,0,6,-6
108000154,8,33,-25
108000155,2,1,1
108000156,100,10,90
108000157,9,11,-2
108000158,30,100,-70
108000159,47,0,47
108000160,812,171,641
108000161,560,186,374
108000165,0,5,-5
108000172,0,0,0
108000173,526,29,497
108000175,1,36,-35
108000178,123,127,-4
108000179,0,0,0
108000181,3,2,1
108000182,10,0,10
108000183,2,23,-21
108000184,156,155,1
108000185,3,207,-204
108000186,4,5,-1
108000187,6,144,-138
108000188,6,43,-37
108000189,4,28,-24
108000190,8,58,-50
108000192,13,196,-183
108000193,179,17,162
108000194,0,1,-1
108000195,5,928,-923
108000196,10,31,-21
108000198,54,101,-47
108000199,1,74,-73
108000200,4,94,-90
108000202,0,44,-44
108000203,10,319,-309
108000204,17,4,13
108000205,79,63,16
108000339,56,30,26
108000364,10,10,0
108000365,0,19,-19
108000367,6,28,-22
108000368,1,27,-26
108000369,454,16,438
108000371,3,260,-257
108000372,0,0,0
108000373,0,0,0
108000376,10,0,10
108000377,2,0,2
108000378,1734,928,806
108000379,6,64,-58
108000381,0,0,0
108000382,0,0,0
108000383,0,23,-23
108900001,8,47,-39
108900002,15,7,8
108900003,51,124,-73
108900004,112,36,76
108900005,0,15,-15
108900006,36,37,-1
108900007,5,18,-13
108900008,2,24,-22
108900009,3,26,-23
108900010,3,28,-25
108900011,6,36,-30
108900012,9,89,-80
108900013,3,48,-45
108900014,1,14,-13
108900015,0,0,0
108900016,0,19,-19
108900017,11,9,2
108900018,5,91,-86
108900019,2,250,-248
108900020,0,28,-28
108900021,3,36,-33
108900022,0,1,-1
108900023,0,2,-2
108900024,14,19,-5
108900025,0,0,0
108900026,0,12,-12
108900027,0,25,-25
108900028,1,76,-75
108900029,0,21,-21
108900030,0,33,-33
108900031,2,85,-83
108900032,0,29,-29
108900033,0,15,-15
108900034,0,12,-12
108900035,6,306,-300
108900036,31,44,-13
108900037,0,34,-34
108900038,0,44,-44
108900039,0,21,-21
108900040,0,11,-11
108900041,531,82,449
108900042,0,45,-45
108900043,1,39,-38
108900044,0,127,-127
108900045,0,49,-49
108900046,5,130,-125
108900047,0,28,-28
108900048,3,62,-59
108900049,470,22,448
108900050,0,26,-26
108900051,0,41,-41
108900052,0,34,-34
108900053,10,6,4
108900054,0,13,-13
108900055,8,68,-60
108900056,1,40,-39
108900057,1,30,-29
108900058,2,78,-76
108900059,6,0,6
108900060,0,0,0
108900061,3,1,2
108900062,0,79,-79
108900063,0,34,-34
108900064,0,2,-2
108900065,0,11,-11
108900066,0,0,0
108900067,1,36,-35
108900068,0,19,-19
108900069,0,11,-11
108900070,0,9,-9
108900071,0,0,0
108900072,6,0,6
108900073,1,35,-34
108900074,0,42,-42
108900075,1,3,-2
108900076,0,0,0
108900077,5,37,-32
108900078,0,14,-14
108900079,7,2,5
108900080,0,0,0
108900081,8,45,-37
108900082,1,12,-11
108900083,0,0,0
108900084,39,6,33
108900085,188,5,183
108900086,0,25,-25
108900087,4,7,-3
108900088,0,0,0
108900089,0,0,0
108900090,0,34,-34
108900091,9,1,8
108900092,0,0,0
108900093,0,0,0
108900094,4,4,0
108900095,10,35,-25
108900096,29,0,29
108900097,0,82,-82
108900098,1,0,1
108900099,1,89,-88
108900100,2,17,-15
108900101,0,0,0
108900102,7,11,-4
108900103,0,0,0
108900104,29,47,-18
108900105,0,0,0
108900106,0,130,-130
108900108,0,0,0
108900109,0,0,0
108900110,1,78,-77
108900111,2,115,-113
108900112,0,0,0
108900113,0,1,-1
108900114,0,0,0
108900115,0,0,0
108900116,0,0,0
108900117,0,0,0
108900118,0,0,0
108900119,0,0,0
108900120,0,0,0
108900121,0,0,0
108900122,0,0,0
108900123,0,0,0
108900124,1,0,1
108900125,0,0,0
108900126,1,0,1
108900127,0,0,0
108900128,0,0,0
108900129,0,0,0
108900130,0,0,0
108900131,9,0,9
108900132,0,0,0
108900133,0,0,0
108900134,0,0,0
108900135,0,0,0
108900136,0,0,0
108900137,1,0,1
108900138,0,0,0
108900139,0,0,0
108900140,0,0,0
108900141,0,0,0
108900142,0,0,0
108900143,0,0,0
108900144,0,0,0
108900145,0,0,0
108900146,0,0,0
108900147,0,0,0
108900148,0,0,0
108900149,48,27,21
108900150,0,1,-1
108900151,0,0,0
108900152,1,2,-1
108900153,0,31,-31
108900154,0,2,-2
108900155,0,8,-8
108900156,0,0,0
108900157,0,33,-33
108900158,0,0,0
108900159,0,17,-17
108900160,1,28,-27
108900161,1,60,-59
108900162,0,0,0
108900163,0,0,0
108900164,2,8,-6
108900165,18,7,11
108900167,120,38,82
108900168,716,30,686
108900169,8,7,1
108900171,399,131,268
108900172,0,0,0
108900173,4,23,-19
108900174,0,0,0
108900176,1,100,-99
108900177,962,78,884
108900178,217,47,170
108900179,3,15,-12
108900180,0,0,0
108900182,0,1,-1
108900183,12,22,-10
108900184,4,1,3
108900185,4,43,-39
108900186,0,46,-46
108900187,0,0,0
108900188,0,0,0
108900189,0,0,0
108900190,3,434,-431
108900191,0,2,-2
108900192,0,32,-32
108900193,0,0,0
108900194,0,36,-36
108900195,1,53,-52
108900196,0,95,-95
108900198,1,63,-62
108900199,7,54,-47
108900200,26,59,-33
108900201,14,165,-151
108900203,4,0,4
108900204,2,0,2
108900205,3,0,3
108900206,0,0,0
108900207,0,0,0
108900208,4,47,-43
108900209,18,97,-79
108900210,5,12,-7
108900211,2,5,-3
108900212,26,21,5
108900215,8,94,-86
108900216,1,3,-2
108900217,0,0,0
108900218,0,0,0
108900219,0,0,0
108900220,0,0,0
108900221,2,7,-5
108900222,0,0,0
108900223,0,3,-3
108900224,3,9,-6
108900225,0,14,-14
108900226,0,0,0
108900227,0,0,0
108900230,15,23,-8
108900231,1,23,-22
108900232,0,34,-34
108900233,0,0,0
108900234,0,0,0
108900235,9,38,-29
108900236,1,27,-26
108900237,3,16,-13
108900240,0,10,-10
108900241,0,0,0
108900245,0,0,0
108900249,0,0,0
108900250,0,24,-24
108900257,0,59,-59
108900258,0,5,-5
108900259,0,1,-1
108900260,1,4,-3
108900261,2,3,-1
108900262,0,0,0
108900263,0,0,0
108900264,0,0,0
108900265,0,0,0
108900266,0,0,0
108900267,0,0,0
108900268,0,0,0
108900269,0,0,0
108900270,0,0,0
108900271,0,0,0
108900272,0,0,0
108900273,0,0,0
108900274,4,12,-8
109000001,445,120,325
109000002,3325,536,2789
109000003,243,100,143
109000004,325,1551,-1226
109000005,162,128,34
109000006,284,1288,-1004
109000007,120,91,29
109000008,187,1004,-817
109000009,485,186,299
109000010,590,2056,-1466
109000011,313,212,101
109000012,717,1958,-1241
109000013,472,195,277
109000014,424,2023,-1599
109000015,440,343,97
109000016,4711,2260,2451
109000017,218,170,48
109000018,320,1891,-1571
109000019,241,174,67
109000020,553,1166,-613
109000023,0,0,0
109000024,3,25,-22
109000025,97,53,44
109000026,82,57,25
109000027,13,44,-31
109000028,5,17,-12
109000029,38,39,-1
109000030,14,204,-190
109000031,0,0,0
109000032,11,213,-202
109000033,0,0,0
109000034,4,3,1
109000035,0,0,0
109000036,30,123,-93
109000037,9,50,-41
109000038,321,124,197
109000039,68,19,49
109000040,662,103,559
109000041,3025,248,2777
109000042,72,204,-132
109000044,1,6,-5
109000045,25,241,-216
109000046,0,10,-10
109000047,15,349,-334
109000048,6,4,2
109000049,57,454,-397
109000050,3,1,2
109000051,93,275,-182
109000052,46,367,-321
109000053,3,1,2
109000054,11,137,-126
109000055,8,29,-21
109000056,15,105,-90
109000057,35,24,11
109000058,110,37,73
109000059,21,114,-93
109000060,49,1,48
109000061,351,59,292
109000062,11,5,6
109000063,29,43,-14
109000064,5,1,4
109000065,4,80,-76
109000066,6,3,3
109000067,3,121,-118
109000068,0,2,-2
109000069,0,0,0
109000070,3,244,-241
109000071,144,11,133
109000072,3,66,-63
109000073,15,34,-19
109000074,4,61,-57
109000075,18,385,-367
109000076,0,35,-35
109000077,46,54,-8
109000078,3,13,-10
109000079,9,75,-66
109000080,7,21,-14
109000081,3,157,-154
109000082,10,57,-47
109000083,15,235,-220
109000088,13,96,-83
109000089,8,4,4
109000090,39,129,-90
109000091,34,14,20
109000092,75,204,-129
109000093,22,14,8
109000094,12,0,12
109000095,12,177,-165
109000096,34,3,31
109000097,7,16,-9
109000098,0,0,0
109000099,39,78,-39
109000100,12,195,-183
109000101,80,118,-38
109000102,24,564,-540
109000103,34,147,-113
109000104,124,62,62
109000105,43,775,-732
109000106,162,72,90
109000107,47,738,-691
109000108,102,66,36
109000109,102,784,-682
109000110,116,83,33
109000111,257,853,-596
109000112,25,53,-28
109000113,41,80,-39
109000114,2,62,-60
109000115,35,2,33
109000116,0,90,-90
109000117,2,4,-2
109000118,1,133,-132
109000119,19,26,-7
109000120,9,581,-572
109000121,4,7,-3
109000122,8,741,-733
109000123,1,19,-18
109000124,39,103,-64
109000125,42,81,-39
109000126,65,956,-891
109000127,34,22,12
109000128,30,1163,-1133
109000129,23,15,8
109000130,168,1510,-1342
109000131,65,50,15
109000132,260,711,-451
109000133,29,438,-409
109000134,73,806,-733
109000135,122,508,-386
109000136,10,26,-16
109000137,46,47,-1
109000138,8,34,-26
109000139,27,63,-36
109000140,3,38,-35
109000141,15,184,-169
109000142,16,103,-87
109000143,1,6,-5
109000145,25,8,17
109000146,1,0,1
109000148,1149,103,1046
109000149,10,20,-10
109000150,0,0,0
109000155,34,118,-84
109000156,251,248,3
109000158,3,61,-58
109000159,8,122,-114
109000160,105,107,-2
109000161,8,290,-282
109000162,220,351,-131
109000163,43,226,-183
109000164,131,664,-533
109000165,93,157,-64
109000166,54,42,12
109000167,11,212,-201
109000170,0,0,0
109000171,2,0,2
109000172,0,0,0
109000173,0,2,-2
109000174,0,0,0
109000175,0,0,0
109000176,16,163,-147
109000177,0,0,0
109000178,13,60,-47
109000179,1130,215,915
109000180,1014,489,525
109000181,4,14,-10
109000182,4,20,-16
109000183,0,13,-13
109000184,11,6,5
109000185,2,8,-6
109000188,7,114,-107
109000189,82,208,-126
109000190,84,227,-143
109000191,0,0,0
109000192,4,21,-17
109000193,17,91,-74
109000194,8,9,-1
109000195,5,94,-89
109000196,3,14,-11
109000197,20,122,-102
109000198,0,2,-2
109000199,15,127,-112
109000206,30,18,12
109000207,5,12,-7
109000208,39,11,28
109000209,5,5,0
109000210,26,103,-77
109000211,10,26,-16
109000214,10,47,-37
109000215,0,6,-6
109000216,18,20,-2
109000217,21,17,4
109000218,23,9,14
109000221,10,213,-203
109000222,27,1,26
109000223,21,55,-34
109000224,1,15,-14
109000225,0,6,-6
109000226,8,64,-56
109000227,51,293,-242
109000228,0,135,-135
109000231,1,137,-136
109000232,15,101,-86
109000236,38,418,-380
109000241,227,388,-161
109000242,58,188,-130
109000293,0,0,0
109000361,7,32,-25
109000364,19,105,-86
109000396,3,279,-276
109000397,37,1,36
109000399,42,114,-72
109000400,13,143,-130
109000403,1,19,-18
109000406,12,2,10
109000407,16,44,-28
109000408,2,110,-108
109000410,133,116,17
109000411,0,0,0
109900001,0,0,0
109900002,0,0,0
109900003,0,0,0
109900004,13,30,-17
109900005,0,1,-1
109900006,0,11,-11
109900007,1,193,-192
109900008,0,6,-6
109900009,6,189,-183
109900010,0,0,0
109900011,6,2,4
109900012,4,10,-6
109900013,19,8,11
109900014,5,8,-3
109900015,16,8,8
109900016,8,12,-4
109900017,5,4,1
109900018,2,26,-24
109900019,9,24,-15
109900020,0,0,0
109900021,0,0,0
109900022,0,34,-34
109900023,2,0,2
109900024,0,0,0
109900025,0,7,-7
109900026,1,15,-14
109900027,0,0,0
109900028,241,34,207
109900029,0,29,-29
109900030,0,0,0
109900031,0,8,-8
109900032,0,44,-44
109900033,0,0,0
109900034,1,0,1
109900035,1,3,-2
109900036,1,2,-1
109900037,0,99,-99
109900038,0,0,0
109900039,0,0,0
109900040,3,132,-129
109900041,1,47,-46
109900042,1,90,-89
109900044,1,28,-27
109900045,1,6,-5
109900046,0,0,0
109900047,8,22,-14
109900048,0,17,-17
109900049,0,6,-6
109900050,0,86,-86
109900051,0,3,-3
109900052,8,33,-25
109900053,2,99,-97
109900054,0,0,0
109900055,2,49,-47
109900056,0,0,0
109900057,2,24,-22
109900058,0,14,-14
109900059,0,0,0
109900060,0,0,0
109900061,19,68,-49
109900062,0,36,-36
109900063,0,9,-9
109900064,6,13,-7
109900065,7,24,-17
109900066,13,162,-149
109900067,0,89,-89
109900068,0,0,0
109900069,1,10,-9
109900070,12,66,-54
109900071,1,1,0
109900072,1,38,-37
109900073,0,57,-57
109900074,0,14,-14
109900075,0,0,0
109900076,1,36,-35
109900077,3,9,-6
109900078,0,62,-62
109900080,1,38,-37
109900081,0,0,0
109900082,1,49,-48
109900083,0,10,-10
109900084,0,12,-12
109900085,3,73,-70
109900086,0,0,0
109900087,6,91,-85
109900089,0,0,0
109900090,20,40,-20
109900091,0,0,0
109900092,0,0,0
109900093,0,0,0
109900094,0,16,-16
109900095,1,4,-3
109900096,0,0,0
109900097,0,0,0
109900098,0,0,0
109900099,0,0,0
109900100,0,0,0
109900101,0,0,0
109900102,0,0,0
109900103,0,4,-4
109900104,0,355,-355
109900105,0,0,0
109900106,0,0,0
109900107,0,0,0
109900108,3,137,-134
109900109,3,43,-40
109900110,1,12,-11
109900111,4,58,-54
109900112,6,67,-61
109900113,0,0,0
109900114,0,1,-1
109900115,0,0,0
109900117,0,0,0
109900118,27,70,-43
109900119,41,63,-22
109900120,0,0,0
109900121,15,15,0
109900122,0,0,0
109900123,0,26,-26
109900124,1,25,-24
109900125,0,27,-27
109900126,0,20,-20
109900128,0,0,0
109900130,189,6,183
109900131,0,0,0
109900132,0,0,0
109900133,0,0,0
109900134,0,0,0
109900135,20,5,15
109900136,3,17,-14
109900137,0,0,0
109900140,2,79,-77
109900142,35,38,-3
109900145,2,6,-4
109900146,6,1,5
109900148,5,22,-17
109900149,23,7,16
109900150,0,12,-12
109900151,1,14,-13
109900152,0,3,-3
109900153,0,24,-24
109900154,0,0,0
109900155,0,0,0
109900157,4,48,-44
109900158,4,23,-19
109900159,4,4,0
109900160,6,1,5
109900161,7,8,-1
109900162,9,13,-4
109900163,13,4,9
109900164,8,59,-51
109900165,2,0,2
109900166,0,24,-24
109900167,8,113,-105
109900168,6,82,-76
109900169,16,33,-17
109900170,12,53,-41
109900171,5,7,-2
109900172,2,15,-13
109900173,724,87,637
109900174,3,16,-13
109900175,4,27,-23
109900176,13,81,-68
109900177,10,122,-112
109900178,1,14,-13
109900179,0,0,0
109900180,0,0,0
110000001,158,293,-135
110000002,72,66,6
110000003,795,316,479
110000004,154,92,62
110000005,367,196,171
110000006,78,143,-65
110000007,1,15,-14
110000008,1,21,-20
110000009,0,0,0
110000010,4,20,-16
110000011,3,17,-14
110000012,271,148,123
110000013,2,53,-51
110000014,154,26,128
110000015,3,21,-18
110000016,55,87,-32
110000017,74,22,52
110000018,572,40,532
110000019,2,67,-65
110000020,102,95,7
110000021,5,17,-12
110000022,45,7,38
110000023,2,66,-64
110000024,235,177,58
110000025,24,1,23
110000026,1,133,-132
110000027,84,73,11
110000028,40,37,3
110000029,113,281,-168
110000030,5,12,-7
110000031,45,189,-144
110000032,11,29,-18
110000033,5,10,-5
110000034,79,340,-261
110000035,12,112,-100
110000036,54,216,-162
110000037,4,80,-76
110000038,52,134,-82
110000039,66,123,-57
110000040,41,63,-22
110000041,1,0,1
110000042,1,51,-50
110000043,0,0,0
110000044,0,11,-11
110000045,0,0,0
110000046,1,1,0
110000047,0,0,0
110000048,0,1,-1
110000049,0,0,0
110000050,1,1,0
110000051,0,0,0
110000052,0,0,0
110000053,0,0,0
110000054,2,26,-24
110000055,0,0,0
110000056,0,0,0
110000057,78,313,-235
110000058,65,33,32
110000059,178,330,-152
110000060,55,109,-54
110000061,421,507,-86
110000062,211,145,66
110000063,5,38,-33
110000064,0,0,0
110000065,3,36,-33
110000066,3,21,-18
110000067,0,0,0
110000068,0,1,-1
110000069,9,29,-20
110000071,2,37,-35
110000073,0,5,-5
110000075,1,54,-53
110000076,21,19,2
110000077,41,17,24
110000078,5,14,-9
110000080,48,251,-203
110000081,4,43,-39
110000082,1,50,-49
110000083,90,218,-128
110000084,47,84,-37
110000085,1612,408,1204
110000086,102,259,-157
110000087,0,25,-25
110000088,2,103,-101
110000089,0,30,-30
110000090,13,82,-69
110000091,426,89,337
110000092,3,18,-15
110000093,25,1,24
110000094,136,207,-71
110000095,7,94,-87
110000096,1035,492,543
110000097,243,177,66
110000098,122,87,35
110000099,130,460,-330
110000100,8,195,-187
110000101,0,169,-169
110000102,16,4,12
110000104,13,3,10
110000105,5,47,-42
110000106,17,27,-10
110000107,36,51,-15
110000108,65,0,65
110000109,31,159,-128
110000110,789,234,555
110000111,2973,780,2193
110000112,233,38,195
110000113,131,65,66
110000114,7,35,-28
110000115,13,16,-3
110000116,19,7,12
110000117,8,200,-192
110000118,35,68,-33
110000119,12,167,-155
110000120,79,31,48
110000121,8,97,-89
110000122,39,188,-149
110000123,35,28,7
110000124,3,396,-393
110000125,1,0,1
110000126,0,0,0
110000127,3,0,3
110000128,14,692,-678
110000129,2,224,-222
110000130,0,0,0
110000131,39,177,-138
110000132,1,290,-289
110000133,44,52,-8
110000134,3,98,-95
110000135,0,0,0
110000136,9,92,-83
110000137,4,80,-76
110000138,39,258,-219
110000139,20,150,-130
110000140,0,2,-2
110000143,47,38,9
110000144,928,273,655
110000145,267,129,138
110000146,600,160,440
110000147,25,235,-210
110000148,0,0,0
110000151,36,23,13
110000152,65,81,-16
110000153,3,33,-30
110000154,0,0,0
110000155,476,808,-332
110000156,133,414,-281
110000157,557,440,117
110000160,53,109,-56
110000161,23,119,-96
110000166,3,4,-1
110000167,72,86,-14
110000168,89,42,47
110000169,27,25,2
110000170,3,7,-4
110000171,17,17,0
110000172,19,433,-414
110000173,235,394,-159
110000174,15,421,-406
110000175,0,0,0
110000176,0,0,0
110000177,1,46,-45
110000178,457,157,300
110000179,255,148,107
110000180,11,85,-74
110000181,33,142,-109
110000182,125,74,51
110000183,1146,557,589
110000184,65,156,-91
110000185,120,247,-127
110000186,150,128,22
110000191,6,113,-107
110000192,4,0,4
110000193,17,0,17
110000194,0,434,-434
110000195,2,22,-20
110000196,23,135,-112
110000197,2,18,-16
110000198,1,5,-4
110000199,8,46,-38
110000200,114,205,-91
110000201,35,76,-41
110000202,135,91,44
110000203,46,290,-244
110000204,3,69,-66
110000205,2,16,-14
110000206,25,435,-410
110000207,25,92,-67
110000208,3,9,-6
110000209,39,346,-307
110000210,0,2,-2
110000211,0,2,-2
110000212,16,107,-91
110000213,2,16,-14
110000214,6,15,-9
110000215,14,170,-156
110000216,6,173,-167
110000217,9,28,-19
110000218,8,168,-160
110000219,6,8,-2
110000220,0,144,-144
110000221,3,18,-15
110000222,9,94,-85
110000223,1,15,-14
110000224,3,0,3
110000225,17,155,-138
110000226,2,3,-1
110000227,68,79,-11
110000228,12,4,8
110000229,0,98,-98
110000230,51,85,-34
110000231,21,39,-18
110000232,15,129,-114
110000233,5,49,-44
110000234,7,69,-62
110000235,63,142,-79
110000236,119,448,-329
110000237,298,388,-90
110000238,50,321,-271
110000239,127,337,-210
110000240,1,62,-61
110000242,0,42,-42
110000243,14,91,-77
110000244,2,107,-105
110000245,13,158,-145
110000246,23,173,-150
110000247,163,1009,-846
110000248,13,391,-378
110000249,0,0,0
110000250,1,19,-18
110000251,1,63,-62
110000252,20,85,-65
110000253,26,15,11
110000254,104,499,-395
110000255,15,425,-410
110000256,14,9,5
110000257,70,201,-131
110000258,0,62,-62
110000259,8,1,7
110000260,9,52,-43
110000263,66,18,48
110000264,15,95,-80
110000265,300,354,-54
110000266,340,435,-95
110000267,2,89,-87
110000268,8,51,-43
110000269,0,34,-34
110000270,0,0,0
110000271,18,12,6
110000272,89,310,-221
110000273,335,422,-87
110000274,17,160,-143
110000275,757,124,633
110000276,44,88,-44
110000277,17,59,-42
110000278,51,261,-210
110000279,8,167,-159
110000280,0,77,-77
110000281,2,79,-77
110000282,10,13,-3
110000283,2,4,-2
110000284,2,7,-5
110000285,0,83,-83
110000286,0,0,0
110000287,0,0,0
110000288,0,23,-23
110000289,59,320,-261
110000290,484,297,187
110000291,1374,306,1068
110000292,333,400,-67
110000293,29,331,-302
110000294,55,194,-139
110000295,9,198,-189
110000296,15,182,-167
110000297,375,158,217
110000298,41,133,-92
110000299,0,0,0
110000301,0,0,0
110000302,33,408,-375
110000303,0,0,0
110000304,20,96,-76
110000305,10,0,10
110000306,25,927,-902
110000307,10,0,10
110000308,0,0,0
110000309,1,615,-614
110000310,20,12,8
110000311,4,351,-347
110000312,27,8,19
110000313,267,694,-427
110000314,1,111,-110
110000315,615,389,226
110000316,219,487,-268
110000317,74,91,-17
110000318,2,34,-32
110000319,0,0,0
110000320,2,39,-37
110000321,1,1,0
110000322,6,18,-12
110000323,18,136,-118
110000324,1794,693,1101
110000325,25,39,-14
110000327,0,50,-50
110000328,45,258,-213
110000333,1,8,-7
110000334,46,450,-404
110000335,17,107,-90
110000336,61,570,-509
110000337,42,82,-40
110000338,5,26,-21
110000339,16,56,-40
110000340,7,48,-41
110000341,43,245,-202
110000342,0,0,0
110000343,0,15,-15
110000344,0,43,-43
110000345,4,2,2
110000346,571,450,121
110000347,191,39,152
110000348,0,7,-7
110000349,0,3,-3
110000350,0,0,0
110000351,50,255,-205
110000352,45,594,-549
110000353,567,280,287
110000354,99,598,-499
110000355,2,22,-20
110000356,0,0,0
110000357,30,1,29
110000361,5,27,-22
110000362,0,0,0
110000363,14,29,-15
110000364,3,101,-98
110000365,0,0,0
110000366,1,35,-34
110000367,52,131,-79
110000368,0,20,-20
110000369,0,0,0
110000373,1,115,-114
110000374,1,0,1
110000375,11,298,-287
110000376,5,46,-41
110000377,0,0,0
110000378,4,137,-133
110000379,777,299,478
110000380,2,14,-12
110000383,0,130,-130
110000384,1,25,-24
110000385,0,102,-102
110000387,0,8,-8
110000388,5,123,-118
110000389,1,1,0
110000391,0,92,-92
110000396,4,46,-42
110000397,1,9,-8
110000398,6,4,2
110000399,0,1,-1
110000587,2,0,2
110000589,3,8,-5
110000640,18,3,15
110000652,0,5,-5
110000653,27,160,-133
110000654,0,4,-4
110000656,1,184,-183
110000674,0,3,-3
110000675,0,4,-4
110000676,0,11,-11
110000679,472,148,324
110000682,0,0,0
110000683,3,16,-13
110000684,1,29,-28
110000685,0,0,0
110000686,1,4,-3
110000687,0,0,0
110000688,13,3,10
110000689,1,10,-9
110000692,2,18,-16
110000693,15,72,-57
110000694,2,139,-137
110000695,41,326,-285
110000696,0,0,0
110900001,0,1,-1
110900002,0,26,-26
110900003,3,216,-213
110900004,0,94,-94
110900005,271,21,250
110900006,0,0,0
110900007,0,1,-1
110900008,0,1,-1
110900009,0,0,0
110900010,0,15,-15
110900011,0,12,-12
110900012,0,17,-17
110900013,0,0,0
110900014,0,0,0
110900015,0,0,0
110900016,0,26,-26
110900017,0,0,0
110900018,0,0,0
110900019,0,0,0
110900020,0,80,-80
110900021,3,130,-127
110900022,3,84,-81
110900023,8,61,-53
110900024,5,101,-96
110900025,0,9,-9
110900027,0,22,-22
110900028,1,4,-3
110900029,6,109,-103
110900030,2,12,-10
110900031,0,31,-31
110900032,0,25,-25
110900033,3,54,-51
110900035,6,49,-43
110900036,2,4,-2
110900037,0,0,0
110900038,27,0,27
110900039,1,35,-34
110900040,3,1,2
110900041,0,40,-40
110900042,0,0,0
110900043,1,30,-29
110900044,0,0,0
110900045,4,112,-108
110900046,13,49,-36
110900047,0,0,0
110900049,0,0,0
110900050,0,1,-1
110900051,1,9,-8
110900052,0,35,-35
110900053,0,0,0
110900054,4,48,-44
110900055,0,0,0
110900056,10,7,3
110900057,0,61,-61
110900058,0,0,0
110900059,45,171,-126
110900060,4,2,2
110900061,3,1,2
110900062,0,0,0
110900063,1,7,-6
110900064,1,0,1
110900065,33,4,29
110900066,0,8,-8
110900067,0,0,0
110900068,9,29,-20
110900069,0,4,-4
110900070,3,1,2
110900071,0,0,0
110900073,1,5,-4
110900074,0,8,-8
110900075,5,12,-7
110900077,3,0,3
110900078,0,32,-32
110900079,61,17,44
110900080,0,0,0
110900081,0,22,-22
110900082,0,0,0
110900083,0,0,0
110900084,0,35,-35
110900085,7,58,-51
110900086,0,0,0
110900087,0,0,0
110900088,0,0,0
110900090,0,0,0
110900091,0,0,0
110900093,0,0,0
110900095,2,0,2
110900097,0,2,-2
110900098,0,23,-23
110900099,2,65,-63
110900100,0,0,0
110900102,0,3,-3
110900105,88,70,18
110900108,0,16,-16
110900111,8,8,0
110900112,0,0,0
110900113,0,0,0
110900115,0,0,0
110900116,14,577,-563
110900118,3,19,-16
110900119,1050,24,1026
110900120,0,28,-28
110900121,0,0,0
110900122,2,4,-2
110900125,1,6,-5
110900127,50,129,-79
110900128,9,8,1
110900129,0,0,0
110900130,49,10,39
110900131,0,0,0
110900132,2,0,2
110900133,1,45,-44
110900135,11,83,-72
110900136,0,0,0
110900137,0,0,0
110900138,1,91,-90
110900139,0,4,-4
110900140,0,0,0
110900141,0,7,-7
110900142,3,20,-17
110900143,0,0,0
110900144,1,222,-221
110900145,1,0,1
110900146,9,1,8
110900147,51,138,-87
110900148,0,102,-102
110900149,0,17,-17
110900150,1,2,-1
110900151,0,31,-31
110900152,4,116,-112
110900153,0,0,0
111000001,383,129,254
111000002,323,410,-87
111000003,77,97,-20
111000004,195,517,-322
111000005,135,158,-23
111000006,319,643,-324
111000007,538,487,51
111000008,1633,757,876
111000009,227,450,-223
111000010,161,106,55
111000011,484,461,23
111000012,287,135,152
111000013,137,606,-469
111000014,122,124,-2
111000017,37,144,-107
111000018,50,105,-55
111000020,807,1049,-242
111000021,0,0,0
111000023,0,0,0
111000025,1731,569,1162
111000029,8,29,-21
111000030,3,24,-21
111000031,114,23,91
111000032,38,17,21
111000033,0,0,0
111000034,29,166,-137
111000037,529,222,307
111000038,302,500,-198
111000039,136,465,-329
111000040,239,496,-257
111000041,153,237,-84
111000042,1611,376,1235
111000043,8,2,6
111000044,0,0,0
111000045,32,48,-16
111000046,15,27,-12
111000047,89,131,-42
111000049,62,184,-122
111000050,492,688,-196
111000051,112,430,-318
111000052,149,518,-369
111000053,101,377,-276
111000054,94,381,-287
111000055,226,805,-579
111000056,29,198,-169
111000057,7,257,-250
111000058,18,32,-14
111000059,26,65,-39
111000060,61,83,-22
111000061,55,54,1
111000062,30,55,-25
111000063,97,112,-15
111000064,42,62,-20
111000065,65,111,-46
111000066,38,73,-35
111000067,64,203,-139
111000068,31,157,-126
111000069,574,623,-49
111000070,784,419,365
111000071,44,337,-293
111000072,0,0,0
111000073,0,2,-2
111000074,4,0,4
111000075,2,1,1
111000076,1,1,0
111000077,115,144,-29
111000078,418,475,-57
111000079,218,185,33
111000080,76,144,-68
111000081,756,508,248
111000082,116,198,-82
111000084,98,163,-65
111000085,66,114,-48
111000086,120,124,-4
111000087,66,129,-63
111000088,100,148,-48
111000089,51,212,-161
111000090,471,349,122
111000091,132,212,-80
111000092,187,297,-110
111000093,34,148,-114
111000094,138,176,-38
111000095,36,400,-364
111000096,478,1694,-1216
111000097,2281,259,2022
111000098,153,473,-320
111000099,71,951,-880
111000100,68,829,-761
111000101,75,325,-250
111000102,13,339,-326
111000104,1,0,1
111000107,11,314,-303
111000109,1,0,1
111000110,11,3,8
111000111,20,6,14
111000112,23,5,18
111000113,26,4,22
111000114,22,17,5
111000115,1201,112,1089
111000116,46,93,-47
111000117,48,190,-142
111000118,180,141,39
111000119,90,227,-137
111000120,39,80,-41
111000121,19,113,-94
111000122,67,364,-297
111000123,71,931,-860
111000124,61,1252,-1191
111000125,25,718,-693
111000126,14,328,-314
111000127,1,0,1
111000128,3,0,3
111000129,2,3,-1
111000130,20,93,-73
111000131,40,51,-11
111000132,1,0,1
111000133,10,13,-3
111000134,6,17,-11
111000135,11,27,-16
111000136,15,32,-17
111000138,0,0,0
111000140,1,1,0
111000141,13,117,-104
111000142,2,72,-70
111000143,2,46,-44
111000144,1,63,-62
111000145,0,0,0
111000146,0,0,0
111000147,1,0,1
111000148,2,20,-18
111000149,5,21,-16
111000150,1,0,1
111000151,4,21,-17
111000153,76,97,-21
111000154,28,58,-30
111000155,10,67,-57
111000156,0,1,-1
111000157,0,2,-2
111000158,3,0,3
111000159,3,1,2
111000160,0,0,0
111000161,0,0,0
111000162,0,41,-41
111000163,73,204,-131
111000164,236,469,-233
111000165,287,126,161
111000166,184,47,137
111000167,43,135,-92
111000168,39,51,-12
111000169,11,48,-37
111000170,33,63,-30
111000171,51,155,-104
111000172,7,136,-129
111000173,13,362,-349
111000174,3,142,-139
111000175,3,67,-64
111000176,6,39,-33
111000177,11,76,-65
111000178,61,111,-50
111000179,10,66,-56
111000180,43,53,-10
111000181,33,41,-8
111000182,3,31,-28
111000183,14,32,-18
111000184,34,13,21
111000185,51,166,-115
111000186,27,90,-63
111000187,5,103,-98
111000188,14,130,-116
111000189,403,91,312
111000190,61,161,-100
111000191,19,154,-135
111000192,51,223,-172
111000193,135,138,-3
111000194,6,137,-131
111000195,8,166,-158
111000196,1,117,-116
111000197,0,0,0
111000198,0,0,0
111000199,0,0,0
111000200,0,0,0
111000201,0,0,0
111000202,0,0,0
111000203,0,0,0
111000204,0,0,0
111000213,0,24,-24
111000214,72,222,-150
111000215,106,320,-214
111000217,87,195,-108
111000218,91,189,-98
111000219,89,141,-52
111000220,20,189,-169
111000221,0,0,0
111000224,122,106,16
111000225,24,44,-20
111000226,0,0,0
111000227,0,0,0
111000228,3,46,-43
111000229,11,67,-56
111000230,1,0,1
111000231,0,0,0
111000232,60,379,-319
111000233,62,325,-263
111000234,12,98,-86
111000239,86,87,-1
111000240,0,0,0
111000241,5,229,-224
111000242,0,1,-1
111000243,11,473,-462
111000244,0,0,0
111000245,0,2,-2
111000246,2,11,-9
111000247,32,523,-491
111000248,14,10,4
111000249,123,378,-255
111000250,4,17,-13
111000251,2,27,-25
111000253,0,0,0
111000255,0,0,0
111000257,0,0,0
111000260,20,441,-421
111000261,20,0,20
111000271,5,101,-96
111000273,1215,146,1069
111000274,225,363,-138
111000275,0,0,0
111000276,49,556,-507
111000277,37,140,-103
111000278,57,30,27
111000291,34,180,-146
111000298,11,13,-2
111000299,0,0,0
111000300,5,91,-86
111000302,7,6,1
111000303,17,55,-38
111000312,5,10,-5
111000315,19,193,-174
111000320,47,58,-11
111000321,28,9,19
111000322,12,74,-62
111000323,5,0,5
111000324,0,0,0
111000325,0,30,-30
111000326,7,72,-65
111000327,21,54,-33
111000328,19,86,-67
111000329,10,31,-21
111000330,2,0,2
111000331,0,0,0
111000332,54,214,-160
111000334,87,658,-571
111000335,58,49,9
111000337,59,282,-223
111000338,4,55,-51
111000339,29,291,-262
111000340,5,272,-267
111000341,73,41,32
111000342,8,87,-79
111000344,120,126,-6
111000345,2,0,2
111000346,1,44,-43
111000347,4,1,3
111000350,4,0,4
111000351,11,23,-12
111000352,1,1,0
111000353,9,36,-27
111000354,3,0,3
111000355,28,129,-101
111000358,10,592,-582
111000360,1,369,-368
111000361,1,124,-123
111000546,55,361,-306
111000547,2,145,-143
111000548,22,94,-72
111000549,10,60,-50
111000550,16,100,-84
111000551,98,13,85
111000552,4,0,4
111000907,1,6,-5
111000908,0,0,0
111000916,97,110,-13
111000917,21,103,-82
111000918,6,369,-363
111000920,0,0,0
111000921,1,295,-294
111000922,42,202,-160
111000924,8,395,-387
111000925,150,377,-227
111000926,361,1269,-908
111000927,1063,869,194
111000928,3301,1562,1739
111000929,96,198,-102
111000930,190,995,-805
111000931,209,441,-232
111000932,1336,1015,321
111000933,292,169,123
111000934,720,1094,-374
111000935,60,160,-100
111000936,139,819,-680
111000937,96,87,9
111000938,381,1103,-722
111000939,1,0,1
111000940,20,62,-42
111000941,0,121,-121
111000943,12,41,-29
111000944,9,98,-89
111000945,4,995,-991
111001109,2,3,-1
111001110,46,326,-280
111001111,3,2,1
111001112,20,3,17
111001113,2,86,-84
111001114,0,0,0
111001115,20,121,-101
111001116,483,86,397
111001117,362,307,55
111001120,14,66,-52
111001121,34,88,-54
111001122,15,183,-168
111001123,0,0,0
111001124,2,30,-28
111001125,0,3,-3
111900001,0,14,-14
111900002,0,48,-48
111900003,1,31,-30
111900004,2,8,-6
111900006,0,0,0
111900007,0,0,0
111900008,0,0,0
111900009,0,14,-14
111900010,31,61,-30
111900012,31,12,19
111900013,0,10,-10
111900014,775,79,696
111900015,0,8,-8
111900016,0,20,-20
111900017,0,29,-29
111900018,0,0,0
111900019,0,5,-5
111900020,1,6,-5
111900021,3,4,-1
111900022,3,3,0
111900023,5,3,2
111900024,1,20,-19
111900025,0,7,-7
111900026,1,14,-13
111900027,0,18,-18
111900028,0,88,-88
111900029,0,1,-1
111900030,0,0,0
111900031,0,5,-5
111900032,0,112,-112
111900033,0,5,-5
111900034,0,0,0
111900035,0,18,-18
111900036,0,76,-76
111900038,0,0,0
111900039,0,32,-32
111900040,0,141,-141
111900042,2,2,0
111900043,0,90,-90
111900044,0,0,0
111900046,13,22,-9
111900048,4,200,-196
111900049,4,49,-45
111900050,0,0,0
111900051,0,48,-48
111900052,72,103,-31
111900053,0,0,0
111900054,0,0,0
111900055,3,186,-183
111900056,0,0,0
111900057,0,2,-2
111900058,2,196,-194
111900059,0,0,0
111900060,0,0,0
111900061,2,55,-53
111900062,0,0,0
111900063,1,22,-21
111900064,17,47,-30
111900065,0,0,0
111900066,0,0,0
111900067,0,46,-46
111900068,0,0,0
111900069,0,0,0
111900070,0,0,0
111900071,0,52,-52
111900072,0,0,0
111900073,4,3,1
111900074,1,25,-24
111900075,0,0,0
111900076,0,0,0
111900077,0,0,0
111900078,0,0,0
111900079,0,0,0
111900080,0,0,0
111900082,6,0,6
111900083,2,0,2
111900084,0,0,0
111900085,0,0,0
111900086,1,0,1
111900087,0,0,0
111900088,2,1,1
111900089,0,0,0
111900090,0,0,0
111900091,0,0,0
111900092,0,0,0
111900093,1,0,1
111900094,0,0,0
111900095,0,0,0
111900096,0,0,0
111900097,0,0,0
111900098,0,0,0
111900099,0,0,0
111900100,1,0,1
111900101,0,0,0
111900102,0,87,-87
111900103,0,0,0
111900104,0,0,0
111900105,0,0,0
111900106,104,2,102
111900110,179,0,179
111900111,0,15,-15
111900112,14,1,13
111900113,0,0,0
111900118,0,0,0
111900119,0,0,0
111900122,0,0,0
111900123,0,0,0
111900124,1,4,-3
111900125,0,0,0
111900126,0,0,0
111900127,0,0,0
111900128,0,0,0
111900129,0,0,0
111900130,0,0,0
111900131,0,0,0
111900132,0,0,0
111900133,0,0,0
111900134,2,58,-56
111900135,0,0,0
111900136,0,0,0
111900137,14,3,11
111900138,1,16,-15
111900139,0,42,-42
111900140,0,0,0
111900141,0,0,0
111900142,0,0,0
111900143,0,35,-35
111900144,0,17,-17
111900145,0,79,-79
111900146,0,37,-37
111900147,5,35,-30
111900148,2,75,-73
111900149,0,27,-27
111900150,0,8,-8
111900151,0,1,-1
111900152,7,0,7
111900153,2,0,2
111900154,0,0,0
111900155,0,0,0
111900156,0,0,0
111900157,0,0,0
111900158,0,0,0
111900159,0,0,0
111900160,0,0,0
111900161,0,0,0
111900162,0,0,0
111900163,0,0,0
111900164,0,0,0
111901113,0,18,-18
111901114,0,2,-2
111901115,0,0,0
111901116,0,0,0
111901117,0,0,0
111901118,0,0,0
111901119,0,0,0
111901121,6,22,-16
111901122,0,71,-71
111901123,2,52,-50
111901124,0,0,0
111901125,0,0,0
111901127,0,0,0
111901128,0,0,0
111901129,0,0,0
111901130,0,0,0
111901131,0,23,-23
111901132,0,0,0
111901133,0,0,0
111901134,0,0,0
111901135,0,0,0
111901136,0,0,0
111901137,0,0,0
111901138,0,0,0
111901139,0,0,0
111901140,0,0,0
111901141,0,0,0
111901142,0,0,0
111901143,0,0,0
111901144,0,0,0
111901145,0,0,0
111901146,3,0,3
112000001,192,199,-7
112000002,247,901,-654
112000003,122,183,-61
112000004,144,603,-459
112000005,267,290,-23
112000006,359,785,-426
112000007,132,169,-37
112000008,232,389,-157
112000009,723,962,-239
112000010,168,264,-96
112000011,313,844,-531
112000012,376,394,-18
112000013,2305,1074,1231
112000014,162,96,66
112000015,429,663,-234
112000016,98,123,-25
112000017,212,416,-204
112000024,533,233,300
112000026,1255,1877,-622
112000027,7,14,-7
112000028,484,842,-358
112000029,28,32,-4
112000030,63,38,25
112000031,334,252,82
112000032,396,28,368
112000033,464,63,401
112000034,85,18,67
112000035,9,61,-52
112000036,59,42,17
112000037,19,203,-184
112000038,55,83,-28
112000039,0,0,0
112000040,12,32,-20
112000041,13,63,-50
112000042,112,66,46
112000050,0,0,0
112000051,18,52,-34
112000054,627,475,152
112000057,102,53,49
112000058,84,82,2
112000059,2,0,2
112000061,1802,409,1393
112000062,1049,53,996
112000063,104,75,29
112000064,2068,1999,69
112000065,636,835,-199
112000066,2,6,-4
112000067,138,215,-77
112000068,5,4,1
112000069,86,984,-898
112000070,44,10,34
112000071,125,1170,-1045
112000072,33,55,-22
112000073,130,485,-355
112000074,2,86,-84
112000075,15,76,-61
112000076,273,472,-199
112000077,45,223,-178
112000078,43,172,-129
112000079,129,341,-212
112000080,23,205,-182
112000081,420,588,-168
112000082,29,20,9
112000083,140,437,-297
112000084,35,9,26
112000085,114,356,-242
112000086,28,46,-18
112000087,23,252,-229
112000088,0,26,-26
112000089,17,137,-120
112000090,3,18,-15
112000091,185,570,-385
112000092,101,124,-23
112000093,330,502,-172
112000094,26,73,-47
112000095,78,310,-232
112000096,11,84,-73
112000097,7,8,-1
112000098,189,566,-377
112000099,9,14,-5
112000100,44,20,24
112000101,79,421,-342
112000102,7,15,-8
112000103,51,594,-543
112000105,92,700,-608
112000106,32,14,18
112000107,0,0,0
112000108,18,274,-256
112000109,0,0,0
112000110,66,33,33
112000111,238,2157,-1919
112000112,71,42,29
112000113,338,1094,-756
112000114,41,40,1
112000115,8,79,-71
112000116,5,102,-97
112000117,2,60,-58
112000118,101,284,-183
112000119,68,257,-189
112000120,13,120,-107
112000121,0,0,0
112000122,0,0,0
112000123,1,0,1
112000124,1,0,1
112000125,4,2,2
112000126,0,0,0
112000127,208,83,125
112000128,188,70,118
112000129,7,34,-27
112000130,12,10,2
112000131,0,98,-98
112000132,12,152,-140
112000133,0,71,-71
112000134,13,163,-150
112000135,25,10,15
112000136,107,423,-316
112000137,28,21,7
112000138,162,543,-381
112000139,0,0,0
112000140,108,325,-217
112000141,0,0,0
112000142,19,320,-301
112000143,0,0,0
112000144,36,609,-573
112000145,8,0,8
112000146,137,956,-819
112000147,2,3,-1
112000148,134,685,-551
112000149,0,0,0
112000150,7,101,-94
112000151,0,0,0
112000152,21,74,-53
112000153,0,16,-16
112000154,8,19,-11
112000155,18,4,14
112000157,63,62,1
112000158,3,46,-43
112000159,20,78,-58
112000167,6,1,5
112000169,23,43,-20
112000173,2,41,-39
112000175,1,22,-21
112000176,1382,541,841
112000177,1,9,-8
112000178,1,6,-5
112000179,1,13,-12
112000180,49,67,-18
112000181,208,612,-404
112000182,23,405,-382
112000183,0,0,0
112000184,0,0,0
112000185,25,133,-108
112000187,317,589,-272
112000195,0,0,0
112000196,3,0,3
112000197,0,0,0
112000198,1,7,-6
112000199,56,30,26
112000202,0,2,-2
112000216,3,16,-13
112000230,0,0,0
112000231,0,9,-9
112000256,0,0,0
112000313,15,16,-1
112000314,0,0,0
112000337,13,147,-134
112000352,9,13,-4
112000392,357,147,210
112000398,47,54,-7
112000399,26,46,-20
112000400,371,1033,-662
112000401,1054,863,191
112000402,122,206,-84
112000403,26,99,-73
112000404,50,72,-22
112000405,84,190,-106
112000406,671,996,-325
112000407,406,460,-54
112000408,2799,2068,731
112000409,274,1571,-1297
112000410,0,0,0
112000411,376,12,364
112000412,119,33,86
112000413,195,7,188
112000414,6,24,-18
112000415,0,0,0
112000416,138,126,12
112000417,0,0,0
112000421,4,29,-25
112000422,4,50,-46
112000424,224,174,50
112000425,81,492,-411
112000426,9,79,-70
112000427,0,0,0
112000428,5,24,-19
112000429,292,640,-348
112000430,500,1009,-509
112000431,0,0,0
112000432,96,751,-655
112000433,89,51,38
112000437,9,37,-28
112900001,0,0,0
112900002,0,0,0
112900003,1,39,-38
112900004,0,88,-88
112900005,0,42,-42
112900006,3,115,-112
112900007,0,0,0
112900008,0,0,0
112900009,0,0,0
112900010,0,69,-69
112900011,20,31,-11
112900012,0,8,-8
112900013,0,0,0
112900014,0,22,-22
112900015,68,375,-307
112900016,1,65,-64
112900017,0,0,0
112900018,0,70,-70
112900019,5,3,2
112900020,161,571,-410
112900021,1,65,-64
112900022,0,0,0
112900023,0,30,-30
112900024,3,35,-32
112900025,0,0,0
112900026,0,38,-38
112900027,0,0,0
112900028,2,18,-16
112900029,0,0,0
112900030,32,38,-6
112900031,0,0,0
112900032,1,16,-15
112900034,0,0,0
112900035,0,0,0
112900036,8,3,5
112900037,0,0,0
112900038,0,5,-5
112900039,0,0,0
112900040,1,7,-6
112900041,126,68,58
112900042,4,76,-72
112900043,1,5,-4
112900044,44,46,-2
112900045,0,0,0
112900046,13,5,8
112900047,5,1,4
112900049,0,12,-12
112900050,20,162,-142
112900051,72,160,-88
112900052,0,159,-159
112900053,12,66,-54
112900054,0,0,0
112900055,0,0,0
112900056,0,0,0
112900057,2,143,-141
112900058,9,2,7
112900059,2,7,-5
112900060,0,47,-47
112900061,1,8,-7
112900062,3,19,-16
112900063,0,0,0
112900064,17,6,11
112900065,0,0,0
112900066,2,2,0
112900067,52,7,45
112900068,0,0,0
112900069,165,10,155
112900071,0,0,0
112900072,5,16,-11
112900073,2,1,1
112900074,0,0,0
112900075,3,1,2
112900076,0,0,0
112900078,0,0,0
112900079,0,0,0
112900080,1,0,1
112900081,0,1,-1
112900082,4,0,4
112900083,1,0,1
112900084,0,0,0
112900086,0,0,0
112900087,1,3,-2
112900088,0,0,0
112900089,10,0,10
112900090,0,0,0
112900091,0,1,-1
112900092,0,0,0
112900093,0,0,0
112900095,0,0,0
112900096,3,1,2
112900097,0,38,-38
112900098,0,0,0
112900099,9,0,9
112900100,0,0,0
112900101,0,0,0
112900102,0,1,-1
112900103,0,0,0
112900104,0,0,0
112900105,0,0,0
112900106,9,4,5
112900107,0,0,0
112900108,0,0,0
112900109,0,0,0
112900110,0,0,0
112900111,0,0,0
112900112,0,0,0
112900113,0,2,-2
112900114,0,1,-1
112900115,18,0,18
112900116,0,3,-3
112900117,7,8,-1
112900118,2,5,-3
112900119,0,0,0
112900120,155,53,102
112900121,5,12,-7
112900122,0,12,-12
112900123,0,0,0
112900124,1,19,-18
112900125,1,2,-1
112900126,6,28,-22
112900127,0,0,0
112900128,59,243,-184
112900129,1,320,-319
112900130,0,0,0
112900131,3,71,-68
112900132,10,95,-85
112900133,1,184,-183
112900134,2,99,-97
112900135,0,0,0
112900137,0,131,-131
112900138,0,177,-177
112900139,89,344,-255
112900141,45,48,-3
112900142,0,0,0
112900143,8,180,-172
112900144,0,24,-24
112900145,8,139,-131
112900146,1,151,-150
112900147,2,927,-925
112900148,8,0,8
112900149,6,36,-30
112900151,0,0,0
112900152,605,93,512
112900153,6,2,4
112900154,0,0,0
112900155,0,0,0
112900156,1,133,-132
112900157,13,1,12
112900158,0,1,-1
112900159,0,10,-10
112900160,2,27,-25
112900161,0,0,0
112900162,3,1,2
112900163,0,0,0
112900164,0,0,0
112900165,6,14,-8
112900166,0,0,0
112900167,0,0,0
112900168,0,0,0
112900169,0,0,0
112900170,0,0,0
112900172,0,0,0
112900173,7,6,1
112900174,0,0,0
112900175,0,0,0
112900176,0,0,0
112900177,0,0,0
112900178,0,0,0
112900179,2,75,-73
112900180,0,362,-362
112900181,0,0,0
112900182,0,34,-34
112900183,3,0,3
112900184,55,56,-1
112900185,0,4,-4
112900186,128,52,76
112900187,0,0,0
112900188,255,63,192
112900189,0,2,-2
112900190,0,9,-9
112900192,18,16,2
112900193,68,26,42
112900194,0,7,-7
112900195,13,1,12
112900196,60,234,-174
112900197,16,141,-125
112900199,0,0,0
112900200,0,0,0
112900201,0,0,0
112900202,2,85,-83
112900203,0,0,0
112900204,18,10,8
112900205,0,2,-2
112900206,0,13,-13
112900207,0,0,0
112900208,1,1,0
112900209,22,75,-53
112900210,0,0,0
112900211,0,0,0
112900212,0,0,0
112900213,0,1,-1
112900214,3,4,-1
112900215,1,39,-38
112900216,2,3,-1
112900217,0,22,-22
112900218,0,0,0
112900219,0,0,0
112900220,0,0,0
112900221,0,0,0
112900222,0,0,0
112900223,34,0,34
112900224,6,159,-153
112900225,2,209,-207
112900226,13,5,8
112900227,3,332,-329
112900228,0,1,-1
112900229,0,0,0
112900230,1787,242,1545
112900232,6,14,-8
112900233,2,56,-54
112900234,0,12,-12
112900235,0,0,0
112900236,0,2,-2
112900237,2,68,-66
112900238,0,1,-1
112900239,60,34,26
113000001,986,968,18
113000002,469,230,239
113000003,716,388,328
113000004,565,214,351
113000005,192,276,-84
113000006,85,119,-34
113000007,252,326,-74
113000008,189,163,26
113000009,178,279,-101
113000010,170,142,28
113000011,148,528,-380
113000012,174,132,42
113000013,229,142,87
113000014,156,288,-132
113000015,20,39,-19
113000016,48,119,-71
113000017,5,129,-124
113000018,6,3,3
113000019,5,190,-185
113000020,0,0,0
113000021,66,305,-239
113000022,71,520,-449
113000025,11,53,-42
113000026,13,34,-21
113000027,26,33,-7
113000028,153,99,54
113000029,15,5,10
113000030,439,291,148
113000031,361,111,250
113000032,0,0,0
113000033,7,5,2
113000034,294,211,83
113000035,4,13,-9
113000036,0,0,0
113000037,24,19,5
113000038,0,1,-1
113000039,13,33,-20
113000040,38,16,22
113000042,160,63,97
113000051,97,145,-48
113000052,506,118,388
113000053,18,106,-88
113000054,20,79,-59
113000055,60,136,-76
113000056,61,299,-238
113000058,183,237,-54
113000059,0,0,0
113000060,6,117,-111
113000061,92,76,16
113000062,66,2,64
113000063,0,2,-2
113000064,1,2,-1
113000065,32,373,-341
113000066,25,26,-1
113000067,39,78,-39
113000068,47,584,-537
113000069,61,394,-333
113000070,45,45,0
113000071,60,248,-188
113000072,21,19,2
113000073,192,445,-253
113000074,53,48,5
113000075,76,48,28
113000076,454,514,-60
113000077,10,0,10
113000078,172,482,-310
113000079,192,161,31
113000080,0,7,-7
113000081,1,1,0
113000082,269,184,85
113000083,0,4,-4
113000084,267,257,10
113000085,35,46,-11
113000086,176,266,-90
113000087,45,20,25
113000088,558,294,264
113000089,28,64,-36
113000090,0,47,-47
113000091,464,90,374
113000094,39,9,30
113000095,70,513,-443
113000096,62,407,-345
113000097,17,9,8
113000098,2,0,2
113000099,66,16,50
113000100,56,218,-162
113000101,78,156,-78
113000102,2,14,-12
113000103,326,228,98
113000104,0,5,-5
113000105,2,5,-3
113000106,29,135,-106
113000107,45,51,-6
113000108,182,409,-227
113000109,84,176,-92
113000110,5,0,5
113000111,7,49,-42
113000112,1,2,-1
113000113,1,0,1
113000114,132,121,11
113000116,97,34,63
113000117,57,10,47
113000118,1,10,-9
113000119,11,49,-38
113000120,1,9,-8
113000121,20,122,-102
113000124,0,0,0
113000125,0,0,0
113000127,975,136,839
113000128,2,2,0
113000129,609,246,363
113000133,1571,318,1253
113000134,3,160,-157
113000135,42,50,-8
113000137,21,5,16
113000139,4,1,3
113000140,156,171,-15
113000141,8,1,7
113000142,157,213,-56
113000143,0,1,-1
113000144,110,86,24
113000145,0,4,-4
113000146,26,29,-3
113000147,28,69,-41
113000148,0,2,-2
113000149,0,4,-4
113000150,113,87,26
113000151,76,32,44
113000152,0,11,-11
113000153,303,30,273
113000154,127,172,-45
113000155,73,79,-6
113000156,31,57,-26
113000157,60,118,-58
113000158,185,70,115
113000159,243,138,105
113000160,119,229,-110
113000161,5,33,-28
113000162,196,159,37
113000163,2,2,0
113000164,12,73,-61
113000166,0,0,0
113000167,19,207,-188
113000168,12,219,-207
113000169,1,0,1
113000170,1,0,1
113000171,52,119,-67
113000172,2,1,1
113000173,0,0,0
113000174,43,523,-480
113000175,1,0,1
113000176,0,1,-1
113000177,23,392,-369
113000178,27,317,-290
113000179,2,0,2
113000180,70,210,-140
113000181,134,329,-195
113000182,34,16,18
113000183,74,228,-154
113000184,11,64,-53
113000189,62,95,-33
113000190,195,44,151
113000192,601,301,300
113000193,409,180,229
113000194,314,269,45
113000195,194,75,119
113000196,22,17,5
113000197,97,62,35
113000198,12,72,-60
113000199,4,11,-7
113000201,17,40,-23
113000202,714,134,580
113000203,0,0,0
113000204,308,294,14
113000205,3,16,-13
113000206,0,0,0
113000207,8,5,3
113000208,0,3,-3
113000209,9,6,3
113000210,0,1,-1
113000211,36,8,28
113000212,34,2,32
113000213,2,10,-8
113000214,9,47,-38
113000234,25,469,-444
113000410,12,4,8
113000411,553,956,-403
113000412,2968,603,2365
113000413,1504,658,846
113000414,3145,691,2454
113000415,993,1090,-97
113000416,3994,1210,2784
113000417,792,847,-55
113000418,621,819,-198
113000419,366,439,-73
113000420,1648,829,819
113000421,632,489,143
113000422,6540,920,5620
113000423,1963,759,1204
113000424,1683,840,843
113000425,11,48,-37
113000428,7,11,-4
113000430,2,11,-9
113000432,47,6,41
113000433,49,335,-286
113000434,5,228,-223
113000435,6,327,-321
113000436,25,451,-426
113000437,0,0,0
113000438,0,0,0
113000439,6,95,-89
113000440,0,0,0
113000441,0,0,0
113000442,21,152,-131
113000443,0,1,-1
113000444,14,161,-147
113000445,1,1,0
113000446,5,52,-47
113000448,105,39,66
113000449,1,0,1
113000450,31,26,5
113000451,443,22,421
113000452,1,0,1
113000453,51,93,-42
113000454,0,0,0
113000455,37,64,-27
113000456,249,161,88
113000468,128,12,116
113000469,29,13,16
113000470,6,0,6
113000471,0,5,-5
113000472,14,31,-17
113000474,32,169,-137
113000475,229,408,-179
113000476,154,672,-518
113000477,418,794,-376
113000478,634,1111,-477
113000479,0,118,-118
113000480,10,9,1
113000484,0,0,0
113000485,0,0,0
113000486,0,0,0
113000487,0,0,0
113000488,0,0,0
113000489,0,0,0
113000490,0,0,0
113000491,0,0,0
113000492,0,0,0
113000493,0,0,0
113000495,48,118,-70
113000496,0,0,0
113000499,0,1,-1
113900001,0,0,0
113900002,0,0,0
113900003,0,0,0
113900004,0,0,0
113900005,0,0,0
113900006,0,0,0
113900007,0,0,0
113900008,0,0,0
113900009,0,0,0
113900010,0,0,0
113900011,0,0,0
113900012,0,0,0
113900013,0,0,0
113900014,0,0,0
113900015,0,9,-9
113900016,0,0,0
113900017,0,0,0
113900018,25,13,12
113900019,1,2,-1
113900020,0,0,0
113900022,0,0,0
113900023,0,0,0
113900024,2,5,-3
113900025,0,0,0
113900026,0,0,0
113900027,0,0,0
113900028,0,0,0
113900029,0,34,-34
113900030,0,0,0
113900031,0,0,0
113900032,0,0,0
113900033,1,5,-4
113900035,0,0,0
113900036,0,0,0
113900037,0,0,0
113900038,4,0,4
113900039,0,0,0
113900040,0,0,0
113900041,0,0,0
113900042,0,5,-5
113900043,2,18,-16
113900044,0,0,0
113900045,0,0,0
113900046,48,97,-49
113900047,0,0,0
113900048,58,3,55
113900049,75,0,75
113900050,27,33,-6
113900051,10,45,-35
113900052,0,0,0
113900053,0,0,0
113900054,0,0,0
113900055,2,99,-97
113900056,0,0,0
113900057,1,5,-4
113900058,0,18,-18
113900059,1,29,-28
113900060,0,0,0
113900061,0,0,0
113900062,0,0,0
113900063,0,0,0
113900064,0,22,-22
113900065,0,0,0
113900066,5,44,-39
113900067,0,0,0
113900068,0,0,0
113900069,0,0,0
113900070,8,100,-92
113900071,0,0,0
113900072,0,21,-21
113900073,4,28,-24
113900074,0,0,0
113900075,0,0,0
113900076,0,0,0
113900077,0,55,-55
113900078,0,0,0
113900079,0,1,-1
113900080,0,0,0
113900081,1,25,-24
113900082,1,26,-25
113900083,0,0,0
113900084,0,0,0
113900085,1,74,-73
113900086,0,0,0
113900087,0,0,0
113900088,0,0,0
113900089,0,0,0
113900090,1,1,0
113900091,0,0,0
113900092,0,6,-6
113900093,2,47,-45
113900094,0,0,0
113900095,0,0,0
113900096,0,0,0
113900097,0,13,-13
113900098,0,0,0
113900099,0,0,0
113900100,0,0,0
113900101,0,1,-1
113900102,0,6,-6
113900103,0,0,0
113900104,0,0,0
113900105,0,31,-31
113900106,0,0,0
113900107,0,0,0
113900108,0,26,-26
113900109,2,10,-8
113900110,0,0,0
113900111,0,0,0
113900112,2,5,-3
113900113,6,1,5
113900114,0,0,0
113900115,0,0,0
113900116,1,22,-21
113900117,0,1,-1
113900118,0,0,0
113900119,0,0,0
113900120,0,0,0
113900121,0,0,0
113900122,0,0,0
113900123,6,2,4
113900124,0,0,0
113900125,5,14,-9
113900126,2,3,-1
113900127,5,24,-19
113900128,0,0,0
113900129,0,0,0
113900130,0,0,0
113900131,2,3,-1
113900132,0,0,0
113900133,0,3,-3
113900135,24,103,-79
113900136,10,6,4
113900137,11,3,8
113900138,0,0,0
113900139,120,11,109
113900140,0,0,0
113900141,2,43,-41
113900142,1,4,-3
113900143,2,2,0
113900144,0,0,0
113900145,13,18,-5
113900146,3,2,1
113900148,4,12,-8
113900149,0,0,0
113900150,286,115,171
113900151,7,18,-11
113900152,0,1,-1
113900153,49,33,16
113900154,0,0,0
113900155,28,9,19
113900156,27,130,-103
113900157,0,0,0
113900158,57,8,49
113900159,0,0,0
113900160,65,159,-94
113900161,4,12,-8
113900162,56,46,10
113900163,20,19,1
113900164,0,0,0
113900165,145,101,44
113900166,6,5,1
113900167,0,0,0
113900168,19,12,7
113900169,24,128,-104
113900171,0,0,0
113900172,4,27,-23
113900173,5,89,-84
113900174,13,218,-205
113900175,0,0,0
113900176,33,223,-190
113900177,10,15,-5
113900178,0,0,0
113900179,0,86,-86
113900180,17,4,13
113900181,0,0,0
113900182,39,195,-156
113900183,2,10,-8
113900184,2,80,-78
113900185,13,17,-4
113900186,4,3,1
113900187,4,20,-16
113900188,0,8,-8
113900189,0,0,0
113900190,56,30,26
113900191,2,16,-14
113900192,0,0,0
113900193,1,34,-33
113900194,163,95,68
113900195,79,97,-18
113900196,0,15,-15
113900197,0,46,-46
113900198,2,13,-11
113900199,44,122,-78
113900200,1,19,-18
113900201,0,58,-58
113900202,2,14,-12
113900203,0,40,-40
113900204,2,106,-104
113900205,4,3,1
113900206,0,9,-9
113900207,0,2,-2
113900208,0,3,-3
113900209,0,6,-6
113900210,65,49,16
113900211,4,0,4
113900212,1,101,-100
113900214,71,32,39
113900215,0,27,-27
113900216,0,82,-82
113900217,0,0,0
113900218,0,0,0
113900219,5,32,-27
113900220,0,0,0
113900221,0,0,0
113900222,0,5,-5
113900223,0,94,-94
113900224,31,6,25
113900225,0,0,0
113900226,1,0,1
113900227,0,1,-1
113900228,18,2,16
113900229,0,2,-2
113900230,220,56,164
113900231,6,16,-10
113900232,3,15,-12
113900233,2,1,1
113900234,10,13,-3
113900235,0,0,0
113900236,0,0,0
113900237,0,0,0
113900238,7,5,2
113900239,0,0,0
113900240,0,9,-9
113900241,23,2,21
113900242,12,12,0
113900243,2,44,-42
113900244,95,12,83
113900245,202,15,187
113900246,0,0,0
113900247,0,0,0
113900248,342,43,299
113900249,0,0,0
113900250,0,0,0
113900251,0,15,-15
113900252,0,0,0
113900253,0,0,0
113900254,0,0,0
113900255,0,0,0
113900256,0,0,0
113900257,11,83,-72
113900258,3,75,-72
113900259,0,27,-27
113900260,2,7,-5
113900261,0,41,-41
113900262,1,129,-128
113900263,3,51,-48
113900264,0,109,-109
113900265,24,61,-37
113900266,0,75,-75
113900267,5,41,-36
113900268,1,2,-1
113900269,3,23,-20
113900270,17,74,-57
113900271,30,347,-317
113900273,0,0,0
113900274,0,0,0
113900275,3,10,-7
113900276,0,33,-33
113900277,0,0,0
113900278,6,18,-12
113900279,7,21,-14
113900280,70,45,25
113900281,17,73,-56
113900282,29,7,22
113900283,0,0,0
113900284,0,8,-8
113900285,0,0,0
113900286,0,0,0
113900287,1,4,-3
113900288,0,16,-16
113900289,143,1,142
113900290,53,1,52
113900291,12,39,-27
113900292,0,0,0
113900293,1,52,-51
113900294,0,0,0
113900295,16,11,5
113900296,12,5,7
113900297,0,1,-1
113900298,1,380,-379
113900299,0,0,0
113900300,375,7,368
113900301,0,0,0
113900302,0,1,-1
113900303,35,5,30
113900304,1,45,-44
113900305,0,0,0
113900306,0,0,0
113900307,0,0,0
113900308,8,17,-9
113900309,0,156,-156
113900310,0,0,0
113900311,0,0,0
113900312,0,2,-2
113900313,0,0,0
114000001,262,809,-547
114000002,0,0,0
114000003,0,0,0
114000004,8,46,-38
114000005,0,0,0
114000006,365,542,-177
114000007,78,371,-293
114000008,201,283,-82
114000009,20,15,5
114000011,515,766,-251
114000012,254,806,-552
114000013,216,647,-431
114000014,97,173,-76
114000015,83,133,-50
114000016,31,102,-71
114000017,22,19,3
114000018,94,7,87
114000026,106,496,-390
114000027,213,513,-300
114000028,360,469,-109
114000038,0,3,-3
114000039,13,51,-38
114000040,13,20,-7
114000042,17,54,-37
114000043,0,29,-29
114000044,6,10,-4
114000045,7,33,-26
114000046,316,1111,-795
114000047,0,10,-10
114000048,4,14,-10
114000049,71,101,-30
114000050,23,69,-46
114000051,155,204,-49
114000052,106,93,13
114000053,0,17,-17
114000054,0,42,-42
114000055,8,5,3
114000056,220,172,48
114000057,2174,679,1495
114000058,37,44,-7
114000059,28,42,-14
114000060,63,314,-251
114000061,236,23,213
114000062,98,37,61
114000063,680,714,-34
114000064,2354,508,1846
114000065,436,688,-252
114000066,32,194,-162
114000067,0,0,0
114000068,43,24,19
114000069,46,43,3
114000070,66,21,45
114000071,32,59,-27
114000072,13,58,-45
114000073,0,0,0
114000074,3,5,-2
114000075,0,0,0
114000076,0,0,0
114000077,0,0,0
114000078,4,117,-113
114000079,8,7,1
114000080,0,3,-3
114000081,0,0,0
114000082,10,184,-174
114000083,18,104,-86
114000084,4,6,-2
114000085,25,256,-231
114000086,19,266,-247
114000087,4,57,-53
114000088,0,0,0
114000089,156,76,80
114000090,23,24,-1
114000091,116,58,58
114000092,111,71,40
114000093,26,97,-71
114000094,52,39,13
114000095,0,0,0
114000096,8,151,-143
114000097,7,176,-169
114000098,0,0,0
114000099,6,121,-115
114000100,9,100,-91
114000101,33,283,-250
114000102,0,0,0
114000103,4,57,-53
114000104,0,32,-32
114000105,0,10,-10
114000106,105,70,35
114000107,6,19,-13
114000108,942,434,508
114000109,0,0,0
114000110,83,477,-394
114000111,1,0,1
114000112,67,697,-630
114000113,0,0,0
114000114,214,593,-379
114000115,2,0,2
114000116,42,35,7
114000117,50,23,27
114000118,77,18,59
114000119,56,12,44
114000120,165,291,-126
114000121,117,155,-38
114000122,97,108,-11
114000123,6,8,-2
114000124,6,8,-2
114000125,200,701,-501
114000126,9,1,8
114000127,1,58,-57
114000128,39,84,-45
114000130,0,0,0
114000131,0,0,0
114000132,130,220,-90
114000133,141,321,-180
114000134,6,50,-44
114000138,6,31,-25
114000139,1,0,1
114000144,0,0,0
114000145,4,27,-23
114000146,3,40,-37
114000147,1,2,-1
114000148,50,6,44
114000149,5,12,-7
114000150,189,145,44
114000151,20,4,16
114000152,3,9,-6
114000153,185,206,-21
114000154,79,129,-50
114000155,50,108,-58
114000156,12,50,-38
114000157,38,133,-95
114000158,563,123,440
114000159,42,52,-10
114000160,24,46,-22
114000161,35,31,4
114000162,8,14,-6
114000163,1,25,-24
114000165,0,0,0
114000166,90,14,76
114000167,711,336,375
114000168,168,304,-136
114000169,225,77,148
114000170,75,98,-23
114000171,68,83,-15
114000174,37,156,-119
114000176,121,169,-48
114000177,464,251,213
114000178,0,0,0
114000179,25,2,23
114000180,114,211,-97
114000181,202,327,-125
114000182,1155,829,326
114000183,429,437,-8
114000184,1705,775,930
114000185,23,14,9
114000189,0,0,0
114000190,2,0,2
114000191,0,0,0
114000192,164,577,-413
114000193,333,1201,-868
114000194,345,384,-39
114000195,0,0,0
114000196,1,115,-114
114000197,0,3,-3
114000198,265,138,127
114000199,299,128,171
114000200,42,654,-612
114000201,20,330,-310
114000202,136,249,-113
114000203,64,241,-177
114000204,15,122,-107
114000205,17,424,-407
114000206,73,464,-391
114000207,240,851,-611
114000208,73,1131,-1058
114000209,132,1304,-1172
114000210,121,720,-599
114000211,28,250,-222
114000212,103,276,-173
114000213,282,59,223
114000214,2,43,-41
114000215,1,42,-41
114000216,60,1,59
114000217,3,90,-87
114000218,3,55,-52
114000219,42,102,-60
114000220,6,616,-610
114000221,54,33,21
114000222,35,425,-390
114000223,0,0,0
114000224,43,319,-276
114000225,32,279,-247
114000226,3,110,-107
114000227,47,149,-102
114000228,23,125,-102
114000229,69,301,-232
114000230,94,179,-85
114000231,134,391,-257
114000232,10,11,-1
114000233,33,17,16
114000234,76,119,-43
114000235,171,460,-289
114000236,0,396,-396
114000237,19,340,-321
114000238,3,4,-1
114000239,4,481,-477
114000240,170,263,-93
114000241,57,433,-376
114000242,262,353,-91
114000243,137,94,43
114000244,0,0,0
114000245,56,386,-330
114000246,82,23,59
114000247,53,110,-57
114000248,84,102,-18
114000249,54,82,-28
114000250,99,191,-92
114000251,18,106,-88
114000252,17,23,-6
114000253,0,0,0
114000254,1,27,-26
114000255,104,42,62
114000256,16,13,3
114000257,121,865,-744
114000258,43,119,-76
114000259,6,142,-136
114000260,0,49,-49
114000261,13,1,12
114000262,2,76,-74
114000263,0,0,0
114000264,12,76,-64
114000265,0,1,-1
114000267,0,522,-522
114000268,1,774,-773
114000270,0,1,-1
114000271,52,38,14
114000283,61,111,-50
114000285,32,141,-109
114000288,4,188,-184
114000289,114,22,92
114000293,28,137,-109
114000294,2,13,-11
114000395,65,5,60
114000396,0,0,0
114000402,7,31,-24
114000403,12,36,-24
114000405,18,294,-276
114000423,6,227,-221
114000424,19,56,-37
114000425,28,219,-191
114000426,0,0,0
114000427,9,68,-59
114000428,0,0,0
114000429,1,60,-59
114000432,0,0,0
114000434,15,54,-39
114000435,0,43,-43
114900001,0,0,0
114900002,0,0,0
114900003,0,0,0
114900004,0,0,0
114900005,0,0,0
114900006,0,0,0
114900007,0,0,0
114900008,0,0,0
114900010,2,0,2
114900011,0,0,0
114900013,0,0,0
114900015,0,0,0
114900018,0,0,0
114900020,0,0,0
114900022,0,25,-25
114900024,0,0,0
114900025,0,0,0
114900026,0,0,0
114900027,0,0,0
114900029,0,0,0
114900030,0,0,0
114900031,0,0,0
114900032,0,0,0
114900033,0,0,0
114900034,1,53,-52
114900035,0,13,-13
114900036,13,142,-129
114900037,3,33,-30
114900038,10,148,-138
114900039,26,133,-107
114900040,1,7,-6
114900041,18,172,-154
114900042,20,147,-127
114900043,45,14,31
114900044,0,0,0
114900046,1,25,-24
114900047,4,109,-105
114900048,5,9,-4
114900049,4,33,-29
114900050,0,78,-78
114900051,7,75,-68
114900052,12,15,-3
114900053,1,21,-20
114900054,4,17,-13
114900057,0,0,0
114900058,0,17,-17
114900059,0,0,0
114900060,30,19,11
114900061,9,33,-24
114900062,10,17,-7
114900063,3,48,-45
114900064,31,122,-91
114900065,8,125,-117
114900067,0,62,-62
114900068,2,17,-15
114900069,5,8,-3
114900070,0,0,0
114900072,2,33,-31
114900073,0,45,-45
114900074,0,0,0
114900075,0,0,0
114900076,0,53,-53
114900080,0,0,0
114900082,0,92,-92
114900083,1,51,-50
114900090,0,0,0
114900091,1,3,-2
114900095,43,14,29
114900096,17,34,-17
114900097,0,0,0
114900098,0,0,0
114900099,0,0,0
115000001,2628,2656,-28
115000002,414,227,187
115000003,770,1744,-974
115000004,270,365,-95
115000005,422,1436,-1014
115000006,72,166,-94
115000007,0,1,-1
115000008,49,62,-13
115000009,18,13,5
115000010,3,2,1
115000013,29,51,-22
115000015,42,83,-41
115000016,114,45,69
115000019,1,37,-36
115000020,0,0,0
115000021,76,140,-64
115000022,190,135,55
115000023,31,47,-16
115000024,359,183,176
115000025,33,53,-20
115000026,62,178,-116
115000027,11,36,-25
115000028,11,291,-280
115000029,25,21,4
115000030,27,305,-278
115000031,144,55,89
115000032,2,124,-122
115000033,0,0,0
115000034,12,336,-324
115000035,3,0,3
115000036,2,190,-188
115000037,0,0,0
115000038,0,0,0
115000039,139,169,-30
115000040,883,378,505
115000041,45,210,-165
115000042,35,113,-78
115000043,253,800,-547
115000044,1472,1657,-185
115000045,327,1069,-742
115000046,63,406,-343
115000047,171,320,-149
115000048,362,1472,-1110
115000049,451,1051,-600
115000050,403,216,187
115000051,679,188,491
115000052,1381,693,688
115000053,237,176,61
115000054,191,344,-153
115000055,24,193,-169
115000056,1,19,-18
115000057,24,150,-126
115000058,1,26,-25
115000059,0,87,-87
115000061,0,0,0
115000062,5,81,-76
115000063,15,120,-105
115000064,0,0,0
115000065,18,48,-30
115000067,0,0,0
115000069,1,75,-74
115000070,2,94,-92
115000071,0,0,0
115000072,16,7,9
115000073,159,6,153
115000075,1,15,-14
115000076,591,625,-34
115000077,118,707,-589
115000078,75,542,-467
115000079,88,598,-510
115000080,175,744,-569
115000081,46,105,-59
115000082,382,602,-220
115000083,300,835,-535
115000084,1,2,-1
115000085,72,333,-261
115000086,0,0,0
115000087,74,360,-286
115000088,1,1,0
115000089,674,614,60
115000090,40,16,24
115000091,44,282,-238
115000092,19,130,-111
115000093,0,0,0
115000094,1646,726,920
115000095,1118,1169,-51
115000096,54,513,-459
115000097,23,267,-244
115000098,72,435,-363
115000099,87,801,-714
115000100,16,33,-17
115000101,107,685,-578
115000102,28,37,-9
115000103,109,366,-257
115000105,0,0,0
115000106,17,14,3
115000107,23,233,-210
115000108,1208,1226,-18
115000109,342,123,219
115000110,398,134,264
115000111,132,331,-199
115000112,120,99,21
115000113,81,193,-112
115000114,304,232,72
115000116,278,190,88
115000117,126,240,-114
115000118,99,340,-241
115000119,216,190,26
115000120,77,231,-154
115000121,573,207,366
115000122,678,213,465
115000123,448,185,263
115000124,97,153,-56
115000125,68,78,-10
115000126,14,91,-77
115000127,37,52,-15
115000128,120,123,-3
115000129,12,27,-15
115000130,14,193,-179
115000131,9,40,-31
115000132,2,97,-95
115000133,11,71,-60
115000134,7,85,-78
115000135,4,51,-47
115000136,0,0,0
115000137,13,59,-46
115000138,0,1,-1
115000139,48,117,-69
115000140,0,0,0
115000141,25,133,-108
115000142,9,102,-93
115000143,2,0,2
115000144,4,2,2
115000145,14,193,-179
115000146,0,0,0
115000147,10,152,-142
115000148,64,307,-243
115000149,24,30,-6
115000150,135,221,-86
115000151,45,58,-13
115000152,66,356,-290
115000153,26,40,-14
115000154,23,21,2
115000155,69,265,-196
115000156,31,24,7
115000157,119,168,-49
115000158,23,24,-1
115000159,46,26,20
115000160,136,38,98
115000161,28,70,-42
115000162,0,0,0
115000163,228,230,-2
115000164,196,196,0
115000165,0,0,0
115000167,0,0,0
115000168,0,0,0
115000169,157,234,-77
115000170,39,84,-45
115000171,0,0,0
115000172,226,114,112
115000173,0,0,0
115000174,0,0,0
115000175,15,52,-37
115000176,0,0,0
115000177,3,13,-10
115000178,2,83,-81
115000179,0,0,0
115000180,15,219,-204
115000181,1,0,1
115000182,0,0,0
115000183,35,334,-299
115000186,45,48,-3
115000187,23,228,-205
115000188,144,78,66
115000189,54,140,-86
115000190,85,56,29
115000191,33,98,-65
115000194,47,65,-18
115000195,0,0,0
115000196,0,0,0
115000197,8,92,-84
115000198,0,0,0
115000199,6,83,-77
115000200,0,0,0
115000201,13,150,-137
115000206,0,0,0
115000207,8,141,-133
115000208,155,280,-125
115000209,45,43,2
115000210,1,16,-15
115000211,66,83,-17
115000212,268,129,139
115000224,0,0,0
115000225,0,0,0
115000229,0,0,0
115000230,0,0,0
115000231,26,825,-799
115000232,30,92,-62
115000233,7,168,-161
115000234,0,0,0
115000241,0,0,0
115000242,0,0,0
115000243,0,0,0
115000244,0,0,0
115000246,0,0,0
115000247,0,0,0
115000248,0,0,0
115000249,0,0,0
115000250,4,5,-1
115000251,0,0,0
115000252,0,0,0
115000253,0,0,0
115000258,0,0,0
115000259,0,0,0
115000261,0,0,0
115000262,0,0,0
115000263,0,0,0
115000264,0,0,0
115000267,0,0,0
115000268,0,12,-12
115000269,0,0,0
115000270,0,0,0
115000272,0,0,0
115000273,0,0,0
115000280,0,0,0
115000281,128,28,100
115000282,125,13,112
115000284,138,71,67
115000296,2,1,1
115000297,0,0,0
115000298,23,15,8
115000300,1,49,-48
115000302,0,0,0
115000303,0,0,0
115000304,0,0,0
115000305,6,261,-255
115000306,10,184,-174
115000307,2,98,-96
115000308,0,0,0
115000309,0,0,0
115000310,81,338,-257
115000311,1,0,1
115000313,44,170,-126
115000314,0,0,0
115000315,335,120,215
115000316,0,0,0
115000317,22,271,-249
115000318,112,32,80
115000319,4,125,-121
115000320,2,43,-41
115000321,73,2,71
115000322,9,120,-111
115000449,0,0,0
115000557,0,9,-9
115000558,0,0,0
115000587,16,33,-17
115000588,1090,1880,-790
115000589,694,492,202
115000590,172,697,-525
115000591,50,95,-45
115000592,128,716,-588
115000593,125,47,78
115000594,304,621,-317
115000609,1,5,-4
115000617,224,50,174
115000624,0,0,0
115000633,41,634,-593
115000634,748,204,544
115000635,28,10,18
115000638,0,0,0
115000641,0,0,0
115000642,28,23,5
115000643,6,128,-122
115000644,22,121,-99
115000646,157,203,-46
115000647,20,152,-132
115000648,56,561,-505
115000893,419,130,289
115000894,17,579,-562
115000895,79,505,-426
115000896,101,28,73
115000897,83,4,79
115000898,121,21,100
115000899,160,126,34
115000900,27,34,-7
115000901,27,37,-10
115000912,10,8,2
115000913,0,0,0
115000915,0,0,0
115000916,0,0,0
115000917,0,0,0
115000918,0,0,0
115000919,0,0,0
115000920,1,1,0
115000921,135,5,130
115000922,58,64,-6
115000923,86,349,-263
115000925,6,18,-12
115000927,0,0,0
115000933,48,27,21
115000934,0,0,0
115000935,0,0,0
115000936,0,0,0
115000937,173,14,159
115000938,24,13,11
115000939,10,43,-33
115900001,0,0,0
115900002,0,0,0
115900003,0,0,0
115900004,0,0,0
115900005,0,0,0
115900006,0,0,0
115900008,0,0,0
115900009,0,0,0
115900010,0,0,0
115900011,1,16,-15
115900012,0,0,0
115900013,0,0,0
115900014,6,12,-6
115900015,0,0,0
115900016,0,0,0
115900017,0,0,0
115900018,28,4,24
115900019,0,0,0
115900020,0,0,0
115900021,121,2,119
115900022,0,0,0
115900023,0,0,0
115900025,0,0,0
115900026,0,0,0
115900027,0,12,-12
115900028,31,4,27
115900029,0,78,-78
115900030,0,0,0
115900031,0,0,0
115900032,0,0,0
115900033,0,0,0
115900034,1,74,-73
115900035,0,0,0
115900036,1,2,-1
115900037,0,45,-45
115900038,0,0,0
115900039,0,0,0
115900041,3,4,-1
115900042,0,0,0
115900043,0,0,0
115900044,0,0,0
115900046,3,16,-13
115900047,0,0,0
115900049,0,0,0
115900051,0,24,-24
115900052,1,28,-27
115900053,0,0,0
115900054,0,18,-18
115900055,1,14,-13
115900056,0,0,0
115900057,0,0,0
115900058,11,5,6
115900060,0,0,0
115900061,0,0,0
115900062,1,51,-50
115900063,0,0,0
115900064,0,0,0
115900065,0,0,0
115900066,25,9,16
115900067,0,163,-163
115900068,409,2,407
115900069,0,0,0
115900070,0,0,0
115900071,0,25,-25
115900072,16,20,-4
115900073,0,0,0
115900074,0,86,-86
115900075,0,0,0
115900076,0,0,0
115900077,0,69,-69
115900078,0,0,0
115900079,0,0,0
115900080,0,0,0
115900081,0,18,-18
115900082,0,0,0
115900084,0,0,0
115900085,1,5,-4
115900086,0,0,0
115900088,0,4,-4
115900089,1,73,-72
115900090,0,2,-2
115900091,0,0,0
115900092,0,16,-16
115900093,0,5,-5
115900094,0,30,-30
115900096,0,3,-3
115900097,0,61,-61
115900098,3,50,-47
115900099,0,0,0
115900100,0,0,0
115900101,0,28,-28
115900102,0,0,0
115900103,4,11,-7
115900104,0,0,0
115900105,0,0,0
115900106,0,0,0
115900107,0,0,0
115900108,0,0,0
115900109,0,0,0
115900110,0,0,0
115900111,0,18,-18
115900112,0,0,0
115900113,0,0,0
115900114,0,24,-24
115900115,0,8,-8
115900116,0,0,0
115900117,0,0,0
115900118,0,74,-74
115900119,0,0,0
115900120,0,0,0
115900121,0,0,0
115900124,0,0,0
115900125,0,0,0
115900126,0,0,0
115900127,0,0,0
115900128,0,0,0
115900129,0,0,0
115900130,0,1,-1
115900131,0,0,0
115900132,0,0,0
115900134,0,0,0
115900135,0,0,0
115900137,0,0,0
115900139,0,0,0
115900140,0,0,0
115900141,0,0,0
115900142,0,0,0
115900143,2,21,-19
115900144,2,26,-24
115900146,0,0,0
115900147,0,0,0
115900148,0,0,0
115900149,0,14,-14
115900150,0,0,0
115900151,0,0,0
115900152,0,0,0
115900153,0,0,0
115900154,0,0,0
115900155,0,0,0
115900156,0,0,0
115900157,0,0,0
115900158,0,0,0
115900159,0,0,0
115900160,0,0,0
115900161,0,0,0
115900163,0,0,0
115900164,0,1,-1
115900166,0,0,0
115900168,0,6,-6
115900171,0,0,0
115900172,0,0,0
115900173,0,0,0
115900174,0,0,0
115900175,5,8,-3
115900178,2,147,-145
115900179,0,0,0
115900180,0,0,0
115900181,2,20,-18
115900182,4,23,-19
115900183,1,0,1
115900184,0,0,0
115900187,0,0,0
115900189,0,0,0
115900190,0,0,0
115900191,0,0,0
115900192,0,0,0
115900193,0,0,0
115900194,0,0,0
115900195,0,0,0
115900198,0,0,0
115900199,0,0,0
115900200,0,0,0
115900201,0,0,0
115900202,0,0,0
115900203,0,0,0
115900204,0,0,0
115900205,0,0,0
115900206,0,8,-8
115900207,0,0,0
115900208,0,0,0
115900209,0,0,0
115900210,0,0,0
115900211,0,0,0
115900212,2,9,-7
115900213,0,0,0
115900214,0,46,-46
115900215,0,0,0
115900216,0,53,-53
115900217,1,29,-28
115900218,0,12,-12
115900219,0,0,0
115900220,0,0,0
115900221,0,0,0
115900222,0,0,0
115900223,0,0,0
115900224,0,0,0
115900225,0,0,0
115900226,0,0,0
115900227,0,0,0
115900228,0,0,0
115900229,0,0,0
115900230,0,0,0
115900231,0,0,0
115900232,0,0,0
115900233,0,0,0
115900234,0,1,-1
115900235,0,0,0
115900236,0,2,-2
115900237,0,19,-19
115900238,0,8,-8
115900239,0,10,-10
115900240,1,20,-19
115900241,1,3,-2
115900242,1,1,0
115900243,0,0,0
115900244,0,0,0
115900245,0,0,0
115900246,0,0,0
115900247,0,0,0
115900248,0,0,0
115900249,0,0,0
115900250,0,0,0
115900251,0,0,0
115900252,0,0,0
115900253,0,0,0
115900254,0,0,0
115900255,0,0,0
115900256,0,0,0
115900257,0,0,0
115900258,0,0,0
115900259,0,0,0
115900260,0,0,0
115900261,0,0,0
115900262,0,0,0
115900263,0,0,0
115900264,0,0,0
115900265,0,0,0
115900266,0,0,0
115900267,0,0,0
115900268,0,0,0
115900269,4,13,-9
115900270,0,0,0
115900271,0,0,0
115900272,0,0,0
115900273,0,0,0
115900274,0,0,0
115900275,0,0,0
115900276,0,0,0
115900277,0,0,0
115900278,0,9,-9
115900279,1,13,-12
115900280,0,7,-7
115900281,0,6,-6
115900282,0,0,0
115900283,0,0,0
115900284,0,0,0
116000001,7889,1294,6595
116000002,890,342,548
116000003,580,730,-150
116000004,591,147,444
116000005,393,877,-484
116000006,224,211,13
116000007,973,1200,-227
116000008,384,431,-47
116000009,292,684,-392
116000010,140,81,59
116000011,133,207,-74
116000012,97,117,-20
116000013,7390,1137,6253
116000014,1025,158,867
116000015,97,272,-175
116000016,484,116,368
116000017,8,99,-91
116000018,83,29,54
116000019,38,72,-34
116000020,24,84,-60
116000021,16,112,-96
116000022,15,18,-3
116000023,26,90,-64
116000024,58,144,-86
116000025,36,86,-50
116000026,164,507,-343
116000027,37,135,-98
116000028,1,3,-2
116000029,220,101,119
116000030,3,2,1
116000031,55,40,15
116000032,19,97,-78
116000033,5,102,-97
116000034,19,179,-160
116000035,73,268,-195
116000036,75,45,30
116000037,0,0,0
116000038,0,0,0
116000039,77,55,22
116000040,1,0,1
116000041,14,114,-100
116000042,0,0,0
116000043,18,145,-127
116000044,0,0,0
116000045,6,0,6
116000046,268,333,-65
116000047,360,508,-148
116000048,74,89,-15
116000049,61,158,-97
116000050,224,343,-119
116000051,99,140,-41
116000052,438,681,-243
116000053,4,9,-5
116000054,107,541,-434
116000055,83,268,-185
116000056,0,0,0
116000057,802,436,366
116000058,551,281,270
116000059,290,95,195
116000060,636,107,529
116000061,93,88,5
116000062,68,57,11
116000063,47,144,-97
116000066,2,7,-5
116000067,81,169,-88
116000068,5,0,5
116000069,113,144,-31
116000078,0,1,-1
116000080,215,343,-128
116000082,3,49,-46
116000083,90,66,24
116000084,111,401,-290
116000085,239,82,157
116000086,94,238,-144
116000087,171,98,73
116000088,133,288,-155
116000089,3,9,-6
116000090,0,0,0
116000091,0,10,-10
116000093,138,48,90
116000094,21,241,-220
116000095,39,49,-10
116000096,31,239,-208
116000097,48,138,-90
116000098,8,488,-480
116000099,1082,56,1026
116000100,5,0,5
116000101,6,55,-49
116000102,15,207,-192
116000103,4,36,-32
116000104,6,252,-246
116000105,21,43,-22
116000106,17,249,-232
116000107,35,115,-80
116000108,2,29,-27
116000111,0,0,0
116000113,0,0,0
116000114,7,9,-2
116000115,0,0,0
116000116,10,31,-21
116000117,12,44,-32
116000118,122,547,-425
116000119,2,36,-34
116000120,367,1358,-991
116000121,3,0,3
116000122,304,1240,-936
116000123,0,1,-1
116000124,55,671,-616
116000125,11,12,-1
116000126,51,792,-741
116000127,221,644,-423
116000128,14,11,3
116000129,10,18,-8
116000130,2,10,-8
116000133,151,322,-171
116000134,156,996,-840
116000135,127,192,-65
116000136,127,801,-674
116000137,34,81,-47
116000138,266,61,205
116000139,170,569,-399
116000140,37,94,-57
116000141,27,154,-127
116000142,860,1157,-297
116000143,382,100,282
116000144,256,1106,-850
116000145,252,212,40
116000146,33,69,-36
116000147,27,11,16
116000148,11,66,-55
116000149,0,66,-66
116000151,85,372,-287
116000153,0,1,-1
116000155,0,0,0
116000156,81,288,-207
116000157,0,0,0
116000158,26,167,-141
116000159,0,0,0
116000160,0,28,-28
116000161,3,28,-25
116000162,64,1,63
116000163,8,0,8
116000164,0,4,-4
116000177,0,26,-26
116000194,1,162,-161
116000195,78,77,1
116000196,1,0,1
116000197,1,1,0
116000198,105,105,0
116000200,0,0,0
116000201,62,123,-61
116000202,0,1,-1
116000203,1,14,-13
116000204,1,8,-7
116000205,0,34,-34
116000206,0,17,-17
116000207,0,12,-12
116000233,4,55,-51
116000287,5,187,-182
116000288,0,0,0
116000292,0,31,-31
116000296,0,0,0
116000297,0,0,0
116000304,0,0,0
116000305,0,0,0
116000346,5,34,-29
116000352,2,13,-11
116000354,1,3,-2
116000357,0,1,-1
116000358,0,0,0
116000361,0,0,0
116000372,1978,474,1504
116000381,1,3,-2
116000388,0,12,-12
116000389,39,35,4
116000445,21,330,-309
116000446,0,1,-1
116000447,2,170,-168
116000448,0,0,0
116000563,0,0,0
116000565,57,65,-8
116000568,6,2,4
116000579,0,23,-23
116000584,1,9,-8
116000585,0,2,-2
116000586,61,33,28
116000587,0,87,-87
116000589,3,25,-22
116000590,0,0,0
116000591,0,0,0
116000592,0,0,0
116000593,0,0,0
116000594,11,133,-122
116000595,10,38,-28
116000596,1,2,-1
116000597,0,0,0
116000598,3,31,-28
116000602,1,15,-14
116000605,2,10,-8
116000606,0,0,0
116000607,0,2,-2
116000609,1,52,-51
116000611,3,251,-248
116000612,109,273,-164
116000613,0,2,-2
116000614,108,369,-261
116000615,0,86,-86
116000616,1,43,-42
116000617,1,28,-27
116000618,1,61,-60
116000619,0,5,-5
116000620,0,0,0
116000621,2,2,0
116000622,1,3,-2
116000624,1,3,-2
116000627,0,0,0
116000628,0,0,0
116000629,0,4,-4
116000630,0,0,0
116000631,0,0,0
116000632,0,5,-5
116000633,0,0,0
116000634,0,0,0
116000635,131,117,14
116000636,192,201,-9
116000637,0,0,0
116000638,0,0,0
116900001,0,0,0
116900002,0,0,0
116900003,0,0,0
116900004,0,0,0
116900005,1,5,-4
116900006,0,0,0
116900007,0,0,0
116900008,2,120,-118
116900009,0,0,0
116900010,0,162,-162
116900011,0,5,-5
116900012,0,0,0
116900013,2,50,-48
116900014,0,0,0
116900015,0,0,0
116900016,0,0,0
116900017,0,49,-49
116900018,0,0,0
116900019,0,46,-46
116900020,27,8,19
116900023,0,0,0
116900024,0,0,0
116900025,2,91,-89
116900026,3,51,-48
116900027,0,0,0
116900028,0,4,-4
116900029,0,0,0
116900031,0,0,0
116900032,1,35,-34
116900033,0,0,0
116900034,2,7,-5
116900035,1,21,-20
116900036,0,6,-6
116900038,0,0,0
116900041,0,0,0
116900042,113,26,87
116900043,0,4,-4
116900047,0,0,0
116900049,2,22,-20
116900050,2,23,-21
116900051,0,0,0
116900052,0,0,0
116900055,0,0,0
116900057,5,24,-19
116900058,3,36,-33
116900059,0,0,0
116900060,8,41,-33
116900062,0,0,0
116900064,0,166,-166
116900065,0,6,-6
116900067,0,0,0
116900068,7,50,-43
116900070,0,0,0
116900072,0,63,-63
116900073,0,13,-13
116900074,0,0,0
116900076,0,0,0
116900077,0,19,-19
116900078,10,9,1
116900079,1,18,-17
116900080,0,0,0
116900081,5,103,-98
116900082,3,104,-101
116900083,0,0,0
116900084,0,1,-1
116900085,0,13,-13
116900086,0,20,-20
116900088,0,0,0
116900090,0,0,0
116900091,1,22,-21
116900092,1,63,-62
116900093,7,0,7
116900094,348,49,299
116900095,0,35,-35
116900096,3,4,-1
116900097,1,0,1
116900098,74,2,72
116900099,18,15,3
116900100,0,0,0
116900101,10,50,-40
116900103,0,0,0
116900104,4,5,-1
116900105,0,0,0
116900106,0,52,-52
116900107,4,2,2
116900110,0,0,0
116900111,0,0,0
116900112,0,0,0
116900113,0,0,0
116900116,0,0,0
116900117,0,13,-13
116900118,11,183,-172
116900120,0,0,0
116900121,0,0,0
116900122,1,211,-210
116900123,1,170,-169
116900124,1,59,-58
116900125,1,5,-4
116900126,6,55,-49
116900128,0,8,-8
116900129,1,91,-90
116900130,148,183,-35
116900131,9,39,-30
116900132,0,9,-9
116900133,4,26,-22
116900134,16,36,-20
116900136,2,18,-16
116900137,8,25,-17
116900138,4,29,-25
116900139,1,46,-45
116900140,6,13,-7
116900141,14,24,-10
116900142,0,0,0
116900143,4,32,-28
116900144,1,3,-2
116900145,1,10,-9
116900147,4,6,-2
116900148,0,1,-1
116900149,0,0,0
116900150,0,0,0
116900151,0,0,0
116900153,0,0,0
116900154,0,8,-8
116900155,1,7,-6
116900157,0,0,0
116900158,0,6,-6
116900159,1,39,-38
116900160,0,0,0
116900161,638,106,532
116900162,0,0,0
116900163,0,0,0
116900164,0,1,-1
116900165,0,0,0
116900166,0,0,0
116900167,0,0,0
116900168,1,7,-6
116900169,0,0,0
116900170,0,0,0
116900171,0,0,0
116900172,0,0,0
116900173,1,5,-4
116900174,0,0,0
116900175,0,0,0
116900178,0,0,0
116900179,0,0,0
116900180,1,2,-1
116900182,0,0,0
116900183,0,0,0
116900185,0,0,0
116900186,0,0,0
116900187,0,0,0
116900188,2,0,2
116900189,0,0,0
116900191,0,0,0
116900192,0,0,0
116900194,0,0,0
116900195,0,0,0
116900196,0,0,0
116900197,0,0,0
116900198,17,15,2
116900200,0,0,0
116900201,0,0,0
116900202,0,0,0
116900203,0,0,0
116900204,0,5,-5
116900205,0,0,0
116900206,0,0,0
116900207,1,3,-2
116900208,0,0,0
116900209,0,0,0
116900210,1,5,-4
116900211,0,0,0
116900212,0,0,0
116900213,0,0,0
116900214,5,31,-26
116900215,0,0,0
116900216,0,4,-4
116900218,0,57,-57
116900219,91,46,45
116900220,0,0,0
116900221,2,31,-29
116900222,0,0,0
116900223,0,0,0
116900226,1,3,-2
116900227,3,5,-2
116900228,7,30,-23
116900230,1,23,-22
116900231,0,21,-21
116900232,0,20,-20
116900233,0,0,0
116900234,0,0,0
116900235,13,109,-96
116900238,24,24,0
116900239,0,13,-13
116900240,175,29,146
116900241,0,0,0
116900242,30,12,18
116900243,0,0,0
116900245,0,0,0
116900246,1,1,0
116900247,0,0,0
116900248,0,1,-1
116900249,0,0,0
116900250,4,13,-9
116900251,0,0,0
116900252,0,0,0
116900253,0,0,0
116900254,0,0,0
116900255,3,2,1
116900256,7,5,2
116900257,0,110,-110
116900258,0,67,-67
116900259,0,0,0
116900260,0,24,-24
116900261,0,0,0
116900262,0,33,-33
116900263,0,0,0
116900264,0,0,0
116900265,0,0,0
116900266,0,7,-7
116900267,0,0,0
116900268,0,0,0
116900269,0,15,-15
116900271,0,0,0
116900272,18,43,-25
116900273,3,0,3
116900274,0,0,0
116900275,0,0,0
116900276,0,0,0
116900277,0,0,0
116900278,0,0,0
116900279,0,2,-2
116900280,0,0,0
116900281,96,23,73
116900282,0,10,-10
116900283,0,6,-6
116900284,0,6,-6
116900285,0,0,0
116900286,0,0,0
116900287,0,0,0
116900288,0,0,0
116900289,0,0,0
116900290,0,0,0
116900291,0,0,0
116900292,0,0,0
116900293,0,0,0
116900294,9,10,-1
116900295,0,0,0
116900296,0,0,0
116900297,0,0,0
116900298,0,0,0
116900299,0,0,0
116900300,0,0,0
116900301,0,0,0
116900302,0,9,-9
116900303,0,5,-5
116900304,0,30,-30
116900305,0,0,0
116900306,0,0,0
117000001,122,123,-1
117000002,410,1301,-891
117000003,378,115,263
117000004,1131,1617,-486
117000005,69,64,5
117000006,155,1487,-1332
117000007,125,29,96
117000008,246,1457,-1211
117000009,22,5,17
117000010,647,1558,-911
117000011,0,3,-3
117000012,200,827,-627
117000013,4,2,2
117000014,166,868,-702
117000015,4,5,-1
117000016,16,14,2
117000017,24,15,9
117000018,5,94,-89
117000019,0,0,0
117000020,104,330,-226
117000021,512,53,459
117000022,12,11,1
117000023,30,58,-28
117000024,38,61,-23
117000025,142,200,-58
117000026,71,13,58
117000027,383,568,-185
117000028,0,1,-1
117000030,23,78,-55
117000031,1,3,-2
117000032,246,240,6
117000033,135,170,-35
117000034,43,44,-1
117000035,0,0,0
117000036,33,57,-24
117000037,1,1,0
117000038,6,87,-81
117000039,8,19,-11
117000040,9,372,-363
117000041,0,0,0
117000044,9,264,-255
117000045,0,0,0
117000046,51,271,-220
117000047,0,0,0
117000048,467,288,179
117000049,16,51,-35
117000050,7,714,-707
117000051,110,31,79
117000052,3,26,-23
117000053,9,11,-2
117000054,29,1,28
117000055,3,1073,-1070
117000056,16,3,13
117000057,101,484,-383
117000060,33,228,-195
117000061,6,6,0
117000062,16,69,-53
117000063,0,0,0
117000064,90,146,-56
117000066,121,96,25
117000067,3,50,-47
117000074,0,0,0
117000076,0,0,0
117000077,20,11,9
117000078,2,149,-147
117000079,0,15,-15
117000080,1,219,-218
117000081,3,5,-2
117000082,7,28,-21
117000083,0,0,0
117000084,0,0,0
117000085,10,107,-97
117000086,25,129,-104
117000087,32,196,-164
117000088,0,0,0
117000089,27,19,8
117000090,70,718,-648
117000091,8,5,3
117000092,104,759,-655
117000093,12,7,5
117000094,92,964,-872
117000095,16,19,-3
117000096,141,1327,-1186
117000097,18,34,-16
117000098,485,1810,-1325
117000099,23,16,7
117000100,4,21,-17
117000101,35,229,-194
117000102,0,1,-1
117000103,412,683,-271
117000104,0,1,-1
117000105,159,774,-615
117000106,1,0,1
117000107,140,955,-815
117000108,1,2,-1
117000109,617,1282,-665
117000110,4,4,0
117000111,382,353,29
117000112,104,186,-82
117000113,10,55,-45
117000114,0,0,0
117000115,12,28,-16
117000116,0,15,-15
117000117,48,11,37
117000118,5,20,-15
117000119,1,3,-2
117000120,1,0,1
117000121,0,5,-5
117000122,0,0,0
117000123,4,0,4
117000124,1,0,1
117000125,0,3,-3
117000126,0,0,0
117000127,2,12,-10
117000128,8,20,-12
117000129,0,0,0
117000130,0,1,-1
117000131,0,55,-55
117000132,84,53,31
117000133,0,30,-30
117000134,4,37,-33
117000135,0,28,-28
117000136,0,15,-15
117000137,0,0,0
117000138,0,172,-172
117000140,124,573,-449
117000141,0,3,-3
117000181,81,22,59
117000182,0,0,0
117000195,11,201,-190
117000196,0,0,0
117000225,0,0,0
117000226,0,7,-7
117000276,0,0,0
117000277,0,84,-84
117000310,399,621,-222
117000315,0,0,0
117000320,0,0,0
117000906,0,0,0
117000907,0,127,-127
117000908,3,0,3
117000909,5,1,4
117000910,54,48,6
117000911,8,31,-23
117000915,2,121,-119
117000916,0,0,0
117000917,0,0,0
117000918,0,0,0
117000919,0,14,-14
117000920,3,761,-758
117000921,0,364,-364
117000922,0,1,-1
117000924,31,39,-8
117000926,221,22,199
117000927,8,40,-32
117000928,1,141,-140
117000929,15,77,-62
117000930,2,1,1
117000931,30,4,26
117900002,14,59,-45
117900003,47,6,41
117900005,0,2,-2
117900006,0,5,-5
117900007,3,26,-23
117900008,0,5,-5
117900010,3,31,-28
117900011,0,1,-1
117900012,1,27,-26
117900013,1,42,-41
117900014,5,47,-42
117900015,0,30,-30
117900016,58,21,37
117900017,5,66,-61
117900018,9,4,5
117900019,1,48,-47
117900020,2,1,1
117900021,3,19,-16
117900022,4,1,3
117900023,5,0,5
117900024,5,12,-7
117900025,3,0,3
117900026,1,34,-33
117900028,0,0,0
117900029,0,57,-57
117900030,1,14,-13
117900031,0,0,0
117900032,13,19,-6
117900033,0,62,-62
117900034,0,0,0
117900035,7,2,5
117900036,5,54,-49
117900037,0,0,0
117900038,0,51,-51
117900039,0,21,-21
117900040,21,64,-43
117900041,0,23,-23
117900042,47,4,43
117900043,2,18,-16
117900044,0,40,-40
117900045,0,0,0
117900048,18,51,-33
117900049,0,57,-57
117900050,0,0,0
117900051,0,0,0
117900052,0,0,0
117900053,38,119,-81
117900054,0,0,0
117900055,0,0,0
117900056,0,0,0
117900057,46,200,-154
117900058,0,0,0
117900059,0,0,0
117900060,17,510,-493
117900061,0,0,0
117900063,2,13,-11
117900065,43,59,-16
117900066,1,0,1
117900067,2,31,-29
117900069,11,28,-17
117900070,0,0,0
117900071,0,0,0
117900073,3,31,-28
117900074,0,0,0
117900075,0,0,0
117900076,1,12,-11
117900077,0,0,0
117900078,7,33,-26
117900080,0,0,0
117900081,49,14,35
117900082,16,26,-10
117900083,2,49,-47
117900086,0,0,0
117900087,0,0,0
117900088,160,54,106
117900089,35,13,22
117900090,1,73,-72
117900091,17,13,4
117900092,0,0,0
117900093,0,0,0
117900094,0,0,0
117900095,0,55,-55
117900096,0,0,0
117900097,0,0,0
117900098,0,0,0
117900099,1,38,-37
117900100,0,0,0
117900101,20,47,-27
117900102,0,0,0
117900103,0,0,0
117900104,1,7,-6
117900105,5,18,-13
117900106,0,0,0
117900107,0,0,0
117900109,4,28,-24
117900110,0,0,0
117900111,0,0,0
117900112,0,0,0
117900113,3,4,-1
117900114,0,0,0
117900115,2,0,2
117900116,20,20,0
117900117,8,36,-28
117900118,0,0,0
117900119,0,62,-62
117900120,0,4,-4
117900121,0,8,-8
117900122,24,23,1
117900123,22,79,-57
117900124,15,34,-19
117900125,145,75,70
117900126,20,43,-23
117900127,4,43,-39
117900128,3,70,-67
117900129,0,0,0
117900130,1,19,-18
117900131,0,12,-12
117900132,0,16,-16
117900133,0,37,-37
117900134,1,34,-33
117900135,0,57,-57
117900136,0,5,-5
117900137,5,52,-47
117900138,0,8,-8
117900139,0,8,-8
117900140,20,4,16
117900141,24,29,-5
117900142,0,0,0
117900144,0,0,0
117900145,0,0,0
117900146,0,0,0
117900147,0,0,0
117900148,78,69,9
117900149,1,13,-12
117900150,0,17,-17
117900151,0,20,-20
117900152,0,4,-4
117900153,2,8,-6
117900154,5,30,-25
117900156,33,44,-11
117900157,1,9,-8
117900158,0,0,0
117900160,26,28,-2
117900161,220,194,26
117900162,0,35,-35
117900163,1,3,-2
117900165,0,0,0
117900166,3,4,-1
117900168,2,20,-18
117900169,1,28,-27
117900170,0,2,-2
117900171,0,1,-1
117900172,0,2,-2
117900173,32,3,29
117900174,0,3,-3
117900175,0,1,-1
117900176,0,0,0
117900177,0,1,-1
117900178,0,0,0
117900180,0,0,0
117900181,0,0,0
117900182,0,0,0
117900183,0,0,0
117900184,0,0,0
117900185,0,0,0
117900186,0,0,0
117900187,0,0,0
117900188,0,0,0
117900189,0,0,0
117900190,0,0,0
117900191,0,0,0
117900192,1,2,-1
117900193,0,12,-12
117900194,0,0,0
117900195,0,0,0
117900196,0,0,0
117900207,0,0,0
117900208,0,4,-4
117900209,0,1,-1
117900210,0,0,0
117900211,0,0,0
117900212,7,18,-11
117900213,0,0,0
117900214,0,5,-5
117900215,0,0,0
117900216,0,0,0
117900217,0,16,-16
117900218,0,0,0
117900219,0,9,-9
117900220,0,0,0
117900222,5,27,-22
117900223,1,3,-2
118000001,68,101,-33
118000002,260,398,-138
118000003,113,224,-111
118000004,411,267,144
118000005,950,528,422
118000006,1999,990,1009
118000007,563,273,290
118000008,510,420,90
118000009,353,504,-151
118000010,409,624,-215
118000011,84,506,-422
118000012,132,489,-357
118000013,650,523,127
118000014,181,648,-467
118000016,33,107,-74
118000017,0,0,0
118000018,44,95,-51
118000019,827,182,645
118000020,410,273,137
118000021,290,456,-166
118000022,220,40,180
118000023,112,127,-15
118000024,165,149,16
118000027,3331,550,2781
118000029,163,37,126
118000032,64,93,-29
118000033,166,145,21
118000034,971,347,624
118000035,87,426,-339
118000036,41,225,-184
118000037,116,215,-99
118000038,0,0,0
118000039,9,15,-6
118000040,72,464,-392
118000041,240,375,-135
118000045,9,1,8
118000046,95,23,72
118000047,103,55,48
118000048,181,88,93
118000051,49,20,29
118000052,15,26,-11
118000053,5,10,-5
118000054,78,53,25
118000055,33,32,1
118000056,2,6,-4
118000057,6,10,-4
118000058,45,25,20
118000059,39,39,0
118000060,3,29,-26
118000061,7,52,-45
118000062,14,9,5
118000063,19,16,3
118000064,19,29,-10
118000065,271,56,215
118000066,22,37,-15
118000067,193,117,76
118000068,132,225,-93
118000069,203,97,106
118000070,877,68,809
118000071,371,238,133
118000072,169,121,48
118000073,108,27,81
118000074,3,17,-14
118000075,38,39,-1
118000076,126,159,-33
118000077,363,223,140
118000078,116,106,10
118000079,51,98,-47
118000080,265,227,38
118000081,87,59,28
118000082,9,20,-11
118000083,59,41,18
118000084,248,112,136
118000086,28,67,-39
118000087,2063,501,1562
118000088,102,146,-44
118000089,825,1155,-330
118000090,1262,326,936
118000091,900,525,375
118000092,131,28,103
118000093,4,34,-30
118000096,7,16,-9
118000097,32,19,13
118000098,0,3,-3
118000099,51,180,-129
118000101,88,94,-6
118000102,20,136,-116
118000107,698,80,618
118000108,1,42,-41
118000110,0,5,-5
118000111,0,221,-221
118000112,0,0,0
118000113,2,521,-519
118000114,0,0,0
118000115,0,0,0
118000116,0,0,0
118000117,241,193,48
118000118,18,38,-20
118000119,33,44,-11
118000120,332,497,-165
118000121,0,76,-76
118000122,85,13,72
118000123,0,57,-57
118000125,224,275,-51
118000126,13,33,-20
118000127,17,28,-11
118000128,123,284,-161
118000129,76,39,37
118000130,722,1178,-456
118000131,111,424,-313
118000132,61,60,1
118000133,33,73,-40
118000135,1,0,1
118000136,12,72,-60
118000137,58,14,44
118000138,3,44,-41
118000139,17,21,-4
118000140,451,322,129
118000141,124,152,-28
118000142,190,482,-292
118000143,20,58,-38
118000144,43,65,-22
118000145,357,713,-356
118000146,208,349,-141
118000147,220,477,-257
118000148,45,237,-192
118000149,42,170,-128
118000150,9,3,6
118000151,1,20,-19
118000153,10,90,-80
118000154,11,97,-86
118000155,31,74,-43
118000156,321,338,-17
118000157,19,27,-8
118000158,6,87,-81
118000159,0,0,0
118000160,1,6,-5
118000161,50,210,-160
118000162,14,65,-51
118000163,17,48,-31
118000164,98,61,37
118000168,7,27,-20
118000169,231,680,-449
118000170,416,696,-280
118000171,1,4,-3
118000172,0,1,-1
118000173,77,194,-117
118000175,32,36,-4
118000176,11,33,-22
118000177,1,16,-15
118000178,1,9,-8
118000179,12,5,7
118000180,3,8,-5
118000181,210,181,29
118000182,50,80,-30
118000183,51,80,-29
118000184,1,9,-8
118000185,480,159,321
118000186,233,181,52
118000187,76,150,-74
118000188,12,56,-44
118000189,14,151,-137
118000190,0,1,-1
118000191,0,9,-9
118000192,0,20,-20
118000193,2,30,-28
118000194,339,40,299
118000195,2,1,1
118000196,0,0,0
118000197,13,5,8
118000198,14,9,5
118000199,56,86,-30
118000200,0,0,0
118000201,26,8,18
118000202,0,0,0
118000203,80,17,63
118000204,64,42,22
118000205,30,12,18
118000206,2,1,1
118000207,0,7,-7
118000208,62,118,-56
118000209,180,400,-220
118000210,0,0,0
118000211,0,0,0
118000213,8,29,-21
118000214,178,44,134
118000215,32,172,-140
118000216,0,0,0
118000217,2,9,-7
118000218,0,7,-7
118000219,5,9,-4
118000220,0,0,0
118000221,7,45,-38
118000222,91,3,88
118000223,0,0,0
118000224,1,4,-3
118000225,3,262,-259
118000226,0,0,0
118000227,90,22,68
118000228,115,30,85
118000229,0,0,0
118000230,0,16,-16
118000231,1,14,-13
118000232,62,186,-124
118000233,24,38,-14
118000234,6,14,-8
118000236,16,58,-42
118000237,0,0,0
118000238,8,33,-25
118000239,0,9,-9
118000240,51,1,50
118000241,3,18,-15
118000242,11,171,-160
118000243,4,15,-11
118000244,0,15,-15
118000246,0,5,-5
118000255,0,18,-18
118000256,0,8,-8
118000259,0,4,-4
118000260,0,0,0
118000261,0,4,-4
118000263,0,25,-25
118000266,20,38,-18
118000267,1,32,-31
118000268,0,1,-1
118000270,0,0,0
118000271,2,15,-13
118000272,0,0,0
118000273,0,24,-24
118000274,6,82,-76
118000276,5,24,-19
118000295,0,9,-9
118000298,13,178,-165
118000299,27,70,-43
118000301,0,14,-14
118000302,0,3,-3
118000311,4,25,-21
118000312,4,46,-42
118000313,1,22,-21
118000314,3,9,-6
118000315,2,12,-10
118000316,4,82,-78
118000325,0,6,-6
118000326,0,0,0
118000331,0,3,-3
118000332,0,7,-7
118000333,0,9,-9
118000335,0,0,0
118000336,0,131,-131
118000407,0,0,0
118000457,0,31,-31
118000465,702,289,413
118000480,1,8,-7
118000489,0,0,0
118000490,11,131,-120
118000492,6,13,-7
118000510,6,2,4
118000514,23,107,-84
118000515,6,36,-30
118000517,72,33,39
118000524,576,177,399
118000525,201,264,-63
118000530,0,0,0
118000531,0,0,0
118000532,69,111,-42
118000533,70,128,-58
118000534,36,176,-140
118000535,2,3,-1
118000536,31,48,-17
118000537,6,33,-27
118000538,4,50,-46
118000539,0,0,0
118000540,26,115,-89
118000541,13,73,-60
118000542,0,1,-1
118000543,1,0,1
118000546,9,28,-19
118000553,0,0,0
118000557,0,1,-1
118000560,488,72,416
118000562,0,0,0
118000563,163,71,92
118000576,0,23,-23
118000577,16,12,4
118000578,15,17,-2
118000579,65,125,-60
118000583,0,1,-1
118000595,0,0,0
118000596,0,10,-10
118000597,4,10,-6
118000598,0,0,0
118000599,0,0,0
118000600,0,0,0
118000601,0,0,0
118000602,0,0,0
118000603,1,58,-57
118900001,0,0,0
118900002,0,22,-22
118900003,0,0,0
118900004,0,0,0
118900005,0,0,0
118900006,0,0,0
118900007,0,2,-2
118900008,0,0,0
118900009,0,0,0
118900010,0,0,0
118900011,0,1,-1
118900012,6,3,3
118900013,0,0,0
118900015,0,1,-1
118900016,0,0,0
118900017,0,0,0
118900018,0,0,0
118900019,6,0,6
118900020,0,0,0
118900021,0,0,0
118900022,2,6,-4
118900023,0,0,0
118900024,0,0,0
118900025,0,0,0
118900026,5,10,-5
118900027,0,0,0
118900028,1,1,0
118900029,0,0,0
118900030,0,0,0
118900031,5,16,-11
118900032,0,0,0
118900033,0,0,0
118900034,0,0,0
118900035,5,27,-22
118900036,12,70,-58
118900037,0,0,0
118900038,5,54,-49
118900039,0,0,0
118900040,3,8,-5
118900041,0,0,0
118900042,3,7,-4
118900045,2,4,-2
118900046,26,11,15
118900047,50,7,43
118900048,0,0,0
118900049,0,0,0
118900050,0,29,-29
118900051,0,0,0
118900052,0,0,0
118900053,0,0,0
118900054,3,9,-6
118900055,7,27,-20
118900056,0,0,0
118900057,2,21,-19
118900058,0,0,0
118900059,0,0,0
118900060,2,16,-14
118900062,0,0,0
118900064,0,0,0
118900065,0,0,0
118900066,0,0,0
118900067,8,1,7
118900068,0,0,0
118900069,8,28,-20
118900071,0,0,0
118900072,0,0,0
118900073,1,7,-6
118900074,0,0,0
118900075,0,0,0
118900076,0,0,0
118900077,0,23,-23
118900078,0,0,0
118900079,0,0,0
118900080,0,0,0
118900081,0,0,0
118900082,3,14,-11
118900083,0,3,-3
118900084,0,0,0
118900085,10,50,-40
118900086,0,0,0
118900087,1,8,-7
118900088,0,4,-4
118900089,0,0,0
118900090,20,40,-20
118900091,0,0,0
118900092,4,25,-21
118900093,0,0,0
118900096,0,0,0
118900097,8,74,-66
118900099,2,33,-31
118900100,0,0,0
118900101,1,66,-65
118900102,0,7,-7
118900103,2,3,-1
118900104,0,27,-27
118900105,36,29,7
118900107,22,11,11
118900108,0,9,-9
118900110,0,0,0
118900111,0,0,0
118900112,0,0,0
118900113,0,0,0
118900114,0,0,0
118900115,0,0,0
118900116,15,39,-24
118900117,4,36,-32
118900118,10,71,-61
118900119,5,50,-45
118900120,12,29,-17
118900121,0,0,0
118900122,0,19,-19
118900123,20,60,-40
118900124,0,0,0
118900126,0,40,-40
118900129,1,9,-8
118900130,0,0,0
118900131,15,73,-58
118900132,4,19,-15
118900133,0,0,0
118900135,1,28,-27
118900136,19,133,-114
118900137,0,0,0
118900139,0,0,0
118900140,19,129,-110
118900141,0,0,0
118900144,2,171,-169
118900145,0,0,0
118900146,15,93,-78
118900147,0,0,0
118900148,0,0,0
118900150,0,0,0
118900152,12,97,-85
118900157,0,0,0
118900158,0,0,0
118900159,0,0,0
118900161,0,0,0
118900163,0,0,0
118900164,0,0,0
118900165,3,42,-39
118900166,16,0,16
118900167,4,17,-13
118900168,0,17,-17
118900169,1,59,-58
118900170,0,14,-14
118900171,0,14,-14
118900174,1,9,-8
118900175,4,19,-15
118900176,1,8,-7
118900177,1,7,-6
118900178,0,3,-3
118900179,0,7,-7
118900181,3,6,-3
118900182,0,4,-4
118900183,0,2,-2
118900184,2,1,1
118900185,1,13,-12
118900186,4,38,-34
118900187,0,0,0
118900188,0,2,-2
118900189,1,20,-19
118900190,0,0,0
118900191,0,0,0
118900192,0,0,0
118900193,0,0,0
118900195,0,0,0
118900196,3,27,-24
118900197,0,0,0
118900198,0,1,-1
118900199,0,8,-8
118900200,0,1,-1
118900201,0,1,-1
118900202,3,16,-13
118900203,0,14,-14
118900204,0,10,-10
118900205,0,1,-1
118900206,0,12,-12
119000001,91,85,6
119000002,154,340,-186
119000003,81,450,-369
119000004,95,214,-119
119000005,146,210,-64
119000006,100,213,-113
119000007,180,254,-74
119000008,272,890,-618
119000009,415,553,-138
119000010,2222,1306,916
119000011,1080,433,647
119000012,1643,849,794
119000013,583,303,280
119000014,359,826,-467
119000019,8,21,-13
119000020,107,195,-88
119000021,232,232,0
119000022,85,159,-74
119000023,0,2,-2
119000024,292,348,-56
119000025,2336,367,1969
119000026,1,3,-2
119000027,55,111,-56
119000028,157,331,-174
119000029,1,2,-1
119000030,59,186,-127
119000031,87,153,-66
119000032,222,266,-44
119000033,420,385,35
119000034,109,239,-130
119000035,3,155,-152
119000036,111,286,-175
119000037,92,519,-427
119000038,31,232,-201
119000039,18,109,-91
119000040,323,53,270
119000041,432,127,305
119000048,1227,641,586
119000049,138,668,-530
119000050,81,92,-11
119000051,81,63,18
119000052,85,116,-31
119000053,110,59,51
119000054,114,573,-459
119000055,320,531,-211
119000056,197,379,-182
119000057,45,443,-398
119000058,115,360,-245
119000059,27,38,-11
119000060,63,185,-122
119000061,24,36,-12
119000062,116,279,-163
119000063,37,42,-5
119000064,47,78,-31
119000065,29,193,-164
119000066,136,166,-30
119000067,77,126,-49
119000068,109,255,-146
119000069,26,152,-126
119000070,181,272,-91
119000071,0,3,-3
119000072,616,333,283
119000073,410,616,-206
119000074,56,469,-413
119000075,123,956,-833
119000076,0,3,-3
119000077,1,0,1
119000078,1,0,1
119000079,0,5,-5
119000080,0,0,0
119000081,1,3,-2
119000082,0,1,-1
119000083,1,2,-1
119000084,2,4,-2
119000085,4,3,1
119000086,4,0,4
119000087,41,59,-18
119000088,3,1,2
119000089,0,3,-3
119000090,7,3,4
119000091,2,5,-3
119000092,14,2,12
119000093,524,507,17
119000094,317,680,-363
119000095,96,417,-321
119000097,547,236,311
119000098,127,239,-112
119000099,239,400,-161
119000100,303,372,-69
119000101,505,628,-123
119000102,17,19,-2
119000103,89,7,82
119000104,649,739,-90
119000105,0,1,-1
119000106,26,678,-652
119000107,2,0,2
119000108,50,624,-574
119000109,0,0,0
119000110,33,79,-46
119000111,1,7,-6
119000112,26,21,5
119000113,186,26,160
119000114,0,5,-5
119000115,25,21,4
119000116,0,0,0
119000117,7,17,-10
119000118,0,1,-1
119000123,47,13,34
119000124,1,1,0
119000125,1,5,-4
119000126,1,2,-1
119000127,57,355,-298
119000128,23,10,13
119000131,96,535,-439
119000132,8,5,3
119000133,0,0,0
119000134,9,9,0
119000135,0,0,0
119000136,2,33,-31
119000137,0,0,0
119000138,10,85,-75
119000139,0,0,0
119000140,7,27,-20
119000284,555,1141,-586
119000285,907,943,-36
119000286,1525,1078,447
119000287,212,641,-429
119000288,199,496,-297
119000289,289,889,-600
119000290,3,28,-25
119000291,9,79,-70
119000293,44,59,-15
119000294,1,1,0
119000295,329,151,178
119000296,4,0,4
119000299,0,0,0
119000302,925,123,802
119000303,0,0,0
119000314,335,460,-125
119000315,0,0,0
119000316,1,24,-23
119000317,0,0,0
119900001,9,26,-17
119900002,0,0,0
119900003,2,84,-82
119900004,0,3,-3
119900005,0,0,0
119900006,5,23,-18
119900007,0,0,0
119900008,0,0,0
119900009,1,32,-31
119900010,5,102,-97
119900011,0,1,-1
119900012,0,0,0
119900013,68,83,-15
119900014,8,16,-8
119900015,0,0,0
119900016,0,0,0
119900017,0,0,0
119900018,0,0,0
119900019,0,0,0
119900020,0,0,0
119900021,0,1,-1
119900022,0,0,0
119900023,0,0,0
119900025,0,0,0
119900026,0,0,0
119900027,0,0,0
119900028,0,0,0
119900029,0,0,0
119900030,0,7,-7
119900031,0,0,0
119900033,114,0,114
119900034,0,0,0
119900037,0,0,0
119900038,0,0,0
119900039,0,0,0
119900040,0,0,0
119900041,0,3,-3
119900042,0,0,0
119900043,0,0,0
119900044,0,0,0
119900046,0,0,0
119900047,0,0,0
119900048,0,0,0
119900049,0,0,0
119900050,0,0,0
119900051,0,0,0
119900052,0,0,0
119900053,0,0,0
119900054,0,0,0
119900055,4,10,-6
119900057,0,0,0
119900058,0,0,0
119900059,0,0,0
119900060,0,0,0
119900062,0,0,0
119900063,0,0,0
119900065,0,0,0
119900066,0,0,0
119900067,0,0,0
119900068,0,0,0
119900069,0,0,0
119900070,0,0,0
119900071,0,0,0
119900073,0,23,-23
119900074,0,0,0
119900075,472,144,328
119900076,0,16,-16
119900077,1,157,-156
119900078,0,0,0
119900079,0,0,0
119900080,3,196,-193
119900081,0,5,-5
119900082,0,19,-19
119900083,0,0,0
119900084,0,9,-9
119900085,24,6,18
119900087,1,19,-18
119900088,1,5,-4
119900089,0,130,-130
119900090,12,7,5
119900091,4,180,-176
119900092,3,107,-104
119900093,41,2,39
119900094,4,56,-52
119900095,0,1,-1
119900096,2,5,-3
119900097,57,22,35
119900098,2,1,1
119900099,0,29,-29
119900100,512,160,352
119900101,26,108,-82
119900102,0,31,-31
119900103,1,38,-37
119900104,1,27,-26
119900105,34,348,-314
119900106,2,28,-26
119900107,15,170,-155
119900108,266,170,96
119900109,1,10,-9
119900110,30,127,-97
119900111,0,0,0
119900112,113,26,87
119900113,0,0,0
119900114,8,290,-282
119900115,0,0,0
119900116,0,19,-19
119900117,10,128,-118
119900118,0,0,0
119900119,0,25,-25
119900120,71,58,13
119900121,1,53,-52
119900122,0,0,0
119900123,3,6,-3
119900124,0,49,-49
119900125,0,0,0
119900126,424,14,410
119900127,0,0,0
119900128,4,56,-52
119900129,0,14,-14
119900130,0,0,0
119900131,1,9,-8
119900132,0,0,0
119900133,0,3,-3
119900134,69,1,68
119900135,0,0,0
119900136,0,0,0
119900138,0,0,0
119900139,0,2,-2
119900140,0,1,-1
119900141,0,0,0
119900142,0,0,0
119900143,0,2,-2
119900144,0,0,0
119900145,3,22,-19
119900146,4,21,-17
119900147,0,0,0
119900148,0,0,0
119900149,0,5,-5
119900150,11,25,-14
119900151,56,37,19
119900152,0,0,0
119900153,0,0,0
119900154,0,73,-73
119900155,1,9,-8
119900156,0,0,0
119900157,0,0,0
119900158,0,0,0
119900159,2,322,-320
119900160,0,4,-4
119900161,0,0,0
119900162,0,0,0
119900163,1,3,-2
119900164,0,2,-2
119900165,0,0,0
119900166,0,0,0
119900167,0,0,0
119900168,0,0,0
119900169,1,5,-4
119900170,1,3,-2
119900171,6,36,-30
119900172,0,0,0
119900173,0,123,-123
119900174,0,0,0
119900175,0,0,0
119900177,4,28,-24
119900178,0,0,0
119900179,0,0,0
119900180,0,0,0
119900181,0,0,0
119900182,2,48,-46
119900183,1,105,-104
119900184,24,3,21
119900185,0,0,0
119900186,0,0,0
119900187,1,61,-60
119900188,0,17,-17
119900189,14,1,13
119900190,0,0,0
119900191,0,0,0
119900192,0,19,-19
119900193,0,0,0
119900194,0,0,0
119900195,1,19,-18
119900196,0,0,0
119900197,0,0,0
119900198,3,43,-40
119900199,0,0,0
119900200,0,0,0
119900201,16,11,5
119900202,0,0,0
119900203,0,0,0
119900204,0,0,0
119900205,0,0,0
119900206,0,0,0
119900208,0,0,0
119900209,1,7,-6
119900210,0,0,0
119900211,0,0,0
119900212,0,24,-24
119900213,0,7,-7
119900214,1,43,-42
119900215,1,17,-16
119900216,0,10,-10
119900217,0,11,-11
119900218,0,3,-3
119900219,0,1,-1
119900220,0,0,0
119900221,0,0,0
119900222,0,0,0
119900223,0,0,0
119900224,0,0,0
119900225,0,0,0
119900226,0,1,-1
119900227,243,24,219
119900228,0,6,-6
119900229,0,0,0
119900230,15,16,-1
119900231,0,0,0
119900232,0,0,0
119900233,0,0,0
119900234,0,5,-5
119900235,0,0,0
119900236,0,0,0
119900237,0,0,0
119900238,0,20,-20
119900240,0,11,-11
119900241,5,38,-33
119900242,0,23,-23
119900244,0,0,0
119900245,1,4,-3
119900246,0,1,-1
119900247,0,0,0
119900248,0,0,0
119900249,0,0,0
119900253,0,0,0
119900254,0,0,0
119900255,9,95,-86
119900256,0,55,-55
119900257,0,0,0
119900258,0,0,0
119900259,0,12,-12
119900260,0,0,0
119900261,0,0,0
119900262,0,67,-67
119900263,27,60,-33
119900264,0,0,0
119900265,0,0,0
119900266,0,0,0
119900267,1,37,-36
119900268,0,23,-23
119900269,1,40,-39
119900271,0,0,0
119900272,0,0,0
119900275,0,2,-2
119900276,0,0,0
119900277,0,0,0
119900278,7,2,5
119900279,0,2,-2
119900280,40,22,18
119900281,0,15,-15
119900282,0,0,0
119900283,0,0,0
119900284,2,73,-71
119900285,0,0,0
119900286,0,0,0
119900288,2,13,-11
119900289,0,6,-6
119900290,0,7,-7
119900291,0,3,-3
119900292,0,0,0
119900293,0,0,0
119900294,0,0,0
119900295,0,0,0
119900296,3,0,3
119900299,0,1,-1
119900300,0,3,-3
119900301,0,0,0
119900302,0,2,-2
119900303,3,10,-7
119900304,0,0,0
119900305,0,0,0
119900306,0,0,0
119900307,0,0,0
119900308,0,2,-2
119900309,0,0,0
119900310,4,20,-16
119900311,0,0,0
119900312,0,0,0
119900313,2,12,-10
119900314,0,0,0
119900315,3,230,-227
119900318,0,0,0
119900319,0,65,-65
119900320,0,164,-164
119900321,0,0,0
119900322,20,22,-2
119900323,0,34,-34
119900324,0,16,-16
119900325,1,180,-179
119900326,61,9,52
120000001,1310,448,862
120000002,303,663,-360
120000003,570,479,91
120000004,535,600,-65
120000005,2056,747,1309
120000006,314,362,-48
120000007,724,793,-69
120000008,226,568,-342
120000009,1604,267,1337
120000010,257,1112,-855
120000011,127,749,-622
120000012,494,1335,-841
120000013,302,970,-668
120000014,69,548,-479
120000015,369,668,-299
120000016,236,62,174
120000017,56,51,5
120000018,365,330,35
120000019,70,82,-12
120000020,307,258,49
120000021,224,308,-84
120000022,1182,322,860
120000023,136,187,-51
120000024,228,350,-122
120000025,201,398,-197
120000026,62,498,-436
120000027,284,461,-177
120000028,79,315,-236
120000029,209,99,110
120000030,4,34,-30
120000031,263,223,40
120000032,2330,300,2030
120000033,136,363,-227
120000034,91,580,-489
120000035,72,248,-176
120000036,103,264,-161
120000037,2,9,-7
120000038,1805,244,1561
120000039,53,115,-62
120000040,8,12,-4
120000041,27,269,-242
120000042,69,855,-786
120000043,162,332,-170
120000044,238,169,69
120000045,273,142,131
120000046,186,207,-21
120000047,264,311,-47
120000048,1831,345,1486
120000049,286,515,-229
120000050,199,619,-420
120000051,1017,792,225
120000052,4365,216,4149
120000053,66,757,-691
120000054,158,1852,-1694
120000055,148,1197,-1049
120000056,106,1166,-1060
120000057,84,331,-247
120000058,7,27,-20
120000059,3,14,-11
120000061,31,327,-296
120000062,7,40,-33
120000063,499,1322,-823
120000064,51,648,-597
120000065,42,593,-551
120000066,21,155,-134
120000067,4,131,-127
120000068,18,438,-420
120000069,86,555,-469
120000070,2,193,-191
120000071,8,34,-26
120000072,69,149,-80
120000073,27,19,8
120000074,8,18,-10
120000075,22,54,-32
120000076,67,105,-38
120000077,132,114,18
120000078,496,148,348
120000079,0,0,0
120000080,0,0,0
120000081,0,0,0
120000082,0,0,0
120000083,0,0,0
120000084,58,88,-30
120000085,45,80,-35
120000086,21,115,-94
120000087,2,298,-296
120000088,36,88,-52
120000089,0,0,0
120000090,0,1,-1
120000091,0,0,0
120000092,1,0,1
120000093,0,0,0
120000094,0,0,0
120000095,36,75,-39
120000096,12,170,-158
120000098,42,130,-88
120000099,14,80,-66
120000100,41,97,-56
120000101,25,90,-65
120000102,20,38,-18
120000103,71,58,13
120000104,49,17,32
120000105,86,18,68
120000106,59,25,34
120000107,69,18,51
120000108,37,9,28
120000109,89,14,75
120000110,23,362,-339
120000111,30,495,-465
120000112,91,1422,-1331
120000113,87,986,-899
120000114,90,820,-730
120000115,77,748,-671
120000116,119,800,-681
120000117,408,591,-183
120000118,0,0,0
120000119,0,0,0
120000120,0,0,0
120000121,0,0,0
120000122,0,0,0
120000123,332,60,272
120000124,10,31,-21
120000125,13,81,-68
120000126,3,63,-60
120000127,59,66,-7
120000128,115,113,2
120000129,0,8,-8
120000130,2,3,-1
120000131,38,61,-23
120000134,0,0,0
120000135,6,63,-57
120000137,0,0,0
120000138,4,36,-32
120000139,0,0,0
120000140,6,85,-79
120000141,0,0,0
120000142,2,39,-37
120000143,0,0,0
120000144,0,0,0
120000145,0,0,0
120000146,262,82,180
120000149,45,117,-72
120000150,26,78,-52
120000151,2,2,0
120000152,0,4,-4
120000153,25,250,-225
120000154,55,242,-187
120000155,0,0,0
120000156,2,1,1
120000157,0,4,-4
120000158,142,392,-250
120000159,333,1176,-843
120000160,323,138,185
120000161,68,588,-520
120000162,11,30,-19
120000163,27,497,-470
120000164,26,176,-150
120000165,28,390,-362
120000166,33,219,-186
120000167,1,1,0
120000168,0,5,-5
120000169,70,19,51
120000170,118,9,109
120000171,29,5,24
120000172,3,0,3
120000173,191,1,190
120000174,44,1,43
120000175,22,2,20
120000176,11,33,-22
120000177,119,315,-196
120000178,4,1,3
120000179,21,7,14
120000180,45,17,28
120000181,5,12,-7
120000182,8,8,0
120000183,0,34,-34
120000184,9,1128,-1119
120000186,0,1,-1
120000187,0,6,-6
120000188,0,5,-5
120000190,0,0,0
120000191,0,0,0
120000192,0,0,0
120000193,0,0,0
120000195,0,0,0
120000196,0,0,0
120000197,0,0,0
120000198,0,25,-25
120000199,0,0,0
120000200,0,0,0
120000201,0,0,0
120000202,0,10,-10
120000203,1,66,-65
120000207,0,0,0
120000208,0,0,0
120000209,0,0,0
120000210,0,0,0
120000211,0,0,0
120000212,0,0,0
120000213,0,0,0
120000214,0,0,0
120000215,0,0,0
120000216,0,0,0
120000217,104,223,-119
120000218,44,296,-252
120000219,1,148,-147
120000220,3,640,-637
120000225,0,0,0
120000226,0,0,0
120000227,0,0,0
120000228,1037,208,829
120000230,0,0,0
120000231,0,0,0
120000233,0,0,0
120000235,41,303,-262
120000236,11,0,11
120000237,0,308,-308
120000238,0,12,-12
120000241,7,10,-3
120000412,0,0,0
120000413,0,0,0
120000414,0,0,0
120000415,0,0,0
120000416,0,0,0
120000417,0,0,0
120000418,0,0,0
120000419,0,0,0
120000420,0,0,0
120000421,5371,2716,2655
120000422,80,73,7
120000423,0,9,-9
120000424,1,33,-32
120000436,13,26,-13
120000437,80,45,35
120000438,1280,87,1193
120000439,16,88,-72
120000443,0,0,0
120000444,13,257,-244
120000445,43,45,-2
120000446,111,9,102
120000447,0,0,0
120000449,0,0,0
120000450,0,0,0
120000451,2,32,-30
120000452,0,1,-1
120000453,0,246,-246
120000454,0,0,0
120000455,12,13,-1
120000456,379,337,42
120000457,160,122,38
120000458,141,171,-30
120000459,0,0,0
120000665,49,2,47
120000668,3,55,-52
120000669,0,0,0
120000670,6,27,-21
120000671,102,85,17
120000672,24,226,-202
120900001,0,0,0
120900002,0,0,0
120900003,0,0,0
120900004,0,0,0
120900005,0,0,0
120900006,0,0,0
120900007,2,12,-10
120900008,0,13,-13
120900009,0,0,0
120900010,4,1,3
120900011,0,0,0
120900012,18,14,4
120900013,0,0,0
120900014,0,0,0
120900015,0,0,0
120900016,0,0,0
120900017,157,7,150
120900018,0,0,0
120900019,0,2,-2
120900020,0,3,-3
120900021,0,0,0
120900022,0,0,0
120900023,0,0,0
120900024,70,49,21
120900025,3,0,3
120900026,0,1,-1
120900027,0,0,0
120900028,2,0,2
120900029,0,0,0
120900030,0,1,-1
120900031,0,0,0
120900032,0,0,0
120900033,0,0,0
120900034,0,0,0
120900035,0,0,0
120900037,0,0,0
120900038,0,0,0
120900039,0,0,0
120900040,0,0,0
120900041,0,0,0
120900042,0,0,0
120900043,0,0,0
120900044,0,0,0
120900045,0,0,0
120900046,3,0,3
120900047,0,0,0
120900048,0,0,0
120900049,0,0,0
120900050,0,0,0
120900051,0,0,0
120900052,0,0,0
120900053,0,0,0
120900054,0,0,0
120900055,1,0,1
120900056,0,0,0
120900057,0,0,0
120900058,0,0,0
120900059,0,0,0
120900060,0,0,0
120900061,0,0,0
120900062,2,0,2
120900063,0,0,0
120900064,0,0,0
120900065,0,0,0
120900066,0,47,-47
120900067,0,0,0
120900068,0,0,0
120900069,0,0,0
120900071,0,0,0
120900072,0,0,0
120900073,0,4,-4
120900074,0,0,0
120900076,0,0,0
120900077,0,0,0
120900078,1,200,-199
120900079,0,12,-12
120900080,1,158,-157
120900081,0,0,0
120900082,0,41,-41
120900083,0,0,0
120900084,0,0,0
120900085,0,0,0
120900086,2,2,0
120900087,0,0,0
120900088,0,1,-1
120900089,398,36,362
120900090,0,7,-7
120900091,0,0,0
120900092,22,72,-50
120900093,0,0,0
120900094,31,30,1
120900095,0,0,0
120900096,0,0,0
120900097,31,160,-129
120900098,0,0,0
120900099,0,12,-12
120900100,1,8,-7
120900101,0,0,0
120900102,0,0,0
120900103,0,1,-1
120900104,2,7,-5
120900105,0,0,0
120900106,197,92,105
120900107,59,14,45
120900108,0,0,0
120900109,3,134,-131
120900110,0,0,0
120900111,0,13,-13
120900112,0,1,-1
120900113,0,162,-162
120900114,3,39,-36
120900115,24,22,2
120900116,0,23,-23
120900117,0,3,-3
120900118,1,206,-205
120900119,0,0,0
120900120,4,103,-99
120900121,23,60,-37
120900122,0,33,-33
120900123,0,10,-10
120900124,1,173,-172
120900125,0,134,-134
120900126,110,90,20
120900127,0,21,-21
120900128,132,186,-54
120900129,7,67,-60
120900130,0,92,-92
120900131,0,0,0
120900132,0,0,0
120900133,22,210,-188
120900134,45,86,-41
120900135,0,148,-148
120900136,0,0,0
120900137,0,0,0
120900138,1,40,-39
120900139,0,187,-187
120900140,0,0,0
120900141,0,0,0
120900142,2,170,-168
120900143,5,160,-155
120900144,0,47,-47
120900145,0,162,-162
120900146,0,187,-187
120900147,0,3,-3
120900148,0,1,-1
120900149,0,95,-95
120900150,0,92,-92
120900151,0,148,-148
120900152,0,4,-4
120900153,0,4,-4
120900154,0,67,-67
120900155,6,296,-290
120900156,0,115,-115
120900157,0,10,-10
120900158,1,126,-125
120900159,0,33,-33
120900160,4,114,-110
120900161,0,81,-81
120900162,0,78,-78
120900163,0,1,-1
120900164,0,0,0
120900165,0,0,0
120900166,0,7,-7
120900167,0,5,-5
120900169,8,65,-57
120900170,44,23,21
120900171,113,24,89
120900172,0,0,0
120900173,1,14,-13
120900174,1,24,-23
120900175,0,0,0
120900176,0,3,-3
120900177,0,8,-8
120900178,0,4,-4
120900179,45,52,-7
120900180,1,3,-2
120900181,0,0,0
120900182,0,0,0
120900183,0,0,0
120900184,0,0,0
120900185,0,11,-11
120900186,0,123,-123
120900187,1,4,-3
120900188,0,1,-1
120900189,0,0,0
120900190,0,0,0
120900191,0,0,0
120900192,701,35,666
120900194,0,0,0
120900195,1,34,-33
120900196,0,0,0
120900197,0,0,0
120900198,17,99,-82
120900199,0,0,0
120900200,0,0,0
120900201,42,15,27
120900202,0,37,-37
120900203,0,0,0
120900204,95,132,-37
120900205,0,0,0
120900206,0,0,0
120900207,5,152,-147
121000001,271,554,-283
121000002,246,168,78
121000003,2802,883,1919
121000004,620,357,263
121000005,854,866,-12
121000006,805,328,477
121000007,1184,1338,-154
121000008,1112,453,659
121000009,3989,1789,2200
121000010,3154,794,2360
121000011,7768,1830,5938
121000012,6560,1208,5352
121000013,3124,2025,1099
121000014,3262,1781,1481
121000015,1467,2071,-604
121000016,2426,2352,74
121000017,293,738,-445
121000018,636,475,161
121000019,3915,1333,2582
121000020,3281,1176,2105
121000021,519,915,-396
121000022,443,498,-55
121000023,955,899,56
121000024,590,1082,-492
121000025,136,66,70
121000026,30,24,6
121000027,803,210,593
121000028,92,92,0
121000029,31,58,-27
121000030,29,35,-6
121000031,31,111,-80
121000032,50,38,12
121000034,0,0,0
121000035,12,16,-4
121000036,46,89,-43
121000037,141,163,-22
121000038,128,138,-10
121000039,13,36,-23
121000041,14,29,-15
121000042,0,0,0
121000043,30,22,8
121000044,126,83,43
121000045,19,42,-23
121000046,14,66,-52
121000047,1,10,-9
121000049,236,154,82
121000050,50,396,-346
121000051,41,36,5
121000052,38,176,-138
121000053,0,0,0
121000054,7,58,-51
121000055,444,170,274
121000056,218,198,20
121000057,25,44,-19
121000058,88,35,53
121000059,78,42,36
121000060,66,71,-5
121000061,4,10,-6
121000062,12,11,1
121000063,120,235,-115
121000064,40,30,10
121000065,26,71,-45
121000066,42,83,-41
121000067,91,59,32
121000068,0,0,0
121000069,0,1,-1
121000070,124,156,-32
121000071,94,211,-117
121000072,95,95,0
121000073,157,256,-99
121000074,18,27,-9
121000075,21,16,5
121000076,71,30,41
121000077,0,0,0
121000078,25,40,-15
121000080,407,180,227
121000081,315,247,68
121000082,65,112,-47
121000083,0,0,0
121000084,46,64,-18
121000085,270,127,143
121000086,0,4,-4
121000087,0,4,-4
121000088,106,214,-108
121000089,0,2,-2
121000090,55,148,-93
121000091,645,469,176
121000092,45,19,26
121000093,10,44,-34
121000094,99,44,55
121000095,1,0,1
121000096,1652,894,758
121000097,533,473,60
121000098,91,293,-202
121000099,94,255,-161
121000100,35,210,-175
121000101,0,3,-3
121000102,10,129,-119
121000103,0,1,-1
121000104,17,47,-30
121000105,30,96,-66
121000106,1,0,1
121000107,636,1015,-379
121000109,479,530,-51
121000110,40,66,-26
121000114,809,970,-161
121000115,295,337,-42
121000116,137,335,-198
121000117,30,5,25
121000118,47,8,39
121000119,12,6,6
121000120,0,2,-2
121000121,0,2,-2
121000123,2,0,2
121000126,7,20,-13
121000127,2,6,-4
121000128,30,225,-195
121000129,25,151,-126
121000130,92,226,-134
121000131,185,162,23
121000132,210,119,91
121000135,41,19,22
121000136,104,20,84
121000137,36,5,31
121000138,79,58,21
121000139,117,53,64
121000141,11,35,-24
121000142,127,90,37
121000143,4,0,4
121000144,38,48,-10
121000145,44,137,-93
121000146,93,139,-46
121000147,74,85,-11
121000148,74,137,-63
121000149,247,351,-104
121000152,62,60,2
121000153,469,102,367
121000154,150,28,122
121000155,190,119,71
121000156,149,159,-10
121000157,223,83,140
121000158,74,55,19
121000159,13,91,-78
121000160,21,103,-82
121000161,0,3,-3
121000162,0,0,0
121000165,41,17,24
121000166,10,34,-24
121000168,28,42,-14
121000169,7,106,-99
121000170,55,20,35
121000171,30,84,-54
121000172,86,110,-24
121000173,361,141,220
121000174,46,141,-95
121000175,76,95,-19
121000176,149,75,74
121000177,54,80,-26
121000178,6,21,-15
121000179,4,11,-7
121000181,42,57,-15
121000182,71,39,32
121000183,13,6,7
121000184,2,4,-2
121000185,0,0,0
121000186,14,96,-82
121000187,0,0,0
121000188,0,0,0
121000192,92,67,25
121000193,49,82,-33
121000194,1405,685,720
121000195,75,300,-225
121000196,1,3,-2
121000197,25,197,-172
121000198,13,47,-34
121000199,11,374,-363
121000200,51,34,17
121000201,0,39,-39
121000202,11,2,9
121000203,2,170,-168
121000204,50,12,38
121000205,62,345,-283
121000206,12,50,-38
121000207,71,112,-41
121000208,1,107,-106
121000209,12,384,-372
121000210,64,213,-149
121000211,4,49,-45
121000212,69,267,-198
121000213,234,171,63
121000214,139,169,-30
121000215,292,229,63
121000216,21,113,-92
121000217,698,199,499
121000218,123,743,-620
121000219,178,62,116
121000220,134,86,48
121000221,36,14,22
121000222,619,1123,-504
121000223,42,114,-72
121000224,0,0,0
121000225,123,99,24
121000226,105,79,26
121000227,3,61,-58
121000228,10,658,-648
121000229,5,331,-326
121000230,54,1372,-1318
121000231,0,0,0
121000232,0,0,0
121000233,14,19,-5
121000234,0,0,0
121000235,0,1,-1
121000236,0,0,0
121000237,0,2,-2
121000238,0,0,0
121000239,0,0,0
121000240,0,0,0
121000241,0,0,0
121000242,0,0,0
121000243,1,1,0
121000244,0,0,0
121000245,0,0,0
121000246,0,0,0
121000247,2,0,2
121000248,3,6,-3
121000249,6,73,-67
121000250,23,9,14
121000251,4,206,-202
121000252,9,2,7
121000253,48,504,-456
121000254,82,51,31
121000255,26,58,-32
121000256,6,13,-7
121000257,17,27,-10
121000258,11,6,5
121000259,14,10,4
121000260,14,42,-28
121000261,2,2,0
121000262,357,176,181
121000263,96,158,-62
121000271,131,237,-106
121000273,8,11,-3
121000274,0,1,-1
121000275,0,25,-25
121000276,0,0,0
121000278,0,2,-2
121000279,7,16,-9
121000280,2,2,0
121000289,5,0,5
121000290,214,163,51
121000294,3,58,-55
121000297,103,114,-11
121000299,7,119,-112
121000300,166,96,70
121000302,5,58,-53
121000303,96,57,39
121000304,13,16,-3
121000305,3,1,2
121000306,4,3,1
121000308,62,88,-26
121000309,183,188,-5
121000310,13,172,-159
121000311,13,361,-348
121000312,3,0,3
121000313,233,165,68
121000314,41,16,25
121000315,36,9,27
121000530,108,348,-240
121000531,98,295,-197
121000532,1065,396,669
121000533,600,342,258
121000918,1,78,-77
121000919,0,0,0
121000938,4,13,-9
121000939,3,0,3
121000956,91,304,-213
121000957,1,78,-77
121000958,5,104,-99
121000959,71,476,-405
121000960,101,616,-515
121000961,12,0,12
121000962,0,0,0
121000973,3,74,-71
121000976,0,0,0
121000979,0,0,0
121000981,15,0,15
121000982,0,0,0
121000983,13,164,-151
121000984,0,8,-8
121000985,54,131,-77
121000986,4,10,-6
121000987,35,800,-765
121000988,102,11,91
121001302,112,60,52
121001308,4,8,-4
121001309,4,3,1
121001311,0,0,0
121001313,10,161,-151
121001314,3760,1628,2132
121001315,1262,792,470
121001318,8,3,5
121900001,0,3,-3
121900002,0,3,-3
121900003,0,0,0
121900004,0,0,0
121900005,0,2,-2
121900006,0,0,0
121900007,0,0,0
121900008,0,0,0
121900009,0,0,0
121900010,0,0,0
121900011,0,0,0
121900012,0,0,0
121900013,0,0,0
121900014,0,0,0
121900015,0,0,0
121900016,0,0,0
121900017,0,0,0
121900018,0,0,0
121900019,0,0,0
121900020,0,0,0
121900021,0,0,0
121900022,0,0,0
121900023,0,0,0
121900024,0,0,0
121900025,0,0,0
121900026,0,0,0
121900027,0,0,0
121900028,0,0,0
121900029,0,0,0
121900030,0,0,0
121900031,0,0,0
121900032,0,0,0
121900033,0,0,0
121900034,0,0,0
121900035,0,0,0
121900036,0,0,0
121900037,0,0,0
121900038,0,0,0
121900039,0,0,0
121900040,0,0,0
121900041,0,0,0
121900042,0,0,0
121900043,0,0,0
121900044,0,0,0
121900046,0,0,0
121900047,0,0,0
121900048,0,0,0
121900050,0,0,0
121900051,0,0,0
121900052,0,0,0
121900053,13,64,-51
121900054,0,0,0
121900055,0,0,0
121900058,0,0,0
121900059,0,0,0
121900060,0,0,0
121900061,0,0,0
121900062,0,0,0
121900063,0,0,0
121900064,0,0,0
121900066,0,0,0
121900067,0,0,0
121900069,0,0,0
121900070,0,0,0
121900071,0,0,0
121900072,0,0,0
121900073,0,0,0
121900074,0,0,0
121900075,0,0,0
121900076,0,0,0
121900077,0,0,0
121900078,0,0,0
121900079,0,0,0
121900080,0,0,0
121900082,0,0,0
121900084,0,0,0
121900085,0,0,0
121900086,0,0,0
121900087,0,0,0
121900088,0,0,0
121900089,0,0,0
121900090,0,0,0
121900091,0,0,0
121900092,0,0,0
121900093,0,0,0
121900094,0,0,0
121900095,0,0,0
121900096,0,0,0
121900097,0,0,0
121900098,0,0,0
121900099,0,0,0
121900100,0,0,0
121900101,0,0,0
121900102,0,0,0
121900103,0,0,0
121900104,0,0,0
121900105,0,0,0
121900106,0,0,0
121900107,0,0,0
121900108,0,0,0
121900109,0,0,0
121900110,0,0,0
121900111,0,0,0
121900112,0,0,0
121900113,0,0,0
121900114,0,0,0
121900117,0,0,0
121900118,0,0,0
121900119,0,0,0
121900120,0,0,0
121900121,0,0,0
121900122,0,0,0
121900123,0,0,0
121900124,0,0,0
121900125,0,0,0
121900127,0,0,0
121900128,0,0,0
121900129,0,0,0
121900130,0,0,0
121900131,0,0,0
121900132,0,0,0
121900133,0,0,0
121900134,0,0,0
121900135,0,0,0
121900136,0,0,0
121900137,0,0,0
121900138,0,0,0
121900139,0,0,0
121900140,0,0,0
121900141,0,0,0
121900142,0,0,0
121900143,0,0,0
121900144,1,0,1
121900145,0,0,0
121900146,0,0,0
121900147,0,0,0
121900148,0,0,0
121900149,0,0,0
121900150,1,0,1
121900151,0,0,0
121900152,0,0,0
121900153,0,0,0
121900154,0,0,0
121900155,0,0,0
121900156,0,1,-1
121900157,0,0,0
121900158,0,0,0
121900159,0,0,0
121900160,0,0,0
121900161,0,0,0
121900162,1,4,-3
121900163,0,0,0
121900164,0,0,0
121900165,0,0,0
121900166,0,0,0
121900167,0,0,0
121900168,0,0,0
121900169,0,60,-60
121900170,0,0,0
121900171,0,0,0
121900172,0,0,0
121900173,0,0,0
121900174,0,0,0
121900175,0,0,0
121900176,10,154,-144
121900177,0,2,-2
121900178,0,0,0
121900179,0,0,0
121900180,8,2,6
121900182,0,0,0
121900183,0,0,0
121900184,0,0,0
121900186,0,0,0
121900187,0,2,-2
121900188,0,0,0
121900189,0,0,0
121900190,0,0,0
121900191,0,0,0
121900192,0,0,0
121900193,0,0,0
121900194,0,0,0
121900195,0,0,0
121900196,0,0,0
121900197,11,63,-52
121900198,0,0,0
121900199,0,0,0
121900200,0,0,0
121900201,0,0,0
121900202,1,2,-1
121900203,0,0,0
121900204,0,0,0
121900205,0,0,0
121900206,0,0,0
121900207,0,0,0
121900208,0,0,0
121900209,0,0,0
121900210,0,0,0
121900211,0,0,0
121900212,0,0,0
121900213,0,0,0
121900214,0,0,0
121900215,0,0,0
121900216,0,0,0
121900217,0,0,0
121900218,0,0,0
121900220,0,0,0
121900221,0,0,0
121900222,0,0,0
121900223,0,0,0
121900224,0,0,0
121900225,0,0,0
121900226,0,0,0
121900227,0,0,0
121900228,0,0,0
121900230,0,0,0
121900231,0,0,0
121900232,0,0,0
121900233,0,0,0
121900234,0,0,0
121900235,0,0,0
121900236,0,0,0
121900237,0,0,0
121900238,0,0,0
121900239,0,0,0
121900240,0,0,0
121900241,0,0,0
121900242,0,0,0
121900243,0,0,0
121900244,0,0,0
121900245,0,0,0
121900246,0,0,0
121900247,0,0,0
121900248,0,0,0
121900250,0,0,0
121900251,0,0,0
121900252,0,0,0
121900253,0,0,0
121900254,0,0,0
121900255,0,0,0
121900258,0,0,0
121900259,0,0,0
121900260,0,0,0
121900261,0,0,0
121900262,0,0,0
121900263,0,0,0
121900264,0,0,0
121900265,0,0,0
121900266,0,0,0
121900267,0,0,0
121900269,0,0,0
121900270,0,0,0
121900271,0,0,0
121900273,0,0,0
121900274,0,0,0
121900277,0,0,0
121900278,0,0,0
121900279,0,0,0
121900280,0,0,0
121900281,0,0,0
121900284,0,0,0
121900286,0,26,-26
121900287,0,0,0
121900288,0,0,0
121900290,0,0,0
121900291,12,12,0
121900292,0,0,0
121900293,29,281,-252
121900294,0,0,0
121900295,0,0,0
121900296,0,0,0
121900298,0,0,0
121900299,0,0,0
121900300,0,0,0
121900301,0,0,0
121900302,0,0,0
121900303,0,0,0
121900304,0,0,0
121900305,0,0,0
121900306,0,0,0
121900307,0,0,0
121900308,0,31,-31
121900309,0,15,-15
121900310,1,55,-54
121900311,0,0,0
121900312,0,0,0
121900313,0,0,0
121900314,0,0,0
121900315,0,0,0
121900316,0,0,0
121900317,0,0,0
121900318,0,0,0
121900319,0,0,0
121900320,0,0,0
121900321,0,0,0
121900322,0,0,0
121900323,0,0,0
121900324,0,0,0
121900325,0,0,0
121900326,0,0,0
121900327,0,0,0
121900328,0,0,0
121900329,0,0,0
121900330,0,0,0
121900331,0,0,0
121900332,0,0,0
121900333,0,0,0
121900334,0,0,0
122000001,469,614,-145
122000002,571,276,295
122000003,367,274,93
122000004,372,212,160
122000005,307,117,190
122000006,110,90,20
122000007,95,149,-54
122000008,735,464,271
122000009,115,15,100
122000010,287,279,8
122000011,246,127,119
122000012,93,193,-100
122000013,203,206,-3
122000014,177,159,18
122000015,68,72,-4
122000016,83,105,-22
122000017,238,184,54
122000018,218,358,-140
122000019,140,575,-435
122000020,34,28,6
122000021,187,51,136
122000022,154,54,100
122000023,70,84,-14
122000024,81,123,-42
122000025,68,175,-107
122000026,75,19,56
122000027,272,534,-262
122000028,0,0,0
122000029,0,1,-1
122000030,53,38,15
122000031,0,0,0
122000032,29,44,-15
122000033,34,40,-6
122000034,132,149,-17
122000035,160,178,-18
122000036,80,238,-158
122000037,52,37,15
122000038,32,39,-7
122000039,98,118,-20
122000040,90,69,21
122000041,0,5,-5
122000042,0,1,-1
122000043,0,0,0
122000044,0,0,0
122000045,18,21,-3
122000046,15,39,-24
122000047,77,37,40
122000048,556,374,182
122000049,1111,530,581
122000050,130,206,-76
122000051,0,0,0
122000052,2,5,-3
122000053,11,122,-111
122000054,302,261,41
122000055,363,485,-122
122000056,628,604,24
122000057,1069,645,424
122000058,855,572,283
122000059,635,573,62
122000060,209,141,68
122000061,112,38,74
122000062,252,67,185
122000063,47,109,-62
122000064,718,789,-71
122000065,882,684,198
122000066,349,331,18
122000067,209,386,-177
122000068,188,159,29
122000069,311,238,73
122000070,19,70,-51
122000071,31,68,-37
122000072,70,64,6
122000073,79,80,-1
122000074,6,2,4
122000075,5,5,0
122000076,123,71,52
122000077,137,226,-89
122000078,314,525,-211
122000079,142,188,-46
122000080,35,71,-36
122000081,17,23,-6
122000082,4,1,3
122000083,194,312,-118
122000084,168,193,-25
122000085,78,328,-250
122000086,302,446,-144
122000087,4,5,-1
122000088,33,74,-41
122000089,849,414,435
122000090,18,33,-15
122000091,26,14,12
122000092,10,4,6
122000093,126,540,-414
122000094,1180,237,943
122000095,634,319,315
122000096,183,32,151
122000098,892,597,295
122000099,63,185,-122
122000100,78,71,7
122000101,4,40,-36
122000102,416,198,218
122000103,157,181,-24
122000104,59,23,36
122000105,16,33,-17
122000106,89,53,36
122000107,15,22,-7
122000108,74,182,-108
122000109,2,10,-8
122000110,63,151,-88
122000111,300,100,200
122000112,42,89,-47
122000113,44,56,-12
122000114,617,980,-363
122000115,674,356,318
122000116,231,81,150
122000117,96,14,82
122000118,36,30,6
122000119,563,540,23
122000120,583,815,-232
122000121,691,410,281
122000122,138,284,-146
122000123,349,93,256
122000124,116,53,63
122000125,297,188,109
122000126,87,164,-77
122000127,228,312,-84
122000128,95,229,-134
122000129,52,9,43
122000130,64,21,43
122000131,86,16,70
122000132,319,113,206
122000133,107,520,-413
122000134,114,89,25
122000135,91,447,-356
122000136,8,9,-1
122000137,26,34,-8
122000139,293,318,-25
122000140,231,72,159
122000141,996,158,838
122000142,63,297,-234
122000143,28,20,8
122000144,87,61,26
122000145,133,98,35
122000146,0,6,-6
122000147,34,16,18
122000148,845,406,439
122000149,262,90,172
122000150,74,56,18
122000151,54,84,-30
122000152,90,69,21
122000153,0,0,0
122000154,0,0,0
122000155,116,97,19
122000156,1443,1080,363
122000157,662,626,36
122000158,32,97,-65
122000159,62,72,-10
122000160,252,61,191
122000161,125,29,96
122000162,112,49,63
122000163,0,0,0
122000164,0,0,0
122000165,61,87,-26
122000166,19,14,5
122000167,62,73,-11
122000168,0,4,-4
122000169,99,81,18
122000170,45,77,-32
122000171,26,54,-28
122000172,369,381,-12
122000173,296,435,-139
122000174,354,307,47
122000175,300,90,210
122000176,4,3,1
122000177,345,655,-310
122000178,63,17,46
122000179,377,314,63
122000180,248,454,-206
122000181,570,1028,-458
122000182,248,48,200
122000183,304,21,283
122000184,3688,713,2975
122000185,887,564,323
122000186,95,98,-3
122000187,52,137,-85
122000188,105,54,51
122000189,0,0,0
122000190,13,213,-200
122000191,82,27,55
122000192,85,4,81
122000193,0,25,-25
122000194,75,10,65
122000195,2,10,-8
122000196,33,49,-16
122000197,28,27,1
122000198,96,87,9
122000199,54,28,26
122000200,97,29,68
122000201,889,1114,-225
122000202,622,575,47
122000203,782,454,328
122000204,188,584,-396
122000205,183,315,-132
122000206,112,37,75
122000207,43,84,-41
122000208,35,127,-92
122000209,8,1,7
122000210,194,661,-467
122000211,212,445,-233
122000212,112,92,20
122000213,142,177,-35
122000214,167,290,-123
122000215,251,218,33
122000217,332,491,-159
122000218,0,0,0
122000219,529,429,100
122000220,72,309,-237
122000221,21,54,-33
122000222,80,5,75
122000223,89,215,-126
122000225,201,61,140
122000226,175,587,-412
122000227,48,330,-282
122000228,59,227,-168
122000229,14,144,-130
122000230,3,334,-331
122000231,14,258,-244
122000232,10,278,-268
122000233,0,2,-2
122000234,5,9,-4
122000235,18,11,7
122000236,41,14,27
122000237,3,2,1
122000238,27,4,23
122000239,9,9,0
122000240,22,6,16
122000241,4,0,4
122000242,2,1,1
122000243,4,4,0
122000244,6,142,-136
122000245,26,128,-102
122000246,24,20,4
122000247,86,304,-218
122000248,307,479,-172
122000249,38,22,16
122000250,78,22,56
122000251,88,124,-36
122000252,29,11,18
122000253,5,127,-122
122000254,9,4,5
122000255,48,35,13
122000256,127,955,-828
122000257,54,246,-192
122000258,27,47,-20
122000259,2,263,-261
122000260,1,65,-64
122000261,0,3,-3
122000262,1,34,-33
122000263,3,66,-63
122000264,0,0,0
122000265,0,0,0
122000266,0,0,0
122000267,0,0,0
122000268,0,0,0
122000269,0,0,0
122000270,0,0,0
122000271,0,1,-1
122000272,0,2,-2
122000273,3,8,-5
122000274,2,2,0
122000275,1,3,-2
122000276,17,89,-72
122000277,93,201,-108
122000278,81,92,-11
122000279,35,205,-170
122000280,238,327,-89
122000281,90,296,-206
122000282,10,30,-20
122000283,148,31,117
122000284,19,44,-25
122000285,125,95,30
122000286,62,122,-60
122000287,11,8,3
122000288,27,5,22
122000291,125,49,76
122000293,19,16,3
122000294,10,0,10
122000295,16,1,15
122000296,14,71,-57
122000297,399,169,230
122000299,26,69,-43
122000300,102,200,-98
122000301,1973,242,1731
122000302,155,44,111
122000303,1674,434,1240
122000304,2,63,-61
122000305,142,43,99
122000306,10,334,-324
122000307,47,43,4
122000309,14,166,-152
122000310,3,8,-5
122000311,8,20,-12
122000312,14,3,11
122000313,0,4,-4
122000314,15,40,-25
122000315,3,1,2
122000316,45,6,39
122000317,53,6,47
122000318,8,21,-13
122000319,63,143,-80
122000320,32,659,-627
122000321,13,229,-216
122000322,480,100,380
122000323,192,135,57
122000324,177,179,-2
122000325,32,100,-68
122000326,0,0,0
122000327,26,65,-39
122000328,145,274,-129
122000330,123,25,98
122000332,9,86,-77
122000333,2,102,-100
122000337,133,881,-748
122000338,37,194,-157
122000340,56,36,20
122000342,473,335,138
122000343,35,561,-526
122000344,0,0,0
122000345,3,0,3
122000346,40,44,-4
122000348,58,147,-89
122000349,7,199,-192
122000351,0,2,-2
122000352,31,11,20
122000353,4,83,-79
122000355,0,3,-3
122000356,722,333,389
122000357,0,0,0
122000358,0,0,0
122000359,0,0,0
122000360,0,0,0
122000362,0,30,-30
122000364,6,89,-83
122000365,0,0,0
122000366,1,4,-3
122000368,83,166,-83
122000370,0,14,-14
122000371,0,0,0
122000372,0,0,0
122000381,13,84,-71
122000382,3,40,-37
122000384,513,335,178
122000385,0,0,0
122000386,11,47,-36
122000387,23,73,-50
122000388,79,27,52
122000389,109,306,-197
122000390,17,43,-26
122000391,0,0,0
122000392,15,45,-30
122000393,0,15,-15
122000394,6,52,-46
122000395,7,32,-25
122000396,12,27,-15
122000397,3,30,-27
122000398,0,0,0
122000399,3,7,-4
122000400,0,0,0
122000401,23,37,-14
122000402,0,0,0
122000403,100,833,-733
122000404,24,7,17
122000408,140,257,-117
122000503,0,0,0
122000524,0,0,0
122000544,0,0,0
122000616,481,2,479
122000640,0,0,0
122000641,0,1,-1
122000642,1,12,-11
122000643,0,1,-1
122000644,50,37,13
122000645,80,150,-70
122000651,142,174,-32
122000664,11,8,3
122000665,344,205,139
122000666,49,118,-69
122000673,11,188,-177
122000674,76,18,58
122000675,177,443,-266
122000686,0,3,-3
122000687,30,182,-152
122000688,0,6,-6
122000689,101,419,-318
122000690,98,491,-393
122000691,0,11,-11
122000692,123,231,-108
122000693,0,13,-13
122000695,59,216,-157
122000696,4,16,-12
122000698,20,429,-409
122000699,32,4,28
122000701,128,116,12
122000702,1,9,-8
122000703,0,0,0
122000712,0,0,0
122000717,132,16,116
122000718,16,5,11
122000719,0,2,-2
122000720,5,12,-7
122000724,79,17,62
122900001,0,0,0
122900002,0,0,0
122900003,0,0,0
122900004,0,0,0
122900005,0,0,0
122900006,0,0,0
122900007,0,0,0
122900008,0,0,0
122900009,0,0,0
122900010,0,0,0
122900012,0,0,0
122900014,0,0,0
122900015,0,0,0
122900016,0,0,0
122900017,0,0,0
122900018,0,0,0
122900019,0,24,-24
122900020,0,0,0
122900021,0,0,0
122900022,3,51,-48
122900023,14,20,-6
122900024,7,14,-7
122900025,0,0,0
122900026,0,0,0
122900027,0,41,-41
122900028,0,0,0
122900029,0,0,0
122900030,226,9,217
122900031,0,0,0
122900032,4,8,-4
122900033,0,0,0
122900034,0,0,0
122900035,0,0,0
122900036,0,0,0
122900037,0,0,0
122900038,0,12,-12
122900039,0,0,0
122900040,0,0,0
122900041,0,0,0
122900042,0,0,0
122900043,0,0,0
122900044,0,0,0
122900045,0,0,0
122900046,0,0,0
122900047,0,0,0
122900048,0,0,0
122900049,0,0,0
122900051,0,0,0
122900052,0,5,-5
122900053,0,0,0
122900055,0,0,0
122900057,0,0,0
122900061,0,0,0
122900062,13,8,5
122900063,0,0,0
122900064,0,0,0
122900065,3,13,-10
122900066,7,11,-4
122900067,0,0,0
122900068,0,0,0
122900069,4,21,-17
122900070,2,2,0
122900071,0,14,-14
122900072,3,40,-37
122900073,0,0,0
122900074,0,0,0
122900075,0,7,-7
122900076,0,7,-7
122900077,0,29,-29
122900078,0,40,-40
122900080,0,0,0
122900081,0,0,0
122900082,0,0,0
122900083,0,0,0
122900084,0,0,0
122900086,0,0,0
122900087,0,1,-1
122900088,0,0,0
122900089,0,0,0
122900090,0,31,-31
122900091,0,0,0
122900092,0,0,0
122900093,0,0,0
122900094,0,0,0
122900095,0,0,0
122900096,0,0,0
122900097,0,0,0
122900098,0,0,0
122900099,0,0,0
122900100,0,0,0
122900101,0,0,0
122900102,0,0,0
122900103,0,0,0
122900104,0,0,0
122900105,0,0,0
122900106,0,0,0
122900107,0,0,0
122900108,0,0,0
123000001,352,169,183
123000002,1700,549,1151
123000003,879,610,269
123000004,1367,1537,-170
123000005,219,397,-178
123000006,1067,1282,-215
123000007,256,340,-84
123000008,834,1943,-1109
123000009,968,700,268
123000010,2360,2677,-317
123000011,439,294,145
123000012,410,1381,-971
123000013,491,137,354
123000014,701,1766,-1065
123000015,1057,242,815
123000016,2850,1504,1346
123000017,329,151,178
123000018,2,24,-22
123000019,0,3,-3
123000020,0,0,0
123000021,0,0,0
123000022,0,4,-4
123000023,70,114,-44
123000024,57,51,6
123000025,1,4,-3
123000026,2,17,-15
123000027,8,74,-66
123000028,15,5,10
123000029,66,96,-30
123000030,3,255,-252
123000031,1,19,-18
123000032,5,11,-6
123000033,3,2,1
123000034,24,42,-18
123000035,12,11,1
123000036,16,15,1
123000037,43,105,-62
123000038,14,102,-88
123000039,164,195,-31
123000040,403,171,232
123000041,54,20,34
123000042,154,222,-68
123000043,170,270,-100
123000044,1215,627,588
123000045,2832,611,2221
123000046,11,14,-3
123000047,779,265,514
123000048,0,0,0
123000049,736,174,562
123000050,105,75,30
123000051,0,6,-6
123000052,100,196,-96
123000053,815,381,434
123000054,283,171,112
123000055,128,137,-9
123000056,260,615,-355
123000057,4221,1101,3120
123000058,50,79,-29
123000059,36,37,-1
123000060,83,86,-3
123000061,16,64,-48
123000063,97,188,-91
123000064,89,62,27
123000065,1857,884,973
123000066,317,186,131
123000067,40,86,-46
123000068,981,1110,-129
123000069,4434,1239,3195
123000070,55,86,-31
123000071,13,54,-41
123000072,289,544,-255
123000073,15,33,-18
123000074,192,601,-409
123000075,23,57,-34
123000076,69,264,-195
123000077,788,862,-74
123000078,30,59,-29
123000079,30,68,-38
123000080,437,819,-382
123000081,34,89,-55
123000082,69,190,-121
123000083,43,11,32
123000084,58,228,-170
123000085,2,19,-17
123000086,8,56,-48
123000087,3,59,-56
123000088,137,317,-180
123000089,3,4,-1
123000090,336,532,-196
123000091,13,5,8
123000092,226,350,-124
123000094,45,26,19
123000095,5,14,-9
123000096,9,13,-4
123000097,87,361,-274
123000098,6,13,-7
123000099,134,331,-197
123000100,94,135,-41
123000101,9,14,-5
123000102,42,127,-85
123000104,13,64,-51
123000105,166,143,23
123000106,27,91,-64
123000107,75,153,-78
123000108,247,285,-38
123000111,38,14,24
123000112,50,42,8
123000113,88,564,-476
123000114,9,16,-7
123000115,22,62,-40
123000116,8,24,-16
123000117,170,569,-399
123000118,113,278,-165
123000119,37,240,-203
123000120,87,193,-106
123000121,66,71,-5
123000122,202,131,71
123000123,53,32,21
123000124,270,255,15
123000125,81,17,64
123000126,60,93,-33
123000127,1183,453,730
123000128,60,197,-137
123000129,1,1,0
123000130,0,0,0
123000131,28,203,-175
123000132,93,215,-122
123000133,67,180,-113
123000134,166,33,133
123000135,94,163,-69
123000136,53,464,-411
123000137,11,140,-129
123000138,16,179,-163
123000139,0,0,0
123000140,34,262,-228
123000141,2,1,1
123000142,251,364,-113
123000143,329,984,-655
123000144,1,7,-6
123000145,18,10,8
123000146,2,17,-15
123000147,4,11,-7
123000149,1,2,-1
123000150,0,0,0
123000151,65,40,25
123000152,10,169,-159
123000153,33,49,-16
123000154,320,169,151
123000155,500,130,370
123000156,7,32,-25
123000157,134,260,-126
123000158,0,1,-1
123000159,361,202,159
123000160,72,33,39
123000161,254,49,205
123000162,39,38,1
123000163,0,0,0
123000164,0,0,0
123000165,62,553,-491
123000166,9,59,-50
123000167,8,117,-109
123000168,23,137,-114
123000169,0,0,0
123000170,0,134,-134
123000171,0,18,-18
123000172,38,243,-205
123000173,0,1,-1
123000174,0,0,0
123000175,309,584,-275
123000176,0,0,0
123000177,55,297,-242
123000178,0,0,0
123000179,3,251,-248
123000180,205,10,195
123000181,49,551,-502
123000182,13,109,-96
123000183,38,15,23
123000184,20,245,-225
123000185,0,0,0
123000186,1,421,-420
123000187,1,1,0
123000188,0,2,-2
123000189,9,55,-46
123000190,0,19,-19
123000192,2,133,-131
123000193,13,159,-146
123000194,109,91,18
123000195,0,0,0
123000196,0,0,0
123000197,0,54,-54
123000198,1,59,-58
123000199,1,186,-185
123000200,0,0,0
123000201,0,0,0
123000202,9,541,-532
123000203,1,0,1
123000204,12,562,-550
123000205,62,734,-672
123000206,65,4,61
123000207,22,329,-307
123000208,19,7,12
123000209,103,16,87
123000210,131,484,-353
123000211,183,848,-665
123000212,0,0,0
123000213,0,0,0
123000215,371,50,321
123000216,0,0,0
123000217,0,0,0
123000218,37,94,-57
123000219,0,0,0
123000220,0,0,0
123000221,0,0,0
123000222,10,22,-12
123000223,16,22,-6
123000224,23,62,-39
123000225,10,33,-23
123000226,2,215,-213
123000227,7,143,-136
123000228,0,22,-22
123000229,263,707,-444
123000232,27,197,-170
123000233,0,0,0
123000234,30,318,-288
123000235,1,0,1
123000236,28,405,-377
123000237,0,0,0
123000238,15,267,-252
123000239,136,875,-739
123000240,2,55,-53
123000241,0,0,0
123000242,9,66,-57
123000243,171,465,-294
123000244,275,285,-10
123000245,24,94,-70
123000249,836,375,461
123000252,0,0,0
123000253,0,0,0
123000254,30,330,-300
123000255,34,65,-31
123000256,24,104,-80
123000257,808,811,-3
123000258,186,452,-266
123000259,35,114,-79
123000260,22,185,-163
123000261,32,78,-46
123000262,18,85,-67
123000263,10,12,-2
123000264,4,0,4
123000265,7,36,-29
123000266,48,187,-139
123000267,0,0,0
123000268,6,13,-7
123000269,0,0,0
123000270,0,0,0
123000271,7,16,-9
123000272,0,0,0
123000273,1,0,1
123000274,0,0,0
123000275,61,467,-406
123000278,579,544,35
123000279,0,0,0
123000280,8,90,-82
123000281,0,0,0
123000282,13,92,-79
123000283,0,0,0
123000284,6,41,-35
123000286,71,43,28
123000287,69,74,-5
123000288,0,2,-2
123000289,0,0,0
123000291,114,393,-279
123000294,11,31,-20
123000295,151,43,108
123000296,20,23,-3
123000297,5,27,-22
123000298,24,76,-52
123000299,0,1,-1
123000300,31,117,-86
123000301,6,44,-38
123000302,5,4,1
123000303,1,5,-4
123000305,354,205,149
123000306,1,98,-97
123000309,7,25,-18
123000310,0,0,0
123000311,0,144,-144
123000312,154,226,-72
123000313,0,0,0
123000315,0,21,-21
123000316,0,0,0
123000317,0,0,0
123000318,8,48,-40
123000329,191,53,138
123000337,0,71,-71
123000338,14,8,6
123000339,4,307,-303
123000340,4,28,-24
123000342,0,46,-46
123000343,0,0,0
123000344,148,106,42
123000345,52,141,-89
123000346,0,1,-1
123000352,588,383,205
123000353,4,35,-31
123000354,1,0,1
123000355,2,124,-122
123000356,1,0,1
123000357,0,93,-93
123000359,0,88,-88
123000360,0,0,0
123000361,120,74,46
123000362,17,36,-19
123000363,2,110,-108
123000364,43,25,18
123000365,6,72,-66
123000366,118,201,-83
123000367,60,292,-232
123000370,2,112,-110
123000371,0,0,0
123000372,2,0,2
123000373,1,162,-161
123000374,1,64,-63
123000375,6,1,5
123000376,42,66,-24
123000377,0,0,0
123000378,0,191,-191
123000379,3,90,-87
123000380,2,78,-76
123000381,7,3,4
123000382,45,1,44
123000383,45,193,-148
123000384,20,7,13
123000385,45,236,-191
123000436,16,231,-215
123000507,11,11,0
123000508,4,82,-78
123000517,168,16,152
123000518,6,48,-42
123000519,106,50,56
123000520,25,44,-19
123000521,66,65,1
123000522,41,134,-93
123000541,0,0,0
123000542,0,14,-14
123000565,43,2,41
123000566,12,254,-242
123000567,26,63,-37
123000573,22,521,-499
123000574,1,0,1
123000575,80,713,-633
123000576,35,1087,-1052
123000577,42,291,-249
123000578,0,0,0
123000579,335,89,246
123000580,49,6,43
123000582,4,1,3
123000583,8,250,-242
123000584,0,0,0
123000585,1,42,-41
123000586,0,1,-1
123000596,13,44,-31
123000597,0,1,-1
123000602,0,0,0
123000603,16,185,-169
123000604,19,499,-480
123000605,397,44,353
123000606,1,886,-885
123000609,4,217,-213
123000610,3,1,2
123000613,79,133,-54
123000614,0,0,0
123000615,70,161,-91
123000616,0,0,0
123000617,43,374,-331
123000618,22,323,-301
123000619,0,0,0
123000620,45,315,-270
123000622,0,0,0
123000624,0,0,0
123000630,29,40,-11
123000631,31,632,-601
123000632,269,369,-100
123000633,0,40,-40
123000634,1,0,1
123000635,87,51,36
123000636,7,196,-189
123000637,0,0,0
123000638,0,0,0
123000639,0,1,-1
123000640,1,498,-497
123000648,0,0,0
123000649,7,227,-220
123900001,13,1,12
123900002,0,0,0
123900003,0,0,0
123900005,0,0,0
123900006,0,0,0
124000001,221,1,220
124000002,86,641,-555
124000003,13,1,12
124000004,14,289,-275
124000005,15,0,15
124000006,109,747,-638
124000007,9,0,9
124000008,9,191,-182
124000009,1,1,0
124000010,42,286,-244
124000011,10,0,10
124000012,46,469,-423
124000017,0,0,0
124000018,48,44,4
124000019,0,0,0
124000020,10,111,-101
124000021,0,0,0
124000022,37,115,-78
124000023,220,135,85
124000024,250,266,-16
124000025,150,92,58
124000026,281,251,30
124000027,1047,366,681
124000028,1501,1355,146
124000030,1288,477,811
124000031,58,11,47
124000032,1806,334,1472
124000033,58,3,55
124000034,797,334,463
124000035,21,2,19
124000036,33,385,-352
124000037,18,12,6
124000038,16,68,-52
124000039,167,43,124
124000040,156,260,-104
124000041,61,13,48
124000042,10,236,-226
124000043,14,10,4
124000044,25,170,-145
124000045,0,0,0
124000046,65,480,-415
124000047,0,0,0
124000048,115,877,-762
124000049,0,0,0
124000050,153,1091,-938
124000051,0,0,0
124000052,99,644,-545
124000053,0,0,0
124000054,254,368,-114
124000055,0,0,0
124000056,1243,859,384
124000057,0,0,0
124000058,113,697,-584
124000059,10,26,-16
124000060,452,392,60
124000061,13,67,-54
124000062,3011,575,2436
124000063,557,736,-179
124000064,641,750,-109
124000065,11,53,-42
124000066,0,0,0
124000067,0,0,0
124000068,2,30,-28
124000069,0,0,0
124000070,23,216,-193
124000071,0,0,0
124000072,42,110,-68
124000073,0,0,0
124000074,33,290,-257
124000075,0,0,0
124000076,4,132,-128
124000077,371,221,150
124000078,19,8,11
124000079,241,263,-22
124000080,0,0,0
124000081,14,296,-282
124000082,0,0,0
124000083,10,48,-38
124000084,4,6,-2
124000085,9,32,-23
124000086,0,0,0
124000087,0,0,0
124000088,4,3,1
124000089,12,9,3
124000090,25,220,-195
124000091,14,11,3
124000092,9,382,-373
124000093,0,0,0
124000094,4,48,-44
124000095,0,0,0
124000096,15,41,-26
124000097,0,0,0
124000098,7,61,-54
124000099,2,7,-5
124000100,4,65,-61
124000101,1,12,-11
124000102,34,47,-13
124000103,7,9,-2
124000104,13,58,-45
124000105,0,2,-2
124000106,15,62,-47
124000107,1,14,-13
124000108,10,27,-17
124000109,0,0,0
124000110,12,56,-44
124000111,10,24,-14
124000112,20,89,-69
124000113,0,0,0
124000114,8,74,-66
124000115,51,67,-16
124000116,1,2,-1
124000117,41,28,13
124000118,1,1,0
124000119,42,162,-120
124000120,1,25,-24
124000121,113,27,86
124000122,379,332,47
124000123,51,34,17
124000124,84,249,-165
124000125,75,34,41
124000126,126,221,-95
124000127,72,79,-7
124000128,185,566,-381
124000129,162,320,-158
124000130,374,231,143
124000131,110,84,26
124000132,409,407,2
124000133,63,72,-9
124000134,194,256,-62
124000135,118,101,17
124000136,258,347,-89
124000137,90,53,37
124000138,252,269,-17
124000139,0,0,0
124000140,3,123,-120
124000141,0,0,0
124000142,5,63,-58
124000143,0,0,0
124000144,5,20,-15
124000145,0,0,0
124000146,1,38,-37
124000148,0,0,0
124000149,8,5,3
124000150,119,206,-87
124000151,14,1,13
124000152,126,331,-205
124000153,2,7,-5
124000154,60,364,-304
124000155,19,10,9
124000156,346,331,15
124000169,5,13,-8
124000170,100,134,-34
124000171,3,4,-1
124000172,53,180,-127
124000173,9,16,-7
124000174,35,212,-177
124000175,5,61,-56
124000176,0,0,0
124000177,14,30,-16
124000178,0,0,0
124000190,20,3,17
124000191,60,26,34
124000192,23,6,17
124000193,84,563,-479
124000194,131,297,-166
124000195,34,120,-86
124000196,328,514,-186
124000197,21,20,1
124000198,0,0,0
124000201,9,419,-410
124000202,0,20,-20
124000203,16,452,-436
124000204,2,101,-99
124000205,7,299,-292
124000206,4,104,-100
124000207,0,71,-71
124000209,34,243,-209
124000210,6,114,-108
124000211,0,0,0
124000212,1,247,-246
124000213,7,188,-181
124000214,3,153,-150
124000215,0,0,0
124000216,0,265,-265
124000329,32,1020,-988
124000338,22,490,-468
124000339,10,0,10
124000341,7,0,7
124000344,2,2,0
124000357,64,60,4
124000358,131,93,38
124000359,33,19,14
124000360,17,27,-10
124000361,26,22,4
124000362,484,1150,-666
124000363,103,433,-330
124000364,220,778,-558
124000365,507,1107,-600
124000366,1469,838,631
124000367,74,258,-184
124000368,3,0,3
124000369,6,7,-1
124000370,38,363,-325
124000402,0,0,0
124000403,0,0,0
124000404,9,66,-57
124000405,181,81,100
124000406,299,455,-156
124000407,3,22,-19
124000411,0,126,-126
124000412,0,0,0
124000413,0,0,0
124000414,6,8,-2
124000415,16,73,-57
124000416,36,115,-79
124000417,4,25,-21
124000418,2,15,-13
124000419,3,86,-83
124000420,0,19,-19
124000421,9,151,-142
124000422,0,1,-1
124000423,3,3,0
124000424,1,57,-56
124000425,0,0,0
124000426,1,45,-44
124000427,0,1,-1
124000428,4,12,-8
124000429,3,179,-176
124000430,29,146,-117
124000431,35,142,-107
124000432,47,196,-149
124000439,0,0,0
124000443,2,12,-10
124000445,12,5,7
124000446,675,27,648
124900001,0,0,0
124900002,0,0,0
124900003,0,0,0
124900004,0,0,0
124900005,0,0,0
124900006,0,0,0
124900008,0,0,0
124900009,0,0,0
124900010,0,0,0
124900011,0,0,0
124900012,0,0,0
124900013,0,0,0
124900014,0,0,0
124900015,0,0,0
124900016,0,0,0
124900017,0,0,0
124900018,0,0,0
124900020,0,0,0
124900021,0,0,0
124900022,0,0,0
124900024,0,0,0
124900026,0,3,-3
124900027,0,0,0
124900028,0,0,0
124900029,0,0,0
124900030,0,0,0
124900031,0,0,0
124900032,0,0,0
124900033,0,0,0
124900034,0,0,0
124900035,0,0,0
124900036,0,0,0
124900037,1,3,-2
124900038,0,0,0
124900039,0,0,0
124900040,0,0,0
124900041,6,42,-36
124900042,0,0,0
124900043,17,95,-78
124900044,0,0,0
124900045,33,38,-5
124900046,60,18,42
124900047,3,8,-5
124900048,3,15,-12
124900050,6,21,-15
124900052,3,55,-52
124900053,4,78,-74
124900054,581,64,517
124900055,1,19,-18
124900057,1,13,-12
124900060,8,54,-46
124900061,0,0,0
124900062,0,0,0
124900066,0,4,-4
124900067,1,34,-33
124900068,0,0,0
124900070,0,0,0
124900072,0,0,0
124900075,0,0,0
124900076,0,0,0
124900077,0,0,0
124900078,0,0,0
124900079,2,1,1
124900080,7,62,-55
124900081,0,0,0
124900082,0,3,-3
124900083,14,29,-15
124900085,0,0,0
124900086,0,0,0
124900087,0,0,0
124900088,0,0,0
124900089,106,0,106
124900090,0,0,0
124900091,0,0,0
124900092,0,0,0
124900093,0,0,0
124900094,0,0,0
124900095,0,0,0
124900096,0,0,0
124900097,0,0,0
124900098,0,0,0
124900099,0,0,0
124900100,0,0,0
124900101,0,0,0
124900102,0,0,0
124900103,0,4,-4
124900104,2,5,-3
124900105,0,4,-4
124900106,0,0,0
124900107,0,0,0
124900108,0,0,0
124900111,0,13,-13
124900112,4,102,-98
124900113,0,5,-5
124900114,0,3,-3
124900115,0,0,0
124900116,0,0,0
124900117,0,0,0
124900118,0,0,0
124900119,0,0,0
124900120,14,52,-38
124900121,0,0,0
124900122,111,26,85
124900123,0,0,0
124900124,18,14,4
204000001,0,0,0
204000002,0,1,-1
204000003,0,0,0
204000004,0,0,0
204000005,1,2,-1
204000006,2,2,0
204000011,32,77,-45
204000012,11,134,-123
204000019,154,161,-7
204000020,58,155,-97
204000021,226,135,91
204000022,59,128,-69
204000023,226,900,-674
204000031,0,0,0
204000032,0,0,0
204000034,90,460,-370
204000035,6,4,2
204000036,22,20,2
204000037,7,11,-4
204000038,2,20,-18
204000039,12,57,-45
204000040,4,20,-16
204000041,2,32,-30
204000042,0,0,0
204000043,0,0,0
204000044,0,0,0
204000045,0,0,0
204000046,0,1,-1
204000057,13,64,-51
204000062,39,152,-113
204000068,59,115,-56
204000069,15,62,-47
204000070,0,0,0
204000080,18,55,-37
204000085,423,619,-196
204000086,1156,973,183
204000087,73,122,-49
204000088,29,73,-44
204000090,57,521,-464
204000093,0,0,0
204000096,12,16,-4
204000097,0,0,0
204000099,36,35,1
204000100,8,8,0
204000105,567,665,-98
204000110,283,774,-491
204000111,170,389,-219
204000112,136,480,-344
204000113,114,419,-305
204000114,54,40,14
204000115,39,65,-26
204000116,50,103,-53
204000119,3,2,1
204000132,6,0,6
204000133,1,0,1
204000134,1,0,1
204000135,0,0,0
204000136,0,0,0
204000138,0,0,0
204000140,1,0,1
204000141,0,0,0
204000144,0,0,0
204000145,0,0,0
204000146,119,280,-161
204000147,17,97,-80
204000148,0,0,0
204000154,0,0,0
204000155,8,12,-4
204000177,0,0,0
204000179,0,0,0
204000180,2,76,-74
204000222,0,11,-11
204000235,25,11,14
204000236,18,216,-198
204000238,0,0,0
204000240,54,60,-6
204000263,257,530,-273
204000268,2,2,0
204000308,0,0,0
204000317,30,48,-18
204000322,8,28,-20
204000323,0,0,0
204000328,0,0,0
204000329,87,145,-58
204000330,0,0,0
204000331,94,134,-40
204010341,0,0,0
205000001,1001,483,518
205000013,0,68,-68
205000014,9,119,-110
205000015,14,222,-208
205000016,3,197,-194
205000017,35,56,-21
205000022,167,379,-212
205000025,1152,662,490
205000029,41,32,9
205000045,15,131,-116
205000046,20,331,-311
205000047,30,367,-337
205000048,63,633,-570
205000049,52,564,-512
205000050,760,214,546
205000059,0,237,-237
205000060,0,23,-23
205000061,0,18,-18
205000062,0,34,-34
205000063,3,38,-35
205000064,25,127,-102
205000065,21,366,-345
205000066,28,572,-544
205000067,15,898,-883
205000069,458,247,211
205000082,0,0,0
205000110,30,157,-127
205000111,80,194,-114
205000112,0,0,0
205000113,163,104,59
205000121,0,0,0
205000123,147,134,13
205000126,0,0,0
205000127,0,0,0
205000128,0,0,0
205000129,0,0,0
205000130,0,0,0
205000131,0,0,0
205000132,0,0,0
205000133,0,0,0
205000134,0,0,0
205000137,88,101,-13
205000138,137,139,-2
205000139,13,44,-31
205000144,0,0,0
205000145,0,0,0
205000151,0,0,0
205000152,0,0,0
205000153,0,0,0
205000154,0,0,0
205000155,0,0,0
205000207,255,137,118
205000233,0,1,-1
205000234,0,1,-1
205000243,0,0,0
205000244,0,7,-7
205000245,21,219,-198
205000249,0,16,-16
205000250,0,0,0
205000264,0,90,-90
206000027,0,1,-1
206000028,0,0,0
206000043,8,130,-122
206000053,5,31,-26
206000054,10,43,-33
206000055,3,50,-47
206000075,4,14,-10
206000076,17,22,-5
206000077,13,16,-3
206000078,10,17,-7
206000079,21,9,12
206000082,0,0,0
206000100,41,596,-555
206000103,10,29,-19
206000104,21,49,-28
206000105,4,29,-25
206000106,27,80,-53
206000108,639,129,510
206000125,0,0,0
206000157,300,791,-491
206000170,1,347,-346
206000171,5,253,-248
206000172,10,745,-735
206000173,1,251,-250
206000174,10,201,-191
206000175,8,265,-257
206000176,42,376,-334
206000177,3,240,-237
206000178,3,165,-162
206000179,2,115,-113
206000180,25,216,-191
206000181,17,243,-226
206000182,55,263,-208
206000183,31,651,-620
206000184,12,385,-373
206000185,12,317,-305
206000186,84,901,-817
206000223,17,251,-234
206000226,0,0,0
206000227,0,0,0
206000237,16,226,-210
206000238,57,355,-298
206000239,712,844,-132
206000240,0,64,-64
206000241,2,313,-311
206000242,21,366,-345
206000243,6,358,-352
206000244,89,781,-692
206000245,49,6,43
206000246,6,0,6
206000247,26,2,24
206000248,16,3,13
206000252,43,84,-41
206000258,38,63,-25
206000315,38,8,30
206000317,53,12,41
206000318,28,18,10
206000319,80,17,63
206000320,22,7,15
206000321,15,8,7
206000322,0,0,0
206000323,0,0,0
206000324,0,0,0
206000325,0,0,0
206000326,0,0,0
206000327,4,0,4
206000328,11,0,11
206000329,10,0,10
206000330,5,1,4
206000331,3,0,3
206000332,1,2,-1
206000333,7,0,7
206000334,16,0,16
206000335,0,22,-22
206000361,13,318,-305
206000392,8,79,-71
206000405,42,0,42
206000441,0,1,-1
206000498,5,7,-2
206000515,403,32,371
206000530,0,0,0
206000531,0,0,0
206000532,3,1,2
206000535,198,443,-245
206000536,18,83,-65
206000537,7,66,-59
206000613,4,0,4
207000001,74,384,-310
207000002,35,338,-303
207000003,51,308,-257
207000007,88,12,76
207000008,8,5,3
207000009,8,5,3
207000010,197,221,-24
207000012,0,0,0
207000015,284,646,-362
207000019,43,10,33
207000021,56,38,18
207000022,6,14,-8
207000023,9,16,-7
207000024,2,4,-2
207000025,1,10,-9
207000026,48,114,-66
207000027,18,90,-72
207000028,36,210,-174
207000029,125,408,-283
207000033,40,49,-9
207000034,33,15,18
207000039,0,0,0
207000040,0,0,0
207000041,0,0,0
207000042,0,0,0
207000043,0,0,0
207000051,27,304,-277
207000052,4,188,-184
207000053,353,691,-338
207000054,16,123,-107
207000055,54,184,-130
207000056,145,344,-199
207000057,139,307,-168
207000058,69,445,-376
207000059,45,716,-671
207000060,17,160,-143
207000061,5,18,-13
207000062,37,25,12
207000063,36,101,-65
207000064,98,99,-1
207000065,47,107,-60
207000066,12,112,-100
207000067,10,70,-60
207000068,20,26,-6
207000069,258,171,87
207000082,6,29,-23
207000083,22,159,-137
207000084,3,1,2
207000085,26,4,22
207000086,6,2,4
207000106,0,0,0
207000107,0,0,0
207000108,0,0,0
207000109,0,0,0
207000110,0,0,0
207000111,0,0,0
207000112,0,0,0
207000114,12,34,-22
207000115,13,81,-68
207000116,15,186,-171
207000117,7,114,-107
207000118,2,119,-117
207000119,6,122,-116
207000123,0,0,0
207000124,0,0,0
207000125,0,0,0
207000126,0,0,0
207000134,1,24,-23
207000135,1,38,-37
207000148,0,0,0
207000149,48,40,8
207000152,84,322,-238
207000153,1462,853,609
207000154,71,33,38
207000159,28,224,-196
207000160,55,451,-396
207000238,0,36,-36
207000242,3,87,-84
207000248,21,9,12
207000249,46,46,0
207000250,206,33,173
207000251,44,46,-2
207000252,21,65,-44
207000278,0,0,0
207000279,28,201,-173
207000280,10,3,7
207000281,24,467,-443
207000282,2,4,-2
207000283,27,62,-35
207000284,13,13,0
207000285,0,0,0
207000291,10,120,-110
207000304,26,40,-14
207000306,36,350,-314
207000310,0,0,0
207000353,0,0,0
207000356,5,11,-6
207000357,0,0,0
207000358,0,0,0
207000415,4,119,-115
207000417,0,0,0
207000418,39,88,-49
207000438,0,4,-4
207000439,368,93,275
207000446,0,0,0
207000460,2,2,0
207000466,82,181,-99
207000467,0,0,0
207000468,18,326,-308
207000476,0,17,-17
207000477,9,9,0
207000478,1,7,-6
207000523,0,13,-13
207000524,0,1,-1
207000527,18,60,-42
207000530,0,0,0
207000531,0,0,0
207000532,0,0,0
207000534,0,0,0
207000535,29,136,-107
207000537,19,62,-43
207000540,3,135,-132
207000541,3,215,-212
207000548,3,214,-211
207000549,0,0,0
207000561,0,0,0
207000562,9,107,-98
207000567,153,185,-32
207000568,2,33,-31
207000569,14,371,-357
207000584,200,60,140
207000585,0,0,0
207000587,0,0,0
207000616,2,254,-252
207000617,0,0,0
207000624,0,0,0
207000631,0,0,0
207900008,8,37,-29
208000001,32,88,-56
208000002,16,67,-51
208000003,68,81,-13
208000004,79,86,-7
208000005,2,30,-28
208000019,0,5,-5
208000020,0,7,-7
208000021,41,246,-205
208000022,188,244,-56
208000028,57,25,32
208000033,105,238,-133
208000034,237,505,-268
208000037,2,1,1
208000040,2,0,2
208000041,0,1,-1
208000042,0,2,-2
208000047,36,191,-155
208000064,16,3,13
208000066,4,1,3
208000070,0,0,0
208000071,0,0,0
208000072,0,0,0
208000080,24,36,-12
208000081,14,28,-14
208000082,31,136,-105
208000083,35,258,-223
208000084,0,0,0
208000085,272,311,-39
208000086,213,551,-338
208000087,82,406,-324
208000089,221,279,-58
208000090,154,502,-348
208000093,15,42,-27
208000094,149,308,-159
208000095,285,225,60
208000104,4,2,2
208000105,3,1,2
208000114,2,0,2
208000115,50,206,-156
208000116,0,7,-7
208000117,0,0,0
208000118,0,0,0
208000155,166,509,-343
208000158,1016,1051,-35
208000186,20,4,16
208000204,75,393,-318
208000205,269,514,-245
208000282,2128,488,1640
209000004,38,64,-26
209000005,8,17,-9
209000006,134,129,5
209000007,79,97,-18
209000010,119,102,17
209000011,31,93,-62
209000012,45,231,-186
209000013,50,400,-350
209000014,218,1099,-881
209000025,36,34,2
209000026,220,33,187
209000027,130,798,-668
209000028,118,905,-787
209000029,219,732,-513
209000030,118,1184,-1066
209000031,3157,1631,1526
209000034,87,278,-191
209000035,42,152,-110
209000036,42,102,-60
209000037,43,118,-75
209000038,89,158,-69
209000039,52,114,-62
209000040,147,382,-235
209000041,154,417,-263
209000042,153,336,-183
209000043,150,322,-172
209000044,224,293,-69
209000045,58,177,-119
209000046,46,211,-165
209000047,33,80,-47
209000048,17,106,-89
209000049,48,148,-100
209000050,125,282,-157
209000051,111,316,-205
209000052,48,314,-266
209000062,10,96,-86
209000063,6,75,-69
209000064,6,110,-104
209000065,0,0,0
209000066,0,0,0
209000067,0,0,0
209000080,13,72,-59
209000082,0,0,0
209000091,10,42,-32
209000093,32,32,0
209000094,198,83,115
209000110,0,0,0
209000111,137,566,-429
209000112,149,175,-26
209000113,214,162,52
209000114,130,104,26
209000115,76,133,-57
209000116,1451,372,1079
209000118,0,0,0
209000119,11,14,-3
209000121,88,433,-345
209000135,0,0,0
209000142,498,390,108
209000143,4,21,-17
209000144,4,17,-13
209000229,13,90,-77
209000240,11,253,-242
209000259,90,153,-63
209000260,9,596,-587
209000261,2,309,-307
209000262,0,195,-195
209000263,0,36,-36
209000264,0,22,-22
209000265,0,1,-1
209000266,0,0,0
209000267,0,0,0
209000268,0,0,0
210000037,0,0,0
210000047,0,0,0
210000048,0,0,0
210000049,0,0,0
210000052,6,68,-62
210000053,4,47,-43
210000054,23,24,-1
210000070,0,0,0
210000071,0,0,0
210000072,0,0,0
210000073,0,25,-25
210000074,0,71,-71
210000075,3,25,-22
210000076,1,84,-83
210000077,6,22,-16
210000078,11,17,-6
210000079,0,0,0
210000080,0,0,0
210000081,1,0,1
210000082,0,0,0
210000083,0,0,0
210000084,0,0,0
210000085,0,41,-41
210000086,2,59,-57
210000099,30,234,-204
210000100,20,180,-160
210000101,44,193,-149
210000105,42,56,-14
210000159,1,46,-45
210000163,116,129,-13
210000164,0,0,0
210000168,0,0,0
210000187,0,6,-6
210000188,0,16,-16
210000214,0,0,0
210000219,0,0,0
210000220,0,0,0
210000232,2,12,-10
210000233,0,15,-15
210000234,12,59,-47
210000235,19,81,-62
210000245,1,16,-15
210000246,0,3,-3
210000258,6,105,-99
210000259,0,0,0
210000282,14,160,-146
210000285,0,51,-51
210000286,12,86,-74
210000290,0,0,0
210000295,7,26,-19
210000296,6,20,-14
210000320,0,0,0
210000321,0,0,0
210000338,23,56,-33
210000339,426,317,109
210000340,64,112,-48
210000341,86,126,-40
210000342,51,85,-34
210000343,55,115,-60
210000344,49,82,-33
210000345,101,51,50
210000346,14,38,-24
210000347,6,17,-11
210000348,18,14,4
210000349,9,15,-6
210000350,37,57,-20
210000351,43,86,-43
210000352,1,4,-3
210000353,6,8,-2
210000354,1,3,-2
210000355,0,4,-4
210000356,0,1,-1
210000357,0,1,-1
210000358,3,3,0
210000359,0,0,0
210000360,3,1,2
210000361,0,2,-2
210000362,0,5,-5
210000363,19,0,19
210000364,0,0,0
210000365,0,0,0
210000366,0,1,-1
210000367,2,0,2
210000368,1,0,1
210000369,0,0,0
210000370,0,0,0
210000372,0,0,0
210000373,0,0,0
210000374,0,0,0
210000375,0,4,-4
210000376,2,3,-1
210000404,82,125,-43
210000439,0,0,0
210000472,0,0,0
210000482,0,0,0
210000564,13,0,13
210000567,1,3,-2
210000568,0,0,0
211000092,0,0,0
211000094,0,0,0
211000169,0,0,0
211000172,0,0,0
211000209,0,0,0
211000226,0,0,0
211000270,0,3,-3
211000275,0,0,0
211000276,0,0,0
211000279,0,0,0
211000281,0,0,0
211507980,0,0,0
211977296,0,0,0
212000003,0,0,0
212000004,0,19,-19
212000005,6,19,-13
212000006,8,54,-46
212000008,66,209,-143
212000009,11,121,-110
212000012,28,52,-24
212000013,13,42,-29
212000014,146,131,15
212000015,108,145,-37
212000016,284,377,-93
212000027,14,4,10
212000028,14,7,7
212000029,3,4,-1
212000030,2,2,0
212000031,0,3,-3
212000048,12,44,-32
212000049,5,9,-4
212000050,4,7,-3
212000051,63,127,-64
212000052,73,235,-162
212000053,212,408,-196
212000054,0,6,-6
212000055,2,4,-2
212000056,0,0,0
212000057,0,0,0
212000058,0,0,0
212000070,47,153,-106
212000077,44,480,-436
212000099,0,2,-2
212000108,0,0,0
212000111,0,0,0
212000120,48,81,-33
212000138,33,23,10
212000156,7,61,-54
212000158,0,0,0
212000159,4,2,2
212000160,2,4,-2
212000161,0,0,0
212000310,4,26,-22
212000311,0,0,0
212000374,5,10,-5
213000001,7,157,-150
213000005,15,4,11
213000006,17,3,14
213000007,0,0,0
213000009,0,0,0
213000010,0,0,0
213000011,0,0,0
213000012,46,153,-107
213000014,0,0,0
213000015,0,0,0
213000016,0,0,0
213000017,0,0,0
213000018,0,115,-115
213000019,0,96,-96
213000020,18,90,-72
213000021,2,55,-53
213000023,0,1,-1
213000033,35,266,-231
213000034,1,2,-1
213000035,0,0,0
213000045,28,45,-17
213000046,39,29,10
213000047,177,59,118
213000056,0,0,0
213000069,0,0,0
213000073,0,2,-2
213000074,33,247,-214
213000075,0,0,0
213000076,0,0,0
213000085,0,20,-20
213000086,1,239,-238
213000091,0,0,0
213000092,0,0,0
213000099,62,258,-196
213000100,0,1,-1
213000101,3,72,-69
213000102,2,179,-177
213000103,68,159,-91
213000104,23,117,-94
213000105,0,26,-26
213000106,7,119,-112
213000107,36,331,-295
213000108,11,316,-305
213000109,0,124,-124
213000110,3,22,-19
213000111,5,16,-11
213000112,102,67,35
213000115,0,0,0
213000116,21,132,-111
213000117,1,198,-197
213000118,46,67,-21
213000119,24,459,-435
213000120,58,453,-395
213000122,105,323,-218
213000123,434,328,106
213000124,22,461,-439
213000125,2,0,2
213000126,3,23,-20
213000127,27,69,-42
213000128,255,162,93
213000129,5,0,5
213000130,0,1,-1
213000132,2,0,2
213000133,0,0,0
213000134,0,0,0
213000136,4,0,4
213000137,6,0,6
213000139,1,0,1
213000147,0,0,0
213000148,0,0,0
213000149,0,0,0
213000150,0,48,-48
213000151,1,57,-56
213000152,0,32,-32
213000153,1,12,-11
213000154,11,126,-115
213000155,13,205,-192
213000156,23,242,-219
213000157,304,295,9
213000158,44,296,-252
213000159,0,1,-1
213000163,0,0,0
213000165,0,7,-7
213000171,1,94,-93
213000172,0,157,-157
213000173,2,120,-118
213000174,2,134,-132
213000175,4,57,-53
213000176,0,0,0
213000177,0,0,0
213000178,0,0,0
213000179,0,0,0
213000180,0,0,0
213000184,14,117,-103
213000188,0,0,0
213000189,0,0,0
213000190,25,356,-331
213000191,14,321,-307
213000192,9,271,-262
213000193,1303,97,1206
213000194,2,6,-4
213000195,2,230,-228
213000196,36,431,-395
213000197,1,0,1
213000198,0,0,0
213000200,66,528,-462
213000201,39,22,17
213000202,4,502,-498
213000203,12,0,12
213000204,1,2,-1
213000205,2,0,2
213000206,2,0,2
213000207,0,0,0
213000208,0,0,0
213000209,0,0,0
213000210,0,0,0
213000211,0,3,-3
213000212,0,10,-10
213000213,2,17,-15
213000218,40,316,-276
213000219,0,0,0
213000220,0,0,0
213000223,1,1,0
213000224,0,0,0
213000225,3,0,3
213000226,0,0,0
213000227,0,0,0
213000228,0,0,0
213000229,0,0,0
213000230,6,0,6
213000232,5,198,-193
213000233,1,10,-9
213000234,2,50,-48
213000293,1,39,-38
213000294,1,0,1
213000295,0,24,-24
213000296,0,0,0
213000297,5,43,-38
213000298,17,41,-24
213000299,0,0,0
213000300,0,0,0
213000303,7,20,-13
213000304,4,4,0
213000305,0,0,0
213000306,13,9,4
213000307,0,0,0
213000308,21,116,-95
213000309,0,0,0
213000310,2,2,0
213000311,140,188,-48
213000315,11,59,-48
213000316,0,0,0
213000322,2,28,-26
213000323,0,0,0
213000324,2,32,-30
213000325,0,0,0
213000326,0,6,-6
213000327,0,0,0
213000328,1,21,-20
213000329,0,0,0
213000340,53,754,-701
213000341,0,0,0
213000346,0,0,0
213000347,0,0,0
213000348,0,58,-58
213000349,0,3,-3
213000350,51,693,-642
213000366,14,111,-97
213000367,4,0,4
213000379,12,55,-43
213000386,1,107,-106
213000406,33,153,-120
213000417,49,27,22
213000425,0,0,0
213000426,0,0,0
213000427,9,67,-58
213000428,1,53,-52
213000429,0,0,0
213000430,0,66,-66
213000431,8,0,8
213000432,0,2,-2
213000433,0,24,-24
213000434,0,0,0
213000435,0,0,0
213000436,0,0,0
213000437,0,0,0
213000438,0,0,0
213000439,1,0,1
213000440,5,35,-30
213000441,0,1,-1
213000442,0,4,-4
213000443,7,16,-9
213000444,7,31,-24
213000445,0,17,-17
213000446,0,2,-2
213000447,0,3,-3
213000448,0,0,0
213000449,0,0,0
213000450,0,0,0
213000451,0,0,0
213000452,0,0,0
213000453,21,142,-121
213000455,0,0,0
213000456,1,21,-20
213000481,0,0,0
213000482,0,0,0
213000489,0,0,0
213000491,1,19,-18
213000492,0,0,0
213000493,1,13,-12
213000494,0,2,-2
213000495,0,77,-77
213000496,0,1,-1
213000497,6,141,-135
213000498,18,99,-81
213000499,10,243,-233
213000500,0,0,0
213000501,0,0,0
213000502,0,0,0
213000503,1,26,-25
213000504,3,84,-81
213000505,1,4,-3
213000506,0,7,-7
213000507,3,166,-163
213900244,0,0,0
213900245,0,25,-25
218000003,3,10,-7
218000004,4,10,-6
218000005,0,0,0
218000006,4,39,-35
218000007,4,17,-13
218000012,152,28,124
218000013,41,120,-79
218000014,356,246,110
218000019,867,292,575
218000020,265,260,5
218000021,28,86,-58
218000022,5,30,-25
218000023,4,37,-33
218000024,1,15,-14
218000025,1,35,-34
218000026,2,55,-53
218000027,0,18,-18
218000028,3,10,-7
218000029,0,9,-9
218000030,23,47,-24
218000031,1,67,-66
218000032,1,34,-33
218000040,3,5,-2
218000046,15,111,-96
218000047,5,108,-103
218000048,2,189,-187
218000049,29,81,-52
218000050,100,204,-104
218000051,9,220,-211
218000052,0,20,-20
218000053,1,7,-6
218000054,2,19,-17
218000055,0,5,-5
218000056,2,22,-20
218000057,1,13,-12
218000064,0,1,-1
218000065,0,0,0
218000066,0,0,0
218000067,9,78,-69
218000068,20,76,-56
218000069,49,271,-222
218000070,53,265,-212
218000071,153,210,-57
218000072,368,196,172
218000078,258,706,-448
218000079,41,50,-9
218000080,58,85,-27
218000081,112,145,-33
218000082,10,64,-54
218000083,8,42,-34
218000084,57,128,-71
218000085,119,299,-180
218000086,25,126,-101
218000087,107,173,-66
218000090,21,64,-43
218000091,254,189,65
218000092,46,186,-140
218000093,83,81,2
218000094,218,512,-294
218000099,190,274,-84
218000100,75,171,-96
218000101,39,64,-25
218000102,80,170,-90
218000103,16,107,-91
218000104,8,22,-14
218000105,8,7,1
218000106,14,17,-3
218000107,19,142,-123
218000108,0,76,-76
218000112,9,8,1
218000117,0,0,0
218000134,186,410,-224
218000135,11,35,-24
218000136,48,28,20
218000137,37,103,-66
218000138,2,34,-32
218000139,24,185,-161
218000140,47,83,-36
218000141,5,21,-16
218000142,42,156,-114
218000143,8,99,-91
218000144,8,28,-20
218000145,92,215,-123
218000146,41,146,-105
218000151,2,13,-11
218000152,24,54,-30
218000153,4,13,-9
218000154,5,4,1
218000155,9,3,6
218000156,91,53,38
218000157,6,42,-36
218000158,3,24,-21
218000159,14,14,0
218000160,7,12,-5
218000161,30,10,20
218000162,52,30,22
218000163,5,6,-1
218000164,67,23,44
218000165,75,66,9
218000170,1,15,-14
218000171,13,7,6
218000172,2,3,-1
218000173,2,8,-6
218000174,2,6,-4
218000176,52,15,37
218000177,203,27,176
218000178,58,29,29
218000179,64,13,51
218000180,49,7,42
218000181,46,9,37
218000187,7,7,0
218000188,3,9,-6
218000189,4,25,-21
218000190,4,16,-12
218000191,47,68,-21
218000192,70,344,-274
218000193,386,312,74
218000194,20,402,-382
218000195,89,111,-22
218000196,134,277,-143
218000197,83,265,-182
218000198,3,130,-127
218000199,33,15,18
218000200,7,15,-8
218000201,1,2,-1
218000202,73,39,34
218000207,2,50,-48
218000208,18,25,-7
218000211,5,23,-18
218000212,3,7,-4
218000213,64,25,39
218000214,2,7,-5
218000215,16,84,-68
218000217,1,81,-80
218000218,269,89,180
218000219,3,5,-2
218000220,63,180,-117
218000221,53,115,-62
218000222,13,25,-12
218000223,99,86,13
218000224,3,55,-52
218000225,141,32,109
218000226,51,60,-9
218000230,0,6,-6
218000232,36,37,-1
218000239,1,0,1
218000240,0,0,0
218000241,0,0,0
218000242,0,0,0
218000243,0,0,0
218000244,0,0,0
218000245,0,0,0
218000246,0,0,0
218000247,0,0,0
218000248,0,13,-13
218000249,0,0,0
218000250,1,8,-7
218000251,0,7,-7
218000252,0,16,-16
218000253,0,4,-4
218000254,0,3,-3
218000255,1,3,-2
218000256,0,10,-10
218000267,332,400,-68
218000268,1,27,-26
218000269,2,20,-18
218000270,26,98,-72
218000271,61,126,-65
218000273,0,0,0
218000274,0,0,0
218000275,14,38,-24
218000276,10,80,-70
218000278,19,35,-16
218000279,14,54,-40
218000280,0,21,-21
218000281,1,12,-11
218000282,65,44,21
218000284,0,0,0
218000301,12,58,-46
218000302,10,9,1
218000303,5,36,-31
218000316,446,414,32
218000317,212,489,-277
218000318,115,418,-303
218000319,293,878,-585
218000320,222,456,-234
218000338,1,10,-9
218000345,9,59,-50
218000346,0,0,0
218000459,53,228,-175
218000490,5,22,-17
218000501,16,1,15
218000502,5,93,-88
218000503,10,2,8
218000504,30,4,26
218000505,28,156,-128
218000506,67,107,-40
218000508,1,1,0
218000510,61,9,52
218000520,64,67,-3
218000521,1,8,-7
218000522,3,63,-60
218000523,0,0,0
218000524,8,21,-13
218000525,6,3,3
218000526,9,30,-21
218000529,2,33,-31
218000530,5,11,-6
218000531,0,0,0
218000532,3,31,-28
218000534,0,0,0
218000537,0,0,0
218000538,30,37,-7
218000540,136,75,61
218000543,54,34,20
218000544,44,154,-110
218000545,20,30,-10
218000546,23,95,-72
218000547,31,44,-13
218000548,54,116,-62
218000549,62,48,14
218000550,116,372,-256
218000551,136,149,-13
218000552,54,16,38
218000553,3,28,-25
218000554,10,10,0
218000555,4,14,-10
218000556,40,276,-236
218000557,98,51,47
218000558,0,0,0
218000559,0,4,-4
218000560,0,2,-2
218000561,0,0,0
218000562,11,93,-82
218000563,9,7,2
218000564,2,40,-38
218000565,12,5,7
218000566,14,3,11
218000567,2,8,-6
218000568,0,0,0
218000569,3,11,-8
218000570,4,0,4
218000571,0,18,-18
218000572,0,0,0
218000573,1,6,-5
218000574,0,13,-13
218000575,0,0,0
218000576,0,18,-18
218000577,0,0,0
218000578,0,12,-12
218000579,5,0,5
218000581,1,42,-41
218000582,3,0,3
218000583,0,0,0
218000584,0,13,-13
218000585,3,5,-2
218000586,1,21,-20
218000587,0,0,0
218000588,0,2,-2
218000589,0,4,-4
218000590,0,0,0
218000591,0,11,-11
218000592,0,1,-1
218000593,0,0,0
218000594,0,0,0
218000597,0,0,0
218000598,0,0,0
218000599,0,0,0
218000600,0,0,0
218000601,0,0,0
218000602,0,1,-1
218000603,0,0,0
218000604,0,0,0
218000605,0,9,-9
218000606,2,0,2
218000607,2,12,-10
218000608,2,0,2
218000609,0,17,-17
218000610,1,0,1
218000611,0,0,0
218000612,0,24,-24
218000613,1,0,1
218000614,0,10,-10
218000615,0,1,-1
218000616,2,80,-78
218000617,0,0,0
218000618,1,8,-7
218000619,3,0,3
218000620,0,10,-10
218000621,0,0,0
218000622,0,1,-1
218000623,0,0,0
218000624,0,1,-1
218000625,0,0,0
218000626,0,2,-2
218000628,8,8,0
218000631,0,0,0
218000632,0,23,-23
218000633,0,0,0
218000634,1,6,-5
218000635,2,1,1
218000636,321,682,-361
218000637,214,264,-50
218000638,0,0,0
218000639,10,269,-259
218000640,0,0,0
218000641,14,262,-248
218000652,64,97,-33
218000653,116,114,2
218000663,0,4,-4
218000675,4,5,-1
218000676,2,35,-33
218000677,5,13,-8
218000680,19,66,-47
218000681,0,0,0
218000691,7,49,-42
218000693,0,0,0
218000703,9,76,-67
218000718,63,103,-40
218000719,14,22,-8
218000720,2,6,-4
218000721,1,6,-5
218000725,1,18,-17
218001147,1,145,-144
218001214,5,6,-1
218001258,0,0,0
218001329,0,0,0
218001330,25,11,14
218001351,0,0,0
218001352,1,1,0
218001353,0,0,0
218001354,0,1,-1
218001355,29,252,-223
218001356,0,5,-5
218001357,5,197,-192
218001358,0,0,0
218001361,0,0,0
218001362,6,197,-191
219000001,11,58,-47
219000002,22,96,-74
219000003,148,52,96
219000004,194,96,98
219000017,25,22,3
219000020,30,2,28
219000022,24,0,24
219000023,42,2,40
219000029,1,51,-50
219000034,0,0,0
219000039,4,20,-16
219000040,4,21,-17
219000041,31,51,-20
219000051,0,106,-106
219000052,0,36,-36
219000053,1,195,-194
219000054,11,101,-90
219000055,25,4,21
219000056,2,0,2
219000057,26,0,26
219000062,5,105,-100
219000063,37,18,19
219000064,2,19,-17
219000110,50,12,38
219000111,46,14,32
219000112,116,26,90
219000113,44,28,16
219000114,87,6,81
219000116,60,63,-3
219000117,129,102,27
219000118,47,133,-86
219000123,142,88,54
219000124,43,54,-11
219000125,7,33,-26
219000126,20,46,-26
219000127,0,7,-7
219000128,10,131,-121
219000129,33,165,-132
219000130,1918,652,1266
219000131,1680,1312,368
219000133,23,60,-37
219000134,12,33,-21
219000135,156,99,57
219000136,230,245,-15
219000138,3,22,-19
219000139,4,39,-35
219000140,0,0,0
219000141,1,104,-103
219000142,5,67,-62
219000143,4,69,-65
219000145,0,11,-11
219000146,8,55,-47
219000147,0,24,-24
219000148,0,35,-35
219000149,18,157,-139
219000150,3,113,-110
219000151,4,98,-94
219000157,84,66,18
219000158,43,216,-173
219000161,121,57,64
219000163,803,224,579
219000166,49,87,-38
219000167,38,201,-163
219000168,90,16,74
219000174,0,0,0
219000175,0,0,0
219000176,0,0,0
219000177,0,0,0
219000178,0,0,0
219000179,0,0,0
219000180,17,43,-26
219000182,0,0,0
219000183,0,16,-16
219000184,0,0,0
219000185,1,97,-96
219000186,0,22,-22
219000187,8,73,-65
219000189,86,138,-52
219000190,163,195,-32
219000191,1103,460,643
219000192,212,397,-185
219000193,503,216,287
219000195,0,36,-36
219000196,3,53,-50
219000198,9,93,-84
219000199,47,88,-41
219000200,7,117,-110
219000201,35,100,-65
219000203,10,90,-80
219000204,15,106,-91
219000205,25,132,-107
219000207,67,142,-75
219000209,19,54,-35
219000210,21,72,-51
219000213,20,153,-133
219000239,66,66,0
219000240,40,149,-109
219000241,13,101,-88
219000242,26,82,-56
219000243,28,185,-157
219000244,8,57,-49
219000245,5,25,-20
219000246,0,0,0
219000247,0,0,0
219000248,1,0,1
219000249,0,0,0
219000250,0,0,0
219000251,0,0,0
219000252,0,0,0
219000253,0,0,0
219000255,0,0,0
219000256,0,0,0
219000257,0,0,0
219000262,58,224,-166
219000263,35,149,-114
219000267,3,89,-86
219000268,16,7,9
219000269,0,0,0
219000270,0,0,0
219000271,100,4,96
219000278,0,10,-10
219000279,2,8,-6
219000283,0,8,-8
219000295,16,88,-72
219000296,49,352,-303
219000297,5,125,-120
219000298,8,181,-173
219000299,0,0,0
219000300,12,329,-317
219000301,47,234,-187
219000302,8,148,-140
219000307,22,76,-54
219000308,60,66,-6
219000311,0,0,0
219000312,0,0,0
219000313,0,0,0
219000314,138,457,-319
219000315,0,0,0
219000316,0,0,0
219000317,0,0,0
219000320,2,27,-25
219000321,0,11,-11
219000323,6,51,-45
219000325,1,40,-39
219000326,47,137,-90
219000327,32,44,-12
219000328,19,27,-8
219000329,312,168,144
219000330,12,58,-46
219000331,20,54,-34
219000332,0,0,0
219000333,0,0,0
219000335,0,0,0
219000337,0,0,0
219000338,0,0,0
219000344,45,78,-33
219000345,97,134,-37
219000346,16,162,-146
219000348,46,105,-59
219000349,23,129,-106
219000350,33,64,-31
219000351,1,1,0
219000352,81,39,42
219000353,47,83,-36
219000354,78,157,-79
219000355,39,4,35
219000356,829,354,475
219000363,208,52,156
219000364,89,60,29
219000365,90,11,79
219000366,416,142,274
219000368,182,66,116
219000370,347,184,163
219000371,8,19,-11
219000382,2,29,-27
219000383,484,407,77
219000385,413,296,117
219000386,567,635,-68
219000387,0,4,-4
219000390,0,0,0
219000391,0,0,0
219000397,44,103,-59
219000398,87,33,54
219000401,1,34,-33
219000402,11,30,-19
219000403,14,53,-39
219000404,7,16,-9
219000407,3,14,-11
219000409,0,0,0
219000410,0,0,0
219000411,0,0,0
219000446,176,340,-164
219000447,2,27,-25
219000448,0,0,0
219000452,0,0,0
219000453,32,35,-3
219000454,110,81,29
219000556,0,0,0
219000558,35,153,-118
219000590,6,92,-86
219000591,0,0,0
219000592,55,322,-267
219000595,0,14,-14
219000635,0,0,0
219000636,9,95,-86
219000657,13,24,-11
219000658,12,32,-20
219000673,0,32,-32
219000676,0,0,0
219000679,17,26,-9
219000684,13,3,10
219000685,1,48,-47
219000686,2,4,-2
219000688,0,176,-176
219000689,65,74,-9
219000690,0,0,0
219000691,27,26,1
219000692,3,23,-20
219000693,1,22,-21
219000694,0,0,0
219000695,0,0,0
219000698,0,0,0
219000699,0,8,-8
219000727,0,172,-172
219000728,38,2,36
219000770,0,0,0
219000771,1,17,-16
219000788,106,86,20
219001150,2,4,-2
219001151,0,3,-3
219001166,0,0,0
219001167,4,41,-37
219001178,27,1,26
220000001,9,23,-14
220000002,7,71,-64
220000003,174,225,-51
220000004,199,318,-119
220000005,730,787,-57
220000006,72,419,-347
220000007,162,541,-379
220000008,115,626,-511
220000009,158,371,-213
220000010,21,42,-21
220000011,104,102,2
220000012,8,12,-4
220000014,0,41,-41
220000015,0,0,0
220000017,2,94,-92
220000018,865,101,764
220000019,13,76,-63
220000020,57,178,-121
220000021,140,80,60
220000022,211,368,-157
220000023,55,124,-69
220000024,725,257,468
220000025,327,259,68
220000026,144,91,53
220000027,6,26,-20
220000028,12,19,-7
220000029,46,102,-56
220000030,36,63,-27
220000031,44,84,-40
220000064,0,0,0
221000046,3,0,3
221000047,0,0,0
221000048,0,0,0
221000049,0,8,-8
221000050,1,0,1
221000055,27,43,-16
221000057,8,0,8
221000068,124,18,106
221000069,38,11,27
221000070,50,8,42
221000071,2,2,0
221000072,27,7,20
221000073,7,42,-35
221000074,0,5,-5
221000075,7,21,-14
221000076,7,57,-50
221000077,13,101,-88
221000081,2,0,2
221000082,5,2,3
221000083,4,1,3
221000084,1,1,0
221000085,9,60,-51
221000086,22,136,-114
221000087,0,104,-104
221000088,18,95,-77
221000089,42,120,-78
221000090,295,234,61
221000098,13,1,12
221000099,29,4,25
221000100,9,2,7
221000101,33,15,18
221000102,31,3,28
221000109,10,90,-80
221000110,6,176,-170
221000111,7,131,-124
221000112,3,129,-126
221000113,25,171,-146
221000114,7,171,-164
221000120,0,2,-2
221000121,0,0,0
221000122,0,0,0
221000123,1,5,-4
221000124,1,46,-45
221000155,0,0,0
221000156,0,0,0
221000175,0,0,0
221000176,0,0,0
221000182,42,1,41
221000241,391,75,316
221000242,373,261,112
221000243,107,36,71
221000244,87,218,-131
221000245,25,57,-32
221000246,26,131,-105
221000247,13,69,-56
221000248,20,104,-84
221000267,3,188,-185
221000325,1,2,-1
221000331,0,5,-5
221000338,0,0,0
221000378,0,0,0
221000381,3,15,-12
222000282,0,0,0
222000296,0,4,-4
222000568,0,0,0
222000569,0,0,0
222000570,0,0,0
222000571,0,0,0
222000577,0,50,-50
222000578,2,30,-28
222000579,7,14,-7
222000580,11,92,-81
222000599,0,20,-20
222000600,0,14,-14
222000601,0,53,-53
222000603,0,1,-1
222000604,0,3,-3
222000605,0,1,-1
222000606,0,0,0
222000607,0,0,0
222000608,0,0,0
222000609,0,0,0
222000616,0,0,0
222000617,0,0,0
222000618,0,0,0
222000620,0,0,0
222000621,0,0,0
222000623,0,0,0
222000624,0,0,0
222000625,1,7,-6
222000636,0,0,0
222000686,0,0,0
222000687,0,0,0
222001066,0,1,-1
222001067,0,0,0
222001068,0,0,0
222001069,0,0,0
222001082,0,12,-12
222001083,1,8,-7
222001084,0,11,-11
222001085,0,21,-21
222001111,2,51,-49
222001112,0,0,0
222001313,0,0,0
222001314,0,2,-2
222001464,0,0,0
222001465,0,0,0
222001484,0,0,0
222001485,0,0,0
222001494,0,0,0
222001495,0,0,0
222001496,0,0,0
222001497,0,0,0
222001502,18,124,-106
222001503,0,0,0
222001504,5,193,-188
222001505,1,0,1
222001506,5,158,-153
222001507,0,0,0
222001510,0,0,0
222001511,7,141,-134
222001514,0,0,0
222001515,63,294,-231
222001518,0,0,0
222001519,23,182,-159
222001527,0,1,-1
222001528,27,86,-59
222001529,1,0,1
222001530,13,109,-96
222001533,83,336,-253
222001534,0,0,0
222001535,0,0,0
222001536,0,0,0
222001537,0,0,0
222001538,17,170,-153
222001563,0,0,0
222001564,14,377,-363
222001568,0,20,-20
222001576,0,0,0
222001579,0,0,0
222001583,0,0,0
222001584,0,0,0
222001596,39,448,-409
222001597,1,0,1
222001626,0,22,-22
222001650,0,18,-18
222001651,0,1,-1
222001914,0,0,0
222001915,24,101,-77
222001968,0,0,0
222001969,0,0,0
222001970,0,0,0
222001971,0,0,0
222001972,0,2,-2
225000001,30,1,29
225000002,21,3,18
225000003,27,1,26
225000004,17,10,7
225000005,0,0,0
225000006,0,76,-76
225000007,2140,425,1715
225000010,56,3,53
225000011,0,0,0
225000012,0,0,0
225000013,0,0,0
225000014,0,0,0
225000015,46,121,-75
225000021,0,0,0
225000027,102,312,-210
225000032,0,0,0
225000042,22,422,-400
225000049,16,50,-34
225000050,28,2,26
225000053,3,71,-68
225000058,0,0,0
225000067,22,191,-169
225000068,26,410,-384
225000069,39,344,-305
225000070,56,343,-287
225000071,11,224,-213
225000075,11,444,-433
225000076,31,50,-19
225000078,0,0,0
225000085,0,0,0
225000086,0,0,0
225000087,0,0,0
225000088,2,65,-63
225000089,649,285,364
225000090,4,160,-156
225000091,29,113,-84
225000092,7,49,-42
225000093,35,332,-297
225000094,9,348,-339
225000095,154,441,-287
225000096,55,295,-240
225000098,26,6,20
225000099,13,9,4
225000100,12,9,3
225000104,26,318,-292
225000110,6,263,-257
225000111,54,595,-541
225000112,47,611,-564
225000113,31,361,-330
225000114,38,197,-159
225000115,1750,203,1547
225000116,0,0,0
225000117,0,0,0
225000118,0,0,0
225000119,0,0,0
225000120,0,0,0
225000121,0,0,0
225000123,0,0,0
225000125,7,36,-29
225000126,234,15,219
225000127,351,30,321
225000128,18,11,7
225000132,75,21,54
225000133,57,21,36
225000134,221,32,189
225000135,31,2,29
225000136,40,2,38
225000137,25,6,19
225000138,87,2,85
225000143,47,60,-13
225000144,0,185,-185
225000145,0,0,0
225000146,7,73,-66
225000147,4,180,-176
225000148,0,130,-130
225000149,50,227,-177
225000151,45,89,-44
225000155,122,166,-44
225000156,46,244,-198
225000157,43,159,-116
225000158,17,259,-242
225000171,2,122,-120
225000180,15,2,13
225000181,1,30,-29
225000182,0,0,0
225000185,8,133,-125
225000187,41,245,-204
225000191,0,1,-1
225000194,0,24,-24
225000208,0,19,-19
225000209,0,0,0
225000210,3,65,-62
225000217,0,14,-14
225000218,0,0,0
225000223,0,31,-31
225000224,0,0,0
225000225,0,2,-2
225000226,0,0,0
225000227,37,41,-4
225000228,0,1,-1
225000229,1,49,-48
225000230,0,0,0
225000231,1,74,-73
225000232,0,0,0
225000241,0,0,0
225000242,0,48,-48
225000249,0,0,0
225000250,17,337,-320
225000251,98,12,86
225000254,0,2,-2
225000256,0,1,-1
225000257,0,3,-3
226000042,105,223,-118
226000043,11,133,-122
226000044,40,495,-455
226000045,29,325,-296
226000046,71,45,26
226000047,98,32,66
226000048,125,26,99
226000049,80,30,50
226000070,0,30,-30
226000071,0,29,-29
226000072,0,3,-3
226000073,0,4,-4
226000074,0,4,-4
226000084,0,28,-28
226000085,0,4,-4
226000086,4,7,-3
226000087,0,9,-9
226000088,6,4,2
226000090,8,4,4
226000091,1,0,1
226000092,2,0,2
226000093,1,0,1
226000094,0,1,-1
226000095,4,0,4
226000105,0,1,-1
226000106,1,0,1
226000107,0,0,0
226000108,1,0,1
226000109,14,0,14
226000124,96,15,81
226000134,171,143,28
226000135,299,247,52
226000136,49,96,-47
226000137,3,216,-213
226000138,6,159,-153
226000139,0,10,-10
226000156,11,1,10
226000157,46,1,45
226000163,13,23,-10
226000202,6,236,-230
226000231,37,0,37
226000232,0,0,0
227000033,0,0,0
227000036,0,0,0
227000037,0,0,0
227000038,0,0,0
227000084,0,17,-17
227000085,0,25,-25
227000088,0,0,0
227000089,0,0,0
227000090,0,0,0
227000091,0,0,0
227000092,0,0,0
227000093,0,0,0
227000094,0,0,0
227000130,9,43,-34
227000131,0,245,-245
227000132,2,212,-210
227000133,4,212,-208
227000134,9,264,-255
227000152,0,4,-4
227000153,0,38,-38
227000154,0,20,-20
227000155,0,17,-17
227000156,0,11,-11
227000165,0,25,-25
227000196,31,149,-118
227000199,5,262,-257
227000230,20,234,-214
227000232,0,0,0
227000242,49,317,-268
227000243,0,0,0
227000245,21,365,-344
227000246,50,414,-364
227000247,0,0,0
227000248,0,0,0
227000249,15,274,-259
227000250,1,0,1
227000251,128,282,-154
227000252,19,408,-389
227000253,0,0,0
227000262,0,0,0
227000266,1,0,1
227000267,28,1196,-1168
227000282,27,114,-87
227000284,0,0,0
227000286,19,58,-39
227000287,25,114,-89
227000291,43,330,-287
227000296,0,0,0
227000484,0,0,0
227000485,39,465,-426
227000655,0,0,0
227000656,0,0,0
227000657,0,0,0
227000661,0,0,0
227000680,0,0,0
229000265,0,15,-15
229000296,3,5,-2
229000297,1,11,-10
229000298,7,20,-13
229000320,0,1,-1
229000321,0,0,0
229000412,2,19,-17
229000414,0,28,-28
229000415,1,0,1
229000416,0,0,0
229000417,0,4,-4
229000419,13,121,-108
229000440,33,8,25
229000442,0,0,0
229000443,0,0,0
229000444,0,14,-14
229000445,1,0,1
229000446,1,1,0
229000491,6,20,-14
229000492,13,103,-90
229000493,2,55,-53
229000494,26,19,7
229000495,115,111,4
229000496,5,85,-80
229000507,0,26,-26
229000508,4,18,-14
229000509,2,26,-24
229000510,1,22,-21
229000511,6,41,-35
229000512,0,29,-29
229000513,0,4,-4
229000514,0,6,-6
229000517,1,7,-6
229000518,4,29,-25
229000519,0,7,-7
229000520,4,27,-23
229000521,23,47,-24
229000522,4,22,-18
229000523,6,19,-13
229000524,2,22,-20
229000527,4,6,-2
229000528,2,5,-3
229000529,8,1,7
229000530,60,21,39
229000531,17,22,-5
229000532,28,19,9
229000533,191,63,128
229000534,89,26,63
229000564,66,19,47
229000565,21,30,-9
229000566,0,22,-22
229000567,1,91,-90
229000582,286,16,270
229000583,9,8,1
229000584,0,24,-24
229000585,8,54,-46
229000718,0,0,0
229000719,0,2,-2
229000720,0,12,-12
229000721,0,8,-8
229000722,0,35,-35
229000723,0,19,-19
229000724,0,4,-4
229000725,1,21,-20
229000738,8,4,4
229000739,2,1,1
229000740,5,0,5
229000741,34,1,33
229000742,17,0,17
229000743,78,5,73
229000744,7,2,5
229000745,4,0,4
229000746,45,1,44
229000847,40,3,37
229000848,40,1,39
229000849,314,7,307
229000851,19,2,17
229000854,1,40,-39
229000856,1,79,-78
229000857,0,26,-26
229000858,0,74,-74
229000919,6,63,-57
229000930,0,97,-97
229000937,233,37,196
229000966,79,33,46
229000981,15,67,-52
229000985,0,8,-8
229000986,0,2,-2
229000987,0,1,-1
229000988,0,0,0
229000989,0,0,0
229000990,1,0,1
229000991,0,0,0
229000992,0,0,0
229000993,13,2,11
229000998,9,8,1
229000999,10,1,9
229001034,0,5,-5
229001035,0,3,-3
229001037,3,17,-14
229001042,0,0,0
229001047,1,9,-8
229001050,0,19,-19
229001168,0,7,-7
229001200,0,0,0
229001338,0,11,-11
229001394,227,2,225
229001422,351,38,313
229001423,19,104,-85
229001431,283,52,231
229001432,14,62,-48
229001444,7,2,5
229001445,1,92,-91
229001479,4,10,-6
229001503,283,74,209
229001504,33,114,-81
229001505,408,65,343
229001506,32,143,-111
229001509,0,20,-20
229001545,104,13,91
229001546,2,64,-62
229001553,78,11,67
229001554,6,81,-75
229001559,0,7,-7
229001560,0,0,0
229001630,4,1,3
229001631,1,12,-11
229001635,0,10,-10
229001636,0,0,0
229001658,0,53,-53
229001659,188,7,181
229001660,0,0,0
229001661,0,4,-4
229001662,32,0,32
229001663,0,10,-10
229002584,12,16,-4
229002831,51,37,14
229002841,1,17,-16
229002842,0,1,-1
229002843,2,1,1
229002844,8,43,-35
229002845,1,39,-38
229002846,1,0,1
229002847,0,6,-6
229002848,0,0,0
229002849,1,21,-20
229002850,0,0,0
229002851,1,24,-23
229002852,4,4,0
229002853,6,1,5
229002854,2,18,-16
229002855,0,19,-19
229002856,1,1,0
229002857,9,31,-22
229002858,1,0,1
229002859,4,24,-20
229002860,2,3,-1
229002861,7,6,1
229002862,0,6,-6
229002863,1,35,-34
229002864,1,4,-3
229002865,0,3,-3
229002866,0,7,-7
229002867,1,3,-2
229002868,0,1,-1
229002869,0,34,-34
229002870,2,0,2
235000066,0,0,0
235000067,0,0,0
235000072,23,62,-39
235000073,29,261,-232
235000074,10,70,-60
235000080,5,48,-43
235000081,21,83,-62
235000082,0,0,0
235000083,0,0,0
235000084,0,0,0
235000085,0,0,0
235000089,0,0,0
235000092,14,157,-143
235000093,1,1,0
235000097,0,0,0
235000098,0,0,0
235000099,0,0,0
235000116,0,0,0
235000117,0,0,0
235000133,5,107,-102
235000134,2,47,-45
235000206,0,1,-1
235000207,0,0,0
235000208,0,0,0
235000209,0,0,0
235000210,0,0,0
235000212,1,4,-3
235000213,1,5,-4
235000220,0,1,-1
235000221,6,7,-1
235000238,0,0,0
235000239,0,0,0
235000242,22,8,14
235000245,593,174,419
235000246,6,57,-51
235000284,2,28,-26
235000295,0,0,0
235000305,0,0,0
235000306,0,0,0
235000307,0,0,0
235000308,0,0,0
235000309,0,0,0
235000310,1,0,1
235000311,0,2,-2
235000322,0,4,-4
235000323,0,17,-17
235000324,0,5,-5
235000325,1,3,-2
235000326,1,107,-106
235000351,0,21,-21
235000352,1,20,-19
235000353,3,12,-9
235000354,0,13,-13
235000355,0,41,-41
235000356,0,0,0
235000357,0,0,0
235000358,0,0,0
235000359,0,0,0
235000360,0,0,0
235000361,0,0,0
235000381,34,164,-130
235000382,0,0,0
235000390,0,0,0
235000391,0,0,0
235000392,0,0,0
235000393,0,0,0
235000395,0,0,0
235000396,0,0,0
235000400,0,0,0
235000401,12,128,-116
235000405,42,242,-200
235000406,8,149,-141
235000407,44,94,-50
235000409,100,110,-10
235000410,14,162,-148
235000411,1,52,-51
235000485,0,11,-11
235000486,0,0,0
235000549,0,0,0
235000550,59,155,-96
235000599,64,78,-14
235000600,3,3,0
235000601,0,0,0
235000602,0,0,0
235000614,0,0,0
235000648,2,39,-37
235000649,0,0,0
235000685,0,3,-3
235000815,1,21,-20
235000834,0,0,0
235000855,0,0,0
235000862,5,100,-95
235000891,0,4,-4
235000892,0,0,0
235000901,70,82,-12
235000907,0,1,-1
235001010,0,0,0
235001029,422,237,185
235001030,0,0,0
235001078,0,0,0
235001079,23,67,-44
235001147,0,0,0
235001166,0,0,0
235001167,6,72,-66
235001169,2,149,-147
235001188,0,5,-5
235001189,0,0,0
235001197,0,6,-6
235001200,13,34,-21
235001207,0,0,0
235001210,5,65,-60
235001215,13,69,-56
235001239,0,41,-41
235001244,0,0,0
235016267,0,10,-10
277101746,0,37,-37
277102712,0,1,-1
277103813,0,0,0
277103814,0,3,-3
277103898,0,1,-1
277104249,0,0,0
277104250,0,0,0
277104251,0,3,-3
277104252,0,0,0
990011530,0,131,-131
990014944,1,265,-264
990015176,0,0,0
990015618,1,52,-51
990016032,1,149,-148
990032570,1,18,-17
990070001,0,1,-1
990070103,0,2,-2
990070601,0,22,-22
990070751,0,0,0
990070766,1,158,-157
990071180,0,68,-68
990071343,0,0,0
990071387,1,5,-4
990071823,0,1,-1
990072600,1,284,-283
990072964,0,194,-194
990073285,0,1,-1
990074393,0,291,-291
990074870,3,14,-11
990075106,0,1,-1
990075746,0,1,-1
990076437,0,1,-1
990076458,2,617,-615
997000007,0,2,-2
997000041,0,85,-85
997000058,0,0,0
997000062,0,0,0
997000069,0,4,-4
997000070,0,43,-43
997000100,0,0,0
997000141,0,2,-2
997000198,0,2,-2
998000475,1,11,-10
998000736,0,71,-71
998000965,0,0,0
998001031,0,36,-36
998001700,1,18,-17
998001899,0,0,0
998001900,12,6,6
998003073,0,2,-2
998101900,0,0,0
998102850,0,5,-5
998501927,5,151,-146
998501929,17,2,15
998501930,20,0,20
998501931,8,4,4
998501932,23,1,22
998501933,0,0,0
998501937,0,1,-1
998501944,0,0,0
998501950,0,32,-32
998501970,2,1,1
998501971,1,69,-68
998501973,0,21,-21
998501974,2,99,-97
998501975,0,2,-2
998501976,7,0,7
998501977,0,12,-12
998501978,0,0,0
998501979,0,12,-12
998501980,1,0,1
998501981,0,2,-2
998501982,0,95,-95
998501983,0,10,-10
998502006,0,0,0
998502024,0,0,0
998502032,0,0,0
998502062,7,0,7
998502063,0,0,0
998502173,0,0,0
998502269,0,3,-3
998502546,0,21,-21
998502578,0,0,0
998601159,0,57,-57
998601292,0,5,-5
999033574,0,446,-446
999800001,0,0,0
999800002,0,2,-2
999800003,0,5,-5
999800004,0,7,-7
999800005,0,18,-18
