ID,insum,outsum,diff
100000001,648,857,-209
100000002,2242,2398,-156
100000003,4392,4180,212
100000004,1248,1186,62
100000005,2113,4189,-2076
100000006,546,165,381
100000007,1507,702,805
100000008,145,520,-375
100000009,524,209,315
100000010,80,74,6
100000011,913,96,817
100000012,110,722,-612
100000013,168,169,-1
100000014,281,375,-94
100000015,1600,1904,-304
100000016,812,1336,-524
100000017,456,910,-454
100000018,1055,599,456
100000019,3347,2033,1314
100000020,1743,4998,-3255
100000021,3941,2192,1749
100000022,1045,2049,-1004
100000023,4258,1700,2558
100000025,1024,1326,-302
100000028,1116,1292,-176
100000029,211,450,-239
100000030,165,68,97
100000031,3460,5721,-2261
100000032,1887,3129,-1242
100000033,822,2100,-1278
100000034,347,591,-244
100000035,1143,1151,-8
100000036,1398,1214,184
100000037,673,366,307
100000038,1970,964,1006
100000039,434,343,91
100000040,191,163,28
100000041,1229,576,653
100000042,960,452,508
100000043,886,455,431
100000044,381,871,-490
100000045,425,1000,-575
100000046,627,746,-119
100000047,214,425,-211
100000048,289,460,-171
100000049,1393,1316,77
100000051,480,735,-255
100000053,193,11,182
100000054,515,30,485
100000055,982,313,669
100000056,541,442,99
100000057,1915,637,1278
100000058,829,995,-166
100000059,15,134,-119
100000060,427,265,162
100000061,2160,514,1646
100000062,1856,525,1331
100000063,791,253,538
100000064,1271,287,984
100000065,340,768,-428
100000066,143,677,-534
100000067,395,629,-234
100000068,418,1258,-840
100000069,280,1096,-816
100000072,219,588,-369
100000073,933,909,24
100000075,715,282,433
100000076,1674,2528,-854
100000077,238,234,4
100000078,58,38,20
100000079,36,67,-31
100000080,39,61,-22
100000081,142,173,-31
100000102,2320,2326,-6
100000103,2257,1478,779
100000104,3252,2560,692
100000105,2171,1628,543
100000106,1914,2247,-333
100000107,464,928,-464
100000108,564,846,-282
100000109,1792,1180,612
100000116,1166,876,290
100000117,86,141,-55
100000118,1198,1393,-195
100000119,518,813,-295
100000121,209,460,-251
100000122,659,1022,-363
100000123,2077,3605,-1528
100000124,3163,5722,-2559
100000125,3148,1752,1396
100000126,561,412,149
100000127,1071,412,659
100000128,985,2302,-1317
100000129,400,451,-51
100000130,512,417,95
100000131,1756,2225,-469
100000132,1171,2757,-1586
100000133,3541,2054,1487
100000135,679,996,-317
100000139,422,365,57
100000140,380,312,68
100000142,461,554,-93
100000143,1331,495,836
100000144,2796,718,2078
100000147,1277,2867,-1590
100000150,44,390,-346
100000151,1008,1237,-229
100000153,206,415,-209
100000154,46,252,-206
100000155,18,50,-32
100000156,476,517,-41
100000157,219,175,44
100000158,329,98,231
100000159,218,673,-455
100000165,1382,858,524
100000169,228,740,-512
100000174,558,692,-134
100000179,108,485,-377
100000180,1178,2513,-1335
100000181,493,218,275
100000188,91,161,-70
100000189,798,356,442
100000190,833,1089,-256
100000191,686,574,112
100000192,55,109,-54
100000193,309,191,118
100000330,1151,914,237
100000355,206,719,-513
100000362,3668,2394,1274
100000363,3849,3939,-90
100000364,198,233,-35
100000365,5361,6544,-1183
100000366,5259,2546,2713
100000367,5260,6146,-886
100000368,1642,1304,338
100000369,796,1659,-863
100000370,234,850,-616
100000376,61,201,-140
100000379,1558,1667,-109
100000380,3528,4300,-772
100000384,4623,5003,-380
100000385,3327,4141,-814
100000386,6104,5190,914
100000387,4619,5565,-946
100000388,6113,6455,-342
100000389,6719,6527,192
100000390,7627,6050,1577
100000391,5769,8257,-2488
100000392,2962,3668,-706
100000393,2657,4686,-2029
100000394,6669,7911,-1242
100000395,4992,4169,823
100000396,7150,3931,3219
100000397,5054,7133,-2079
100000398,8997,7096,1901
100000413,24,12,12
100900002,10,17,-7
100900003,377,210,167
100900004,9,807,-798
100900005,121,25,96
100900006,23,79,-56
100900007,274,11,263
100900008,3,387,-384
100900009,98,92,6
100900010,72,64,8
100900011,163,220,-57
100900012,3,131,-128
100900013,768,9,759
100900014,2,10,-8
100900015,71,62,9
100900016,7,22,-15
100900017,771,63,708
100900018,2,10,-8
100900019,26,113,-87
100900020,239,10,229
100900021,410,2,408
100900022,20,35,-15
100900023,0,35,-35
100900024,460,1,459
100900025,23,13,10
100900026,158,124,34
100900027,519,2064,-1545
100900028,106,169,-63
100900029,51,11,40
100900030,4,94,-90
100900031,525,58,467
100900032,295,1,294
100900033,288,153,135
100900034,445,1,444
100900035,340,1,339
100900036,12,2,10
100900037,110,192,-82
100900038,50,46,4
100900039,184,428,-244
100900040,404,409,-5
100900041,1008,581,427
100900042,940,1632,-692
100900043,0,5,-5
100900044,1209,535,674
100900045,7,0,7
100900046,862,12,850
100900047,620,223,397
100900048,134,44,90
100900049,73,125,-52
100900050,3,6,-3
100900051,20,75,-55
100900052,236,49,187
100900053,424,28,396
100900054,12,61,-49
100900055,204,604,-400
100900056,52,117,-65
100900057,1335,787,548
100900058,255,49,206
100900059,130,4,126
100900060,181,4,177
100900061,313,116,197
100900062,13,15,-2
100900063,247,621,-374
100900064,560,17,543
100900065,119,122,-3
100900066,179,123,56
100900067,10,17,-7
100900068,106,117,-11
100900069,345,5,340
100900070,338,10,328
100900071,530,190,340
100900072,1,32,-31
100900073,133,269,-136
100900074,6,6,0
100900075,1516,310,1206
100900076,17,10,7
100900077,39,44,-5
100900078,89,273,-184
100900079,10,27,-17
100900080,42,192,-150
100900081,34,115,-81
100900082,141,372,-231
100900083,10,14,-4
100900085,8,379,-371
100900086,138,479,-341
100900088,145,354,-209
100900089,5,20,-15
100900090,118,381,-263
100900091,7,26,-19
100900092,204,107,97
100900093,203,246,-43
100900094,200,277,-77
100900095,5,40,-35
100900096,45,100,-55
100900097,0,4,-4
100900098,35,10,25
100900099,37,495,-458
100900100,23,537,-514
100900101,324,100,224
100900102,7,55,-48
100900103,14,13,1
100900104,11,182,-171
100900105,42,361,-319
100900106,47,12,35
100900107,1406,721,685
100900108,1,8,-7
100900109,21,31,-10
100900110,2,29,-27
100900111,64,192,-128
100900112,1,17,-16
100900113,12,22,-10
100900114,15,8,7
100900115,6,27,-21
100900116,671,550,121
100900117,247,832,-585
100900118,9,30,-21
100900119,14,32,-18
100900120,9,4,5
100900121,313,443,-130
100900122,239,136,103
100900123,125,133,-8
100900124,32,17,15
100900125,24,89,-65
100900126,185,86,99
100900127,2,6,-4
100900128,64,130,-66
100900129,0,161,-161
100900131,127,204,-77
100900133,52,25,27
100900134,4,4,0
100900135,0,232,-232
100900137,263,146,117
100900138,446,491,-45
100900139,5,3,2
100900140,3,388,-385
100900141,3,541,-538
100900142,0,3,-3
100900143,789,378,411
100900144,24,11,13
100900145,96,278,-182
100900146,12,54,-42
100900147,16,899,-883
100900148,21,504,-483
100900149,42,329,-287
100900150,8,38,-30
100900151,146,360,-214
100900152,209,6,203
100900153,6,208,-202
100900154,8,67,-59
100900155,11,10,1
100900156,43,4,39
100900157,4,156,-152
100900159,1,58,-57
100900160,35,15,20
100900161,45,9,36
100900162,21,236,-215
100900163,134,188,-54
100900164,63,55,8
100900165,5,17,-12
100900166,19,5,14
100900167,28,70,-42
100900168,47,120,-73
100900169,88,829,-741
100900170,54,14,40
100900171,11,425,-414
100900172,0,63,-63
100900173,9,251,-242
100900174,121,18,103
100900176,1462,168,1294
100900177,607,196,411
100900178,187,142,45
100900179,158,202,-44
100900180,5,5,0
100900181,127,69,58
100900182,67,50,17
100900184,11,186,-175
100900186,499,295,204
100900187,8,72,-64
100900188,26,10,16
100900189,1344,229,1115
100900191,782,876,-94
100900192,233,365,-132
100900195,80,144,-64
100900197,45,66,-21
100900198,22,107,-85
100900199,10,8,2
100900200,547,459,88
100900201,91,451,-360
100900202,50,1,49
100900203,0,105,-105
100900204,107,549,-442
100900205,156,497,-341
100900206,187,69,118
100900207,253,119,134
100900210,73,395,-322
100900211,442,185,257
100900213,143,69,74
100900214,404,160,244
100900215,19,44,-25
100900217,93,88,5
101000001,2984,2110,874
101000002,5255,5211,44
101000003,442,1075,-633
101000004,5801,4863,938
101000005,3126,3968,-842
101000006,4964,5569,-605
101000007,2405,3164,-759
101000008,2219,2166,53
101000009,1869,1127,742
101000010,872,841,31
101000011,1453,544,909
101000012,1087,677,410
101000013,708,1089,-381
101000014,445,540,-95
101000015,1252,906,346
101000016,332,451,-119
101000017,562,497,65
101000018,2200,2179,21
101000020,1844,1030,814
101000021,778,437,341
101000022,165,76,89
101000023,1187,683,504
101000025,264,431,-167
101000026,293,19,274
101000027,1703,2641,-938
101000028,783,204,579
101000029,210,1686,-1476
101000030,1717,125,1592
101000031,964,877,87
101000032,7299,4569,2730
101000033,2056,3169,-1113
101000034,1922,1748,174
101000035,776,434,342
101000036,1622,1046,576
101000037,2340,1883,457
101000039,2073,2656,-583
101000040,2677,3865,-1188
101000041,7162,7472,-310
101000042,436,1016,-580
101000043,5482,6708,-1226
101000045,1447,1040,407
101000046,3560,1870,1690
101000047,2204,3955,-1751
101000048,590,514,76
101000049,607,1693,-1086
101000050,1407,1549,-142
101000051,1313,2295,-982
101000052,1468,1090,378
101000053,672,1043,-371
101000054,1516,852,664
101000055,1207,1219,-12
101000056,47,118,-71
101000057,1803,1472,331
101000058,1141,1167,-26
101000059,2078,2310,-232
101000060,1529,698,831
101000061,803,1614,-811
101000062,642,740,-98
101000063,532,1048,-516
101000064,980,1046,-66
101000065,469,479,-10
101000066,1022,870,152
101000067,1147,961,186
101000068,261,499,-238
101000069,219,91,128
101000070,868,982,-114
101000071,1735,944,791
101000072,762,2652,-1890
101000073,674,1107,-433
101000074,4634,3684,950
101000075,3586,5089,-1503
101000077,1549,1233,316
101000078,836,1606,-770
101000079,808,470,338
101000080,589,585,4
101000081,1585,1401,184
101000082,2638,2433,205
101000083,2460,1985,475
101000084,1045,727,318
101000085,1395,1087,308
101000086,1014,906,108
101000087,761,777,-16
101000088,1197,1045,152
101000089,1059,1324,-265
101000090,1657,1123,534
101000091,397,592,-195
101000092,1164,814,350
101000093,1263,663,600
101000094,895,795,100
101000095,494,459,35
101000096,375,429,-54
101000097,387,465,-78
101000098,403,487,-84
101000099,788,913,-125
101000100,818,870,-52
101000101,261,375,-114
101000102,621,477,144
101000103,691,491,200
101000104,362,587,-225
101000105,323,312,11
101000106,414,752,-338
101000107,264,318,-54
101000108,639,266,373
101000109,358,55,303
101000110,44,314,-270
101000111,80,175,-95
101000113,193,559,-366
101000114,8120,7596,524
101000115,98,93,5
101000116,86,55,31
101000117,927,256,671
101000119,99,57,42
101000120,146,69,77
101000121,52,62,-10
101000122,147,125,22
101000123,60,133,-73
101000124,715,334,381
101000125,257,434,-177
101000128,363,450,-87
101000130,233,284,-51
101000131,872,391,481
101000132,635,689,-54
101000135,61,45,16
101000136,493,213,280
101000137,26,372,-346
101000141,1139,3057,-1918
101000147,825,430,395
101000148,823,19,804
101000149,133,206,-73
101000150,81,538,-457
101000151,281,36,245
101000152,269,273,-4
101000153,372,254,118
101000154,277,803,-526
101000155,317,126,191
101000156,25,287,-262
101000157,44,39,5
101000160,32,39,-7
101000163,206,309,-103
101000164,409,255,154
101000165,200,290,-90
101000166,210,241,-31
101000168,897,349,548
101000252,2073,847,1226
101000254,313,121,192
101000258,42,6,36
101000261,110,41,69
101000262,1058,2677,-1619
101000263,201,1081,-880
101000265,103,772,-669
101000266,323,239,84
101000269,34,17,17
101000290,945,2130,-1185
101000293,9,63,-54
101000294,601,403,198
101000295,192,404,-212
101000301,591,447,144
101000304,1754,2483,-729
101000305,2350,1289,1061
101000328,130,452,-322
101900001,27,71,-44
101900002,0,5,-5
101900003,49,102,-53
101900004,3,45,-42
101900005,2482,2215,267
101900006,933,57,876
101900007,630,228,402
101900008,55,246,-191
101900009,33,388,-355
101900010,761,616,145
101900011,198,789,-591
101900012,188,133,55
101900013,754,202,552
101900017,10,116,-106
101900018,961,255,706
101900019,181,91,90
101900020,65,45,20
101900021,0,47,-47
101900022,125,798,-673
101900023,113,211,-98
101900026,109,43,66
101900027,27,92,-65
102000001,2266,3814,-1548
102000002,2336,1047,1289
102000003,2540,5543,-3003
102000004,4330,2372,1958
102000005,1293,1824,-531
102000006,845,1580,-735
102000007,1370,3700,-2330
102000008,3225,1291,1934
102000009,5876,6962,-1086
102000010,4226,2775,1451
102000011,2988,2456,532
102000012,2623,2448,175
102000018,2388,2237,151
102000019,1826,1218,608
102000026,177,420,-243
102000029,216,159,57
102000030,112,330,-218
102000031,88,100,-12
102000032,559,335,224
102000033,250,342,-92
102000034,534,298,236
102000035,1140,619,521
102000036,13,235,-222
102000037,137,63,74
102000038,203,363,-160
102000039,226,105,121
102000040,319,218,101
102000041,170,394,-224
102000042,248,293,-45
102000043,235,195,40
102000044,270,393,-123
102000045,893,789,104
102000046,968,515,453
102000047,651,708,-57
102000048,314,578,-264
102000049,860,666,194
102000050,1018,995,23
102000051,379,564,-185
102000052,1062,655,407
102000053,798,763,35
102000054,680,917,-237
102000055,1103,473,630
102000056,952,719,233
102000057,1271,467,804
102000058,879,939,-60
102000059,1274,1035,239
102000060,1003,910,93
102000061,1499,1639,-140
102000062,1642,971,671
102000063,1031,1218,-187
102000064,560,660,-100
102000065,43,126,-83
102000066,765,850,-85
102000067,1934,2814,-880
102000068,7436,2664,4772
102000069,56,1938,-1882
102000070,1278,47,1231
102000071,6466,8752,-2286
102000072,2372,3795,-1423
102000073,646,522,124
102000074,389,534,-145
102000075,115,183,-68
102000076,174,284,-110
102000077,610,534,76
102000078,987,609,378
102000079,167,206,-39
102000080,281,151,130
102000081,298,671,-373
102000082,683,257,426
102000083,647,237,410
102000084,386,264,122
102000085,1907,797,1110
102000086,1120,958,162
102000087,736,1299,-563
102000088,343,239,104
102000089,1134,318,816
102000090,376,832,-456
102000091,1086,446,640
102000092,325,539,-214
102000093,717,663,54
102000094,752,528,224
102000095,871,886,-15
102000096,553,649,-96
102000097,581,557,24
102000098,506,577,-71
102000099,676,758,-82
102000100,447,1107,-660
102000101,772,649,123
102000102,239,1220,-981
102000103,1351,385,966
102000104,542,305,237
102000105,283,438,-155
102000106,790,445,345
102000107,1307,467,840
102000108,638,153,485
102000109,496,467,29
102000110,1066,893,173
102000111,15,259,-244
102000112,155,113,42
102000113,15,32,-17
102000114,688,306,382
102000115,256,294,-38
102000116,468,438,30
102000117,180,575,-395
102000118,1011,1392,-381
102000119,1163,871,292
102000120,194,388,-194
102000121,1062,550,512
102000122,603,872,-269
102000123,1043,986,57
102000124,1206,1048,158
102000125,834,898,-64
102000126,772,665,107
102000127,1158,615,543
102000128,726,886,-160
102000129,1247,692,555
102000130,712,661,51
102000131,1430,567,863
102000132,560,905,-345
102000133,1970,1297,673
102000134,884,705,179
102000135,686,767,-81
102000136,958,431,527
102000137,893,1116,-223
102000138,330,476,-146
102000139,116,699,-583
102000140,315,911,-596
102000141,185,384,-199
102000142,270,366,-96
102000143,156,325,-169
102000144,284,319,-35
102000145,418,381,37
102000146,393,270,123
102000147,437,382,55
102000148,201,367,-166
102000149,166,318,-152
102000150,333,108,225
102000151,90,209,-119
102000152,140,138,2
102000153,983,480,503
102000154,215,498,-283
102000155,79,269,-190
102000156,315,120,195
102000157,101,280,-179
102000158,372,425,-53
102000159,714,445,269
102000161,2459,1839,620
102000162,188,175,13
102000163,105,453,-348
102000164,760,970,-210
102000165,226,137,89
102000166,51,126,-75
102000167,248,260,-12
102000168,252,151,101
102000169,131,462,-331
102000170,535,135,400
102000171,99,78,21
102000172,37,258,-221
102000173,384,229,155
102000174,69,70,-1
102000175,136,66,70
102000176,72,24,48
102000178,181,326,-145
102000179,337,197,140
102000180,818,297,521
102000181,737,393,344
102000182,549,433,116
102000183,1572,1282,290
102000184,1730,620,1110
102000185,2517,1133,1384
102000186,1223,1213,10
102000187,986,1304,-318
102000188,1155,1120,35
102000189,1796,686,1110
102000190,463,2110,-1647
102000191,940,484,456
102000192,1131,1372,-241
102000193,55,112,-57
102000194,40,101,-61
102000195,417,389,28
102000196,216,269,-53
102000197,652,260,392
102000198,251,516,-265
102000199,1023,248,775
102000200,284,705,-421
102000201,1132,384,748
102000202,6,77,-71
102000203,367,182,185
102000204,443,539,-96
102000205,986,367,619
102000206,610,464,146
102000207,470,366,104
102000208,383,354,29
102000209,46,36,10
102000210,343,280,63
102000211,494,234,260
102000212,313,9,304
102000213,9,235,-226
102000214,290,6,284
102000215,13,257,-244
102000216,74,63,11
102000217,5,80,-75
102000218,249,202,47
102000219,316,207,109
102000225,479,690,-211
102000226,992,724,268
102000227,170,1,169
102000228,0,62,-62
102000229,49,55,-6
102000230,287,339,-52
102000231,240,326,-86
102000232,27,186,-159
102000233,361,503,-142
102000234,155,820,-665
102000236,276,87,189
102000237,400,117,283
102000238,162,227,-65
102000240,469,633,-164
102000241,182,118,64
102000243,31,72,-41
102000245,29,117,-88
102000246,12,36,-24
102000247,586,699,-113
102000248,503,817,-314
102000249,140,125,15
102000250,55,228,-173
102000254,157,240,-83
102000266,47,429,-382
102000271,15,0,15
102000286,367,372,-5
102000297,1500,733,767
102000301,0,0,0
102000303,0,0,0
102000307,0,5,-5
102900001,1014,583,431
102900002,373,47,326
102900003,73,159,-86
102900005,373,235,138
102900006,504,129,375
102900007,398,15,383
102900008,207,42,165
102900009,406,341,65
102900010,317,553,-236
102900011,1259,242,1017
102900012,293,85,208
102900013,39,67,-28
102900015,399,461,-62
102900016,62,87,-25
102900017,189,406,-217
102900018,46,98,-52
102900019,270,294,-24
102900020,127,36,91
102900021,38,78,-40
102900022,429,179,250
102900023,41,44,-3
102900024,34,37,-3
102900025,213,104,109
102900026,285,1592,-1307
102900027,120,75,45
102900028,117,627,-510
102900029,169,185,-16
102900030,427,265,162
102900031,149,111,38
102900032,95,79,16
102900033,117,145,-28
102900034,439,61,378
102900035,136,284,-148
102900036,227,297,-70
102900037,264,341,-77
102900038,412,347,65
102900039,25,431,-406
102900040,121,228,-107
102900041,59,154,-95
102900042,218,235,-17
102900043,150,181,-31
102900044,418,1504,-1086
102900045,123,354,-231
102900046,129,176,-47
102900047,124,455,-331
102900048,620,397,223
102900049,104,258,-154
102900050,206,215,-9
102900051,188,183,5
102900053,349,506,-157
102900054,423,886,-463
102900055,110,191,-81
102900056,94,275,-181
102900057,5,56,-51
102900058,264,65,199
102900059,21,74,-53
102900060,100,333,-233
102900061,139,297,-158
102900062,247,631,-384
102900063,1088,344,744
102900064,79,374,-295
102900065,967,375,592
102900066,306,17,289
102900068,87,66,21
102900070,213,463,-250
102900072,7,45,-38
102900073,82,6,76
102900075,44,69,-25
102900076,145,177,-32
102900077,28,31,-3
102900078,46,65,-19
102900079,192,25,167
102900080,288,29,259
102900081,76,196,-120
102900082,11,202,-191
102900083,172,17,155
102900084,3,33,-30
102900085,350,98,252
102900086,18,72,-54
102900087,151,171,-20
102900088,55,47,8
102900089,199,99,100
102900090,1,266,-265
102900091,176,2,174
102900092,419,580,-161
102900094,2,131,-129
102900095,136,1,135
102900096,53,15,38
102900097,12,136,-124
103000001,1788,2074,-286
103000002,1902,2231,-329
103000003,2853,2316,537
103000004,911,608,303
103000005,1678,2635,-957
103000006,771,1222,-451
103000007,382,587,-205
103000008,827,565,262
103000009,1282,968,314
103000010,151,99,52
103000011,1426,1115,311
103000012,1195,1257,-62
103000013,2930,1504,1426
103000014,1244,2204,-960
103000015,1359,604,755
103000016,507,1308,-801
103000017,225,329,-104
103000018,622,253,369
103000019,315,267,48
103000020,1828,1061,767
103000021,1516,1604,-88
103000022,608,770,-162
103000023,682,1619,-937
103000024,76,80,-4
103000025,107,616,-509
103000026,618,114,504
103000027,233,591,-358
103000028,344,349,-5
103000029,213,327,-114
103000030,1244,1169,75
103000031,1094,1674,-580
103000032,1954,1246,708
103000033,2616,2517,99
103000034,1081,866,215
103000035,338,1142,-804
103000036,316,459,-143
103000037,476,574,-98
103000038,476,856,-380
103000039,525,304,221
103000040,407,701,-294
103000041,1560,1578,-18
103000042,1111,373,738
103000043,588,643,-55
103000044,269,115,154
103000046,400,455,-55
103000047,543,565,-22
103000048,171,174,-3
103000049,94,126,-32
103000050,731,396,335
103000051,472,406,66
103000052,608,373,235
103000053,192,565,-373
103000054,2184,1370,814
103000055,1726,1660,66
103000056,758,1125,-367
103000057,767,225,542
103000058,513,747,-234
103000059,459,656,-197
103000060,653,570,83
103000061,444,765,-321
103000062,960,530,430
103000063,779,753,26
103000064,112,181,-69
103000065,6,352,-346
103000066,199,12,187
103000069,396,289,107
103000070,970,643,327
103000071,1167,485,682
103000072,118,512,-394
103000073,542,102,440
103000074,513,73,440
103000075,110,553,-443
103000076,285,320,-35
103000077,28,239,-211
103000078,730,570,160
103000079,510,612,-102
103000080,798,320,478
103000081,424,1128,-704
103000082,387,147,240
103000083,83,236,-153
103000084,109,13,96
103000085,1,155,-154
103000086,514,410,104
103000087,108,486,-378
103000088,215,224,-9
103000089,239,422,-183
103000090,2017,843,1174
103000091,559,413,146
103000092,237,195,42
103000093,229,323,-94
103000094,191,72,119
103000095,87,322,-235
103000096,589,73,516
103000097,59,612,-553
103000098,642,141,501
103000099,240,579,-339
103000100,114,484,-370
103000101,793,74,719
103000102,91,382,-291
103000103,582,96,486
103000104,44,71,-27
103000105,129,91,38
103000106,4,147,-143
103000107,177,59,118
103000108,850,529,321
103000109,461,382,79
103000110,437,443,-6
103000111,433,372,61
103000112,281,188,93
103000113,428,547,-119
103000114,1084,458,626
103000115,594,417,177
103000116,634,399,235
103000117,374,423,-49
103000118,462,440,22
103000119,877,378,499
103000120,27,90,-63
103000121,198,491,-293
103000122,457,572,-115
103000125,11,200,-189
103000126,746,3,743
103000127,1,147,-146
103000128,199,3,196
103000129,2,85,-83
103000130,84,45,39
103000131,165,89,76
103000132,67,224,-157
103000133,14,131,-117
103000134,373,764,-391
103000135,517,302,215
103000136,514,389,125
103000137,464,587,-123
103000138,650,766,-116
103000139,4,61,-57
103000140,116,32,84
103000141,58,116,-58
103000142,118,66,52
103000143,45,174,-129
103000144,160,53,107
103000145,19,182,-163
103000150,90,40,50
103000152,186,217,-31
103000153,266,146,120
103000156,7,278,-271
103000157,528,3,525
103000159,183,35,148
103000162,62,43,19
103000163,18,49,-31
103000164,19,18,1
103000165,82,190,-108
103000166,255,283,-28
103000167,192,114,78
103000168,98,140,-42
103000169,210,387,-177
103000170,946,350,596
103000171,35,102,-67
103000172,534,234,300
103000173,640,314,326
103000174,149,259,-110
103000175,302,222,80
103000176,812,614,198
103000177,393,315,78
103000178,162,248,-86
103000179,490,27,463
103000183,125,13,112
103000185,110,34,76
103000186,155,87,68
103000187,586,234,352
103000188,8,81,-73
103000189,655,547,108
103000191,553,494,59
103000292,1080,1593,-513
103000293,824,1817,-993
103000295,78,78,0
103000296,270,7,263
103000297,40,36,4
103000504,42,13,29
103000505,10,27,-17
103000506,1,172,-171
103000507,170,3,167
103000508,49,57,-8
103000509,225,498,-273
103900001,4,163,-159
103900002,848,134,714
103900003,1153,172,981
103900004,138,1,137
103900005,0,136,-136
103900006,8,0,8
103900007,127,7,120
103900008,20,6,14
103900009,244,432,-188
103900010,185,253,-68
103900011,273,133,140
103900012,11,22,-11
103900013,79,47,32
103900014,65,18,47
103900015,79,7,72
103900016,383,171,212
103900017,35,57,-22
103900018,466,144,322
103900019,71,360,-289
103900020,195,382,-187
103900021,414,47,367
103900022,1045,553,492
103900023,117,2,115
103900024,76,352,-276
103900025,14,37,-23
103900026,38,1,37
103900027,617,231,386
103900028,19,261,-242
103900029,1051,185,866
103900030,215,104,111
103900031,38,1,37
103900032,100,76,24
103900033,114,24,90
103900034,27,128,-101
103900035,34,55,-21
103900036,45,35,10
103900037,49,55,-6
103900038,92,227,-135
103900039,98,242,-144
103900040,17,129,-112
103900041,55,82,-27
103900042,90,263,-173
103900043,175,43,132
103900044,96,163,-67
103900045,291,155,136
103900047,142,27,115
103900048,294,35,259
103900049,260,965,-705
103900050,19,119,-100
103900051,4,33,-29
103900052,203,276,-73
103900053,274,399,-125
103900054,126,345,-219
103900055,349,157,192
103900056,60,40,20
103900057,31,137,-106
103900058,241,398,-157
103900059,2,44,-42
103900060,64,148,-84
103900061,194,32,162
103900062,347,91,256
103900063,5,0,5
103900064,97,2,95
103900065,660,312,348
103900066,109,30,79
103900067,162,27,135
103900068,2,1,1
103900069,94,30,64
103900070,114,190,-76
103900071,21,114,-93
103900072,14,124,-110
103900073,28,24,4
103900074,92,57,35
103900075,313,50,263
103900076,502,344,158
103900077,23,95,-72
103900078,279,81,198
103900079,182,165,17
103900080,9,26,-17
103900081,115,38,77
103900082,9,119,-110
103900083,920,831,89
103900084,38,94,-56
103900085,85,115,-30
103900086,644,302,342
103900088,292,461,-169
103900089,72,141,-69
103900090,3,80,-77
103900091,1061,188,873
103900092,552,333,219
103900093,82,256,-174
103900094,26,94,-68
103900095,236,220,16
103900096,24,160,-136
103900097,14,351,-337
103900098,204,93,111
103900099,50,119,-69
103900100,217,258,-41
103900101,130,878,-748
103900102,1,26,-25
103900104,0,29,-29
103900105,104,173,-69
103900106,0,109,-109
103900107,151,172,-21
103900108,74,235,-161
103900109,127,56,71
103900110,189,47,142
103900111,105,373,-268
103900112,38,91,-53
103900113,82,240,-158
103900114,341,270,71
103900115,230,141,89
103900116,3824,2663,1161
103900117,88,63,25
103900119,29,107,-78
103900120,68,90,-22
103900122,93,175,-82
103900123,1075,607,468
103900124,78,352,-274
103900125,111,63,48
103900126,520,203,317
103900127,195,283,-88
103900128,171,91,80
103900131,48,111,-63
103900133,783,42,741
103900134,0,6,-6
103900135,0,6,-6
103900137,0,38,-38
103900138,102,237,-135
103900139,146,1802,-1656
103900140,2,189,-187
103900141,232,38,194
103900142,161,80,81
103900143,40,3,37
103900144,0,43,-43
103900145,123,222,-99
103900146,287,178,109
103900147,310,86,224
103900148,233,201,32
103900149,412,519,-107
103900150,4734,3674,1060
103900151,34,156,-122
103900152,536,419,117
103900153,4,0,4
103900154,447,1635,-1188
103900155,44,215,-171
103900156,50,119,-69
103900157,30,102,-72
103900158,106,101,5
103900159,161,49,112
103900160,53,24,29
103900161,79,131,-52
103900162,84,124,-40
103900163,17,314,-297
103900167,8,88,-80
103900168,122,120,2
103900169,34,24,10
103900170,1,56,-55
103900171,2,30,-28
103900172,1,7,-6
103900173,12,8,4
103900174,217,61,156
103900175,56,82,-26
103900176,6,25,-19
103900177,9,66,-57
103900178,60,34,26
103900179,59,97,-38
103900180,9,70,-61
103900181,40,34,6
103900182,23,18,5
103900184,338,92,246
103900185,73,392,-319
103900187,14,87,-73
103900188,43,22,21
103900189,104,13,91
103900190,68,39,29
103900191,22,32,-10
103900192,23,61,-38
103900193,92,177,-85
103900194,71,250,-179
103900195,6,78,-72
103900196,64,39,25
103900197,25,32,-7
103900198,25,31,-6
103900199,143,44,99
103900200,160,111,49
103900201,79,153,-74
103900202,27,50,-23
103900203,60,19,41
103900204,1,81,-80
103900207,0,76,-76
103900208,118,5,113
103900209,5,109,-104
103900210,46,25,21
103900211,566,259,307
103900212,72,254,-182
103900213,36,216,-180
103900214,226,242,-16
103900215,283,342,-59
103900216,10,290,-280
103900217,353,66,287
103900218,0,190,-190
103900219,151,195,-44
103900233,108,8,100
103900235,48,34,14
103900236,13,1,12
103900242,2,15,-13
103900243,0,4,-4
103900244,116,144,-28
103900245,93,179,-86
103900246,50,46,4
103900247,53,106,-53
103900248,2,58,-56
103900249,19,33,-14
103900250,32,21,11
103900251,0,20,-20
103900253,10,79,-69
103900254,8,22,-14
103900255,3,23,-20
103900256,9,19,-10
103900257,65,87,-22
103900258,23,7,16
103900259,52,7,45
103900261,8,6,2
103900262,23,5,18
103900263,38,47,-9
103900264,54,25,29
103900265,34,13,21
103900266,3,90,-87
103900267,7,61,-54
103900268,21,46,-25
103900269,138,25,113
103900270,76,101,-25
103900271,76,82,-6
103900272,78,54,24
103900273,27,31,-4
103900274,101,8,93
103900275,53,14,39
103900276,12,66,-54
103900277,5,60,-55
103900278,18,27,-9
103900279,1,30,-29
103900280,1,87,-86
104000001,1902,1474,428
104000002,1459,1915,-456
104000003,1893,1937,-44
104000004,2072,2058,14
104000005,1362,1765,-403
104000006,2770,2287,483
104000007,3260,3631,-371
104000008,182,209,-27
104000009,206,85,121
104000010,181,288,-107
104000011,330,267,63
104000012,111,257,-146
104000013,258,188,70
104000014,232,481,-249
104000015,339,151,188
104000016,473,275,198
104000018,904,161,743
104000019,584,206,378
104000020,128,418,-290
104000021,243,357,-114
104000022,115,224,-109
104000023,742,269,473
104000024,189,303,-114
104000026,57,289,-232
104000027,219,176,43
104000028,371,182,189
104000029,324,258,66
104000030,307,193,114
104000031,1242,323,919
104000032,234,185,49
104000033,627,424,203
104000034,305,212,93
104000035,833,341,492
104000036,712,407,305
104000037,274,183,91
104000038,467,305,162
104000039,224,145,79
104000040,224,258,-34
104000041,544,364,180
104000042,162,265,-103
104000043,184,274,-90
104000044,220,440,-220
104000045,774,716,58
104000046,869,1109,-240
104000047,629,946,-317
104000048,938,1079,-141
104000049,795,293,502
104000050,160,503,-343
104000051,111,430,-319
104000052,1614,1389,225
104000053,1349,419,930
104000054,767,328,439
104000055,3188,1957,1231
104000056,962,183,779
104000057,178,307,-129
104000058,737,654,83
104000059,503,798,-295
104000060,888,1043,-155
104000061,1345,913,432
104000062,313,136,177
104000064,532,469,63
104000065,149,522,-373
104000069,790,989,-199
104000070,64,401,-337
104000071,101,390,-289
104000072,567,190,377
104000075,49,231,-182
104000076,385,58,327
104000082,2104,3034,-930
104000083,713,172,541
104000084,105,451,-346
104000085,283,293,-10
104000086,157,373,-216
104000087,340,1660,-1320
104000090,764,1045,-281
104000092,1073,1431,-358
104000094,807,1061,-254
104000095,1516,1170,346
104000096,1296,154,1142
104000097,1535,509,1026
104000098,2037,674,1363
104000100,1476,521,955
104000101,975,1284,-309
104000106,41,490,-449
104000107,552,320,232
104000108,240,396,-156
104000109,299,100,199
104000110,715,894,-179
104000111,2504,1951,553
104000112,1381,447,934
104000116,1,653,-652
104000117,163,372,-209
104000118,526,176,350
104000119,540,199,341
104000120,273,491,-218
104000121,169,580,-411
104000122,648,700,-52
104000123,560,627,-67
104000124,521,1278,-757
104000125,2556,3854,-1298
104000126,335,387,-52
104000127,1070,1679,-609
104000128,497,331,166
104000129,347,26,321
104000130,10,203,-193
104000131,442,394,48
104000132,298,399,-101
104000133,1294,750,544
104000134,894,1405,-511
104000135,493,1748,-1255
104000136,757,3547,-2790
104000137,1668,395,1273
104000138,661,281,380
104000139,3905,2339,1566
104000141,941,972,-31
104000142,536,527,9
104000143,487,388,99
104000144,79,135,-56
104000145,429,218,211
104000146,231,384,-153
104000147,109,151,-42
104000148,359,151,208
104000149,173,192,-19
104000150,979,414,565
104000151,275,287,-12
104000152,407,433,-26
104000153,604,495,109
104000154,737,416,321
104000155,421,529,-108
104000157,946,1273,-327
104000158,285,520,-235
104000159,765,596,169
104000160,1733,1888,-155
104000161,138,133,5
104000162,66,144,-78
104000165,836,1009,-173
104000167,632,933,-301
104000168,483,4,479
104000169,159,24,135
104000170,294,486,-192
104000248,335,485,-150
104000251,48,204,-156
104000272,0,0,0
104000273,0,0,0
104000274,0,0,0
104000275,0,0,0
104000279,524,331,193
104000290,79,198,-119
104000291,430,962,-532
104000293,700,631,69
104000294,33,0,33
104000295,511,576,-65
104000296,373,568,-195
104000297,552,1455,-903
104000298,2422,667,1755
104000299,681,1121,-440
104900001,152,404,-252
104900002,63,155,-92
104900003,42,299,-257
104900004,65,278,-213
104900005,295,204,91
104900006,306,95,211
104900007,260,195,65
104900009,136,255,-119
104900010,79,54,25
104900011,25,11,14
104900012,237,31,206
104900013,146,36,110
104900014,1948,277,1671
104900015,81,5,76
104900016,272,163,109
104900017,193,197,-4
104900018,14,169,-155
104900019,236,2833,-2597
104900020,102,221,-119
104900021,2,88,-86
104900022,4,93,-89
104900023,3,52,-49
104900024,16,66,-50
104900025,55,184,-129
104900026,0,73,-73
104900027,454,267,187
104900028,36,90,-54
104900029,44,49,-5
104900030,559,177,382
104900031,85,154,-69
104900032,27,75,-48
104900033,197,259,-62
104900034,395,131,264
104900035,312,171,141
104900036,222,66,156
104900037,153,177,-24
104900038,328,755,-427
104900039,461,378,83
104900040,439,86,353
104900041,292,144,148
104900042,122,215,-93
104900043,24,177,-153
104900044,571,179,392
104900045,407,51,356
104900046,280,112,168
104900047,323,116,207
104900048,278,61,217
104900049,38,27,11
104900050,350,42,308
104900051,257,30,227
104900052,57,2,55
104900053,365,71,294
104900054,165,26,139
104900055,78,2,76
104900056,176,11,165
104900057,45,1,44
104900058,359,134,225
104900059,207,74,133
104900060,3,316,-313
104900061,193,471,-278
104900063,0,102,-102
104900064,0,81,-81
104900065,1,178,-177
104900066,1,60,-59
104900067,2,273,-271
104900068,13,150,-137
104900070,163,213,-50
104900071,2,353,-351
104900072,44,203,-159
104900073,34,111,-77
104900074,31,164,-133
104900075,46,38,8
104900076,92,283,-191
104900077,506,201,305
104900078,200,510,-310
104900079,72,524,-452
104900080,77,486,-409
104900082,18,404,-386
104900085,0,164,-164
104900087,291,1,290
104900089,167,0,167
104900090,788,730,58
104900091,1836,488,1348
104900093,198,454,-256
104900097,1634,1740,-106
104900098,92,34,58
104900099,185,528,-343
104900100,352,167,185
104900102,43,108,-65
104900103,376,57,319
104900104,2064,1618,446
104900106,130,102,28
104900107,138,172,-34
104900108,16,148,-132
104900109,101,123,-22
104900110,6,54,-48
104900111,87,50,37
104900112,221,438,-217
104900113,675,273,402
104900114,341,266,75
104900115,680,295,385
104900116,257,134,123
104900118,23,41,-18
104900119,1,32,-31
104900120,27,312,-285
104900121,0,60,-60
104900122,6,41,-35
104900123,51,4,47
104900124,39,0,39
104900125,381,10,371
104900126,63,31,32
104900127,29,30,-1
104900128,104,173,-69
104900129,1156,1630,-474
105000001,2418,1163,1255
105000002,2137,1179,958
105000003,2692,2725,-33
105000004,588,648,-60
105000005,790,843,-53
105000006,1181,1536,-355
105000007,1162,1510,-348
105000008,1406,2814,-1408
105000009,2280,2944,-664
105000010,2523,1604,919
105000011,3160,2851,309
105000012,2798,2333,465
105000013,958,1092,-134
105000014,1781,2234,-453
105000015,8262,12193,-3931
105000016,2075,1768,307
105000017,1339,739,600
105000018,1031,1289,-258
105000019,1160,854,306
105000020,224,394,-170
105000021,328,137,191
105000022,282,88,194
105000023,482,321,161
105000028,72,118,-46
105000029,456,1197,-741
105000030,3289,2222,1067
105000031,7,29,-22
105000033,933,1453,-520
105000034,128,843,-715
105000037,562,250,312
105000038,1444,2039,-595
105000039,1811,1374,437
105000040,769,1230,-461
105000041,391,958,-567
105000042,2639,1795,844
105000043,1398,1650,-252
105000044,511,412,99
105000045,271,481,-210
105000046,1156,285,871
105000047,524,928,-404
105000048,568,236,332
105000049,182,366,-184
105000050,740,299,441
105000051,150,336,-186
105000052,608,710,-102
105000053,113,109,4
105000054,545,745,-200
105000055,602,264,338
105000056,1470,1684,-214
105000057,1067,646,421
105000058,1170,920,250
105000059,671,517,154
105000060,518,515,3
105000061,746,533,213
105000062,479,582,-103
105000063,300,382,-82
105000064,1413,677,736
105000065,314,432,-118
105000066,952,1021,-69
105000067,1248,689,559
105000068,315,735,-420
105000069,1529,1596,-67
105000070,510,887,-377
105000071,210,705,-495
105000072,1042,2193,-1151
105000073,756,558,198
105000074,893,522,371
105000075,402,785,-383
105000076,1017,930,87
105000077,2210,950,1260
105000078,1062,1088,-26
105000079,1023,2590,-1567
105000080,1656,1141,515
105000081,2701,1123,1578
105000082,842,1476,-634
105000083,3493,2866,627
105000084,571,632,-61
105000085,1471,1736,-265
105000086,656,839,-183
105000087,1240,1390,-150
105000088,1266,1506,-240
105000089,2259,1651,608
105000090,778,790,-12
105000091,1137,1338,-201
105000092,590,731,-141
105000093,290,218,72
105000094,447,180,267
105000095,128,554,-426
105000096,1241,1188,53
105000097,831,821,10
105000098,858,616,242
105000099,693,705,-12
105000100,1177,926,251
105000101,1717,1678,39
105000102,1377,1387,-10
105000103,1146,2072,-926
105000104,2101,840,1261
105000105,1083,1506,-423
105000106,1126,1184,-58
105000107,1235,603,632
105000108,1414,1030,384
105000109,1330,1174,156
105000110,830,461,369
105000111,765,630,135
105000112,1181,590,591
105000113,419,599,-180
105000114,1903,937,966
105000115,283,978,-695
105000116,756,416,340
105000117,805,685,120
105000118,514,354,160
105000119,555,580,-25
105000120,999,443,556
105000121,632,672,-40
105000122,442,572,-130
105000123,931,898,33
105000124,1768,654,1114
105000125,705,1312,-607
105000126,1792,1295,497
105000127,2085,1417,668
105000128,548,837,-289
105000129,724,375,349
105000130,348,2467,-2119
105000131,480,303,177
105000132,883,569,314
105000133,360,742,-382
105000134,677,531,146
105000135,415,418,-3
105000136,124,242,-118
105000137,510,188,322
105000138,220,282,-62
105000139,930,718,212
105000140,465,466,-1
105000141,339,463,-124
105000142,243,448,-205
105000143,151,478,-327
105000144,250,661,-411
105000145,590,326,264
105000146,377,687,-310
105000147,656,344,312
105000148,1046,649,397
105000149,2250,1975,275
105000150,1558,1120,438
105000151,379,389,-10
105000152,174,376,-202
105000153,482,630,-148
105000154,528,437,91
105000155,309,831,-522
105000156,596,553,43
105000157,624,1211,-587
105000158,1588,689,899
105000159,252,736,-484
105000160,1717,530,1187
105000161,657,756,-99
105000162,601,1391,-790
105000163,968,718,250
105000164,212,203,9
105000165,712,4498,-3786
105000166,3868,823,3045
105000167,1205,1220,-15
105000168,526,385,141
105000169,440,231,209
105000170,209,973,-764
105000171,948,164,784
105000172,156,51,105
105000173,181,80,101
105000174,55,65,-10
105000175,61,106,-45
105000176,361,76,285
105000177,317,151,166
105000178,179,358,-179
105000179,575,125,450
105000180,149,144,5
105000181,143,234,-91
105000182,54,52,2
105000183,1628,1726,-98
105000184,1113,1144,-31
105000185,968,1199,-231
105000186,460,783,-323
105000187,785,200,585
105000188,187,163,24
105000189,102,426,-324
105000190,273,261,12
105000191,436,320,116
105000192,322,57,265
105000193,85,123,-38
105000194,496,95,401
105000195,221,582,-361
105000196,87,285,-198
105000197,285,545,-260
105000198,528,292,236
105000199,290,637,-347
105000200,98,228,-130
105000201,87,34,53
105000203,16,146,-130
105000204,82,78,4
105000205,90,178,-88
105000207,328,171,157
105000208,209,523,-314
105000209,183,292,-109
105000211,266,10,256
105000212,997,942,55
105000213,117,173,-56
105000214,159,189,-30
105000215,338,137,201
105000216,188,244,-56
105000217,130,179,-49
105000218,1256,898,358
105000221,158,206,-48
105000222,476,194,282
105000223,374,202,172
105000226,126,214,-88
105000227,96,184,-88
105000228,223,1405,-1182
105000229,168,433,-265
105000231,419,263,156
105000233,861,578,283
105000234,468,955,-487
105000235,345,455,-110
105000237,661,67,594
105000243,18,43,-25
105000248,65,72,-7
105000262,323,955,-632
105000269,193,184,9
105000270,367,32,335
105000271,1,195,-194
105000282,70,40,30
105000287,286,95,191
105000288,696,349,347
105000289,2198,1691,507
105000290,40,15,25
105000402,2636,3062,-426
105000426,428,488,-60
105000438,3128,1216,1912
105000440,47,29,18
105000446,8361,4736,3625
105000447,4672,2219,2453
105000454,499,581,-82
105000455,235,143,92
105000474,46,1,45
105000477,429,469,-40
105000478,1759,3714,-1955
105000479,103,108,-5
105000480,7926,5843,2083
105000481,4305,3109,1196
105000482,3882,6070,-2188
105000483,1774,1906,-132
105000484,2291,2895,-604
105000485,1404,2918,-1514
105000486,2788,2302,486
105000488,7531,4243,3288
105000489,811,781,30
105000549,111,134,-23
105000550,321,1244,-923
105000551,38,93,-55
105000552,2209,1294,915
105000555,1040,908,132
105000556,39,22,17
105000557,44,142,-98
105900001,11,2155,-2144
105900002,833,590,243
105900003,30,107,-77
105900004,136,122,14
105900005,6,239,-233
105900006,12,121,-109
105900007,70,24,46
105900008,67,376,-309
105900009,33,29,4
105900011,141,40,101
105900012,465,92,373
105900013,2,33,-31
105900014,6,48,-42
105900015,120,301,-181
105900016,506,522,-16
105900017,1155,34,1121
105900018,175,126,49
105900019,67,295,-228
105900020,77,36,41
105900021,29,252,-223
105900022,320,128,192
105900023,5,80,-75
105900024,10,611,-601
105900025,189,26,163
105900026,175,21,154
105900027,9879,4436,5443
105900028,396,346,50
105900029,1503,240,1263
105900030,143,191,-48
105900031,307,190,117
105900032,93,111,-18
105900033,108,100,8
105900034,256,150,106
105900035,134,126,8
105900036,111,114,-3
105900037,91,65,26
105900038,183,199,-16
105900039,131,71,60
105900040,64,110,-46
105900041,156,143,13
105900042,64,165,-101
105900043,873,49,824
105900044,8,206,-198
105900045,4,669,-665
105900046,7,238,-231
105900047,16,44,-28
105900048,77,358,-281
105900050,3145,4851,-1706
105900051,60,1159,-1099
105900052,440,130,310
105900053,2111,2427,-316
105900054,257,157,100
105900056,519,325,194
105900057,36,190,-154
105900058,15,12,3
105900059,0,41,-41
106000001,3433,2262,1171
106000002,1879,4134,-2255
106000003,2608,3294,-686
106000004,1272,2006,-734
106000005,3210,4649,-1439
106000006,5092,2922,2170
106000007,447,509,-62
106000008,514,254,260
106000009,517,317,200
106000010,607,472,135
106000011,1064,852,212
106000012,761,1040,-279
106000013,1476,1652,-176
106000014,1392,1153,239
106000015,1712,1059,653
106000016,1050,1432,-382
106000017,603,570,33
106000018,415,267,148
106000019,315,340,-25
106000020,284,344,-60
106000021,270,362,-92
106000022,269,302,-33
106000023,586,228,358
106000024,467,339,128
106000025,141,135,6
106000026,71,212,-141
106000027,1480,1231,249
106000028,544,358,186
106000029,684,788,-104
106000030,491,493,-2
106000034,181,471,-290
106000035,918,1639,-721
106000036,201,398,-197
106000037,1490,1134,356
106000038,233,119,114
106000039,116,97,19
106000040,143,792,-649
106000041,609,458,151
106000043,520,248,272
106000046,375,77,298
106000047,52,381,-329
106000049,879,169,710
106000050,273,473,-200
106000051,633,499,134
106000052,80,403,-323
106000053,358,156,202
106000054,299,312,-13
106000055,1086,850,236
106000056,229,285,-56
106000057,388,258,130
106000058,126,118,8
106000059,290,283,7
106000060,306,390,-84
106000061,246,475,-229
106000062,138,403,-265
106000063,720,439,281
106000064,26,285,-259
106000065,366,265,101
106000066,117,270,-153
106000067,356,93,263
106000068,52,436,-384
106000069,231,46,185
106000070,437,544,-107
106000071,894,277,617
106000072,2187,1391,796
106000073,1393,2678,-1285
106000074,601,545,56
106000075,304,1132,-828
106000076,1569,1537,32
106000077,2699,1151,1548
106000078,972,766,206
106000079,557,659,-102
106000080,1080,514,566
106000081,572,961,-389
106000082,1853,727,1126
106000083,420,1124,-704
106000084,1118,607,511
106000085,1240,1276,-36
106000086,589,782,-193
106000087,905,483,422
106000088,435,644,-209
106000089,910,264,646
106000090,256,438,-182
106000091,255,323,-68
106000092,653,202,451
106000093,345,120,225
106000094,86,207,-121
106000095,727,617,110
106000096,915,542,373
106000097,1062,594,468
106000098,668,758,-90
106000099,204,804,-600
106000100,1135,227,908
106000101,1038,440,598
106000102,302,771,-469
106000103,239,500,-261
106000104,796,405,391
106000105,404,468,-64
106000106,634,396,238
106000107,139,199,-60
106000108,385,261,124
106000109,185,169,16
106000110,214,241,-27
106000111,221,263,-42
106000112,222,451,-229
106000113,648,435,213
106000114,367,527,-160
106000115,216,332,-116
106000116,361,153,208
106000117,918,611,307
106000118,1111,1098,13
106000119,1119,649,470
106000120,741,1070,-329
106000121,152,126,26
106000122,120,140,-20
106000123,502,103,399
106000124,60,146,-86
106000125,26,167,-141
106000126,267,74,193
106000127,838,638,200
106000128,825,134,691
106000129,437,389,48
106000130,718,275,443
106000131,171,533,-362
106000132,481,146,335
106000133,1293,943,350
106000134,429,1547,-1118
106000135,194,429,-235
106000136,618,902,-284
106000137,59,550,-491
106000138,902,112,790
106000139,32,78,-46
106000140,37,32,5
106000141,129,42,87
106000142,82,29,53
106000143,30,46,-16
106000144,28,69,-41
106000145,262,189,73
106000146,448,140,308
106000147,371,361,10
106000148,435,605,-170
106000149,668,351,317
106000150,507,1476,-969
106000151,2782,619,2163
106000152,1040,1374,-334
106000153,117,825,-708
106000154,1271,186,1085
106000155,90,242,-152
106000156,654,220,434
106000157,587,1133,-546
106000158,1632,736,896
106000159,2081,1431,650
106000160,378,1988,-1610
106000161,1209,261,948
106000162,344,762,-418
106000163,418,332,86
106000164,392,235,157
106000165,228,373,-145
106000166,647,285,362
106000167,292,704,-412
106000168,506,208,298
106000169,282,377,-95
106000170,725,214,511
106000171,240,911,-671
106000172,2256,1073,1183
106000173,1015,2239,-1224
106000174,981,390,591
106000175,233,611,-378
106000176,1358,717,641
106000177,608,1693,-1085
106000178,2597,1428,1169
106000179,888,1504,-616
106000180,642,1004,-362
106000181,785,1600,-815
106000182,1293,590,703
106000183,1244,444,800
106000184,1061,515,546
106000185,803,1215,-412
106000186,692,138,554
106000187,174,858,-684
106000188,0,1,-1
106000189,12,28,-16
106000190,34,1,33
106000191,534,149,385
106000192,1,16,-15
106000193,394,177,217
106000194,134,250,-116
106000195,239,90,149
106000196,80,284,-204
106000197,553,213,340
106000198,140,189,-49
106000199,737,543,194
106000200,208,185,23
106000201,378,2098,-1720
106000202,2713,504,2209
106000203,44,167,-123
106000204,98,5,93
106000205,31,127,-96
106000206,87,24,63
106000207,36,433,-397
106000208,1263,194,1069
106000209,1326,405,921
106000210,319,705,-386
106000211,253,837,-584
106000212,707,412,295
106000213,574,1642,-1068
106000214,1794,561,1233
106000215,316,438,-122
106000216,334,294,40
106000217,263,311,-48
106000218,423,310,113
106000219,178,263,-85
106000220,419,281,138
106000221,179,176,3
106000222,70,82,-12
106000223,265,104,161
106000224,249,143,106
106000225,150,92,58
106000226,100,222,-122
106000228,60,79,-19
106000229,83,539,-456
106000231,908,126,782
106000232,86,322,-236
106000233,566,135,431
106000234,71,208,-137
106000235,473,86,387
106000236,174,63,111
106000237,1,3,-2
106000238,7,15,-8
106000239,3,83,-80
106000240,51,3,48
106000241,27,531,-504
106000242,264,40,224
106000249,65,61,4
106000250,63,417,-354
106000251,98,19,79
106000252,18,46,-28
106000253,47,53,-6
106000254,68,20,48
106000255,10,115,-105
106000256,39,51,-12
106000257,127,183,-56
106000258,169,14,155
106000259,4,32,-28
106000260,53,4,49
106000261,2,57,-55
106000262,80,6,74
106000263,13,33,-20
106000264,265,14,251
106000265,8,89,-81
106000266,95,21,74
106000267,2,57,-55
106000268,422,60,362
106000269,52,26,26
106000270,120,377,-257
106000271,64,150,-86
106000272,230,62,168
106000273,9,223,-214
106000274,156,27,129
106000275,130,198,-68
106000276,122,32,90
106000277,110,206,-96
106000278,134,21,113
106000279,30,31,-1
106000280,62,66,-4
106000281,86,54,32
106000282,48,55,-7
106000283,94,52,42
106000284,65,95,-30
106000285,119,55,64
106000286,112,143,-31
106000287,106,46,60
106000288,92,154,-62
106000289,107,54,53
106000290,49,95,-46
106000291,110,90,20
106000292,101,97,4
106000293,147,80,67
106000294,149,116,33
106000295,56,64,-8
106000296,42,76,-34
106000297,74,201,-127
106000298,86,81,5
106000299,101,113,-12
106000300,63,94,-31
106000301,50,101,-51
106000303,40,67,-27
106000304,28,29,-1
106000305,27,59,-32
106000306,37,34,3
106000307,73,42,31
106000308,21,113,-92
106000309,17,42,-25
106000310,313,415,-102
106000311,286,151,135
106000312,125,139,-14
106000313,197,168,29
106000318,84,398,-314
106000319,917,243,674
106000320,5,65,-60
106000321,208,104,104
106000322,201,112,89
106000324,14,144,-130
106000325,1471,830,641
106000326,938,1234,-296
106000327,221,100,121
106000328,43,124,-81
106000329,309,208,101
106000330,99,68,31
106000428,93,158,-65
106000429,174,404,-230
106000430,385,1004,-619
106000431,1914,371,1543
106000432,1510,2209,-699
106000433,2133,1195,938
106000434,2738,1286,1452
106000435,1229,1974,-745
106000436,27,181,-154
106000437,247,76,171
106000438,194,183,11
106000439,62,517,-455
106000440,238,515,-277
106000441,3,0,3
106000442,148,10,138
106000443,178,204,-26
106000450,1,112,-111
106000451,32,61,-29
106000454,1,125,-124
106000455,6,169,-163
106000456,69,29,40
106000457,26,603,-577
106000458,899,82,817
106000459,174,281,-107
106000460,1476,24,1452
106000461,82,701,-619
106000462,0,26,-26
106000463,6,25,-19
106000464,1,348,-347
106000465,633,3,630
106000466,4,388,-384
106000467,317,377,-60
106000468,107,129,-22
106000469,135,4,131
106000470,212,1515,-1303
106000471,15,407,-392
106000472,125,12,113
106000473,48,13,35
106000474,373,488,-115
106000475,257,132,125
106000476,185,241,-56
106000477,41,104,-63
106000480,0,259,-259
106900001,0,6,-6
106900002,3,294,-291
106900003,196,1156,-960
106900004,4,11,-7
106900006,0,4,-4
106900007,0,6,-6
106900008,364,135,229
106900009,246,248,-2
106900010,175,170,5
106900012,1084,1896,-812
106900013,559,153,406
106900014,9,1,8
106900015,15,2,13
106900016,293,8,285
106900017,5,2,3
106900018,0,0,0
106900019,29,0,29
106900020,2168,1437,731
106900021,128,70,58
106900022,764,4,760
106900023,57,200,-143
106900024,559,48,511
106900025,42,566,-524
106900026,1,363,-362
106900027,663,1,662
107000001,3440,3162,278
107000002,2180,3315,-1135
107000003,5568,5722,-154
107000004,3767,3295,472
107000005,4411,5216,-805
107000006,3016,2817,199
107000007,5309,9065,-3756
107000008,7740,5827,1913
107000009,7161,6982,179
107000010,7646,6684,962
107000011,1013,1116,-103
107000012,3227,2486,741
107000013,114,97,17
107000014,53,168,-115
107000015,480,595,-115
107000016,766,648,118
107000017,2433,2068,365
107000018,20,1484,-1464
107000020,1660,2131,-471
107000021,1183,393,790
107000022,881,1613,-732
107000023,2123,209,1914
107000024,684,1228,-544
107000025,207,373,-166
107000026,273,400,-127
107000027,1246,1022,224
107000028,1255,1022,233
107000029,3332,2850,482
107000030,2725,2270,455
107000031,4055,2230,1825
107000032,420,829,-409
107000033,2484,3355,-871
107000034,2969,1231,1738
107000035,329,215,114
107000036,296,1149,-853
107000037,74,713,-639
107000038,220,250,-30
107000039,866,868,-2
107000040,150,326,-176
107000041,1349,581,768
107000042,618,1735,-1117
107000043,2146,926,1220
107000044,443,323,120
107000045,90,257,-167
107000046,722,372,350
107000047,466,717,-251
107000048,635,269,366
107000049,646,713,-67
107000050,1215,537,678
107000051,245,304,-59
107000052,1168,1037,131
107000053,364,209,155
107000054,56,236,-180
107000055,345,197,148
107000056,541,685,-144
107000057,1539,247,1292
107000058,2104,2136,-32
107000059,1670,2480,-810
107000060,4360,4854,-494
107000061,4266,2831,1435
107000062,4645,2679,1966
107000063,3483,3869,-386
107000064,4691,2543,2148
107000065,3734,3495,239
107000066,2027,2754,-727
107000067,1131,1320,-189
107000068,1243,789,454
107000069,907,527,380
107000070,1229,25,1204
107000071,3446,59,3387
107000072,55,2001,-1946
107000073,779,390,389
107000074,147,666,-519
107000075,1782,607,1175
107000076,558,1143,-585
107000077,3465,1429,2036
107000078,2112,2522,-410
107000079,2631,1130,1501
107000080,960,2279,-1319
107000081,1880,568,1312
107000082,429,1262,-833
107000083,1260,400,860
107000084,314,1264,-950
107000085,2817,3014,-197
107000086,3014,2861,153
107000087,2885,1900,985
107000088,2867,2950,-83
107000089,1414,1542,-128
107000090,1064,977,87
107000091,1339,731,608
107000092,827,887,-60
107000093,1235,765,470
107000094,804,941,-137
107000095,773,652,121
107000096,492,618,-126
107000097,665,360,305
107000098,410,472,-62
107000099,364,186,178
107000100,240,279,-39
107000101,76,120,-44
107000102,174,256,-82
107000103,315,174,141
107000104,172,245,-73
107000105,336,112,224
107000106,155,175,-20
107000107,520,177,343
107000108,153,415,-262
107000109,608,154,454
107000110,60,376,-316
107000111,335,45,290
107000112,55,249,-194
107000113,725,119,606
107000114,132,405,-273
107000115,595,174,421
107000116,131,559,-428
107000117,179,646,-467
107000118,208,132,76
107000119,1299,1400,-101
107000120,947,470,477
107000121,919,581,338
107000122,1078,719,359
107000123,497,591,-94
107000124,478,667,-189
107000125,1160,605,555
107000126,944,578,366
107000129,260,551,-291
107000130,595,256,339
107000131,416,483,-67
107000132,523,345,178
107000133,478,119,359
107000134,320,1,319
107000135,2,227,-225
107000136,651,10,641
107000137,20,405,-385
107000138,267,42,225
107000139,12,476,-464
107000140,1304,125,1179
107000141,131,652,-521
107000142,506,88,418
107000143,81,565,-484
107000144,751,390,361
107000145,153,488,-335
107000146,260,348,-88
107000147,3823,1078,2745
107000150,562,2935,-2373
107000151,19,75,-56
107000152,438,1428,-990
107000153,132,248,-116
107000154,211,252,-41
107000155,975,46,929
107000156,1253,36,1217
107000157,129,1012,-883
107000158,774,32,742
107000159,38,764,-726
107000160,1239,169,1070
107000161,95,980,-885
107000162,300,612,-312
107000163,212,3,209
107000164,914,4,910
107000165,1209,6,1203
107000166,38,874,-836
107000167,621,203,418
107000168,933,537,396
107000169,678,666,12
107000170,2167,784,1383
107000171,633,1441,-808
107000172,1065,1506,-441
107000173,677,689,-12
107000174,984,4959,-3975
107000175,4878,1288,3590
107000176,2,2,0
107000177,5,2,3
107000178,19,36,-17
107000179,332,1613,-1281
107000180,1450,270,1180
107000181,457,874,-417
107000182,1741,770,971
107000183,160,564,-404
107000184,1033,585,448
107000185,354,910,-556
107000186,1096,311,785
107000187,1084,1038,46
107000188,568,525,43
107000189,429,898,-469
107000190,566,560,6
107000191,904,1043,-139
107000192,1624,675,949
107000193,442,353,89
107000194,900,665,235
107000197,1000,255,745
107000198,303,597,-294
107000199,778,627,151
107000200,612,530,82
107000201,480,331,149
107000202,331,483,-152
107000203,769,1196,-427
107000204,903,1687,-784
107000205,1535,966,569
107000206,784,1584,-800
107000207,673,1089,-416
107000208,922,613,309
107000209,1708,1185,523
107000210,549,274,275
107000211,3,43,-40
107000212,17,259,-242
107000213,5,20,-15
107000214,16,121,-105
107000215,437,300,137
107000216,376,340,36
107000217,189,124,65
107000219,135,252,-117
107000220,200,199,1
107000222,265,475,-210
107000224,527,108,419
107000225,555,359,196
107000226,508,79,429
107000227,126,208,-82
107000228,132,263,-131
107000229,123,113,10
107000230,1034,431,603
107000231,1147,1769,-622
107000232,137,42,95
107000233,897,856,41
107000234,1,44,-43
107000235,80,10,70
107000236,10,458,-448
107000237,15,0,15
107000238,63,1,62
107000239,3575,486,3089
107000240,128,706,-578
107000243,0,26,-26
107000244,8,47,-39
107000246,5,765,-760
107000249,1,906,-905
107000251,1,412,-411
107000252,2,711,-709
107000255,255,123,132
107000257,0,276,-276
107000258,0,96,-96
107000259,0,117,-117
107000260,840,5,835
107000262,3,344,-341
107000263,309,9,300
107000266,12,6,6
107000267,73,96,-23
107000268,108,94,14
107000269,541,52,489
107000270,0,32,-32
107000271,11,475,-464
107000272,24,89,-65
107000273,16,448,-432
107000274,1626,514,1112
107000275,203,2468,-2265
107000280,901,32,869
107000281,30,592,-562
107000282,140,619,-479
107000290,10,28,-18
107000291,12,6,6
107000292,4,165,-161
107000293,42,4,38
107000294,1,36,-35
107000295,12,1,11
107000296,0,15,-15
107000444,237,25,212
107000496,4,11,-7
107000497,1147,1673,-526
107000500,372,260,112
107000501,108,170,-62
107000502,187,265,-78
107000505,246,691,-445
107000506,0,119,-119
107000508,5,435,-430
107000509,256,555,-299
107000510,33,29,4
107000514,52,305,-253
107000515,7,140,-133
107000516,390,190,200
107000518,1062,1379,-317
107000519,1220,687,533
107000520,67,27,40
107000521,698,294,404
107000522,990,456,534
107900001,56,129,-73
107900002,45,7,38
107900003,364,17,347
107900004,12,0,12
107900005,1395,7,1388
107900006,144,1,143
107900007,331,40,291
107900008,200,15,185
107900009,150,24,126
107900010,67,1,66
107900012,265,51,214
107900013,191,21,170
107900014,35,6,29
107900015,957,32,925
107900016,482,92,390
107900017,11,2,9
107900018,82,158,-76
107900019,23,32,-9
107900020,138,51,87
107900021,77,79,-2
107900023,3,1,2
107900024,3,26,-23
107900025,263,192,71
107900026,102,38,64
107900027,26,75,-49
107900028,132,47,85
107900030,164,31,133
107900031,63,67,-4
107900032,25,5,20
107900033,26,11,15
107900034,361,28,333
107900035,855,62,793
107900036,57,19,38
107900037,0,24,-24
107900038,108,211,-103
107900039,48,33,15
107900040,14,162,-148
107900041,4,2,2
107900043,40,71,-31
107900044,9,20,-11
107900045,126,59,67
107900046,156,147,9
107900047,33,40,-7
107900048,163,19,144
107900049,277,954,-677
107900050,163,238,-75
107900051,84,47,37
107900052,41,32,9
107900053,56,66,-10
107900055,467,225,242
107900056,176,80,96
107900057,8,0,8
107900058,22,493,-471
107900060,14,53,-39
107900061,22,14,8
107900063,87,122,-35
107900064,199,139,60
107900065,249,8,241
107900066,40,8,32
107900067,0,0,0
107900068,98,779,-681
107900069,27,1940,-1913
107900070,140,47,93
107900071,39,535,-496
107900072,107,89,18
107900073,184,126,58
107900074,565,305,260
107900076,118,40,78
107900077,87,4,83
107900079,13,27,-14
107900080,190,722,-532
107900081,58,90,-32
107900082,17,12,5
107900083,251,138,113
107900084,88,97,-9
107900086,94,159,-65
107900087,574,178,396
107900088,37,3,34
107900089,213,852,-639
107900090,630,1890,-1260
107900091,130,230,-100
107900093,81,44,37
107900095,2530,1927,603
107900097,20,59,-39
107900098,41,119,-78
107900100,762,1266,-504
107900101,739,170,569
107900102,37,6,31
107900103,59,136,-77
107900104,281,10,271
107900105,0,279,-279
107900106,2,794,-792
107900107,1354,404,950
107900108,199,124,75
107900109,1445,22,1423
107900110,63,118,-55
107900111,6,582,-576
107900112,77,286,-209
107900113,210,54,156
107900114,197,140,57
107900115,1,39,-38
107900116,182,120,62
107900117,227,230,-3
107900118,58,141,-83
107900119,80,224,-144
107900120,33,33,0
107900121,5,119,-114
107900122,3,94,-91
107900123,3,53,-50
107900124,15,55,-40
107900125,32,189,-157
107900126,9,72,-63
107900127,478,315,163
107900128,74,64,10
107900129,76,47,29
107900130,76,24,52
107900131,472,289,183
107900132,119,253,-134
107900133,0,52,-52
107900134,34,84,-50
107900135,6,122,-116
107900136,62,33,29
107900137,72,104,-32
107900138,81,105,-24
107900139,49,65,-16
107900141,44,26,18
107900142,53,584,-531
107900143,185,22,163
107900144,2,123,-121
107900145,20,77,-57
107900146,58,85,-27
107900147,25,50,-25
107900148,119,69,50
107900149,737,177,560
107900150,62,469,-407
107900151,54,69,-15
107900152,10,135,-125
107900153,152,270,-118
107900154,27,32,-5
107900155,89,69,20
107900156,4,244,-240
107900157,52,40,12
107900158,740,28,712
107900159,19,536,-517
107900160,136,129,7
107900161,17,102,-85
107900162,2,48,-46
107900163,31,65,-34
107900164,12,32,-20
107900165,42,144,-102
107900166,25,137,-112
107900167,12,39,-27
107900168,37,29,8
107900169,0,169,-169
107900171,5,767,-762
107900172,1,296,-295
107900173,14,112,-98
107900174,160,5,155
107900175,18,57,-39
107900176,40,25,15
107900177,1,146,-145
107900178,0,133,-133
107900179,17,134,-117
107900180,435,559,-124
107900181,410,170,240
107900182,0,778,-778
107900183,61,142,-81
107900184,83,341,-258
107900185,179,7,172
107900186,31,40,-9
107900187,0,85,-85
107900188,415,114,301
107900189,24,85,-61
107900190,47,151,-104
107900191,70,88,-18
107900193,5,31,-26
107900194,206,17,189
107900195,1622,318,1304
107900196,108,99,9
107900197,385,360,25
107900199,2,754,-752
107900201,74,64,10
107900203,35,52,-17
107900204,183,144,39
107900206,537,472,65
107900207,0,318,-318
107900208,7,386,-379
107900209,290,124,166
107900210,77,77,0
107900213,490,339,151
107900214,8,90,-82
107900215,99,191,-92
107900216,113,41,72
107900217,24,81,-57
107900218,12,1380,-1368
107900219,33,58,-25
107900220,221,199,22
107900221,117,144,-27
107900223,130,478,-348
107900224,62,277,-215
107900225,4,456,-452
107900226,82,90,-8
107900227,117,259,-142
107900228,28,114,-86
107900229,3,191,-188
107900230,15,81,-66
107900231,34,191,-157
107900232,101,122,-21
107900233,15,122,-107
107900234,94,111,-17
107900235,30,100,-70
107900236,128,86,42
107900237,45,311,-266
107900238,41,95,-54
107900239,585,361,224
107900240,33,68,-35
107900241,33,54,-21
107900242,30,169,-139
107900243,0,44,-44
107900244,288,3,285
107900245,682,45,637
107900246,261,9,252
107900248,255,245,10
107900249,694,21,673
107900250,0,301,-301
107900251,66,983,-917
107900252,737,23,714
107900253,191,4,187
107900254,48,189,-141
107900255,241,107,134
107900256,929,1668,-739
107900257,173,101,72
107900258,89,200,-111
107900259,76,1996,-1920
107900261,11,293,-282
107900262,117,75,42
107900264,391,11,380
107900265,118,100,18
107900267,220,21,199
107900268,14,4,10
107900269,2,10,-8
107900270,1,0,1
107900271,2,23,-21
107900272,107,25,82
107900273,40,61,-21
107900274,127,0,127
107900275,22,1,21
107900276,2,81,-79
107900277,0,104,-104
107900278,300,361,-61
107900279,58,201,-143
107900280,2027,1351,676
107900281,997,2664,-1667
107900282,56,387,-331
107900283,672,513,159
107900284,593,712,-119
107900285,102,57,45
107900286,122,91,31
107900287,175,144,31
107900290,0,174,-174
107900291,525,24,501
107900292,109,125,-16
107900293,66,327,-261
107900295,68,35,33
107900297,3,313,-310
107900298,600,614,-14
107900299,1927,2016,-89
107900301,455,620,-165
107900302,104,20,84
107900303,343,262,81
107900304,332,338,-6
107900305,291,15,276
107900306,20,21,-1
107900307,53,173,-120
107900308,169,117,52
107900309,70,2,68
107900310,262,3,259
107900311,2,258,-256
107900312,81,0,81
107900313,0,115,-115
107900314,0,28,-28
107900315,2,39,-37
107900316,29,1,28
107900317,71,18,53
107900318,11,125,-114
107900319,3,124,-121
107900320,0,84,-84
107900321,120,3,117
107900322,1,114,-113
107900323,5,89,-84
107900324,137,1,136
107900325,116,0,116
107900326,325,180,145
107900327,2,72,-70
107900328,56,0,56
107900329,63,84,-21
107900330,8,187,-179
107900331,284,30,254
107900332,263,28,235
107900333,71,16,55
107900334,8,94,-86
107900335,54,28,26
107900336,37,67,-30
107900337,712,675,37
107900338,7,149,-142
107900339,2,12,-10
107900340,0,50,-50
107900341,60,0,60
107900342,110,69,41
107900343,40,9,31
107900344,9,37,-28
107900345,113,26,87
107900346,27,2,25
107900347,26,4,22
107900348,5,0,5
107900349,21,8,13
107900350,19,157,-138
107900351,2,180,-178
107900352,6,23,-17
107900353,15,12,3
107900354,15,42,-27
108000001,2727,3143,-416
108000002,1694,1972,-278
108000003,3111,3141,-30
108000004,9735,11554,-1819
108000005,7428,5863,1565
108000006,6818,5789,1029
108000007,4869,3723,1146
108000008,3509,4620,-1111
108000009,3364,4006,-642
108000010,2606,3384,-778
108000011,10701,10747,-46
108000012,12899,11825,1074
108000014,912,831,81
108000015,914,266,648
108000016,271,766,-495
108000017,1011,354,657
108000018,1870,585,1285
108000019,1737,718,1019
108000020,1223,498,725
108000021,288,1516,-1228
108000022,433,1121,-688
108000023,1117,193,924
108000024,413,483,-70
108000025,352,305,47
108000026,841,364,477
108000027,919,547,372
108000028,854,224,630
108000029,677,649,28
108000030,594,219,375
108000031,186,491,-305
108000032,1733,645,1088
108000033,739,795,-56
108000034,1503,491,1012
108000035,616,1602,-986
108000036,386,784,-398
108000037,1694,427,1267
108000038,2392,626,1766
108000039,450,1427,-977
108000040,1664,901,763
108000041,618,1831,-1213
108000042,303,204,99
108000043,242,199,43
108000044,513,168,345
108000045,350,334,16
108000046,1448,289,1159
108000047,409,674,-265
108000048,209,289,-80
108000049,1152,269,883
108000050,133,470,-337
108000051,375,157,218
108000052,225,459,-234
108000053,440,207,233
108000054,425,682,-257
108000055,1038,515,523
108000056,996,1071,-75
108000057,605,1147,-542
108000058,1794,3172,-1378
108000059,2669,1673,996
108000060,258,686,-428
108000061,348,406,-58
108000062,875,525,350
108000063,388,434,-46
108000064,212,188,24
108000065,524,357,167
108000066,1217,641,576
108000067,1757,646,1111
108000068,725,396,329
108000069,223,718,-495
108000070,1875,748,1127
108000071,692,1114,-422
108000072,1782,1147,635
108000073,1164,1368,-204
108000074,636,388,248
108000075,286,641,-355
108000076,818,618,200
108000077,523,489,34
108000078,2162,1199,963
108000079,731,1046,-315
108000080,1210,452,758
108000081,582,1215,-633
108000082,834,1443,-609
108000083,1745,852,893
108000084,333,865,-532
108000085,766,393,373
108000086,818,571,247
108000087,199,1813,-1614
108000088,669,182,487
108000089,277,288,-11
108000091,198,305,-107
108000092,164,74,90
108000093,224,356,-132
108000094,518,75,443
108000095,169,271,-102
108000096,284,167,117
108000097,131,280,-149
108000098,1622,1177,445
108000099,1024,246,778
108000100,139,416,-277
108000101,1157,1369,-212
108000102,1667,3175,-1508
108000106,728,1,727
108000107,1,859,-858
108000108,801,51,750
108000109,16,681,-665
108000110,195,261,-66
108000111,192,435,-243
108000112,57,109,-52
108000113,400,203,197
108000115,314,244,70
108000117,551,285,266
108000118,502,1679,-1177
108000119,537,323,214
108000120,136,617,-481
108000121,221,345,-124
108000122,580,331,249
108000123,857,139,718
108000124,352,440,-88
108000125,348,233,115
108000126,183,311,-128
108000127,547,332,215
108000128,617,418,199
108000129,495,751,-256
108000130,566,184,382
108000131,944,492,452
108000132,1625,1087,538
108000133,791,489,302
108000134,436,368,68
108000135,1047,429,618
108000136,284,622,-338
108000137,492,266,226
108000138,406,721,-315
108000139,479,232,247
108000140,148,21,127
108000141,31,76,-45
108000142,53,72,-19
108000143,66,262,-196
108000144,420,89,331
108000145,58,11,47
108000146,607,53,554
108000147,40,12,28
108000148,603,111,492
108000149,21,13,8
108000150,45,9,36
108000151,199,76,123
108000152,102,407,-305
108000153,603,166,437
108000154,50,1,49
108000155,23,20,3
108000156,874,421,453
108000157,226,1016,-790
108000158,95,726,-631
108000159,398,210,188
108000160,2046,1056,990
108000161,1613,2088,-475
108000165,3,135,-132
108000172,8,265,-257
108000173,1301,1847,-546
108000175,569,139,430
108000178,386,274,112
108000179,181,764,-583
108000181,89,44,45
108000182,211,102,109
108000183,46,386,-340
108000184,760,2003,-1243
108000185,200,301,-101
108000186,368,388,-20
108000187,133,434,-301
108000188,697,221,476
108000189,1506,7930,-6424
108000190,33,122,-89
108000192,194,418,-224
108000193,577,27,550
108000194,47,8,39
108000195,1,671,-670
108000196,229,163,66
108000198,733,300,433
108000199,0,246,-246
108000200,423,370,53
108000203,112,455,-343
108000204,155,58,97
108000205,219,290,-71
108000339,1049,327,722
108000364,237,604,-367
108000365,97,273,-176
108000367,288,297,-9
108000368,40,54,-14
108000369,642,215,427
108000371,24,691,-667
108000372,724,15,709
108000373,223,174,49
108000376,100,38,62
108000377,484,186,298
108000378,8059,9252,-1193
108000379,18,226,-208
108000381,68,21,47
108000382,203,1,202
108000383,0,163,-163
108900001,65,857,-792
108900002,179,48,131
108900003,218,498,-280
108900004,846,450,396
108900007,286,169,117
108900008,130,95,35
108900009,73,111,-38
108900010,218,145,73
108900011,581,271,310
108900012,331,338,-7
108900013,144,218,-74
108900014,24,122,-98
108900015,3,151,-148
108900016,1,219,-218
108900017,198,346,-148
108900018,180,254,-74
108900019,34,456,-422
108900020,54,135,-81
108900021,109,178,-69
108900022,167,8,159
108900023,16,20,-4
108900024,48,63,-15
108900025,140,102,38
108900026,23,104,-81
108900027,0,62,-62
108900028,85,232,-147
108900029,67,170,-103
108900030,1,85,-84
108900031,146,278,-132
108900032,16,141,-125
108900033,0,108,-108
108900034,2,155,-153
108900035,279,938,-659
108900038,0,218,-218
108900039,1,275,-274
108900040,4,100,-96
108900041,3687,2833,854
108900042,6,332,-326
108900043,68,311,-243
108900044,2,314,-312
108900045,78,287,-209
108900046,52,437,-385
108900047,1,129,-128
108900048,92,690,-598
108900049,2024,1227,797
108900050,1,150,-149
108900051,1,140,-139
108900052,34,148,-114
108900053,91,205,-114
108900054,68,158,-90
108900055,63,245,-182
108900056,0,120,-120
108900057,0,115,-115
108900058,51,200,-149
108900059,427,46,381
108900060,94,147,-53
108900061,71,33,38
108900062,10,191,-181
108900063,17,211,-194
108900064,244,53,191
108900065,20,132,-112
108900066,425,101,324
108900067,6,107,-101
108900068,1,123,-122
108900069,68,77,-9
108900070,22,72,-50
108900071,105,52,53
108900072,1309,490,819
108900073,17,248,-231
108900074,242,213,29
108900075,35,37,-2
108900076,355,82,273
108900077,138,343,-205
108900078,45,115,-70
108900079,606,160,446
108900080,30,594,-564
108900081,49,165,-116
108900082,97,88,9
108900083,20,238,-218
108900085,1686,157,1529
108900086,171,168,3
108900087,68,135,-67
108900088,847,301,546
108900089,35,142,-107
108900090,63,232,-169
108900091,81,53,28
108900092,525,300,225
108900093,129,114,15
108900094,219,77,142
108900095,33,250,-217
108900096,231,4,227
108900097,282,149,133
108900098,1501,662,839
108900099,425,155,270
108900100,70,94,-24
108900101,192,179,13
108900102,82,876,-794
108900103,132,145,-13
108900105,9,1207,-1198
108900106,446,185,261
108900108,263,49,214
108900109,407,80,327
108900110,193,209,-16
108900111,452,436,16
108900113,54,68,-14
108900114,82,7,75
108900115,52,52,0
108900116,56,10,46
108900117,200,15,185
108900118,625,27,598
108900119,251,26,225
108900120,222,187,35
108900121,324,128,196
108900122,152,14,138
108900123,173,124,49
108900124,449,161,288
108900125,464,4,460
108900126,94,24,70
108900127,179,11,168
108900128,153,36,117
108900129,773,137,636
108900130,371,3,368
108900131,373,6,367
108900132,495,57,438
108900133,287,58,229
108900134,390,197,193
108900135,164,18,146
108900136,39,1,38
108900137,104,2,102
108900138,807,97,710
108900140,299,205,94
108900141,437,37,400
108900142,119,6,113
108900143,78,0,78
108900144,132,1,131
108900145,240,11,229
108900146,62,0,62
108900147,308,1,307
108900148,67,22,45
108900150,202,5,197
108900151,128,8,120
108900152,234,9,225
108900153,245,215,30
108900154,4080,334,3746
108900156,64,9,55
108900157,82,368,-286
108900158,382,27,355
108900159,0,163,-163
108900160,14,221,-207
108900161,8,294,-286
108900162,168,0,168
108900163,6,240,-234
108900164,88,83,5
108900168,4992,2063,2929
108900169,44,92,-48
108900171,4199,2445,1754
108900172,220,43,177
108900173,135,218,-83
108900174,881,524,357
108900176,143,344,-201
108900177,3453,4688,-1235
108900178,2440,3374,-934
108900180,121,248,-127
108900183,183,181,2
108900184,414,175,239
108900185,92,234,-142
108900186,68,318,-250
108900189,307,131,176
108900190,55,1823,-1768
108900192,76,189,-113
108900195,92,192,-100
108900196,31,275,-244
108900199,229,352,-123
108900200,557,332,225
108900201,377,1162,-785
108900203,437,126,311
108900204,335,17,318
108900205,174,29,145
108900206,490,90,400
108900207,172,77,95
108900208,31,257,-226
108900209,186,409,-223
108900210,165,135,30
108900211,167,436,-269
108900212,457,1247,-790
108900215,60,332,-272
108900216,488,249,239
108900217,92,2,90
108900218,117,18,99
108900221,38,183,-145
108900224,45,149,-104
108900225,0,231,-231
108900227,110,297,-187
108900230,189,201,-12
108900232,3,168,-165
108900233,344,76,268
108900234,353,159,194
108900235,156,429,-273
108900236,38,228,-190
108900240,165,128,37
108900241,57,41,16
108900245,9,1358,-1349
108900250,287,101,186
108900258,12,174,-162
108900259,105,71,34
108900260,24,66,-42
108900261,102,117,-15
108900262,116,155,-39
108900263,45,153,-108
108900264,537,243,294
108900265,781,411,370
108900266,677,688,-11
108900267,6,101,-95
108900268,6,8,-2
108900269,105,17,88
108900270,77,9,68
108900271,42,30,12
108900272,194,19,175
108900273,668,804,-136
108900274,92,35,57
109000001,2129,1619,510
109000002,1215,1668,-453
109000003,2285,421,1864
109000004,405,1574,-1169
109000005,2030,565,1465
109000006,669,1656,-987
109000007,1425,523,902
109000008,463,1258,-795
109000009,3165,1116,2049
109000010,1122,2519,-1397
109000011,3020,1778,1242
109000012,1484,2347,-863
109000013,3233,2460,773
109000014,1522,2141,-619
109000015,3296,6630,-3334
109000016,4587,2715,1872
109000017,2300,1186,1114
109000018,816,2229,-1413
109000019,2299,1248,1051
109000020,921,1411,-490
109000023,217,31,186
109000024,10,149,-139
109000025,330,370,-40
109000026,587,273,314
109000027,77,302,-225
109000028,156,72,84
109000029,85,188,-103
109000030,80,473,-393
109000031,178,187,-9
109000032,94,373,-279
109000033,308,191,117
109000034,59,63,-4
109000035,17,89,-72
109000036,52,276,-224
109000037,267,1180,-913
109000038,432,277,155
109000039,840,583,257
109000040,3282,8126,-4844
109000041,1847,1598,249
109000042,485,1024,-539
109000044,407,85,322
109000045,111,292,-181
109000046,308,90,218
109000047,103,318,-215
109000048,670,210,460
109000049,240,492,-252
109000050,313,215,98
109000051,261,201,60
109000052,464,620,-156
109000053,177,81,96
109000054,90,286,-196
109000055,156,198,-42
109000056,316,289,27
109000057,614,369,245
109000058,636,167,469
109000059,586,1380,-794
109000060,377,394,-17
109000061,748,799,-51
109000062,118,319,-201
109000063,218,134,84
109000064,299,131,168
109000065,140,156,-16
109000066,313,67,246
109000067,82,202,-120
109000068,2505,17,2488
109000069,897,27,870
109000070,17,1421,-1404
109000071,394,100,294
109000072,82,259,-177
109000073,64,79,-15
109000074,34,97,-63
109000075,63,337,-274
109000076,160,241,-81
109000077,292,229,63
109000078,112,126,-14
109000079,143,122,21
109000080,222,80,142
109000081,127,376,-249
109000082,646,171,475
109000083,319,418,-99
109000088,100,355,-255
109000089,244,72,172
109000090,114,274,-160
109000091,339,222,117
109000092,305,337,-32
109000093,237,211,26
109000094,535,3,532
109000095,88,330,-242
109000096,626,232,394
109000097,60,119,-59
109000098,56,180,-124
109000099,855,254,601
109000100,257,514,-257
109000101,1482,505,977
109000102,298,616,-318
109000103,401,497,-96
109000104,1679,377,1302
109000105,401,812,-411
109000106,1742,644,1098
109000107,536,1225,-689
109000108,1567,549,1018
109000109,439,1176,-737
109000110,1099,460,639
109000111,745,1261,-516
109000112,274,82,192
109000113,432,145,287
109000114,140,274,-134
109000115,1071,98,973
109000116,13,194,-181
109000117,220,60,160
109000118,11,242,-231
109000119,1279,185,1094
109000120,168,550,-382
109000121,463,37,426
109000122,104,467,-363
109000123,30,42,-12
109000124,614,295,319
109000125,660,269,391
109000126,421,596,-175
109000127,920,154,766
109000128,518,978,-460
109000129,2030,705,1325
109000130,528,1220,-692
109000131,750,525,225
109000132,637,1220,-583
109000133,205,772,-567
109000134,725,1128,-403
109000135,915,1455,-540
109000136,286,243,43
109000137,255,303,-48
109000138,391,233,158
109000139,494,296,198
109000140,178,245,-67
109000141,480,382,98
109000142,173,411,-238
109000143,130,73,57
109000145,140,318,-178
109000146,84,90,-6
109000148,2311,1274,1037
109000149,18,70,-52
109000150,117,247,-130
109000155,751,488,263
109000156,933,497,436
109000158,63,226,-163
109000159,103,404,-301
109000160,811,229,582
109000161,308,692,-384
109000162,1749,581,1168
109000163,950,1121,-171
109000164,1144,1845,-701
109000165,1184,451,733
109000166,696,103,593
109000167,148,343,-195
109000170,40,34,6
109000171,81,47,34
109000172,24,61,-37
109000173,36,77,-41
109000174,97,48,49
109000175,58,71,-13
109000176,351,196,155
109000177,21,81,-60
109000178,636,284,352
109000179,3134,4122,-988
109000180,3683,3150,533
109000181,12,19,-7
109000182,32,14,18
109000183,39,19,20
109000184,48,12,36
109000185,27,34,-7
109000188,344,1278,-934
109000189,1787,637,1150
109000190,493,374,119
109000191,344,323,21
109000192,455,248,207
109000193,179,209,-30
109000194,238,113,125
109000195,134,210,-76
109000196,290,115,175
109000197,208,237,-29
109000198,398,72,326
109000199,156,344,-188
109000206,225,22,203
109000207,121,36,85
109000208,88,59,29
109000209,124,104,20
109000210,213,422,-209
109000211,546,358,188
109000214,338,207,131
109000215,136,49,87
109000216,253,264,-11
109000217,163,102,61
109000218,299,177,122
109000221,387,731,-344
109000222,938,233,705
109000223,287,313,-26
109000224,75,102,-27
109000225,79,32,47
109000226,46,144,-98
109000227,996,751,245
109000228,6,1270,-1264
109000231,1,194,-193
109000232,416,190,226
109000236,228,616,-388
109000241,2024,1637,387
109000242,1681,1059,622
109000293,41,88,-47
109000361,191,194,-3
109000364,122,355,-233
109000396,1,356,-355
109000397,549,13,536
109000399,105,284,-179
109000400,92,218,-126
109000403,81,766,-685
109000406,283,4,279
109000407,208,151,57
109000408,0,294,-294
109000410,1004,277,727
109000411,256,28,228
109900001,111,0,111
109900002,689,32,657
109900003,239,1,238
109900004,589,87,502
109900005,42,5,37
109900006,365,100,265
109900007,765,347,418
109900008,1,27,-26
109900009,122,300,-178
109900010,523,33,490
109900011,97,47,50
109900012,251,198,53
109900013,372,173,199
109900014,367,75,292
109900015,369,211,158
109900016,178,22,156
109900017,170,235,-65
109900018,260,41,219
109900019,300,44,256
109900020,60,60,0
109900021,83,30,53
109900022,133,162,-29
109900023,20,1,19
109900024,26,2,24
109900025,22,46,-24
109900026,4,118,-114
109900027,35,45,-10
109900028,857,966,-109
109900029,8,173,-165
109900030,58,6,52
109900031,1,104,-103
109900032,13,229,-216
109900033,6,402,-396
109900034,60,3,57
109900035,13,22,-9
109900036,10,38,-28
109900037,30,303,-273
109900038,135,171,-36
109900039,10,1,9
109900040,27,338,-311
109900041,37,254,-217
109900042,56,472,-416
109900044,103,214,-111
109900045,182,104,78
109900046,96,105,-9
109900047,189,230,-41
109900048,24,70,-46
109900049,21,18,3
109900050,2,94,-92
109900051,1,43,-42
109900052,67,193,-126
109900053,1,194,-193
109900054,733,201,532
109900055,67,178,-111
109900056,30,152,-122
109900057,8,108,-100
109900058,0,83,-83
109900059,712,115,597
109900060,433,99,334
109900061,50,165,-115
109900062,0,125,-125
109900063,20,401,-381
109900064,472,220,252
109900065,55,101,-46
109900066,256,543,-287
109900067,0,157,-157
109900068,65,3,62
109900069,2,38,-36
109900070,34,256,-222
109900071,2,33,-31
109900072,23,130,-107
109900073,365,316,49
109900074,12,23,-11
109900075,22,36,-14
109900076,29,205,-176
109900077,43,41,2
109900078,64,151,-87
109900080,119,216,-97
109900081,27,249,-222
109900082,53,238,-185
109900083,19,50,-31
109900084,58,118,-60
109900085,205,408,-203
109900086,185,304,-119
109900087,258,399,-141
109900089,682,204,478
109900090,405,731,-326
109900091,336,72,264
109900092,376,34,342
109900093,911,149,762
109900094,66,81,-15
109900095,139,149,-10
109900096,26,3,23
109900097,95,1,94
109900098,413,29,384
109900099,203,0,203
109900100,49,0,49
109900101,496,12,484
109900102,400,22,378
109900103,22,27,-5
109900104,547,515,32
109900105,489,15,474
109900106,283,34,249
109900107,526,85,441
109900108,95,175,-80
109900109,31,82,-51
109900110,52,263,-211
109900111,253,572,-319
109900112,252,378,-126
109900113,779,509,270
109900114,521,1324,-803
109900115,146,80,66
109900117,921,109,812
109900118,169,284,-115
109900119,434,322,112
109900120,84,26,58
109900121,285,433,-148
109900122,459,7,452
109900123,15,98,-83
109900124,26,282,-256
109900125,1,104,-103
109900126,265,83,182
109900128,271,36,235
109900130,4334,1880,2454
109900131,53,123,-70
109900132,33,102,-69
109900133,103,185,-82
109900134,79,95,-16
109900135,322,75,247
109900136,39,101,-62
109900137,158,230,-72
109900140,196,112,84
109900142,1216,214,1002
109900145,5,446,-441
109900146,341,31,310
109900148,52,90,-38
109900149,58,42,16
109900150,9,66,-57
109900151,5,60,-55
109900152,0,41,-41
109900153,1,71,-70
109900154,54,2,52
109900155,72,16,56
109900157,36,139,-103
109900158,50,104,-54
109900159,117,50,67
109900160,157,59,98
109900161,227,59,168
109900162,176,105,71
109900163,489,202,287
109900164,93,217,-124
109900165,232,6,226
109900166,1,94,-93
109900167,197,341,-144
109900168,150,421,-271
109900169,238,202,36
109900170,192,785,-593
109900171,144,91,53
109900172,214,244,-30
109900173,2027,2068,-41
109900174,44,90,-46
109900175,52,68,-16
109900176,128,114,14
109900177,31,126,-95
109900178,28,171,-143
109900179,121,17,104
109900180,11,8,3
110000001,765,458,307
110000002,526,639,-113
110000003,771,677,94
110000004,446,653,-207
110000005,354,1596,-1242
110000006,309,328,-19
110000007,113,79,34
110000008,36,49,-13
110000009,37,13,24
110000010,33,63,-30
110000011,51,45,6
110000012,578,284,294
110000013,32,488,-456
110000014,533,378,155
110000015,208,547,-339
110000016,212,1416,-1204
110000017,2263,255,2008
110000018,2029,370,1659
110000019,21,103,-82
110000020,631,223,408
110000021,553,376,177
110000022,774,148,626
110000023,9,167,-158
110000024,559,417,142
110000025,306,3,303
110000026,3,288,-285
110000027,599,946,-347
110000028,904,721,183
110000029,502,587,-85
110000030,232,302,-70
110000031,314,343,-29
110000032,651,381,270
110000033,217,109,108
110000034,398,559,-161
110000035,740,464,276
110000036,731,523,208
110000037,248,364,-116
110000038,182,517,-335
110000039,686,2494,-1808
110000040,238,313,-75
110000041,291,1151,-860
110000042,100,374,-274
110000043,748,273,475
110000044,103,397,-294
110000045,572,108,464
110000046,5,34,-29
110000047,127,55,72
110000048,7,20,-13
110000049,28,7,21
110000050,7,25,-18
110000051,36,10,26
110000052,32,29,3
110000053,40,5,35
110000054,116,506,-390
110000055,366,78,288
110000056,153,106,47
110000057,435,588,-153
110000058,932,432,500
110000059,842,461,381
110000060,818,842,-24
110000061,696,631,65
110000062,577,780,-203
110000063,19,121,-102
110000064,90,53,37
110000065,54,65,-11
110000066,113,23,90
110000067,90,107,-17
110000068,326,112,214
110000069,262,72,190
110000071,133,98,35
110000073,14,6,8
110000075,22,78,-56
110000076,293,257,36
110000077,277,733,-456
110000078,46,31,15
110000080,223,488,-265
110000081,70,176,-106
110000082,53,271,-218
110000083,174,496,-322
110000084,1189,804,385
110000085,1347,1414,-67
110000086,1270,1948,-678
110000087,14,61,-47
110000088,59,181,-122
110000089,234,70,164
110000090,138,162,-24
110000091,834,208,626
110000092,12,40,-28
110000093,62,10,52
110000094,403,200,203
110000095,215,438,-223
110000096,1484,1705,-221
110000097,964,1204,-240
110000098,2062,615,1447
110000099,665,1314,-649
110000100,985,396,589
110000101,34,240,-206
110000102,86,31,55
110000104,320,151,169
110000105,73,246,-173
110000106,634,412,222
110000107,205,361,-156
110000108,127,88,39
110000109,261,241,20
110000110,2142,4408,-2266
110000111,4665,2631,2034
110000112,946,1154,-208
110000113,292,1954,-1662
110000114,202,450,-248
110000115,338,215,123
110000116,61,48,13
110000117,230,258,-28
110000118,405,107,298
110000119,189,221,-32
110000120,338,127,211
110000121,43,332,-289
110000122,335,520,-185
110000123,518,688,-170
110000124,6,703,-697
110000125,1043,4,1039
110000126,316,52,264
110000127,1123,77,1046
110000128,34,836,-802
110000129,2,551,-549
110000130,390,189,201
110000131,236,311,-75
110000132,1,572,-571
110000133,38,386,-348
110000134,22,277,-255
110000135,186,35,151
110000136,69,200,-131
110000137,512,409,103
110000138,674,497,177
110000139,754,795,-41
110000140,1051,671,380
110000143,565,302,263
110000144,4493,1862,2631
110000145,1379,1287,92
110000146,1299,660,639
110000147,459,550,-91
110000148,429,186,243
110000151,806,1035,-229
110000152,658,400,258
110000153,76,41,35
110000154,4,40,-36
110000155,1098,3644,-2546
110000156,871,2240,-1369
110000157,1131,2419,-1288
110000160,407,248,159
110000161,213,216,-3
110000166,531,74,457
110000167,918,479,439
110000168,837,452,385
110000169,812,364,448
110000170,103,55,48
110000171,506,90,416
110000172,181,538,-357
110000173,862,834,28
110000174,141,650,-509
110000175,697,50,647
110000176,130,327,-197
110000177,189,729,-540
110000178,355,1790,-1435
110000179,983,286,697
110000180,191,220,-29
110000181,459,491,-32
110000182,261,111,150
110000183,6477,5797,680
110000184,267,2000,-1733
110000185,938,625,313
110000186,635,615,20
110000191,1096,260,836
110000192,755,19,736
110000193,1722,18,1704
110000194,10,828,-818
110000195,472,278,194
110000196,409,266,143
110000197,84,124,-40
110000198,386,72,314
110000199,277,109,168
110000200,908,363,545
110000201,866,990,-124
110000202,1280,619,661
110000203,587,537,50
110000204,7,169,-162
110000205,121,56,65
110000206,535,943,-408
110000207,1055,351,704
110000208,221,199,22
110000209,137,867,-730
110000210,1275,371,904
110000211,825,658,167
110000212,415,882,-467
110000213,209,121,88
110000214,272,172,100
110000215,232,221,11
110000216,101,224,-123
110000217,389,124,265
110000218,186,235,-49
110000219,338,67,271
110000220,62,178,-116
110000221,325,66,259
110000222,65,177,-112
110000223,4,242,-238
110000224,72,22,50
110000225,338,607,-269
110000226,252,47,205
110000227,738,651,87
110000228,293,116,177
110000229,0,184,-184
110000230,517,654,-137
110000231,185,189,-4
110000232,213,187,26
110000233,144,203,-59
110000234,700,936,-236
110000235,857,944,-87
110000236,553,568,-15
110000237,2022,1274,748
110000238,1414,1226,188
110000239,1735,976,759
110000240,1,68,-67
110000242,0,22,-22
110000243,117,129,-12
110000244,135,484,-349
110000245,43,338,-295
110000246,722,379,343
110000247,962,4234,-3272
110000248,1556,1333,223
110000249,82,17,65
110000250,22,143,-121
110000251,314,423,-109
110000252,173,147,26
110000253,1195,601,594
110000254,554,922,-368
110000255,207,684,-477
110000256,378,260,118
110000257,558,372,186
110000258,8,432,-424
110000259,154,11,143
110000260,24,174,-150
110000263,482,101,381
110000264,269,343,-74
110000265,1085,1615,-530
110000266,1495,2547,-1052
110000267,33,183,-150
110000268,303,411,-108
110000269,4,58,-54
110000270,76,14,62
110000271,1028,211,817
110000272,1184,976,208
110000273,2389,1323,1066
110000274,143,1440,-1297
110000275,1543,461,1082
110000276,294,278,16
110000277,315,295,20
110000278,346,623,-277
110000279,729,668,61
110000280,336,341,-5
110000281,49,313,-264
110000282,309,31,278
110000283,62,108,-46
110000284,60,53,7
110000285,3,572,-569
110000286,15,1,14
110000287,53,3,50
110000288,4,74,-70
110000289,413,1566,-1153
110000290,697,537,160
110000291,3867,1319,2548
110000292,1387,3929,-2542
110000293,496,579,-83
110000294,987,864,123
110000295,242,712,-470
110000296,423,254,169
110000297,2304,342,1962
110000298,202,531,-329
110000299,298,71,227
110000301,361,15,346
110000302,464,609,-145
110000303,467,5,462
110000304,201,193,8
110000305,1233,20,1213
110000306,198,950,-752
110000307,1408,11,1397
110000308,508,6,502
110000309,6,648,-642
110000310,603,49,554
110000311,19,527,-508
110000312,406,83,323
110000313,2067,3130,-1063
110000314,2,194,-192
110000315,2397,2448,-51
110000316,498,1304,-806
110000317,308,870,-562
110000318,5,52,-47
110000319,13,25,-12
110000320,47,31,16
110000321,14,31,-17
110000322,279,266,13
110000323,407,164,243
110000324,2548,1697,851
110000325,1883,2504,-621
110000327,361,282,79
110000328,132,313,-181
110000333,713,578,135
110000334,764,1077,-313
110000335,925,478,447
110000336,671,872,-201
110000337,1246,473,773
110000338,446,191,255
110000339,286,197,89
110000340,42,138,-96
110000341,461,397,64
110000342,392,5,387
110000343,0,23,-23
110000344,164,141,23
110000345,311,147,164
110000346,1925,1830,95
110000347,1070,652,418
110000348,19,13,6
110000349,11,14,-3
110000350,58,5,53
110000351,959,588,371
110000352,702,1397,-695
110000353,2451,582,1869
110000354,1097,2971,-1874
110000355,103,65,38
110000356,781,18,763
110000357,363,7,356
110000361,18,34,-16
110000362,79,7,72
110000363,507,156,351
110000364,206,284,-78
110000365,149,2,147
110000366,1,113,-112
110000367,285,162,123
110000368,2,62,-60
110000369,48,0,48
110000373,4,244,-240
110000374,133,21,112
110000375,155,1411,-1256
110000376,41,87,-46
110000377,71,448,-377
110000378,26,274,-248
110000379,2188,1815,373
110000380,53,3,50
110000383,2,1263,-1261
110000384,1718,1096,622
110000385,0,173,-173
110000387,79,11,68
110000388,35,200,-165
110000389,925,14,911
110000391,830,206,624
110000396,162,123,39
110000397,187,135,52
110000398,8,59,-51
110000399,146,0,146
110000587,95,44,51
110000589,206,104,102
110000640,155,41,114
110000652,9,216,-207
110000653,271,342,-71
110000654,137,439,-302
110000656,2,443,-441
110000674,21,16,5
110000675,8,19,-11
110000676,3,40,-37
110000679,372,1270,-898
110000682,123,188,-65
110000683,254,501,-247
110000684,4,24,-20
110000685,9,22,-13
110000686,1,27,-26
110000687,35,5,30
110000688,52,923,-871
110000689,52,24,28
110000692,25,142,-117
110000693,49,227,-178
110000694,1,157,-156
110000695,130,468,-338
110000696,72,68,4
110900001,241,27,214
110900002,324,178,146
110900003,830,382,448
110900004,442,138,304
110900005,1697,1954,-257
110900006,59,22,37
110900007,130,35,95
110900008,11,40,-29
110900009,424,160,264
110900010,6,41,-35
110900011,27,39,-12
110900012,10,56,-46
110900013,1274,121,1153
110900014,264,15,249
110900015,394,636,-242
110900016,67,107,-40
110900017,427,42,385
110900018,349,56,293
110900019,165,14,151
110900020,90,190,-100
110900021,102,330,-228
110900022,104,238,-134
110900023,65,477,-412
110900024,27,315,-288
110900025,3,46,-43
110900027,52,228,-176
110900028,43,112,-69
110900029,18,246,-228
110900030,42,167,-125
110900031,1,113,-112
110900032,2,66,-64
110900033,64,134,-70
110900035,19,389,-370
110900036,80,6,74
110900037,81,15,66
110900038,799,206,593
110900039,30,192,-162
110900040,187,23,164
110900041,26,99,-73
110900042,166,44,122
110900043,1,69,-68
110900044,170,23,147
110900045,48,297,-249
110900046,29,162,-133
110900047,353,319,34
110900049,99,79,20
110900050,24,0,24
110900051,30,167,-137
110900052,4,99,-95
110900053,98,33,65
110900054,29,122,-93
110900055,20,2,18
110900056,58,98,-40
110900057,12,96,-84
110900058,295,200,95
110900059,555,499,56
110900060,400,142,258
110900061,29,26,3
110900062,152,223,-71
110900063,44,122,-78
110900064,6,0,6
110900065,270,111,159
110900066,5,37,-32
110900067,278,541,-263
110900068,206,154,52
110900069,8,31,-23
110900070,90,70,20
110900071,272,569,-297
110900073,3,21,-18
110900074,360,97,263
110900075,388,60,328
110900077,765,771,-6
110900078,29,41,-12
110900079,1765,1294,471
110900080,125,87,38
110900081,18,24,-6
110900082,134,89,45
110900083,99,66,33
110900084,50,68,-18
110900085,63,183,-120
110900086,79,321,-242
110900087,326,94,232
110900088,11,1,10
110900090,36,41,-5
110900091,0,50,-50
110900093,271,93,178
110900095,50,42,8
110900097,4,12,-8
110900098,24,55,-31
110900099,58,308,-250
110900100,0,16,-16
110900102,16,10,6
110900105,941,226,715
110900108,7,44,-37
110900111,336,124,212
110900112,950,10,940
110900113,446,52,394
110900115,17,69,-52
110900116,690,1186,-496
110900118,88,2725,-2637
110900119,2585,245,2340
110900120,14,53,-39
110900121,176,0,176
110900122,441,140,301
110900125,370,342,28
110900127,488,1198,-710
110900128,325,453,-128
110900129,338,876,-538
110900130,816,607,209
110900131,190,64,126
110900132,304,56,248
110900133,81,136,-55
110900135,66,235,-169
110900136,285,16,269
110900139,41,6,35
110900140,8,0,8
110900141,235,459,-224
110900142,59,127,-68
110900143,164,75,89
110900144,3,471,-468
110900145,266,51,215
110900146,288,180,108
110900147,128,354,-226
110900148,4,292,-288
110900149,5,60,-55
110900150,33,9,24
110900151,0,61,-61
110900152,45,164,-119
110900153,161,46,115
111000001,550,472,78
111000002,655,487,168
111000003,1140,523,617
111000004,352,709,-357
111000005,903,860,43
111000006,756,1443,-687
111000007,3552,2359,1193
111000008,1537,2447,-910
111000009,414,854,-440
111000010,759,252,507
111000011,296,1221,-925
111000012,494,387,107
111000013,367,962,-595
111000014,1029,424,605
111000017,115,848,-733
111000018,286,409,-123
111000020,707,1980,-1273
111000021,85,114,-29
111000023,87,92,-5
111000025,3329,3563,-234
111000029,99,116,-17
111000030,36,103,-67
111000031,1820,960,860
111000032,436,269,167
111000033,215,271,-56
111000034,131,246,-115
111000037,1087,726,361
111000038,2692,1715,977
111000039,1602,1682,-80
111000040,1457,1790,-333
111000041,1493,1182,311
111000042,2204,1857,347
111000043,1719,2785,-1066
111000044,1884,1139,745
111000045,2224,2246,-22
111000046,1434,1754,-320
111000047,2471,3368,-897
111000049,441,411,30
111000050,1251,1019,232
111000051,452,829,-377
111000052,511,1280,-769
111000053,303,674,-371
111000054,378,628,-250
111000055,960,1277,-317
111000056,156,344,-188
111000057,119,424,-305
111000058,459,64,395
111000059,471,249,222
111000060,3487,838,2649
111000061,461,295,166
111000062,803,295,508
111000063,1678,760,918
111000064,701,433,268
111000065,1005,745,260
111000066,441,353,88
111000067,472,483,-11
111000068,585,861,-276
111000069,1471,1655,-184
111000070,1090,904,186
111000071,234,494,-260
111000072,1174,528,646
111000073,374,834,-460
111000074,1366,1443,-77
111000075,855,498,357
111000076,510,505,5
111000077,1455,1500,-45
111000078,2437,1217,1220
111000079,1211,631,580
111000080,532,560,-28
111000081,1394,3399,-2005
111000082,743,525,218
111000084,782,519,263
111000085,871,932,-61
111000086,2085,808,1277
111000087,640,503,137
111000088,4123,2122,2001
111000089,661,831,-170
111000090,728,1252,-524
111000091,677,403,274
111000092,1315,766,549
111000093,622,973,-351
111000094,1539,1019,520
111000095,638,1949,-1311
111000096,1469,6367,-4898
111000097,3519,1438,2081
111000098,698,978,-280
111000099,511,1266,-755
111000100,398,1183,-785
111000101,432,624,-192
111000102,271,378,-107
111000104,536,145,391
111000107,131,462,-331
111000109,414,167,247
111000110,1296,607,689
111000111,2536,406,2130
111000112,1772,532,1240
111000113,892,1355,-463
111000114,1866,3141,-1275
111000115,4360,1134,3226
111000116,904,791,113
111000117,443,737,-294
111000118,1278,650,628
111000119,1106,841,265
111000120,457,494,-37
111000121,312,560,-248
111000122,500,911,-411
111000123,979,1882,-903
111000124,378,1926,-1548
111000125,317,975,-658
111000126,93,598,-505
111000127,921,147,774
111000128,1974,261,1713
111000129,2434,426,2008
111000130,2173,582,1591
111000131,1693,514,1179
111000132,1432,703,729
111000133,176,130,46
111000134,183,113,70
111000135,66,148,-82
111000136,325,287,38
111000138,17,4,13
111000140,1,9,-8
111000141,145,357,-212
111000142,17,147,-130
111000143,6,188,-182
111000144,23,651,-628
111000145,1039,30,1009
111000146,97,17,80
111000147,330,25,305
111000148,117,77,40
111000149,7,25,-18
111000150,40,1,39
111000151,3,33,-30
111000153,516,750,-234
111000154,686,215,471
111000155,93,198,-105
111000156,439,582,-143
111000157,233,970,-737
111000158,855,759,96
111000159,2422,680,1742
111000160,436,332,104
111000161,10,234,-224
111000162,80,93,-13
111000163,704,603,101
111000164,517,2521,-2004
111000165,933,322,611
111000166,1566,262,1304
111000167,194,322,-128
111000168,199,406,-207
111000169,272,633,-361
111000170,417,350,67
111000171,510,567,-57
111000172,188,341,-153
111000173,400,721,-321
111000174,223,284,-61
111000175,60,228,-168
111000176,357,142,215
111000177,329,223,106
111000178,1186,370,816
111000179,225,162,63
111000180,268,455,-187
111000181,1195,216,979
111000182,163,181,-18
111000183,336,311,25
111000184,380,192,188
111000185,397,341,56
111000186,295,188,107
111000187,133,140,-7
111000188,236,265,-29
111000189,878,504,374
111000190,178,265,-87
111000191,173,245,-72
111000192,259,478,-219
111000193,258,231,27
111000194,54,286,-232
111000195,160,250,-90
111000196,78,164,-86
111000197,482,152,330
111000198,864,165,699
111000199,253,154,99
111000200,378,332,46
111000201,667,235,432
111000202,394,176,218
111000203,334,324,10
111000204,444,1246,-802
111000213,231,406,-175
111000214,1341,1071,270
111000215,1058,930,128
111000217,1320,1041,279
111000218,1245,1076,169
111000219,369,147,222
111000220,994,478,516
111000221,547,82,465
111000224,29,194,-165
111000225,357,297,60
111000226,86,3,83
111000227,27,7,20
111000228,13,340,-327
111000229,31,781,-750
111000230,217,232,-15
111000231,872,562,310
111000232,564,757,-193
111000233,964,729,235
111000234,112,365,-253
111000239,121,108,13
111000240,62,187,-125
111000241,21,211,-190
111000242,146,61,85
111000243,383,481,-98
111000244,505,68,437
111000245,1269,301,968
111000246,571,281,290
111000247,339,685,-346
111000248,771,359,412
111000249,469,496,-27
111000250,55,60,-5
111000251,38,77,-39
111000253,6,19,-13
111000255,43,6,37
111000257,37,25,12
111000260,65,905,-840
111000261,1146,84,1062
111000271,54,282,-228
111000273,2419,997,1422
111000274,1180,2047,-867
111000275,177,60,117
111000276,196,1203,-1007
111000277,222,310,-88
111000278,540,202,338
111000291,675,5083,-4408
111000298,464,144,320
111000299,634,162,472
111000300,106,460,-354
111000302,251,76,175
111000303,93,177,-84
111000312,51,60,-9
111000315,6,82,-76
111000320,222,450,-228
111000321,334,102,232
111000322,281,297,-16
111000323,310,16,294
111000324,395,247,148
111000325,39,56,-17
111000326,255,254,1
111000327,861,309,552
111000328,300,453,-153
111000329,0,21,-21
111000330,81,8,73
111000331,18,0,18
111000332,480,998,-518
111000334,350,1080,-730
111000335,901,250,651
111000337,1289,353,936
111000338,55,93,-38
111000339,678,193,485
111000340,120,435,-315
111000341,1357,601,756
111000342,175,850,-675
111000344,1003,657,346
111000345,216,86,130
111000346,25,135,-110
111000347,123,3,120
111000350,194,105,89
111000351,125,353,-228
111000352,208,86,122
111000353,151,210,-59
111000354,438,86,352
111000355,278,475,-197
111000358,208,799,-591
111000360,200,394,-194
111000361,169,188,-19
111000546,1063,480,583
111000547,389,304,85
111000548,149,289,-140
111000549,320,198,122
111000550,82,919,-837
111000551,531,152,379
111000552,1141,174,967
111000907,425,22,403
111000908,33,0,33
111000916,1583,267,1316
111000917,29,364,-335
111000918,215,618,-403
111000920,579,18,561
111000921,16,150,-134
111000922,539,219,320
111000924,47,520,-473
111000925,2576,1505,1071
111000926,1013,1359,-346
111000927,2838,3361,-523
111000928,3551,2428,1123
111000929,1200,1078,122
111000930,819,1677,-858
111000931,1793,2465,-672
111000932,3237,1653,1584
111000933,3432,2413,1019
111000934,1756,2696,-940
111000935,1628,917,711
111000936,1083,1836,-753
111000937,1003,1116,-113
111000938,1203,1242,-39
111000939,505,45,460
111000940,444,139,305
111000941,433,303,130
111000943,498,262,236
111000944,165,270,-105
111000945,90,969,-879
111001109,474,376,98
111001110,176,433,-257
111001111,85,18,67
111001112,121,2,119
111001113,1,141,-140
111001114,644,146,498
111001115,57,543,-486
111001116,3599,3531,68
111001117,485,2089,-1604
111001120,134,216,-82
111001121,220,198,22
111001122,219,367,-148
111001123,328,80,248
111001124,107,145,-38
111001125,6,93,-87
111001126,6,0,6
111001127,0,1,-1
111900001,7,196,-189
111900002,2,454,-452
111900003,4,214,-210
111900004,37,104,-67
111900006,17,17,0
111900007,84,1,83
111900008,167,1,166
111900009,109,2,107
111900010,306,340,-34
111900012,50,59,-9
111900013,14,32,-18
111900014,3353,3967,-614
111900015,0,35,-35
111900016,0,78,-78
111900017,1,75,-74
111900018,200,2,198
111900019,1,81,-80
111900020,1,45,-44
111900021,43,82,-39
111900022,13,62,-49
111900023,92,71,21
111900024,7,56,-49
111900025,0,25,-25
111900026,1,56,-55
111900027,6,83,-77
111900028,0,264,-264
111900029,3,50,-47
111900030,30,288,-258
111900031,7,20,-13
111900032,0,223,-223
111900033,22,48,-26
111900034,246,398,-152
111900035,57,157,-100
111900036,1,199,-198
111900038,269,464,-195
111900039,44,316,-272
111900040,2,335,-333
111900042,22,107,-85
111900043,3,184,-181
111900044,297,172,125
111900046,27,89,-62
111900048,274,413,-139
111900049,27,168,-141
111900050,91,26,65
111900051,0,178,-178
111900052,312,319,-7
111900053,806,1519,-713
111900054,182,10,172
111900055,5,266,-261
111900056,148,279,-131
111900057,97,44,53
111900058,394,431,-37
111900059,1294,621,673
111900060,351,7,344
111900061,8,82,-74
111900062,15,28,-13
111900063,348,195,153
111900064,80,136,-56
111900065,79,27,52
111900066,137,198,-61
111900067,3,215,-212
111900068,56,61,-5
111900069,76,24,52
111900070,139,76,63
111900071,0,151,-151
111900072,61,9,52
111900073,892,177,715
111900074,9,91,-82
111900075,72,15,57
111900076,180,72,108
111900077,56,6,50
111900078,278,22,256
111900079,69,42,27
111900080,238,262,-24
111900082,170,50,120
111900083,184,10,174
111900084,125,11,114
111900085,35,122,-87
111900086,83,7,76
111900087,52,0,52
111900088,565,12,553
111900089,104,5,99
111900090,53,33,20
111900091,267,3,264
111900092,129,1,128
111900093,397,9,388
111900094,68,0,68
111900095,243,36,207
111900096,225,1,224
111900097,49,0,49
111900098,237,1,236
111900099,92,0,92
111900100,112,7,105
111900101,137,28,109
111900102,577,356,221
111900103,69,66,3
111900104,168,54,114
111900105,235,186,49
111900106,666,45,621
111900110,1194,332,862
111900111,262,108,154
111900112,360,2450,-2090
111900113,248,81,167
111900118,304,85,219
111900119,277,152,125
111900122,131,96,35
111900123,30,31,-1
111900124,23,75,-52
111900125,549,32,517
111900126,294,3,291
111900127,1,464,-463
111900128,2,383,-381
111900129,300,9,291
111900130,206,29,177
111900131,474,1,473
111900132,27,689,-662
111900133,9,248,-239
111900134,11,187,-176
111900135,9,43,-34
111900136,72,174,-102
111900137,54,52,2
111900138,11,56,-45
111900139,29,88,-59
111900140,164,32,132
111900141,62,2,60
111900142,104,31,73
111900143,35,177,-142
111900144,3,82,-79
111900145,1,317,-316
111900146,3,156,-153
111900147,109,293,-184
111900148,25,420,-395
111900149,12,192,-180
111900150,21,112,-91
111900151,14,23,-9
111900152,69,60,9
111900153,948,563,385
111900154,21,257,-236
111900155,53,113,-60
111900156,64,71,-7
111900157,163,14,149
111900158,432,74,358
111900159,393,33,360
111900160,282,3,279
111900161,175,3,172
111900162,102,138,-36
111900163,41,155,-114
111900164,141,87,54
111901113,501,113,388
111901114,223,188,35
111901115,73,0,73
111901116,64,3,61
111901117,36,17,19
111901118,50,234,-184
111901119,530,63,467
111901121,125,149,-24
111901122,2,338,-336
111901123,182,218,-36
111901124,235,3,232
111901125,350,205,145
111901127,386,375,11
111901128,9,73,-64
111901129,5,113,-108
111901130,2,90,-88
111901131,0,252,-252
111901132,61,7,54
111901133,43,8,35
111901134,89,8,81
111901135,40,1,39
111901136,2,36,-34
111901138,160,53,107
111901139,20,13,7
111901140,10,61,-51
111901141,2,104,-102
111901142,13,90,-77
111901143,3,62,-59
111901144,39,66,-27
111901145,194,330,-136
111901146,330,24,306
111901147,263,142,121
111901148,7,55,-48
111901149,11,9,2
111901150,6,0,6
112000001,1587,595,992
112000002,580,1518,-938
112000003,1370,802,568
112000004,571,571,0
112000005,2933,3174,-241
112000006,1388,1233,155
112000007,3281,2078,1203
112000008,2166,3588,-1422
112000009,2661,2211,450
112000010,2634,3272,-638
112000011,1362,1330,32
112000012,3360,4984,-1624
112000013,2475,2721,-246
112000014,1740,2922,-1182
112000015,1989,3429,-1440
112000016,2688,1832,856
112000017,1265,2920,-1655
112000024,1745,639,1106
112000026,2326,2783,-457
112000027,754,602,152
112000028,946,1185,-239
112000029,548,628,-80
112000030,134,64,70
112000031,1084,4155,-3071
112000032,195,44,151
112000033,1506,2604,-1098
112000034,125,72,53
112000035,67,400,-333
112000036,569,1052,-483
112000037,1234,713,521
112000038,1667,973,694
112000039,87,87,0
112000040,80,213,-133
112000041,383,342,41
112000042,842,353,489
112000050,1168,1097,71
112000051,1025,1469,-444
112000054,1432,1656,-224
112000057,432,361,71
112000058,332,584,-252
112000059,430,672,-242
112000061,2381,1733,648
112000062,1490,1089,401
112000063,1089,1807,-718
112000064,2891,4403,-1512
112000065,1448,2050,-602
112000066,3320,1567,1753
112000067,665,683,-18
112000068,2964,2566,398
112000069,589,1445,-856
112000070,1790,818,972
112000071,832,1984,-1152
112000072,2183,698,1485
112000073,1299,1678,-379
112000074,1458,995,463
112000075,1163,1082,81
112000076,2682,2232,450
112000077,669,495,174
112000078,1694,541,1153
112000079,1323,1043,280
112000080,687,645,42
112000081,1145,1851,-706
112000082,1336,722,614
112000083,498,938,-440
112000084,1209,665,544
112000085,1071,710,361
112000086,1470,894,576
112000087,518,351,167
112000088,738,336,402
112000089,249,249,0
112000090,224,268,-44
112000091,584,686,-102
112000092,1976,937,1039
112000093,1464,635,829
112000094,608,731,-123
112000095,645,690,-45
112000096,587,506,81
112000097,1196,687,509
112000098,813,714,99
112000099,653,1496,-843
112000100,1706,759,947
112000101,446,623,-177
112000102,1282,503,779
112000103,325,624,-299
112000105,540,1115,-575
112000106,2035,442,1593
112000107,103,250,-147
112000108,277,1230,-953
112000109,171,154,17
112000110,1884,618,1266
112000111,963,3437,-2474
112000112,3781,673,3108
112000113,878,1328,-450
112000114,2229,834,1395
112000115,439,418,21
112000116,460,593,-133
112000117,975,672,303
112000118,762,607,155
112000119,426,550,-124
112000120,103,232,-129
112000121,147,373,-226
112000122,274,97,177
112000123,725,155,570
112000124,394,44,350
112000125,258,196,62
112000126,254,375,-121
112000127,2027,2206,-179
112000128,782,636,146
112000129,145,70,75
112000130,192,77,115
112000131,38,223,-185
112000132,137,227,-90
112000133,313,121,192
112000134,390,310,80
112000135,1722,637,1085
112000136,1045,1312,-267
112000137,1836,1971,-135
112000138,1742,1332,410
112000139,834,606,228
112000140,963,1117,-154
112000141,806,323,483
112000142,150,471,-321
112000143,1051,177,874
112000144,262,872,-610
112000145,2327,479,1848
112000146,463,1338,-875
112000147,2538,1603,935
112000148,1417,1757,-340
112000149,477,530,-53
112000150,277,450,-173
112000151,407,308,99
112000152,376,379,-3
112000153,200,272,-72
112000154,115,230,-115
112000155,167,193,-26
112000157,570,557,13
112000158,255,345,-90
112000159,438,288,150
112000167,292,73,219
112000169,270,453,-183
112000173,729,162,567
112000175,330,277,53
112000176,2101,1897,204
112000177,658,217,441
112000178,143,311,-168
112000179,230,113,117
112000180,228,240,-12
112000181,1286,1273,13
112000182,1313,1021,292
112000183,26,48,-22
112000184,402,316,86
112000185,548,419,129
112000187,3552,2161,1391
112000195,93,13,80
112000196,158,3,155
112000197,158,107,51
112000198,28,186,-158
112000199,726,767,-41
112000202,390,1,389
112000216,68,221,-153
112000230,69,5,64
112000231,5,149,-144
112000256,51,225,-174
112000313,46,113,-67
112000314,65,30,35
112000337,369,611,-242
112000352,315,324,-9
112000392,1307,1226,81
112000398,1508,730,778
112000399,1254,1904,-650
112000400,1417,2052,-635
112000401,1905,1565,340
112000402,3012,3310,-298
112000403,1255,2870,-1615
112000404,897,912,-15
112000405,1893,2627,-734
112000406,2322,1556,766
112000407,7007,7042,-35
112000408,5926,4275,1651
112000409,1418,2940,-1522
112000410,371,345,26
112000411,2599,1495,1104
112000412,1261,477,784
112000413,5500,5195,305
112000414,77,91,-14
112000415,116,31,85
112000416,2620,1153,1467
112000417,269,69,200
112000421,43,143,-100
112000422,333,227,106
112000424,1508,2223,-715
112000425,407,632,-225
112000426,143,262,-119
112000427,0,13,-13
112000428,235,285,-50
112000429,1841,1948,-107
112000430,2278,2579,-301
112000431,122,125,-3
112000432,547,916,-369
112000433,310,706,-396
112000437,69,133,-64
112900001,71,2,69
112900002,509,820,-311
112900003,105,338,-233
112900004,30,269,-239
112900005,264,162,102
112900006,20,259,-239
112900007,55,167,-112
112900008,3,39,-36
112900009,359,102,257
112900010,394,589,-195
112900011,147,186,-39
112900012,0,59,-59
112900013,11,87,-76
112900014,5,177,-172
112900015,397,583,-186
112900016,12,181,-169
112900017,29,147,-118
112900018,3,149,-146
112900019,35,152,-117
112900020,363,930,-567
112900021,4,154,-150
112900022,4,64,-60
112900023,0,83,-83
112900024,21,177,-156
112900025,49,183,-134
112900026,7,141,-134
112900027,2,818,-816
112900028,14,97,-83
112900029,9,417,-408
112900030,96,105,-9
112900031,7,353,-346
112900032,219,160,59
112900034,5,41,-36
112900035,5,295,-290
112900036,82,112,-30
112900037,116,210,-94
112900038,644,127,517
112900039,7,224,-217
112900040,4,430,-426
112900041,479,837,-358
112900042,103,198,-95
112900043,49,50,-1
112900044,430,316,114
112900045,249,193,56
112900046,138,64,74
112900047,6,21,-15
112900049,223,51,172
112900050,46,350,-304
112900051,208,392,-184
112900052,7,580,-573
112900053,198,140,58
112900054,161,49,112
112900055,104,27,77
112900056,326,203,123
112900057,41,348,-307
112900058,310,276,34
112900059,100,163,-63
112900060,17,112,-95
112900061,78,106,-28
112900062,96,118,-22
112900063,126,20,106
112900064,163,181,-18
112900065,30,25,5
112900066,189,215,-26
112900067,264,134,130
112900068,49,51,-2
112900069,1446,675,771
112900071,39,4,35
112900072,167,1868,-1701
112900073,333,120,213
112900074,69,252,-183
112900075,916,918,-2
112900076,68,44,24
112900078,314,406,-92
112900079,244,65,179
112900080,55,1,54
112900081,47,163,-116
112900082,562,37,525
112900083,106,127,-21
112900084,236,129,107
112900086,66,3,63
112900087,713,135,578
112900088,135,27,108
112900089,805,52,753
112900090,48,17,31
112900091,259,5,254
112900092,112,305,-193
112900093,1289,23,1266
112900095,86,1,85
112900096,446,152,294
112900097,85,216,-131
112900098,109,1,108
112900099,787,29,758
112900100,95,0,95
112900101,416,36,380
112900102,121,15,106
112900103,224,8,216
112900104,155,2,153
112900105,23,0,23
112900106,338,120,218
112900107,11,0,11
112900108,33,2,31
112900109,95,0,95
112900110,1337,15,1322
112900111,635,5,630
112900112,334,2,332
112900113,0,4,-4
112900114,174,20,154
112900115,1341,5,1336
112900116,132,25,107
112900117,106,64,42
112900118,27,100,-73
112900119,146,0,146
112900120,660,249,411
112900121,53,127,-74
112900122,68,86,-18
112900123,84,15,69
112900124,9,100,-91
112900125,61,310,-249
112900126,174,194,-20
112900127,338,117,221
112900128,220,529,-309
112900129,0,549,-549
112900130,224,75,149
112900131,45,162,-117
112900132,171,427,-256
112900133,39,1101,-1062
112900134,3,197,-194
112900135,100,46,54
112900137,3,398,-395
112900138,2,153,-151
112900139,171,847,-676
112900141,584,43,541
112900142,65,161,-96
112900143,32,322,-290
112900144,2,210,-208
112900145,32,366,-334
112900146,8,909,-901
112900147,1,1133,-1132
112900148,55,3,52
112900149,238,366,-128
112900151,24,50,-26
112900152,3273,716,2557
112900153,1444,2135,-691
112900154,0,109,-109
112900155,172,32,140
112900156,310,794,-484
112900157,471,141,330
112900158,92,8,84
112900159,172,142,30
112900160,64,238,-174
112900161,117,31,86
112900162,35,19,16
112900163,85,29,56
112900164,28,196,-168
112900165,118,21,97
112900166,21,61,-40
112900167,4,52,-48
112900168,2,2,0
112900169,19,19,0
112900170,92,133,-41
112900172,52,24,28
112900173,111,73,38
112900174,208,33,175
112900175,139,148,-9
112900176,30,33,-3
112900177,223,52,171
112900178,710,2197,-1487
112900179,39,448,-409
112900180,1688,1386,302
112900181,577,9,568
112900182,86,692,-606
112900183,169,279,-110
112900184,422,301,121
112900185,227,581,-354
112900186,1084,930,154
112900187,76,522,-446
112900188,524,786,-262
112900189,22,19,3
112900190,6,47,-41
112900192,533,575,-42
112900193,1235,312,923
112900194,35,81,-46
112900195,723,33,690
112900196,255,301,-46
112900197,134,325,-191
112900199,685,418,267
112900200,461,127,334
112900201,146,93,53
112900202,340,503,-163
112900203,245,207,38
112900204,658,487,171
112900205,28,24,4
112900206,47,82,-35
112900207,14,0,14
112900208,85,295,-210
112900209,359,238,121
112900210,0,14,-14
112900211,65,22,43
112900212,1,80,-79
112900213,62,12,50
112900214,16,13,3
112900215,10,117,-107
112900216,18,54,-36
112900217,0,51,-51
112900218,119,22,97
112900219,99,13,86
112900220,0,1,-1
112900221,46,58,-12
112900222,0,26,-26
112900223,958,12,946
112900224,383,288,95
112900225,374,241,133
112900226,212,263,-51
112900227,716,749,-33
112900228,72,46,26
112900229,228,72,156
112900230,5332,3095,2237
112900232,251,247,4
112900233,74,124,-50
112900234,9,52,-43
112900235,89,23,66
112900236,329,8,321
112900237,186,185,1
112900238,6,33,-27
112900239,793,474,319
112900240,4,29,-25
112900241,10,59,-49
112900242,9,82,-73
112900243,11,75,-64
112900244,11,33,-22
112900245,2,26,-24
112900246,2,9,-7
112900247,135,39,96
112900248,9,3,6
112900249,25,3,22
112900250,34,8,26
112900251,55,20,35
112900252,57,22,35
112900253,39,8,31
112900254,8,7,1
112900255,2,47,-45
112900256,3,34,-31
112900257,13,46,-33
112900258,11,9,2
113000001,5434,3895,1539
113000002,3476,3257,219
113000003,1776,1401,375
113000004,1388,1974,-586
113000005,1772,917,855
113000006,953,1120,-167
113000007,2085,1084,1001
113000008,1418,1684,-266
113000009,1033,621,412
113000010,1114,1184,-70
113000011,678,1145,-467
113000012,1688,524,1164
113000013,1100,629,471
113000014,1319,1235,84
113000015,302,176,126
113000016,364,703,-339
113000017,28,303,-275
113000018,319,50,269
113000019,101,247,-146
113000020,433,55,378
113000021,921,417,504
113000022,637,1085,-448
113000025,109,282,-173
113000026,427,426,1
113000027,440,564,-124
113000028,416,613,-197
113000029,897,739,158
113000030,314,507,-193
113000031,230,281,-51
113000032,285,347,-62
113000033,317,497,-180
113000034,247,313,-66
113000035,18,25,-7
113000036,27,39,-12
113000037,40,31,9
113000038,23,49,-26
113000039,64,273,-209
113000040,59,108,-49
113000042,686,692,-6
113000051,675,2008,-1333
113000052,1747,629,1118
113000053,447,357,90
113000054,355,601,-246
113000055,995,557,438
113000056,1031,758,273
113000058,697,771,-74
113000059,1099,536,563
113000060,240,456,-216
113000061,440,790,-350
113000062,717,288,429
113000063,181,90,91
113000064,60,186,-126
113000065,113,566,-453
113000066,707,89,618
113000067,2048,1056,992
113000068,298,940,-642
113000069,577,792,-215
113000070,2428,883,1545
113000071,441,502,-61
113000072,796,370,426
113000073,371,1146,-775
113000074,830,318,512
113000075,1870,690,1180
113000076,504,2091,-1587
113000077,1059,745,314
113000078,707,1989,-1282
113000079,581,817,-236
113000080,655,752,-97
113000081,1006,745,261
113000082,930,705,225
113000083,539,872,-333
113000084,1568,1019,549
113000085,788,845,-57
113000086,1159,1260,-101
113000087,944,982,-38
113000088,1948,1171,777
113000089,825,1530,-705
113000090,254,466,-212
113000091,442,360,82
113000094,1185,223,962
113000095,228,689,-461
113000096,149,620,-471
113000097,1021,306,715
113000098,163,48,115
113000099,933,334,599
113000100,129,335,-206
113000101,302,469,-167
113000102,556,470,86
113000103,1665,304,1361
113000104,563,1727,-1164
113000105,792,334,458
113000106,271,318,-47
113000107,846,728,118
113000108,665,859,-194
113000109,594,1358,-764
113000110,1637,431,1206
113000111,212,619,-407
113000112,353,387,-34
113000113,1230,348,882
113000114,325,1219,-894
113000116,613,340,273
113000117,858,114,744
113000118,114,490,-376
113000119,411,285,126
113000120,78,224,-146
113000121,436,844,-408
113000124,221,118,103
113000125,52,725,-673
113000127,1997,288,1709
113000128,460,407,53
113000129,501,574,-73
113000133,1786,1206,580
113000134,6,876,-870
113000135,3822,4046,-224
113000137,1529,3190,-1661
113000139,384,251,133
113000140,131,236,-105
113000141,249,266,-17
113000142,460,1018,-558
113000143,273,292,-19
113000144,287,573,-286
113000145,56,148,-92
113000146,126,64,62
113000147,147,119,28
113000148,230,103,127
113000149,112,118,-6
113000150,522,274,248
113000151,66,42,24
113000152,48,94,-46
113000153,978,394,584
113000154,793,1315,-522
113000155,374,508,-134
113000156,157,279,-122
113000157,223,601,-378
113000158,625,190,435
113000159,802,584,218
113000160,503,694,-191
113000161,247,298,-51
113000162,731,246,485
113000163,122,63,59
113000164,33,47,-14
113000166,165,139,26
113000167,39,83,-44
113000168,97,113,-16
113000169,251,62,189
113000170,128,71,57
113000171,65,94,-29
113000172,325,68,257
113000173,78,34,44
113000174,130,387,-257
113000175,482,109,373
113000176,536,154,382
113000177,207,411,-204
113000178,184,258,-74
113000179,280,197,83
113000180,396,923,-527
113000181,1078,793,285
113000182,124,268,-144
113000183,93,526,-433
113000184,16,82,-66
113000189,394,763,-369
113000190,631,467,164
113000192,905,2578,-1673
113000193,2388,2051,337
113000194,1025,1236,-211
113000195,1340,1129,211
113000196,140,94,46
113000197,1081,1172,-91
113000198,65,212,-147
113000199,1099,330,769
113000201,73,319,-246
113000202,3220,614,2606
113000203,182,32,150
113000204,825,2233,-1408
113000205,5,22,-17
113000206,6,31,-25
113000207,57,19,38
113000208,50,62,-12
113000209,11,16,-5
113000210,2,21,-19
113000211,190,283,-93
113000212,104,23,81
113000213,28,133,-105
113000214,142,248,-106
113000234,188,716,-528
113000410,81,143,-62
113000411,2069,3661,-1592
113000412,4920,2350,2570
113000413,1812,2707,-895
113000414,4797,11548,-6751
113000415,1795,2312,-517
113000416,6085,3642,2443
113000417,2361,2333,28
113000418,4341,3398,943
113000419,1671,1818,-147
113000420,3757,5705,-1948
113000421,3750,5927,-2177
113000422,10801,9546,1255
113000423,1932,4885,-2953
113000424,2460,8743,-6283
113000425,9,83,-74
113000428,22,42,-20
113000430,5,114,-109
113000432,1971,206,1765
113000433,70,524,-454
113000434,22,120,-98
113000435,29,340,-311
113000436,26,745,-719
113000437,994,23,971
113000438,260,10,250
113000439,16,74,-58
113000440,144,25,119
113000441,246,196,50
113000442,92,90,2
113000443,280,170,110
113000444,190,121,69
113000445,153,82,71
113000446,39,62,-23
113000448,218,111,107
113000449,174,632,-458
113000450,439,1276,-837
113000451,1148,179,969
113000452,244,364,-120
113000453,87,340,-253
113000454,398,69,329
113000455,45,327,-282
113000456,2908,2484,424
113000468,1159,147,1012
113000469,79,61,18
113000470,328,14,314
113000471,13,315,-302
113000472,113,222,-109
113000474,672,579,93
113000475,1360,1252,108
113000476,1322,1602,-280
113000477,3182,1742,1440
113000478,3170,4167,-997
113000479,50,108,-58
113000483,0,0,0
113000484,0,0,0
113000485,0,0,0
113000486,2,0,2
113000487,0,0,0
113000488,0,0,0
113000489,0,2,-2
113000490,0,0,0
113000491,1,2,-1
113000492,0,2,-2
113000493,0,0,0
113000495,134,179,-45
113000496,138,103,35
113000499,0,0,0
113900001,0,2,-2
113900002,0,1,-1
113900003,0,0,0
113900004,0,1,-1
113900005,136,101,35
113900006,0,0,0
113900007,8,41,-33
113900008,18,204,-186
113900009,54,110,-56
113900010,80,66,14
113900011,50,42,8
113900012,26,60,-34
113900013,171,29,142
113900014,497,1,496
113900015,0,66,-66
113900016,35,0,35
113900017,5,56,-51
113900018,360,227,133
113900019,160,33,127
113900020,130,3,127
113900022,28,1,27
113900023,36,0,36
113900024,108,30,78
113900025,249,18,231
113900026,83,0,83
113900027,11,57,-46
113900028,47,326,-279
113900029,92,155,-63
113900030,260,2,258
113900031,13,1,12
113900032,41,0,41
113900033,136,54,82
113900035,60,0,60
113900036,21,82,-61
113900037,160,348,-188
113900038,72,96,-24
113900039,108,18,90
113900040,5,11,-6
113900041,3,2,1
113900042,86,34,52
113900043,123,101,22
113900044,235,235,0
113900045,74,3,71
113900046,191,582,-391
113900047,56,93,-37
113900048,164,97,67
113900049,384,264,120
113900050,216,308,-92
113900051,216,282,-66
113900052,176,119,57
113900053,576,402,174
113900054,31,3,28
113900055,71,388,-317
113900056,70,136,-66
113900057,14,50,-36
113900058,66,81,-15
113900059,200,246,-46
113900060,118,235,-117
113900061,694,206,488
113900062,104,10,94
113900063,55,98,-43
113900064,17,86,-69
113900065,300,14,286
113900066,338,206,132
113900067,122,363,-241
113900068,423,387,36
113900069,25,28,-3
113900070,110,426,-316
113900071,72,65,7
113900072,57,132,-75
113900073,293,295,-2
113900074,140,1020,-880
113900075,1106,956,150
113900076,191,22,169
113900077,27,147,-120
113900078,37,57,-20
113900079,2,17,-15
113900080,442,173,269
113900081,42,185,-143
113900082,111,206,-95
113900083,330,257,73
113900084,251,86,165
113900085,57,266,-209
113900086,30,13,17
113900087,90,107,-17
113900088,97,95,2
113900089,320,43,277
113900090,601,293,308
113900091,14,11,3
113900092,29,67,-38
113900093,70,756,-686
113900094,374,265,109
113900095,118,93,25
113900096,321,70,251
113900097,49,69,-20
113900098,629,84,545
113900099,3,29,-26
113900100,0,5,-5
113900101,14,48,-34
113900102,136,129,7
113900103,252,239,13
113900104,137,223,-86
113900105,130,152,-22
113900106,0,31,-31
113900107,2,20,-18
113900108,192,199,-7
113900109,333,162,171
113900110,48,21,27
113900111,153,109,44
113900112,165,95,70
113900113,917,449,468
113900114,1,46,-45
113900115,1,67,-66
113900116,98,171,-73
113900117,77,24,53
113900118,202,338,-136
113900119,223,430,-207
113900120,76,42,34
113900121,61,75,-14
113900122,427,1910,-1483
113900123,460,145,315
113900124,0,86,-86
113900125,782,140,642
113900126,149,30,119
113900127,218,614,-396
113900128,168,84,84
113900129,13,141,-128
113900130,0,31,-31
113900131,222,54,168
113900132,72,71,1
113900133,7,46,-39
113900135,289,277,12
113900136,92,84,8
113900137,347,291,56
113900138,47,155,-108
113900139,223,180,43
113900140,144,307,-163
113900141,519,218,301
113900142,130,61,69
113900143,6,36,-30
113900144,147,325,-178
113900145,361,161,200
113900146,192,42,150
113900148,121,264,-143
113900149,179,76,103
113900150,415,444,-29
113900151,391,204,187
113900152,36,62,-26
113900153,285,487,-202
113900154,2,102,-100
113900155,154,157,-3
113900156,169,318,-149
113900157,36,292,-256
113900158,253,404,-151
113900159,4,256,-252
113900160,443,426,17
113900161,58,224,-166
113900162,354,777,-423
113900163,225,259,-34
113900164,250,23,227
113900165,669,340,329
113900166,135,115,20
113900167,300,34,266
113900168,84,57,27
113900169,183,277,-94
113900171,208,70,138
113900172,5,151,-146
113900173,20,478,-458
113900174,484,497,-13
113900175,259,143,116
113900176,211,334,-123
113900177,286,166,120
113900178,258,137,121
113900179,24,284,-260
113900180,88,95,-7
113900181,514,131,383
113900182,707,696,11
113900183,38,69,-31
113900184,10,327,-317
113900185,168,68,100
113900186,41,26,15
113900187,33,107,-74
113900188,43,103,-60
113900189,252,89,163
113900190,242,112,130
113900191,93,184,-91
113900192,4,366,-362
113900193,11,94,-83
113900194,1132,768,364
113900195,211,350,-139
113900196,4,129,-125
113900197,2,99,-97
113900198,17,257,-240
113900199,150,503,-353
113900200,22,214,-192
113900201,0,89,-89
113900202,26,252,-226
113900203,2,72,-70
113900204,44,398,-354
113900205,14,119,-105
113900206,12,112,-100
113900207,0,34,-34
113900208,0,42,-42
113900209,0,65,-65
113900210,496,564,-68
113900211,198,52,146
113900212,189,331,-142
113900214,319,387,-68
113900215,213,126,87
113900216,84,542,-458
113900217,73,162,-89
113900218,146,78,68
113900219,99,493,-394
113900220,139,125,14
113900221,309,189,120
113900222,193,458,-265
113900223,178,555,-377
113900224,81,72,9
113900225,824,202,622
113900226,354,77,277
113900227,383,267,116
113900228,304,480,-176
113900229,50,596,-546
113900230,3284,3074,210
113900231,144,129,15
113900232,109,74,35
113900233,86,49,37
113900234,290,399,-109
113900235,133,29,104
113900236,165,234,-69
113900237,187,14,173
113900238,248,429,-181
113900239,64,84,-20
113900240,4,153,-149
113900241,80,50,30
113900242,52,128,-76
113900243,112,268,-156
113900244,266,194,72
113900245,877,217,660
113900246,20,18,2
113900247,117,407,-290
113900248,1938,1340,598
113900249,554,382,172
113900250,63,162,-99
113900251,690,111,579
113900252,588,9,579
113900253,524,51,473
113900254,758,105,653
113900255,470,16,454
113900256,383,26,357
113900257,28,380,-352
113900258,14,252,-238
113900259,485,140,345
113900260,225,17,208
113900261,17,55,-38
113900262,130,392,-262
113900263,106,487,-381
113900264,7,314,-307
113900265,122,263,-141
113900266,50,144,-94
113900267,61,474,-413
113900268,261,303,-42
113900269,84,119,-35
113900270,194,494,-300
113900271,431,765,-334
113900273,27,13,14
113900274,44,29,15
113900275,29,81,-52
113900276,2,102,-100
113900277,126,6,120
113900278,286,167,119
113900279,37,73,-36
113900280,1216,502,714
113900281,555,1190,-635
113900282,607,488,119
113900283,347,485,-138
113900284,591,137,454
113900285,113,30,83
113900286,19,64,-45
113900287,76,59,17
113900288,1,96,-95
113900289,632,102,530
113900290,259,281,-22
113900291,113,113,0
113900292,5,4,1
113900293,10,155,-145
113900294,492,17,475
113900295,371,395,-24
113900296,1638,347,1291
113900297,1852,29,1823
113900298,18,1381,-1363
113900299,166,117,49
113900300,3634,2875,759
113900301,716,361,355
113900302,1733,836,897
113900303,344,426,-82
113900304,3,105,-102
113900305,97,1,96
113900306,56,0,56
113900307,10,0,10
113900308,67,131,-64
113900309,2,499,-497
113900310,0,14,-14
113900311,9,0,9
113900312,229,184,45
113900313,18,4,14
113900314,19,204,-185
113900315,293,109,184
114000001,747,1780,-1033
114000002,287,241,46
114000003,124,449,-325
114000004,371,362,9
114000005,189,212,-23
114000006,1931,1917,14
114000007,515,936,-421
114000008,1046,1537,-491
114000009,722,252,470
114000011,2478,1924,554
114000012,2381,1429,952
114000013,1498,1159,339
114000014,495,343,152
114000015,1690,272,1418
114000016,203,164,39
114000017,82,278,-196
114000018,147,31,116
114000026,1731,1000,731
114000027,3014,1607,1407
114000028,2141,2271,-130
114000038,247,135,112
114000039,139,90,49
114000040,134,187,-53
114000042,205,130,75
114000043,171,124,47
114000044,285,134,151
114000045,55,65,-10
114000046,2118,4214,-2096
114000047,8,56,-48
114000048,93,97,-4
114000049,1193,1523,-330
114000050,1404,1908,-504
114000051,2281,1920,361
114000052,2872,1932,940
114000053,69,757,-688
114000054,192,757,-565
114000055,186,32,154
114000056,581,969,-388
114000057,3616,1876,1740
114000058,335,1192,-857
114000059,181,272,-91
114000060,482,774,-292
114000061,2546,2483,63
114000062,1337,1296,41
114000063,1888,1319,569
114000064,3747,3112,635
114000065,1129,1985,-856
114000066,446,621,-175
114000067,18,666,-648
114000068,590,717,-127
114000069,732,502,230
114000070,1915,1676,239
114000071,657,410,247
114000072,518,156,362
114000073,15,70,-55
114000074,59,9,50
114000075,64,51,13
114000076,27,85,-58
114000077,3,20,-17
114000078,413,430,-17
114000079,100,13,87
114000080,76,75,1
114000081,98,82,16
114000082,45,280,-235
114000083,72,175,-103
114000084,343,67,276
114000085,86,424,-338
114000086,280,254,26
114000087,113,139,-26
114000088,58,30,28
114000089,602,312,290
114000090,766,777,-11
114000091,1037,831,206
114000092,801,416,385
114000093,1125,588,537
114000094,337,299,38
114000095,169,150,19
114000096,91,239,-148
114000097,109,378,-269
114000098,570,86,484
114000099,672,369,303
114000100,1448,449,999
114000101,430,498,-68
114000102,490,310,180
114000103,153,310,-157
114000104,36,160,-124
114000105,121,38,83
114000106,617,1124,-507
114000107,439,125,314
114000108,1432,810,622
114000109,572,1210,-638
114000110,659,1005,-346
114000111,1898,562,1336
114000112,417,1616,-1199
114000113,1445,493,952
114000114,1155,1170,-15
114000115,2130,1065,1065
114000116,1325,1492,-167
114000117,2656,390,2266
114000118,2364,425,1939
114000119,1753,441,1312
114000120,448,538,-90
114000121,467,615,-148
114000122,307,362,-55
114000123,1819,443,1376
114000124,871,280,591
114000125,871,935,-64
114000126,2011,202,1809
114000127,190,120,70
114000128,775,252,523
114000130,457,445,12
114000131,366,113,253
114000132,462,396,66
114000133,608,1006,-398
114000134,55,90,-35
114000138,29,149,-120
114000139,394,333,61
114000144,778,608,170
114000145,65,105,-40
114000146,117,153,-36
114000147,1204,1910,-706
114000148,1558,1582,-24
114000149,357,260,97
114000150,751,913,-162
114000151,1064,1891,-827
114000152,124,33,91
114000153,618,2018,-1400
114000154,612,723,-111
114000155,1075,1909,-834
114000156,670,578,92
114000157,259,1035,-776
114000158,1110,547,563
114000159,185,385,-200
114000160,125,410,-285
114000161,1193,2651,-1458
114000162,1058,2402,-1344
114000163,20,68,-48
114000165,529,349,180
114000166,482,397,85
114000167,2544,1378,1166
114000168,624,493,131
114000169,1428,1371,57
114000170,1162,1311,-149
114000171,1165,3466,-2301
114000174,187,321,-134
114000176,360,503,-143
114000177,1315,588,727
114000178,50,39,11
114000179,1121,671,450
114000180,375,459,-84
114000181,1254,3428,-2174
114000182,1655,1882,-227
114000183,792,754,38
114000184,2282,783,1499
114000185,1518,647,871
114000189,1020,152,868
114000190,2592,393,2199
114000191,71,89,-18
114000192,160,819,-659
114000193,399,1601,-1202
114000194,1228,624,604
114000195,181,25,156
114000196,1,157,-156
114000197,1345,94,1251
114000198,605,332,273
114000199,1601,1520,81
114000200,494,1199,-705
114000201,144,630,-486
114000202,903,376,527
114000203,534,539,-5
114000204,141,382,-241
114000205,214,1042,-828
114000206,569,1066,-497
114000207,520,1009,-489
114000208,312,1552,-1240
114000209,444,1395,-951
114000210,255,816,-561
114000211,872,1008,-136
114000212,684,690,-6
114000213,1156,494,662
114000214,134,151,-17
114000215,221,62,159
114000216,1401,254,1147
114000217,358,173,185
114000218,93,217,-124
114000219,1213,175,1038
114000220,30,766,-736
114000221,707,143,564
114000222,135,717,-582
114000223,448,141,307
114000224,82,382,-300
114000225,267,422,-155
114000226,188,198,-10
114000227,740,497,243
114000228,822,492,330
114000229,1060,969,91
114000230,1532,997,535
114000231,870,1161,-291
114000232,797,129,668
114000233,2111,129,1982
114000234,993,664,329
114000235,979,1025,-46
114000236,0,289,-289
114000237,149,627,-478
114000238,117,154,-37
114000239,113,878,-765
114000240,661,650,11
114000241,221,744,-523
114000242,732,655,77
114000243,1326,667,659
114000244,443,266,177
114000245,343,610,-267
114000246,81,39,42
114000247,445,505,-60
114000248,1789,452,1337
114000249,431,381,50
114000250,512,464,48
114000251,412,161,251
114000252,71,27,44
114000253,31,120,-89
114000254,31,49,-18
114000255,517,231,286
114000256,930,1708,-778
114000257,434,1019,-585
114000258,318,325,-7
114000259,105,263,-158
114000260,1,25,-24
114000261,56,40,16
114000262,205,81,124
114000263,7,1,6
114000264,1026,351,675
114000265,0,0,0
114000267,2,1327,-1325
114000268,2,776,-774
114000270,193,13,180
114000271,297,47,250
114000283,1110,329,781
114000285,29,129,-100
114000288,86,393,-307
114000289,1169,139,1030
114000293,190,341,-151
114000294,171,187,-16
114000395,1107,34,1073
114000396,572,577,-5
114000402,530,190,340
114000403,274,269,5
114000405,155,320,-165
114000423,376,282,94
114000424,311,204,107
114000425,867,278,589
114000426,297,772,-475
114000427,80,43,37
114000428,154,184,-30
114000429,8,109,-101
114000432,105,78,27
114000434,27,124,-97
114000435,2,138,-136
114900001,639,643,-4
114900002,497,144,353
114900003,674,911,-237
114900004,198,426,-228
114900005,601,533,68
114900006,69,44,25
114900007,284,26,258
114900008,154,131,23
114900010,1318,1484,-166
114900011,169,120,49
114900013,318,179,139
114900015,30,162,-132
114900018,1111,40,1071
114900020,166,77,89
114900022,7,692,-685
114900024,112,61,51
114900025,416,160,256
114900026,95,121,-26
114900027,75,88,-13
114900029,153,38,115
114900030,313,213,100
114900031,395,46,349
114900032,290,16,274
114900033,354,312,42
114900034,42,132,-90
114900035,108,200,-92
114900036,186,378,-192
114900037,63,57,6
114900038,91,196,-105
114900039,400,344,56
114900040,68,78,-10
114900041,693,280,413
114900042,819,363,456
114900043,260,73,187
114900044,180,33,147
114900046,8,37,-29
114900047,157,1626,-1469
114900048,116,271,-155
114900049,22,132,-110
114900050,38,244,-206
114900051,35,329,-294
114900052,58,226,-168
114900053,167,311,-144
114900054,45,112,-67
114900057,223,9,214
114900058,0,69,-69
114900059,76,70,6
114900060,305,333,-28
114900061,45,38,7
114900062,93,118,-25
114900063,72,116,-44
114900064,1326,322,1004
114900065,428,528,-100
114900067,137,313,-176
114900068,63,212,-149
114900069,201,66,135
114900070,501,341,160
114900072,9,278,-269
114900073,0,127,-127
114900074,684,495,189
114900075,263,4,259
114900076,6,317,-311
114900080,1341,322,1019
114900082,3003,2096,907
114900083,769,816,-47
114900090,353,215,138
114900091,161,125,36
114900095,108,63,45
114900096,117,231,-114
114900097,146,0,146
114900098,4,177,-173
114900099,187,5,182
115000001,4554,2837,1717
115000002,3512,3999,-487
115000003,3854,2374,1480
115000004,3906,5206,-1300
115000005,1380,1654,-274
115000006,989,1315,-326
115000007,226,174,52
115000008,366,451,-85
115000009,237,199,38
115000010,287,161,126
115000013,60,167,-107
115000015,69,297,-228
115000016,84,164,-80
115000019,34,384,-350
115000020,134,626,-492
115000021,233,338,-105
115000022,489,345,144
115000023,461,550,-89
115000024,799,382,417
115000025,713,554,159
115000026,158,303,-145
115000027,296,237,59
115000028,162,609,-447
115000029,620,81,539
115000030,570,856,-286
115000031,1201,182,1019
115000032,15,216,-201
115000033,213,45,168
115000034,74,910,-836
115000035,830,60,770
115000036,0,359,-359
115000037,547,5,542
115000038,32,162,-130
115000039,3157,2861,296
115000040,4034,2449,1585
115000041,1223,3054,-1831
115000042,693,493,200
115000043,3948,2232,1716
115000044,3087,2869,218
115000045,2419,1351,1068
115000046,2259,2280,-21
115000047,2219,1474,745
115000048,1661,1744,-83
115000049,1463,2386,-923
115000050,2791,1873,918
115000051,1606,2754,-1148
115000052,1661,1464,197
115000053,1821,1554,267
115000054,570,921,-351
115000055,131,692,-561
115000056,172,414,-242
115000057,479,1150,-671
115000058,368,321,47
115000059,180,91,89
115000061,113,208,-95
115000062,145,215,-70
115000063,284,242,42
115000064,182,83,99
115000065,53,401,-348
115000067,143,10,133
115000069,75,231,-156
115000070,36,648,-612
115000071,99,8,91
115000072,31,69,-38
115000073,1089,52,1037
115000075,86,58,28
115000076,2401,2103,298
115000077,2215,1691,524
115000078,1157,973,184
115000079,1241,1289,-48
115000080,2313,1706,607
115000081,470,672,-202
115000082,3635,3143,492
115000083,1695,1491,204
115000084,2348,913,1435
115000085,672,671,1
115000086,1011,786,225
115000087,369,1115,-746
115000088,1694,610,1084
115000089,1366,930,436
115000090,466,833,-367
115000091,188,689,-501
115000092,768,278,490
115000093,390,6,384
115000094,5155,4972,183
115000095,3436,5020,-1584
115000096,735,1019,-284
115000097,1063,803,260
115000098,1005,548,457
115000099,2225,1839,386
115000100,992,306,686
115000101,361,1055,-694
115000102,488,228,260
115000103,271,496,-225
115000105,68,111,-43
115000106,620,256,364
115000107,167,303,-136
115000108,2310,1903,407
115000109,3263,4082,-819
115000110,1289,1525,-236
115000111,537,1228,-691
115000112,568,690,-122
115000113,488,669,-181
115000114,1581,595,986
115000116,3348,2123,1225
115000117,2895,2751,144
115000118,2239,1621,618
115000119,1542,2015,-473
115000120,553,1381,-828
115000121,1001,727,274
115000122,2622,1320,1302
115000123,1031,1939,-908
115000124,705,876,-171
115000125,420,607,-187
115000126,126,268,-142
115000127,313,88,225
115000128,394,806,-412
115000129,316,350,-34
115000130,351,572,-221
115000131,848,204,644
115000132,296,258,38
115000133,502,190,312
115000134,194,199,-5
115000135,144,99,45
115000136,220,217,3
115000137,155,102,53
115000138,331,235,96
115000139,193,177,16
115000140,378,173,205
115000141,166,182,-16
115000142,144,188,-44
115000143,836,437,399
115000144,524,87,437
115000145,227,245,-18
115000146,399,243,156
115000147,251,318,-67
115000148,213,711,-498
115000149,603,198,405
115000150,549,526,23
115000151,1082,414,668
115000152,558,678,-120
115000153,880,445,435
115000154,871,265,606
115000155,528,677,-149
115000156,904,591,313
115000157,527,658,-131
115000158,365,370,-5
115000159,587,486,101
115000160,402,383,19
115000161,139,344,-205
115000162,600,793,-193
115000163,432,549,-117
115000164,626,541,85
115000165,304,431,-127
115000167,142,82,60
115000168,548,312,236
115000169,425,321,104
115000170,135,116,19
115000171,273,234,39
115000172,866,629,237
115000173,342,508,-166
115000174,78,238,-160
115000175,120,70,50
115000176,64,56,8
115000177,31,71,-40
115000178,14,161,-147
115000179,11,21,-10
115000180,90,380,-290
115000181,600,154,446
115000182,769,267,502
115000183,323,581,-258
115000186,667,204,463
115000187,188,612,-424
115000188,373,373,0
115000189,185,347,-162
115000190,614,308,306
115000191,144,367,-223
115000194,92,122,-30
115000195,206,298,-92
115000196,194,116,78
115000197,285,200,85
115000198,363,133,230
115000199,313,156,157
115000200,349,97,252
115000201,167,245,-78
115000206,378,43,335
115000207,153,246,-93
115000208,222,495,-273
115000209,647,249,398
115000210,118,147,-29
115000211,324,213,111
115000212,1163,311,852
115000224,408,43,365
115000225,52,72,-20
115000229,140,135,5
115000230,148,268,-120
115000231,267,1051,-784
115000232,1567,245,1322
115000233,125,124,1
115000234,30,255,-225
115000241,98,214,-116
115000242,119,214,-95
115000243,47,187,-140
115000244,10,84,-74
115000246,35,12,23
115000247,40,25,15
115000248,47,21,26
115000249,24,7,17
115000250,266,23,243
115000251,225,100,125
115000252,115,188,-73
115000253,17,413,-396
115000258,354,109,245
115000259,332,146,186
115000261,20,15,5
115000262,21,18,3
115000263,15,46,-31
115000264,26,48,-22
115000267,56,38,18
115000268,32,110,-78
115000269,115,58,57
115000270,2,20,-18
115000272,81,155,-74
115000273,317,13,304
115000280,2717,274,2443
115000281,665,1044,-379
115000282,457,595,-138
115000284,286,142,144
115000296,851,4,847
115000297,85,307,-222
115000298,27,522,-495
115000300,190,176,14
115000302,452,114,338
115000303,736,99,637
115000304,611,52,559
115000305,101,459,-358
115000306,172,233,-61
115000307,96,164,-68
115000308,22,18,4
115000309,20,51,-31
115000310,1065,633,432
115000311,902,924,-22
115000313,132,384,-252
115000314,436,170,266
115000315,685,527,158
115000316,59,87,-28
115000317,160,383,-223
115000318,646,246,400
115000319,43,270,-227
115000320,11,250,-239
115000321,194,11,183
115000322,37,179,-142
115000449,179,160,19
115000557,4,1223,-1219
115000558,320,109,211
115000587,485,236,249
115000588,1721,2172,-451
115000589,3169,1939,1230
115000590,1070,1274,-204
115000591,1289,738,551
115000592,490,1390,-900
115000593,1187,559,628
115000594,587,2361,-1774
115000609,176,261,-85
115000617,1119,2577,-1458
115000624,250,56,194
115000633,358,1512,-1154
115000634,2388,647,1741
115000635,525,164,361
115000638,608,496,112
115000641,55,117,-62
115000642,270,248,22
115000643,91,399,-308
115000644,91,302,-211
115000646,786,1534,-748
115000647,143,494,-351
115000648,1850,1233,617
115000893,2382,1310,1072
115000894,126,884,-758
115000895,327,970,-643
115000896,1164,469,695
115000897,475,140,335
115000898,460,211,249
115000899,345,984,-639
115000900,40,303,-263
115000901,67,135,-68
115000912,465,104,361
115000913,5,10,-5
115000915,27,0,27
115000916,2,0,2
115000917,0,4,-4
115000918,73,302,-229
115000919,11,8,3
115000920,11,59,-48
115000921,488,57,431
115000922,821,720,101
115000923,280,1201,-921
115000925,113,77,36
115000927,36,58,-22
115000933,211,245,-34
115000934,109,141,-32
115000935,104,81,23
115000936,17,599,-582
115000937,706,137,569
115000938,138,224,-86
115000939,162,233,-71
115000940,10,8,2
115000941,8,24,-16
115000942,18,122,-104
115000943,31,30,1
115000944,1,11,-10
115900001,90,28,62
115900002,88,105,-17
115900003,192,83,109
115900004,3,38,-35
115900005,204,12,192
115900006,194,171,23
115900008,59,9,50
115900009,58,159,-101
115900010,289,145,144
115900011,473,245,228
115900012,174,58,116
115900013,286,121,165
115900014,122,136,-14
115900015,117,51,66
115900016,123,20,103
115900017,18,7,11
115900018,144,44,100
115900019,98,16,82
115900020,102,2,100
115900021,792,178,614
115900022,1141,16,1125
115900023,31,12,19
115900025,39,176,-137
115900026,662,179,483
115900027,2,232,-230
115900028,589,46,543
115900029,22,258,-236
115900030,21,18,3
115900031,251,254,-3
115900032,488,631,-143
115900033,2,34,-32
115900034,51,283,-232
115900035,40,9,31
115900036,59,666,-607
115900037,31,291,-260
115900038,62,11,51
115900039,163,173,-10
115900041,344,530,-186
115900042,38,1,37
115900043,70,71,-1
115900044,187,182,5
115900046,264,169,95
115900047,140,150,-10
115900049,155,191,-36
115900051,2,37,-35
115900052,15,159,-144
115900053,250,164,86
115900054,284,59,225
115900055,17,114,-97
115900056,201,186,15
115900057,30,4,26
115900058,62,46,16
115900060,41,79,-38
115900061,229,0,229
115900062,9,148,-139
115900063,64,14,50
115900064,172,259,-87
115900065,119,60,59
115900066,165,116,49
115900067,20,482,-462
115900068,2175,876,1299
115900069,35,139,-104
115900070,166,106,60
115900071,0,275,-275
115900072,46,118,-72
115900073,97,83,14
115900074,4,235,-231
115900075,15,138,-123
115900076,0,35,-35
115900077,7,180,-173
115900078,86,198,-112
115900079,204,24,180
115900080,344,128,216
115900081,27,86,-59
115900082,120,150,-30
115900084,527,18,509
115900085,37,64,-27
115900086,1060,421,639
115900088,5,39,-34
115900089,401,549,-148
115900090,436,11,425
115900091,8,28,-20
115900092,18,125,-107
115900093,12,23,-11
115900094,3,278,-275
115900096,2,13,-11
115900097,8,295,-287
115900098,129,176,-47
115900099,170,39,131
115900100,11,366,-355
115900101,145,158,-13
115900102,80,81,-1
115900103,260,110,150
115900104,73,94,-21
115900105,299,437,-138
115900106,109,24,85
115900107,47,93,-46
115900108,174,37,137
115900109,32,337,-305
115900110,4,11,-7
115900111,2,50,-48
115900112,48,603,-555
115900113,57,26,31
115900114,1,84,-83
115900115,79,169,-90
115900116,54,597,-543
115900117,107,12,95
115900118,2,205,-203
115900119,133,125,8
115900120,17,197,-180
115900121,196,200,-4
115900124,294,565,-271
115900125,343,61,282
115900126,668,79,589
115900127,668,46,622
115900128,4,67,-63
115900129,557,33,524
115900130,31,260,-229
115900131,267,18,249
115900132,555,5,550
115900134,278,11,267
115900135,447,956,-509
115900137,19,2,17
115900139,29,67,-38
115900140,249,34,215
115900141,4,16,-12
115900142,9,26,-17
115900143,239,275,-36
115900144,91,154,-63
115900146,11,58,-47
115900147,208,165,43
115900148,45,4,41
115900149,93,37,56
115900150,87,17,70
115900151,21,85,-64
115900152,151,189,-38
115900153,146,131,15
115900154,332,325,7
115900155,1,40,-39
115900156,607,797,-190
115900157,165,406,-241
115900158,26,15,11
115900159,146,174,-28
115900160,9,2,7
115900161,39,145,-106
115900163,177,83,94
115900164,538,28,510
115900166,162,124,38
115900168,86,81,5
115900171,78,301,-223
115900172,51,87,-36
115900173,201,102,99
115900174,218,202,16
115900175,104,142,-38
115900178,6,379,-373
115900179,291,5,286
115900180,25,95,-70
115900181,153,129,24
115900182,398,135,263
115900183,30,44,-14
115900184,1141,8,1133
115900187,15,125,-110
115900189,0,175,-175
115900190,103,1190,-1087
115900191,35,288,-253
115900192,7,82,-75
115900193,419,97,322
115900194,643,50,593
115900195,514,1914,-1400
115900198,187,222,-35
115900199,211,190,21
115900200,197,262,-65
115900201,389,224,165
115900202,4,51,-47
115900203,7,13,-6
115900204,0,11,-11
115900205,55,13,42
115900206,172,117,55
115900207,34,20,14
115900208,151,124,27
115900209,5,90,-85
115900210,1,109,-108
115900211,3,121,-118
115900212,173,162,11
115900213,65,85,-20
115900214,499,171,328
115900215,22,150,-128
115900216,3,91,-88
115900217,1,35,-34
115900218,5,21,-16
115900219,117,8,109
115900220,135,6,129
115900221,77,8,69
115900222,56,38,18
115900223,18,380,-362
115900224,606,1092,-486
115900225,61,44,17
115900226,15,33,-18
115900227,6,41,-35
115900228,16,20,-4
115900229,6,41,-35
115900230,69,76,-7
115900231,115,4,111
115900232,40,13,27
115900233,92,19,73
115900234,40,20,20
115900235,15,23,-8
115900236,52,22,30
115900237,31,33,-2
115900238,27,15,12
115900239,18,34,-16
115900240,2,43,-41
115900241,212,95,117
115900242,236,278,-42
115900243,4,7,-3
115900244,10,14,-4
115900245,59,15,44
115900246,17,19,-2
115900247,44,20,24
115900248,11,5,6
115900249,9,11,-2
115900250,8,27,-19
115900251,0,15,-15
115900252,2,4,-2
115900253,13,16,-3
115900254,2,24,-22
115900255,1,14,-13
115900256,19,23,-4
115900257,8,14,-6
115900258,0,0,0
115900259,7,4,3
115900260,6,0,6
115900261,1,3,-2
115900262,6,0,6
115900263,6,1,5
115900264,13,6,7
115900265,1,8,-7
115900266,4,26,-22
115900267,15,23,-8
115900268,6,16,-10
115900269,445,292,153
115900270,377,271,106
115900271,134,0,134
115900272,23,7,16
115900273,2,29,-27
115900274,5,3,2
115900275,3,12,-9
115900276,0,13,-13
115900277,0,37,-37
115900278,54,75,-21
115900279,16,136,-120
115900280,14,421,-407
115900281,288,209,79
115900282,12,15,-3
115900283,18,18,0
115900284,34,3,31
116000001,8295,3601,4694
116000002,4321,9453,-5132
116000003,1457,1487,-30
116000004,2472,3315,-843
116000005,1755,2534,-779
116000006,2290,2504,-214
116000007,1897,2662,-765
116000008,3243,2192,1051
116000009,1127,1558,-431
116000010,2109,1430,679
116000011,701,1327,-626
116000012,1307,999,308
116000013,5576,3040,2536
116000014,7868,9879,-2011
116000015,170,1082,-912
116000016,4978,3117,1861
116000017,21,679,-658
116000018,570,278,292
116000019,647,271,376
116000020,580,764,-184
116000021,429,349,80
116000022,384,300,84
116000023,1100,624,476
116000024,699,812,-113
116000025,700,691,9
116000026,1343,2209,-866
116000027,432,502,-70
116000028,427,705,-278
116000029,445,502,-57
116000030,656,372,284
116000031,175,243,-68
116000032,303,132,171
116000033,366,343,23
116000034,510,658,-148
116000035,346,566,-220
116000036,1379,1159,220
116000037,544,447,97
116000038,389,593,-204
116000039,526,402,124
116000040,776,371,405
116000041,123,387,-264
116000042,545,245,300
116000043,79,584,-505
116000044,17,97,-80
116000045,1470,1004,466
116000046,776,1290,-514
116000047,1263,1624,-361
116000048,1617,1417,200
116000049,1022,2727,-1705
116000050,1217,976,241
116000051,4731,2677,2054
116000052,4107,4122,-15
116000053,1488,712,776
116000054,729,2318,-1589
116000055,625,737,-112
116000056,918,914,4
116000057,1963,1035,928
116000058,2417,1782,635
116000059,2037,3095,-1058
116000060,1649,849,800
116000061,480,833,-353
116000062,513,207,306
116000063,514,966,-452
116000066,321,541,-220
116000067,184,366,-182
116000068,181,253,-72
116000069,370,254,116
116000078,518,906,-388
116000080,1470,670,800
116000082,18,53,-35
116000083,1559,355,1204
116000084,1534,2630,-1096
116000085,2020,1724,296
116000086,1504,1052,452
116000087,1855,1277,578
116000088,674,779,-105
116000089,125,72,53
116000090,92,154,-62
116000091,235,222,13
116000093,516,317,199
116000094,454,433,21
116000095,615,500,115
116000096,588,924,-336
116000097,733,569,164
116000098,120,4792,-4672
116000099,4631,251,4380
116000100,247,22,225
116000101,869,630,239
116000102,253,1021,-768
116000103,412,226,186
116000104,216,883,-667
116000105,947,129,818
116000106,413,726,-313
116000107,2334,287,2047
116000108,119,129,-10
116000111,120,51,69
116000113,125,135,-10
116000114,37,134,-97
116000115,377,192,185
116000116,232,369,-137
116000117,1424,1679,-255
116000118,1462,931,531
116000119,3089,1835,1254
116000120,2565,2790,-225
116000121,856,531,325
116000122,1046,1217,-171
116000123,958,382,576
116000124,356,541,-185
116000125,2517,646,1871
116000126,195,1017,-822
116000127,806,846,-40
116000128,1643,719,924
116000129,1239,248,991
116000130,501,397,104
116000133,937,601,336
116000134,1441,1404,37
116000135,2226,1252,974
116000136,963,1472,-509
116000137,1050,645,405
116000138,795,555,240
116000139,1275,1935,-660
116000140,139,147,-8
116000141,349,509,-160
116000142,2611,2060,551
116000143,1714,1480,234
116000144,1241,1570,-329
116000145,1497,1013,484
116000146,610,152,458
116000147,194,115,79
116000148,468,528,-60
116000149,626,569,57
116000151,459,464,-5
116000153,99,302,-203
116000155,199,186,13
116000156,295,755,-460
116000157,79,18,61
116000158,341,225,116
116000159,10,12,-2
116000160,21,42,-21
116000161,5,52,-47
116000162,38,58,-20
116000163,27,15,12
116000164,5,19,-14
116000177,126,73,53
116000194,126,329,-203
116000195,1279,529,750
116000196,0,0,0
116000197,10,11,-1
116000198,2187,773,1414
116000200,612,460,152
116000201,468,485,-17
116000202,2,219,-217
116000203,1,88,-87
116000204,11,70,-59
116000205,1,139,-138
116000206,7,97,-90
116000207,14,38,-24
116000233,191,344,-153
116000287,144,309,-165
116000288,275,166,109
116000292,0,0,0
116000296,26,192,-166
116000297,91,35,56
116000304,193,50,143
116000305,27,58,-31
116000346,118,58,60
116000352,85,24,61
116000354,34,8,26
116000357,22,18,4
116000358,387,85,302
116000361,269,3,266
116000372,3454,3433,21
116000381,122,3,119
116000388,3,38,-35
116000389,715,468,247
116000445,433,398,35
116000446,543,460,83
116000447,22,515,-493
116000448,447,174,273
116000563,690,533,157
116000565,40,290,-250
116000568,65,257,-192
116000579,26,94,-68
116000583,144,51,93
116000584,13,10,3
116000585,58,26,32
116000586,56,60,-4
116000587,426,440,-14
116000589,96,111,-15
116000590,97,127,-30
116000591,293,186,107
116000592,6,57,-51
116000593,0,26,-26
116000594,595,346,249
116000595,606,123,483
116000596,96,9,87
116000597,391,101,290
116000598,18,97,-79
116000605,245,126,119
116000606,74,235,-161
116000607,30,73,-43
116000609,171,810,-639
116000611,149,357,-208
116000612,774,1506,-732
116000613,522,266,256
116000614,373,438,-65
116000615,6,315,-309
116000616,41,23,18
116000617,70,45,25
116000618,0,41,-41
116000619,40,64,-24
116000620,99,90,9
116000621,50,71,-21
116000622,80,128,-48
116000624,178,70,108
116000627,71,52,19
116000628,32,362,-330
116000629,30,258,-228
116000630,521,16,505
116000631,226,55,171
116000632,655,21,634
116000633,168,163,5
116000634,356,136,220
116000635,2405,2129,276
116000636,607,1147,-540
116000637,434,74,360
116000638,124,244,-120
116000639,15,1,14
116000640,26,27,-1
116000641,9,17,-8
116000643,0,28,-28
116000644,24,365,-341
116000645,14,6,8
116900001,258,108,150
116900002,241,4,237
116900003,33,40,-7
116900004,41,31,10
116900005,239,59,180
116900006,97,182,-85
116900007,112,130,-18
116900008,380,243,137
116900009,13,3,10
116900010,0,739,-739
116900011,43,40,3
116900012,230,114,116
116900013,4,103,-99
116900014,145,154,-9
116900016,228,1,227
116900017,1,394,-393
116900018,68,44,24
116900019,3,190,-187
116900020,633,307,326
116900023,41,17,24
116900025,875,663,212
116900026,127,423,-296
116900027,25,59,-34
116900028,7,88,-81
116900029,120,698,-578
116900031,1,11,-10
116900032,3,222,-219
116900033,16,13,3
116900034,19,64,-45
116900035,119,117,2
116900036,2,99,-97
116900038,11,2,9
116900041,35,16,19
116900042,445,200,245
116900043,28,34,-6
116900047,33,111,-78
116900049,25,236,-211
116900050,82,294,-212
116900051,130,141,-11
116900052,146,69,77
116900055,3,6,-3
116900057,32,178,-146
116900058,20,230,-210
116900059,3,107,-104
116900060,214,127,87
116900062,1,17,-16
116900064,96,490,-394
116900065,30,75,-45
116900067,83,44,39
116900068,95,124,-29
116900070,7,2,5
116900072,24,275,-251
116900073,20,88,-68
116900074,10,43,-33
116900076,9,40,-31
116900077,11,66,-55
116900078,230,95,135
116900079,35,153,-118
116900080,24,31,-7
116900081,265,742,-477
116900082,276,911,-635
116900083,37,18,19
116900084,125,63,62
116900085,10,57,-47
116900086,41,138,-97
116900088,194,67,127
116900090,112,29,83
116900091,347,20,327
116900092,83,535,-452
116900093,1535,1630,-95
116900094,3150,3204,-54
116900095,146,61,85
116900096,97,105,-8
116900097,1760,2235,-475
116900098,755,356,399
116900099,585,512,73
116900100,764,43,721
116900101,295,382,-87
116900103,7,1,6
116900104,73,74,-1
116900105,229,166,63
116900106,1851,246,1605
116900107,2258,2094,164
116900110,18,3,15
116900111,636,429,207
116900112,305,634,-329
116900113,1191,1559,-368
116900116,101,552,-451
116900117,149,85,64
116900118,581,763,-182
116900120,368,63,305
116900121,193,24,169
116900122,718,414,304
116900123,203,538,-335
116900124,148,667,-519
116900125,214,96,118
116900126,124,521,-397
116900128,0,38,-38
116900129,0,207,-207
116900130,419,2876,-2457
116900131,39,208,-169
116900132,62,104,-42
116900133,145,106,39
116900134,178,174,4
116900136,185,118,67
116900137,228,128,100
116900138,153,121,32
116900139,96,337,-241
116900140,184,146,38
116900141,585,321,264
116900142,10,155,-145
116900143,258,264,-6
116900144,6,89,-83
116900145,56,142,-86
116900147,361,599,-238
116900148,30,74,-44
116900149,51,197,-146
116900150,8,40,-32
116900151,44,20,24
116900153,106,55,51
116900154,323,500,-177
116900155,72,79,-7
116900157,566,203,363
116900158,106,220,-114
116900159,67,237,-170
116900160,630,809,-179
116900161,4057,5306,-1249
116900162,11,82,-71
116900163,171,120,51
116900164,75,64,11
116900165,240,329,-89
116900166,39,53,-14
116900167,355,46,309
116900168,289,54,235
116900169,529,588,-59
116900170,278,500,-222
116900171,36,83,-47
116900172,145,343,-198
116900173,156,43,113
116900174,104,96,8
116900175,152,201,-49
116900178,26,82,-56
116900179,62,292,-230
116900180,85,26,59
116900182,467,207,260
116900183,174,86,88
116900185,10,35,-25
116900186,61,154,-93
116900187,64,34,30
116900188,131,25,106
116900189,0,0,0
116900191,394,545,-151
116900192,312,100,212
116900194,131,1109,-978
116900195,38,16,22
116900196,14,61,-47
116900197,107,13,94
116900198,128,183,-55
116900200,75,31,44
116900201,101,14,87
116900202,59,44,15
116900203,141,3,138
116900204,51,86,-35
116900206,16,11,5
116900207,30,22,8
116900208,23,82,-59
116900209,24,71,-47
116900210,467,225,242
116900211,181,8,173
116900212,71,39,32
116900213,152,79,73
116900214,189,77,112
116900215,32,38,-6
116900216,201,187,14
116900218,51,259,-208
116900219,914,264,650
116900220,109,180,-71
116900221,122,246,-124
116900222,351,281,70
116900223,102,221,-119
116900226,58,39,19
116900227,110,82,28
116900228,332,152,180
116900230,75,406,-331
116900233,557,111,446
116900234,2,18,-16
116900235,153,222,-69
116900238,1191,259,932
116900239,12,746,-734
116900240,3654,2682,972
116900241,47,67,-20
116900242,685,610,75
116900243,0,17,-17
116900245,30,18,12
116900246,152,60,92
116900247,721,33,688
116900248,58,30,28
116900249,337,71,266
116900250,427,50,377
116900251,363,435,-72
116900252,155,537,-382
116900254,27,55,-28
116900255,85,47,38
116900256,341,82,259
116900257,15,327,-312
116900258,2,146,-144
116900259,270,13,257
116900260,2,75,-73
116900261,66,1,65
116900262,153,134,19
116900263,0,7,-7
116900264,10,9,1
116900265,50,0,50
116900266,159,102,57
116900267,11,3,8
116900268,130,148,-18
116900269,245,492,-247
116900271,945,213,732
116900272,282,182,100
116900273,151,122,29
116900274,110,40,70
116900275,155,48,107
116900276,352,167,185
116900277,96,11,85
116900278,2,2,0
116900279,2,32,-30
116900280,326,52,274
116900281,3766,3610,156
116900282,5,94,-89
116900283,16,76,-60
116900284,11,123,-112
116900285,184,181,3
116900286,156,17,139
116900287,7,24,-17
116900288,79,103,-24
116900289,22,21,1
116900290,7,19,-12
116900291,20,11,9
116900292,0,16,-16
116900293,44,29,15
116900294,18,107,-89
116900295,110,82,28
116900296,82,100,-18
116900297,10,97,-87
116900298,79,98,-19
116900299,27,106,-79
116900300,3,60,-57
116900301,53,162,-109
116900302,19,61,-42
116900303,167,93,74
116900304,0,166,-166
116900305,17,35,-18
116900306,187,88,99
116900307,143,2,141
116900308,1,86,-85
116900309,345,193,152
117000001,1693,1276,417
117000002,1574,3039,-1465
117000003,5476,2647,2829
117000004,2715,3711,-996
117000005,2040,1525,515
117000006,999,2495,-1496
117000007,3500,1028,2472
117000008,1035,2656,-1621
117000009,4029,1564,2465
117000010,1997,2893,-896
117000011,1892,1322,570
117000012,1077,947,130
117000013,1619,788,831
117000014,908,1534,-626
117000015,2117,1029,1088
117000016,239,172,67
117000017,201,135,66
117000018,123,576,-453
117000019,81,36,45
117000020,470,1183,-713
117000021,1290,570,720
117000022,279,132,147
117000023,213,254,-41
117000024,155,250,-95
117000025,402,1064,-662
117000026,1799,1377,422
117000027,1671,4090,-2419
117000028,2738,1648,1090
117000030,381,330,51
117000031,352,208,144
117000032,1107,902,205
117000033,986,578,408
117000034,520,245,275
117000035,313,298,15
117000036,383,286,97
117000037,279,188,91
117000038,227,496,-269
117000039,436,207,229
117000040,202,703,-501
117000041,1039,148,891
117000044,15,696,-681
117000045,430,79,351
117000046,383,593,-210
117000047,874,572,302
117000048,1490,777,713
117000049,100,441,-341
117000050,141,1212,-1071
117000051,2112,140,1972
117000052,49,224,-175
117000053,525,40,485
117000054,1641,12,1629
117000055,102,2075,-1973
117000056,630,16,614
117000057,495,1751,-1256
117000060,442,906,-464
117000061,1389,724,665
117000062,278,525,-247
117000063,1565,917,648
117000064,487,548,-61
117000066,708,704,4
117000067,148,595,-447
117000074,104,164,-60
117000076,71,34,37
117000077,136,191,-55
117000078,155,606,-451
117000079,385,223,162
117000080,1,274,-273
117000081,960,76,884
117000082,18,84,-66
117000083,112,3,109
117000084,194,0,194
117000085,218,695,-477
117000086,719,400,319
117000087,69,445,-376
117000088,264,198,66
117000089,1546,252,1294
117000090,287,946,-659
117000091,868,244,624
117000092,376,938,-562
117000093,1211,692,519
117000094,1025,1924,-899
117000095,3158,781,2377
117000096,652,1747,-1095
117000097,1454,1014,440
117000098,2191,3029,-838
117000099,3290,1112,2178
117000100,246,287,-41
117000101,179,734,-555
117000102,1716,588,1128
117000103,608,1161,-553
117000104,1172,560,612
117000105,783,1107,-324
117000106,1081,662,419
117000107,469,1216,-747
117000108,1567,723,844
117000109,1148,1835,-687
117000110,1586,847,739
117000111,2754,3111,-357
117000112,2969,1302,1667
117000113,190,147,43
117000114,202,103,99
117000115,132,64,68
117000116,119,183,-64
117000117,1262,917,345
117000118,263,106,157
117000119,175,188,-13
117000120,170,470,-300
117000121,81,1085,-1004
117000122,318,723,-405
117000123,1201,55,1146
117000124,420,53,367
117000125,209,167,42
117000126,42,10,32
117000127,135,218,-83
117000128,344,695,-351
117000129,292,696,-404
117000130,169,0,169
117000131,0,129,-129
117000132,2610,22,2588
117000133,1571,25,1546
117000134,0,62,-62
117000135,3,60,-57
117000136,1,34,-33
117000137,72,115,-43
117000138,3,589,-586
117000140,388,972,-584
117000141,1470,474,996
117000181,458,221,237
117000182,464,660,-196
117000195,147,742,-595
117000196,248,140,108
117000225,105,40,65
117000226,8,97,-89
117000276,349,23,326
117000277,1,244,-243
117000310,1187,1674,-487
117000315,60,524,-464
117000320,86,0,86
117000906,338,14,324
117000907,2,226,-224
117000909,52,39,13
117000910,193,166,27
117000911,114,149,-35
117000915,6,391,-385
117000916,26,2,24
117000917,1076,51,1025
117000918,83,54,29
117000919,5,64,-59
117000920,0,864,-864
117000921,2,791,-789
117000922,29,79,-50
117000924,422,715,-293
117000926,640,118,522
117000927,992,912,80
117000928,0,117,-117
117000929,239,245,-6
117000930,286,22,264
117000931,272,155,117
117900002,55,359,-304
117900003,530,331,199
117900005,9,51,-42
117900006,0,29,-29
117900007,107,81,26
117900008,0,24,-24
117900010,239,78,161
117900011,16,120,-104
117900012,35,59,-24
117900013,1,113,-112
117900014,441,125,316
117900015,17,91,-74
117900016,747,864,-117
117900017,453,280,173
117900018,138,195,-57
117900019,361,191,170
117900020,64,398,-334
117900021,31,74,-43
117900023,852,69,783
117900024,49,61,-12
117900025,52,11,41
117900026,385,196,189
117900028,45,3,42
117900029,206,375,-169
117900030,502,184,318
117900031,85,93,-8
117900032,808,436,372
117900033,242,349,-107
117900034,51,22,29
117900035,114,84,30
117900036,166,284,-118
117900037,150,108,42
117900038,13,233,-220
117900039,4,44,-40
117900040,157,299,-142
117900041,7,33,-26
117900042,2574,251,2323
117900043,17,48,-31
117900044,60,2483,-2423
117900045,145,123,22
117900048,313,278,35
117900049,138,311,-173
117900050,17,118,-101
117900051,13,5,8
117900052,39,305,-266
117900053,1585,540,1045
117900054,1,19,-18
117900055,283,166,117
117900056,194,43,151
117900057,966,1010,-44
117900058,67,31,36
117900059,247,101,146
117900060,2254,4203,-1949
117900061,16,166,-150
117900063,340,129,211
117900065,957,996,-39
117900066,9,88,-79
117900067,466,120,346
117900069,557,216,341
117900070,124,44,80
117900071,92,129,-37
117900073,439,195,244
117900074,92,35,57
117900075,83,59,24
117900076,20,60,-40
117900077,400,133,267
117900078,341,782,-441
117900080,125,37,88
117900081,439,294,145
117900082,340,362,-22
117900083,306,293,13
117900086,141,19,122
117900087,108,51,57
117900088,2424,1449,975
117900089,1889,651,1238
117900090,337,300,37
117900091,99,142,-43
117900092,72,15,57
117900093,85,55,30
117900094,23,13,10
117900095,298,443,-145
117900096,82,166,-84
117900097,195,86,109
117900098,29,6,23
117900099,110,168,-58
117900100,244,1,243
117900101,421,1521,-1100
117900102,79,52,27
117900103,67,0,67
117900104,9,112,-103
117900105,148,157,-9
117900106,90,38,52
117900107,31,1,30
117900109,622,339,283
117900110,263,2,261
117900111,331,17,314
117900112,53,18,35
117900113,1801,1373,428
117900114,27,3,24
117900115,213,65,148
117900116,680,609,71
117900117,599,212,387
117900118,112,0,112
117900119,187,119,68
117900120,156,42,114
117900121,61,16,45
117900122,1135,2965,-1830
117900123,561,280,281
117900124,1249,622,627
117900125,1634,1954,-320
117900126,203,436,-233
117900127,367,301,66
117900128,310,419,-109
117900129,85,1,84
117900130,880,324,556
117900131,1,106,-105
117900132,20,82,-62
117900133,13,116,-103
117900134,48,136,-88
117900135,27,120,-93
117900136,0,19,-19
117900137,19,226,-207
117900138,0,26,-26
117900139,121,68,53
117900140,2456,264,2192
117900141,175,191,-16
117900142,106,71,35
117900144,58,144,-86
117900145,29,63,-34
117900146,196,149,47
117900147,59,47,12
117900148,1753,1417,336
117900149,227,153,74
117900150,39,34,5
117900151,35,85,-50
117900152,78,42,36
117900153,22,75,-53
117900154,379,459,-80
117900156,756,617,139
117900157,74,457,-383
117900158,225,122,103
117900160,627,690,-63
117900161,2053,1539,514
117900162,329,321,8
117900163,41,220,-179
117900165,0,18,-18
117900166,88,431,-343
117900168,58,130,-72
117900169,1,103,-102
117900170,0,21,-21
117900171,3,16,-13
117900172,25,33,-8
117900173,132,79,53
117900174,46,49,-3
117900175,3,19,-16
117900176,27,28,-1
117900177,23,35,-12
117900178,100,38,62
117900180,213,42,171
117900181,65,326,-261
117900182,0,32,-32
117900183,51,154,-103
117900184,13,49,-36
117900185,39,38,1
117900186,46,18,28
117900187,25,8,17
117900188,167,51,116
117900189,61,16,45
117900190,22,2,20
117900191,87,0,87
117900192,219,0,219
117900193,0,61,-61
117900194,11,7,4
117900195,6,43,-37
117900196,35,40,-5
117900207,120,127,-7
117900208,16,17,-1
117900209,210,158,52
117900210,140,164,-24
117900211,8,163,-155
117900212,84,115,-31
117900213,16,10,6
117900214,10,56,-46
117900215,36,58,-22
117900216,26,15,11
117900217,76,334,-258
117900218,121,140,-19
117900219,4,150,-146
117900220,70,112,-42
117900222,251,254,-3
117900223,110,269,-159
118000001,669,858,-189
118000002,679,1388,-709
118000003,2157,3082,-925
118000004,2063,1961,102
118000005,3670,4725,-1055
118000006,3907,7505,-3598
118000007,4378,3582,796
118000008,2985,3625,-640
118000009,1335,1855,-520
118000010,3196,3307,-111
118000011,1193,1526,-333
118000012,817,1483,-666
118000013,1833,1844,-11
118000014,1674,2178,-504
118000016,186,259,-73
118000017,358,333,25
118000018,263,259,4
118000019,1829,1515,314
118000020,1017,2674,-1657
118000021,697,2710,-2013
118000022,1483,657,826
118000023,777,295,482
118000024,1088,913,175
118000027,10649,10743,-94
118000029,845,686,159
118000032,868,3134,-2266
118000033,2110,4869,-2759
118000034,3978,2418,1560
118000035,1681,2456,-775
118000036,874,1164,-290
118000037,718,729,-11
118000038,196,90,106
118000039,45,139,-94
118000040,1552,1304,248
118000041,2157,1171,986
118000045,327,220,107
118000046,1232,625,607
118000047,759,1044,-285
118000048,2054,2167,-113
118000051,1553,1059,494
118000052,852,545,307
118000053,246,327,-81
118000054,1097,948,149
118000055,904,1187,-283
118000056,673,337,336
118000057,232,274,-42
118000058,1685,1596,89
118000059,1168,1218,-50
118000060,885,482,403
118000061,1220,996,224
118000062,562,317,245
118000063,319,706,-387
118000064,703,1034,-331
118000065,2613,1340,1273
118000066,768,1355,-587
118000067,641,748,-107
118000068,1360,4079,-2719
118000069,2680,996,1684
118000070,4149,1549,2600
118000071,2757,6063,-3306
118000072,1088,1260,-172
118000073,968,673,295
118000074,415,586,-171
118000075,603,303,300
118000076,1258,2853,-1595
118000077,1236,1199,37
118000078,1636,2085,-449
118000079,156,401,-245
118000080,752,858,-106
118000081,1703,1176,527
118000082,292,1038,-746
118000083,1533,1428,105
118000084,2561,1407,1154
118000086,221,445,-224
118000087,3671,2251,1420
118000088,1592,1349,243
118000089,3044,1881,1163
118000090,1105,2270,-1165
118000091,1076,2078,-1002
118000092,815,449,366
118000093,102,556,-454
118000096,444,540,-96
118000097,719,571,148
118000098,304,186,118
118000099,573,509,64
118000101,1089,308,781
118000102,349,768,-419
118000107,1328,411,917
118000108,668,2038,-1370
118000110,1,24,-23
118000111,1,191,-190
118000112,576,6,570
118000113,1,390,-389
118000114,412,7,405
118000115,6,11,-5
118000116,23,0,23
118000117,812,679,133
118000118,916,992,-76
118000119,745,1108,-363
118000120,1318,1049,269
118000121,108,649,-541
118000122,1153,395,758
118000123,42,325,-283
118000125,1348,703,645
118000126,622,1211,-589
118000127,1438,614,824
118000128,504,1020,-516
118000129,806,413,393
118000130,1707,2306,-599
118000131,371,679,-308
118000132,2482,1863,619
118000133,950,478,472
118000135,499,378,121
118000136,139,399,-260
118000137,555,78,477
118000138,396,396,0
118000139,399,98,301
118000140,2207,4018,-1811
118000141,2014,1546,468
118000142,1583,1294,289
118000143,1824,1058,766
118000144,916,657,259
118000145,1223,1264,-41
118000146,1071,547,524
118000147,731,1001,-270
118000148,374,960,-586
118000149,863,831,32
118000150,376,240,136
118000151,469,344,125
118000153,1252,876,376
118000154,1362,1069,293
118000155,1159,1034,125
118000156,1628,1969,-341
118000157,463,336,127
118000158,270,336,-66
118000159,22,97,-75
118000160,518,302,216
118000161,404,517,-113
118000162,1196,887,309
118000163,811,595,216
118000164,1627,917,710
118000168,644,447,197
118000169,883,937,-54
118000170,2775,3924,-1149
118000171,251,532,-281
118000172,132,198,-66
118000173,706,1076,-370
118000175,303,309,-6
118000176,231,393,-162
118000177,185,552,-367
118000178,31,42,-11
118000179,924,1086,-162
118000180,649,581,68
118000181,595,220,375
118000182,262,176,86
118000183,180,218,-38
118000184,899,530,369
118000185,867,982,-115
118000186,604,797,-193
118000187,1063,448,615
118000188,520,112,408
118000189,530,391,139
118000190,3,10,-7
118000191,35,7,28
118000192,127,190,-63
118000193,97,324,-227
118000194,1271,803,468
118000195,451,1073,-622
118000196,223,187,36
118000197,104,192,-88
118000198,344,688,-344
118000199,343,348,-5
118000200,69,217,-148
118000201,392,425,-33
118000202,45,78,-33
118000203,674,566,108
118000204,88,349,-261
118000205,166,288,-122
118000206,235,166,69
118000207,0,69,-69
118000208,1361,1417,-56
118000209,1755,1161,594
118000210,97,35,62
118000211,41,30,11
118000213,744,1353,-609
118000214,392,431,-39
118000215,314,154,160
118000216,1803,1432,371
118000217,26,73,-47
118000218,72,82,-10
118000219,345,197,148
118000220,4,44,-40
118000221,216,269,-53
118000222,77,9,68
118000223,46,45,1
118000224,129,66,63
118000225,149,574,-425
118000226,1011,179,832
118000227,608,389,219
118000228,111,200,-89
118000229,157,81,76
118000230,122,170,-48
118000231,71,218,-147
118000232,697,529,168
118000233,1000,673,327
118000234,364,156,208
118000236,224,243,-19
118000237,77,311,-234
118000238,240,122,118
118000239,243,234,9
118000240,242,137,105
118000241,146,124,22
118000242,274,330,-56
118000243,246,160,86
118000244,45,83,-38
118000246,0,24,-24
118000255,86,249,-163
118000256,169,218,-49
118000259,10,54,-44
118000260,155,79,76
118000261,36,24,12
118000263,90,140,-50
118000266,138,196,-58
118000267,0,123,-123
118000268,274,1,273
118000270,100,20,80
118000271,306,234,72
118000272,122,33,89
118000273,133,44,89
118000274,93,200,-107
118000276,447,259,188
118000295,10,95,-85
118000298,89,172,-83
118000299,59,108,-49
118000301,0,69,-69
118000302,87,69,18
118000311,471,92,379
118000312,233,112,121
118000313,36,63,-27
118000314,93,34,59
118000315,22,41,-19
118000316,508,372,136
118000325,56,27,29
118000326,24,27,-3
118000331,16,32,-16
118000332,9,14,-5
118000333,15,60,-45
118000335,322,1,321
118000336,0,158,-158
118000407,145,41,104
118000457,7,31,-24
118000465,2411,3291,-880
118000480,65,50,15
118000489,28,287,-259
118000490,43,175,-132
118000492,293,165,128
118000510,46,18,28
118000514,163,203,-40
118000515,671,628,43
118000517,312,183,129
118000524,182,224,-42
118000525,575,593,-18
118000530,12,98,-86
118000531,316,242,74
118000532,190,249,-59
118000533,309,115,194
118000534,383,333,50
118000535,240,163,77
118000536,506,1336,-830
118000537,14,145,-131
118000538,47,63,-16
118000539,7,82,-75
118000540,319,115,204
118000541,181,43,138
118000542,90,136,-46
118000543,150,189,-39
118000546,50,22,28
118000553,0,2,-2
118000557,0,0,0
118000560,1603,1927,-324
118000562,28,133,-105
118000563,1196,1065,131
118000576,239,125,114
118000577,196,187,9
118000578,176,107,69
118000579,494,1138,-644
118000583,0,0,0
118000595,212,111,101
118000596,0,62,-62
118000597,164,132,32
118000598,10,1,9
118000599,93,76,17
118000600,2,7,-5
118000601,6,0,6
118000602,2,5,-3
118000603,0,17,-17
118000605,36,87,-51
118000606,73,179,-106
118900001,466,1092,-626
118900002,607,701,-94
118900003,370,14,356
118900004,44,48,-4
118900005,81,3,78
118900006,138,2,136
118900007,7,1,6
118900008,1089,38,1051
118900009,82,43,39
118900010,55,11,44
118900011,164,28,136
118900012,357,145,212
118900013,431,130,301
118900015,172,65,107
118900016,4,11,-7
118900017,192,264,-72
118900018,852,27,825
118900019,32,30,2
118900020,172,132,40
118900021,160,260,-100
118900022,119,114,5
118900023,172,92,80
118900024,134,140,-6
118900025,36,23,13
118900026,69,69,0
118900027,370,156,214
118900028,172,119,53
118900029,318,355,-37
118900030,381,41,340
118900031,109,72,37
118900032,164,147,17
118900033,300,398,-98
118900034,163,20,143
118900035,113,118,-5
118900036,1072,486,586
118900037,317,282,35
118900038,368,130,238
118900039,516,123,393
118900040,173,152,21
118900041,484,144,340
118900042,125,80,45
118900045,321,154,167
118900046,784,396,388
118900047,362,235,127
118900048,113,244,-131
118900049,57,41,16
118900050,35,65,-30
118900051,98,117,-19
118900052,186,242,-56
118900053,29,105,-76
118900054,122,41,81
118900055,83,64,19
118900056,88,358,-270
118900057,639,428,211
118900058,425,324,101
118900059,10,90,-80
118900060,88,111,-23
118900062,406,215,191
118900064,468,519,-51
118900065,40,116,-76
118900066,62,69,-7
118900067,3150,2902,248
118900068,7,203,-196
118900069,340,231,109
118900071,8,73,-65
118900072,387,328,59
118900073,116,67,49
118900074,125,162,-37
118900075,60,50,10
118900076,193,151,42
118900077,171,129,42
118900078,34,2,32
118900079,63,149,-86
118900080,28,90,-62
118900081,73,39,34
118900082,783,154,629
118900083,31,10,21
118900084,29,31,-2
118900085,434,610,-176
118900086,31,60,-29
118900087,27,167,-140
118900088,1,4,-3
118900089,28,36,-8
118900090,401,258,143
118900091,106,189,-83
118900092,105,45,60
118900093,134,36,98
118900096,78,98,-20
118900097,231,387,-156
118900099,63,159,-96
118900100,117,202,-85
118900101,42,158,-116
118900102,17,73,-56
118900103,38,49,-11
118900104,129,57,72
118900105,126,61,65
118900107,122,125,-3
118900108,55,75,-20
118900110,1045,749,296
118900111,537,369,168
118900112,90,165,-75
118900113,122,301,-179
118900114,15,56,-41
118900115,85,301,-216
118900116,105,170,-65
118900117,85,131,-46
118900118,296,246,50
118900119,122,172,-50
118900120,86,250,-164
118900121,9,117,-108
118900122,11,693,-682
118900123,142,171,-29
118900124,69,109,-40
118900126,31,276,-245
118900129,250,176,74
118900130,65,204,-139
118900131,176,143,33
118900132,269,190,79
118900133,13,93,-80
118900135,174,181,-7
118900136,176,374,-198
118900137,3,29,-26
118900139,251,283,-32
118900140,299,389,-90
118900141,51,110,-59
118900144,124,295,-171
118900145,74,77,-3
118900146,249,449,-200
118900147,175,165,10
118900148,100,39,61
118900150,158,495,-337
118900152,451,511,-60
118900157,54,128,-74
118900158,62,38,24
118900159,0,146,-146
118900161,55,9,46
118900163,103,48,55
118900164,1,103,-102
118900165,57,122,-65
118900166,14,4,10
118900167,59,78,-19
118900168,6,110,-104
118900169,123,195,-72
118900170,128,73,55
118900171,27,28,-1
118900174,56,46,10
118900175,381,392,-11
118900176,161,233,-72
118900177,51,45,6
118900178,39,109,-70
118900179,1,15,-14
118900181,79,48,31
118900182,47,35,12
118900183,60,111,-51
118900184,217,97,120
118900185,94,83,11
118900186,92,86,6
118900187,234,244,-10
118900188,221,209,12
118900189,16,539,-523
118900190,12,229,-217
118900191,168,40,128
118900192,226,21,205
118900193,451,8,443
118900195,264,415,-151
118900196,43,94,-51
118900197,123,50,73
118900198,17,11,6
118900199,75,40,35
118900200,22,7,15
118900201,23,24,-1
118900202,10,26,-16
118900203,15,15,0
118900204,10,20,-10
118900205,0,7,-7
118900206,1,13,-12
119000001,1121,1697,-576
119000002,2787,3216,-429
119000003,2110,837,1273
119000004,2164,1082,1082
119000005,1455,1532,-77
119000006,2679,1288,1391
119000007,3192,2658,534
119000008,1865,1501,364
119000009,2901,4058,-1157
119000010,4626,3658,968
119000011,3193,2616,577
119000012,2911,2773,138
119000013,2596,1600,996
119000014,1355,2304,-949
119000019,217,112,105
119000020,1812,1262,550
119000021,3958,2123,1835
119000022,1468,2090,-622
119000023,292,248,44
119000024,1626,9996,-8370
119000025,5086,1179,3907
119000026,210,559,-349
119000027,367,407,-40
119000028,1426,763,663
119000029,105,305,-200
119000030,502,849,-347
119000031,684,555,129
119000032,1451,1947,-496
119000033,1901,1111,790
119000034,908,722,186
119000035,31,231,-200
119000036,1777,605,1172
119000037,1174,1195,-21
119000038,173,546,-373
119000039,349,243,106
119000040,717,494,223
119000041,684,1010,-326
119000048,2389,2082,307
119000049,1596,1577,19
119000050,1459,1567,-108
119000051,1620,895,725
119000052,1507,2296,-789
119000053,1882,1117,765
119000054,2876,2238,638
119000055,3892,2294,1598
119000056,2537,1557,980
119000057,1431,1412,19
119000058,1534,1311,223
119000059,1063,1244,-181
119000060,1390,870,520
119000061,855,758,97
119000062,1059,990,69
119000063,484,387,97
119000064,765,835,-70
119000065,1499,2274,-775
119000066,1625,1055,570
119000067,1804,1875,-71
119000068,1549,840,709
119000069,1448,1892,-444
119000070,2221,711,1510
119000071,540,561,-21
119000072,3807,2516,1291
119000073,3820,5932,-2112
119000074,1183,1627,-444
119000075,2082,1724,358
119000076,358,1181,-823
119000077,539,479,60
119000078,435,336,99
119000079,154,587,-433
119000080,496,208,288
119000081,309,490,-181
119000082,812,198,614
119000083,500,375,125
119000084,303,433,-130
119000085,551,174,377
119000086,255,474,-219
119000087,1344,657,687
119000088,370,240,130
119000089,89,187,-98
119000090,117,103,14
119000091,161,382,-221
119000092,377,130,247
119000093,2834,2160,674
119000094,2972,4141,-1169
119000095,1461,2548,-1087
119000097,1804,974,830
119000098,886,2466,-1580
119000099,1809,1078,731
119000100,3500,2601,899
119000101,2798,1882,916
119000102,579,1275,-696
119000103,1022,617,405
119000104,1866,976,890
119000105,897,1759,-862
119000106,309,944,-635
119000107,965,407,558
119000108,313,664,-351
119000109,72,497,-425
119000110,381,357,24
119000111,39,610,-571
119000112,201,95,106
119000113,1601,336,1265
119000114,898,828,70
119000115,108,121,-13
119000116,75,78,-3
119000117,98,337,-239
119000118,6,2,4
119000123,2529,2048,481
119000124,575,190,385
119000125,3336,536,2800
119000126,1169,504,665
119000127,570,365,205
119000128,25,5,20
119000131,907,499,408
119000132,2,4,-2
119000133,0,4,-4
119000134,1624,507,1117
119000135,128,186,-58
119000136,209,146,63
119000137,218,250,-32
119000138,413,162,251
119000139,300,156,144
119000140,177,288,-111
119000284,1079,2070,-991
119000285,1660,1604,56
119000286,5399,4254,1145
119000287,1057,1457,-400
119000288,1562,1025,537
119000289,1373,2061,-688
119000290,185,310,-125
119000291,16,218,-202
119000293,127,170,-43
119000294,46,34,12
119000295,1066,296,770
119000296,255,140,115
119000297,0,0,0
119000302,1741,1000,741
119000303,37,146,-109
119000310,0,0,0
119000314,1294,8891,-7597
119000315,2,238,-236
119000316,121,65,56
119000317,105,241,-136
119900001,220,1118,-898
119900002,96,172,-76
119900003,47,740,-693
119900004,245,1137,-892
119900005,184,59,125
119900006,169,321,-152
119900007,1018,260,758
119900008,41,32,9
119900009,528,498,30
119900010,593,1034,-441
119900011,39,98,-59
119900012,25,109,-84
119900013,1838,1040,798
119900014,411,196,215
119900015,114,37,77
119900016,40,62,-22
119900017,45,32,13
119900018,1257,771,486
119900019,35,11,24
119900020,162,174,-12
119900021,157,162,-5
119900022,107,682,-575
119900023,423,1555,-1132
119900025,191,19,172
119900026,622,139,483
119900027,45,21,24
119900028,243,145,98
119900029,1,17,-16
119900030,441,357,84
119900031,57,406,-349
119900033,1350,264,1086
119900034,418,77,341
119900037,214,45,169
119900038,35,300,-265
119900039,46,7,39
119900040,236,19,217
119900041,90,30,60
119900042,110,194,-84
119900043,99,127,-28
119900044,138,742,-604
119900046,156,35,121
119900047,321,84,237
119900048,150,28,122
119900049,126,7,119
119900050,56,108,-52
119900051,916,16,900
119900052,68,36,32
119900053,203,116,87
119900054,159,8,151
119900055,1239,448,791
119900057,312,67,245
119900058,239,8,231
119900059,107,42,65
119900060,238,32,206
119900061,222,10,212
119900062,59,20,39
119900063,11,46,-35
119900065,193,7,186
119900067,109,18,91
119900068,450,3,447
119900069,134,7,127
119900070,855,8,847
119900071,518,14,504
119900073,1318,525,793
119900074,23,31,-8
119900075,2875,2066,809
119900076,584,230,354
119900077,720,751,-31
119900078,644,789,-145
119900079,444,183,261
119900080,266,231,35
119900081,535,127,408
119900082,1381,244,1137
119900083,346,113,233
119900084,493,228,265
119900085,45,44,1
119900086,423,739,-316
119900087,427,388,39
119900088,26,27,-1
119900089,25,361,-336
119900090,92,50,42
119900091,44,637,-593
119900092,171,298,-127
119900093,1057,205,852
119900094,75,157,-82
119900095,192,105,87
119900096,48,94,-46
119900097,413,202,211
119900098,41,52,-11
119900099,44,181,-137
119900100,1435,2567,-1132
119900101,129,1348,-1219
119900102,45,218,-173
119900103,41,245,-204
119900104,53,138,-85
119900105,542,2103,-1561
119900106,10,124,-114
119900107,256,1689,-1433
119900108,2808,547,2261
119900109,10,106,-96
119900110,745,452,293
119900111,117,232,-115
119900112,981,513,468
119900113,86,248,-162
119900114,256,839,-583
119900115,323,792,-469
119900116,96,424,-328
119900117,326,493,-167
119900118,123,704,-581
119900119,240,163,77
119900120,579,452,127
119900121,355,656,-301
119900122,504,321,183
119900123,195,271,-76
119900124,264,619,-355
119900125,71,207,-136
119900126,2936,299,2637
119900127,1698,801,897
119900128,412,496,-84
119900129,273,334,-61
119900130,33,196,-163
119900131,42,192,-150
119900132,6,248,-242
119900133,29,77,-48
119900134,1165,143,1022
119900135,1,293,-292
119900136,196,295,-99
119900138,266,404,-138
119900139,19,82,-63
119900140,2,107,-105
119900141,87,686,-599
119900142,2,29,-27
119900143,16,182,-166
119900144,1259,238,1021
119900145,120,120,0
119900146,88,159,-71
119900147,1,123,-122
119900148,248,72,176
119900149,629,3304,-2675
119900150,162,149,13
119900151,1256,671,585
119900152,127,177,-50
119900153,170,70,100
119900154,19,405,-386
119900155,53,43,10
119900156,20,3,17
119900157,134,157,-23
119900158,154,77,77
119900159,3,1001,-998
119900160,34,87,-53
119900161,149,193,-44
119900162,809,823,-14
119900163,95,171,-76
119900164,0,7,-7
119900165,219,124,95
119900166,103,30,73
119900167,47,52,-5
119900168,852,503,349
119900169,72,296,-224
119900170,242,259,-17
119900171,1674,275,1399
119900172,165,19,146
119900173,9,284,-275
119900174,48,131,-83
119900175,1167,617,550
119900177,24,165,-141
119900178,71,150,-79
119900179,97,526,-429
119900180,846,734,112
119900181,65,81,-16
119900182,2,238,-236
119900183,155,567,-412
119900184,1556,385,1171
119900185,62,156,-94
119900186,43,884,-841
119900187,19,287,-268
119900188,97,235,-138
119900189,612,410,202
119900190,68,266,-198
119900191,204,227,-23
119900192,31,145,-114
119900193,361,129,232
119900194,44,103,-59
119900195,133,241,-108
119900196,843,327,516
119900197,213,143,70
119900198,130,179,-49
119900199,139,12,127
119900200,906,565,341
119900201,232,145,87
119900202,85,243,-158
119900203,176,508,-332
119900204,247,232,15
119900205,690,388,302
119900206,175,131,44
119900208,160,239,-79
119900209,562,1201,-639
119900210,40,58,-18
119900211,86,16,70
119900212,263,235,28
119900213,14,50,-36
119900214,37,76,-39
119900215,38,92,-54
119900216,27,62,-35
119900217,9,50,-41
119900218,28,72,-44
119900219,9,92,-83
119900220,9,78,-69
119900221,43,173,-130
119900222,14,144,-130
119900223,14,65,-51
119900224,13,22,-9
119900225,762,54,708
119900226,444,1676,-1232
119900227,911,245,666
119900228,39,196,-157
119900229,322,365,-43
119900230,1133,415,718
119900231,253,131,122
119900232,256,121,135
119900233,48,1,47
119900234,18,70,-52
119900235,11,60,-49
119900236,20,124,-104
119900237,32,451,-419
119900238,4,65,-61
119900240,140,119,21
119900241,189,236,-47
119900242,1175,1139,36
119900244,557,895,-338
119900245,135,176,-41
119900246,349,552,-203
119900247,27,120,-93
119900248,55,205,-150
119900249,242,100,142
119900253,1877,318,1559
119900254,83,732,-649
119900255,77,561,-484
119900256,472,516,-44
119900257,37,0,37
119900258,174,5,169
119900259,64,134,-70
119900260,101,4,97
119900261,207,89,118
119900262,1,147,-146
119900263,1128,329,799
119900264,83,114,-31
119900265,552,244,308
119900266,315,211,104
119900267,238,359,-121
119900268,205,156,49
119900269,1038,748,290
119900271,26,88,-62
119900272,207,234,-27
119900275,126,39,87
119900276,56,3,53
119900277,16,19,-3
119900278,139,104,35
119900279,86,235,-149
119900280,592,135,457
119900281,1,214,-213
119900282,39,129,-90
119900283,19,178,-159
119900284,46,99,-53
119900285,25,104,-79
119900286,2,10,-8
119900288,2,14,-12
119900289,3,30,-27
119900290,2,17,-15
119900291,0,59,-59
119900292,44,56,-12
119900293,18,81,-63
119900294,25,75,-50
119900295,33,33,0
119900296,49,150,-101
119900297,0,20,-20
119900298,1,5,-4
119900299,63,131,-68
119900300,251,144,107
119900301,40,26,14
119900302,42,35,7
119900303,290,157,133
119900304,316,33,283
119900305,4,73,-69
119900306,18,1,17
119900307,41,64,-23
119900308,9,29,-20
119900309,32,142,-110
119900310,243,232,11
119900311,85,102,-17
119900312,89,59,30
119900313,277,200,77
119900314,176,397,-221
119900315,1608,1450,158
119900318,9,31,-22
119900319,0,202,-202
119900320,167,256,-89
119900321,76,5,71
120000001,5163,13432,-8269
120000002,2476,2118,358
120000003,2745,1438,1307
120000004,2286,1696,590
120000005,3123,1706,1417
120000006,1136,1186,-50
120000007,3044,2686,358
120000008,987,1151,-164
120000009,1834,888,946
120000010,1597,1812,-215
120000011,919,1236,-317
120000012,1314,2014,-700
120000013,2737,2345,392
120000014,674,1141,-467
120000015,1916,1218,698
120000016,3288,1935,1353
120000017,2745,1946,799
120000018,3132,9329,-6197
120000019,1064,1349,-285
120000020,2734,2887,-153
120000021,1867,1985,-118
120000022,2515,3597,-1082
120000023,1075,1487,-412
120000024,1398,2201,-803
120000025,2652,1855,797
120000026,2075,1594,481
120000027,2131,2059,72
120000028,632,1179,-547
120000029,2077,1036,1041
120000030,338,928,-590
120000031,1813,5465,-3652
120000032,6393,3354,3039
120000033,3678,1547,2131
120000034,1939,1407,532
120000035,1946,1472,474
120000036,2514,4007,-1493
120000037,644,1472,-828
120000038,4528,3057,1471
120000039,769,766,3
120000040,94,509,-415
120000041,1333,1294,39
120000042,1835,1901,-66
120000043,4412,1350,3062
120000044,4804,1407,3397
120000045,5418,962,4456
120000046,3121,2225,896
120000047,828,4479,-3651
120000048,5825,3907,1918
120000049,3308,2707,601
120000050,3031,3046,-15
120000051,2383,3569,-1186
120000052,6341,1962,4379
120000053,1343,1853,-510
120000054,1251,2817,-1566
120000055,1474,3432,-1958
120000056,4239,3045,1194
120000057,3211,999,2212
120000058,3165,1125,2040
120000059,8,1444,-1436
120000061,142,525,-383
120000062,208,316,-108
120000063,1263,2175,-912
120000064,227,845,-618
120000065,469,1016,-547
120000066,307,387,-80
120000067,35,399,-364
120000068,172,559,-387
120000069,555,714,-159
120000070,92,528,-436
120000071,566,162,404
120000072,679,317,362
120000073,856,77,779
120000074,174,94,80
120000075,880,316,564
120000076,1811,320,1491
120000077,1715,603,1112
120000078,3353,1220,2133
120000079,522,329,193
120000080,272,294,-22
120000081,348,165,183
120000082,328,274,54
120000083,148,721,-573
120000084,320,369,-49
120000085,328,404,-76
120000086,303,432,-129
120000087,277,491,-214
120000088,797,834,-37
120000089,1115,554,561
120000090,710,472,238
120000091,855,1000,-145
120000092,1120,616,504
120000093,514,443,71
120000094,203,628,-425
120000095,950,368,582
120000096,242,622,-380
120000098,791,734,57
120000099,466,644,-178
120000100,731,760,-29
120000101,541,374,167
120000102,506,922,-416
120000103,1499,812,687
120000104,1767,425,1342
120000105,2661,645,2016
120000106,2185,621,1564
120000107,3723,555,3168
120000108,1205,110,1095
120000109,1042,61,981
120000110,69,652,-583
120000111,211,864,-653
120000112,645,1777,-1132
120000113,529,1427,-898
120000114,913,1763,-850
120000115,289,1452,-1163
120000116,639,1359,-720
120000117,656,960,-304
120000118,59,21,38
120000119,23,59,-36
120000120,77,66,11
120000121,40,40,0
120000122,227,307,-80
120000123,2930,5051,-2121
120000124,431,337,94
120000125,520,496,24
120000126,330,958,-628
120000127,2028,905,1123
120000128,2487,3682,-1195
120000129,274,226,48
120000130,833,453,380
120000131,265,626,-361
120000134,276,727,-451
120000135,596,492,104
120000137,269,880,-611
120000138,981,401,580
120000139,270,469,-199
120000140,835,396,439
120000141,739,439,300
120000142,803,486,317
120000143,0,115,-115
120000144,97,1,96
120000145,376,4,372
120000146,990,725,265
120000149,667,912,-245
120000150,2489,10543,-8054
120000151,360,360,0
120000152,458,156,302
120000153,200,417,-217
120000154,497,364,133
120000155,106,243,-137
120000156,675,1128,-453
120000157,791,644,147
120000158,734,730,4
120000159,1725,2052,-327
120000160,2160,1391,769
120000161,2031,1880,151
120000162,66,227,-161
120000163,691,1029,-338
120000164,521,306,215
120000165,602,672,-70
120000166,1460,501,959
120000167,123,154,-31
120000168,7,500,-493
120000169,40,1495,-1455
120000170,47,1307,-1260
120000171,24,461,-437
120000172,31,301,-270
120000173,1964,1823,141
120000174,376,31,345
120000175,177,34,143
120000176,191,48,143
120000177,1028,147,881
120000178,101,24,77
120000179,166,72,94
120000180,1208,108,1100
120000181,136,1599,-1463
120000182,68,819,-751
120000183,16,564,-548
120000184,156,1190,-1034
120000186,69,666,-597
120000187,48,330,-282
120000188,85,658,-573
120000190,674,70,604
120000191,539,91,448
120000192,562,29,533
120000193,165,7,158
120000195,65,1,64
120000196,194,39,155
120000197,90,100,-10
120000198,131,45,86
120000199,174,2,172
120000200,101,1,100
120000201,16,29,-13
120000202,1,52,-51
120000203,40,159,-119
120000207,2,49,-47
120000208,17,163,-146
120000209,2,44,-42
120000210,58,43,15
120000211,156,5,151
120000212,224,1,223
120000213,181,233,-52
120000214,0,176,-176
120000215,3,113,-110
120000216,90,30,60
120000217,574,1102,-528
120000218,167,556,-389
120000219,4,341,-337
120000220,4,1112,-1108
120000225,1469,3,1466
120000226,423,2,421
120000227,866,59,807
120000228,9371,3023,6348
120000230,378,14,364
120000231,1248,1496,-248
120000233,294,2,292
120000235,206,463,-257
120000236,948,2,946
120000237,1,990,-989
120000238,1,1104,-1103
120000241,1170,2860,-1690
120000412,547,6,541
120000413,290,190,100
120000414,137,4,133
120000415,0,72,-72
120000416,144,10,134
120000417,15,74,-59
120000418,163,11,152
120000419,11,183,-172
120000420,60,19,41
120000421,7320,4562,2758
120000422,128,1460,-1332
120000423,3,58,-55
120000424,118,108,10
120000436,123,601,-478
120000437,133,114,19
120000438,1657,197,1460
120000439,160,460,-300
120000443,187,0,187
120000444,1397,350,1047
120000445,1508,874,634
120000446,638,177,461
120000447,257,0,257
120000449,177,8,169
120000450,25,122,-97
120000451,107,144,-37
120000452,265,1,264
120000453,0,368,-368
120000454,103,59,44
120000455,66,26,40
120000456,1973,3308,-1335
120000457,828,435,393
120000458,364,492,-128
120000459,71,48,23
120000665,1020,317,703
120000668,141,1111,-970
120000669,77,190,-113
120000670,222,754,-532
120000671,1214,447,767
120000672,78,495,-417
120900001,53,91,-38
120900002,292,462,-170
120900003,141,29,112
120900004,24,84,-60
120900005,20,878,-858
120900006,427,247,180
120900007,206,75,131
120900008,354,961,-607
120900009,535,55,480
120900010,468,89,379
120900011,342,220,122
120900012,198,984,-786
120900013,261,100,161
120900014,12,355,-343
120900015,928,103,825
120900016,815,72,743
120900017,1840,69,1771
120900018,184,357,-173
120900019,564,332,232
120900020,700,1018,-318
120900021,644,223,421
120900022,45,321,-276
120900023,386,32,354
120900024,1518,403,1115
120900025,1415,919,496
120900026,139,153,-14
120900027,756,21,735
120900028,393,118,275
120900029,124,531,-407
120900030,1295,701,594
120900031,198,114,84
120900032,1107,80,1027
120900033,988,93,895
120900034,38,2432,-2394
120900035,37,52,-15
120900037,218,17,201
120900038,69,321,-252
120900039,82,56,26
120900040,274,3,271
120900041,113,17,96
120900042,515,41,474
120900043,75,63,12
120900044,15,322,-307
120900045,127,90,37
120900046,386,12,374
120900047,157,119,38
120900048,154,31,123
120900049,453,1,452
120900050,1601,1294,307
120900051,314,89,225
120900052,471,7,464
120900053,299,113,186
120900054,1383,502,881
120900055,444,3,441
120900056,475,28,447
120900057,153,13,140
120900058,542,2,540
120900059,81,5,76
120900060,48,28,20
120900061,279,198,81
120900062,272,4,268
120900063,658,9,649
120900064,548,2,546
120900065,563,2,561
120900066,341,173,168
120900067,192,48,144
120900068,331,3,328
120900069,202,36,166
120900071,33,2,31
120900072,784,8,776
120900073,517,152,365
120900074,539,6,533
120900076,335,1,334
120900077,2119,293,1826
120900078,781,619,162
120900079,809,203,606
120900080,812,1313,-501
120900081,1068,437,631
120900082,436,421,15
120900083,94,3,91
120900084,260,363,-103
120900085,85,133,-48
120900086,78,344,-266
120900087,356,354,2
120900088,180,337,-157
120900089,2021,2552,-531
120900090,301,86,215
120900091,585,855,-270
120900092,991,391,600
120900093,1567,135,1432
120900094,414,148,266
120900095,359,19,340
120900096,44,162,-118
120900097,693,543,150
120900098,240,147,93
120900099,59,38,21
120900100,69,207,-138
120900101,582,198,384
120900102,43,91,-48
120900103,62,203,-141
120900104,24,49,-25
120900105,32,396,-364
120900106,1127,422,705
120900107,214,132,82
120900108,9,441,-432
120900109,61,433,-372
120900110,9,606,-597
120900111,171,330,-159
120900112,12,689,-677
120900113,17,610,-593
120900114,35,123,-88
120900115,149,270,-121
120900116,419,288,131
120900117,1,349,-348
120900118,11,529,-518
120900119,4917,3561,1356
120900120,82,389,-307
120900121,193,359,-166
120900122,566,312,254
120900123,7,269,-262
120900124,1,465,-464
120900125,1,396,-395
120900126,1354,697,657
120900127,12,364,-352
120900128,1075,1131,-56
120900129,42,184,-142
120900130,1,262,-261
120900131,111,55,56
120900132,916,171,745
120900133,127,572,-445
120900134,715,330,385
120900135,10,402,-392
120900136,50,81,-31
120900137,201,76,125
120900138,26,203,-177
120900139,7,536,-529
120900140,8,86,-78
120900141,91,215,-124
120900142,16,287,-271
120900143,3,552,-549
120900144,0,95,-95
120900145,346,730,-384
120900146,2,649,-647
120900147,19,310,-291
120900148,110,148,-38
120900149,0,198,-198
120900150,41,354,-313
120900151,0,418,-418
120900152,7,39,-32
120900153,83,106,-23
120900154,1,171,-170
120900155,196,702,-506
120900156,35,269,-234
120900157,114,283,-169
120900158,79,475,-396
120900159,318,464,-146
120900160,21,548,-527
120900161,157,448,-291
120900162,154,588,-434
120900163,129,893,-764
120900164,4,36,-32
120900165,8,91,-83
120900166,47,554,-507
120900167,314,98,216
120900169,77,273,-196
120900170,674,2467,-1793
120900171,828,183,645
120900172,501,1389,-888
120900173,0,49,-49
120900174,8,96,-88
120900175,264,120,144
120900176,9,281,-272
120900177,0,1031,-1031
120900178,0,401,-401
120900179,719,336,383
120900180,59,134,-75
120900181,108,35,73
120900182,10,315,-305
120900183,682,83,599
120900184,392,45,347
120900185,11,288,-277
120900186,0,289,-289
120900187,463,1063,-600
120900188,218,8,210
120900189,76,1338,-1262
120900190,78,7,71
120900191,13,24,-11
120900192,6472,6843,-371
120900194,55,71,-16
120900195,76,181,-105
120900196,793,36,757
120900197,598,128,470
120900198,173,389,-216
120900199,310,399,-89
120900200,69,104,-35
120900201,333,115,218
120900202,0,125,-125
120900203,51,68,-17
120900204,139,198,-59
120900205,55,39,16
120900206,42,58,-16
120900207,53,794,-741
121000001,627,982,-355
121000002,2077,1191,886
121000003,2300,1819,481
121000004,2344,2684,-340
121000005,1727,2596,-869
121000006,2988,1784,1204
121000007,2189,2861,-672
121000008,4404,3322,1082
121000009,4573,5392,-819
121000010,7569,5270,2299
121000011,7647,10190,-2543
121000012,12998,8965,4033
121000013,4504,6079,-1575
121000014,5492,4817,675
121000015,3462,6675,-3213
121000016,3900,3225,675
121000017,1817,3196,-1379
121000018,2695,1555,1140
121000019,12204,10812,1392
121000020,11987,14611,-2624
121000021,2548,2444,104
121000022,2289,2827,-538
121000023,2957,2177,780
121000024,4343,4451,-108
121000025,635,1262,-627
121000026,365,187,178
121000027,1507,1199,308
121000028,929,499,430
121000029,756,557,199
121000030,602,366,236
121000031,677,642,35
121000032,214,140,74
121000034,293,220,73
121000035,109,120,-11
121000036,871,780,91
121000037,577,717,-140
121000038,497,797,-300
121000039,299,362,-63
121000041,496,522,-26
121000042,367,314,53
121000043,702,558,144
121000044,1294,920,374
121000045,377,285,92
121000046,595,742,-147
121000047,12,67,-55
121000049,1299,499,800
121000050,325,1156,-831
121000051,576,276,300
121000052,432,595,-163
121000053,355,106,249
121000054,42,380,-338
121000055,1041,1195,-154
121000056,738,937,-199
121000057,238,515,-277
121000058,344,268,76
121000059,2177,1318,859
121000060,664,980,-316
121000061,81,337,-256
121000062,156,413,-257
121000063,888,758,130
121000064,749,860,-111
121000065,311,449,-138
121000066,779,613,166
121000067,681,512,169
121000068,680,403,277
121000069,386,728,-342
121000070,1843,1210,633
121000071,1668,1388,280
121000072,1400,767,633
121000073,1072,850,222
121000074,319,186,133
121000075,33,190,-157
121000076,639,304,335
121000077,112,180,-68
121000078,105,125,-20
121000080,1751,551,1200
121000081,2896,2762,134
121000082,95,259,-164
121000083,225,107,118
121000084,185,153,32
121000085,272,360,-88
121000086,257,671,-414
121000087,76,370,-294
121000088,480,559,-79
121000089,357,438,-81
121000090,381,379,2
121000091,1373,929,444
121000092,220,101,119
121000093,198,222,-24
121000094,517,762,-245
121000095,342,826,-484
121000096,2431,2102,329
121000097,880,2046,-1166
121000098,657,858,-201
121000099,773,728,45
121000100,927,406,521
121000101,446,289,157
121000102,234,279,-45
121000103,248,222,26
121000104,226,109,117
121000105,410,183,227
121000106,378,325,53
121000107,1796,2651,-855
121000109,994,1032,-38
121000110,228,735,-507
121000114,2840,1903,937
121000115,1009,587,422
121000116,289,772,-483
121000117,665,229,436
121000118,1334,228,1106
121000119,315,365,-50
121000120,321,522,-201
121000121,524,1285,-761
121000123,1285,741,544
121000127,119,88,31
121000128,833,385,448
121000129,816,528,288
121000130,601,754,-153
121000131,2009,1784,225
121000132,1390,1742,-352
121000135,295,368,-73
121000136,834,981,-147
121000137,405,280,125
121000138,610,1341,-731
121000139,242,552,-310
121000141,168,143,25
121000142,623,941,-318
121000143,144,43,101
121000144,823,1584,-761
121000145,559,893,-334
121000146,1347,1129,218
121000147,874,568,306
121000148,812,899,-87
121000149,2009,1263,746
121000152,449,427,22
121000153,1841,543,1298
121000154,1163,564,599
121000155,1269,1022,247
121000156,430,938,-508
121000157,868,1412,-544
121000158,378,435,-57
121000159,191,331,-140
121000160,324,359,-35
121000161,207,336,-129
121000162,113,138,-25
121000165,1456,2041,-585
121000166,22,413,-391
121000168,432,230,202
121000169,74,160,-86
121000170,327,74,253
121000171,102,185,-83
121000172,673,531,142
121000173,1126,1056,70
121000174,395,431,-36
121000175,1009,314,695
121000176,344,281,63
121000177,632,577,55
121000178,90,58,32
121000179,64,54,10
121000181,315,371,-56
121000182,128,249,-121
121000183,89,117,-28
121000184,63,116,-53
121000185,42,195,-153
121000186,170,449,-279
121000187,188,121,67
121000188,196,103,93
121000192,841,464,377
121000193,591,476,115
121000194,1946,1909,37
121000195,212,813,-601
121000196,507,225,282
121000197,148,851,-703
121000198,171,117,54
121000199,137,349,-212
121000200,525,136,389
121000201,11,136,-125
121000202,667,158,509
121000203,656,1373,-717
121000204,2681,506,2175
121000205,92,199,-107
121000206,124,40,84
121000207,1697,345,1352
121000208,0,235,-235
121000209,405,200,205
121000210,633,302,331
121000211,294,103,191
121000212,496,415,81
121000213,8154,2492,5662
121000214,755,1611,-856
121000215,979,992,-13
121000216,541,559,-18
121000217,3656,2114,1542
121000218,377,1391,-1014
121000219,1358,411,947
121000220,171,60,111
121000221,142,209,-67
121000222,2075,2142,-67
121000223,363,451,-88
121000224,376,233,143
121000225,948,1762,-814
121000226,1719,1031,688
121000227,12,145,-133
121000228,24,502,-478
121000229,261,249,12
121000230,58,1277,-1219
121000231,815,22,793
121000232,371,221,150
121000233,506,317,189
121000234,22,30,-8
121000235,82,82,0
121000236,7,36,-29
121000237,36,24,12
121000238,11,49,-38
121000239,64,11,53
121000240,7,145,-138
121000241,66,12,54
121000242,96,391,-295
121000243,620,199,421
121000244,21,101,-80
121000245,95,34,61
121000246,3,91,-88
121000247,122,12,110
121000248,1206,621,585
121000249,63,172,-109
121000250,534,213,321
121000251,23,298,-275
121000252,90,58,32
121000253,324,299,25
121000254,687,199,488
121000255,76,136,-60
121000256,233,168,65
121000257,37,81,-44
121000258,111,55,56
121000259,53,49,4
121000260,68,83,-15
121000261,75,58,17
121000262,978,516,462
121000263,517,397,120
121000271,348,1143,-795
121000273,40,20,20
121000274,5,78,-73
121000275,5,8,-3
121000276,4,18,-14
121000278,38,40,-2
121000279,19,19,0
121000280,29,31,-2
121000289,240,21,219
121000290,1033,871,162
121000294,159,91,68
121000297,692,989,-297
121000299,128,577,-449
121000300,795,487,308
121000302,51,762,-711
121000303,374,302,72
121000304,456,43,413
121000305,176,42,134
121000306,91,111,-20
121000308,152,271,-119
121000309,242,454,-212
121000310,89,292,-203
121000311,88,734,-646
121000312,335,183,152
121000313,284,408,-124
121000314,103,134,-31
121000315,41,118,-77
121000530,1484,1248,236
121000531,1478,1330,148
121000532,5393,6640,-1247
121000533,3030,3187,-157
121000918,50,125,-75
121000919,56,73,-17
121000938,131,155,-24
121000939,137,184,-47
121000956,1205,1037,168
121000957,11,7,4
121000958,24,62,-38
121000959,732,565,167
121000960,1133,1422,-289
121000961,242,141,101
121000962,315,460,-145
121000973,2,145,-143
121000976,7,174,-167
121000979,485,167,318
121000981,400,249,151
121000982,405,230,175
121000983,406,292,114
121000984,20,63,-43
121000985,659,357,302
121000986,320,171,149
121000987,208,605,-397
121000988,735,136,599
121001302,260,121,139
121001308,3,12,-9
121001309,41,128,-87
121001313,141,170,-29
121001314,1573,2067,-494
121001315,4341,2512,1829
121001326,584,403,181
121900001,126,181,-55
121900002,42,25,17
121900003,357,38,319
121900004,103,330,-227
121900005,34,17,17
121900006,106,28,78
121900007,1585,1643,-58
121900008,460,298,162
121900009,533,18,515
121900010,251,5,246
121900011,184,269,-85
121900012,6,0,6
121900013,914,86,828
121900014,1103,346,757
121900015,197,155,42
121900016,3,34,-31
121900017,601,452,149
121900018,328,10,318
121900019,468,235,233
121900020,17,1,16
121900021,835,23,812
121900022,248,185,63
121900023,126,301,-175
121900024,302,112,190
121900025,588,367,221
121900026,369,39,330
121900027,256,106,150
121900028,191,17,174
121900029,100,161,-61
121900030,462,482,-20
121900031,821,5047,-4226
121900032,91,55,36
121900033,183,278,-95
121900034,204,76,128
121900035,2403,1923,480
121900036,72,254,-182
121900037,174,1222,-1048
121900038,53,100,-47
121900039,346,40,306
121900040,83,120,-37
121900041,90,192,-102
121900042,366,132,234
121900043,4,0,4
121900044,130,42,88
121900046,145,307,-162
121900047,268,49,219
121900048,68,78,-10
121900050,34,45,-11
121900051,146,173,-27
121900052,155,34,121
121900053,435,301,134
121900054,483,870,-387
121900055,1,20,-19
121900058,206,115,91
121900059,344,144,200
121900060,146,293,-147
121900061,147,144,3
121900062,135,88,47
121900063,1387,600,787
121900064,242,511,-269
121900066,55,35,20
121900067,45,48,-3
121900069,186,154,32
121900070,131,121,10
121900071,385,211,174
121900072,74,116,-42
121900073,301,246,55
121900074,724,853,-129
121900075,369,435,-66
121900076,344,594,-250
121900077,3,11,-8
121900078,69,49,20
121900079,1,0,1
121900080,694,307,387
121900082,59,110,-51
121900084,25,125,-100
121900085,1,6,-5
121900086,22,66,-44
121900087,160,83,77
121900088,1672,2559,-887
121900089,177,257,-80
121900090,28,58,-30
121900091,61,67,-6
121900092,66,126,-60
121900093,78,53,25
121900094,30,2,28
121900095,275,139,136
121900096,990,817,173
121900097,595,152,443
121900098,1,5,-4
121900099,263,76,187
121900100,191,478,-287
121900101,126,143,-17
121900102,5,152,-147
121900103,387,289,98
121900104,1341,285,1056
121900105,276,148,128
121900106,7,6,1
121900107,46,30,16
121900108,1,9,-8
121900109,282,156,126
121900110,491,691,-200
121900111,432,152,280
121900112,172,146,26
121900113,74,380,-306
121900114,66,26,40
121900117,100,51,49
121900118,1617,473,1144
121900119,280,101,179
121900120,41,1056,-1015
121900121,335,34,301
121900122,33,60,-27
121900123,252,318,-66
121900124,95,126,-31
121900125,1314,849,465
121900127,16,72,-56
121900128,111,85,26
121900129,528,161,367
121900130,95,177,-82
121900131,295,93,202
121900132,55,95,-40
121900133,71,937,-866
121900134,58,175,-117
121900135,3206,463,2743
121900136,424,270,154
121900137,55,265,-210
121900138,54,166,-112
121900139,367,596,-229
121900140,84,192,-108
121900141,66,52,14
121900142,172,98,74
121900143,10,111,-101
121900144,104,277,-173
121900145,208,245,-37
121900146,544,647,-103
121900147,53,217,-164
121900148,156,269,-113
121900149,292,525,-233
121900150,58,212,-154
121900151,79,263,-184
121900152,72,111,-39
121900153,67,616,-549
121900154,24,255,-231
121900155,0,154,-154
121900156,165,113,52
121900157,3,362,-359
121900158,66,110,-44
121900159,2,209,-207
121900160,47,275,-228
121900161,255,342,-87
121900162,147,192,-45
121900163,249,410,-161
121900164,333,210,123
121900165,216,128,88
121900166,160,139,21
121900167,113,97,16
121900168,131,208,-77
121900169,3,159,-156
121900170,5,151,-146
121900171,703,456,247
121900172,494,186,308
121900173,697,247,450
121900174,52,58,-6
121900175,103,198,-95
121900176,474,1147,-673
121900177,171,74,97
121900178,37,44,-7
121900179,547,162,385
121900180,2450,3565,-1115
121900182,633,319,314
121900183,452,1302,-850
121900184,82,730,-648
121900186,7,243,-236
121900187,29,177,-148
121900188,444,279,165
121900189,41,100,-59
121900190,189,336,-147
121900191,122,296,-174
121900192,289,838,-549
121900193,48,149,-101
121900194,5,130,-125
121900195,67,99,-32
121900196,690,770,-80
121900197,251,1075,-824
121900198,1079,969,110
121900199,3,16,-13
121900200,82,215,-133
121900201,755,726,29
121900202,111,565,-454
121900203,173,903,-730
121900204,681,994,-313
121900205,16,82,-66
121900206,12,29,-17
121900207,141,33,108
121900208,111,269,-158
121900209,50,43,7
121900210,1258,926,332
121900211,490,494,-4
121900212,153,112,41
121900213,221,62,159
121900214,18,351,-333
121900215,41,60,-19
121900216,61,198,-137
121900217,333,149,184
121900218,184,395,-211
121900220,119,15,104
121900221,245,468,-223
121900222,160,137,23
121900223,207,42,165
121900224,83,42,41
121900225,123,87,36
121900226,264,254,10
121900227,266,591,-325
121900228,182,193,-11
121900230,68,227,-159
121900231,222,1047,-825
121900232,174,355,-181
121900233,250,217,33
121900234,301,231,70
121900235,455,141,314
121900236,370,150,220
121900237,211,246,-35
121900238,186,237,-51
121900239,210,34,176
121900240,248,132,116
121900241,29,44,-15
121900242,8,0,8
121900243,13,1,12
121900244,19,6,13
121900245,195,68,127
121900246,2477,296,2181
121900248,1093,1343,-250
121900250,192,276,-84
121900251,523,50,473
121900252,488,101,387
121900253,123,928,-805
121900254,429,285,144
121900255,350,98,252
121900258,3102,1756,1346
121900259,328,474,-146
121900260,107,134,-27
121900261,225,530,-305
121900262,387,773,-386
121900263,256,236,20
121900264,1295,991,304
121900265,297,225,72
121900266,489,146,343
121900267,63,31,32
121900269,184,583,-399
121900270,37,194,-157
121900271,30,113,-83
121900273,473,1387,-914
121900274,300,192,108
121900277,507,1438,-931
121900278,82,723,-641
121900279,136,154,-18
121900280,65,265,-200
121900281,253,266,-13
121900284,66,2,64
121900286,144,87,57
121900287,13,15,-2
121900288,7,2,5
121900290,234,360,-126
121900291,337,564,-227
121900292,183,100,83
121900293,846,2295,-1449
121900294,263,2,261
121900295,136,175,-39
121900296,32,119,-87
121900298,230,719,-489
121900299,0,10,-10
121900300,86,8,78
121900301,69,4,65
121900302,3,35,-32
121900303,217,447,-230
121900304,18,27,-9
121900305,3,9,-6
121900306,272,5,267
121900307,88,8,80
121900308,29,221,-192
121900309,6,169,-163
121900310,22,342,-320
121900311,489,28,461
121900312,400,19,381
121900313,327,18,309
121900314,3,30,-27
121900315,15,3,12
121900316,1,21,-20
121900317,21,3,18
121900318,3,20,-17
121900319,54,106,-52
121900320,48,43,5
121900321,35,4,31
121900322,1,13,-12
121900323,13,18,-5
121900324,2,45,-43
121900325,22,4,18
121900326,3,10,-7
121900327,5,38,-33
121900328,1,27,-26
121900329,5,136,-131
121900330,1,33,-32
121900331,19,19,0
121900332,92,36,56
121900333,31,1,30
121900334,83,76,7
122000001,1852,4660,-2808
122000002,3525,1389,2136
122000003,1581,2811,-1230
122000004,2498,1393,1105
122000005,2401,1881,520
122000006,1387,1054,333
122000007,980,1633,-653
122000008,2521,4049,-1528
122000009,423,455,-32
122000010,2098,2820,-722
122000011,2888,1577,1311
122000012,911,1744,-833
122000013,1043,961,82
122000014,1592,1044,548
122000015,1322,933,389
122000016,561,824,-263
122000017,1197,1048,149
122000018,1408,1432,-24
122000019,801,1056,-255
122000020,205,228,-23
122000021,255,435,-180
122000022,1144,876,268
122000023,686,1404,-718
122000024,652,1299,-647
122000025,765,1747,-982
122000026,726,1295,-569
122000027,531,1628,-1097
122000028,927,411,516
122000029,426,448,-22
122000030,178,110,68
122000031,210,287,-77
122000032,1657,1705,-48
122000033,610,1288,-678
122000034,577,644,-67
122000035,299,693,-394
122000036,590,446,144
122000037,463,219,244
122000038,275,364,-89
122000039,511,439,72
122000040,168,293,-125
122000041,484,511,-27
122000042,410,409,1
122000043,112,91,21
122000044,121,150,-29
122000045,1157,471,686
122000046,724,657,67
122000047,181,265,-84
122000048,3107,3752,-645
122000049,4839,3371,1468
122000050,1184,794,390
122000051,268,385,-117
122000052,553,517,36
122000053,208,875,-667
122000054,2036,1764,272
122000055,1876,3240,-1364
122000056,3618,2861,757
122000057,2963,3371,-408
122000058,1834,1485,349
122000059,2181,2137,44
122000060,494,806,-312
122000061,470,594,-124
122000062,649,321,328
122000063,839,693,146
122000064,2699,2921,-222
122000065,2719,2148,571
122000066,850,1061,-211
122000067,1298,1173,125
122000068,1101,862,239
122000069,530,585,-55
122000070,715,1101,-386
122000071,1790,920,870
122000072,418,485,-67
122000073,310,796,-486
122000074,2493,1464,1029
122000075,723,1139,-416
122000076,2746,1179,1567
122000077,904,1171,-267
122000078,1388,2983,-1595
122000079,758,1301,-543
122000080,546,397,149
122000081,164,231,-67
122000082,522,921,-399
122000083,1411,1321,90
122000084,1356,707,649
122000085,261,751,-490
122000086,1921,4245,-2324
122000087,363,233,130
122000088,219,377,-158
122000089,4271,2019,2252
122000090,209,467,-258
122000091,171,119,52
122000092,98,20,78
122000093,1454,1876,-422
122000094,4543,2454,2089
122000095,1551,3154,-1603
122000096,1513,1587,-74
122000098,2971,2453,518
122000099,1343,741,602
122000100,832,494,338
122000101,375,575,-200
122000102,1846,1111,735
122000103,1652,1541,111
122000104,478,164,314
122000105,515,284,231
122000106,476,653,-177
122000107,977,423,554
122000108,413,739,-326
122000109,465,283,182
122000110,421,473,-52
122000111,2497,1186,1311
122000112,958,1196,-238
122000113,692,622,70
122000114,2543,1405,1138
122000115,1908,1126,782
122000116,529,512,17
122000117,1860,462,1398
122000118,627,842,-215
122000119,3096,2549,547
122000120,1677,4335,-2658
122000121,1677,3085,-1408
122000122,640,1483,-843
122000123,1502,1553,-51
122000124,1045,547,498
122000125,687,692,-5
122000126,638,1069,-431
122000127,770,1253,-483
122000128,416,588,-172
122000129,656,1316,-660
122000130,2785,1512,1273
122000131,1216,1244,-28
122000132,480,511,-31
122000133,891,1151,-260
122000134,1022,714,308
122000135,625,751,-126
122000136,841,563,278
122000137,1555,814,741
122000139,1045,2858,-1813
122000140,625,609,16
122000141,3652,972,2680
122000142,297,868,-571
122000143,393,619,-226
122000144,1125,1212,-87
122000145,1284,735,549
122000146,1270,1361,-91
122000147,562,576,-14
122000148,1311,1875,-564
122000149,1842,1600,242
122000150,1078,1037,41
122000151,172,419,-247
122000152,368,390,-22
122000153,343,360,-17
122000154,311,261,50
122000155,1401,2179,-778
122000156,2304,2744,-440
122000157,1181,2342,-1161
122000158,398,717,-319
122000159,648,1603,-955
122000160,3007,2498,509
122000161,1142,1120,22
122000162,1840,1718,122
122000163,282,79,203
122000164,34,109,-75
122000165,605,627,-22
122000166,690,999,-309
122000167,239,279,-40
122000168,188,559,-371
122000169,346,176,170
122000170,351,299,52
122000171,37,90,-53
122000172,1402,1234,168
122000173,1281,2052,-771
122000174,2109,910,1199
122000175,936,251,685
122000176,333,756,-423
122000177,1350,1454,-104
122000178,2737,1970,767
122000179,1540,2167,-627
122000180,1573,1309,264
122000181,1455,3039,-1584
122000182,1786,1354,432
122000183,1907,931,976
122000184,3121,2433,688
122000185,1421,2087,-666
122000186,435,687,-252
122000187,1614,884,730
122000188,440,184,256
122000189,254,272,-18
122000190,803,1106,-303
122000191,847,658,189
122000192,1028,329,699
122000193,397,724,-327
122000194,472,194,278
122000195,119,549,-430
122000196,906,618,288
122000197,476,665,-189
122000198,404,850,-446
122000199,289,304,-15
122000200,837,534,303
122000201,1286,1676,-390
122000202,1114,1554,-440
122000203,2473,1341,1132
122000204,1330,1751,-421
122000205,1253,1227,26
122000206,2329,1035,1294
122000207,1539,1567,-28
122000208,1788,1281,507
122000209,1484,351,1133
122000210,1981,1560,421
122000211,1282,1356,-74
122000212,759,476,283
122000213,907,1218,-311
122000214,1993,1561,432
122000215,2049,1612,437
122000217,1950,1356,594
122000218,805,87,718
122000219,1020,865,155
122000220,382,651,-269
122000221,38,401,-363
122000222,500,134,366
122000223,1408,642,766
122000225,679,243,436
122000226,1517,1692,-175
122000227,304,2111,-1807
122000228,326,352,-26
122000229,59,463,-404
122000230,86,410,-324
122000231,385,646,-261
122000232,407,785,-378
122000233,1,91,-90
122000234,407,48,359
122000235,434,95,339
122000236,1204,87,1117
122000237,130,76,54
122000238,366,306,60
122000239,667,108,559
122000240,1034,417,617
122000241,1603,472,1131
122000242,590,90,500
122000243,297,71,226
122000244,61,251,-190
122000245,110,230,-120
122000246,396,192,204
122000247,467,648,-181
122000248,844,1173,-329
122000249,1188,803,385
122000250,2041,990,1051
122000251,215,271,-56
122000252,402,111,291
122000253,122,301,-179
122000254,289,78,211
122000255,561,1290,-729
122000256,379,698,-319
122000257,157,238,-81
122000258,316,233,83
122000259,15,349,-334
122000260,3,49,-46
122000261,11,172,-161
122000262,5,41,-36
122000263,419,114,305
122000264,1254,289,965
122000265,1995,821,1174
122000266,3621,718,2903
122000267,92,90,2
122000268,164,277,-113
122000269,754,250,504
122000270,500,120,380
122000271,309,863,-554
122000272,322,754,-432
122000273,437,333,104
122000274,207,148,59
122000275,44,174,-130
122000276,726,452,274
122000277,1218,1412,-194
122000278,1672,587,1085
122000279,185,368,-183
122000280,708,497,211
122000281,679,600,79
122000282,177,416,-239
122000283,154,168,-14
122000284,139,95,44
122000285,262,83,179
122000286,53,118,-65
122000287,1070,1016,54
122000288,456,189,267
122000291,1884,653,1231
122000293,276,289,-13
122000294,115,218,-103
122000295,1111,194,917
122000296,26,469,-443
122000297,1974,2869,-895
122000299,483,296,187
122000300,490,474,16
122000301,6935,2786,4149
122000302,494,1226,-732
122000303,2449,1010,1439
122000304,63,182,-119
122000305,1042,401,641
122000306,43,505,-462
122000307,166,112,54
122000309,54,41,13
122000310,40,120,-80
122000311,139,137,2
122000312,110,210,-100
122000313,87,82,5
122000314,138,193,-55
122000315,250,48,202
122000316,785,166,619
122000317,1454,260,1194
122000318,242,610,-368
122000319,203,266,-63
122000320,327,919,-592
122000321,83,134,-51
122000322,1686,2005,-319
122000323,1079,2180,-1101
122000324,1135,1132,3
122000325,736,1692,-956
122000326,83,77,6
122000327,492,777,-285
122000328,696,543,153
122000330,1908,860,1048
122000332,136,146,-10
122000333,17,81,-64
122000337,1015,955,60
122000338,316,268,48
122000340,291,600,-309
122000342,1545,875,670
122000343,453,999,-546
122000344,80,13,67
122000345,21,17,4
122000346,303,369,-66
122000348,659,534,125
122000349,141,548,-407
122000351,131,119,12
122000352,213,158,55
122000353,98,71,27
122000355,125,399,-274
122000356,919,1140,-221
122000357,118,15,103
122000358,0,36,-36
122000359,0,19,-19
122000360,0,21,-21
122000362,9,60,-51
122000364,223,238,-15
122000365,2,26,-24
122000366,11,11,0
122000368,357,556,-199
122000370,22,27,-5
122000371,15,0,15
122000372,4,2,2
122000381,108,280,-172
122000382,113,221,-108
122000384,1967,1144,823
122000385,79,0,79
122000386,244,1157,-913
122000387,403,592,-189
122000388,1193,667,526
122000389,145,529,-384
122000390,334,219,115
122000391,316,372,-56
122000392,137,263,-126
122000393,45,113,-68
122000394,497,252,245
122000395,124,111,13
122000396,234,111,123
122000397,34,49,-15
122000398,9,57,-48
122000399,197,59,138
122000400,114,520,-406
122000401,149,71,78
122000402,291,141,150
122000403,437,578,-141
122000404,195,182,13
122000408,824,1089,-265
122000503,11,94,-83
122000524,452,134,318
122000544,80,1558,-1478
122000616,232,3,229
122000640,110,100,10
122000641,156,226,-70
122000642,1087,689,398
122000643,46,193,-147
122000644,146,74,72
122000645,128,174,-46
122000651,1064,969,95
122000664,106,27,79
122000665,1124,531,593
122000666,662,1033,-371
122000673,41,194,-153
122000674,188,45,143
122000675,1625,674,951
122000686,523,860,-337
122000687,1253,408,845
122000688,238,417,-179
122000689,862,270,592
122000690,1987,318,1669
122000691,694,1179,-485
122000692,1143,354,789
122000693,269,1254,-985
122000695,290,291,-1
122000696,421,215,206
122000698,300,445,-145
122000699,133,29,104
122000701,1420,276,1144
122000702,484,900,-416
122000703,201,44,157
122000712,0,0,0
122000717,75,59,16
122000718,547,973,-426
122000719,115,75,40
122000720,539,174,365
122000724,252,266,-14
122900001,48,8,40
122900002,859,4661,-3802
122900003,280,37,243
122900004,1203,46,1157
122900005,71,85,-14
122900006,319,712,-393
122900007,113,65,48
122900008,319,214,105
122900009,595,370,225
122900010,214,129,85
122900012,198,365,-167
122900014,117,167,-50
122900015,1115,983,132
122900016,121,210,-89
122900017,301,740,-439
122900018,183,18,165
122900019,11,85,-74
122900020,156,308,-152
122900021,39,336,-297
122900022,733,669,64
122900024,187,106,81
122900025,14,292,-278
122900026,49,212,-163
122900027,51,567,-516
122900028,86,113,-27
122900029,3382,2353,1029
122900030,774,498,276
122900031,34,271,-237
122900032,209,320,-111
122900033,151,125,26
122900034,3398,3828,-430
122900035,17,20,-3
122900036,87,79,8
122900037,292,227,65
122900038,89,2203,-2114
122900039,84,457,-373
122900040,200,443,-243
122900041,200,383,-183
122900042,140,225,-85
122900043,236,209,27
122900044,126,283,-157
122900045,116,99,17
122900046,135,362,-227
122900047,132,217,-85
122900048,63,179,-116
122900049,1215,134,1081
122900051,101,132,-31
122900052,109,139,-30
122900053,29,32,-3
122900055,234,115,119
122900057,193,59,134
122900061,378,129,249
122900062,416,416,0
122900063,142,210,-68
122900064,586,264,322
122900065,334,45,289
122900066,563,352,211
122900067,901,627,274
122900069,396,1126,-730
122900070,374,47,327
122900071,136,311,-175
122900072,6,151,-145
122900073,24,186,-162
122900074,758,423,335
122900075,0,50,-50
122900076,11,210,-199
122900077,0,90,-90
122900078,224,45,179
122900080,62,41,21
122900081,152,179,-27
122900082,943,284,659
122900083,166,139,27
122900084,7,186,-179
122900086,21,62,-41
122900087,249,552,-303
122900088,34,190,-156
122900089,18,197,-179
122900090,5,371,-366
122900091,313,4,309
122900092,0,140,-140
122900093,0,170,-170
122900094,8,154,-146
122900095,189,11,178
122900096,258,85,173
122900097,28,49,-21
122900098,54,79,-25
122900099,60,16,44
122900100,114,241,-127
122900101,555,265,290
122900102,17,35,-18
122900103,173,5,168
122900104,277,12,265
122900105,11,8,3
122900106,2,53,-51
122900107,6,127,-121
122900108,7,122,-115
122900109,401,136,265
123000001,955,416,539
123000002,2598,4256,-1658
123000003,3632,3564,68
123000004,2819,3519,-700
123000005,2349,2499,-150
123000006,1963,1928,35
123000007,3464,2415,1049
123000008,2377,2605,-228
123000009,3734,2495,1239
123000010,2660,2801,-141
123000011,1893,711,1182
123000012,722,1918,-1196
123000013,3063,892,2171
123000014,898,2879,-1981
123000015,2458,812,1646
123000016,3150,3196,-46
123000017,3633,1701,1932
123000018,128,80,48
123000019,381,173,208
123000020,206,44,162
123000021,110,121,-11
123000022,349,1327,-978
123000023,1525,1629,-104
123000024,1556,634,922
123000025,262,97,165
123000026,92,84,8
123000027,85,654,-569
123000028,1022,1545,-523
123000029,561,1719,-1158
123000030,254,211,43
123000031,346,184,162
123000032,479,125,354
123000033,243,68,175
123000034,958,632,326
123000035,350,339,11
123000036,276,837,-561
123000037,236,232,4
123000038,49,231,-182
123000039,434,1336,-902
123000040,658,259,399
123000041,999,1036,-37
123000042,882,601,281
123000043,2223,8574,-6351
123000044,3438,2101,1337
123000045,4905,2375,2530
123000046,571,1346,-775
123000047,1377,1074,303
123000048,62,738,-676
123000049,5044,7768,-2724
123000050,1428,1254,174
123000051,185,179,6
123000052,751,3108,-2357
123000053,2527,2557,-30
123000054,1468,1315,153
123000055,1329,2128,-799
123000056,1120,1657,-537
123000057,7246,5469,1777
123000058,609,921,-312
123000059,362,501,-139
123000060,934,359,575
123000061,291,654,-363
123000063,764,825,-61
123000064,927,338,589
123000065,5666,2204,3462
123000066,620,491,129
123000067,951,621,330
123000068,2276,2308,-32
123000069,4792,2601,2191
123000070,269,642,-373
123000071,1092,755,337
123000072,983,787,196
123000073,1334,698,636
123000074,1020,1006,14
123000075,349,1024,-675
123000076,722,548,174
123000077,1939,2021,-82
123000078,1668,1336,332
123000079,1562,1575,-13
123000080,1984,1433,551
123000081,134,332,-198
123000082,305,1217,-912
123000083,865,272,593
123000084,579,511,68
123000085,299,78,221
123000086,486,142,344
123000087,308,195,113
123000088,1284,680,604
123000089,617,908,-291
123000090,1013,770,243
123000091,1309,1102,207
123000092,1058,1026,32
123000094,498,232,266
123000095,498,476,22
123000096,751,295,456
123000097,502,647,-145
123000098,777,548,229
123000099,568,585,-17
123000100,369,597,-228
123000101,455,560,-105
123000102,464,611,-147
123000104,362,399,-37
123000105,429,453,-24
123000106,536,424,112
123000107,372,500,-128
123000108,619,1154,-535
123000111,795,306,489
123000112,1183,504,679
123000113,474,897,-423
123000114,364,524,-160
123000115,240,265,-25
123000116,49,135,-86
123000117,1235,1299,-64
123000118,393,626,-233
123000119,218,653,-435
123000120,281,606,-325
123000121,515,458,57
123000122,271,193,78
123000123,429,482,-53
123000124,423,378,45
123000125,1052,1265,-213
123000126,1129,3366,-2237
123000127,691,586,105
123000128,271,247,24
123000129,706,219,487
123000130,593,101,492
123000131,807,629,178
123000132,429,530,-101
123000133,208,335,-127
123000134,320,130,190
123000135,2034,1006,1028
123000136,168,550,-382
123000137,132,222,-90
123000138,82,263,-181
123000139,560,73,487
123000140,70,524,-454
123000141,694,73,621
123000142,1073,947,126
123000143,969,1690,-721
123000144,15,20,-5
123000145,162,114,48
123000146,13,80,-67
123000147,81,104,-23
123000149,323,359,-36
123000150,175,228,-53
123000151,217,427,-210
123000152,65,336,-271
123000153,135,555,-420
123000154,1289,1770,-481
123000155,1811,1075,736
123000156,33,100,-67
123000157,553,741,-188
123000158,537,747,-210
123000159,2751,2448,303
123000160,892,684,208
123000161,1424,1016,408
123000162,881,1390,-509
123000163,475,89,386
123000164,1244,277,967
123000165,385,1108,-723
123000166,37,91,-54
123000167,181,257,-76
123000168,256,159,97
123000169,711,159,552
123000170,132,104,28
123000171,678,33,645
123000172,189,377,-188
123000173,563,256,307
123000174,945,375,570
123000175,523,920,-397
123000176,856,183,673
123000177,249,579,-330
123000178,723,143,580
123000179,37,443,-406
123000180,1354,292,1062
123000181,301,1091,-790
123000182,169,214,-45
123000183,172,603,-431
123000184,81,352,-271
123000185,582,317,265
123000186,2,442,-440
123000187,501,4,497
123000188,131,0,131
123000189,191,117,74
123000190,94,75,19
123000192,18,303,-285
123000193,61,664,-603
123000194,461,313,148
123000195,278,47,231
123000196,288,31,257
123000197,79,81,-2
123000198,33,523,-490
123000199,3,556,-553
123000200,501,9,492
123000201,986,33,953
123000202,14,699,-685
123000203,887,45,842
123000204,96,820,-724
123000205,455,1100,-645
123000206,2203,296,1907
123000207,52,652,-600
123000208,503,198,305
123000209,1966,601,1365
123000210,384,1513,-1129
123000211,533,1649,-1116
123000212,2685,438,2247
123000213,646,88,558
123000215,90,168,-78
123000216,111,607,-496
123000217,215,36,179
123000218,37,584,-547
123000219,606,79,527
123000220,472,107,365
123000221,264,82,182
123000222,374,279,95
123000223,323,208,115
123000224,387,363,24
123000225,400,67,333
123000226,61,262,-201
123000227,66,252,-186
123000228,259,58,201
123000229,800,1121,-321
123000232,127,431,-304
123000233,663,139,524
123000234,138,404,-266
123000235,929,247,682
123000236,223,550,-327
123000237,309,98,211
123000238,68,378,-310
123000239,497,1045,-548
123000240,47,431,-384
123000241,412,71,341
123000242,120,146,-26
123000243,583,690,-107
123000244,719,629,90
123000245,50,140,-90
123000249,533,459,74
123000252,838,228,610
123000253,1107,582,525
123000254,560,751,-191
123000255,1099,810,289
123000256,34,170,-136
123000257,1989,1437,552
123000258,821,599,222
123000259,328,335,-7
123000260,418,311,107
123000261,241,107,134
123000262,102,138,-36
123000263,398,80,318
123000264,214,63,151
123000265,68,136,-68
123000266,584,575,9
123000267,537,321,216
123000268,107,90,17
123000269,71,68,3
123000270,45,62,-17
123000271,73,55,18
123000272,688,288,400
123000273,337,578,-241
123000274,1156,556,600
123000275,282,693,-411
123000278,1956,2038,-82
123000279,124,98,26
123000280,268,292,-24
123000281,235,57,178
123000282,69,251,-182
123000283,97,42,55
123000284,78,65,13
123000286,217,349,-132
123000287,502,257,245
123000288,1405,857,548
123000289,458,1064,-606
123000291,204,770,-566
123000294,185,248,-63
123000295,774,770,4
123000296,533,354,179
123000297,663,438,225
123000298,702,419,283
123000299,72,163,-91
123000300,899,666,233
123000301,140,172,-32
123000302,136,163,-27
123000303,85,279,-194
123000305,743,776,-33
123000306,139,91,48
123000309,53,58,-5
123000310,36,47,-11
123000311,0,74,-74
123000312,365,469,-104
123000313,465,312,153
123000315,262,261,1
123000316,750,247,503
123000317,172,83,89
123000318,50,139,-89
123000329,11,17,-6
123000337,856,379,477
123000338,264,83,181
123000339,222,75,147
123000340,117,380,-263
123000342,12,103,-91
123000343,37,7,30
123000344,1031,418,613
123000345,360,712,-352
123000346,442,44,398
123000352,1079,748,331
123000353,34,124,-90
123000354,168,3,165
123000355,2,194,-192
123000356,482,9,473
123000357,2,75,-73
123000359,4,127,-123
123000360,210,87,123
123000361,131,278,-147
123000362,326,72,254
123000363,75,125,-50
123000364,513,415,98
123000365,20,312,-292
123000366,354,1685,-1331
123000367,242,652,-410
123000370,39,334,-295
123000371,749,36,713
123000372,292,25,267
123000373,13,262,-249
123000374,9,157,-148
123000375,302,43,259
123000376,903,710,193
123000377,298,12,286
123000378,5,194,-189
123000379,1,155,-154
123000380,35,320,-285
123000381,117,58,59
123000382,802,115,687
123000383,152,1006,-854
123000384,345,106,239
123000385,132,416,-284
123000436,45,807,-762
123000507,120,186,-66
123000508,207,854,-647
123000517,254,63,191
123000518,21,216,-195
123000519,130,79,51
123000520,40,212,-172
123000521,312,111,201
123000522,116,290,-174
123000541,15,4,11
123000542,0,3,-3
123000565,866,48,818
123000566,283,481,-198
123000567,96,176,-80
123000573,38,593,-555
123000574,624,58,566
123000575,1204,889,315
123000576,696,936,-240
123000577,49,493,-444
123000578,451,86,365
123000579,1568,4367,-2799
123000580,111,44,67
123000582,406,39,367
123000583,25,258,-233
123000584,151,276,-125
123000585,0,71,-71
123000586,48,0,48
123000596,98,68,30
123000597,61,122,-61
123000602,88,7,81
123000603,736,387,349
123000604,523,572,-49
123000605,815,37,778
123000606,1,347,-346
123000609,9,239,-230
123000610,169,116,53
123000613,50,177,-127
123000614,228,51,177
123000615,67,127,-60
123000616,589,28,561
123000617,113,245,-132
123000618,64,409,-345
123000619,452,38,414
123000620,18,325,-307
123000622,314,12,302
123000624,163,64,99
123000630,1112,411,701
123000631,214,770,-556
123000632,612,582,30
123000633,0,306,-306
123000634,56,110,-54
123000635,91,99,-8
123000636,43,437,-394
123000637,164,24,140
123000638,442,31,411
123000639,842,3649,-2807
123000640,45,457,-412
123000648,389,84,305
123000649,37,306,-269
123900001,910,47,863
123900002,19,1053,-1034
123900003,155,291,-136
123900005,217,149,68
123900006,255,44,211
124000001,1565,140,1425
124000002,77,1163,-1086
124000003,847,158,689
124000004,74,432,-358
124000005,986,429,557
124000006,174,756,-582
124000007,415,62,353
124000008,13,325,-312
124000009,687,193,494
124000010,196,308,-112
124000011,749,230,519
124000012,201,441,-240
124000017,219,87,132
124000018,124,59,65
124000019,127,101,26
124000020,46,141,-95
124000021,143,106,37
124000022,96,153,-57
124000023,1027,1223,-196
124000024,878,408,470
124000025,892,1368,-476
124000026,931,783,148
124000027,3454,4102,-648
124000028,1668,3171,-1503
124000030,1959,1115,844
124000031,1584,2945,-1361
124000032,2100,818,1282
124000033,892,496,396
124000034,621,744,-123
124000035,317,146,171
124000036,134,479,-345
124000037,236,998,-762
124000038,35,88,-53
124000039,614,453,161
124000040,372,1009,-637
124000041,380,81,299
124000042,111,362,-251
124000043,102,81,21
124000044,64,184,-120
124000045,671,394,277
124000046,286,523,-237
124000047,1562,729,833
124000048,803,922,-119
124000049,1553,492,1061
124000050,765,1284,-519
124000051,961,458,503
124000052,621,672,-51
124000053,520,1389,-869
124000054,797,339,458
124000055,1300,2500,-1200
124000056,1707,1000,707
124000057,1053,467,586
124000058,379,920,-541
124000059,651,1145,-494
124000060,907,528,379
124000061,1349,5220,-3871
124000062,4150,1512,2638
124000063,1083,1231,-148
124000064,1513,1056,457
124000065,67,441,-374
124000066,270,94,176
124000067,193,141,52
124000068,75,135,-60
124000069,613,116,497
124000070,262,391,-129
124000071,234,88,146
124000072,169,383,-214
124000073,833,149,684
124000074,209,570,-361
124000075,313,26,287
124000076,3,127,-124
124000077,1146,860,286
124000078,1737,1357,380
124000079,318,1403,-1085
124000080,560,170,390
124000081,184,488,-304
124000082,123,106,17
124000083,95,93,2
124000084,70,439,-369
124000085,45,40,5
124000086,32,118,-86
124000087,133,103,30
124000088,202,470,-268
124000089,552,222,330
124000090,190,239,-49
124000091,373,95,278
124000092,108,470,-362
124000093,140,99,41
124000094,98,399,-301
124000095,133,97,36
124000096,169,182,-13
124000097,155,152,3
124000098,42,127,-85
124000099,218,124,94
124000100,43,79,-36
124000101,98,101,-3
124000102,109,43,66
124000103,100,113,-13
124000104,71,35,36
124000105,103,84,19
124000106,131,27,104
124000107,11,176,-165
124000108,53,22,31
124000109,143,106,37
124000110,163,83,80
124000111,204,127,77
124000112,540,452,88
124000113,106,150,-44
124000114,284,342,-58
124000115,345,563,-218
124000116,120,212,-92
124000117,81,74,7
124000118,50,129,-79
124000119,771,428,343
124000120,460,430,30
124000121,1418,1355,63
124000122,475,1052,-577
124000123,876,414,462
124000124,220,617,-397
124000125,410,409,1
124000126,244,422,-178
124000127,780,357,423
124000128,507,819,-312
124000129,1743,1360,383
124000130,782,465,317
124000131,816,535,281
124000132,943,747,196
124000133,845,671,174
124000134,792,502,290
124000135,1349,1464,-115
124000136,728,764,-36
124000137,1015,815,200
124000138,1005,967,38
124000139,769,67,702
124000140,28,325,-297
124000141,649,30,619
124000142,51,284,-233
124000143,153,17,136
124000144,13,135,-122
124000145,152,43,109
124000146,42,74,-32
124000148,20,87,-67
124000149,991,396,595
124000150,270,567,-297
124000151,858,423,435
124000152,762,1052,-290
124000153,693,664,29
124000154,311,534,-223
124000155,1267,861,406
124000156,1289,831,458
124000169,224,413,-189
124000170,417,382,35
124000171,279,190,89
124000172,280,374,-94
124000173,543,185,358
124000174,385,441,-56
124000175,5,72,-67
124000176,46,10,36
124000177,8,33,-25
124000178,89,57,32
124000185,0,0,0
124000186,0,0,0
124000187,5,15,-10
124000188,0,0,0
124000190,180,112,68
124000191,104,208,-104
124000192,1137,342,795
124000193,318,876,-558
124000194,519,392,127
124000195,296,602,-306
124000196,807,708,99
124000197,37,28,9
124000198,34,42,-8
124000201,249,590,-341
124000202,454,282,172
124000203,489,403,86
124000204,812,286,526
124000205,105,319,-214
124000206,611,231,380
124000207,0,25,-25
124000209,209,251,-42
124000210,572,186,386
124000211,734,0,734
124000212,0,234,-234
124000213,413,166,247
124000214,397,428,-31
124000215,319,14,305
124000216,2,284,-282
124000329,114,936,-822
124000338,122,479,-357
124000339,1004,74,930
124000341,1408,64,1344
124000344,52,0,52
124000357,907,1878,-971
124000358,704,1216,-512
124000359,866,636,230
124000360,677,387,290
124000361,1451,753,698
124000362,946,1396,-450
124000363,203,276,-73
124000364,416,583,-167
124000365,547,710,-163
124000366,1287,675,612
124000367,102,347,-245
124000368,332,394,-62
124000369,176,79,97
124000370,69,515,-446
124000402,24,18,6
124000403,141,33,108
124000404,15,85,-70
124000405,928,787,141
124000406,1020,867,153
124000407,1,44,-43
124000411,7,237,-230
124000412,404,9,395
124000413,128,25,103
124000414,67,99,-32
124000415,74,93,-19
124000416,170,139,31
124000417,142,109,33
124000418,192,66,126
124000419,96,93,3
124000420,90,55,35
124000421,52,115,-63
124000422,35,19,16
124000423,140,28,112
124000424,2,90,-88
124000425,213,8,205
124000426,6,156,-150
124000427,204,16,188
124000428,5,51,-46
124000429,70,45,25
124000430,724,426,298
124000431,378,509,-131
124000432,218,572,-354
124000439,15,9,6
124000443,0,15,-15
124000445,371,1272,-901
124000446,1002,302,700
124000447,12,164,-152
124000448,289,78,211
124000449,0,0,0
124000450,2,13,-11
124000451,2,49,-47
124900001,580,340,240
124900002,134,235,-101
124900003,1094,453,641
124900004,720,250,470
124900005,231,107,124
124900006,699,284,415
124900008,870,488,382
124900009,146,331,-185
124900010,176,96,80
124900011,464,235,229
124900012,404,98,306
124900013,491,106,385
124900014,242,69,173
124900015,152,318,-166
124900016,81,90,-9
124900017,446,1327,-881
124900018,78,14,64
124900020,62,53,9
124900021,276,33,243
124900022,67,3,64
124900024,287,8,279
124900026,141,27,114
124900027,122,416,-294
124900028,342,68,274
124900029,19,437,-418
124900030,8,82,-74
124900031,38,160,-122
124900032,166,190,-24
124900033,66,201,-135
124900034,3,138,-135
124900035,154,265,-111
124900036,2,38,-36
124900037,219,160,59
124900038,222,250,-28
124900039,2,58,-56
124900040,129,65,64
124900041,246,766,-520
124900042,73,2,71
124900043,494,742,-248
124900044,101,6,95
124900045,478,957,-479
124900047,103,126,-23
124900048,233,68,165
124900050,148,152,-4
124900052,91,255,-164
124900053,110,248,-138
124900054,1138,381,757
124900055,2,152,-150
124900057,7,46,-39
124900060,58,162,-104
124900061,92,10,82
124900062,221,39,182
124900066,0,18,-18
124900067,5,104,-99
124900068,237,441,-204
124900070,59,31,28
124900072,98,44,54
124900075,264,201,63
124900076,23,1153,-1130
124900077,23,99,-76
124900078,95,17,78
124900079,345,156,189
124900080,248,423,-175
124900081,1067,278,789
124900082,337,576,-239
124900083,234,361,-127
124900085,638,504,134
124900086,78,1215,-1137
124900087,549,88,461
124900088,468,88,380
124900089,1013,18,995
124900090,295,169,126
124900091,215,226,-11
124900092,175,145,30
124900093,349,166,183
124900094,340,179,161
124900095,103,400,-297
124900096,444,206,238
124900097,368,45,323
124900098,147,217,-70
124900099,388,364,24
124900100,285,44,241
124900101,103,339,-236
124900102,255,18,237
124900103,144,144,0
124900104,88,116,-28
124900105,151,109,42
124900106,359,43,316
124900107,136,8,128
124900108,148,92,56
124900111,0,70,-70
124900112,62,347,-285
124900113,88,319,-231
124900114,131,202,-71
124900115,62,26,36
124900116,174,167,7
124900117,227,204,23
124900118,128,442,-314
124900119,315,131,184
124900120,36,331,-295
124900121,86,335,-249
124900122,201,174,27
124900123,209,134,75
124900124,134,349,-215
204000001,116,12,104
204000002,19,7,12
204000003,26,3,23
204000004,4,3,1
204000005,589,555,34
204000006,1147,1168,-21
204000012,53,98,-45
204000019,567,448,119
204000020,573,693,-120
204000021,1488,693,795
204000022,501,403,98
204000023,518,540,-22
204000031,76,15,61
204000032,409,35,374
204000034,28,117,-89
204000035,0,3,-3
204000036,2,16,-14
204000037,1,15,-14
204000038,0,11,-11
204000039,3,18,-15
204000040,2,14,-12
204000041,15,13,2
204000042,27,15,12
204000043,33,1,32
204000044,33,2,31
204000045,44,1,43
204000046,8,1,7
204000057,7,6,1
204000062,21,27,-6
204000068,37,241,-204
204000069,48,368,-320
204000070,110,137,-27
204000080,67,82,-15
204000085,1702,1173,529
204000086,1888,1327,561
204000087,42,14,28
204000088,10,67,-57
204000090,57,211,-154
204000093,363,66,297
204000096,831,928,-97
204000097,353,27,326
204000099,890,1429,-539
204000100,1159,1632,-473
204000105,1776,1060,716
204000110,437,859,-422
204000111,480,505,-25
204000112,694,892,-198
204000113,411,762,-351
204000114,592,551,41
204000115,513,279,234
204000116,1078,795,283
204000119,1802,2245,-443
204000132,709,483,226
204000133,998,290,708
204000134,340,96,244
204000135,934,158,776
204000136,757,237,520
204000138,431,769,-338
204000140,247,177,70
204000141,207,88,119
204000144,4,28,-24
204000145,473,33,440
204000146,16,328,-312
204000147,37,152,-115
204000148,328,46,282
204000154,3,1,2
204000155,4,4,0
204000177,93,56,37
204000179,25,10,15
204000180,1,27,-26
204000222,0,6,-6
204000235,20,7,13
204000236,58,200,-142
204000238,23,11,12
204000240,317,71,246
204000263,591,754,-163
204000268,930,717,213
204000308,121,21,100
204000317,16,94,-78
204000322,6,30,-24
204000323,13,3,10
204000328,165,56,109
204000329,58,144,-86
204000330,222,66,156
204000331,101,113,-12
205000001,855,1316,-461
205000013,6,50,-44
205000014,19,83,-64
205000015,35,149,-114
205000016,15,110,-95
205000017,18,59,-41
205000022,282,702,-420
205000025,1040,858,182
205000029,207,12,195
205000045,136,464,-328
205000046,142,944,-802
205000047,62,534,-472
205000048,355,790,-435
205000049,161,635,-474
205000050,1079,284,795
205000059,0,154,-154
205000060,0,93,-93
205000061,2,88,-86
205000062,2,110,-108
205000063,22,97,-75
205000064,13,49,-36
205000065,57,375,-318
205000066,83,553,-470
205000067,22,616,-594
205000069,269,21,248
205000082,132,127,5
205000110,98,207,-109
205000111,200,190,10
205000112,161,212,-51
205000113,170,293,-123
205000121,199,30,169
205000123,37,203,-166
205000126,440,68,372
205000127,694,109,585
205000128,362,38,324
205000129,608,64,544
205000130,111,19,92
205000131,62,10,52
205000132,153,2,151
205000133,60,1,59
205000134,297,0,297
205000137,44,143,-99
205000138,115,201,-86
205000139,20,102,-82
205000144,85,61,24
205000145,232,147,85
205000151,153,27,126
205000152,161,15,146
205000153,205,15,190
205000154,87,32,55
205000155,108,5,103
205000207,12,130,-118
205000233,44,19,25
205000234,0,0,0
205000243,0,1,-1
205000244,1,0,1
205000245,12,155,-143
205000249,0,19,-19
205000250,4,0,4
205000264,7,76,-69
206000027,6,3,3
206000028,2,1,1
206000043,9,39,-30
206000053,1,4,-3
206000054,2,15,-13
206000055,0,9,-9
206000075,18,30,-12
206000076,16,13,3
206000077,21,5,16
206000078,15,10,5
206000079,19,15,4
206000082,393,41,352
206000100,34,332,-298
206000103,0,0,0
206000104,3,18,-15
206000105,7,12,-5
206000106,6,9,-3
206000125,47,0,47
206000157,13,214,-201
206000170,2,77,-75
206000171,5,126,-121
206000172,14,241,-227
206000173,1,165,-164
206000174,5,32,-27
206000175,2,76,-74
206000176,14,116,-102
206000177,0,84,-84
206000178,1,156,-155
206000179,6,114,-108
206000180,10,113,-103
206000181,7,82,-75
206000182,9,70,-61
206000183,11,257,-246
206000184,5,163,-158
206000185,5,80,-75
206000186,73,525,-452
206000223,2,151,-149
206000226,6,2,4
206000227,20,1,19
206000237,35,209,-174
206000238,26,352,-326
206000239,147,1098,-951
206000240,28,116,-88
206000241,0,63,-63
206000242,5,132,-127
206000243,2,83,-81
206000244,46,346,-300
206000245,699,79,620
206000246,187,16,171
206000247,189,10,179
206000248,351,24,327
206000252,35,63,-28
206000258,26,119,-93
206000315,40,9,31
206000317,491,109,382
206000318,532,67,465
206000319,1355,98,1257
206000320,167,32,135
206000321,232,13,219
206000322,465,18,447
206000323,137,13,124
206000324,189,6,183
206000325,199,13,186
206000326,210,10,200
206000327,135,10,125
206000328,157,16,141
206000329,234,13,221
206000330,46,10,36
206000331,211,2,209
206000332,46,1,45
206000333,572,1,571
206000334,271,4,267
206000335,0,12,-12
206000361,9,286,-277
206000392,4,13,-9
206000405,152,2,150
206000441,32,23,9
206000498,28,3,25
206000515,75,27,48
206000530,249,36,213
206000531,227,188,39
206000532,1424,240,1184
206000535,156,1237,-1081
206000536,22,126,-104
206000537,11,121,-110
206000613,1306,242,1064
206000784,425,26,399
207000001,119,561,-442
207000002,127,312,-185
207000003,125,149,-24
207000007,1040,283,757
207000008,137,13,124
207000009,56,48,8
207000010,311,287,24
207000012,339,211,128
207000015,192,888,-696
207000019,266,86,180
207000021,446,169,277
207000022,127,106,21
207000023,194,53,141
207000024,5,16,-11
207000025,22,81,-59
207000026,74,34,40
207000027,38,84,-46
207000028,27,148,-121
207000029,180,370,-190
207000033,189,385,-196
207000034,271,104,167
207000039,437,106,331
207000040,378,65,313
207000041,76,27,49
207000042,175,54,121
207000043,208,192,16
207000051,112,190,-78
207000052,39,85,-46
207000053,468,418,50
207000054,50,81,-31
207000055,178,102,76
207000056,294,256,38
207000057,165,399,-234
207000058,155,297,-142
207000059,109,349,-240
207000060,63,139,-76
207000061,226,544,-318
207000062,360,38,322
207000063,402,82,320
207000064,389,129,260
207000065,346,223,123
207000066,239,175,64
207000067,75,79,-4
207000068,144,54,90
207000069,663,327,336
207000082,10,171,-161
207000083,61,191,-130
207000084,239,257,-18
207000085,190,18,172
207000086,205,5,200
207000106,69,43,26
207000107,93,16,77
207000108,95,13,82
207000109,75,18,57
207000110,74,88,-14
207000111,83,66,17
207000112,167,603,-436
207000114,25,31,-6
207000115,16,48,-32
207000116,15,322,-307
207000117,13,78,-65
207000118,4,59,-55
207000119,38,33,5
207000123,125,21,104
207000124,87,28,59
207000125,54,53,1
207000126,56,61,-5
207000134,99,146,-47
207000135,19,160,-141
207000148,73,282,-209
207000149,53,47,6
207000152,131,343,-212
207000153,809,1129,-320
207000154,368,142,226
207000159,109,86,23
207000160,146,274,-128
207000238,0,194,-194
207000242,3,160,-157
207000248,61,29,32
207000249,91,28,63
207000250,473,60,413
207000251,107,77,30
207000252,71,28,43
207000278,74,66,8
207000279,10,86,-76
207000280,561,99,462
207000281,120,584,-464
207000282,130,92,38
207000283,72,185,-113
207000284,51,221,-170
207000285,70,86,-16
207000291,21,72,-51
207000304,100,56,44
207000306,71,295,-224
207000310,79,80,-1
207000353,236,2,234
207000356,6,29,-23
207000357,11,22,-11
207000358,5,16,-11
207000415,5,196,-191
207000417,75,8,67
207000418,130,127,3
207000438,0,1,-1
207000439,725,727,-2
207000446,174,5,169
207000460,37,7,30
207000466,185,129,56
207000467,221,90,131
207000468,52,224,-172
207000476,7,56,-49
207000477,573,47,526
207000478,1,39,-38
207000523,0,16,-16
207000524,65,0,65
207000527,154,151,3
207000530,450,10,440
207000531,338,7,331
207000532,116,23,93
207000534,305,54,251
207000535,34,346,-312
207000537,347,91,256
207000540,9,155,-146
207000541,3,356,-353
207000548,32,188,-156
207000549,417,14,403
207000561,154,199,-45
207000562,34,133,-99
207000567,160,227,-67
207000568,201,60,141
207000569,347,475,-128
207000584,237,133,104
207000585,41,389,-348
207000587,157,18,139
207000616,1,88,-87
207000617,157,0,157
207000624,79,41,38
207000631,7,76,-69
207900008,211,82,129
208000001,505,946,-441
208000002,563,566,-3
208000003,1174,385,789
208000004,1182,714,468
208000005,3,11,-8
208000019,527,771,-244
208000020,172,442,-270
208000021,229,264,-35
208000022,1000,381,619
208000028,959,1072,-113
208000033,524,405,119
208000034,941,1020,-79
208000037,184,9,175
208000040,167,135,32
208000041,665,437,228
208000042,1077,556,521
208000047,158,143,15
208000064,1906,1271,635
208000066,1294,2214,-920
208000070,395,300,95
208000071,369,560,-191
208000072,333,899,-566
208000080,296,346,-50
208000081,343,112,231
208000082,273,201,72
208000083,153,312,-159
208000084,6,22,-16
208000085,776,521,255
208000086,457,828,-371
208000087,310,564,-254
208000089,1067,317,750
208000090,984,417,567
208000093,93,177,-84
208000094,501,279,222
208000095,583,381,202
208000104,828,613,215
208000105,527,738,-211
208000114,115,346,-231
208000115,420,307,113
208000116,533,859,-326
208000117,57,176,-119
208000118,57,125,-68
208000155,543,978,-435
208000158,1349,3152,-1803
208000186,2754,3695,-941
208000204,692,801,-109
208000205,1180,741,439
208000282,3903,2508,1395
209000004,375,166,209
209000005,42,31,11
209000006,379,136,243
209000007,258,317,-59
209000010,303,109,194
209000011,122,177,-55
209000012,156,138,18
209000013,163,206,-43
209000014,355,642,-287
209000025,388,42,346
209000026,638,123,515
209000027,336,485,-149
209000028,279,419,-140
209000029,404,506,-102
209000030,335,853,-518
209000031,1802,1408,394
209000034,194,246,-52
209000035,142,199,-57
209000036,265,107,158
209000037,283,198,85
209000038,176,146,30
209000039,96,189,-93
209000040,244,454,-210
209000041,171,377,-206
209000042,248,340,-92
209000043,587,774,-187
209000044,210,762,-552
209000045,1185,324,861
209000046,498,374,124
209000047,455,209,246
209000048,505,275,230
209000049,101,65,36
209000050,150,116,34
209000051,213,199,14
209000052,169,176,-7
209000062,61,61,0
209000063,54,41,13
209000064,32,43,-11
209000065,95,37,58
209000066,77,32,45
209000067,108,30,78
209000080,32,147,-115
209000082,77,36,41
209000091,27,78,-51
209000093,39,25,14
209000094,152,150,2
209000110,35,128,-93
209000111,524,1238,-714
209000112,867,476,391
209000113,1507,437,1070
209000114,658,388,270
209000115,64,86,-22
209000116,466,234,232
209000118,17,33,-16
209000119,11,12,-1
209000121,101,353,-252
209000135,74,191,-117
209000142,669,1295,-626
209000143,42,53,-11
209000144,41,119,-78
209000229,281,144,137
209000240,32,231,-199
209000259,65,115,-50
209000260,47,629,-582
209000261,0,391,-391
209000262,3,266,-263
209000263,0,128,-128
209000264,0,122,-122
209000265,376,1,375
209000266,119,2,117
209000267,834,12,822
209000268,540,51,489
210000037,56,22,34
210000047,77,14,63
210000048,92,20,72
210000049,57,11,46
210000052,61,43,18
210000053,35,25,10
210000054,50,64,-14
210000070,124,7,117
210000071,85,0,85
210000072,50,1,49
210000073,0,34,-34
210000074,0,98,-98
210000075,5,129,-124
210000076,9,142,-133
210000077,10,35,-25
210000078,21,37,-16
210000079,25,14,11
210000080,83,77,6
210000081,150,15,135
210000082,100,4,96
210000083,89,1,88
210000084,62,0,62
210000085,3,43,-40
210000086,2,73,-71
210000099,26,206,-180
210000100,35,133,-98
210000101,65,141,-76
210000105,26,162,-136
210000159,0,134,-134
210000163,64,174,-110
210000164,302,175,127
210000168,142,22,120
210000187,0,11,-11
210000188,1,18,-17
210000214,19,0,19
210000219,36,59,-23
210000220,121,51,70
210000232,2,9,-7
210000233,23,50,-27
210000234,22,93,-71
210000235,25,53,-28
210000245,2,26,-24
210000246,28,0,28
210000258,10,69,-59
210000259,314,45,269
210000282,79,184,-105
210000285,0,88,-88
210000286,10,102,-92
210000290,1,9,-8
210000295,40,109,-69
210000296,67,39,28
210000320,175,72,103
210000321,107,53,54
210000338,47,64,-17
210000339,284,994,-710
210000340,96,320,-224
210000341,181,244,-63
210000342,181,199,-18
210000343,160,160,0
210000344,152,75,77
210000345,121,176,-55
210000346,77,117,-40
210000347,42,39,3
210000348,105,26,79
210000349,49,23,26
210000350,160,79,81
210000351,155,101,54
210000352,70,54,16
210000353,60,113,-53
210000354,99,86,13
210000355,43,78,-35
210000356,22,87,-65
210000357,54,86,-32
210000358,271,156,115
210000359,124,109,15
210000360,138,102,36
210000361,197,129,68
210000362,226,163,63
210000363,691,302,389
210000364,116,146,-30
210000365,127,66,61
210000366,161,68,93
210000367,105,37,68
210000368,155,40,115
210000369,21,60,-39
210000370,35,40,-5
210000372,25,27,-2
210000373,18,17,1
210000374,73,59,14
210000375,39,76,-37
210000376,60,116,-56
210000404,55,113,-58
210000439,18,54,-36
210000472,77,4,73
210000482,60,84,-24
210000564,302,269,33
210000567,2,23,-21
210000568,309,0,309
211000092,58,40,18
211000094,22,13,9
211000169,192,8,184
211000172,8,220,-212
211000209,2,20,-18
211000226,12,18,-6
211000270,41,16,25
211000275,30,15,15
211000276,92,21,71
211000279,11,25,-14
211000281,56,28,28
211000302,24,47,-23
211507980,2,34,-32
211977296,33,7,26
212000003,123,43,80
212000004,32,40,-8
212000005,35,37,-2
212000006,28,33,-5
212000008,220,118,102
212000009,30,96,-66
212000012,93,64,29
212000013,24,45,-21
212000014,211,118,93
212000015,240,196,44
212000016,409,443,-34
212000027,484,377,107
212000028,327,371,-44
212000029,240,246,-6
212000030,69,31,38
212000031,89,42,47
212000048,45,154,-109
212000049,28,107,-79
212000050,25,9,16
212000051,207,132,75
212000052,184,161,23
212000053,373,351,22
212000054,266,92,174
212000055,250,181,69
212000056,26,31,-5
212000057,9,30,-21
212000058,199,44,155
212000070,105,155,-50
212000077,150,389,-239
212000099,238,239,-1
212000108,128,175,-47
212000111,188,106,82
212000120,105,69,36
212000138,140,17,123
212000156,1,94,-93
212000158,16,22,-6
212000159,533,36,497
212000160,594,199,395
212000161,77,3,74
212000310,34,19,15
212000311,18,46,-28
212000374,52,12,40
213000001,31,262,-231
213000005,333,136,197
213000006,811,310,501
213000007,72,8,64
213000009,698,486,212
213000010,207,243,-36
213000011,176,91,85
213000012,128,227,-99
213000014,95,19,76
213000015,293,10,283
213000016,513,2,511
213000017,133,0,133
213000018,5,129,-124
213000019,1,159,-158
213000020,84,247,-163
213000021,4,107,-103
213000023,330,252,78
213000033,340,1309,-969
213000034,735,239,496
213000035,128,193,-65
213000045,213,250,-37
213000046,197,157,40
213000047,678,1199,-521
213000056,143,30,113
213000069,105,10,95
213000073,4,50,-46
213000074,75,312,-237
213000075,546,9,537
213000076,28,1,27
213000085,6,31,-25
213000086,19,90,-71
213000091,249,13,236
213000092,69,6,63
213000099,187,1066,-879
213000100,970,276,694
213000101,390,95,295
213000102,466,179,287
213000103,796,567,229
213000104,38,299,-261
213000105,0,161,-161
213000106,25,87,-62
213000107,146,375,-229
213000108,36,315,-279
213000109,15,182,-167
213000110,11,53,-42
213000111,22,68,-46
213000112,112,104,8
213000115,76,10,66
213000116,41,339,-298
213000117,4,497,-493
213000118,383,235,148
213000119,26,415,-389
213000120,103,405,-302
213000122,137,388,-251
213000123,257,817,-560
213000124,96,797,-701
213000125,203,19,184
213000126,53,119,-66
213000127,148,226,-78
213000128,393,995,-602
213000129,312,623,-311
213000130,538,345,193
213000132,383,118,265
213000133,543,100,443
213000134,842,23,819
213000136,513,21,492
213000137,600,85,515
213000139,286,19,267
213000147,50,17,33
213000148,16,15,1
213000149,35,6,29
213000150,0,125,-125
213000151,1,97,-96
213000152,5,62,-57
213000153,3,117,-114
213000154,37,148,-111
213000155,25,198,-173
213000156,77,317,-240
213000157,427,298,129
213000158,358,709,-351
213000159,542,458,84
213000163,931,106,825
213000165,1003,275,728
213000171,0,64,-64
213000172,3,160,-157
213000173,5,141,-136
213000174,2,96,-94
213000175,7,43,-36
213000176,36,40,-4
213000177,83,10,73
213000178,163,7,156
213000179,221,4,217
213000180,223,0,223
213000184,63,349,-286
213000188,278,78,200
213000189,322,40,282
213000190,655,581,74
213000191,298,275,23
213000192,197,226,-29
213000193,678,224,454
213000194,0,74,-74
213000195,11,326,-315
213000196,223,925,-702
213000197,411,453,-42
213000198,37,2,35
213000200,110,679,-569
213000201,68,38,30
213000202,12,479,-467
213000203,2683,613,2070
213000204,839,75,764
213000205,287,67,220
213000206,414,46,368
213000207,120,11,109
213000208,82,0,82
213000209,203,1,202
213000210,283,10,273
213000211,8,25,-17
213000212,19,44,-25
213000213,20,54,-34
213000218,215,359,-144
213000219,475,21,454
213000220,379,12,367
213000223,191,258,-67
213000224,54,63,-9
213000225,86,13,73
213000226,100,12,88
213000227,912,246,666
213000228,411,88,323
213000229,139,34,105
213000230,524,24,500
213000232,49,887,-838
213000233,11,65,-54
213000234,7,55,-48
213000293,21,64,-43
213000294,143,30,113
213000295,7,67,-60
213000296,83,22,61
213000297,9,73,-64
213000298,19,66,-47
213000299,49,40,9
213000300,26,5,21
213000303,2,17,-15
213000304,4,11,-7
213000305,4,9,-5
213000306,46,32,14
213000307,127,89,38
213000308,78,130,-52
213000309,123,73,50
213000310,336,231,105
213000311,217,766,-549
213000315,65,82,-17
213000316,168,49,119
213000322,69,92,-23
213000323,123,53,70
213000324,48,17,31
213000325,33,57,-24
213000326,12,11,1
213000327,9,26,-17
213000328,14,102,-88
213000329,96,16,80
213000340,146,405,-259
213000341,536,99,437
213000346,220,216,4
213000347,550,496,54
213000348,13,93,-80
213000349,35,10,25
213000350,261,737,-476
213000366,101,224,-123
213000367,236,24,212
213000379,114,67,47
213000386,7,266,-259
213000406,94,363,-269
213000417,1084,442,642
213000425,171,23,148
213000426,194,51,143
213000427,49,152,-103
213000428,48,153,-105
213000429,12,4,8
213000430,121,489,-368
213000431,48,2,46
213000432,2,30,-28
213000433,12,92,-80
213000434,83,80,3
213000435,130,54,76
213000436,31,47,-16
213000437,0,3,-3
213000438,120,27,93
213000439,42,14,28
213000440,4,200,-196
213000441,2,3,-1
213000442,0,23,-23
213000443,317,317,0
213000444,51,32,19
213000445,0,62,-62
213000446,0,38,-38
213000447,5,43,-38
213000448,6,134,-128
213000449,386,7,379
213000450,18,39,-21
213000451,195,50,145
213000452,12,26,-14
213000453,41,216,-175
213000455,475,22,453
213000456,0,342,-342
213000481,13,4,9
213000482,31,4,27
213000489,195,41,154
213000491,0,179,-179
213000492,210,14,196
213000493,1,114,-113
213000494,265,129,136
213000495,0,94,-94
213000496,353,121,232
213000497,44,234,-190
213000498,103,154,-51
213000499,197,383,-186
213000500,482,59,423
213000501,133,24,109
213000502,112,115,-3
213000503,0,56,-56
213000504,13,56,-43
213000505,23,12,11
213000506,0,11,-11
213000507,0,65,-65
213900244,88,0,88
213900245,0,25,-25
218000003,20,33,-13
218000004,41,26,15
218000005,192,46,146
218000006,58,23,35
218000007,16,6,10
218000012,131,123,8
218000013,93,118,-25
218000014,317,347,-30
218000019,715,511,204
218000020,211,393,-182
218000021,9,8,1
218000022,1,4,-3
218000023,0,3,-3
218000024,1,2,-1
218000025,4,4,0
218000026,2,5,-3
218000027,3,1,2
218000028,0,0,0
218000029,1,0,1
218000030,5,2,3
218000031,2,9,-7
218000032,0,4,-4
218000040,5,4,1
218000046,28,64,-36
218000047,17,124,-107
218000048,40,82,-42
218000049,71,105,-34
218000050,206,241,-35
218000051,64,183,-119
218000052,3,70,-67
218000053,6,24,-18
218000054,14,73,-59
218000055,3,12,-9
218000056,15,34,-19
218000057,1,14,-13
218000064,6,17,-11
218000065,93,22,71
218000066,10,43,-33
218000067,48,60,-12
218000068,117,37,80
218000069,185,105,80
218000070,159,248,-89
218000071,188,211,-23
218000072,275,170,105
218000078,935,562,373
218000079,116,57,59
218000080,101,51,50
218000081,385,164,221
218000082,41,92,-51
218000083,107,34,73
218000084,171,91,80
218000085,171,226,-55
218000086,104,94,10
218000087,153,110,43
218000090,18,123,-105
218000091,975,479,496
218000092,74,125,-51
218000093,82,40,42
218000094,454,547,-93
218000099,245,599,-354
218000100,282,238,44
218000101,216,162,54
218000102,407,201,206
218000103,74,74,0
218000104,84,25,59
218000105,51,12,39
218000106,8,13,-5
218000107,76,66,10
218000108,5,24,-19
218000112,37,19,18
218000117,53,31,22
218000134,522,388,134
218000135,23,73,-50
218000136,177,101,76
218000137,214,114,100
218000138,27,80,-53
218000139,177,228,-51
218000140,403,224,179
218000141,82,68,14
218000142,215,128,87
218000143,110,295,-185
218000144,46,67,-21
218000145,394,246,148
218000146,86,157,-71
218000151,16,15,1
218000152,71,39,32
218000153,0,0,0
218000154,0,0,0
218000155,0,0,0
218000156,0,0,0
218000157,0,0,0
218000158,0,0,0
218000159,0,0,0
218000160,0,0,0
218000161,0,0,0
218000162,0,0,0
218000163,0,0,0
218000164,0,0,0
218000165,0,0,0
218000170,13,40,-27
218000171,31,7,24
218000172,13,7,6
218000173,30,9,21
218000174,15,5,10
218000176,109,28,81
218000177,197,137,60
218000178,50,138,-88
218000179,97,64,33
218000180,62,14,48
218000181,114,22,92
218000187,18,24,-6
218000188,26,31,-5
218000189,28,48,-20
218000190,18,18,0
218000191,124,43,81
218000192,161,163,-2
218000193,422,250,172
218000194,121,213,-92
218000195,96,57,39
218000196,256,181,75
218000197,283,214,69
218000198,25,98,-73
218000199,40,19,21
218000200,80,25,55
218000201,13,11,2
218000202,65,273,-208
218000207,3,12,-9
218000208,51,49,2
218000211,62,19,43
218000212,0,0,0
218000213,79,86,-7
218000214,3,20,-17
218000215,29,49,-20
218000217,2,104,-102
218000218,120,52,68
218000219,12,20,-8
218000220,59,264,-205
218000221,420,144,276
218000222,4,28,-24
218000223,20,209,-189
218000224,6,75,-69
218000225,110,29,81
218000226,72,21,51
218000230,2,8,-6
218000232,26,44,-18
218000239,186,16,170
218000240,29,3,26
218000241,39,1,38
218000242,50,4,46
218000243,59,2,57
218000244,37,4,33
218000245,29,0,29
218000246,7,2,5
218000247,1,1,0
218000248,0,23,-23
218000249,0,1,-1
218000250,6,6,0
218000251,1,27,-26
218000252,5,56,-51
218000253,3,57,-54
218000254,1,37,-36
218000255,2,32,-30
218000256,7,79,-72
218000267,420,762,-342
218000268,16,59,-43
218000269,5,18,-13
218000270,86,34,52
218000271,18,42,-24
218000273,13,2,11
218000274,20,8,12
218000275,20,45,-25
218000276,10,41,-31
218000278,26,29,-3
218000279,112,42,70
218000280,7,39,-32
218000281,16,26,-10
218000282,506,474,32
218000284,66,5,61
218000301,82,118,-36
218000302,94,46,48
218000303,25,49,-24
218000316,623,817,-194
218000317,1077,743,334
218000318,708,520,188
218000319,1001,702,299
218000320,920,573,347
218000338,52,33,19
218000345,87,69,18
218000346,34,157,-123
218000459,20,202,-182
218000490,27,35,-8
218000501,106,92,14
218000502,47,48,-1
218000503,89,29,60
218000504,216,38,178
218000505,52,177,-125
218000506,31,237,-206
218000508,1,6,-5
218000510,145,13,132
218000520,127,70,57
218000521,7,30,-23
218000522,0,79,-79
218000523,97,14,83
218000524,24,265,-241
218000525,126,11,115
218000526,32,122,-90
218000529,34,149,-115
218000530,0,0,0
218000531,23,16,7
218000532,36,16,20
218000534,145,18,127
218000537,26,51,-25
218000538,135,300,-165
218000540,224,70,154
218000543,149,28,121
218000544,31,61,-30
218000545,44,54,-10
218000546,24,64,-40
218000547,73,162,-89
218000548,108,90,18
218000549,341,455,-114
218000550,147,260,-113
218000551,125,812,-687
218000552,301,47,254
218000553,43,105,-62
218000554,23,39,-16
218000555,30,53,-23
218000556,173,151,22
218000557,219,151,68
218000558,56,0,56
218000559,0,32,-32
218000560,0,23,-23
218000561,20,0,20
218000562,36,147,-111
218000563,160,20,140
218000564,6,98,-92
218000565,137,26,111
218000566,306,36,270
218000567,2,84,-82
218000568,42,1,41
218000569,14,174,-160
218000570,188,11,177
218000571,11,115,-104
218000572,132,1,131
218000573,25,197,-172
218000574,187,28,159
218000575,130,1,129
218000576,2,60,-58
218000577,83,0,83
218000578,4,68,-64
218000579,44,24,20
218000581,3,45,-42
218000582,28,0,28
218000583,8,0,8
218000584,0,15,-15
218000585,53,1,52
218000586,14,43,-29
218000587,0,0,0
218000588,10,3,7
218000589,0,6,-6
218000590,4,0,4
218000591,2,4,-2
218000592,7,1,6
218000593,6,2,4
218000594,1,0,1
218000596,0,0,0
218000597,1,1,0
218000598,0,0,0
218000599,0,1,-1
218000600,3,0,3
218000601,0,0,0
218000602,0,7,-7
218000603,0,3,-3
218000604,4,0,4
218000605,0,41,-41
218000606,98,0,98
218000607,5,29,-24
218000608,23,10,13
218000609,7,35,-28
218000610,79,3,76
218000611,23,1,22
218000612,1,23,-22
218000613,33,3,30
218000614,1,29,-28
218000615,142,2,140
218000616,6,62,-56
218000617,23,2,21
218000618,0,11,-11
218000619,9,9,0
218000620,8,11,-3
218000621,0,1,-1
218000622,0,12,-12
218000623,78,1,77
218000624,3,5,-2
218000625,24,2,22
218000626,0,8,-8
218000628,177,41,136
218000631,50,24,26
218000632,2,72,-70
218000633,129,0,129
218000634,14,15,-1
218000635,6,9,-3
218000636,854,786,68
218000637,844,332,512
218000638,183,26,157
218000639,25,122,-97
218000640,199,26,173
218000641,98,206,-108
218000652,35,56,-21
218000653,135,31,104
218000663,22,170,-148
218000675,84,62,22
218000676,0,2,-2
218000677,0,0,0
218000680,180,383,-203
218000681,390,137,253
218000691,166,184,-18
218000693,176,118,58
218000703,2,8,-6
218000718,245,1043,-798
218000719,361,543,-182
218000720,16,239,-223
218000721,147,27,120
218000725,7,2,5
218001147,3,108,-105
218001214,13,72,-59
218001258,208,8,200
218001329,106,135,-29
218001330,92,62,30
218001351,37,13,24
218001352,23,17,6
218001353,16,3,13
218001354,9,17,-8
218001355,16,141,-125
218001356,301,16,285
218001357,28,92,-64
218001358,224,19,205
218001361,245,6,239
218001362,0,65,-65
219000001,53,33,20
219000002,52,67,-15
219000003,50,26,24
219000004,63,62,1
219000017,78,70,8
219000020,157,109,48
219000022,179,9,170
219000023,197,0,197
219000029,0,71,-71
219000034,36,20,16
219000039,43,152,-109
219000040,35,99,-64
219000041,103,33,70
219000051,0,36,-36
219000052,0,10,-10
219000053,0,68,-68
219000054,10,64,-54
219000055,180,4,176
219000056,7,1,6
219000057,71,2,69
219000062,34,66,-32
219000063,76,3,73
219000064,2,78,-76
219000110,304,125,179
219000111,103,80,23
219000112,173,62,111
219000113,139,89,50
219000114,177,168,9
219000116,106,51,55
219000117,161,36,125
219000118,361,31,330
219000123,206,79,127
219000124,54,69,-15
219000125,19,12,7
219000126,56,105,-49
219000127,0,1,-1
219000128,6,129,-123
219000129,27,108,-81
219000130,371,515,-144
219000131,617,840,-223
219000133,56,55,1
219000134,17,30,-13
219000135,31,39,-8
219000136,141,165,-24
219000138,75,21,54
219000139,34,64,-30
219000140,54,9,45
219000141,37,66,-29
219000142,7,49,-42
219000143,11,97,-86
219000145,31,62,-31
219000146,3,19,-16
219000147,2,24,-22
219000148,9,19,-10
219000149,17,77,-60
219000150,3,25,-22
219000151,1,31,-30
219000157,223,100,123
219000158,197,226,-29
219000161,104,11,93
219000163,1131,493,638
219000166,115,188,-73
219000167,125,144,-19
219000168,219,85,134
219000174,399,193,206
219000175,74,5,69
219000176,125,7,118
219000177,49,3,46
219000178,48,1,47
219000179,21,3,18
219000180,36,26,10
219000182,200,26,174
219000183,104,31,73
219000184,141,5,136
219000185,2,26,-24
219000186,69,23,46
219000187,37,66,-29
219000189,52,168,-116
219000190,83,248,-165
219000191,645,1239,-594
219000192,189,162,27
219000193,223,153,70
219000195,1,54,-53
219000196,10,97,-87
219000198,25,93,-68
219000199,56,216,-160
219000200,27,117,-90
219000201,50,169,-119
219000203,26,140,-114
219000204,71,275,-204
219000205,62,174,-112
219000207,151,211,-60
219000209,49,63,-14
219000210,36,92,-56
219000213,9,97,-88
219000239,165,205,-40
219000240,186,314,-128
219000241,132,104,28
219000242,41,108,-67
219000243,92,174,-82
219000244,30,58,-28
219000245,26,76,-50
219000246,57,42,15
219000247,192,29,163
219000248,424,462,-38
219000249,136,105,31
219000250,104,76,28
219000251,520,271,249
219000252,256,141,115
219000253,442,78,364
219000255,146,111,35
219000256,194,72,122
219000257,111,1,110
219000262,112,127,-15
219000263,65,177,-112
219000267,2,57,-55
219000268,3,6,-3
219000269,1,0,1
219000270,6,0,6
219000271,131,1,130
219000278,0,11,-11
219000279,7,3,4
219000283,0,11,-11
219000295,13,65,-52
219000296,51,286,-235
219000297,11,98,-87
219000298,21,83,-62
219000299,420,89,331
219000300,30,128,-98
219000301,231,340,-109
219000302,18,228,-210
219000307,37,38,-1
219000308,53,55,-2
219000311,169,73,96
219000312,566,150,416
219000313,369,50,319
219000314,59,307,-248
219000315,302,57,245
219000316,490,57,433
219000317,147,6,141
219000320,0,65,-65
219000321,2,23,-21
219000323,5,48,-43
219000325,2,15,-13
219000326,78,54,24
219000327,77,27,50
219000328,47,64,-17
219000329,193,147,46
219000330,32,32,0
219000331,89,43,46
219000332,116,76,40
219000333,19,5,14
219000335,62,1,61
219000337,19,0,19
219000338,90,1,89
219000344,18,47,-29
219000345,66,62,4
219000346,31,131,-100
219000348,145,49,96
219000349,44,125,-81
219000350,60,392,-332
219000351,2,7,-5
219000352,192,137,55
219000353,107,74,33
219000354,185,72,113
219000355,138,62,76
219000356,872,1334,-462
219000363,181,68,113
219000364,80,55,25
219000365,93,26,67
219000366,221,393,-172
219000368,273,526,-253
219000370,868,512,356
219000371,17,28,-11
219000382,10,15,-5
219000383,483,1043,-560
219000385,407,413,-6
219000386,693,1353,-660
219000387,3,6,-3
219000390,2,1,1
219000391,2,0,2
219000397,52,70,-18
219000398,81,84,-3
219000401,5,91,-86
219000402,24,108,-84
219000403,146,337,-191
219000404,16,118,-102
219000407,9,42,-33
219000409,82,39,43
219000410,134,45,89
219000411,56,14,42
219000446,129,282,-153
219000447,3,36,-33
219000448,30,8,22
219000452,114,102,12
219000453,56,178,-122
219000454,198,319,-121
219000556,280,111,169
219000558,230,148,82
219000590,38,108,-70
219000591,84,107,-23
219000592,93,268,-175
219000595,1,5,-4
219000635,269,63,206
219000636,27,64,-37
219000657,23,16,7
219000658,13,92,-79
219000673,0,17,-17
219000676,31,7,24
219000679,33,10,23
219000684,93,1,92
219000685,2,32,-30
219000686,0,4,-4
219000688,0,60,-60
219000689,12,135,-123
219000690,112,27,85
219000691,56,186,-130
219000692,226,25,201
219000693,0,17,-17
219000694,10,0,10
219000695,17,5,12
219000698,19,0,19
219000699,0,14,-14
219000727,1,87,-86
219000728,181,1,180
219000770,108,3,105
219000771,3,29,-26
219000788,270,223,47
219001150,1,24,-23
219001151,0,6,-6
219001166,45,29,16
219001167,0,27,-27
219001178,44,1,43
220000001,35,56,-21
220000002,13,93,-80
220000003,293,175,118
220000004,335,360,-25
220000005,782,1275,-493
220000006,196,585,-389
220000007,372,364,8
220000008,334,533,-199
220000009,264,302,-38
220000010,168,79,89
220000011,405,2071,-1666
220000012,119,192,-73
220000014,125,40,85
220000015,54,239,-185
220000017,62,207,-145
220000018,3283,1304,1979
220000019,99,250,-151
220000020,370,272,98
220000021,725,200,525
220000022,762,342,420
220000023,425,110,315
220000024,1338,356,982
220000025,663,943,-280
220000026,315,340,-25
220000027,25,122,-97
220000028,30,50,-20
220000029,36,76,-40
220000030,46,89,-43
220000031,383,335,48
220000064,15,715,-700
221000046,12,0,12
221000047,0,2,-2
221000048,0,2,-2
221000049,0,13,-13
221000050,30,0,30
221000055,44,31,13
221000057,85,24,61
221000068,264,164,100
221000069,325,86,239
221000070,208,36,172
221000071,109,3,106
221000072,250,12,238
221000073,192,33,159
221000074,3,14,-11
221000075,22,19,3
221000076,6,37,-31
221000077,13,92,-79
221000081,16,6,10
221000082,76,6,70
221000083,31,2,29
221000084,4,2,2
221000085,11,49,-38
221000086,17,82,-65
221000087,5,102,-97
221000088,13,198,-185
221000089,43,220,-177
221000090,110,434,-324
221000098,119,12,107
221000099,171,12,159
221000100,100,7,93
221000101,243,32,211
221000102,165,17,148
221000109,5,85,-80
221000110,16,75,-59
221000111,37,198,-161
221000112,7,176,-169
221000113,32,108,-76
221000114,10,106,-96
221000120,41,19,22
221000121,4,27,-23
221000122,37,40,-3
221000123,16,24,-8
221000124,20,129,-109
221000155,86,11,75
221000156,45,39,6
221000175,7,10,-3
221000176,5,3,2
221000182,52,12,40
221000241,582,332,250
221000242,145,406,-261
221000243,480,249,231
221000244,274,466,-192
221000245,115,122,-7
221000246,60,259,-199
221000247,96,108,-12
221000248,189,148,41
221000267,58,529,-471
221000325,96,52,44
221000331,7,42,-35
221000338,17,13,4
221000378,166,37,129
221000381,52,76,-24
222000282,11,0,11
222000296,4,17,-13
222000568,248,15,233
222000569,171,40,131
222000570,97,32,65
222000571,314,23,291
222000577,11,97,-86
222000578,18,119,-101
222000579,31,119,-88
222000580,74,592,-518
222000599,0,87,-87
222000600,0,224,-224
222000601,12,648,-636
222000603,13,36,-23
222000604,3,26,-23
222000605,7,26,-19
222000606,1,4,-3
222000607,2,2,0
222000608,36,9,27
222000609,40,119,-79
222000616,323,20,303
222000617,8,23,-15
222000618,7,3,4
222000620,14,6,8
222000621,25,21,4
222000623,402,3,399
222000624,324,4,320
222000625,531,12,519
222000636,49,2,47
222000686,43,9,34
222000687,22,35,-13
222001066,219,3,216
222001067,20,3,17
222001068,59,19,40
222001069,53,26,27
222001082,16,14,2
222001083,17,17,0
222001084,0,51,-51
222001085,0,77,-77
222001111,33,94,-61
222001112,136,21,115
222001313,26,8,18
222001314,3,90,-87
222001464,177,32,145
222001465,60,110,-50
222001484,141,38,103
222001485,14,34,-20
222001494,399,99,300
222001495,75,182,-107
222001496,351,80,271
222001497,69,235,-166
222001502,14,75,-61
222001503,70,43,27
222001504,17,236,-219
222001505,314,17,297
222001506,33,263,-230
222001507,246,22,224
222001510,400,22,378
222001511,61,244,-183
222001514,508,126,382
222001515,199,371,-172
222001518,238,39,199
222001519,40,143,-103
222001527,105,47,58
222001528,40,132,-92
222001529,224,40,184
222001530,54,170,-116
222001533,92,193,-101
222001534,219,73,146
222001535,223,235,-12
222001536,68,145,-77
222001537,228,40,188
222001538,85,321,-236
222001563,644,75,569
222001564,67,366,-299
222001568,314,108,206
222001576,0,4,-4
222001579,1,13,-12
222001583,14,86,-72
222001584,65,6,59
222001596,529,1097,-568
222001597,1625,419,1206
222001626,1,74,-73
222001650,49,116,-67
222001651,62,280,-218
222001914,125,70,55
222001915,41,207,-166
222001968,471,267,204
222001969,362,523,-161
222001970,166,151,15
222001971,30,12,18
222001972,0,13,-13
225000001,347,135,212
225000002,474,117,357
225000003,557,62,495
225000004,344,161,183
225000005,70,51,19
225000006,0,146,-146
225000007,999,947,52
225000010,240,8,232
225000011,236,674,-438
225000012,205,403,-198
225000013,68,60,8
225000014,563,67,496
225000015,70,136,-66
225000021,691,149,542
225000027,150,324,-174
225000032,568,90,478
225000042,51,457,-406
225000049,22,35,-13
225000050,77,24,53
225000053,7,216,-209
225000058,564,182,382
225000067,155,109,46
225000068,68,191,-123
225000069,131,344,-213
225000070,94,293,-199
225000071,32,115,-83
225000075,20,459,-439
225000076,59,110,-51
225000078,45,53,-8
225000085,60,116,-56
225000086,251,79,172
225000087,186,17,169
225000088,11,156,-145
225000089,177,704,-527
225000090,27,320,-293
225000091,158,89,69
225000092,32,63,-31
225000093,237,250,-13
225000094,7,204,-197
225000095,283,280,3
225000096,287,312,-25
225000098,606,299,307
225000099,316,127,189
225000100,290,115,175
225000104,93,296,-203
225000110,2,286,-284
225000111,160,653,-493
225000112,218,718,-500
225000113,108,526,-418
225000114,71,177,-106
225000115,995,539,456
225000116,879,213,666
225000117,596,205,391
225000118,736,157,579
225000119,172,65,107
225000120,487,27,460
225000121,184,12,172
225000123,462,20,442
225000125,362,170,192
225000126,639,144,495
225000127,579,1006,-427
225000128,484,630,-146
225000132,308,27,281
225000133,214,17,197
225000134,655,135,520
225000135,72,6,66
225000136,291,10,281
225000137,215,55,160
225000138,343,69,274
225000143,35,132,-97
225000144,2,226,-224
225000145,26,19,7
225000146,27,63,-36
225000147,39,199,-160
225000148,1,96,-95
225000149,61,288,-227
225000151,34,103,-69
225000155,350,297,53
225000156,152,578,-426
225000157,194,244,-50
225000158,42,141,-99
225000171,9,129,-120
225000180,54,14,40
225000181,0,39,-39
225000182,60,6,54
225000185,2,261,-259
225000187,32,251,-219
225000191,68,1,67
225000194,0,6,-6
225000208,0,63,-63
225000209,76,5,71
225000210,3,203,-200
225000217,0,9,-9
225000218,9,6,3
225000223,0,74,-74
225000224,61,0,61
225000225,0,22,-22
225000226,39,1,38
225000227,17,67,-50
225000228,14,6,8
225000229,0,66,-66
225000230,18,1,17
225000231,0,39,-39
225000232,130,0,130
225000241,73,2,71
225000242,2,37,-35
225000249,12,1,11
225000250,41,453,-412
225000251,347,20,327
226000042,161,314,-153
226000043,38,203,-165
226000044,120,369,-249
226000045,49,224,-175
226000046,345,111,234
226000047,366,92,274
226000048,328,102,226
226000049,265,224,41
226000070,0,31,-31
226000071,0,43,-43
226000072,0,10,-10
226000073,1,4,-3
226000074,0,6,-6
226000084,8,32,-24
226000085,2,7,-5
226000086,4,10,-6
226000087,0,22,-22
226000088,12,9,3
226000090,145,133,12
226000091,10,33,-23
226000092,9,13,-4
226000093,24,1,23
226000094,5,2,3
226000095,13,1,12
226000105,29,1,28
226000106,9,0,9
226000107,17,0,17
226000108,21,0,21
226000109,69,1,68
226000124,107,63,44
226000134,675,437,238
226000135,1146,482,664
226000136,379,338,41
226000137,19,201,-182
226000138,11,173,-162
226000139,1,24,-23
226000156,191,4,187
226000157,236,5,231
226000163,115,63,52
226000202,9,165,-156
226000231,445,15,430
226000232,19,9,10
227000033,325,74,251
227000036,304,25,279
227000037,345,25,320
227000038,210,40,170
227000049,0,24,-24
227000050,0,60,-60
227000055,59,2,57
227000056,40,1,39
227000084,1,87,-86
227000085,1,53,-52
227000088,26,5,21
227000089,96,9,87
227000090,40,2,38
227000091,25,3,22
227000093,151,0,151
227000094,19,0,19
227000130,41,95,-54
227000131,28,128,-100
227000132,11,138,-127
227000133,12,117,-105
227000134,31,184,-153
227000152,0,11,-11
227000153,0,32,-32
227000155,3,37,-34
227000156,2,13,-11
227000165,5,45,-40
227000196,288,143,145
227000199,263,251,12
227000230,5,307,-302
227000232,393,28,365
227000242,40,350,-310
227000243,358,74,284
227000245,22,266,-244
227000246,96,340,-244
227000247,384,87,297
227000248,195,19,176
227000249,29,167,-138
227000250,341,163,178
227000251,85,231,-146
227000252,16,223,-207
227000253,173,19,154
227000262,401,46,355
227000266,956,22,934
227000267,17,1041,-1024
227000282,5,101,-96
227000284,407,18,389
227000286,4,51,-47
227000287,18,64,-46
227000291,13,347,-334
227000484,222,18,204
227000485,13,678,-665
227000655,137,10,127
227000656,532,33,499
227000657,97,9,88
227000661,244,27,217
227000680,160,55,105
229000265,13,46,-33
229000296,2,30,-28
229000297,3,15,-12
229000298,6,108,-102
229000320,8,3,5
229000321,12,0,12
229000412,4,37,-33
229000414,6,40,-34
229000415,20,2,18
229000416,4,4,0
229000417,17,4,13
229000419,79,238,-159
229000440,259,59,200
229000442,14,3,11
229000443,11,5,6
229000444,1,16,-15
229000445,52,11,41
229000446,42,13,29
229000491,0,3,-3
229000492,0,10,-10
229000493,0,7,-7
229000494,0,0,0
229000495,0,0,0
229000496,0,0,0
229000507,0,15,-15
229000508,0,12,-12
229000509,0,16,-16
229000510,0,7,-7
229000511,0,7,-7
229000512,0,2,-2
229000513,0,0,0
229000514,0,0,0
229000517,0,0,0
229000518,1,1,0
229000519,0,1,-1
229000520,0,2,-2
229000521,0,0,0
229000522,0,0,0
229000523,0,0,0
229000524,0,0,0
229000527,0,0,0
229000528,0,0,0
229000529,0,0,0
229000530,0,0,0
229000531,0,0,0
229000532,0,0,0
229000533,0,0,0
229000534,0,0,0
229000564,0,0,0
229000565,0,0,0
229000566,0,1,-1
229000567,0,7,-7
229000582,0,0,0
229000583,0,0,0
229000584,0,7,-7
229000585,0,9,-9
229000718,0,0,0
229000719,0,1,-1
229000720,0,0,0
229000721,0,0,0
229000722,0,3,-3
229000723,0,2,-2
229000724,0,0,0
229000725,0,8,-8
229000738,0,0,0
229000739,0,0,0
229000740,0,0,0
229000741,1,0,1
229000742,1,0,1
229000743,3,0,3
229000744,0,0,0
229000745,0,0,0
229000746,2,0,2
229000847,29,0,29
229000848,16,0,16
229000849,60,1,59
229000851,26,1,25
229000854,0,21,-21
229000856,1,60,-59
229000857,0,14,-14
229000858,0,43,-43
229000919,8,84,-76
229000930,6,215,-209
229000937,104,11,93
229000966,62,27,35
229000981,17,20,-3
229000985,21,14,7
229000986,3,2,1
229000987,0,1,-1
229000988,0,3,-3
229000989,7,2,5
229000990,0,0,0
229000991,2,0,2
229000992,6,3,3
229000993,105,10,95
229000998,4,51,-47
229000999,64,6,58
229001034,0,10,-10
229001035,1,0,1
229001037,20,4,16
229001042,5,3,2
229001047,7,32,-25
229001050,15,45,-30
229001168,0,3,-3
229001200,12,1,11
229001338,0,16,-16
229001394,225,1,224
229001422,92,19,73
229001423,34,110,-76
229001431,63,62,1
229001432,48,46,2
229001444,152,40,112
229001445,28,96,-68
229001479,0,0,0
229001503,248,73,175
229001504,163,131,32
229001505,131,45,86
229001506,60,92,-32
229001509,24,16,8
229001545,89,1,88
229001546,3,62,-59
229001553,88,14,74
229001554,32,77,-45
229001559,2,11,-9
229001560,7,16,-9
229001630,47,9,38
229001631,10,32,-22
229001635,0,7,-7
229001636,7,0,7
229001658,1,100,-99
229001659,36,0,36
229001660,16,6,10
229001661,2,16,-14
229001662,15,0,15
229001663,0,19,-19
229002584,140,124,16
229002831,90,102,-12
229002841,6,12,-6
229002842,13,9,4
229002843,45,9,36
229002844,35,17,18
229002845,7,49,-42
229002846,28,11,17
229002847,1,1,0
229002848,7,6,1
229002849,0,47,-47
229002850,12,0,12
229002851,27,95,-68
229002852,104,18,86
229002853,95,9,86
229002854,27,25,2
229002855,11,24,-13
229002856,26,21,5
229002857,11,91,-80
229002858,21,9,12
229002859,13,45,-32
229002860,149,8,141
229002861,26,8,18
229002862,16,10,6
229002863,18,5,13
229002864,21,11,10
229002865,14,6,8
229002866,19,5,14
229002867,1,20,-19
229002868,2,14,-12
229002869,36,86,-50
229002870,56,13,43
235000066,318,105,213
235000067,114,156,-42
235000072,22,74,-52
235000073,94,313,-219
235000074,40,41,-1
235000080,12,80,-68
235000081,101,132,-31
235000082,283,56,227
235000083,176,82,94
235000084,42,81,-39
235000085,148,67,81
235000089,34,29,5
235000092,27,136,-109
235000093,5,3,2
235000097,1,14,-13
235000098,62,12,50
235000099,24,30,-6
235000116,93,29,64
235000117,639,19,620
235000133,6,360,-354
235000134,10,173,-163
235000206,6,3,3
235000207,8,1,7
235000208,1,0,1
235000209,21,5,16
235000210,6,4,2
235000212,7,25,-18
235000213,3,17,-14
235000220,11,2,9
235000221,50,16,34
235000238,12,106,-94
235000239,8,13,-5
235000242,237,654,-417
235000245,651,149,502
235000246,27,59,-32
235000284,13,131,-118
235000295,123,7,116
235000305,216,22,194
235000306,179,4,175
235000307,13,1,12
235000308,8,1,7
235000309,49,0,49
235000310,18,0,18
235000311,39,6,33
235000322,0,14,-14
235000323,0,37,-37
235000324,4,12,-8
235000325,0,8,-8
235000326,7,121,-114
235000351,2,48,-46
235000352,11,31,-20
235000353,4,18,-14
235000354,5,35,-30
235000355,16,41,-25
235000356,64,12,52
235000357,45,10,35
235000358,161,9,152
235000359,18,7,11
235000360,25,23,2
235000361,54,5,49
235000381,131,180,-49
235000382,174,42,132
235000390,16,4,12
235000391,149,13,136
235000392,190,368,-178
235000393,122,188,-66
235000395,150,48,102
235000396,396,46,350
235000400,53,82,-29
235000401,21,129,-108
235000405,77,222,-145
235000406,93,207,-114
235000407,104,80,24
235000409,261,130,131
235000410,62,204,-142
235000411,1,75,-74
235000485,0,7,-7
235000486,6,0,6
235000549,83,60,23
235000550,83,123,-40
235000599,119,66,53
235000600,8,13,-5
235000601,9,24,-15
235000602,68,44,24
235000614,2,1,1
235000648,0,30,-30
235000649,41,11,30
235000685,2,3,-1
235000815,29,69,-40
235000834,0,6,-6
235000855,47,68,-21
235000862,31,138,-107
235000891,0,4,-4
235000892,14,1,13
235000901,67,94,-27
235000907,6,4,2
235001010,82,42,40
235001029,455,322,133
235001030,270,271,-1
235001078,86,117,-31
235001079,89,73,16
235001147,19,40,-21
235001166,7,43,-36
235001167,37,42,-5
235001169,20,266,-246
235001188,2,6,-4
235001189,4,1,3
235001197,5,37,-32
235001200,48,50,-2
235001207,409,30,379
235001210,85,159,-74
235001215,36,144,-108
235001239,1,56,-55
235001244,0,6,-6
235016267,0,38,-38
277101746,0,0,0
277102712,0,0,0
277103813,0,1,-1
277103814,0,0,0
277103898,0,0,0
277104249,0,5,-5
277104250,0,4,-4
277104251,0,2,-2
277104252,0,1,-1
990011530,0,137,-137
990014944,1,344,-343
990015176,83,23,60
990015618,0,48,-48
990016032,0,201,-201
990032570,1,32,-31
990070001,52,2,50
990070103,0,1,-1
990070601,0,35,-35
990070751,850,3,847
990070766,1,370,-369
990071180,397,175,222
990071343,37,4,33
990071387,0,11,-11
990071823,365,1,364
990072600,1,814,-813
990072964,1,232,-231
990073285,0,0,0
990074393,1,483,-482
990074870,1434,15,1419
990075106,1159,6,1153
990075746,562,6,556
990076437,1143,6,1137
990076458,1,385,-384
997000007,639,12,627
997000041,2,148,-146
997000058,63,2,61
997000062,7,0,7
997000069,0,4,-4
997000070,0,25,-25
997000100,19,0,19
997000141,1,439,-438
997000198,142,714,-572
998000475,1,17,-16
998000736,0,109,-109
998000965,0,7,-7
998001031,0,52,-52
998001700,0,3,-3
998001899,0,0,0
998001900,9,4,5
998003073,925,24,901
998101900,0,0,0
998102850,0,174,-174
998501927,734,631,103
998501929,113,1,112
998501930,35,1,34
998501931,182,44,138
998501932,3,0,3
998501933,37,2,35
998501937,7,0,7
998501944,3,0,3
998501950,0,12,-12
998501970,98,1,97
998501971,0,69,-69
998501973,0,25,-25
998501974,0,180,-180
998501975,49,1,48
998501976,126,0,126
998501977,0,13,-13
998501978,14,0,14
998501979,0,13,-13
998501980,66,24,42
998501981,20,0,20
998501982,0,82,-82
998501983,0,1,-1
998502006,0,0,0
998502024,0,8,-8
998502032,0,4,-4
998502062,37,4,33
998502063,0,0,0
998502173,30,0,30
998502269,0,2,-2
998502546,1,108,-107
998502578,3,4,-1
998502599,83,265,-182
998502621,0,0,0
998601159,1,74,-73
998601292,0,25,-25
999033574,0,219,-219
999800001,28,1,27
999800002,0,3,-3
999800003,1,0,1
999800004,0,6,-6
999800005,0,16,-16
