dong,insum,outsum,diff
강남구 개포1동,221,145,76
강남구 개포2동,2634,2286,348
강남구 개포4동,1539,838,701
강남구 논현1동,7734,10516,-2782
강남구 논현2동,3335,6864,-3529
강남구 대치1동,1544,3433,-1889
강남구 대치2동,4012,9465,-5453
강남구 대치4동,4197,5520,-1323
강남구 도곡1동,3560,5082,-1522
강남구 도곡2동,671,943,-272
강남구 삼성1동,6183,12517,-6334
강남구 삼성2동,2220,5120,-2900
강남구 세곡동,7618,3275,4343
강남구 수서동,2509,5785,-3276
강남구 신사동,4292,7961,-3669
강남구 압구정동,10584,15483,-4899
강남구 역삼1동,10424,20519,-10095
강남구 역삼2동,3837,5854,-2017
강남구 일원1동,1530,754,776
강남구 일원2동,67,187,-120
강남구 일원본동,1329,1574,-245
강남구 청담동,6409,12061,-5652
강동구 강일동,5669,1360,4309
강동구 고덕제1동,839,618,221
강동구 고덕제2동,2215,3230,-1015
강동구 길동,5018,3350,1668
강동구 둔촌제1동,59,289,-230
강동구 둔촌제2동,1101,1708,-607
강동구 명일제1동,2748,2148,600
강동구 명일제2동,1324,1172,152
강동구 상일동,3555,2326,1229
강동구 성내제1동,1783,1254,529
강동구 성내제2동,1817,5606,-3789
강동구 성내제3동,2714,2929,-215
강동구 암사제1동,971,210,761
강동구 암사제2동,1354,1504,-150
강동구 암사제3동,853,103,750
강동구 천호제1동,1875,502,1373
강동구 천호제2동,3068,2892,176
강동구 천호제3동,3697,2398,1299
강북구 미아동,5245,4696,549
강북구 번1동,6684,8353,-1669
강북구 번2동,5448,1435,4013
강북구 번3동,7210,1886,5324
강북구 삼각산동,2231,720,1511
강북구 삼양동,7686,2322,5364
강북구 송중동,10387,12963,-2576
강북구 송천동,17486,9185,8301
강북구 수유1동,11950,5030,6920
강북구 수유2동,6327,1546,4781
강북구 수유3동,13778,14124,-346
강북구 우이동,7158,2233,4925
강북구 월곡제1동,775,574,201
강북구 인수동,5764,1509,4255
강서구 가양제1동,2701,2187,514
강서구 가양제2동,724,691,33
강서구 가양제3동,1472,587,885
강서구 공항동,2942,1904,1038
강서구 등촌제1동,3388,5035,-1647
강서구 등촌제2동,2655,1288,1367
강서구 등촌제3동,3538,4926,-1388
강서구 발산제1동,4954,4325,629
강서구 방화제1동,2766,1282,1484
강서구 방화제2동,3212,1975,1237
강서구 방화제3동,834,58,776
강서구 염창동,1981,1223,758
강서구 우장산동,3732,3269,463
강서구 화곡본동,3908,1308,2600
강서구 화곡제1동,11134,9446,1688
강서구 화곡제2동,4018,1152,2866
강서구 화곡제3동,2022,3789,-1767
강서구 화곡제4동,2787,1774,1013
강서구 화곡제6동,6457,3164,3293
강서구 화곡제8동,3707,3799,-92
관악구 낙성대동,6757,11783,-5026
관악구 난곡동,12782,1247,11535
관악구 난향동,4866,871,3995
관악구 남현동,6050,5824,226
관악구 대학동,7615,3606,4009
관악구 미성동,9719,5744,3975
관악구 보라매동,5606,3807,1799
관악구 삼성동,8538,2822,5716
관악구 서림동,10512,2461,8051
관악구 서원동,7588,13620,-6032
관악구 성현동,5258,1490,3768
관악구 신림동,10193,16049,-5856
관악구 신사동,4752,3465,1287
관악구 신원동,870,457,413
관악구 은천동,7707,4158,3549
관악구 인헌동,2297,725,1572
관악구 조원동,8245,21986,-13741
관악구 중앙동,2312,1471,841
관악구 청룡동,5010,7823,-2813
관악구 청림동,2085,377,1708
관악구 행운동,8137,8411,-274
광진구 광장동,860,1623,-763
광진구 구의제1동,3440,2070,1370
광진구 구의제2동,3804,3642,162
광진구 구의제3동,683,1497,-814
광진구 군자동,5804,5915,-111
광진구 능동,5076,4454,622
광진구 자양제1동,1034,822,212
광진구 자양제2동,5644,1586,4058
광진구 자양제3동,1334,533,801
광진구 자양제4동,7325,6538,787
광진구 중곡제1동,4052,2337,1715
광진구 중곡제2동,4245,3924,321
광진구 중곡제3동,4490,1790,2700
광진구 중곡제4동,1265,584,681
광진구 화양동,3415,6918,-3503
구로구 가리봉동,7585,9303,-1718
구로구 개봉제1동,10617,6891,3726
구로구 개봉제2동,6531,6138,393
구로구 개봉제3동,2909,809,2100
구로구 고척제1동,6438,4060,2378
구로구 고척제2동,6645,1190,5455
구로구 구로제1동,2074,2162,-88
구로구 구로제2동,11752,10441,1311
구로구 구로제3동,9027,18351,-9324
구로구 구로제4동,12439,6811,5628
구로구 구로제5동,5134,10935,-5801
구로구 수궁동,5922,4542,1380
구로구 신도림동,5732,16833,-11101
구로구 오류제1동,4558,2612,1946
구로구 오류제2동,2534,2226,308
구로구 항동,1649,275,1374
금천구 가산동,12056,13473,-1417
금천구 독산제1동,15090,9486,5604
금천구 독산제2동,12908,2989,9919
금천구 독산제3동,13790,7413,6377
금천구 독산제4동,9649,2766,6883
금천구 미성동,33,32,1
금천구 시흥제1동,8136,7666,470
금천구 시흥제2동,4577,1377,3200
금천구 시흥제3동,3572,4581,-1009
금천구 시흥제4동,8299,581,7718
금천구 시흥제5동,10156,1806,8350
노원구 공릉1동,5940,6190,-250
노원구 공릉2동,4843,6212,-1369
노원구 상계10동,1895,1916,-21
노원구 상계1동,3334,2287,1047
노원구 상계2동,3591,4887,-1296
노원구 상계3.4동,1501,460,1041
노원구 상계5동,2455,650,1805
노원구 상계6.7동,3403,4065,-662
노원구 상계8동,2346,1082,1264
노원구 상계9동,1194,1132,62
노원구 월계1동,7938,7806,132
노원구 월계2동,4897,1311,3586
노원구 월계3동,3247,2485,762
노원구 중계1동,3000,1009,1991
노원구 중계2.3동,3193,3451,-258
노원구 중계4동,1847,2699,-852
노원구 중계본동,3584,794,2790
노원구 하계1동,4807,2930,1877
노원구 하계2동,3229,2633,596
도봉구 도봉제1동,5838,2276,3562
도봉구 도봉제2동,2062,3480,-1418
도봉구 방학제1동,5268,2400,2868
도봉구 방학제2동,3302,871,2431
도봉구 방학제3동,6362,1363,4999
도봉구 쌍문제1동,2204,606,1598
도봉구 쌍문제2동,7490,4514,2976
도봉구 쌍문제3동,3080,4534,-1454
도봉구 쌍문제4동,3467,747,2720
도봉구 창제1동,3793,6604,-2811
도봉구 창제2동,3123,1281,1842
도봉구 창제3동,4704,1548,3156
도봉구 창제4동,2906,4779,-1873
도봉구 창제5동,761,1370,-609
동대문구 답십리제1동,5418,5561,-143
동대문구 답십리제2동,7416,4361,3055
동대문구 면목제5동,112,34,78
동대문구 용신동,16439,20836,-4397
동대문구 이문제1동,2630,2403,227
동대문구 이문제2동,1405,1305,100
동대문구 장안제1동,6362,7290,-928
동대문구 장안제2동,6775,2787,3988
동대문구 전농제1동,7352,8708,-1356
동대문구 전농제2동,6388,2125,4263
동대문구 제기동,12685,12627,58
동대문구 청량리동,11322,13696,-2374
동대문구 회기동,1208,1810,-602
동대문구 휘경제1동,5498,5884,-386
동대문구 휘경제2동,4382,3549,833
동작구 노량진제1동,9669,17765,-8096
동작구 노량진제2동,5431,5768,-337
동작구 대방동,7545,7533,12
동작구 사당제1동,3483,2534,949
동작구 사당제2동,3166,3407,-241
동작구 사당제3동,1872,412,1460
동작구 사당제4동,101,3,98
동작구 사당제5동,1124,263,861
동작구 상도제1동,10079,8509,1570
동작구 상도제2동,5344,3271,2073
동작구 상도제3동,5084,1337,3747
동작구 상도제4동,4033,604,3429
동작구 신대방제1동,3112,1925,1187
동작구 신대방제2동,6006,6669,-663
동작구 흑석동,7180,5231,1949
마포구 공덕동,3769,3398,371
마포구 대흥동,4945,5124,-179
마포구 도화동,938,1147,-209
마포구 망원제1동,2755,643,2112
마포구 망원제2동,2151,1275,876
마포구 상암동,8161,9682,-1521
마포구 서강동,1327,1556,-229
마포구 서교동,10049,17368,-7319
마포구 성산제1동,2951,1395,1556
마포구 성산제2동,4849,2256,2593
마포구 신수동,214,81,133
마포구 아현동,5165,5471,-306
마포구 연남동,3695,3098,597
마포구 염리동,703,904,-201
마포구 용강동,3121,3444,-323
마포구 합정동,2370,4504,-2134
서대문구 남가좌제1동,4410,2558,1852
서대문구 남가좌제2동,6992,1721,5271
서대문구 북가좌제1동,2526,2031,495
서대문구 북가좌제2동,6521,1395,5126
서대문구 북아현동,2030,2155,-125
서대문구 신촌동,10827,23118,-12291
서대문구 연희동,13182,9405,3777
서대문구 천연동,8001,8693,-692
서대문구 충현동,4594,10572,-5978
서대문구 홍은제1동,5279,3430,1849
서대문구 홍은제2동,8177,3260,4917
서대문구 홍제제1동,5643,4876,767
서대문구 홍제제2동,3462,2452,1010
서대문구 홍제제3동,3547,1454,2093
서초구 내곡동,2150,4289,-2139
서초구 반포1동,4206,7247,-3041
서초구 반포2동,725,1322,-597
서초구 반포3동,2901,4565,-1664
서초구 반포4동,4178,8277,-4099
서초구 반포본동,2902,4534,-1632
서초구 방배1동,1660,1801,-141
서초구 방배2동,5051,4867,184
서초구 방배3동,2301,4362,-2061
서초구 방배4동,3385,2481,904
서초구 방배본동,1631,1416,215
서초구 서초1동,1762,3379,-1617
서초구 서초2동,5746,14324,-8578
서초구 서초3동,3462,9431,-5969
서초구 서초4동,3027,6144,-3117
서초구 양재1동,7820,9930,-2110
서초구 양재2동,4948,4268,680
서초구 잠원동,5152,10342,-5190
성동구 금호1가동,1302,332,970
성동구 금호2.3가동,2478,1012,1466
성동구 금호4가동,2565,1279,1286
성동구 마장동,3822,5984,-2162
성동구 사근동,1625,2360,-735
성동구 성수1가제1동,2874,2812,62
성동구 성수1가제2동,1284,2573,-1289
성동구 성수2가제1동,3440,1617,1823
성동구 성수2가제3동,1293,2864,-1571
성동구 송정동,2566,1176,1390
성동구 옥수동,1483,908,575
성동구 왕십리도선동,2335,3122,-787
성동구 왕십리제2동,3077,3321,-244
성동구 용답동,5090,4401,689
성동구 응봉동,1644,770,874
성동구 행당제1동,2036,3418,-1382
성동구 행당제2동,4168,3293,875
성북구 길음제1동,8254,7708,546
성북구 길음제2동,3293,6625,-3332
성북구 돈암제1동,6780,5287,1493
성북구 돈암제2동,2502,713,1789
성북구 동선동,5545,6780,-1235
성북구 보문동,2929,2625,304
성북구 삼선동,6293,5317,976
성북구 석관동,4839,4198,641
성북구 성북동,8608,8671,-63
성북구 안암동,2508,5480,-2972
성북구 월곡제1동,5094,4268,826
성북구 월곡제2동,2293,2546,-253
성북구 장위제1동,6195,1321,4874
성북구 장위제2동,3349,2378,971
성북구 장위제3동,3058,2201,857
성북구 정릉제1동,4361,3247,1114
성북구 정릉제2동,7704,2282,5422
성북구 정릉제3동,2034,1838,196
성북구 정릉제4동,7482,1859,5623
성북구 종암동,11438,9193,2245
송파구 가락1동,504,583,-79
송파구 가락2동,4004,3221,783
송파구 가락본동,4363,5571,-1208
송파구 거여1동,1604,798,806
송파구 거여2동,534,59,475
송파구 마천1동,3225,783,2442
송파구 마천2동,5421,1411,4010
송파구 문정1동,1333,672,661
송파구 문정2동,3816,5920,-2104
송파구 방이1동,1336,835,501
송파구 방이2동,3886,4417,-531
송파구 삼전동,4273,1715,2558
송파구 석촌동,4874,5190,-316
송파구 송파1동,3751,2654,1097
송파구 송파2동,1252,1051,201
송파구 오금동,4272,3321,951
송파구 오륜동,1186,2192,-1006
송파구 위례동,4081,1409,2672
송파구 잠실2동,1330,1690,-360
송파구 잠실3동,6775,10255,-3480
송파구 잠실4동,109,412,-303
송파구 잠실6동,1548,6515,-4967
송파구 잠실7동,1756,2677,-921
송파구 잠실본동,4541,4035,506
송파구 장지동,3849,1369,2480
송파구 풍납1동,4267,1910,2357
송파구 풍납2동,4060,5130,-1070
양천구 목1동,4075,6878,-2803
양천구 목2동,3403,5308,-1905
양천구 목3동,5380,5304,76
양천구 목4동,6240,1671,4569
양천구 목5동,3755,4018,-263
양천구 신월1동,3960,915,3045
양천구 신월2동,3433,2179,1254
양천구 신월3동,4178,1896,2282
양천구 신월4동,3827,817,3010
양천구 신월5동,2959,2003,956
양천구 신월6동,3747,991,2756
양천구 신월7동,8393,1885,6508
양천구 신정1동,2141,3228,-1087
양천구 신정2동,974,437,537
양천구 신정3동,9505,4052,5453
양천구 신정4동,5377,9105,-3728
양천구 신정6동,889,985,-96
양천구 신정7동,2203,1640,563
영등포구 당산제1동,3537,5404,-1867
영등포구 당산제2동,3216,7859,-4643
영등포구 대림제1동,3974,3285,689
영등포구 대림제2동,2092,2708,-616
영등포구 대림제3동,3347,1943,1404
영등포구 도림동,1395,508,887
영등포구 문래동,4076,6237,-2161
영등포구 신길제1동,6796,4942,1854
영등포구 신길제3동,8049,2662,5387
영등포구 신길제4동,3143,1423,1720
영등포구 신길제5동,3356,2751,605
영등포구 신길제6동,3474,2662,812
영등포구 신길제7동,1844,1871,-27
영등포구 양평제1동,1874,2078,-204
영등포구 양평제2동,3649,4998,-1349
영등포구 여의동,17244,41572,-24328
영등포구 영등포동,11618,19189,-7571
영등포구 영등포본동,4757,8216,-3459
용산구 남영동,7847,10412,-2565
용산구 보광동,2664,516,2148
용산구 서빙고동,2284,2279,5
용산구 용문동,601,569,32
용산구 용산2가동,2465,859,1606
용산구 원효로제1동,2066,2546,-480
용산구 원효로제2동,2121,1291,830
용산구 이촌제1동,1333,2855,-1522
용산구 이촌제2동,1127,248,879
용산구 이태원제1동,2280,2271,9
용산구 이태원제2동,981,591,390
용산구 청파동,3241,2014,1227
용산구 필동,0,0,0
용산구 한강로동,4715,13433,-8718
용산구 한남동,7930,11003,-3073
용산구 효창동,2024,641,1383
용산구 후암동,2267,719,1548
은평구 갈현제1동,5220,1208,4012
은평구 갈현제2동,2922,972,1950
은평구 구산동,6602,975,5627
은평구 녹번동,6175,4171,2004
은평구 대조동,8431,9210,-779
은평구 불광제1동,4395,3569,826
은평구 불광제2동,6261,4517,1744
은평구 수색동,3141,3130,11
은평구 신사제1동,5892,3654,2238
은평구 신사제2동,4235,2542,1693
은평구 역촌동,9619,3283,6336
은평구 응암제1동,7603,8991,-1388
은평구 응암제2동,3284,638,2646
은평구 응암제3동,4595,1874,2721
은평구 증산동,4375,4153,222
은평구 진관동,7248,6096,1152
종로구 가회동,37,2,35
종로구 교남동,392,653,-261
종로구 무악동,584,466,118
종로구 부암동,3348,1917,1431
종로구 사직동,7153,16905,-9752
종로구 삼청동,418,1630,-1212
종로구 숭인제1동,171,98,73
종로구 숭인제2동,5860,8414,-2554
종로구 이화동,3610,6923,-3313
종로구 종로1.2.3.4가동,16627,40861,-24234
종로구 종로5.6가동,4283,4938,-655
종로구 창신제1동,7864,2814,5050
종로구 창신제2동,4832,4525,307
종로구 창신제3동,349,171,178
종로구 청운효자동,1298,1930,-632
종로구 충현동,1052,801,251
종로구 평창동,3096,2614,482
종로구 혜화동,5779,7857,-2078
중구 광희동,10949,8918,2031
중구 다산동,2735,2661,74
중구 동화동,145,241,-96
중구 명동,3365,14787,-11422
중구 소공동,7131,17302,-10171
중구 신당동,6633,2913,3720
중구 신당제5동,2373,1524,849
중구 약수동,1044,607,437
중구 을지로동,1055,5368,-4313
중구 장충동,691,1714,-1023
중구 중림동,1392,2451,-1059
중구 청구동,730,513,217
중구 필동,985,2603,-1618
중구 황학동,2678,1766,912
중구 회현동,12694,25244,-12550
중랑구 망우본동,8452,4560,3892
중랑구 망우제3동,4062,759,3303
중랑구 면목본동,7064,4943,2121
중랑구 면목제2동,3788,1256,2532
중랑구 면목제3.8동,5775,3104,2671
중랑구 면목제4동,4084,2171,1913
중랑구 면목제5동,3756,1735,2021
중랑구 면목제7동,2723,1748,975
중랑구 묵제1동,2235,2460,-225
중랑구 묵제2동,2600,966,1634
중랑구 상봉제1동,3932,3441,491
중랑구 상봉제2동,4223,6795,-2572
중랑구 신내1동,8395,1520,6875
중랑구 신내2동,4565,3176,1389
중랑구 중화제1동,1415,2215,-800
중랑구 중화제2동,6910,5828,1082
NA,169491,80427,89064
