ID,insum,outsum,diff
100000001,518,293,225
100000002,849,358,491
100000003,6781,1217,5564
100000004,1473,451,1022
100000005,1576,1492,84
100000006,128,75,53
100000007,365,199,166
100000008,42,367,-325
100000009,155,70,85
100000010,2,23,-21
100000011,202,38,164
100000012,47,441,-394
100000013,4,124,-120
100000014,164,307,-143
100000015,556,426,130
100000016,589,887,-298
100000017,261,795,-534
100000018,947,366,581
100000019,3717,1113,2604
100000020,1208,1386,-178
100000021,4976,1068,3908
100000022,732,469,263
100000023,4251,454,3797
100000025,1455,259,1196
100000028,1011,486,525
100000029,181,97,84
100000030,364,16,348
100000031,2328,1920,408
100000032,1987,1507,480
100000033,402,1110,-708
100000034,552,187,365
100000035,990,472,518
100000036,1603,642,961
100000037,172,250,-78
100000038,432,532,-100
100000039,347,121,226
100000040,95,74,21
100000041,202,204,-2
100000042,227,191,36
100000043,254,186,68
100000044,187,538,-351
100000045,282,970,-688
100000046,295,979,-684
100000047,165,632,-467
100000048,324,534,-210
100000049,1072,1960,-888
100000051,206,924,-718
100000053,9,2,7
100000054,37,17,20
100000055,235,241,-6
100000056,128,322,-194
100000057,844,472,372
100000058,418,1102,-684
100000059,0,74,-74
100000060,162,220,-58
100000061,696,337,359
100000062,920,287,633
100000063,244,200,44
100000064,381,245,136
100000065,262,987,-725
100000066,104,730,-626
100000067,352,647,-295
100000068,262,984,-722
100000069,103,1235,-1132
100000072,342,986,-644
100000073,621,1007,-386
100000075,276,295,-19
100000076,1253,975,278
100000077,410,31,379
100000078,110,6,104
100000079,69,35,34
100000080,22,13,9
100000081,26,8,18
100000102,1123,630,493
100000103,1371,258,1113
100000104,2484,539,1945
100000105,2236,331,1905
100000106,1112,613,499
100000107,231,145,86
100000108,345,815,-470
100000109,1884,771,1113
100000116,793,206,587
100000117,21,14,7
100000118,567,396,171
100000119,314,381,-67
100000121,61,420,-359
100000122,380,388,-8
100000123,3019,2893,126
100000124,6106,3129,2977
100000125,3005,501,2504
100000126,548,181,367
100000127,1378,323,1055
100000128,479,433,46
100000129,376,297,79
100000130,248,387,-139
100000131,3410,1594,1816
100000132,2003,791,1212
100000133,7642,2060,5582
100000135,191,373,-182
100000139,83,407,-324
100000140,43,133,-90
100000142,170,490,-320
100000143,1279,720,559
100000144,2884,925,1959
100000147,511,1074,-563
100000150,10,365,-355
100000151,383,184,199
100000153,207,150,57
100000154,28,39,-11
100000155,11,9,2
100000156,9,52,-43
100000157,51,112,-61
100000158,24,80,-56
100000159,236,304,-68
100000165,652,549,103
100000169,289,178,111
100000174,1066,210,856
100000179,91,439,-348
100000180,643,663,-20
100000181,46,245,-199
100000188,37,229,-192
100000189,378,198,180
100000190,219,146,73
100000191,259,242,17
100000192,59,39,20
100000193,74,101,-27
100000330,1272,218,1054
100000355,286,344,-58
100000362,2175,1956,219
100000363,1221,1940,-719
100000364,273,137,136
100000365,1990,3417,-1427
100000366,2431,1536,895
100000367,1363,2338,-975
100000368,1475,1183,292
100000369,430,802,-372
100000370,78,180,-102
100000376,49,45,4
100000379,1371,556,815
100000380,2160,963,1197
100000384,3719,1259,2460
100000385,3449,1758,1691
100000386,4944,1335,3609
100000387,4992,1682,3310
100000388,9609,1741,7868
100000389,8358,1778,6580
100000390,9481,1470,8011
100000391,5558,1758,3800
100000392,2592,583,2009
100000393,728,548,180
100000394,3826,1370,2456
100000395,1626,495,1131
100000396,2697,897,1800
100000397,1356,726,630
100000398,7459,5175,2284
100000413,10,1,9
100000414,560,306,254
100900002,1,30,-29
100900003,64,93,-29
100900004,10,681,-671
100900005,43,2,41
100900006,2,108,-106
100900007,66,1,65
100900008,0,392,-392
100900009,2,20,-18
100900010,7,55,-48
100900011,14,299,-285
100900012,0,222,-222
100900013,178,0,178
100900014,2,3,-1
100900015,76,61,15
100900016,1,20,-19
100900017,312,22,290
100900018,0,12,-12
100900019,0,22,-22
100900020,92,2,90
100900021,586,2,584
100900022,2,9,-7
100900023,0,3,-3
100900024,285,2,283
100900025,9,3,6
100900026,12,86,-74
100900027,349,1084,-735
100900028,42,71,-29
100900029,58,3,55
100900030,7,6,1
100900031,117,25,92
100900032,63,0,63
100900033,163,44,119
100900034,134,1,133
100900035,145,1,144
100900036,5,0,5
100900037,4,168,-164
100900038,24,7,17
100900039,175,549,-374
100900040,86,792,-706
100900041,44,749,-705
100900042,196,251,-55
100900043,0,0,0
100900044,1864,142,1722
100900045,16,0,16
100900046,380,5,375
100900047,413,31,382
100900048,20,2,18
100900049,12,178,-166
100900050,0,11,-11
100900051,21,30,-9
100900052,35,30,5
100900053,45,13,32
100900054,2,87,-85
100900055,73,74,-1
100900056,23,44,-21
100900057,224,180,44
100900058,69,26,43
100900059,20,0,20
100900060,38,15,23
100900061,256,156,100
100900062,0,32,-32
100900063,56,236,-180
100900064,200,3,197
100900065,30,16,14
100900066,23,16,7
100900067,0,2,-2
100900068,5,105,-100
100900069,100,0,100
100900070,56,0,56
100900071,337,107,230
100900072,1,55,-54
100900073,26,382,-356
100900074,0,8,-8
100900075,1903,135,1768
100900076,9,14,-5
100900077,0,78,-78
100900078,40,82,-42
100900079,0,27,-27
100900080,7,94,-87
100900081,17,18,-1
100900082,25,669,-644
100900083,2,32,-30
100900085,1,49,-48
100900086,58,190,-132
100900088,13,504,-491
100900089,0,28,-28
100900090,60,238,-178
100900091,1,4,-3
100900092,48,44,4
100900093,47,74,-27
100900094,24,445,-421
100900095,1,25,-24
100900096,15,47,-32
100900097,0,5,-5
100900098,0,53,-53
100900099,21,375,-354
100900100,1,112,-111
100900101,243,16,227
100900102,13,12,1
100900103,0,26,-26
100900104,5,82,-77
100900105,4,27,-23
100900106,50,0,50
100900107,1100,209,891
100900108,2,3,-1
100900109,0,41,-41
100900110,0,8,-8
100900111,49,82,-33
100900112,0,1,-1
100900113,0,16,-16
100900114,2,19,-17
100900115,0,8,-8
100900116,309,231,78
100900117,75,202,-127
100900118,0,41,-41
100900119,0,15,-15
100900120,0,5,-5
100900121,109,148,-39
100900122,67,105,-38
100900123,10,40,-30
100900124,9,6,3
100900125,1,42,-41
100900126,14,113,-99
100900127,0,6,-6
100900128,46,55,-9
100900129,0,46,-46
100900131,18,36,-18
100900133,7,23,-16
100900134,0,2,-2
100900135,0,59,-59
100900137,230,93,137
100900138,257,111,146
100900139,0,2,-2
100900140,4,621,-617
100900141,1,127,-126
100900142,0,3,-3
100900143,694,120,574
100900144,15,1,14
100900145,20,42,-22
100900146,1,1,0
100900147,6,91,-85
100900148,17,823,-806
100900149,22,35,-13
100900150,0,5,-5
100900151,48,374,-326
100900152,42,0,42
100900153,0,66,-66
100900154,1,3,-2
100900155,0,5,-5
100900156,11,1,10
100900157,0,47,-47
100900159,0,6,-6
100900160,0,7,-7
100900161,68,0,68
100900162,2,100,-98
100900163,67,115,-48
100900164,1,14,-13
100900165,9,9,0
100900166,8,2,6
100900167,4,50,-46
100900168,2,59,-57
100900169,103,959,-856
100900170,4,2,2
100900171,11,691,-680
100900172,0,1,-1
100900173,4,492,-488
100900174,56,20,36
100900176,642,17,625
100900177,599,95,504
100900178,44,72,-28
100900179,39,19,20
100900180,10,0,10
100900181,42,10,32
100900182,11,10,1
100900184,1,90,-89
100900186,667,320,347
100900187,5,152,-147
100900188,15,2,13
100900189,373,65,308
100900191,749,344,405
100900192,103,67,36
100900195,41,119,-78
100900197,0,45,-45
100900198,7,128,-121
100900199,1,4,-3
100900200,423,239,184
100900201,14,561,-547
100900202,0,0,0
100900203,0,37,-37
100900204,246,58,188
100900205,33,149,-116
100900206,14,17,-3
100900207,68,33,35
100900210,23,458,-435
100900211,121,24,97
100900213,11,8,3
100900214,617,52,565
100900215,6,31,-25
100900217,59,28,31
101000001,3080,1759,1321
101000002,2482,1911,571
101000003,481,955,-474
101000004,913,1686,-773
101000005,2617,2759,-142
101000006,1558,2998,-1440
101000007,709,1045,-336
101000008,7511,2464,5047
101000009,669,1695,-1026
101000010,399,1041,-642
101000011,1351,328,1023
101000012,1331,221,1110
101000013,239,398,-159
101000014,300,329,-29
101000015,507,667,-160
101000016,159,201,-42
101000017,357,288,69
101000018,3607,1617,1990
101000020,3906,781,3125
101000021,625,108,517
101000022,206,32,174
101000023,1043,468,575
101000025,7,69,-62
101000026,272,6,266
101000027,654,643,11
101000028,712,125,587
101000029,16,364,-348
101000030,347,27,320
101000031,127,66,61
101000032,2632,1286,1346
101000033,1522,1128,394
101000034,1571,568,1003
101000035,969,176,793
101000036,959,234,725
101000037,2981,599,2382
101000039,2836,453,2383
101000040,2852,1370,1482
101000041,4803,1463,3340
101000042,293,277,16
101000043,2989,994,1995
101000045,529,192,337
101000046,888,447,441
101000047,574,634,-60
101000048,308,370,-62
101000049,375,450,-75
101000050,796,274,522
101000051,1161,514,647
101000052,1080,253,827
101000053,590,742,-152
101000054,981,641,340
101000055,1144,515,629
101000056,35,27,8
101000057,1560,367,1193
101000058,1222,339,883
101000059,2352,1012,1340
101000060,1530,145,1385
101000061,1085,442,643
101000062,1309,129,1180
101000063,368,180,188
101000064,1098,216,882
101000065,132,209,-77
101000066,127,99,28
101000067,507,149,358
101000068,247,114,133
101000069,232,24,208
101000070,938,299,639
101000071,1061,420,641
101000072,609,1633,-1024
101000073,386,220,166
101000074,2494,1030,1464
101000075,4627,2212,2415
101000077,825,695,130
101000078,470,647,-177
101000079,317,703,-386
101000080,431,492,-61
101000081,640,653,-13
101000082,2020,1515,505
101000083,914,782,132
101000084,671,853,-182
101000085,1028,631,397
101000086,915,811,104
101000087,681,1025,-344
101000088,467,536,-69
101000089,555,712,-157
101000090,1848,1130,718
101000091,221,1154,-933
101000092,563,740,-177
101000093,804,432,372
101000094,323,750,-427
101000095,113,529,-416
101000096,218,419,-201
101000097,153,188,-35
101000098,273,329,-56
101000099,851,759,92
101000100,586,399,187
101000101,238,161,77
101000102,528,163,365
101000103,512,254,258
101000104,170,173,-3
101000105,716,81,635
101000106,347,241,106
101000107,79,147,-68
101000108,1118,244,874
101000109,56,57,-1
101000110,12,633,-621
101000111,63,125,-62
101000113,187,385,-198
101000114,2076,1138,938
101000115,41,23,18
101000116,19,35,-16
101000117,61,153,-92
101000119,126,14,112
101000120,160,9,151
101000121,47,6,41
101000122,36,12,24
101000123,23,12,11
101000124,257,181,76
101000125,96,274,-178
101000128,425,226,199
101000130,477,385,92
101000131,296,510,-214
101000132,191,1330,-1139
101000135,42,3,39
101000136,85,43,42
101000137,32,119,-87
101000141,1562,701,861
101000147,756,508,248
101000148,2012,23,1989
101000149,44,15,29
101000150,11,984,-973
101000151,16,70,-54
101000152,289,219,70
101000153,521,291,230
101000154,63,1238,-1175
101000155,51,66,-15
101000156,16,175,-159
101000157,28,20,8
101000160,11,21,-10
101000163,59,46,13
101000164,367,209,158
101000165,183,181,2
101000166,154,243,-89
101000168,362,196,166
101000252,400,420,-20
101000254,165,8,157
101000258,29,15,14
101000261,132,143,-11
101000262,378,588,-210
101000263,103,368,-265
101000265,8,354,-346
101000266,183,80,103
101000269,83,2,81
101000290,1010,1039,-29
101000293,8,71,-63
101000294,332,440,-108
101000295,94,262,-168
101000301,600,70,530
101000304,1071,1841,-770
101000305,1488,1009,479
101000328,71,269,-198
101900001,15,70,-55
101900002,0,21,-21
101900003,55,27,28
101900004,2,10,-8
101900005,3540,410,3130
101900006,619,73,546
101900007,235,12,223
101900008,94,90,4
101900009,21,135,-114
101900010,586,197,389
101900011,79,269,-190
101900012,38,101,-63
101900013,799,29,770
101900017,9,58,-49
101900018,1129,64,1065
101900019,128,58,70
101900020,96,61,35
101900021,0,13,-13
101900022,29,1114,-1085
101900023,44,165,-121
101900026,72,18,54
101900027,14,96,-82
102000001,888,1487,-599
102000002,368,288,80
102000003,2543,2290,253
102000004,4126,1163,2963
102000005,1292,1414,-122
102000006,3976,961,3015
102000007,1078,2423,-1345
102000008,3430,985,2445
102000009,3453,4286,-833
102000010,4582,1531,3051
102000011,2168,2497,-329
102000012,6582,3424,3158
102000018,1846,1244,602
102000019,1937,648,1289
102000026,173,196,-23
102000029,350,100,250
102000030,51,93,-42
102000031,8,116,-108
102000032,111,236,-125
102000033,106,299,-193
102000034,253,186,67
102000035,519,291,228
102000036,3,115,-112
102000038,8,17,-9
102000039,26,40,-14
102000040,221,36,185
102000041,77,96,-19
102000042,59,49,10
102000043,124,114,10
102000044,161,290,-129
102000045,511,692,-181
102000046,499,307,192
102000047,451,716,-265
102000048,79,352,-273
102000049,313,378,-65
102000050,443,755,-312
102000051,120,286,-166
102000052,555,603,-48
102000053,248,438,-190
102000054,185,492,-307
102000055,408,926,-518
102000056,308,928,-620
102000057,676,310,366
102000058,728,1345,-617
102000059,766,753,13
102000060,770,605,165
102000061,724,1996,-1272
102000062,391,970,-579
102000063,765,1139,-374
102000064,395,501,-106
102000065,21,78,-57
102000066,615,771,-156
102000067,1406,1247,159
102000068,6215,2009,4206
102000069,29,1141,-1112
102000070,2180,46,2134
102000071,5005,7331,-2326
102000072,2467,3550,-1083
102000073,261,686,-425
102000074,221,439,-218
102000075,93,232,-139
102000076,130,426,-296
102000077,193,1077,-884
102000078,251,633,-382
102000079,58,219,-161
102000080,20,56,-36
102000081,222,573,-351
102000082,672,368,304
102000083,131,648,-517
102000084,78,403,-325
102000085,1004,995,9
102000086,655,1000,-345
102000087,368,1686,-1318
102000088,117,204,-87
102000089,504,406,98
102000090,240,947,-707
102000091,1153,441,712
102000092,350,639,-289
102000093,559,450,109
102000094,778,297,481
102000095,459,459,0
102000096,777,375,402
102000097,853,490,363
102000098,383,557,-174
102000099,478,282,196
102000100,698,443,255
102000101,787,195,592
102000102,241,1028,-787
102000103,800,202,598
102000104,826,243,583
102000105,59,716,-657
102000106,323,743,-420
102000107,205,268,-63
102000108,248,177,71
102000109,242,440,-198
102000110,146,524,-378
102000111,269,869,-600
102000112,66,32,34
102000113,9,27,-18
102000114,685,371,314
102000115,185,102,83
102000116,172,139,33
102000117,123,319,-196
102000118,1371,702,669
102000119,2126,349,1777
102000120,135,233,-98
102000121,326,476,-150
102000122,146,416,-270
102000123,771,501,270
102000124,472,599,-127
102000125,493,446,47
102000126,350,431,-81
102000127,538,503,35
102000128,358,655,-297
102000129,451,784,-333
102000130,260,446,-186
102000131,457,466,-9
102000132,213,362,-149
102000133,547,2233,-1686
102000134,257,452,-195
102000135,838,329,509
102000136,735,148,587
102000137,579,424,155
102000138,177,237,-60
102000139,36,270,-234
102000140,215,165,50
102000141,78,401,-323
102000142,87,222,-135
102000143,28,293,-265
102000144,30,334,-304
102000145,103,259,-156
102000146,124,163,-39
102000147,151,191,-40
102000148,105,120,-15
102000149,76,477,-401
102000150,111,126,-15
102000151,30,247,-217
102000152,52,101,-49
102000153,298,142,156
102000154,223,373,-150
102000155,59,166,-107
102000156,244,16,228
102000157,41,100,-59
102000158,174,83,91
102000159,1062,87,975
102000161,2909,542,2367
102000162,270,73,197
102000163,56,244,-188
102000164,798,311,487
102000165,242,63,179
102000166,42,106,-64
102000167,79,84,-5
102000168,101,105,-4
102000169,31,249,-218
102000170,439,79,360
102000171,110,40,70
102000172,13,148,-135
102000173,185,162,23
102000174,25,29,-4
102000175,63,154,-91
102000176,25,61,-36
102000178,69,457,-388
102000179,113,144,-31
102000180,204,487,-283
102000181,107,599,-492
102000182,185,496,-311
102000183,580,1620,-1040
102000184,201,255,-54
102000185,798,1366,-568
102000186,449,1180,-731
102000187,263,1498,-1235
102000188,378,1187,-809
102000189,2449,1281,1168
102000190,395,1223,-828
102000191,981,322,659
102000192,470,756,-286
102000193,11,188,-177
102000194,23,101,-78
102000195,141,405,-264
102000196,42,389,-347
102000197,135,408,-273
102000198,46,680,-634
102000199,196,313,-117
102000200,125,874,-749
102000201,189,382,-193
102000202,0,119,-119
102000203,95,257,-162
102000204,140,942,-802
102000205,359,731,-372
102000206,246,567,-321
102000207,308,317,-9
102000208,134,448,-314
102000209,16,46,-30
102000210,114,456,-342
102000211,62,304,-242
102000212,36,19,17
102000213,2,265,-263
102000214,40,15,25
102000215,1,470,-469
102000216,22,20,2
102000217,2,197,-195
102000218,77,20,57
102000219,251,323,-72
102000225,776,545,231
102000226,1351,98,1253
102000227,29,0,29
102000228,0,73,-73
102000229,12,21,-9
102000230,145,514,-369
102000231,258,361,-103
102000232,4,96,-92
102000233,571,547,24
102000234,36,1147,-1111
102000236,348,70,278
102000237,214,125,89
102000238,155,214,-59
102000240,554,438,116
102000241,158,62,96
102000243,20,68,-48
102000245,18,93,-75
102000246,16,21,-5
102000247,962,690,272
102000248,656,786,-130
102000249,174,390,-216
102000250,26,317,-291
102000254,30,479,-449
102000266,25,92,-67
102000271,4,0,4
102000286,254,231,23
102000297,910,597,313
102000303,0,0,0
102000305,0,0,0
102000307,0,2,-2
102900001,660,584,76
102900002,203,39,164
102900003,14,234,-220
102900005,136,220,-84
102900006,207,138,69
102900007,190,12,178
102900008,90,50,40
102900009,202,53,149
102900010,453,249,204
102900011,1647,158,1489
102900012,324,29,295
102900013,1,44,-43
102900015,460,95,365
102900016,8,84,-76
102900017,32,421,-389
102900018,5,107,-102
102900019,91,214,-123
102900020,29,19,10
102900021,6,82,-76
102900022,179,26,153
102900023,7,46,-39
102900024,12,31,-19
102900025,153,54,99
102900026,279,836,-557
102900027,33,59,-26
102900028,49,229,-180
102900029,32,43,-11
102900030,160,96,64
102900031,45,89,-44
102900032,13,124,-111
102900033,26,114,-88
102900034,141,93,48
102900035,34,352,-318
102900036,60,463,-403
102900037,57,570,-513
102900038,200,364,-164
102900039,4,171,-167
102900040,63,111,-48
102900041,22,106,-84
102900042,78,195,-117
102900043,57,205,-148
102900044,221,1343,-1122
102900045,21,361,-340
102900046,40,222,-182
102900047,25,640,-615
102900048,242,502,-260
102900049,30,227,-197
102900050,100,216,-116
102900051,54,113,-59
102900053,135,549,-414
102900054,517,378,139
102900055,18,45,-27
102900056,67,314,-247
102900057,2,6,-4
102900058,195,30,165
102900059,5,24,-19
102900060,16,262,-246
102900061,29,344,-315
102900062,37,1077,-1040
102900063,366,298,68
102900064,116,243,-127
102900065,1164,457,707
102900066,129,11,118
102900068,21,38,-17
102900070,62,475,-413
102900072,6,7,-1
102900073,67,1,66
102900075,19,17,2
102900076,90,31,59
102900077,18,16,2
102900078,10,34,-24
102900079,86,6,80
102900080,100,15,85
102900081,46,136,-90
102900082,4,197,-193
102900083,174,0,174
102900084,0,8,-8
102900085,50,19,31
102900086,0,4,-4
102900087,12,75,-63
102900088,4,23,-19
102900089,158,72,86
102900090,3,278,-275
102900091,22,2,20
102900092,44,712,-668
102900094,0,35,-35
102900095,38,0,38
102900096,16,11,5
102900097,1,70,-69
103000001,1328,1963,-635
103000002,1112,1314,-202
103000003,1830,1713,117
103000004,707,385,322
103000005,1248,1488,-240
103000006,449,911,-462
103000007,416,666,-250
103000008,337,486,-149
103000009,341,482,-141
103000010,152,131,21
103000011,1164,562,602
103000012,642,852,-210
103000013,5148,1392,3756
103000014,807,710,97
103000015,1613,650,963
103000016,440,525,-85
103000017,106,181,-75
103000018,743,256,487
103000019,102,91,11
103000020,997,991,6
103000021,643,763,-120
103000022,613,903,-290
103000023,273,674,-401
103000024,114,121,-7
103000025,30,160,-130
103000026,1504,92,1412
103000027,188,186,2
103000028,513,223,290
103000029,354,89,265
103000030,1473,367,1106
103000031,1202,727,475
103000032,1600,1312,288
103000033,2005,1624,381
103000034,1269,464,805
103000035,351,574,-223
103000036,352,260,92
103000037,523,220,303
103000038,451,482,-31
103000039,78,370,-292
103000040,112,1022,-910
103000041,1124,2650,-1526
103000042,403,535,-132
103000043,175,1068,-893
103000044,71,234,-163
103000046,120,136,-16
103000047,239,486,-247
103000048,84,122,-38
103000049,54,136,-82
103000050,301,479,-178
103000051,177,294,-117
103000052,474,296,178
103000053,90,185,-95
103000054,1020,787,233
103000055,824,967,-143
103000056,352,1846,-1494
103000057,317,229,88
103000058,174,822,-648
103000059,254,659,-405
103000060,582,607,-25
103000061,307,503,-196
103000062,550,621,-71
103000063,376,575,-199
103000064,65,240,-175
103000065,3,285,-282
103000066,29,12,17
103000069,80,227,-147
103000070,383,987,-604
103000071,436,274,162
103000072,46,721,-675
103000073,149,50,99
103000074,218,70,148
103000075,80,658,-578
103000076,120,64,56
103000077,20,257,-237
103000078,857,158,699
103000079,1080,313,767
103000080,635,86,549
103000081,266,413,-147
103000082,220,72,148
103000083,47,306,-259
103000084,86,7,79
103000085,0,54,-54
103000086,443,172,271
103000087,56,193,-137
103000088,237,161,76
103000089,122,210,-88
103000090,885,776,109
103000091,352,246,106
103000092,170,197,-27
103000093,195,445,-250
103000094,105,79,26
103000095,10,298,-288
103000096,386,42,344
103000097,11,501,-490
103000098,618,68,550
103000099,222,464,-242
103000100,36,577,-541
103000101,189,109,80
103000102,50,513,-463
103000103,198,139,59
103000104,20,130,-110
103000105,25,84,-59
103000106,1,72,-71
103000107,266,56,210
103000108,510,452,58
103000109,256,273,-17
103000110,287,260,27
103000111,288,246,42
103000112,128,176,-48
103000113,219,410,-191
103000114,547,166,381
103000115,233,376,-143
103000116,257,334,-77
103000117,114,332,-218
103000118,785,856,-71
103000119,1410,723,687
103000120,17,70,-53
103000121,143,405,-262
103000122,176,161,15
103000125,2,508,-506
103000126,165,6,159
103000127,4,305,-301
103000128,52,2,50
103000129,0,120,-120
103000130,7,13,-6
103000131,167,54,113
103000132,76,61,15
103000133,4,155,-151
103000134,477,259,218
103000135,470,140,330
103000136,480,221,259
103000137,333,322,11
103000138,663,344,319
103000139,0,28,-28
103000140,77,7,70
103000141,8,70,-62
103000142,102,36,66
103000143,26,116,-90
103000144,101,37,64
103000145,41,16,25
103000150,62,35,27
103000152,166,142,24
103000153,129,127,2
103000156,1,515,-514
103000157,156,1,155
103000159,40,36,4
103000162,41,11,30
103000163,2,7,-5
103000164,6,11,-5
103000165,110,396,-286
103000166,69,99,-30
103000167,69,101,-32
103000168,39,125,-86
103000169,81,193,-112
103000170,390,447,-57
103000171,25,37,-12
103000172,71,255,-184
103000173,128,565,-437
103000174,114,227,-113
103000175,79,496,-417
103000176,562,125,437
103000177,552,369,183
103000178,277,201,76
103000179,42,13,29
103000183,30,23,7
103000185,32,57,-25
103000186,32,122,-90
103000187,115,570,-455
103000188,2,68,-66
103000189,528,777,-249
103000191,294,336,-42
103000292,2004,615,1389
103000293,1150,509,641
103000295,71,34,37
103000296,204,4,200
103000297,51,1,50
103000504,212,5,207
103000505,5,10,-5
103000506,1,151,-150
103000507,62,2,60
103000508,38,9,29
103000509,634,554,80
103900001,3,308,-305
103900002,1453,85,1368
103900003,802,22,780
103900004,7,0,7
103900005,0,183,-183
103900006,0,0,0
103900007,4,0,4
103900008,1,0,1
103900010,92,165,-73
103900012,1,5,-4
103900014,8,42,-34
103900015,23,8,15
103900017,12,48,-36
103900018,563,108,455
103900019,13,107,-94
103900020,72,131,-59
103900021,581,26,555
103900022,407,447,-40
103900023,44,2,42
103900024,34,428,-394
103900025,6,27,-21
103900026,20,7,13
103900027,137,138,-1
103900028,54,170,-116
103900029,399,81,318
103900030,62,4,58
103900031,0,0,0
103900032,18,15,3
103900033,10,0,10
103900034,7,142,-135
103900035,14,34,-20
103900036,41,1,40
103900037,11,26,-15
103900038,56,48,8
103900039,24,387,-363
103900040,10,134,-124
103900041,6,11,-5
103900042,28,460,-432
103900043,36,73,-37
103900044,109,51,58
103900045,109,103,6
103900047,10,16,-6
103900048,20,5,15
103900049,137,716,-579
103900050,2,89,-87
103900051,0,19,-19
103900052,53,543,-490
103900053,34,830,-796
103900054,17,502,-485
103900055,91,128,-37
103900056,4,49,-45
103900057,4,254,-250
103900058,43,541,-498
103900059,0,2,-2
103900060,7,134,-127
103900061,13,47,-34
103900062,42,23,19
103900063,4,0,4
103900064,8,0,8
103900065,695,99,596
103900066,26,6,20
103900067,27,1,26
103900068,18,21,-3
103900069,40,5,35
103900070,75,185,-110
103900071,8,110,-102
103900072,4,256,-252
103900073,2,2,0
103900074,15,104,-89
103900075,57,85,-28
103900076,121,568,-447
103900077,43,29,14
103900078,21,66,-45
103900079,26,155,-129
103900080,2,9,-7
103900081,120,0,120
103900082,3,84,-81
103900083,1693,144,1549
103900084,16,59,-43
103900085,55,68,-13
103900086,139,132,7
103900088,360,118,242
103900089,79,135,-56
103900090,1,102,-101
103900091,492,124,368
103900092,137,437,-300
103900093,58,407,-349
103900094,1,122,-121
103900095,74,105,-31
103900096,9,335,-326
103900097,2,348,-346
103900098,58,28,30
103900099,6,219,-213
103900100,28,234,-206
103900101,37,620,-583
103900102,2,25,-23
103900104,1,12,-11
103900105,69,106,-37
103900106,0,19,-19
103900107,13,150,-137
103900108,14,370,-356
103900109,12,52,-40
103900110,66,22,44
103900111,10,596,-586
103900112,6,41,-35
103900113,68,94,-26
103900114,374,259,115
103900115,108,41,67
103900116,4778,452,4326
103900117,206,67,139
103900119,12,20,-8
103900120,20,58,-38
103900122,14,264,-250
103900123,1079,266,813
103900124,33,598,-565
103900125,53,71,-18
103900126,87,334,-247
103900127,95,482,-387
103900128,97,367,-270
103900131,16,122,-106
103900133,401,24,377
103900134,0,0,0
103900135,2,12,-10
103900137,0,30,-30
103900138,13,284,-271
103900139,468,718,-250
103900140,0,15,-15
103900141,112,59,53
103900142,38,134,-96
103900143,4,0,4
103900144,0,51,-51
103900145,66,281,-215
103900146,129,279,-150
103900147,98,39,59
103900148,144,397,-253
103900149,37,594,-557
103900150,4737,869,3868
103900151,3,96,-93
103900152,59,512,-453
103900153,1,0,1
103900154,793,355,438
103900155,4,169,-165
103900156,5,106,-101
103900157,10,158,-148
103900158,9,151,-142
103900159,15,51,-36
103900160,27,8,19
103900161,25,95,-70
103900162,210,519,-309
103900163,2,309,-307
103900167,1,33,-32
103900168,12,82,-70
103900169,3,22,-19
103900170,0,124,-124
103900171,0,49,-49
103900172,1,22,-21
103900173,6,2,4
103900174,23,38,-15
103900175,21,27,-6
103900176,6,8,-2
103900177,4,19,-15
103900178,12,53,-41
103900179,17,123,-106
103900180,3,79,-76
103900181,33,18,15
103900182,17,5,12
103900184,382,8,374
103900185,120,68,52
103900187,24,12,12
103900188,19,7,12
103900189,31,2,29
103900190,14,17,-3
103900191,8,41,-33
103900192,19,41,-22
103900193,61,55,6
103900194,11,221,-210
103900195,0,16,-16
103900196,4,9,-5
103900197,5,22,-17
103900198,14,44,-30
103900199,39,86,-47
103900200,92,138,-46
103900201,28,155,-127
103900202,4,26,-22
103900203,8,14,-6
103900204,1,88,-87
103900207,0,94,-94
103900208,12,0,12
103900209,4,85,-81
103900210,3,21,-18
103900211,113,524,-411
103900212,45,501,-456
103900213,68,147,-79
103900214,160,53,107
103900215,668,197,471
103900216,3,315,-312
103900217,143,2,141
103900218,24,146,-122
103900219,40,230,-190
103900233,25,0,25
103900235,15,17,-2
103900236,13,0,13
103900242,0,5,-5
103900243,3,2,1
103900244,18,255,-237
103900245,26,147,-121
103900246,27,15,12
103900247,20,95,-75
103900248,1,14,-13
103900249,2,6,-4
103900250,8,8,0
103900251,3,21,-18
103900253,17,5,12
103900254,1,2,-1
103900255,5,2,3
103900256,19,12,7
103900257,73,59,14
103900258,14,3,11
103900259,24,0,24
103900261,1,0,1
103900262,11,0,11
103900263,19,33,-14
103900264,43,1,42
103900265,16,3,13
103900266,1,44,-43
103900267,7,64,-57
103900268,5,112,-107
103900269,49,25,24
103900270,2,90,-88
103900271,18,147,-129
103900272,1,8,-7
103900273,0,6,-6
103900274,2,1,1
103900275,3,0,3
103900276,0,12,-12
103900277,0,12,-12
103900278,0,8,-8
103900279,0,0,0
103900280,0,20,-20
104000001,1266,1676,-410
104000002,853,1859,-1006
104000003,1464,1635,-171
104000004,2551,1752,799
104000005,654,1345,-691
104000006,1722,2203,-481
104000007,2346,2368,-22
104000008,137,440,-303
104000009,74,106,-32
104000010,49,146,-97
104000011,497,470,27
104000012,72,447,-375
104000013,57,95,-38
104000014,118,575,-457
104000015,99,86,13
104000016,205,335,-130
104000018,323,132,191
104000019,189,88,101
104000020,88,769,-681
104000021,147,601,-454
104000022,69,243,-174
104000023,340,221,119
104000024,98,297,-199
104000026,57,207,-150
104000027,151,388,-237
104000028,167,189,-22
104000029,249,528,-279
104000030,95,212,-117
104000031,310,148,162
104000032,127,319,-192
104000033,186,218,-32
104000034,186,325,-139
104000035,298,305,-7
104000036,275,501,-226
104000037,126,244,-118
104000038,128,295,-167
104000039,78,390,-312
104000040,314,436,-122
104000041,416,218,198
104000042,192,396,-204
104000043,200,330,-130
104000044,142,767,-625
104000045,461,1168,-707
104000046,950,1365,-415
104000047,406,1185,-779
104000048,878,1830,-952
104000049,260,293,-33
104000050,131,449,-318
104000051,62,594,-532
104000052,658,1169,-511
104000053,461,630,-169
104000054,277,332,-55
104000055,2757,2067,690
104000056,1588,253,1335
104000057,150,598,-448
104000058,377,534,-157
104000059,210,928,-718
104000060,319,727,-408
104000061,764,941,-177
104000062,182,303,-121
104000064,651,216,435
104000065,50,233,-183
104000069,1008,471,537
104000070,36,204,-168
104000071,209,370,-161
104000072,853,417,436
104000075,21,215,-194
104000076,232,12,220
104000082,1198,1519,-321
104000083,464,165,299
104000084,63,305,-242
104000085,153,195,-42
104000086,91,332,-241
104000087,315,484,-169
104000090,339,1261,-922
104000092,310,2052,-1742
104000094,380,1669,-1289
104000095,855,1166,-311
104000096,412,399,13
104000097,712,787,-75
104000098,657,1018,-361
104000100,609,519,90
104000101,702,2089,-1387
104000106,198,481,-283
104000107,304,457,-153
104000108,223,468,-245
104000109,165,29,136
104000110,585,702,-117
104000111,3613,916,2697
104000112,1611,396,1215
104000116,0,1095,-1095
104000117,39,881,-842
104000118,120,218,-98
104000119,373,184,189
104000120,98,767,-669
104000121,133,542,-409
104000122,286,441,-155
104000123,570,1234,-664
104000124,1101,2134,-1033
104000125,3752,1685,2067
104000126,109,342,-233
104000127,1276,3736,-2460
104000128,572,299,273
104000129,229,18,211
104000130,4,135,-131
104000131,796,642,154
104000132,597,957,-360
104000133,831,645,186
104000134,484,839,-355
104000135,315,505,-190
104000136,603,1124,-521
104000137,1334,128,1206
104000138,1084,237,847
104000139,7067,2442,4625
104000141,1030,1634,-604
104000142,410,979,-569
104000143,255,821,-566
104000144,31,149,-118
104000145,193,105,88
104000146,314,441,-127
104000147,61,313,-252
104000148,115,87,28
104000149,144,349,-205
104000150,248,248,0
104000151,186,614,-428
104000152,215,782,-567
104000153,94,277,-183
104000154,1035,542,493
104000155,169,283,-114
104000157,940,1665,-725
104000158,156,154,2
104000159,237,235,2
104000160,1024,926,98
104000161,110,119,-9
104000162,45,108,-63
104000165,1054,693,361
104000167,210,245,-35
104000168,260,0,260
104000169,19,25,-6
104000170,694,171,523
104000248,99,580,-481
104000251,49,315,-266
104000272,0,0,0
104000273,0,0,0
104000274,0,0,0
104000275,0,0,0
104000279,2388,761,1627
104000290,18,240,-222
104000291,679,843,-164
104000293,424,520,-96
104000294,0,0,0
104000295,255,522,-267
104000296,189,686,-497
104000297,548,1063,-515
104000298,1600,908,692
104000299,399,991,-592
104000302,147,172,-25
104000303,196,131,65
104900001,45,300,-255
104900002,18,67,-49
104900003,17,264,-247
104900004,30,236,-206
104900005,82,102,-20
104900006,60,31,29
104900007,67,186,-119
104900009,42,393,-351
104900010,13,2,11
104900011,0,0,0
104900012,59,1,58
104900013,29,2,27
104900014,3170,151,3019
104900015,49,0,49
104900016,36,261,-225
104900017,7,159,-152
104900018,2,162,-160
104900019,181,598,-417
104900020,15,215,-200
104900021,0,198,-198
104900022,4,109,-105
104900023,0,111,-111
104900024,4,93,-89
104900025,30,298,-268
104900026,0,76,-76
104900027,97,125,-28
104900028,9,91,-82
104900029,15,50,-35
104900030,155,146,9
104900031,115,144,-29
104900032,55,97,-42
104900033,21,65,-44
104900034,90,49,41
104900035,56,50,6
104900036,39,33,6
104900037,61,246,-185
104900038,345,109,236
104900039,456,28,428
104900040,54,36,18
104900041,108,61,47
104900042,42,274,-232
104900043,6,8,-2
104900044,108,77,31
104900045,85,44,41
104900046,20,59,-39
104900047,60,81,-21
104900048,90,56,34
104900049,2,1,1
104900050,43,46,-3
104900051,22,25,-3
104900052,4,0,4
104900053,96,15,81
104900054,54,13,41
104900055,5,0,5
104900056,86,5,81
104900057,12,0,12
104900058,77,45,32
104900059,1,19,-18
104900061,168,467,-299
104900063,15,100,-85
104900064,0,70,-70
104900065,0,54,-54
104900066,1,184,-183
104900067,1,157,-156
104900068,2,188,-186
104900070,32,225,-193
104900071,0,588,-588
104900072,16,164,-148
104900073,14,197,-183
104900074,21,158,-137
104900075,19,66,-47
104900076,27,391,-364
104900077,949,44,905
104900078,54,743,-689
104900079,90,93,-3
104900080,16,450,-434
104900082,3,231,-228
104900085,1,204,-203
104900089,19,0,19
104900091,273,637,-364
104900093,109,390,-281
104900097,2357,743,1614
104900098,13,29,-16
104900099,16,221,-205
104900100,563,79,484
104900102,9,175,-166
104900103,247,77,170
104900106,12,127,-115
104900107,25,278,-253
104900108,6,214,-208
104900109,14,37,-23
104900110,11,16,-5
104900111,62,83,-21
104900112,85,780,-695
104900113,250,283,-33
104900114,129,542,-413
104900115,181,506,-325
104900116,23,202,-179
104900118,11,73,-62
104900119,1,33,-32
104900120,98,17,81
104900121,0,70,-70
104900122,1,39,-38
104900123,3,0,3
104900124,2,0,2
104900125,150,58,92
104900126,66,40,26
104900127,28,18,10
104900128,28,47,-19
104900129,1721,472,1249
105000001,1315,1531,-216
105000002,1251,1391,-140
105000003,1625,3000,-1375
105000004,338,856,-518
105000005,368,785,-417
105000006,628,993,-365
105000007,469,821,-352
105000008,374,1068,-694
105000009,707,1546,-839
105000010,1807,1693,114
105000011,1052,1318,-266
105000012,2799,2395,404
105000013,414,742,-328
105000014,729,1193,-464
105000015,4109,2935,1174
105000016,1905,1133,772
105000017,1150,807,343
105000018,860,616,244
105000019,881,645,236
105000020,73,192,-119
105000021,217,89,128
105000022,52,31,21
105000023,176,114,62
105000028,31,128,-97
105000029,220,475,-255
105000030,2980,2695,285
105000031,3,29,-26
105000033,1043,2153,-1110
105000034,80,367,-287
105000037,393,407,-14
105000038,1099,679,420
105000039,2545,1451,1094
105000040,382,451,-69
105000041,300,1147,-847
105000042,1559,650,909
105000043,1476,1785,-309
105000044,119,199,-80
105000045,195,741,-546
105000046,264,238,26
105000047,228,1218,-990
105000048,221,180,41
105000049,171,647,-476
105000050,200,198,2
105000051,114,619,-505
105000052,178,675,-497
105000053,70,153,-83
105000054,95,757,-662
105000055,181,310,-129
105000056,352,1886,-1534
105000057,599,860,-261
105000058,1144,1074,70
105000059,312,275,37
105000060,386,501,-115
105000061,217,224,-7
105000062,665,846,-181
105000063,173,630,-457
105000064,336,366,-30
105000065,190,919,-729
105000066,486,1742,-1256
105000067,318,326,-8
105000068,289,706,-417
105000069,1901,352,1549
105000070,540,692,-152
105000071,116,231,-115
105000072,523,594,-71
105000073,365,259,106
105000074,636,855,-219
105000075,291,632,-341
105000076,945,851,94
105000077,1224,635,589
105000078,894,783,111
105000079,1158,1331,-173
105000080,789,511,278
105000081,487,489,-2
105000082,342,238,104
105000083,407,384,23
105000084,241,905,-664
105000085,779,629,150
105000086,353,690,-337
105000087,1747,1353,394
105000088,975,793,182
105000089,2348,1927,421
105000090,713,696,17
105000091,1514,1416,98
105000092,328,1060,-732
105000093,200,156,44
105000094,180,102,78
105000095,78,367,-289
105000096,652,432,220
105000097,604,421,183
105000098,305,286,19
105000099,594,970,-376
105000100,528,1102,-574
105000101,1027,1605,-578
105000102,938,1240,-302
105000103,983,1483,-500
105000104,699,811,-112
105000105,414,1215,-801
105000106,491,1013,-522
105000107,397,600,-203
105000108,613,1218,-605
105000109,621,1019,-398
105000110,266,610,-344
105000111,287,432,-145
105000112,415,608,-193
105000113,125,345,-220
105000114,2561,567,1994
105000115,183,391,-208
105000116,272,344,-72
105000117,545,1199,-654
105000118,97,250,-153
105000119,204,962,-758
105000120,285,449,-164
105000121,443,806,-363
105000122,127,282,-155
105000123,783,1131,-348
105000124,710,745,-35
105000125,332,1382,-1050
105000126,932,1550,-618
105000127,1149,1332,-183
105000128,210,960,-750
105000129,354,250,104
105000130,24,522,-498
105000131,207,212,-5
105000132,260,243,17
105000133,148,852,-704
105000134,179,413,-234
105000135,225,615,-390
105000136,58,266,-208
105000137,190,184,6
105000138,189,299,-110
105000139,557,889,-332
105000140,138,322,-184
105000141,94,468,-374
105000142,32,353,-321
105000143,86,449,-363
105000144,183,475,-292
105000145,253,361,-108
105000146,320,521,-201
105000147,343,224,119
105000148,633,400,233
105000149,890,717,173
105000150,1367,967,400
105000151,162,184,-22
105000152,81,497,-416
105000153,293,283,10
105000154,557,660,-103
105000155,230,282,-52
105000156,643,623,20
105000157,772,1310,-538
105000158,1160,572,588
105000159,287,998,-711
105000160,870,427,443
105000161,385,1424,-1039
105000162,202,746,-544
105000163,851,969,-118
105000164,146,249,-103
105000165,1088,2246,-1158
105000166,5892,199,5693
105000167,1975,859,1116
105000168,107,766,-659
105000169,152,310,-158
105000170,39,833,-794
105000171,695,237,458
105000172,11,51,-40
105000173,36,20,16
105000174,28,26,2
105000175,43,130,-87
105000176,57,40,17
105000177,36,64,-28
105000178,45,525,-480
105000179,64,112,-48
105000180,30,91,-61
105000181,34,368,-334
105000182,22,74,-52
105000183,2077,891,1186
105000184,1143,631,512
105000185,891,343,548
105000186,293,917,-624
105000187,445,243,202
105000188,177,62,115
105000189,71,495,-424
105000190,71,266,-195
105000191,176,391,-215
105000192,57,68,-11
105000193,35,83,-48
105000194,89,40,49
105000195,75,739,-664
105000196,39,59,-20
105000197,85,477,-392
105000198,294,139,155
105000199,78,110,-32
105000200,54,121,-67
105000201,19,15,4
105000203,13,290,-277
105000204,49,87,-38
105000205,63,254,-191
105000207,457,150,307
105000208,142,268,-126
105000209,108,221,-113
105000211,50,13,37
105000212,523,1038,-515
105000213,103,94,9
105000214,52,155,-103
105000215,79,177,-98
105000216,28,283,-255
105000217,62,235,-173
105000218,223,660,-437
105000221,105,193,-88
105000222,40,38,2
105000223,51,117,-66
105000226,17,274,-257
105000227,24,131,-107
105000228,90,377,-287
105000229,35,177,-142
105000231,72,153,-81
105000233,446,390,56
105000234,361,900,-539
105000235,116,355,-239
105000237,231,31,200
105000243,10,41,-31
105000248,34,16,18
105000262,79,1429,-1350
105000269,36,118,-82
105000270,83,95,-12
105000271,2,230,-228
105000282,36,22,14
105000287,225,69,156
105000288,127,286,-159
105000289,353,447,-94
105000290,3,3,0
105000402,3231,790,2441
105000426,179,369,-190
105000438,317,353,-36
105000440,3,28,-25
105000446,7741,2969,4772
105000447,3937,1502,2435
105000454,64,648,-584
105000455,204,127,77
105000474,1,0,1
105000477,64,256,-192
105000478,620,1122,-502
105000479,35,92,-57
105000480,725,1168,-443
105000481,1364,1273,91
105000482,3099,2025,1074
105000483,660,716,-56
105000484,1513,2118,-605
105000485,598,936,-338
105000486,1964,1669,295
105000488,2051,1940,111
105000489,279,490,-211
105000549,6,88,-82
105000550,377,778,-401
105000551,13,98,-85
105000552,2585,1437,1148
105000555,665,473,192
105000556,23,13,10
105000557,16,291,-275
105900001,3,563,-560
105900002,1146,168,978
105900003,8,55,-47
105900004,264,30,234
105900005,7,155,-148
105900006,1,29,-28
105900007,40,11,29
105900008,14,574,-560
105900009,6,4,2
105900011,34,26,8
105900012,174,123,51
105900013,0,11,-11
105900014,0,46,-46
105900015,90,207,-117
105900016,111,554,-443
105900017,215,20,195
105900018,114,157,-43
105900019,19,479,-460
105900020,4,34,-30
105900021,5,247,-242
105900022,63,166,-103
105900023,3,89,-86
105900024,8,108,-100
105900025,13,16,-3
105900026,97,12,85
105900027,3176,1966,1210
105900028,24,120,-96
105900029,1419,220,1199
105900030,51,217,-166
105900031,219,105,114
105900032,20,66,-46
105900033,12,70,-58
105900034,59,140,-81
105900035,102,95,7
105900036,7,98,-91
105900037,23,48,-25
105900038,57,194,-137
105900039,22,109,-87
105900040,21,59,-38
105900041,111,233,-122
105900042,22,76,-54
105900043,1096,18,1078
105900044,3,73,-70
105900045,2,343,-341
105900046,4,84,-80
105900047,4,24,-20
105900048,38,321,-283
105900050,1310,341,969
105900051,3,863,-860
105900052,164,65,99
105900053,2434,505,1929
105900054,166,136,30
105900056,755,101,654
105900057,7,139,-132
105900058,3,21,-18
105900059,0,14,-14
106000001,1645,659,986
106000002,1535,2426,-891
106000003,2088,1373,715
106000004,1614,1483,131
106000005,1298,2967,-1669
106000006,3548,2951,597
106000007,328,386,-58
106000008,286,238,48
106000009,276,275,1
106000010,294,384,-90
106000011,287,740,-453
106000012,332,810,-478
106000013,800,1175,-375
106000014,1057,1350,-293
106000015,638,689,-51
106000016,1074,2077,-1003
106000017,441,462,-21
106000018,287,475,-188
106000019,155,370,-215
106000020,126,390,-264
106000021,120,384,-264
106000022,168,335,-167
106000023,276,299,-23
106000024,209,763,-554
106000025,92,105,-13
106000026,89,450,-361
106000027,388,698,-310
106000028,387,677,-290
106000029,502,1301,-799
106000030,469,154,315
106000034,116,354,-238
106000035,403,598,-195
106000036,241,161,80
106000037,792,1091,-299
106000038,243,46,197
106000039,73,31,42
106000040,79,499,-420
106000041,475,149,326
106000043,268,31,237
106000046,173,19,154
106000047,20,269,-249
106000049,189,71,118
106000050,152,647,-495
106000051,171,249,-78
106000052,46,503,-457
106000053,75,75,0
106000054,204,360,-156
106000055,233,392,-159
106000056,119,503,-384
106000057,141,98,43
106000058,63,128,-65
106000059,106,162,-56
106000060,343,447,-104
106000061,96,208,-112
106000062,124,434,-310
106000063,308,263,45
106000064,32,285,-253
106000065,114,74,40
106000066,58,282,-224
106000067,88,51,37
106000068,31,460,-429
106000069,57,66,-9
106000070,134,546,-412
106000071,219,158,61
106000072,3198,881,2317
106000073,1096,1067,29
106000074,131,444,-313
106000075,128,617,-489
106000076,632,941,-309
106000077,1311,771,540
106000078,280,572,-292
106000079,227,670,-443
106000080,421,633,-212
106000081,243,607,-364
106000082,1130,656,474
106000083,184,610,-426
106000084,353,444,-91
106000085,681,592,89
106000086,319,372,-53
106000087,300,397,-97
106000088,183,544,-361
106000089,248,300,-52
106000090,113,484,-371
106000091,149,467,-318
106000092,240,161,79
106000093,117,59,58
106000094,43,329,-286
106000095,148,982,-834
106000096,230,559,-329
106000097,360,1178,-818
106000098,215,724,-509
106000099,79,750,-671
106000100,462,265,197
106000101,1079,195,884
106000102,189,415,-226
106000103,132,612,-480
106000104,454,284,170
106000105,242,827,-585
106000106,190,366,-176
106000107,67,497,-430
106000108,116,245,-129
106000109,53,416,-363
106000110,49,174,-125
106000111,65,497,-432
106000112,42,218,-176
106000113,875,566,309
106000114,356,229,127
106000115,122,531,-409
106000116,95,228,-133
106000117,447,391,56
106000118,518,740,-222
106000119,1283,723,560
106000120,402,458,-56
106000121,38,152,-114
106000122,24,235,-211
106000123,125,268,-143
106000124,17,299,-282
106000125,8,310,-302
106000126,62,197,-135
106000127,180,783,-603
106000128,177,278,-101
106000129,204,570,-366
106000130,276,270,6
106000131,71,505,-434
106000132,696,122,574
106000133,3153,575,2578
106000134,471,958,-487
106000135,135,772,-637
106000136,280,239,41
106000137,42,1411,-1369
106000138,335,48,287
106000139,13,67,-54
106000140,21,91,-70
106000141,23,132,-109
106000142,8,36,-28
106000143,13,158,-145
106000144,43,41,2
106000145,42,323,-281
106000146,54,84,-30
106000147,362,783,-421
106000148,496,886,-390
106000149,181,586,-405
106000150,286,1103,-817
106000151,3623,534,3089
106000152,916,597,319
106000153,71,910,-839
106000154,1228,150,1078
106000155,34,96,-62
106000156,265,211,54
106000157,225,1144,-919
106000158,2660,488,2172
106000159,3483,748,2735
106000160,99,975,-876
106000161,739,384,355
106000162,72,318,-246
106000163,111,515,-404
106000164,125,148,-23
106000165,96,542,-446
106000166,174,165,9
106000167,105,1087,-982
106000168,76,167,-91
106000169,59,627,-568
106000170,150,174,-24
106000171,28,672,-644
106000172,1383,528,855
106000173,457,1624,-1167
106000174,356,193,163
106000175,171,771,-600
106000176,515,393,122
106000177,349,1559,-1210
106000178,1615,871,744
106000179,663,1373,-710
106000180,684,1251,-567
106000181,226,1485,-1259
106000182,253,426,-173
106000183,255,750,-495
106000184,573,685,-112
106000185,423,625,-202
106000186,480,100,380
106000187,95,535,-440
106000188,0,1,-1
106000189,5,45,-40
106000190,5,0,5
106000191,402,121,281
106000192,0,16,-16
106000193,214,123,91
106000194,87,359,-272
106000195,149,38,111
106000196,36,286,-250
106000197,100,238,-138
106000198,86,253,-167
106000199,531,477,54
106000200,268,121,147
106000201,342,605,-263
106000202,4826,338,4488
106000203,147,120,27
106000204,9,1,8
106000205,7,107,-100
106000206,20,6,14
106000207,43,725,-682
106000208,246,30,216
106000209,348,165,183
106000210,141,1012,-871
106000211,219,1280,-1061
106000212,265,66,199
106000213,458,810,-352
106000214,1538,244,1294
106000215,106,389,-283
106000216,128,183,-55
106000217,106,356,-250
106000218,147,210,-63
106000219,65,277,-212
106000220,209,205,4
106000221,31,209,-178
106000222,19,143,-124
106000223,18,113,-95
106000224,64,287,-223
106000225,40,53,-13
106000226,84,314,-230
106000228,11,102,-91
106000229,42,702,-660
106000231,153,68,85
106000232,26,311,-285
106000233,202,73,129
106000234,55,188,-133
106000235,87,31,56
106000236,47,25,22
106000237,1,18,-17
106000238,0,2,-2
106000239,1,54,-53
106000240,25,0,25
106000241,15,483,-468
106000242,127,10,117
106000249,17,26,-9
106000250,22,316,-294
106000251,17,15,2
106000252,15,88,-73
106000253,3,34,-31
106000254,14,61,-47
106000255,7,67,-60
106000256,32,71,-39
106000257,74,196,-122
106000258,35,26,9
106000259,2,39,-37
106000260,6,6,0
106000261,0,36,-36
106000262,4,13,-9
106000263,2,79,-77
106000264,69,5,64
106000265,0,157,-157
106000266,69,7,62
106000267,5,56,-51
106000268,283,15,268
106000269,77,32,45
106000270,120,292,-172
106000271,14,167,-153
106000272,90,44,46
106000273,5,82,-77
106000274,119,22,97
106000275,51,117,-66
106000276,52,46,6
106000277,90,118,-28
106000278,143,29,114
106000279,2,56,-54
106000280,17,109,-92
106000281,26,72,-46
106000282,42,46,-4
106000283,32,67,-35
106000284,24,87,-63
106000285,57,104,-47
106000286,46,105,-59
106000287,40,74,-34
106000288,43,88,-45
106000289,15,91,-76
106000290,41,100,-59
106000291,14,91,-77
106000292,16,108,-92
106000293,38,39,-1
106000294,49,87,-38
106000295,12,26,-14
106000296,25,67,-42
106000297,46,128,-82
106000298,104,31,73
106000299,59,66,-7
106000300,17,48,-31
106000301,24,60,-36
106000303,5,22,-17
106000304,19,17,2
106000305,9,9,0
106000306,44,49,-5
106000307,5,1,4
106000308,52,108,-56
106000309,13,54,-41
106000310,87,391,-304
106000311,126,75,51
106000312,41,136,-95
106000313,40,170,-130
106000318,103,129,-26
106000319,227,25,202
106000320,2,14,-12
106000321,181,22,159
106000322,65,149,-84
106000324,3,142,-139
106000325,459,696,-237
106000326,1171,1686,-515
106000327,48,155,-107
106000328,0,77,-77
106000329,23,204,-181
106000330,28,32,-4
106000428,35,127,-92
106000429,63,475,-412
106000430,172,1212,-1040
106000431,413,181,232
106000432,865,2093,-1228
106000433,550,383,167
106000434,1277,450,827
106000435,1576,1781,-205
106000436,18,244,-226
106000437,56,15,41
106000438,197,42,155
106000439,60,338,-278
106000440,115,364,-249
106000441,0,0,0
106000442,111,0,111
106000443,37,550,-513
106000450,1,125,-124
106000451,17,3,14
106000454,3,64,-61
106000455,11,111,-100
106000456,42,22,20
106000457,4,858,-854
106000458,130,126,4
106000459,12,326,-314
106000460,202,18,184
106000461,12,1608,-1596
106000462,0,6,-6
106000463,8,22,-14
106000464,8,541,-533
106000465,100,1,99
106000466,1,587,-586
106000467,421,369,52
106000468,10,146,-136
106000469,169,0,169
106000470,100,818,-718
106000471,13,481,-468
106000472,49,4,45
106000473,13,17,-4
106000474,193,775,-582
106000475,194,219,-25
106000476,175,111,64
106000477,32,213,-181
106000480,0,24,-24
106900001,0,9,-9
106900002,0,453,-453
106900003,138,454,-316
106900004,0,51,-51
106900006,0,15,-15
106900007,0,11,-11
106900008,35,174,-139
106900009,115,279,-164
106900010,47,219,-172
106900012,1148,710,438
106900013,158,31,127
106900014,10,0,10
106900015,13,1,12
106900016,18,3,15
106900017,0,1,-1
106900018,3,0,3
106900019,6,1,5
106900020,1936,270,1666
106900021,34,35,-1
106900022,54,0,54
106900023,0,188,-188
106900024,178,0,178
106900025,20,434,-414
106900026,1,795,-794
106900027,126,1,125
107000001,1460,919,541
107000002,1368,2168,-800
107000003,2764,3230,-466
107000004,3929,4512,-583
107000005,1044,2167,-1123
107000006,2460,5087,-2627
107000007,3508,3277,231
107000008,12554,8638,3916
107000009,2846,2932,-86
107000010,10064,10069,-5
107000011,751,921,-170
107000012,2774,2696,78
107000013,148,277,-129
107000014,20,243,-223
107000015,179,664,-485
107000016,183,1062,-879
107000017,1809,624,1185
107000018,3,175,-172
107000020,1046,239,807
107000021,545,768,-223
107000022,658,1380,-722
107000023,965,361,604
107000024,269,1909,-1640
107000025,83,290,-207
107000026,117,711,-594
107000027,753,566,187
107000028,791,1362,-571
107000029,871,972,-101
107000030,2421,2532,-111
107000031,1224,1065,159
107000032,151,551,-400
107000033,3363,3141,222
107000034,4460,1542,2918
107000035,299,132,167
107000036,335,602,-267
107000037,28,479,-451
107000038,222,180,42
107000039,276,375,-99
107000040,110,242,-132
107000041,781,359,422
107000042,495,1121,-626
107000043,2005,552,1453
107000044,438,344,94
107000045,130,221,-91
107000046,271,194,77
107000047,221,771,-550
107000048,219,230,-11
107000049,309,530,-221
107000050,353,340,13
107000051,346,238,108
107000052,625,396,229
107000053,152,74,78
107000054,37,222,-185
107000055,185,136,49
107000056,407,642,-235
107000057,1576,219,1357
107000058,971,1181,-210
107000059,1212,2071,-859
107000060,1769,2935,-1166
107000061,3532,3083,449
107000062,1215,1740,-525
107000063,2142,4391,-2249
107000064,1456,1275,181
107000065,2066,4862,-2796
107000066,907,1354,-447
107000067,514,624,-110
107000068,940,397,543
107000069,233,269,-36
107000070,140,1,139
107000071,533,8,525
107000072,20,2053,-2033
107000073,134,60,74
107000074,80,1056,-976
107000075,460,90,370
107000076,439,1155,-716
107000077,1046,206,840
107000078,775,2486,-1711
107000079,671,221,450
107000080,644,2591,-1947
107000081,472,319,153
107000082,176,1714,-1538
107000083,461,185,276
107000084,658,2892,-2234
107000085,1948,2237,-289
107000086,3621,2145,1476
107000087,1410,1389,21
107000088,1726,2305,-579
107000089,837,1167,-330
107000090,626,900,-274
107000091,474,787,-313
107000092,464,916,-452
107000093,496,549,-53
107000094,759,1396,-637
107000095,275,510,-235
107000096,418,730,-312
107000097,299,300,-1
107000098,271,658,-387
107000099,230,161,69
107000100,185,314,-129
107000101,19,101,-82
107000102,280,311,-31
107000103,211,93,118
107000104,139,219,-80
107000105,150,107,43
107000106,64,296,-232
107000107,218,124,94
107000108,94,856,-762
107000109,169,82,87
107000110,23,483,-460
107000111,59,24,35
107000112,4,311,-307
107000113,180,96,84
107000114,36,552,-516
107000115,89,39,50
107000116,30,812,-782
107000117,77,149,-72
107000118,61,188,-127
107000119,1163,522,641
107000120,2035,281,1754
107000121,162,441,-279
107000122,461,554,-93
107000123,92,596,-504
107000124,189,648,-459
107000125,229,657,-428
107000126,335,861,-526
107000129,85,962,-877
107000130,160,103,57
107000131,115,566,-451
107000132,195,156,39
107000133,213,86,127
107000134,16,0,16
107000135,3,165,-162
107000136,180,4,176
107000137,9,328,-319
107000138,155,3,152
107000139,10,225,-215
107000140,299,7,292
107000141,86,679,-593
107000142,199,16,183
107000143,13,689,-676
107000144,134,99,35
107000145,73,514,-441
107000146,88,67,21
107000147,3388,680,2708
107000150,725,1168,-443
107000151,30,51,-21
107000152,397,307,90
107000153,318,179,139
107000154,181,30,151
107000155,355,43,312
107000156,525,34,491
107000157,15,2381,-2366
107000158,207,10,197
107000159,23,1264,-1241
107000160,178,48,130
107000161,55,1753,-1698
107000162,80,200,-120
107000163,88,70,18
107000164,58,1,57
107000165,173,2,171
107000166,26,1118,-1092
107000167,193,241,-48
107000168,305,166,139
107000169,676,996,-320
107000170,394,237,157
107000171,285,1966,-1681
107000172,493,491,2
107000173,774,1561,-787
107000174,759,1241,-482
107000175,9532,1577,7955
107000176,1,0,1
107000177,1,0,1
107000178,0,31,-31
107000179,87,2762,-2675
107000180,285,211,74
107000181,124,1102,-978
107000182,427,493,-66
107000183,57,819,-762
107000184,219,552,-333
107000185,68,971,-903
107000186,144,234,-90
107000187,672,720,-48
107000188,383,264,119
107000189,136,532,-396
107000190,202,514,-312
107000191,345,863,-518
107000192,644,792,-148
107000193,192,214,-22
107000194,594,530,64
107000197,211,153,58
107000198,98,593,-495
107000199,382,682,-300
107000200,676,301,375
107000201,230,175,55
107000202,178,324,-146
107000203,455,374,81
107000204,464,434,30
107000205,1911,999,912
107000206,512,481,31
107000207,457,613,-156
107000208,843,200,643
107000209,1226,290,936
107000210,937,114,823
107000211,6,18,-12
107000212,6,151,-145
107000213,20,20,0
107000214,2,57,-55
107000215,122,394,-272
107000216,74,401,-327
107000217,31,97,-66
107000219,23,98,-75
107000220,40,214,-174
107000222,213,551,-338
107000224,156,19,137
107000225,82,560,-478
107000226,97,54,43
107000227,55,441,-386
107000228,53,118,-65
107000229,128,58,70
107000230,665,495,170
107000231,521,202,319
107000232,35,50,-15
107000233,255,164,91
107000234,2,5,-3
107000235,18,3,15
107000236,8,292,-284
107000237,1,0,1
107000238,5,0,5
107000239,4982,217,4765
107000240,32,1024,-992
107000243,0,43,-43
107000244,5,53,-48
107000246,4,1214,-1210
107000249,2,707,-705
107000251,3,207,-204
107000252,4,1316,-1312
107000255,485,47,438
107000257,0,557,-557
107000258,3,89,-86
107000259,0,168,-168
107000260,110,0,110
107000262,1,784,-783
107000263,36,1,35
107000266,3,1,2
107000267,22,170,-148
107000268,93,181,-88
107000269,75,23,52
107000270,0,1,-1
107000271,6,895,-889
107000272,3,191,-188
107000273,1,230,-229
107000274,511,2,509
107000275,486,867,-381
107000280,230,13,217
107000281,10,1048,-1038
107000282,15,1492,-1477
107000290,3,72,-69
107000291,6,11,-5
107000292,1,25,-24
107000293,34,4,30
107000294,0,35,-35
107000295,29,4,25
107000296,0,2,-2
107000444,226,2,224
107000496,1,23,-22
107000497,848,2817,-1969
107000500,125,286,-161
107000501,52,172,-120
107000502,63,295,-232
107000505,446,632,-186
107000506,0,6,-6
107000508,3,706,-703
107000509,93,246,-153
107000510,12,25,-13
107000514,4,166,-162
107000515,6,245,-239
107000516,56,101,-45
107000518,302,188,114
107000519,2836,1132,1704
107000520,38,3,35
107000521,196,443,-247
107000522,266,628,-362
107900001,16,210,-194
107900002,22,1,21
107900003,44,64,-20
107900004,1,1,0
107900005,161,1,160
107900006,14,0,14
107900007,79,5,74
107900008,22,41,-19
107900009,37,1,36
107900010,2,1,1
107900012,68,1,67
107900013,134,41,93
107900014,2,2,0
107900015,141,0,141
107900016,303,84,219
107900017,0,0,0
107900018,4,18,-14
107900019,4,85,-81
107900020,46,4,42
107900021,10,109,-99
107900023,0,0,0
107900024,0,35,-35
107900025,152,261,-109
107900026,11,124,-113
107900027,11,63,-52
107900028,10,93,-83
107900030,50,2,48
107900031,21,178,-157
107900032,1,0,1
107900033,2,1,1
107900034,81,2,79
107900035,179,8,171
107900036,14,3,11
107900037,1,40,-39
107900038,88,28,60
107900039,3,53,-50
107900040,47,46,1
107900041,0,0,0
107900043,11,92,-81
107900044,4,3,1
107900045,18,15,3
107900046,77,12,65
107900047,28,58,-30
107900048,27,1,26
107900049,153,275,-122
107900050,68,242,-174
107900051,25,34,-9
107900052,2,3,-1
107900053,26,52,-26
107900055,96,79,17
107900056,29,3,26
107900057,0,0,0
107900058,8,545,-537
107900060,1,32,-31
107900061,16,0,16
107900063,24,84,-60
107900064,113,9,104
107900065,24,2,22
107900066,1,7,-6
107900067,0,0,0
107900068,36,113,-77
107900069,26,259,-233
107900070,7,9,-2
107900071,7,662,-655
107900072,16,138,-122
107900073,11,89,-78
107900074,629,83,546
107900076,46,32,14
107900077,29,0,29
107900079,3,3,0
107900080,132,160,-28
107900081,3,71,-68
107900082,13,18,-5
107900083,89,50,39
107900084,28,32,-4
107900086,27,47,-20
107900087,145,24,121
107900088,0,3,-3
107900089,199,612,-413
107900090,186,308,-122
107900091,81,310,-229
107900093,29,33,-4
107900095,2041,590,1451
107900097,5,9,-4
107900098,6,87,-81
107900100,552,246,306
107900101,791,50,741
107900102,2,0,2
107900103,31,142,-111
107900104,73,2,71
107900105,0,503,-503
107900106,2,1149,-1147
107900107,770,64,706
107900108,207,30,177
107900109,148,4,144
107900110,8,84,-76
107900111,12,1140,-1128
107900112,25,118,-93
107900113,21,59,-38
107900114,30,200,-170
107900115,3,24,-21
107900116,37,175,-138
107900117,146,254,-108
107900118,36,103,-67
107900119,5,28,-23
107900120,5,0,5
107900121,0,113,-113
107900122,0,38,-38
107900123,5,10,-5
107900124,5,75,-70
107900125,11,128,-117
107900126,1,18,-17
107900127,319,29,290
107900128,36,27,9
107900129,13,19,-6
107900130,7,10,-3
107900131,103,10,93
107900132,39,286,-247
107900133,0,64,-64
107900134,9,2,7
107900135,1,141,-140
107900136,22,15,7
107900137,48,42,6
107900138,6,16,-10
107900139,0,28,-28
107900141,65,6,59
107900142,45,825,-780
107900143,34,26,8
107900144,0,73,-73
107900145,4,65,-61
107900146,36,64,-28
107900147,2,13,-11
107900148,71,99,-28
107900149,1397,53,1344
107900150,37,588,-551
107900151,0,50,-50
107900152,4,197,-193
107900153,54,87,-33
107900154,12,2,10
107900155,4,27,-23
107900156,0,298,-298
107900157,39,91,-52
107900158,121,3,118
107900159,14,894,-880
107900160,12,107,-95
107900161,2,207,-205
107900162,2,42,-40
107900163,9,45,-36
107900164,0,14,-14
107900165,38,33,5
107900166,1,173,-172
107900167,4,1,3
107900168,11,57,-46
107900169,0,208,-208
107900171,3,1515,-1512
107900172,1,295,-294
107900173,0,161,-161
107900174,4,2,2
107900175,0,2,-2
107900176,8,34,-26
107900177,0,27,-27
107900178,0,228,-228
107900179,3,89,-86
107900180,796,93,703
107900181,156,345,-189
107900182,4,1349,-1345
107900183,7,353,-346
107900184,16,190,-174
107900185,9,0,9
107900186,1,18,-17
107900187,0,102,-102
107900188,566,37,529
107900189,2,94,-92
107900190,111,21,90
107900191,12,118,-106
107900193,19,19,0
107900194,20,1,19
107900195,3355,210,3145
107900196,43,54,-11
107900197,335,47,288
107900199,0,886,-886
107900201,34,98,-64
107900203,17,28,-11
107900204,137,108,29
107900206,167,103,64
107900207,2,585,-583
107900208,1,679,-678
107900209,185,76,109
107900210,34,68,-34
107900213,111,249,-138
107900214,6,143,-137
107900215,97,185,-88
107900216,14,29,-15
107900217,16,21,-5
107900218,6,1421,-1415
107900219,2,105,-103
107900220,80,39,41
107900221,118,176,-58
107900223,23,478,-455
107900224,93,218,-125
107900225,5,659,-654
107900226,22,81,-59
107900227,62,362,-300
107900228,7,77,-70
107900229,3,197,-194
107900230,1,126,-125
107900231,2,146,-144
107900232,15,225,-210
107900233,1,69,-68
107900234,40,155,-115
107900235,29,66,-37
107900236,25,69,-44
107900237,54,299,-245
107900238,15,94,-79
107900239,924,244,680
107900240,3,115,-112
107900241,1,52,-51
107900242,4,348,-344
107900243,0,20,-20
107900244,106,1,105
107900245,81,15,66
107900246,17,6,11
107900248,40,178,-138
107900249,90,0,90
107900250,2,444,-442
107900251,7,977,-970
107900252,122,1,121
107900253,29,1,28
107900254,21,69,-48
107900255,336,22,314
107900256,307,446,-139
107900257,20,10,10
107900258,29,155,-126
107900259,58,309,-251
107900261,0,345,-345
107900262,35,74,-39
107900264,62,2,60
107900265,28,184,-156
107900267,22,4,18
107900268,48,4,44
107900269,1,6,-5
107900270,0,0,0
107900271,3,0,3
107900272,91,25,66
107900273,3,47,-44
107900274,5,0,5
107900275,0,0,0
107900276,2,28,-26
107900277,0,132,-132
107900278,43,286,-243
107900279,72,44,28
107900280,1319,552,767
107900281,2815,508,2307
107900282,21,89,-68
107900283,1108,198,910
107900284,55,694,-639
107900285,25,111,-86
107900286,35,33,2
107900287,53,52,1
107900290,0,26,-26
107900291,121,3,118
107900292,26,184,-158
107900293,35,379,-344
107900295,26,100,-74
107900297,1,173,-172
107900298,406,509,-103
107900299,2921,579,2342
107900301,254,149,105
107900302,37,8,29
107900303,17,217,-200
107900304,36,345,-309
107900305,62,1,61
107900306,2,3,-1
107900307,30,289,-259
107900308,80,11,69
107900309,6,0,6
107900310,6,6,0
107900311,65,33,32
107900312,0,0,0
107900313,1,72,-71
107900314,0,31,-31
107900315,0,41,-41
107900316,4,0,4
107900317,21,0,21
107900318,2,85,-83
107900319,0,168,-168
107900320,3,107,-104
107900321,24,1,23
107900322,0,149,-149
107900323,0,91,-91
107900324,44,0,44
107900325,17,1,16
107900326,69,301,-232
107900327,4,2,2
107900328,0,0,0
107900329,0,0,0
107900330,2,366,-364
107900331,27,21,6
107900332,39,25,14
107900333,5,2,3
107900334,2,153,-151
107900335,21,51,-30
107900336,5,14,-9
107900337,1004,210,794
107900338,0,58,-58
107900339,0,10,-10
107900340,0,34,-34
107900341,11,1,10
107900342,24,66,-42
107900343,0,0,0
107900344,1,89,-88
107900345,22,28,-6
107900346,5,1,4
107900347,9,0,9
107900348,5,2,3
107900349,5,0,5
107900350,45,210,-165
107900351,2,194,-192
107900352,1,46,-45
107900353,2,5,-3
107900354,0,44,-44
108000001,1435,1298,137
108000002,1445,2250,-805
108000003,1602,824,778
108000004,11943,10813,1130
108000005,2417,1510,907
108000006,2648,4414,-1766
108000007,2311,1861,450
108000008,3315,4359,-1044
108000009,1101,1640,-539
108000010,1614,4372,-2758
108000011,5297,4016,1281
108000012,12245,12596,-351
108000014,204,268,-64
108000015,260,197,63
108000016,96,500,-404
108000017,268,252,16
108000018,543,294,249
108000019,645,297,348
108000020,423,222,201
108000021,198,1161,-963
108000022,287,1041,-754
108000023,383,54,329
108000024,69,528,-459
108000025,35,17,18
108000026,135,430,-295
108000027,146,401,-255
108000028,104,198,-94
108000029,105,793,-688
108000030,113,129,-16
108000031,76,423,-347
108000032,387,234,153
108000033,260,995,-735
108000034,594,230,364
108000035,441,2077,-1636
108000036,155,1157,-1002
108000037,546,142,404
108000038,703,161,542
108000039,223,1968,-1745
108000040,628,296,332
108000041,489,2081,-1592
108000042,50,227,-177
108000043,64,363,-299
108000044,83,113,-30
108000045,63,434,-371
108000046,489,168,321
108000047,157,846,-689
108000048,63,587,-524
108000049,130,61,69
108000050,153,681,-528
108000051,102,64,38
108000052,118,531,-413
108000053,99,56,43
108000054,308,754,-446
108000055,415,184,231
108000056,1131,1001,130
108000057,299,358,-59
108000058,1031,949,82
108000059,2101,1122,979
108000060,59,289,-230
108000061,233,511,-278
108000062,175,212,-37
108000063,168,513,-345
108000064,52,206,-154
108000065,283,492,-209
108000066,752,412,340
108000067,472,187,285
108000068,234,174,60
108000069,132,838,-706
108000070,574,387,187
108000071,332,1591,-1259
108000072,447,477,-30
108000073,709,1330,-621
108000074,92,201,-109
108000075,124,544,-420
108000076,297,237,60
108000077,437,611,-174
108000078,901,595,306
108000079,475,1119,-644
108000080,413,313,100
108000081,563,3163,-2600
108000082,845,1015,-170
108000083,839,416,423
108000084,158,802,-644
108000085,232,157,75
108000086,480,513,-33
108000087,91,663,-572
108000088,247,99,148
108000089,116,151,-35
108000091,68,419,-351
108000092,37,47,-10
108000093,62,620,-558
108000094,140,61,79
108000095,51,388,-337
108000096,97,97,0
108000097,82,481,-399
108000098,332,1004,-672
108000099,311,190,121
108000100,31,269,-238
108000101,493,524,-31
108000102,679,965,-286
108000106,410,1,409
108000107,0,483,-483
108000108,153,11,142
108000109,0,550,-550
108000110,79,216,-137
108000111,72,510,-438
108000112,27,51,-24
108000113,365,216,149
108000115,337,200,137
108000117,457,162,295
108000118,212,368,-156
108000119,511,344,167
108000120,62,307,-245
108000121,64,458,-394
108000122,107,206,-99
108000123,198,256,-58
108000124,105,251,-146
108000125,72,352,-280
108000126,55,581,-526
108000127,94,386,-292
108000128,115,722,-607
108000129,76,1149,-1073
108000130,74,337,-263
108000131,340,103,237
108000132,1050,1026,24
108000133,305,202,103
108000134,634,787,-153
108000135,281,176,105
108000136,709,2070,-1361
108000137,94,339,-245
108000138,137,855,-718
108000139,43,319,-276
108000140,13,25,-12
108000141,7,134,-127
108000142,19,101,-82
108000143,17,507,-490
108000144,42,32,10
108000145,21,20,1
108000146,111,34,77
108000147,5,23,-18
108000148,106,32,74
108000149,6,38,-32
108000150,11,1,10
108000151,85,29,56
108000152,53,544,-491
108000153,48,38,10
108000154,28,8,20
108000155,15,7,8
108000156,448,303,145
108000157,30,197,-167
108000158,44,195,-151
108000159,409,61,348
108000160,3884,371,3513
108000161,3178,587,2591
108000165,7,43,-36
108000172,1,66,-65
108000173,1970,572,1398
108000175,100,39,61
108000178,293,293,0
108000179,143,301,-158
108000181,45,17,28
108000182,167,37,130
108000183,22,263,-241
108000184,953,747,206
108000185,48,628,-580
108000186,72,498,-426
108000187,29,746,-717
108000188,85,198,-113
108000189,1168,1289,-121
108000190,31,119,-88
108000192,37,601,-564
108000193,364,21,343
108000194,11,3,8
108000195,2,649,-647
108000196,33,43,-10
108000198,199,367,-168
108000199,0,91,-91
108000200,120,507,-387
108000203,27,889,-862
108000204,33,15,18
108000205,461,373,88
108000339,1071,144,927
108000364,256,235,21
108000365,28,319,-291
108000367,67,185,-118
108000368,10,40,-30
108000369,1178,70,1108
108000371,2,477,-475
108000372,115,2,113
108000373,62,165,-103
108000376,43,7,36
108000377,120,302,-182
108000378,5672,4202,1470
108000379,6,83,-77
108000381,13,7,6
108000382,60,14,46
108000383,1,108,-107
108900001,98,885,-787
108900002,128,10,118
108900003,232,816,-584
108900004,104,71,33
108900007,74,67,7
108900008,6,107,-101
108900009,13,83,-70
108900010,24,103,-79
108900011,69,213,-144
108900012,54,310,-256
108900013,16,156,-140
108900014,0,48,-48
108900015,0,5,-5
108900016,0,108,-108
108900017,67,151,-84
108900018,29,412,-383
108900019,4,1008,-1004
108900020,20,220,-200
108900021,30,224,-194
108900022,4,0,4
108900023,0,27,-27
108900024,4,133,-129
108900025,7,62,-55
108900026,6,33,-27
108900027,1,89,-88
108900028,8,422,-414
108900029,13,211,-198
108900030,0,108,-108
108900031,11,551,-540
108900032,2,183,-181
108900033,0,43,-43
108900034,0,203,-203
108900035,82,1740,-1658
108900038,0,365,-365
108900039,2,582,-580
108900040,3,101,-98
108900041,3845,944,2901
108900042,1,150,-149
108900043,3,312,-309
108900044,2,696,-694
108900045,20,490,-470
108900046,18,802,-784
108900047,1,95,-94
108900048,11,642,-631
108900049,3753,345,3408
108900050,0,251,-251
108900051,0,188,-188
108900052,0,190,-190
108900053,33,49,-16
108900054,13,193,-180
108900055,22,420,-398
108900056,1,119,-118
108900057,0,146,-146
108900058,11,420,-409
108900059,99,1,98
108900060,10,42,-32
108900061,11,8,3
108900062,2,322,-320
108900063,2,338,-336
108900064,21,76,-55
108900065,4,292,-288
108900066,53,43,10
108900067,9,217,-208
108900068,0,199,-199
108900069,2,109,-107
108900070,23,141,-118
108900071,27,25,2
108900072,1538,110,1428
108900073,5,484,-479
108900074,21,378,-357
108900075,31,67,-36
108900076,78,43,35
108900077,121,601,-480
108900078,4,135,-131
108900079,496,145,351
108900080,9,149,-140
108900081,37,193,-156
108900082,13,90,-77
108900083,6,71,-65
108900085,1789,60,1729
108900086,16,303,-287
108900087,59,123,-64
108900088,286,134,152
108900089,4,20,-16
108900090,1,280,-279
108900091,83,57,26
108900092,87,78,9
108900093,14,12,2
108900094,84,24,60
108900095,28,589,-561
108900096,412,9,403
108900097,100,130,-30
108900098,2409,108,2301
108900099,107,272,-165
108900100,14,78,-64
108900101,40,24,16
108900102,78,176,-98
108900103,11,18,-7
108900105,4,179,-175
108900106,79,453,-374
108900108,52,10,42
108900109,69,19,50
108900110,23,295,-272
108900111,84,539,-455
108900113,11,6,5
108900114,9,7,2
108900115,17,17,0
108900116,8,1,7
108900117,33,16,17
108900118,64,2,62
108900119,25,9,16
108900120,67,37,30
108900121,58,7,51
108900122,16,18,-2
108900123,17,12,5
108900124,117,36,81
108900125,34,2,32
108900126,29,1,28
108900127,33,30,3
108900128,12,10,2
108900129,162,32,130
108900130,56,0,56
108900131,70,0,70
108900132,86,33,53
108900133,54,7,47
108900134,55,183,-128
108900135,33,0,33
108900136,1,0,1
108900137,14,0,14
108900138,123,6,117
108900140,45,193,-148
108900141,43,9,34
108900142,13,0,13
108900143,7,0,7
108900144,20,0,20
108900145,21,0,21
108900146,10,0,10
108900147,21,0,21
108900148,35,26,9
108900150,87,4,83
108900151,6,0,6
108900152,14,0,14
108900153,31,364,-333
108900154,1356,178,1178
108900156,12,20,-8
108900157,8,551,-543
108900158,30,17,13
108900159,3,281,-278
108900160,8,212,-204
108900161,1,380,-379
108900162,11,0,11
108900163,3,72,-69
108900164,21,75,-54
108900168,8166,731,7435
108900169,7,81,-74
108900171,5350,541,4809
108900172,61,11,50
108900173,122,198,-76
108900174,123,241,-118
108900176,80,547,-467
108900177,6828,907,5921
108900178,3964,592,3372
108900180,36,57,-21
108900183,160,118,42
108900184,70,64,6
108900185,8,217,-209
108900186,10,251,-241
108900189,47,81,-34
108900190,5,2078,-2073
108900192,22,238,-216
108900195,32,289,-257
108900196,1,449,-448
108900199,46,150,-104
108900200,89,183,-94
108900201,73,732,-659
108900203,83,10,73
108900204,66,1,65
108900205,62,8,54
108900206,45,10,35
108900207,35,18,17
108900208,31,303,-272
108900209,153,448,-295
108900210,46,118,-72
108900211,45,73,-28
108900212,384,290,94
108900215,66,607,-541
108900216,144,31,113
108900217,18,0,18
108900218,31,4,27
108900221,15,23,-8
108900224,11,41,-30
108900225,0,95,-95
108900227,25,48,-23
108900230,277,171,106
108900232,4,356,-352
108900233,103,20,83
108900234,111,19,92
108900235,96,414,-318
108900236,7,280,-273
108900240,8,46,-38
108900241,7,5,2
108900245,1,275,-274
108900250,33,63,-30
108900258,10,167,-157
108900259,11,43,-32
108900260,2,94,-92
108900261,112,76,36
108900262,185,45,140
108900263,11,275,-264
108900264,192,147,45
108900265,1226,121,1105
108900266,734,115,619
108900267,3,16,-13
108900268,3,1,2
108900269,7,4,3
108900270,15,2,13
108900271,4,0,4
108900272,34,0,34
108900273,560,155,405
108900274,10,43,-33
109000001,1803,595,1208
109000002,2766,794,1972
109000003,935,353,582
109000004,281,2108,-1827
109000005,713,511,202
109000006,429,1674,-1245
109000007,428,386,42
109000008,227,1414,-1187
109000009,1545,520,1025
109000010,860,2338,-1478
109000011,1110,928,182
109000012,972,3402,-2430
109000013,1236,896,340
109000014,837,3095,-2258
109000015,2681,2472,209
109000016,6855,3356,3499
109000017,986,594,392
109000018,1007,3397,-2390
109000019,1148,557,591
109000020,1008,2192,-1184
109000023,183,13,170
109000024,4,177,-173
109000025,262,191,71
109000026,499,235,264
109000027,41,203,-162
109000028,48,49,-1
109000029,74,120,-46
109000030,58,374,-316
109000031,40,38,2
109000032,14,350,-336
109000033,72,40,32
109000034,16,17,-1
109000035,7,19,-12
109000036,49,240,-191
109000037,111,416,-305
109000038,401,190,211
109000039,348,171,177
109000040,2323,1104,1219
109000041,4165,637,3528
109000042,582,633,-51
109000044,168,127,41
109000045,39,454,-415
109000046,77,41,36
109000047,39,321,-282
109000048,624,282,342
109000049,116,384,-268
109000050,297,411,-114
109000051,249,234,15
109000052,175,1586,-1411
109000053,228,237,-9
109000054,69,517,-448
109000055,49,91,-42
109000056,85,547,-462
109000057,132,108,24
109000058,1010,393,617
109000059,178,291,-113
109000060,237,112,125
109000061,1184,270,914
109000062,86,109,-23
109000063,105,156,-51
109000064,41,116,-75
109000065,51,280,-229
109000066,89,112,-23
109000067,24,312,-288
109000068,99,1,98
109000069,235,6,229
109000070,0,622,-622
109000071,151,54,97
109000072,81,566,-485
109000073,20,49,-29
109000074,7,254,-247
109000075,20,350,-330
109000076,57,97,-40
109000077,233,227,6
109000078,16,94,-78
109000079,90,216,-126
109000080,52,149,-97
109000081,27,511,-484
109000082,161,216,-55
109000083,126,926,-800
109000088,71,298,-227
109000089,53,4,49
109000090,132,396,-264
109000091,132,22,110
109000092,261,548,-287
109000093,102,25,77
109000094,75,2,73
109000095,79,691,-612
109000096,193,75,118
109000097,36,70,-34
109000098,28,48,-20
109000099,278,159,119
109000100,92,488,-396
109000101,331,528,-197
109000102,162,671,-509
109000103,248,449,-201
109000104,502,337,165
109000105,173,1258,-1085
109000106,702,278,424
109000107,175,1511,-1336
109000108,531,237,294
109000109,244,1448,-1204
109000110,411,212,199
109000111,555,1716,-1161
109000112,142,112,30
109000113,90,135,-45
109000114,59,441,-382
109000115,580,87,493
109000116,8,344,-336
109000117,33,75,-42
109000118,1,244,-243
109000119,235,216,19
109000120,51,1031,-980
109000121,131,94,37
109000122,39,985,-946
109000123,21,179,-158
109000124,230,254,-24
109000125,275,282,-7
109000126,237,771,-534
109000127,354,177,177
109000128,217,2331,-2114
109000129,537,236,301
109000130,499,2809,-2310
109000131,419,253,166
109000132,585,1931,-1346
109000133,237,667,-430
109000134,295,1086,-791
109000135,586,928,-342
109000136,120,312,-192
109000137,67,218,-151
109000138,128,386,-258
109000139,130,288,-158
109000140,60,743,-683
109000141,159,399,-240
109000142,98,411,-313
109000143,50,28,22
109000145,17,60,-43
109000146,75,20,55
109000148,2962,386,2576
109000149,8,7,1
109000150,68,146,-78
109000155,107,290,-183
109000156,663,743,-80
109000158,5,144,-139
109000159,14,454,-440
109000160,147,207,-60
109000161,98,1263,-1165
109000162,713,742,-29
109000163,293,1323,-1030
109000164,424,1671,-1247
109000165,376,540,-164
109000166,125,42,83
109000167,21,622,-601
109000170,22,38,-16
109000171,49,25,24
109000172,66,53,13
109000173,26,27,-1
109000174,26,49,-23
109000175,36,433,-397
109000176,84,247,-163
109000177,16,107,-91
109000178,205,301,-96
109000179,5804,1292,4512
109000180,3564,2514,1050
109000181,9,32,-23
109000182,7,34,-27
109000183,7,41,-34
109000184,24,42,-18
109000185,18,122,-104
109000188,360,2170,-1810
109000189,949,776,173
109000190,178,424,-246
109000191,127,592,-465
109000192,74,194,-120
109000193,94,389,-295
109000194,38,105,-67
109000195,59,386,-327
109000196,85,53,32
109000197,60,456,-396
109000198,46,42,4
109000199,45,370,-325
109000206,81,32,49
109000207,26,41,-15
109000208,50,47,3
109000209,75,68,7
109000210,153,338,-185
109000211,61,315,-254
109000214,167,1299,-1132
109000215,41,46,-5
109000216,63,62,1
109000217,61,43,18
109000218,103,61,42
109000221,105,724,-619
109000222,202,39,163
109000223,127,169,-42
109000224,13,249,-236
109000225,51,102,-51
109000226,54,323,-269
109000227,260,1008,-748
109000228,0,217,-217
109000231,2,436,-434
109000232,92,396,-304
109000236,84,695,-611
109000241,582,1295,-713
109000242,387,868,-481
109000293,49,122,-73
109000361,48,179,-131
109000364,126,584,-458
109000396,4,837,-833
109000397,100,1,99
109000399,123,513,-390
109000400,25,439,-414
109000403,17,160,-143
109000406,64,6,58
109000407,77,163,-86
109000408,4,574,-570
109000410,327,93,234
109000411,24,16,8
109000412,1,92,-91
109900001,36,1,35
109900002,121,6,115
109900003,22,1,21
109900005,7,0,7
109900006,72,155,-83
109900007,179,688,-509
109900008,0,25,-25
109900009,41,941,-900
109900010,144,4,140
109900011,27,10,17
109900012,103,69,34
109900013,116,41,75
109900014,55,29,26
109900015,122,33,89
109900016,14,30,-16
109900017,42,31,11
109900018,40,101,-61
109900019,24,55,-31
109900020,9,12,-3
109900021,2,5,-3
109900022,54,316,-262
109900023,13,2,11
109900024,1,0,1
109900025,0,19,-19
109900027,18,1,17
109900028,1936,254,1682
109900029,6,489,-483
109900030,4,2,2
109900031,0,42,-42
109900032,1,219,-218
109900033,1,337,-336
109900034,0,0,0
109900035,7,14,-7
109900036,16,55,-39
109900037,4,421,-417
109900038,13,197,-184
109900039,1,0,1
109900040,15,554,-539
109900041,23,497,-474
109900042,6,349,-343
109900044,35,263,-228
109900045,15,17,-2
109900046,58,35,23
109900047,244,231,13
109900048,24,63,-39
109900049,2,17,-15
109900050,1,242,-241
109900051,0,39,-39
109900052,11,237,-226
109900053,1,363,-362
109900054,164,79,85
109900055,18,169,-151
109900056,16,51,-35
109900057,0,218,-218
109900058,0,91,-91
109900060,145,141,4
109900061,45,253,-208
109900062,0,225,-225
109900064,128,166,-38
109900065,72,100,-28
109900066,181,635,-454
109900067,0,343,-343
109900068,7,0,7
109900069,3,11,-8
109900071,0,15,-15
109900072,21,94,-73
109900073,37,469,-432
109900074,3,33,-30
109900075,6,8,-2
109900076,20,452,-432
109900077,6,43,-37
109900078,31,163,-132
109900080,61,248,-187
109900081,0,77,-77
109900082,16,359,-343
109900083,3,29,-26
109900084,4,96,-92
109900085,63,987,-924
109900086,42,111,-69
109900087,86,215,-129
109900089,79,36,43
109900092,167,2,165
109900093,151,66,85
109900094,14,76,-62
109900095,44,138,-94
109900096,5,0,5
109900097,5,0,5
109900098,98,10,88
109900099,24,0,24
109900100,5,0,5
109900101,119,4,115
109900102,112,7,105
109900103,1,19,-18
109900104,88,906,-818
109900105,116,22,94
109900106,53,61,-8
109900107,84,28,56
109900108,28,672,-644
109900109,25,205,-180
109900111,94,855,-761
109900114,513,71,442
109900115,22,33,-11
109900117,191,54,137
109900121,113,45,68
109900123,0,137,-137
109900125,0,179,-179
109900126,22,146,-124
109900130,9399,687,8712
109900131,43,80,-37
109900132,27,144,-117
109900134,12,17,-5
109900135,296,50,246
109900137,31,346,-315
109900140,56,314,-258
109900149,22,25,-3
109900150,0,37,-37
109900151,1,35,-34
109900152,0,29,-29
109900153,0,8,-8
109900154,3,0,3
109900155,8,5,3
109900157,8,155,-147
109900159,37,16,21
109900161,38,9,29
109900162,40,15,25
109900163,536,152,384
109900164,34,199,-165
109900165,22,5,17
109900166,0,130,-130
109900167,100,524,-424
109900168,57,500,-443
109900169,46,105,-59
109900170,114,204,-90
109900171,31,26,5
109900172,33,71,-38
109900173,3365,447,2918
109900174,16,104,-88
109900175,15,37,-22
109900176,40,182,-142
109900177,5,199,-194
109900178,1,76,-75
109900179,0,7,-7
109900180,3,0,3
110000001,416,370,46
110000002,338,345,-7
110000003,661,437,224
110000004,427,390,37
110000005,649,895,-246
110000006,484,263,221
110000007,69,106,-37
110000008,9,44,-35
110000009,11,30,-19
110000010,12,56,-44
110000011,8,88,-80
110000012,514,335,179
110000013,17,260,-243
110000014,494,343,151
110000015,258,403,-145
110000016,187,604,-417
110000017,3536,222,3314
110000018,2563,435,2128
110000019,17,192,-175
110000020,391,158,233
110000021,405,330,75
110000022,302,82,220
110000023,6,125,-119
110000024,388,294,94
110000025,74,0,74
110000026,1,457,-456
110000027,350,226,124
110000028,421,674,-253
110000029,225,620,-395
110000030,127,282,-155
110000031,119,388,-269
110000032,441,422,19
110000033,67,60,7
110000034,136,1150,-1014
110000035,187,802,-615
110000036,184,974,-790
110000037,42,656,-614
110000038,104,703,-599
110000039,297,949,-652
110000040,672,449,223
110000041,87,331,-244
110000042,82,373,-291
110000043,239,98,141
110000044,52,95,-43
110000045,297,39,258
110000046,5,13,-8
110000047,6,6,0
110000048,3,5,-2
110000049,1,2,-1
110000050,2,15,-13
110000051,39,0,39
110000052,18,59,-41
110000053,13,1,12
110000054,62,149,-87
110000055,197,11,186
110000056,36,47,-11
110000057,239,608,-369
110000058,349,405,-56
110000059,353,505,-152
110000060,324,740,-416
110000061,607,668,-61
110000062,485,552,-67
110000063,13,55,-42
110000064,43,92,-49
110000065,23,120,-97
110000066,36,56,-20
110000067,40,241,-201
110000068,43,322,-279
110000069,39,137,-98
110000071,29,241,-212
110000073,1,28,-27
110000075,4,91,-87
110000076,267,106,161
110000077,356,264,92
110000078,4,49,-45
110000080,128,486,-358
110000081,13,203,-190
110000082,14,140,-126
110000083,101,554,-453
110000084,396,349,47
110000085,3035,1171,1864
110000086,1212,438,774
110000087,0,26,-26
110000088,19,119,-100
110000089,71,98,-27
110000090,29,216,-187
110000091,1539,267,1272
110000092,10,96,-86
110000093,35,2,33
110000094,276,254,22
110000095,50,294,-244
110000096,3072,1399,1673
110000097,507,555,-48
110000098,779,297,482
110000099,717,1136,-419
110000100,103,673,-570
110000101,11,478,-467
110000102,14,19,-5
110000104,32,56,-24
110000105,13,207,-194
110000106,172,106,66
110000107,251,459,-208
110000108,91,13,78
110000109,194,245,-51
110000110,3186,357,2829
110000111,3895,766,3129
110000112,1092,262,830
110000113,593,525,68
110000114,65,254,-189
110000115,184,282,-98
110000116,29,55,-26
110000117,88,575,-487
110000118,144,215,-71
110000119,113,313,-200
110000120,130,121,9
110000121,76,176,-100
110000122,1078,384,694
110000123,124,309,-185
110000124,1,704,-703
110000125,422,1,421
110000126,94,9,85
110000127,247,8,239
110000128,12,1091,-1079
110000129,5,687,-682
110000130,52,49,3
110000131,71,756,-685
110000132,3,622,-619
110000133,26,184,-158
110000134,36,262,-226
110000135,162,18,144
110000136,39,293,-254
110000137,199,492,-293
110000138,278,834,-556
110000139,422,1287,-865
110000140,362,175,187
110000143,608,231,377
110000144,2661,553,2108
110000145,873,408,465
110000146,1199,389,810
110000147,123,405,-282
110000148,228,257,-29
110000151,879,1365,-486
110000152,2543,346,2197
110000153,28,63,-35
110000154,2,5,-3
110000155,784,1050,-266
110000156,586,638,-52
110000157,880,1027,-147
110000160,221,322,-101
110000161,87,385,-298
110000166,125,89,36
110000167,305,283,22
110000168,463,178,285
110000169,122,193,-71
110000170,48,86,-38
110000171,236,249,-13
110000172,79,706,-627
110000173,823,1208,-385
110000174,39,1135,-1096
110000175,205,88,117
110000176,29,228,-199
110000177,131,636,-505
110000178,318,356,-38
110000179,901,222,679
110000180,44,250,-206
110000181,134,295,-161
110000182,207,195,12
110000183,8116,3094,5022
110000184,332,1149,-817
110000185,591,410,181
110000186,377,392,-15
110000191,134,288,-154
110000192,93,0,93
110000193,129,0,129
110000194,4,1060,-1056
110000195,74,349,-275
110000196,144,434,-290
110000197,13,174,-161
110000198,17,62,-45
110000199,10,70,-60
110000200,843,469,374
110000201,243,318,-75
110000202,456,232,224
110000203,384,600,-216
110000204,2,225,-223
110000205,28,57,-29
110000206,351,1314,-963
110000207,159,215,-56
110000208,48,98,-50
110000209,61,535,-474
110000210,149,467,-318
110000211,342,580,-238
110000212,138,597,-459
110000213,32,58,-26
110000214,61,108,-47
110000215,39,519,-480
110000216,21,515,-494
110000217,60,194,-134
110000218,55,417,-362
110000219,74,54,20
110000220,13,384,-371
110000221,92,95,-3
110000222,20,276,-256
110000223,4,37,-33
110000224,101,12,89
110000225,68,357,-289
110000226,78,20,58
110000227,284,205,79
110000228,153,194,-41
110000229,1,169,-168
110000230,325,499,-174
110000231,75,107,-32
110000232,67,119,-52
110000233,74,200,-126
110000234,292,328,-36
110000235,643,625,18
110000236,137,863,-726
110000237,868,798,70
110000238,501,1054,-553
110000239,775,954,-179
110000240,4,60,-56
110000242,0,13,-13
110000243,32,119,-87
110000244,53,251,-198
110000245,25,288,-263
110000246,282,557,-275
110000247,2463,1310,1153
110000248,3304,345,2959
110000249,67,4,63
110000250,3,153,-150
110000251,71,371,-300
110000252,173,242,-69
110000253,830,256,574
110000254,1107,1097,10
110000255,159,903,-744
110000256,309,141,168
110000257,463,118,345
110000258,7,344,-337
110000259,77,15,62
110000260,22,419,-397
110000263,857,58,799
110000264,132,500,-368
110000265,703,1154,-451
110000266,1146,1908,-762
110000267,6,133,-127
110000268,109,323,-214
110000269,0,46,-46
110000270,5,0,5
110000271,1784,184,1600
110000272,317,680,-363
110000273,1443,838,605
110000274,95,840,-745
110000275,2409,236,2173
110000276,101,394,-293
110000277,67,208,-141
110000278,182,606,-424
110000279,440,451,-11
110000280,89,330,-241
110000281,6,142,-136
110000282,137,40,97
110000283,17,85,-68
110000284,16,12,4
110000285,0,83,-83
110000286,10,0,10
110000287,10,4,6
110000288,1,35,-34
110000289,285,696,-411
110000290,947,527,420
110000291,2361,269,2092
110000292,894,4738,-3844
110000293,270,1880,-1610
110000294,270,961,-691
110000295,1076,1347,-271
110000296,129,277,-148
110000297,3558,238,3320
110000298,781,359,422
110000299,1145,20,1125
110000301,194,7,187
110000302,168,1186,-1018
110000303,125,4,121
110000304,58,205,-147
110000305,267,8,259
110000306,60,1174,-1114
110000307,388,2,386
110000308,81,3,78
110000309,39,1200,-1161
110000310,262,54,208
110000311,51,1935,-1884
110000312,860,34,826
110000313,4809,1268,3541
110000314,1,191,-190
110000315,1942,987,955
110000316,434,868,-434
110000317,288,232,56
110000318,1,50,-49
110000319,5,18,-13
110000320,14,52,-38
110000321,4,74,-70
110000322,74,455,-381
110000323,241,242,-1
110000324,3661,442,3219
110000325,1452,2155,-703
110000327,316,115,201
110000328,255,447,-192
110000333,529,549,-20
110000334,428,666,-238
110000335,786,594,192
110000336,283,1032,-749
110000337,321,456,-135
110000338,46,172,-126
110000339,103,184,-81
110000340,17,113,-96
110000341,250,641,-391
110000342,190,7,183
110000343,4,27,-23
110000344,41,116,-75
110000345,46,97,-51
110000346,1554,943,611
110000347,855,679,176
110000348,3,27,-24
110000349,5,30,-25
110000350,14,3,11
110000351,356,687,-331
110000352,182,1073,-891
110000353,2655,706,1949
110000354,762,1804,-1042
110000355,39,82,-43
110000356,249,2,247
110000357,169,9,160
110000361,3,77,-74
110000362,18,32,-14
110000363,81,81,0
110000364,40,262,-222
110000365,96,1,95
110000366,0,55,-55
110000367,159,160,-1
110000368,1,46,-45
110000369,7,1,6
110000373,0,266,-266
110000374,10,4,6
110000375,107,529,-422
110000376,30,101,-71
110000377,31,175,-144
110000378,14,256,-242
110000379,2943,716,2227
110000380,26,3,23
110000383,0,372,-372
110000384,1454,192,1262
110000385,1,479,-478
110000387,15,10,5
110000388,9,241,-232
110000389,95,3,92
110000391,154,304,-150
110000396,14,93,-79
110000397,11,152,-141
110000398,7,48,-41
110000399,87,0,87
110000587,22,67,-45
110000589,68,178,-110
110000640,99,175,-76
110000652,17,179,-162
110000653,52,407,-355
110000654,2,17,-15
110000656,1,490,-489
110000674,6,8,-2
110000675,19,5,14
110000676,7,23,-16
110000679,735,232,503
110000682,53,63,-10
110000683,248,545,-297
110000684,0,38,-38
110000685,6,2,4
110000686,0,11,-11
110000687,5,1,4
110000688,42,243,-201
110000689,19,66,-47
110000692,50,233,-183
110000693,96,221,-125
110000694,0,96,-96
110000695,110,929,-819
110000696,85,98,-13
110000698,308,1125,-817
110000699,1762,480,1282
110900001,55,0,55
110900002,54,127,-73
110900003,131,918,-787
110900004,53,243,-190
110900005,3391,651,2740
110900006,27,3,24
110900007,7,7,0
110900008,1,38,-37
110900009,112,38,74
110900010,3,43,-40
110900011,2,45,-43
110900012,3,96,-93
110900013,322,75,247
110900014,35,6,29
110900015,571,100,471
110900016,3,179,-176
110900017,80,17,63
110900018,138,18,120
110900019,36,14,22
110900020,6,374,-368
110900021,31,541,-510
110900022,58,317,-259
110900023,38,363,-325
110900024,21,406,-385
110900025,1,37,-36
110900027,18,186,-168
110900028,17,119,-102
110900029,13,433,-420
110900030,14,287,-273
110900031,0,188,-188
110900032,0,106,-106
110900033,15,206,-191
110900035,22,366,-344
110900036,13,23,-10
110900037,23,16,7
110900038,837,127,710
110900039,3,183,-180
110900040,89,21,68
110900041,4,154,-150
110900042,15,27,-12
110900043,2,190,-188
110900044,147,15,132
110900045,29,522,-493
110900046,84,280,-196
110900047,540,36,504
110900049,18,16,2
110900050,3,0,3
110900051,30,162,-132
110900052,5,242,-237
110900053,19,43,-24
110900054,13,232,-219
110900055,18,2,16
110900056,31,86,-55
110900057,6,185,-179
110900058,38,195,-157
110900059,426,700,-274
110900060,153,49,104
110900061,26,31,-5
110900062,20,281,-261
110900063,6,35,-29
110900064,3,0,3
110900065,350,53,297
110900066,0,50,-50
110900067,406,253,153
110900068,176,180,-4
110900069,1,11,-10
110900070,66,60,6
110900071,129,145,-16
110900073,1,17,-16
110900074,122,42,80
110900075,90,43,47
110900077,112,206,-94
110900078,2,110,-108
110900079,1989,345,1644
110900080,22,14,8
110900081,0,118,-118
110900082,23,161,-138
110900083,68,25,43
110900084,5,184,-179
110900085,26,212,-186
110900086,19,57,-38
110900087,57,62,-5
110900088,7,0,7
110900090,11,10,1
110900091,0,38,-38
110900093,97,49,48
110900095,12,26,-14
110900097,5,23,-18
110900098,3,91,-88
110900099,17,377,-360
110900100,0,12,-12
110900102,7,29,-22
110900105,418,246,172
110900108,2,54,-52
110900111,167,17,150
110900112,173,0,173
110900113,350,10,340
110900115,0,63,-63
110900116,175,1947,-1772
110900118,149,598,-449
110900119,4592,155,4437
110900120,4,113,-109
110900121,46,0,46
110900122,162,117,45
110900125,69,146,-77
110900127,440,310,130
110900128,300,181,119
110900129,158,86,72
110900130,880,157,723
110900131,29,26,3
110900132,91,22,69
110900133,16,248,-232
110900135,50,372,-322
110900136,100,9,91
110900138,0,0,0
110900139,46,1,45
110900140,7,0,7
110900141,203,111,92
110900142,15,152,-137
110900143,45,25,20
110900144,1,490,-489
110900145,38,6,32
110900146,232,17,215
110900147,123,147,-24
110900148,2,223,-221
110900149,1,48,-47
110900150,5,14,-9
110900151,0,39,-39
110900152,4,314,-310
110900153,18,7,11
111000001,210,390,-180
111000002,510,678,-168
111000003,274,289,-15
111000004,331,1069,-738
111000005,459,367,92
111000006,526,1434,-908
111000007,2417,880,1537
111000008,3079,2570,509
111000009,194,725,-531
111000010,237,179,58
111000011,394,856,-462
111000012,507,188,319
111000013,210,980,-770
111000014,761,387,374
111000017,88,276,-188
111000018,108,272,-164
111000020,1508,1122,386
111000021,46,104,-58
111000023,66,140,-74
111000025,5205,1176,4029
111000029,25,73,-48
111000030,42,35,7
111000031,1628,414,1214
111000032,386,176,210
111000033,185,96,89
111000034,230,123,107
111000037,668,434,234
111000038,2411,1606,805
111000039,903,1630,-727
111000040,864,1643,-779
111000041,978,940,38
111000042,4171,1788,2383
111000043,1212,904,308
111000044,615,256,359
111000045,700,889,-189
111000046,423,896,-473
111000047,938,1572,-634
111000049,147,440,-293
111000050,1231,1427,-196
111000051,200,898,-698
111000052,454,1027,-573
111000053,287,714,-427
111000054,314,744,-430
111000055,79,591,-512
111000056,280,704,-424
111000057,35,645,-610
111000058,48,102,-54
111000059,121,230,-109
111000060,1292,393,899
111000061,404,257,147
111000062,270,132,138
111000063,1577,555,1022
111000064,224,493,-269
111000065,442,562,-120
111000066,94,167,-73
111000067,271,483,-212
111000068,144,400,-256
111000069,1100,1522,-422
111000070,2071,1051,1020
111000071,156,623,-467
111000072,202,149,53
111000073,72,342,-270
111000074,834,753,81
111000075,227,444,-217
111000076,123,547,-424
111000077,493,872,-379
111000078,1060,838,222
111000079,849,587,262
111000080,231,460,-229
111000081,1599,2346,-747
111000082,316,603,-287
111000084,374,455,-81
111000085,510,1594,-1084
111000086,2321,1257,1064
111000087,545,786,-241
111000088,4399,1150,3249
111000089,240,679,-439
111000090,877,998,-121
111000091,286,720,-434
111000092,417,1122,-705
111000093,369,569,-200
111000094,1266,618,648
111000095,737,1035,-298
111000096,1996,3524,-1528
111000097,4526,898,3628
111000098,474,1187,-713
111000099,208,2206,-1998
111000100,138,2048,-1910
111000101,237,827,-590
111000102,70,678,-608
111000104,92,133,-41
111000107,31,653,-622
111000109,153,116,37
111000110,293,313,-20
111000111,464,315,149
111000112,514,157,357
111000113,296,270,26
111000114,690,498,192
111000115,5861,500,5361
111000116,746,485,261
111000117,505,453,52
111000118,1454,596,858
111000119,538,1187,-649
111000120,207,420,-213
111000121,159,383,-224
111000122,184,775,-591
111000123,244,1156,-912
111000124,215,3183,-2968
111000125,66,2214,-2148
111000126,496,1934,-1438
111000127,278,61,217
111000128,298,134,164
111000129,750,162,588
111000130,610,545,65
111000131,339,462,-123
111000132,267,262,5
111000133,32,143,-111
111000134,52,80,-28
111000135,9,63,-54
111000136,112,225,-113
111000138,4,6,-2
111000140,0,5,-5
111000141,39,96,-57
111000142,5,84,-79
111000143,2,68,-66
111000144,2,72,-70
111000145,20,0,20
111000146,14,2,12
111000147,32,3,29
111000148,39,44,-5
111000149,1,33,-32
111000150,3,5,-2
111000151,1,7,-6
111000153,426,354,72
111000154,485,148,337
111000155,41,107,-66
111000156,276,127,149
111000157,87,192,-105
111000158,451,358,93
111000159,1733,428,1305
111000160,110,375,-265
111000161,2,124,-122
111000162,0,120,-120
111000163,215,568,-353
111000164,651,1436,-785
111000165,842,293,549
111000166,596,196,400
111000167,120,358,-238
111000168,123,300,-177
111000169,124,284,-160
111000170,376,264,112
111000171,273,815,-542
111000172,77,627,-550
111000173,204,1108,-904
111000174,35,441,-406
111000175,22,256,-234
111000176,68,131,-63
111000177,58,386,-328
111000178,382,389,-7
111000179,80,204,-124
111000180,91,347,-256
111000181,280,215,65
111000182,75,99,-24
111000183,127,137,-10
111000184,156,136,20
111000185,197,477,-280
111000186,132,296,-164
111000187,42,325,-283
111000188,64,339,-275
111000189,1202,490,712
111000190,103,475,-372
111000191,61,424,-363
111000192,102,582,-480
111000193,400,350,50
111000194,10,494,-484
111000195,36,423,-387
111000196,19,334,-315
111000197,84,161,-77
111000198,129,102,27
111000199,29,155,-126
111000200,100,292,-192
111000201,186,218,-32
111000202,73,164,-91
111000203,148,122,26
111000204,238,169,69
111000213,61,343,-282
111000214,822,1340,-518
111000215,454,1102,-648
111000217,432,557,-125
111000218,439,622,-183
111000219,259,227,32
111000220,2091,449,1642
111000221,328,52,276
111000224,181,361,-180
111000225,164,184,-20
111000226,89,0,89
111000227,32,5,27
111000228,4,112,-108
111000229,16,247,-231
111000230,93,360,-267
111000231,133,1112,-979
111000232,113,783,-670
111000233,145,662,-517
111000234,15,103,-88
111000239,126,112,14
111000240,8,40,-32
111000241,12,380,-368
111000242,26,27,-1
111000243,26,701,-675
111000244,48,78,-30
111000245,153,408,-255
111000246,93,460,-367
111000247,56,1087,-1031
111000248,118,251,-133
111000249,285,877,-592
111000250,12,85,-73
111000251,28,99,-71
111000253,0,0,0
111000255,0,0,0
111000257,0,0,0
111000260,20,686,-666
111000261,208,39,169
111000271,34,271,-237
111000273,4871,1043,3828
111000274,659,1209,-550
111000275,41,68,-27
111000276,1424,3850,-2426
111000277,129,372,-243
111000278,220,223,-3
111000291,334,1592,-1258
111000298,159,227,-68
111000299,295,53,242
111000300,52,441,-389
111000302,83,34,49
111000303,48,220,-172
111000312,23,53,-30
111000315,28,213,-185
111000320,143,534,-391
111000321,120,13,107
111000322,67,421,-354
111000323,48,16,32
111000324,246,171,75
111000325,8,47,-39
111000326,56,322,-266
111000327,157,478,-321
111000328,91,282,-191
111000329,2,39,-37
111000330,18,18,0
111000331,9,7,2
111000332,163,775,-612
111000334,271,1491,-1220
111000335,140,95,45
111000337,193,359,-166
111000338,9,87,-78
111000339,65,561,-496
111000340,48,764,-716
111000341,415,109,306
111000342,30,293,-263
111000344,335,469,-134
111000345,77,17,60
111000346,4,61,-57
111000347,24,6,18
111000350,155,129,26
111000351,35,212,-177
111000352,69,117,-48
111000353,37,269,-232
111000354,204,150,54
111000355,104,572,-468
111000358,48,1601,-1553
111000360,38,861,-823
111000361,44,370,-326
111000546,99,661,-562
111000547,88,490,-402
111000548,48,102,-54
111000549,57,332,-275
111000550,38,126,-88
111000551,400,62,338
111000552,129,35,94
111000907,116,6,110
111000908,6,0,6
111000916,284,139,145
111000917,18,259,-241
111000918,54,950,-896
111000920,116,12,104
111000921,1,367,-366
111000922,69,257,-188
111000924,7,1139,-1132
111000925,773,1038,-265
111000926,559,2275,-1716
111000927,1783,1766,17
111000928,4611,2639,1972
111000929,400,592,-192
111000930,637,1877,-1240
111000931,662,920,-258
111000932,2114,1693,421
111000933,1662,989,673
111000934,1695,2224,-529
111000935,482,636,-154
111000936,489,1871,-1382
111000937,450,697,-247
111000938,1140,2204,-1064
111000939,149,35,114
111000940,146,265,-119
111000941,101,488,-387
111000943,82,231,-149
111000944,56,517,-461
111000945,1,1885,-1884
111001109,126,76,50
111001110,120,575,-455
111001111,9,3,6
111001112,43,1,42
111001113,29,91,-62
111001114,673,46,627
111001115,82,252,-170
111001116,3856,700,3156
111001117,409,290,119
111001120,72,279,-207
111001121,105,316,-211
111001122,121,701,-580
111001123,54,90,-36
111001124,45,452,-407
111001125,1,24,-23
111001126,0,0,0
111001127,1,36,-35
111001128,176,459,-283
111900001,0,136,-136
111900002,0,563,-563
111900003,1,309,-308
111900004,16,86,-70
111900006,2,8,-6
111900007,8,1,7
111900008,11,0,11
111900009,15,0,15
111900010,96,391,-295
111900012,54,55,-1
111900013,5,51,-46
111900014,5922,724,5198
111900015,0,33,-33
111900016,0,158,-158
111900017,0,130,-130
111900018,53,1,52
111900019,7,61,-54
111900020,4,32,-28
111900021,24,62,-38
111900022,5,39,-34
111900023,95,35,60
111900024,0,82,-82
111900025,0,30,-30
111900026,1,66,-65
111900027,2,151,-149
111900028,0,349,-349
111900029,0,104,-104
111900030,32,212,-180
111900032,1,345,-344
111900033,1,84,-83
111900034,92,437,-345
111900035,3,159,-156
111900036,0,334,-334
111900038,163,389,-226
111900039,20,257,-237
111900040,2,692,-690
111900042,28,39,-11
111900043,1,406,-405
111900044,122,178,-56
111900046,43,187,-144
111900048,26,714,-688
111900049,13,239,-226
111900050,16,6,10
111900051,2,178,-176
111900052,256,493,-237
111900053,1118,119,999
111900054,14,0,14
111900055,10,530,-520
111900056,75,65,10
111900057,10,27,-17
111900058,41,682,-641
111900059,1607,157,1450
111900060,70,1,69
111900061,4,249,-245
111900062,2,7,-5
111900063,37,128,-91
111900064,105,183,-78
111900065,15,2,13
111900066,29,55,-26
111900067,1,195,-194
111900068,9,13,-4
111900069,1,9,-8
111900070,21,98,-77
111900071,1,173,-172
111900072,1,3,-2
111900073,118,28,90
111900074,1,132,-131
111900075,17,3,14
111900076,40,9,31
111900077,3,0,3
111900078,37,6,31
111900079,10,3,7
111900080,122,38,84
111900082,15,6,9
111900083,20,1,19
111900084,10,0,10
111900085,11,8,3
111900086,10,1,9
111900087,8,1,7
111900088,61,1,60
111900089,8,0,8
111900090,27,3,24
111900091,17,0,17
111900092,12,2,10
111900093,104,2,102
111900094,22,0,22
111900095,50,1,49
111900096,14,0,14
111900097,5,0,5
111900098,7,0,7
111900099,4,0,4
111900100,8,0,8
111900101,60,5,55
111900102,57,692,-635
111900103,29,28,1
111900104,24,70,-46
111900105,50,55,-5
111900106,919,17,902
111900110,2802,82,2720
111900111,8,162,-154
111900112,432,440,-8
111900113,185,41,144
111900118,41,6,35
111900119,104,28,76
111900122,45,4,41
111900123,1,30,-29
111900124,16,82,-66
111900125,83,2,81
111900126,25,0,25
111900127,1,597,-596
111900128,2,423,-421
111900129,26,12,14
111900130,45,2,43
111900131,66,1,65
111900132,18,909,-891
111900133,2,250,-248
111900134,18,279,-261
111900135,6,4,2
111900136,46,38,8
111900137,34,23,11
111900138,4,49,-45
111900139,21,86,-65
111900140,9,13,-4
111900141,4,3,1
111900142,38,9,29
111900143,2,110,-108
111900144,1,125,-124
111900145,2,604,-602
111900146,1,350,-349
111900147,68,508,-440
111900148,26,782,-756
111900149,20,488,-468
111900150,24,196,-172
111900151,0,17,-17
111900152,70,30,40
111900153,1283,106,1177
111900154,3,65,-62
111900155,10,15,-5
111900156,5,5,0
111900157,15,6,9
111900158,66,8,58
111900159,42,1,41
111900160,42,0,42
111900161,18,0,18
111900162,46,53,-7
111900163,31,201,-170
111900164,36,11,25
111901113,37,330,-293
111901114,6,251,-245
111901115,5,0,5
111901116,33,0,33
111901117,2,1,1
111901118,53,16,37
111901119,1029,42,987
111901121,82,209,-127
111901122,0,472,-472
111901123,14,399,-385
111901124,23,0,23
111901125,50,176,-126
111901127,553,30,523
111901128,1,60,-59
111901129,5,78,-73
111901130,5,173,-168
111901131,1,278,-277
111901132,62,3,59
111901133,3,0,3
111901134,10,0,10
111901135,1,1,0
111901138,19,28,-9
111901139,7,31,-24
111901140,2,106,-104
111901141,2,193,-191
111901142,3,142,-139
111901143,1,84,-83
111901144,35,8,27
111901145,89,88,1
111901146,74,0,74
111901147,946,56,890
111901148,4,16,-12
111901149,0,1,-1
111901150,5,0,5
111901151,0,0,0
111901152,2,21,-19
112000001,634,440,194
112000002,429,1801,-1372
112000003,276,418,-142
112000004,362,1353,-991
112000005,730,754,-24
112000006,813,1533,-720
112000007,767,716,51
112000008,1303,1900,-597
112000009,2930,2826,104
112000010,1435,1584,-149
112000011,1272,2044,-772
112000012,4164,841,3323
112000013,4962,2681,2281
112000014,2047,279,1768
112000015,2583,1454,1129
112000016,2296,554,1742
112000017,1018,731,287
112000024,1334,378,956
112000026,3682,4104,-422
112000027,416,263,153
112000028,1303,1373,-70
112000029,105,269,-164
112000030,147,75,72
112000031,984,999,-15
112000032,395,30,365
112000033,1563,367,1196
112000034,348,22,326
112000035,39,143,-104
112000036,425,279,146
112000037,511,776,-265
112000038,422,743,-321
112000039,9,62,-53
112000040,66,256,-190
112000041,269,458,-189
112000042,538,214,324
112000050,298,892,-594
112000051,312,406,-94
112000054,1040,1805,-765
112000057,457,251,206
112000058,215,325,-110
112000059,644,305,339
112000061,5717,1011,4706
112000062,2518,335,2183
112000063,1885,457,1428
112000064,4757,5086,-329
112000065,2262,2374,-112
112000066,1952,587,1365
112000067,552,489,63
112000068,1007,664,343
112000069,447,1801,-1354
112000070,817,345,472
112000071,463,2674,-2211
112000072,439,583,-144
112000073,728,1486,-758
112000074,358,474,-116
112000075,450,528,-78
112000076,2253,2380,-127
112000077,210,585,-375
112000078,576,580,-4
112000079,701,1219,-518
112000080,315,707,-392
112000081,677,1451,-774
112000082,514,342,172
112000083,365,1488,-1123
112000084,449,440,9
112000085,656,1183,-527
112000086,732,1135,-403
112000087,76,876,-800
112000088,140,603,-463
112000089,135,293,-158
112000090,157,382,-225
112000091,442,1112,-670
112000092,574,494,80
112000093,899,1122,-223
112000094,185,572,-387
112000095,232,572,-340
112000096,136,531,-395
112000097,333,223,110
112000098,395,1336,-941
112000099,289,244,45
112000100,475,568,-93
112000101,196,835,-639
112000102,267,342,-75
112000103,135,1140,-1005
112000105,402,1994,-1592
112000106,463,318,145
112000107,24,71,-47
112000108,121,1591,-1470
112000109,55,60,-5
112000110,587,291,296
112000111,925,3892,-2967
112000112,1778,279,1499
112000113,683,1999,-1316
112000114,1167,563,604
112000115,110,411,-301
112000116,149,686,-537
112000117,233,569,-336
112000118,322,694,-372
112000119,188,744,-556
112000120,31,255,-224
112000121,33,523,-490
112000122,71,104,-33
112000123,118,99,19
112000124,81,54,27
112000125,46,82,-36
112000126,50,615,-565
112000127,1713,688,1025
112000128,793,305,488
112000129,28,76,-48
112000130,32,34,-2
112000131,13,222,-209
112000132,33,291,-258
112000133,86,207,-121
112000134,224,304,-80
112000135,464,481,-17
112000136,597,1104,-507
112000137,848,846,2
112000138,1207,1081,126
112000139,482,154,328
112000140,591,935,-344
112000141,183,138,45
112000142,102,826,-724
112000143,290,161,129
112000144,136,1513,-1377
112000145,710,452,258
112000146,319,2150,-1831
112000147,639,897,-258
112000148,842,1930,-1088
112000149,103,601,-498
112000150,54,510,-456
112000151,198,488,-290
112000152,142,269,-127
112000153,169,228,-59
112000154,84,95,-11
112000155,58,34,24
112000157,267,251,16
112000158,84,581,-497
112000159,170,256,-86
112000167,79,17,62
112000169,213,224,-11
112000173,162,140,22
112000175,96,207,-111
112000176,3797,1161,2636
112000177,94,43,51
112000178,12,363,-351
112000179,66,151,-85
112000180,162,148,14
112000181,564,1477,-913
112000182,248,1582,-1334
112000183,13,36,-23
112000184,97,429,-332
112000185,113,479,-366
112000187,1147,1408,-261
112000195,60,13,47
112000196,49,2,47
112000197,27,55,-28
112000198,16,322,-306
112000199,442,940,-498
112000202,53,2,51
112000216,20,95,-75
112000230,21,4,17
112000231,0,376,-376
112000256,11,81,-70
112000313,73,212,-139
112000314,4,6,-2
112000337,74,387,-313
112000352,84,90,-6
112000392,1609,840,769
112000398,398,441,-43
112000399,1224,834,390
112000400,860,2742,-1882
112000401,2118,2664,-546
112000402,786,1131,-345
112000403,1000,1022,-22
112000404,184,255,-71
112000405,696,1429,-733
112000406,2967,2998,-31
112000407,1799,3243,-1444
112000408,5427,4817,610
112000409,2032,4458,-2426
112000410,64,53,11
112000411,3310,255,3055
112000412,522,99,423
112000413,6721,911,5810
112000414,34,81,-47
112000415,37,49,-12
112000416,733,838,-105
112000417,83,47,36
112000421,7,88,-81
112000422,160,380,-220
112000424,1538,769,769
112000425,228,1198,-970
112000426,70,166,-96
112000427,0,4,-4
112000428,28,330,-302
112000429,1135,2134,-999
112000430,1106,2788,-1682
112000431,24,71,-47
112000432,266,2063,-1797
112000433,512,367,145
112000437,15,341,-326
112900001,23,1,22
112900002,48,1033,-985
112900003,6,147,-141
112900004,7,260,-253
112900005,19,180,-161
112900007,2,85,-83
112900008,0,7,-7
112900009,170,71,99
112900010,37,558,-521
112900011,294,129,165
112900012,0,29,-29
112900013,0,106,-106
112900014,3,228,-225
112900015,199,670,-471
112900016,1,159,-158
112900017,19,142,-123
112900018,43,829,-786
112900019,22,93,-71
112900020,333,1310,-977
112900021,1,294,-293
112900022,3,46,-43
112900023,2,273,-271
112900024,5,143,-138
112900025,55,109,-54
112900026,0,234,-234
112900027,3,1087,-1084
112900028,23,100,-77
112900029,9,475,-466
112900030,275,111,164
112900031,0,448,-448
112900032,61,192,-131
112900034,0,22,-22
112900035,1,414,-413
112900036,17,109,-92
112900037,115,47,68
112900038,84,86,-2
112900039,21,254,-233
112900040,1,195,-194
112900041,856,290,566
112900042,34,261,-227
112900043,9,27,-18
112900044,312,172,140
112900045,405,145,260
112900046,126,48,78
112900047,15,6,9
112900049,10,34,-24
112900050,33,381,-348
112900051,214,483,-269
112900052,6,878,-872
112900053,150,38,112
112900054,145,6,139
112900055,60,11,49
112900056,98,38,60
112900057,10,566,-556
112900058,154,42,112
112900059,27,107,-80
112900060,3,120,-117
112900061,16,107,-91
112900062,34,100,-66
112900063,21,1,20
112900064,65,47,18
112900065,16,1,15
112900066,66,30,36
112900067,430,45,385
112900068,13,4,9
112900069,2170,182,1988
112900071,3,0,3
112900072,94,209,-115
112900073,101,8,93
112900074,14,39,-25
112900075,1804,157,1647
112900076,12,1,11
112900078,44,116,-72
112900079,39,3,36
112900080,4,1,3
112900081,4,38,-34
112900082,77,2,75
112900083,13,20,-7
112900084,31,18,13
112900086,12,0,12
112900087,124,16,108
112900088,11,1,10
112900089,180,2,178
112900090,2,4,-2
112900091,25,0,25
112900092,35,54,-19
112900093,211,5,206
112900095,2,0,2
112900096,74,28,46
112900097,15,310,-295
112900098,5,1,4
112900099,114,2,112
112900100,8,0,8
112900101,61,1,60
112900102,46,1,45
112900103,52,0,52
112900104,80,1,79
112900105,0,0,0
112900106,168,24,144
112900107,0,0,0
112900108,1,0,1
112900109,28,7,21
112900110,143,4,139
112900111,122,0,122
112900112,54,0,54
112900113,1,13,-12
112900114,8,20,-12
112900115,144,2,142
112900116,15,5,10
112900117,95,71,24
112900118,11,49,-38
112900119,25,0,25
112900120,472,92,380
112900121,155,58,97
112900122,7,96,-89
112900123,56,7,49
112900124,2,74,-72
112900125,31,149,-118
112900126,78,193,-115
112900127,98,13,85
112900128,374,548,-174
112900129,3,805,-802
112900130,57,27,30
112900131,18,189,-171
112900132,39,547,-508
112900133,10,904,-894
112900134,2,230,-228
112900135,37,7,30
112900137,2,639,-637
112900138,1,401,-400
112900139,85,772,-687
112900141,99,8,91
112900142,21,19,2
112900143,30,500,-470
112900144,4,1023,-1019
112900145,43,245,-202
112900146,5,1222,-1217
112900147,4,2121,-2117
112900148,1,0,1
112900149,81,347,-266
112900151,16,21,-5
112900152,4506,547,3959
112900153,705,368,337
112900154,0,50,-50
112900155,25,3,22
112900156,49,1449,-1400
112900157,22,101,-79
112900158,2,7,-5
112900159,89,56,33
112900160,11,237,-226
112900161,18,11,7
112900162,8,2,6
112900163,35,7,28
112900164,11,27,-16
112900165,41,12,29
112900166,6,15,-9
112900167,2,16,-14
112900168,0,1,-1
112900169,4,1,3
112900170,10,33,-23
112900172,46,3,43
112900173,121,88,33
112900174,57,5,52
112900175,72,19,53
112900176,19,7,12
112900177,73,11,62
112900178,189,437,-248
112900179,29,449,-420
112900180,359,1942,-1583
112900181,92,0,92
112900182,7,1282,-1275
112900183,50,64,-14
112900184,288,132,156
112900185,128,301,-173
112900186,977,301,676
112900187,10,83,-73
112900188,636,181,455
112900189,2,26,-24
112900190,0,41,-41
112900192,143,80,63
112900193,357,82,275
112900194,2,91,-89
112900195,105,6,99
112900196,179,520,-341
112900197,50,303,-253
112900199,71,243,-172
112900200,92,180,-88
112900201,30,67,-37
112900202,49,743,-694
112900203,27,186,-159
112900204,432,134,298
112900205,0,6,-6
112900206,1,18,-17
112900207,4,0,4
112900208,26,29,-3
112900209,160,277,-117
112900210,0,12,-12
112900211,24,14,10
112900212,0,19,-19
112900213,6,7,-1
112900214,8,0,8
112900215,4,150,-146
112900216,11,22,-11
112900217,1,77,-76
112900218,4,0,4
112900219,8,8,0
112900220,0,0,0
112900221,1,114,-113
112900222,0,6,-6
112900223,143,1,142
112900224,34,556,-522
112900225,70,482,-412
112900226,196,79,117
112900227,48,790,-742
112900228,6,18,-12
112900229,18,42,-24
112900230,5260,1061,4199
112900232,78,55,23
112900233,15,128,-113
112900234,0,90,-90
112900235,19,8,11
112900236,21,5,16
112900237,13,257,-244
112900238,0,30,-30
112900239,430,192,238
112900240,4,132,-128
112900241,3,147,-144
112900242,2,245,-243
112900243,1,264,-263
112900244,0,145,-145
112900245,1,46,-45
112900246,0,10,-10
112900247,85,12,73
112900248,19,2,17
112900249,23,1,22
112900250,44,18,26
112900251,4,9,-5
112900252,11,10,1
112900253,2,12,-10
112900254,0,4,-4
112900255,0,20,-20
112900256,3,12,-9
112900257,6,8,-2
112900258,7,25,-18
113000001,3234,3370,-136
113000002,2320,2349,-29
113000003,1425,1196,229
113000004,1535,1403,132
113000005,741,693,48
113000006,492,871,-379
113000007,886,825,61
113000008,666,1081,-415
113000009,363,689,-326
113000010,485,1046,-561
113000011,356,1344,-988
113000012,499,492,7
113000013,715,268,447
113000014,1248,1212,36
113000015,345,216,129
113000016,121,134,-13
113000017,5,215,-210
113000018,113,28,85
113000019,20,155,-135
113000020,53,4,49
113000021,436,534,-98
113000022,265,1027,-762
113000025,30,189,-159
113000026,113,224,-111
113000027,371,185,186
113000028,552,241,311
113000029,505,366,139
113000030,453,428,25
113000031,282,153,129
113000032,306,94,212
113000033,223,203,20
113000034,357,206,151
113000035,8,9,-1
113000036,17,45,-28
113000037,22,19,3
113000038,10,25,-15
113000039,36,356,-320
113000040,35,87,-52
113000042,609,487,122
113000051,340,950,-610
113000052,1719,834,885
113000053,155,493,-338
113000054,123,456,-333
113000055,394,717,-323
113000056,346,1492,-1146
113000058,442,907,-465
113000059,917,640,277
113000060,52,563,-511
113000061,493,679,-186
113000062,1061,78,983
113000063,34,177,-143
113000064,9,281,-272
113000065,129,1040,-911
113000066,168,64,104
113000067,613,816,-203
113000068,310,1735,-1425
113000069,290,1217,-927
113000070,489,469,20
113000071,140,591,-451
113000072,199,285,-86
113000073,282,1108,-826
113000074,609,173,436
113000075,1337,318,1019
113000076,877,1192,-315
113000077,1408,281,1127
113000078,957,811,146
113000079,1003,410,593
113000080,872,422,450
113000081,879,553,326
113000082,910,535,375
113000083,444,498,-54
113000084,1329,756,573
113000085,732,438,294
113000086,721,782,-61
113000087,1063,666,397
113000088,1393,770,623
113000089,675,1083,-408
113000090,163,213,-50
113000091,492,156,336
113000094,339,107,232
113000095,184,913,-729
113000096,112,649,-537
113000097,288,205,83
113000098,29,28,1
113000099,700,155,545
113000100,80,308,-228
113000101,277,363,-86
113000102,260,124,136
113000103,1574,453,1121
113000104,202,1837,-1635
113000105,236,351,-115
113000106,171,535,-364
113000107,307,700,-393
113000108,507,1251,-744
113000109,312,1694,-1382
113000110,997,307,690
113000111,167,366,-199
113000112,280,327,-47
113000113,1682,206,1476
113000114,402,561,-159
113000116,531,213,318
113000117,515,122,393
113000118,78,158,-80
113000119,89,254,-165
113000120,27,202,-175
113000121,273,659,-386
113000124,91,85,6
113000125,12,310,-298
113000127,2675,360,2315
113000128,286,275,11
113000129,378,823,-445
113000133,3050,452,2598
113000134,1,277,-276
113000135,1924,1327,597
113000137,1773,862,911
113000139,319,89,230
113000140,152,134,18
113000141,270,49,221
113000142,496,407,89
113000143,277,130,147
113000144,245,450,-205
113000145,64,89,-25
113000146,60,42,18
113000147,73,51,22
113000148,33,70,-37
113000149,65,73,-8
113000150,314,189,125
113000151,133,31,102
113000152,21,97,-76
113000153,1220,323,897
113000154,312,678,-366
113000155,129,184,-55
113000156,98,265,-167
113000157,169,470,-301
113000158,198,135,63
113000159,456,358,98
113000160,398,799,-401
113000161,114,598,-484
113000162,268,232,36
113000163,25,36,-11
113000164,24,51,-27
113000166,31,54,-23
113000167,15,210,-195
113000168,17,179,-162
113000169,51,32,19
113000170,50,49,1
113000171,46,61,-15
113000172,128,50,78
113000173,25,12,13
113000174,71,484,-413
113000175,118,83,35
113000176,205,60,145
113000177,70,325,-255
113000178,79,338,-259
113000179,152,78,74
113000180,280,1023,-743
113000181,462,796,-334
113000182,154,164,-10
113000183,98,367,-269
113000184,19,80,-61
113000189,636,353,283
113000190,1128,254,874
113000192,1859,820,1039
113000193,3293,562,2731
113000194,1163,756,407
113000195,1657,327,1330
113000196,50,83,-33
113000197,804,603,201
113000198,15,295,-280
113000199,341,283,58
113000201,164,118,46
113000202,2111,685,1426
113000203,274,76,198
113000204,924,719,205
113000205,8,16,-8
113000206,4,17,-13
113000207,28,20,8
113000208,28,41,-13
113000209,16,9,7
113000210,6,11,-5
113000211,373,112,261
113000212,251,22,229
113000213,3,85,-82
113000214,52,135,-83
113000234,63,1186,-1123
113000410,23,55,-32
113000411,1629,2970,-1341
113000412,8711,1203,7508
113000413,3883,1182,2701
113000414,9057,5381,3676
113000415,2305,1605,700
113000416,6918,2191,4727
113000417,2938,1668,1270
113000418,2592,1933,659
113000419,1476,1149,327
113000420,2837,1828,1009
113000421,3161,2659,502
113000422,14927,4213,10714
113000423,2358,1861,497
113000424,3845,4510,-665
113000425,1,30,-29
113000428,15,0,15
113000430,8,3,5
113000432,590,33,557
113000433,144,793,-649
113000434,9,318,-309
113000435,5,710,-705
113000436,37,1116,-1079
113000437,132,17,115
113000438,64,10,54
113000439,16,144,-128
113000440,34,11,23
113000441,59,167,-108
113000442,64,251,-187
113000443,38,187,-149
113000444,44,308,-264
113000445,34,107,-73
113000446,16,80,-64
113000448,163,59,104
113000449,190,515,-325
113000450,386,945,-559
113000451,1328,73,1255
113000452,261,237,24
113000453,125,179,-54
113000454,622,34,588
113000455,77,83,-6
113000456,2218,1003,1215
113000468,2140,148,1992
113000469,90,30,60
113000470,369,75,294
113000471,6,220,-214
113000472,24,196,-172
113000474,169,600,-431
113000475,948,1397,-449
113000476,658,1642,-984
113000477,1301,1848,-547
113000478,2191,4749,-2558
113000479,16,280,-264
113000484,0,0,0
113000485,0,0,0
113000486,0,0,0
113000487,0,0,0
113000488,0,0,0
113000489,0,0,0
113000490,0,0,0
113000491,0,0,0
113000492,0,0,0
113000493,0,0,0
113000495,139,180,-41
113000496,49,50,-1
113000497,0,0,0
113000499,0,0,0
113900001,2,44,-42
113900002,0,112,-112
113900003,0,51,-51
113900004,0,9,-9
113900005,0,5,-5
113900006,0,17,-17
113900007,9,0,9
113900008,7,0,7
113900009,60,0,60
113900010,40,2,38
113900011,8,0,8
113900012,1,1,0
113900013,115,1,114
113900014,321,1,320
113900015,3,43,-40
113900016,4,0,4
113900017,0,41,-41
113900018,247,20,227
113900019,15,45,-30
113900020,13,0,13
113900022,3,0,3
113900023,0,0,0
113900024,22,44,-22
113900025,225,3,222
113900026,10,0,10
113900027,1,47,-46
113900028,6,265,-259
113900029,14,273,-259
113900030,74,0,74
113900031,0,0,0
113900032,0,0,0
113900033,49,51,-2
113900035,6,0,6
113900036,2,61,-59
113900037,16,444,-428
113900038,79,16,63
113900039,39,13,26
113900040,1,1,0
113900041,0,0,0
113900042,39,28,11
113900043,125,75,50
113900044,49,9,40
113900045,10,2,8
113900046,164,581,-417
113900047,9,122,-113
113900048,241,20,221
113900049,705,77,628
113900050,99,225,-126
113900051,83,278,-195
113900052,133,99,34
113900053,192,77,115
113900054,1,0,1
113900055,68,435,-367
113900056,27,69,-42
113900057,16,73,-57
113900058,29,137,-108
113900059,67,284,-217
113900060,76,117,-41
113900061,651,35,616
113900062,16,2,14
113900063,38,105,-67
113900064,8,115,-107
113900065,164,5,159
113900066,78,429,-351
113900067,19,309,-290
113900068,240,185,55
113900069,26,4,22
113900070,121,344,-223
113900071,17,40,-23
113900072,12,132,-120
113900073,129,282,-153
113900074,11,324,-313
113900075,492,548,-56
113900076,64,6,58
113900077,9,138,-129
113900078,9,25,-16
113900079,0,35,-35
113900080,178,77,101
113900081,13,149,-136
113900082,86,125,-39
113900083,34,503,-469
113900084,102,24,78
113900085,22,271,-249
113900086,3,15,-12
113900087,9,161,-152
113900088,13,22,-9
113900089,168,16,152
113900090,144,181,-37
113900091,8,5,3
113900092,33,35,-2
113900093,34,336,-302
113900094,75,425,-350
113900095,28,33,-5
113900096,32,16,16
113900097,4,69,-65
113900098,184,26,158
113900099,0,33,-33
113900100,0,0,0
113900101,19,16,3
113900102,57,52,5
113900103,76,174,-98
113900104,36,63,-27
113900105,9,333,-324
113900106,0,42,-42
113900107,0,21,-21
113900108,116,124,-8
113900109,139,61,78
113900110,4,9,-5
113900111,20,48,-28
113900112,24,42,-18
113900113,277,251,26
113900114,0,87,-87
113900115,1,96,-95
113900116,22,80,-58
113900117,15,5,10
113900118,59,105,-46
113900119,213,94,119
113900120,15,8,7
113900121,27,48,-21
113900122,92,665,-573
113900123,148,116,32
113900124,0,81,-81
113900125,967,115,852
113900126,85,23,62
113900127,111,229,-118
113900128,43,29,14
113900129,3,33,-30
113900130,0,5,-5
113900131,50,23,27
113900132,25,24,1
113900133,5,35,-30
113900135,95,373,-278
113900136,72,32,40
113900137,94,91,3
113900138,21,51,-30
113900139,417,30,387
113900140,243,50,193
113900141,68,352,-284
113900142,40,39,1
113900143,4,9,-5
113900144,243,58,185
113900145,70,125,-55
113900146,16,24,-8
113900148,90,53,37
113900149,62,22,40
113900150,804,290,514
113900151,90,129,-39
113900152,9,54,-45
113900153,309,219,90
113900154,4,60,-56
113900155,162,27,135
113900156,126,462,-336
113900157,9,161,-152
113900158,174,62,112
113900159,14,72,-58
113900160,211,536,-325
113900161,7,116,-109
113900162,347,154,193
113900163,166,103,63
113900164,65,35,30
113900165,340,285,55
113900166,103,36,67
113900167,111,9,102
113900168,51,82,-31
113900169,73,268,-195
113900171,29,19,10
113900172,3,196,-193
113900173,27,508,-481
113900174,232,584,-352
113900175,119,33,86
113900176,71,584,-513
113900177,163,134,29
113900178,113,60,53
113900179,7,633,-626
113900180,74,83,-9
113900181,149,23,126
113900182,226,668,-442
113900183,17,41,-24
113900184,8,378,-370
113900185,117,74,43
113900186,6,17,-11
113900187,20,131,-111
113900188,36,70,-34
113900189,123,32,91
113900190,199,60,139
113900191,55,131,-76
113900192,2143,679,1464
113900193,18,274,-256
113900194,1467,663,804
113900195,211,334,-123
113900196,0,89,-89
113900197,1,274,-273
113900198,15,128,-113
113900199,115,409,-294
113900200,4,189,-185
113900201,1,177,-176
113900202,13,114,-101
113900203,7,180,-173
113900204,18,523,-505
113900205,1,49,-48
113900206,2,80,-78
113900207,0,67,-67
113900208,0,69,-69
113900209,0,43,-43
113900210,303,187,116
113900211,89,2,87
113900212,27,416,-389
113900214,311,215,96
113900215,10,102,-92
113900216,14,1208,-1194
113900217,8,279,-271
113900218,34,18,16
113900219,48,365,-317
113900220,43,31,12
113900221,143,57,86
113900222,994,212,782
113900223,23,1038,-1015
113900224,52,42,10
113900225,494,100,394
113900226,179,60,119
113900227,194,62,132
113900228,236,134,102
113900229,16,360,-344
113900230,2897,586,2311
113900231,64,112,-48
113900232,33,66,-33
113900233,16,51,-35
113900234,43,242,-199
113900235,4,10,-6
113900236,19,210,-191
113900237,27,1,26
113900238,70,201,-131
113900239,21,18,3
113900240,1,33,-32
113900241,55,24,31
113900242,33,97,-64
113900243,86,271,-185
113900244,319,130,189
113900245,979,127,852
113900246,15,10,5
113900247,68,97,-29
113900248,2741,431,2310
113900249,628,100,528
113900250,17,48,-31
113900251,189,170,19
113900252,155,9,146
113900253,320,10,310
113900254,191,45,146
113900255,169,18,151
113900256,93,11,82
113900257,10,594,-584
113900258,1,425,-424
113900259,116,211,-95
113900260,39,1,38
113900261,14,122,-108
113900262,66,643,-577
113900263,18,380,-362
113900264,6,605,-599
113900265,62,214,-152
113900266,14,230,-216
113900267,69,326,-257
113900268,117,150,-33
113900269,13,69,-56
113900270,146,193,-47
113900271,261,1088,-827
113900273,15,2,13
113900274,6,14,-8
113900275,6,47,-41
113900276,2,216,-214
113900277,20,0,20
113900278,147,96,51
113900279,96,86,10
113900280,712,265,447
113900281,128,401,-273
113900282,388,169,219
113900283,127,300,-173
113900284,235,78,157
113900285,23,4,19
113900286,3,94,-91
113900287,9,18,-9
113900288,2,53,-51
113900289,1244,38,1206
113900290,295,41,254
113900291,111,83,28
113900292,0,5,-5
113900293,0,140,-140
113900294,133,6,127
113900295,395,157,238
113900296,1059,99,960
113900297,292,9,283
113900298,5,1043,-1038
113900299,5,116,-111
113900300,2471,613,1858
113900301,522,105,417
113900302,1779,364,1415
113900303,387,73,314
113900304,1,123,-122
113900305,8,0,8
113900306,3,0,3
113900307,30,0,30
113900308,74,50,24
113900309,0,576,-576
113900310,1,9,-8
113900311,0,0,0
113900312,52,49,3
113900313,19,7,12
113900314,0,6,-6
113900315,15,0,15
114000001,689,2401,-1712
114000002,102,416,-314
114000003,121,1386,-1265
114000004,267,390,-123
114000005,127,231,-104
114000006,4062,1279,2783
114000007,585,1113,-528
114000008,1687,663,1024
114000009,112,125,-13
114000011,1347,2384,-1037
114000012,883,2106,-1223
114000013,494,1826,-1332
114000014,501,500,1
114000015,510,522,-12
114000016,214,367,-153
114000017,50,174,-124
114000018,228,72,156
114000026,467,1578,-1111
114000027,914,1574,-660
114000028,889,1389,-500
114000038,49,100,-51
114000039,68,341,-273
114000040,40,121,-81
114000042,34,209,-175
114000043,61,272,-211
114000044,76,351,-275
114000045,36,144,-108
114000046,2769,3170,-401
114000047,10,23,-13
114000048,74,193,-119
114000049,1514,841,673
114000050,1926,902,1024
114000051,4773,1166,3607
114000052,3122,895,2227
114000053,17,299,-282
114000054,23,1114,-1091
114000055,145,18,127
114000056,676,380,296
114000057,6686,1682,5004
114000058,315,287,28
114000059,170,103,67
114000060,447,721,-274
114000061,3607,892,2715
114000062,1244,378,866
114000063,3267,1076,2191
114000064,6467,1513,4954
114000065,1662,1344,318
114000066,149,440,-291
114000067,21,190,-169
114000068,355,237,118
114000069,432,235,197
114000070,2086,839,1247
114000071,290,415,-125
114000072,70,297,-227
114000073,4,78,-74
114000074,6,11,-5
114000075,12,208,-196
114000076,2,161,-159
114000077,0,52,-52
114000078,55,1115,-1060
114000079,31,48,-17
114000080,63,69,-6
114000081,50,75,-25
114000082,51,526,-475
114000083,23,315,-292
114000084,48,74,-26
114000085,67,738,-671
114000086,83,632,-549
114000087,12,292,-280
114000088,9,27,-18
114000089,1209,436,773
114000090,614,326,288
114000091,1412,252,1160
114000092,964,189,775
114000093,658,577,81
114000094,203,322,-119
114000095,50,34,16
114000096,61,553,-492
114000097,64,909,-845
114000098,90,35,55
114000099,70,932,-862
114000100,276,644,-368
114000101,153,1217,-1064
114000102,110,200,-90
114000103,83,443,-360
114000104,4,276,-272
114000105,28,52,-24
114000106,460,209,251
114000107,35,66,-31
114000108,2442,1057,1385
114000109,113,375,-262
114000110,344,1526,-1182
114000111,290,248,42
114000112,199,2234,-2035
114000113,377,270,107
114000114,767,1844,-1077
114000115,694,305,389
114000116,170,453,-283
114000117,584,183,401
114000118,581,140,441
114000119,390,149,241
114000120,279,830,-551
114000121,291,409,-118
114000122,215,177,38
114000123,318,150,168
114000124,100,155,-55
114000125,487,1443,-956
114000126,324,116,208
114000127,69,99,-30
114000128,409,403,6
114000130,167,257,-90
114000131,74,16,58
114000132,509,848,-339
114000133,1246,1218,28
114000134,30,202,-172
114000138,70,195,-125
114000139,720,95,625
114000144,367,161,206
114000145,52,157,-105
114000146,47,297,-250
114000147,456,438,18
114000148,1596,617,979
114000149,342,105,237
114000150,2523,777,1746
114000151,1510,581,929
114000152,280,7,273
114000153,1756,1348,408
114000154,1105,833,272
114000155,1066,961,105
114000156,826,260,566
114000157,237,539,-302
114000158,2365,513,1852
114000159,232,373,-141
114000160,129,155,-26
114000161,1715,576,1139
114000162,668,393,275
114000163,7,149,-142
114000165,240,85,155
114000166,545,101,444
114000167,3947,920,3027
114000168,685,248,437
114000169,1526,264,1262
114000170,602,182,420
114000171,372,645,-273
114000174,180,372,-192
114000176,582,516,66
114000177,1437,577,860
114000178,17,62,-45
114000179,828,399,429
114000180,338,610,-272
114000181,926,1106,-180
114000182,4329,1646,2683
114000183,812,836,-24
114000184,5904,1555,4349
114000185,567,660,-93
114000189,118,22,96
114000190,560,45,515
114000191,12,27,-15
114000192,198,1238,-1040
114000193,684,2347,-1663
114000194,613,970,-357
114000195,13,3,10
114000196,7,198,-191
114000197,281,13,268
114000198,711,242,469
114000199,1234,677,557
114000200,476,2235,-1759
114000201,58,1019,-961
114000202,491,659,-168
114000203,340,947,-607
114000204,40,268,-228
114000205,246,1606,-1360
114000206,148,1000,-852
114000207,398,1883,-1485
114000208,299,2592,-2293
114000209,460,2944,-2484
114000210,245,1575,-1330
114000211,452,1059,-607
114000212,395,532,-137
114000213,605,412,193
114000214,32,204,-172
114000215,39,58,-19
114000216,241,81,160
114000217,43,214,-171
114000218,128,293,-165
114000219,291,229,62
114000220,6,1260,-1254
114000221,186,66,120
114000222,107,1084,-977
114000223,189,40,149
114000224,74,514,-440
114000225,62,464,-402
114000226,13,223,-210
114000227,505,430,75
114000228,208,856,-648
114000229,216,956,-740
114000230,668,1231,-563
114000231,286,1036,-750
114000232,164,81,83
114000233,584,113,471
114000234,462,764,-302
114000235,344,1243,-899
114000236,4,446,-442
114000237,49,1078,-1029
114000238,12,86,-74
114000239,96,1443,-1347
114000240,345,466,-121
114000241,209,1044,-835
114000242,632,763,-131
114000243,412,543,-131
114000244,291,226,65
114000245,161,442,-281
114000246,95,30,65
114000247,242,629,-387
114000248,332,387,-55
114000249,189,355,-166
114000250,105,731,-626
114000251,47,283,-236
114000252,36,82,-46
114000253,33,243,-210
114000254,5,85,-80
114000255,277,94,183
114000256,1186,243,943
114000257,793,2022,-1229
114000258,60,396,-336
114000259,40,225,-185
114000260,0,21,-21
114000261,18,11,7
114000262,12,182,-170
114000263,0,1,-1
114000264,162,461,-299
114000265,0,1,-1
114000267,4,836,-832
114000268,2,1748,-1746
114000270,56,0,56
114000271,136,74,62
114000283,365,333,32
114000285,50,245,-195
114000288,31,364,-333
114000289,647,157,490
114000293,46,254,-208
114000294,111,323,-212
114000395,511,44,467
114000396,80,138,-58
114000402,83,287,-204
114000403,131,481,-350
114000405,65,630,-565
114000423,55,486,-431
114000424,213,196,17
114000425,99,555,-456
114000426,125,258,-133
114000427,29,146,-117
114000428,265,54,211
114000429,7,190,-183
114000432,21,100,-79
114000434,15,103,-88
114000435,2,161,-159
114900001,118,1371,-1253
114900002,214,30,184
114900003,78,1962,-1884
114900004,69,42,27
114900005,158,830,-672
114900006,13,12,1
114900007,27,8,19
114900008,42,25,17
114900010,2788,1651,1137
114900011,28,37,-9
114900013,28,37,-9
114900018,347,34,313
114900020,25,40,-15
114900022,1,347,-346
114900025,151,172,-21
114900026,16,18,-2
114900029,36,17,19
114900030,110,170,-60
114900031,41,25,16
114900032,48,23,25
114900034,24,326,-302
114900035,164,117,47
114900036,144,1085,-941
114900039,447,906,-459
114900040,34,257,-223
114900041,155,702,-547
114900042,250,914,-664
114900044,23,5,18
114900047,124,929,-805
114900048,32,217,-185
114900049,37,396,-359
114900050,25,702,-677
114900051,9,395,-386
114900052,70,124,-54
114900053,42,163,-121
114900054,29,89,-60
114900057,60,2,58
114900058,0,92,-92
114900059,32,16,16
114900063,51,302,-251
114900064,241,824,-583
114900065,93,541,-448
114900067,14,334,-320
114900068,53,284,-231
114900069,189,159,30
114900070,88,564,-476
114900072,4,239,-235
114900073,0,186,-186
114900074,81,814,-733
114900075,42,2,40
114900076,1,325,-324
114900080,2632,285,2347
114900082,3156,1214,1942
114900083,184,593,-409
114900090,64,54,10
114900091,93,134,-41
114900097,19,1,18
114900098,1,221,-220
114900099,35,1,34
115000001,7411,5401,2010
115000002,1914,2086,-172
115000003,2871,4071,-1200
115000004,1140,3187,-2047
115000005,688,2486,-1798
115000006,224,1070,-846
115000007,55,119,-64
115000008,226,365,-139
115000009,75,257,-182
115000010,122,128,-6
115000013,49,85,-36
115000015,99,110,-11
115000016,53,120,-67
115000019,8,252,-244
115000020,94,94,0
115000021,144,331,-187
115000022,185,255,-70
115000023,200,179,21
115000024,570,388,182
115000025,346,189,157
115000026,70,257,-187
115000027,98,119,-21
115000028,43,382,-339
115000029,128,74,54
115000030,86,531,-445
115000031,303,107,196
115000032,7,201,-194
115000033,44,10,34
115000034,102,618,-516
115000035,389,9,380
115000036,1,341,-340
115000037,79,0,79
115000038,30,168,-138
115000039,2019,1192,827
115000040,4867,1878,2989
115000041,658,1319,-661
115000042,547,356,191
115000043,1807,1506,301
115000044,2416,3335,-919
115000045,1026,2502,-1476
115000046,800,1654,-854
115000047,892,1483,-591
115000048,944,2761,-1817
115000049,869,2136,-1267
115000050,1247,1198,49
115000051,1334,751,583
115000052,2701,1401,1300
115000053,740,646,94
115000054,712,1157,-445
115000055,22,295,-273
115000056,80,169,-89
115000057,204,452,-248
115000058,238,102,136
115000059,79,290,-211
115000061,62,60,2
115000062,79,255,-176
115000063,41,319,-278
115000064,66,140,-74
115000065,6,126,-120
115000067,127,6,121
115000069,14,192,-178
115000070,14,340,-326
115000071,71,3,68
115000072,9,26,-17
115000073,708,14,694
115000075,4,63,-59
115000076,2362,2738,-376
115000077,726,3306,-2580
115000078,301,1713,-1412
115000079,457,2219,-1762
115000080,867,2765,-1898
115000081,262,635,-373
115000082,1609,1721,-112
115000083,920,3078,-2158
115000084,474,788,-314
115000085,207,960,-753
115000086,212,827,-615
115000087,345,1154,-809
115000088,723,360,363
115000089,1204,1132,72
115000090,584,355,229
115000091,248,1135,-887
115000092,196,187,9
115000093,232,0,232
115000094,5675,2955,2720
115000095,4782,2561,2221
115000096,349,1871,-1522
115000097,181,591,-410
115000098,256,679,-423
115000099,701,2690,-1989
115000100,295,345,-50
115000101,213,1393,-1180
115000102,143,86,57
115000103,299,826,-527
115000105,25,205,-180
115000106,142,99,43
115000107,113,550,-437
115000108,2824,2510,314
115000109,3879,1237,2642
115000110,794,375,419
115000111,440,1048,-608
115000112,377,209,168
115000113,453,562,-109
115000114,1130,587,543
115000116,1951,671,1280
115000117,2368,926,1442
115000118,1694,756,938
115000119,1981,897,1084
115000120,695,344,351
115000121,1462,432,1030
115000122,2500,395,2105
115000123,1196,741,455
115000124,615,430,185
115000125,261,457,-196
115000126,51,128,-77
115000127,140,75,65
115000128,678,439,239
115000129,93,105,-12
115000130,134,1046,-912
115000131,140,233,-93
115000132,41,432,-391
115000133,105,305,-200
115000134,60,174,-114
115000135,41,205,-164
115000136,90,167,-77
115000137,41,159,-118
115000138,85,187,-102
115000139,101,194,-93
115000140,71,147,-76
115000141,84,282,-198
115000142,54,278,-224
115000143,139,346,-207
115000144,172,43,129
115000145,49,451,-402
115000146,81,188,-107
115000147,173,375,-202
115000148,159,1397,-1238
115000149,218,115,103
115000150,307,1353,-1046
115000151,252,254,-2
115000152,282,1798,-1516
115000153,235,280,-45
115000154,192,181,11
115000155,248,1230,-982
115000156,536,334,202
115000157,476,697,-221
115000158,423,167,256
115000159,381,180,201
115000160,304,108,196
115000161,97,427,-330
115000162,385,281,104
115000163,473,457,16
115000164,313,324,-11
115000165,202,234,-32
115000167,57,52,5
115000168,284,247,37
115000169,276,222,54
115000170,44,107,-63
115000171,166,149,17
115000172,1297,357,940
115000173,191,136,55
115000174,35,122,-87
115000175,69,108,-39
115000176,65,27,38
115000177,9,35,-26
115000178,8,240,-232
115000179,16,3,13
115000180,36,545,-509
115000181,152,53,99
115000182,221,229,-8
115000183,71,716,-645
115000186,267,140,127
115000187,49,537,-488
115000188,281,230,51
115000189,117,262,-145
115000190,411,136,275
115000191,101,186,-85
115000194,84,62,22
115000195,292,139,153
115000196,43,103,-60
115000197,75,386,-311
115000198,55,180,-125
115000199,57,277,-220
115000200,178,82,96
115000201,43,294,-251
115000206,83,19,64
115000207,12,189,-177
115000208,400,525,-125
115000209,167,106,61
115000210,77,57,20
115000211,87,134,-47
115000212,943,173,770
115000224,44,22,22
115000225,43,29,14
115000229,126,88,38
115000230,37,275,-238
115000231,202,2065,-1863
115000232,355,303,52
115000233,27,189,-162
115000234,14,153,-139
115000241,43,211,-168
115000242,18,205,-187
115000243,21,232,-211
115000244,3,86,-83
115000246,11,8,3
115000247,12,1,11
115000248,5,3,2
115000249,25,6,19
115000250,46,18,28
115000251,35,121,-86
115000252,34,135,-101
115000253,4,119,-115
115000258,85,163,-78
115000259,167,101,66
115000261,2,38,-36
115000262,0,9,-9
115000263,2,22,-20
115000264,2,25,-23
115000267,20,43,-23
115000268,18,59,-41
115000269,21,33,-12
115000270,0,24,-24
115000272,33,81,-48
115000273,56,2,54
115000280,2797,44,2753
115000281,639,73,566
115000282,378,137,241
115000284,273,60,213
115000296,180,0,180
115000297,102,18,84
115000298,72,34,38
115000300,54,128,-74
115000302,90,121,-31
115000303,119,104,15
115000304,175,83,92
115000305,53,986,-933
115000306,40,568,-528
115000307,5,275,-270
115000308,48,7,41
115000310,337,1193,-856
115000311,194,1029,-835
115000313,99,581,-482
115000314,73,66,7
115000315,984,195,789
115000316,16,25,-9
115000317,73,373,-300
115000318,267,150,117
115000319,16,191,-175
115000320,5,89,-84
115000321,80,1,79
115000322,17,211,-194
115000449,134,58,76
115000557,97,238,-141
115000558,148,36,112
115000587,160,186,-26
115000588,1429,3397,-1968
115000589,1739,2188,-449
115000590,541,1208,-667
115000591,1028,526,502
115000592,461,1095,-634
115000593,913,262,651
115000594,598,936,-338
115000609,162,79,83
115000617,1047,645,402
115000624,46,60,-14
115000633,221,1359,-1138
115000634,1273,383,890
115000635,126,85,41
115000638,1097,610,487
115000641,69,68,1
115000642,289,130,159
115000643,88,440,-352
115000644,119,399,-280
115000646,454,504,-50
115000647,78,309,-231
115000648,437,1264,-827
115000893,3247,587,2660
115000894,40,903,-863
115000895,256,727,-471
115000896,834,200,634
115000897,268,35,233
115000898,508,105,403
115000899,739,635,104
115000900,75,230,-155
115000901,59,66,-7
115000912,138,25,113
115000913,3,32,-29
115000915,9,0,9
115000916,3,0,3
115000917,0,1,-1
115000918,74,67,7
115000919,31,5,26
115000920,4,15,-11
115000921,949,33,916
115000922,972,246,726
115000923,413,599,-186
115000925,31,58,-27
115000927,5,19,-14
115000933,242,96,146
115000934,11,121,-110
115000935,18,35,-17
115000936,51,128,-77
115000937,1267,88,1179
115000938,134,62,72
115000939,291,89,202
115000940,1,2,-1
115000941,0,2,-2
115000942,31,26,5
115000943,60,6,54
115000944,6,7,-1
115900001,6,89,-83
115900002,63,118,-55
115900003,44,91,-47
115900004,0,30,-30
115900005,22,3,19
115900006,30,324,-294
115900008,15,6,9
115900009,18,177,-159
115900010,43,132,-89
115900011,80,210,-130
115900012,6,118,-112
115900013,340,95,245
115900014,47,120,-73
115900015,6,109,-103
115900016,27,19,8
115900017,0,1,-1
115900018,107,75,32
115900019,155,8,147
115900020,5,0,5
115900021,1320,36,1284
115900022,1909,3,1906
115900023,4,0,4
115900025,21,79,-58
115900026,525,283,242
115900027,3,365,-362
115900028,384,29,355
115900029,2,465,-463
115900030,12,6,6
115900031,270,60,210
115900032,161,447,-286
115900033,2,24,-22
115900034,7,464,-457
115900035,11,42,-31
115900036,127,134,-7
115900037,9,446,-437
115900038,2,4,-2
115900039,33,249,-216
115900041,180,155,25
115900042,0,1,-1
115900043,5,126,-121
115900044,99,117,-18
115900046,75,247,-172
115900047,26,12,14
115900049,60,140,-80
115900051,1,65,-64
115900052,14,423,-409
115900053,40,222,-182
115900054,37,38,-1
115900055,7,171,-164
115900056,32,230,-198
115900057,1,1,0
115900058,19,83,-64
115900060,22,68,-46
115900061,20,0,20
115900062,7,375,-368
115900063,27,5,22
115900064,72,179,-107
115900065,28,101,-73
115900066,105,163,-58
115900067,4,701,-697
115900068,3657,57,3600
115900069,19,110,-91
115900070,18,174,-156
115900071,3,651,-648
115900072,47,176,-129
115900073,3,6,-3
115900074,2,413,-411
115900075,18,286,-268
115900076,0,84,-84
115900077,2,321,-319
115900078,32,112,-80
115900079,21,4,17
115900080,290,96,194
115900081,4,50,-46
115900082,186,100,86
115900084,57,14,43
115900085,39,16,23
115900086,1145,233,912
115900088,1,8,-7
115900089,78,763,-685
115900090,20,1,19
115900091,1,10,-9
115900092,6,156,-150
115900093,1,27,-26
115900094,2,433,-431
115900096,0,36,-36
115900097,5,573,-568
115900098,37,342,-305
115900099,2,74,-72
115900100,4,517,-513
115900101,35,322,-287
115900102,1,83,-82
115900103,44,189,-145
115900104,11,145,-134
115900105,27,705,-678
115900106,13,9,4
115900107,11,194,-183
115900108,18,21,-3
115900109,13,400,-387
115900110,1,12,-11
115900111,2,64,-62
115900112,15,612,-597
115900113,19,6,13
115900114,1,143,-142
115900115,10,74,-64
115900116,18,807,-789
115900117,5,10,-5
115900118,4,371,-367
115900119,30,46,-16
115900120,9,257,-248
115900121,38,163,-125
115900124,93,141,-48
115900125,129,9,120
115900126,144,9,135
115900127,202,25,177
115900128,5,102,-97
115900129,238,13,225
115900130,13,121,-108
115900131,30,22,8
115900132,99,8,91
115900134,50,5,45
115900135,463,326,137
115900137,3,1,2
115900139,35,15,20
115900140,39,2,37
115900141,1,9,-8
115900142,3,2,1
115900143,40,135,-95
115900144,16,125,-109
115900146,4,163,-159
115900147,43,85,-42
115900148,0,47,-47
115900149,6,31,-25
115900150,7,83,-76
115900151,2,43,-41
115900152,7,272,-265
115900153,11,164,-153
115900154,281,183,98
115900155,0,73,-73
115900156,179,485,-306
115900157,30,336,-306
115900158,16,3,13
115900159,7,208,-201
115900160,1,2,-1
115900161,22,115,-93
115900163,63,55,8
115900164,60,16,44
115900166,93,166,-73
115900168,12,91,-79
115900171,48,175,-127
115900172,18,91,-73
115900173,47,128,-81
115900174,145,151,-6
115900175,36,109,-73
115900178,2,669,-667
115900179,59,5,54
115900180,12,253,-241
115900181,45,264,-219
115900182,78,205,-127
115900183,37,5,32
115900184,858,15,843
115900187,7,91,-84
115900189,0,26,-26
115900190,175,207,-32
115900191,20,442,-422
115900192,2,62,-60
115900193,41,31,10
115900194,100,13,87
115900195,242,293,-51
115900198,139,180,-41
115900199,93,173,-80
115900200,273,212,61
115900201,102,111,-9
115900202,0,1,-1
115900203,1,2,-1
115900204,0,1,-1
115900205,15,0,15
115900206,15,90,-75
115900207,2,12,-10
115900208,11,274,-263
115900209,3,141,-138
115900210,1,136,-135
115900211,2,151,-149
115900212,32,183,-151
115900213,19,17,2
115900214,77,124,-47
115900215,8,9,-1
115900216,2,67,-65
115900217,0,68,-68
115900218,0,44,-44
115900219,17,1,16
115900220,19,3,16
115900221,7,4,3
115900222,7,3,4
115900223,3,21,-18
115900224,1201,129,1072
115900225,73,11,62
115900226,2,14,-12
115900227,8,15,-7
115900228,0,29,-29
115900229,2,31,-29
115900230,20,48,-28
115900231,51,0,51
115900232,24,0,24
115900233,20,2,18
115900234,15,8,7
115900235,2,6,-4
115900236,6,20,-14
115900237,0,55,-55
115900238,3,15,-12
115900239,1,30,-29
115900240,1,50,-49
115900241,30,42,-12
115900242,141,82,59
115900243,2,1,1
115900244,0,11,-11
115900245,2,6,-4
115900246,3,1,2
115900247,9,1,8
115900248,1,0,1
115900249,2,0,2
115900250,4,6,-2
115900251,0,2,-2
115900252,0,1,-1
115900253,3,3,0
115900254,5,26,-21
115900255,1,5,-4
115900256,24,10,14
115900257,0,10,-10
115900258,0,1,-1
115900259,0,1,-1
115900260,7,1,6
115900261,8,0,8
115900262,2,0,2
115900263,2,1,1
115900264,1,3,-2
115900265,0,2,-2
115900266,1,1,0
115900267,1,2,-1
115900268,1,3,-2
115900269,75,250,-175
115900270,79,692,-613
115900271,5,0,5
115900272,1,1,0
115900273,0,0,0
115900274,4,6,-2
115900275,0,24,-24
115900276,0,40,-40
115900277,5,111,-106
115900278,8,52,-44
115900279,6,93,-87
115900280,12,76,-64
115900281,514,70,444
115900282,9,5,4
115900283,3,3,0
115900284,3,5,-2
116000001,15498,3758,11740
116000002,2082,2911,-829
116000003,1152,1694,-542
116000004,801,1116,-315
116000005,1441,2094,-653
116000006,1017,753,264
116000007,3325,3349,-24
116000008,4443,864,3579
116000009,1199,2433,-1234
116000010,647,479,168
116000011,563,1580,-1017
116000012,446,367,79
116000013,8944,2305,6639
116000014,17418,3041,14377
116000015,261,331,-70
116000016,4827,756,4071
116000017,32,221,-189
116000018,440,274,166
116000019,261,130,131
116000020,219,968,-749
116000021,94,136,-42
116000022,157,370,-213
116000023,274,245,29
116000024,385,1001,-616
116000025,306,270,36
116000026,663,1666,-1003
116000027,158,289,-131
116000028,191,373,-182
116000029,642,408,234
116000030,140,161,-21
116000031,78,107,-29
116000032,79,139,-60
116000033,95,287,-192
116000034,145,603,-458
116000035,72,332,-260
116000036,1422,199,1223
116000037,401,196,205
116000038,296,144,152
116000039,541,193,348
116000040,425,117,308
116000041,144,394,-250
116000042,227,144,83
116000043,35,435,-400
116000044,9,103,-94
116000045,633,454,179
116000046,553,653,-100
116000047,1036,1085,-49
116000048,1101,803,298
116000049,331,883,-552
116000050,710,1116,-406
116000051,1042,776,266
116000052,1469,2347,-878
116000053,614,720,-106
116000054,343,1799,-1456
116000055,186,1166,-980
116000056,240,608,-368
116000057,1854,1764,90
116000058,2197,1486,711
116000059,1713,1837,-124
116000060,2170,568,1602
116000061,464,670,-206
116000062,321,149,172
116000063,196,943,-747
116000066,111,148,-37
116000067,243,478,-235
116000068,93,86,7
116000069,127,379,-252
116000078,96,634,-538
116000080,543,805,-262
116000082,3,81,-78
116000083,664,280,384
116000084,1301,3118,-1817
116000085,1033,637,396
116000086,1662,1327,335
116000087,763,592,171
116000088,514,941,-427
116000089,77,53,24
116000090,88,129,-41
116000091,126,85,41
116000093,628,300,328
116000094,184,519,-335
116000095,342,359,-17
116000096,266,757,-491
116000097,229,541,-312
116000098,187,2537,-2350
116000099,6010,260,5750
116000100,31,4,27
116000101,196,1174,-978
116000102,139,1040,-901
116000103,246,178,68
116000104,39,1158,-1119
116000105,328,132,196
116000106,142,1071,-929
116000107,886,428,458
116000108,3,138,-135
116000111,21,15,6
116000113,49,21,28
116000114,25,121,-96
116000115,59,40,19
116000116,132,502,-370
116000117,483,1071,-588
116000118,547,1129,-582
116000119,850,920,-70
116000120,1321,3590,-2269
116000121,344,293,51
116000122,899,2250,-1351
116000123,187,252,-65
116000124,124,893,-769
116000125,708,364,344
116000126,125,1209,-1084
116000127,620,1245,-625
116000128,539,375,164
116000129,213,137,76
116000130,95,111,-16
116000133,148,725,-577
116000134,697,2584,-1887
116000135,556,998,-442
116000136,593,1929,-1336
116000137,204,398,-194
116000138,943,282,661
116000139,854,1365,-511
116000140,48,144,-96
116000141,153,928,-775
116000142,2966,2974,-8
116000143,1471,936,535
116000144,783,2524,-1741
116000145,772,1204,-432
116000146,137,295,-158
116000147,78,75,3
116000148,123,265,-142
116000149,207,414,-207
116000151,343,730,-387
116000153,29,214,-185
116000155,83,110,-27
116000156,759,591,168
116000157,8,14,-6
116000158,62,318,-256
116000159,2,6,-4
116000160,26,105,-79
116000161,4,52,-48
116000162,37,16,21
116000163,10,8,2
116000164,1,7,-6
116000177,9,56,-47
116000194,30,231,-201
116000195,627,452,175
116000196,6,5,1
116000197,4,5,-1
116000198,993,489,504
116000200,464,167,297
116000201,301,554,-253
116000202,4,277,-273
116000203,3,81,-78
116000204,10,20,-10
116000205,1,128,-127
116000206,0,78,-78
116000207,1,48,-47
116000233,58,565,-507
116000287,50,512,-462
116000288,42,209,-167
116000292,10,202,-192
116000296,2,175,-173
116000297,51,25,26
116000304,13,26,-13
116000305,6,85,-79
116000346,14,205,-191
116000352,16,50,-34
116000354,4,2,2
116000357,0,2,-2
116000358,57,9,48
116000361,656,0,656
116000372,8324,1234,7090
116000381,31,1,30
116000388,2,39,-37
116000389,277,443,-166
116000445,64,805,-741
116000446,110,831,-721
116000447,7,301,-294
116000448,399,167,232
116000563,649,220,429
116000565,55,361,-306
116000568,19,45,-26
116000579,13,83,-70
116000583,19,83,-64
116000584,5,27,-22
116000585,1,18,-17
116000586,136,69,67
116000587,67,261,-194
116000589,15,65,-50
116000590,34,29,5
116000591,20,246,-226
116000592,5,135,-130
116000593,0,49,-49
116000594,99,503,-404
116000595,195,150,45
116000596,8,8,0
116000597,68,20,48
116000598,14,200,-186
116000605,86,80,6
116000606,14,91,-77
116000607,5,61,-56
116000609,110,331,-221
116000611,33,474,-441
116000612,353,1280,-927
116000613,159,231,-72
116000614,295,734,-439
116000615,0,59,-59
116000616,4,106,-102
116000617,19,101,-82
116000618,1,148,-147
116000619,14,36,-22
116000620,8,221,-213
116000621,8,40,-32
116000622,5,93,-88
116000624,21,54,-33
116000627,9,96,-87
116000628,18,580,-562
116000629,31,423,-392
116000630,61,21,40
116000631,29,42,-13
116000632,107,93,14
116000633,31,367,-336
116000634,91,236,-145
116000635,1756,716,1040
116000636,830,764,66
116000637,77,83,-6
116000638,42,413,-371
116000639,17,2,15
116000640,2,8,-6
116000641,42,201,-159
116000643,0,136,-136
116000644,17,1014,-997
116000645,10,8,2
116900001,58,116,-58
116900002,148,3,145
116900003,0,47,-47
116900004,15,14,1
116900005,80,43,37
116900006,110,129,-19
116900007,33,156,-123
116900008,72,398,-326
116900009,1,1,0
116900010,129,1753,-1624
116900011,3,15,-12
116900012,50,150,-100
116900013,2,128,-126
116900014,23,396,-373
116900015,52,43,9
116900016,23,0,23
116900017,3,713,-710
116900018,15,24,-9
116900019,0,346,-346
116900020,1149,161,988
116900023,17,2,15
116900024,90,43,47
116900025,200,843,-643
116900026,90,471,-381
116900027,2,32,-30
116900028,0,61,-61
116900029,0,13,-13
116900031,0,6,-6
116900032,5,283,-278
116900033,0,2,-2
116900034,8,38,-30
116900035,56,148,-92
116900036,1,71,-70
116900038,4,0,4
116900041,6,6,0
116900042,734,102,632
116900043,1,36,-35
116900047,52,24,28
116900049,22,136,-114
116900050,31,257,-226
116900051,10,196,-186
116900052,82,53,29
116900055,2,1,1
116900057,8,252,-244
116900058,4,296,-292
116900059,2,105,-103
116900060,74,181,-107
116900062,1,1,0
116900064,23,889,-866
116900065,2,47,-45
116900067,30,73,-43
116900068,59,550,-491
116900070,0,2,-2
116900072,5,400,-395
116900073,9,121,-112
116900074,1,18,-17
116900076,1,11,-10
116900077,2,165,-163
116900078,158,86,72
116900079,6,266,-260
116900080,7,13,-6
116900081,110,949,-839
116900082,88,886,-798
116900083,20,65,-45
116900084,80,66,14
116900085,3,89,-86
116900086,12,197,-185
116900088,338,41,297
116900090,89,37,52
116900091,43,141,-98
116900092,43,476,-433
116900093,1169,938,231
116900094,4938,989,3949
116900095,55,180,-125
116900096,51,37,14
116900097,2234,687,1547
116900098,713,68,645
116900099,301,150,151
116900100,176,5,171
116900101,179,565,-386
116900103,0,0,0
116900104,18,49,-31
116900105,104,14,90
116900106,168,2,166
116900107,2895,562,2333
116900110,9,0,9
116900111,134,807,-673
116900112,59,495,-436
116900113,1652,558,1094
116900116,51,129,-78
116900117,4,57,-53
116900118,870,279,591
116900120,54,81,-27
116900121,18,21,-3
116900122,123,755,-632
116900123,41,599,-558
116900124,57,520,-463
116900125,78,147,-69
116900126,144,288,-144
116900128,0,24,-24
116900129,1,273,-272
116900130,830,1332,-502
116900131,19,100,-81
116900132,6,66,-60
116900133,12,80,-68
116900134,75,162,-87
116900136,54,120,-66
116900137,95,89,6
116900138,82,183,-101
116900139,30,286,-256
116900140,97,141,-44
116900141,234,201,33
116900142,3,4,-1
116900143,71,365,-294
116900144,5,14,-9
116900145,21,250,-229
116900147,390,192,198
116900148,1,15,-14
116900149,5,41,-36
116900150,1,1,0
116900151,57,18,39
116900153,17,28,-11
116900154,163,84,79
116900155,8,26,-18
116900157,69,318,-249
116900158,23,26,-3
116900159,31,124,-93
116900160,232,131,101
116900161,8476,1707,6769
116900162,3,99,-96
116900163,20,126,-106
116900164,11,17,-6
116900165,51,49,2
116900166,6,93,-87
116900167,92,35,57
116900168,35,53,-18
116900169,336,61,275
116900170,61,125,-64
116900171,20,202,-182
116900172,139,51,88
116900173,23,39,-16
116900174,7,11,-4
116900175,46,81,-35
116900178,9,133,-124
116900179,44,42,2
116900180,10,15,-5
116900182,133,181,-48
116900183,34,43,-9
116900185,3,8,-5
116900186,59,311,-252
116900187,11,6,5
116900188,38,6,32
116900189,5,0,5
116900191,114,216,-102
116900192,96,97,-1
116900194,16,245,-229
116900195,16,8,8
116900196,14,96,-82
116900197,6,5,1
116900198,184,57,127
116900200,5,32,-27
116900201,14,1,13
116900202,57,46,11
116900203,17,1,16
116900204,13,30,-17
116900206,9,36,-27
116900207,7,18,-11
116900208,3,104,-101
116900209,4,91,-87
116900210,87,113,-26
116900211,83,8,75
116900212,5,67,-62
116900213,82,145,-63
116900214,31,113,-82
116900215,11,66,-55
116900216,58,275,-217
116900218,2,332,-330
116900219,415,383,32
116900220,55,219,-164
116900221,23,190,-167
116900222,218,342,-124
116900223,37,99,-62
116900226,5,69,-64
116900227,36,50,-14
116900228,60,259,-199
116900230,14,290,-276
116900231,4,477,-473
116900232,3,413,-410
116900233,31,43,-12
116900234,0,0,0
116900235,120,329,-209
116900238,1003,168,835
116900239,16,355,-339
116900240,4338,853,3485
116900241,23,112,-89
116900242,1039,88,951
116900243,0,31,-31
116900245,6,9,-3
116900246,20,11,9
116900247,129,17,112
116900248,16,16,0
116900249,31,62,-31
116900250,48,32,16
116900251,347,88,259
116900252,10,726,-716
116900254,2,63,-61
116900255,76,11,65
116900256,96,59,37
116900257,2,553,-551
116900258,2,376,-374
116900259,15,10,5
116900260,3,141,-138
116900261,16,0,16
116900262,52,90,-38
116900263,1,4,-3
116900264,12,14,-2
116900265,8,0,8
116900266,2,13,-11
116900267,0,2,-2
116900268,2,1,1
116900269,137,423,-286
116900271,1777,25,1752
116900272,285,375,-90
116900273,136,19,117
116900274,99,84,15
116900275,42,99,-57
116900276,204,30,174
116900277,453,13,440
116900278,2,4,-2
116900279,0,10,-10
116900280,10,17,-7
116900281,5424,889,4535
116900282,0,106,-106
116900283,7,110,-103
116900284,14,171,-157
116900285,239,55,184
116900286,137,3,134
116900287,0,82,-82
116900288,39,89,-50
116900289,1,14,-13
116900290,0,23,-23
116900291,2,4,-2
116900292,0,6,-6
116900293,5,64,-59
116900294,16,92,-76
116900295,63,32,31
116900296,23,50,-27
116900297,4,33,-29
116900298,65,21,44
116900299,19,16,3
116900300,0,95,-95
116900301,27,98,-71
116900302,22,21,1
116900303,286,20,266
116900304,0,50,-50
116900305,2,10,-8
116900306,30,187,-157
116900307,15,1,14
116900308,2,204,-202
116900309,23,79,-56
116900310,3,40,-37
117000001,406,654,-248
117000002,1612,3064,-1452
117000003,3301,1484,1817
117000004,2518,3662,-1144
117000005,842,884,-42
117000006,658,3702,-3044
117000007,1325,851,474
117000008,743,3240,-2497
117000009,2866,770,2096
117000010,1806,2792,-986
117000011,660,960,-300
117000012,634,1712,-1078
117000013,492,851,-359
117000014,387,1978,-1591
117000015,1786,736,1050
117000016,250,57,193
117000017,343,95,248
117000018,91,192,-101
117000019,64,7,57
117000020,628,474,154
117000021,2460,345,2115
117000022,283,40,243
117000023,411,135,276
117000024,285,47,238
117000025,521,261,260
117000026,1824,511,1313
117000027,1366,1114,252
117000028,723,281,442
117000030,365,492,-127
117000031,255,148,107
117000032,1235,1140,95
117000033,628,568,60
117000034,160,240,-80
117000035,132,170,-38
117000036,223,186,37
117000037,89,182,-93
117000038,108,231,-123
117000039,156,233,-77
117000040,97,1181,-1084
117000041,292,94,198
117000044,11,1063,-1052
117000045,182,23,159
117000046,241,729,-488
117000047,271,435,-164
117000048,1208,882,326
117000049,80,220,-140
117000050,35,1514,-1479
117000051,478,67,411
117000052,14,807,-793
117000053,279,63,216
117000054,569,3,566
117000055,92,2708,-2616
117000056,188,8,180
117000057,489,1445,-956
117000060,176,1829,-1653
117000061,368,432,-64
117000062,158,423,-265
117000063,507,367,140
117000064,676,566,110
117000066,721,371,350
117000067,119,194,-75
117000074,126,80,46
117000076,70,26,44
117000077,107,46,61
117000078,52,268,-216
117000079,115,94,21
117000080,1,311,-310
117000081,220,87,133
117000082,20,128,-108
117000083,140,103,37
117000084,154,5,149
117000085,62,257,-195
117000086,736,596,140
117000087,48,299,-251
117000088,183,67,116
117000089,632,200,432
117000090,103,1513,-1410
117000091,208,258,-50
117000092,139,1678,-1539
117000093,331,444,-113
117000094,329,2186,-1857
117000095,739,521,218
117000096,281,2172,-1891
117000097,372,808,-436
117000098,1873,4904,-3031
117000099,847,512,335
117000100,69,63,6
117000101,171,1116,-945
117000102,328,310,18
117000103,559,1803,-1244
117000104,386,274,112
117000105,432,1916,-1484
117000106,337,352,-15
117000107,202,2029,-1827
117000108,440,401,39
117000109,1582,3018,-1436
117000110,493,262,231
117000111,1637,3047,-1410
117000112,1188,1255,-67
117000113,21,333,-312
117000114,53,52,1
117000115,36,170,-134
117000116,27,151,-124
117000117,861,217,644
117000118,152,168,-16
117000119,86,25,61
117000120,64,45,19
117000121,12,164,-152
117000122,322,392,-70
117000123,953,11,942
117000124,121,13,108
117000125,208,35,173
117000126,24,42,-18
117000127,153,222,-69
117000128,231,307,-76
117000129,467,346,121
117000130,38,1,37
117000131,1,191,-190
117000132,581,43,538
117000133,281,89,192
117000134,0,46,-46
117000135,10,52,-42
117000136,1,61,-60
117000137,38,21,17
117000138,2,321,-319
117000140,244,1914,-1670
117000141,463,280,183
117000181,755,230,525
117000182,152,80,72
117000195,76,1099,-1023
117000196,22,31,-9
117000225,41,3,38
117000226,2,41,-39
117000276,66,7,59
117000277,1,494,-493
117000310,1444,1785,-341
117000315,22,247,-225
117000320,57,0,57
117000906,53,5,48
117000907,5,463,-458
117000909,70,36,34
117000910,139,69,70
117000911,61,228,-167
117000915,7,507,-500
117000916,6,1,5
117000917,206,11,195
117000918,27,11,16
117000919,7,91,-84
117000920,1,1432,-1431
117000921,6,2245,-2239
117000922,13,50,-37
117000924,267,378,-111
117000926,1020,44,976
117000927,513,176,337
117000928,0,288,-288
117000929,119,633,-514
117000930,146,254,-108
117000931,240,24,216
117900002,61,232,-171
117900003,571,99,472
117900005,4,4,0
117900006,0,23,-23
117900007,40,151,-111
117900008,1,33,-32
117900010,117,133,-16
117900011,3,3,0
117900012,6,152,-146
117900013,1,230,-229
117900014,345,306,39
117900015,4,225,-221
117900016,908,180,728
117900017,248,577,-329
117900018,143,19,124
117900019,126,639,-513
117900020,65,96,-31
117900021,7,85,-78
117900023,523,37,486
117900024,40,161,-121
117900025,31,16,15
117900026,131,361,-230
117900028,13,3,10
117900029,44,1029,-985
117900031,46,32,14
117900032,299,139,160
117900033,52,892,-840
117900034,37,29,8
117900035,50,34,16
117900036,86,698,-612
117900037,18,102,-84
117900038,26,365,-339
117900039,2,57,-55
117900040,44,446,-402
117900041,4,46,-42
117900042,4000,280,3720
117900043,16,32,-16
117900044,172,1266,-1094
117900045,55,42,13
117900048,49,298,-249
117900049,34,691,-657
117900050,4,32,-28
117900051,18,1,17
117900052,42,139,-97
117900053,331,498,-167
117900054,0,9,-9
117900055,69,69,0
117900056,91,23,68
117900057,461,1043,-582
117900058,26,5,21
117900059,341,44,297
117900060,203,4615,-4412
117900061,0,59,-59
117900063,56,187,-131
117900065,652,884,-232
117900066,3,22,-19
117900067,134,283,-149
117900069,237,395,-158
117900070,46,2,44
117900071,60,103,-43
117900073,73,342,-269
117900074,70,2,68
117900075,4,75,-71
117900076,10,62,-52
117900077,69,55,14
117900078,119,220,-101
117900080,80,39,41
117900081,600,345,255
117900082,107,110,-3
117900083,68,640,-572
117900086,39,46,-7
117900087,27,37,-10
117900088,1730,1097,633
117900089,576,111,465
117900090,112,754,-642
117900091,67,76,-9
117900092,10,76,-66
117900093,33,62,-29
117900094,11,1,10
117900095,124,919,-795
117900096,19,206,-187
117900097,45,44,1
117900098,5,2,3
117900099,33,374,-341
117900100,22,1,21
117900101,215,511,-296
117900102,11,35,-24
117900103,9,0,9
117900104,0,100,-100
117900105,92,113,-21
117900106,35,30,5
117900107,4,0,4
117900109,98,180,-82
117900110,11,0,11
117900111,91,1,90
117900112,25,14,11
117900113,2885,955,1930
117900114,0,0,0
117900115,65,9,56
117900116,633,483,150
117900117,141,206,-65
117900118,10,0,10
117900119,17,240,-223
117900120,105,126,-21
117900121,2,21,-19
117900122,652,715,-63
117900123,223,707,-484
117900124,450,373,77
117900125,708,426,282
117900126,283,395,-112
117900127,95,553,-458
117900128,62,835,-773
117900129,7,0,7
117900130,394,211,183
117900131,1,98,-97
117900132,9,70,-61
117900133,2,124,-122
117900134,27,149,-122
117900135,9,279,-270
117900136,1,39,-38
117900137,11,291,-280
117900138,0,37,-37
117900139,20,109,-89
117900140,4292,12,4280
117900141,62,201,-139
117900142,44,3,41
117900144,17,58,-41
117900145,7,1,6
117900146,63,47,16
117900147,7,44,-37
117900148,1780,728,1052
117900149,9,127,-118
117900150,10,111,-101
117900151,9,122,-113
117900152,87,74,13
117900153,1,69,-68
117900154,141,541,-400
117900156,345,388,-43
117900157,20,240,-220
117900158,48,53,-5
117900160,158,127,31
117900161,1491,1896,-405
117900162,79,256,-177
117900163,33,15,18
117900165,0,5,-5
117900166,50,69,-19
117900168,81,85,-4
117900169,0,109,-109
117900170,0,28,-28
117900171,0,7,-7
117900172,9,41,-32
117900173,117,19,98
117900174,31,32,-1
117900175,1,16,-15
117900176,4,45,-41
117900177,7,30,-23
117900178,45,11,34
117900180,174,14,160
117900181,49,55,-6
117900182,1,15,-14
117900183,13,120,-107
117900184,2,30,-28
117900185,5,29,-24
117900186,7,10,-3
117900187,3,6,-3
117900188,126,4,122
117900189,35,12,23
117900190,2,0,2
117900191,23,0,23
117900192,29,0,29
117900193,0,40,-40
117900194,1,3,-2
117900195,7,16,-9
117900196,7,17,-10
117900207,44,33,11
117900208,12,16,-4
117900209,84,110,-26
117900210,99,117,-18
117900211,9,110,-101
117900212,55,135,-80
117900213,4,6,-2
117900214,0,20,-20
117900215,16,78,-62
117900216,43,32,11
117900217,30,37,-7
117900218,160,83,77
117900219,3,38,-35
117900220,30,41,-11
117900222,132,204,-72
117900223,102,107,-5
118000001,435,256,179
118000002,1053,1230,-177
118000003,829,641,188
118000004,2055,1592,463
118000005,3757,1027,2730
118000006,5577,4212,1365
118000007,3716,1194,2522
118000008,3862,1761,2101
118000009,3851,2274,1577
118000010,1612,2706,-1094
118000011,531,2341,-1810
118000012,603,2366,-1763
118000013,1930,2322,-392
118000014,1826,3456,-1630
118000016,183,536,-353
118000017,107,225,-118
118000018,136,529,-393
118000019,1138,1034,104
118000020,704,704,0
118000021,510,1108,-598
118000022,1321,358,963
118000023,950,233,717
118000024,1031,405,626
118000027,12404,2666,9738
118000029,812,401,411
118000032,995,933,62
118000033,1677,1442,235
118000034,3110,1152,1958
118000035,1180,883,297
118000036,759,708,51
118000037,398,666,-268
118000038,73,93,-20
118000039,51,283,-232
118000040,887,1974,-1087
118000041,1016,1135,-119
118000045,381,26,355
118000046,1199,373,826
118000047,1224,265,959
118000048,2401,686,1715
118000051,1483,404,1079
118000052,950,212,738
118000053,141,157,-16
118000054,1004,579,425
118000055,663,858,-195
118000056,123,142,-19
118000057,110,193,-83
118000058,1876,645,1231
118000059,1181,374,807
118000060,314,604,-290
118000061,302,625,-323
118000062,335,117,218
118000063,200,284,-84
118000064,454,716,-262
118000065,3550,941,2609
118000066,437,649,-212
118000067,1104,726,378
118000068,1151,1669,-518
118000069,2294,926,1368
118000070,5781,940,4841
118000071,2756,2461,295
118000072,1461,718,743
118000073,2131,270,1861
118000074,137,327,-190
118000075,444,244,200
118000076,799,736,63
118000077,882,733,149
118000078,1247,1415,-168
118000079,178,239,-61
118000080,725,606,119
118000081,1034,925,109
118000082,220,447,-227
118000083,1653,680,973
118000084,1658,1269,389
118000086,85,703,-618
118000087,4766,1898,2868
118000088,1316,1324,-8
118000089,3039,1560,1479
118000090,1833,1404,429
118000091,617,891,-274
118000092,1106,215,891
118000093,104,402,-298
118000096,279,302,-23
118000097,364,329,35
118000098,124,119,5
118000099,134,801,-667
118000101,334,349,-15
118000102,172,1294,-1122
118000107,2626,255,2371
118000108,243,363,-120
118000110,0,14,-14
118000111,2,742,-740
118000112,84,4,80
118000113,5,1059,-1054
118000114,62,3,59
118000115,10,4,6
118000116,28,0,28
118000117,835,639,196
118000118,457,506,-49
118000119,336,911,-575
118000120,732,1108,-376
118000121,34,322,-288
118000122,502,73,429
118000123,39,208,-169
118000125,1114,1166,-52
118000126,331,1606,-1275
118000127,1022,451,571
118000128,790,1023,-233
118000129,374,150,224
118000130,2427,3386,-959
118000131,447,941,-494
118000132,1787,1377,410
118000133,277,416,-139
118000135,142,207,-65
118000136,61,487,-426
118000137,373,42,331
118000138,114,659,-545
118000139,83,112,-29
118000140,1526,1605,-79
118000141,920,1557,-637
118000142,663,1645,-982
118000143,549,659,-110
118000144,879,669,210
118000145,643,1837,-1194
118000146,501,1463,-962
118000147,439,1545,-1106
118000148,285,1143,-858
118000149,327,873,-546
118000150,77,167,-90
118000151,71,323,-252
118000153,428,773,-345
118000154,394,1262,-868
118000155,296,981,-685
118000156,1380,1354,26
118000157,166,345,-179
118000158,94,351,-257
118000159,6,27,-21
118000160,102,360,-258
118000161,161,665,-504
118000162,646,647,-1
118000163,183,398,-215
118000164,1501,917,584
118000168,1144,62,1082
118000169,578,1800,-1222
118000170,2871,6215,-3344
118000171,227,594,-367
118000172,51,262,-211
118000173,580,957,-377
118000175,96,196,-100
118000176,130,240,-110
118000177,136,341,-205
118000178,29,37,-8
118000179,1318,375,943
118000180,489,610,-121
118000181,146,141,5
118000182,301,228,73
118000183,275,243,32
118000184,210,1002,-792
118000185,664,472,192
118000186,291,604,-313
118000187,345,876,-531
118000188,107,183,-76
118000189,127,694,-567
118000190,5,11,-6
118000191,11,24,-13
118000192,504,267,237
118000193,23,158,-135
118000194,1387,706,681
118000195,711,385,326
118000196,212,59,153
118000197,111,62,49
118000198,590,179,411
118000199,353,181,172
118000200,49,103,-54
118000201,198,227,-29
118000202,5,18,-13
118000203,1073,148,925
118000204,188,92,96
118000205,297,178,119
118000206,52,105,-53
118000207,0,74,-74
118000208,534,1110,-576
118000209,668,1785,-1117
118000210,10,27,-17
118000211,2,24,-22
118000213,527,391,136
118000214,423,146,277
118000215,131,183,-52
118000216,495,1672,-1177
118000217,8,125,-117
118000218,31,90,-59
118000219,213,297,-84
118000220,0,17,-17
118000221,24,160,-136
118000222,63,24,39
118000223,7,32,-25
118000224,128,95,33
118000225,46,709,-663
118000226,283,46,237
118000227,768,284,484
118000228,88,63,25
118000229,53,3,50
118000230,35,236,-201
118000231,7,147,-140
118000232,298,840,-542
118000233,330,503,-173
118000234,76,276,-200
118000236,101,322,-221
118000237,22,525,-503
118000238,51,214,-163
118000239,78,164,-86
118000240,353,51,302
118000241,29,211,-182
118000242,124,544,-420
118000243,48,119,-71
118000244,24,167,-143
118000246,21,3,18
118000255,31,207,-176
118000256,52,260,-208
118000259,3,19,-16
118000260,30,44,-14
118000261,3,79,-76
118000263,25,136,-111
118000266,60,360,-300
118000267,0,54,-54
118000268,86,0,86
118000270,20,27,-7
118000271,92,231,-139
118000272,29,22,7
118000273,40,89,-49
118000274,82,244,-162
118000276,64,151,-87
118000295,2,50,-48
118000298,75,443,-368
118000299,40,205,-165
118000301,0,66,-66
118000302,47,77,-30
118000311,42,85,-43
118000312,84,182,-98
118000313,15,85,-70
118000314,27,74,-47
118000315,2,26,-24
118000316,219,391,-172
118000325,3,34,-31
118000326,7,26,-19
118000331,5,24,-19
118000332,6,27,-21
118000333,10,36,-26
118000335,35,0,35
118000336,0,288,-288
118000407,12,35,-23
118000457,1,22,-21
118000465,2455,1429,1026
118000480,26,117,-91
118000489,40,63,-23
118000490,59,396,-337
118000492,140,182,-42
118000510,54,11,43
118000514,89,252,-163
118000515,271,180,91
118000517,245,141,104
118000524,523,111,412
118000525,471,659,-188
118000530,6,74,-68
118000531,71,193,-122
118000532,66,270,-204
118000533,251,103,148
118000534,337,468,-131
118000535,49,76,-27
118000536,303,111,192
118000537,7,16,-9
118000538,15,57,-42
118000539,13,65,-52
118000540,134,177,-43
118000541,58,65,-7
118000542,20,88,-68
118000543,52,148,-96
118000546,15,13,2
118000553,0,0,0
118000557,0,1,-1
118000560,2295,368,1927
118000562,2,268,-266
118000563,1468,1147,321
118000576,68,155,-87
118000577,187,134,53
118000578,133,132,1
118000579,732,613,119
118000583,1,4,-3
118000595,75,45,30
118000596,0,57,-57
118000597,40,126,-86
118000598,0,0,0
118000599,15,50,-35
118000600,0,3,-3
118000601,1,0,1
118000602,1,3,-2
118000603,0,29,-29
118000605,20,532,-512
118000606,3,33,-30
118900001,661,299,362
118900002,787,301,486
118900003,29,4,25
118900004,9,57,-48
118900005,46,1,45
118900006,18,0,18
118900007,20,4,16
118900008,535,27,508
118900009,12,6,6
118900010,1,0,1
118900011,39,11,28
118900012,141,157,-16
118900013,471,14,457
118900015,21,6,15
118900016,0,24,-24
118900017,32,57,-25
118900018,816,11,805
118900019,17,11,6
118900020,45,57,-12
118900021,45,236,-191
118900022,47,77,-30
118900023,19,64,-45
118900024,21,115,-94
118900025,6,11,-5
118900026,24,48,-24
118900027,218,80,138
118900028,19,110,-91
118900029,38,265,-227
118900030,43,30,13
118900031,56,100,-44
118900032,19,105,-86
118900033,150,501,-351
118900034,12,5,7
118900035,47,232,-185
118900036,277,458,-181
118900037,60,180,-120
118900038,122,289,-167
118900039,50,171,-121
118900040,96,84,12
118900041,57,221,-164
118900042,78,38,40
118900045,63,104,-41
118900046,431,83,348
118900047,686,164,522
118900048,37,69,-32
118900049,40,15,25
118900050,1,71,-70
118900051,46,39,7
118900052,50,103,-53
118900053,7,25,-18
118900054,28,57,-29
118900055,2,96,-94
118900056,2,44,-42
118900057,92,172,-80
118900058,107,267,-160
118900059,4,51,-47
118900060,11,81,-70
118900062,28,104,-76
118900064,289,176,113
118900065,8,55,-47
118900066,12,75,-63
118900067,5985,2090,3895
118900068,0,56,-56
118900069,108,200,-92
118900071,0,22,-22
118900072,119,176,-57
118900073,41,83,-42
118900074,26,64,-38
118900075,7,44,-37
118900076,67,28,39
118900077,64,92,-28
118900078,8,2,6
118900079,22,49,-27
118900080,4,38,-34
118900081,25,5,20
118900082,118,84,34
118900083,0,13,-13
118900084,2,10,-8
118900085,245,561,-316
118900086,4,16,-12
118900087,20,74,-54
118900088,0,17,-17
118900089,0,3,-3
118900090,196,315,-119
118900091,66,51,15
118900092,27,42,-15
118900093,41,3,38
118900096,32,28,4
118900097,115,766,-651
118900099,21,171,-150
118900100,48,107,-59
118900101,6,449,-443
118900102,6,46,-40
118900103,20,17,3
118900104,18,86,-68
118900105,54,48,6
118900107,113,66,47
118900108,23,47,-24
118900110,751,108,643
118900111,106,362,-256
118900112,6,43,-37
118900113,112,383,-271
118900114,6,47,-41
118900115,19,173,-154
118900116,22,155,-133
118900117,21,173,-152
118900118,58,404,-346
118900119,45,287,-242
118900120,75,254,-179
118900121,1,221,-220
118900122,2,286,-284
118900123,56,209,-153
118900124,17,127,-110
118900126,4,130,-126
118900129,50,95,-45
118900130,27,13,14
118900131,26,220,-194
118900132,96,69,27
118900133,12,25,-13
118900135,81,154,-73
118900136,84,663,-579
118900137,2,4,-2
118900139,48,319,-271
118900140,243,865,-622
118900141,24,201,-177
118900144,105,571,-466
118900145,37,94,-57
118900146,65,539,-474
118900147,18,58,-40
118900148,21,68,-47
118900150,328,194,134
118900152,121,694,-573
118900157,41,61,-20
118900158,5,54,-49
118900159,0,162,-162
118900161,30,1,29
118900163,143,35,108
118900164,0,63,-63
118900165,9,205,-196
118900166,7,0,7
118900167,4,116,-112
118900168,31,23,8
118900169,19,296,-277
118900170,10,57,-47
118900171,1,16,-15
118900174,15,37,-22
118900175,59,189,-130
118900176,12,82,-70
118900177,1,20,-19
118900178,5,79,-74
118900179,2,22,-20
118900181,28,56,-28
118900182,38,20,18
118900183,4,29,-25
118900184,66,12,54
118900185,32,106,-74
118900186,30,99,-69
118900187,57,227,-170
118900188,62,239,-177
118900189,13,204,-191
118900190,3,453,-450
118900191,49,11,38
118900192,58,12,46
118900193,39,3,36
118900195,125,648,-523
118900196,3,92,-89
118900197,17,80,-63
118900198,0,34,-34
118900199,6,43,-37
118900200,0,0,0
118900201,5,0,5
118900202,13,36,-23
118900203,1,24,-23
118900204,0,15,-15
118900205,0,14,-14
118900206,0,26,-26
119000001,401,489,-88
119000002,1129,1255,-126
119000003,638,1229,-591
119000004,1016,865,151
119000005,745,1079,-334
119000006,892,1165,-273
119000007,1560,1855,-295
119000008,1023,1735,-712
119000009,3517,1723,1794
119000010,8663,2937,5726
119000011,4826,1121,3705
119000012,5019,1969,3050
119000013,1910,888,1022
119000014,2163,2855,-692
119000019,156,139,17
119000020,614,927,-313
119000021,1803,1393,410
119000022,2544,1028,1516
119000023,289,144,145
119000024,2409,3022,-613
119000025,5804,284,5520
119000026,267,172,95
119000027,3170,472,2698
119000028,1356,899,457
119000029,142,177,-35
119000030,253,662,-409
119000031,401,663,-262
119000032,1671,1319,352
119000033,1015,1245,-230
119000034,464,849,-385
119000035,15,344,-329
119000036,448,1103,-655
119000037,413,2106,-1693
119000038,59,978,-919
119000039,95,282,-187
119000040,902,395,507
119000041,675,675,0
119000048,2870,3383,-513
119000049,739,3606,-2867
119000050,1111,1818,-707
119000051,983,733,250
119000052,2172,2122,50
119000053,1202,844,358
119000054,949,1623,-674
119000055,963,2471,-1508
119000056,970,1665,-695
119000057,869,2412,-1543
119000058,981,1824,-843
119000059,483,1182,-699
119000060,588,609,-21
119000061,538,681,-143
119000062,600,1028,-428
119000063,143,211,-68
119000064,811,1043,-232
119000065,1351,2639,-1288
119000066,1037,742,295
119000067,1270,2425,-1155
119000068,713,978,-265
119000069,800,2235,-1435
119000070,967,1021,-54
119000071,474,670,-196
119000072,4318,2812,1506
119000073,3344,3873,-529
119000074,774,3438,-2664
119000075,403,2072,-1669
119000076,353,691,-338
119000077,505,448,57
119000078,223,376,-153
119000079,49,723,-674
119000080,86,155,-69
119000081,97,366,-269
119000082,201,218,-17
119000083,119,310,-191
119000084,120,587,-467
119000085,479,285,194
119000086,158,418,-260
119000087,1159,672,487
119000088,192,251,-59
119000089,35,86,-51
119000090,148,111,37
119000091,92,223,-131
119000092,537,152,385
119000093,2747,3317,-570
119000094,1119,3246,-2127
119000095,806,2555,-1749
119000097,4401,1332,3069
119000098,501,1357,-856
119000099,1787,1845,-58
119000100,1182,1655,-473
119000101,1880,2219,-339
119000102,501,432,69
119000103,1057,423,634
119000104,2079,897,1182
119000105,331,470,-139
119000106,342,1625,-1283
119000107,195,393,-198
119000108,102,1304,-1202
119000109,83,251,-168
119000110,397,281,116
119000111,27,347,-320
119000112,154,111,43
119000113,2146,161,1985
119000114,408,244,164
119000115,96,74,22
119000116,62,57,5
119000117,47,196,-149
119000118,1,4,-3
119000123,1475,397,1078
119000124,142,214,-72
119000125,748,842,-94
119000126,218,914,-696
119000127,39,542,-503
119000128,46,5,41
119000131,334,1565,-1231
119000132,5,0,5
119000133,0,3,-3
119000134,2781,422,2359
119000135,23,229,-206
119000136,44,261,-217
119000137,50,475,-425
119000138,95,441,-346
119000139,59,263,-204
119000140,42,156,-114
119000284,1159,1933,-774
119000285,2088,1831,257
119000286,4307,3623,684
119000287,1301,2063,-762
119000288,979,1710,-731
119000289,1577,3571,-1994
119000290,166,574,-408
119000291,5,300,-295
119000293,38,122,-84
119000294,36,30,6
119000295,1833,1020,813
119000296,73,144,-71
119000302,4687,1101,3586
119000303,2,84,-82
119000314,533,1693,-1160
119000315,3,764,-761
119000316,12,143,-131
119000317,8,559,-551
119000319,135,392,-257
119900001,55,346,-291
119900002,27,207,-180
119900003,30,1089,-1059
119900004,229,153,76
119900005,26,113,-87
119900006,43,180,-137
119900007,285,19,266
119900008,1,25,-24
119900009,213,481,-268
119900010,810,861,-51
119900011,10,30,-20
119900012,1,22,-21
119900013,978,366,612
119900014,555,154,401
119900015,16,21,-5
119900016,13,63,-50
119900017,5,20,-15
119900018,780,98,682
119900019,4,2,2
119900020,38,169,-131
119900021,32,23,9
119900022,31,135,-104
119900023,673,203,470
119900025,19,16,3
119900026,692,31,661
119900027,8,11,-3
119900028,40,17,23
119900029,0,3,-3
119900030,368,379,-11
119900031,6,62,-56
119900033,1878,82,1796
119900034,89,105,-16
119900037,9,12,-3
119900038,8,73,-65
119900039,33,0,33
119900040,31,4,27
119900041,40,43,-3
119900042,24,107,-83
119900043,5,155,-150
119900044,73,154,-81
119900046,11,49,-38
119900047,36,13,23
119900049,6,3,3
119900050,18,36,-18
119900051,174,2,172
119900052,3,45,-42
119900053,51,156,-105
119900054,18,0,18
119900055,233,135,98
119900057,20,35,-15
119900058,28,0,28
119900059,70,27,43
119900060,74,2,72
119900061,31,2,29
119900062,9,21,-12
119900063,0,13,-13
119900065,64,1,63
119900067,37,8,29
119900068,83,2,81
119900069,12,1,11
119900070,106,0,106
119900071,87,5,82
119900073,1401,240,1161
119900074,5,9,-4
119900075,4446,1097,3349
119900076,19,94,-75
119900077,158,1305,-1147
119900078,69,475,-406
119900079,52,231,-179
119900080,151,246,-95
119900081,59,12,47
119900082,105,2,103
119900083,132,36,96
119900084,153,59,94
119900085,135,38,97
119900086,68,910,-842
119900087,54,50,4
119900088,14,37,-23
119900089,5,518,-513
119900090,106,19,87
119900091,14,1186,-1172
119900092,2,278,-276
119900093,344,46,298
119900094,15,220,-205
119900095,64,42,22
119900096,22,53,-31
119900097,186,113,73
119900098,6,13,-7
119900099,9,214,-205
119900100,2493,1013,1480
119900101,153,570,-417
119900102,13,274,-261
119900103,13,367,-354
119900104,16,135,-119
119900105,415,1102,-687
119900106,8,226,-218
119900107,166,3194,-3028
119900108,1331,589,742
119900109,14,159,-145
119900110,218,663,-445
119900111,25,510,-485
119900112,2495,236,2259
119900113,45,506,-461
119900114,80,1832,-1752
119900115,25,1219,-1194
119900116,122,175,-53
119900117,48,1067,-1019
119900118,5,1178,-1173
119900119,25,222,-197
119900120,428,623,-195
119900121,59,1469,-1410
119900122,103,366,-263
119900123,66,173,-107
119900124,42,1009,-967
119900125,12,420,-408
119900126,4938,119,4819
119900127,2335,625,1710
119900128,166,835,-669
119900129,46,753,-707
119900130,30,151,-121
119900131,16,344,-328
119900132,2,289,-287
119900133,3,15,-12
119900134,1888,172,1716
119900135,1,335,-334
119900136,136,535,-399
119900138,343,611,-268
119900139,1,89,-88
119900140,1,145,-144
119900141,59,203,-144
119900142,0,4,-4
119900143,8,245,-237
119900144,2164,163,2001
119900145,27,231,-204
119900146,92,72,20
119900147,4,58,-54
119900148,24,29,-5
119900149,1418,1334,84
119900150,144,148,-4
119900151,941,519,422
119900152,25,467,-442
119900153,17,29,-12
119900154,8,964,-956
119900155,23,13,10
119900156,2,2,0
119900157,25,271,-246
119900158,20,30,-10
119900159,3,1462,-1459
119900160,9,206,-197
119900161,144,208,-64
119900162,206,258,-52
119900163,73,28,45
119900164,0,3,-3
119900165,46,287,-241
119900166,7,14,-7
119900167,35,80,-45
119900168,186,293,-107
119900169,104,60,44
119900170,67,34,33
119900171,232,493,-261
119900172,37,7,30
119900173,5,560,-555
119900174,0,210,-210
119900175,251,497,-246
119900177,15,210,-195
119900178,0,181,-181
119900179,17,106,-89
119900180,274,354,-80
119900181,46,13,33
119900182,2,382,-380
119900183,56,1075,-1019
119900184,2341,309,2032
119900185,2,31,-29
119900186,20,140,-120
119900187,4,494,-490
119900188,25,286,-261
119900189,159,80,79
119900190,10,59,-49
119900191,68,94,-26
119900192,9,237,-228
119900193,71,142,-71
119900194,4,14,-10
119900195,5,165,-160
119900196,1252,258,994
119900197,26,100,-74
119900198,18,408,-390
119900199,96,5,91
119900200,87,405,-318
119900201,306,99,207
119900202,181,32,149
119900203,50,188,-138
119900204,44,210,-166
119900205,128,630,-502
119900206,20,79,-59
119900208,68,81,-13
119900209,155,236,-81
119900210,2,11,-9
119900211,25,2,23
119900212,72,636,-564
119900213,4,23,-19
119900214,1,83,-82
119900215,1,77,-76
119900216,3,69,-66
119900217,2,51,-49
119900218,6,64,-58
119900219,2,113,-111
119900220,7,101,-94
119900221,8,391,-383
119900222,5,269,-264
119900223,8,95,-87
119900224,12,37,-25
119900225,812,12,800
119900226,676,495,181
119900227,1082,239,843
119900228,4,224,-220
119900229,170,241,-71
119900230,941,377,564
119900231,37,164,-127
119900232,35,25,10
119900233,9,1,8
119900234,4,11,-7
119900235,0,5,-5
119900236,2,109,-107
119900237,6,366,-360
119900238,1,62,-61
119900240,11,128,-117
119900241,33,193,-160
119900242,1072,307,765
119900244,485,1060,-575
119900245,22,88,-66
119900246,102,100,2
119900247,7,7,0
119900248,11,16,-5
119900249,94,20,74
119900253,3514,171,3343
119900254,18,140,-122
119900255,36,494,-458
119900256,86,1277,-1191
119900257,11,0,11
119900258,13,0,13
119900259,6,191,-185
119900260,10,0,10
119900261,33,167,-134
119900262,1,229,-228
119900263,650,290,360
119900264,8,244,-236
119900265,74,446,-372
119900266,60,233,-173
119900267,58,365,-307
119900268,24,194,-170
119900269,132,1557,-1425
119900271,9,58,-49
119900272,29,21,8
119900275,45,8,37
119900276,4,0,4
119900277,4,1,3
119900278,100,23,77
119900279,32,31,1
119900280,912,93,819
119900281,3,55,-52
119900282,17,6,11
119900283,3,350,-347
119900284,8,141,-133
119900285,1,29,-28
119900286,3,14,-11
119900288,3,18,-15
119900289,0,14,-14
119900290,2,21,-19
119900291,1,19,-18
119900292,16,8,8
119900293,4,37,-33
119900294,12,47,-35
119900295,0,53,-53
119900296,6,166,-160
119900297,0,14,-14
119900298,0,1,-1
119900299,22,283,-261
119900300,41,177,-136
119900301,24,1,23
119900302,8,18,-10
119900303,74,196,-122
119900304,16,9,7
119900305,16,66,-50
119900306,8,0,8
119900307,5,84,-79
119900308,1,4,-3
119900309,4,16,-12
119900310,198,193,5
119900311,8,131,-123
119900312,51,60,-9
119900313,65,309,-244
119900314,14,152,-138
119900315,252,2517,-2265
119900318,20,2,18
119900319,1,332,-331
119900320,53,593,-540
119900321,10,0,10
120000001,5689,4806,883
120000002,1659,3061,-1402
120000003,2857,1821,1036
120000004,2397,2398,-1
120000005,3906,1624,2282
120000006,1379,1217,162
120000007,2091,1446,645
120000008,1076,1331,-255
120000009,3017,361,2656
120000010,1212,2538,-1326
120000011,667,2100,-1433
120000012,1097,2354,-1257
120000013,1341,2644,-1303
120000014,407,1521,-1114
120000015,1470,1952,-482
120000016,1779,1606,173
120000017,979,1137,-158
120000018,4010,3847,163
120000019,532,715,-183
120000020,1797,1412,385
120000021,1978,1210,768
120000022,2423,2455,-32
120000023,569,1358,-789
120000024,1049,1850,-801
120000025,1194,1945,-751
120000026,449,1741,-1292
120000027,704,1309,-605
120000028,347,226,121
120000029,1859,402,1457
120000030,43,603,-560
120000031,1565,3527,-1962
120000032,9074,2601,6473
120000033,1459,1521,-62
120000034,608,1995,-1387
120000035,894,2237,-1343
120000036,1681,3000,-1319
120000037,343,532,-189
120000038,8779,2007,6772
120000039,641,1028,-387
120000040,30,98,-68
120000041,166,1452,-1286
120000042,1056,4918,-3862
120000043,3123,2253,870
120000044,1398,808,590
120000045,1680,660,1020
120000046,1276,2378,-1102
120000047,1206,1862,-656
120000048,6511,2633,3878
120000049,1891,2233,-342
120000050,1504,3841,-2337
120000051,2801,3074,-273
120000052,12703,2139,10564
120000053,685,3683,-2998
120000054,1178,6314,-5136
120000055,511,3894,-3383
120000056,2559,4096,-1537
120000057,1334,861,473
120000058,147,172,-25
120000059,32,915,-883
120000061,21,483,-462
120000062,130,189,-59
120000063,1649,2934,-1285
120000064,331,1754,-1423
120000065,261,1671,-1410
120000066,55,355,-300
120000067,57,347,-290
120000068,73,978,-905
120000069,314,1469,-1155
120000070,69,1821,-1752
120000071,141,154,-13
120000072,119,281,-162
120000073,123,101,22
120000074,188,47,141
120000075,125,158,-33
120000076,357,233,124
120000077,558,332,226
120000078,3702,497,3205
120000079,99,682,-583
120000080,110,236,-126
120000081,185,160,25
120000082,163,184,-21
120000083,87,199,-112
120000084,311,527,-216
120000085,282,532,-250
120000086,244,811,-567
120000087,87,1315,-1228
120000088,392,981,-589
120000089,449,287,162
120000090,223,323,-100
120000091,384,584,-200
120000092,504,371,133
120000093,156,360,-204
120000094,95,238,-143
120000095,507,723,-216
120000096,137,1272,-1135
120000098,357,1078,-721
120000099,127,664,-537
120000100,245,818,-573
120000101,256,509,-253
120000102,180,272,-92
120000103,366,221,145
120000104,530,139,391
120000105,712,201,511
120000106,703,180,523
120000107,951,300,651
120000108,239,95,144
120000109,253,32,221
120000110,26,603,-577
120000111,72,1205,-1133
120000112,283,3882,-3599
120000113,329,3067,-2738
120000114,266,2145,-1879
120000115,193,2040,-1847
120000116,334,1871,-1537
120000117,974,1844,-870
120000118,15,9,6
120000119,18,40,-22
120000120,26,13,13
120000121,15,21,-6
120000122,133,180,-47
120000123,5898,1465,4433
120000124,198,380,-182
120000125,184,543,-359
120000126,141,418,-277
120000127,638,309,329
120000128,1590,1226,364
120000129,222,192,30
120000130,351,435,-84
120000131,123,339,-216
120000134,203,1400,-1197
120000135,50,286,-236
120000137,41,2306,-2265
120000138,130,531,-401
120000139,74,1078,-1004
120000140,151,552,-401
120000141,47,552,-505
120000142,87,490,-403
120000143,0,85,-85
120000144,21,0,21
120000145,93,0,93
120000146,1398,406,992
120000149,311,877,-566
120000150,5138,5970,-832
120000151,323,344,-21
120000152,112,230,-118
120000153,69,611,-542
120000154,337,442,-105
120000155,58,113,-55
120000156,2237,260,1977
120000157,611,560,51
120000158,583,1187,-604
120000159,2520,2429,91
120000160,1322,807,515
120000161,887,2761,-1874
120000162,37,149,-112
120000163,75,746,-671
120000164,147,792,-645
120000165,116,896,-780
120000166,315,436,-121
120000167,8,13,-5
120000168,4,55,-51
120000169,122,136,-14
120000170,160,82,78
120000171,20,33,-13
120000172,22,22,0
120000173,2400,138,2262
120000174,731,9,722
120000175,503,1,502
120000176,141,47,94
120000177,972,464,508
120000178,103,1,102
120000179,366,9,357
120000180,408,14,394
120000181,104,37,67
120000182,62,39,23
120000183,8,142,-134
120000184,41,1406,-1365
120000186,32,30,2
120000187,47,22,25
120000188,161,19,142
120000190,923,4,919
120000191,1619,8,1611
120000192,1785,9,1776
120000193,594,1,593
120000195,76,1,75
120000196,200,24,176
120000197,45,89,-44
120000198,43,144,-101
120000199,12,0,12
120000200,26,1,25
120000201,4,3,1
120000202,1,40,-39
120000203,32,445,-413
120000207,0,70,-70
120000208,7,394,-387
120000209,4,183,-179
120000210,111,72,39
120000211,22,0,22
120000212,22,2,20
120000213,25,352,-327
120000214,0,455,-455
120000215,3,110,-107
120000216,12,1,11
120000217,644,1328,-684
120000218,228,1639,-1411
120000219,11,925,-914
120000220,7,3214,-3207
120000225,362,0,362
120000226,103,1,102
120000227,407,9,398
120000228,8184,1193,6991
120000230,32,0,32
120000231,200,2353,-2153
120000233,30,5,25
120000235,63,672,-609
120000236,309,3,306
120000237,3,2435,-2432
120000238,0,80,-80
120000241,706,1667,-961
120000412,662,4,658
120000413,45,454,-409
120000414,25,4,21
120000415,1,150,-149
120000416,3,5,-2
120000417,1,134,-133
120000418,24,7,17
120000419,3,509,-506
120000420,31,12,19
120000421,13361,6091,7270
120000422,199,240,-41
120000423,2,54,-52
120000424,15,180,-165
120000436,81,211,-130
120000437,171,172,-1
120000438,4755,271,4484
120000439,66,165,-99
120000443,56,0,56
120000444,260,403,-143
120000445,932,1046,-114
120000446,779,223,556
120000447,36,6,30
120000449,25,6,19
120000450,6,438,-432
120000451,31,171,-140
120000452,25,1,24
120000453,0,391,-391
120000454,33,7,26
120000455,34,69,-35
120000456,4068,2458,1610
120000457,1732,1379,353
120000458,345,1193,-848
120000459,43,36,7
120000665,760,132,628
120000668,47,86,-39
120000669,45,453,-408
120000670,221,549,-328
120000671,264,118,146
120000672,56,368,-312
120900001,33,16,17
120900002,19,83,-64
120900003,199,12,187
120900004,1,13,-12
120900005,5,2799,-2794
120900006,48,112,-64
120900007,33,134,-101
120900008,59,904,-845
120900009,229,69,160
120900010,90,22,68
120900011,156,49,107
120900012,742,254,488
120900013,59,6,53
120900014,0,680,-680
120900015,117,56,61
120900016,142,48,94
120900017,3359,66,3293
120900018,29,413,-384
120900019,141,46,95
120900020,270,223,47
120900021,104,11,93
120900022,11,314,-303
120900023,24,25,-1
120900024,760,360,400
120900025,1878,519,1359
120900026,26,86,-60
120900027,350,134,216
120900028,50,28,22
120900029,25,86,-61
120900030,327,212,115
120900031,43,20,23
120900032,182,94,88
120900033,185,17,168
120900034,33,1098,-1065
120900035,8,23,-15
120900037,35,4,31
120900038,13,42,-29
120900039,25,11,14
120900040,39,1,38
120900041,59,9,50
120900042,76,33,43
120900043,12,3,9
120900044,1,337,-336
120900045,79,59,20
120900046,54,1,53
120900047,30,12,18
120900048,46,2,44
120900049,75,0,75
120900050,3539,456,3083
120900051,62,111,-49
120900052,81,0,81
120900053,33,49,-16
120900054,818,438,380
120900055,43,0,43
120900056,88,2,86
120900057,24,6,18
120900058,70,1,69
120900059,20,1,19
120900060,10,15,-5
120900061,175,183,-8
120900062,23,0,23
120900063,87,0,87
120900064,75,1,74
120900065,63,4,59
120900066,17,239,-222
120900067,96,14,82
120900068,60,0,60
120900069,67,50,17
120900071,3,0,3
120900072,142,0,142
120900073,91,53,38
120900074,77,1,76
120900076,45,0,45
120900077,2498,110,2388
120900078,117,822,-705
120900079,63,75,-12
120900080,115,2791,-2676
120900081,190,15,175
120900082,362,138,224
120900083,25,2,23
120900084,49,113,-64
120900085,85,62,23
120900086,103,62,41
120900087,58,35,23
120900088,80,93,-13
120900089,4300,544,3756
120900090,20,125,-105
120900091,199,100,99
120900092,334,673,-339
120900093,4522,190,4332
120900094,400,139,261
120900095,67,15,52
120900096,9,77,-68
120900097,377,1416,-1039
120900098,223,168,55
120900099,29,87,-58
120900100,40,480,-440
120900101,156,275,-119
120900102,16,120,-104
120900103,13,103,-90
120900104,32,26,6
120900105,9,969,-960
120900106,876,405,471
120900107,371,213,158
120900108,1,1073,-1072
120900109,31,766,-735
120900110,105,681,-576
120900111,118,370,-252
120900112,3,1510,-1507
120900113,2,800,-798
120900114,11,257,-246
120900115,89,93,-4
120900116,30,566,-536
120900117,1,645,-644
120900118,2,884,-882
120900119,4271,2576,1695
120900120,38,721,-683
120900121,49,353,-304
120900122,42,641,-599
120900123,3,541,-538
120900124,0,801,-801
120900125,3,1008,-1005
120900126,671,516,155
120900127,2,649,-647
120900128,702,831,-129
120900129,35,454,-419
120900130,0,166,-166
120900131,17,57,-40
120900132,124,319,-195
120900133,154,1127,-973
120900134,185,426,-241
120900135,2,734,-732
120900136,15,13,2
120900137,13,83,-70
120900138,12,219,-207
120900139,4,849,-845
120900140,3,39,-36
120900141,10,79,-69
120900142,10,869,-859
120900143,5,1182,-1177
120900144,0,211,-211
120900145,28,897,-869
120900146,1,1064,-1063
120900147,2,246,-244
120900148,20,76,-56
120900149,1,410,-409
120900150,5,537,-532
120900151,5,676,-671
120900152,27,31,-4
120900153,1,71,-70
120900154,0,338,-338
120900155,32,1153,-1121
120900156,30,451,-421
120900157,22,286,-264
120900158,7,551,-544
120900159,43,913,-870
120900160,11,345,-334
120900161,19,1502,-1483
120900162,10,1286,-1276
120900163,8,104,-96
120900164,0,0,0
120900165,0,3,-3
120900166,4,60,-56
120900167,57,32,25
120900169,10,447,-437
120900170,2415,722,1693
120900171,993,221,772
120900172,1122,103,1019
120900173,2,38,-36
120900174,1,79,-78
120900175,377,82,295
120900176,1,91,-90
120900177,0,169,-169
120900178,0,72,-72
120900179,313,291,22
120900180,47,37,10
120900181,10,64,-54
120900182,12,311,-299
120900183,431,58,373
120900184,137,68,69
120900185,2,258,-256
120900186,1,493,-492
120900187,79,334,-255
120900188,33,4,29
120900189,62,206,-144
120900190,5,3,2
120900191,1,10,-9
120900192,13308,1207,12101
120900194,11,56,-45
120900195,49,345,-296
120900196,236,50,186
120900197,151,20,131
120900198,116,551,-435
120900199,130,68,62
120900200,92,36,56
120900201,566,115,451
120900202,0,158,-158
120900203,10,21,-11
120900204,332,376,-44
120900205,38,69,-31
120900206,8,4,4
120900207,23,1031,-1008
121000001,659,794,-135
121000002,1176,816,360
121000003,3419,1572,1847
121000004,1795,1726,69
121000005,1563,2007,-444
121000006,1939,987,952
121000007,2479,2297,182
121000008,3427,2547,880
121000009,7365,3638,3727
121000010,9391,2637,6754
121000011,10182,6323,3859
121000012,15643,4346,11297
121000013,5116,4411,705
121000014,6423,4477,1946
121000015,4031,4680,-649
121000016,4377,2760,1617
121000017,1062,2871,-1809
121000018,1456,1196,260
121000019,14537,7307,7230
121000020,8420,4708,3712
121000021,1976,2795,-819
121000022,1041,1019,22
121000023,4131,2974,1157
121000024,2019,2352,-333
121000025,793,548,245
121000026,214,113,101
121000027,1473,598,875
121000028,425,364,61
121000029,542,586,-44
121000030,199,264,-65
121000031,331,514,-183
121000032,86,95,-9
121000034,185,84,101
121000035,83,54,29
121000036,658,781,-123
121000037,396,484,-88
121000038,386,433,-47
121000039,214,461,-247
121000041,200,503,-303
121000042,137,233,-96
121000043,877,470,407
121000044,1878,503,1375
121000045,137,332,-195
121000046,159,535,-376
121000047,170,317,-147
121000049,1748,933,815
121000050,275,886,-611
121000051,365,487,-122
121000052,202,455,-253
121000053,183,50,133
121000054,18,136,-118
121000055,1568,815,753
121000056,715,889,-174
121000057,124,251,-127
121000058,351,65,286
121000059,1338,723,615
121000060,425,596,-171
121000061,53,75,-22
121000062,103,167,-64
121000063,492,352,140
121000064,271,479,-208
121000065,379,314,65
121000066,470,376,94
121000067,783,199,584
121000068,384,175,209
121000069,426,194,232
121000070,1275,1249,26
121000071,635,609,26
121000072,888,761,127
121000073,583,523,60
121000074,71,132,-61
121000075,50,19,31
121000076,1034,252,782
121000077,68,54,14
121000078,69,96,-27
121000080,2396,491,1905
121000081,1765,1091,674
121000082,196,256,-60
121000083,235,119,116
121000084,169,69,100
121000085,463,509,-46
121000086,138,622,-484
121000087,84,226,-142
121000088,299,424,-125
121000089,312,173,139
121000090,252,227,25
121000091,1654,461,1193
121000092,148,74,74
121000093,98,158,-60
121000094,420,269,151
121000095,175,436,-261
121000096,1908,963,945
121000097,1238,1055,183
121000098,246,1073,-827
121000099,251,614,-363
121000100,267,669,-402
121000101,71,226,-155
121000102,48,520,-472
121000103,45,236,-191
121000104,78,175,-97
121000105,138,297,-159
121000106,81,279,-198
121000107,1817,3189,-1372
121000109,1314,887,427
121000110,200,262,-62
121000114,1808,1498,310
121000115,582,644,-62
121000116,632,819,-187
121000117,1164,226,938
121000118,905,196,709
121000119,115,368,-253
121000120,174,364,-190
121000121,493,711,-218
121000123,1787,667,1120
121000127,61,93,-32
121000128,382,653,-271
121000129,177,536,-359
121000130,236,940,-704
121000131,1720,771,949
121000132,714,657,57
121000135,383,151,232
121000136,1026,407,619
121000137,356,99,257
121000138,583,277,306
121000139,405,34,371
121000141,89,66,23
121000142,1200,413,787
121000143,118,8,110
121000144,734,618,116
121000145,226,1087,-861
121000146,568,529,39
121000147,349,331,18
121000148,404,915,-511
121000149,1087,756,331
121000152,267,591,-324
121000153,1387,350,1037
121000154,497,382,115
121000155,678,623,55
121000156,300,619,-319
121000157,1337,1416,-79
121000158,384,644,-260
121000159,105,481,-376
121000160,179,692,-513
121000161,44,253,-209
121000162,11,253,-242
121000165,1346,1042,304
121000166,34,330,-296
121000168,115,173,-58
121000169,8,151,-143
121000170,75,53,22
121000171,37,123,-86
121000172,288,320,-32
121000173,884,420,464
121000174,135,305,-170
121000175,226,353,-127
121000176,290,163,127
121000177,406,463,-57
121000178,58,54,4
121000179,74,63,11
121000181,298,290,8
121000182,41,132,-91
121000183,25,62,-37
121000184,25,33,-8
121000185,9,118,-109
121000186,113,221,-108
121000187,73,302,-229
121000188,35,218,-183
121000192,433,260,173
121000193,379,309,70
121000194,1989,1465,524
121000195,254,751,-497
121000196,453,216,237
121000197,117,570,-453
121000198,64,49,15
121000199,78,456,-378
121000200,135,39,96
121000201,1,175,-174
121000202,158,52,106
121000203,345,1906,-1561
121000204,595,333,262
121000205,94,250,-156
121000206,60,30,30
121000207,680,297,383
121000208,7,335,-328
121000209,94,423,-329
121000210,139,402,-263
121000211,57,125,-68
121000212,165,571,-406
121000213,6660,1680,4980
121000214,449,864,-415
121000215,948,609,339
121000216,236,279,-43
121000217,2905,1514,1391
121000218,369,1478,-1109
121000219,830,222,608
121000220,271,82,189
121000221,89,154,-65
121000222,2015,1845,170
121000223,379,222,157
121000224,210,59,151
121000225,919,478,441
121000226,1107,380,727
121000227,7,231,-224
121000228,11,781,-770
121000229,46,483,-437
121000230,22,1748,-1726
121000231,145,6,139
121000232,271,147,124
121000233,211,247,-36
121000234,3,14,-11
121000235,2,4,-2
121000236,1,20,-19
121000237,1,3,-2
121000238,1,47,-46
121000239,0,1,-1
121000240,5,116,-111
121000241,26,11,15
121000242,7,116,-109
121000243,71,7,64
121000244,1,73,-72
121000245,7,23,-16
121000246,1,85,-84
121000247,6,3,3
121000248,171,265,-94
121000249,31,208,-177
121000250,97,65,32
121000251,12,413,-401
121000252,22,29,-7
121000253,91,487,-396
121000254,225,190,35
121000255,118,122,-4
121000256,108,96,12
121000257,19,35,-16
121000258,17,35,-18
121000259,6,15,-9
121000260,28,116,-88
121000261,13,30,-17
121000262,914,518,396
121000263,266,426,-160
121000271,215,1792,-1577
121000273,67,22,45
121000274,1,36,-35
121000275,0,23,-23
121000276,1,9,-8
121000278,21,65,-44
121000279,12,6,6
121000280,14,58,-44
121000289,31,9,22
121000290,753,681,72
121000294,51,216,-165
121000297,602,517,85
121000299,139,216,-77
121000300,522,367,155
121000302,71,331,-260
121000303,351,208,143
121000304,268,21,247
121000305,52,44,8
121000306,27,107,-80
121000308,72,227,-155
121000309,240,430,-190
121000310,18,391,-373
121000311,72,578,-506
121000312,199,106,93
121000313,342,282,60
121000314,221,257,-36
121000315,34,65,-31
121000530,463,1027,-564
121000531,799,1111,-312
121000532,2965,2763,202
121000533,1708,1561,147
121000918,4,185,-181
121000919,7,47,-40
121000938,267,91,176
121000939,350,77,273
121000956,230,1074,-844
121000957,2,16,-14
121000958,16,39,-23
121000959,135,1022,-887
121000960,844,2186,-1342
121000961,117,20,97
121000962,142,510,-368
121000973,0,204,-204
121000976,14,111,-97
121000979,108,17,91
121000981,185,30,155
121000982,136,249,-113
121000983,123,407,-284
121000984,9,18,-9
121000985,160,499,-339
121000986,30,392,-362
121000987,119,1402,-1283
121000988,244,76,168
121001302,295,109,186
121001308,4,5,-1
121001309,69,27,42
121001313,48,393,-345
121001314,4176,3034,1142
121001315,3040,951,2089
121001326,186,355,-169
121900001,52,152,-100
121900002,9,14,-5
121900003,113,3,110
121900004,43,278,-235
121900005,3,6,-3
121900006,33,17,16
121900007,1258,1726,-468
121900008,400,15,385
121900009,201,2,199
121900010,194,1,193
121900011,119,446,-327
121900012,1,0,1
121900013,281,4,277
121900014,651,240,411
121900015,48,140,-92
121900016,1,16,-15
121900017,164,316,-152
121900018,152,7,145
121900019,123,166,-43
121900020,28,0,28
121900021,261,3,258
121900022,80,83,-3
121900023,17,183,-166
121900024,243,16,227
121900025,153,151,2
121900026,81,13,68
121900027,79,52,27
121900028,71,2,69
121900029,28,104,-76
121900030,278,288,-10
121900031,541,1824,-1283
121900032,25,17,8
121900033,90,60,30
121900034,84,53,31
121900035,1558,837,721
121900036,32,205,-173
121900037,99,396,-297
121900038,4,47,-43
121900039,192,6,186
121900040,9,37,-28
121900041,29,77,-48
121900042,106,65,41
121900043,0,1,-1
121900044,197,9,188
121900046,106,48,58
121900047,39,20,19
121900048,0,47,-47
121900050,8,14,-6
121900051,48,104,-56
121900052,34,17,17
121900053,107,107,0
121900054,482,529,-47
121900055,1,2,-1
121900058,35,156,-121
121900059,133,52,81
121900060,30,195,-165
121900062,42,12,30
121900063,213,123,90
121900064,77,504,-427
121900066,11,3,8
121900067,0,4,-4
121900069,161,78,83
121900070,71,54,17
121900071,23,172,-149
121900072,10,92,-82
121900073,123,85,38
121900074,383,154,229
121900075,173,103,70
121900076,167,443,-276
121900078,2,13,-11
121900079,0,0,0
121900080,270,295,-25
121900082,22,68,-46
121900084,0,125,-125
121900086,3,11,-8
121900087,159,62,97
121900088,1397,1084,313
121900089,25,297,-272
121900090,5,51,-46
121900091,6,40,-34
121900092,62,53,9
121900093,43,39,4
121900094,10,5,5
121900095,92,57,35
121900096,1423,243,1180
121900097,66,118,-52
121900098,1,0,1
121900099,39,51,-12
121900100,44,89,-45
121900101,42,84,-42
121900102,3,58,-55
121900103,364,85,279
121900104,574,137,437
121900105,27,29,-2
121900106,4,1,3
121900107,4,18,-14
121900108,0,0,0
121900109,216,71,145
121900110,76,802,-726
121900111,550,65,485
121900112,60,44,16
121900113,21,90,-69
121900114,1,0,1
121900117,33,11,22
121900118,1821,134,1687
121900119,72,98,-26
121900120,12,993,-981
121900121,240,26,214
121900122,6,8,-2
121900123,151,251,-100
121900124,60,149,-89
121900125,437,679,-242
121900127,9,37,-28
121900128,11,81,-70
121900129,983,44,939
121900130,40,175,-135
121900131,75,122,-47
121900132,4,61,-57
121900133,16,29,-13
121900134,3,69,-66
121900135,1618,179,1439
121900136,77,365,-288
121900137,12,117,-105
121900138,49,164,-115
121900139,245,326,-81
121900140,15,80,-65
121900141,30,8,22
121900142,47,82,-35
121900143,13,93,-80
121900144,182,213,-31
121900145,43,36,7
121900146,315,470,-155
121900147,31,121,-90
121900148,53,190,-137
121900149,103,523,-420
121900150,58,176,-118
121900151,35,148,-113
121900152,25,99,-74
121900153,23,352,-329
121900154,11,75,-64
121900155,0,40,-40
121900156,57,79,-22
121900157,4,300,-296
121900158,28,60,-32
121900159,1,156,-155
121900160,1,207,-206
121900161,220,137,83
121900162,54,79,-25
121900163,27,536,-509
121900164,167,99,68
121900165,62,123,-61
121900166,48,114,-66
121900167,43,51,-8
121900168,85,64,21
121900169,2,293,-291
121900170,3,74,-71
121900171,205,217,-12
121900172,133,122,11
121900173,396,115,281
121900174,15,29,-14
121900175,22,105,-83
121900176,267,1238,-971
121900177,73,41,32
121900178,15,114,-99
121900179,165,50,115
121900180,4235,1431,2804
121900182,214,144,70
121900183,297,200,97
121900184,25,413,-388
121900186,2,172,-170
121900187,12,53,-41
121900188,417,144,273
121900189,16,139,-123
121900190,102,264,-162
121900191,15,99,-84
121900192,329,333,-4
121900193,11,187,-176
121900194,1,86,-85
121900195,58,88,-30
121900196,366,487,-121
121900197,213,1498,-1285
121900198,633,491,142
121900199,0,11,-11
121900200,40,102,-62
121900201,659,491,168
121900202,56,201,-145
121900203,127,341,-214
121900204,642,463,179
121900205,6,57,-51
121900206,2,3,-1
121900207,85,11,74
121900208,78,149,-71
121900209,8,11,-3
121900210,519,511,8
121900211,154,290,-136
121900212,57,50,7
121900213,12,81,-69
121900214,0,168,-168
121900215,23,35,-12
121900216,16,25,-9
121900217,157,49,108
121900218,165,194,-29
121900220,78,4,74
121900221,81,389,-308
121900222,15,145,-130
121900223,30,23,7
121900224,16,26,-10
121900225,40,24,16
121900226,79,397,-318
121900227,40,206,-166
121900228,75,130,-55
121900230,44,25,19
121900231,236,124,112
121900232,70,177,-107
121900233,139,174,-35
121900234,81,260,-179
121900235,125,179,-54
121900236,119,74,45
121900237,105,162,-57
121900238,78,126,-48
121900239,50,28,22
121900240,141,66,75
121900241,5,50,-45
121900242,0,0,0
121900243,0,0,0
121900244,0,0,0
121900245,77,86,-9
121900246,662,190,472
121900248,606,436,170
121900250,149,174,-25
121900251,143,7,136
121900252,530,88,442
121900253,121,628,-507
121900254,329,156,173
121900255,78,18,60
121900258,1164,651,513
121900259,253,220,33
121900260,10,94,-84
121900261,77,195,-118
121900262,217,432,-215
121900263,53,190,-137
121900264,1457,581,876
121900265,38,180,-142
121900266,87,177,-90
121900267,23,9,14
121900269,38,108,-70
121900270,7,80,-73
121900271,9,91,-82
121900273,226,550,-324
121900274,42,143,-101
121900277,126,1123,-997
121900278,18,548,-530
121900279,60,220,-160
121900280,52,155,-103
121900281,250,38,212
121900284,12,3,9
121900286,25,141,-116
121900287,9,15,-6
121900288,1,4,-3
121900290,97,131,-34
121900291,240,277,-37
121900292,103,59,44
121900293,541,2183,-1642
121900294,115,2,113
121900295,13,135,-122
121900296,24,8,16
121900298,122,194,-72
121900299,0,0,0
121900300,12,0,12
121900301,19,0,19
121900302,0,25,-25
121900303,121,312,-191
121900304,1,0,1
121900305,0,0,0
121900306,12,0,12
121900307,4,1,3
121900308,5,241,-236
121900309,14,169,-155
121900310,33,430,-397
121900311,124,9,115
121900312,53,5,48
121900313,118,16,102
121900314,1,15,-14
121900315,1,0,1
121900316,1,7,-6
121900317,0,0,0
121900318,1,13,-12
121900319,0,3,-3
121900320,26,54,-28
121900321,8,0,8
121900322,2,33,-31
121900323,4,10,-6
121900324,0,8,-8
121900325,2,0,2
121900326,0,16,-16
121900327,3,26,-23
121900328,0,21,-21
121900329,2,150,-148
121900330,0,16,-16
121900331,1,1,0
121900332,46,4,42
121900333,3,2,1
121900334,52,21,31
122000001,1693,1914,-221
122000002,3970,956,3014
122000003,1556,958,598
122000004,2632,705,1927
122000005,1767,623,1144
122000006,1554,305,1249
122000007,847,595,252
122000008,4277,1973,2304
122000009,556,132,424
122000010,2006,1629,377
122000011,2625,473,2152
122000012,1108,661,447
122000013,1409,772,637
122000014,915,1193,-278
122000015,999,677,322
122000016,291,471,-180
122000017,699,753,-54
122000018,789,740,49
122000019,541,1115,-574
122000020,123,138,-15
122000021,469,264,205
122000022,771,896,-125
122000023,326,1984,-1658
122000024,764,540,224
122000025,1029,677,352
122000026,1865,582,1283
122000027,368,2846,-2478
122000028,462,209,253
122000029,226,151,75
122000030,245,65,180
122000031,80,83,-3
122000032,864,1560,-696
122000033,670,468,202
122000034,365,274,91
122000035,226,418,-192
122000036,317,500,-183
122000037,239,206,33
122000038,169,363,-194
122000039,592,438,154
122000040,324,192,132
122000041,281,392,-111
122000042,171,342,-171
122000043,123,60,63
122000044,82,102,-20
122000045,797,414,383
122000046,424,564,-140
122000047,179,146,33
122000048,2220,2088,132
122000049,3058,1669,1389
122000050,1050,384,666
122000051,281,164,117
122000052,374,141,233
122000053,107,286,-179
122000054,1610,1369,241
122000055,1763,1496,267
122000056,3218,2077,1141
122000057,2673,1651,1022
122000058,3397,953,2444
122000059,2531,1003,1528
122000060,1069,423,646
122000061,620,193,427
122000062,1168,244,924
122000063,553,313,240
122000064,2526,2273,253
122000065,4381,2140,2241
122000066,474,399,75
122000067,977,743,234
122000068,446,801,-355
122000069,564,524,40
122000070,279,1811,-1532
122000071,531,1029,-498
122000072,201,234,-33
122000073,286,274,12
122000074,1009,982,27
122000075,280,721,-441
122000076,918,742,176
122000077,1004,421,583
122000078,2573,1426,1147
122000079,835,448,387
122000080,455,233,222
122000081,82,146,-64
122000082,1292,551,741
122000083,713,2661,-1948
122000084,453,391,62
122000085,145,1095,-950
122000086,1424,2586,-1162
122000087,291,83,208
122000088,229,95,134
122000089,3823,2470,1353
122000090,126,235,-109
122000091,162,67,95
122000092,45,11,34
122000093,901,829,72
122000094,5249,1203,4046
122000095,1891,946,945
122000096,1397,900,497
122000098,1747,1090,657
122000099,1420,564,856
122000100,1069,511,558
122000101,178,1098,-920
122000102,1055,724,331
122000103,703,917,-214
122000104,140,111,29
122000105,176,151,25
122000106,392,354,38
122000107,596,294,302
122000108,261,639,-378
122000109,132,184,-52
122000110,205,381,-176
122000111,2138,968,1170
122000112,392,1219,-827
122000113,321,630,-309
122000114,1825,937,888
122000115,1338,736,602
122000116,384,540,-156
122000117,739,298,441
122000118,294,574,-280
122000119,2420,1137,1283
122000120,4998,1615,3383
122000121,6765,1495,5270
122000122,1097,1011,86
122000123,4690,988,3702
122000124,1452,409,1043
122000125,283,170,113
122000126,790,456,334
122000127,2777,529,2248
122000128,1022,829,193
122000129,297,363,-66
122000130,2739,271,2468
122000131,3506,250,3256
122000132,1387,333,1054
122000133,1038,1574,-536
122000134,424,309,115
122000135,837,1036,-199
122000136,201,116,85
122000137,651,459,192
122000139,1057,2538,-1481
122000140,770,350,420
122000141,3963,584,3379
122000142,405,385,20
122000143,1010,125,885
122000144,3155,518,2637
122000145,1115,679,436
122000146,566,547,19
122000147,824,357,467
122000148,1879,998,881
122000149,2270,978,1292
122000150,1287,677,610
122000151,396,275,121
122000152,639,284,355
122000153,524,192,332
122000154,448,96,352
122000155,1652,1810,-158
122000156,1800,1459,341
122000157,1278,875,403
122000158,179,330,-151
122000159,1724,1182,542
122000160,9401,457,8944
122000161,1901,569,1332
122000162,2001,1441,560
122000163,210,42,168
122000164,18,81,-63
122000165,657,539,118
122000166,676,735,-59
122000167,150,188,-38
122000168,151,274,-123
122000169,409,131,278
122000170,155,230,-75
122000171,22,41,-19
122000172,1049,1092,-43
122000173,895,1635,-740
122000174,1143,508,635
122000175,889,262,627
122000176,239,435,-196
122000177,1360,1221,139
122000178,2170,1309,861
122000179,1362,1939,-577
122000180,1284,641,643
122000181,2097,1469,628
122000182,2156,453,1703
122000183,965,735,230
122000184,3374,1101,2273
122000185,1420,858,562
122000186,373,570,-197
122000187,1197,1882,-685
122000188,556,134,422
122000189,212,205,7
122000190,730,1283,-553
122000191,579,281,298
122000192,673,192,481
122000193,222,556,-334
122000194,378,133,245
122000195,85,269,-184
122000196,475,408,67
122000197,305,457,-152
122000198,231,651,-420
122000199,275,245,30
122000200,800,319,481
122000201,1105,1406,-301
122000202,765,828,-63
122000203,2076,1044,1032
122000204,1462,1330,132
122000205,1324,617,707
122000206,1823,868,955
122000207,1039,1320,-281
122000208,1013,1474,-461
122000209,1451,225,1226
122000210,1011,1433,-422
122000211,534,869,-335
122000212,352,409,-57
122000213,651,1022,-371
122000214,1027,1610,-583
122000215,1010,1247,-237
122000217,1123,940,183
122000218,310,33,277
122000219,1193,882,311
122000220,243,706,-463
122000221,78,323,-245
122000222,423,46,377
122000223,623,785,-162
122000225,417,355,62
122000226,798,1471,-673
122000227,215,1308,-1093
122000228,367,347,20
122000229,43,348,-305
122000230,79,914,-835
122000231,123,607,-484
122000232,290,703,-413
122000233,0,102,-102
122000234,92,213,-121
122000235,238,271,-33
122000236,282,191,91
122000237,20,46,-26
122000238,65,100,-35
122000239,255,73,182
122000240,549,167,382
122000241,466,264,202
122000242,212,84,128
122000243,65,45,20
122000244,43,587,-544
122000245,64,313,-249
122000246,182,99,83
122000247,414,1143,-729
122000248,1321,2714,-1393
122000249,220,363,-143
122000250,870,314,556
122000251,328,205,123
122000252,421,33,388
122000253,96,235,-139
122000254,87,43,44
122000255,384,2183,-1799
122000256,326,1543,-1217
122000257,53,396,-343
122000258,31,141,-110
122000259,17,702,-685
122000260,117,709,-592
122000261,1,157,-156
122000262,0,46,-46
122000263,56,78,-22
122000264,228,502,-274
122000265,1099,579,520
122000266,2593,413,2180
122000267,56,126,-70
122000268,48,421,-373
122000269,233,226,7
122000270,281,95,186
122000271,218,797,-579
122000272,197,908,-711
122000273,160,494,-334
122000274,25,273,-248
122000275,45,223,-178
122000276,148,486,-338
122000277,407,938,-531
122000278,376,804,-428
122000279,55,696,-641
122000280,417,943,-526
122000281,204,647,-443
122000282,61,290,-229
122000283,289,60,229
122000284,75,95,-20
122000285,176,88,88
122000286,51,205,-154
122000287,436,939,-503
122000288,183,275,-92
122000291,402,281,121
122000293,310,673,-363
122000294,40,62,-22
122000295,923,93,830
122000296,84,480,-396
122000297,2478,1269,1209
122000299,114,302,-188
122000300,276,381,-105
122000301,11460,1518,9942
122000302,707,359,348
122000303,3380,776,2604
122000304,5,119,-114
122000305,549,611,-62
122000306,16,733,-717
122000307,59,116,-57
122000309,19,45,-26
122000310,8,11,-3
122000311,20,25,-5
122000312,56,15,41
122000313,3,20,-17
122000314,60,129,-69
122000315,56,10,46
122000316,128,197,-69
122000317,474,177,297
122000318,59,130,-71
122000319,162,308,-146
122000320,223,1839,-1616
122000321,38,228,-190
122000322,2148,1452,696
122000323,1227,912,315
122000324,1187,876,311
122000325,629,709,-80
122000326,14,139,-125
122000327,142,301,-159
122000328,2108,929,1179
122000330,1178,429,749
122000333,5,214,-209
122000337,424,2942,-2518
122000338,161,661,-500
122000340,196,148,48
122000342,1991,1084,907
122000343,326,1578,-1252
122000344,10,12,-2
122000345,55,152,-97
122000346,212,502,-290
122000348,178,626,-448
122000349,116,771,-655
122000351,61,210,-149
122000352,445,45,400
122000353,17,125,-108
122000355,136,108,28
122000356,1128,576,552
122000357,15,9,6
122000358,1,116,-115
122000359,1,55,-54
122000360,0,86,-86
122000362,11,104,-93
122000364,38,431,-393
122000365,5,19,-14
122000366,0,8,-8
122000368,311,540,-229
122000370,10,173,-163
122000371,1,0,1
122000372,1,0,1
122000381,30,298,-268
122000382,32,345,-313
122000384,3059,1380,1679
122000385,8,0,8
122000386,254,580,-326
122000387,221,423,-202
122000388,1466,292,1174
122000389,110,553,-443
122000390,241,248,-7
122000391,119,27,92
122000392,145,214,-69
122000393,47,526,-479
122000394,110,198,-88
122000395,102,153,-51
122000396,93,128,-35
122000397,12,129,-117
122000398,58,41,17
122000399,28,67,-39
122000400,100,271,-171
122000401,58,106,-48
122000402,63,32,31
122000403,172,970,-798
122000404,76,190,-114
122000408,743,866,-123
122000503,5,50,-45
122000524,140,58,82
122000544,15,754,-739
122000614,694,144,550
122000616,590,4,586
122000640,20,237,-217
122000641,23,481,-458
122000642,743,1115,-372
122000643,7,55,-48
122000644,114,44,70
122000645,43,115,-72
122000651,1223,465,758
122000664,96,23,73
122000665,758,434,324
122000666,360,1205,-845
122000673,13,343,-330
122000674,58,40,18
122000675,857,990,-133
122000686,148,1194,-1046
122000687,393,333,60
122000688,109,822,-713
122000689,193,466,-273
122000690,253,632,-379
122000691,204,2320,-2116
122000692,505,341,164
122000693,307,1985,-1678
122000695,42,238,-196
122000696,120,287,-167
122000698,79,1503,-1424
122000699,74,38,36
122000701,621,315,306
122000702,345,1893,-1548
122000703,91,28,63
122000712,0,0,0
122000717,642,104,538
122000718,931,491,440
122000719,26,39,-13
122000720,85,227,-142
122000724,260,410,-150
122900001,1,0,1
122900002,657,900,-243
122900003,107,27,80
122900004,354,3,351
122900005,52,44,8
122900006,376,225,151
122900007,37,8,29
122900008,373,65,308
122900009,391,131,260
122900010,96,47,49
122900012,386,172,214
122900014,96,180,-84
122900015,1222,147,1075
122900016,27,236,-209
122900017,683,513,170
122900018,124,14,110
122900020,230,274,-44
122900021,45,364,-319
122900022,145,694,-549
122900023,69,156,-87
122900024,55,85,-30
122900025,7,122,-115
122900026,115,305,-190
122900027,48,460,-412
122900028,54,88,-34
122900029,2768,744,2024
122900030,982,249,733
122900031,55,106,-51
122900032,94,214,-120
122900033,184,111,73
122900034,2464,2171,293
122900035,2,4,-2
122900036,4,75,-71
122900037,286,116,170
122900038,82,1270,-1188
122900039,71,275,-204
122900040,134,288,-154
122900041,131,102,29
122900042,73,165,-92
122900043,155,100,55
122900044,31,203,-172
122900045,41,75,-34
122900046,89,36,53
122900047,108,66,42
122900048,18,60,-42
122900049,1619,46,1573
122900051,81,58,23
122900052,14,69,-55
122900053,13,10,3
122900055,70,37,33
122900057,132,5,127
122900061,301,47,254
122900062,207,274,-67
122900063,57,389,-332
122900064,566,504,62
122900065,198,111,87
122900066,191,179,12
122900067,1341,636,705
122900069,81,494,-413
122900070,71,12,59
122900071,46,517,-471
122900073,62,195,-133
122900074,113,587,-474
122900075,0,85,-85
122900076,3,162,-159
122900077,1,157,-156
122900078,21,166,-145
122900080,44,7,37
122900081,93,81,12
122900082,393,146,247
122900083,110,84,26
122900084,5,118,-113
122900086,4,11,-7
122900087,60,487,-427
122900088,17,43,-26
122900089,33,167,-134
122900090,4,623,-619
122900091,41,0,41
122900092,0,127,-127
122900093,2,361,-359
122900094,5,234,-229
122900095,41,1,40
122900096,12,397,-385
122900097,4,8,-4
122900098,92,62,30
122900099,2,2,0
122900100,95,74,21
122900101,595,91,504
122900102,6,13,-7
122900103,15,3,12
122900104,6,6,0
122900105,2,1,1
122900106,0,64,-64
122900107,0,174,-174
122900108,1,236,-235
122900109,60,119,-59
123000001,1215,280,935
123000002,3584,1487,2097
123000003,3091,1795,1296
123000004,2914,3297,-383
123000005,1577,1659,-82
123000006,2582,2423,159
123000007,2021,1575,446
123000008,1915,3184,-1269
123000009,3097,2391,706
123000010,3216,2963,253
123000011,2565,928,1637
123000012,873,2064,-1191
123000013,2689,1029,1660
123000014,1168,3018,-1850
123000015,2501,513,1988
123000016,4824,1733,3091
123000017,2081,1129,952
123000018,41,68,-27
123000019,67,255,-188
123000020,36,98,-62
123000021,23,66,-43
123000022,233,442,-209
123000023,816,869,-53
123000024,831,499,332
123000025,37,48,-11
123000026,8,141,-133
123000027,103,169,-66
123000028,283,244,39
123000029,415,256,159
123000030,66,656,-590
123000031,52,324,-272
123000032,92,211,-119
123000033,93,58,35
123000034,366,357,9
123000035,102,140,-38
123000036,457,412,45
123000037,82,260,-178
123000038,55,173,-118
123000039,604,632,-28
123000040,774,304,470
123000041,760,445,315
123000042,567,542,25
123000043,2218,2742,-524
123000044,4269,1427,2842
123000045,8658,958,7700
123000046,588,570,18
123000047,2177,630,1547
123000048,49,185,-136
123000049,4421,2282,2139
123000050,423,641,-218
123000051,68,103,-35
123000052,378,1216,-838
123000053,1751,1548,203
123000054,877,806,71
123000055,918,638,280
123000056,918,1599,-681
123000057,12247,3316,8931
123000058,318,531,-213
123000059,176,295,-119
123000060,539,411,128
123000061,76,456,-380
123000063,732,374,358
123000064,656,162,494
123000065,6568,2937,3631
123000066,952,573,379
123000067,269,382,-113
123000068,2400,3060,-660
123000069,6863,3702,3161
123000070,282,573,-291
123000071,339,951,-612
123000072,564,1395,-831
123000073,460,733,-273
123000074,724,1964,-1240
123000075,202,572,-370
123000076,421,1371,-950
123000077,1786,3178,-1392
123000078,733,1422,-689
123000079,455,1657,-1202
123000080,1179,2056,-877
123000081,156,430,-274
123000082,308,905,-597
123000083,537,44,493
123000084,172,818,-646
123000085,50,94,-44
123000086,111,475,-364
123000087,54,502,-448
123000088,505,1097,-592
123000089,336,1024,-688
123000090,803,1136,-333
123000091,1368,1073,295
123000092,1093,1072,21
123000094,236,183,53
123000095,129,398,-269
123000096,202,345,-143
123000097,131,1186,-1055
123000098,308,428,-120
123000099,424,824,-400
123000100,277,376,-99
123000101,283,297,-14
123000102,437,350,87
123000104,449,286,163
123000105,430,496,-66
123000106,475,245,230
123000107,416,446,-30
123000108,897,900,-3
123000111,343,152,191
123000112,370,374,-4
123000113,717,1411,-694
123000114,272,377,-105
123000115,139,331,-192
123000116,17,240,-223
123000117,975,1995,-1020
123000118,296,848,-552
123000119,156,908,-752
123000120,208,815,-607
123000121,263,440,-177
123000122,297,273,24
123000123,357,387,-30
123000124,712,445,267
123000125,953,478,475
123000126,1701,1077,624
123000127,1671,749,922
123000128,268,423,-155
123000129,213,108,105
123000130,135,47,88
123000131,303,282,21
123000132,368,440,-72
123000133,592,311,281
123000134,671,176,495
123000135,766,803,-37
123000136,86,1158,-1072
123000137,104,401,-297
123000138,51,394,-343
123000139,155,78,77
123000140,152,534,-382
123000141,702,95,607
123000142,725,883,-158
123000143,956,2510,-1554
123000144,39,7,32
123000145,115,103,12
123000146,16,80,-64
123000147,25,92,-67
123000149,303,291,12
123000150,188,158,30
123000151,210,402,-192
123000152,26,235,-209
123000153,186,393,-207
123000154,1743,1230,513
123000155,2029,656,1373
123000156,59,46,13
123000157,657,819,-162
123000158,814,384,430
123000159,1722,939,783
123000160,344,285,59
123000161,820,417,403
123000162,224,637,-413
123000163,113,16,97
123000164,272,109,163
123000165,231,1840,-1609
123000166,25,152,-127
123000167,73,246,-173
123000168,95,274,-179
123000169,160,55,105
123000170,17,352,-335
123000171,64,47,17
123000172,218,600,-382
123000173,260,72,188
123000174,448,103,345
123000175,795,1288,-493
123000176,367,53,314
123000177,211,937,-726
123000178,250,29,221
123000179,42,726,-684
123000180,609,193,416
123000181,176,1272,-1096
123000182,88,398,-310
123000183,50,83,-33
123000184,57,809,-752
123000185,194,285,-91
123000186,27,606,-579
123000187,211,5,206
123000188,99,19,80
123000189,20,9,11
123000190,10,154,-144
123000192,34,484,-450
123000193,17,437,-420
123000194,168,137,31
123000195,189,9,180
123000196,65,17,48
123000197,42,52,-10
123000198,11,154,-143
123000199,8,505,-497
123000200,113,16,97
123000201,212,24,188
123000202,22,1054,-1032
123000203,250,35,215
123000204,36,1218,-1182
123000205,128,1783,-1655
123000206,436,48,388
123000207,76,924,-848
123000208,150,101,49
123000209,694,160,534
123000210,320,1652,-1332
123000211,440,2470,-2030
123000212,720,207,513
123000213,125,25,100
123000215,86,59,27
123000216,134,493,-359
123000217,91,22,69
123000218,52,178,-126
123000219,572,26,546
123000220,291,30,261
123000221,86,93,-7
123000222,152,309,-157
123000223,27,475,-448
123000224,277,671,-394
123000225,117,42,75
123000226,63,294,-231
123000227,77,321,-244
123000228,103,41,62
123000229,1039,1855,-816
123000232,57,569,-512
123000233,248,58,190
123000234,99,598,-499
123000235,130,236,-106
123000236,109,899,-790
123000237,154,30,124
123000238,31,596,-565
123000239,313,1899,-1586
123000240,35,133,-98
123000241,729,46,683
123000242,54,174,-120
123000243,239,866,-627
123000244,462,482,-20
123000245,39,146,-107
123000249,422,495,-73
123000252,294,70,224
123000253,252,175,77
123000254,243,910,-667
123000255,422,456,-34
123000256,20,207,-187
123000257,2460,2073,387
123000258,692,1104,-412
123000259,42,278,-236
123000260,148,487,-339
123000261,36,154,-118
123000262,38,242,-204
123000263,136,69,67
123000264,86,17,69
123000265,23,156,-133
123000266,295,504,-209
123000267,119,151,-32
123000268,24,70,-46
123000269,8,10,-2
123000270,11,18,-7
123000271,35,60,-25
123000272,660,213,447
123000273,115,334,-219
123000274,536,239,297
123000275,155,876,-721
123000278,2675,2240,435
123000279,33,95,-62
123000280,158,321,-163
123000281,119,45,74
123000282,39,252,-213
123000283,50,22,28
123000284,17,88,-71
123000286,246,137,109
123000287,451,184,267
123000288,444,263,181
123000289,397,369,28
123000291,169,607,-438
123000294,169,283,-114
123000295,563,669,-106
123000296,120,348,-228
123000297,193,1023,-830
123000298,176,587,-411
123000299,53,430,-377
123000300,618,468,150
123000301,40,122,-82
123000302,33,100,-67
123000303,12,101,-89
123000305,724,782,-58
123000306,32,249,-217
123000309,30,49,-19
123000310,46,25,21
123000311,17,203,-186
123000312,710,930,-220
123000313,99,233,-134
123000315,50,243,-193
123000316,1466,200,1266
123000317,130,31,99
123000318,35,334,-299
123000329,3,14,-11
123000337,54,181,-127
123000338,190,37,153
123000339,37,299,-262
123000340,146,369,-223
123000342,2,236,-234
123000343,13,0,13
123000344,587,416,171
123000345,403,615,-212
123000346,115,91,24
123000352,1504,635,869
123000353,19,109,-90
123000354,154,13,141
123000355,0,374,-374
123000356,45,3,42
123000357,2,255,-253
123000359,2,215,-213
123000360,66,9,57
123000361,393,169,224
123000362,86,74,12
123000363,40,215,-175
123000364,247,203,44
123000365,14,161,-147
123000366,204,807,-603
123000367,323,1157,-834
123000370,14,259,-245
123000371,112,7,105
123000372,92,6,86
123000373,4,186,-182
123000374,4,150,-146
123000375,80,15,65
123000376,465,549,-84
123000377,86,8,78
123000378,7,337,-330
123000379,5,270,-265
123000380,4,37,-33
123000381,48,11,37
123000382,527,29,498
123000383,154,399,-245
123000384,177,51,126
123000385,204,555,-351
123000436,30,444,-414
123000507,161,259,-98
123000508,90,295,-205
123000517,193,11,182
123000518,39,159,-120
123000519,102,62,40
123000520,37,147,-110
123000521,142,73,69
123000522,141,467,-326
123000541,2,0,2
123000542,0,20,-20
123000565,114,17,97
123000566,40,866,-826
123000567,177,264,-87
123000573,29,902,-873
123000574,303,49,254
123000575,1012,963,49
123000576,375,1539,-1164
123000577,67,345,-278
123000578,389,115,274
123000579,4450,1837,2613
123000580,83,95,-12
123000582,117,6,111
123000583,14,362,-348
123000584,89,178,-89
123000585,0,82,-82
123000586,24,11,13
123000596,157,128,29
123000597,44,57,-13
123000602,4,2,2
123000603,125,796,-671
123000604,231,1080,-849
123000605,472,20,452
123000606,0,197,-197
123000609,10,409,-399
123000610,54,67,-13
123000613,36,106,-70
123000614,153,46,107
123000615,53,279,-226
123000616,389,56,333
123000617,18,468,-450
123000618,38,512,-474
123000619,464,20,444
123000620,2,356,-354
123000622,180,19,161
123000624,145,48,97
123000630,383,303,80
123000631,143,1802,-1659
123000632,1352,1116,236
123000633,2,183,-181
123000634,70,18,52
123000635,215,109,106
123000636,15,525,-510
123000637,250,28,222
123000638,226,69,157
123000639,571,1733,-1162
123000640,28,1022,-994
123000648,95,43,52
123000649,38,633,-595
123000650,29,69,-40
123000651,4,125,-121
123000652,15,9,6
123000653,6,99,-93
123000654,18,198,-180
123900001,988,47,941
123900002,4,710,-706
123900003,185,534,-349
123900005,123,56,67
123900006,35,18,17
124000001,899,15,884
124000002,21,1143,-1122
124000003,159,54,105
124000004,19,549,-530
124000005,330,107,223
124000006,130,1104,-974
124000007,457,43,414
124000008,11,307,-296
124000009,209,170,39
124000010,62,585,-523
124000011,256,185,71
124000012,127,771,-644
124000017,18,105,-87
124000018,54,124,-70
124000019,48,110,-62
124000020,47,212,-165
124000021,27,72,-45
124000022,100,223,-123
124000023,510,117,393
124000024,816,533,283
124000025,542,166,376
124000026,659,527,132
124000027,1173,278,895
124000028,2196,871,1325
124000031,470,408,62
124000032,2821,1134,1687
124000033,544,233,311
124000034,754,1395,-641
124000035,113,71,42
124000036,371,678,-307
124000037,156,131,25
124000038,40,72,-32
124000039,1425,138,1287
124000040,773,368,405
124000041,194,67,127
124000042,76,270,-194
124000043,39,59,-20
124000044,32,266,-234
124000045,205,392,-187
124000046,62,550,-488
124000047,344,633,-289
124000048,165,1291,-1126
124000049,544,694,-150
124000050,254,2054,-1800
124000051,202,490,-288
124000052,223,1479,-1256
124000053,243,697,-454
124000054,396,1029,-633
124000055,669,854,-185
124000056,2775,1218,1557
124000057,350,325,25
124000058,272,1200,-928
124000059,328,434,-106
124000060,1231,851,380
124000061,809,1712,-903
124000062,6397,1657,4740
124000063,1002,1440,-438
124000064,2780,2007,773
124000065,204,267,-63
124000066,265,42,223
124000067,19,111,-92
124000068,17,80,-63
124000069,148,143,5
124000070,108,498,-390
124000071,94,58,36
124000072,118,508,-390
124000073,301,73,228
124000074,94,726,-632
124000075,62,12,50
124000076,11,218,-207
124000077,1800,519,1281
124000078,2810,196,2614
124000079,680,597,83
124000080,156,82,74
124000081,55,762,-707
124000082,11,142,-131
124000083,46,180,-134
124000084,55,132,-77
124000085,33,32,1
124000086,90,36,54
124000087,31,44,-13
124000088,427,223,204
124000089,227,213,14
124000090,64,376,-312
124000091,190,126,64
124000092,52,761,-709
124000093,80,33,47
124000094,60,245,-185
124000095,31,43,-12
124000096,59,236,-177
124000097,43,73,-30
124000098,54,175,-121
124000099,84,80,4
124000100,11,88,-77
124000101,15,118,-103
124000102,83,114,-31
124000103,29,99,-70
124000104,42,124,-82
124000105,14,49,-35
124000106,103,117,-14
124000107,3,39,-36
124000108,45,29,16
124000109,83,28,55
124000110,74,100,-26
124000111,148,99,49
124000112,260,569,-309
124000113,47,51,-4
124000114,132,479,-347
124000115,290,686,-396
124000116,43,77,-34
124000117,84,48,36
124000118,27,49,-22
124000119,894,451,443
124000120,373,460,-87
124000121,2098,658,1440
124000122,450,918,-468
124000123,512,262,250
124000124,459,785,-326
124000125,279,281,-2
124000126,337,488,-151
124000127,357,258,99
124000128,459,921,-462
124000129,1064,1080,-16
124000130,512,452,60
124000131,712,435,277
124000132,723,664,59
124000133,349,618,-269
124000134,448,728,-280
124000135,1057,920,137
124000136,586,995,-409
124000137,1132,395,737
124000138,1402,815,587
124000139,314,21,293
124000140,58,509,-451
124000141,202,17,185
124000142,34,745,-711
124000143,24,8,16
124000144,7,207,-200
124000145,27,8,19
124000146,8,101,-93
124000148,9,10,-1
124000149,448,169,279
124000150,420,410,10
124000151,464,147,317
124000152,459,852,-393
124000153,495,314,181
124000154,302,811,-509
124000155,737,508,229
124000156,998,864,134
124000169,158,288,-130
124000170,506,314,192
124000171,98,189,-91
124000172,169,562,-393
124000173,165,296,-131
124000174,145,609,-464
124000175,2,152,-150
124000176,12,5,7
124000177,18,42,-24
124000178,12,4,8
124000185,14,1,13
124000186,1,75,-74
124000187,1,95,-94
124000188,8,2,6
124000190,230,25,205
124000191,391,64,327
124000192,797,234,563
124000193,272,888,-616
124000194,237,637,-400
124000195,166,348,-182
124000196,796,1223,-427
124000197,30,44,-14
124000198,4,19,-15
124000201,139,1051,-912
124000202,244,74,170
124000203,93,891,-798
124000204,199,361,-162
124000205,18,530,-512
124000206,78,235,-157
124000207,4,57,-53
124000209,102,324,-222
124000210,90,104,-14
124000211,108,3,105
124000212,3,540,-537
124000213,76,360,-284
124000214,133,565,-432
124000215,56,3,53
124000216,0,452,-452
124000329,35,1921,-1886
124000338,13,1004,-991
124000339,98,22,76
124000341,191,98,93
124000344,20,3,17
124000357,818,1412,-594
124000358,1097,1478,-381
124000359,491,267,224
124000360,213,217,-4
124000361,503,482,21
124000362,816,1190,-374
124000363,197,513,-316
124000364,329,1001,-672
124000365,633,1098,-465
124000366,2157,1339,818
124000367,55,412,-357
124000368,153,120,33
124000369,59,53,6
124000370,28,323,-295
124000402,9,6,3
124000403,11,5,6
124000404,14,84,-70
124000405,855,573,282
124000406,723,683,40
124000407,1,24,-23
124000411,1,385,-384
124000412,84,13,71
124000413,133,33,100
124000414,19,112,-93
124000415,15,206,-191
124000416,73,372,-299
124000417,67,133,-66
124000418,42,103,-61
124000419,53,217,-164
124000420,16,74,-58
124000421,16,363,-347
124000422,28,9,19
124000423,86,20,66
124000424,2,172,-170
124000425,16,2,14
124000426,2,265,-263
124000427,27,9,18
124000428,5,21,-16
124000429,16,83,-67
124000430,329,537,-208
124000431,167,513,-346
124000432,66,783,-717
124000439,11,9,2
124000443,0,0,0
124000445,350,297,53
124000446,2671,57,2614
124000447,8,41,-33
124000448,22,13,9
124000449,14,6,8
124000450,13,460,-447
124000451,0,264,-264
124000452,332,39,293
124000453,2218,1509,709
124000454,2615,2689,-74
124000457,4,52,-48
124000458,7,133,-126
124900001,114,159,-45
124900002,48,391,-343
124900003,316,515,-199
124900004,105,242,-137
124900005,107,154,-47
124900006,163,314,-151
124900008,814,312,502
124900009,49,77,-28
124900010,36,13,23
124900011,67,108,-41
124900012,124,64,60
124900013,158,75,83
124900014,83,49,34
124900015,68,53,15
124900016,8,22,-14
124900017,277,158,119
124900018,5,4,1
124900020,18,20,-2
124900021,28,5,23
124900022,13,6,7
124900024,63,3,60
124900026,70,0,70
124900027,37,93,-56
124900028,409,92,317
124900029,7,210,-203
124900030,1,90,-89
124900031,9,241,-232
124900032,116,118,-2
124900033,61,261,-200
124900034,0,108,-108
124900035,63,283,-220
124900036,0,26,-26
124900037,60,208,-148
124900038,201,327,-126
124900039,1,14,-13
124900040,12,41,-29
124900041,142,1128,-986
124900042,16,0,16
124900043,168,984,-816
124900044,18,0,18
124900045,352,506,-154
124900047,65,111,-46
124900048,78,75,3
124900050,46,172,-126
124900052,35,272,-237
124900053,29,255,-226
124900054,2691,192,2499
124900055,1,51,-50
124900057,12,131,-119
124900060,26,181,-155
124900061,21,4,17
124900062,12,6,6
124900066,1,11,-10
124900067,10,128,-118
124900068,142,98,44
124900070,17,18,-1
124900072,25,13,12
124900075,6,197,-191
124900076,15,218,-203
124900077,13,79,-66
124900078,10,4,6
124900079,373,22,351
124900080,75,611,-536
124900081,226,178,48
124900082,171,866,-695
124900083,97,445,-348
124900085,1165,109,1056
124900086,25,225,-200
124900087,379,18,361
124900088,529,40,489
124900089,948,11,937
124900090,69,90,-21
124900091,138,417,-279
124900092,65,368,-303
124900093,64,105,-41
124900094,66,143,-77
124900095,18,173,-155
124900096,244,50,194
124900097,122,28,94
124900098,65,303,-238
124900099,265,197,68
124900100,77,11,66
124900101,22,564,-542
124900102,71,12,59
124900103,30,253,-223
124900104,8,193,-185
124900105,45,147,-102
124900106,153,12,141
124900107,18,5,13
124900108,49,10,39
124900111,5,52,-47
124900112,44,498,-454
124900113,138,61,77
124900114,284,28,256
124900115,39,30,9
124900116,34,64,-30
124900117,629,61,568
124900118,115,95,20
124900119,127,53,74
124900120,16,289,-273
124900121,82,88,-6
124900122,400,110,290
124900123,483,16,467
124900124,138,165,-27
124900125,40,2,38
124900126,1,276,-275
204000001,27,48,-21
204000002,8,37,-29
204000003,4,1,3
204000004,2,2,0
204000005,288,193,95
204000006,425,467,-42
204000011,12,62,-50
204000012,15,95,-80
204000019,323,377,-54
204000020,349,628,-279
204000021,1595,612,983
204000022,201,356,-155
204000023,181,1198,-1017
204000031,78,31,47
204000032,531,27,504
204000034,24,310,-286
204000035,0,2,-2
204000036,10,22,-12
204000037,2,24,-22
204000038,2,46,-44
204000039,2,56,-54
204000040,8,35,-27
204000041,4,35,-31
204000042,9,9,0
204000043,8,2,6
204000044,6,2,4
204000045,6,18,-12
204000046,13,3,10
204000057,11,59,-48
204000062,11,297,-286
204000068,34,134,-100
204000069,27,130,-103
204000070,36,109,-73
204000080,16,63,-47
204000085,601,1195,-594
204000086,2190,1636,554
204000087,34,22,12
204000088,4,123,-119
204000090,17,356,-339
204000093,201,103,98
204000096,353,370,-17
204000097,130,75,55
204000099,499,877,-378
204000100,391,582,-191
204000105,1560,1067,493
204000110,553,1226,-673
204000111,370,783,-413
204000112,683,809,-126
204000113,323,691,-368
204000114,366,313,53
204000115,220,311,-91
204000116,927,422,505
204000119,994,908,86
204000132,203,195,8
204000133,331,228,103
204000134,163,123,40
204000135,338,114,224
204000136,110,149,-39
204000138,111,334,-223
204000140,120,108,12
204000141,64,34,30
204000144,25,21,4
204000145,496,15,481
204000146,29,305,-276
204000147,46,121,-75
204000148,310,15,295
204000154,0,1,-1
204000155,1,11,-10
204000177,19,74,-55
204000179,8,2,6
204000180,0,63,-63
204000222,3,9,-6
204000235,8,16,-8
204000236,63,241,-178
204000238,28,16,12
204000240,374,36,338
204000263,397,1141,-744
204000268,532,215,317
204000308,123,12,111
204000317,7,81,-74
204000322,1,30,-29
204000323,14,15,-1
204000328,201,52,149
204000329,149,86,63
204000330,206,131,75
204000331,79,167,-88
205000001,739,964,-225
205000013,4,87,-83
205000014,16,143,-127
205000015,33,235,-202
205000016,17,177,-160
205000017,14,103,-89
205000022,250,511,-261
205000025,1471,797,674
205000029,142,9,133
205000045,32,136,-104
205000046,26,565,-539
205000047,23,515,-492
205000048,81,921,-840
205000049,56,707,-651
205000050,1147,246,901
205000059,0,242,-242
205000060,1,41,-40
205000061,0,16,-16
205000062,5,22,-17
205000063,8,39,-31
205000064,7,72,-65
205000065,47,650,-603
205000066,40,718,-678
205000067,17,1033,-1016
205000069,182,28,154
205000082,63,143,-80
205000110,62,210,-148
205000111,141,237,-96
205000112,57,69,-12
205000113,164,172,-8
205000121,61,24,37
205000123,48,166,-118
205000126,110,31,79
205000127,176,44,132
205000128,202,26,176
205000129,141,54,87
205000130,74,13,61
205000131,31,1,30
205000132,256,1,255
205000133,32,0,32
205000134,50,0,50
205000137,93,121,-28
205000138,304,241,63
205000139,29,84,-55
205000144,43,24,19
205000145,168,88,80
205000151,45,11,34
205000152,60,14,46
205000153,120,12,108
205000154,21,20,1
205000155,62,9,53
205000207,28,137,-109
205000233,8,0,8
205000234,0,0,0
205000243,1,0,1
205000244,0,4,-4
205000245,20,335,-315
205000249,0,21,-21
205000250,0,0,0
205000264,3,106,-103
206000027,5,0,5
206000028,28,1,27
206000043,3,152,-149
206000053,5,23,-18
206000054,15,21,-6
206000055,1,57,-56
206000075,4,6,-2
206000076,18,6,12
206000077,7,7,0
206000078,4,1,3
206000079,32,4,28
206000082,292,16,276
206000100,51,539,-488
206000103,14,16,-2
206000104,20,31,-11
206000105,13,21,-8
206000106,20,21,-1
206000125,16,0,16
206000157,152,624,-472
206000170,3,225,-222
206000171,2,269,-267
206000172,2,1050,-1048
206000173,1,386,-385
206000174,7,190,-183
206000175,4,240,-236
206000176,20,500,-480
206000177,2,285,-283
206000178,1,194,-193
206000179,9,112,-103
206000180,21,242,-221
206000181,6,362,-356
206000182,45,342,-297
206000183,28,1139,-1111
206000184,1,508,-507
206000185,8,430,-422
206000186,161,1848,-1687
206000223,4,268,-264
206000226,14,3,11
206000227,16,0,16
206000237,31,436,-405
206000238,60,805,-745
206000239,576,2335,-1759
206000240,2,56,-54
206000241,5,166,-161
206000242,7,624,-617
206000243,17,509,-492
206000244,75,1189,-1114
206000245,282,40,242
206000246,49,11,38
206000247,49,14,35
206000248,105,9,96
206000252,77,12,65
206000258,17,20,-3
206000315,47,4,43
206000317,210,61,149
206000318,68,32,36
206000319,430,90,340
206000320,35,23,12
206000321,27,7,20
206000322,135,5,130
206000323,54,5,49
206000324,56,5,51
206000325,62,14,48
206000326,44,6,38
206000327,110,7,103
206000328,45,8,37
206000329,50,2,48
206000330,16,4,12
206000331,49,6,43
206000332,13,4,9
206000333,106,3,103
206000334,91,1,90
206000335,0,26,-26
206000361,11,213,-202
206000392,6,51,-45
206000405,69,1,68
206000441,11,3,8
206000498,27,5,22
206000515,108,18,90
206000530,62,28,34
206000531,62,47,15
206000532,1200,88,1112
206000535,280,2274,-1994
206000536,25,321,-296
206000537,8,155,-147
206000613,944,111,833
206000784,443,37,406
207000001,103,293,-190
207000002,31,276,-245
207000003,109,261,-152
207000007,432,276,156
207000008,43,18,25
207000009,28,33,-5
207000010,397,571,-174
207000012,222,209,13
207000015,273,1465,-1192
207000019,78,41,37
207000021,406,130,276
207000022,64,54,10
207000023,50,53,-3
207000024,2,6,-4
207000025,4,59,-55
207000026,99,62,37
207000027,10,60,-50
207000028,56,198,-142
207000029,213,331,-118
207000033,181,144,37
207000034,134,32,102
207000039,172,124,48
207000040,80,199,-119
207000041,28,49,-21
207000042,121,83,38
207000043,115,197,-82
207000051,58,268,-210
207000052,22,220,-198
207000053,327,657,-330
207000054,34,121,-87
207000055,44,257,-213
207000056,186,436,-250
207000057,114,245,-131
207000058,66,467,-401
207000059,25,1019,-994
207000060,33,282,-249
207000061,67,107,-40
207000062,82,56,26
207000063,94,179,-85
207000064,196,175,21
207000065,164,227,-63
207000066,82,149,-67
207000067,48,75,-27
207000068,78,44,34
207000069,511,278,233
207000082,36,412,-376
207000083,74,385,-311
207000084,75,144,-69
207000085,74,11,63
207000086,45,7,38
207000106,6,24,-18
207000107,38,29,9
207000108,44,6,38
207000109,34,9,25
207000110,20,19,1
207000111,53,52,1
207000112,66,134,-68
207000114,14,14,0
207000115,16,37,-21
207000116,15,166,-151
207000117,2,108,-106
207000118,1,88,-87
207000119,11,78,-67
207000123,157,15,142
207000124,49,12,37
207000125,66,29,37
207000126,72,21,51
207000134,35,292,-257
207000135,21,281,-260
207000148,54,95,-41
207000149,99,19,80
207000152,135,354,-219
207000153,958,725,233
207000154,257,154,103
207000159,24,266,-242
207000160,35,615,-580
207000238,0,85,-85
207000242,2,129,-127
207000248,26,12,14
207000249,71,63,8
207000250,501,44,457
207000251,80,37,43
207000252,41,35,6
207000278,43,71,-28
207000279,8,184,-176
207000280,172,85,87
207000281,44,1311,-1267
207000282,80,15,65
207000283,114,168,-54
207000284,22,43,-21
207000285,187,27,160
207000291,0,122,-122
207000304,55,89,-34
207000306,43,309,-266
207000310,27,63,-36
207000353,68,3,65
207000356,5,10,-5
207000357,10,7,3
207000358,4,15,-11
207000415,6,174,-168
207000417,9,1,8
207000418,90,112,-22
207000438,0,6,-6
207000439,964,214,750
207000446,84,4,80
207000460,6,15,-9
207000466,158,101,57
207000467,82,95,-13
207000468,24,504,-480
207000476,1,137,-136
207000477,92,134,-42
207000478,0,8,-8
207000523,0,2,-2
207000524,28,0,28
207000527,68,115,-47
207000530,52,3,49
207000531,84,1,83
207000532,33,10,23
207000534,603,31,572
207000535,24,71,-47
207000537,12,72,-60
207000540,5,180,-175
207000541,2,285,-283
207000548,9,267,-258
207000549,62,6,56
207000561,47,58,-11
207000562,23,193,-170
207000567,116,219,-103
207000568,65,87,-22
207000569,96,1043,-947
207000584,277,77,200
207000585,43,107,-64
207000587,35,60,-25
207000616,0,237,-237
207000617,26,0,26
207000624,61,13,48
207000631,3,35,-32
207900008,80,316,-236
208000001,213,410,-197
208000002,289,372,-83
208000003,437,382,55
208000004,592,521,71
208000005,14,11,3
208000019,181,567,-386
208000020,49,311,-262
208000021,60,362,-302
208000022,274,485,-211
208000028,758,1036,-278
208000033,288,485,-197
208000034,688,1026,-338
208000037,185,28,157
208000040,36,117,-81
208000041,352,352,0
208000042,334,402,-68
208000047,88,344,-256
208000064,1907,847,1060
208000066,694,490,204
208000070,98,406,-308
208000071,118,637,-519
208000072,116,764,-648
208000080,95,236,-141
208000081,92,152,-60
208000082,97,210,-113
208000083,51,224,-173
208000084,2,12,-10
208000085,562,428,134
208000086,299,776,-477
208000087,152,580,-428
208000089,290,537,-247
208000090,295,852,-557
208000093,63,123,-60
208000094,183,396,-213
208000095,336,261,75
208000104,443,576,-133
208000105,380,658,-278
208000114,23,75,-52
208000115,267,205,62
208000116,93,605,-512
208000117,9,70,-61
208000118,45,78,-33
208000155,337,647,-310
208000158,1292,1410,-118
208000186,1845,1034,811
208000204,220,644,-424
208000205,517,1021,-504
208000282,1919,597,1322
209000004,69,119,-50
209000005,23,11,12
209000006,212,72,140
209000007,129,122,7
209000010,292,125,167
209000011,82,201,-119
209000012,161,180,-19
209000013,129,544,-415
209000014,494,1383,-889
209000025,116,30,86
209000026,386,57,329
209000027,347,1142,-795
209000028,222,1165,-943
209000029,426,1001,-575
209000030,423,1473,-1050
209000031,3070,2153,917
209000034,86,187,-101
209000035,77,94,-17
209000036,80,79,1
209000037,100,176,-76
209000038,53,135,-82
209000039,22,143,-121
209000040,172,391,-219
209000041,134,290,-156
209000042,171,283,-112
209000043,517,359,158
209000044,142,359,-217
209000045,566,231,335
209000046,158,310,-152
209000047,100,119,-19
209000048,130,128,2
209000049,62,130,-68
209000050,193,191,2
209000051,103,376,-273
209000052,83,346,-263
209000062,32,149,-117
209000063,8,139,-131
209000064,9,142,-133
209000065,14,33,-19
209000066,13,44,-31
209000067,22,89,-67
209000080,20,150,-130
209000082,29,26,3
209000091,42,59,-17
209000093,91,29,62
209000094,131,74,57
209000110,29,29,0
209000111,347,632,-285
209000112,308,351,-43
209000113,542,234,308
209000114,197,183,14
209000115,76,157,-81
209000116,675,482,193
209000118,5,29,-24
209000119,15,6,9
209000121,85,598,-513
209000135,42,53,-11
209000142,725,499,226
209000143,30,29,1
209000144,18,38,-20
209000229,80,87,-7
209000240,41,469,-428
209000259,84,112,-28
209000260,42,628,-586
209000261,0,464,-464
209000262,3,458,-455
209000263,0,84,-84
209000264,0,15,-15
209000265,62,0,62
209000266,17,7,10
209000267,140,2,138
209000268,210,5,205
210000037,30,17,13
210000047,18,27,-9
210000048,27,29,-2
210000049,40,14,26
210000052,9,126,-117
210000053,8,86,-78
210000054,55,98,-43
210000070,36,0,36
210000071,5,0,5
210000072,18,0,18
210000073,0,15,-15
210000074,1,72,-71
210000075,2,30,-28
210000076,4,87,-83
210000077,17,28,-11
210000078,41,28,13
210000079,15,8,7
210000080,56,38,18
210000081,100,4,96
210000082,49,0,49
210000083,73,0,73
210000084,8,1,7
210000085,0,60,-60
210000086,4,99,-95
210000099,32,168,-136
210000100,31,216,-185
210000101,59,172,-113
210000105,31,104,-73
210000159,0,89,-89
210000163,143,187,-44
210000164,185,40,145
210000168,152,14,138
210000187,0,8,-8
210000188,0,21,-21
210000214,6,0,6
210000219,11,46,-35
210000220,38,65,-27
210000232,0,20,-20
210000233,2,59,-57
210000234,28,131,-103
210000235,6,120,-114
210000245,0,23,-23
210000246,19,8,11
210000258,16,140,-124
210000259,108,7,101
210000282,22,145,-123
210000285,4,104,-100
210000286,10,159,-149
210000290,0,9,-9
210000295,20,85,-65
210000296,20,53,-33
210000320,77,92,-15
210000321,22,80,-58
210000338,56,99,-43
210000339,492,418,74
210000340,81,133,-52
210000341,45,144,-99
210000342,91,142,-51
210000343,70,155,-85
210000344,104,88,16
210000345,153,75,78
210000346,25,38,-13
210000347,37,11,26
210000348,43,8,35
210000349,34,15,19
210000350,27,44,-17
210000351,49,67,-18
210000352,47,59,-12
210000353,28,78,-50
210000354,34,107,-73
210000355,18,57,-39
210000356,42,19,23
210000357,18,26,-8
210000358,223,101,122
210000359,65,34,31
210000360,93,81,12
210000361,58,161,-103
210000362,143,166,-23
210000363,706,90,616
210000364,89,30,59
210000365,60,23,37
210000366,63,38,25
210000367,24,24,0
210000368,91,17,74
210000369,17,30,-13
210000370,32,42,-10
210000372,21,11,10
210000373,19,7,12
210000374,25,9,16
210000375,7,86,-79
210000376,24,134,-110
210000404,74,128,-54
210000439,10,45,-35
210000472,51,0,51
210000482,68,41,27
210000564,572,77,495
210000567,10,27,-17
210000568,381,3,378
211000092,5,71,-66
211000094,15,3,12
211000169,212,2,210
211000172,4,201,-197
211000209,2,13,-11
211000226,16,17,-1
211000270,9,9,0
211000275,11,34,-23
211000276,38,26,12
211000279,4,79,-75
211000281,10,70,-60
211000302,10,67,-57
211507980,0,23,-23
211977296,9,2,7
212000003,69,38,31
212000004,24,19,5
212000005,4,14,-10
212000006,8,58,-50
212000008,50,238,-188
212000009,8,149,-141
212000012,18,69,-51
212000013,4,31,-27
212000014,126,168,-42
212000015,140,191,-51
212000016,235,456,-221
212000027,225,375,-150
212000028,129,305,-176
212000029,86,191,-105
212000030,9,14,-5
212000031,20,59,-39
212000048,13,77,-64
212000049,0,37,-37
212000050,10,10,0
212000051,61,221,-160
212000052,94,414,-320
212000053,210,544,-334
212000054,60,123,-63
212000055,73,194,-121
212000056,10,47,-37
212000057,2,28,-26
212000058,283,28,255
212000070,53,301,-248
212000077,51,656,-605
212000099,85,179,-94
212000108,81,120,-39
212000111,99,118,-19
212000120,75,98,-23
212000138,45,25,20
212000156,4,113,-109
212000158,9,8,1
212000159,123,31,92
212000160,173,135,38
212000161,16,8,8
212000310,14,14,0
212000311,8,68,-60
212000374,4,9,-5
213000001,13,546,-533
213000005,206,64,142
213000006,907,70,837
213000007,34,4,30
213000009,257,107,150
213000010,116,89,27
213000011,104,69,35
213000014,20,4,16
213000015,53,1,52
213000016,49,0,49
213000017,15,0,15
213000018,2,168,-166
213000019,0,138,-138
213000020,53,159,-106
213000021,1,67,-66
213000023,120,90,30
213000033,138,405,-267
213000034,117,129,-12
213000035,57,46,11
213000045,36,180,-144
213000046,49,109,-60
213000047,242,530,-288
213000056,25,5,20
213000069,27,1,26
213000073,0,6,-6
213000074,102,230,-128
213000075,260,0,260
213000076,3,0,3
213000085,4,16,-12
213000086,3,197,-194
213000091,15,1,14
213000092,10,4,6
213000099,87,735,-648
213000100,882,126,756
213000101,31,129,-98
213000102,100,414,-314
213000103,429,601,-172
213000104,23,333,-310
213000105,0,22,-22
213000106,3,124,-121
213000107,42,429,-387
213000108,1,100,-99
213000109,2,334,-332
213000110,2,119,-117
213000111,0,26,-26
213000112,54,23,31
213000115,16,3,13
213000116,52,511,-459
213000117,9,597,-588
213000118,154,216,-62
213000119,16,435,-419
213000120,44,325,-281
213000122,109,838,-729
213000123,540,955,-415
213000124,52,1243,-1191
213000125,88,3,85
213000126,18,65,-47
213000127,136,93,43
213000128,531,365,166
213000129,310,188,122
213000130,151,71,80
213000132,79,49,30
213000133,61,66,-5
213000134,359,25,334
213000136,145,16,129
213000137,269,56,213
213000139,245,10,235
213000147,6,0,6
213000148,2,3,-1
213000149,8,5,3
213000150,0,45,-45
213000151,0,43,-43
213000152,3,42,-39
213000153,0,15,-15
213000154,11,262,-251
213000155,20,303,-283
213000156,41,560,-519
213000157,529,527,2
213000158,143,375,-232
213000159,220,398,-178
213000163,223,89,134
213000165,359,76,283
213000171,14,183,-169
213000172,39,307,-268
213000173,4,131,-127
213000174,1,65,-64
213000175,5,73,-68
213000176,3,75,-72
213000177,4,11,-7
213000178,6,24,-18
213000179,87,30,57
213000180,53,62,-9
213000184,21,49,-28
213000188,125,76,49
213000189,96,19,77
213000190,567,443,124
213000191,71,402,-331
213000192,51,465,-414
213000193,1373,258,1115
213000194,1,10,-9
213000195,10,504,-494
213000196,72,589,-517
213000197,179,133,46
213000198,6,0,6
213000200,76,1229,-1153
213000201,161,107,54
213000202,10,713,-703
213000203,1743,212,1531
213000204,355,13,342
213000205,63,5,58
213000206,89,18,71
213000207,33,6,27
213000208,12,0,12
213000209,18,2,16
213000210,104,1,103
213000211,1,4,-3
213000212,4,7,-3
213000213,2,18,-16
213000218,82,697,-615
213000219,413,9,404
213000220,249,6,243
213000223,122,74,48
213000224,3,21,-18
213000225,13,1,12
213000226,12,3,9
213000227,333,133,200
213000228,52,85,-33
213000229,340,30,310
213000230,198,18,180
213000232,42,322,-280
213000233,2,11,-9
213000234,1,22,-21
213000293,2,48,-46
213000294,29,4,25
213000295,0,60,-60
213000296,43,15,28
213000297,8,61,-53
213000298,4,55,-51
213000299,36,36,0
213000300,11,4,7
213000303,3,28,-25
213000304,2,5,-3
213000305,1,17,-16
213000306,25,18,7
213000307,53,82,-29
213000308,42,216,-174
213000309,44,50,-6
213000310,146,94,52
213000311,372,548,-176
213000315,25,93,-68
213000316,23,45,-22
213000322,4,26,-22
213000323,24,48,-24
213000340,86,1143,-1057
213000341,118,83,35
213000346,117,24,93
213000347,700,49,651
213000348,1,119,-118
213000349,32,5,27
213000350,257,1349,-1092
213000366,21,188,-167
213000367,89,20,69
213000379,74,142,-68
213000386,7,153,-146
213000406,72,282,-210
213000417,438,171,267
213000425,28,56,-28
213000426,60,46,14
213000427,15,249,-234
213000428,6,196,-190
213000429,11,4,7
213000430,58,667,-609
213000431,45,2,43
213000432,0,3,-3
213000433,12,69,-57
213000434,26,48,-22
213000435,63,93,-30
213000439,21,12,9
213000441,0,0,0
213000443,200,175,25
213000445,0,89,-89
213000446,0,1,-1
213000447,2,14,-12
213000448,2,52,-50
213000449,37,2,35
213000450,12,23,-11
213000451,46,64,-18
213000452,3,14,-11
213000453,19,197,-178
213000455,185,15,170
213000456,2,181,-179
213000481,17,6,11
213000482,76,1,75
213000489,307,19,288
213000491,0,51,-51
213000492,27,0,27
213000493,0,17,-17
213000494,37,95,-58
213000495,0,140,-140
213000496,116,103,13
213000497,74,267,-193
213000498,15,189,-174
213000499,35,387,-352
213000500,73,63,10
213000501,29,37,-8
213000502,69,18,51
213000504,21,291,-270
213000505,2,13,-11
213000506,0,2,-2
213000507,35,237,-202
213900244,6,0,6
213900245,0,26,-26
218000003,7,14,-7
218000004,6,17,-11
218000005,19,23,-4
218000006,22,40,-18
218000007,10,19,-9
218000012,241,137,104
218000013,82,144,-62
218000014,497,343,154
218000019,797,307,490
218000020,318,287,31
218000040,9,2,7
218000046,9,216,-207
218000047,4,220,-216
218000048,24,258,-234
218000049,82,158,-76
218000050,140,320,-180
218000051,30,361,-331
218000052,2,93,-91
218000053,1,13,-12
218000054,22,21,1
218000055,0,10,-10
218000056,3,20,-17
218000057,1,35,-34
218000064,0,5,-5
218000065,10,47,-37
218000066,5,47,-42
218000067,23,93,-70
218000068,42,104,-62
218000069,62,208,-146
218000070,138,277,-139
218000071,136,287,-151
218000072,222,220,2
218000078,384,1037,-653
218000079,15,33,-18
218000080,56,85,-29
218000081,123,210,-87
218000082,20,126,-106
218000083,23,60,-37
218000084,36,132,-96
218000085,86,376,-290
218000086,14,137,-123
218000087,108,187,-79
218000090,2,47,-45
218000091,506,306,200
218000092,15,119,-104
218000093,53,78,-25
218000094,281,866,-585
218000099,229,330,-101
218000100,197,296,-99
218000101,169,154,15
218000102,106,320,-214
218000103,30,189,-159
218000104,22,61,-39
218000105,25,4,21
218000106,11,6,5
218000107,21,138,-117
218000108,2,62,-60
218000112,25,4,21
218000117,12,30,-18
218000134,190,699,-509
218000135,19,44,-25
218000136,88,28,60
218000137,61,144,-83
218000138,8,81,-73
218000139,42,270,-228
218000140,68,151,-83
218000141,12,34,-22
218000142,57,99,-42
218000143,10,153,-143
218000144,14,35,-21
218000145,133,345,-212
218000146,25,116,-91
218000151,16,6,10
218000152,30,54,-24
218000170,0,19,-19
218000171,13,8,5
218000172,8,8,0
218000173,22,10,12
218000174,3,3,0
218000176,46,10,36
218000177,168,40,128
218000178,60,39,21
218000179,44,29,15
218000180,40,9,31
218000181,52,22,30
218000187,16,9,7
218000188,17,26,-9
218000189,7,35,-28
218000190,0,3,-3
218000191,35,121,-86
218000192,89,410,-321
218000193,221,460,-239
218000194,34,368,-334
218000195,64,82,-18
218000196,135,209,-74
218000197,102,294,-192
218000198,5,132,-127
218000199,3,24,-21
218000200,22,32,-10
218000201,8,16,-8
218000202,124,142,-18
218000207,13,25,-12
218000208,9,38,-29
218000211,11,7,4
218000213,55,42,13
218000214,2,6,-4
218000215,27,105,-78
218000217,1,71,-70
218000218,126,43,83
218000219,19,11,8
218000220,38,190,-152
218000221,311,151,160
218000222,23,16,7
218000223,34,108,-74
218000224,4,28,-24
218000225,154,14,140
218000226,32,25,7
218000232,38,65,-27
218000239,25,0,25
218000240,1,1,0
218000241,3,0,3
218000242,1,3,-2
218000243,3,0,3
218000244,2,0,2
218000245,2,1,1
218000246,0,0,0
218000247,0,0,0
218000248,0,13,-13
218000249,0,2,-2
218000250,2,12,-10
218000251,1,31,-30
218000252,1,24,-23
218000253,0,14,-14
218000254,0,28,-28
218000255,0,11,-11
218000256,2,45,-43
218000267,899,1117,-218
218000268,2,51,-49
218000269,4,8,-4
218000270,28,72,-44
218000271,49,64,-15
218000273,5,8,-3
218000274,10,4,6
218000275,6,22,-16
218000276,3,34,-31
218000278,7,25,-18
218000279,19,114,-95
218000280,6,64,-58
218000281,2,15,-13
218000282,334,203,131
218000284,85,13,72
218000301,14,84,-70
218000302,34,27,7
218000303,5,39,-34
218000316,686,1130,-444
218000317,403,1314,-911
218000318,173,914,-741
218000319,554,1388,-834
218000320,494,751,-257
218000338,4,19,-15
218000345,176,57,119
218000346,51,82,-31
218000459,33,201,-168
218000490,3,40,-37
218000501,17,20,-3
218000502,16,153,-137
218000503,28,15,13
218000504,92,6,86
218000505,23,224,-201
218000506,32,127,-95
218000508,1,0,1
218000510,139,7,132
218000520,48,91,-43
218000521,6,75,-69
218000522,0,109,-109
218000523,21,21,0
218000524,32,17,15
218000525,11,3,8
218000526,46,71,-25
218000529,20,226,-206
218000531,4,22,-18
218000532,9,26,-17
218000534,36,18,18
218000537,26,50,-24
218000538,59,139,-80
218000540,193,89,104
218000543,65,51,14
218000544,31,123,-92
218000545,10,44,-34
218000546,31,91,-60
218000547,77,67,10
218000548,76,161,-85
218000549,374,95,279
218000550,358,489,-131
218000551,231,231,0
218000552,565,24,541
218000553,8,61,-53
218000554,12,21,-9
218000555,18,43,-25
218000556,66,416,-350
218000557,111,143,-32
218000558,15,2,13
218000559,0,4,-4
218000560,0,7,-7
218000561,17,0,17
218000562,7,82,-75
218000563,62,18,44
218000564,0,113,-113
218000565,205,14,191
218000566,166,12,154
218000568,4,1,3
218000569,4,47,-43
218000570,41,5,36
218000571,0,61,-61
218000572,15,1,14
218000573,14,231,-217
218000574,177,62,115
218000575,33,0,33
218000576,0,26,-26
218000577,16,0,16
218000578,1,53,-52
218000579,28,0,28
218000581,1,34,-33
218000582,2,0,2
218000583,0,0,0
218000584,0,15,-15
218000585,4,1,3
218000586,1,81,-80
218000587,0,2,-2
218000588,0,1,-1
218000589,0,0,0
218000590,0,0,0
218000591,0,1,-1
218000592,0,0,0
218000593,0,0,0
218000594,0,0,0
218000597,1,0,1
218000598,0,0,0
218000599,0,0,0
218000600,0,0,0
218000601,1,0,1
218000602,0,0,0
218000603,0,1,-1
218000604,4,1,3
218000605,1,6,-5
218000606,4,0,4
218000607,8,23,-15
218000608,3,12,-9
218000609,0,40,-40
218000610,13,2,11
218000611,17,0,17
218000612,1,37,-36
218000613,10,1,9
218000614,0,32,-32
218000615,22,0,22
218000616,0,125,-125
218000617,0,0,0
218000618,0,11,-11
218000619,3,2,1
218000620,0,17,-17
218000621,0,1,-1
218000622,0,1,-1
218000623,0,0,0
218000624,0,7,-7
218000625,9,0,9
218000626,0,2,-2
218000628,33,40,-7
218000631,5,18,-13
218000632,1,131,-130
218000633,27,0,27
218000634,1,20,-19
218000635,1,1,0
218000636,438,1272,-834
218000637,362,644,-282
218000638,38,39,-1
218000639,9,188,-179
218000640,62,16,46
218000641,30,293,-263
218000652,86,111,-25
218000653,91,44,47
218000663,13,127,-114
218000675,15,54,-39
218000680,192,591,-399
218000681,260,90,170
218000691,74,441,-367
218000693,92,119,-27
218000718,793,200,593
218000719,990,41,949
218000720,8,77,-69
218000721,28,8,20
218001147,6,408,-402
218001214,7,16,-9
218001258,80,1,79
218001329,130,92,38
218001330,91,100,-9
218001351,18,16,2
218001352,1,18,-17
218001353,7,9,-2
218001354,2,36,-34
218001355,26,404,-378
218001356,105,10,95
218001357,13,282,-269
218001358,109,5,104
218001361,84,9,75
218001362,0,474,-474
219000001,21,58,-37
219000002,30,69,-39
219000003,31,27,4
219000004,56,42,14
219000017,36,18,18
219000020,59,6,53
219000022,111,3,108
219000023,52,1,51
219000029,0,76,-76
219000034,10,5,5
219000039,26,61,-35
219000040,16,17,-1
219000041,126,38,88
219000051,1,31,-30
219000052,0,14,-14
219000053,1,314,-313
219000055,41,1,40
219000056,1,0,1
219000057,35,0,35
219000062,10,224,-214
219000063,32,6,26
219000064,5,24,-19
219000110,180,51,129
219000111,117,28,89
219000112,149,60,89
219000113,109,37,72
219000114,509,23,486
219000116,42,34,8
219000117,92,140,-48
219000118,51,48,3
219000123,198,89,109
219000124,37,52,-15
219000125,15,24,-9
219000126,57,132,-75
219000127,2,1,1
219000128,29,79,-50
219000129,27,163,-136
219000130,932,626,306
219000131,908,737,171
219000133,20,27,-7
219000134,10,27,-17
219000135,29,43,-14
219000136,87,132,-45
219000138,34,17,17
219000139,11,78,-67
219000140,18,0,18
219000141,18,132,-114
219000142,5,99,-94
219000143,13,128,-115
219000145,8,35,-27
219000146,2,54,-52
219000147,0,58,-58
219000148,0,76,-76
219000149,28,236,-208
219000150,6,139,-133
219000151,4,118,-114
219000157,276,200,76
219000158,94,225,-131
219000161,114,15,99
219000163,1293,448,845
219000166,54,210,-156
219000167,88,245,-157
219000168,583,118,465
219000174,184,54,130
219000175,32,2,30
219000176,23,2,21
219000177,3,4,-1
219000178,13,5,8
219000179,5,3,2
219000180,23,21,2
219000182,52,9,43
219000183,11,31,-20
219000184,33,4,29
219000185,0,108,-108
219000186,4,60,-56
219000187,25,173,-148
219000189,151,125,26
219000190,109,147,-38
219000191,1412,591,821
219000192,110,96,14
219000193,588,160,428
219000195,2,69,-67
219000196,5,169,-164
219000198,28,211,-183
219000199,112,191,-79
219000200,27,281,-254
219000201,80,252,-172
219000203,6,93,-87
219000204,138,173,-35
219000205,60,192,-132
219000207,451,209,242
219000209,32,99,-67
219000210,40,121,-81
219000213,3,267,-264
219000239,83,199,-116
219000240,120,261,-141
219000241,36,214,-178
219000242,78,196,-118
219000243,27,292,-265
219000244,2,118,-116
219000245,31,36,-5
219000246,23,10,13
219000247,51,21,30
219000248,312,150,162
219000249,84,48,36
219000250,37,38,-1
219000251,248,57,191
219000252,93,76,17
219000253,56,15,41
219000255,62,54,8
219000256,63,60,3
219000257,57,1,56
219000262,69,253,-184
219000263,58,224,-166
219000267,1,165,-164
219000268,2,16,-14
219000269,4,0,4
219000270,0,0,0
219000271,42,2,40
219000278,0,18,-18
219000279,2,1,1
219000283,0,13,-13
219000295,9,85,-76
219000296,42,568,-526
219000297,13,207,-194
219000298,10,309,-299
219000299,306,32,274
219000300,29,336,-307
219000301,177,314,-137
219000302,20,200,-180
219000307,31,62,-31
219000308,52,20,32
219000311,89,30,59
219000312,188,41,147
219000313,93,29,64
219000314,85,601,-516
219000315,48,21,27
219000316,114,15,99
219000317,13,2,11
219000320,0,41,-41
219000321,0,13,-13
219000323,11,89,-78
219000325,0,46,-46
219000326,68,113,-45
219000327,48,56,-8
219000328,19,38,-19
219000329,206,97,109
219000330,49,16,33
219000331,22,33,-11
219000332,34,54,-20
219000333,2,6,-4
219000335,19,4,15
219000337,6,1,5
219000338,19,2,17
219000344,18,125,-107
219000345,80,145,-65
219000346,41,183,-142
219000348,59,154,-95
219000349,26,285,-259
219000350,38,69,-31
219000351,1,2,-1
219000352,147,54,93
219000353,86,50,36
219000354,77,117,-40
219000355,55,57,-2
219000356,1301,263,1038
219000363,208,24,184
219000364,53,12,41
219000365,59,5,54
219000366,249,93,156
219000368,325,327,-2
219000370,801,152,649
219000371,10,10,0
219000382,3,13,-10
219000383,732,473,259
219000385,478,371,107
219000386,947,1020,-73
219000387,2,2,0
219000390,1,0,1
219000391,0,0,0
219000397,128,83,45
219000398,62,24,38
219000401,4,42,-38
219000402,6,55,-49
219000403,23,142,-119
219000404,15,54,-39
219000407,1,18,-17
219000409,14,20,-6
219000410,20,23,-3
219000411,20,10,10
219000446,215,317,-102
219000447,0,17,-17
219000448,20,14,6
219000452,89,56,33
219000453,50,97,-47
219000454,192,174,18
219000556,104,43,61
219000558,64,296,-232
219000590,7,114,-107
219000591,20,29,-9
219000592,63,358,-295
219000595,0,28,-28
219000635,24,17,7
219000636,9,101,-92
219000657,29,16,13
219000658,6,44,-38
219000673,0,7,-7
219000676,0,0,0
219000679,9,18,-9
219000684,25,2,23
219000685,1,89,-88
219000686,2,0,2
219000688,0,119,-119
219000689,58,128,-70
219000690,115,12,103
219000691,86,65,21
219000692,41,26,15
219000693,0,28,-28
219000694,2,0,2
219000695,8,1,7
219000698,4,0,4
219000699,0,10,-10
219000727,3,215,-212
219000728,90,5,85
219000770,10,1,9
219000771,0,18,-18
219000788,265,339,-74
219001150,0,1,-1
219001151,2,5,-3
219001166,39,0,39
219001167,1,61,-60
219001178,9,0,9
220000001,2,29,-27
220000002,5,118,-113
220000003,199,221,-22
220000004,399,448,-49
220000005,1087,1109,-22
220000006,330,925,-595
220000007,189,887,-698
220000008,149,952,-803
220000009,129,686,-557
220000010,60,122,-62
220000011,437,1380,-943
220000012,26,66,-40
220000014,45,75,-30
220000015,32,183,-151
220000017,30,261,-231
220000018,3420,457,2963
220000019,46,207,-161
220000020,82,216,-134
220000021,267,142,125
220000022,311,405,-94
220000023,81,121,-40
220000024,1111,257,854
220000025,326,282,44
220000026,153,101,52
220000027,14,74,-60
220000028,6,22,-16
220000029,1004,554,450
220000030,41,127,-86
220000031,56,277,-221
220000064,8,616,-608
221000046,1,0,1
221000047,0,1,-1
221000048,0,1,-1
221000049,0,6,-6
221000050,3,0,3
221000055,35,41,-6
221000068,164,50,114
221000069,135,31,104
221000070,66,14,52
221000071,25,5,20
221000072,100,12,88
221000073,100,48,52
221000074,2,23,-21
221000075,7,6,1
221000076,11,33,-22
221000077,48,97,-49
221000081,52,5,47
221000082,24,1,23
221000083,29,0,29
221000084,2,3,-1
221000085,12,33,-21
221000086,8,138,-130
221000087,2,191,-189
221000088,17,124,-107
221000089,17,175,-158
221000090,81,277,-196
221000098,109,11,98
221000099,67,15,52
221000100,47,6,41
221000101,344,7,337
221000103,9,29,-20
221000104,4,74,-70
221000107,19,5,14
221000108,21,3,18
221000111,10,207,-197
221000112,5,106,-101
221000113,8,145,-137
221000114,8,186,-178
221000120,11,24,-13
221000121,0,16,-16
221000122,4,18,-14
221000123,12,42,-30
221000124,17,281,-264
221000155,39,3,36
221000156,27,23,4
221000175,0,6,-6
221000176,0,3,-3
221000182,22,7,15
221000241,391,125,266
221000242,195,258,-63
221000243,251,94,157
221000244,127,316,-189
221000245,31,73,-42
221000246,14,191,-177
221000247,14,99,-85
221000248,25,169,-144
221000267,44,526,-482
221000325,64,24,40
221000331,0,46,-46
221000338,0,2,-2
221000378,94,23,71
221000381,71,131,-60
222000282,2,0,2
222000296,1,13,-12
222000568,94,7,87
222000569,78,13,65
222000570,46,2,44
222000571,48,0,48
222000577,1,255,-254
222000578,3,134,-131
222000579,21,89,-68
222000580,88,666,-578
222000599,0,126,-126
222000600,1,249,-248
222000601,5,801,-796
222000603,0,19,-19
222000604,1,19,-18
222000605,2,3,-1
222000606,0,8,-8
222000607,0,3,-3
222000608,0,12,-12
222000609,19,343,-324
222000616,71,29,42
222000617,0,4,-4
222000618,0,1,-1
222000620,3,3,0
222000621,5,9,-4
222000623,325,2,323
222000624,140,1,139
222000625,161,31,130
222000636,38,1,37
222000686,3,7,-4
222000687,16,30,-14
222001066,62,1,61
222001067,4,4,0
222001068,8,11,-3
222001069,6,9,-3
222001082,1,40,-39
222001083,4,47,-43
222001084,0,45,-45
222001085,0,52,-52
222001111,5,169,-164
222001112,10,11,-1
222001313,1,5,-4
222001314,3,59,-56
222001464,46,45,1
222001465,7,221,-214
222001484,35,36,-1
222001485,13,97,-84
222001494,54,88,-34
222001495,67,442,-375
222001496,123,60,63
222001497,117,609,-492
222001503,6,7,-1
222001504,16,198,-182
222001505,12,1,11
222001506,23,249,-226
222001507,36,4,32
222001510,41,6,35
222001514,130,26,104
222001518,12,4,8
222001519,74,395,-321
222001527,38,7,31
222001529,13,3,10
222001530,31,235,-204
222001533,183,473,-290
222001534,7,8,-1
222001535,64,75,-11
222001536,81,418,-337
222001537,33,4,29
222001538,125,919,-794
222001563,41,22,19
222001564,23,516,-493
222001568,74,125,-51
222001576,0,0,0
222001579,0,0,0
222001583,17,250,-233
222001584,24,20,4
222001596,373,1834,-1461
222001597,558,121,437
222001626,1,194,-193
222001650,26,58,-32
222001651,19,60,-41
222001914,38,18,20
222001915,110,326,-216
222001968,309,135,174
222001969,498,806,-308
222001970,30,150,-120
222001971,5,5,0
222001972,2,10,-8
225000001,376,59,317
225000002,171,42,129
225000003,178,53,125
225000004,109,139,-30
225000005,21,14,7
225000006,1,100,-99
225000007,2723,769,1954
225000010,38,2,36
225000011,292,377,-85
225000012,72,222,-150
225000013,39,64,-25
225000014,296,31,265
225000015,91,175,-84
225000021,284,74,210
225000027,201,427,-226
225000032,339,49,290
225000042,54,586,-532
225000049,35,54,-19
225000050,27,7,20
225000053,5,114,-109
225000058,255,84,171
225000067,57,204,-147
225000068,63,364,-301
225000069,220,373,-153
225000070,49,422,-373
225000071,7,251,-244
225000075,20,613,-593
225000076,95,114,-19
225000078,24,19,5
225000085,10,52,-42
225000086,39,26,13
225000087,122,5,117
225000088,5,126,-121
225000089,403,395,8
225000090,19,308,-289
225000091,35,219,-184
225000092,12,66,-54
225000093,75,323,-248
225000094,13,365,-352
225000095,208,457,-249
225000096,53,299,-246
225000098,206,124,82
225000099,96,54,42
225000100,93,54,39
225000104,24,314,-290
225000110,9,335,-326
225000111,115,806,-691
225000112,133,761,-628
225000113,58,503,-445
225000114,26,248,-222
225000115,2103,251,1852
225000116,884,32,852
225000117,426,172,254
225000118,299,100,199
225000119,53,47,6
225000120,167,16,151
225000121,141,16,125
225000123,622,5,617
225000125,105,203,-98
225000126,720,150,570
225000127,804,322,482
225000128,147,284,-137
225000132,91,17,74
225000133,131,21,110
225000134,320,36,284
225000135,4,2,2
225000136,59,11,48
225000137,45,46,-1
225000138,149,12,137
225000143,54,163,-109
225000144,0,302,-302
225000145,18,33,-15
225000146,28,111,-83
225000147,6,373,-367
225000148,2,188,-186
225000149,37,357,-320
225000151,39,230,-191
225000155,130,244,-114
225000156,103,381,-278
225000157,91,241,-150
225000158,49,362,-313
225000171,3,149,-146
225000180,7,0,7
225000181,0,38,-38
225000182,19,2,17
225000185,7,197,-190
225000187,52,296,-244
225000191,6,1,5
225000194,0,10,-10
225000208,0,59,-59
225000209,16,13,3
225000210,2,110,-108
225000217,0,30,-30
225000218,1,0,1
225000223,0,60,-60
225000224,28,0,28
225000225,0,12,-12
225000226,12,0,12
225000227,23,54,-31
225000228,6,3,3
225000229,1,70,-69
225000230,1,0,1
225000231,0,96,-96
225000232,19,2,17
225000241,27,0,27
225000242,1,73,-72
225000249,2,0,2
225000250,22,757,-735
225000251,170,9,161
226000042,149,161,-12
226000043,129,281,-152
226000044,71,478,-407
226000045,98,715,-617
226000046,178,32,146
226000047,134,43,91
226000048,234,26,208
226000049,148,47,101
226000070,0,29,-29
226000071,0,46,-46
226000072,0,26,-26
226000073,0,5,-5
226000074,0,3,-3
226000084,0,16,-16
226000085,1,16,-15
226000086,3,1,2
226000087,3,16,-13
226000088,4,5,-1
226000090,57,28,29
226000091,2,9,-7
226000092,1,0,1
226000093,10,0,10
226000094,7,0,7
226000095,2,7,-5
226000105,1,0,1
226000106,4,1,3
226000107,3,0,3
226000108,13,0,13
226000109,29,0,29
226000124,58,37,21
226000134,248,254,-6
226000135,619,418,201
226000136,157,190,-33
226000137,1,185,-184
226000138,15,281,-266
226000139,1,54,-53
226000156,28,1,27
226000157,78,4,74
226000163,94,285,-191
226000202,5,450,-445
226000231,103,2,101
226000232,14,11,3
227000033,193,28,165
227000036,7,1,6
227000037,79,4,75
227000038,82,11,71
227000049,2,12,-10
227000050,0,72,-72
227000055,11,0,11
227000056,4,1,3
227000084,2,37,-35
227000085,0,27,-27
227000088,26,0,26
227000089,61,1,60
227000090,36,0,36
227000091,5,0,5
227000093,14,0,14
227000094,1,1,0
227000130,33,66,-33
227000131,13,297,-284
227000132,20,257,-237
227000133,11,234,-223
227000134,13,372,-359
227000152,0,0,0
227000153,0,54,-54
227000155,0,16,-16
227000156,0,16,-16
227000165,1,21,-20
227000196,92,403,-311
227000199,110,277,-167
227000230,21,282,-261
227000232,166,15,151
227000241,137,9,128
227000242,34,374,-340
227000243,321,41,280
227000245,9,373,-364
227000246,51,372,-321
227000247,141,58,83
227000248,68,23,45
227000249,20,230,-210
227000250,339,130,209
227000251,132,391,-259
227000252,8,371,-363
227000253,36,27,9
227000262,172,16,156
227000266,266,16,250
227000267,52,1383,-1331
227000282,1,39,-38
227000284,23,6,17
227000286,0,17,-17
227000287,3,28,-25
227000291,1,100,-99
227000484,71,5,66
227000485,1,115,-114
227000655,47,18,29
227000656,97,3,94
227000657,21,5,16
227000661,126,5,121
227000680,31,6,25
229000265,6,15,-9
229000296,3,13,-10
229000297,2,21,-19
229000298,6,44,-38
229000320,5,3,2
229000321,3,3,0
229000412,6,18,-12
229000414,6,26,-20
229000415,0,0,0
229000416,0,2,-2
229000417,0,18,-18
229000419,54,103,-49
229000440,69,47,22
229000442,4,1,3
229000443,0,1,-1
229000444,2,17,-15
229000445,0,4,-4
229000446,8,5,3
229000847,8,0,8
229000848,3,0,3
229000849,32,0,32
229000851,3,0,3
229000854,0,45,-45
229000856,2,112,-110
229000857,0,24,-24
229000858,1,117,-116
229000919,3,73,-70
229000930,4,214,-210
229000937,58,18,40
229000966,31,16,15
229000981,15,56,-41
229000985,1,7,-6
229000986,0,2,-2
229000987,0,0,0
229000988,3,2,1
229000989,1,3,-2
229000990,0,0,0
229000991,0,0,0
229000992,5,0,5
229000993,92,4,88
229000998,20,18,2
229000999,52,9,43
229001034,1,7,-6
229001035,0,0,0
229001037,20,18,2
229001042,4,2,2
229001047,0,22,-22
229001050,14,14,0
229001200,0,0,0
229001338,0,8,-8
229001394,235,3,232
229001422,110,22,88
229001423,23,184,-161
229001431,39,33,6
229001432,49,72,-23
229001444,25,40,-15
229001445,5,124,-119
229001503,77,68,9
229001504,71,184,-113
229001505,80,52,28
229001506,28,213,-185
229001509,9,17,-8
229001545,33,6,27
229001546,4,98,-94
229001553,20,6,14
229001554,8,114,-106
229001559,0,11,-11
229001560,1,8,-7
229001630,22,2,20
229001631,3,17,-14
229001635,0,4,-4
229001636,0,0,0
229001658,0,85,-85
229001659,109,4,105
229001660,2,1,1
229001661,0,2,-2
229001662,34,0,34
229001663,0,9,-9
229002584,34,60,-26
229002831,53,36,17
229002841,23,34,-11
229002842,57,7,50
229002843,12,3,9
229002844,7,17,-10
229002845,1,45,-44
229002846,1,5,-4
229002847,0,4,-4
229002848,0,3,-3
229002849,0,20,-20
229002850,0,0,0
229002851,42,53,-11
229002852,8,7,1
229002853,19,1,18
229002854,8,11,-3
229002855,2,65,-63
229002856,8,3,5
229002857,1,36,-35
229002858,0,2,-2
229002859,3,22,-19
229002860,4,1,3
229002861,34,6,28
229002862,4,13,-9
229002863,1,14,-13
229002864,0,4,-4
229002865,1,5,-4
229002866,4,7,-3
229002867,1,6,-5
229002868,1,5,-4
229002869,5,76,-71
229002870,6,3,3
235000066,235,102,133
235000067,73,135,-62
235000072,24,27,-3
235000073,86,139,-53
235000074,16,78,-62
235000080,1,58,-57
235000081,56,134,-78
235000082,50,69,-19
235000083,68,57,11
235000084,6,23,-17
235000085,30,9,21
235000089,14,73,-59
235000092,4,106,-102
235000093,0,1,-1
235000097,24,5,19
235000098,45,26,19
235000099,30,30,0
235000116,15,25,-10
235000117,732,13,719
235000133,9,187,-178
235000134,3,55,-52
235000206,2,2,0
235000207,0,2,-2
235000208,0,0,0
235000209,1,4,-3
235000210,1,0,1
235000212,2,8,-6
235000213,2,5,-3
235000220,0,1,-1
235000238,1,20,-19
235000239,0,2,-2
235000242,117,149,-32
235000245,1094,182,912
235000246,7,47,-40
235000284,3,68,-65
235000295,11,5,6
235000305,18,4,14
235000306,20,1,19
235000307,0,1,-1
235000308,2,0,2
235000309,12,2,10
235000310,4,0,4
235000311,24,6,18
235000322,0,35,-35
235000323,1,31,-30
235000324,0,11,-11
235000325,0,16,-16
235000326,3,264,-261
235000351,2,48,-46
235000352,11,32,-21
235000353,3,25,-22
235000354,2,26,-24
235000355,2,34,-32
235000356,2,4,-2
235000357,15,2,13
235000358,8,2,6
235000359,1,0,1
235000360,12,2,10
235000361,11,1,10
235000381,30,347,-317
235000382,72,39,33
235000390,0,2,-2
235000391,41,54,-13
235000392,85,105,-20
235000393,47,40,7
235000395,28,29,-1
235000396,129,21,108
235000400,21,80,-59
235000401,4,170,-166
235000405,60,479,-419
235000406,26,311,-285
235000407,62,141,-79
235000409,331,174,157
235000410,25,180,-155
235000411,0,76,-76
235000485,0,6,-6
235000486,0,0,0
235000549,15,51,-36
235000550,31,116,-85
235000599,21,52,-31
235000600,12,4,8
235000601,11,19,-8
235000602,19,97,-78
235000614,0,0,0
235000648,2,27,-25
235000649,12,1,11
235000685,0,0,0
235000815,1,14,-13
235000834,0,5,-5
235000855,28,22,6
235000862,13,215,-202
235000891,0,6,-6
235000892,12,8,4
235000901,37,62,-25
235000907,4,4,0
235001010,12,42,-30
235001029,567,351,216
235001030,341,104,237
235001078,48,77,-29
235001079,68,117,-49
235001147,17,15,2
235001166,1,45,-44
235001167,6,70,-64
235001169,13,204,-191
235001188,0,9,-9
235001189,0,1,-1
235001197,3,30,-27
235001200,29,14,15
235001207,138,44,94
235001210,19,424,-405
235001215,25,245,-220
235001239,0,32,-32
235001244,0,3,-3
235016267,0,16,-16
277102712,0,0,0
277103813,0,0,0
277103814,0,0,0
277104249,0,5,-5
277104250,0,1,-1
277104251,0,13,-13
277104252,0,0,0
990011530,0,201,-201
990014944,1,436,-435
990015176,4,1,3
990016032,2,258,-256
990032570,0,43,-43
990070001,10,0,10
990070103,0,3,-3
990070601,0,31,-31
990070751,137,48,89
990070766,4,774,-770
990071180,138,81,57
990071343,12,1,11
990071387,0,7,-7
990071823,17,2,15
990072600,5,455,-450
990072964,0,546,-546
990073285,0,3,-3
990074393,2,760,-758
990074870,134,0,134
990075106,101,1,100
990075746,61,0,61
990076437,126,4,122
990076458,1,1364,-1363
997000007,46,7,39
997000041,1,122,-121
997000058,5,0,5
997000062,21,0,21
997000069,0,0,0
997000070,0,29,-29
997000100,1,0,1
997000141,0,80,-80
997000198,290,99,191
998000475,0,17,-17
998000736,0,237,-237
998000965,0,0,0
998001031,0,23,-23
998001700,1,22,-21
998001899,0,1,-1
998001900,8,2,6
998003073,293,2,291
998101900,0,0,0
998102850,0,59,-59
998501927,124,209,-85
998501929,66,2,64
998501930,38,0,38
998501931,64,38,26
998501932,1,0,1
998501933,5,1,4
998501937,33,30,3
998501944,0,0,0
998501950,0,18,-18
998501970,2,0,2
998501971,0,32,-32
998501973,1,43,-42
998501974,1,170,-169
998501975,49,4,45
998501976,20,1,19
998501977,0,17,-17
998501978,15,0,15
998501979,0,7,-7
998501980,113,0,113
998501981,12,1,11
998501982,0,47,-47
998501983,0,0,0
998502006,0,0,0
998502024,0,6,-6
998502032,0,4,-4
998502062,10,0,10
998502063,0,0,0
998502173,24,0,24
998502269,0,5,-5
998502546,0,66,-66
998502578,0,0,0
998502599,29,52,-23
998502621,0,0,0
998601159,1,225,-224
998601292,0,5,-5
999033574,1,678,-677
999800001,3,0,3
999800002,0,3,-3
999800003,0,3,-3
999800004,0,8,-8
999800005,1,18,-17
