ID,insum,outsum,diff
100000001,439,232,207
100000002,1021,462,559
100000003,4100,1078,3022
100000004,1052,370,682
100000005,1119,1382,-263
100000006,179,54,125
100000007,480,234,246
100000008,86,395,-309
100000009,152,87,65
100000010,4,27,-23
100000011,121,35,86
100000012,33,422,-389
100000013,10,126,-116
100000014,197,230,-33
100000015,699,528,171
100000016,598,973,-375
100000017,285,893,-608
100000018,880,384,496
100000019,3892,1026,2866
100000020,928,1382,-454
100000021,4886,1074,3812
100000022,976,405,571
100000023,4617,433,4184
100000025,1760,241,1519
100000028,1159,496,663
100000029,182,128,54
100000030,543,12,531
100000031,2434,2059,375
100000032,2233,1356,877
100000033,495,1097,-602
100000034,502,135,367
100000035,1063,472,591
100000036,1595,652,943
100000037,204,284,-80
100000038,632,538,94
100000039,379,98,281
100000040,74,62,12
100000041,259,202,57
100000042,297,154,143
100000043,209,134,75
100000044,231,520,-289
100000045,297,953,-656
100000046,411,1019,-608
100000047,193,634,-441
100000048,264,478,-214
100000049,1047,1897,-850
100000051,240,820,-580
100000053,11,1,10
100000054,57,15,42
100000055,286,191,95
100000056,173,325,-152
100000057,888,438,450
100000058,457,855,-398
100000059,2,66,-64
100000060,188,192,-4
100000061,747,322,425
100000062,890,312,578
100000063,232,171,61
100000064,380,232,148
100000065,215,841,-626
100000066,144,649,-505
100000067,322,585,-263
100000068,346,1074,-728
100000069,135,1288,-1153
100000072,288,846,-558
100000073,698,941,-243
100000075,289,279,10
100000076,1552,966,586
100000077,434,50,384
100000078,82,5,77
100000079,66,10,56
100000080,7,4,3
100000081,8,15,-7
100000102,1446,656,790
100000103,2259,351,1908
100000104,2854,646,2208
100000105,3475,314,3161
100000106,1498,587,911
100000107,258,133,125
100000108,580,872,-292
100000109,2500,844,1656
100000116,719,293,426
100000117,15,17,-2
100000118,656,386,270
100000119,341,337,4
100000121,121,509,-388
100000122,480,489,-9
100000123,3025,3033,-8
100000124,4968,3027,1941
100000125,1842,583,1259
100000126,479,175,304
100000127,1171,264,907
100000128,697,612,85
100000129,308,298,10
100000130,188,419,-231
100000131,3025,1536,1489
100000132,1074,733,341
100000133,6404,1764,4640
100000135,230,358,-128
100000139,100,193,-93
100000140,73,134,-61
100000142,227,324,-97
100000143,1244,832,412
100000144,2889,1013,1876
100000147,607,1136,-529
100000150,3,348,-345
100000151,252,231,21
100000153,197,112,85
100000154,40,27,13
100000155,0,6,-6
100000156,12,33,-21
100000157,39,154,-115
100000158,37,81,-44
100000159,240,311,-71
100000165,707,529,178
100000169,353,196,157
100000174,1046,271,775
100000179,96,435,-339
100000180,659,601,58
100000181,100,168,-68
100000188,53,226,-173
100000189,350,220,130
100000190,259,183,76
100000191,332,278,54
100000192,32,44,-12
100000193,53,73,-20
100000330,1325,230,1095
100000355,215,323,-108
100000362,3796,2572,1224
100000363,1358,2098,-740
100000364,263,138,125
100000365,1975,3255,-1280
100000366,2948,1793,1155
100000367,1436,2426,-990
100000368,1578,1330,248
100000369,470,584,-114
100000370,40,189,-149
100000376,57,68,-11
100000379,1879,701,1178
100000380,2318,1080,1238
100000384,3787,1135,2652
100000385,4198,1472,2726
100000386,6141,1450,4691
100000387,5257,1513,3744
100000388,8218,1269,6949
100000389,6781,1389,5392
100000390,7887,1278,6609
100000391,4842,1421,3421
100000392,2551,516,2035
100000393,752,554,198
100000394,4012,1406,2606
100000395,1482,526,956
100000396,3345,994,2351
100000397,1566,1004,562
100000398,8450,6378,2072
100000413,6,0,6
100000414,312,105,207
100900002,1,44,-43
100900003,134,47,87
100900004,19,647,-628
100900005,57,3,54
100900006,1,133,-132
100900007,114,3,111
100900008,1,433,-432
100900009,4,16,-12
100900010,13,69,-56
100900011,25,337,-312
100900012,0,207,-207
100900013,153,5,148
100900014,2,2,0
100900015,82,55,27
100900016,0,43,-43
100900017,237,25,212
100900018,0,14,-14
100900019,2,22,-20
100900020,122,1,121
100900021,205,0,205
100900022,3,11,-8
100900023,0,6,-6
100900024,226,2,224
100900025,11,3,8
100900026,7,128,-121
100900027,233,884,-651
100900028,43,62,-19
100900029,75,7,68
100900030,0,10,-10
100900031,76,27,49
100900032,74,0,74
100900033,165,41,124
100900034,146,0,146
100900035,334,3,331
100900036,11,1,10
100900037,10,187,-177
100900038,39,10,29
100900039,110,512,-402
100900040,64,800,-736
100900041,66,823,-757
100900042,172,293,-121
100900043,0,7,-7
100900044,2186,192,1994
100900045,46,1,45
100900046,472,2,470
100900047,467,27,440
100900048,35,2,33
100900049,9,172,-163
100900050,0,9,-9
100900051,18,19,-1
100900052,50,18,32
100900053,80,12,68
100900054,1,70,-69
100900055,74,131,-57
100900056,68,91,-23
100900057,329,210,119
100900058,58,11,47
100900059,5,0,5
100900060,36,9,27
100900061,205,141,64
100900062,1,49,-48
100900063,51,170,-119
100900064,214,5,209
100900065,27,23,4
100900066,13,28,-15
100900067,1,1,0
100900068,9,95,-86
100900069,190,1,189
100900070,37,0,37
100900071,437,150,287
100900072,1,54,-53
100900073,16,379,-363
100900074,0,4,-4
100900075,1955,168,1787
100900076,3,20,-17
100900077,4,95,-91
100900078,53,79,-26
100900079,0,26,-26
100900080,2,96,-94
100900081,4,36,-32
100900082,20,792,-772
100900083,4,22,-18
100900085,1,43,-42
100900086,48,224,-176
100900088,9,683,-674
100900089,0,17,-17
100900090,32,211,-179
100900091,0,9,-9
100900092,28,54,-26
100900093,47,74,-27
100900094,33,589,-556
100900095,1,25,-24
100900096,4,65,-61
100900097,2,7,-5
100900098,4,33,-29
100900099,22,383,-361
100900100,2,141,-139
100900101,341,14,327
100900102,0,6,-6
100900103,0,10,-10
100900104,15,91,-76
100900105,8,26,-18
100900106,33,1,32
100900107,1158,257,901
100900108,0,2,-2
100900109,1,24,-23
100900110,1,15,-14
100900111,53,91,-38
100900112,0,3,-3
100900113,3,26,-23
100900114,0,13,-13
100900115,0,9,-9
100900116,352,205,147
100900117,91,170,-79
100900118,12,43,-31
100900119,9,17,-8
100900120,1,8,-7
100900121,100,110,-10
100900122,55,128,-73
100900123,24,30,-6
100900124,1,5,-4
100900125,9,60,-51
100900126,42,64,-22
100900127,0,6,-6
100900128,43,66,-23
100900129,0,71,-71
100900131,18,68,-50
100900133,19,20,-1
100900134,0,1,-1
100900135,0,66,-66
100900137,216,119,97
100900138,128,75,53
100900139,0,4,-4
100900140,4,650,-646
100900141,0,169,-169
100900142,2,1,1
100900143,639,138,501
100900144,12,4,8
100900145,10,64,-54
100900146,1,7,-6
100900147,2,120,-118
100900148,31,798,-767
100900149,21,49,-28
100900150,3,3,0
100900151,58,441,-383
100900152,49,1,48
100900153,6,81,-75
100900154,18,6,12
100900155,0,1,-1
100900156,14,1,13
100900157,3,58,-55
100900159,0,8,-8
100900160,1,2,-1
100900161,95,1,94
100900162,7,105,-98
100900163,59,144,-85
100900164,6,9,-3
100900165,8,12,-4
100900166,22,3,19
100900167,14,50,-36
100900168,4,47,-43
100900169,150,916,-766
100900170,14,1,13
100900171,10,696,-686
100900172,0,6,-6
100900173,6,459,-453
100900174,112,35,77
100900176,728,21,707
100900177,714,85,629
100900178,57,56,1
100900179,39,10,29
100900180,0,0,0
100900181,40,9,31
100900182,5,8,-3
100900184,0,57,-57
100900186,701,367,334
100900187,7,180,-173
100900188,14,4,10
100900189,404,92,312
100900191,768,313,455
100900192,141,113,28
100900195,40,80,-40
100900197,4,52,-48
100900198,10,140,-130
100900199,4,4,0
100900200,443,271,172
100900201,15,677,-662
100900202,5,0,5
100900203,0,26,-26
100900204,181,59,122
100900205,68,124,-56
100900206,21,9,12
100900207,104,26,78
100900210,39,447,-408
100900211,97,26,71
100900213,7,26,-19
100900214,549,39,510
100900215,0,8,-8
100900217,74,16,58
101000001,2837,1482,1355
101000002,2226,1734,492
101000003,439,985,-546
101000004,6790,4283,2507
101000005,3293,2873,420
101000006,5579,3772,1807
101000007,1380,1646,-266
101000009,801,1898,-1097
101000010,513,1118,-605
101000011,1432,329,1103
101000012,1368,193,1175
101000013,356,333,23
101000014,324,355,-31
101000015,622,626,-4
101000016,283,162,121
101000017,316,310,6
101000018,3564,1710,1854
101000020,3484,617,2867
101000021,744,147,597
101000022,11,0,11
101000023,1399,474,925
101000025,73,216,-143
101000026,308,36,272
101000027,862,903,-41
101000028,526,85,441
101000029,7,333,-326
101000030,380,37,343
101000031,147,55,92
101000032,3278,1286,1992
101000033,1855,995,860
101000034,1982,500,1482
101000035,870,112,758
101000036,1099,206,893
101000037,3735,691,3044
101000039,2482,430,2052
101000040,2934,1375,1559
101000041,5797,1548,4249
101000042,275,245,30
101000043,4201,1170,3031
101000045,637,179,458
101000046,1079,481,598
101000047,658,596,62
101000048,387,533,-146
101000049,399,419,-20
101000050,1042,308,734
101000051,1398,534,864
101000052,1344,260,1084
101000053,753,841,-88
101000054,1251,775,476
101000055,1264,523,741
101000056,34,21,13
101000057,1730,244,1486
101000058,1426,353,1073
101000059,2209,847,1362
101000060,1471,111,1360
101000061,888,356,532
101000062,1252,140,1112
101000063,379,98,281
101000064,1251,181,1070
101000065,106,198,-92
101000066,146,164,-18
101000067,670,215,455
101000068,263,146,117
101000069,231,25,206
101000070,1142,426,716
101000071,1279,398,881
101000072,494,1794,-1300
101000073,273,334,-61
101000074,2379,1220,1159
101000075,4696,2006,2690
101000077,621,788,-167
101000078,686,1150,-464
101000079,274,487,-213
101000080,396,408,-12
101000081,763,695,68
101000082,2475,1844,631
101000083,997,897,100
101000084,872,1046,-174
101000085,1039,689,350
101000086,1109,813,296
101000087,642,1040,-398
101000088,523,563,-40
101000089,604,730,-126
101000090,1783,1162,621
101000091,289,1639,-1350
101000092,499,816,-317
101000093,866,482,384
101000094,362,795,-433
101000095,135,684,-549
101000096,168,454,-286
101000097,122,219,-97
101000098,293,405,-112
101000099,783,942,-159
101000100,684,366,318
101000101,254,185,69
101000102,635,157,478
101000103,619,285,334
101000104,213,216,-3
101000105,901,119,782
101000106,364,524,-160
101000107,91,169,-78
101000108,1032,222,810
101000109,96,47,49
101000110,12,504,-492
101000111,42,116,-74
101000113,72,243,-171
101000114,1547,798,749
101000115,40,114,-74
101000116,17,33,-16
101000117,100,220,-120
101000119,109,13,96
101000120,106,5,101
101000121,60,1,59
101000122,45,18,27
101000123,39,20,19
101000124,146,264,-118
101000125,100,255,-155
101000128,518,237,281
101000130,155,130,25
101000131,330,523,-193
101000132,204,1440,-1236
101000135,34,9,25
101000136,105,29,76
101000137,25,88,-63
101000141,1507,830,677
101000147,663,527,136
101000148,1774,12,1762
101000149,71,22,49
101000150,11,874,-863
101000151,27,84,-57
101000152,291,226,65
101000153,448,321,127
101000154,71,1379,-1308
101000155,82,64,18
101000156,7,255,-248
101000157,21,10,11
101000160,16,58,-42
101000163,40,42,-2
101000164,429,254,175
101000165,168,206,-38
101000166,151,301,-150
101000168,515,198,317
101000252,815,473,342
101000254,210,12,198
101000258,56,7,49
101000261,101,92,9
101000262,443,718,-275
101000263,76,316,-240
101000265,12,300,-288
101000266,141,113,28
101000269,98,7,91
101000290,797,963,-166
101000293,10,100,-90
101000294,333,478,-145
101000295,130,302,-172
101000301,586,97,489
101000304,1274,1794,-520
101000305,1744,1240,504
101000328,73,266,-193
101900001,9,60,-51
101900002,0,19,-19
101900003,55,35,20
101900004,0,10,-10
101900005,3982,407,3575
101900006,670,91,579
101900007,231,23,208
101900008,64,94,-30
101900009,18,167,-149
101900010,680,257,423
101900011,110,390,-280
101900012,60,95,-35
101900013,690,16,674
101900017,3,31,-28
101900018,1824,69,1755
101900019,76,24,52
101900020,87,68,19
101900021,0,11,-11
101900022,15,1192,-1177
101900023,18,234,-216
101900026,51,17,34
101900027,4,86,-82
102000001,1308,2697,-1389
102000002,2029,882,1147
102000003,2765,2286,479
102000004,6190,1388,4802
102000005,1193,1216,-23
102000006,1742,766,976
102000007,1159,2334,-1175
102000008,5121,1061,4060
102000009,3842,4997,-1155
102000010,4506,1902,2604
102000011,1578,1675,-97
102000012,2534,2669,-135
102000018,2269,1418,851
102000019,2180,892,1288
102000026,141,252,-111
102000029,483,157,326
102000030,51,135,-84
102000031,21,157,-136
102000032,110,228,-118
102000033,81,370,-289
102000034,171,253,-82
102000035,572,350,222
102000036,0,114,-114
102000037,67,44,23
102000038,115,59,56
102000039,113,32,81
102000040,399,54,345
102000041,67,124,-57
102000042,67,44,23
102000043,111,111,0
102000044,155,343,-188
102000045,452,802,-350
102000046,539,256,283
102000047,428,832,-404
102000048,100,503,-403
102000049,585,460,125
102000050,581,782,-201
102000051,193,345,-152
102000052,725,583,142
102000053,421,483,-62
102000054,186,684,-498
102000055,356,917,-561
102000056,343,912,-569
102000057,773,399,374
102000058,693,1507,-814
102000059,1230,1019,211
102000060,796,609,187
102000061,607,2154,-1547
102000062,485,836,-351
102000063,761,1042,-281
102000064,373,466,-93
102000065,23,94,-71
102000066,771,832,-61
102000067,1399,1771,-372
102000068,7174,2161,5013
102000069,25,1160,-1135
102000070,1794,50,1744
102000071,5344,6977,-1633
102000072,2690,3735,-1045
102000073,185,588,-403
102000074,191,661,-470
102000075,51,270,-219
102000076,153,403,-250
102000077,155,1243,-1088
102000078,345,731,-386
102000079,35,251,-216
102000080,116,139,-23
102000081,188,713,-525
102000082,512,211,301
102000083,151,577,-426
102000084,85,430,-345
102000085,963,1040,-77
102000086,611,703,-92
102000087,382,1719,-1337
102000088,167,212,-45
102000089,538,410,128
102000090,284,984,-700
102000091,1037,408,629
102000092,322,527,-205
102000093,546,444,102
102000094,788,313,475
102000095,497,541,-44
102000096,608,352,256
102000097,698,481,217
102000098,377,563,-186
102000099,462,281,181
102000100,716,315,401
102000101,675,161,514
102000102,182,1313,-1131
102000103,717,196,521
102000104,774,267,507
102000105,54,781,-727
102000106,368,731,-363
102000107,397,416,-19
102000108,265,187,78
102000109,166,388,-222
102000110,355,1436,-1081
102000111,10,271,-261
102000112,63,76,-13
102000113,2,8,-6
102000114,772,171,601
102000115,113,101,12
102000116,404,177,227
102000117,145,351,-206
102000118,1758,752,1006
102000119,2490,329,2161
102000120,53,289,-236
102000121,634,377,257
102000122,210,438,-228
102000123,917,578,339
102000124,467,548,-81
102000125,715,397,318
102000126,355,392,-37
102000127,633,386,247
102000128,295,765,-470
102000129,609,633,-24
102000130,227,423,-196
102000131,483,329,154
102000132,214,234,-20
102000133,743,2317,-1574
102000134,257,427,-170
102000135,1148,386,762
102000136,797,197,600
102000137,488,416,72
102000138,104,283,-179
102000139,16,220,-204
102000140,158,130,28
102000141,96,496,-400
102000142,65,277,-212
102000143,23,381,-358
102000144,46,400,-354
102000145,95,318,-223
102000146,90,198,-108
102000147,138,157,-19
102000148,120,131,-11
102000149,68,541,-473
102000150,69,147,-78
102000151,67,280,-213
102000152,105,79,26
102000153,532,153,379
102000154,292,427,-135
102000155,89,173,-84
102000156,332,29,303
102000157,32,106,-74
102000158,237,101,136
102000159,1218,115,1103
102000161,3193,670,2523
102000162,109,74,35
102000163,73,235,-162
102000164,668,330,338
102000165,259,73,186
102000166,86,120,-34
102000167,141,116,25
102000168,100,80,20
102000169,59,273,-214
102000170,498,70,428
102000171,107,24,83
102000172,28,154,-126
102000173,160,157,3
102000174,17,39,-22
102000175,42,91,-49
102000176,16,33,-17
102000178,116,522,-406
102000179,126,141,-15
102000180,211,623,-412
102000181,268,639,-371
102000182,248,683,-435
102000183,666,1728,-1062
102000184,610,751,-141
102000185,804,1694,-890
102000186,394,1961,-1567
102000187,344,1749,-1405
102000188,325,1441,-1116
102000189,2317,678,1639
102000190,356,1287,-931
102000191,1217,502,715
102000192,472,719,-247
102000193,16,212,-196
102000194,32,159,-127
102000195,159,379,-220
102000196,41,532,-491
102000197,154,432,-278
102000198,44,826,-782
102000199,207,308,-101
102000200,157,1031,-874
102000201,216,374,-158
102000202,2,158,-156
102000203,138,224,-86
102000204,173,848,-675
102000205,379,600,-221
102000206,288,507,-219
102000207,401,340,61
102000208,149,431,-282
102000209,38,40,-2
102000210,154,533,-379
102000211,83,305,-222
102000212,53,19,34
102000213,4,264,-260
102000214,60,29,31
102000215,3,489,-486
102000216,20,35,-15
102000217,6,217,-211
102000218,78,39,39
102000219,264,332,-68
102000225,946,669,277
102000226,2043,135,1908
102000227,39,5,34
102000228,0,72,-72
102000229,48,13,35
102000230,133,617,-484
102000231,149,378,-229
102000232,9,101,-92
102000233,240,432,-192
102000234,38,1134,-1096
102000236,166,36,130
102000237,343,106,237
102000238,102,175,-73
102000240,649,361,288
102000241,136,69,67
102000243,5,33,-28
102000245,4,151,-147
102000246,4,9,-5
102000247,774,697,77
102000248,428,529,-101
102000249,35,136,-101
102000250,23,327,-304
102000254,21,430,-409
102000266,34,115,-81
102000271,8,0,8
102000286,289,215,74
102000297,1142,717,425
102000305,0,0,0
102000307,0,1,-1
102000316,103,288,-185
102900001,618,726,-108
102900002,259,30,229
102900003,14,283,-269
102900005,101,261,-160
102900006,287,180,107
102900007,314,21,293
102900008,124,66,58
102900009,289,66,223
102900010,440,458,-18
102900011,1911,169,1742
102900012,312,30,282
102900013,5,44,-39
102900015,515,100,415
102900016,26,102,-76
102900017,24,553,-529
102900018,5,139,-134
102900019,201,301,-100
102900020,42,19,23
102900021,1,131,-130
102900022,192,25,167
102900023,9,53,-44
102900024,14,27,-13
102900025,225,79,146
102900026,301,842,-541
102900027,41,41,0
102900028,29,181,-152
102900029,59,64,-5
102900030,214,122,92
102900031,55,139,-84
102900032,9,98,-89
102900033,36,182,-146
102900034,134,136,-2
102900035,23,470,-447
102900036,72,496,-424
102900037,119,623,-504
102900038,236,372,-136
102900039,12,204,-192
102900040,47,112,-65
102900041,17,113,-96
102900042,81,244,-163
102900043,34,226,-192
102900044,211,1639,-1428
102900045,19,509,-490
102900046,53,304,-251
102900047,19,707,-688
102900048,293,736,-443
102900049,41,302,-261
102900050,81,277,-196
102900051,41,110,-69
102900053,196,674,-478
102900054,596,358,238
102900055,30,45,-15
102900056,59,392,-333
102900057,0,11,-11
102900058,287,29,258
102900059,7,39,-32
102900060,18,305,-287
102900061,37,439,-402
102900062,45,1403,-1358
102900063,361,378,-17
102900064,111,442,-331
102900065,1422,433,989
102900066,191,30,161
102900068,37,59,-22
102900070,62,635,-573
102900072,5,25,-20
102900073,61,1,60
102900075,12,14,-2
102900076,213,34,179
102900077,23,11,12
102900078,29,52,-23
102900079,150,3,147
102900080,148,18,130
102900081,72,158,-86
102900082,4,228,-224
102900083,280,4,276
102900084,1,13,-12
102900085,44,30,14
102900086,0,11,-11
102900087,29,93,-64
102900088,8,30,-22
102900089,145,91,54
102900090,5,293,-288
102900091,45,2,43
102900092,47,708,-661
102900094,2,53,-51
102900095,114,0,114
102900096,19,7,12
102900097,3,83,-80
103000001,1603,2032,-429
103000002,1468,1533,-65
103000003,2383,2014,369
103000004,650,407,243
103000005,1524,1720,-196
103000006,356,915,-559
103000007,406,592,-186
103000008,761,887,-126
103000009,451,540,-89
103000010,203,137,66
103000011,1329,608,721
103000012,696,895,-199
103000013,5600,1599,4001
103000014,947,752,195
103000015,2174,668,1506
103000016,338,513,-175
103000017,81,205,-124
103000018,788,194,594
103000019,83,92,-9
103000020,1222,1028,194
103000021,744,871,-127
103000022,644,1101,-457
103000023,275,678,-403
103000024,147,146,1
103000025,22,115,-93
103000026,1480,85,1395
103000027,204,153,51
103000028,516,168,348
103000029,307,59,248
103000030,1468,349,1119
103000031,972,793,179
103000032,1604,1480,124
103000033,1672,1574,98
103000034,1366,508,858
103000035,277,630,-353
103000036,318,280,38
103000037,461,213,248
103000038,381,532,-151
103000039,163,364,-201
103000040,153,990,-837
103000041,1237,2980,-1743
103000042,479,596,-117
103000043,184,1013,-829
103000044,93,266,-173
103000046,151,212,-61
103000047,296,537,-241
103000048,100,132,-32
103000049,88,127,-39
103000050,377,502,-125
103000051,190,392,-202
103000052,456,258,198
103000053,79,267,-188
103000054,1231,859,372
103000055,1024,1047,-23
103000056,398,2412,-2014
103000057,359,208,151
103000058,278,844,-566
103000059,232,679,-447
103000060,534,579,-45
103000061,229,645,-416
103000062,744,678,66
103000063,475,505,-30
103000064,64,276,-212
103000065,1,360,-359
103000066,115,8,107
103000069,83,315,-232
103000070,328,1026,-698
103000071,499,296,203
103000072,75,945,-870
103000073,179,85,94
103000074,320,70,250
103000075,94,764,-670
103000076,86,106,-20
103000077,20,295,-275
103000078,916,227,689
103000079,1371,350,1021
103000080,701,107,594
103000081,344,384,-40
103000082,221,78,143
103000083,82,303,-221
103000084,114,5,109
103000085,1,49,-48
103000086,512,168,344
103000087,83,238,-155
103000088,198,208,-10
103000089,132,297,-165
103000090,1050,869,181
103000091,427,372,55
103000092,196,272,-76
103000093,181,433,-252
103000094,93,108,-15
103000095,15,348,-333
103000096,468,56,412
103000097,27,493,-466
103000098,830,53,777
103000099,208,440,-232
103000100,44,764,-720
103000101,266,142,124
103000102,59,632,-573
103000103,300,188,112
103000104,32,154,-122
103000105,28,113,-85
103000106,12,88,-76
103000107,272,58,214
103000108,550,489,61
103000109,300,143,157
103000110,227,292,-65
103000111,429,247,182
103000112,216,185,31
103000113,421,522,-101
103000114,787,193,594
103000115,248,395,-147
103000116,280,499,-219
103000117,96,436,-340
103000118,1001,865,136
103000119,1779,680,1099
103000120,35,62,-27
103000121,113,543,-430
103000122,170,155,15
103000125,1,410,-409
103000126,120,3,117
103000127,0,277,-277
103000128,59,0,59
103000129,1,157,-156
103000130,31,4,27
103000131,146,45,101
103000132,30,19,11
103000133,2,141,-139
103000134,522,269,253
103000135,662,120,542
103000136,429,238,191
103000137,388,359,29
103000138,670,321,349
103000139,2,36,-34
103000140,111,14,97
103000141,24,84,-60
103000142,80,30,50
103000143,34,156,-122
103000144,113,53,60
103000145,10,14,-4
103000150,51,30,21
103000152,270,142,128
103000153,112,177,-65
103000156,3,493,-490
103000157,129,1,128
103000159,39,30,9
103000162,60,14,46
103000163,2,12,-10
103000164,9,10,-1
103000165,101,411,-310
103000166,53,102,-49
103000167,117,107,10
103000168,46,159,-113
103000169,54,176,-122
103000170,432,472,-40
103000171,18,49,-31
103000172,60,250,-190
103000173,88,516,-428
103000174,102,255,-153
103000175,146,567,-421
103000176,511,134,377
103000177,572,288,284
103000178,277,193,84
103000179,52,13,39
103000183,27,33,-6
103000185,48,58,-10
103000186,40,141,-101
103000187,125,598,-473
103000188,1,74,-73
103000189,883,784,99
103000191,390,399,-9
103000292,2763,507,2256
103000293,1158,485,673
103000295,109,50,59
103000296,86,1,85
103000297,9,6,3
103000504,146,11,135
103000505,2,3,-1
103000506,1,221,-220
103000507,61,2,59
103000508,34,20,14
103000509,173,410,-237
103900001,0,326,-326
103900002,1690,102,1588
103900003,903,14,889
103900004,6,0,6
103900005,0,173,-173
103900006,1,0,1
103900007,7,0,7
103900008,3,0,3
103900009,72,218,-146
103900010,46,257,-211
103900011,61,267,-206
103900012,23,11,12
103900013,8,66,-58
103900014,8,19,-11
103900015,15,2,13
103900016,159,231,-72
103900017,13,74,-61
103900018,470,145,325
103900019,18,54,-36
103900020,67,167,-100
103900021,517,21,496
103900022,443,518,-75
103900023,28,0,28
103900024,53,361,-308
103900025,3,31,-28
103900026,5,0,5
103900027,135,188,-53
103900028,6,108,-102
103900029,364,108,256
103900030,99,14,85
103900031,3,0,3
103900032,11,10,1
103900033,14,4,10
103900034,16,220,-204
103900035,28,47,-19
103900036,57,9,48
103900037,25,19,6
103900038,22,58,-36
103900039,32,456,-424
103900040,6,147,-141
103900041,4,9,-5
103900042,15,417,-402
103900043,31,97,-66
103900044,172,65,107
103900045,51,121,-70
103900047,24,33,-9
103900048,28,11,17
103900049,124,930,-806
103900050,1,45,-44
103900051,0,29,-29
103900052,57,588,-531
103900053,33,760,-727
103900054,12,489,-477
103900055,162,146,16
103900056,17,46,-29
103900057,4,307,-303
103900058,42,696,-654
103900059,0,7,-7
103900060,24,199,-175
103900061,29,26,3
103900062,36,38,-2
103900063,0,0,0
103900064,25,1,24
103900065,525,200,325
103900066,21,2,19
103900067,42,3,39
103900068,0,0,0
103900069,20,1,19
103900070,50,213,-163
103900071,14,156,-142
103900072,5,245,-240
103900073,19,9,10
103900074,15,73,-58
103900075,45,76,-31
103900076,125,660,-535
103900077,49,18,31
103900078,16,85,-69
103900079,39,209,-170
103900080,5,13,-8
103900081,63,9,54
103900082,3,93,-90
103900083,2080,207,1873
103900084,11,76,-65
103900085,55,57,-2
103900086,122,182,-60
103900088,283,99,184
103900089,72,167,-95
103900090,0,171,-171
103900091,585,169,416
103900092,213,529,-316
103900093,82,418,-336
103900094,2,154,-152
103900095,82,112,-30
103900096,8,346,-338
103900097,1,413,-412
103900098,69,33,36
103900099,13,252,-239
103900100,47,286,-239
103900101,49,763,-714
103900102,2,18,-16
103900104,2,26,-24
103900105,28,92,-64
103900106,0,20,-20
103900107,9,171,-162
103900108,29,325,-296
103900109,11,84,-73
103900110,87,28,59
103900111,7,685,-678
103900112,3,36,-33
103900113,66,102,-36
103900114,478,285,193
103900115,106,52,54
103900116,3842,398,3444
103900117,207,92,115
103900119,3,18,-15
103900120,18,90,-72
103900122,10,338,-328
103900123,859,307,552
103900124,15,533,-518
103900125,59,91,-32
103900126,138,378,-240
103900127,40,635,-595
103900128,10,175,-165
103900131,12,95,-83
103900133,546,15,531
103900134,0,0,0
103900135,0,5,-5
103900137,0,32,-32
103900138,18,290,-272
103900139,594,560,34
103900140,1,18,-17
103900141,161,77,84
103900142,36,113,-77
103900143,14,3,11
103900144,1,34,-33
103900145,47,225,-178
103900146,119,284,-165
103900147,99,80,19
103900148,53,189,-136
103900149,32,596,-564
103900150,5453,989,4464
103900151,4,108,-104
103900152,64,710,-646
103900153,0,1,-1
103900154,594,446,148
103900155,11,175,-164
103900156,6,124,-118
103900157,4,133,-129
103900158,11,123,-112
103900159,39,48,-9
103900160,17,6,11
103900161,18,132,-114
103900162,35,196,-161
103900163,3,311,-308
103900167,0,28,-28
103900168,33,129,-96
103900169,1,14,-13
103900170,3,75,-72
103900171,2,49,-47
103900172,1,16,-15
103900173,1,2,-1
103900174,20,22,-2
103900175,17,23,-6
103900176,4,8,-4
103900177,5,49,-44
103900178,7,61,-54
103900179,15,101,-86
103900180,0,75,-75
103900181,40,17,23
103900182,23,4,19
103900184,433,10,423
103900185,128,70,58
103900187,40,18,22
103900188,14,3,11
103900189,30,5,25
103900190,47,44,3
103900191,3,18,-15
103900192,17,58,-41
103900193,109,59,50
103900194,10,281,-271
103900195,0,20,-20
103900196,6,3,3
103900197,4,14,-10
103900198,7,47,-40
103900199,38,88,-50
103900200,50,135,-85
103900201,45,144,-99
103900202,0,30,-30
103900203,11,16,-5
103900204,5,99,-94
103900207,0,113,-113
103900208,8,0,8
103900209,8,57,-49
103900210,4,44,-40
103900211,154,525,-371
103900212,17,495,-478
103900213,74,164,-90
103900214,192,44,148
103900215,739,221,518
103900216,5,48,-43
103900217,130,2,128
103900218,18,175,-157
103900219,76,232,-156
103900233,17,1,16
103900235,18,7,11
103900236,11,0,11
103900242,1,2,-1
103900243,0,2,-2
103900244,19,260,-241
103900245,19,243,-224
103900246,15,16,-1
103900247,24,96,-72
103900248,0,39,-39
103900249,3,10,-7
103900250,17,11,6
103900251,0,29,-29
103900253,11,11,0
103900254,2,12,-10
103900255,2,3,-1
103900256,13,5,8
103900257,101,48,53
103900258,6,1,5
103900259,48,4,44
103900261,0,0,0
103900262,13,0,13
103900263,33,23,10
103900264,23,4,19
103900265,25,3,22
103900266,0,23,-23
103900267,15,63,-48
103900268,13,134,-121
103900269,160,87,73
103900270,10,209,-199
103900271,139,169,-30
103900272,10,45,-35
103900273,2,16,-14
103900274,7,2,5
103900275,5,1,4
103900277,2,79,-77
103900278,301,72,229
103900279,63,8,55
103900280,3,171,-168
103900281,16,2,14
103900282,9,12,-3
103900283,36,5,31
103900284,0,4,-4
103900285,17,18,-1
103900286,9,30,-21
103900287,2,17,-15
103900288,133,37,96
103900289,363,25,338
103900290,159,17,142
103900291,16,29,-13
103900292,207,55,152
103900293,1,49,-48
103900294,7,266,-259
104000001,1674,1939,-265
104000002,1008,2118,-1110
104000003,1730,1935,-205
104000004,2762,2058,704
104000005,610,1687,-1077
104000006,1938,2452,-514
104000007,2814,2991,-177
104000008,207,633,-426
104000009,79,146,-67
104000010,71,136,-65
104000011,628,487,141
104000012,107,509,-402
104000013,58,106,-48
104000014,244,739,-495
104000015,133,102,31
104000016,388,393,-5
104000018,324,95,229
104000019,246,85,161
104000020,187,912,-725
104000021,187,740,-553
104000022,73,288,-215
104000023,309,281,28
104000024,178,340,-162
104000026,43,227,-184
104000027,214,500,-286
104000028,239,202,37
104000029,371,582,-211
104000030,89,297,-208
104000031,371,183,188
104000032,189,367,-178
104000033,215,247,-32
104000034,233,388,-155
104000035,250,390,-140
104000036,275,473,-198
104000037,178,371,-193
104000038,159,400,-241
104000039,81,481,-400
104000040,415,437,-22
104000041,408,280,128
104000042,154,490,-336
104000043,136,406,-270
104000044,184,841,-657
104000045,588,1263,-675
104000046,1220,1521,-301
104000047,398,1220,-822
104000048,824,1894,-1070
104000049,298,269,29
104000050,98,415,-317
104000051,77,704,-627
104000052,795,1352,-557
104000053,542,744,-202
104000054,171,368,-197
104000055,3524,2395,1129
104000056,1622,226,1396
104000057,196,706,-510
104000058,425,651,-226
104000059,283,1146,-863
104000060,274,980,-706
104000061,740,1187,-447
104000062,161,275,-114
104000064,706,270,436
104000065,89,269,-180
104000069,1070,433,637
104000070,34,201,-167
104000071,202,432,-230
104000072,581,392,189
104000075,27,203,-176
104000076,290,21,269
104000082,1374,1533,-159
104000083,595,193,402
104000084,80,374,-294
104000085,174,135,39
104000086,103,403,-300
104000087,235,457,-222
104000090,373,1549,-1176
104000092,344,2494,-2150
104000094,632,2080,-1448
104000095,879,1125,-246
104000096,477,464,13
104000097,779,1034,-255
104000098,689,1362,-673
104000100,601,643,-42
104000101,875,2422,-1547
104000106,178,551,-373
104000107,381,664,-283
104000108,295,396,-101
104000109,191,23,168
104000110,651,738,-87
104000111,4065,992,3073
104000112,1686,478,1208
104000116,1,1219,-1218
104000117,55,886,-831
104000118,151,210,-59
104000119,223,181,42
104000120,111,864,-753
104000121,111,592,-481
104000122,294,591,-297
104000123,765,1815,-1050
104000124,1188,2388,-1200
104000125,3993,1704,2289
104000126,177,403,-226
104000127,1925,5304,-3379
104000128,829,623,206
104000129,304,22,282
104000130,20,168,-148
104000131,1092,871,221
104000132,755,1188,-433
104000133,807,659,148
104000134,409,1000,-591
104000135,227,455,-228
104000136,529,902,-373
104000137,1218,108,1110
104000138,1157,395,762
104000139,7189,2585,4604
104000141,1006,1971,-965
104000142,563,1191,-628
104000143,344,836,-492
104000144,31,156,-125
104000145,255,119,136
104000146,480,487,-7
104000147,84,345,-261
104000148,88,122,-34
104000149,189,477,-288
104000150,255,372,-117
104000151,191,710,-519
104000152,287,866,-579
104000153,113,293,-180
104000154,982,710,272
104000155,192,327,-135
104000157,843,1724,-881
104000158,115,198,-83
104000159,300,246,54
104000160,1106,833,273
104000161,167,87,80
104000162,31,92,-61
104000165,1180,709,471
104000167,286,435,-149
104000168,390,7,383
104000169,14,50,-36
104000170,660,126,534
104000248,133,707,-574
104000251,72,329,-257
104000272,0,0,0
104000273,0,0,0
104000274,0,0,0
104000275,0,0,0
104000279,2878,813,2065
104000290,11,351,-340
104000291,559,840,-281
104000293,499,586,-87
104000294,3,0,3
104000295,337,612,-275
104000296,190,666,-476
104000297,755,1126,-371
104000298,1620,766,854
104000299,417,1308,-891
104000302,145,137,8
104000303,224,182,42
104900001,35,379,-344
104900002,23,49,-26
104900003,11,343,-332
104900004,39,347,-308
104900005,62,105,-43
104900006,54,46,8
104900007,103,213,-110
104900009,44,469,-425
104900010,7,4,3
104900011,0,2,-2
104900012,102,7,95
104900013,23,2,21
104900014,3101,201,2900
104900015,41,2,39
104900016,39,316,-277
104900017,30,132,-102
104900018,1,163,-162
104900019,161,528,-367
104900020,18,198,-180
104900021,0,321,-321
104900022,5,133,-128
104900023,0,175,-175
104900024,4,127,-123
104900025,36,275,-239
104900026,1,170,-169
104900027,105,127,-22
104900028,16,114,-98
104900029,17,95,-78
104900030,174,88,86
104900031,105,214,-109
104900032,29,149,-120
104900033,31,104,-73
104900034,70,51,19
104900035,62,26,36
104900036,60,32,28
104900037,37,269,-232
104900038,356,122,234
104900039,815,54,761
104900040,46,26,20
104900041,85,83,2
104900042,26,342,-316
104900043,4,14,-10
104900044,159,91,68
104900045,170,45,125
104900046,23,66,-43
104900047,94,63,31
104900048,56,39,17
104900049,5,0,5
104900050,30,37,-7
104900051,64,21,43
104900052,6,0,6
104900053,107,25,82
104900054,31,22,9
104900055,5,1,4
104900056,70,7,63
104900057,2,0,2
104900058,156,105,51
104900059,2,47,-45
104900061,181,477,-296
104900063,9,141,-132
104900064,0,64,-64
104900065,0,60,-60
104900066,2,177,-175
104900067,0,129,-129
104900068,2,166,-164
104900070,46,232,-186
104900071,1,628,-627
104900072,11,135,-124
104900073,15,188,-173
104900074,10,173,-163
104900075,17,28,-11
104900076,28,359,-331
104900077,882,34,848
104900078,69,809,-740
104900079,94,90,4
104900080,6,509,-503
104900082,5,234,-229
104900085,3,211,-208
104900089,28,0,28
104900091,280,725,-445
104900093,134,510,-376
104900097,2699,715,1984
104900098,12,52,-40
104900099,22,200,-178
104900100,594,109,485
104900102,15,188,-173
104900103,302,49,253
104900106,25,81,-56
104900107,36,300,-264
104900108,22,265,-243
104900109,15,64,-49
104900110,8,28,-20
104900111,81,47,34
104900112,90,852,-762
104900113,210,371,-161
104900114,94,597,-503
104900115,212,557,-345
104900116,28,245,-217
104900118,6,75,-69
104900119,0,19,-19
104900120,158,33,125
104900121,0,125,-125
104900122,2,82,-80
104900123,0,2,-2
104900124,4,0,4
104900125,174,104,70
104900126,39,37,2
104900127,12,13,-1
104900128,33,81,-48
104900129,1701,441,1260
105000001,1501,1578,-77
105000002,1475,1630,-155
105000003,1942,3105,-1163
105000004,372,906,-534
105000005,362,976,-614
105000006,595,1186,-591
105000007,489,960,-471
105000008,461,1213,-752
105000009,826,1960,-1134
105000010,2755,2021,734
105000011,1112,1498,-386
105000012,3006,2636,370
105000013,393,704,-311
105000014,779,1268,-489
105000015,4568,3104,1464
105000016,2504,1105,1399
105000017,1259,846,413
105000018,823,625,198
105000019,1117,760,357
105000020,93,222,-129
105000021,247,133,114
105000022,75,18,57
105000023,233,128,105
105000028,28,135,-107
105000029,256,573,-317
105000030,3114,3207,-93
105000031,2,19,-17
105000033,857,1903,-1046
105000034,63,460,-397
105000037,379,416,-37
105000038,867,693,174
105000039,2562,1330,1232
105000040,268,430,-162
105000041,369,1062,-693
105000042,1461,777,684
105000043,1695,1563,132
105000044,163,161,2
105000045,210,754,-544
105000046,290,257,33
105000047,299,1116,-817
105000048,301,156,145
105000049,208,701,-493
105000050,282,308,-26
105000051,157,510,-353
105000052,170,725,-555
105000053,88,187,-99
105000054,64,720,-656
105000055,239,320,-81
105000056,339,1825,-1486
105000057,718,912,-194
105000058,1302,1097,205
105000059,332,338,-6
105000060,389,537,-148
105000061,264,301,-37
105000062,586,935,-349
105000063,151,655,-504
105000064,351,405,-54
105000065,271,1050,-779
105000066,621,1876,-1255
105000067,463,376,87
105000068,363,784,-421
105000069,2273,432,1841
105000070,698,727,-29
105000071,130,282,-152
105000072,632,677,-45
105000073,411,268,143
105000074,624,831,-207
105000075,356,640,-284
105000076,945,850,95
105000077,1312,562,750
105000078,1084,743,341
105000079,1279,1482,-203
105000080,916,543,373
105000081,723,583,140
105000082,342,247,95
105000083,434,411,23
105000084,362,966,-604
105000085,907,736,171
105000086,450,943,-493
105000087,2035,1597,438
105000088,1106,1131,-25
105000089,2414,1847,567
105000090,863,691,172
105000091,1591,1364,227
105000092,360,960,-600
105000093,238,145,93
105000094,208,136,72
105000095,70,333,-263
105000096,697,572,125
105000097,724,621,103
105000098,418,336,82
105000099,495,740,-245
105000100,431,1049,-618
105000101,968,1602,-634
105000102,708,1250,-542
105000103,852,1768,-916
105000104,771,803,-32
105000105,545,1324,-779
105000106,563,1002,-439
105000107,508,706,-198
105000108,475,1361,-886
105000109,599,1114,-515
105000110,362,724,-362
105000111,443,408,35
105000112,557,695,-138
105000113,291,327,-36
105000114,3221,666,2555
105000115,206,568,-362
105000116,271,352,-81
105000117,596,1405,-809
105000118,128,261,-133
105000119,211,1080,-869
105000120,259,452,-193
105000121,454,1014,-560
105000122,101,281,-180
105000123,644,1095,-451
105000124,899,817,82
105000125,442,1359,-917
105000126,1181,1776,-595
105000127,1341,1312,29
105000128,273,1196,-923
105000129,384,290,94
105000130,57,539,-482
105000131,337,309,28
105000132,386,268,118
105000133,185,1006,-821
105000134,219,429,-210
105000135,282,553,-271
105000136,71,279,-208
105000137,188,201,-13
105000138,304,335,-31
105000139,751,1092,-341
105000140,115,332,-217
105000141,90,573,-483
105000142,62,403,-341
105000143,81,527,-446
105000144,237,578,-341
105000145,183,422,-239
105000146,359,590,-231
105000147,199,302,-103
105000148,702,525,177
105000149,1024,908,116
105000150,1640,1072,568
105000151,142,231,-89
105000152,95,642,-547
105000153,367,249,118
105000154,625,753,-128
105000155,197,272,-75
105000156,600,686,-86
105000157,819,1615,-796
105000158,1369,574,795
105000159,292,1154,-862
105000160,823,492,331
105000161,459,1819,-1360
105000162,252,909,-657
105000163,1015,1054,-39
105000164,201,287,-86
105000165,1292,2355,-1063
105000166,6757,192,6565
105000167,2392,911,1481
105000168,114,762,-648
105000169,168,353,-185
105000170,58,1154,-1096
105000171,778,208,570
105000172,20,23,-3
105000173,19,8,11
105000174,5,11,-6
105000175,45,148,-103
105000176,33,43,-10
105000177,55,81,-26
105000178,54,502,-448
105000179,63,101,-38
105000180,71,103,-32
105000181,28,313,-285
105000182,20,99,-79
105000183,1934,1131,803
105000184,949,477,472
105000185,664,376,288
105000186,293,779,-486
105000187,346,204,142
105000188,93,73,20
105000189,122,456,-334
105000190,47,244,-197
105000191,197,388,-191
105000192,48,63,-15
105000193,39,114,-75
105000194,220,73,147
105000195,112,926,-814
105000196,53,48,5
105000197,174,726,-552
105000198,423,170,253
105000199,169,137,32
105000200,58,191,-133
105000201,36,9,27
105000203,5,376,-371
105000204,74,78,-4
105000205,68,256,-188
105000207,516,130,386
105000208,231,167,64
105000209,106,320,-214
105000211,61,14,47
105000212,509,1084,-575
105000213,108,84,24
105000214,18,168,-150
105000215,98,225,-127
105000216,35,273,-238
105000217,82,271,-189
105000218,333,757,-424
105000221,120,224,-104
105000222,49,49,0
105000223,80,166,-86
105000226,14,293,-279
105000227,14,136,-122
105000228,114,390,-276
105000229,32,155,-123
105000231,80,106,-26
105000233,359,412,-53
105000234,286,933,-647
105000235,176,367,-191
105000237,280,21,259
105000243,11,26,-15
105000248,26,31,-5
105000262,92,1456,-1364
105000269,54,186,-132
105000270,102,100,2
105000271,0,246,-246
105000282,65,17,48
105000287,200,88,112
105000288,145,354,-209
105000289,445,576,-131
105000290,2,1,1
105000402,3759,841,2918
105000426,192,436,-244
105000438,405,419,-14
105000440,6,29,-23
105000446,9283,3304,5979
105000447,4821,2054,2767
105000454,243,858,-615
105000455,279,173,106
105000474,1,0,1
105000477,138,266,-128
105000478,608,1256,-648
105000479,55,67,-12
105000480,983,1402,-419
105000481,1365,1519,-154
105000482,3152,2253,899
105000483,714,831,-117
105000484,1680,2191,-511
105000485,563,1111,-548
105000486,2283,1845,438
105000488,1997,1965,32
105000489,320,580,-260
105000549,26,82,-56
105000550,322,807,-485
105000551,20,80,-60
105000552,3123,1613,1510
105000555,714,523,191
105000556,13,25,-12
105000557,31,301,-270
105900001,4,786,-782
105900002,1402,242,1160
105900003,9,80,-71
105900004,229,61,168
105900005,5,149,-144
105900006,11,26,-15
105900007,14,8,6
105900008,19,624,-605
105900009,10,10,0
105900011,35,36,-1
105900012,153,155,-2
105900013,0,11,-11
105900014,2,83,-81
105900015,67,180,-113
105900016,87,678,-591
105900017,358,34,324
105900018,104,208,-104
105900019,32,364,-332
105900020,16,69,-53
105900021,10,239,-229
105900022,116,237,-121
105900023,3,101,-98
105900024,3,87,-84
105900025,17,24,-7
105900026,102,14,88
105900027,3229,1579,1650
105900028,27,139,-112
105900029,1451,188,1263
105900030,105,210,-105
105900031,236,123,113
105900032,32,87,-55
105900033,42,72,-30
105900034,52,147,-95
105900035,117,100,17
105900036,11,84,-73
105900037,74,50,24
105900038,66,313,-247
105900039,40,147,-107
105900040,24,44,-20
105900041,159,256,-97
105900042,16,85,-69
105900043,1237,18,1219
105900044,2,107,-105
105900045,1,354,-353
105900046,1,105,-104
105900047,2,19,-17
105900048,28,318,-290
105900050,940,229,711
105900051,0,758,-758
105900052,150,16,134
105900053,2760,822,1938
105900054,185,199,-14
105900056,714,77,637
105900057,9,126,-117
105900058,6,35,-29
105900059,0,16,-16
106000001,2163,627,1536
106000002,1650,2543,-893
106000003,2167,1525,642
106000004,1760,1488,272
106000005,1344,3406,-2062
106000006,4087,3653,434
106000007,321,402,-81
106000008,319,256,63
106000009,227,226,1
106000010,296,456,-160
106000011,361,698,-337
106000012,408,1367,-959
106000013,1046,1394,-348
106000014,1303,1636,-333
106000015,561,643,-82
106000016,822,2055,-1233
106000017,379,504,-125
106000018,410,657,-247
106000019,167,381,-214
106000020,196,494,-298
106000021,182,424,-242
106000022,229,372,-143
106000023,266,327,-61
106000024,373,866,-493
106000025,98,95,3
106000026,119,491,-372
106000027,410,861,-451
106000028,372,776,-404
106000029,654,1426,-772
106000030,683,183,500
106000034,70,433,-363
106000035,454,612,-158
106000036,253,205,48
106000037,1071,1272,-201
106000038,285,40,245
106000039,121,24,97
106000040,100,508,-408
106000041,705,146,559
106000043,373,48,325
106000046,212,19,193
106000047,15,218,-203
106000049,232,64,168
106000050,212,664,-452
106000051,287,242,45
106000052,53,547,-494
106000053,74,71,3
106000054,257,403,-146
106000055,111,138,-27
106000056,206,596,-390
106000057,81,173,-92
106000058,84,134,-50
106000059,85,153,-68
106000060,398,565,-167
106000061,135,256,-121
106000062,152,549,-397
106000063,322,344,-22
106000064,21,360,-339
106000065,149,81,68
106000066,62,307,-245
106000067,87,92,-5
106000068,28,497,-469
106000069,47,85,-38
106000070,179,505,-326
106000071,438,226,212
106000072,3954,947,3007
106000073,1254,1389,-135
106000074,198,506,-308
106000075,148,794,-646
106000076,812,1088,-276
106000077,2002,945,1057
106000078,400,812,-412
106000079,300,848,-548
106000080,535,965,-430
106000081,275,705,-430
106000082,1557,788,769
106000083,179,667,-488
106000084,509,438,71
106000085,909,704,205
106000086,378,466,-88
106000087,405,411,-6
106000088,256,628,-372
106000089,397,358,39
106000090,165,538,-373
106000091,164,511,-347
106000092,366,172,194
106000093,159,50,109
106000094,72,350,-278
106000095,254,1107,-853
106000096,373,594,-221
106000097,304,1498,-1194
106000098,242,799,-557
106000099,88,707,-619
106000100,393,288,105
106000101,409,240,169
106000102,63,458,-395
106000103,151,742,-591
106000104,365,285,80
106000105,206,961,-755
106000106,236,377,-141
106000107,69,567,-498
106000108,110,258,-148
106000109,43,480,-437
106000110,85,188,-103
106000111,86,709,-623
106000112,79,247,-168
106000113,1055,561,494
106000114,329,276,53
106000115,127,596,-469
106000116,109,206,-97
106000117,687,779,-92
106000118,606,731,-125
106000119,2170,887,1283
106000120,440,608,-168
106000121,65,146,-81
106000122,33,279,-246
106000123,100,242,-142
106000124,12,330,-318
106000125,15,370,-355
106000126,79,225,-146
106000127,78,857,-779
106000128,249,362,-113
106000129,241,645,-404
106000130,326,391,-65
106000131,53,525,-472
106000132,798,136,662
106000133,4111,730,3381
106000134,546,479,67
106000135,182,921,-739
106000136,528,566,-38
106000137,48,1802,-1754
106000138,316,31,285
106000139,27,87,-60
106000140,13,113,-100
106000141,38,119,-81
106000142,22,54,-32
106000143,10,106,-96
106000144,18,71,-53
106000145,90,393,-303
106000146,91,181,-90
106000147,348,827,-479
106000148,458,897,-439
106000149,296,628,-332
106000150,362,1302,-940
106000151,4555,574,3981
106000152,1040,662,378
106000153,52,1001,-949
106000154,1345,158,1187
106000155,43,121,-78
106000156,333,229,104
106000157,325,1302,-977
106000158,2671,492,2179
106000159,3901,841,3060
106000160,113,1233,-1120
106000161,924,425,499
106000162,74,453,-379
106000163,128,549,-421
106000164,143,237,-94
106000165,92,608,-516
106000166,287,178,109
106000167,214,1361,-1147
106000168,74,178,-104
106000169,92,731,-639
106000170,181,179,2
106000171,50,729,-679
106000172,1549,519,1030
106000173,526,1923,-1397
106000174,501,189,312
106000175,143,817,-674
106000176,436,410,26
106000177,279,1754,-1475
106000178,1473,841,632
106000179,698,1449,-751
106000180,646,1510,-864
106000181,215,1749,-1534
106000182,285,444,-159
106000183,271,860,-589
106000184,359,871,-512
106000185,240,775,-535
106000186,457,87,370
106000187,82,484,-402
106000188,0,2,-2
106000189,7,40,-33
106000190,3,0,3
106000191,333,98,235
106000192,0,24,-24
106000193,171,102,69
106000194,94,266,-172
106000195,102,37,65
106000196,44,265,-221
106000197,140,246,-106
106000198,43,274,-231
106000199,663,334,329
106000200,349,106,243
106000201,366,609,-243
106000202,5466,397,5069
106000203,149,151,-2
106000204,17,2,15
106000205,16,141,-125
106000206,25,15,10
106000207,52,699,-647
106000208,319,74,245
106000209,533,189,344
106000210,160,1147,-987
106000211,261,1416,-1155
106000212,248,91,157
106000213,388,796,-408
106000214,1698,210,1488
106000215,112,396,-284
106000216,268,256,12
106000217,168,458,-290
106000218,211,212,-1
106000219,65,250,-185
106000220,198,195,3
106000221,53,259,-206
106000222,23,145,-122
106000223,23,108,-85
106000224,76,375,-299
106000225,42,49,-7
106000226,105,310,-205
106000228,15,112,-97
106000229,53,797,-744
106000231,245,91,154
106000232,59,406,-347
106000233,86,95,-9
106000234,46,231,-185
106000235,180,46,134
106000236,57,44,13
106000237,0,8,-8
106000238,4,1,3
106000239,1,72,-71
106000240,10,0,10
106000241,9,645,-636
106000242,180,13,167
106000249,32,38,-6
106000250,23,328,-305
106000251,7,10,-3
106000252,8,79,-71
106000253,8,31,-23
106000254,30,54,-24
106000255,6,41,-35
106000256,42,83,-41
106000257,41,276,-235
106000258,67,19,48
106000259,3,31,-28
106000260,4,7,-3
106000261,0,39,-39
106000262,6,12,-6
106000263,0,69,-69
106000264,152,8,144
106000265,2,122,-120
106000266,80,5,75
106000267,3,70,-67
106000268,334,2,332
106000269,52,31,21
106000270,96,259,-163
106000271,18,134,-116
106000272,70,50,20
106000273,6,128,-122
106000274,166,35,131
106000275,54,96,-42
106000276,48,23,25
106000277,91,88,3
106000278,148,38,110
106000279,6,61,-55
106000280,33,108,-75
106000281,48,49,-1
106000282,46,54,-8
106000283,46,72,-26
106000284,23,84,-61
106000285,52,126,-74
106000286,45,131,-86
106000287,41,113,-72
106000288,51,171,-120
106000289,41,69,-28
106000290,41,81,-40
106000291,27,65,-38
106000292,49,112,-63
106000293,35,73,-38
106000294,80,141,-61
106000295,14,23,-9
106000296,23,97,-74
106000297,55,161,-106
106000298,159,50,109
106000299,58,95,-37
106000300,51,70,-19
106000301,37,78,-41
106000303,5,39,-34
106000304,47,36,11
106000305,11,19,-8
106000306,48,59,-11
106000307,20,4,16
106000308,26,127,-101
106000309,19,30,-11
106000310,110,540,-430
106000311,110,86,24
106000312,39,161,-122
106000313,64,135,-71
106000318,84,110,-26
106000319,262,23,239
106000320,1,26,-25
106000321,150,66,84
106000322,58,183,-125
106000324,15,118,-103
106000325,579,809,-230
106000326,608,1655,-1047
106000327,51,153,-102
106000328,4,120,-116
106000329,14,208,-194
106000330,25,50,-25
106000428,32,203,-171
106000429,62,538,-476
106000430,208,1314,-1106
106000431,501,261,240
106000432,1097,2337,-1240
106000433,973,518,455
106000434,1594,502,1092
106000435,1681,2018,-337
106000436,10,293,-283
106000437,77,32,45
106000438,89,35,54
106000439,31,568,-537
106000440,200,588,-388
106000441,0,1,-1
106000442,110,3,107
106000443,36,602,-566
106000450,5,160,-155
106000451,17,5,12
106000454,2,48,-46
106000455,3,145,-142
106000456,51,19,32
106000457,2,963,-961
106000458,138,163,-25
106000459,16,401,-385
106000460,185,33,152
106000461,9,1694,-1685
106000462,0,12,-12
106000463,2,24,-22
106000464,8,485,-477
106000465,83,1,82
106000466,3,599,-596
106000467,463,465,-2
106000468,28,167,-139
106000469,215,0,215
106000470,157,897,-740
106000471,16,410,-394
106000472,57,5,52
106000473,26,30,-4
106000474,292,861,-569
106000475,182,182,0
106000476,189,98,91
106000477,26,179,-153
106000480,0,31,-31
106900001,0,4,-4
106900002,6,501,-495
106900003,14,79,-65
106900004,0,64,-64
106900006,0,21,-21
106900007,0,20,-20
106900008,203,813,-610
106900009,50,359,-309
106900010,167,101,66
106900012,265,299,-34
106900013,1447,650,797
106900014,11,0,11
106900015,6,0,6
106900016,31,2,29
106900017,0,0,0
106900018,2,0,2
106900019,8,0,8
106900020,2079,366,1713
106900021,18,63,-45
106900022,126,0,126
106900023,316,263,53
106900024,88,8,80
106900025,37,533,-496
106900026,1,103,-102
106900027,165,4,161
106900028,0,2,-2
106900029,117,33,84
106900030,5,729,-724
107000001,1080,982,98
107000002,2296,2721,-425
107000003,2034,3199,-1165
107000004,3829,4766,-937
107000005,1161,2419,-1258
107000006,2418,5370,-2952
107000007,3174,2936,238
107000008,14940,8965,5975
107000009,2791,3126,-335
107000010,8112,9431,-1319
107000011,748,897,-149
107000012,3050,3204,-154
107000013,41,171,-130
107000014,5,265,-260
107000015,247,815,-568
107000016,238,1113,-875
107000017,1576,558,1018
107000018,7,210,-203
107000020,797,292,505
107000021,591,770,-179
107000022,468,1081,-613
107000023,805,312,493
107000024,247,1667,-1420
107000025,104,282,-178
107000026,165,658,-493
107000027,841,612,229
107000028,837,1341,-504
107000029,1037,1156,-119
107000030,2517,2654,-137
107000031,1379,1146,233
107000032,193,716,-523
107000033,3036,2867,169
107000034,4028,1603,2425
107000035,225,116,109
107000036,259,741,-482
107000037,74,446,-372
107000038,171,191,-20
107000039,281,432,-151
107000040,96,239,-143
107000041,850,393,457
107000042,439,1105,-666
107000043,2038,483,1555
107000044,350,305,45
107000045,142,305,-163
107000046,297,200,97
107000047,240,884,-644
107000048,251,332,-81
107000049,276,678,-402
107000050,400,489,-89
107000051,355,206,149
107000052,663,423,240
107000053,231,107,124
107000054,28,202,-174
107000055,224,121,103
107000056,389,637,-248
107000057,1741,195,1546
107000058,928,1255,-327
107000059,1407,2258,-851
107000060,2131,3160,-1029
107000061,3776,3123,653
107000062,1403,1919,-516
107000063,3029,5113,-2084
107000064,1652,1328,324
107000065,2267,4799,-2532
107000066,946,1263,-317
107000067,397,572,-175
107000068,855,428,427
107000069,268,297,-29
107000070,175,4,171
107000071,782,15,767
107000072,65,3256,-3191
107000073,197,138,59
107000074,108,724,-616
107000075,485,113,372
107000076,469,1541,-1072
107000077,1113,298,815
107000078,1078,2679,-1601
107000079,913,285,628
107000080,710,2601,-1891
107000081,441,319,122
107000082,317,2436,-2119
107000083,407,173,234
107000084,289,2243,-1954
107000085,1965,2111,-146
107000086,2734,2043,691
107000087,1550,1356,194
107000088,1925,2373,-448
107000089,802,1224,-422
107000090,654,975,-321
107000091,575,802,-227
107000092,377,1119,-742
107000093,555,614,-59
107000094,774,1194,-420
107000095,269,497,-228
107000096,442,784,-342
107000097,230,252,-22
107000098,289,816,-527
107000099,182,128,54
107000100,229,268,-39
107000101,29,101,-72
107000102,276,271,5
107000103,198,143,55
107000104,172,278,-106
107000105,124,69,55
107000106,85,319,-234
107000107,202,159,43
107000108,116,733,-617
107000109,196,83,113
107000110,67,466,-399
107000111,70,37,33
107000112,0,354,-354
107000113,184,92,92
107000114,43,677,-634
107000115,134,55,79
107000116,35,861,-826
107000117,55,171,-116
107000118,70,271,-201
107000119,1468,712,756
107000120,2234,323,1911
107000121,257,549,-292
107000122,581,747,-166
107000123,123,805,-682
107000124,227,719,-492
107000125,262,777,-515
107000126,331,1130,-799
107000129,105,1033,-928
107000130,147,104,43
107000131,118,548,-430
107000132,136,191,-55
107000133,267,116,151
107000134,140,0,140
107000135,7,180,-173
107000136,239,3,236
107000137,11,273,-262
107000138,215,4,211
107000139,1,202,-201
107000140,355,16,339
107000141,65,815,-750
107000142,234,11,223
107000143,22,816,-794
107000144,196,183,13
107000145,117,526,-409
107000146,121,125,-4
107000147,3512,786,2726
107000150,639,787,-148
107000151,15,31,-16
107000152,454,305,149
107000153,273,162,111
107000154,88,42,46
107000155,190,11,179
107000156,437,8,429
107000157,13,2195,-2182
107000158,298,9,289
107000159,18,1267,-1249
107000160,203,59,144
107000161,22,1790,-1768
107000162,49,141,-92
107000163,11,0,11
107000164,59,0,59
107000165,190,0,190
107000166,45,1221,-1176
107000167,166,154,12
107000168,355,136,219
107000169,782,1041,-259
107000170,374,271,103
107000171,316,2730,-2414
107000172,366,401,-35
107000173,531,1130,-599
107000174,526,854,-328
107000175,8740,1306,7434
107000176,0,0,0
107000177,0,0,0
107000178,2,33,-31
107000179,121,3143,-3022
107000180,335,269,66
107000181,210,1267,-1057
107000182,511,649,-138
107000183,76,937,-861
107000184,368,646,-278
107000185,161,1037,-876
107000186,205,226,-21
107000187,583,869,-286
107000188,266,284,-18
107000189,173,637,-464
107000190,246,534,-288
107000191,414,875,-461
107000192,933,844,89
107000193,259,214,45
107000194,706,644,62
107000197,301,150,151
107000198,138,736,-598
107000199,361,640,-279
107000200,803,359,444
107000201,220,187,33
107000202,171,401,-230
107000203,523,286,237
107000204,423,539,-116
107000205,1710,636,1074
107000206,553,384,169
107000207,423,522,-99
107000208,831,177,654
107000209,1308,218,1090
107000210,1020,104,916
107000211,6,12,-6
107000212,4,77,-73
107000213,25,8,17
107000214,2,64,-62
107000215,137,420,-283
107000216,78,439,-361
107000217,45,117,-72
107000219,26,103,-77
107000220,41,237,-196
107000222,154,475,-321
107000224,151,30,121
107000225,86,479,-393
107000226,110,55,55
107000227,62,358,-296
107000228,64,120,-56
107000229,132,63,69
107000230,637,473,164
107000231,591,244,347
107000232,30,44,-14
107000233,380,195,185
107000234,0,9,-9
107000235,33,1,32
107000236,8,233,-225
107000237,0,0,0
107000238,9,0,9
107000239,4800,277,4523
107000240,29,939,-910
107000243,0,42,-42
107000244,5,45,-40
107000246,2,962,-960
107000249,1,752,-751
107000251,0,229,-229
107000252,2,1236,-1234
107000255,558,57,501
107000257,1,544,-543
107000258,0,114,-114
107000259,2,179,-177
107000260,129,0,129
107000262,0,902,-902
107000263,86,1,85
107000266,6,0,6
107000267,36,127,-91
107000268,139,127,12
107000269,70,23,47
107000270,1,6,-5
107000271,2,929,-927
107000272,2,218,-216
107000273,0,235,-235
107000274,249,4,245
107000275,153,637,-484
107000280,158,8,150
107000281,12,1005,-993
107000282,13,1614,-1601
107000290,3,44,-41
107000291,6,8,-2
107000292,4,26,-22
107000293,42,3,39
107000294,0,38,-38
107000295,21,2,19
107000296,0,1,-1
107000444,58,5,53
107000496,0,5,-5
107000497,891,3065,-2174
107000500,215,291,-76
107000501,43,193,-150
107000502,101,371,-270
107000505,521,687,-166
107000506,0,13,-13
107000508,5,540,-535
107000509,171,437,-266
107000510,16,35,-19
107000514,3,195,-192
107000515,10,306,-296
107000516,71,144,-73
107000518,352,295,57
107000519,3358,990,2368
107000520,14,6,8
107000521,270,420,-150
107000522,306,712,-406
107900001,9,280,-271
107900002,12,0,12
107900003,76,53,23
107900004,0,1,-1
107900005,156,1,155
107900006,17,0,17
107900007,60,12,48
107900008,27,42,-15
107900009,26,4,22
107900010,2,0,2
107900012,110,2,108
107900013,165,56,109
107900014,15,3,12
107900015,158,0,158
107900016,246,53,193
107900017,2,1,1
107900018,18,14,4
107900019,2,90,-88
107900020,59,9,50
107900021,17,109,-92
107900023,0,0,0
107900024,1,23,-22
107900025,152,260,-108
107900026,11,113,-102
107900027,8,38,-30
107900028,10,69,-59
107900030,68,6,62
107900031,20,225,-205
107900032,5,1,4
107900033,6,0,6
107900034,82,10,72
107900035,241,4,237
107900036,18,4,14
107900037,0,40,-40
107900038,93,33,60
107900039,1,55,-54
107900040,22,59,-37
107900041,0,0,0
107900043,10,112,-102
107900044,0,0,0
107900045,27,14,13
107900046,66,12,54
107900047,6,69,-63
107900048,36,4,32
107900049,153,201,-48
107900050,36,209,-173
107900051,24,55,-31
107900052,3,5,-2
107900053,15,41,-26
107900055,103,95,8
107900056,19,4,15
107900057,0,0,0
107900058,11,607,-596
107900060,6,26,-20
107900061,19,2,17
107900063,45,90,-45
107900064,124,10,114
107900065,42,3,39
107900066,1,3,-2
107900067,0,0,0
107900068,48,158,-110
107900069,15,272,-257
107900070,26,12,14
107900071,11,699,-688
107900072,44,172,-128
107900073,14,82,-68
107900074,900,79,821
107900076,50,64,-14
107900077,9,2,7
107900079,2,11,-9
107900080,73,223,-150
107900081,4,58,-54
107900082,16,14,2
107900083,86,37,49
107900084,27,63,-36
107900086,30,50,-20
107900087,170,18,152
107900088,1,3,-2
107900089,192,476,-284
107900090,235,455,-220
107900091,80,349,-269
107900093,32,53,-21
107900095,1946,564,1382
107900097,4,21,-17
107900098,14,94,-80
107900100,566,256,310
107900101,743,69,674
107900102,36,1,35
107900103,26,101,-75
107900104,53,0,53
107900105,1,552,-551
107900106,2,1426,-1424
107900107,827,53,774
107900108,192,29,163
107900109,201,3,198
107900110,6,77,-71
107900111,6,1037,-1031
107900112,31,107,-76
107900113,21,102,-81
107900114,46,171,-125
107900115,0,29,-29
107900116,29,213,-184
107900117,167,297,-130
107900118,39,73,-34
107900119,22,38,-16
107900120,18,2,16
107900121,0,56,-56
107900122,0,43,-43
107900123,15,17,-2
107900124,6,58,-52
107900125,2,128,-126
107900126,1,18,-17
107900127,310,42,268
107900128,34,31,3
107900129,9,40,-31
107900130,8,18,-10
107900131,131,7,124
107900132,46,364,-318
107900133,2,58,-56
107900134,11,6,5
107900135,1,169,-168
107900136,23,12,11
107900137,59,43,16
107900138,11,12,-1
107900139,3,26,-23
107900141,24,9,15
107900142,35,859,-824
107900143,22,27,-5
107900144,0,84,-84
107900145,4,79,-75
107900146,48,69,-21
107900147,13,5,8
107900148,76,120,-44
107900149,1429,53,1376
107900150,34,661,-627
107900151,2,64,-62
107900152,6,207,-201
107900153,79,84,-5
107900154,13,11,2
107900155,20,11,9
107900156,1,362,-361
107900157,20,84,-64
107900158,113,7,106
107900159,45,751,-706
107900160,21,123,-102
107900161,2,302,-300
107900162,0,31,-31
107900163,45,25,20
107900164,0,9,-9
107900165,23,49,-26
107900166,5,273,-268
107900167,6,4,2
107900168,6,38,-32
107900169,0,132,-132
107900171,4,1512,-1508
107900172,1,323,-322
107900173,3,168,-165
107900174,12,3,9
107900175,3,5,-2
107900176,3,27,-24
107900177,0,11,-11
107900178,0,203,-203
107900179,0,126,-126
107900180,817,108,709
107900181,175,353,-178
107900182,5,1287,-1282
107900183,3,303,-300
107900184,17,193,-176
107900185,8,0,8
107900186,2,18,-16
107900187,0,93,-93
107900188,609,41,568
107900189,6,71,-65
107900190,84,41,43
107900191,18,154,-136
107900193,15,29,-14
107900194,27,1,26
107900195,3605,268,3337
107900196,40,46,-6
107900197,297,43,254
107900199,3,1100,-1097
107900201,28,137,-109
107900203,19,51,-32
107900204,198,125,73
107900206,112,139,-27
107900207,1,711,-710
107900208,5,730,-725
107900209,160,62,98
107900210,37,73,-36
107900213,107,251,-144
107900214,3,143,-140
107900215,140,225,-85
107900216,26,37,-11
107900217,14,20,-6
107900218,11,1241,-1230
107900219,3,141,-138
107900220,60,36,24
107900221,117,223,-106
107900223,27,392,-365
107900224,129,176,-47
107900225,4,710,-706
107900226,27,98,-71
107900227,56,377,-321
107900228,1,69,-68
107900229,3,327,-324
107900230,3,108,-105
107900231,1,151,-150
107900232,17,235,-218
107900233,1,108,-107
107900234,18,132,-114
107900235,20,97,-77
107900236,25,91,-66
107900237,90,397,-307
107900238,3,85,-82
107900239,1121,236,885
107900240,4,158,-154
107900241,8,72,-64
107900242,4,359,-355
107900243,3,37,-34
107900244,40,1,39
107900245,103,13,90
107900246,19,7,12
107900248,40,147,-107
107900249,135,0,135
107900250,5,406,-401
107900251,13,902,-889
107900252,149,1,148
107900253,24,0,24
107900254,32,86,-54
107900255,294,18,276
107900256,264,356,-92
107900257,34,27,7
107900258,34,166,-132
107900259,32,359,-327
107900261,2,334,-332
107900262,15,81,-66
107900264,68,0,68
107900265,26,207,-181
107900267,21,9,12
107900268,46,3,43
107900269,0,7,-7
107900270,0,0,0
107900271,2,2,0
107900272,85,2,83
107900273,9,33,-24
107900274,8,0,8
107900275,5,0,5
107900276,0,46,-46
107900277,0,163,-163
107900278,74,333,-259
107900279,97,41,56
107900280,1319,569,750
107900281,2645,578,2067
107900282,46,59,-13
107900283,972,278,694
107900284,78,732,-654
107900285,18,101,-83
107900286,31,37,-6
107900287,74,62,12
107900290,0,26,-26
107900291,159,3,156
107900292,67,204,-137
107900293,20,447,-427
107900295,15,123,-108
107900297,4,187,-183
107900298,514,615,-101
107900299,3432,678,2754
107900301,197,164,33
107900302,47,6,41
107900303,12,217,-205
107900304,76,497,-421
107900305,46,5,41
107900306,4,2,2
107900307,27,302,-275
107900308,97,18,79
107900309,0,0,0
107900310,0,0,0
107900311,105,44,61
107900312,0,0,0
107900313,0,31,-31
107900314,1,28,-27
107900315,0,21,-21
107900316,6,0,6
107900317,27,0,27
107900318,4,66,-62
107900319,2,145,-143
107900320,4,116,-112
107900321,33,4,29
107900322,0,118,-118
107900323,2,67,-65
107900324,53,1,52
107900325,33,0,33
107900326,38,255,-217
107900327,0,0,0
107900328,0,0,0
107900329,0,0,0
107900330,1,391,-390
107900331,45,25,20
107900332,48,39,9
107900333,27,5,22
107900334,10,260,-250
107900335,27,62,-35
107900336,5,31,-26
107900337,1095,259,836
107900338,1,82,-81
107900339,0,10,-10
107900340,0,30,-30
107900341,7,0,7
107900342,21,107,-86
107900343,4,0,4
107900344,1,123,-122
107900345,38,15,23
107900346,7,1,6
107900347,7,0,7
107900348,1,1,0
107900349,5,1,4
107900350,21,304,-283
107900351,1,198,-197
107900352,0,54,-54
107900353,5,1,4
107900354,4,61,-57
108000001,1426,1642,-216
108000002,2042,3275,-1233
108000003,1670,1186,484
108000004,14276,12286,1990
108000005,2542,1998,544
108000006,3686,5163,-1477
108000007,2415,2353,62
108000008,3528,4916,-1388
108000009,1245,1988,-743
108000010,1581,4675,-3094
108000011,6026,4443,1583
108000012,13887,12814,1073
108000014,264,262,2
108000015,229,259,-30
108000016,166,600,-434
108000017,337,307,30
108000018,584,298,286
108000019,641,392,249
108000020,539,248,291
108000021,219,1249,-1030
108000022,369,1137,-768
108000023,479,54,425
108000024,87,596,-509
108000025,82,188,-106
108000026,178,565,-387
108000027,187,712,-525
108000028,128,229,-101
108000029,102,852,-750
108000030,127,179,-52
108000031,103,450,-347
108000032,528,250,278
108000033,269,1067,-798
108000034,608,246,362
108000035,595,2216,-1621
108000036,222,1299,-1077
108000037,702,151,551
108000038,859,246,613
108000039,338,2544,-2206
108000040,647,321,326
108000041,444,2658,-2214
108000042,55,232,-177
108000043,102,344,-242
108000044,71,134,-63
108000045,91,766,-675
108000046,474,192,282
108000047,199,984,-785
108000048,74,439,-365
108000049,189,139,50
108000050,145,744,-599
108000051,75,33,42
108000052,259,722,-463
108000053,119,66,53
108000054,323,837,-514
108000055,452,194,258
108000056,783,970,-187
108000057,301,331,-30
108000058,1204,1137,67
108000059,2762,1351,1411
108000060,87,374,-287
108000061,237,561,-324
108000062,248,238,10
108000063,290,613,-323
108000064,77,209,-132
108000065,280,511,-231
108000066,1099,504,595
108000067,669,241,428
108000068,256,285,-29
108000069,145,1093,-948
108000070,509,386,123
108000071,413,2052,-1639
108000072,554,538,16
108000073,892,1636,-744
108000074,118,212,-94
108000075,200,649,-449
108000076,260,214,46
108000077,553,713,-160
108000078,1013,649,364
108000079,838,1493,-655
108000080,381,350,31
108000081,251,2389,-2138
108000082,696,1135,-439
108000083,730,440,290
108000084,283,1003,-720
108000085,262,220,42
108000086,579,658,-79
108000087,65,625,-560
108000088,372,117,255
108000089,138,130,8
108000091,76,568,-492
108000092,61,51,10
108000093,61,701,-640
108000094,202,70,132
108000095,69,435,-366
108000096,98,142,-44
108000097,89,509,-420
108000098,399,1014,-615
108000099,383,266,117
108000100,33,251,-218
108000101,419,475,-56
108000102,634,1098,-464
108000106,303,0,303
108000107,2,470,-468
108000108,195,13,182
108000109,10,676,-666
108000110,65,173,-108
108000111,60,674,-614
108000112,26,50,-24
108000113,396,242,154
108000115,335,289,46
108000117,525,189,336
108000118,222,485,-263
108000119,529,417,112
108000120,60,313,-253
108000121,173,546,-373
108000122,152,226,-74
108000123,177,269,-92
108000124,95,450,-355
108000125,79,365,-286
108000126,40,693,-653
108000127,94,390,-296
108000128,130,808,-678
108000129,84,1659,-1575
108000130,76,316,-240
108000131,370,111,259
108000132,838,1015,-177
108000133,245,243,2
108000134,471,744,-273
108000135,333,202,131
108000136,826,977,-151
108000137,80,309,-229
108000138,126,901,-775
108000139,36,361,-325
108000140,8,27,-19
108000141,5,137,-132
108000142,14,128,-114
108000143,16,644,-628
108000144,63,63,0
108000145,18,19,-1
108000146,102,38,64
108000147,7,32,-25
108000148,67,37,30
108000149,14,14,0
108000150,8,1,7
108000151,86,20,66
108000152,56,514,-458
108000153,53,68,-15
108000154,16,7,9
108000155,25,9,16
108000156,544,371,173
108000157,57,235,-178
108000158,56,218,-162
108000159,596,96,500
108000160,4679,407,4272
108000161,3383,476,2907
108000165,0,61,-61
108000172,1,84,-83
108000173,2316,739,1577
108000175,105,75,30
108000178,416,226,190
108000179,156,406,-250
108000181,24,26,-2
108000182,254,46,208
108000183,23,272,-249
108000184,1049,701,348
108000185,24,526,-502
108000186,89,617,-528
108000187,29,724,-695
108000188,82,203,-121
108000189,1469,1379,90
108000190,11,58,-47
108000192,30,632,-602
108000193,351,30,321
108000194,14,8,6
108000195,3,1134,-1131
108000196,54,83,-29
108000198,283,360,-77
108000199,0,125,-125
108000200,97,647,-550
108000203,21,680,-659
108000204,17,20,-3
108000205,329,358,-29
108000339,1009,163,846
108000364,348,317,31
108000365,16,353,-337
108000367,62,294,-232
108000368,6,39,-33
108000369,1167,44,1123
108000371,11,620,-609
108000372,152,0,152
108000373,83,152,-69
108000376,31,24,7
108000377,168,276,-108
108000378,6016,4303,1713
108000379,15,86,-71
108000381,15,9,6
108000382,59,15,44
108000383,0,107,-107
108900001,89,1002,-913
108900002,125,36,89
108900003,281,1084,-803
108900004,128,70,58
108900007,41,82,-41
108900008,26,111,-85
108900009,9,78,-69
108900010,46,96,-50
108900011,151,299,-148
108900012,47,412,-365
108900013,8,199,-191
108900014,0,51,-51
108900015,0,9,-9
108900016,0,118,-118
108900017,54,99,-45
108900018,24,462,-438
108900019,6,1064,-1058
108900020,18,250,-232
108900021,60,304,-244
108900022,19,0,19
108900023,16,24,-8
108900024,3,185,-182
108900025,17,99,-82
108900026,1,81,-80
108900027,0,109,-109
108900028,12,481,-469
108900029,8,161,-153
108900030,0,135,-135
108900031,21,650,-629
108900032,2,188,-186
108900033,1,42,-41
108900034,3,294,-291
108900035,94,1853,-1759
108900038,1,403,-402
108900039,0,621,-621
108900040,3,74,-71
108900041,4653,1047,3606
108900042,2,159,-157
108900043,15,424,-409
108900044,5,677,-672
108900045,8,664,-656
108900046,31,895,-864
108900047,5,73,-68
108900048,77,978,-901
108900049,4603,377,4226
108900050,0,291,-291
108900051,0,201,-201
108900052,1,272,-271
108900053,32,53,-21
108900054,33,187,-154
108900055,34,402,-368
108900056,2,144,-142
108900057,4,152,-148
108900058,19,547,-528
108900059,105,7,98
108900060,21,58,-37
108900061,25,17,8
108900062,1,380,-379
108900063,0,363,-363
108900064,36,70,-34
108900065,4,326,-322
108900066,75,81,-6
108900067,6,229,-223
108900068,5,208,-203
108900069,5,113,-108
108900070,29,156,-127
108900071,15,43,-28
108900072,1885,121,1764
108900073,8,514,-506
108900074,26,379,-353
108900075,48,91,-43
108900076,58,33,25
108900077,164,610,-446
108900078,12,169,-157
108900079,487,166,321
108900080,9,151,-142
108900081,38,206,-168
108900082,11,122,-111
108900083,7,84,-77
108900085,1933,110,1823
108900086,22,394,-372
108900087,90,147,-57
108900088,315,142,173
108900089,10,34,-24
108900090,5,449,-444
108900091,67,65,2
108900092,152,138,14
108900093,24,22,2
108900094,86,41,45
108900095,63,633,-570
108900096,435,22,413
108900097,130,155,-25
108900098,2688,175,2513
108900099,145,298,-153
108900100,12,90,-78
108900101,26,31,-5
108900102,54,215,-161
108900103,20,19,1
108900105,4,236,-232
108900106,123,463,-340
108900108,104,5,99
108900109,70,21,49
108900110,56,413,-357
108900111,64,550,-486
108900113,33,7,26
108900114,12,2,10
108900115,23,25,-2
108900116,8,5,3
108900117,11,8,3
108900118,101,3,98
108900119,30,20,10
108900120,103,59,44
108900121,118,16,102
108900122,12,13,-1
108900123,12,15,-3
108900124,114,34,80
108900125,60,3,57
108900126,20,0,20
108900127,8,19,-11
108900128,25,7,18
108900129,190,41,149
108900130,57,0,57
108900131,53,0,53
108900132,70,32,38
108900133,37,11,26
108900134,41,244,-203
108900135,15,3,12
108900136,3,0,3
108900137,34,0,34
108900138,115,6,109
108900140,48,211,-163
108900141,48,5,43
108900142,9,2,7
108900143,4,1,3
108900144,16,0,16
108900145,41,2,39
108900146,15,0,15
108900147,26,1,25
108900148,53,33,20
108900150,84,0,84
108900151,5,0,5
108900152,5,0,5
108900153,32,413,-381
108900154,1529,187,1342
108900156,7,3,4
108900157,5,535,-530
108900158,26,24,2
108900159,4,304,-300
108900160,9,248,-239
108900161,1,426,-425
108900162,16,0,16
108900163,2,72,-70
108900164,22,108,-86
108900168,9656,772,8884
108900169,16,117,-101
108900171,6384,771,5613
108900172,126,15,111
108900173,153,239,-86
108900174,142,261,-119
108900176,60,622,-562
108900177,7902,1017,6885
108900178,4607,716,3891
108900180,40,88,-48
108900183,127,126,1
108900184,76,88,-12
108900185,15,274,-259
108900186,7,297,-290
108900189,68,107,-39
108900190,15,2400,-2385
108900192,23,248,-225
108900195,36,302,-266
108900196,3,514,-511
108900199,49,257,-208
108900200,128,237,-109
108900201,112,944,-832
108900203,116,11,105
108900204,71,1,70
108900205,66,4,62
108900206,49,12,37
108900207,46,24,22
108900208,16,329,-313
108900209,174,457,-283
108900210,100,130,-30
108900211,92,67,25
108900212,431,285,146
108900215,54,690,-636
108900216,210,36,174
108900217,11,1,10
108900218,25,2,23
108900221,14,27,-13
108900224,13,74,-61
108900225,0,98,-98
108900227,23,31,-8
108900230,325,249,76
108900232,0,351,-351
108900233,63,23,40
108900234,135,18,117
108900235,119,554,-435
108900236,19,317,-298
108900240,15,61,-46
108900241,18,3,15
108900245,1,215,-214
108900250,23,43,-20
108900258,10,208,-198
108900259,9,47,-38
108900260,2,93,-91
108900261,137,118,19
108900262,243,75,168
108900263,36,270,-234
108900264,243,196,47
108900265,1373,130,1243
108900266,808,89,719
108900267,0,12,-12
108900268,16,1,15
108900269,18,3,15
108900270,24,1,23
108900271,3,5,-2
108900272,31,1,30
108900273,763,217,546
108900274,13,40,-27
109000001,2049,666,1383
109000002,2735,1118,1617
109000003,1344,409,935
109000004,390,2471,-2081
109000005,1130,633,497
109000006,481,1806,-1325
109000007,491,543,-52
109000008,289,1714,-1425
109000009,1599,675,924
109000010,986,3204,-2218
109000011,1315,968,347
109000012,1166,3837,-2671
109000013,1289,1149,140
109000014,879,3324,-2445
109000015,2740,2790,-50
109000016,8722,3737,4985
109000017,1170,711,459
109000018,540,3203,-2663
109000019,1316,651,665
109000020,1135,2041,-906
109000023,115,7,108
109000024,3,156,-153
109000025,217,271,-54
109000026,533,306,227
109000027,40,203,-163
109000028,87,54,33
109000029,93,63,30
109000030,41,535,-494
109000031,70,62,8
109000032,64,472,-408
109000033,126,83,43
109000034,21,20,1
109000035,4,25,-21
109000036,38,320,-282
109000037,130,444,-314
109000038,347,211,136
109000039,338,242,96
109000040,2804,1230,1574
109000041,4182,737,3445
109000042,730,636,94
109000044,165,156,9
109000045,104,475,-371
109000046,94,40,54
109000047,30,358,-328
109000048,591,346,245
109000049,143,360,-217
109000050,321,383,-62
109000051,190,237,-47
109000052,178,1587,-1409
109000053,233,157,76
109000054,51,553,-502
109000055,36,93,-57
109000056,93,557,-464
109000057,128,120,8
109000058,659,366,293
109000059,206,587,-381
109000060,370,186,184
109000061,1191,279,912
109000062,55,97,-42
109000063,147,165,-18
109000064,28,91,-63
109000065,42,312,-270
109000066,143,87,56
109000067,22,280,-258
109000068,145,37,108
109000069,292,0,292
109000070,2,675,-673
109000071,154,51,103
109000072,97,524,-427
109000073,20,55,-35
109000074,15,256,-241
109000075,31,393,-362
109000076,52,113,-61
109000077,359,314,45
109000078,19,72,-53
109000079,101,247,-146
109000080,54,139,-85
109000081,63,589,-526
109000082,174,273,-99
109000083,106,956,-850
109000088,60,334,-274
109000089,131,7,124
109000090,164,421,-257
109000091,132,35,97
109000092,280,497,-217
109000093,101,48,53
109000094,69,1,68
109000095,55,711,-656
109000096,218,85,133
109000097,75,79,-4
109000098,24,53,-29
109000099,292,201,91
109000100,117,539,-422
109000101,400,551,-151
109000102,208,745,-537
109000103,281,500,-219
109000104,478,399,79
109000105,203,1434,-1231
109000106,890,370,520
109000107,226,1718,-1492
109000108,656,303,353
109000109,309,1934,-1625
109000110,493,260,233
109000111,622,1948,-1326
109000112,190,112,78
109000113,110,152,-42
109000114,73,336,-263
109000115,590,81,509
109000116,9,469,-460
109000117,42,86,-44
109000118,6,305,-299
109000119,221,254,-33
109000120,52,1020,-968
109000121,93,102,-9
109000122,55,980,-925
109000123,29,235,-206
109000124,184,280,-96
109000125,243,231,12
109000126,177,851,-674
109000127,410,211,199
109000128,230,2374,-2144
109000129,513,156,357
109000130,617,2857,-2240
109000131,518,247,271
109000132,644,2363,-1719
109000133,148,782,-634
109000134,392,1268,-876
109000135,550,976,-426
109000136,137,377,-240
109000137,82,276,-194
109000138,166,437,-271
109000139,120,368,-248
109000140,61,717,-656
109000141,200,447,-247
109000142,73,444,-371
109000143,48,35,13
109000145,35,161,-126
109000146,81,47,34
109000148,3316,303,3013
109000149,16,21,-5
109000150,98,97,1
109000155,168,422,-254
109000156,922,801,121
109000158,11,171,-160
109000159,20,533,-513
109000160,275,254,21
109000161,112,1359,-1247
109000162,777,881,-104
109000163,334,1428,-1094
109000164,612,2351,-1739
109000165,431,563,-132
109000166,191,95,96
109000167,47,766,-719
109000170,14,31,-17
109000171,28,28,0
109000172,32,35,-3
109000173,6,12,-6
109000174,34,48,-14
109000175,28,482,-454
109000176,74,273,-199
109000177,6,88,-82
109000178,186,335,-149
109000179,6223,1425,4798
109000180,3690,1985,1705
109000181,4,27,-23
109000182,3,28,-25
109000183,12,50,-38
109000184,10,13,-3
109000185,12,42,-30
109000188,197,2281,-2084
109000189,738,680,58
109000190,236,461,-225
109000191,253,663,-410
109000192,66,265,-199
109000193,76,515,-439
109000194,46,121,-75
109000195,43,455,-412
109000196,90,96,-6
109000197,72,462,-390
109000198,93,35,58
109000199,29,528,-499
109000206,100,23,77
109000207,37,34,3
109000208,58,36,22
109000209,81,64,17
109000210,151,394,-243
109000211,133,225,-92
109000214,178,1334,-1156
109000215,35,68,-33
109000216,118,63,55
109000217,89,42,47
109000218,79,56,23
109000221,136,980,-844
109000222,339,54,285
109000223,121,125,-4
109000224,20,314,-294
109000225,39,45,-6
109000226,31,293,-262
109000227,305,1063,-758
109000228,1,276,-275
109000231,0,426,-426
109000232,74,500,-426
109000236,102,741,-639
109000241,820,1518,-698
109000242,644,947,-303
109000293,33,150,-117
109000361,64,237,-173
109000364,95,453,-358
109000396,3,774,-771
109000397,131,1,130
109000399,106,481,-375
109000400,44,373,-329
109000403,14,186,-172
109000406,172,12,160
109000407,76,173,-97
109000408,2,666,-664
109000410,321,106,215
109000411,39,23,16
109000412,0,96,-96
109900001,33,1,32
109900002,193,8,185
109900003,19,0,19
109900005,6,2,4
109900006,150,191,-41
109900007,122,734,-612
109900008,0,16,-16
109900009,58,806,-748
109900010,99,4,95
109900011,32,12,20
109900012,60,112,-52
109900013,104,45,59
109900014,83,15,68
109900015,92,48,44
109900016,16,35,-19
109900017,48,38,10
109900018,31,114,-83
109900019,25,53,-28
109900020,5,18,-13
109900021,2,7,-5
109900022,52,327,-275
109900023,11,4,7
109900024,2,1,1
109900025,7,38,-31
109900027,26,7,19
109900028,2304,233,2071
109900029,3,468,-465
109900030,3,1,2
109900031,26,53,-27
109900032,4,239,-235
109900033,1,472,-471
109900034,3,0,3
109900035,11,8,3
109900036,5,93,-88
109900037,4,503,-499
109900038,22,182,-160
109900039,1,0,1
109900040,3,697,-694
109900041,23,417,-394
109900042,6,366,-360
109900044,54,323,-269
109900045,28,19,9
109900046,42,66,-24
109900047,165,314,-149
109900048,0,52,-52
109900049,1,16,-15
109900050,2,302,-300
109900051,0,39,-39
109900052,17,194,-177
109900053,1,512,-511
109900054,165,67,98
109900055,9,156,-147
109900056,20,58,-38
109900057,2,219,-217
109900058,0,129,-129
109900060,133,168,-35
109900061,61,235,-174
109900062,0,275,-275
109900064,103,162,-59
109900065,96,116,-20
109900066,108,881,-773
109900067,0,435,-435
109900068,6,1,5
109900069,4,21,-17
109900071,0,24,-24
109900072,5,87,-82
109900073,34,554,-520
109900074,1,42,-41
109900075,3,19,-16
109900076,9,440,-431
109900077,17,46,-29
109900078,36,224,-188
109900080,46,248,-202
109900081,2,70,-68
109900082,24,424,-400
109900083,12,25,-13
109900084,10,122,-112
109900085,85,1119,-1034
109900086,31,144,-113
109900087,57,228,-171
109900089,145,59,86
109900092,116,5,111
109900093,165,56,109
109900094,13,62,-49
109900095,37,179,-142
109900096,4,0,4
109900097,32,1,31
109900098,83,9,74
109900099,23,0,23
109900100,13,0,13
109900101,83,5,78
109900102,152,11,141
109900103,0,23,-23
109900104,88,1014,-926
109900105,190,22,168
109900106,53,64,-11
109900107,98,34,64
109900108,31,543,-512
109900109,9,161,-152
109900111,97,1026,-929
109900114,269,231,38
109900115,34,40,-6
109900117,162,61,101
109900121,202,29,173
109900123,1,150,-149
109900125,0,233,-233
109900126,29,163,-134
109900130,10281,569,9712
109900131,55,105,-50
109900132,25,180,-155
109900134,35,21,14
109900135,310,39,271
109900137,21,329,-308
109900140,53,303,-250
109900149,42,31,11
109900150,0,33,-33
109900151,1,54,-53
109900152,0,21,-21
109900153,2,35,-33
109900154,3,0,3
109900155,18,1,17
109900157,17,249,-232
109900159,26,28,-2
109900161,100,28,72
109900162,51,20,31
109900163,416,209,207
109900164,21,234,-213
109900165,49,3,46
109900166,2,135,-133
109900167,74,384,-310
109900168,70,455,-385
109900169,22,89,-67
109900170,200,242,-42
109900171,28,60,-32
109900172,40,136,-96
109900173,3220,510,2710
109900174,19,107,-88
109900175,14,54,-40
109900176,49,149,-100
109900177,18,253,-235
109900178,2,96,-94
109900179,2,23,-21
109900180,2,3,-1
110000001,515,396,119
110000002,322,356,-34
110000003,718,543,175
110000004,358,340,18
110000005,656,773,-117
110000006,441,299,142
110000007,57,165,-108
110000008,16,42,-26
110000009,14,61,-47
110000010,30,60,-30
110000011,12,98,-86
110000012,612,341,271
110000013,23,219,-196
110000014,586,307,279
110000015,307,366,-59
110000016,209,622,-413
110000017,3278,193,3085
110000018,2807,391,2416
110000019,21,143,-122
110000020,392,161,231
110000021,319,241,78
110000022,312,53,259
110000023,8,131,-123
110000024,435,232,203
110000025,75,1,74
110000026,3,511,-508
110000027,288,251,37
110000028,366,535,-169
110000029,298,717,-419
110000030,114,280,-166
110000031,120,501,-381
110000032,448,379,69
110000033,71,60,11
110000034,119,637,-518
110000035,170,936,-766
110000036,183,657,-474
110000037,50,551,-501
110000038,99,451,-352
110000039,423,1040,-617
110000040,226,411,-185
110000041,89,514,-425
110000042,43,207,-164
110000043,280,117,163
110000044,25,47,-22
110000045,183,41,142
110000046,5,8,-3
110000047,3,7,-4
110000048,2,16,-14
110000049,10,1,9
110000050,2,14,-12
110000051,24,1,23
110000052,23,29,-6
110000053,21,2,19
110000054,33,95,-62
110000055,153,13,140
110000056,97,38,59
110000057,284,703,-419
110000058,528,482,46
110000059,317,537,-220
110000060,379,643,-264
110000061,535,715,-180
110000062,474,490,-16
110000063,11,87,-76
110000064,44,84,-40
110000065,27,67,-40
110000066,40,41,-1
110000067,33,222,-189
110000068,60,476,-416
110000069,38,66,-28
110000071,45,126,-81
110000073,4,14,-10
110000075,0,94,-94
110000076,151,69,82
110000077,283,225,58
110000078,2,60,-58
110000080,169,438,-269
110000081,11,202,-191
110000082,16,164,-148
110000083,122,510,-388
110000084,358,227,131
110000085,2625,1097,1528
110000086,990,353,637
110000087,2,31,-29
110000088,8,147,-139
110000089,117,146,-29
110000090,30,232,-202
110000091,1377,234,1143
110000092,14,104,-90
110000093,15,3,12
110000094,326,230,96
110000095,57,256,-199
110000096,3493,1425,2068
110000097,621,595,26
110000098,731,282,449
110000099,779,1114,-335
110000100,113,687,-574
110000101,6,528,-522
110000102,15,39,-24
110000104,39,42,-3
110000105,31,221,-190
110000106,184,137,47
110000107,243,441,-198
110000108,103,23,80
110000109,170,227,-57
110000110,3255,1262,1993
110000111,6571,931,5640
110000112,925,226,699
110000113,608,417,191
110000114,51,169,-118
110000115,144,284,-140
110000116,40,63,-23
110000117,95,619,-524
110000118,147,244,-97
110000119,92,333,-241
110000120,122,112,10
110000121,44,193,-149
110000122,120,349,-229
110000123,196,262,-66
110000124,3,681,-678
110000125,514,3,511
110000126,113,8,105
110000127,213,12,201
110000128,22,1316,-1294
110000129,5,700,-695
110000130,68,43,25
110000131,81,511,-430
110000132,2,652,-650
110000133,32,234,-202
110000134,23,264,-241
110000135,121,7,114
110000136,39,262,-223
110000137,225,473,-248
110000138,224,796,-572
110000139,321,1205,-884
110000140,524,181,343
110000143,581,223,358
110000144,2763,589,2174
110000145,867,401,466
110000146,953,410,543
110000147,93,421,-328
110000148,344,270,74
110000151,585,420,165
110000152,561,176,385
110000153,18,80,-62
110000154,3,11,-8
110000155,659,907,-248
110000156,515,703,-188
110000157,660,983,-323
110000160,204,401,-197
110000161,165,368,-203
110000166,68,85,-17
110000167,360,292,68
110000168,422,194,228
110000169,155,211,-56
110000170,52,66,-14
110000171,255,155,100
110000172,109,649,-540
110000173,853,1085,-232
110000174,28,1116,-1088
110000175,204,111,93
110000176,16,197,-181
110000177,59,574,-515
110000178,311,424,-113
110000179,1116,262,854
110000180,48,312,-264
110000181,100,262,-162
110000182,262,205,57
110000183,8774,3110,5664
110000184,376,1167,-791
110000185,449,539,-90
110000186,601,419,182
110000191,145,307,-162
110000192,65,3,62
110000193,139,1,138
110000194,7,1166,-1159
110000195,75,355,-280
110000196,91,448,-357
110000197,8,193,-185
110000198,38,45,-7
110000199,19,93,-74
110000200,1091,551,540
110000201,151,332,-181
110000202,490,229,261
110000203,432,656,-224
110000204,2,253,-251
110000205,14,77,-63
110000206,317,1263,-946
110000207,198,249,-51
110000208,37,113,-76
110000209,86,653,-567
110000210,247,475,-228
110000211,284,599,-315
110000212,181,545,-364
110000213,42,32,10
110000214,57,78,-21
110000215,39,577,-538
110000216,18,568,-550
110000217,67,151,-84
110000218,58,417,-359
110000219,78,51,27
110000220,11,349,-338
110000221,80,71,9
110000222,16,291,-275
110000223,4,49,-45
110000224,67,6,61
110000225,107,364,-257
110000226,148,61,87
110000227,256,276,-20
110000228,227,293,-66
110000229,0,161,-161
110000230,269,589,-320
110000231,67,110,-43
110000232,81,170,-89
110000233,69,188,-119
110000234,288,270,18
110000235,734,550,184
110000236,179,858,-679
110000237,695,841,-146
110000238,656,1129,-473
110000239,711,1009,-298
110000240,0,121,-121
110000242,0,19,-19
110000243,30,176,-146
110000244,58,260,-202
110000245,25,348,-323
110000246,226,570,-344
110000247,1498,2317,-819
110000248,2326,976,1350
110000249,52,5,47
110000250,5,181,-176
110000251,34,372,-338
110000252,103,317,-214
110000253,761,267,494
110000254,758,1153,-395
110000255,244,912,-668
110000256,435,112,323
110000257,476,281,195
110000258,8,351,-343
110000259,85,18,67
110000260,12,438,-426
110000263,497,38,459
110000264,105,497,-392
110000265,762,1133,-371
110000266,1461,1454,7
110000267,6,139,-133
110000268,210,306,-96
110000269,2,55,-53
110000270,13,1,12
110000271,1988,197,1791
110000272,412,719,-307
110000273,1982,839,1143
110000274,90,711,-621
110000275,2476,389,2087
110000276,76,198,-122
110000277,78,288,-210
110000278,196,685,-489
110000279,375,573,-198
110000280,117,350,-233
110000281,10,118,-108
110000282,157,29,128
110000283,34,41,-7
110000284,10,11,-1
110000285,0,96,-96
110000286,13,2,11
110000287,17,1,16
110000288,0,44,-44
110000289,267,777,-510
110000290,1098,511,587
110000291,4923,1037,3886
110000292,829,2929,-2100
110000293,189,888,-699
110000294,351,809,-458
110000295,65,646,-581
110000296,110,301,-191
110000297,2390,180,2210
110000298,395,336,59
110000299,583,19,564
110000301,115,7,108
110000302,147,1279,-1132
110000303,112,5,107
110000304,69,220,-151
110000305,303,10,293
110000306,51,1735,-1684
110000307,361,2,359
110000308,126,6,120
110000309,9,1324,-1315
110000310,268,68,200
110000311,12,729,-717
110000312,506,22,484
110000313,3062,1207,1855
110000314,1,158,-157
110000315,1800,1040,760
110000316,528,1012,-484
110000317,285,157,128
110000318,0,59,-59
110000319,3,11,-8
110000320,10,42,-32
110000321,6,27,-21
110000322,50,464,-414
110000323,178,302,-124
110000324,4352,872,3480
110000325,1441,1626,-185
110000327,319,131,188
110000328,99,413,-314
110000333,297,382,-85
110000334,307,1154,-847
110000335,555,417,138
110000336,299,1176,-877
110000337,351,392,-41
110000338,71,203,-132
110000339,98,212,-114
110000340,11,135,-124
110000341,130,465,-335
110000342,253,1,252
110000343,0,7,-7
110000344,46,161,-115
110000345,43,42,1
110000346,1597,1039,558
110000347,696,684,12
110000348,3,12,-9
110000349,9,32,-23
110000350,35,2,33
110000351,321,747,-426
110000352,168,1075,-907
110000353,2775,676,2099
110000354,354,1129,-775
110000355,49,60,-11
110000356,367,1,366
110000357,182,8,174
110000361,1,112,-111
110000362,22,39,-17
110000363,85,95,-10
110000364,54,320,-266
110000365,59,0,59
110000366,0,91,-91
110000367,174,249,-75
110000368,0,65,-65
110000369,9,1,8
110000373,5,247,-242
110000374,13,4,9
110000375,67,443,-376
110000376,23,110,-87
110000377,41,221,-180
110000378,14,205,-191
110000379,2808,510,2298
110000380,16,10,6
110000383,1,365,-364
110000384,1448,160,1288
110000385,0,127,-127
110000387,34,9,25
110000388,10,251,-241
110000389,137,1,136
110000391,99,323,-224
110000396,43,114,-71
110000397,30,180,-150
110000398,6,37,-31
110000399,160,33,127
110000587,29,62,-33
110000589,67,171,-104
110000640,86,120,-34
110000652,7,53,-46
110000653,118,393,-275
110000654,1,26,-25
110000656,1,539,-538
110000674,17,16,1
110000675,0,5,-5
110000676,0,20,-20
110000679,555,210,345
110000682,96,67,29
110000683,248,340,-92
110000684,0,41,-41
110000685,13,6,7
110000686,2,12,-10
110000687,10,0,10
110000688,38,241,-203
110000689,30,64,-34
110000692,36,220,-184
110000693,66,168,-102
110000694,1,86,-85
110000695,74,628,-554
110000696,79,92,-13
110000698,17,305,-288
110000699,65,319,-254
110900001,52,0,52
110900002,121,176,-55
110900003,129,1025,-896
110900004,66,207,-141
110900005,3632,557,3075
110900006,34,4,30
110900007,15,4,11
110900008,4,48,-44
110900009,128,20,108
110900010,2,59,-57
110900011,4,78,-74
110900012,1,168,-167
110900013,268,79,189
110900014,53,22,31
110900015,611,96,515
110900016,0,230,-230
110900017,77,41,36
110900018,154,17,137
110900019,42,16,26
110900020,10,429,-419
110900021,25,527,-502
110900022,42,324,-282
110900023,22,349,-327
110900024,22,427,-405
110900025,1,35,-34
110900027,3,201,-198
110900028,13,128,-115
110900029,25,378,-353
110900030,8,311,-303
110900031,2,154,-152
110900032,0,130,-130
110900033,16,275,-259
110900035,15,314,-299
110900036,21,20,1
110900037,36,9,27
110900038,828,92,736
110900039,7,186,-179
110900040,70,20,50
110900041,5,141,-136
110900042,12,23,-11
110900043,0,158,-158
110900044,176,17,159
110900045,35,553,-518
110900046,112,244,-132
110900047,459,47,412
110900049,15,19,-4
110900050,2,1,1
110900052,3,266,-263
110900053,18,28,-10
110900054,5,266,-261
110900055,14,0,14
110900056,28,75,-47
110900057,4,289,-285
110900058,57,172,-115
110900059,366,700,-334
110900060,98,38,60
110900061,12,36,-24
110900062,30,203,-173
110900063,3,59,-56
110900064,4,0,4
110900065,344,70,274
110900066,1,50,-49
110900067,382,137,245
110900068,202,190,12
110900069,1,19,-18
110900070,82,47,35
110900071,107,166,-59
110900073,0,16,-16
110900074,81,50,31
110900075,109,35,74
110900077,80,193,-113
110900078,1,113,-112
110900079,1905,266,1639
110900080,9,25,-16
110900081,0,108,-108
110900082,18,186,-168
110900083,34,18,16
110900084,5,228,-223
110900085,25,252,-227
110900086,22,48,-26
110900087,53,76,-23
110900088,4,0,4
110900090,12,14,-2
110900091,0,35,-35
110900093,67,57,10
110900095,11,21,-10
110900097,3,14,-11
110900098,4,96,-92
110900099,25,416,-391
110900100,0,21,-21
110900102,5,10,-5
110900105,328,230,98
110900108,0,73,-73
110900111,110,44,66
110900112,148,1,147
110900113,429,10,419
110900115,1,89,-88
110900116,115,2089,-1974
110900118,151,398,-247
110900119,5275,166,5109
110900120,1,100,-99
110900121,36,0,36
110900122,71,112,-41
110900125,74,161,-87
110900127,416,374,42
110900128,339,227,112
110900129,155,99,56
110900130,817,148,669
110900131,16,38,-22
110900132,54,12,42
110900133,12,279,-267
110900135,47,399,-352
110900136,98,10,88
110900139,9,0,9
110900140,8,0,8
110900141,136,65,71
110900142,15,179,-164
110900143,34,37,-3
110900144,1,575,-574
110900145,34,2,32
110900146,243,16,227
110900147,118,124,-6
110900148,1,230,-229
110900149,1,34,-33
110900150,5,12,-7
110900151,1,31,-30
110900152,6,379,-373
110900153,48,12,36
111000001,191,414,-223
111000002,559,732,-173
111000003,305,351,-46
111000004,341,1271,-930
111000005,626,466,160
111000006,560,1467,-907
111000007,2693,1160,1533
111000008,3345,2866,479
111000009,190,753,-563
111000010,326,217,109
111000011,399,662,-263
111000012,428,223,205
111000013,191,1248,-1057
111000014,728,458,270
111000017,63,340,-277
111000018,141,289,-148
111000020,1686,1375,311
111000021,47,100,-53
111000023,69,146,-77
111000025,5314,1189,4125
111000029,39,97,-58
111000030,24,41,-17
111000031,1771,447,1324
111000032,370,192,178
111000033,171,121,50
111000034,239,168,71
111000037,2817,1395,1422
111000038,2804,2014,790
111000039,980,2011,-1031
111000040,1057,2038,-981
111000041,1015,948,67
111000042,5844,2312,3532
111000043,1170,982,188
111000044,705,377,328
111000045,805,1040,-235
111000046,487,781,-294
111000047,1104,1514,-410
111000049,243,519,-276
111000050,1461,1681,-220
111000051,258,1071,-813
111000052,407,1304,-897
111000053,309,1008,-699
111000054,196,878,-682
111000055,774,1858,-1084
111000056,82,696,-614
111000057,34,761,-727
111000058,88,118,-30
111000059,111,222,-111
111000060,1566,547,1019
111000061,189,274,-85
111000062,303,142,161
111000063,1012,678,334
111000064,310,539,-229
111000065,553,577,-24
111000066,191,184,7
111000067,197,654,-457
111000068,111,463,-352
111000069,1277,1463,-186
111000070,2286,1217,1069
111000071,224,766,-542
111000072,321,218,103
111000073,125,381,-256
111000074,966,967,-1
111000075,265,537,-272
111000076,187,690,-503
111000077,684,1005,-321
111000078,1266,808,458
111000079,928,540,388
111000080,230,575,-345
111000081,1839,2120,-281
111000082,347,554,-207
111000084,344,393,-49
111000085,587,1590,-1003
111000086,2607,1218,1389
111000087,543,770,-227
111000088,5190,1365,3825
111000089,326,760,-434
111000090,958,1119,-161
111000091,453,716,-263
111000092,561,1215,-654
111000093,298,552,-254
111000094,792,743,49
111000095,520,1046,-526
111000096,2507,3561,-1054
111000097,5534,888,4646
111000098,296,1441,-1145
111000099,272,2660,-2388
111000100,150,2366,-2216
111000101,305,653,-348
111000102,39,686,-647
111000104,111,124,-13
111000107,52,683,-631
111000109,110,139,-29
111000110,348,402,-54
111000111,636,332,304
111000112,714,196,518
111000113,430,299,131
111000114,1095,589,506
111000115,6958,499,6459
111000116,617,601,16
111000117,452,572,-120
111000118,1271,806,465
111000119,702,1616,-914
111000120,263,493,-230
111000121,162,356,-194
111000122,246,905,-659
111000123,499,3120,-2621
111000124,223,3811,-3588
111000125,116,2336,-2220
111000126,43,1151,-1108
111000127,306,147,159
111000128,479,223,256
111000129,677,304,373
111000130,596,529,67
111000131,487,447,40
111000132,378,304,74
111000133,53,130,-77
111000134,71,99,-28
111000135,15,103,-88
111000136,168,227,-59
111000138,13,2,11
111000140,1,2,-1
111000141,43,133,-90
111000142,7,110,-103
111000143,1,75,-74
111000144,0,75,-75
111000145,23,2,21
111000146,13,4,9
111000147,93,6,87
111000148,49,35,14
111000149,3,15,-12
111000150,4,4,0
111000151,5,9,-4
111000153,418,304,114
111000154,598,139,459
111000155,72,141,-69
111000156,263,160,103
111000157,77,244,-167
111000158,580,448,132
111000159,2096,547,1549
111000160,147,409,-262
111000161,3,145,-142
111000162,2,124,-122
111000163,201,566,-365
111000164,700,1550,-850
111000165,1052,377,675
111000166,896,213,683
111000167,188,407,-219
111000168,166,336,-170
111000169,155,349,-194
111000170,297,239,58
111000171,253,948,-695
111000172,58,658,-600
111000173,126,1247,-1121
111000174,44,444,-400
111000175,28,232,-204
111000176,74,155,-81
111000177,51,278,-227
111000178,428,385,43
111000179,36,237,-201
111000180,110,279,-169
111000181,281,190,91
111000182,78,168,-90
111000183,125,211,-86
111000184,122,177,-55
111000185,199,551,-352
111000186,129,370,-241
111000187,43,312,-269
111000188,113,455,-342
111000189,1629,466,1163
111000190,118,567,-449
111000191,68,441,-373
111000192,129,629,-500
111000193,357,390,-33
111000194,21,496,-475
111000195,72,453,-381
111000196,20,328,-308
111000197,132,216,-84
111000198,157,100,57
111000199,27,153,-126
111000200,64,240,-176
111000201,218,144,74
111000202,82,162,-80
111000203,167,116,51
111000204,203,174,29
111000213,113,286,-173
111000214,702,1529,-827
111000215,560,1322,-762
111000217,572,673,-101
111000218,526,744,-218
111000219,351,223,128
111000220,2194,315,1879
111000221,492,104,388
111000224,129,392,-263
111000225,173,106,67
111000226,109,0,109
111000227,29,10,19
111000228,0,143,-143
111000229,10,188,-178
111000230,108,380,-272
111000231,186,1118,-932
111000232,137,862,-725
111000233,179,686,-507
111000234,22,125,-103
111000239,134,145,-11
111000240,20,35,-15
111000241,22,420,-398
111000242,36,28,8
111000243,40,770,-730
111000244,67,50,17
111000245,210,468,-258
111000246,102,532,-430
111000247,66,1010,-944
111000248,169,247,-78
111000249,274,867,-593
111000250,18,111,-93
111000251,36,118,-82
111000253,6,1,5
111000255,8,4,4
111000257,11,15,-4
111000260,18,955,-937
111000261,236,50,186
111000271,49,322,-273
111000273,6002,1263,4739
111000274,869,1330,-461
111000275,41,78,-37
111000276,184,2397,-2213
111000277,107,537,-430
111000278,270,217,53
111000291,404,1673,-1269
111000298,166,221,-55
111000299,367,46,321
111000300,60,499,-439
111000302,116,80,36
111000303,62,282,-220
111000312,29,58,-29
111000315,44,205,-161
111000320,185,651,-466
111000321,134,35,99
111000322,77,453,-376
111000323,57,16,41
111000324,265,271,-6
111000325,29,67,-38
111000326,38,289,-251
111000327,176,550,-374
111000328,122,314,-192
111000329,3,19,-16
111000330,34,23,11
111000331,8,3,5
111000332,237,889,-652
111000334,317,1480,-1163
111000335,151,69,82
111000337,172,372,-200
111000338,6,106,-100
111000339,82,478,-396
111000340,56,765,-709
111000341,568,118,450
111000342,25,179,-154
111000344,379,591,-212
111000345,157,20,137
111000346,26,58,-32
111000347,14,1,13
111000350,130,131,-1
111000351,29,228,-199
111000352,62,84,-22
111000353,24,262,-238
111000354,129,87,42
111000355,85,541,-456
111000358,55,1549,-1494
111000360,39,817,-778
111000361,54,346,-292
111000546,104,619,-515
111000547,91,496,-405
111000548,42,142,-100
111000549,80,308,-228
111000550,18,127,-109
111000551,453,79,374
111000552,149,43,106
111000907,122,9,113
111000908,9,0,9
111000916,308,164,144
111000917,20,320,-300
111000918,52,921,-869
111000920,151,12,139
111000921,1,334,-333
111000922,106,254,-148
111000924,16,801,-785
111000925,802,1238,-436
111000926,697,2778,-2081
111000927,1828,1888,-60
111000928,5125,2844,2281
111000929,433,697,-264
111000930,305,2039,-1734
111000931,733,989,-256
111000932,2532,1806,726
111000933,1812,996,816
111000934,1945,2194,-249
111000935,497,682,-185
111000936,577,2217,-1640
111000937,545,792,-247
111000938,1254,2398,-1144
111000939,118,60,58
111000940,146,192,-46
111000941,153,507,-354
111000943,95,240,-145
111000944,57,673,-616
111000945,11,2156,-2145
111001109,161,49,112
111001110,192,669,-477
111001111,3,2,1
111001112,96,5,91
111001113,11,85,-74
111001114,831,40,791
111001115,134,251,-117
111001116,4010,801,3209
111001117,446,375,71
111001120,54,321,-267
111001121,70,341,-271
111001122,178,821,-643
111001123,63,128,-65
111001124,37,434,-397
111001125,1,19,-18
111001126,0,0,0
111001127,0,69,-69
111001128,181,535,-354
111900001,1,156,-155
111900002,4,541,-537
111900003,3,304,-301
111900004,17,113,-96
111900006,1,8,-7
111900007,21,2,19
111900008,18,0,18
111900009,10,1,9
111900010,171,410,-239
111900012,74,79,-5
111900013,2,36,-34
111900014,7133,932,6201
111900015,0,43,-43
111900016,0,149,-149
111900017,0,116,-116
111900018,66,2,64
111900019,0,56,-56
111900020,2,49,-47
111900021,5,58,-53
111900022,3,33,-30
111900023,83,39,44
111900024,22,248,-226
111900025,0,29,-29
111900026,0,74,-74
111900027,4,219,-215
111900028,4,448,-444
111900029,3,96,-93
111900030,25,292,-267
111900032,2,413,-411
111900033,5,131,-126
111900034,86,446,-360
111900035,13,188,-175
111900036,0,308,-308
111900038,223,452,-229
111900039,41,319,-278
111900040,2,733,-731
111900042,27,41,-14
111900043,2,429,-427
111900044,118,202,-84
111900046,89,263,-174
111900048,28,922,-894
111900049,17,356,-339
111900050,21,3,18
111900051,3,227,-224
111900052,269,560,-291
111900053,1224,190,1034
111900054,27,0,27
111900055,16,630,-614
111900056,68,50,18
111900057,35,80,-45
111900058,63,656,-593
111900059,1920,188,1732
111900060,64,0,64
111900061,15,346,-331
111900062,6,36,-30
111900063,67,148,-81
111900064,98,268,-170
111900065,15,5,10
111900066,67,104,-37
111900067,3,255,-252
111900068,17,7,10
111900069,26,6,20
111900070,38,131,-93
111900071,0,240,-240
111900072,2,9,-7
111900073,97,19,78
111900074,4,137,-133
111900075,32,4,28
111900076,22,10,12
111900077,3,0,3
111900078,61,2,59
111900079,4,4,0
111900080,174,32,142
111900082,26,5,21
111900083,14,4,10
111900084,16,1,15
111900085,11,8,3
111900086,17,1,16
111900087,15,0,15
111900088,81,1,80
111900089,7,1,6
111900090,41,3,38
111900091,34,0,34
111900092,18,0,18
111900093,48,0,48
111900094,10,0,10
111900095,40,4,36
111900096,44,0,44
111900097,6,0,6
111900098,25,0,25
111900099,3,0,3
111900100,15,1,14
111900101,29,3,26
111900102,72,658,-586
111900103,27,24,3
111900104,25,59,-34
111900105,113,76,37
111900106,1021,16,1005
111900110,2813,109,2704
111900111,7,14,-7
111900112,500,412,88
111900113,303,63,240
111900118,56,6,50
111900119,129,28,101
111900122,57,15,42
111900123,8,14,-6
111900124,19,96,-77
111900125,93,3,90
111900126,48,0,48
111900127,2,796,-794
111900128,0,480,-480
111900129,32,4,28
111900130,21,1,20
111900131,53,0,53
111900132,21,1005,-984
111900133,4,237,-233
111900134,25,319,-294
111900135,2,2,0
111900136,29,48,-19
111900137,46,18,28
111900138,10,46,-36
111900139,11,143,-132
111900140,26,16,10
111900141,18,11,7
111900142,24,12,12
111900143,2,49,-47
111900144,0,129,-129
111900145,0,606,-606
111900146,2,357,-355
111900147,93,541,-448
111900148,24,953,-929
111900149,5,518,-513
111900150,5,184,-179
111900151,5,15,-10
111900152,82,28,54
111900153,1655,182,1473
111900154,2,50,-48
111900155,8,7,1
111900156,5,37,-32
111900157,25,12,13
111900158,81,7,74
111900159,74,8,66
111900160,27,0,27
111900161,7,0,7
111900162,97,56,41
111900163,22,220,-198
111900164,52,13,39
111901113,62,276,-214
111901114,9,367,-358
111901115,1,0,1
111901116,22,0,22
111901117,0,1,-1
111901118,59,9,50
111901119,990,33,957
111901121,124,209,-85
111901122,5,523,-518
111901123,14,371,-357
111901124,26,3,23
111901125,77,217,-140
111901127,699,38,661
111901128,2,57,-55
111901129,0,111,-111
111901130,0,195,-195
111901131,0,175,-175
111901132,38,1,37
111901133,14,0,14
111901134,13,0,13
111901135,5,2,3
111901138,22,44,-22
111901139,8,52,-44
111901140,4,128,-124
111901141,2,200,-198
111901142,2,150,-148
111901143,0,82,-82
111901144,29,21,8
111901145,90,91,-1
111901146,83,6,77
111901147,1013,46,967
111901148,10,11,-1
111901149,1,1,0
111901150,18,0,18
111901151,0,0,0
111901152,6,32,-26
112000001,762,518,244
112000002,593,1922,-1329
112000003,306,525,-219
112000004,333,1139,-806
112000005,927,881,46
112000006,882,1400,-518
112000007,736,899,-163
112000008,1327,2361,-1034
112000009,3460,2885,575
112000010,1310,1563,-253
112000011,1400,2011,-611
112000012,2698,1122,1576
112000013,3759,2157,1602
112000014,1441,648,793
112000015,1752,1418,334
112000016,1667,679,988
112000017,865,860,5
112000024,1442,430,1012
112000026,3774,4194,-420
112000027,333,257,76
112000028,1464,1433,31
112000029,136,321,-185
112000030,131,65,66
112000031,856,1151,-295
112000032,367,28,339
112000033,986,526,460
112000034,154,16,138
112000035,36,172,-136
112000036,498,359,139
112000037,474,717,-243
112000038,650,664,-14
112000039,10,68,-58
112000040,93,305,-212
112000041,324,445,-121
112000042,601,213,388
112000050,378,924,-546
112000051,331,453,-122
112000054,1177,1963,-786
112000057,361,202,159
112000058,235,237,-2
112000059,462,236,226
112000061,4792,897,3895
112000062,1853,273,1580
112000063,1485,493,992
112000064,4828,5189,-361
112000065,2309,2437,-128
112000066,1893,601,1292
112000067,578,565,13
112000068,1154,670,484
112000069,439,1745,-1306
112000070,906,381,525
112000071,496,2629,-2133
112000072,445,615,-170
112000073,962,1439,-477
112000074,769,594,175
112000075,587,730,-143
112000076,2276,2435,-159
112000077,228,594,-366
112000078,564,626,-62
112000079,584,1146,-562
112000080,263,807,-544
112000081,621,1370,-749
112000082,584,372,212
112000083,376,1419,-1043
112000084,497,483,14
112000085,543,1254,-711
112000086,819,1322,-503
112000087,109,932,-823
112000088,164,662,-498
112000089,79,244,-165
112000090,99,289,-190
112000091,500,1144,-644
112000092,675,612,63
112000093,955,1080,-125
112000094,168,704,-536
112000095,316,659,-343
112000096,152,667,-515
112000097,335,258,77
112000098,461,1343,-882
112000099,284,359,-75
112000100,525,646,-121
112000101,236,825,-589
112000102,306,422,-116
112000103,169,1194,-1025
112000105,400,1947,-1547
112000106,518,388,130
112000107,53,79,-26
112000108,191,1722,-1531
112000109,57,54,3
112000110,629,310,319
112000111,863,3598,-2735
112000112,1154,270,884
112000113,741,2149,-1408
112000114,843,548,295
112000115,101,509,-408
112000116,77,819,-742
112000117,301,771,-470
112000118,432,771,-339
112000119,268,1004,-736
112000120,78,281,-203
112000121,31,504,-473
112000122,123,151,-28
112000123,152,143,9
112000124,86,69,17
112000125,60,97,-37
112000126,82,637,-555
112000127,1327,644,683
112000128,747,259,488
112000129,33,106,-73
112000130,28,47,-19
112000131,12,299,-287
112000132,34,436,-402
112000133,114,259,-145
112000134,184,342,-158
112000135,327,501,-174
112000136,458,1249,-791
112000137,479,856,-377
112000138,757,1149,-392
112000139,378,160,218
112000140,687,931,-244
112000141,215,143,72
112000142,76,907,-831
112000143,288,169,119
112000144,138,1643,-1505
112000145,869,487,382
112000146,407,2184,-1777
112000147,700,929,-229
112000148,1183,1976,-793
112000149,90,717,-627
112000150,74,541,-467
112000151,246,614,-368
112000152,120,262,-142
112000153,183,270,-87
112000154,83,72,11
112000155,82,38,44
112000157,463,297,166
112000158,90,513,-423
112000159,173,225,-52
112000167,43,17,26
112000169,235,212,23
112000173,231,163,68
112000175,72,222,-150
112000176,3661,1047,2614
112000177,121,53,68
112000178,18,330,-312
112000179,110,165,-55
112000180,202,197,5
112000181,747,1592,-845
112000182,289,1678,-1389
112000183,16,26,-10
112000184,103,515,-412
112000185,145,590,-445
112000187,1496,1500,-4
112000195,50,2,48
112000196,3,0,3
112000197,2,39,-37
112000198,19,304,-285
112000199,444,694,-250
112000202,81,1,80
112000216,32,126,-94
112000230,24,0,24
112000231,2,274,-272
112000256,5,67,-62
112000313,82,122,-40
112000314,2,11,-9
112000337,41,350,-309
112000352,130,101,29
112000392,1153,646,507
112000398,383,468,-85
112000399,1780,907,873
112000400,1193,3305,-2112
112000401,1820,2481,-661
112000402,809,1203,-394
112000403,1276,1106,170
112000404,179,339,-160
112000405,878,1676,-798
112000406,2869,3114,-245
112000407,2170,3640,-1470
112000408,6796,5660,1136
112000409,1282,4122,-2840
112000410,48,41,7
112000411,4206,393,3813
112000412,567,130,437
112000413,8636,1035,7601
112000414,37,116,-79
112000415,57,28,29
112000416,853,848,5
112000417,82,56,26
112000421,20,119,-99
112000422,166,336,-170
112000424,1819,805,1014
112000425,197,1260,-1063
112000426,54,155,-101
112000427,1,9,-8
112000428,52,328,-276
112000429,1154,2357,-1203
112000430,1321,2298,-977
112000431,41,61,-20
112000432,310,2068,-1758
112000433,332,339,-7
112000437,10,302,-292
112900001,12,0,12
112900002,65,1270,-1205
112900003,10,254,-244
112900004,7,381,-374
112900005,28,214,-186
112900007,11,131,-120
112900008,0,1,-1
112900009,140,50,90
112900010,57,527,-470
112900011,350,153,197
112900012,1,37,-36
112900013,1,95,-94
112900014,0,221,-221
112900015,190,612,-422
112900016,2,198,-196
112900017,16,142,-126
112900018,46,1003,-957
112900019,25,111,-86
112900020,370,1110,-740
112900021,1,308,-307
112900022,2,65,-63
112900023,0,271,-271
112900024,19,237,-218
112900025,48,148,-100
112900026,2,194,-192
112900027,3,1079,-1076
112900028,22,128,-106
112900029,4,697,-693
112900030,203,133,70
112900031,6,536,-530
112900032,81,178,-97
112900034,0,56,-56
112900035,1,492,-491
112900036,15,72,-57
112900037,29,79,-50
112900038,72,69,3
112900039,12,320,-308
112900040,2,232,-230
112900041,695,319,376
112900042,20,414,-394
112900043,6,29,-23
112900044,360,202,158
112900045,449,195,254
112900046,158,53,105
112900047,12,7,5
112900049,21,44,-23
112900050,36,461,-425
112900051,242,529,-287
112900052,5,934,-929
112900053,283,51,232
112900054,183,14,169
112900055,45,8,37
112900056,82,41,41
112900057,5,603,-598
112900058,157,49,108
112900059,40,135,-95
112900060,2,116,-114
112900061,49,131,-82
112900062,33,111,-78
112900063,40,1,39
112900064,98,46,52
112900065,14,0,14
112900066,52,40,12
112900067,432,58,374
112900068,12,9,3
112900069,2262,178,2084
112900071,16,1,15
112900072,108,268,-160
112900073,133,15,118
112900074,18,45,-27
112900075,1811,235,1576
112900076,15,2,13
112900078,31,72,-41
112900079,44,1,43
112900080,11,0,11
112900081,23,57,-34
112900082,148,9,139
112900083,10,14,-4
112900084,42,20,22
112900086,9,0,9
112900087,158,20,138
112900088,8,5,3
112900089,289,13,276
112900090,2,4,-2
112900091,35,0,35
112900092,63,62,1
112900093,187,3,184
112900095,2,0,2
112900096,128,50,78
112900097,16,347,-331
112900098,26,1,25
112900099,199,6,193
112900100,15,0,15
112900101,64,0,64
112900102,25,0,25
112900103,53,1,52
112900104,107,0,107
112900105,0,0,0
112900106,129,41,88
112900107,1,1,0
112900108,4,0,4
112900109,9,0,9
112900110,178,13,165
112900111,95,0,95
112900112,83,0,83
112900113,0,10,-10
112900114,10,17,-7
112900115,183,0,183
112900116,38,2,36
112900117,133,68,65
112900118,5,22,-17
112900119,16,3,13
112900120,457,106,351
112900121,182,96,86
112900122,7,104,-97
112900123,107,3,104
112900124,1,84,-83
112900125,12,141,-129
112900126,95,268,-173
112900127,100,10,90
112900128,402,646,-244
112900129,1,723,-722
112900130,65,41,24
112900131,24,189,-165
112900132,25,453,-428
112900133,12,1061,-1049
112900134,0,211,-211
112900135,21,8,13
112900137,13,635,-622
112900138,1,370,-369
112900139,121,1122,-1001
112900141,154,52,102
112900142,24,30,-6
112900143,28,670,-642
112900144,3,1108,-1105
112900145,32,349,-317
112900146,7,1218,-1211
112900147,5,2134,-2129
112900148,9,0,9
112900149,49,381,-332
112900151,18,23,-5
112900152,4832,624,4208
112900153,974,325,649
112900154,1,60,-59
112900155,29,0,29
112900156,54,1632,-1578
112900157,22,84,-62
112900158,9,8,1
112900159,98,44,54
112900160,27,181,-154
112900161,37,12,25
112900162,15,8,7
112900163,79,8,71
112900164,20,30,-10
112900165,23,26,-3
112900166,3,12,-9
112900167,2,27,-25
112900168,1,1,0
112900169,14,10,4
112900170,16,54,-38
112900172,66,3,63
112900173,99,53,46
112900174,64,14,50
112900175,66,31,35
112900176,9,4,5
112900177,56,6,50
112900178,196,360,-164
112900179,33,499,-466
112900180,297,1813,-1516
112900181,161,14,147
112900182,14,1448,-1434
112900183,37,69,-32
112900184,224,160,64
112900185,98,207,-109
112900186,817,327,490
112900187,3,93,-90
112900188,443,163,280
112900189,0,18,-18
112900190,1,21,-20
112900192,203,101,102
112900193,610,93,517
112900194,8,32,-24
112900195,311,12,299
112900196,130,421,-291
112900197,41,261,-220
112900199,48,313,-265
112900200,115,189,-74
112900201,16,67,-51
112900202,101,850,-749
112900203,25,278,-253
112900204,376,171,205
112900205,1,8,-7
112900206,0,59,-59
112900207,1,0,1
112900208,32,46,-14
112900209,275,387,-112
112900210,0,8,-8
112900211,10,23,-13
112900212,0,50,-50
112900213,3,1,2
112900214,5,2,3
112900215,3,144,-141
112900216,16,34,-18
112900217,0,45,-45
112900218,6,0,6
112900219,9,4,5
112900220,0,0,0
112900221,0,108,-108
112900222,0,12,-12
112900223,204,2,202
112900224,42,533,-491
112900225,103,469,-366
112900226,68,66,2
112900227,43,854,-811
112900228,12,26,-14
112900229,19,65,-46
112900230,5293,1327,3966
112900232,73,100,-27
112900233,12,114,-102
112900234,3,62,-59
112900235,10,2,8
112900236,34,6,28
112900237,34,433,-399
112900238,3,19,-16
112900239,392,190,202
112900240,0,132,-132
112900241,3,234,-231
112900242,1,294,-293
112900243,0,225,-225
112900244,1,155,-154
112900245,0,19,-19
112900246,1,8,-7
112900247,88,9,79
112900248,7,0,7
112900249,10,0,10
112900250,15,12,3
112900251,8,2,6
112900252,11,16,-5
112900253,3,10,-7
112900254,0,3,-3
112900255,0,15,-15
112900256,0,8,-8
112900257,6,2,4
112900258,9,27,-18
113000001,4022,3286,736
113000002,3160,2258,902
113000003,1343,1230,113
113000004,1680,1377,303
113000005,1011,660,351
113000006,681,878,-197
113000007,964,902,62
113000008,988,1116,-128
113000009,449,788,-339
113000010,421,1055,-634
113000011,391,1286,-895
113000012,539,593,-54
113000013,523,267,256
113000014,1120,957,163
113000015,297,159,138
113000016,120,130,-10
113000017,6,197,-191
113000018,96,26,70
113000019,21,240,-219
113000020,29,12,17
113000021,553,552,1
113000022,289,1057,-768
113000025,36,212,-176
113000026,101,239,-138
113000027,461,187,274
113000028,527,204,323
113000029,513,339,174
113000030,589,459,130
113000031,380,164,216
113000032,146,144,2
113000033,196,214,-18
113000034,444,218,226
113000035,25,17,8
113000036,11,55,-44
113000037,31,29,2
113000038,14,35,-21
113000039,46,347,-301
113000040,38,115,-77
113000042,656,413,243
113000051,494,1045,-551
113000052,1883,909,974
113000053,202,454,-252
113000054,84,486,-402
113000055,518,669,-151
113000056,386,1557,-1171
113000058,507,682,-175
113000059,892,492,400
113000060,38,532,-494
113000061,563,537,26
113000062,892,121,771
113000063,59,201,-142
113000064,13,349,-336
113000065,134,1092,-958
113000066,289,94,195
113000067,518,753,-235
113000068,193,1889,-1696
113000069,294,1253,-959
113000070,532,560,-28
113000071,204,569,-365
113000072,167,270,-103
113000073,333,1142,-809
113000074,628,215,413
113000075,1562,265,1297
113000076,1029,1047,-18
113000077,914,289,625
113000078,843,845,-2
113000079,671,427,244
113000080,534,363,171
113000081,475,558,-83
113000082,792,477,315
113000083,301,510,-209
113000084,961,783,178
113000085,476,391,85
113000086,801,861,-60
113000087,753,516,237
113000088,1581,730,851
113000089,614,719,-105
113000090,201,194,7
113000091,667,138,529
113000094,444,104,340
113000095,188,1039,-851
113000096,127,739,-612
113000097,341,197,144
113000098,28,10,18
113000099,681,198,483
113000100,66,281,-215
113000101,260,439,-179
113000102,310,148,162
113000103,1965,481,1484
113000104,230,1798,-1568
113000105,286,416,-130
113000106,187,464,-277
113000107,414,703,-289
113000108,727,1461,-734
113000109,322,2179,-1857
113000110,977,321,656
113000111,103,395,-292
113000112,267,249,18
113000113,1315,206,1109
113000114,333,656,-323
113000116,465,205,260
113000117,553,161,392
113000118,85,213,-128
113000119,148,270,-122
113000120,29,196,-167
113000121,237,724,-487
113000124,73,81,-8
113000125,9,337,-328
113000127,3367,409,2958
113000128,305,237,68
113000129,322,929,-607
113000133,3164,363,2801
113000134,4,377,-373
113000135,1670,1299,371
113000137,1420,897,523
113000139,215,63,152
113000140,196,160,36
113000141,170,42,128
113000142,608,288,320
113000143,396,95,301
113000144,251,391,-140
113000145,41,115,-74
113000146,34,36,-2
113000147,35,108,-73
113000148,31,89,-58
113000149,53,65,-12
113000150,415,249,166
113000151,116,20,96
113000152,15,60,-45
113000153,1299,288,1011
113000154,359,730,-371
113000155,145,205,-60
113000156,128,245,-117
113000157,216,557,-341
113000158,224,144,80
113000159,397,333,64
113000160,421,817,-396
113000161,92,555,-463
113000162,299,292,7
113000163,22,27,-5
113000164,18,78,-60
113000166,68,35,33
113000167,13,253,-240
113000168,20,264,-244
113000169,44,25,19
113000170,34,47,-13
113000171,76,91,-15
113000172,135,57,78
113000173,14,5,9
113000174,89,593,-504
113000175,159,116,43
113000176,160,79,81
113000177,123,415,-292
113000178,134,471,-337
113000179,211,70,141
113000180,332,1008,-676
113000181,524,863,-339
113000182,120,205,-85
113000183,129,406,-277
113000184,21,82,-61
113000189,592,420,172
113000190,986,170,816
113000192,2281,737,1544
113000193,3801,500,3301
113000194,1714,689,1025
113000195,2241,287,1954
113000196,64,88,-24
113000197,829,597,232
113000198,14,223,-209
113000199,378,276,102
113000201,274,128,146
113000202,2364,1252,1112
113000203,481,93,388
113000204,1425,695,730
113000205,14,11,3
113000206,2,22,-20
113000207,40,9,31
113000208,12,38,-26
113000209,22,15,7
113000210,7,23,-16
113000211,301,131,170
113000212,196,21,175
113000213,23,74,-51
113000214,94,167,-73
113000234,107,1310,-1203
113000410,24,56,-32
113000411,1603,2638,-1035
113000412,8898,1116,7782
113000413,3523,947,2576
113000414,7833,4283,3550
113000415,2224,1475,749
113000416,6452,1939,4513
113000417,2088,1343,745
113000418,2178,1871,307
113000419,887,1117,-230
113000420,2469,1744,725
113000421,2667,2726,-59
113000422,13599,3876,9723
113000423,2401,1438,963
113000424,3709,4232,-523
113000425,9,60,-51
113000428,10,1,9
113000430,3,5,-2
113000432,694,76,618
113000433,114,818,-704
113000434,18,364,-346
113000435,13,911,-898
113000436,65,1225,-1160
113000437,174,23,151
113000438,54,19,35
113000439,14,144,-130
113000440,35,20,15
113000441,80,215,-135
113000442,80,224,-144
113000443,41,264,-223
113000444,83,266,-183
113000445,52,135,-83
113000446,38,84,-46
113000448,232,97,135
113000449,228,587,-359
113000450,431,1369,-938
113000451,1447,96,1351
113000452,287,219,68
113000453,161,167,-6
113000454,630,36,594
113000455,104,104,0
113000456,2107,1164,943
113000468,2386,199,2187
113000469,204,45,159
113000470,387,76,311
113000471,14,207,-193
113000472,37,222,-185
113000474,186,613,-427
113000475,878,1360,-482
113000476,549,1723,-1174
113000477,1244,1970,-726
113000478,2022,5108,-3086
113000479,11,258,-247
113000485,0,0,0
113000486,0,0,0
113000487,0,0,0
113000488,0,0,0
113000489,0,0,0
113000490,0,0,0
113000491,0,0,0
113000492,0,0,0
113000493,0,0,0
113000495,158,195,-37
113000496,39,108,-69
113900001,3,64,-61
113900002,0,84,-84
113900003,0,61,-61
113900004,0,10,-10
113900005,1,12,-11
113900006,4,29,-25
113900007,30,0,30
113900008,15,0,15
113900009,122,1,121
113900010,46,2,44
113900011,15,0,15
113900012,5,0,5
113900013,272,2,270
113900014,204,0,204
113900015,3,51,-48
113900016,1,0,1
113900017,2,34,-32
113900018,266,21,245
113900019,26,23,3
113900020,18,0,18
113900022,0,0,0
113900023,4,0,4
113900024,20,44,-24
113900025,156,2,154
113900026,8,0,8
113900027,5,69,-64
113900028,20,394,-374
113900029,14,294,-280
113900030,67,0,67
113900031,1,0,1
113900032,4,0,4
113900033,24,63,-39
113900035,22,0,22
113900036,7,97,-90
113900037,14,621,-607
113900038,71,20,51
113900039,22,7,15
113900040,2,2,0
113900041,0,0,0
113900042,33,24,9
113900043,119,62,57
113900044,57,31,26
113900045,8,1,7
113900046,158,558,-400
113900047,7,138,-131
113900048,256,12,244
113900049,582,82,500
113900050,103,290,-187
113900051,108,294,-186
113900052,72,103,-31
113900053,248,55,193
113900054,5,0,5
113900055,49,533,-484
113900056,36,148,-112
113900057,14,65,-51
113900058,18,118,-100
113900059,51,294,-243
113900060,92,140,-48
113900061,515,31,484
113900062,26,2,24
113900063,25,137,-112
113900064,7,163,-156
113900065,194,6,188
113900066,121,372,-251
113900067,21,189,-168
113900068,241,157,84
113900069,20,1,19
113900070,151,450,-299
113900071,29,58,-29
113900072,19,117,-98
113900073,110,286,-176
113900074,13,384,-371
113900075,401,473,-72
113900076,71,6,65
113900077,18,172,-154
113900078,21,32,-11
113900079,1,35,-34
113900080,163,74,89
113900081,12,152,-140
113900082,122,103,19
113900083,30,546,-516
113900084,128,23,105
113900085,29,326,-297
113900086,3,11,-8
113900087,12,158,-146
113900088,10,29,-19
113900089,205,23,182
113900090,171,152,19
113900091,7,13,-6
113900092,26,17,9
113900093,36,401,-365
113900094,62,327,-265
113900095,35,44,-9
113900096,58,21,37
113900097,2,98,-96
113900098,240,32,208
113900099,0,27,-27
113900100,0,1,-1
113900101,14,16,-2
113900102,42,54,-12
113900103,124,121,3
113900104,47,66,-19
113900105,10,312,-302
113900106,0,51,-51
113900107,0,21,-21
113900108,148,72,76
113900109,156,65,91
113900110,13,4,9
113900111,31,46,-15
113900112,42,45,-3
113900113,236,206,30
113900114,0,101,-101
113900115,0,61,-61
113900116,33,48,-15
113900117,35,6,29
113900118,116,102,14
113900119,145,76,69
113900120,19,2,17
113900121,10,34,-24
113900122,106,838,-732
113900123,182,141,41
113900124,0,44,-44
113900125,1189,81,1108
113900126,63,22,41
113900127,127,248,-121
113900128,80,24,56
113900129,3,27,-24
113900130,0,9,-9
113900131,38,34,4
113900132,37,7,30
113900133,5,31,-26
113900135,163,448,-285
113900136,58,40,18
113900137,107,90,17
113900138,20,67,-47
113900139,341,35,306
113900140,206,62,144
113900141,117,424,-307
113900142,30,62,-32
113900143,3,12,-9
113900144,275,53,222
113900145,90,179,-89
113900146,21,36,-15
113900148,86,55,31
113900149,39,22,17
113900150,964,130,834
113900151,101,122,-21
113900152,8,50,-42
113900153,286,93,193
113900154,2,68,-66
113900155,146,21,125
113900156,118,508,-390
113900157,37,155,-118
113900158,128,58,70
113900159,2,108,-106
113900160,266,617,-351
113900161,4,105,-101
113900162,380,151,229
113900163,247,103,144
113900164,70,25,45
113900165,310,380,-70
113900166,164,42,122
113900167,97,13,84
113900168,58,65,-7
113900169,81,317,-236
113900171,48,16,32
113900172,5,143,-138
113900173,20,511,-491
113900174,235,532,-297
113900175,105,44,61
113900176,98,563,-465
113900177,220,167,53
113900178,76,49,27
113900179,9,673,-664
113900180,92,95,-3
113900181,227,34,193
113900182,200,678,-478
113900183,7,55,-48
113900184,5,441,-436
113900185,80,84,-4
113900186,8,27,-19
113900187,24,127,-103
113900188,11,65,-54
113900189,81,41,40
113900190,229,69,160
113900191,27,97,-70
113900192,2054,687,1367
113900193,9,279,-270
113900194,1514,828,686
113900195,234,366,-132
113900196,3,68,-65
113900197,3,279,-276
113900198,12,115,-103
113900199,127,430,-303
113900200,3,100,-97
113900201,0,244,-244
113900202,11,85,-74
113900203,6,212,-206
113900204,17,561,-544
113900205,12,49,-37
113900206,2,65,-63
113900207,0,43,-43
113900208,0,32,-32
113900209,0,55,-55
113900210,276,208,68
113900211,84,8,76
113900212,38,417,-379
113900214,404,232,172
113900215,12,64,-52
113900216,13,1028,-1015
113900217,5,290,-285
113900218,30,18,12
113900219,55,413,-358
113900220,35,49,-14
113900221,138,88,50
113900222,1248,239,1009
113900223,19,798,-779
113900224,85,22,63
113900225,455,90,365
113900226,137,96,41
113900227,175,82,93
113900228,236,158,78
113900229,19,378,-359
113900230,2914,707,2207
113900231,54,136,-82
113900232,18,71,-53
113900233,12,33,-21
113900234,55,292,-237
113900235,20,7,13
113900236,37,267,-230
113900237,36,2,34
113900238,96,152,-56
113900239,30,21,9
113900240,0,31,-31
113900241,52,23,29
113900242,36,114,-78
113900243,46,323,-277
113900244,414,98,316
113900245,1038,137,901
113900246,9,0,9
113900247,81,115,-34
113900248,2983,534,2449
113900249,831,116,715
113900250,11,71,-60
113900251,187,225,-38
113900252,167,13,154
113900253,189,15,174
113900254,201,37,164
113900255,171,7,164
113900256,151,13,138
113900257,26,653,-627
113900258,10,461,-451
113900259,144,247,-103
113900260,35,3,32
113900261,13,111,-98
113900262,77,698,-621
113900263,21,362,-341
113900264,2,553,-551
113900265,105,254,-149
113900266,13,231,-218
113900267,75,419,-344
113900268,67,184,-117
113900269,30,85,-55
113900270,122,228,-106
113900271,198,1123,-925
113900273,0,1,-1
113900274,5,1,4
113900275,7,34,-27
113900276,5,201,-196
113900277,15,0,15
113900278,160,82,78
113900279,74,84,-10
113900280,638,395,243
113900281,159,531,-372
113900282,379,176,203
113900283,128,266,-138
113900284,261,69,192
113900285,34,6,28
113900286,2,97,-95
113900287,4,33,-29
113900288,1,28,-27
113900289,1190,42,1148
113900290,341,39,302
113900291,77,94,-17
113900292,1,1,0
113900293,0,124,-124
113900294,143,8,135
113900295,516,156,360
113900296,1198,111,1087
113900297,223,14,209
113900298,11,1117,-1106
113900299,8,132,-124
113900300,2952,677,2275
113900301,671,146,525
113900302,2131,369,1762
113900303,440,95,345
113900304,0,101,-101
113900305,13,1,12
113900306,2,0,2
113900307,9,0,9
113900308,61,65,-4
113900309,1,587,-586
113900310,0,12,-12
113900311,3,0,3
113900312,47,39,8
113900313,25,3,22
113900314,1,19,-18
113900315,18,1,17
114000001,757,2942,-2185
114000002,91,332,-241
114000003,134,1244,-1110
114000004,209,328,-119
114000005,123,179,-56
114000006,2422,1375,1047
114000007,269,988,-719
114000008,916,601,315
114000009,158,157,1
114000011,1320,3008,-1688
114000012,858,2575,-1717
114000013,636,1922,-1286
114000014,399,524,-125
114000015,381,417,-36
114000016,178,314,-136
114000017,39,123,-84
114000018,263,38,225
114000026,529,1626,-1097
114000027,835,1664,-829
114000028,1032,1288,-256
114000038,45,168,-123
114000039,79,248,-169
114000040,56,138,-82
114000042,48,176,-128
114000043,52,233,-181
114000044,103,245,-142
114000045,26,96,-70
114000046,1683,3289,-1606
114000047,11,35,-24
114000048,52,160,-108
114000049,989,720,269
114000050,1237,651,586
114000051,3117,862,2255
114000052,1636,894,742
114000053,8,392,-384
114000054,27,1034,-1007
114000055,79,5,74
114000056,874,262,612
114000057,7863,1899,5964
114000058,253,218,35
114000059,102,71,31
114000060,288,571,-283
114000061,2726,603,2123
114000062,1548,332,1216
114000063,3068,1238,1830
114000064,6950,1636,5314
114000065,1466,1313,153
114000066,209,534,-325
114000067,17,160,-143
114000068,399,217,182
114000069,325,207,118
114000070,1905,896,1009
114000071,254,417,-163
114000072,55,277,-222
114000073,6,83,-77
114000074,4,14,-10
114000075,12,158,-146
114000076,26,151,-125
114000077,5,43,-38
114000078,41,934,-893
114000079,19,41,-22
114000080,60,72,-12
114000081,35,70,-35
114000082,52,490,-438
114000083,11,229,-218
114000084,41,55,-14
114000085,96,657,-561
114000086,72,553,-481
114000087,30,205,-175
114000088,38,54,-16
114000089,1148,389,759
114000090,357,318,39
114000091,1215,275,940
114000092,568,165,403
114000093,480,353,127
114000094,207,306,-99
114000095,63,43,20
114000096,63,285,-222
114000097,84,523,-439
114000098,200,23,177
114000099,113,790,-677
114000100,279,512,-233
114000101,181,1309,-1128
114000102,124,212,-88
114000103,104,533,-429
114000104,2,261,-259
114000105,10,33,-23
114000106,527,194,333
114000107,40,92,-52
114000108,2990,1207,1783
114000109,162,304,-142
114000110,283,1480,-1197
114000111,369,265,104
114000112,187,2430,-2243
114000113,399,247,152
114000114,746,1605,-859
114000115,795,345,450
114000116,162,568,-406
114000117,683,303,380
114000118,618,199,419
114000119,467,188,279
114000120,343,945,-602
114000121,321,473,-152
114000122,277,171,106
114000123,411,162,249
114000124,176,246,-70
114000125,572,1638,-1066
114000126,375,136,239
114000127,50,107,-57
114000128,384,478,-94
114000130,170,299,-129
114000131,46,21,25
114000132,397,702,-305
114000133,723,1019,-296
114000134,25,185,-160
114000138,27,104,-77
114000139,144,80,64
114000144,225,154,71
114000145,53,91,-38
114000146,63,351,-288
114000147,470,435,35
114000148,1892,677,1215
114000149,229,109,120
114000150,1831,509,1322
114000151,1415,599,816
114000152,136,24,112
114000153,1119,1107,12
114000154,728,535,193
114000155,713,921,-208
114000156,532,304,228
114000157,244,534,-290
114000158,2035,386,1649
114000159,211,319,-108
114000160,98,144,-46
114000161,1217,436,781
114000162,589,411,178
114000163,6,130,-124
114000165,183,96,87
114000166,565,105,460
114000167,3914,888,3026
114000168,648,546,102
114000169,1321,292,1029
114000170,613,265,348
114000171,428,738,-310
114000174,88,310,-222
114000176,348,317,31
114000177,1701,532,1169
114000178,19,36,-17
114000179,962,459,503
114000180,207,400,-193
114000181,873,1210,-337
114000182,4184,1732,2452
114000183,987,980,7
114000184,6696,1721,4975
114000185,598,578,20
114000189,206,26,180
114000190,771,55,716
114000191,15,15,0
114000192,268,1453,-1185
114000193,942,2883,-1941
114000194,819,1133,-314
114000195,20,0,20
114000196,3,319,-316
114000197,247,18,229
114000198,864,309,555
114000199,1307,598,709
114000200,469,1919,-1450
114000201,72,926,-854
114000202,429,747,-318
114000203,298,1034,-736
114000204,47,299,-252
114000205,193,1497,-1304
114000206,217,1174,-957
114000207,418,2133,-1715
114000208,309,3040,-2731
114000209,528,3159,-2631
114000210,313,1726,-1413
114000211,585,1213,-628
114000212,309,668,-359
114000213,619,493,126
114000214,40,162,-122
114000215,36,52,-16
114000216,416,156,260
114000217,80,224,-144
114000218,68,324,-256
114000219,343,269,74
114000220,8,1491,-1483
114000221,218,78,140
114000222,118,1111,-993
114000223,150,32,118
114000224,69,551,-482
114000225,54,444,-390
114000226,16,193,-177
114000227,653,431,222
114000228,328,848,-520
114000229,315,1228,-913
114000230,765,1339,-574
114000231,389,1009,-620
114000232,188,90,98
114000233,785,84,701
114000234,674,825,-151
114000235,478,1557,-1079
114000236,3,515,-512
114000237,44,1163,-1119
114000238,21,173,-152
114000239,98,1649,-1551
114000240,323,584,-261
114000241,193,1133,-940
114000242,789,860,-71
114000243,520,669,-149
114000244,258,253,5
114000245,268,543,-275
114000246,127,36,91
114000247,313,612,-299
114000248,373,440,-67
114000249,274,346,-72
114000250,178,343,-165
114000251,51,303,-252
114000252,42,86,-44
114000253,24,210,-186
114000254,4,40,-36
114000255,317,86,231
114000256,1370,196,1174
114000257,780,1931,-1151
114000258,79,382,-303
114000259,19,212,-193
114000260,0,13,-13
114000261,25,11,14
114000262,15,177,-162
114000263,6,2,4
114000264,128,491,-363
114000265,0,2,-2
114000267,7,1006,-999
114000268,4,2036,-2032
114000270,46,1,45
114000271,168,72,96
114000283,225,381,-156
114000285,42,277,-235
114000288,28,455,-427
114000289,712,176,536
114000293,47,352,-305
114000294,94,242,-148
114000395,674,76,598
114000396,84,177,-93
114000402,159,276,-117
114000403,147,532,-385
114000405,70,570,-500
114000423,95,458,-363
114000424,105,200,-95
114000425,120,564,-444
114000426,128,282,-154
114000427,28,76,-48
114000428,290,47,243
114000429,4,178,-174
114000432,42,91,-49
114000434,16,92,-76
114000435,1,126,-125
114900001,190,1494,-1304
114900002,131,33,98
114900003,118,2126,-2008
114900004,83,98,-15
114900005,141,855,-714
114900006,20,20,0
114900007,36,5,31
114900008,20,27,-7
114900010,2240,1175,1065
114900011,18,55,-37
114900013,23,30,-7
114900018,400,22,378
114900020,17,49,-32
114900022,0,491,-491
114900025,137,185,-48
114900026,17,24,-7
114900029,47,9,38
114900030,123,133,-10
114900031,42,20,22
114900032,24,29,-5
114900034,34,249,-215
114900035,110,127,-17
114900036,144,1055,-911
114900039,274,738,-464
114900040,44,212,-168
114900041,155,677,-522
114900042,250,897,-647
114900044,43,5,38
114900047,123,928,-805
114900048,33,195,-162
114900049,45,341,-296
114900050,40,584,-544
114900051,21,397,-376
114900052,52,111,-59
114900053,17,162,-145
114900054,19,92,-73
114900057,89,2,87
114900058,0,98,-98
114900059,41,11,30
114900063,22,219,-197
114900064,322,683,-361
114900065,102,534,-432
114900067,15,312,-297
114900068,50,256,-206
114900069,158,123,35
114900070,118,590,-472
114900072,4,203,-199
114900073,2,189,-187
114900074,61,895,-834
114900075,48,3,45
114900076,4,364,-360
114900080,3028,329,2699
114900082,3282,1046,2236
114900083,239,421,-182
114900090,48,55,-7
114900091,68,155,-87
114900097,32,0,32
114900098,0,169,-169
114900099,47,1,46
115000001,8730,5269,3461
115000002,1781,2217,-436
115000003,3246,4179,-933
115000004,1359,3146,-1787
115000005,960,2827,-1867
115000006,325,1097,-772
115000007,41,124,-83
115000008,335,364,-29
115000009,66,288,-222
115000010,144,125,19
115000013,57,88,-31
115000015,114,118,-4
115000016,38,109,-71
115000019,9,270,-261
115000020,73,130,-57
115000021,230,375,-145
115000022,252,258,-6
115000023,203,252,-49
115000024,755,422,333
115000025,508,340,168
115000026,59,343,-284
115000027,79,190,-111
115000028,60,434,-374
115000029,225,103,122
115000030,103,508,-405
115000031,431,98,333
115000032,6,251,-245
115000033,69,5,64
115000034,95,684,-589
115000035,454,18,436
115000036,1,341,-340
115000037,115,3,112
115000038,18,124,-106
115000039,2059,1225,834
115000040,5099,2340,2759
115000041,552,1281,-729
115000042,462,384,78
115000043,2253,1516,737
115000044,2622,3609,-987
115000045,1458,2907,-1449
115000046,777,1802,-1025
115000047,847,1852,-1005
115000048,1069,3157,-2088
115000049,1119,2579,-1460
115000050,1465,1403,62
115000051,1552,952,600
115000052,3189,1707,1482
115000053,894,746,148
115000054,739,1375,-636
115000055,36,387,-351
115000056,125,194,-69
115000057,249,617,-368
115000058,184,157,27
115000059,134,211,-77
115000061,94,47,47
115000062,89,313,-224
115000063,90,318,-228
115000064,169,150,19
115000065,24,177,-153
115000067,198,29,169
115000069,15,204,-189
115000070,19,398,-379
115000071,42,6,36
115000072,12,43,-31
115000073,1039,12,1027
115000075,15,46,-31
115000076,2979,2864,115
115000077,768,3522,-2754
115000078,313,1924,-1611
115000079,535,2273,-1738
115000080,895,2785,-1890
115000081,222,726,-504
115000082,1870,2018,-148
115000083,1153,3291,-2138
115000084,530,989,-459
115000085,205,1187,-982
115000086,297,927,-630
115000087,420,1287,-867
115000088,832,494,338
115000089,1343,1250,93
115000090,646,345,301
115000091,226,1370,-1144
115000092,183,243,-60
115000093,214,1,213
115000094,7029,3491,3538
115000095,5930,3203,2727
115000096,316,2338,-2022
115000097,302,763,-461
115000098,326,904,-578
115000099,839,3253,-2414
115000100,310,496,-186
115000101,291,1562,-1271
115000102,204,109,95
115000103,270,861,-591
115000105,47,187,-140
115000106,142,157,-15
115000107,69,660,-591
115000108,3426,2817,609
115000109,4730,1420,3310
115000110,632,493,139
115000111,434,1153,-719
115000112,293,223,70
115000113,452,626,-174
115000114,1136,554,582
115000116,2050,877,1173
115000117,2445,937,1508
115000118,881,929,-48
115000119,1057,1132,-75
115000120,298,382,-84
115000121,1473,447,1026
115000122,3132,390,2742
115000123,1320,626,694
115000124,548,410,138
115000125,248,366,-118
115000126,59,141,-82
115000127,231,103,128
115000128,873,462,411
115000129,179,101,78
115000130,177,916,-739
115000131,143,202,-59
115000132,51,462,-411
115000133,80,279,-199
115000134,60,190,-130
115000135,83,249,-166
115000136,68,184,-116
115000137,43,164,-121
115000138,120,236,-116
115000139,164,228,-64
115000140,75,123,-48
115000141,56,306,-250
115000142,74,321,-247
115000143,184,361,-177
115000144,185,90,95
115000145,145,508,-363
115000146,86,153,-67
115000147,183,506,-323
115000148,231,1256,-1025
115000149,208,150,58
115000150,434,1151,-717
115000151,336,221,115
115000152,327,1625,-1298
115000153,391,238,153
115000154,227,185,42
115000155,258,1182,-924
115000156,579,288,291
115000157,532,716,-184
115000158,490,206,284
115000159,484,166,318
115000160,312,155,157
115000161,174,415,-241
115000162,456,291,165
115000163,521,474,47
115000164,319,420,-101
115000165,273,208,65
115000167,74,50,24
115000168,499,186,313
115000169,469,256,213
115000170,115,135,-20
115000171,172,117,55
115000172,1456,392,1064
115000173,135,137,-2
115000174,28,139,-111
115000175,82,120,-38
115000176,36,31,5
115000177,51,54,-3
115000178,8,294,-286
115000179,16,9,7
115000180,34,597,-563
115000181,188,62,126
115000182,190,262,-72
115000183,88,966,-878
115000186,256,172,84
115000187,66,633,-567
115000188,341,347,-6
115000189,150,367,-217
115000190,393,244,149
115000191,115,240,-125
115000194,74,50,24
115000195,146,126,20
115000196,42,93,-51
115000197,70,407,-337
115000198,71,185,-114
115000199,49,299,-250
115000200,133,135,-2
115000201,66,318,-252
115000206,54,29,25
115000207,23,282,-259
115000208,413,566,-153
115000209,242,100,142
115000210,46,98,-52
115000211,105,149,-44
115000212,1121,213,908
115000224,73,39,34
115000225,54,23,31
115000229,198,85,113
115000230,45,343,-298
115000231,241,2635,-2394
115000232,570,315,255
115000233,35,159,-124
115000234,5,182,-177
115000241,25,246,-221
115000242,15,257,-242
115000243,10,298,-288
115000244,2,102,-100
115000246,16,16,0
115000247,5,4,1
115000248,7,6,1
115000249,8,6,2
115000250,85,21,64
115000251,48,89,-41
115000252,20,79,-59
115000253,8,114,-106
115000258,71,162,-91
115000259,155,89,66
115000261,3,23,-20
115000262,1,29,-28
115000263,1,41,-40
115000264,2,31,-29
115000267,27,38,-11
115000268,24,59,-35
115000269,41,40,1
115000270,0,9,-9
115000272,35,160,-125
115000273,77,19,58
115000280,2930,49,2881
115000281,613,104,509
115000282,398,200,198
115000284,240,77,163
115000296,262,5,257
115000297,50,27,23
115000298,21,64,-43
115000300,23,145,-122
115000302,100,157,-57
115000303,172,108,64
115000304,224,60,164
115000305,62,1027,-965
115000306,35,679,-644
115000307,18,341,-323
115000308,32,12,20
115000310,425,1501,-1076
115000311,262,1196,-934
115000313,91,542,-451
115000314,100,60,40
115000315,1124,196,928
115000316,15,39,-24
115000317,57,493,-436
115000318,300,114,186
115000319,52,290,-238
115000320,6,73,-67
115000321,211,3,208
115000322,28,269,-241
115000449,178,67,111
115000557,2,278,-276
115000558,180,70,110
115000587,181,219,-38
115000588,2104,3644,-1540
115000589,1932,2246,-314
115000590,473,1317,-844
115000591,928,579,349
115000592,573,1121,-548
115000593,859,330,529
115000594,673,995,-322
115000609,111,121,-10
115000617,1279,849,430
115000624,58,95,-37
115000633,174,1341,-1167
115000634,1570,472,1098
115000635,105,100,5
115000638,1025,568,457
115000641,123,62,61
115000642,212,198,14
115000643,93,425,-332
115000644,75,368,-293
115000646,416,529,-113
115000647,52,255,-203
115000648,547,1540,-993
115000893,3292,545,2747
115000894,40,950,-910
115000895,386,674,-288
115000896,950,231,719
115000897,277,32,245
115000898,406,68,338
115000899,838,669,169
115000900,63,226,-163
115000901,75,62,13
115000912,69,34,35
115000913,1,26,-25
115000915,8,0,8
115000916,23,19,4
115000917,0,3,-3
115000918,63,93,-30
115000919,38,4,34
115000920,8,16,-8
115000921,974,24,950
115000922,1112,219,893
115000923,470,599,-129
115000925,21,56,-35
115000927,7,19,-12
115000933,355,89,266
115000934,26,183,-157
115000935,28,108,-80
115000936,25,133,-108
115000937,1202,72,1130
115000938,236,71,165
115000939,346,79,267
115000940,0,12,-12
115000941,2,3,-1
115000942,36,19,17
115000943,44,6,38
115000944,2,7,-5
115900001,10,93,-83
115900002,52,103,-51
115900003,38,113,-75
115900004,2,37,-35
115900005,30,0,30
115900006,20,353,-333
115900008,11,13,-2
115900009,22,179,-157
115900010,77,190,-113
115900011,92,287,-195
115900012,36,111,-75
115900013,204,132,72
115900014,76,169,-93
115900015,8,124,-116
115900016,26,17,9
115900017,0,1,-1
115900018,158,58,100
115900019,127,12,115
115900020,3,0,3
115900021,1766,73,1693
115900022,1871,6,1865
115900023,4,0,4
115900025,30,72,-42
115900026,649,379,270
115900027,0,265,-265
115900028,399,32,367
115900029,5,527,-522
115900030,17,1,16
115900031,233,43,190
115900032,151,525,-374
115900033,0,33,-33
115900034,6,560,-554
115900035,13,75,-62
115900036,205,187,18
115900037,5,612,-607
115900038,4,5,-1
115900039,44,295,-251
115900041,212,165,47
115900042,2,1,1
115900043,15,109,-94
115900044,140,147,-7
115900046,58,283,-225
115900047,17,15,2
115900049,82,160,-78
115900051,0,114,-114
115900052,7,393,-386
115900053,24,216,-192
115900054,74,40,34
115900055,11,150,-139
115900056,41,290,-249
115900057,14,1,13
115900058,18,72,-54
115900060,7,51,-44
115900061,29,0,29
115900062,13,397,-384
115900063,26,10,16
115900064,105,137,-32
115900065,23,110,-87
115900066,125,212,-87
115900067,4,812,-808
115900068,3941,79,3862
115900069,30,139,-109
115900070,50,181,-131
115900071,4,554,-550
115900072,52,194,-142
115900073,10,8,2
115900074,5,390,-385
115900075,8,292,-284
115900076,1,81,-80
115900077,7,353,-346
115900078,20,123,-103
115900079,31,6,25
115900080,232,149,83
115900081,5,80,-75
115900082,85,97,-12
115900084,68,24,44
115900085,31,38,-7
115900086,1130,268,862
115900088,5,25,-20
115900089,42,773,-731
115900090,52,17,35
115900091,0,4,-4
115900092,27,234,-207
115900093,2,67,-65
115900094,0,399,-399
115900096,2,37,-35
115900097,6,613,-607
115900098,33,406,-373
115900099,10,74,-64
115900100,3,459,-456
115900101,43,441,-398
115900102,4,85,-81
115900103,64,208,-144
115900104,13,145,-132
115900105,29,541,-512
115900106,13,13,0
115900107,13,148,-135
115900108,17,45,-28
115900109,15,350,-335
115900110,0,8,-8
115900111,0,60,-60
115900112,10,578,-568
115900113,6,3,3
115900114,0,106,-106
115900115,12,50,-38
115900116,53,759,-706
115900117,19,2,17
115900118,2,420,-418
115900119,25,33,-8
115900120,4,244,-240
115900121,51,144,-93
115900124,49,238,-189
115900125,133,16,117
115900126,200,22,178
115900127,174,22,152
115900128,15,106,-91
115900129,293,17,276
115900130,14,169,-155
115900131,46,6,40
115900132,78,26,52
115900134,89,5,84
115900135,418,258,160
115900137,1,0,1
115900139,83,23,60
115900140,92,1,91
115900141,6,11,-5
115900142,7,5,2
115900143,25,187,-162
115900144,3,159,-156
115900146,0,163,-163
115900147,94,130,-36
115900148,2,7,-5
115900149,17,31,-14
115900150,8,73,-65
115900151,2,39,-37
115900152,6,336,-330
115900153,18,151,-133
115900154,272,212,60
115900155,0,64,-64
115900156,315,329,-14
115900157,37,223,-186
115900158,12,2,10
115900159,17,196,-179
115900160,3,11,-8
115900161,4,127,-123
115900163,35,72,-37
115900164,120,1,119
115900166,85,132,-47
115900168,25,120,-95
115900171,42,176,-134
115900172,5,95,-90
115900173,79,135,-56
115900174,188,208,-20
115900175,44,147,-103
115900178,3,663,-660
115900179,52,12,40
115900180,14,280,-266
115900181,34,260,-226
115900182,92,290,-198
115900183,82,45,37
115900184,1181,17,1164
115900187,2,72,-70
115900189,0,38,-38
115900190,201,157,44
115900191,23,381,-358
115900192,3,43,-40
115900193,55,35,20
115900194,125,23,102
115900195,185,492,-307
115900198,113,170,-57
115900199,61,198,-137
115900200,146,176,-30
115900201,186,120,66
115900202,0,2,-2
115900203,1,3,-2
115900204,0,0,0
115900205,18,2,16
115900206,26,106,-80
115900207,8,16,-8
115900208,34,346,-312
115900209,3,108,-105
115900210,1,100,-99
115900211,2,139,-137
115900212,21,146,-125
115900213,16,30,-14
115900214,86,137,-51
115900215,14,10,4
115900216,1,49,-48
115900217,1,43,-42
115900218,0,30,-30
115900219,12,0,12
115900220,39,9,30
115900221,9,6,3
115900222,4,2,2
115900223,4,46,-42
115900224,1313,194,1119
115900225,92,11,81
115900226,3,18,-15
115900227,9,37,-28
115900228,0,30,-30
115900229,1,32,-31
115900230,44,61,-17
115900231,52,2,50
115900232,7,0,7
115900233,44,6,38
115900234,18,11,7
115900235,2,8,-6
115900236,7,7,0
115900237,5,29,-24
115900238,3,10,-7
115900239,2,22,-20
115900240,1,52,-51
115900241,39,30,9
115900242,142,93,49
115900243,4,7,-3
115900244,0,2,-2
115900245,6,1,5
115900246,3,1,2
115900247,6,1,5
115900248,2,1,1
115900249,0,3,-3
115900250,3,7,-4
115900251,0,4,-4
115900252,0,0,0
115900253,3,5,-2
115900254,8,4,4
115900255,0,18,-18
115900256,15,24,-9
115900257,0,4,-4
115900258,0,3,-3
115900259,0,0,0
115900260,11,0,11
115900261,9,0,9
115900262,0,3,-3
115900263,13,4,9
115900264,17,5,12
115900265,6,3,3
115900266,4,3,1
115900267,0,1,-1
115900268,0,15,-15
115900269,85,232,-147
115900270,84,749,-665
115900271,8,0,8
115900272,3,1,2
115900273,11,1,10
115900274,2,6,-4
115900275,0,29,-29
115900276,0,38,-38
115900277,0,155,-155
115900278,3,60,-57
115900279,7,56,-49
115900280,11,68,-57
115900281,492,63,429
115900282,26,5,21
115900283,3,3,0
115900284,3,5,-2
116000001,15464,3979,11485
116000002,2234,2500,-266
116000003,1075,1623,-548
116000004,867,901,-34
116000005,1594,2495,-901
116000006,926,699,227
116000007,2415,3478,-1063
116000008,1495,900,595
116000009,1391,2602,-1211
116000010,800,485,315
116000011,576,1907,-1331
116000012,401,454,-53
116000013,14766,3727,11039
116000014,19747,3765,15982
116000015,384,449,-65
116000016,5170,985,4185
116000017,19,270,-251
116000018,468,324,144
116000019,276,189,87
116000020,228,991,-763
116000021,131,169,-38
116000022,172,428,-256
116000023,271,340,-69
116000024,489,1285,-796
116000025,404,387,17
116000026,936,1851,-915
116000027,164,389,-225
116000028,162,394,-232
116000029,850,506,344
116000030,192,217,-25
116000031,78,149,-71
116000032,160,309,-149
116000033,129,415,-286
116000034,288,791,-503
116000035,232,418,-186
116000036,1249,180,1069
116000037,383,247,136
116000038,493,179,314
116000039,550,186,364
116000040,520,116,404
116000041,218,468,-250
116000042,189,148,41
116000043,32,475,-443
116000044,16,139,-123
116000045,863,702,161
116000046,925,703,222
116000047,1724,1398,326
116000048,1696,1095,601
116000049,567,1582,-1015
116000050,1055,1397,-342
116000051,1476,1447,29
116000052,1783,3205,-1422
116000053,645,931,-286
116000054,413,2496,-2083
116000055,274,1717,-1443
116000056,292,922,-630
116000057,2606,1943,663
116000058,2316,1326,990
116000059,2119,2582,-463
116000060,2637,749,1888
116000061,390,636,-246
116000062,539,523,16
116000063,380,898,-518
116000066,97,207,-110
116000067,214,595,-381
116000068,83,118,-35
116000069,230,458,-228
116000078,145,903,-758
116000080,600,935,-335
116000082,4,75,-71
116000083,631,241,390
116000084,1487,3708,-2221
116000085,1107,593,514
116000086,1736,1496,240
116000087,760,635,125
116000088,510,1031,-521
116000089,87,69,18
116000090,72,90,-18
116000091,68,91,-23
116000093,389,329,60
116000094,186,540,-354
116000095,341,413,-72
116000096,242,764,-522
116000097,207,686,-479
116000098,206,2116,-1910
116000099,7400,278,7122
116000100,33,5,28
116000101,191,1210,-1019
116000102,146,1216,-1070
116000103,205,125,80
116000104,83,1360,-1277
116000105,324,157,167
116000106,183,1203,-1020
116000107,684,354,330
116000108,16,161,-145
116000111,17,6,11
116000113,78,31,47
116000114,25,123,-98
116000115,61,31,30
116000116,134,543,-409
116000117,518,1268,-750
116000118,584,1116,-532
116000119,1002,1134,-132
116000120,1490,4244,-2754
116000121,257,251,6
116000122,1084,2269,-1185
116000123,189,244,-55
116000124,174,1019,-845
116000125,673,385,288
116000126,124,1317,-1193
116000127,779,1505,-726
116000128,566,463,103
116000129,317,201,116
116000130,159,185,-26
116000133,269,974,-705
116000134,848,2632,-1784
116000135,604,1022,-418
116000136,643,2239,-1596
116000137,322,410,-88
116000138,1022,228,794
116000139,1319,2109,-790
116000140,60,178,-118
116000141,188,908,-720
116000142,3257,3965,-708
116000143,1739,1113,626
116000144,762,2818,-2056
116000145,897,1389,-492
116000146,148,361,-213
116000147,140,94,46
116000148,169,298,-129
116000149,202,433,-231
116000151,341,915,-574
116000153,32,332,-300
116000155,120,166,-46
116000156,390,778,-388
116000157,19,9,10
116000158,174,402,-228
116000159,3,5,-2
116000160,3,67,-64
116000161,2,45,-43
116000162,46,41,5
116000163,14,4,10
116000164,3,0,3
116000177,32,72,-40
116000194,28,258,-230
116000195,972,510,462
116000196,1,9,-8
116000197,4,14,-10
116000198,1777,754,1023
116000200,540,143,397
116000201,347,628,-281
116000202,3,290,-287
116000203,2,71,-69
116000204,9,20,-11
116000205,0,104,-104
116000206,1,96,-95
116000207,1,27,-26
116000233,65,666,-601
116000287,47,505,-458
116000288,39,193,-154
116000292,12,155,-143
116000296,3,150,-147
116000297,53,47,6
116000304,26,43,-17
116000305,27,84,-57
116000346,27,171,-144
116000352,66,30,36
116000354,34,0,34
116000357,2,13,-11
116000358,51,14,37
116000361,439,1,438
116000372,9053,1362,7691
116000381,32,0,32
116000388,1,30,-29
116000389,308,428,-120
116000445,85,795,-710
116000446,120,923,-803
116000447,8,407,-399
116000448,376,201,175
116000563,859,348,511
116000565,58,402,-344
116000568,21,52,-31
116000579,10,81,-71
116000583,11,51,-40
116000584,3,20,-17
116000585,3,17,-14
116000586,147,45,102
116000587,188,397,-209
116000589,15,71,-56
116000590,33,30,3
116000591,34,222,-188
116000592,2,89,-87
116000593,0,50,-50
116000594,73,493,-420
116000595,164,128,36
116000596,24,2,22
116000597,46,18,28
116000598,7,187,-180
116000605,129,85,44
116000606,13,90,-77
116000607,1,39,-38
116000609,102,375,-273
116000611,28,611,-583
116000612,394,1561,-1167
116000613,118,269,-151
116000614,312,744,-432
116000615,2,51,-49
116000616,3,105,-102
116000617,30,110,-80
116000618,2,156,-154
116000619,8,39,-31
116000620,15,246,-231
116000621,6,39,-33
116000622,13,122,-109
116000624,12,67,-55
116000627,4,77,-73
116000628,21,471,-450
116000629,12,276,-264
116000630,65,23,42
116000631,27,36,-9
116000632,129,86,43
116000633,42,336,-294
116000634,112,265,-153
116000635,2770,1113,1657
116000636,1515,790,725
116000637,88,106,-18
116000638,34,434,-400
116000639,22,1,21
116000640,6,5,1
116000641,33,191,-158
116000643,1,117,-116
116000644,10,933,-923
116000645,9,14,-5
116900001,43,100,-57
116900002,198,5,193
116900003,2,44,-42
116900004,8,7,1
116900005,74,18,56
116900006,151,114,37
116900007,58,145,-87
116900008,98,489,-391
116900009,2,3,-1
116900010,154,1871,-1717
116900011,9,19,-10
116900012,32,176,-144
116900013,2,165,-163
116900014,33,371,-338
116900015,62,60,2
116900016,23,3,20
116900017,1,771,-770
116900018,30,24,6
116900019,2,338,-336
116900020,984,109,875
116900023,14,1,13
116900024,141,78,63
116900025,174,1112,-938
116900026,135,549,-414
116900027,1,34,-33
116900028,4,84,-80
116900029,0,7,-7
116900031,0,8,-8
116900032,4,297,-293
116900033,3,10,-7
116900034,5,57,-52
116900035,50,178,-128
116900036,0,93,-93
116900038,2,2,0
116900041,15,3,12
116900042,841,138,703
116900043,7,44,-37
116900047,74,15,59
116900049,39,234,-195
116900050,40,277,-237
116900051,23,235,-212
116900052,89,36,53
116900055,1,5,-4
116900057,20,263,-243
116900058,9,323,-314
116900059,1,121,-120
116900060,88,192,-104
116900062,0,1,-1
116900064,23,919,-896
116900065,3,58,-55
116900067,26,71,-45
116900068,45,491,-446
116900070,0,2,-2
116900072,7,400,-393
116900073,4,168,-164
116900074,0,25,-25
116900076,2,16,-14
116900077,3,214,-211
116900078,126,76,50
116900079,6,287,-281
116900080,2,6,-4
116900081,144,1077,-933
116900082,60,1185,-1125
116900083,23,34,-11
116900084,116,47,69
116900085,14,141,-127
116900086,11,210,-199
116900088,264,21,243
116900090,122,47,75
116900091,48,99,-51
116900092,28,682,-654
116900093,1160,926,234
116900094,6501,1247,5254
116900095,119,163,-44
116900096,42,61,-19
116900097,2971,846,2125
116900098,707,80,627
116900099,353,227,126
116900100,217,3,214
116900101,170,673,-503
116900103,0,0,0
116900104,21,45,-24
116900105,167,16,151
116900106,194,4,190
116900107,3375,620,2755
116900110,5,0,5
116900111,93,922,-829
116900112,61,593,-532
116900113,2054,543,1511
116900116,56,127,-71
116900117,10,59,-49
116900118,959,286,673
116900120,55,58,-3
116900121,27,22,5
116900122,149,818,-669
116900123,40,768,-728
116900124,66,679,-613
116900125,58,202,-144
116900126,120,306,-186
116900128,0,30,-30
116900129,1,231,-230
116900130,770,1269,-499
116900131,19,77,-58
116900132,4,46,-42
116900133,26,64,-38
116900134,47,151,-104
116900136,46,141,-95
116900137,116,141,-25
116900138,100,117,-17
116900139,23,236,-213
116900140,62,122,-60
116900141,182,201,-19
116900142,0,12,-12
116900143,77,367,-290
116900144,9,31,-22
116900145,28,260,-232
116900147,398,190,208
116900148,0,19,-19
116900149,10,50,-40
116900150,2,1,1
116900151,58,12,46
116900153,19,32,-13
116900154,286,64,222
116900155,14,22,-8
116900157,94,243,-149
116900158,27,33,-6
116900159,42,146,-104
116900160,258,202,56
116900161,10255,2407,7848
116900162,3,129,-126
116900163,24,122,-98
116900164,15,19,-4
116900165,52,69,-17
116900166,4,66,-62
116900167,73,36,37
116900168,86,70,16
116900169,293,99,194
116900170,50,169,-119
116900171,6,187,-181
116900172,211,101,110
116900173,29,33,-4
116900174,6,20,-14
116900175,68,36,32
116900178,14,160,-146
116900179,34,50,-16
116900180,24,12,12
116900182,94,146,-52
116900183,69,41,28
116900185,14,3,11
116900186,56,329,-273
116900187,14,7,7
116900188,45,11,34
116900189,9,1,8
116900191,87,203,-116
116900192,91,111,-20
116900194,20,278,-258
116900195,36,7,29
116900196,3,131,-128
116900197,25,3,22
116900198,189,58,131
116900200,17,42,-25
116900201,24,3,21
116900202,82,51,31
116900203,26,6,20
116900204,17,23,-6
116900206,4,35,-31
116900207,5,12,-7
116900208,1,79,-78
116900209,11,119,-108
116900210,116,117,-1
116900211,95,9,86
116900212,9,59,-50
116900213,109,151,-42
116900214,36,108,-72
116900215,19,65,-46
116900216,106,280,-174
116900218,1,268,-267
116900219,476,314,162
116900220,27,150,-123
116900221,34,196,-162
116900222,179,198,-19
116900223,26,65,-39
116900226,6,75,-69
116900227,69,50,19
116900228,59,273,-214
116900230,13,343,-330
116900231,21,563,-542
116900232,4,498,-494
116900233,63,76,-13
116900234,9,1,8
116900235,157,351,-194
116900238,1383,254,1129
116900239,15,470,-455
116900240,4962,1311,3651
116900241,18,99,-81
116900242,1031,115,916
116900243,0,37,-37
116900245,8,2,6
116900246,17,9,8
116900247,124,12,112
116900248,15,10,5
116900249,62,65,-3
116900250,58,37,21
116900251,336,97,239
116900252,12,806,-794
116900254,1,74,-73
116900255,49,11,38
116900256,59,78,-19
116900257,5,498,-493
116900258,0,355,-355
116900259,20,3,17
116900260,2,146,-144
116900261,12,1,11
116900262,45,125,-80
116900263,0,12,-12
116900264,9,10,-1
116900265,2,0,2
116900266,2,39,-37
116900267,1,1,0
116900268,15,3,12
116900269,185,462,-277
116900271,1438,32,1406
116900272,345,652,-307
116900273,237,34,203
116900274,69,48,21
116900275,51,118,-67
116900276,148,18,130
116900277,406,5,401
116900278,1,4,-3
116900279,0,7,-7
116900280,4,14,-10
116900281,6532,1134,5398
116900282,2,120,-118
116900283,12,103,-91
116900284,13,143,-130
116900285,269,109,160
116900286,130,2,128
116900287,4,78,-74
116900288,36,131,-95
116900289,3,23,-20
116900290,0,27,-27
116900291,2,2,0
116900292,0,5,-5
116900293,6,81,-75
116900294,10,77,-67
116900295,81,10,71
116900296,43,63,-20
116900297,2,17,-15
116900298,112,45,67
116900299,16,21,-5
116900300,0,110,-110
116900301,22,72,-50
116900302,34,23,11
116900303,377,31,346
116900304,0,76,-76
116900305,30,29,1
116900306,32,130,-98
116900307,18,1,17
116900308,0,130,-130
116900309,19,80,-61
116900310,9,47,-38
117000001,686,994,-308
117000002,1256,4030,-2774
117000003,4097,1933,2164
117000004,3113,4095,-982
117000005,898,1052,-154
117000006,673,4524,-3851
117000007,1897,1138,759
117000008,900,3961,-3061
117000009,2740,940,1800
117000010,2022,3446,-1424
117000011,708,1548,-840
117000012,736,1814,-1078
117000013,676,1235,-559
117000014,567,2157,-1590
117000015,2453,993,1460
117000016,486,85,401
117000017,465,153,312
117000018,133,247,-114
117000019,83,20,63
117000020,840,573,267
117000021,3192,555,2637
117000022,398,49,349
117000023,482,112,370
117000024,313,56,257
117000025,745,407,338
117000026,2575,656,1919
117000027,2554,955,1599
117000028,2987,546,2441
117000030,924,666,258
117000031,258,210,48
117000032,1838,1366,472
117000033,810,732,78
117000034,239,327,-88
117000035,206,197,9
117000036,293,232,61
117000037,174,205,-31
117000038,246,362,-116
117000039,265,247,18
117000040,94,1332,-1238
117000041,317,87,230
117000044,18,1107,-1089
117000045,203,59,144
117000046,327,837,-510
117000047,304,440,-136
117000048,1516,1175,341
117000049,94,321,-227
117000050,81,2486,-2405
117000051,796,110,686
117000052,7,604,-597
117000053,64,68,-4
117000054,798,1,797
117000055,105,3053,-2948
117000056,182,9,173
117000057,552,1766,-1214
117000060,261,1921,-1660
117000061,616,486,130
117000062,112,412,-300
117000063,600,551,49
117000064,684,573,111
117000066,748,460,288
117000067,93,246,-153
117000074,81,116,-35
117000076,52,46,6
117000077,98,40,58
117000078,87,576,-489
117000079,89,136,-47
117000080,2,356,-354
117000081,550,96,454
117000082,34,56,-22
117000083,179,127,52
117000084,254,0,254
117000085,71,382,-311
117000086,750,631,119
117000087,284,437,-153
117000088,113,159,-46
117000089,712,285,427
117000090,136,1594,-1458
117000091,324,342,-18
117000092,207,1873,-1666
117000093,380,454,-74
117000094,398,2597,-2199
117000095,958,644,314
117000096,322,2572,-2250
117000097,423,1110,-687
117000098,2261,5376,-3115
117000099,957,666,291
117000100,61,81,-20
117000101,131,1221,-1090
117000102,416,326,90
117000103,667,1883,-1216
117000104,465,290,175
117000105,616,2402,-1786
117000106,431,518,-87
117000107,318,2743,-2425
117000108,567,588,-21
117000109,1294,3146,-1852
117000110,703,397,306
117000111,2605,4189,-1584
117000112,1336,1394,-58
117000113,39,372,-333
117000114,63,123,-60
117000115,46,199,-153
117000116,43,151,-108
117000117,907,190,717
117000118,200,227,-27
117000119,470,34,436
117000120,382,80,302
117000121,154,370,-216
117000122,518,657,-139
117000123,1452,14,1438
117000124,627,22,605
117000125,419,40,379
117000126,72,53,19
117000127,132,317,-185
117000128,383,416,-33
117000129,701,375,326
117000130,86,5,81
117000131,0,246,-246
117000132,536,49,487
117000133,255,73,182
117000134,0,56,-56
117000135,3,23,-20
117000136,2,75,-73
117000137,40,23,17
117000138,0,308,-308
117000140,326,1845,-1519
117000141,674,437,237
117000181,834,350,484
117000182,211,121,90
117000195,134,1385,-1251
117000196,20,17,3
117000225,202,6,196
117000226,10,80,-70
117000276,57,4,53
117000277,3,545,-542
117000310,1717,2047,-330
117000315,22,652,-630
117000320,54,0,54
117000906,88,10,78
117000907,11,523,-512
117000909,82,28,54
117000910,100,81,19
117000911,91,325,-234
117000915,11,585,-574
117000916,27,2,25
117000917,227,7,220
117000918,40,47,-7
117000919,16,153,-137
117000920,3,1695,-1692
117000921,3,2403,-2400
117000922,47,107,-60
117000924,229,523,-294
117000926,1239,63,1176
117000927,1463,179,1284
117000928,1,314,-313
117000929,136,527,-391
117000930,40,14,26
117000931,693,23,670
117900002,67,249,-182
117900003,436,162,274
117900005,4,11,-7
117900006,0,28,-28
117900007,21,151,-130
117900008,0,35,-35
117900010,231,145,86
117900011,7,11,-4
117900012,36,159,-123
117900013,0,297,-297
117900014,674,345,329
117900015,3,238,-235
117900016,1005,255,750
117900017,673,763,-90
117900018,194,38,156
117900019,206,728,-522
117900020,61,126,-65
117900021,13,103,-90
117900023,753,96,657
117900024,56,119,-63
117900025,46,12,34
117900026,108,499,-391
117900028,28,0,28
117900029,85,1342,-1257
117900031,109,62,47
117900032,278,220,58
117900033,77,1180,-1103
117900034,43,51,-8
117900035,64,37,27
117900036,117,894,-777
117900037,35,95,-60
117900038,14,398,-384
117900039,1,85,-84
117900040,78,539,-461
117900041,4,56,-52
117900042,4521,352,4169
117900043,13,41,-28
117900044,44,2808,-2764
117900045,40,68,-28
117900048,99,279,-180
117900049,82,1109,-1027
117900050,4,42,-38
117900051,15,3,12
117900052,38,170,-132
117900053,403,576,-173
117900054,0,21,-21
117900055,131,144,-13
117900056,298,26,272
117900057,706,1112,-406
117900058,54,5,49
117900059,244,49,195
117900060,275,4454,-4179
117900061,10,135,-125
117900063,85,235,-150
117900065,428,1055,-627
117900066,3,18,-15
117900067,169,341,-172
117900069,211,507,-296
117900070,146,2,144
117900071,53,107,-54
117900073,104,441,-337
117900074,147,6,141
117900075,27,65,-38
117900076,22,58,-36
117900077,105,105,0
117900078,152,168,-16
117900080,147,33,114
117900081,543,476,67
117900082,163,103,60
117900083,118,783,-665
117900086,80,27,53
117900087,22,42,-20
117900088,1824,1410,414
117900089,591,195,396
117900090,183,924,-741
117900091,84,68,16
117900092,28,45,-17
117900093,9,54,-45
117900094,9,3,6
117900095,212,1171,-959
117900096,16,160,-144
117900097,34,50,-16
117900098,1,1,0
117900099,87,503,-416
117900100,64,0,64
117900101,244,660,-416
117900102,45,43,2
117900103,4,0,4
117900104,17,110,-93
117900105,79,162,-83
117900106,45,54,-9
117900107,2,0,2
117900109,128,205,-77
117900110,11,0,11
117900111,117,2,115
117900112,29,5,24
117900113,3731,1046,2685
117900114,5,0,5
117900115,210,16,194
117900116,745,637,108
117900117,169,234,-65
117900118,4,0,4
117900119,32,209,-177
117900120,42,131,-89
117900121,28,28,0
117900122,708,903,-195
117900123,330,829,-499
117900124,241,429,-188
117900125,702,450,252
117900126,238,560,-322
117900127,149,628,-479
117900128,76,986,-910
117900129,11,0,11
117900130,434,230,204
117900131,0,87,-87
117900132,3,103,-100
117900133,4,128,-124
117900134,22,142,-120
117900135,10,230,-220
117900136,0,79,-79
117900137,12,323,-311
117900138,0,32,-32
117900139,23,111,-88
117900140,5759,36,5723
117900141,88,192,-104
117900142,91,3,88
117900144,41,72,-31
117900145,37,7,30
117900146,106,68,38
117900147,5,44,-39
117900148,2542,748,1794
117900149,6,141,-135
117900150,18,77,-59
117900151,24,114,-90
117900152,151,79,72
117900153,3,86,-83
117900154,197,739,-542
117900156,450,507,-57
117900157,31,315,-284
117900158,33,27,6
117900160,173,199,-26
117900161,1476,2204,-728
117900162,99,373,-274
117900163,53,14,39
117900165,0,7,-7
117900166,50,93,-43
117900168,56,101,-45
117900169,1,158,-157
117900170,0,34,-34
117900171,2,10,-8
117900172,15,42,-27
117900173,109,43,66
117900174,19,52,-33
117900175,2,15,-13
117900176,3,44,-41
117900177,6,45,-39
117900178,68,22,46
117900180,210,28,182
117900181,113,77,36
117900182,1,18,-17
117900183,15,71,-56
117900184,7,20,-13
117900185,8,11,-3
117900186,5,10,-5
117900187,3,4,-1
117900188,49,8,41
117900189,14,10,4
117900190,9,0,9
117900191,19,0,19
117900192,78,0,78
117900193,2,43,-41
117900194,0,5,-5
117900195,1,16,-15
117900196,4,21,-17
117900207,63,54,9
117900208,7,16,-9
117900209,133,138,-5
117900210,119,89,30
117900211,7,146,-139
117900212,52,161,-109
117900213,2,5,-3
117900214,0,26,-26
117900215,14,85,-71
117900216,42,37,5
117900217,124,24,100
117900218,229,130,99
117900219,0,29,-29
117900220,89,51,38
117900222,123,214,-91
117900223,131,149,-18
118000001,458,272,186
118000002,1353,1490,-137
118000003,1216,716,500
118000004,2983,2110,873
118000005,3991,1015,2976
118000006,6319,4869,1450
118000007,4684,1226,3458
118000008,4380,2035,2345
118000009,1848,2041,-193
118000010,1484,3350,-1866
118000011,420,2385,-1965
118000012,604,2225,-1621
118000013,2641,2455,186
118000014,1633,3531,-1898
118000016,194,712,-518
118000017,106,250,-144
118000018,161,872,-711
118000019,1300,1186,114
118000020,813,823,-10
118000021,563,1049,-486
118000022,1736,458,1278
118000023,1035,243,792
118000024,1147,468,679
118000027,13811,2955,10856
118000029,858,405,453
118000032,990,905,85
118000033,2174,1441,733
118000034,3865,1322,2543
118000035,1317,976,341
118000036,965,965,0
118000037,443,787,-344
118000038,84,165,-81
118000039,45,319,-274
118000040,1247,2167,-920
118000041,1219,1203,16
118000045,708,69,639
118000046,1546,334,1212
118000047,1415,329,1086
118000048,3418,678,2740
118000051,1600,299,1301
118000052,793,207,586
118000053,179,278,-99
118000054,1108,735,373
118000055,695,1072,-377
118000056,116,208,-92
118000057,124,244,-120
118000058,2854,818,2036
118000059,1656,581,1075
118000060,397,552,-155
118000061,318,770,-452
118000062,341,149,192
118000063,227,343,-116
118000064,603,820,-217
118000065,4681,1142,3539
118000066,553,578,-25
118000067,1733,946,787
118000068,1871,2028,-157
118000069,3377,975,2402
118000070,7275,1009,6266
118000071,3248,2881,367
118000072,1695,567,1128
118000073,2840,210,2630
118000074,216,344,-128
118000075,704,196,508
118000076,907,821,86
118000077,954,833,121
118000078,1424,1444,-20
118000079,201,162,39
118000080,1059,652,407
118000081,1106,857,249
118000082,247,453,-206
118000083,1789,697,1092
118000084,2387,1052,1335
118000086,119,424,-305
118000087,5565,1777,3788
118000088,1623,1255,368
118000089,3274,1608,1666
118000090,1839,1552,287
118000091,1050,1130,-80
118000092,1120,280,840
118000093,112,492,-380
118000096,326,415,-89
118000097,382,372,10
118000098,185,154,31
118000099,204,884,-680
118000101,399,280,119
118000102,200,1755,-1555
118000107,3063,226,2837
118000108,312,591,-279
118000110,1,26,-25
118000111,4,804,-800
118000112,152,1,151
118000113,4,980,-976
118000114,74,1,73
118000115,9,4,5
118000116,25,0,25
118000117,995,737,258
118000118,592,459,133
118000119,314,808,-494
118000120,1112,1109,3
118000121,39,280,-241
118000122,746,90,656
118000123,39,226,-187
118000125,1215,844,371
118000126,509,1111,-602
118000127,1261,409,852
118000128,690,837,-147
118000129,373,180,193
118000130,2455,3266,-811
118000131,448,863,-415
118000132,1636,1306,330
118000133,317,401,-84
118000135,222,217,5
118000136,39,478,-439
118000137,514,91,423
118000138,151,654,-503
118000139,80,78,2
118000140,1419,2135,-716
118000141,1001,1976,-975
118000142,600,2055,-1455
118000143,601,784,-183
118000144,1418,967,451
118000145,902,3339,-2437
118000146,711,1797,-1086
118000147,501,2058,-1557
118000148,274,1387,-1113
118000149,449,1213,-764
118000150,56,235,-179
118000151,95,437,-342
118000153,355,1034,-679
118000154,498,1605,-1107
118000155,384,1167,-783
118000156,1933,1805,128
118000157,190,319,-129
118000158,94,452,-358
118000159,8,43,-35
118000160,191,345,-154
118000161,173,738,-565
118000162,390,736,-346
118000163,222,466,-244
118000164,2194,1117,1077
118000168,1059,94,965
118000169,734,1648,-914
118000170,2948,6246,-3298
118000171,159,615,-456
118000172,74,282,-208
118000173,484,1176,-692
118000175,139,247,-108
118000176,159,305,-146
118000177,127,503,-376
118000178,29,22,7
118000179,1449,479,970
118000180,484,780,-296
118000181,440,303,137
118000182,205,260,-55
118000183,125,177,-52
118000184,217,1168,-951
118000185,826,549,277
118000186,398,677,-279
118000187,433,1202,-769
118000188,211,168,43
118000189,110,730,-620
118000190,3,5,-2
118000191,12,22,-10
118000192,36,75,-39
118000193,7,176,-169
118000194,2075,879,1196
118000195,937,313,624
118000196,305,60,245
118000197,213,74,139
118000198,539,223,316
118000199,519,194,325
118000200,38,138,-100
118000201,409,141,268
118000202,36,17,19
118000203,1781,208,1573
118000204,156,105,51
118000205,1290,296,994
118000206,99,143,-44
118000207,0,78,-78
118000208,590,1211,-621
118000209,1010,2094,-1084
118000210,12,21,-9
118000211,18,15,3
118000213,518,470,48
118000214,577,162,415
118000215,127,378,-251
118000216,682,2562,-1880
118000217,8,144,-136
118000218,43,115,-72
118000219,305,365,-60
118000220,0,13,-13
118000221,36,140,-104
118000222,59,28,31
118000223,12,15,-3
118000224,125,109,16
118000225,76,903,-827
118000226,393,77,316
118000227,1091,276,815
118000228,127,61,66
118000229,94,28,66
118000230,12,225,-213
118000231,40,189,-149
118000232,333,892,-559
118000233,338,710,-372
118000234,63,253,-190
118000236,82,343,-261
118000237,18,513,-495
118000238,39,254,-215
118000239,119,206,-87
118000240,406,44,362
118000241,28,190,-162
118000242,128,597,-469
118000243,24,113,-89
118000244,55,223,-168
118000246,7,4,3
118000255,30,130,-100
118000256,41,178,-137
118000259,1,20,-19
118000260,40,63,-23
118000261,6,58,-52
118000263,44,147,-103
118000266,78,460,-382
118000267,0,80,-80
118000268,149,0,149
118000270,18,22,-4
118000271,109,326,-217
118000272,39,17,22
118000273,87,60,27
118000274,58,313,-255
118000276,74,235,-161
118000295,4,43,-39
118000298,116,451,-335
118000299,38,263,-225
118000301,0,58,-58
118000302,41,95,-54
118000311,48,105,-57
118000312,76,199,-123
118000313,12,127,-115
118000314,30,61,-31
118000315,8,71,-63
118000316,256,501,-245
118000325,5,67,-62
118000326,5,28,-23
118000331,2,52,-50
118000332,10,31,-21
118000333,12,46,-34
118000335,74,0,74
118000336,3,357,-354
118000407,21,54,-33
118000457,0,21,-21
118000465,3108,1607,1501
118000480,33,111,-78
118000489,31,68,-37
118000490,58,345,-287
118000492,75,181,-106
118000510,48,3,45
118000514,115,259,-144
118000515,349,254,95
118000517,290,121,169
118000524,656,80,576
118000525,614,909,-295
118000530,3,69,-66
118000531,50,241,-191
118000532,109,350,-241
118000533,198,161,37
118000534,283,404,-121
118000535,64,93,-29
118000536,322,161,161
118000537,5,28,-23
118000538,12,50,-38
118000539,12,44,-32
118000540,118,133,-15
118000541,70,77,-7
118000542,29,95,-66
118000543,97,123,-26
118000546,17,17,0
118000553,0,0,0
118000560,2692,386,2306
118000562,3,361,-358
118000563,1754,1447,307
118000576,111,174,-63
118000577,217,225,-8
118000578,94,78,16
118000579,818,734,84
118000583,0,0,0
118000595,91,47,44
118000596,0,54,-54
118000597,61,166,-105
118000598,0,0,0
118000599,13,38,-25
118000600,5,2,3
118000601,0,0,0
118000602,3,3,0
118000603,2,87,-85
118000605,27,521,-494
118000606,14,41,-27
118900001,873,362,511
118900002,1234,423,811
118900003,41,4,37
118900004,7,48,-41
118900005,36,0,36
118900006,44,0,44
118900007,10,4,6
118900008,730,44,686
118900009,4,4,0
118900010,10,1,9
118900011,56,4,52
118900012,176,190,-14
118900013,371,11,360
118900015,36,5,31
118900016,5,27,-22
118900017,77,63,14
118900018,656,2,654
118900019,17,4,13
118900020,62,57,5
118900021,79,301,-222
118900022,85,109,-24
118900023,25,67,-42
118900024,23,121,-98
118900025,15,10,5
118900026,24,87,-63
118900027,269,115,154
118900028,38,180,-142
118900029,33,295,-262
118900030,52,59,-7
118900031,58,124,-66
118900032,58,144,-86
118900033,149,565,-416
118900034,29,4,25
118900035,33,231,-198
118900036,267,565,-298
118900037,91,221,-130
118900038,82,284,-202
118900039,83,204,-121
118900040,87,119,-32
118900041,79,216,-137
118900042,158,52,106
118900045,104,105,-1
118900046,844,84,760
118900047,883,224,659
118900048,109,101,8
118900049,25,25,0
118900050,7,53,-46
118900051,63,33,30
118900052,61,182,-121
118900053,10,43,-33
118900054,30,69,-39
118900055,4,108,-104
118900056,59,65,-6
118900057,84,197,-113
118900058,130,323,-193
118900059,8,56,-48
118900060,18,123,-105
118900062,21,131,-110
118900064,454,214,240
118900065,5,66,-61
118900066,49,92,-43
118900067,5999,1730,4269
118900068,0,97,-97
118900069,134,244,-110
118900071,2,20,-18
118900072,164,313,-149
118900073,38,112,-74
118900074,55,80,-25
118900075,13,46,-33
118900076,87,35,52
118900077,131,107,24
118900078,5,1,4
118900079,22,82,-60
118900080,3,36,-33
118900081,14,20,-6
118900082,217,115,102
118900083,2,9,-7
118900084,10,14,-4
118900085,369,1027,-658
118900086,5,25,-20
118900087,52,78,-26
118900088,1,10,-9
118900089,10,3,7
118900090,258,519,-261
118900091,100,62,38
118900092,12,32,-20
118900093,53,7,46
118900096,87,77,10
118900097,112,879,-767
118900099,31,248,-217
118900100,52,134,-82
118900101,13,343,-330
118900102,7,19,-12
118900103,18,19,-1
118900104,24,60,-36
118900105,43,62,-19
118900107,66,44,22
118900108,8,44,-36
118900110,857,175,682
118900111,134,459,-325
118900112,12,93,-81
118900113,93,456,-363
118900114,2,62,-60
118900115,17,167,-150
118900116,17,156,-139
118900117,17,202,-185
118900118,85,517,-432
118900119,55,304,-249
118900120,54,320,-266
118900121,4,254,-250
118900122,1,302,-301
118900123,51,193,-142
118900124,15,120,-105
118900126,1,194,-193
118900129,106,120,-14
118900130,23,21,2
118900131,39,312,-273
118900132,130,128,2
118900133,10,39,-29
118900135,103,198,-95
118900136,88,746,-658
118900137,0,9,-9
118900139,67,434,-367
118900140,285,1103,-818
118900141,19,295,-276
118900144,59,659,-600
118900145,20,116,-96
118900146,106,789,-683
118900147,65,77,-12
118900148,17,36,-19
118900150,369,298,71
118900152,179,859,-680
118900157,44,85,-41
118900158,14,79,-65
118900159,1,177,-176
118900161,67,3,64
118900163,181,58,123
118900164,0,61,-61
118900165,3,142,-139
118900166,2,1,1
118900167,8,157,-149
118900168,11,33,-22
118900169,20,197,-177
118900170,15,55,-40
118900171,2,14,-12
118900174,26,13,13
118900175,116,215,-99
118900176,41,143,-102
118900177,2,33,-31
118900178,7,70,-63
118900179,4,21,-17
118900181,18,41,-23
118900182,11,7,4
118900183,11,17,-6
118900184,58,14,44
118900185,72,137,-65
118900186,51,91,-40
118900187,65,325,-260
118900188,68,340,-272
118900189,4,277,-273
118900190,7,653,-646
118900191,50,14,36
118900192,44,17,27
118900193,96,10,86
118900195,137,809,-672
118900196,34,116,-82
118900197,83,113,-30
118900198,1,31,-30
118900199,1,39,-38
118900200,13,1,12
118900201,1,1,0
118900202,1,40,-39
118900203,1,20,-19
118900204,1,11,-10
118900205,0,5,-5
118900206,0,17,-17
119000001,575,749,-174
119000002,1165,1819,-654
119000003,531,1263,-732
119000004,882,1005,-123
119000005,948,1351,-403
119000006,972,1298,-326
119000007,1681,2340,-659
119000008,1263,1808,-545
119000009,2883,1648,1235
119000010,8511,2901,5610
119000011,4392,1019,3373
119000012,3771,1944,1827
119000013,1737,933,804
119000014,1921,2949,-1028
119000019,143,145,-2
119000020,612,1002,-390
119000021,1461,1486,-25
119000022,2536,845,1691
119000023,260,113,147
119000024,1908,3247,-1339
119000025,10281,767,9514
119000026,242,162,80
119000027,368,197,171
119000028,1467,910,557
119000029,104,210,-106
119000030,267,950,-683
119000031,427,701,-274
119000032,1452,1408,44
119000033,1000,1285,-285
119000034,716,798,-82
119000035,17,330,-313
119000036,534,1211,-677
119000037,521,2218,-1697
119000038,45,994,-949
119000039,93,289,-196
119000040,813,334,479
119000041,706,838,-132
119000048,2916,3495,-579
119000049,843,3784,-2941
119000050,1144,2019,-875
119000051,1211,804,407
119000052,1959,2294,-335
119000053,1172,904,268
119000054,1695,3447,-1752
119000055,1468,3284,-1816
119000056,956,1705,-749
119000057,861,2384,-1523
119000058,1182,1916,-734
119000059,616,1232,-616
119000060,561,719,-158
119000061,425,658,-233
119000062,685,1124,-439
119000063,121,263,-142
119000064,957,1300,-343
119000065,1418,2521,-1103
119000066,946,779,167
119000067,1238,2157,-919
119000068,680,839,-159
119000069,814,2124,-1310
119000070,1028,1028,0
119000071,404,632,-228
119000072,5627,2967,2660
119000073,3122,3843,-721
119000074,390,3552,-3162
119000075,556,2093,-1537
119000076,326,625,-299
119000077,509,377,132
119000078,173,339,-166
119000079,58,640,-582
119000080,83,178,-95
119000081,89,273,-184
119000082,199,190,9
119000083,190,199,-9
119000084,224,548,-324
119000085,355,269,86
119000086,131,274,-143
119000087,1222,743,479
119000088,180,216,-36
119000089,33,117,-84
119000090,105,128,-23
119000091,108,185,-77
119000092,460,221,239
119000093,3500,3429,71
119000094,1185,3445,-2260
119000095,519,2782,-2263
119000097,2897,1628,1269
119000098,452,1113,-661
119000099,1396,1487,-91
119000100,1515,1666,-151
119000101,1294,1773,-479
119000102,506,446,60
119000103,865,368,497
119000104,2825,1311,1514
119000105,435,549,-114
119000106,151,1892,-1741
119000107,266,432,-166
119000108,166,1511,-1345
119000109,31,209,-178
119000110,246,270,-24
119000111,21,296,-275
119000112,142,97,45
119000113,1835,165,1670
119000114,347,215,132
119000115,173,102,71
119000116,52,45,7
119000117,31,232,-201
119000118,0,2,-2
119000123,1387,595,792
119000124,175,236,-61
119000125,914,1088,-174
119000126,270,1062,-792
119000127,156,969,-813
119000128,23,2,21
119000131,236,1352,-1116
119000132,1,10,-9
119000133,0,2,-2
119000134,2562,488,2074
119000135,18,195,-177
119000136,63,273,-210
119000137,31,516,-485
119000138,85,405,-320
119000139,55,252,-197
119000140,50,143,-93
119000284,1459,2192,-733
119000285,2050,1834,216
119000286,4529,3364,1165
119000287,867,1844,-977
119000288,1364,1599,-235
119000289,2176,3896,-1720
119000290,126,380,-254
119000291,3,368,-365
119000293,32,170,-138
119000294,33,29,4
119000295,1661,452,1209
119000296,90,95,-5
119000302,4546,1120,3426
119000303,41,115,-74
119000314,901,3309,-2408
119000315,1,726,-725
119000316,25,108,-83
119000317,18,630,-612
119000319,134,365,-231
119900001,55,326,-271
119900002,46,254,-208
119900003,23,1231,-1208
119900004,280,182,98
119900005,47,156,-109
119900006,53,175,-122
119900007,362,23,339
119900008,3,12,-9
119900009,149,378,-229
119900010,536,724,-188
119900011,17,32,-15
119900012,8,16,-8
119900013,991,352,639
119900014,428,169,259
119900015,44,7,37
119900016,9,51,-42
119900017,8,16,-8
119900018,813,89,724
119900019,14,3,11
119900020,11,121,-110
119900021,39,26,13
119900022,42,117,-75
119900023,613,270,343
119900025,41,23,18
119900026,708,27,681
119900027,3,5,-2
119900028,104,10,94
119900029,0,2,-2
119900030,163,361,-198
119900031,13,102,-89
119900033,1399,70,1329
119900034,76,124,-48
119900037,19,9,10
119900038,6,49,-43
119900039,25,3,22
119900040,35,4,31
119900041,31,59,-28
119900042,16,110,-94
119900043,12,148,-136
119900044,83,100,-17
119900046,5,62,-57
119900047,69,69,0
119900049,9,4,5
119900050,16,26,-10
119900051,176,3,173
119900052,9,54,-45
119900053,56,205,-149
119900054,11,1,10
119900055,256,167,89
119900057,28,43,-15
119900058,29,2,27
119900059,61,33,28
119900060,45,0,45
119900061,35,3,32
119900062,10,13,-3
119900063,4,23,-19
119900065,55,2,53
119900067,35,19,16
119900068,72,1,71
119900069,17,4,13
119900070,125,1,124
119900071,57,1,56
119900073,1451,250,1201
119900074,14,8,6
119900075,5186,1049,4137
119900076,32,111,-79
119900077,102,1323,-1221
119900078,100,489,-389
119900079,39,273,-234
119900080,83,232,-149
119900081,102,7,95
119900082,165,26,139
119900083,213,51,162
119900084,199,59,140
119900085,116,31,85
119900086,63,900,-837
119900087,80,55,25
119900088,14,35,-21
119900089,3,461,-458
119900090,98,36,62
119900091,20,1154,-1134
119900092,5,284,-279
119900093,295,39,256
119900094,19,192,-173
119900095,105,37,68
119900096,24,42,-18
119900097,211,128,83
119900098,7,32,-25
119900099,4,180,-176
119900100,2342,1046,1296
119900101,104,457,-353
119900102,18,263,-245
119900103,9,422,-413
119900104,14,150,-136
119900105,234,967,-733
119900106,0,239,-239
119900107,254,3593,-3339
119900108,1384,536,848
119900109,11,226,-215
119900110,237,644,-407
119900111,29,539,-510
119900112,2966,299,2667
119900113,37,514,-477
119900114,94,1810,-1716
119900115,41,1248,-1207
119900116,71,126,-55
119900117,77,1046,-969
119900118,7,1299,-1292
119900119,24,276,-252
119900120,448,657,-209
119900121,66,1463,-1397
119900122,188,294,-106
119900123,68,215,-147
119900124,66,933,-867
119900125,27,423,-396
119900126,4780,91,4689
119900127,2554,540,2014
119900128,102,686,-584
119900129,44,775,-731
119900130,36,187,-151
119900131,11,289,-278
119900132,3,374,-371
119900133,3,16,-13
119900134,1899,174,1725
119900135,0,409,-409
119900136,94,525,-431
119900138,262,393,-131
119900139,2,36,-34
119900140,1,145,-144
119900141,46,206,-160
119900142,1,7,-6
119900143,5,212,-207
119900144,2086,159,1927
119900145,24,255,-231
119900146,72,66,6
119900147,1,50,-49
119900148,30,31,-1
119900149,1248,1315,-67
119900150,102,152,-50
119900151,767,479,288
119900152,32,478,-446
119900153,32,34,-2
119900154,10,1103,-1093
119900155,6,16,-10
119900156,6,1,5
119900157,18,238,-220
119900158,30,33,-3
119900159,5,1480,-1475
119900160,8,192,-184
119900161,126,228,-102
119900162,299,251,48
119900163,56,72,-16
119900164,0,1,-1
119900165,17,228,-211
119900166,12,10,2
119900167,39,64,-25
119900168,200,295,-95
119900169,79,91,-12
119900170,48,87,-39
119900171,257,451,-194
119900172,21,10,11
119900173,2,567,-565
119900174,3,212,-209
119900175,278,461,-183
119900177,8,230,-222
119900178,4,157,-153
119900179,26,116,-90
119900180,319,381,-62
119900181,8,14,-6
119900182,1,372,-371
119900183,78,1068,-990
119900184,2312,351,1961
119900185,5,57,-52
119900186,17,133,-116
119900187,2,479,-477
119900188,13,270,-257
119900189,195,82,113
119900190,27,55,-28
119900191,88,74,14
119900192,8,171,-163
119900193,64,118,-54
119900194,1,16,-15
119900195,6,201,-195
119900196,1241,278,963
119900197,31,106,-75
119900198,19,510,-491
119900199,75,13,62
119900200,95,445,-350
119900201,310,147,163
119900202,96,19,77
119900203,58,151,-93
119900204,58,253,-195
119900205,180,638,-458
119900206,21,103,-82
119900208,63,133,-70
119900209,133,261,-128
119900210,13,19,-6
119900211,29,6,23
119900212,77,698,-621
119900213,4,26,-22
119900214,3,65,-62
119900215,7,100,-93
119900216,4,76,-72
119900217,9,49,-40
119900218,6,71,-65
119900219,0,120,-120
119900220,2,105,-103
119900221,12,367,-355
119900222,4,247,-243
119900223,14,90,-76
119900224,13,28,-15
119900225,976,18,958
119900226,594,399,195
119900227,1034,231,803
119900228,6,187,-181
119900229,229,248,-19
119900230,960,391,569
119900231,47,184,-137
119900232,60,27,33
119900233,7,1,6
119900234,0,11,-11
119900235,3,3,0
119900236,6,90,-84
119900237,11,339,-328
119900238,4,92,-88
119900240,10,159,-149
119900241,52,169,-117
119900242,960,320,640
119900244,519,682,-163
119900245,43,84,-41
119900246,91,139,-48
119900247,0,18,-18
119900248,15,36,-21
119900249,50,27,23
119900253,3620,238,3382
119900254,17,149,-132
119900255,28,430,-402
119900256,110,1169,-1059
119900257,9,1,8
119900258,13,0,13
119900259,3,178,-175
119900260,8,1,7
119900261,53,179,-126
119900262,2,289,-287
119900263,643,394,249
119900264,32,255,-223
119900265,63,384,-321
119900266,50,257,-207
119900267,66,259,-193
119900268,40,234,-194
119900269,153,1367,-1214
119900271,3,43,-40
119900272,58,21,37
119900275,28,2,26
119900276,8,0,8
119900277,6,1,5
119900278,85,11,74
119900279,38,40,-2
119900280,1007,162,845
119900281,0,35,-35
119900282,26,10,16
119900283,4,437,-433
119900284,14,130,-116
119900285,2,15,-13
119900286,2,11,-9
119900288,2,63,-61
119900289,0,34,-34
119900290,0,31,-31
119900291,1,11,-10
119900292,8,6,2
119900293,4,68,-64
119900294,6,41,-35
119900295,1,71,-70
119900296,2,198,-196
119900297,0,19,-19
119900298,1,2,-1
119900299,15,224,-209
119900300,33,144,-111
119900301,12,4,8
119900302,1,16,-15
119900303,79,191,-112
119900304,12,4,8
119900305,15,66,-51
119900306,6,0,6
119900307,10,92,-82
119900308,4,6,-2
119900309,10,28,-18
119900310,95,257,-162
119900311,11,193,-182
119900312,18,64,-46
119900313,83,355,-272
119900314,14,156,-142
119900315,284,2485,-2201
119900318,4,9,-5
119900319,0,407,-407
119900320,18,771,-753
119900321,26,0,26
120000001,6373,5610,763
120000002,1802,2873,-1071
120000003,2943,1782,1161
120000004,2576,2357,219
120000005,4655,1879,2776
120000006,1197,1227,-30
120000007,3070,1996,1074
120000008,1049,1262,-213
120000009,5531,974,4557
120000010,1336,3823,-2487
120000011,703,2218,-1515
120000012,1242,2598,-1356
120000013,1560,2878,-1318
120000014,479,1892,-1413
120000015,1981,1768,213
120000016,2004,2090,-86
120000017,1124,1420,-296
120000018,4168,4164,4
120000019,541,860,-319
120000020,1877,1778,99
120000021,1560,1345,215
120000022,2091,2442,-351
120000023,511,1372,-861
120000024,985,1678,-693
120000025,1124,2160,-1036
120000026,554,1834,-1280
120000027,667,1386,-719
120000028,352,271,81
120000029,1635,325,1310
120000030,91,517,-426
120000031,1398,3105,-1707
120000032,9212,2926,6286
120000033,1804,1530,274
120000034,732,2165,-1433
120000035,872,2221,-1349
120000036,1556,3041,-1485
120000037,323,612,-289
120000038,9965,2259,7706
120000039,295,886,-591
120000040,29,66,-37
120000041,199,1628,-1429
120000042,1010,4522,-3512
120000043,3072,2089,983
120000044,2086,954,1132
120000045,1978,875,1103
120000046,895,1281,-386
120000047,1335,1787,-452
120000048,7376,2579,4797
120000049,1626,2766,-1140
120000050,1847,4500,-2653
120000051,3062,3310,-248
120000052,15228,2143,13085
120000053,892,5275,-4383
120000054,1247,7567,-6320
120000055,677,4199,-3522
120000056,2623,4144,-1521
120000057,1176,769,407
120000058,173,131,42
120000059,36,844,-808
120000061,74,418,-344
120000062,297,217,80
120000063,1686,2823,-1137
120000064,216,1642,-1426
120000065,173,1619,-1446
120000066,77,303,-226
120000067,19,493,-474
120000068,86,1215,-1129
120000069,307,1538,-1231
120000070,20,950,-930
120000071,51,141,-90
120000072,130,410,-280
120000073,150,58,92
120000074,35,38,-3
120000075,79,227,-148
120000076,377,283,94
120000077,625,320,305
120000078,3196,362,2834
120000079,122,747,-625
120000080,119,219,-100
120000081,152,182,-30
120000082,137,232,-95
120000083,81,239,-158
120000084,421,541,-120
120000085,278,535,-257
120000086,216,842,-626
120000087,113,1439,-1326
120000088,516,1300,-784
120000089,534,357,177
120000090,201,388,-187
120000091,368,634,-266
120000092,470,456,14
120000093,94,504,-410
120000094,69,311,-242
120000095,524,784,-260
120000096,152,1179,-1027
120000098,326,903,-577
120000099,116,692,-576
120000100,444,1040,-596
120000101,404,598,-194
120000102,254,336,-82
120000103,550,303,247
120000104,728,179,549
120000105,872,180,692
120000106,651,198,453
120000107,866,283,583
120000108,321,98,223
120000109,415,27,388
120000110,57,1006,-949
120000111,95,1596,-1501
120000112,321,4902,-4581
120000113,348,3326,-2978
120000114,257,2600,-2343
120000115,298,2451,-2153
120000116,437,2304,-1867
120000117,972,1765,-793
120000118,33,11,22
120000119,18,126,-108
120000120,27,17,10
120000121,93,103,-10
120000122,233,154,79
120000123,6376,1817,4559
120000124,221,458,-237
120000125,153,576,-423
120000126,145,429,-284
120000127,696,438,258
120000128,2295,1485,810
120000129,263,255,8
120000130,519,699,-180
120000131,162,455,-293
120000134,247,1284,-1037
120000135,65,260,-195
120000137,73,2228,-2155
120000138,166,431,-265
120000139,71,1183,-1112
120000140,172,486,-314
120000141,48,643,-595
120000142,98,492,-394
120000143,1,101,-100
120000144,24,0,24
120000145,64,3,61
120000146,2004,433,1571
120000149,464,792,-328
120000150,4570,5709,-1139
120000151,259,391,-132
120000152,122,276,-154
120000153,55,679,-624
120000154,293,292,1
120000155,119,218,-99
120000156,2530,450,2080
120000157,553,519,34
120000158,509,793,-284
120000159,1770,2263,-493
120000160,1293,1085,208
120000161,700,2489,-1789
120000162,75,141,-66
120000163,132,1365,-1233
120000164,121,482,-361
120000165,101,768,-667
120000166,245,483,-238
120000167,7,21,-14
120000168,5,47,-42
120000169,130,168,-38
120000170,136,135,1
120000171,21,25,-4
120000172,24,16,8
120000173,1858,123,1735
120000174,399,4,395
120000175,460,10,450
120000176,128,62,66
120000177,717,437,280
120000178,65,8,57
120000179,218,5,213
120000180,199,22,177
120000181,48,53,-5
120000182,57,49,8
120000183,5,97,-92
120000184,46,1135,-1089
120000186,51,36,15
120000187,38,33,5
120000188,186,34,152
120000190,660,6,654
120000191,1504,14,1490
120000192,1572,2,1570
120000193,419,4,415
120000195,51,1,50
120000196,106,20,86
120000197,48,89,-41
120000198,58,174,-116
120000199,27,0,27
120000200,40,1,39
120000201,9,11,-2
120000202,0,55,-55
120000203,13,558,-545
120000207,0,89,-89
120000208,12,342,-330
120000209,0,126,-126
120000210,152,65,87
120000211,33,2,31
120000212,23,2,21
120000213,27,452,-425
120000214,0,443,-443
120000215,0,114,-114
120000216,30,5,25
120000217,773,1319,-546
120000218,288,1590,-1302
120000219,21,946,-925
120000220,18,3655,-3637
120000225,343,1,342
120000226,105,2,103
120000227,536,12,524
120000228,8152,1095,7057
120000230,68,15,53
120000231,228,2187,-1959
120000233,15,6,9
120000235,64,798,-734
120000236,430,2,428
120000237,4,2233,-2229
120000238,0,89,-89
120000241,815,2074,-1259
120000412,777,8,769
120000413,33,473,-440
120000414,11,2,9
120000415,3,135,-132
120000416,6,5,1
120000417,4,63,-59
120000418,22,9,13
120000419,8,433,-425
120000420,346,48,298
120000421,15744,5624,10120
120000422,206,306,-100
120000423,1,42,-41
120000424,19,265,-246
120000436,69,292,-223
120000437,164,192,-28
120000438,5549,324,5225
120000439,72,187,-115
120000443,45,0,45
120000444,398,575,-177
120000445,1031,1199,-168
120000446,860,392,468
120000447,54,2,52
120000449,56,11,45
120000450,3,386,-383
120000451,43,210,-167
120000452,49,1,48
120000453,0,246,-246
120000454,80,32,48
120000455,36,52,-16
120000456,3170,1523,1647
120000457,921,1002,-81
120000458,396,698,-302
120000459,47,68,-21
120000665,461,119,342
120000668,58,91,-33
120000669,31,544,-513
120000670,169,282,-113
120000671,325,143,182
120000672,60,348,-288
120900001,9,27,-18
120900002,48,55,-7
120900003,96,18,78
120900004,2,16,-14
120900005,10,2706,-2696
120900006,74,149,-75
120900007,29,127,-98
120900008,40,1026,-986
120900009,227,64,163
120900010,104,32,72
120900011,189,67,122
120900012,829,211,618
120900013,113,13,100
120900014,1,689,-688
120900015,100,47,53
120900016,129,50,79
120900017,3112,68,3044
120900018,23,365,-342
120900019,241,51,190
120900020,366,206,160
120900021,153,25,128
120900022,17,322,-305
120900023,47,15,32
120900024,980,390,590
120900025,1925,509,1416
120900026,37,104,-67
120900027,310,102,208
120900028,76,11,65
120900029,39,98,-59
120900030,366,273,93
120900031,61,14,47
120900032,209,141,68
120900033,159,9,150
120900034,20,1082,-1062
120900035,11,21,-10
120900037,37,3,34
120900038,5,53,-48
120900039,22,9,13
120900040,44,1,43
120900041,73,12,61
120900042,85,58,27
120900043,4,5,-1
120900044,5,336,-331
120900045,43,69,-26
120900046,57,3,54
120900047,70,28,42
120900048,30,5,25
120900049,85,0,85
120900050,3615,584,3031
120900051,94,73,21
120900052,69,1,68
120900053,38,63,-25
120900054,728,468,260
120900055,59,2,57
120900056,72,3,69
120900057,37,6,31
120900058,74,0,74
120900059,8,0,8
120900060,7,24,-17
120900061,123,187,-64
120900062,44,0,44
120900063,88,0,88
120900064,81,1,80
120900065,56,1,55
120900066,34,231,-197
120900067,89,15,74
120900068,48,0,48
120900069,37,58,-21
120900071,2,0,2
120900072,123,0,123
120900073,77,79,-2
120900074,76,1,75
120900076,33,0,33
120900077,2790,134,2656
120900078,128,969,-841
120900079,128,90,38
120900080,120,3020,-2900
120900081,245,55,190
120900082,347,179,168
120900083,14,3,11
120900084,37,99,-62
120900085,72,71,1
120900086,162,96,66
120900087,175,34,141
120900088,69,88,-19
120900089,5286,659,4627
120900090,33,192,-159
120900091,210,125,85
120900092,543,882,-339
120900093,5437,212,5225
120900094,423,158,265
120900095,80,10,70
120900096,16,58,-42
120900097,472,1629,-1157
120900098,279,203,76
120900099,36,103,-67
120900100,37,535,-498
120900101,285,372,-87
120900102,10,91,-81
120900103,35,127,-92
120900104,81,50,31
120900105,9,1165,-1156
120900106,1213,587,626
120900107,520,211,309
120900108,8,1326,-1318
120900109,20,951,-931
120900110,14,446,-432
120900111,75,340,-265
120900112,2,1818,-1816
120900113,5,1118,-1113
120900114,36,293,-257
120900115,100,92,8
120900116,31,538,-507
120900117,0,607,-607
120900118,1,1133,-1132
120900119,3112,2572,540
120900120,73,805,-732
120900121,47,390,-343
120900122,85,692,-607
120900123,4,601,-597
120900124,3,905,-902
120900125,1,1253,-1252
120900126,862,676,186
120900127,4,748,-744
120900128,766,785,-19
120900129,62,516,-454
120900130,0,152,-152
120900131,17,62,-45
120900132,149,421,-272
120900133,123,1111,-988
120900134,225,473,-248
120900135,0,749,-749
120900136,13,10,3
120900137,30,57,-27
120900138,20,280,-260
120900139,3,1018,-1015
120900140,1,34,-33
120900141,18,64,-46
120900142,24,995,-971
120900143,4,1397,-1393
120900144,1,208,-207
120900145,34,975,-941
120900146,2,1277,-1275
120900147,4,281,-277
120900148,49,61,-12
120900149,0,392,-392
120900150,7,618,-611
120900151,14,810,-796
120900152,29,50,-21
120900153,2,43,-41
120900154,2,390,-388
120900155,59,1349,-1290
120900156,37,545,-508
120900157,13,212,-199
120900158,12,517,-505
120900159,33,660,-627
120900160,9,397,-388
120900161,14,922,-908
120900162,10,1159,-1149
120900163,10,65,-55
120900164,0,0,0
120900165,0,6,-6
120900166,7,46,-39
120900167,35,42,-7
120900169,13,448,-435
120900170,2760,706,2054
120900171,1053,341,712
120900172,915,83,832
120900173,3,30,-27
120900174,0,76,-76
120900175,282,120,162
120900176,4,167,-163
120900177,0,288,-288
120900178,0,77,-77
120900179,479,325,154
120900180,111,68,43
120900181,14,73,-59
120900182,12,227,-215
120900183,350,61,289
120900184,117,46,71
120900185,0,332,-332
120900186,1,694,-693
120900187,167,321,-154
120900188,27,6,21
120900189,93,217,-124
120900190,5,7,-2
120900191,1,22,-21
120900192,15051,1185,13866
120900194,5,44,-39
120900195,41,387,-346
120900196,217,70,147
120900197,146,21,125
120900198,119,680,-561
120900199,113,77,36
120900200,74,45,29
120900201,690,131,559
120900202,0,178,-178
120900203,3,29,-26
120900204,381,428,-47
120900205,33,78,-45
120900206,14,6,8
120900207,20,1222,-1202
121000001,792,994,-202
121000002,1640,861,779
121000003,3359,1490,1869
121000004,1941,2431,-490
121000005,1767,1918,-151
121000006,2205,1035,1170
121000007,2594,2252,342
121000008,4045,2083,1962
121000009,5808,3846,1962
121000010,7134,2505,4629
121000011,7742,6077,1665
121000012,13062,4138,8924
121000013,4881,4534,347
121000014,6400,4561,1839
121000015,3578,4092,-514
121000016,4652,2703,1949
121000017,1224,2756,-1532
121000018,1666,1164,502
121000019,14328,7038,7290
121000020,7807,5497,2310
121000021,2153,2289,-136
121000022,927,1044,-117
121000023,2939,2470,469
121000024,1540,2144,-604
121000025,516,522,-6
121000026,271,100,171
121000027,1035,553,482
121000028,379,280,99
121000029,488,565,-77
121000030,228,276,-48
121000031,349,529,-180
121000032,158,70,88
121000034,267,97,170
121000035,133,52,81
121000036,664,614,50
121000037,422,500,-78
121000038,419,290,129
121000039,180,250,-70
121000041,258,336,-78
121000042,116,225,-109
121000043,608,514,94
121000044,1435,540,895
121000045,177,262,-85
121000046,188,551,-363
121000047,144,213,-69
121000049,1680,600,1080
121000050,291,826,-535
121000051,366,321,45
121000052,195,443,-248
121000053,180,28,152
121000054,24,134,-110
121000055,1317,807,510
121000056,580,840,-260
121000057,149,289,-140
121000058,334,51,283
121000059,1557,533,1024
121000060,280,529,-249
121000061,58,132,-74
121000062,86,127,-41
121000063,447,362,85
121000064,310,433,-123
121000065,389,264,125
121000066,531,360,171
121000067,633,123,510
121000068,264,126,138
121000069,203,144,59
121000070,1500,1094,406
121000071,558,686,-128
121000072,644,707,-63
121000073,579,512,67
121000074,49,105,-56
121000075,31,25,6
121000076,586,162,424
121000077,214,46,168
121000078,54,77,-23
121000080,2451,497,1954
121000081,1600,1110,490
121000082,179,213,-34
121000083,316,118,198
121000084,182,105,77
121000085,324,503,-179
121000086,131,573,-442
121000087,42,211,-169
121000088,246,438,-192
121000089,287,145,142
121000090,249,207,42
121000091,1267,476,791
121000092,111,57,54
121000093,90,141,-51
121000094,387,224,163
121000095,201,385,-184
121000096,1793,1361,432
121000097,829,979,-150
121000098,230,951,-721
121000099,317,638,-321
121000100,254,523,-269
121000101,103,152,-49
121000102,82,419,-337
121000103,41,209,-168
121000104,73,150,-77
121000105,156,231,-75
121000106,87,250,-163
121000107,1983,3843,-1860
121000109,1318,1090,228
121000110,252,269,-17
121000114,2224,1897,327
121000115,642,658,-16
121000116,536,548,-12
121000117,911,167,744
121000118,839,179,660
121000119,103,191,-88
121000120,176,360,-184
121000121,445,729,-284
121000123,1380,464,916
121000127,70,131,-61
121000128,350,541,-191
121000129,293,429,-136
121000130,294,845,-551
121000131,2513,893,1620
121000132,802,659,143
121000135,448,118,330
121000136,779,436,343
121000137,358,80,278
121000138,484,671,-187
121000139,242,97,145
121000141,141,99,42
121000142,973,288,685
121000143,76,10,66
121000144,648,411,237
121000145,232,1013,-781
121000146,926,702,224
121000147,487,400,87
121000148,580,871,-291
121000149,1545,812,733
121000152,275,547,-272
121000153,1354,341,1013
121000154,561,284,277
121000155,829,782,47
121000156,246,572,-326
121000157,1249,1544,-295
121000158,355,514,-159
121000159,84,580,-496
121000160,194,747,-553
121000161,65,355,-290
121000162,11,300,-289
121000165,1252,966,286
121000166,43,334,-291
121000168,165,203,-38
121000169,15,136,-121
121000170,61,56,5
121000171,38,101,-63
121000172,374,312,62
121000173,860,419,441
121000174,165,329,-164
121000175,274,400,-126
121000176,255,198,57
121000177,371,457,-86
121000178,76,27,49
121000179,32,45,-13
121000181,246,223,23
121000182,31,109,-78
121000183,17,49,-32
121000184,24,64,-40
121000185,3,114,-111
121000186,134,188,-54
121000187,97,239,-142
121000188,40,307,-267
121000192,397,234,163
121000193,377,307,70
121000194,2162,1579,583
121000195,415,871,-456
121000196,731,136,595
121000197,155,512,-357
121000198,107,51,56
121000199,58,366,-308
121000200,143,33,110
121000201,1,150,-149
121000202,293,48,245
121000203,311,2173,-1862
121000204,716,357,359
121000205,85,185,-100
121000206,54,19,35
121000207,939,337,602
121000208,1,246,-245
121000209,77,350,-273
121000210,134,451,-317
121000211,93,88,5
121000212,145,617,-472
121000213,6848,1780,5068
121000214,548,1050,-502
121000215,958,502,456
121000216,266,344,-78
121000217,3378,1587,1791
121000218,450,1525,-1075
121000219,887,295,592
121000220,278,66,212
121000221,77,161,-84
121000222,2143,1747,396
121000223,562,181,381
121000224,252,41,211
121000225,897,564,333
121000226,1400,536,864
121000227,16,274,-258
121000228,16,758,-742
121000229,55,458,-403
121000230,65,1893,-1828
121000231,257,5,252
121000232,326,129,197
121000233,343,237,106
121000234,7,10,-3
121000235,15,32,-17
121000236,2,25,-23
121000237,25,7,18
121000238,2,63,-61
121000239,4,4,0
121000240,3,102,-99
121000241,64,14,50
121000242,6,83,-77
121000243,167,26,141
121000244,4,64,-60
121000245,5,4,1
121000246,1,92,-91
121000247,16,0,16
121000248,250,230,20
121000249,20,220,-200
121000250,106,76,30
121000251,12,491,-479
121000252,34,18,16
121000253,140,597,-457
121000254,274,218,56
121000255,162,97,65
121000256,189,97,92
121000257,20,42,-22
121000258,65,26,39
121000259,14,26,-12
121000260,25,72,-47
121000261,8,43,-35
121000262,664,471,193
121000263,280,360,-80
121000271,143,1634,-1491
121000273,79,10,69
121000274,3,37,-34
121000275,2,28,-26
121000276,0,12,-12
121000278,26,38,-12
121000279,20,9,11
121000280,19,24,-5
121000289,178,19,159
121000290,754,541,213
121000294,56,154,-98
121000297,725,493,232
121000299,49,197,-148
121000300,475,390,85
121000302,54,331,-277
121000303,301,284,17
121000304,268,18,250
121000305,44,32,12
121000306,28,72,-44
121000308,89,226,-137
121000309,202,460,-258
121000310,62,411,-349
121000311,51,587,-536
121000312,201,101,100
121000313,466,376,90
121000314,67,37,30
121000315,42,42,0
121000530,553,1184,-631
121000531,674,1105,-431
121000532,3339,2639,700
121000533,1516,1494,22
121000918,6,168,-162
121000919,10,57,-47
121000938,233,107,126
121000939,404,105,299
121000956,276,1056,-780
121000957,1,30,-29
121000958,19,36,-17
121000959,150,955,-805
121000960,1252,1967,-715
121000961,119,28,91
121000962,134,500,-366
121000973,1,227,-226
121000976,4,128,-124
121000979,111,20,91
121000981,292,39,253
121000982,131,167,-36
121000983,205,472,-267
121000984,5,28,-23
121000985,168,682,-514
121000986,64,345,-281
121000987,147,1470,-1323
121000988,237,71,166
121001302,456,113,343
121001308,1,6,-5
121001309,70,13,57
121001313,79,339,-260
121001314,3536,3444,92
121001315,2794,1110,1684
121001326,249,284,-35
121900001,37,104,-67
121900002,28,24,4
121900003,262,13,249
121900004,57,280,-223
121900005,9,4,5
121900006,24,20,4
121900007,1275,1940,-665
121900008,232,16,216
121900009,302,7,295
121900010,331,10,321
121900011,55,217,-162
121900012,4,0,4
121900013,499,7,492
121900014,783,413,370
121900015,53,93,-40
121900016,1,8,-7
121900017,175,364,-189
121900018,178,9,169
121900019,171,146,25
121900020,43,1,42
121900021,444,6,438
121900022,107,89,18
121900023,21,220,-199
121900024,191,18,173
121900025,215,164,51
121900026,121,17,104
121900027,125,79,46
121900028,141,19,122
121900029,5,124,-119
121900030,357,447,-90
121900031,666,2398,-1732
121900032,21,13,8
121900033,88,83,5
121900034,145,72,73
121900035,1465,1175,290
121900036,11,247,-236
121900037,102,377,-275
121900038,9,41,-32
121900039,332,10,322
121900040,36,70,-34
121900041,71,96,-25
121900042,239,94,145
121900043,0,4,-4
121900044,103,4,99
121900046,94,112,-18
121900047,60,34,26
121900048,0,73,-73
121900050,4,21,-17
121900051,87,128,-41
121900052,16,14,2
121900053,153,186,-33
121900054,407,546,-139
121900055,0,8,-8
121900058,47,197,-150
121900059,158,110,48
121900060,48,201,-153
121900062,31,44,-13
121900063,298,144,154
121900064,91,456,-365
121900066,22,14,8
121900067,4,9,-5
121900069,149,72,77
121900070,122,60,62
121900071,46,163,-117
121900072,23,69,-46
121900073,236,114,122
121900074,235,236,-1
121900075,369,184,185
121900076,134,415,-281
121900078,15,23,-8
121900079,0,0,0
121900080,234,244,-10
121900082,10,75,-65
121900084,4,106,-102
121900086,1,15,-14
121900087,204,88,116
121900088,1269,935,334
121900089,11,280,-269
121900090,1,52,-51
121900091,6,59,-53
121900092,31,50,-19
121900093,87,51,36
121900094,18,5,13
121900095,107,80,27
121900096,1467,177,1290
121900097,88,107,-19
121900098,0,0,0
121900099,51,48,3
121900100,114,93,21
121900101,60,55,5
121900102,4,52,-48
121900103,358,82,276
121900104,419,161,258
121900105,49,31,18
121900106,0,0,0
121900107,4,22,-18
121900108,0,9,-9
121900109,399,110,289
121900110,89,984,-895
121900111,495,107,388
121900112,189,51,138
121900113,35,111,-76
121900114,2,12,-10
121900117,34,12,22
121900118,1730,157,1573
121900119,40,92,-52
121900120,11,1285,-1274
121900121,279,39,240
121900122,4,9,-5
121900123,111,420,-309
121900124,51,210,-159
121900125,553,915,-362
121900127,10,39,-29
121900128,57,88,-31
121900129,735,39,696
121900130,47,158,-111
121900131,132,83,49
121900132,15,82,-67
121900133,22,35,-13
121900134,10,91,-81
121900135,1483,141,1342
121900136,58,335,-277
121900137,30,144,-114
121900138,41,119,-78
121900139,283,397,-114
121900140,9,92,-83
121900141,7,9,-2
121900142,37,84,-47
121900143,2,83,-81
121900144,140,185,-45
121900145,61,76,-15
121900146,414,451,-37
121900147,39,129,-90
121900148,104,146,-42
121900149,188,657,-469
121900150,59,109,-50
121900151,44,187,-143
121900152,102,138,-36
121900153,24,292,-268
121900154,7,105,-98
121900155,0,60,-60
121900156,95,59,36
121900157,1,370,-369
121900158,57,50,7
121900159,0,169,-169
121900160,0,176,-176
121900161,516,188,328
121900162,31,87,-56
121900163,21,620,-599
121900164,344,121,223
121900165,72,133,-61
121900166,86,125,-39
121900167,88,55,33
121900168,145,104,41
121900169,6,267,-261
121900170,2,146,-144
121900171,306,349,-43
121900172,129,156,-27
121900173,497,131,366
121900174,17,18,-1
121900175,40,121,-81
121900176,324,1362,-1038
121900177,96,35,61
121900178,19,56,-37
121900179,89,82,7
121900180,4172,1399,2773
121900182,479,192,287
121900183,232,572,-340
121900184,30,349,-319
121900186,1,264,-263
121900187,13,67,-54
121900188,392,155,237
121900189,13,78,-65
121900190,115,323,-208
121900191,22,96,-74
121900192,339,341,-2
121900193,24,145,-121
121900194,2,84,-82
121900195,43,53,-10
121900196,440,290,150
121900197,140,1689,-1549
121900198,704,612,92
121900199,2,10,-8
121900200,20,67,-47
121900201,600,469,131
121900202,70,144,-74
121900203,103,352,-249
121900204,755,489,266
121900205,9,55,-46
121900206,3,3,0
121900207,72,6,66
121900208,96,169,-73
121900209,14,27,-13
121900210,604,500,104
121900211,167,432,-265
121900212,75,61,14
121900213,57,76,-19
121900214,1,133,-132
121900215,11,36,-25
121900216,21,60,-39
121900217,103,41,62
121900218,217,245,-28
121900220,78,8,70
121900221,120,619,-499
121900222,44,167,-123
121900223,40,24,16
121900224,4,33,-29
121900225,50,28,22
121900226,107,122,-15
121900227,68,250,-182
121900228,96,138,-42
121900230,62,18,44
121900231,104,149,-45
121900232,92,280,-188
121900233,138,145,-7
121900234,78,247,-169
121900235,132,159,-27
121900236,152,82,70
121900237,107,144,-37
121900238,48,113,-65
121900239,40,19,21
121900240,108,68,40
121900241,8,33,-25
121900242,0,0,0
121900243,2,0,2
121900244,2,0,2
121900245,83,103,-20
121900246,670,323,347
121900248,673,589,84
121900250,312,190,122
121900251,140,10,130
121900252,638,71,567
121900253,110,733,-623
121900254,626,145,481
121900255,81,51,30
121900258,1435,1294,141
121900259,171,214,-43
121900260,3,60,-57
121900261,79,245,-166
121900262,306,426,-120
121900263,60,182,-122
121900264,1692,676,1016
121900265,49,223,-174
121900266,82,138,-56
121900267,6,13,-7
121900269,32,99,-67
121900270,10,72,-62
121900271,21,87,-66
121900273,345,769,-424
121900274,81,162,-81
121900277,105,1235,-1130
121900278,45,547,-502
121900279,71,236,-165
121900280,90,141,-51
121900281,114,26,88
121900284,34,3,31
121900286,18,109,-91
121900287,1,4,-3
121900288,2,2,0
121900290,113,118,-5
121900291,293,319,-26
121900292,131,90,41
121900293,771,2164,-1393
121900294,128,0,128
121900295,24,134,-110
121900296,30,12,18
121900298,183,262,-79
121900299,0,0,0
121900300,0,0,0
121900301,14,0,14
121900302,0,37,-37
121900303,97,341,-244
121900304,2,21,-19
121900305,2,4,-2
121900306,19,0,19
121900307,37,0,37
121900308,9,308,-299
121900309,21,211,-190
121900310,13,324,-311
121900311,130,5,125
121900312,75,9,66
121900313,130,16,114
121900314,0,25,-25
121900315,0,0,0
121900316,0,4,-4
121900317,1,0,1
121900318,2,4,-2
121900319,16,27,-11
121900320,28,41,-13
121900321,0,1,-1
121900322,0,41,-41
121900323,15,10,5
121900324,0,21,-21
121900325,1,0,1
121900326,0,19,-19
121900327,1,46,-45
121900328,0,10,-10
121900329,4,188,-184
121900330,0,8,-8
121900331,9,0,9
121900332,40,10,30
121900333,10,3,7
121900334,56,34,22
122000001,1936,1847,89
122000002,4401,905,3496
122000003,1508,912,596
122000004,2320,630,1690
122000005,2127,634,1493
122000006,1806,307,1499
122000007,992,801,191
122000008,4241,2409,1832
122000009,551,105,446
122000010,1714,1394,320
122000011,2865,468,2397
122000012,1273,746,527
122000013,2133,1032,1101
122000014,1149,1771,-622
122000015,1129,774,355
122000016,366,571,-205
122000017,862,873,-11
122000018,962,924,38
122000019,545,1363,-818
122000020,102,157,-55
122000021,430,251,179
122000022,873,1009,-136
122000023,377,2140,-1763
122000024,1156,575,581
122000025,1989,624,1365
122000026,2645,473,2172
122000027,530,4311,-3781
122000028,678,218,460
122000029,300,126,174
122000030,338,84,254
122000031,196,105,91
122000032,1099,2323,-1224
122000033,809,489,320
122000034,492,373,119
122000035,322,512,-190
122000036,345,666,-321
122000037,269,213,56
122000038,314,295,19
122000039,708,460,248
122000040,430,234,196
122000041,372,442,-70
122000042,245,340,-95
122000043,104,72,32
122000044,60,96,-36
122000045,1213,519,694
122000046,505,804,-299
122000047,237,123,114
122000048,2242,2707,-465
122000049,3450,1654,1796
122000050,1374,502,872
122000051,477,176,301
122000052,325,127,198
122000053,101,364,-263
122000054,2386,1514,872
122000055,2315,1530,785
122000056,4570,2412,2158
122000057,3354,1507,1847
122000058,5312,690,4622
122000059,3390,813,2577
122000060,1477,405,1072
122000061,852,142,710
122000062,1291,315,976
122000063,1092,309,783
122000064,3138,2198,940
122000065,6324,2667,3657
122000066,925,514,411
122000067,1164,866,298
122000068,553,944,-391
122000069,655,479,176
122000070,293,2233,-1940
122000071,520,1307,-787
122000072,244,211,33
122000073,498,348,150
122000074,1402,775,627
122000075,313,847,-534
122000076,981,697,284
122000077,1581,418,1163
122000078,3478,1117,2361
122000079,1633,464,1169
122000080,805,239,566
122000081,97,214,-117
122000082,1566,647,919
122000083,740,3302,-2562
122000084,517,518,-1
122000085,170,1044,-874
122000086,1724,3322,-1598
122000087,252,110,142
122000088,194,111,83
122000089,4789,2019,2770
122000090,145,223,-78
122000091,279,90,189
122000092,57,11,46
122000093,990,708,282
122000094,5755,1095,4660
122000095,2192,1032,1160
122000096,1554,1152,402
122000098,2016,810,1206
122000099,1868,418,1450
122000100,1502,458,1044
122000101,187,731,-544
122000102,1219,891,328
122000103,1252,1035,217
122000104,170,152,18
122000105,182,201,-19
122000106,567,367,200
122000107,542,310,232
122000108,263,649,-386
122000109,179,263,-84
122000110,257,456,-199
122000111,2013,891,1122
122000112,448,1170,-722
122000113,314,461,-147
122000114,2070,862,1208
122000115,1504,807,697
122000116,334,324,10
122000117,724,201,523
122000118,278,303,-25
122000119,1965,909,1056
122000120,2784,1395,1389
122000121,2874,1352,1522
122000122,529,853,-324
122000123,1876,731,1145
122000124,726,236,490
122000125,330,399,-69
122000126,554,388,166
122000127,1040,519,521
122000128,420,690,-270
122000129,323,397,-74
122000130,1291,266,1025
122000131,1524,274,1250
122000132,975,274,701
122000133,626,1422,-796
122000134,290,360,-70
122000135,508,763,-255
122000136,212,171,41
122000137,610,428,182
122000139,1022,1953,-931
122000140,922,384,538
122000141,3603,657,2946
122000142,345,411,-66
122000143,481,128,353
122000144,1871,479,1392
122000145,730,558,172
122000146,341,637,-296
122000147,715,249,466
122000148,2378,1036,1342
122000149,1681,607,1074
122000150,1268,522,746
122000151,339,260,79
122000152,434,260,174
122000153,340,225,115
122000154,466,97,369
122000155,2107,1738,369
122000156,2392,1215,1177
122000157,1748,767,981
122000158,195,367,-172
122000159,902,1054,-152
122000160,4391,501,3890
122000161,921,446,475
122000162,1294,1087,207
122000163,168,33,135
122000164,17,60,-43
122000165,623,612,11
122000166,835,849,-14
122000167,152,177,-25
122000168,137,326,-189
122000169,456,167,289
122000170,203,232,-29
122000171,18,59,-41
122000172,1186,1405,-219
122000173,1091,2153,-1062
122000174,1278,600,678
122000175,1167,332,835
122000176,338,479,-141
122000177,1344,901,443
122000178,2445,2081,364
122000179,1645,2133,-488
122000180,1384,571,813
122000181,1263,1352,-89
122000182,1594,434,1160
122000183,972,642,330
122000184,2521,1067,1454
122000185,1322,793,529
122000186,474,751,-277
122000187,1540,989,551
122000188,480,188,292
122000189,230,269,-39
122000190,950,927,23
122000191,690,322,368
122000192,1022,231,791
122000193,323,668,-345
122000194,536,161,375
122000195,133,284,-151
122000196,683,395,288
122000197,337,345,-8
122000198,415,813,-398
122000199,372,255,117
122000200,1007,478,529
122000201,1180,1274,-94
122000202,845,869,-24
122000203,2885,1219,1666
122000204,1341,1359,-18
122000205,1180,710,470
122000206,1739,611,1128
122000207,748,815,-67
122000208,1390,1095,295
122000209,2234,270,1964
122000210,1265,1419,-154
122000211,671,957,-286
122000212,395,360,35
122000213,709,821,-112
122000214,1091,1327,-236
122000215,1413,1286,127
122000217,1344,1049,295
122000218,434,49,385
122000219,1374,760,614
122000220,388,694,-306
122000221,102,327,-225
122000222,575,93,482
122000223,801,461,340
122000225,538,225,313
122000226,650,1346,-696
122000227,230,1357,-1127
122000228,208,458,-250
122000229,82,335,-253
122000230,46,746,-700
122000231,165,629,-464
122000232,288,830,-542
122000233,0,87,-87
122000234,74,202,-128
122000235,363,179,184
122000236,303,124,179
122000237,48,58,-10
122000238,64,97,-33
122000239,242,82,160
122000240,523,215,308
122000241,492,299,193
122000242,156,65,91
122000243,71,86,-15
122000244,29,444,-415
122000245,40,312,-272
122000246,139,116,23
122000247,392,922,-530
122000248,1129,1585,-456
122000249,257,444,-187
122000250,850,375,475
122000251,182,251,-69
122000252,322,35,287
122000253,13,187,-174
122000254,58,54,4
122000255,354,1541,-1187
122000256,240,1170,-930
122000257,65,334,-269
122000258,44,138,-94
122000259,5,643,-638
122000260,144,802,-658
122000261,3,150,-147
122000262,0,74,-74
122000263,72,85,-13
122000264,358,380,-22
122000265,1394,566,828
122000266,3517,437,3080
122000267,42,108,-66
122000268,49,295,-246
122000269,483,215,268
122000270,535,80,455
122000271,243,822,-579
122000272,208,787,-579
122000273,278,425,-147
122000274,60,267,-207
122000275,46,203,-157
122000276,152,418,-266
122000277,372,939,-567
122000278,374,765,-391
122000279,82,424,-342
122000280,388,622,-234
122000281,297,504,-207
122000282,42,238,-196
122000283,110,42,68
122000284,59,89,-30
122000285,206,87,119
122000286,51,156,-105
122000287,364,1090,-726
122000288,158,155,3
122000291,468,267,201
122000293,296,291,5
122000294,27,71,-44
122000295,979,118,861
122000296,62,452,-390
122000297,2233,1547,686
122000299,147,310,-163
122000300,445,409,36
122000301,10946,1495,9451
122000302,593,437,156
122000303,3429,781,2648
122000304,26,133,-107
122000305,529,633,-104
122000306,18,661,-643
122000307,142,122,20
122000309,46,46,0
122000310,24,10,14
122000311,27,28,-1
122000312,64,23,41
122000313,13,31,-18
122000314,54,173,-119
122000315,108,13,95
122000316,206,144,62
122000317,559,187,372
122000318,245,170,75
122000319,194,371,-177
122000320,272,1764,-1492
122000321,39,256,-217
122000322,2216,1848,368
122000323,1473,1095,378
122000324,1431,1155,276
122000325,919,651,268
122000326,6,103,-97
122000327,166,311,-145
122000328,953,740,213
122000330,1192,469,723
122000333,3,219,-216
122000337,298,1584,-1286
122000338,136,351,-215
122000340,238,183,55
122000342,1969,965,1004
122000343,297,1314,-1017
122000344,13,7,6
122000345,94,150,-56
122000346,189,409,-220
122000348,256,558,-302
122000349,71,490,-419
122000351,85,161,-76
122000352,230,65,165
122000353,35,118,-83
122000355,99,229,-130
122000356,1226,646,580
122000357,11,18,-7
122000358,1,47,-46
122000359,0,23,-23
122000360,0,47,-47
122000362,7,106,-99
122000364,24,443,-419
122000365,2,16,-14
122000366,4,4,0
122000368,344,627,-283
122000370,4,79,-75
122000371,2,0,2
122000372,0,0,0
122000381,28,318,-290
122000382,65,233,-168
122000384,4700,2095,2605
122000385,13,1,12
122000386,431,630,-199
122000387,211,375,-164
122000388,1183,301,882
122000389,154,791,-637
122000390,321,237,84
122000391,146,59,87
122000392,153,165,-12
122000393,65,568,-503
122000394,168,221,-53
122000395,64,164,-100
122000396,173,115,58
122000397,26,111,-85
122000398,3,62,-59
122000399,39,86,-47
122000400,100,281,-181
122000401,54,92,-38
122000402,103,47,56
122000403,195,1142,-947
122000404,63,216,-153
122000408,764,954,-190
122000503,3,43,-40
122000524,139,66,73
122000544,33,1459,-1426
122000614,465,129,336
122000616,428,0,428
122000640,20,211,-191
122000641,34,451,-417
122000642,675,1064,-389
122000643,3,98,-95
122000644,146,36,110
122000645,96,115,-19
122000651,1940,468,1472
122000664,95,20,75
122000665,891,555,336
122000666,369,972,-603
122000673,31,272,-241
122000674,55,45,10
122000675,761,1023,-262
122000686,159,888,-729
122000687,565,285,280
122000688,129,628,-499
122000689,251,497,-246
122000690,352,624,-272
122000691,173,2265,-2092
122000692,532,246,286
122000693,214,1278,-1064
122000695,80,434,-354
122000696,111,310,-199
122000698,61,957,-896
122000699,76,26,50
122000701,783,240,543
122000702,291,1741,-1450
122000703,106,42,64
122000717,115,50,65
122000718,562,568,-6
122000719,35,36,-1
122000720,87,215,-128
122000724,301,253,48
122900001,4,1,3
122900002,593,1221,-628
122900003,169,23,146
122900004,693,13,680
122900005,30,46,-16
122900006,171,357,-186
122900007,26,9,17
122900008,290,100,190
122900009,475,83,392
122900010,114,101,13
122900012,437,212,225
122900014,75,152,-77
122900015,1345,170,1175
122900016,28,261,-233
122900017,339,483,-144
122900018,132,6,126
122900020,153,261,-108
122900021,41,384,-343
122900022,228,848,-620
122900023,122,190,-68
122900024,77,67,10
122900025,11,121,-110
122900026,116,246,-130
122900027,20,491,-471
122900028,36,62,-26
122900029,3586,1236,2350
122900030,970,271,699
122900031,81,102,-21
122900032,83,143,-60
122900033,91,137,-46
122900034,2554,3185,-631
122900035,5,6,-1
122900036,6,135,-129
122900037,255,87,168
122900038,83,1001,-918
122900039,108,396,-288
122900040,135,350,-215
122900041,81,191,-110
122900042,46,273,-227
122900043,224,129,95
122900044,55,242,-187
122900045,77,74,3
122900046,55,90,-35
122900047,176,72,104
122900048,30,93,-63
122900049,1697,68,1629
122900051,108,70,38
122900052,22,97,-75
122900053,5,11,-6
122900055,139,64,75
122900057,158,12,146
122900061,303,23,280
122900062,255,263,-8
122900063,81,251,-170
122900064,585,487,98
122900065,209,117,92
122900066,215,190,25
122900067,1299,552,747
122900069,88,509,-421
122900070,112,32,80
122900071,53,437,-384
122900073,30,174,-144
122900074,155,459,-304
122900075,0,42,-42
122900076,2,127,-125
122900077,3,128,-125
122900078,23,87,-64
122900080,39,6,33
122900081,101,85,16
122900082,472,157,315
122900083,122,79,43
122900084,2,190,-188
122900086,3,8,-5
122900087,99,535,-436
122900088,22,48,-26
122900089,31,240,-209
122900090,6,526,-520
122900091,36,0,36
122900092,0,115,-115
122900093,0,344,-344
122900094,4,183,-179
122900095,57,0,57
122900096,49,274,-225
122900097,2,8,-6
122900098,45,58,-13
122900099,6,2,4
122900100,109,102,7
122900101,434,82,352
122900102,4,8,-4
122900103,21,3,18
122900104,16,2,14
122900105,1,6,-5
122900106,1,50,-49
122900107,1,132,-131
122900108,4,185,-181
122900109,64,159,-95
123000001,1462,277,1185
123000002,4001,1631,2370
123000003,3246,1903,1343
123000004,3264,3717,-453
123000005,1689,1771,-82
123000006,2687,2740,-53
123000007,2298,1857,441
123000008,2341,3461,-1120
123000009,3793,2338,1455
123000010,3144,2993,151
123000011,2757,795,1962
123000012,947,1999,-1052
123000013,2554,894,1660
123000014,1342,2892,-1550
123000015,2739,521,2218
123000016,5096,1812,3284
123000017,2674,1418,1256
123000018,62,73,-11
123000019,90,435,-345
123000020,64,122,-58
123000021,69,136,-67
123000022,296,746,-450
123000023,767,991,-224
123000024,774,482,292
123000025,94,80,14
123000026,10,99,-89
123000027,244,233,11
123000028,248,706,-458
123000029,548,446,102
123000030,75,663,-588
123000031,103,399,-296
123000032,106,309,-203
123000033,132,98,34
123000034,494,369,125
123000035,130,157,-27
123000036,139,272,-133
123000037,120,236,-116
123000038,53,165,-112
123000039,512,534,-22
123000040,1074,242,832
123000041,621,321,300
123000042,672,408,264
123000043,1089,2055,-966
123000044,4779,1485,3294
123000045,7054,839,6215
123000046,531,467,64
123000047,2823,578,2245
123000048,51,195,-144
123000049,4654,2517,2137
123000050,482,703,-221
123000051,69,103,-34
123000052,476,1101,-625
123000053,1982,1324,658
123000054,985,782,203
123000055,494,795,-301
123000056,1028,1642,-614
123000057,12279,3431,8848
123000058,2131,763,1368
123000059,679,298,381
123000060,529,369,160
123000061,159,490,-331
123000063,572,472,100
123000064,512,214,298
123000065,6691,3148,3543
123000066,1131,619,512
123000067,344,483,-139
123000068,2630,2404,226
123000069,7522,2733,4789
123000070,279,609,-330
123000071,362,1069,-707
123000072,754,1437,-683
123000073,499,755,-256
123000074,741,2316,-1575
123000075,318,504,-186
123000076,301,1043,-742
123000077,1910,3556,-1646
123000078,616,1880,-1264
123000079,573,1891,-1318
123000080,1255,2544,-1289
123000081,178,468,-290
123000082,284,893,-609
123000083,407,94,313
123000084,469,799,-330
123000085,164,63,101
123000086,63,211,-148
123000087,90,477,-387
123000088,556,1897,-1341
123000089,333,1246,-913
123000090,969,1141,-172
123000091,1388,1162,226
123000092,1028,1116,-88
123000094,239,247,-8
123000095,158,494,-336
123000096,187,452,-265
123000097,104,1214,-1110
123000098,415,482,-67
123000099,440,854,-414
123000100,312,438,-126
123000101,536,318,218
123000102,465,438,27
123000104,237,246,-9
123000105,423,533,-110
123000106,464,194,270
123000107,416,462,-46
123000108,1249,946,303
123000111,312,228,84
123000112,384,431,-47
123000113,309,1019,-710
123000114,385,436,-51
123000115,96,275,-179
123000116,19,191,-172
123000117,1009,1951,-942
123000118,300,714,-414
123000119,130,914,-784
123000120,260,753,-493
123000121,377,549,-172
123000122,315,247,68
123000123,413,447,-34
123000124,604,394,210
123000125,599,309,290
123000126,2857,1722,1135
123000127,1986,748,1238
123000128,246,417,-171
123000129,179,103,76
123000130,196,40,156
123000131,462,403,59
123000132,394,566,-172
123000133,385,348,37
123000134,541,134,407
123000135,638,641,-3
123000136,187,1368,-1181
123000137,91,389,-298
123000138,49,409,-360
123000139,207,66,141
123000140,133,512,-379
123000141,654,39,615
123000142,835,1049,-214
123000143,901,2539,-1638
123000144,14,6,8
123000145,122,77,45
123000146,20,84,-64
123000147,39,111,-72
123000149,215,184,31
123000150,208,125,83
123000151,266,375,-109
123000152,15,297,-282
123000153,106,311,-205
123000154,1714,1251,463
123000155,2011,722,1289
123000156,34,56,-22
123000157,499,803,-304
123000158,661,366,295
123000159,1855,1042,813
123000160,529,456,73
123000161,609,443,166
123000162,358,740,-382
123000163,92,103,-11
123000164,596,136,460
123000165,262,1989,-1727
123000166,26,188,-162
123000167,82,311,-229
123000168,115,311,-196
123000169,224,87,137
123000170,16,289,-273
123000171,73,75,-2
123000172,265,693,-428
123000173,237,99,138
123000174,518,72,446
123000175,884,1260,-376
123000176,267,101,166
123000177,240,954,-714
123000178,373,56,317
123000179,14,805,-791
123000180,788,195,593
123000181,216,1252,-1036
123000182,67,449,-382
123000183,107,117,-10
123000185,186,288,-102
123000186,1,577,-576
123000187,208,4,204
123000188,147,3,144
123000189,34,251,-217
123000190,12,197,-185
123000192,17,387,-370
123000193,47,611,-564
123000194,266,242,24
123000195,155,16,139
123000196,129,21,108
123000197,36,42,-6
123000198,7,156,-149
123000199,16,417,-401
123000200,73,0,73
123000201,242,42,200
123000202,23,1079,-1056
123000203,275,45,230
123000204,51,1330,-1279
123000205,202,1913,-1711
123000206,658,87,571
123000207,89,1516,-1427
123000208,172,54,118
123000209,805,140,665
123000210,211,1498,-1287
123000211,464,2516,-2052
123000212,952,219,733
123000213,205,40,165
123000215,110,62,48
123000216,153,409,-256
123000217,106,17,89
123000218,60,234,-174
123000219,814,24,790
123000220,322,55,267
123000221,57,81,-24
123000222,158,315,-157
123000223,47,498,-451
123000224,313,721,-408
123000225,104,67,37
123000226,76,347,-271
123000227,45,314,-269
123000228,104,45,59
123000229,956,1576,-620
123000232,52,485,-433
123000233,308,109,199
123000234,113,599,-486
123000235,156,260,-104
123000236,107,804,-697
123000237,155,42,113
123000238,49,572,-523
123000239,341,1640,-1299
123000240,21,177,-156
123000241,738,55,683
123000242,21,120,-99
123000243,300,874,-574
123000244,619,331,288
123000245,41,113,-72
123000249,366,564,-198
123000252,409,104,305
123000253,377,204,173
123000254,330,944,-614
123000255,491,434,57
123000256,23,232,-209
123000257,1581,1490,91
123000258,1088,2064,-976
123000259,80,333,-253
123000260,216,495,-279
123000261,61,103,-42
123000262,41,247,-206
123000263,205,75,130
123000264,134,25,109
123000265,74,132,-58
123000266,362,530,-168
123000267,136,164,-28
123000268,19,86,-67
123000269,32,50,-18
123000270,16,51,-35
123000271,24,70,-46
123000272,580,191,389
123000273,116,443,-327
123000274,639,252,387
123000275,170,913,-743
123000278,2583,2160,423
123000279,46,72,-26
123000280,168,290,-122
123000281,171,61,110
123000282,67,279,-212
123000283,63,47,16
123000284,55,142,-87
123000286,239,147,92
123000287,563,155,408
123000288,571,353,218
123000289,312,432,-120
123000291,215,692,-477
123000294,154,228,-74
123000295,675,942,-267
123000296,164,589,-425
123000297,250,772,-522
123000298,187,579,-392
123000299,53,476,-423
123000300,551,674,-123
123000301,51,132,-81
123000302,56,138,-82
123000303,20,115,-95
123000305,806,739,67
123000306,24,213,-189
123000309,30,54,-24
123000310,51,27,24
123000311,64,268,-204
123000312,725,1047,-322
123000313,187,182,5
123000315,140,272,-132
123000316,1681,180,1501
123000317,152,33,119
123000318,26,283,-257
123000329,6,13,-7
123000337,172,240,-68
123000338,279,82,197
123000339,48,204,-156
123000340,171,345,-174
123000342,4,226,-222
123000343,27,1,26
123000344,758,368,390
123000345,327,494,-167
123000346,185,118,67
123000352,1642,632,1010
123000353,33,123,-90
123000354,370,9,361
123000355,0,454,-454
123000356,61,2,59
123000357,1,311,-310
123000359,0,240,-240
123000360,95,12,83
123000361,487,203,284
123000362,52,82,-30
123000363,75,191,-116
123000364,282,285,-3
123000365,18,147,-129
123000366,182,696,-514
123000367,1204,1638,-434
123000370,16,208,-192
123000371,59,7,52
123000372,107,8,99
123000373,2,345,-343
123000374,10,173,-163
123000375,76,6,70
123000376,449,443,6
123000377,101,7,94
123000378,4,299,-295
123000379,5,217,-212
123000380,27,127,-100
123000381,73,21,52
123000382,622,22,600
123000383,147,607,-460
123000384,347,62,285
123000385,505,450,55
123000436,15,582,-567
123000507,162,342,-180
123000508,82,258,-176
123000517,238,14,224
123000518,28,170,-142
123000519,65,51,14
123000520,31,153,-122
123000521,144,72,72
123000522,179,489,-310
123000541,3,1,2
123000542,1,36,-35
123000565,238,8,230
123000566,38,779,-741
123000567,94,229,-135
123000573,10,795,-785
123000574,259,37,222
123000575,1246,799,447
123000576,431,1217,-786
123000577,80,329,-249
123000578,499,82,417
123000579,4804,1997,2807
123000580,35,29,6
123000582,194,17,177
123000583,5,408,-403
123000584,96,158,-62
123000585,0,90,-90
123000586,28,0,28
123000596,142,97,45
123000597,36,78,-42
123000602,2,3,-1
123000603,177,706,-529
123000604,235,1052,-817
123000605,437,18,419
123000606,1,190,-189
123000609,8,318,-310
123000610,76,60,16
123000613,53,129,-76
123000614,191,28,163
123000615,38,211,-173
123000616,230,27,203
123000617,13,397,-384
123000618,34,439,-405
123000619,548,5,543
123000620,7,382,-375
123000622,194,17,177
123000624,142,34,108
123000630,487,345,142
123000631,111,2027,-1916
123000632,1507,1643,-136
123000633,2,173,-171
123000634,53,24,29
123000635,214,129,85
123000636,21,474,-453
123000637,217,23,194
123000638,229,92,137
123000639,655,1934,-1279
123000640,32,1081,-1049
123000648,283,87,196
123000649,192,1687,-1495
123000650,25,89,-64
123000651,9,182,-173
123000652,97,67,30
123000653,7,231,-224
123000654,94,199,-105
123900001,1243,35,1208
123900002,5,636,-631
123900003,213,431,-218
123900005,81,63,18
123900006,73,26,47
124000001,897,19,878
124000002,13,628,-615
124000003,220,53,167
124000004,34,643,-609
124000005,421,93,328
124000006,203,1378,-1175
124000007,425,53,372
124000008,14,368,-354
124000009,165,179,-14
124000010,55,568,-513
124000011,339,201,138
124000012,206,785,-579
124000017,43,67,-24
124000018,48,104,-56
124000019,39,55,-16
124000020,24,234,-210
124000021,37,34,3
124000022,90,221,-131
124000023,388,69,319
124000024,918,634,284
124000025,579,160,419
124000026,690,443,247
124000027,1355,239,1116
124000028,2387,885,1502
124000031,774,448,326
124000032,3590,1262,2328
124000033,538,193,345
124000034,889,950,-61
124000035,143,53,90
124000036,97,553,-456
124000037,157,198,-41
124000038,28,76,-48
124000039,754,120,634
124000040,486,318,168
124000041,116,47,69
124000042,56,209,-153
124000043,155,71,84
124000044,160,217,-57
124000045,344,350,-6
124000046,93,696,-603
124000047,439,634,-195
124000048,311,1638,-1327
124000049,592,514,78
124000050,400,2470,-2070
124000051,205,405,-200
124000052,304,1485,-1181
124000053,265,607,-342
124000054,554,696,-142
124000055,767,915,-148
124000056,3498,1217,2281
124000057,475,351,124
124000058,256,1465,-1209
124000059,298,385,-87
124000060,780,950,-170
124000061,788,1866,-1078
124000062,7856,1678,6178
124000063,1185,1587,-402
124000064,2300,2041,259
124000065,191,210,-19
124000066,330,52,278
124000067,33,161,-128
124000068,12,79,-67
124000069,128,221,-93
124000070,89,458,-369
124000071,51,113,-62
124000072,105,508,-403
124000073,369,103,266
124000074,130,831,-701
124000075,41,22,19
124000076,8,232,-224
124000077,987,372,615
124000078,1612,189,1423
124000079,490,483,7
124000080,123,78,45
124000081,91,684,-593
124000082,10,83,-73
124000083,26,137,-111
124000084,48,159,-111
124000085,56,31,25
124000086,73,65,8
124000087,73,68,5
124000088,69,167,-98
124000089,188,262,-74
124000090,95,389,-294
124000091,238,129,109
124000092,95,837,-742
124000093,88,50,38
124000094,63,225,-162
124000095,47,56,-9
124000096,33,262,-229
124000097,57,68,-11
124000098,42,135,-93
124000099,82,40,42
124000100,21,122,-101
124000101,18,127,-109
124000102,113,109,4
124000103,37,106,-69
124000104,80,133,-53
124000105,25,43,-18
124000106,114,141,-27
124000107,9,57,-48
124000108,57,39,18
124000109,93,33,60
124000110,78,74,4
124000111,152,115,37
124000112,295,658,-363
124000113,54,58,-4
124000114,145,579,-434
124000115,210,708,-498
124000116,59,76,-17
124000117,50,55,-5
124000118,31,45,-14
124000119,605,410,195
124000120,311,458,-147
124000121,2304,548,1756
124000122,420,840,-420
124000123,624,234,390
124000124,410,725,-315
124000125,248,216,32
124000126,281,541,-260
124000127,386,243,143
124000128,357,986,-629
124000129,1040,982,58
124000130,661,496,165
124000131,656,434,222
124000132,576,756,-180
124000133,404,517,-113
124000134,418,798,-380
124000135,1051,868,183
124000136,730,1076,-346
124000137,763,318,445
124000138,1066,818,248
124000139,365,40,325
124000140,70,424,-354
124000141,160,33,127
124000142,30,557,-527
124000143,27,10,17
124000144,0,127,-127
124000145,23,15,8
124000146,3,91,-88
124000148,5,14,-9
124000149,482,198,284
124000150,150,429,-279
124000151,375,181,194
124000152,498,870,-372
124000153,308,256,52
124000154,261,717,-456
124000155,690,324,366
124000156,873,808,65
124000169,184,212,-28
124000170,536,288,248
124000171,109,177,-68
124000172,266,582,-316
124000173,176,286,-110
124000174,170,711,-541
124000175,1,116,-115
124000176,9,13,-4
124000177,7,34,-27
124000178,7,5,2
124000185,7,4,3
124000186,4,61,-57
124000187,5,105,-100
124000188,11,7,4
124000190,205,16,189
124000191,423,130,293
124000192,1247,187,1060
124000193,243,862,-619
124000194,246,561,-315
124000195,113,285,-172
124000196,742,1300,-558
124000197,33,54,-21
124000198,12,41,-29
124000201,193,922,-729
124000202,245,49,196
124000203,96,814,-718
124000204,203,363,-160
124000205,29,599,-570
124000206,93,306,-213
124000207,1,43,-42
124000209,88,284,-196
124000210,105,105,0
124000211,68,2,66
124000212,2,535,-533
124000213,64,389,-325
124000214,102,549,-447
124000215,84,5,79
124000216,4,646,-642
124000329,30,1971,-1941
124000338,16,989,-973
124000339,202,51,151
124000341,263,45,218
124000344,8,3,5
124000357,810,1600,-790
124000358,892,1618,-726
124000359,527,403,124
124000360,216,346,-130
124000361,678,483,195
124000362,1061,1386,-325
124000363,253,548,-295
124000364,472,1092,-620
124000365,587,1215,-628
124000366,2275,1458,817
124000367,101,464,-363
124000368,100,155,-55
124000369,39,83,-44
124000370,26,380,-354
124000402,6,6,0
124000403,20,8,12
124000404,5,58,-53
124000405,574,399,175
124000406,627,685,-58
124000407,4,11,-7
124000411,2,315,-313
124000412,82,14,68
124000413,243,43,200
124000414,33,109,-76
124000415,29,226,-197
124000416,89,336,-247
124000417,63,75,-12
124000418,32,137,-105
124000419,43,167,-124
124000420,40,67,-27
124000421,23,296,-273
124000422,29,9,20
124000423,76,14,62
124000424,7,135,-128
124000425,9,4,5
124000426,4,193,-189
124000427,21,5,16
124000428,10,24,-14
124000429,20,49,-29
124000430,327,553,-226
124000431,304,535,-231
124000432,65,808,-743
124000439,11,10,1
124000443,2,56,-54
124000445,109,282,-173
124000446,2513,128,2385
124000447,6,19,-13
124000448,13,3,10
124000449,27,3,24
124000450,6,402,-396
124000451,3,194,-191
124000452,378,56,322
124000453,2153,1527,626
124000454,3083,2968,115
124000455,6,889,-883
124000456,60,2,58
124000457,0,299,-299
124000458,6,244,-238
124000459,53,1,52
124000460,2,241,-239
124900001,198,239,-41
124900002,52,467,-415
124900003,260,487,-227
124900004,145,279,-134
124900005,163,182,-19
124900006,93,315,-222
124900008,833,225,608
124900009,87,65,22
124900010,50,16,34
124900011,118,120,-2
124900012,201,59,142
124900013,107,95,12
124900014,94,49,45
124900015,61,77,-16
124900016,8,15,-7
124900017,358,185,173
124900018,13,4,9
124900020,16,12,4
124900021,45,12,33
124900022,5,9,-4
124900024,88,1,87
124900026,79,5,74
124900027,45,72,-27
124900028,416,89,327
124900029,15,264,-249
124900030,2,93,-91
124900031,4,237,-233
124900032,165,98,67
124900033,47,282,-235
124900034,3,90,-87
124900035,58,278,-220
124900036,5,42,-37
124900037,71,252,-181
124900038,228,456,-228
124900039,1,25,-24
124900040,27,66,-39
124900041,185,1427,-1242
124900042,9,0,9
124900043,227,1273,-1046
124900044,52,0,52
124900045,297,519,-222
124900047,56,105,-49
124900048,74,136,-62
124900050,76,257,-181
124900052,36,233,-197
124900053,37,255,-218
124900054,2628,216,2412
124900055,0,78,-78
124900057,21,326,-305
124900060,31,191,-160
124900061,13,6,7
124900062,15,1,14
124900066,0,16,-16
124900067,2,123,-121
124900068,144,102,42
124900070,12,23,-11
124900072,29,10,19
124900075,21,205,-184
124900076,49,178,-129
124900077,23,61,-38
124900078,26,3,23
124900079,551,42,509
124900080,123,843,-720
124900081,313,223,90
124900082,219,1161,-942
124900083,129,562,-433
124900085,1104,83,1021
124900086,19,242,-223
124900087,448,35,413
124900088,487,82,405
124900089,1267,12,1255
124900090,88,103,-15
124900091,122,459,-337
124900092,101,416,-315
124900093,93,97,-4
124900094,133,124,9
124900095,29,190,-161
124900096,277,74,203
124900097,88,44,44
124900098,65,277,-212
124900099,296,163,133
124900100,76,8,68
124900101,19,341,-322
124900102,59,3,56
124900103,39,241,-202
124900104,16,224,-208
124900105,25,143,-118
124900106,125,13,112
124900107,20,1,19
124900108,118,18,100
124900111,0,33,-33
124900112,34,556,-522
124900113,62,50,12
124900114,167,32,135
124900115,18,17,1
124900116,42,43,-1
124900117,548,93,455
124900118,100,47,53
124900119,127,46,81
124900120,26,281,-255
124900121,68,73,-5
124900122,313,128,185
124900123,339,19,320
124900124,134,107,27
124900125,70,4,66
124900126,3,440,-437
204000001,53,40,13
204000002,6,21,-15
204000003,6,4,2
204000004,4,0,4
204000005,369,223,146
204000006,506,639,-133
204000011,25,61,-36
204000012,15,122,-107
204000019,385,437,-52
204000020,323,748,-425
204000021,1675,654,1021
204000022,288,394,-106
204000023,213,1464,-1251
204000031,90,25,65
204000032,506,24,482
204000034,27,253,-226
204000035,1,0,1
204000036,1,25,-24
204000037,4,37,-33
204000038,1,31,-30
204000039,4,43,-39
204000040,8,31,-23
204000041,12,27,-15
204000042,23,14,9
204000043,9,11,-2
204000044,15,1,14
204000045,9,8,1
204000046,1,3,-2
204000057,7,22,-15
204000062,12,205,-193
204000068,28,159,-131
204000069,17,128,-111
204000070,20,95,-75
204000080,18,56,-38
204000085,973,1631,-658
204000086,3054,2295,759
204000087,40,24,16
204000088,5,103,-98
204000090,23,350,-327
204000093,141,57,84
204000096,389,584,-195
204000097,128,33,95
204000099,588,1010,-422
204000100,455,770,-315
204000105,1631,1152,479
204000110,405,1279,-874
204000111,354,762,-408
204000112,690,879,-189
204000113,309,813,-504
204000114,352,334,18
204000115,253,310,-57
204000116,657,460,197
204000119,1124,1033,91
204000132,207,186,21
204000133,330,215,115
204000134,92,146,-54
204000135,200,106,94
204000136,104,205,-101
204000138,107,163,-56
204000140,109,73,36
204000141,63,44,19
204000144,6,14,-8
204000145,601,11,590
204000146,27,259,-232
204000147,39,145,-106
204000148,311,6,305
204000154,6,0,6
204000155,0,7,-7
204000177,51,55,-4
204000179,5,6,-1
204000180,0,88,-88
204000222,4,8,-4
204000235,13,16,-3
204000236,54,229,-175
204000238,24,7,17
204000240,358,33,325
204000263,479,1519,-1040
204000268,673,253,420
204000308,112,9,103
204000317,16,65,-49
204000322,3,9,-6
204000323,9,8,1
204000328,154,49,105
204000329,151,78,73
204000330,141,88,53
204000331,69,186,-117
205000001,884,1093,-209
205000013,12,126,-114
205000014,11,134,-123
205000015,30,268,-238
205000016,10,175,-165
205000017,30,87,-57
205000022,259,600,-341
205000025,1623,1080,543
205000029,160,11,149
205000045,51,124,-73
205000046,32,545,-513
205000047,26,412,-386
205000048,103,923,-820
205000049,76,697,-621
205000050,985,240,745
205000059,1,253,-252
205000060,0,43,-43
205000061,6,26,-20
205000062,3,42,-39
205000063,13,94,-81
205000064,14,126,-112
205000065,53,771,-718
205000066,61,856,-795
205000067,67,1209,-1142
205000069,189,18,171
205000082,83,166,-83
205000110,36,212,-176
205000111,146,275,-129
205000112,43,131,-88
205000113,185,207,-22
205000121,109,34,75
205000123,47,169,-122
205000126,199,94,105
205000127,460,107,353
205000128,383,55,328
205000129,258,66,192
205000130,232,7,225
205000131,204,4,200
205000132,250,0,250
205000133,66,1,65
205000134,97,0,97
205000137,122,136,-14
205000138,225,320,-95
205000139,15,92,-77
205000144,39,37,2
205000145,132,75,57
205000151,51,21,30
205000152,60,21,39
205000153,99,34,65
205000154,25,41,-16
205000155,59,17,42
205000207,18,138,-120
205000233,14,0,14
205000234,0,1,-1
205000243,0,0,0
205000244,0,2,-2
205000245,21,278,-257
205000249,0,21,-21
205000250,4,0,4
205000264,2,94,-92
206000027,2,2,0
206000028,6,3,3
206000043,8,103,-95
206000053,6,8,-2
206000054,7,15,-8
206000055,3,32,-29
206000075,6,2,4
206000076,10,8,2
206000077,14,3,11
206000078,5,8,-3
206000079,15,4,11
206000082,271,21,250
206000100,38,446,-408
206000103,9,27,-18
206000104,10,19,-9
206000105,10,16,-6
206000106,12,16,-4
206000125,23,0,23
206000157,101,561,-460
206000170,2,158,-156
206000171,1,195,-194
206000172,10,820,-810
206000173,2,378,-376
206000174,8,143,-135
206000175,3,209,-206
206000176,21,375,-354
206000177,1,203,-202
206000178,2,159,-157
206000179,0,60,-60
206000180,22,217,-195
206000181,5,315,-310
206000182,25,342,-317
206000183,20,866,-846
206000184,3,354,-351
206000185,5,281,-276
206000186,131,1503,-1372
206000223,4,212,-208
206000226,11,3,8
206000227,12,1,11
206000237,27,387,-360
206000238,31,599,-568
206000239,480,1831,-1351
206000240,1,75,-74
206000241,0,126,-126
206000242,9,454,-445
206000243,22,371,-349
206000244,77,841,-764
206000245,240,42,198
206000246,50,5,45
206000247,68,14,54
206000248,136,18,118
206000252,54,22,32
206000258,14,45,-31
206000315,28,2,26
206000317,229,70,159
206000318,86,46,40
206000319,358,57,301
206000320,41,19,22
206000321,35,11,24
206000322,124,5,119
206000323,50,9,41
206000324,28,18,10
206000325,44,8,36
206000326,60,3,57
206000327,101,7,94
206000328,43,2,41
206000329,58,3,55
206000330,18,7,11
206000331,71,2,69
206000332,20,11,9
206000333,143,4,139
206000334,77,2,75
206000335,0,23,-23
206000361,8,176,-168
206000392,11,42,-31
206000405,94,0,94
206000441,12,6,6
206000498,34,3,31
206000515,92,17,75
206000530,61,43,18
206000531,170,45,125
206000532,1365,55,1310
206000535,238,1695,-1457
206000536,44,238,-194
206000537,10,147,-137
206000613,850,128,722
206000784,453,33,420
207000001,161,383,-222
207000002,36,373,-337
207000003,101,240,-139
207000007,423,234,189
207000008,35,7,28
207000009,40,31,9
207000010,456,727,-271
207000012,173,170,3
207000015,351,1799,-1448
207000019,103,43,60
207000021,380,133,247
207000022,52,94,-42
207000023,59,55,4
207000024,5,5,0
207000025,21,50,-29
207000026,102,44,58
207000027,11,61,-50
207000028,37,227,-190
207000029,165,345,-180
207000033,147,156,-9
207000034,125,58,67
207000039,104,114,-10
207000040,107,103,4
207000041,23,32,-9
207000042,102,85,17
207000043,139,133,6
207000051,53,290,-237
207000052,7,232,-225
207000053,399,691,-292
207000054,28,132,-104
207000055,51,284,-233
207000056,171,574,-403
207000057,89,318,-229
207000058,75,538,-463
207000059,42,1198,-1156
207000060,14,333,-319
207000061,81,103,-22
207000062,109,45,64
207000063,89,162,-73
207000064,191,125,66
207000065,174,146,28
207000066,53,153,-100
207000067,34,88,-54
207000068,44,71,-27
207000069,511,300,211
207000082,24,474,-450
207000083,58,456,-398
207000084,68,126,-58
207000085,131,13,118
207000086,59,13,46
207000106,21,18,3
207000107,27,22,5
207000108,18,7,11
207000109,24,7,17
207000110,40,37,3
207000111,44,73,-29
207000112,84,197,-113
207000114,6,21,-15
207000115,21,66,-45
207000116,15,174,-159
207000117,10,77,-67
207000118,1,77,-76
207000119,12,85,-73
207000123,143,19,124
207000124,22,10,12
207000125,69,16,53
207000126,91,20,71
207000134,53,301,-248
207000135,23,346,-323
207000148,37,87,-50
207000149,91,30,61
207000152,94,365,-271
207000153,925,803,122
207000154,237,126,111
207000159,34,333,-299
207000160,69,642,-573
207000238,0,83,-83
207000242,2,165,-163
207000248,28,11,17
207000249,136,52,84
207000250,517,69,448
207000251,92,55,37
207000252,50,50,0
207000278,45,62,-17
207000279,27,198,-171
207000280,182,84,98
207000281,62,1388,-1326
207000282,110,28,82
207000283,123,141,-18
207000284,35,55,-20
207000285,197,28,169
207000291,10,121,-111
207000304,46,52,-6
207000306,33,325,-292
207000310,19,40,-21
207000353,160,9,151
207000356,4,15,-11
207000357,5,2,3
207000358,8,5,3
207000415,5,139,-134
207000417,8,3,5
207000418,88,121,-33
207000438,0,3,-3
207000439,860,179,681
207000446,79,10,69
207000460,6,4,2
207000466,129,126,3
207000467,62,102,-40
207000468,22,556,-534
207000476,5,69,-64
207000477,118,129,-11
207000478,0,5,-5
207000523,0,7,-7
207000524,40,0,40
207000527,62,94,-32
207000530,126,4,122
207000531,133,9,124
207000532,40,17,23
207000534,434,25,409
207000535,46,107,-61
207000537,18,64,-46
207000540,4,175,-171
207000541,1,311,-310
207000548,6,241,-235
207000549,110,10,100
207000561,51,44,7
207000562,32,211,-179
207000567,126,254,-128
207000568,42,129,-87
207000569,95,1148,-1053
207000584,285,79,206
207000585,43,112,-69
207000587,27,44,-17
207000616,0,157,-157
207000617,47,0,47
207000624,60,31,29
207000631,15,36,-21
207900008,61,381,-320
208000001,282,542,-260
208000002,257,397,-140
208000003,507,483,24
208000004,762,683,79
208000005,14,13,1
208000019,298,772,-474
208000020,93,400,-307
208000021,65,407,-342
208000022,403,697,-294
208000028,804,802,2
208000033,242,515,-273
208000034,851,1255,-404
208000037,388,54,334
208000040,65,168,-103
208000041,557,325,232
208000042,506,453,53
208000047,62,355,-293
208000064,2042,1248,794
208000066,1038,646,392
208000070,140,356,-216
208000071,151,742,-591
208000072,268,1122,-854
208000080,101,421,-320
208000081,77,241,-164
208000082,136,337,-201
208000083,62,408,-346
208000084,19,17,2
208000085,858,555,303
208000086,401,849,-448
208000087,170,747,-577
208000089,373,528,-155
208000090,363,931,-568
208000093,104,95,9
208000094,225,425,-200
208000095,447,276,171
208000104,572,914,-342
208000105,369,1092,-723
208000114,39,120,-81
208000115,300,277,23
208000116,180,784,-604
208000117,103,114,-11
208000118,41,80,-39
208000155,335,1038,-703
208000158,1444,1663,-219
208000186,2059,1128,931
208000204,263,738,-475
208000205,629,1207,-578
208000282,2472,694,1778
209000004,60,171,-111
209000005,18,18,0
209000006,372,113,259
209000007,162,145,17
209000010,446,135,311
209000011,118,210,-92
209000012,126,268,-142
209000013,142,684,-542
209000014,742,1440,-698
209000025,132,36,96
209000026,381,75,306
209000027,368,821,-453
209000028,327,858,-531
209000029,647,811,-164
209000030,400,1532,-1132
209000031,3925,2243,1682
209000034,130,150,-20
209000035,78,108,-30
209000036,77,119,-42
209000037,85,236,-151
209000038,69,179,-110
209000039,34,204,-170
209000040,250,351,-101
209000041,188,253,-65
209000042,175,292,-117
209000043,494,501,-7
209000044,158,434,-276
209000045,756,292,464
209000046,176,359,-183
209000047,167,139,28
209000048,277,190,87
209000049,109,166,-57
209000050,229,271,-42
209000051,164,413,-249
209000052,109,369,-260
209000062,30,176,-146
209000063,11,149,-138
209000064,9,112,-103
209000065,17,32,-15
209000066,20,50,-30
209000067,34,75,-41
209000080,10,178,-168
209000082,38,23,15
209000091,65,54,11
209000093,82,24,58
209000094,176,65,111
209000110,13,23,-10
209000111,204,744,-540
209000112,298,393,-95
209000113,921,346,575
209000114,161,209,-48
209000115,101,196,-95
209000116,879,471,408
209000118,9,18,-9
209000119,22,7,15
209000121,152,749,-597
209000135,35,49,-14
209000142,596,715,-119
209000143,51,63,-12
209000144,42,40,2
209000229,128,104,24
209000240,44,418,-374
209000259,147,143,4
209000260,31,783,-752
209000261,2,570,-568
209000262,1,557,-556
209000263,0,87,-87
209000264,1,17,-16
209000265,263,1,262
209000266,18,10,8
209000267,188,8,180
209000268,374,10,364
210000037,37,28,9
210000047,43,34,9
210000048,18,14,4
210000049,38,23,15
210000052,28,154,-126
210000053,19,105,-86
210000054,47,87,-40
210000070,38,1,37
210000071,10,0,10
210000072,37,0,37
210000073,0,33,-33
210000074,0,105,-105
210000075,1,66,-65
210000076,7,144,-137
210000077,40,22,18
210000078,67,35,32
210000079,43,9,34
210000080,119,34,85
210000081,85,6,79
210000082,32,0,32
210000083,49,0,49
210000084,32,0,32
210000085,3,86,-83
210000086,3,90,-87
210000099,42,283,-241
210000100,33,292,-259
210000101,52,267,-215
210000105,34,225,-191
210000159,0,152,-152
210000163,204,258,-54
210000164,277,61,216
210000168,186,21,165
210000187,0,9,-9
210000188,0,19,-19
210000214,6,0,6
210000219,14,65,-51
210000220,30,94,-64
210000232,3,30,-27
210000233,28,76,-48
210000234,29,184,-155
210000235,22,128,-106
210000245,0,50,-50
210000246,63,57,6
210000258,10,148,-138
210000259,127,10,117
210000282,26,184,-158
210000285,1,109,-108
210000286,5,231,-226
210000290,2,8,-6
210000295,39,205,-166
210000296,66,53,13
210000320,74,104,-30
210000321,32,50,-18
210000338,89,127,-38
210000339,541,610,-69
210000340,139,178,-39
210000341,119,232,-113
210000342,131,227,-96
210000343,151,246,-95
210000344,236,126,110
210000345,186,162,24
210000346,51,110,-59
210000347,178,35,143
210000348,112,16,96
210000349,149,23,126
210000350,54,79,-25
210000351,51,103,-52
210000352,20,77,-57
210000353,23,102,-79
210000354,28,115,-87
210000355,46,80,-34
210000356,104,72,32
210000357,34,53,-19
210000358,322,85,237
210000359,92,53,39
210000360,109,106,3
210000361,105,116,-11
210000362,166,145,21
210000363,885,135,750
210000364,84,39,45
210000365,58,40,18
210000366,40,23,17
210000367,26,38,-12
210000368,77,39,38
210000369,21,33,-12
210000370,95,65,30
210000372,47,22,25
210000373,50,9,41
210000374,54,27,27
210000375,19,79,-60
210000376,73,137,-64
210000404,121,164,-43
210000439,18,45,-27
210000472,70,3,67
210000482,77,53,24
210000564,428,47,381
210000567,0,7,-7
210000568,451,5,446
211000092,20,63,-43
211000094,39,25,14
211000169,220,4,216
211000172,44,124,-80
211000209,0,12,-12
211000226,20,20,0
211000270,8,10,-2
211000275,10,13,-3
211000276,31,17,14
211000279,2,63,-61
211000281,28,84,-56
211000302,5,52,-47
211507980,0,9,-9
211977296,18,4,14
212000003,105,52,53
212000004,143,30,113
212000005,15,31,-16
212000006,38,100,-62
212000008,89,253,-164
212000009,19,182,-163
212000012,58,78,-20
212000013,7,45,-38
212000014,178,174,4
212000015,129,210,-81
212000016,321,588,-267
212000027,365,430,-65
212000028,152,362,-210
212000029,101,215,-114
212000030,12,35,-23
212000031,18,59,-41
212000048,23,84,-61
212000049,12,62,-50
212000050,7,9,-2
212000051,151,276,-125
212000052,111,527,-416
212000053,294,681,-387
212000054,106,150,-44
212000055,89,285,-196
212000056,8,27,-19
212000057,6,30,-24
212000058,285,23,262
212000070,69,336,-267
212000077,92,804,-712
212000099,130,221,-91
212000108,160,145,15
212000111,70,128,-58
212000120,160,133,27
212000138,43,29,14
212000156,5,144,-139
212000158,6,7,-1
212000159,124,80,44
212000160,258,202,56
212000161,19,5,14
212000310,11,19,-8
212000311,5,49,-44
212000374,9,9,0
213000001,11,590,-579
213000005,203,74,129
213000006,791,74,717
213000007,57,8,49
213000009,315,106,209
213000010,151,77,74
213000011,169,58,111
213000012,84,363,-279
213000014,18,4,14
213000015,106,2,104
213000016,59,0,59
213000017,11,0,11
213000018,2,182,-180
213000019,6,192,-186
213000020,68,214,-146
213000021,5,81,-76
213000023,182,176,6
213000033,159,423,-264
213000034,219,193,26
213000035,82,86,-4
213000045,57,246,-189
213000046,70,180,-110
213000047,325,560,-235
213000056,22,7,15
213000069,29,6,23
213000073,1,6,-5
213000074,71,401,-330
213000075,379,5,374
213000076,3,0,3
213000085,2,52,-50
213000086,14,285,-271
213000091,63,8,55
213000092,22,8,14
213000099,88,617,-529
213000100,1090,192,898
213000101,100,179,-79
213000102,178,453,-275
213000103,481,627,-146
213000104,28,374,-346
213000105,0,57,-57
213000106,7,188,-181
213000107,78,598,-520
213000108,22,491,-469
213000109,1,271,-270
213000110,2,69,-67
213000111,8,39,-31
213000112,119,129,-10
213000115,17,3,14
213000116,30,450,-420
213000117,8,663,-655
213000118,136,262,-126
213000119,47,746,-699
213000120,45,674,-629
213000122,204,981,-777
213000123,673,1180,-507
213000124,45,1458,-1413
213000125,67,8,59
213000126,24,87,-63
213000127,101,123,-22
213000128,476,277,199
213000129,444,246,198
213000130,227,106,121
213000132,100,88,12
213000133,99,83,16
213000134,370,27,343
213000136,154,16,138
213000137,304,78,226
213000139,480,9,471
213000147,19,1,18
213000148,18,12,6
213000149,33,6,27
213000150,0,53,-53
213000151,2,37,-35
213000152,2,48,-46
213000153,0,29,-29
213000154,7,256,-249
213000155,14,296,-282
213000156,52,665,-613
213000157,616,544,72
213000158,189,378,-189
213000159,166,432,-266
213000163,252,77,175
213000165,468,109,359
213000171,13,240,-227
213000172,34,265,-231
213000173,3,94,-91
213000174,0,51,-51
213000175,7,66,-59
213000176,3,80,-77
213000177,2,11,-9
213000178,17,3,14
213000179,72,28,44
213000180,82,55,27
213000184,48,347,-299
213000188,225,51,174
213000189,142,16,126
213000190,520,595,-75
213000191,141,548,-407
213000192,69,708,-639
213000193,1132,116,1016
213000194,0,14,-14
213000195,10,574,-564
213000196,115,672,-557
213000197,203,160,43
213000198,15,2,13
213000200,66,764,-698
213000201,107,47,60
213000202,9,692,-683
213000203,2236,249,1987
213000204,414,38,376
213000205,50,13,37
213000206,153,47,106
213000207,34,15,19
213000208,71,2,69
213000209,18,4,14
213000210,155,1,154
213000211,1,13,-12
213000212,4,18,-14
213000213,0,6,-6
213000218,99,810,-711
213000219,334,7,327
213000220,388,6,382
213000223,195,90,105
213000224,11,36,-25
213000225,6,2,4
213000226,15,4,11
213000227,380,152,228
213000228,52,69,-17
213000229,713,19,694
213000230,326,24,302
213000232,87,382,-295
213000233,1,16,-15
213000234,1,34,-33
213000293,5,33,-28
213000294,58,8,50
213000295,7,74,-67
213000296,62,12,50
213000297,3,74,-71
213000298,14,59,-45
213000299,33,37,-4
213000300,31,4,27
213000303,7,22,-15
213000304,0,2,-2
213000305,2,11,-9
213000306,35,25,10
213000307,192,64,128
213000308,77,283,-206
213000309,77,54,23
213000310,150,126,24
213000311,189,374,-185
213000315,28,139,-111
213000316,30,55,-25
213000322,6,18,-12
213000323,28,20,8
213000340,109,902,-793
213000341,167,73,94
213000346,68,21,47
213000347,648,80,568
213000348,6,66,-60
213000349,58,8,50
213000350,138,1223,-1085
213000366,23,197,-174
213000367,92,42,50
213000379,96,91,5
213000386,2,164,-162
213000406,75,293,-218
213000417,708,287,421
213000425,63,54,9
213000426,80,62,18
213000427,31,271,-240
213000428,7,230,-223
213000429,20,0,20
213000430,48,870,-822
213000431,105,3,102
213000432,7,12,-5
213000433,5,104,-99
213000434,14,89,-75
213000435,37,74,-37
213000439,6,5,1
213000441,0,0,0
213000443,236,261,-25
213000445,0,87,-87
213000446,0,3,-3
213000447,5,31,-26
213000448,0,52,-52
213000449,105,2,103
213000450,10,33,-23
213000451,30,39,-9
213000452,2,18,-16
213000453,32,225,-193
213000455,425,29,396
213000456,0,222,-222
213000481,5,2,3
213000482,85,3,82
213000489,284,22,262
213000491,3,66,-63
213000492,158,11,147
213000493,0,22,-22
213000494,55,101,-46
213000495,0,117,-117
213000496,60,143,-83
213000497,16,255,-239
213000498,32,230,-198
213000499,111,498,-387
213000500,121,62,59
213000501,43,35,8
213000502,47,22,25
213000503,1,41,-40
213000504,0,125,-125
213000505,2,11,-9
213000506,0,7,-7
213000507,2,174,-172
213900244,2,0,2
213900245,0,39,-39
218000003,13,13,0
218000004,7,18,-11
218000005,13,30,-17
218000006,39,36,3
218000007,6,20,-14
218000012,328,131,197
218000013,41,136,-95
218000014,441,330,111
218000019,771,315,456
218000020,229,340,-111
218000040,2,2,0
218000046,27,164,-137
218000047,4,213,-209
218000048,43,255,-212
218000049,54,143,-89
218000050,217,295,-78
218000051,36,353,-317
218000052,7,92,-85
218000053,1,20,-19
218000054,10,13,-3
218000055,1,3,-2
218000056,4,36,-32
218000057,0,41,-41
218000064,0,5,-5
218000065,9,25,-16
218000066,16,43,-27
218000067,19,107,-88
218000068,70,124,-54
218000069,65,249,-184
218000070,56,266,-210
218000071,129,344,-215
218000072,264,243,21
218000078,498,1232,-734
218000079,25,53,-28
218000080,28,73,-45
218000081,141,242,-101
218000082,11,127,-116
218000083,13,78,-65
218000084,51,162,-111
218000085,123,368,-245
218000086,28,145,-117
218000087,148,217,-69
218000090,5,44,-39
218000091,654,338,316
218000092,27,168,-141
218000093,55,67,-12
218000094,379,801,-422
218000099,249,290,-41
218000100,244,328,-84
218000101,96,216,-120
218000102,125,350,-225
218000103,26,158,-132
218000104,23,44,-21
218000105,21,5,16
218000106,21,8,13
218000107,24,105,-81
218000108,2,47,-45
218000112,36,11,25
218000117,23,29,-6
218000134,247,686,-439
218000135,8,62,-54
218000136,79,28,51
218000137,43,139,-96
218000138,4,85,-81
218000139,89,316,-227
218000140,124,217,-93
218000141,22,50,-28
218000142,53,110,-57
218000143,8,149,-141
218000144,14,47,-33
218000145,166,519,-353
218000146,30,134,-104
218000151,8,13,-5
218000152,38,52,-14
218000170,0,22,-22
218000171,40,10,30
218000172,11,8,3
218000173,12,3,9
218000174,4,2,2
218000176,66,13,53
218000177,181,68,113
218000178,53,73,-20
218000179,61,47,14
218000180,42,24,18
218000181,70,22,48
218000187,5,12,-7
218000188,11,30,-19
218000189,5,50,-45
218000190,0,3,-3
218000191,51,138,-87
218000192,62,406,-344
218000193,184,495,-311
218000194,21,455,-434
218000195,72,123,-51
218000196,175,296,-121
218000197,102,376,-274
218000198,2,176,-174
218000199,10,28,-18
218000200,53,31,22
218000201,11,5,6
218000202,163,204,-41
218000207,8,41,-33
218000208,22,59,-37
218000211,19,7,12
218000213,45,37,8
218000214,1,7,-6
218000215,50,73,-23
218000217,3,92,-89
218000218,81,48,33
218000219,20,8,12
218000220,68,247,-179
218000221,463,157,306
218000222,37,18,19
218000223,33,94,-61
218000224,2,40,-38
218000225,188,18,170
218000226,32,42,-10
218000232,35,90,-55
218000239,23,1,22
218000240,3,0,3
218000241,1,0,1
218000242,2,0,2
218000243,3,0,3
218000244,0,1,-1
218000245,5,0,5
218000246,2,0,2
218000247,0,0,0
218000248,0,12,-12
218000249,0,5,-5
218000250,5,17,-12
218000251,0,21,-21
218000252,0,33,-33
218000253,0,19,-19
218000254,0,16,-16
218000255,0,4,-4
218000256,1,26,-25
218000267,987,1258,-271
218000268,4,76,-72
218000269,9,3,6
218000270,36,63,-27
218000271,44,73,-29
218000273,3,8,-5
218000274,7,9,-2
218000275,4,18,-14
218000276,3,35,-32
218000278,11,21,-10
218000279,31,89,-58
218000280,5,62,-57
218000281,13,14,-1
218000282,322,196,126
218000284,74,9,65
218000301,34,91,-57
218000302,50,32,18
218000303,29,69,-40
218000316,564,1286,-722
218000317,459,1453,-994
218000318,243,938,-695
218000319,534,1404,-870
218000320,501,794,-293
218000338,41,14,27
218000345,100,40,60
218000346,66,99,-33
218000459,41,236,-195
218000490,50,52,-2
218000501,21,38,-17
218000502,22,144,-122
218000503,26,12,14
218000504,69,9,60
218000505,13,194,-181
218000506,34,176,-142
218000508,16,1,15
218000510,157,7,150
218000520,71,160,-89
218000521,2,82,-80
218000522,1,155,-154
218000523,73,22,51
218000524,34,52,-18
218000525,15,13,2
218000526,83,53,30
218000529,36,256,-220
218000531,3,18,-15
218000532,8,20,-12
218000534,54,17,37
218000537,13,65,-52
218000538,74,163,-89
218000540,191,49,142
218000543,57,32,25
218000544,53,85,-32
218000545,15,13,2
218000546,29,65,-36
218000547,36,83,-47
218000548,88,140,-52
218000549,440,112,328
218000550,434,491,-57
218000551,307,225,82
218000552,512,38,474
218000553,57,77,-20
218000554,21,30,-9
218000555,10,38,-28
218000556,81,501,-420
218000557,148,126,22
218000558,13,0,13
218000559,0,13,-13
218000560,0,10,-10
218000561,15,0,15
218000562,17,167,-150
218000563,114,8,106
218000564,3,63,-60
218000565,246,13,233
218000566,407,9,398
218000567,1,44,-43
218000568,4,1,3
218000569,5,31,-26
218000570,110,0,110
218000571,0,80,-80
218000572,32,1,31
218000573,16,37,-21
218000574,138,56,82
218000575,64,1,63
218000576,0,57,-57
218000577,10,0,10
218000578,2,59,-57
218000579,8,5,3
218000581,2,37,-35
218000582,9,2,7
218000583,1,3,-2
218000584,0,12,-12
218000585,5,0,5
218000586,3,17,-14
218000587,0,0,0
218000588,0,1,-1
218000589,0,0,0
218000590,1,1,0
218000591,0,3,-3
218000592,0,0,0
218000593,1,0,1
218000594,0,0,0
218000597,0,0,0
218000598,0,0,0
218000599,0,0,0
218000600,0,0,0
218000601,0,0,0
218000602,0,1,-1
218000603,0,3,-3
218000604,7,0,7
218000605,0,12,-12
218000606,39,1,38
218000607,10,16,-6
218000608,20,2,18
218000609,0,44,-44
218000610,18,2,16
218000611,10,0,10
218000612,0,45,-45
218000613,8,2,6
218000614,0,44,-44
218000615,42,1,41
218000616,0,113,-113
218000617,7,2,5
218000618,0,9,-9
218000619,3,5,-2
218000620,2,6,-4
218000621,0,5,-5
218000622,0,1,-1
218000623,1,0,1
218000624,1,7,-6
218000625,1,0,1
218000626,0,6,-6
218000628,49,40,9
218000631,10,15,-5
218000632,1,40,-39
218000633,25,1,24
218000634,9,14,-5
218000635,20,10,10
218000636,466,1352,-886
218000637,504,618,-114
218000638,55,27,28
218000639,16,213,-197
218000640,44,23,21
218000641,25,296,-271
218000652,92,96,-4
218000653,171,51,120
218000663,10,133,-123
218000675,39,38,1
218000680,176,510,-334
218000681,284,112,172
218000691,95,448,-353
218000693,68,111,-43
218000718,823,227,596
218000719,987,41,946
218000720,6,37,-31
218000721,16,3,13
218001147,4,496,-492
218001214,5,6,-1
218001258,41,2,39
218001329,173,96,77
218001330,164,94,70
218001351,26,17,9
218001352,0,9,-9
218001353,6,11,-5
218001354,0,19,-19
218001355,54,394,-340
218001356,75,2,73
218001357,11,271,-260
218001358,112,3,109
218001361,47,5,42
218001362,3,573,-570
219000001,25,81,-56
219000002,23,98,-75
219000003,19,23,-4
219000004,53,34,19
219000017,97,32,65
219000020,44,11,33
219000022,87,1,86
219000023,60,1,59
219000029,1,92,-91
219000034,13,4,9
219000039,18,66,-48
219000040,15,32,-17
219000041,71,32,39
219000051,0,59,-59
219000052,0,16,-16
219000053,3,319,-316
219000055,30,1,29
219000056,4,0,4
219000057,33,0,33
219000062,13,177,-164
219000063,66,17,49
219000064,1,37,-36
219000110,136,69,67
219000111,51,28,23
219000112,137,41,96
219000113,120,31,89
219000114,247,21,226
219000116,61,41,20
219000117,95,108,-13
219000118,46,58,-12
219000123,217,113,104
219000124,52,54,-2
219000125,14,25,-11
219000126,54,132,-78
219000127,1,2,-1
219000128,23,93,-70
219000129,42,135,-93
219000130,1202,502,700
219000131,1028,514,514
219000133,30,19,11
219000134,2,30,-28
219000135,19,67,-48
219000136,100,144,-44
219000138,43,28,15
219000139,21,80,-59
219000140,11,6,5
219000141,12,181,-169
219000142,14,117,-103
219000143,20,156,-136
219000145,9,31,-22
219000146,9,49,-40
219000147,1,62,-61
219000148,1,36,-35
219000149,37,173,-136
219000150,3,104,-101
219000151,11,89,-78
219000157,153,126,27
219000158,114,207,-93
219000161,137,20,117
219000163,1565,384,1181
219000166,38,150,-112
219000167,73,226,-153
219000168,337,61,276
219000174,208,85,123
219000175,27,3,24
219000176,26,5,21
219000177,10,0,10
219000178,9,5,4
219000179,8,2,6
219000180,18,25,-7
219000182,27,21,6
219000183,22,40,-18
219000184,43,0,43
219000185,1,90,-89
219000186,11,41,-30
219000187,13,118,-105
219000189,210,112,98
219000190,184,196,-12
219000191,1532,560,972
219000192,125,87,38
219000193,523,139,384
219000195,0,65,-65
219000196,2,136,-134
219000198,23,181,-158
219000199,91,132,-41
219000200,23,171,-148
219000201,98,205,-107
219000203,22,95,-73
219000204,65,216,-151
219000205,65,198,-133
219000207,236,157,79
219000209,12,92,-80
219000210,34,138,-104
219000213,16,261,-245
219000239,148,241,-93
219000240,118,309,-191
219000241,116,170,-54
219000242,109,242,-133
219000243,36,277,-241
219000244,7,105,-98
219000245,30,30,0
219000246,31,11,20
219000247,40,48,-8
219000248,290,166,124
219000249,125,67,58
219000250,63,74,-11
219000251,291,100,191
219000252,107,97,10
219000253,109,31,78
219000255,54,57,-3
219000256,57,47,10
219000257,88,1,87
219000262,110,294,-184
219000263,37,253,-216
219000267,7,155,-148
219000268,2,5,-3
219000269,11,1,10
219000270,2,0,2
219000271,49,4,45
219000278,1,16,-15
219000279,0,4,-4
219000283,0,13,-13
219000295,6,109,-103
219000296,42,564,-522
219000297,12,245,-233
219000298,18,323,-305
219000299,345,19,326
219000300,30,390,-360
219000301,188,349,-161
219000302,14,230,-216
219000307,45,91,-46
219000308,26,27,-1
219000311,90,41,49
219000312,234,18,216
219000313,93,33,60
219000314,91,543,-452
219000315,53,37,16
219000316,139,21,118
219000317,34,2,32
219000320,1,44,-43
219000321,2,12,-10
219000323,2,71,-69
219000325,1,35,-34
219000326,64,148,-84
219000327,32,44,-12
219000328,21,40,-19
219000329,233,102,131
219000330,22,24,-2
219000331,20,34,-14
219000332,80,104,-24
219000333,6,1,5
219000335,55,1,54
219000337,9,0,9
219000338,50,1,49
219000344,14,74,-60
219000345,93,195,-102
219000346,25,222,-197
219000348,23,175,-152
219000349,33,231,-198
219000350,15,99,-84
219000351,2,1,1
219000352,121,71,50
219000353,93,55,38
219000354,69,130,-61
219000355,100,36,64
219000356,1336,226,1110
219000363,214,31,183
219000364,97,16,81
219000365,102,9,93
219000366,207,121,86
219000368,485,297,188
219000370,952,176,776
219000371,36,9,27
219000382,6,8,-2
219000383,907,499,408
219000385,620,366,254
219000386,1003,1055,-52
219000387,0,2,-2
219000390,2,1,1
219000391,2,1,1
219000397,64,126,-62
219000398,46,30,16
219000401,8,86,-78
219000402,11,85,-74
219000403,40,193,-153
219000404,11,76,-65
219000407,2,20,-18
219000409,18,26,-8
219000410,44,36,8
219000411,35,12,23
219000446,268,307,-39
219000447,0,30,-30
219000448,0,4,-4
219000452,94,69,25
219000453,63,75,-12
219000454,305,186,119
219000556,129,45,84
219000558,60,259,-199
219000590,17,148,-131
219000591,31,38,-7
219000592,90,422,-332
219000595,1,30,-29
219000635,36,17,19
219000636,11,110,-99
219000657,18,31,-13
219000658,10,46,-36
219000673,1,6,-5
219000676,9,2,7
219000679,10,5,5
219000684,21,0,21
219000685,1,96,-95
219000686,1,1,0
219000688,1,109,-108
219000689,42,154,-112
219000690,141,8,133
219000691,58,73,-15
219000692,125,12,113
219000693,0,17,-17
219000694,4,0,4
219000695,2,2,0
219000698,3,0,3
219000699,0,14,-14
219000727,1,239,-238
219000728,74,2,72
219000770,7,1,6
219000771,3,23,-20
219000788,319,336,-17
219001150,0,5,-5
219001151,1,8,-7
219001166,35,4,31
219001167,1,44,-43
219001178,13,1,12
220000001,13,17,-4
220000002,6,92,-86
220000003,327,295,32
220000004,505,496,9
220000005,1554,1207,347
220000006,103,723,-620
220000007,211,718,-507
220000008,143,1173,-1030
220000009,124,422,-298
220000010,106,128,-22
220000011,496,1813,-1317
220000012,58,178,-120
220000014,25,60,-35
220000015,40,156,-116
220000017,13,296,-283
220000018,3815,556,3259
220000019,40,180,-140
220000020,115,200,-85
220000021,267,168,99
220000022,276,432,-156
220000023,97,133,-36
220000024,1020,226,794
220000025,311,304,7
220000026,156,114,42
220000027,15,61,-46
220000028,20,15,5
220000029,27,87,-60
220000030,70,99,-29
220000031,97,262,-165
220000064,18,658,-640
221000046,6,1,5
221000047,0,2,-2
221000048,0,3,-3
221000049,0,11,-11
221000050,1,0,1
221000055,30,38,-8
221000068,272,59,213
221000069,174,33,141
221000070,114,20,94
221000071,42,7,35
221000072,83,5,78
221000073,47,44,3
221000074,3,12,-9
221000075,16,11,5
221000076,9,32,-23
221000077,15,56,-41
221000081,41,13,28
221000082,18,0,18
221000083,54,2,52
221000084,7,1,6
221000085,6,67,-61
221000086,5,160,-155
221000087,1,171,-170
221000088,19,152,-133
221000089,29,146,-117
221000090,135,321,-186
221000098,80,12,68
221000099,90,5,85
221000100,46,3,43
221000101,162,9,153
221000107,9,1,8
221000108,31,3,28
221000109,2,37,-35
221000110,0,58,-58
221000111,35,261,-226
221000112,5,150,-145
221000113,16,136,-120
221000114,11,187,-176
221000120,9,16,-7
221000121,1,13,-12
221000122,2,15,-13
221000123,15,32,-17
221000124,16,227,-211
221000155,29,3,26
221000156,15,12,3
221000175,0,1,-1
221000176,1,4,-3
221000182,18,2,16
221000241,485,141,344
221000242,147,221,-74
221000243,365,70,295
221000244,135,356,-221
221000245,42,134,-92
221000246,18,264,-246
221000247,32,175,-143
221000248,29,178,-149
221000267,60,582,-522
221000325,54,35,19
221000331,2,90,-88
221000338,3,7,-4
221000378,68,17,51
221000381,61,106,-45
222000282,1,0,1
222000296,0,16,-16
222000568,166,12,154
222000569,68,18,50
222000570,84,5,79
222000571,87,4,83
222000577,8,191,-183
222000578,7,184,-177
222000579,32,92,-60
222000580,79,699,-620
222000599,1,156,-155
222000600,1,277,-276
222000601,8,755,-747
222000603,9,11,-2
222000604,21,23,-2
222000605,9,9,0
222000606,1,10,-9
222000607,2,1,1
222000608,7,9,-2
222000609,21,351,-330
222000616,54,33,21
222000617,3,7,-4
222000618,0,2,-2
222000620,26,6,20
222000621,32,15,17
222000623,247,7,240
222000624,176,3,173
222000625,196,54,142
222000636,31,5,26
222000686,6,10,-4
222000687,26,23,3
222001066,98,2,96
222001067,3,3,0
222001068,8,21,-13
222001069,7,20,-13
222001082,4,22,-18
222001083,4,56,-52
222001084,0,27,-27
222001085,0,89,-89
222001111,6,204,-198
222001112,17,17,0
222001313,2,2,0
222001314,4,65,-61
222001464,31,33,-2
222001465,14,208,-194
222001484,30,31,-1
222001485,13,66,-53
222001494,64,72,-8
222001495,101,377,-276
222001496,79,36,43
222001497,77,578,-501
222001502,23,93,-70
222001503,40,39,1
222001504,12,189,-177
222001505,109,8,101
222001506,20,168,-148
222001507,128,10,118
222001510,136,19,117
222001511,25,343,-318
222001514,416,49,367
222001515,168,548,-380
222001518,71,22,49
222001519,16,333,-317
222001527,123,22,101
222001528,72,131,-59
222001529,69,36,33
222001530,26,235,-209
222001533,67,315,-248
222001534,46,32,14
222001535,57,82,-25
222001536,81,370,-289
222001537,97,11,86
222001538,24,354,-330
222001563,170,88,82
222001564,29,756,-727
222001568,89,69,20
222001576,0,1,-1
222001579,0,2,-2
222001583,9,195,-186
222001584,53,20,33
222001596,374,1081,-707
222001597,701,151,550
222001626,1,150,-149
222001650,34,70,-36
222001651,49,105,-56
222001914,99,32,67
222001915,26,186,-160
222001968,346,118,228
222001969,401,818,-417
222001970,69,124,-55
222001971,7,15,-8
222001972,0,13,-13
225000001,242,70,172
225000002,282,55,227
225000003,140,44,96
225000004,124,148,-24
225000005,4,36,-32
225000006,2,122,-120
225000007,2806,898,1908
225000010,124,2,122
225000011,455,429,26
225000012,84,193,-109
225000013,94,119,-25
225000014,328,57,271
225000015,109,265,-156
225000021,393,91,302
225000027,158,468,-310
225000032,455,85,370
225000042,47,526,-479
225000049,18,52,-34
225000050,28,4,24
225000053,1,143,-142
225000058,385,111,274
225000067,117,197,-80
225000068,104,439,-335
225000069,140,475,-335
225000070,37,473,-436
225000071,8,241,-233
225000075,31,627,-596
225000076,78,119,-41
225000078,28,18,10
225000085,16,48,-32
225000086,72,18,54
225000087,90,7,83
225000088,9,154,-145
225000089,394,380,14
225000090,28,328,-300
225000091,38,232,-194
225000092,11,49,-38
225000093,117,431,-314
225000094,8,430,-422
225000095,198,486,-288
225000096,95,276,-181
225000098,227,99,128
225000099,111,54,57
225000100,88,80,8
225000104,49,462,-413
225000110,5,435,-430
225000111,161,1046,-885
225000112,204,1026,-822
225000113,56,697,-641
225000114,45,318,-273
225000115,2763,392,2371
225000116,815,49,766
225000117,596,212,384
225000118,441,175,266
225000119,72,38,34
225000120,291,37,254
225000121,235,9,226
225000123,624,4,620
225000125,136,275,-139
225000126,998,192,806
225000127,852,418,434
225000128,279,250,29
225000132,130,12,118
225000133,129,40,89
225000134,311,46,265
225000135,31,8,23
225000136,90,13,77
225000137,41,43,-2
225000138,177,19,158
225000143,55,151,-96
225000144,1,299,-298
225000145,18,43,-25
225000146,43,108,-65
225000147,10,361,-351
225000148,3,220,-217
225000149,40,475,-435
225000151,42,382,-340
225000155,140,279,-139
225000156,152,481,-329
225000157,79,346,-267
225000158,58,334,-276
225000171,3,187,-184
225000180,11,2,9
225000181,0,58,-58
225000182,52,4,48
225000185,5,257,-252
225000187,40,368,-328
225000191,33,1,32
225000194,0,7,-7
225000208,5,44,-39
225000209,23,16,7
225000210,11,153,-142
225000217,1,13,-12
225000218,1,1,0
225000223,0,56,-56
225000224,44,0,44
225000225,0,9,-9
225000226,15,0,15
225000227,26,44,-18
225000228,7,0,7
225000229,0,82,-82
225000230,2,0,2
225000231,0,118,-118
225000232,26,0,26
225000241,52,1,51
225000242,2,46,-44
225000249,12,9,3
225000250,35,1088,-1053
225000251,205,16,189
226000042,333,414,-81
226000043,92,273,-181
226000044,171,770,-599
226000045,71,518,-447
226000046,292,33,259
226000047,133,62,71
226000048,223,61,162
226000049,127,72,55
226000070,0,31,-31
226000071,1,47,-46
226000072,0,1,-1
226000073,0,7,-7
226000074,0,19,-19
226000084,2,34,-32
226000085,0,6,-6
226000086,7,6,1
226000087,1,16,-15
226000088,11,8,3
226000090,71,28,43
226000091,21,9,12
226000092,0,1,-1
226000093,21,4,17
226000094,15,1,14
226000095,30,1,29
226000105,4,1,3
226000106,7,0,7
226000107,1,0,1
226000108,15,0,15
226000109,27,0,27
226000124,81,30,51
226000134,276,400,-124
226000135,592,369,223
226000136,113,228,-115
226000137,6,443,-437
226000138,9,370,-361
226000139,1,22,-21
226000156,41,2,39
226000157,55,3,52
226000163,52,313,-261
226000202,5,373,-368
226000231,105,11,94
226000232,42,8,34
227000033,12,1,11
227000037,78,16,62
227000038,156,11,145
227000049,2,18,-16
227000050,0,45,-45
227000055,11,0,11
227000056,4,1,3
227000084,1,28,-27
227000085,2,20,-18
227000088,13,0,13
227000089,29,0,29
227000090,10,0,10
227000091,3,0,3
227000093,17,0,17
227000094,3,0,3
227000130,27,54,-27
227000131,1,219,-218
227000132,25,194,-169
227000133,10,208,-198
227000134,13,328,-315
227000152,0,1,-1
227000153,0,29,-29
227000155,0,7,-7
227000156,0,12,-12
227000165,0,17,-17
227000196,32,311,-279
227000199,69,11,58
227000230,19,236,-217
227000232,121,16,105
227000241,175,10,165
227000242,36,365,-329
227000243,316,37,279
227000244,210,21,189
227000245,9,271,-262
227000246,35,363,-328
227000247,120,55,65
227000248,142,22,120
227000249,22,235,-213
227000250,39,10,29
227000251,194,329,-135
227000252,9,417,-408
227000253,43,10,33
227000262,246,8,238
227000266,256,18,238
227000267,60,1245,-1185
227000486,455,113,342
227000655,52,18,34
227000661,99,3,96
227000680,34,13,21
229000265,5,25,-20
229000296,1,23,-22
229000297,5,44,-39
229000298,3,111,-108
229000320,2,4,-2
229000321,3,3,0
229000412,13,21,-8
229000414,9,20,-11
229000415,3,0,3
229000416,0,7,-7
229000417,2,32,-30
229000419,71,157,-86
229000440,157,49,108
229000442,2,0,2
229000443,1,5,-4
229000444,3,19,-16
229000445,5,3,2
229000446,26,13,13
229000847,8,0,8
229000848,5,1,4
229000849,52,0,52
229000851,6,0,6
229000854,0,57,-57
229000856,2,140,-138
229000857,0,30,-30
229000858,0,121,-121
229000919,3,59,-56
229000930,11,236,-225
229000937,76,23,53
229000966,36,8,28
229000981,23,59,-36
229000985,0,11,-11
229000986,0,0,0
229000987,0,0,0
229000988,0,0,0
229000989,0,3,-3
229000990,0,0,0
229000991,0,0,0
229000992,2,0,2
229000993,114,14,100
229000998,17,53,-36
229000999,35,7,28
229001034,0,12,-12
229001035,5,1,4
229001037,22,12,10
229001042,5,8,-3
229001047,0,54,-54
229001050,19,51,-32
229001200,2,0,2
229001338,7,11,-4
229001394,174,0,174
229001422,104,20,84
229001423,24,144,-120
229001431,28,26,2
229001432,40,84,-44
229001444,49,25,24
229001445,23,104,-81
229001503,102,98,4
229001504,73,198,-125
229001505,67,64,3
229001506,70,205,-135
229001509,34,27,7
229001545,43,12,31
229001546,1,81,-80
229001553,31,11,20
229001554,8,88,-80
229001559,2,14,-12
229001560,0,11,-11
229001630,25,20,5
229001631,5,37,-32
229001635,0,2,-2
229001636,1,1,0
229001658,6,53,-47
229001659,139,0,139
229001660,1,1,0
229001661,0,28,-28
229001662,35,1,34
229001663,0,34,-34
229002584,94,50,44
229002831,176,62,114
229002841,1,19,-18
229002842,2,12,-10
229002843,14,8,6
229002844,52,21,31
229002845,17,25,-8
229002846,28,15,13
229002847,1,3,-2
229002848,1,2,-1
229002849,0,36,-36
229002850,2,1,1
229002851,38,57,-19
229002852,27,10,17
229002853,28,16,12
229002854,13,11,2
229002855,4,17,-13
229002856,37,3,34
229002857,0,16,-16
229002858,0,0,0
229002859,6,8,-2
229002860,16,5,11
229002861,2,9,-7
229002862,1,25,-24
229002863,2,8,-6
229002864,2,12,-10
229002865,3,2,1
229002866,9,6,3
229002867,1,5,-4
229002868,7,4,3
229002869,8,69,-61
229002870,3,2,1
235000066,273,37,236
235000067,62,53,9
235000072,17,41,-24
235000073,55,184,-129
235000074,17,73,-56
235000080,35,58,-23
235000081,58,153,-95
235000082,54,48,6
235000083,102,59,43
235000084,116,32,84
235000085,11,62,-51
235000089,0,15,-15
235000092,0,111,-111
235000093,4,0,4
235000097,7,1,6
235000098,24,7,17
235000099,11,12,-1
235000116,10,11,-1
235000117,374,2,372
235000133,9,159,-150
235000134,5,51,-46
235000206,10,0,10
235000207,0,1,-1
235000208,1,0,1
235000209,5,1,4
235000210,3,1,2
235000212,2,14,-12
235000213,1,11,-10
235000220,0,1,-1
235000221,17,4,13
235000238,2,11,-9
235000239,0,0,0
235000242,127,162,-35
235000245,670,128,542
235000246,18,62,-44
235000284,6,94,-88
235000295,51,2,49
235000305,57,6,51
235000306,27,3,24
235000307,5,2,3
235000308,9,0,9
235000309,7,0,7
235000310,2,1,1
235000311,10,1,9
235000322,0,31,-31
235000323,0,37,-37
235000324,0,6,-6
235000325,0,16,-16
235000326,10,276,-266
235000351,1,63,-62
235000352,21,22,-1
235000353,1,15,-14
235000354,4,32,-28
235000355,3,33,-30
235000356,3,5,-2
235000357,3,1,2
235000358,16,4,12
235000359,2,1,1
235000360,8,1,7
235000361,11,1,10
235000381,33,290,-257
235000382,66,30,36
235000390,7,1,6
235000391,34,13,21
235000392,33,64,-31
235000393,57,57,0
235000395,14,41,-27
235000396,142,23,119
235000400,63,110,-47
235000401,16,124,-108
235000405,96,289,-193
235000406,23,213,-190
235000407,31,80,-49
235000409,232,136,96
235000410,30,132,-102
235000411,0,72,-72
235000485,0,10,-10
235000486,2,0,2
235000549,8,16,-8
235000550,27,127,-100
235000599,36,50,-14
235000600,7,3,4
235000601,13,8,5
235000602,20,78,-58
235000614,2,0,2
235000648,0,37,-37
235000649,4,1,3
235000685,1,7,-6
235000815,5,17,-12
235000834,0,5,-5
235000855,38,28,10
235000862,15,159,-144
235000891,0,8,-8
235000892,15,10,5
235000901,24,57,-33
235000907,5,5,0
235001010,2,22,-20
235001029,468,262,206
235001030,191,56,135
235001078,65,94,-29
235001079,61,87,-26
235001147,62,31,31
235001166,2,36,-34
235001167,4,42,-38
235001169,27,246,-219
235001188,0,2,-2
235001189,0,0,0
235001197,8,18,-10
235001200,30,15,15
235001207,118,41,77
235001210,51,336,-285
235001215,25,249,-224
235001239,0,30,-30
235001244,0,1,-1
235016267,0,11,-11
277102712,0,5,-5
277103813,0,0,0
277104249,0,5,-5
277104250,0,9,-9
277104251,0,12,-12
277104252,0,0,0
990011530,0,239,-239
990014944,2,387,-385
990015176,26,14,12
990016032,0,310,-310
990032570,0,45,-45
990070001,20,1,19
990070103,0,5,-5
990070601,1,27,-26
990070751,84,1,83
990070766,1,924,-923
990071180,213,150,63
990071343,29,23,6
990071387,0,4,-4
990071823,15,2,13
990072600,2,491,-489
990072964,1,505,-504
990073285,0,2,-2
990074393,0,976,-976
990074870,224,4,220
990075106,123,2,121
990075746,72,1,71
990076437,161,8,153
990076458,3,1270,-1267
997000007,43,1,42
997000041,1,114,-113
997000058,11,1,10
997000062,14,0,14
997000069,1,7,-6
997000070,0,42,-42
997000100,0,0,0
997000141,0,144,-144
997000198,305,140,165
998000475,0,9,-9
998000736,0,298,-298
998000965,0,5,-5
998001031,0,38,-38
998001700,0,20,-20
998001899,0,2,-2
998001900,2,1,1
998003073,213,1,212
998101900,0,0,0
998102850,0,66,-66
998501927,257,294,-37
998501929,78,2,76
998501930,40,0,40
998501931,50,16,34
998501932,7,0,7
998501933,11,0,11
998501937,15,10,5
998501944,2,1,1
998501950,0,5,-5
998501970,8,2,6
998501971,0,54,-54
998501973,0,65,-65
998501974,1,250,-249
998501975,78,1,77
998501976,35,0,35
998501977,0,21,-21
998501978,4,0,4
998501979,0,7,-7
998501980,62,4,58
998501981,7,1,6
998501982,0,81,-81
998501983,0,2,-2
998502006,0,0,0
998502024,0,4,-4
998502032,0,0,0
998502062,9,0,9
998502063,0,0,0
998502173,42,0,42
998502269,0,1,-1
998502546,0,117,-117
998502578,1,1,0
998502599,27,145,-118
998502621,0,0,0
998601159,0,242,-242
998601292,0,14,-14
999033574,2,670,-668
999800001,28,17,11
999800002,0,3,-3
999800003,1,2,-1
999800004,0,8,-8
999800005,0,6,-6
