ID,insum,outsum,diff
100000001,44,41,3
100000002,1608,2290,-682
100000003,1048,2269,-1221
100000004,79,539,-460
100000005,758,1187,-429
100000006,5,23,-18
100000007,101,130,-29
100000008,0,0,0
100000009,1,16,-15
100000010,0,16,-16
100000011,12,13,-1
100000012,0,0,0
100000013,0,0,0
100000014,0,0,0
100000015,134,205,-71
100000016,1,0,1
100000017,0,0,0
100000018,31,34,-3
100000019,110,312,-202
100000020,41,251,-210
100000021,1,0,1
100000022,79,184,-105
100000023,16,0,16
100000025,5,19,-14
100000028,11,15,-4
100000029,0,0,0
100000030,0,0,0
100000031,109,508,-399
100000032,86,158,-72
100000033,66,159,-93
100000034,0,0,0
100000035,22,101,-79
100000036,44,25,19
100000037,35,15,20
100000038,234,72,162
100000039,78,1,77
100000040,4,9,-5
100000041,51,42,9
100000042,108,57,51
100000043,28,38,-10
100000044,0,0,0
100000045,0,0,0
100000046,0,0,0
100000047,0,0,0
100000048,0,0,0
100000049,0,0,0
100000051,0,0,0
100000053,4,0,4
100000054,9,12,-3
100000055,0,0,0
100000056,8,30,-22
100000057,66,35,31
100000058,0,0,0
100000059,3,0,3
100000060,102,47,55
100000061,70,56,14
100000062,63,63,0
100000063,90,48,42
100000064,192,14,178
100000065,26,2,24
100000066,9,1,8
100000067,3,5,-2
100000068,3,11,-8
100000069,6,18,-12
100000072,0,0,0
100000073,0,0,0
100000075,0,0,0
100000076,209,896,-687
100000077,31,69,-38
100000078,10,233,-223
100000079,0,128,-128
100000080,0,65,-65
100000081,0,29,-29
100000102,336,1284,-948
100000103,68,99,-31
100000104,88,78,10
100000105,0,0,0
100000106,141,1447,-1306
100000107,17,400,-383
100000108,1,28,-27
100000109,115,28,87
100000116,95,211,-116
100000117,1,63,-62
100000118,394,52,342
100000119,158,35,123
100000121,38,10,28
100000122,87,90,-3
100000123,240,77,163
100000124,88,72,16
100000125,13,44,-31
100000126,4,13,-9
100000127,0,1,-1
100000128,0,4,-4
100000129,35,22,13
100000130,0,0,0
100000131,0,0,0
100000132,4,122,-118
100000133,204,86,118
100000135,91,111,-20
100000139,73,117,-44
100000140,0,0,0
100000142,83,53,30
100000143,0,0,0
100000144,0,0,0
100000147,333,959,-626
100000150,0,22,-22
100000151,102,480,-378
100000153,0,0,0
100000154,0,0,0
100000155,1,48,-47
100000156,12,154,-142
100000157,358,84,274
100000158,47,72,-25
100000159,5,54,-49
100000165,68,15,53
100000169,0,0,0
100000174,0,0,0
100000179,2,7,-5
100000180,0,0,0
100000181,1,0,1
100000188,0,0,0
100000189,129,32,97
100000190,25,200,-175
100000191,26,198,-172
100000192,17,184,-167
100000193,33,54,-21
100000330,0,0,0
100000355,12,4,8
100000362,103,73,30
100000363,2000,2608,-608
100000364,0,0,0
100000365,2754,1179,1575
100000366,416,278,138
100000367,2306,1767,539
100000368,70,30,40
100000369,33,782,-749
100000370,3,20,-17
100000376,0,0,0
100000379,116,571,-455
100000380,975,1827,-852
100000384,1252,2225,-973
100000385,122,732,-610
100000386,403,1205,-802
100000387,268,1209,-941
100000388,1037,901,136
100000389,1082,2073,-991
100000390,407,283,124
100000391,448,1985,-1537
100000392,138,239,-101
100000393,142,689,-547
100000394,108,301,-193
100000395,38,275,-237
100000396,246,219,27
100000397,319,665,-346
100000398,2311,790,1521
100000413,0,0,0
100900002,0,0,0
100900003,0,0,0
100900004,0,0,0
100900005,0,0,0
100900006,0,0,0
100900007,0,0,0
100900008,0,0,0
100900009,0,0,0
100900010,0,0,0
100900011,0,0,0
100900012,0,0,0
100900013,0,0,0
100900014,0,0,0
100900015,0,0,0
100900016,0,0,0
100900017,0,0,0
100900018,0,0,0
100900019,0,0,0
100900020,0,0,0
100900021,0,0,0
100900022,0,0,0
100900023,0,0,0
100900024,0,0,0
100900025,0,0,0
100900026,0,0,0
100900027,0,0,0
100900028,0,0,0
100900029,0,0,0
100900030,0,0,0
100900031,0,0,0
100900032,0,0,0
100900033,0,0,0
100900034,0,0,0
100900035,0,0,0
100900036,0,0,0
100900037,0,0,0
100900038,0,0,0
100900039,0,0,0
100900040,0,0,0
100900041,0,0,0
100900042,0,0,0
100900043,0,0,0
100900044,0,0,0
100900045,0,0,0
100900046,0,0,0
100900047,0,0,0
100900048,0,0,0
100900049,0,0,0
100900050,0,0,0
100900051,0,0,0
100900052,0,0,0
100900053,0,0,0
100900054,0,0,0
100900055,0,0,0
100900056,0,0,0
100900057,0,0,0
100900058,0,0,0
100900059,0,0,0
100900060,0,0,0
100900061,0,0,0
100900062,0,0,0
100900063,0,0,0
100900064,0,0,0
100900065,0,0,0
100900066,0,0,0
100900067,0,0,0
100900068,0,0,0
100900069,0,0,0
100900070,0,0,0
100900071,0,0,0
100900072,0,0,0
100900073,0,0,0
100900074,0,0,0
100900075,0,0,0
100900076,0,0,0
100900077,0,0,0
100900078,0,0,0
100900079,0,0,0
100900080,0,0,0
100900081,0,0,0
100900082,0,0,0
100900083,0,0,0
100900085,0,0,0
100900086,0,0,0
100900088,0,0,0
100900089,0,0,0
100900090,0,0,0
100900091,0,0,0
100900092,0,0,0
100900093,0,0,0
100900094,0,0,0
100900095,0,0,0
100900096,0,0,0
100900097,0,0,0
100900098,0,0,0
100900099,0,0,0
100900100,0,0,0
100900101,0,0,0
100900102,0,0,0
100900103,0,0,0
100900104,0,0,0
100900105,0,0,0
100900106,0,0,0
100900107,0,0,0
100900108,0,0,0
100900109,0,0,0
100900110,0,0,0
100900111,0,0,0
100900112,0,0,0
100900113,0,0,0
100900114,0,0,0
100900115,0,0,0
100900116,0,0,0
100900117,0,0,0
100900118,0,0,0
100900119,0,0,0
100900120,0,0,0
100900121,0,0,0
100900122,0,0,0
100900123,0,0,0
100900124,0,0,0
100900125,0,0,0
100900126,0,0,0
100900127,0,0,0
100900128,0,0,0
100900129,0,0,0
100900131,0,0,0
100900133,0,0,0
100900134,0,0,0
100900135,0,0,0
100900137,0,0,0
100900138,0,0,0
100900139,0,0,0
100900140,0,0,0
100900141,0,0,0
100900142,0,0,0
100900143,0,0,0
100900144,0,0,0
100900145,0,0,0
100900146,0,0,0
100900147,0,0,0
100900148,0,0,0
100900149,0,0,0
100900150,0,0,0
100900151,0,0,0
100900152,0,0,0
100900153,0,0,0
100900154,0,0,0
100900155,0,0,0
100900156,0,0,0
100900157,0,0,0
100900159,0,0,0
100900160,0,0,0
100900161,0,0,0
100900162,0,0,0
100900163,0,0,0
100900164,0,0,0
100900165,0,0,0
100900166,0,0,0
100900167,0,0,0
100900168,0,0,0
100900169,0,0,0
100900170,0,0,0
100900171,0,0,0
100900172,0,0,0
100900173,0,0,0
100900174,0,0,0
100900176,0,0,0
100900177,0,0,0
100900178,0,0,0
100900179,0,0,0
100900180,0,0,0
100900181,0,0,0
100900182,0,0,0
100900184,0,0,0
100900186,0,0,0
100900187,0,0,0
100900188,0,0,0
100900189,0,0,0
100900191,0,0,0
100900192,0,0,0
100900195,0,0,0
100900197,0,0,0
100900198,0,0,0
100900199,0,0,0
100900200,0,0,0
100900201,0,0,0
100900202,0,0,0
100900203,0,0,0
100900204,0,0,0
100900205,0,0,0
100900206,0,0,0
100900207,0,0,0
100900210,0,0,0
100900211,0,0,0
100900213,0,0,0
100900214,0,0,0
100900215,0,0,0
100900217,0,0,0
101000001,101,286,-185
101000002,30,119,-89
101000003,0,58,-58
101000004,1187,1451,-264
101000005,525,936,-411
101000006,318,155,163
101000007,19,371,-352
101000008,200,725,-525
101000009,178,34,144
101000010,58,35,23
101000011,13,84,-71
101000012,0,0,0
101000013,25,112,-87
101000014,19,74,-55
101000015,13,17,-4
101000016,0,0,0
101000017,0,0,0
101000018,81,20,61
101000020,115,33,82
101000021,6,70,-64
101000022,0,0,0
101000023,54,255,-201
101000025,0,0,0
101000026,0,0,0
101000027,44,161,-117
101000028,0,0,0
101000029,0,0,0
101000030,0,0,0
101000031,2,30,-28
101000032,508,1062,-554
101000033,1,6,-5
101000034,52,113,-61
101000035,0,0,0
101000036,19,44,-25
101000037,63,350,-287
101000039,0,0,0
101000040,27,129,-102
101000041,804,1767,-963
101000042,7,208,-201
101000043,11,155,-144
101000045,52,227,-175
101000046,247,408,-161
101000047,452,266,186
101000048,42,68,-26
101000049,0,6,-6
101000050,51,183,-132
101000051,15,409,-394
101000052,117,645,-528
101000053,144,154,-10
101000054,165,61,104
101000055,250,569,-319
101000056,0,0,0
101000057,10,0,10
101000058,85,337,-252
101000059,245,1229,-984
101000060,11,2,9
101000061,49,1098,-1049
101000062,4,0,4
101000063,89,578,-489
101000064,7,2,5
101000065,63,341,-278
101000066,74,196,-122
101000067,19,2,17
101000068,68,162,-94
101000069,80,3,77
101000070,98,5,93
101000071,54,54,0
101000072,583,382,201
101000073,218,219,-1
101000074,1161,360,801
101000075,1444,223,1221
101000077,429,116,313
101000078,150,60,90
101000079,286,198,88
101000080,71,1,70
101000081,294,106,188
101000082,26,30,-4
101000083,315,191,124
101000084,19,5,14
101000085,391,273,118
101000086,0,0,0
101000087,0,0,0
101000088,347,140,207
101000089,152,81,71
101000090,0,0,0
101000091,30,6,24
101000092,288,46,242
101000093,154,41,113
101000094,16,7,9
101000095,2,3,-1
101000096,96,26,70
101000097,6,4,2
101000098,3,7,-4
101000099,35,128,-93
101000100,1,2,-1
101000101,50,35,15
101000102,29,97,-68
101000103,39,82,-43
101000104,15,147,-132
101000105,3,32,-29
101000106,0,0,0
101000107,0,0,0
101000108,0,0,0
101000109,0,0,0
101000110,0,0,0
101000111,0,0,0
101000113,0,0,0
101000114,121,97,24
101000115,0,0,0
101000116,0,0,0
101000117,0,0,0
101000119,0,0,0
101000120,0,0,0
101000121,0,0,0
101000122,0,0,0
101000123,0,0,0
101000124,0,0,0
101000125,3,1,2
101000128,0,0,0
101000130,25,5,20
101000131,71,18,53
101000132,4,1,3
101000135,0,0,0
101000136,0,0,0
101000137,0,1,-1
101000141,172,1733,-1561
101000147,7,5,2
101000148,0,0,0
101000149,0,0,0
101000150,0,0,0
101000151,0,0,0
101000152,7,3,4
101000153,19,21,-2
101000154,70,21,49
101000155,0,0,0
101000156,0,0,0
101000157,0,0,0
101000160,0,0,0
101000163,10,205,-195
101000164,0,0,0
101000165,105,83,22
101000166,28,5,23
101000168,0,0,0
101000252,391,79,312
101000254,0,0,0
101000258,0,0,0
101000261,0,0,0
101000262,202,2205,-2003
101000263,53,222,-169
101000265,0,0,0
101000266,0,0,0
101000269,0,0,0
101000290,79,103,-24
101000293,0,0,0
101000294,19,5,14
101000295,6,18,-12
101000301,15,7,8
101000304,115,525,-410
101000305,388,310,78
101000328,31,168,-137
101900001,0,0,0
101900002,0,0,0
101900003,0,0,0
101900004,0,0,0
101900005,0,0,0
101900006,0,0,0
101900007,0,0,0
101900008,0,0,0
101900009,0,0,0
101900010,0,0,0
101900011,0,0,0
101900012,0,0,0
101900013,0,0,0
101900017,0,0,0
101900018,0,0,0
101900019,0,0,0
101900020,0,0,0
101900021,0,0,0
101900022,0,0,0
101900023,0,0,0
101900026,0,0,0
101900027,0,0,0
102000001,283,507,-224
102000002,72,60,12
102000003,72,284,-212
102000004,92,331,-239
102000005,43,287,-244
102000006,22,320,-298
102000007,30,481,-451
102000008,266,241,25
102000009,377,556,-179
102000010,253,314,-61
102000011,248,514,-266
102000012,352,340,12
102000018,107,127,-20
102000019,0,0,0
102000026,0,0,0
102000029,0,0,0
102000030,0,0,0
102000031,0,0,0
102000032,0,0,0
102000033,0,0,0
102000034,0,0,0
102000035,0,0,0
102000036,0,0,0
102000037,0,0,0
102000038,0,0,0
102000039,0,0,0
102000040,0,0,0
102000041,0,0,0
102000042,0,0,0
102000043,0,0,0
102000044,0,0,0
102000045,64,50,14
102000046,0,0,0
102000047,28,49,-21
102000048,0,0,0
102000049,0,0,0
102000050,134,61,73
102000051,0,0,0
102000052,112,95,17
102000053,0,0,0
102000054,106,14,92
102000055,70,12,58
102000056,363,49,314
102000057,38,106,-68
102000058,49,5,44
102000059,39,2,37
102000060,483,426,57
102000061,1,7,-6
102000062,232,188,44
102000063,7,7,0
102000064,3,58,-55
102000065,3,0,3
102000066,9,12,-3
102000067,27,141,-114
102000068,284,263,21
102000069,0,0,0
102000070,0,0,0
102000071,703,434,269
102000072,230,239,-9
102000073,0,0,0
102000074,0,0,0
102000075,0,0,0
102000076,0,0,0
102000077,1,0,1
102000078,0,0,0
102000079,2,0,2
102000080,0,0,0
102000081,58,2,56
102000082,0,0,0
102000083,1,1,0
102000084,193,33,160
102000085,6,0,6
102000086,137,47,90
102000087,7,4,3
102000088,12,29,-17
102000089,72,66,6
102000090,63,85,-22
102000091,334,159,175
102000092,109,39,70
102000093,91,124,-33
102000094,16,38,-22
102000095,0,0,0
102000096,143,71,72
102000097,0,0,0
102000098,23,15,8
102000099,23,4,19
102000100,6,19,-13
102000101,1,40,-39
102000102,21,34,-13
102000103,17,32,-15
102000104,0,0,0
102000105,0,0,0
102000106,0,0,0
102000107,0,0,0
102000108,0,0,0
102000109,0,0,0
102000110,0,0,0
102000111,0,0,0
102000112,0,0,0
102000113,0,0,0
102000114,0,0,0
102000115,0,0,0
102000116,0,114,-114
102000117,0,0,0
102000118,23,328,-305
102000119,0,0,0
102000120,0,0,0
102000121,0,0,0
102000122,0,0,0
102000123,0,0,0
102000124,0,0,0
102000125,0,0,0
102000126,0,0,0
102000127,0,0,0
102000128,0,0,0
102000129,0,0,0
102000130,0,0,0
102000131,0,0,0
102000132,0,0,0
102000133,177,34,143
102000134,26,74,-48
102000135,0,0,0
102000136,0,0,0
102000137,0,0,0
102000138,0,0,0
102000139,0,0,0
102000140,0,0,0
102000141,0,0,0
102000142,0,0,0
102000143,0,0,0
102000144,0,0,0
102000145,0,0,0
102000146,0,0,0
102000147,0,0,0
102000148,0,0,0
102000149,0,0,0
102000150,0,0,0
102000151,0,0,0
102000152,0,0,0
102000153,0,0,0
102000154,0,0,0
102000155,0,0,0
102000156,0,0,0
102000157,0,0,0
102000158,0,0,0
102000159,0,0,0
102000161,0,0,0
102000162,0,0,0
102000163,0,4,-4
102000164,0,1,-1
102000165,0,0,0
102000166,0,5,-5
102000167,0,0,0
102000168,1,3,-2
102000169,0,1,-1
102000170,0,0,0
102000171,0,0,0
102000172,0,0,0
102000173,10,4,6
102000174,0,0,0
102000175,4,1,3
102000176,0,1,-1
102000178,4,0,4
102000179,4,17,-13
102000180,41,1,40
102000181,57,8,49
102000182,21,4,17
102000183,143,65,78
102000184,74,2,72
102000185,312,36,276
102000186,15,4,11
102000187,27,7,20
102000188,156,59,97
102000189,13,5,8
102000190,60,82,-22
102000191,46,13,33
102000192,0,0,0
102000193,0,0,0
102000194,0,0,0
102000195,0,0,0
102000196,0,0,0
102000197,0,0,0
102000198,0,0,0
102000199,0,0,0
102000200,0,0,0
102000201,0,0,0
102000202,0,0,0
102000203,0,0,0
102000204,0,0,0
102000205,0,0,0
102000206,0,0,0
102000207,0,0,0
102000208,0,0,0
102000209,0,0,0
102000210,0,0,0
102000211,0,0,0
102000212,0,0,0
102000213,0,0,0
102000214,0,0,0
102000215,0,0,0
102000216,0,0,0
102000217,0,0,0
102000218,0,0,0
102000219,0,0,0
102000225,121,98,23
102000226,0,0,0
102000227,0,0,0
102000228,0,0,0
102000229,0,0,0
102000230,30,15,15
102000231,0,0,0
102000232,0,0,0
102000233,47,81,-34
102000234,4,177,-173
102000236,0,0,0
102000237,0,0,0
102000238,0,0,0
102000240,0,0,0
102000241,0,0,0
102000243,2,6,-4
102000245,0,0,0
102000246,0,0,0
102000247,8,29,-21
102000248,27,218,-191
102000249,0,0,0
102000250,0,0,0
102000254,16,25,-9
102000266,0,0,0
102000271,0,0,0
102000286,0,3,-3
102000297,0,0,0
102000301,0,0,0
102000303,0,0,0
102000305,0,0,0
102000307,0,0,0
102900001,0,0,0
102900002,0,0,0
102900003,0,0,0
102900005,0,0,0
102900006,0,0,0
102900007,0,0,0
102900008,0,0,0
102900009,0,0,0
102900010,0,0,0
102900011,0,0,0
102900012,0,0,0
102900013,0,0,0
102900015,0,0,0
102900016,0,0,0
102900017,0,0,0
102900018,0,0,0
102900019,0,0,0
102900020,0,0,0
102900021,0,0,0
102900022,0,0,0
102900023,0,0,0
102900024,0,0,0
102900025,0,0,0
102900026,0,0,0
102900027,0,0,0
102900028,0,0,0
102900029,0,0,0
102900030,0,0,0
102900031,0,0,0
102900032,0,0,0
102900033,0,0,0
102900034,0,0,0
102900035,0,0,0
102900036,0,0,0
102900037,0,0,0
102900038,0,0,0
102900039,0,0,0
102900040,0,0,0
102900041,0,0,0
102900042,0,0,0
102900043,0,0,0
102900044,0,0,0
102900045,0,0,0
102900046,0,0,0
102900047,0,0,0
102900048,0,0,0
102900049,0,0,0
102900050,0,0,0
102900051,0,0,0
102900053,0,0,0
102900054,0,0,0
102900055,0,0,0
102900056,0,0,0
102900057,0,0,0
102900058,0,0,0
102900059,0,0,0
102900060,0,0,0
102900061,0,0,0
102900062,0,0,0
102900063,0,0,0
102900064,0,0,0
102900065,0,0,0
102900066,0,0,0
102900068,0,0,0
102900070,0,0,0
102900072,0,0,0
102900073,0,0,0
102900075,0,0,0
102900076,0,0,0
102900077,0,0,0
102900078,0,0,0
102900079,0,0,0
102900080,0,0,0
102900081,0,0,0
102900082,0,0,0
102900083,0,0,0
102900084,0,0,0
102900085,0,0,0
102900086,0,0,0
102900087,0,0,0
102900088,0,0,0
102900089,0,0,0
102900090,0,0,0
102900091,0,0,0
102900092,0,0,0
102900094,0,0,0
102900095,0,0,0
102900096,0,0,0
102900097,0,0,0
103000001,126,112,14
103000002,54,91,-37
103000003,79,132,-53
103000004,5,42,-37
103000005,504,259,245
103000006,172,142,30
103000007,11,9,2
103000008,0,0,0
103000009,78,123,-45
103000010,0,0,0
103000011,10,21,-11
103000012,412,391,21
103000013,159,12,147
103000014,410,764,-354
103000015,0,0,0
103000016,71,66,5
103000017,95,46,49
103000018,0,0,0
103000019,94,102,-8
103000020,5,117,-112
103000021,866,730,136
103000022,34,58,-24
103000023,335,767,-432
103000024,0,0,0
103000025,2,126,-124
103000026,0,0,0
103000027,44,69,-25
103000028,9,68,-59
103000029,33,66,-33
103000030,11,58,-47
103000031,145,305,-160
103000032,144,246,-102
103000033,1690,753,937
103000034,7,37,-30
103000035,65,223,-158
103000036,14,200,-186
103000037,8,15,-7
103000038,208,264,-56
103000039,5,17,-12
103000040,15,56,-41
103000041,161,179,-18
103000042,20,9,11
103000043,71,81,-10
103000044,0,0,0
103000046,0,0,0
103000047,0,0,0
103000048,0,0,0
103000049,0,0,0
103000050,0,0,0
103000051,0,0,0
103000052,0,0,0
103000053,0,0,0
103000054,373,7,366
103000055,447,62,385
103000056,36,26,10
103000057,209,217,-8
103000058,182,10,172
103000059,50,39,11
103000060,169,2,167
103000061,83,56,27
103000062,0,0,0
103000063,133,77,56
103000064,0,0,0
103000065,0,0,0
103000066,0,0,0
103000069,0,0,0
103000070,0,0,0
103000071,68,31,37
103000072,0,0,0
103000073,80,3,77
103000074,80,8,72
103000075,0,0,0
103000076,7,47,-40
103000077,0,0,0
103000078,94,42,52
103000079,22,27,-5
103000080,174,19,155
103000081,3,146,-143
103000082,117,17,100
103000083,0,0,0
103000084,12,0,12
103000085,0,0,0
103000086,181,126,55
103000087,64,163,-99
103000088,0,0,0
103000089,73,101,-28
103000090,585,338,247
103000091,52,120,-68
103000092,313,17,296
103000093,0,0,0
103000094,82,10,72
103000095,0,0,0
103000096,179,3,176
103000097,0,0,0
103000098,179,28,151
103000099,0,0,0
103000100,0,0,0
103000101,126,14,112
103000102,0,0,0
103000103,132,15,117
103000104,1,0,1
103000105,4,2,2
103000106,1,0,1
103000107,42,20,22
103000108,92,33,59
103000109,34,12,22
103000110,71,59,12
103000111,0,0,0
103000112,40,23,17
103000113,0,0,0
103000114,319,118,201
103000115,55,37,18
103000116,68,22,46
103000117,89,12,77
103000118,0,0,0
103000119,0,0,0
103000120,0,0,0
103000121,13,3,10
103000122,315,1073,-758
103000125,0,8,-8
103000126,101,0,101
103000127,0,23,-23
103000128,5,0,5
103000129,0,3,-3
103000130,36,1,35
103000131,0,32,-32
103000132,0,18,-18
103000133,0,21,-21
103000134,148,34,114
103000135,96,37,59
103000136,289,67,222
103000137,10,137,-127
103000138,60,190,-130
103000139,0,0,0
103000140,29,26,3
103000141,0,0,0
103000142,24,8,16
103000143,0,0,0
103000144,56,18,38
103000145,0,1,-1
103000150,0,0,0
103000152,0,0,0
103000153,41,57,-16
103000156,2,17,-15
103000157,27,0,27
103000159,0,0,0
103000162,1,0,1
103000163,0,29,-29
103000164,0,0,0
103000165,0,0,0
103000166,55,47,8
103000167,24,9,15
103000168,0,0,0
103000169,41,21,20
103000170,357,345,12
103000171,3,1,2
103000172,91,8,83
103000173,0,0,0
103000174,108,9,99
103000175,0,0,0
103000176,5,23,-18
103000177,0,0,0
103000178,0,0,0
103000179,0,0,0
103000183,72,0,72
103000185,15,0,15
103000186,14,5,9
103000187,0,0,0
103000188,0,1,-1
103000189,0,0,0
103000191,0,2,-2
103000292,3,37,-34
103000293,45,196,-151
103000295,69,8,61
103000296,13,0,13
103000297,0,0,0
103000504,0,0,0
103000505,0,0,0
103000506,0,0,0
103000507,0,0,0
103000508,0,0,0
103000509,0,0,0
103900001,0,0,0
103900002,0,0,0
103900003,0,0,0
103900004,0,0,0
103900005,0,0,0
103900006,0,0,0
103900007,0,0,0
103900008,0,0,0
103900009,0,0,0
103900010,0,0,0
103900011,0,0,0
103900012,0,0,0
103900013,0,0,0
103900014,0,0,0
103900015,0,0,0
103900016,0,0,0
103900017,0,0,0
103900018,0,0,0
103900019,0,0,0
103900020,0,0,0
103900021,0,0,0
103900022,0,0,0
103900023,0,0,0
103900024,0,0,0
103900025,0,0,0
103900026,0,0,0
103900027,0,0,0
103900028,0,0,0
103900029,0,0,0
103900030,0,0,0
103900031,0,0,0
103900032,0,0,0
103900033,0,0,0
103900034,0,0,0
103900035,0,0,0
103900036,0,0,0
103900037,0,0,0
103900038,0,0,0
103900039,0,0,0
103900040,0,0,0
103900041,0,0,0
103900042,0,0,0
103900043,0,0,0
103900044,0,0,0
103900045,0,0,0
103900047,0,0,0
103900048,0,0,0
103900049,0,0,0
103900050,0,0,0
103900051,0,0,0
103900052,0,0,0
103900053,0,0,0
103900054,0,0,0
103900055,0,0,0
103900056,0,0,0
103900057,0,0,0
103900058,0,0,0
103900059,0,0,0
103900060,0,0,0
103900061,0,0,0
103900062,0,0,0
103900063,0,0,0
103900064,0,0,0
103900065,0,0,0
103900066,0,0,0
103900067,0,0,0
103900068,0,0,0
103900069,0,0,0
103900070,0,0,0
103900071,0,0,0
103900072,0,0,0
103900073,0,0,0
103900074,0,0,0
103900075,0,0,0
103900076,0,0,0
103900077,0,0,0
103900078,0,0,0
103900079,0,0,0
103900080,0,0,0
103900081,0,0,0
103900082,0,0,0
103900083,0,0,0
103900084,0,0,0
103900085,0,0,0
103900086,0,0,0
103900088,0,0,0
103900089,0,0,0
103900090,0,0,0
103900091,0,0,0
103900092,0,0,0
103900093,0,0,0
103900094,0,0,0
103900095,0,0,0
103900096,0,0,0
103900097,0,0,0
103900098,0,0,0
103900099,0,0,0
103900100,0,0,0
103900101,0,0,0
103900102,0,0,0
103900104,0,0,0
103900105,0,0,0
103900106,0,0,0
103900107,0,0,0
103900108,0,0,0
103900109,0,0,0
103900110,0,0,0
103900111,0,0,0
103900112,0,0,0
103900113,0,0,0
103900114,0,0,0
103900115,0,0,0
103900116,0,0,0
103900117,0,0,0
103900119,0,0,0
103900120,0,0,0
103900122,0,0,0
103900123,0,0,0
103900124,0,0,0
103900125,0,0,0
103900126,0,0,0
103900127,0,0,0
103900128,0,0,0
103900131,0,0,0
103900133,0,0,0
103900134,0,0,0
103900135,0,0,0
103900137,0,0,0
103900138,0,0,0
103900139,0,0,0
103900140,0,0,0
103900141,0,0,0
103900142,0,0,0
103900143,0,0,0
103900144,0,0,0
103900145,0,0,0
103900146,0,0,0
103900147,0,0,0
103900148,0,0,0
103900149,0,0,0
103900150,0,0,0
103900151,0,0,0
103900152,0,0,0
103900153,0,0,0
103900154,0,0,0
103900155,0,0,0
103900156,0,0,0
103900157,0,0,0
103900158,0,0,0
103900159,0,0,0
103900160,0,0,0
103900161,0,0,0
103900162,0,0,0
103900163,0,0,0
103900167,0,0,0
103900168,0,0,0
103900169,0,0,0
103900170,0,0,0
103900171,0,0,0
103900172,0,0,0
103900173,0,0,0
103900174,0,0,0
103900175,0,0,0
103900176,0,0,0
103900177,0,0,0
103900178,0,0,0
103900179,0,0,0
103900180,0,0,0
103900181,0,0,0
103900182,0,0,0
103900184,0,0,0
103900185,0,0,0
103900187,0,0,0
103900188,0,0,0
103900189,0,0,0
103900190,0,0,0
103900191,0,0,0
103900192,0,0,0
103900193,0,0,0
103900194,0,0,0
103900195,0,0,0
103900196,0,0,0
103900197,0,0,0
103900198,0,0,0
103900199,0,0,0
103900200,0,0,0
103900201,0,0,0
103900202,0,0,0
103900203,0,0,0
103900204,0,0,0
103900207,0,0,0
103900208,0,0,0
103900209,0,0,0
103900210,0,0,0
103900211,0,0,0
103900212,0,0,0
103900213,4,77,-73
103900214,5,98,-93
103900215,27,45,-18
103900216,0,0,0
103900217,0,0,0
103900218,0,0,0
103900219,0,0,0
103900233,0,0,0
103900235,0,0,0
103900236,0,0,0
103900242,0,0,0
103900243,0,0,0
103900244,0,0,0
103900245,0,0,0
103900246,0,0,0
103900247,0,0,0
103900248,0,0,0
103900249,0,0,0
103900250,0,0,0
103900251,0,0,0
103900253,0,0,0
103900254,0,0,0
103900255,0,0,0
103900256,0,0,0
103900257,0,0,0
103900258,0,0,0
103900259,0,0,0
103900261,0,0,0
103900262,0,0,0
103900263,0,0,0
103900264,0,0,0
103900265,0,0,0
103900266,0,0,0
103900267,0,0,0
103900268,0,0,0
103900269,0,0,0
103900270,0,0,0
103900271,0,0,0
103900272,0,0,0
103900273,0,0,0
103900274,0,0,0
103900275,0,0,0
103900276,0,0,0
103900277,0,0,0
103900278,0,0,0
103900279,0,0,0
103900280,0,0,0
104000001,533,249,284
104000002,74,132,-58
104000003,777,310,467
104000004,597,346,251
104000005,502,625,-123
104000006,1014,309,705
104000007,914,150,764
104000008,112,45,67
104000009,161,66,95
104000010,81,53,28
104000011,0,0,0
104000012,0,0,0
104000013,200,70,130
104000014,0,0,0
104000015,138,16,122
104000016,0,0,0
104000018,203,122,81
104000019,217,139,78
104000020,64,50,14
104000021,41,46,-5
104000022,12,11,1
104000023,224,15,209
104000024,0,0,0
104000026,0,0,0
104000027,22,26,-4
104000028,209,90,119
104000029,23,21,2
104000030,280,140,140
104000031,104,15,89
104000032,0,0,0
104000033,278,13,265
104000034,0,0,0
104000035,330,27,303
104000036,336,126,210
104000037,0,0,0
104000038,206,74,132
104000039,39,25,14
104000040,34,27,7
104000041,77,12,65
104000042,44,21,23
104000043,64,15,49
104000044,100,13,87
104000045,113,17,96
104000046,80,54,26
104000047,23,161,-138
104000048,95,224,-129
104000049,6,10,-4
104000050,2,4,-2
104000051,0,0,0
104000052,243,162,81
104000053,102,57,45
104000054,5,0,5
104000055,343,134,209
104000056,44,1,43
104000057,0,0,0
104000058,290,50,240
104000059,91,164,-73
104000060,173,72,101
104000061,92,21,71
104000062,50,5,45
104000064,0,0,0
104000065,0,7,-7
104000069,0,0,0
104000070,0,0,0
104000071,0,0,0
104000072,26,6,20
104000075,0,0,0
104000076,0,0,0
104000082,161,258,-97
104000083,21,5,16
104000084,3,21,-18
104000085,19,2,17
104000086,3,31,-28
104000087,0,5,-5
104000090,0,0,0
104000092,0,0,0
104000094,0,0,0
104000095,17,375,-358
104000096,251,0,251
104000097,624,23,601
104000098,1001,19,982
104000100,1118,107,1011
104000101,117,177,-60
104000106,15,18,-3
104000107,175,12,163
104000108,36,6,30
104000109,76,15,61
104000110,27,12,15
104000111,84,12,72
104000112,2,12,-10
104000116,0,0,0
104000117,96,11,85
104000118,58,1,57
104000119,29,19,10
104000120,11,27,-16
104000121,0,38,-38
104000122,265,49,216
104000123,52,74,-22
104000124,93,305,-212
104000125,83,19,64
104000126,185,77,108
104000127,91,232,-141
104000128,186,8,178
104000129,108,0,108
104000130,4,2,2
104000131,0,0,0
104000132,0,0,0
104000133,15,24,-9
104000134,88,99,-11
104000135,48,194,-146
104000136,299,223,76
104000137,226,70,156
104000138,0,0,0
104000139,361,277,84
104000141,70,149,-79
104000142,0,0,0
104000143,0,0,0
104000144,0,0,0
104000145,252,53,199
104000146,0,0,0
104000147,0,0,0
104000148,56,31,25
104000149,0,0,0
104000150,272,67,205
104000151,0,0,0
104000152,0,0,0
104000153,140,89,51
104000154,0,0,0
104000155,149,61,88
104000157,60,4,56
104000158,2,18,-16
104000159,6,6,0
104000160,127,40,87
104000161,20,22,-2
104000162,56,72,-16
104000165,145,350,-205
104000167,146,177,-31
104000168,58,0,58
104000169,80,3,77
104000170,0,0,0
104000248,0,0,0
104000251,0,0,0
104000272,0,0,0
104000273,0,0,0
104000274,0,0,0
104000275,0,0,0
104000279,13,104,-91
104000290,0,0,0
104000291,145,160,-15
104000293,111,107,4
104000294,0,0,0
104000295,44,49,-5
104000296,246,109,137
104000297,32,86,-54
104000298,279,51,228
104000299,197,91,106
104000302,0,0,0
104000303,0,0,0
104900001,0,0,0
104900002,0,0,0
104900003,0,0,0
104900004,0,0,0
104900005,0,0,0
104900006,0,0,0
104900007,0,0,0
104900009,0,0,0
104900010,0,0,0
104900011,0,0,0
104900012,0,0,0
104900013,0,0,0
104900014,0,0,0
104900015,0,0,0
104900016,0,0,0
104900017,0,0,0
104900018,0,0,0
104900019,0,0,0
104900020,0,0,0
104900021,0,0,0
104900022,0,0,0
104900023,0,0,0
104900024,0,0,0
104900025,0,0,0
104900026,0,0,0
104900027,0,0,0
104900028,0,0,0
104900029,0,0,0
104900030,0,0,0
104900031,0,0,0
104900032,0,0,0
104900033,0,0,0
104900034,0,0,0
104900035,0,0,0
104900036,0,0,0
104900037,0,0,0
104900038,0,0,0
104900039,0,0,0
104900040,0,0,0
104900041,0,0,0
104900042,0,0,0
104900043,0,0,0
104900044,0,0,0
104900045,0,0,0
104900046,0,0,0
104900047,0,0,0
104900048,0,0,0
104900049,0,0,0
104900050,0,0,0
104900051,0,0,0
104900052,0,0,0
104900053,0,0,0
104900054,0,0,0
104900055,0,0,0
104900056,0,0,0
104900057,0,0,0
104900058,0,0,0
104900059,0,0,0
104900060,0,0,0
104900061,0,0,0
104900063,0,0,0
104900064,0,0,0
104900065,0,0,0
104900066,0,0,0
104900067,0,0,0
104900068,0,0,0
104900070,0,0,0
104900071,0,0,0
104900072,0,0,0
104900073,0,0,0
104900074,0,0,0
104900075,0,0,0
104900076,0,0,0
104900077,0,0,0
104900078,0,0,0
104900079,0,0,0
104900080,0,0,0
104900082,0,0,0
104900085,0,0,0
104900087,0,0,0
104900089,0,0,0
104900090,0,0,0
104900091,0,0,0
104900093,0,0,0
104900097,0,0,0
104900098,0,0,0
104900099,0,0,0
104900100,0,0,0
104900102,0,0,0
104900103,0,0,0
104900104,0,0,0
104900106,0,0,0
104900107,0,0,0
104900108,0,0,0
104900109,0,0,0
104900110,0,0,0
104900111,0,0,0
104900112,0,0,0
104900113,0,0,0
104900114,0,0,0
104900115,0,0,0
104900116,0,0,0
104900118,0,0,0
104900119,0,0,0
104900120,0,0,0
104900121,0,0,0
104900122,0,0,0
104900123,0,0,0
104900124,0,0,0
104900125,0,0,0
104900126,0,0,0
104900127,0,0,0
104900128,0,0,0
104900129,0,0,0
105000001,743,154,589
105000002,211,266,-55
105000003,401,216,185
105000004,27,60,-33
105000005,95,216,-121
105000006,128,318,-190
105000007,64,142,-78
105000008,11,335,-324
105000009,1668,935,733
105000010,43,107,-64
105000011,720,761,-41
105000012,36,44,-8
105000013,252,546,-294
105000014,2154,975,1179
105000015,1436,2570,-1134
105000016,172,126,46
105000017,48,33,15
105000018,26,130,-104
105000019,0,0,0
105000020,0,0,0
105000021,0,0,0
105000022,1,11,-10
105000023,0,0,0
105000028,0,0,0
105000029,1,5,-4
105000030,165,126,39
105000031,0,0,0
105000033,39,50,-11
105000034,0,0,0
105000037,0,0,0
105000038,226,328,-102
105000039,101,66,35
105000040,184,219,-35
105000041,5,46,-41
105000042,852,215,637
105000043,34,37,-3
105000044,189,98,91
105000045,4,24,-20
105000046,272,23,249
105000047,5,26,-21
105000048,459,200,259
105000049,2,1,1
105000050,396,190,206
105000051,0,0,0
105000052,43,60,-17
105000053,0,19,-19
105000054,67,68,-1
105000055,0,0,0
105000056,392,164,228
105000057,10,0,10
105000058,19,18,1
105000059,424,214,210
105000060,0,0,0
105000061,413,49,364
105000062,0,0,0
105000063,0,0,0
105000064,465,90,375
105000065,0,0,0
105000066,31,7,24
105000067,410,170,240
105000068,4,53,-49
105000069,49,83,-34
105000070,52,59,-7
105000071,185,243,-58
105000072,408,101,307
105000073,196,80,116
105000074,0,0,0
105000075,16,3,13
105000076,35,21,14
105000077,106,23,83
105000078,24,100,-76
105000079,0,25,-25
105000080,407,567,-160
105000081,22,0,22
105000082,221,622,-401
105000083,899,766,133
105000084,0,0,0
105000085,727,771,-44
105000086,0,0,0
105000087,0,0,0
105000088,286,448,-162
105000089,79,77,2
105000090,28,41,-13
105000091,0,0,0
105000092,0,0,0
105000093,0,0,0
105000094,6,2,4
105000095,0,0,0
105000096,159,189,-30
105000097,0,0,0
105000098,171,91,80
105000099,0,0,0
105000100,0,0,0
105000101,185,54,131
105000102,0,0,0
105000103,154,56,98
105000104,0,0,0
105000105,221,35,186
105000106,36,0,36
105000107,0,0,0
105000108,2,7,-5
105000109,25,1,24
105000110,1,0,1
105000111,28,8,20
105000112,89,18,71
105000113,1,0,1
105000114,30,78,-48
105000115,0,1,-1
105000116,110,21,89
105000117,0,0,0
105000118,41,27,14
105000119,0,0,0
105000120,261,39,222
105000121,0,0,0
105000122,41,9,32
105000123,152,2,150
105000124,95,51,44
105000125,136,23,113
105000126,40,51,-11
105000127,137,27,110
105000128,49,8,41
105000129,43,37,6
105000130,16,496,-480
105000131,0,0,0
105000132,128,107,21
105000133,0,0,0
105000134,243,24,219
105000135,0,0,0
105000136,0,0,0
105000137,282,6,276
105000138,0,0,0
105000139,0,0,0
105000140,300,28,272
105000141,0,0,0
105000142,104,23,81
105000143,0,0,0
105000144,0,0,0
105000145,202,66,136
105000146,0,0,0
105000147,296,58,238
105000148,270,49,221
105000149,498,163,335
105000150,0,0,0
105000151,0,0,0
105000152,0,0,0
105000153,0,0,0
105000154,0,1,-1
105000155,0,0,0
105000156,0,3,-3
105000157,12,5,7
105000158,41,16,25
105000159,6,8,-2
105000160,44,59,-15
105000161,31,1,30
105000162,19,27,-8
105000163,57,12,45
105000164,1,11,-10
105000165,17,62,-45
105000166,4,60,-56
105000167,34,172,-138
105000168,168,75,93
105000169,19,2,17
105000170,0,0,0
105000171,0,0,0
105000172,1,0,1
105000173,5,0,5
105000174,0,0,0
105000175,0,0,0
105000176,0,2,-2
105000177,49,30,19
105000178,4,1,3
105000179,19,1,18
105000180,0,0,0
105000181,2,0,2
105000182,0,0,0
105000183,0,0,0
105000184,0,0,0
105000185,34,256,-222
105000186,0,0,0
105000187,73,53,20
105000188,5,53,-48
105000189,0,0,0
105000190,134,59,75
105000191,6,6,0
105000192,168,19,149
105000193,0,19,-19
105000194,132,5,127
105000195,0,22,-22
105000196,4,82,-78
105000197,1,0,1
105000198,0,0,0
105000199,10,62,-52
105000200,32,90,-58
105000201,18,0,18
105000203,0,1,-1
105000204,2,12,-10
105000205,0,0,0
105000207,0,0,0
105000208,7,133,-126
105000209,0,0,0
105000211,0,0,0
105000212,64,5,59
105000213,103,20,83
105000214,22,9,13
105000215,84,102,-18
105000216,0,0,0
105000217,0,0,0
105000218,133,37,96
105000221,1,3,-2
105000222,108,0,108
105000223,41,0,41
105000226,0,4,-4
105000227,23,0,23
105000228,0,2,-2
105000229,39,348,-309
105000231,145,62,83
105000233,320,351,-31
105000234,34,186,-152
105000235,233,120,113
105000237,64,2,62
105000243,0,0,0
105000248,0,0,0
105000262,0,0,0
105000269,0,0,0
105000270,116,2,114
105000271,0,0,0
105000282,5,1,4
105000287,0,0,0
105000288,1,21,-20
105000289,253,476,-223
105000290,2,0,2
105000402,30,82,-52
105000426,0,0,0
105000438,62,205,-143
105000440,0,0,0
105000446,330,428,-98
105000447,97,32,65
105000454,0,0,0
105000455,0,0,0
105000474,2,11,-9
105000477,0,0,0
105000478,371,1278,-907
105000479,0,0,0
105000480,1692,1605,87
105000481,790,378,412
105000482,101,267,-166
105000483,302,784,-482
105000484,88,322,-234
105000485,258,1063,-805
105000486,184,253,-69
105000488,92,152,-60
105000489,305,58,247
105000549,1,50,-49
105000550,0,0,0
105000551,12,22,-10
105000552,188,70,118
105000555,307,357,-50
105000556,0,0,0
105000557,0,0,0
105900001,0,0,0
105900002,0,0,0
105900003,0,0,0
105900004,0,0,0
105900005,0,0,0
105900006,0,0,0
105900007,0,0,0
105900008,0,0,0
105900009,0,0,0
105900011,0,0,0
105900012,0,0,0
105900013,0,0,0
105900014,0,0,0
105900015,0,0,0
105900016,0,0,0
105900017,0,0,0
105900018,0,0,0
105900019,0,0,0
105900020,0,0,0
105900021,0,0,0
105900022,0,0,0
105900023,0,0,0
105900024,0,0,0
105900025,0,0,0
105900026,0,0,0
105900027,0,0,0
105900028,0,0,0
105900029,0,0,0
105900030,0,0,0
105900031,0,0,0
105900032,0,0,0
105900033,0,0,0
105900034,0,0,0
105900035,0,0,0
105900036,0,0,0
105900037,0,0,0
105900038,0,0,0
105900039,0,0,0
105900040,0,0,0
105900041,0,0,0
105900042,0,0,0
105900043,0,0,0
105900044,0,0,0
105900045,0,0,0
105900046,0,0,0
105900047,0,0,0
105900048,22,6,16
105900050,0,0,0
105900051,0,0,0
105900052,0,0,0
105900053,0,0,0
105900054,0,0,0
105900056,0,0,0
105900057,0,0,0
105900058,0,0,0
105900059,0,0,0
106000001,571,356,215
106000002,4,127,-123
106000003,1040,780,260
106000004,59,267,-208
106000005,2069,1226,843
106000006,55,273,-218
106000007,646,60,586
106000008,24,60,-36
106000009,530,168,362
106000010,16,75,-59
106000011,625,430,195
106000012,28,19,9
106000013,1056,355,701
106000014,45,64,-19
106000015,1305,490,815
106000016,88,66,22
106000017,597,128,469
106000018,73,105,-32
106000019,243,127,116
106000020,4,22,-18
106000021,226,76,150
106000022,34,21,13
106000023,452,51,401
106000024,17,41,-24
106000025,210,121,89
106000026,22,52,-30
106000027,1036,599,437
106000028,6,16,-10
106000029,23,23,0
106000030,0,0,0
106000034,0,0,0
106000035,231,283,-52
106000036,0,0,0
106000037,0,0,0
106000038,0,0,0
106000039,0,0,0
106000040,0,0,0
106000041,253,54,199
106000043,85,11,74
106000046,0,0,0
106000047,0,0,0
106000049,222,4,218
106000050,0,0,0
106000051,93,101,-8
106000052,0,0,0
106000053,268,27,241
106000054,0,0,0
106000055,144,7,137
106000056,0,0,0
106000057,171,48,123
106000058,0,0,0
106000059,237,95,142
106000060,0,0,0
106000061,9,150,-141
106000062,0,0,0
106000063,479,116,363
106000064,0,0,0
106000065,156,4,152
106000066,6,22,-16
106000067,159,6,153
106000068,0,1,-1
106000069,49,0,49
106000070,10,3,7
106000071,236,3,233
106000072,237,137,100
106000073,359,88,271
106000074,140,142,-2
106000075,98,160,-62
106000076,663,141,522
106000077,548,54,494
106000078,205,67,138
106000079,436,37,399
106000080,359,44,315
106000081,663,44,619
106000082,470,16,454
106000083,365,121,244
106000084,422,17,405
106000085,559,167,392
106000086,505,85,420
106000087,223,17,206
106000088,240,47,193
106000089,386,17,369
106000090,412,102,310
106000091,1,0,1
106000092,165,55,110
106000093,216,4,212
106000094,0,0,0
106000095,259,16,243
106000096,283,23,260
106000097,262,21,241
106000098,333,10,323
106000099,21,8,13
106000100,500,2,498
106000101,288,1,287
106000102,2,14,-12
106000103,3,43,-40
106000104,113,11,102
106000105,5,49,-44
106000106,138,8,130
106000107,19,59,-40
106000108,47,3,44
106000109,1,59,-58
106000110,91,13,78
106000111,1,32,-31
106000112,65,17,48
106000113,6,59,-53
106000114,24,14,10
106000115,13,50,-37
106000116,52,64,-12
106000117,0,0,0
106000118,219,59,160
106000119,0,0,0
106000120,357,160,197
106000121,13,14,-1
106000122,0,0,0
106000123,50,23,27
106000124,0,0,0
106000125,0,0,0
106000126,52,14,38
106000127,0,0,0
106000128,119,20,99
106000129,0,0,0
106000130,228,30,198
106000131,0,0,0
106000132,253,7,246
106000133,0,0,0
106000134,241,81,160
106000135,0,0,0
106000136,424,71,353
106000137,0,0,0
106000138,277,3,274
106000139,82,31,51
106000140,0,0,0
106000141,0,0,0
106000142,65,14,51
106000143,0,0,0
106000144,118,33,85
106000145,0,0,0
106000146,366,130,236
106000147,26,7,19
106000148,48,67,-19
106000149,289,37,252
106000150,100,62,38
106000151,211,81,130
106000152,125,114,11
106000153,3,5,-2
106000154,56,5,51
106000155,5,33,-28
106000156,313,15,298
106000157,126,57,69
106000158,557,121,436
106000159,145,65,80
106000160,203,160,43
106000161,63,5,58
106000162,176,40,136
106000163,47,5,42
106000164,188,13,175
106000165,49,16,33
106000166,281,8,273
106000167,62,29,33
106000168,197,15,182
106000169,20,27,-7
106000170,156,27,129
106000171,17,128,-111
106000172,321,49,272
106000173,136,143,-7
106000174,243,1,242
106000175,64,3,61
106000176,316,47,269
106000177,0,0,0
106000178,269,21,248
106000179,0,0,0
106000180,115,34,81
106000181,50,38,12
106000182,516,12,504
106000183,512,80,432
106000184,287,36,251
106000185,42,39,3
106000186,68,2,66
106000187,5,20,-15
106000188,0,0,0
106000189,0,3,-3
106000190,0,0,0
106000191,102,6,96
106000192,0,0,0
106000193,63,42,21
106000194,1,9,-8
106000195,52,1,51
106000196,19,29,-10
106000197,137,1,136
106000198,0,24,-24
106000199,112,6,106
106000200,2,67,-65
106000201,43,16,27
106000202,32,19,13
106000203,0,0,0
106000204,33,3,30
106000205,0,0,0
106000206,15,0,15
106000207,0,11,-11
106000208,375,19,356
106000209,586,53,533
106000210,0,8,-8
106000211,10,40,-30
106000212,729,67,662
106000213,0,0,0
106000214,251,45,206
106000215,19,42,-23
106000216,161,6,155
106000217,2,50,-48
106000218,58,17,41
106000219,2,72,-70
106000220,123,22,101
106000221,0,0,0
106000222,47,24,23
106000223,142,25,117
106000224,0,0,0
106000225,10,143,-133
106000226,0,0,0
106000228,0,0,0
106000229,0,0,0
106000231,225,1,224
106000232,0,0,0
106000233,56,5,51
106000234,0,0,0
106000235,66,19,47
106000236,0,0,0
106000237,0,0,0
106000238,0,0,0
106000239,0,0,0
106000240,0,0,0
106000241,1,41,-40
106000242,43,18,25
106000249,107,27,80
106000250,13,31,-18
106000251,0,0,0
106000252,0,0,0
106000253,0,0,0
106000254,0,0,0
106000255,0,0,0
106000256,0,0,0
106000257,34,10,24
106000258,0,0,0
106000259,0,0,0
106000260,0,0,0
106000261,0,0,0
106000262,0,0,0
106000263,0,0,0
106000264,0,0,0
106000265,0,0,0
106000266,0,0,0
106000267,0,0,0
106000268,0,0,0
106000269,0,0,0
106000270,46,0,46
106000271,0,0,0
106000272,0,0,0
106000273,0,0,0
106000274,0,0,0
106000275,0,0,0
106000276,0,0,0
106000277,0,0,0
106000278,0,0,0
106000279,0,0,0
106000280,0,0,0
106000281,0,0,0
106000282,0,0,0
106000283,0,0,0
106000284,0,0,0
106000285,0,0,0
106000286,0,0,0
106000287,0,0,0
106000288,0,0,0
106000289,0,0,0
106000290,0,0,0
106000291,0,0,0
106000292,0,0,0
106000293,0,0,0
106000294,0,0,0
106000295,0,0,0
106000296,0,0,0
106000297,0,0,0
106000298,0,0,0
106000299,0,0,0
106000300,0,0,0
106000301,0,0,0
106000303,0,0,0
106000304,0,0,0
106000305,0,0,0
106000306,0,0,0
106000307,0,0,0
106000308,0,0,0
106000309,0,0,0
106000310,16,1,15
106000311,111,15,96
106000312,14,16,-2
106000313,34,4,30
106000318,0,0,0
106000319,344,15,329
106000320,0,0,0
106000321,0,0,0
106000322,0,0,0
106000324,0,0,0
106000325,1214,272,942
106000326,66,55,11
106000327,129,5,124
106000328,0,0,0
106000329,0,0,0
106000330,0,15,-15
106000428,21,137,-116
106000429,0,0,0
106000430,0,0,0
106000431,233,261,-28
106000432,1,136,-135
106000433,879,556,323
106000434,1212,386,826
106000435,1,97,-96
106000436,0,0,0
106000437,52,20,32
106000438,4,10,-6
106000439,0,0,0
106000440,12,16,-4
106000441,0,0,0
106000442,28,1,27
106000443,3,7,-4
106000450,0,0,0
106000451,11,30,-19
106000454,0,0,0
106000455,0,27,-27
106000456,42,1,41
106000457,0,0,0
106000458,183,3,180
106000459,0,0,0
106000460,248,0,248
106000461,0,0,0
106000462,0,0,0
106000463,0,0,0
106000464,0,0,0
106000465,108,2,106
106000466,0,0,0
106000467,0,21,-21
106000468,75,9,66
106000469,4,0,4
106000470,0,0,0
106000471,0,0,0
106000472,25,1,24
106000473,0,0,0
106000474,12,44,-32
106000475,112,80,32
106000476,6,3,3
106000477,0,0,0
106000480,0,0,0
106900001,0,0,0
106900002,0,0,0
106900003,0,0,0
106900004,0,0,0
106900006,0,0,0
106900007,0,0,0
106900008,0,0,0
106900009,0,0,0
106900010,0,0,0
106900012,0,0,0
106900013,0,0,0
106900014,0,0,0
106900015,0,0,0
106900016,0,0,0
106900017,0,0,0
106900018,0,0,0
106900019,0,0,0
106900020,0,0,0
106900021,0,0,0
106900022,0,0,0
106900023,0,0,0
106900024,0,0,0
106900025,0,0,0
106900026,0,0,0
106900027,135,1,134
107000001,1498,2098,-600
107000002,180,303,-123
107000003,4208,4009,199
107000004,304,251,53
107000005,4575,2924,1651
107000006,275,151,124
107000007,1510,2244,-734
107000008,265,210,55
107000009,3953,2904,1049
107000010,379,287,92
107000011,0,0,0
107000012,0,0,0
107000013,0,0,0
107000014,0,0,0
107000015,0,0,0
107000016,0,0,0
107000017,8,4,4
107000018,0,0,0
107000020,71,356,-285
107000021,42,8,34
107000022,60,345,-285
107000023,209,2,207
107000024,76,125,-49
107000025,28,45,-17
107000026,13,46,-33
107000027,188,26,162
107000028,16,103,-87
107000029,738,73,665
107000030,58,114,-56
107000031,892,247,645
107000032,53,94,-41
107000033,242,42,200
107000034,0,0,0
107000035,5,29,-24
107000036,0,0,0
107000037,39,114,-75
107000038,2,34,-32
107000039,80,368,-288
107000040,15,6,9
107000041,454,72,382
107000042,61,85,-24
107000043,268,95,173
107000044,29,13,16
107000045,12,23,-11
107000046,335,33,302
107000047,20,51,-31
107000048,271,19,252
107000049,6,85,-79
107000050,398,53,345
107000051,41,158,-117
107000052,277,89,188
107000053,244,65,179
107000054,11,164,-153
107000055,169,29,140
107000056,12,25,-13
107000057,76,162,-86
107000058,919,1092,-173
107000059,0,0,0
107000060,2157,1863,294
107000061,17,28,-11
107000062,1787,1143,644
107000063,0,27,-27
107000064,1469,967,502
107000065,10,20,-10
107000066,777,687,90
107000067,137,126,11
107000068,41,168,-127
107000069,145,261,-116
107000070,218,2,216
107000071,632,2,630
107000072,0,0,0
107000073,209,8,201
107000074,0,0,0
107000075,1278,26,1252
107000076,0,0,0
107000077,1057,25,1032
107000078,0,0,0
107000079,920,115,805
107000080,0,0,0
107000081,976,183,793
107000082,0,0,0
107000083,333,459,-126
107000084,0,0,0
107000085,764,610,154
107000086,75,270,-195
107000087,409,202,207
107000088,57,86,-29
107000089,394,216,178
107000090,68,60,8
107000091,395,146,249
107000092,69,72,-3
107000093,191,353,-162
107000094,69,51,18
107000095,965,484,481
107000096,0,0,0
107000097,323,159,164
107000098,0,0,0
107000099,181,108,73
107000100,0,0,0
107000101,78,103,-25
107000102,0,0,0
107000103,161,62,99
107000104,0,0,0
107000105,238,57,181
107000106,0,0,0
107000107,320,117,203
107000108,0,0,0
107000109,156,3,153
107000110,0,0,0
107000111,61,2,59
107000112,0,0,0
107000113,351,9,342
107000114,0,0,0
107000115,394,11,383
107000116,0,0,0
107000117,175,49,126
107000118,0,0,0
107000119,708,147,561
107000120,0,0,0
107000121,463,28,435
107000122,6,84,-78
107000123,458,31,427
107000124,22,35,-13
107000125,465,13,452
107000126,64,24,40
107000129,0,0,0
107000130,184,89,95
107000131,0,0,0
107000132,259,84,175
107000133,0,0,0
107000134,50,0,50
107000135,0,0,0
107000136,91,0,91
107000137,0,0,0
107000138,1,0,1
107000139,0,8,-8
107000140,131,2,129
107000141,0,1,-1
107000142,59,0,59
107000143,0,3,-3
107000144,23,1,22
107000145,0,7,-7
107000146,0,0,0
107000147,0,9,-9
107000150,0,0,0
107000151,0,0,0
107000152,26,101,-75
107000153,0,0,0
107000154,0,0,0
107000155,56,0,56
107000156,167,5,162
107000157,0,0,0
107000158,2,0,2
107000159,0,0,0
107000160,83,13,70
107000161,0,0,0
107000162,27,25,2
107000163,35,1,34
107000164,0,0,0
107000165,0,0,0
107000166,0,0,0
107000167,0,0,0
107000168,528,63,465
107000169,1,2,-1
107000170,589,60,529
107000171,6,12,-6
107000172,271,45,226
107000173,3,1,2
107000174,190,207,-17
107000175,9,3,6
107000176,13,0,13
107000177,0,0,0
107000178,0,1,-1
107000179,0,0,0
107000180,565,14,551
107000181,0,0,0
107000182,535,23,512
107000183,0,0,0
107000184,354,8,346
107000185,0,0,0
107000186,400,36,364
107000187,59,48,11
107000188,0,0,0
107000189,58,43,15
107000190,0,0,0
107000191,61,56,5
107000192,0,0,0
107000193,61,48,13
107000194,0,0,0
107000197,207,25,182
107000198,0,0,0
107000199,170,44,126
107000200,18,17,1
107000201,73,92,-19
107000202,80,61,19
107000203,54,180,-126
107000204,66,548,-482
107000205,56,23,33
107000206,29,384,-355
107000207,4,35,-31
107000208,1,44,-43
107000209,0,0,0
107000210,0,0,0
107000211,0,0,0
107000212,0,0,0
107000213,0,0,0
107000214,0,0,0
107000215,0,0,0
107000216,0,0,0
107000217,0,0,0
107000219,0,0,0
107000220,0,0,0
107000222,16,24,-8
107000224,9,1,8
107000225,0,0,0
107000226,127,6,121
107000227,0,0,0
107000228,0,0,0
107000229,0,0,0
107000230,39,3,36
107000231,41,143,-102
107000232,0,0,0
107000233,0,0,0
107000234,0,0,0
107000235,126,0,126
107000236,0,0,0
107000237,0,0,0
107000238,20,0,20
107000239,0,0,0
107000240,0,0,0
107000243,0,0,0
107000244,8,0,8
107000246,0,0,0
107000249,0,0,0
107000251,0,0,0
107000252,0,0,0
107000255,0,0,0
107000257,0,0,0
107000258,0,0,0
107000259,0,0,0
107000260,0,0,0
107000262,0,0,0
107000263,0,0,0
107000266,0,0,0
107000267,0,0,0
107000268,0,0,0
107000269,2,0,2
107000270,0,0,0
107000271,0,0,0
107000272,0,0,0
107000273,0,0,0
107000274,3,0,3
107000275,0,0,0
107000280,74,0,74
107000281,0,0,0
107000282,0,0,0
107000290,0,0,0
107000291,0,0,0
107000292,0,0,0
107000293,0,0,0
107000294,0,0,0
107000295,0,0,0
107000296,0,1,-1
107000444,35,0,35
107000496,0,1,-1
107000497,0,0,0
107000500,0,0,0
107000501,0,0,0
107000502,0,0,0
107000505,4,32,-28
107000506,0,0,0
107000508,0,0,0
107000509,54,55,-1
107000510,0,0,0
107000514,0,0,0
107000515,0,0,0
107000516,162,51,111
107000518,345,24,321
107000519,0,0,0
107000520,0,0,0
107000521,0,0,0
107000522,479,202,277
107900001,0,0,0
107900002,0,0,0
107900003,0,0,0
107900004,0,0,0
107900005,0,0,0
107900006,0,0,0
107900007,0,0,0
107900008,0,0,0
107900009,0,0,0
107900010,0,0,0
107900012,0,0,0
107900013,0,0,0
107900014,0,0,0
107900015,0,0,0
107900016,0,0,0
107900017,0,0,0
107900018,0,0,0
107900019,0,0,0
107900020,0,0,0
107900021,0,0,0
107900023,0,0,0
107900024,0,0,0
107900025,0,0,0
107900026,0,0,0
107900027,0,0,0
107900028,0,0,0
107900030,0,0,0
107900031,0,0,0
107900032,0,0,0
107900033,0,0,0
107900034,0,0,0
107900035,0,0,0
107900036,0,0,0
107900037,0,0,0
107900038,0,0,0
107900039,0,0,0
107900040,0,0,0
107900041,0,0,0
107900043,0,0,0
107900044,0,0,0
107900045,0,0,0
107900046,0,0,0
107900047,0,0,0
107900048,0,0,0
107900049,0,0,0
107900050,0,0,0
107900051,0,0,0
107900052,0,0,0
107900053,0,0,0
107900055,0,0,0
107900056,0,0,0
107900057,0,0,0
107900058,0,0,0
107900060,0,0,0
107900061,0,0,0
107900063,0,0,0
107900064,0,0,0
107900065,0,0,0
107900066,0,0,0
107900067,0,0,0
107900068,0,0,0
107900069,0,0,0
107900070,0,0,0
107900071,0,0,0
107900072,0,0,0
107900073,0,0,0
107900074,0,0,0
107900076,0,0,0
107900077,0,0,0
107900079,0,0,0
107900080,0,0,0
107900081,0,0,0
107900082,0,0,0
107900083,0,0,0
107900084,0,0,0
107900086,0,0,0
107900087,0,0,0
107900088,0,0,0
107900089,0,0,0
107900090,0,0,0
107900091,0,0,0
107900093,0,0,0
107900095,0,0,0
107900097,0,0,0
107900098,0,0,0
107900100,0,0,0
107900101,0,0,0
107900102,0,0,0
107900103,0,0,0
107900104,0,0,0
107900105,0,0,0
107900106,0,0,0
107900107,0,0,0
107900108,0,0,0
107900109,0,0,0
107900110,0,0,0
107900111,0,0,0
107900112,0,0,0
107900113,0,0,0
107900114,0,0,0
107900115,0,0,0
107900116,0,0,0
107900117,0,0,0
107900118,0,0,0
107900119,0,0,0
107900120,0,0,0
107900121,0,0,0
107900122,0,0,0
107900123,0,0,0
107900124,0,0,0
107900125,0,0,0
107900126,0,0,0
107900127,0,0,0
107900128,0,0,0
107900129,0,0,0
107900130,0,0,0
107900131,0,0,0
107900132,0,0,0
107900133,0,0,0
107900134,0,0,0
107900135,0,0,0
107900136,0,0,0
107900137,0,0,0
107900138,0,0,0
107900139,0,0,0
107900141,0,0,0
107900142,0,0,0
107900143,0,0,0
107900144,0,0,0
107900145,0,0,0
107900146,0,0,0
107900147,0,0,0
107900148,0,0,0
107900149,0,0,0
107900150,0,0,0
107900151,0,0,0
107900152,0,0,0
107900153,0,0,0
107900154,0,0,0
107900155,0,0,0
107900156,0,0,0
107900157,0,0,0
107900158,0,0,0
107900159,0,0,0
107900160,0,0,0
107900161,0,0,0
107900162,0,0,0
107900163,0,0,0
107900164,0,0,0
107900165,0,0,0
107900166,0,0,0
107900167,0,0,0
107900168,0,0,0
107900169,0,0,0
107900171,0,0,0
107900172,0,0,0
107900173,0,0,0
107900174,0,0,0
107900175,0,0,0
107900176,0,0,0
107900177,0,0,0
107900178,0,0,0
107900179,0,0,0
107900180,0,0,0
107900181,0,0,0
107900182,0,0,0
107900183,0,0,0
107900184,0,0,0
107900185,0,0,0
107900186,0,0,0
107900187,0,0,0
107900188,0,0,0
107900189,0,0,0
107900190,0,0,0
107900191,0,0,0
107900193,0,0,0
107900194,0,0,0
107900195,0,0,0
107900196,0,0,0
107900197,0,0,0
107900199,0,0,0
107900201,0,0,0
107900203,0,0,0
107900204,0,0,0
107900206,0,0,0
107900207,0,0,0
107900208,0,0,0
107900209,0,0,0
107900210,0,0,0
107900213,0,0,0
107900214,0,0,0
107900215,0,0,0
107900216,0,0,0
107900217,0,0,0
107900218,0,0,0
107900219,0,0,0
107900220,0,0,0
107900221,0,0,0
107900223,0,0,0
107900224,0,0,0
107900225,0,0,0
107900226,0,0,0
107900227,0,0,0
107900228,0,0,0
107900229,0,0,0
107900230,0,0,0
107900231,0,0,0
107900232,0,0,0
107900233,0,0,0
107900234,0,0,0
107900235,0,0,0
107900236,0,0,0
107900237,0,0,0
107900238,0,0,0
107900239,0,0,0
107900240,0,0,0
107900241,0,0,0
107900242,0,0,0
107900243,0,0,0
107900244,0,0,0
107900245,0,0,0
107900246,0,0,0
107900248,0,0,0
107900249,0,0,0
107900250,0,0,0
107900251,0,0,0
107900252,0,0,0
107900253,0,0,0
107900254,0,0,0
107900255,0,0,0
107900256,0,0,0
107900257,0,0,0
107900258,0,0,0
107900259,0,0,0
107900261,0,0,0
107900262,0,0,0
107900264,0,0,0
107900265,0,0,0
107900267,0,0,0
107900268,0,0,0
107900269,0,0,0
107900270,0,0,0
107900271,0,0,0
107900272,0,0,0
107900273,0,0,0
107900274,0,0,0
107900275,0,0,0
107900276,0,0,0
107900277,0,0,0
107900278,0,0,0
107900279,0,0,0
107900280,0,0,0
107900281,0,0,0
107900282,0,0,0
107900283,0,0,0
107900284,0,0,0
107900285,0,0,0
107900286,0,0,0
107900287,0,0,0
107900290,0,0,0
107900291,0,0,0
107900292,0,0,0
107900293,0,0,0
107900295,0,0,0
107900297,0,0,0
107900298,0,0,0
107900299,0,0,0
107900301,0,42,-42
107900302,0,0,0
107900303,0,0,0
107900304,0,0,0
107900305,0,0,0
107900306,0,0,0
107900307,0,0,0
107900308,0,0,0
107900309,0,0,0
107900310,0,0,0
107900311,0,0,0
107900312,0,0,0
107900313,0,0,0
107900314,0,0,0
107900315,0,0,0
107900316,0,0,0
107900317,0,0,0
107900318,0,0,0
107900319,0,0,0
107900320,0,0,0
107900321,0,0,0
107900322,0,0,0
107900323,0,0,0
107900324,0,0,0
107900325,0,0,0
107900326,0,0,0
107900327,0,0,0
107900328,0,0,0
107900329,0,0,0
107900330,0,0,0
107900331,0,0,0
107900332,0,0,0
107900333,0,0,0
107900334,0,0,0
107900335,0,0,0
107900336,0,0,0
107900337,0,0,0
107900338,0,0,0
107900339,0,0,0
107900340,0,0,0
107900341,0,0,0
107900342,0,0,0
107900343,0,0,0
107900344,0,0,0
107900345,0,0,0
107900346,0,0,0
107900347,0,0,0
107900348,0,0,0
107900349,0,0,0
107900350,0,0,0
107900351,0,0,0
107900352,0,0,0
107900353,0,0,0
107900354,0,0,0
108000001,1977,1099,878
108000002,53,174,-121
108000003,1376,638,738
108000004,382,1112,-730
108000005,4458,1439,3019
108000006,151,471,-320
108000007,4033,810,3223
108000008,382,190,192
108000009,2526,1024,1502
108000010,151,296,-145
108000011,4482,1558,2924
108000012,494,512,-18
108000014,236,0,236
108000015,536,6,530
108000016,0,2,-2
108000017,765,84,681
108000018,1161,47,1114
108000019,158,21,137
108000020,482,70,412
108000021,0,0,0
108000022,28,63,-35
108000023,694,37,657
108000024,235,29,206
108000025,32,0,32
108000026,340,12,328
108000027,16,0,16
108000028,273,5,268
108000029,48,1,47
108000030,330,6,324
108000031,5,1,4
108000032,1098,93,1005
108000033,0,0,0
108000034,1123,61,1062
108000035,0,0,0
108000036,0,20,-20
108000037,543,36,507
108000038,926,56,870
108000039,6,23,-17
108000040,877,176,701
108000041,16,8,8
108000042,261,1,260
108000043,30,0,30
108000044,546,4,542
108000045,2,0,2
108000046,1062,180,882
108000047,0,0,0
108000048,0,0,0
108000049,322,56,266
108000050,0,2,-2
108000051,191,25,166
108000052,1,8,-7
108000053,296,6,290
108000054,24,10,14
108000055,343,72,271
108000056,33,22,11
108000057,255,392,-137
108000058,437,670,-233
108000059,0,97,-97
108000060,217,140,77
108000061,0,0,0
108000062,233,73,160
108000063,0,0,0
108000064,86,77,9
108000065,0,0,0
108000066,398,26,372
108000067,898,32,866
108000068,682,138,544
108000069,0,0,0
108000070,1365,79,1286
108000071,0,0,0
108000072,1614,134,1480
108000073,0,0,0
108000074,537,103,434
108000075,0,0,0
108000076,781,232,549
108000077,0,0,0
108000078,2108,668,1440
108000079,0,0,0
108000080,1074,234,840
108000081,0,0,0
108000082,0,0,0
108000083,117,48,69
108000084,0,0,0
108000085,95,72,23
108000086,0,0,0
108000087,57,235,-178
108000088,585,36,549
108000089,0,0,0
108000091,0,0,0
108000092,519,32,487
108000093,0,0,0
108000094,732,67,665
108000095,0,0,0
108000096,415,300,115
108000097,0,0,0
108000098,1121,113,1008
108000099,64,17,47
108000100,136,55,81
108000101,924,253,671
108000102,272,595,-323
108000106,235,0,235
108000107,0,0,0
108000108,96,1,95
108000109,0,0,0
108000110,14,1,13
108000111,0,0,0
108000112,0,36,-36
108000113,93,38,55
108000115,38,17,21
108000117,133,4,129
108000118,2,113,-111
108000119,83,0,83
108000120,542,146,396
108000121,91,20,71
108000122,553,40,513
108000123,465,70,395
108000124,0,0,0
108000125,358,37,321
108000126,0,0,0
108000127,505,63,442
108000128,0,0,0
108000129,0,0,0
108000130,364,23,341
108000131,268,89,179
108000132,0,0,0
108000133,792,68,724
108000134,0,0,0
108000135,1298,20,1278
108000136,0,0,0
108000137,41,9,32
108000138,9,30,-21
108000139,52,43,9
108000140,0,0,0
108000141,0,0,0
108000142,0,0,0
108000143,0,0,0
108000144,0,0,0
108000145,0,0,0
108000146,0,0,0
108000147,0,0,0
108000148,0,0,0
108000149,0,0,0
108000150,0,0,0
108000151,0,0,0
108000152,0,0,0
108000153,0,0,0
108000154,0,0,0
108000155,0,0,0
108000156,0,0,0
108000157,0,0,0
108000158,0,0,0
108000159,11,10,1
108000160,103,12,91
108000161,237,91,146
108000165,0,0,0
108000172,0,0,0
108000173,0,0,0
108000175,297,19,278
108000178,0,0,0
108000179,63,476,-413
108000181,0,0,0
108000182,0,0,0
108000183,0,0,0
108000184,0,155,-155
108000185,0,0,0
108000186,0,0,0
108000187,0,0,0
108000188,0,0,0
108000189,57,12,45
108000190,0,0,0
108000192,0,0,0
108000193,1,126,-125
108000194,17,0,17
108000195,0,0,0
108000196,24,0,24
108000198,0,0,0
108000199,0,0,0
108000200,0,0,0
108000203,0,0,0
108000204,0,0,0
108000205,0,0,0
108000339,106,9,97
108000364,13,38,-25
108000365,1,8,-7
108000367,0,0,0
108000368,0,0,0
108000369,0,0,0
108000371,0,0,0
108000372,167,0,167
108000373,62,20,42
108000376,0,0,0
108000377,52,43,9
108000378,5244,2594,2650
108000379,0,0,0
108000381,0,0,0
108000382,49,1,48
108000383,0,0,0
108900001,0,0,0
108900002,0,0,0
108900003,0,0,0
108900004,130,47,83
108900007,37,11,26
108900008,1,3,-2
108900009,10,0,10
108900010,0,0,0
108900011,114,19,95
108900012,11,0,11
108900013,94,15,79
108900014,0,0,0
108900015,0,0,0
108900016,0,0,0
108900017,0,0,0
108900018,0,0,0
108900019,0,0,0
108900020,0,0,0
108900021,0,0,0
108900022,0,0,0
108900023,0,0,0
108900024,0,0,0
108900025,0,0,0
108900026,0,0,0
108900027,0,0,0
108900028,0,0,0
108900029,0,0,0
108900030,0,0,0
108900031,0,0,0
108900032,0,0,0
108900033,0,0,0
108900034,0,0,0
108900035,0,0,0
108900038,0,0,0
108900039,0,0,0
108900040,0,0,0
108900041,205,100,105
108900042,0,0,0
108900043,0,0,0
108900044,0,0,0
108900045,0,0,0
108900046,0,0,0
108900047,0,0,0
108900048,0,0,0
108900049,0,0,0
108900050,0,0,0
108900051,0,0,0
108900052,0,0,0
108900053,0,0,0
108900054,0,0,0
108900055,0,0,0
108900056,0,0,0
108900057,0,0,0
108900058,0,0,0
108900059,0,0,0
108900060,2,2,0
108900061,0,0,0
108900062,0,0,0
108900063,0,0,0
108900064,0,0,0
108900065,0,0,0
108900066,29,0,29
108900067,0,0,0
108900068,0,0,0
108900069,0,0,0
108900070,0,0,0
108900071,2,0,2
108900072,0,0,0
108900073,0,0,0
108900074,0,0,0
108900075,0,0,0
108900076,9,0,9
108900077,0,0,0
108900078,0,0,0
108900079,0,0,0
108900080,0,0,0
108900081,0,0,0
108900082,0,0,0
108900083,0,0,0
108900085,0,0,0
108900086,0,0,0
108900087,0,0,0
108900088,5,3,2
108900089,0,0,0
108900090,0,0,0
108900091,0,0,0
108900092,63,4,59
108900093,0,0,0
108900094,0,0,0
108900095,0,0,0
108900096,0,0,0
108900097,35,0,35
108900098,0,0,0
108900099,30,0,30
108900100,0,0,0
108900101,0,0,0
108900102,0,0,0
108900103,0,0,0
108900105,0,0,0
108900106,18,0,18
108900108,0,0,0
108900109,0,0,0
108900110,12,4,8
108900111,27,0,27
108900113,0,0,0
108900114,0,0,0
108900115,0,0,0
108900116,0,0,0
108900117,0,0,0
108900118,0,0,0
108900119,0,0,0
108900120,0,0,0
108900121,0,0,0
108900122,0,0,0
108900123,0,0,0
108900124,0,0,0
108900125,0,0,0
108900126,0,0,0
108900127,0,0,0
108900128,0,0,0
108900129,0,0,0
108900130,0,0,0
108900131,0,0,0
108900132,0,0,0
108900133,0,0,0
108900134,0,0,0
108900135,0,0,0
108900136,0,0,0
108900137,0,0,0
108900138,0,0,0
108900140,0,0,0
108900141,0,0,0
108900142,0,0,0
108900143,0,0,0
108900144,0,0,0
108900145,0,0,0
108900146,0,0,0
108900147,0,0,0
108900148,0,0,0
108900150,0,0,0
108900151,0,0,0
108900152,0,0,0
108900153,0,0,0
108900154,10,1,9
108900156,0,0,0
108900157,0,0,0
108900158,0,0,0
108900159,0,0,0
108900160,0,0,0
108900161,0,0,0
108900162,0,0,0
108900163,0,0,0
108900164,0,0,0
108900168,0,0,0
108900169,0,0,0
108900171,32,61,-29
108900172,0,0,0
108900173,0,0,0
108900174,0,0,0
108900176,0,0,0
108900177,0,0,0
108900178,0,0,0
108900180,1,11,-10
108900183,0,0,0
108900184,58,2,56
108900185,0,0,0
108900186,0,0,0
108900189,36,0,36
108900190,0,0,0
108900192,0,0,0
108900195,1,0,1
108900196,0,0,0
108900199,2,0,2
108900200,1,4,-3
108900201,0,0,0
108900203,0,0,0
108900204,0,0,0
108900205,0,0,0
108900206,0,0,0
108900207,0,0,0
108900208,0,0,0
108900209,0,0,0
108900210,0,0,0
108900211,0,0,0
108900212,0,0,0
108900215,0,0,0
108900216,0,0,0
108900217,0,0,0
108900218,0,0,0
108900221,0,0,0
108900224,0,0,0
108900225,0,0,0
108900227,0,0,0
108900230,0,0,0
108900232,0,0,0
108900233,0,0,0
108900234,0,0,0
108900235,0,0,0
108900236,0,0,0
108900240,0,0,0
108900241,0,0,0
108900245,0,0,0
108900250,0,0,0
108900258,0,0,0
108900259,0,0,0
108900260,0,0,0
108900261,0,0,0
108900262,0,0,0
108900263,0,0,0
108900264,0,0,0
108900265,0,0,0
108900266,0,0,0
108900267,0,0,0
108900268,0,0,0
108900269,0,0,0
108900270,0,0,0
108900271,0,0,0
108900272,0,0,0
108900273,0,0,0
108900274,0,0,0
109000001,697,485,212
109000002,0,284,-284
109000003,1760,176,1584
109000004,2,176,-174
109000005,1402,86,1316
109000006,0,102,-102
109000007,1400,146,1254
109000008,0,88,-88
109000009,1836,244,1592
109000010,15,162,-147
109000011,2242,366,1876
109000012,24,154,-130
109000013,2895,900,1995
109000014,50,188,-138
109000015,3501,510,2991
109000016,94,186,-92
109000017,1942,455,1487
109000018,93,204,-111
109000019,1711,259,1452
109000020,3,148,-145
109000023,5,0,5
109000024,0,0,0
109000025,0,0,0
109000026,55,0,55
109000027,0,0,0
109000028,14,1,13
109000029,0,0,0
109000030,0,0,0
109000031,239,32,207
109000032,0,0,0
109000033,176,27,149
109000034,0,0,0
109000035,0,0,0
109000036,4,4,0
109000037,0,0,0
109000038,43,37,6
109000039,0,0,0
109000040,0,0,0
109000041,79,85,-6
109000042,15,51,-36
109000044,100,32,68
109000045,0,0,0
109000046,128,16,112
109000047,0,0,0
109000048,212,26,186
109000049,0,0,0
109000050,204,56,148
109000051,0,0,0
109000052,0,0,0
109000053,0,0,0
109000054,0,0,0
109000055,0,0,0
109000056,0,0,0
109000057,0,0,0
109000058,0,0,0
109000059,0,0,0
109000060,7,4,3
109000061,0,0,0
109000062,1,3,-2
109000063,0,0,0
109000064,0,3,-3
109000065,0,0,0
109000066,6,0,6
109000067,0,0,0
109000068,114,0,114
109000069,285,21,264
109000070,0,0,0
109000071,0,0,0
109000072,0,0,0
109000073,0,0,0
109000074,0,0,0
109000075,0,0,0
109000076,6,39,-33
109000077,14,2,12
109000078,0,14,-14
109000079,7,0,7
109000080,16,0,16
109000081,8,4,4
109000082,78,6,72
109000083,38,2,36
109000088,0,42,-42
109000089,0,0,0
109000090,0,18,-18
109000091,0,0,0
109000092,7,23,-16
109000093,0,0,0
109000094,2,0,2
109000095,0,2,-2
109000096,52,20,32
109000097,0,0,0
109000098,20,9,11
109000099,168,11,157
109000100,10,25,-15
109000101,291,35,256
109000102,6,31,-25
109000103,22,10,12
109000104,477,18,459
109000105,9,42,-33
109000106,285,8,277
109000107,6,23,-17
109000108,403,26,377
109000109,7,28,-21
109000110,99,109,-10
109000111,7,136,-129
109000112,0,0,0
109000113,9,0,9
109000114,155,57,98
109000115,251,13,238
109000116,0,0,0
109000117,95,0,95
109000118,0,1,-1
109000119,277,1,276
109000120,0,0,0
109000121,247,15,232
109000122,1,2,-1
109000123,0,0,0
109000124,27,1,26
109000125,573,9,564
109000126,1,14,-13
109000127,615,14,601
109000128,20,12,8
109000129,567,23,544
109000130,1,6,-5
109000131,121,303,-182
109000132,17,57,-40
109000133,0,0,0
109000134,0,0,0
109000135,0,0,0
109000136,44,17,27
109000137,60,9,51
109000138,34,7,27
109000139,81,15,66
109000140,2,4,-2
109000141,127,14,113
109000142,0,1,-1
109000143,0,0,0
109000145,0,0,0
109000146,41,27,14
109000148,0,0,0
109000149,0,0,0
109000150,5,74,-69
109000155,0,0,0
109000156,266,6,260
109000158,0,0,0
109000159,45,11,34
109000160,0,0,0
109000161,481,37,444
109000162,52,5,47
109000163,426,19,407
109000164,31,23,8
109000165,432,127,305
109000166,55,7,48
109000167,21,1,20
109000170,0,0,0
109000171,0,0,0
109000172,0,0,0
109000173,0,0,0
109000174,0,0,0
109000175,0,0,0
109000176,14,1,13
109000177,0,0,0
109000178,24,4,20
109000179,2,0,2
109000180,0,0,0
109000181,0,0,0
109000182,0,0,0
109000183,0,1,-1
109000184,0,0,0
109000185,1,2,-1
109000188,26,13,13
109000189,30,2,28
109000190,0,0,0
109000191,454,17,437
109000192,0,0,0
109000193,0,0,0
109000194,0,0,0
109000195,0,0,0
109000196,0,0,0
109000197,0,0,0
109000198,0,0,0
109000199,0,0,0
109000206,0,0,0
109000207,0,0,0
109000208,0,0,0
109000209,0,0,0
109000210,0,1,-1
109000211,0,1,-1
109000214,40,34,6
109000215,240,11,229
109000216,14,184,-170
109000217,0,0,0
109000218,0,0,0
109000221,0,22,-22
109000222,8,10,-2
109000223,0,46,-46
109000224,0,0,0
109000225,0,1,-1
109000226,37,12,25
109000227,59,7,52
109000228,0,0,0
109000231,0,7,-7
109000232,79,6,73
109000236,0,0,0
109000241,56,13,43
109000242,315,42,273
109000293,0,0,0
109000361,18,22,-4
109000364,0,0,0
109000396,0,4,-4
109000397,0,0,0
109000399,4,6,-2
109000400,0,0,0
109000403,0,0,0
109000406,116,1,115
109000407,0,0,0
109000408,0,74,-74
109000410,0,0,0
109000411,37,0,37
109900001,0,0,0
109900002,0,0,0
109900003,0,0,0
109900004,0,0,0
109900005,0,0,0
109900006,0,0,0
109900007,0,0,0
109900008,0,0,0
109900009,0,0,0
109900010,0,0,0
109900011,0,0,0
109900012,0,0,0
109900013,0,0,0
109900014,0,0,0
109900015,0,0,0
109900016,0,0,0
109900017,0,0,0
109900018,0,0,0
109900019,0,0,0
109900020,0,0,0
109900021,0,0,0
109900022,20,0,20
109900023,0,0,0
109900024,0,0,0
109900025,0,0,0
109900026,0,0,0
109900027,0,0,0
109900028,0,0,0
109900029,0,0,0
109900030,0,0,0
109900031,0,0,0
109900032,0,0,0
109900033,0,0,0
109900034,0,0,0
109900035,0,0,0
109900036,0,0,0
109900037,0,0,0
109900038,0,0,0
109900039,0,0,0
109900040,0,0,0
109900041,0,0,0
109900042,0,0,0
109900044,0,0,0
109900045,0,0,0
109900046,85,5,80
109900047,0,0,0
109900048,0,0,0
109900049,0,0,0
109900050,0,0,0
109900051,0,0,0
109900052,0,0,0
109900053,0,0,0
109900054,0,0,0
109900055,0,0,0
109900056,0,0,0
109900057,0,0,0
109900058,0,0,0
109900059,0,0,0
109900060,0,0,0
109900061,0,0,0
109900062,0,0,0
109900063,0,0,0
109900064,14,0,14
109900065,0,0,0
109900066,0,0,0
109900067,0,0,0
109900068,0,0,0
109900069,0,0,0
109900070,0,0,0
109900071,0,0,0
109900072,0,0,0
109900073,0,0,0
109900074,0,0,0
109900075,0,0,0
109900076,0,0,0
109900077,0,0,0
109900078,0,0,0
109900080,0,0,0
109900081,0,0,0
109900082,0,0,0
109900083,0,0,0
109900084,0,0,0
109900085,0,0,0
109900086,0,0,0
109900087,0,0,0
109900089,0,0,0
109900090,0,0,0
109900091,0,0,0
109900092,0,0,0
109900093,0,0,0
109900094,0,0,0
109900095,0,0,0
109900096,0,0,0
109900097,0,0,0
109900098,0,0,0
109900099,0,0,0
109900100,0,0,0
109900101,0,0,0
109900102,0,0,0
109900103,0,0,0
109900104,0,0,0
109900105,0,0,0
109900106,0,0,0
109900107,0,0,0
109900108,0,0,0
109900109,0,0,0
109900110,0,0,0
109900111,0,0,0
109900112,0,0,0
109900113,0,0,0
109900114,0,0,0
109900115,0,0,0
109900117,0,0,0
109900118,0,0,0
109900119,0,0,0
109900120,0,0,0
109900121,0,0,0
109900122,0,0,0
109900123,0,0,0
109900124,0,0,0
109900125,0,0,0
109900126,0,0,0
109900128,0,0,0
109900130,0,0,0
109900131,0,0,0
109900132,0,0,0
109900133,0,0,0
109900134,0,0,0
109900135,0,0,0
109900136,0,0,0
109900137,0,0,0
109900140,0,0,0
109900142,0,0,0
109900145,0,0,0
109900146,0,0,0
109900148,0,0,0
109900149,0,0,0
109900150,0,0,0
109900151,0,0,0
109900152,0,0,0
109900153,0,0,0
109900154,0,0,0
109900155,0,0,0
109900157,0,0,0
109900158,0,0,0
109900159,0,0,0
109900160,0,0,0
109900161,0,0,0
109900162,0,0,0
109900163,0,0,0
109900164,0,0,0
109900165,0,0,0
109900166,0,0,0
109900167,0,0,0
109900168,0,0,0
109900169,0,0,0
109900170,0,0,0
109900171,0,0,0
109900172,0,0,0
109900173,0,0,0
109900174,0,0,0
109900175,0,0,0
109900176,0,0,0
109900177,0,0,0
109900178,0,0,0
109900179,0,0,0
109900180,0,0,0
110000001,51,48,3
110000002,640,313,327
110000003,71,246,-175
110000004,548,214,334
110000005,42,66,-24
110000006,3,58,-55
110000007,11,0,11
110000008,0,0,0
110000009,1,0,1
110000010,0,0,0
110000011,8,0,8
110000012,0,0,0
110000013,0,10,-10
110000014,7,9,-2
110000015,9,10,-1
110000016,66,34,32
110000017,69,102,-33
110000018,11,19,-8
110000019,0,0,0
110000020,0,0,0
110000021,20,7,13
110000022,0,0,0
110000023,0,0,0
110000024,0,0,0
110000025,0,0,0
110000026,0,0,0
110000027,16,48,-32
110000028,134,9,125
110000029,0,0,0
110000030,57,19,38
110000031,0,0,0
110000032,126,8,118
110000033,1,2,-1
110000034,6,0,6
110000035,16,37,-21
110000036,46,0,46
110000037,3,29,-26
110000038,16,6,10
110000039,194,53,141
110000040,0,0,0
110000041,187,120,67
110000042,0,0,0
110000043,122,59,63
110000044,0,0,0
110000045,2,5,-3
110000046,0,0,0
110000047,0,1,-1
110000048,0,0,0
110000049,0,0,0
110000050,0,0,0
110000051,0,0,0
110000052,0,18,-18
110000053,0,0,0
110000054,0,0,0
110000055,37,4,33
110000056,112,20,92
110000057,0,0,0
110000058,100,89,11
110000059,26,58,-32
110000060,783,189,594
110000061,56,82,-26
110000062,658,188,470
110000063,0,0,0
110000064,29,4,25
110000065,0,0,0
110000066,0,0,0
110000067,11,1,10
110000068,0,5,-5
110000069,0,0,0
110000071,0,0,0
110000073,0,0,0
110000075,0,0,0
110000076,0,0,0
110000077,0,0,0
110000078,0,0,0
110000080,41,2,39
110000081,0,0,0
110000082,0,0,0
110000083,47,105,-58
110000084,350,129,221
110000085,152,231,-79
110000086,301,151,150
110000087,0,30,-30
110000088,0,84,-84
110000089,233,1,232
110000090,0,0,0
110000091,0,0,0
110000092,0,0,0
110000093,42,3,39
110000094,0,0,0
110000095,385,38,347
110000096,105,26,79
110000097,501,74,427
110000098,354,39,315
110000099,26,50,-24
110000100,63,0,63
110000101,0,0,0
110000102,0,0,0
110000104,0,0,0
110000105,18,7,11
110000106,0,0,0
110000107,4,47,-43
110000108,381,9,372
110000109,0,0,0
110000110,523,142,381
110000111,0,0,0
110000112,0,0,0
110000113,0,0,0
110000114,0,1,-1
110000115,17,16,1
110000116,0,8,-8
110000117,0,0,0
110000118,79,9,70
110000119,0,0,0
110000120,35,4,31
110000121,0,0,0
110000122,23,1,22
110000123,86,67,19
110000124,0,0,0
110000125,301,20,281
110000126,96,6,90
110000127,282,17,265
110000128,0,0,0
110000129,0,0,0
110000130,62,9,53
110000131,0,0,0
110000132,0,0,0
110000133,0,0,0
110000134,0,0,0
110000135,1,0,1
110000136,0,0,0
110000137,158,0,158
110000138,0,0,0
110000139,165,2,163
110000140,677,4,673
110000143,67,6,61
110000144,912,226,686
110000145,347,75,272
110000146,628,87,541
110000147,0,0,0
110000148,65,5,60
110000151,11,71,-60
110000152,0,31,-31
110000153,0,0,0
110000154,0,0,0
110000155,19,270,-251
110000156,23,85,-62
110000157,16,251,-235
110000160,0,0,0
110000161,0,0,0
110000166,0,0,0
110000167,378,37,341
110000168,414,35,379
110000169,202,105,97
110000170,4,4,0
110000171,153,3,150
110000172,19,39,-20
110000173,94,18,76
110000174,0,0,0
110000175,38,2,36
110000176,31,30,1
110000177,8,59,-51
110000178,163,23,140
110000179,53,64,-11
110000180,117,36,81
110000181,106,10,96
110000182,79,2,77
110000183,188,144,44
110000184,68,112,-44
110000185,0,0,0
110000186,0,0,0
110000191,119,0,119
110000192,0,0,0
110000193,0,0,0
110000194,0,0,0
110000195,0,0,0
110000196,0,0,0
110000197,0,0,0
110000198,0,0,0
110000199,0,0,0
110000200,3,0,3
110000201,0,0,0
110000202,0,0,0
110000203,0,0,0
110000204,0,0,0
110000205,0,0,0
110000206,0,0,0
110000207,0,0,0
110000208,0,0,0
110000209,0,0,0
110000210,796,121,675
110000211,483,113,370
110000212,111,58,53
110000213,23,0,23
110000214,1,0,1
110000215,0,0,0
110000216,0,0,0
110000217,159,0,159
110000218,0,0,0
110000219,56,0,56
110000220,0,0,0
110000221,33,0,33
110000222,0,0,0
110000223,0,0,0
110000224,0,0,0
110000225,0,0,0
110000226,284,22,262
110000227,0,0,0
110000228,45,1,44
110000229,0,0,0
110000230,244,39,205
110000231,51,87,-36
110000232,0,0,0
110000233,71,21,50
110000234,123,12,111
110000235,153,56,97
110000236,0,0,0
110000237,0,0,0
110000238,358,79,279
110000239,0,0,0
110000240,0,0,0
110000242,0,0,0
110000243,0,0,0
110000244,0,0,0
110000245,0,0,0
110000246,8,9,-1
110000247,102,72,30
110000248,77,17,60
110000249,0,0,0
110000250,0,3,-3
110000251,10,2,8
110000252,58,1,57
110000253,63,13,50
110000254,0,0,0
110000255,0,0,0
110000256,47,46,1
110000257,25,0,25
110000258,0,13,-13
110000259,0,0,0
110000260,0,6,-6
110000263,0,0,0
110000264,6,6,0
110000265,897,122,775
110000266,344,286,58
110000267,0,0,0
110000268,0,0,0
110000269,0,0,0
110000270,0,0,0
110000271,165,5,160
110000272,206,172,34
110000273,99,179,-80
110000274,17,199,-182
110000275,105,25,80
110000276,35,52,-17
110000277,382,32,350
110000278,0,106,-106
110000279,471,61,410
110000280,252,43,209
110000281,0,0,0
110000282,49,0,49
110000283,0,0,0
110000284,0,0,0
110000285,0,0,0
110000286,8,20,-12
110000287,23,0,23
110000288,0,0,0
110000289,0,0,0
110000290,0,0,0
110000291,152,14,138
110000292,0,0,0
110000293,107,8,99
110000294,0,0,0
110000295,41,5,36
110000296,0,0,0
110000297,0,0,0
110000298,0,0,0
110000299,0,0,0
110000301,0,0,0
110000302,0,0,0
110000303,0,0,0
110000304,0,0,0
110000305,62,0,62
110000306,0,0,0
110000307,76,1,75
110000308,82,7,75
110000309,0,0,0
110000310,141,0,141
110000311,0,0,0
110000312,36,1,35
110000313,0,0,0
110000314,0,0,0
110000315,26,116,-90
110000316,11,86,-75
110000317,0,0,0
110000318,0,0,0
110000319,0,0,0
110000320,0,0,0
110000321,0,0,0
110000322,3,19,-16
110000323,0,0,0
110000324,0,0,0
110000325,350,262,88
110000327,114,0,114
110000328,0,0,0
110000333,85,120,-35
110000334,1,2,-1
110000335,58,8,50
110000336,6,9,-3
110000337,563,193,370
110000338,36,2,34
110000339,27,10,17
110000340,0,0,0
110000341,87,0,87
110000342,14,0,14
110000343,0,0,0
110000344,0,0,0
110000345,4,2,2
110000346,331,209,122
110000347,596,170,426
110000348,0,0,0
110000349,0,0,0
110000350,0,0,0
110000351,355,68,287
110000352,0,0,0
110000353,561,63,498
110000354,0,12,-12
110000355,0,0,0
110000356,111,0,111
110000357,0,0,0
110000361,0,0,0
110000362,0,0,0
110000363,73,0,73
110000364,53,74,-21
110000365,30,0,30
110000366,0,0,0
110000367,0,0,0
110000368,0,0,0
110000369,39,0,39
110000373,0,0,0
110000374,0,0,0
110000375,76,31,45
110000376,0,0,0
110000377,73,125,-52
110000378,0,0,0
110000379,493,156,337
110000380,133,2,131
110000383,0,0,0
110000384,122,0,122
110000385,0,0,0
110000387,19,0,19
110000388,0,0,0
110000389,508,3,505
110000391,214,56,158
110000396,0,0,0
110000397,0,0,0
110000398,0,0,0
110000399,442,1,441
110000587,4,0,4
110000589,7,2,5
110000640,0,0,0
110000652,0,0,0
110000653,0,0,0
110000654,0,0,0
110000656,0,0,0
110000674,0,0,0
110000675,0,0,0
110000676,0,0,0
110000679,8,9,-1
110000682,19,20,-1
110000683,99,48,51
110000684,0,0,0
110000685,0,0,0
110000686,0,0,0
110000687,0,0,0
110000688,28,0,28
110000689,0,0,0
110000692,1,4,-3
110000693,0,0,0
110000694,0,0,0
110000695,0,0,0
110000696,44,14,30
110900001,0,0,0
110900002,0,0,0
110900003,0,0,0
110900004,0,0,0
110900005,0,0,0
110900006,0,0,0
110900007,0,0,0
110900008,0,0,0
110900009,0,0,0
110900010,0,0,0
110900011,0,0,0
110900012,0,0,0
110900013,0,0,0
110900014,0,0,0
110900015,0,0,0
110900016,0,0,0
110900017,0,0,0
110900018,0,0,0
110900019,0,0,0
110900020,0,0,0
110900021,0,0,0
110900022,0,0,0
110900023,0,0,0
110900024,0,0,0
110900025,0,0,0
110900027,0,0,0
110900028,0,0,0
110900029,0,0,0
110900030,0,0,0
110900031,0,0,0
110900032,0,0,0
110900033,0,0,0
110900035,0,0,0
110900036,0,0,0
110900037,0,0,0
110900038,0,0,0
110900039,0,0,0
110900040,0,0,0
110900041,0,0,0
110900042,0,0,0
110900043,0,0,0
110900044,0,0,0
110900045,0,0,0
110900046,0,0,0
110900047,0,0,0
110900049,0,0,0
110900050,0,0,0
110900051,0,0,0
110900052,0,0,0
110900053,0,0,0
110900054,0,0,0
110900055,0,0,0
110900056,0,0,0
110900057,0,0,0
110900058,0,0,0
110900059,0,0,0
110900060,0,0,0
110900061,0,0,0
110900062,0,0,0
110900063,0,0,0
110900064,0,0,0
110900065,0,0,0
110900066,0,0,0
110900067,0,0,0
110900068,0,0,0
110900069,0,0,0
110900070,0,0,0
110900071,0,0,0
110900073,0,0,0
110900074,0,0,0
110900075,0,0,0
110900077,0,0,0
110900078,0,0,0
110900079,66,13,53
110900080,0,0,0
110900081,0,0,0
110900082,0,0,0
110900083,0,0,0
110900084,0,0,0
110900085,0,0,0
110900086,0,0,0
110900087,0,0,0
110900088,0,0,0
110900090,0,0,0
110900091,0,0,0
110900093,0,0,0
110900095,0,0,0
110900097,0,0,0
110900098,0,0,0
110900099,0,0,0
110900100,0,0,0
110900102,0,0,0
110900105,0,0,0
110900108,0,0,0
110900111,0,0,0
110900112,0,0,0
110900113,0,0,0
110900115,0,0,0
110900116,0,0,0
110900118,0,0,0
110900119,0,0,0
110900120,0,0,0
110900121,0,0,0
110900122,0,0,0
110900125,0,0,0
110900127,0,0,0
110900128,0,0,0
110900129,0,0,0
110900130,0,0,0
110900131,0,0,0
110900132,0,0,0
110900133,0,0,0
110900135,0,0,0
110900136,0,0,0
110900138,0,0,0
110900139,0,0,0
110900140,0,0,0
110900141,0,0,0
110900142,0,0,0
110900143,0,0,0
110900144,0,0,0
110900145,0,0,0
110900146,0,0,0
110900147,0,0,0
110900148,0,0,0
110900149,0,0,0
110900150,0,0,0
110900151,0,0,0
110900152,0,0,0
110900153,0,0,0
111000001,54,42,12
111000002,0,0,0
111000003,463,102,361
111000004,0,0,0
111000005,618,106,512
111000006,0,0,0
111000007,669,125,544
111000008,0,0,0
111000009,39,108,-69
111000010,515,152,363
111000011,26,24,2
111000012,386,50,336
111000013,11,60,-49
111000014,779,96,683
111000017,0,0,0
111000018,0,0,0
111000020,0,0,0
111000021,34,2,32
111000023,56,8,48
111000025,112,131,-19
111000029,0,0,0
111000030,0,0,0
111000031,388,95,293
111000032,25,17,8
111000033,86,9,77
111000034,2,40,-38
111000037,0,0,0
111000038,36,3,33
111000039,0,0,0
111000040,4,19,-15
111000041,0,0,0
111000042,0,0,0
111000043,895,84,811
111000044,855,90,765
111000045,1133,338,795
111000046,527,115,412
111000047,674,167,507
111000049,97,12,85
111000050,0,0,0
111000051,0,0,0
111000052,0,0,0
111000053,0,0,0
111000054,0,0,0
111000055,2,0,2
111000056,0,0,0
111000057,0,0,0
111000058,120,1,119
111000059,391,128,263
111000060,1660,159,1501
111000061,137,14,123
111000062,441,6,435
111000063,739,27,712
111000064,623,60,563
111000065,649,50,599
111000066,231,26,205
111000067,0,0,0
111000068,0,0,0
111000069,0,0,0
111000070,0,0,0
111000071,0,0,0
111000072,812,69,743
111000073,361,145,216
111000074,977,150,827
111000075,211,15,196
111000076,291,23,268
111000077,753,167,586
111000078,219,26,193
111000079,216,52,164
111000080,123,38,85
111000081,73,55,18
111000082,141,34,107
111000084,83,135,-52
111000085,34,36,-2
111000086,126,16,110
111000087,127,15,112
111000088,99,24,75
111000089,132,13,119
111000090,73,50,23
111000091,0,0,0
111000092,0,0,0
111000093,0,0,0
111000094,31,0,31
111000095,4,7,-3
111000096,35,30,5
111000097,0,0,0
111000098,0,0,0
111000099,0,0,0
111000100,0,0,0
111000101,0,0,0
111000102,0,0,0
111000104,105,21,84
111000107,0,0,0
111000109,96,39,57
111000110,301,59,242
111000111,1062,21,1041
111000112,921,11,910
111000113,413,149,264
111000114,356,141,215
111000115,1221,168,1053
111000116,277,31,246
111000117,55,18,37
111000118,148,20,128
111000119,278,59,219
111000120,290,37,253
111000121,68,36,32
111000122,5,1,4
111000123,10,2,8
111000124,0,0,0
111000125,0,0,0
111000126,0,0,0
111000127,235,6,229
111000128,672,10,662
111000129,915,6,909
111000130,1450,18,1432
111000131,892,20,872
111000132,389,79,310
111000133,17,22,-5
111000134,7,3,4
111000135,0,0,0
111000136,314,1,313
111000138,4,1,3
111000140,0,0,0
111000141,0,1,-1
111000142,0,0,0
111000143,0,0,0
111000144,0,0,0
111000145,14,0,14
111000146,30,0,30
111000147,30,0,30
111000148,50,7,43
111000149,0,0,0
111000150,29,0,29
111000151,0,0,0
111000153,153,2,151
111000154,20,4,16
111000155,31,12,19
111000156,169,22,147
111000157,72,149,-77
111000158,199,180,19
111000159,253,133,120
111000160,48,19,29
111000161,0,82,-82
111000162,0,0,0
111000163,0,0,0
111000164,0,0,0
111000165,183,18,165
111000166,0,0,0
111000167,0,0,0
111000168,24,27,-3
111000169,26,29,-3
111000170,77,5,72
111000171,48,1,47
111000172,9,2,7
111000173,69,9,60
111000174,0,8,-8
111000175,0,4,-4
111000176,0,0,0
111000177,0,0,0
111000178,0,0,0
111000179,0,0,0
111000180,0,0,0
111000181,126,2,124
111000182,55,1,54
111000183,60,7,53
111000184,75,21,54
111000185,9,5,4
111000186,24,0,24
111000187,24,2,22
111000188,11,5,6
111000189,0,0,0
111000190,0,0,0
111000191,0,0,0
111000192,0,0,0
111000193,0,0,0
111000194,0,0,0
111000195,0,0,0
111000196,0,0,0
111000197,77,9,68
111000198,104,0,104
111000199,136,2,134
111000200,306,12,294
111000201,104,1,103
111000202,111,4,107
111000203,166,6,160
111000204,50,167,-117
111000213,101,48,53
111000214,219,36,183
111000215,165,64,101
111000217,269,10,259
111000218,38,125,-87
111000219,0,0,0
111000220,148,58,90
111000221,22,16,6
111000224,0,0,0
111000225,56,8,48
111000226,1,1,0
111000227,0,0,0
111000228,0,0,0
111000229,0,0,0
111000230,5,4,1
111000231,155,4,151
111000232,0,0,0
111000233,0,0,0
111000234,0,0,0
111000239,0,0,0
111000240,23,26,-3
111000241,0,0,0
111000242,35,4,31
111000243,0,0,0
111000244,26,0,26
111000245,135,14,121
111000246,149,17,132
111000247,0,0,0
111000248,144,32,112
111000249,0,0,0
111000250,0,0,0
111000251,0,0,0
111000253,0,0,0
111000255,0,0,0
111000257,0,0,0
111000260,0,0,0
111000261,64,2,62
111000271,0,0,0
111000273,83,3,80
111000274,196,239,-43
111000275,45,4,41
111000276,0,0,0
111000277,0,0,0
111000278,176,1,175
111000291,330,383,-53
111000298,1,1,0
111000299,72,0,72
111000300,0,0,0
111000302,0,0,0
111000303,0,0,0
111000312,0,0,0
111000315,0,0,0
111000320,9,22,-13
111000321,3,8,-5
111000322,51,3,48
111000323,12,0,12
111000324,13,3,10
111000325,0,0,0
111000326,1,2,-1
111000327,78,25,53
111000328,23,52,-29
111000329,0,0,0
111000330,2,1,1
111000331,44,5,39
111000332,101,84,17
111000334,4,13,-9
111000335,34,1,33
111000337,180,5,175
111000338,1,0,1
111000339,0,5,-5
111000340,0,6,-6
111000341,159,3,156
111000342,0,0,0
111000344,207,19,188
111000345,2,6,-4
111000346,0,0,0
111000347,0,0,0
111000350,5,2,3
111000351,0,0,0
111000352,32,0,32
111000353,0,0,0
111000354,18,0,18
111000355,0,0,0
111000358,44,7,37
111000360,14,4,10
111000361,43,0,43
111000546,6,0,6
111000547,123,7,116
111000548,0,0,0
111000549,90,4,86
111000550,0,1,-1
111000551,70,7,63
111000552,6,12,-6
111000907,290,1,289
111000908,6,0,6
111000916,109,6,103
111000917,0,0,0
111000918,14,8,6
111000920,34,0,34
111000921,0,0,0
111000922,0,1,-1
111000924,0,0,0
111000925,1851,212,1639
111000926,105,53,52
111000927,1609,427,1182
111000928,325,318,7
111000929,1273,164,1109
111000930,19,110,-91
111000931,1424,350,1074
111000932,134,99,35
111000933,1706,550,1156
111000934,11,81,-70
111000935,845,84,761
111000936,4,49,-45
111000937,523,165,358
111000938,7,101,-94
111000939,161,3,158
111000940,0,0,0
111000941,38,5,33
111000943,0,0,0
111000944,4,4,0
111000945,2,0,2
111001109,203,12,191
111001110,0,0,0
111001111,0,0,0
111001112,137,1,136
111001113,0,102,-102
111001114,6,3,3
111001115,0,0,0
111001116,386,48,338
111001117,0,0,0
111001120,6,12,-6
111001121,0,0,0
111001122,0,0,0
111001123,8,25,-17
111001124,0,0,0
111001125,1,86,-85
111001126,0,0,0
111001127,0,0,0
111001128,14,9,5
111900001,0,0,0
111900002,0,0,0
111900003,0,0,0
111900004,0,0,0
111900006,0,0,0
111900007,0,0,0
111900008,0,0,0
111900009,0,0,0
111900010,0,0,0
111900012,0,0,0
111900013,0,0,0
111900014,3,0,3
111900015,0,0,0
111900016,0,0,0
111900017,0,0,0
111900018,0,0,0
111900019,0,0,0
111900020,0,0,0
111900021,0,0,0
111900022,0,0,0
111900023,0,0,0
111900024,2,0,2
111900025,0,0,0
111900026,0,0,0
111900027,0,0,0
111900028,0,0,0
111900029,0,0,0
111900030,0,0,0
111900031,0,0,0
111900032,0,0,0
111900033,0,0,0
111900034,0,0,0
111900035,0,0,0
111900036,0,0,0
111900038,0,0,0
111900039,0,0,0
111900040,0,0,0
111900042,0,0,0
111900043,0,0,0
111900044,0,0,0
111900046,0,0,0
111900048,0,0,0
111900049,0,0,0
111900050,0,0,0
111900051,0,0,0
111900052,0,0,0
111900053,0,0,0
111900054,0,0,0
111900055,0,0,0
111900056,0,0,0
111900057,10,0,10
111900058,0,0,0
111900059,29,17,12
111900060,0,0,0
111900061,0,0,0
111900062,0,0,0
111900063,0,0,0
111900064,0,0,0
111900065,0,0,0
111900066,0,0,0
111900067,0,0,0
111900068,0,0,0
111900069,0,0,0
111900070,0,0,0
111900071,0,0,0
111900072,0,0,0
111900073,0,0,0
111900074,0,0,0
111900075,0,0,0
111900076,0,0,0
111900077,0,0,0
111900078,0,0,0
111900079,0,0,0
111900080,0,0,0
111900082,0,0,0
111900083,0,0,0
111900084,0,0,0
111900085,0,0,0
111900086,0,0,0
111900087,0,0,0
111900088,0,0,0
111900089,0,0,0
111900090,0,0,0
111900091,0,0,0
111900092,0,0,0
111900093,0,0,0
111900094,0,0,0
111900095,0,0,0
111900096,0,0,0
111900097,0,0,0
111900098,0,0,0
111900099,0,0,0
111900100,0,0,0
111900101,0,0,0
111900102,0,0,0
111900103,0,0,0
111900104,0,0,0
111900105,0,0,0
111900106,0,0,0
111900110,0,0,0
111900111,23,0,23
111900112,0,0,0
111900113,0,0,0
111900118,0,0,0
111900119,0,0,0
111900122,0,0,0
111900123,0,0,0
111900124,0,0,0
111900125,0,0,0
111900126,0,0,0
111900127,0,0,0
111900128,0,0,0
111900129,0,0,0
111900130,0,0,0
111900131,0,0,0
111900132,0,0,0
111900133,0,0,0
111900134,0,0,0
111900135,0,0,0
111900136,0,0,0
111900137,0,0,0
111900138,0,0,0
111900139,0,0,0
111900140,0,0,0
111900141,0,0,0
111900142,0,0,0
111900143,0,0,0
111900144,0,0,0
111900145,0,0,0
111900146,0,0,0
111900147,0,0,0
111900148,0,0,0
111900149,0,0,0
111900150,0,0,0
111900151,0,0,0
111900152,0,0,0
111900153,0,0,0
111900154,0,0,0
111900155,0,0,0
111900156,0,0,0
111900157,0,0,0
111900158,0,0,0
111900159,0,0,0
111900160,0,0,0
111900161,0,0,0
111900162,0,0,0
111900163,0,0,0
111900164,0,0,0
111901113,0,0,0
111901114,0,0,0
111901115,0,0,0
111901116,0,0,0
111901117,0,0,0
111901118,0,0,0
111901119,0,0,0
111901121,0,0,0
111901122,0,0,0
111901123,0,0,0
111901124,0,0,0
111901125,12,30,-18
111901127,0,0,0
111901128,0,0,0
111901129,0,0,0
111901130,0,0,0
111901131,0,0,0
111901132,0,0,0
111901133,0,0,0
111901134,0,0,0
111901135,0,0,0
111901136,0,0,0
111901138,0,0,0
111901139,0,0,0
111901140,0,0,0
111901141,0,0,0
111901142,0,0,0
111901143,0,0,0
111901144,0,0,0
111901145,0,0,0
111901146,0,0,0
111901147,0,0,0
111901148,0,0,0
111901149,0,0,0
111901150,0,0,0
111901151,0,0,0
112000001,1210,310,900
112000002,0,0,0
112000003,578,84,494
112000004,0,0,0
112000005,2721,1147,1574
112000006,0,0,0
112000007,805,843,-38
112000008,1774,1695,79
112000009,563,66,497
112000010,212,719,-507
112000011,128,20,108
112000012,481,1345,-864
112000013,110,77,33
112000014,132,653,-521
112000015,0,0,0
112000016,77,237,-160
112000017,0,0,0
112000024,0,0,0
112000026,0,0,0
112000027,487,409,78
112000028,0,0,0
112000029,0,0,0
112000030,0,0,0
112000031,1,39,-38
112000032,0,0,0
112000033,0,39,-39
112000034,0,0,0
112000035,0,0,0
112000036,0,0,0
112000037,0,0,0
112000038,0,0,0
112000039,31,11,20
112000040,0,0,0
112000041,0,0,0
112000042,0,0,0
112000050,704,409,295
112000051,631,864,-233
112000054,15,161,-146
112000057,0,0,0
112000058,0,0,0
112000059,0,0,0
112000061,0,0,0
112000062,8,82,-74
112000063,0,0,0
112000064,0,0,0
112000065,0,0,0
112000066,58,295,-237
112000067,0,0,0
112000068,56,129,-73
112000069,0,0,0
112000070,18,34,-16
112000071,0,0,0
112000072,135,11,124
112000073,0,0,0
112000074,50,17,33
112000075,315,82,233
112000076,81,56,25
112000077,62,2,60
112000078,206,23,183
112000079,89,20,69
112000080,70,35,35
112000081,14,133,-119
112000082,237,105,132
112000083,107,17,90
112000084,154,77,77
112000085,277,13,264
112000086,310,75,235
112000087,50,9,41
112000088,82,40,42
112000089,1,9,-8
112000090,31,7,24
112000091,10,17,-7
112000092,1128,78,1050
112000093,127,25,102
112000094,425,132,293
112000095,185,18,167
112000096,438,109,329
112000097,554,246,308
112000098,0,0,0
112000099,36,1144,-1108
112000100,654,69,585
112000101,0,0,0
112000102,351,75,276
112000103,0,0,0
112000105,0,0,0
112000106,462,130,332
112000107,11,1,10
112000108,0,0,0
112000109,32,2,30
112000110,318,7,311
112000111,0,26,-26
112000112,280,6,274
112000113,9,2,7
112000114,298,12,286
112000115,0,0,0
112000116,0,0,0
112000117,0,0,0
112000118,0,0,0
112000119,0,0,0
112000120,0,0,0
112000121,0,0,0
112000122,75,14,61
112000123,111,15,96
112000124,7,3,4
112000125,20,11,9
112000126,0,0,0
112000127,44,76,-32
112000128,0,0,0
112000129,81,2,79
112000130,0,0,0
112000131,0,0,0
112000132,0,0,0
112000133,55,0,55
112000134,89,10,79
112000135,145,28,117
112000136,0,15,-15
112000137,267,105,162
112000138,6,1,5
112000139,0,15,-15
112000140,0,0,0
112000141,9,1,8
112000142,0,0,0
112000143,184,0,184
112000144,0,0,0
112000145,307,7,300
112000146,0,0,0
112000147,82,9,73
112000148,0,0,0
112000149,6,19,-13
112000150,0,0,0
112000151,52,0,52
112000152,0,0,0
112000153,7,1,6
112000154,36,0,36
112000155,0,0,0
112000157,27,342,-315
112000158,1,5,-4
112000159,0,0,0
112000167,0,0,0
112000169,0,0,0
112000173,0,0,0
112000175,4,0,4
112000176,0,0,0
112000177,0,0,0
112000178,0,0,0
112000179,0,0,0
112000180,0,0,0
112000181,55,8,47
112000182,179,10,169
112000183,35,0,35
112000184,0,1,-1
112000185,0,0,0
112000187,0,0,0
112000195,0,0,0
112000196,0,0,0
112000197,0,0,0
112000198,0,0,0
112000199,0,0,0
112000202,367,4,363
112000216,0,0,0
112000230,0,0,0
112000231,0,0,0
112000256,14,37,-23
112000313,0,0,0
112000314,0,0,0
112000337,0,0,0
112000352,0,0,0
112000392,63,134,-71
112000398,249,63,186
112000399,249,1858,-1609
112000400,2,19,-17
112000401,28,35,-7
112000402,507,1665,-1158
112000403,108,1113,-1005
112000404,147,275,-128
112000405,941,448,493
112000406,18,77,-59
112000407,2565,387,2178
112000408,29,65,-36
112000409,6,30,-24
112000410,0,0,0
112000411,0,0,0
112000412,0,0,0
112000413,0,0,0
112000414,0,0,0
112000415,0,0,0
112000416,702,188,514
112000417,14,14,0
112000421,0,0,0
112000422,29,0,29
112000424,0,0,0
112000425,0,0,0
112000426,0,0,0
112000427,0,0,0
112000428,0,0,0
112000429,290,329,-39
112000430,468,665,-197
112000431,35,5,30
112000432,0,0,0
112000433,20,79,-59
112000437,2,4,-2
112900001,0,0,0
112900002,0,0,0
112900003,0,0,0
112900004,0,0,0
112900005,0,0,0
112900007,0,0,0
112900008,0,0,0
112900009,0,0,0
112900010,0,0,0
112900011,0,0,0
112900012,0,0,0
112900013,0,0,0
112900014,0,0,0
112900015,0,0,0
112900016,0,0,0
112900017,0,0,0
112900018,0,0,0
112900019,0,0,0
112900020,0,0,0
112900021,0,0,0
112900022,0,0,0
112900023,0,0,0
112900024,0,0,0
112900025,0,0,0
112900026,0,0,0
112900027,0,0,0
112900028,0,0,0
112900029,0,0,0
112900030,0,0,0
112900031,0,0,0
112900032,0,0,0
112900034,0,0,0
112900035,0,0,0
112900036,0,0,0
112900037,0,0,0
112900038,0,0,0
112900039,0,0,0
112900040,0,0,0
112900041,0,0,0
112900042,0,0,0
112900043,0,0,0
112900044,0,0,0
112900045,0,0,0
112900046,0,0,0
112900047,0,0,0
112900049,0,0,0
112900050,0,0,0
112900051,0,0,0
112900052,0,0,0
112900053,0,0,0
112900054,0,0,0
112900055,0,0,0
112900056,0,0,0
112900057,0,0,0
112900058,0,0,0
112900059,0,0,0
112900060,0,0,0
112900061,0,0,0
112900062,0,0,0
112900063,0,0,0
112900064,0,0,0
112900065,0,0,0
112900066,0,0,0
112900067,0,0,0
112900068,0,0,0
112900069,0,0,0
112900071,0,0,0
112900072,0,0,0
112900073,0,0,0
112900074,0,0,0
112900075,0,0,0
112900076,0,0,0
112900078,0,0,0
112900079,0,0,0
112900080,0,0,0
112900081,0,0,0
112900082,0,0,0
112900083,0,0,0
112900084,0,0,0
112900086,0,0,0
112900087,0,0,0
112900088,0,0,0
112900089,0,0,0
112900090,0,0,0
112900091,0,0,0
112900092,0,0,0
112900093,0,0,0
112900095,0,0,0
112900096,0,0,0
112900097,0,0,0
112900098,0,0,0
112900099,0,0,0
112900100,0,0,0
112900101,0,0,0
112900102,0,0,0
112900103,0,0,0
112900104,0,0,0
112900105,0,0,0
112900106,0,0,0
112900107,0,0,0
112900108,0,0,0
112900109,0,0,0
112900110,0,0,0
112900111,0,0,0
112900112,0,0,0
112900113,0,0,0
112900114,0,0,0
112900115,0,0,0
112900116,0,0,0
112900117,0,0,0
112900118,0,0,0
112900119,0,0,0
112900120,0,0,0
112900121,0,0,0
112900122,0,0,0
112900123,0,0,0
112900124,0,0,0
112900125,0,0,0
112900126,0,0,0
112900127,0,0,0
112900128,0,0,0
112900129,0,0,0
112900130,0,0,0
112900131,0,0,0
112900132,0,0,0
112900133,0,0,0
112900134,0,0,0
112900135,0,0,0
112900137,0,0,0
112900138,0,0,0
112900139,0,0,0
112900141,0,0,0
112900142,0,0,0
112900143,0,0,0
112900144,0,0,0
112900145,0,0,0
112900146,0,0,0
112900147,0,0,0
112900148,0,0,0
112900149,0,0,0
112900151,0,0,0
112900152,0,0,0
112900153,0,0,0
112900154,0,0,0
112900155,0,0,0
112900156,0,0,0
112900157,0,0,0
112900158,0,0,0
112900159,0,0,0
112900160,0,0,0
112900161,0,0,0
112900162,0,0,0
112900163,0,0,0
112900164,0,0,0
112900165,0,0,0
112900166,0,0,0
112900167,0,0,0
112900168,0,0,0
112900169,0,0,0
112900170,0,0,0
112900172,0,0,0
112900173,0,0,0
112900174,0,0,0
112900175,0,0,0
112900176,0,0,0
112900177,0,0,0
112900178,0,0,0
112900179,0,0,0
112900180,0,0,0
112900181,0,0,0
112900182,0,0,0
112900183,0,0,0
112900184,0,0,0
112900185,0,0,0
112900186,0,0,0
112900187,0,0,0
112900188,0,0,0
112900189,0,0,0
112900190,0,0,0
112900192,0,0,0
112900193,0,0,0
112900194,0,0,0
112900195,0,0,0
112900196,0,0,0
112900197,0,0,0
112900199,0,0,0
112900200,0,0,0
112900201,0,0,0
112900202,0,0,0
112900203,0,0,0
112900204,0,0,0
112900205,0,0,0
112900206,0,0,0
112900207,0,0,0
112900208,0,0,0
112900209,0,0,0
112900210,0,0,0
112900211,0,0,0
112900212,0,0,0
112900213,0,0,0
112900214,0,0,0
112900215,0,0,0
112900216,0,0,0
112900217,0,0,0
112900218,0,0,0
112900219,0,0,0
112900220,0,0,0
112900221,0,0,0
112900222,0,0,0
112900223,0,0,0
112900224,0,0,0
112900225,0,0,0
112900226,0,0,0
112900227,0,0,0
112900228,0,0,0
112900229,0,0,0
112900230,0,0,0
112900232,0,0,0
112900233,0,0,0
112900234,0,0,0
112900235,0,0,0
112900236,0,0,0
112900237,0,0,0
112900238,0,0,0
112900239,0,0,0
112900240,0,0,0
112900241,0,0,0
112900242,0,0,0
112900243,0,0,0
112900244,0,0,0
112900245,0,0,0
112900246,0,0,0
112900247,0,0,0
112900248,0,0,0
112900249,0,0,0
112900250,0,0,0
112900251,0,0,0
112900252,0,0,0
112900253,0,0,0
112900254,0,0,0
112900255,0,0,0
112900256,0,0,0
112900257,0,0,0
112900258,0,0,0
113000001,313,290,23
113000002,226,331,-105
113000003,147,103,44
113000004,109,167,-58
113000005,63,81,-18
113000006,53,115,-62
113000007,52,51,1
113000008,117,76,41
113000009,71,20,51
113000010,264,47,217
113000011,0,0,0
113000012,702,128,574
113000013,31,39,-8
113000014,47,13,34
113000015,3,0,3
113000016,1,1,0
113000017,0,0,0
113000018,27,22,5
113000019,0,0,0
113000020,126,0,126
113000021,320,20,300
113000022,17,1,16
113000025,0,0,0
113000026,28,6,22
113000027,106,0,106
113000028,1,0,1
113000029,42,38,4
113000030,0,0,0
113000031,0,0,0
113000032,69,49,20
113000033,57,59,-2
113000034,0,0,0
113000035,0,0,0
113000036,0,0,0
113000037,0,0,0
113000038,0,0,0
113000039,0,0,0
113000040,0,0,0
113000042,0,0,0
113000051,121,83,38
113000052,119,59,60
113000053,37,20,17
113000054,25,37,-12
113000055,99,21,78
113000056,104,25,79
113000058,0,0,0
113000059,203,55,148
113000060,0,2,-2
113000061,65,58,7
113000062,0,0,0
113000063,0,0,0
113000064,0,0,0
113000065,4,13,-9
113000066,125,2,123
113000067,25,2,23
113000068,8,14,-6
113000069,3,9,-6
113000070,90,18,72
113000071,11,32,-21
113000072,90,15,75
113000073,0,57,-57
113000074,91,3,88
113000075,199,4,195
113000076,1,110,-109
113000077,90,80,10
113000078,0,0,0
113000079,0,0,0
113000080,89,65,24
113000081,115,76,39
113000082,0,0,0
113000083,114,168,-54
113000084,10,0,10
113000085,254,161,93
113000086,6,5,1
113000087,127,484,-357
113000088,10,3,7
113000089,246,432,-186
113000090,3,23,-20
113000091,10,0,10
113000094,123,15,108
113000095,0,0,0
113000096,0,0,0
113000097,44,9,35
113000098,1,1,0
113000099,47,3,44
113000100,5,0,5
113000101,0,0,0
113000102,27,50,-23
113000103,0,0,0
113000104,236,137,99
113000105,615,107,508
113000106,0,0,0
113000107,258,330,-72
113000108,54,20,34
113000109,0,0,0
113000110,33,53,-20
113000111,0,0,0
113000112,5,33,-28
113000113,27,15,12
113000114,0,0,0
113000116,0,0,0
113000117,0,0,0
113000118,0,0,0
113000119,0,0,0
113000120,0,1,-1
113000121,0,0,0
113000124,31,7,24
113000125,0,0,0
113000127,0,0,0
113000128,0,0,0
113000129,0,0,0
113000133,7,0,7
113000134,0,81,-81
113000135,836,881,-45
113000137,224,192,32
113000139,17,43,-26
113000140,0,0,0
113000141,8,12,-4
113000142,0,0,0
113000143,5,23,-18
113000144,0,0,0
113000145,0,0,0
113000146,0,0,0
113000147,0,0,0
113000148,0,0,0
113000149,0,0,0
113000150,0,0,0
113000151,0,0,0
113000152,0,0,0
113000153,0,0,0
113000154,8,51,-43
113000155,55,50,5
113000156,0,0,0
113000157,0,0,0
113000158,0,0,0
113000159,0,0,0
113000160,0,0,0
113000161,0,0,0
113000162,0,0,0
113000163,0,0,0
113000164,0,0,0
113000166,56,2,54
113000167,0,0,0
113000168,0,0,0
113000169,77,0,77
113000170,196,13,183
113000171,0,0,0
113000172,67,21,46
113000173,9,15,-6
113000174,0,0,0
113000175,52,6,46
113000176,262,3,259
113000177,0,0,0
113000178,0,0,0
113000179,189,0,189
113000180,121,1,120
113000181,31,23,8
113000182,13,5,8
113000183,1,51,-50
113000184,0,0,0
113000189,0,0,0
113000190,0,0,0
113000192,101,228,-127
113000193,95,24,71
113000194,22,27,-5
113000195,39,56,-17
113000196,119,14,105
113000197,28,6,22
113000198,0,0,0
113000199,2,0,2
113000201,0,0,0
113000202,0,0,0
113000203,8,0,8
113000204,37,124,-87
113000205,0,0,0
113000206,0,0,0
113000207,0,0,0
113000208,0,0,0
113000209,0,0,0
113000210,0,0,0
113000211,0,0,0
113000212,0,0,0
113000213,11,0,11
113000214,0,0,0
113000234,0,0,0
113000410,1,2,-1
113000411,36,88,-52
113000412,349,281,68
113000413,141,307,-166
113000414,189,374,-185
113000415,6,50,-44
113000416,19,38,-19
113000417,16,46,-30
113000418,415,132,283
113000419,62,77,-15
113000420,342,142,200
113000421,1433,1070,363
113000422,195,500,-305
113000423,192,319,-127
113000424,692,354,338
113000425,0,0,0
113000428,0,0,0
113000430,0,0,0
113000432,269,1,268
113000433,0,0,0
113000434,0,0,0
113000435,0,0,0
113000436,0,0,0
113000437,29,0,29
113000438,0,0,0
113000439,0,0,0
113000440,0,1,-1
113000441,1,0,1
113000442,0,0,0
113000443,4,0,4
113000444,0,0,0
113000445,1,0,1
113000446,0,0,0
113000448,0,0,0
113000449,0,1,-1
113000450,0,18,-18
113000451,0,0,0
113000452,1,6,-5
113000453,0,0,0
113000454,0,16,-16
113000455,0,0,0
113000456,0,0,0
113000468,0,0,0
113000469,0,0,0
113000470,0,0,0
113000471,0,0,0
113000472,0,0,0
113000474,21,50,-29
113000475,48,62,-14
113000476,252,175,77
113000477,901,331,570
113000478,412,86,326
113000479,0,0,0
113000485,0,0,0
113000486,0,0,0
113000487,0,0,0
113000488,0,0,0
113000489,0,0,0
113000490,0,0,0
113000491,0,0,0
113000492,0,0,0
113000493,0,0,0
113000495,0,0,0
113000496,1,1,0
113000499,0,0,0
113900001,0,0,0
113900002,0,0,0
113900003,0,0,0
113900004,0,0,0
113900005,0,0,0
113900006,0,0,0
113900007,0,0,0
113900008,0,0,0
113900009,0,0,0
113900010,0,0,0
113900011,0,0,0
113900012,0,0,0
113900013,0,0,0
113900014,0,0,0
113900015,0,0,0
113900016,0,0,0
113900017,0,0,0
113900018,0,0,0
113900019,0,0,0
113900020,0,0,0
113900022,0,0,0
113900023,0,0,0
113900024,0,0,0
113900025,0,0,0
113900026,0,0,0
113900027,0,0,0
113900028,0,0,0
113900029,0,0,0
113900030,0,0,0
113900031,0,0,0
113900032,0,0,0
113900033,0,0,0
113900035,0,0,0
113900036,0,0,0
113900037,0,0,0
113900038,0,0,0
113900039,0,0,0
113900040,0,0,0
113900041,0,0,0
113900042,0,0,0
113900043,0,0,0
113900044,0,0,0
113900045,0,0,0
113900046,0,0,0
113900047,0,0,0
113900048,0,0,0
113900049,0,0,0
113900050,0,0,0
113900051,0,0,0
113900052,0,0,0
113900053,0,0,0
113900054,0,0,0
113900055,0,0,0
113900056,0,0,0
113900057,0,0,0
113900058,0,0,0
113900059,0,0,0
113900060,0,0,0
113900061,0,0,0
113900062,0,0,0
113900063,0,0,0
113900064,0,0,0
113900065,0,0,0
113900066,0,0,0
113900067,0,0,0
113900068,0,0,0
113900069,0,0,0
113900070,0,0,0
113900071,0,0,0
113900072,0,0,0
113900073,0,0,0
113900074,0,0,0
113900075,0,0,0
113900076,0,0,0
113900077,0,0,0
113900078,0,0,0
113900079,0,0,0
113900080,0,0,0
113900081,0,0,0
113900082,0,0,0
113900083,0,0,0
113900084,0,0,0
113900085,0,0,0
113900086,0,0,0
113900087,0,0,0
113900088,0,0,0
113900089,0,0,0
113900090,0,0,0
113900091,0,0,0
113900092,0,0,0
113900093,0,0,0
113900094,0,0,0
113900095,0,0,0
113900096,0,0,0
113900097,0,0,0
113900098,0,0,0
113900099,0,0,0
113900100,0,0,0
113900101,0,0,0
113900102,0,0,0
113900103,0,0,0
113900104,0,0,0
113900105,0,0,0
113900106,0,0,0
113900107,0,0,0
113900108,0,0,0
113900109,0,0,0
113900110,0,0,0
113900111,0,0,0
113900112,0,0,0
113900113,0,0,0
113900114,0,0,0
113900115,0,0,0
113900116,0,0,0
113900117,0,0,0
113900118,0,0,0
113900119,0,0,0
113900120,0,0,0
113900121,0,0,0
113900122,0,0,0
113900123,0,0,0
113900124,0,0,0
113900125,0,0,0
113900126,0,0,0
113900127,0,0,0
113900128,0,0,0
113900129,0,0,0
113900130,0,0,0
113900131,0,0,0
113900132,0,0,0
113900133,0,0,0
113900135,0,0,0
113900136,0,0,0
113900137,0,0,0
113900138,0,0,0
113900139,0,0,0
113900140,0,0,0
113900141,0,0,0
113900142,0,0,0
113900143,0,0,0
113900144,0,0,0
113900145,0,0,0
113900146,0,0,0
113900148,0,0,0
113900149,0,0,0
113900150,0,0,0
113900151,0,0,0
113900152,0,0,0
113900153,0,0,0
113900154,0,0,0
113900155,0,0,0
113900156,0,0,0
113900157,0,0,0
113900158,0,0,0
113900159,0,0,0
113900160,0,0,0
113900161,0,0,0
113900162,0,0,0
113900163,0,0,0
113900164,0,0,0
113900165,0,0,0
113900166,0,0,0
113900167,0,0,0
113900168,0,0,0
113900169,0,0,0
113900171,0,0,0
113900172,0,0,0
113900173,0,0,0
113900174,0,0,0
113900175,0,0,0
113900176,0,0,0
113900177,0,0,0
113900178,0,0,0
113900179,0,0,0
113900180,0,0,0
113900181,0,0,0
113900182,0,0,0
113900183,0,0,0
113900184,0,0,0
113900185,0,0,0
113900186,0,0,0
113900187,0,0,0
113900188,0,0,0
113900189,0,0,0
113900190,0,0,0
113900191,0,0,0
113900192,0,0,0
113900193,0,0,0
113900194,0,0,0
113900195,0,0,0
113900196,0,0,0
113900197,0,0,0
113900198,0,0,0
113900199,0,0,0
113900200,0,0,0
113900201,0,0,0
113900202,0,0,0
113900203,0,0,0
113900204,0,0,0
113900205,0,0,0
113900206,0,0,0
113900207,0,0,0
113900208,0,0,0
113900209,0,0,0
113900210,0,0,0
113900211,0,0,0
113900212,0,0,0
113900214,0,0,0
113900215,0,0,0
113900216,0,0,0
113900217,0,0,0
113900218,0,0,0
113900219,0,0,0
113900220,0,0,0
113900221,0,0,0
113900222,0,0,0
113900223,0,0,0
113900224,0,0,0
113900225,0,0,0
113900226,0,0,0
113900227,0,0,0
113900228,0,0,0
113900229,0,0,0
113900230,0,0,0
113900231,0,0,0
113900232,0,0,0
113900233,0,0,0
113900234,0,0,0
113900235,0,0,0
113900236,0,0,0
113900237,0,0,0
113900238,0,0,0
113900239,0,0,0
113900240,0,0,0
113900241,0,0,0
113900242,0,0,0
113900243,0,0,0
113900244,0,0,0
113900245,0,0,0
113900246,0,0,0
113900247,0,0,0
113900248,0,0,0
113900249,0,0,0
113900250,0,0,0
113900251,0,0,0
113900252,0,0,0
113900253,0,0,0
113900254,0,0,0
113900255,0,0,0
113900256,0,0,0
113900257,0,0,0
113900258,0,0,0
113900259,0,0,0
113900260,0,0,0
113900261,0,0,0
113900262,0,0,0
113900263,0,0,0
113900264,0,0,0
113900265,0,0,0
113900266,0,0,0
113900267,0,0,0
113900268,0,0,0
113900269,0,0,0
113900270,0,0,0
113900271,0,0,0
113900273,0,0,0
113900274,0,0,0
113900275,0,0,0
113900276,0,0,0
113900277,0,0,0
113900278,0,0,0
113900279,0,0,0
113900280,0,0,0
113900281,0,0,0
113900282,0,0,0
113900283,0,0,0
113900284,0,0,0
113900285,0,0,0
113900286,0,0,0
113900287,0,0,0
113900288,0,0,0
113900289,0,0,0
113900290,0,0,0
113900291,0,0,0
113900292,0,0,0
113900293,0,0,0
113900294,0,0,0
113900295,3,14,-11
113900296,0,0,0
113900297,0,0,0
113900298,0,0,0
113900299,0,0,0
113900300,0,0,0
113900301,0,0,0
113900302,0,0,0
113900303,0,0,0
113900304,0,0,0
113900305,0,0,0
113900306,0,0,0
113900307,0,0,0
113900308,0,0,0
113900309,0,0,0
113900310,0,0,0
113900311,0,0,0
113900312,0,0,0
113900313,0,0,0
113900314,0,0,0
113900315,0,0,0
114000001,216,61,155
114000002,54,10,44
114000003,0,0,0
114000004,0,0,0
114000005,0,0,0
114000006,0,0,0
114000007,0,0,0
114000008,0,106,-106
114000009,20,32,-12
114000011,757,169,588
114000012,500,25,475
114000013,330,78,252
114000014,0,0,0
114000015,0,0,0
114000016,0,0,0
114000017,25,1,24
114000018,0,0,0
114000026,246,87,159
114000027,230,127,103
114000028,323,184,139
114000038,0,0,0
114000039,0,0,0
114000040,20,0,20
114000042,0,0,0
114000043,0,0,0
114000044,8,19,-11
114000045,0,0,0
114000046,0,0,0
114000047,0,0,0
114000048,0,30,-30
114000049,39,102,-63
114000050,10,123,-113
114000051,24,266,-242
114000052,49,130,-81
114000053,0,0,0
114000054,0,0,0
114000055,0,0,0
114000056,0,0,0
114000057,291,86,205
114000058,0,0,0
114000059,0,0,0
114000060,0,0,0
114000061,52,95,-43
114000062,18,153,-135
114000063,0,7,-7
114000064,10,2,8
114000065,5,24,-19
114000066,83,65,18
114000067,1,12,-11
114000068,45,14,31
114000069,65,10,55
114000070,735,357,378
114000071,0,0,0
114000072,0,0,0
114000073,1,0,1
114000074,0,0,0
114000075,54,0,54
114000076,1,0,1
114000077,5,0,5
114000078,0,0,0
114000079,0,0,0
114000080,0,4,-4
114000081,13,13,0
114000082,0,0,0
114000083,0,0,0
114000084,0,0,0
114000085,0,0,0
114000086,0,0,0
114000087,0,0,0
114000088,0,0,0
114000089,0,5,-5
114000090,81,91,-10
114000091,28,24,4
114000092,33,19,14
114000093,72,21,51
114000094,53,49,4
114000095,6,22,-16
114000096,0,0,0
114000097,0,0,0
114000098,67,2,65
114000099,0,0,0
114000100,962,3,959
114000101,0,0,0
114000102,80,9,71
114000103,0,0,0
114000104,0,0,0
114000105,0,0,0
114000106,0,0,0
114000107,0,0,0
114000108,0,0,0
114000109,475,150,325
114000110,0,0,0
114000111,531,107,424
114000112,0,0,0
114000113,380,12,368
114000114,0,0,0
114000115,748,103,645
114000116,439,85,354
114000117,1042,36,1006
114000118,591,51,540
114000119,667,56,611
114000120,98,4,94
114000121,0,0,0
114000122,148,5,143
114000123,349,39,310
114000124,55,47,8
114000125,53,104,-51
114000126,290,31,259
114000127,1,2,-1
114000128,17,1,16
114000130,5,3,2
114000131,21,4,17
114000132,0,0,0
114000133,0,0,0
114000134,0,0,0
114000138,0,0,0
114000139,16,51,-35
114000144,172,53,119
114000145,0,0,0
114000146,0,0,0
114000147,316,43,273
114000148,5,6,-1
114000149,23,53,-30
114000150,0,0,0
114000151,73,36,37
114000152,0,1,-1
114000153,0,0,0
114000154,14,13,1
114000155,206,112,94
114000156,56,37,19
114000157,35,52,-17
114000158,0,0,0
114000159,0,0,0
114000160,0,0,0
114000161,204,484,-280
114000162,780,593,187
114000163,0,0,0
114000165,28,54,-26
114000166,32,16,16
114000167,322,82,240
114000168,0,0,0
114000169,273,424,-151
114000170,444,219,225
114000171,879,103,776
114000174,0,0,0
114000176,0,0,0
114000177,0,0,0
114000178,3,3,0
114000179,163,48,115
114000180,0,0,0
114000181,200,595,-395
114000182,109,130,-21
114000183,70,41,29
114000184,48,76,-28
114000185,212,94,118
114000189,292,11,281
114000190,824,5,819
114000191,0,0,0
114000192,0,38,-38
114000193,0,0,0
114000194,91,18,73
114000195,0,0,0
114000196,0,0,0
114000197,426,0,426
114000198,0,0,0
114000199,0,0,0
114000200,43,1,42
114000201,0,4,-4
114000202,239,137,102
114000203,103,49,54
114000204,0,0,0
114000205,0,10,-10
114000206,0,0,0
114000207,2,87,-85
114000208,2,10,-8
114000209,1,46,-45
114000210,1,52,-51
114000211,591,162,429
114000212,128,309,-181
114000213,511,176,335
114000214,1,1,0
114000215,0,0,0
114000216,300,88,212
114000217,78,15,63
114000218,23,0,23
114000219,355,0,355
114000220,0,7,-7
114000221,179,8,171
114000222,46,20,26
114000223,255,74,181
114000224,45,43,2
114000225,59,3,56
114000226,160,27,133
114000227,397,129,268
114000228,244,46,198
114000229,141,55,86
114000230,442,45,397
114000231,108,65,43
114000232,350,154,196
114000233,758,31,727
114000234,695,106,589
114000235,140,12,128
114000236,0,0,0
114000237,0,0,0
114000238,0,91,-91
114000239,0,0,0
114000240,97,89,8
114000241,19,47,-28
114000242,65,37,28
114000243,506,249,257
114000244,469,103,366
114000245,0,0,0
114000246,0,0,0
114000247,302,95,207
114000248,330,147,183
114000249,281,218,63
114000250,95,6,89
114000251,73,17,56
114000252,0,0,0
114000253,21,10,11
114000254,0,0,0
114000255,0,0,0
114000256,12,94,-82
114000257,0,115,-115
114000258,56,2,54
114000259,0,9,-9
114000260,0,0,0
114000261,47,18,29
114000262,0,0,0
114000263,18,0,18
114000264,0,0,0
114000265,0,0,0
114000267,2,205,-203
114000268,0,0,0
114000270,39,0,39
114000271,77,0,77
114000283,125,18,107
114000285,0,0,0
114000288,0,6,-6
114000289,0,0,0
114000293,32,4,28
114000294,4,10,-6
114000395,464,25,439
114000396,104,33,71
114000402,0,0,0
114000403,107,5,102
114000405,61,17,44
114000423,77,13,64
114000424,44,17,27
114000425,135,11,124
114000426,89,7,82
114000427,0,0,0
114000428,0,0,0
114000429,10,19,-9
114000432,0,0,0
114000434,0,0,0
114000435,0,0,0
114900001,0,0,0
114900002,0,0,0
114900003,0,0,0
114900004,0,0,0
114900005,0,0,0
114900006,0,0,0
114900007,0,0,0
114900008,0,0,0
114900010,0,0,0
114900011,0,0,0
114900013,0,0,0
114900020,0,0,0
114900025,0,0,0
114900026,0,0,0
114900029,0,0,0
114900030,0,0,0
114900031,0,0,0
114900032,0,0,0
114900034,0,0,0
114900035,0,0,0
114900036,0,0,0
114900039,0,0,0
114900040,0,0,0
114900041,0,0,0
114900042,0,0,0
114900044,0,0,0
114900047,0,0,0
114900048,0,0,0
114900049,0,0,0
114900050,0,0,0
114900051,0,0,0
114900052,0,0,0
114900053,0,0,0
114900054,0,0,0
114900057,0,0,0
114900058,0,0,0
114900059,0,0,0
114900063,0,0,0
114900064,0,0,0
114900065,0,0,0
114900067,0,0,0
114900068,0,0,0
114900069,0,0,0
114900070,0,0,0
114900072,0,0,0
114900073,0,0,0
114900074,0,0,0
114900075,0,0,0
114900076,0,0,0
114900080,0,0,0
114900082,0,0,0
114900083,0,0,0
114900090,0,0,0
114900091,0,0,0
114900097,0,0,0
114900098,0,0,0
114900099,0,0,0
115000001,99,88,11
115000002,1348,443,905
115000003,148,67,81
115000004,982,880,102
115000005,38,78,-40
115000006,438,291,147
115000007,0,0,0
115000008,140,118,22
115000009,0,0,0
115000010,110,184,-74
115000013,0,0,0
115000015,0,0,0
115000016,0,0,0
115000019,42,186,-144
115000020,0,0,0
115000021,1,232,-231
115000022,1,22,-21
115000023,487,233,254
115000024,3,30,-27
115000025,332,71,261
115000026,0,0,0
115000027,201,21,180
115000028,0,0,0
115000029,617,7,610
115000030,3,54,-51
115000031,493,27,466
115000032,0,0,0
115000033,139,3,136
115000034,0,0,0
115000035,508,2,506
115000036,0,0,0
115000037,238,0,238
115000038,18,36,-18
115000039,0,59,-59
115000040,163,27,136
115000041,12,96,-84
115000042,61,30,31
115000043,671,524,147
115000044,388,79,309
115000045,140,7,133
115000046,739,215,524
115000047,953,135,818
115000048,87,75,12
115000049,196,170,26
115000050,1370,333,1037
115000051,393,211,182
115000052,118,104,14
115000053,372,215,157
115000054,58,43,15
115000055,0,0,0
115000056,29,56,-27
115000057,0,0,0
115000058,50,18,32
115000059,0,0,0
115000061,51,1,50
115000062,0,0,0
115000063,0,0,0
115000064,74,22,52
115000065,0,0,0
115000067,12,1,11
115000069,0,0,0
115000070,0,30,-30
115000071,26,1,25
115000072,0,0,0
115000073,220,8,212
115000075,0,0,0
115000076,444,198,246
115000077,267,131,136
115000078,121,74,47
115000079,261,103,158
115000080,404,189,215
115000081,0,0,0
115000082,1046,502,544
115000083,0,0,0
115000084,738,121,617
115000085,0,0,0
115000086,591,66,525
115000087,0,0,0
115000088,568,172,396
115000089,0,0,0
115000090,52,49,3
115000091,114,21,93
115000092,360,9,351
115000093,406,0,406
115000094,1376,277,1099
115000095,972,182,790
115000096,157,32,125
115000097,247,52,195
115000098,345,25,320
115000099,765,186,579
115000100,537,109,428
115000101,20,18,2
115000102,357,140,217
115000103,0,0,0
115000105,2,1,1
115000106,288,45,243
115000107,0,10,-10
115000108,85,31,54
115000109,964,765,199
115000110,217,64,153
115000111,14,102,-88
115000112,61,22,39
115000113,2,71,-69
115000114,68,69,-1
115000116,82,86,-4
115000117,107,28,79
115000118,55,147,-92
115000119,69,52,17
115000120,14,312,-298
115000121,84,82,2
115000122,60,10,50
115000123,110,402,-292
115000124,52,37,15
115000125,106,61,45
115000126,10,41,-31
115000127,26,1,25
115000128,25,64,-39
115000129,60,17,43
115000130,74,2,72
115000131,86,25,61
115000132,116,0,116
115000133,58,1,57
115000134,100,4,96
115000135,29,0,29
115000136,102,11,91
115000137,0,0,0
115000138,147,7,140
115000139,0,0,0
115000140,130,12,118
115000141,0,0,0
115000142,0,0,0
115000143,197,54,143
115000144,0,0,0
115000145,0,0,0
115000146,90,50,40
115000147,0,0,0
115000148,0,0,0
115000149,1,18,-17
115000150,0,0,0
115000151,39,25,14
115000152,0,0,0
115000153,17,11,6
115000154,12,4,8
115000155,0,0,0
115000156,20,43,-23
115000157,0,0,0
115000158,0,0,0
115000159,0,0,0
115000160,1,0,1
115000161,0,0,0
115000162,290,59,231
115000163,0,0,0
115000164,0,0,0
115000165,43,40,3
115000167,4,1,3
115000168,68,38,30
115000169,0,0,0
115000170,0,0,0
115000171,64,61,3
115000172,0,0,0
115000173,2,8,-6
115000174,15,37,-22
115000175,0,0,0
115000176,2,5,-3
115000177,0,0,0
115000178,0,0,0
115000179,11,2,9
115000180,0,0,0
115000181,172,4,168
115000182,203,2,201
115000183,0,0,0
115000186,150,1,149
115000187,39,34,5
115000188,94,33,61
115000189,12,31,-19
115000190,428,23,405
115000191,3,20,-17
115000194,0,0,0
115000195,27,7,20
115000196,5,0,5
115000197,0,0,0
115000198,58,1,57
115000199,0,0,0
115000200,40,2,38
115000201,0,0,0
115000206,123,0,123
115000207,0,0,0
115000208,21,29,-8
115000209,391,3,388
115000210,35,36,-1
115000211,23,3,20
115000212,30,1,29
115000224,0,0,0
115000225,0,0,0
115000229,2,3,-1
115000230,1,0,1
115000231,119,11,108
115000232,419,2,417
115000233,0,0,0
115000234,0,0,0
115000241,0,0,0
115000242,0,0,0
115000243,0,0,0
115000244,0,0,0
115000246,0,0,0
115000247,0,0,0
115000248,0,0,0
115000249,0,0,0
115000250,0,0,0
115000251,0,0,0
115000252,0,0,0
115000253,0,0,0
115000258,0,0,0
115000259,0,0,0
115000261,0,0,0
115000262,0,0,0
115000263,0,0,0
115000264,0,0,0
115000267,0,0,0
115000268,0,0,0
115000269,0,0,0
115000270,0,0,0
115000272,0,0,0
115000273,0,0,0
115000280,36,266,-230
115000281,0,0,0
115000282,160,115,45
115000284,0,0,0
115000296,172,0,172
115000297,2,213,-211
115000298,0,0,0
115000300,0,0,0
115000302,57,20,37
115000303,119,2,117
115000304,102,20,82
115000305,0,0,0
115000306,0,0,0
115000307,0,0,0
115000308,0,0,0
115000310,0,0,0
115000311,371,64,307
115000313,0,0,0
115000314,38,51,-13
115000315,7,21,-14
115000316,0,0,0
115000317,57,2,55
115000318,350,5,345
115000319,0,28,-28
115000320,2,45,-43
115000321,65,4,61
115000322,0,24,-24
115000449,0,0,0
115000557,0,0,0
115000558,86,2,84
115000587,3,0,3
115000588,41,123,-82
115000589,1609,925,684
115000590,18,32,-14
115000591,401,351,50
115000592,7,51,-44
115000593,637,154,483
115000594,41,62,-21
115000609,0,5,-5
115000617,100,9,91
115000624,0,0,0
115000633,169,102,67
115000634,1108,108,1000
115000635,278,69,209
115000638,0,0,0
115000641,0,0,0
115000642,123,2,121
115000643,0,7,-7
115000644,1,2,-1
115000646,29,124,-95
115000647,28,25,3
115000648,312,33,279
115000893,1245,377,868
115000894,1,57,-56
115000895,12,69,-57
115000896,780,133,647
115000897,29,26,3
115000898,42,6,36
115000899,5,19,-14
115000900,0,70,-70
115000901,0,15,-15
115000912,84,2,82
115000913,0,0,0
115000915,2,0,2
115000916,0,0,0
115000917,0,0,0
115000918,2,0,2
115000919,0,0,0
115000920,0,0,0
115000921,0,0,0
115000922,162,250,-88
115000923,6,59,-53
115000925,0,0,0
115000927,0,0,0
115000933,0,7,-7
115000934,0,0,0
115000935,0,0,0
115000936,0,0,0
115000937,17,53,-36
115000938,6,8,-2
115000939,3,27,-24
115000940,0,0,0
115000941,0,9,-9
115000942,0,19,-19
115000943,0,0,0
115000944,0,0,0
115900001,0,0,0
115900002,0,0,0
115900003,0,0,0
115900004,0,0,0
115900005,0,0,0
115900006,0,0,0
115900008,0,0,0
115900009,0,0,0
115900010,0,0,0
115900011,0,0,0
115900012,0,0,0
115900013,0,0,0
115900014,0,0,0
115900015,0,0,0
115900016,0,0,0
115900017,0,0,0
115900018,0,0,0
115900019,0,0,0
115900020,0,0,0
115900021,0,0,0
115900022,0,0,0
115900023,0,0,0
115900025,0,0,0
115900026,0,0,0
115900027,0,0,0
115900028,0,0,0
115900029,0,0,0
115900030,0,0,0
115900031,0,0,0
115900032,0,0,0
115900033,0,0,0
115900034,0,0,0
115900035,0,0,0
115900036,0,0,0
115900037,0,0,0
115900038,0,0,0
115900039,0,0,0
115900041,0,0,0
115900042,0,0,0
115900043,0,0,0
115900044,0,0,0
115900046,0,0,0
115900047,0,0,0
115900049,0,0,0
115900051,0,0,0
115900052,0,0,0
115900053,0,0,0
115900054,0,0,0
115900055,0,0,0
115900056,0,0,0
115900057,0,0,0
115900058,0,0,0
115900060,0,0,0
115900061,0,0,0
115900062,0,0,0
115900063,0,0,0
115900064,0,0,0
115900065,0,0,0
115900066,0,0,0
115900067,0,0,0
115900068,0,0,0
115900069,0,0,0
115900070,0,0,0
115900071,0,0,0
115900072,0,0,0
115900073,0,0,0
115900074,0,0,0
115900075,0,0,0
115900076,0,0,0
115900077,0,0,0
115900078,0,0,0
115900079,0,0,0
115900080,0,0,0
115900081,0,0,0
115900082,0,0,0
115900084,0,0,0
115900085,0,0,0
115900086,0,0,0
115900088,0,0,0
115900089,0,0,0
115900090,0,0,0
115900091,0,0,0
115900092,0,0,0
115900093,0,0,0
115900094,0,0,0
115900096,0,0,0
115900097,0,0,0
115900098,0,0,0
115900099,0,0,0
115900100,0,0,0
115900101,0,0,0
115900102,0,0,0
115900103,0,0,0
115900104,0,0,0
115900105,0,0,0
115900106,0,0,0
115900107,0,0,0
115900108,0,0,0
115900109,0,0,0
115900110,0,0,0
115900111,0,0,0
115900112,0,0,0
115900113,0,0,0
115900114,0,0,0
115900115,0,0,0
115900116,0,0,0
115900117,0,0,0
115900118,0,0,0
115900119,0,0,0
115900120,0,0,0
115900121,0,0,0
115900124,0,0,0
115900125,0,0,0
115900126,0,0,0
115900127,0,0,0
115900128,0,0,0
115900129,0,0,0
115900130,0,0,0
115900131,0,0,0
115900132,0,0,0
115900134,0,0,0
115900135,0,0,0
115900137,0,0,0
115900139,0,0,0
115900140,0,0,0
115900141,0,0,0
115900142,0,0,0
115900143,0,0,0
115900144,0,0,0
115900146,0,0,0
115900147,0,0,0
115900148,0,0,0
115900149,0,0,0
115900150,0,0,0
115900151,0,0,0
115900152,0,0,0
115900153,0,0,0
115900154,0,0,0
115900155,0,0,0
115900156,0,0,0
115900157,0,0,0
115900158,0,0,0
115900159,0,0,0
115900160,0,0,0
115900161,0,0,0
115900163,0,0,0
115900164,0,0,0
115900166,0,0,0
115900168,0,0,0
115900171,0,0,0
115900172,0,0,0
115900173,0,0,0
115900174,0,0,0
115900175,0,0,0
115900178,0,0,0
115900179,0,0,0
115900180,0,0,0
115900181,0,0,0
115900182,0,0,0
115900183,0,0,0
115900184,0,0,0
115900187,0,0,0
115900189,0,0,0
115900190,0,0,0
115900191,0,0,0
115900192,0,0,0
115900193,0,0,0
115900194,0,0,0
115900195,0,0,0
115900198,0,0,0
115900199,0,0,0
115900200,0,0,0
115900201,0,0,0
115900202,0,0,0
115900203,0,0,0
115900204,0,0,0
115900205,0,0,0
115900206,0,0,0
115900207,0,0,0
115900208,0,0,0
115900209,0,0,0
115900210,0,0,0
115900211,0,0,0
115900212,0,0,0
115900213,0,0,0
115900214,0,0,0
115900215,0,0,0
115900216,0,0,0
115900217,0,0,0
115900218,0,0,0
115900219,0,0,0
115900220,0,0,0
115900221,0,0,0
115900222,0,0,0
115900223,0,0,0
115900224,0,0,0
115900225,0,0,0
115900226,0,0,0
115900227,0,0,0
115900228,0,0,0
115900229,0,0,0
115900230,0,0,0
115900231,0,0,0
115900232,0,0,0
115900233,0,0,0
115900234,0,0,0
115900235,0,0,0
115900236,0,0,0
115900237,0,0,0
115900238,0,0,0
115900239,0,0,0
115900240,0,0,0
115900241,0,0,0
115900242,0,0,0
115900243,0,0,0
115900244,0,0,0
115900245,0,0,0
115900246,0,0,0
115900247,0,0,0
115900248,0,0,0
115900249,0,0,0
115900250,0,0,0
115900251,0,0,0
115900252,0,0,0
115900253,0,0,0
115900254,0,0,0
115900255,0,0,0
115900256,0,0,0
115900257,0,0,0
115900258,0,0,0
115900259,0,0,0
115900260,0,0,0
115900261,0,0,0
115900262,0,0,0
115900263,0,0,0
115900264,0,0,0
115900265,0,0,0
115900266,0,0,0
115900267,0,0,0
115900268,0,0,0
115900269,0,0,0
115900270,0,0,0
115900271,0,0,0
115900272,0,0,0
115900273,0,0,0
115900274,0,0,0
115900275,0,0,0
115900276,0,0,0
115900277,0,0,0
115900278,0,0,0
115900279,0,0,0
115900280,0,0,0
115900281,0,0,0
115900282,0,0,0
115900283,0,0,0
115900284,0,0,0
116000001,93,226,-133
116000002,1471,2155,-684
116000003,17,81,-64
116000004,517,2047,-1530
116000005,19,93,-74
116000006,263,693,-430
116000007,80,148,-68
116000008,636,441,195
116000009,14,102,-88
116000010,658,419,239
116000011,31,164,-133
116000012,584,132,452
116000013,91,444,-353
116000014,0,0,0
116000015,4,0,4
116000016,874,65,809
116000017,50,7,43
116000018,94,25,69
116000019,37,1,36
116000020,365,52,313
116000021,90,3,87
116000022,140,61,79
116000023,14,16,-2
116000024,173,23,150
116000025,22,34,-12
116000026,439,49,390
116000027,200,77,123
116000028,466,682,-216
116000029,0,0,0
116000030,414,362,52
116000031,0,0,0
116000032,116,1,115
116000033,437,227,210
116000034,1300,1368,-68
116000035,449,140,309
116000036,0,0,0
116000037,7,32,-25
116000038,10,104,-94
116000039,0,0,0
116000040,87,139,-52
116000041,0,0,0
116000042,281,295,-14
116000043,0,0,0
116000044,0,0,0
116000045,1584,1764,-180
116000046,205,87,118
116000047,193,60,133
116000048,1621,746,875
116000049,1469,651,818
116000050,511,254,257
116000051,1843,415,1428
116000052,689,162,527
116000053,865,261,604
116000054,0,0,0
116000055,0,0,0
116000056,443,971,-528
116000057,0,0,0
116000058,94,147,-53
116000059,500,2405,-1905
116000060,100,88,12
116000061,102,321,-219
116000062,73,28,45
116000063,126,518,-392
116000066,65,380,-315
116000067,0,0,0
116000068,40,87,-47
116000069,0,0,0
116000078,149,314,-165
116000080,0,0,0
116000082,0,0,0
116000083,251,73,178
116000084,29,222,-193
116000085,276,63,213
116000086,12,66,-54
116000087,793,216,577
116000088,45,25,20
116000089,0,0,0
116000090,1,1,0
116000091,0,0,0
116000093,175,203,-28
116000094,4,54,-50
116000095,230,11,219
116000096,23,113,-90
116000097,345,19,326
116000098,7,179,-172
116000099,406,0,406
116000100,46,1,45
116000101,13,0,13
116000102,73,13,60
116000103,86,23,63
116000104,19,13,6
116000105,96,4,92
116000106,23,7,16
116000107,187,8,179
116000108,0,9,-9
116000111,1,0,1
116000113,27,4,23
116000114,0,0,0
116000115,33,21,12
116000116,0,0,0
116000117,209,412,-203
116000118,0,0,0
116000119,1018,402,616
116000120,0,0,0
116000121,186,136,50
116000122,0,0,0
116000123,790,79,711
116000124,0,0,0
116000125,843,37,806
116000126,0,0,0
116000127,0,0,0
116000128,764,100,664
116000129,0,0,0
116000130,0,0,0
116000133,348,12,336
116000134,151,10,141
116000135,805,174,631
116000136,130,106,24
116000137,323,125,198
116000138,0,0,0
116000139,500,1032,-532
116000140,1,2,-1
116000141,24,1,23
116000142,279,550,-271
116000143,416,162,254
116000144,205,153,52
116000145,1700,291,1409
116000146,125,6,119
116000147,134,373,-239
116000148,0,3,-3
116000149,0,0,0
116000151,34,111,-77
116000153,116,618,-502
116000155,148,465,-317
116000156,1,19,-18
116000157,117,0,117
116000158,519,29,490
116000159,73,1,72
116000160,0,0,0
116000161,0,0,0
116000162,0,0,0
116000163,0,0,0
116000164,0,0,0
116000177,11,0,11
116000194,0,0,0
116000195,560,112,448
116000196,0,0,0
116000197,0,0,0
116000198,493,387,106
116000200,0,29,-29
116000201,0,0,0
116000202,0,1,-1
116000203,0,0,0
116000204,0,0,0
116000205,0,0,0
116000206,0,0,0
116000207,0,0,0
116000233,0,0,0
116000287,0,0,0
116000288,174,80,94
116000292,0,0,0
116000296,0,1,-1
116000297,0,0,0
116000304,0,0,0
116000305,0,0,0
116000346,0,0,0
116000352,0,0,0
116000354,0,0,0
116000357,0,0,0
116000358,0,0,0
116000361,0,0,0
116000372,0,0,0
116000381,0,0,0
116000388,0,0,0
116000389,85,8,77
116000445,0,0,0
116000446,400,28,372
116000447,0,0,0
116000448,552,279,273
116000563,140,1098,-958
116000565,0,0,0
116000568,0,0,0
116000579,0,0,0
116000584,0,0,0
116000585,0,0,0
116000586,0,0,0
116000587,557,3,554
116000589,0,0,0
116000590,20,3,17
116000591,142,21,121
116000592,0,0,0
116000593,0,0,0
116000594,0,0,0
116000595,0,0,0
116000596,0,0,0
116000597,158,7,151
116000598,0,0,0
116000605,0,0,0
116000606,12,23,-11
116000607,0,0,0
116000609,0,0,0
116000611,0,0,0
116000612,1175,314,861
116000613,325,147,178
116000614,0,0,0
116000615,0,0,0
116000616,0,0,0
116000617,0,0,0
116000618,0,0,0
116000619,0,1,-1
116000620,658,18,640
116000621,0,59,-59
116000622,34,42,-8
116000624,2,0,2
116000627,0,0,0
116000628,0,0,0
116000629,0,0,0
116000630,3,0,3
116000631,2,0,2
116000632,206,0,206
116000633,73,1,72
116000634,0,0,0
116000635,1306,1344,-38
116000636,134,209,-75
116000637,0,0,0
116000638,94,3,91
116000639,8,0,8
116000640,42,1,41
116000641,0,0,0
116000643,0,0,0
116000644,0,0,0
116000645,0,0,0
116900001,0,0,0
116900002,0,0,0
116900003,0,0,0
116900004,0,0,0
116900005,0,0,0
116900006,2,0,2
116900007,0,0,0
116900008,0,0,0
116900009,0,0,0
116900010,0,0,0
116900011,0,0,0
116900012,0,0,0
116900013,0,0,0
116900014,0,0,0
116900015,0,0,0
116900016,0,0,0
116900017,0,0,0
116900019,0,0,0
116900020,0,0,0
116900023,0,0,0
116900024,0,0,0
116900025,0,0,0
116900026,0,0,0
116900027,0,0,0
116900028,0,0,0
116900029,0,0,0
116900031,0,0,0
116900032,0,0,0
116900033,0,0,0
116900034,0,0,0
116900035,0,0,0
116900036,0,0,0
116900038,0,0,0
116900041,0,0,0
116900042,0,0,0
116900043,0,0,0
116900047,0,0,0
116900049,0,0,0
116900050,0,0,0
116900051,0,0,0
116900052,0,0,0
116900055,0,0,0
116900057,0,0,0
116900058,0,0,0
116900059,0,0,0
116900060,0,0,0
116900062,0,0,0
116900064,0,0,0
116900065,0,0,0
116900067,0,0,0
116900068,0,0,0
116900070,0,0,0
116900072,0,0,0
116900073,0,0,0
116900074,0,0,0
116900076,0,0,0
116900077,0,0,0
116900078,0,0,0
116900079,0,0,0
116900080,0,0,0
116900081,0,0,0
116900082,0,0,0
116900083,0,0,0
116900084,0,0,0
116900085,0,0,0
116900086,0,0,0
116900088,0,0,0
116900090,0,0,0
116900091,0,0,0
116900092,0,0,0
116900093,0,0,0
116900094,0,0,0
116900095,0,0,0
116900096,0,0,0
116900097,0,0,0
116900098,0,0,0
116900099,0,0,0
116900100,0,0,0
116900101,0,0,0
116900103,0,0,0
116900104,0,0,0
116900105,0,0,0
116900106,0,0,0
116900107,0,0,0
116900110,0,0,0
116900111,268,2,266
116900112,94,0,94
116900113,47,26,21
116900116,0,0,0
116900117,0,0,0
116900118,0,0,0
116900120,0,0,0
116900121,0,0,0
116900122,0,0,0
116900123,0,0,0
116900124,0,0,0
116900125,0,0,0
116900126,0,0,0
116900128,0,0,0
116900129,0,0,0
116900130,0,0,0
116900131,0,0,0
116900132,0,0,0
116900133,0,0,0
116900134,0,0,0
116900136,0,0,0
116900137,0,0,0
116900138,0,0,0
116900139,0,0,0
116900140,0,0,0
116900141,0,0,0
116900142,0,0,0
116900143,0,0,0
116900144,0,0,0
116900145,0,0,0
116900147,0,0,0
116900148,0,0,0
116900149,0,0,0
116900150,0,0,0
116900151,0,0,0
116900153,0,0,0
116900154,0,0,0
116900155,0,0,0
116900157,0,0,0
116900158,0,0,0
116900159,0,0,0
116900160,0,0,0
116900161,0,0,0
116900163,0,0,0
116900164,0,0,0
116900165,0,0,0
116900166,0,0,0
116900167,0,0,0
116900168,0,0,0
116900169,0,0,0
116900170,0,0,0
116900171,0,0,0
116900172,0,0,0
116900173,0,0,0
116900174,0,0,0
116900175,0,0,0
116900178,0,0,0
116900179,0,0,0
116900180,0,0,0
116900182,0,0,0
116900183,0,0,0
116900185,0,0,0
116900186,0,0,0
116900187,0,0,0
116900188,0,0,0
116900189,0,0,0
116900191,0,0,0
116900192,0,0,0
116900194,0,0,0
116900195,0,0,0
116900196,0,0,0
116900197,0,0,0
116900198,0,0,0
116900200,0,0,0
116900201,0,0,0
116900202,0,0,0
116900203,0,0,0
116900204,0,0,0
116900206,0,0,0
116900207,0,0,0
116900208,16,1,15
116900209,0,0,0
116900210,0,0,0
116900211,0,0,0
116900212,0,0,0
116900213,0,0,0
116900214,0,0,0
116900215,0,0,0
116900216,0,0,0
116900218,0,0,0
116900219,0,0,0
116900220,0,0,0
116900221,0,0,0
116900222,143,66,77
116900223,0,0,0
116900226,0,0,0
116900227,0,0,0
116900228,0,0,0
116900230,0,0,0
116900231,0,0,0
116900232,0,0,0
116900233,0,0,0
116900234,0,0,0
116900235,0,0,0
116900238,0,0,0
116900239,0,0,0
116900240,0,0,0
116900241,0,0,0
116900242,0,0,0
116900243,0,0,0
116900245,0,0,0
116900246,0,0,0
116900247,0,0,0
116900248,0,0,0
116900249,0,0,0
116900250,0,0,0
116900251,0,0,0
116900252,163,2,161
116900254,0,0,0
116900255,0,0,0
116900256,0,0,0
116900257,0,0,0
116900258,0,0,0
116900259,0,0,0
116900260,0,0,0
116900261,0,0,0
116900262,0,0,0
116900263,0,0,0
116900264,134,1,133
116900265,0,0,0
116900266,0,0,0
116900267,0,0,0
116900268,0,0,0
116900269,334,118,216
116900271,0,0,0
116900272,0,0,0
116900273,0,0,0
116900274,0,0,0
116900275,0,0,0
116900276,58,2,56
116900277,0,0,0
116900278,0,0,0
116900279,0,0,0
116900280,0,0,0
116900281,0,0,0
116900282,0,0,0
116900283,0,0,0
116900284,0,0,0
116900285,0,0,0
116900286,0,0,0
116900287,0,0,0
116900288,0,0,0
116900289,0,0,0
116900290,0,0,0
116900291,0,0,0
116900292,0,0,0
116900293,0,0,0
116900294,0,0,0
116900295,0,0,0
116900296,0,0,0
116900297,0,0,0
116900298,0,0,0
116900299,0,0,0
116900300,0,0,0
116900301,0,0,0
116900302,0,0,0
116900303,0,0,0
116900304,0,0,0
116900305,0,0,0
116900306,22,9,13
116900307,0,0,0
116900308,0,0,0
116900309,0,0,0
116900310,0,0,0
117000001,912,530,382
117000002,6,41,-35
117000003,2420,1246,1174
117000004,216,156,60
117000005,1526,756,770
117000006,55,125,-70
117000007,3093,696,2397
117000008,39,138,-99
117000009,1863,396,1467
117000010,126,113,13
117000011,1177,223,954
117000012,192,66,126
117000013,976,159,817
117000014,29,273,-244
117000015,476,187,289
117000016,31,3,28
117000017,43,23,20
117000018,4,17,-13
117000019,19,12,7
117000020,52,19,33
117000021,73,4,69
117000022,93,36,57
117000023,13,25,-12
117000024,0,0,0
117000025,0,0,0
117000026,826,1114,-288
117000027,0,0,0
117000028,324,257,67
117000030,176,34,142
117000031,225,312,-87
117000032,450,311,139
117000033,345,311,34
117000034,112,73,39
117000035,649,132,517
117000036,100,137,-37
117000037,597,66,531
117000038,69,128,-59
117000039,470,49,421
117000040,0,0,0
117000041,546,34,512
117000044,0,0,0
117000045,52,32,20
117000046,0,0,0
117000047,734,359,375
117000048,0,0,0
117000049,2,41,-39
117000050,0,2,-2
117000051,629,261,368
117000052,0,0,0
117000053,0,0,0
117000054,1204,62,1142
117000055,1,34,-33
117000056,373,56,317
117000057,0,14,-14
117000060,0,0,0
117000061,448,370,78
117000062,0,0,0
117000063,356,108,248
117000064,0,0,0
117000066,4,9,-5
117000067,32,79,-47
117000074,1,56,-55
117000076,1,7,-6
117000077,100,95,5
117000078,0,0,0
117000079,37,0,37
117000080,0,0,0
117000081,129,1,128
117000082,0,0,0
117000083,68,0,68
117000084,43,0,43
117000085,27,35,-8
117000086,153,27,126
117000087,27,71,-44
117000088,218,136,82
117000089,1379,396,983
117000090,0,0,0
117000091,728,85,643
117000092,5,24,-19
117000093,1364,128,1236
117000094,35,38,-3
117000095,2160,126,2034
117000096,11,67,-56
117000097,1304,190,1114
117000098,54,65,-11
117000099,1512,221,1291
117000100,0,0,0
117000101,0,0,0
117000102,857,266,591
117000103,24,55,-31
117000104,795,181,614
117000105,16,56,-40
117000106,871,247,624
117000107,52,28,24
117000108,859,562,297
117000109,0,0,0
117000110,967,1015,-48
117000111,1957,1364,593
117000112,771,422,349
117000113,0,0,0
117000114,3,2,1
117000115,0,0,0
117000116,3,7,-4
117000117,86,106,-20
117000118,19,19,0
117000119,2,93,-91
117000120,0,62,-62
117000121,0,60,-60
117000122,0,109,-109
117000123,49,70,-21
117000124,5,0,5
117000125,1,0,1
117000126,14,0,14
117000127,4,1,3
117000128,3,1,2
117000129,170,702,-532
117000130,18,0,18
117000131,0,0,0
117000132,1820,19,1801
117000133,0,0,0
117000134,0,0,0
117000135,0,0,0
117000136,0,0,0
117000137,0,0,0
117000138,2,0,2
117000140,114,88,26
117000141,1179,223,956
117000181,0,0,0
117000182,0,0,0
117000195,0,0,0
117000196,0,0,0
117000225,0,0,0
117000226,0,0,0
117000276,0,0,0
117000277,0,0,0
117000310,1,284,-283
117000315,0,0,0
117000320,171,1,170
117000906,148,2,146
117000907,0,0,0
117000909,0,24,-24
117000910,0,0,0
117000911,1,27,-26
117000915,0,0,0
117000916,17,23,-6
117000917,317,4,313
117000918,51,85,-34
117000919,0,0,0
117000920,1,21,-20
117000921,0,0,0
117000922,2,4,-2
117000924,74,251,-177
117000926,35,7,28
117000927,119,476,-357
117000928,0,0,0
117000929,0,0,0
117000930,0,0,0
117000931,0,0,0
117900002,0,0,0
117900003,0,0,0
117900005,0,0,0
117900006,0,0,0
117900007,0,0,0
117900008,0,0,0
117900010,0,0,0
117900011,0,0,0
117900012,0,0,0
117900013,0,0,0
117900014,0,0,0
117900015,0,0,0
117900016,0,0,0
117900017,0,0,0
117900018,0,0,0
117900019,0,0,0
117900020,0,0,0
117900021,0,0,0
117900023,0,0,0
117900024,0,0,0
117900025,0,0,0
117900026,0,0,0
117900028,0,0,0
117900029,0,0,0
117900031,0,0,0
117900032,0,0,0
117900033,0,0,0
117900034,0,0,0
117900035,0,0,0
117900036,0,0,0
117900037,0,0,0
117900038,0,0,0
117900039,0,0,0
117900040,0,0,0
117900041,0,0,0
117900042,0,0,0
117900043,0,0,0
117900044,0,0,0
117900045,0,0,0
117900048,0,0,0
117900049,0,0,0
117900050,0,0,0
117900051,0,0,0
117900052,0,0,0
117900053,0,0,0
117900054,0,0,0
117900055,0,0,0
117900056,0,0,0
117900057,0,0,0
117900058,0,0,0
117900059,0,0,0
117900060,0,0,0
117900061,0,0,0
117900063,0,0,0
117900065,0,0,0
117900066,0,0,0
117900067,0,0,0
117900069,0,0,0
117900070,0,0,0
117900071,0,0,0
117900073,0,0,0
117900074,0,0,0
117900075,0,0,0
117900076,0,0,0
117900077,0,0,0
117900078,0,0,0
117900080,0,0,0
117900081,0,0,0
117900082,0,0,0
117900083,0,0,0
117900086,0,0,0
117900087,0,0,0
117900088,0,0,0
117900089,0,0,0
117900090,0,0,0
117900091,0,0,0
117900092,0,0,0
117900093,0,0,0
117900094,0,0,0
117900095,0,0,0
117900096,0,0,0
117900097,0,0,0
117900098,0,0,0
117900099,0,0,0
117900100,0,0,0
117900101,0,0,0
117900102,0,0,0
117900103,0,0,0
117900104,0,0,0
117900105,0,0,0
117900106,0,0,0
117900107,0,0,0
117900109,0,0,0
117900110,0,0,0
117900111,0,0,0
117900112,0,0,0
117900113,0,0,0
117900114,0,0,0
117900115,0,0,0
117900116,0,0,0
117900117,0,0,0
117900118,0,0,0
117900119,0,0,0
117900120,0,0,0
117900121,0,0,0
117900122,0,0,0
117900123,0,0,0
117900124,0,0,0
117900125,0,0,0
117900126,0,0,0
117900127,0,0,0
117900128,0,0,0
117900129,0,0,0
117900130,0,0,0
117900131,0,0,0
117900132,0,0,0
117900133,0,0,0
117900134,0,0,0
117900135,0,0,0
117900136,0,0,0
117900137,0,0,0
117900138,0,0,0
117900139,0,0,0
117900140,0,0,0
117900141,0,0,0
117900142,0,0,0
117900144,0,0,0
117900145,0,0,0
117900146,0,0,0
117900147,0,0,0
117900148,0,0,0
117900149,0,0,0
117900150,0,0,0
117900151,0,0,0
117900152,0,0,0
117900153,0,0,0
117900154,0,0,0
117900156,0,0,0
117900157,0,0,0
117900158,0,0,0
117900160,0,0,0
117900161,0,0,0
117900162,0,0,0
117900163,0,0,0
117900165,0,0,0
117900166,0,0,0
117900168,0,0,0
117900169,0,0,0
117900170,0,0,0
117900171,0,0,0
117900172,0,0,0
117900173,0,0,0
117900174,0,0,0
117900175,0,0,0
117900176,0,0,0
117900177,0,0,0
117900178,0,0,0
117900180,0,0,0
117900181,0,0,0
117900182,0,0,0
117900183,0,0,0
117900184,0,0,0
117900185,0,0,0
117900186,0,0,0
117900187,0,0,0
117900188,0,0,0
117900189,0,0,0
117900190,0,0,0
117900191,0,0,0
117900192,0,0,0
117900193,0,0,0
117900194,0,0,0
117900195,0,0,0
117900196,0,0,0
117900207,0,0,0
117900208,0,0,0
117900209,0,0,0
117900210,0,0,0
117900211,0,0,0
117900212,0,0,0
117900213,0,0,0
117900214,0,0,0
117900215,0,0,0
117900216,0,0,0
117900217,0,0,0
117900218,0,0,0
117900219,0,0,0
117900220,0,0,0
117900222,0,0,0
117900223,0,0,0
118000001,201,626,-425
118000002,7,95,-88
118000003,924,1807,-883
118000004,48,37,11
118000005,1528,1833,-305
118000006,79,142,-63
118000007,137,704,-567
118000008,118,356,-238
118000009,20,244,-224
118000010,149,419,-270
118000011,0,0,0
118000012,0,0,0
118000013,0,0,0
118000014,0,0,0
118000016,0,0,0
118000017,33,73,-40
118000018,0,0,0
118000019,1,0,1
118000020,0,0,0
118000021,0,6,-6
118000022,23,47,-24
118000023,170,125,45
118000024,207,276,-69
118000027,74,86,-12
118000029,35,382,-347
118000032,249,798,-549
118000033,651,1389,-738
118000034,43,93,-50
118000035,56,355,-299
118000036,44,159,-115
118000037,0,0,0
118000038,32,110,-78
118000039,0,0,0
118000040,111,167,-56
118000041,0,0,0
118000045,0,53,-53
118000046,4,273,-269
118000047,0,0,0
118000048,87,170,-83
118000051,9,292,-283
118000052,25,101,-76
118000053,3,47,-44
118000054,29,121,-92
118000055,18,31,-13
118000056,0,0,0
118000057,0,1,-1
118000058,0,0,0
118000059,8,6,2
118000060,8,2,6
118000061,21,78,-57
118000062,0,0,0
118000063,0,41,-41
118000064,2,105,-103
118000065,81,62,19
118000066,0,274,-274
118000067,4,37,-33
118000068,19,146,-127
118000069,5,35,-30
118000070,4,94,-90
118000071,64,67,-3
118000072,234,536,-302
118000073,18,163,-145
118000074,0,20,-20
118000075,0,67,-67
118000076,927,2431,-1504
118000077,0,0,0
118000078,689,957,-268
118000079,29,102,-73
118000080,0,0,0
118000081,317,623,-306
118000082,0,0,0
118000083,0,0,0
118000084,0,0,0
118000086,0,0,0
118000087,61,70,-9
118000088,203,415,-212
118000089,363,224,139
118000090,2,76,-74
118000091,44,125,-81
118000092,0,0,0
118000093,0,0,0
118000096,0,0,0
118000097,0,0,0
118000098,0,0,0
118000099,0,0,0
118000101,281,230,51
118000102,99,17,82
118000107,23,2,21
118000108,27,12,15
118000110,0,0,0
118000111,0,0,0
118000112,155,0,155
118000113,0,0,0
118000114,118,0,118
118000115,0,0,0
118000116,7,0,7
118000117,20,9,11
118000118,299,407,-108
118000119,182,294,-112
118000120,43,1,42
118000121,0,0,0
118000122,0,0,0
118000123,0,0,0
118000125,0,0,0
118000126,4,23,-19
118000127,52,270,-218
118000128,0,0,0
118000129,106,74,32
118000130,4,29,-25
118000131,19,15,4
118000132,253,379,-126
118000133,97,179,-82
118000135,109,203,-94
118000136,1,9,-8
118000137,0,0,0
118000138,0,0,0
118000139,0,0,0
118000140,0,19,-19
118000141,881,760,121
118000142,0,0,0
118000143,376,556,-180
118000144,131,93,38
118000145,374,126,248
118000146,557,32,525
118000147,362,35,327
118000148,36,125,-89
118000149,3,1,2
118000150,355,200,155
118000151,61,31,30
118000153,700,593,107
118000154,372,257,115
118000155,634,759,-125
118000156,192,110,82
118000157,340,67,273
118000158,9,2,7
118000159,77,144,-67
118000160,579,244,335
118000161,0,0,0
118000162,160,71,89
118000163,169,172,-3
118000164,686,209,477
118000168,0,0,0
118000169,0,0,0
118000170,19,9,10
118000171,3,0,3
118000172,0,0,0
118000173,261,165,96
118000175,310,486,-176
118000176,308,486,-178
118000177,199,389,-190
118000178,0,0,0
118000179,570,746,-176
118000180,524,395,129
118000181,15,43,-28
118000182,26,76,-50
118000183,73,71,2
118000184,870,253,617
118000185,0,0,0
118000186,0,0,0
118000187,92,0,92
118000188,0,0,0
118000189,0,1,-1
118000190,0,0,0
118000191,0,0,0
118000192,0,10,-10
118000193,0,0,0
118000194,484,737,-253
118000195,17,31,-14
118000196,0,0,0
118000197,12,0,12
118000198,1,90,-89
118000199,178,191,-13
118000200,0,0,0
118000201,0,0,0
118000202,0,0,0
118000203,0,0,0
118000204,1,37,-36
118000205,40,58,-18
118000206,52,28,24
118000207,0,0,0
118000208,181,365,-184
118000209,230,70,160
118000210,25,21,4
118000211,82,24,58
118000213,0,27,-27
118000214,23,37,-14
118000215,0,0,0
118000216,0,0,0
118000217,0,0,0
118000218,0,0,0
118000219,0,0,0
118000220,40,20,20
118000221,0,0,0
118000222,0,0,0
118000223,3,2,1
118000224,0,0,0
118000225,0,0,0
118000226,13,0,13
118000227,36,194,-158
118000228,0,0,0
118000229,0,0,0
118000230,0,0,0
118000231,0,0,0
118000232,0,0,0
118000233,149,14,135
118000234,0,0,0
118000236,4,1,3
118000237,0,0,0
118000238,0,0,0
118000239,163,13,150
118000240,0,0,0
118000241,0,0,0
118000242,0,0,0
118000243,0,0,0
118000244,0,0,0
118000246,0,0,0
118000255,0,0,0
118000256,0,0,0
118000259,0,0,0
118000260,0,0,0
118000261,0,0,0
118000263,0,0,0
118000266,0,0,0
118000267,0,0,0
118000268,9,1,8
118000270,0,0,0
118000271,4,6,-2
118000272,0,0,0
118000273,0,0,0
118000274,0,0,0
118000276,0,0,0
118000295,0,0,0
118000298,0,0,0
118000299,0,0,0
118000301,0,0,0
118000302,0,0,0
118000311,0,0,0
118000312,0,0,0
118000313,0,0,0
118000314,0,0,0
118000315,0,0,0
118000316,0,0,0
118000325,46,0,46
118000326,0,0,0
118000331,20,0,20
118000332,30,0,30
118000333,90,0,90
118000335,49,0,49
118000336,0,0,0
118000407,0,0,0
118000457,0,0,0
118000465,42,132,-90
118000480,0,0,0
118000489,31,40,-9
118000490,0,0,0
118000492,144,32,112
118000510,0,0,0
118000514,2,0,2
118000515,89,0,89
118000517,0,0,0
118000524,0,0,0
118000525,0,0,0
118000530,1,46,-45
118000531,126,18,108
118000532,0,0,0
118000533,0,0,0
118000534,0,0,0
118000535,79,21,58
118000536,0,0,0
118000537,0,0,0
118000538,0,0,0
118000539,0,29,-29
118000540,0,0,0
118000541,0,0,0
118000542,64,17,47
118000543,1,8,-7
118000546,0,0,0
118000553,0,0,0
118000560,0,0,0
118000562,0,0,0
118000563,480,813,-333
118000576,1,0,1
118000577,32,9,23
118000578,0,0,0
118000579,13,12,1
118000583,0,0,0
118000595,59,104,-45
118000596,0,0,0
118000597,63,16,47
118000598,0,0,0
118000599,0,0,0
118000600,0,0,0
118000601,0,0,0
118000602,0,0,0
118000603,0,0,0
118000605,0,0,0
118000606,0,0,0
118900001,0,0,0
118900002,0,0,0
118900003,0,0,0
118900004,0,0,0
118900005,0,0,0
118900006,0,0,0
118900007,0,0,0
118900008,0,0,0
118900009,0,0,0
118900010,0,0,0
118900011,0,0,0
118900012,26,0,26
118900013,0,0,0
118900015,0,0,0
118900016,0,0,0
118900017,0,0,0
118900018,0,0,0
118900019,0,0,0
118900020,0,0,0
118900021,0,0,0
118900022,0,0,0
118900023,0,0,0
118900024,0,0,0
118900025,0,0,0
118900026,0,0,0
118900027,0,0,0
118900028,0,0,0
118900029,0,0,0
118900030,0,0,0
118900031,0,0,0
118900032,0,0,0
118900033,0,0,0
118900034,0,0,0
118900035,0,0,0
118900036,0,0,0
118900037,0,0,0
118900038,0,0,0
118900039,0,0,0
118900040,0,0,0
118900041,0,0,0
118900042,0,0,0
118900045,0,0,0
118900046,0,0,0
118900047,0,0,0
118900048,0,0,0
118900049,0,0,0
118900050,0,0,0
118900051,2,2,0
118900052,0,0,0
118900053,0,0,0
118900054,0,0,0
118900055,0,0,0
118900056,0,0,0
118900057,0,0,0
118900058,0,0,0
118900059,0,0,0
118900060,0,0,0
118900062,0,0,0
118900064,0,0,0
118900065,0,0,0
118900066,0,0,0
118900067,0,0,0
118900068,0,0,0
118900069,0,0,0
118900071,0,0,0
118900072,0,0,0
118900073,0,0,0
118900074,0,0,0
118900075,0,0,0
118900076,0,0,0
118900077,0,0,0
118900078,0,0,0
118900079,0,0,0
118900080,0,0,0
118900081,0,0,0
118900082,0,0,0
118900083,0,0,0
118900084,0,0,0
118900085,0,0,0
118900086,0,0,0
118900087,0,0,0
118900088,0,0,0
118900089,0,0,0
118900090,0,0,0
118900091,0,0,0
118900092,0,0,0
118900093,0,0,0
118900096,37,99,-62
118900097,0,0,0
118900099,0,0,0
118900100,0,0,0
118900101,0,0,0
118900102,0,0,0
118900103,0,0,0
118900104,0,0,0
118900105,0,0,0
118900107,0,0,0
118900108,0,0,0
118900110,0,0,0
118900111,0,0,0
118900112,0,0,0
118900113,0,0,0
118900114,0,0,0
118900115,0,0,0
118900116,0,0,0
118900117,0,0,0
118900118,0,0,0
118900119,0,0,0
118900120,0,0,0
118900121,0,0,0
118900122,0,0,0
118900123,0,0,0
118900124,0,0,0
118900126,0,0,0
118900129,0,0,0
118900130,0,0,0
118900131,0,0,0
118900132,0,0,0
118900133,0,0,0
118900135,0,0,0
118900136,0,0,0
118900137,0,0,0
118900139,0,0,0
118900140,0,0,0
118900141,0,0,0
118900144,0,0,0
118900145,0,0,0
118900146,0,0,0
118900147,0,0,0
118900148,0,0,0
118900150,0,0,0
118900152,0,0,0
118900157,0,0,0
118900158,0,0,0
118900159,0,0,0
118900161,0,0,0
118900163,0,0,0
118900164,0,0,0
118900165,0,0,0
118900166,0,0,0
118900167,0,0,0
118900168,0,0,0
118900169,0,0,0
118900170,0,0,0
118900171,0,0,0
118900174,0,0,0
118900175,0,0,0
118900176,0,0,0
118900177,0,0,0
118900178,0,0,0
118900179,0,0,0
118900181,0,0,0
118900182,0,0,0
118900183,0,0,0
118900184,0,0,0
118900185,0,0,0
118900186,0,0,0
118900187,0,0,0
118900188,0,0,0
118900189,0,0,0
118900190,0,0,0
118900191,0,0,0
118900192,0,0,0
118900193,0,0,0
118900195,0,0,0
118900196,0,0,0
118900197,0,0,0
118900198,0,0,0
118900199,0,0,0
118900200,0,0,0
118900201,0,0,0
118900202,0,0,0
118900203,0,0,0
118900204,0,0,0
118900205,0,0,0
118900206,0,0,0
119000001,621,449,172
119000002,632,194,438
119000003,64,113,-49
119000004,40,100,-60
119000005,187,84,103
119000006,172,59,113
119000007,595,523,72
119000008,0,0,0
119000009,275,434,-159
119000010,0,0,0
119000011,505,327,178
119000012,24,45,-21
119000013,1379,497,882
119000014,8,98,-90
119000019,0,0,0
119000020,44,18,26
119000021,107,84,23
119000022,0,0,0
119000023,114,110,4
119000024,199,1471,-1272
119000025,19,62,-43
119000026,0,0,0
119000027,1,28,-27
119000028,37,48,-11
119000029,0,0,0
119000030,17,121,-104
119000031,0,0,0
119000032,4,47,-43
119000033,342,87,255
119000034,5,1,4
119000035,0,5,-5
119000036,149,35,114
119000037,4,40,-36
119000038,2,21,-19
119000039,22,43,-21
119000040,4,354,-350
119000041,9,18,-9
119000048,316,85,231
119000049,35,44,-9
119000050,5,8,-3
119000051,41,89,-48
119000052,1,2,-1
119000053,69,122,-53
119000054,204,52,152
119000055,1255,128,1127
119000056,603,254,349
119000057,58,44,14
119000058,82,46,36
119000059,713,179,534
119000060,0,0,0
119000061,62,61,1
119000062,0,0,0
119000063,48,46,2
119000064,25,52,-27
119000065,24,10,14
119000066,143,95,48
119000067,199,33,166
119000068,112,7,105
119000069,288,84,204
119000070,112,23,89
119000071,0,0,0
119000072,310,114,196
119000073,112,74,38
119000074,328,91,237
119000075,242,66,176
119000076,0,0,0
119000077,0,0,0
119000078,0,0,0
119000079,0,0,0
119000080,0,0,0
119000081,0,0,0
119000082,0,0,0
119000083,0,0,0
119000084,0,0,0
119000085,0,0,0
119000086,0,0,0
119000087,0,0,0
119000088,0,0,0
119000090,0,0,0
119000091,0,0,0
119000092,0,0,0
119000093,303,96,207
119000094,905,183,722
119000095,56,129,-73
119000097,170,60,110
119000098,216,583,-367
119000099,435,49,386
119000100,485,238,247
119000101,0,0,0
119000102,0,0,0
119000103,23,25,-2
119000104,0,0,0
119000105,88,74,14
119000106,0,0,0
119000107,130,148,-18
119000108,0,0,0
119000109,0,0,0
119000110,0,0,0
119000111,0,0,0
119000112,0,0,0
119000113,0,0,0
119000114,6,21,-15
119000115,0,0,0
119000116,3,33,-30
119000117,0,0,0
119000118,0,0,0
119000123,0,0,0
119000124,126,9,117
119000125,388,19,369
119000126,283,21,262
119000127,0,0,0
119000128,0,0,0
119000131,0,0,0
119000132,0,0,0
119000133,0,0,0
119000134,179,182,-3
119000135,0,0,0
119000136,0,0,0
119000137,0,0,0
119000138,0,0,0
119000139,0,0,0
119000140,0,0,0
119000284,0,0,0
119000285,0,0,0
119000286,0,0,0
119000287,0,0,0
119000288,0,0,0
119000289,0,0,0
119000290,63,9,54
119000291,0,0,0
119000293,31,31,0
119000294,136,103,33
119000295,0,0,0
119000296,0,0,0
119000302,0,0,0
119000303,20,4,16
119000310,0,0,0
119000314,0,0,0
119000315,0,0,0
119000316,0,0,0
119000317,0,0,0
119000319,0,0,0
119900001,0,0,0
119900002,0,0,0
119900003,0,0,0
119900004,0,0,0
119900005,0,0,0
119900006,0,0,0
119900007,0,0,0
119900008,0,0,0
119900009,0,0,0
119900010,0,0,0
119900011,0,0,0
119900012,0,0,0
119900013,0,0,0
119900014,0,0,0
119900015,0,0,0
119900016,0,0,0
119900017,0,0,0
119900018,0,0,0
119900019,0,0,0
119900020,0,0,0
119900021,0,0,0
119900022,0,0,0
119900023,0,0,0
119900025,0,0,0
119900026,0,0,0
119900027,0,0,0
119900028,0,0,0
119900029,0,0,0
119900030,0,0,0
119900031,0,0,0
119900033,0,0,0
119900034,0,0,0
119900037,0,0,0
119900038,0,0,0
119900039,0,0,0
119900040,0,0,0
119900041,0,0,0
119900042,0,0,0
119900043,0,0,0
119900044,0,0,0
119900046,0,0,0
119900047,0,0,0
119900048,0,0,0
119900049,0,0,0
119900050,0,0,0
119900051,0,0,0
119900052,0,0,0
119900053,0,0,0
119900054,0,0,0
119900055,0,0,0
119900057,0,0,0
119900058,0,0,0
119900059,0,0,0
119900060,0,0,0
119900061,0,0,0
119900062,0,0,0
119900063,0,0,0
119900065,0,0,0
119900067,0,0,0
119900068,0,0,0
119900069,0,0,0
119900070,0,0,0
119900071,0,0,0
119900073,0,0,0
119900074,0,0,0
119900075,0,0,0
119900076,0,0,0
119900077,0,0,0
119900078,0,0,0
119900079,0,0,0
119900080,1,1,0
119900081,0,0,0
119900082,0,0,0
119900083,0,0,0
119900084,0,0,0
119900085,0,0,0
119900086,0,0,0
119900087,0,0,0
119900088,0,0,0
119900089,0,0,0
119900090,0,0,0
119900091,0,0,0
119900092,0,0,0
119900093,0,0,0
119900094,0,0,0
119900095,0,0,0
119900096,0,0,0
119900097,0,0,0
119900098,0,0,0
119900099,0,0,0
119900100,0,0,0
119900101,0,0,0
119900102,0,0,0
119900103,0,0,0
119900104,0,0,0
119900105,0,0,0
119900106,0,0,0
119900107,0,0,0
119900108,0,0,0
119900109,0,0,0
119900110,0,0,0
119900111,0,0,0
119900112,0,0,0
119900113,0,0,0
119900114,0,0,0
119900115,0,0,0
119900116,0,0,0
119900117,0,0,0
119900118,0,0,0
119900119,0,0,0
119900120,0,0,0
119900121,0,0,0
119900122,0,0,0
119900123,0,0,0
119900124,0,0,0
119900125,0,0,0
119900126,0,0,0
119900127,0,0,0
119900128,0,0,0
119900129,0,0,0
119900130,0,0,0
119900131,0,0,0
119900132,0,0,0
119900133,0,0,0
119900134,0,0,0
119900135,0,0,0
119900136,0,0,0
119900138,0,0,0
119900139,0,0,0
119900140,0,0,0
119900141,0,0,0
119900142,0,0,0
119900143,0,0,0
119900144,0,0,0
119900145,0,0,0
119900146,0,0,0
119900147,0,0,0
119900148,0,0,0
119900149,0,0,0
119900150,0,0,0
119900151,0,0,0
119900152,0,0,0
119900153,0,0,0
119900154,0,0,0
119900155,0,0,0
119900156,1,1,0
119900157,0,0,0
119900158,0,0,0
119900159,0,0,0
119900160,0,0,0
119900161,0,0,0
119900162,0,0,0
119900163,0,0,0
119900164,0,0,0
119900165,0,0,0
119900166,0,0,0
119900167,0,0,0
119900168,0,0,0
119900169,0,0,0
119900170,0,0,0
119900171,0,0,0
119900172,0,0,0
119900173,0,0,0
119900174,0,0,0
119900175,0,0,0
119900177,0,0,0
119900178,0,0,0
119900179,0,0,0
119900180,0,0,0
119900181,0,0,0
119900182,0,0,0
119900183,0,0,0
119900184,0,0,0
119900185,0,0,0
119900186,0,0,0
119900187,0,0,0
119900188,0,0,0
119900189,0,0,0
119900190,0,0,0
119900191,0,0,0
119900192,0,0,0
119900193,0,0,0
119900194,0,0,0
119900195,0,0,0
119900196,0,0,0
119900197,0,0,0
119900198,0,0,0
119900199,0,0,0
119900200,0,0,0
119900201,0,0,0
119900202,0,0,0
119900203,0,0,0
119900204,0,0,0
119900205,0,0,0
119900206,0,0,0
119900208,0,0,0
119900209,0,0,0
119900210,0,0,0
119900211,0,0,0
119900212,0,0,0
119900213,0,0,0
119900214,0,0,0
119900215,0,0,0
119900216,0,0,0
119900217,0,0,0
119900218,0,0,0
119900219,0,0,0
119900220,0,0,0
119900221,0,0,0
119900222,0,0,0
119900223,0,0,0
119900224,0,0,0
119900225,0,0,0
119900226,0,0,0
119900227,0,0,0
119900228,0,0,0
119900229,0,0,0
119900230,0,0,0
119900231,0,0,0
119900232,0,0,0
119900233,0,0,0
119900234,0,0,0
119900235,0,0,0
119900236,0,0,0
119900237,0,0,0
119900238,0,0,0
119900240,0,0,0
119900241,0,0,0
119900242,0,0,0
119900244,0,0,0
119900245,0,0,0
119900246,0,0,0
119900247,0,0,0
119900248,0,0,0
119900249,0,0,0
119900253,0,0,0
119900254,0,0,0
119900255,0,0,0
119900256,0,0,0
119900257,0,0,0
119900258,0,0,0
119900259,0,0,0
119900260,0,0,0
119900261,0,0,0
119900262,0,0,0
119900263,0,0,0
119900264,0,0,0
119900265,0,0,0
119900266,0,0,0
119900267,0,0,0
119900268,0,0,0
119900269,0,0,0
119900271,0,0,0
119900272,0,0,0
119900275,0,0,0
119900276,0,0,0
119900277,0,0,0
119900278,0,0,0
119900279,0,0,0
119900280,0,0,0
119900281,0,0,0
119900282,0,0,0
119900283,0,0,0
119900284,0,0,0
119900285,0,0,0
119900286,0,0,0
119900288,0,0,0
119900289,0,0,0
119900290,0,0,0
119900291,0,0,0
119900292,0,0,0
119900293,0,0,0
119900294,0,0,0
119900295,0,0,0
119900296,0,0,0
119900297,0,0,0
119900298,0,0,0
119900299,0,0,0
119900300,0,0,0
119900301,0,0,0
119900302,0,0,0
119900303,0,0,0
119900304,0,0,0
119900305,0,0,0
119900306,0,0,0
119900307,0,0,0
119900308,0,0,0
119900309,0,0,0
119900310,0,0,0
119900311,0,0,0
119900312,0,0,0
119900313,0,0,0
119900314,0,0,0
119900315,0,0,0
119900318,0,0,0
119900319,0,0,0
119900320,0,0,0
119900321,0,0,0
120000001,1908,2224,-316
120000002,138,65,73
120000003,42,64,-22
120000004,34,93,-59
120000005,175,98,77
120000006,46,74,-28
120000007,193,61,132
120000008,16,70,-54
120000009,26,25,1
120000010,150,39,111
120000011,9,93,-84
120000012,49,190,-141
120000013,653,173,480
120000014,229,307,-78
120000015,1058,450,608
120000016,2073,838,1235
120000017,620,452,168
120000018,1398,574,824
120000019,306,126,180
120000020,882,411,471
120000021,345,930,-585
120000022,2126,1303,823
120000023,512,328,184
120000024,300,255,45
120000025,794,281,513
120000026,540,500,40
120000027,589,649,-60
120000028,1,0,1
120000029,23,238,-215
120000030,9,176,-167
120000031,870,523,347
120000032,388,154,234
120000033,261,58,203
120000034,263,96,167
120000035,501,117,384
120000036,1313,984,329
120000037,335,695,-360
120000038,213,792,-579
120000039,3,38,-35
120000040,0,18,-18
120000041,11,22,-11
120000042,49,43,6
120000043,141,54,87
120000044,131,26,105
120000045,22,0,22
120000046,65,12,53
120000047,8,26,-18
120000048,448,213,235
120000049,608,257,351
120000050,70,212,-142
120000051,50,215,-165
120000052,0,0,0
120000053,203,21,182
120000054,125,36,89
120000055,145,35,110
120000056,445,248,197
120000057,401,67,334
120000058,40,42,-2
120000059,2,258,-256
120000061,0,0,0
120000062,1,0,1
120000063,32,0,32
120000064,48,1,47
120000065,136,3,133
120000066,56,2,54
120000067,0,5,-5
120000068,7,35,-28
120000069,105,37,68
120000070,11,5,6
120000071,291,141,150
120000072,489,149,340
120000073,216,184,32
120000074,97,78,19
120000075,646,173,473
120000076,926,167,759
120000077,367,248,119
120000078,582,348,234
120000079,0,0,0
120000080,0,0,0
120000081,0,0,0
120000082,0,0,0
120000083,0,0,0
120000084,27,1,26
120000085,24,0,24
120000086,40,11,29
120000087,8,2,6
120000088,393,93,300
120000089,772,41,731
120000090,276,54,222
120000091,497,215,282
120000092,610,140,470
120000093,115,143,-28
120000094,108,426,-318
120000095,0,0,0
120000096,0,0,0
120000098,0,0,0
120000099,0,0,0
120000100,144,1,143
120000101,111,11,100
120000102,57,633,-576
120000103,621,597,24
120000104,1111,79,1032
120000105,1650,95,1555
120000106,1533,27,1506
120000107,1699,48,1651
120000108,828,11,817
120000109,377,26,351
120000110,0,46,-46
120000111,0,6,-6
120000112,1,5,-4
120000113,2,7,-5
120000114,15,5,10
120000115,2,11,-9
120000116,25,16,9
120000117,1,1,0
120000118,0,0,0
120000119,19,30,-11
120000120,0,0,0
120000121,46,35,11
120000122,194,94,100
120000123,284,194,90
120000124,161,172,-11
120000125,24,20,4
120000126,129,176,-47
120000127,210,112,98
120000128,149,31,118
120000129,156,51,105
120000130,602,114,488
120000131,128,69,59
120000134,0,0,0
120000135,0,0,0
120000137,0,0,0
120000138,0,0,0
120000139,0,0,0
120000140,0,0,0
120000141,0,0,0
120000142,0,0,0
120000143,0,0,0
120000144,0,0,0
120000145,0,0,0
120000146,344,758,-414
120000149,0,0,0
120000150,0,0,0
120000151,228,58,170
120000152,184,36,148
120000153,0,0,0
120000154,25,2,23
120000155,99,50,49
120000156,206,25,181
120000157,262,88,174
120000158,0,0,0
120000159,95,225,-130
120000160,530,227,303
120000161,291,190,101
120000162,21,155,-134
120000163,0,0,0
120000164,0,0,0
120000165,64,4,60
120000166,127,58,69
120000167,0,0,0
120000168,0,0,0
120000169,0,0,0
120000170,0,0,0
120000171,0,0,0
120000172,0,0,0
120000173,0,0,0
120000174,0,0,0
120000175,0,0,0
120000176,0,0,0
120000177,0,0,0
120000178,0,0,0
120000179,0,0,0
120000180,0,0,0
120000181,0,0,0
120000182,0,0,0
120000183,0,0,0
120000184,0,0,0
120000186,0,0,0
120000187,0,0,0
120000188,0,0,0
120000190,0,0,0
120000191,0,0,0
120000192,0,0,0
120000193,0,0,0
120000195,0,0,0
120000196,0,0,0
120000197,0,0,0
120000198,0,0,0
120000199,0,0,0
120000200,0,0,0
120000201,0,0,0
120000202,0,0,0
120000203,0,0,0
120000207,0,0,0
120000208,0,0,0
120000209,0,0,0
120000210,0,0,0
120000211,0,0,0
120000212,0,0,0
120000213,0,0,0
120000214,0,0,0
120000215,0,0,0
120000216,0,0,0
120000217,0,0,0
120000218,0,0,0
120000219,0,0,0
120000220,0,0,0
120000225,0,0,0
120000226,0,0,0
120000227,0,0,0
120000228,0,0,0
120000230,0,0,0
120000231,0,0,0
120000233,311,0,311
120000235,0,18,-18
120000236,957,8,949
120000237,0,0,0
120000238,0,0,0
120000241,586,488,98
120000412,0,0,0
120000413,0,0,0
120000414,0,0,0
120000415,0,0,0
120000416,0,0,0
120000417,0,0,0
120000418,0,0,0
120000419,0,0,0
120000420,98,10,88
120000421,379,271,108
120000422,0,0,0
120000423,0,0,0
120000424,0,0,0
120000436,139,20,119
120000437,0,0,0
120000438,0,0,0
120000439,357,178,179
120000443,2,0,2
120000444,567,121,446
120000445,368,319,49
120000446,264,29,235
120000447,517,0,517
120000449,0,0,0
120000450,0,0,0
120000451,62,44,18
120000452,0,0,0
120000453,0,0,0
120000454,153,16,137
120000455,19,94,-75
120000456,7,158,-151
120000457,78,41,37
120000458,6,0,6
120000459,62,41,21
120000665,6,127,-121
120000668,0,49,-49
120000669,2,3,-1
120000670,0,46,-46
120000671,62,56,6
120000672,0,12,-12
120900001,0,0,0
120900002,0,0,0
120900003,0,0,0
120900004,0,0,0
120900005,0,0,0
120900006,0,0,0
120900007,0,0,0
120900008,0,0,0
120900009,0,0,0
120900010,0,0,0
120900011,0,0,0
120900012,0,0,0
120900013,0,0,0
120900014,0,0,0
120900015,0,0,0
120900016,0,0,0
120900017,0,0,0
120900018,0,0,0
120900019,0,0,0
120900020,0,0,0
120900021,0,0,0
120900022,0,0,0
120900023,0,0,0
120900024,0,0,0
120900025,0,0,0
120900026,0,0,0
120900027,0,0,0
120900028,0,0,0
120900029,0,0,0
120900030,0,0,0
120900031,0,0,0
120900032,0,0,0
120900033,0,0,0
120900034,0,0,0
120900035,0,0,0
120900037,0,0,0
120900038,0,0,0
120900039,0,0,0
120900040,0,0,0
120900041,0,0,0
120900042,0,0,0
120900043,0,0,0
120900044,0,0,0
120900045,0,0,0
120900046,0,0,0
120900047,0,0,0
120900048,0,0,0
120900049,0,0,0
120900050,0,0,0
120900051,0,0,0
120900052,0,0,0
120900053,0,0,0
120900054,0,0,0
120900055,0,0,0
120900056,0,0,0
120900057,0,0,0
120900058,0,0,0
120900059,0,0,0
120900060,0,0,0
120900061,0,0,0
120900062,0,0,0
120900063,0,0,0
120900064,0,0,0
120900065,0,0,0
120900066,2,0,2
120900067,0,0,0
120900068,0,0,0
120900069,0,0,0
120900071,0,0,0
120900072,0,0,0
120900073,0,0,0
120900074,0,0,0
120900076,0,0,0
120900077,0,0,0
120900078,0,0,0
120900079,0,0,0
120900080,0,0,0
120900081,0,0,0
120900082,0,0,0
120900083,0,0,0
120900084,0,0,0
120900085,0,0,0
120900086,0,0,0
120900087,0,0,0
120900088,0,0,0
120900089,0,0,0
120900090,0,0,0
120900091,0,0,0
120900092,0,0,0
120900093,0,0,0
120900094,0,0,0
120900095,0,0,0
120900096,0,0,0
120900097,0,0,0
120900098,0,0,0
120900099,0,0,0
120900100,0,0,0
120900101,0,0,0
120900102,0,0,0
120900103,0,0,0
120900104,0,0,0
120900105,0,0,0
120900106,0,0,0
120900107,0,0,0
120900108,0,0,0
120900109,0,0,0
120900110,0,0,0
120900111,0,0,0
120900112,0,0,0
120900113,0,0,0
120900114,0,0,0
120900115,61,21,40
120900116,0,0,0
120900117,0,0,0
120900118,0,0,0
120900119,0,0,0
120900120,0,0,0
120900121,0,0,0
120900122,0,0,0
120900123,0,0,0
120900124,0,0,0
120900125,0,0,0
120900126,0,0,0
120900127,0,0,0
120900128,0,0,0
120900129,0,0,0
120900130,0,0,0
120900131,0,0,0
120900132,0,0,0
120900133,0,0,0
120900134,0,0,0
120900135,0,0,0
120900136,0,0,0
120900137,0,0,0
120900138,0,0,0
120900139,0,0,0
120900140,0,0,0
120900141,0,0,0
120900142,0,0,0
120900143,0,0,0
120900144,0,0,0
120900145,0,0,0
120900146,0,0,0
120900147,0,0,0
120900148,0,0,0
120900149,0,0,0
120900150,0,0,0
120900151,0,0,0
120900152,0,0,0
120900153,0,0,0
120900154,0,0,0
120900155,0,0,0
120900156,0,0,0
120900157,0,0,0
120900158,0,0,0
120900159,0,0,0
120900160,0,0,0
120900161,0,0,0
120900162,0,0,0
120900163,0,0,0
120900164,0,0,0
120900165,0,0,0
120900166,0,0,0
120900167,0,0,0
120900169,0,0,0
120900170,0,0,0
120900171,0,0,0
120900172,0,0,0
120900173,0,0,0
120900174,0,0,0
120900175,0,0,0
120900176,0,0,0
120900177,0,0,0
120900178,0,0,0
120900179,0,0,0
120900180,0,0,0
120900181,0,0,0
120900182,0,0,0
120900183,0,0,0
120900184,0,0,0
120900185,0,0,0
120900186,0,0,0
120900187,0,0,0
120900188,0,0,0
120900189,0,0,0
120900190,0,0,0
120900191,0,0,0
120900192,0,0,0
120900194,0,0,0
120900195,0,0,0
120900196,0,0,0
120900197,0,0,0
120900198,0,0,0
120900199,0,0,0
120900200,0,0,0
120900201,0,0,0
120900202,0,0,0
120900203,0,0,0
120900204,0,0,0
120900205,0,0,0
120900206,0,0,0
120900207,0,0,0
121000001,0,0,0
121000002,167,119,48
121000003,1,1,0
121000004,131,228,-97
121000005,5,31,-26
121000006,89,284,-195
121000007,13,23,-10
121000008,427,304,123
121000009,38,95,-57
121000010,408,271,137
121000011,157,166,-9
121000012,745,511,234
121000013,226,330,-104
121000014,1316,565,751
121000015,521,922,-401
121000016,652,432,220
121000017,51,150,-99
121000018,144,320,-176
121000019,201,171,30
121000020,640,912,-272
121000021,20,12,8
121000022,75,417,-342
121000023,23,15,8
121000024,672,566,106
121000025,17,84,-67
121000026,26,54,-28
121000027,38,103,-65
121000028,8,79,-71
121000029,60,4,56
121000030,0,0,0
121000031,2,1,1
121000032,0,0,0
121000034,20,9,11
121000035,0,0,0
121000036,26,41,-15
121000037,29,46,-17
121000038,41,144,-103
121000039,0,0,0
121000041,0,0,0
121000042,0,20,-20
121000043,22,43,-21
121000044,2,31,-29
121000045,4,10,-6
121000046,0,0,0
121000047,0,0,0
121000049,87,46,41
121000050,64,256,-192
121000051,14,38,-24
121000052,20,86,-66
121000053,3,4,-1
121000054,0,0,0
121000055,0,0,0
121000056,235,309,-74
121000057,0,0,0
121000058,0,0,0
121000059,7,22,-15
121000060,36,42,-6
121000061,0,11,-11
121000062,0,36,-36
121000063,9,23,-14
121000064,14,22,-8
121000065,19,14,5
121000066,0,0,0
121000067,0,0,0
121000068,10,3,7
121000069,0,8,-8
121000070,48,91,-43
121000071,47,197,-150
121000072,36,30,6
121000073,10,129,-119
121000074,0,0,0
121000075,0,0,0
121000076,2,1,1
121000077,3,18,-15
121000078,0,0,0
121000080,71,93,-22
121000081,198,154,44
121000082,7,47,-40
121000083,4,3,1
121000084,0,0,0
121000085,54,37,17
121000086,0,82,-82
121000087,1,90,-89
121000088,0,0,0
121000089,0,134,-134
121000090,0,0,0
121000091,310,94,216
121000092,3,22,-19
121000093,3,54,-51
121000094,44,18,26
121000095,0,7,-7
121000096,0,0,0
121000097,0,0,0
121000098,22,26,-4
121000099,13,29,-16
121000100,0,0,0
121000101,1,26,-25
121000102,0,0,0
121000103,1,8,-7
121000104,0,0,0
121000105,0,0,0
121000106,2,3,-1
121000107,156,204,-48
121000109,68,212,-144
121000110,0,3,-3
121000114,216,282,-66
121000115,0,0,0
121000116,0,0,0
121000117,7,2,5
121000118,0,0,0
121000119,0,0,0
121000120,0,59,-59
121000121,6,3,3
121000123,0,2,-2
121000127,0,0,0
121000128,0,0,0
121000129,0,0,0
121000130,4,2,2
121000131,0,0,0
121000132,27,18,9
121000135,0,0,0
121000136,28,63,-35
121000137,0,0,0
121000138,10,10,0
121000139,0,0,0
121000141,0,0,0
121000142,0,0,0
121000143,0,0,0
121000144,0,0,0
121000145,0,0,0
121000146,39,12,27
121000147,10,79,-69
121000148,0,0,0
121000149,260,366,-106
121000152,6,26,-20
121000153,70,17,53
121000154,113,20,93
121000155,131,56,75
121000156,85,41,44
121000157,25,14,11
121000158,24,35,-11
121000159,5,31,-26
121000160,2,2,0
121000161,0,0,0
121000162,0,0,0
121000165,70,737,-667
121000166,41,14,27
121000168,8,74,-66
121000169,0,5,-5
121000170,54,57,-3
121000171,8,40,-32
121000172,21,77,-56
121000173,1,8,-7
121000174,5,6,-1
121000175,25,9,16
121000176,9,7,2
121000177,3,2,1
121000178,0,0,0
121000179,14,7,7
121000181,30,45,-15
121000182,40,89,-49
121000183,18,32,-14
121000184,2,46,-44
121000185,0,32,-32
121000186,0,20,-20
121000187,0,0,0
121000188,0,0,0
121000192,28,7,21
121000193,0,0,0
121000194,35,205,-170
121000195,0,0,0
121000196,0,0,0
121000197,1,0,1
121000198,0,0,0
121000199,0,3,-3
121000200,0,0,0
121000201,0,0,0
121000202,0,0,0
121000203,0,0,0
121000204,0,0,0
121000205,17,28,-11
121000206,0,0,0
121000207,0,0,0
121000208,0,0,0
121000209,69,2,67
121000210,0,0,0
121000211,0,1,-1
121000212,0,0,0
121000213,36,117,-81
121000214,27,114,-87
121000215,87,39,48
121000216,42,38,4
121000217,510,163,347
121000218,3,30,-27
121000219,188,87,101
121000220,0,0,0
121000221,8,65,-57
121000222,13,69,-56
121000223,0,0,0
121000224,0,0,0
121000225,1,46,-45
121000226,12,185,-173
121000227,0,0,0
121000228,0,0,0
121000229,0,0,0
121000230,0,0,0
121000231,159,6,153
121000232,0,0,0
121000233,136,13,123
121000234,3,7,-4
121000235,0,10,-10
121000236,0,12,-12
121000237,22,0,22
121000238,0,1,-1
121000239,1,0,1
121000240,0,9,-9
121000241,47,0,47
121000242,0,4,-4
121000243,34,0,34
121000244,0,0,0
121000245,1,0,1
121000246,0,0,0
121000247,9,0,9
121000248,10,3,7
121000249,0,0,0
121000250,28,100,-72
121000251,0,0,0
121000252,2,27,-25
121000253,0,0,0
121000254,49,13,36
121000255,0,0,0
121000256,3,31,-28
121000257,0,0,0
121000258,9,24,-15
121000259,0,0,0
121000260,0,0,0
121000261,1,21,-20
121000262,0,0,0
121000263,5,27,-22
121000271,0,0,0
121000273,0,0,0
121000274,0,6,-6
121000275,0,0,0
121000276,0,1,-1
121000278,56,0,56
121000279,0,0,0
121000280,2,28,-26
121000289,8,13,-5
121000290,63,31,32
121000294,0,0,0
121000297,71,27,44
121000299,0,0,0
121000300,0,0,0
121000302,0,86,-86
121000303,16,3,13
121000304,170,165,5
121000305,54,124,-70
121000306,54,114,-60
121000308,0,0,0
121000309,0,0,0
121000310,0,0,0
121000311,0,0,0
121000312,74,22,52
121000313,0,0,0
121000314,0,0,0
121000315,0,0,0
121000530,145,122,23
121000531,356,233,123
121000532,923,319,604
121000533,3905,1268,2637
121000918,0,0,0
121000919,0,0,0
121000938,0,0,0
121000939,19,27,-8
121000956,0,0,0
121000957,0,0,0
121000958,1,11,-10
121000959,37,2,35
121000960,45,39,6
121000961,120,0,120
121000962,0,7,-7
121000963,0,0,0
121000973,0,0,0
121000976,0,0,0
121000979,0,0,0
121000981,52,0,52
121000982,0,0,0
121000983,1,0,1
121000984,0,0,0
121000985,0,0,0
121000986,0,0,0
121000987,0,0,0
121000988,182,25,157
121001302,0,0,0
121001308,0,0,0
121001309,0,0,0
121001313,0,0,0
121001314,0,0,0
121001315,1249,98,1151
121001326,0,0,0
121900001,4,58,-54
121900002,0,0,0
121900003,0,0,0
121900004,0,0,0
121900005,0,0,0
121900006,0,0,0
121900007,0,0,0
121900008,0,0,0
121900009,0,0,0
121900010,0,0,0
121900011,1,0,1
121900012,0,0,0
121900013,0,0,0
121900014,0,0,0
121900015,0,0,0
121900016,0,0,0
121900017,0,0,0
121900018,0,0,0
121900019,0,0,0
121900020,0,0,0
121900021,0,0,0
121900022,0,0,0
121900023,0,0,0
121900024,0,0,0
121900025,0,0,0
121900026,0,0,0
121900027,0,0,0
121900028,0,0,0
121900029,0,0,0
121900030,0,0,0
121900031,0,0,0
121900032,0,0,0
121900033,0,0,0
121900034,0,0,0
121900035,0,0,0
121900036,0,0,0
121900037,0,0,0
121900038,0,0,0
121900039,0,0,0
121900040,0,0,0
121900041,0,0,0
121900042,0,0,0
121900043,0,0,0
121900044,0,0,0
121900046,0,0,0
121900047,0,0,0
121900048,0,0,0
121900050,0,0,0
121900051,0,0,0
121900052,0,0,0
121900053,0,0,0
121900054,0,0,0
121900055,0,0,0
121900058,0,0,0
121900059,0,0,0
121900060,0,0,0
121900062,0,0,0
121900063,0,0,0
121900064,0,0,0
121900066,0,0,0
121900067,0,0,0
121900069,0,0,0
121900070,0,0,0
121900071,0,0,0
121900072,0,0,0
121900073,0,0,0
121900074,0,0,0
121900075,0,0,0
121900076,0,0,0
121900078,0,0,0
121900079,0,0,0
121900080,0,0,0
121900082,0,0,0
121900084,0,0,0
121900086,0,0,0
121900087,0,0,0
121900088,0,0,0
121900089,0,0,0
121900090,0,0,0
121900091,0,0,0
121900092,0,0,0
121900093,0,0,0
121900094,0,0,0
121900095,0,0,0
121900096,0,0,0
121900097,0,0,0
121900098,0,0,0
121900099,0,0,0
121900100,0,0,0
121900101,0,0,0
121900102,0,0,0
121900103,0,0,0
121900104,0,0,0
121900105,0,0,0
121900106,0,0,0
121900107,0,0,0
121900108,0,0,0
121900109,0,0,0
121900110,0,0,0
121900111,0,0,0
121900112,0,0,0
121900113,0,0,0
121900114,0,0,0
121900117,0,0,0
121900118,0,0,0
121900119,0,0,0
121900120,0,0,0
121900121,0,0,0
121900122,0,0,0
121900123,0,0,0
121900124,0,0,0
121900125,0,0,0
121900127,0,0,0
121900128,0,0,0
121900129,0,0,0
121900130,0,0,0
121900131,0,0,0
121900132,0,0,0
121900133,0,0,0
121900134,0,0,0
121900135,0,0,0
121900136,0,0,0
121900137,0,0,0
121900138,0,0,0
121900139,0,0,0
121900140,0,0,0
121900141,0,0,0
121900142,0,0,0
121900143,0,0,0
121900144,0,0,0
121900145,0,0,0
121900146,0,0,0
121900147,0,0,0
121900148,0,0,0
121900149,0,0,0
121900150,0,0,0
121900151,0,0,0
121900152,0,0,0
121900153,0,0,0
121900154,0,0,0
121900155,0,0,0
121900156,0,0,0
121900157,0,0,0
121900158,0,0,0
121900159,0,0,0
121900160,0,0,0
121900161,0,0,0
121900162,0,0,0
121900163,0,0,0
121900164,0,0,0
121900165,0,0,0
121900166,0,0,0
121900167,0,0,0
121900168,0,0,0
121900169,0,0,0
121900170,0,0,0
121900171,0,0,0
121900172,0,0,0
121900173,0,0,0
121900174,0,0,0
121900175,0,0,0
121900176,0,0,0
121900177,0,0,0
121900178,0,0,0
121900179,0,0,0
121900180,0,0,0
121900182,0,0,0
121900183,0,0,0
121900184,0,0,0
121900186,0,0,0
121900187,0,0,0
121900188,0,0,0
121900189,0,0,0
121900190,0,0,0
121900191,0,0,0
121900192,0,0,0
121900193,0,0,0
121900194,0,0,0
121900195,0,0,0
121900196,0,0,0
121900197,0,0,0
121900198,0,0,0
121900199,0,0,0
121900200,0,0,0
121900201,0,0,0
121900202,0,0,0
121900203,0,0,0
121900204,0,0,0
121900205,0,0,0
121900206,0,0,0
121900207,0,0,0
121900208,0,0,0
121900209,0,0,0
121900210,0,0,0
121900211,0,0,0
121900212,0,0,0
121900213,0,0,0
121900214,0,0,0
121900215,0,0,0
121900216,0,0,0
121900217,0,0,0
121900218,0,0,0
121900220,0,0,0
121900221,0,0,0
121900222,0,0,0
121900223,0,0,0
121900224,0,0,0
121900225,0,0,0
121900226,0,0,0
121900227,0,0,0
121900228,0,0,0
121900230,0,0,0
121900231,0,0,0
121900232,0,0,0
121900233,0,0,0
121900234,0,0,0
121900235,0,0,0
121900236,0,0,0
121900237,0,0,0
121900238,0,0,0
121900239,0,0,0
121900240,0,0,0
121900241,0,0,0
121900242,0,0,0
121900243,0,0,0
121900244,0,0,0
121900245,0,0,0
121900246,0,0,0
121900248,0,0,0
121900250,0,0,0
121900251,0,0,0
121900252,0,0,0
121900253,0,0,0
121900254,0,0,0
121900255,0,0,0
121900258,0,0,0
121900259,0,0,0
121900260,0,0,0
121900261,0,0,0
121900262,0,0,0
121900263,0,0,0
121900264,0,0,0
121900265,0,0,0
121900266,0,0,0
121900267,0,0,0
121900269,0,0,0
121900270,0,0,0
121900271,0,0,0
121900273,0,0,0
121900274,0,0,0
121900277,0,0,0
121900278,0,0,0
121900279,0,0,0
121900280,0,0,0
121900281,0,0,0
121900284,0,0,0
121900286,0,0,0
121900287,0,0,0
121900288,0,0,0
121900290,0,0,0
121900291,0,0,0
121900292,0,0,0
121900293,0,0,0
121900294,0,0,0
121900295,0,0,0
121900296,0,0,0
121900298,0,0,0
121900299,0,0,0
121900300,0,0,0
121900301,0,0,0
121900302,0,0,0
121900303,0,0,0
121900304,0,0,0
121900305,0,0,0
121900306,0,0,0
121900307,0,0,0
121900308,0,0,0
121900309,0,0,0
121900310,0,0,0
121900311,0,0,0
121900312,0,0,0
121900313,0,0,0
121900314,0,0,0
121900315,0,0,0
121900316,0,0,0
121900317,0,0,0
121900318,0,0,0
121900319,0,0,0
121900320,0,0,0
121900321,0,0,0
121900322,0,0,0
121900323,0,0,0
121900324,0,0,0
121900325,0,0,0
121900326,0,0,0
121900327,0,0,0
121900328,0,0,0
121900329,0,0,0
121900330,0,0,0
121900331,0,0,0
121900332,0,0,0
121900333,0,0,0
121900334,0,0,0
122000001,78,131,-53
122000002,66,44,22
122000003,65,114,-49
122000004,86,82,4
122000005,346,656,-310
122000006,112,231,-119
122000007,31,212,-181
122000008,48,211,-163
122000009,13,41,-28
122000010,425,252,173
122000011,132,144,-12
122000012,99,81,18
122000013,6,23,-17
122000014,0,7,-7
122000015,7,40,-33
122000016,2,79,-77
122000017,0,2,-2
122000018,0,0,0
122000019,0,14,-14
122000020,0,0,0
122000021,0,0,0
122000022,69,25,44
122000023,12,16,-4
122000024,140,133,7
122000025,16,117,-101
122000026,286,190,96
122000027,0,0,0
122000028,60,23,37
122000029,19,17,2
122000031,1,4,-3
122000032,41,42,-1
122000033,65,158,-93
122000034,0,0,0
122000035,0,0,0
122000036,0,0,0
122000037,0,3,-3
122000038,11,3,8
122000039,0,0,0
122000040,0,0,0
122000041,0,4,-4
122000042,0,9,-9
122000043,5,1,4
122000044,0,0,0
122000045,53,10,43
122000046,20,13,7
122000047,0,0,0
122000048,288,579,-291
122000049,463,200,263
122000050,20,10,10
122000051,3,17,-14
122000052,1,7,-6
122000053,18,541,-523
122000054,39,126,-87
122000055,398,509,-111
122000056,161,80,81
122000057,66,207,-141
122000058,53,57,-4
122000059,50,56,-6
122000060,0,0,0
122000061,0,0,0
122000062,48,15,33
122000063,0,22,-22
122000064,51,148,-97
122000065,118,214,-96
122000066,51,56,-5
122000067,88,418,-330
122000068,10,309,-299
122000069,23,36,-13
122000070,237,51,186
122000071,14,77,-63
122000072,0,0,0
122000073,0,0,0
122000074,63,28,35
122000075,42,72,-30
122000076,102,107,-5
122000077,0,0,0
122000078,263,180,83
122000079,8,61,-53
122000080,0,0,0
122000081,0,0,0
122000082,61,74,-13
122000083,0,0,0
122000084,0,0,0
122000085,3,10,-7
122000086,14,226,-212
122000087,3,26,-23
122000088,0,0,0
122000089,114,262,-148
122000090,0,0,0
122000091,0,0,0
122000092,0,0,0
122000093,174,517,-343
122000094,246,380,-134
122000095,4,48,-44
122000096,23,237,-214
122000098,316,463,-147
122000099,14,35,-21
122000100,3,9,-6
122000101,2,4,-2
122000102,0,0,0
122000103,0,0,0
122000104,0,3,-3
122000105,11,5,6
122000106,0,26,-26
122000107,4,12,-8
122000108,0,0,0
122000109,0,2,-2
122000110,0,0,0
122000111,267,89,178
122000112,40,34,6
122000113,25,19,6
122000114,279,588,-309
122000115,278,301,-23
122000116,5,62,-57
122000117,82,2,80
122000118,21,11,10
122000119,0,0,0
122000120,0,0,0
122000121,43,10,33
122000122,28,11,17
122000123,51,34,17
122000124,5,27,-22
122000125,9,60,-51
122000126,1,21,-20
122000127,6,36,-30
122000128,3,2,1
122000129,29,5,24
122000130,91,54,37
122000131,3,12,-9
122000132,0,0,0
122000133,0,0,0
122000134,30,28,2
122000135,27,17,10
122000136,7,19,-12
122000137,25,31,-6
122000139,1,80,-79
122000140,0,0,0
122000141,7,0,7
122000142,0,0,0
122000143,0,0,0
122000144,28,21,7
122000145,2,0,2
122000146,9,47,-38
122000147,21,81,-60
122000148,134,145,-11
122000149,86,43,43
122000150,94,35,59
122000151,0,0,0
122000152,0,0,0
122000153,93,71,22
122000154,71,19,52
122000155,71,64,7
122000156,191,307,-116
122000157,154,211,-57
122000158,0,0,0
122000159,64,9,55
122000160,91,43,48
122000161,60,27,33
122000162,51,19,32
122000163,0,0,0
122000164,0,0,0
122000165,0,0,0
122000166,38,30,8
122000167,0,0,0
122000168,0,2,-2
122000169,0,0,0
122000170,0,0,0
122000171,0,0,0
122000172,0,0,0
122000173,0,0,0
122000174,250,261,-11
122000175,0,0,0
122000176,0,0,0
122000177,225,354,-129
122000178,356,70,286
122000179,0,0,0
122000180,242,228,14
122000181,272,351,-79
122000182,63,22,41
122000183,15,2,13
122000184,198,381,-183
122000185,86,130,-44
122000186,0,0,0
122000187,131,48,83
122000188,0,0,0
122000189,11,26,-15
122000190,139,41,98
122000191,13,6,7
122000192,0,0,0
122000193,0,0,0
122000194,0,0,0
122000195,0,0,0
122000196,0,0,0
122000197,4,6,-2
122000198,0,0,0
122000199,16,29,-13
122000200,60,46,14
122000201,221,228,-7
122000202,73,213,-140
122000203,0,0,0
122000204,0,0,0
122000205,0,0,0
122000206,117,63,54
122000207,86,52,34
122000208,106,35,71
122000209,134,40,94
122000210,13,9,4
122000211,0,14,-14
122000212,26,65,-39
122000213,29,105,-76
122000214,159,222,-63
122000215,103,112,-9
122000217,18,3,15
122000218,67,36,31
122000219,49,47,2
122000220,2,46,-44
122000221,0,0,0
122000222,15,0,15
122000223,29,39,-10
122000225,82,23,59
122000226,3,16,-13
122000227,0,12,-12
122000228,0,2,-2
122000229,0,0,0
122000230,0,21,-21
122000231,0,35,-35
122000232,0,18,-18
122000233,0,0,0
122000234,27,0,27
122000235,18,0,18
122000236,8,0,8
122000237,0,0,0
122000238,4,15,-11
122000239,7,1,6
122000240,42,3,39
122000241,23,48,-25
122000242,0,0,0
122000243,0,0,0
122000244,0,0,0
122000245,6,0,6
122000246,28,90,-62
122000247,13,2,11
122000248,12,2,10
122000249,149,111,38
122000250,145,37,108
122000251,0,0,0
122000252,11,2,9
122000253,0,0,0
122000254,4,0,4
122000255,0,0,0
122000256,12,20,-8
122000257,5,7,-2
122000258,11,14,-3
122000259,0,0,0
122000261,0,0,0
122000262,0,0,0
122000263,0,0,0
122000264,170,33,137
122000265,195,34,161
122000266,163,17,146
122000267,0,0,0
122000268,0,0,0
122000269,0,0,0
122000270,0,0,0
122000271,0,0,0
122000272,0,0,0
122000273,0,0,0
122000274,0,0,0
122000275,0,0,0
122000276,50,77,-27
122000277,119,121,-2
122000278,100,52,48
122000279,1,12,-11
122000280,3,6,-3
122000281,6,5,1
122000282,28,1,27
122000283,0,0,0
122000284,0,0,0
122000285,0,0,0
122000286,0,0,0
122000287,530,116,414
122000288,50,12,38
122000291,751,49,702
122000293,0,0,0
122000294,71,5,66
122000295,134,3,131
122000296,24,63,-39
122000297,806,350,456
122000299,47,12,35
122000300,2,9,-7
122000301,51,39,12
122000302,11,16,-5
122000303,16,75,-59
122000304,0,0,0
122000305,274,87,187
122000306,21,37,-16
122000307,0,0,0
122000309,0,0,0
122000310,0,0,0
122000311,0,0,0
122000312,4,70,-66
122000313,5,67,-62
122000314,40,42,-2
122000315,0,0,0
122000316,25,15,10
122000317,45,5,40
122000318,26,48,-22
122000319,10,2,8
122000320,0,0,0
122000321,0,0,0
122000322,43,47,-4
122000323,53,71,-18
122000324,0,1,-1
122000325,43,127,-84
122000326,28,0,28
122000327,0,11,-11
122000328,0,0,0
122000330,65,143,-78
122000332,0,0,0
122000333,0,0,0
122000337,17,24,-7
122000338,3,4,-1
122000340,1,1,0
122000342,34,19,15
122000343,3,6,-3
122000344,27,0,27
122000345,0,1,-1
122000346,0,0,0
122000348,43,24,19
122000349,0,0,0
122000351,1,0,1
122000352,0,0,0
122000353,0,0,0
122000355,0,0,0
122000356,7,8,-1
122000357,0,11,-11
122000358,0,0,0
122000359,0,0,0
122000360,0,0,0
122000362,0,0,0
122000364,0,0,0
122000365,0,0,0
122000366,0,0,0
122000368,0,0,0
122000370,0,0,0
122000371,0,0,0
122000372,0,0,0
122000381,0,0,0
122000382,0,0,0
122000384,0,0,0
122000385,0,0,0
122000386,0,137,-137
122000387,0,0,0
122000388,31,66,-35
122000389,0,0,0
122000390,8,49,-41
122000391,0,0,0
122000392,0,0,0
122000393,0,0,0
122000394,0,0,0
122000395,0,0,0
122000396,0,0,0
122000397,0,0,0
122000398,25,25,0
122000399,0,0,0
122000400,15,29,-14
122000401,0,0,0
122000402,28,9,19
122000403,0,0,0
122000404,102,12,90
122000408,226,221,5
122000503,0,0,0
122000524,0,0,0
122000544,0,0,0
122000614,5,3,2
122000616,0,0,0
122000640,0,0,0
122000641,0,0,0
122000642,0,0,0
122000643,35,9,26
122000644,0,0,0
122000645,0,0,0
122000651,3,6,-3
122000664,4,7,-3
122000665,0,0,0
122000666,33,28,5
122000673,0,0,0
122000674,26,23,3
122000675,40,28,12
122000686,83,26,57
122000687,36,7,29
122000688,56,9,47
122000689,85,19,66
122000690,318,2,316
122000691,316,41,275
122000692,21,0,21
122000693,9,15,-6
122000695,0,0,0
122000696,55,5,50
122000698,0,0,0
122000699,18,1,17
122000701,93,8,85
122000702,72,69,3
122000703,35,3,32
122000712,0,0,0
122000717,0,0,0
122000718,53,139,-86
122000719,0,12,-12
122000720,68,2,66
122000724,0,0,0
122900001,0,0,0
122900002,0,0,0
122900003,0,0,0
122900004,0,0,0
122900005,0,0,0
122900006,0,0,0
122900007,0,0,0
122900008,0,0,0
122900009,0,0,0
122900010,0,0,0
122900012,0,0,0
122900014,0,0,0
122900015,0,0,0
122900016,0,0,0
122900017,0,0,0
122900018,0,0,0
122900019,0,0,0
122900020,0,0,0
122900021,0,0,0
122900024,0,0,0
122900025,0,0,0
122900026,0,0,0
122900027,0,0,0
122900028,0,0,0
122900029,0,0,0
122900030,0,0,0
122900031,0,0,0
122900032,0,0,0
122900033,0,0,0
122900034,0,0,0
122900035,0,0,0
122900036,0,0,0
122900037,0,0,0
122900038,0,0,0
122900039,0,0,0
122900040,0,0,0
122900041,0,0,0
122900042,0,0,0
122900043,0,0,0
122900044,0,0,0
122900045,0,0,0
122900046,0,0,0
122900047,0,0,0
122900048,0,0,0
122900049,0,0,0
122900051,0,0,0
122900052,0,0,0
122900053,0,0,0
122900055,0,0,0
122900057,0,0,0
122900061,0,0,0
122900062,0,0,0
122900063,0,0,0
122900064,0,0,0
122900065,0,0,0
122900066,0,0,0
122900067,0,0,0
122900069,0,0,0
122900070,0,0,0
122900071,0,0,0
122900073,0,0,0
122900074,0,0,0
122900075,0,0,0
122900076,0,0,0
122900077,0,0,0
122900078,0,0,0
122900080,0,0,0
122900081,0,0,0
122900082,0,0,0
122900083,0,0,0
122900084,0,0,0
122900086,0,0,0
122900087,0,0,0
122900088,0,0,0
122900089,0,0,0
122900090,0,0,0
122900091,0,0,0
122900092,0,0,0
122900093,0,0,0
122900094,0,0,0
122900095,0,0,0
122900096,0,0,0
122900097,0,0,0
122900098,0,0,0
122900099,0,0,0
122900100,0,0,0
122900101,0,0,0
122900102,0,0,0
122900103,0,0,0
122900104,0,0,0
122900105,0,0,0
122900106,0,0,0
122900107,0,0,0
122900108,0,0,0
122900109,0,0,0
123000001,93,20,73
123000002,186,1041,-855
123000003,727,281,446
123000004,72,270,-198
123000005,821,307,514
123000006,240,312,-72
123000007,730,320,410
123000008,57,100,-43
123000009,1905,1600,305
123000010,124,165,-41
123000011,609,704,-95
123000012,36,120,-84
123000013,665,225,440
123000014,6,137,-131
123000015,1160,318,842
123000016,31,96,-65
123000017,733,232,501
123000018,78,3,75
123000019,136,0,136
123000020,40,0,40
123000021,127,4,123
123000022,296,9,287
123000023,178,51,127
123000024,38,70,-32
123000025,7,0,7
123000026,0,0,0
123000027,0,0,0
123000028,3,141,-138
123000029,0,0,0
123000030,0,0,0
123000031,30,3,27
123000032,9,39,-30
123000033,7,17,-10
123000034,76,29,47
123000035,29,129,-100
123000036,8,353,-345
123000037,0,0,0
123000038,0,0,0
123000039,0,0,0
123000040,0,0,0
123000041,13,400,-387
123000042,0,0,0
123000043,128,142,-14
123000044,52,45,7
123000045,0,0,0
123000046,0,0,0
123000047,0,0,0
123000048,0,127,-127
123000049,2647,1059,1588
123000050,120,126,-6
123000051,1,3,-2
123000052,94,235,-141
123000053,589,280,309
123000054,94,310,-216
123000055,572,811,-239
123000056,13,47,-34
123000057,54,70,-16
123000058,0,0,0
123000059,14,4,10
123000060,0,1,-1
123000061,1,11,-10
123000063,31,7,24
123000064,1,0,1
123000065,8,17,-9
123000066,1,13,-12
123000067,1,7,-6
123000068,28,77,-49
123000069,30,70,-40
123000070,1,0,1
123000071,55,21,34
123000072,0,0,0
123000073,145,44,101
123000074,0,0,0
123000075,12,107,-95
123000076,0,0,0
123000077,0,0,0
123000078,304,74,230
123000079,445,170,275
123000080,0,0,0
123000081,0,0,0
123000082,0,0,0
123000083,1,1,0
123000084,0,0,0
123000085,0,0,0
123000086,0,0,0
123000087,0,0,0
123000088,0,0,0
123000089,231,80,151
123000090,0,0,0
123000091,171,91,80
123000092,0,0,0
123000094,0,0,0
123000095,27,30,-3
123000096,26,6,20
123000097,0,0,0
123000098,75,3,72
123000099,0,0,0
123000100,0,0,0
123000101,62,15,47
123000102,95,53,42
123000104,0,0,0
123000105,0,0,0
123000106,0,0,0
123000107,0,0,0
123000108,0,0,0
123000111,4,3,1
123000112,15,1,14
123000113,0,0,0
123000114,4,21,-17
123000115,14,13,1
123000116,0,0,0
123000117,12,10,2
123000118,0,7,-7
123000119,0,6,-6
123000120,4,19,-15
123000121,0,0,0
123000122,0,0,0
123000123,0,0,0
123000124,0,0,0
123000125,31,113,-82
123000126,136,249,-113
123000127,0,0,0
123000128,0,0,0
123000129,264,9,255
123000130,94,1,93
123000131,77,25,52
123000132,0,0,0
123000133,0,0,0
123000134,0,0,0
123000135,40,43,-3
123000136,0,0,0
123000137,0,0,0
123000138,0,0,0
123000139,99,4,95
123000140,0,0,0
123000141,53,3,50
123000142,0,0,0
123000143,0,0,0
123000144,0,0,0
123000147,0,0,0
123000149,27,37,-10
123000150,33,28,5
123000151,31,58,-27
123000152,0,0,0
123000153,1,30,-29
123000154,38,96,-58
123000155,14,11,3
123000156,0,0,0
123000157,10,40,-30
123000158,46,43,3
123000159,107,163,-56
123000160,31,76,-45
123000161,138,57,81
123000162,201,107,94
123000163,94,10,84
123000164,219,16,203
123000165,0,0,0
123000167,0,0,0
123000168,56,0,56
123000169,145,2,143
123000170,0,0,0
123000171,219,1,218
123000172,0,0,0
123000173,74,33,41
123000174,103,19,84
123000175,0,0,0
123000176,95,11,84
123000177,0,0,0
123000178,154,18,136
123000179,0,0,0
123000180,439,18,421
123000181,0,0,0
123000182,0,0,0
123000183,0,0,0
123000184,0,0,0
123000185,203,13,190
123000186,0,0,0
123000187,418,11,407
123000188,455,1,454
123000189,68,1,67
123000190,37,0,37
123000192,0,0,0
123000193,0,0,0
123000194,0,0,0
123000195,314,2,312
123000196,339,0,339
123000197,91,0,91
123000198,0,0,0
123000199,0,0,0
123000200,217,0,217
123000201,216,0,216
123000202,0,0,0
123000203,345,18,327
123000204,0,0,0
123000205,0,0,0
123000206,374,31,343
123000207,0,0,0
123000208,246,13,233
123000209,636,29,607
123000210,0,0,0
123000211,0,0,0
123000212,563,44,519
123000213,209,2,207
123000215,141,122,19
123000216,21,114,-93
123000217,31,4,27
123000218,0,0,0
123000219,43,14,29
123000220,142,3,139
123000221,7,18,-11
123000222,5,27,-22
123000223,55,17,38
123000224,42,32,10
123000225,48,8,40
123000226,67,1,66
123000227,4,4,0
123000228,38,3,35
123000229,0,0,0
123000232,0,0,0
123000233,262,7,255
123000234,0,0,0
123000235,119,16,103
123000236,0,1,-1
123000237,54,14,40
123000238,0,0,0
123000239,0,0,0
123000240,0,0,0
123000241,15,6,9
123000242,0,0,0
123000243,8,55,-47
123000244,19,27,-8
123000245,0,0,0
123000249,0,0,0
123000252,216,127,89
123000253,345,141,204
123000254,5,23,-18
123000255,83,119,-36
123000256,0,0,0
123000257,0,0,0
123000258,0,0,0
123000259,49,41,8
123000260,59,36,23
123000261,0,0,0
123000263,13,0,13
123000264,4,5,-1
123000265,0,0,0
123000266,55,12,43
123000267,29,123,-94
123000268,0,0,0
123000269,90,8,82
123000270,12,0,12
123000271,0,0,0
123000272,235,62,173
123000273,83,581,-498
123000274,128,92,36
123000275,0,0,0
123000278,0,14,-14
123000279,1,6,-5
123000280,1,1,0
123000281,58,7,51
123000282,0,0,0
123000283,9,2,7
123000284,0,0,0
123000286,0,6,-6
123000287,22,48,-26
123000288,194,89,105
123000289,64,76,-12
123000291,0,0,0
123000294,0,0,0
123000295,284,202,82
123000296,126,179,-53
123000297,0,0,0
123000298,8,40,-32
123000299,12,67,-55
123000300,91,30,61
123000301,0,0,0
123000302,98,12,86
123000303,20,75,-55
123000305,0,0,0
123000306,0,0,0
123000309,0,0,0
123000310,1,25,-24
123000311,2,0,2
123000312,0,0,0
123000313,108,8,100
123000315,73,33,40
123000316,624,7,617
123000317,0,0,0
123000318,0,0,0
123000329,0,0,0
123000337,212,2,210
123000338,0,1,-1
123000339,0,0,0
123000340,0,19,-19
123000342,0,0,0
123000343,5,0,5
123000344,18,0,18
123000345,1,0,1
123000346,81,29,52
123000352,0,0,0
123000353,0,0,0
123000354,286,0,286
123000355,0,0,0
123000356,63,1,62
123000357,0,0,0
123000359,0,0,0
123000360,146,10,136
123000361,0,0,0
123000362,120,0,120
123000363,54,1,53
123000364,9,16,-7
123000365,0,0,0
123000366,14,60,-46
123000367,0,4,-4
123000370,0,0,0
123000371,92,0,92
123000372,83,1,82
123000373,0,0,0
123000374,0,0,0
123000375,132,4,128
123000376,85,28,57
123000377,81,1,80
123000378,0,0,0
123000379,0,0,0
123000380,0,0,0
123000381,31,19,12
123000382,103,10,93
123000383,0,0,0
123000384,16,4,12
123000385,0,0,0
123000436,4,282,-278
123000507,3,29,-26
123000508,277,740,-463
123000517,0,0,0
123000518,0,0,0
123000519,0,0,0
123000520,0,0,0
123000521,0,0,0
123000522,0,0,0
123000541,2,1,1
123000542,0,0,0
123000565,33,1,32
123000566,14,1,13
123000567,25,0,25
123000573,0,0,0
123000574,28,3,25
123000575,119,36,83
123000576,53,1,52
123000577,0,0,0
123000578,25,8,17
123000579,578,229,349
123000580,5,0,5
123000582,66,1,65
123000583,0,0,0
123000584,18,57,-39
123000585,0,0,0
123000586,18,0,18
123000596,0,0,0
123000597,26,15,11
123000602,0,0,0
123000603,160,7,153
123000604,11,2,9
123000605,750,6,744
123000606,0,0,0
123000609,0,0,0
123000610,34,55,-21
123000613,0,0,0
123000614,47,7,40
123000615,0,0,0
123000616,38,10,28
123000617,0,0,0
123000618,0,0,0
123000619,7,15,-8
123000620,0,0,0
123000622,38,12,26
123000624,59,20,39
123000630,372,37,335
123000631,52,32,20
123000632,0,0,0
123000633,0,478,-478
123000634,1,5,-4
123000635,0,0,0
123000636,0,0,0
123000637,1,0,1
123000638,9,4,5
123000639,226,192,34
123000640,0,0,0
123000648,3,27,-24
123000649,0,0,0
123000650,10,4,6
123000651,0,0,0
123900001,0,0,0
123900002,0,0,0
123900003,0,0,0
123900005,0,0,0
123900006,0,0,0
124000001,380,112,268
124000002,0,222,-222
124000003,189,12,177
124000004,0,41,-41
124000005,228,27,201
124000006,19,32,-13
124000007,100,16,84
124000008,0,0,0
124000009,205,47,158
124000010,0,0,0
124000011,225,69,156
124000012,0,0,0
124000017,142,49,93
124000018,0,0,0
124000019,138,16,122
124000020,0,0,0
124000021,122,11,111
124000022,0,0,0
124000023,113,16,97
124000024,0,0,0
124000025,81,17,64
124000026,0,0,0
124000027,125,17,108
124000028,0,32,-32
124000031,382,94,288
124000032,0,25,-25
124000033,269,29,240
124000034,2,66,-64
124000035,22,1,21
124000036,0,15,-15
124000037,26,47,-21
124000038,0,2,-2
124000039,33,6,27
124000040,14,43,-29
124000041,102,11,91
124000042,0,8,-8
124000043,26,8,18
124000044,1,19,-18
124000045,143,35,108
124000046,0,0,0
124000047,227,15,212
124000048,0,0,0
124000049,199,37,162
124000050,0,0,0
124000051,164,12,152
124000052,0,0,0
124000053,187,71,116
124000054,0,0,0
124000055,419,75,344
124000056,0,0,0
124000057,210,47,163
124000058,0,0,0
124000059,81,90,-9
124000060,0,0,0
124000061,100,104,-4
124000062,0,0,0
124000063,0,0,0
124000064,0,0,0
124000065,0,0,0
124000066,36,3,33
124000067,56,15,41
124000068,0,0,0
124000069,144,11,133
124000070,0,0,0
124000071,65,27,38
124000072,0,0,0
124000073,213,18,195
124000074,0,0,0
124000075,102,34,68
124000076,0,0,0
124000077,0,0,0
124000078,86,171,-85
124000079,0,0,0
124000080,109,67,42
124000081,0,0,0
124000082,4,68,-64
124000083,0,0,0
124000084,25,61,-36
124000085,0,0,0
124000086,0,0,0
124000088,3,5,-2
124000089,95,1,94
124000090,0,0,0
124000091,40,36,4
124000092,0,0,0
124000093,3,4,-1
124000094,0,0,0
124000095,58,1,57
124000096,0,0,0
124000097,32,8,24
124000098,0,0,0
124000099,41,1,40
124000100,0,0,0
124000101,4,24,-20
124000102,0,0,0
124000103,32,7,25
124000104,0,0,0
124000105,14,5,9
124000106,0,0,0
124000107,2,10,-8
124000108,0,0,0
124000109,13,14,-1
124000110,0,0,0
124000111,140,6,134
124000112,0,0,0
124000113,4,15,-11
124000114,0,0,0
124000115,0,0,0
124000116,29,47,-18
124000117,0,0,0
124000118,0,20,-20
124000119,0,0,0
124000120,79,7,72
124000121,101,55,46
124000122,6,0,6
124000123,214,45,169
124000124,9,35,-26
124000125,168,4,164
124000126,3,14,-11
124000127,183,3,180
124000128,6,14,-8
124000129,146,78,68
124000130,24,9,15
124000131,71,106,-35
124000132,57,21,36
124000133,344,57,287
124000134,0,0,0
124000135,303,51,252
124000136,0,0,0
124000137,35,25,10
124000138,4,12,-8
124000139,29,2,27
124000140,0,0,0
124000141,16,0,16
124000142,0,0,0
124000143,6,0,6
124000144,0,0,0
124000145,10,1,9
124000146,0,0,0
124000148,1,0,1
124000149,54,26,28
124000150,0,0,0
124000151,43,15,28
124000152,0,0,0
124000153,76,34,42
124000154,0,0,0
124000155,249,19,230
124000156,0,0,0
124000169,3,42,-39
124000170,0,0,0
124000171,24,18,6
124000172,0,0,0
124000173,12,11,1
124000174,0,0,0
124000175,0,0,0
124000176,97,66,31
124000177,0,0,0
124000178,53,9,44
124000185,0,0,0
124000186,0,0,0
124000187,0,0,0
124000188,7,0,7
124000190,1,12,-11
124000191,0,0,0
124000192,99,99,0
124000193,0,0,0
124000194,4,22,-18
124000195,143,8,135
124000196,0,0,0
124000197,0,0,0
124000198,0,7,-7
124000201,0,0,0
124000202,129,0,129
124000203,0,0,0
124000204,183,8,175
124000205,9,0,9
124000206,325,1,324
124000207,0,0,0
124000209,62,14,48
124000210,93,22,71
124000211,353,0,353
124000212,0,0,0
124000213,0,0,0
124000214,115,3,112
124000215,43,11,32
124000216,0,0,0
124000329,0,0,0
124000338,0,0,0
124000339,178,0,178
124000341,117,0,117
124000344,31,4,27
124000357,720,228,492
124000358,955,296,659
124000359,285,90,195
124000360,167,74,93
124000361,561,87,474
124000362,0,0,0
124000363,0,0,0
124000364,0,0,0
124000365,5,84,-79
124000366,8,33,-25
124000367,0,0,0
124000368,19,51,-32
124000369,9,41,-32
124000370,0,0,0
124000402,0,0,0
124000403,34,0,34
124000404,0,0,0
124000405,353,14,339
124000406,1,15,-14
124000407,0,0,0
124000411,0,0,0
124000412,34,0,34
124000413,1,17,-16
124000414,52,8,44
124000415,0,0,0
124000416,0,0,0
124000417,43,2,41
124000418,7,10,-3
124000419,0,0,0
124000420,73,4,69
124000421,0,0,0
124000422,0,0,0
124000423,0,0,0
124000424,0,0,0
124000425,19,0,19
124000426,0,0,0
124000427,1,0,1
124000428,0,0,0
124000429,19,0,19
124000430,0,0,0
124000431,0,0,0
124000432,0,2,-2
124000439,0,0,0
124000443,0,0,0
124000445,5,114,-109
124000446,0,0,0
124000447,0,8,-8
124000448,1,0,1
124000449,24,0,24
124000450,0,0,0
124000451,0,0,0
124000452,0,0,0
124000453,1071,212,859
124000454,17,174,-157
124900001,0,0,0
124900002,0,0,0
124900003,0,0,0
124900004,0,0,0
124900005,0,0,0
124900006,0,0,0
124900008,0,0,0
124900009,0,0,0
124900010,0,0,0
124900011,0,0,0
124900012,0,0,0
124900013,0,0,0
124900014,0,0,0
124900015,0,0,0
124900016,0,0,0
124900017,0,0,0
124900018,0,0,0
124900020,0,0,0
124900021,0,0,0
124900024,0,0,0
124900026,0,0,0
124900027,0,0,0
124900028,0,0,0
124900030,0,0,0
124900031,0,0,0
124900033,0,0,0
124900035,0,0,0
124900036,0,0,0
124900037,0,0,0
124900039,0,0,0
124900040,0,0,0
124900042,0,0,0
124900043,0,0,0
124900044,0,0,0
124900045,0,0,0
124900047,0,0,0
124900050,0,0,0
124900052,0,0,0
124900053,0,0,0
124900054,0,0,0
124900055,0,0,0
124900057,0,0,0
124900060,0,0,0
124900061,0,0,0
124900062,0,0,0
124900066,0,0,0
124900067,0,0,0
124900068,0,0,0
124900070,0,0,0
124900072,0,0,0
124900075,0,0,0
124900076,0,0,0
124900077,0,0,0
124900078,0,0,0
124900080,0,0,0
124900081,0,0,0
124900082,0,0,0
124900083,0,0,0
124900085,0,0,0
124900086,0,0,0
124900087,0,0,0
124900088,0,0,0
124900089,0,0,0
124900090,0,0,0
124900091,0,0,0
124900092,0,0,0
124900093,0,0,0
124900094,0,0,0
124900095,0,0,0
124900096,0,0,0
124900097,0,0,0
124900098,0,0,0
124900099,0,0,0
124900100,0,0,0
124900101,0,0,0
124900102,0,0,0
124900103,0,0,0
124900104,0,0,0
124900105,0,0,0
124900106,0,0,0
124900107,0,0,0
124900108,0,0,0
124900111,0,0,0
124900112,0,0,0
124900113,0,0,0
124900114,0,0,0
124900115,0,0,0
124900116,0,0,0
124900117,0,0,0
124900118,0,0,0
124900119,0,0,0
124900120,0,0,0
124900121,0,0,0
124900122,0,0,0
124900123,0,0,0
124900124,0,0,0
124900125,0,0,0
124900126,0,0,0
204000001,27,0,27
204000002,20,1,19
204000003,1,18,-17
204000004,9,0,9
204000005,504,253,251
204000006,1677,1017,660
204000011,0,0,0
204000012,0,0,0
204000019,599,248,351
204000020,139,87,52
204000021,103,57,46
204000022,570,102,468
204000023,0,0,0
204000031,2,58,-56
204000032,264,22,242
204000034,0,0,0
204000035,0,0,0
204000036,0,0,0
204000037,0,0,0
204000038,0,0,0
204000039,0,0,0
204000040,0,0,0
204000041,0,0,0
204000042,1,10,-9
204000043,12,0,12
204000044,15,0,15
204000045,0,2,-2
204000046,0,0,0
204000057,0,0,0
204000062,0,0,0
204000068,0,0,0
204000069,0,0,0
204000070,351,265,86
204000080,0,0,0
204000085,0,0,0
204000086,0,0,0
204000087,0,0,0
204000088,0,0,0
204000090,0,0,0
204000093,341,6,335
204000096,480,220,260
204000097,89,9,80
204000099,729,491,238
204000100,642,382,260
204000105,0,0,0
204000110,0,0,0
204000111,0,0,0
204000112,0,0,0
204000113,0,0,0
204000114,125,168,-43
204000115,46,81,-35
204000116,69,42,27
204000119,1073,536,537
204000132,505,42,463
204000133,703,67,636
204000134,90,33,57
204000135,457,36,421
204000136,372,252,120
204000138,389,96,293
204000140,229,178,51
204000141,320,52,268
204000144,0,17,-17
204000145,45,0,45
204000146,0,0,0
204000147,0,0,0
204000148,157,5,152
204000154,1,1,0
204000155,0,0,0
204000177,112,18,94
204000179,1,0,1
204000180,0,0,0
204000222,0,0,0
204000235,0,0,0
204000236,4,27,-23
204000238,5,9,-4
204000240,17,2,15
204000263,0,0,0
204000268,653,174,479
204000308,17,6,11
204000317,0,0,0
204000322,0,0,0
204000323,5,13,-8
204000328,144,47,97
204000329,0,0,0
204000330,100,7,93
204000331,0,0,0
205000001,0,0,0
205000013,0,0,0
205000014,0,0,0
205000015,0,0,0
205000016,0,0,0
205000017,0,0,0
205000022,0,0,0
205000025,0,0,0
205000029,37,0,37
205000045,0,0,0
205000046,0,0,0
205000047,0,0,0
205000048,0,0,0
205000049,0,0,0
205000050,0,0,0
205000059,0,0,0
205000060,0,0,0
205000061,0,0,0
205000062,0,0,0
205000063,0,0,0
205000064,0,0,0
205000065,0,0,0
205000066,0,0,0
205000067,0,0,0
205000069,0,0,0
205000082,142,53,89
205000110,0,0,0
205000111,0,0,0
205000112,131,37,94
205000113,0,0,0
205000121,160,73,87
205000123,0,0,0
205000126,728,75,653
205000127,763,54,709
205000128,468,16,452
205000129,385,19,366
205000130,173,4,169
205000131,5,1,4
205000132,59,23,36
205000133,8,0,8
205000134,232,1,231
205000137,0,0,0
205000138,0,0,0
205000139,0,0,0
205000144,81,26,55
205000145,78,42,36
205000151,39,40,-1
205000152,95,8,87
205000153,221,23,198
205000154,71,65,6
205000155,13,3,10
205000207,0,0,0
205000233,35,0,35
205000234,0,0,0
205000243,0,0,0
205000244,0,0,0
205000245,0,0,0
205000249,0,0,0
205000250,4,0,4
205000264,0,0,0
206000027,18,7,11
206000028,10,1,9
206000043,0,0,0
206000053,0,0,0
206000054,0,0,0
206000055,0,0,0
206000075,0,0,0
206000076,0,0,0
206000077,0,0,0
206000078,0,0,0
206000079,0,0,0
206000082,216,7,209
206000100,0,0,0
206000103,0,0,0
206000104,0,0,0
206000105,0,0,0
206000106,0,0,0
206000125,128,0,128
206000157,0,0,0
206000170,0,0,0
206000171,0,0,0
206000172,0,0,0
206000173,0,0,0
206000174,0,0,0
206000175,0,0,0
206000176,0,0,0
206000177,0,0,0
206000178,0,0,0
206000179,0,0,0
206000180,0,0,0
206000181,0,0,0
206000182,0,0,0
206000183,0,0,0
206000184,0,0,0
206000185,0,0,0
206000186,0,0,0
206000223,0,0,0
206000226,0,0,0
206000227,5,0,5
206000237,0,0,0
206000238,0,0,0
206000239,0,0,0
206000240,0,0,0
206000241,0,0,0
206000242,0,0,0
206000243,0,0,0
206000244,0,0,0
206000245,138,0,138
206000246,33,0,33
206000247,27,0,27
206000248,15,1,14
206000252,0,0,0
206000258,0,0,0
206000315,0,0,0
206000317,50,3,47
206000318,19,0,19
206000319,101,35,66
206000320,62,11,51
206000321,17,1,16
206000322,24,11,13
206000323,27,0,27
206000324,25,0,25
206000325,23,0,23
206000326,40,10,30
206000327,11,4,7
206000328,107,0,107
206000329,51,3,48
206000330,5,0,5
206000331,58,1,57
206000332,1,0,1
206000333,164,0,164
206000334,47,1,46
206000335,0,0,0
206000361,0,0,0
206000392,0,0,0
206000405,130,1,129
206000441,62,32,30
206000498,9,0,9
206000515,0,0,0
206000530,19,0,19
206000531,9,31,-22
206000532,49,3,46
206000535,0,0,0
206000536,0,0,0
206000537,0,0,0
206000613,82,5,77
206000784,238,45,193
207000001,0,0,0
207000002,0,0,0
207000003,0,0,0
207000007,283,71,212
207000008,0,0,0
207000009,0,0,0
207000010,0,4,-4
207000012,99,62,37
207000015,0,16,-16
207000019,179,22,157
207000021,282,53,229
207000022,101,9,92
207000023,188,4,184
207000024,0,16,-16
207000025,0,14,-14
207000026,0,0,0
207000027,0,0,0
207000028,0,0,0
207000029,0,0,0
207000033,248,209,39
207000034,45,11,34
207000039,104,16,88
207000040,250,9,241
207000041,5,1,4
207000042,165,28,137
207000043,164,50,114
207000051,0,0,0
207000052,0,0,0
207000053,0,0,0
207000054,0,0,0
207000055,0,0,0
207000056,0,0,0
207000057,0,0,0
207000058,0,0,0
207000059,0,0,0
207000060,0,0,0
207000061,14,301,-287
207000062,149,80,69
207000063,118,162,-44
207000064,287,89,198
207000065,250,30,220
207000066,271,81,190
207000067,63,10,53
207000068,107,6,101
207000069,577,44,533
207000082,0,1,-1
207000083,0,1,-1
207000084,84,38,46
207000085,0,0,0
207000086,0,0,0
207000106,7,0,7
207000107,64,2,62
207000108,50,0,50
207000109,39,0,39
207000110,59,15,44
207000111,183,6,177
207000112,72,29,43
207000114,0,0,0
207000115,0,0,0
207000116,0,0,0
207000117,0,0,0
207000118,0,0,0
207000119,0,0,0
207000123,82,2,80
207000124,77,8,69
207000125,5,0,5
207000126,35,12,23
207000134,0,0,0
207000135,0,0,0
207000148,203,55,148
207000149,0,0,0
207000152,0,0,0
207000153,0,0,0
207000154,247,24,223
207000159,0,0,0
207000160,0,0,0
207000238,0,0,0
207000242,0,0,0
207000248,0,0,0
207000249,0,0,0
207000250,0,0,0
207000251,0,0,0
207000252,0,0,0
207000278,15,48,-33
207000279,0,0,0
207000280,152,13,139
207000281,29,38,-9
207000282,1,29,-28
207000283,0,3,-3
207000284,0,0,0
207000285,0,24,-24
207000291,0,0,0
207000304,8,16,-8
207000306,0,0,0
207000310,94,93,1
207000353,12,0,12
207000356,0,0,0
207000357,0,29,-29
207000358,0,8,-8
207000415,0,0,0
207000417,27,0,27
207000418,58,34,24
207000438,0,0,0
207000439,354,93,261
207000446,44,1,43
207000460,0,0,0
207000466,0,0,0
207000467,86,3,83
207000468,0,0,0
207000476,0,0,0
207000477,0,0,0
207000478,0,0,0
207000523,0,0,0
207000524,24,0,24
207000527,277,43,234
207000530,243,0,243
207000531,55,0,55
207000532,51,3,48
207000534,115,4,111
207000535,0,0,0
207000537,0,0,0
207000540,0,0,0
207000541,0,0,0
207000548,0,0,0
207000549,70,1,69
207000561,99,9,90
207000562,0,0,0
207000567,0,0,0
207000568,0,0,0
207000569,0,0,0
207000584,0,0,0
207000585,39,24,15
207000587,179,4,175
207000616,0,0,0
207000617,174,0,174
207000624,1,6,-5
207000631,4,5,-1
207900008,0,0,0
208000001,77,137,-60
208000002,102,90,12
208000003,97,116,-19
208000004,262,171,91
208000005,0,0,0
208000019,332,123,209
208000020,373,108,265
208000021,0,0,0
208000022,0,0,0
208000028,0,0,0
208000033,0,0,0
208000034,0,0,0
208000037,81,1,80
208000040,16,79,-63
208000041,243,53,190
208000042,242,64,178
208000047,0,0,0
208000064,578,312,266
208000066,273,245,28
208000070,85,22,63
208000071,111,41,70
208000072,72,86,-14
208000080,90,153,-63
208000081,87,15,72
208000082,0,0,0
208000083,0,0,0
208000084,3,5,-2
208000085,0,0,0
208000086,0,0,0
208000087,0,0,0
208000089,0,0,0
208000090,0,0,0
208000093,0,0,0
208000094,0,0,0
208000095,2,1,1
208000104,602,112,490
208000105,376,145,231
208000114,126,161,-35
208000115,157,82,75
208000116,188,241,-53
208000117,2,21,-19
208000118,12,29,-17
208000155,0,0,0
208000158,0,0,0
208000186,417,311,106
208000204,0,0,0
208000205,0,0,0
208000282,0,0,0
209000004,28,20,8
209000005,48,0,48
209000006,188,17,171
209000007,0,0,0
209000010,0,0,0
209000011,0,0,0
209000012,0,0,0
209000013,0,0,0
209000014,0,0,0
209000025,147,21,126
209000026,182,36,146
209000027,0,0,0
209000028,0,0,0
209000029,0,0,0
209000030,0,0,0
209000031,0,0,0
209000034,0,0,0
209000035,0,0,0
209000036,0,0,0
209000037,0,0,0
209000038,0,0,0
209000039,0,0,0
209000040,0,0,0
209000041,0,0,0
209000042,0,0,0
209000043,0,0,0
209000044,1,0,1
209000045,245,8,237
209000046,159,21,138
209000047,283,14,269
209000048,306,37,269
209000049,0,0,0
209000050,0,0,0
209000051,0,0,0
209000052,0,0,0
209000062,0,0,0
209000063,0,0,0
209000064,0,0,0
209000065,4,0,4
209000066,30,4,26
209000067,114,16,98
209000080,0,0,0
209000082,26,2,24
209000091,0,0,0
209000093,0,0,0
209000094,0,0,0
209000110,36,50,-14
209000111,122,20,102
209000112,53,27,26
209000113,138,43,95
209000114,20,3,17
209000115,0,0,0
209000116,0,0,0
209000118,1,14,-13
209000119,0,0,0
209000121,0,0,0
209000135,28,29,-1
209000142,106,10,96
209000143,0,0,0
209000144,0,0,0
209000229,92,12,80
209000240,0,0,0
209000259,0,0,0
209000260,0,0,0
209000261,0,0,0
209000262,0,0,0
209000263,0,0,0
209000264,0,0,0
209000265,38,0,38
209000266,6,0,6
209000267,257,0,257
209000268,411,8,403
210000037,39,1,38
210000047,39,2,37
210000048,54,1,53
210000049,4,0,4
210000052,0,0,0
210000053,0,0,0
210000054,0,0,0
210000070,38,0,38
210000071,34,0,34
210000072,17,0,17
210000073,0,0,0
210000074,0,0,0
210000075,0,0,0
210000076,0,0,0
210000077,0,0,0
210000078,0,0,0
210000079,1,3,-2
210000080,73,14,59
210000081,27,9,18
210000082,21,0,21
210000083,36,0,36
210000084,88,0,88
210000085,0,0,0
210000086,0,0,0
210000099,0,0,0
210000100,0,0,0
210000101,0,0,0
210000105,0,0,0
210000159,0,0,0
210000163,0,0,0
210000164,81,25,56
210000168,4,0,4
210000187,0,0,0
210000188,0,0,0
210000214,30,0,30
210000219,14,0,14
210000220,3,2,1
210000232,0,0,0
210000233,0,0,0
210000234,0,0,0
210000235,0,0,0
210000245,0,0,0
210000246,11,0,11
210000258,0,0,0
210000259,75,8,67
210000282,0,0,0
210000285,0,0,0
210000286,0,0,0
210000290,0,1,-1
210000295,0,0,0
210000296,0,0,0
210000320,64,2,62
210000321,3,0,3
210000338,0,0,0
210000339,0,0,0
210000340,0,0,0
210000341,0,0,0
210000342,0,0,0
210000343,0,0,0
210000344,0,0,0
210000345,0,0,0
210000346,0,0,0
210000347,0,0,0
210000348,0,0,0
210000349,0,0,0
210000350,0,0,0
210000351,0,0,0
210000352,24,4,20
210000353,76,7,69
210000354,31,24,7
210000355,33,9,24
210000356,0,11,-11
210000357,4,22,-18
210000358,16,19,-3
210000359,20,2,18
210000360,159,31,128
210000361,30,72,-42
210000362,50,19,31
210000363,228,39,189
210000364,77,49,28
210000365,75,11,64
210000366,95,1,94
210000367,61,0,61
210000368,80,1,79
210000369,26,2,24
210000370,60,1,59
210000372,0,6,-6
210000373,4,2,2
210000374,85,0,85
210000375,19,1,18
210000376,70,9,61
210000404,0,0,0
210000439,32,0,32
210000472,16,0,16
210000482,48,4,44
210000564,126,50,76
210000567,0,0,0
210000568,14,0,14
211000092,0,0,0
211000094,0,0,0
211000169,0,0,0
211000172,0,0,0
211000209,0,0,0
211000226,0,0,0
211000270,0,0,0
211000275,0,0,0
211000276,0,0,0
211000279,0,0,0
211000281,0,0,0
211000302,0,0,0
211507980,0,0,0
211977296,0,0,0
212000003,44,14,30
212000004,0,0,0
212000005,0,0,0
212000006,0,0,0
212000008,0,0,0
212000009,0,0,0
212000012,0,0,0
212000013,0,0,0
212000014,0,0,0
212000015,0,0,0
212000016,0,0,0
212000027,433,38,395
212000028,206,115,91
212000029,155,136,19
212000030,9,30,-21
212000031,25,15,10
212000048,0,0,0
212000049,0,0,0
212000050,0,0,0
212000051,0,0,0
212000052,0,0,0
212000053,0,0,0
212000054,183,3,180
212000055,212,34,178
212000056,1,22,-21
212000057,0,14,-14
212000058,10,10,0
212000070,0,0,0
212000077,0,0,0
212000099,184,13,171
212000108,145,19,126
212000111,72,0,72
212000120,0,0,0
212000138,0,0,0
212000156,0,0,0
212000158,0,48,-48
212000159,447,33,414
212000160,402,22,380
212000161,1,12,-11
212000310,0,0,0
212000311,1,25,-24
212000374,0,0,0
213000001,0,0,0
213000005,230,15,215
213000006,148,26,122
213000007,1,0,1
213000009,288,42,246
213000010,289,27,262
213000011,106,2,104
213000012,0,0,0
213000014,42,15,27
213000015,129,0,129
213000016,52,0,52
213000017,12,0,12
213000018,0,0,0
213000019,0,0,0
213000020,0,0,0
213000021,0,0,0
213000023,1061,15,1046
213000033,0,0,0
213000034,130,7,123
213000035,276,6,270
213000045,0,0,0
213000046,0,0,0
213000047,0,0,0
213000056,148,1,147
213000069,5,0,5
213000073,0,0,0
213000074,0,0,0
213000075,421,30,391
213000076,1,0,1
213000085,0,0,0
213000086,0,0,0
213000091,230,1,229
213000092,28,0,28
213000099,0,0,0
213000100,298,86,212
213000101,397,11,386
213000102,436,0,436
213000103,269,1,268
213000104,0,0,0
213000105,0,0,0
213000106,0,0,0
213000107,0,0,0
213000108,0,0,0
213000109,0,0,0
213000110,0,0,0
213000111,0,0,0
213000112,0,0,0
213000115,45,0,45
213000116,0,0,0
213000117,0,0,0
213000118,134,203,-69
213000119,0,0,0
213000120,0,0,0
213000122,0,0,0
213000123,0,0,0
213000124,0,0,0
213000125,86,68,18
213000126,0,0,0
213000127,0,0,0
213000128,0,0,0
213000129,116,53,63
213000130,472,70,402
213000132,255,63,192
213000133,428,113,315
213000134,355,1,354
213000136,125,0,125
213000137,350,2,348
213000139,76,0,76
213000147,1,0,1
213000148,1,0,1
213000149,1,0,1
213000150,0,0,0
213000151,0,0,0
213000152,0,0,0
213000153,0,0,0
213000154,0,0,0
213000155,0,0,0
213000156,0,0,0
213000157,0,0,0
213000158,0,0,0
213000159,324,55,269
213000163,264,152,112
213000165,455,94,361
213000171,0,0,0
213000172,0,0,0
213000173,0,0,0
213000174,0,0,0
213000175,0,0,0
213000176,284,4,280
213000177,59,0,59
213000178,188,0,188
213000179,88,0,88
213000180,159,2,157
213000184,0,0,0
213000188,115,6,109
213000189,179,7,172
213000190,98,0,98
213000191,202,1,201
213000192,67,0,67
213000193,0,0,0
213000194,0,0,0
213000195,0,0,0
213000196,0,0,0
213000197,448,20,428
213000198,1,0,1
213000200,0,0,0
213000201,0,0,0
213000202,0,0,0
213000203,871,86,785
213000204,570,12,558
213000205,147,1,146
213000206,535,4,531
213000207,14,0,14
213000208,2,0,2
213000209,4,0,4
213000210,35,0,35
213000211,0,0,0
213000212,0,0,0
213000213,0,0,0
213000218,29,112,-83
213000219,242,11,231
213000220,84,26,58
213000223,30,43,-13
213000224,1,1,0
213000225,44,0,44
213000226,18,0,18
213000227,461,10,451
213000228,277,2,275
213000229,9,0,9
213000230,90,0,90
213000232,0,0,0
213000233,0,0,0
213000234,0,0,0
213000293,0,0,0
213000294,6,1,5
213000295,0,0,0
213000296,4,1,3
213000297,0,0,0
213000298,0,0,0
213000299,26,3,23
213000300,0,1,-1
213000303,0,0,0
213000304,0,0,0
213000305,0,5,-5
213000306,0,0,0
213000307,12,1,11
213000308,0,0,0
213000309,84,5,79
213000310,110,37,73
213000311,0,0,0
213000315,0,0,0
213000316,88,0,88
213000322,0,0,0
213000323,0,0,0
213000340,0,0,0
213000341,191,22,169
213000346,7,22,-15
213000347,129,4,125
213000348,0,0,0
213000349,0,0,0
213000350,0,0,0
213000366,0,0,0
213000367,64,1,63
213000379,0,0,0
213000386,0,0,0
213000406,0,0,0
213000417,465,126,339
213000425,0,0,0
213000426,0,0,0
213000427,0,0,0
213000428,0,0,0
213000429,0,0,0
213000430,0,0,0
213000431,0,0,0
213000432,0,0,0
213000433,0,0,0
213000435,0,0,0
213000439,0,0,0
213000441,0,0,0
213000443,1,0,1
213000445,0,0,0
213000446,0,0,0
213000447,0,0,0
213000448,0,0,0
213000449,0,0,0
213000450,0,0,0
213000451,0,0,0
213000452,0,0,0
213000453,0,0,0
213000455,17,1,16
213000456,0,0,0
213000481,2,0,2
213000482,3,0,3
213000489,18,0,18
213000491,0,0,0
213000492,36,0,36
213000493,0,0,0
213000494,89,11,78
213000495,0,0,0
213000496,507,96,411
213000497,0,0,0
213000498,0,0,0
213000499,0,0,0
213000500,212,2,210
213000501,14,8,6
213000502,7,13,-6
213000503,0,0,0
213000504,0,0,0
213000505,27,0,27
213000506,0,0,0
213000507,0,0,0
213900244,80,0,80
213900245,0,0,0
218000003,0,0,0
218000004,0,0,0
218000005,0,7,-7
218000006,0,0,0
218000007,0,0,0
218000012,1,0,1
218000013,13,26,-13
218000014,36,47,-11
218000019,0,0,0
218000020,0,0,0
218000040,1,2,-1
218000046,2,2,0
218000047,0,1,-1
218000048,7,11,-4
218000049,6,12,-6
218000050,12,23,-11
218000051,2,38,-36
218000052,0,28,-28
218000053,0,0,0
218000054,1,17,-16
218000055,0,1,-1
218000056,1,35,-34
218000057,0,3,-3
218000064,0,1,-1
218000065,34,0,34
218000066,14,7,7
218000067,0,0,0
218000068,0,0,0
218000069,0,0,0
218000070,0,0,0
218000071,0,0,0
218000072,0,0,0
218000078,0,0,0
218000079,0,0,0
218000080,0,0,0
218000081,0,0,0
218000082,0,0,0
218000083,0,0,0
218000084,0,0,0
218000085,0,0,0
218000086,0,0,0
218000087,0,0,0
218000090,0,0,0
218000091,134,30,104
218000092,0,0,0
218000093,13,0,13
218000094,0,0,0
218000099,51,39,12
218000100,13,11,2
218000101,3,6,-3
218000102,127,30,97
218000103,38,0,38
218000104,24,0,24
218000105,0,0,0
218000106,0,0,0
218000107,0,0,0
218000108,0,0,0
218000112,0,0,0
218000117,35,6,29
218000134,0,0,0
218000135,0,0,0
218000136,0,0,0
218000137,0,0,0
218000138,0,0,0
218000139,0,0,0
218000140,0,0,0
218000141,0,0,0
218000142,0,0,0
218000143,0,0,0
218000144,0,0,0
218000145,0,0,0
218000146,0,0,0
218000151,0,7,-7
218000152,41,2,39
218000170,0,1,-1
218000171,43,0,43
218000172,24,0,24
218000173,2,10,-8
218000174,17,5,12
218000176,159,2,157
218000177,273,6,267
218000178,125,2,123
218000179,273,1,272
218000180,6,1,5
218000181,97,3,94
218000187,0,0,0
218000188,0,0,0
218000189,0,0,0
218000190,0,0,0
218000191,0,0,0
218000192,0,0,0
218000193,0,0,0
218000194,0,0,0
218000195,0,0,0
218000196,0,0,0
218000197,0,0,0
218000198,0,0,0
218000199,0,0,0
218000200,0,1,-1
218000201,0,0,0
218000202,0,0,0
218000207,0,0,0
218000208,0,0,0
218000211,0,0,0
218000213,28,24,4
218000214,1,4,-3
218000215,2,12,-10
218000217,0,6,-6
218000218,19,80,-61
218000219,1,36,-35
218000220,47,74,-27
218000221,154,113,41
218000222,1,5,-4
218000223,47,95,-48
218000224,0,133,-133
218000225,140,91,49
218000226,158,30,128
218000232,0,0,0
218000239,13,0,13
218000240,0,0,0
218000241,0,0,0
218000242,0,0,0
218000243,0,0,0
218000244,0,0,0
218000245,0,0,0
218000246,1,1,0
218000247,0,0,0
218000248,0,0,0
218000249,0,0,0
218000250,0,0,0
218000251,0,0,0
218000252,0,0,0
218000253,0,0,0
218000254,0,0,0
218000255,0,0,0
218000256,0,0,0
218000267,0,0,0
218000268,0,0,0
218000269,0,0,0
218000270,0,0,0
218000271,0,0,0
218000273,22,22,0
218000274,29,1,28
218000275,0,0,0
218000276,0,0,0
218000278,0,0,0
218000279,0,0,0
218000280,0,0,0
218000281,0,0,0
218000282,33,8,25
218000284,86,47,39
218000301,0,0,0
218000302,0,0,0
218000303,0,0,0
218000316,17,12,5
218000317,2,4,-2
218000318,0,0,0
218000319,0,0,0
218000320,0,0,0
218000338,0,1,-1
218000345,0,0,0
218000346,33,19,14
218000459,7,26,-19
218000490,0,0,0
218000501,7,0,7
218000502,0,0,0
218000503,15,1,14
218000504,42,2,40
218000505,0,0,0
218000506,0,0,0
218000508,0,0,0
218000510,38,2,36
218000520,0,0,0
218000521,0,0,0
218000522,0,0,0
218000523,8,2,6
218000524,0,0,0
218000525,29,1,28
218000526,0,0,0
218000529,0,0,0
218000531,55,0,55
218000532,0,0,0
218000534,17,1,16
218000537,20,17,3
218000538,0,0,0
218000540,0,0,0
218000543,0,0,0
218000544,0,0,0
218000545,0,0,0
218000546,0,0,0
218000547,0,0,0
218000548,0,0,0
218000549,143,2,141
218000550,0,0,0
218000551,0,0,0
218000552,94,3,91
218000553,0,0,0
218000554,0,0,0
218000555,11,0,11
218000556,0,0,0
218000557,11,18,-7
218000558,24,0,24
218000559,0,0,0
218000560,0,0,0
218000561,1,0,1
218000562,0,0,0
218000563,138,0,138
218000564,0,0,0
218000565,10,0,10
218000566,1,0,1
218000567,0,0,0
218000568,0,0,0
218000569,0,0,0
218000570,1,0,1
218000571,0,0,0
218000572,1,0,1
218000573,0,0,0
218000574,2,0,2
218000575,31,0,31
218000576,0,0,0
218000577,30,0,30
218000578,0,0,0
218000579,0,0,0
218000581,0,0,0
218000582,0,0,0
218000583,0,0,0
218000584,0,0,0
218000585,0,0,0
218000586,0,0,0
218000587,0,0,0
218000588,0,0,0
218000589,0,0,0
218000590,0,0,0
218000591,0,0,0
218000592,0,0,0
218000593,0,0,0
218000594,0,0,0
218000597,0,0,0
218000598,0,0,0
218000599,0,0,0
218000600,0,0,0
218000601,0,0,0
218000602,0,0,0
218000603,0,0,0
218000604,0,0,0
218000605,0,0,0
218000606,4,0,4
218000607,0,0,0
218000608,0,0,0
218000609,0,0,0
218000610,0,0,0
218000611,0,0,0
218000612,0,0,0
218000613,0,0,0
218000614,0,0,0
218000615,0,0,0
218000616,0,0,0
218000617,0,0,0
218000618,0,0,0
218000619,0,1,-1
218000620,0,0,0
218000621,0,0,0
218000622,0,0,0
218000623,0,0,0
218000624,0,0,0
218000625,0,0,0
218000626,0,1,-1
218000628,63,23,40
218000631,0,2,-2
218000632,0,0,0
218000633,1,0,1
218000634,0,0,0
218000635,0,1,-1
218000636,0,0,0
218000637,0,0,0
218000638,106,13,93
218000639,0,0,0
218000640,107,4,103
218000641,0,0,0
218000652,17,10,7
218000653,192,7,185
218000663,0,0,0
218000675,0,1,-1
218000680,0,0,0
218000681,94,4,90
218000691,0,0,0
218000693,112,10,102
218000718,0,0,0
218000719,1,27,-26
218000720,0,0,0
218000721,1,1,0
218001147,0,0,0
218001214,0,0,0
218001258,85,1,84
218001329,39,10,29
218001330,0,0,0
218001351,0,1,-1
218001352,0,0,0
218001353,1,4,-3
218001354,0,0,0
218001355,0,0,0
218001356,46,14,32
218001357,0,0,0
218001358,8,0,8
218001361,151,6,145
218001362,0,0,0
219000001,0,0,0
219000002,0,0,0
219000003,19,2,17
219000004,8,24,-16
219000017,0,0,0
219000020,71,0,71
219000022,60,0,60
219000023,45,0,45
219000029,0,0,0
219000034,7,14,-7
219000039,0,0,0
219000040,0,0,0
219000041,0,0,0
219000051,0,0,0
219000052,0,0,0
219000053,0,0,0
219000055,0,0,0
219000056,0,0,0
219000057,0,0,0
219000062,0,0,0
219000063,0,0,0
219000064,0,0,0
219000110,39,6,33
219000111,55,22,33
219000112,40,1,39
219000113,67,1,66
219000114,83,0,83
219000116,0,0,0
219000117,0,0,0
219000118,14,7,7
219000123,46,0,46
219000124,3,0,3
219000125,0,0,0
219000126,0,0,0
219000127,0,0,0
219000128,0,0,0
219000129,0,0,0
219000130,0,0,0
219000131,113,67,46
219000133,0,6,-6
219000134,2,11,-9
219000135,9,1,8
219000136,25,15,10
219000138,6,0,6
219000139,0,0,0
219000140,2,0,2
219000141,0,0,0
219000142,0,0,0
219000143,0,0,0
219000145,2,1,1
219000146,0,0,0
219000147,0,0,0
219000148,0,0,0
219000149,0,0,0
219000150,0,0,0
219000151,0,0,0
219000157,5,0,5
219000158,3,1,2
219000161,0,0,0
219000163,22,3,19
219000166,2,26,-24
219000167,0,0,0
219000168,37,7,30
219000174,39,2,37
219000175,0,0,0
219000176,0,0,0
219000177,0,0,0
219000178,0,0,0
219000179,0,0,0
219000180,0,0,0
219000182,22,1,21
219000183,14,3,11
219000184,18,0,18
219000185,0,0,0
219000186,13,0,13
219000187,4,0,4
219000189,0,0,0
219000190,0,0,0
219000191,0,0,0
219000192,24,11,13
219000193,0,0,0
219000195,0,0,0
219000196,0,0,0
219000198,0,0,0
219000199,0,0,0
219000200,0,0,0
219000201,0,0,0
219000203,0,0,0
219000204,0,0,0
219000205,0,0,0
219000207,0,0,0
219000209,0,0,0
219000210,0,0,0
219000213,0,0,0
219000239,0,0,0
219000240,0,0,0
219000241,0,0,0
219000242,0,0,0
219000243,0,0,0
219000244,0,0,0
219000245,0,0,0
219000246,7,13,-6
219000247,59,3,56
219000248,95,28,67
219000249,46,11,35
219000250,19,19,0
219000251,46,61,-15
219000252,96,85,11
219000253,81,2,79
219000255,7,18,-11
219000256,18,2,16
219000257,49,0,49
219000262,0,0,0
219000263,0,0,0
219000267,0,0,0
219000268,0,0,0
219000269,0,0,0
219000270,0,0,0
219000271,0,0,0
219000278,0,0,0
219000279,0,0,0
219000283,0,0,0
219000295,0,0,0
219000296,0,0,0
219000297,0,0,0
219000298,0,0,0
219000299,75,1,74
219000300,0,0,0
219000301,0,0,0
219000302,0,0,0
219000307,0,0,0
219000308,0,0,0
219000311,79,2,77
219000312,121,5,116
219000313,68,5,63
219000314,0,0,0
219000315,175,0,175
219000316,118,2,116
219000317,23,0,23
219000320,0,0,0
219000321,0,0,0
219000323,0,0,0
219000325,0,0,0
219000326,0,0,0
219000327,0,0,0
219000328,0,0,0
219000329,0,0,0
219000330,0,0,0
219000331,0,0,0
219000332,0,2,-2
219000333,0,0,0
219000335,0,0,0
219000337,2,0,2
219000338,4,0,4
219000344,0,0,0
219000345,0,0,0
219000346,0,0,0
219000348,0,0,0
219000349,0,0,0
219000350,0,0,0
219000351,0,0,0
219000352,7,6,1
219000353,3,6,-3
219000354,3,3,0
219000355,16,24,-8
219000356,14,54,-40
219000363,86,4,82
219000364,60,1,59
219000365,27,0,27
219000366,54,3,51
219000368,49,25,24
219000370,43,36,7
219000371,0,0,0
219000382,0,0,0
219000383,0,0,0
219000385,0,0,0
219000386,0,0,0
219000387,0,0,0
219000390,0,0,0
219000391,0,0,0
219000397,0,0,0
219000398,0,0,0
219000401,0,0,0
219000402,0,0,0
219000403,0,0,0
219000404,0,0,0
219000407,0,0,0
219000409,7,17,-10
219000410,66,0,66
219000411,39,1,38
219000446,0,0,0
219000447,0,0,0
219000448,16,0,16
219000452,0,0,0
219000453,0,0,0
219000454,35,23,12
219000556,22,1,21
219000558,0,0,0
219000590,0,0,0
219000591,23,5,18
219000592,0,0,0
219000595,0,0,0
219000635,52,1,51
219000636,0,0,0
219000657,1,2,-1
219000658,0,0,0
219000673,0,0,0
219000676,0,0,0
219000679,0,0,0
219000684,0,0,0
219000685,0,0,0
219000686,0,0,0
219000688,0,0,0
219000689,0,0,0
219000690,153,0,153
219000691,0,0,0
219000692,49,1,48
219000693,0,0,0
219000694,0,0,0
219000695,0,0,0
219000698,2,0,2
219000699,0,0,0
219000727,0,0,0
219000728,0,0,0
219000770,3,0,3
219000771,0,0,0
219000788,0,0,0
219001150,0,0,0
219001151,0,0,0
219001166,10,1,9
219001167,0,0,0
219001178,45,0,45
220000001,0,10,-10
220000002,0,0,0
220000003,0,0,0
220000004,0,0,0
220000005,0,0,0
220000006,0,0,0
220000007,0,0,0
220000008,0,0,0
220000009,0,0,0
220000010,1,0,1
220000011,6,4,2
220000012,0,1,-1
220000014,0,0,0
220000015,0,0,0
220000017,0,0,0
220000018,1,1,0
220000019,0,0,0
220000020,3,5,-2
220000021,0,0,0
220000022,0,0,0
220000023,0,0,0
220000024,0,0,0
220000025,0,0,0
220000026,0,1,-1
220000027,0,1,-1
220000028,1,19,-18
220000029,0,0,0
220000030,0,0,0
220000031,8,3,5
220000064,0,0,0
221000046,2,0,2
221000047,0,0,0
221000048,0,0,0
221000049,0,0,0
221000050,32,0,32
221000055,31,0,31
221000068,238,16,222
221000069,174,31,143
221000070,79,2,77
221000071,80,0,80
221000072,181,2,179
221000073,46,0,46
221000074,0,0,0
221000075,0,0,0
221000076,0,0,0
221000077,0,0,0
221000081,40,0,40
221000082,55,0,55
221000083,16,15,1
221000084,11,1,10
221000085,2,0,2
221000086,0,0,0
221000087,0,0,0
221000088,0,0,0
221000089,0,0,0
221000090,0,0,0
221000098,120,6,114
221000099,134,0,134
221000100,106,1,105
221000101,219,1,218
221000102,0,0,0
221000107,8,0,8
221000108,6,0,6
221000109,0,0,0
221000110,0,0,0
221000111,0,0,0
221000112,0,0,0
221000113,0,0,0
221000114,0,0,0
221000120,0,0,0
221000121,0,9,-9
221000122,3,1,2
221000123,0,0,0
221000124,0,0,0
221000155,17,7,10
221000156,1,0,1
221000175,0,0,0
221000176,0,0,0
221000182,5,0,5
221000241,547,42,505
221000242,0,0,0
221000243,292,26,266
221000244,0,0,0
221000245,126,20,106
221000246,0,0,0
221000247,224,15,209
221000248,0,0,0
221000267,0,0,0
221000325,0,0,0
221000331,0,0,0
221000338,0,1,-1
221000378,99,11,88
221000381,0,0,0
222000282,0,0,0
222000296,0,0,0
222000568,93,2,91
222000569,47,1,46
222000570,42,1,41
222000571,249,7,242
222000577,0,0,0
222000578,0,0,0
222000579,0,0,0
222000580,0,0,0
222000599,0,0,0
222000600,0,0,0
222000601,0,0,0
222000603,0,0,0
222000604,0,0,0
222000605,0,0,0
222000606,0,0,0
222000607,0,0,0
222000608,0,0,0
222000609,0,0,0
222000616,65,3,62
222000617,0,4,-4
222000618,0,1,-1
222000620,0,0,0
222000621,37,0,37
222000623,150,0,150
222000624,129,0,129
222000625,222,0,222
222000636,2,0,2
222000686,3,2,1
222000687,1,0,1
222001066,141,0,141
222001067,48,0,48
222001068,38,0,38
222001069,1,0,1
222001082,0,0,0
222001083,0,0,0
222001084,0,0,0
222001085,0,0,0
222001111,0,0,0
222001112,54,8,46
222001313,0,0,0
222001314,0,0,0
222001464,21,0,21
222001465,0,0,0
222001484,11,1,10
222001485,0,0,0
222001494,85,3,82
222001495,0,0,0
222001496,105,0,105
222001497,0,0,0
222001502,0,0,0
222001503,27,1,26
222001504,0,0,0
222001505,144,0,144
222001506,0,0,0
222001507,94,0,94
222001510,109,5,104
222001511,0,0,0
222001514,161,9,152
222001515,0,0,0
222001518,87,19,68
222001519,0,0,0
222001527,15,1,14
222001528,0,0,0
222001529,187,0,187
222001530,0,0,0
222001533,0,0,0
222001534,247,5,242
222001535,7,15,-8
222001536,0,0,0
222001537,62,1,61
222001538,0,0,0
222001563,317,2,315
222001564,0,0,0
222001568,8,2,6
222001576,0,1,-1
222001579,0,0,0
222001583,0,0,0
222001584,1,0,1
222001596,0,0,0
222001597,139,30,109
222001626,0,0,0
222001650,0,12,-12
222001651,2,0,2
222001914,55,0,55
222001915,0,0,0
222001968,47,8,39
222001969,0,0,0
222001970,19,0,19
222001971,1,0,1
222001972,0,0,0
225000001,112,36,76
225000002,113,29,84
225000003,136,4,132
225000004,163,28,135
225000005,42,16,26
225000006,0,0,0
225000007,0,0,0
225000010,15,0,15
225000011,74,220,-146
225000012,60,72,-12
225000013,55,14,41
225000014,81,18,63
225000015,0,0,0
225000021,161,22,139
225000027,0,0,0
225000032,199,40,159
225000042,0,0,0
225000049,0,0,0
225000050,21,1,20
225000053,0,0,0
225000058,163,55,108
225000067,0,0,0
225000068,0,0,0
225000069,0,0,0
225000070,0,0,0
225000071,0,0,0
225000075,0,0,0
225000076,0,0,0
225000078,1,33,-32
225000085,10,0,10
225000086,14,0,14
225000087,96,2,94
225000088,0,0,0
225000089,0,0,0
225000090,0,0,0
225000091,0,0,0
225000092,0,0,0
225000093,0,0,0
225000094,0,0,0
225000095,0,0,0
225000096,0,0,0
225000098,157,65,92
225000099,201,30,171
225000100,93,91,2
225000104,0,0,0
225000110,0,0,0
225000111,0,0,0
225000112,0,0,0
225000113,0,0,0
225000114,0,0,0
225000115,0,0,0
225000116,264,76,188
225000117,516,134,382
225000118,614,100,514
225000119,58,10,48
225000120,310,2,308
225000121,246,4,242
225000123,958,6,952
225000125,156,36,120
225000126,394,86,308
225000127,686,168,518
225000128,600,220,380
225000132,0,0,0
225000133,0,0,0
225000134,144,116,28
225000135,32,2,30
225000136,50,0,50
225000137,20,20,0
225000138,282,2,280
225000143,0,0,0
225000144,0,0,0
225000145,104,12,92
225000146,0,0,0
225000147,0,0,0
225000148,0,0,0
225000149,0,0,0
225000151,0,0,0
225000155,0,0,0
225000156,0,0,0
225000157,0,0,0
225000158,0,0,0
225000171,0,0,0
225000180,50,0,50
225000181,0,0,0
225000182,58,2,56
225000185,0,0,0
225000187,0,0,0
225000191,94,0,94
225000194,0,0,0
225000208,0,0,0
225000209,112,16,96
225000210,0,0,0
225000217,0,0,0
225000218,72,2,70
225000223,0,0,0
225000224,4,0,4
225000225,0,0,0
225000226,520,32,488
225000227,0,0,0
225000228,0,8,-8
225000229,0,0,0
225000230,2,0,2
225000231,0,0,0
225000232,132,0,132
225000241,276,0,276
225000242,0,0,0
225000249,50,0,50
225000250,0,0,0
225000251,0,0,0
226000042,0,0,0
226000043,0,0,0
226000044,0,0,0
226000045,0,0,0
226000046,338,2,336
226000047,136,20,116
226000048,202,36,166
226000049,186,142,44
226000070,0,0,0
226000071,0,0,0
226000072,0,0,0
226000073,0,0,0
226000074,0,0,0
226000084,0,0,0
226000085,0,0,0
226000086,0,0,0
226000087,0,0,0
226000088,0,0,0
226000090,8,12,-4
226000091,2,0,2
226000092,0,0,0
226000093,0,0,0
226000094,6,22,-16
226000095,0,116,-116
226000105,0,0,0
226000106,0,0,0
226000107,0,0,0
226000108,0,0,0
226000109,4,0,4
226000124,62,6,56
226000134,118,172,-54
226000135,242,110,132
226000136,24,42,-18
226000137,0,0,0
226000138,0,0,0
226000139,0,0,0
226000156,168,0,168
226000157,226,0,226
226000163,0,0,0
226000202,0,0,0
226000231,350,2,348
226000232,6,0,6
227000033,126,6,120
227000036,374,0,374
227000037,128,0,128
227000038,42,0,42
227000049,0,0,0
227000050,0,0,0
227000055,8,0,8
227000056,0,0,0
227000084,0,0,0
227000085,0,0,0
227000088,10,0,10
227000089,0,0,0
227000090,2,0,2
227000091,18,0,18
227000093,8,0,8
227000094,0,0,0
227000130,0,0,0
227000131,0,0,0
227000132,0,0,0
227000133,0,0,0
227000134,0,0,0
227000152,0,0,0
227000153,0,0,0
227000155,0,0,0
227000156,0,0,0
227000165,0,0,0
227000196,76,2,74
227000199,202,10,192
227000230,0,0,0
227000232,78,8,70
227000242,0,0,0
227000243,286,8,278
227000245,0,0,0
227000246,0,0,0
227000247,278,12,266
227000248,60,46,14
227000249,0,0,0
227000250,24,24,0
227000251,0,0,0
227000252,0,0,0
227000253,200,10,190
227000262,472,4,468
227000266,156,0,156
227000267,0,0,0
227000282,0,0,0
227000284,266,20,246
227000286,0,0,0
227000287,0,0,0
227000291,0,0,0
227000484,170,0,170
227000485,0,0,0
227000655,118,0,118
227000656,84,0,84
227000657,14,0,14
227000661,56,0,56
227000680,0,0,0
229000265,2,0,2
229000296,0,0,0
229000297,0,0,0
229000298,0,0,0
229000320,0,0,0
229000321,0,0,0
229000412,0,0,0
229000414,0,0,0
229000415,0,0,0
229000416,0,0,0
229000417,0,0,0
229000419,2,0,2
229000440,116,2,114
229000442,0,0,0
229000443,0,0,0
229000444,0,0,0
229000445,10,0,10
229000446,48,0,48
229000847,0,0,0
229000848,0,0,0
229000849,0,0,0
229000851,0,0,0
229000854,0,0,0
229000856,0,0,0
229000857,0,0,0
229000858,0,0,0
229000919,0,0,0
229000930,0,0,0
229000937,212,4,208
229000966,14,2,12
229000981,0,0,0
229000985,0,0,0
229000986,0,0,0
229000987,0,0,0
229000988,0,0,0
229000989,0,0,0
229000990,0,0,0
229000991,0,0,0
229000992,16,0,16
229000993,18,0,18
229000998,0,0,0
229000999,14,0,14
229001034,0,0,0
229001035,0,0,0
229001037,10,0,10
229001042,2,0,2
229001047,0,0,0
229001050,38,0,38
229001200,0,0,0
229001338,0,0,0
229001394,284,0,284
229001422,154,6,148
229001423,0,0,0
229001431,172,8,164
229001432,0,0,0
229001444,166,2,164
229001445,0,6,-6
229001503,82,28,54
229001504,0,0,0
229001505,208,2,206
229001506,0,0,0
229001509,4,0,4
229001545,40,0,40
229001546,0,0,0
229001553,36,0,36
229001554,0,0,0
229001559,0,0,0
229001560,0,0,0
229001630,2,0,2
229001631,0,0,0
229001635,0,0,0
229001636,0,0,0
229001658,0,0,0
229001659,32,0,32
229001660,0,0,0
229001661,0,24,-24
229001662,8,0,8
229001663,0,0,0
229002584,54,10,44
229002831,0,0,0
229002841,0,0,0
229002842,0,0,0
229002843,6,18,-12
229002844,2,0,2
229002845,0,6,-6
229002846,0,0,0
229002847,0,0,0
229002848,2,0,2
229002849,0,16,-16
229002850,30,0,30
229002851,0,26,-26
229002852,8,0,8
229002853,42,0,42
229002854,0,2,-2
229002855,2,0,2
229002856,0,0,0
229002857,0,0,0
229002858,2,0,2
229002859,0,0,0
229002860,6,0,6
229002861,0,2,-2
229002862,0,0,0
229002863,2,0,2
229002864,12,8,4
229002865,0,0,0
229002866,0,30,-30
229002867,0,0,0
229002868,8,0,8
229002869,0,2,-2
229002870,4,0,4
235000066,304,0,304
235000067,212,0,212
235000072,0,0,0
235000073,0,0,0
235000074,0,0,0
235000080,0,0,0
235000081,0,0,0
235000082,236,4,232
235000083,170,4,166
235000084,36,2,34
235000085,358,10,348
235000089,38,2,36
235000092,0,0,0
235000093,0,0,0
235000097,0,0,0
235000098,106,2,104
235000099,4,2,2
235000116,34,0,34
235000117,154,0,154
235000133,0,0,0
235000134,0,0,0
235000206,0,8,-8
235000207,0,0,0
235000208,0,2,-2
235000209,2,0,2
235000210,0,0,0
235000212,0,0,0
235000213,0,0,0
235000220,0,0,0
235000221,0,0,0
235000238,2,338,-336
235000239,0,14,-14
235000242,38,688,-650
235000245,0,0,0
235000246,0,0,0
235000284,0,0,0
235000295,12,0,12
235000305,76,0,76
235000306,106,0,106
235000307,42,0,42
235000308,0,0,0
235000309,6,0,6
235000310,0,0,0
235000311,2,0,2
235000322,0,0,0
235000323,0,0,0
235000324,0,0,0
235000325,0,0,0
235000326,0,0,0
235000351,0,0,0
235000352,0,0,0
235000353,0,0,0
235000354,0,0,0
235000355,0,0,0
235000356,46,0,46
235000357,0,0,0
235000358,0,0,0
235000359,0,0,0
235000360,4,0,4
235000361,60,2,58
235000381,0,0,0
235000382,144,2,142
235000390,4,0,4
235000391,204,0,204
235000392,310,38,272
235000393,136,58,78
235000395,116,6,110
235000396,512,12,500
235000400,14,10,4
235000401,0,0,0
235000405,0,0,0
235000406,0,0,0
235000407,0,0,0
235000409,0,0,0
235000410,0,0,0
235000411,0,0,0
235000485,0,0,0
235000486,84,0,84
235000549,34,32,2
235000550,0,0,0
235000599,0,0,0
235000600,0,0,0
235000601,10,34,-24
235000602,34,0,34
235000614,0,0,0
235000648,0,0,0
235000649,42,0,42
235000685,0,0,0
235000815,0,0,0
235000834,0,0,0
235000855,112,8,104
235000862,0,0,0
235000891,0,0,0
235000892,4,0,4
235000901,0,0,0
235000907,0,0,0
235001010,74,4,70
235001029,0,0,0
235001030,428,8,420
235001078,110,16,94
235001079,0,0,0
235001147,4,8,-4
235001166,0,14,-14
235001167,0,0,0
235001169,0,0,0
235001188,0,0,0
235001189,6,2,4
235001197,0,0,0
235001200,0,0,0
235001207,360,12,348
235001210,0,0,0
235001215,0,0,0
235001239,0,0,0
235001244,0,10,-10
235016267,0,0,0
277102712,4,0,4
277103813,0,0,0
277103814,0,0,0
277104249,0,0,0
277104250,0,0,0
277104251,0,0,0
277104252,0,0,0
990011530,0,0,0
990014944,0,0,0
990015176,16,0,16
990015618,4,0,4
990016032,0,0,0
990032570,0,2,-2
990070001,60,0,60
990070103,0,0,0
990070601,0,0,0
990070751,0,0,0
990070766,0,0,0
990071180,742,10,732
990071343,14,0,14
990071387,0,0,0
990071823,6,2,4
990072600,0,0,0
990072964,0,0,0
990073285,0,0,0
990074393,0,0,0
990074870,950,10,940
990075106,372,0,372
990075746,374,2,372
990076437,2156,36,2120
990076458,0,0,0
997000007,310,2,308
997000041,0,0,0
997000058,118,6,112
997000062,46,8,38
997000069,0,0,0
997000070,0,0,0
997000100,2,0,2
997000141,0,0,0
997000198,0,0,0
998000475,0,0,0
998000736,0,0,0
998000965,0,0,0
998001031,0,0,0
998001700,0,0,0
998001899,0,0,0
998001900,20,180,-160
998003073,498,14,484
998101900,0,32,-32
998102850,0,0,0
998501927,422,0,422
998501929,910,20,890
998501930,54,0,54
998501931,290,0,290
998501932,2,8,-6
998501933,800,8,792
998501937,22,0,22
998501944,0,0,0
998501950,0,0,0
998501970,82,4,78
998501971,0,170,-170
998501973,0,0,0
998501974,0,0,0
998501975,186,0,186
998501976,12,0,12
998501977,0,6,-6
998501978,4,0,4
998501979,0,0,0
998501980,94,2,92
998501981,400,56,344
998501982,0,0,0
998501983,0,0,0
998502006,0,0,0
998502024,0,0,0
998502032,0,2,-2
998502062,12,4,8
998502063,0,0,0
998502173,2,0,2
998502269,0,0,0
998502546,0,0,0
998502578,0,0,0
998502599,0,0,0
998502621,0,0,0
998601159,0,0,0
998601292,0,0,0
999033574,0,0,0
999800001,14,0,14
999800002,0,0,0
999800003,8,0,8
999800004,0,0,0
999800005,0,0,0
