ID,insum,outsum,diff
100000001,1064,664,400
100000002,5813,11217,-5404
100000003,5167,8542,-3375
100000004,257,1327,-1070
100000005,3879,5474,-1595
100000006,839,794,45
100000007,3154,922,2232
100000008,97,1545,-1448
100000009,575,817,-242
100000010,29,1238,-1209
100000011,538,309,229
100000012,35,579,-544
100000013,29,503,-474
100000014,295,1304,-1009
100000015,1657,2475,-818
100000016,430,3330,-2900
100000017,438,4381,-3943
100000018,1321,857,464
100000019,4238,4403,-165
100000020,1636,7366,-5730
100000021,8771,1974,6797
100000022,894,7335,-6441
100000023,6424,3780,2644
100000025,533,2619,-2086
100000028,570,4606,-4036
100000029,51,1894,-1843
100000030,49,47,2
100000031,2494,11302,-8808
100000032,3392,7905,-4513
100000033,1432,6030,-4598
100000034,214,2634,-2420
100000035,904,2250,-1346
100000036,823,2661,-1838
100000037,1061,601,460
100000038,3568,1349,2219
100000039,297,604,-307
100000040,686,213,473
100000041,2128,743,1385
100000042,1564,445,1119
100000043,738,332,406
100000044,347,532,-185
100000045,557,647,-90
100000046,534,809,-275
100000047,164,482,-318
100000048,134,856,-722
100000049,1726,2028,-302
100000051,932,544,388
100000053,60,4,56
100000054,390,27,363
100000055,815,300,515
100000056,385,922,-537
100000057,2081,797,1284
100000058,1054,643,411
100000059,26,600,-574
100000060,926,622,304
100000061,2215,833,1382
100000062,1672,970,702
100000063,1086,447,639
100000064,1352,1022,330
100000065,389,915,-526
100000066,308,563,-255
100000067,214,972,-758
100000068,479,2201,-1722
100000069,316,1586,-1270
100000072,192,539,-347
100000073,1297,1146,151
100000075,1427,320,1107
100000076,1891,7717,-5826
100000077,159,799,-640
100000078,23,90,-67
100000079,8,90,-82
100000080,4,56,-52
100000081,27,163,-136
100000102,3762,10990,-7228
100000103,2617,2969,-352
100000104,7939,2937,5002
100000105,1331,3536,-2205
100000106,861,6000,-5139
100000107,91,1954,-1863
100000108,340,2198,-1858
100000109,619,3284,-2665
100000116,281,770,-489
100000117,58,173,-115
100000118,496,1616,-1120
100000119,1110,1535,-425
100000121,434,932,-498
100000122,598,7328,-6730
100000123,1439,3783,-2344
100000124,2072,3493,-1421
100000125,13988,3089,10899
100000126,609,2273,-1664
100000127,1369,2644,-1275
100000128,335,4867,-4532
100000129,426,1405,-979
100000130,916,274,642
100000131,898,2147,-1249
100000132,1570,1723,-153
100000133,1594,1319,275
100000135,1115,1459,-344
100000139,143,841,-698
100000140,62,150,-88
100000142,564,1123,-559
100000143,2281,504,1777
100000144,2103,642,1461
100000147,2369,5959,-3590
100000150,94,1044,-950
100000151,363,3349,-2986
100000153,64,846,-782
100000154,18,1722,-1704
100000155,0,82,-82
100000156,129,196,-67
100000157,272,202,70
100000158,186,174,12
100000159,149,3377,-3228
100000165,1023,917,106
100000169,21,3535,-3514
100000174,358,1679,-1321
100000179,178,1706,-1528
100000180,541,3932,-3391
100000181,345,674,-329
100000188,108,367,-259
100000189,1056,549,507
100000190,636,2515,-1879
100000191,1199,929,270
100000192,17,163,-146
100000193,302,190,112
100000330,813,1188,-375
100000355,326,746,-420
100000362,2464,1122,1342
100000363,7109,10282,-3173
100000364,72,366,-294
100000365,7673,11821,-4148
100000366,1792,1473,319
100000367,7454,9113,-1659
100000368,2426,1697,729
100000369,732,3422,-2690
100000370,270,1174,-904
100000376,36,410,-374
100000379,853,7302,-6449
100000380,3369,16655,-13286
100000384,6562,11497,-4935
100000385,1848,7630,-5782
100000386,1899,10727,-8828
100000387,6233,13330,-7097
100000388,2074,5478,-3404
100000389,5908,10109,-4201
100000390,3071,4207,-1136
100000391,2658,8956,-6298
100000392,700,3545,-2845
100000393,766,5709,-4943
100000394,2462,7679,-5217
100000395,1023,6932,-5909
100000396,1115,2651,-1536
100000397,1901,9010,-7109
100000398,6772,4863,1909
100000413,2,1,1
100900002,2,24,-22
100900003,756,455,301
100900004,8,920,-912
100900005,197,7,190
100900006,38,23,15
100900007,255,15,240
100900008,2,646,-644
100900009,17,48,-31
100900010,51,7,44
100900011,277,67,210
100900012,2,164,-162
100900013,1348,14,1334
100900014,2,0,2
100900015,64,86,-22
100900016,11,53,-42
100900017,1567,116,1451
100900018,2,7,-5
100900019,26,62,-36
100900020,702,1,701
100900021,246,0,246
100900022,3,23,-20
100900023,0,34,-34
100900024,404,1,403
100900025,10,4,6
100900026,114,61,53
100900027,529,3428,-2899
100900028,47,698,-651
100900029,118,12,106
100900030,2,583,-581
100900031,1121,92,1029
100900032,302,1,301
100900033,143,832,-689
100900034,2116,2,2114
100900035,240,1,239
100900036,60,2,58
100900037,150,40,110
100900038,28,319,-291
100900039,275,175,100
100900040,2368,174,2194
100900041,1393,263,1130
100900042,403,3645,-3242
100900043,0,138,-138
100900044,1150,937,213
100900045,6,0,6
100900046,689,4,685
100900047,946,100,846
100900048,168,27,141
100900049,188,109,79
100900050,16,38,-22
100900051,54,332,-278
100900052,410,14,396
100900053,869,41,828
100900054,22,33,-11
100900055,762,1812,-1050
100900056,13,51,-38
100900057,3483,500,2983
100900058,175,56,119
100900059,113,0,113
100900060,210,8,202
100900061,171,201,-30
100900062,8,27,-19
100900063,330,1249,-919
100900064,288,18,270
100900065,32,165,-133
100900066,219,125,94
100900067,22,2,20
100900068,102,188,-86
100900069,159,0,159
100900070,895,8,887
100900071,205,88,117
100900072,0,41,-41
100900073,205,392,-187
100900074,3,13,-10
100900075,1981,326,1655
100900076,34,33,1
100900077,93,8,85
100900078,440,242,198
100900079,5,60,-55
100900080,122,283,-161
100900081,17,196,-179
100900082,385,133,252
100900083,3,52,-49
100900085,6,705,-699
100900086,41,311,-270
100900088,363,99,264
100900089,6,24,-18
100900090,137,2432,-2295
100900091,3,11,-8
100900092,79,144,-65
100900093,363,700,-337
100900094,353,83,270
100900095,4,71,-67
100900096,29,484,-455
100900097,26,1,25
100900098,25,35,-10
100900099,6,721,-715
100900100,7,434,-427
100900101,266,35,231
100900102,3,114,-111
100900103,4,14,-10
100900104,4,294,-290
100900105,16,769,-753
100900106,14,0,14
100900107,3717,1080,2637
100900108,0,21,-21
100900109,16,61,-45
100900110,7,32,-25
100900111,15,300,-285
100900112,3,22,-19
100900113,16,15,1
100900114,8,18,-10
100900115,16,53,-37
100900116,1409,517,892
100900117,277,1238,-961
100900118,26,143,-117
100900119,3,21,-18
100900120,13,20,-7
100900121,529,379,150
100900122,79,97,-18
100900123,281,65,216
100900124,6,28,-22
100900125,9,34,-25
100900126,859,275,584
100900127,8,4,4
100900128,82,1189,-1107
100900129,0,383,-383
100900131,18,120,-102
100900133,99,31,68
100900134,12,14,-2
100900135,5,1340,-1335
100900137,351,261,90
100900138,514,572,-58
100900139,1,12,-11
100900140,3,157,-154
100900141,6,969,-963
100900142,0,11,-11
100900143,412,1282,-870
100900144,6,2,4
100900145,59,1025,-966
100900146,4,18,-14
100900147,19,2734,-2715
100900148,224,198,26
100900149,33,700,-667
100900150,1,32,-31
100900151,118,596,-478
100900152,434,11,423
100900153,5,276,-271
100900154,2,322,-320
100900155,5,7,-2
100900156,35,0,35
100900157,8,257,-249
100900159,5,98,-93
100900160,51,6,45
100900161,91,1,90
100900162,11,245,-234
100900163,131,56,75
100900164,171,46,125
100900165,39,42,-3
100900166,21,0,21
100900167,8,31,-23
100900168,4,81,-77
100900169,49,1110,-1061
100900170,20,15,5
100900171,28,570,-542
100900172,0,98,-98
100900173,23,162,-139
100900174,74,35,39
100900176,2162,582,1580
100900177,535,360,175
100900178,156,207,-51
100900179,272,499,-227
100900180,0,4,-4
100900181,65,52,13
100900182,92,12,80
100900184,7,136,-129
100900186,577,263,314
100900187,80,118,-38
100900188,33,7,26
100900189,2532,124,2408
100900191,526,1085,-559
100900192,161,471,-310
100900195,100,1168,-1068
100900197,60,75,-15
100900198,30,30,0
100900199,5,3,2
100900200,1092,421,671
100900201,141,888,-747
100900202,18,1,17
100900203,0,166,-166
100900204,45,1663,-1618
100900205,241,630,-389
100900206,146,253,-107
100900207,348,190,158
100900210,183,153,30
100900211,923,107,816
100900213,233,25,208
100900214,393,205,188
100900215,59,29,30
100900217,193,207,-14
101000001,2171,2411,-240
101000002,9783,10925,-1142
101000003,639,1037,-398
101000004,8404,6065,2339
101000005,4710,6891,-2181
101000006,11965,11905,60
101000007,5259,6022,-763
101000008,2034,3023,-989
101000009,3522,1137,2385
101000010,1447,1207,240
101000011,2029,423,1606
101000012,423,817,-394
101000013,553,1690,-1137
101000014,371,517,-146
101000015,2604,2223,381
101000016,235,1214,-979
101000017,394,650,-256
101000018,1690,12797,-11107
101000020,1887,2411,-524
101000021,670,1454,-784
101000022,30,328,-298
101000023,1381,1139,242
101000025,525,908,-383
101000026,433,32,401
101000027,1751,4791,-3040
101000028,1291,389,902
101000029,93,1514,-1421
101000030,970,140,830
101000031,75,690,-615
101000032,1858,5318,-3460
101000033,1270,9271,-8001
101000034,766,4295,-3529
101000035,429,908,-479
101000036,485,4130,-3645
101000037,1214,6156,-4942
101000039,2143,6092,-3949
101000040,3136,9318,-6182
101000041,2428,7072,-4644
101000042,30,1227,-1197
101000043,4190,11033,-6843
101000045,259,1075,-816
101000046,1128,2286,-1158
101000047,888,4826,-3938
101000048,713,733,-20
101000049,616,3342,-2726
101000050,651,2426,-1775
101000051,582,2259,-1677
101000052,2050,2237,-187
101000053,468,2204,-1736
101000054,2875,1292,1583
101000055,1398,2107,-709
101000056,23,203,-180
101000057,679,3760,-3081
101000058,1080,3072,-1992
101000059,2990,3753,-763
101000060,3609,2207,1402
101000061,348,3152,-2804
101000062,270,1071,-801
101000063,145,2242,-2097
101000064,282,2422,-2140
101000065,207,1739,-1532
101000066,382,2161,-1779
101000067,233,1026,-793
101000068,99,382,-283
101000069,263,133,130
101000070,316,943,-627
101000071,5364,1913,3451
101000072,731,2801,-2070
101000073,363,1267,-904
101000074,1825,3780,-1955
101000075,1950,3801,-1851
101000077,1957,2172,-215
101000078,733,1424,-691
101000079,798,1167,-369
101000080,757,1530,-773
101000081,1898,1713,185
101000082,2529,2081,448
101000083,3716,3132,584
101000084,1125,746,379
101000085,1850,1712,138
101000086,968,1387,-419
101000087,1065,1182,-117
101000088,2298,1599,699
101000089,1458,2142,-684
101000090,2148,812,1336
101000091,718,461,257
101000092,2840,583,2257
101000093,2145,691,1454
101000094,1287,935,352
101000095,836,715,121
101000096,993,393,600
101000097,533,1489,-956
101000098,604,1567,-963
101000099,605,1496,-891
101000100,905,2090,-1185
101000101,185,1918,-1733
101000102,500,2362,-1862
101000103,409,1835,-1426
101000104,362,1185,-823
101000105,207,946,-739
101000106,152,3808,-3656
101000107,316,870,-554
101000108,862,131,731
101000109,1060,178,882
101000110,46,240,-194
101000111,78,224,-146
101000113,133,1422,-1289
101000114,1863,7055,-5192
101000115,27,22,5
101000116,15,42,-27
101000117,1840,345,1495
101000119,38,103,-65
101000120,84,179,-95
101000121,11,59,-48
101000122,103,58,45
101000123,24,97,-73
101000124,492,554,-62
101000125,122,194,-72
101000128,121,2036,-1915
101000130,226,302,-76
101000131,2164,445,1719
101000132,1293,661,632
101000135,19,15,4
101000136,131,168,-37
101000137,19,684,-665
101000141,643,6475,-5832
101000147,1866,456,1410
101000148,1262,16,1246
101000149,70,154,-84
101000150,250,394,-144
101000151,605,107,498
101000152,488,439,49
101000153,365,208,157
101000154,589,704,-115
101000155,655,215,440
101000156,37,897,-860
101000157,69,442,-373
101000160,21,20,1
101000163,74,885,-811
101000164,463,140,323
101000165,293,769,-476
101000166,166,344,-178
101000168,1263,781,482
101000252,3839,1311,2528
101000254,56,28,28
101000258,47,5,42
101000261,51,122,-71
101000262,3326,8922,-5596
101000263,474,1646,-1172
101000265,132,806,-674
101000266,562,366,196
101000269,27,33,-6
101000290,322,4364,-4042
101000293,3,37,-34
101000294,1036,950,86
101000295,469,213,256
101000301,281,1204,-923
101000304,3555,6910,-3355
101000305,4002,2600,1402
101000328,180,1499,-1319
101900001,43,38,5
101900002,0,7,-7
101900003,23,327,-304
101900004,2,311,-309
101900005,1294,4996,-3702
101900006,2930,203,2727
101900007,854,314,540
101900008,107,779,-672
101900009,46,558,-512
101900010,651,912,-261
101900011,79,1814,-1735
101900012,1016,78,938
101900013,612,79,533
101900017,9,102,-93
101900018,1612,310,1302
101900019,110,199,-89
101900020,164,94,70
101900021,4,65,-61
101900022,297,1808,-1511
101900023,221,259,-38
101900026,202,58,144
101900027,25,162,-137
102000001,4926,10533,-5607
102000002,3033,7949,-4916
102000003,2981,7258,-4277
102000004,8438,5348,3090
102000005,2444,4629,-2185
102000006,942,2074,-1132
102000007,3283,5695,-2412
102000008,7735,2130,5605
102000009,11158,11049,109
102000010,5068,3064,2004
102000011,6989,6908,81
102000012,4526,3507,1019
102000018,4366,4540,-174
102000019,3875,2619,1256
102000026,959,475,484
102000029,420,460,-40
102000030,204,474,-270
102000031,124,252,-128
102000032,843,627,216
102000033,635,352,283
102000034,599,528,71
102000035,1342,796,546
102000036,48,273,-225
102000037,219,71,148
102000038,138,522,-384
102000039,75,301,-226
102000040,280,403,-123
102000041,46,813,-767
102000042,60,430,-370
102000043,73,874,-801
102000044,489,1909,-1420
102000045,1164,1523,-359
102000046,2216,1332,884
102000047,1608,1003,605
102000048,1026,772,254
102000049,1402,1828,-426
102000050,2639,1758,881
102000051,235,1077,-842
102000052,1574,1876,-302
102000053,1460,2197,-737
102000054,1253,1046,207
102000055,1839,308,1531
102000056,2958,337,2621
102000057,2918,648,2270
102000058,1166,995,171
102000059,1299,2169,-870
102000060,1281,1253,28
102000061,2733,2235,498
102000062,3139,1553,1586
102000063,1730,1991,-261
102000064,866,796,70
102000065,49,133,-84
102000066,1030,1080,-50
102000067,8557,5743,2814
102000068,12032,5153,6879
102000069,79,3133,-3054
102000070,2697,49,2648
102000071,8280,15129,-6849
102000072,3263,5272,-2009
102000073,1217,724,493
102000074,1195,1527,-332
102000075,258,260,-2
102000076,650,220,430
102000077,1058,457,601
102000078,1949,298,1651
102000079,296,74,222
102000080,572,226,346
102000081,291,867,-576
102000082,777,440,337
102000083,1574,290,1284
102000084,898,333,565
102000085,2917,937,1980
102000086,2089,841,1248
102000087,1010,1542,-532
102000088,660,409,251
102000089,2110,287,1823
102000090,384,1483,-1099
102000091,1413,798,615
102000092,374,715,-341
102000093,1810,976,834
102000094,526,359,167
102000095,875,1366,-491
102000096,392,444,-52
102000097,951,389,562
102000098,304,568,-264
102000099,813,902,-89
102000100,290,974,-684
102000101,288,499,-211
102000102,399,1585,-1186
102000103,4826,485,4341
102000104,957,576,381
102000105,494,600,-106
102000106,1234,622,612
102000107,3108,278,2830
102000108,985,473,512
102000109,1508,808,700
102000110,2034,998,1036
102000111,25,818,-793
102000112,106,219,-113
102000113,27,126,-99
102000114,1810,436,1374
102000115,290,604,-314
102000116,303,1007,-704
102000117,79,1635,-1556
102000118,1072,2494,-1422
102000119,951,2029,-1078
102000120,372,746,-374
102000121,1046,353,693
102000122,666,1121,-455
102000123,1169,764,405
102000124,1621,1653,-32
102000125,446,883,-437
102000126,465,1127,-662
102000127,1367,802,565
102000128,768,1052,-284
102000129,1669,587,1082
102000130,695,896,-201
102000131,1002,757,245
102000132,218,819,-601
102000133,4768,2725,2043
102000134,1216,1077,139
102000135,907,868,39
102000136,1187,683,504
102000137,520,729,-209
102000138,434,279,155
102000139,88,813,-725
102000140,168,788,-620
102000141,243,625,-382
102000142,520,404,116
102000143,525,229,296
102000144,493,312,181
102000145,625,376,249
102000146,766,415,351
102000147,564,497,67
102000148,496,959,-463
102000149,554,180,374
102000150,1040,90,950
102000151,141,147,-6
102000152,418,247,171
102000153,1015,875,140
102000154,182,396,-214
102000155,79,686,-607
102000156,331,231,100
102000157,111,1517,-1406
102000158,247,505,-258
102000159,2905,1535,1370
102000161,4387,3084,1303
102000162,175,346,-171
102000163,207,478,-271
102000164,808,795,13
102000165,340,503,-163
102000166,136,396,-260
102000167,169,422,-253
102000168,278,284,-6
102000169,191,749,-558
102000170,1455,211,1244
102000171,140,256,-116
102000172,4,486,-482
102000173,538,546,-8
102000174,305,125,180
102000175,87,113,-26
102000176,27,95,-68
102000178,270,754,-484
102000179,617,509,108
102000180,1711,250,1461
102000181,1464,404,1060
102000182,790,335,455
102000183,2832,1282,1550
102000184,2652,693,1959
102000185,3929,1066,2863
102000186,2858,1102,1756
102000187,1343,2552,-1209
102000188,2203,2828,-625
102000189,3923,1147,2776
102000190,712,3013,-2301
102000191,1256,317,939
102000192,3062,2061,1001
102000193,205,230,-25
102000194,37,566,-529
102000195,869,551,318
102000196,460,528,-68
102000197,1753,205,1548
102000198,313,475,-162
102000199,1816,107,1709
102000200,532,692,-160
102000201,2155,531,1624
102000202,24,272,-248
102000203,996,232,764
102000204,1342,895,447
102000205,1928,964,964
102000206,1033,585,448
102000207,1153,729,424
102000208,585,1254,-669
102000209,82,282,-200
102000210,1121,700,421
102000211,699,359,340
102000212,922,4,918
102000213,5,295,-290
102000214,1033,6,1027
102000215,18,320,-302
102000216,235,216,19
102000217,44,121,-77
102000218,333,375,-42
102000219,288,153,135
102000225,380,693,-313
102000226,224,271,-47
102000227,124,1,123
102000228,0,229,-229
102000229,108,104,4
102000230,657,331,326
102000231,413,381,32
102000232,208,278,-70
102000233,1972,462,1510
102000234,146,1269,-1123
102000236,472,68,404
102000237,1213,823,390
102000238,337,454,-117
102000240,495,1152,-657
102000241,224,176,48
102000243,4,57,-53
102000245,23,100,-77
102000246,7,89,-82
102000247,346,420,-74
102000248,214,948,-734
102000249,260,135,125
102000250,129,178,-49
102000254,290,205,85
102000266,1,722,-721
102000271,47,1,46
102000286,642,395,247
102000297,4004,1555,2449
102000299,0,0,0
102000301,0,0,0
102000303,0,0,0
102000305,0,0,0
102000307,0,9,-9
102900001,908,605,303
102900002,327,47,280
102900003,135,200,-65
102900005,468,206,262
102900006,535,43,492
102900007,1022,11,1011
102900008,256,22,234
102900009,198,399,-201
102900010,107,1155,-1048
102900011,1301,758,543
102900012,605,169,436
102900013,82,15,67
102900015,1068,969,99
102900016,74,18,56
102900017,386,98,288
102900018,146,66,80
102900019,810,908,-98
102900020,444,18,426
102900021,50,13,37
102900022,92,58,34
102900023,15,109,-94
102900024,102,45,57
102900025,52,67,-15
102900026,605,3055,-2450
102900027,88,93,-5
102900028,237,1301,-1064
102900029,132,591,-459
102900030,419,391,28
102900031,496,176,320
102900032,228,45,183
102900033,122,215,-93
102900034,1152,41,1111
102900035,236,433,-197
102900036,651,268,383
102900037,512,199,313
102900038,597,223,374
102900039,16,1219,-1203
102900040,476,368,108
102900041,184,159,25
102900042,547,139,408
102900043,531,108,423
102900044,689,1629,-940
102900045,409,397,12
102900046,266,76,190
102900047,229,1287,-1058
102900048,865,265,600
102900049,81,272,-191
102900050,234,527,-293
102900051,285,633,-348
102900053,400,801,-401
102900054,199,2202,-2003
102900055,209,514,-305
102900056,133,461,-328
102900057,4,107,-103
102900058,623,126,497
102900059,43,18,25
102900060,125,553,-428
102900061,312,589,-277
102900062,478,581,-103
102900063,2751,518,2233
102900064,79,867,-788
102900065,2044,372,1672
102900066,503,10,493
102900068,93,336,-243
102900070,279,712,-433
102900072,38,92,-54
102900073,59,6,53
102900075,4,75,-71
102900076,47,218,-171
102900077,42,25,17
102900078,48,16,32
102900079,406,5,401
102900080,607,12,595
102900081,71,152,-81
102900082,24,234,-210
102900083,110,15,95
102900084,8,34,-26
102900085,192,75,117
102900086,15,69,-54
102900087,347,112,235
102900088,77,46,31
102900089,296,382,-86
102900090,0,236,-236
102900091,446,0,446
102900092,941,92,849
102900094,1,234,-233
102900095,90,0,90
102900096,113,6,107
102900097,66,30,36
103000001,2651,4600,-1949
103000002,3252,5296,-2044
103000003,4005,4330,-325
103000004,847,818,29
103000005,2000,6802,-4802
103000006,1792,2146,-354
103000007,796,500,296
103000008,1355,1986,-631
103000009,3712,2320,1392
103000010,452,141,311
103000011,1553,914,639
103000012,1406,2262,-856
103000013,4667,2968,1699
103000014,1592,5072,-3480
103000015,3800,1511,2289
103000016,1066,3349,-2283
103000017,273,1259,-986
103000018,915,203,712
103000019,489,823,-334
103000020,1626,2636,-1010
103000021,2132,5320,-3188
103000022,945,2003,-1058
103000023,1506,4723,-3217
103000024,86,53,33
103000025,118,1730,-1612
103000026,498,427,71
103000027,212,614,-402
103000028,174,311,-137
103000029,114,265,-151
103000030,2762,1912,850
103000031,811,3659,-2848
103000032,2542,1696,846
103000033,3187,3453,-266
103000034,1593,1103,490
103000035,287,1617,-1330
103000036,330,258,72
103000037,745,480,265
103000038,527,1044,-517
103000039,1355,415,940
103000040,617,608,9
103000041,3869,1620,2249
103000042,3064,417,2647
103000043,1301,801,500
103000044,554,178,376
103000046,375,641,-266
103000047,987,460,527
103000048,405,311,94
103000049,64,112,-48
103000050,965,314,651
103000051,709,675,34
103000052,1104,309,795
103000053,285,278,7
103000054,2596,517,2079
103000055,2570,1441,1129
103000056,1446,670,776
103000057,2240,105,2135
103000058,1339,437,902
103000059,1600,848,752
103000060,1226,272,954
103000061,1017,790,227
103000062,899,268,631
103000063,1341,946,395
103000064,302,106,196
103000065,10,360,-350
103000066,394,18,376
103000069,533,485,48
103000070,924,395,529
103000071,2583,1301,1282
103000072,113,612,-499
103000073,1939,146,1793
103000074,1313,170,1143
103000075,148,509,-361
103000076,439,1115,-676
103000077,7,325,-318
103000078,1660,2079,-419
103000079,741,1337,-596
103000080,526,495,31
103000081,339,1093,-754
103000082,794,288,506
103000083,173,732,-559
103000084,149,13,136
103000085,1,151,-150
103000086,447,798,-351
103000087,116,726,-610
103000088,302,593,-291
103000089,445,1349,-904
103000090,5611,1277,4334
103000091,1791,657,1134
103000092,567,256,311
103000093,449,867,-418
103000094,521,200,321
103000095,206,557,-351
103000096,743,74,669
103000097,159,825,-666
103000098,648,162,486
103000099,94,1103,-1009
103000100,154,466,-312
103000101,1983,114,1869
103000102,47,285,-238
103000103,1051,120,931
103000104,164,71,93
103000105,435,87,348
103000106,12,114,-102
103000107,311,179,132
103000108,2478,2095,383
103000109,1029,971,58
103000110,1105,880,225
103000111,465,1064,-599
103000112,397,858,-461
103000113,227,2655,-2428
103000114,2161,2479,-318
103000115,1278,1072,206
103000116,890,410,480
103000117,387,490,-103
103000118,574,444,130
103000119,1877,535,1342
103000120,103,719,-616
103000121,150,175,-25
103000122,613,587,26
103000125,37,80,-43
103000126,1456,9,1447
103000127,10,66,-56
103000128,239,2,237
103000129,2,99,-97
103000130,81,76,5
103000131,68,110,-42
103000132,50,140,-90
103000133,30,88,-58
103000134,282,1666,-1384
103000135,997,216,781
103000136,660,903,-243
103000137,445,740,-295
103000138,603,803,-200
103000139,1,127,-126
103000140,276,34,242
103000141,46,251,-205
103000142,182,184,-2
103000143,90,241,-151
103000144,352,265,87
103000145,4,221,-217
103000150,181,72,109
103000152,255,560,-305
103000153,215,464,-249
103000156,11,81,-70
103000157,591,2,589
103000159,537,74,463
103000162,66,17,49
103000163,7,12,-5
103000164,16,18,-2
103000165,99,188,-89
103000166,493,1212,-719
103000167,493,400,93
103000168,307,477,-170
103000169,189,1097,-908
103000170,1743,267,1476
103000171,25,238,-213
103000172,1348,116,1232
103000173,1735,253,1482
103000174,678,330,348
103000175,659,137,522
103000176,1379,1556,-177
103000177,288,721,-433
103000178,110,301,-191
103000179,186,241,-55
103000183,526,25,501
103000185,273,60,213
103000186,471,101,370
103000187,1648,236,1412
103000188,46,77,-31
103000189,837,1589,-752
103000191,565,425,140
103000292,629,2817,-2188
103000293,893,6037,-5144
103000295,83,267,-184
103000296,158,5,153
103000297,0,23,-23
103000504,18,7,11
103000505,7,52,-45
103000506,2,174,-172
103000507,383,1,382
103000508,103,53,50
103000509,433,911,-478
103900001,1,33,-32
103900002,926,58,868
103900003,1104,1108,-4
103900004,200,1,199
103900005,7,159,-152
103900006,109,11,98
103900007,120,1,119
103900008,70,2,68
103900010,489,171,318
103900012,7,97,-90
103900014,154,36,118
103900015,165,9,156
103900017,131,119,12
103900018,363,98,265
103900019,27,777,-750
103900020,620,608,12
103900021,125,68,57
103900022,821,602,219
103900023,311,3,308
103900024,102,270,-168
103900025,5,34,-29
103900026,26,0,26
103900027,672,303,369
103900028,380,435,-55
103900029,2084,204,1880
103900030,403,232,171
103900031,112,4,108
103900032,137,233,-96
103900033,80,78,2
103900034,65,27,38
103900035,142,64,78
103900036,30,66,-36
103900037,211,130,81
103900038,123,330,-207
103900039,405,191,214
103900040,31,107,-76
103900041,81,75,6
103900042,250,72,178
103900043,345,123,222
103900044,68,952,-884
103900045,408,199,209
103900047,267,10,257
103900048,19,371,-352
103900049,113,1656,-1543
103900050,28,288,-260
103900051,1,106,-105
103900053,726,161,565
103900054,500,154,346
103900055,288,87,201
103900056,149,75,74
103900057,483,66,417
103900058,591,241,350
103900059,0,194,-194
103900060,164,135,29
103900061,433,31,402
103900062,1407,437,970
103900063,6,0,6
103900064,255,7,248
103900065,138,205,-67
103900066,321,69,252
103900067,493,13,480
103900068,1,3,-2
103900069,159,8,151
103900070,447,150,297
103900071,79,64,15
103900072,135,85,50
103900073,39,64,-25
103900074,247,117,130
103900075,502,92,410
103900076,1155,324,831
103900077,47,216,-169
103900078,622,616,6
103900079,145,288,-143
103900080,12,43,-31
103900081,17,33,-16
103900082,85,198,-113
103900083,3381,2765,616
103900084,27,697,-670
103900085,77,110,-33
103900086,2381,370,2011
103900088,336,608,-272
103900089,68,271,-203
103900090,3,117,-114
103900091,757,143,614
103900092,775,1074,-299
103900093,84,630,-546
103900094,24,51,-27
103900095,794,2008,-1214
103900096,263,66,197
103900097,14,281,-267
103900098,616,167,449
103900099,530,60,470
103900100,400,92,308
103900101,1047,1159,-112
103900102,3,110,-107
103900104,0,15,-15
103900105,59,103,-44
103900106,4,1668,-1664
103900107,450,36,414
103900108,86,145,-59
103900109,321,27,294
103900110,541,36,505
103900111,271,204,67
103900112,34,137,-103
103900113,104,157,-53
103900114,1918,670,1248
103900115,355,195,160
103900116,2127,4602,-2475
103900117,60,35,25
103900119,15,252,-237
103900120,184,55,129
103900122,429,105,324
103900123,625,1258,-633
103900124,67,374,-307
103900125,135,45,90
103900126,881,172,709
103900127,207,215,-8
103900128,399,221,178
103900131,78,61,17
103900133,1424,68,1356
103900134,0,28,-28
103900135,0,3,-3
103900137,0,3,-3
103900138,454,14,440
103900139,304,4788,-4484
103900140,3,624,-621
103900141,295,34,261
103900142,501,49,452
103900143,436,2,434
103900144,4,36,-32
103900145,202,243,-41
103900146,600,154,446
103900147,611,85,526
103900148,1161,242,919
103900149,496,136,360
103900150,4908,7685,-2777
103900151,37,121,-84
103900152,1721,236,1485
103900153,31,20,11
103900154,487,4055,-3568
103900155,22,123,-101
103900156,46,76,-30
103900157,340,65,275
103900158,463,59,404
103900159,693,26,667
103900160,59,17,42
103900161,63,139,-76
103900162,238,158,80
103900163,34,552,-518
103900167,2,113,-111
103900168,122,145,-23
103900169,27,56,-29
103900170,3,72,-69
103900171,12,47,-35
103900172,12,3,9
103900173,82,68,14
103900174,494,22,472
103900175,38,254,-216
103900176,22,63,-41
103900177,14,10,4
103900178,124,5,119
103900179,142,40,102
103900180,5,54,-49
103900181,36,181,-145
103900182,26,58,-32
103900184,364,82,282
103900185,103,1173,-1070
103900187,9,308,-299
103900188,193,121,72
103900189,114,8,106
103900190,198,37,161
103900191,24,47,-23
103900192,12,92,-80
103900193,21,114,-93
103900194,74,98,-24
103900195,7,381,-374
103900196,91,115,-24
103900197,9,48,-39
103900198,6,48,-42
103900199,241,80,161
103900200,409,32,377
103900201,100,80,20
103900202,3,82,-79
103900203,75,89,-14
103900204,0,44,-44
103900207,0,7,-7
103900208,228,2,226
103900209,4,51,-47
103900210,27,57,-30
103900211,1292,141,1151
103900212,612,197,415
103900213,20,582,-562
103900214,235,694,-459
103900215,245,701,-456
103900216,29,204,-175
103900217,476,23,453
103900218,144,715,-571
103900219,492,181,311
103900233,273,23,250
103900235,11,138,-127
103900236,22,197,-175
103900242,0,7,-7
103900243,2,5,-3
103900244,197,177,20
103900245,202,87,115
103900246,57,91,-34
103900247,38,81,-43
103900248,8,111,-103
103900249,16,82,-66
103900250,173,142,31
103900251,2,135,-133
103900253,2,143,-141
103900254,38,84,-46
103900255,1,63,-62
103900256,43,49,-6
103900257,754,732,22
103900258,52,24,28
103900259,39,173,-134
103900261,128,4,124
103900262,81,8,73
103900263,77,167,-90
103900264,27,0,27
103900265,37,2,35
103900266,2,417,-415
103900267,5,75,-70
103900268,57,40,17
103900269,316,21,295
103900270,156,142,14
103900271,120,52,68
103900272,106,24,82
103900273,302,8,294
103900274,571,2,569
103900275,304,13,291
103900276,18,30,-12
103900277,6,15,-9
103900278,2,21,-19
103900279,3,108,-105
103900280,3,22,-19
104000001,5339,3162,2177
104000002,2443,2592,-149
104000003,3797,2549,1248
104000004,3964,2882,1082
104000005,3670,2852,818
104000006,4776,2956,1820
104000007,6485,4428,2057
104000008,295,298,-3
104000009,187,232,-45
104000010,177,818,-641
104000011,445,193,252
104000012,191,223,-32
104000013,429,640,-211
104000014,308,387,-79
104000015,607,293,314
104000016,391,298,93
104000018,882,491,391
104000019,700,678,22
104000020,84,272,-188
104000021,494,302,192
104000022,471,472,-1
104000023,1638,847,791
104000024,513,540,-27
104000026,184,206,-22
104000027,410,305,105
104000028,541,578,-37
104000029,560,393,167
104000030,467,469,-2
104000031,1821,457,1364
104000032,200,126,74
104000033,1158,707,451
104000034,333,141,192
104000035,1570,444,1126
104000036,1832,438,1394
104000037,272,150,122
104000038,750,921,-171
104000039,301,96,205
104000040,170,859,-689
104000041,1161,755,406
104000042,316,240,76
104000043,247,402,-155
104000044,614,780,-166
104000045,997,699,298
104000046,812,789,23
104000047,837,927,-90
104000048,1231,799,432
104000049,1042,463,579
104000050,176,968,-792
104000051,347,1470,-1123
104000052,4922,5712,-790
104000053,1988,577,1411
104000054,619,231,388
104000055,3328,2712,616
104000056,870,471,399
104000057,711,443,268
104000058,2009,1228,781
104000059,1090,1357,-267
104000060,1676,2845,-1169
104000061,1569,1017,552
104000062,893,360,533
104000064,1041,440,601
104000065,78,815,-737
104000069,551,2750,-2199
104000070,95,866,-771
104000071,719,405,314
104000072,1075,369,706
104000075,176,291,-115
104000076,927,114,813
104000082,2611,6571,-3960
104000083,786,293,493
104000084,210,371,-161
104000085,961,437,524
104000086,448,545,-97
104000087,420,2315,-1895
104000090,1649,885,764
104000092,2356,1234,1122
104000094,1197,864,333
104000095,5179,2190,2989
104000096,3994,123,3871
104000097,4307,665,3642
104000098,5970,706,5264
104000100,3548,1253,2295
104000101,2701,1959,742
104000106,89,816,-727
104000107,1026,235,791
104000108,414,334,80
104000109,635,227,408
104000110,872,1511,-639
104000111,2862,6184,-3322
104000112,784,535,249
104000116,0,715,-715
104000117,533,384,149
104000118,2423,215,2208
104000119,1245,392,853
104000120,402,502,-100
104000121,548,606,-58
104000122,1168,598,570
104000123,1261,803,458
104000124,429,1218,-789
104000125,2907,6752,-3845
104000126,675,680,-5
104000127,1662,1537,125
104000128,885,101,784
104000129,648,7,641
104000130,9,339,-330
104000131,452,627,-175
104000132,581,961,-380
104000133,1913,634,1279
104000134,1259,1834,-575
104000135,816,1720,-904
104000136,853,3279,-2426
104000137,2641,372,2269
104000138,2282,442,1840
104000139,2809,2838,-29
104000141,1111,545,566
104000142,1149,380,769
104000143,1323,407,916
104000144,271,399,-128
104000145,413,207,206
104000146,207,590,-383
104000147,186,335,-149
104000148,443,290,153
104000149,244,68,176
104000150,1205,674,531
104000151,379,168,211
104000152,896,204,692
104000153,985,848,137
104000154,752,178,574
104000155,564,1183,-619
104000157,2254,1168,1086
104000158,122,726,-604
104000159,1291,1117,174
104000160,2306,3188,-882
104000161,491,124,367
104000162,140,166,-26
104000165,1458,917,541
104000167,1086,2163,-1077
104000168,1480,8,1472
104000169,200,107,93
104000170,232,392,-160
104000248,533,870,-337
104000251,136,247,-111
104000272,0,0,0
104000273,0,0,0
104000274,0,0,0
104000275,0,0,0
104000279,2114,2153,-39
104000290,154,540,-386
104000291,805,2092,-1287
104000293,2465,1921,544
104000294,162,0,162
104000295,1340,1287,53
104000296,853,741,112
104000297,1253,3195,-1942
104000298,2118,1074,1044
104000299,1797,1135,662
104000302,253,101,152
104000303,199,234,-35
104900001,153,282,-129
104900002,64,352,-288
104900003,88,161,-73
104900004,70,94,-24
104900005,772,324,448
104900006,1213,98,1115
104900007,815,141,674
104900009,125,137,-12
104900010,201,38,163
104900011,22,301,-279
104900012,499,100,399
104900013,113,16,97
104900014,1599,366,1233
104900015,152,2,150
104900016,225,221,4
104900017,137,196,-59
104900018,14,88,-74
104900019,128,6532,-6404
104900020,105,419,-314
104900021,0,24,-24
104900022,2,543,-541
104900023,0,18,-18
104900024,36,1089,-1053
104900025,125,167,-42
104900026,0,33,-33
104900027,664,409,255
104900028,14,293,-279
104900029,14,33,-19
104900030,772,201,571
104900031,61,298,-237
104900032,150,67,83
104900033,243,219,24
104900034,349,171,178
104900035,427,257,170
104900036,481,34,447
104900037,339,133,206
104900038,157,2427,-2270
104900039,337,223,114
104900040,800,33,767
104900041,528,136,392
104900042,304,235,69
104900043,92,584,-492
104900044,1181,94,1087
104900045,354,71,283
104900046,820,108,712
104900047,582,116,466
104900048,597,65,532
104900049,123,43,80
104900050,677,122,555
104900051,351,58,293
104900052,252,1,251
104900053,731,143,588
104900054,392,59,333
104900055,396,0,396
104900056,451,16,435
104900057,78,0,78
104900058,549,446,103
104900059,130,108,22
104900061,113,210,-97
104900063,22,443,-421
104900064,0,112,-112
104900065,0,480,-480
104900066,0,68,-68
104900067,0,362,-362
104900068,135,163,-28
104900070,72,183,-111
104900071,0,531,-531
104900072,73,165,-92
104900073,105,122,-17
104900074,72,75,-3
104900075,92,21,71
104900076,196,87,109
104900077,340,173,167
104900078,232,116,116
104900079,159,2045,-1886
104900080,225,244,-19
104900082,7,404,-397
104900085,100,329,-229
104900089,632,1,631
104900091,599,591,8
104900093,247,283,-36
104900097,1750,5398,-3648
104900098,497,40,457
104900099,76,946,-870
104900100,429,220,209
104900102,163,91,72
104900103,337,64,273
104900106,621,221,400
104900107,76,357,-281
104900108,32,144,-112
104900109,207,235,-28
104900110,21,68,-47
104900111,609,64,545
104900112,607,381,226
104900113,1123,257,866
104900114,1125,370,755
104900115,1501,186,1315
104900116,926,302,624
104900118,21,143,-122
104900119,1,185,-184
104900120,20,1672,-1652
104900121,0,22,-22
104900122,4,32,-28
104900123,171,26,145
104900124,91,0,91
104900125,367,3,364
104900126,13,23,-10
104900127,23,34,-11
104900128,99,53,46
104900129,1118,4566,-3448
105000001,6307,2049,4258
105000002,3773,3295,478
105000003,3865,6590,-2725
105000004,1783,1300,483
105000005,2482,2649,-167
105000006,1613,3850,-2237
105000007,2409,4923,-2514
105000008,1208,6583,-5375
105000009,4285,6126,-1841
105000010,3541,1477,2064
105000011,4194,5559,-1365
105000012,2940,2333,607
105000013,1857,2371,-514
105000014,5400,5307,93
105000015,9538,19217,-9679
105000016,957,960,-3
105000017,2055,1136,919
105000018,856,2467,-1611
105000019,1350,1609,-259
105000020,78,774,-696
105000021,550,310,240
105000022,109,238,-129
105000023,1675,278,1397
105000028,30,80,-50
105000029,873,1976,-1103
105000030,4499,2516,1983
105000031,13,12,1
105000033,1517,1444,73
105000034,259,1873,-1614
105000037,771,295,476
105000038,1598,2924,-1326
105000039,1289,1001,288
105000040,1059,2831,-1772
105000041,304,872,-568
105000042,2429,2130,299
105000043,1004,1314,-310
105000044,1155,584,571
105000045,269,342,-73
105000046,2343,420,1923
105000047,855,528,327
105000048,1740,469,1271
105000049,309,529,-220
105000050,1729,796,933
105000051,274,447,-173
105000052,1082,1916,-834
105000053,213,252,-39
105000054,748,2622,-1874
105000055,967,392,575
105000056,2531,2739,-208
105000057,2368,1185,1183
105000058,2014,1367,647
105000059,1876,1274,602
105000060,691,648,43
105000061,2539,1160,1379
105000062,947,701,246
105000063,607,652,-45
105000064,4078,1066,3012
105000065,627,858,-231
105000066,1095,2016,-921
105000067,2691,1951,740
105000068,433,1286,-853
105000069,2120,3892,-1772
105000070,953,2095,-1142
105000071,240,3392,-3152
105000072,2664,11460,-8796
105000073,1704,1410,294
105000074,690,756,-66
105000075,794,983,-189
105000076,2045,1774,271
105000077,3596,1216,2380
105000078,1031,1836,-805
105000079,1196,3231,-2035
105000080,2462,3150,-688
105000081,1352,1914,-562
105000082,1006,2383,-1377
105000083,2208,3162,-954
105000084,947,1229,-282
105000085,3453,3054,399
105000086,1495,1375,120
105000087,3830,3397,433
105000088,2794,4811,-2017
105000089,2398,2197,201
105000090,554,619,-65
105000091,911,1161,-250
105000092,764,1206,-442
105000093,329,658,-329
105000094,343,303,40
105000095,289,1453,-1164
105000096,1857,3636,-1779
105000097,568,923,-355
105000098,2214,2621,-407
105000099,837,2011,-1174
105000100,2801,1393,1408
105000101,4594,1777,2817
105000102,2878,2129,749
105000103,2048,2736,-688
105000104,3644,2263,1381
105000105,1913,2290,-377
105000106,2737,1418,1319
105000107,2459,1236,1223
105000108,2320,1414,906
105000109,4699,1163,3536
105000110,1634,643,991
105000111,2458,677,1781
105000112,1689,740,949
105000113,970,1361,-391
105000114,2207,2157,50
105000115,472,3226,-2754
105000116,1885,1061,824
105000117,1338,811,527
105000118,1738,793,945
105000119,891,775,116
105000120,2393,757,1636
105000121,1390,710,680
105000122,629,943,-314
105000123,689,739,-50
105000124,3517,1253,2264
105000125,1720,1591,129
105000126,3161,2219,942
105000127,4537,2266,2271
105000128,1178,2598,-1420
105000129,2392,700,1692
105000130,296,4919,-4623
105000131,555,160,395
105000132,2136,1099,1037
105000133,599,729,-130
105000134,2031,679,1352
105000135,532,696,-164
105000136,127,186,-59
105000137,972,293,679
105000138,191,167,24
105000139,980,581,399
105000140,767,415,352
105000141,583,315,268
105000142,537,581,-44
105000143,245,623,-378
105000144,468,724,-256
105000145,1129,422,707
105000146,642,707,-65
105000147,993,690,303
105000148,1359,1474,-115
105000149,4170,2804,1366
105000150,1738,900,838
105000151,1063,561,502
105000152,257,931,-674
105000153,1565,714,851
105000154,909,832,77
105000155,874,594,280
105000156,471,983,-512
105000157,1018,1520,-502
105000158,4405,1105,3300
105000159,507,802,-295
105000160,5528,1189,4339
105000161,1127,795,332
105000162,919,4867,-3948
105000163,1387,1119,268
105000164,155,611,-456
105000165,1632,16541,-14909
105000166,6445,2280,4165
105000167,1657,4802,-3145
105000168,825,604,221
105000169,1876,91,1785
105000170,567,1521,-954
105000171,2460,292,2168
105000172,483,66,417
105000173,547,41,506
105000174,142,53,89
105000175,154,69,85
105000176,812,171,641
105000177,698,403,295
105000178,520,275,245
105000179,1432,119,1313
105000180,388,100,288
105000181,378,174,204
105000182,95,95,0
105000183,3075,3596,-521
105000184,624,1327,-703
105000185,787,1918,-1131
105000186,725,908,-183
105000187,894,539,355
105000188,179,588,-409
105000189,152,1104,-952
105000190,271,620,-349
105000191,615,695,-80
105000192,602,92,510
105000193,168,312,-144
105000194,1621,206,1415
105000195,428,747,-319
105000196,156,559,-403
105000197,352,574,-222
105000198,473,150,323
105000199,114,1290,-1176
105000200,174,623,-449
105000201,157,89,68
105000203,51,136,-85
105000204,122,53,69
105000205,129,159,-30
105000207,257,91,166
105000208,261,609,-348
105000209,247,144,103
105000211,826,15,811
105000212,1892,592,1300
105000213,51,217,-166
105000214,137,275,-138
105000215,629,160,469
105000216,537,107,430
105000217,446,181,265
105000218,3219,1607,1612
105000221,222,385,-163
105000222,590,629,-39
105000223,833,828,5
105000226,272,108,164
105000227,90,158,-68
105000228,75,1845,-1770
105000229,270,1496,-1226
105000231,894,341,553
105000233,1645,1598,47
105000234,542,823,-281
105000235,806,1170,-364
105000237,2371,199,2172
105000243,79,71,8
105000248,71,111,-40
105000262,690,407,283
105000269,268,133,135
105000270,1061,24,1037
105000271,0,235,-235
105000282,108,113,-5
105000287,262,141,121
105000288,1318,766,552
105000289,738,1793,-1055
105000290,86,20,66
105000402,2089,5543,-3454
105000426,438,524,-86
105000438,918,1469,-551
105000440,25,32,-7
105000446,8496,3745,4751
105000447,2070,1389,681
105000454,1145,196,949
105000455,250,117,133
105000474,222,2,220
105000477,1679,704,975
105000478,3609,7724,-4115
105000479,90,273,-183
105000480,5528,10067,-4539
105000481,6926,7109,-183
105000482,2604,3130,-526
105000483,3245,5434,-2189
105000484,1858,2116,-258
105000485,1419,4914,-3495
105000486,2001,2840,-839
105000488,3450,1968,1482
105000489,2443,1481,962
105000549,66,858,-792
105000550,438,947,-509
105000551,25,154,-129
105000552,3508,1446,2062
105000555,1579,2617,-1038
105000556,88,43,45
105000557,134,293,-159
105900001,5,3457,-3452
105900002,677,2004,-1327
105900003,23,266,-243
105900004,225,57,168
105900005,484,630,-146
105900006,14,202,-188
105900007,41,222,-181
105900008,204,221,-17
105900009,60,47,13
105900011,144,43,101
105900012,492,60,432
105900013,1,22,-21
105900014,1,64,-63
105900015,63,294,-231
105900016,1091,259,832
105900017,2603,27,2576
105900018,150,167,-17
105900019,151,292,-141
105900020,87,161,-74
105900021,49,331,-282
105900022,235,403,-168
105900023,10,177,-167
105900024,3,552,-549
105900025,360,10,350
105900026,364,28,336
105900027,17359,4647,12712
105900028,157,1510,-1353
105900029,2133,247,1886
105900030,210,364,-154
105900031,613,201,412
105900032,182,121,61
105900033,142,167,-25
105900034,900,465,435
105900035,571,263,308
105900036,164,86,78
105900037,335,49,286
105900038,163,261,-98
105900039,210,78,132
105900040,160,175,-15
105900041,252,346,-94
105900042,208,338,-130
105900043,1647,17,1630
105900044,18,719,-701
105900045,2,2242,-2240
105900046,7,273,-266
105900047,9,142,-133
105900048,199,630,-431
105900050,1354,9651,-8297
105900051,90,1336,-1246
105900052,1527,129,1398
105900053,4217,5743,-1526
105900054,235,302,-67
105900056,622,661,-39
105900057,4,189,-185
105900058,42,13,29
105900059,1,185,-184
106000001,2216,3470,-1254
106000002,1209,3488,-2279
106000003,4886,6671,-1785
106000004,2461,2767,-306
106000005,5966,6049,-83
106000006,6156,2099,4057
106000007,784,507,277
106000008,529,294,235
106000009,669,297,372
106000010,294,372,-78
106000011,2659,1307,1352
106000012,1344,1096,248
106000013,2884,2239,645
106000014,1678,1534,144
106000015,3327,1628,1699
106000016,1682,1738,-56
106000017,766,1209,-443
106000018,614,614,0
106000019,585,659,-74
106000020,469,488,-19
106000021,426,689,-263
106000022,426,265,161
106000023,999,794,205
106000024,727,663,64
106000025,257,197,60
106000026,171,342,-171
106000027,2324,2258,66
106000028,1130,348,782
106000029,1077,843,234
106000030,227,765,-538
106000034,158,529,-371
106000035,1374,2632,-1258
106000036,285,437,-152
106000037,1617,1613,4
106000038,96,312,-216
106000039,49,223,-174
106000040,183,1121,-938
106000041,1017,541,476
106000043,530,367,163
106000046,645,118,527
106000047,71,529,-458
106000049,2121,410,1711
106000050,415,831,-416
106000051,1673,736,937
106000052,356,347,9
106000053,689,187,502
106000054,484,286,198
106000055,1376,952,424
106000056,573,292,281
106000057,897,389,508
106000058,344,91,253
106000059,609,467,142
106000060,408,333,75
106000061,303,1044,-741
106000062,234,314,-80
106000063,1363,1164,199
106000064,16,484,-468
106000065,651,325,326
106000066,179,807,-628
106000067,883,167,716
106000068,139,722,-583
106000069,585,94,491
106000070,467,671,-204
106000071,1204,445,759
106000072,4727,1937,2790
106000073,2194,9019,-6825
106000074,1354,1006,348
106000075,658,1360,-702
106000076,1931,1740,191
106000077,1931,1268,663
106000078,1973,862,1111
106000079,1251,1142,109
106000080,2006,705,1301
106000081,1470,1194,276
106000082,2302,785,1517
106000083,509,1337,-828
106000084,1305,589,716
106000085,1613,1357,256
106000086,593,789,-196
106000087,1120,453,667
106000088,605,821,-216
106000089,1835,263,1572
106000090,483,795,-312
106000091,241,645,-404
106000092,2075,486,1589
106000093,889,192,697
106000094,135,344,-209
106000095,1743,1139,604
106000096,2113,646,1467
106000097,2042,1336,706
106000098,1787,868,919
106000099,288,1031,-743
106000100,2248,285,1963
106000101,1473,731,742
106000102,121,1222,-1101
106000103,346,1111,-765
106000104,1554,686,868
106000105,649,1090,-441
106000106,1322,488,834
106000107,266,385,-119
106000108,945,203,742
106000109,405,200,205
106000110,736,236,500
106000111,252,226,26
106000112,504,1296,-792
106000113,836,508,328
106000114,867,1811,-944
106000115,484,396,88
106000116,612,266,346
106000117,1129,579,550
106000118,2169,1625,544
106000119,1272,633,639
106000120,1475,2457,-982
106000121,697,324,373
106000122,391,129,262
106000123,1581,236,1345
106000124,487,149,338
106000125,117,293,-176
106000126,643,153,490
106000127,3026,858,2168
106000128,2005,394,1611
106000129,1517,684,833
106000130,2065,576,1489
106000131,350,1365,-1015
106000132,1551,261,1290
106000133,3256,3232,24
106000134,687,5916,-5229
106000135,276,1103,-827
106000136,1449,2471,-1022
106000137,181,1366,-1185
106000138,4239,141,4098
106000139,188,139,49
106000140,111,161,-50
106000141,190,66,124
106000142,136,158,-22
106000143,55,53,2
106000144,140,222,-82
106000145,1015,111,904
106000146,672,189,483
106000147,1598,594,1004
106000148,2415,774,1641
106000149,1243,474,769
106000150,1675,3850,-2175
106000151,4636,667,3969
106000152,1206,5436,-4230
106000153,154,2923,-2769
106000154,1780,181,1599
106000155,344,502,-158
106000156,2280,202,2078
106000157,900,2406,-1506
106000158,2038,716,1322
106000159,4413,4171,242
106000160,934,6740,-5806
106000161,1484,381,1103
106000162,624,2390,-1766
106000163,652,519,133
106000164,1307,420,887
106000165,380,699,-319
106000166,1804,364,1440
106000167,675,1447,-772
106000168,1612,420,1192
106000169,327,625,-298
106000170,1753,570,1183
106000171,252,1631,-1379
106000172,3171,2280,891
106000173,960,4536,-3576
106000174,2163,497,1666
106000175,247,563,-316
106000176,3386,1159,2227
106000177,1208,2009,-801
106000178,3785,1720,2065
106000179,862,2023,-1161
106000180,1116,642,474
106000181,2209,1413,796
106000182,3014,679,2335
106000183,3165,397,2768
106000184,2265,561,1704
106000185,2675,2083,592
106000186,457,66,391
106000187,127,1964,-1837
106000188,0,8,-8
106000189,23,64,-41
106000190,56,3,53
106000191,875,102,773
106000192,0,16,-16
106000193,455,278,177
106000194,128,373,-245
106000195,212,139,73
106000196,42,403,-361
106000197,1021,281,740
106000198,246,377,-131
106000199,926,1717,-791
106000200,404,351,53
106000201,541,8514,-7973
106000202,4634,839,3795
106000203,66,685,-619
106000204,96,4,92
106000205,41,208,-167
106000206,225,13,212
106000207,20,259,-239
106000208,3682,278,3404
106000209,3002,733,2269
106000210,499,820,-321
106000211,282,1254,-972
106000212,1895,659,1236
106000213,312,1321,-1009
106000214,2039,541,1498
106000215,476,557,-81
106000216,1044,646,398
106000217,266,566,-300
106000218,490,326,164
106000219,340,329,11
106000220,907,371,536
106000221,767,137,630
106000222,210,115,95
106000223,668,197,471
106000224,767,130,637
106000225,236,265,-29
106000226,129,197,-68
106000228,76,221,-145
106000229,217,634,-417
106000231,1947,192,1755
106000232,100,430,-330
106000233,750,1021,-271
106000234,90,782,-692
106000235,408,1131,-723
106000236,155,670,-515
106000237,0,41,-41
106000238,32,97,-65
106000239,0,186,-186
106000240,82,4,78
106000241,36,851,-815
106000242,718,23,695
106000249,176,56,120
106000250,148,1043,-895
106000251,196,36,160
106000252,43,121,-78
106000253,73,60,13
106000254,150,42,108
106000255,62,198,-136
106000256,200,25,175
106000257,148,205,-57
106000258,132,308,-176
106000259,17,233,-216
106000260,60,10,50
106000261,26,63,-37
106000262,141,59,82
106000263,72,59,13
106000264,346,23,323
106000265,51,110,-59
106000266,244,56,188
106000267,26,120,-94
106000268,389,102,287
106000269,51,35,16
106000270,158,275,-117
106000271,87,136,-49
106000272,188,61,127
106000273,21,252,-231
106000274,188,43,145
106000275,263,205,58
106000276,95,22,73
106000277,189,192,-3
106000278,164,15,149
106000279,49,12,37
106000280,141,41,100
106000281,104,41,63
106000282,143,64,79
106000283,150,61,89
106000284,166,71,95
106000285,144,100,44
106000286,257,76,181
106000287,99,79,20
106000288,100,157,-57
106000289,154,53,101
106000290,128,68,60
106000291,196,82,114
106000292,225,124,101
106000293,178,106,72
106000294,101,63,38
106000295,43,114,-71
106000296,15,62,-47
106000297,68,241,-173
106000298,77,171,-94
106000299,38,38,0
106000300,76,100,-24
106000301,66,172,-106
106000303,103,72,31
106000304,96,14,82
106000305,105,48,57
106000306,39,42,-3
106000307,232,21,211
106000308,52,48,4
106000309,39,39,0
106000310,530,433,97
106000311,824,200,624
106000312,253,212,41
106000313,590,183,407
106000318,99,442,-343
106000319,3404,541,2863
106000320,2,118,-116
106000321,211,392,-181
106000322,610,90,520
106000324,49,117,-68
106000325,2713,920,1793
106000326,1037,1359,-322
106000327,553,104,449
106000328,29,619,-590
106000329,85,826,-741
106000330,28,197,-169
106000428,98,422,-324
106000429,178,374,-196
106000430,463,2172,-1709
106000431,3260,625,2635
106000432,1124,3110,-1986
106000433,3328,1842,1486
106000434,5272,1434,3838
106000435,1831,2540,-709
106000436,39,193,-154
106000437,1046,66,980
106000438,221,453,-232
106000439,75,1498,-1423
106000440,266,707,-441
106000441,4,3,1
106000442,1184,12,1172
106000443,417,187,230
106000450,1,138,-137
106000451,56,200,-144
106000454,3,290,-287
106000455,2,116,-114
106000456,181,31,150
106000457,61,835,-774
106000458,1602,134,1468
106000459,930,131,799
106000460,2618,67,2551
106000461,616,307,309
106000462,1,53,-52
106000463,1,10,-9
106000464,3,1538,-1535
106000465,1091,14,1077
106000466,2,468,-466
106000467,625,434,191
106000468,251,230,21
106000469,202,1,201
106000470,256,4076,-3820
106000471,5,366,-361
106000472,323,12,311
106000473,103,6,97
106000474,1117,686,431
106000475,1349,246,1103
106000476,369,322,47
106000477,115,103,12
106000480,0,1628,-1628
106900001,0,4,-4
106900002,5,217,-212
106900003,120,2651,-2531
106900004,47,7,40
106900006,0,6,-6
106900007,0,3,-3
106900008,1475,98,1377
106900009,1025,155,870
106900010,647,433,214
106900012,1740,5052,-3312
106900013,1051,264,787
106900014,152,0,152
106900015,34,1,33
106900016,598,18,580
106900017,15,0,15
106900018,35,1,34
106900019,161,1,160
106900020,3186,4423,-1237
106900021,175,106,69
106900022,1475,1,1474
106900023,907,268,639
106900024,793,65,728
106900025,29,622,-593
106900026,1,245,-244
106900027,1365,2,1363
107000001,4562,5799,-1237
107000002,1725,2323,-598
107000003,12688,9919,2769
107000004,4283,1904,2379
107000005,12964,9665,3299
107000006,4521,2484,2037
107000007,8472,11032,-2560
107000008,5540,3186,2354
107000009,13094,9813,3281
107000010,6034,4114,1920
107000011,919,1553,-634
107000012,3371,3248,123
107000013,245,39,206
107000014,165,118,47
107000015,750,567,183
107000016,1497,550,947
107000017,654,2815,-2161
107000018,11,2688,-2677
107000020,737,2376,-1639
107000021,1086,573,513
107000022,1160,3022,-1862
107000023,2418,339,2079
107000024,617,4409,-3792
107000025,576,341,235
107000026,405,626,-221
107000027,2650,826,1824
107000028,2155,746,1409
107000029,6442,4062,2380
107000030,3549,2078,1471
107000031,8638,3415,5223
107000032,377,865,-488
107000033,2657,4835,-2178
107000034,5476,1266,4210
107000035,763,331,432
107000036,615,1989,-1374
107000037,177,877,-700
107000038,415,199,216
107000039,1550,1255,295
107000040,604,233,371
107000041,1315,1032,283
107000042,664,3054,-2390
107000043,1928,1279,649
107000044,424,434,-10
107000045,90,538,-448
107000046,982,527,455
107000047,776,1352,-576
107000048,975,551,424
107000049,623,1038,-415
107000050,1185,880,305
107000051,272,521,-249
107000052,1554,2777,-1223
107000053,549,859,-310
107000054,41,180,-139
107000055,724,237,487
107000056,541,520,21
107000057,2347,171,2176
107000058,2445,4761,-2316
107000059,2988,3323,-335
107000060,7868,8022,-154
107000061,5138,3297,1841
107000062,8752,5471,3281
107000063,4815,3185,1630
107000064,8193,6166,2027
107000065,3540,5400,-1860
107000066,2066,4176,-2110
107000067,2128,1831,297
107000068,802,1403,-601
107000069,1519,1034,485
107000070,1657,3,1654
107000071,6699,56,6643
107000072,5,1141,-1136
107000073,1616,1279,337
107000074,126,482,-356
107000075,2913,373,2540
107000076,285,840,-555
107000077,4796,758,4038
107000078,907,1403,-496
107000079,4226,1323,2903
107000080,598,1469,-871
107000081,4128,868,3260
107000082,1048,874,174
107000083,2092,1060,1032
107000084,219,597,-378
107000085,4242,3923,319
107000086,3597,2207,1390
107000087,5455,4190,1265
107000088,3416,4690,-1274
107000089,3358,4174,-816
107000090,2207,1087,1120
107000091,2523,1929,594
107000092,1311,936,375
107000093,1991,1848,143
107000094,1279,1165,114
107000095,1691,1169,522
107000096,966,660,306
107000097,1933,1077,856
107000098,835,673,162
107000099,833,587,246
107000100,322,606,-284
107000101,235,365,-130
107000102,450,586,-136
107000103,649,457,192
107000104,257,414,-157
107000105,1001,499,502
107000106,223,317,-94
107000107,1296,356,940
107000108,295,646,-351
107000109,1749,377,1372
107000110,254,323,-69
107000111,1075,98,977
107000112,53,220,-167
107000113,1811,203,1608
107000114,42,445,-403
107000115,1526,1345,181
107000116,86,705,-619
107000117,266,5742,-5476
107000118,85,192,-107
107000119,1995,1776,219
107000120,1187,1586,-399
107000121,1240,948,292
107000122,1017,814,203
107000123,764,659,105
107000124,1055,376,679
107000125,2039,631,1408
107000126,2909,266,2643
107000129,332,607,-275
107000130,1207,252,955
107000131,309,391,-82
107000132,708,471,237
107000133,480,466,14
107000134,310,2,308
107000135,1,363,-362
107000136,778,6,772
107000137,6,793,-787
107000138,146,26,120
107000139,9,829,-820
107000140,2375,62,2313
107000141,103,2252,-2149
107000142,755,76,679
107000143,44,982,-938
107000144,883,879,4
107000145,264,638,-374
107000146,249,448,-199
107000147,6101,834,5267
107000150,479,6392,-5913
107000151,17,20,-3
107000152,1353,3509,-2156
107000153,87,203,-116
107000154,40,356,-316
107000155,1339,19,1320
107000156,1659,19,1640
107000157,67,479,-412
107000158,1741,29,1712
107000159,25,717,-692
107000160,2959,246,2713
107000161,46,417,-371
107000162,544,1225,-681
107000163,270,3,267
107000164,1592,1,1591
107000165,2322,3,2319
107000166,91,225,-134
107000167,1473,272,1201
107000168,1561,821,740
107000169,363,468,-105
107000170,5199,991,4208
107000171,947,936,11
107000172,2680,2740,-60
107000173,629,452,177
107000174,1734,9694,-7960
107000175,4245,739,3506
107000176,0,0,0
107000177,0,0,0
107000178,119,5,114
107000179,695,1264,-569
107000180,2957,228,2729
107000181,547,656,-109
107000182,3351,756,2595
107000183,331,638,-307
107000184,2399,670,1729
107000185,459,1300,-841
107000186,1472,661,811
107000187,1795,1676,119
107000188,1006,454,552
107000189,1178,1028,150
107000190,1141,613,528
107000191,1524,1506,18
107000192,2307,813,1494
107000193,648,904,-256
107000194,988,916,72
107000197,1364,324,1040
107000198,371,831,-460
107000199,1615,1014,601
107000200,1631,1046,585
107000201,702,584,118
107000202,367,609,-242
107000203,507,2208,-1701
107000204,381,2766,-2385
107000205,984,845,139
107000206,383,1474,-1091
107000207,559,1218,-659
107000208,1215,682,533
107000209,473,984,-511
107000210,184,109,75
107000211,1,63,-62
107000212,9,163,-154
107000213,12,17,-5
107000214,14,68,-54
107000215,840,309,531
107000216,696,453,243
107000217,306,1506,-1200
107000219,127,271,-144
107000220,166,269,-103
107000222,445,335,110
107000224,789,708,81
107000225,214,306,-92
107000226,644,585,59
107000227,215,138,77
107000228,643,1008,-365
107000229,153,261,-108
107000230,2367,1085,1282
107000231,485,1762,-1277
107000232,250,72,178
107000233,250,635,-385
107000234,0,135,-135
107000235,73,28,45
107000236,38,737,-699
107000237,90,0,90
107000238,48,9,39
107000239,3577,960,2617
107000240,829,449,380
107000243,1,108,-107
107000244,10,128,-118
107000246,2,667,-665
107000249,2,832,-830
107000251,10,445,-435
107000252,3,1243,-1240
107000255,343,213,130
107000257,2,1011,-1009
107000258,6,291,-285
107000259,15,175,-160
107000260,3321,36,3285
107000262,193,182,11
107000263,799,10,789
107000266,34,32,2
107000267,57,110,-53
107000268,351,58,293
107000269,111,9,102
107000270,268,70,198
107000271,24,0,24
107000272,118,0,118
107000273,8,349,-341
107000274,498,12,486
107000275,184,3227,-3043
107000280,2268,25,2243
107000281,30,399,-369
107000282,109,434,-325
107000290,10,94,-84
107000291,77,10,67
107000292,3,676,-673
107000293,22,37,-15
107000294,1,164,-163
107000295,68,17,51
107000296,0,27,-27
107000444,387,3,384
107000496,14,0,14
107000497,1169,1387,-218
107000500,733,608,125
107000501,143,365,-222
107000502,386,900,-514
107000505,655,1068,-413
107000506,0,1,-1
107000508,23,275,-252
107000509,189,873,-684
107000510,79,321,-242
107000514,48,509,-461
107000515,21,52,-31
107000516,875,574,301
107000518,3063,4707,-1644
107000519,1600,662,938
107000520,263,105,158
107000521,1764,580,1184
107000522,2746,396,2350
107900001,124,48,76
107900002,116,10,106
107900003,663,14,649
107900004,0,0,0
107900005,3934,10,3924
107900006,212,10,202
107900007,573,69,504
107900008,68,3,65
107900009,201,16,185
107900010,74,11,63
107900012,760,93,667
107900013,379,23,356
107900014,204,9,195
107900015,2357,16,2341
107900016,430,62,368
107900017,57,0,57
107900018,74,436,-362
107900019,25,9,16
107900020,15,47,-32
107900021,360,56,304
107900023,9,9,0
107900024,0,37,-37
107900025,313,73,240
107900026,85,18,67
107900027,8,109,-101
107900028,469,35,434
107900030,401,70,331
107900031,337,117,220
107900032,65,9,56
107900033,33,6,27
107900034,336,22,314
107900035,2637,180,2457
107900036,52,34,18
107900037,0,1,-1
107900038,63,361,-298
107900039,56,9,47
107900040,10,214,-204
107900041,2,0,2
107900043,117,162,-45
107900044,25,21,4
107900045,146,53,93
107900046,464,791,-327
107900047,83,12,71
107900048,451,44,407
107900049,594,1348,-754
107900050,43,279,-236
107900051,55,18,37
107900052,27,98,-71
107900053,185,43,142
107900055,473,364,109
107900056,127,197,-70
107900057,4,0,4
107900058,20,469,-449
107900060,12,149,-137
107900061,2,23,-21
107900063,153,219,-66
107900064,173,904,-731
107900065,736,16,720
107900066,35,16,19
107900067,3,0,3
107900068,82,1133,-1051
107900069,27,5153,-5126
107900070,170,178,-8
107900071,12,351,-339
107900072,315,35,280
107900073,169,181,-12
107900074,174,448,-274
107900076,241,51,190
107900077,202,21,181
107900079,21,37,-16
107900080,87,1162,-1075
107900081,96,58,38
107900082,6,2,4
107900083,645,193,452
107900084,238,222,16
107900086,47,596,-549
107900087,406,30,376
107900088,125,6,119
107900089,263,712,-449
107900090,620,2695,-2075
107900091,134,155,-21
107900093,56,134,-78
107900095,1667,1610,57
107900097,37,90,-53
107900098,180,901,-721
107900100,451,1713,-1262
107900101,631,43,588
107900102,72,3,69
107900103,100,146,-46
107900104,446,4,442
107900105,5,123,-118
107900106,0,302,-302
107900107,1342,379,963
107900108,257,48,209
107900109,2852,68,2784
107900110,128,44,84
107900111,10,245,-235
107900112,89,902,-813
107900113,290,34,256
107900114,399,121,278
107900115,0,2,-2
107900116,487,36,451
107900117,301,315,-14
107900118,55,123,-68
107900119,210,244,-34
107900120,51,40,11
107900121,11,150,-139
107900122,1,246,-245
107900123,19,156,-137
107900124,6,86,-80
107900125,12,237,-225
107900126,72,409,-337
107900127,796,231,565
107900128,85,73,12
107900129,202,8,194
107900130,161,16,145
107900131,87,214,-127
107900132,85,205,-120
107900133,0,38,-38
107900134,34,59,-25
107900135,5,32,-27
107900136,78,22,56
107900137,90,126,-36
107900138,243,8,235
107900139,188,58,130
107900141,17,42,-25
107900142,101,542,-441
107900143,13,21,-8
107900144,1,43,-42
107900145,19,49,-30
107900146,50,108,-58
107900147,20,16,4
107900148,250,88,162
107900149,536,42,494
107900150,41,344,-303
107900151,46,19,27
107900152,64,123,-59
107900153,121,281,-160
107900154,33,62,-29
107900155,151,114,37
107900156,0,51,-51
107900157,16,91,-75
107900158,1865,72,1793
107900159,43,320,-277
107900160,246,80,166
107900161,248,126,122
107900162,2,70,-68
107900163,23,62,-39
107900164,45,109,-64
107900165,24,462,-438
107900166,49,44,5
107900167,6,91,-85
107900168,242,68,174
107900169,122,4034,-3912
107900171,129,381,-252
107900172,0,300,-300
107900173,86,69,17
107900174,287,7,280
107900175,23,309,-286
107900176,150,14,136
107900177,0,136,-136
107900178,2,250,-248
107900179,45,165,-120
107900180,331,1461,-1130
107900181,288,291,-3
107900182,1696,860,836
107900183,118,84,34
107900184,234,793,-559
107900185,292,8,284
107900186,28,12,16
107900187,1,179,-178
107900188,791,85,706
107900189,40,105,-65
107900190,34,140,-106
107900191,88,251,-163
107900193,94,413,-319
107900194,240,22,218
107900195,2286,162,2124
107900196,257,52,205
107900197,192,312,-120
107900199,1,640,-639
107900201,168,129,39
107900203,48,33,15
107900204,260,224,36
107900206,311,768,-457
107900207,1,385,-384
107900208,5,193,-188
107900209,379,184,195
107900210,41,47,-6
107900213,464,428,36
107900214,26,292,-266
107900215,294,628,-334
107900216,23,31,-8
107900217,54,104,-50
107900218,7,1715,-1708
107900219,196,29,167
107900220,63,223,-160
107900221,226,432,-206
107900223,335,190,145
107900224,217,528,-311
107900225,10,595,-585
107900226,17,85,-68
107900227,164,429,-265
107900228,62,148,-86
107900229,1,57,-56
107900230,66,22,44
107900231,43,59,-16
107900232,453,57,396
107900233,4,33,-29
107900234,528,152,376
107900235,59,198,-139
107900236,973,104,869
107900237,3,397,-394
107900238,131,23,108
107900239,449,918,-469
107900240,118,47,71
107900241,11,27,-16
107900242,19,87,-68
107900243,0,21,-21
107900244,453,3,450
107900245,1489,82,1407
107900246,191,3,188
107900248,911,60,851
107900249,1697,233,1464
107900250,2,202,-200
107900251,49,690,-641
107900252,1080,39,1041
107900253,270,19,251
107900254,116,177,-61
107900255,207,49,158
107900256,694,2120,-1426
107900257,674,193,481
107900258,235,81,154
107900259,36,5400,-5364
107900261,0,129,-129
107900262,195,54,141
107900264,757,46,711
107900265,253,813,-560
107900267,596,21,575
107900268,57,8,49
107900269,2,27,-25
107900270,1,0,1
107900271,1,58,-57
107900272,18,32,-14
107900273,83,72,11
107900274,73,0,73
107900275,104,0,104
107900276,0,10,-10
107900277,0,66,-66
107900278,800,93,707
107900279,24,19,5
107900280,4103,1174,2929
107900281,1028,10533,-9505
107900282,16,1498,-1482
107900283,842,1378,-536
107900284,645,647,-2
107900285,176,24,152
107900286,39,66,-27
107900287,695,119,576
107900290,0,1113,-1113
107900291,824,23,801
107900292,388,121,267
107900293,143,217,-74
107900295,107,47,60
107900297,5,520,-515
107900298,667,839,-172
107900299,2769,4629,-1860
107900301,1387,1486,-99
107900302,200,37,163
107900303,717,529,188
107900304,898,67,831
107900305,318,13,305
107900306,3,98,-95
107900307,15,229,-214
107900308,301,255,46
107900309,104,0,104
107900310,42,1,41
107900311,3,238,-235
107900312,95,0,95
107900313,0,141,-141
107900314,3,164,-161
107900315,1,68,-67
107900316,31,4,27
107900317,96,8,88
107900318,4,254,-250
107900319,13,47,-34
107900320,0,60,-60
107900321,337,7,330
107900322,1,24,-23
107900323,3,81,-78
107900324,170,11,159
107900325,265,4,261
107900326,910,105,805
107900327,0,174,-174
107900328,10,0,10
107900329,49,524,-475
107900330,1,93,-92
107900331,851,39,812
107900332,657,18,639
107900333,161,19,142
107900334,7,62,-55
107900335,40,68,-28
107900336,37,113,-76
107900337,424,1430,-1006
107900338,6,148,-142
107900339,5,25,-20
107900340,0,158,-158
107900341,102,1,101
107900342,248,116,132
107900343,45,1,44
107900344,9,39,-30
107900345,94,15,79
107900346,13,0,13
107900347,29,11,18
107900348,2,8,-6
107900349,67,2,65
107900350,24,185,-161
107900351,17,28,-11
107900352,0,37,-37
107900353,23,39,-16
107900354,12,49,-37
108000001,6686,5605,1081
108000002,1829,1705,124
108000003,3769,4339,-570
108000004,10660,10821,-161
108000005,9681,7689,1992
108000006,3885,4276,-391
108000007,8055,8338,-283
108000008,3697,4954,-1257
108000009,8287,7888,399
108000010,2693,4900,-2207
108000011,17074,14143,2931
108000012,10929,9155,1774
108000014,938,1766,-828
108000015,1591,286,1305
108000016,294,619,-325
108000017,2032,548,1484
108000018,2353,972,1381
108000019,1100,1017,83
108000020,1530,498,1032
108000021,273,1561,-1288
108000022,501,793,-292
108000023,2532,331,2201
108000024,749,372,377
108000025,747,149,598
108000026,1578,708,870
108000027,1278,431,847
108000028,1474,415,1059
108000029,926,637,289
108000030,687,356,331
108000031,325,793,-468
108000032,3779,862,2917
108000033,829,755,74
108000034,2725,640,2085
108000035,718,1533,-815
108000036,590,714,-124
108000037,3927,471,3456
108000038,5523,481,5042
108000039,722,1286,-564
108000040,3559,1229,2330
108000041,486,1937,-1451
108000042,871,167,704
108000043,376,208,168
108000044,1060,142,918
108000045,421,265,156
108000046,2901,526,2375
108000047,529,659,-130
108000048,105,244,-139
108000049,1184,225,959
108000050,204,482,-278
108000051,677,366,311
108000052,280,502,-222
108000053,622,448,174
108000054,309,1128,-819
108000055,1374,859,515
108000056,991,1538,-547
108000057,1012,1910,-898
108000058,2545,7055,-4510
108000059,2431,1420,1011
108000060,389,1365,-976
108000061,366,340,26
108000062,1680,885,795
108000063,640,436,204
108000064,423,357,66
108000065,798,488,310
108000066,2921,1740,1181
108000067,3666,1161,2505
108000068,1462,736,726
108000069,324,605,-281
108000070,3144,1323,1821
108000071,772,1355,-583
108000072,1761,1083,678
108000073,1084,1129,-45
108000074,951,941,10
108000075,507,532,-25
108000076,1245,884,361
108000077,849,559,290
108000078,3392,925,2467
108000079,841,658,183
108000080,2601,593,2008
108000081,998,766,232
108000082,695,1430,-735
108000083,2944,1198,1746
108000084,541,1295,-754
108000085,2168,1053,1115
108000086,635,495,140
108000087,194,3641,-3447
108000088,1746,674,1072
108000089,418,433,-15
108000091,94,679,-585
108000092,426,211,215
108000093,531,425,106
108000094,1459,271,1188
108000095,280,575,-295
108000096,749,435,314
108000097,218,491,-273
108000098,3757,1517,2240
108000099,1648,399,1249
108000100,274,1069,-795
108000101,1753,2315,-562
108000102,2189,4548,-2359
108000106,1603,2,1601
108000107,3,945,-942
108000108,1039,64,975
108000109,5,398,-393
108000110,852,425,427
108000111,341,1015,-674
108000112,73,242,-169
108000113,390,301,89
108000115,568,391,177
108000117,502,394,108
108000118,389,3097,-2708
108000119,696,300,396
108000120,424,1309,-885
108000121,426,569,-143
108000122,1481,620,861
108000123,1215,461,754
108000124,426,1044,-618
108000125,1198,492,706
108000126,395,573,-178
108000127,912,609,303
108000128,1238,261,977
108000129,532,1096,-564
108000130,762,491,271
108000131,888,370,518
108000132,605,701,-96
108000133,1849,490,1359
108000134,811,381,430
108000135,1556,1240,316
108000136,670,628,42
108000137,868,204,664
108000138,802,641,161
108000139,1151,288,863
108000140,961,23,938
108000141,137,24,113
108000142,154,70,84
108000143,80,260,-180
108000144,1195,53,1142
108000145,108,5,103
108000146,1372,109,1263
108000147,47,29,18
108000148,1364,163,1201
108000149,63,21,42
108000150,111,41,70
108000151,54,34,20
108000152,287,205,82
108000153,1717,208,1509
108000154,59,3,56
108000155,132,38,94
108000156,1104,745,359
108000157,411,4373,-3962
108000158,116,1620,-1504
108000159,253,258,-5
108000160,2140,2081,59
108000161,1812,5911,-4099
108000165,2,473,-471
108000172,2,418,-416
108000173,553,2717,-2164
108000175,1396,298,1098
108000178,629,413,216
108000179,192,1276,-1084
108000181,158,6,152
108000182,207,49,158
108000183,3,385,-382
108000184,960,4748,-3788
108000185,525,314,211
108000186,686,394,292
108000187,314,271,43
108000188,1571,185,1386
108000189,1903,20631,-18728
108000190,51,53,-2
108000192,541,191,350
108000193,330,11,319
108000194,29,14,15
108000195,2,966,-964
108000196,285,605,-320
108000198,1499,118,1381
108000199,0,586,-586
108000200,976,321,655
108000203,545,575,-30
108000204,287,71,216
108000205,283,307,-24
108000339,1097,488,609
108000364,249,671,-422
108000365,107,637,-530
108000367,277,210,67
108000368,33,64,-31
108000369,503,99,404
108000371,9,485,-476
108000372,1063,8,1055
108000373,249,125,124
108000376,216,28,188
108000377,1277,127,1150
108000378,11518,19453,-7935
108000379,10,304,-294
108000381,245,7,238
108000382,198,0,198
108000383,2,421,-419
108900001,17,353,-336
108900002,367,80,287
108900003,129,685,-556
108900004,188,495,-307
108900007,520,165,355
108900008,212,94,118
108900009,234,227,7
108900010,543,148,395
108900011,1113,229,884
108900012,590,323,267
108900013,190,455,-265
108900014,76,126,-50
108900015,5,261,-256
108900016,0,183,-183
108900017,172,1089,-917
108900018,232,370,-138
108900019,57,392,-335
108900020,73,109,-36
108900021,130,116,14
108900022,120,28,92
108900023,2,101,-99
108900024,57,23,34
108900025,503,56,447
108900026,15,28,-13
108900027,0,23,-23
108900028,159,81,78
108900029,144,172,-28
108900030,0,21,-21
108900031,404,72,332
108900032,2,145,-143
108900033,0,49,-49
108900034,0,90,-90
108900035,469,364,105
108900038,0,49,-49
108900039,0,70,-70
108900040,8,70,-62
108900041,4806,3598,1208
108900042,1,363,-362
108900043,52,630,-578
108900044,0,104,-104
108900045,107,90,17
108900046,16,195,-179
108900047,12,350,-338
108900048,128,301,-173
108900049,1394,4366,-2972
108900050,6,55,-49
108900051,4,62,-58
108900052,44,76,-32
108900053,164,948,-784
108900054,86,66,20
108900055,58,310,-252
108900056,2,31,-29
108900057,0,66,-66
108900058,86,81,5
108900059,1996,80,1916
108900060,66,194,-128
108900061,100,12,88
108900062,2,210,-208
108900063,20,71,-51
108900064,633,9,624
108900065,22,116,-94
108900066,559,263,296
108900067,3,250,-247
108900068,21,56,-35
108900069,285,7,278
108900070,49,40,9
108900071,220,68,152
108900072,1169,157,1012
108900073,108,244,-136
108900074,920,43,877
108900075,18,19,-1
108900076,613,24,589
108900077,218,226,-8
108900078,98,60,38
108900079,331,221,110
108900080,29,1388,-1359
108900081,114,339,-225
108900082,230,26,204
108900083,19,339,-320
108900085,1799,166,1633
108900086,309,75,234
108900087,103,179,-76
108900088,856,576,280
108900089,7,108,-101
108900090,243,47,196
108900091,115,71,44
108900092,545,420,125
108900093,142,91,51
108900094,642,161,481
108900095,31,218,-187
108900096,253,13,240
108900097,412,126,286
108900098,1351,1366,-15
108900099,838,146,692
108900100,77,87,-10
108900101,272,794,-522
108900102,17,2139,-2122
108900103,271,375,-104
108900105,12,4197,-4185
108900106,750,169,581
108900108,468,30,438
108900109,1318,145,1173
108900110,365,212,153
108900111,956,222,734
108900113,61,108,-47
108900114,316,49,267
108900115,225,255,-30
108900116,115,17,98
108900117,688,33,655
108900118,1301,32,1269
108900119,741,34,707
108900120,530,334,196
108900121,340,97,243
108900122,463,71,392
108900123,512,120,392
108900124,1888,166,1722
108900125,1462,10,1452
108900126,333,50,283
108900127,494,135,359
108900128,441,68,373
108900129,2156,218,1938
108900130,1356,4,1352
108900131,1059,6,1053
108900132,1206,114,1092
108900133,518,37,481
108900134,1326,217,1109
108900135,614,11,603
108900136,49,0,49
108900137,364,1,363
108900138,1898,103,1795
108900140,1212,49,1163
108900141,937,11,926
108900142,112,13,99
108900143,137,0,137
108900144,186,1,185
108900145,692,63,629
108900146,251,0,251
108900147,592,1,591
108900148,129,16,113
108900150,270,6,264
108900151,23,9,14
108900152,192,21,171
108900153,532,181,351
108900154,8313,431,7882
108900156,251,6,245
108900157,35,348,-313
108900158,1213,102,1111
108900159,75,52,23
108900160,10,155,-145
108900161,146,371,-225
108900162,392,2,390
108900163,6,581,-575
108900164,102,45,57
108900168,4342,2628,1714
108900169,82,111,-29
108900171,3496,3707,-211
108900172,224,93,131
108900173,55,346,-291
108900174,1638,587,1051
108900176,123,295,-172
108900177,3519,13229,-9710
108900178,2643,7397,-4754
108900180,63,336,-273
108900183,238,371,-133
108900184,472,229,243
108900185,49,524,-475
108900186,59,456,-397
108900189,495,285,210
108900190,74,2315,-2241
108900192,110,155,-45
108900195,111,139,-28
108900196,136,353,-217
108900199,257,342,-85
108900200,997,707,290
108900201,249,1098,-849
108900203,522,126,396
108900204,631,21,610
108900205,308,44,264
108900206,760,146,614
108900207,358,510,-152
108900208,9,378,-369
108900209,178,516,-338
108900210,175,86,89
108900211,297,785,-488
108900212,97,3164,-3067
108900215,69,366,-297
108900216,317,899,-582
108900217,88,0,88
108900218,102,30,72
108900221,30,49,-19
108900224,80,79,1
108900225,2,188,-186
108900227,289,480,-191
108900230,66,277,-211
108900232,1,142,-141
108900233,635,223,412
108900234,347,277,70
108900235,197,318,-121
108900236,74,338,-264
108900240,140,135,5
108900241,135,34,101
108900245,2,3023,-3021
108900250,444,86,358
108900258,4,80,-76
108900259,81,30,51
108900260,12,15,-3
108900261,38,28,10
108900262,129,128,1
108900263,25,196,-171
108900264,165,308,-143
108900265,775,749,26
108900266,171,2757,-2586
108900267,2,687,-685
108900268,14,52,-38
108900269,319,61,258
108900270,442,28,414
108900271,157,211,-54
108900272,822,96,726
108900273,306,1266,-960
108900274,118,9,109
109000001,5327,4179,1148
109000002,1002,4361,-3359
109000003,5703,662,5041
109000004,817,2564,-1747
109000005,3353,884,2469
109000006,1220,2027,-807
109000007,3669,1275,2394
109000008,971,1628,-657
109000009,5381,1820,3561
109000010,1050,3152,-2102
109000011,7156,3541,3615
109000012,2161,3332,-1171
109000013,7956,7484,472
109000014,2808,2318,490
109000015,5666,23561,-17895
109000016,5345,2434,2911
109000017,5575,2092,3483
109000018,2208,2354,-146
109000019,4327,2403,1924
109000020,1577,3059,-1482
109000023,447,14,433
109000024,5,181,-176
109000025,318,916,-598
109000026,793,302,491
109000027,131,423,-292
109000028,204,99,105
109000029,57,538,-481
109000030,24,448,-424
109000031,417,112,305
109000032,114,558,-444
109000033,634,333,301
109000034,115,102,13
109000035,27,39,-12
109000036,118,365,-247
109000037,485,4738,-4253
109000038,349,287,62
109000039,1259,1204,55
109000040,2932,15923,-12991
109000041,1479,4448,-2969
109000042,930,2613,-1683
109000044,719,297,422
109000045,101,332,-231
109000046,731,141,590
109000047,185,378,-193
109000048,564,1118,-554
109000049,332,597,-265
109000050,538,566,-28
109000051,287,162,125
109000052,807,479,328
109000053,2258,176,2082
109000054,163,558,-395
109000055,1123,355,768
109000056,430,409,21
109000057,1707,482,1225
109000058,1057,659,398
109000059,193,1522,-1329
109000060,349,783,-434
109000061,549,2127,-1578
109000062,196,458,-262
109000063,245,205,40
109000064,619,125,494
109000065,378,367,11
109000066,870,64,806
109000067,112,545,-433
109000068,841,18,823
109000069,766,9,757
109000070,139,1688,-1549
109000071,609,128,481
109000072,217,310,-93
109000073,44,124,-80
109000074,25,131,-106
109000075,68,347,-279
109000076,340,493,-153
109000077,463,205,258
109000078,207,202,5
109000079,281,72,209
109000080,435,108,327
109000081,228,369,-141
109000082,1406,127,1279
109000083,634,510,124
109000088,183,189,-6
109000089,456,122,334
109000090,95,212,-117
109000091,651,172,479
109000092,251,240,11
109000093,437,122,315
109000094,1262,2,1260
109000095,256,352,-96
109000096,1548,234,1314
109000097,87,94,-7
109000098,174,177,-3
109000099,1026,117,909
109000100,492,468,24
109000101,2666,454,2212
109000102,1022,436,586
109000103,2266,667,1599
109000104,3942,438,3504
109000105,793,599,194
109000106,2731,609,2122
109000107,843,1088,-245
109000108,3496,819,2677
109000109,678,971,-293
109000110,1805,746,1059
109000111,1104,1516,-412
109000112,476,131,345
109000113,345,411,-66
109000114,204,657,-453
109000115,1352,85,1267
109000116,40,909,-869
109000117,383,27,356
109000118,8,248,-240
109000119,2651,136,2515
109000120,611,548,63
109000121,1224,83,1141
109000122,406,236,170
109000123,111,152,-41
109000124,1471,397,1074
109000125,1295,334,961
109000126,1137,398,739
109000127,4355,199,4156
109000128,1024,602,422
109000129,5063,539,4524
109000130,882,913,-31
109000131,2309,1249,1060
109000132,614,1906,-1292
109000133,223,468,-245
109000134,778,1743,-965
109000135,694,1612,-918
109000136,368,295,73
109000137,506,637,-131
109000138,835,206,629
109000139,954,626,328
109000140,426,317,109
109000141,1836,803,1033
109000142,320,402,-82
109000143,145,112,33
109000145,138,452,-314
109000146,36,94,-58
109000148,2254,1703,551
109000149,16,128,-112
109000150,129,279,-150
109000155,1443,1042,401
109000156,1082,301,781
109000158,68,375,-307
109000159,139,651,-512
109000160,2469,265,2204
109000161,1035,1372,-337
109000162,3219,557,2662
109000163,1854,1437,417
109000164,2649,1972,677
109000165,2646,712,1934
109000166,2374,92,2282
109000167,305,478,-173
109000170,46,56,-10
109000171,129,39,90
109000172,29,88,-59
109000173,47,242,-195
109000174,378,61,317
109000175,171,340,-169
109000176,1081,350,731
109000177,84,141,-57
109000178,1731,216,1515
109000179,2916,6780,-3864
109000180,3645,3619,26
109000181,29,8,21
109000182,117,9,108
109000183,108,24,84
109000184,46,7,39
109000185,62,29,33
109000188,381,1742,-1361
109000189,4613,1802,2811
109000190,1101,621,480
109000191,418,322,96
109000192,906,168,738
109000193,761,128,633
109000194,494,33,461
109000195,409,117,292
109000196,393,50,343
109000197,465,238,227
109000198,472,32,440
109000199,275,324,-49
109000206,218,25,193
109000207,314,27,287
109000208,83,177,-94
109000209,157,148,9
109000210,272,467,-195
109000211,1926,574,1352
109000214,766,331,435
109000215,136,67,69
109000216,583,489,94
109000217,186,881,-695
109000218,319,535,-216
109000221,150,752,-602
109000222,801,229,572
109000223,894,563,331
109000224,136,30,106
109000225,354,33,321
109000226,109,197,-88
109000227,3256,456,2800
109000228,2,1303,-1301
109000231,1,142,-141
109000232,1204,75,1129
109000236,374,517,-143
109000241,2245,1048,1197
109000242,1525,734,791
109000293,199,592,-393
109000361,233,225,8
109000364,121,1080,-959
109000396,1,269,-268
109000397,1011,13,998
109000399,163,312,-149
109000400,76,220,-144
109000403,300,3434,-3134
109000406,1219,21,1198
109000407,376,114,262
109000408,0,529,-529
109000410,1056,268,788
109000411,622,58,564
109900001,161,0,161
109900002,1675,16,1659
109900003,844,0,844
109900005,90,2,88
109900006,759,56,703
109900007,2141,94,2047
109900008,0,21,-21
109900009,208,225,-17
109900010,850,80,770
109900011,126,70,56
109900012,868,509,359
109900013,599,544,55
109900015,336,156,180
109900017,113,62,51
109900018,292,20,272
109900019,246,49,197
109900020,86,95,-9
109900021,58,21,37
109900022,382,263,119
109900023,60,3,57
109900024,45,0,45
109900025,3,56,-53
109900027,71,38,33
109900028,540,3476,-2936
109900029,5,131,-126
109900030,90,7,83
109900031,1,442,-441
109900032,1,179,-178
109900033,0,705,-705
109900034,104,2,102
109900035,83,111,-28
109900036,23,118,-95
109900037,15,267,-252
109900038,128,276,-148
109900039,7,1,6
109900040,21,315,-294
109900041,38,234,-196
109900042,7,1227,-1220
109900044,116,392,-276
109900045,117,90,27
109900046,317,115,202
109900047,220,267,-47
109900048,8,124,-116
109900049,29,68,-39
109900050,0,8,-8
109900051,1,18,-17
109900052,17,173,-156
109900053,0,42,-42
109900054,1644,113,1531
109900055,93,110,-17
109900056,48,533,-485
109900057,3,58,-55
109900058,0,29,-29
109900060,1689,114,1575
109900061,41,79,-38
109900062,0,54,-54
109900064,1010,131,879
109900065,108,118,-10
109900066,297,493,-196
109900067,0,88,-88
109900068,76,6,70
109900069,83,4,79
109900071,37,4,33
109900072,28,117,-89
109900073,834,150,684
109900074,28,20,8
109900075,60,15,45
109900076,37,98,-61
109900077,45,23,22
109900078,64,151,-87
109900080,257,120,137
109900081,10,237,-227
109900082,78,140,-62
109900083,18,36,-18
109900084,58,131,-73
109900085,73,318,-245
109900086,139,1851,-1712
109900087,67,438,-371
109900089,1272,159,1113
109900092,351,177,174
109900093,1862,112,1750
109900094,156,134,22
109900095,49,202,-153
109900096,274,9,265
109900097,233,1,232
109900098,836,54,782
109900099,716,2,714
109900100,74,0,74
109900101,1385,0,1385
109900102,811,31,780
109900103,456,135,321
109900104,1662,135,1527
109900105,993,34,959
109900106,554,30,524
109900107,934,29,905
109900108,330,250,80
109900109,70,307,-237
109900111,64,238,-174
109900114,761,2217,-1456
109900115,217,119,98
109900117,2135,82,2053
109900121,458,570,-112
109900123,15,31,-16
109900125,1,126,-125
109900126,669,66,603
109900130,2922,5761,-2839
109900131,56,126,-70
109900132,24,63,-39
109900134,134,422,-288
109900135,472,49,423
109900137,458,277,181
109900140,273,124,149
109900149,82,16,66
109900150,35,36,-1
109900151,36,29,7
109900152,3,30,-27
109900153,1,312,-311
109900154,66,0,66
109900155,127,43,84
109900157,18,81,-63
109900159,484,153,331
109900161,353,66,287
109900162,917,403,514
109900163,371,192,179
109900164,55,219,-164
109900165,276,7,269
109900166,0,51,-51
109900167,243,256,-13
109900168,218,586,-368
109900169,296,269,27
109900170,302,2193,-1891
109900171,499,132,367
109900172,406,491,-85
109900173,1463,3423,-1960
109900174,28,89,-61
109900175,151,256,-105
109900176,282,160,122
109900177,40,143,-103
109900178,5,557,-552
109900179,21,89,-68
109900180,10,20,-10
110000001,759,499,260
110000002,808,978,-170
110000003,778,912,-134
110000004,449,767,-318
110000005,451,2309,-1858
110000006,579,363,216
110000007,153,155,-2
110000008,47,347,-300
110000009,51,58,-7
110000010,78,113,-35
110000011,30,36,-6
110000012,1135,195,940
110000013,148,1519,-1371
110000014,865,488,377
110000015,379,1045,-666
110000016,485,2481,-1996
110000017,3891,399,3492
110000018,3393,432,2961
110000019,8,172,-164
110000020,1508,499,1009
110000021,208,482,-274
110000022,1385,75,1310
110000023,14,226,-212
110000024,560,500,60
110000025,1804,12,1792
110000026,3,312,-309
110000027,478,2503,-2025
110000028,1508,710,798
110000029,513,459,54
110000030,608,578,30
110000031,343,216,127
110000032,1921,270,1651
110000033,213,403,-190
110000034,603,479,124
110000035,801,479,322
110000036,2009,711,1298
110000037,365,490,-125
110000038,547,788,-241
110000039,1582,8923,-7341
110000040,466,401,65
110000041,490,3667,-3177
110000042,147,945,-798
110000043,810,619,191
110000044,43,1378,-1335
110000045,184,246,-62
110000046,8,148,-140
110000047,9,214,-205
110000048,2,129,-127
110000049,18,34,-16
110000050,2,299,-297
110000051,55,11,44
110000052,118,35,83
110000053,54,18,36
110000054,131,1349,-1218
110000055,205,183,22
110000056,125,228,-103
110000057,398,597,-199
110000058,1136,486,650
110000059,830,645,185
110000060,1833,1074,759
110000061,453,591,-138
110000062,733,1051,-318
110000063,86,427,-341
110000064,44,44,0
110000065,228,205,23
110000066,149,28,121
110000067,27,151,-124
110000068,409,71,338
110000069,980,33,947
110000071,1080,55,1025
110000073,52,15,37
110000075,23,156,-133
110000076,591,572,19
110000077,351,1895,-1544
110000078,188,30,158
110000080,273,430,-157
110000081,120,239,-119
110000082,60,370,-310
110000083,386,342,44
110000084,2055,1323,732
110000085,1000,1198,-198
110000086,881,3156,-2275
110000087,41,98,-57
110000088,258,275,-17
110000089,655,60,595
110000090,138,284,-146
110000091,1044,153,891
110000092,29,26,3
110000093,71,59,12
110000094,527,247,280
110000095,212,708,-496
110000096,1405,3366,-1961
110000097,1018,2287,-1269
110000098,2785,1003,1782
110000099,1269,1819,-550
110000100,2644,215,2429
110000101,162,171,-9
110000102,129,99,30
110000104,572,296,276
110000105,52,383,-331
110000106,752,657,95
110000107,183,436,-253
110000108,168,277,-109
110000109,175,419,-244
110000110,1976,3726,-1750
110000111,3669,3625,44
110000112,230,1456,-1226
110000113,95,4461,-4366
110000114,835,1056,-221
110000115,982,348,634
110000116,99,99,0
110000117,526,248,278
110000118,810,127,683
110000119,753,252,501
110000120,524,242,282
110000121,102,430,-328
110000122,273,339,-66
110000123,877,373,504
110000124,0,503,-503
110000125,1048,9,1039
110000126,307,14,293
110000127,1597,159,1438
110000128,24,548,-524
110000129,1,373,-372
110000130,597,410,187
110000131,43,394,-351
110000132,1,430,-429
110000133,47,686,-639
110000134,20,423,-403
110000135,218,43,175
110000136,97,296,-199
110000137,1115,389,726
110000138,1443,524,919
110000139,2289,437,1852
110000140,1161,848,313
110000143,484,361,123
110000144,2041,1974,67
110000145,1534,1552,-18
110000146,1553,795,758
110000147,433,1772,-1339
110000148,954,251,703
110000151,534,2455,-1921
110000152,420,827,-407
110000153,290,7,283
110000154,12,53,-41
110000155,442,2496,-2054
110000156,1041,1795,-754
110000157,1078,2486,-1408
110000160,682,365,317
110000161,252,379,-127
110000166,1274,124,1150
110000167,2439,947,1492
110000168,988,808,180
110000169,997,427,570
110000170,251,163,88
110000171,962,132,830
110000172,467,642,-175
110000173,629,713,-84
110000174,206,515,-309
110000175,1617,137,1480
110000176,46,1151,-1105
110000177,304,2126,-1822
110000178,517,4077,-3560
110000179,1551,371,1180
110000180,784,360,424
110000181,1839,411,1428
110000182,600,116,484
110000183,6075,11323,-5248
110000184,361,5228,-4867
110000185,505,1091,-586
110000186,531,1520,-989
110000191,1853,67,1786
110000192,801,21,780
110000193,1871,23,1848
110000194,3,627,-624
110000195,974,133,841
110000196,1012,58,954
110000197,243,48,195
110000198,116,63,53
110000199,83,574,-491
110000200,661,885,-224
110000201,1233,2312,-1079
110000202,1464,702,762
110000203,376,556,-180
110000204,1,214,-213
110000205,551,25,526
110000206,565,698,-133
110000207,2366,275,2091
110000208,244,379,-135
110000209,46,774,-728
110000210,2364,729,1635
110000211,1175,837,338
110000212,754,1976,-1222
110000213,680,57,623
110000214,802,87,715
110000215,326,285,41
110000216,220,154,66
110000217,1004,118,886
110000218,443,121,322
110000219,645,45,600
110000220,109,49,60
110000221,987,23,964
110000222,123,89,34
110000223,8,106,-98
110000224,2,1,1
110000225,269,819,-550
110000226,546,68,478
110000227,770,1259,-489
110000228,612,154,458
110000229,0,119,-119
110000230,910,924,-14
110000231,477,535,-58
110000232,183,363,-180
110000233,147,1661,-1514
110000234,582,2061,-1479
110000235,1660,1147,513
110000236,1050,564,486
110000237,3885,1750,2135
110000238,1163,1619,-456
110000239,2685,1403,1282
110000240,0,17,-17
110000242,0,3,-3
110000243,357,61,296
110000244,156,331,-175
110000245,69,265,-196
110000246,1474,603,871
110000247,907,3174,-2267
110000248,1016,991,25
110000249,291,2,289
110000250,26,125,-99
110000251,709,193,516
110000252,523,208,315
110000253,2541,465,2076
110000254,583,610,-27
110000255,102,699,-597
110000256,589,207,382
110000257,459,240,219
110000258,4,623,-619
110000259,505,25,480
110000260,90,97,-7
110000263,563,21,542
110000264,870,280,590
110000265,1762,1970,-208
110000266,1118,2309,-1191
110000267,39,65,-26
110000268,291,209,82
110000269,2,62,-60
110000270,113,2,111
110000271,2248,309,1939
110000272,1526,1451,75
110000273,1428,1098,330
110000274,245,4463,-4218
110000275,1903,857,1046
110000276,391,1101,-710
110000277,385,447,-62
110000278,431,756,-325
110000279,852,645,207
110000280,818,661,157
110000281,131,168,-37
110000282,195,40,155
110000283,23,65,-42
110000284,28,39,-11
110000285,0,238,-238
110000286,0,0,0
110000287,137,0,137
110000288,11,57,-46
110000289,515,4139,-3624
110000290,530,895,-365
110000291,4035,872,3163
110000292,961,9592,-8631
110000293,695,484,211
110000294,2202,2147,55
110000295,203,561,-358
110000296,959,403,556
110000297,2810,244,2566
110000298,112,399,-287
110000299,177,55,122
110000301,636,20,616
110000302,700,2099,-1399
110000303,858,7,851
110000304,298,201,97
110000305,2012,24,1988
110000306,393,1025,-632
110000307,2916,4,2912
110000308,570,5,565
110000309,3,738,-735
110000310,1411,21,1390
110000311,4,486,-482
110000312,705,43,662
110000313,1851,2013,-162
110000314,2,127,-125
110000315,1765,1533,232
110000316,669,892,-223
110000317,99,2053,-1954
110000318,6,44,-38
110000319,20,8,12
110000320,32,55,-23
110000321,99,70,29
110000322,310,300,10
110000323,726,185,541
110000324,2899,1651,1248
110000325,1464,5878,-4414
110000327,371,150,221
110000328,102,431,-329
110000333,1789,1823,-34
110000334,466,1600,-1134
110000335,659,494,165
110000336,616,1704,-1088
110000337,2347,760,1587
110000338,710,521,189
110000339,432,379,53
110000340,27,313,-286
110000341,1078,377,701
110000342,113,0,113
110000343,0,7,-7
110000344,87,2286,-2199
110000345,178,2056,-1878
110000346,1483,2327,-844
110000347,2035,918,1117
110000348,11,9,2
110000349,8,26,-18
110000350,144,0,144
110000351,1798,569,1229
110000352,1099,2519,-1420
110000353,3058,453,2605
110000354,1381,7053,-5672
110000355,275,37,238
110000356,1305,1,1304
110000357,880,3,877
110000361,47,21,26
110000362,132,7,125
110000363,1381,146,1235
110000364,396,454,-58
110000365,167,0,167
110000366,0,123,-123
110000367,963,199,764
110000368,1,70,-69
110000369,142,7,135
110000373,2,996,-994
110000374,132,41,91
110000375,116,1210,-1094
110000376,43,95,-52
110000377,130,473,-343
110000378,11,433,-422
110000379,2306,4135,-1829
110000380,181,10,171
110000383,1,687,-686
110000384,1015,213,802
110000385,2,125,-123
110000387,201,2,199
110000388,76,111,-35
110000389,1388,1,1387
110000391,1205,481,724
110000396,426,186,240
110000397,206,41,165
110000398,33,60,-27
110000399,358,1,357
110000587,283,568,-285
110000589,270,172,98
110000640,284,5,279
110000652,14,812,-798
110000653,586,294,292
110000654,10,798,-788
110000656,0,238,-238
110000674,40,5,35
110000675,40,15,25
110000676,0,15,-15
110000679,169,1464,-1295
110000682,173,281,-108
110000683,261,343,-82
110000684,1,39,-38
110000685,8,17,-9
110000686,2,125,-123
110000687,18,2,16
110000688,54,1890,-1836
110000689,94,27,67
110000692,25,296,-271
110000693,25,872,-847
110000694,1,193,-192
110000695,151,691,-540
110000696,77,57,20
110900001,288,11,277
110900002,369,1162,-793
110900003,1639,163,1476
110900004,796,30,766
110900005,1242,6748,-5506
110900006,118,43,75
110900007,427,107,320
110900008,5,31,-26
110900009,331,625,-294
110900010,29,35,-6
110900011,19,181,-162
110900012,11,22,-11
110900013,1787,129,1658
110900014,401,49,352
110900015,327,873,-546
110900016,113,72,41
110900017,845,60,785
110900018,400,18,382
110900019,579,18,561
110900020,339,135,204
110900021,106,677,-571
110900022,96,132,-36
110900023,60,752,-692
110900024,107,159,-52
110900025,39,225,-186
110900027,101,114,-13
110900028,52,71,-19
110900029,5,91,-86
110900030,76,181,-105
110900031,307,307,0
110900032,0,59,-59
110900033,45,162,-117
110900035,54,627,-573
110900036,222,6,216
110900037,334,17,317
110900038,575,160,415
110900039,0,255,-255
110900040,312,12,300
110900041,62,52,10
110900042,213,78,135
110900043,2,43,-41
110900044,306,43,263
110900045,87,291,-204
110900046,10,95,-85
110900047,277,765,-488
110900049,142,101,41
110900050,49,1,48
110900051,34,112,-78
110900052,0,121,-121
110900053,239,8,231
110900054,56,124,-68
110900055,46,0,46
110900056,25,109,-84
110900057,5,129,-124
110900058,644,106,538
110900059,779,183,596
110900060,311,164,147
110900061,4,44,-40
110900062,378,70,308
110900063,33,69,-36
110900064,28,0,28
110900065,51,277,-226
110900066,17,32,-15
110900067,138,1043,-905
110900068,278,120,158
110900069,444,62,382
110900070,357,50,307
110900071,131,1398,-1267
110900073,0,3,-3
110900074,962,80,882
110900075,784,58,726
110900077,2047,534,1513
110900078,309,10,299
110900079,1082,1949,-867
110900080,275,86,189
110900081,29,15,14
110900082,424,80,344
110900083,160,44,116
110900084,162,45,117
110900085,66,139,-73
110900086,102,292,-190
110900087,539,252,287
110900088,8,1,7
110900090,101,123,-22
110900091,2,24,-22
110900093,359,161,198
110900095,157,20,137
110900097,73,30,43
110900098,77,98,-21
110900099,32,328,-296
110900100,0,11,-11
110900102,109,17,92
110900105,2244,101,2143
110900108,44,76,-32
110900111,1018,49,969
110900112,964,8,956
110900113,232,117,115
110900115,25,112,-87
110900116,1858,559,1299
110900118,120,5581,-5461
110900119,1486,181,1305
110900120,158,57,101
110900121,92,0,92
110900122,760,201,559
110900125,417,1377,-960
110900127,209,1766,-1557
110900128,198,667,-469
110900129,134,1121,-987
110900130,264,759,-495
110900131,470,176,294
110900132,789,79,710
110900133,118,151,-33
110900135,56,161,-105
110900136,526,40,486
110900138,0,0,0
110900139,25,0,25
110900140,1,0,1
110900141,458,1264,-806
110900142,72,127,-55
110900143,365,28,337
110900144,0,231,-231
110900145,252,141,111
110900146,205,588,-383
110900147,122,472,-350
110900148,1,429,-428
110900149,9,160,-151
110900150,59,18,41
110900151,0,30,-30
110900152,64,30,34
110900153,218,63,155
111000001,2704,1536,1168
111000002,1262,564,698
111000003,4458,2155,2303
111000004,1545,1690,-145
111000005,2541,3147,-606
111000006,1362,3236,-1874
111000007,5709,10335,-4626
111000008,5006,4757,249
111000009,735,1618,-883
111000010,2059,357,1702
111000011,177,1075,-898
111000012,535,495,40
111000013,787,1646,-859
111000014,3556,980,2576
111000017,73,710,-637
111000018,123,351,-228
111000020,830,1059,-229
111000021,36,126,-90
111000023,201,169,32
111000025,5647,4821,826
111000029,124,120,4
111000030,57,79,-22
111000031,1806,618,1188
111000032,580,394,186
111000033,210,135,75
111000034,38,352,-314
111000037,1584,607,977
111000038,2905,2251,654
111000039,1903,2111,-208
111000040,1659,1391,268
111000041,685,651,34
111000042,3096,2777,319
111000043,2780,8792,-6012
111000044,2222,887,1335
111000045,4134,2464,1670
111000046,2961,2413,548
111000047,3153,9754,-6601
111000049,700,577,123
111000050,1343,792,551
111000051,714,893,-179
111000052,625,1663,-1038
111000053,230,723,-493
111000054,388,820,-432
111000055,1276,1487,-211
111000056,231,776,-545
111000057,177,266,-89
111000058,1141,62,1079
111000059,875,392,483
111000060,7834,1156,6678
111000061,1275,618,657
111000062,1712,787,925
111000063,1816,1445,371
111000064,1354,664,690
111000065,1981,1207,774
111000066,916,489,427
111000067,2135,427,1708
111000068,1413,610,803
111000069,1555,1885,-330
111000070,1077,566,511
111000071,200,304,-104
111000072,2087,887,1200
111000073,332,2527,-2195
111000074,2761,1951,810
111000075,1028,984,44
111000076,1291,1524,-233
111000077,1193,1095,98
111000078,2003,703,1300
111000079,1107,763,344
111000080,1123,651,472
111000081,1908,8416,-6508
111000082,1372,726,646
111000084,1320,637,683
111000085,1697,1252,445
111000086,2224,1200,1024
111000087,942,466,476
111000088,5549,4733,816
111000089,1160,607,553
111000090,581,898,-317
111000091,927,322,605
111000092,2674,788,1886
111000093,1342,1361,-19
111000094,2810,1619,1191
111000095,1588,4003,-2415
111000096,853,11667,-10814
111000097,3467,1002,2465
111000098,387,979,-592
111000099,526,1936,-1410
111000100,616,1858,-1242
111000101,494,873,-379
111000102,244,532,-288
111000104,1365,413,952
111000107,117,916,-799
111000109,1448,292,1156
111000110,2068,859,1209
111000111,5880,394,5486
111000112,3901,405,3496
111000113,1002,3186,-2184
111000114,1234,7787,-6553
111000115,3453,1044,2409
111000116,1036,1097,-61
111000117,337,1085,-748
111000118,1093,942,151
111000119,2458,867,1591
111000120,776,913,-137
111000121,374,1179,-805
111000122,517,728,-211
111000123,1526,1462,64
111000124,529,2360,-1831
111000125,332,1476,-1144
111000126,159,903,-744
111000127,2063,251,1812
111000128,4520,382,4138
111000129,4983,672,4311
111000130,4717,578,4139
111000131,4750,603,4147
111000132,3174,2394,780
111000133,278,90,188
111000134,414,34,380
111000135,109,192,-83
111000136,624,268,356
111000138,58,9,49
111000140,3,7,-4
111000141,267,635,-368
111000142,9,205,-196
111000143,5,439,-434
111000144,92,2205,-2113
111000145,101,20,81
111000146,176,5,171
111000147,93,34,59
111000148,229,133,96
111000149,6,49,-43
111000150,94,9,85
111000151,25,68,-43
111000153,512,379,133
111000154,407,311,96
111000155,163,176,-13
111000156,1020,384,636
111000157,373,538,-165
111000158,955,802,153
111000159,3277,1520,1757
111000160,506,404,102
111000161,19,442,-423
111000162,9,67,-58
111000163,1406,934,472
111000164,542,3919,-3377
111000165,818,213,605
111000166,404,132,272
111000167,181,303,-122
111000168,305,328,-23
111000169,493,360,133
111000170,379,285,94
111000171,710,519,191
111000172,348,481,-133
111000173,418,1085,-667
111000174,573,242,331
111000175,74,640,-566
111000176,803,53,750
111000177,1674,128,1546
111000178,3274,166,3108
111000179,710,98,612
111000180,393,412,-19
111000181,3443,213,3230
111000182,338,194,144
111000183,314,380,-66
111000184,544,162,382
111000185,661,434,227
111000186,400,325,75
111000187,324,141,183
111000188,777,471,306
111000189,456,336,120
111000190,462,181,281
111000191,230,130,100
111000192,176,300,-124
111000193,573,173,400
111000194,94,379,-285
111000195,154,1202,-1048
111000196,77,131,-54
111000197,1288,221,1067
111000198,1241,142,1099
111000199,728,459,269
111000200,1059,782,277
111000201,1485,108,1377
111000202,1011,122,889
111000203,901,339,562
111000204,480,3011,-2531
111000213,413,688,-275
111000214,2067,1264,803
111000215,1592,1114,478
111000217,2298,377,1921
111000218,3079,953,2126
111000219,378,246,132
111000220,919,535,384
111000221,429,76,353
111000224,92,169,-77
111000225,1084,573,511
111000226,165,2,163
111000227,94,4,90
111000228,9,873,-864
111000229,25,1894,-1869
111000230,260,133,127
111000231,2204,477,1727
111000232,1533,1257,276
111000233,2373,718,1655
111000234,401,1173,-772
111000239,132,53,79
111000240,132,652,-520
111000241,189,139,50
111000242,618,62,556
111000243,204,442,-238
111000244,1491,682,809
111000245,1243,570,673
111000246,1009,161,848
111000247,972,550,422
111000248,1122,257,865
111000249,994,284,710
111000250,165,30,135
111000251,134,50,84
111000253,76,24,52
111000255,166,7,159
111000257,109,24,85
111000260,71,664,-593
111000261,2181,120,2061
111000271,50,454,-404
111000273,4686,1478,3208
111000274,2052,3670,-1618
111000275,388,58,330
111000276,255,943,-688
111000277,468,274,194
111000278,445,198,247
111000291,3915,17111,-13196
111000298,711,272,439
111000299,1004,152,852
111000300,86,660,-574
111000302,564,73,491
111000303,282,143,139
111000312,77,48,29
111000315,11,53,-42
111000320,158,275,-117
111000321,578,272,306
111000322,746,142,604
111000323,492,43,449
111000324,483,807,-324
111000325,30,55,-25
111000326,367,210,157
111000327,640,262,378
111000328,512,1257,-745
111000329,3,61,-58
111000330,247,9,238
111000331,42,7,35
111000332,525,1173,-648
111000334,275,1246,-971
111000335,1950,203,1747
111000337,2797,149,2648
111000338,131,181,-50
111000339,1188,198,990
111000340,298,1532,-1234
111000341,3006,1709,1297
111000342,48,965,-917
111000344,1722,424,1298
111000345,113,116,-3
111000346,32,256,-224
111000347,295,0,295
111000350,331,153,178
111000351,224,476,-252
111000352,367,194,173
111000353,197,209,-12
111000354,782,353,429
111000355,546,547,-1
111000358,126,928,-802
111000360,310,346,-36
111000361,291,136,155
111000546,1557,1309,248
111000547,621,1196,-575
111000548,367,187,180
111000549,348,208,140
111000550,179,1198,-1019
111000551,380,102,278
111000552,626,273,353
111000907,3091,33,3058
111000908,333,3,330
111000916,3786,240,3546
111000917,77,264,-187
111000918,356,625,-269
111000920,1512,12,1500
111000921,56,135,-79
111000922,1368,169,1199
111000924,51,404,-353
111000925,7564,2833,4731
111000926,1745,1406,339
111000927,2948,6883,-3935
111000928,3969,1643,2326
111000929,2720,1408,1312
111000930,1948,1780,168
111000931,2615,2171,444
111000932,3198,1294,1904
111000933,4595,4824,-229
111000934,2084,1786,298
111000935,4954,1873,3081
111000936,2044,1420,624
111000937,2096,2171,-75
111000938,1928,1108,820
111000939,1248,45,1203
111000940,1244,38,1206
111000941,539,1049,-510
111000943,882,279,603
111000944,359,173,186
111000945,272,1335,-1063
111001109,744,1263,-519
111001110,271,359,-88
111001111,226,10,216
111001112,125,14,111
111001113,1,1143,-1142
111001114,885,266,619
111001115,44,2300,-2256
111001116,3329,9760,-6431
111001117,746,2757,-2011
111001120,128,544,-416
111001121,562,89,473
111001122,351,187,164
111001123,447,365,82
111001124,268,144,124
111001125,24,883,-859
111001126,2,0,2
111001127,1,38,-37
111001128,1591,511,1080
111900001,0,42,-42
111900002,2,128,-126
111900003,1,118,-117
111900004,12,46,-34
111900006,46,197,-151
111900007,585,21,564
111900008,797,7,790
111900009,430,21,409
111900010,49,292,-243
111900012,19,72,-53
111900013,66,28,38
111900014,1654,10579,-8925
111900015,0,23,-23
111900016,0,44,-44
111900017,0,9,-9
111900018,179,2,177
111900019,1,151,-150
111900020,0,38,-38
111900021,13,41,-28
111900022,29,45,-16
111900023,119,70,49
111900024,155,134,21
111900025,1,174,-173
111900026,0,15,-15
111900027,4,114,-110
111900028,64,39,25
111900029,36,21,15
111900030,34,359,-325
111900032,0,40,-40
111900033,66,38,28
111900034,41,234,-193
111900035,118,654,-536
111900036,1,63,-62
111900038,92,205,-113
111900039,21,257,-236
111900040,1,94,-93
111900042,46,51,-5
111900043,0,115,-115
111900044,87,160,-73
111900046,4,89,-85
111900048,718,110,608
111900049,27,107,-80
111900050,193,11,182
111900051,0,38,-38
111900052,112,152,-40
111900053,650,3709,-3059
111900054,371,0,371
111900055,1,127,-126
111900056,146,564,-418
111900057,424,50,374
111900058,1250,291,959
111900059,1442,712,730
111900060,388,7,381
111900061,1,65,-64
111900062,76,80,-4
111900063,395,136,259
111900064,35,78,-43
111900065,414,50,364
111900066,162,254,-92
111900067,0,212,-212
111900068,51,227,-176
111900069,153,43,110
111900070,329,72,257
111900071,1,86,-85
111900072,91,143,-52
111900073,2309,445,1864
111900074,1,232,-231
111900075,142,23,119
111900076,691,181,510
111900077,46,1,45
111900078,792,69,723
111900079,47,69,-22
111900080,156,233,-77
111900082,349,55,294
111900083,472,122,350
111900084,281,5,276
111900085,118,108,10
111900086,155,14,141
111900087,170,1,169
111900088,1451,75,1376
111900089,184,4,180
111900090,115,172,-57
111900091,1540,21,1519
111900092,218,1,217
111900093,1196,31,1165
111900094,318,1,317
111900095,864,57,807
111900096,645,9,636
111900097,177,1,176
111900098,842,13,829
111900099,164,2,162
111900100,184,4,180
111900101,359,7,352
111900102,1371,558,813
111900103,76,310,-234
111900104,113,127,-14
111900105,59,225,-166
111900106,280,37,243
111900110,1818,319,1499
111900111,364,45,319
111900112,386,8997,-8611
111900113,346,92,254
111900118,1014,69,945
111900119,399,145,254
111900122,64,75,-11
111900123,15,38,-23
111900124,37,9,28
111900125,1043,88,955
111900126,911,7,904
111900127,0,195,-195
111900128,40,241,-201
111900129,337,23,314
111900130,192,41,151
111900131,1102,0,1102
111900132,66,360,-294
111900133,41,243,-202
111900134,4,132,-128
111900135,13,40,-27
111900136,88,145,-57
111900137,59,21,38
111900138,11,44,-33
111900139,16,48,-32
111900140,290,49,241
111900141,137,7,130
111900142,197,20,177
111900143,199,106,93
111900144,21,43,-22
111900145,0,91,-91
111900146,0,66,-66
111900147,21,422,-401
111900148,24,395,-371
111900149,12,170,-158
111900150,23,76,-53
111900151,21,73,-52
111900152,136,69,67
111900153,564,904,-340
111900154,29,1254,-1225
111900155,112,373,-261
111900156,115,101,14
111900157,308,41,267
111900158,1367,110,1257
111900159,1168,93,1075
111900160,641,0,641
111900161,857,5,852
111900162,649,2474,-1825
111900163,26,162,-136
111900164,262,37,225
111901113,1002,67,935
111901114,471,607,-136
111901115,483,1,482
111901116,109,4,105
111901117,21,147,-126
111901118,15,947,-932
111901119,281,35,246
111901121,14,64,-50
111901122,2,139,-137
111901123,830,55,775
111901124,594,5,589
111901125,1585,309,1276
111901127,1057,1733,-676
111901129,10,140,-130
111901130,55,533,-478
111901131,4,391,-387
111901132,373,79,294
111901133,255,3,252
111901134,352,4,348
111901135,82,11,71
111901136,137,37,100
111901138,22,21,1
111901139,5,29,-24
111901140,4,46,-42
111901141,4,98,-94
111901142,3,96,-93
111901143,15,186,-171
111901144,44,56,-12
111901145,61,1161,-1100
111901146,44,2,42
111901147,392,1613,-1221
111901148,25,196,-171
111901149,60,4,56
111901150,239,0,239
111901151,403,9,394
111901152,9,49,-40
112000001,3408,1117,2291
112000002,1237,2271,-1034
112000003,4896,1542,3354
112000004,1568,376,1192
112000005,5451,6596,-1145
112000006,726,594,132
112000007,6832,4863,1969
112000008,5629,5923,-294
112000009,3874,1470,2404
112000010,6838,6969,-131
112000011,1971,1115,856
112000012,4788,6689,-1901
112000013,1959,3147,-1188
112000014,1123,5343,-4220
112000015,1318,4102,-2784
112000016,2854,5925,-3071
112000017,487,6350,-5863
112000024,739,246,493
112000026,1911,1507,404
112000027,733,1148,-415
112000028,879,1080,-201
112000029,581,909,-328
112000030,262,19,243
112000031,1897,4724,-2827
112000032,148,4,144
112000033,1710,5377,-3667
112000034,52,21,31
112000035,32,1471,-1439
112000036,190,2208,-2018
112000037,808,980,-172
112000038,1042,1866,-824
112000039,125,59,66
112000040,63,190,-127
112000041,493,367,126
112000042,1390,263,1127
112000050,1743,1433,310
112000051,1685,4638,-2953
112000054,1705,1905,-200
112000057,895,188,707
112000058,166,299,-133
112000059,889,625,264
112000061,3427,729,2698
112000062,617,1667,-1050
112000063,208,3783,-3575
112000064,3243,2921,322
112000065,1253,2152,-899
112000066,3448,1563,1885
112000067,615,735,-120
112000068,3603,3207,396
112000069,617,2912,-2295
112000070,1344,1448,-104
112000071,1379,1949,-570
112000072,3079,1105,1974
112000073,1153,4572,-3419
112000074,1111,2839,-1728
112000075,1464,2220,-756
112000076,3951,3327,624
112000077,1689,427,1262
112000078,3442,785,2657
112000079,2847,1398,1449
112000080,1044,736,308
112000081,1181,1747,-566
112000082,1683,536,1147
112000083,1016,1136,-120
112000084,1354,645,709
112000085,2336,961,1375
112000086,2709,940,1769
112000087,1289,243,1046
112000088,1364,296,1068
112000089,435,358,77
112000090,270,204,66
112000091,857,378,479
112000092,3142,985,2157
112000093,1905,409,1496
112000094,941,830,111
112000095,1172,381,791
112000096,907,728,179
112000097,3457,687,2770
112000098,369,444,-75
112000099,791,3057,-2266
112000100,3256,776,2480
112000101,663,323,340
112000102,2579,560,2019
112000103,484,394,90
112000105,758,459,299
112000106,5289,445,4844
112000107,426,172,254
112000108,1714,772,942
112000109,753,129,624
112000110,3162,818,2344
112000111,541,2753,-2212
112000112,2554,492,2062
112000113,1165,1285,-120
112000114,3236,1004,2232
112000115,657,380,277
112000116,757,960,-203
112000117,1791,785,1006
112000118,933,901,32
112000119,578,603,-25
112000120,53,169,-116
112000121,509,252,257
112000122,911,142,769
112000123,1253,209,1044
112000124,920,231,689
112000125,634,527,107
112000126,1465,163,1302
112000127,3152,3202,-50
112000128,665,497,168
112000129,198,62,136
112000130,582,114,468
112000131,65,164,-99
112000132,239,190,49
112000133,645,85,560
112000134,998,337,661
112000135,1792,1181,611
112000136,945,2365,-1420
112000137,2153,4991,-2838
112000138,1596,2696,-1100
112000139,523,1438,-915
112000140,374,877,-503
112000141,1465,730,735
112000142,233,281,-48
112000143,2139,175,1964
112000144,358,518,-160
112000145,4326,447,3879
112000146,944,1028,-84
112000147,3879,1717,2162
112000148,1025,1298,-273
112000149,846,959,-113
112000150,1013,350,663
112000151,590,175,415
112000152,1244,257,987
112000153,565,142,423
112000154,251,551,-300
112000155,246,231,15
112000157,474,1580,-1106
112000158,472,294,178
112000159,1639,368,1271
112000167,518,185,333
112000169,281,2184,-1903
112000173,1767,215,1552
112000175,695,324,371
112000176,924,1093,-169
112000177,1327,454,873
112000178,103,212,-109
112000179,689,74,615
112000180,517,288,229
112000181,1317,749,568
112000182,2734,350,2384
112000183,34,22,12
112000184,665,241,424
112000185,2023,253,1770
112000187,6422,3575,2847
112000195,318,11,307
112000196,97,1,96
112000197,113,175,-62
112000198,30,316,-286
112000199,677,581,96
112000202,1100,9,1091
112000216,67,144,-77
112000230,345,3,342
112000231,3,123,-120
112000256,93,892,-799
112000313,47,76,-29
112000314,77,97,-20
112000337,329,1599,-1270
112000352,147,657,-510
112000392,3889,740,3149
112000398,3455,988,2467
112000399,1616,11826,-10210
112000400,1632,1266,366
112000401,1400,1067,333
112000402,5603,6123,-520
112000403,1820,12138,-10318
112000404,2611,1715,896
112000405,5118,4169,949
112000406,2802,1000,1802
112000407,14300,9566,4734
112000408,5488,2403,3085
112000409,1808,1645,163
112000410,261,385,-124
112000411,2107,1828,279
112000412,512,230,282
112000413,3975,6002,-2027
112000414,269,34,235
112000415,177,62,115
112000416,6526,1395,5131
112000417,492,161,331
112000421,84,81,3
112000422,303,314,-11
112000424,1421,4566,-3145
112000425,535,433,102
112000426,574,398,176
112000427,2,4,-2
112000428,464,161,303
112000429,2953,3115,-162
112000430,4257,6365,-2108
112000431,212,377,-165
112000432,718,789,-71
112000433,368,496,-128
112000437,65,67,-2
112900001,81,1,80
112900002,1278,198,1080
112900003,79,76,3
112900004,109,186,-77
112900005,533,105,428
112900007,23,35,-12
112900008,0,237,-237
112900009,486,356,130
112900010,643,192,451
112900011,67,349,-282
112900012,1,12,-11
112900013,2,985,-983
112900014,1,73,-72
112900015,92,383,-291
112900016,1,385,-384
112900017,241,112,129
112900018,717,154,563
112900019,21,176,-155
112900020,398,606,-208
112900021,0,167,-167
112900022,59,24,35
112900023,150,40,110
112900024,15,81,-66
112900025,476,158,318
112900026,0,42,-42
112900027,2,339,-337
112900028,100,87,13
112900029,22,52,-30
112900030,31,31,0
112900031,2,962,-960
112900032,287,236,51
112900034,0,8,-8
112900035,5,155,-150
112900036,9,118,-109
112900037,614,458,156
112900038,986,63,923
112900039,7,94,-87
112900040,8,858,-850
112900041,724,903,-179
112900042,99,214,-115
112900043,26,63,-37
112900044,201,136,65
112900045,644,98,546
112900046,127,54,73
112900047,5,26,-21
112900049,606,30,576
112900050,33,305,-272
112900051,118,235,-117
112900052,2,325,-323
112900053,121,292,-171
112900054,227,93,134
112900055,80,42,38
112900056,439,265,174
112900057,89,237,-148
112900058,333,603,-270
112900059,139,1189,-1050
112900060,28,42,-14
112900061,121,187,-66
112900062,119,44,75
112900063,26,11,15
112900064,90,79,11
112900065,23,13,10
112900066,237,548,-311
112900067,398,51,347
112900068,38,155,-117
112900069,2341,1839,502
112900071,101,17,84
112900072,109,7896,-7787
112900073,331,305,26
112900074,162,590,-428
112900075,990,2458,-1468
112900076,68,39,29
112900078,222,1078,-856
112900079,304,47,257
112900080,351,2,349
112900081,58,648,-590
112900082,639,53,586
112900083,334,340,-6
112900084,500,352,148
112900086,298,4,294
112900087,2510,226,2284
112900088,440,6,434
112900089,768,32,736
112900090,136,153,-17
112900091,677,12,665
112900092,40,1722,-1682
112900093,1450,30,1420
112900095,185,1,184
112900096,1158,338,820
112900097,94,186,-92
112900098,161,0,161
112900099,1698,18,1680
112900100,195,3,192
112900101,624,10,614
112900102,92,100,-8
112900103,368,6,362
112900104,1606,5,1601
112900105,24,0,24
112900106,810,160,650
112900107,4,0,4
112900108,1,0,1
112900109,352,5,347
112900110,2398,44,2354
112900111,1335,10,1325
112900112,712,1,711
112900113,0,7,-7
112900114,792,12,780
112900115,3089,4,3085
112900116,152,30,122
112900117,113,19,94
112900118,11,87,-76
112900119,748,24,724
112900120,473,239,234
112900121,44,57,-13
112900122,4,55,-51
112900123,878,41,837
112900124,0,25,-25
112900125,28,200,-172
112900126,113,76,37
112900127,664,56,608
112900128,57,373,-316
112900129,2,526,-524
112900130,353,235,118
112900131,7,376,-369
112900132,295,388,-93
112900133,9,920,-911
112900134,0,441,-441
112900135,219,145,74
112900137,27,289,-262
112900138,9,77,-68
112900139,23,390,-367
112900141,974,24,950
112900142,45,625,-580
112900143,9,228,-219
112900144,3,452,-449
112900145,8,306,-298
112900146,1,551,-550
112900147,0,467,-467
112900148,42,0,42
112900149,173,283,-110
112900151,2,26,-24
112900152,2522,265,2257
112900153,173,8408,-8235
112900154,0,31,-31
112900155,182,9,173
112900156,1187,416,771
112900157,963,46,917
112900158,95,2,93
112900159,103,465,-362
112900160,44,174,-130
112900161,236,52,184
112900162,22,22,0
112900163,46,84,-38
112900164,90,310,-220
112900165,53,73,-20
112900166,22,169,-147
112900167,5,611,-606
112900168,6,6,0
112900169,5,20,-15
112900170,191,76,115
112900172,52,39,13
112900173,94,105,-11
112900174,611,41,570
112900175,239,327,-88
112900176,18,52,-34
112900177,360,109,251
112900178,660,5197,-4537
112900179,46,267,-221
112900180,2632,1002,1630
112900181,1925,19,1906
112900182,52,243,-191
112900183,112,176,-64
112900184,380,324,56
112900185,98,593,-495
112900186,747,795,-48
112900187,63,443,-380
112900188,871,3074,-2203
112900189,24,14,10
112900190,9,127,-118
112900192,512,515,-3
112900193,697,261,436
112900194,71,3,68
112900195,604,50,554
112900196,658,440,218
112900197,129,387,-258
112900199,945,234,711
112900200,562,34,528
112900201,185,174,11
112900202,728,309,419
112900203,455,28,427
112900204,668,401,267
112900205,32,3,29
112900206,21,19,2
112900207,74,0,74
112900208,65,1302,-1237
112900209,102,189,-87
112900210,1,3,-2
112900211,91,2,89
112900212,1,40,-39
112900213,87,1,86
112900214,14,16,-2
112900215,6,28,-22
112900216,44,25,19
112900217,0,80,-80
112900218,110,2,108
112900219,258,5,253
112900220,0,0,0
112900221,76,62,14
112900222,1,120,-119
112900223,1070,23,1047
112900224,1029,153,876
112900225,903,167,736
112900226,180,328,-148
112900227,798,78,720
112900228,194,32,162
112900229,589,5,584
112900230,9285,2224,7061
112900232,528,295,233
112900233,125,169,-44
112900234,39,5,34
112900235,14,3,11
112900236,1123,13,1110
112900237,889,198,691
112900238,8,2,6
112900239,520,916,-396
112900240,8,49,-41
112900241,45,95,-50
112900242,4,91,-87
112900243,8,38,-30
112900244,11,96,-85
112900245,0,81,-81
112900246,1,38,-37
112900247,90,205,-115
112900248,3,0,3
112900249,53,4,49
112900250,250,5,245
112900251,328,6,322
112900252,357,19,338
112900253,179,7,172
112900254,46,5,41
112900255,24,13,11
112900256,5,23,-18
112900257,14,16,-2
112900258,113,9,104
113000001,7258,5380,1878
113000002,9341,4586,4755
113000003,4212,2174,2038
113000004,4195,2137,2058
113000005,3631,2085,1546
113000006,2164,1982,182
113000007,3897,2114,1783
113000008,3355,2221,1134
113000009,2687,991,1696
113000010,2767,1422,1345
113000011,2318,1272,1046
113000012,1601,891,710
113000013,812,715,97
113000014,1303,1675,-372
113000015,149,210,-61
113000016,321,557,-236
113000017,56,777,-721
113000018,627,84,543
113000019,58,452,-394
113000020,282,73,209
113000021,2121,1267,854
113000022,1163,5875,-4712
113000025,220,418,-198
113000026,1057,872,185
113000027,928,1746,-818
113000028,432,2676,-2244
113000029,888,1025,-137
113000030,189,669,-480
113000031,263,274,-11
113000032,174,350,-176
113000033,315,373,-58
113000034,254,155,99
113000035,37,49,-12
113000036,10,78,-68
113000037,40,22,18
113000038,9,60,-51
113000039,35,272,-237
113000040,88,134,-46
113000042,1236,742,494
113000051,3412,3828,-416
113000052,3646,534,3112
113000053,1007,500,507
113000054,1289,1470,-181
113000055,3381,528,2853
113000056,3022,1075,1947
113000058,583,1356,-773
113000059,1007,320,687
113000060,766,836,-70
113000061,777,1037,-260
113000062,699,505,194
113000063,685,33,652
113000064,201,129,72
113000065,270,491,-221
113000066,1440,200,1240
113000067,4236,775,3461
113000068,747,363,384
113000069,934,480,454
113000070,3364,1206,2158
113000071,939,385,554
113000072,1477,455,1022
113000073,592,1499,-907
113000074,1046,510,536
113000075,2267,857,1410
113000076,568,4674,-4106
113000077,687,1018,-331
113000078,444,1623,-1179
113000079,367,1436,-1069
113000080,572,1153,-581
113000081,1011,1181,-170
113000082,987,775,212
113000083,848,1199,-351
113000084,2425,982,1443
113000085,1012,868,144
113000086,1047,2101,-1054
113000087,1161,1888,-727
113000088,2451,2005,446
113000089,929,1830,-901
113000090,88,947,-859
113000091,303,593,-290
113000094,2014,542,1472
113000095,361,986,-625
113000096,198,1403,-1205
113000097,1570,591,979
113000098,61,88,-27
113000099,1361,545,816
113000100,190,696,-506
113000101,203,1093,-890
113000102,917,686,231
113000103,6482,517,5965
113000104,961,4724,-3763
113000105,1501,669,832
113000106,1149,339,810
113000107,1755,1427,328
113000108,1871,1218,653
113000109,874,1566,-692
113000110,11216,1243,9973
113000111,640,430,210
113000112,1348,500,848
113000113,3620,421,3199
113000114,335,965,-630
113000116,642,431,211
113000117,956,179,777
113000118,49,1187,-1138
113000119,411,417,-6
113000120,25,522,-497
113000121,385,1223,-838
113000124,733,310,423
113000125,38,2156,-2118
113000127,1920,209,1711
113000128,2545,203,2342
113000129,417,733,-316
113000133,4279,559,3720
113000134,5,2187,-2182
113000135,6139,5359,780
113000137,843,2855,-2012
113000139,263,162,101
113000140,72,143,-71
113000141,81,107,-26
113000142,153,525,-372
113000143,319,139,180
113000144,253,284,-31
113000145,115,187,-72
113000146,128,57,71
113000147,210,42,168
113000148,340,96,244
113000149,229,183,46
113000150,450,394,56
113000151,30,14,16
113000152,66,247,-181
113000153,1036,193,843
113000154,457,2547,-2090
113000155,488,853,-365
113000156,283,216,67
113000157,423,294,129
113000158,678,143,535
113000159,1058,194,864
113000160,736,280,456
113000161,549,152,397
113000162,980,101,879
113000163,210,19,191
113000164,90,55,35
113000166,454,128,326
113000167,151,74,77
113000168,353,66,287
113000169,353,57,296
113000170,72,118,-46
113000171,47,89,-42
113000172,495,23,472
113000173,149,24,125
113000174,325,173,152
113000175,885,84,801
113000176,986,68,918
113000177,333,111,222
113000178,156,227,-71
113000179,519,82,437
113000180,876,2309,-1433
113000181,1865,1133,732
113000182,126,929,-803
113000183,273,977,-704
113000184,38,99,-61
113000189,275,795,-520
113000190,284,212,72
113000192,445,7410,-6965
113000193,1499,4861,-3362
113000194,1355,6872,-5517
113000195,1344,5493,-4149
113000196,606,156,450
113000197,1169,5152,-3983
113000198,187,579,-392
113000199,2723,539,2184
113000201,895,847,48
113000202,20737,2112,18625
113000203,78,1054,-976
113000204,377,9113,-8736
113000205,29,12,17
113000206,7,47,-40
113000207,85,46,39
113000208,46,107,-61
113000209,8,23,-15
113000210,3,27,-24
113000211,75,352,-277
113000212,38,38,0
113000213,24,113,-89
113000214,259,528,-269
113000234,413,652,-239
113000410,26,184,-158
113000411,1506,2335,-829
113000412,9049,1415,7634
113000413,1296,3076,-1780
113000414,4970,14416,-9446
113000415,2135,1182,953
113000416,2105,1989,116
113000417,860,1387,-527
113000418,7713,4769,2944
113000419,2075,1892,183
113000420,3164,5615,-2451
113000421,6498,7287,-789
113000422,9753,10506,-753
113000423,1100,5797,-4697
113000424,2304,13788,-11484
113000425,15,136,-121
113000428,10,36,-26
113000430,1,192,-191
113000432,4054,273,3781
113000433,91,1127,-1036
113000434,56,90,-34
113000435,26,159,-133
113000436,20,862,-842
113000437,2654,123,2531
113000438,633,58,575
113000439,57,77,-20
113000440,267,44,223
113000441,284,311,-27
113000442,488,47,441
113000443,429,143,286
113000444,832,52,780
113000445,145,97,48
113000446,81,182,-101
113000448,1214,561,653
113000449,336,1651,-1315
113000450,2326,5177,-2851
113000451,6210,893,5317
113000452,89,1032,-943
113000453,47,1283,-1236
113000454,516,511,5
113000455,43,3220,-3177
113000456,2089,1863,226
113000468,959,105,854
113000469,38,133,-95
113000470,1116,4,1112
113000471,16,504,-488
113000472,59,312,-253
113000474,2447,996,1451
113000475,1983,1195,788
113000476,5322,2943,2379
113000477,7193,2641,4552
113000478,3219,3581,-362
113000479,339,197,142
113000484,0,0,0
113000485,0,0,0
113000486,0,0,0
113000487,0,0,0
113000488,0,0,0
113000489,0,0,0
113000490,0,0,0
113000491,0,0,0
113000492,0,0,0
113000493,0,0,0
113000495,554,142,412
113000496,290,119,171
113000499,0,0,0
113900001,47,5117,-5070
113900002,18,258,-240
113900003,3,528,-525
113900004,3,585,-582
113900005,13,981,-968
113900006,2,204,-202
113900007,0,0,0
113900008,0,0,0
113900009,0,0,0
113900010,0,0,0
113900011,0,0,0
113900012,224,9,215
113900013,127,6,121
113900014,1354,7,1347
113900015,7,5,2
113900016,35,0,35
113900017,3,40,-37
113900018,115,274,-159
113900019,241,23,218
113900020,239,15,224
113900022,131,3,128
113900023,75,0,75
113900024,150,22,128
113900025,477,22,455
113900026,66,0,66
113900027,19,78,-59
113900028,54,163,-109
113900029,220,88,132
113900030,681,8,673
113900031,86,5,81
113900032,52,1,51
113900033,92,54,38
113900035,71,0,71
113900036,79,104,-25
113900037,320,328,-8
113900038,32,153,-121
113900039,353,17,336
113900040,13,26,-13
113900041,21,1,20
113900042,202,32,170
113900043,328,39,289
113900044,79,221,-142
113900045,119,5,114
113900046,158,1256,-1098
113900047,278,50,228
113900048,187,156,31
113900049,145,516,-371
113900050,413,582,-169
113900051,241,71,170
113900052,83,89,-6
113900053,489,1070,-581
113900054,18,2,16
113900055,158,518,-360
113900056,137,32,105
113900057,20,35,-15
113900058,195,34,161
113900059,391,221,170
113900060,44,313,-269
113900061,678,103,575
113900062,178,19,159
113900063,265,20,245
113900064,6,30,-24
113900065,898,27,871
113900066,1184,168,1016
113900067,482,570,-88
113900068,433,1308,-875
113900069,30,22,8
113900070,112,164,-52
113900071,225,17,208
113900072,44,41,3
113900073,925,425,500
113900074,379,1006,-627
113900075,1236,3920,-2684
113900076,144,40,104
113900077,54,36,18
113900078,88,8,80
113900079,2,11,-9
113900080,588,219,369
113900081,173,65,108
113900082,332,250,82
113900083,546,113,433
113900084,240,103,137
113900085,28,138,-110
113900086,119,17,102
113900087,92,102,-10
113900088,218,203,15
113900089,566,49,517
113900090,536,246,290
113900091,6,17,-11
113900092,24,96,-72
113900093,47,2361,-2314
113900094,928,262,666
113900095,150,241,-91
113900096,308,80,228
113900097,47,257,-210
113900098,1124,251,873
113900099,1,37,-36
113900100,0,1,-1
113900101,12,119,-107
113900102,66,187,-121
113900103,192,445,-253
113900104,196,372,-176
113900105,644,39,605
113900106,0,15,-15
113900107,1,3,-2
113900108,56,395,-339
113900109,235,350,-115
113900110,34,18,16
113900111,300,49,251
113900112,418,339,79
113900113,1435,527,908
113900114,0,9,-9
113900115,1,2,-1
113900116,23,299,-276
113900117,39,43,-4
113900118,118,1107,-989
113900119,89,325,-236
113900120,120,50,70
113900121,182,82,100
113900122,509,5489,-4980
113900123,695,124,571
113900124,0,125,-125
113900125,1503,140,1363
113900126,57,40,17
113900127,337,821,-484
113900128,455,83,372
113900129,1,207,-206
113900130,1,125,-124
113900131,350,35,315
113900132,40,83,-43
113900133,17,19,-2
113900135,542,572,-30
113900136,33,26,7
113900137,233,284,-51
113900138,5,155,-150
113900139,499,419,80
113900140,21,184,-163
113900141,1031,212,819
113900142,134,47,87
113900143,13,68,-55
113900144,87,381,-294
113900145,438,287,151
113900146,356,133,223
113900148,51,342,-291
113900149,251,294,-43
113900150,342,143,199
113900151,512,219,293
113900152,29,83,-54
113900153,69,323,-254
113900154,1,127,-126
113900155,36,259,-223
113900156,430,187,243
113900157,30,585,-555
113900158,78,227,-149
113900159,13,126,-113
113900160,523,368,155
113900161,141,327,-186
113900162,91,483,-392
113900163,147,139,8
113900164,494,25,469
113900165,516,426,90
113900166,26,49,-23
113900167,552,18,534
113900168,60,51,9
113900169,317,243,74
113900171,270,48,222
113900172,2,102,-100
113900173,22,233,-211
113900174,634,403,231
113900175,289,125,164
113900176,276,302,-26
113900177,196,184,12
113900178,204,220,-16
113900179,15,231,-216
113900180,210,111,99
113900181,1326,203,1123
113900182,663,481,182
113900183,96,42,54
113900184,18,346,-328
113900185,58,41,17
113900186,55,20,35
113900187,21,70,-49
113900188,9,65,-56
113900189,473,248,225
113900190,151,77,74
113900191,59,98,-39
113900192,1866,2806,-940
113900193,6,137,-131
113900194,1358,363,995
113900195,275,227,48
113900196,1,304,-303
113900197,1,41,-40
113900198,6,1000,-994
113900199,42,273,-231
113900200,3,105,-102
113900201,0,66,-66
113900202,43,22,21
113900203,13,25,-12
113900204,2,281,-279
113900205,3,39,-36
113900206,3,65,-62
113900207,0,50,-50
113900208,0,10,-10
113900209,0,29,-29
113900210,1185,774,411
113900211,164,52,112
113900212,547,239,308
113900214,200,493,-293
113900215,77,102,-25
113900216,299,308,-9
113900217,201,67,134
113900218,119,96,23
113900219,187,740,-553
113900220,85,248,-163
113900221,225,675,-450
113900222,1129,1255,-126
113900223,368,283,85
113900224,41,68,-27
113900225,1018,83,935
113900226,461,165,296
113900227,264,318,-54
113900228,209,602,-393
113900229,45,1613,-1568
113900230,1548,3648,-2100
113900231,106,73,33
113900232,184,36,148
113900233,173,79,94
113900234,529,526,3
113900235,144,37,107
113900236,309,56,253
113900237,286,35,251
113900238,149,750,-601
113900239,90,169,-79
113900240,1,198,-197
113900241,35,100,-65
113900242,113,315,-202
113900243,19,136,-117
113900244,97,104,-7
113900245,548,409,139
113900246,53,24,29
113900247,57,578,-521
113900248,2436,2329,107
113900249,356,693,-337
113900250,38,980,-942
113900251,1589,69,1520
113900252,1459,35,1424
113900253,1000,47,953
113900254,619,194,425
113900255,1395,11,1384
113900256,748,32,716
113900257,25,326,-301
113900258,35,263,-228
113900259,1296,58,1238
113900260,376,2,374
113900261,73,67,6
113900262,294,203,91
113900263,8,255,-247
113900264,0,244,-244
113900265,102,473,-371
113900266,40,96,-56
113900267,42,873,-831
113900268,271,474,-203
113900269,198,166,32
113900270,246,404,-158
113900271,725,399,326
113900273,6,18,-12
113900274,46,75,-29
113900275,13,348,-335
113900276,23,89,-66
113900277,388,2,386
113900278,122,150,-28
113900279,82,36,46
113900280,1116,585,531
113900281,135,1039,-904
113900282,411,308,103
113900283,476,705,-229
113900284,1591,213,1378
113900285,88,18,70
113900286,9,13,-4
113900287,214,19,195
113900288,5,173,-168
113900289,319,205,114
113900290,573,926,-353
113900291,98,60,38
113900292,1,4,-3
113900293,13,320,-307
113900294,1292,17,1275
113900295,445,269,176
113900296,1383,230,1153
113900297,2613,40,2573
113900298,42,2035,-1993
113900299,182,20,162
113900300,3002,3181,-179
113900301,475,1196,-721
113900302,1292,1117,175
113900303,137,1625,-1488
113900304,0,153,-153
113900305,331,0,331
113900306,134,4,130
113900307,2,0,2
113900308,25,55,-30
113900309,0,233,-233
113900310,0,12,-12
113900311,34,1,33
113900312,156,257,-101
113900313,4,3,1
113900314,32,12,20
113900315,326,1,325
114000001,1137,1552,-415
114000002,672,238,434
114000003,616,575,41
114000004,831,609,222
114000005,664,252,412
114000006,1417,1712,-295
114000007,1057,961,96
114000008,1972,1973,-1
114000009,1722,433,1289
114000011,3649,2128,1521
114000012,6077,1544,4533
114000013,2887,1345,1542
114000014,1032,344,688
114000015,2840,158,2682
114000016,574,67,507
114000017,168,1344,-1176
114000018,101,73,28
114000026,3868,1356,2512
114000027,4538,3325,1213
114000028,2597,5160,-2563
114000038,486,114,372
114000039,188,98,90
114000040,196,511,-315
114000042,211,269,-58
114000043,238,243,-5
114000044,609,73,536
114000045,34,18,16
114000046,1845,4952,-3107
114000047,12,199,-187
114000048,162,116,46
114000049,2331,1663,668
114000050,2285,1865,420
114000051,4074,2563,1511
114000052,3982,3196,786
114000053,27,947,-920
114000054,226,923,-697
114000055,632,48,584
114000056,107,1075,-968
114000057,4134,1630,2504
114000058,105,1452,-1347
114000059,45,1431,-1386
114000060,589,1233,-644
114000061,2654,4059,-1405
114000062,359,1272,-913
114000063,1067,1198,-131
114000064,1604,5748,-4144
114000065,1031,2006,-975
114000066,773,1179,-406
114000067,20,1622,-1602
114000068,406,1040,-634
114000069,1096,571,525
114000070,3177,1803,1374
114000071,1138,886,252
114000072,867,217,650
114000073,4,7,-3
114000074,92,21,71
114000075,80,52,28
114000076,45,38,7
114000077,3,23,-20
114000078,482,439,43
114000079,524,76,448
114000080,71,98,-27
114000081,111,131,-20
114000082,55,391,-336
114000083,131,20,111
114000084,290,138,152
114000085,93,240,-147
114000086,289,194,95
114000087,343,46,297
114000088,23,40,-17
114000089,556,191,365
114000090,1035,1815,-780
114000091,941,1183,-242
114000092,485,533,-48
114000093,1607,571,1036
114000094,724,443,281
114000095,344,277,67
114000096,70,359,-289
114000097,136,183,-47
114000098,685,193,492
114000099,1495,157,1338
114000100,1979,443,1536
114000101,774,254,520
114000102,932,324,608
114000103,125,160,-35
114000104,26,216,-190
114000105,291,178,113
114000106,675,3170,-2495
114000107,674,155,519
114000108,1683,779,904
114000109,1326,6439,-5113
114000110,526,775,-249
114000111,3280,2086,1194
114000112,411,1192,-781
114000113,3218,458,2760
114000114,400,1122,-722
114000115,4250,682,3568
114000116,1243,7340,-6097
114000117,6582,993,5589
114000118,6125,380,5745
114000119,5008,553,4455
114000120,777,870,-93
114000121,855,699,156
114000122,762,565,197
114000123,3493,613,2880
114000124,2316,608,1708
114000125,1567,1586,-19
114000126,3024,333,2691
114000127,276,138,138
114000128,1358,207,1151
114000130,873,658,215
114000131,637,120,517
114000132,743,309,434
114000133,486,1014,-528
114000134,114,50,64
114000138,48,96,-48
114000139,485,708,-223
114000144,804,778,26
114000145,73,23,50
114000146,104,39,65
114000147,1399,3217,-1818
114000148,882,2812,-1930
114000149,368,564,-196
114000150,501,1302,-801
114000151,1319,5258,-3939
114000152,105,29,76
114000153,808,4026,-3218
114000154,612,1214,-602
114000155,986,5202,-4216
114000156,937,1440,-503
114000157,482,2605,-2123
114000158,1567,677,890
114000159,154,480,-326
114000160,68,1149,-1081
114000161,1157,2257,-1100
114000162,1715,2923,-1208
114000163,16,33,-17
114000165,510,597,-87
114000166,450,698,-248
114000167,2971,1306,1665
114000168,488,241,247
114000169,1276,1128,148
114000170,1246,1157,89
114000171,1904,20542,-18638
114000174,216,337,-121
114000176,321,591,-270
114000177,631,312,319
114000178,100,67,33
114000179,1099,1673,-574
114000180,214,157,57
114000181,1412,11165,-9753
114000182,1101,2665,-1564
114000183,1324,770,554
114000184,3201,641,2560
114000185,1627,974,653
114000189,2291,159,2132
114000190,5280,425,4855
114000191,130,614,-484
114000192,164,748,-584
114000193,233,1012,-779
114000194,2247,917,1330
114000195,300,325,-25
114000196,0,138,-138
114000197,3494,43,3451
114000198,708,447,261
114000199,1471,1502,-31
114000200,993,1160,-167
114000201,267,957,-690
114000202,1274,865,409
114000203,1332,939,393
114000204,107,776,-669
114000205,448,1577,-1129
114000206,900,2237,-1337
114000207,570,1689,-1119
114000208,536,1226,-690
114000209,543,1568,-1025
114000210,253,727,-474
114000211,1814,1514,300
114000212,750,1553,-803
114000213,2047,425,1622
114000214,104,140,-36
114000215,209,120,89
114000216,2815,400,2415
114000217,555,157,398
114000218,692,125,567
114000219,2613,172,2441
114000220,45,860,-815
114000221,1760,203,1557
114000222,146,764,-618
114000223,1115,130,985
114000224,57,420,-363
114000225,524,268,256
114000226,357,238,119
114000227,1109,563,546
114000228,1245,630,615
114000229,2388,1520,868
114000230,2104,995,1109
114000231,1177,1782,-605
114000232,1649,248,1401
114000233,3636,84,3552
114000234,1829,924,905
114000235,2277,1873,404
114000236,1,495,-494
114000237,226,709,-483
114000238,235,514,-279
114000239,251,1090,-839
114000240,1150,2171,-1021
114000241,426,2115,-1689
114000242,871,907,-36
114000243,3545,1300,2245
114000244,987,457,530
114000245,794,1433,-639
114000246,293,65,228
114000247,610,912,-302
114000248,2778,715,2063
114000249,694,702,-8
114000250,1071,263,808
114000251,515,282,233
114000252,59,11,48
114000253,30,100,-70
114000254,83,54,29
114000255,808,316,492
114000256,380,2164,-1784
114000257,1123,1239,-116
114000258,826,627,199
114000259,275,1444,-1169
114000260,2,40,-38
114000261,66,35,31
114000262,370,140,230
114000263,30,1,29
114000264,2048,484,1564
114000265,0,0,0
114000267,6,3760,-3754
114000268,2,835,-833
114000270,417,30,387
114000271,440,148,292
114000283,2489,378,2111
114000285,31,81,-50
114000288,273,633,-360
114000289,2915,155,2760
114000293,356,729,-373
114000294,369,480,-111
114000395,2516,45,2471
114000396,785,647,138
114000402,1679,260,1419
114000403,511,192,319
114000405,357,314,43
114000423,805,137,668
114000424,627,521,106
114000425,1871,129,1742
114000426,326,1097,-771
114000427,101,43,58
114000428,63,159,-96
114000429,6,169,-163
114000432,331,142,189
114000434,44,40,4
114000435,1,61,-60
114900001,1079,264,815
114900002,358,167,191
114900003,1097,306,791
114900004,265,687,-422
114900005,798,323,475
114900006,70,56,14
114900007,258,16,242
114900008,570,122,448
114900010,1220,2703,-1483
114900011,446,135,311
114900013,355,170,185
114900018,1049,38,1011
114900020,153,67,86
114900022,30,445,-415
114900025,896,149,747
114900026,240,64,176
114900029,238,12,226
114900030,353,243,110
114900031,1147,20,1127
114900032,598,7,591
114900034,58,27,31
114900035,116,391,-275
114900036,405,244,161
114900039,1059,124,935
114900040,197,18,179
114900041,1965,135,1830
114900042,2360,182,2178
114900044,202,80,122
114900047,208,5681,-5473
114900048,29,148,-119
114900049,22,57,-35
114900050,144,141,3
114900051,26,168,-142
114900052,16,274,-258
114900053,89,222,-133
114900054,23,41,-18
114900057,274,42,232
114900058,0,28,-28
114900059,166,82,84
114900063,123,68,55
114900064,2714,149,2565
114900065,518,1360,-842
114900067,23,383,-360
114900068,26,91,-65
114900069,258,13,245
114900070,849,148,701
114900072,0,153,-153
114900073,4,23,-19
114900074,1625,226,1399
114900075,293,7,286
114900076,0,79,-79
114900080,923,144,779
114900082,2101,3610,-1509
114900083,314,646,-332
114900090,813,192,621
114900091,111,100,11
114900097,94,1,93
114900098,6,366,-360
114900099,377,17,360
115000001,6012,3455,2557
115000002,6255,8720,-2465
115000003,5261,3081,2180
115000004,6466,9283,-2817
115000005,2802,3545,-743
115000006,2186,3062,-876
115000007,730,357,373
115000008,767,1618,-851
115000009,966,556,410
115000010,332,473,-141
115000013,51,194,-143
115000015,73,468,-395
115000016,44,334,-290
115000019,24,716,-692
115000020,244,1368,-1124
115000021,243,475,-232
115000022,487,175,312
115000023,524,481,43
115000024,683,214,469
115000025,1052,693,359
115000026,183,248,-65
115000027,736,282,454
115000028,173,435,-262
115000029,1354,88,1266
115000030,488,648,-160
115000031,948,197,751
115000032,3,246,-243
115000033,296,19,277
115000034,112,1158,-1046
115000035,1058,115,943
115000036,0,381,-381
115000037,687,57,630
115000038,101,246,-145
115000039,3622,6193,-2571
115000040,4910,3276,1634
115000041,2954,7232,-4278
115000042,534,872,-338
115000043,5127,4079,1048
115000044,3358,3671,-313
115000045,4231,1403,2828
115000046,4939,4751,188
115000047,4491,2345,2146
115000048,4663,2479,2184
115000049,2457,4565,-2108
115000050,4652,1435,3217
115000051,2513,7268,-4755
115000052,1587,1181,406
115000053,3888,3666,222
115000054,586,1186,-600
115000055,210,1433,-1223
115000056,153,504,-351
115000057,653,2352,-1699
115000058,63,782,-719
115000059,148,559,-411
115000061,262,466,-204
115000062,449,685,-236
115000063,782,478,304
115000064,402,114,288
115000065,80,507,-427
115000067,658,28,630
115000069,110,346,-236
115000070,35,1365,-1330
115000071,87,57,30
115000072,10,83,-73
115000073,2223,105,2118
115000075,140,67,73
115000076,2983,2384,599
115000077,2982,1467,1515
115000078,2719,1122,1597
115000079,2913,1269,1644
115000080,5986,1383,4603
115000081,311,460,-149
115000082,8668,6863,1805
115000083,3447,998,2449
115000084,4255,1045,3210
115000085,1960,953,1007
115000086,1967,1151,816
115000087,859,2415,-1556
115000088,1891,1047,844
115000089,2165,1364,801
115000090,513,1086,-573
115000091,427,496,-69
115000092,1498,1723,-225
115000093,1040,0,1040
115000094,5457,11441,-5984
115000095,4615,12357,-7742
115000096,1627,958,669
115000097,3553,2490,1063
115000098,3023,624,2399
115000099,3837,1629,2208
115000100,2869,404,2465
115000101,845,1125,-280
115000102,804,226,578
115000103,467,529,-62
115000105,173,113,60
115000106,1830,839,991
115000107,284,387,-103
115000108,2579,1919,660
115000109,4214,6376,-2162
115000110,1566,2564,-998
115000111,532,916,-384
115000112,797,759,38
115000113,575,599,-24
115000114,1014,453,561
115000116,2585,1569,1016
115000117,1862,2607,-745
115000118,2130,1793,337
115000119,1845,2183,-338
115000120,645,1217,-572
115000121,594,697,-103
115000122,721,1970,-1249
115000123,1675,1798,-123
115000124,1145,1351,-206
115000125,587,2140,-1553
115000126,232,798,-566
115000127,509,204,305
115000128,793,1577,-784
115000129,230,1010,-780
115000130,656,732,-76
115000131,1068,312,756
115000132,657,614,43
115000133,1321,223,1098
115000134,446,818,-372
115000135,254,199,55
115000136,481,493,-12
115000137,116,402,-286
115000138,514,275,239
115000139,423,339,84
115000140,625,231,394
115000141,342,96,246
115000142,563,110,453
115000143,1294,1310,-16
115000144,608,280,328
115000145,407,220,187
115000146,702,1327,-625
115000147,832,1052,-220
115000148,560,856,-296
115000149,1116,285,831
115000150,900,600,300
115000151,1923,255,1668
115000152,1320,2106,-786
115000153,2249,551,1698
115000154,1482,200,1282
115000155,806,1831,-1025
115000156,917,982,-65
115000157,297,2677,-2380
115000158,226,803,-577
115000159,912,954,-42
115000160,606,487,119
115000161,223,526,-303
115000162,535,1363,-828
115000163,660,827,-167
115000164,544,1044,-500
115000165,260,945,-685
115000167,141,410,-269
115000168,503,1091,-588
115000169,241,1581,-1340
115000170,100,276,-176
115000171,370,718,-348
115000172,897,928,-31
115000173,445,1572,-1127
115000174,85,858,-773
115000175,296,275,21
115000176,63,178,-115
115000177,47,273,-226
115000178,23,278,-255
115000179,19,147,-128
115000180,157,391,-234
115000181,1276,204,1072
115000182,2405,277,2128
115000183,439,592,-153
115000186,953,187,766
115000187,171,401,-230
115000188,612,510,102
115000189,454,377,77
115000190,1034,728,306
115000191,403,701,-298
115000194,104,108,-4
115000195,183,574,-391
115000196,397,115,282
115000197,379,311,68
115000198,927,197,730
115000199,785,194,591
115000200,619,256,363
115000201,362,232,130
115000206,602,17,585
115000207,627,424,203
115000208,581,979,-398
115000209,1103,598,505
115000210,203,344,-141
115000211,499,236,263
115000212,1607,352,1255
115000224,340,132,208
115000225,139,62,77
115000229,345,74,271
115000230,219,447,-228
115000231,428,1339,-911
115000232,4773,559,4214
115000233,157,302,-145
115000234,44,591,-547
115000241,192,251,-59
115000242,439,72,367
115000243,411,128,283
115000244,21,517,-496
115000246,56,84,-28
115000247,8,7,1
115000248,27,10,17
115000249,7,1,6
115000250,320,166,154
115000251,944,500,444
115000252,720,643,77
115000253,49,589,-540
115000258,828,489,339
115000259,489,93,396
115000261,7,9,-2
115000262,29,47,-18
115000263,17,65,-48
115000264,66,123,-57
115000267,90,71,19
115000268,68,114,-46
115000269,139,28,111
115000270,28,25,3
115000272,74,74,0
115000273,810,14,796
115000280,1264,327,937
115000281,232,909,-677
115000282,509,1195,-686
115000284,130,420,-290
115000296,515,17,498
115000297,110,460,-350
115000298,36,828,-792
115000300,217,174,43
115000302,1116,168,948
115000303,1792,100,1692
115000304,1538,147,1391
115000305,97,406,-309
115000306,344,295,49
115000307,272,240,32
115000308,45,13,32
115000310,3241,643,2598
115000311,2029,1275,754
115000313,197,439,-242
115000314,935,365,570
115000315,1773,1573,200
115000316,214,216,-2
115000317,257,661,-404
115000318,1163,430,733
115000319,194,223,-29
115000320,20,740,-720
115000321,476,21,455
115000322,120,124,-4
115000449,144,211,-67
115000557,9,3552,-3543
115000558,164,418,-254
115000587,1356,367,989
115000588,2813,3963,-1150
115000589,7117,4258,2859
115000590,1302,2457,-1155
115000591,1751,1551,200
115000592,535,2455,-1920
115000593,2079,1777,302
115000594,319,3838,-3519
115000609,434,358,76
115000617,678,2959,-2281
115000624,540,53,487
115000633,418,1347,-929
115000634,4470,843,3627
115000635,1004,256,748
115000638,492,322,170
115000641,52,635,-583
115000642,428,370,58
115000643,205,336,-131
115000644,454,273,181
115000646,665,1580,-915
115000647,206,617,-411
115000648,4930,922,4008
115000893,3348,1603,1745
115000894,136,829,-693
115000895,309,1817,-1508
115000896,1965,909,1056
115000897,662,215,447
115000898,576,419,157
115000899,377,2001,-1624
115000900,81,1140,-1059
115000901,75,232,-157
115000912,718,106,612
115000913,1,22,-21
115000915,27,7,20
115000916,13,1,12
115000917,0,28,-28
115000918,66,1048,-982
115000919,2,107,-105
115000920,6,135,-129
115000921,384,203,181
115000922,612,1774,-1162
115000923,85,3591,-3506
115000925,176,175,1
115000927,155,264,-109
115000933,90,1130,-1040
115000934,105,222,-117
115000935,222,87,135
115000936,102,1684,-1582
115000937,2523,795,1728
115000938,56,468,-412
115000939,43,363,-320
115000940,1,57,-56
115000941,1,85,-84
115000942,17,375,-358
115000943,5,395,-390
115000944,0,20,-20
115900001,460,10,450
115900002,141,103,38
115900003,342,95,247
115900004,0,22,-22
115900005,285,21,264
115900006,117,232,-115
115900008,222,5,217
115900009,55,679,-624
115900010,782,137,645
115900011,472,296,176
115900012,453,17,436
115900013,370,186,184
115900014,248,146,102
115900015,433,26,407
115900016,120,36,84
115900017,65,24,41
115900018,220,26,194
115900019,61,20,41
115900020,163,3,160
115900021,624,450,174
115900022,1325,3,1322
115900023,8,7,1
115900025,46,285,-239
115900026,781,131,650
115900027,1,192,-191
115900028,183,33,150
115900029,40,187,-147
115900030,38,20,18
115900031,75,321,-246
115900032,478,1005,-527
115900033,1,76,-75
115900034,30,107,-77
115900035,105,30,75
115900036,76,4937,-4861
115900037,49,135,-86
115900038,84,24,60
115900039,306,68,238
115900041,123,1549,-1426
115900042,110,5,105
115900043,188,46,142
115900044,211,768,-557
115900046,1211,131,1080
115900047,48,213,-165
115900049,361,162,199
115900051,5,55,-50
115900052,49,84,-35
115900053,826,83,743
115900054,590,20,570
115900055,24,30,-6
115900056,403,95,308
115900057,21,15,6
115900058,29,37,-8
115900060,103,208,-105
115900061,488,0,488
115900062,73,89,-16
115900063,46,1,45
115900064,378,391,-13
115900065,275,110,165
115900066,51,84,-33
115900067,7,90,-83
115900068,1222,2414,-1192
115900069,56,245,-189
115900070,406,46,360
115900071,0,120,-120
115900072,23,100,-77
115900073,287,178,109
115900074,2,62,-60
115900075,30,262,-232
115900076,44,19,25
115900077,8,45,-37
115900078,80,382,-302
115900079,553,7,546
115900080,187,117,70
115900081,95,15,80
115900082,192,1178,-986
115900084,709,8,701
115900085,83,156,-73
115900086,1566,593,973
115900088,3,91,-88
115900089,768,241,527
115900090,1036,18,1018
115900091,12,38,-26
115900092,77,40,37
115900093,3,23,-20
115900094,2,35,-33
115900096,10,5,5
115900097,42,86,-44
115900098,699,165,534
115900099,126,532,-406
115900100,26,250,-224
115900101,747,141,606
115900102,216,254,-38
115900103,499,96,403
115900104,128,158,-30
115900105,380,220,160
115900106,227,3,224
115900107,110,67,43
115900108,378,13,365
115900109,21,189,-168
115900110,65,2,63
115900111,1,62,-61
115900112,114,385,-271
115900113,81,77,4
115900114,9,39,-30
115900115,114,95,19
115900116,169,533,-364
115900117,200,24,176
115900118,8,48,-40
115900119,182,99,83
115900120,55,245,-190
115900121,432,119,313
115900124,349,1146,-797
115900125,948,144,804
115900126,1541,61,1480
115900127,1450,83,1367
115900128,3,300,-297
115900129,672,31,641
115900130,20,1357,-1337
115900131,512,44,468
115900132,1171,9,1162
115900134,516,17,499
115900135,1396,938,458
115900137,19,1,18
115900139,9,153,-144
115900140,739,73,666
115900141,1,116,-115
115900142,13,80,-67
115900143,430,412,18
115900144,415,210,205
115900146,11,132,-121
115900147,298,404,-106
115900148,35,84,-49
115900149,316,15,301
115900150,194,8,186
115900151,128,94,34
115900152,314,153,161
115900153,300,148,152
115900154,428,546,-118
115900155,0,38,-38
115900156,1336,1091,245
115900157,575,894,-319
115900158,12,7,5
115900159,364,295,69
115900160,0,9,-9
115900161,30,153,-123
115900163,525,154,371
115900164,1437,19,1418
115900166,102,107,-5
115900168,492,166,326
115900171,166,302,-136
115900172,124,288,-164
115900173,330,171,159
115900174,186,407,-221
115900175,315,93,222
115900178,17,110,-93
115900179,665,45,620
115900180,200,56,144
115900181,586,74,512
115900182,1210,51,1159
115900183,22,192,-170
115900184,593,8,585
115900187,16,440,-424
115900189,1,197,-196
115900190,207,1389,-1182
115900191,21,156,-135
115900192,64,201,-137
115900193,210,160,50
115900194,1595,92,1503
115900195,522,4715,-4193
115900198,490,302,188
115900199,531,55,476
115900200,519,133,386
115900201,255,627,-372
115900202,0,263,-263
115900203,2,17,-15
115900204,0,15,-15
115900205,23,6,17
115900206,553,180,373
115900207,132,6,126
115900208,194,75,119
115900209,10,97,-87
115900210,1,427,-426
115900211,1,178,-177
115900212,318,200,118
115900213,187,201,-14
115900214,1120,78,1042
115900215,15,285,-270
115900216,2,53,-51
115900217,0,14,-14
115900218,8,34,-26
115900219,294,1,293
115900220,577,4,573
115900221,208,8,200
115900222,92,50,42
115900223,2,618,-616
115900224,1058,3161,-2103
115900225,139,15,124
115900226,20,90,-70
115900227,12,118,-106
115900228,8,76,-68
115900229,13,57,-44
115900230,77,37,40
115900231,199,0,199
115900232,193,1,192
115900233,216,4,212
115900234,141,83,58
115900235,103,229,-126
115900236,19,477,-458
115900237,25,51,-26
115900238,28,32,-4
115900239,18,80,-62
115900240,41,58,-17
115900241,443,47,396
115900242,675,811,-136
115900243,5,19,-14
115900244,23,4,19
115900245,148,9,139
115900246,9,7,2
115900247,18,2,16
115900248,15,2,13
115900249,4,7,-3
115900250,25,42,-17
115900251,15,13,2
115900252,22,2,20
115900253,60,8,52
115900254,7,30,-23
115900255,1,77,-76
115900256,86,274,-188
115900257,1,22,-21
115900258,1,2,-1
115900259,6,5,1
115900260,40,10,30
115900261,3,0,3
115900262,2,0,2
115900263,8,0,8
115900264,18,1,17
115900265,0,4,-4
115900266,1,11,-10
115900267,0,10,-10
115900268,1,11,-10
115900269,1359,214,1145
115900270,521,99,422
115900271,388,0,388
115900272,61,22,39
115900273,10,57,-47
115900274,1,8,-7
115900275,0,8,-8
115900276,0,7,-7
115900277,1,29,-28
115900278,102,70,32
115900279,48,312,-264
115900280,35,1183,-1148
115900281,259,616,-357
115900282,86,65,21
115900283,52,1,51
115900284,19,6,13
116000001,9487,2307,7180
116000002,8054,21222,-13168
116000003,1496,1787,-291
116000004,6399,8123,-1724
116000005,1220,6035,-4815
116000006,5101,8493,-3392
116000007,2106,3269,-1163
116000008,8636,4490,4146
116000009,997,1213,-216
116000010,4958,2518,2440
116000011,972,1001,-29
116000012,3940,1729,2211
116000013,5990,7733,-1743
116000014,18212,36581,-18369
116000015,348,3096,-2748
116000016,5688,8098,-2410
116000017,58,913,-855
116000018,775,548,227
116000019,2595,364,2231
116000020,786,1722,-936
116000021,1734,335,1399
116000022,1043,633,410
116000023,2635,1754,881
116000024,920,1321,-401
116000025,1294,1196,98
116000026,1609,6570,-4961
116000027,543,1314,-771
116000028,585,1456,-871
116000029,474,504,-30
116000030,600,899,-299
116000031,49,238,-189
116000032,563,145,418
116000033,1117,688,429
116000034,992,1099,-107
116000035,1060,412,648
116000036,475,4042,-3567
116000037,146,681,-535
116000038,89,1535,-1446
116000039,301,2010,-1709
116000040,651,2514,-1863
116000041,128,1247,-1119
116000042,1656,1498,158
116000043,172,444,-272
116000044,4,58,-54
116000045,1527,1607,-80
116000046,1069,2765,-1696
116000047,3193,4356,-1163
116000048,5349,1416,3933
116000049,2385,3275,-890
116000050,1949,1505,444
116000051,3922,4247,-325
116000052,3937,3783,154
116000053,3438,1172,2266
116000054,1653,3451,-1798
116000055,1790,1573,217
116000056,2200,1496,704
116000057,4130,1623,2507
116000058,8257,4411,3846
116000059,3008,5736,-2728
116000060,4279,2173,2106
116000061,745,1405,-660
116000062,913,658,255
116000063,851,2482,-1631
116000066,626,799,-173
116000067,622,497,125
116000068,214,465,-251
116000069,553,275,278
116000078,893,883,10
116000080,2656,522,2134
116000082,11,17,-6
116000083,2830,383,2447
116000084,1642,2205,-563
116000085,2125,2352,-227
116000086,1184,765,419
116000087,3836,2094,1742
116000088,2296,906,1390
116000089,255,125,130
116000090,302,304,-2
116000091,220,1147,-927
116000093,865,260,605
116000094,1692,679,1013
116000095,895,572,323
116000096,2966,4599,-1633
116000097,1244,711,533
116000098,123,19518,-19395
116000099,7969,674,7295
116000100,483,36,447
116000101,2283,1056,1227
116000102,287,712,-425
116000103,859,505,354
116000104,246,1169,-923
116000105,2547,201,2346
116000106,525,3483,-2958
116000107,4537,1035,3502
116000108,46,1129,-1083
116000111,178,37,141
116000113,188,69,119
116000114,29,105,-76
116000115,359,88,271
116000116,292,186,106
116000117,1676,1387,289
116000118,2607,1071,1536
116000119,4083,1602,2481
116000120,3623,2243,1380
116000121,1238,663,575
116000122,1067,879,188
116000123,1663,726,937
116000124,650,376,274
116000125,4692,539,4153
116000126,524,524,0
116000127,1062,538,524
116000128,3045,841,2204
116000129,2113,130,1983
116000130,1530,693,837
116000133,2836,998,1838
116000134,2059,1224,835
116000135,4080,1627,2453
116000136,1217,1610,-393
116000137,1695,1043,652
116000138,2108,772,1336
116000139,2976,7150,-4174
116000140,214,365,-151
116000141,772,539,233
116000142,4253,2258,1995
116000143,3097,1384,1713
116000144,2910,2263,647
116000145,3139,1187,1952
116000146,1573,196,1377
116000147,465,570,-105
116000148,1951,2110,-159
116000149,1147,1403,-256
116000151,977,1045,-68
116000153,242,393,-151
116000155,280,571,-291
116000156,1364,594,770
116000157,145,11,134
116000158,807,187,620
116000159,8,14,-6
116000160,75,48,27
116000161,12,132,-120
116000162,130,465,-335
116000163,155,35,120
116000164,77,92,-15
116000177,146,863,-717
116000194,80,420,-340
116000195,1856,893,963
116000196,44,3,41
116000197,29,20,9
116000198,2295,1521,774
116000200,1191,1181,10
116000201,915,895,20
116000202,11,325,-314
116000203,1,31,-30
116000204,5,19,-14
116000205,1,84,-83
116000206,0,308,-308
116000207,22,180,-158
116000233,213,581,-368
116000287,608,157,451
116000288,529,245,284
116000292,93,170,-77
116000296,31,83,-52
116000297,212,4,208
116000304,259,31,228
116000305,20,107,-87
116000346,240,199,41
116000352,135,121,14
116000354,57,33,24
116000357,16,14,2
116000358,688,168,520
116000361,275,0,275
116000372,5549,12445,-6896
116000381,179,1,178
116000388,0,45,-45
116000389,1045,481,564
116000445,1650,264,1386
116000446,875,273,602
116000447,53,770,-717
116000448,861,81,780
116000563,870,1021,-151
116000565,44,265,-221
116000568,59,553,-494
116000579,18,83,-65
116000583,220,86,134
116000584,91,5,86
116000585,134,69,65
116000586,89,193,-104
116000587,492,294,198
116000589,55,80,-25
116000590,307,176,131
116000591,437,340,97
116000592,18,32,-14
116000593,0,16,-16
116000594,2223,103,2120
116000595,1235,43,1192
116000596,316,2,314
116000597,846,363,483
116000598,21,102,-81
116000605,234,215,19
116000606,81,1053,-972
116000607,3,180,-177
116000609,96,2054,-1958
116000611,399,160,239
116000612,2813,2355,458
116000613,914,474,440
116000614,917,329,588
116000615,0,1051,-1051
116000616,117,95,22
116000617,215,26,189
116000618,10,58,-48
116000619,46,104,-58
116000620,439,302,137
116000621,118,75,43
116000622,220,87,133
116000624,138,334,-196
116000627,152,63,89
116000628,97,192,-95
116000629,77,166,-89
116000630,1430,35,1395
116000631,850,46,804
116000632,2230,66,2164
116000633,533,240,293
116000634,716,118,598
116000635,3409,5746,-2337
116000636,810,3410,-2600
116000637,1158,42,1116
116000638,225,182,43
116000639,149,10,139
116000640,61,193,-132
116000641,58,88,-30
116000643,0,91,-91
116000644,85,270,-185
116000645,41,7,34
116900001,619,143,476
116900002,387,2,385
116900003,76,8,68
116900004,85,96,-11
116900005,284,77,207
116900006,138,689,-551
116900007,290,509,-219
116900008,1391,85,1306
116900009,20,22,-2
116900010,767,738,29
116900011,27,105,-78
116900012,400,683,-283
116900013,1,32,-31
116900014,279,44,235
116900015,968,55,913
116900016,323,7,316
116900017,24,335,-311
116900018,191,182,9
116900019,15,144,-129
116900020,493,3150,-2657
116900023,105,11,94
116900024,1317,21,1296
116900025,2156,614,1542
116900026,65,574,-509
116900027,85,29,56
116900028,48,35,13
116900029,2,275,-273
116900031,1,2,-1
116900032,14,100,-86
116900033,56,5,51
116900034,39,41,-2
116900035,201,286,-85
116900036,19,270,-251
116900038,39,2,37
116900041,235,25,210
116900042,231,136,95
116900043,23,66,-43
116900047,59,373,-314
116900049,21,358,-337
116900050,48,343,-295
116900051,742,7,735
116900052,298,62,236
116900055,0,52,-52
116900057,17,112,-95
116900058,22,354,-332
116900059,0,35,-35
116900060,316,608,-292
116900062,2,125,-123
116900064,115,218,-103
116900065,28,137,-109
116900067,177,49,128
116900068,242,138,104
116900070,5,2,3
116900072,64,89,-25
116900073,8,77,-69
116900074,3,51,-48
116900076,40,110,-70
116900077,9,52,-43
116900078,136,25,111
116900079,63,146,-83
116900080,12,50,-38
116900081,199,825,-626
116900082,92,1327,-1235
116900083,13,8,5
116900084,79,81,-2
116900085,8,86,-78
116900086,46,297,-251
116900088,317,11,306
116900090,18,25,-7
116900091,981,42,939
116900092,152,288,-136
116900093,4522,1476,3046
116900094,5402,8796,-3394
116900095,477,705,-228
116900096,129,597,-468
116900097,1319,5872,-4553
116900098,1257,430,827
116900099,220,1152,-932
116900100,1393,96,1297
116900101,224,920,-696
116900103,51,0,51
116900104,20,522,-502
116900105,428,197,231
116900106,2872,79,2793
116900107,1441,4808,-3367
116900110,60,1,59
116900111,1451,196,1255
116900112,307,256,51
116900113,1364,4698,-3334
116900116,33,1476,-1443
116900117,359,490,-131
116900118,1893,914,979
116900120,534,52,482
116900121,350,23,327
116900122,1630,408,1222
116900123,1223,301,922
116900124,118,351,-233
116900125,891,122,769
116900126,108,1037,-929
116900128,7,98,-91
116900129,0,299,-299
116900130,1755,6558,-4803
116900131,105,314,-209
116900132,146,92,54
116900133,293,209,84
116900134,396,405,-9
116900136,408,420,-12
116900137,368,226,142
116900138,167,113,54
116900139,114,226,-112
116900140,238,83,155
116900141,519,157,362
116900142,9,53,-44
116900143,447,105,342
116900144,98,27,71
116900145,161,244,-83
116900147,136,2938,-2802
116900148,4,9,-5
116900149,53,344,-291
116900150,23,10,13
116900151,132,74,58
116900153,191,142,49
116900154,291,792,-501
116900155,96,199,-103
116900157,1429,69,1360
116900158,76,477,-401
116900159,120,768,-648
116900160,1166,819,347
116900161,5666,15242,-9576
116900162,62,141,-79
116900163,512,18,494
116900164,235,79,156
116900165,1059,445,614
116900166,142,67,75
116900167,831,44,787
116900168,1066,52,1014
116900169,234,3106,-2872
116900170,981,489,492
116900171,124,118,6
116900172,151,749,-598
116900173,623,6,617
116900174,65,179,-114
116900175,451,781,-330
116900178,106,96,10
116900179,38,622,-584
116900180,91,5,86
116900182,1621,442,1179
116900183,390,136,254
116900185,43,44,-1
116900186,153,73,80
116900187,40,90,-50
116900188,198,11,187
116900189,44,0,44
116900191,85,376,-291
116900192,654,150,504
116900194,236,2357,-2121
116900195,99,7,92
116900196,66,16,50
116900197,206,22,184
116900198,44,331,-287
116900200,116,2,114
116900201,451,3,448
116900202,66,49,17
116900203,188,5,183
116900204,53,534,-481
116900206,23,0,23
116900207,16,231,-215
116900208,20,86,-66
116900209,21,31,-10
116900210,826,523,303
116900211,284,3,281
116900212,150,9,141
116900213,391,148,243
116900214,487,412,75
116900215,151,55,96
116900216,549,393,156
116900218,3,207,-204
116900219,378,221,157
116900220,220,350,-130
116900221,307,311,-4
116900222,522,357,165
116900223,40,174,-134
116900226,274,23,251
116900227,373,25,348
116900228,474,351,123
116900230,51,86,-35
116900231,86,151,-65
116900232,21,314,-293
116900233,378,118,260
116900234,47,10,37
116900235,646,259,387
116900238,968,222,746
116900239,9,708,-699
116900240,4936,6178,-1242
116900241,166,16,150
116900242,947,2110,-1163
116900243,0,35,-35
116900245,82,58,24
116900246,175,17,158
116900247,1299,49,1250
116900248,42,50,-8
116900249,833,18,815
116900250,832,65,767
116900251,432,1933,-1501
116900252,303,1357,-1054
116900254,80,183,-103
116900255,456,292,164
116900256,1198,214,984
116900257,159,1043,-884
116900258,5,29,-24
116900259,409,39,370
116900260,0,27,-27
116900261,130,1,129
116900262,236,336,-100
116900263,1,9,-8
116900264,140,173,-33
116900265,280,0,280
116900266,44,8,36
116900267,24,0,24
116900268,44,177,-133
116900269,647,2828,-2181
116900271,1009,830,179
116900272,973,640,333
116900273,41,951,-910
116900274,257,51,206
116900275,584,132,452
116900276,468,842,-374
116900277,198,98,100
116900278,6,2,4
116900279,12,22,-10
116900280,134,15,119
116900281,3728,7740,-4012
116900282,0,35,-35
116900283,3,23,-20
116900284,26,149,-123
116900285,145,839,-694
116900286,70,10,60
116900287,36,29,7
116900288,171,25,146
116900289,58,18,40
116900290,19,1,18
116900291,30,3,27
116900292,1,53,-52
116900293,90,1,89
116900294,36,148,-112
116900295,282,553,-271
116900296,61,486,-425
116900297,3,128,-125
116900298,86,250,-164
116900299,7,396,-389
116900300,1,143,-142
116900301,40,957,-917
116900302,11,352,-341
116900303,170,205,-35
116900304,0,226,-226
116900305,73,80,-7
116900306,703,74,629
116900307,199,2,197
116900308,0,94,-94
116900309,387,27,360
116900310,58,20,38
117000001,3989,7083,-3094
117000002,2478,6904,-4426
117000003,8553,6281,2272
117000004,2739,10082,-7343
117000005,6736,4494,2242
117000006,1355,3302,-1947
117000007,11881,2302,9579
117000008,1452,3801,-2349
117000009,7463,2371,5092
117000010,1421,2902,-1481
117000011,5160,2322,2838
117000012,2572,1374,1198
117000013,4207,2103,2104
117000014,2355,3063,-708
117000015,5412,2551,2861
117000016,439,725,-286
117000017,190,3270,-3080
117000018,97,1213,-1116
117000019,117,123,-6
117000020,1271,2749,-1478
117000021,4444,1319,3125
117000022,301,730,-429
117000023,102,1329,-1227
117000024,95,1628,-1533
117000025,172,7923,-7751
117000026,1978,5534,-3556
117000027,2223,5058,-2835
117000028,1501,4556,-3055
117000030,531,724,-193
117000031,838,875,-37
117000032,2234,2786,-552
117000033,2515,1671,844
117000034,382,395,-13
117000035,715,1041,-326
117000036,798,658,140
117000037,612,507,105
117000038,456,1043,-587
117000039,561,595,-34
117000040,159,677,-518
117000041,1497,178,1319
117000044,32,924,-892
117000045,2115,418,1697
117000046,854,1732,-878
117000047,1659,1344,315
117000048,1765,1537,228
117000049,25,514,-489
117000050,787,1961,-1174
117000051,4690,74,4616
117000052,90,235,-145
117000053,1565,45,1520
117000054,2443,6,2437
117000055,15,1450,-1435
117000056,886,32,854
117000057,1146,2104,-958
117000060,638,1834,-1196
117000061,4222,3298,924
117000062,294,1853,-1559
117000063,2786,1342,1444
117000064,838,1225,-387
117000066,555,1178,-623
117000067,112,593,-481
117000074,37,281,-244
117000076,70,52,18
117000077,273,147,126
117000078,202,1066,-864
117000079,586,347,239
117000080,0,863,-863
117000081,1378,169,1209
117000082,47,95,-48
117000083,957,630,327
117000084,341,1,340
117000085,907,1261,-354
117000086,1169,546,623
117000087,207,845,-638
117000088,538,232,306
117000089,4079,256,3823
117000090,540,849,-309
117000091,2040,367,1673
117000092,814,962,-148
117000093,3067,725,2342
117000094,1403,1690,-287
117000095,4490,983,3507
117000096,1353,1462,-109
117000097,3420,1276,2144
117000098,2149,2255,-106
117000099,6866,1429,5437
117000100,335,348,-13
117000101,201,640,-439
117000102,3702,751,2951
117000103,909,1030,-121
117000104,2769,712,2057
117000105,470,1067,-597
117000106,3196,797,2399
117000107,781,1419,-638
117000108,3594,1520,2074
117000109,1281,2217,-936
117000110,3318,2974,344
117000111,6122,6832,-710
117000112,6169,1605,4564
117000113,264,148,116
117000114,483,735,-252
117000115,98,49,49
117000116,326,998,-672
117000117,2686,1543,1143
117000118,743,781,-38
117000119,159,1461,-1302
117000120,44,3296,-3252
117000121,86,1683,-1597
117000122,2462,2551,-89
117000123,6073,90,5983
117000124,77,548,-471
117000125,50,1710,-1660
117000126,35,151,-116
117000127,118,1492,-1374
117000128,173,3415,-3242
117000129,643,2720,-2077
117000130,546,4,542
117000131,3,266,-263
117000132,7752,54,7698
117000133,5175,115,5060
117000134,0,390,-390
117000135,1,242,-241
117000136,0,72,-72
117000137,475,150,325
117000138,1,1577,-1576
117000140,533,953,-420
117000141,2891,787,2104
117000181,893,224,669
117000182,4103,1709,2394
117000195,304,657,-353
117000196,517,213,304
117000225,33,399,-366
117000226,7,423,-416
117000276,647,51,596
117000277,1,136,-135
117000310,1763,4180,-2417
117000315,610,1138,-528
117000320,119,1,118
117000906,947,21,926
117000907,6,317,-311
117000909,234,159,75
117000910,363,138,225
117000911,51,172,-121
117000915,2,138,-136
117000916,133,13,120
117000917,2561,74,2487
117000918,350,79,271
117000919,21,44,-23
117000920,1,1539,-1538
117000921,2,272,-270
117000922,96,111,-15
117000924,1703,1464,239
117000926,1589,1093,496
117000927,332,627,-295
117000928,1,189,-188
117000929,1535,219,1316
117000930,1246,23,1223
117000931,161,175,-14
117900002,76,1437,-1361
117900003,78,276,-198
117900005,8,351,-343
117900006,0,112,-112
117900007,237,127,110
117900008,0,7,-7
117900010,838,122,716
117900011,63,1903,-1840
117900012,152,35,117
117900013,0,347,-347
117900014,1494,317,1177
117900015,41,241,-200
117900016,1586,1542,44
117900017,2572,1480,1092
117900018,509,1208,-699
117900019,1649,545,1104
117900020,50,328,-278
117900021,24,281,-257
117900023,5277,157,5120
117900024,200,226,-26
117900025,34,1,33
117900026,915,382,533
117900028,133,13,120
117900029,701,1589,-888
117900031,705,1435,-730
117900032,1197,705,492
117900033,1033,974,59
117900034,147,51,96
117900035,339,1369,-1030
117900036,664,394,270
117900037,375,102,273
117900038,190,130,60
117900039,0,36,-36
117900040,308,174,134
117900041,0,21,-21
117900042,3442,991,2451
117900043,1,33,-32
117900044,375,8998,-8623
117900045,666,108,558
117900048,419,296,123
117900049,854,869,-15
117900050,21,1175,-1154
117900051,73,22,51
117900052,197,932,-735
117900053,2908,366,2542
117900054,1,20,-19
117900055,3898,469,3429
117900056,70,353,-283
117900057,1752,1394,358
117900058,49,292,-243
117900059,174,296,-122
117900060,4248,2936,1312
117900061,45,559,-514
117900063,1260,314,946
117900065,503,1432,-929
117900066,9,199,-190
117900067,1989,362,1627
117900069,2857,224,2633
117900070,22,734,-712
117900071,444,123,321
117900073,1464,396,1068
117900074,57,1021,-964
117900075,270,115,155
117900076,76,306,-230
117900077,988,171,817
117900078,789,682,107
117900080,396,71,325
117900081,288,407,-119
117900082,1123,428,695
117900083,1297,900,397
117900086,546,130,416
117900087,212,75,137
117900088,751,1270,-519
117900089,4162,653,3509
117900090,1671,1173,498
117900091,154,108,46
117900092,293,127,166
117900093,115,32,83
117900094,113,60,53
117900095,1134,4260,-3126
117900096,397,1012,-615
117900097,170,57,113
117900098,106,22,84
117900099,678,1809,-1131
117900100,1026,3,1023
117900101,1751,4190,-2439
117900102,132,58,74
117900103,110,3,107
117900104,6,498,-492
117900105,114,255,-141
117900106,169,47,122
117900107,76,0,76
117900109,1269,277,992
117900110,436,0,436
117900111,2057,204,1853
117900112,109,20,89
117900113,1450,3739,-2289
117900114,77,0,77
117900115,63,705,-642
117900116,904,693,211
117900117,877,185,692
117900118,403,2,401
117900119,315,33,282
117900120,1255,33,1222
117900121,206,72,134
117900122,702,10403,-9701
117900123,2185,753,1432
117900124,331,893,-562
117900125,2263,1294,969
117900126,308,294,14
117900127,1272,336,936
117900128,625,172,453
117900129,238,3,235
117900130,1113,1325,-212
117900131,5,225,-220
117900132,17,84,-67
117900133,79,54,25
117900134,219,179,40
117900135,92,55,37
117900136,0,3,-3
117900137,173,310,-137
117900138,0,6,-6
117900139,134,135,-1
117900140,12639,1430,11209
117900141,96,593,-497
117900142,58,1051,-993
117900144,46,2468,-2422
117900145,10,446,-436
117900146,209,401,-192
117900147,258,232,26
117900148,5579,5572,7
117900149,134,532,-398
117900150,133,120,13
117900151,66,355,-289
117900152,167,162,5
117900153,9,306,-297
117900154,1373,1032,341
117900156,410,432,-22
117900157,134,718,-584
117900158,301,74,227
117900160,1294,908,386
117900161,1291,947,344
117900162,1434,520,914
117900163,35,1736,-1701
117900165,1,30,-29
117900166,24,518,-494
117900168,69,177,-108
117900169,1,108,-107
117900170,1,58,-57
117900171,9,18,-9
117900172,38,32,6
117900173,119,88,31
117900174,24,39,-15
117900175,10,26,-16
117900176,24,13,11
117900177,72,29,43
117900178,173,66,107
117900180,307,28,279
117900181,70,729,-659
117900182,1,82,-81
117900183,188,246,-58
117900184,72,182,-110
117900185,83,68,15
117900186,103,45,58
117900187,36,14,22
117900188,445,86,359
117900189,181,67,114
117900190,35,2,33
117900191,194,0,194
117900192,342,0,342
117900193,212,311,-99
117900194,27,9,18
117900195,21,343,-322
117900196,44,41,3
117900207,97,158,-61
117900208,30,47,-17
117900209,322,100,222
117900210,110,93,17
117900211,4,65,-61
117900212,207,300,-93
117900213,40,7,33
117900214,7,2,5
117900215,221,35,186
117900216,122,117,5
117900217,121,233,-112
117900218,122,310,-188
117900219,27,357,-330
117900220,16,670,-654
117900222,255,127,128
117900223,141,675,-534
118000001,748,4876,-4128
118000002,527,1317,-790
118000003,3125,10060,-6935
118000004,1513,13121,-11608
118000005,6205,3264,2941
118000006,10181,6448,3733
118000007,6381,17708,-11327
118000008,1322,12191,-10869
118000009,2227,5319,-3092
118000010,4914,5654,-740
118000011,3788,1334,2454
118000012,1830,2591,-761
118000013,4334,4718,-384
118000014,2711,3438,-727
118000016,587,147,440
118000017,1093,484,609
118000018,534,203,331
118000019,1595,2994,-1399
118000020,674,2671,-1997
118000021,992,4248,-3256
118000022,1263,758,505
118000023,773,635,138
118000024,658,1021,-363
118000027,18334,8698,9636
118000029,1108,802,306
118000032,283,2710,-2427
118000033,1915,6187,-4272
118000034,3691,5660,-1969
118000035,2679,3227,-548
118000036,1211,1747,-536
118000037,1452,4192,-2740
118000038,1040,100,940
118000039,207,59,148
118000040,2821,2980,-159
118000041,6260,2592,3668
118000045,233,326,-93
118000046,1581,2172,-591
118000047,759,4508,-3749
118000048,1894,7819,-5925
118000051,1434,6952,-5518
118000052,853,2713,-1860
118000053,645,1730,-1085
118000054,5597,1047,4550
118000055,5130,2246,2884
118000056,109,1167,-1058
118000057,229,881,-652
118000058,2152,9466,-7314
118000059,1751,5103,-3352
118000060,2123,1348,775
118000061,1515,2557,-1042
118000062,524,247,277
118000063,558,1254,-696
118000064,885,2216,-1331
118000065,2172,2811,-639
118000066,2397,5711,-3314
118000067,550,1001,-451
118000068,1228,16742,-15514
118000069,1315,2128,-813
118000070,11635,3148,8487
118000071,6027,15290,-9263
118000072,787,5781,-4994
118000073,493,3262,-2769
118000074,690,1802,-1112
118000075,761,562,199
118000076,3095,14042,-10947
118000077,1618,4033,-2415
118000078,2510,4917,-2407
118000079,400,689,-289
118000080,571,2680,-2109
118000081,1846,2909,-1063
118000082,692,1809,-1117
118000083,1903,2874,-971
118000084,2294,3390,-1096
118000086,240,1014,-774
118000087,8288,4171,4117
118000088,1396,2854,-1458
118000089,5915,5453,462
118000090,1487,5818,-4331
118000091,1951,6907,-4956
118000092,1471,974,497
118000093,185,944,-759
118000096,1198,1248,-50
118000097,812,1354,-542
118000098,282,499,-217
118000099,1337,518,819
118000101,3223,656,2567
118000102,865,808,57
118000107,4505,639,3866
118000108,1435,7714,-6279
118000110,1,71,-70
118000111,0,238,-238
118000112,2520,9,2511
118000113,4,646,-642
118000114,1622,47,1575
118000115,5,13,-8
118000116,83,0,83
118000117,786,2337,-1551
118000118,1652,3416,-1764
118000119,1857,3260,-1403
118000120,1505,1580,-75
118000121,10,986,-976
118000122,1025,377,648
118000123,155,405,-250
118000125,1493,3977,-2484
118000126,751,4810,-4059
118000127,1385,2027,-642
118000128,454,4290,-3836
118000129,2620,1742,878
118000130,3700,5601,-1901
118000131,700,1986,-1286
118000132,4245,3864,381
118000133,2943,1478,1465
118000135,779,1978,-1199
118000136,137,2853,-2716
118000137,782,375,407
118000138,642,682,-40
118000139,1018,351,667
118000140,7099,14400,-7301
118000141,4876,2091,2785
118000142,5242,2385,2857
118000143,4896,2173,2723
118000144,1131,521,610
118000145,1986,1297,689
118000146,2177,494,1683
118000147,1997,971,1026
118000148,1769,2091,-322
118000149,1561,507,1054
118000150,1315,410,905
118000151,1149,436,713
118000153,2653,1161,1492
118000154,2639,1585,1054
118000155,3374,1223,2151
118000156,3339,5878,-2539
118000157,1202,430,772
118000158,443,898,-455
118000159,55,158,-103
118000160,997,457,540
118000161,986,467,519
118000162,2407,1340,1067
118000163,1642,1356,286
118000164,3136,2164,972
118000168,425,1469,-1044
118000169,1591,1073,518
118000170,4173,3553,620
118000171,540,969,-429
118000172,160,401,-241
118000173,1840,2135,-295
118000175,229,380,-151
118000176,643,453,190
118000177,396,827,-431
118000178,64,25,39
118000179,1126,1019,107
118000180,642,579,63
118000181,788,258,530
118000182,410,220,190
118000183,402,384,18
118000184,2159,553,1606
118000185,540,2826,-2286
118000186,463,1967,-1504
118000187,4180,577,3603
118000188,1369,54,1315
118000189,1655,464,1191
118000190,5,26,-21
118000191,11,51,-40
118000192,27,325,-298
118000193,9,263,-254
118000194,3479,1102,2377
118000195,284,10738,-10454
118000196,98,1493,-1395
118000197,124,328,-204
118000198,501,3128,-2627
118000199,437,2517,-2080
118000200,102,1454,-1352
118000201,98,1604,-1506
118000202,28,1022,-994
118000203,351,2155,-1804
118000204,71,1058,-987
118000205,77,474,-397
118000206,326,627,-301
118000207,1,67,-66
118000208,2379,2075,304
118000209,4083,1156,2927
118000210,229,57,172
118000211,196,73,123
118000213,777,10176,-9399
118000214,406,1501,-1095
118000215,630,136,494
118000216,13688,3231,10457
118000217,20,56,-36
118000218,183,38,145
118000219,286,358,-72
118000220,88,96,-8
118000221,1022,1076,-54
118000222,105,10,95
118000223,118,49,69
118000224,294,67,227
118000225,223,2502,-2279
118000226,2000,246,1754
118000227,1774,751,1023
118000228,59,660,-601
118000229,45,1628,-1583
118000230,135,429,-294
118000231,45,766,-721
118000232,1742,340,1402
118000233,1869,699,1170
118000234,941,93,848
118000236,323,785,-462
118000237,278,137,141
118000238,415,171,244
118000239,524,850,-326
118000240,146,109,37
118000241,463,170,293
118000242,658,228,430
118000243,515,131,384
118000244,199,58,141
118000246,1,37,-36
118000255,72,612,-540
118000256,262,307,-45
118000259,5,144,-139
118000260,420,92,328
118000261,148,33,115
118000263,242,256,-14
118000266,310,267,43
118000267,3,664,-661
118000268,567,38,529
118000270,495,1,494
118000271,375,264,111
118000272,114,14,100
118000273,596,56,540
118000274,116,686,-570
118000276,451,197,254
118000295,45,227,-182
118000298,166,112,54
118000299,104,61,43
118000301,0,282,-282
118000302,181,42,139
118000311,1988,68,1920
118000312,764,130,634
118000313,127,41,86
118000314,294,19,275
118000315,58,18,40
118000316,1826,532,1294
118000325,126,35,91
118000326,77,45,32
118000331,62,25,37
118000332,18,45,-27
118000333,38,54,-16
118000335,1039,0,1039
118000336,1,238,-237
118000407,400,38,362
118000457,14,167,-153
118000465,685,3362,-2677
118000480,181,47,134
118000489,12,929,-917
118000490,14,531,-517
118000492,983,211,772
118000510,52,31,21
118000514,123,936,-813
118000515,594,1939,-1345
118000517,553,320,233
118000524,136,702,-566
118000525,620,749,-129
118000530,31,278,-247
118000531,578,283,295
118000532,447,241,206
118000533,377,159,218
118000534,1141,509,632
118000535,592,117,475
118000536,76,671,-595
118000537,28,200,-172
118000538,54,155,-101
118000539,45,182,-137
118000540,184,424,-240
118000541,75,185,-110
118000542,173,610,-437
118000543,309,657,-348
118000546,42,35,7
118000553,0,0,0
118000560,1708,3998,-2290
118000562,103,131,-28
118000563,1908,1123,785
118000576,492,85,407
118000577,300,221,79
118000578,259,82,177
118000579,787,3577,-2790
118000583,0,0,0
118000595,299,70,229
118000596,3,968,-965
118000597,314,101,213
118000598,13,0,13
118000599,292,88,204
118000600,0,3,-3
118000601,14,0,14
118000602,2,7,-5
118000603,0,39,-39
118000605,180,183,-3
118000606,65,13,52
118900001,717,1560,-843
118900002,1223,1188,35
118900003,588,2,586
118900004,334,120,214
118900005,126,5,121
118900006,345,4,341
118900007,6,0,6
118900008,1635,57,1578
118900009,194,112,82
118900010,285,37,248
118900011,159,8,151
118900012,336,321,15
118900013,2582,525,2057
118900015,302,45,257
118900016,6,3,3
118900017,33,357,-324
118900018,1686,37,1649
118900019,3,8,-5
118900020,15,346,-331
118900021,67,1168,-1101
118900022,121,25,96
118900023,110,301,-191
118900024,87,197,-110
118900025,15,67,-52
118900026,103,16,87
118900027,741,216,525
118900028,308,118,190
118900029,269,774,-505
118900030,1078,165,913
118900031,115,25,90
118900032,406,137,269
118900033,510,1095,-585
118900034,338,376,-38
118900035,156,107,49
118900036,1814,469,1345
118900037,374,1169,-795
118900038,869,95,774
118900039,892,220,672
118900040,253,162,91
118900041,1016,495,521
118900042,139,69,70
118900045,265,275,-10
118900046,374,330,44
118900047,493,860,-367
118900048,265,710,-445
118900049,279,47,232
118900050,98,16,82
118900051,90,377,-287
118900052,294,679,-385
118900053,24,166,-142
118900054,349,35,314
118900055,338,7,331
118900056,11,525,-514
118900057,955,514,441
118900058,834,789,45
118900059,28,237,-209
118900060,184,105,79
118900062,349,205,144
118900064,331,844,-513
118900065,105,213,-108
118900066,180,97,83
118900067,5546,6321,-775
118900068,6,799,-793
118900069,902,383,519
118900071,8,8,0
118900072,1453,1165,288
118900073,483,159,324
118900074,432,117,315
118900075,311,29,282
118900076,407,370,37
118900077,780,160,620
118900078,2,0,2
118900079,64,216,-152
118900080,95,34,61
118900081,67,139,-72
118900082,2893,292,2601
118900083,42,0,42
118900084,11,38,-27
118900085,563,426,137
118900086,25,153,-128
118900087,135,1417,-1282
118900088,0,2,-2
118900089,25,60,-35
118900090,418,239,179
118900091,210,338,-128
118900092,366,34,332
118900093,105,23,82
118900096,93,291,-198
118900097,476,608,-132
118900099,76,157,-81
118900100,62,290,-228
118900101,171,116,55
118900102,30,185,-155
118900103,21,144,-123
118900104,521,103,418
118900105,204,73,131
118900107,67,36,31
118900108,93,195,-102
118900110,1855,1685,170
118900111,1358,647,711
118900112,403,634,-231
118900113,295,416,-121
118900114,3,145,-142
118900115,216,500,-284
118900116,80,185,-105
118900117,143,143,0
118900118,364,300,64
118900119,341,290,51
118900120,110,314,-204
118900121,26,213,-187
118900122,10,1237,-1227
118900123,192,318,-126
118900124,180,359,-179
118900126,40,475,-435
118900129,405,288,117
118900130,19,280,-261
118900131,796,305,491
118900132,422,302,120
118900133,25,281,-256
118900135,505,254,251
118900136,519,321,198
118900137,2,133,-131
118900139,766,344,422
118900140,1098,481,617
118900141,203,126,77
118900144,542,276,266
118900145,27,247,-220
118900146,834,504,330
118900147,236,1402,-1166
118900148,115,34,81
118900150,340,836,-496
118900152,663,388,275
118900157,69,612,-543
118900158,332,44,288
118900159,1,207,-206
118900161,89,39,50
118900163,122,46,76
118900164,0,76,-76
118900165,85,46,39
118900166,0,0,0
118900167,138,29,109
118900168,27,136,-109
118900169,200,86,114
118900170,341,56,285
118900171,75,49,26
118900174,139,22,117
118900175,693,307,386
118900176,308,238,70
118900177,124,5,119
118900178,146,66,80
118900179,4,11,-7
118900181,262,95,167
118900182,29,39,-10
118900183,55,287,-232
118900184,283,85,198
118900185,455,45,410
118900186,88,366,-278
118900187,120,909,-789
118900188,448,360,88
118900189,61,850,-789
118900190,116,221,-105
118900191,839,59,780
118900192,844,27,817
118900193,1705,3,1702
118900195,144,465,-321
118900196,75,165,-90
118900197,511,65,446
118900198,67,1,66
118900199,188,3,185
118900200,67,20,47
118900201,46,83,-37
118900202,9,74,-65
118900203,66,7,59
118900204,20,7,13
118900205,0,3,-3
118900206,1,2,-1
119000001,2123,2577,-454
119000002,4378,4187,191
119000003,5451,1279,4172
119000004,3717,3128,589
119000005,3126,4216,-1090
119000006,7771,2859,4912
119000007,6240,5882,358
119000008,3206,2972,234
119000009,2969,10339,-7370
119000010,5807,6750,-943
119000011,2480,3099,-619
119000012,1452,4484,-3032
119000013,4018,2347,1671
119000014,2154,2780,-626
119000019,370,157,213
119000020,3875,2069,1806
119000021,7808,4944,2864
119000022,1742,5972,-4230
119000023,280,594,-314
119000024,2828,36228,-33400
119000025,5499,1633,3866
119000026,64,917,-853
119000027,169,617,-448
119000028,2296,761,1535
119000029,76,311,-235
119000030,861,938,-77
119000031,1941,811,1130
119000032,1838,1787,51
119000033,2558,1066,1492
119000034,2196,832,1364
119000035,33,303,-270
119000036,4868,470,4398
119000037,2834,868,1966
119000038,538,373,165
119000039,1194,723,471
119000040,1254,1444,-190
119000041,1174,2596,-1422
119000048,2688,1680,1008
119000049,5071,3017,2054
119000050,1714,3030,-1316
119000051,3805,2464,1341
119000052,6056,3106,2950
119000053,3182,1485,1697
119000054,4635,1468,3167
119000055,9664,1745,7919
119000056,6845,1897,4948
119000057,2619,1009,1610
119000058,2079,1583,496
119000059,1676,1881,-205
119000060,2848,1031,1817
119000061,1362,681,681
119000062,1308,991,317
119000063,1131,1391,-260
119000064,1228,1021,207
119000065,1483,3945,-2462
119000066,2787,1796,991
119000067,2649,1518,1131
119000068,2920,919,2001
119000069,3171,1633,1538
119000070,5005,645,4360
119000071,1462,577,885
119000072,5554,3194,2360
119000073,5447,16687,-11240
119000074,2663,1836,827
119000075,6053,2930,3123
119000076,200,1315,-1115
119000077,914,836,78
119000078,577,1253,-676
119000079,411,755,-344
119000080,1262,210,1052
119000081,439,879,-440
119000082,1521,277,1244
119000083,856,729,127
119000084,439,563,-124
119000085,1090,168,922
119000086,274,1604,-1330
119000087,973,267,706
119000088,301,137,164
119000089,117,236,-119
119000090,314,83,231
119000091,88,230,-142
119000092,329,247,82
119000093,5885,3265,2620
119000094,6938,8263,-1325
119000095,3817,8746,-4929
119000097,2403,1160,1243
119000098,1710,10356,-8646
119000099,2501,1121,1380
119000100,7799,4612,3187
119000101,3777,1919,1858
119000102,385,1974,-1589
119000103,598,620,-22
119000104,1863,1149,714
119000105,1581,4694,-3113
119000106,518,753,-235
119000107,2018,803,1215
119000108,1225,1070,155
119000109,184,696,-512
119000110,333,358,-25
119000111,89,938,-849
119000112,146,159,-13
119000113,958,384,574
119000114,1822,1800,22
119000115,141,230,-89
119000116,191,213,-22
119000117,333,557,-224
119000118,33,0,33
119000123,2092,4545,-2453
119000124,2213,307,1906
119000125,8625,711,7914
119000126,3470,653,2817
119000127,1377,477,900
119000128,25,4,21
119000131,1949,257,1692
119000132,2,0,2
119000133,4,11,-7
119000134,1879,1030,849
119000135,283,213,70
119000136,660,169,491
119000137,349,136,213
119000138,1404,90,1314
119000139,148,110,38
119000140,315,388,-73
119000284,1432,1989,-557
119000285,1996,1186,810
119000286,3719,3187,532
119000287,1579,1486,93
119000288,2931,1086,1845
119000289,1508,3117,-1609
119000290,259,350,-91
119000291,133,472,-339
119000293,206,276,-70
119000294,71,65,6
119000295,3056,336,2720
119000296,413,211,202
119000297,1,0,1
119000302,3415,1427,1988
119000303,10,670,-660
119000310,0,0,0
119000314,1828,17666,-15838
119000315,2,218,-216
119000316,504,81,423
119000317,153,94,59
119000319,1461,119,1342
119900001,176,3533,-3357
119900002,380,487,-107
119900003,6,335,-329
119900004,149,3401,-3252
119900005,427,128,299
119900006,70,651,-581
119900007,654,301,353
119900008,25,70,-45
119900009,632,330,302
119900010,854,537,317
119900011,15,457,-442
119900012,29,162,-133
119900013,2016,1601,415
119900014,489,152,337
119900015,472,71,401
119900016,57,97,-40
119900017,84,68,16
119900018,1035,2031,-996
119900019,117,6,111
119900020,113,219,-106
119900021,257,39,218
119900022,107,758,-651
119900023,670,4982,-4312
119900025,545,26,519
119900026,869,105,764
119900027,4,19,-15
119900028,476,393,83
119900029,1,4,-3
119900030,662,578,84
119900031,53,1404,-1351
119900033,987,259,728
119900034,1150,13,1137
119900037,377,39,338
119900038,20,660,-640
119900039,99,24,75
119900040,233,88,145
119900041,394,10,384
119900042,54,801,-747
119900043,257,128,129
119900044,235,960,-725
119900046,360,13,347
119900047,510,257,253
119900049,394,3,391
119900050,132,214,-82
119900051,2100,43,2057
119900052,272,15,257
119900053,438,250,188
119900054,717,28,689
119900055,1504,510,994
119900057,624,14,610
119900058,553,4,549
119900059,68,47,21
119900060,405,63,342
119900061,633,2,631
119900062,212,6,206
119900063,18,117,-99
119900065,283,2,281
119900067,154,32,122
119900068,1148,6,1142
119900069,160,17,143
119900070,902,1,901
119900071,881,19,862
119900073,2057,255,1802
119900074,20,61,-41
119900075,1927,1549,378
119900076,1777,224,1553
119900077,1433,359,1074
119900078,1041,746,295
119900079,1355,92,1263
119900080,944,656,288
119900081,2097,412,1685
119900082,2830,277,2553
119900083,825,35,790
119900084,463,715,-252
119900085,71,15,56
119900086,713,486,227
119900087,245,956,-711
119900088,24,21,3
119900089,53,145,-92
119900090,95,10,85
119900091,47,256,-209
119900092,67,1209,-1142
119900093,2599,188,2411
119900094,36,553,-517
119900095,95,51,44
119900096,48,76,-28
119900097,121,258,-137
119900098,45,16,29
119900099,29,108,-79
119900100,708,2947,-2239
119900101,261,1174,-913
119900102,60,112,-52
119900103,36,82,-46
119900104,49,50,-1
119900105,851,2210,-1359
119900106,12,68,-56
119900107,315,1195,-880
119900108,3242,540,2702
119900109,18,75,-57
119900110,819,434,385
119900111,216,66,150
119900112,834,1553,-719
119900113,60,204,-144
119900114,402,566,-164
119900115,692,231,461
119900116,130,644,-514
119900117,653,318,335
119900118,182,155,27
119900119,663,149,514
119900120,502,278,224
119900121,1077,486,591
119900122,46,97,-51
119900123,171,366,-195
119900124,594,258,336
119900125,32,216,-184
119900126,2317,177,2140
119900127,653,338,315
119900128,674,1032,-358
119900129,567,162,405
119900130,3,137,-134
119900131,58,71,-13
119900132,1,35,-34
119900133,133,67,66
119900134,624,113,511
119900135,0,183,-183
119900136,54,177,-123
119900138,135,336,-201
119900139,9,332,-323
119900140,4,26,-22
119900141,32,1313,-1281
119900142,16,30,-14
119900143,29,182,-153
119900144,1118,181,937
119900145,103,182,-79
119900146,305,170,135
119900147,1,202,-201
119900148,389,19,370
119900149,450,10195,-9745
119900150,120,118,2
119900151,2191,959,1232
119900152,274,109,165
119900153,195,42,153
119900154,39,426,-387
119900155,56,13,43
119900156,17,9,8
119900157,360,127,233
119900158,261,73,188
119900159,0,361,-361
119900160,15,200,-185
119900161,250,91,159
119900162,1598,634,964
119900163,45,129,-84
119900164,0,2,-2
119900165,313,59,254
119900166,92,65,27
119900167,2,87,-85
119900168,2596,254,2342
119900169,30,407,-377
119900170,156,295,-139
119900171,1099,588,511
119900172,23,25,-2
119900173,23,151,-128
119900174,4,176,-172
119900175,3479,465,3014
119900177,41,108,-67
119900178,1,108,-107
119900179,359,1434,-1075
119900180,2180,806,1374
119900181,5,91,-86
119900182,3,98,-95
119900183,111,635,-524
119900184,626,275,351
119900185,92,593,-501
119900186,26,2462,-2436
119900187,1,207,-206
119900188,293,360,-67
119900189,116,521,-405
119900190,158,470,-312
119900191,193,522,-329
119900192,58,180,-122
119900193,816,211,605
119900194,19,49,-30
119900195,12,238,-226
119900196,244,106,138
119900197,512,264,248
119900198,173,342,-169
119900199,241,20,221
119900200,1219,636,583
119900201,281,186,95
119900202,55,364,-309
119900203,185,1072,-887
119900204,371,316,55
119900205,1785,311,1474
119900206,456,309,147
119900208,188,190,-2
119900209,757,3361,-2604
119900210,81,21,60
119900211,47,4,43
119900212,707,302,405
119900213,3,58,-55
119900214,183,38,145
119900215,84,21,63
119900216,33,15,18
119900217,8,12,-4
119900218,1,102,-101
119900219,29,32,-3
119900220,7,33,-26
119900221,56,39,17
119900222,27,30,-3
119900223,20,14,6
119900224,33,7,26
119900225,208,13,195
119900226,179,2820,-2641
119900227,210,144,66
119900228,25,359,-334
119900229,99,179,-80
119900230,1132,222,910
119900231,371,82,289
119900232,175,97,78
119900233,97,5,92
119900234,6,186,-180
119900235,5,68,-63
119900236,34,234,-200
119900237,120,257,-137
119900238,5,232,-227
119900240,78,195,-117
119900241,233,113,120
119900242,1949,1526,423
119900244,785,1039,-254
119900245,394,309,85
119900246,166,554,-388
119900247,7,58,-51
119900248,34,705,-671
119900249,470,164,306
119900253,1800,274,1526
119900254,78,2095,-2017
119900255,170,625,-455
119900256,1008,234,774
119900257,162,1,161
119900258,218,6,212
119900259,39,93,-54
119900260,262,17,245
119900261,899,380,519
119900262,0,178,-178
119900263,2311,225,2086
119900264,337,66,271
119900265,676,441,235
119900266,890,180,710
119900267,187,329,-142
119900268,432,71,361
119900269,1997,595,1402
119900271,109,100,9
119900272,111,240,-129
119900275,234,12,222
119900276,240,3,237
119900277,25,6,19
119900278,656,90,566
119900279,171,436,-265
119900280,749,58,691
119900281,0,382,-382
119900282,38,116,-78
119900283,52,62,-10
119900284,28,106,-78
119900285,14,79,-65
119900286,0,9,-9
119900288,10,13,-3
119900289,0,25,-25
119900290,2,4,-2
119900291,0,43,-43
119900292,41,131,-90
119900293,21,23,-2
119900294,33,26,7
119900295,38,7,31
119900296,117,36,81
119900297,0,3,-3
119900298,3,1,2
119900299,166,589,-423
119900300,543,446,97
119900301,57,392,-335
119900302,38,362,-324
119900303,396,376,20
119900304,226,48,178
119900305,14,157,-143
119900306,23,3,20
119900307,68,150,-82
119900308,1,28,-27
119900309,39,429,-390
119900310,308,198,110
119900311,296,42,254
119900312,328,54,274
119900313,319,272,47
119900314,306,543,-237
119900315,3223,1092,2131
119900318,40,127,-87
119900319,41,57,-16
119900320,479,267,212
119900321,397,36,361
120000001,10831,49087,-38256
120000002,3422,3523,-101
120000003,2779,1294,1485
120000004,3887,1429,2458
120000005,2967,1638,1329
120000006,2267,1314,953
120000007,3754,7146,-3392
120000008,1710,1351,359
120000009,1902,935,967
120000010,3479,3660,-181
120000011,1818,1771,47
120000012,2414,1927,487
120000013,5956,4182,1774
120000014,1642,2325,-683
120000015,4764,2790,1974
120000016,6031,3311,2720
120000017,6472,6703,-231
120000018,4429,27933,-23504
120000019,2019,2179,-160
120000020,2919,4401,-1482
120000021,2331,2621,-290
120000022,2867,4248,-1381
120000023,1939,2247,-308
120000024,1293,2779,-1486
120000025,3592,2131,1461
120000026,5505,2745,2760
120000027,3462,2350,1112
120000028,1141,3539,-2398
120000029,1722,2223,-501
120000030,196,1690,-1494
120000031,2216,8303,-6087
120000032,5161,3147,2014
120000033,5345,1636,3709
120000034,5650,1351,4299
120000035,5335,2096,3239
120000036,5159,7169,-2010
120000037,801,2757,-1956
120000038,5253,4837,416
120000039,956,2233,-1277
120000040,102,2434,-2332
120000041,481,2014,-1533
120000042,2657,2232,425
120000043,6377,995,5382
120000044,8531,1372,7159
120000045,12033,1161,10872
120000046,6250,5465,785
120000047,694,15920,-15226
120000048,13102,5217,7885
120000049,6596,6342,254
120000050,4731,8562,-3831
120000051,3010,5938,-2928
120000052,7853,1371,6482
120000053,2144,1588,556
120000054,1826,2475,-649
120000055,2099,3353,-1254
120000056,5721,3841,1880
120000057,5974,2593,3381
120000058,1720,2276,-556
120000059,3,2330,-2327
120000061,257,1347,-1090
120000062,191,355,-164
120000063,671,2074,-1403
120000064,519,712,-193
120000065,474,2358,-1884
120000066,147,574,-427
120000067,15,166,-151
120000068,432,300,132
120000069,1218,313,905
120000070,397,403,-6
120000071,1328,150,1178
120000072,1975,785,1190
120000073,1745,75,1670
120000074,65,219,-154
120000075,1700,806,894
120000076,4251,649,3602
120000077,3848,823,3025
120000078,2902,1448,1454
120000079,788,519,269
120000080,312,420,-108
120000081,481,155,326
120000082,608,401,207
120000083,97,1563,-1466
120000084,464,344,120
120000085,334,500,-166
120000086,317,329,-12
120000087,457,311,146
120000088,1469,887,582
120000089,1343,471,872
120000090,1597,764,833
120000091,2164,825,1339
120000092,1277,365,912
120000093,1264,665,599
120000094,596,1686,-1090
120000095,1299,219,1080
120000096,800,362,438
120000098,1300,832,468
120000099,610,670,-60
120000100,913,621,292
120000101,944,395,549
120000102,1644,1716,-72
120000103,2538,1425,1113
120000104,3586,637,2949
120000105,5087,451,4636
120000106,5927,472,5455
120000107,10225,643,9582
120000108,3630,180,3450
120000109,2087,110,1977
120000110,48,852,-804
120000111,133,918,-785
120000112,643,1442,-799
120000113,874,1149,-275
120000114,559,1187,-628
120000115,518,1114,-596
120000116,638,1586,-948
120000117,704,1056,-352
120000118,76,98,-22
120000119,67,57,10
120000120,204,328,-124
120000121,18,64,-46
120000122,591,1568,-977
120000123,2610,16274,-13664
120000124,734,806,-72
120000125,1861,611,1250
120000126,678,4072,-3394
120000127,1072,2233,-1161
120000128,2987,7174,-4187
120000129,423,279,144
120000130,1734,634,1100
120000131,858,694,164
120000134,646,472,174
120000135,1683,836,847
120000137,541,327,214
120000138,3313,216,3097
120000139,564,411,153
120000140,2703,179,2524
120000141,527,1411,-884
120000142,1563,1977,-414
120000143,5,44,-39
120000144,236,42,194
120000145,1653,6,1647
120000146,1378,2829,-1451
120000149,752,774,-22
120000150,2291,16897,-14606
120000151,1003,708,295
120000152,1644,182,1462
120000153,710,690,20
120000154,1192,1039,153
120000155,526,765,-239
120000156,999,4255,-3256
120000157,1847,845,1002
120000158,1612,694,918
120000159,2958,1830,1128
120000160,2680,2121,559
120000161,5657,3044,2613
120000162,272,581,-309
120000163,1486,680,806
120000164,955,168,787
120000165,1460,491,969
120000166,2671,454,2217
120000167,257,276,-19
120000168,6,706,-700
120000169,29,1922,-1893
120000170,20,1873,-1853
120000171,15,866,-851
120000172,6,672,-666
120000173,159,1200,-1041
120000174,26,92,-66
120000175,41,89,-48
120000176,25,96,-71
120000177,582,177,405
120000178,3,16,-13
120000179,7,58,-51
120000180,24,50,-26
120000181,61,1776,-1715
120000182,18,1219,-1201
120000183,4,466,-462
120000184,141,1409,-1268
120000186,16,1598,-1582
120000187,12,874,-862
120000188,30,736,-706
120000190,30,78,-48
120000191,60,95,-35
120000192,51,23,28
120000193,34,3,31
120000195,9,1,8
120000196,14,5,9
120000197,2,6,-4
120000198,482,35,447
120000199,817,0,817
120000200,646,1,645
120000201,82,139,-57
120000202,0,51,-51
120000203,485,90,395
120000207,0,63,-63
120000208,18,46,-28
120000209,24,18,6
120000210,44,10,34
120000211,595,6,589
120000212,690,0,690
120000213,358,175,183
120000214,2,74,-72
120000215,10,53,-43
120000216,558,39,519
120000217,237,865,-628
120000218,21,446,-425
120000219,1,215,-214
120000220,0,644,-644
120000225,4298,3,4295
120000226,799,14,785
120000227,1514,166,1348
120000228,13609,6629,6980
120000230,934,24,910
120000231,2743,831,1912
120000233,1089,36,1053
120000235,507,516,-9
120000236,2318,1,2317
120000237,4,929,-925
120000238,0,483,-483
120000241,1750,7065,-5315
120000412,337,3,334
120000413,1397,289,1108
120000414,571,17,554
120000415,2,60,-58
120000416,319,20,299
120000417,53,567,-514
120000418,650,21,629
120000419,18,101,-83
120000420,131,14,117
120000421,9145,4797,4348
120000422,117,5324,-5207
120000423,3,191,-188
120000424,707,91,616
120000436,180,2244,-2064
120000437,58,126,-68
120000438,2100,338,1762
120000439,482,1188,-706
120000443,295,0,295
120000444,3021,580,2441
120000445,3580,2582,998
120000446,3327,249,3078
120000447,920,0,920
120000449,515,10,505
120000450,33,128,-95
120000451,398,294,104
120000452,206,0,206
120000453,0,33,-33
120000454,24,62,-38
120000455,259,72,187
120000456,2034,9001,-6967
120000457,475,344,131
120000458,501,775,-274
120000459,280,150,130
120000665,123,515,-392
120000668,160,3082,-2922
120000669,485,196,289
120000670,94,1101,-1007
120000671,5209,1429,3780
120000672,112,512,-400
120900001,118,71,47
120900002,97,707,-610
120900003,280,24,256
120900004,19,299,-280
120900005,51,420,-369
120900006,1390,273,1117
120900007,429,116,313
120900008,826,411,415
120900009,419,20,399
120900010,1282,279,1003
120900011,76,614,-538
120900012,28,1601,-1573
120900013,623,266,357
120900014,0,359,-359
120900015,1410,349,1061
120900016,3229,120,3109
120900017,2460,81,2379
120900018,375,191,184
120900019,643,681,-38
120900020,426,1071,-645
120900021,694,234,460
120900022,8,295,-287
120900023,597,143,454
120900024,1655,552,1103
120900025,1394,1068,326
120900026,286,152,134
120900027,640,33,607
120900028,960,263,697
120900029,29,1601,-1572
120900030,4124,766,3358
120900031,500,110,390
120900032,2413,122,2291
120900033,2184,239,1945
120900034,29,6306,-6277
120900035,173,57,116
120900037,727,38,689
120900038,281,650,-369
120900039,278,61,217
120900040,543,8,535
120900041,38,15,23
120900042,932,36,896
120900043,158,105,53
120900044,11,828,-817
120900045,424,58,366
120900046,1394,15,1379
120900047,319,216,103
120900048,414,22,392
120900049,1036,3,1033
120900050,1176,4970,-3794
120900051,756,77,679
120900052,2020,25,1995
120900053,730,36,694
120900054,1461,345,1116
120900055,1415,9,1406
120900056,1445,29,1416
120900057,617,16,601
120900058,1327,4,1323
120900059,353,9,344
120900060,112,12,100
120900061,454,175,279
120900062,859,1,858
120900063,2295,32,2263
120900064,1690,9,1681
120900065,1411,2,1409
120900066,1273,169,1104
120900067,335,136,199
120900068,694,1,693
120900069,1210,15,1195
120900071,29,0,29
120900072,2118,28,2090
120900073,2086,60,2026
120900074,1258,25,1233
120900076,1044,0,1044
120900077,1558,203,1355
120900078,1522,382,1140
120900079,2503,98,2405
120900080,2570,400,2170
120900081,4045,359,3686
120900082,307,694,-387
120900083,134,2,132
120900084,1001,671,330
120900085,96,111,-15
120900086,35,1139,-1104
120900087,734,324,410
120900088,288,1101,-813
120900089,1826,6672,-4846
120900090,516,32,484
120900091,302,1036,-734
120900092,190,237,-47
120900093,1383,100,1283
120900094,258,192,66
120900095,506,23,483
120900096,129,109,20
120900097,982,565,417
120900098,101,136,-35
120900099,52,81,-29
120900100,76,183,-107
120900101,50,170,-120
120900102,104,75,29
120900103,133,253,-120
120900104,32,49,-17
120900105,50,842,-792
120900106,340,223,117
120900107,54,157,-103
120900108,65,289,-224
120900109,97,430,-333
120900110,51,158,-107
120900111,254,167,87
120900112,29,226,-197
120900113,74,423,-349
120900114,31,142,-111
120900115,131,359,-228
120900116,1461,123,1338
120900117,17,93,-76
120900118,70,175,-105
120900119,10100,2904,7196
120900120,128,685,-557
120900121,57,276,-219
120900122,1628,176,1452
120900123,15,87,-72
120900124,7,142,-135
120900125,1,382,-381
120900126,265,543,-278
120900127,24,125,-101
120900128,486,636,-150
120900129,21,156,-135
120900130,4,216,-212
120900131,227,224,3
120900132,2248,114,2134
120900133,69,642,-573
120900134,273,137,136
120900135,7,230,-223
120900136,54,196,-142
120900137,678,108,570
120900138,5,149,-144
120900139,1,146,-145
120900140,8,261,-253
120900141,316,376,-60
120900142,5,152,-147
120900143,0,138,-138
120900144,0,33,-33
120900145,257,2025,-1768
120900146,27,160,-133
120900147,50,41,9
120900148,206,135,71
120900149,0,116,-116
120900150,142,186,-44
120900151,139,116,23
120900152,0,6,-6
120900153,0,0,0
120900154,7,155,-148
120900155,374,275,99
120900156,725,182,543
120900157,3,7,-4
120900158,137,272,-135
120900159,14,55,-41
120900160,65,458,-393
120900161,70,322,-252
120900162,48,542,-494
120900163,104,945,-841
120900164,1,74,-73
120900165,2,206,-204
120900166,65,972,-907
120900167,199,134,65
120900169,282,241,41
120900170,233,7470,-7237
120900171,443,78,365
120900172,108,1967,-1859
120900173,20,44,-24
120900174,6,164,-158
120900175,315,139,176
120900176,27,606,-579
120900177,9,3825,-3816
120900178,9,386,-377
120900179,132,231,-99
120900180,68,328,-260
120900181,112,66,46
120900182,91,170,-79
120900183,858,172,686
120900184,274,108,166
120900185,959,2669,-1710
120900186,0,133,-133
120900187,981,687,294
120900188,679,19,660
120900189,122,6801,-6679
120900190,524,12,512
120900191,398,39,359
120900192,6516,25132,-18616
120900194,98,168,-70
120900195,125,265,-140
120900196,375,152,223
120900197,1145,180,965
120900198,195,430,-235
120900199,391,306,85
120900200,18,114,-96
120900201,206,103,103
120900202,1,162,-161
120900203,39,112,-73
120900204,100,168,-68
120900205,230,14,216
120900206,122,65,57
120900207,19,715,-696
121000001,1152,3853,-2701
121000002,3021,3194,-173
121000003,9976,2917,7059
121000004,2960,4869,-1909
121000005,3201,3935,-734
121000006,3376,3733,-357
121000007,4059,8816,-4757
121000008,4367,6651,-2284
121000009,6650,11707,-5057
121000010,7831,7589,242
121000011,8214,9211,-997
121000012,13691,5823,7868
121000013,8188,7363,825
121000014,6378,5085,1293
121000015,7235,9993,-2758
121000016,4888,5576,-688
121000017,2544,1878,666
121000018,4199,2750,1449
121000019,10182,8347,1835
121000020,11116,16788,-5672
121000021,2214,2306,-92
121000022,2905,4559,-1654
121000023,3143,1084,2059
121000024,5523,6841,-1318
121000025,762,2264,-1502
121000026,548,358,190
121000027,2178,1795,383
121000028,1110,1293,-183
121000029,1163,1132,31
121000030,1220,1051,169
121000031,596,1370,-774
121000032,203,212,-9
121000034,574,2164,-1590
121000035,412,867,-455
121000036,1497,1941,-444
121000037,885,2271,-1386
121000038,433,1552,-1119
121000039,271,577,-306
121000041,575,793,-218
121000042,160,612,-452
121000043,727,778,-51
121000044,2215,1731,484
121000045,574,250,324
121000046,1177,1537,-360
121000047,329,304,25
121000049,1480,912,568
121000050,405,3032,-2627
121000051,857,634,223
121000052,545,1780,-1235
121000053,849,443,406
121000054,95,1078,-983
121000055,1276,5056,-3780
121000056,1302,1802,-500
121000057,220,671,-451
121000058,211,127,84
121000059,4036,1715,2321
121000060,550,1402,-852
121000061,30,597,-567
121000062,187,2001,-1814
121000063,1252,1821,-569
121000064,946,1173,-227
121000065,257,1040,-783
121000066,1096,2138,-1042
121000067,594,1361,-767
121000068,547,639,-92
121000069,193,1856,-1663
121000070,1614,2922,-1308
121000071,2350,3238,-888
121000072,875,2919,-2044
121000073,1241,2309,-1068
121000074,71,603,-532
121000075,14,273,-259
121000076,539,752,-213
121000077,128,262,-134
121000078,202,449,-247
121000080,4409,1104,3305
121000081,5922,5142,780
121000082,163,680,-517
121000083,64,295,-231
121000084,318,340,-22
121000085,630,703,-73
121000086,1882,533,1349
121000087,118,271,-153
121000088,1000,751,249
121000089,231,684,-453
121000090,277,621,-344
121000091,1598,935,663
121000092,314,127,187
121000093,381,389,-8
121000094,398,1038,-640
121000095,191,1110,-919
121000096,8601,2496,6105
121000097,599,3082,-2483
121000098,874,661,213
121000099,1492,624,868
121000100,1277,231,1046
121000101,537,193,344
121000102,587,131,456
121000103,353,96,257
121000104,421,58,363
121000105,548,104,444
121000106,376,234,142
121000107,2171,3637,-1466
121000109,1576,965,611
121000110,189,768,-579
121000114,5464,3417,2047
121000115,5040,968,4072
121000116,565,1347,-782
121000117,284,489,-205
121000118,2390,458,1932
121000119,501,335,166
121000120,643,511,132
121000121,483,3437,-2954
121000123,988,556,432
121000127,130,263,-133
121000128,1651,161,1490
121000129,1488,203,1285
121000130,713,805,-92
121000131,1512,821,691
121000132,698,1082,-384
121000135,275,215,60
121000136,1158,2456,-1298
121000137,1639,555,1084
121000138,496,1941,-1445
121000139,160,695,-535
121000141,372,423,-51
121000142,775,954,-179
121000143,152,11,141
121000144,663,886,-223
121000145,1249,1064,185
121000146,1538,2305,-767
121000147,2335,1004,1331
121000148,1264,1317,-53
121000149,3725,3337,388
121000152,389,607,-218
121000153,1907,600,1307
121000154,2764,937,1827
121000155,5943,1836,4107
121000156,628,1618,-990
121000157,1189,1468,-279
121000158,260,440,-180
121000159,289,587,-298
121000160,356,709,-353
121000161,391,391,0
121000162,193,76,117
121000165,1359,2096,-737
121000166,101,879,-778
121000168,591,285,306
121000169,184,350,-166
121000170,382,128,254
121000171,215,421,-206
121000172,1890,2591,-701
121000173,2254,2070,184
121000174,1078,843,235
121000175,2418,1073,1345
121000176,905,517,388
121000177,1091,1305,-214
121000178,86,166,-80
121000179,74,86,-12
121000181,380,531,-151
121000182,278,731,-453
121000183,70,261,-191
121000184,34,383,-349
121000185,36,634,-598
121000186,534,1276,-742
121000187,392,121,271
121000188,578,126,452
121000192,1147,597,550
121000193,1000,505,495
121000194,2960,3182,-222
121000195,398,2413,-2015
121000196,978,778,200
121000197,142,2466,-2324
121000198,251,391,-140
121000199,179,684,-505
121000200,942,307,635
121000201,30,641,-611
121000202,727,254,473
121000203,1137,3192,-2055
121000204,4273,772,3501
121000205,113,435,-322
121000206,140,177,-37
121000207,3288,547,2741
121000208,6,465,-459
121000209,1434,103,1331
121000210,1136,603,533
121000211,929,177,752
121000212,504,1070,-566
121000213,29055,4927,24128
121000214,2288,3271,-983
121000215,915,4042,-3127
121000216,833,1013,-180
121000217,5297,5109,188
121000218,590,4074,-3484
121000219,2342,1473,869
121000220,432,184,248
121000221,342,901,-559
121000222,9566,5470,4096
121000223,259,1577,-1318
121000224,158,637,-479
121000225,845,9546,-8701
121000226,1055,3362,-2307
121000227,24,169,-145
121000228,50,1027,-977
121000229,913,951,-38
121000230,155,4809,-4654
121000231,2954,44,2910
121000232,756,440,316
121000233,1264,644,620
121000234,8,90,-82
121000235,67,91,-24
121000236,2,63,-61
121000237,13,23,-10
121000238,7,120,-113
121000239,88,7,81
121000240,5,236,-231
121000241,92,11,81
121000242,67,601,-534
121000243,201,61,140
121000244,1,57,-56
121000245,37,8,29
121000246,0,110,-110
121000247,230,2,228
121000248,392,950,-558
121000249,135,747,-612
121000250,767,869,-102
121000251,15,374,-359
121000252,138,219,-81
121000253,679,1516,-837
121000254,1420,785,635
121000255,139,818,-679
121000256,446,697,-251
121000257,40,327,-287
121000258,54,423,-369
121000259,26,334,-308
121000260,47,758,-711
121000261,41,536,-495
121000262,4490,426,4064
121000263,608,698,-90
121000271,1873,2226,-353
121000273,49,55,-6
121000274,9,342,-333
121000275,27,56,-29
121000276,10,115,-105
121000278,145,185,-40
121000279,38,183,-145
121000280,47,166,-119
121000289,809,12,797
121000290,2525,2265,260
121000294,367,77,290
121000297,438,1855,-1417
121000299,137,7756,-7619
121000300,2906,1073,1833
121000302,12,899,-887
121000303,1118,334,784
121000304,815,92,723
121000305,367,140,227
121000306,390,528,-138
121000308,89,343,-254
121000309,280,496,-216
121000310,167,477,-310
121000311,46,318,-272
121000312,1129,786,343
121000313,424,381,43
121000314,31,56,-25
121000315,14,68,-54
121000530,3244,3108,136
121000531,3706,2497,1209
121000532,6664,6659,5
121000533,4341,4716,-375
121000918,15,70,-55
121000919,28,92,-64
121000938,124,63,61
121000939,71,341,-270
121000956,1846,3734,-1888
121000957,3,50,-47
121000958,6,512,-506
121000959,2337,409,1928
121000960,2429,2338,91
121000961,542,51,491
121000962,446,476,-30
121000963,0,0,0
121000973,2,423,-421
121000976,9,57,-48
121000979,766,197,569
121000981,524,116,408
121000982,745,302,443
121000983,1033,185,848
121000984,4,116,-112
121000985,1352,752,600
121000986,871,566,305
121000987,503,1095,-592
121000988,1698,201,1497
121001302,391,263,128
121001308,0,111,-111
121001309,36,553,-517
121001311,0,0,0
121001313,370,106,264
121001314,2551,1908,643
121001315,7299,5170,2129
121001326,935,484,451
121900001,166,599,-433
121900002,76,345,-269
121900003,312,9,303
121900004,81,1538,-1457
121900005,10,23,-13
121900006,228,11,217
121900007,3813,2092,1721
121900008,26,234,-208
121900009,1668,56,1612
121900010,312,4,308
121900011,245,150,95
121900012,8,0,8
121900013,227,103,124
121900014,5437,634,4803
121900015,175,239,-64
121900016,14,97,-83
121900017,872,1485,-613
121900018,972,7,965
121900019,1006,266,740
121900020,129,2,127
121900021,1590,52,1538
121900022,210,327,-117
121900023,356,625,-269
121900024,1031,25,1006
121900025,905,751,154
121900026,529,139,390
121900027,497,307,190
121900028,520,26,494
121900029,155,1035,-880
121900030,489,759,-270
121900031,2297,9185,-6888
121900032,253,143,110
121900033,249,464,-215
121900034,210,674,-464
121900035,12930,5030,7900
121900036,244,771,-527
121900037,97,1758,-1661
121900038,46,121,-75
121900039,339,31,308
121900040,50,110,-60
121900041,26,336,-310
121900042,513,228,285
121900043,1,2,-1
121900044,116,40,76
121900046,149,265,-116
121900047,301,162,139
121900048,75,95,-20
121900050,25,79,-54
121900051,184,584,-400
121900052,331,84,247
121900053,585,610,-25
121900054,504,2871,-2367
121900055,0,17,-17
121900058,440,622,-182
121900059,365,163,202
121900060,191,1212,-1021
121900062,111,51,60
121900063,2488,907,1581
121900064,558,1088,-530
121900066,109,25,84
121900067,88,53,35
121900069,198,318,-120
121900070,95,289,-194
121900071,949,590,359
121900072,82,280,-198
121900073,176,461,-285
121900074,431,566,-135
121900075,379,1307,-928
121900076,677,2873,-2196
121900078,175,86,89
121900079,1,0,1
121900080,1211,314,897
121900082,116,266,-150
121900084,20,29,-9
121900086,27,40,-13
121900087,59,197,-138
121900088,1944,2355,-411
121900089,597,319,278
121900090,9,53,-44
121900091,108,48,60
121900092,157,94,63
121900093,135,115,20
121900094,13,17,-4
121900095,485,129,356
121900096,1059,1085,-26
121900097,1253,203,1050
121900098,7,1,6
121900099,351,25,326
121900100,54,216,-162
121900101,105,165,-60
121900102,0,112,-112
121900103,435,530,-95
121900104,3004,819,2185
121900105,275,201,74
121900106,0,9,-9
121900107,148,23,125
121900108,0,61,-61
121900109,273,168,105
121900110,1027,929,98
121900111,997,647,350
121900112,194,315,-121
121900113,139,833,-694
121900114,56,114,-58
121900117,136,909,-773
121900118,3927,894,3033
121900119,231,97,134
121900120,458,1039,-581
121900121,782,34,748
121900122,52,34,18
121900123,413,482,-69
121900124,367,285,82
121900125,5369,1957,3412
121900127,30,171,-141
121900128,131,92,39
121900129,367,97,270
121900130,159,686,-527
121900131,431,231,200
121900132,122,121,1
121900133,10,670,-660
121900134,13,687,-674
121900135,6589,486,6103
121900136,338,794,-456
121900137,61,467,-406
121900138,43,358,-315
121900139,568,5747,-5179
121900140,54,96,-42
121900141,63,118,-55
121900142,81,56,25
121900143,59,81,-22
121900144,156,1049,-893
121900145,181,245,-64
121900146,470,806,-336
121900147,68,666,-598
121900148,379,639,-260
121900149,389,447,-58
121900150,49,517,-468
121900151,49,632,-583
121900152,246,87,159
121900153,17,200,-183
121900154,16,757,-741
121900155,0,726,-726
121900156,240,301,-61
121900157,0,379,-379
121900158,212,150,62
121900159,0,160,-160
121900160,161,279,-118
121900161,210,520,-310
121900162,58,396,-338
121900163,746,191,555
121900164,267,368,-101
121900165,205,335,-130
121900166,151,244,-93
121900167,49,88,-39
121900168,186,88,98
121900169,30,502,-472
121900170,12,101,-89
121900171,1288,990,298
121900172,943,577,366
121900173,1057,592,465
121900174,79,47,32
121900175,73,1560,-1487
121900176,722,3170,-2448
121900177,237,92,145
121900178,44,109,-65
121900179,424,661,-237
121900180,2109,8055,-5946
121900182,778,1634,-856
121900183,349,2289,-1940
121900184,20,1282,-1262
121900186,11,915,-904
121900187,53,183,-130
121900188,2384,186,2198
121900189,132,168,-36
121900190,313,663,-350
121900191,48,1410,-1362
121900192,343,4392,-4049
121900193,50,615,-565
121900194,9,261,-252
121900195,16,38,-22
121900196,1930,1381,549
121900197,469,1359,-890
121900198,5888,4137,1751
121900199,5,38,-33
121900200,28,379,-351
121900201,1539,988,551
121900202,387,1899,-1512
121900203,105,1955,-1850
121900204,2632,2021,611
121900205,35,172,-137
121900206,11,202,-191
121900207,67,98,-31
121900208,117,1027,-910
121900209,79,91,-12
121900210,4038,1627,2411
121900211,1918,656,1262
121900212,31,175,-144
121900213,636,46,590
121900214,2,598,-596
121900215,63,398,-335
121900216,16,625,-609
121900217,312,316,-4
121900218,140,1041,-901
121900220,99,17,82
121900221,967,581,386
121900222,565,89,476
121900223,231,206,25
121900224,193,173,20
121900225,222,1462,-1240
121900226,307,41,266
121900227,378,4672,-4294
121900228,254,143,111
121900230,132,462,-330
121900231,68,1843,-1775
121900232,223,982,-759
121900233,1021,309,712
121900234,365,755,-390
121900235,857,144,713
121900236,420,387,33
121900237,373,1576,-1203
121900238,322,757,-435
121900239,86,66,20
121900240,205,215,-10
121900241,34,68,-34
121900242,51,0,51
121900243,4,0,4
121900244,11,2,9
121900245,694,51,643
121900246,11071,625,10446
121900248,2763,966,1797
121900250,94,409,-315
121900251,1081,26,1055
121900252,435,229,206
121900253,131,1720,-1589
121900254,253,530,-277
121900255,1026,232,794
121900258,6779,1979,4800
121900259,123,710,-587
121900260,133,162,-29
121900261,106,1181,-1075
121900262,1062,2170,-1108
121900263,361,259,102
121900264,1344,900,444
121900265,606,242,364
121900266,979,221,758
121900267,319,36,283
121900269,626,1339,-713
121900270,86,386,-300
121900271,162,292,-130
121900273,588,2954,-2366
121900274,739,305,434
121900277,220,1923,-1703
121900278,161,3707,-3546
121900279,295,318,-23
121900280,85,405,-320
121900281,123,783,-660
121900284,60,5,55
121900286,298,220,78
121900287,25,88,-63
121900288,7,1,6
121900290,273,2381,-2108
121900291,443,2331,-1888
121900292,196,214,-18
121900293,1096,10627,-9531
121900294,739,11,728
121900295,328,128,200
121900296,108,426,-318
121900298,176,1801,-1625
121900299,0,37,-37
121900300,58,11,47
121900301,37,0,37
121900302,15,158,-143
121900303,135,1451,-1316
121900304,44,27,17
121900305,50,36,14
121900306,481,2,479
121900307,177,15,162
121900308,25,322,-297
121900309,23,281,-258
121900310,14,187,-173
121900311,1058,66,992
121900312,669,100,569
121900313,748,43,705
121900314,7,11,-4
121900315,109,1,108
121900316,0,11,-11
121900317,21,11,10
121900318,1,2,-1
121900319,72,355,-283
121900320,103,38,65
121900321,40,1,39
121900322,15,19,-4
121900323,46,26,20
121900324,2,97,-95
121900325,47,2,45
121900326,5,0,5
121900327,4,45,-41
121900328,5,96,-91
121900329,0,44,-44
121900330,2,233,-231
121900331,43,20,23
121900332,79,35,44
121900333,110,5,105
121900334,123,65,58
122000001,1655,4824,-3169
122000002,2716,1049,1667
122000003,935,2677,-1742
122000004,1337,1432,-95
122000005,8294,2319,5975
122000006,558,1390,-832
122000007,565,1790,-1225
122000008,991,3484,-2493
122000009,586,617,-31
122000010,2806,3181,-375
122000011,7305,2469,4836
122000012,891,4824,-3933
122000013,643,2544,-1901
122000014,8042,2628,5414
122000015,1234,1129,105
122000016,457,717,-260
122000017,1934,1785,149
122000018,4279,3184,1095
122000019,988,3593,-2605
122000020,190,821,-631
122000021,157,398,-241
122000022,1743,2408,-665
122000023,1505,3631,-2126
122000024,408,4484,-4076
122000025,525,4324,-3799
122000026,287,1271,-984
122000027,1011,1061,-50
122000028,3386,1151,2235
122000029,247,2500,-2253
122000030,183,492,-309
122000031,330,882,-552
122000032,6924,4204,2720
122000033,457,4876,-4419
122000034,260,1475,-1215
122000035,192,526,-334
122000036,566,1306,-740
122000037,1589,298,1291
122000038,218,770,-552
122000039,765,1341,-576
122000040,198,577,-379
122000041,2479,1465,1014
122000042,471,1373,-902
122000043,123,337,-214
122000044,65,193,-128
122000045,3267,1277,1990
122000046,1161,2322,-1161
122000047,70,353,-283
122000048,1960,5202,-3242
122000049,9419,5740,3679
122000050,611,978,-367
122000051,273,788,-515
122000052,890,629,261
122000053,336,1525,-1189
122000054,2119,3396,-1277
122000055,1846,3770,-1924
122000056,3791,2446,1345
122000057,5871,3501,2370
122000058,593,2052,-1459
122000059,720,3857,-3137
122000060,247,1198,-951
122000061,162,883,-721
122000062,703,394,309
122000063,254,1543,-1289
122000064,2862,9239,-6377
122000065,2611,6634,-4023
122000066,320,2387,-2067
122000067,1599,2979,-1380
122000068,7029,1973,5056
122000069,2160,3294,-1134
122000070,2514,2415,99
122000071,5961,1666,4295
122000072,2130,1015,1115
122000073,233,2196,-1963
122000074,2982,2755,227
122000075,1618,1370,248
122000076,10969,2728,8241
122000077,591,3095,-2504
122000078,500,3581,-3081
122000079,265,4110,-3845
122000080,590,754,-164
122000081,100,238,-138
122000082,294,1700,-1406
122000083,13927,1192,12735
122000084,7375,2491,4884
122000085,337,1941,-1604
122000086,5260,11679,-6419
122000087,344,251,93
122000088,56,283,-227
122000089,11090,4081,7009
122000090,1099,2899,-1800
122000091,126,1973,-1847
122000092,47,235,-188
122000093,1857,8291,-6434
122000094,10968,4145,6823
122000095,895,7985,-7090
122000096,472,4552,-4080
122000098,5899,4928,971
122000099,586,3452,-2866
122000100,854,1075,-221
122000101,360,1135,-775
122000102,7166,1966,5200
122000103,1424,4360,-2936
122000104,3001,210,2791
122000105,261,763,-502
122000106,669,2744,-2075
122000107,1688,553,1135
122000108,855,1179,-324
122000109,649,260,389
122000110,1090,771,319
122000111,4367,1897,2470
122000112,3003,2409,594
122000113,767,1291,-524
122000114,1637,5376,-3739
122000115,2763,1637,1126
122000116,329,644,-315
122000117,2243,594,1649
122000118,956,615,341
122000119,3162,1671,1491
122000120,683,3168,-2485
122000121,845,1942,-1097
122000122,331,717,-386
122000123,1140,1752,-612
122000124,714,566,148
122000125,510,750,-240
122000126,353,538,-185
122000127,337,697,-360
122000128,330,345,-15
122000129,666,3156,-2490
122000130,4143,1003,3140
122000131,1644,1055,589
122000132,323,480,-157
122000133,1018,854,164
122000134,1665,905,760
122000135,626,282,344
122000136,975,621,354
122000137,3303,1270,2033
122000139,1181,4901,-3720
122000140,210,2617,-2407
122000141,9200,4925,4275
122000142,133,6412,-6279
122000143,299,398,-99
122000144,2173,2126,47
122000145,1039,2630,-1591
122000146,477,5542,-5065
122000147,555,1686,-1131
122000148,387,2147,-1760
122000149,2472,1154,1318
122000150,2013,1504,509
122000151,266,530,-264
122000152,454,572,-118
122000153,554,667,-113
122000154,427,255,172
122000155,1624,4490,-2866
122000156,13628,6205,7423
122000157,656,13868,-13212
122000158,408,1933,-1525
122000159,887,1573,-686
122000160,2506,1936,570
122000161,1293,1254,39
122000162,1020,1178,-158
122000163,556,147,409
122000164,52,239,-187
122000165,1649,2148,-499
122000166,820,3610,-2790
122000167,427,896,-469
122000168,299,2265,-1966
122000169,609,516,93
122000170,481,495,-14
122000171,33,81,-48
122000172,3595,1951,1644
122000173,2406,4231,-1825
122000174,1260,2985,-1725
122000175,837,657,180
122000176,455,2373,-1918
122000177,854,2033,-1179
122000178,7975,5085,2890
122000179,4298,4452,-154
122000180,809,1165,-356
122000181,768,1735,-967
122000182,1740,1196,544
122000183,4280,1448,2832
122000184,3792,4003,-211
122000185,1135,4180,-3045
122000186,1170,3859,-2689
122000187,2167,3220,-1053
122000188,622,572,50
122000189,303,441,-138
122000190,660,2462,-1802
122000191,985,981,4
122000192,1475,745,730
122000193,630,1544,-914
122000194,546,585,-39
122000195,169,2145,-1976
122000196,1204,476,728
122000197,557,1083,-526
122000198,588,4080,-3492
122000199,453,595,-142
122000200,1230,1044,186
122000201,1792,4349,-2557
122000202,877,3488,-2611
122000203,2397,1971,426
122000204,1404,1524,-120
122000205,841,658,183
122000206,11449,2080,9369
122000207,1964,3900,-1936
122000208,2461,5375,-2914
122000209,3051,1158,1893
122000210,2435,5392,-2957
122000211,1343,3594,-2251
122000212,884,670,214
122000213,1340,2872,-1532
122000214,2479,2670,-191
122000215,3836,2386,1450
122000217,1947,4319,-2372
122000218,1234,166,1068
122000219,2642,1521,1121
122000220,343,1099,-756
122000221,367,572,-205
122000222,649,179,470
122000223,740,1029,-289
122000225,724,609,115
122000226,1390,1489,-99
122000227,247,1770,-1523
122000228,333,335,-2
122000229,30,450,-420
122000230,62,1264,-1202
122000231,335,901,-566
122000232,559,829,-270
122000233,0,71,-71
122000234,688,104,584
122000235,1298,133,1165
122000236,1801,69,1732
122000237,117,330,-213
122000238,400,1113,-713
122000239,1001,1091,-90
122000240,1587,918,669
122000241,4198,730,3468
122000242,814,224,590
122000243,924,59,865
122000244,148,580,-432
122000245,237,111,126
122000246,624,289,335
122000247,791,586,205
122000248,2018,886,1132
122000249,2357,1556,801
122000250,3074,1632,1442
122000251,102,267,-165
122000252,189,124,65
122000253,74,154,-80
122000254,573,183,390
122000255,586,792,-206
122000256,306,749,-443
122000257,449,163,286
122000258,367,649,-282
122000259,95,660,-565
122000260,467,993,-526
122000261,18,456,-438
122000262,0,44,-44
122000263,324,369,-45
122000264,2428,646,1782
122000265,4416,1733,2683
122000266,5557,1100,4457
122000267,162,250,-88
122000268,270,614,-344
122000269,1197,579,618
122000270,910,587,323
122000271,347,5895,-5548
122000272,542,1735,-1193
122000273,813,833,-20
122000274,414,626,-212
122000275,211,564,-353
122000276,1833,683,1150
122000277,1427,2531,-1104
122000278,2727,296,2431
122000279,238,347,-109
122000280,756,780,-24
122000281,589,579,10
122000282,124,416,-292
122000283,317,283,34
122000284,97,155,-58
122000285,504,114,390
122000286,121,128,-7
122000287,2234,1379,855
122000288,615,278,337
122000291,4381,1214,3167
122000293,399,167,232
122000294,184,548,-364
122000295,1540,487,1053
122000296,57,2035,-1978
122000297,2411,5295,-2884
122000299,803,393,410
122000300,637,508,129
122000301,13064,4730,8334
122000302,581,5728,-5147
122000303,2746,1207,1539
122000304,18,358,-340
122000305,2679,1128,1551
122000306,172,354,-182
122000307,168,174,-6
122000309,114,94,20
122000310,31,86,-55
122000311,34,199,-165
122000312,210,312,-102
122000313,34,156,-122
122000314,315,647,-332
122000315,426,60,366
122000316,2060,441,1619
122000317,4961,466,4495
122000318,391,1601,-1210
122000319,201,426,-225
122000320,511,1520,-1009
122000321,90,306,-216
122000322,2119,3136,-1017
122000323,594,3322,-2728
122000324,2631,3825,-1194
122000325,927,5426,-4499
122000326,212,145,67
122000327,378,1854,-1476
122000328,623,1551,-928
122000330,3788,4098,-310
122000333,22,85,-63
122000337,1408,413,995
122000338,610,254,356
122000340,322,5948,-5626
122000342,2786,1135,1651
122000343,712,535,177
122000344,176,15,161
122000345,16,31,-15
122000346,184,174,10
122000348,570,899,-329
122000349,40,737,-697
122000351,381,378,3
122000352,170,277,-107
122000353,234,86,148
122000355,158,568,-410
122000356,296,3835,-3539
122000357,80,27,53
122000358,18,22,-4
122000359,0,45,-45
122000360,1,28,-27
122000362,3,32,-29
122000364,423,248,175
122000365,1,46,-45
122000366,36,16,20
122000368,536,952,-416
122000370,19,18,1
122000371,48,0,48
122000372,9,0,9
122000381,352,655,-303
122000382,63,450,-387
122000384,1444,1530,-86
122000385,79,1,78
122000386,260,3098,-2838
122000387,479,2825,-2346
122000388,1742,2747,-1005
122000389,380,2745,-2365
122000390,424,1250,-826
122000391,114,1870,-1756
122000392,212,321,-109
122000393,323,336,-13
122000394,1274,302,972
122000395,271,228,43
122000396,547,102,445
122000397,46,141,-95
122000398,9,251,-242
122000399,135,100,35
122000400,24,2219,-2195
122000401,261,85,176
122000402,619,353,266
122000403,711,837,-126
122000404,375,293,82
122000408,640,870,-230
122000503,7,102,-95
122000524,101,780,-679
122000544,77,4590,-4513
122000614,392,419,-27
122000616,237,1,236
122000640,165,96,69
122000641,357,275,82
122000642,1958,734,1224
122000643,53,379,-326
122000644,276,104,172
122000645,54,271,-217
122000651,493,4531,-4038
122000664,283,188,95
122000665,2369,909,1460
122000666,510,1048,-538
122000673,75,222,-147
122000674,873,499,374
122000675,3584,769,2815
122000686,1007,4255,-3248
122000687,2858,398,2460
122000688,358,920,-562
122000689,1906,479,1427
122000690,5205,1527,3678
122000691,1290,1942,-652
122000692,1845,356,1489
122000693,372,1079,-707
122000695,565,243,322
122000696,1058,278,780
122000698,633,389,244
122000699,751,112,639
122000701,4551,256,4295
122000702,686,1709,-1023
122000703,336,178,158
122000712,0,0,0
122000717,133,118,15
122000718,937,7056,-6119
122000719,26,199,-173
122000720,1428,167,1261
122000724,304,239,65
122900001,26,55,-29
122900002,783,10427,-9644
122900003,956,51,905
122900004,1797,164,1633
122900005,35,81,-46
122900006,337,837,-500
122900007,50,1102,-1052
122900008,237,110,127
122900009,1433,446,987
122900010,350,157,193
122900012,210,460,-250
122900014,79,117,-38
122900015,1565,996,569
122900016,274,210,64
122900017,389,3051,-2662
122900018,258,9,249
122900020,348,400,-52
122900021,124,637,-513
122900022,1818,1239,579
122900023,574,121,453
122900024,84,120,-36
122900025,7,388,-381
122900026,30,154,-124
122900027,72,1039,-967
122900028,69,78,-9
122900029,12729,2876,9853
122900030,5521,692,4829
122900031,30,611,-581
122900032,1587,653,934
122900033,184,250,-66
122900034,7427,6088,1339
122900035,29,6,23
122900036,40,47,-7
122900037,655,357,298
122900038,89,3837,-3748
122900039,111,569,-458
122900040,403,2076,-1673
122900041,167,516,-349
122900042,289,386,-97
122900043,422,475,-53
122900044,153,576,-423
122900045,206,601,-395
122900046,115,519,-404
122900047,93,293,-200
122900048,19,419,-400
122900049,7675,222,7453
122900051,67,2141,-2074
122900052,182,68,114
122900053,34,28,6
122900055,600,82,518
122900057,397,47,350
122900061,709,36,673
122900062,664,897,-233
122900063,263,127,136
122900064,1059,525,534
122900065,834,253,581
122900066,837,352,485
122900067,709,523,186
122900069,520,2428,-1908
122900070,649,70,579
122900071,97,364,-267
122900073,29,145,-116
122900074,1116,180,936
122900075,4,314,-310
122900076,8,557,-549
122900077,34,59,-25
122900078,341,14,327
122900080,20,59,-39
122900081,198,393,-195
122900082,1824,111,1713
122900083,430,62,368
122900084,18,176,-158
122900086,22,153,-131
122900087,530,596,-66
122900088,50,1001,-951
122900089,325,725,-400
122900090,25,316,-291
122900091,660,1,659
122900092,265,225,40
122900093,1,81,-80
122900094,1,148,-147
122900095,248,19,229
122900096,309,116,193
122900097,45,35,10
122900098,23,146,-123
122900099,191,28,163
122900100,106,809,-703
122900101,759,392,367
122900102,124,58,66
122900103,531,4,527
122900104,558,6,552
122900105,76,21,55
122900106,0,51,-51
122900107,1,99,-98
122900108,0,217,-217
122900109,655,138,517
123000001,834,1613,-779
123000002,3140,8604,-5464
123000003,6569,5150,1419
123000004,4699,4537,162
123000005,4595,3277,1318
123000006,4074,2269,1805
123000007,6179,3758,2421
123000008,4205,4036,169
123000009,5190,4960,230
123000010,4088,7201,-3113
123000011,2314,3476,-1162
123000012,1121,8969,-7848
123000013,7991,2449,5542
123000014,1252,5048,-3796
123000015,3548,1523,2025
123000016,4036,3788,248
123000017,6455,2721,3734
123000018,140,160,-20
123000019,1248,42,1206
123000020,741,22,719
123000021,425,434,-9
123000022,1105,3006,-1901
123000023,3321,4666,-1345
123000024,2855,1931,924
123000025,641,460,181
123000026,35,243,-208
123000027,36,1091,-1055
123000028,409,2807,-2398
123000029,398,1598,-1200
123000030,366,306,60
123000031,538,195,343
123000032,978,220,758
123000033,805,341,464
123000034,1791,1205,586
123000035,886,800,86
123000036,331,2066,-1735
123000037,326,217,109
123000038,111,517,-406
123000039,956,2103,-1147
123000040,563,257,306
123000041,641,2917,-2276
123000042,578,1650,-1072
123000043,1111,14863,-13752
123000044,3434,2925,509
123000045,4304,2122,2182
123000046,210,1576,-1366
123000047,253,1231,-978
123000048,172,1938,-1766
123000049,3934,9352,-5418
123000050,3468,2243,1225
123000051,137,417,-280
123000052,1114,3884,-2770
123000053,3416,3217,199
123000054,3880,2773,1107
123000055,3053,8438,-5385
123000056,1744,676,1068
123000057,3165,1328,1837
123000058,604,304,300
123000059,114,134,-20
123000060,1243,428,815
123000061,357,587,-230
123000063,2101,1545,556
123000064,2398,1908,490
123000065,3973,2185,1788
123000066,616,560,56
123000067,1759,1007,752
123000068,2313,2503,-190
123000069,3561,1498,2063
123000070,117,127,-10
123000071,4025,2454,1571
123000072,2053,1146,907
123000073,4048,1109,2939
123000074,1814,1128,686
123000075,869,3176,-2307
123000076,1360,616,744
123000077,4511,2781,1730
123000078,4829,2094,2735
123000079,5044,2411,2633
123000080,5150,1328,3822
123000081,859,788,71
123000082,1181,1865,-684
123000083,1244,820,424
123000084,2598,1275,1323
123000085,1595,3203,-1608
123000086,2218,1235,983
123000087,1068,364,704
123000088,3228,680,2548
123000089,2237,1434,803
123000090,2653,1171,1482
123000091,3197,2072,1125
123000092,1597,2038,-441
123000094,1584,828,756
123000095,1699,1089,610
123000096,2165,572,1593
123000097,1516,409,1107
123000098,1847,657,1190
123000099,1647,512,1135
123000100,475,1069,-594
123000101,470,587,-117
123000102,882,1487,-605
123000104,615,682,-67
123000105,502,475,27
123000106,910,533,377
123000107,428,405,23
123000108,889,1169,-280
123000111,2286,3257,-971
123000112,1456,1264,192
123000113,1019,1501,-482
123000114,650,1040,-390
123000115,418,664,-246
123000116,102,278,-176
123000117,3007,1725,1282
123000118,951,553,398
123000119,473,685,-212
123000120,1220,1525,-305
123000121,1018,1095,-77
123000122,513,556,-43
123000123,977,826,151
123000124,733,431,302
123000125,1834,1494,340
123000126,1407,6045,-4638
123000127,650,681,-31
123000128,542,433,109
123000129,1657,314,1343
123000130,1668,90,1578
123000131,2086,1375,711
123000132,611,862,-251
123000133,326,469,-143
123000134,590,241,349
123000135,3488,5689,-2201
123000136,234,579,-345
123000137,250,284,-34
123000138,359,305,54
123000139,924,188,736
123000140,65,619,-554
123000141,894,133,761
123000142,1282,1074,208
123000143,1204,2738,-1534
123000144,23,65,-42
123000145,231,423,-192
123000146,19,286,-267
123000147,57,386,-329
123000149,534,417,117
123000150,142,340,-198
123000151,226,835,-609
123000152,43,1116,-1073
123000153,186,1142,-956
123000154,1620,2733,-1113
123000155,2710,2526,184
123000156,62,98,-36
123000157,1094,1242,-148
123000158,884,1436,-552
123000159,4426,7304,-2878
123000160,2821,2301,520
123000161,2388,1655,733
123000162,2173,1893,280
123000163,1803,403,1400
123000164,2424,778,1646
123000165,296,867,-571
123000166,52,91,-39
123000167,246,424,-178
123000168,526,222,304
123000169,1947,252,1695
123000170,283,72,211
123000171,2091,9,2082
123000172,142,594,-452
123000173,1097,1102,-5
123000174,1075,635,440
123000175,551,1118,-567
123000176,1340,704,636
123000177,738,1026,-288
123000178,1718,1951,-233
123000179,21,420,-399
123000180,2660,699,1961
123000181,303,1020,-717
123000182,262,387,-125
123000183,376,920,-544
123000184,210,629,-419
123000185,1551,926,625
123000186,3,336,-333
123000187,1031,13,1018
123000188,1100,4,1096
123000189,34,167,-133
123000190,2,87,-85
123000192,17,519,-502
123000193,22,701,-679
123000194,378,241,137
123000195,1990,59,1931
123000196,509,94,415
123000197,178,41,137
123000198,10,253,-243
123000199,2,294,-292
123000200,1123,9,1114
123000201,1114,11,1103
123000202,2,262,-260
123000203,2091,35,2056
123000204,38,308,-270
123000205,163,684,-521
123000206,5564,638,4926
123000207,76,792,-716
123000208,1636,985,651
123000209,3588,1280,2308
123000210,119,1309,-1190
123000211,443,1285,-842
123000212,8415,1358,7057
123000213,1635,200,1435
123000215,112,361,-249
123000216,208,2026,-1818
123000217,359,57,302
123000218,32,809,-777
123000219,1256,137,1119
123000220,992,209,783
123000221,242,325,-83
123000222,387,343,44
123000223,875,273,602
123000224,713,435,278
123000225,428,78,350
123000226,216,820,-604
123000227,66,297,-231
123000228,581,43,538
123000229,874,1492,-618
123000232,177,536,-359
123000233,1376,214,1162
123000234,187,713,-526
123000235,2186,351,1835
123000236,579,584,-5
123000237,771,197,574
123000238,51,435,-384
123000239,499,793,-294
123000240,128,1742,-1614
123000241,582,151,431
123000242,146,465,-319
123000243,1011,1237,-226
123000244,977,572,405
123000245,56,221,-165
123000249,1858,1031,827
123000252,1220,554,666
123000253,2297,985,1312
123000254,992,987,5
123000255,1382,1124,258
123000256,193,684,-491
123000257,2292,1386,906
123000258,1449,967,482
123000259,955,683,272
123000260,1241,363,878
123000261,420,242,178
123000262,48,273,-225
123000263,770,66,704
123000264,192,123,69
123000265,41,167,-126
123000266,609,559,50
123000267,997,439,558
123000268,93,93,0
123000269,39,128,-89
123000270,56,117,-61
123000271,65,82,-17
123000272,1011,542,469
123000273,484,1914,-1430
123000274,1749,1511,238
123000275,341,1125,-784
123000278,2258,6849,-4591
123000279,388,124,264
123000280,393,409,-16
123000281,489,250,239
123000282,200,516,-316
123000283,250,173,77
123000284,76,87,-11
123000286,191,864,-673
123000287,455,695,-240
123000288,841,1841,-1000
123000289,280,2331,-2051
123000291,202,1774,-1572
123000294,148,348,-200
123000295,823,1765,-942
123000296,945,928,17
123000297,1623,495,1128
123000298,2126,329,1797
123000299,463,392,71
123000300,3609,2089,1520
123000301,230,592,-362
123000302,271,153,118
123000303,64,677,-613
123000305,1358,1172,186
123000306,339,63,276
123000309,75,100,-25
123000310,58,100,-42
123000311,1288,239,1049
123000312,921,453,468
123000313,935,1115,-180
123000315,259,469,-210
123000316,1438,1273,165
123000317,358,148,210
123000318,63,398,-335
123000329,8,33,-25
123000337,840,646,194
123000338,87,331,-244
123000339,547,27,520
123000340,96,323,-227
123000342,5,162,-157
123000343,341,40,301
123000344,575,236,339
123000345,498,468,30
123000346,1183,94,1089
123000352,2472,1290,1182
123000353,152,153,-1
123000354,1180,36,1144
123000355,0,339,-339
123000356,746,17,729
123000357,8,111,-103
123000359,51,59,-8
123000360,427,418,9
123000361,582,305,277
123000362,552,191,361
123000363,249,255,-6
123000364,926,1097,-171
123000365,37,419,-382
123000366,454,4957,-4503
123000367,654,1128,-474
123000370,47,1295,-1248
123000371,670,179,491
123000372,666,82,584
123000373,25,414,-389
123000374,8,107,-99
123000375,775,86,689
123000376,1703,1659,44
123000377,836,30,806
123000378,10,359,-349
123000379,7,578,-571
123000380,42,418,-376
123000381,64,207,-143
123000382,927,200,727
123000383,195,1323,-1128
123000384,1283,396,887
123000385,375,1077,-702
123000436,121,2143,-2022
123000507,77,202,-125
123000508,300,2006,-1706
123000517,309,22,287
123000518,19,86,-67
123000519,311,58,253
123000520,39,89,-50
123000521,835,90,745
123000522,188,181,7
123000541,10,2,8
123000542,0,9,-9
123000565,1704,59,1645
123000566,980,206,774
123000567,234,72,162
123000573,66,778,-712
123000574,1376,74,1302
123000575,3047,518,2529
123000576,1034,1067,-33
123000577,103,1192,-1089
123000578,661,315,346
123000579,1314,10728,-9414
123000580,264,167,97
123000582,631,32,599
123000583,9,470,-461
123000584,356,385,-29
123000585,0,77,-77
123000586,308,1,307
123000596,147,141,6
123000597,87,284,-197
123000602,309,12,297
123000603,2376,585,1791
123000604,1689,450,1239
123000605,1624,107,1517
123000606,1,935,-934
123000609,42,623,-581
123000610,203,90,113
123000613,148,94,54
123000614,519,63,456
123000615,156,155,1
123000616,1395,53,1342
123000617,110,293,-183
123000618,43,743,-700
123000619,531,68,463
123000620,15,393,-378
123000622,727,14,713
123000624,421,108,313
123000630,3706,782,2924
123000631,459,666,-207
123000632,2066,1282,784
123000633,3,589,-586
123000634,93,819,-726
123000635,220,340,-120
123000636,79,707,-628
123000637,418,54,364
123000638,1363,66,1297
123000639,1358,11045,-9687
123000640,20,488,-468
123000648,2358,2168,190
123000649,190,943,-753
123000650,249,144,105
123000651,31,112,-81
123000652,294,7,287
123000653,0,1,-1
123900001,1394,104,1290
123900002,56,2266,-2210
123900003,147,721,-574
123900005,385,425,-40
123900006,953,250,703
124000001,3157,327,2830
124000002,59,1292,-1233
124000003,1930,223,1707
124000004,72,387,-315
124000005,1629,1418,211
124000006,270,502,-232
124000007,1517,162,1355
124000008,8,583,-575
124000009,1305,760,545
124000010,396,507,-111
124000011,1050,1196,-146
124000012,258,262,-4
124000017,340,133,207
124000018,113,80,33
124000019,469,293,176
124000020,37,106,-69
124000021,296,194,102
124000022,49,175,-126
124000023,995,294,701
124000024,1231,440,791
124000025,1044,626,418
124000026,933,330,603
124000027,1091,622,469
124000028,1647,533,1114
124000031,1779,9456,-7677
124000032,1671,746,925
124000033,1498,1209,289
124000034,658,984,-326
124000035,891,356,535
124000036,262,551,-289
124000037,326,1087,-761
124000038,10,169,-159
124000039,337,371,-34
124000040,247,873,-626
124000041,898,394,504
124000042,162,357,-195
124000043,227,208,19
124000044,81,361,-280
124000045,2678,568,2110
124000046,267,945,-678
124000047,4054,929,3125
124000048,1336,766,570
124000049,3359,534,2825
124000050,1294,1138,156
124000051,2100,589,1511
124000052,920,952,-32
124000053,567,3923,-3356
124000054,629,383,246
124000055,1240,9774,-8534
124000056,2041,920,1121
124000057,2390,473,1917
124000058,1228,1253,-25
124000059,1912,1532,380
124000060,607,543,64
124000061,2029,8916,-6887
124000062,3479,1298,2181
124000063,1539,922,617
124000064,1738,1077,661
124000065,127,1122,-995
124000066,407,193,214
124000067,226,218,8
124000068,133,240,-107
124000069,931,219,712
124000070,491,225,266
124000071,201,221,-20
124000072,434,605,-171
124000073,1293,199,1094
124000074,307,646,-339
124000075,710,54,656
124000076,55,74,-19
124000077,271,770,-499
124000078,1618,1500,118
124000079,243,1553,-1310
124000080,1564,375,1189
124000081,270,664,-394
124000082,151,321,-170
124000083,51,154,-103
124000084,50,1737,-1687
124000085,133,67,66
124000086,7,429,-422
124000087,99,278,-179
124000088,158,532,-374
124000089,938,305,633
124000090,383,368,15
124000091,1206,269,937
124000092,485,912,-427
124000093,163,120,43
124000094,147,596,-449
124000095,189,98,91
124000096,261,146,115
124000097,360,179,181
124000098,239,59,180
124000099,352,79,273
124000100,133,167,-34
124000101,260,202,58
124000102,97,30,67
124000103,431,313,118
124000104,232,49,183
124000105,252,281,-29
124000106,166,53,113
124000107,49,374,-325
124000108,40,10,30
124000109,201,162,39
124000110,75,76,-1
124000111,414,118,296
124000112,1302,635,667
124000113,197,152,45
124000114,705,522,183
124000115,348,869,-521
124000116,142,244,-102
124000117,44,93,-49
124000118,70,159,-89
124000119,1422,1523,-101
124000120,898,1005,-107
124000121,1860,1300,560
124000122,489,1699,-1210
124000123,869,445,424
124000124,426,596,-170
124000125,648,369,279
124000126,476,369,107
124000127,1079,427,652
124000128,668,550,118
124000129,2001,1532,469
124000130,386,555,-169
124000131,782,778,4
124000132,606,804,-198
124000133,1932,1143,789
124000134,1101,815,286
124000135,1937,2255,-318
124000136,608,902,-294
124000137,1034,1571,-537
124000138,948,1196,-248
124000139,962,348,614
124000140,35,1492,-1457
124000141,1756,55,1701
124000142,25,541,-516
124000143,141,25,116
124000144,9,141,-132
124000145,146,251,-105
124000146,28,302,-274
124000148,15,68,-53
124000149,1548,326,1222
124000150,333,1215,-882
124000151,1776,483,1293
124000152,1101,1231,-130
124000153,1259,824,435
124000154,503,655,-152
124000155,1324,899,425
124000156,993,880,113
124000169,208,1169,-961
124000170,1372,904,468
124000171,444,852,-408
124000172,447,718,-271
124000173,1162,406,756
124000174,734,608,126
124000175,16,96,-80
124000176,89,53,36
124000177,14,58,-44
124000178,63,77,-14
124000185,76,10,66
124000186,1,60,-59
124000187,3,74,-71
124000188,158,10,148
124000190,162,124,38
124000191,129,560,-431
124000192,1501,972,529
124000193,210,4817,-4607
124000194,323,428,-105
124000195,533,492,41
124000196,811,911,-100
124000197,65,42,23
124000198,116,112,4
124000201,64,677,-613
124000202,946,106,840
124000203,965,239,726
124000204,2244,862,1382
124000205,126,406,-280
124000206,1579,327,1252
124000207,0,17,-17
124000209,303,185,118
124000210,1417,186,1231
124000211,1479,8,1471
124000212,0,176,-176
124000213,999,108,891
124000214,1089,388,701
124000215,1191,5,1186
124000216,4,204,-200
124000329,471,964,-493
124000338,299,605,-306
124000339,2720,64,2656
124000341,3551,45,3506
124000344,161,52,109
124000357,2621,5761,-3140
124000358,1758,4252,-2494
124000359,1648,1299,349
124000360,1763,831,932
124000361,2127,1424,703
124000362,1993,3380,-1387
124000363,637,292,345
124000364,892,701,191
124000365,1180,1324,-144
124000366,3678,1810,1868
124000367,99,374,-275
124000368,490,1571,-1081
124000369,60,176,-116
124000370,47,1124,-1077
124000402,13,22,-9
124000403,283,90,193
124000404,12,61,-49
124000405,868,609,259
124000406,591,396,195
124000407,7,28,-21
124000411,1,369,-368
124000412,667,20,647
124000413,155,484,-329
124000414,234,138,96
124000415,97,36,61
124000416,156,182,-26
124000417,557,134,423
124000418,533,55,478
124000419,165,49,116
124000420,258,27,231
124000421,86,45,41
124000422,22,16,6
124000423,190,42,148
124000424,8,32,-24
124000425,128,61,67
124000426,1,103,-102
124000427,377,10,367
124000428,4,726,-722
124000429,277,28,249
124000430,1482,712,770
124000431,564,446,118
124000432,413,1170,-757
124000439,19,3,16
124000443,0,9,-9
124000445,219,5811,-5592
124000446,987,796,191
124000447,38,472,-434
124000448,323,12,311
124000449,532,14,518
124000450,5,95,-90
124000451,1,33,-32
124000452,424,95,329
124000453,2578,3397,-819
124000454,1639,4528,-2889
124900001,1405,356,1049
124900002,276,192,84
124900003,1829,411,1418
124900004,1452,310,1142
124900005,227,56,171
124900006,1504,301,1203
124900008,748,520,228
124900009,178,541,-363
124900010,287,161,126
124900011,1109,395,714
124900012,333,90,243
124900013,951,162,789
124900014,300,253,47
124900015,241,393,-152
124900016,166,219,-53
124900017,497,5156,-4659
124900018,217,18,199
124900020,264,66,198
124900021,515,175,340
124900022,54,35,19
124900024,936,13,923
124900026,42,18,24
124900027,167,418,-251
124900028,305,85,220
124900029,16,781,-765
124900030,0,66,-66
124900031,25,164,-139
124900032,413,220,193
124900033,139,261,-122
124900034,2,356,-354
124900035,144,161,-17
124900036,3,125,-122
124900037,195,134,61
124900038,138,221,-83
124900039,1,133,-132
124900040,182,91,91
124900041,472,792,-320
124900042,28,2,26
124900043,815,552,263
124900044,114,6,108
124900045,311,1247,-936
124900047,57,152,-95
124900048,493,86,407
124900050,286,92,194
124900052,180,210,-30
124900053,183,534,-351
124900054,1341,500,841
124900055,0,66,-66
124900057,3,103,-100
124900060,25,300,-275
124900061,145,4,141
124900062,318,13,305
124900066,0,11,-11
124900067,24,91,-67
124900068,177,906,-729
124900070,151,132,19
124900072,282,39,243
124900075,1207,137,1070
124900076,52,3823,-3771
124900077,34,57,-23
124900078,86,6,80
124900079,268,285,-17
124900080,621,329,292
124900081,2216,246,1970
124900082,520,588,-68
124900083,500,389,111
124900085,674,382,292
124900086,19,1200,-1181
124900087,325,96,229
124900088,107,85,22
124900089,547,18,529
124900090,739,250,489
124900091,438,216,222
124900092,316,243,73
124900093,907,150,757
124900094,1446,263,1183
124900095,228,885,-657
124900096,349,97,252
124900097,835,45,790
124900098,217,238,-21
124900099,153,552,-399
124900100,736,49,687
124900101,269,124,145
124900102,575,18,557
124900103,210,146,64
124900104,121,161,-40
124900105,258,137,121
124900106,398,68,330
124900107,214,48,166
124900108,288,140,148
124900111,1,111,-110
124900112,279,193,86
124900113,61,272,-211
124900114,96,310,-214
124900115,59,164,-105
124900116,417,655,-238
124900117,190,336,-146
124900118,94,2111,-2017
124900119,546,315,231
124900120,80,242,-162
124900121,54,691,-637
124900122,346,182,164
124900123,212,104,108
124900124,48,284,-236
124900125,690,4,686
124900126,2,346,-344
204000001,406,31,375
204000002,57,28,29
204000003,25,12,13
204000004,1,2,-1
204000005,715,638,77
204000006,1493,1673,-180
204000011,11,72,-61
204000012,99,134,-35
204000019,1924,446,1478
204000020,1691,1718,-27
204000021,4040,1594,2446
204000022,1870,801,1069
204000023,1151,559,592
204000031,100,16,84
204000032,506,25,481
204000034,134,140,-6
204000035,0,7,-7
204000036,8,74,-66
204000037,5,61,-56
204000038,0,4,-4
204000039,1,25,-24
204000040,11,12,-1
204000041,6,89,-83
204000042,55,19,36
204000043,38,10,28
204000044,74,7,67
204000045,53,19,34
204000046,8,9,-1
204000057,9,8,1
204000062,68,39,29
204000068,86,1281,-1195
204000069,176,1329,-1153
204000070,53,270,-217
204000080,250,181,69
204000085,1426,1292,134
204000086,3014,1538,1476
204000087,113,21,92
204000088,29,142,-113
204000090,322,391,-69
204000093,887,141,746
204000096,2683,1201,1482
204000097,758,27,731
204000099,1393,3711,-2318
204000100,2325,2095,230
204000105,2134,897,1237
204000110,680,1734,-1054
204000111,1052,936,116
204000112,936,2902,-1966
204000113,421,1452,-1031
204000114,1395,1784,-389
204000115,2339,1129,1210
204000116,1027,3212,-2185
204000119,4116,2500,1616
204000132,1245,810,435
204000133,1399,165,1234
204000134,440,29,411
204000135,1038,102,936
204000136,653,414,239
204000138,528,1521,-993
204000140,515,189,326
204000141,233,77,156
204000144,6,25,-19
204000145,769,44,725
204000146,37,239,-202
204000147,56,787,-731
204000148,494,134,360
204000154,8,15,-7
204000155,5,13,-8
204000177,62,347,-285
204000179,58,25,33
204000180,0,97,-97
204000222,1,5,-4
204000235,164,48,116
204000236,39,343,-304
204000238,4,37,-33
204000240,481,54,427
204000263,930,1478,-548
204000268,793,549,244
204000308,259,101,158
204000317,50,190,-140
204000322,95,127,-32
204000323,19,4,15
204000328,326,78,248
204000329,258,131,127
204000330,424,67,357
204000331,470,254,216
205000001,829,1303,-474
205000013,168,254,-86
205000014,239,175,64
205000015,323,80,243
205000016,145,187,-42
205000017,141,69,72
205000022,407,529,-122
205000025,2360,678,1682
205000029,602,57,545
205000045,395,317,78
205000046,477,854,-377
205000047,197,380,-183
205000048,889,520,369
205000049,350,628,-278
205000050,1503,298,1205
205000059,0,753,-753
205000060,3,1537,-1534
205000061,18,2655,-2637
205000062,5,2279,-2274
205000063,102,2280,-2178
205000064,180,585,-405
205000065,905,931,-26
205000066,425,479,-54
205000067,201,501,-300
205000069,234,28,206
205000082,233,299,-66
205000110,99,212,-113
205000111,246,162,84
205000112,146,130,16
205000113,85,322,-237
205000121,259,107,152
205000123,192,214,-22
205000126,1115,151,964
205000127,1272,223,1049
205000128,670,75,595
205000129,1467,87,1380
205000130,325,50,275
205000131,162,35,127
205000132,92,20,72
205000133,60,0,60
205000134,462,0,462
205000137,615,70,545
205000138,612,383,229
205000139,96,278,-182
205000144,149,110,39
205000145,413,378,35
205000151,219,62,157
205000152,174,115,59
205000153,285,124,161
205000154,118,167,-49
205000155,230,42,188
205000207,2,127,-125
205000233,42,0,42
205000234,0,0,0
205000243,0,7,-7
205000244,0,7,-7
205000245,21,314,-293
205000249,0,36,-36
205000250,2,3,-1
205000264,35,119,-84
206000027,4,37,-33
206000028,16,16,0
206000043,14,66,-52
206000053,6,13,-7
206000054,1,38,-37
206000055,0,39,-39
206000075,43,17,26
206000076,41,9,32
206000077,38,15,23
206000078,6,17,-11
206000079,28,13,15
206000082,382,171,211
206000100,25,638,-613
206000103,1,5,-4
206000104,18,43,-25
206000105,11,29,-18
206000106,8,13,-5
206000125,208,0,208
206000157,38,417,-379
206000170,0,182,-182
206000171,19,216,-197
206000172,36,192,-156
206000173,0,120,-120
206000174,25,58,-33
206000175,1,65,-64
206000176,64,108,-44
206000177,1,62,-61
206000178,0,549,-549
206000179,3,647,-644
206000180,6,105,-99
206000181,6,35,-29
206000182,4,49,-45
206000183,11,148,-137
206000184,2,122,-120
206000185,32,57,-25
206000186,200,337,-137
206000223,27,718,-691
206000226,63,8,55
206000227,38,21,17
206000237,75,177,-102
206000238,94,373,-279
206000239,387,2134,-1747
206000240,0,45,-45
206000241,0,72,-72
206000242,10,279,-269
206000243,31,74,-43
206000244,107,197,-90
206000245,1738,182,1556
206000246,795,18,777
206000247,708,13,695
206000248,890,147,743
206000252,111,100,11
206000258,9,43,-34
206000315,68,27,41
206000317,751,152,599
206000318,1005,93,912
206000319,3016,186,2830
206000320,772,90,682
206000321,659,9,650
206000322,1233,84,1149
206000323,443,19,424
206000324,392,88,304
206000325,261,33,228
206000326,338,62,276
206000327,117,65,52
206000328,433,17,416
206000329,677,14,663
206000330,137,29,108
206000331,449,22,427
206000332,81,8,73
206000333,2010,3,2007
206000334,922,1,921
206000335,0,37,-37
206000361,10,159,-149
206000392,3,14,-11
206000405,213,1,212
206000441,105,40,65
206000498,28,2,26
206000515,80,77,3
206000530,547,159,388
206000531,240,384,-144
206000532,1427,752,675
206000535,110,4687,-4577
206000536,29,123,-94
206000537,30,208,-178
206000613,862,337,525
206000784,767,108,659
207000001,260,443,-183
207000002,202,648,-446
207000003,285,277,8
207000007,2951,378,2573
207000008,514,33,481
207000009,158,91,67
207000010,717,316,401
207000012,602,291,311
207000015,472,789,-317
207000019,487,184,303
207000021,424,429,-5
207000022,429,220,209
207000023,320,164,156
207000024,3,54,-51
207000025,34,222,-188
207000026,145,57,88
207000027,41,75,-34
207000028,101,193,-92
207000029,248,586,-338
207000033,418,298,120
207000034,465,162,303
207000039,914,119,795
207000040,1150,103,1047
207000041,134,516,-382
207000042,355,78,277
207000043,293,283,10
207000051,193,386,-193
207000052,10,365,-355
207000053,487,444,43
207000054,77,111,-34
207000055,261,123,138
207000056,344,371,-27
207000057,196,231,-35
207000058,308,387,-79
207000059,168,311,-143
207000060,67,402,-335
207000061,94,1434,-1340
207000062,929,65,864
207000063,1099,371,728
207000064,475,219,256
207000065,390,292,98
207000066,925,258,667
207000067,100,104,-4
207000068,243,95,148
207000069,1169,333,836
207000082,29,258,-229
207000083,160,301,-141
207000084,922,588,334
207000085,536,92,444
207000086,709,25,684
207000106,181,67,114
207000107,270,28,242
207000108,264,5,259
207000109,205,10,195
207000110,95,251,-156
207000111,62,277,-215
207000112,110,2131,-2021
207000114,62,28,34
207000115,84,94,-10
207000116,83,411,-328
207000117,15,161,-146
207000118,10,181,-171
207000119,51,96,-45
207000123,541,17,524
207000124,215,41,174
207000125,106,33,73
207000126,88,90,-2
207000134,499,194,305
207000135,101,495,-394
207000148,103,727,-624
207000149,136,28,108
207000152,204,599,-395
207000153,361,743,-382
207000154,594,319,275
207000159,349,169,180
207000160,410,309,101
207000238,0,259,-259
207000242,9,118,-109
207000248,91,77,14
207000249,237,37,200
207000250,763,192,571
207000251,239,186,53
207000252,111,88,23
207000278,261,210,51
207000279,97,119,-22
207000280,1562,109,1453
207000281,335,361,-26
207000282,48,741,-693
207000283,28,255,-227
207000284,39,2423,-2384
207000285,94,122,-28
207000291,24,135,-111
207000304,81,115,-34
207000306,63,350,-287
207000310,211,133,78
207000353,280,6,274
207000356,28,135,-107
207000357,2,31,-29
207000358,1,32,-31
207000415,18,115,-97
207000417,158,10,148
207000418,167,132,35
207000438,0,1,-1
207000439,434,320,114
207000446,383,11,372
207000460,226,48,178
207000466,216,223,-7
207000467,707,148,559
207000468,149,183,-34
207000476,2,16,-14
207000477,749,8,741
207000478,1,60,-59
207000523,0,9,-9
207000524,274,0,274
207000527,472,183,289
207000530,1496,15,1481
207000531,750,21,729
207000532,167,152,15
207000534,252,57,195
207000535,24,491,-467
207000537,16,166,-150
207000540,2,135,-133
207000541,1,209,-208
207000548,12,615,-603
207000549,862,101,761
207000561,402,265,137
207000562,50,178,-128
207000567,148,182,-34
207000568,934,78,856
207000569,1949,261,1688
207000584,73,249,-176
207000585,22,346,-324
207000587,444,149,295
207000616,0,216,-216
207000617,209,0,209
207000624,125,37,88
207000631,25,444,-419
207900008,846,101,745
208000001,1019,1952,-933
208000002,1572,1275,297
208000003,1376,672,704
208000004,1631,1707,-76
208000005,2,218,-216
208000019,1694,621,1073
208000020,405,301,104
208000021,447,422,25
208000022,1354,398,956
208000028,1057,1945,-888
208000033,705,373,332
208000034,965,1631,-666
208000037,1119,85,1034
208000040,417,278,139
208000041,1375,814,561
208000042,2042,769,1273
208000047,213,220,-7
208000064,2402,2448,-46
208000066,1545,2043,-498
208000070,935,537,398
208000071,1098,351,747
208000072,1179,829,350
208000080,451,1108,-657
208000081,693,227,466
208000082,984,276,708
208000083,371,307,64
208000084,6,107,-101
208000085,1001,735,266
208000086,919,1513,-594
208000087,773,1050,-277
208000089,1682,345,1337
208000090,1652,595,1057
208000093,40,210,-170
208000094,1063,290,773
208000095,1256,656,600
208000104,2241,665,1576
208000105,1243,1206,37
208000114,177,604,-427
208000115,788,428,360
208000116,1890,2065,-175
208000117,29,275,-246
208000118,298,385,-87
208000155,926,1700,-774
208000158,2440,3612,-1172
208000186,1089,2682,-1593
208000204,1336,2091,-755
208000205,2459,1243,1216
208000282,1112,1430,-318
209000004,1171,305,866
209000005,192,346,-154
209000006,496,653,-157
209000007,633,894,-261
209000010,413,640,-227
209000011,138,364,-226
209000012,269,543,-274
209000013,428,710,-282
209000014,832,978,-146
209000025,811,175,636
209000026,1410,341,1069
209000027,470,470,0
209000028,441,357,84
209000029,1234,2380,-1146
209000030,1091,3104,-2013
209000031,6565,2295,4270
209000034,309,727,-418
209000035,301,692,-391
209000036,567,457,110
209000037,704,509,195
209000038,336,273,63
209000039,181,182,-1
209000040,378,859,-481
209000041,362,530,-168
209000042,1190,337,853
209000043,621,827,-206
209000044,376,886,-510
209000045,892,269,623
209000046,880,351,529
209000047,565,321,244
209000048,695,647,48
209000049,112,70,42
209000050,260,90,170
209000051,482,201,281
209000052,296,317,-21
209000062,168,74,94
209000063,128,60,68
209000064,76,19,57
209000065,217,104,113
209000066,193,55,138
209000067,287,123,164
209000080,21,258,-237
209000082,89,82,7
209000091,95,110,-15
209000093,106,145,-39
209000094,96,252,-156
209000110,63,196,-133
209000111,589,3065,-2476
209000112,1724,1339,385
209000113,2833,2701,132
209000114,1247,1366,-119
209000115,185,131,54
209000116,684,390,294
209000118,17,149,-132
209000119,19,153,-134
209000121,165,509,-344
209000135,36,173,-137
209000142,1173,4520,-3347
209000143,16,243,-227
209000144,93,763,-670
209000229,258,115,143
209000240,75,314,-239
209000259,103,144,-41
209000260,56,737,-681
209000261,2,293,-291
209000262,10,319,-309
209000263,2,1467,-1465
209000264,0,323,-323
209000265,588,103,485
209000266,157,1,156
209000267,1852,3,1849
209000268,545,76,469
210000037,190,184,6
210000047,142,18,124
210000048,150,46,104
210000049,257,10,247
210000052,113,91,22
210000053,47,46,1
210000054,47,69,-22
210000070,284,11,273
210000071,225,0,225
210000072,101,0,101
210000073,0,92,-92
210000074,0,129,-129
210000075,2,228,-226
210000076,46,297,-251
210000077,16,389,-373
210000078,35,387,-352
210000079,27,178,-151
210000080,57,459,-402
210000081,278,20,258
210000082,36,10,26
210000083,165,1,164
210000084,149,4,145
210000085,3,324,-321
210000086,1,173,-172
210000099,125,274,-149
210000100,132,161,-29
210000101,196,145,51
210000105,19,381,-362
210000159,0,326,-326
210000163,63,198,-135
210000164,585,341,244
210000168,626,112,514
210000187,0,65,-65
210000188,1,92,-91
210000214,10,0,10
210000219,80,80,0
210000220,229,35,194
210000232,7,18,-11
210000233,6,35,-29
210000234,49,57,-8
210000235,123,42,81
210000245,2,65,-63
210000246,55,0,55
210000258,42,98,-56
210000259,480,148,332
210000282,128,379,-251
210000285,0,171,-171
210000286,32,110,-78
210000290,5,14,-9
210000295,99,211,-112
210000296,119,70,49
210000320,431,39,392
210000321,335,15,320
210000338,108,158,-50
210000339,156,953,-797
210000340,192,372,-180
210000341,420,317,103
210000342,332,217,115
210000343,301,328,-27
210000344,181,383,-202
210000345,280,634,-354
210000346,121,303,-182
210000347,68,408,-340
210000348,195,279,-84
210000349,114,141,-27
210000350,287,345,-58
210000351,290,144,146
210000352,47,43,4
210000353,44,83,-39
210000354,73,108,-35
210000355,82,466,-384
210000356,16,616,-600
210000357,57,682,-625
210000358,904,587,317
210000359,134,1170,-1036
210000360,356,1095,-739
210000361,493,356,137
210000362,567,370,197
210000363,1371,326,1045
210000364,489,244,245
210000365,433,92,341
210000366,488,108,380
210000367,252,36,216
210000368,367,32,335
210000369,44,303,-259
210000370,117,375,-258
210000372,90,115,-25
210000373,28,375,-347
210000374,126,418,-292
210000375,53,77,-24
210000376,91,589,-498
210000404,98,134,-36
210000439,108,20,88
210000472,57,5,52
210000482,187,215,-28
210000564,374,222,152
210000567,3,71,-68
210000568,329,0,329
211000092,129,20,109
211000094,20,7,13
211000169,337,12,325
211000172,16,135,-119
211000209,0,82,-82
211000226,44,33,11
211000270,162,24,138
211000275,26,26,0
211000276,127,15,112
211000279,19,102,-83
211000281,177,22,155
211000302,31,42,-11
211507980,0,114,-114
211977296,29,3,26
212000003,508,201,307
212000004,26,198,-172
212000005,25,195,-170
212000006,61,252,-191
212000008,258,330,-72
212000009,105,226,-121
212000012,302,76,226
212000013,51,36,15
212000014,532,94,438
212000015,527,187,340
212000016,878,360,518
212000027,679,302,377
212000028,394,339,55
212000029,304,250,54
212000030,54,18,36
212000031,109,51,58
212000048,89,670,-581
212000049,19,328,-309
212000050,26,15,11
212000051,507,113,394
212000052,411,127,284
212000053,338,221,117
212000054,689,94,595
212000055,596,122,474
212000056,22,75,-53
212000057,18,51,-33
212000058,360,86,274
212000070,258,115,143
212000077,300,232,68
212000099,502,218,284
212000108,432,688,-256
212000111,553,159,394
212000120,193,330,-137
212000138,299,137,162
212000156,0,58,-58
212000158,1,23,-22
212000159,987,114,873
212000160,859,224,635
212000161,130,10,120
212000310,104,11,93
212000311,17,77,-60
212000374,64,22,42
213000001,20,569,-549
213000005,773,369,404
213000006,917,356,561
213000007,133,58,75
213000009,393,286,107
213000010,461,307,154
213000011,269,355,-86
213000012,290,189,101
213000014,179,39,140
213000015,327,11,316
213000016,648,3,645
213000017,171,0,171
213000018,0,23,-23
213000019,2,306,-304
213000020,104,175,-71
213000021,5,58,-53
213000023,325,477,-152
213000033,486,1670,-1184
213000034,289,283,6
213000035,212,560,-348
213000045,220,375,-155
213000046,150,133,17
213000047,611,1028,-417
213000056,237,69,168
213000069,488,65,423
213000073,0,64,-64
213000074,110,636,-526
213000075,917,1,916
213000076,14,0,14
213000085,10,24,-14
213000086,21,166,-145
213000091,354,15,339
213000092,69,24,45
213000099,514,1431,-917
213000100,1066,603,463
213000101,1141,93,1048
213000102,1119,137,982
213000103,757,424,333
213000104,57,263,-206
213000105,138,2490,-2352
213000106,51,326,-275
213000107,210,443,-233
213000108,46,428,-382
213000109,3,232,-229
213000110,13,112,-99
213000111,4,79,-75
213000112,48,98,-50
213000115,30,9,21
213000116,78,579,-501
213000117,6,560,-554
213000118,1695,388,1307
213000119,55,455,-400
213000120,129,308,-179
213000122,218,310,-92
213000123,223,487,-264
213000124,429,577,-148
213000125,239,23,216
213000126,143,326,-183
213000127,34,218,-184
213000128,123,662,-539
213000129,301,2746,-2445
213000130,1438,1310,128
213000132,1162,312,850
213000133,1879,175,1704
213000134,3210,23,3187
213000136,715,34,681
213000137,917,98,819
213000139,626,53,573
213000147,26,47,-21
213000148,24,78,-54
213000149,35,78,-43
213000150,2,1044,-1042
213000151,0,420,-420
213000152,5,530,-525
213000153,14,259,-245
213000154,203,692,-489
213000155,68,651,-583
213000156,241,468,-227
213000157,1795,308,1487
213000158,636,677,-41
213000159,601,541,60
213000163,2412,296,2116
213000165,984,422,562
213000171,104,100,4
213000172,80,180,-100
213000173,49,136,-87
213000174,24,93,-69
213000175,127,34,93
213000176,60,89,-29
213000177,86,8,78
213000178,256,6,250
213000179,367,30,337
213000180,408,41,367
213000184,161,557,-396
213000188,589,98,491
213000189,992,36,956
213000190,518,447,71
213000191,773,198,575
213000192,375,132,243
213000193,990,261,729
213000194,15,292,-277
213000195,74,353,-279
213000196,583,2610,-2027
213000197,851,1245,-394
213000198,35,4,31
213000200,153,543,-390
213000201,29,99,-70
213000202,21,643,-622
213000203,2430,346,2084
213000204,1404,72,1332
213000205,412,89,323
213000206,1227,61,1166
213000207,41,4,37
213000208,63,15,48
213000209,170,11,159
213000210,312,1,311
213000211,31,108,-77
213000212,45,180,-135
213000213,22,130,-108
213000218,507,561,-54
213000219,1707,65,1642
213000220,1615,3,1612
213000223,386,280,106
213000224,49,85,-36
213000225,91,19,72
213000226,75,14,61
213000227,1788,218,1570
213000228,1149,839,310
213000229,172,153,19
213000230,1753,47,1706
213000232,222,31,191
213000233,52,230,-178
213000234,0,55,-55
213000293,50,188,-138
213000294,130,201,-71
213000295,52,103,-51
213000296,132,23,109
213000297,7,70,-63
213000298,10,139,-129
213000299,170,28,142
213000300,1,14,-13
213000303,0,32,-32
213000304,2,12,-10
213000305,4,76,-72
213000306,64,768,-704
213000307,155,640,-485
213000308,168,164,4
213000309,378,79,299
213000310,349,218,131
213000311,177,728,-551
213000315,195,288,-93
213000316,349,224,125
213000322,79,16,63
213000323,46,91,-45
213000340,163,557,-394
213000341,1230,117,1113
213000346,242,434,-192
213000347,512,1336,-824
213000348,2,191,-189
213000349,2,15,-13
213000350,319,1131,-812
213000366,100,168,-68
213000367,750,13,737
213000379,32,150,-118
213000386,74,41,33
213000406,557,93,464
213000417,2638,804,1834
213000425,518,55,463
213000426,290,39,251
213000427,61,55,6
213000428,94,195,-101
213000429,2,5,-3
213000430,138,346,-208
213000431,11,5,6
213000432,1,41,-40
213000433,12,55,-43
213000434,335,99,236
213000435,124,89,35
213000439,30,43,-13
213000441,16,18,-2
213000443,883,604,279
213000445,0,71,-71
213000446,1,18,-17
213000447,0,98,-98
213000448,23,219,-196
213000449,1333,21,1312
213000450,25,39,-14
213000451,429,39,390
213000452,7,23,-16
213000453,36,241,-205
213000455,110,1,109
213000456,2,267,-265
213000481,7,9,-2
213000482,73,1,72
213000489,158,77,81
213000491,40,562,-522
213000492,118,3,115
213000493,6,297,-291
213000494,294,80,214
213000495,0,18,-18
213000496,490,206,284
213000497,181,86,95
213000498,226,66,160
213000499,279,176,103
213000500,976,69,907
213000501,348,71,277
213000502,307,99,208
213000503,0,27,-27
213000504,6,33,-27
213000505,16,3,13
213000506,0,10,-10
213000507,1,59,-58
213900244,102,0,102
213900245,0,10,-10
218000003,94,134,-40
218000004,76,174,-98
218000005,62,78,-16
218000006,89,92,-3
218000007,31,41,-10
218000012,417,397,20
218000013,598,276,322
218000014,491,407,84
218000019,501,517,-16
218000020,516,460,56
218000040,6,28,-22
218000046,262,72,190
218000047,23,67,-44
218000048,78,40,38
218000049,32,38,-6
218000050,178,100,78
218000051,110,210,-100
218000052,0,61,-61
218000053,2,60,-58
218000054,20,95,-75
218000055,6,39,-33
218000056,27,52,-25
218000057,3,50,-47
218000064,5,21,-16
218000065,140,54,86
218000066,32,82,-50
218000067,142,101,41
218000068,249,53,196
218000069,649,103,546
218000070,297,538,-241
218000071,394,358,36
218000072,240,369,-129
218000078,2113,460,1653
218000079,481,111,370
218000080,279,187,92
218000081,764,75,689
218000082,175,73,102
218000083,174,113,61
218000084,313,97,216
218000085,334,180,154
218000086,150,98,52
218000087,277,96,181
218000090,111,369,-258
218000091,1834,879,955
218000092,286,273,13
218000093,213,65,148
218000094,732,708,24
218000099,307,655,-348
218000100,625,299,326
218000101,502,218,284
218000102,880,441,439
218000103,158,136,22
218000104,172,28,144
218000105,56,23,33
218000106,20,11,9
218000107,144,68,76
218000108,9,18,-9
218000112,128,15,113
218000117,84,191,-107
218000134,1066,539,527
218000135,22,172,-150
218000136,206,158,48
218000137,344,208,136
218000138,48,134,-86
218000139,458,299,159
218000140,1124,592,532
218000141,105,104,1
218000142,207,246,-39
218000143,66,605,-539
218000144,53,252,-199
218000145,987,502,485
218000146,178,149,29
218000151,4,45,-41
218000152,96,35,61
218000170,1,29,-28
218000171,95,27,68
218000172,22,9,13
218000173,18,23,-5
218000174,50,33,17
218000176,364,153,211
218000177,479,184,295
218000178,150,107,43
218000179,295,40,255
218000180,181,68,113
218000181,484,40,444
218000187,41,116,-75
218000188,24,29,-5
218000189,54,118,-64
218000190,3,11,-8
218000191,448,60,388
218000192,344,150,194
218000193,713,227,486
218000194,293,295,-2
218000195,207,66,141
218000196,456,214,242
218000197,882,205,677
218000198,153,97,56
218000199,80,14,66
218000200,55,39,16
218000201,25,22,3
218000202,101,991,-890
218000207,13,10,3
218000208,71,150,-79
218000211,58,31,27
218000213,174,89,85
218000214,3,20,-17
218000215,122,95,27
218000217,22,67,-45
218000218,170,30,140
218000219,7,291,-284
218000220,63,2157,-2094
218000221,771,420,351
218000222,0,234,-234
218000223,51,538,-487
218000224,5,121,-116
218000225,236,23,213
218000226,234,119,115
218000232,96,65,31
218000239,183,12,171
218000240,6,8,-2
218000241,46,3,43
218000242,7,0,7
218000243,29,20,9
218000244,25,14,11
218000245,118,10,108
218000246,4,9,-5
218000247,2,1,1
218000248,0,37,-37
218000249,0,3,-3
218000250,0,8,-8
218000251,4,48,-44
218000252,4,472,-468
218000253,3,299,-296
218000254,0,71,-71
218000255,5,40,-35
218000256,20,69,-49
218000267,724,1476,-752
218000268,9,34,-25
218000269,10,51,-41
218000270,322,26,296
218000271,5,26,-21
218000273,59,2,57
218000274,16,3,13
218000275,144,90,54
218000276,43,25,18
218000278,39,170,-131
218000279,140,52,88
218000280,4,36,-32
218000281,5,65,-60
218000282,882,1336,-454
218000284,130,3,127
218000301,123,128,-5
218000302,47,62,-15
218000303,29,153,-124
218000316,2333,1194,1139
218000317,3624,1135,2489
218000318,2119,819,1300
218000319,2784,731,2053
218000320,2204,895,1309
218000338,18,258,-240
218000345,182,365,-183
218000346,36,361,-325
218000459,36,184,-148
218000490,13,97,-84
218000501,215,88,127
218000502,214,161,53
218000503,272,15,257
218000504,290,35,255
218000505,57,140,-83
218000506,28,420,-392
218000508,2,13,-11
218000510,106,15,91
218000520,208,155,53
218000521,29,27,2
218000522,0,759,-759
218000523,156,1,155
218000524,7,327,-320
218000525,153,53,100
218000526,15,256,-241
218000529,134,96,38
218000531,30,23,7
218000532,71,12,59
218000534,354,28,326
218000537,27,136,-109
218000538,69,645,-576
218000540,162,191,-29
218000543,318,192,126
218000544,47,105,-58
218000545,170,182,-12
218000546,82,70,12
218000547,270,302,-32
218000548,143,154,-11
218000549,1083,116,967
218000550,263,180,83
218000551,100,495,-395
218000552,363,352,11
218000553,55,162,-107
218000554,34,29,5
218000555,52,87,-35
218000556,283,141,142
218000557,806,336,470
218000558,54,0,54
218000559,0,29,-29
218000560,0,59,-59
218000561,6,0,6
218000562,53,189,-136
218000563,191,64,127
218000564,5,209,-204
218000565,82,50,32
218000566,48,13,35
218000567,0,110,-110
218000568,12,9,3
218000569,5,246,-241
218000570,34,10,24
218000571,2,182,-180
218000572,178,3,175
218000573,16,157,-141
218000574,35,31,4
218000575,92,0,92
218000576,0,78,-78
218000577,105,0,105
218000578,0,295,-295
218000579,27,42,-15
218000581,14,93,-79
218000582,73,16,57
218000583,6,1,5
218000584,1,21,-20
218000585,64,1,63
218000586,23,18,5
218000587,0,3,-3
218000588,1,15,-14
218000589,1,19,-18
218000590,3,0,3
218000591,2,27,-25
218000592,5,4,1
218000593,7,71,-64
218000594,4,8,-4
218000597,1,22,-21
218000598,0,9,-9
218000599,11,17,-6
218000600,0,10,-10
218000601,0,50,-50
218000602,0,10,-10
218000603,0,12,-12
218000604,6,2,4
218000605,0,214,-214
218000606,158,6,152
218000607,10,98,-88
218000608,62,19,43
218000609,3,93,-90
218000610,49,2,47
218000611,31,0,31
218000612,0,29,-29
218000613,42,3,39
218000614,0,49,-49
218000615,265,11,254
218000616,17,338,-321
218000617,8,0,8
218000618,4,30,-26
218000619,17,30,-13
218000620,21,98,-77
218000621,0,1,-1
218000622,0,106,-106
218000623,40,5,35
218000624,1,129,-128
218000625,4,0,4
218000626,0,24,-24
218000628,358,529,-171
218000631,42,31,11
218000632,1,165,-164
218000633,162,1,161
218000634,9,41,-32
218000635,5,13,-8
218000636,1744,929,815
218000637,1797,651,1146
218000638,343,40,303
218000639,38,112,-74
218000640,628,117,511
218000641,263,195,68
218000652,51,42,9
218000653,270,65,205
218000663,31,73,-42
218000675,26,148,-122
218000680,383,175,208
218000681,660,359,301
218000691,390,215,175
218000693,607,191,416
218000718,34,122,-88
218000719,73,217,-144
218000720,2,271,-269
218000721,37,25,12
218001147,2,195,-193
218001214,54,97,-43
218001258,936,7,929
218001329,225,242,-17
218001330,142,223,-81
218001351,49,15,34
218001352,18,36,-18
218001353,22,21,1
218001354,11,56,-45
218001355,64,116,-52
218001356,585,149,436
218001357,44,142,-98
218001358,694,13,681
218001361,1033,3,1030
218001362,0,74,-74
219000001,54,49,5
219000002,75,69,6
219000003,93,43,50
219000004,92,112,-20
219000017,117,456,-339
219000020,429,30,399
219000022,237,0,237
219000023,133,1,132
219000029,2,297,-295
219000034,105,89,16
219000039,35,349,-314
219000040,77,94,-17
219000041,287,111,176
219000051,0,349,-349
219000052,0,225,-225
219000053,3,84,-81
219000055,591,2,589
219000056,5,0,5
219000057,61,1,60
219000062,38,328,-290
219000063,219,30,189
219000064,2,105,-103
219000110,337,626,-289
219000111,202,221,-19
219000112,341,158,183
219000113,625,75,550
219000114,517,73,444
219000116,308,77,231
219000117,145,112,33
219000118,221,64,157
219000123,244,153,91
219000124,120,37,83
219000125,53,11,42
219000126,123,230,-107
219000127,1,14,-13
219000128,42,210,-168
219000129,48,225,-177
219000130,251,933,-682
219000131,1195,1739,-544
219000133,52,92,-40
219000134,45,92,-47
219000135,25,189,-164
219000136,133,406,-273
219000138,162,65,97
219000139,130,40,90
219000140,136,0,136
219000141,72,88,-16
219000142,12,50,-38
219000143,44,25,19
219000145,38,77,-39
219000146,3,22,-19
219000147,3,25,-22
219000148,2,27,-25
219000149,38,51,-13
219000150,2,39,-37
219000151,2,51,-49
219000157,324,306,18
219000158,348,442,-94
219000161,257,22,235
219000163,1438,413,1025
219000166,230,314,-84
219000167,193,276,-83
219000168,339,237,102
219000174,897,275,622
219000175,268,6,262
219000176,340,14,326
219000177,97,6,91
219000178,167,2,165
219000179,92,11,81
219000180,119,34,85
219000182,229,3,226
219000183,153,30,123
219000184,212,15,197
219000185,1,64,-63
219000186,155,78,77
219000187,17,175,-158
219000189,107,267,-160
219000190,92,278,-186
219000191,242,2409,-2167
219000192,304,322,-18
219000193,821,232,589
219000195,0,305,-305
219000196,3,218,-215
219000198,86,126,-40
219000199,181,120,61
219000200,181,143,38
219000201,69,195,-126
219000203,42,166,-124
219000204,106,441,-335
219000205,64,229,-165
219000207,195,236,-41
219000209,80,72,8
219000210,38,649,-611
219000213,27,396,-369
219000239,211,267,-56
219000240,229,774,-545
219000241,175,406,-231
219000242,69,380,-311
219000243,158,237,-79
219000244,48,158,-110
219000245,18,174,-156
219000246,33,65,-32
219000247,286,77,209
219000248,780,798,-18
219000249,307,241,66
219000250,346,147,199
219000251,782,448,334
219000252,313,181,132
219000253,373,71,302
219000255,322,174,148
219000256,561,317,244
219000257,293,1,292
219000262,98,273,-175
219000263,104,186,-82
219000267,46,134,-88
219000268,5,66,-61
219000269,13,6,7
219000270,64,2,62
219000271,656,8,648
219000278,2,38,-36
219000279,0,20,-20
219000283,0,99,-99
219000295,12,115,-103
219000296,149,363,-214
219000297,116,48,68
219000298,125,36,89
219000299,613,73,540
219000300,140,104,36
219000301,112,268,-156
219000302,55,149,-94
219000307,42,25,17
219000308,169,168,1
219000311,405,71,334
219000312,701,199,502
219000313,685,119,566
219000314,245,137,108
219000315,576,31,545
219000316,1135,70,1065
219000317,316,10,306
219000320,0,263,-263
219000321,1,50,-49
219000323,1,93,-92
219000325,4,11,-7
219000326,80,96,-16
219000327,29,45,-16
219000328,27,15,12
219000329,194,122,72
219000330,35,31,4
219000331,71,85,-14
219000332,398,280,118
219000333,114,2,112
219000335,135,1,134
219000337,28,3,25
219000338,96,1,95
219000344,9,169,-160
219000345,91,29,62
219000346,62,26,36
219000348,210,74,136
219000349,118,115,3
219000350,116,453,-337
219000351,1,6,-5
219000352,118,135,-17
219000353,165,63,102
219000354,410,99,311
219000355,214,149,65
219000356,466,2812,-2346
219000363,146,179,-33
219000364,331,116,215
219000365,201,34,167
219000366,295,1036,-741
219000368,413,792,-379
219000370,677,1014,-337
219000371,11,22,-11
219000382,9,22,-13
219000383,411,1912,-1501
219000385,233,1252,-1019
219000386,985,2419,-1434
219000387,0,26,-26
219000390,13,22,-9
219000391,2,14,-12
219000397,42,14,28
219000398,57,88,-31
219000401,35,93,-58
219000402,65,74,-9
219000403,66,562,-496
219000404,56,112,-56
219000407,28,39,-11
219000409,130,96,34
219000410,287,105,182
219000411,213,29,184
219000446,157,446,-289
219000447,9,58,-49
219000448,7,9,-2
219000452,157,187,-30
219000453,39,402,-363
219000454,279,815,-536
219000556,611,367,244
219000558,114,260,-146
219000590,9,278,-269
219000591,260,394,-134
219000592,87,352,-265
219000595,20,9,11
219000635,449,146,303
219000636,191,383,-192
219000657,55,27,28
219000658,16,186,-170
219000673,0,47,-47
219000676,22,11,11
219000679,19,63,-44
219000684,117,12,105
219000685,0,50,-50
219000686,1,6,-5
219000688,0,72,-72
219000689,12,171,-159
219000690,268,14,254
219000691,43,118,-75
219000692,347,21,326
219000693,1,5,-4
219000694,5,0,5
219000695,107,3,104
219000698,77,1,76
219000699,1,215,-214
219000727,4,624,-620
219000728,190,8,182
219000770,59,11,48
219000771,0,122,-122
219000788,384,505,-121
219001150,0,27,-27
219001151,1,5,-4
219001166,119,78,41
219001167,2,77,-75
219001178,52,2,50
220000001,43,201,-158
220000002,3,220,-217
220000003,362,412,-50
220000004,471,1075,-604
220000005,707,2233,-1526
220000006,223,1012,-789
220000007,817,340,477
220000008,429,671,-242
220000009,759,573,186
220000010,175,81,94
220000011,711,7216,-6505
220000012,35,727,-692
220000014,260,148,112
220000015,93,493,-400
220000017,27,546,-519
220000018,10020,1759,8261
220000019,223,902,-679
220000020,793,264,529
220000021,1437,339,1098
220000022,1654,375,1279
220000023,391,245,146
220000024,1154,958,196
220000025,688,2611,-1923
220000026,488,1303,-815
220000027,38,431,-393
220000028,39,255,-216
220000029,40,67,-27
220000030,102,228,-126
220000031,896,955,-59
220000064,48,3122,-3074
221000046,4,0,4
221000047,0,0,0
221000048,0,5,-5
221000049,0,39,-39
221000050,8,0,8
221000055,62,211,-149
221000068,240,100,140
221000069,453,55,398
221000070,349,17,332
221000071,180,4,176
221000072,448,8,440
221000073,361,91,270
221000074,0,27,-27
221000075,8,34,-26
221000076,33,31,2
221000077,56,112,-56
221000081,103,7,96
221000082,89,5,84
221000083,27,12,15
221000084,1,17,-16
221000085,28,213,-185
221000086,15,101,-86
221000087,6,162,-156
221000088,8,137,-129
221000089,37,250,-213
221000090,80,493,-413
221000098,250,45,205
221000099,404,16,388
221000100,244,12,232
221000101,310,13,297
221000103,16,25,-9
221000104,15,17,-2
221000107,99,0,99
221000108,95,54,41
221000111,10,105,-95
221000112,5,97,-92
221000113,20,125,-105
221000114,1,120,-119
221000120,12,165,-153
221000121,3,37,-34
221000122,23,80,-57
221000123,25,85,-60
221000124,5,76,-71
221000155,132,50,82
221000156,177,77,100
221000175,19,50,-31
221000176,2,1,1
221000182,74,9,65
221000241,522,350,172
221000242,157,281,-124
221000243,773,317,456
221000244,343,699,-356
221000245,243,291,-48
221000246,126,533,-407
221000247,263,275,-12
221000248,173,232,-59
221000267,19,858,-839
221000325,23,120,-97
221000331,3,87,-84
221000338,5,81,-76
221000378,371,86,285
221000381,74,98,-24
222000282,2,13,-11
222000296,2,43,-41
222000568,462,23,439
222000569,191,47,144
222000570,199,81,118
222000571,474,62,412
222000577,5,50,-45
222000578,8,131,-123
222000579,13,117,-104
222000580,29,703,-674
222000599,1,73,-72
222000600,0,111,-111
222000601,1,809,-808
222000603,10,230,-220
222000604,3,291,-288
222000605,11,108,-97
222000606,3,94,-91
222000607,4,21,-17
222000608,14,59,-45
222000609,56,65,-9
222000616,707,100,607
222000617,18,120,-102
222000618,1,24,-23
222000620,31,37,-6
222000621,36,37,-1
222000623,965,8,957
222000624,666,5,661
222000625,1755,9,1746
222000636,55,10,45
222000686,28,42,-14
222000687,82,46,36
222001066,565,3,562
222001067,46,0,46
222001068,196,16,180
222001069,110,43,67
222001082,16,2,14
222001083,86,5,81
222001084,0,46,-46
222001085,0,200,-200
222001111,120,100,20
222001112,435,194,241
222001313,8,41,-33
222001314,2,188,-186
222001464,556,141,415
222001465,49,180,-131
222001484,409,129,280
222001485,48,78,-30
222001494,1084,373,711
222001495,188,100,88
222001496,610,327,283
222001497,374,271,103
222001502,10,68,-58
222001503,280,68,212
222001504,21,369,-348
222001505,608,15,593
222001506,7,163,-156
222001507,326,1,325
222001510,1247,17,1230
222001511,125,181,-56
222001514,884,58,826
222001515,65,323,-258
222001518,718,21,697
222001519,143,105,38
222001527,175,20,155
222001528,46,253,-207
222001529,629,16,613
222001530,69,104,-35
222001533,249,198,51
222001534,612,160,452
222001535,664,630,34
222001536,130,131,-1
222001537,605,50,555
222001538,79,304,-225
222001563,1641,152,1489
222001564,37,312,-275
222001568,239,166,73
222001576,1,8,-7
222001579,0,27,-27
222001583,23,101,-78
222001584,220,56,164
222001596,652,1301,-649
222001597,1881,423,1458
222001626,0,75,-75
222001650,13,134,-121
222001651,25,285,-260
222001914,327,15,312
222001915,50,184,-134
222001968,830,371,459
222001969,482,471,11
222001970,84,333,-249
222001971,69,4,65
222001972,4,10,-6
225000001,610,214,396
225000002,1141,349,792
225000003,1302,368,934
225000004,886,895,-9
225000005,124,216,-92
225000006,1,563,-562
225000007,2832,1669,1163
225000010,522,23,499
225000011,464,2871,-2407
225000012,379,1314,-935
225000013,232,233,-1
225000014,1260,318,942
225000015,182,306,-124
225000021,1241,153,1088
225000027,493,640,-147
225000032,1048,165,883
225000042,248,679,-431
225000049,186,247,-61
225000050,369,69,300
225000053,17,377,-360
225000058,1441,502,939
225000067,505,203,302
225000068,208,985,-777
225000069,115,841,-726
225000070,281,491,-210
225000071,72,119,-47
225000075,149,3229,-3080
225000076,116,428,-312
225000078,62,178,-116
225000085,263,96,167
225000086,674,97,577
225000087,518,20,498
225000088,83,344,-261
225000089,89,619,-530
225000090,103,895,-792
225000091,148,202,-54
225000092,98,265,-167
225000093,663,382,281
225000094,42,265,-223
225000095,602,349,253
225000096,174,379,-205
225000098,1241,183,1058
225000099,721,234,487
225000100,855,226,629
225000104,348,589,-241
225000110,41,468,-427
225000111,514,680,-166
225000112,877,941,-64
225000113,353,2396,-2043
225000114,222,957,-735
225000115,2308,869,1439
225000116,498,328,170
225000117,1033,454,579
225000118,2293,426,1867
225000119,610,122,488
225000120,1551,199,1352
225000121,275,24,251
225000123,1178,48,1130
225000125,1006,440,566
225000126,1399,590,809
225000127,558,3675,-3117
225000128,570,1411,-841
225000132,935,55,880
225000133,480,47,433
225000134,1244,164,1080
225000135,165,9,156
225000136,1123,17,1106
225000137,646,264,382
225000138,1236,200,1036
225000143,233,347,-114
225000144,31,389,-358
225000145,121,233,-112
225000146,220,305,-85
225000147,175,186,-11
225000148,12,56,-44
225000149,116,244,-128
225000151,94,119,-25
225000155,370,293,77
225000156,294,1405,-1111
225000157,1028,680,348
225000158,152,321,-169
225000171,14,250,-236
225000180,29,0,29
225000181,0,274,-274
225000182,115,29,86
225000185,12,577,-565
225000187,189,522,-333
225000191,94,4,90
225000194,0,11,-11
225000208,2,87,-85
225000209,306,46,260
225000210,34,269,-235
225000217,0,47,-47
225000218,65,6,59
225000223,3,858,-855
225000224,342,22,320
225000225,0,729,-729
225000226,30,7,23
225000227,451,821,-370
225000228,9,18,-9
225000229,2,703,-701
225000230,28,6,22
225000231,0,57,-57
225000232,424,0,424
225000241,118,1,117
225000242,0,54,-54
225000249,31,0,31
225000250,143,404,-261
225000251,1079,206,873
226000042,255,565,-310
226000043,115,381,-266
226000044,318,925,-607
226000045,190,523,-333
226000046,1048,417,631
226000047,937,366,571
226000048,724,276,448
226000049,711,599,112
226000070,0,36,-36
226000071,2,162,-160
226000072,0,83,-83
226000073,0,27,-27
226000074,0,11,-11
226000084,1,101,-100
226000085,0,98,-98
226000086,1,43,-42
226000087,0,35,-35
226000088,7,20,-13
226000090,884,660,224
226000091,15,179,-164
226000092,1,26,-25
226000093,19,5,14
226000094,6,9,-3
226000095,19,39,-20
226000105,11,4,7
226000106,28,2,26
226000107,12,1,11
226000108,38,0,38
226000109,267,0,267
226000124,193,265,-72
226000134,1389,741,648
226000135,2606,980,1626
226000136,1092,733,359
226000137,11,456,-445
226000138,45,90,-45
226000139,32,106,-74
226000156,697,11,686
226000157,598,35,563
226000163,188,430,-242
226000202,24,288,-264
226000231,2011,48,1963
226000232,69,11,58
227000033,709,51,658
227000036,999,29,970
227000037,930,114,816
227000038,307,148,159
227000049,0,336,-336
227000050,6,317,-311
227000055,155,4,151
227000056,22,2,20
227000084,6,197,-191
227000085,4,186,-182
227000088,34,18,16
227000089,62,2,60
227000090,21,1,20
227000091,47,2,45
227000093,189,1,188
227000094,7,1,6
227000130,156,371,-215
227000131,60,259,-199
227000132,123,200,-77
227000133,14,118,-104
227000134,123,186,-63
227000152,1,15,-14
227000153,1,208,-207
227000155,6,59,-53
227000156,0,42,-42
227000165,3,147,-144
227000196,716,68,648
227000199,811,185,626
227000230,18,150,-132
227000232,677,73,604
227000242,43,593,-550
227000243,406,56,350
227000245,76,273,-197
227000246,222,253,-31
227000247,737,33,704
227000248,237,200,37
227000249,33,669,-636
227000250,462,609,-147
227000251,218,1080,-862
227000252,82,199,-117
227000253,278,88,190
227000262,908,38,870
227000266,1959,37,1922
227000267,13,798,-785
227000282,11,112,-101
227000284,613,25,588
227000286,15,34,-19
227000287,26,31,-5
227000291,4,387,-383
227000484,164,8,156
227000485,14,492,-478
227000655,249,13,236
227000656,358,17,341
227000657,100,10,90
227000661,110,60,50
227000680,204,97,107
229000265,109,34,75
229000296,2,120,-118
229000297,2,24,-22
229000298,32,157,-125
229000320,10,4,6
229000321,25,41,-16
229000412,22,117,-95
229000414,11,75,-64
229000415,14,14,0
229000416,0,0,0
229000417,0,5,-5
229000419,44,425,-381
229000440,291,145,146
229000442,25,4,21
229000443,4,22,-18
229000444,1,31,-30
229000445,101,5,96
229000446,39,29,10
229000847,206,1,205
229000848,83,1,82
229000849,313,1,312
229000851,114,0,114
229000854,0,46,-46
229000856,1,104,-103
229000857,0,43,-43
229000858,2,75,-73
229000919,14,137,-123
229000930,41,252,-211
229000937,170,26,144
229000966,162,46,116
229000981,50,12,38
229000985,32,9,23
229000986,0,6,-6
229000987,0,5,-5
229000988,0,2,-2
229000989,5,31,-26
229000990,0,4,-4
229000991,1,0,1
229000992,20,2,18
229000993,187,18,169
229000998,25,38,-13
229000999,106,2,104
229001034,0,18,-18
229001035,13,11,2
229001037,83,4,79
229001042,30,3,27
229001047,16,32,-16
229001050,71,36,35
229001200,51,0,51
229001338,0,5,-5
229001394,522,7,515
229001422,238,33,205
229001423,24,95,-71
229001431,60,87,-27
229001432,52,131,-79
229001444,241,51,190
229001445,126,82,44
229001503,337,116,221
229001504,252,156,96
229001505,194,85,109
229001506,131,162,-31
229001509,78,7,71
229001545,232,15,217
229001546,7,115,-108
229001553,244,181,63
229001554,8,124,-116
229001559,5,4,1
229001560,3,34,-31
229001630,118,22,96
229001631,12,52,-40
229001635,1,26,-25
229001636,0,0,0
229001658,0,126,-126
229001659,83,3,80
229001660,11,58,-47
229001661,1,57,-56
229001662,55,4,51
229001663,1,273,-272
229002584,159,270,-111
229002831,105,124,-19
229002841,8,41,-33
229002842,34,53,-19
229002843,48,41,7
229002844,145,156,-11
229002845,131,207,-76
229002846,9,137,-128
229002847,1,27,-26
229002848,8,76,-68
229002849,1,55,-54
229002850,22,2,20
229002851,90,208,-118
229002852,122,84,38
229002853,80,40,40
229002854,64,109,-45
229002855,23,118,-95
229002856,49,55,-6
229002857,13,178,-165
229002858,8,20,-12
229002859,39,137,-98
229002860,66,84,-18
229002861,105,42,63
229002862,33,49,-16
229002863,29,26,3
229002864,27,84,-57
229002865,4,19,-15
229002866,3,14,-11
229002867,1,54,-53
229002868,10,15,-5
229002869,13,95,-82
229002870,85,39,46
235000066,193,50,143
235000067,242,113,129
235000072,46,86,-40
235000073,156,582,-426
235000074,61,138,-77
235000080,23,98,-75
235000081,214,106,108
235000082,657,47,610
235000083,384,56,328
235000084,44,50,-6
235000085,225,105,120
235000089,133,134,-1
235000092,49,385,-336
235000093,4,25,-21
235000097,2,1,1
235000098,166,0,166
235000099,51,132,-81
235000116,10,32,-22
235000117,837,21,816
235000133,46,848,-802
235000134,21,239,-218
235000206,11,12,-1
235000207,1,1,0
235000208,1,0,1
235000209,6,9,-3
235000210,15,1,14
235000212,1,18,-17
235000213,3,5,-2
235000220,3,2,1
235000221,5,133,-128
235000238,17,390,-373
235000239,1,104,-103
235000242,400,1098,-698
235000245,434,218,216
235000246,10,87,-77
235000284,8,122,-114
235000295,143,68,75
235000305,323,62,261
235000306,457,22,435
235000307,63,2,61
235000308,54,1,53
235000309,176,1,175
235000310,70,0,70
235000311,106,151,-45
235000322,0,32,-32
235000323,0,47,-47
235000324,1,40,-39
235000325,11,15,-4
235000326,15,49,-34
235000351,3,111,-108
235000352,35,90,-55
235000353,22,51,-29
235000354,7,57,-50
235000355,22,92,-70
235000356,149,4,145
235000357,155,15,140
235000358,41,5,36
235000359,6,13,-7
235000360,80,7,73
235000361,157,6,151
235000381,419,72,347
235000382,238,67,171
235000390,3,0,3
235000391,181,12,169
235000392,255,322,-67
235000393,157,632,-475
235000395,137,53,84
235000396,467,75,392
235000400,43,187,-144
235000401,28,207,-179
235000405,246,149,97
235000406,86,105,-19
235000407,139,109,30
235000409,247,196,51
235000410,164,212,-48
235000411,0,66,-66
235000485,1,18,-17
235000486,4,1,3
235000549,107,487,-380
235000550,181,314,-133
235000599,215,45,170
235000600,6,17,-11
235000601,5,23,-18
235000602,124,38,86
235000614,0,6,-6
235000648,3,42,-39
235000649,148,2,146
235000685,1,9,-8
235000815,8,53,-45
235000834,0,33,-33
235000855,70,61,9
235000862,90,80,10
235000891,1,102,-101
235000892,39,5,34
235000901,78,662,-584
235000907,3,10,-7
235001010,119,83,36
235001029,250,308,-58
235001030,218,132,86
235001078,86,215,-129
235001079,108,62,46
235001147,24,104,-80
235001166,14,45,-31
235001167,101,49,52
235001169,80,204,-124
235001188,0,7,-7
235001189,1,10,-9
235001197,4,26,-22
235001200,105,54,51
235001207,903,65,838
235001210,444,174,270
235001215,60,132,-72
235001239,1,72,-71
235001244,0,9,-9
235016267,2,299,-297
277102712,0,0,0
277103813,0,0,0
277103814,0,0,0
277104249,0,5,-5
277104250,0,22,-22
277104251,0,6,-6
277104252,0,6,-6
990011530,0,504,-504
990014944,9,146,-137
990015176,290,1,289
990015618,20,118,-98
990016032,1,262,-261
990032570,0,30,-30
990070001,84,8,76
990070103,0,1,-1
990070601,0,23,-23
990070751,2904,2,2902
990070766,0,127,-127
990071180,906,508,398
990071343,88,0,88
990071387,15,19,-4
990071823,9,0,9
990072600,0,858,-858
990072964,0,162,-162
990073285,0,2,-2
990074393,3,451,-448
990074870,2682,12,2670
990075106,989,2,987
990075746,1021,22,999
990076437,5243,55,5188
990076458,2,460,-458
997000007,639,43,596
997000041,0,269,-269
997000058,75,1,74
997000062,34,30,4
997000069,0,11,-11
997000070,0,19,-19
997000100,164,0,164
997000141,0,264,-264
997000198,27,294,-267
998000475,0,0,0
998000736,0,243,-243
998000965,0,19,-19
998001031,0,123,-123
998001700,0,36,-36
998001899,0,0,0
998001900,12,1,11
998003073,1407,1,1406
998101900,0,0,0
998102850,3,158,-155
998501927,504,1568,-1064
998501929,311,3,308
998501930,187,68,119
998501931,373,11,362
998501932,24,0,24
998501933,79,22,57
998501937,85,57,28
998501944,8,0,8
998501950,0,6,-6
998501970,231,6,225
998501971,0,223,-223
998501973,2,12,-10
998501974,2,138,-136
998501975,211,19,192
998501976,931,8,923
998501977,2,25,-23
998501978,10,1,9
998501979,0,3,-3
998501980,231,1,230
998501981,52,1,51
998501982,0,176,-176
998501983,0,1,-1
998502006,0,0,0
998502024,0,43,-43
998502032,0,3,-3
998502062,7,1,6
998502063,0,0,0
998502173,81,0,81
998502269,1,6,-5
998502546,0,650,-650
998502578,3,2,1
998502599,46,612,-566
998502621,0,2,-2
998601159,0,23,-23
998601292,0,25,-25
999033574,0,177,-177
999800001,84,33,51
999800002,0,0,0
999800003,4,3,1
999800004,0,4,-4
999800005,0,51,-51
