ID,insum,outsum,diff
100000001,1396,899,497
100000002,6749,13796,-7047
100000003,6042,9575,-3533
100000004,353,1922,-1569
100000005,4361,5667,-1306
100000006,884,793,91
100000007,3633,1167,2466
100000008,108,1774,-1666
100000009,613,1016,-403
100000010,31,1024,-993
100000011,649,299,350
100000012,38,481,-443
100000013,25,495,-470
100000014,349,1539,-1190
100000015,1858,2825,-967
100000016,468,3789,-3321
100000017,452,5387,-4935
100000018,1127,875,252
100000019,4905,4828,77
100000020,2155,8670,-6515
100000021,9990,2151,7839
100000022,1199,8935,-7736
100000023,7030,4897,2133
100000025,828,3355,-2527
100000028,561,5707,-5146
100000029,54,2313,-2259
100000030,59,66,-7
100000031,2987,13893,-10906
100000032,4088,8913,-4825
100000033,1510,6634,-5124
100000034,273,3234,-2961
100000035,956,2478,-1522
100000036,900,3115,-2215
100000037,1186,638,548
100000038,3852,1414,2438
100000039,289,699,-410
100000040,893,286,607
100000041,2218,723,1495
100000042,1917,509,1408
100000043,896,395,501
100000044,344,557,-213
100000045,374,712,-338
100000046,567,904,-337
100000047,183,459,-276
100000048,160,953,-793
100000049,1844,2008,-164
100000051,866,584,282
100000053,102,6,96
100000054,449,36,413
100000055,815,322,493
100000056,361,963,-602
100000057,2420,778,1642
100000058,1082,782,300
100000059,28,481,-453
100000060,930,620,310
100000061,2511,853,1658
100000062,2030,1067,963
100000063,1291,496,795
100000064,1720,1016,704
100000065,439,1166,-727
100000066,335,606,-271
100000067,233,1050,-817
100000068,604,2433,-1829
100000069,299,1566,-1267
100000072,213,473,-260
100000073,1459,1309,150
100000075,1585,370,1215
100000076,2296,8704,-6408
100000077,180,1156,-976
100000078,34,119,-85
100000079,16,109,-93
100000080,5,96,-91
100000081,45,196,-151
100000102,4555,13503,-8948
100000103,2988,3419,-431
100000104,9488,3178,6310
100000105,1451,4693,-3242
100000106,1047,8018,-6971
100000107,92,2436,-2344
100000108,378,2590,-2212
100000109,677,4085,-3408
100000116,361,1044,-683
100000117,72,187,-115
100000118,511,1902,-1391
100000119,1186,1612,-426
100000121,233,1094,-861
100000122,709,8740,-8031
100000123,1603,4295,-2692
100000124,2334,3935,-1601
100000125,18006,4015,13991
100000126,796,3246,-2450
100000127,1837,3263,-1426
100000128,410,6119,-5709
100000129,443,1575,-1132
100000130,980,343,637
100000131,896,1884,-988
100000132,1863,2129,-266
100000133,1655,1120,535
100000135,1179,1681,-502
100000139,138,930,-792
100000140,102,248,-146
100000142,678,1215,-537
100000143,2230,475,1755
100000144,1822,611,1211
100000147,2897,6903,-4006
100000150,113,925,-812
100000151,471,3801,-3330
100000153,66,1178,-1112
100000154,34,2203,-2169
100000155,3,162,-159
100000156,199,295,-96
100000157,341,267,74
100000158,269,256,13
100000159,160,4092,-3932
100000165,931,915,16
100000169,42,3827,-3785
100000174,418,1951,-1533
100000179,199,2232,-2033
100000180,695,3794,-3099
100000181,454,720,-266
100000188,88,388,-300
100000189,1054,523,531
100000190,705,2888,-2183
100000191,1545,1094,451
100000192,33,147,-114
100000193,460,218,242
100000330,842,1792,-950
100000355,376,778,-402
100000362,2644,1197,1447
100000363,8543,12112,-3569
100000364,130,350,-220
100000365,8655,12928,-4273
100000366,1991,1487,504
100000367,8822,10688,-1866
100000368,2421,1956,465
100000369,963,4006,-3043
100000370,344,1312,-968
100000376,65,507,-442
100000379,1101,8494,-7393
100000380,3864,19547,-15683
100000384,8388,14456,-6068
100000385,2291,9381,-7090
100000386,2262,14330,-12068
100000387,7200,16264,-9064
100000388,2477,6627,-4150
100000389,7258,12366,-5108
100000390,3652,5336,-1684
100000391,3042,11455,-8413
100000392,709,4299,-3590
100000393,883,7145,-6262
100000394,2672,9250,-6578
100000395,1249,8484,-7235
100000396,1280,2933,-1653
100000397,2240,10555,-8315
100000398,7171,5473,1698
100000413,4,5,-1
100900002,5,14,-9
100900003,906,442,464
100900004,16,1379,-1363
100900005,228,12,216
100900006,42,27,15
100900007,356,2,354
100900008,2,737,-735
100900009,50,75,-25
100900010,55,8,47
100900011,405,101,304
100900012,16,220,-204
100900013,1586,16,1570
100900014,0,0,0
100900015,64,80,-16
100900016,1,33,-32
100900017,1860,143,1717
100900018,6,8,-2
100900019,64,52,12
100900020,646,3,643
100900021,609,1,608
100900022,3,18,-15
100900023,1,89,-88
100900024,446,2,444
100900025,10,3,7
100900026,203,96,107
100900027,714,4091,-3377
100900028,61,950,-889
100900029,69,11,58
100900030,1,672,-671
100900031,1324,87,1237
100900032,784,8,776
100900033,197,1074,-877
100900034,1998,3,1995
100900035,307,0,307
100900036,44,0,44
100900037,212,75,137
100900038,21,445,-424
100900039,334,169,165
100900040,837,147,690
100900041,2617,245,2372
100900042,283,4886,-4603
100900043,1,193,-192
100900044,1565,1465,100
100900045,4,2,2
100900046,1783,3,1780
100900047,911,103,808
100900048,219,82,137
100900049,142,158,-16
100900050,20,56,-36
100900051,25,383,-358
100900052,515,19,496
100900053,1076,61,1015
100900054,37,30,7
100900055,1001,2096,-1095
100900056,15,100,-85
100900057,4510,653,3857
100900058,144,115,29
100900059,127,1,126
100900060,297,8,289
100900061,131,265,-134
100900062,4,24,-20
100900063,317,1464,-1147
100900064,869,16,853
100900065,95,223,-128
100900066,270,119,151
100900067,9,0,9
100900068,193,278,-85
100900069,141,4,137
100900070,1008,9,999
100900071,235,174,61
100900072,2,48,-46
100900073,246,511,-265
100900074,0,14,-14
100900075,3034,310,2724
100900076,7,42,-35
100900077,91,3,88
100900078,360,356,4
100900079,4,61,-57
100900080,149,233,-84
100900081,22,176,-154
100900082,423,126,297
100900083,3,137,-134
100900085,5,970,-965
100900086,63,443,-380
100900088,368,134,234
100900089,4,30,-26
100900090,131,2816,-2685
100900091,0,4,-4
100900092,131,142,-11
100900093,453,885,-432
100900094,402,105,297
100900095,6,51,-45
100900096,26,711,-685
100900097,69,2,67
100900098,18,38,-20
100900099,10,1162,-1152
100900100,13,454,-441
100900101,445,73,372
100900102,4,93,-89
100900103,7,20,-13
100900104,6,263,-257
100900105,26,1015,-989
100900106,14,8,6
100900107,4693,1233,3460
100900108,5,35,-30
100900109,13,81,-68
100900110,0,29,-29
100900111,20,342,-322
100900112,5,24,-19
100900113,11,14,-3
100900114,13,20,-7
100900115,12,95,-83
100900116,1658,639,1019
100900117,406,1515,-1109
100900118,10,176,-166
100900119,4,19,-15
100900120,13,18,-5
100900121,638,503,135
100900122,102,145,-43
100900123,441,76,365
100900124,4,17,-13
100900125,14,41,-27
100900126,1142,222,920
100900127,9,4,5
100900128,78,1599,-1521
100900129,3,417,-414
100900131,22,134,-112
100900133,132,27,105
100900134,6,20,-14
100900135,6,1330,-1324
100900137,477,292,185
100900138,603,713,-110
100900139,2,34,-32
100900140,3,244,-241
100900141,10,1106,-1096
100900142,0,4,-4
100900143,470,1577,-1107
100900144,5,4,1
100900145,83,717,-634
100900146,6,28,-22
100900147,22,4444,-4422
100900148,169,232,-63
100900149,20,976,-956
100900150,2,31,-29
100900151,121,679,-558
100900152,417,11,406
100900153,2,352,-350
100900154,1,476,-475
100900155,8,8,0
100900156,48,2,46
100900157,31,479,-448
100900159,7,117,-110
100900160,41,10,31
100900161,67,1,66
100900162,6,271,-265
100900163,110,102,8
100900164,221,46,175
100900165,39,75,-36
100900166,31,0,31
100900167,30,48,-18
100900168,19,87,-68
100900169,81,1804,-1723
100900170,22,14,8
100900171,17,685,-668
100900172,0,193,-193
100900173,23,158,-135
100900174,67,28,39
100900176,2391,812,1579
100900177,749,501,248
100900178,230,242,-12
100900179,331,508,-177
100900180,0,1,-1
100900181,38,98,-60
100900182,94,12,82
100900184,47,118,-71
100900186,709,366,343
100900187,74,120,-46
100900188,33,8,25
100900189,3745,248,3497
100900191,677,1310,-633
100900192,244,615,-371
100900195,147,1321,-1174
100900197,79,134,-55
100900198,41,41,0
100900199,5,6,-1
100900200,1138,417,721
100900201,117,1075,-958
100900202,40,3,37
100900203,2,119,-117
100900204,66,1032,-966
100900205,311,730,-419
100900206,274,308,-34
100900207,301,190,111
100900210,132,182,-50
100900211,886,173,713
100900213,217,54,163
100900214,395,277,118
100900215,199,34,165
100900217,259,258,1
101000001,2594,2908,-314
101000002,11091,12354,-1263
101000003,575,1106,-531
101000004,9956,7346,2610
101000005,3682,7530,-3848
101000006,15817,15469,348
101000007,5999,7698,-1699
101000008,2442,3926,-1484
101000009,4234,1186,3048
101000010,1812,1452,360
101000011,2504,578,1926
101000012,468,1102,-634
101000013,687,2056,-1369
101000014,410,569,-159
101000015,3209,2506,703
101000016,283,1496,-1213
101000017,472,789,-317
101000018,1820,15639,-13819
101000020,1897,2886,-989
101000021,629,1838,-1209
101000022,38,434,-396
101000023,1353,1450,-97
101000025,563,1052,-489
101000026,365,65,300
101000027,2138,6285,-4147
101000028,1558,486,1072
101000029,119,1940,-1821
101000030,1154,174,980
101000031,89,890,-801
101000032,2124,5985,-3861
101000033,1523,10823,-9300
101000034,992,5547,-4555
101000035,439,1054,-615
101000036,633,5041,-4408
101000037,1521,7285,-5764
101000039,2366,7377,-5011
101000040,3795,11411,-7616
101000041,2803,8999,-6196
101000042,71,1568,-1497
101000043,4466,12468,-8002
101000045,302,1260,-958
101000046,1311,2741,-1430
101000047,1146,5493,-4347
101000048,679,829,-150
101000049,742,4203,-3461
101000050,717,2853,-2136
101000051,703,2912,-2209
101000052,2625,2695,-70
101000053,483,2475,-1992
101000054,3574,1332,2242
101000055,1697,2464,-767
101000056,33,242,-209
101000057,828,5457,-4629
101000058,1091,3843,-2752
101000059,3330,4780,-1450
101000060,3833,2469,1364
101000061,316,3729,-3413
101000062,343,1226,-883
101000063,189,2662,-2473
101000064,385,2618,-2233
101000065,223,1900,-1677
101000066,429,2490,-2061
101000067,244,1155,-911
101000068,94,515,-421
101000069,293,157,136
101000070,411,1040,-629
101000071,6180,2448,3732
101000072,922,3542,-2620
101000073,506,1579,-1073
101000074,2134,4417,-2283
101000075,2181,4346,-2165
101000077,2125,2568,-443
101000078,790,1742,-952
101000079,897,1519,-622
101000080,809,1758,-949
101000081,2212,2023,189
101000082,2629,2488,141
101000083,4411,3328,1083
101000084,1406,686,720
101000085,2205,2005,200
101000086,960,1679,-719
101000087,1241,1323,-82
101000088,2634,1796,838
101000089,1845,2591,-746
101000090,2523,906,1617
101000091,933,538,395
101000092,3225,631,2594
101000093,2584,714,1870
101000094,1483,1094,389
101000095,946,747,199
101000096,958,416,542
101000097,630,1747,-1117
101000098,550,1723,-1173
101000099,771,1777,-1006
101000100,1161,2283,-1122
101000101,223,2425,-2202
101000102,442,2872,-2430
101000103,541,2042,-1501
101000104,424,1201,-777
101000105,224,1204,-980
101000106,231,4336,-4105
101000107,384,1073,-689
101000108,900,114,786
101000109,1444,229,1215
101000110,53,257,-204
101000111,76,300,-224
101000113,137,1735,-1598
101000114,2207,8817,-6610
101000115,29,35,-6
101000116,17,49,-32
101000117,2020,382,1638
101000119,19,141,-122
101000120,124,263,-139
101000121,16,66,-50
101000122,135,90,45
101000123,28,100,-72
101000124,484,604,-120
101000125,113,205,-92
101000128,161,2519,-2358
101000130,217,270,-53
101000131,2788,576,2212
101000132,1435,750,685
101000135,16,70,-54
101000136,124,238,-114
101000137,33,970,-937
101000141,791,8205,-7414
101000147,2303,469,1834
101000148,1258,9,1249
101000149,41,161,-120
101000150,252,425,-173
101000151,640,77,563
101000152,533,668,-135
101000153,514,283,231
101000154,751,848,-97
101000155,898,312,586
101000156,69,1195,-1126
101000157,74,436,-362
101000160,21,34,-13
101000163,88,948,-860
101000164,427,176,251
101000165,392,810,-418
101000166,221,386,-165
101000168,1514,976,538
101000252,4169,1511,2658
101000254,57,66,-9
101000258,55,3,52
101000261,61,138,-77
101000262,4211,10685,-6474
101000263,497,2035,-1538
101000265,164,989,-825
101000266,644,419,225
101000269,17,62,-45
101000290,375,5040,-4665
101000293,17,108,-91
101000294,1119,1161,-42
101000295,555,268,287
101000301,287,1468,-1181
101000304,4247,8098,-3851
101000305,4265,3459,806
101000328,226,1848,-1622
101900001,32,21,11
101900002,0,0,0
101900003,36,472,-436
101900004,0,478,-478
101900005,1583,6234,-4651
101900006,3600,270,3330
101900007,829,410,419
101900008,83,881,-798
101900009,55,727,-672
101900010,657,1223,-566
101900011,73,2239,-2166
101900012,1012,123,889
101900013,943,138,805
101900017,16,162,-146
101900018,1944,455,1489
101900019,70,185,-115
101900020,117,108,9
101900021,1,75,-74
101900022,295,1971,-1676
101900023,259,357,-98
101900026,135,54,81
101900027,27,139,-112
102000001,5818,12858,-7040
102000002,3368,9695,-6327
102000003,3410,8876,-5466
102000004,9853,6548,3305
102000005,2868,5650,-2782
102000006,1467,2438,-971
102000007,4279,6314,-2035
102000008,9222,2554,6668
102000009,13385,12187,1198
102000010,6501,3576,2925
102000011,8412,8653,-241
102000012,5228,3928,1300
102000018,5351,5379,-28
102000019,4649,2991,1658
102000026,1387,664,723
102000029,500,562,-62
102000030,209,679,-470
102000031,164,259,-95
102000032,1240,803,437
102000033,757,364,393
102000034,965,636,329
102000035,1581,758,823
102000036,69,329,-260
102000037,225,68,157
102000038,175,741,-566
102000039,87,400,-313
102000040,310,507,-197
102000041,57,1077,-1020
102000042,98,679,-581
102000043,119,1084,-965
102000044,767,2349,-1582
102000045,1375,1753,-378
102000046,2605,1689,916
102000047,1887,1226,661
102000048,1238,871,367
102000049,1607,2129,-522
102000050,3011,2217,794
102000051,242,1312,-1070
102000052,1800,2314,-514
102000053,1482,2631,-1149
102000054,1565,1473,92
102000055,2002,273,1729
102000056,3343,378,2965
102000057,3282,787,2495
102000058,1307,983,324
102000059,1321,2618,-1297
102000060,1460,1524,-64
102000061,2808,2685,123
102000062,3658,1497,2161
102000063,2151,2388,-237
102000064,948,912,36
102000065,69,183,-114
102000066,1448,1776,-328
102000067,10402,6793,3609
102000068,13873,6305,7568
102000069,123,3480,-3357
102000070,2899,55,2844
102000071,10394,17664,-7270
102000072,3801,5985,-2184
102000073,1470,756,714
102000074,1334,1733,-399
102000075,263,279,-16
102000076,644,156,488
102000077,1247,400,847
102000078,2203,332,1871
102000079,296,74,222
102000080,676,208,468
102000081,328,1149,-821
102000082,923,532,391
102000083,1885,451,1434
102000084,1094,395,699
102000085,3107,1056,2051
102000086,2635,1138,1497
102000087,1116,1747,-631
102000088,677,472,205
102000089,2487,429,2058
102000090,451,1553,-1102
102000091,1553,821,732
102000092,466,733,-267
102000093,2085,1158,927
102000094,539,402,137
102000095,989,1667,-678
102000096,404,478,-74
102000097,1121,431,690
102000098,355,562,-207
102000099,913,1011,-98
102000100,335,1075,-740
102000101,372,459,-87
102000102,496,1963,-1467
102000103,6015,759,5256
102000104,1162,748,414
102000105,512,766,-254
102000106,1298,701,597
102000107,3824,286,3538
102000108,1075,465,610
102000109,2136,985,1151
102000110,2463,1090,1373
102000111,11,925,-914
102000112,144,237,-93
102000113,17,117,-100
102000114,2245,544,1701
102000115,395,668,-273
102000116,397,1096,-699
102000117,57,1600,-1543
102000118,1200,2678,-1478
102000119,1067,2216,-1149
102000120,398,967,-569
102000121,1573,465,1108
102000122,668,1282,-614
102000123,1572,926,646
102000124,1742,1799,-57
102000125,520,1004,-484
102000126,613,1132,-519
102000127,1483,824,659
102000128,889,1113,-224
102000129,2082,627,1455
102000130,803,944,-141
102000131,1188,889,299
102000132,360,950,-590
102000133,5411,2846,2565
102000134,1463,1337,126
102000135,908,960,-52
102000136,1349,775,574
102000137,655,717,-62
102000138,726,358,368
102000139,147,892,-745
102000140,258,916,-658
102000141,263,479,-216
102000142,646,369,277
102000143,612,311,301
102000144,573,412,161
102000145,767,376,391
102000146,820,408,412
102000147,761,531,230
102000148,565,1112,-547
102000149,823,147,676
102000150,1229,103,1126
102000151,169,147,22
102000152,455,299,156
102000153,1204,1037,167
102000154,176,439,-263
102000155,69,894,-825
102000156,437,307,130
102000157,94,2171,-2077
102000158,411,778,-367
102000159,3595,1948,1647
102000161,5450,3555,1895
102000162,205,510,-305
102000163,209,471,-262
102000164,1012,1001,11
102000165,339,758,-419
102000166,93,493,-400
102000167,271,506,-235
102000168,361,335,26
102000169,264,853,-589
102000170,1559,268,1291
102000171,129,231,-102
102000172,20,558,-538
102000173,679,565,114
102000174,291,117,174
102000175,129,126,3
102000176,38,97,-59
102000178,351,858,-507
102000179,586,562,24
102000180,2036,321,1715
102000181,1640,463,1177
102000182,799,421,378
102000183,3113,1438,1675
102000184,2899,832,2067
102000185,4150,1037,3113
102000186,3195,1202,1993
102000187,1623,2538,-915
102000188,2249,2978,-729
102000189,3950,1138,2812
102000190,751,3140,-2389
102000191,1435,402,1033
102000192,3638,2540,1098
102000193,299,230,69
102000194,62,849,-787
102000195,1022,863,159
102000196,471,539,-68
102000197,2007,290,1717
102000198,373,552,-179
102000199,2191,155,2036
102000200,558,893,-335
102000201,2492,672,1820
102000202,41,360,-319
102000203,1185,244,941
102000204,1596,1031,565
102000205,2159,1240,919
102000206,1081,697,384
102000207,1306,906,400
102000208,873,1429,-556
102000209,64,407,-343
102000210,1105,839,266
102000211,1208,392,816
102000212,973,25,948
102000213,14,388,-374
102000214,1191,13,1178
102000215,11,293,-282
102000216,271,257,14
102000217,44,82,-38
102000218,384,515,-131
102000219,384,132,252
102000225,423,833,-410
102000226,252,309,-57
102000227,180,1,179
102000228,0,333,-333
102000229,117,109,8
102000230,719,422,297
102000231,532,493,39
102000232,200,359,-159
102000233,2481,533,1948
102000234,117,1365,-1248
102000236,506,76,430
102000237,1526,1155,371
102000238,374,623,-249
102000240,583,1274,-691
102000241,300,136,164
102000243,25,74,-49
102000245,23,105,-82
102000246,10,175,-165
102000247,366,481,-115
102000248,247,1241,-994
102000249,280,135,145
102000250,136,174,-38
102000254,498,277,221
102000266,4,669,-665
102000271,76,0,76
102000286,670,425,245
102000297,4737,1867,2870
102000301,0,0,0
102000303,0,0,0
102000305,0,0,0
102000307,0,6,-6
102900001,1346,582,764
102900002,375,80,295
102900003,192,217,-25
102900005,846,265,581
102900006,842,83,759
102900007,1322,14,1308
102900008,406,37,369
102900009,281,558,-277
102900010,165,1505,-1340
102900011,1205,909,296
102900012,609,259,350
102900013,144,10,134
102900015,1057,1155,-98
102900016,139,26,113
102900017,464,125,339
102900018,128,57,71
102900019,846,1134,-288
102900020,627,53,574
102900021,58,26,32
102900022,110,55,55
102900023,37,89,-52
102900024,110,57,53
102900025,57,86,-29
102900026,907,3508,-2601
102900027,136,104,32
102900028,282,1631,-1349
102900029,246,734,-488
102900030,592,550,42
102900031,542,180,362
102900032,275,67,208
102900033,120,299,-179
102900034,1236,30,1206
102900035,251,348,-97
102900036,813,259,554
102900037,556,267,289
102900038,605,247,358
102900039,26,1413,-1387
102900040,346,443,-97
102900041,234,163,71
102900042,591,147,444
102900043,621,118,503
102900044,799,1712,-913
102900045,489,390,99
102900046,301,84,217
102900047,263,1309,-1046
102900048,968,341,627
102900049,93,293,-200
102900050,217,569,-352
102900051,313,725,-412
102900053,557,958,-401
102900054,266,2280,-2014
102900055,267,673,-406
102900056,194,411,-217
102900057,3,119,-116
102900058,644,116,528
102900059,46,18,28
102900060,193,637,-444
102900061,456,570,-114
102900062,597,700,-103
102900063,3218,458,2760
102900064,121,871,-750
102900065,952,176,776
102900066,691,26,665
102900068,86,440,-354
102900070,397,725,-328
102900072,31,111,-80
102900073,113,8,105
102900075,5,178,-173
102900076,83,185,-102
102900077,41,54,-13
102900078,58,23,35
102900079,517,2,515
102900080,579,15,564
102900081,87,182,-95
102900082,45,250,-205
102900083,184,5,179
102900084,4,34,-30
102900085,201,96,105
102900086,19,101,-82
102900087,381,145,236
102900088,107,86,21
102900089,307,436,-129
102900090,2,333,-331
102900091,414,0,414
102900092,1284,161,1123
102900094,0,270,-270
102900095,121,1,120
102900096,130,7,123
102900097,23,44,-21
103000001,2926,4892,-1966
103000002,3246,5824,-2578
103000003,4271,4861,-590
103000004,1074,1038,36
103000005,2340,7635,-5295
103000006,2072,2555,-483
103000007,972,668,304
103000008,1413,2345,-932
103000009,4324,2691,1633
103000010,409,217,192
103000011,1763,1007,756
103000012,1698,2822,-1124
103000013,5077,3241,1836
103000014,1715,6460,-4745
103000015,4460,1874,2586
103000016,1119,4008,-2889
103000017,434,1357,-923
103000018,960,210,750
103000019,647,954,-307
103000020,1945,2832,-887
103000021,2387,5772,-3385
103000022,1075,2311,-1236
103000023,1893,5237,-3344
103000024,103,62,41
103000025,160,2070,-1910
103000026,456,199,257
103000027,215,668,-453
103000028,190,293,-103
103000029,71,377,-306
103000030,3236,2265,971
103000031,916,4235,-3319
103000032,2945,1806,1139
103000033,3619,4000,-381
103000034,1599,1133,466
103000035,277,1824,-1547
103000036,365,299,66
103000037,865,486,379
103000038,655,1193,-538
103000039,1568,407,1161
103000040,792,645,147
103000041,4309,1623,2686
103000042,3359,395,2964
103000043,1440,806,634
103000044,607,206,401
103000046,457,868,-411
103000047,1074,392,682
103000048,560,386,174
103000049,67,153,-86
103000050,1285,294,991
103000051,887,764,123
103000052,1356,364,992
103000053,340,314,26
103000054,2611,528,2083
103000055,2347,1464,883
103000056,1637,817,820
103000057,2367,116,2251
103000058,1355,478,877
103000059,1397,779,618
103000060,1305,282,1023
103000061,1141,874,267
103000062,1007,327,680
103000063,1667,928,739
103000064,306,100,206
103000065,9,372,-363
103000066,469,11,458
103000069,602,673,-71
103000070,1051,507,544
103000071,3041,1114,1927
103000072,135,787,-652
103000073,2222,187,2035
103000074,1577,219,1358
103000075,143,589,-446
103000076,557,1475,-918
103000077,10,345,-335
103000078,1844,2697,-853
103000079,796,1609,-813
103000080,632,646,-14
103000081,397,1274,-877
103000082,1046,314,732
103000083,243,843,-600
103000084,151,8,143
103000085,2,238,-236
103000086,533,992,-459
103000087,202,961,-759
103000088,278,781,-503
103000089,513,1553,-1040
103000090,6852,1517,5335
103000091,2059,782,1277
103000092,572,385,187
103000093,581,966,-385
103000094,646,247,399
103000095,192,718,-526
103000096,807,106,701
103000097,199,1033,-834
103000098,856,285,571
103000099,129,1408,-1279
103000100,174,584,-410
103000101,2528,183,2345
103000102,69,370,-301
103000103,1213,171,1042
103000104,190,85,105
103000105,407,110,297
103000106,12,159,-147
103000107,457,203,254
103000108,2921,2240,681
103000109,1189,1215,-26
103000110,1296,1064,232
103000111,524,1414,-890
103000112,388,1175,-787
103000113,199,3342,-3143
103000114,2756,3582,-826
103000115,1611,1281,330
103000116,996,572,424
103000117,527,650,-123
103000118,699,447,252
103000119,2297,752,1545
103000120,120,1065,-945
103000121,132,163,-31
103000122,688,682,6
103000125,35,97,-62
103000126,1600,6,1594
103000127,5,76,-71
103000128,332,6,326
103000129,2,113,-111
103000130,124,77,47
103000131,98,140,-42
103000132,52,127,-75
103000133,40,108,-68
103000134,339,2130,-1791
103000135,1114,261,853
103000136,693,1179,-486
103000137,510,975,-465
103000138,688,1036,-348
103000139,0,170,-170
103000140,313,31,282
103000141,73,376,-303
103000142,197,219,-22
103000143,128,309,-181
103000144,332,268,64
103000145,18,362,-344
103000150,155,79,76
103000152,257,755,-498
103000153,397,638,-241
103000156,10,148,-138
103000157,744,3,741
103000159,773,62,711
103000162,55,23,32
103000163,20,18,2
103000164,16,31,-15
103000165,136,198,-62
103000166,621,1307,-686
103000167,590,545,45
103000168,401,318,83
103000169,234,1224,-990
103000170,1750,328,1422
103000171,15,251,-236
103000172,1590,152,1438
103000173,2053,265,1788
103000174,606,276,330
103000175,639,141,498
103000176,1413,1743,-330
103000177,300,846,-546
103000178,104,348,-244
103000179,248,49,199
103000183,746,56,690
103000185,447,86,361
103000186,477,127,350
103000187,2132,244,1888
103000188,45,84,-39
103000189,914,1315,-401
103000191,663,466,197
103000292,801,3590,-2789
103000293,1180,7006,-5826
103000295,117,282,-165
103000296,209,3,206
103000297,1,28,-27
103000504,21,17,4
103000505,2,59,-57
103000506,3,210,-207
103000507,352,1,351
103000508,119,111,8
103000509,457,1091,-634
103900001,107,63,44
103900002,959,67,892
103900003,1204,293,911
103900004,261,1,260
103900005,0,155,-155
103900006,23,7,16
103900007,364,5,359
103900008,38,0,38
103900009,666,248,418
103900010,531,143,388
103900011,791,94,697
103900012,9,89,-80
103900013,143,25,118
103900014,192,61,131
103900015,208,7,201
103900016,241,157,84
103900017,194,151,43
103900018,398,103,295
103900019,41,859,-818
103900020,732,556,176
103900021,125,41,84
103900022,776,713,63
103900023,386,8,378
103900024,72,333,-261
103900025,9,22,-13
103900026,25,0,25
103900027,577,414,163
103900028,171,626,-455
103900029,2209,257,1952
103900030,475,274,201
103900031,117,2,115
103900032,222,247,-25
103900033,83,108,-25
103900034,119,20,99
103900035,103,52,51
103900036,49,77,-28
103900037,231,77,154
103900038,172,404,-232
103900039,497,178,319
103900040,32,104,-72
103900041,118,70,48
103900042,318,58,260
103900043,401,101,300
103900044,67,1274,-1207
103900045,567,169,398
103900047,362,36,326
103900048,23,282,-259
103900049,161,1925,-1764
103900050,50,405,-355
103900051,2,118,-116
103900052,387,681,-294
103900053,854,216,638
103900054,566,222,344
103900055,904,277,627
103900056,155,93,62
103900057,606,72,534
103900058,765,265,500
103900059,0,194,-194
103900060,232,91,141
103900061,454,25,429
103900062,1721,503,1218
103900063,19,0,19
103900064,328,4,324
103900065,272,363,-91
103900066,296,59,237
103900067,559,11,548
103900068,6,0,6
103900069,204,24,180
103900070,400,120,280
103900071,34,57,-23
103900072,106,115,-9
103900073,60,47,13
103900074,280,107,173
103900075,468,71,397
103900076,1400,272,1128
103900077,37,256,-219
103900078,618,466,152
103900079,179,280,-101
103900080,4,27,-23
103900081,39,40,-1
103900082,104,175,-71
103900083,3109,3429,-320
103900084,46,716,-670
103900085,78,120,-42
103900086,2879,448,2431
103900088,360,675,-315
103900089,89,300,-211
103900090,27,124,-97
103900091,950,157,793
103900092,1204,2031,-827
103900093,143,914,-771
103900094,17,26,-9
103900095,276,1022,-746
103900096,356,75,281
103900097,58,313,-255
103900098,691,149,542
103900099,622,85,537
103900100,464,139,325
103900101,1116,1381,-265
103900102,4,112,-108
103900104,0,43,-43
103900105,52,70,-18
103900106,7,1508,-1501
103900107,363,25,338
103900108,78,146,-68
103900109,316,21,295
103900110,580,40,540
103900111,372,192,180
103900112,32,190,-158
103900113,166,289,-123
103900114,2127,361,1766
103900115,223,330,-107
103900116,2186,5327,-3141
103900117,33,53,-20
103900119,15,307,-292
103900120,306,64,242
103900122,579,100,479
103900123,722,1637,-915
103900124,92,372,-280
103900125,152,74,78
103900126,1137,144,993
103900127,190,197,-7
103900128,236,49,187
103900131,78,131,-53
103900133,1225,46,1179
103900134,0,34,-34
103900135,1,10,-9
103900137,0,8,-8
103900138,391,47,344
103900139,345,5977,-5632
103900140,3,768,-765
103900141,281,45,236
103900142,741,70,671
103900143,467,7,460
103900144,48,32,16
103900145,269,291,-22
103900146,542,142,400
103900147,832,92,740
103900148,705,117,588
103900149,536,171,365
103900150,5668,9353,-3685
103900151,11,149,-138
103900152,2192,227,1965
103900153,33,21,12
103900154,376,4586,-4210
103900155,36,136,-100
103900156,63,95,-32
103900157,448,106,342
103900158,536,89,447
103900159,832,42,790
103900160,123,14,109
103900161,52,156,-104
103900162,59,47,12
103900163,33,554,-521
103900167,0,135,-135
103900168,106,156,-50
103900169,16,63,-47
103900170,2,67,-65
103900171,12,23,-11
103900172,6,15,-9
103900173,45,56,-11
103900174,737,34,703
103900175,72,273,-201
103900176,28,36,-8
103900177,17,22,-5
103900178,112,3,109
103900179,164,38,126
103900180,5,77,-72
103900181,6,200,-194
103900182,18,66,-48
103900184,465,104,361
103900185,125,1616,-1491
103900187,18,336,-318
103900188,246,127,119
103900189,193,9,184
103900190,238,63,175
103900191,41,55,-14
103900192,25,114,-89
103900193,67,155,-88
103900194,113,136,-23
103900195,4,284,-280
103900196,116,99,17
103900197,13,39,-26
103900198,9,45,-36
103900199,197,94,103
103900200,492,78,414
103900201,94,101,-7
103900202,3,71,-68
103900203,85,82,3
103900204,1,51,-50
103900207,0,13,-13
103900208,187,1,186
103900209,4,70,-66
103900210,58,82,-24
103900211,1752,160,1592
103900212,303,136,167
103900213,14,746,-732
103900214,255,882,-627
103900215,222,862,-640
103900216,21,208,-187
103900217,712,220,492
103900218,5,623,-618
103900219,602,226,376
103900233,727,57,670
103900235,18,609,-591
103900236,22,48,-26
103900242,2,3,-1
103900243,1,9,-8
103900244,137,201,-64
103900245,241,161,80
103900246,29,115,-86
103900247,47,94,-47
103900248,4,121,-117
103900249,17,160,-143
103900250,295,218,77
103900251,4,188,-184
103900253,2,212,-210
103900254,3,108,-105
103900255,8,98,-90
103900256,66,63,3
103900257,448,617,-169
103900258,83,44,39
103900259,68,162,-94
103900261,143,1,142
103900262,108,13,95
103900263,59,224,-165
103900264,23,3,20
103900265,25,1,24
103900266,3,329,-326
103900267,4,80,-76
103900268,60,72,-12
103900269,299,33,266
103900270,171,67,104
103900271,246,105,141
103900272,156,31,125
103900273,394,7,387
103900274,575,8,567
103900275,346,27,319
103900276,9,29,-20
103900277,23,12,11
103900278,4,15,-11
103900279,9,167,-158
103900280,1,24,-23
104000001,5706,3618,2088
104000002,2648,2935,-287
104000003,4277,2697,1580
104000004,3810,3197,613
104000005,4511,3225,1286
104000006,5289,3018,2271
104000007,6292,4883,1409
104000008,318,335,-17
104000009,189,205,-16
104000010,257,1052,-795
104000011,405,196,209
104000012,218,235,-17
104000013,360,754,-394
104000014,413,391,22
104000015,742,352,390
104000016,447,354,93
104000018,1070,472,598
104000019,855,752,103
104000020,119,334,-215
104000021,720,295,425
104000022,516,545,-29
104000023,1892,875,1017
104000024,473,546,-73
104000026,189,221,-32
104000027,564,308,256
104000028,662,629,33
104000029,727,414,313
104000030,570,603,-33
104000031,2003,441,1562
104000032,195,128,67
104000033,1321,804,517
104000034,339,150,189
104000035,1603,486,1117
104000036,1995,543,1452
104000037,290,128,162
104000038,505,564,-59
104000039,339,120,219
104000040,194,973,-779
104000041,936,747,189
104000042,335,245,90
104000043,306,354,-48
104000044,595,624,-29
104000045,984,754,230
104000046,846,960,-114
104000047,1064,1003,61
104000048,1261,941,320
104000049,1327,533,794
104000050,188,1233,-1045
104000051,410,1536,-1126
104000052,3738,4417,-679
104000053,2225,685,1540
104000054,951,244,707
104000055,3482,3446,36
104000056,983,318,665
104000057,581,459,122
104000058,2232,1295,937
104000059,1391,1671,-280
104000060,1925,2983,-1058
104000061,1662,1096,566
104000062,817,338,479
104000064,1382,453,929
104000065,118,908,-790
104000069,640,3057,-2417
104000070,146,1068,-922
104000071,559,451,108
104000072,1178,327,851
104000075,254,392,-138
104000076,1058,102,956
104000082,2768,8121,-5353
104000083,1001,335,666
104000084,264,501,-237
104000085,1077,479,598
104000086,470,754,-284
104000087,485,2882,-2397
104000090,2050,1087,963
104000092,2901,1521,1380
104000094,1361,1025,336
104000095,5731,2400,3331
104000096,4751,149,4602
104000097,5173,758,4415
104000098,6833,814,6019
104000100,4284,1319,2965
104000101,3224,2409,815
104000106,47,961,-914
104000107,1114,213,901
104000108,435,333,102
104000109,713,321,392
104000110,1112,1735,-623
104000111,3177,6831,-3654
104000112,938,677,261
104000116,3,791,-788
104000117,634,392,242
104000118,2664,221,2443
104000119,1384,432,952
104000120,421,487,-66
104000121,464,672,-208
104000122,1263,811,452
104000123,1513,959,554
104000124,474,1444,-970
104000125,3352,8005,-4653
104000126,944,851,93
104000127,1935,1735,200
104000128,1051,136,915
104000129,749,18,731
104000130,7,358,-351
104000131,463,849,-386
104000132,632,964,-332
104000133,2235,824,1411
104000134,1767,1812,-45
104000135,938,1797,-859
104000136,1101,3693,-2592
104000137,3220,459,2761
104000138,2395,474,1921
104000139,3152,3436,-284
104000141,1389,645,744
104000142,1333,433,900
104000143,1497,428,1069
104000144,303,531,-228
104000145,548,266,282
104000146,268,806,-538
104000147,235,381,-146
104000148,503,283,220
104000149,332,95,237
104000150,1458,670,788
104000151,519,125,394
104000152,1031,216,815
104000153,1032,976,56
104000154,758,263,495
104000155,610,1412,-802
104000157,3067,1124,1943
104000158,142,619,-477
104000159,1355,1183,172
104000160,2676,3695,-1019
104000161,420,166,254
104000162,194,202,-8
104000165,1453,883,570
104000167,1071,2678,-1607
104000168,1718,8,1710
104000169,273,173,100
104000170,323,390,-67
104000248,636,1025,-389
104000251,140,246,-106
104000272,0,0,0
104000273,0,0,0
104000274,0,0,0
104000275,0,0,0
104000279,717,561,156
104000290,114,599,-485
104000291,917,2619,-1702
104000293,2980,2090,890
104000294,190,0,190
104000295,1294,1304,-10
104000296,906,788,118
104000297,1204,2860,-1656
104000298,2282,870,1412
104000299,2051,1307,744
104000302,101,69,32
104000303,117,95,22
104900001,180,310,-130
104900002,71,409,-338
104900003,126,152,-26
104900004,74,94,-20
104900005,897,413,484
104900006,1526,132,1394
104900007,1036,137,899
104900009,166,223,-57
104900010,235,24,211
104900011,9,91,-82
104900012,307,40,267
104900013,102,10,92
104900014,1964,468,1496
104900015,176,2,174
104900016,338,219,119
104900017,172,209,-37
104900018,14,133,-119
104900019,212,8206,-7994
104900020,86,397,-311
104900021,0,34,-34
104900022,14,611,-597
104900023,0,19,-19
104900024,32,542,-510
104900025,104,181,-77
104900026,0,62,-62
104900027,890,493,397
104900028,26,253,-227
104900029,21,33,-12
104900030,974,248,726
104900031,38,368,-330
104900032,124,87,37
104900033,324,320,4
104900034,422,293,129
104900035,569,411,158
104900036,617,27,590
104900037,379,165,214
104900038,182,3295,-3113
104900039,471,377,94
104900040,961,48,913
104900041,696,162,534
104900042,288,266,22
104900043,103,777,-674
104900044,1563,123,1440
104900045,474,71,403
104900046,1105,155,950
104900047,671,134,537
104900048,745,71,674
104900049,147,34,113
104900050,963,104,859
104900051,545,56,489
104900052,295,4,291
104900053,979,144,835
104900054,415,86,329
104900055,506,2,504
104900056,593,58,535
104900057,133,1,132
104900058,680,513,167
104900059,201,111,90
104900060,0,332,-332
104900061,146,199,-53
104900063,2,703,-701
104900064,0,161,-161
104900065,4,476,-472
104900066,1,91,-90
104900067,4,399,-395
104900068,162,229,-67
104900070,84,218,-134
104900071,1,613,-612
104900072,87,214,-127
104900073,201,175,26
104900074,112,142,-30
104900075,104,35,69
104900076,198,109,89
104900077,532,228,304
104900078,216,141,75
104900079,194,2526,-2332
104900080,177,279,-102
104900082,7,436,-429
104900085,17,228,-211
104900087,534,5,529
104900089,782,0,782
104900090,2161,1895,266
104900091,659,646,13
104900093,204,292,-88
104900097,1827,5856,-4029
104900098,530,85,445
104900099,284,1883,-1599
104900100,554,229,325
104900102,115,128,-13
104900103,341,94,247
104900104,2057,1951,106
104900106,776,235,541
104900107,147,376,-229
104900108,41,235,-194
104900109,297,279,18
104900110,21,80,-59
104900111,808,105,703
104900112,712,348,364
104900113,1301,257,1044
104900114,1310,469,841
104900115,1679,212,1467
104900116,1171,259,912
104900118,24,54,-30
104900119,0,85,-85
104900120,20,2229,-2209
104900121,0,21,-21
104900122,1,33,-32
104900123,327,26,301
104900124,151,1,150
104900125,620,3,617
104900126,19,34,-15
104900127,21,23,-2
104900128,169,119,50
104900129,1140,5379,-4239
105000001,6313,2006,4307
105000002,4112,3652,460
105000003,4448,7704,-3256
105000004,1740,1459,281
105000005,2986,2837,149
105000006,1949,4334,-2385
105000007,2764,5375,-2611
105000008,1476,6864,-5388
105000009,4805,6698,-1893
105000010,4232,1780,2452
105000011,4602,5973,-1371
105000012,2982,2467,515
105000013,2025,2809,-784
105000014,6549,6509,40
105000015,11154,22139,-10985
105000016,1198,1074,124
105000017,2223,1305,918
105000018,1028,3309,-2281
105000019,1465,1882,-417
105000020,96,932,-836
105000021,596,372,224
105000022,138,296,-158
105000023,2022,290,1732
105000028,36,104,-68
105000029,919,2286,-1367
105000030,4850,2719,2131
105000031,10,33,-23
105000033,1769,1559,210
105000034,281,2296,-2015
105000037,948,395,553
105000038,1836,2891,-1055
105000039,1358,1195,163
105000040,1148,2556,-1408
105000041,394,848,-454
105000042,2757,2280,477
105000043,1143,1194,-51
105000044,1234,492,742
105000045,317,401,-84
105000046,2466,422,2044
105000047,1026,540,486
105000048,2006,574,1432
105000049,371,502,-131
105000050,1690,881,809
105000051,410,497,-87
105000052,1074,2207,-1133
105000053,348,354,-6
105000054,736,2544,-1808
105000055,1065,402,663
105000056,2921,2915,6
105000057,2762,1293,1469
105000058,2120,1429,691
105000059,2140,1430,710
105000060,911,609,302
105000061,2911,1290,1621
105000062,990,758,232
105000063,723,680,43
105000064,4608,1374,3234
105000065,748,911,-163
105000066,1343,2163,-820
105000067,2961,2163,798
105000068,513,1535,-1022
105000069,2331,4598,-2267
105000070,984,2362,-1378
105000071,280,3877,-3597
105000072,2795,12960,-10165
105000073,1971,1691,280
105000074,785,892,-107
105000075,953,1059,-106
105000076,1913,2115,-202
105000077,4042,1414,2628
105000078,1184,2109,-925
105000079,1210,3515,-2305
105000080,3058,3753,-695
105000081,1598,2051,-453
105000082,1112,2565,-1453
105000083,2473,3296,-823
105000084,1001,1307,-306
105000085,3819,3499,320
105000086,1565,1667,-102
105000087,4635,3781,854
105000088,3426,5550,-2124
105000089,2716,2299,417
105000090,777,603,174
105000091,1041,1150,-109
105000092,894,1266,-372
105000093,600,743,-143
105000094,381,365,16
105000095,431,1549,-1118
105000096,2378,4445,-2067
105000097,635,1083,-448
105000098,2372,3073,-701
105000099,869,2367,-1498
105000100,3186,1550,1636
105000101,5464,1895,3569
105000102,3080,1951,1129
105000103,2360,2713,-353
105000104,3866,2138,1728
105000105,2160,2536,-376
105000106,2924,1450,1474
105000107,2735,1267,1468
105000108,2433,1468,965
105000109,5270,1347,3923
105000110,1731,714,1017
105000111,2873,738,2135
105000112,1798,740,1058
105000113,1027,1598,-571
105000114,2419,2395,24
105000115,632,3752,-3120
105000116,2122,1299,823
105000117,1561,907,654
105000118,1953,859,1094
105000119,969,780,189
105000120,3019,919,2100
105000121,1524,820,704
105000122,747,1001,-254
105000123,765,848,-83
105000124,3783,1361,2422
105000125,1968,1836,132
105000126,3485,2387,1098
105000127,4560,2620,1940
105000128,1485,2749,-1264
105000129,2622,834,1788
105000130,325,5674,-5349
105000131,682,244,438
105000132,2502,1320,1182
105000133,715,847,-132
105000134,2523,823,1700
105000135,560,672,-112
105000136,166,169,-3
105000137,1198,406,792
105000138,226,175,51
105000139,1092,634,458
105000140,834,448,386
105000141,702,421,281
105000142,574,646,-72
105000143,202,746,-544
105000144,586,803,-217
105000145,1250,529,721
105000146,650,922,-272
105000147,1047,807,240
105000148,1610,1681,-71
105000149,4888,3356,1532
105000150,1876,1045,831
105000151,1185,683,502
105000152,231,964,-733
105000153,1851,793,1058
105000154,862,818,44
105000155,1152,655,497
105000156,465,1083,-618
105000157,1119,1678,-559
105000158,5047,1187,3860
105000159,708,986,-278
105000160,6404,1408,4996
105000161,1200,1138,62
105000162,1198,5667,-4469
105000163,1568,1578,-10
105000164,143,725,-582
105000165,2004,19567,-17563
105000166,7629,2291,5338
105000167,2158,5470,-3312
105000168,899,712,187
105000169,2337,168,2169
105000170,616,1660,-1044
105000171,2883,364,2519
105000172,613,51,562
105000173,648,78,570
105000174,168,96,72
105000175,193,96,97
105000176,930,209,721
105000177,830,558,272
105000178,605,355,250
105000179,1590,147,1443
105000180,633,122,511
105000181,433,189,244
105000182,98,122,-24
105000183,3382,3998,-616
105000184,612,1289,-677
105000185,824,1894,-1070
105000186,843,991,-148
105000187,1092,588,504
105000188,210,853,-643
105000189,214,1119,-905
105000190,323,773,-450
105000191,632,814,-182
105000192,709,122,587
105000193,147,362,-215
105000194,1714,189,1525
105000195,513,1002,-489
105000196,181,699,-518
105000197,326,638,-312
105000198,539,119,420
105000199,153,1472,-1319
105000200,166,648,-482
105000201,184,106,78
105000203,75,141,-66
105000204,80,78,2
105000205,150,153,-3
105000207,322,107,215
105000208,348,594,-246
105000209,316,179,137
105000211,882,14,868
105000212,2025,762,1263
105000213,44,217,-173
105000214,155,313,-158
105000215,570,185,385
105000216,594,133,461
105000217,487,208,279
105000218,3695,1771,1924
105000221,248,504,-256
105000222,721,747,-26
105000223,977,838,139
105000226,289,162,127
105000227,90,173,-83
105000228,86,2264,-2178
105000229,328,1803,-1475
105000231,804,383,421
105000233,1972,1859,113
105000234,612,954,-342
105000235,915,1338,-423
105000237,2715,234,2481
105000243,127,49,78
105000248,63,176,-113
105000262,871,543,328
105000269,241,180,61
105000270,1177,29,1148
105000271,1,297,-296
105000282,106,138,-32
105000287,357,136,221
105000288,1480,751,729
105000289,809,2021,-1212
105000290,50,25,25
105000402,2483,6372,-3889
105000426,540,685,-145
105000438,997,1587,-590
105000440,41,17,24
105000446,8995,4345,4650
105000447,2043,1625,418
105000454,1409,226,1183
105000455,255,154,101
105000474,237,0,237
105000477,1888,903,985
105000478,4111,9007,-4896
105000479,103,376,-273
105000480,6028,11191,-5163
105000481,7796,8130,-334
105000482,2738,3188,-450
105000483,4026,6212,-2186
105000484,2068,2372,-304
105000485,1600,5489,-3889
105000486,2278,3049,-771
105000488,3592,1963,1629
105000489,2954,1838,1116
105000549,116,931,-815
105000550,419,1058,-639
105000551,29,211,-182
105000552,3576,1562,2014
105000555,1596,3063,-1467
105000556,145,44,101
105000557,151,265,-114
105900001,8,3623,-3615
105900002,1045,2441,-1396
105900003,32,288,-256
105900004,278,71,207
105900005,285,636,-351
105900006,26,208,-182
105900007,74,156,-82
105900008,311,297,14
105900009,53,40,13
105900011,277,85,192
105900012,794,105,689
105900013,10,31,-21
105900014,0,81,-81
105900015,89,337,-248
105900016,1168,303,865
105900017,3094,36,3058
105900018,133,192,-59
105900019,178,435,-257
105900020,117,134,-17
105900021,76,488,-412
105900022,389,384,5
105900023,15,165,-150
105900024,5,639,-634
105900025,507,5,502
105900026,388,10,378
105900027,19005,5676,13329
105900028,136,1217,-1081
105900029,2516,373,2143
105900030,306,533,-227
105900031,765,244,521
105900032,177,165,12
105900033,201,177,24
105900034,917,486,431
105900035,645,308,337
105900036,257,88,169
105900037,416,61,355
105900038,220,331,-111
105900039,350,94,256
105900040,131,195,-64
105900041,295,437,-142
105900042,237,452,-215
105900043,1743,30,1713
105900044,10,904,-894
105900045,3,2291,-2288
105900046,6,356,-350
105900047,5,160,-155
105900048,274,671,-397
105900050,1641,10668,-9027
105900051,87,1409,-1322
105900052,1942,135,1807
105900053,4151,6358,-2207
105900054,375,272,103
105900056,774,921,-147
105900057,25,156,-131
105900058,36,30,6
105900059,0,235,-235
106000001,2740,4056,-1316
106000002,1266,3915,-2649
106000003,5493,7459,-1966
106000004,2405,2774,-369
106000005,6513,6928,-415
106000006,6615,2101,4514
106000007,793,552,241
106000008,529,437,92
106000009,638,376,262
106000010,365,466,-101
106000011,3205,1602,1603
106000012,1615,1270,345
106000013,3463,2425,1038
106000014,1909,1529,380
106000015,3640,1903,1737
106000016,1905,1843,62
106000017,745,1498,-753
106000018,803,673,130
106000019,611,743,-132
106000020,638,538,100
106000021,632,795,-163
106000022,417,283,134
106000023,1130,895,235
106000024,801,700,101
106000025,237,297,-60
106000026,194,323,-129
106000027,2624,2569,55
106000028,1376,360,1016
106000029,1274,924,350
106000030,276,757,-481
106000034,190,624,-434
106000035,1366,3010,-1644
106000036,240,477,-237
106000037,1985,1788,197
106000038,95,257,-162
106000039,57,260,-203
106000040,193,1217,-1024
106000041,1063,625,438
106000043,479,373,106
106000046,746,113,633
106000047,101,743,-642
106000049,2312,453,1859
106000050,373,988,-615
106000051,1732,886,846
106000052,415,417,-2
106000053,785,215,570
106000054,587,404,183
106000055,1518,1021,497
106000056,579,308,271
106000057,916,458,458
106000058,348,110,238
106000059,763,558,205
106000060,577,344,233
106000061,374,1283,-909
106000062,291,445,-154
106000063,1684,1368,316
106000064,27,517,-490
106000065,875,326,549
106000066,220,804,-584
106000067,1121,187,934
106000068,176,832,-656
106000069,719,132,587
106000070,557,776,-219
106000071,1420,388,1032
106000072,5288,2110,3178
106000073,2666,10011,-7345
106000074,1460,1070,390
106000075,703,1670,-967
106000076,2133,2109,24
106000077,2197,1157,1040
106000078,2237,832,1405
106000079,1466,1267,199
106000080,2116,769,1347
106000081,1575,1229,346
106000082,2294,814,1480
106000083,663,1400,-737
106000084,1405,571,834
106000085,2087,1619,468
106000086,786,928,-142
106000087,1238,550,688
106000088,770,921,-151
106000089,2009,300,1709
106000090,581,854,-273
106000091,339,668,-329
106000092,2357,495,1862
106000093,1033,210,823
106000094,159,442,-283
106000095,2042,1317,725
106000096,2245,778,1467
106000097,2332,1385,947
106000098,2085,1027,1058
106000099,255,668,-413
106000100,2606,226,2380
106000101,1699,340,1359
106000102,153,614,-461
106000103,409,944,-535
106000104,1861,576,1285
106000105,722,986,-264
106000106,1649,472,1177
106000107,217,392,-175
106000108,1071,156,915
106000109,450,197,253
106000110,917,247,670
106000111,269,198,71
106000112,558,1680,-1122
106000113,956,655,301
106000114,981,2343,-1362
106000115,583,428,155
106000116,682,337,345
106000117,1362,590,772
106000118,2398,1712,686
106000119,1449,724,725
106000120,1743,2715,-972
106000121,862,365,497
106000122,542,132,410
106000123,1695,201,1494
106000124,552,126,426
106000125,187,230,-43
106000126,813,176,637
106000127,3294,942,2352
106000128,2194,432,1762
106000129,1479,741,738
106000130,2320,626,1694
106000131,251,1499,-1248
106000132,1598,301,1297
106000133,3335,3619,-284
106000134,803,6145,-5342
106000135,265,1077,-812
106000136,1478,2889,-1411
106000137,177,1596,-1419
106000138,4713,200,4513
106000139,213,250,-37
106000140,80,160,-80
106000141,241,66,175
106000142,197,216,-19
106000143,43,46,-3
106000144,111,200,-89
106000145,1184,101,1083
106000146,721,202,519
106000147,611,556,55
106000148,916,881,35
106000149,1453,427,1026
106000150,1724,4145,-2421
106000151,5158,834,4324
106000152,1226,4735,-3509
106000153,149,2920,-2771
106000154,1632,189,1443
106000155,425,557,-132
106000156,2731,277,2454
106000157,1040,2725,-1685
106000158,2231,798,1433
106000159,4693,4859,-166
106000160,1161,7938,-6777
106000161,1656,359,1297
106000162,702,2633,-1931
106000163,613,382,231
106000164,1401,419,982
106000165,474,658,-184
106000166,2110,493,1617
106000167,773,1708,-935
106000168,1829,516,1313
106000169,488,747,-259
106000170,1990,563,1427
106000171,348,1747,-1399
106000172,3617,2788,829
106000173,1046,5111,-4065
106000174,2394,577,1817
106000175,320,717,-397
106000176,4125,1356,2769
106000177,1329,2439,-1110
106000178,4211,1800,2411
106000179,992,2148,-1156
106000180,1248,868,380
106000181,2706,1637,1069
106000182,3228,755,2473
106000183,3461,471,2990
106000184,2425,777,1648
106000185,2971,2702,269
106000186,647,81,566
106000187,133,2193,-2060
106000188,3,4,-1
106000189,44,65,-21
106000190,76,3,73
106000191,1057,106,951
106000192,1,30,-29
106000193,551,378,173
106000194,142,506,-364
106000195,273,266,7
106000196,53,477,-424
106000197,1357,306,1051
106000198,392,262,130
106000199,1157,1855,-698
106000200,598,379,219
106000201,668,10059,-9391
106000202,5201,999,4202
106000203,89,339,-250
106000204,143,4,139
106000205,41,199,-158
106000206,166,14,152
106000207,28,264,-236
106000208,3795,226,3569
106000209,3528,779,2749
106000210,496,801,-305
106000211,264,1388,-1124
106000212,2195,715,1480
106000213,358,1248,-890
106000214,1938,577,1361
106000215,555,541,14
106000216,1246,724,522
106000217,289,471,-182
106000218,563,297,266
106000219,315,342,-27
106000220,890,329,561
106000221,683,98,585
106000222,226,97,129
106000223,857,198,659
106000224,651,122,529
106000225,252,230,22
106000226,175,207,-32
106000228,152,274,-122
106000229,335,697,-362
106000231,2431,220,2211
106000232,211,505,-294
106000233,826,953,-127
106000234,100,795,-695
106000235,529,970,-441
106000236,116,707,-591
106000237,1,45,-44
106000238,22,115,-93
106000239,1,227,-226
106000240,112,7,105
106000241,18,833,-815
106000242,861,24,837
106000249,179,95,84
106000250,108,1033,-925
106000251,260,20,240
106000252,38,102,-64
106000253,113,70,43
106000254,215,34,181
106000255,66,243,-177
106000256,200,13,187
106000257,233,206,27
106000258,191,344,-153
106000259,17,300,-283
106000260,104,31,73
106000261,29,93,-64
106000262,118,79,39
106000263,47,79,-32
106000264,371,14,357
106000265,121,146,-25
106000266,259,81,178
106000267,8,192,-184
106000268,467,148,319
106000269,76,88,-12
106000270,164,259,-95
106000271,116,200,-84
106000272,187,76,111
106000273,11,400,-389
106000274,226,57,169
106000275,356,223,133
106000276,78,34,44
106000277,215,293,-78
106000278,226,28,198
106000279,42,18,24
106000280,235,35,200
106000281,97,46,51
106000282,120,81,39
106000283,204,52,152
106000284,233,76,157
106000285,127,139,-12
106000286,277,85,192
106000287,125,117,8
106000288,159,162,-3
106000289,223,77,146
106000290,172,91,81
106000291,187,83,104
106000292,292,77,215
106000293,137,67,70
106000294,140,49,91
106000295,53,91,-38
106000296,28,77,-49
106000297,61,325,-264
106000298,69,224,-155
106000299,50,83,-33
106000300,87,97,-10
106000301,107,208,-101
106000303,119,74,45
106000304,101,19,82
106000305,235,46,189
106000306,69,74,-5
106000307,253,24,229
106000308,81,87,-6
106000309,84,50,34
106000310,624,484,140
106000311,804,247,557
106000312,297,218,79
106000313,758,221,537
106000318,170,495,-325
106000319,3470,569,2901
106000320,3,133,-130
106000321,283,349,-66
106000322,673,52,621
106000324,42,127,-85
106000325,3233,1000,2233
106000326,1128,1497,-369
106000327,708,101,607
106000328,28,397,-369
106000329,104,734,-630
106000330,21,154,-133
106000428,107,427,-320
106000429,178,357,-179
106000430,506,2175,-1669
106000431,3917,758,3159
106000432,1121,3359,-2238
106000433,3638,2016,1622
106000434,5904,1482,4422
106000435,1591,2494,-903
106000436,23,195,-172
106000437,976,117,859
106000438,237,584,-347
106000439,81,1820,-1739
106000440,262,442,-180
106000441,1,4,-3
106000442,1213,7,1206
106000443,528,166,362
106000450,1,106,-105
106000451,37,266,-229
106000454,2,314,-312
106000455,4,136,-132
106000456,226,44,182
106000457,97,904,-807
106000458,1994,164,1830
106000459,918,143,775
106000460,3244,97,3147
106000461,674,283,391
106000462,1,62,-61
106000463,2,17,-15
106000464,3,501,-498
106000465,1282,13,1269
106000466,1,304,-303
106000467,247,377,-130
106000468,328,225,103
106000469,267,1,266
106000470,280,4343,-4063
106000471,10,363,-353
106000472,278,10,268
106000473,122,10,112
106000474,558,851,-293
106000475,933,336,597
106000476,403,425,-22
106000477,121,129,-8
106000480,1,1707,-1706
106900001,0,16,-16
106900002,0,181,-181
106900003,84,1596,-1512
106900004,0,23,-23
106900006,0,19,-19
106900007,0,8,-8
106900008,1551,118,1433
106900009,1206,158,1048
106900010,783,439,344
106900012,1924,5815,-3891
106900013,1222,311,911
106900014,178,10,168
106900015,20,2,18
106900016,867,34,833
106900017,26,3,23
106900018,55,2,53
106900019,336,4,332
106900020,2022,5128,-3106
106900021,295,220,75
106900022,2295,8,2287
106900023,137,235,-98
106900024,1014,88,926
106900025,35,491,-456
106900026,0,229,-229
106900027,1650,8,1642
107000001,5031,6515,-1484
107000002,1864,2523,-659
107000003,15097,11233,3864
107000004,4545,2068,2477
107000005,14958,10790,4168
107000006,4623,2869,1754
107000007,9830,12582,-2752
107000008,5634,3161,2473
107000009,15208,10526,4682
107000010,6840,4294,2546
107000011,913,1504,-591
107000012,3201,2942,259
107000013,229,57,172
107000014,231,100,131
107000015,877,605,272
107000016,1605,597,1008
107000017,735,2428,-1693
107000018,13,2117,-2104
107000020,778,1972,-1194
107000021,1458,579,879
107000022,1490,2693,-1203
107000023,2967,333,2634
107000024,805,3721,-2916
107000025,679,360,319
107000026,485,605,-120
107000027,2963,974,1989
107000028,1962,808,1154
107000029,6950,4286,2664
107000030,3052,1837,1215
107000031,9877,3825,6052
107000032,364,1045,-681
107000033,3037,5645,-2608
107000034,4809,1456,3353
107000035,845,490,355
107000036,627,2285,-1658
107000037,155,1058,-903
107000038,502,260,242
107000039,1779,1615,164
107000040,637,234,403
107000041,1634,1262,372
107000042,579,3217,-2638
107000043,2096,1336,760
107000044,470,469,1
107000045,108,593,-485
107000046,1116,584,532
107000047,890,1366,-476
107000048,1020,563,457
107000049,700,1220,-520
107000050,1317,847,470
107000051,388,489,-101
107000052,1760,3346,-1586
107000053,536,1104,-568
107000054,59,196,-137
107000055,837,371,466
107000056,672,569,103
107000057,2104,193,1911
107000058,2641,5043,-2402
107000059,3418,3737,-319
107000060,8679,8697,-18
107000061,5715,3325,2390
107000062,10065,5843,4222
107000063,5417,3509,1908
107000064,8946,6789,2157
107000065,3818,6386,-2568
107000066,2434,4450,-2016
107000067,2425,2249,176
107000068,1079,1606,-527
107000069,1894,1254,640
107000070,1752,5,1747
107000071,7261,79,7182
107000072,14,1274,-1260
107000073,1802,1311,491
107000074,141,640,-499
107000075,3329,445,2884
107000076,307,771,-464
107000077,5214,855,4359
107000078,889,1610,-721
107000079,4472,1353,3119
107000080,565,1512,-947
107000081,5068,983,4085
107000082,1030,918,112
107000083,2301,1270,1031
107000084,286,749,-463
107000085,4887,4548,339
107000086,4068,2657,1411
107000087,6292,4569,1723
107000088,4006,5321,-1315
107000089,3374,4643,-1269
107000090,2415,1441,974
107000091,3017,2123,894
107000092,1660,1006,654
107000093,2252,1883,369
107000094,1483,1390,93
107000095,2120,1268,852
107000096,1123,685,438
107000097,2120,975,1145
107000098,922,807,115
107000099,805,645,160
107000100,398,533,-135
107000101,285,431,-146
107000102,398,528,-130
107000103,731,534,197
107000104,223,581,-358
107000105,1155,571,584
107000106,239,410,-171
107000107,1547,390,1157
107000108,326,713,-387
107000109,1983,409,1574
107000110,343,368,-25
107000111,1217,100,1117
107000112,45,252,-207
107000113,2030,234,1796
107000114,85,502,-417
107000115,1776,1636,140
107000116,91,810,-719
107000117,305,6592,-6287
107000118,134,192,-58
107000119,2072,2057,15
107000120,1243,1793,-550
107000121,1425,1113,312
107000122,1085,943,142
107000123,911,749,162
107000124,1056,409,647
107000125,2264,663,1601
107000126,3202,301,2901
107000129,380,645,-265
107000130,1458,349,1109
107000131,369,448,-79
107000132,796,516,280
107000133,470,503,-33
107000134,335,2,333
107000135,1,435,-434
107000136,873,2,871
107000137,18,653,-635
107000138,208,32,176
107000139,12,895,-883
107000140,2604,73,2531
107000141,117,1581,-1464
107000142,799,94,705
107000143,39,1403,-1364
107000144,1210,978,232
107000145,203,786,-583
107000146,303,555,-252
107000147,6992,939,6053
107000150,565,7260,-6695
107000151,34,21,13
107000152,1621,4125,-2504
107000153,97,270,-173
107000154,33,412,-379
107000155,1596,13,1583
107000156,1916,47,1869
107000157,50,586,-536
107000158,1959,20,1939
107000159,11,743,-732
107000160,3435,284,3151
107000161,74,376,-302
107000162,587,1422,-835
107000163,395,6,389
107000164,1849,6,1843
107000165,2588,13,2575
107000166,79,328,-249
107000167,1746,325,1421
107000168,2107,872,1235
107000169,433,489,-56
107000170,5957,1098,4859
107000171,1017,1066,-49
107000172,2745,3174,-429
107000173,665,522,143
107000174,2226,10940,-8714
107000175,4500,841,3659
107000176,0,0,0
107000177,1,1,0
107000178,95,10,85
107000179,548,1301,-753
107000180,3314,279,3035
107000181,525,759,-234
107000182,3542,837,2705
107000183,395,574,-179
107000184,2523,753,1770
107000185,457,1266,-809
107000186,1621,617,1004
107000187,1897,1805,92
107000188,1082,391,691
107000189,1343,1137,206
107000190,1413,630,783
107000191,1668,1639,29
107000192,2717,919,1798
107000193,721,1049,-328
107000194,1092,975,117
107000197,1354,359,995
107000198,380,738,-358
107000199,1806,1166,640
107000200,1859,1266,593
107000201,788,642,146
107000202,556,666,-110
107000203,558,2352,-1794
107000204,545,3593,-3048
107000205,1077,932,145
107000206,435,1511,-1076
107000207,660,1350,-690
107000208,1283,750,533
107000209,858,1183,-325
107000210,221,201,20
107000211,2,48,-46
107000212,12,209,-197
107000213,31,18,13
107000214,39,68,-29
107000215,933,420,513
107000216,892,293,599
107000217,344,2107,-1763
107000219,112,400,-288
107000220,201,410,-209
107000222,483,370,113
107000224,830,317,513
107000225,270,381,-111
107000226,921,611,310
107000227,275,190,85
107000228,510,1007,-497
107000229,184,330,-146
107000230,2899,1182,1717
107000231,639,1970,-1331
107000232,244,63,181
107000233,275,826,-551
107000234,5,91,-86
107000235,82,47,35
107000236,30,690,-660
107000237,132,1,131
107000238,62,10,52
107000239,2842,994,1848
107000240,625,406,219
107000243,1,111,-110
107000244,13,144,-131
107000246,1,580,-579
107000249,1,698,-697
107000251,5,524,-519
107000252,3,1026,-1023
107000255,412,679,-267
107000257,2,1165,-1163
107000258,2,291,-289
107000259,14,215,-201
107000260,3081,33,3048
107000262,172,238,-66
107000263,682,5,677
107000266,26,24,2
107000267,44,173,-129
107000268,328,63,265
107000269,120,10,110
107000270,1097,264,833
107000271,9,1,8
107000272,553,4,549
107000273,6,237,-231
107000274,685,366,319
107000275,10,1656,-1646
107000280,2597,16,2581
107000281,40,470,-430
107000282,16,449,-433
107000290,15,93,-78
107000291,44,23,21
107000292,5,563,-558
107000293,31,77,-46
107000294,1,146,-145
107000295,89,29,60
107000296,0,15,-15
107000444,444,1,443
107000496,16,4,12
107000497,1206,1577,-371
107000500,779,647,132
107000501,153,419,-266
107000502,425,1192,-767
107000505,699,1179,-480
107000506,0,8,-8
107000508,55,264,-209
107000509,198,985,-787
107000510,93,476,-383
107000514,59,742,-683
107000515,25,51,-26
107000516,969,609,360
107000518,3607,5318,-1711
107000519,1538,678,860
107000520,188,57,131
107000521,1742,575,1167
107000522,3038,441,2597
107900001,171,56,115
107900002,134,21,113
107900003,1696,12,1684
107900004,34,1,33
107900005,4973,10,4963
107900006,325,8,317
107900007,715,89,626
107900008,52,11,41
107900009,189,33,156
107900010,99,9,90
107900012,717,85,632
107900013,397,19,378
107900014,280,7,273
107900015,3250,27,3223
107900016,656,97,559
107900017,93,4,89
107900018,127,655,-528
107900019,39,26,13
107900020,15,128,-113
107900021,416,99,317
107900023,16,7,9
107900024,0,34,-34
107900025,413,96,317
107900026,126,24,102
107900027,30,136,-106
107900028,594,41,553
107900030,441,61,380
107900031,199,117,82
107900032,97,15,82
107900033,44,10,34
107900034,403,21,382
107900035,3359,183,3176
107900036,89,57,32
107900037,0,6,-6
107900038,33,454,-421
107900039,36,23,13
107900040,1,197,-196
107900041,2,1,1
107900043,193,119,74
107900044,11,31,-20
107900045,159,65,94
107900046,854,632,222
107900047,96,12,84
107900048,380,39,341
107900049,583,1713,-1130
107900050,85,375,-290
107900051,81,14,67
107900052,31,162,-131
107900053,236,61,175
107900055,487,298,189
107900056,151,249,-98
107900057,13,0,13
107900058,34,554,-520
107900060,15,184,-169
107900061,1,11,-10
107900063,208,235,-27
107900064,208,1080,-872
107900065,943,31,912
107900066,15,17,-2
107900067,1,0,1
107900068,133,1371,-1238
107900069,40,6403,-6363
107900070,256,254,2
107900071,33,468,-435
107900072,357,61,296
107900073,167,235,-68
107900074,233,607,-374
107900076,272,38,234
107900077,250,8,242
107900079,37,43,-6
107900080,134,1113,-979
107900081,107,77,30
107900082,0,8,-8
107900083,683,208,475
107900084,279,225,54
107900086,58,501,-443
107900087,523,67,456
107900088,149,11,138
107900089,393,741,-348
107900090,563,2740,-2177
107900091,141,201,-60
107900093,75,158,-83
107900095,1928,1746,182
107900097,68,81,-13
107900098,182,768,-586
107900100,469,2266,-1797
107900101,630,51,579
107900102,88,11,77
107900103,106,149,-43
107900104,431,3,428
107900105,6,99,-93
107900106,3,387,-384
107900107,1332,373,959
107900108,319,50,269
107900109,3644,95,3549
107900110,133,49,84
107900111,17,271,-254
107900112,117,995,-878
107900113,311,46,265
107900114,464,76,388
107900115,1,4,-3
107900116,560,32,528
107900117,280,280,0
107900118,47,158,-111
107900119,213,280,-67
107900120,98,33,65
107900121,3,180,-177
107900122,0,263,-263
107900123,34,216,-182
107900124,6,90,-84
107900125,11,236,-225
107900126,94,313,-219
107900127,639,233,406
107900128,108,105,3
107900129,215,3,212
107900130,178,26,152
107900131,69,251,-182
107900132,65,277,-212
107900133,0,25,-25
107900134,28,113,-85
107900135,6,57,-51
107900136,55,20,35
107900137,98,170,-72
107900138,269,18,251
107900139,204,41,163
107900141,17,46,-29
107900142,80,660,-580
107900143,16,36,-20
107900144,0,46,-46
107900145,10,54,-44
107900146,60,110,-50
107900147,38,19,19
107900148,233,127,106
107900149,537,52,485
107900150,44,310,-266
107900151,46,26,20
107900152,40,122,-82
107900153,152,323,-171
107900154,43,60,-17
107900155,154,112,42
107900156,2,80,-78
107900157,22,105,-83
107900158,2607,75,2532
107900159,56,399,-343
107900160,253,46,207
107900161,235,74,161
107900162,7,50,-43
107900163,2,102,-100
107900164,41,75,-34
107900165,5,384,-379
107900166,50,48,2
107900167,7,123,-116
107900168,271,71,200
107900169,6,5000,-4994
107900171,95,392,-297
107900172,0,233,-233
107900173,136,74,62
107900174,363,2,361
107900175,13,276,-263
107900176,181,17,164
107900177,0,102,-102
107900178,1,325,-324
107900179,30,121,-91
107900180,410,1710,-1300
107900181,251,379,-128
107900182,1,612,-611
107900183,111,52,59
107900184,267,738,-471
107900185,276,9,267
107900186,50,21,29
107900187,1,234,-233
107900188,844,97,747
107900189,58,144,-86
107900190,39,198,-159
107900191,76,286,-210
107900193,8,112,-104
107900194,293,39,254
107900195,2447,212,2235
107900196,307,48,259
107900197,239,350,-111
107900199,3,684,-681
107900201,250,105,145
107900203,61,48,13
107900204,304,313,-9
107900206,256,949,-693
107900207,3,369,-366
107900208,6,319,-313
107900209,324,156,168
107900210,37,56,-19
107900213,511,453,58
107900214,14,220,-206
107900215,250,652,-402
107900216,10,55,-45
107900217,71,142,-71
107900218,13,1025,-1012
107900219,123,58,65
107900220,85,192,-107
107900221,273,296,-23
107900223,360,214,146
107900224,158,631,-473
107900225,2,549,-547
107900226,15,96,-81
107900227,166,424,-258
107900228,83,147,-64
107900229,1,65,-64
107900230,118,65,53
107900231,61,93,-32
107900232,387,53,334
107900233,16,35,-19
107900234,564,152,412
107900235,37,139,-102
107900236,1162,101,1061
107900237,5,366,-361
107900238,112,15,97
107900239,412,847,-435
107900240,154,41,113
107900241,19,25,-6
107900242,31,158,-127
107900243,4,30,-26
107900244,549,2,547
107900245,1586,61,1525
107900246,416,40,376
107900248,304,148,156
107900249,1949,285,1664
107900250,2,266,-264
107900251,51,814,-763
107900252,1201,44,1157
107900253,356,60,296
107900254,156,249,-93
107900255,269,56,213
107900256,661,1698,-1037
107900257,570,199,371
107900258,339,39,300
107900259,44,6738,-6694
107900261,0,146,-146
107900262,175,54,121
107900264,677,27,650
107900265,278,844,-566
107900267,841,20,821
107900268,52,6,46
107900269,1,25,-24
107900270,5,0,5
107900271,2,93,-91
107900272,37,25,12
107900273,93,96,-3
107900274,121,1,120
107900275,126,0,126
107900276,0,10,-10
107900277,0,50,-50
107900278,744,153,591
107900279,37,54,-17
107900280,4545,1399,3146
107900281,1585,13297,-11712
107900282,34,1624,-1590
107900283,1026,1424,-398
107900284,1220,1137,83
107900285,224,24,200
107900286,64,59,5
107900287,890,184,706
107900290,0,1265,-1265
107900291,838,22,816
107900292,423,120,303
107900293,165,239,-74
107900295,100,66,34
107900297,10,515,-505
107900298,714,872,-158
107900299,3055,4800,-1745
107900301,1410,1293,117
107900302,219,55,164
107900303,732,526,206
107900304,853,91,762
107900305,379,9,370
107900306,6,74,-68
107900307,16,214,-198
107900308,265,283,-18
107900309,100,0,100
107900310,43,0,43
107900311,1,224,-223
107900312,69,0,69
107900313,0,160,-160
107900314,3,192,-189
107900315,2,39,-37
107900316,28,3,25
107900317,127,9,118
107900318,0,348,-348
107900319,15,28,-13
107900320,2,60,-58
107900321,428,15,413
107900322,1,32,-31
107900323,34,84,-50
107900324,186,4,182
107900325,358,2,356
107900326,1231,148,1083
107900327,0,121,-121
107900328,14,0,14
107900329,49,583,-534
107900330,4,90,-86
107900331,964,22,942
107900332,763,19,744
107900333,171,27,144
107900334,3,57,-54
107900335,36,97,-61
107900336,33,107,-74
107900337,584,1556,-972
107900338,5,237,-232
107900339,2,6,-4
107900340,1,143,-142
107900341,140,0,140
107900342,189,169,20
107900343,83,7,76
107900344,29,52,-23
107900345,211,134,77
107900346,18,0,18
107900347,24,3,21
107900348,2,7,-5
107900349,86,21,65
107900350,22,250,-228
107900351,14,44,-30
107900352,0,51,-51
107900353,54,38,16
107900354,32,48,-16
108000001,7402,6438,964
108000002,2099,1701,398
108000003,4551,4961,-410
108000004,11829,11845,-16
108000005,10408,8467,1941
108000006,4323,4660,-337
108000007,8912,9113,-201
108000008,3967,5167,-1200
108000009,8725,9173,-448
108000010,2801,5438,-2637
108000011,18760,15144,3616
108000012,11358,10246,1112
108000014,1008,2251,-1243
108000015,1592,311,1281
108000016,368,695,-327
108000017,2107,590,1517
108000018,2579,1023,1556
108000019,1227,1007,220
108000020,1701,534,1167
108000021,336,1534,-1198
108000022,582,792,-210
108000023,3058,445,2613
108000024,790,320,470
108000025,770,153,617
108000026,1680,618,1062
108000027,1597,401,1196
108000028,1767,387,1380
108000029,1050,637,413
108000030,619,407,212
108000031,305,888,-583
108000032,4225,928,3297
108000033,913,800,113
108000034,3059,712,2347
108000035,837,1640,-803
108000036,619,719,-100
108000037,4262,481,3781
108000038,6297,529,5768
108000039,625,1255,-630
108000040,3972,1422,2550
108000041,518,2078,-1560
108000042,906,153,753
108000043,359,243,116
108000044,1237,147,1090
108000045,462,193,269
108000046,3218,581,2637
108000047,446,755,-309
108000048,91,312,-221
108000049,1410,248,1162
108000050,243,549,-306
108000051,683,385,298
108000052,294,518,-224
108000053,657,448,209
108000054,359,1220,-861
108000055,1682,891,791
108000056,1115,1759,-644
108000057,1136,2103,-967
108000058,2575,7699,-5124
108000059,2577,1512,1065
108000060,421,1513,-1092
108000061,390,478,-88
108000062,2091,878,1213
108000063,631,519,112
108000064,485,437,48
108000065,913,532,381
108000066,3054,1945,1109
108000067,4539,1479,3060
108000068,1589,881,708
108000069,295,746,-451
108000070,3398,1333,2065
108000071,804,1491,-687
108000072,2057,1097,960
108000073,1156,1201,-45
108000074,1085,996,89
108000075,676,570,106
108000076,1477,871,606
108000077,885,583,302
108000078,4042,1142,2900
108000079,859,765,94
108000080,3132,576,2556
108000081,1037,867,170
108000082,743,1349,-606
108000083,3347,1323,2024
108000084,616,1436,-820
108000085,2341,1093,1248
108000086,694,570,124
108000087,255,3941,-3686
108000088,1832,877,955
108000089,474,630,-156
108000091,163,822,-659
108000092,505,245,260
108000093,719,520,199
108000094,1766,248,1518
108000095,351,668,-317
108000096,946,479,467
108000097,291,539,-248
108000098,3944,1725,2219
108000099,1718,484,1234
108000100,276,1014,-738
108000101,1874,2109,-235
108000102,2264,4822,-2558
108000106,1402,3,1399
108000107,4,1055,-1051
108000108,1179,97,1082
108000109,4,478,-474
108000110,937,423,514
108000111,444,1073,-629
108000112,142,281,-139
108000113,369,322,47
108000115,448,425,23
108000117,481,443,38
108000118,385,3858,-3473
108000119,914,471,443
108000120,453,1622,-1169
108000121,384,748,-364
108000122,1678,717,961
108000123,1273,517,756
108000124,555,1154,-599
108000125,1300,550,750
108000126,380,591,-211
108000127,1077,538,539
108000128,1565,295,1270
108000129,549,766,-217
108000130,908,560,348
108000131,1096,381,715
108000132,598,822,-224
108000133,1905,505,1400
108000134,687,366,321
108000135,1771,1192,579
108000136,821,662,159
108000137,1022,249,773
108000138,872,695,177
108000139,1194,362,832
108000140,1113,16,1097
108000141,104,37,67
108000142,163,72,91
108000143,123,282,-159
108000144,1572,86,1486
108000145,159,2,157
108000146,1672,74,1598
108000147,30,23,7
108000148,1521,151,1370
108000149,100,19,81
108000150,104,35,69
108000151,63,36,27
108000152,371,247,124
108000153,1871,195,1676
108000154,72,0,72
108000155,105,44,61
108000156,1057,752,305
108000157,398,4388,-3990
108000158,122,1809,-1687
108000159,260,302,-42
108000160,2562,2340,222
108000161,2034,7002,-4968
108000165,2,569,-567
108000172,10,429,-419
108000173,558,3407,-2849
108000175,1614,318,1296
108000178,662,377,285
108000179,218,1522,-1304
108000181,163,22,141
108000182,208,36,172
108000183,10,331,-321
108000184,1000,5501,-4501
108000185,613,319,294
108000186,830,496,334
108000187,336,293,43
108000188,1824,178,1646
108000189,1824,25066,-23242
108000190,39,88,-49
108000192,482,201,281
108000193,367,11,356
108000194,21,9,12
108000195,0,1055,-1055
108000196,321,430,-109
108000198,1711,110,1601
108000199,2,453,-451
108000200,1095,433,662
108000203,486,520,-34
108000204,323,108,215
108000205,175,382,-207
108000339,1480,572,908
108000364,226,713,-487
108000365,141,668,-527
108000367,364,229,135
108000368,30,79,-49
108000369,613,114,499
108000371,3,521,-518
108000372,1171,9,1162
108000373,233,118,115
108000376,262,26,236
108000377,1388,155,1233
108000378,12590,21893,-9303
108000379,13,326,-313
108000381,282,14,268
108000382,204,2,202
108000383,1,450,-449
108900001,10,412,-402
108900002,466,72,394
108900003,155,631,-476
108900004,621,641,-20
108900007,542,198,344
108900008,235,118,117
108900009,204,272,-68
108900010,673,206,467
108900011,1328,326,1002
108900012,700,325,375
108900013,207,601,-394
108900014,62,127,-65
108900015,3,322,-319
108900016,0,135,-135
108900017,211,1154,-943
108900018,175,343,-168
108900019,46,423,-377
108900020,43,140,-97
108900021,150,154,-4
108900022,146,30,116
108900023,22,140,-118
108900024,64,30,34
108900025,533,38,495
108900026,11,22,-11
108900027,1,36,-35
108900028,266,66,200
108900029,98,234,-136
108900030,0,40,-40
108900031,388,74,314
108900032,1,151,-150
108900033,0,62,-62
108900034,0,90,-90
108900035,493,351,142
108900038,0,77,-77
108900039,1,97,-96
108900040,11,56,-45
108900041,5486,3889,1597
108900042,5,436,-431
108900043,84,744,-660
108900044,0,99,-99
108900045,89,93,-4
108900046,29,210,-181
108900047,2,412,-410
108900048,127,278,-151
108900049,1512,5018,-3506
108900050,3,57,-54
108900051,1,82,-81
108900052,52,67,-15
108900053,180,974,-794
108900054,76,67,9
108900055,41,326,-285
108900056,0,58,-58
108900057,2,95,-93
108900058,111,91,20
108900059,2275,79,2196
108900060,88,206,-118
108900061,101,8,93
108900062,1,272,-271
108900063,26,84,-58
108900064,734,21,713
108900065,10,92,-82
108900066,772,255,517
108900067,1,222,-221
108900068,18,84,-66
108900069,250,15,235
108900070,48,38,10
108900071,224,78,146
108900072,1380,185,1195
108900073,116,204,-88
108900074,933,61,872
108900075,28,42,-14
108900076,788,19,769
108900077,217,277,-60
108900078,123,46,77
108900079,324,251,73
108900080,17,1626,-1609
108900081,147,337,-190
108900082,192,42,150
108900083,15,362,-347
108900085,1814,206,1608
108900086,285,71,214
108900087,73,230,-157
108900088,860,727,133
108900089,6,145,-139
108900090,233,50,183
108900091,97,49,48
108900092,595,496,99
108900093,144,96,48
108900094,579,239,340
108900095,52,234,-182
108900096,325,7,318
108900097,459,113,346
108900098,1410,1564,-154
108900099,993,191,802
108900100,75,129,-54
108900101,301,878,-577
108900102,8,2487,-2479
108900103,388,343,45
108900105,12,4687,-4675
108900106,887,195,692
108900108,508,39,469
108900109,1709,157,1552
108900110,377,218,159
108900111,980,217,763
108900113,66,136,-70
108900114,431,57,374
108900115,259,231,28
108900116,117,11,106
108900117,756,34,722
108900118,1532,30,1502
108900119,701,43,658
108900120,770,347,423
108900121,297,123,174
108900122,436,61,375
108900123,518,129,389
108900124,2071,189,1882
108900125,1486,15,1471
108900126,289,62,227
108900127,548,124,424
108900128,568,102,466
108900129,2508,211,2297
108900130,1496,3,1493
108900131,1085,14,1071
108900132,1200,101,1099
108900133,641,52,589
108900134,1427,219,1208
108900135,739,32,707
108900136,32,1,31
108900137,414,13,401
108900138,2185,158,2027
108900140,1417,71,1346
108900141,1131,24,1107
108900142,140,10,130
108900143,155,2,153
108900144,252,5,247
108900145,811,92,719
108900146,302,0,302
108900147,644,5,639
108900148,152,14,138
108900150,288,19,269
108900151,21,0,21
108900152,309,68,241
108900153,559,84,475
108900154,9217,403,8814
108900156,237,13,224
108900157,29,340,-311
108900158,1300,54,1246
108900159,73,63,10
108900160,18,165,-147
108900161,52,280,-228
108900162,482,6,476
108900163,9,672,-663
108900164,103,84,19
108900168,4508,3148,1360
108900169,68,120,-52
108900171,3429,4501,-1072
108900172,269,92,177
108900173,76,415,-339
108900174,1828,673,1155
108900176,140,271,-131
108900177,3593,15309,-11716
108900178,2929,8430,-5501
108900180,50,395,-345
108900183,243,443,-200
108900184,459,253,206
108900185,67,568,-501
108900186,61,410,-349
108900189,519,244,275
108900190,115,2223,-2108
108900192,87,192,-105
108900195,93,134,-41
108900196,87,351,-264
108900199,230,473,-243
108900200,927,783,144
108900201,326,1165,-839
108900203,663,104,559
108900204,661,22,639
108900205,380,47,333
108900206,844,167,677
108900207,443,552,-109
108900208,12,384,-372
108900209,202,593,-391
108900210,96,137,-41
108900211,325,785,-460
108900212,146,3232,-3086
108900215,41,347,-306
108900216,393,820,-427
108900217,133,0,133
108900218,47,39,8
108900221,30,54,-24
108900224,78,118,-40
108900225,1,210,-209
108900227,352,592,-240
108900230,95,295,-200
108900232,4,163,-159
108900233,771,238,533
108900234,372,302,70
108900235,213,334,-121
108900236,85,419,-334
108900240,260,155,105
108900241,133,46,87
108900245,1,3598,-3597
108900250,453,101,352
108900258,3,124,-121
108900259,44,41,3
108900260,18,19,-1
108900261,46,80,-34
108900262,165,227,-62
108900263,59,244,-185
108900264,212,345,-133
108900265,987,892,95
108900266,151,2974,-2823
108900267,1,595,-594
108900268,14,55,-41
108900269,287,96,191
108900270,434,45,389
108900271,163,136,27
108900272,856,93,763
108900273,438,1545,-1107
108900274,170,35,135
109000001,5727,4598,1129
109000002,1080,4697,-3617
109000003,5825,722,5103
109000004,957,2767,-1810
109000005,3921,843,3078
109000006,1385,2138,-753
109000007,3724,1329,2395
109000008,1112,1678,-566
109000009,6100,1967,4133
109000010,1170,3523,-2353
109000011,7818,3800,4018
109000012,2149,3840,-1691
109000013,9264,8892,372
109000014,2922,2534,388
109000015,5423,21174,-15751
109000016,5921,2747,3174
109000017,5961,2333,3628
109000018,2394,2395,-1
109000019,4973,2452,2521
109000020,1724,3319,-1595
109000023,396,25,371
109000024,27,210,-183
109000025,259,849,-590
109000026,869,324,545
109000027,93,497,-404
109000028,261,91,170
109000029,97,651,-554
109000030,28,510,-482
109000031,503,199,304
109000032,188,664,-476
109000033,690,293,397
109000034,164,108,56
109000035,44,77,-33
109000036,124,355,-231
109000037,575,5020,-4445
109000038,366,290,76
109000039,1230,1308,-78
109000040,4495,24366,-19871
109000041,1533,4616,-3083
109000042,933,3046,-2113
109000044,864,167,697
109000045,110,422,-312
109000046,762,185,577
109000047,217,487,-270
109000048,609,877,-268
109000049,280,778,-498
109000050,413,572,-159
109000051,310,196,114
109000052,792,575,217
109000053,678,216,462
109000054,146,971,-825
109000055,624,1420,-796
109000056,530,617,-87
109000057,1896,493,1403
109000058,412,120,292
109000059,273,1896,-1623
109000060,203,884,-681
109000061,594,2337,-1743
109000062,226,603,-377
109000063,331,229,102
109000064,875,166,709
109000065,513,390,123
109000066,931,71,860
109000067,142,463,-321
109000068,927,18,909
109000069,778,9,769
109000070,194,1546,-1352
109000071,431,82,349
109000072,114,262,-148
109000073,70,141,-71
109000074,22,204,-182
109000075,128,416,-288
109000076,180,515,-335
109000077,431,266,165
109000078,218,250,-32
109000079,252,84,168
109000080,501,142,359
109000081,310,406,-96
109000082,1556,193,1363
109000083,789,674,115
109000088,221,194,27
109000089,478,96,382
109000090,126,224,-98
109000091,704,179,525
109000092,321,339,-18
109000093,617,204,413
109000094,1507,4,1503
109000095,291,361,-70
109000096,1744,266,1478
109000097,120,110,10
109000098,190,189,1
109000099,1240,139,1101
109000100,745,580,165
109000101,3127,567,2560
109000102,1164,536,628
109000103,1229,609,620
109000104,4366,473,3893
109000105,899,663,236
109000106,3083,573,2510
109000107,938,1367,-429
109000108,3787,789,2998
109000109,745,1098,-353
109000110,2040,830,1210
109000111,1041,1882,-841
109000112,538,211,327
109000113,422,419,3
109000114,217,853,-636
109000115,1281,95,1186
109000116,31,378,-347
109000117,608,33,575
109000118,3,265,-262
109000119,3275,144,3131
109000120,682,571,111
109000121,854,70,784
109000122,367,319,48
109000123,50,55,-5
109000124,1683,463,1220
109000125,1584,394,1190
109000126,1193,427,766
109000127,2379,179,2200
109000128,1055,735,320
109000129,5733,608,5125
109000130,776,722,54
109000131,1289,994,295
109000132,460,1498,-1038
109000133,244,448,-204
109000134,846,1567,-721
109000135,768,1719,-951
109000136,416,349,67
109000137,480,581,-101
109000138,904,199,705
109000139,1088,568,520
109000140,385,250,135
109000141,1248,673,575
109000142,332,523,-191
109000143,130,122,8
109000145,165,556,-391
109000146,32,113,-81
109000148,2638,2000,638
109000149,37,153,-116
109000150,162,359,-197
109000155,1647,1091,556
109000156,1363,397,966
109000158,75,296,-221
109000159,128,708,-580
109000160,2771,300,2471
109000161,1138,1534,-396
109000162,3520,685,2835
109000163,2437,1732,705
109000164,2893,2175,718
109000165,2807,846,1961
109000166,2365,114,2251
109000167,260,513,-253
109000170,54,37,17
109000171,134,64,70
109000172,22,52,-30
109000173,63,243,-180
109000174,380,60,320
109000175,59,148,-89
109000176,1108,320,788
109000177,104,155,-51
109000178,1774,224,1550
109000179,4184,9802,-5618
109000180,4317,4132,185
109000181,14,15,-1
109000182,154,12,142
109000183,92,26,66
109000184,68,11,57
109000185,92,25,67
109000188,555,1733,-1178
109000189,4968,1718,3250
109000190,1295,804,491
109000191,489,452,37
109000192,1120,223,897
109000193,713,171,542
109000194,639,102,537
109000195,507,144,363
109000196,451,60,391
109000197,436,268,168
109000198,536,52,484
109000199,238,432,-194
109000206,307,47,260
109000207,317,53,264
109000208,97,230,-133
109000209,195,129,66
109000210,367,596,-229
109000211,1879,723,1156
109000214,760,217,543
109000215,229,71,158
109000216,543,606,-63
109000217,238,949,-711
109000218,354,656,-302
109000221,145,839,-694
109000222,877,238,639
109000223,1071,682,389
109000224,149,87,62
109000225,385,30,355
109000226,127,185,-58
109000227,3712,541,3171
109000228,2,1226,-1224
109000231,1,134,-133
109000232,1509,91,1418
109000236,336,489,-153
109000241,2737,1089,1648
109000242,1745,750,995
109000293,140,393,-253
109000361,162,208,-46
109000364,117,894,-777
109000396,2,332,-330
109000397,1168,13,1155
109000399,151,374,-223
109000400,136,163,-27
109000403,27,1460,-1433
109000406,1478,31,1447
109000407,327,151,176
109000408,1,584,-583
109000410,1315,349,966
109000411,594,63,531
109900001,253,2,251
109900002,1745,27,1718
109900003,937,9,928
109900004,337,107,230
109900005,94,3,91
109900006,1017,58,959
109900007,2423,121,2302
109900008,0,29,-29
109900009,200,299,-99
109900010,1135,68,1067
109900011,43,101,-58
109900012,706,380,326
109900013,664,242,422
109900014,792,135,657
109900015,156,100,56
109900016,322,11,311
109900017,325,436,-111
109900018,299,46,253
109900019,336,65,271
109900020,133,98,35
109900021,81,32,49
109900022,339,297,42
109900023,33,4,29
109900024,46,0,46
109900025,14,49,-35
109900026,6,121,-115
109900027,65,62,3
109900028,557,3675,-3118
109900029,3,158,-155
109900030,59,16,43
109900031,1,474,-473
109900032,6,195,-189
109900033,2,641,-639
109900034,64,3,61
109900035,94,89,5
109900036,13,104,-91
109900037,8,255,-247
109900038,138,247,-109
109900039,23,0,23
109900040,10,274,-264
109900041,63,275,-212
109900042,11,1062,-1051
109900044,103,371,-268
109900045,164,91,73
109900046,300,103,197
109900047,215,349,-134
109900048,1,78,-77
109900049,18,36,-18
109900050,0,21,-21
109900051,0,18,-18
109900052,38,228,-190
109900053,0,40,-40
109900054,1871,111,1760
109900055,121,214,-93
109900056,48,577,-529
109900057,0,55,-55
109900058,0,22,-22
109900059,2478,42,2436
109900060,1917,96,1821
109900061,32,125,-93
109900062,0,56,-56
109900063,5,549,-544
109900064,1283,183,1100
109900065,140,117,23
109900066,277,647,-370
109900067,1,131,-130
109900068,93,9,84
109900069,25,8,17
109900070,46,129,-83
109900071,14,3,11
109900072,41,139,-98
109900073,1028,206,822
109900074,27,6,21
109900075,83,34,49
109900076,44,146,-102
109900077,87,38,49
109900078,77,208,-131
109900080,238,120,118
109900081,8,350,-342
109900082,88,176,-88
109900083,33,50,-17
109900084,58,166,-108
109900085,115,307,-192
109900086,176,1753,-1577
109900087,86,524,-438
109900089,1250,217,1033
109900090,177,687,-510
109900091,991,156,835
109900092,368,163,205
109900093,1929,141,1788
109900094,166,160,6
109900095,87,172,-85
109900096,299,7,292
109900097,286,3,283
109900098,912,54,858
109900099,720,3,717
109900100,84,3,81
109900101,1627,9,1618
109900102,833,24,809
109900103,19,101,-82
109900104,2085,133,1952
109900105,1130,25,1105
109900106,642,31,611
109900107,1052,38,1014
109900108,233,276,-43
109900109,81,284,-203
109900110,106,150,-44
109900111,93,388,-295
109900112,214,309,-95
109900113,1375,538,837
109900114,805,2311,-1506
109900115,245,181,64
109900117,2419,108,2311
109900118,146,191,-45
109900119,176,572,-396
109900120,144,29,115
109900121,197,487,-290
109900122,1300,5,1295
109900123,16,55,-39
109900124,84,173,-89
109900125,1,154,-153
109900126,710,51,659
109900128,571,69,502
109900130,3342,6440,-3098
109900131,39,118,-79
109900132,12,86,-74
109900133,132,275,-143
109900134,138,402,-264
109900135,432,58,374
109900136,86,195,-109
109900137,522,344,178
109900140,409,142,267
109900142,3563,334,3229
109900145,1,972,-971
109900146,178,51,127
109900148,27,92,-65
109900149,68,26,42
109900150,11,50,-39
109900151,26,37,-11
109900152,0,29,-29
109900153,0,228,-228
109900154,51,2,49
109900155,162,49,113
109900157,35,95,-60
109900158,57,181,-124
109900159,339,66,273
109900160,198,63,135
109900161,430,70,360
109900162,336,202,134
109900163,508,206,302
109900164,73,276,-203
109900165,345,4,341
109900166,1,72,-71
109900167,351,297,54
109900168,284,565,-281
109900169,377,262,115
109900170,333,2469,-2136
109900171,566,161,405
109900172,447,583,-136
109900173,1918,3981,-2063
109900174,44,125,-81
109900175,137,247,-110
109900176,319,233,86
109900177,79,137,-58
109900178,7,463,-456
109900179,16,60,-44
109900180,33,31,2
110000001,877,561,316
110000002,834,986,-152
110000003,754,1085,-331
110000004,459,947,-488
110000005,445,2903,-2458
110000006,447,437,10
110000007,220,169,51
110000008,32,447,-415
110000009,83,61,22
110000010,113,160,-47
110000011,46,34,12
110000012,1152,290,862
110000013,106,1666,-1560
110000014,991,480,511
110000015,394,1035,-641
110000016,529,2918,-2389
110000017,4549,509,4040
110000018,3470,369,3101
110000019,12,145,-133
110000020,1741,545,1196
110000021,290,633,-343
110000022,1734,101,1633
110000023,14,196,-182
110000024,792,522,270
110000025,2164,15,2149
110000026,2,349,-347
110000027,596,3099,-2503
110000028,1697,624,1073
110000029,684,567,117
110000030,570,641,-71
110000031,405,261,144
110000032,2172,325,1847
110000033,306,531,-225
110000034,859,569,290
110000035,908,578,330
110000036,2407,625,1782
110000037,413,697,-284
110000038,633,946,-313
110000039,1692,9965,-8273
110000040,367,463,-96
110000041,480,4282,-3802
110000042,112,1076,-964
110000043,873,658,215
110000044,27,1454,-1427
110000045,174,224,-50
110000046,7,134,-127
110000047,10,250,-240
110000048,11,135,-124
110000049,12,27,-15
110000050,7,338,-331
110000051,19,26,-7
110000052,50,48,2
110000053,32,27,5
110000054,192,1229,-1037
110000055,162,282,-120
110000056,100,297,-197
110000057,412,586,-174
110000058,1374,573,801
110000059,990,769,221
110000060,1923,1317,606
110000061,584,716,-132
110000062,697,1215,-518
110000063,93,445,-352
110000064,60,67,-7
110000065,312,278,34
110000066,194,49,145
110000067,57,141,-84
110000068,462,111,351
110000069,999,53,946
110000071,1130,52,1078
110000073,88,2,86
110000075,19,204,-185
110000076,751,687,64
110000077,407,2109,-1702
110000078,220,28,192
110000080,313,444,-131
110000081,101,244,-143
110000082,34,379,-345
110000083,437,321,116
110000084,2187,1521,666
110000085,1023,1368,-345
110000086,1092,3311,-2219
110000087,34,98,-64
110000088,251,340,-89
110000089,681,68,613
110000090,109,358,-249
110000091,1112,148,964
110000092,29,41,-12
110000093,98,40,58
110000094,565,248,317
110000095,261,799,-538
110000096,1511,3502,-1991
110000097,1043,2379,-1336
110000098,2914,1070,1844
110000099,1356,1942,-586
110000100,2931,235,2696
110000101,225,215,10
110000102,122,37,85
110000104,588,325,263
110000105,81,350,-269
110000106,809,664,145
110000107,243,407,-164
110000108,253,288,-35
110000109,209,426,-217
110000110,2222,4668,-2446
110000111,4270,3968,302
110000112,277,1683,-1406
110000113,100,4709,-4609
110000114,928,1164,-236
110000115,964,479,485
110000116,155,133,22
110000117,643,274,369
110000118,1069,169,900
110000119,853,262,591
110000120,753,295,458
110000121,212,692,-480
110000122,322,384,-62
110000123,965,430,535
110000124,2,529,-527
110000125,1436,13,1423
110000126,336,15,321
110000127,1773,140,1633
110000128,27,646,-619
110000129,2,463,-461
110000130,580,409,171
110000131,59,427,-368
110000132,1,485,-484
110000133,52,576,-524
110000134,15,387,-372
110000135,251,55,196
110000136,93,397,-304
110000137,1292,432,860
110000138,1618,731,887
110000139,2710,512,2198
110000140,1234,1015,219
110000143,529,459,70
110000144,2155,2327,-172
110000145,1930,1644,286
110000146,1845,1119,726
110000147,484,2363,-1879
110000148,1115,248,867
110000151,613,3062,-2449
110000152,493,928,-435
110000153,356,10,346
110000154,15,67,-52
110000155,426,2912,-2486
110000156,1060,2144,-1084
110000157,1281,2728,-1447
110000160,711,321,390
110000161,252,356,-104
110000166,1427,152,1275
110000167,2766,1052,1714
110000168,1102,932,170
110000169,1089,462,627
110000170,393,185,208
110000171,1318,147,1171
110000172,795,705,90
110000173,681,797,-116
110000174,210,546,-336
110000175,1829,122,1707
110000176,50,1194,-1144
110000177,428,2369,-1941
110000178,587,4553,-3966
110000179,1520,384,1136
110000180,765,312,453
110000181,1989,512,1477
110000182,563,117,446
110000183,6396,13261,-6865
110000184,414,5900,-5486
110000185,641,929,-288
110000186,518,1704,-1186
110000191,2059,93,1966
110000192,929,24,905
110000193,2169,26,2143
110000194,1,597,-596
110000195,1119,124,995
110000196,1130,62,1068
110000197,212,72,140
110000198,180,103,77
110000199,80,613,-533
110000200,889,1075,-186
110000201,1362,2524,-1162
110000202,1566,753,813
110000203,381,666,-285
110000204,3,274,-271
110000205,610,27,583
110000206,698,898,-200
110000207,2584,282,2302
110000208,280,399,-119
110000209,54,775,-721
110000210,2512,765,1747
110000211,1345,877,468
110000212,827,2005,-1178
110000213,774,67,707
110000214,771,116,655
110000215,317,275,42
110000216,180,168,12
110000217,1168,124,1044
110000218,534,161,373
110000219,677,71,606
110000220,137,67,70
110000221,1158,22,1136
110000222,123,102,21
110000223,27,157,-130
110000224,7,4,3
110000225,329,911,-582
110000226,555,104,451
110000227,1058,1438,-380
110000228,660,162,498
110000229,0,152,-152
110000230,976,844,132
110000231,479,592,-113
110000232,170,370,-200
110000233,229,1697,-1468
110000234,507,1094,-587
110000235,1798,960,838
110000236,1114,673,441
110000237,4357,2073,2284
110000238,1170,2062,-892
110000239,3245,1547,1698
110000240,0,33,-33
110000242,0,13,-13
110000243,395,59,336
110000244,266,445,-179
110000245,53,313,-260
110000246,1778,540,1238
110000247,1168,3430,-2262
110000248,1039,1239,-200
110000249,298,9,289
110000250,28,142,-114
110000251,828,249,579
110000252,596,232,364
110000253,2757,498,2259
110000254,668,565,103
110000255,140,817,-677
110000256,622,242,380
110000257,485,316,169
110000258,17,603,-586
110000259,499,56,443
110000260,118,100,18
110000263,570,14,556
110000264,1078,298,780
110000265,1884,2490,-606
110000266,1166,2736,-1570
110000267,49,82,-33
110000268,377,214,163
110000269,2,120,-118
110000270,194,1,193
110000271,2993,339,2654
110000272,1975,1633,342
110000273,1518,1297,221
110000274,260,4893,-4633
110000275,1911,1079,832
110000276,476,1400,-924
110000277,419,501,-82
110000278,573,847,-274
110000279,852,721,131
110000280,1099,691,408
110000281,160,202,-42
110000282,181,40,141
110000283,22,77,-55
110000284,29,12,17
110000285,0,351,-351
110000286,4,0,4
110000287,241,0,241
110000288,2,53,-51
110000289,681,4327,-3646
110000290,574,865,-291
110000291,4229,1169,3060
110000292,1348,10820,-9472
110000293,828,487,341
110000294,2572,2567,5
110000295,238,676,-438
110000296,1283,480,803
110000297,3352,333,3019
110000298,131,518,-387
110000299,201,60,141
110000301,746,31,715
110000302,834,2300,-1466
110000303,934,11,923
110000304,340,295,45
110000305,2445,38,2407
110000306,409,1242,-833
110000307,3373,8,3365
110000308,683,4,679
110000309,18,916,-898
110000310,1387,30,1357
110000311,12,576,-564
110000312,752,45,707
110000313,2158,2106,52
110000314,1,176,-175
110000315,1904,1698,206
110000316,713,1087,-374
110000317,116,2474,-2358
110000318,8,69,-61
110000319,25,36,-11
110000320,29,65,-36
110000321,124,61,63
110000322,454,303,151
110000323,856,223,633
110000324,3400,1761,1639
110000325,1534,6694,-5160
110000327,539,194,345
110000328,67,523,-456
110000333,2023,2122,-99
110000334,601,1788,-1187
110000335,735,543,192
110000336,720,1982,-1262
110000337,2778,914,1864
110000338,750,545,205
110000339,563,458,105
110000340,36,329,-293
110000341,1194,377,817
110000342,91,0,91
110000343,0,2,-2
110000344,60,2868,-2808
110000345,145,2616,-2471
110000346,1732,2736,-1004
110000347,2232,1102,1130
110000348,34,12,22
110000349,6,50,-44
110000350,178,2,176
110000351,1970,668,1302
110000352,1182,3064,-1882
110000353,3291,468,2823
110000354,1536,7633,-6097
110000355,324,49,275
110000356,748,6,742
110000357,1038,9,1029
110000361,13,19,-6
110000362,207,4,203
110000363,1615,144,1471
110000364,632,443,189
110000365,237,1,236
110000366,0,134,-134
110000367,1072,196,876
110000368,1,80,-79
110000369,210,16,194
110000373,3,919,-916
110000374,183,54,129
110000375,93,1329,-1236
110000376,46,86,-40
110000377,112,500,-388
110000378,17,570,-553
110000379,2695,4624,-1929
110000380,293,114,179
110000383,0,850,-850
110000384,1183,401,782
110000385,2,161,-159
110000387,214,3,211
110000388,133,175,-42
110000389,1626,2,1624
110000391,1660,450,1210
110000396,458,137,321
110000397,207,77,130
110000398,43,54,-11
110000399,559,2,557
110000587,360,609,-249
110000589,445,148,297
110000640,293,4,289
110000652,21,866,-845
110000653,628,301,327
110000654,14,706,-692
110000656,0,280,-280
110000674,34,18,16
110000675,60,40,20
110000676,3,46,-43
110000679,172,1503,-1331
110000682,208,372,-164
110000683,316,391,-75
110000684,0,76,-76
110000685,5,22,-17
110000686,1,148,-147
110000687,6,4,2
110000688,50,2011,-1961
110000689,151,26,125
110000692,22,253,-231
110000693,25,1007,-982
110000694,1,279,-278
110000695,155,792,-637
110000696,82,73,9
110900001,619,41,578
110900002,534,1894,-1360
110900003,2195,308,1887
110900004,880,55,825
110900005,1548,8210,-6662
110900006,212,91,121
110900007,478,149,329
110900008,4,41,-37
110900009,482,771,-289
110900010,16,33,-17
110900011,36,142,-106
110900012,20,29,-9
110900013,1967,154,1813
110900014,458,46,412
110900015,413,749,-336
110900016,129,77,52
110900017,1113,73,1040
110900018,559,41,518
110900019,851,40,811
110900020,320,232,88
110900021,108,663,-555
110900022,71,132,-61
110900023,68,752,-684
110900024,117,190,-73
110900025,36,189,-153
110900027,85,117,-32
110900028,58,75,-17
110900029,20,58,-38
110900030,85,173,-88
110900031,0,288,-288
110900032,1,63,-62
110900033,18,214,-196
110900035,70,787,-717
110900036,278,8,270
110900037,370,12,358
110900038,694,174,520
110900039,4,334,-330
110900040,366,17,349
110900041,31,69,-38
110900042,200,88,112
110900043,1,48,-47
110900044,401,34,367
110900045,148,234,-86
110900046,11,118,-107
110900047,333,1038,-705
110900049,206,163,43
110900050,55,2,53
110900051,56,145,-89
110900052,3,114,-111
110900053,429,22,407
110900054,71,116,-45
110900055,58,1,57
110900056,52,161,-109
110900057,1,63,-62
110900058,746,68,678
110900059,854,175,679
110900060,455,167,288
110900061,0,57,-57
110900062,348,87,261
110900063,70,87,-17
110900064,16,0,16
110900065,54,195,-141
110900066,2,69,-67
110900067,104,1232,-1128
110900068,261,174,87
110900069,3,16,-13
110900070,342,68,274
110900071,164,1720,-1556
110900073,0,7,-7
110900074,949,65,884
110900075,899,59,840
110900077,2253,574,1679
110900078,353,11,342
110900079,1386,2202,-816
110900080,274,150,124
110900081,9,18,-9
110900082,586,134,452
110900083,255,46,209
110900084,158,28,130
110900085,103,141,-38
110900086,91,354,-263
110900087,823,267,556
110900088,5,0,5
110900090,101,258,-157
110900091,8,19,-11
110900093,421,159,262
110900095,94,43,51
110900097,66,19,47
110900098,59,131,-72
110900099,47,349,-302
110900100,0,9,-9
110900102,74,17,57
110900105,2401,119,2282
110900108,61,31,30
110900111,1872,79,1793
110900112,915,15,900
110900113,369,167,202
110900115,36,139,-103
110900116,2236,767,1469
110900118,141,6515,-6374
110900119,1490,225,1265
110900120,242,42,200
110900121,139,3,136
110900122,878,283,595
110900125,540,1462,-922
110900127,209,1880,-1671
110900128,219,747,-528
110900129,272,1370,-1098
110900130,422,818,-396
110900131,502,136,366
110900132,930,148,782
110900133,104,173,-69
110900135,97,137,-40
110900136,623,18,605
110900139,21,0,21
110900140,0,0,0
110900141,292,853,-561
110900142,87,195,-108
110900143,471,21,450
110900144,0,182,-182
110900145,324,170,154
110900146,219,611,-392
110900147,116,435,-319
110900148,1,388,-387
110900149,9,218,-209
110900150,30,12,18
110900151,2,34,-32
110900152,62,52,10
110900153,286,90,196
111000001,2697,1707,990
111000002,1333,577,756
111000003,4342,2438,1904
111000004,1704,2098,-394
111000005,1864,3371,-1507
111000006,1516,4033,-2517
111000007,6509,10388,-3879
111000008,5516,5371,145
111000009,701,1725,-1024
111000010,2223,431,1792
111000011,248,1039,-791
111000012,743,466,277
111000013,808,1728,-920
111000014,3782,1049,2733
111000017,53,832,-779
111000018,187,439,-252
111000020,802,1116,-314
111000021,95,147,-52
111000023,287,148,139
111000025,5023,5737,-714
111000029,166,156,10
111000030,53,80,-27
111000031,2063,753,1310
111000032,578,372,206
111000033,193,178,15
111000034,61,365,-304
111000037,1743,628,1115
111000038,2638,2347,291
111000039,2266,2555,-289
111000040,1999,1601,398
111000041,766,728,38
111000042,3344,3151,193
111000043,3012,9465,-6453
111000044,2762,1047,1715
111000045,4587,3050,1537
111000046,3947,2979,968
111000047,4058,10080,-6022
111000049,548,539,9
111000050,1339,824,515
111000051,910,996,-86
111000052,643,2054,-1411
111000053,222,703,-481
111000054,369,740,-371
111000055,1344,1794,-450
111000056,239,851,-612
111000057,207,360,-153
111000058,1333,93,1240
111000059,1152,426,726
111000060,8976,1353,7623
111000061,1502,743,759
111000062,1916,995,921
111000063,2062,1839,223
111000064,1577,782,795
111000065,2158,1343,815
111000066,1260,516,744
111000067,2576,496,2080
111000068,1865,809,1056
111000069,1960,2294,-334
111000070,1101,625,476
111000071,205,442,-237
111000072,2285,969,1316
111000073,374,2776,-2402
111000074,3200,2377,823
111000075,1113,1256,-143
111000076,1370,1930,-560
111000077,982,878,104
111000078,2134,751,1383
111000079,1109,937,172
111000080,1348,707,641
111000081,2184,9893,-7709
111000082,1622,761,861
111000084,1652,677,975
111000085,1699,1278,421
111000086,2590,1350,1240
111000087,1134,516,618
111000088,6911,7708,-797
111000089,1334,745,589
111000090,744,1157,-413
111000091,940,385,555
111000092,3098,997,2101
111000093,1569,2025,-456
111000094,2852,1790,1062
111000095,1705,4548,-2843
111000096,1068,12718,-11650
111000097,3717,1104,2613
111000098,384,984,-600
111000099,497,1773,-1276
111000100,625,1661,-1036
111000101,525,994,-469
111000102,315,483,-168
111000104,1572,380,1192
111000107,113,818,-705
111000109,1536,353,1183
111000110,2480,1075,1405
111000111,6782,488,6294
111000112,4665,439,4226
111000113,1082,3624,-2542
111000114,1346,9137,-7791
111000115,3878,1200,2678
111000116,1247,1156,91
111000117,418,1300,-882
111000118,1171,1245,-74
111000119,2605,899,1706
111000120,960,1143,-183
111000121,360,1386,-1026
111000122,631,808,-177
111000123,1686,1652,34
111000124,539,2568,-2029
111000125,360,1503,-1143
111000126,184,920,-736
111000127,2204,234,1970
111000128,5307,501,4806
111000129,5777,713,5064
111000130,5434,602,4832
111000131,5723,646,5077
111000132,3306,2777,529
111000133,396,104,292
111000134,603,54,549
111000135,123,209,-86
111000136,637,367,270
111000138,85,7,78
111000140,17,6,11
111000141,245,671,-426
111000142,9,136,-127
111000143,4,413,-409
111000144,46,1775,-1729
111000145,89,5,84
111000146,189,12,177
111000147,144,75,69
111000148,260,156,104
111000149,17,19,-2
111000150,109,13,96
111000151,50,44,6
111000153,629,473,156
111000154,472,321,151
111000155,178,189,-11
111000156,1119,417,702
111000157,410,616,-206
111000158,1071,968,103
111000159,3469,1658,1811
111000160,500,390,110
111000161,8,447,-439
111000162,14,85,-71
111000163,1622,1014,608
111000164,521,4208,-3687
111000165,947,232,715
111000166,492,167,325
111000167,194,289,-95
111000168,341,376,-35
111000169,522,424,98
111000170,362,359,3
111000171,758,607,151
111000172,413,550,-137
111000173,575,1226,-651
111000174,713,280,433
111000175,99,885,-786
111000176,929,53,876
111000177,1879,187,1692
111000178,3863,237,3626
111000179,806,121,685
111000180,450,524,-74
111000181,3929,251,3678
111000182,520,207,313
111000183,330,365,-35
111000184,599,229,370
111000185,690,409,281
111000186,400,394,6
111000187,445,172,273
111000188,802,434,368
111000189,492,502,-10
111000190,580,194,386
111000191,341,191,150
111000192,206,367,-161
111000193,633,178,455
111000194,94,415,-321
111000195,233,1122,-889
111000196,111,145,-34
111000197,1560,202,1358
111000198,1307,162,1145
111000199,817,535,282
111000200,1196,862,334
111000201,1765,113,1652
111000202,1263,154,1109
111000203,1079,405,674
111000204,607,3477,-2870
111000213,472,732,-260
111000214,2257,1277,980
111000215,1998,1215,783
111000217,3104,865,2239
111000218,4607,1233,3374
111000219,332,219,113
111000220,981,748,233
111000221,441,126,315
111000224,59,182,-123
111000225,1192,584,608
111000226,241,6,235
111000227,50,8,42
111000228,7,1065,-1058
111000229,52,2025,-1973
111000230,318,170,148
111000231,2172,436,1736
111000232,1700,1103,597
111000233,2982,890,2092
111000234,372,1436,-1064
111000239,185,70,115
111000240,148,726,-578
111000241,179,213,-34
111000242,671,61,610
111000243,327,367,-40
111000244,1681,527,1154
111000245,1264,497,767
111000246,1091,163,928
111000247,1168,504,664
111000248,1258,335,923
111000249,992,283,709
111000250,151,53,98
111000251,85,76,9
111000253,120,39,81
111000255,208,11,197
111000257,176,20,156
111000260,87,782,-695
111000261,2947,138,2809
111000271,45,498,-453
111000273,5646,1919,3727
111000274,2644,4344,-1700
111000275,421,78,343
111000276,314,1086,-772
111000277,541,359,182
111000278,469,233,236
111000291,3852,21202,-17350
111000298,700,348,352
111000299,1189,179,1010
111000300,82,738,-656
111000302,691,70,621
111000303,303,182,121
111000312,118,62,56
111000315,43,138,-95
111000320,257,378,-121
111000321,687,162,525
111000322,980,189,791
111000323,528,51,477
111000324,345,203,142
111000325,20,66,-46
111000326,405,240,165
111000327,773,295,478
111000328,755,1294,-539
111000329,4,112,-108
111000330,197,9,188
111000331,30,8,22
111000332,971,1580,-609
111000334,382,1252,-870
111000335,2257,264,1993
111000337,3198,217,2981
111000338,190,184,6
111000339,1351,253,1098
111000340,279,1565,-1286
111000341,3153,1882,1271
111000342,66,1036,-970
111000344,1920,576,1344
111000345,136,150,-14
111000346,49,199,-150
111000347,365,6,359
111000350,357,139,218
111000351,218,610,-392
111000352,421,212,209
111000353,232,203,29
111000354,824,403,421
111000355,568,735,-167
111000358,185,1025,-840
111000360,412,448,-36
111000361,241,141,100
111000546,1934,1390,544
111000547,842,1261,-419
111000548,437,260,177
111000549,359,322,37
111000550,126,1618,-1492
111000551,401,148,253
111000552,680,318,362
111000907,2950,114,2836
111000908,349,0,349
111000916,4195,284,3911
111000917,55,251,-196
111000918,398,598,-200
111000920,1807,26,1781
111000921,64,176,-112
111000922,1635,231,1404
111000924,41,446,-405
111000925,8197,3057,5140
111000926,1624,1729,-105
111000927,3237,7699,-4462
111000928,4619,2068,2551
111000929,2965,1691,1274
111000930,2056,1824,232
111000931,2642,2623,19
111000932,2916,1393,1523
111000933,5159,5622,-463
111000934,2052,2060,-8
111000935,5587,2138,3449
111000936,2001,1628,373
111000937,2417,2394,23
111000938,1761,1146,615
111000939,1460,56,1404
111000940,1382,62,1320
111000941,508,1024,-516
111000943,1064,237,827
111000944,361,231,130
111000945,343,1308,-965
111001109,897,1727,-830
111001110,352,377,-25
111001111,266,39,227
111001112,151,0,151
111001113,2,1316,-1314
111001114,999,341,658
111001115,74,2968,-2894
111001116,3336,10067,-6731
111001117,540,4116,-3576
111001120,178,445,-267
111001121,585,102,483
111001122,397,213,184
111001123,725,329,396
111001124,266,137,129
111001125,8,663,-655
111001126,19,1,18
111001127,0,0,0
111900001,14,60,-46
111900002,1,178,-177
111900003,0,123,-123
111900004,12,52,-40
111900006,29,179,-150
111900007,659,21,638
111900008,881,15,866
111900009,610,36,574
111900010,40,376,-336
111900012,32,95,-63
111900013,84,34,50
111900014,1877,12042,-10165
111900015,0,27,-27
111900016,0,24,-24
111900017,1,41,-40
111900018,217,5,212
111900019,7,198,-191
111900020,1,27,-26
111900021,32,44,-12
111900022,56,45,11
111900023,159,79,80
111900024,8,128,-120
111900025,4,269,-265
111900026,0,35,-35
111900027,4,92,-88
111900028,21,62,-41
111900029,41,14,27
111900030,39,461,-422
111900031,13,21,-8
111900032,0,49,-49
111900033,69,25,44
111900034,48,365,-317
111900035,108,563,-455
111900036,0,77,-77
111900038,95,273,-178
111900039,49,248,-199
111900040,3,124,-121
111900042,29,69,-40
111900043,0,108,-108
111900044,120,181,-61
111900046,25,85,-60
111900048,802,130,672
111900049,31,153,-122
111900050,304,23,281
111900051,3,59,-56
111900052,105,183,-78
111900053,795,4534,-3739
111900054,526,4,522
111900055,4,163,-159
111900056,145,572,-427
111900057,580,65,515
111900058,1232,238,994
111900059,1600,1087,513
111900060,451,4,447
111900061,6,42,-36
111900062,120,115,5
111900063,580,135,445
111900064,52,75,-23
111900065,561,26,535
111900066,212,336,-124
111900067,1,260,-259
111900068,47,195,-148
111900069,185,46,139
111900070,443,90,353
111900071,0,123,-123
111900072,97,138,-41
111900073,2929,448,2481
111900074,13,258,-245
111900075,163,29,134
111900076,733,174,559
111900077,65,7,58
111900078,999,70,929
111900079,57,91,-34
111900080,156,213,-57
111900082,444,85,359
111900083,585,96,489
111900084,321,2,319
111900085,133,111,22
111900086,124,17,107
111900087,115,1,114
111900088,1768,104,1664
111900089,301,4,297
111900090,141,139,2
111900091,1488,32,1456
111900092,214,0,214
111900093,1292,30,1262
111900094,416,13,403
111900095,1023,123,900
111900096,669,12,657
111900097,157,0,157
111900098,966,14,952
111900099,180,1,179
111900100,212,14,198
111900101,368,12,356
111900102,1715,501,1214
111900103,96,314,-218
111900104,173,139,34
111900105,106,305,-199
111900106,302,37,265
111900110,2207,372,1835
111900111,528,78,450
111900112,462,10299,-9837
111900113,379,104,275
111900118,1071,64,1007
111900119,403,135,268
111900122,98,94,4
111900123,9,26,-17
111900124,33,11,22
111900125,1225,113,1112
111900126,1042,8,1034
111900127,4,204,-200
111900128,35,322,-287
111900129,451,14,437
111900130,463,116,347
111900131,1097,0,1097
111900132,29,430,-401
111900133,10,224,-214
111900134,5,99,-94
111900135,14,53,-39
111900136,62,188,-126
111900137,56,21,35
111900138,24,53,-29
111900139,27,33,-6
111900140,251,53,198
111900141,271,7,264
111900142,149,22,127
111900143,16,83,-67
111900144,17,47,-30
111900145,1,129,-128
111900146,0,71,-71
111900147,31,442,-411
111900148,20,464,-444
111900149,10,207,-197
111900150,26,72,-46
111900151,23,93,-70
111900152,147,98,49
111900153,501,833,-332
111900154,36,1468,-1432
111900155,116,461,-345
111900156,140,120,20
111900157,280,28,252
111900158,1401,116,1285
111900159,1275,129,1146
111900160,809,7,802
111900161,923,1,922
111900162,320,823,-503
111900163,34,162,-128
111900164,327,55,272
111901113,1439,79,1360
111901114,677,564,113
111901115,711,0,711
111901116,124,4,120
111901117,34,152,-118
111901118,14,1297,-1283
111901119,284,69,215
111901121,43,85,-42
111901122,1,104,-103
111901123,1015,83,932
111901124,689,5,684
111901125,1849,291,1558
111901127,1054,2389,-1335
111901128,21,115,-94
111901129,3,402,-399
111901130,21,113,-92
111901131,3,554,-551
111901132,120,57,63
111901133,318,6,312
111901134,394,6,388
111901135,78,15,63
111901136,6,35,-29
111901138,19,29,-10
111901139,7,31,-24
111901140,3,52,-49
111901141,2,144,-142
111901142,8,37,-29
111901143,0,135,-135
111901144,79,84,-5
111901145,48,1156,-1108
111901146,76,1,75
111901147,227,1383,-1156
111901148,10,166,-156
111901149,61,2,59
111901150,379,0,379
112000001,3808,1252,2556
112000002,1362,2707,-1345
112000003,5841,1848,3993
112000004,1690,419,1271
112000005,6068,7426,-1358
112000006,779,717,62
112000007,8395,5374,3021
112000008,6169,6310,-141
112000009,4302,1499,2803
112000010,7823,8091,-268
112000011,2335,1191,1144
112000012,5220,7725,-2505
112000013,2133,3393,-1260
112000014,1228,5972,-4744
112000015,1464,4715,-3251
112000016,3405,6481,-3076
112000017,540,6703,-6163
112000024,776,308,468
112000026,2220,1661,559
112000027,882,1079,-197
112000028,801,1347,-546
112000029,799,1062,-263
112000030,362,32,330
112000031,2091,5417,-3326
112000032,161,9,152
112000033,2150,6428,-4278
112000034,90,28,62
112000035,56,1742,-1686
112000036,265,2632,-2367
112000037,907,1091,-184
112000038,1362,2221,-859
112000039,162,63,99
112000040,40,162,-122
112000041,520,475,45
112000042,1481,284,1197
112000050,2141,1723,418
112000051,2224,5756,-3532
112000054,1930,1969,-39
112000057,978,293,685
112000058,248,365,-117
112000059,1036,821,215
112000061,3858,873,2985
112000062,679,2013,-1334
112000063,274,5007,-4733
112000064,3446,3318,128
112000065,1245,2550,-1305
112000066,4219,1753,2466
112000067,614,815,-201
112000068,3967,3478,489
112000069,764,2353,-1589
112000070,1955,1458,497
112000071,1552,2194,-642
112000072,3505,1231,2274
112000073,1367,4931,-3564
112000074,1292,3006,-1714
112000075,1559,2477,-918
112000076,3819,3458,361
112000077,1797,468,1329
112000078,3815,835,2980
112000079,3159,1657,1502
112000080,1254,729,525
112000081,1418,1879,-461
112000082,1788,529,1259
112000083,1121,1249,-128
112000084,1641,621,1020
112000085,2338,1002,1336
112000086,3076,1032,2044
112000087,1290,235,1055
112000088,1695,315,1380
112000089,439,342,97
112000090,323,303,20
112000091,989,474,515
112000092,3459,725,2734
112000093,2369,427,1942
112000094,1202,969,233
112000095,1330,430,900
112000096,1385,1106,279
112000097,4155,787,3368
112000098,444,502,-58
112000099,916,3359,-2443
112000100,3736,909,2827
112000101,899,408,491
112000102,2947,664,2283
112000103,652,418,234
112000105,956,589,367
112000106,5825,469,5356
112000107,533,184,349
112000108,1830,856,974
112000109,919,144,775
112000110,4120,1174,2946
112000111,603,2592,-1989
112000112,2962,633,2329
112000113,1175,1358,-183
112000114,3755,1091,2664
112000115,674,452,222
112000116,827,1049,-222
112000117,1703,811,892
112000118,859,1058,-199
112000119,637,669,-32
112000120,44,224,-180
112000121,542,275,267
112000122,971,196,775
112000123,1528,225,1303
112000124,1031,212,819
112000125,729,559,170
112000126,1452,173,1279
112000127,3551,3560,-9
112000128,917,596,321
112000129,313,63,250
112000130,761,178,583
112000131,86,169,-83
112000132,286,254,32
112000133,641,80,561
112000134,1075,367,708
112000135,2231,1336,895
112000136,1304,2405,-1101
112000137,2713,4666,-1953
112000138,1927,2183,-256
112000139,633,1347,-714
112000140,401,953,-552
112000141,1609,752,857
112000142,260,289,-29
112000143,2417,208,2209
112000144,543,513,30
112000145,4728,544,4184
112000146,918,1015,-97
112000147,4077,1961,2116
112000148,1152,1281,-129
112000149,821,895,-74
112000150,1223,296,927
112000151,576,162,414
112000152,1531,341,1190
112000153,491,181,310
112000154,313,827,-514
112000155,311,209,102
112000157,530,1986,-1456
112000158,429,228,201
112000159,1508,279,1229
112000167,616,318,298
112000169,384,2577,-2193
112000173,2303,259,2044
112000175,921,368,553
112000176,1060,1300,-240
112000177,1530,584,946
112000178,190,251,-61
112000179,846,73,773
112000180,1051,542,509
112000181,1457,920,537
112000182,3328,493,2835
112000183,67,24,43
112000184,645,305,340
112000185,2303,286,2017
112000187,7307,4204,3103
112000195,310,13,297
112000196,159,1,158
112000197,142,123,19
112000198,31,320,-289
112000199,760,644,116
112000202,1379,10,1369
112000216,58,222,-164
112000230,383,3,380
112000231,1,136,-135
112000256,83,887,-804
112000313,84,65,19
112000314,113,93,20
112000337,452,1531,-1079
112000352,97,495,-398
112000392,3979,861,3118
112000398,3903,1071,2832
112000399,1718,13532,-11814
112000400,1531,1157,374
112000401,1662,1366,296
112000402,6747,7239,-492
112000403,2098,13814,-11716
112000404,3126,2052,1074
112000405,5475,4636,839
112000406,3098,1118,1980
112000407,15657,10094,5563
112000408,5648,2426,3222
112000409,2043,1743,300
112000410,324,424,-100
112000411,2301,2361,-60
112000412,593,293,300
112000413,4548,7000,-2452
112000414,310,22,288
112000415,161,44,117
112000416,7223,1626,5597
112000417,468,143,325
112000421,135,70,65
112000422,338,307,31
112000424,1561,5446,-3885
112000425,626,455,171
112000426,1033,709,324
112000427,0,12,-12
112000428,634,227,407
112000429,3554,3561,-7
112000430,4441,7545,-3104
112000431,211,345,-134
112000432,804,820,-16
112000433,510,661,-151
112000437,76,90,-14
112900001,118,3,115
112900002,1306,206,1100
112900003,88,120,-32
112900004,123,125,-2
112900005,738,101,637
112900006,44,53,-9
112900007,109,50,59
112900008,0,236,-236
112900009,649,408,241
112900010,811,231,580
112900011,105,469,-364
112900012,2,12,-10
112900013,1,795,-794
112900014,1,77,-76
112900015,91,395,-304
112900016,6,395,-389
112900017,259,156,103
112900018,1,28,-27
112900019,45,186,-141
112900020,394,724,-330
112900021,1,229,-228
112900022,62,39,23
112900023,0,16,-16
112900024,12,85,-73
112900025,360,159,201
112900026,3,18,-15
112900027,54,347,-293
112900028,116,86,30
112900029,10,54,-44
112900030,55,22,33
112900031,2,802,-800
112900032,264,257,7
112900034,0,9,-9
112900035,3,122,-119
112900036,12,116,-104
112900037,827,423,404
112900038,1234,94,1140
112900039,9,125,-116
112900040,8,859,-851
112900041,824,1214,-390
112900042,90,226,-136
112900043,55,52,3
112900044,330,165,165
112900045,497,73,424
112900046,120,63,57
112900047,10,46,-36
112900049,812,59,753
112900050,43,420,-377
112900051,175,270,-95
112900052,5,346,-341
112900053,156,356,-200
112900054,255,116,139
112900055,139,56,83
112900056,522,333,189
112900057,105,309,-204
112900058,343,875,-532
112900059,152,1341,-1189
112900060,106,43,63
112900061,123,243,-120
112900062,126,59,67
112900063,22,17,5
112900064,51,168,-117
112900065,18,32,-14
112900066,231,513,-282
112900067,447,48,399
112900068,31,198,-167
112900069,2647,2310,337
112900071,71,21,50
112900072,78,10137,-10059
112900073,594,443,151
112900074,244,648,-404
112900075,1153,3003,-1850
112900076,64,27,37
112900078,319,1016,-697
112900079,528,53,475
112900080,365,2,363
112900081,78,896,-818
112900082,813,46,767
112900083,351,325,26
112900084,541,450,91
112900086,303,0,303
112900087,3258,207,3051
112900088,518,7,511
112900089,845,29,816
112900090,82,161,-79
112900091,633,27,606
112900092,66,2103,-2037
112900093,1976,33,1943
112900095,177,1,176
112900096,1206,307,899
112900097,128,177,-49
112900098,144,3,141
112900099,1769,13,1756
112900100,209,7,202
112900101,708,12,696
112900102,99,113,-14
112900103,518,13,505
112900104,407,3,404
112900105,32,0,32
112900106,1177,200,977
112900107,5,0,5
112900108,10,2,8
112900109,385,2,383
112900110,2579,71,2508
112900111,1726,6,1720
112900112,531,0,531
112900113,0,4,-4
112900114,972,10,962
112900115,3270,1,3269
112900116,255,15,240
112900117,58,27,31
112900118,3,65,-62
112900119,698,31,667
112900120,527,349,178
112900121,61,80,-19
112900122,12,97,-85
112900123,1004,70,934
112900124,20,41,-21
112900125,25,259,-234
112900126,91,84,7
112900127,737,102,635
112900128,80,398,-318
112900129,0,600,-600
112900130,580,212,368
112900131,4,379,-375
112900132,221,418,-197
112900133,12,1012,-1000
112900134,3,591,-588
112900135,201,137,64
112900137,3,439,-436
112900138,17,99,-82
112900139,45,475,-430
112900141,1066,127,939
112900142,85,663,-578
112900143,6,275,-269
112900144,4,385,-381
112900145,8,309,-301
112900146,5,487,-482
112900147,0,518,-518
112900148,46,0,46
112900149,194,338,-144
112900151,3,37,-34
112900152,3242,364,2878
112900153,205,9265,-9060
112900154,0,25,-25
112900155,266,16,250
112900156,1517,490,1027
112900157,1172,52,1120
112900158,122,1,121
112900159,156,590,-434
112900160,52,177,-125
112900161,267,68,199
112900162,21,35,-14
112900163,86,113,-27
112900164,95,272,-177
112900165,22,68,-46
112900166,24,195,-171
112900167,4,559,-555
112900168,4,7,-3
112900169,7,26,-19
112900170,261,142,119
112900172,95,34,61
112900173,106,104,2
112900174,659,36,623
112900175,264,457,-193
112900176,41,61,-20
112900177,473,132,341
112900178,798,5451,-4653
112900179,29,343,-314
112900180,3124,1196,1928
112900181,2170,14,2156
112900182,118,326,-208
112900183,93,312,-219
112900184,457,452,5
112900185,145,673,-528
112900186,899,895,4
112900187,50,550,-500
112900188,953,3436,-2483
112900189,8,14,-6
112900190,17,73,-56
112900192,558,504,54
112900193,890,335,555
112900194,95,6,89
112900195,604,57,547
112900196,799,505,294
112900197,135,416,-281
112900199,1252,136,1116
112900200,830,50,780
112900201,195,256,-61
112900202,880,409,471
112900203,631,60,571
112900204,691,450,241
112900205,17,3,14
112900206,47,34,13
112900207,57,0,57
112900208,62,1474,-1412
112900209,132,218,-86
112900210,0,7,-7
112900211,91,0,91
112900212,1,37,-36
112900213,104,7,97
112900214,14,11,3
112900215,7,36,-29
112900216,70,34,36
112900217,0,66,-66
112900218,173,12,161
112900219,244,1,243
112900220,2,0,2
112900221,81,33,48
112900222,0,116,-116
112900223,1154,21,1133
112900224,1166,196,970
112900225,1093,188,905
112900226,395,403,-8
112900227,1829,222,1607
112900228,229,34,195
112900229,676,11,665
112900230,10919,2737,8182
112900232,651,340,311
112900233,168,182,-14
112900234,35,2,33
112900235,29,4,25
112900236,1500,19,1481
112900237,884,186,698
112900238,11,0,11
112900239,652,1023,-371
112900240,8,20,-12
112900241,29,75,-46
112900242,21,70,-49
112900243,25,31,-6
112900244,10,51,-41
112900245,0,18,-18
112900246,0,19,-19
112900247,66,158,-92
112900248,6,0,6
112900249,57,0,57
112900250,127,11,116
112900251,306,5,301
112900252,335,15,320
112900253,195,7,188
112900254,101,5,96
112900255,13,30,-17
112900256,6,46,-40
112900257,4,32,-28
112900258,85,4,81
113000001,8160,6273,1887
113000002,10379,5697,4682
113000003,4393,2637,1756
113000004,4738,2663,2075
113000005,4306,2522,1784
113000006,2512,2472,40
113000007,5051,2638,2413
113000008,3975,2883,1092
113000009,2974,1064,1910
113000010,3167,1799,1368
113000011,2662,1363,1299
113000012,1947,964,983
113000013,836,530,306
113000014,1687,2186,-499
113000015,192,236,-44
113000016,296,530,-234
113000017,56,904,-848
113000018,623,56,567
113000019,96,460,-364
113000020,284,111,173
113000021,2718,1559,1159
113000022,1596,6803,-5207
113000025,193,416,-223
113000026,1070,1063,7
113000027,936,1767,-831
113000028,449,3306,-2857
113000029,1207,959,248
113000030,189,685,-496
113000031,300,293,7
113000032,274,532,-258
113000033,349,459,-110
113000034,310,196,114
113000035,32,37,-5
113000036,15,130,-115
113000037,73,33,40
113000038,10,63,-53
113000039,59,339,-280
113000040,67,178,-111
113000042,1379,1030,349
113000051,4336,4501,-165
113000052,4073,613,3460
113000053,1343,594,749
113000054,1619,1786,-167
113000055,4191,758,3433
113000056,3898,1418,2480
113000058,616,1602,-986
113000059,1322,385,937
113000060,978,1045,-67
113000061,1473,1361,112
113000062,603,609,-6
113000063,760,37,723
113000064,234,141,93
113000065,274,549,-275
113000066,1634,213,1421
113000067,4870,707,4163
113000068,848,442,406
113000069,1010,477,533
113000070,3741,1009,2732
113000071,1224,500,724
113000072,1798,489,1309
113000073,717,1785,-1068
113000074,1299,505,794
113000075,2391,880,1511
113000076,669,5615,-4946
113000077,884,996,-112
113000078,490,2152,-1662
113000079,548,1465,-917
113000080,780,1198,-418
113000081,1577,1305,272
113000082,1337,919,418
113000083,972,1451,-479
113000084,2669,1057,1612
113000085,1414,1202,212
113000086,1306,2853,-1547
113000087,1496,2770,-1274
113000088,2742,2221,521
113000089,1070,2666,-1596
113000090,225,1215,-990
113000091,293,705,-412
113000094,2266,682,1584
113000095,424,1215,-791
113000096,180,1363,-1183
113000097,1988,685,1303
113000098,79,76,3
113000099,1660,669,991
113000100,229,715,-486
113000101,272,1081,-809
113000102,918,943,-25
113000103,7240,478,6762
113000104,1057,5152,-4095
113000105,1718,809,909
113000106,1295,403,892
113000107,1920,1699,221
113000108,1862,1217,645
113000109,938,1731,-793
113000110,12622,1618,11004
113000111,829,529,300
113000112,1635,614,1021
113000113,4108,534,3574
113000114,331,1212,-881
113000116,740,478,262
113000117,1081,219,862
113000118,52,1222,-1170
113000119,477,419,58
113000120,85,589,-504
113000121,496,1205,-709
113000124,835,330,505
113000125,24,2289,-2265
113000127,2138,294,1844
113000128,2294,307,1987
113000129,451,757,-306
113000133,4559,688,3871
113000134,9,2646,-2637
113000135,7483,6375,1108
113000137,1153,3613,-2460
113000139,388,162,226
113000140,80,157,-77
113000141,78,138,-60
113000142,182,569,-387
113000143,430,170,260
113000144,315,264,51
113000145,139,203,-64
113000146,166,81,85
113000147,278,43,235
113000148,441,124,317
113000149,319,265,54
113000150,564,510,54
113000151,48,37,11
113000152,102,374,-272
113000153,1036,205,831
113000154,604,2728,-2124
113000155,571,1104,-533
113000156,251,276,-25
113000157,363,331,32
113000158,823,136,687
113000159,1220,245,975
113000160,693,345,348
113000161,593,196,397
113000162,1086,105,981
113000163,272,33,239
113000164,141,49,92
113000166,402,127,275
113000167,154,98,56
113000168,389,105,284
113000169,409,73,336
113000170,117,125,-8
113000171,59,135,-76
113000172,582,30,552
113000173,172,19,153
113000174,440,176,264
113000175,1074,102,972
113000176,1116,115,1001
113000177,432,153,279
113000178,180,225,-45
113000179,505,95,410
113000180,958,2694,-1736
113000181,2036,1289,747
113000182,160,907,-747
113000183,397,1055,-658
113000184,28,89,-61
113000189,402,1007,-605
113000190,299,312,-13
113000192,376,9092,-8716
113000193,1717,5396,-3679
113000194,1468,8676,-7208
113000195,1342,6217,-4875
113000196,597,192,405
113000197,1304,6196,-4892
113000198,273,544,-271
113000199,3022,505,2517
113000201,54,915,-861
113000202,17299,1181,16118
113000203,75,158,-83
113000204,498,11418,-10920
113000205,41,20,21
113000206,3,96,-93
113000207,80,40,40
113000208,31,146,-115
113000209,17,43,-26
113000210,6,35,-29
113000211,70,424,-354
113000212,39,54,-15
113000213,17,111,-94
113000214,308,694,-386
113000234,536,814,-278
113000410,35,197,-162
113000411,1665,2549,-884
113000412,10734,1702,9032
113000413,1408,3540,-2132
113000414,5686,16914,-11228
113000415,2645,1456,1189
113000416,2432,2472,-40
113000417,1116,1463,-347
113000418,8827,4877,3950
113000419,2363,2349,14
113000420,3886,7044,-3158
113000421,7257,8311,-1054
113000422,11110,11907,-797
113000423,1310,6892,-5582
113000424,2632,16219,-13587
113000425,7,152,-145
113000428,21,33,-12
113000430,3,180,-177
113000432,4646,255,4391
113000433,138,1327,-1189
113000434,32,91,-59
113000435,15,136,-121
113000436,26,1055,-1029
113000437,2802,118,2684
113000438,764,58,706
113000439,53,65,-12
113000440,343,86,257
113000441,349,389,-40
113000442,597,51,546
113000443,651,172,479
113000444,941,27,914
113000445,162,144,18
113000446,144,230,-86
113000448,1795,701,1094
113000449,384,1656,-1272
113000450,7123,5550,1573
113000451,9451,1444,8007
113000452,1092,1667,-575
113000453,1090,1560,-470
113000454,644,551,93
113000455,48,4046,-3998
113000456,2192,2623,-431
113000468,1122,114,1008
113000469,21,148,-127
113000470,1139,9,1130
113000471,51,665,-614
113000472,122,399,-277
113000474,2902,1227,1675
113000475,2125,1040,1085
113000476,5958,3142,2816
113000477,8190,3012,5178
113000478,3743,3924,-181
113000479,485,202,283
113000484,0,0,0
113000485,0,0,0
113000486,0,0,0
113000487,0,0,0
113000488,0,0,0
113000489,0,0,0
113000490,0,0,0
113000491,0,0,0
113000492,0,0,0
113000493,0,0,0
113000495,816,121,695
113000496,344,147,197
113900001,108,7077,-6969
113900002,34,578,-544
113900003,23,421,-398
113900004,12,803,-791
113900005,20,1176,-1156
113900006,20,904,-884
113900007,0,0,0
113900008,0,0,0
113900009,0,0,0
113900010,0,0,0
113900011,0,0,0
113900012,1190,32,1158
113900013,580,137,443
113900014,1561,16,1545
113900015,1,30,-29
113900016,38,0,38
113900017,0,40,-40
113900018,137,276,-139
113900019,331,41,290
113900020,243,12,231
113900022,212,2,210
113900023,85,0,85
113900024,155,48,107
113900025,586,15,571
113900026,94,0,94
113900027,30,83,-53
113900028,32,196,-164
113900029,249,122,127
113900030,861,16,845
113900031,78,6,72
113900032,54,2,52
113900033,117,64,53
113900035,78,0,78
113900036,114,121,-7
113900037,280,344,-64
113900038,41,212,-171
113900039,428,18,410
113900040,13,26,-13
113900041,28,1,27
113900042,216,44,172
113900043,354,59,295
113900044,119,301,-182
113900045,136,3,133
113900046,191,1506,-1315
113900047,379,57,322
113900048,292,206,86
113900049,112,620,-508
113900050,439,491,-52
113900051,405,137,268
113900052,147,117,30
113900053,544,1241,-697
113900054,40,6,34
113900055,135,698,-563
113900056,146,36,110
113900057,10,38,-28
113900058,217,57,160
113900059,523,258,265
113900060,52,428,-376
113900061,807,128,679
113900062,144,22,122
113900063,346,34,312
113900064,21,28,-7
113900065,989,17,972
113900066,1578,191,1387
113900067,563,555,8
113900068,435,1449,-1014
113900069,74,41,33
113900070,161,240,-79
113900071,249,20,229
113900072,83,58,25
113900073,1057,445,612
113900074,545,1418,-873
113900075,1523,4168,-2645
113900076,187,58,129
113900077,49,76,-27
113900078,91,6,85
113900079,1,21,-20
113900080,897,306,591
113900081,235,97,138
113900082,439,358,81
113900083,856,174,682
113900084,286,142,144
113900085,37,200,-163
113900086,166,26,140
113900087,96,85,11
113900088,247,155,92
113900089,675,48,627
113900090,571,299,272
113900091,8,16,-8
113900092,18,153,-135
113900093,70,2983,-2913
113900094,1268,422,846
113900095,165,355,-190
113900096,434,118,316
113900097,60,268,-208
113900098,1233,316,917
113900099,1,18,-17
113900100,0,4,-4
113900101,3,100,-97
113900102,108,220,-112
113900103,209,664,-455
113900104,284,525,-241
113900105,742,44,698
113900106,0,13,-13
113900107,0,0,0
113900108,62,434,-372
113900109,273,461,-188
113900110,31,33,-2
113900111,445,44,401
113900112,425,87,338
113900113,1773,477,1296
113900114,2,6,-4
113900115,0,3,-3
113900116,23,344,-321
113900117,31,62,-31
113900118,94,1526,-1432
113900119,110,361,-251
113900120,168,56,112
113900121,191,75,116
113900122,620,6152,-5532
113900123,800,175,625
113900124,2,140,-138
113900125,1672,240,1432
113900126,67,62,5
113900127,448,940,-492
113900128,505,92,413
113900129,1,307,-306
113900130,0,132,-132
113900131,424,63,361
113900132,85,117,-32
113900133,8,42,-34
113900135,592,776,-184
113900136,100,44,56
113900137,401,372,29
113900138,13,170,-157
113900139,611,542,69
113900140,31,286,-255
113900141,1226,173,1053
113900142,120,42,78
113900143,22,84,-62
113900144,72,404,-332
113900145,494,263,231
113900146,425,58,367
113900148,71,432,-361
113900149,240,449,-209
113900150,357,187,170
113900151,588,208,380
113900152,58,130,-72
113900153,58,405,-347
113900154,4,150,-146
113900155,38,268,-230
113900156,450,223,227
113900157,92,742,-650
113900158,71,339,-268
113900159,5,216,-211
113900160,499,387,112
113900161,147,383,-236
113900162,149,559,-410
113900163,303,143,160
113900164,650,36,614
113900165,520,501,19
113900166,29,81,-52
113900167,555,31,524
113900168,42,45,-3
113900169,303,260,43
113900171,418,45,373
113900172,2,145,-143
113900173,19,247,-228
113900174,749,458,291
113900175,338,165,173
113900176,390,273,117
113900177,271,184,87
113900178,318,338,-20
113900179,15,232,-217
113900180,196,145,51
113900181,1656,240,1416
113900182,781,419,362
113900183,85,36,49
113900184,12,386,-374
113900185,129,51,78
113900186,32,27,5
113900187,38,97,-59
113900188,10,100,-90
113900189,567,302,265
113900190,181,113,68
113900191,54,121,-67
113900192,4,893,-889
113900193,17,126,-109
113900194,1574,449,1125
113900195,343,231,112
113900196,3,469,-466
113900197,0,62,-62
113900198,11,1146,-1135
113900199,24,347,-323
113900200,10,279,-269
113900201,1,59,-58
113900202,32,49,-17
113900203,0,34,-34
113900204,11,329,-318
113900205,1,53,-52
113900206,1,100,-99
113900207,0,31,-31
113900208,0,10,-10
113900209,0,10,-10
113900210,1433,934,499
113900211,213,67,146
113900212,564,343,221
113900214,269,430,-161
113900215,180,165,15
113900216,281,288,-7
113900217,279,57,222
113900218,119,106,13
113900219,197,997,-800
113900220,112,273,-161
113900221,243,756,-513
113900222,249,1451,-1202
113900223,445,222,223
113900224,53,72,-19
113900225,1406,146,1260
113900226,571,171,400
113900227,245,428,-183
113900228,177,873,-696
113900229,51,1785,-1734
113900230,2315,4531,-2216
113900231,163,89,74
113900232,254,30,224
113900233,210,93,117
113900234,583,646,-63
113900235,216,46,170
113900236,339,82,257
113900237,359,33,326
113900238,158,1010,-852
113900239,69,210,-141
113900240,2,237,-235
113900241,50,162,-112
113900242,54,367,-313
113900243,21,148,-127
113900244,121,152,-31
113900245,530,477,53
113900246,41,20,21
113900247,119,782,-663
113900248,2590,2713,-123
113900249,373,813,-440
113900250,43,1020,-977
113900251,1665,64,1601
113900252,1529,21,1508
113900253,1164,40,1124
113900254,796,219,577
113900255,1407,9,1398
113900256,887,39,848
113900257,16,364,-348
113900258,47,218,-171
113900259,1423,75,1348
113900260,520,12,508
113900261,71,69,2
113900262,319,263,56
113900263,13,249,-236
113900264,2,279,-277
113900265,161,613,-452
113900266,32,171,-139
113900267,57,1032,-975
113900268,293,520,-227
113900269,315,131,184
113900270,299,475,-176
113900271,841,412,429
113900273,6,17,-11
113900274,66,99,-33
113900275,12,288,-276
113900276,8,98,-90
113900277,353,12,341
113900278,137,202,-65
113900279,73,22,51
113900280,1273,625,648
113900281,168,1380,-1212
113900282,383,299,84
113900283,569,698,-129
113900284,1992,207,1785
113900285,75,8,67
113900286,8,37,-29
113900287,179,15,164
113900288,2,175,-173
113900289,286,235,51
113900290,879,1177,-298
113900291,111,96,15
113900292,3,22,-19
113900293,4,615,-611
113900294,1438,16,1422
113900295,612,328,284
113900296,2541,323,2218
113900297,2933,55,2878
113900298,101,2514,-2413
113900299,248,50,198
113900300,5900,6653,-753
113900301,555,1493,-938
113900302,1403,1252,151
113900303,141,2213,-2072
113900304,1,214,-213
113900305,373,1,372
113900306,193,1,192
113900307,7,0,7
113900308,96,137,-41
113900309,4,352,-348
113900310,0,17,-17
113900311,25,1,24
113900312,207,242,-35
113900313,7,0,7
113900314,2,47,-45
113900315,394,8,386
114000001,1279,1744,-465
114000002,798,271,527
114000003,780,676,104
114000004,1006,440,566
114000005,817,202,615
114000006,1690,1566,124
114000007,1162,1095,67
114000008,2453,2386,67
114000009,2156,500,1656
114000011,4208,2214,1994
114000012,6602,1849,4753
114000013,3398,1588,1810
114000014,1152,259,893
114000015,3354,170,3184
114000016,646,69,577
114000017,169,1550,-1381
114000018,90,76,14
114000026,4505,1316,3189
114000027,5355,3691,1664
114000028,2970,6065,-3095
114000038,537,209,328
114000039,162,135,27
114000040,215,638,-423
114000042,286,315,-29
114000043,240,240,0
114000044,617,96,521
114000045,30,40,-10
114000046,2067,4871,-2804
114000047,11,204,-193
114000048,134,80,54
114000049,2728,1751,977
114000050,2727,2140,587
114000051,4738,2708,2030
114000052,4636,3752,884
114000053,35,914,-879
114000054,271,998,-727
114000055,720,62,658
114000056,116,1241,-1125
114000057,4181,1780,2401
114000058,59,1614,-1555
114000059,42,1845,-1803
114000060,692,1398,-706
114000061,2992,4800,-1808
114000062,375,1359,-984
114000063,1268,1368,-100
114000064,1871,6887,-5016
114000065,1493,2280,-787
114000066,801,1273,-472
114000067,29,1927,-1898
114000068,505,1230,-725
114000069,1221,676,545
114000070,3867,1902,1965
114000071,1472,1094,378
114000072,1127,267,860
114000073,15,16,-1
114000074,130,23,107
114000075,114,115,-1
114000076,20,61,-41
114000077,8,26,-18
114000078,660,647,13
114000079,569,74,495
114000080,58,95,-37
114000081,110,127,-17
114000082,73,340,-267
114000083,159,40,119
114000084,294,148,146
114000085,95,342,-247
114000086,374,297,77
114000087,403,37,366
114000088,28,37,-9
114000089,631,225,406
114000090,1139,1958,-819
114000091,1065,1450,-385
114000092,559,673,-114
114000093,1856,680,1176
114000094,848,489,359
114000095,414,250,164
114000096,70,379,-309
114000097,119,226,-107
114000098,910,196,714
114000099,1675,198,1477
114000100,2205,477,1728
114000101,837,291,546
114000102,1244,439,805
114000103,124,142,-18
114000104,26,174,-148
114000105,458,211,247
114000106,898,3752,-2854
114000107,802,219,583
114000108,1654,859,795
114000109,1340,6886,-5546
114000110,661,941,-280
114000111,3908,2447,1461
114000112,469,1235,-766
114000113,3536,435,3101
114000114,451,1238,-787
114000115,4649,795,3854
114000116,1525,8736,-7211
114000117,7824,1022,6802
114000118,6928,449,6479
114000119,5370,511,4859
114000120,993,938,55
114000121,1035,702,333
114000122,674,671,3
114000123,4294,635,3659
114000124,2863,704,2159
114000125,1818,1786,32
114000126,3373,398,2975
114000127,270,143,127
114000128,1549,271,1278
114000130,1073,750,323
114000131,794,146,648
114000132,856,264,592
114000133,598,1304,-706
114000134,150,55,95
114000138,75,115,-40
114000139,619,964,-345
114000144,931,1007,-76
114000145,93,16,77
114000146,127,42,85
114000147,1742,3529,-1787
114000148,932,3173,-2241
114000149,506,648,-142
114000150,556,1352,-796
114000151,1555,6588,-5033
114000152,145,51,94
114000153,821,4655,-3834
114000154,855,1586,-731
114000155,1275,6093,-4818
114000156,995,1538,-543
114000157,555,3013,-2458
114000158,1808,788,1020
114000159,162,608,-446
114000160,116,1225,-1109
114000161,1298,2560,-1262
114000162,1997,3430,-1433
114000163,27,59,-32
114000165,667,665,2
114000166,499,696,-197
114000167,3306,1496,1810
114000168,619,263,356
114000169,1331,1268,63
114000170,1604,1226,378
114000171,2143,23019,-20876
114000174,277,363,-86
114000176,287,688,-401
114000177,743,385,358
114000178,107,57,50
114000179,1234,1966,-732
114000180,238,259,-21
114000181,1631,12970,-11339
114000182,1177,3085,-1908
114000183,1218,912,306
114000184,3630,707,2923
114000185,1929,1115,814
114000189,2669,138,2531
114000190,5943,496,5447
114000191,123,667,-544
114000192,249,840,-591
114000193,261,1077,-816
114000194,2487,1059,1428
114000195,412,409,3
114000196,2,210,-208
114000197,3873,34,3839
114000198,905,453,452
114000199,1602,1836,-234
114000200,965,1394,-429
114000201,320,1221,-901
114000202,1249,980,269
114000203,1287,977,310
114000204,104,700,-596
114000205,456,1688,-1232
114000206,1082,2473,-1391
114000207,658,1721,-1063
114000208,588,1547,-959
114000209,531,1980,-1449
114000210,283,810,-527
114000211,1859,1702,157
114000212,988,1583,-595
114000213,2243,408,1835
114000214,60,158,-98
114000215,227,206,21
114000216,3124,390,2734
114000217,596,168,428
114000218,725,149,576
114000219,2941,202,2739
114000220,85,952,-867
114000221,2040,235,1805
114000222,275,917,-642
114000223,1318,150,1168
114000224,77,574,-497
114000225,576,291,285
114000226,335,258,77
114000227,1363,700,663
114000228,1582,703,879
114000229,2588,1615,973
114000230,2315,1155,1160
114000231,1468,1957,-489
114000232,2015,282,1733
114000233,4252,69,4183
114000234,2141,993,1148
114000235,2813,2095,718
114000236,3,579,-576
114000237,313,852,-539
114000238,219,673,-454
114000239,211,1141,-930
114000240,1214,2311,-1097
114000241,490,1965,-1475
114000242,883,955,-72
114000243,3909,1460,2449
114000244,1133,562,571
114000245,854,1504,-650
114000246,239,102,137
114000247,763,1006,-243
114000248,3241,781,2460
114000249,827,761,66
114000250,1270,325,945
114000251,530,371,159
114000252,106,22,84
114000253,33,100,-67
114000254,72,50,22
114000255,1005,313,692
114000256,392,2492,-2100
114000257,1285,1352,-67
114000258,898,721,177
114000259,280,1748,-1468
114000260,0,36,-36
114000261,82,41,41
114000262,480,187,293
114000263,27,0,27
114000264,2432,610,1822
114000265,0,1,-1
114000267,2,4300,-4298
114000268,14,857,-843
114000270,502,17,485
114000271,489,170,319
114000283,2870,502,2368
114000285,24,100,-76
114000288,379,640,-261
114000289,3265,189,3076
114000293,448,823,-375
114000294,490,514,-24
114000395,2777,27,2750
114000396,824,732,92
114000402,1987,303,1684
114000403,542,216,326
114000405,477,271,206
114000423,770,161,609
114000424,725,684,41
114000425,1986,175,1811
114000426,389,1355,-966
114000427,166,76,90
114000428,64,201,-137
114000429,3,191,-188
114000432,387,128,259
114000434,88,28,60
114000435,1,71,-70
114900001,1114,235,879
114900002,372,160,212
114900003,1279,264,1015
114900004,330,885,-555
114900005,748,255,493
114900006,122,121,1
114900007,249,19,230
114900008,638,139,499
114900010,1232,3017,-1785
114900011,594,168,426
114900013,445,235,210
114900018,2536,75,2461
114900020,161,79,82
114900022,6,916,-910
114900025,947,137,810
114900026,264,108,156
114900029,386,22,364
114900030,404,217,187
114900031,1100,41,1059
114900032,781,12,769
114900034,52,39,13
114900035,163,503,-340
114900036,367,287,80
114900039,1202,139,1063
114900040,234,33,201
114900041,1987,158,1829
114900042,2652,167,2485
114900044,220,103,117
114900047,225,6442,-6217
114900048,20,165,-145
114900049,29,85,-56
114900050,187,117,70
114900051,37,202,-165
114900052,19,271,-252
114900053,61,293,-232
114900054,26,48,-22
114900057,328,23,305
114900058,0,37,-37
114900059,265,106,159
114900063,124,32,92
114900064,3226,191,3035
114900065,424,1393,-969
114900067,37,378,-341
114900068,38,100,-62
114900069,223,47,176
114900070,897,192,705
114900072,0,200,-200
114900073,2,48,-46
114900074,1884,262,1622
114900075,309,10,299
114900076,3,119,-116
114900080,879,193,686
114900082,2285,3842,-1557
114900083,326,704,-378
114900090,1051,160,891
114900091,87,111,-24
114900097,250,2,248
114900098,3,504,-501
114900099,497,36,461
115000001,6353,3796,2557
115000002,7211,9129,-1918
115000003,5510,3166,2344
115000004,7376,10195,-2819
115000005,3056,4246,-1190
115000006,2720,3487,-767
115000007,1075,487,588
115000008,826,1788,-962
115000009,1068,589,479
115000010,452,546,-94
115000013,54,248,-194
115000015,66,557,-491
115000016,46,318,-272
115000019,40,842,-802
115000020,351,1575,-1224
115000021,296,545,-249
115000022,447,235,212
115000023,681,517,164
115000024,744,285,459
115000025,1378,772,606
115000026,258,271,-13
115000027,726,334,392
115000028,172,484,-312
115000029,1630,130,1500
115000030,477,811,-334
115000031,912,218,694
115000032,13,271,-258
115000033,348,20,328
115000034,122,1326,-1204
115000035,1238,176,1062
115000036,1,412,-411
115000037,939,75,864
115000038,69,243,-174
115000039,4062,6875,-2813
115000040,5754,3878,1876
115000041,3748,8291,-4543
115000042,781,1115,-334
115000043,5833,4283,1550
115000044,3908,4089,-181
115000045,4435,1407,3028
115000046,5545,4808,737
115000047,5077,2529,2548
115000048,4852,2692,2160
115000049,2178,4903,-2725
115000050,5241,1781,3460
115000051,2810,8503,-5693
115000052,1733,1100,633
115000053,4312,4213,99
115000054,590,1288,-698
115000055,214,1764,-1550
115000056,127,502,-375
115000057,858,2795,-1937
115000058,69,796,-727
115000059,154,495,-341
115000061,200,462,-262
115000062,503,616,-113
115000063,910,614,296
115000064,422,159,263
115000065,141,584,-443
115000067,720,41,679
115000069,155,364,-209
115000070,29,1623,-1594
115000071,100,46,54
115000072,14,72,-58
115000073,2353,116,2237
115000075,182,93,89
115000076,3100,2764,336
115000077,3197,1646,1551
115000078,3187,1118,2069
115000079,3142,1386,1756
115000080,6637,1467,5170
115000081,411,422,-11
115000082,10670,8016,2654
115000083,3236,1116,2120
115000084,4990,1217,3773
115000085,2145,1055,1090
115000086,2181,1377,804
115000087,853,2653,-1800
115000088,2110,1246,864
115000089,2347,1513,834
115000090,569,1180,-611
115000091,520,633,-113
115000092,1769,1956,-187
115000093,1276,3,1273
115000094,5919,12620,-6701
115000095,5027,13838,-8811
115000096,1882,994,888
115000097,3908,2884,1024
115000098,3242,671,2571
115000099,4100,1737,2363
115000100,3344,372,2972
115000101,1028,1234,-206
115000102,832,254,578
115000103,554,596,-42
115000105,256,145,111
115000106,1983,1003,980
115000107,372,418,-46
115000108,2733,2034,699
115000109,4518,7343,-2825
115000110,1829,3024,-1195
115000111,585,1086,-501
115000112,984,792,192
115000113,636,587,49
115000114,1056,537,519
115000116,3150,2134,1016
115000117,2340,3141,-801
115000118,2435,2453,-18
115000119,2018,2519,-501
115000120,1022,1639,-617
115000121,710,691,19
115000122,865,2505,-1640
115000123,2096,2312,-216
115000124,1375,1707,-332
115000125,704,2135,-1431
115000126,217,954,-737
115000127,657,201,456
115000128,590,1802,-1212
115000129,285,1080,-795
115000130,763,642,121
115000131,1234,370,864
115000132,831,572,259
115000133,1524,283,1241
115000134,533,771,-238
115000135,311,247,64
115000136,436,623,-187
115000137,104,500,-396
115000138,493,316,177
115000139,434,343,91
115000140,793,379,414
115000141,394,110,284
115000142,606,100,506
115000143,1420,1638,-218
115000144,796,116,680
115000145,535,277,258
115000146,865,1653,-788
115000147,583,1060,-477
115000148,601,1086,-485
115000149,1229,290,939
115000150,1026,651,375
115000151,2325,370,1955
115000152,1443,1703,-260
115000153,2686,606,2080
115000154,1897,275,1622
115000155,939,2146,-1207
115000156,1094,1347,-253
115000157,482,3236,-2754
115000158,302,1063,-761
115000159,897,1484,-587
115000160,657,620,37
115000161,194,556,-362
115000162,624,1634,-1010
115000163,775,836,-61
115000164,665,1465,-800
115000165,214,1187,-973
115000167,157,508,-351
115000168,653,1391,-738
115000169,288,2067,-1779
115000170,98,367,-269
115000171,367,978,-611
115000172,1274,1258,16
115000173,610,1645,-1035
115000174,74,1162,-1088
115000175,264,349,-85
115000176,107,196,-89
115000177,20,253,-233
115000178,16,236,-220
115000179,30,143,-113
115000180,176,458,-282
115000181,1593,236,1357
115000182,2612,448,2164
115000183,644,867,-223
115000186,1222,194,1028
115000187,222,647,-425
115000188,788,635,153
115000189,437,407,30
115000190,1362,895,467
115000191,446,727,-281
115000194,146,178,-32
115000195,285,629,-344
115000196,531,158,373
115000197,616,206,410
115000198,1133,228,905
115000199,972,132,840
115000200,860,373,487
115000201,423,272,151
115000206,786,21,765
115000207,548,575,-27
115000208,703,1375,-672
115000209,1342,862,480
115000210,276,330,-54
115000211,668,345,323
115000212,1792,444,1348
115000224,300,148,152
115000225,146,70,76
115000229,313,70,243
115000230,218,426,-208
115000231,479,1545,-1066
115000232,5610,564,5046
115000233,183,365,-182
115000234,70,548,-478
115000241,249,244,5
115000242,419,57,362
115000243,417,132,285
115000244,17,622,-605
115000246,164,39,125
115000247,56,63,-7
115000248,175,39,136
115000249,44,25,19
115000250,337,48,289
115000251,858,146,712
115000252,318,432,-114
115000253,33,861,-828
115000258,971,95,876
115000259,560,147,413
115000261,66,49,17
115000262,10,92,-82
115000263,27,56,-29
115000264,20,49,-29
115000267,64,112,-48
115000268,57,114,-57
115000269,139,52,87
115000270,16,19,-3
115000272,115,70,45
115000273,916,32,884
115000280,1607,415,1192
115000281,278,919,-641
115000282,692,1283,-591
115000284,156,459,-303
115000296,533,15,518
115000297,137,489,-352
115000298,55,822,-767
115000300,227,144,83
115000302,1307,212,1095
115000303,2276,108,2168
115000304,1798,147,1651
115000305,134,547,-413
115000306,386,286,100
115000307,274,310,-36
115000308,50,56,-6
115000309,38,127,-89
115000310,3551,808,2743
115000311,2302,1486,816
115000313,218,523,-305
115000314,1206,492,714
115000315,2138,1771,367
115000316,270,241,29
115000317,388,781,-393
115000318,1374,670,704
115000319,179,198,-19
115000320,52,696,-644
115000321,555,23,532
115000322,118,151,-33
115000449,171,271,-100
115000557,2,4222,-4220
115000558,211,393,-182
115000587,1504,474,1030
115000588,3049,4313,-1264
115000589,7928,5229,2699
115000590,1336,2766,-1430
115000591,2031,1897,134
115000592,722,2732,-2010
115000593,2350,1942,408
115000594,337,4056,-3719
115000609,539,357,182
115000617,689,3293,-2604
115000624,609,52,557
115000633,442,1753,-1311
115000634,5211,923,4288
115000635,1185,215,970
115000638,630,379,251
115000641,60,755,-695
115000642,418,293,125
115000643,81,356,-275
115000644,204,294,-90
115000646,813,1780,-967
115000647,245,762,-517
115000648,6000,1073,4927
115000893,3784,1897,1887
115000894,130,1123,-993
115000895,399,2006,-1607
115000896,2182,1069,1113
115000897,649,246,403
115000898,688,524,164
115000899,282,2426,-2144
115000900,76,1330,-1254
115000901,83,305,-222
115000912,830,117,713
115000913,0,30,-30
115000915,31,0,31
115000916,5,2,3
115000917,0,39,-39
115000918,124,1209,-1085
115000919,8,116,-108
115000920,5,194,-189
115000921,527,194,333
115000922,669,2043,-1374
115000923,65,4201,-4136
115000925,242,215,27
115000927,93,153,-60
115000933,76,1289,-1213
115000934,102,171,-69
115000935,313,87,226
115000936,138,2034,-1896
115000937,2643,924,1719
115000938,87,528,-441
115000939,61,367,-306
115000940,2,130,-128
115000941,1,110,-109
115000942,24,391,-367
115000943,5,535,-530
115000944,1,11,-10
115900001,546,30,516
115900002,172,120,52
115900003,346,125,221
115900004,0,37,-37
115900005,472,28,444
115900006,216,273,-57
115900008,274,1,273
115900009,56,751,-695
115900010,891,106,785
115900011,524,281,243
115900012,563,26,537
115900013,527,202,325
115900014,259,176,83
115900015,468,44,424
115900016,145,84,61
115900017,73,16,57
115900018,275,54,221
115900019,30,25,5
115900020,161,0,161
115900021,826,619,207
115900022,1510,7,1503
115900023,12,13,-1
115900025,46,332,-286
115900026,752,158,594
115900027,1,296,-295
115900028,252,46,206
115900029,29,221,-192
115900030,66,46,20
115900031,87,422,-335
115900032,589,1131,-542
115900033,0,97,-97
115900034,29,154,-125
115900035,63,41,22
115900036,55,5933,-5878
115900037,38,138,-100
115900038,152,37,115
115900039,324,91,233
115900041,171,1852,-1681
115900042,119,5,114
115900043,220,62,158
115900044,202,785,-583
115900046,1452,119,1333
115900047,73,311,-238
115900049,366,177,189
115900051,4,72,-68
115900052,45,105,-60
115900053,811,78,733
115900054,673,26,647
115900055,36,77,-41
115900056,448,110,338
115900057,22,27,-5
115900058,13,36,-23
115900060,97,170,-73
115900061,611,4,607
115900062,52,106,-54
115900063,56,1,55
115900064,513,371,142
115900065,338,90,248
115900066,62,76,-14
115900067,4,73,-69
115900068,1151,2693,-1542
115900069,76,258,-182
115900070,368,47,321
115900071,0,166,-166
115900072,26,90,-64
115900073,401,189,212
115900074,4,77,-73
115900075,73,245,-172
115900076,23,32,-9
115900077,8,75,-67
115900078,89,523,-434
115900079,694,8,686
115900080,235,122,113
115900081,97,18,79
115900082,255,1019,-764
115900084,1085,11,1074
115900085,47,150,-103
115900086,1815,650,1165
115900088,4,79,-75
115900089,830,264,566
115900090,1147,26,1121
115900091,10,52,-42
115900092,129,46,83
115900093,9,10,-1
115900094,7,36,-29
115900096,7,5,2
115900097,50,67,-17
115900098,660,259,401
115900099,83,559,-476
115900100,31,322,-291
115900101,729,120,609
115900102,139,249,-110
115900103,505,93,412
115900104,125,135,-10
115900105,520,258,262
115900106,199,5,194
115900107,143,43,100
115900108,398,22,376
115900109,9,309,-300
115900110,85,3,82
115900111,0,45,-45
115900112,79,519,-440
115900113,156,74,82
115900114,25,60,-35
115900115,142,106,36
115900116,187,604,-417
115900117,266,24,242
115900118,7,63,-56
115900119,218,110,108
115900120,61,274,-213
115900121,447,133,314
115900124,332,1431,-1099
115900125,1134,195,939
115900126,1672,45,1627
115900127,1634,68,1566
115900128,4,395,-391
115900129,885,29,856
115900130,40,1550,-1510
115900131,673,41,632
115900132,1318,12,1306
115900134,634,13,621
115900135,1371,891,480
115900137,23,13,10
115900139,18,140,-122
115900140,734,41,693
115900141,2,134,-132
115900142,13,78,-65
115900143,510,372,138
115900144,542,254,288
115900146,9,142,-133
115900147,332,563,-231
115900148,39,91,-52
115900149,473,16,457
115900150,225,23,202
115900151,251,134,117
115900152,419,216,203
115900153,397,105,292
115900154,491,611,-120
115900155,0,27,-27
115900156,1471,1322,149
115900157,729,898,-169
115900158,10,7,3
115900159,425,337,88
115900160,0,5,-5
115900161,24,127,-103
115900163,609,112,497
115900164,1757,15,1742
115900166,149,152,-3
115900168,502,192,310
115900171,156,371,-215
115900172,89,307,-218
115900173,366,197,169
115900174,206,522,-316
115900175,373,115,258
115900178,17,111,-94
115900179,713,20,693
115900180,265,76,189
115900181,562,113,449
115900182,1371,64,1307
115900183,12,190,-178
115900184,641,25,616
115900187,18,478,-460
115900189,2,204,-202
115900190,291,1893,-1602
115900191,18,248,-230
115900192,57,218,-161
115900193,229,220,9
115900194,2020,150,1870
115900195,755,5671,-4916
115900198,477,391,86
115900199,624,56,568
115900200,484,175,309
115900201,307,614,-307
115900202,3,265,-262
115900203,1,14,-13
115900204,0,17,-17
115900205,24,7,17
115900206,729,202,527
115900207,142,8,134
115900208,209,81,128
115900209,3,98,-95
115900210,5,300,-295
115900211,3,234,-231
115900212,485,256,229
115900213,136,251,-115
115900214,1414,101,1313
115900215,14,400,-386
115900216,5,49,-44
115900217,3,11,-8
115900218,2,20,-18
115900219,364,4,360
115900220,687,9,678
115900221,147,5,142
115900222,102,53,49
115900223,4,811,-807
115900224,980,3659,-2679
115900225,200,42,158
115900226,47,108,-61
115900227,30,135,-105
115900228,12,95,-83
115900229,11,70,-59
115900230,135,52,83
115900231,208,4,204
115900232,267,0,267
115900233,282,3,279
115900234,154,47,107
115900235,101,142,-41
115900236,31,566,-535
115900237,32,42,-10
115900238,32,44,-12
115900239,24,83,-59
115900240,52,73,-21
115900241,461,37,424
115900242,846,868,-22
115900243,42,13,29
115900244,25,10,15
115900245,162,30,132
115900246,12,8,4
115900247,25,4,21
115900248,5,4,1
115900249,15,6,9
115900250,47,18,29
115900251,20,3,17
115900252,28,1,27
115900253,78,9,69
115900254,21,15,6
115900255,1,103,-102
115900256,130,171,-41
115900257,6,111,-105
115900258,0,6,-6
115900259,0,15,-15
115900260,23,11,12
115900261,3,1,2
115900262,5,0,5
115900263,8,1,7
115900264,35,0,35
115900265,19,5,14
115900266,2,9,-7
115900267,0,15,-15
115900268,3,17,-14
115900269,1528,195,1333
115900270,685,149,536
115900271,412,0,412
115900272,94,11,83
115900273,9,62,-53
115900274,5,6,-1
115900275,0,10,-10
115900276,0,5,-5
115900277,0,33,-33
115900278,83,70,13
115900279,64,384,-320
115900280,55,1447,-1392
115900281,319,588,-269
115900282,115,107,8
115900283,56,1,55
115900284,29,5,24
116000001,11254,2796,8458
116000002,9825,23530,-13705
116000003,1907,2267,-360
116000004,7034,9580,-2546
116000005,1318,6662,-5344
116000006,5967,10156,-4189
116000007,2138,3653,-1515
116000008,9548,4865,4683
116000009,1148,1161,-13
116000010,5773,2480,3293
116000011,1015,1127,-112
116000012,4014,1935,2079
116000013,6397,9544,-3147
116000014,20049,41252,-21203
116000015,387,3506,-3119
116000016,7986,9242,-1256
116000017,87,1016,-929
116000018,820,804,16
116000019,3044,405,2639
116000020,1070,2239,-1169
116000021,1960,425,1535
116000022,1245,699,546
116000023,3303,2190,1113
116000024,1264,1657,-393
116000025,1669,1604,65
116000026,1781,8168,-6387
116000027,561,1540,-979
116000028,583,1484,-901
116000029,561,542,19
116000030,830,1022,-192
116000031,55,243,-188
116000032,706,193,513
116000033,1304,961,343
116000034,940,1277,-337
116000035,1246,447,799
116000036,462,4958,-4496
116000037,207,836,-629
116000038,59,2257,-2198
116000039,421,2240,-1819
116000040,745,2951,-2206
116000041,175,1885,-1710
116000042,1872,1961,-89
116000043,247,598,-351
116000044,8,63,-55
116000045,1745,2165,-420
116000046,1197,3261,-2064
116000047,3500,4709,-1209
116000048,5602,1522,4080
116000049,2834,3631,-797
116000050,2383,1760,623
116000051,4470,4595,-125
116000052,4671,4036,635
116000053,3894,1352,2542
116000054,1953,3852,-1899
116000055,1902,1835,67
116000056,2444,1701,743
116000057,4505,1813,2692
116000058,9649,5492,4157
116000059,3715,6558,-2843
116000060,4742,2502,2240
116000061,988,1820,-832
116000062,1040,786,254
116000063,999,3093,-2094
116000066,799,971,-172
116000067,705,557,148
116000068,284,531,-247
116000069,734,326,408
116000078,906,1077,-171
116000080,2641,631,2010
116000082,20,25,-5
116000083,3677,497,3180
116000084,1648,2119,-471
116000085,2680,2900,-220
116000086,1239,813,426
116000087,4873,2385,2488
116000088,2678,1071,1607
116000089,244,169,75
116000090,327,299,28
116000091,257,1352,-1095
116000093,1040,299,741
116000094,1844,701,1143
116000095,1141,697,444
116000096,3509,5222,-1713
116000097,1499,718,781
116000098,155,21233,-21078
116000099,8891,742,8149
116000100,580,39,541
116000101,2598,1336,1262
116000102,303,752,-449
116000103,875,509,366
116000104,249,1428,-1179
116000105,2929,174,2755
116000106,513,3688,-3175
116000107,4810,977,3833
116000108,52,1482,-1430
116000111,243,54,189
116000113,206,70,136
116000114,27,94,-67
116000115,524,115,409
116000116,445,204,241
116000117,1929,1798,131
116000118,3422,1222,2200
116000119,4909,1891,3018
116000120,3835,2449,1386
116000121,1393,749,644
116000122,1049,950,99
116000123,1858,714,1144
116000124,789,418,371
116000125,5583,658,4925
116000126,600,547,53
116000127,1262,574,688
116000128,3333,899,2434
116000129,2306,137,2169
116000130,1745,946,799
116000133,3167,1280,1887
116000134,2235,1294,941
116000135,4214,1716,2498
116000136,1494,1767,-273
116000137,1667,1080,587
116000138,2534,1086,1448
116000139,3397,8399,-5002
116000140,338,527,-189
116000141,984,595,389
116000142,4322,2309,2013
116000143,3516,1507,2009
116000144,3257,2487,770
116000145,3900,1164,2736
116000146,1927,188,1739
116000147,616,730,-114
116000148,2161,2643,-482
116000149,1479,1698,-219
116000151,953,1358,-405
116000153,312,510,-198
116000155,396,824,-428
116000156,1659,676,983
116000157,196,7,189
116000158,964,176,788
116000159,6,15,-9
116000160,96,85,11
116000161,10,168,-158
116000162,222,631,-409
116000163,204,77,127
116000164,105,152,-47
116000177,186,1123,-937
116000194,68,448,-380
116000195,2255,904,1351
116000196,81,11,70
116000197,43,48,-5
116000198,2618,1761,857
116000200,1459,1284,175
116000201,980,970,10
116000202,28,344,-316
116000203,1,32,-31
116000204,8,23,-15
116000205,0,139,-139
116000206,2,364,-362
116000207,29,249,-220
116000233,237,764,-527
116000287,725,214,511
116000288,591,278,313
116000292,111,175,-64
116000296,26,87,-61
116000297,258,3,255
116000304,302,51,251
116000305,38,178,-140
116000346,320,204,116
116000352,158,164,-6
116000354,65,49,16
116000357,10,20,-10
116000358,969,260,709
116000361,367,1,366
116000372,6497,14539,-8042
116000381,260,53,207
116000388,2,44,-42
116000389,1512,545,967
116000445,1955,298,1657
116000446,1168,305,863
116000447,76,966,-890
116000448,891,93,798
116000563,957,1096,-139
116000565,57,294,-237
116000568,109,1004,-895
116000579,25,133,-108
116000583,277,78,199
116000584,100,5,95
116000585,179,85,94
116000586,89,203,-114
116000587,481,466,15
116000589,41,61,-20
116000590,364,163,201
116000591,466,327,139
116000592,33,25,8
116000593,0,22,-22
116000594,2456,163,2293
116000595,1350,77,1273
116000596,356,10,346
116000597,1195,497,698
116000598,27,147,-120
116000605,261,247,14
116000606,64,1112,-1048
116000607,3,166,-163
116000609,72,2590,-2518
116000611,421,164,257
116000612,3410,2405,1005
116000613,1018,476,542
116000614,1013,348,665
116000615,7,1087,-1080
116000616,164,107,57
116000617,318,34,284
116000618,9,112,-103
116000619,31,119,-88
116000620,596,159,437
116000621,135,110,25
116000622,232,150,82
116000624,155,372,-217
116000627,217,96,121
116000628,115,412,-297
116000629,75,308,-233
116000630,2101,29,2072
116000631,1424,35,1389
116000632,2847,31,2816
116000633,621,174,447
116000634,766,109,657
116000635,3554,6719,-3165
116000636,915,3919,-3004
116000637,1517,39,1478
116000638,282,309,-27
116000639,128,8,120
116000640,72,173,-101
116000641,35,90,-55
116000643,0,77,-77
116000644,107,207,-100
116000645,48,9,39
116900001,842,175,667
116900002,532,17,515
116900003,127,14,113
116900004,100,187,-87
116900005,358,36,322
116900006,184,645,-461
116900007,428,489,-61
116900008,1542,110,1432
116900009,38,49,-11
116900010,3,868,-865
116900011,11,84,-73
116900012,499,715,-216
116900013,10,28,-18
116900014,367,35,332
116900016,418,4,414
116900017,0,402,-402
116900018,193,203,-10
116900019,9,170,-161
116900020,567,3428,-2861
116900023,78,26,52
116900025,2569,670,1899
116900026,110,754,-644
116900027,116,54,62
116900028,40,40,0
116900029,0,290,-290
116900031,0,10,-10
116900032,14,103,-89
116900033,56,9,47
116900034,21,39,-18
116900035,269,356,-87
116900036,22,253,-231
116900038,28,7,21
116900041,270,12,258
116900042,386,199,187
116900043,38,92,-54
116900047,71,487,-416
116900049,23,425,-402
116900050,58,339,-281
116900051,691,16,675
116900052,341,87,254
116900055,1,62,-61
116900057,22,169,-147
116900058,37,380,-343
116900059,3,60,-57
116900060,278,829,-551
116900062,3,135,-132
116900064,121,247,-126
116900065,8,218,-210
116900067,196,52,144
116900068,254,166,88
116900070,10,17,-7
116900072,65,123,-58
116900073,5,98,-93
116900074,1,27,-26
116900076,61,159,-98
116900077,2,36,-34
116900078,182,47,135
116900079,57,183,-126
116900080,18,51,-33
116900081,243,1004,-761
116900082,153,1348,-1195
116900083,16,10,6
116900084,90,107,-17
116900085,14,84,-70
116900086,49,310,-261
116900088,477,10,467
116900090,10,20,-10
116900091,1244,63,1181
116900092,186,345,-159
116900093,5663,1788,3875
116900094,6391,10279,-3888
116900095,528,976,-448
116900096,201,612,-411
116900097,1654,6589,-4935
116900098,1486,563,923
116900099,248,1523,-1275
116900100,1628,186,1442
116900101,291,1223,-932
116900103,89,0,89
116900104,22,600,-578
116900105,492,280,212
116900106,4966,130,4836
116900107,1587,5522,-3935
116900110,30,2,28
116900111,1540,314,1226
116900112,367,409,-42
116900113,1731,6125,-4394
116900116,49,1830,-1781
116900117,506,603,-97
116900118,2301,966,1335
116900120,815,71,744
116900121,461,29,432
116900122,1895,401,1494
116900123,1524,328,1196
116900124,149,412,-263
116900125,993,146,847
116900126,128,1125,-997
116900128,0,80,-80
116900129,1,217,-216
116900130,2156,7796,-5640
116900131,86,337,-251
116900132,198,125,73
116900133,255,252,3
116900134,395,441,-46
116900136,465,379,86
116900137,432,260,172
116900138,157,124,33
116900139,119,269,-150
116900140,220,135,85
116900141,610,199,411
116900142,19,59,-40
116900143,527,142,385
116900144,98,33,65
116900145,149,283,-134
116900147,219,3695,-3476
116900148,9,35,-26
116900149,64,412,-348
116900150,16,15,1
116900151,149,91,58
116900153,236,183,53
116900154,293,1060,-767
116900155,149,199,-50
116900157,1818,58,1760
116900158,172,637,-465
116900159,162,843,-681
116900160,1344,1032,312
116900161,6531,17624,-11093
116900162,35,126,-91
116900163,582,53,529
116900164,211,89,122
116900165,1197,615,582
116900166,229,87,142
116900167,829,40,789
116900168,1233,37,1196
116900169,382,3938,-3556
116900170,986,554,432
116900171,113,136,-23
116900172,201,1061,-860
116900173,717,1,716
116900174,76,273,-197
116900175,560,976,-416
116900178,125,126,-1
116900179,37,673,-636
116900180,107,7,100
116900182,2105,511,1594
116900183,446,211,235
116900185,51,30,21
116900186,163,84,79
116900187,57,130,-73
116900188,207,13,194
116900189,52,4,48
116900191,189,350,-161
116900192,794,188,606
116900194,188,2735,-2547
116900195,112,8,104
116900196,62,21,41
116900197,284,22,262
116900198,31,557,-526
116900200,149,1,148
116900201,547,26,521
116900202,71,45,26
116900203,189,3,186
116900204,57,699,-642
116900206,21,2,19
116900207,33,198,-165
116900208,11,101,-90
116900209,15,51,-36
116900210,1124,555,569
116900211,398,6,392
116900212,180,16,164
116900213,474,195,279
116900214,759,370,389
116900215,151,50,101
116900216,615,507,108
116900218,2,274,-272
116900219,451,240,211
116900220,181,520,-339
116900221,330,334,-4
116900222,663,390,273
116900223,66,236,-170
116900226,273,31,242
116900227,552,23,529
116900228,535,302,233
116900230,128,253,-125
116900233,1841,170,1671
116900234,24,18,6
116900235,314,197,117
116900238,905,276,629
116900239,24,855,-831
116900240,5948,6648,-700
116900241,177,18,159
116900242,1110,2181,-1071
116900243,1,46,-45
116900245,79,90,-11
116900246,145,23,122
116900247,1596,81,1515
116900248,70,46,24
116900249,989,36,953
116900250,1051,68,983
116900251,395,2069,-1674
116900252,458,1631,-1173
116900254,99,204,-105
116900255,260,310,-50
116900256,1308,241,1067
116900257,170,1046,-876
116900258,1,61,-60
116900259,484,37,447
116900260,0,26,-26
116900261,126,3,123
116900262,328,325,3
116900263,8,15,-7
116900264,120,188,-68
116900265,333,0,333
116900266,50,12,38
116900267,32,1,31
116900268,48,190,-142
116900269,788,3126,-2338
116900271,1228,1248,-20
116900272,1149,770,379
116900273,52,1229,-1177
116900274,250,83,167
116900275,673,136,537
116900276,421,878,-457
116900277,232,67,165
116900278,1,0,1
116900279,5,39,-34
116900280,107,18,89
116900281,4389,9163,-4774
116900282,0,34,-34
116900283,3,29,-26
116900284,11,110,-99
116900285,143,874,-731
116900286,85,6,79
116900287,1,16,-15
116900288,233,28,205
116900289,31,1,30
116900290,42,1,41
116900291,60,12,48
116900292,0,51,-51
116900293,123,3,120
116900294,22,164,-142
116900295,298,1011,-713
116900296,108,642,-534
116900297,1,213,-212
116900298,68,317,-249
116900299,29,667,-638
116900300,2,122,-120
116900301,58,1213,-1155
116900302,12,373,-361
116900303,292,263,29
116900304,1,270,-269
116900305,84,82,2
116900306,825,95,730
116900307,220,0,220
116900308,0,115,-115
116900309,359,47,312
116900310,44,22,22
117000001,4421,8252,-3831
117000002,2585,7605,-5020
117000003,9604,7515,2089
117000004,3053,11262,-8209
117000005,7069,5115,1954
117000006,1450,3890,-2440
117000007,12933,2275,10658
117000008,1637,4299,-2662
117000009,8054,2786,5268
117000010,1481,3082,-1601
117000011,6291,2886,3405
117000012,2993,1769,1224
117000013,4911,2641,2270
117000014,2482,3390,-908
117000015,6338,3130,3208
117000016,563,1129,-566
117000017,136,3724,-3588
117000018,175,1585,-1410
117000019,103,183,-80
117000020,1733,3272,-1539
117000021,5077,1576,3501
117000022,364,1113,-749
117000023,132,1600,-1468
117000024,166,2241,-2075
117000025,196,9486,-9290
117000026,2439,8135,-5696
117000027,2792,6021,-3229
117000028,1689,5641,-3952
117000030,696,915,-219
117000031,983,925,58
117000032,2231,3557,-1326
117000033,2998,2023,975
117000034,423,441,-18
117000035,750,1112,-362
117000036,1025,825,200
117000037,702,574,128
117000038,551,1293,-742
117000039,560,823,-263
117000040,201,856,-655
117000041,1841,217,1624
117000044,37,1038,-1001
117000045,2709,518,2191
117000046,972,1972,-1000
117000047,1810,1721,89
117000048,2095,1986,109
117000049,39,563,-524
117000050,882,2265,-1383
117000051,5045,69,4976
117000052,95,222,-127
117000053,1767,43,1724
117000054,2783,22,2761
117000055,20,1460,-1440
117000056,1134,26,1108
117000057,1223,2358,-1135
117000060,703,2180,-1477
117000061,4614,3887,727
117000062,336,1968,-1632
117000063,3232,1488,1744
117000064,1077,1100,-23
117000066,649,1303,-654
117000067,132,786,-654
117000074,23,347,-324
117000076,72,68,4
117000077,432,162,270
117000078,344,1361,-1017
117000079,686,403,283
117000080,2,1012,-1010
117000081,1552,302,1250
117000082,62,135,-73
117000083,246,26,220
117000084,494,0,494
117000085,1036,1610,-574
117000086,1501,622,879
117000087,298,956,-658
117000088,546,198,348
117000089,4761,323,4438
117000090,520,1033,-513
117000091,2396,382,2014
117000092,776,953,-177
117000093,3521,798,2723
117000094,1533,1709,-176
117000095,5134,1049,4085
117000096,1419,1437,-18
117000097,4031,1485,2546
117000098,2172,2496,-324
117000099,8027,1595,6432
117000100,404,413,-9
117000101,220,754,-534
117000102,4186,801,3385
117000103,974,1185,-211
117000104,3099,871,2228
117000105,561,1388,-827
117000106,3986,956,3030
117000107,947,1656,-709
117000108,3826,1709,2117
117000109,1355,2517,-1162
117000110,3588,3484,104
117000111,6943,7631,-688
117000112,6835,1824,5011
117000113,375,211,164
117000114,644,708,-64
117000115,102,79,23
117000116,404,974,-570
117000117,3047,1937,1110
117000118,865,977,-112
117000119,219,1635,-1416
117000120,54,3979,-3925
117000121,126,2197,-2071
117000122,3623,3139,484
117000123,7149,125,7024
117000124,94,723,-629
117000125,95,2168,-2073
117000126,40,193,-153
117000127,183,1877,-1694
117000128,169,3693,-3524
117000129,725,3201,-2476
117000130,731,6,725
117000131,0,305,-305
117000132,8651,30,8621
117000133,6097,13,6084
117000134,0,575,-575
117000135,3,342,-339
117000136,0,88,-88
117000137,511,188,323
117000138,25,1804,-1779
117000140,622,1077,-455
117000141,3559,888,2671
117000181,909,268,641
117000182,5459,1985,3474
117000195,324,759,-435
117000196,671,232,439
117000225,11,555,-544
117000226,11,623,-612
117000276,764,41,723
117000277,0,97,-97
117000310,1749,4228,-2479
117000315,742,1419,-677
117000320,184,0,184
117000906,1058,18,1040
117000907,5,309,-304
117000909,259,216,43
117000910,336,143,193
117000911,61,188,-127
117000915,6,149,-143
117000916,156,14,142
117000917,2913,93,2820
117000918,445,94,351
117000919,11,33,-22
117000920,2,1487,-1485
117000921,0,259,-259
117000922,80,133,-53
117000924,1988,1711,277
117000926,1999,1325,674
117000927,366,865,-499
117000928,0,249,-249
117000929,1820,267,1553
117000930,1506,30,1476
117000931,209,270,-61
117900002,65,1776,-1711
117900003,89,311,-222
117900005,11,418,-407
117900006,0,153,-153
117900007,325,142,183
117900008,0,8,-8
117900010,993,168,825
117900011,44,2508,-2464
117900012,177,75,102
117900013,6,388,-382
117900014,1587,475,1112
117900015,25,215,-190
117900016,2144,1873,271
117900017,2152,1688,464
117900018,828,1835,-1007
117900019,1912,649,1263
117900020,80,430,-350
117900021,27,372,-345
117900023,6582,204,6378
117900024,195,258,-63
117900025,31,1,30
117900026,1310,481,829
117900028,214,8,206
117900029,929,1462,-533
117900030,965,758,207
117900031,839,1913,-1074
117900032,1211,747,464
117900033,1474,930,544
117900034,252,94,158
117900035,390,1300,-910
117900036,1048,416,632
117900037,403,84,319
117900038,151,110,41
117900039,3,48,-45
117900040,344,105,239
117900041,0,49,-49
117900042,4163,1139,3024
117900043,4,51,-47
117900044,39,10429,-10390
117900045,808,154,654
117900048,546,315,231
117900049,1002,953,49
117900050,36,1472,-1436
117900051,40,56,-16
117900052,194,1044,-850
117900053,3159,294,2865
117900054,16,30,-14
117900055,5675,609,5066
117900056,108,479,-371
117900057,2162,1282,880
117900058,76,430,-354
117900059,177,399,-222
117900060,5108,3316,1792
117900061,67,676,-609
117900063,1466,331,1135
117900065,590,1513,-923
117900066,14,229,-215
117900067,2317,354,1963
117900069,2283,207,2076
117900070,75,889,-814
117900071,638,173,465
117900073,1864,368,1496
117900074,71,1525,-1454
117900075,249,111,138
117900076,144,340,-196
117900077,1237,208,1029
117900078,914,797,117
117900080,443,73,370
117900081,314,414,-100
117900082,1195,479,716
117900083,1282,1102,180
117900086,592,197,395
117900087,176,40,136
117900088,740,1562,-822
117900089,4461,728,3733
117900090,1711,969,742
117900091,184,113,71
117900092,353,218,135
117900093,188,40,148
117900094,144,90,54
117900095,1542,5110,-3568
117900096,496,1328,-832
117900097,218,57,161
117900098,97,15,82
117900099,743,2389,-1646
117900100,1370,13,1357
117900101,2112,4725,-2613
117900102,210,55,155
117900103,227,3,224
117900104,2,677,-675
117900105,201,459,-258
117900106,233,58,175
117900107,124,1,123
117900109,1484,498,986
117900110,472,5,467
117900111,2463,226,2237
117900112,114,11,103
117900113,1628,4367,-2739
117900114,74,0,74
117900115,81,790,-709
117900116,959,813,146
117900117,1249,329,920
117900118,443,3,440
117900119,437,33,404
117900120,1909,48,1861
117900121,206,65,141
117900122,943,11600,-10657
117900123,2624,857,1767
117900124,337,1174,-837
117900125,2448,1630,818
117900126,267,367,-100
117900127,1498,366,1132
117900128,858,269,589
117900129,268,2,266
117900130,1278,1370,-92
117900131,6,267,-261
117900132,46,81,-35
117900133,82,57,25
117900134,158,258,-100
117900135,103,82,21
117900136,0,21,-21
117900137,203,365,-162
117900138,0,5,-5
117900139,157,155,2
117900140,15382,1243,14139
117900141,137,822,-685
117900142,61,1420,-1359
117900144,77,3541,-3464
117900145,55,509,-454
117900146,232,785,-553
117900147,321,295,26
117900148,6579,6294,285
117900149,177,425,-248
117900150,165,136,29
117900151,104,463,-359
117900152,148,213,-65
117900153,17,351,-334
117900154,1259,1221,38
117900156,515,644,-129
117900157,84,799,-715
117900158,403,101,302
117900160,1385,1130,255
117900161,1314,1081,233
117900162,1580,697,883
117900163,53,1950,-1897
117900165,0,32,-32
117900166,11,627,-616
117900168,69,267,-198
117900169,0,115,-115
117900170,2,53,-51
117900171,12,22,-10
117900172,41,20,21
117900173,137,91,46
117900174,39,52,-13
117900175,20,23,-3
117900176,34,5,29
117900177,60,34,26
117900178,92,65,27
117900180,306,63,243
117900181,69,799,-730
117900182,4,103,-99
117900183,198,331,-133
117900184,38,251,-213
117900185,81,29,52
117900186,130,29,101
117900187,38,15,23
117900188,510,111,399
117900189,197,56,141
117900190,53,1,52
117900191,181,0,181
117900192,436,0,436
117900193,8,76,-68
117900194,32,7,25
117900195,46,371,-325
117900196,80,45,35
117900207,182,179,3
117900208,45,82,-37
117900209,425,124,301
117900210,165,113,52
117900211,0,59,-59
117900212,349,292,57
117900213,94,26,68
117900214,8,7,1
117900215,141,33,108
117900216,24,142,-118
117900217,120,334,-214
117900218,160,205,-45
117900219,11,511,-500
117900220,14,992,-978
117900222,273,159,114
117900223,171,739,-568
118000001,967,6078,-5111
118000002,652,1556,-904
118000003,3782,12596,-8814
118000004,1883,16160,-14277
118000005,7493,3777,3716
118000006,12741,7930,4811
118000007,7919,21869,-13950
118000008,1485,13705,-12220
118000009,2375,5770,-3395
118000010,5412,6019,-607
118000011,4199,1570,2629
118000012,2005,3282,-1277
118000013,5714,6126,-412
118000014,3034,3406,-372
118000016,650,242,408
118000017,1337,544,793
118000018,570,231,339
118000019,1480,3628,-2148
118000020,778,2896,-2118
118000021,1149,5179,-4030
118000022,1446,1070,376
118000023,735,566,169
118000024,614,1146,-532
118000027,22258,10348,11910
118000029,1302,727,575
118000032,321,2990,-2669
118000033,2254,7062,-4808
118000034,4390,6388,-1998
118000035,3234,3519,-285
118000036,1487,2107,-620
118000037,1460,4778,-3318
118000038,1290,169,1121
118000039,220,69,151
118000040,3429,3336,93
118000041,7259,2735,4524
118000045,328,437,-109
118000046,1835,2726,-891
118000047,949,5092,-4143
118000048,2327,9965,-7638
118000051,1948,9064,-7116
118000052,1192,3585,-2393
118000053,767,2115,-1348
118000054,6369,1276,5093
118000055,6769,2967,3802
118000056,120,1346,-1226
118000057,172,777,-605
118000058,2685,10687,-8002
118000059,2060,5727,-3667
118000060,2573,1420,1153
118000061,1854,2817,-963
118000062,560,294,266
118000063,587,1516,-929
118000064,1135,2506,-1371
118000065,2531,3433,-902
118000066,3220,7295,-4075
118000067,535,1034,-499
118000068,1509,18932,-17423
118000069,1646,2172,-526
118000070,14170,4096,10074
118000071,7353,18640,-11287
118000072,881,6881,-6000
118000073,518,3598,-3080
118000074,724,2082,-1358
118000075,885,618,267
118000076,3463,17795,-14332
118000077,1698,4370,-2672
118000078,3044,5570,-2526
118000079,470,830,-360
118000080,662,3181,-2519
118000081,2392,3633,-1241
118000082,809,2176,-1367
118000083,2090,3382,-1292
118000084,2764,4020,-1256
118000086,260,1279,-1019
118000087,8894,4673,4221
118000088,1656,3263,-1607
118000089,6873,6203,670
118000090,1394,6849,-5455
118000091,2257,8594,-6337
118000092,1713,1325,388
118000093,229,1223,-994
118000096,1499,1261,238
118000097,1153,1604,-451
118000098,273,721,-448
118000099,1526,596,930
118000101,3838,836,3002
118000102,1046,987,59
118000107,5891,995,4896
118000108,1754,9039,-7285
118000110,0,86,-86
118000111,0,260,-260
118000112,2902,8,2894
118000113,13,625,-612
118000114,1874,35,1839
118000115,7,25,-18
118000116,112,0,112
118000117,915,2782,-1867
118000118,2115,4293,-2178
118000119,2127,4131,-2004
118000120,1822,1964,-142
118000121,18,1275,-1257
118000122,1230,601,629
118000123,164,463,-299
118000125,1659,4816,-3157
118000126,916,5815,-4899
118000127,1601,2447,-846
118000128,521,5137,-4616
118000129,3174,2156,1018
118000130,4053,6122,-2069
118000131,792,2166,-1374
118000132,4840,4636,204
118000133,3102,1787,1315
118000135,976,2371,-1395
118000136,249,3169,-2920
118000137,820,534,286
118000138,853,772,81
118000139,1105,375,730
118000140,8919,16560,-7641
118000141,5859,2689,3170
118000142,6384,2710,3674
118000143,5624,2265,3359
118000144,1403,601,802
118000145,2296,1547,749
118000146,2535,558,1977
118000147,2066,1145,921
118000148,2007,2388,-381
118000149,1937,555,1382
118000150,1454,477,977
118000151,1425,517,908
118000153,3039,1287,1752
118000154,3086,1784,1302
118000155,3933,1364,2569
118000156,3563,6546,-2983
118000157,1464,592,872
118000158,629,1041,-412
118000159,100,172,-72
118000160,1337,489,848
118000161,1185,498,687
118000162,1993,1425,568
118000163,1954,1594,360
118000164,3783,2482,1301
118000168,491,2025,-1534
118000169,1801,1144,657
118000170,5123,4032,1091
118000171,662,971,-309
118000172,185,336,-151
118000173,1503,2198,-695
118000175,419,511,-92
118000176,817,593,224
118000177,531,979,-448
118000178,57,37,20
118000179,1135,1216,-81
118000180,872,730,142
118000181,909,272,637
118000182,569,342,227
118000183,371,462,-91
118000184,2674,572,2102
118000185,811,3035,-2224
118000186,472,2354,-1882
118000187,4798,673,4125
118000188,1597,54,1543
118000189,2064,549,1515
118000190,8,38,-30
118000191,13,52,-39
118000192,27,419,-392
118000193,6,256,-250
118000194,4104,1301,2803
118000195,427,12137,-11710
118000196,80,1947,-1867
118000197,66,401,-335
118000198,459,3589,-3130
118000199,427,3253,-2826
118000200,129,1755,-1626
118000201,126,1872,-1746
118000202,32,1234,-1202
118000203,502,2416,-1914
118000204,86,1174,-1088
118000205,119,601,-482
118000206,334,869,-535
118000207,0,99,-99
118000208,2892,2331,561
118000209,4505,1166,3339
118000210,228,75,153
118000211,221,68,153
118000213,1138,12614,-11476
118000214,634,1873,-1239
118000215,866,207,659
118000216,17230,4107,13123
118000217,28,119,-91
118000218,154,36,118
118000219,316,508,-192
118000220,89,106,-17
118000221,1373,1411,-38
118000222,153,9,144
118000223,150,42,108
118000224,349,72,277
118000225,405,3342,-2937
118000226,2428,328,2100
118000227,2207,858,1349
118000228,103,799,-696
118000229,43,1958,-1915
118000230,161,581,-420
118000231,92,961,-869
118000232,2240,371,1869
118000233,2287,888,1399
118000234,1082,159,923
118000236,375,974,-599
118000237,248,276,-28
118000238,505,399,106
118000239,653,1021,-368
118000240,164,122,42
118000241,626,208,418
118000242,838,337,501
118000243,643,181,462
118000244,227,58,169
118000246,0,50,-50
118000255,135,727,-592
118000256,314,395,-81
118000259,11,195,-184
118000260,417,116,301
118000261,151,41,110
118000263,311,276,35
118000266,404,284,120
118000267,1,845,-844
118000268,580,28,552
118000270,629,27,602
118000271,417,311,106
118000272,72,22,50
118000273,682,39,643
118000274,143,709,-566
118000276,534,207,327
118000295,76,299,-223
118000298,202,178,24
118000299,118,112,6
118000301,3,365,-362
118000302,300,45,255
118000311,2396,65,2331
118000312,875,178,697
118000313,132,57,75
118000314,349,23,326
118000315,61,27,34
118000316,1754,531,1223
118000325,141,47,94
118000326,72,41,31
118000331,68,21,47
118000332,24,58,-34
118000333,47,57,-10
118000335,1347,0,1347
118000336,2,319,-317
118000407,498,33,465
118000457,19,216,-197
118000465,774,3973,-3199
118000480,157,62,95
118000489,8,1271,-1263
118000490,12,574,-562
118000492,999,239,760
118000510,108,33,75
118000514,162,1425,-1263
118000515,784,2381,-1597
118000517,797,352,445
118000524,177,872,-695
118000525,590,915,-325
118000530,17,386,-369
118000531,761,397,364
118000532,505,291,214
118000533,434,208,226
118000534,1342,703,639
118000535,688,172,516
118000536,91,816,-725
118000537,28,260,-232
118000538,40,206,-166
118000539,53,205,-152
118000540,303,668,-365
118000541,95,315,-220
118000542,245,958,-713
118000543,416,788,-372
118000546,90,65,25
118000553,0,0,0
118000557,0,0,0
118000560,2008,4425,-2417
118000562,132,177,-45
118000563,2143,1184,959
118000576,561,66,495
118000577,364,273,91
118000578,342,125,217
118000579,973,4083,-3110
118000583,0,1,-1
118000595,292,104,188
118000596,2,1167,-1165
118000597,349,122,227
118000598,32,1,31
118000599,418,133,285
118000600,9,7,2
118000601,17,0,17
118000602,5,9,-4
118000603,0,12,-12
118000605,139,259,-120
118000606,12,42,-30
118900001,939,2194,-1255
118900002,1603,1391,212
118900003,947,89,858
118900004,287,113,174
118900005,178,4,174
118900006,467,5,462
118900007,0,0,0
118900008,2222,91,2131
118900009,297,162,135
118900010,228,29,199
118900011,286,27,259
118900012,518,560,-42
118900013,2812,726,2086
118900015,612,60,552
118900016,3,0,3
118900017,50,459,-409
118900018,1926,34,1892
118900019,5,8,-3
118900020,35,447,-412
118900021,144,1722,-1578
118900022,209,27,182
118900023,123,413,-290
118900024,121,270,-149
118900025,32,87,-55
118900026,71,19,52
118900027,1149,326,823
118900028,365,166,199
118900029,379,931,-552
118900030,1187,191,996
118900031,149,69,80
118900032,475,124,351
118900033,604,1283,-679
118900034,407,329,78
118900035,174,150,24
118900036,2073,566,1507
118900037,530,1461,-931
118900038,808,111,697
118900039,1257,297,960
118900040,307,168,139
118900041,1544,819,725
118900042,110,45,65
118900045,319,250,69
118900046,447,506,-59
118900047,580,594,-14
118900048,372,1194,-822
118900049,355,53,302
118900050,221,18,203
118900051,105,436,-331
118900052,363,1123,-760
118900053,35,213,-178
118900054,393,36,357
118900055,372,17,355
118900056,67,972,-905
118900057,1196,714,482
118900058,1201,1037,164
118900059,32,314,-282
118900060,209,116,93
118900062,573,302,271
118900064,368,1131,-763
118900065,124,321,-197
118900066,279,96,183
118900067,6001,6917,-916
118900068,6,1164,-1158
118900069,909,423,486
118900071,6,10,-4
118900072,2003,1511,492
118900073,580,195,385
118900074,588,98,490
118900075,594,14,580
118900076,509,466,43
118900077,883,173,710
118900078,5,2,3
118900079,90,272,-182
118900080,172,82,90
118900081,55,150,-95
118900082,3368,367,3001
118900083,39,10,29
118900084,20,52,-32
118900085,482,547,-65
118900086,52,173,-121
118900087,194,1796,-1602
118900088,0,1,-1
118900089,19,76,-57
118900090,471,234,237
118900091,264,501,-237
118900092,581,67,514
118900093,135,37,98
118900096,73,391,-318
118900097,537,653,-116
118900099,54,159,-105
118900100,89,463,-374
118900101,128,71,57
118900102,34,202,-168
118900103,20,168,-148
118900104,247,65,182
118900105,247,116,131
118900107,93,57,36
118900108,134,257,-123
118900110,2560,1984,576
118900111,1752,619,1133
118900112,432,889,-457
118900113,133,474,-341
118900114,39,257,-218
118900115,216,425,-209
118900116,101,289,-188
118900117,113,154,-41
118900118,456,410,46
118900119,281,303,-22
118900120,144,358,-214
118900121,55,250,-195
118900122,10,1445,-1435
118900123,199,441,-242
118900124,283,525,-242
118900126,102,404,-302
118900129,462,219,243
118900130,18,396,-378
118900131,924,224,700
118900132,489,295,194
118900133,23,448,-425
118900135,539,282,257
118900136,574,324,250
118900137,7,197,-190
118900139,890,363,527
118900140,1049,505,544
118900141,304,147,157
118900144,659,355,304
118900145,56,265,-209
118900146,850,579,271
118900147,271,1597,-1326
118900148,134,80,54
118900150,229,858,-629
118900152,733,481,252
118900157,96,857,-761
118900158,368,36,332
118900159,1,288,-287
118900161,120,36,84
118900163,108,57,51
118900164,3,71,-68
118900165,96,33,63
118900166,4,0,4
118900167,178,25,153
118900168,38,167,-129
118900169,231,85,146
118900170,533,60,473
118900171,109,45,64
118900174,160,61,99
118900175,796,340,456
118900176,368,275,93
118900177,110,4,106
118900178,225,103,122
118900179,8,6,2
118900181,328,100,228
118900182,50,44,6
118900183,144,293,-149
118900184,363,108,255
118900185,157,43,114
118900186,55,468,-413
118900187,158,1366,-1208
118900188,469,418,51
118900189,71,985,-914
118900190,132,273,-141
118900191,1095,66,1029
118900192,879,47,832
118900193,1703,9,1694
118900195,173,570,-397
118900196,60,285,-225
118900197,667,91,576
118900198,53,2,51
118900199,212,2,210
118900200,49,20,29
118900201,85,85,0
118900202,9,96,-87
118900203,71,5,66
118900204,52,13,39
118900205,1,1,0
118900206,0,6,-6
119000001,2483,3057,-574
119000002,4873,4717,156
119000003,5804,1615,4189
119000004,4228,3776,452
119000005,3477,4773,-1296
119000006,9279,3041,6238
119000007,7119,6937,182
119000008,3451,3205,246
119000009,3182,11982,-8800
119000010,5853,7826,-1973
119000011,2917,3655,-738
119000012,1685,5224,-3539
119000013,4981,2677,2304
119000014,2636,3333,-697
119000019,476,199,277
119000020,4360,2189,2171
119000021,8975,5563,3412
119000022,1863,7399,-5536
119000023,277,710,-433
119000024,3139,42417,-39278
119000025,6248,2007,4241
119000026,66,1181,-1115
119000027,166,822,-656
119000028,2783,930,1853
119000029,76,282,-206
119000030,916,932,-16
119000031,2190,956,1234
119000032,2053,2171,-118
119000033,3179,1379,1800
119000034,2540,1071,1469
119000035,50,330,-280
119000036,5448,582,4866
119000037,3050,986,2064
119000038,633,402,231
119000039,1443,799,644
119000040,1347,1794,-447
119000041,1450,3203,-1753
119000048,3094,2283,811
119000049,6528,3811,2717
119000050,2127,3670,-1543
119000051,4481,3105,1376
119000052,7760,3626,4134
119000053,3635,1904,1731
119000054,5544,1667,3877
119000055,10500,1904,8596
119000056,7882,2035,5847
119000057,3375,1159,2216
119000058,2604,1653,951
119000059,1629,1932,-303
119000060,3717,1199,2518
119000061,1276,688,588
119000062,1464,1201,263
119000063,1217,1470,-253
119000064,1306,1062,244
119000065,1798,4483,-2685
119000066,3221,1934,1287
119000067,2563,1591,972
119000068,3518,1126,2392
119000069,3511,1626,1885
119000070,5634,692,4942
119000071,1191,510,681
119000072,6672,3232,3440
119000073,6022,19216,-13194
119000074,3025,1884,1141
119000075,7035,3352,3683
119000076,197,875,-678
119000077,1265,743,522
119000078,871,917,-46
119000079,399,569,-170
119000080,1831,301,1530
119000081,469,996,-527
119000082,1951,348,1603
119000083,1024,730,294
119000084,420,707,-287
119000085,1019,185,834
119000086,280,1569,-1289
119000087,1041,285,756
119000088,344,127,217
119000089,136,236,-100
119000090,252,63,189
119000091,117,213,-96
119000092,414,280,134
119000093,7527,4369,3158
119000094,8024,8844,-820
119000095,4309,12433,-8124
119000097,2834,1303,1531
119000098,1984,13085,-11101
119000099,2840,1216,1624
119000100,9209,5344,3865
119000101,4553,2207,2346
119000102,538,2308,-1770
119000103,816,658,158
119000104,2080,1218,862
119000105,1771,5426,-3655
119000106,657,936,-279
119000107,2299,867,1432
119000108,1239,1234,5
119000109,248,739,-491
119000110,551,449,102
119000111,109,1043,-934
119000112,227,174,53
119000113,1163,467,696
119000114,2567,2257,310
119000115,142,234,-92
119000116,234,221,13
119000117,331,525,-194
119000118,13,0,13
119000123,2400,6038,-3638
119000124,2582,377,2205
119000125,10326,726,9600
119000126,4188,787,3401
119000127,1692,535,1157
119000128,23,1,22
119000131,2317,267,2050
119000132,6,1,5
119000133,11,15,-4
119000134,1766,1218,548
119000135,284,255,29
119000136,880,153,727
119000137,452,162,290
119000138,1694,99,1595
119000139,195,103,92
119000140,392,530,-138
119000284,1632,2236,-604
119000285,2364,1258,1106
119000286,4504,3752,752
119000287,1830,1829,1
119000288,3568,1244,2324
119000289,1915,3629,-1714
119000290,324,407,-83
119000291,207,537,-330
119000293,209,236,-27
119000294,127,48,79
119000295,3621,357,3264
119000296,453,194,259
119000297,0,0,0
119000299,0,0,0
119000302,4278,1631,2647
119000303,24,865,-841
119000304,0,0,0
119000310,0,0,0
119000314,2566,19101,-16535
119000315,1,153,-152
119000316,643,116,527
119000317,204,106,98
119900001,145,3886,-3741
119900002,580,328,252
119900003,21,416,-395
119900004,175,5067,-4892
119900005,551,128,423
119900006,86,783,-697
119900007,654,366,288
119900008,24,53,-29
119900009,820,385,435
119900010,917,423,494
119900011,38,567,-529
119900012,24,248,-224
119900013,2308,1869,439
119900014,657,74,583
119900015,898,72,826
119900016,80,158,-78
119900017,112,83,29
119900018,1312,2547,-1235
119900019,116,5,111
119900020,169,309,-140
119900021,376,66,310
119900022,117,721,-604
119900023,628,6701,-6073
119900025,812,36,776
119900026,1293,147,1146
119900027,6,22,-16
119900028,464,439,25
119900029,9,2,7
119900030,875,567,308
119900031,67,1889,-1822
119900033,966,306,660
119900034,1730,29,1701
119900037,524,13,511
119900038,21,837,-816
119900039,98,8,90
119900040,308,79,229
119900041,518,14,504
119900042,109,445,-336
119900043,369,150,219
119900044,270,1016,-746
119900046,600,16,584
119900047,556,310,246
119900048,797,34,763
119900049,330,25,305
119900050,103,206,-103
119900051,2498,46,2452
119900052,309,9,300
119900053,567,226,341
119900054,977,15,962
119900055,1763,526,1237
119900057,822,6,816
119900058,743,4,739
119900059,152,54,98
119900060,512,97,415
119900061,663,9,654
119900062,221,7,214
119900063,12,140,-128
119900065,299,3,296
119900067,285,40,245
119900068,1329,5,1324
119900069,245,20,225
119900070,1176,7,1169
119900071,1124,51,1073
119900073,1993,412,1581
119900074,29,72,-43
119900075,2022,1860,162
119900076,1824,273,1551
119900077,1657,422,1235
119900078,1330,1085,245
119900079,1630,93,1537
119900080,872,512,360
119900081,2387,30,2357
119900082,3034,178,2856
119900083,924,40,884
119900084,647,866,-219
119900085,68,21,47
119900086,767,526,241
119900087,252,1279,-1027
119900088,38,38,0
119900089,43,164,-121
119900090,82,7,75
119900091,118,229,-111
119900092,35,1102,-1067
119900093,3529,225,3304
119900094,11,537,-526
119900095,122,70,52
119900096,41,92,-51
119900097,141,306,-165
119900098,87,17,70
119900099,55,144,-89
119900100,825,3419,-2594
119900101,278,1309,-1031
119900102,69,158,-89
119900103,67,151,-84
119900104,78,83,-5
119900105,934,2337,-1403
119900106,12,110,-98
119900107,368,1548,-1180
119900108,3727,684,3043
119900109,25,104,-79
119900110,889,565,324
119900111,364,93,271
119900112,1165,1773,-608
119900113,101,239,-138
119900114,388,549,-161
119900115,768,272,496
119900116,142,779,-637
119900117,808,336,472
119900118,258,137,121
119900119,704,219,485
119900120,646,393,253
119900121,1225,520,705
119900122,60,204,-144
119900123,196,413,-217
119900124,608,336,272
119900125,52,281,-229
119900126,2554,218,2336
119900127,701,330,371
119900128,858,952,-94
119900129,518,194,324
119900130,4,168,-164
119900131,78,76,2
119900132,8,70,-62
119900133,183,70,113
119900134,644,151,493
119900135,3,227,-224
119900136,127,212,-85
119900138,208,462,-254
119900139,17,216,-199
119900140,3,54,-51
119900141,50,1799,-1749
119900142,0,30,-30
119900143,23,240,-217
119900144,1244,275,969
119900145,91,224,-133
119900146,269,207,62
119900147,2,298,-296
119900148,581,29,552
119900149,550,12385,-11835
119900150,153,155,-2
119900151,2692,1589,1103
119900152,422,93,329
119900153,398,65,333
119900154,29,498,-469
119900155,64,11,53
119900156,25,2,23
119900157,507,152,355
119900158,300,95,205
119900159,23,364,-341
119900160,19,219,-200
119900161,212,119,93
119900162,1956,855,1101
119900163,77,204,-127
119900164,1,10,-9
119900165,365,83,282
119900166,137,81,56
119900167,3,81,-78
119900168,2937,347,2590
119900169,26,575,-549
119900170,166,321,-155
119900171,1138,507,631
119900172,29,19,10
119900173,11,178,-167
119900174,8,172,-164
119900175,4009,471,3538
119900177,47,157,-110
119900178,4,85,-81
119900179,470,1784,-1314
119900180,2544,867,1677
119900181,19,174,-155
119900182,2,138,-136
119900183,136,701,-565
119900184,731,378,353
119900185,159,694,-535
119900186,16,3056,-3040
119900187,1,231,-230
119900188,266,378,-112
119900189,148,533,-385
119900190,181,526,-345
119900191,232,859,-627
119900192,49,167,-118
119900193,1123,194,929
119900194,35,54,-19
119900195,8,310,-302
119900196,247,113,134
119900197,649,322,327
119900198,183,325,-142
119900199,301,38,263
119900200,1463,738,725
119900201,227,223,4
119900202,62,504,-442
119900203,210,1377,-1167
119900204,497,416,81
119900205,2207,302,1905
119900206,514,391,123
119900208,146,190,-44
119900209,883,4006,-3123
119900210,117,28,89
119900211,49,1,48
119900212,764,367,397
119900213,10,91,-81
119900214,223,41,182
119900215,113,24,89
119900216,43,22,21
119900217,8,14,-6
119900218,26,248,-222
119900219,43,78,-35
119900220,17,32,-15
119900221,79,37,42
119900222,46,58,-12
119900223,31,22,9
119900224,22,12,10
119900225,374,15,359
119900226,211,3378,-3167
119900227,279,243,36
119900228,29,272,-243
119900229,122,217,-95
119900230,1088,199,889
119900231,546,114,432
119900232,268,156,112
119900233,74,7,67
119900234,2,253,-251
119900235,6,69,-63
119900236,39,263,-224
119900237,74,279,-205
119900238,3,201,-198
119900240,145,166,-21
119900241,307,172,135
119900242,2142,1787,355
119900244,940,1195,-255
119900245,468,305,163
119900246,186,733,-547
119900247,13,94,-81
119900248,53,801,-748
119900249,563,185,378
119900253,1867,340,1527
119900254,130,2719,-2589
119900255,190,729,-539
119900256,1270,300,970
119900257,219,4,215
119900258,177,14,163
119900259,22,42,-20
119900260,267,14,253
119900261,936,419,517
119900262,3,247,-244
119900263,2612,210,2402
119900264,391,85,306
119900265,793,404,389
119900266,982,238,744
119900267,179,347,-168
119900268,575,64,511
119900269,2225,566,1659
119900271,124,123,1
119900272,142,318,-176
119900275,314,37,277
119900276,284,7,277
119900277,35,15,20
119900278,1031,105,926
119900279,191,509,-318
119900280,933,49,884
119900281,2,586,-584
119900282,24,168,-144
119900283,66,97,-31
119900284,41,204,-163
119900285,13,135,-122
119900286,0,18,-18
119900288,7,10,-3
119900289,0,7,-7
119900290,1,2,-1
119900291,0,81,-81
119900292,60,175,-115
119900293,30,45,-15
119900294,61,37,24
119900295,72,19,53
119900296,147,24,123
119900297,0,14,-14
119900298,2,1,1
119900299,160,533,-373
119900300,545,509,36
119900301,49,461,-412
119900302,60,572,-512
119900303,551,538,13
119900304,313,68,245
119900305,4,117,-113
119900306,16,4,12
119900307,57,87,-30
119900308,5,61,-56
119900309,54,554,-500
119900310,319,245,74
119900311,305,55,250
119900312,399,50,349
119900313,354,296,58
119900314,397,690,-293
119900315,4016,1173,2843
119900318,39,167,-128
119900319,7,111,-104
119900320,648,314,334
119900321,420,20,400
120000001,13484,56656,-43172
120000002,4007,4359,-352
120000003,3167,1335,1832
120000004,4474,1526,2948
120000005,3232,1719,1513
120000006,2641,1613,1028
120000007,4037,7928,-3891
120000008,1852,1316,536
120000009,1962,1180,782
120000010,3938,4206,-268
120000011,1967,1924,43
120000012,3144,2238,906
120000013,7270,4562,2708
120000014,2050,2830,-780
120000015,5495,3443,2052
120000016,6442,3759,2683
120000017,7370,7896,-526
120000018,5234,32409,-27175
120000019,1911,2442,-531
120000020,3437,4834,-1397
120000021,3150,2905,245
120000022,3391,4616,-1225
120000023,2204,2606,-402
120000024,1585,3088,-1503
120000025,4406,2220,2186
120000026,6159,3069,3090
120000027,4119,2771,1348
120000028,1272,3569,-2297
120000029,1788,2777,-989
120000030,189,2000,-1811
120000031,2591,9312,-6721
120000032,6076,3835,2241
120000033,6044,1722,4322
120000034,6452,1428,5024
120000035,6061,2407,3654
120000036,6230,8351,-2121
120000037,989,2971,-1982
120000038,6332,5933,399
120000039,1242,2545,-1303
120000040,101,2705,-2604
120000041,698,2168,-1470
120000042,2917,3316,-399
120000043,6844,1317,5527
120000044,10077,1512,8565
120000045,13587,1053,12534
120000046,6386,5810,576
120000047,804,17559,-16755
120000048,16200,6624,9576
120000049,7540,7991,-451
120000050,5688,10175,-4487
120000051,3122,6711,-3589
120000052,9587,1613,7974
120000053,2550,1881,669
120000054,2113,2570,-457
120000055,2477,4325,-1848
120000056,6749,4739,2010
120000057,6747,3110,3637
120000058,1821,2330,-509
120000059,18,2722,-2704
120000061,257,1502,-1245
120000062,253,435,-182
120000063,547,2941,-2394
120000064,591,985,-394
120000065,509,3287,-2778
120000066,157,479,-322
120000067,30,163,-133
120000068,520,333,187
120000069,1412,390,1022
120000070,386,443,-57
120000071,1674,145,1529
120000072,1796,746,1050
120000073,1851,83,1768
120000074,92,205,-113
120000075,2107,711,1396
120000076,4825,686,4139
120000077,4290,954,3336
120000078,3227,1606,1621
120000079,932,523,409
120000080,375,502,-127
120000081,551,260,291
120000082,732,463,269
120000083,105,1732,-1627
120000084,400,358,42
120000085,385,507,-122
120000086,432,308,124
120000087,401,315,86
120000088,1328,1009,319
120000089,1544,585,959
120000090,1587,752,835
120000091,2401,964,1437
120000092,1448,406,1042
120000093,1483,599,884
120000094,650,1529,-879
120000095,1338,318,1020
120000096,980,454,526
120000098,1550,1038,512
120000099,719,678,41
120000100,1213,616,597
120000101,1044,433,611
120000102,1840,1838,2
120000103,3100,1402,1698
120000104,4095,723,3372
120000105,5621,491,5130
120000106,6279,502,5777
120000107,11494,648,10846
120000108,4320,203,4117
120000109,2412,149,2263
120000110,73,971,-898
120000111,145,901,-756
120000112,629,1543,-914
120000113,962,1258,-296
120000114,622,1303,-681
120000115,534,1166,-632
120000116,687,1828,-1141
120000117,685,1148,-463
120000118,104,147,-43
120000119,67,80,-13
120000120,227,437,-210
120000121,12,51,-39
120000122,801,1930,-1129
120000123,2965,18613,-15648
120000124,837,1084,-247
120000125,2438,738,1700
120000126,792,5252,-4460
120000127,1261,2747,-1486
120000128,3588,8896,-5308
120000129,478,334,144
120000130,1788,807,981
120000131,974,863,111
120000134,738,518,220
120000135,2281,913,1368
120000137,615,349,266
120000138,3995,213,3782
120000139,662,401,261
120000140,3270,153,3117
120000141,569,1235,-666
120000142,1773,1484,289
120000143,0,20,-20
120000144,341,40,301
120000145,1823,4,1819
120000146,1665,3321,-1656
120000149,1021,833,188
120000150,2546,19740,-17194
120000151,1258,626,632
120000152,1851,257,1594
120000153,753,755,-2
120000154,1437,1270,167
120000155,531,963,-432
120000156,1045,5406,-4361
120000157,2187,830,1357
120000158,1814,681,1133
120000159,3274,1978,1296
120000160,3221,2230,991
120000161,6379,3541,2838
120000162,328,747,-419
120000163,1528,806,722
120000164,1034,192,842
120000165,1713,471,1242
120000166,2906,490,2416
120000167,313,277,36
120000168,6,742,-736
120000169,116,2676,-2560
120000170,21,3052,-3031
120000171,5,986,-981
120000172,5,697,-692
120000173,219,1791,-1572
120000174,37,92,-55
120000175,30,169,-139
120000176,36,83,-47
120000177,800,118,682
120000178,1,52,-51
120000179,9,95,-86
120000180,37,46,-9
120000181,75,2239,-2164
120000182,23,1592,-1569
120000183,1,390,-389
120000184,225,1597,-1372
120000186,11,2424,-2413
120000187,16,1156,-1140
120000188,25,1035,-1010
120000190,59,82,-23
120000191,59,100,-41
120000192,76,14,62
120000193,46,3,43
120000195,6,1,5
120000196,35,4,31
120000197,10,24,-14
120000198,606,26,580
120000199,1035,0,1035
120000200,628,8,620
120000201,182,181,1
120000202,0,58,-58
120000203,603,164,439
120000207,1,67,-66
120000208,15,71,-56
120000209,20,30,-10
120000210,63,16,47
120000211,1008,13,995
120000212,897,0,897
120000213,651,263,388
120000214,0,68,-68
120000215,10,61,-51
120000216,736,75,661
120000217,290,1291,-1001
120000218,18,469,-451
120000219,2,260,-258
120000220,44,729,-685
120000225,4671,7,4664
120000226,825,30,795
120000227,1921,154,1767
120000228,16156,7750,8406
120000230,1084,39,1045
120000231,3205,863,2342
120000233,1275,11,1264
120000235,637,552,85
120000236,3093,7,3086
120000237,2,1335,-1333
120000238,3,810,-807
120000241,1946,7897,-5951
120000412,401,90,311
120000413,1670,322,1348
120000414,755,18,737
120000415,4,93,-89
120000416,352,20,332
120000417,37,795,-758
120000418,869,26,843
120000419,29,62,-33
120000420,117,13,104
120000421,10665,5387,5278
120000422,239,6243,-6004
120000423,9,296,-287
120000424,827,138,689
120000436,192,2566,-2374
120000437,83,173,-90
120000438,2452,303,2149
120000439,568,1236,-668
120000443,322,0,322
120000444,3331,787,2544
120000445,4053,2616,1437
120000446,4239,242,3997
120000447,1169,2,1167
120000449,600,12,588
120000450,60,136,-76
120000451,573,288,285
120000452,217,1,216
120000453,0,45,-45
120000454,46,108,-62
120000455,239,92,147
120000456,2574,10850,-8276
120000457,540,438,102
120000458,566,965,-399
120000459,390,118,272
120000665,112,679,-567
120000668,219,4026,-3807
120000669,659,211,448
120000670,116,1279,-1163
120000671,6421,1693,4728
120000672,129,650,-521
120900001,153,67,86
120900002,128,1091,-963
120900003,295,15,280
120900004,40,376,-336
120900005,81,249,-168
120900006,1478,249,1229
120900007,490,129,361
120900008,984,446,538
120900009,537,40,497
120900010,1410,251,1159
120900011,48,609,-561
120900012,32,1862,-1830
120900013,705,275,430
120900014,1,395,-394
120900015,1700,312,1388
120900016,3727,169,3558
120900017,2652,42,2610
120900018,376,212,164
120900019,760,670,90
120900020,479,1068,-589
120900021,659,329,330
120900022,5,341,-336
120900023,665,143,522
120900024,2021,618,1403
120900025,1456,1118,338
120900026,216,180,36
120900027,868,40,828
120900028,1040,294,746
120900029,29,1779,-1750
120900030,4368,843,3525
120900031,622,139,483
120900032,2735,141,2594
120900033,2792,221,2571
120900034,58,7674,-7616
120900035,200,87,113
120900037,790,45,745
120900038,385,902,-517
120900039,316,76,240
120900040,733,7,726
120900041,34,31,3
120900042,978,42,936
120900043,155,103,52
120900044,6,1058,-1052
120900045,349,74,275
120900046,1531,22,1509
120900047,374,289,85
120900048,531,36,495
120900049,1242,2,1240
120900050,1224,5853,-4629
120900051,684,108,576
120900052,2379,15,2364
120900053,1081,35,1046
120900054,1387,483,904
120900055,1608,23,1585
120900056,1753,125,1628
120900057,842,18,824
120900058,1474,5,1469
120900059,489,3,486
120900060,199,11,188
120900061,424,299,125
120900062,956,5,951
120900063,2607,38,2569
120900064,1780,4,1776
120900065,1560,2,1558
120900066,1763,172,1591
120900067,531,198,333
120900068,799,2,797
120900069,1427,31,1396
120900071,26,0,26
120900072,2567,46,2521
120900073,2474,63,2411
120900074,2737,127,2610
120900076,1213,1,1212
120900077,1948,333,1615
120900078,1847,475,1372
120900079,3063,102,2961
120900080,3114,351,2763
120900081,3649,469,3180
120900082,422,762,-340
120900083,305,238,67
120900084,1321,832,489
120900085,46,114,-68
120900086,38,1292,-1254
120900087,799,350,449
120900088,355,1415,-1060
120900089,2064,7361,-5297
120900090,672,26,646
120900091,278,1135,-857
120900092,209,261,-52
120900093,1582,103,1479
120900094,317,218,99
120900095,545,36,509
120900096,178,150,28
120900097,952,665,287
120900098,121,206,-85
120900099,99,92,7
120900100,126,214,-88
120900101,62,198,-136
120900102,138,71,67
120900103,171,256,-85
120900104,28,59,-31
120900105,55,894,-839
120900106,313,262,51
120900107,80,155,-75
120900108,80,314,-234
120900109,58,401,-343
120900110,19,200,-181
120900111,277,164,113
120900112,67,201,-134
120900113,69,442,-373
120900114,54,193,-139
120900115,185,341,-156
120900116,1635,157,1478
120900117,9,106,-97
120900118,75,145,-70
120900119,12288,3667,8621
120900120,112,995,-883
120900121,47,304,-257
120900122,2052,183,1869
120900123,32,109,-77
120900124,6,166,-160
120900125,2,467,-465
120900126,232,554,-322
120900127,43,158,-115
120900128,468,725,-257
120900129,16,119,-103
120900130,9,229,-220
120900131,292,213,79
120900132,2527,134,2393
120900133,73,747,-674
120900134,239,180,59
120900135,5,186,-181
120900136,76,200,-124
120900137,754,138,616
120900138,7,139,-132
120900139,4,192,-188
120900140,8,268,-260
120900141,335,417,-82
120900142,50,137,-87
120900143,1,143,-142
120900144,0,31,-31
120900145,214,2175,-1961
120900146,2,127,-125
120900147,122,93,29
120900148,307,118,189
120900149,1,124,-123
120900150,120,211,-91
120900151,4,84,-80
120900152,0,5,-5
120900153,0,0,0
120900154,0,167,-167
120900155,365,281,84
120900156,785,190,595
120900157,2,14,-12
120900158,138,270,-132
120900159,4,43,-39
120900160,61,533,-472
120900161,36,324,-288
120900162,64,609,-545
120900163,179,1100,-921
120900164,0,52,-52
120900165,0,111,-111
120900166,112,1298,-1186
120900167,203,130,73
120900169,252,308,-56
120900170,230,8602,-8372
120900171,574,101,473
120900172,36,2579,-2543
120900173,0,72,-72
120900174,3,177,-174
120900175,330,210,120
120900176,65,580,-515
120900177,5,3524,-3519
120900178,5,1705,-1700
120900179,121,284,-163
120900180,68,394,-326
120900181,69,54,15
120900182,112,158,-46
120900183,1517,149,1368
120900184,673,91,582
120900185,1139,3159,-2020
120900186,0,174,-174
120900187,1248,693,555
120900188,726,33,693
120900189,113,8134,-8021
120900190,675,22,653
120900191,471,28,443
120900192,7422,28769,-21347
120900194,159,224,-65
120900195,136,309,-173
120900196,604,196,408
120900197,1103,149,954
120900198,158,505,-347
120900199,486,427,59
120900200,19,152,-133
120900201,190,111,79
120900202,2,219,-217
120900203,69,60,9
120900204,137,182,-45
120900205,370,26,344
120900206,133,84,49
120900207,42,855,-813
121000001,1279,4849,-3570
121000002,3467,3785,-318
121000003,11874,3605,8269
121000004,3400,5227,-1827
121000005,4095,4871,-776
121000006,4198,4745,-547
121000007,4827,10773,-5946
121000008,5261,8307,-3046
121000009,8109,15182,-7073
121000010,9506,10056,-550
121000011,10052,12045,-1993
121000012,14958,7353,7605
121000013,9949,9073,876
121000014,7269,5800,1469
121000015,8640,11716,-3076
121000016,5947,6251,-304
121000017,3749,2038,1711
121000018,5934,2814,3120
121000019,11482,9933,1549
121000020,12532,19165,-6633
121000021,2522,2507,15
121000022,3303,5224,-1921
121000023,3801,1156,2645
121000024,6627,7500,-873
121000025,779,2609,-1830
121000026,630,379,251
121000027,2427,2253,174
121000028,1356,1333,23
121000029,1423,1108,315
121000030,1192,1112,80
121000031,714,1575,-861
121000032,233,266,-33
121000034,669,2420,-1751
121000035,537,992,-455
121000036,1634,2181,-547
121000037,982,2887,-1905
121000038,437,1837,-1400
121000039,300,781,-481
121000041,740,888,-148
121000042,241,627,-386
121000043,842,919,-77
121000044,2449,2036,413
121000045,694,325,369
121000046,1280,1653,-373
121000047,67,134,-67
121000049,1506,1178,328
121000050,434,3894,-3460
121000051,922,744,178
121000052,660,2314,-1654
121000053,948,603,345
121000054,155,1113,-958
121000055,1363,6078,-4715
121000056,1645,2363,-718
121000057,278,827,-549
121000058,280,157,123
121000059,4777,2374,2403
121000060,669,1735,-1066
121000061,21,647,-626
121000062,201,2285,-2084
121000063,1422,1973,-551
121000064,711,1403,-692
121000065,165,1162,-997
121000066,1115,2621,-1506
121000067,614,1555,-941
121000068,623,744,-121
121000069,278,2207,-1929
121000070,1577,3222,-1645
121000071,2629,3494,-865
121000072,939,3440,-2501
121000073,1442,2855,-1413
121000074,109,706,-597
121000075,11,330,-319
121000076,487,899,-412
121000077,216,236,-20
121000078,217,450,-233
121000080,5004,1176,3828
121000081,7453,6101,1352
121000082,154,785,-631
121000083,72,349,-277
121000084,360,499,-139
121000085,814,922,-108
121000086,2449,612,1837
121000087,140,417,-277
121000088,1096,830,266
121000089,246,892,-646
121000090,352,732,-380
121000091,1957,1356,601
121000092,356,170,186
121000093,451,494,-43
121000094,412,1368,-956
121000095,207,1250,-1043
121000096,10762,3019,7743
121000097,776,3882,-3106
121000098,1018,748,270
121000099,1595,767,828
121000100,1525,227,1298
121000101,691,194,497
121000102,636,144,492
121000103,360,173,187
121000104,651,60,591
121000105,708,169,539
121000106,447,279,168
121000107,2427,4548,-2121
121000109,2003,1199,804
121000110,297,1004,-707
121000114,6310,4035,2275
121000115,6254,1147,5107
121000116,559,1585,-1026
121000117,375,572,-197
121000118,2587,562,2025
121000119,504,426,78
121000120,891,686,205
121000121,583,3696,-3113
121000123,1070,644,426
121000127,153,304,-151
121000128,1707,216,1491
121000129,1817,206,1611
121000130,818,788,30
121000131,1825,934,891
121000132,874,1005,-131
121000135,224,241,-17
121000136,1197,3013,-1816
121000137,2102,686,1416
121000138,577,2056,-1479
121000139,199,750,-551
121000141,454,529,-75
121000142,854,947,-93
121000143,134,15,119
121000144,818,900,-82
121000145,1307,1459,-152
121000146,1923,2776,-853
121000147,2424,1063,1361
121000148,1404,1477,-73
121000149,4349,3860,489
121000152,441,701,-260
121000153,2353,797,1556
121000154,3008,1013,1995
121000155,6726,2394,4332
121000156,711,1850,-1139
121000157,1404,1625,-221
121000158,349,494,-145
121000159,315,654,-339
121000160,387,825,-438
121000161,496,498,-2
121000162,255,95,160
121000165,1538,2352,-814
121000166,91,927,-836
121000168,689,484,205
121000169,184,398,-214
121000170,466,89,377
121000171,186,473,-287
121000172,2216,2956,-740
121000173,2704,2659,45
121000174,1408,1027,381
121000175,3209,1546,1663
121000176,1087,636,451
121000177,1213,1592,-379
121000178,80,207,-127
121000179,74,121,-47
121000181,509,604,-95
121000182,364,837,-473
121000183,73,336,-263
121000184,25,517,-492
121000185,51,695,-644
121000186,501,1400,-899
121000187,537,140,397
121000188,739,129,610
121000192,1444,673,771
121000193,1082,558,524
121000194,3652,3725,-73
121000195,573,2993,-2420
121000196,1124,1024,100
121000197,204,3329,-3125
121000198,284,580,-296
121000199,241,1346,-1105
121000200,956,462,494
121000201,22,767,-745
121000202,803,404,399
121000203,1149,3331,-2182
121000204,4923,934,3989
121000205,152,474,-322
121000206,179,233,-54
121000207,3543,861,2682
121000208,7,511,-504
121000209,1638,160,1478
121000210,1251,734,517
121000211,955,202,753
121000212,623,1121,-498
121000213,35318,5614,29704
121000214,2870,3731,-861
121000215,1005,5176,-4171
121000216,835,1196,-361
121000217,5891,5827,64
121000218,737,4851,-4114
121000219,2765,1851,914
121000220,487,195,292
121000221,395,1199,-804
121000222,10808,6268,4540
121000223,311,2123,-1812
121000224,305,835,-530
121000225,1007,10885,-9878
121000226,1348,4124,-2776
121000227,26,181,-155
121000228,50,1326,-1276
121000229,1081,1142,-61
121000230,216,5828,-5612
121000231,3601,29,3572
121000232,1021,563,458
121000233,1401,703,698
121000234,12,59,-47
121000235,62,98,-36
121000236,4,57,-53
121000237,14,32,-18
121000238,6,112,-106
121000239,98,11,87
121000240,20,213,-193
121000241,151,15,136
121000242,81,644,-563
121000243,215,80,135
121000244,3,72,-69
121000245,38,28,10
121000246,0,114,-114
121000247,159,11,148
121000248,674,936,-262
121000249,181,849,-668
121000250,852,1164,-312
121000251,18,508,-490
121000252,164,254,-90
121000253,911,1741,-830
121000254,1464,806,658
121000255,182,1100,-918
121000256,591,1033,-442
121000257,45,382,-337
121000258,65,537,-472
121000259,43,389,-346
121000260,45,772,-727
121000261,28,633,-605
121000262,5039,465,4574
121000263,564,758,-194
121000271,2249,2830,-581
121000273,65,73,-8
121000274,34,452,-418
121000275,45,60,-15
121000276,12,138,-126
121000278,151,192,-41
121000279,74,240,-166
121000280,60,248,-188
121000289,1096,35,1061
121000290,3469,3015,454
121000294,412,59,353
121000297,507,2187,-1680
121000299,250,9790,-9540
121000300,3344,1174,2170
121000302,20,1030,-1010
121000303,1141,414,727
121000304,913,85,828
121000305,584,180,404
121000306,450,696,-246
121000308,73,346,-273
121000309,269,606,-337
121000310,150,634,-484
121000311,52,417,-365
121000312,1204,869,335
121000313,591,359,232
121000314,40,77,-37
121000315,11,79,-68
121000530,3416,3953,-537
121000531,3690,2687,1003
121000532,7670,7260,410
121000533,4852,5480,-628
121000918,11,111,-100
121000919,29,117,-88
121000938,160,70,90
121000939,77,411,-334
121000956,2213,3789,-1576
121000957,7,90,-83
121000958,2,924,-922
121000959,2410,448,1962
121000960,2744,2545,199
121000961,751,85,666
121000962,550,523,27
121000973,0,528,-528
121000976,13,109,-96
121000979,1048,254,794
121000981,743,161,582
121000982,804,352,452
121000983,1174,235,939
121000984,5,149,-144
121000985,1700,832,868
121000986,1150,608,542
121000987,478,1175,-697
121000988,1933,207,1726
121001302,453,237,216
121001308,1,146,-145
121001309,49,648,-599
121001311,0,0,0
121001313,447,84,363
121001314,2963,2069,894
121001315,8199,5756,2443
121001326,1191,591,600
121900001,192,698,-506
121900002,80,406,-326
121900003,478,17,461
121900004,66,1991,-1925
121900005,39,5,34
121900006,258,29,229
121900007,3816,2483,1333
121900008,65,405,-340
121900009,2139,70,2069
121900010,388,13,375
121900011,280,111,169
121900012,7,6,1
121900013,236,114,122
121900014,6857,804,6053
121900015,189,351,-162
121900016,15,77,-62
121900017,1021,1716,-695
121900018,1223,10,1213
121900019,1220,276,944
121900020,131,1,130
121900021,1482,102,1380
121900022,354,372,-18
121900023,413,691,-278
121900024,1111,43,1068
121900025,1102,1223,-121
121900026,830,200,630
121900027,607,350,257
121900028,502,38,464
121900029,109,632,-523
121900030,528,1000,-472
121900031,3143,9861,-6718
121900032,329,150,179
121900033,241,456,-215
121900034,236,790,-554
121900035,15644,6532,9112
121900036,263,738,-475
121900037,103,1962,-1859
121900038,53,208,-155
121900039,400,47,353
121900040,76,134,-58
121900041,52,360,-308
121900042,612,272,340
121900043,4,3,1
121900044,148,47,101
121900046,215,421,-206
121900047,333,187,146
121900048,130,170,-40
121900050,62,115,-53
121900051,274,663,-389
121900052,331,161,170
121900053,587,698,-111
121900054,505,3364,-2859
121900055,5,31,-26
121900058,551,795,-244
121900059,422,259,163
121900060,291,1212,-921
121900061,207,195,12
121900062,100,73,27
121900063,2759,996,1763
121900064,684,1371,-687
121900066,167,65,102
121900067,118,68,50
121900069,274,412,-138
121900070,142,356,-214
121900071,1300,682,618
121900072,125,380,-255
121900073,258,637,-379
121900074,614,707,-93
121900075,538,1502,-964
121900076,701,3377,-2676
121900078,197,89,108
121900079,0,3,-3
121900080,1363,326,1037
121900082,175,208,-33
121900084,27,51,-24
121900086,37,57,-20
121900087,80,234,-154
121900088,2526,3047,-521
121900089,694,386,308
121900090,18,37,-19
121900091,149,43,106
121900092,231,113,118
121900093,110,109,1
121900094,29,29,0
121900095,681,191,490
121900096,1350,1334,16
121900097,1327,212,1115
121900098,11,3,8
121900099,389,33,356
121900100,77,211,-134
121900101,105,201,-96
121900102,0,164,-164
121900103,656,689,-33
121900104,3284,981,2303
121900105,363,218,145
121900106,2,18,-16
121900107,184,46,138
121900108,0,40,-40
121900109,316,204,112
121900110,1202,1056,146
121900111,1152,752,400
121900112,216,353,-137
121900113,135,865,-730
121900114,65,149,-84
121900117,197,948,-751
121900118,4990,1219,3771
121900119,173,75,98
121900120,423,1119,-696
121900121,927,34,893
121900122,81,41,40
121900123,587,486,101
121900124,542,398,144
121900125,6791,2491,4300
121900127,7,233,-226
121900128,147,190,-43
121900129,370,137,233
121900130,151,912,-761
121900131,436,304,132
121900132,117,153,-36
121900133,20,753,-733
121900134,19,870,-851
121900135,7518,740,6778
121900136,433,612,-179
121900137,75,592,-517
121900138,61,492,-431
121900139,670,6164,-5494
121900140,79,118,-39
121900141,89,125,-36
121900142,106,60,46
121900143,52,95,-43
121900144,207,1325,-1118
121900145,212,306,-94
121900146,558,1102,-544
121900147,57,931,-874
121900148,504,739,-235
121900149,482,513,-31
121900150,95,685,-590
121900151,54,757,-703
121900152,275,47,228
121900153,9,166,-157
121900154,20,966,-946
121900155,8,995,-987
121900156,232,417,-185
121900157,1,482,-481
121900158,194,167,27
121900159,1,174,-173
121900160,72,351,-279
121900161,194,620,-426
121900162,129,461,-332
121900163,855,233,622
121900164,307,469,-162
121900165,195,394,-199
121900166,227,292,-65
121900167,58,86,-28
121900168,172,124,48
121900169,54,665,-611
121900170,24,106,-82
121900171,1436,1372,64
121900172,1094,705,389
121900173,1539,912,627
121900174,82,64,18
121900175,97,2018,-1921
121900176,835,3678,-2843
121900177,215,151,64
121900178,96,194,-98
121900179,444,742,-298
121900180,2528,9149,-6621
121900182,1077,1831,-754
121900183,369,2558,-2189
121900184,37,1565,-1528
121900186,13,1076,-1063
121900187,32,195,-163
121900188,2730,191,2539
121900189,187,130,57
121900190,339,763,-424
121900191,55,1638,-1583
121900192,482,4822,-4340
121900193,85,739,-654
121900194,6,318,-312
121900195,15,43,-28
121900196,2246,1629,617
121900197,483,1855,-1372
121900198,6909,5122,1787
121900199,0,17,-17
121900200,45,541,-496
121900201,1885,1105,780
121900202,409,1886,-1477
121900203,112,2377,-2265
121900204,3434,2357,1077
121900205,24,223,-199
121900206,23,335,-312
121900207,80,106,-26
121900208,127,1153,-1026
121900209,69,109,-40
121900210,4330,1854,2476
121900211,2304,769,1535
121900212,27,200,-173
121900213,776,54,722
121900214,2,660,-658
121900215,65,472,-407
121900216,9,845,-836
121900217,440,450,-10
121900218,190,1193,-1003
121900220,146,49,97
121900221,1137,858,279
121900222,647,91,556
121900223,292,315,-23
121900224,227,260,-33
121900225,278,1571,-1293
121900226,412,40,372
121900227,523,5763,-5240
121900228,322,181,141
121900230,119,601,-482
121900231,85,2404,-2319
121900232,321,1215,-894
121900233,1328,351,977
121900234,412,904,-492
121900235,929,197,732
121900236,486,502,-16
121900237,403,1906,-1503
121900238,387,904,-517
121900239,168,119,49
121900240,231,313,-82
121900241,75,35,40
121900242,65,0,65
121900243,3,1,2
121900244,35,4,31
121900245,940,59,881
121900246,13070,810,12260
121900248,3494,1238,2256
121900250,141,527,-386
121900251,1253,35,1218
121900252,539,241,298
121900253,70,2055,-1985
121900254,340,663,-323
121900255,1240,332,908
121900258,8920,2347,6573
121900259,119,799,-680
121900260,167,246,-79
121900261,142,1389,-1247
121900262,1391,2406,-1015
121900263,396,286,110
121900264,1588,1090,498
121900265,707,263,444
121900266,1033,253,780
121900267,421,32,389
121900269,790,1760,-970
121900270,97,429,-332
121900271,120,330,-210
121900273,587,3153,-2566
121900274,696,371,325
121900277,349,3038,-2689
121900278,183,4416,-4233
121900279,346,371,-25
121900280,120,541,-421
121900281,137,886,-749
121900284,85,3,82
121900286,298,388,-90
121900287,13,100,-87
121900288,4,6,-2
121900290,292,2873,-2581
121900291,554,2877,-2323
121900292,205,265,-60
121900293,1297,13328,-12031
121900294,814,17,797
121900295,269,141,128
121900296,95,520,-425
121900298,210,2329,-2119
121900299,0,12,-12
121900300,67,8,59
121900301,53,1,52
121900302,5,185,-180
121900303,195,1630,-1435
121900304,32,41,-9
121900305,68,38,30
121900306,695,0,695
121900307,258,15,243
121900308,20,457,-437
121900309,27,383,-356
121900310,9,236,-227
121900311,1101,34,1067
121900312,894,77,817
121900313,936,53,883
121900314,9,9,0
121900315,98,0,98
121900316,0,35,-35
121900317,13,18,-5
121900318,1,1,0
121900319,94,444,-350
121900320,205,20,185
121900321,43,20,23
121900322,7,19,-12
121900323,101,42,59
121900324,2,85,-83
121900325,60,1,59
121900326,0,5,-5
121900327,4,63,-59
121900328,0,104,-104
121900329,0,72,-72
121900330,0,145,-145
121900331,37,24,13
121900332,99,42,57
121900333,185,3,182
121900334,120,55,65
122000001,2101,5619,-3518
122000002,3223,1215,2008
122000003,1222,3103,-1881
122000004,1539,1641,-102
122000005,10006,2765,7241
122000006,672,1857,-1185
122000007,777,2336,-1559
122000008,1313,4129,-2816
122000009,681,721,-40
122000010,3352,3689,-337
122000011,8722,3081,5641
122000012,1097,6002,-4905
122000013,778,3098,-2320
122000014,9161,3068,6093
122000015,1546,1298,248
122000016,547,851,-304
122000017,2125,2135,-10
122000018,5159,3725,1434
122000019,1218,4149,-2931
122000020,276,966,-690
122000021,183,456,-273
122000022,2037,2877,-840
122000023,1847,4116,-2269
122000024,539,5185,-4646
122000025,727,5148,-4421
122000026,340,1543,-1203
122000027,1152,1188,-36
122000028,4223,1434,2789
122000029,350,2945,-2595
122000030,219,472,-253
122000031,369,1102,-733
122000032,8851,5024,3827
122000033,524,6435,-5911
122000034,297,1655,-1358
122000035,295,666,-371
122000036,678,1668,-990
122000037,1847,390,1457
122000038,270,978,-708
122000039,805,1483,-678
122000040,195,693,-498
122000041,2817,1774,1043
122000042,546,1597,-1051
122000043,130,371,-241
122000044,63,240,-177
122000045,3942,1642,2300
122000046,1552,3024,-1472
122000047,73,453,-380
122000048,2439,6178,-3739
122000049,10994,6881,4113
122000050,839,1154,-315
122000051,378,936,-558
122000052,947,809,138
122000053,449,1964,-1515
122000054,2499,4409,-1910
122000055,2145,5141,-2996
122000056,4723,2819,1904
122000057,6924,4452,2472
122000058,757,2073,-1316
122000059,860,4711,-3851
122000060,322,1579,-1257
122000061,189,1242,-1053
122000062,733,405,328
122000063,248,1804,-1556
122000064,3394,10199,-6805
122000065,2978,7290,-4312
122000066,525,2997,-2472
122000067,1852,3572,-1720
122000068,8961,2415,6546
122000069,2687,3870,-1183
122000070,2995,2586,409
122000071,7451,1841,5610
122000072,2732,1270,1462
122000073,212,2783,-2571
122000074,3779,3704,75
122000075,1971,1690,281
122000076,13264,3518,9746
122000077,715,3680,-2965
122000078,509,4062,-3553
122000079,228,4818,-4590
122000080,768,922,-154
122000081,153,425,-272
122000082,274,2056,-1782
122000083,17307,1429,15878
122000084,8988,3002,5986
122000085,546,2089,-1543
122000086,6231,14570,-8339
122000087,411,307,104
122000088,49,405,-356
122000089,12642,5317,7325
122000090,1536,3343,-1807
122000091,169,2785,-2616
122000092,35,221,-186
122000093,2292,10850,-8558
122000094,12904,5373,7531
122000095,1036,10231,-9195
122000096,403,5614,-5211
122000098,7524,6144,1380
122000099,714,4285,-3571
122000100,1063,1286,-223
122000101,428,1251,-823
122000102,8613,2379,6234
122000103,1651,5380,-3729
122000104,3045,266,2779
122000105,350,988,-638
122000106,826,3226,-2400
122000107,1987,713,1274
122000108,1213,1456,-243
122000109,623,322,301
122000110,1233,886,347
122000111,5563,2420,3143
122000112,3655,2999,656
122000113,985,1686,-701
122000114,2053,6785,-4732
122000115,3833,2113,1720
122000116,397,779,-382
122000117,2576,708,1868
122000118,1232,702,530
122000119,3460,1591,1869
122000120,751,2900,-2149
122000121,917,1989,-1072
122000122,385,830,-445
122000123,1465,1980,-515
122000124,826,661,165
122000125,562,815,-253
122000126,538,644,-106
122000127,406,726,-320
122000128,339,481,-142
122000129,666,3891,-3225
122000130,4346,1205,3141
122000131,1810,1038,772
122000132,416,579,-163
122000133,893,837,56
122000134,1806,973,833
122000135,656,306,350
122000136,1175,773,402
122000137,3487,1235,2252
122000139,1266,6550,-5284
122000140,253,3250,-2997
122000141,9002,5754,3248
122000142,198,7447,-7249
122000143,381,436,-55
122000144,2722,2580,142
122000145,1194,2829,-1635
122000146,623,6975,-6352
122000147,580,1810,-1230
122000148,410,2436,-2026
122000149,2855,1399,1456
122000150,2298,1718,580
122000151,208,662,-454
122000152,629,744,-115
122000153,756,810,-54
122000154,458,340,118
122000155,2134,4909,-2775
122000156,17528,7884,9644
122000157,730,17361,-16631
122000158,482,2259,-1777
122000159,1124,1862,-738
122000160,2890,1869,1021
122000161,1546,1207,339
122000162,1413,1409,4
122000163,879,234,645
122000164,141,421,-280
122000165,1896,2763,-867
122000166,894,4376,-3482
122000167,517,1269,-752
122000168,332,2778,-2446
122000169,713,501,212
122000170,462,590,-128
122000171,46,142,-96
122000172,3861,2235,1626
122000173,2646,5196,-2550
122000174,1509,4152,-2643
122000175,1007,794,213
122000176,689,2888,-2199
122000177,1033,2601,-1568
122000178,9563,6094,3469
122000179,5233,5637,-404
122000180,801,1443,-642
122000181,973,2284,-1311
122000182,2173,1695,478
122000183,4865,1698,3167
122000184,4821,4896,-75
122000185,1453,5669,-4216
122000186,1413,4330,-2917
122000187,2852,3804,-952
122000188,791,654,137
122000189,376,630,-254
122000190,885,3340,-2455
122000191,1288,1142,146
122000192,1737,874,863
122000193,793,1897,-1104
122000194,705,727,-22
122000195,219,2564,-2345
122000196,1407,584,823
122000197,656,1311,-655
122000198,762,4818,-4056
122000199,581,713,-132
122000200,1305,1375,-70
122000201,1942,5286,-3344
122000202,1226,4104,-2878
122000203,3071,2381,690
122000204,1584,1842,-258
122000205,849,763,86
122000206,13761,2273,11488
122000207,2704,4892,-2188
122000208,2997,6409,-3412
122000209,3568,1435,2133
122000210,2720,6781,-4061
122000211,1581,4131,-2550
122000212,1263,935,328
122000213,1515,3542,-2027
122000214,3081,2962,119
122000215,4524,3125,1399
122000217,2151,5123,-2972
122000218,1313,238,1075
122000219,3388,1672,1716
122000220,438,1404,-966
122000221,264,602,-338
122000222,967,143,824
122000223,898,1135,-237
122000225,982,782,200
122000226,1489,1729,-240
122000227,238,2016,-1778
122000228,346,411,-65
122000229,48,451,-403
122000230,68,1047,-979
122000231,359,881,-522
122000232,818,918,-100
122000233,0,85,-85
122000234,741,100,641
122000235,923,109,814
122000236,2274,72,2202
122000237,138,223,-85
122000238,396,1081,-685
122000239,1093,702,391
122000240,1935,949,986
122000241,4615,989,3626
122000242,802,245,557
122000243,934,87,847
122000244,205,640,-435
122000245,233,119,114
122000246,703,361,342
122000247,1070,481,589
122000248,2509,964,1545
122000249,2872,1784,1088
122000250,3728,1944,1784
122000251,103,256,-153
122000252,184,129,55
122000253,87,126,-39
122000254,684,128,556
122000255,670,1007,-337
122000256,563,899,-336
122000257,502,314,188
122000258,323,358,-35
122000259,107,461,-354
122000260,13,106,-93
122000261,14,607,-593
122000262,0,28,-28
122000263,379,555,-176
122000264,2969,922,2047
122000265,5557,2175,3382
122000266,6559,1229,5330
122000267,142,247,-105
122000268,292,772,-480
122000269,1525,698,827
122000270,1060,690,370
122000271,352,6544,-6192
122000272,627,2183,-1556
122000273,1020,1016,4
122000274,482,439,43
122000275,60,279,-219
122000276,2000,747,1253
122000277,1694,2911,-1217
122000278,2979,392,2587
122000279,315,454,-139
122000280,932,909,23
122000281,640,650,-10
122000282,92,500,-408
122000283,321,313,8
122000284,109,214,-105
122000285,608,92,516
122000286,118,175,-57
122000287,1314,553,761
122000288,1843,1385,458
122000291,5687,1701,3986
122000293,439,190,249
122000294,198,792,-594
122000295,2106,555,1551
122000296,53,2422,-2369
122000297,2262,5878,-3616
122000299,1667,492,1175
122000300,723,693,30
122000301,10490,4614,5876
122000302,717,6292,-5575
122000303,3090,1412,1678
122000304,10,122,-112
122000305,3128,864,2264
122000306,187,413,-226
122000307,174,218,-44
122000309,74,80,-6
122000310,62,169,-107
122000311,52,212,-160
122000312,235,390,-155
122000313,33,204,-171
122000314,344,807,-463
122000315,535,82,453
122000316,2197,584,1613
122000317,5124,523,4601
122000318,462,2058,-1596
122000319,3635,1016,2619
122000320,426,807,-381
122000321,114,367,-253
122000322,2803,3685,-882
122000323,690,4092,-3402
122000324,2877,4010,-1133
122000325,1081,6309,-5228
122000326,317,157,160
122000327,485,2472,-1987
122000328,741,1973,-1232
122000330,4716,4927,-211
122000332,506,951,-445
122000333,35,103,-68
122000337,1691,578,1113
122000338,811,238,573
122000340,302,6760,-6458
122000342,3292,1105,2187
122000343,900,657,243
122000344,224,11,213
122000345,15,32,-17
122000346,222,168,54
122000348,683,1075,-392
122000349,53,874,-821
122000351,348,465,-117
122000352,270,310,-40
122000353,139,123,16
122000355,201,568,-367
122000356,379,4337,-3958
122000357,62,21,41
122000358,13,36,-23
122000359,0,44,-44
122000360,0,13,-13
122000362,13,44,-31
122000364,514,266,248
122000365,1,47,-46
122000366,28,4,24
122000368,660,1126,-466
122000370,22,26,-4
122000371,41,0,41
122000372,15,0,15
122000381,377,688,-311
122000382,76,377,-301
122000384,1592,1634,-42
122000385,111,0,111
122000386,191,2803,-2612
122000387,474,3424,-2950
122000388,2752,4279,-1527
122000389,411,2975,-2564
122000390,509,1647,-1138
122000391,153,2425,-2272
122000392,193,321,-128
122000393,88,303,-215
122000394,1400,398,1002
122000395,286,285,1
122000396,699,155,544
122000397,36,168,-132
122000398,8,309,-301
122000399,122,78,44
122000400,34,2800,-2766
122000401,255,86,169
122000402,741,410,331
122000403,994,786,208
122000404,428,406,22
122000408,704,1074,-370
122000503,9,139,-130
122000524,72,957,-885
122000544,61,4748,-4687
122000614,215,268,-53
122000616,279,0,279
122000640,171,103,68
122000641,418,346,72
122000642,2350,725,1625
122000643,50,449,-399
122000644,367,136,231
122000645,39,265,-226
122000651,524,5238,-4714
122000664,362,242,120
122000665,3102,1271,1831
122000666,660,1440,-780
122000673,119,250,-131
122000674,1039,623,416
122000675,4047,893,3154
122000686,985,5087,-4102
122000687,3312,530,2782
122000688,354,1051,-697
122000689,2103,549,1554
122000690,5687,1187,4500
122000691,1532,2045,-513
122000692,1892,398,1494
122000693,455,1245,-790
122000695,630,402,228
122000696,1272,317,955
122000698,733,401,332
122000699,788,92,696
122000701,5306,350,4956
122000702,803,1940,-1137
122000703,322,206,116
122000717,146,162,-16
122000718,687,5979,-5292
122000719,37,306,-269
122000720,1773,151,1622
122000724,371,332,39
122900001,53,32,21
122900002,1068,6963,-5895
122900003,1107,43,1064
122900004,2292,200,2092
122900005,30,122,-92
122900006,431,1018,-587
122900007,674,4042,-3368
122900008,191,150,41
122900009,1740,515,1225
122900010,359,157,202
122900012,271,604,-333
122900014,101,164,-63
122900015,1734,1083,651
122900016,274,263,11
122900017,2778,4481,-1703
122900018,360,20,340
122900019,21,297,-276
122900020,221,135,86
122900021,693,759,-66
122900022,2128,1547,581
122900023,712,134,578
122900024,115,168,-53
122900025,6,425,-419
122900026,50,224,-174
122900027,46,1478,-1432
122900028,72,77,-5
122900029,14945,3276,11669
122900030,6831,829,6002
122900031,288,789,-501
122900032,1958,766,1192
122900033,285,256,29
122900034,8571,6640,1931
122900035,113,9,104
122900036,60,98,-38
122900037,854,1018,-164
122900038,224,5563,-5339
122900039,82,718,-636
122900040,413,2469,-2056
122900041,252,652,-400
122900042,312,508,-196
122900043,675,663,12
122900044,288,713,-425
122900045,353,828,-475
122900046,141,587,-446
122900047,98,338,-240
122900048,16,464,-448
122900049,7986,304,7682
122900051,33,2422,-2389
122900052,231,100,131
122900053,47,26,21
122900055,547,129,418
122900057,485,46,439
122900061,869,44,825
122900062,895,1174,-279
122900063,393,148,245
122900064,1393,1074,319
122900065,861,352,509
122900066,973,399,574
122900067,863,500,363
122900069,622,2811,-2189
122900070,539,110,429
122900071,433,1435,-1002
122900073,0,41,-41
122900074,1671,244,1427
122900076,3,584,-581
122900077,4,373,-369
122900078,450,14,436
122900080,196,80,116
122900081,167,496,-329
122900082,1976,153,1823
122900083,325,76,249
122900084,30,187,-157
122900086,65,2881,-2816
122900087,521,708,-187
122900088,56,1217,-1161
122900089,90,1027,-937
122900090,30,868,-838
122900091,666,7,659
122900092,0,148,-148
122900093,1,132,-131
122900094,1,183,-182
122900095,353,30,323
122900096,789,290,499
122900097,76,98,-22
122900098,47,244,-197
122900099,168,78,90
122900100,117,1075,-958
122900101,899,485,414
122900102,131,53,78
122900103,578,14,564
122900104,616,11,605
122900105,28,13,15
122900106,14,81,-67
122900107,3,64,-61
122900108,10,367,-357
122900109,673,152,521
123000001,985,2158,-1173
123000002,3233,9865,-6632
123000003,8197,7345,852
123000004,5976,5470,506
123000005,5328,3825,1503
123000006,4915,2676,2239
123000007,6298,4257,2041
123000008,4315,4647,-332
123000009,6114,5349,765
123000010,4406,8618,-4212
123000011,2649,4226,-1577
123000012,1240,10836,-9596
123000013,9771,3225,6546
123000014,1171,5640,-4469
123000015,4021,1861,2160
123000016,4687,3929,758
123000017,7586,2979,4607
123000018,235,162,73
123000019,1512,85,1427
123000020,866,44,822
123000021,424,613,-189
123000022,1297,3649,-2352
123000023,3751,4971,-1220
123000024,3191,2158,1033
123000025,720,337,383
123000026,72,343,-271
123000027,43,1580,-1537
123000028,454,3186,-2732
123000029,375,2020,-1645
123000030,425,320,105
123000031,667,280,387
123000032,1226,288,938
123000033,901,431,470
123000034,1988,1283,705
123000035,799,979,-180
123000036,347,2626,-2279
123000037,345,170,175
123000038,87,653,-566
123000039,1123,2359,-1236
123000040,762,303,459
123000041,685,3077,-2392
123000042,668,1953,-1285
123000043,2421,24408,-21987
123000044,3984,3767,217
123000045,6175,3331,2844
123000046,340,1881,-1541
123000047,543,2383,-1840
123000048,139,2345,-2206
123000049,7305,15609,-8304
123000050,4371,2743,1628
123000051,102,467,-365
123000052,1479,4606,-3127
123000053,3827,3705,122
123000054,5106,3293,1813
123000055,3570,9389,-5819
123000056,2023,840,1183
123000057,5438,8283,-2845
123000058,1114,2523,-1409
123000059,395,596,-201
123000060,2091,578,1513
123000061,532,781,-249
123000063,2361,1952,409
123000064,3009,421,2588
123000065,5908,4692,1216
123000066,702,767,-65
123000067,2082,980,1102
123000068,2967,2918,49
123000069,4136,1653,2483
123000070,278,794,-516
123000071,4209,1197,3012
123000072,2149,898,1251
123000073,5256,1269,3987
123000074,2458,1852,606
123000075,817,3897,-3080
123000076,1512,703,809
123000077,3959,1829,2130
123000078,6070,1975,4095
123000079,5129,2658,2471
123000080,5233,1489,3744
123000081,427,812,-385
123000082,517,1105,-588
123000083,2351,341,2010
123000084,1703,862,841
123000085,1048,191,857
123000086,2389,202,2187
123000087,802,320,482
123000088,2459,664,1795
123000089,2344,1902,442
123000090,3304,1240,2064
123000091,3795,2387,1408
123000092,2057,2378,-321
123000094,1600,331,1269
123000095,1975,1170,805
123000096,2374,703,1671
123000097,1914,468,1446
123000098,2285,816,1469
123000099,1893,482,1411
123000100,500,1421,-921
123000101,625,679,-54
123000102,1146,1746,-600
123000104,804,853,-49
123000105,639,491,148
123000106,1091,693,398
123000107,550,406,144
123000108,838,1428,-590
123000111,2422,742,1680
123000112,2771,607,2164
123000113,1186,954,232
123000114,714,1352,-638
123000115,581,724,-143
123000116,108,261,-153
123000117,4034,2140,1894
123000118,967,601,366
123000119,495,676,-181
123000120,572,1148,-576
123000121,1244,1220,24
123000122,684,637,47
123000123,1141,824,317
123000124,799,493,306
123000125,2606,2082,524
123000126,1935,9736,-7801
123000127,628,769,-141
123000128,483,536,-53
123000129,1867,366,1501
123000130,2297,171,2126
123000131,3106,1793,1313
123000132,872,1136,-264
123000133,412,592,-180
123000134,488,188,300
123000135,5198,1818,3380
123000136,285,593,-308
123000137,270,294,-24
123000138,314,433,-119
123000139,1192,331,861
123000140,74,582,-508
123000141,1159,178,981
123000142,1764,1367,397
123000143,1397,3197,-1800
123000144,15,84,-69
123000145,289,449,-160
123000146,12,315,-303
123000147,83,364,-281
123000149,482,573,-91
123000150,196,525,-329
123000151,267,901,-634
123000152,44,1236,-1192
123000153,228,1208,-980
123000154,1987,3169,-1182
123000155,3199,3079,120
123000156,65,128,-63
123000157,1642,1725,-83
123000158,1016,1640,-624
123000159,5339,9101,-3762
123000160,2190,2885,-695
123000161,2678,1928,750
123000162,3404,3297,107
123000163,1578,491,1087
123000164,4125,313,3812
123000165,439,1462,-1023
123000166,107,156,-49
123000167,342,458,-116
123000168,692,288,404
123000169,2248,316,1932
123000170,284,168,116
123000171,2622,28,2594
123000172,185,819,-634
123000173,1227,984,243
123000174,1358,760,598
123000175,692,1304,-612
123000176,1858,624,1234
123000177,715,1016,-301
123000178,2225,342,1883
123000179,84,1142,-1058
123000180,2959,789,2170
123000181,407,1124,-717
123000182,386,533,-147
123000183,334,988,-654
123000184,55,807,-752
123000185,2062,1249,813
123000186,17,468,-451
123000187,1228,19,1209
123000188,839,3,836
123000189,526,270,256
123000190,104,90,14
123000192,4,436,-432
123000193,17,710,-693
123000194,453,277,176
123000195,849,21,828
123000196,1005,88,917
123000197,187,208,-21
123000198,123,484,-361
123000199,16,543,-527
123000200,1359,14,1345
123000201,2701,44,2657
123000202,22,468,-446
123000203,2746,54,2692
123000204,79,531,-452
123000205,183,643,-460
123000206,5163,295,4868
123000207,86,872,-786
123000208,1559,280,1279
123000209,3346,1083,2263
123000210,142,1878,-1736
123000211,533,1815,-1282
123000212,8223,638,7585
123000213,1216,84,1132
123000215,121,434,-313
123000216,286,2636,-2350
123000217,506,88,418
123000218,21,901,-880
123000219,1590,181,1409
123000220,1152,184,968
123000221,258,434,-176
123000222,588,396,192
123000223,1057,277,780
123000224,998,547,451
123000225,471,108,363
123000226,242,1049,-807
123000227,130,345,-215
123000228,721,50,671
123000229,909,1699,-790
123000232,233,616,-383
123000233,1495,257,1238
123000234,160,816,-656
123000235,2655,416,2239
123000236,572,683,-111
123000237,878,235,643
123000238,113,532,-419
123000239,509,821,-312
123000240,181,2065,-1884
123000241,663,219,444
123000242,158,384,-226
123000243,1105,1397,-292
123000244,1202,590,612
123000245,71,293,-222
123000249,635,1263,-628
123000252,1452,750,702
123000253,2904,1244,1660
123000254,1245,1038,207
123000255,1784,1241,543
123000256,40,180,-140
123000257,3684,1343,2341
123000258,1463,735,728
123000259,951,617,334
123000260,1432,364,1068
123000261,692,257,435
123000262,71,219,-148
123000263,919,95,824
123000264,275,127,148
123000265,35,180,-145
123000266,763,613,150
123000267,1200,511,689
123000268,72,149,-77
123000269,76,169,-93
123000270,56,136,-80
123000271,62,96,-34
123000272,1360,589,771
123000273,498,2137,-1639
123000274,2119,1715,404
123000275,317,1287,-970
123000278,2436,7209,-4773
123000279,516,133,383
123000280,510,552,-42
123000281,629,381,248
123000282,214,658,-444
123000283,381,196,185
123000284,85,127,-42
123000286,170,1038,-868
123000287,710,906,-196
123000288,1132,2281,-1149
123000289,333,2856,-2523
123000291,304,2079,-1775
123000294,179,402,-223
123000295,971,1924,-953
123000296,1214,959,255
123000297,1680,617,1063
123000298,2783,531,2252
123000299,320,208,112
123000300,2873,1773,1100
123000301,201,766,-565
123000302,354,168,186
123000303,161,769,-608
123000305,1850,1377,473
123000306,493,91,402
123000309,86,143,-57
123000310,120,115,5
123000311,0,345,-345
123000312,893,590,303
123000313,1104,1192,-88
123000315,304,537,-233
123000316,1516,1326,190
123000317,415,217,198
123000318,163,450,-287
123000329,12,27,-15
123000337,508,545,-37
123000338,136,421,-285
123000339,680,32,648
123000340,164,425,-261
123000342,7,248,-241
123000343,429,55,374
123000344,686,249,437
123000345,565,526,39
123000346,1206,133,1073
123000352,3019,1571,1448
123000353,147,210,-63
123000354,784,9,775
123000355,0,419,-419
123000356,883,16,867
123000357,9,157,-148
123000359,44,64,-20
123000360,584,467,117
123000361,855,320,535
123000362,684,203,481
123000363,299,296,3
123000364,918,1031,-113
123000365,18,485,-467
123000366,679,5824,-5145
123000367,564,610,-46
123000370,39,1903,-1864
123000371,902,261,641
123000372,754,164,590
123000373,33,604,-571
123000374,19,129,-110
123000375,955,106,849
123000376,1797,1842,-45
123000377,1023,34,989
123000378,7,453,-446
123000379,17,801,-784
123000380,43,640,-597
123000381,87,280,-193
123000382,1242,198,1044
123000383,289,1503,-1214
123000384,1609,536,1073
123000385,430,1418,-988
123000436,154,2617,-2463
123000507,140,252,-112
123000508,313,2468,-2155
123000517,346,16,330
123000518,31,153,-122
123000519,378,113,265
123000520,101,105,-4
123000521,1316,123,1193
123000522,247,286,-39
123000541,12,6,6
123000542,0,9,-9
123000565,1972,101,1871
123000566,1157,268,889
123000567,344,103,241
123000573,96,1135,-1039
123000574,1493,96,1397
123000575,3480,546,2934
123000576,1143,1360,-217
123000577,136,1544,-1408
123000578,775,325,450
123000579,1422,12411,-10989
123000580,295,213,82
123000582,912,65,847
123000583,37,438,-401
123000584,297,476,-179
123000585,0,65,-65
123000586,382,0,382
123000596,123,173,-50
123000597,153,342,-189
123000602,313,21,292
123000603,2889,759,2130
123000604,1942,509,1433
123000605,1775,49,1726
123000606,2,1083,-1081
123000609,60,595,-535
123000610,183,95,88
123000613,181,144,37
123000614,532,91,441
123000615,229,198,31
123000616,1418,96,1322
123000617,125,410,-285
123000618,57,962,-905
123000619,657,76,581
123000620,23,415,-392
123000622,827,33,794
123000624,541,131,410
123000630,4350,942,3408
123000631,504,789,-285
123000632,1246,1088,158
123000633,0,634,-634
123000634,135,1082,-947
123000635,227,384,-157
123000636,68,848,-780
123000637,397,34,363
123000638,1464,73,1391
123000639,1460,12352,-10892
123000640,31,507,-476
123000648,1215,170,1045
123000649,59,734,-675
123900001,1739,132,1607
123900002,50,2545,-2495
123900003,131,872,-741
123900005,545,556,-11
123900006,1130,307,823
124000001,3552,286,3266
124000002,41,1474,-1433
124000003,2121,264,1857
124000004,64,427,-363
124000005,1970,2980,-1010
124000006,278,676,-398
124000007,2005,178,1827
124000008,9,867,-858
124000009,1386,982,404
124000010,580,650,-70
124000011,1430,1483,-53
124000012,326,400,-74
124000017,549,151,398
124000018,240,142,98
124000019,626,315,311
124000020,54,135,-81
124000021,330,216,114
124000022,75,218,-143
124000023,2454,2526,-72
124000024,1580,660,920
124000025,1950,2364,-414
124000026,1275,1181,94
124000027,4189,5000,-811
124000028,1907,3942,-2035
124000030,1979,1529,450
124000031,2307,16250,-13943
124000032,2834,1015,1819
124000033,1529,1698,-169
124000034,894,1206,-312
124000035,812,288,524
124000036,332,662,-330
124000037,417,1242,-825
124000038,4,273,-269
124000039,385,377,8
124000040,223,973,-750
124000041,1116,437,679
124000042,159,362,-203
124000043,235,357,-122
124000044,53,435,-382
124000045,3194,669,2525
124000046,300,1121,-821
124000047,4699,996,3703
124000048,1389,944,445
124000049,3389,595,2794
124000050,1490,1281,209
124000051,2349,603,1746
124000052,896,918,-22
124000053,679,4453,-3774
124000054,791,454,337
124000055,1376,11116,-9740
124000056,2432,1084,1348
124000057,2554,559,1995
124000058,1436,1392,44
124000059,2129,1683,446
124000060,758,659,99
124000061,2345,9327,-6982
124000062,3940,1316,2624
124000063,1740,989,751
124000064,1991,1196,795
124000065,84,1248,-1164
124000066,452,200,252
124000067,196,224,-28
124000068,205,300,-95
124000069,901,228,673
124000070,638,336,302
124000071,245,319,-74
124000072,419,741,-322
124000073,1529,221,1308
124000074,280,611,-331
124000075,848,71,777
124000076,58,92,-34
124000077,294,851,-557
124000078,1647,1941,-294
124000079,366,1701,-1335
124000080,1882,489,1393
124000081,344,1134,-790
124000082,193,314,-121
124000083,97,183,-86
124000084,60,2053,-1993
124000085,130,47,83
124000086,13,478,-465
124000087,126,272,-146
124000088,177,727,-550
124000089,1153,342,811
124000090,486,314,172
124000091,1466,321,1145
124000092,630,1097,-467
124000093,208,145,63
124000094,229,671,-442
124000095,227,136,91
124000096,357,165,192
124000097,364,260,104
124000098,329,140,189
124000099,293,126,167
124000100,134,155,-21
124000101,252,250,2
124000102,125,46,79
124000103,423,394,29
124000104,214,56,158
124000105,307,357,-50
124000106,206,51,155
124000107,33,392,-359
124000108,85,14,71
124000109,280,146,134
124000110,74,111,-37
124000111,523,140,383
124000112,1151,664,487
124000113,310,180,130
124000114,722,506,216
124000115,352,863,-511
124000116,205,338,-133
124000117,54,105,-51
124000118,85,136,-51
124000119,1484,1758,-274
124000120,1013,1302,-289
124000121,2038,1546,492
124000122,684,2001,-1317
124000123,1029,602,427
124000124,458,704,-246
124000125,595,460,135
124000126,362,418,-56
124000127,1433,485,948
124000128,1058,714,344
124000129,1909,1711,198
124000130,537,516,21
124000131,1011,1024,-13
124000132,625,942,-317
124000133,2147,1322,825
124000134,1289,869,420
124000135,2315,2877,-562
124000136,878,1040,-162
124000137,1533,1945,-412
124000138,1053,1339,-286
124000139,1072,585,487
124000140,64,1821,-1757
124000141,1546,47,1499
124000142,48,596,-548
124000143,157,48,109
124000144,14,170,-156
124000145,139,370,-231
124000146,34,396,-362
124000148,17,95,-78
124000149,1836,419,1417
124000150,295,1798,-1503
124000151,2103,713,1390
124000152,1158,1559,-401
124000153,1528,1083,445
124000154,842,751,91
124000155,1635,1065,570
124000156,1142,1075,67
124000169,246,1373,-1127
124000170,1697,1025,672
124000171,552,1056,-504
124000172,428,896,-468
124000173,1435,488,947
124000174,786,699,87
124000175,20,181,-161
124000176,52,54,-2
124000177,8,63,-55
124000178,83,64,19
124000185,127,43,84
124000186,3,45,-42
124000187,2,64,-62
124000188,187,17,170
124000190,221,131,90
124000191,198,644,-446
124000192,1738,1241,497
124000193,273,6483,-6210
124000194,422,476,-54
124000195,556,736,-180
124000196,902,1141,-239
124000197,84,48,36
124000198,110,127,-17
124000201,100,695,-595
124000202,1060,164,896
124000203,1399,230,1169
124000204,2734,647,2087
124000205,160,445,-285
124000206,2031,398,1633
124000207,0,17,-17
124000209,272,258,14
124000210,1603,253,1350
124000211,1736,4,1732
124000212,0,176,-176
124000213,1194,126,1068
124000214,1181,337,844
124000215,1135,17,1118
124000216,6,260,-254
124000329,287,1095,-808
124000338,273,729,-456
124000339,3820,64,3756
124000341,4209,89,4120
124000344,173,95,78
124000357,1590,5995,-4405
124000358,809,3039,-2230
124000359,1751,1516,235
124000360,1814,1005,809
124000361,2935,1740,1195
124000362,2370,3779,-1409
124000363,687,405,282
124000364,946,639,307
124000365,1219,1383,-164
124000366,4156,939,3217
124000367,104,503,-399
124000368,655,2984,-2329
124000369,63,193,-130
124000370,100,1249,-1149
124000402,77,32,45
124000403,350,105,245
124000404,6,60,-54
124000405,907,833,74
124000406,619,529,90
124000407,3,28,-25
124000411,1,457,-456
124000412,809,13,796
124000413,214,588,-374
124000414,217,148,69
124000415,157,43,114
124000416,280,245,35
124000417,578,166,412
124000418,542,48,494
124000419,146,80,66
124000420,320,52,268
124000421,119,47,72
124000422,54,12,42
124000423,143,77,66
124000424,16,45,-29
124000425,165,55,110
124000426,4,94,-90
124000427,429,14,415
124000428,3,833,-830
124000429,281,44,237
124000430,1308,677,631
124000431,566,586,-20
124000432,543,1517,-974
124000439,22,2,20
124000443,3,10,-7
124000445,263,5840,-5577
124000446,1365,954,411
124000447,39,559,-520
124000448,238,9,229
124000449,479,9,470
124000450,20,124,-104
124000451,6,33,-27
124900001,1592,388,1204
124900002,350,251,99
124900003,2201,479,1722
124900004,1891,385,1506
124900005,195,72,123
124900006,1618,404,1214
124900008,831,567,264
124900009,169,561,-392
124900010,380,223,157
124900011,1393,451,942
124900012,429,128,301
124900013,1011,164,847
124900014,344,211,133
124900015,287,432,-145
124900016,170,257,-87
124900017,534,5809,-5275
124900018,285,9,276
124900020,305,62,243
124900021,623,182,441
124900022,66,2,64
124900024,997,8,989
124900026,56,27,29
124900027,170,508,-338
124900028,314,98,216
124900029,31,1045,-1014
124900030,5,61,-56
124900031,23,204,-181
124900032,456,274,182
124900033,169,240,-71
124900034,18,339,-321
124900035,168,184,-16
124900036,1,149,-148
124900037,207,126,81
124900038,147,233,-86
124900039,2,127,-125
124900040,155,100,55
124900041,512,943,-431
124900042,43,6,37
124900043,825,565,260
124900044,115,3,112
124900045,323,1155,-832
124900047,77,212,-135
124900048,472,101,371
124900050,307,139,168
124900052,181,184,-3
124900053,240,502,-262
124900054,1193,616,577
124900055,0,82,-82
124900057,7,129,-122
124900060,51,372,-321
124900061,207,3,204
124900062,365,12,353
124900066,0,1,-1
124900067,3,94,-91
124900068,254,1240,-986
124900070,57,55,2
124900072,310,34,276
124900075,1517,238,1279
124900076,53,4950,-4897
124900077,43,117,-74
124900078,147,8,139
124900079,252,347,-95
124900080,719,280,439
124900081,2375,264,2111
124900082,522,587,-65
124900083,544,405,139
124900085,602,604,-2
124900086,44,1388,-1344
124900087,363,161,202
124900088,120,125,-5
124900089,652,13,639
124900090,1014,358,656
124900091,503,302,201
124900092,509,248,261
124900093,1017,258,759
124900094,1683,339,1344
124900095,239,1030,-791
124900096,378,151,227
124900097,1131,60,1071
124900098,228,264,-36
124900099,148,714,-566
124900100,954,47,907
124900101,318,250,68
124900102,969,18,951
124900103,321,143,178
124900104,160,187,-27
124900105,264,184,80
124900106,471,67,404
124900107,237,39,198
124900108,311,163,148
124900111,3,127,-124
124900112,324,213,111
124900113,55,374,-319
124900114,113,362,-249
124900115,74,400,-326
124900116,553,814,-261
124900117,235,363,-128
124900118,106,2765,-2659
124900119,726,368,358
124900120,48,277,-229
124900121,72,878,-806
124900122,297,225,72
124900123,188,134,54
124900124,64,339,-275
204000001,437,31,406
204000002,69,31,38
204000003,13,18,-5
204000004,6,15,-9
204000005,748,648,100
204000006,1624,1805,-181
204000011,14,64,-50
204000012,125,106,19
204000019,2051,507,1544
204000020,1945,1198,747
204000021,3120,1753,1367
204000022,2334,881,1453
204000023,1029,570,459
204000031,93,18,75
204000032,396,36,360
204000034,108,161,-53
204000035,6,9,-3
204000036,11,83,-72
204000037,1,73,-72
204000038,2,21,-19
204000039,5,24,-19
204000040,4,49,-45
204000041,6,110,-104
204000042,77,41,36
204000043,39,20,19
204000044,108,9,99
204000045,111,2,109
204000046,21,9,12
204000057,17,10,7
204000062,54,40,14
204000068,116,1530,-1414
204000069,203,1273,-1070
204000070,89,206,-117
204000080,328,187,141
204000085,1512,1408,104
204000086,3550,1620,1930
204000087,92,13,79
204000088,27,131,-104
204000090,386,325,61
204000093,1010,136,874
204000096,3029,1344,1685
204000097,936,22,914
204000099,1744,4020,-2276
204000100,2609,2056,553
204000105,2202,932,1270
204000110,750,1613,-863
204000111,1199,937,262
204000112,981,1058,-77
204000113,442,1154,-712
204000114,1861,2099,-238
204000115,2823,1327,1496
204000116,1083,1864,-781
204000119,4065,2867,1198
204000132,1389,878,511
204000133,1470,178,1292
204000134,398,41,357
204000135,1028,47,981
204000136,692,479,213
204000138,498,1641,-1143
204000140,524,193,331
204000141,287,89,198
204000144,1,28,-27
204000145,971,77,894
204000146,40,251,-211
204000147,40,979,-939
204000148,517,193,324
204000154,12,16,-4
204000155,1,10,-9
204000177,83,383,-300
204000179,73,41,32
204000180,1,87,-86
204000222,3,15,-12
204000235,181,47,134
204000236,37,357,-320
204000238,9,39,-30
204000240,616,89,527
204000263,1067,1669,-602
204000268,1006,583,423
204000308,335,104,231
204000317,65,221,-156
204000322,99,198,-99
204000323,19,4,15
204000328,359,108,251
204000329,221,142,79
204000330,454,59,395
204000331,449,234,215
205000001,1072,1399,-327
205000013,153,259,-106
205000014,184,160,24
205000015,309,73,236
205000016,192,240,-48
205000017,113,86,27
205000022,477,584,-107
205000025,2417,790,1627
205000029,733,44,689
205000045,442,438,4
205000046,448,811,-363
205000047,235,383,-148
205000048,900,615,285
205000049,339,643,-304
205000050,1484,386,1098
205000059,1,835,-834
205000060,1,1480,-1479
205000061,15,2864,-2849
205000062,6,2258,-2252
205000063,78,2412,-2334
205000064,176,727,-551
205000065,889,900,-11
205000066,436,532,-96
205000067,269,606,-337
205000069,226,31,195
205000082,334,359,-25
205000110,163,242,-79
205000111,230,211,19
205000112,193,144,49
205000113,103,305,-202
205000121,307,157,150
205000123,188,243,-55
205000126,1184,121,1063
205000127,1368,172,1196
205000128,749,79,670
205000129,1397,97,1300
205000130,272,36,236
205000131,79,65,14
205000132,81,26,55
205000133,96,1,95
205000134,545,2,543
205000137,625,83,542
205000138,652,392,260
205000139,82,328,-246
205000144,162,162,0
205000145,357,503,-146
205000151,334,77,257
205000152,206,112,94
205000153,452,135,317
205000154,135,149,-14
205000155,250,28,222
205000207,5,155,-150
205000233,60,0,60
205000234,0,3,-3
205000243,0,1,-1
205000244,0,12,-12
205000245,23,348,-325
205000249,0,30,-30
205000250,10,1,9
205000264,54,127,-73
206000027,0,24,-24
206000028,13,24,-11
206000043,9,72,-63
206000053,6,14,-8
206000054,0,39,-39
206000055,1,37,-36
206000075,43,30,13
206000076,33,18,15
206000077,34,34,0
206000078,12,24,-12
206000079,39,21,18
206000082,366,164,202
206000100,17,870,-853
206000103,2,8,-6
206000104,14,48,-34
206000105,19,33,-14
206000106,7,22,-15
206000125,241,0,241
206000157,25,491,-466
206000170,0,199,-199
206000171,23,281,-258
206000172,49,216,-167
206000173,1,158,-157
206000174,35,46,-11
206000175,5,88,-83
206000176,60,130,-70
206000177,2,61,-59
206000178,1,622,-621
206000179,2,700,-698
206000180,6,120,-114
206000181,9,34,-25
206000182,10,52,-42
206000183,17,136,-119
206000184,2,99,-97
206000185,39,54,-15
206000186,216,332,-116
206000223,22,835,-813
206000226,56,6,50
206000227,41,24,17
206000237,56,179,-123
206000238,75,286,-211
206000239,358,2036,-1678
206000240,0,64,-64
206000241,1,72,-71
206000242,47,240,-193
206000243,62,59,3
206000244,133,185,-52
206000245,2132,208,1924
206000246,793,36,757
206000247,790,9,781
206000248,879,171,708
206000252,113,104,9
206000258,11,41,-30
206000315,87,30,57
206000317,674,178,496
206000318,974,97,877
206000319,3424,154,3270
206000320,905,93,812
206000321,877,19,858
206000322,1453,81,1372
206000323,500,13,487
206000324,564,71,493
206000325,299,63,236
206000326,386,59,327
206000327,111,80,31
206000328,351,32,319
206000329,733,44,689
206000330,156,49,107
206000331,614,33,581
206000332,79,13,66
206000333,2237,1,2236
206000334,1094,1,1093
206000335,0,53,-53
206000361,9,196,-187
206000392,1,14,-13
206000405,202,0,202
206000441,184,51,133
206000498,76,3,73
206000515,50,87,-37
206000530,548,195,353
206000531,297,490,-193
206000532,1253,874,379
206000535,194,4967,-4773
206000536,13,120,-107
206000537,26,179,-153
206000613,887,258,629
206000784,860,106,754
207000001,260,526,-266
207000002,232,574,-342
207000003,276,240,36
207000007,2866,375,2491
207000008,612,32,580
207000009,207,78,129
207000010,769,439,330
207000012,742,260,482
207000015,494,910,-416
207000019,487,123,364
207000021,447,544,-97
207000022,472,282,190
207000023,347,215,132
207000024,6,53,-47
207000025,19,234,-215
207000026,143,44,99
207000027,29,81,-52
207000028,80,240,-160
207000029,243,656,-413
207000033,334,318,16
207000034,526,119,407
207000039,1005,83,922
207000040,1129,80,1049
207000041,142,589,-447
207000042,375,132,243
207000043,356,281,75
207000051,238,376,-138
207000052,11,406,-395
207000053,475,420,55
207000054,70,134,-64
207000055,349,141,208
207000056,344,429,-85
207000057,203,203,0
207000058,343,353,-10
207000059,198,281,-83
207000060,86,447,-361
207000061,124,1540,-1416
207000062,1161,73,1088
207000063,1234,324,910
207000064,555,195,360
207000065,496,304,192
207000066,869,216,653
207000067,81,121,-40
207000068,278,95,183
207000069,1261,331,930
207000082,41,227,-186
207000083,208,277,-69
207000084,953,541,412
207000085,654,111,543
207000086,764,12,752
207000106,161,52,109
207000107,280,43,237
207000108,270,7,263
207000109,214,15,199
207000110,90,221,-131
207000111,65,225,-160
207000112,151,2461,-2310
207000114,102,39,63
207000115,88,111,-23
207000116,77,483,-406
207000117,20,157,-137
207000118,5,190,-185
207000119,49,68,-19
207000123,613,22,591
207000124,266,38,228
207000125,136,41,95
207000126,74,85,-11
207000134,412,254,158
207000135,107,547,-440
207000148,118,943,-825
207000149,135,45,90
207000152,205,657,-452
207000153,360,692,-332
207000154,662,313,349
207000159,336,190,146
207000160,434,272,162
207000238,0,217,-217
207000242,5,125,-120
207000248,92,70,22
207000249,284,49,235
207000250,845,208,637
207000251,268,196,72
207000252,44,66,-22
207000278,290,186,104
207000279,102,147,-45
207000280,1504,89,1415
207000281,275,426,-151
207000282,41,785,-744
207000283,46,241,-195
207000284,29,2303,-2274
207000285,147,120,27
207000291,43,102,-59
207000304,61,118,-57
207000306,84,393,-309
207000310,232,166,66
207000353,238,0,238
207000356,36,144,-108
207000357,4,31,-27
207000358,0,35,-35
207000415,14,126,-112
207000417,119,22,97
207000418,169,118,51
207000438,0,2,-2
207000439,542,359,183
207000446,396,14,382
207000460,272,22,250
207000466,250,184,66
207000467,826,128,698
207000468,146,204,-58
207000476,2,19,-17
207000477,930,19,911
207000478,1,61,-60
207000523,0,25,-25
207000524,218,0,218
207000527,405,169,236
207000530,1795,5,1790
207000531,692,37,655
207000532,189,199,-10
207000534,260,57,203
207000535,12,572,-560
207000537,17,216,-199
207000540,13,146,-133
207000541,8,172,-164
207000548,3,756,-753
207000549,1169,118,1051
207000561,536,304,232
207000562,68,218,-150
207000567,161,216,-55
207000568,673,62,611
207000569,1701,163,1538
207000584,86,267,-181
207000585,35,422,-387
207000587,456,209,247
207000616,0,207,-207
207000617,205,0,205
207000624,199,44,155
207000631,32,452,-420
207900008,842,138,704
208000001,1103,2124,-1021
208000002,1553,1257,296
208000003,1338,709,629
208000004,1643,2126,-483
208000005,3,206,-203
208000019,1878,664,1214
208000020,515,330,185
208000021,514,535,-21
208000022,1366,459,907
208000028,1401,2152,-751
208000033,803,383,420
208000034,1061,1711,-650
208000037,1332,75,1257
208000040,553,231,322
208000041,1519,874,645
208000042,2423,794,1629
208000047,200,239,-39
208000064,2831,2636,195
208000066,1698,2150,-452
208000070,1032,599,433
208000071,1365,331,1034
208000072,1426,852,574
208000080,520,1374,-854
208000081,839,211,628
208000082,1046,354,692
208000083,419,342,77
208000084,9,132,-123
208000085,1060,833,227
208000086,1002,1765,-763
208000087,676,1123,-447
208000089,1778,429,1349
208000090,1768,637,1131
208000093,51,280,-229
208000094,1044,312,732
208000095,1269,843,426
208000104,2492,608,1884
208000105,1390,1318,72
208000114,174,597,-423
208000115,773,518,255
208000116,2267,2329,-62
208000117,45,242,-197
208000118,273,460,-187
208000155,1159,1951,-792
208000158,2649,3851,-1202
208000186,1224,3001,-1777
208000204,1380,2239,-859
208000205,2890,1314,1576
208000282,1282,1470,-188
209000004,1304,392,912
209000005,155,502,-347
209000006,498,804,-306
209000007,684,915,-231
209000010,504,707,-203
209000011,235,453,-218
209000012,372,604,-232
209000013,506,581,-75
209000014,922,807,115
209000025,1063,183,880
209000026,1765,338,1427
209000027,556,472,84
209000028,477,388,89
209000029,1083,3152,-2069
209000030,1086,3579,-2493
209000031,7479,2688,4791
209000034,404,800,-396
209000035,297,768,-471
209000036,655,442,213
209000037,749,604,145
209000038,290,373,-83
209000039,147,206,-59
209000040,410,868,-458
209000041,356,657,-301
209000042,958,389,569
209000043,671,976,-305
209000044,439,984,-545
209000045,922,276,646
209000046,985,345,640
209000047,621,360,261
209000048,750,752,-2
209000049,153,57,96
209000050,285,118,167
209000051,533,236,297
209000052,317,369,-52
209000062,255,103,152
209000063,116,75,41
209000064,86,34,52
209000065,317,115,202
209000066,200,76,124
209000067,331,82,249
209000080,30,301,-271
209000082,99,99,0
209000091,75,119,-44
209000093,80,172,-92
209000094,100,322,-222
209000110,77,306,-229
209000111,669,3346,-2677
209000112,1840,1334,506
209000113,3293,2637,656
209000114,1390,1741,-351
209000115,169,169,0
209000116,876,436,440
209000118,32,201,-169
209000119,46,191,-145
209000121,205,598,-393
209000135,24,171,-147
209000142,1307,5112,-3805
209000143,47,318,-271
209000144,84,956,-872
209000229,347,120,227
209000240,102,387,-285
209000259,99,176,-77
209000260,45,736,-691
209000261,10,278,-268
209000262,9,308,-299
209000263,1,1157,-1156
209000264,2,302,-300
209000265,557,22,535
209000266,157,1,156
209000267,2067,10,2057
209000268,621,100,521
210000037,261,236,25
210000047,200,54,146
210000048,168,54,114
210000049,265,9,256
210000052,118,87,31
210000053,50,33,17
210000054,57,88,-31
210000070,315,14,301
210000071,262,1,261
210000072,147,0,147
210000073,0,84,-84
210000074,1,152,-151
210000075,1,348,-347
210000076,36,344,-308
210000077,7,484,-477
210000078,60,427,-367
210000079,23,203,-180
210000080,65,580,-515
210000081,337,25,312
210000082,46,10,36
210000083,187,0,187
210000084,123,1,122
210000085,0,513,-513
210000086,2,187,-185
210000099,119,267,-148
210000100,135,198,-63
210000101,250,181,69
210000105,25,429,-404
210000159,0,383,-383
210000163,82,300,-218
210000164,663,373,290
210000168,869,119,750
210000187,0,70,-70
210000188,1,100,-99
210000214,9,0,9
210000219,88,82,6
210000220,233,56,177
210000232,7,31,-24
210000233,19,52,-33
210000234,76,68,8
210000235,139,56,83
210000245,0,147,-147
210000246,80,0,80
210000258,71,78,-7
210000259,467,157,310
210000282,111,386,-275
210000285,0,173,-173
210000286,37,130,-93
210000290,5,13,-8
210000295,96,237,-141
210000296,164,71,93
210000320,490,49,441
210000321,329,23,306
210000338,115,170,-55
210000339,205,931,-726
210000340,252,352,-100
210000341,467,331,136
210000342,416,252,164
210000343,234,367,-133
210000344,153,379,-226
210000345,253,625,-372
210000346,131,314,-183
210000347,76,402,-326
210000348,191,314,-123
210000349,122,166,-44
210000350,249,449,-200
210000351,335,202,133
210000352,45,69,-24
210000353,66,66,0
210000354,76,113,-37
210000355,83,580,-497
210000356,16,661,-645
210000357,50,838,-788
210000358,1194,679,515
210000359,137,1328,-1191
210000360,493,1126,-633
210000361,497,458,39
210000362,644,366,278
210000363,1514,433,1081
210000364,665,265,400
210000365,512,109,403
210000366,582,80,502
210000367,351,76,275
210000368,455,42,413
210000369,108,371,-263
210000370,203,448,-245
210000372,95,163,-68
210000373,57,511,-454
210000374,130,528,-398
210000375,49,73,-24
210000376,92,682,-590
210000404,78,146,-68
210000439,121,41,80
210000472,63,10,53
210000482,189,181,8
210000564,396,299,97
210000567,3,89,-86
210000568,373,2,371
211000092,117,21,96
211000094,23,3,20
211000169,401,5,396
211000172,27,171,-144
211000209,2,99,-97
211000226,54,67,-13
211000270,138,15,123
211000275,33,38,-5
211000276,212,27,185
211000279,39,95,-56
211000281,187,36,151
211000302,94,32,62
211507980,1,169,-168
211977296,42,2,40
212000003,553,240,313
212000004,21,180,-159
212000005,25,239,-214
212000006,102,301,-199
212000008,309,347,-38
212000009,116,182,-66
212000012,250,82,168
212000013,58,39,19
212000014,604,141,463
212000015,735,172,563
212000016,873,381,492
212000027,695,355,340
212000028,458,386,72
212000029,283,296,-13
212000030,71,22,49
212000031,84,79,5
212000048,111,716,-605
212000049,29,364,-335
212000050,20,25,-5
212000051,549,93,456
212000052,500,173,327
212000053,404,210,194
212000054,815,102,713
212000055,547,140,407
212000056,38,52,-14
212000057,2,38,-36
212000058,370,82,288
212000070,306,111,195
212000077,334,234,100
212000099,553,239,314
212000108,448,712,-264
212000111,644,209,435
212000120,290,328,-38
212000138,366,125,241
212000156,5,43,-38
212000158,8,32,-24
212000159,1019,144,875
212000160,821,230,591
212000161,160,14,146
212000310,88,11,77
212000311,9,82,-73
212000374,67,10,57
213000001,19,560,-541
213000005,873,606,267
213000006,887,510,377
213000007,95,49,46
213000009,371,330,41
213000010,557,332,225
213000011,335,279,56
213000012,364,318,46
213000014,239,58,181
213000015,547,32,515
213000016,940,5,935
213000017,188,0,188
213000018,0,62,-62
213000019,3,397,-394
213000020,173,195,-22
213000021,5,54,-49
213000023,602,655,-53
213000033,570,1926,-1356
213000034,450,332,118
213000035,223,509,-286
213000045,293,370,-77
213000046,125,124,1
213000047,402,1015,-613
213000056,270,88,182
213000069,565,99,466
213000073,0,56,-56
213000074,147,883,-736
213000075,1145,3,1142
213000076,21,1,20
213000085,1,17,-16
213000086,10,177,-167
213000091,499,17,482
213000092,53,36,17
213000099,504,1491,-987
213000100,1208,781,427
213000101,1642,119,1523
213000102,1623,151,1472
213000103,942,469,473
213000104,41,261,-220
213000105,115,2487,-2372
213000106,64,459,-395
213000107,251,493,-242
213000108,57,517,-460
213000109,12,304,-292
213000110,5,139,-134
213000111,2,98,-96
213000112,49,137,-88
213000115,62,4,58
213000116,68,689,-621
213000117,15,560,-545
213000118,2195,505,1690
213000119,70,558,-488
213000120,115,372,-257
213000122,273,410,-137
213000123,224,521,-297
213000124,547,566,-19
213000125,203,75,128
213000126,163,366,-203
213000127,76,236,-160
213000128,135,663,-528
213000129,269,2913,-2644
213000130,1794,1570,224
213000132,1505,455,1050
213000133,2356,191,2165
213000134,3627,21,3606
213000136,898,35,863
213000137,945,106,839
213000139,733,70,663
213000147,25,43,-18
213000148,25,114,-89
213000149,16,166,-150
213000150,6,1217,-1211
213000151,4,482,-478
213000152,5,563,-558
213000153,7,256,-249
213000154,210,772,-562
213000155,47,743,-696
213000156,271,508,-237
213000157,1916,302,1614
213000158,688,762,-74
213000159,894,629,265
213000163,2955,379,2576
213000165,937,396,541
213000171,0,50,-50
213000172,3,88,-85
213000173,3,57,-54
213000174,1,46,-45
213000175,5,16,-11
213000176,169,65,104
213000177,168,7,161
213000178,414,6,408
213000179,517,2,515
213000180,534,2,532
213000184,152,610,-458
213000188,681,151,530
213000189,1092,118,974
213000190,662,475,187
213000191,900,201,699
213000192,501,143,358
213000193,1257,307,950
213000194,10,317,-307
213000195,85,408,-323
213000196,613,2753,-2140
213000197,820,1448,-628
213000198,47,9,38
213000200,143,607,-464
213000201,49,123,-74
213000202,25,810,-785
213000203,2342,407,1935
213000204,1591,94,1497
213000205,522,90,432
213000206,1323,72,1251
213000207,58,5,53
213000208,54,9,45
213000209,168,8,160
213000210,378,8,370
213000211,11,100,-89
213000212,42,187,-145
213000213,23,114,-91
213000218,649,638,11
213000219,2196,157,2039
213000220,2150,25,2125
213000223,427,341,86
213000224,24,104,-80
213000225,116,25,91
213000226,106,33,73
213000227,1994,226,1768
213000228,1385,674,711
213000229,177,129,48
213000230,1687,15,1672
213000232,219,18,201
213000233,85,315,-230
213000234,5,57,-52
213000293,29,145,-116
213000294,135,134,1
213000295,47,119,-72
213000296,209,50,159
213000297,4,89,-85
213000298,9,183,-174
213000299,177,31,146
213000300,2,13,-11
213000303,16,19,-3
213000304,0,4,-4
213000305,10,95,-85
213000306,136,1202,-1066
213000307,121,771,-650
213000308,180,229,-49
213000309,328,78,250
213000310,362,217,145
213000311,232,718,-486
213000315,230,403,-173
213000316,481,244,237
213000322,153,34,119
213000323,197,109,88
213000324,98,9,89
213000325,83,31,52
213000326,18,5,13
213000327,7,16,-9
213000328,41,72,-31
213000329,174,7,167
213000340,172,637,-465
213000341,1794,120,1674
213000346,275,626,-351
213000347,384,1795,-1411
213000348,3,177,-174
213000349,9,15,-6
213000350,305,1242,-937
213000366,109,238,-129
213000367,876,11,865
213000379,52,157,-105
213000386,23,43,-20
213000406,598,94,504
213000417,3205,824,2381
213000425,746,131,615
213000426,315,57,258
213000427,107,92,15
213000428,119,228,-109
213000429,39,13,26
213000430,185,440,-255
213000431,16,0,16
213000432,2,54,-52
213000433,20,53,-33
213000434,293,164,129
213000435,171,82,89
213000436,116,69,47
213000437,0,3,-3
213000438,255,39,216
213000439,85,36,49
213000440,3,173,-170
213000441,3,2,1
213000442,5,10,-5
213000443,1014,763,251
213000444,44,2,42
213000445,0,92,-92
213000446,1,25,-24
213000447,9,203,-194
213000448,7,242,-235
213000449,1515,14,1501
213000450,50,40,10
213000451,506,37,469
213000452,14,26,-12
213000453,61,261,-200
213000455,132,1,131
213000456,1,293,-292
213000481,2,4,-2
213000482,95,1,94
213000489,202,73,129
213000491,53,573,-520
213000492,138,2,136
213000493,2,400,-398
213000494,574,104,470
213000495,0,44,-44
213000496,792,236,556
213000497,196,185,11
213000498,306,106,200
213000499,443,172,271
213000500,1523,71,1452
213000501,444,82,362
213000502,272,229,43
213000503,0,85,-85
213000504,59,55,4
213000505,17,1,16
213000506,0,1,-1
213000507,4,79,-75
213900244,147,0,147
213900245,0,11,-11
218000003,131,123,8
218000004,121,141,-20
218000005,48,103,-55
218000006,84,101,-17
218000007,19,25,-6
218000012,438,411,27
218000013,589,286,303
218000014,620,333,287
218000019,587,530,57
218000020,519,467,52
218000021,29,23,6
218000022,15,10,5
218000023,18,8,10
218000024,3,8,-5
218000025,13,10,3
218000026,11,9,2
218000027,2,6,-4
218000028,1,1,0
218000029,1,3,-2
218000030,12,10,2
218000031,7,8,-1
218000032,1,12,-11
218000040,1,34,-33
218000046,227,76,151
218000047,42,63,-21
218000048,66,39,27
218000049,52,25,27
218000050,269,92,177
218000051,159,199,-40
218000052,4,74,-70
218000053,6,58,-52
218000054,20,89,-69
218000055,19,36,-17
218000056,29,107,-78
218000057,1,53,-52
218000064,0,31,-31
218000065,178,71,107
218000066,25,126,-101
218000067,174,169,5
218000068,294,86,208
218000069,670,96,574
218000070,313,560,-247
218000071,449,414,35
218000072,208,345,-137
218000078,2318,481,1837
218000079,545,118,427
218000080,219,192,27
218000081,939,112,827
218000082,214,80,134
218000083,174,137,37
218000084,402,69,333
218000085,394,140,254
218000086,249,66,183
218000087,311,129,182
218000090,145,326,-181
218000091,2038,973,1065
218000092,362,297,65
218000093,205,137,68
218000094,771,715,56
218000099,334,652,-318
218000100,637,332,305
218000101,569,254,315
218000102,846,484,362
218000103,205,209,-4
218000104,226,45,181
218000105,47,11,36
218000106,38,4,34
218000107,138,63,75
218000108,10,24,-14
218000112,103,40,63
218000117,72,161,-89
218000134,1176,578,598
218000135,25,165,-140
218000136,229,186,43
218000137,327,197,130
218000138,81,159,-78
218000139,401,262,139
218000140,1225,775,450
218000141,124,110,14
218000142,280,264,16
218000143,63,697,-634
218000144,46,340,-294
218000145,923,440,483
218000146,283,174,109
218000151,6,45,-39
218000152,75,39,36
218000153,0,5,-5
218000154,1,1,0
218000155,52,0,52
218000156,96,7,89
218000157,44,9,35
218000158,13,15,-2
218000159,5,11,-6
218000160,3,7,-4
218000161,38,1,37
218000162,26,5,21
218000163,16,0,16
218000164,89,1,88
218000165,116,41,75
218000170,1,34,-33
218000171,64,22,42
218000172,13,6,7
218000173,12,17,-5
218000174,22,19,3
218000176,296,147,149
218000177,355,195,160
218000178,124,130,-6
218000179,244,70,174
218000180,153,69,84
218000181,483,53,430
218000187,8,56,-48
218000188,31,26,5
218000189,34,114,-80
218000190,103,57,46
218000191,345,65,280
218000192,414,168,246
218000193,737,286,451
218000194,354,263,91
218000195,185,61,124
218000196,614,204,410
218000197,915,259,656
218000198,179,102,77
218000199,79,47,32
218000200,56,39,17
218000201,13,17,-4
218000202,139,1069,-930
218000207,54,51,3
218000208,58,131,-73
218000211,46,22,24
218000212,2,0,2
218000213,203,112,91
218000214,4,20,-16
218000215,111,118,-7
218000217,8,70,-62
218000218,150,42,108
218000219,9,451,-442
218000220,62,2277,-2215
218000221,792,491,301
218000222,2,219,-217
218000223,52,666,-614
218000224,5,157,-152
218000225,323,13,310
218000226,323,117,206
218000230,0,1,-1
218000232,116,69,47
218000239,213,14,199
218000240,3,14,-11
218000241,47,2,45
218000242,0,1,-1
218000243,25,16,9
218000244,21,3,18
218000245,127,6,121
218000246,0,4,-4
218000247,0,0,0
218000248,0,28,-28
218000249,0,2,-2
218000250,2,13,-11
218000251,2,30,-28
218000252,0,183,-183
218000253,0,168,-168
218000254,1,69,-68
218000255,4,11,-7
218000256,9,80,-71
218000267,744,1511,-767
218000268,11,87,-76
218000269,4,92,-88
218000270,303,43,260
218000271,8,25,-17
218000273,81,3,78
218000274,21,8,13
218000275,114,85,29
218000276,20,27,-7
218000278,41,166,-125
218000279,154,50,104
218000280,27,71,-44
218000281,14,97,-83
218000282,1061,1534,-473
218000284,193,5,188
218000301,107,131,-24
218000302,64,75,-11
218000303,55,182,-127
218000316,2543,1306,1237
218000317,3784,1211,2573
218000318,2145,874,1271
218000319,2867,707,2160
218000320,2398,921,1477
218000338,14,233,-219
218000345,241,337,-96
218000346,38,396,-358
218000459,46,184,-138
218000490,23,68,-45
218000501,234,72,162
218000502,219,217,2
218000503,272,18,254
218000504,301,59,242
218000505,74,143,-69
218000506,35,609,-574
218000508,2,8,-6
218000510,73,18,55
218000520,233,176,57
218000521,10,30,-20
218000522,0,689,-689
218000523,181,4,177
218000524,8,305,-297
218000525,129,68,61
218000526,32,225,-193
218000529,157,133,24
218000530,29,3,26
218000531,54,48,6
218000532,47,9,38
218000534,469,28,441
218000537,30,198,-168
218000538,85,733,-648
218000540,196,176,20
218000543,317,200,117
218000544,73,155,-82
218000545,188,210,-22
218000546,80,80,0
218000547,255,379,-124
218000548,165,158,7
218000549,1308,132,1176
218000550,260,159,101
218000551,143,495,-352
218000552,403,387,16
218000553,23,213,-190
218000554,24,43,-19
218000555,40,64,-24
218000556,326,128,198
218000557,853,353,500
218000558,175,8,167
218000559,1,42,-41
218000560,0,61,-61
218000561,11,0,11
218000562,57,210,-153
218000563,203,61,142
218000564,4,344,-340
218000565,99,69,30
218000566,55,19,36
218000567,3,72,-69
218000568,11,1,10
218000569,8,279,-271
218000570,27,5,22
218000571,2,140,-138
218000572,212,54,158
218000573,7,154,-147
218000574,52,76,-24
218000575,213,1,212
218000576,5,79,-74
218000577,139,2,137
218000578,0,312,-312
218000579,52,34,18
218000581,3,110,-107
218000582,74,10,64
218000583,15,0,15
218000584,0,31,-31
218000585,56,2,54
218000586,35,26,9
218000587,1,2,-1
218000588,1,11,-10
218000589,0,9,-9
218000590,2,0,2
218000591,2,43,-41
218000592,6,0,6
218000593,10,62,-52
218000594,0,0,0
218000596,0,1,-1
218000597,0,15,-15
218000598,1,7,-6
218000599,1,29,-28
218000600,0,21,-21
218000601,1,27,-26
218000602,0,5,-5
218000603,0,10,-10
218000604,7,0,7
218000605,0,168,-168
218000606,141,0,141
218000607,17,95,-78
218000608,87,27,60
218000609,1,137,-136
218000610,62,6,56
218000611,69,15,54
218000612,4,48,-44
218000613,54,2,52
218000614,2,62,-60
218000615,294,23,271
218000616,20,424,-404
218000617,8,18,-10
218000618,1,56,-55
218000619,55,44,11
218000620,32,131,-99
218000621,0,2,-2
218000622,0,108,-108
218000623,52,17,35
218000624,0,301,-301
218000625,8,16,-8
218000626,0,19,-19
218000628,295,483,-188
218000631,61,7,54
218000632,0,197,-197
218000633,113,4,109
218000634,15,38,-23
218000635,6,26,-20
218000636,1968,848,1120
218000637,1930,757,1173
218000638,425,68,357
218000639,20,177,-157
218000640,750,163,587
218000641,208,221,-13
218000652,50,50,0
218000653,350,55,295
218000663,20,74,-54
218000675,13,156,-143
218000676,4,9,-5
218000677,28,1,27
218000680,365,289,76
218000681,720,424,296
218000691,429,243,186
218000693,699,225,474
218000703,4,8,-4
218000718,38,111,-73
218000719,58,225,-167
218000720,3,243,-240
218000721,38,26,12
218000725,7,11,-4
218001147,3,132,-129
218001214,37,123,-86
218001258,973,3,970
218001329,166,190,-24
218001330,132,185,-53
218001351,62,30,32
218001352,19,49,-30
218001353,7,35,-28
218001354,11,34,-23
218001355,20,123,-103
218001356,691,138,553
218001357,17,167,-150
218001358,760,28,732
218001361,872,3,869
218001362,2,55,-53
219000001,50,42,8
219000002,96,103,-7
219000003,114,60,54
219000004,80,158,-78
219000017,94,472,-378
219000020,488,43,445
219000022,267,0,267
219000023,81,1,80
219000029,1,288,-287
219000034,97,102,-5
219000039,44,447,-403
219000040,56,136,-80
219000041,311,119,192
219000051,0,151,-151
219000052,0,196,-196
219000053,0,133,-133
219000054,17,85,-68
219000055,575,4,571
219000056,2,0,2
219000057,106,1,105
219000062,9,147,-138
219000063,212,30,182
219000064,21,113,-92
219000110,344,712,-368
219000111,150,201,-51
219000112,358,113,245
219000113,649,98,551
219000114,499,86,413
219000116,370,79,291
219000117,210,87,123
219000118,235,46,189
219000123,302,220,82
219000124,130,66,64
219000125,52,11,41
219000126,131,212,-81
219000127,0,25,-25
219000128,16,187,-171
219000129,63,201,-138
219000130,245,951,-706
219000131,1171,1828,-657
219000133,53,85,-32
219000134,61,56,5
219000135,21,237,-216
219000136,126,481,-355
219000138,181,56,125
219000139,144,38,106
219000140,149,1,148
219000141,75,92,-17
219000142,7,37,-30
219000143,32,38,-6
219000145,33,116,-83
219000146,4,41,-37
219000147,8,39,-31
219000148,2,38,-36
219000149,42,49,-7
219000150,4,55,-51
219000151,1,43,-42
219000157,394,386,8
219000158,436,451,-15
219000161,241,21,220
219000163,1489,411,1078
219000166,219,237,-18
219000167,285,336,-51
219000168,300,180,120
219000174,939,222,717
219000175,291,9,282
219000176,340,15,325
219000177,122,3,119
219000178,111,3,108
219000179,98,8,90
219000180,144,33,111
219000182,308,9,299
219000183,191,29,162
219000184,204,12,192
219000185,2,53,-51
219000186,265,84,181
219000187,32,160,-128
219000189,103,295,-192
219000190,123,403,-280
219000191,228,2611,-2383
219000192,293,409,-116
219000193,502,324,178
219000195,3,269,-266
219000196,6,242,-236
219000198,40,151,-111
219000199,147,132,15
219000200,182,167,15
219000201,86,209,-123
219000203,36,191,-155
219000204,102,576,-474
219000205,50,282,-232
219000207,162,247,-85
219000209,141,53,88
219000210,54,918,-864
219000213,10,364,-354
219000239,245,364,-119
219000240,342,849,-507
219000241,170,433,-263
219000242,87,395,-308
219000243,281,380,-99
219000244,25,197,-172
219000245,8,164,-156
219000246,46,79,-33
219000247,260,67,193
219000248,787,954,-167
219000249,342,294,48
219000250,302,185,117
219000251,853,525,328
219000252,421,293,128
219000253,566,112,454
219000255,310,150,160
219000256,569,434,135
219000257,353,0,353
219000262,75,379,-304
219000263,63,247,-184
219000267,10,140,-130
219000268,17,42,-25
219000269,14,3,11
219000270,56,0,56
219000271,750,18,732
219000278,1,57,-56
219000279,2,26,-24
219000283,0,210,-210
219000295,16,114,-98
219000296,195,518,-323
219000297,146,69,77
219000298,156,43,113
219000299,536,79,457
219000300,159,110,49
219000301,112,274,-162
219000302,67,162,-95
219000307,36,27,9
219000308,116,230,-114
219000311,354,83,271
219000312,734,165,569
219000313,785,129,656
219000314,299,135,164
219000315,695,64,631
219000316,1310,104,1206
219000317,422,14,408
219000320,1,273,-272
219000321,0,60,-60
219000323,1,135,-134
219000325,5,14,-9
219000326,91,89,2
219000327,36,56,-20
219000328,52,26,26
219000329,264,118,146
219000330,30,43,-13
219000331,94,89,5
219000332,402,289,113
219000333,131,22,109
219000335,147,2,145
219000337,42,3,39
219000338,85,0,85
219000344,27,123,-96
219000345,140,37,103
219000346,82,23,59
219000348,219,106,113
219000349,107,125,-18
219000350,105,466,-361
219000351,1,10,-9
219000352,129,208,-79
219000353,217,106,111
219000354,475,89,386
219000355,254,124,130
219000356,509,2686,-2177
219000363,161,152,9
219000364,331,154,177
219000365,197,29,168
219000366,251,1077,-826
219000368,456,770,-314
219000370,762,1039,-277
219000371,16,22,-6
219000382,9,28,-19
219000383,431,2252,-1821
219000385,248,1269,-1021
219000386,1106,2727,-1621
219000387,0,16,-16
219000390,30,19,11
219000391,5,11,-6
219000397,28,16,12
219000398,69,118,-49
219000401,54,151,-97
219000402,89,85,4
219000403,76,704,-628
219000404,51,150,-99
219000407,10,38,-28
219000409,130,112,18
219000410,403,124,279
219000411,334,46,288
219000446,263,734,-471
219000447,26,39,-13
219000448,8,29,-21
219000452,172,156,16
219000453,68,382,-314
219000454,296,847,-551
219000556,631,505,126
219000558,177,260,-83
219000590,11,358,-347
219000591,314,616,-302
219000592,80,350,-270
219000595,13,9,4
219000635,485,163,322
219000636,208,435,-227
219000657,54,30,24
219000658,33,188,-155
219000673,0,83,-83
219000676,10,13,-3
219000679,46,55,-9
219000684,151,3,148
219000685,0,0,0
219000686,1,6,-5
219000688,1,76,-75
219000689,29,171,-142
219000690,365,13,352
219000691,104,151,-47
219000692,403,9,394
219000693,3,12,-9
219000694,25,0,25
219000695,74,16,58
219000698,69,4,65
219000699,0,203,-203
219000727,8,706,-698
219000728,202,16,186
219000770,41,16,25
219000771,3,185,-182
219000788,471,517,-46
219001150,0,60,-60
219001151,281,39,242
219001166,107,99,8
219001167,11,118,-107
219001178,91,2,89
220000001,53,289,-236
220000002,11,284,-273
220000003,344,454,-110
220000004,616,1148,-532
220000005,849,2772,-1923
220000006,236,1195,-959
220000007,938,305,633
220000008,511,624,-113
220000009,684,464,220
220000010,156,112,44
220000011,650,5374,-4724
220000012,60,833,-773
220000014,204,167,37
220000015,64,526,-462
220000017,40,570,-530
220000018,11783,4554,7229
220000019,330,1025,-695
220000020,864,282,582
220000021,1777,404,1373
220000022,1855,422,1433
220000023,585,314,271
220000024,1323,956,367
220000025,703,2739,-2036
220000026,570,1386,-816
220000027,20,530,-510
220000028,50,304,-254
220000029,75,117,-42
220000030,100,274,-174
220000031,980,1079,-99
220000064,78,2935,-2857
221000046,2,0,2
221000047,0,0,0
221000048,0,7,-7
221000049,1,103,-102
221000050,26,0,26
221000055,54,183,-129
221000057,184,3,181
221000068,261,139,122
221000069,383,61,322
221000070,378,14,364
221000071,158,16,142
221000072,460,17,443
221000073,317,122,195
221000074,1,14,-13
221000075,12,57,-45
221000076,44,23,21
221000077,60,66,-6
221000081,34,11,23
221000082,91,11,80
221000083,26,8,18
221000084,4,9,-5
221000085,15,194,-179
221000086,5,83,-78
221000087,4,153,-149
221000088,8,182,-174
221000089,46,263,-217
221000090,66,511,-445
221000098,251,79,172
221000099,392,16,376
221000100,248,6,242
221000101,324,4,320
221000102,250,36,214
221000109,43,92,-49
221000110,26,61,-35
221000111,14,78,-64
221000112,2,108,-106
221000113,15,176,-161
221000114,4,122,-118
221000120,24,201,-177
221000121,1,54,-53
221000122,49,63,-14
221000123,24,89,-65
221000124,20,50,-30
221000155,166,74,92
221000156,246,56,190
221000175,6,15,-9
221000176,0,18,-18
221000182,62,8,54
221000241,708,414,294
221000242,162,398,-236
221000243,815,301,514
221000244,377,789,-412
221000245,271,327,-56
221000246,111,559,-448
221000247,331,270,61
221000248,233,266,-33
221000267,71,890,-819
221000325,29,179,-150
221000331,3,123,-120
221000338,13,102,-89
221000378,510,77,433
221000381,110,86,24
222000282,0,23,-23
222000296,1,66,-65
222000568,482,23,459
222000569,156,48,108
222000570,325,40,285
222000571,496,55,441
222000577,7,80,-73
222000578,8,145,-137
222000579,11,99,-88
222000580,24,693,-669
222000599,0,75,-75
222000600,0,105,-105
222000601,3,891,-888
222000603,12,275,-263
222000604,2,256,-254
222000605,17,82,-65
222000606,4,51,-47
222000607,9,14,-5
222000608,12,35,-23
222000609,96,125,-29
222000616,643,125,518
222000617,23,98,-75
222000618,3,51,-48
222000620,51,101,-50
222000621,48,72,-24
222000623,1158,11,1147
222000624,810,8,802
222000625,1869,15,1854
222000636,48,10,38
222000686,24,53,-29
222000687,106,74,32
222001066,773,35,738
222001067,67,1,66
222001068,219,8,211
222001069,179,43,136
222001082,34,5,29
222001083,152,7,145
222001084,0,86,-86
222001085,0,301,-301
222001111,116,115,1
222001112,393,272,121
222001313,6,58,-52
222001314,0,135,-135
222001464,593,170,423
222001465,56,195,-139
222001484,355,139,216
222001485,61,89,-28
222001494,1047,406,641
222001495,162,181,-19
222001496,688,320,368
222001497,389,310,79
222001502,28,91,-63
222001503,371,87,284
222001504,19,517,-498
222001505,705,8,697
222001506,15,241,-226
222001507,291,12,279
222001510,1242,22,1220
222001511,78,187,-109
222001514,1063,49,1014
222001515,92,372,-280
222001518,600,21,579
222001519,169,114,55
222001527,238,18,220
222001528,69,232,-163
222001529,517,33,484
222001530,157,74,83
222001533,323,192,131
222001534,696,94,602
222001535,669,733,-64
222001536,135,154,-19
222001537,598,37,561
222001538,57,373,-316
222001563,1761,104,1657
222001564,117,345,-228
222001568,276,260,16
222001576,0,11,-11
222001579,0,29,-29
222001583,49,108,-59
222001584,310,86,224
222001596,689,1243,-554
222001597,2014,408,1606
222001626,0,53,-53
222001650,15,178,-163
222001651,35,333,-298
222001914,343,18,325
222001915,73,193,-120
222001968,906,375,531
222001969,441,554,-113
222001970,95,365,-270
222001971,70,3,67
222001972,15,13,2
225000001,795,221,574
225000002,1363,425,938
225000003,1538,509,1029
225000004,1038,1016,22
225000005,79,136,-57
225000006,5,641,-636
225000007,3432,1697,1735
225000010,826,15,811
225000011,418,3299,-2881
225000012,501,1379,-878
225000013,212,244,-32
225000014,1361,414,947
225000015,235,288,-53
225000021,1571,207,1364
225000027,589,679,-90
225000032,1232,203,1029
225000042,204,680,-476
225000049,198,242,-44
225000050,427,90,337
225000053,29,443,-414
225000058,1360,534,826
225000067,573,220,353
225000068,267,1244,-977
225000069,132,995,-863
225000070,377,586,-209
225000071,113,113,0
225000075,107,3292,-3185
225000076,87,427,-340
225000078,90,206,-116
225000085,317,115,202
225000086,805,89,716
225000087,632,24,608
225000088,91,376,-285
225000089,100,687,-587
225000090,134,1137,-1003
225000091,119,216,-97
225000092,91,316,-225
225000093,707,456,251
225000094,26,361,-335
225000095,683,430,253
225000096,177,490,-313
225000098,1542,247,1295
225000099,850,238,612
225000100,1050,230,820
225000104,296,526,-230
225000110,41,567,-526
225000111,526,685,-159
225000112,829,1058,-229
225000113,320,2601,-2281
225000114,217,1129,-912
225000115,2519,864,1655
225000116,568,363,205
225000117,1233,529,704
225000118,2229,443,1786
225000119,799,218,581
225000120,1813,188,1625
225000121,399,21,378
225000123,1091,64,1027
225000125,1170,429,741
225000126,1582,727,855
225000127,695,4461,-3766
225000128,686,1884,-1198
225000132,1075,55,1020
225000133,638,61,577
225000134,1320,212,1108
225000135,232,17,215
225000136,1286,26,1260
225000137,672,352,320
225000138,1382,246,1136
225000143,196,438,-242
225000144,37,448,-411
225000145,175,234,-59
225000146,235,380,-145
225000147,154,199,-45
225000148,4,102,-98
225000149,177,230,-53
225000151,132,142,-10
225000155,385,361,24
225000156,373,1597,-1224
225000157,1095,776,319
225000158,150,345,-195
225000171,33,286,-253
225000180,52,0,52
225000181,0,261,-261
225000182,85,43,42
225000185,13,557,-544
225000187,306,518,-212
225000191,99,1,98
225000194,0,5,-5
225000208,3,97,-94
225000209,286,29,257
225000210,33,350,-317
225000217,0,75,-75
225000218,54,1,53
225000223,4,1043,-1039
225000224,346,22,324
225000225,1,758,-757
225000226,15,12,3
225000227,539,820,-281
225000228,4,19,-15
225000229,0,822,-822
225000230,27,4,23
225000231,1,79,-78
225000232,467,0,467
225000241,78,0,78
225000242,0,110,-110
225000249,39,29,10
225000250,109,527,-418
225000251,1223,341,882
226000042,407,641,-234
226000043,132,440,-308
226000044,427,1054,-627
226000045,172,551,-379
226000046,1185,361,824
226000047,1021,398,623
226000048,829,337,492
226000049,818,706,112
226000070,0,48,-48
226000071,0,172,-172
226000072,0,109,-109
226000073,0,31,-31
226000074,0,22,-22
226000084,0,85,-85
226000085,2,86,-84
226000086,1,66,-65
226000087,0,51,-51
226000088,8,36,-28
226000090,87,597,-510
226000091,20,184,-164
226000092,4,18,-14
226000093,38,0,38
226000094,5,5,0
226000095,81,30,51
226000105,7,3,4
226000106,31,0,31
226000107,14,0,14
226000108,83,0,83
226000109,314,0,314
226000124,222,328,-106
226000134,1631,905,726
226000135,3003,1085,1918
226000136,1253,818,435
226000137,45,620,-575
226000138,49,137,-88
226000139,28,143,-115
226000156,775,14,761
226000157,703,61,642
226000163,136,467,-331
226000202,17,352,-335
226000231,1925,38,1887
226000232,120,6,114
227000033,692,71,621
227000036,1154,34,1120
227000037,869,116,753
227000038,347,114,233
227000049,0,283,-283
227000050,3,300,-297
227000055,112,2,110
227000056,27,0,27
227000084,10,175,-165
227000085,1,171,-170
227000088,31,4,27
227000089,51,4,47
227000090,15,4,11
227000091,47,4,43
227000093,202,0,202
227000094,8,0,8
227000130,146,348,-202
227000131,86,259,-173
227000132,98,259,-161
227000133,28,122,-94
227000134,100,175,-75
227000152,0,4,-4
227000153,1,233,-232
227000155,10,67,-57
227000156,1,40,-39
227000165,7,134,-127
227000196,809,108,701
227000199,1081,286,795
227000230,31,269,-238
227000232,1827,85,1742
227000242,65,619,-554
227000243,453,40,413
227000245,48,264,-216
227000246,162,240,-78
227000247,911,66,845
227000248,296,152,144
227000249,29,666,-637
227000250,782,519,263
227000251,230,1128,-898
227000252,96,231,-135
227000253,419,72,347
227000262,1015,54,961
227000266,2674,36,2638
227000267,40,1235,-1195
227000282,17,194,-177
227000284,1400,16,1384
227000286,12,72,-60
227000287,27,39,-12
227000291,10,598,-588
227000484,350,5,345
227000485,27,800,-773
227000655,425,6,419
227000656,1042,11,1031
227000657,396,18,378
227000661,1458,52,1406
227000680,163,127,36
229000265,72,55,17
229000296,0,105,-105
229000297,4,31,-27
229000298,27,128,-101
229000320,14,2,12
229000321,45,57,-12
229000412,12,90,-78
229000414,10,86,-76
229000415,16,11,5
229000416,1,3,-2
229000417,0,0,0
229000419,48,320,-272
229000440,341,129,212
229000442,25,8,17
229000443,13,22,-9
229000444,3,91,-88
229000445,74,3,71
229000446,41,33,8
229000491,4,18,-14
229000492,6,61,-55
229000493,5,89,-84
229000494,16,1,15
229000495,77,1,76
229000496,40,1,39
229000507,0,31,-31
229000508,1,22,-21
229000509,0,45,-45
229000510,5,33,-28
229000511,9,35,-26
229000512,0,18,-18
229000513,0,3,-3
229000514,0,13,-13
229000517,2,5,-3
229000518,10,6,4
229000519,0,3,-3
229000520,29,19,10
229000521,55,12,43
229000522,1,0,1
229000523,1,0,1
229000524,2,4,-2
229000527,0,0,0
229000528,0,0,0
229000529,0,0,0
229000530,2,0,2
229000531,3,0,3
229000532,0,0,0
229000533,0,0,0
229000534,0,0,0
229000564,0,0,0
229000565,0,0,0
229000566,0,0,0
229000567,0,5,-5
229000582,0,0,0
229000583,0,0,0
229000584,0,14,-14
229000585,1,59,-58
229000718,0,0,0
229000719,0,0,0
229000720,0,38,-38
229000721,0,5,-5
229000722,0,4,-4
229000723,0,1,-1
229000724,0,11,-11
229000725,0,4,-4
229000738,0,0,0
229000739,0,0,0
229000740,0,0,0
229000741,0,0,0
229000742,0,0,0
229000743,0,0,0
229000744,0,0,0
229000745,0,0,0
229000746,0,2,-2
229000847,244,0,244
229000848,100,0,100
229000849,380,9,371
229000851,96,1,95
229000854,2,45,-43
229000856,1,100,-99
229000857,3,39,-36
229000858,1,72,-71
229000919,10,177,-167
229000930,12,205,-193
229000937,116,27,89
229000966,112,38,74
229000981,44,31,13
229000985,51,9,42
229000986,0,3,-3
229000987,0,0,0
229000988,0,9,-9
229000989,21,31,-10
229000990,1,2,-1
229000991,0,2,-2
229000992,22,4,18
229000993,240,5,235
229000998,27,21,6
229000999,87,3,84
229001034,0,30,-30
229001035,16,5,11
229001037,70,4,66
229001042,27,2,25
229001047,15,52,-37
229001050,103,56,47
229001168,0,49,-49
229001200,55,1,54
229001338,0,8,-8
229001394,364,4,360
229001422,259,17,242
229001423,9,108,-99
229001431,93,73,20
229001432,51,230,-179
229001444,264,54,210
229001445,164,94,70
229001479,22,0,22
229001503,494,80,414
229001504,203,163,40
229001505,293,77,216
229001506,169,196,-27
229001509,99,8,91
229001545,247,5,242
229001546,2,79,-77
229001553,235,64,171
229001554,7,120,-113
229001559,17,3,14
229001560,2,39,-37
229001630,124,12,112
229001631,7,37,-30
229001635,0,54,-54
229001636,0,0,0
229001658,2,96,-94
229001659,81,4,77
229001660,0,42,-42
229001661,0,81,-81
229001662,30,1,29
229001663,0,276,-276
229002584,199,288,-89
229002831,86,98,-12
229002841,10,32,-22
229002842,30,85,-55
229002843,32,32,0
229002844,45,109,-64
229002845,3,114,-111
229002846,12,49,-37
229002847,0,48,-48
229002848,12,70,-58
229002849,2,56,-54
229002850,4,0,4
229002851,42,110,-68
229002852,164,45,119
229002853,108,109,-1
229002854,106,69,37
229002855,25,155,-130
229002856,45,27,18
229002857,3,189,-186
229002858,12,7,5
229002859,27,126,-99
229002860,68,164,-96
229002861,75,87,-12
229002862,23,49,-26
229002863,23,18,5
229002864,34,57,-23
229002865,14,17,-3
229002866,17,6,11
229002867,1,43,-42
229002868,12,6,6
229002869,7,100,-93
229002870,71,58,13
235000066,419,79,340
235000067,398,97,301
235000072,22,53,-31
235000073,116,473,-357
235000074,96,107,-11
235000080,13,159,-146
235000081,298,119,179
235000082,658,60,598
235000083,478,75,403
235000084,71,50,21
235000085,254,76,178
235000089,164,260,-96
235000092,55,319,-264
235000093,9,8,1
235000097,1,0,1
235000098,265,4,261
235000099,132,172,-40
235000116,17,29,-12
235000117,1101,34,1067
235000133,65,991,-926
235000134,26,262,-236
235000206,11,11,0
235000207,7,2,5
235000208,0,1,-1
235000209,3,5,-2
235000210,2,1,1
235000212,15,20,-5
235000213,1,12,-11
235000220,4,2,2
235000221,19,152,-133
235000238,19,452,-433
235000239,2,139,-137
235000242,427,1071,-644
235000245,441,278,163
235000246,21,101,-80
235000284,16,152,-136
235000295,182,51,131
235000305,377,46,331
235000306,370,12,358
235000307,45,0,45
235000308,44,0,44
235000309,136,0,136
235000310,34,0,34
235000311,69,193,-124
235000322,0,50,-50
235000323,0,36,-36
235000324,0,25,-25
235000325,15,16,-1
235000326,15,50,-35
235000351,4,97,-93
235000352,34,71,-37
235000353,13,52,-39
235000354,10,31,-21
235000355,21,42,-21
235000356,124,2,122
235000357,136,3,133
235000358,61,8,53
235000359,15,9,6
235000360,117,22,95
235000361,173,7,166
235000381,336,102,234
235000382,246,248,-2
235000390,2,5,-3
235000391,192,21,171
235000392,283,336,-53
235000393,137,759,-622
235000395,143,63,80
235000396,577,106,471
235000400,110,443,-333
235000401,52,509,-457
235000405,285,169,116
235000406,77,90,-13
235000407,194,81,113
235000409,269,165,104
235000410,146,191,-45
235000411,1,57,-56
235000485,0,41,-41
235000486,6,1,5
235000549,161,563,-402
235000550,144,335,-191
235000599,200,120,80
235000600,2,34,-32
235000601,4,42,-38
235000602,212,92,120
235000614,0,14,-14
235000648,1,15,-14
235000649,143,9,134
235000685,0,2,-2
235000815,2,79,-77
235000834,1,44,-43
235000855,95,112,-17
235000862,92,107,-15
235000891,0,116,-116
235000892,44,22,22
235000901,86,584,-498
235000907,4,9,-5
235001010,151,203,-52
235001029,313,253,60
235001030,226,201,25
235001078,79,253,-174
235001079,158,59,99
235001147,27,140,-113
235001166,31,74,-43
235001167,72,44,28
235001169,58,220,-162
235001188,0,20,-20
235001189,0,2,-2
235001197,4,31,-27
235001200,135,96,39
235001207,985,116,869
235001210,421,316,105
235001215,117,150,-33
235001239,0,79,-79
235001244,0,19,-19
235016267,0,316,-316
277101746,0,1,-1
277102712,3,0,3
277103813,0,1,-1
277103814,0,0,0
277103898,0,1,-1
277104249,0,1,-1
277104250,0,18,-18
277104251,0,6,-6
277104252,0,9,-9
990011530,1,564,-563
990014944,7,214,-207
990015176,307,2,305
990015618,0,68,-68
990016032,0,280,-280
990032570,0,18,-18
990070001,126,76,50
990070103,0,1,-1
990070601,1,25,-24
990070751,3640,9,3631
990070766,1,168,-167
990071180,958,584,374
990071343,53,2,51
990071387,0,26,-26
990071823,597,32,565
990072600,2,823,-821
990072964,0,112,-112
990073285,0,2,-2
990074393,2,553,-551
990074870,2955,20,2935
990075106,1071,9,1062
990075746,1132,11,1121
990076437,5980,7,5973
990076458,0,484,-484
997000007,685,24,661
997000041,0,335,-335
997000058,104,0,104
997000062,21,1,20
997000069,1,9,-8
997000070,0,20,-20
997000100,181,0,181
997000141,0,287,-287
997000198,42,287,-245
998000475,0,7,-7
998000736,0,240,-240
998000965,0,36,-36
998001031,0,101,-101
998001700,0,49,-49
998001899,0,0,0
998001900,15,0,15
998003073,1570,8,1562
998101900,0,0,0
998102850,1,121,-120
998501927,557,1641,-1084
998501929,263,4,259
998501930,127,0,127
998501931,281,4,277
998501932,9,0,9
998501933,93,1,92
998501937,54,1,53
998501944,77,46,31
998501950,0,6,-6
998501970,317,7,310
998501971,0,169,-169
998501973,0,10,-10
998501974,4,177,-173
998501975,261,2,259
998501976,964,60,904
998501977,0,37,-37
998501978,8,0,8
998501979,0,0,0
998501980,157,1,156
998501981,120,2,118
998501982,0,174,-174
998501983,0,3,-3
998502006,0,0,0
998502024,0,49,-49
998502032,0,2,-2
998502062,7,0,7
998502063,0,0,0
998502173,64,0,64
998502269,0,9,-9
998502546,0,708,-708
998502578,1,1,0
998502599,48,723,-675
998502621,0,0,0
998601159,2,61,-59
998601292,0,27,-27
999033574,1,192,-191
999800001,58,3,55
999800002,0,1,-1
999800003,7,2,5
999800004,0,5,-5
999800005,0,111,-111
