ID,insum,outsum,diff
100000001,608,902,-294
100000002,5285,1002,4283
100000003,6320,3576,2744
100000004,1888,1236,652
100000005,2523,4646,-2123
100000006,886,171,715
100000007,2921,854,2067
100000008,242,527,-285
100000009,700,215,485
100000010,106,82,24
100000011,1410,135,1275
100000012,183,863,-680
100000013,32,192,-160
100000014,439,336,103
100000015,2273,2790,-517
100000016,1363,1538,-175
100000017,901,869,32
100000018,1945,619,1326
100000019,5375,2596,2779
100000020,2104,7230,-5126
100000021,5764,2763,3001
100000022,2841,1788,1053
100000023,6497,1550,4947
100000025,3323,1026,2297
100000028,2823,1085,1738
100000029,327,248,79
100000030,504,61,443
100000031,6741,8345,-1604
100000032,3316,5164,-1848
100000033,1367,3093,-1726
100000034,690,452,238
100000035,2411,1196,1215
100000036,3021,1759,1262
100000037,764,617,147
100000038,2417,1174,1243
100000039,907,221,686
100000040,271,202,69
100000041,1330,493,837
100000042,1845,588,1257
100000043,1637,548,1089
100000044,629,951,-322
100000045,843,1381,-538
100000046,811,1149,-338
100000047,428,753,-325
100000048,821,757,64
100000049,2072,2336,-264
100000051,709,1212,-503
100000053,245,13,232
100000054,544,36,508
100000055,1869,283,1586
100000056,776,611,165
100000057,2182,744,1438
100000058,1179,1277,-98
100000059,22,115,-93
100000060,492,444,48
100000061,2545,667,1878
100000062,2067,715,1352
100000063,1021,302,719
100000064,1915,430,1485
100000065,622,1025,-403
100000066,385,817,-432
100000067,644,840,-196
100000068,627,1800,-1173
100000069,561,1725,-1164
100000072,474,1262,-788
100000073,1391,1334,57
100000075,1000,374,626
100000076,5427,2924,2503
100000077,547,225,322
100000078,120,46,74
100000079,43,63,-20
100000080,50,52,-2
100000081,137,106,31
100000102,4116,1680,2436
100000103,6902,1236,5666
100000104,5809,2657,3152
100000105,4114,1459,2655
100000106,2957,2168,789
100000107,871,957,-86
100000108,1315,1097,218
100000109,5056,1397,3659
100000116,2066,991,1075
100000117,121,68,53
100000118,2780,904,1876
100000119,816,646,170
100000121,278,515,-237
100000122,2045,1201,844
100000123,3898,5897,-1999
100000124,6301,8200,-1899
100000125,3359,1206,2153
100000126,1184,416,768
100000127,2620,425,2195
100000128,2185,1630,555
100000129,566,488,78
100000130,373,563,-190
100000131,2771,3637,-866
100000132,1325,2939,-1614
100000133,6537,3073,3464
100000135,588,1116,-528
100000139,696,258,438
100000140,685,337,348
100000142,488,638,-150
100000143,1758,782,976
100000144,4315,875,3440
100000147,1233,2865,-1632
100000150,46,433,-387
100000151,1193,974,219
100000153,460,378,82
100000154,350,148,202
100000155,35,55,-20
100000156,370,146,224
100000157,107,92,15
100000158,244,73,171
100000159,694,494,200
100000165,1871,801,1070
100000169,757,548,209
100000174,1687,547,1140
100000179,134,624,-490
100000180,3418,1328,2090
100000181,709,260,449
100000188,66,286,-220
100000189,1270,351,919
100000190,1301,704,597
100000191,654,428,226
100000192,76,198,-122
100000193,191,154,37
100000330,2193,933,1260
100000355,391,612,-221
100000362,6403,4209,2194
100000363,4043,5357,-1314
100000364,436,199,237
100000365,5129,5806,-677
100000366,8012,3267,4745
100000367,5645,4879,766
100000368,2730,1849,881
100000369,1348,2177,-829
100000370,205,780,-575
100000376,200,102,98
100000379,5328,1525,3803
100000380,9207,3112,6095
100000384,7075,4874,2201
100000385,6100,4298,1802
100000386,10472,5985,4487
100000387,8612,5473,3139
100000388,10065,6957,3108
100000389,9961,6809,3152
100000390,9738,5737,4001
100000391,6734,7337,-603
100000392,5731,3074,2657
100000393,3433,3658,-225
100000394,11502,6835,4667
100000395,6325,3068,3257
100000396,11532,3231,8301
100000397,7432,4135,3297
100000398,13514,8585,4929
100000413,55,21,34
100900002,5,57,-52
100900003,363,185,178
100900004,35,619,-584
100900005,144,19,125
100900006,28,173,-145
100900007,545,6,539
100900008,3,368,-365
100900009,41,76,-35
100900010,89,111,-22
100900011,181,351,-170
100900012,1,245,-244
100900013,929,13,916
100900014,2,16,-14
100900015,105,80,25
100900016,4,48,-44
100900017,830,46,784
100900018,0,23,-23
100900019,30,159,-129
100900020,491,11,480
100900021,503,1,502
100900022,19,39,-20
100900023,11,49,-38
100900024,1174,3,1171
100900025,8,11,-3
100900026,160,182,-22
100900027,461,2879,-2418
100900028,105,144,-39
100900029,88,10,78
100900030,17,33,-16
100900031,505,32,473
100900032,276,0,276
100900033,231,190,41
100900034,531,2,529
100900035,974,0,974
100900036,41,0,41
100900037,99,281,-182
100900038,230,20,210
100900039,283,711,-428
100900040,340,701,-361
100900041,764,767,-3
100900042,1173,260,913
100900043,0,14,-14
100900044,2698,743,1955
100900045,68,0,68
100900046,1202,17,1185
100900047,898,192,706
100900048,256,43,213
100900049,63,203,-140
100900050,2,23,-21
100900051,65,66,-1
100900052,311,51,260
100900053,359,32,327
100900054,43,70,-27
100900055,278,684,-406
100900056,250,326,-76
100900057,470,1419,-949
100900058,313,55,258
100900059,168,3,165
100900060,150,10,140
100900061,507,348,159
100900062,2,56,-54
100900063,179,625,-446
100900064,753,12,741
100900065,177,96,81
100900066,85,131,-46
100900067,5,17,-12
100900068,136,138,-2
100900069,1196,7,1189
100900070,268,9,259
100900071,873,323,550
100900072,1,41,-40
100900073,108,437,-329
100900074,2,16,-14
100900075,1649,339,1310
100900076,31,46,-15
100900077,26,118,-92
100900078,111,461,-350
100900079,5,29,-24
100900080,41,181,-140
100900081,117,184,-67
100900082,124,696,-572
100900083,18,18,0
100900085,18,64,-46
100900086,316,1227,-911
100900088,125,743,-618
100900089,1,29,-28
100900090,128,415,-287
100900091,2,27,-25
100900092,316,237,79
100900093,233,380,-147
100900094,130,602,-472
100900095,2,61,-59
100900096,27,100,-73
100900097,1,12,-11
100900098,35,37,-2
100900099,48,627,-579
100900100,17,427,-410
100900101,406,68,338
100900102,73,59,14
100900103,47,48,-1
100900104,12,183,-171
100900105,26,314,-288
100900106,72,3,69
100900107,1796,719,1077
100900108,29,20,9
100900109,31,42,-11
100900110,7,10,-3
100900111,58,213,-155
100900112,1,9,-8
100900113,19,20,-1
100900114,9,21,-12
100900115,4,60,-56
100900116,792,1061,-269
100900117,325,721,-396
100900118,36,48,-12
100900119,24,22,2
100900120,4,17,-13
100900121,260,781,-521
100900122,172,233,-61
100900123,125,218,-93
100900124,16,5,11
100900125,15,80,-65
100900126,124,211,-87
100900127,2,16,-14
100900128,75,195,-120
100900129,1,132,-131
100900131,78,202,-124
100900133,115,34,81
100900134,6,10,-4
100900135,0,196,-196
100900137,329,199,130
100900138,540,479,61
100900139,29,8,21
100900140,9,713,-704
100900141,2,456,-454
100900142,3,12,-9
100900143,798,400,398
100900144,16,1,15
100900145,73,172,-99
100900146,11,103,-92
100900147,17,301,-284
100900148,44,823,-779
100900149,26,112,-86
100900150,2,74,-72
100900151,159,490,-331
100900152,97,10,87
100900153,2,167,-165
100900154,12,25,-13
100900155,9,10,-1
100900156,15,5,10
100900157,0,167,-167
100900159,2,11,-9
100900160,18,25,-7
100900161,85,5,80
100900162,23,243,-220
100900163,221,247,-26
100900164,44,32,12
100900165,16,122,-106
100900166,36,19,17
100900167,25,94,-69
100900168,33,143,-110
100900169,125,984,-859
100900170,30,13,17
100900171,9,557,-548
100900172,0,7,-7
100900173,19,484,-465
100900174,854,83,771
100900176,1612,228,1384
100900177,753,392,361
100900178,630,158,472
100900179,151,113,38
100900180,4,7,-3
100900181,127,110,17
100900182,46,26,20
100900184,13,171,-158
100900186,809,613,196
100900187,25,117,-92
100900188,42,19,23
100900189,848,232,616
100900191,1576,1070,506
100900192,448,347,101
100900195,194,121,73
100900197,13,53,-40
100900198,30,254,-224
100900199,5,8,-3
100900200,614,456,158
100900201,41,606,-565
100900202,94,10,84
100900203,0,89,-89
100900204,637,272,365
100900205,139,472,-333
100900206,157,85,72
100900207,199,116,83
100900210,127,767,-640
100900211,378,209,169
100900213,76,42,34
100900214,840,187,653
100900215,8,66,-58
100900217,163,87,76
101000001,5392,2867,2525
101000002,4593,4764,-171
101000003,956,2071,-1115
101000004,10276,8913,1363
101000005,4864,5171,-307
101000006,7932,8815,-883
101000007,2428,3437,-1009
101000008,6322,3256,3066
101000009,2097,2008,89
101000010,1248,1606,-358
101000011,2624,740,1884
101000012,1857,718,1139
101000013,689,1236,-547
101000014,733,848,-115
101000015,1259,909,350
101000016,630,440,190
101000017,777,540,237
101000018,5337,2785,2552
101000020,4864,1212,3652
101000021,2032,386,1646
101000022,453,78,375
101000023,2639,884,1755
101000025,235,439,-204
101000026,789,23,766
101000027,2654,2159,495
101000028,1209,219,990
101000029,227,1224,-997
101000030,2339,87,2252
101000031,1070,261,809
101000032,13442,3440,10002
101000033,3779,2998,781
101000034,4570,1682,2888
101000035,1132,434,698
101000036,2339,759,1580
101000037,5428,1756,3672
101000039,3588,2406,1182
101000040,4500,3846,654
101000041,13300,6652,6648
101000042,987,950,37
101000043,9395,5910,3485
101000045,2323,765,1558
101000046,5771,875,4896
101000047,3293,1788,1505
101000048,1072,915,157
101000049,1161,1402,-241
101000050,2207,1392,815
101000051,2590,1959,631
101000052,2325,837,1488
101000053,1452,1988,-536
101000054,1798,1325,473
101000055,1401,1594,-193
101000056,54,164,-110
101000057,3063,1072,1991
101000058,2127,1134,993
101000059,4934,2008,2926
101000060,2035,710,1325
101000061,1324,1533,-209
101000062,1069,888,181
101000063,1005,954,51
101000064,1994,886,1108
101000065,536,438,98
101000066,964,571,393
101000067,1432,667,765
101000068,568,422,146
101000069,646,78,568
101000070,1705,929,776
101000071,2246,1029,1217
101000072,1071,3851,-2780
101000073,919,698,221
101000074,7897,3406,4491
101000075,7152,3207,3945
101000077,1198,1033,165
101000078,958,2206,-1248
101000079,798,496,302
101000080,815,437,378
101000081,1543,1524,19
101000082,3950,3763,187
101000083,2459,2431,28
101000084,1559,1173,386
101000085,1745,1365,380
101000086,1110,1360,-250
101000087,1013,1478,-465
101000088,989,1282,-293
101000089,1016,1909,-893
101000090,2486,1701,785
101000091,428,1454,-1026
101000092,952,1414,-462
101000093,1647,958,689
101000094,720,1459,-739
101000095,340,796,-456
101000096,437,630,-193
101000097,1707,357,1350
101000098,939,612,327
101000099,1375,1546,-171
101000100,1198,905,293
101000101,440,420,20
101000102,1906,460,1446
101000103,1148,513,635
101000104,423,658,-235
101000105,1280,386,894
101000106,1087,526,561
101000107,173,432,-259
101000108,1194,396,798
101000109,313,79,234
101000110,41,627,-586
101000111,152,230,-78
101000113,299,852,-553
101000114,11028,3174,7854
101000115,137,192,-55
101000116,173,215,-42
101000117,942,445,497
101000119,153,77,76
101000120,288,39,249
101000121,103,51,52
101000122,179,83,96
101000123,91,73,18
101000124,646,192,454
101000125,334,661,-327
101000128,1513,388,1125
101000130,315,331,-16
101000131,781,649,132
101000132,569,1663,-1094
101000135,91,30,61
101000136,720,123,597
101000137,52,403,-351
101000141,2438,3063,-625
101000147,1146,616,530
101000148,2603,29,2574
101000149,190,189,1
101000150,62,882,-820
101000151,177,86,91
101000152,349,367,-18
101000153,662,456,206
101000154,351,1388,-1037
101000155,277,161,116
101000156,34,301,-267
101000157,49,23,26
101000160,174,71,103
101000163,297,165,132
101000164,682,475,207
101000165,276,444,-168
101000166,275,413,-138
101000168,969,420,549
101000252,1918,1184,734
101000254,638,68,570
101000258,31,16,15
101000261,254,24,230
101000262,1342,1658,-316
101000263,286,715,-429
101000265,82,729,-647
101000266,391,367,24
101000269,126,10,116
101000290,2036,3547,-1511
101000293,33,86,-53
101000294,603,506,97
101000295,149,671,-522
101000301,1045,417,628
101000304,2440,2757,-317
101000305,3832,1987,1845
101000328,219,395,-176
101900001,24,85,-61
101900002,0,11,-11
101900003,108,139,-31
101900004,11,57,-46
101900005,4953,1747,3206
101900006,927,72,855
101900007,843,124,719
101900008,194,346,-152
101900009,72,606,-534
101900010,1015,733,282
101900011,367,1999,-1632
101900012,172,503,-331
101900013,1376,190,1186
101900017,21,162,-141
101900018,1673,305,1368
101900019,350,139,211
101900020,71,79,-8
101900021,0,47,-47
101900022,187,1351,-1164
101900023,90,276,-186
101900026,116,42,74
101900027,16,90,-74
102000001,4312,4472,-160
102000002,3675,1699,1976
102000003,4291,6667,-2376
102000004,9611,3375,6236
102000005,1682,2516,-834
102000006,2153,2333,-180
102000007,2066,5196,-3130
102000008,5980,2290,3690
102000009,6391,8598,-2207
102000010,6534,4828,1706
102000011,3642,2806,836
102000012,4586,4340,246
102000018,3530,3120,410
102000019,3027,2019,1008
102000026,314,867,-553
102000029,367,246,121
102000030,122,403,-281
102000031,77,189,-112
102000032,436,424,12
102000033,269,443,-174
102000034,540,590,-50
102000035,1091,764,327
102000036,23,386,-363
102000037,267,116,151
102000038,262,298,-36
102000039,294,100,194
102000040,654,201,453
102000041,252,322,-70
102000042,355,242,113
102000043,518,251,267
102000044,852,545,307
102000045,801,1268,-467
102000046,1179,717,462
102000047,809,1421,-612
102000048,323,973,-650
102000049,1114,825,289
102000050,1258,1400,-142
102000051,522,837,-315
102000052,1710,866,844
102000053,1080,879,201
102000054,635,896,-261
102000055,956,926,30
102000056,721,1536,-815
102000057,1483,551,932
102000058,1106,1951,-845
102000059,1609,1505,104
102000060,1608,1061,547
102000061,1773,2329,-556
102000062,1873,1320,553
102000063,1237,1713,-476
102000064,810,963,-153
102000065,49,156,-107
102000066,1455,1373,82
102000067,3126,3885,-759
102000068,12011,3696,8315
102000069,56,1949,-1893
102000070,2534,116,2418
102000071,10907,11080,-173
102000072,3893,5608,-1715
102000073,1351,1137,214
102000074,859,951,-92
102000075,156,334,-178
102000076,219,593,-374
102000077,457,1249,-792
102000078,816,1076,-260
102000079,178,250,-72
102000080,283,265,18
102000081,379,840,-461
102000082,784,324,460
102000083,586,434,152
102000084,208,379,-171
102000085,1825,1404,421
102000086,1055,1547,-492
102000087,1043,1925,-882
102000088,303,359,-56
102000089,1110,461,649
102000090,491,1271,-780
102000091,1675,487,1188
102000092,378,997,-619
102000093,767,799,-32
102000094,1043,677,366
102000095,921,960,-39
102000096,690,763,-73
102000097,681,670,11
102000098,619,698,-79
102000099,787,508,279
102000100,858,935,-77
102000101,1221,584,637
102000102,407,2720,-2313
102000103,1412,452,960
102000104,1026,376,650
102000105,301,770,-469
102000106,780,901,-121
102000107,1225,688,537
102000108,792,286,506
102000109,894,748,146
102000110,866,1732,-866
102000111,9,394,-385
102000112,207,94,113
102000113,20,48,-28
102000114,1014,467,547
102000115,216,302,-86
102000116,1006,320,686
102000117,375,503,-128
102000118,1916,1193,723
102000119,2488,771,1717
102000120,318,456,-138
102000121,1059,532,527
102000122,488,978,-490
102000123,1638,1125,513
102000124,1181,1249,-68
102000125,915,1350,-435
102000126,718,702,16
102000127,1222,931,291
102000128,844,930,-86
102000129,1758,982,776
102000130,822,653,169
102000131,1928,656,1272
102000132,805,668,137
102000133,1605,2206,-601
102000134,652,853,-201
102000135,839,1175,-336
102000136,1032,623,409
102000137,1020,807,213
102000138,335,427,-92
102000139,167,375,-208
102000140,748,290,458
102000141,204,471,-267
102000142,268,402,-134
102000143,155,482,-327
102000144,270,425,-155
102000145,381,478,-97
102000146,360,312,48
102000147,398,466,-68
102000148,214,440,-226
102000149,161,627,-466
102000150,312,188,124
102000151,129,365,-236
102000152,189,237,-48
102000153,1156,527,629
102000154,401,819,-418
102000155,98,327,-229
102000156,430,122,308
102000157,139,256,-117
102000158,666,607,59
102000159,1233,457,776
102000161,4031,2060,1971
102000162,240,161,79
102000163,148,635,-487
102000164,1159,1111,48
102000165,328,131,197
102000166,55,160,-105
102000167,324,202,122
102000168,331,159,172
102000169,151,704,-553
102000170,690,187,503
102000171,427,100,327
102000172,423,418,5
102000173,590,344,246
102000174,85,72,13
102000175,133,153,-20
102000176,40,36,4
102000178,421,531,-110
102000179,852,282,570
102000180,763,522,241
102000181,589,691,-102
102000182,478,665,-187
102000183,1486,1967,-481
102000184,1868,890,978
102000185,2185,1551,634
102000186,1145,2025,-880
102000187,910,1713,-803
102000188,984,1529,-545
102000189,2359,832,1527
102000190,479,2446,-1967
102000191,1250,577,673
102000192,1188,1486,-298
102000193,71,206,-135
102000194,70,149,-79
102000195,481,525,-44
102000196,232,507,-275
102000197,605,441,164
102000198,227,913,-686
102000199,848,330,518
102000200,287,1257,-970
102000201,807,511,296
102000202,2,109,-107
102000203,422,270,152
102000204,440,988,-548
102000205,1058,700,358
102000206,917,733,184
102000207,1541,509,1032
102000208,628,561,67
102000209,76,52,24
102000210,355,525,-170
102000211,703,396,307
102000212,327,9,318
102000213,11,354,-343
102000214,234,15,219
102000215,3,471,-468
102000216,56,84,-28
102000217,8,186,-178
102000218,290,178,112
102000219,472,270,202
102000225,789,765,24
102000226,2959,1226,1733
102000227,137,0,137
102000228,0,97,-97
102000229,39,32,7
102000230,315,556,-241
102000231,286,625,-339
102000232,14,259,-245
102000233,522,968,-446
102000234,130,1124,-994
102000236,325,110,215
102000237,950,162,788
102000238,167,330,-163
102000240,800,706,94
102000241,221,160,61
102000243,28,95,-67
102000245,49,183,-134
102000246,21,29,-8
102000247,1525,1338,187
102000248,773,1101,-328
102000249,132,203,-71
102000250,81,481,-400
102000254,98,376,-278
102000266,70,242,-172
102000271,48,0,48
102000286,503,499,4
102000297,1858,1166,692
102000299,0,0,0
102000301,0,1,-1
102000303,0,0,0
102000305,0,0,0
102000307,1,16,-15
102900001,1252,966,286
102900002,403,29,374
102900003,51,266,-215
102900005,300,361,-61
102900006,532,195,337
102900007,441,57,384
102900008,214,65,149
102900009,568,199,369
102900010,617,548,69
102900011,2171,366,1805
102900012,311,61,250
102900013,27,78,-51
102900015,657,407,250
102900016,49,111,-62
102900017,117,634,-517
102900018,51,153,-102
102900019,386,429,-43
102900020,124,30,94
102900021,15,152,-137
102900022,706,160,546
102900023,19,65,-46
102900024,32,48,-16
102900025,270,135,135
102900026,550,1876,-1326
102900027,60,66,-6
102900028,184,749,-565
102900029,187,186,1
102900030,566,376,190
102900031,176,135,41
102900032,76,98,-22
102900033,75,210,-135
102900034,409,96,313
102900035,124,360,-236
102900036,311,633,-322
102900037,302,724,-422
102900038,449,830,-381
102900039,16,454,-438
102900040,116,244,-128
102900041,61,207,-146
102900042,167,345,-178
102900043,135,306,-171
102900044,524,2191,-1667
102900045,96,511,-415
102900046,97,292,-195
102900047,80,558,-478
102900048,686,703,-17
102900049,134,287,-153
102900050,315,383,-68
102900051,231,239,-8
102900053,396,785,-389
102900054,794,868,-74
102900055,45,139,-94
102900056,148,516,-368
102900057,7,61,-54
102900058,240,66,174
102900059,22,41,-19
102900060,114,502,-388
102900061,142,580,-438
102900062,159,1205,-1046
102900063,1275,481,794
102900064,105,398,-293
102900065,1819,655,1164
102900066,325,33,292
102900068,124,83,41
102900070,171,598,-427
102900072,18,49,-31
102900073,208,13,195
102900075,44,46,-2
102900076,247,80,167
102900077,33,43,-10
102900078,47,88,-41
102900079,164,22,142
102900080,335,44,291
102900081,86,216,-130
102900082,6,223,-217
102900083,307,22,285
102900084,6,32,-26
102900085,347,138,209
102900086,14,49,-35
102900087,104,121,-17
102900088,52,37,15
102900089,321,142,179
102900090,0,424,-424
102900091,204,5,199
102900092,262,870,-608
102900094,0,75,-75
102900095,100,3,97
102900096,39,23,16
102900097,162,471,-309
103000001,2633,3207,-574
103000002,2943,2881,62
103000003,4192,3117,1075
103000004,1063,857,206
103000005,2198,3788,-1590
103000006,742,1772,-1030
103000007,477,926,-449
103000008,1332,978,354
103000009,1366,1282,84
103000010,222,163,59
103000011,1879,1653,226
103000012,1384,1718,-334
103000013,6092,2550,3542
103000014,1354,3157,-1803
103000015,2218,897,1321
103000016,527,1751,-1224
103000017,270,484,-214
103000018,1049,549,500
103000019,270,299,-29
103000020,3175,1655,1520
103000021,2153,1760,393
103000022,1090,1173,-83
103000023,703,2047,-1344
103000024,95,245,-150
103000025,85,697,-612
103000026,1642,153,1489
103000027,312,618,-306
103000028,503,419,84
103000029,327,290,37
103000030,2060,920,1140
103000031,1773,2424,-651
103000032,2282,2372,-90
103000033,3009,3257,-248
103000034,1892,1339,553
103000035,461,1743,-1282
103000036,542,656,-114
103000037,730,532,198
103000038,493,1362,-869
103000039,398,540,-142
103000040,478,1344,-866
103000041,1849,3094,-1245
103000042,1257,642,615
103000043,558,1348,-790
103000044,216,234,-18
103000046,274,533,-259
103000047,703,798,-95
103000048,154,202,-48
103000049,80,239,-159
103000050,787,648,139
103000051,471,679,-208
103000052,906,466,440
103000053,236,771,-535
103000054,2648,1450,1198
103000055,2012,2467,-455
103000056,696,2360,-1664
103000057,529,404,125
103000058,628,995,-367
103000059,455,900,-445
103000060,1198,787,411
103000061,448,1090,-642
103000062,1144,697,447
103000063,790,931,-141
103000064,192,284,-92
103000065,2,401,-399
103000066,262,7,255
103000069,361,414,-53
103000070,1099,1075,24
103000071,1062,487,575
103000072,129,910,-781
103000073,627,142,485
103000074,665,99,566
103000075,112,771,-659
103000076,418,351,67
103000077,99,443,-344
103000078,2066,647,1419
103000079,1338,780,558
103000080,1625,452,1173
103000081,670,1194,-524
103000082,586,205,381
103000083,124,355,-231
103000084,199,6,193
103000085,4,185,-181
103000086,1083,470,613
103000087,166,724,-558
103000088,546,415,131
103000089,335,575,-240
103000090,2096,756,1340
103000091,608,502,106
103000092,375,334,41
103000093,285,485,-200
103000094,198,89,109
103000095,59,347,-288
103000096,707,105,602
103000097,120,761,-641
103000098,1255,207,1048
103000099,572,661,-89
103000100,95,827,-732
103000101,883,142,741
103000102,106,714,-608
103000103,767,254,513
103000104,57,120,-63
103000105,139,168,-29
103000106,6,94,-88
103000107,263,108,155
103000108,1051,595,456
103000109,402,371,31
103000110,533,493,40
103000111,630,451,179
103000112,493,259,234
103000113,1178,709,469
103000114,2406,541,1865
103000115,511,567,-56
103000116,539,609,-70
103000117,330,575,-245
103000118,1320,932,388
103000119,1785,674,1111
103000120,179,138,41
103000121,919,1025,-106
103000122,843,746,97
103000125,21,346,-325
103000126,575,3,572
103000127,1,212,-211
103000128,129,7,122
103000129,3,126,-123
103000130,50,38,12
103000131,152,93,59
103000132,113,162,-49
103000133,13,100,-87
103000134,974,883,91
103000135,715,343,372
103000136,879,561,318
103000137,696,723,-27
103000138,1019,855,164
103000139,5,69,-64
103000140,195,31,164
103000141,41,132,-91
103000142,178,103,75
103000143,65,248,-183
103000144,276,88,188
103000145,47,47,0
103000150,88,54,34
103000152,304,261,43
103000153,307,216,91
103000156,1,413,-412
103000157,415,3,412
103000159,288,99,189
103000162,166,69,97
103000163,40,48,-8
103000164,66,20,46
103000165,164,466,-302
103000166,231,333,-102
103000167,236,108,128
103000168,126,228,-102
103000169,222,559,-337
103000170,846,563,283
103000171,45,90,-45
103000172,367,397,-30
103000173,454,720,-266
103000174,163,377,-214
103000175,242,396,-154
103000176,896,657,239
103000177,676,643,33
103000178,280,424,-144
103000179,129,56,73
103000183,110,22,88
103000185,82,97,-15
103000186,167,221,-54
103000187,479,603,-124
103000188,15,71,-56
103000189,1574,995,579
103000191,618,665,-47
103000292,2188,1575,613
103000293,1163,1950,-787
103000295,137,110,27
103000296,476,3,473
103000297,53,36,17
103000504,160,18,142
103000505,6,15,-9
103000506,0,265,-265
103000507,219,3,216
103000508,71,37,34
103000509,270,706,-436
103900001,1,304,-303
103900002,1704,188,1516
103900003,1854,143,1711
103900004,84,7,77
103900005,3,292,-289
103900006,13,0,13
103900007,60,6,54
103900008,19,1,18
103900009,217,478,-261
103900010,170,324,-154
103900011,274,185,89
103900012,15,20,-5
103900013,50,89,-39
103900014,35,30,5
103900015,36,16,20
103900016,236,224,12
103900017,37,81,-44
103900018,751,216,535
103900019,58,327,-269
103900020,212,428,-216
103900021,883,104,779
103900022,1125,762,363
103900023,102,1,101
103900024,128,479,-351
103900025,15,49,-34
103900026,103,0,103
103900027,722,335,387
103900028,15,322,-307
103900029,1217,158,1059
103900030,469,53,416
103900031,25,0,25
103900032,85,51,34
103900033,174,14,160
103900034,19,224,-205
103900035,49,44,5
103900036,48,34,14
103900037,74,56,18
103900038,83,221,-138
103900039,74,451,-377
103900040,23,236,-213
103900041,32,40,-8
103900042,48,402,-354
103900043,124,92,32
103900044,180,262,-82
103900045,299,205,94
103900047,80,42,38
103900048,87,27,60
103900049,271,1430,-1159
103900050,8,97,-89
103900051,5,42,-37
103900052,202,485,-283
103900053,226,878,-652
103900054,121,574,-453
103900055,477,248,229
103900056,39,34,5
103900057,40,241,-201
103900058,265,816,-551
103900059,1,6,-5
103900060,53,235,-182
103900061,126,67,59
103900062,288,111,177
103900063,5,0,5
103900064,87,3,84
103900065,924,470,454
103900066,158,11,147
103900067,136,10,126
103900068,17,1,16
103900069,130,8,122
103900070,187,272,-85
103900071,10,166,-156
103900072,9,280,-271
103900073,34,25,9
103900074,64,119,-55
103900075,240,100,140
103900076,411,734,-323
103900077,64,109,-45
103900078,243,159,84
103900079,127,212,-85
103900080,9,39,-30
103900081,154,26,128
103900082,25,104,-79
103900083,1901,1064,837
103900084,50,133,-83
103900085,88,154,-66
103900086,534,277,257
103900088,379,427,-48
103900089,29,180,-151
103900090,0,209,-209
103900091,1165,241,924
103900092,980,487,493
103900093,107,300,-193
103900094,11,151,-140
103900095,674,204,470
103900096,27,255,-228
103900097,9,499,-490
103900098,204,111,93
103900099,65,236,-171
103900100,240,450,-210
103900101,60,1272,-1212
103900102,0,41,-41
103900104,3,37,-34
103900105,97,211,-114
103900106,0,21,-21
103900107,103,292,-189
103900108,42,430,-388
103900109,74,117,-43
103900110,253,51,202
103900111,92,679,-587
103900112,24,71,-47
103900113,126,236,-110
103900114,493,264,229
103900115,230,217,13
103900116,6403,2618,3785
103900117,177,120,57
103900119,39,92,-53
103900120,65,115,-50
103900122,69,313,-244
103900123,1923,742,1181
103900124,49,508,-459
103900125,122,90,32
103900126,500,548,-48
103900127,162,555,-393
103900128,97,183,-86
103900131,53,130,-77
103900133,978,74,904
103900134,8,2,6
103900135,2,7,-5
103900137,0,44,-44
103900138,95,474,-379
103900139,285,1578,-1293
103900140,15,104,-89
103900141,276,101,175
103900142,149,173,-24
103900143,36,3,33
103900144,0,66,-66
103900145,128,324,-196
103900146,314,297,17
103900147,472,124,348
103900148,223,305,-82
103900149,297,916,-619
103900150,7668,3983,3685
103900151,34,130,-96
103900152,441,587,-146
103900153,16,2,14
103900154,1110,1908,-798
103900155,34,252,-218
103900156,28,226,-198
103900157,37,318,-281
103900158,68,226,-158
103900159,162,92,70
103900160,76,33,43
103900161,94,223,-129
103900162,84,205,-121
103900163,7,466,-459
103900167,18,128,-110
103900168,86,100,-14
103900169,36,44,-8
103900170,3,148,-145
103900171,2,69,-67
103900172,19,33,-14
103900173,9,11,-2
103900174,106,62,44
103900175,49,89,-40
103900176,21,41,-20
103900177,19,56,-37
103900178,39,102,-63
103900179,45,153,-108
103900180,23,142,-119
103900181,81,61,20
103900182,63,15,48
103900184,573,73,500
103900185,323,305,18
103900187,43,95,-52
103900188,32,25,7
103900189,106,12,94
103900190,81,82,-1
103900191,30,50,-20
103900192,23,78,-55
103900193,173,162,11
103900194,105,255,-150
103900195,4,93,-89
103900196,16,35,-19
103900197,2,18,-16
103900198,18,45,-27
103900199,166,72,94
103900200,122,124,-2
103900201,100,218,-118
103900202,6,41,-35
103900203,42,33,9
103900204,1,121,-120
103900207,1,152,-151
103900208,113,1,112
103900209,17,86,-69
103900210,45,22,23
103900211,538,562,-24
103900212,102,398,-296
103900213,159,308,-149
103900214,396,182,214
103900215,629,448,181
103900216,10,465,-455
103900217,435,110,325
103900218,2,406,-404
103900219,198,384,-186
103900233,77,2,75
103900235,79,41,38
103900236,31,3,28
103900242,8,28,-20
103900243,12,9,3
103900244,94,357,-263
103900245,95,208,-113
103900246,86,52,34
103900247,45,150,-105
103900248,59,58,1
103900249,43,58,-15
103900250,63,39,24
103900251,7,58,-51
103900253,93,87,6
103900254,12,51,-39
103900255,32,44,-12
103900256,43,69,-26
103900257,237,289,-52
103900258,59,5,54
103900259,176,9,167
103900261,5,2,3
103900262,30,5,25
103900263,62,123,-61
103900264,88,52,36
103900265,211,58,153
103900266,5,62,-57
103900267,3,52,-49
103900268,12,128,-116
103900269,148,58,90
103900270,65,176,-111
103900271,32,164,-132
103900272,88,103,-15
103900273,35,86,-51
103900274,75,6,69
103900275,46,14,32
103900276,8,96,-88
103900277,8,95,-87
103900278,8,60,-52
103900279,2,23,-21
103900280,2,127,-125
104000001,2334,2220,114
104000002,1797,3457,-1660
104000003,2646,2445,201
104000004,3215,3308,-93
104000005,1631,2003,-372
104000006,3610,3194,416
104000007,4846,4929,-83
104000008,397,459,-62
104000009,187,132,55
104000010,175,278,-103
104000011,736,460,276
104000012,164,479,-315
104000013,227,176,51
104000014,315,769,-454
104000015,298,181,117
104000016,582,464,118
104000018,753,187,566
104000019,597,170,427
104000020,219,680,-461
104000021,340,656,-316
104000022,167,297,-130
104000023,635,486,149
104000024,283,454,-171
104000026,87,531,-444
104000027,374,424,-50
104000028,419,339,80
104000029,533,560,-27
104000030,341,288,53
104000031,998,461,537
104000032,259,384,-125
104000033,605,542,63
104000034,336,373,-37
104000035,759,473,286
104000036,834,590,244
104000037,284,255,29
104000038,366,403,-37
104000039,184,302,-118
104000040,292,459,-167
104000041,786,429,357
104000042,282,473,-191
104000043,373,538,-165
104000044,292,752,-460
104000045,1195,1286,-91
104000046,1475,1854,-379
104000047,968,1348,-380
104000048,977,1865,-888
104000049,623,358,265
104000050,215,777,-562
104000051,160,678,-518
104000052,1493,2072,-579
104000053,1063,670,393
104000054,639,582,57
104000055,4605,2970,1635
104000056,1634,270,1364
104000057,148,478,-330
104000058,913,972,-59
104000059,635,1413,-778
104000060,1276,1412,-136
104000061,1822,1393,429
104000062,311,177,134
104000064,678,435,243
104000065,221,580,-359
104000069,1652,1093,559
104000070,61,497,-436
104000071,214,506,-292
104000072,583,294,289
104000075,61,280,-219
104000076,651,75,576
104000082,2280,3641,-1361
104000083,840,256,584
104000084,206,568,-362
104000085,278,321,-43
104000086,214,410,-196
104000087,478,1663,-1185
104000090,689,1643,-954
104000092,1077,2825,-1748
104000094,893,2161,-1268
104000095,2288,1760,528
104000096,1668,344,1324
104000097,1871,1101,770
104000098,1799,1324,475
104000100,1709,718,991
104000101,1390,2497,-1107
104000106,88,628,-540
104000107,596,655,-59
104000108,417,590,-173
104000109,340,98,242
104000110,955,1185,-230
104000111,4435,2410,2025
104000112,2601,687,1914
104000116,3,1474,-1471
104000117,186,800,-614
104000118,613,311,302
104000119,498,321,177
104000120,266,872,-606
104000121,245,807,-562
104000122,628,812,-184
104000123,972,1347,-375
104000124,973,2976,-2003
104000125,4302,3961,341
104000126,410,473,-63
104000127,1635,3672,-2037
104000128,800,573,227
104000129,580,43,537
104000130,20,397,-377
104000131,883,527,356
104000132,900,690,210
104000133,1383,1011,372
104000134,1043,1864,-821
104000135,500,2045,-1545
104000136,795,3378,-2583
104000137,1597,409,1188
104000138,1183,551,632
104000139,7536,3175,4361
104000141,1257,1614,-357
104000142,721,838,-117
104000143,560,658,-98
104000144,87,242,-155
104000145,418,247,171
104000146,395,785,-390
104000147,168,416,-248
104000148,329,181,148
104000149,185,357,-172
104000150,1080,483,597
104000151,483,591,-108
104000152,520,648,-128
104000153,490,542,-52
104000154,1192,742,450
104000155,362,537,-175
104000157,1279,1725,-446
104000158,563,457,106
104000159,761,474,287
104000160,1766,1826,-60
104000161,290,213,77
104000162,103,151,-48
104000165,1532,1302,230
104000167,649,1104,-455
104000168,544,16,528
104000169,113,50,63
104000170,542,575,-33
104000248,379,835,-456
104000251,106,319,-213
104000272,0,0,0
104000273,0,0,0
104000274,0,0,0
104000275,0,0,0
104000279,739,561,178
104000290,183,359,-176
104000291,867,1353,-486
104000293,789,712,77
104000294,37,0,37
104000295,818,1053,-235
104000296,429,734,-305
104000297,715,1862,-1147
104000298,2268,741,1527
104000299,773,1784,-1011
104900001,173,408,-235
104900002,59,176,-117
104900003,49,301,-252
104900004,80,332,-252
104900005,299,184,115
104900006,266,132,134
104900007,315,256,59
104900009,127,417,-290
104900010,53,49,4
104900011,27,15,12
104900012,230,48,182
104900013,119,23,96
104900014,3528,336,3192
104900015,127,7,120
104900016,187,276,-89
104900017,276,206,70
104900018,18,170,-152
104900019,438,2594,-2156
104900020,48,296,-248
104900021,1,267,-266
104900022,15,135,-120
104900023,2,124,-122
104900024,26,108,-82
104900025,71,304,-233
104900026,1,116,-115
104900027,461,311,150
104900028,13,121,-108
104900029,51,121,-70
104900030,500,223,277
104900031,104,308,-204
104900032,33,167,-134
104900033,140,305,-165
104900034,367,123,244
104900035,233,149,84
104900036,198,99,99
104900037,145,285,-140
104900038,516,667,-151
104900039,971,360,611
104900040,380,102,278
104900041,237,199,38
104900042,133,290,-157
104900043,16,136,-120
104900044,456,232,224
104900045,461,49,412
104900046,156,111,45
104900047,344,149,195
104900048,204,84,120
104900049,29,25,4
104900050,290,111,179
104900051,268,65,203
104900052,59,1,58
104900053,402,87,315
104900054,139,51,88
104900055,84,0,84
104900056,188,21,167
104900057,40,0,40
104900058,709,183,526
104900059,183,48,135
104900060,5,474,-469
104900061,277,636,-359
104900063,6,92,-86
104900064,0,106,-106
104900065,1,210,-209
104900066,1,216,-215
104900067,4,421,-417
104900068,17,239,-222
104900070,229,286,-57
104900071,2,730,-728
104900072,44,248,-204
104900073,41,223,-182
104900074,63,220,-157
104900075,73,56,17
104900076,96,382,-286
104900077,1155,203,952
104900078,191,585,-394
104900079,133,465,-332
104900080,110,456,-346
104900082,12,458,-446
104900085,1,244,-243
104900087,385,5,380
104900089,145,0,145
104900090,668,599,69
104900091,523,674,-151
104900093,285,614,-329
104900097,2619,1737,882
104900098,87,57,30
104900099,413,832,-419
104900100,563,314,249
104900102,27,175,-148
104900103,473,75,398
104900104,3458,1644,1814
104900106,85,121,-36
104900107,87,274,-187
104900108,24,280,-256
104900109,101,251,-150
104900110,8,51,-43
104900111,102,133,-31
104900112,239,883,-644
104900113,670,435,235
104900114,347,536,-189
104900115,660,445,215
104900116,234,246,-12
104900118,21,76,-55
104900119,2,43,-41
104900120,47,211,-164
104900121,1,117,-116
104900122,8,91,-83
104900123,36,18,18
104900124,50,0,50
104900125,487,3,484
104900126,74,55,19
104900127,31,51,-20
104900128,109,257,-148
104900129,2416,1834,582
105000001,2973,1771,1202
105000002,2533,1781,752
105000003,3701,3940,-239
105000004,692,1355,-663
105000005,851,1238,-387
105000006,1240,1769,-529
105000007,1426,1481,-55
105000008,2272,2972,-700
105000009,2114,3470,-1356
105000010,3742,3070,672
105000011,2735,2652,83
105000012,4847,3635,1212
105000013,936,1359,-423
105000014,1845,2642,-797
105000015,9961,10993,-1032
105000016,4177,2505,1672
105000017,2001,954,1047
105000018,1641,1829,-188
105000019,1914,1147,767
105000020,246,505,-259
105000021,597,102,495
105000022,274,80,194
105000023,501,323,178
105000028,92,168,-76
105000029,584,1139,-555
105000030,5311,3841,1470
105000031,10,28,-18
105000033,1643,2570,-927
105000034,214,763,-549
105000037,721,397,324
105000038,1881,1740,141
105000039,3248,2128,1120
105000040,883,1086,-203
105000041,572,1328,-756
105000042,3274,1624,1650
105000043,2305,2215,90
105000044,567,449,118
105000045,382,947,-565
105000046,993,454,539
105000047,568,1560,-992
105000048,723,266,457
105000049,272,687,-415
105000050,824,541,283
105000051,273,664,-391
105000052,764,1019,-255
105000053,268,206,62
105000054,438,1027,-589
105000055,787,397,390
105000056,1236,2817,-1581
105000057,1371,980,391
105000058,1733,1580,153
105000059,777,799,-22
105000060,683,829,-146
105000061,611,678,-67
105000062,1036,1176,-140
105000063,422,727,-305
105000064,1119,866,253
105000065,494,899,-405
105000066,1393,1995,-602
105000067,1376,881,495
105000068,810,1049,-239
105000069,2891,1510,1381
105000070,862,797,65
105000071,444,794,-350
105000072,1144,2250,-1106
105000073,904,625,279
105000074,1203,962,241
105000075,863,845,18
105000076,1789,1206,583
105000077,3005,1064,1941
105000078,1635,1362,273
105000079,2244,2854,-610
105000080,1764,1232,532
105000081,3585,1200,2385
105000082,1395,1128,267
105000083,3871,1893,1978
105000084,950,1135,-185
105000085,1871,1446,425
105000086,688,1221,-533
105000087,2459,2341,118
105000088,1827,1837,-10
105000089,3534,2406,1128
105000090,1175,1031,144
105000091,1932,1786,146
105000092,951,1094,-143
105000093,484,297,187
105000094,313,216,97
105000095,110,672,-562
105000096,1581,955,626
105000097,1511,765,746
105000098,1485,737,748
105000099,1759,862,897
105000100,1180,1378,-198
105000101,2270,2346,-76
105000102,1617,1785,-168
105000103,1696,2360,-664
105000104,2187,1162,1025
105000105,1333,2464,-1131
105000106,1590,1981,-391
105000107,1292,1080,212
105000108,1380,1820,-440
105000109,1479,2051,-572
105000110,763,933,-170
105000111,693,906,-213
105000112,1211,1019,192
105000113,475,794,-319
105000114,3680,1280,2400
105000115,337,1249,-912
105000116,785,556,229
105000117,1111,1424,-313
105000118,508,387,121
105000119,619,1263,-644
105000120,1085,640,445
105000121,1083,1373,-290
105000122,395,770,-375
105000123,1399,1683,-284
105000124,1827,1029,798
105000125,902,2393,-1491
105000126,2152,2344,-192
105000127,2688,2579,109
105000128,773,1511,-738
105000129,950,408,542
105000130,332,2246,-1914
105000131,1126,532,594
105000132,755,578,177
105000133,567,1155,-588
105000134,681,651,30
105000135,585,825,-240
105000136,209,526,-317
105000137,475,279,196
105000138,255,504,-249
105000139,1291,1233,58
105000140,343,648,-305
105000141,307,736,-429
105000142,174,613,-439
105000143,231,790,-559
105000144,396,1047,-651
105000145,619,505,114
105000146,658,1131,-473
105000147,641,431,210
105000148,1323,753,570
105000149,2200,2276,-76
105000150,2252,1903,349
105000151,512,474,38
105000152,186,620,-434
105000153,498,731,-233
105000154,672,802,-130
105000155,346,904,-558
105000156,1083,831,252
105000157,900,1949,-1049
105000158,2037,957,1080
105000159,246,1250,-1004
105000160,1734,730,1004
105000161,734,1473,-739
105000162,699,1668,-969
105000163,1554,1029,525
105000164,187,333,-146
105000165,1421,4952,-3531
105000166,7060,831,6229
105000167,2898,1534,1364
105000168,395,845,-450
105000169,514,393,121
105000170,235,1430,-1195
105000171,1376,352,1024
105000172,173,22,151
105000173,155,31,124
105000174,122,47,75
105000175,60,180,-120
105000176,235,112,123
105000177,317,209,108
105000178,126,651,-525
105000179,434,211,223
105000180,116,115,1
105000181,92,435,-343
105000182,38,39,-1
105000183,3057,1906,1151
105000184,1670,1075,595
105000185,1618,866,752
105000186,697,860,-163
105000187,891,240,651
105000188,450,116,334
105000189,364,561,-197
105000190,340,432,-92
105000191,414,426,-12
105000192,280,76,204
105000193,132,138,-6
105000194,390,90,300
105000195,287,931,-644
105000196,82,207,-125
105000197,275,707,-432
105000198,588,391,197
105000199,483,585,-102
105000200,169,216,-47
105000201,143,38,105
105000203,10,266,-256
105000204,80,84,-4
105000205,88,237,-149
105000207,731,243,488
105000208,250,575,-325
105000209,242,334,-92
105000211,148,7,141
105000212,1316,1522,-206
105000213,213,229,-16
105000214,129,285,-156
105000215,294,243,51
105000216,143,346,-203
105000217,177,298,-121
105000218,1164,1317,-153
105000221,207,255,-48
105000222,386,48,338
105000223,257,156,101
105000226,80,346,-266
105000227,61,246,-185
105000228,330,1459,-1129
105000229,169,385,-216
105000231,343,322,21
105000233,885,791,94
105000234,638,1441,-803
105000235,411,754,-343
105000237,828,111,717
105000243,46,36,10
105000248,143,79,64
105000262,268,1575,-1307
105000269,113,204,-91
105000270,378,83,295
105000271,0,278,-278
105000282,102,68,34
105000287,376,136,240
105000288,581,549,32
105000289,3315,1723,1592
105000290,60,5,55
105000402,4313,2979,1334
105000426,668,667,1
105000438,3806,1289,2517
105000440,16,14,2
105000446,14534,6490,8044
105000447,8586,3544,5042
105000454,359,904,-545
105000455,296,215,81
105000474,21,3,18
105000477,240,494,-254
105000478,1796,3638,-1842
105000479,163,166,-3
105000480,7696,4529,3167
105000481,3977,3121,856
105000482,6341,6526,-185
105000483,1589,1816,-227
105000484,2959,3325,-366
105000485,1756,2394,-638
105000486,5230,3571,1659
105000488,9526,5877,3649
105000489,953,936,17
105000549,87,148,-61
105000550,615,1670,-1055
105000551,28,141,-113
105000552,4358,2360,1998
105000555,1441,1085,356
105000556,31,37,-6
105000557,30,195,-165
105900001,8,1080,-1072
105900002,1364,628,736
105900003,10,160,-150
105900004,306,137,169
105900005,7,273,-266
105900006,3,84,-81
105900007,81,16,65
105900008,78,751,-673
105900009,18,7,11
105900011,148,54,94
105900012,549,108,441
105900013,1,23,-22
105900014,9,58,-49
105900015,191,401,-210
105900016,372,701,-329
105900017,1204,53,1151
105900018,160,266,-106
105900019,66,447,-381
105900020,46,69,-23
105900021,23,240,-217
105900022,268,303,-35
105900023,1,83,-82
105900024,12,79,-67
105900025,172,42,130
105900026,261,34,227
105900027,4671,7245,-2574
105900028,316,191,125
105900029,1790,386,1404
105900030,275,271,4
105900031,380,188,192
105900032,52,149,-97
105900033,393,156,237
105900034,199,223,-24
105900035,175,163,12
105900036,56,156,-100
105900037,56,78,-22
105900038,159,362,-203
105900039,133,138,-5
105900040,85,108,-23
105900041,177,329,-152
105900042,50,127,-77
105900043,2012,50,1962
105900044,5,482,-477
105900045,2,728,-726
105900046,4,212,-208
105900047,14,55,-41
105900048,171,808,-637
105900050,5751,959,4792
105900051,11,1045,-1034
105900052,491,301,190
105900053,4003,2436,1567
105900054,382,243,139
105900056,721,294,427
105900057,27,97,-70
105900058,12,24,-12
105900059,1,27,-26
106000001,4836,2550,2286
106000002,2800,6052,-3252
106000003,3447,4283,-836
106000004,2409,3385,-976
106000005,3120,6229,-3109
106000006,7140,5735,1405
106000007,491,618,-127
106000008,438,387,51
106000009,546,509,37
106000010,641,702,-61
106000011,932,1250,-318
106000012,889,1743,-854
106000013,1701,2105,-404
106000014,1978,2137,-159
106000015,1350,1235,115
106000016,1410,2789,-1379
106000017,721,823,-102
106000018,757,569,188
106000019,389,506,-117
106000020,272,451,-179
106000021,302,511,-209
106000022,417,299,118
106000023,725,405,320
106000024,596,794,-198
106000025,140,264,-124
106000026,134,326,-192
106000027,1158,1569,-411
106000028,634,752,-118
106000029,1231,1330,-99
106000030,774,412,362
106000034,307,786,-479
106000035,1278,1758,-480
106000036,301,453,-152
106000037,2236,1635,601
106000038,449,131,318
106000039,152,93,59
106000040,209,968,-759
106000041,925,464,461
106000043,628,250,378
106000046,429,62,367
106000047,54,450,-396
106000049,1072,206,866
106000050,468,978,-510
106000051,656,442,214
106000052,110,710,-600
106000053,243,123,120
106000054,465,575,-110
106000055,931,1201,-270
106000056,297,474,-177
106000057,241,350,-109
106000058,164,224,-60
106000059,250,264,-14
106000060,418,663,-245
106000061,242,637,-395
106000062,132,659,-527
106000063,651,675,-24
106000064,52,410,-358
106000065,293,305,-12
106000066,115,344,-229
106000067,346,141,205
106000068,87,801,-714
106000069,214,75,139
106000070,486,949,-463
106000071,948,392,556
106000072,4353,1901,2452
106000073,2284,3275,-991
106000074,639,815,-176
106000075,357,1543,-1186
106000076,1954,2343,-389
106000077,3764,1784,1980
106000078,998,1235,-237
106000079,652,1200,-548
106000080,1303,859,444
106000081,701,1585,-884
106000082,2697,1083,1614
106000083,397,1765,-1368
106000084,1224,831,393
106000085,1571,1891,-320
106000086,707,1030,-323
106000087,883,640,243
106000088,380,858,-478
106000089,1007,433,574
106000090,316,721,-405
106000091,284,735,-451
106000092,774,278,496
106000093,431,98,333
106000094,110,364,-254
106000095,700,1177,-477
106000096,952,780,172
106000097,950,1209,-259
106000098,691,1109,-418
106000099,243,947,-704
106000100,1287,306,981
106000101,1201,293,908
106000102,232,641,-409
106000103,282,559,-277
106000104,832,574,258
106000105,476,866,-390
106000106,577,622,-45
106000107,176,492,-316
106000108,377,363,14
106000109,163,495,-332
106000110,244,356,-112
106000111,225,580,-355
106000112,229,561,-332
106000113,962,666,296
106000114,578,556,22
106000115,232,626,-394
106000116,275,254,21
106000117,1081,875,206
106000118,1139,1473,-334
106000119,2114,1289,825
106000120,856,1258,-402
106000121,228,167,61
106000122,137,291,-154
106000123,347,184,163
106000124,72,314,-242
106000125,48,333,-285
106000126,285,137,148
106000127,843,1131,-288
106000128,790,262,528
106000129,492,720,-228
106000130,656,475,181
106000131,181,907,-726
106000132,748,156,592
106000133,2940,1502,1438
106000134,745,1873,-1128
106000135,317,793,-476
106000136,673,1030,-357
106000137,125,1166,-1041
106000138,1040,127,913
106000139,60,194,-134
106000140,42,93,-51
106000141,163,102,61
106000142,79,78,1
106000143,53,91,-38
106000144,51,85,-34
106000145,252,327,-75
106000146,353,176,177
106000147,507,610,-103
106000148,687,881,-194
106000149,561,383,178
106000150,548,2256,-1708
106000151,4703,892,3811
106000152,1553,1981,-428
106000153,121,2097,-1976
106000154,1634,319,1315
106000155,125,252,-127
106000156,676,306,370
106000157,753,2107,-1354
106000158,3025,971,2054
106000159,4042,2031,2011
106000160,384,2799,-2415
106000161,1678,517,1161
106000162,229,1021,-792
106000163,300,558,-258
106000164,400,383,17
106000165,223,653,-430
106000166,762,303,459
106000167,396,1371,-975
106000168,414,270,144
106000169,215,811,-596
106000170,699,259,440
106000171,150,1211,-1061
106000172,2919,1302,1617
106000173,1008,3128,-2120
106000174,1088,480,608
106000175,381,1162,-781
106000176,1465,792,673
106000177,951,2641,-1690
106000178,3040,1852,1188
106000179,1205,2707,-1502
106000180,871,1637,-766
106000181,679,1812,-1133
106000182,940,765,175
106000183,1141,840,301
106000184,2115,791,1324
106000185,1588,1092,496
106000186,1014,195,819
106000187,263,1253,-990
106000188,0,1,-1
106000189,9,78,-69
106000190,38,0,38
106000191,660,238,422
106000192,18,21,-3
106000193,351,216,135
106000194,142,347,-205
106000195,243,117,126
106000196,109,351,-242
106000197,470,317,153
106000198,106,348,-242
106000199,850,764,86
106000200,358,201,157
106000201,542,3002,-2460
106000202,5161,643,4518
106000203,125,268,-143
106000204,119,15,104
106000205,15,199,-184
106000206,130,31,99
106000207,64,830,-766
106000208,1206,227,979
106000209,1383,398,985
106000210,289,1378,-1089
106000211,389,1430,-1041
106000212,848,401,447
106000213,796,1755,-959
106000214,2679,575,2104
106000215,314,575,-261
106000216,367,428,-61
106000217,363,669,-306
106000218,613,471,142
106000219,139,427,-288
106000220,450,305,145
106000221,140,345,-205
106000222,44,133,-89
106000223,161,128,33
106000224,224,297,-73
106000225,108,82,26
106000226,189,382,-193
106000228,38,147,-109
106000229,129,729,-600
106000231,828,170,658
106000232,83,442,-359
106000233,605,143,462
106000234,120,209,-89
106000235,405,116,289
106000236,151,49,102
106000237,6,14,-8
106000238,172,17,155
106000239,10,161,-151
106000240,96,22,74
106000241,13,783,-770
106000242,374,30,344
106000249,66,133,-67
106000250,61,569,-508
106000251,59,38,21
106000252,19,79,-60
106000253,31,91,-60
106000254,34,53,-19
106000255,19,185,-166
106000256,65,65,0
106000257,136,240,-104
106000258,271,31,240
106000259,4,66,-62
106000260,26,5,21
106000261,1,55,-54
106000262,99,12,87
106000263,23,83,-60
106000264,208,9,199
106000265,22,154,-132
106000266,163,29,134
106000267,7,100,-93
106000268,499,66,433
106000269,79,71,8
106000270,165,632,-467
106000271,89,256,-167
106000272,183,72,111
106000273,10,291,-281
106000274,199,43,156
106000275,162,226,-64
106000276,171,69,102
106000277,136,249,-113
106000278,263,49,214
106000279,39,56,-17
106000280,127,155,-28
106000281,102,68,34
106000282,65,82,-17
106000283,115,104,11
106000284,73,109,-36
106000285,137,161,-24
106000286,66,158,-92
106000287,134,85,49
106000288,83,205,-122
106000289,79,86,-7
106000290,59,119,-60
106000291,69,92,-23
106000292,109,117,-8
106000293,115,113,2
106000294,137,133,4
106000295,37,56,-19
106000296,69,129,-60
106000297,74,274,-200
106000298,154,69,85
106000299,70,183,-113
106000300,60,99,-39
106000301,69,103,-34
106000303,24,97,-73
106000304,34,34,0
106000305,31,53,-22
106000306,35,52,-17
106000307,62,15,47
106000308,32,142,-110
106000309,18,60,-42
106000310,352,676,-324
106000311,373,162,211
106000312,89,181,-92
106000313,159,256,-97
106000318,165,352,-187
106000319,1180,238,942
106000320,5,58,-53
106000321,378,69,309
106000322,140,226,-86
106000324,9,172,-163
106000325,1571,1049,522
106000326,1116,2133,-1017
106000327,135,184,-49
106000328,13,109,-96
106000329,49,341,-292
106000330,33,75,-42
106000428,108,241,-133
106000429,189,593,-404
106000430,439,1524,-1085
106000431,2318,479,1839
106000432,2253,3642,-1389
106000433,2158,1446,712
106000434,3256,1533,1723
106000435,2159,3396,-1237
106000436,21,298,-277
106000437,373,26,347
106000438,835,168,667
106000439,50,429,-379
106000440,263,585,-322
106000441,2,1,1
106000442,269,20,249
106000443,115,396,-281
106000450,3,198,-195
106000451,55,39,16
106000454,4,158,-154
106000455,12,183,-171
106000456,149,53,96
106000457,25,1109,-1084
106000458,735,182,553
106000459,216,511,-295
106000460,1359,48,1311
106000461,109,1563,-1454
106000462,4,42,-38
106000463,5,30,-25
106000464,4,468,-464
106000465,585,3,582
106000466,5,742,-737
106000467,514,617,-103
106000468,81,220,-139
106000469,255,6,249
106000470,265,1992,-1727
106000471,37,694,-657
106000472,181,10,171
106000473,35,22,13
106000474,319,642,-323
106000475,308,235,73
106000476,222,192,30
106000477,50,164,-114
106000480,0,329,-329
106900001,1,10,-9
106900002,3,590,-587
106900003,277,977,-700
106900004,3,67,-64
106900006,0,5,-5
106900007,0,15,-15
106900008,374,289,85
106900009,306,400,-94
106900010,247,318,-71
106900012,1875,2037,-162
106900013,558,150,408
106900014,37,4,33
106900015,19,4,15
106900016,304,12,292
106900017,4,0,4
106900018,7,0,7
106900019,34,4,30
106900020,2849,1453,1396
106900021,162,90,72
106900022,788,15,773
106900023,74,328,-254
106900024,519,42,477
106900025,58,697,-639
106900026,1,758,-757
106900027,853,2,851
107000001,4497,3432,1065
107000002,4447,5697,-1250
107000003,5263,7494,-2231
107000004,6136,6619,-483
107000005,4099,6041,-1942
107000006,5008,6317,-1309
107000007,5419,11604,-6185
107000008,14896,11179,3717
107000009,6833,8222,-1389
107000010,12916,12877,39
107000011,1444,1663,-219
107000012,4965,3901,1064
107000013,79,166,-87
107000014,55,364,-309
107000015,817,1052,-235
107000016,798,1067,-269
107000017,5142,1108,4034
107000018,18,432,-414
107000020,3525,597,2928
107000021,1550,771,779
107000022,1043,1206,-163
107000023,2493,403,2090
107000024,601,1800,-1199
107000025,291,560,-269
107000026,207,727,-520
107000027,1514,1607,-93
107000028,1515,2155,-640
107000029,3387,2755,632
107000030,3500,4170,-670
107000031,4033,2834,1199
107000032,522,1203,-681
107000033,3996,6624,-2628
107000034,4597,2125,2472
107000035,487,378,109
107000036,515,1892,-1377
107000037,69,1002,-933
107000038,330,313,17
107000039,964,977,-13
107000040,220,380,-160
107000041,1823,797,1026
107000042,895,2142,-1247
107000043,2980,1265,1715
107000044,650,391,259
107000045,144,369,-225
107000046,744,515,229
107000047,458,973,-515
107000048,687,357,330
107000049,593,904,-311
107000050,1249,677,572
107000051,551,497,54
107000052,1457,1141,316
107000053,425,265,160
107000054,67,338,-271
107000055,390,216,174
107000056,618,1051,-433
107000057,2156,354,1802
107000058,2390,2601,-211
107000059,2551,4454,-1903
107000060,4030,5887,-1857
107000061,6365,4663,1702
107000062,3982,3279,703
107000063,4845,6679,-1834
107000064,5079,2517,2562
107000065,4972,5931,-959
107000066,2148,2756,-608
107000067,1112,1376,-264
107000068,1643,722,921
107000069,874,544,330
107000070,1321,4,1317
107000071,3178,55,3123
107000072,74,3654,-3580
107000073,723,336,387
107000074,174,1226,-1052
107000075,1837,490,1347
107000076,844,1836,-992
107000077,3317,1465,1852
107000078,2923,3838,-915
107000079,2710,1178,1532
107000080,1433,3905,-2472
107000081,1635,640,995
107000082,592,2215,-1623
107000083,1302,571,731
107000084,499,2104,-1605
107000085,3292,3901,-609
107000086,4142,4174,-32
107000087,2902,2396,506
107000088,3534,4266,-732
107000089,1402,2101,-699
107000090,1176,1546,-370
107000091,1255,927,328
107000092,872,1422,-550
107000093,1169,853,316
107000094,1293,1566,-273
107000095,793,756,37
107000096,737,1022,-285
107000097,807,465,342
107000098,630,838,-208
107000099,528,366,162
107000100,370,334,36
107000101,88,228,-140
107000102,467,410,57
107000103,398,240,158
107000104,235,405,-170
107000105,447,152,295
107000106,213,440,-227
107000107,855,244,611
107000108,317,779,-462
107000109,829,246,583
107000110,116,595,-479
107000111,400,56,344
107000112,51,367,-316
107000113,609,125,484
107000114,103,778,-675
107000115,575,142,433
107000116,121,1167,-1046
107000117,120,778,-658
107000118,156,282,-126
107000119,1770,1739,31
107000120,2286,505,1781
107000121,666,824,-158
107000122,1192,1192,0
107000123,442,928,-486
107000124,673,1106,-433
107000125,900,879,21
107000126,995,1003,-8
107000129,436,1052,-616
107000130,933,265,668
107000131,472,800,-328
107000132,662,350,312
107000133,988,135,853
107000134,293,2,291
107000135,4,294,-290
107000136,928,12,916
107000137,28,481,-453
107000138,417,13,404
107000139,32,427,-395
107000140,1584,144,1440
107000141,145,864,-719
107000142,493,111,382
107000143,88,880,-792
107000144,530,567,-37
107000145,191,669,-478
107000146,155,409,-254
107000147,4896,1463,3433
107000150,840,2966,-2126
107000151,57,97,-40
107000152,686,1444,-758
107000153,284,458,-174
107000154,340,203,137
107000155,968,32,936
107000156,1201,27,1174
107000157,39,2031,-1992
107000158,716,30,686
107000159,40,1540,-1500
107000160,944,173,771
107000161,105,1706,-1601
107000162,255,569,-314
107000163,263,3,260
107000164,597,1,596
107000165,805,5,800
107000166,67,1326,-1259
107000167,540,259,281
107000168,1067,469,598
107000169,1015,1053,-38
107000170,1945,798,1147
107000171,532,2372,-1840
107000172,1088,1779,-691
107000173,797,1343,-546
107000174,952,4936,-3984
107000175,8188,2181,6007
107000176,0,1,-1
107000177,8,5,3
107000178,7,35,-28
107000179,267,2841,-2574
107000180,1265,368,897
107000181,452,1634,-1182
107000182,1600,976,624
107000183,161,991,-830
107000184,1090,882,208
107000185,454,1527,-1073
107000186,1117,418,699
107000187,1185,1560,-375
107000188,720,755,-35
107000189,419,1150,-731
107000190,595,962,-367
107000191,849,1556,-707
107000192,1757,935,822
107000193,531,533,-2
107000194,1180,842,338
107000197,892,270,622
107000198,352,918,-566
107000199,659,1043,-384
107000200,970,790,180
107000201,448,252,196
107000202,310,589,-279
107000203,1243,634,609
107000204,1955,733,1222
107000205,2323,1224,1099
107000206,1105,1373,-268
107000207,912,1140,-228
107000208,1298,509,789
107000209,2482,1378,1104
107000210,869,491,378
107000211,12,44,-32
107000212,12,500,-488
107000213,7,28,-21
107000214,22,273,-251
107000215,417,506,-89
107000216,396,401,-5
107000217,155,148,7
107000219,75,114,-39
107000220,175,261,-86
107000222,281,895,-614
107000224,372,131,241
107000225,155,549,-394
107000226,360,84,276
107000227,87,344,-257
107000228,68,259,-191
107000229,319,244,75
107000230,1471,605,866
107000231,1975,1416,559
107000232,137,69,68
107000233,1690,866,824
107000234,1,65,-64
107000235,83,11,72
107000236,19,641,-622
107000237,14,0,14
107000238,19,0,19
107000239,4119,658,3461
107000240,90,1142,-1052
107000243,0,61,-61
107000244,5,80,-75
107000246,4,1278,-1274
107000249,1,1207,-1206
107000251,3,292,-289
107000252,6,1095,-1089
107000255,496,68,428
107000257,1,536,-535
107000258,2,132,-130
107000259,11,239,-228
107000260,685,10,675
107000262,7,605,-598
107000263,235,5,230
107000266,11,6,5
107000267,69,139,-70
107000268,156,179,-23
107000269,789,49,740
107000270,5,9,-4
107000271,14,1009,-995
107000272,29,182,-153
107000273,1,268,-267
107000274,2355,259,2096
107000275,80,565,-485
107000280,698,26,672
107000281,38,1147,-1109
107000282,23,1048,-1025
107000290,1,17,-16
107000291,64,17,47
107000292,2,43,-41
107000293,235,3,232
107000294,1,66,-65
107000295,39,2,37
107000296,1,19,-18
107000444,334,7,327
107000496,0,39,-39
107000497,1608,2892,-1284
107000500,401,341,60
107000501,136,160,-24
107000502,316,364,-48
107000505,617,1043,-426
107000506,0,19,-19
107000508,2,684,-682
107000509,287,1024,-737
107000510,25,32,-7
107000514,65,375,-310
107000515,10,231,-221
107000516,334,301,33
107000518,1468,1201,267
107000519,2767,1215,1552
107000520,74,22,52
107000521,701,539,162
107000522,790,761,29
107900001,38,180,-142
107900002,41,5,36
107900003,280,20,260
107900004,25,0,25
107900005,1093,5,1088
107900006,198,5,193
107900007,309,19,290
107900008,69,34,35
107900009,171,4,167
107900010,34,0,34
107900012,268,21,247
107900013,284,54,230
107900014,40,3,37
107900015,930,16,914
107900016,498,85,413
107900017,14,3,11
107900018,53,135,-82
107900019,15,59,-44
107900020,149,24,125
107900021,52,131,-79
107900023,4,0,4
107900024,0,31,-31
107900025,231,301,-70
107900026,50,93,-43
107900027,60,39,21
107900028,69,84,-15
107900030,121,11,110
107900031,103,187,-84
107900032,50,0,50
107900033,16,6,10
107900034,331,12,319
107900035,681,28,653
107900036,62,11,51
107900037,0,56,-56
107900038,150,198,-48
107900039,34,62,-28
107900040,34,69,-35
107900041,3,0,3
107900043,29,151,-122
107900044,5,5,0
107900045,82,28,54
107900046,131,159,-28
107900047,20,76,-56
107900048,185,6,179
107900049,361,1245,-884
107900050,165,425,-260
107900051,81,51,30
107900052,37,13,24
107900053,19,96,-77
107900055,580,218,362
107900056,124,41,83
107900057,5,0,5
107900058,46,733,-687
107900060,28,32,-4
107900061,37,4,33
107900063,91,114,-23
107900064,380,108,272
107900065,119,11,108
107900066,5,5,0
107900067,0,0,0
107900068,262,225,37
107900069,41,1825,-1784
107900070,106,33,73
107900071,55,957,-902
107900072,90,166,-76
107900073,82,152,-70
107900074,805,201,604
107900076,116,54,62
107900077,42,0,42
107900079,5,29,-24
107900080,375,308,67
107900081,36,119,-83
107900082,30,14,16
107900083,309,147,162
107900084,102,134,-32
107900086,53,149,-96
107900087,727,141,586
107900088,28,8,20
107900089,270,1121,-851
107900090,563,2258,-1695
107900091,247,490,-243
107900093,66,64,2
107900095,3816,2274,1542
107900097,14,80,-66
107900098,40,166,-126
107900100,1108,1202,-94
107900101,1231,231,1000
107900102,17,6,11
107900103,40,172,-132
107900104,220,9,211
107900105,2,486,-484
107900106,3,1442,-1439
107900107,886,498,388
107900108,399,121,278
107900109,1225,11,1214
107900110,48,66,-18
107900111,3,1009,-1006
107900112,219,464,-245
107900113,213,142,71
107900114,161,156,5
107900115,5,33,-28
107900116,146,169,-23
107900117,644,437,207
107900118,110,208,-98
107900119,76,202,-126
107900120,21,39,-18
107900121,6,117,-111
107900122,7,65,-58
107900123,2,38,-36
107900124,33,25,8
107900125,32,213,-181
107900126,6,71,-65
107900127,341,363,-22
107900128,90,89,1
107900129,39,27,12
107900130,53,20,33
107900131,754,205,549
107900132,112,402,-290
107900133,0,82,-82
107900134,29,38,-9
107900135,4,191,-187
107900136,29,35,-6
107900137,159,104,55
107900138,41,41,0
107900139,38,72,-34
107900141,68,43,25
107900142,87,898,-811
107900143,39,37,2
107900144,0,174,-174
107900145,10,81,-71
107900146,32,138,-106
107900147,54,27,27
107900148,183,142,41
107900149,1165,250,915
107900150,124,723,-599
107900151,52,118,-66
107900152,6,168,-162
107900153,168,370,-202
107900154,44,19,25
107900155,58,65,-7
107900156,0,307,-307
107900157,42,116,-74
107900158,668,30,638
107900159,43,953,-910
107900160,149,190,-41
107900161,17,189,-172
107900162,2,36,-34
107900163,62,11,51
107900164,6,51,-45
107900165,16,102,-86
107900166,10,219,-209
107900167,22,11,11
107900168,8,48,-40
107900169,2,190,-188
107900171,9,1667,-1658
107900172,2,326,-324
107900173,19,155,-136
107900174,109,6,103
107900175,25,4,21
107900176,20,32,-12
107900177,0,78,-78
107900178,2,222,-220
107900179,8,141,-133
107900180,737,547,190
107900181,338,378,-40
107900182,13,1468,-1455
107900183,28,315,-287
107900184,110,216,-106
107900185,131,4,127
107900186,32,61,-29
107900187,0,107,-107
107900188,1001,158,843
107900189,7,127,-120
107900190,75,74,1
107900191,59,135,-76
107900193,18,74,-56
107900194,325,15,310
107900195,3516,480,3036
107900196,51,78,-27
107900197,1012,276,736
107900199,2,1179,-1177
107900201,107,138,-31
107900203,48,103,-55
107900204,219,230,-11
107900206,1142,169,973
107900207,3,902,-899
107900208,9,730,-721
107900209,357,139,218
107900210,93,146,-53
107900213,467,425,42
107900214,6,133,-127
107900215,162,310,-148
107900216,200,123,77
107900217,24,99,-75
107900218,15,1351,-1336
107900219,42,107,-65
107900220,251,299,-48
107900221,204,203,1
107900223,70,534,-464
107900224,119,299,-180
107900225,4,817,-813
107900226,103,139,-36
107900227,148,465,-317
107900228,21,111,-90
107900229,2,277,-275
107900230,7,131,-124
107900231,9,226,-217
107900232,58,153,-95
107900233,15,207,-192
107900234,122,139,-17
107900235,17,119,-102
107900236,93,78,15
107900237,72,413,-341
107900238,19,128,-109
107900239,1166,426,740
107900240,33,121,-88
107900241,14,92,-78
107900242,20,345,-325
107900243,2,72,-70
107900244,343,1,342
107900245,602,44,558
107900246,168,8,160
107900248,292,440,-148
107900249,554,16,538
107900250,5,606,-601
107900251,89,1554,-1465
107900252,790,9,781
107900253,123,4,119
107900254,74,294,-220
107900255,321,102,219
107900256,1415,415,1000
107900257,181,91,90
107900258,78,314,-236
107900259,97,1946,-1849
107900261,7,383,-376
107900262,49,157,-108
107900264,201,1,200
107900265,108,147,-39
107900267,193,27,166
107900268,30,10,20
107900269,1,10,-9
107900270,3,0,3
107900271,2,12,-10
107900272,133,19,114
107900273,42,88,-46
107900274,57,0,57
107900275,25,1,24
107900276,0,109,-109
107900277,1,234,-233
107900278,238,347,-109
107900279,122,181,-59
107900280,1699,2241,-542
107900281,2251,2380,-129
107900282,73,419,-346
107900283,1417,478,939
107900284,642,838,-196
107900285,85,79,6
107900286,145,110,35
107900287,133,220,-87
107900290,1,109,-108
107900291,388,11,377
107900292,133,247,-114
107900293,106,580,-474
107900295,48,96,-48
107900297,0,346,-346
107900298,1118,939,179
107900299,3489,2134,1355
107900301,692,660,32
107900302,94,30,64
107900303,145,361,-216
107900304,199,471,-272
107900305,262,10,252
107900306,14,17,-3
107900307,43,200,-157
107900308,140,53,87
107900309,177,3,174
107900310,412,3,409
107900311,2,114,-112
107900312,106,2,104
107900313,0,109,-109
107900314,2,31,-29
107900315,1,42,-41
107900316,44,2,42
107900317,143,21,122
107900318,9,153,-144
107900319,3,229,-226
107900320,4,234,-230
107900321,128,7,121
107900322,3,170,-167
107900323,8,175,-167
107900324,211,9,202
107900325,145,2,143
107900326,406,364,42
107900327,9,48,-39
107900328,251,4,247
107900329,245,98,147
107900330,7,371,-364
107900331,199,44,155
107900332,253,43,210
107900333,39,13,26
107900334,13,201,-188
107900335,58,56,2
107900336,30,65,-35
107900337,1474,956,518
107900338,2,161,-159
107900339,4,33,-29
107900340,3,56,-53
107900341,77,0,77
107900342,148,98,50
107900343,93,0,93
107900344,6,70,-64
107900345,95,36,59
107900346,26,0,26
107900347,30,4,26
107900348,3,1,2
107900349,33,5,28
107900350,20,305,-285
107900351,6,271,-265
107900352,4,42,-38
107900353,16,2,14
107900354,69,51,18
108000001,2841,4258,-1417
108000002,2733,3273,-540
108000003,3673,3364,309
108000004,16647,19174,-2527
108000005,8592,6257,2335
108000006,9886,9084,802
108000007,5074,4887,187
108000008,5611,7860,-2249
108000009,3823,4897,-1074
108000010,3960,5860,-1900
108000011,11724,12831,-1107
108000012,20545,20000,545
108000014,1464,893,571
108000015,819,269,550
108000016,364,945,-581
108000017,928,425,503
108000018,1714,642,1072
108000019,2247,886,1361
108000020,1540,599,941
108000021,474,2170,-1696
108000022,561,1803,-1242
108000023,1260,234,1026
108000024,347,712,-365
108000025,321,312,9
108000026,713,594,119
108000027,680,855,-175
108000028,698,327,371
108000029,524,1075,-551
108000030,853,243,610
108000031,389,662,-273
108000032,1393,607,786
108000033,778,1541,-763
108000034,1652,519,1133
108000035,877,2890,-2013
108000036,336,1367,-1031
108000037,1466,411,1055
108000038,2405,594,1811
108000039,627,2614,-1987
108000040,1792,952,840
108000041,756,3048,-2292
108000042,235,309,-74
108000043,244,362,-118
108000044,474,213,261
108000045,312,772,-460
108000046,1440,359,1081
108000047,451,1325,-874
108000048,180,489,-309
108000049,855,268,587
108000050,180,863,-683
108000051,229,130,99
108000052,247,801,-554
108000053,403,192,211
108000054,553,1141,-588
108000055,1150,464,686
108000056,1503,1426,77
108000057,674,1144,-470
108000058,2103,3938,-1835
108000059,3765,2486,1279
108000060,214,683,-469
108000061,363,551,-188
108000062,728,589,139
108000063,397,573,-176
108000064,258,332,-74
108000065,706,609,97
108000066,1767,798,969
108000067,1743,572,1171
108000068,802,501,301
108000069,312,1305,-993
108000070,1718,724,994
108000071,690,1877,-1187
108000072,1629,1200,429
108000073,1654,2132,-478
108000074,528,418,110
108000075,335,950,-615
108000076,824,693,131
108000077,724,844,-120
108000078,2247,1592,655
108000079,1021,2214,-1193
108000080,1189,606,583
108000081,652,2232,-1580
108000082,1126,2268,-1142
108000083,1808,970,838
108000084,455,1410,-955
108000085,681,520,161
108000086,953,884,69
108000087,123,1876,-1753
108000088,754,184,570
108000089,374,355,19
108000091,214,635,-421
108000092,152,99,53
108000093,189,629,-440
108000094,593,140,453
108000095,148,502,-354
108000096,338,225,113
108000097,148,580,-432
108000098,1590,1563,27
108000099,1461,354,1107
108000100,173,572,-399
108000101,1384,1680,-296
108000102,1760,3662,-1902
108000106,925,0,925
108000107,3,747,-744
108000108,1047,55,992
108000109,7,968,-961
108000110,179,367,-188
108000111,198,858,-660
108000112,88,125,-37
108000113,559,298,261
108000115,404,368,36
108000117,829,394,435
108000118,603,1526,-923
108000119,770,459,311
108000120,136,840,-704
108000121,215,592,-377
108000122,485,384,101
108000123,709,269,440
108000124,321,662,-341
108000125,394,343,51
108000126,171,510,-339
108000127,601,399,202
108000128,556,627,-71
108000129,281,1345,-1064
108000130,374,317,57
108000131,1005,598,407
108000132,2460,1797,663
108000133,892,619,273
108000134,634,741,-107
108000135,1322,532,790
108000136,581,1060,-479
108000137,408,470,-62
108000138,341,1255,-914
108000139,461,359,102
108000140,78,40,38
108000141,34,137,-103
108000142,53,143,-90
108000143,45,584,-539
108000144,381,103,278
108000145,51,32,19
108000146,569,69,500
108000147,59,41,18
108000148,573,95,478
108000149,37,28,9
108000150,37,6,31
108000151,594,83,511
108000152,142,568,-426
108000153,418,179,239
108000154,58,18,40
108000155,37,24,13
108000156,783,604,179
108000157,192,850,-658
108000158,110,720,-610
108000159,687,204,483
108000160,4298,1213,3085
108000161,3867,2380,1487
108000165,7,155,-148
108000172,6,362,-356
108000173,2651,2070,581
108000175,475,154,321
108000178,526,411,115
108000179,211,772,-561
108000181,98,70,28
108000182,298,118,180
108000183,184,466,-282
108000184,1247,2076,-829
108000185,242,673,-431
108000186,404,678,-274
108000187,110,757,-647
108000188,612,290,322
108000189,2710,7000,-4290
108000190,58,125,-67
108000192,258,728,-470
108000193,949,27,922
108000194,66,23,43
108000195,0,1340,-1340
108000196,234,239,-5
108000198,861,472,389
108000199,3,258,-255
108000200,346,621,-275
108000203,173,844,-671
108000204,114,28,86
108000205,395,565,-170
108000339,1516,457,1059
108000364,354,868,-514
108000365,85,354,-269
108000367,168,494,-326
108000368,12,82,-70
108000369,1339,207,1132
108000371,14,750,-736
108000372,744,11,733
108000373,319,197,122
108000376,60,26,34
108000377,356,345,11
108000378,9715,10981,-1266
108000379,43,209,-166
108000381,53,13,40
108000382,260,3,257
108000383,0,238,-238
108900001,126,1226,-1100
108900002,198,47,151
108900003,342,844,-502
108900004,1429,549,880
108900007,190,199,-9
108900008,83,164,-81
108900009,73,123,-50
108900010,207,208,-1
108900011,431,496,-65
108900012,255,411,-156
108900013,97,262,-165
108900014,13,104,-91
108900015,0,59,-59
108900016,0,312,-312
108900017,195,290,-95
108900018,107,484,-377
108900019,36,939,-903
108900020,53,197,-144
108900021,119,243,-124
108900022,157,4,153
108900023,6,23,-17
108900024,14,146,-132
108900025,91,168,-77
108900026,19,116,-97
108900027,1,85,-84
108900028,59,423,-364
108900029,73,278,-205
108900030,0,96,-96
108900031,70,471,-401
108900032,7,258,-251
108900033,0,77,-77
108900034,3,264,-261
108900035,308,1630,-1322
108900038,0,398,-398
108900039,0,522,-522
108900040,5,115,-110
108900041,5646,2803,2843
108900042,8,345,-337
108900043,77,523,-446
108900044,2,582,-580
108900045,55,617,-562
108900046,49,1010,-961
108900047,0,135,-135
108900048,127,1066,-939
108900049,5056,1219,3837
108900050,1,255,-254
108900051,2,239,-237
108900052,26,245,-219
108900053,100,152,-52
108900054,76,208,-132
108900055,48,391,-343
108900056,1,210,-209
108900057,0,163,-163
108900058,28,429,-401
108900059,389,17,372
108900060,112,207,-95
108900061,87,31,56
108900062,12,331,-319
108900063,10,394,-384
108900064,174,98,76
108900065,14,287,-273
108900066,232,92,140
108900067,20,216,-196
108900068,5,231,-226
108900069,38,166,-128
108900070,36,118,-82
108900071,58,57,1
108900072,2591,592,1999
108900073,22,411,-389
108900074,157,568,-411
108900075,65,50,15
108900076,229,67,162
108900077,131,513,-382
108900078,22,228,-206
108900079,953,201,752
108900080,29,755,-726
108900081,53,299,-246
108900082,48,115,-67
108900083,27,297,-270
108900085,2321,234,2087
108900086,87,301,-214
108900087,107,222,-115
108900088,953,405,548
108900089,14,127,-113
108900090,34,447,-413
108900091,120,101,19
108900092,446,409,37
108900093,65,105,-40
108900094,218,109,109
108900095,48,446,-398
108900096,395,31,364
108900097,258,280,-22
108900098,2806,491,2315
108900099,314,358,-44
108900100,85,173,-88
108900101,218,149,69
108900102,114,880,-766
108900103,86,109,-23
108900105,12,1104,-1092
108900106,373,420,-47
108900108,631,60,571
108900109,326,52,274
108900110,152,530,-378
108900111,433,752,-319
108900113,61,64,-3
108900114,47,5,42
108900115,59,69,-10
108900116,75,20,55
108900117,148,29,119
108900118,581,26,555
108900119,264,48,216
108900120,253,249,4
108900121,307,95,212
108900122,146,38,108
108900123,98,96,2
108900124,453,171,282
108900125,305,5,300
108900126,103,17,86
108900127,173,14,159
108900128,127,18,109
108900129,660,141,519
108900130,284,4,280
108900131,436,3,433
108900132,391,72,319
108900133,259,68,191
108900134,292,308,-16
108900135,142,11,131
108900136,41,1,40
108900137,121,1,120
108900138,613,33,580
108900140,296,270,26
108900141,257,15,242
108900142,109,6,103
108900143,33,0,33
108900144,84,3,81
108900145,133,12,121
108900146,84,1,83
108900147,191,0,191
108900148,68,28,40
108900150,262,8,254
108900151,201,7,194
108900152,137,20,117
108900153,145,466,-321
108900154,4637,777,3860
108900156,83,19,64
108900157,19,558,-539
108900158,331,104,227
108900159,5,329,-324
108900160,11,318,-307
108900161,4,510,-506
108900162,80,0,80
108900163,6,230,-224
108900164,56,124,-68
108900168,9306,2365,6941
108900169,48,136,-88
108900171,7687,2765,4922
108900172,182,42,140
108900173,189,417,-228
108900174,677,613,64
108900176,138,585,-447
108900177,7285,4390,2895
108900178,4945,3056,1889
108900180,86,308,-222
108900183,213,228,-15
108900184,391,206,185
108900185,72,361,-289
108900186,56,421,-365
108900189,224,142,82
108900190,53,3242,-3189
108900192,72,197,-125
108900195,167,324,-157
108900196,31,519,-488
108900199,225,361,-136
108900200,1006,400,606
108900201,473,1579,-1106
108900203,485,74,411
108900204,324,13,311
108900205,146,26,120
108900206,442,34,408
108900207,151,78,73
108900208,21,358,-337
108900209,342,647,-305
108900210,202,241,-39
108900211,202,432,-230
108900212,777,1286,-509
108900215,105,501,-396
108900216,555,174,381
108900217,124,0,124
108900218,154,19,135
108900221,61,138,-77
108900224,38,175,-137
108900225,1,200,-199
108900227,99,234,-135
108900230,308,279,29
108900232,3,343,-340
108900233,286,80,206
108900234,287,154,133
108900235,194,715,-521
108900236,22,323,-301
108900240,110,97,13
108900241,33,41,-8
108900245,8,1277,-1269
108900250,269,187,82
108900258,10,255,-245
108900259,63,97,-34
108900260,6,113,-107
108900261,102,133,-31
108900262,206,178,28
108900263,44,209,-165
108900264,725,252,473
108900265,1012,289,723
108900266,1053,503,550
108900267,10,100,-90
108900268,11,4,7
108900269,75,5,70
108900270,49,11,38
108900271,41,10,31
108900272,229,16,213
108900273,1212,672,540
108900274,110,89,21
109000001,4240,1507,2733
109000002,2446,1834,612
109000003,2816,668,2148
109000004,602,2842,-2240
109000005,2907,879,2028
109000006,919,2612,-1693
109000007,1533,746,787
109000008,573,2308,-1735
109000009,3786,1610,2176
109000010,1765,4557,-2792
109000011,3369,2340,1029
109000012,2087,4104,-2017
109000013,3371,3280,91
109000014,1878,3915,-2037
109000015,3610,7094,-3484
109000016,9216,4874,4342
109000017,2277,1409,868
109000018,1172,3849,-2677
109000019,3234,1658,1576
109000020,1447,2359,-912
109000023,285,37,248
109000024,4,179,-175
109000025,502,555,-53
109000026,963,410,553
109000027,103,356,-253
109000028,125,103,22
109000029,163,242,-79
109000030,133,695,-562
109000031,189,142,47
109000032,128,629,-501
109000033,510,187,323
109000034,41,47,-6
109000035,39,56,-17
109000036,101,436,-335
109000037,232,1139,-907
109000038,578,414,164
109000039,903,525,378
109000040,4851,6966,-2115
109000041,4644,1657,2987
109000042,812,1187,-375
109000044,441,82,359
109000045,109,427,-318
109000046,298,115,183
109000047,123,527,-404
109000048,877,187,690
109000049,383,575,-192
109000050,382,254,128
109000051,362,289,73
109000052,474,1218,-744
109000053,199,99,100
109000054,157,527,-370
109000055,278,231,47
109000056,309,422,-113
109000057,492,438,54
109000058,1243,297,946
109000059,1115,1567,-452
109000060,630,442,188
109000061,1308,928,380
109000062,146,319,-173
109000063,205,222,-17
109000064,218,206,12
109000065,137,280,-143
109000066,360,139,221
109000067,63,321,-258
109000068,2929,19,2910
109000069,1215,39,1176
109000070,6,1244,-1238
109000071,432,94,338
109000072,135,399,-264
109000073,62,129,-67
109000074,50,275,-225
109000075,119,388,-269
109000076,127,226,-99
109000077,395,260,135
109000078,112,203,-91
109000079,163,227,-64
109000080,149,130,19
109000081,133,601,-468
109000082,554,239,315
109000083,352,887,-535
109000088,130,537,-407
109000089,247,71,176
109000090,160,478,-318
109000091,271,184,87
109000092,393,683,-290
109000093,203,244,-41
109000094,418,5,413
109000095,131,504,-373
109000096,542,320,222
109000097,68,164,-96
109000098,86,109,-23
109000099,1088,477,611
109000100,289,775,-486
109000101,1250,914,336
109000102,358,875,-517
109000103,426,766,-340
109000104,1442,657,785
109000105,498,1353,-855
109000106,1961,900,1061
109000107,649,2233,-1584
109000108,1622,671,951
109000109,463,2132,-1669
109000110,1204,590,614
109000111,1136,2336,-1200
109000112,407,157,250
109000113,536,219,317
109000114,137,434,-297
109000115,1486,147,1339
109000116,11,261,-250
109000117,200,102,98
109000118,17,363,-346
109000119,1028,363,665
109000120,175,995,-820
109000121,391,70,321
109000122,131,962,-831
109000123,30,84,-54
109000124,627,516,111
109000125,823,487,336
109000126,419,955,-536
109000127,780,239,541
109000128,671,2106,-1435
109000129,2015,746,1269
109000130,630,2833,-2203
109000131,781,526,255
109000132,704,2306,-1602
109000133,402,1155,-753
109000134,1028,1667,-639
109000135,1249,1730,-481
109000136,372,341,31
109000137,273,454,-181
109000138,525,411,114
109000139,462,486,-24
109000140,188,449,-261
109000141,476,487,-11
109000142,158,524,-366
109000143,98,89,9
109000145,136,407,-271
109000146,122,145,-23
109000148,3990,1362,2628
109000149,46,66,-20
109000150,247,268,-21
109000155,715,733,-18
109000156,1496,797,699
109000158,117,350,-233
109000159,148,630,-482
109000160,1081,260,821
109000161,323,1385,-1062
109000162,1844,785,1059
109000163,988,2152,-1164
109000164,1292,3018,-1726
109000165,1180,650,530
109000166,685,151,534
109000167,139,719,-580
109000170,32,63,-31
109000171,40,63,-23
109000172,39,103,-64
109000173,32,64,-32
109000174,126,71,55
109000175,53,151,-98
109000176,252,232,20
109000177,25,121,-96
109000178,516,435,81
109000179,5769,4571,1198
109000180,6224,3449,2775
109000181,20,48,-28
109000182,50,57,-7
109000183,55,55,0
109000184,37,25,12
109000185,24,109,-85
109000188,556,2612,-2056
109000189,2386,1034,1352
109000190,556,557,-1
109000191,345,554,-209
109000192,364,272,92
109000193,144,385,-241
109000194,238,156,82
109000195,119,406,-287
109000196,278,93,185
109000197,155,460,-305
109000198,245,81,164
109000199,134,497,-363
109000206,248,39,209
109000207,131,44,87
109000208,103,90,13
109000209,173,163,10
109000210,224,598,-374
109000211,580,505,75
109000214,405,472,-67
109000215,179,97,82
109000216,350,241,109
109000217,149,100,49
109000218,325,205,120
109000221,505,1285,-780
109000222,899,263,636
109000223,337,233,104
109000224,33,192,-159
109000225,64,45,19
109000226,73,240,-167
109000227,945,1270,-325
109000228,3,623,-620
109000231,2,384,-382
109000232,401,474,-73
109000236,267,939,-672
109000241,2089,2282,-193
109000242,1797,1869,-72
109000293,24,84,-60
109000361,208,282,-74
109000364,162,532,-370
109000396,6,679,-673
109000397,463,8,455
109000399,172,514,-342
109000400,113,375,-262
109000403,122,824,-702
109000406,549,8,541
109000407,293,229,64
109000408,0,717,-717
109000410,1053,291,762
109000411,196,59,137
109900001,101,1,100
109900002,765,15,750
109900003,268,1,267
109900004,1030,162,868
109900005,41,8,33
109900006,386,288,98
109900007,598,751,-153
109900008,0,39,-39
109900009,143,657,-514
109900010,578,28,550
109900011,96,34,62
109900012,251,208,43
109900013,408,121,287
109900014,363,63,300
109900015,477,192,285
109900016,131,39,92
109900017,166,228,-62
109900018,217,81,136
109900019,177,66,111
109900020,25,70,-45
109900021,50,48,2
109900022,68,291,-223
109900023,13,5,8
109900024,21,8,13
109900025,15,67,-52
109900026,3,211,-208
109900027,33,49,-16
109900028,1924,932,992
109900029,12,468,-456
109900030,52,8,44
109900031,1,95,-94
109900032,10,343,-333
109900033,2,515,-513
109900034,33,2,31
109900035,4,33,-29
109900036,16,96,-80
109900037,25,681,-656
109900038,39,252,-213
109900039,17,1,16
109900040,22,722,-700
109900041,76,357,-281
109900042,27,438,-411
109900044,97,319,-222
109900045,262,111,151
109900046,69,125,-56
109900047,295,369,-74
109900048,5,116,-111
109900049,16,38,-22
109900050,1,279,-278
109900051,2,53,-51
109900052,86,354,-268
109900053,5,498,-493
109900054,595,186,409
109900055,51,313,-262
109900056,26,216,-190
109900057,6,267,-261
109900058,0,119,-119
109900059,528,114,414
109900060,398,138,260
109900061,55,314,-259
109900062,0,260,-260
109900063,7,381,-374
109900064,524,265,259
109900065,86,145,-59
109900066,431,1010,-579
109900067,0,340,-340
109900068,54,0,54
109900069,5,51,-46
109900070,63,384,-321
109900071,0,43,-43
109900072,30,158,-128
109900073,255,567,-312
109900074,6,56,-50
109900075,22,46,-24
109900076,22,478,-456
109900077,52,54,-2
109900078,133,249,-116
109900080,118,348,-230
109900081,49,200,-151
109900082,32,401,-369
109900083,19,72,-53
109900084,104,170,-66
109900085,282,806,-524
109900086,133,365,-232
109900087,330,423,-93
109900089,521,200,321
109900090,519,1193,-674
109900091,264,123,141
109900092,714,17,697
109900093,690,134,556
109900094,91,120,-29
109900095,122,235,-113
109900096,21,3,18
109900097,113,1,112
109900098,453,41,412
109900099,128,0,128
109900100,41,1,40
109900101,341,10,331
109900102,449,30,419
109900103,37,38,-1
109900104,565,1006,-441
109900105,539,33,506
109900106,275,60,215
109900107,398,79,319
109900108,90,395,-305
109900109,21,191,-170
109900110,80,443,-363
109900111,286,1053,-767
109900112,338,788,-450
109900113,599,409,190
109900114,1201,434,767
109900115,139,102,37
109900117,881,137,744
109900118,258,480,-222
109900119,613,319,294
109900120,71,25,46
109900121,377,354,23
109900122,354,2,352
109900123,7,169,-162
109900124,53,691,-638
109900125,0,178,-178
109900126,173,169,4
109900128,164,50,114
109900130,9520,2213,7307
109900131,57,163,-106
109900132,32,160,-128
109900133,55,328,-273
109900134,88,85,3
109900135,443,102,341
109900136,45,134,-89
109900137,120,364,-244
109900140,227,221,6
109900142,1157,355,802
109900145,5,420,-415
109900146,513,44,469
109900148,47,100,-53
109900149,54,67,-13
109900150,13,71,-58
109900151,9,60,-51
109900152,1,47,-46
109900153,1,67,-66
109900154,41,0,41
109900155,68,26,42
109900157,54,256,-202
109900158,47,140,-93
109900159,153,34,119
109900160,140,64,76
109900161,175,51,124
109900162,145,143,2
109900163,628,312,316
109900164,52,318,-266
109900165,190,4,186
109900166,0,175,-175
109900167,164,570,-406
109900168,159,732,-573
109900169,181,239,-58
109900170,285,846,-561
109900171,187,83,104
109900172,221,253,-32
109900173,3843,2294,1549
109900174,34,119,-85
109900175,61,89,-28
109900176,94,130,-36
109900177,46,235,-189
109900178,2,119,-117
109900179,57,31,26
109900180,11,23,-12
110000001,1022,629,393
110000002,653,726,-73
110000003,1096,813,283
110000004,601,683,-82
110000005,642,2028,-1386
110000006,585,428,157
110000007,184,171,13
110000008,12,43,-31
110000009,94,37,57
110000010,36,71,-35
110000011,57,123,-66
110000012,775,510,265
110000013,50,700,-650
110000014,710,519,191
110000015,318,687,-369
110000016,313,1749,-1436
110000017,3260,287,2973
110000018,3042,537,2505
110000019,6,121,-115
110000020,365,289,76
110000021,744,552,192
110000022,821,232,589
110000023,9,146,-137
110000024,859,382,477
110000025,333,5,328
110000026,2,403,-401
110000027,1373,403,970
110000028,1025,804,221
110000029,627,967,-340
110000030,230,411,-181
110000031,424,644,-220
110000032,820,546,274
110000033,469,92,377
110000034,426,778,-352
110000035,1124,656,468
110000036,1225,776,449
110000037,382,484,-102
110000038,221,692,-471
110000039,727,3045,-2318
110000040,426,463,-37
110000041,342,1394,-1052
110000042,120,317,-197
110000043,893,414,479
110000044,219,128,91
110000045,1134,114,1020
110000046,22,17,5
110000047,130,28,102
110000048,48,16,32
110000049,157,20,137
110000050,17,30,-13
110000051,97,12,85
110000052,37,41,-4
110000053,208,18,190
110000054,264,276,-12
110000055,689,44,645
110000056,230,96,134
110000057,486,841,-355
110000058,1728,609,1119
110000059,970,584,386
110000060,742,1282,-540
110000061,968,922,46
110000062,707,1061,-354
110000063,50,96,-46
110000064,202,125,77
110000065,66,67,-1
110000066,88,48,40
110000067,156,294,-138
110000068,450,345,105
110000069,208,88,120
110000071,117,163,-46
110000073,11,22,-11
110000075,11,124,-113
110000076,266,320,-54
110000077,507,1136,-629
110000078,35,45,-10
110000080,348,833,-485
110000081,45,326,-281
110000082,107,415,-308
110000083,361,865,-504
110000084,1158,833,325
110000085,2625,1966,659
110000086,1442,2176,-734
110000087,9,97,-88
110000088,70,341,-271
110000089,186,178,8
110000090,124,320,-196
110000091,1612,459,1153
110000092,30,105,-75
110000093,87,8,79
110000094,580,235,345
110000095,157,762,-605
110000096,2769,2223,546
110000097,1117,1403,-286
110000098,2196,772,1424
110000099,986,1976,-990
110000100,785,595,190
110000101,32,473,-441
110000102,71,64,7
110000104,386,194,192
110000105,92,261,-169
110000106,853,470,383
110000107,400,430,-30
110000108,168,55,113
110000109,311,313,-2
110000110,3918,4810,-892
110000111,6882,3058,3824
110000112,1379,1127,252
110000113,567,2267,-1700
110000114,111,605,-494
110000115,319,311,8
110000116,48,56,-8
110000117,226,430,-204
110000118,392,192,200
110000119,194,436,-242
110000120,338,182,156
110000121,96,354,-258
110000122,397,646,-249
110000123,579,694,-115
110000124,4,1009,-1005
110000125,1113,13,1100
110000126,298,25,273
110000127,1117,49,1068
110000128,32,1244,-1212
110000129,3,697,-694
110000130,360,187,173
110000131,94,445,-351
110000132,5,779,-774
110000133,48,484,-436
110000134,16,435,-419
110000135,232,46,186
110000136,70,433,-363
110000137,720,656,64
110000138,730,833,-103
110000139,780,1405,-625
110000140,1309,665,644
110000143,737,490,247
110000144,5590,1545,4045
110000145,2022,794,1228
110000146,1753,716,1037
110000147,459,813,-354
110000148,880,342,538
110000151,963,705,258
110000152,1050,532,518
110000153,88,55,33
110000154,4,12,-8
110000155,1694,4219,-2525
110000156,1185,2448,-1263
110000157,1819,1936,-117
110000160,385,373,12
110000161,170,368,-198
110000166,387,138,249
110000167,846,666,180
110000168,885,512,373
110000169,745,391,354
110000170,132,79,53
110000171,661,163,498
110000172,188,943,-755
110000173,1154,1499,-345
110000174,208,1270,-1062
110000175,583,86,497
110000176,53,286,-233
110000177,161,1020,-859
110000178,446,1153,-707
110000179,1408,371,1037
110000180,174,284,-110
110000181,427,530,-103
110000182,358,232,126
110000183,11354,6908,4446
110000184,731,2344,-1613
110000185,1486,847,639
110000186,780,940,-160
110000191,722,418,304
110000192,487,6,481
110000193,931,21,910
110000194,19,1362,-1343
110000195,475,393,82
110000196,270,421,-151
110000197,107,169,-62
110000198,114,76,38
110000199,67,123,-56
110000200,1318,499,819
110000201,759,917,-158
110000202,1275,554,721
110000203,743,836,-93
110000204,5,331,-326
110000205,110,61,49
110000206,713,1594,-881
110000207,829,358,471
110000208,177,173,4
110000209,106,918,-812
110000210,807,663,144
110000211,769,878,-109
110000212,428,1003,-575
110000213,264,76,188
110000214,249,148,101
110000215,237,501,-264
110000216,130,502,-372
110000217,264,175,89
110000218,170,446,-276
110000219,249,117,132
110000220,98,317,-219
110000221,299,90,209
110000222,136,229,-93
110000223,9,155,-146
110000224,96,10,86
110000225,208,744,-536
110000226,253,87,166
110000227,746,783,-37
110000228,410,340,70
110000229,2,303,-301
110000230,530,750,-220
110000231,144,206,-62
110000232,228,232,-4
110000233,189,303,-114
110000234,838,542,296
110000235,1198,1138,60
110000236,595,914,-319
110000237,2048,1374,674
110000238,1299,1636,-337
110000239,2102,1419,683
110000240,1,109,-108
110000242,0,16,-16
110000243,101,160,-59
110000244,136,399,-263
110000245,33,444,-411
110000246,882,596,286
110000247,1274,6615,-5341
110000248,2336,2103,233
110000249,83,8,75
110000250,53,304,-251
110000251,273,904,-631
110000252,209,228,-19
110000253,1445,921,524
110000254,709,1529,-820
110000255,244,1055,-811
110000256,482,288,194
110000257,677,461,216
110000258,11,572,-561
110000259,104,16,88
110000260,22,393,-371
110000263,570,152,418
110000264,294,524,-230
110000265,1206,2289,-1083
110000266,2299,2603,-304
110000267,22,236,-214
110000268,274,556,-282
110000269,2,93,-91
110000270,56,0,56
110000271,2198,315,1883
110000272,1287,1017,270
110000273,4244,1544,2700
110000274,278,1331,-1053
110000275,2482,519,1963
110000276,259,362,-103
110000277,302,376,-74
110000278,301,779,-478
110000279,836,729,107
110000280,347,415,-68
110000281,32,319,-287
110000282,348,35,313
110000283,76,145,-69
110000284,94,54,40
110000285,4,446,-442
110000286,42,0,42
110000287,75,5,70
110000288,16,98,-82
110000289,567,1645,-1078
110000290,1050,628,422
110000291,6051,1597,4454
110000292,1329,4212,-2883
110000293,549,792,-243
110000294,855,1116,-261
110000295,145,970,-825
110000296,377,336,41
110000297,2687,371,2316
110000298,289,769,-480
110000299,599,76,523
110000301,206,26,180
110000302,309,1135,-826
110000303,442,11,431
110000304,204,260,-56
110000305,1104,28,1076
110000306,147,1467,-1320
110000307,1535,5,1530
110000308,618,11,607
110000309,9,868,-859
110000310,686,81,605
110000311,41,873,-832
110000312,564,123,441
110000313,3032,5392,-2360
110000314,4,440,-436
110000315,3880,2673,1207
110000316,530,1407,-877
110000317,498,322,176
110000318,6,92,-86
110000319,9,15,-6
110000320,115,44,71
110000321,31,54,-23
110000322,347,414,-67
110000323,343,175,168
110000324,4152,1567,2585
110000325,2870,2598,272
110000327,592,352,240
110000328,257,451,-194
110000333,791,566,225
110000334,765,1511,-746
110000335,840,492,348
110000336,545,1226,-681
110000337,1309,615,694
110000338,414,210,204
110000339,266,200,66
110000340,64,190,-126
110000341,445,557,-112
110000342,617,3,614
110000343,0,13,-13
110000344,178,139,39
110000345,360,108,252
110000346,2617,1952,665
110000347,1143,791,352
110000348,68,30,38
110000349,19,31,-12
110000350,41,6,35
110000351,866,797,69
110000352,651,1815,-1164
110000353,3245,807,2438
110000354,1573,3136,-1563
110000355,114,115,-1
110000356,665,5,660
110000357,393,14,379
110000361,9,72,-63
110000362,32,20,12
110000363,299,149,150
110000364,167,380,-213
110000365,178,0,178
110000366,0,132,-132
110000367,363,214,149
110000368,14,79,-65
110000369,32,3,29
110000373,5,302,-297
110000374,162,26,136
110000375,123,1071,-948
110000376,38,114,-76
110000377,90,505,-415
110000378,27,450,-423
110000379,3430,1696,1734
110000380,40,8,32
110000383,4,1087,-1083
110000384,2540,688,1852
110000385,1,194,-193
110000387,92,13,79
110000388,43,275,-232
110000389,780,5,775
110000391,482,451,31
110000396,163,137,26
110000397,126,190,-64
110000398,16,42,-26
110000399,204,1,203
110000587,155,33,122
110000589,248,180,68
110000640,301,98,203
110000652,29,133,-104
110000653,395,506,-111
110000654,100,78,22
110000656,3,663,-660
110000674,36,28,8
110000675,19,22,-3
110000676,2,84,-82
110000679,506,1250,-744
110000682,97,149,-52
110000683,345,693,-348
110000684,0,48,-48
110000685,25,11,14
110000686,2,34,-32
110000687,36,1,35
110000688,111,910,-799
110000689,46,52,-6
110000692,120,192,-72
110000693,167,227,-60
110000694,0,187,-187
110000695,276,672,-396
110000696,138,164,-26
110900001,280,7,273
110900002,987,392,595
110900003,693,802,-109
110900004,401,226,175
110900005,3680,1932,1748
110900006,87,16,71
110900007,113,22,91
110900008,12,60,-48
110900009,404,105,299
110900010,14,85,-71
110900011,13,100,-87
110900012,15,111,-96
110900013,911,187,724
110900014,250,15,235
110900015,744,548,196
110900016,33,184,-151
110900017,417,47,370
110900018,468,66,402
110900019,163,12,151
110900020,62,395,-333
110900021,64,570,-506
110900022,85,307,-222
110900023,68,527,-459
110900024,22,484,-462
110900025,33,81,-48
110900027,48,249,-201
110900028,45,163,-118
110900029,23,368,-345
110900030,37,344,-307
110900031,4,162,-158
110900032,0,77,-77
110900033,30,249,-219
110900035,24,581,-557
110900036,100,27,73
110900037,72,36,36
110900038,1259,235,1024
110900039,16,264,-248
110900040,195,42,153
110900041,13,131,-118
110900042,153,50,103
110900043,1,168,-167
110900044,299,23,276
110900045,55,577,-522
110900046,60,336,-276
110900047,673,242,431
110900049,61,78,-17
110900050,24,2,22
110900051,29,204,-175
110900052,0,157,-157
110900053,105,29,76
110900054,22,235,-213
110900055,25,7,18
110900056,59,95,-36
110900057,19,213,-194
110900058,222,223,-1
110900059,623,671,-48
110900060,451,132,319
110900061,41,34,7
110900062,154,296,-142
110900063,47,153,-106
110900064,20,0,20
110900065,424,156,268
110900066,9,80,-71
110900067,372,757,-385
110900068,245,271,-26
110900069,10,26,-16
110900070,145,50,95
110900071,338,654,-316
110900073,1,29,-28
110900074,249,122,127
110900075,369,105,264
110900077,624,519,105
110900078,20,104,-84
110900079,2781,1186,1595
110900080,99,74,25
110900081,8,103,-95
110900082,121,200,-79
110900083,166,58,108
110900084,47,142,-95
110900085,39,376,-337
110900086,42,268,-226
110900087,304,87,217
110900088,13,0,13
110900090,37,54,-17
110900091,1,72,-71
110900093,293,147,146
110900095,66,59,7
110900097,6,15,-9
110900098,35,150,-115
110900099,33,497,-464
110900100,0,27,-27
110900102,98,22,76
110900105,458,391,67
110900108,22,94,-72
110900111,415,132,283
110900112,893,5,888
110900113,562,40,522
110900115,7,101,-94
110900116,638,2052,-1414
110900118,99,2542,-2443
110900119,4549,362,4187
110900120,8,124,-116
110900121,143,0,143
110900122,335,184,151
110900125,337,417,-80
110900127,527,1351,-824
110900128,369,458,-89
110900129,357,726,-369
110900130,1324,612,712
110900131,204,55,149
110900132,225,38,187
110900133,75,216,-141
110900135,87,374,-287
110900136,281,20,261
110900139,10,0,10
110900140,1,0,1
110900141,456,115,341
110900142,51,199,-148
110900143,150,68,82
110900144,3,785,-782
110900145,160,32,128
110900146,353,132,221
110900147,138,333,-195
110900148,6,326,-320
110900149,5,90,-85
110900150,45,25,20
110900151,4,92,-88
110900152,26,304,-278
110900153,76,37,39
111000001,1055,673,382
111000002,1040,860,180
111000003,1373,1123,250
111000004,721,1237,-516
111000005,1343,1463,-120
111000006,1339,1684,-345
111000007,4622,3758,864
111000008,3730,4389,-659
111000009,469,1045,-576
111000010,864,338,526
111000011,510,1137,-627
111000012,797,528,269
111000013,368,1178,-810
111000014,1458,751,707
111000017,171,892,-721
111000018,263,396,-133
111000020,1523,3286,-1763
111000021,91,119,-28
111000023,97,112,-15
111000025,5848,3707,2141
111000029,89,114,-25
111000030,68,118,-50
111000031,2183,1574,609
111000032,687,379,308
111000033,373,346,27
111000034,347,290,57
111000037,2564,1492,1072
111000038,4116,2964,1152
111000039,2252,2895,-643
111000040,1831,3017,-1186
111000041,1900,2144,-244
111000042,4437,3130,1307
111000043,1877,2963,-1086
111000044,1572,1044,528
111000045,2171,2193,-22
111000046,1509,1619,-110
111000047,2215,3634,-1419
111000049,609,581,28
111000050,2203,1836,367
111000051,515,1453,-938
111000052,622,2216,-1594
111000053,463,1128,-665
111000054,396,1081,-685
111000055,1352,2252,-900
111000056,173,607,-434
111000057,90,734,-644
111000058,321,104,217
111000059,429,319,110
111000060,3453,1208,2245
111000061,603,461,142
111000062,678,341,337
111000063,1867,1105,762
111000064,537,688,-151
111000065,1026,991,35
111000066,452,463,-11
111000067,589,801,-212
111000068,651,1129,-478
111000069,1797,2335,-538
111000070,1917,1291,626
111000071,329,831,-502
111000072,923,509,414
111000073,284,861,-577
111000074,1613,1851,-238
111000075,1025,750,275
111000076,473,692,-219
111000077,1780,1956,-176
111000078,3034,1630,1404
111000079,1517,839,678
111000080,608,880,-272
111000081,1916,4747,-2831
111000082,671,867,-196
111000084,924,631,293
111000085,1144,1806,-662
111000086,3167,1469,1698
111000087,721,834,-113
111000088,6234,2332,3902
111000089,807,1008,-201
111000090,1145,1656,-511
111000091,802,662,140
111000092,1241,1054,187
111000093,657,1151,-494
111000094,1915,1330,585
111000095,605,2736,-2131
111000096,2289,8290,-6001
111000097,5705,1715,3990
111000098,852,1482,-630
111000099,672,2411,-1739
111000100,324,1996,-1672
111000101,435,881,-446
111000102,203,698,-495
111000104,613,235,378
111000107,119,730,-611
111000109,515,287,228
111000110,1639,871,768
111000111,2168,539,1629
111000112,1878,670,1208
111000113,954,1589,-635
111000114,2459,3854,-1395
111000115,7484,1453,6031
111000116,1019,1338,-319
111000117,555,1399,-844
111000118,1538,1127,411
111000119,1013,1448,-435
111000120,503,756,-253
111000121,268,772,-504
111000122,738,1191,-453
111000123,1161,3117,-1956
111000124,600,3159,-2559
111000125,250,1843,-1593
111000126,120,1107,-987
111000127,752,184,568
111000128,1526,425,1101
111000129,2622,525,2097
111000130,1738,858,880
111000131,1490,684,806
111000132,1090,660,430
111000133,166,203,-37
111000134,172,142,30
111000135,50,121,-71
111000136,415,440,-25
111000138,13,14,-1
111000140,1,9,-8
111000141,312,456,-144
111000142,34,162,-128
111000143,15,115,-100
111000144,71,235,-164
111000145,2598,27,2571
111000146,116,9,107
111000147,385,67,318
111000148,369,82,287
111000149,20,56,-36
111000150,260,23,237
111000151,9,29,-20
111000153,715,690,25
111000154,938,209,729
111000155,140,193,-53
111000156,456,592,-136
111000157,249,991,-742
111000158,1182,873,309
111000159,3114,833,2281
111000160,448,416,32
111000161,29,327,-298
111000162,94,239,-145
111000163,782,1177,-395
111000164,853,4487,-3634
111000165,1401,651,750
111000166,2293,515,1778
111000167,226,672,-446
111000168,261,608,-347
111000169,355,727,-372
111000170,563,567,-4
111000171,517,900,-383
111000172,173,652,-479
111000173,520,1202,-682
111000174,162,543,-381
111000175,57,325,-268
111000176,297,183,114
111000177,298,251,47
111000178,1220,333,887
111000179,204,258,-54
111000180,244,471,-227
111000181,933,300,633
111000182,143,271,-128
111000183,320,513,-193
111000184,430,347,83
111000185,336,548,-212
111000186,325,372,-47
111000187,122,280,-158
111000188,215,429,-214
111000189,1390,631,759
111000190,220,462,-242
111000191,171,434,-263
111000192,217,679,-462
111000193,324,379,-55
111000194,32,410,-378
111000195,196,431,-235
111000196,46,311,-265
111000197,356,178,178
111000198,638,112,526
111000199,169,154,15
111000200,305,399,-94
111000201,508,325,183
111000202,207,271,-64
111000203,229,270,-41
111000204,448,918,-470
111000213,217,545,-328
111000214,1756,2055,-299
111000215,1079,1875,-796
111000217,1407,1262,145
111000218,1377,1211,166
111000219,561,250,311
111000220,2310,731,1579
111000221,967,124,843
111000224,101,510,-409
111000225,385,293,92
111000226,226,1,225
111000227,70,8,62
111000228,20,329,-309
111000229,43,755,-712
111000230,287,485,-198
111000231,1062,1106,-44
111000232,486,1012,-526
111000233,711,921,-210
111000234,109,379,-270
111000239,134,164,-30
111000240,44,185,-141
111000241,20,349,-329
111000242,85,84,1
111000243,134,688,-554
111000244,313,155,158
111000245,1097,628,469
111000246,484,567,-83
111000247,305,941,-636
111000248,661,510,151
111000249,447,778,-331
111000250,52,112,-60
111000251,79,127,-48
111000253,13,12,1
111000255,16,15,1
111000257,22,12,10
111000260,83,1192,-1109
111000261,1049,96,953
111000271,101,372,-271
111000273,5874,1742,4132
111000274,1283,2357,-1074
111000275,161,89,72
111000276,319,2229,-1910
111000277,262,439,-177
111000278,673,312,361
111000291,779,5325,-4546
111000298,622,263,359
111000299,702,102,600
111000300,109,715,-606
111000302,321,94,227
111000303,75,232,-157
111000312,40,85,-45
111000315,21,267,-246
111000320,368,732,-364
111000321,303,158,145
111000322,368,541,-173
111000323,202,25,177
111000324,332,229,103
111000325,47,60,-13
111000326,213,450,-237
111000327,392,567,-175
111000328,286,633,-347
111000329,5,38,-33
111000330,65,28,37
111000331,10,9,1
111000332,499,1643,-1144
111000334,389,1784,-1395
111000335,943,297,646
111000337,1033,464,569
111000338,54,136,-82
111000339,540,558,-18
111000340,109,732,-623
111000341,1271,817,454
111000342,356,617,-261
111000344,919,761,158
111000345,334,83,251
111000346,30,120,-90
111000347,137,5,132
111000350,206,166,40
111000351,140,293,-153
111000352,144,83,61
111000353,157,300,-143
111000354,586,161,425
111000355,373,616,-243
111000358,139,1502,-1363
111000360,193,804,-611
111000361,110,362,-252
111000546,549,679,-130
111000547,311,571,-260
111000548,102,301,-199
111000549,269,384,-115
111000550,114,748,-634
111000551,666,172,494
111000552,3087,150,2937
111000907,873,54,819
111000908,42,2,40
111000916,1523,367,1156
111000917,48,547,-499
111000918,197,1048,-851
111000920,539,35,504
111000921,16,313,-297
111000922,364,332,32
111000924,52,1002,-950
111000925,2190,2653,-463
111000926,959,2524,-1565
111000927,2991,5752,-2761
111000928,5071,4765,306
111000929,1068,1298,-230
111000930,849,3009,-2160
111000931,1917,2832,-915
111000932,4858,2913,1945
111000933,4061,2317,1744
111000934,2709,3810,-1101
111000935,1511,1121,390
111000936,1384,2852,-1468
111000937,1051,1362,-311
111000938,1984,2411,-427
111000939,418,70,348
111000940,382,201,181
111000941,288,584,-296
111000943,340,283,57
111000944,150,495,-345
111000945,123,1856,-1733
111001109,501,333,168
111001110,232,732,-500
111001111,54,6,48
111001112,195,1,194
111001113,14,218,-204
111001114,1399,148,1251
111001115,109,374,-265
111001116,5748,4287,1461
111001117,781,2963,-2182
111001120,114,363,-249
111001121,227,378,-151
111001122,197,578,-381
111001123,231,140,91
111001124,109,284,-175
111001125,3,76,-73
111001126,11,76,-65
111900001,5,213,-208
111900002,8,769,-761
111900003,1,431,-430
111900004,40,177,-137
111900006,6,21,-15
111900007,79,8,71
111900008,112,1,111
111900009,111,23,88
111900010,360,677,-317
111900012,157,159,-2
111900013,25,81,-56
111900014,6455,3095,3360
111900015,0,85,-85
111900016,0,147,-147
111900017,1,166,-165
111900018,167,1,166
111900019,8,100,-92
111900020,6,47,-41
111900021,34,121,-87
111900022,9,92,-83
111900023,120,104,16
111900024,19,71,-52
111900025,0,46,-46
111900026,1,99,-98
111900027,2,223,-221
111900028,0,373,-373
111900029,2,121,-119
111900030,64,363,-299
111900031,2,23,-21
111900032,3,413,-410
111900033,6,123,-117
111900034,416,570,-154
111900035,15,250,-235
111900036,0,357,-357
111900038,342,710,-368
111900039,65,528,-463
111900040,6,644,-638
111900042,35,153,-118
111900043,4,443,-439
111900044,378,310,68
111900046,48,189,-141
111900048,102,541,-439
111900049,45,312,-267
111900050,92,39,53
111900051,1,172,-171
111900052,522,735,-213
111900053,1305,887,418
111900054,97,8,89
111900055,15,342,-327
111900056,179,185,-6
111900057,58,87,-29
111900058,367,759,-392
111900059,2303,481,1822
111900060,346,2,344
111900061,6,125,-119
111900062,11,66,-55
111900063,422,218,204
111900064,107,128,-21
111900065,35,31,4
111900066,87,158,-71
111900067,1,368,-367
111900068,48,25,23
111900069,46,16,30
111900070,106,129,-23
111900071,2,186,-184
111900072,45,6,39
111900073,718,129,589
111900074,10,133,-123
111900075,49,3,46
111900076,123,57,66
111900077,18,0,18
111900078,228,18,210
111900079,23,31,-8
111900080,282,242,40
111900082,72,13,59
111900083,108,11,97
111900084,69,13,56
111900085,26,93,-67
111900086,16,1,15
111900087,42,1,41
111900088,439,6,433
111900089,57,0,57
111900090,49,30,19
111900091,104,3,101
111900092,81,1,80
111900093,335,5,330
111900094,103,2,101
111900095,169,19,150
111900096,109,1,108
111900097,53,0,53
111900098,140,2,138
111900099,62,1,61
111900100,62,1,61
111900101,120,23,97
111900102,306,753,-447
111900103,61,53,8
111900104,115,69,46
111900105,327,187,140
111900106,1138,71,1067
111900110,2129,385,1744
111900111,146,152,-6
111900112,678,1865,-1187
111900113,315,88,227
111900118,329,83,246
111900119,336,133,203
111900122,122,78,44
111900123,12,33,-21
111900124,30,126,-96
111900125,389,26,363
111900126,219,6,213
111900127,2,811,-809
111900128,3,591,-588
111900129,267,8,259
111900130,242,32,210
111900131,394,2,392
111900132,26,1161,-1135
111900133,5,333,-328
111900134,13,272,-259
111900135,13,33,-20
111900136,75,168,-93
111900137,65,112,-47
111900138,31,117,-86
111900139,11,173,-162
111900140,72,10,62
111900141,39,10,29
111900142,71,16,55
111900143,42,212,-170
111900144,1,155,-154
111900145,1,498,-497
111900146,3,277,-274
111900147,153,502,-349
111900148,25,705,-680
111900149,12,356,-344
111900150,21,217,-196
111900151,31,20,11
111900152,102,86,16
111900153,1646,409,1237
111900154,7,193,-186
111900155,37,56,-19
111900156,30,59,-29
111900157,80,11,69
111900158,428,30,398
111900159,208,6,202
111900160,239,0,239
111900161,122,19,103
111900162,83,174,-91
111900163,29,260,-231
111900164,104,70,34
111901113,339,253,86
111901114,146,252,-106
111901115,72,0,72
111901116,27,1,26
111901117,27,19,8
111901118,94,172,-78
111901119,1154,75,1079
111901121,257,307,-50
111901122,5,655,-650
111901123,105,421,-316
111901124,137,0,137
111901125,278,278,0
111901127,681,399,282
111901128,7,82,-75
111901129,3,147,-144
111901130,12,181,-169
111901131,4,244,-240
111901132,76,17,59
111901133,25,5,20
111901134,47,3,44
111901135,19,6,13
111901136,3,27,-24
111901138,227,50,177
111901139,13,39,-26
111901140,12,126,-114
111901141,5,232,-227
111901142,4,142,-138
111901143,4,102,-98
111901144,34,41,-7
111901145,188,301,-113
111901146,511,22,489
111901147,646,140,506
111901148,10,70,-60
111901149,15,6,9
112000001,1701,987,714
112000002,862,2810,-1948
112000003,1118,1069,49
112000004,751,1376,-625
112000005,2689,2857,-168
112000006,2391,2244,147
112000007,2525,1826,699
112000008,2831,4268,-1437
112000009,4158,4160,-2
112000010,3060,2948,112
112000011,2399,2315,84
112000012,6040,3180,2860
112000013,6528,3376,3152
112000014,4439,956,3483
112000015,4829,3014,1815
112000016,8647,999,7648
112000017,3650,1580,2070
112000024,2675,1064,1611
112000026,4623,5767,-1144
112000027,1006,651,355
112000028,2034,1827,207
112000029,387,741,-354
112000030,231,125,106
112000031,1649,4309,-2660
112000032,513,57,456
112000033,2436,1170,1266
112000034,464,52,412
112000035,96,277,-181
112000036,1503,769,734
112000037,1493,675,818
112000038,1210,848,362
112000039,68,81,-13
112000040,118,292,-174
112000041,642,531,111
112000042,1280,408,872
112000050,1406,2038,-632
112000051,1056,1322,-266
112000054,1955,2874,-919
112000057,432,434,-2
112000058,452,621,-169
112000059,587,950,-363
112000061,4067,2423,1644
112000062,1731,547,1184
112000063,1464,1694,-230
112000064,4612,6069,-1457
112000065,2355,2632,-277
112000066,4136,1593,2543
112000067,857,829,28
112000068,3501,2328,1173
112000069,923,1973,-1050
112000070,2017,1038,979
112000071,1073,2495,-1422
112000072,2101,1106,995
112000073,1817,1951,-134
112000074,1574,1097,477
112000075,1654,1345,309
112000076,3802,2934,868
112000077,596,691,-95
112000078,1778,731,1047
112000079,1266,1286,-20
112000080,754,1001,-247
112000081,1682,2455,-773
112000082,1571,978,593
112000083,700,1436,-736
112000084,1153,1066,87
112000085,1416,1202,214
112000086,1887,1652,235
112000087,417,429,-12
112000088,610,692,-82
112000089,324,387,-63
112000090,245,381,-136
112000091,735,1243,-508
112000092,1510,1378,132
112000093,1628,1109,519
112000094,575,1096,-521
112000095,779,927,-148
112000096,493,782,-289
112000097,1079,584,495
112000098,923,1249,-326
112000099,698,1211,-513
112000100,1538,1057,481
112000101,586,1039,-453
112000102,1034,666,368
112000103,338,1188,-850
112000105,649,1985,-1336
112000106,1712,543,1169
112000107,112,197,-85
112000108,306,1953,-1647
112000109,136,138,-2
112000110,1965,651,1314
112000111,1291,3411,-2120
112000112,3788,748,3040
112000113,1050,1887,-837
112000114,2512,1101,1411
112000115,357,534,-177
112000116,619,1134,-515
112000117,1167,937,230
112000118,1232,1040,192
112000119,462,1033,-571
112000120,82,410,-328
112000121,137,684,-547
112000122,263,139,124
112000123,546,226,320
112000124,332,64,268
112000125,143,183,-40
112000126,193,691,-498
112000127,2560,1851,709
112000128,1107,626,481
112000129,159,137,22
112000130,205,72,133
112000131,64,408,-344
112000132,148,298,-150
112000133,432,345,87
112000134,417,412,5
112000135,1259,728,531
112000136,1246,1379,-133
112000137,1854,1644,210
112000138,2364,1316,1048
112000139,1059,594,465
112000140,1253,1275,-22
112000141,819,385,434
112000142,281,692,-411
112000143,1022,279,743
112000144,356,1573,-1217
112000145,2345,722,1623
112000146,727,2591,-1864
112000147,2247,1966,281
112000148,1922,2735,-813
112000149,425,770,-345
112000150,277,694,-417
112000151,393,517,-124
112000152,292,465,-173
112000153,282,323,-41
112000154,87,186,-99
112000155,220,147,73
112000157,838,626,212
112000158,282,668,-386
112000159,536,408,128
112000167,301,94,207
112000169,442,444,-2
112000173,584,213,371
112000175,415,445,-30
112000176,3761,2473,1288
112000177,565,160,405
112000178,107,538,-431
112000179,196,134,62
112000180,296,423,-127
112000181,1518,2250,-732
112000182,1002,2089,-1087
112000183,48,67,-19
112000184,331,521,-190
112000185,445,586,-141
112000187,3622,2402,1220
112000195,145,18,127
112000196,250,1,249
112000197,168,114,54
112000198,29,335,-306
112000199,1256,1109,147
112000202,383,0,383
112000216,60,260,-200
112000230,100,5,95
112000231,6,216,-210
112000256,49,280,-231
112000313,100,146,-46
112000314,58,30,28
112000337,262,604,-342
112000352,465,322,143
112000392,1319,1405,-86
112000398,1277,938,339
112000399,3577,2338,1239
112000400,1830,4246,-2416
112000401,3423,3120,303
112000402,2995,2679,316
112000403,3179,3089,90
112000404,847,733,114
112000405,1793,3015,-1222
112000406,3879,3387,492
112000407,6146,8100,-1954
112000408,9192,8312,880
112000409,2038,6192,-4154
112000410,446,214,232
112000411,4481,1430,3051
112000412,1540,568,972
112000413,10244,4903,5341
112000414,81,122,-41
112000415,103,47,56
112000416,2167,1458,709
112000417,215,89,126
112000421,46,123,-77
112000422,349,468,-119
112000424,2805,2722,83
112000425,466,1338,-872
112000426,116,439,-323
112000427,1,14,-13
112000428,223,434,-211
112000429,2688,3506,-818
112000430,3035,3461,-426
112000431,117,146,-29
112000432,618,1730,-1112
112000433,572,976,-404
112000437,56,298,-242
112900001,70,2,68
112900002,416,1265,-849
112900003,44,479,-435
112900004,55,266,-211
112900005,216,302,-86
112900006,8,380,-372
112900007,35,254,-219
112900008,1,45,-44
112900009,356,93,263
112900010,327,937,-610
112900011,230,294,-64
112900012,1,51,-50
112900013,0,162,-162
112900014,2,246,-244
112900015,361,828,-467
112900016,6,279,-273
112900017,34,257,-223
112900018,4,339,-335
112900019,51,146,-95
112900020,348,1208,-860
112900021,4,242,-238
112900022,10,88,-78
112900023,1,203,-202
112900024,57,260,-203
112900025,95,363,-268
112900026,4,292,-288
112900027,12,1418,-1406
112900028,38,127,-89
112900029,12,680,-668
112900030,216,244,-28
112900031,4,552,-548
112900032,177,273,-96
112900034,0,58,-58
112900035,6,501,-495
112900036,48,167,-119
112900037,156,180,-24
112900038,507,127,380
112900039,30,405,-375
112900040,7,350,-343
112900041,999,1107,-108
112900042,43,338,-295
112900043,44,49,-5
112900044,685,471,214
112900045,388,363,25
112900046,243,59,184
112900047,10,18,-8
112900049,173,85,88
112900050,45,537,-492
112900051,301,611,-310
112900052,9,993,-984
112900053,316,143,173
112900054,210,50,160
112900055,124,34,90
112900056,371,177,194
112900057,34,657,-623
112900058,270,336,-66
112900059,89,146,-57
112900060,17,209,-192
112900061,67,182,-115
112900062,84,145,-61
112900063,160,19,141
112900064,208,251,-43
112900065,31,35,-4
112900066,208,136,72
112900067,483,176,307
112900068,36,28,8
112900069,2291,799,1492
112900071,29,1,28
112900072,219,1764,-1545
112900073,281,66,215
112900074,80,247,-167
112900075,1659,895,764
112900076,111,19,92
112900078,298,460,-162
112900079,209,25,184
112900080,39,0,39
112900081,46,189,-143
112900082,496,20,476
112900083,112,90,22
112900084,200,113,87
112900086,104,0,104
112900087,654,107,547
112900088,100,13,87
112900089,649,36,613
112900090,34,13,21
112900091,176,3,173
112900092,128,225,-97
112900093,1232,20,1212
112900095,23,0,23
112900096,389,145,244
112900097,64,365,-301
112900098,77,1,76
112900099,752,12,740
112900100,57,0,57
112900101,261,3,258
112900102,134,8,126
112900103,215,2,213
112900104,421,4,417
112900105,12,0,12
112900106,392,147,245
112900107,2,4,-2
112900108,74,0,74
112900109,103,1,102
112900110,833,14,819
112900111,752,5,747
112900112,319,2,317
112900113,0,11,-11
112900114,118,43,75
112900115,1032,8,1024
112900116,109,38,71
112900117,89,124,-35
112900118,26,105,-79
112900119,152,4,148
112900120,822,303,519
112900121,199,225,-26
112900122,18,148,-130
112900123,216,21,195
112900124,25,106,-81
112900125,42,294,-252
112900126,203,259,-56
112900127,389,86,303
112900128,423,771,-348
112900129,2,934,-932
112900130,229,65,164
112900131,43,265,-222
112900132,100,446,-346
112900133,22,1148,-1126
112900134,1,258,-257
112900135,105,39,66
112900137,3,648,-645
112900138,3,379,-376
112900139,257,1231,-974
112900141,653,40,613
112900142,65,147,-82
112900143,45,578,-533
112900144,3,341,-338
112900145,55,557,-502
112900146,6,1432,-1426
112900147,8,2219,-2211
112900148,90,1,89
112900149,226,511,-285
112900151,20,65,-45
112900152,4520,1084,3436
112900153,2215,1953,262
112900154,0,148,-148
112900155,227,18,209
112900156,288,1467,-1179
112900157,327,81,246
112900158,45,33,12
112900159,185,69,116
112900160,84,253,-169
112900161,132,41,91
112900162,34,18,16
112900163,135,39,96
112900164,49,160,-111
112900165,110,41,69
112900166,23,51,-28
112900167,3,64,-61
112900168,2,0,2
112900169,8,16,-8
112900170,62,107,-45
112900172,80,16,64
112900173,215,81,134
112900174,287,51,236
112900175,145,177,-32
112900176,9,24,-15
112900177,300,38,262
112900178,804,2678,-1874
112900179,42,524,-482
112900180,1890,1741,149
112900181,490,6,484
112900182,56,1298,-1242
112900183,192,288,-96
112900184,473,395,78
112900185,267,543,-276
112900186,1531,849,682
112900187,77,517,-440
112900188,720,240,480
112900189,6,36,-30
112900190,64,65,-1
112900192,556,511,45
112900193,1196,331,865
112900194,49,169,-120
112900195,827,28,799
112900196,211,365,-154
112900197,217,379,-162
112900199,573,671,-98
112900200,476,326,150
112900201,59,92,-33
112900202,316,950,-634
112900203,189,353,-164
112900204,1044,554,490
112900205,13,5,8
112900206,45,126,-81
112900207,15,0,15
112900208,89,296,-207
112900209,589,388,201
112900210,1,36,-35
112900211,71,80,-9
112900212,0,115,-115
112900213,38,24,14
112900214,26,15,11
112900215,15,193,-178
112900216,30,75,-45
112900217,0,67,-67
112900218,59,22,37
112900219,78,29,49
112900220,5,0,5
112900221,17,108,-91
112900222,1,27,-26
112900223,922,14,908
112900224,258,646,-388
112900225,367,444,-77
112900226,193,336,-143
112900227,444,1528,-1084
112900228,41,31,10
112900229,145,79,66
112900230,6940,3852,3088
112900232,202,241,-39
112900233,68,198,-130
112900234,8,151,-143
112900235,95,21,74
112900236,209,8,201
112900237,155,378,-223
112900238,3,62,-59
112900239,1022,391,631
112900240,6,96,-90
112900241,46,131,-85
112900242,4,187,-183
112900243,8,152,-144
112900244,7,73,-66
112900245,6,31,-25
112900246,1,8,-7
112900247,134,26,108
112900248,14,0,14
112900249,29,5,24
112900250,49,26,23
112900251,49,26,23
112900252,57,19,38
112900253,24,8,16
112900254,11,4,7
112900255,2,39,-37
112900256,10,22,-12
112900257,5,36,-31
112900258,33,29,4
113000001,5892,8155,-2263
113000002,3822,4627,-805
113000003,2069,3167,-1098
113000004,2128,3515,-1387
113000005,1851,1322,529
113000006,1219,1949,-730
113000007,2439,1654,785
113000008,2089,2250,-161
113000009,1012,1157,-145
113000010,1261,1867,-606
113000011,737,1615,-878
113000012,1516,989,527
113000013,1963,722,1241
113000014,1959,1551,408
113000015,644,224,420
113000016,561,734,-173
113000017,45,329,-284
113000018,524,54,470
113000019,122,227,-105
113000020,446,43,403
113000021,1977,722,1255
113000022,669,1288,-619
113000025,164,377,-213
113000026,464,434,30
113000027,1145,452,693
113000028,1105,377,728
113000029,809,838,-29
113000030,435,726,-291
113000031,306,358,-52
113000032,344,306,38
113000033,279,485,-206
113000034,426,372,54
113000035,31,38,-7
113000036,12,56,-44
113000037,98,42,56
113000038,10,45,-35
113000039,87,630,-543
113000040,57,117,-60
113000042,931,746,185
113000051,834,3143,-2309
113000052,2256,1249,1007
113000053,439,612,-173
113000054,280,1137,-857
113000055,1147,876,271
113000056,878,1194,-316
113000058,901,1060,-159
113000059,1193,802,391
113000060,254,688,-434
113000061,552,1113,-561
113000062,1258,299,959
113000063,206,183,23
113000064,47,428,-381
113000065,206,999,-793
113000066,597,120,477
113000067,1905,1444,461
113000068,434,1771,-1337
113000069,555,1480,-925
113000070,2127,1184,943
113000071,366,646,-280
113000072,802,566,236
113000073,481,1707,-1226
113000074,1142,614,528
113000075,2135,823,1312
113000076,1143,2259,-1116
113000077,1518,589,929
113000078,981,2396,-1415
113000079,1027,907,120
113000080,942,677,265
113000081,744,972,-228
113000082,1339,888,451
113000083,716,1113,-397
113000084,1759,1579,180
113000085,961,918,43
113000086,1214,1639,-425
113000087,1000,1236,-236
113000088,2830,1630,1200
113000089,1036,1963,-927
113000090,360,702,-342
113000091,635,403,232
113000094,1417,256,1161
113000095,334,913,-579
113000096,192,813,-621
113000097,1226,434,792
113000098,133,34,99
113000099,1225,388,837
113000100,124,376,-252
113000101,393,616,-223
113000102,601,464,137
113000103,3022,589,2433
113000104,466,3380,-2914
113000105,726,562,164
113000106,367,589,-222
113000107,1028,1065,-37
113000108,1088,1758,-670
113000109,783,5143,-4360
113000110,1830,555,1275
113000111,261,1032,-771
113000112,475,562,-87
113000113,1621,509,1112
113000114,420,1964,-1544
113000116,749,320,429
113000117,976,153,823
113000118,220,634,-414
113000119,451,278,173
113000120,83,280,-197
113000121,714,843,-129
113000124,253,150,103
113000125,70,826,-756
113000127,3266,555,2711
113000128,486,625,-139
113000129,499,1116,-617
113000133,3075,1579,1496
113000134,13,1266,-1253
113000135,3898,4606,-708
113000137,2250,3218,-968
113000139,414,217,197
113000140,164,348,-184
113000141,275,203,72
113000142,737,1092,-355
113000143,283,237,46
113000144,369,896,-527
113000145,46,110,-64
113000146,134,109,25
113000147,142,126,16
113000148,156,98,58
113000149,115,171,-56
113000150,611,418,193
113000151,101,86,15
113000152,33,86,-53
113000153,1632,610,1022
113000154,680,1771,-1091
113000155,337,623,-286
113000156,175,465,-290
113000157,364,1073,-709
113000158,659,260,399
113000159,827,733,94
113000160,736,1362,-626
113000161,232,599,-367
113000162,685,421,264
113000163,91,61,30
113000164,56,86,-30
113000166,171,102,69
113000167,37,150,-113
113000168,52,163,-111
113000169,138,56,82
113000170,91,145,-54
113000171,55,86,-31
113000172,275,78,197
113000173,53,30,23
113000174,93,550,-457
113000175,454,183,271
113000176,517,185,332
113000177,183,533,-350
113000178,206,402,-196
113000179,334,233,101
113000180,881,1673,-792
113000181,1724,1338,386
113000182,263,583,-320
113000183,223,621,-398
113000184,17,107,-90
113000189,609,1106,-497
113000190,1136,616,520
113000192,2814,1752,1062
113000193,5371,1276,4095
113000194,2753,1170,1583
113000195,2597,787,1810
113000196,435,136,299
113000197,1948,1277,671
113000198,65,353,-288
113000199,1351,310,1041
113000201,1653,338,1315
113000202,4174,3842,332
113000203,363,295,68
113000204,2081,1669,412
113000205,52,27,25
113000206,22,31,-9
113000207,86,59,27
113000208,31,42,-11
113000209,26,38,-12
113000210,2,33,-31
113000211,319,313,6
113000212,240,33,207
113000213,50,291,-241
113000214,239,432,-193
113000234,184,1100,-916
113000410,420,255,165
113000411,3215,5185,-1970
113000412,9792,3220,6572
113000413,3956,3307,649
113000414,8738,13718,-4980
113000415,2814,3591,-777
113000416,9846,5104,4742
113000417,3094,3852,-758
113000418,4860,3315,1545
113000419,1608,1878,-270
113000420,4096,5398,-1302
113000421,4333,6417,-2084
113000422,13649,11980,1669
113000423,2500,5084,-2584
113000424,4155,11600,-7445
113000425,14,159,-145
113000428,288,62,226
113000430,33,168,-135
113000432,2582,199,2383
113000433,113,915,-802
113000434,23,185,-162
113000435,42,610,-568
113000436,48,1131,-1083
113000437,829,17,812
113000438,275,17,258
113000439,27,147,-120
113000440,145,41,104
113000441,228,302,-74
113000442,149,243,-94
113000443,196,285,-89
113000444,216,287,-71
113000445,83,151,-68
113000446,48,137,-89
113000448,281,221,60
113000449,270,1665,-1395
113000450,752,6224,-5472
113000451,1456,239,1217
113000452,609,1081,-472
113000453,117,327,-210
113000454,2983,80,2903
113000455,97,224,-127
113000456,4000,2725,1275
113000468,2241,314,1927
113000469,269,114,155
113000470,606,42,564
113000471,17,569,-552
113000472,109,391,-282
113000474,589,876,-287
113000475,1727,2101,-374
113000476,1527,1972,-445
113000477,2798,2379,419
113000478,4818,7099,-2281
113000479,74,262,-188
113000484,0,0,0
113000485,0,0,0
113000486,6,0,6
113000487,0,1,-1
113000488,0,0,0
113000489,0,5,-5
113000490,0,7,-7
113000491,16,8,8
113000492,10,6,4
113000493,0,0,0
113000495,250,240,10
113000496,133,155,-22
113000499,0,0,0
113900001,2,284,-282
113900002,2,214,-212
113900003,0,130,-130
113900004,2,109,-107
113900005,3,109,-106
113900006,16,34,-18
113900007,443,46,397
113900008,429,2,427
113900009,682,4,678
113900010,844,6,838
113900011,109,2,107
113900012,60,3,57
113900013,2563,21,2542
113900014,795,1,794
113900015,0,47,-47
113900016,50,0,50
113900017,4,57,-53
113900018,518,164,354
113900019,131,71,60
113900020,121,0,121
113900022,19,0,19
113900023,68,1,67
113900024,48,85,-37
113900025,317,16,301
113900026,53,0,53
113900027,7,62,-55
113900028,20,493,-473
113900029,55,233,-178
113900030,219,1,218
113900031,3,1,2
113900032,24,0,24
113900033,103,82,21
113900035,63,0,63
113900036,23,93,-70
113900037,133,504,-371
113900038,76,103,-27
113900039,118,9,109
113900040,16,7,9
113900041,8,3,5
113900042,129,60,69
113900043,276,130,146
113900044,395,297,98
113900045,99,0,99
113900046,234,635,-401
113900047,72,93,-21
113900048,293,83,210
113900049,673,413,260
113900050,273,326,-53
113900051,255,420,-165
113900052,142,171,-29
113900053,535,613,-78
113900054,20,2,18
113900055,67,492,-425
113900056,48,162,-114
113900057,21,95,-74
113900058,78,224,-146
113900059,216,314,-98
113900060,72,218,-146
113900061,922,287,635
113900062,94,15,79
113900063,79,102,-23
113900064,17,109,-92
113900065,645,13,632
113900066,334,398,-64
113900067,83,279,-196
113900068,518,471,47
113900069,93,33,60
113900070,159,448,-289
113900071,63,35,28
113900072,73,234,-161
113900073,250,506,-256
113900074,84,348,-264
113900075,1322,1390,-68
113900076,132,9,123
113900077,44,208,-164
113900078,44,55,-11
113900079,4,57,-53
113900080,415,196,219
113900081,94,268,-174
113900082,152,270,-118
113900083,207,457,-250
113900084,305,134,171
113900085,37,298,-261
113900086,11,20,-9
113900087,49,129,-80
113900088,61,123,-62
113900089,450,60,390
113900090,532,357,175
113900091,21,31,-10
113900092,54,153,-99
113900093,91,764,-673
113900094,314,356,-42
113900095,149,136,13
113900096,274,68,206
113900097,25,114,-89
113900098,526,87,439
113900099,3,95,-92
113900100,0,4,-4
113900101,27,86,-59
113900102,146,143,3
113900103,341,197,144
113900104,152,220,-68
113900105,102,298,-196
113900106,0,61,-61
113900107,2,34,-32
113900108,285,241,44
113900109,346,178,168
113900110,52,21,31
113900111,198,133,65
113900112,93,105,-12
113900113,826,569,257
113900114,0,105,-105
113900115,0,152,-152
113900116,99,146,-47
113900117,141,29,112
113900118,235,239,-4
113900119,243,472,-229
113900120,80,43,37
113900121,64,99,-35
113900122,272,2043,-1771
113900123,413,255,158
113900124,0,70,-70
113900125,1258,133,1125
113900126,161,60,101
113900127,292,658,-366
113900128,165,62,103
113900129,18,166,-148
113900130,2,13,-11
113900131,214,83,131
113900132,106,57,49
113900133,20,50,-30
113900135,355,422,-67
113900136,79,82,-3
113900137,412,343,69
113900138,68,131,-63
113900139,384,148,236
113900140,369,343,26
113900141,520,466,54
113900142,144,93,51
113900143,5,32,-27
113900144,366,195,171
113900145,383,190,193
113900146,144,60,84
113900148,171,306,-135
113900149,174,105,69
113900150,815,612,203
113900151,321,226,95
113900152,29,45,-16
113900153,324,518,-194
113900154,4,156,-152
113900155,182,135,47
113900156,297,505,-208
113900157,30,315,-285
113900158,464,343,121
113900159,11,324,-313
113900160,542,563,-21
113900161,52,266,-214
113900162,620,562,58
113900163,395,288,107
113900164,256,62,194
113900165,685,458,227
113900166,246,144,102
113900167,238,55,183
113900168,153,123,30
113900169,242,389,-147
113900171,168,56,112
113900172,7,233,-226
113900173,54,645,-591
113900174,436,633,-197
113900175,330,122,208
113900176,290,609,-319
113900177,372,184,188
113900178,228,115,113
113900179,11,556,-545
113900180,194,84,110
113900181,593,103,490
113900182,720,982,-262
113900183,74,72,2
113900184,16,657,-641
113900185,247,107,140
113900186,50,43,7
113900187,44,143,-99
113900188,66,136,-70
113900189,262,116,146
113900190,346,120,226
113900191,118,184,-66
113900192,6,371,-365
113900193,24,224,-200
113900194,1894,1226,668
113900195,308,459,-151
113900196,6,110,-104
113900197,2,231,-229
113900198,28,164,-136
113900199,138,766,-628
113900200,6,297,-291
113900201,0,261,-261
113900202,27,358,-331
113900203,0,161,-161
113900204,47,506,-459
113900205,3,180,-177
113900206,3,162,-159
113900207,2,63,-61
113900208,1,48,-47
113900209,0,80,-80
113900210,731,800,-69
113900211,220,55,165
113900212,252,454,-202
113900214,502,487,15
113900215,89,122,-33
113900216,76,1071,-995
113900217,89,276,-187
113900218,166,64,102
113900219,90,425,-335
113900220,155,127,28
113900221,381,165,216
113900222,288,421,-133
113900223,99,1092,-993
113900224,117,84,33
113900225,549,255,294
113900226,283,105,178
113900227,251,231,20
113900228,326,455,-129
113900229,48,700,-652
113900230,4551,2740,1811
113900231,246,233,13
113900232,77,132,-55
113900233,110,71,39
113900234,305,565,-260
113900235,84,32,52
113900236,103,354,-251
113900237,144,6,138
113900238,251,603,-352
113900239,76,95,-19
113900240,6,140,-134
113900241,161,62,99
113900242,38,158,-120
113900243,97,506,-409
113900244,390,275,115
113900245,1364,284,1080
113900246,31,24,7
113900247,199,388,-189
113900248,3252,1684,1568
113900249,1073,469,604
113900250,58,186,-128
113900251,666,179,487
113900252,510,14,496
113900253,766,49,717
113900254,857,169,688
113900255,436,17,419
113900256,416,42,374
113900257,21,606,-585
113900258,7,477,-470
113900259,527,198,329
113900260,186,18,168
113900261,12,92,-80
113900262,170,669,-499
113900263,173,605,-432
113900264,5,481,-476
113900265,144,265,-121
113900266,41,188,-147
113900267,123,486,-363
113900268,247,411,-164
113900269,88,165,-77
113900270,333,520,-187
113900271,625,1303,-678
113900273,54,10,44
113900274,117,29,88
113900275,25,54,-29
113900276,0,198,-198
113900277,150,1,149
113900278,265,185,80
113900279,85,105,-20
113900280,1558,480,1078
113900281,723,1478,-755
113900282,832,560,272
113900283,401,480,-79
113900284,866,211,655
113900285,110,28,82
113900286,14,106,-92
113900287,41,77,-36
113900288,6,302,-296
113900289,1219,113,1106
113900290,410,179,231
113900291,118,223,-105
113900292,11,10,1
113900293,38,342,-304
113900294,500,18,482
113900295,464,454,10
113900296,2200,355,1845
113900297,2082,47,2035
113900298,22,1767,-1745
113900299,57,253,-196
113900300,5406,3051,2355
113900301,825,376,449
113900302,2476,1038,1438
113900303,632,502,130
113900304,2,134,-132
113900305,101,0,101
113900306,20,0,20
113900307,142,0,142
113900308,91,104,-13
113900309,4,1106,-1102
113900310,0,13,-13
113900311,5,0,5
113900312,232,183,49
113900313,21,14,7
114000001,1029,3533,-2504
114000002,298,419,-121
114000003,39,305,-266
114000004,366,367,-1
114000005,261,216,45
114000006,3115,2778,337
114000007,820,1586,-766
114000008,1847,2090,-243
114000009,759,292,467
114000011,2635,3482,-847
114000012,2252,2345,-93
114000013,1577,1879,-302
114000014,544,307,237
114000015,1801,493,1308
114000016,253,354,-101
114000017,137,284,-147
114000018,312,63,249
114000026,1569,1578,-9
114000027,3063,2303,760
114000028,2424,2923,-499
114000038,276,151,125
114000039,122,49,73
114000040,97,244,-147
114000042,179,265,-86
114000043,99,149,-50
114000044,144,44,100
114000045,38,70,-32
114000046,3561,6011,-2450
114000047,66,79,-13
114000048,117,34,83
114000049,1734,2035,-301
114000050,1926,2749,-823
114000051,3559,2148,1411
114000052,4800,1666,3134
114000053,130,613,-483
114000054,188,1023,-835
114000055,462,31,431
114000056,1270,909,361
114000057,7643,2429,5214
114000058,590,1427,-837
114000059,295,353,-58
114000060,771,1056,-285
114000061,4521,2666,1855
114000062,2450,1345,1105
114000063,3147,2023,1124
114000064,6613,3880,2733
114000065,1924,2884,-960
114000066,514,687,-173
114000067,30,723,-693
114000068,521,708,-187
114000069,1021,596,425
114000070,2517,1799,718
114000071,753,642,111
114000072,435,321,114
114000073,17,88,-71
114000074,44,14,30
114000075,40,172,-132
114000076,11,114,-103
114000077,10,39,-29
114000078,313,679,-366
114000079,124,27,97
114000080,99,107,-8
114000081,84,91,-7
114000082,65,499,-434
114000083,69,268,-199
114000084,358,73,285
114000085,107,652,-545
114000086,250,480,-230
114000087,93,203,-110
114000088,72,68,4
114000089,1382,416,966
114000090,807,852,-45
114000091,1496,997,499
114000092,934,553,381
114000093,1299,919,380
114000094,521,425,96
114000095,272,131,141
114000096,220,420,-200
114000097,131,718,-587
114000098,529,93,436
114000099,540,867,-327
114000100,1371,769,602
114000101,416,986,-570
114000102,550,390,160
114000103,165,451,-286
114000104,28,334,-306
114000105,119,73,46
114000106,1074,873,201
114000107,269,137,132
114000108,2457,1388,1069
114000109,437,1186,-749
114000110,544,1856,-1312
114000111,1421,712,709
114000112,545,2624,-2079
114000113,1279,500,779
114000114,1319,1852,-533
114000115,2327,938,1389
114000116,693,1359,-666
114000117,2701,434,2267
114000118,2221,484,1737
114000119,1613,406,1207
114000120,581,1000,-419
114000121,508,827,-319
114000122,596,340,256
114000123,1720,421,1299
114000124,933,321,612
114000125,839,1597,-758
114000126,1596,230,1366
114000127,205,198,7
114000128,884,505,379
114000130,682,616,66
114000131,266,124,142
114000132,638,670,-32
114000133,889,1667,-778
114000134,62,164,-102
114000138,40,219,-179
114000139,577,257,320
114000144,822,502,320
114000145,76,197,-121
114000146,125,296,-171
114000147,1391,1624,-233
114000148,2462,1889,573
114000149,493,333,160
114000150,794,715,79
114000151,924,1265,-341
114000152,174,28,146
114000153,921,2018,-1097
114000154,995,792,203
114000155,1396,2813,-1417
114000156,1082,550,532
114000157,339,1012,-673
114000158,2037,869,1168
114000159,190,457,-267
114000160,100,315,-215
114000161,1799,2733,-934
114000162,1047,2239,-1192
114000163,3,135,-132
114000165,544,253,291
114000166,810,332,478
114000167,4082,1603,2479
114000168,764,720,44
114000169,1783,1317,466
114000170,1284,1145,139
114000171,1065,3178,-2113
114000174,254,459,-205
114000176,715,442,273
114000177,2171,913,1258
114000178,67,47,20
114000179,1445,929,516
114000180,515,807,-292
114000181,1677,3508,-1831
114000182,5033,2653,2380
114000183,1025,1112,-87
114000184,6016,1557,4459
114000185,1016,872,144
114000189,779,108,671
114000190,2299,307,1992
114000191,44,65,-21
114000192,287,1696,-1409
114000193,823,3506,-2683
114000194,1467,1158,309
114000195,160,24,136
114000196,0,279,-279
114000197,1131,72,1059
114000198,1304,457,847
114000199,2444,1766,678
114000200,703,2110,-1407
114000201,262,1021,-759
114000202,1045,781,264
114000203,672,865,-193
114000204,211,577,-366
114000205,237,1689,-1452
114000206,574,1514,-940
114000207,755,2143,-1388
114000208,481,3322,-2841
114000209,604,2972,-2368
114000210,324,1602,-1278
114000211,1261,1678,-417
114000212,762,883,-121
114000213,1437,655,782
114000214,99,234,-135
114000215,284,102,182
114000216,1782,426,1356
114000217,266,330,-64
114000218,113,323,-210
114000219,1351,242,1109
114000220,42,1275,-1233
114000221,796,142,654
114000222,166,1229,-1063
114000223,453,145,308
114000224,93,780,-687
114000225,222,632,-410
114000226,153,276,-123
114000227,930,519,411
114000228,738,912,-174
114000229,939,1424,-485
114000230,1758,1484,274
114000231,1001,1495,-494
114000232,670,125,545
114000233,2028,157,1871
114000234,1537,940,597
114000235,1331,1708,-377
114000236,0,518,-518
114000237,141,1096,-955
114000238,149,262,-113
114000239,192,1470,-1278
114000240,768,868,-100
114000241,255,1142,-887
114000242,1143,1050,93
114000243,1798,976,822
114000244,756,509,247
114000245,351,666,-315
114000246,263,49,214
114000247,711,699,12
114000248,1144,604,540
114000249,468,607,-139
114000250,468,836,-368
114000251,283,352,-69
114000252,85,77,8
114000253,53,180,-127
114000254,35,73,-38
114000255,851,251,600
114000256,2011,1760,251
114000257,472,1679,-1207
114000258,324,370,-46
114000259,132,245,-113
114000260,0,38,-38
114000261,70,44,26
114000262,115,152,-37
114000263,13,3,10
114000264,1053,539,514
114000265,0,1,-1
114000267,4,1809,-1805
114000268,4,1795,-1791
114000270,281,3,278
114000271,643,80,563
114000283,1093,435,658
114000285,39,253,-214
114000288,59,370,-311
114000289,1289,192,1097
114000293,148,557,-409
114000294,185,323,-138
114000395,2053,45,2008
114000396,514,507,7
114000402,452,318,134
114000403,313,473,-160
114000405,150,611,-461
114000423,341,456,-115
114000424,379,171,208
114000425,639,477,162
114000426,322,928,-606
114000427,47,91,-44
114000428,324,183,141
114000429,21,183,-162
114000432,85,148,-63
114000434,36,98,-62
114000435,0,141,-141
114900001,713,1280,-567
114900002,544,50,494
114900003,624,1724,-1100
114900004,216,499,-283
114900005,531,965,-434
114900006,74,57,17
114900007,251,13,238
114900008,180,150,30
114900010,2508,2424,84
114900011,200,175,25
114900013,274,153,121
114900015,79,479,-400
114900018,899,17,882
114900020,258,113,145
114900022,40,712,-672
114900024,403,164,239
114900025,555,224,331
114900026,94,89,5
114900027,370,290,80
114900029,183,25,158
114900030,433,288,145
114900031,442,32,410
114900032,343,30,313
114900033,1352,712,640
114900034,58,225,-167
114900035,193,330,-137
114900036,285,845,-560
114900037,136,211,-75
114900038,177,698,-521
114900039,492,589,-97
114900040,73,233,-160
114900041,645,593,52
114900042,703,752,-49
114900043,709,287,422
114900044,144,29,115
114900046,73,103,-30
114900047,249,1798,-1549
114900048,116,375,-259
114900049,27,259,-232
114900050,69,453,-384
114900051,22,388,-366
114900052,47,198,-151
114900053,50,310,-260
114900054,39,150,-111
114900057,272,11,261
114900058,0,70,-70
114900059,71,74,-3
114900060,1470,910,560
114900061,140,197,-57
114900062,366,312,54
114900063,73,243,-170
114900064,1159,575,584
114900065,415,780,-365
114900067,64,454,-390
114900068,89,315,-226
114900069,200,127,73
114900070,515,533,-18
114900072,3,346,-343
114900073,1,211,-210
114900074,511,821,-310
114900075,172,6,166
114900076,7,355,-348
114900080,2432,486,1946
114900082,4082,2017,2065
114900083,1424,1318,106
114900090,291,345,-54
114900091,133,236,-103
114900095,366,126,240
114900096,570,732,-162
114900097,138,3,135
114900098,2,250,-248
114900099,218,2,216
115000001,8416,5903,2513
115000002,4040,4459,-419
115000003,5385,4543,842
115000004,4434,6300,-1866
115000005,1867,2911,-1044
115000006,1200,1958,-758
115000007,160,211,-51
115000008,480,609,-129
115000009,268,363,-95
115000010,379,178,201
115000013,76,271,-195
115000015,126,511,-385
115000016,78,191,-113
115000019,51,394,-343
115000020,139,641,-502
115000021,237,557,-320
115000022,520,321,199
115000023,447,534,-87
115000024,1136,504,632
115000025,839,656,183
115000026,150,470,-320
115000027,283,285,-2
115000028,185,934,-749
115000029,604,125,479
115000030,649,1085,-436
115000031,1214,246,968
115000032,10,298,-288
115000033,162,32,130
115000034,142,1022,-880
115000035,1224,77,1147
115000036,1,409,-408
115000037,602,14,588
115000038,52,177,-125
115000039,4142,2900,1242
115000040,7158,4049,3109
115000041,1608,3339,-1731
115000042,1049,710,339
115000043,3610,2503,1107
115000044,3970,4417,-447
115000045,2855,2452,403
115000046,2068,2694,-626
115000047,2249,1824,425
115000048,1971,2896,-925
115000049,1716,3853,-2137
115000050,3238,2158,1080
115000051,1857,3195,-1338
115000052,3140,2153,987
115000053,1759,1939,-180
115000054,693,1546,-853
115000055,145,515,-370
115000056,285,532,-247
115000057,693,685,8
115000058,495,218,277
115000059,233,153,80
115000061,336,133,203
115000062,266,301,-35
115000063,282,328,-46
115000064,291,118,173
115000065,56,424,-368
115000067,256,49,207
115000069,74,320,-246
115000070,49,1048,-999
115000071,208,23,185
115000072,10,82,-72
115000073,1668,74,1594
115000075,86,108,-22
115000076,3949,3358,591
115000077,2095,3098,-1003
115000078,1236,1931,-695
115000079,1236,2262,-1026
115000080,2147,2779,-632
115000081,473,1010,-537
115000082,3514,4050,-536
115000083,2283,2512,-229
115000084,1761,1272,489
115000085,756,1092,-336
115000086,1029,898,131
115000087,509,1768,-1259
115000088,1852,710,1142
115000089,1760,1368,392
115000090,547,852,-305
115000091,298,995,-697
115000092,511,400,111
115000093,485,4,481
115000094,7910,5535,2375
115000095,5914,5920,-6
115000096,673,1966,-1293
115000097,830,1015,-185
115000098,1007,893,114
115000099,2629,3417,-788
115000100,993,511,482
115000101,541,1641,-1100
115000102,426,235,191
115000103,323,845,-522
115000105,75,200,-125
115000106,560,361,199
115000107,194,607,-413
115000108,3881,2929,952
115000109,5175,4012,1163
115000110,1518,1328,190
115000111,661,2114,-1453
115000112,633,666,-33
115000113,638,1027,-389
115000114,1568,1025,543
115000116,3955,1950,2005
115000117,3921,3212,709
115000118,2202,1937,265
115000119,1785,2352,-567
115000120,586,1279,-693
115000121,1787,979,808
115000122,4293,1766,2527
115000123,1626,2189,-563
115000124,1193,1056,137
115000125,559,686,-127
115000126,195,274,-79
115000127,553,113,440
115000128,640,898,-258
115000129,455,332,123
115000130,414,1009,-595
115000131,895,328,567
115000132,184,427,-243
115000133,556,308,248
115000134,256,215,41
115000135,291,212,79
115000136,368,291,77
115000137,153,158,-5
115000138,250,310,-60
115000139,272,221,51
115000140,359,235,124
115000141,225,339,-114
115000142,191,308,-117
115000143,708,579,129
115000144,524,91,433
115000145,269,472,-203
115000146,440,317,123
115000147,506,531,-25
115000148,326,1422,-1096
115000149,732,220,512
115000150,692,1229,-537
115000151,1329,525,804
115000152,556,1604,-1048
115000153,1212,523,689
115000154,933,350,583
115000155,671,1115,-444
115000156,1497,701,796
115000157,934,922,12
115000158,683,331,352
115000159,908,431,477
115000160,578,297,281
115000161,166,588,-422
115000162,739,811,-72
115000163,630,647,-17
115000164,687,615,72
115000165,550,458,92
115000167,221,98,123
115000168,730,363,367
115000169,853,352,501
115000170,295,138,157
115000171,387,230,157
115000172,1268,639,629
115000173,451,472,-21
115000174,150,293,-143
115000175,294,75,219
115000176,201,68,133
115000177,182,71,111
115000178,40,262,-222
115000179,97,15,82
115000180,124,654,-530
115000181,732,138,594
115000182,773,366,407
115000183,260,932,-672
115000186,706,287,419
115000187,202,843,-641
115000188,377,591,-214
115000189,247,480,-233
115000190,812,562,250
115000191,317,539,-222
115000194,166,197,-31
115000195,279,324,-45
115000196,107,125,-18
115000197,264,298,-34
115000198,261,199,62
115000199,359,230,129
115000200,298,124,174
115000201,176,449,-273
115000206,369,61,308
115000207,121,348,-227
115000208,434,700,-266
115000209,544,272,272
115000210,170,150,20
115000211,224,212,12
115000212,1788,288,1500
115000224,457,73,384
115000225,47,95,-48
115000229,216,174,42
115000230,83,387,-304
115000231,374,2389,-2015
115000232,1420,292,1128
115000233,166,230,-64
115000234,25,329,-304
115000241,89,265,-176
115000242,99,339,-240
115000243,29,260,-231
115000244,4,88,-84
115000246,28,31,-3
115000247,47,18,29
115000248,51,19,32
115000249,50,18,32
115000250,374,39,335
115000251,271,111,160
115000252,142,238,-96
115000253,18,475,-457
115000258,313,170,143
115000259,296,149,147
115000261,17,24,-7
115000262,12,28,-16
115000263,12,59,-47
115000264,25,45,-20
115000267,77,83,-6
115000268,30,105,-75
115000269,128,77,51
115000270,7,24,-17
115000272,39,142,-103
115000273,411,26,385
115000280,2256,180,2076
115000281,498,689,-191
115000282,879,625,254
115000284,498,207,291
115000296,1227,26,1201
115000297,249,100,149
115000298,120,425,-305
115000300,238,182,56
115000302,641,184,457
115000303,678,151,527
115000304,624,102,522
115000305,106,886,-780
115000306,141,442,-301
115000307,83,227,-144
115000308,22,26,-4
115000309,26,48,-22
115000310,914,1028,-114
115000311,722,1343,-621
115000313,122,750,-628
115000314,328,142,186
115000315,1228,569,659
115000316,65,108,-43
115000317,167,526,-359
115000318,858,309,549
115000319,49,410,-361
115000320,14,251,-237
115000321,536,7,529
115000322,42,252,-210
115000449,181,215,-34
115000557,0,1121,-1121
115000558,755,85,670
115000587,670,317,353
115000588,2939,3682,-743
115000589,4216,3080,1136
115000590,1306,1515,-209
115000591,1686,826,860
115000592,1003,2106,-1103
115000593,1674,740,934
115000594,1039,2932,-1893
115000609,220,348,-128
115000617,2177,3243,-1066
115000624,217,55,162
115000633,422,2430,-2008
115000634,3131,864,2267
115000635,711,166,545
115000638,1119,905,214
115000641,50,147,-97
115000642,342,337,5
115000643,124,581,-457
115000644,125,427,-302
115000646,867,1515,-648
115000647,172,503,-331
115000648,1633,1928,-295
115000893,4231,1915,2316
115000894,173,1408,-1235
115000895,633,1006,-373
115000896,1905,470,1435
115000897,577,105,472
115000898,607,341,266
115000899,733,1425,-692
115000900,148,492,-344
115000901,75,156,-81
115000912,418,132,286
115000913,2,15,-13
115000915,85,0,85
115000916,7,0,7
115000917,0,20,-20
115000918,69,350,-281
115000919,18,14,4
115000920,121,54,67
115000921,803,165,638
115000922,2355,841,1514
115000923,816,1146,-330
115000925,97,96,1
115000927,42,69,-27
115000933,437,242,195
115000934,113,197,-84
115000935,64,98,-34
115000936,43,624,-581
115000937,1139,168,971
115000938,225,183,42
115000939,267,256,11
115000940,63,25,38
115000941,25,36,-11
115000942,220,146,74
115000943,72,16,56
115000944,7,1,6
115900001,76,55,21
115900002,103,130,-27
115900003,173,114,59
115900004,2,66,-64
115900005,93,11,82
115900006,117,376,-259
115900008,59,19,40
115900009,80,260,-180
115900010,282,200,82
115900011,516,268,248
115900012,122,105,17
115900013,418,159,259
115900014,117,161,-44
115900015,114,95,19
115900016,88,30,58
115900017,8,6,2
115900018,192,83,109
115900019,55,8,47
115900020,37,0,37
115900021,1505,175,1330
115900022,2342,9,2333
115900023,98,2,96
115900025,42,292,-250
115900026,853,237,616
115900027,1,325,-324
115900028,729,59,670
115900029,10,402,-392
115900030,35,17,18
115900031,429,278,151
115900032,476,879,-403
115900033,1,34,-33
115900034,26,426,-400
115900035,73,16,57
115900036,135,550,-415
115900037,31,384,-353
115900038,39,13,26
115900039,162,273,-111
115900041,450,492,-42
115900042,33,4,29
115900043,97,79,18
115900044,253,272,-19
115900046,214,311,-97
115900047,115,126,-11
115900049,198,265,-67
115900051,3,60,-57
115900052,9,217,-208
115900053,203,232,-29
115900054,180,55,125
115900055,16,128,-112
115900056,214,314,-100
115900057,57,13,44
115900058,38,63,-25
115900060,120,157,-37
115900061,203,2,201
115900062,25,278,-253
115900063,75,6,69
115900064,173,274,-101
115900065,116,98,18
115900066,205,156,49
115900067,2,659,-657
115900068,3430,708,2722
115900069,21,217,-196
115900070,213,194,19
115900071,1,499,-498
115900072,39,192,-153
115900073,43,91,-48
115900074,4,391,-387
115900075,25,224,-199
115900076,7,63,-56
115900077,6,287,-281
115900078,57,110,-53
115900079,106,19,87
115900080,565,254,311
115900081,25,69,-44
115900082,106,141,-35
115900084,327,28,299
115900085,53,79,-26
115900086,1652,552,1100
115900088,20,61,-41
115900089,269,753,-484
115900090,235,7,228
115900091,2,20,-18
115900092,18,238,-220
115900093,5,21,-16
115900094,5,411,-406
115900096,11,12,-1
115900097,6,435,-429
115900098,130,443,-313
115900099,67,44,23
115900100,7,585,-578
115900101,162,362,-200
115900102,61,74,-13
115900103,270,227,43
115900104,55,141,-86
115900105,172,659,-487
115900106,68,24,44
115900107,46,171,-125
115900108,79,47,32
115900109,36,462,-426
115900110,9,29,-20
115900111,0,96,-96
115900112,28,918,-890
115900113,53,32,21
115900114,4,128,-124
115900115,66,219,-153
115900116,73,903,-830
115900117,86,29,57
115900118,1,366,-365
115900119,124,142,-18
115900120,20,356,-336
115900121,137,219,-82
115900124,173,489,-316
115900125,219,33,186
115900126,584,81,503
115900127,568,48,520
115900128,9,80,-71
115900129,637,52,585
115900130,23,225,-202
115900131,303,21,282
115900132,422,7,415
115900134,246,18,228
115900135,563,1066,-503
115900137,17,3,14
115900139,86,87,-1
115900140,178,32,146
115900141,7,62,-55
115900142,4,35,-31
115900143,228,277,-49
115900144,75,197,-122
115900146,2,137,-135
115900147,257,282,-25
115900148,46,4,42
115900149,61,29,32
115900150,105,72,33
115900151,13,85,-72
115900152,133,317,-184
115900153,143,260,-117
115900154,663,393,270
115900155,2,59,-57
115900156,616,701,-85
115900157,157,448,-291
115900158,23,25,-2
115900159,113,277,-164
115900160,14,13,1
115900161,61,200,-139
115900163,150,115,35
115900164,481,34,447
115900166,212,203,9
115900168,115,237,-122
115900171,106,467,-361
115900172,92,110,-18
115900173,247,158,89
115900174,262,187,75
115900175,93,220,-127
115900178,4,742,-738
115900179,223,9,214
115900180,39,227,-188
115900181,127,206,-79
115900182,309,248,61
115900183,61,29,32
115900184,1875,20,1855
115900187,14,178,-164
115900189,0,162,-162
115900190,326,1299,-973
115900191,63,389,-326
115900192,16,74,-58
115900193,116,104,12
115900194,623,57,566
115900195,618,1729,-1111
115900198,197,419,-222
115900199,189,205,-16
115900200,254,250,4
115900201,377,316,61
115900202,2,62,-60
115900203,4,14,-10
115900204,1,8,-7
115900205,149,21,128
115900206,160,143,17
115900207,37,22,15
115900208,154,239,-85
115900209,8,161,-153
115900210,4,151,-147
115900211,4,218,-214
115900212,164,312,-148
115900213,144,60,84
115900214,442,287,155
115900215,21,91,-70
115900216,4,74,-70
115900217,5,57,-52
115900218,4,38,-34
115900219,81,16,65
115900220,116,28,88
115900221,53,18,35
115900222,42,19,23
115900223,10,254,-244
115900224,1310,924,386
115900225,104,58,46
115900226,14,30,-16
115900227,17,44,-27
115900228,9,48,-39
115900229,4,50,-46
115900230,60,118,-58
115900231,95,2,93
115900232,57,1,56
115900233,52,6,46
115900234,48,38,10
115900235,78,30,48
115900236,75,16,59
115900237,14,33,-19
115900238,16,26,-10
115900239,17,30,-13
115900240,14,55,-41
115900241,170,109,61
115900242,300,410,-110
115900243,11,8,3
115900244,18,16,2
115900245,66,9,57
115900246,6,11,-5
115900247,34,14,20
115900248,18,6,12
115900249,2,6,-4
115900250,10,23,-13
115900251,2,8,-6
115900252,0,0,0
115900253,15,9,6
115900254,10,25,-15
115900255,8,29,-21
115900256,29,30,-1
115900257,12,11,1
115900258,0,1,-1
115900259,12,5,7
115900260,9,6,3
115900261,17,2,15
115900262,0,4,-4
115900263,6,3,3
115900264,0,7,-7
115900265,2,20,-18
115900266,0,13,-13
115900267,12,14,-2
115900268,8,9,-1
115900269,383,358,25
115900270,289,611,-322
115900271,118,0,118
115900272,22,1,21
115900273,10,16,-6
115900274,3,3,0
115900275,3,22,-19
115900276,1,37,-36
115900277,0,72,-72
115900278,37,128,-91
115900279,16,180,-164
115900280,9,318,-309
115900281,584,237,347
115900282,49,11,38
115900283,3,21,-18
115900284,7,10,-3
116000001,13910,6070,7840
116000002,4743,10341,-5598
116000003,1837,1951,-114
116000004,2735,3397,-662
116000005,3850,3399,451
116000006,3719,1973,1746
116000007,3297,3929,-632
116000008,4148,1975,2173
116000009,1929,2882,-953
116000010,2790,1522,1268
116000011,1160,2030,-870
116000012,1343,1070,273
116000013,15526,5696,9830
116000014,17998,13173,4825
116000015,413,1491,-1078
116000016,7403,3588,3815
116000017,45,854,-809
116000018,748,441,307
116000019,988,366,622
116000020,612,1069,-457
116000021,449,398,51
116000022,387,427,-40
116000023,1048,986,62
116000024,703,1092,-389
116000025,1080,723,357
116000026,2017,2494,-477
116000027,1337,698,639
116000028,645,882,-237
116000029,1246,751,495
116000030,706,558,148
116000031,171,293,-122
116000032,435,305,130
116000033,371,575,-204
116000034,1323,1192,131
116000035,743,1113,-370
116000036,1716,811,905
116000037,692,612,80
116000038,635,379,256
116000039,486,295,191
116000040,1854,224,1630
116000041,166,622,-456
116000042,553,223,330
116000043,57,579,-522
116000044,30,129,-99
116000045,2355,1625,730
116000046,1521,1680,-159
116000047,3056,4401,-1345
116000048,3014,2151,863
116000049,1111,2717,-1606
116000050,1374,2126,-752
116000051,5905,2519,3386
116000052,6442,5214,1228
116000053,3018,1467,1551
116000054,1450,2993,-1543
116000055,667,1617,-950
116000056,908,1543,-635
116000057,4702,2045,2657
116000058,3204,2048,1156
116000059,2645,4753,-2108
116000060,2839,1003,1836
116000061,772,1048,-276
116000062,1121,235,886
116000063,872,1281,-409
116000066,340,678,-338
116000067,257,625,-368
116000068,257,339,-82
116000069,260,405,-145
116000078,493,1160,-667
116000080,1858,1092,766
116000082,8,103,-95
116000083,1643,408,1235
116000084,2282,4333,-2051
116000085,2233,1613,620
116000086,2519,1696,823
116000087,1688,1246,442
116000088,825,1091,-266
116000089,225,105,120
116000090,148,220,-72
116000091,237,293,-56
116000093,424,459,-35
116000094,627,713,-86
116000095,700,622,78
116000096,759,1397,-638
116000097,791,838,-47
116000098,147,5540,-5393
116000099,8437,324,8113
116000100,168,10,158
116000101,628,1148,-520
116000102,311,1643,-1332
116000103,402,310,92
116000104,241,1649,-1408
116000105,1134,190,944
116000106,476,1076,-600
116000107,1790,435,1355
116000108,316,200,116
116000111,190,48,142
116000113,77,98,-21
116000114,52,176,-124
116000115,443,396,47
116000116,275,570,-295
116000117,1338,2332,-994
116000118,1568,1660,-92
116000119,2481,2127,354
116000120,3042,4701,-1659
116000121,744,670,74
116000122,1341,1909,-568
116000123,905,557,348
116000124,373,992,-619
116000125,2389,768,1621
116000126,256,1640,-1384
116000127,1231,1594,-363
116000128,1295,921,374
116000129,1100,271,829
116000130,496,405,91
116000133,712,1227,-515
116000134,2135,2636,-501
116000135,2226,1653,573
116000136,1203,2383,-1180
116000137,1234,786,448
116000138,773,539,234
116000139,1978,2767,-789
116000140,173,286,-113
116000141,368,887,-519
116000142,4157,3868,289
116000143,2294,2129,165
116000144,1526,2814,-1288
116000145,1980,1748,232
116000146,467,279,188
116000147,556,153,403
116000148,570,475,95
116000149,613,529,84
116000151,849,878,-29
116000153,114,853,-739
116000155,252,370,-118
116000156,370,968,-598
116000157,54,20,34
116000158,381,516,-135
116000159,14,10,4
116000160,9,67,-58
116000161,5,68,-63
116000162,82,97,-15
116000163,21,8,13
116000164,20,10,10
116000177,176,103,73
116000194,114,388,-274
116000195,2001,806,1195
116000196,3,2,1
116000197,3,13,-10
116000198,2751,1263,1488
116000200,903,447,456
116000201,715,789,-74
116000202,8,302,-294
116000203,2,122,-120
116000204,9,79,-70
116000205,1,168,-167
116000206,1,100,-99
116000207,5,46,-41
116000233,200,636,-436
116000287,157,663,-506
116000288,261,258,3
116000292,72,129,-57
116000296,33,273,-240
116000297,137,35,102
116000304,148,64,84
116000305,31,69,-38
116000346,117,96,21
116000352,92,22,70
116000354,54,21,33
116000357,9,10,-1
116000358,247,42,205
116000361,485,5,480
116000372,10528,4231,6297
116000381,117,1,116
116000388,2,68,-66
116000389,940,555,385
116000445,308,703,-395
116000446,472,828,-356
116000447,24,604,-580
116000448,712,278,434
116000563,967,1025,-58
116000565,60,444,-384
116000568,63,218,-155
116000579,22,137,-115
116000583,147,128,19
116000584,27,14,13
116000585,24,26,-2
116000586,188,120,68
116000587,713,711,2
116000589,93,111,-18
116000590,75,161,-86
116000591,156,294,-138
116000592,41,103,-62
116000593,1,42,-41
116000594,531,489,42
116000595,621,181,440
116000596,136,4,132
116000597,341,61,280
116000598,13,196,-183
116000605,347,134,213
116000606,91,252,-161
116000607,4,72,-68
116000609,211,884,-673
116000611,115,586,-471
116000612,817,2335,-1518
116000613,516,396,120
116000614,495,727,-232
116000615,3,333,-330
116000616,48,119,-71
116000617,63,85,-22
116000618,1,224,-223
116000619,29,55,-26
116000620,70,55,15
116000621,60,149,-89
116000622,53,243,-190
116000624,125,100,25
116000627,59,149,-90
116000628,69,822,-753
116000629,46,527,-481
116000630,396,63,333
116000631,151,53,98
116000632,634,142,492
116000633,154,348,-194
116000634,312,246,66
116000635,4527,2467,2060
116000636,1786,1375,411
116000637,401,119,282
116000638,96,485,-389
116000640,16,20,-4
116000641,7,6,1
116000644,26,826,-800
116900001,204,157,47
116900002,231,3,228
116900003,24,84,-60
116900004,39,39,0
116900005,234,62,172
116900006,222,144,78
116900007,89,151,-62
116900008,299,366,-67
116900009,15,2,13
116900010,3,1625,-1622
116900011,10,37,-27
116900012,127,172,-45
116900013,2,134,-132
116900014,66,302,-236
116900015,260,56,204
116900016,149,3,146
116900017,4,706,-702
116900018,51,51,0
116900019,17,371,-354
116900020,1493,822,671
116900023,54,14,40
116900024,434,70,364
116900025,939,1015,-76
116900026,128,677,-549
116900027,31,58,-27
116900028,4,115,-111
116900029,0,53,-53
116900031,1,13,-12
116900032,13,402,-389
116900033,11,15,-4
116900034,2,96,-94
116900035,164,248,-84
116900036,2,125,-123
116900038,10,1,9
116900041,40,12,28
116900042,773,313,460
116900043,26,85,-59
116900047,64,83,-19
116900049,37,394,-357
116900050,94,610,-516
116900051,97,264,-167
116900052,252,67,185
116900055,2,0,2
116900057,20,271,-251
116900058,28,429,-401
116900059,1,153,-152
116900060,173,203,-30
116900062,0,3,-3
116900064,57,871,-814
116900065,33,158,-125
116900067,111,103,8
116900068,150,288,-138
116900070,2,5,-3
116900072,12,416,-404
116900073,8,152,-144
116900074,9,42,-33
116900076,1,38,-37
116900077,10,105,-95
116900078,298,120,178
116900079,43,346,-303
116900080,29,25,4
116900081,375,1487,-1112
116900082,484,984,-500
116900083,45,89,-44
116900084,260,59,201
116900085,42,131,-89
116900086,74,233,-159
116900088,153,73,80
116900090,161,73,88
116900091,270,48,222
116900092,80,991,-911
116900093,1481,2252,-771
116900094,5267,4820,447
116900095,291,150,141
116900096,54,208,-154
116900097,4544,2490,2054
116900098,855,275,580
116900099,837,580,257
116900100,989,49,940
116900101,262,588,-326
116900103,18,0,18
116900104,59,93,-34
116900105,228,59,169
116900106,1562,363,1199
116900107,5008,2345,2663
116900110,11,2,9
116900111,492,947,-455
116900112,270,1096,-826
116900113,2695,1402,1293
116900116,154,403,-249
116900117,106,94,12
116900118,860,828,32
116900120,262,123,139
116900121,67,47,20
116900122,545,714,-169
116900123,144,706,-562
116900124,168,1266,-1098
116900125,241,199,42
116900126,238,628,-390
116900128,3,34,-31
116900129,0,290,-290
116900130,854,3075,-2221
116900131,24,135,-111
116900132,28,147,-119
116900133,82,92,-10
116900134,233,245,-12
116900136,171,198,-27
116900137,327,177,150
116900138,194,178,16
116900139,116,400,-284
116900140,164,181,-17
116900141,640,400,240
116900142,4,66,-62
116900143,294,391,-97
116900144,13,67,-54
116900145,129,311,-182
116900147,724,312,412
116900148,7,53,-46
116900149,36,229,-193
116900150,8,7,1
116900151,26,20,6
116900153,93,66,27
116900154,766,470,296
116900155,66,69,-3
116900157,462,349,113
116900158,976,231,745
116900159,39,321,-282
116900160,2595,429,2166
116900161,7690,5484,2206
116900162,36,169,-133
116900163,226,157,69
116900164,173,55,118
116900165,254,176,78
116900166,32,89,-57
116900167,377,68,309
116900168,397,60,337
116900169,1113,363,750
116900170,225,492,-267
116900171,26,225,-199
116900172,264,237,27
116900173,161,41,120
116900174,24,59,-35
116900175,232,132,100
116900178,16,160,-144
116900179,115,224,-109
116900180,107,28,79
116900182,366,202,164
116900183,172,86,86
116900185,20,36,-16
116900186,96,306,-210
116900187,62,36,26
116900188,128,23,105
116900189,111,0,111
116900191,420,515,-95
116900192,240,159,81
116900194,124,1036,-912
116900195,27,12,15
116900196,18,115,-97
116900197,97,1,96
116900198,156,181,-25
116900200,30,25,5
116900201,111,25,86
116900202,136,66,70
116900203,109,7,102
116900204,48,94,-46
116900206,5,32,-27
116900207,30,26,4
116900208,19,135,-116
116900209,55,132,-77
116900210,491,261,230
116900211,195,6,189
116900212,52,72,-20
116900213,184,152,32
116900214,147,155,-8
116900215,12,29,-17
116900216,364,212,152
116900218,6,298,-292
116900219,1377,433,944
116900220,117,203,-86
116900221,72,348,-276
116900222,344,300,44
116900223,109,220,-111
116900226,52,67,-15
116900227,261,83,178
116900228,286,306,-20
116900230,50,308,-258
116900231,44,423,-379
116900232,16,514,-498
116900233,202,88,114
116900234,13,4,9
116900235,160,278,-118
116900238,1536,521,1015
116900239,53,939,-886
116900240,6985,4393,2592
116900241,56,157,-101
116900242,1497,392,1105
116900243,2,31,-29
116900245,29,20,9
116900246,107,40,67
116900247,556,12,544
116900248,99,54,45
116900249,356,116,240
116900250,264,59,205
116900251,585,444,141
116900252,99,1018,-919
116900254,29,81,-52
116900255,101,63,38
116900256,243,100,143
116900257,16,528,-512
116900258,6,256,-250
116900259,157,5,152
116900260,4,158,-154
116900261,38,0,38
116900262,116,133,-17
116900263,0,13,-13
116900264,2,3,-1
116900265,25,1,24
116900266,13,43,-30
116900267,0,3,-3
116900268,102,6,96
116900269,318,668,-350
116900271,1352,163,1189
116900272,557,522,35
116900273,334,78,256
116900274,98,65,33
116900275,131,122,9
116900276,555,108,447
116900277,583,29,554
116900278,11,6,5
116900279,0,20,-20
116900280,12,27,-15
116900281,7696,3829,3867
116900282,22,266,-244
116900283,27,159,-132
116900284,10,225,-215
116900285,364,290,74
116900286,315,60,255
116900287,3,56,-53
116900288,43,130,-87
116900289,12,26,-14
116900290,3,40,-37
116900291,27,20,7
116900292,1,28,-27
116900293,16,67,-51
116900294,51,151,-100
116900295,480,33,447
116900296,249,54,195
116900297,15,84,-69
116900298,102,41,61
116900299,161,60,101
116900300,0,79,-79
116900301,102,89,13
116900302,121,52,69
116900303,567,144,423
116900304,2,206,-204
116900305,36,130,-94
116900306,136,128,8
116900307,43,0,43
116900308,0,184,-184
116900309,90,229,-139
117000001,2268,2246,22
117000002,3101,6655,-3554
117000003,9182,3877,5305
117000004,5440,6930,-1490
117000005,2681,2239,442
117000006,1795,4919,-3124
117000007,4405,1675,2730
117000008,1522,6039,-4517
117000009,5488,2469,3019
117000010,3190,5735,-2545
117000011,2158,2234,-76
117000012,1525,1938,-413
117000013,2304,1311,993
117000014,1948,3166,-1218
117000015,4130,1713,2417
117000016,621,74,547
117000017,954,109,845
117000018,303,522,-219
117000019,414,32,382
117000020,402,1328,-926
117000021,2656,830,1826
117000022,596,90,506
117000023,1144,216,928
117000024,596,144,452
117000025,1724,567,1157
117000026,5023,1025,3998
117000027,2951,2895,56
117000028,5737,1410,4327
117000030,920,625,295
117000031,472,268,204
117000032,3009,1557,1452
117000033,1559,1213,346
117000034,475,388,87
117000035,362,348,14
117000036,468,473,-5
117000037,337,344,-7
117000038,309,707,-398
117000039,585,334,251
117000040,209,1147,-938
117000041,1122,269,853
117000044,24,1123,-1099
117000045,641,93,548
117000046,748,809,-61
117000047,1141,841,300
117000048,2567,1810,757
117000049,110,617,-507
117000050,190,2645,-2455
117000051,2236,204,2032
117000052,56,477,-421
117000053,447,71,376
117000054,1590,10,1580
117000055,98,3892,-3794
117000056,587,20,567
117000057,704,2621,-1917
117000060,505,2175,-1670
117000061,2166,1235,931
117000062,369,701,-332
117000063,2061,1202,859
117000064,1012,1102,-90
117000066,1366,866,500
117000067,205,555,-350
117000074,147,230,-83
117000076,58,41,17
117000077,180,141,39
117000078,147,862,-715
117000079,376,321,55
117000080,1,418,-417
117000081,1096,94,1002
117000082,32,96,-64
117000083,194,12,182
117000084,503,2,501
117000085,253,812,-559
117000086,1062,621,441
117000087,154,603,-449
117000088,295,272,23
117000089,1452,359,1093
117000090,270,1690,-1420
117000091,840,403,437
117000092,412,1749,-1337
117000093,1283,810,473
117000094,1338,3636,-2298
117000095,3394,958,2436
117000096,630,3063,-2433
117000097,1311,1402,-91
117000098,2796,5958,-3162
117000099,3170,1348,1822
117000100,162,280,-118
117000101,214,1341,-1127
117000102,1561,783,778
117000103,853,2207,-1354
117000104,1338,641,697
117000105,936,1966,-1030
117000106,1156,868,288
117000107,662,2311,-1649
117000108,1614,1052,562
117000109,2498,3389,-891
117000110,1553,1050,503
117000111,4309,6348,-2039
117000112,3468,2496,972
117000113,140,298,-158
117000114,176,201,-25
117000115,74,138,-64
117000116,113,281,-168
117000117,2055,780,1275
117000118,486,185,301
117000119,1407,187,1220
117000120,749,463,286
117000121,203,1524,-1321
117000122,525,1505,-980
117000123,2421,45,2376
117000124,1088,76,1012
117000125,841,73,768
117000126,192,33,159
117000127,246,332,-86
117000128,579,721,-142
117000129,992,807,185
117000130,179,0,179
117000131,1,137,-136
117000132,2369,29,2340
117000133,1313,41,1272
117000134,0,40,-40
117000135,4,30,-26
117000136,1,22,-21
117000137,90,122,-32
117000138,2,603,-601
117000140,572,1908,-1336
117000141,1696,650,1046
117000181,529,234,295
117000182,384,491,-107
117000195,190,1201,-1011
117000196,220,120,100
117000225,291,13,278
117000226,6,139,-133
117000276,295,11,284
117000277,0,524,-524
117000310,2833,3573,-740
117000315,56,1776,-1720
117000320,137,2,135
117000906,255,16,239
117000907,5,407,-402
117000909,84,44,40
117000910,217,160,57
117000911,94,228,-134
117000915,11,715,-704
117000916,64,4,60
117000917,1022,26,996
117000918,73,79,-6
117000919,7,149,-142
117000920,2,1369,-1367
117000921,2,1760,-1758
117000922,65,131,-66
117000924,690,1215,-525
117000926,1244,82,1162
117000927,2849,724,2125
117000928,0,159,-159
117000929,200,665,-465
117000930,200,33,167
117000931,555,153,402
117900002,220,534,-314
117900003,756,358,398
117900005,11,110,-99
117900006,1,30,-29
117900007,200,146,54
117900008,0,46,-46
117900010,861,116,745
117900011,50,29,21
117900012,99,108,-9
117900013,0,301,-301
117900014,1024,175,849
117900015,32,129,-97
117900016,1568,685,883
117900017,1123,461,662
117900018,210,75,135
117900019,528,360,168
117900020,79,491,-412
117900021,46,59,-13
117900023,481,562,-81
117900024,128,76,52
117900025,63,19,44
117900026,366,356,10
117900028,198,5,193
117900029,257,964,-707
117900030,446,363,83
117900031,514,98,416
117900032,754,785,-31
117900033,239,1068,-829
117900034,91,73,18
117900035,203,136,67
117900036,243,701,-458
117900037,78,123,-45
117900038,22,415,-393
117900039,3,67,-64
117900040,148,532,-384
117900041,3,45,-42
117900042,4685,458,4227
117900043,55,43,12
117900044,18,5468,-5450
117900045,299,191,108
117900048,251,363,-112
117900049,271,815,-544
117900050,17,62,-45
117900051,321,4,317
117900052,54,396,-342
117900053,1353,800,553
117900054,0,18,-18
117900055,142,483,-341
117900056,657,38,619
117900057,1289,1402,-113
117900058,177,13,164
117900059,601,88,513
117900060,1889,6119,-4230
117900061,47,446,-399
117900063,455,247,208
117900065,714,1317,-603
117900066,10,90,-80
117900067,396,227,169
117900069,971,403,568
117900070,497,12,485
117900071,175,191,-16
117900073,407,470,-63
117900074,692,34,658
117900075,86,108,-22
117900076,31,66,-35
117900077,311,143,168
117900078,295,705,-410
117900080,283,61,222
117900081,482,542,-60
117900082,418,401,17
117900083,291,600,-309
117900086,196,43,153
117900087,139,97,42
117900088,3253,2425,828
117900089,1821,604,1217
117900090,821,721,100
117900091,234,222,12
117900092,78,63,15
117900093,52,69,-17
117900094,35,16,19
117900095,709,558,151
117900096,107,298,-191
117900097,165,72,93
117900098,11,8,3
117900099,201,285,-84
117900100,190,3,187
117900101,454,1465,-1011
117900102,54,72,-18
117900103,53,3,50
117900104,89,125,-36
117900105,137,277,-140
117900106,90,36,54
117900107,15,0,15
117900109,560,345,215
117900110,82,1,81
117900111,329,9,320
117900112,56,20,36
117900113,5295,2054,3241
117900114,40,3,37
117900115,376,61,315
117900116,1047,1096,-49
117900117,433,393,40
117900118,77,1,76
117900119,122,262,-140
117900120,190,86,104
117900121,72,32,40
117900122,1334,2853,-1519
117900123,1022,563,459
117900124,697,797,-100
117900125,1780,1666,114
117900126,282,686,-404
117900127,531,694,-163
117900128,324,845,-521
117900129,79,0,79
117900130,923,485,438
117900131,3,124,-121
117900132,24,124,-100
117900133,5,143,-138
117900134,48,170,-122
117900135,20,203,-183
117900136,0,57,-57
117900137,24,332,-308
117900138,0,35,-35
117900139,181,114,67
117900140,5795,788,5007
117900141,384,248,136
117900142,262,67,195
117900144,151,106,45
117900145,38,16,22
117900146,443,122,321
117900147,53,72,-19
117900148,3500,1312,2188
117900149,119,167,-48
117900150,69,61,8
117900151,56,122,-66
117900152,136,68,68
117900153,20,100,-80
117900154,662,853,-191
117900156,1058,1091,-33
117900157,92,541,-449
117900158,173,112,61
117900160,609,551,58
117900161,2999,2688,311
117900162,423,630,-207
117900163,203,47,156
117900165,1,23,-22
117900166,123,427,-304
117900168,20,181,-161
117900169,1,130,-129
117900170,1,45,-44
117900171,2,22,-20
117900172,23,39,-16
117900173,157,108,49
117900174,48,57,-9
117900175,9,49,-40
117900176,18,59,-41
117900177,13,62,-49
117900178,110,49,61
117900180,323,36,287
117900181,149,247,-98
117900182,5,42,-37
117900183,63,238,-175
117900184,25,42,-17
117900185,56,50,6
117900186,47,21,26
117900187,12,11,1
117900188,201,41,160
117900189,67,29,38
117900190,30,0,30
117900191,90,1,89
117900192,228,0,228
117900193,5,79,-74
117900194,11,4,7
117900195,9,80,-71
117900196,20,26,-6
117900207,207,132,75
117900208,50,32,18
117900209,191,218,-27
117900210,128,190,-62
117900211,1,212,-211
117900212,90,221,-131
117900213,25,22,3
117900214,6,41,-35
117900215,31,45,-14
117900216,102,21,81
117900217,212,275,-63
117900218,339,388,-49
117900219,46,100,-54
117900220,258,125,133
117900222,219,303,-84
117900223,208,319,-111
118000001,1226,1011,215
118000002,1528,2363,-835
118000003,4877,3087,1790
118000004,5038,2324,2714
118000005,5968,5948,20
118000006,7794,11794,-4000
118000007,11472,3141,8331
118000008,8414,3748,4666
118000009,3092,3762,-670
118000010,5387,4849,538
118000011,1348,2701,-1353
118000012,1334,2623,-1289
118000013,4116,3300,816
118000014,2126,3532,-1406
118000016,260,463,-203
118000017,390,574,-184
118000018,605,470,135
118000019,2863,1572,1291
118000020,1774,2695,-921
118000021,996,2979,-1983
118000022,2406,917,1489
118000023,1326,324,1002
118000024,1824,1068,756
118000027,18072,12069,6003
118000029,1179,798,381
118000032,1724,3705,-1981
118000033,3920,4344,-424
118000034,6630,2475,4155
118000035,1980,2612,-632
118000036,1612,1166,446
118000037,1092,916,176
118000038,165,92,73
118000039,157,399,-242
118000040,1745,1674,71
118000041,2580,1658,922
118000045,1262,144,1118
118000046,3320,663,2657
118000047,4469,693,3776
118000048,6397,1718,4679
118000051,3346,1103,2243
118000052,2462,561,1901
118000053,1167,785,382
118000054,3189,2925,264
118000055,2514,2857,-343
118000056,293,445,-152
118000057,291,571,-280
118000058,4449,1303,3146
118000059,3298,839,2459
118000060,1275,653,622
118000061,1161,1823,-662
118000062,925,287,638
118000063,571,480,91
118000064,1332,1245,87
118000065,5801,2130,3671
118000066,960,1435,-475
118000067,1757,901,856
118000068,2870,4947,-2077
118000069,5362,1351,4011
118000070,8433,2101,6332
118000071,4489,7484,-2995
118000072,4645,1246,3399
118000073,4401,646,3755
118000074,974,904,70
118000075,1225,382,843
118000076,2257,1915,342
118000077,1887,1465,422
118000078,2306,2153,153
118000079,305,381,-76
118000080,1685,996,689
118000081,2296,1128,1168
118000082,380,1152,-772
118000083,1902,1721,181
118000084,3126,2300,826
118000086,381,699,-318
118000087,6224,3011,3213
118000088,1962,2262,-300
118000089,4019,2500,1519
118000090,2612,3366,-754
118000091,1467,3058,-1591
118000092,1414,646,768
118000093,121,876,-755
118000096,728,723,5
118000097,912,719,193
118000098,345,213,132
118000099,450,819,-369
118000101,1250,448,802
118000102,485,1533,-1048
118000107,2678,595,2083
118000108,735,2671,-1936
118000110,0,21,-21
118000111,5,607,-602
118000112,474,4,470
118000113,2,786,-784
118000114,358,8,350
118000115,29,24,5
118000116,87,0,87
118000117,1624,1061,563
118000118,1145,813,332
118000119,1069,1248,-179
118000120,2002,1456,546
118000121,130,585,-455
118000122,1993,345,1648
118000123,54,296,-242
118000125,2581,1141,1440
118000126,1653,1845,-192
118000127,2050,797,1253
118000128,850,1273,-423
118000129,1833,512,1321
118000130,3365,4817,-1452
118000131,1357,1290,67
118000132,2806,1959,847
118000133,1569,587,982
118000135,843,497,346
118000136,113,654,-541
118000137,992,130,862
118000138,400,645,-245
118000139,420,106,314
118000140,2651,4635,-1984
118000141,2104,2649,-545
118000142,1802,2382,-580
118000143,2074,1562,512
118000144,1555,1085,470
118000145,1905,2932,-1027
118000146,1474,1247,227
118000147,1176,1884,-708
118000148,711,1721,-1010
118000149,889,1334,-445
118000150,407,462,-55
118000151,340,510,-170
118000153,1409,1651,-242
118000154,1418,1845,-427
118000155,1132,1894,-762
118000156,2948,2765,183
118000157,687,519,168
118000158,203,553,-350
118000159,23,133,-110
118000160,504,500,4
118000161,505,851,-346
118000162,2189,1092,1097
118000163,753,1176,-423
118000164,2600,1954,646
118000168,1541,558,983
118000169,1550,1616,-66
118000170,5056,6511,-1455
118000171,346,688,-342
118000172,107,363,-256
118000173,1331,1219,112
118000175,348,408,-60
118000176,321,497,-176
118000177,253,571,-318
118000178,99,59,40
118000179,1635,1331,304
118000180,902,905,-3
118000181,1119,421,698
118000182,350,336,14
118000183,276,358,-82
118000184,773,1130,-357
118000185,1195,1031,164
118000186,845,1159,-314
118000187,1170,857,313
118000188,851,249,602
118000189,528,830,-302
118000190,21,5,16
118000191,16,22,-6
118000192,529,463,66
118000193,443,563,-120
118000194,2744,1322,1422
118000195,1366,873,493
118000196,895,147,748
118000197,970,122,848
118000198,1029,576,453
118000199,2362,631,1731
118000200,71,179,-108
118000201,952,524,428
118000202,60,56,4
118000203,2765,496,2269
118000204,345,416,-71
118000205,390,444,-54
118000206,274,224,50
118000207,0,120,-120
118000208,1645,1836,-191
118000209,2240,2229,11
118000210,37,27,10
118000211,33,51,-18
118000213,1670,1031,639
118000214,862,793,69
118000215,322,658,-336
118000216,1616,4634,-3018
118000217,47,140,-93
118000218,68,140,-72
118000219,613,465,148
118000220,1,53,-52
118000221,143,304,-161
118000222,55,8,47
118000223,53,68,-15
118000224,303,111,192
118000225,159,855,-696
118000226,1725,178,1547
118000227,921,433,488
118000228,181,175,6
118000229,422,42,380
118000230,159,242,-83
118000231,103,246,-143
118000232,745,1173,-428
118000233,1015,772,243
118000234,388,229,159
118000236,507,382,125
118000237,79,480,-401
118000238,232,202,30
118000239,316,304,12
118000240,505,136,369
118000241,207,309,-102
118000242,363,726,-363
118000243,242,213,29
118000244,40,156,-116
118000246,0,5,-5
118000255,145,320,-175
118000256,113,362,-249
118000259,3,78,-75
118000260,232,110,122
118000261,25,112,-87
118000263,106,253,-147
118000266,1279,402,877
118000267,1,88,-87
118000268,759,2,757
118000270,101,37,64
118000271,181,397,-216
118000272,105,54,51
118000273,146,88,58
118000274,107,311,-204
118000276,352,385,-33
118000295,5,100,-95
118000298,136,416,-280
118000299,52,247,-195
118000301,0,61,-61
118000302,103,116,-13
118000311,341,95,246
118000312,214,185,29
118000313,34,172,-138
118000314,71,74,-3
118000315,17,76,-59
118000316,674,645,29
118000325,35,59,-24
118000326,30,50,-20
118000331,12,80,-68
118000332,22,37,-15
118000333,44,55,-11
118000335,288,0,288
118000336,0,272,-272
118000407,146,96,50
118000457,12,49,-37
118000465,4046,4431,-385
118000480,31,153,-122
118000489,140,381,-241
118000490,146,531,-385
118000492,256,228,28
118000510,104,19,85
118000514,212,354,-142
118000515,812,788,24
118000517,420,290,130
118000524,729,231,498
118000525,965,896,69
118000530,32,122,-90
118000531,249,380,-131
118000532,225,298,-73
118000533,450,205,245
118000534,830,446,384
118000535,239,145,94
118000536,952,1329,-377
118000537,44,85,-41
118000538,27,68,-41
118000539,11,69,-58
118000540,278,151,127
118000541,269,69,200
118000542,120,162,-42
118000543,161,201,-40
118000546,39,9,30
118000553,0,0,0
118000557,0,0,0
118000560,3484,1963,1521
118000562,27,218,-191
118000563,2669,1545,1124
118000576,195,251,-56
118000577,217,195,22
118000578,221,157,64
118000579,812,1387,-575
118000583,0,0,0
118000595,200,114,86
118000596,0,65,-65
118000597,172,208,-36
118000598,8,1,7
118000599,51,56,-5
118000600,1,7,-6
118000601,8,0,8
118000602,3,2,1
118000603,0,52,-52
118000605,73,498,-425
118900001,924,1311,-387
118900002,1040,871,169
118900003,319,8,311
118900004,29,51,-22
118900005,74,9,65
118900006,202,5,197
118900007,12,1,11
118900008,1464,52,1412
118900009,52,40,12
118900010,86,5,81
118900011,119,28,91
118900012,453,224,229
118900013,503,113,390
118900015,181,36,145
118900016,6,17,-11
118900017,314,241,73
118900018,911,21,890
118900019,65,19,46
118900020,211,161,50
118900021,192,345,-153
118900022,165,118,47
118900023,168,84,84
118900024,98,160,-62
118900025,35,20,15
118900026,58,98,-40
118900027,478,361,117
118900028,182,160,22
118900029,321,359,-38
118900030,266,129,137
118900031,129,128,1
118900032,206,228,-22
118900033,817,452,365
118900034,162,37,125
118900035,178,235,-57
118900036,902,784,118
118900037,825,287,538
118900038,336,282,54
118900039,397,224,173
118900040,222,224,-2
118900041,469,166,303
118900042,220,105,115
118900045,265,160,105
118900046,1043,361,682
118900047,663,281,382
118900048,421,175,246
118900049,70,41,29
118900050,25,158,-133
118900051,108,109,-1
118900052,546,202,344
118900053,36,117,-81
118900054,117,55,62
118900055,60,118,-58
118900056,191,256,-65
118900057,694,443,251
118900058,688,339,349
118900059,10,101,-91
118900060,71,175,-104
118900062,194,242,-48
118900064,737,574,163
118900065,47,249,-202
118900066,81,92,-11
118900067,5857,4110,1747
118900068,4,672,-668
118900069,357,255,102
118900071,6,87,-81
118900072,424,382,42
118900073,65,101,-36
118900074,142,253,-111
118900075,78,88,-10
118900076,293,103,190
118900077,236,164,72
118900078,42,8,34
118900079,66,246,-180
118900080,23,120,-97
118900081,82,18,64
118900082,542,180,362
118900083,37,18,19
118900084,12,23,-11
118900085,620,1234,-614
118900086,23,72,-49
118900087,15,243,-228
118900088,0,14,-14
118900089,33,21,12
118900090,434,463,-29
118900091,167,141,26
118900092,122,111,11
118900093,209,23,186
118900096,125,117,8
118900097,230,697,-467
118900099,60,269,-209
118900100,129,263,-134
118900101,124,557,-433
118900102,35,86,-51
118900103,37,105,-68
118900104,222,181,41
118900105,228,125,103
118900107,135,81,54
118900108,107,125,-18
118900110,1655,824,831
118900111,387,601,-214
118900112,73,171,-98
118900113,73,594,-521
118900114,21,94,-73
118900115,101,293,-192
118900116,88,203,-115
118900117,110,184,-74
118900118,261,430,-169
118900119,130,268,-138
118900120,111,367,-256
118900121,11,208,-197
118900122,9,925,-916
118900123,112,207,-95
118900124,82,266,-184
118900126,16,342,-326
118900129,285,203,82
118900130,101,147,-46
118900131,149,263,-114
118900132,627,214,413
118900133,20,132,-112
118900135,263,213,50
118900136,223,745,-522
118900137,16,30,-14
118900139,260,519,-259
118900140,508,914,-406
118900141,79,186,-107
118900144,149,548,-399
118900145,21,167,-146
118900146,285,805,-520
118900147,304,159,145
118900148,112,54,58
118900150,148,654,-506
118900152,504,1048,-544
118900157,108,176,-68
118900158,75,99,-24
118900159,2,178,-176
118900161,135,3,132
118900163,171,100,71
118900164,3,81,-78
118900165,26,228,-202
118900166,16,2,14
118900167,59,133,-74
118900168,3,86,-83
118900169,133,470,-337
118900170,120,95,25
118900171,20,57,-37
118900174,82,80,2
118900175,291,562,-271
118900176,151,256,-105
118900177,42,62,-20
118900178,56,192,-136
118900179,10,40,-30
118900181,59,130,-71
118900182,97,58,39
118900183,16,138,-122
118900184,360,64,296
118900185,72,131,-59
118900186,89,102,-13
118900187,298,290,8
118900188,317,241,76
118900189,35,842,-807
118900190,9,459,-450
118900191,187,52,135
118900192,193,31,162
118900193,456,9,447
118900195,338,986,-648
118900196,22,195,-173
118900197,105,72,33
118900198,29,22,7
118900199,59,42,17
118900200,9,11,-2
118900201,23,21,2
118900202,17,98,-81
118900203,6,32,-26
118900204,14,43,-29
118900205,4,18,-14
118900206,5,26,-21
119000001,1630,1534,96
119000002,4496,2702,1794
119000003,2312,1449,863
119000004,2575,1947,628
119000005,2106,2517,-411
119000006,2782,2054,728
119000007,3981,3816,165
119000008,2565,2257,308
119000009,3848,4907,-1059
119000010,8320,4693,3627
119000011,4903,2937,1966
119000012,4176,3849,327
119000013,2347,1508,839
119000014,2781,3859,-1078
119000019,262,172,90
119000020,2047,1641,406
119000021,4230,2537,1693
119000022,3170,2520,650
119000023,433,317,116
119000024,2055,10163,-8108
119000025,11404,1537,9867
119000026,230,376,-146
119000027,477,427,50
119000028,2429,1547,882
119000029,126,335,-209
119000030,536,1211,-675
119000031,1023,832,191
119000032,2080,2706,-626
119000033,2620,1842,778
119000034,1311,1159,152
119000035,27,426,-399
119000036,1776,1083,693
119000037,1239,2067,-828
119000038,155,1195,-1040
119000039,334,378,-44
119000040,1344,653,691
119000041,1192,1471,-279
119000048,3864,4046,-182
119000049,1864,3244,-1380
119000050,1767,2824,-1057
119000051,2019,1127,892
119000052,2143,3730,-1587
119000053,2032,1221,811
119000054,3140,4189,-1049
119000055,3469,3920,-451
119000056,2171,2428,-257
119000057,1430,2621,-1191
119000058,1996,2563,-567
119000059,1320,2103,-783
119000060,1483,1118,365
119000061,1093,1027,66
119000062,1196,1495,-299
119000063,459,540,-81
119000064,1714,1908,-194
119000065,1963,3596,-1633
119000066,2131,1339,792
119000067,2193,3006,-813
119000068,1766,1424,342
119000069,1626,2949,-1323
119000070,2190,1291,899
119000071,504,765,-261
119000072,7401,3796,3605
119000073,5503,7083,-1580
119000074,1273,3923,-2650
119000075,1795,2747,-952
119000076,481,840,-359
119000077,1005,427,578
119000078,481,259,222
119000079,160,699,-539
119000080,466,274,192
119000081,317,344,-27
119000082,821,247,574
119000083,611,327,284
119000084,345,472,-127
119000085,480,302,178
119000086,295,421,-126
119000087,1840,1112,728
119000088,289,264,25
119000089,84,241,-157
119000090,206,185,21
119000091,142,375,-233
119000092,542,227,315
119000093,4493,3652,841
119000094,2953,7734,-4781
119000095,1556,3297,-1741
119000097,2698,1865,833
119000098,724,2533,-1809
119000099,2464,2208,256
119000100,3279,3028,251
119000101,4039,2028,2011
119000102,1198,881,317
119000103,2060,505,1555
119000104,3225,1738,1487
119000105,948,1837,-889
119000106,376,1736,-1360
119000107,699,489,210
119000108,443,1280,-837
119000109,136,358,-222
119000110,578,308,270
119000111,69,517,-448
119000112,240,74,166
119000113,2546,274,2272
119000114,775,1046,-271
119000115,148,275,-127
119000116,156,123,33
119000117,124,418,-294
119000118,1,1,0
119000123,6009,756,5253
119000124,850,258,592
119000125,3093,1067,2026
119000126,1050,1027,23
119000127,632,767,-135
119000128,19,7,12
119000131,940,958,-18
119000132,1,11,-10
119000133,1,5,-4
119000134,3073,725,2348
119000135,111,224,-113
119000136,172,231,-59
119000137,143,433,-290
119000138,349,388,-39
119000139,240,278,-38
119000140,219,360,-141
119000284,1553,3664,-2111
119000285,2640,2758,-118
119000286,8416,6585,1831
119000287,1609,2720,-1111
119000288,2230,1808,422
119000289,3003,4437,-1434
119000290,193,553,-360
119000291,7,435,-428
119000293,105,215,-110
119000294,57,52,5
119000295,2221,569,1652
119000296,204,156,48
119000297,0,0,0
119000299,0,2,-2
119000302,3897,1736,2161
119000303,64,187,-123
119000314,1456,8490,-7034
119000315,3,584,-581
119000316,112,124,-12
119000317,55,406,-351
119900001,280,1289,-1009
119900002,163,364,-201
119900003,63,1222,-1159
119900004,368,772,-404
119900005,147,173,-26
119900006,212,429,-217
119900007,1030,197,833
119900008,63,25,38
119900009,645,653,-8
119900010,1070,983,87
119900011,26,75,-49
119900012,37,83,-46
119900013,1770,771,999
119900014,604,224,380
119900015,99,16,83
119900016,36,107,-71
119900017,30,61,-31
119900018,2242,814,1428
119900019,37,12,25
119900020,181,232,-51
119900021,155,73,82
119900022,104,459,-355
119900023,913,1363,-450
119900025,105,24,81
119900026,910,110,800
119900027,35,43,-8
119900028,278,95,183
119900029,2,6,-4
119900030,440,518,-78
119900031,82,349,-267
119900033,2102,213,1889
119900034,325,143,182
119900037,202,40,162
119900038,120,319,-199
119900039,49,13,36
119900040,184,14,170
119900041,60,38,22
119900042,64,193,-129
119900043,68,185,-117
119900044,216,702,-486
119900046,101,59,42
119900047,239,55,184
119900048,127,61,66
119900049,140,19,121
119900050,103,123,-20
119900051,774,12,762
119900052,40,36,4
119900053,172,170,2
119900054,114,5,109
119900055,1117,497,620
119900057,177,61,116
119900058,216,3,213
119900059,205,53,152
119900060,235,11,224
119900061,240,7,233
119900062,47,25,22
119900063,9,49,-40
119900065,276,15,261
119900067,70,25,45
119900068,398,5,393
119900069,91,31,60
119900070,760,11,749
119900071,600,14,586
119900073,1919,649,1270
119900074,40,31,9
119900075,6261,2769,3492
119900076,509,547,-38
119900077,817,1303,-486
119900078,518,1027,-509
119900079,602,274,328
119900080,306,338,-32
119900081,474,133,341
119900082,1059,208,851
119900083,432,123,309
119900084,1021,220,801
119900085,122,92,30
119900086,513,1274,-761
119900087,828,298,530
119900088,34,65,-31
119900089,18,640,-622
119900090,168,106,62
119900091,67,1313,-1246
119900092,45,368,-323
119900093,1016,204,812
119900094,83,178,-95
119900095,187,111,76
119900096,52,111,-59
119900097,854,172,682
119900098,28,42,-14
119900099,25,258,-233
119900100,2742,2352,390
119900101,167,1103,-936
119900102,36,305,-269
119900103,26,488,-462
119900104,34,286,-252
119900105,712,1270,-558
119900106,24,189,-165
119900107,488,3860,-3372
119900108,2343,755,1588
119900109,35,289,-254
119900110,598,843,-245
119900111,52,437,-385
119900112,2957,656,2301
119900113,84,358,-274
119900114,203,1682,-1479
119900115,207,1445,-1238
119900116,146,523,-377
119900117,232,948,-716
119900118,63,1180,-1117
119900119,169,305,-136
119900120,644,624,20
119900121,380,1381,-1001
119900122,684,404,280
119900123,225,432,-207
119900124,212,1081,-869
119900125,52,396,-344
119900126,5147,334,4813
119900127,2502,1090,1412
119900128,434,1005,-571
119900129,247,838,-591
119900130,32,329,-297
119900131,48,313,-265
119900132,1,290,-289
119900133,28,85,-57
119900134,2428,283,2145
119900135,1,537,-536
119900136,201,555,-354
119900138,424,752,-328
119900139,59,74,-15
119900140,1,132,-131
119900141,149,864,-715
119900142,2,32,-30
119900143,16,248,-232
119900144,2457,288,2169
119900145,148,264,-116
119900146,200,209,-9
119900147,0,176,-176
119900148,167,52,115
119900149,1840,3453,-1613
119900150,144,201,-57
119900151,1998,758,1240
119900152,91,526,-435
119900153,158,73,85
119900154,12,733,-721
119900155,39,49,-10
119900156,16,4,12
119900157,181,302,-121
119900158,125,81,44
119900159,9,1996,-1987
119900160,14,177,-163
119900161,231,330,-99
119900162,810,899,-89
119900163,133,151,-18
119900164,0,5,-5
119900165,135,263,-128
119900166,73,37,36
119900167,154,126,28
119900168,748,450,298
119900169,123,449,-326
119900170,237,309,-72
119900171,1044,465,579
119900172,141,14,127
119900173,11,498,-487
119900174,29,210,-181
119900175,1062,786,276
119900177,34,297,-263
119900178,120,265,-145
119900179,106,375,-269
119900180,881,830,51
119900181,65,110,-45
119900182,10,556,-546
119900183,139,927,-788
119900184,3083,747,2336
119900185,47,170,-123
119900186,90,700,-610
119900187,6,504,-498
119900188,65,435,-370
119900189,529,386,143
119900190,60,217,-157
119900191,485,141,344
119900192,40,199,-159
119900193,264,207,57
119900194,27,89,-62
119900195,23,170,-147
119900196,1438,447,991
119900197,150,151,-1
119900198,104,380,-276
119900199,134,27,107
119900200,527,668,-141
119900201,347,198,149
119900202,139,226,-87
119900203,179,437,-258
119900204,250,317,-67
119900205,509,747,-238
119900206,195,179,16
119900208,194,204,-10
119900209,523,1108,-585
119900210,29,40,-11
119900211,92,12,80
119900212,242,404,-162
119900213,14,77,-63
119900214,26,157,-131
119900215,45,120,-75
119900216,16,89,-73
119900217,10,97,-87
119900218,26,76,-50
119900219,8,170,-162
119900220,6,133,-127
119900221,24,391,-367
119900222,19,263,-244
119900223,18,116,-98
119900224,15,31,-16
119900225,1340,57,1283
119900226,746,1544,-798
119900227,1228,373,855
119900228,60,239,-179
119900229,365,572,-207
119900230,1889,672,1217
119900231,173,200,-27
119900232,200,118,82
119900233,42,6,36
119900234,30,37,-7
119900235,10,46,-36
119900236,22,262,-240
119900237,48,479,-431
119900238,5,97,-92
119900240,83,197,-114
119900241,180,303,-123
119900242,1493,2394,-901
119900244,854,1490,-636
119900245,119,175,-56
119900246,246,482,-236
119900247,36,93,-57
119900248,94,145,-51
119900249,216,127,89
119900253,3952,374,3578
119900254,77,602,-525
119900255,83,515,-432
119900256,437,1073,-636
119900257,45,2,43
119900258,76,2,74
119900259,38,165,-127
119900260,83,10,73
119900261,219,222,-3
119900262,1,329,-328
119900263,1080,453,627
119900264,109,207,-98
119900265,400,394,6
119900266,233,330,-97
119900267,280,466,-186
119900268,106,263,-157
119900269,942,1371,-429
119900271,20,106,-86
119900272,349,94,255
119900275,105,5,100
119900276,46,4,42
119900277,18,3,15
119900278,237,94,143
119900279,162,210,-48
119900280,1132,236,896
119900281,2,214,-212
119900282,57,67,-10
119900283,12,337,-325
119900284,48,234,-186
119900285,22,57,-35
119900286,0,13,-13
119900288,10,61,-51
119900289,2,52,-50
119900290,2,41,-39
119900291,0,67,-67
119900292,63,48,15
119900293,29,122,-93
119900294,22,108,-86
119900295,26,72,-46
119900296,23,326,-303
119900297,0,21,-21
119900298,14,14,0
119900299,50,200,-150
119900300,159,192,-33
119900301,75,30,45
119900302,21,48,-27
119900303,158,199,-41
119900304,171,25,146
119900305,9,118,-109
119900306,15,3,12
119900307,30,140,-110
119900308,6,36,-30
119900309,31,126,-95
119900310,382,344,38
119900311,70,162,-92
119900312,111,85,26
119900313,325,348,-23
119900314,168,344,-176
119900315,1264,2614,-1350
119900318,19,15,4
119900319,11,314,-303
119900320,117,684,-567
119900321,64,1,63
120000001,8193,15809,-7616
120000002,2987,3558,-571
120000003,3895,2094,1801
120000004,3513,2852,661
120000005,5339,2616,2723
120000006,1575,1785,-210
120000007,4234,3523,711
120000008,1490,1697,-207
120000009,4530,1252,3278
120000010,1908,3097,-1189
120000011,1258,2385,-1127
120000012,1743,3524,-1781
120000013,2773,3329,-556
120000014,747,2066,-1319
120000015,3279,2042,1237
120000016,4081,3007,1074
120000017,2971,2752,219
120000018,4849,11090,-6241
120000019,1046,1893,-847
120000020,3476,3769,-293
120000021,2132,2833,-701
120000022,2942,4379,-1437
120000023,1036,2098,-1062
120000024,1595,2807,-1212
120000025,2693,2778,-85
120000026,1586,2338,-752
120000027,1705,2677,-972
120000028,1157,603,554
120000029,5026,693,4333
120000030,312,1350,-1038
120000031,1817,10096,-8279
120000032,10239,4775,5464
120000033,5019,2261,2758
120000034,1893,2418,-525
120000035,1940,2781,-841
120000036,2754,5832,-3078
120000037,785,1760,-975
120000038,9259,3902,5357
120000039,538,1055,-517
120000040,106,189,-83
120000041,2026,1797,229
120000042,1831,3130,-1299
120000043,4932,2521,2411
120000044,5071,1877,3194
120000045,5112,1203,3909
120000046,2358,2953,-595
120000047,1808,5464,-3656
120000048,8498,4817,3681
120000049,4960,3304,1656
120000050,5095,5705,-610
120000051,3615,5564,-1949
120000052,13491,2989,10502
120000053,1372,3755,-2383
120000054,1449,6244,-4795
120000055,1897,6378,-4481
120000056,3835,4770,-935
120000057,2947,768,2179
120000058,4023,433,3590
120000059,50,1633,-1583
120000061,174,686,-512
120000062,246,415,-169
120000063,2159,3081,-922
120000064,274,1613,-1339
120000065,662,2158,-1496
120000066,244,544,-300
120000067,53,562,-509
120000068,255,1080,-825
120000069,811,1539,-728
120000070,85,1183,-1098
120000071,476,284,192
120000072,675,687,-12
120000073,676,109,567
120000074,142,68,74
120000075,815,284,531
120000076,1780,489,1291
120000077,1728,764,964
120000078,3624,1244,2380
120000079,349,566,-217
120000080,205,331,-126
120000081,347,265,82
120000082,198,356,-158
120000083,147,707,-560
120000084,483,485,-2
120000085,398,420,-22
120000086,392,746,-354
120000087,234,967,-733
120000088,866,1541,-675
120000089,1155,767,388
120000090,765,619,146
120000091,892,1224,-332
120000092,1218,748,470
120000093,355,622,-267
120000094,166,828,-662
120000095,1060,711,349
120000096,229,1116,-887
120000098,872,1139,-267
120000099,370,883,-513
120000100,818,1215,-397
120000101,468,613,-145
120000102,457,832,-375
120000103,1521,789,732
120000104,1599,494,1105
120000105,2572,676,1896
120000106,2078,638,1440
120000107,3470,678,2792
120000108,1276,153,1123
120000109,1294,80,1214
120000110,127,1155,-1028
120000111,154,1416,-1262
120000112,988,4022,-3034
120000113,657,3016,-2359
120000114,1136,3771,-2635
120000115,349,2914,-2565
120000116,722,2578,-1856
120000117,1503,1851,-348
120000118,59,23,36
120000119,33,73,-40
120000120,41,86,-45
120000121,73,66,7
120000122,337,434,-97
120000123,6528,5348,1180
120000124,463,555,-92
120000125,533,932,-399
120000126,505,1011,-506
120000127,2963,1085,1878
120000128,4912,3217,1695
120000129,327,294,33
120000130,899,726,173
120000131,343,726,-383
120000134,381,1360,-979
120000135,414,482,-68
120000137,242,2099,-1857
120000138,776,549,227
120000139,306,978,-672
120000140,734,662,72
120000141,268,591,-323
120000142,404,699,-295
120000143,0,106,-106
120000144,68,1,67
120000145,381,3,378
120000146,2521,1136,1385
120000149,620,1254,-634
120000150,4597,11538,-6941
120000151,338,639,-301
120000152,381,257,124
120000153,199,801,-602
120000154,495,653,-158
120000155,129,328,-199
120000156,1522,888,634
120000157,956,689,267
120000158,935,1261,-326
120000159,2167,3107,-940
120000160,2591,1871,720
120000161,2153,3122,-969
120000162,94,344,-250
120000163,624,1690,-1066
120000164,423,485,-62
120000165,546,1122,-576
120000166,1225,647,578
120000167,49,54,-5
120000168,10,119,-109
120000169,46,532,-486
120000170,59,388,-329
120000171,11,111,-100
120000172,29,67,-38
120000173,4024,350,3674
120000174,1043,21,1022
120000175,1146,25,1121
120000176,621,40,581
120000177,1907,157,1750
120000178,215,6,209
120000179,718,37,681
120000180,737,93,644
120000181,120,337,-217
120000182,114,193,-79
120000183,15,186,-171
120000184,139,768,-629
120000186,143,185,-42
120000187,95,67,28
120000188,572,108,464
120000190,1646,20,1626
120000191,1836,30,1806
120000192,1406,25,1381
120000193,516,5,511
120000195,102,5,97
120000196,308,54,254
120000197,109,187,-78
120000198,138,120,18
120000199,110,4,106
120000200,72,1,71
120000201,16,21,-5
120000202,0,57,-57
120000203,28,293,-265
120000207,2,72,-70
120000208,20,303,-283
120000209,5,98,-93
120000210,123,101,22
120000211,96,3,93
120000212,181,0,181
120000213,102,341,-239
120000214,3,440,-437
120000215,2,190,-188
120000216,59,10,49
120000217,796,1233,-437
120000218,227,923,-696
120000219,7,537,-530
120000220,6,2139,-2133
120000225,1069,0,1069
120000226,335,2,333
120000227,761,40,721
120000228,6457,3105,3352
120000230,309,10,299
120000231,1037,2680,-1643
120000233,262,15,247
120000235,213,925,-712
120000236,870,2,868
120000237,2,2036,-2034
120000238,0,239,-239
120000241,1272,4354,-3082
120000412,1568,23,1545
120000413,226,443,-217
120000414,144,2,142
120000415,3,237,-234
120000416,79,5,74
120000417,2,118,-116
120000418,127,12,115
120000419,12,458,-446
120000420,64,38,26
120000421,13793,6926,6867
120000422,159,878,-719
120000423,4,47,-43
120000424,45,222,-177
120000436,115,662,-547
120000437,235,216,19
120000438,4768,443,4325
120000439,170,495,-325
120000443,166,0,166
120000444,1152,839,313
120000445,1542,1583,-41
120000446,1119,387,732
120000447,193,7,186
120000449,94,16,78
120000450,9,356,-347
120000451,83,286,-203
120000452,110,5,105
120000453,0,442,-442
120000454,119,37,82
120000455,108,112,-4
120000456,2924,4172,-1248
120000457,1191,794,397
120000458,654,831,-177
120000459,69,96,-27
120000665,2237,257,1980
120000668,170,317,-147
120000669,79,283,-204
120000670,337,426,-89
120000671,1337,550,787
120000672,153,670,-517
120900001,93,112,-19
120900002,831,437,394
120900003,420,53,367
120900004,12,82,-70
120900005,12,1365,-1353
120900006,398,217,181
120900007,159,144,15
120900008,173,1364,-1191
120900009,1012,59,953
120900010,420,88,332
120900011,357,138,219
120900012,627,1088,-461
120900013,250,75,175
120900014,7,608,-601
120900015,730,60,670
120900016,831,64,767
120900017,3348,111,3237
120900018,117,484,-367
120900019,512,243,269
120900020,886,1079,-193
120900021,646,161,485
120900022,52,356,-304
120900023,209,48,161
120900024,2017,468,1549
120900025,2209,1289,920
120900026,286,219,67
120900027,1083,53,1030
120900028,262,58,204
120900029,170,377,-207
120900030,1091,701,390
120900031,204,78,126
120900032,795,149,646
120900033,940,64,876
120900034,34,2591,-2557
120900035,31,125,-94
120900037,185,15,170
120900038,47,257,-210
120900039,83,33,50
120900040,241,5,236
120900041,160,54,106
120900042,385,54,331
120900043,65,20,45
120900044,9,460,-451
120900045,127,127,0
120900046,342,13,329
120900047,141,108,33
120900048,102,25,77
120900049,294,2,292
120900050,3088,1351,1737
120900051,266,117,149
120900052,533,8,525
120900053,196,101,95
120900054,1941,876,1065
120900055,317,6,311
120900056,449,17,432
120900057,150,16,134
120900058,350,0,350
120900059,73,2,71
120900060,62,39,23
120900061,268,454,-186
120900062,182,1,181
120900063,535,4,531
120900064,451,0,451
120900065,358,1,357
120900066,279,351,-72
120900067,206,53,153
120900068,256,2,254
120900069,177,81,96
120900071,25,0,25
120900072,663,5,658
120900073,351,263,88
120900074,472,7,465
120900076,262,2,260
120900077,4095,424,3671
120900078,716,1005,-289
120900079,613,134,479
120900080,661,2473,-1812
120900081,895,1058,-163
120900082,618,446,172
120900083,134,6,128
120900084,259,312,-53
120900085,131,205,-74
120900086,139,322,-183
120900087,447,293,154
120900088,207,391,-184
120900089,4749,2053,2696
120900090,180,181,-1
120900091,739,727,12
120900092,1600,749,851
120900093,3654,345,3309
120900094,642,219,423
120900095,687,47,640
120900096,60,235,-175
120900097,779,956,-177
120900098,386,231,155
120900099,49,77,-28
120900100,137,388,-251
120900101,903,372,531
120900102,31,188,-157
120900103,44,212,-168
120900104,28,51,-23
120900105,36,738,-702
120900106,1621,731,890
120900107,281,191,90
120900108,5,949,-944
120900109,36,815,-779
120900110,12,1324,-1312
120900111,250,498,-248
120900112,7,1227,-1220
120900113,10,1108,-1098
120900114,56,229,-173
120900115,191,257,-66
120900116,294,494,-200
120900117,3,748,-745
120900118,7,1118,-1111
120900119,3368,7344,-3976
120900120,129,788,-659
120900121,112,552,-440
120900122,415,743,-328
120900123,4,538,-534
120900124,2,772,-770
120900125,4,1084,-1080
120900126,1887,1299,588
120900127,6,586,-580
120900128,1412,1668,-256
120900129,70,391,-321
120900130,1,535,-534
120900131,32,79,-47
120900132,700,345,355
120900133,207,1270,-1063
120900134,1018,475,543
120900135,6,699,-693
120900136,23,67,-44
120900137,252,118,134
120900138,35,228,-193
120900139,6,844,-838
120900140,4,82,-78
120900141,190,189,1
120900142,31,839,-808
120900143,3,950,-947
120900144,0,167,-167
120900145,121,922,-801
120900146,3,1247,-1244
120900147,0,573,-573
120900148,100,201,-101
120900149,1,379,-378
120900150,49,783,-734
120900151,1,803,-802
120900152,0,27,-27
120900153,18,68,-50
120900154,0,386,-386
120900155,191,1378,-1187
120900156,42,455,-413
120900157,29,274,-245
120900158,49,784,-735
120900159,131,447,-316
120900160,32,708,-676
120900161,26,619,-593
120900162,31,643,-612
120900163,20,309,-289
120900164,4,6,-2
120900165,23,17,6
120900166,215,213,2
120900167,717,133,584
120900169,75,569,-494
120900170,2304,2508,-204
120900171,1225,460,765
120900172,1876,393,1483
120900173,0,73,-73
120900174,5,107,-102
120900175,280,233,47
120900176,12,392,-380
120900177,1,942,-941
120900178,0,308,-308
120900179,1305,641,664
120900180,139,137,2
120900181,221,66,155
120900182,28,781,-753
120900183,314,243,71
120900184,109,60,49
120900185,7,353,-346
120900186,2,593,-591
120900187,431,962,-531
120900188,175,16,159
120900189,152,872,-720
120900190,57,7,50
120900191,6,26,-20
120900192,14058,5993,8065
120900194,47,84,-37
120900195,99,258,-159
120900196,1185,40,1145
120900197,548,103,445
120900198,328,673,-345
120900199,307,355,-48
120900200,116,157,-41
120900201,656,141,515
120900202,2,224,-222
120900203,44,99,-55
120900204,194,349,-155
120900205,87,121,-34
120900206,9,30,-21
120900207,57,1706,-1649
121000001,1614,1267,347
121000002,4312,2649,1663
121000003,4054,2256,1798
121000004,3778,8780,-5002
121000005,2829,3269,-440
121000006,4231,2145,2086
121000007,4341,3032,1309
121000008,9566,4633,4933
121000009,7774,7137,637
121000010,12297,7902,4395
121000011,10047,14914,-4867
121000012,18076,12733,5343
121000013,6314,9066,-2752
121000014,8118,8167,-49
121000015,6361,8578,-2217
121000016,5590,5405,185
121000017,2491,4673,-2182
121000018,2832,2252,580
121000019,22421,14357,8064
121000020,14501,15906,-1405
121000021,4188,3847,341
121000022,2708,2895,-187
121000023,4297,3923,374
121000024,4872,5583,-711
121000025,721,1794,-1073
121000026,403,214,189
121000027,1703,1279,424
121000028,969,600,369
121000029,1233,790,443
121000030,767,443,324
121000031,841,771,70
121000032,255,105,150
121000034,892,205,687
121000035,402,145,257
121000036,2083,1160,923
121000037,1078,574,504
121000038,975,906,69
121000039,644,573,71
121000041,869,562,307
121000042,378,382,-4
121000043,907,620,287
121000044,2223,955,1268
121000045,560,305,255
121000046,593,824,-231
121000047,319,108,211
121000049,2797,695,2102
121000050,408,1269,-861
121000051,1156,378,778
121000052,791,694,97
121000053,490,111,379
121000054,36,375,-339
121000055,1693,1176,517
121000056,964,1185,-221
121000057,461,590,-129
121000058,422,185,237
121000059,2281,1667,614
121000060,569,1227,-658
121000061,291,160,131
121000062,178,443,-265
121000063,954,771,183
121000064,921,1011,-90
121000065,625,409,216
121000066,805,543,262
121000067,1139,413,726
121000068,1098,360,738
121000069,856,463,393
121000070,2759,1258,1501
121000071,1976,1397,579
121000072,1556,820,736
121000073,1828,970,858
121000074,115,192,-77
121000075,93,162,-69
121000076,1505,395,1110
121000077,149,174,-25
121000078,163,184,-21
121000080,2800,733,2067
121000081,2949,3917,-968
121000082,144,282,-138
121000083,318,140,178
121000084,232,192,40
121000085,307,574,-267
121000086,191,851,-660
121000087,74,269,-195
121000088,514,668,-154
121000089,454,391,63
121000090,619,388,231
121000091,1806,868,938
121000092,245,117,128
121000093,184,225,-41
121000094,496,806,-310
121000095,410,564,-154
121000096,2186,2458,-272
121000097,1202,2151,-949
121000098,862,1274,-412
121000099,921,922,-1
121000100,1356,619,737
121000101,502,274,228
121000102,317,353,-36
121000103,292,296,-4
121000104,318,201,117
121000105,422,254,168
121000106,363,385,-22
121000107,3051,4133,-1082
121000109,1637,1263,374
121000110,353,982,-629
121000114,3184,2376,808
121000115,1118,837,281
121000116,428,1019,-591
121000117,1051,282,769
121000118,1642,256,1386
121000119,474,440,34
121000120,283,456,-173
121000121,751,1114,-363
121000123,1855,630,1225
121000127,216,159,57
121000128,1278,586,692
121000129,983,678,305
121000130,675,1011,-336
121000131,3023,2238,785
121000132,1892,1732,160
121000135,368,354,14
121000136,2097,656,1441
121000137,479,250,229
121000138,1730,753,977
121000139,899,112,787
121000141,423,147,276
121000142,1052,1129,-77
121000143,152,29,123
121000144,1050,1723,-673
121000145,813,1398,-585
121000146,1581,865,716
121000147,1395,581,814
121000148,1168,1269,-101
121000149,2930,1584,1346
121000152,596,780,-184
121000153,2062,971,1091
121000154,1086,1129,-43
121000155,1345,1587,-242
121000156,443,1376,-933
121000157,1331,2733,-1402
121000158,422,834,-412
121000159,220,599,-379
121000160,322,639,-317
121000161,225,423,-198
121000162,95,237,-142
121000165,1752,1906,-154
121000166,22,757,-735
121000168,633,303,330
121000169,106,257,-151
121000170,382,230,152
121000171,67,200,-133
121000172,775,641,134
121000173,1362,1235,127
121000174,343,507,-164
121000175,1143,471,672
121000176,474,270,204
121000177,1428,672,756
121000178,207,47,160
121000179,103,64,39
121000181,510,570,-60
121000182,106,188,-82
121000183,62,77,-15
121000184,224,105,119
121000185,50,165,-115
121000186,266,370,-104
121000187,190,225,-35
121000188,199,239,-40
121000192,875,390,485
121000193,726,651,75
121000194,2933,2533,400
121000195,392,1057,-665
121000196,1269,272,997
121000197,496,693,-197
121000198,528,128,400
121000199,327,391,-64
121000200,1045,86,959
121000201,3,237,-234
121000202,1247,111,1136
121000203,1098,2311,-1213
121000204,3635,783,2852
121000205,360,301,59
121000206,247,39,208
121000207,2447,506,1941
121000208,21,466,-445
121000209,446,397,49
121000210,588,526,62
121000211,393,200,193
121000212,424,819,-395
121000213,9272,3437,5835
121000214,781,4362,-3581
121000215,1388,974,414
121000216,795,1146,-351
121000217,6827,4587,2240
121000218,834,2058,-1224
121000219,2907,670,2237
121000220,447,69,378
121000221,182,372,-190
121000222,3712,2835,877
121000223,1243,375,868
121000224,556,172,384
121000225,4653,1523,3130
121000226,11966,1793,10173
121000227,12,262,-250
121000228,30,651,-621
121000229,388,424,-36
121000230,59,1546,-1487
121000231,905,43,862
121000232,376,355,21
121000233,733,425,308
121000234,89,79,10
121000235,130,90,40
121000236,28,73,-45
121000237,55,24,31
121000238,4,111,-107
121000239,87,15,72
121000240,20,410,-390
121000241,119,17,102
121000242,99,343,-244
121000243,566,171,395
121000244,23,77,-54
121000245,189,18,171
121000246,3,115,-112
121000247,132,17,115
121000248,1682,860,822
121000249,157,380,-223
121000250,827,157,670
121000251,34,560,-526
121000252,130,92,38
121000253,1065,589,476
121000254,1622,296,1326
121000255,345,175,170
121000256,739,246,493
121000257,181,97,84
121000258,616,65,551
121000259,220,87,133
121000260,287,147,140
121000261,561,68,493
121000262,1167,1529,-362
121000263,384,467,-83
121000271,299,1850,-1551
121000273,315,7,308
121000274,20,45,-25
121000275,10,18,-8
121000276,6,42,-36
121000278,294,58,236
121000279,80,23,57
121000280,118,54,64
121000289,258,29,229
121000290,1366,781,585
121000294,197,155,42
121000297,1164,1642,-478
121000299,867,367,500
121000300,591,775,-184
121000302,160,1472,-1312
121000303,682,567,115
121000304,575,66,509
121000305,217,65,152
121000306,121,121,0
121000308,223,528,-305
121000309,600,683,-83
121000310,179,378,-199
121000311,79,1006,-927
121000312,381,280,101
121000313,392,659,-267
121000314,261,206,55
121000315,94,166,-72
121000530,1517,1559,-42
121000531,1537,1760,-223
121000532,7197,7221,-24
121000533,3175,3454,-279
121000918,163,230,-67
121000919,108,57,51
121000938,450,546,-96
121000939,576,459,117
121000956,1239,1715,-476
121000957,16,10,6
121000958,301,37,264
121000959,760,910,-150
121000960,2761,2226,535
121000961,356,159,197
121000962,477,1490,-1013
121000973,1,119,-118
121000976,19,167,-148
121000979,571,168,403
121000981,517,344,173
121000982,511,218,293
121000983,572,407,165
121000984,92,65,27
121000985,696,666,30
121000986,937,362,575
121000987,259,1399,-1140
121000988,968,180,788
121001302,384,189,195
121001308,6,11,-5
121001309,173,115,58
121001311,0,0,0
121001313,622,335,287
121001314,3367,4109,-742
121001315,5084,3006,2078
121001326,360,508,-148
121900001,124,212,-88
121900002,164,19,145
121900003,451,18,433
121900004,118,385,-267
121900005,27,9,18
121900006,96,25,71
121900007,1981,3035,-1054
121900008,989,233,756
121900009,603,18,585
121900010,284,1,283
121900011,231,369,-138
121900012,31,1,30
121900013,2067,69,1998
121900014,1398,370,1028
121900015,184,212,-28
121900016,10,55,-45
121900017,458,574,-116
121900018,367,8,359
121900019,479,230,249
121900020,40,2,38
121900021,736,11,725
121900022,252,267,-15
121900023,109,302,-193
121900024,371,92,279
121900025,554,339,215
121900026,354,41,313
121900027,330,123,207
121900028,176,23,153
121900029,131,213,-82
121900030,699,866,-167
121900031,1128,8772,-7644
121900032,101,101,0
121900033,173,171,2
121900034,540,104,436
121900035,2348,2392,-44
121900036,74,312,-238
121900037,178,508,-330
121900038,28,173,-145
121900039,558,56,502
121900040,56,75,-19
121900041,64,151,-87
121900042,404,118,286
121900043,7,10,-3
121900044,230,89,141
121900046,280,247,33
121900047,157,71,86
121900048,46,155,-109
121900050,39,34,5
121900051,152,138,14
121900052,100,45,55
121900053,547,446,101
121900054,580,992,-412
121900055,4,12,-8
121900058,281,198,83
121900059,469,200,269
121900060,147,302,-155
121900061,478,133,345
121900062,162,108,54
121900063,2159,335,1824
121900064,311,710,-399
121900066,63,23,40
121900067,48,49,-1
121900069,189,108,81
121900070,346,93,253
121900071,274,222,52
121900072,43,185,-142
121900073,334,215,119
121900074,784,1046,-262
121900075,1099,436,663
121900076,1172,610,562
121900077,17,45,-28
121900078,95,27,68
121900079,0,0,0
121900080,853,415,438
121900082,73,116,-43
121900084,7,249,-242
121900085,1,17,-16
121900086,14,29,-15
121900087,214,116,98
121900088,1797,3060,-1263
121900089,223,416,-193
121900090,27,110,-83
121900091,63,121,-58
121900092,81,58,23
121900093,75,73,2
121900094,19,4,15
121900095,210,153,57
121900096,1577,804,773
121900097,613,157,456
121900098,1,9,-8
121900099,273,56,217
121900100,275,378,-103
121900101,116,140,-24
121900102,4,123,-119
121900103,1072,292,780
121900104,1572,336,1236
121900105,282,150,132
121900106,8,5,3
121900107,40,28,12
121900108,2,25,-23
121900109,433,153,280
121900110,421,1011,-590
121900111,1584,140,1444
121900112,212,133,79
121900113,94,666,-572
121900114,50,72,-22
121900117,179,50,129
121900118,2282,630,1652
121900119,126,190,-64
121900120,35,1699,-1664
121900121,639,45,594
121900122,31,55,-24
121900123,156,550,-394
121900124,112,220,-108
121900125,939,1243,-304
121900127,12,78,-66
121900128,106,105,1
121900129,667,156,511
121900130,131,222,-91
121900131,338,101,237
121900132,72,106,-34
121900133,70,439,-369
121900134,41,138,-97
121900135,2125,265,1860
121900136,301,498,-197
121900137,52,431,-379
121900138,155,212,-57
121900139,428,374,54
121900140,77,191,-114
121900141,85,25,60
121900142,138,133,5
121900143,6,177,-171
121900144,140,314,-174
121900145,187,221,-34
121900146,677,826,-149
121900147,89,206,-117
121900148,215,264,-49
121900149,320,630,-310
121900150,74,143,-69
121900151,93,232,-139
121900152,64,126,-62
121900153,109,654,-545
121900154,26,241,-215
121900155,1,82,-81
121900156,105,87,18
121900157,6,415,-409
121900158,81,93,-12
121900159,3,253,-250
121900160,84,242,-158
121900161,402,366,36
121900162,181,139,42
121900163,327,654,-327
121900164,459,148,311
121900165,282,146,136
121900166,351,180,171
121900167,184,108,76
121900168,231,196,35
121900169,8,214,-206
121900170,3,270,-267
121900171,593,519,74
121900172,543,255,288
121900173,1024,284,740
121900174,34,52,-18
121900175,390,176,214
121900176,753,1452,-699
121900177,162,84,78
121900178,60,62,-2
121900179,436,143,293
121900180,4420,4099,321
121900182,1003,284,719
121900183,760,669,91
121900184,68,530,-462
121900186,7,250,-243
121900187,61,135,-74
121900188,543,660,-117
121900189,38,102,-64
121900190,230,606,-376
121900191,87,194,-107
121900192,401,643,-242
121900193,60,172,-112
121900194,5,114,-109
121900195,90,58,32
121900196,1019,1342,-323
121900197,319,1759,-1440
121900198,996,1558,-562
121900199,5,18,-13
121900200,177,242,-65
121900201,1301,830,471
121900202,160,551,-391
121900203,174,1052,-878
121900204,924,1537,-613
121900205,13,88,-75
121900206,16,11,5
121900207,197,40,157
121900208,261,270,-9
121900209,77,41,36
121900210,1873,1199,674
121900211,341,860,-519
121900212,143,123,20
121900213,129,109,20
121900214,8,499,-491
121900215,65,90,-25
121900216,87,95,-8
121900217,222,108,114
121900218,236,463,-227
121900220,114,18,96
121900221,264,793,-529
121900222,212,153,59
121900223,209,44,165
121900224,102,64,38
121900225,315,113,202
121900226,265,514,-249
121900227,173,528,-355
121900228,231,362,-131
121900230,144,164,-20
121900231,455,722,-267
121900232,436,427,9
121900233,231,259,-28
121900234,473,280,193
121900235,498,221,277
121900236,343,158,185
121900237,159,261,-102
121900238,152,309,-157
121900239,174,34,140
121900240,229,128,101
121900241,41,61,-20
121900242,17,23,-6
121900243,2,0,2
121900244,3,0,3
121900245,198,77,121
121900246,2200,318,1882
121900248,1485,1202,283
121900250,276,356,-80
121900251,340,44,296
121900252,589,112,477
121900253,282,1151,-869
121900254,555,218,337
121900255,239,87,152
121900258,2944,2257,687
121900259,404,752,-348
121900260,134,242,-108
121900261,218,694,-476
121900262,427,1309,-882
121900263,188,374,-186
121900264,2117,1846,271
121900265,282,346,-64
121900266,372,167,205
121900267,54,45,9
121900269,154,638,-484
121900270,32,253,-221
121900271,55,146,-91
121900273,751,2369,-1618
121900274,335,222,113
121900277,553,983,-430
121900278,129,853,-724
121900279,164,202,-38
121900280,261,282,-21
121900281,680,191,489
121900284,43,9,34
121900286,313,119,194
121900287,25,42,-17
121900288,21,2,19
121900290,214,276,-62
121900291,415,802,-387
121900292,228,136,92
121900293,1094,2961,-1867
121900294,288,1,287
121900295,143,300,-157
121900296,115,80,35
121900298,526,691,-165
121900299,0,3,-3
121900300,70,1,69
121900301,114,7,107
121900302,0,35,-35
121900303,673,291,382
121900304,4,20,-16
121900305,2,4,-2
121900306,64,4,60
121900307,23,28,-5
121900308,20,296,-276
121900309,12,267,-255
121900310,31,508,-477
121900311,393,35,358
121900312,213,32,181
121900313,677,13,664
121900314,9,73,-64
121900315,8,0,8
121900316,0,14,-14
121900317,16,7,9
121900318,3,22,-19
121900319,35,298,-263
121900320,59,144,-85
121900321,13,0,13
121900322,1,22,-21
121900323,19,6,13
121900324,6,90,-84
121900325,6,1,5
121900326,6,12,-6
121900327,9,76,-67
121900328,0,27,-27
121900329,0,236,-236
121900330,0,62,-62
121900331,14,7,7
121900332,95,37,58
121900333,83,5,78
121900334,209,72,137
122000001,3132,5208,-2076
122000002,5892,1964,3928
122000003,2426,2706,-280
122000004,3388,1989,1399
122000005,2834,1775,1059
122000006,2381,805,1576
122000007,1584,1953,-369
122000008,5533,6136,-603
122000009,589,424,165
122000010,2482,3651,-1169
122000011,3342,1606,1736
122000012,1434,1340,94
122000013,2655,1396,1259
122000014,1693,2084,-391
122000015,1609,1171,438
122000016,684,914,-230
122000017,1218,1125,93
122000018,1449,1253,196
122000019,824,1264,-440
122000020,184,195,-11
122000021,521,430,91
122000022,1633,1409,224
122000023,768,2945,-2177
122000024,923,996,-73
122000025,2412,1585,827
122000026,1564,1069,495
122000027,674,4760,-4086
122000028,803,470,333
122000029,504,412,92
122000030,382,178,204
122000031,155,290,-135
122000032,2188,3908,-1720
122000033,1028,1121,-93
122000034,1052,774,278
122000035,385,1071,-686
122000036,635,638,-3
122000037,362,287,75
122000038,326,377,-51
122000039,804,612,192
122000040,415,542,-127
122000041,631,594,37
122000042,479,540,-61
122000043,142,154,-12
122000044,150,189,-39
122000045,2053,508,1545
122000046,965,1179,-214
122000047,294,249,45
122000048,3873,5328,-1455
122000049,6840,3594,3246
122000050,2171,851,1320
122000051,507,421,86
122000052,537,407,130
122000053,169,750,-581
122000054,2918,2196,722
122000055,2888,3459,-571
122000056,5911,4507,1404
122000057,3904,4201,-297
122000058,4119,1408,2711
122000059,3735,1736,1999
122000060,974,713,261
122000061,656,530,126
122000062,1515,379,1136
122000063,1895,814,1081
122000064,4097,2730,1367
122000065,6084,2774,3310
122000066,1485,970,515
122000067,2592,1484,1108
122000068,1646,1808,-162
122000069,688,656,32
122000070,877,4249,-3372
122000071,1430,1518,-88
122000072,415,358,57
122000073,452,585,-133
122000074,3005,1754,1251
122000075,758,1700,-942
122000076,2271,1262,1009
122000077,2252,768,1484
122000078,3210,2741,469
122000079,3109,1245,1864
122000080,1543,410,1133
122000081,281,334,-53
122000082,1614,797,817
122000083,1651,3680,-2029
122000084,1391,965,426
122000085,355,1877,-1522
122000086,2755,6071,-3316
122000087,415,190,225
122000088,379,381,-2
122000089,7412,3466,3946
122000090,323,625,-302
122000091,561,70,491
122000092,351,24,327
122000093,2644,1268,1376
122000094,8400,2094,6306
122000095,3228,3166,62
122000096,2561,2301,260
122000098,3616,1905,1711
122000099,5214,807,4407
122000100,1418,905,513
122000101,356,1635,-1279
122000102,1901,1245,656
122000103,2302,1628,674
122000104,560,190,370
122000105,821,284,537
122000106,684,595,89
122000107,1110,515,595
122000108,521,788,-267
122000109,350,476,-126
122000110,446,505,-59
122000111,2940,1311,1629
122000112,1015,1762,-747
122000113,680,611,69
122000114,6294,2019,4275
122000115,1989,2651,-662
122000116,565,595,-30
122000117,1484,502,982
122000118,616,920,-304
122000119,4134,3246,888
122000120,3123,5875,-2752
122000121,3266,3421,-155
122000122,997,1738,-741
122000123,2430,2122,308
122000124,1133,633,500
122000125,698,843,-145
122000126,786,1381,-595
122000127,1578,1750,-172
122000128,715,821,-106
122000129,576,1662,-1086
122000130,4054,2073,1981
122000131,2183,2658,-475
122000132,862,768,94
122000133,1177,1769,-592
122000134,1021,1010,11
122000135,871,921,-50
122000136,999,765,234
122000137,1573,1084,489
122000139,2106,3474,-1368
122000140,1815,637,1178
122000141,4567,1097,3470
122000142,547,780,-233
122000143,571,1045,-474
122000144,1794,2333,-539
122000145,1618,953,665
122000146,645,1486,-841
122000147,1163,585,578
122000148,2884,1639,1245
122000149,2409,1920,489
122000150,1535,1245,290
122000151,301,551,-250
122000152,531,558,-27
122000153,440,443,-3
122000154,415,210,205
122000155,1794,3148,-1354
122000156,2268,2245,23
122000157,2562,1486,1076
122000158,514,814,-300
122000159,1020,2309,-1289
122000160,5138,4546,592
122000161,1610,1581,29
122000162,2475,2153,322
122000163,274,95,179
122000164,32,74,-42
122000165,1089,744,345
122000166,1957,1343,614
122000167,268,220,48
122000168,242,521,-279
122000169,687,225,462
122000170,358,274,84
122000171,56,86,-30
122000172,1410,1810,-400
122000173,1475,2423,-948
122000174,3332,903,2429
122000175,1886,353,1533
122000176,330,722,-392
122000177,2076,1416,660
122000178,4053,3545,508
122000179,1729,2736,-1007
122000180,1887,1437,450
122000181,1980,3585,-1605
122000182,2232,1781,451
122000183,2135,1496,639
122000184,2555,2371,184
122000185,1187,1377,-190
122000186,605,818,-213
122000187,2429,1138,1291
122000188,503,243,260
122000189,320,374,-54
122000190,1533,1219,314
122000191,1463,835,628
122000192,1634,319,1315
122000193,548,610,-62
122000194,962,238,724
122000195,303,419,-116
122000196,1299,559,740
122000197,588,546,42
122000198,587,783,-196
122000199,524,355,169
122000200,1787,919,868
122000201,1457,1341,116
122000202,1758,1145,613
122000203,2787,1740,1047
122000204,1956,2233,-277
122000205,1730,1781,-51
122000206,2727,855,1872
122000207,2346,1218,1128
122000208,3586,1502,2084
122000209,3363,430,2933
122000210,3151,1883,1268
122000211,2120,1055,1065
122000212,1104,731,373
122000213,1188,1713,-525
122000214,2406,2107,299
122000215,1980,1871,109
122000217,2754,1457,1297
122000218,946,120,826
122000219,1536,1201,335
122000220,478,766,-288
122000221,106,626,-520
122000222,809,141,668
122000223,1928,474,1454
122000225,1295,327,968
122000226,2945,2270,675
122000227,433,3354,-2921
122000228,469,379,90
122000229,43,533,-490
122000230,66,602,-536
122000231,321,850,-529
122000232,823,1023,-200
122000233,0,109,-109
122000234,623,142,481
122000235,931,213,718
122000236,1155,181,974
122000237,145,99,46
122000238,366,382,-16
122000239,629,151,478
122000240,1379,551,828
122000241,1879,625,1254
122000242,872,147,725
122000243,373,75,298
122000244,71,472,-401
122000245,116,236,-120
122000246,472,227,245
122000247,594,795,-201
122000248,1467,2020,-553
122000249,1526,1036,490
122000250,2817,1467,1350
122000251,282,531,-249
122000252,632,126,506
122000253,47,336,-289
122000254,355,107,248
122000255,867,1783,-916
122000256,415,1351,-936
122000257,268,418,-150
122000258,383,331,52
122000259,25,561,-536
122000260,5,98,-93
122000261,7,264,-257
122000262,1,71,-70
122000263,292,106,186
122000264,1409,473,936
122000265,3481,924,2557
122000266,8466,701,7765
122000267,101,93,8
122000268,236,343,-107
122000269,1298,326,972
122000270,2418,168,2250
122000271,558,1060,-502
122000272,419,1118,-699
122000273,530,465,65
122000274,221,235,-14
122000275,72,231,-159
122000276,915,530,385
122000277,1766,1570,196
122000278,2494,926,1568
122000279,236,548,-312
122000280,1472,935,537
122000281,1065,858,207
122000282,296,138,158
122000283,1143,89,1054
122000284,217,135,82
122000285,786,92,694
122000286,260,159,101
122000287,1838,1556,282
122000288,1248,309,939
122000291,2128,867,1261
122000293,400,308,92
122000294,154,270,-116
122000295,1740,237,1503
122000296,46,917,-871
122000297,2911,3414,-503
122000299,484,483,1
122000300,647,722,-75
122000301,12912,3800,9112
122000302,1200,1396,-196
122000303,4602,1568,3034
122000304,133,357,-224
122000305,1119,378,741
122000306,24,927,-903
122000307,189,160,29
122000309,182,80,102
122000310,95,96,-1
122000311,379,201,178
122000312,247,137,110
122000313,189,103,86
122000314,179,326,-147
122000315,345,42,303
122000316,880,226,654
122000317,1342,329,1013
122000318,393,823,-430
122000319,322,618,-296
122000320,456,2347,-1891
122000321,144,248,-104
122000322,2805,3320,-515
122000323,1974,2513,-539
122000324,1539,1417,122
122000325,1143,1704,-561
122000326,78,131,-53
122000327,855,1537,-682
122000328,1379,821,558
122000330,2531,940,1591
122000332,329,455,-126
122000333,14,169,-155
122000337,1108,1775,-667
122000338,477,374,103
122000340,530,335,195
122000342,2271,1098,1173
122000343,535,1391,-856
122000344,91,44,47
122000345,246,45,201
122000346,331,589,-258
122000348,833,757,76
122000349,134,764,-630
122000351,131,242,-111
122000352,529,143,386
122000353,124,127,-3
122000355,199,225,-26
122000356,2384,1060,1324
122000357,131,21,110
122000358,1,67,-66
122000359,0,26,-26
122000360,2,31,-29
122000362,5,103,-98
122000364,159,345,-186
122000365,3,25,-22
122000366,4,4,0
122000368,453,631,-178
122000370,19,75,-56
122000371,45,0,45
122000372,21,0,21
122000381,67,440,-373
122000382,109,264,-155
122000384,5220,2227,2993
122000385,69,2,67
122000386,921,1521,-600
122000387,1212,514,698
122000388,2008,892,1116
122000389,259,609,-350
122000390,750,269,481
122000391,608,157,451
122000392,198,183,15
122000393,765,186,579
122000394,634,313,321
122000395,233,208,25
122000396,475,122,353
122000397,92,127,-35
122000398,63,79,-16
122000399,271,103,168
122000400,262,500,-238
122000401,175,108,67
122000402,280,141,139
122000403,526,1177,-651
122000404,161,333,-172
122000408,1122,1687,-565
122000503,15,162,-147
122000524,183,130,53
122000544,73,5415,-5342
122000616,358,6,352
122000640,99,171,-72
122000641,177,418,-241
122000642,2168,1078,1090
122000643,60,191,-131
122000644,220,26,194
122000645,127,405,-278
122000651,2530,774,1756
122000664,161,58,103
122000665,1421,591,830
122000666,729,1114,-385
122000673,60,404,-344
122000674,194,72,122
122000675,2138,1424,714
122000686,439,1192,-753
122000687,2377,361,2016
122000688,268,794,-526
122000689,1065,753,312
122000690,1578,692,886
122000691,448,2467,-2019
122000692,1475,385,1090
122000693,465,1709,-1244
122000695,303,480,-177
122000696,371,348,23
122000698,317,840,-523
122000699,242,55,187
122000701,1644,459,1185
122000702,602,1862,-1260
122000703,149,72,77
122000712,0,0,0
122000717,236,75,161
122000718,856,1383,-527
122000719,178,91,87
122000720,456,313,143
122000724,268,309,-41
122900001,27,7,20
122900002,1452,5335,-3883
122900003,440,60,380
122900004,580,50,530
122900005,79,22,57
122900006,1669,188,1481
122900007,166,78,88
122900008,971,84,887
122900009,839,461,378
122900010,193,260,-67
122900012,297,255,42
122900014,180,369,-189
122900015,1994,842,1152
122900016,277,248,29
122900017,455,805,-350
122900018,287,30,257
122900019,9,188,-179
122900020,864,309,555
122900021,43,1210,-1167
122900022,755,874,-119
122900023,498,258,240
122900024,137,119,18
122900025,10,208,-198
122900026,111,296,-185
122900027,46,770,-724
122900028,167,203,-36
122900029,4930,3387,1543
122900030,1367,524,843
122900031,145,348,-203
122900032,90,494,-404
122900033,435,128,307
122900034,4169,6791,-2622
122900035,75,30,45
122900036,92,222,-130
122900037,725,146,579
122900038,174,3999,-3825
122900039,116,601,-485
122900040,361,341,20
122900041,406,221,185
122900042,189,308,-119
122900043,688,159,529
122900044,125,370,-245
122900045,111,99,12
122900046,378,111,267
122900047,406,244,162
122900048,40,374,-334
122900049,1793,140,1653
122900051,78,111,-33
122900052,96,204,-108
122900053,17,43,-26
122900055,512,115,397
122900057,422,40,382
122900061,473,186,287
122900062,499,714,-215
122900063,222,347,-125
122900064,1931,449,1482
122900065,686,197,489
122900066,672,352,320
122900067,1371,802,569
122900069,348,2029,-1681
122900070,376,39,337
122900071,129,511,-382
122900072,21,714,-693
122900073,37,293,-256
122900074,920,766,154
122900075,2,70,-68
122900076,11,238,-227
122900077,2,163,-161
122900078,178,104,74
122900080,44,29,15
122900081,411,166,245
122900082,810,201,609
122900083,170,141,29
122900084,9,296,-287
122900086,8,105,-97
122900087,372,478,-106
122900088,60,102,-42
122900089,89,135,-46
122900090,10,686,-676
122900091,224,3,221
122900092,1,213,-212
122900093,0,291,-291
122900094,6,268,-262
122900095,205,7,198
122900096,238,219,19
122900097,51,40,11
122900098,102,113,-11
122900099,51,13,38
122900100,972,165,807
122900101,1240,266,974
122900102,23,33,-10
122900103,142,7,135
122900104,115,11,104
122900105,12,14,-2
122900106,6,91,-85
122900107,4,233,-229
122900108,7,333,-326
123000001,2177,545,1632
123000002,5840,4824,1016
123000003,4499,4557,-58
123000004,3784,5339,-1555
123000005,3202,3585,-383
123000006,3282,3212,70
123000007,4354,3520,834
123000008,2982,4204,-1222
123000009,5600,3932,1668
123000010,3899,4073,-174
123000011,4948,1211,3737
123000012,1265,2907,-1642
123000013,4212,1248,2964
123000014,1429,4386,-2957
123000015,5240,1228,4012
123000016,6261,4530,1731
123000017,3539,2016,1523
123000018,55,134,-79
123000019,238,349,-111
123000020,131,144,-13
123000021,73,404,-331
123000022,375,4114,-3739
123000023,1687,1601,86
123000024,2094,784,1310
123000025,360,341,19
123000026,27,85,-58
123000027,1454,326,1128
123000028,2274,250,2024
123000029,2994,438,2556
123000030,490,495,-5
123000031,145,327,-182
123000032,337,236,101
123000033,386,67,319
123000034,1659,1435,224
123000035,427,504,-77
123000036,323,1106,-783
123000037,244,309,-65
123000038,146,269,-123
123000039,500,1343,-843
123000040,930,436,494
123000041,1734,1161,573
123000042,1622,634,988
123000043,3826,8251,-4425
123000044,5764,2550,3214
123000045,9905,2906,6999
123000046,956,1528,-572
123000047,2542,1503,1039
123000048,113,766,-653
123000049,7657,8435,-778
123000050,1492,1654,-162
123000051,203,261,-58
123000052,920,3920,-3000
123000053,3435,3808,-373
123000054,1786,1532,254
123000055,1219,2025,-806
123000056,1557,2033,-476
123000057,16441,6951,9490
123000058,780,939,-159
123000059,550,715,-165
123000060,843,373,470
123000061,331,883,-552
123000063,897,1057,-160
123000064,964,353,611
123000065,6654,3564,3090
123000066,999,868,131
123000067,1310,919,391
123000068,3587,3825,-238
123000069,7047,4251,2796
123000070,324,912,-588
123000071,973,1309,-336
123000072,1148,1238,-90
123000073,1319,997,322
123000074,1277,1784,-507
123000075,367,1192,-825
123000076,794,1141,-347
123000077,2535,3670,-1135
123000078,1642,2120,-478
123000079,1530,2431,-901
123000080,2365,2488,-123
123000081,159,483,-324
123000082,383,1039,-656
123000083,965,297,668
123000084,686,903,-217
123000085,279,96,183
123000086,426,290,136
123000087,295,420,-125
123000088,1109,967,142
123000089,647,1428,-781
123000090,1283,1192,91
123000091,1826,2247,-421
123000092,1148,1469,-321
123000094,524,271,253
123000095,493,713,-220
123000096,727,561,166
123000097,553,965,-412
123000098,805,677,128
123000099,670,870,-200
123000100,606,813,-207
123000101,703,701,2
123000102,682,783,-101
123000104,427,545,-118
123000105,536,528,8
123000106,631,583,48
123000107,436,733,-297
123000108,890,1437,-547
123000111,912,453,459
123000112,1093,718,375
123000113,754,1656,-902
123000114,509,756,-247
123000115,331,347,-16
123000116,36,202,-166
123000117,1677,2297,-620
123000118,495,1090,-595
123000119,262,977,-715
123000120,441,931,-490
123000121,561,841,-280
123000122,587,277,310
123000123,526,822,-296
123000124,721,621,100
123000125,1475,1538,-63
123000126,1655,3980,-2325
123000127,1163,795,368
123000128,429,392,37
123000129,510,228,282
123000130,506,114,392
123000131,775,749,26
123000132,482,742,-260
123000133,324,526,-202
123000134,492,313,179
123000135,2111,1361,750
123000136,260,1158,-898
123000137,111,348,-237
123000138,108,443,-335
123000139,444,197,247
123000140,130,888,-758
123000141,822,155,667
123000142,1079,1166,-87
123000143,2298,2869,-571
123000144,40,25,15
123000145,274,92,182
123000146,85,108,-23
123000147,206,143,63
123000149,535,673,-138
123000150,296,341,-45
123000151,367,491,-124
123000152,123,470,-347
123000153,234,740,-506
123000154,2059,2366,-307
123000155,2551,1097,1454
123000156,101,181,-80
123000157,806,897,-91
123000158,740,1072,-332
123000159,4016,2672,1344
123000160,1112,842,270
123000161,1742,1428,314
123000162,1040,2020,-980
123000163,485,105,380
123000164,1564,402,1162
123000165,437,1891,-1454
123000166,46,205,-159
123000167,175,358,-183
123000168,262,315,-53
123000169,745,147,598
123000170,87,272,-185
123000171,587,48,539
123000172,216,639,-423
123000173,526,304,222
123000174,1096,460,636
123000175,713,1490,-777
123000176,1067,292,775
123000177,253,1034,-781
123000178,1036,187,849
123000179,74,697,-623
123000180,1592,417,1175
123000181,368,1800,-1432
123000182,234,476,-242
123000183,193,748,-555
123000184,119,757,-638
123000185,584,585,-1
123000186,3,619,-616
123000187,567,6,561
123000188,193,0,193
123000189,166,161,5
123000190,54,76,-22
123000192,22,414,-392
123000193,75,981,-906
123000194,535,367,168
123000195,348,35,313
123000196,366,120,246
123000197,49,188,-139
123000198,163,300,-137
123000199,14,636,-622
123000200,536,19,517
123000201,1038,32,1006
123000202,16,1397,-1381
123000203,837,81,756
123000204,76,1265,-1189
123000205,595,2057,-1462
123000206,2193,273,1920
123000207,127,975,-848
123000208,642,120,522
123000209,2400,673,1727
123000210,558,2118,-1560
123000211,532,2701,-2169
123000212,3269,529,2740
123000213,755,97,658
123000215,321,209,112
123000216,226,895,-669
123000217,212,40,172
123000218,97,566,-469
123000219,1169,215,954
123000220,616,77,539
123000221,297,121,176
123000222,571,480,91
123000223,238,427,-189
123000224,446,690,-244
123000225,283,92,191
123000226,66,326,-260
123000227,125,354,-229
123000228,282,75,207
123000229,1379,1932,-553
123000232,92,775,-683
123000233,848,231,617
123000234,196,835,-639
123000235,886,367,519
123000236,263,841,-578
123000237,399,97,302
123000238,91,576,-485
123000239,553,1700,-1147
123000240,53,507,-454
123000241,815,149,666
123000242,118,256,-138
123000243,889,1190,-301
123000244,1074,800,274
123000245,75,207,-132
123000249,535,1015,-480
123000252,1001,320,681
123000253,1028,601,427
123000254,654,1048,-394
123000255,1290,981,309
123000256,35,272,-237
123000257,3554,2630,924
123000258,1146,1166,-20
123000259,394,440,-46
123000260,425,538,-113
123000261,210,197,13
123000262,95,274,-179
123000263,416,105,311
123000264,253,112,141
123000265,56,186,-130
123000266,520,864,-344
123000267,612,328,284
123000268,45,83,-38
123000269,44,82,-38
123000270,39,83,-44
123000271,97,94,3
123000272,768,327,441
123000273,324,719,-395
123000274,1433,758,675
123000275,321,1070,-749
123000278,3346,2932,414
123000279,128,142,-14
123000280,386,325,61
123000281,315,83,232
123000282,130,290,-160
123000283,145,120,25
123000284,80,117,-37
123000286,304,336,-32
123000287,660,284,376
123000288,1274,858,416
123000289,583,1097,-514
123000291,389,901,-512
123000294,309,296,13
123000295,1049,919,130
123000296,640,442,198
123000297,710,1071,-361
123000298,727,614,113
123000299,70,373,-303
123000300,927,897,30
123000301,215,273,-58
123000302,50,209,-159
123000303,174,115,59
123000305,1223,1090,133
123000306,132,273,-141
123000309,76,99,-23
123000310,70,43,27
123000311,1,115,-114
123000312,879,969,-90
123000313,443,537,-94
123000315,85,393,-308
123000316,2087,412,1675
123000317,249,93,156
123000318,50,273,-223
123000329,26,20,6
123000337,1001,280,721
123000338,1311,71,1240
123000339,177,166,11
123000340,242,521,-279
123000342,48,182,-134
123000343,95,7,88
123000344,1439,519,920
123000345,360,677,-317
123000346,377,67,310
123000352,1747,883,864
123000353,25,159,-134
123000354,682,2,680
123000355,0,540,-540
123000356,284,9,275
123000357,1,204,-203
123000359,15,165,-150
123000360,211,178,33
123000361,381,338,43
123000362,245,122,123
123000363,85,193,-108
123000364,574,520,54
123000365,26,394,-368
123000366,453,2083,-1630
123000367,334,1221,-887
123000370,72,213,-141
123000371,297,25,272
123000372,468,9,459
123000373,4,428,-424
123000374,5,238,-233
123000375,318,40,278
123000376,1048,812,236
123000377,325,16,309
123000378,16,295,-279
123000379,2,280,-278
123000380,80,359,-279
123000381,248,38,210
123000382,1344,174,1170
123000383,216,1432,-1216
123000384,581,98,483
123000385,501,877,-376
123000436,84,1291,-1207
123000507,243,448,-205
123000508,331,958,-627
123000517,410,30,380
123000518,23,316,-293
123000519,187,71,116
123000520,63,298,-235
123000521,401,139,262
123000522,162,476,-314
123000541,3,3,0
123000542,0,21,-21
123000565,782,48,734
123000566,284,831,-547
123000567,99,319,-220
123000573,62,854,-792
123000574,803,61,742
123000575,1522,1348,174
123000576,860,1975,-1115
123000577,90,786,-696
123000578,664,71,593
123000579,4569,5547,-978
123000580,177,44,133
123000582,529,33,496
123000583,15,367,-352
123000584,237,372,-135
123000585,0,179,-179
123000586,96,0,96
123000596,78,131,-53
123000597,69,203,-134
123000602,32,9,23
123000603,603,986,-383
123000604,668,1008,-340
123000605,1208,50,1158
123000606,3,394,-391
123000609,26,366,-340
123000610,187,176,11
123000613,60,197,-137
123000614,219,50,169
123000615,112,249,-137
123000616,601,56,545
123000617,76,442,-366
123000618,76,626,-550
123000619,731,46,685
123000620,9,549,-540
123000622,390,19,371
123000624,149,82,67
123000630,1023,547,476
123000631,333,2033,-1700
123000632,1243,1066,177
123000633,3,397,-394
123000634,92,109,-17
123000635,224,137,87
123000636,105,835,-730
123000637,240,32,208
123000638,846,117,729
123000639,1183,4181,-2998
123000640,27,858,-831
123000648,425,109,316
123000649,51,644,-593
123900001,1324,46,1278
123900002,31,1959,-1928
123900003,459,740,-281
123900005,340,188,152
123900006,371,49,322
124000001,2044,174,1870
124000002,113,2088,-1975
124000003,785,157,628
124000004,79,702,-623
124000005,1050,530,520
124000006,269,1331,-1062
124000007,681,162,519
124000008,19,1094,-1075
124000009,639,347,292
124000010,140,812,-672
124000011,1619,368,1251
124000012,548,875,-327
124000017,225,145,80
124000018,98,113,-15
124000019,181,189,-8
124000020,55,215,-160
124000021,164,80,84
124000022,150,304,-154
124000023,1500,1629,-129
124000024,1222,653,569
124000025,1080,1765,-685
124000026,1157,1061,96
124000027,4063,4971,-908
124000028,2612,4775,-2163
124000030,3162,1427,1735
124000031,1877,3704,-1827
124000032,4798,1464,3334
124000033,1215,918,297
124000034,1401,1427,-26
124000035,353,223,130
124000036,203,836,-633
124000037,469,1229,-760
124000038,67,125,-58
124000039,1131,533,598
124000040,643,1275,-632
124000041,348,117,231
124000042,100,477,-377
124000043,545,131,414
124000044,272,274,-2
124000045,978,662,316
124000046,388,967,-579
124000047,1565,992,573
124000048,1093,1811,-718
124000049,1763,781,982
124000050,981,2305,-1324
124000051,897,642,255
124000052,846,1243,-397
124000053,553,1641,-1088
124000054,1031,689,342
124000055,1471,2883,-1412
124000056,3291,1925,1366
124000057,1055,670,385
124000058,634,1677,-1043
124000059,641,1134,-493
124000060,1501,887,614
124000061,1546,5047,-3501
124000062,8376,2225,6151
124000063,1803,2421,-618
124000064,2721,1802,919
124000065,201,509,-308
124000066,345,148,197
124000067,170,203,-33
124000068,56,176,-120
124000069,804,235,569
124000070,244,591,-347
124000071,147,118,29
124000072,234,587,-353
124000073,1019,135,884
124000074,285,807,-522
124000075,262,35,227
124000076,11,231,-220
124000077,2270,807,1463
124000078,3606,1625,1981
124000079,601,1295,-694
124000080,508,187,321
124000081,143,794,-651
124000082,54,189,-135
124000083,187,132,55
124000084,99,605,-506
124000085,107,100,7
124000086,83,108,-25
124000087,260,107,153
124000088,264,378,-114
124000089,819,425,394
124000090,175,420,-245
124000091,450,151,299
124000092,160,740,-580
124000093,130,157,-27
124000094,141,598,-457
124000095,64,99,-35
124000096,166,338,-172
124000097,125,208,-83
124000098,108,137,-29
124000099,327,151,176
124000100,82,184,-102
124000101,66,140,-74
124000102,99,90,9
124000103,108,146,-38
124000104,161,80,81
124000105,88,65,23
124000106,184,109,75
124000107,20,170,-150
124000108,77,37,40
124000109,127,131,-4
124000110,325,173,152
124000111,203,173,30
124000112,524,743,-219
124000113,84,137,-53
124000114,261,560,-299
124000115,498,714,-216
124000116,130,161,-31
124000117,107,126,-19
124000118,42,90,-48
124000119,1355,633,722
124000120,785,485,300
124000121,2594,1081,1513
124000122,697,1484,-787
124000123,1046,785,261
124000124,659,1195,-536
124000125,428,617,-189
124000126,395,774,-379
124000127,926,505,421
124000128,704,1102,-398
124000129,1961,1488,473
124000130,874,773,101
124000131,954,521,433
124000132,1097,926,171
124000133,802,979,-177
124000134,961,789,172
124000135,1831,1988,-157
124000136,1054,1379,-325
124000137,1430,718,712
124000138,1551,1480,71
124000139,908,51,857
124000140,54,473,-419
124000141,588,29,559
124000142,62,481,-419
124000143,182,19,163
124000144,8,272,-264
124000145,67,69,-2
124000146,34,129,-95
124000148,30,135,-105
124000149,1177,510,667
124000150,317,730,-413
124000151,910,475,435
124000152,899,1443,-544
124000153,598,735,-137
124000154,396,875,-479
124000155,1414,1253,161
124000156,2071,1091,980
124000169,232,582,-350
124000170,715,537,178
124000171,339,281,58
124000172,423,591,-168
124000173,592,302,290
124000174,625,746,-121
124000175,12,116,-104
124000176,109,12,97
124000177,12,34,-22
124000178,28,46,-18
124000190,142,69,73
124000191,617,133,484
124000192,4280,517,3763
124000193,1071,1264,-193
124000194,437,584,-147
124000195,286,657,-371
124000196,1416,1312,104
124000197,73,68,5
124000198,23,78,-55
124000201,344,1013,-669
124000202,614,244,370
124000203,292,840,-548
124000204,845,469,376
124000205,55,536,-481
124000206,484,488,-4
124000207,0,52,-52
124000209,281,683,-402
124000210,442,205,237
124000211,519,4,515
124000212,0,519,-519
124000213,379,381,-2
124000214,316,781,-465
124000215,691,17,674
124000216,3,483,-480
124000329,127,2204,-2077
124000338,79,1125,-1046
124000339,816,115,701
124000341,1468,80,1388
124000344,28,3,25
124000357,877,3410,-2533
124000358,697,2100,-1403
124000359,907,854,53
124000360,856,681,175
124000361,2819,796,2023
124000362,1942,2454,-512
124000363,371,421,-50
124000364,773,893,-120
124000365,897,1155,-258
124000366,2087,880,1207
124000367,168,765,-597
124000368,698,517,181
124000369,342,234,108
124000370,131,842,-711
124000402,47,13,34
124000403,145,16,129
124000404,22,138,-116
124000405,1002,780,222
124000406,955,963,-8
124000407,3,47,-44
124000411,8,392,-384
124000412,464,21,443
124000413,972,45,927
124000414,62,152,-90
124000415,62,171,-109
124000416,210,329,-119
124000417,169,148,21
124000418,130,163,-33
124000419,101,176,-75
124000420,79,99,-20
124000421,63,263,-200
124000422,51,18,33
124000423,150,36,114
124000424,1,170,-169
124000425,141,27,114
124000426,3,242,-239
124000427,129,17,112
124000428,61,52,9
124000429,60,62,-2
124000430,872,625,247
124000431,784,647,137
124000432,232,1147,-915
124000439,5,17,-12
124000443,0,4,-4
124000445,1034,2006,-972
124000446,2754,118,2636
124000447,26,221,-195
124900001,414,371,43
124900002,121,468,-347
124900003,1048,701,347
124900004,564,399,165
124900005,333,186,147
124900006,604,413,191
124900008,1365,589,776
124900009,197,353,-156
124900010,195,105,90
124900011,491,251,240
124900012,468,110,358
124900013,566,148,418
124900014,269,90,179
124900015,175,390,-215
124900016,90,118,-28
124900017,647,1574,-927
124900018,35,18,17
124900020,46,70,-24
124900021,216,89,127
124900022,225,26,199
124900024,332,65,267
124900026,438,37,401
124900027,110,381,-271
124900028,498,126,372
124900029,6,510,-504
124900030,15,130,-115
124900031,26,320,-294
124900032,173,204,-31
124900033,163,306,-143
124900034,3,92,-89
124900035,212,454,-242
124900036,0,39,-39
124900037,199,340,-141
124900038,311,435,-124
124900039,2,44,-42
124900040,186,76,110
124900041,381,1167,-786
124900042,202,4,198
124900043,594,1310,-716
124900044,79,2,77
124900045,721,1268,-547
124900047,192,187,5
124900048,289,166,123
124900050,226,294,-68
124900052,114,408,-294
124900053,101,380,-279
124900054,2342,463,1879
124900055,4,127,-123
124900057,9,60,-51
124900060,65,198,-133
124900061,85,11,74
124900062,111,16,95
124900066,0,16,-16
124900067,8,183,-175
124900068,200,560,-360
124900070,41,46,-5
124900072,110,38,72
124900075,188,232,-44
124900076,29,1105,-1076
124900077,17,116,-99
124900078,75,28,47
124900079,678,213,465
124900080,277,806,-529
124900081,947,295,652
124900082,379,1034,-655
124900083,285,605,-320
124900085,927,287,640
124900086,54,1328,-1274
124900087,782,97,685
124900088,794,145,649
124900089,1673,52,1621
124900090,248,279,-31
124900091,302,464,-162
124900092,264,330,-66
124900093,302,226,76
124900094,313,330,-17
124900095,91,453,-362
124900096,605,258,347
124900097,295,76,219
124900098,132,461,-329
124900099,683,564,119
124900100,290,101,189
124900101,82,228,-146
124900102,171,75,96
124900103,174,230,-56
124900104,98,187,-89
124900105,153,138,15
124900106,374,67,307
124900107,97,18,79
124900108,244,91,153
124900111,0,103,-103
124900112,74,563,-489
124900113,143,374,-231
124900114,320,164,156
124900115,55,35,20
124900116,203,190,13
124900117,544,134,410
124900118,298,287,11
124900119,335,207,128
124900120,68,454,-386
124900121,205,362,-157
124900122,440,258,182
124900123,389,130,259
124900124,111,451,-340
204000001,196,17,179
204000002,24,10,14
204000003,52,3,49
204000004,36,4,32
204000005,831,681,150
204000006,1437,2190,-753
204000011,10,70,-60
204000012,104,145,-41
204000019,725,650,75
204000020,763,718,45
204000021,2088,949,1139
204000022,696,589,107
204000023,656,1195,-539
204000031,137,33,104
204000032,546,61,485
204000034,37,212,-175
204000035,1,7,-6
204000036,16,13,3
204000037,6,22,-16
204000038,2,17,-15
204000039,13,28,-15
204000040,6,29,-23
204000041,36,26,10
204000042,43,10,33
204000043,50,4,46
204000044,70,6,64
204000045,57,1,56
204000046,18,2,16
204000057,5,20,-15
204000062,51,97,-46
204000068,56,351,-295
204000069,70,376,-306
204000070,115,187,-72
204000080,70,81,-11
204000085,2378,2090,288
204000086,3411,2980,431
204000087,59,7,52
204000088,11,132,-121
204000090,110,389,-279
204000093,332,118,214
204000096,1084,1507,-423
204000097,343,45,298
204000099,1254,2042,-788
204000100,1418,2141,-723
204000105,2646,1841,805
204000110,1083,1498,-415
204000111,642,897,-255
204000112,1081,783,298
204000113,641,877,-236
204000114,829,697,132
204000115,568,381,187
204000116,1026,491,535
204000119,2510,3062,-552
204000132,776,426,350
204000133,836,476,360
204000134,242,193,49
204000135,760,150,610
204000136,725,285,440
204000138,384,539,-155
204000140,292,161,131
204000141,295,86,209
204000144,17,26,-9
204000145,539,39,500
204000146,27,406,-379
204000147,38,219,-181
204000148,767,50,717
204000154,14,3,11
204000155,2,7,-5
204000177,82,95,-13
204000179,21,18,3
204000180,1,83,-82
204000222,19,2,17
204000235,9,9,0
204000236,79,351,-272
204000238,12,33,-21
204000240,434,72,362
204000263,758,1344,-586
204000268,1385,1019,366
204000308,267,47,220
204000317,15,94,-79
204000322,14,35,-21
204000323,23,22,1
204000328,179,137,42
204000329,98,201,-103
204000330,258,91,167
204000331,127,150,-23
205000001,1373,2156,-783
205000013,6,64,-58
205000014,19,106,-87
205000015,27,298,-271
205000016,23,266,-243
205000017,35,106,-71
205000022,491,960,-469
205000025,1707,1450,257
205000029,264,5,259
205000045,188,368,-180
205000046,107,628,-521
205000047,59,554,-495
205000048,370,1583,-1213
205000049,192,1110,-918
205000050,1213,411,802
205000059,1,355,-354
205000060,0,124,-124
205000061,2,83,-81
205000062,4,44,-40
205000063,30,178,-148
205000064,34,168,-134
205000065,69,686,-617
205000066,164,1034,-870
205000067,56,1244,-1188
205000069,256,22,234
205000082,170,405,-235
205000110,110,277,-167
205000111,206,372,-166
205000112,188,235,-47
205000113,266,428,-162
205000121,231,159,72
205000123,71,266,-195
205000126,594,281,313
205000127,893,364,529
205000128,916,250,666
205000129,999,314,685
205000130,1130,80,1050
205000131,1046,32,1014
205000132,972,4,968
205000133,1068,0,1068
205000134,601,2,599
205000137,83,152,-69
205000138,226,400,-174
205000139,49,129,-80
205000144,134,95,39
205000145,335,276,59
205000151,222,103,119
205000152,223,44,179
205000153,282,95,187
205000154,96,150,-54
205000155,180,42,138
205000207,12,211,-199
205000233,63,0,63
205000234,0,3,-3
205000243,0,0,0
205000244,0,3,-3
205000245,12,280,-268
205000249,0,45,-45
205000250,6,0,6
205000264,13,111,-98
206000027,14,3,11
206000028,7,1,6
206000043,5,117,-112
206000053,7,9,-2
206000054,8,36,-28
206000055,0,17,-17
206000075,7,7,0
206000076,32,18,14
206000077,33,13,20
206000078,16,4,12
206000079,11,4,7
206000082,709,49,660
206000100,51,862,-811
206000103,7,17,-10
206000104,21,33,-12
206000105,7,11,-4
206000106,16,23,-7
206000125,56,0,56
206000157,48,718,-670
206000170,0,153,-153
206000171,2,190,-188
206000172,6,727,-721
206000173,3,328,-325
206000174,4,102,-98
206000175,3,154,-151
206000176,27,284,-257
206000177,0,179,-179
206000178,6,154,-148
206000179,10,72,-62
206000180,14,163,-149
206000181,13,231,-218
206000182,16,246,-230
206000183,26,780,-754
206000184,11,414,-403
206000185,9,248,-239
206000186,217,1253,-1036
206000223,13,212,-199
206000226,7,0,7
206000227,25,2,23
206000237,23,384,-361
206000238,34,657,-623
206000239,363,2337,-1974
206000240,0,68,-68
206000241,0,131,-131
206000242,8,296,-288
206000243,12,241,-229
206000244,80,757,-677
206000245,660,56,604
206000246,174,6,168
206000247,156,11,145
206000248,376,26,350
206000252,92,47,45
206000258,34,51,-17
206000315,38,10,28
206000317,638,115,523
206000318,376,99,277
206000319,1080,146,934
206000320,116,76,40
206000321,153,23,130
206000322,477,23,454
206000323,152,13,139
206000324,194,7,187
206000325,201,11,190
206000326,196,16,180
206000327,673,10,663
206000328,134,6,128
206000329,296,5,291
206000330,49,3,46
206000331,127,4,123
206000332,33,2,31
206000333,512,3,509
206000334,247,2,245
206000335,0,12,-12
206000361,5,231,-226
206000392,1,19,-18
206000405,171,1,170
206000441,24,17,7
206000498,36,3,33
206000515,139,47,92
206000530,206,90,116
206000531,169,221,-52
206000532,2768,335,2433
206000535,328,2535,-2207
206000536,24,210,-186
206000537,18,184,-166
206000613,1646,299,1347
206000784,631,61,570
207000001,196,721,-525
207000002,204,343,-139
207000003,193,202,-9
207000007,879,339,540
207000008,58,20,38
207000009,56,35,21
207000010,518,566,-48
207000012,320,403,-83
207000015,336,1600,-1264
207000019,446,129,317
207000021,897,226,671
207000022,181,173,8
207000023,260,61,199
207000024,9,16,-7
207000025,49,109,-60
207000026,170,53,117
207000027,38,127,-89
207000028,66,221,-155
207000029,328,465,-137
207000033,389,462,-73
207000034,366,104,262
207000039,382,230,152
207000040,287,135,152
207000041,246,46,200
207000042,358,83,275
207000043,260,273,-13
207000051,222,377,-155
207000052,185,232,-47
207000053,486,774,-288
207000054,66,183,-117
207000055,266,216,50
207000056,441,438,3
207000057,163,353,-190
207000058,251,408,-157
207000059,128,793,-665
207000060,117,301,-184
207000061,309,476,-167
207000062,350,55,295
207000063,326,170,156
207000064,482,219,263
207000065,432,328,104
207000066,237,266,-29
207000067,52,152,-100
207000068,108,106,2
207000069,808,598,210
207000082,11,360,-349
207000083,117,389,-272
207000084,254,338,-84
207000085,171,31,140
207000086,193,2,191
207000106,57,45,12
207000107,127,21,106
207000108,71,16,55
207000109,46,16,30
207000110,64,123,-59
207000111,95,83,12
207000112,382,729,-347
207000114,16,53,-37
207000115,17,108,-91
207000116,30,498,-468
207000117,6,161,-155
207000118,7,135,-128
207000119,58,101,-43
207000123,204,44,160
207000124,70,34,36
207000125,68,78,-10
207000126,65,104,-39
207000134,90,187,-97
207000135,30,325,-295
207000148,74,320,-246
207000149,94,67,27
207000152,222,486,-264
207000153,1331,1556,-225
207000154,527,188,339
207000159,113,220,-107
207000160,160,580,-420
207000238,0,190,-190
207000242,8,249,-241
207000248,30,42,-12
207000249,237,62,175
207000250,1016,86,930
207000251,123,104,19
207000252,49,86,-37
207000278,97,119,-22
207000279,21,250,-229
207000280,575,79,496
207000281,136,1249,-1113
207000282,339,103,236
207000283,206,286,-80
207000284,139,236,-97
207000285,229,116,113
207000291,22,125,-103
207000304,194,99,95
207000306,102,490,-388
207000310,113,138,-25
207000353,329,6,323
207000356,17,37,-20
207000357,29,15,14
207000358,28,41,-13
207000415,4,274,-270
207000417,50,6,44
207000418,125,239,-114
207000438,0,2,-2
207000439,1274,823,451
207000446,160,11,149
207000460,20,14,6
207000466,300,180,120
207000467,225,136,89
207000468,95,447,-352
207000476,13,79,-66
207000477,638,100,538
207000478,3,39,-36
207000523,0,42,-42
207000524,94,0,94
207000527,128,290,-162
207000530,505,17,488
207000531,453,13,440
207000532,80,22,58
207000534,689,102,587
207000535,47,530,-483
207000537,21,115,-94
207000540,12,289,-277
207000541,3,374,-371
207000548,6,312,-306
207000549,426,12,414
207000561,160,216,-56
207000562,65,248,-183
207000567,243,328,-85
207000568,147,80,67
207000569,410,805,-395
207000584,416,254,162
207000585,94,467,-373
207000587,120,25,95
207000616,1,193,-192
207000617,163,0,163
207000624,99,48,51
207000631,14,94,-80
207900008,276,153,123
208000001,734,1053,-319
208000002,963,544,419
208000003,1307,617,690
208000004,1707,970,737
208000005,64,21,43
208000019,641,1244,-603
208000020,215,660,-445
208000021,206,585,-379
208000022,1152,674,478
208000028,2023,1323,700
208000033,565,728,-163
208000034,1394,1969,-575
208000037,594,49,545
208000040,250,223,27
208000041,1137,705,432
208000042,1845,816,1029
208000047,199,365,-166
208000064,3231,1921,1310
208000066,1994,2213,-219
208000070,403,444,-41
208000071,381,964,-583
208000072,404,1441,-1037
208000080,344,630,-286
208000081,505,223,282
208000082,481,401,80
208000083,184,533,-349
208000084,86,27,59
208000085,1675,787,888
208000086,824,1176,-352
208000087,761,903,-142
208000089,1111,758,353
208000090,1050,1044,6
208000093,218,162,56
208000094,682,596,86
208000095,885,427,458
208000104,1046,1237,-191
208000105,929,1299,-370
208000114,131,285,-154
208000115,521,447,74
208000116,787,1241,-454
208000117,202,214,-12
208000118,122,148,-26
208000155,1208,1003,205
208000158,1900,3848,-1948
208000186,4097,4367,-270
208000204,742,1207,-465
208000205,1439,1436,3
208000282,5962,3001,2961
209000004,345,246,99
209000005,42,64,-22
209000006,592,199,393
209000007,501,329,172
209000010,615,147,468
209000011,219,312,-93
209000012,253,261,-8
209000013,331,440,-109
209000014,672,1325,-653
209000025,365,69,296
209000026,754,180,574
209000027,561,1103,-542
209000028,430,969,-539
209000029,1011,837,174
209000030,916,1901,-985
209000031,3762,3184,578
209000034,225,360,-135
209000035,146,232,-86
209000036,266,176,90
209000037,268,274,-6
209000038,106,229,-123
209000039,122,254,-132
209000040,279,709,-430
209000041,192,532,-340
209000042,225,505,-280
209000043,884,984,-100
209000044,186,919,-733
209000045,1560,499,1061
209000046,554,538,16
209000047,519,261,258
209000048,622,355,267
209000049,85,176,-91
209000050,274,254,20
209000051,364,510,-146
209000052,220,462,-242
209000062,60,175,-115
209000063,37,119,-82
209000064,63,155,-92
209000065,76,64,12
209000066,79,58,21
209000067,96,65,31
209000080,39,293,-254
209000082,67,56,11
209000091,61,152,-91
209000093,94,50,44
209000094,309,221,88
209000110,66,150,-84
209000111,469,1712,-1243
209000112,978,776,202
209000113,2172,546,1626
209000114,609,361,248
209000115,102,212,-110
209000116,921,780,141
209000118,99,61,38
209000119,143,18,125
209000121,232,749,-517
209000135,105,242,-137
209000142,771,1651,-880
209000143,189,120,69
209000144,150,118,32
209000229,332,196,136
209000240,46,460,-414
209000259,126,196,-70
209000260,52,1205,-1153
209000261,3,570,-567
209000262,1,526,-525
209000263,0,159,-159
209000264,0,109,-109
209000265,506,24,482
209000266,118,3,115
209000267,738,10,728
209000268,703,51,652
210000037,64,24,40
210000047,91,29,62
210000048,107,25,82
210000049,39,18,21
210000052,59,110,-51
210000053,23,90,-67
210000054,97,122,-25
210000070,119,5,114
210000071,87,0,87
210000072,53,0,53
210000073,0,33,-33
210000074,1,160,-159
210000075,3,89,-86
210000076,6,162,-156
210000077,108,31,77
210000078,44,32,12
210000079,135,18,117
210000080,259,61,198
210000081,231,23,208
210000082,187,2,185
210000083,138,1,137
210000084,46,1,45
210000085,4,84,-80
210000086,4,176,-172
210000099,43,317,-274
210000100,50,266,-216
210000101,76,280,-204
210000105,76,333,-257
210000159,0,184,-184
210000163,135,266,-131
210000164,407,180,227
210000168,129,39,90
210000187,0,6,-6
210000188,0,17,-17
210000214,38,0,38
210000219,42,55,-13
210000220,87,59,28
210000232,3,25,-22
210000233,37,90,-53
210000234,28,135,-107
210000235,57,103,-46
210000245,1,34,-33
210000246,34,2,32
210000258,26,89,-63
210000259,353,49,304
210000282,126,282,-156
210000285,1,184,-183
210000286,11,237,-226
210000290,2,13,-11
210000295,54,215,-161
210000296,62,102,-40
210000320,157,102,55
210000321,139,86,53
210000338,149,77,72
210000339,440,1402,-962
210000340,130,509,-379
210000341,285,367,-82
210000342,251,273,-22
210000343,320,267,53
210000344,446,151,295
210000345,331,466,-135
210000346,187,272,-85
210000347,506,76,430
210000348,389,23,366
210000349,371,23,348
210000350,168,90,78
210000351,199,155,44
210000352,56,128,-72
210000353,43,163,-120
210000354,120,129,-9
210000355,131,135,-4
210000356,188,83,105
210000357,156,50,106
210000358,375,142,233
210000359,271,99,172
210000360,271,138,133
210000361,254,146,108
210000362,362,247,115
210000363,1102,268,834
210000364,187,138,49
210000365,179,92,87
210000366,169,78,91
210000367,96,40,56
210000368,212,45,167
210000369,50,21,29
210000370,84,39,45
210000372,109,62,47
210000373,130,24,106
210000374,90,17,73
210000375,50,109,-59
210000376,168,204,-36
210000404,94,150,-56
210000439,25,65,-40
210000472,141,8,133
210000482,130,94,36
210000564,553,303,250
210000567,6,21,-15
210000568,595,13,582
211000092,49,62,-13
211000094,25,7,18
211000169,306,7,299
211000172,11,349,-338
211000209,2,12,-10
211000226,15,18,-3
211000270,26,12,14
211000275,29,15,14
211000276,109,21,88
211000279,54,34,20
211000281,58,33,25
211000302,23,148,-125
211507980,5,45,-40
211977296,67,4,63
212000003,249,80,169
212000004,190,27,163
212000005,79,49,30
212000006,81,78,3
212000008,196,229,-33
212000009,31,174,-143
212000012,97,112,-15
212000013,28,80,-52
212000014,298,189,109
212000015,351,302,49
212000016,526,681,-155
212000027,497,625,-128
212000028,366,588,-222
212000029,251,378,-127
212000030,42,43,-1
212000031,66,81,-15
212000048,53,169,-116
212000049,20,104,-84
212000050,21,17,4
212000051,205,255,-50
212000052,180,374,-194
212000053,423,839,-416
212000054,186,188,-2
212000055,214,312,-98
212000056,18,49,-31
212000057,14,42,-28
212000058,348,35,313
212000070,135,286,-151
212000077,151,832,-681
212000099,301,395,-94
212000108,368,259,109
212000111,269,154,115
212000120,308,112,196
212000138,332,46,286
212000156,19,182,-163
212000158,25,18,7
212000159,394,58,336
212000160,546,346,200
212000161,90,10,80
212000310,40,14,26
212000311,14,89,-75
212000374,28,10,18
213000001,44,505,-461
213000005,407,185,222
213000006,1162,388,774
213000007,330,19,311
213000009,715,493,222
213000010,182,335,-153
213000011,318,139,179
213000012,95,271,-176
213000014,72,9,63
213000015,238,5,233
213000016,496,0,496
213000017,168,41,127
213000018,11,177,-166
213000019,1,176,-175
213000020,94,391,-297
213000021,7,139,-132
213000023,326,234,92
213000033,340,1832,-1492
213000034,812,420,392
213000035,116,485,-369
213000045,177,303,-126
213000046,249,296,-47
213000047,952,1217,-265
213000056,76,81,-5
213000069,251,4,247
213000073,3,28,-25
213000074,105,423,-318
213000075,659,5,654
213000076,92,6,86
213000085,13,35,-22
213000086,17,168,-151
213000091,116,13,103
213000092,83,24,59
213000099,149,1271,-1122
213000100,1347,284,1063
213000101,374,125,249
213000102,420,292,128
213000103,907,1021,-114
213000104,66,428,-362
213000105,3,155,-152
213000106,58,165,-107
213000107,204,616,-412
213000108,26,685,-659
213000109,12,311,-299
213000110,13,78,-65
213000111,14,62,-48
213000112,228,104,124
213000115,55,11,44
213000116,69,742,-673
213000117,11,1166,-1155
213000118,476,402,74
213000119,62,724,-662
213000120,104,560,-456
213000122,262,620,-358
213000123,568,1462,-894
213000124,101,1218,-1117
213000125,142,17,125
213000126,74,130,-56
213000127,184,217,-33
213000128,648,1255,-607
213000129,471,651,-180
213000130,465,431,34
213000132,243,130,113
213000133,450,139,311
213000134,836,26,810
213000136,564,27,537
213000137,683,134,549
213000139,1036,42,994
213000147,244,28,216
213000148,141,31,110
213000149,65,9,56
213000150,0,114,-114
213000151,2,117,-115
213000152,4,84,-80
213000153,4,99,-95
213000154,38,289,-251
213000155,36,324,-288
213000156,119,871,-752
213000157,828,550,278
213000158,416,1076,-660
213000159,474,728,-254
213000163,622,106,516
213000165,655,298,357
213000171,3,128,-125
213000172,4,348,-344
213000173,5,274,-269
213000174,3,147,-144
213000175,7,67,-60
213000176,21,25,-4
213000177,42,2,40
213000178,96,1,95
213000179,116,0,116
213000180,121,0,121
213000184,108,531,-423
213000188,456,108,348
213000189,314,71,243
213000190,896,862,34
213000191,357,461,-104
213000192,261,509,-248
213000193,1050,201,849
213000194,3,104,-101
213000195,26,552,-526
213000196,323,1357,-1034
213000197,368,1189,-821
213000198,130,1,129
213000200,169,1077,-908
213000201,68,48,20
213000202,8,648,-640
213000203,3602,951,2651
213000204,967,125,842
213000205,290,211,79
213000206,457,133,324
213000207,377,51,326
213000208,318,4,314
213000209,299,6,293
213000210,1039,4,1035
213000211,40,26,14
213000212,85,17,68
213000213,79,30,49
213000218,273,909,-636
213000219,490,28,462
213000220,514,5,509
213000223,332,393,-61
213000224,117,71,46
213000225,172,25,147
213000226,91,17,74
213000227,1089,466,623
213000228,413,172,241
213000229,752,75,677
213000230,847,48,799
213000232,123,900,-777
213000233,8,47,-39
213000234,4,39,-35
213000293,39,57,-18
213000294,526,19,507
213000295,37,92,-55
213000296,64,20,44
213000297,11,167,-156
213000298,21,121,-100
213000299,90,61,29
213000300,32,8,24
213000303,13,36,-23
213000304,2,8,-6
213000305,7,20,-13
213000306,124,35,89
213000307,550,111,439
213000308,131,245,-114
213000309,173,104,69
213000310,361,113,248
213000311,395,795,-400
213000315,120,118,2
213000316,167,81,86
213000322,114,154,-40
213000323,83,80,3
213000324,24,30,-6
213000325,14,97,-83
213000326,24,31,-7
213000327,15,25,-10
213000328,10,142,-132
213000329,108,50,58
213000340,146,719,-573
213000341,469,143,326
213000346,230,210,20
213000347,899,450,449
213000348,24,141,-117
213000349,28,8,20
213000350,344,1498,-1154
213000366,74,406,-332
213000367,231,49,182
213000379,128,114,14
213000386,24,304,-280
213000406,76,460,-384
213000417,1438,692,746
213000425,102,35,67
213000426,108,72,36
213000427,53,325,-272
213000428,31,153,-122
213000429,65,8,57
213000430,100,605,-505
213000431,113,2,111
213000432,3,33,-30
213000433,20,205,-185
213000434,55,161,-106
213000435,60,134,-74
213000436,59,76,-17
213000437,1,11,-10
213000438,118,80,38
213000439,90,13,77
213000440,7,291,-284
213000441,9,0,9
213000442,3,66,-63
213000443,646,518,128
213000444,37,43,-6
213000445,0,96,-96
213000446,3,36,-33
213000447,7,37,-30
213000448,13,144,-131
213000449,262,4,258
213000450,7,50,-43
213000451,247,92,155
213000452,28,25,3
213000453,51,320,-269
213000455,565,16,549
213000456,6,288,-282
213000481,186,16,170
213000482,37,4,33
213000489,546,109,437
213000491,1,266,-265
213000492,1109,6,1103
213000493,1,200,-199
213000494,298,130,168
213000495,0,147,-147
213000496,322,225,97
213000497,50,260,-210
213000498,105,172,-67
213000499,133,575,-442
213000500,382,104,278
213000501,132,32,100
213000502,344,121,223
213000503,4,65,-61
213000504,12,114,-102
213000505,16,16,0
213000506,0,17,-17
213000507,2,122,-120
213900244,33,0,33
213900245,0,26,-26
218000003,39,21,18
218000004,73,43,30
218000005,70,54,16
218000006,94,36,58
218000007,13,22,-9
218000012,340,237,103
218000013,112,200,-88
218000014,435,558,-123
218000019,885,844,41
218000020,310,601,-291
218000021,13,22,-9
218000022,3,15,-12
218000023,3,19,-16
218000024,1,6,-5
218000025,5,10,-5
218000026,1,13,-12
218000027,0,1,-1
218000028,3,0,3
218000029,0,0,0
218000030,10,6,4
218000031,3,5,-2
218000032,0,6,-6
218000040,14,4,10
218000046,67,120,-53
218000047,10,166,-156
218000048,75,145,-70
218000049,128,150,-22
218000050,344,350,-6
218000051,105,360,-255
218000052,0,126,-126
218000053,3,12,-9
218000054,18,30,-12
218000055,8,19,-11
218000056,12,36,-24
218000057,4,25,-21
218000064,5,10,-5
218000065,90,104,-14
218000066,9,72,-63
218000067,59,87,-28
218000068,77,77,0
218000069,215,174,41
218000070,212,279,-67
218000071,217,217,0
218000072,383,294,89
218000078,994,1221,-227
218000079,72,73,-1
218000080,97,85,12
218000081,324,259,65
218000082,45,145,-100
218000083,56,91,-35
218000084,126,187,-61
218000085,168,452,-284
218000086,73,201,-128
218000087,206,213,-7
218000090,15,155,-140
218000091,1224,700,524
218000092,59,216,-157
218000093,131,93,38
218000094,764,945,-181
218000099,344,818,-474
218000100,286,431,-145
218000101,654,173,481
218000102,440,347,93
218000103,113,195,-82
218000104,83,56,27
218000105,35,21,14
218000106,21,9,12
218000107,61,95,-34
218000108,3,53,-50
218000112,67,28,39
218000117,42,84,-42
218000134,606,947,-341
218000135,215,153,62
218000136,249,104,145
218000137,302,156,146
218000138,60,122,-62
218000139,179,375,-196
218000140,343,281,62
218000141,126,71,55
218000142,216,171,45
218000143,132,303,-171
218000144,155,105,50
218000145,388,416,-28
218000146,72,200,-128
218000151,24,43,-19
218000152,215,80,135
218000153,5,0,5
218000154,3,0,3
218000155,4,1,3
218000156,14,2,12
218000157,2,3,-1
218000158,3,1,2
218000159,0,0,0
218000160,1,2,-1
218000161,0,1,-1
218000162,2,0,2
218000163,0,0,0
218000164,0,0,0
218000165,0,0,0
218000170,4,61,-57
218000171,106,7,99
218000172,39,12,27
218000173,96,12,84
218000174,49,4,45
218000176,242,39,203
218000177,336,255,81
218000178,87,302,-215
218000179,124,106,18
218000180,99,45,54
218000181,232,75,157
218000187,10,18,-8
218000188,32,85,-53
218000189,30,68,-38
218000190,21,17,4
218000191,151,55,96
218000192,217,313,-96
218000193,458,514,-56
218000194,90,415,-325
218000195,112,69,43
218000196,253,362,-109
218000197,230,336,-106
218000198,32,150,-118
218000199,48,32,16
218000200,83,42,41
218000201,20,7,13
218000202,140,367,-227
218000207,8,50,-42
218000208,58,59,-1
218000211,80,14,66
218000212,1,0,1
218000213,130,64,66
218000214,2,24,-22
218000215,43,81,-38
218000217,5,156,-151
218000218,199,77,122
218000219,73,31,42
218000220,220,332,-112
218000221,1492,217,1275
218000222,91,23,68
218000223,70,454,-384
218000224,39,251,-212
218000225,249,42,207
218000226,135,99,36
218000230,3,7,-4
218000232,37,100,-63
218000239,377,8,369
218000240,43,12,31
218000241,88,4,84
218000242,181,9,172
218000243,148,5,143
218000244,82,1,81
218000245,65,6,59
218000246,8,1,7
218000247,9,1,8
218000248,0,19,-19
218000249,1,1,0
218000250,11,12,-1
218000251,5,22,-17
218000252,0,45,-45
218000253,1,29,-28
218000254,0,23,-23
218000255,7,25,-18
218000256,14,90,-76
218000267,930,1431,-501
218000268,16,75,-59
218000269,6,21,-15
218000270,81,59,22
218000271,28,99,-71
218000273,13,12,1
218000274,12,11,1
218000275,18,50,-32
218000276,7,69,-62
218000278,46,42,4
218000279,75,73,2
218000280,9,50,-41
218000281,37,28,9
218000282,716,569,147
218000284,123,18,105
218000301,104,134,-30
218000302,107,59,48
218000303,62,101,-39
218000316,808,1585,-777
218000317,1044,1639,-595
218000318,620,1135,-515
218000319,1310,1720,-410
218000320,1283,1107,176
218000338,114,35,79
218000345,137,60,77
218000346,58,183,-125
218000459,57,303,-246
218000490,64,47,17
218000501,144,37,107
218000502,53,98,-45
218000503,124,15,109
218000504,254,32,222
218000505,61,164,-103
218000506,28,306,-278
218000508,8,10,-2
218000510,288,16,272
218000520,121,111,10
218000521,11,56,-45
218000522,1,131,-130
218000523,247,6,241
218000524,66,333,-267
218000525,403,31,372
218000526,31,157,-126
218000529,51,189,-138
218000530,2,0,2
218000531,3,47,-44
218000532,47,15,32
218000534,168,25,143
218000537,47,68,-21
218000538,155,229,-74
218000540,290,102,188
218000543,139,70,69
218000544,48,125,-77
218000545,63,107,-44
218000546,54,103,-49
218000547,168,155,13
218000548,179,111,68
218000549,512,316,196
218000550,353,411,-58
218000551,238,777,-539
218000552,609,64,545
218000553,77,147,-70
218000554,50,41,9
218000555,40,48,-8
218000556,211,432,-221
218000557,338,252,86
218000558,158,2,156
218000559,1,48,-47
218000560,0,46,-46
218000561,47,0,47
218000562,49,232,-183
218000563,361,25,336
218000564,18,116,-98
218000565,266,30,236
218000566,458,42,416
218000567,1,101,-100
218000568,60,1,59
218000569,17,170,-153
218000570,221,14,207
218000571,0,169,-169
218000572,244,9,235
218000573,15,158,-143
218000574,227,63,164
218000575,163,0,163
218000576,2,100,-98
218000577,160,6,154
218000578,6,96,-90
218000579,56,21,35
218000581,17,57,-40
218000582,96,3,93
218000583,31,0,31
218000584,0,21,-21
218000585,29,2,27
218000586,7,56,-49
218000587,9,0,9
218000588,4,11,-7
218000589,2,5,-3
218000590,5,1,4
218000591,5,3,2
218000592,5,1,4
218000593,49,2,47
218000594,6,0,6
218000597,6,1,5
218000598,0,0,0
218000599,2,0,2
218000600,38,0,38
218000601,0,1,-1
218000602,4,9,-5
218000603,0,7,-7
218000604,12,0,12
218000605,0,157,-157
218000606,310,1,309
218000607,28,54,-26
218000608,134,18,116
218000609,10,80,-70
218000610,56,7,49
218000611,26,1,25
218000612,3,23,-20
218000613,18,1,17
218000614,0,43,-43
218000615,269,1,268
218000616,7,122,-115
218000617,28,0,28
218000618,1,23,-22
218000619,82,35,47
218000620,4,8,-4
218000621,0,0,0
218000622,0,22,-22
218000623,244,4,240
218000624,8,29,-21
218000625,20,1,19
218000626,0,6,-6
218000628,151,68,83
218000631,71,34,37
218000632,1,101,-100
218000633,141,2,139
218000634,30,52,-22
218000635,22,12,10
218000636,1131,1707,-576
218000637,886,769,117
218000638,136,59,77
218000639,12,236,-224
218000640,253,34,219
218000641,136,310,-174
218000652,114,119,-5
218000653,208,87,121
218000663,10,125,-115
218000675,126,83,43
218000676,0,11,-11
218000677,0,0,0
218000680,284,477,-193
218000681,469,213,256
218000691,157,333,-176
218000693,197,167,30
218000703,5,7,-2
218000718,901,940,-39
218000719,1429,425,1004
218000720,30,169,-139
218000721,435,31,404
218000725,2,3,-1
218001147,4,239,-235
218001214,22,39,-17
218001258,210,25,185
218001329,175,224,-49
218001330,160,143,17
218001351,75,29,46
218001352,20,47,-27
218001353,28,13,15
218001354,20,34,-14
218001355,18,352,-334
218001356,317,20,297
218001357,60,313,-253
218001358,298,29,269
218001361,256,10,246
218001362,1,233,-232
219000001,41,64,-23
219000002,56,60,-4
219000003,54,41,13
219000004,82,68,14
219000017,260,28,232
219000020,143,27,116
219000022,136,4,132
219000023,124,1,123
219000029,0,99,-99
219000034,141,31,110
219000039,118,68,50
219000040,40,25,15
219000041,100,42,58
219000051,0,62,-62
219000052,1,20,-19
219000053,6,150,-144
219000054,25,144,-119
219000055,156,7,149
219000056,34,2,32
219000057,134,4,130
219000062,34,167,-133
219000063,63,17,46
219000064,4,139,-135
219000110,657,48,609
219000111,148,54,94
219000112,179,94,85
219000113,143,64,79
219000114,244,100,144
219000116,69,57,12
219000117,165,89,76
219000118,236,63,173
219000123,332,92,240
219000124,144,52,92
219000125,15,26,-11
219000126,93,135,-42
219000127,1,11,-10
219000128,29,122,-93
219000129,37,172,-135
219000130,776,764,12
219000131,771,1081,-310
219000133,97,42,55
219000134,15,23,-8
219000135,34,68,-34
219000136,149,208,-59
219000138,86,29,57
219000139,35,55,-20
219000140,33,0,33
219000141,18,144,-126
219000142,13,136,-123
219000143,25,115,-90
219000145,19,76,-57
219000146,3,30,-27
219000147,1,52,-51
219000148,2,51,-49
219000149,11,119,-108
219000150,2,107,-105
219000151,3,65,-62
219000157,195,138,57
219000158,158,315,-157
219000161,172,10,162
219000163,2029,640,1389
219000166,107,199,-92
219000167,115,303,-188
219000168,338,198,140
219000174,404,113,291
219000175,64,1,63
219000176,82,7,75
219000177,59,4,55
219000178,43,3,40
219000179,17,4,13
219000180,46,39,7
219000182,146,20,126
219000183,66,41,25
219000184,130,13,117
219000185,1,55,-54
219000186,65,74,-9
219000187,44,117,-73
219000189,186,205,-19
219000190,181,286,-105
219000191,1607,1517,90
219000192,188,153,35
219000193,390,173,217
219000195,1,97,-96
219000196,18,165,-147
219000198,36,190,-154
219000199,76,416,-340
219000200,55,365,-310
219000201,124,284,-160
219000203,56,200,-144
219000204,346,254,92
219000205,78,204,-126
219000207,221,322,-101
219000209,27,96,-69
219000210,70,122,-52
219000213,17,214,-197
219000239,245,405,-160
219000240,313,466,-153
219000241,116,299,-183
219000242,104,221,-117
219000243,198,393,-195
219000244,96,101,-5
219000245,74,86,-12
219000246,101,62,39
219000247,193,39,154
219000248,922,396,526
219000249,184,102,82
219000250,146,143,3
219000251,644,193,451
219000252,291,200,91
219000253,448,109,339
219000255,192,149,43
219000256,230,99,131
219000257,206,0,206
219000262,105,186,-81
219000263,122,219,-97
219000267,3,154,-151
219000268,10,9,1
219000269,4,3,1
219000270,8,1,7
219000271,149,8,141
219000278,0,8,-8
219000279,1,3,-2
219000283,0,32,-32
219000295,7,96,-89
219000296,52,568,-516
219000297,13,139,-126
219000298,10,183,-173
219000299,460,85,375
219000300,41,240,-199
219000301,257,457,-200
219000302,52,241,-189
219000307,49,71,-22
219000308,53,48,5
219000311,171,51,120
219000312,646,142,504
219000313,436,62,374
219000314,59,689,-630
219000315,322,78,244
219000316,479,64,415
219000317,138,24,114
219000320,4,51,-47
219000321,0,16,-16
219000323,7,75,-68
219000325,1,22,-21
219000326,88,128,-40
219000327,95,59,36
219000328,28,56,-28
219000329,345,102,243
219000330,67,34,33
219000331,78,29,49
219000332,108,114,-6
219000333,8,7,1
219000335,84,3,81
219000337,38,2,36
219000338,101,5,96
219000344,24,98,-74
219000345,53,116,-63
219000346,55,147,-92
219000348,147,95,52
219000349,56,221,-165
219000350,131,188,-57
219000351,24,7,17
219000352,343,47,296
219000353,106,60,46
219000354,167,155,12
219000355,154,75,79
219000356,1658,1274,384
219000363,295,91,204
219000364,119,54,65
219000365,183,18,165
219000366,271,422,-151
219000368,590,643,-53
219000370,1250,434,816
219000371,28,24,4
219000382,17,23,-6
219000383,861,1037,-176
219000385,794,665,129
219000386,1038,1767,-729
219000387,7,9,-2
219000390,17,4,13
219000391,9,0,9
219000397,88,78,10
219000398,65,54,11
219000401,8,136,-128
219000402,28,162,-134
219000403,137,424,-287
219000404,19,167,-148
219000407,11,57,-46
219000409,58,61,-3
219000410,159,61,98
219000411,73,21,52
219000446,222,369,-147
219000447,3,30,-27
219000448,42,12,30
219000452,161,104,57
219000453,102,166,-64
219000454,387,297,90
219000556,293,86,207
219000558,388,235,153
219000590,37,178,-141
219000591,97,102,-5
219000592,128,512,-384
219000595,8,13,-5
219000635,166,100,66
219000636,13,117,-104
219000657,20,20,0
219000658,24,47,-23
219000673,0,16,-16
219000676,15,1,14
219000679,65,10,55
219000684,155,1,154
219000685,3,82,-79
219000686,0,7,-7
219000688,0,107,-107
219000689,22,303,-281
219000690,170,38,132
219000691,56,223,-167
219000692,203,33,170
219000693,0,27,-27
219000694,14,0,14
219000695,16,1,15
219000698,84,2,82
219000699,0,23,-23
219000727,4,130,-126
219000728,122,8,114
219000770,65,3,62
219000771,0,30,-30
219000788,583,230,353
219001150,1,40,-39
219001151,15,2,13
219001166,39,29,10
219001167,0,146,-146
219001178,49,2,47
220000001,246,68,178
220000002,34,166,-132
220000003,676,264,412
220000004,950,551,399
220000005,1792,1753,39
220000006,379,1115,-736
220000007,440,769,-329
220000008,499,1212,-713
220000009,315,587,-272
220000010,260,215,45
220000011,899,4020,-3121
220000012,84,475,-391
220000014,167,70,97
220000015,94,199,-105
220000017,41,383,-342
220000018,5661,2703,2958
220000019,110,359,-249
220000020,471,262,209
220000021,645,240,405
220000022,725,521,204
220000023,350,174,176
220000024,1906,477,1429
220000025,1081,984,97
220000026,298,239,59
220000027,59,133,-74
220000028,76,76,0
220000029,90,207,-117
220000030,150,106,44
220000031,416,414,2
220000064,14,789,-775
221000046,4,0,4
221000047,0,5,-5
221000048,0,2,-2
221000049,1,12,-11
221000050,19,0,19
221000055,64,53,11
221000057,76,11,65
221000068,241,146,95
221000069,334,97,237
221000070,230,34,196
221000071,89,13,76
221000072,258,28,230
221000073,210,96,114
221000074,0,33,-33
221000075,29,29,0
221000076,16,41,-25
221000077,54,132,-78
221000081,39,14,25
221000082,87,8,79
221000083,44,9,35
221000084,5,6,-1
221000085,20,81,-61
221000086,27,118,-91
221000087,9,185,-176
221000088,16,188,-172
221000089,39,324,-285
221000090,162,600,-438
221000098,101,26,75
221000099,209,14,195
221000100,129,14,115
221000101,299,27,272
221000102,151,26,125
221000109,7,88,-81
221000110,19,109,-90
221000111,18,235,-217
221000112,5,195,-190
221000113,23,212,-189
221000114,11,182,-171
221000120,64,38,26
221000121,5,40,-35
221000122,76,18,58
221000123,21,31,-10
221000124,51,219,-168
221000155,96,23,73
221000156,94,42,52
221000175,20,9,11
221000176,7,4,3
221000182,76,20,56
221000241,775,271,504
221000242,204,597,-393
221000243,830,171,659
221000244,320,620,-300
221000245,158,183,-25
221000246,47,373,-326
221000247,122,203,-81
221000248,159,246,-87
221000267,85,786,-701
221000325,98,74,24
221000331,41,117,-76
221000338,13,41,-28
221000378,227,48,179
221000381,67,77,-10
222000282,33,0,33
222000296,7,21,-14
222000568,359,10,349
222000569,247,23,224
222000570,140,12,128
222000571,247,13,234
222000577,14,197,-183
222000578,40,219,-179
222000579,33,177,-144
222000580,82,1066,-984
222000599,2,150,-148
222000600,4,349,-345
222000601,4,1030,-1026
222000603,32,42,-10
222000604,10,58,-48
222000605,26,27,-1
222000606,10,9,1
222000607,10,4,6
222000608,28,8,20
222000609,54,289,-235
222000616,247,42,205
222000617,48,16,32
222000618,14,1,13
222000620,42,9,33
222000621,73,8,65
222000623,601,22,579
222000624,294,3,291
222000625,507,25,482
222000636,63,6,57
222000686,42,16,26
222000687,62,25,37
222001066,306,5,301
222001067,11,4,7
222001068,33,48,-15
222001069,36,39,-3
222001082,13,59,-46
222001083,11,51,-40
222001084,0,55,-55
222001085,2,119,-117
222001111,35,169,-134
222001112,128,39,89
222001313,62,7,55
222001314,13,113,-100
222001464,161,52,109
222001465,63,176,-113
222001484,125,49,76
222001485,20,48,-28
222001494,336,170,166
222001495,154,368,-214
222001496,345,100,245
222001497,185,552,-367
222001502,14,106,-92
222001503,99,70,29
222001504,25,258,-233
222001505,292,23,269
222001506,38,277,-239
222001507,222,16,206
222001510,397,26,371
222001511,50,373,-323
222001514,579,162,417
222001515,215,661,-446
222001518,230,66,164
222001519,66,255,-189
222001527,230,55,175
222001528,71,246,-175
222001529,239,45,194
222001530,33,209,-176
222001533,114,354,-240
222001534,234,68,166
222001535,242,241,1
222001536,156,319,-163
222001537,254,46,208
222001538,77,500,-423
222001563,542,83,459
222001564,63,659,-596
222001568,556,128,428
222001576,0,1,-1
222001579,0,8,-8
222001583,24,228,-204
222001584,56,27,29
222001596,677,1328,-651
222001597,1907,302,1605
222001626,3,204,-201
222001650,72,103,-31
222001651,116,130,-14
222001914,194,64,130
222001915,64,233,-169
222001968,466,311,155
222001969,543,908,-365
222001970,190,254,-64
222001971,26,21,5
222001972,4,27,-23
225000001,509,300,209
225000002,1584,237,1347
225000003,491,119,372
225000004,393,304,89
225000005,85,62,23
225000006,1,199,-198
225000007,2739,1973,766
225000010,394,18,376
225000011,506,1494,-988
225000012,204,693,-489
225000013,149,169,-20
225000014,1613,95,1518
225000015,91,222,-131
225000021,799,327,472
225000027,288,594,-306
225000032,729,203,526
225000042,136,936,-800
225000049,68,72,-4
225000050,115,30,85
225000053,8,291,-283
225000058,970,148,822
225000067,217,196,21
225000068,187,479,-292
225000069,134,595,-461
225000070,64,550,-486
225000071,54,253,-199
225000075,59,1658,-1599
225000076,101,147,-46
225000078,69,84,-15
225000085,45,153,-108
225000086,293,77,216
225000087,265,29,236
225000088,15,228,-213
225000089,530,1304,-774
225000090,61,513,-452
225000091,224,231,-7
225000092,43,85,-42
225000093,209,407,-198
225000094,17,440,-423
225000095,385,558,-173
225000096,499,666,-167
225000098,679,385,294
225000099,392,218,174
225000100,341,158,183
225000104,138,606,-468
225000110,7,504,-497
225000111,269,1381,-1112
225000112,615,1481,-866
225000113,337,766,-429
225000114,81,307,-226
225000115,2602,832,1770
225000116,1257,353,904
225000117,1107,422,685
225000118,1051,365,686
225000119,231,143,88
225000120,839,104,735
225000121,285,61,224
225000123,1202,42,1160
225000125,457,324,133
225000126,1266,292,974
225000127,1132,1733,-601
225000128,570,965,-395
225000132,273,50,223
225000133,260,40,220
225000134,553,160,393
225000135,69,16,53
225000136,234,24,210
225000137,288,80,208
225000138,462,106,356
225000143,99,266,-167
225000144,4,452,-448
225000145,94,86,8
225000146,76,152,-76
225000147,50,375,-325
225000148,6,287,-281
225000149,83,511,-428
225000151,28,266,-238
225000155,549,703,-154
225000156,263,1070,-807
225000157,355,493,-138
225000158,97,305,-208
225000171,3,203,-200
225000180,64,1,63
225000181,0,78,-78
225000182,172,42,130
225000185,10,511,-501
225000187,85,354,-269
225000191,158,3,155
225000194,0,14,-14
225000208,1,51,-50
225000209,132,28,104
225000210,5,378,-373
225000217,1,16,-15
225000218,36,1,35
225000223,0,64,-64
225000224,544,1,543
225000225,4,185,-181
225000226,81,4,77
225000227,40,177,-137
225000228,13,40,-27
225000229,1,105,-104
225000230,110,0,110
225000231,0,114,-114
225000232,287,2,285
225000241,297,6,291
225000242,0,75,-75
225000249,23,1,22
225000250,41,1044,-1003
225000251,420,25,395
226000042,617,513,104
226000043,101,324,-223
226000044,233,766,-533
226000045,121,472,-351
226000046,477,121,356
226000047,435,123,312
226000048,484,149,335
226000049,256,249,7
226000070,0,63,-63
226000071,0,63,-63
226000072,0,21,-21
226000073,0,30,-30
226000074,0,11,-11
226000084,11,83,-72
226000085,12,14,-2
226000086,7,21,-14
226000087,8,28,-20
226000088,76,11,65
226000090,186,131,55
226000091,18,34,-16
226000092,15,2,13
226000093,54,6,48
226000094,67,7,60
226000095,299,11,288
226000105,40,0,40
226000106,17,0,17
226000107,11,0,11
226000108,95,0,95
226000109,102,0,102
226000124,190,96,94
226000134,583,505,78
226000135,1145,777,368
226000136,375,393,-18
226000137,7,621,-614
226000138,20,392,-372
226000139,8,30,-22
226000156,208,4,204
226000157,352,7,345
226000163,119,44,75
226000202,18,458,-440
226000231,458,24,434
226000232,72,5,67
227000033,289,102,187
227000036,247,27,220
227000037,193,37,156
227000038,272,64,208
227000049,0,45,-45
227000050,2,69,-67
227000055,147,1,146
227000056,63,2,61
227000084,9,117,-108
227000085,0,47,-47
227000088,151,6,145
227000089,179,8,171
227000090,77,5,72
227000091,58,5,53
227000093,215,1,214
227000094,26,2,24
227000130,41,62,-21
227000131,28,264,-236
227000132,26,196,-170
227000133,12,214,-202
227000134,15,373,-358
227000152,0,2,-2
227000153,0,52,-52
227000155,0,16,-16
227000156,1,18,-17
227000165,4,34,-30
227000196,287,258,29
227000199,245,637,-392
227000230,14,686,-672
227000232,671,45,626
227000242,52,478,-426
227000243,366,85,281
227000245,16,456,-440
227000246,110,645,-535
227000247,316,88,228
227000248,305,26,279
227000249,45,224,-179
227000250,699,206,493
227000251,217,282,-65
227000252,19,443,-424
227000253,84,17,67
227000262,254,51,203
227000266,1184,23,1161
227000267,32,2261,-2229
227000282,6,273,-267
227000284,510,21,489
227000286,6,84,-78
227000287,14,150,-136
227000291,18,711,-693
227000484,396,10,386
227000485,18,1206,-1188
227000655,172,16,156
227000656,576,32,544
227000657,105,20,85
227000661,555,28,527
227000680,338,82,256
229000265,27,47,-20
229000296,1,17,-16
229000297,3,33,-30
229000298,5,169,-164
229000320,18,8,10
229000321,35,6,29
229000412,22,57,-35
229000414,22,92,-70
229000415,62,5,57
229000416,4,2,2
229000417,2,4,-2
229000419,111,341,-230
229000440,350,95,255
229000442,14,6,8
229000443,11,11,0
229000444,18,23,-5
229000445,73,10,63
229000446,63,17,46
229000491,1,3,-2
229000492,6,53,-47
229000493,4,57,-53
229000494,0,0,0
229000495,0,0,0
229000496,0,0,0
229000507,0,34,-34
229000508,2,31,-29
229000509,0,28,-28
229000510,0,17,-17
229000511,1,15,-14
229000512,0,17,-17
229000513,0,3,-3
229000514,0,2,-2
229000517,0,3,-3
229000518,6,13,-7
229000519,0,4,-4
229000520,4,8,-4
229000521,0,0,0
229000522,0,0,0
229000523,0,0,0
229000524,0,0,0
229000527,0,0,0
229000528,0,0,0
229000529,0,0,0
229000530,0,0,0
229000531,0,0,0
229000532,0,0,0
229000533,0,0,0
229000534,0,0,0
229000564,0,0,0
229000565,0,0,0
229000566,0,9,-9
229000567,0,28,-28
229000582,0,0,0
229000583,0,0,0
229000584,0,21,-21
229000585,0,41,-41
229000718,0,1,-1
229000719,0,1,-1
229000720,0,6,-6
229000721,0,9,-9
229000722,3,10,-7
229000723,0,4,-4
229000724,0,1,-1
229000725,0,2,-2
229000738,0,0,0
229000739,0,0,0
229000740,0,0,0
229000741,0,0,0
229000742,0,0,0
229000743,0,0,0
229000744,0,0,0
229000745,0,0,0
229000746,0,0,0
229000847,36,1,35
229000848,17,0,17
229000849,91,1,90
229000851,24,0,24
229000854,0,32,-32
229000856,1,113,-112
229000857,0,39,-39
229000858,1,51,-50
229000919,25,125,-100
229000930,3,300,-297
229000937,103,13,90
229000966,58,13,45
229000981,25,84,-59
229000985,14,47,-33
229000986,2,5,-3
229000987,0,5,-5
229000988,11,6,5
229000989,31,6,25
229000990,25,0,25
229000991,1,4,-3
229000992,11,8,3
229000993,191,15,176
229000998,8,95,-87
229000999,64,13,51
229001034,0,18,-18
229001035,18,0,18
229001037,42,11,31
229001042,10,23,-13
229001047,7,44,-37
229001050,37,73,-36
229001168,0,11,-11
229001200,10,1,9
229001338,1,38,-37
229001394,197,3,194
229001422,97,15,82
229001423,23,203,-180
229001431,53,58,-5
229001432,74,90,-16
229001444,127,70,57
229001445,63,253,-190
229001479,0,0,0
229001503,197,93,104
229001504,154,220,-66
229001505,124,58,66
229001506,60,199,-139
229001509,57,33,24
229001545,90,12,78
229001546,15,105,-90
229001553,64,12,52
229001554,28,96,-68
229001559,2,30,-28
229001560,4,35,-31
229001630,45,9,36
229001631,13,55,-42
229001635,0,6,-6
229001636,4,0,4
229001658,0,127,-127
229001659,74,5,69
229001660,4,4,0
229001661,31,43,-12
229001662,91,1,90
229001663,0,23,-23
229002584,186,179,7
229002831,239,190,49
229002841,7,19,-12
229002842,34,19,15
229002843,139,32,107
229002844,93,57,36
229002845,15,85,-70
229002846,56,14,42
229002847,22,13,9
229002848,6,7,-1
229002849,59,72,-13
229002850,6,0,6
229002851,67,118,-51
229002852,215,11,204
229002853,155,17,138
229002854,88,34,54
229002855,35,24,11
229002856,226,21,205
229002857,59,42,17
229002858,30,11,19
229002859,40,25,15
229002860,219,4,215
229002861,93,30,63
229002862,59,24,35
229002863,39,16,23
229002864,34,31,3
229002865,17,18,-1
229002866,12,18,-6
229002867,6,49,-43
229002868,38,11,27
229002869,51,209,-158
229002870,59,6,53
235000066,522,113,409
235000067,131,173,-42
235000072,21,75,-54
235000073,56,374,-318
235000074,93,75,18
235000080,42,81,-39
235000081,75,158,-83
235000082,196,92,104
235000083,215,127,88
235000084,72,70,2
235000085,113,127,-14
235000089,42,55,-13
235000092,45,179,-134
235000093,16,6,10
235000097,6,13,-7
235000098,55,14,41
235000099,62,32,30
235000116,110,35,75
235000117,1092,31,1061
235000133,10,442,-432
235000134,10,165,-155
235000206,19,2,17
235000207,2,0,2
235000208,4,0,4
235000209,21,5,16
235000210,10,1,9
235000212,6,26,-20
235000213,0,24,-24
235000220,5,3,2
235000221,102,14,88
235000238,21,77,-56
235000239,1,15,-14
235000242,371,577,-206
235000245,937,224,713
235000246,25,85,-60
235000284,6,154,-148
235000295,204,15,189
235000305,308,49,259
235000306,172,17,155
235000307,29,17,12
235000308,43,1,42
235000309,114,1,113
235000310,31,0,31
235000311,207,81,126
235000322,0,39,-39
235000323,0,59,-59
235000324,0,28,-28
235000325,3,15,-12
235000326,14,233,-219
235000351,1,80,-79
235000352,14,41,-27
235000353,1,17,-16
235000354,10,31,-21
235000355,14,46,-32
235000356,151,15,136
235000357,49,13,36
235000358,91,9,82
235000359,8,5,3
235000360,73,8,65
235000361,75,3,72
235000381,145,326,-181
235000382,162,44,118
235000390,16,5,11
235000391,124,18,106
235000392,164,276,-112
235000393,126,184,-58
235000395,124,51,73
235000396,360,110,250
235000400,102,97,5
235000401,75,243,-168
235000405,103,327,-224
235000406,42,265,-223
235000407,80,103,-23
235000409,215,165,50
235000410,31,319,-288
235000411,2,93,-91
235000485,0,7,-7
235000486,16,1,15
235000549,86,102,-16
235000550,69,169,-100
235000599,108,67,41
235000600,8,11,-3
235000601,23,42,-19
235000602,74,119,-45
235000614,2,4,-2
235000648,0,16,-16
235000649,63,5,58
235000685,1,4,-3
235000815,21,29,-8
235000834,0,19,-19
235000855,33,103,-70
235000862,71,209,-138
235000891,0,10,-10
235000892,48,1,47
235000901,55,99,-44
235000907,18,14,4
235001010,80,106,-26
235001029,618,525,93
235001030,438,310,128
235001078,95,173,-78
235001079,127,160,-33
235001147,29,79,-50
235001166,19,78,-59
235001167,42,59,-17
235001169,33,324,-291
235001188,8,11,-3
235001189,0,5,-5
235001197,11,27,-16
235001200,47,42,5
235001207,429,57,372
235001210,106,217,-111
235001215,37,261,-224
235001239,3,73,-70
235001244,2,11,-9
235016267,0,215,-215
277101746,0,0,0
277102712,7,0,7
277103813,0,1,-1
277103814,0,0,0
277103898,0,1,-1
277104249,0,3,-3
277104250,0,13,-13
277104251,0,4,-4
277104252,0,4,-4
990011530,0,221,-221
990014944,3,535,-532
990015176,96,2,94
990015618,0,201,-201
990016032,0,483,-483
990032570,0,54,-54
990070001,108,2,106
990070103,0,3,-3
990070601,0,54,-54
990070751,557,3,554
990070766,1,529,-528
990071180,618,265,353
990071343,25,1,24
990071387,0,12,-12
990071823,427,1,426
990072600,1,844,-843
990072964,1,421,-420
990073285,0,4,-4
990074393,1,958,-957
990074870,1163,4,1159
990075106,1302,6,1296
990075746,555,2,553
990076437,957,11,946
990076458,0,861,-861
997000007,723,7,716
997000041,1,123,-122
997000058,37,2,35
997000062,90,1,89
997000069,0,5,-5
997000070,0,30,-30
997000100,29,1,28
997000141,2,586,-584
997000198,594,1336,-742
998000475,2,35,-33
998000736,0,184,-184
998000965,0,37,-37
998001031,0,84,-84
998001700,0,36,-36
998001899,0,0,0
998001900,4,1,3
998003073,1209,32,1177
998101900,0,0,0
998102850,3,105,-102
998501927,1092,619,473
998501929,89,2,87
998501930,56,0,56
998501931,155,34,121
998501932,5,1,4
998501933,64,3,61
998501937,24,0,24
998501944,8,1,7
998501950,1,10,-9
998501970,30,3,27
998501971,1,89,-88
998501973,0,47,-47
998501974,0,314,-314
998501975,560,8,552
998501976,207,4,203
998501977,3,30,-27
998501978,30,0,30
998501979,0,5,-5
998501980,259,3,256
998501981,32,5,27
998501982,1,105,-104
998501983,4,4,0
998502006,0,0,0
998502024,0,14,-14
998502032,0,5,-5
998502062,18,0,18
998502063,0,0,0
998502173,41,0,41
998502269,0,1,-1
998502546,0,209,-209
998502578,2,10,-8
998502599,243,378,-135
998601159,1,199,-198
998601292,0,19,-19
999033574,1,681,-680
999800001,29,1,28
999800002,0,6,-6
999800003,1,0,1
999800004,0,3,-3
999800005,0,7,-7
