dong,insum,outsum,diff
강남구 개포1동,944,1205,-261
강남구 개포2동,15786,21185,-5399
강남구 개포4동,16192,10092,6100
강남구 논현1동,45979,49970,-3991
강남구 논현2동,34881,32967,1914
강남구 대치1동,22557,21200,1357
강남구 대치2동,53127,31716,21411
강남구 대치4동,28045,26561,1484
강남구 도곡1동,28095,26631,1464
강남구 도곡2동,9730,12123,-2393
강남구 삼성1동,61542,45843,15699
강남구 삼성2동,26184,15414,10770
강남구 세곡동,25530,35714,-10184
강남구 수서동,35616,21687,13929
강남구 신사동,33429,24708,8721
강남구 압구정동,57163,41781,15382
강남구 역삼1동,102613,79048,23565
강남구 역삼2동,38006,24137,13869
강남구 일원1동,9192,10521,-1329
강남구 일원2동,4399,3187,1212
강남구 일원본동,10031,11303,-1272
강남구 청담동,51632,35597,16035
강동구 강일동,11974,20290,-8316
강동구 고덕제1동,5566,8327,-2761
강동구 고덕제2동,10306,10560,-254
강동구 길동,14915,14663,252
강동구 둔촌제1동,381,439,-58
강동구 둔촌제2동,15152,11829,3323
강동구 명일제1동,15463,15402,61
강동구 명일제2동,12343,10632,1711
강동구 상일동,30069,17575,12494
강동구 성내제1동,14611,11545,3066
강동구 성내제2동,9985,12622,-2637
강동구 성내제3동,14044,13093,951
강동구 암사제1동,8297,12543,-4246
강동구 암사제2동,3514,4001,-487
강동구 암사제3동,1739,981,758
강동구 천호제1동,4968,9737,-4769
강동구 천호제2동,26704,21795,4909
강동구 천호제3동,8259,12228,-3969
강북구 미아동,24608,18983,5625
강북구 번1동,52813,43340,9473
강북구 번2동,11090,14347,-3257
강북구 번3동,16136,22875,-6739
강북구 삼각산동,6454,10261,-3807
강북구 삼양동,15332,20302,-4970
강북구 송중동,84296,70637,13659
강북구 송천동,24356,33820,-9464
강북구 수유1동,16978,18035,-1057
강북구 수유2동,11527,16020,-4493
강북구 수유3동,46195,41829,4366
강북구 우이동,16966,14789,2177
강북구 월곡제1동,1508,2077,-569
강북구 인수동,12953,18932,-5979
강서구 가양제1동,24199,15992,8207
강서구 가양제2동,3365,3473,-108
강서구 가양제3동,4294,3946,348
강서구 공항동,14764,13074,1690
강서구 등촌제1동,25232,23599,1633
강서구 등촌제2동,11330,13082,-1752
강서구 등촌제3동,28440,26961,1479
강서구 발산제1동,32640,27152,5488
강서구 방화제1동,12876,16223,-3347
강서구 방화제2동,11741,10454,1287
강서구 방화제3동,2178,1858,320
강서구 염창동,14223,15851,-1628
강서구 우장산동,16871,21134,-4263
강서구 화곡본동,8895,12813,-3918
강서구 화곡제1동,40648,40853,-205
강서구 화곡제2동,6141,9197,-3056
강서구 화곡제3동,12784,12546,238
강서구 화곡제4동,7637,11482,-3845
강서구 화곡제6동,21209,23051,-1842
강서구 화곡제8동,20051,14624,5427
관악구 낙성대동,28844,49127,-20283
관악구 난곡동,11990,19948,-7958
관악구 난향동,7387,11376,-3989
관악구 남현동,12684,16491,-3807
관악구 대학동,43837,24450,19387
관악구 미성동,20878,31924,-11046
관악구 보라매동,27764,23039,4725
관악구 삼성동,15165,30639,-15474
관악구 서림동,18338,23087,-4749
관악구 서원동,59131,45186,13945
관악구 성현동,10669,24365,-13696
관악구 신림동,60449,48010,12439
관악구 신사동,11847,18957,-7110
관악구 신원동,4875,6469,-1594
관악구 은천동,25621,25768,-147
관악구 인헌동,11395,12755,-1360
관악구 조원동,40174,36594,3580
관악구 중앙동,9617,7491,2126
관악구 청룡동,31919,19870,12049
관악구 청림동,4008,7527,-3519
관악구 행운동,46182,39042,7140
광진구 광장동,7972,8392,-420
광진구 구의제1동,15460,14826,634
광진구 구의제2동,14501,19794,-5293
광진구 구의제3동,17613,11877,5736
광진구 군자동,15260,19126,-3866
광진구 능동,12193,15853,-3660
광진구 자양제1동,4311,4690,-379
광진구 자양제2동,19697,28632,-8935
광진구 자양제3동,6614,8438,-1824
광진구 자양제4동,25304,23634,1670
광진구 중곡제1동,7867,7922,-55
광진구 중곡제2동,9897,12426,-2529
광진구 중곡제3동,8080,9690,-1610
광진구 중곡제4동,7294,9869,-2575
광진구 화양동,20624,20829,-205
구로구 가리봉동,17234,11978,5256
구로구 개봉제1동,38560,37265,1295
구로구 개봉제2동,25202,23820,1382
구로구 개봉제3동,5488,11736,-6248
구로구 고척제1동,19694,23650,-3956
구로구 고척제2동,13885,21829,-7944
구로구 구로제1동,13605,10406,3199
구로구 구로제2동,41030,36735,4295
구로구 구로제3동,89872,42619,47253
구로구 구로제4동,25595,19471,6124
구로구 구로제5동,37694,31636,6058
구로구 수궁동,28982,25373,3609
구로구 신도림동,35513,35384,129
구로구 오류제1동,13074,16498,-3424
구로구 오류제2동,15917,14338,1579
구로구 항동,2824,6838,-4014
금천구 가산동,85147,46806,38341
금천구 독산제1동,51360,59122,-7762
금천구 독산제2동,15027,20274,-5247
금천구 독산제3동,23633,28801,-5168
금천구 독산제4동,17849,10498,7351
금천구 미성동,136,350,-214
금천구 시흥제1동,41572,54300,-12728
금천구 시흥제2동,9393,18054,-8661
금천구 시흥제3동,17615,14245,3370
금천구 시흥제4동,7215,8256,-1041
금천구 시흥제5동,17427,20554,-3127
노원구 공릉1동,19431,20310,-879
노원구 공릉2동,21250,20195,1055
노원구 상계10동,12440,7699,4741
노원구 상계1동,16237,16393,-156
노원구 상계2동,17981,19026,-1045
노원구 상계3.4동,3386,4842,-1456
노원구 상계5동,12743,12042,701
노원구 상계6.7동,22602,19044,3558
노원구 상계8동,5282,6145,-863
노원구 상계9동,6929,8526,-1597
노원구 월계1동,46174,30428,15746
노원구 월계2동,9073,13572,-4499
노원구 월계3동,13020,13082,-62
노원구 중계1동,9426,14478,-5052
노원구 중계2.3동,16990,14758,2232
노원구 중계4동,10802,9963,839
노원구 중계본동,12523,14527,-2004
노원구 하계1동,18366,15370,2996
노원구 하계2동,13406,11886,1520
도봉구 도봉제1동,18528,13755,4773
도봉구 도봉제2동,18503,16703,1800
도봉구 방학제1동,19535,23085,-3550
도봉구 방학제2동,5629,11557,-5928
도봉구 방학제3동,9653,14142,-4489
도봉구 쌍문제1동,11101,17142,-6041
도봉구 쌍문제2동,12946,17446,-4500
도봉구 쌍문제3동,12190,11651,539
도봉구 쌍문제4동,6764,12780,-6016
도봉구 창제1동,42165,21553,20612
도봉구 창제2동,8976,16569,-7593
도봉구 창제3동,9979,14448,-4469
도봉구 창제4동,24544,20534,4010
도봉구 창제5동,19722,19408,314
동대문구 답십리제1동,19849,22991,-3142
동대문구 답십리제2동,22194,22796,-602
동대문구 면목제5동,310,47,263
동대문구 용신동,84907,59183,25724
동대문구 이문제1동,10193,13314,-3121
동대문구 이문제2동,7541,7048,493
동대문구 장안제1동,44165,32407,11758
동대문구 장안제2동,23940,31344,-7404
동대문구 전농제1동,22219,33597,-11378
동대문구 전농제2동,15585,18752,-3167
동대문구 제기동,42589,30418,12171
동대문구 청량리동,52287,40059,12228
동대문구 회기동,9394,9255,139
동대문구 휘경제1동,23331,21372,1959
동대문구 휘경제2동,17173,19948,-2775
동작구 노량진제1동,68030,55507,12523
동작구 노량진제2동,34418,20688,13730
동작구 대방동,49734,53343,-3609
동작구 사당제1동,18179,20751,-2572
동작구 사당제2동,36385,28176,8209
동작구 사당제3동,6738,12500,-5762
동작구 사당제4동,1451,1968,-517
동작구 사당제5동,8090,11348,-3258
동작구 상도제1동,55295,55902,-607
동작구 상도제2동,21593,28691,-7098
동작구 상도제3동,13351,21935,-8584
동작구 상도제4동,10343,21333,-10990
동작구 신대방제1동,8179,10795,-2616
동작구 신대방제2동,34810,32395,2415
동작구 흑석동,31321,32056,-735
마포구 공덕동,17802,21462,-3660
마포구 대흥동,24071,22160,1911
마포구 도화동,11285,13213,-1928
마포구 망원제1동,11017,13833,-2816
마포구 망원제2동,9548,11628,-2080
마포구 상암동,79179,51955,27224
마포구 서강동,10347,19152,-8805
마포구 서교동,115083,101958,13125
마포구 성산제1동,16921,16745,176
마포구 성산제2동,21726,28312,-6586
마포구 신수동,5039,7765,-2726
마포구 아현동,26990,27476,-486
마포구 연남동,8040,9925,-1885
마포구 염리동,3678,5071,-1393
마포구 용강동,17927,21211,-3284
마포구 합정동,17452,24635,-7183
서대문구 남가좌제1동,12703,13935,-1232
서대문구 남가좌제2동,16911,24503,-7592
서대문구 북가좌제1동,5120,10560,-5440
서대문구 북가좌제2동,14268,20481,-6213
서대문구 북아현동,15427,18934,-3507
서대문구 신촌동,96712,71569,25143
서대문구 연희동,58742,64285,-5543
서대문구 천연동,24741,23727,1014
서대문구 충현동,56638,37352,19286
서대문구 홍은제1동,16093,22230,-6137
서대문구 홍은제2동,26197,34647,-8450
서대문구 홍제제1동,31233,25282,5951
서대문구 홍제제2동,15402,22572,-7170
서대문구 홍제제3동,17170,15237,1933
서초구 내곡동,34042,15482,18560
서초구 반포1동,24817,23718,1099
서초구 반포2동,9106,7630,1476
서초구 반포3동,29609,22139,7470
서초구 반포4동,31866,25705,6161
서초구 반포본동,10322,11451,-1129
서초구 방배1동,20088,24685,-4597
서초구 방배2동,19724,21910,-2186
서초구 방배3동,15696,14577,1119
서초구 방배4동,17214,20324,-3110
서초구 방배본동,15297,12319,2978
서초구 서초1동,24497,18165,6332
서초구 서초2동,45067,38467,6600
서초구 서초3동,47788,32864,14924
서초구 서초4동,29622,37853,-8231
서초구 양재1동,83222,82079,1143
서초구 양재2동,52369,32074,20295
서초구 잠원동,24698,28105,-3407
성동구 금호1가동,7287,11424,-4137
성동구 금호2.3가동,15837,16760,-923
성동구 금호4가동,7745,11078,-3333
성동구 마장동,14189,13629,560
성동구 사근동,8768,7067,1701
성동구 성수1가제1동,12670,8706,3964
성동구 성수1가제2동,9492,6975,2517
성동구 성수2가제1동,7407,6994,413
성동구 성수2가제3동,13248,7688,5560
성동구 송정동,6861,4483,2378
성동구 옥수동,17933,17660,273
성동구 왕십리도선동,18940,13749,5191
성동구 왕십리제2동,9214,17071,-7857
성동구 용답동,15565,12265,3300
성동구 응봉동,4635,11671,-7036
성동구 행당제1동,22093,17831,4262
성동구 행당제2동,12373,14035,-1662
성북구 길음제1동,25909,29145,-3236
성북구 길음제2동,18708,21762,-3054
성북구 돈암제1동,27653,24024,3629
성북구 돈암제2동,5509,10435,-4926
성북구 동선동,35504,35601,-97
성북구 보문동,11576,13087,-1511
성북구 삼선동,42115,43378,-1263
성북구 석관동,11750,15853,-4103
성북구 성북동,25531,25013,518
성북구 안암동,15598,13761,1837
성북구 월곡제1동,20148,24783,-4635
성북구 월곡제2동,15206,10378,4828
성북구 장위제1동,10616,19223,-8607
성북구 장위제2동,14216,13786,430
성북구 장위제3동,7364,10366,-3002
성북구 정릉제1동,13380,18322,-4942
성북구 정릉제2동,16401,27590,-11189
성북구 정릉제3동,10395,8497,1898
성북구 정릉제4동,20482,22859,-2377
성북구 종암동,32065,38399,-6334
송파구 가락1동,4883,5733,-850
송파구 가락2동,16989,19822,-2833
송파구 가락본동,25593,20119,5474
송파구 거여1동,4713,6095,-1382
송파구 거여2동,1501,1346,155
송파구 마천1동,4444,4965,-521
송파구 마천2동,10859,13661,-2802
송파구 문정1동,6610,8031,-1421
송파구 문정2동,39286,28616,10670
송파구 방이1동,8701,9588,-887
송파구 방이2동,19153,18420,733
송파구 삼전동,14229,20156,-5927
송파구 석촌동,23128,32099,-8971
송파구 송파1동,16600,21078,-4478
송파구 송파2동,6216,7529,-1313
송파구 오금동,21086,20410,676
송파구 오륜동,9995,9343,652
송파구 위례동,12466,18136,-5670
송파구 잠실2동,4236,10114,-5878
송파구 잠실3동,60872,35660,25212
송파구 잠실4동,949,1188,-239
송파구 잠실6동,25989,18089,7900
송파구 잠실7동,10928,6528,4400
송파구 잠실본동,25045,29014,-3969
송파구 장지동,13379,11420,1959
송파구 풍납1동,6125,5299,826
송파구 풍납2동,14488,11684,2804
양천구 목1동,54416,31873,22543
양천구 목2동,30700,31185,-485
양천구 목3동,23522,24244,-722
양천구 목4동,13676,24594,-10918
양천구 목5동,22492,24648,-2156
양천구 신월1동,6042,5249,793
양천구 신월2동,6931,12064,-5133
양천구 신월3동,7187,8267,-1080
양천구 신월4동,7552,13132,-5580
양천구 신월5동,6772,11293,-4521
양천구 신월6동,5723,5455,268
양천구 신월7동,10625,18343,-7718
양천구 신정1동,9867,12021,-2154
양천구 신정2동,5913,5528,385
양천구 신정3동,30021,31400,-1379
양천구 신정4동,41712,26275,15437
양천구 신정6동,6833,5976,857
양천구 신정7동,9214,11763,-2549
영등포구 당산제1동,21578,13749,7829
영등포구 당산제2동,44728,35171,9557
영등포구 대림제1동,10102,13554,-3452
영등포구 대림제2동,7596,7336,260
영등포구 대림제3동,14219,15569,-1350
영등포구 도림동,8220,16421,-8201
영등포구 문래동,39560,26186,13374
영등포구 신길제1동,8716,11779,-3063
영등포구 신길제3동,10835,18257,-7422
영등포구 신길제4동,3561,5975,-2414
영등포구 신길제5동,13212,12442,770
영등포구 신길제6동,14628,19443,-4815
영등포구 신길제7동,12579,21263,-8684
영등포구 양평제1동,15890,9167,6723
영등포구 양평제2동,28829,16998,11831
영등포구 여의동,151497,66793,84704
영등포구 영등포동,80879,76839,4040
영등포구 영등포본동,23458,24648,-1190
용산구 남영동,40474,40593,-119
용산구 보광동,7587,8459,-872
용산구 서빙고동,9934,11998,-2064
용산구 용문동,3951,5581,-1630
용산구 용산2가동,12244,18344,-6100
용산구 원효로제1동,16144,17963,-1819
용산구 원효로제2동,13440,10904,2536
용산구 이촌제1동,11025,12068,-1043
용산구 이촌제2동,3197,4235,-1038
용산구 이태원제1동,14649,17634,-2985
용산구 이태원제2동,6738,9339,-2601
용산구 청파동,13131,19798,-6667
용산구 필동,3475,1147,2328
용산구 한강로동,61790,49255,12535
용산구 한남동,58234,51083,7151
용산구 효창동,6189,9545,-3356
용산구 후암동,10115,14024,-3909
은평구 갈현제1동,7474,15397,-7923
은평구 갈현제2동,18532,19468,-936
은평구 구산동,11170,12144,-974
은평구 녹번동,35524,25607,9917
은평구 대조동,36342,36404,-62
은평구 불광제1동,32078,28326,3752
은평구 불광제2동,16841,25336,-8495
은평구 수색동,11704,12912,-1208
은평구 신사제1동,17260,20964,-3704
은평구 신사제2동,18274,17687,587
은평구 역촌동,21928,20973,955
은평구 응암제1동,19546,31281,-11735
은평구 응암제2동,7500,12648,-5148
은평구 응암제3동,13042,19094,-6052
은평구 증산동,25667,20821,4846
은평구 진관동,36142,37505,-1363
종로구 가회동,2901,4005,-1104
종로구 교남동,10093,7373,2720
종로구 무악동,5241,5812,-571
종로구 부암동,16701,14870,1831
종로구 사직동,75638,42800,32838
종로구 삼청동,10213,4682,5531
종로구 숭인제1동,1280,2422,-1142
종로구 숭인제2동,16623,12226,4397
종로구 이화동,25540,22774,2766
종로구 종로1.2.3.4가동,173251,87606,85645
종로구 종로5.6가동,34316,13346,20970
종로구 창신제1동,20184,11633,8551
종로구 창신제2동,4794,5593,-799
종로구 창신제3동,3387,4506,-1119
종로구 청운효자동,13574,10614,2960
종로구 충현동,4466,2431,2035
종로구 평창동,17174,14981,2193
종로구 혜화동,25021,27126,-2105
중구 광희동,25887,18723,7164
중구 다산동,6247,9079,-2832
중구 동화동,1755,2109,-354
중구 명동,51090,28934,22156
중구 소공동,84942,28554,56388
중구 신당동,5688,5402,286
중구 신당제5동,15626,9558,6068
중구 약수동,6028,7087,-1059
중구 을지로동,11009,5485,5524
중구 장충동,9884,5025,4859
중구 중림동,13555,7729,5826
중구 청구동,6123,5694,429
중구 필동,7904,5319,2585
중구 황학동,7120,7834,-714
중구 회현동,65399,51092,14307
중랑구 망우본동,26010,26465,-455
중랑구 망우제3동,5826,9162,-3336
중랑구 면목본동,29370,27802,1568
중랑구 면목제2동,6930,10459,-3529
중랑구 면목제3.8동,21376,22906,-1530
중랑구 면목제4동,8905,10521,-1616
중랑구 면목제5동,6844,9114,-2270
중랑구 면목제7동,5443,8974,-3531
중랑구 묵제1동,13466,16123,-2657
중랑구 묵제2동,4237,4741,-504
중랑구 상봉제1동,12417,13184,-767
중랑구 상봉제2동,30224,31143,-919
중랑구 신내1동,17108,28105,-10997
중랑구 신내2동,24074,17861,6213
중랑구 중화제1동,6995,13089,-6094
중랑구 중화제2동,19819,19063,756
NA,516520,588219,-71699
