ID,insum,outsum,diff
100000001,523,673,-150
100000002,3557,1268,2289
100000003,4877,2843,2034
100000004,1233,852,381
100000005,2161,3751,-1590
100000006,940,146,794
100000007,2198,720,1478
100000008,283,355,-72
100000009,833,280,553
100000010,89,149,-60
100000011,657,79,578
100000012,97,579,-482
100000013,55,146,-91
100000014,431,292,139
100000015,1884,1911,-27
100000016,918,1224,-306
100000017,726,760,-34
100000018,1314,464,850
100000019,3421,1718,1703
100000020,1829,5100,-3271
100000021,4266,2168,2098
100000022,1564,1280,284
100000023,4847,1351,3496
100000025,1781,725,1056
100000028,1442,748,694
100000029,218,196,22
100000030,317,46,271
100000031,4411,5893,-1482
100000032,2276,2825,-549
100000033,1070,2078,-1008
100000034,549,360,189
100000035,1909,1087,822
100000036,2060,1097,963
100000037,605,393,212
100000038,1864,884,980
100000039,682,200,482
100000040,145,137,8
100000041,931,457,474
100000042,944,435,509
100000043,813,456,357
100000044,387,596,-209
100000045,556,1026,-470
100000046,855,917,-62
100000047,282,517,-235
100000048,491,476,15
100000049,1556,1835,-279
100000051,509,850,-341
100000053,105,4,101
100000054,406,48,358
100000055,855,280,575
100000056,415,455,-40
100000057,1836,664,1172
100000058,1046,996,50
100000059,45,85,-40
100000060,341,278,63
100000061,1932,454,1478
100000062,1932,512,1420
100000063,725,254,471
100000064,1637,415,1222
100000065,436,1045,-609
100000066,191,697,-506
100000067,480,784,-304
100000068,569,1495,-926
100000069,308,1324,-1016
100000072,384,818,-434
100000073,1020,1089,-69
100000075,661,286,375
100000076,2326,2090,236
100000077,384,175,209
100000078,89,43,46
100000079,59,59,0
100000080,38,66,-28
100000081,125,212,-87
100000102,2761,1769,992
100000103,3410,1022,2388
100000104,4684,2082,2602
100000105,2768,1300,1468
100000106,2160,2095,65
100000107,591,762,-171
100000108,732,877,-145
100000109,2665,1172,1493
100000116,1399,803,596
100000117,77,109,-32
100000118,1565,676,889
100000119,934,672,262
100000121,245,437,-192
100000122,748,728,20
100000123,3114,3697,-583
100000124,6729,5961,768
100000125,3167,1137,2030
100000126,923,353,570
100000127,1989,529,1460
100000128,1742,1212,530
100000129,536,553,-17
100000130,412,506,-94
100000131,2355,2562,-207
100000132,1278,2374,-1096
100000133,5528,2500,3028
100000135,622,1050,-428
100000139,383,260,123
100000140,353,242,111
100000142,429,584,-155
100000143,1488,647,841
100000144,3876,1023,2853
100000147,1079,2306,-1227
100000150,63,449,-386
100000151,817,714,103
100000153,333,399,-66
100000154,120,106,14
100000155,24,49,-25
100000156,475,265,210
100000157,84,68,16
100000158,258,74,184
100000159,421,558,-137
100000165,1344,562,782
100000169,378,420,-42
100000174,758,397,361
100000179,136,518,-382
100000180,2586,846,1740
100000181,482,257,225
100000188,59,207,-148
100000189,898,278,620
100000190,1046,615,431
100000191,591,457,134
100000192,59,142,-83
100000193,191,198,-7
100000330,1401,806,595
100000355,215,453,-238
100000362,5554,3274,2280
100000363,3203,4902,-1699
100000364,287,187,100
100000365,4536,4700,-164
100000366,5473,2733,2740
100000367,4480,4170,310
100000368,3005,1488,1517
100000369,1073,1452,-379
100000370,337,872,-535
100000376,226,104,122
100000379,2227,1105,1122
100000380,4482,2495,1987
100000384,5227,3449,1778
100000385,4097,3287,810
100000386,7304,4265,3039
100000387,5283,4379,904
100000388,7307,5157,2150
100000389,6907,5520,1387
100000390,8689,4807,3882
100000391,6239,5757,482
100000392,4027,2866,1161
100000393,2634,3372,-738
100000394,8579,5933,2646
100000395,4776,2791,1985
100000396,8221,2869,5352
100000397,5256,4414,842
100000398,10646,7289,3357
100000413,43,20,23
100900002,17,68,-51
100900003,343,186,157
100900004,38,627,-589
100900005,161,21,140
100900006,24,130,-106
100900007,427,14,413
100900008,3,378,-375
100900009,69,149,-80
100900010,104,137,-33
100900011,150,320,-170
100900012,3,207,-204
100900013,1082,11,1071
100900014,2,9,-7
100900015,100,65,35
100900016,7,54,-47
100900017,951,72,879
100900018,1,31,-30
100900019,17,144,-127
100900020,415,18,397
100900021,415,5,410
100900022,26,57,-31
100900023,0,53,-53
100900024,785,12,773
100900025,13,6,7
100900026,111,142,-31
100900027,495,2649,-2154
100900028,168,164,4
100900029,101,16,85
100900030,8,30,-22
100900031,686,55,631
100900032,231,0,231
100900033,189,153,36
100900034,486,4,482
100900035,603,2,601
100900036,18,3,15
100900037,81,287,-206
100900038,106,29,77
100900039,216,545,-329
100900040,499,790,-291
100900041,495,607,-112
100900042,1376,363,1013
100900043,0,14,-14
100900044,2158,622,1536
100900045,69,0,69
100900046,1085,15,1070
100900047,831,177,654
100900048,192,36,156
100900049,119,172,-53
100900050,4,11,-7
100900051,23,58,-35
100900052,328,39,289
100900053,358,40,318
100900054,20,112,-92
100900055,183,556,-373
100900056,117,223,-106
100900057,534,1292,-758
100900058,246,51,195
100900059,125,4,121
100900060,134,8,126
100900061,437,285,152
100900062,6,41,-35
100900063,213,673,-460
100900064,684,21,663
100900065,87,80,7
100900066,100,200,-100
100900067,2,16,-14
100900068,130,119,11
100900069,853,4,849
100900070,311,5,306
100900071,793,302,491
100900072,5,40,-35
100900073,106,453,-347
100900074,7,12,-5
100900075,1816,355,1461
100900076,36,48,-12
100900077,31,88,-57
100900078,124,285,-161
100900079,15,42,-27
100900080,25,119,-94
100900081,44,135,-91
100900082,141,641,-500
100900083,11,32,-21
100900085,16,97,-81
100900086,151,817,-666
100900088,129,528,-399
100900089,2,33,-31
100900090,172,402,-230
100900091,2,29,-27
100900092,251,202,49
100900093,193,450,-257
100900094,97,443,-346
100900095,3,39,-36
100900096,49,114,-65
100900097,4,10,-6
100900098,31,27,4
100900099,41,508,-467
100900100,10,415,-405
100900101,357,60,297
100900102,46,89,-43
100900103,20,19,1
100900104,16,155,-139
100900105,12,278,-266
100900106,62,8,54
100900107,1512,831,681
100900108,9,22,-13
100900109,27,36,-9
100900110,3,42,-39
100900111,61,149,-88
100900112,0,16,-16
100900113,7,16,-9
100900114,9,21,-12
100900115,3,50,-47
100900116,716,759,-43
100900117,313,679,-366
100900118,12,41,-29
100900119,30,23,7
100900120,10,12,-2
100900121,212,529,-317
100900122,162,225,-63
100900123,81,186,-105
100900124,12,12,0
100900125,18,115,-97
100900126,155,179,-24
100900127,11,11,0
100900128,89,145,-56
100900129,0,91,-91
100900131,63,225,-162
100900133,87,37,50
100900134,9,7,2
100900135,0,102,-102
100900137,357,181,176
100900138,535,390,145
100900139,4,6,-2
100900140,2,527,-525
100900141,2,311,-309
100900142,0,10,-10
100900143,761,339,422
100900144,65,3,62
100900145,98,164,-66
100900146,21,38,-17
100900147,11,236,-225
100900148,36,730,-694
100900149,44,159,-115
100900150,2,26,-24
100900151,120,454,-334
100900152,118,6,112
100900153,6,182,-176
100900154,12,38,-26
100900155,7,25,-18
100900156,23,3,20
100900157,3,180,-177
100900159,11,30,-19
100900160,15,8,7
100900161,78,4,74
100900162,25,254,-229
100900163,207,220,-13
100900164,52,47,5
100900165,16,68,-52
100900166,19,10,9
100900167,13,76,-63
100900168,27,133,-106
100900169,141,950,-809
100900170,52,10,42
100900171,27,556,-529
100900172,0,13,-13
100900173,5,414,-409
100900174,515,40,475
100900176,1348,119,1229
100900177,667,219,448
100900178,364,133,231
100900179,131,172,-41
100900180,9,9,0
100900181,88,94,-6
100900182,24,17,7
100900184,23,148,-125
100900186,634,413,221
100900187,11,131,-120
100900188,35,16,19
100900189,1006,255,751
100900191,1172,1092,80
100900192,322,296,26
100900195,126,158,-32
100900197,25,119,-94
100900198,24,234,-210
100900199,11,19,-8
100900200,648,374,274
100900201,63,576,-513
100900202,41,1,40
100900203,0,72,-72
100900204,266,244,22
100900205,156,476,-320
100900206,130,95,35
100900207,198,142,56
100900210,90,569,-479
100900211,311,130,181
100900213,66,44,22
100900214,623,151,472
100900215,20,50,-30
100900217,144,105,39
101000001,3442,2517,925
101000002,3924,3491,433
101000003,534,1414,-880
101000004,9778,9829,-51
101000006,7278,6115,1163
101000007,1983,2706,-723
101000008,3223,2548,675
101000009,2520,1415,1105
101000010,879,1101,-222
101000011,1669,628,1041
101000012,1613,866,747
101000013,574,1040,-466
101000014,449,614,-165
101000015,898,727,171
101000016,426,389,37
101000017,563,421,142
101000018,3467,2219,1248
101000020,3799,996,2803
101000021,803,352,451
101000022,130,48,82
101000023,1588,686,902
101000025,300,452,-152
101000026,409,15,394
101000027,1564,1797,-233
101000028,1010,195,815
101000029,193,990,-797
101000030,1562,153,1409
101000031,651,310,341
101000032,8224,2905,5319
101000033,2306,2475,-169
101000034,2305,1373,932
101000035,827,412,415
101000036,1603,672,931
101000037,2896,1335,1561
101000039,2666,1607,1059
101000040,3004,2993,11
101000041,9570,5576,3994
101000042,565,911,-346
101000043,7523,4993,2530
101000045,1498,742,756
101000046,3718,977,2741
101000047,2149,1849,300
101000048,584,581,3
101000049,842,1300,-458
101000050,1753,1181,572
101000051,1938,1706,232
101000052,1479,639,840
101000053,793,1259,-466
101000054,1296,976,320
101000055,1332,1064,268
101000056,45,127,-82
101000057,1898,875,1023
101000058,1350,934,416
101000059,2613,1863,750
101000060,1428,553,875
101000061,1005,1317,-312
101000062,898,621,277
101000063,669,831,-162
101000064,1405,846,559
101000065,331,385,-54
101000066,820,702,118
101000067,1425,703,722
101000068,382,300,82
101000069,454,64,390
101000070,1344,793,551
101000071,1818,805,1013
101000072,757,2719,-1962
101000073,816,706,110
101000074,5493,2810,2683
101000075,5355,3229,2126
101000077,1354,971,383
101000078,1043,2066,-1023
101000079,729,386,343
101000080,754,363,391
101000081,1452,1395,57
101000082,3361,3153,208
101000083,2295,2205,90
101000084,1381,990,391
101000085,1502,1257,245
101000086,1136,1129,7
101000087,896,1143,-247
101000088,873,1095,-222
101000089,805,1470,-665
101000090,2134,1395,739
101000091,389,961,-572
101000092,658,979,-321
101000093,1348,813,535
101000094,833,1035,-202
101000095,492,643,-151
101000096,420,554,-134
101000097,436,347,89
101000098,473,497,-24
101000099,1076,1081,-5
101000100,842,663,179
101000101,513,290,223
101000102,920,432,488
101000103,840,423,417
101000104,437,508,-71
101000105,1130,263,867
101000106,682,594,88
101000107,216,355,-139
101000108,993,376,617
101000109,262,74,188
101000110,63,555,-492
101000111,158,201,-43
101000113,152,745,-593
101000114,7353,3136,4217
101000115,77,81,-4
101000116,198,91,107
101000117,650,227,423
101000119,90,40,50
101000120,179,38,141
101000121,91,43,48
101000122,140,70,70
101000123,72,70,2
101000124,577,180,397
101000125,262,560,-298
101000128,481,248,233
101000130,268,251,17
101000131,641,560,81
101000132,561,1038,-477
101000135,92,28,64
101000136,557,116,441
101000137,40,288,-248
101000141,1461,2186,-725
101000147,858,538,320
101000148,1310,17,1293
101000149,201,192,9
101000150,139,801,-662
101000151,213,89,124
101000152,317,328,-11
101000153,492,327,165
101000154,276,1123,-847
101000155,275,151,124
101000156,27,282,-255
101000157,57,29,28
101000160,115,48,67
101000163,270,223,47
101000164,562,402,160
101000165,223,340,-117
101000166,213,341,-128
101000168,922,401,521
101000252,1583,899,684
101000254,426,73,353
101000258,53,20,33
101000261,156,32,124
101000262,1056,1541,-485
101000263,222,704,-482
101000265,116,612,-496
101000266,329,268,61
101000269,49,10,39
101000290,1285,2614,-1329
101000293,11,59,-48
101000294,552,421,131
101000295,131,468,-337
101000301,693,372,321
101000304,1889,2455,-566
101000305,2755,1263,1492
101000328,134,283,-149
101900001,42,82,-40
101900002,0,27,-27
101900003,84,112,-28
101900004,5,60,-55
101900005,3731,1686,2045
101900006,679,48,631
101900007,500,117,383
101900008,65,235,-170
101900009,36,432,-396
101900010,942,618,324
101900011,250,1215,-965
101900012,123,298,-175
101900013,1049,195,854
101900017,19,153,-134
101900018,1159,278,881
101900019,320,160,160
101900020,74,67,7
101900021,4,49,-45
101900022,146,980,-834
101900023,177,213,-36
101900026,142,52,90
101900027,21,117,-96
102000001,2910,3792,-882
102000002,2955,1173,1782
102000003,3598,6136,-2538
102000004,7235,2793,4442
102000005,1151,1854,-703
102000006,1338,1569,-231
102000007,1397,3676,-2279
102000008,4374,1593,2781
102000009,5073,6450,-1377
102000010,5663,3456,2207
102000011,2682,2223,459
102000012,3141,3045,96
102000018,3018,2544,474
102000019,2474,1497,977
102000026,313,603,-290
102000029,246,187,59
102000030,114,332,-218
102000031,107,178,-71
102000032,371,333,38
102000033,276,399,-123
102000034,574,428,146
102000035,924,622,302
102000036,17,262,-245
102000037,200,67,133
102000038,215,267,-52
102000039,217,91,126
102000040,587,215,372
102000041,217,312,-95
102000042,237,219,18
102000043,369,197,172
102000044,403,403,0
102000045,910,922,-12
102000046,983,629,354
102000047,755,949,-194
102000048,386,687,-301
102000049,950,678,272
102000050,1004,1109,-105
102000051,490,576,-86
102000052,1397,747,650
102000053,1001,837,164
102000054,480,670,-190
102000055,853,825,28
102000056,722,1059,-337
102000057,1223,550,673
102000058,972,1616,-644
102000059,1676,1315,361
102000060,1126,808,318
102000061,1359,2089,-730
102000062,1510,956,554
102000063,1111,1311,-200
102000064,609,722,-113
102000065,33,127,-94
102000066,1402,846,556
102000067,2371,3029,-658
102000068,7802,2684,5118
102000069,59,1387,-1328
102000070,1904,54,1850
102000071,7211,8742,-1531
102000072,3321,3919,-598
102000073,1034,882,152
102000074,712,790,-78
102000075,129,286,-157
102000076,186,474,-288
102000077,509,1012,-503
102000078,1215,874,341
102000079,142,236,-94
102000080,264,178,86
102000081,416,682,-266
102000082,875,245,630
102000083,546,362,184
102000084,237,378,-141
102000085,1512,1090,422
102000086,968,1458,-490
102000087,851,1784,-933
102000088,293,279,14
102000089,963,360,603
102000090,501,1110,-609
102000091,1059,412,647
102000092,377,731,-354
102000093,673,716,-43
102000094,954,717,237
102000095,1121,931,190
102000096,599,786,-187
102000097,898,715,183
102000098,664,768,-104
102000099,894,749,145
102000100,1020,1202,-182
102000101,1198,800,398
102000102,466,1698,-1232
102000103,1384,380,1004
102000104,725,346,379
102000105,271,656,-385
102000106,768,640,128
102000107,1081,698,383
102000108,690,236,454
102000109,657,697,-40
102000110,1015,1266,-251
102000111,14,294,-280
102000112,264,120,144
102000113,12,30,-18
102000114,826,362,464
102000115,286,347,-61
102000116,656,333,323
102000117,324,520,-196
102000118,1677,1124,553
102000119,2087,821,1266
102000120,222,446,-224
102000121,894,485,409
102000122,512,786,-274
102000123,1234,981,253
102000124,1219,964,255
102000125,791,873,-82
102000126,791,719,72
102000127,1315,711,604
102000128,728,1025,-297
102000129,1416,848,568
102000130,696,642,54
102000131,1157,603,554
102000132,376,665,-289
102000133,2000,1770,230
102000134,556,747,-191
102000135,756,892,-136
102000136,903,553,350
102000137,815,705,110
102000138,332,395,-63
102000139,228,292,-64
102000140,782,277,505
102000141,270,428,-158
102000142,524,380,144
102000143,134,460,-326
102000144,310,414,-104
102000145,394,497,-103
102000146,407,313,94
102000147,424,502,-78
102000148,218,568,-350
102000149,162,414,-252
102000150,292,116,176
102000151,124,343,-219
102000152,175,171,4
102000153,1140,546,594
102000154,377,695,-318
102000155,114,320,-206
102000156,405,113,292
102000157,171,330,-159
102000158,660,536,124
102000159,1105,396,709
102000161,3928,2249,1679
102000162,222,162,60
102000163,97,566,-469
102000164,1194,1142,52
102000165,294,133,161
102000166,112,133,-21
102000167,308,234,74
102000168,257,135,122
102000169,107,520,-413
102000170,542,173,369
102000171,280,135,145
102000172,194,364,-170
102000173,518,273,245
102000174,44,58,-14
102000175,183,98,85
102000176,59,20,39
102000178,283,458,-175
102000179,392,256,136
102000180,786,529,257
102000181,564,586,-22
102000182,480,577,-97
102000183,1536,1854,-318
102000184,1799,921,878
102000185,2225,1611,614
102000186,1205,2027,-822
102000187,855,1658,-803
102000188,944,1422,-478
102000189,2268,892,1376
102000190,522,2228,-1706
102000191,1254,547,707
102000192,1107,1382,-275
102000193,80,146,-66
102000194,56,164,-108
102000195,406,437,-31
102000196,212,418,-206
102000197,531,390,141
102000198,200,733,-533
102000199,777,336,441
102000200,362,974,-612
102000201,865,452,413
102000202,3,113,-110
102000203,340,215,125
102000204,361,656,-295
102000205,891,474,417
102000206,592,574,18
102000207,723,405,318
102000208,448,458,-10
102000209,125,73,52
102000210,356,553,-197
102000211,644,320,324
102000212,276,7,269
102000213,5,350,-345
102000214,235,14,221
102000215,7,399,-392
102000216,49,51,-2
102000217,12,121,-109
102000218,294,145,149
102000219,461,361,100
102000225,715,626,89
102000226,1736,528,1208
102000227,161,3,158
102000228,1,95,-94
102000229,64,53,11
102000230,315,443,-128
102000231,315,518,-203
102000232,26,170,-144
102000233,398,618,-220
102000234,85,1134,-1049
102000236,347,48,299
102000237,493,165,328
102000238,187,294,-107
102000240,708,675,33
102000241,241,130,111
102000243,39,82,-43
102000245,19,102,-83
102000246,10,32,-22
102000247,786,844,-58
102000248,571,774,-203
102000249,162,138,24
102000250,66,378,-312
102000254,58,342,-284
102000266,60,214,-154
102000271,32,0,32
102000286,452,411,41
102000297,1652,1090,562
102000299,0,0,0
102000301,0,0,0
102000305,0,0,0
102000307,0,4,-4
102900001,1389,923,466
102900002,395,45,350
102900003,80,193,-113
102900005,303,279,24
102900006,529,163,366
102900007,422,33,389
102900008,171,69,102
102900009,569,234,335
102900010,705,520,185
102900011,1889,307,1582
102900012,301,96,205
102900013,36,90,-54
102900015,685,474,211
102900016,92,149,-57
102900017,175,640,-465
102900018,42,169,-127
102900019,335,477,-142
102900020,153,45,108
102900021,23,118,-95
102900022,748,190,558
102900023,28,52,-24
102900024,56,46,10
102900025,325,161,164
102900026,490,1870,-1380
102900027,82,42,40
102900028,161,649,-488
102900029,164,215,-51
102900030,604,294,310
102900031,167,173,-6
102900032,85,108,-23
102900033,116,267,-151
102900034,516,112,404
102900035,136,319,-183
102900036,320,489,-169
102900037,432,591,-159
102900038,618,605,13
102900039,14,479,-465
102900040,142,262,-120
102900041,69,208,-139
102900042,187,269,-82
102900043,157,270,-113
102900044,661,2136,-1475
102900045,160,634,-474
102900046,136,331,-195
102900047,72,574,-502
102900048,638,583,55
102900049,140,371,-231
102900050,250,376,-126
102900051,235,191,44
102900053,408,696,-288
102900054,705,1096,-391
102900055,83,236,-153
102900056,72,419,-347
102900057,5,64,-59
102900058,270,62,208
102900059,30,84,-54
102900060,121,500,-379
102900061,203,496,-293
102900062,207,995,-788
102900063,1054,444,610
102900064,113,438,-325
102900065,1446,503,943
102900066,341,49,292
102900068,133,99,34
102900070,304,452,-148
102900072,51,58,-7
102900073,233,9,224
102900075,56,72,-16
102900076,196,116,80
102900077,69,53,16
102900078,48,101,-53
102900079,166,18,148
102900080,282,56,226
102900081,135,315,-180
102900082,12,201,-189
102900083,293,19,274
102900084,15,46,-31
102900085,458,199,259
102900086,27,75,-48
102900087,95,82,13
102900088,37,21,16
102900089,242,134,108
102900090,2,411,-409
102900091,218,3,215
102900092,282,995,-713
102900094,6,62,-56
102900095,148,5,143
102900096,59,24,35
102900097,31,149,-118
103000001,2054,2327,-273
103000002,2083,2427,-344
103000003,2986,2566,420
103000004,862,737,125
103000005,1739,2663,-924
103000006,571,1368,-797
103000007,421,700,-279
103000008,954,874,80
103000009,927,997,-70
103000010,278,184,94
103000011,1509,1250,259
103000012,1174,1530,-356
103000013,4368,2013,2355
103000014,1270,2265,-995
103000015,1820,837,983
103000016,555,1243,-688
103000017,208,390,-182
103000018,688,397,291
103000019,276,288,-12
103000020,2760,1434,1326
103000021,1785,1489,296
103000022,786,1050,-264
103000023,568,1458,-890
103000024,87,164,-77
103000025,107,545,-438
103000026,1179,128,1051
103000027,356,458,-102
103000028,537,424,113
103000029,280,277,3
103000030,1702,801,901
103000031,1367,1459,-92
103000032,1928,1755,173
103000033,2544,2618,-74
103000034,1394,1064,330
103000035,390,1270,-880
103000036,388,571,-183
103000037,615,491,124
103000038,531,929,-398
103000039,353,424,-71
103000040,476,944,-468
103000041,1694,2301,-607
103000042,1088,586,502
103000043,471,930,-459
103000044,173,216,-43
103000046,266,465,-199
103000047,714,652,62
103000048,164,194,-30
103000049,124,169,-45
103000050,594,550,44
103000051,423,630,-207
103000052,885,475,410
103000053,200,849,-649
103000054,2594,1445,1149
103000055,2067,2157,-90
103000056,569,1719,-1150
103000057,458,248,210
103000058,624,876,-252
103000059,363,767,-404
103000060,865,843,22
103000061,445,979,-534
103000062,1044,609,435
103000063,636,846,-210
103000064,159,200,-41
103000065,10,437,-427
103000066,271,12,259
103000069,549,459,90
103000070,1094,858,236
103000071,1114,448,666
103000072,118,610,-492
103000073,540,158,382
103000074,588,115,473
103000075,132,658,-526
103000076,289,298,-9
103000077,29,345,-316
103000078,1041,567,474
103000079,917,529,388
103000080,1190,441,749
103000081,472,974,-502
103000082,556,174,382
103000083,122,299,-177
103000084,139,10,129
103000085,1,137,-136
103000086,718,391,327
103000087,128,467,-339
103000088,434,301,133
103000089,296,335,-39
103000090,1744,831,913
103000091,582,420,162
103000092,272,319,-47
103000093,294,402,-108
103000094,169,103,66
103000095,74,362,-288
103000096,582,110,472
103000097,92,732,-640
103000098,975,183,792
103000099,420,635,-215
103000100,111,698,-587
103000101,775,137,638
103000102,110,609,-499
103000103,725,226,499
103000104,71,105,-34
103000105,97,99,-2
103000106,9,133,-124
103000107,219,76,143
103000108,765,518,247
103000109,334,293,41
103000110,394,407,-13
103000111,520,334,186
103000112,316,201,115
103000113,684,651,33
103000114,1098,351,747
103000115,557,474,83
103000116,531,369,162
103000117,299,421,-122
103000118,990,804,186
103000119,1295,603,692
103000120,73,84,-11
103000121,318,569,-251
103000122,458,435,23
103000125,20,268,-248
103000126,682,8,674
103000127,0,237,-237
103000128,220,4,216
103000129,1,117,-116
103000130,64,51,13
103000131,165,90,75
103000132,113,181,-68
103000133,39,108,-69
103000134,648,747,-99
103000135,619,336,283
103000136,803,497,306
103000137,607,653,-46
103000138,890,863,27
103000139,1,88,-87
103000140,140,42,98
103000141,97,139,-42
103000142,205,105,100
103000143,111,203,-92
103000144,243,81,162
103000145,87,47,40
103000150,118,72,46
103000152,195,217,-22
103000153,211,161,50
103000156,7,433,-426
103000157,479,2,477
103000159,115,27,88
103000162,90,28,62
103000163,13,43,-30
103000164,50,10,40
103000165,129,321,-192
103000166,184,262,-78
103000167,155,133,22
103000168,104,148,-44
103000169,154,465,-311
103000170,652,437,215
103000171,62,60,2
103000172,524,369,155
103000173,498,620,-122
103000174,181,331,-150
103000175,234,373,-139
103000176,930,666,264
103000177,603,512,91
103000178,254,290,-36
103000179,168,56,112
103000183,129,24,105
103000185,82,54,28
103000186,114,171,-57
103000187,432,402,30
103000188,14,52,-38
103000189,814,807,7
103000191,506,520,-14
103000292,1765,1851,-86
103000293,1083,1751,-668
103000295,125,99,26
103000296,504,5,499
103000297,12,17,-5
103000504,51,22,29
103000505,9,19,-10
103000506,1,273,-272
103000507,268,8,260
103000508,52,41,11
103000509,250,635,-385
103900001,7,269,-262
103900002,1427,196,1231
103900003,1346,145,1201
103900004,89,0,89
103900005,2,294,-292
103900006,5,2,3
103900007,54,13,41
103900008,19,0,19
103900009,248,550,-302
103900010,142,289,-147
103900011,251,207,44
103900012,16,27,-11
103900013,58,81,-23
103900014,52,25,27
103900015,40,15,25
103900016,251,219,32
103900017,36,73,-37
103900018,691,240,451
103900019,60,298,-238
103900020,237,484,-247
103900021,620,110,510
103900022,1149,750,399
103900023,155,0,155
103900024,93,329,-236
103900025,20,49,-29
103900026,192,0,192
103900027,701,309,392
103900028,24,300,-276
103900029,1150,169,981
103900030,230,60,170
103900031,14,10,4
103900032,83,87,-4
103900033,107,17,90
103900034,35,158,-123
103900035,34,45,-11
103900036,46,28,18
103900037,90,57,33
103900038,109,212,-103
103900039,91,375,-284
103900040,18,125,-107
103900041,46,50,-4
103900042,67,399,-332
103900043,182,83,99
103900044,95,241,-146
103900045,323,184,139
103900047,73,28,45
103900048,61,18,43
103900049,211,1087,-876
103900050,7,134,-127
103900051,3,29,-26
103900052,221,433,-212
103900053,241,716,-475
103900054,116,422,-306
103900055,449,193,256
103900056,63,44,19
103900057,26,195,-169
103900058,229,673,-444
103900059,0,7,-7
103900060,49,206,-157
103900061,164,72,92
103900062,285,98,187
103900063,28,0,28
103900064,103,7,96
103900065,852,494,358
103900066,170,21,149
103900067,223,5,218
103900068,32,0,32
103900069,92,32,60
103900070,157,299,-142
103900071,16,144,-128
103900072,11,209,-198
103900073,35,29,6
103900074,69,63,6
103900075,261,101,160
103900076,410,587,-177
103900077,58,86,-28
103900078,231,108,123
103900079,131,244,-113
103900080,21,55,-34
103900081,182,36,146
103900082,6,96,-90
103900083,1579,861,718
103900084,78,124,-46
103900085,59,163,-104
103900086,584,346,238
103900088,388,451,-63
103900089,58,167,-109
103900090,0,152,-152
103900091,1118,304,814
103900092,672,466,206
103900093,111,302,-191
103900094,13,132,-119
103900095,319,230,89
103900096,39,198,-159
103900097,13,402,-389
103900098,259,116,143
103900099,79,193,-114
103900100,143,293,-150
103900101,80,1113,-1033
103900102,1,22,-21
103900104,1,44,-43
103900105,99,263,-164
103900106,1,33,-32
103900107,104,212,-108
103900108,52,350,-298
103900109,69,70,-1
103900110,209,49,160
103900111,76,535,-459
103900112,44,65,-21
103900113,148,233,-85
103900114,439,333,106
103900115,274,204,70
103900116,6236,2879,3357
103900117,159,84,75
103900119,27,84,-57
103900120,71,128,-57
103900122,117,297,-180
103900123,1694,776,918
103900124,73,461,-388
103900125,126,90,36
103900126,393,430,-37
103900127,188,443,-255
103900128,144,126,18
103900131,45,148,-103
103900133,866,115,751
103900134,1,5,-4
103900135,15,24,-9
103900137,1,37,-36
103900138,104,269,-165
103900139,436,1577,-1141
103900140,9,123,-114
103900141,257,102,155
103900142,113,151,-38
103900143,28,4,24
103900144,0,60,-60
103900145,139,245,-106
103900146,334,258,76
103900147,360,87,273
103900148,202,264,-62
103900149,318,680,-362
103900150,6005,3567,2438
103900151,43,158,-115
103900152,433,462,-29
103900153,7,2,5
103900154,858,1425,-567
103900155,37,284,-247
103900156,52,205,-153
103900157,43,198,-155
103900158,90,154,-64
103900159,112,76,36
103900160,57,41,16
103900161,77,170,-93
103900162,64,206,-142
103900163,9,462,-453
103900167,22,112,-90
103900168,139,89,50
103900169,69,46,23
103900170,1,116,-115
103900171,2,87,-85
103900172,7,27,-20
103900173,9,22,-13
103900174,143,58,85
103900175,71,54,17
103900176,8,45,-37
103900177,16,69,-53
103900178,57,63,-6
103900179,53,115,-62
103900180,13,73,-60
103900181,50,54,-4
103900182,38,16,22
103900184,452,86,366
103900185,186,331,-145
103900187,52,61,-9
103900188,62,20,42
103900189,104,5,99
103900190,76,57,19
103900191,23,38,-15
103900192,94,71,23
103900193,128,176,-48
103900194,59,249,-190
103900195,5,78,-73
103900196,46,44,2
103900197,16,30,-14
103900198,19,54,-35
103900199,103,70,33
103900200,152,160,-8
103900201,125,211,-86
103900202,6,50,-44
103900203,66,24,42
103900204,4,114,-110
103900207,1,112,-111
103900208,137,2,135
103900209,6,72,-66
103900210,43,34,9
103900211,434,383,51
103900212,79,371,-292
103900213,62,255,-193
103900214,255,180,75
103900215,569,433,136
103900216,16,417,-401
103900217,383,69,314
103900218,3,321,-318
103900219,160,275,-115
103900233,61,3,58
103900235,34,21,13
103900236,15,6,9
103900242,4,15,-11
103900243,9,14,-5
103900244,108,197,-89
103900245,129,198,-69
103900246,52,38,14
103900247,43,150,-107
103900248,7,32,-25
103900249,19,38,-19
103900250,49,40,9
103900251,1,37,-36
103900253,20,80,-60
103900254,8,18,-10
103900255,26,21,5
103900256,19,41,-22
103900257,145,145,0
103900258,76,6,70
103900259,84,8,76
103900261,10,8,2
103900262,26,6,20
103900263,35,70,-35
103900264,74,38,36
103900265,45,14,31
103900266,7,92,-85
103900267,9,95,-86
103900268,26,107,-81
103900269,172,49,123
103900270,56,188,-132
103900271,38,129,-91
103900272,45,99,-54
103900273,25,48,-23
103900274,57,16,41
103900275,57,14,43
103900276,10,118,-108
103900277,2,87,-85
103900278,8,49,-41
103900279,4,26,-22
103900280,1,134,-133
104000001,1824,1623,201
104000002,1498,2425,-927
104000003,2012,1995,17
104000004,2603,2568,35
104000005,1392,1862,-470
104000006,2446,2594,-148
104000007,3635,3866,-231
104000008,206,322,-116
104000009,121,95,26
104000010,134,278,-144
104000011,541,405,136
104000012,118,377,-259
104000013,193,205,-12
104000014,199,704,-505
104000015,275,161,114
104000016,531,400,131
104000018,687,182,505
104000019,519,199,320
104000020,168,639,-471
104000021,333,635,-302
104000022,150,282,-132
104000023,790,335,455
104000024,234,372,-138
104000026,34,408,-374
104000027,271,398,-127
104000028,372,255,117
104000029,400,474,-74
104000030,216,224,-8
104000031,1114,401,713
104000032,199,293,-94
104000033,541,520,21
104000034,302,339,-37
104000035,742,432,310
104000036,626,559,67
104000037,295,239,56
104000038,334,290,44
104000039,174,325,-151
104000040,353,398,-45
104000041,880,351,529
104000042,210,416,-206
104000043,380,453,-73
104000044,277,625,-348
104000045,1052,1203,-151
104000046,1253,1742,-489
104000047,831,1199,-368
104000048,851,1766,-915
104000049,475,297,178
104000050,254,561,-307
104000051,140,568,-428
104000052,1379,1309,70
104000053,963,631,332
104000054,476,392,84
104000055,3436,2181,1255
104000056,1650,338,1312
104000057,243,709,-466
104000058,757,684,73
104000059,544,1088,-544
104000060,855,1101,-246
104000061,1219,1115,104
104000062,484,196,288
104000064,509,316,193
104000065,261,558,-297
104000069,1099,949,150
104000070,53,436,-383
104000071,270,707,-437
104000072,607,336,271
104000075,66,282,-216
104000076,499,69,430
104000082,1898,2635,-737
104000083,858,200,658
104000084,159,545,-386
104000085,311,295,16
104000086,159,439,-280
104000087,513,1577,-1064
104000090,772,1210,-438
104000092,1046,2272,-1226
104000094,812,1576,-764
104000095,1631,1201,430
104000096,1234,222,1012
104000097,1506,947,559
104000098,1842,1055,787
104000100,1439,664,775
104000101,1349,1623,-274
104000106,198,700,-502
104000107,620,457,163
104000108,301,453,-152
104000109,265,90,175
104000110,915,907,8
104000111,3401,1902,1499
104000112,2433,576,1857
104000116,2,1043,-1041
104000117,172,662,-490
104000118,472,236,236
104000119,568,288,280
104000120,230,723,-493
104000121,198,726,-528
104000122,599,767,-168
104000123,914,1007,-93
104000124,1007,2094,-1087
104000125,3318,3540,-222
104000126,306,369,-63
104000127,1393,2502,-1109
104000128,591,428,163
104000129,398,37,361
104000130,8,205,-197
104000131,770,498,272
104000132,594,645,-51
104000133,1395,796,599
104000134,966,1427,-461
104000135,496,1453,-957
104000136,695,3190,-2495
104000137,1416,329,1087
104000138,988,376,612
104000139,6409,2791,3618
104000141,962,1334,-372
104000142,610,719,-109
104000143,487,575,-88
104000144,76,192,-116
104000145,412,201,211
104000146,343,571,-228
104000147,130,364,-234
104000148,294,133,161
104000149,175,331,-156
104000150,1051,467,584
104000151,375,536,-161
104000152,483,562,-79
104000153,555,483,72
104000154,1045,566,479
104000155,406,593,-187
104000157,935,1401,-466
104000158,425,330,95
104000159,685,386,299
104000160,1383,1619,-236
104000161,200,236,-36
104000162,64,138,-74
104000165,1093,1017,76
104000167,525,932,-407
104000168,476,9,467
104000169,74,68,6
104000170,522,502,20
104000248,264,714,-450
104000251,60,245,-185
104000272,0,0,0
104000273,0,0,0
104000274,0,0,0
104000275,0,0,0
104000279,596,410,186
104000290,132,298,-166
104000291,731,1138,-407
104000293,635,649,-14
104000294,24,0,24
104000295,442,653,-211
104000296,365,561,-196
104000297,595,1484,-889
104000298,2007,691,1316
104000299,652,1463,-811
104000302,140,118,22
104000303,150,157,-7
104900001,149,387,-238
104900002,37,136,-99
104900003,65,302,-237
104900004,54,288,-234
104900005,217,181,36
104900006,243,90,153
104900007,195,161,34
104900009,120,363,-243
104900010,65,67,-2
104900011,6,13,-7
104900012,248,54,194
104900013,123,18,105
104900014,2241,239,2002
104900015,110,6,104
104900016,220,213,7
104900017,194,134,60
104900018,7,198,-191
104900019,352,1975,-1623
104900020,37,254,-217
104900021,1,214,-213
104900022,16,141,-125
104900023,2,96,-94
104900024,16,128,-112
104900025,64,263,-199
104900026,3,79,-76
104900027,385,237,148
104900028,25,94,-69
104900029,52,95,-43
104900030,369,223,146
104900031,97,257,-160
104900032,56,132,-76
104900033,167,216,-49
104900034,280,155,125
104900035,215,184,31
104900036,157,104,53
104900037,134,247,-113
104900038,547,660,-113
104900039,754,348,406
104900040,262,114,148
104900041,257,160,97
104900042,124,215,-91
104900043,17,111,-94
104900044,395,181,214
104900045,380,69,311
104900046,158,137,21
104900047,240,148,92
104900048,183,79,104
104900049,29,24,5
104900050,269,84,185
104900051,267,40,227
104900052,59,2,57
104900053,400,90,310
104900054,144,23,121
104900055,100,1,99
104900056,223,12,211
104900057,38,0,38
104900058,614,180,434
104900059,302,94,208
104900060,0,322,-322
104900061,185,488,-303
104900063,0,132,-132
104900064,1,93,-92
104900065,0,167,-167
104900066,1,169,-168
104900067,3,286,-283
104900068,7,216,-209
104900070,211,276,-65
104900071,3,508,-505
104900072,40,262,-222
104900073,50,165,-115
104900074,44,240,-196
104900075,41,55,-14
104900076,76,266,-190
104900077,894,187,707
104900078,113,437,-324
104900079,106,357,-251
104900080,69,406,-337
104900082,14,390,-376
104900085,7,204,-197
104900087,517,3,514
104900089,157,0,157
104900090,757,462,295
104900091,588,558,30
104900093,277,524,-247
104900097,2062,1731,331
104900098,96,28,68
104900099,435,837,-402
104900100,439,220,219
104900102,22,183,-161
104900103,446,69,377
104900104,2634,1719,915
104900106,94,136,-42
104900107,151,191,-40
104900108,39,237,-198
104900109,95,211,-116
104900110,6,53,-47
104900111,115,104,11
104900112,231,715,-484
104900113,609,345,264
104900114,342,377,-35
104900115,599,398,201
104900116,225,225,0
104900118,25,76,-51
104900119,1,49,-48
104900120,64,249,-185
104900121,0,68,-68
104900122,2,65,-63
104900123,29,12,17
104900124,42,1,41
104900125,377,22,355
104900126,75,58,17
104900127,47,83,-36
104900128,90,126,-36
104900129,1676,1364,312
105000001,2080,1550,530
105000002,1974,1435,539
105000003,2869,3051,-182
105000004,509,897,-388
105000005,683,933,-250
105000006,1190,1330,-140
105000007,959,1169,-210
105000008,1543,2176,-633
105000009,1730,2719,-989
105000010,3405,2421,984
105000011,2738,2180,558
105000012,4256,3157,1099
105000013,1009,1030,-21
105000014,1719,1972,-253
105000015,8356,10619,-2263
105000016,3148,2063,1085
105000017,1585,815,770
105000018,1324,1427,-103
105000019,1324,836,488
105000020,162,439,-277
105000021,291,131,160
105000022,273,70,203
105000023,518,328,190
105000028,84,141,-57
105000029,506,946,-440
105000030,3972,2871,1101
105000031,5,34,-29
105000033,1206,2086,-880
105000034,156,741,-585
105000037,559,379,180
105000038,1622,1400,222
105000039,2662,1776,886
105000040,893,840,53
105000041,533,1144,-611
105000042,2724,1381,1343
105000043,1908,1996,-88
105000044,526,413,113
105000045,291,900,-609
105000046,904,392,512
105000047,458,1561,-1103
105000048,631,189,442
105000049,230,613,-383
105000050,623,376,247
105000051,186,490,-304
105000052,627,782,-155
105000053,131,200,-69
105000054,449,857,-408
105000055,769,403,366
105000056,1311,2043,-732
105000057,1224,852,372
105000058,1292,1415,-123
105000059,614,577,37
105000060,426,701,-275
105000061,501,525,-24
105000062,723,916,-193
105000063,296,600,-304
105000064,1078,795,283
105000065,319,681,-362
105000066,1064,1619,-555
105000067,1141,735,406
105000068,456,888,-432
105000069,2039,1358,681
105000070,789,709,80
105000071,226,644,-418
105000072,924,1864,-940
105000073,717,556,161
105000074,999,826,173
105000075,473,794,-321
105000076,1185,988,197
105000077,2172,927,1245
105000078,1325,1207,118
105000079,1571,2696,-1125
105000080,1552,1141,411
105000081,3342,1195,2147
105000082,1015,1245,-230
105000083,3646,2389,1257
105000084,716,910,-194
105000085,1545,1495,50
105000086,552,990,-438
105000087,1652,1685,-33
105000088,1397,1637,-240
105000089,2988,2201,787
105000090,1070,907,163
105000091,1633,1502,131
105000092,743,953,-210
105000093,344,232,112
105000094,240,174,66
105000095,109,465,-356
105000096,1070,875,195
105000097,964,650,314
105000098,836,594,242
105000099,938,612,326
105000100,1090,1033,57
105000101,1944,1889,55
105000102,1347,1308,39
105000103,1443,1919,-476
105000104,2247,945,1302
105000105,1248,1877,-629
105000106,1267,1768,-501
105000107,989,821,168
105000108,1282,1444,-162
105000109,1307,1709,-402
105000110,623,655,-32
105000111,651,771,-120
105000112,1056,777,279
105000113,376,726,-350
105000114,2804,1078,1726
105000115,274,1038,-764
105000116,685,571,114
105000117,913,1096,-183
105000118,483,450,33
105000119,682,1007,-325
105000120,912,509,403
105000121,851,1083,-232
105000122,413,574,-161
105000123,1133,1268,-135
105000124,1654,908,746
105000125,775,1795,-1020
105000126,1682,1805,-123
105000127,2173,1972,201
105000128,1015,1068,-53
105000129,892,299,593
105000130,305,2056,-1751
105000131,901,431,470
105000132,695,579,116
105000133,457,1008,-551
105000134,530,626,-96
105000135,520,623,-103
105000136,173,347,-174
105000137,381,254,127
105000138,220,436,-216
105000139,989,1010,-21
105000140,358,545,-187
105000141,309,617,-308
105000142,155,535,-380
105000143,223,676,-453
105000144,323,832,-509
105000145,566,395,171
105000146,491,842,-351
105000147,472,355,117
105000148,1183,611,572
105000149,2068,1771,297
105000150,1925,1448,477
105000151,408,333,75
105000152,176,526,-350
105000153,535,640,-105
105000154,580,615,-35
105000155,346,969,-623
105000156,936,715,221
105000157,835,1518,-683
105000158,1626,842,784
105000159,222,1057,-835
105000160,1500,661,839
105000161,642,1055,-413
105000162,494,1562,-1068
105000163,1088,990,98
105000164,194,297,-103
105000165,1187,4044,-2857
105000166,5437,886,4551
105000167,2041,1120,921
105000168,346,745,-399
105000169,465,399,66
105000170,171,1320,-1149
105000171,924,226,698
105000172,209,49,160
105000173,189,63,126
105000174,81,46,35
105000175,76,130,-54
105000176,250,99,151
105000177,290,182,108
105000178,93,458,-365
105000179,374,183,191
105000180,107,104,3
105000181,105,273,-168
105000182,87,47,40
105000183,2283,1646,637
105000184,1908,862,1046
105000185,1348,757,591
105000186,743,832,-89
105000187,735,201,534
105000188,422,151,271
105000189,356,460,-104
105000190,299,369,-70
105000191,487,380,107
105000192,276,80,196
105000193,118,126,-8
105000194,483,153,330
105000195,289,810,-521
105000196,110,246,-136
105000197,253,623,-370
105000198,683,339,344
105000199,425,759,-334
105000200,112,188,-76
105000201,146,37,109
105000203,15,223,-208
105000204,96,78,18
105000205,118,214,-96
105000207,485,268,217
105000208,245,455,-210
105000209,179,442,-263
105000211,251,27,224
105000212,1123,1188,-65
105000213,209,183,26
105000214,171,335,-164
105000215,299,219,80
105000216,153,336,-183
105000217,156,350,-194
105000218,1121,1114,7
105000221,162,222,-60
105000222,418,55,363
105000223,336,195,141
105000226,116,250,-134
105000227,76,151,-75
105000228,380,1336,-956
105000229,155,382,-227
105000231,301,292,9
105000233,1035,659,376
105000234,553,1151,-598
105000235,312,647,-335
105000237,710,76,634
105000243,31,64,-33
105000248,85,83,2
105000262,300,1322,-1022
105000269,120,270,-150
105000270,313,64,249
105000271,1,279,-278
105000282,108,45,63
105000287,320,99,221
105000288,621,416,205
105000289,2652,1781,871
105000290,44,9,35
105000402,3596,2767,829
105000426,456,563,-107
105000438,3782,1437,2345
105000440,17,30,-13
105000446,11027,5341,5686
105000447,6652,3023,3629
105000454,366,756,-390
105000455,270,163,107
105000474,39,8,31
105000477,304,537,-233
105000478,1365,3116,-1751
105000479,155,132,23
105000480,7677,4788,2889
105000481,3741,2766,975
105000482,5297,6311,-1014
105000483,1332,1567,-235
105000484,2234,2795,-561
105000485,1264,2236,-972
105000486,3132,2462,670
105000488,9457,4954,4503
105000489,768,829,-61
105000549,145,111,34
105000550,636,1400,-764
105000551,36,155,-119
105000552,2696,1908,788
105000555,1242,905,337
105000556,49,59,-10
105000557,67,265,-198
105900001,9,1164,-1155
105900002,1195,697,498
105900003,10,140,-130
105900004,296,135,161
105900005,11,238,-227
105900006,16,101,-85
105900007,87,31,56
105900008,61,666,-605
105900009,34,20,14
105900011,169,50,119
105900012,490,193,297
105900013,9,29,-20
105900014,7,44,-37
105900015,135,274,-139
105900016,301,472,-171
105900017,989,56,933
105900018,166,180,-14
105900019,87,502,-415
105900020,44,46,-2
105900021,19,196,-177
105900022,270,161,109
105900023,3,78,-75
105900024,10,98,-88
105900025,145,47,98
105900026,283,39,244
105900027,4866,6479,-1613
105900028,439,212,227
105900029,1425,285,1140
105900030,203,230,-27
105900031,374,184,190
105900032,69,185,-116
105900033,284,132,152
105900034,181,222,-41
105900035,140,172,-32
105900036,59,117,-58
105900037,95,66,29
105900038,163,263,-100
105900039,120,128,-8
105900040,96,106,-10
105900041,144,149,-5
105900042,47,127,-80
105900043,1136,52,1084
105900044,3,325,-322
105900045,4,603,-599
105900046,5,230,-225
105900047,7,32,-25
105900048,85,536,-451
105900050,5241,1471,3770
105900051,34,1067,-1033
105900052,511,298,213
105900053,3178,2451,727
105900054,347,184,163
105900056,839,384,455
105900057,38,130,-92
105900058,15,30,-15
105900059,0,37,-37
106000001,4383,2343,2040
106000002,2627,5160,-2533
106000003,2602,3516,-914
106000004,2079,2784,-705
106000005,2604,5178,-2574
106000006,5514,4147,1367
106000007,470,624,-154
106000008,413,311,102
106000009,485,394,91
106000010,514,621,-107
106000011,775,887,-112
106000012,706,1373,-667
106000013,1353,1779,-426
106000014,1679,1529,150
106000015,1379,1101,278
106000016,1188,2089,-901
106000017,612,704,-92
106000018,653,524,129
106000019,336,470,-134
106000020,263,381,-118
106000021,267,473,-206
106000022,391,289,102
106000023,517,408,109
106000024,470,662,-192
106000025,103,196,-93
106000026,128,327,-199
106000027,1034,1279,-245
106000028,630,583,47
106000029,911,1278,-367
106000030,713,451,262
106000034,237,621,-384
106000035,1141,1784,-643
106000036,250,438,-188
106000037,2067,1731,336
106000038,488,137,351
106000039,193,102,91
106000040,209,889,-680
106000041,715,466,249
106000043,571,220,351
106000046,341,66,275
106000047,57,341,-284
106000049,920,229,691
106000050,293,680,-387
106000051,515,455,60
106000052,85,558,-473
106000053,266,93,173
106000054,313,472,-159
106000055,876,1018,-142
106000056,286,387,-101
106000057,286,310,-24
106000058,117,188,-71
106000059,257,255,2
106000060,296,580,-284
106000061,167,438,-271
106000062,175,584,-409
106000063,610,560,50
106000064,45,366,-321
106000065,257,311,-54
106000066,109,359,-250
106000067,293,127,166
106000068,68,614,-546
106000069,166,94,72
106000070,471,786,-315
106000071,926,310,616
106000072,3052,1525,1527
106000073,1637,2848,-1211
106000074,506,663,-157
106000075,313,1449,-1136
106000076,1797,2076,-279
106000077,3388,1567,1821
106000078,863,1002,-139
106000079,685,1044,-359
106000080,1159,705,454
106000081,682,1105,-423
106000082,2154,907,1247
106000083,377,1407,-1030
106000084,1011,698,313
106000085,1380,1432,-52
106000086,608,846,-238
106000087,871,619,252
106000088,461,837,-376
106000089,874,406,468
106000090,271,592,-321
106000091,294,546,-252
106000092,664,284,380
106000093,425,144,281
106000094,105,250,-145
106000095,549,841,-292
106000096,795,755,40
106000097,889,998,-109
106000098,690,1149,-459
106000099,213,743,-530
106000100,1091,253,838
106000101,1148,278,870
106000102,181,536,-355
106000103,372,513,-141
106000104,765,471,294
106000105,405,670,-265
106000106,499,440,59
106000107,215,402,-187
106000108,360,344,16
106000109,164,339,-175
106000110,217,355,-138
106000111,195,452,-257
106000112,186,516,-330
106000113,750,519,231
106000114,491,588,-97
106000115,237,511,-274
106000116,289,199,90
106000117,891,671,220
106000118,997,1318,-321
106000119,1598,942,656
106000120,650,1095,-445
106000121,161,161,0
106000122,115,246,-131
106000123,392,154,238
106000124,95,250,-155
106000125,53,271,-218
106000126,254,135,119
106000127,775,836,-61
106000128,635,251,384
106000129,495,624,-129
106000130,599,440,159
106000131,176,855,-679
106000132,612,194,418
106000133,2131,1266,865
106000134,665,1600,-935
106000135,280,802,-522
106000136,529,913,-384
106000137,67,972,-905
106000138,923,109,814
106000139,42,123,-81
106000140,52,82,-30
106000141,70,95,-25
106000142,64,56,8
106000143,90,76,14
106000144,61,52,9
106000145,171,273,-102
106000146,281,167,114
106000147,563,625,-62
106000148,1017,886,131
106000149,501,518,-17
106000150,472,1751,-1279
106000151,3475,777,2698
106000152,1464,1769,-305
106000153,106,1414,-1308
106000154,1328,261,1067
106000155,103,210,-107
106000156,519,269,250
106000157,558,1547,-989
106000158,2117,905,1212
106000159,3112,1636,1476
106000160,375,2173,-1798
106000161,1226,447,779
106000162,227,816,-589
106000163,379,452,-73
106000164,326,359,-33
106000165,172,600,-428
106000166,600,308,292
106000167,378,1041,-663
106000168,395,288,107
106000169,195,588,-393
106000170,780,294,486
106000171,240,1092,-852
106000172,2345,1226,1119
106000173,1116,2499,-1383
106000174,1012,394,618
106000175,310,905,-595
106000176,1378,745,633
106000177,779,2223,-1444
106000178,2808,1729,1079
106000179,1057,2226,-1169
106000180,670,1285,-615
106000181,583,1494,-911
106000182,1070,599,471
106000183,1121,764,357
106000184,1275,606,669
106000185,877,892,-15
106000186,880,126,754
106000187,237,1027,-790
106000188,1,3,-2
106000189,9,66,-57
106000190,44,1,43
106000191,599,192,407
106000192,1,20,-19
106000193,324,224,100
106000194,146,306,-160
106000195,531,143,388
106000196,157,338,-181
106000197,491,284,207
106000198,154,249,-95
106000199,696,632,64
106000200,176,206,-30
106000201,576,2172,-1596
106000202,3733,559,3174
106000203,81,190,-109
106000204,105,21,84
106000205,28,136,-108
106000206,92,27,65
106000207,37,631,-594
106000208,1250,221,1029
106000209,1189,320,869
106000210,258,1019,-761
106000211,284,1151,-867
106000212,731,345,386
106000213,774,1661,-887
106000214,2697,706,1991
106000215,248,476,-228
106000216,366,300,66
106000217,307,443,-136
106000218,521,488,33
106000219,138,313,-175
106000220,397,246,151
106000221,158,262,-104
106000222,39,92,-53
106000223,166,102,64
106000224,189,208,-19
106000225,71,96,-25
106000226,113,289,-176
106000228,57,147,-90
106000229,73,655,-582
106000231,758,111,647
106000232,81,370,-289
106000233,520,99,421
106000234,121,178,-57
106000235,715,73,642
106000236,298,59,239
106000237,13,9,4
106000238,169,9,160
106000239,3,121,-118
106000240,69,4,65
106000241,19,613,-594
106000242,240,33,207
106000249,67,80,-13
106000250,51,498,-447
106000251,113,23,90
106000252,25,75,-50
106000253,35,82,-47
106000254,35,37,-2
106000255,26,97,-71
106000256,55,68,-13
106000257,149,208,-59
106000258,290,22,268
106000259,13,38,-25
106000260,29,15,14
106000261,4,32,-28
106000262,91,23,68
106000263,9,91,-82
106000264,179,25,154
106000265,20,116,-96
106000266,88,34,54
106000267,9,71,-62
106000268,537,67,470
106000269,80,71,9
106000270,116,430,-314
106000271,61,197,-136
106000272,232,66,166
106000273,15,227,-212
106000274,134,56,78
106000275,135,258,-123
106000276,137,40,97
106000277,131,254,-123
106000278,158,41,117
106000279,14,39,-25
106000280,97,75,22
106000281,111,67,44
106000282,74,69,5
106000283,121,69,52
106000284,55,131,-76
106000285,136,104,32
106000286,67,146,-79
106000287,198,94,104
106000288,89,183,-94
106000289,76,85,-9
106000290,77,138,-61
106000291,89,104,-15
106000292,113,129,-16
106000293,111,88,23
106000294,136,169,-33
106000295,38,43,-5
106000296,29,121,-92
106000297,67,272,-205
106000298,147,51,96
106000299,70,156,-86
106000300,53,86,-33
106000301,107,114,-7
106000303,34,50,-16
106000304,32,42,-10
106000305,49,51,-2
106000306,29,61,-32
106000307,27,30,-3
106000308,20,122,-102
106000309,15,60,-45
106000310,292,580,-288
106000311,327,188,139
106000312,71,152,-81
106000313,191,236,-45
106000318,165,377,-212
106000319,1021,200,821
106000320,1,38,-37
106000321,344,99,245
106000322,136,206,-70
106000324,16,160,-144
106000325,1368,923,445
106000326,956,1673,-717
106000327,138,156,-18
106000328,11,101,-90
106000329,63,281,-218
106000330,37,49,-12
106000428,77,206,-129
106000429,151,454,-303
106000430,390,1336,-946
106000431,1910,429,1481
106000432,2038,3104,-1066
106000433,1980,1319,661
106000434,2721,1360,1361
106000435,1699,2632,-933
106000436,15,256,-241
106000437,226,17,209
106000438,340,149,191
106000439,68,355,-287
106000440,245,461,-216
106000441,3,0,3
106000442,167,6,161
106000443,120,403,-283
106000450,6,188,-182
106000451,25,56,-31
106000454,3,287,-284
106000455,13,185,-172
106000456,106,64,42
106000457,11,951,-940
106000458,729,113,616
106000459,426,388,38
106000460,1469,42,1427
106000461,113,1086,-973
106000462,0,65,-65
106000463,10,17,-7
106000464,6,421,-415
106000465,579,2,577
106000466,12,583,-571
106000467,478,573,-95
106000468,67,174,-107
106000469,189,2,187
106000470,244,1710,-1466
106000471,30,497,-467
106000472,119,16,103
106000473,47,26,21
106000474,442,601,-159
106000475,371,216,155
106000476,200,219,-19
106000477,40,145,-105
106000480,2,485,-483
106900001,0,12,-12
106900002,3,499,-496
106900003,272,760,-488
106900004,1,54,-53
106900006,0,7,-7
106900007,0,11,-11
106900008,283,217,66
106900009,305,333,-28
106900010,190,233,-43
106900012,1640,1688,-48
106900013,445,126,319
106900014,37,1,36
106900015,31,1,30
106900016,274,12,262
106900017,12,0,12
106900018,2,0,2
106900019,29,1,28
106900020,2233,1271,962
106900021,82,62,20
106900022,700,2,698
106900023,41,275,-234
106900024,487,40,447
106900025,60,574,-514
106900026,6,658,-652
106900027,763,13,750
107000001,3706,2759,947
107000002,3414,4857,-1443
107000003,4299,5298,-999
107000004,4279,4627,-348
107000005,3524,4549,-1025
107000006,4457,4842,-385
107000007,4747,8596,-3849
107000008,10812,8736,2076
107000009,5979,6342,-363
107000010,10753,10141,612
107000011,1267,1272,-5
107000012,3887,3226,661
107000013,88,113,-25
107000014,53,273,-220
107000015,471,785,-314
107000016,636,901,-265
107000017,4131,855,3276
107000018,14,388,-374
107000020,2564,591,1973
107000021,1484,519,965
107000022,819,1035,-216
107000023,1768,300,1468
107000024,510,1353,-843
107000025,181,344,-163
107000026,202,498,-296
107000027,1102,989,113
107000028,1103,1501,-398
107000029,2909,2700,209
107000030,2979,3160,-181
107000031,3630,2332,1298
107000032,543,1049,-506
107000033,2889,4565,-1676
107000034,3106,1670,1436
107000035,302,216,86
107000036,414,1067,-653
107000037,96,750,-654
107000038,219,206,13
107000039,647,608,39
107000040,172,357,-185
107000041,1266,694,572
107000042,672,1827,-1155
107000043,2593,1074,1519
107000044,557,327,230
107000045,102,297,-195
107000046,732,352,380
107000047,433,775,-342
107000048,581,291,290
107000049,553,724,-171
107000050,1039,546,493
107000051,487,342,145
107000052,1065,917,148
107000053,299,230,69
107000054,95,335,-240
107000055,345,177,168
107000056,505,782,-277
107000057,1719,332,1387
107000058,2083,2030,53
107000059,2390,3154,-764
107000060,3408,4784,-1376
107000061,4604,3455,1149
107000062,3162,2800,362
107000063,3925,5182,-1257
107000064,3720,2083,1637
107000065,4047,4795,-748
107000066,1652,2327,-675
107000067,1006,1139,-133
107000068,1335,601,734
107000069,660,451,209
107000070,931,33,898
107000071,2514,58,2456
107000072,82,2769,-2687
107000073,619,319,300
107000074,154,933,-779
107000075,1362,443,919
107000076,682,1561,-879
107000077,3029,1279,1750
107000078,2791,3512,-721
107000079,2257,927,1330
107000080,1240,3165,-1925
107000081,1538,610,928
107000082,547,1857,-1310
107000083,988,339,649
107000084,397,1771,-1374
107000085,2750,3612,-862
107000086,3931,3443,488
107000087,2412,2106,306
107000088,3083,3764,-681
107000089,1299,1732,-433
107000090,891,1062,-171
107000091,1129,848,281
107000092,748,1145,-397
107000093,1075,757,318
107000094,988,1225,-237
107000095,747,700,47
107000096,516,947,-431
107000097,723,393,330
107000098,577,747,-170
107000099,378,334,44
107000100,287,221,66
107000101,69,215,-146
107000102,230,295,-65
107000103,283,194,89
107000104,213,358,-145
107000105,381,127,254
107000106,191,278,-87
107000107,608,232,376
107000108,197,655,-458
107000109,501,198,303
107000110,77,416,-339
107000111,279,64,215
107000112,80,291,-211
107000113,564,124,440
107000114,106,564,-458
107000115,378,144,234
107000116,140,796,-656
107000117,105,442,-337
107000118,103,234,-131
107000119,1398,1450,-52
107000120,1485,467,1018
107000121,639,691,-52
107000122,1119,936,183
107000123,315,715,-400
107000124,534,986,-452
107000125,714,686,28
107000126,827,882,-55
107000129,440,835,-395
107000130,848,219,629
107000131,326,536,-210
107000132,508,311,197
107000133,823,87,736
107000134,250,2,248
107000135,7,244,-237
107000136,610,10,600
107000137,23,341,-318
107000138,340,40,300
107000139,20,378,-358
107000140,1385,97,1288
107000141,134,687,-553
107000142,470,82,388
107000143,75,660,-585
107000144,580,398,182
107000145,126,489,-363
107000146,164,269,-105
107000147,3754,1143,2611
107000150,593,2455,-1862
107000151,45,92,-47
107000152,412,1033,-621
107000153,199,370,-171
107000154,343,268,75
107000155,777,18,759
107000156,969,32,937
107000157,36,1444,-1408
107000158,606,19,587
107000159,54,1080,-1026
107000160,869,143,726
107000161,87,1399,-1312
107000162,240,450,-210
107000163,212,1,211
107000164,649,2,647
107000165,764,7,757
107000166,51,1018,-967
107000167,474,255,219
107000168,840,518,322
107000169,784,863,-79
107000170,1641,719,922
107000171,581,1939,-1358
107000172,974,1238,-264
107000173,675,990,-315
107000174,827,4012,-3185
107000175,6468,1727,4741
107000176,0,4,-4
107000177,5,4,1
107000178,9,44,-35
107000179,230,2288,-2058
107000180,1141,255,886
107000181,380,1264,-884
107000182,1469,816,653
107000183,160,887,-727
107000184,868,641,227
107000185,420,1251,-831
107000186,876,340,536
107000187,1149,1219,-70
107000188,527,532,-5
107000189,406,926,-520
107000190,557,663,-106
107000191,781,1131,-350
107000192,1489,764,725
107000193,380,378,2
107000194,889,706,183
107000197,741,247,494
107000198,313,754,-441
107000199,513,742,-229
107000200,718,646,72
107000201,417,204,213
107000202,306,476,-170
107000203,1281,555,726
107000204,1633,612,1021
107000205,2167,971,1196
107000206,850,1007,-157
107000207,794,1026,-232
107000208,1010,386,624
107000209,1953,1127,826
107000210,781,356,425
107000211,10,47,-37
107000212,13,318,-305
107000213,8,29,-21
107000214,16,127,-111
107000215,324,423,-99
107000216,352,299,53
107000217,135,126,9
107000219,84,124,-40
107000220,222,225,-3
107000222,275,772,-497
107000224,316,67,249
107000225,137,470,-333
107000226,361,71,290
107000227,116,269,-153
107000228,53,193,-140
107000229,97,201,-104
107000230,1123,527,596
107000231,1684,1429,255
107000232,110,27,83
107000233,1443,758,685
107000234,2,48,-46
107000235,65,3,62
107000236,17,526,-509
107000237,29,1,28
107000238,38,2,36
107000239,3013,474,2539
107000240,69,815,-746
107000243,1,82,-81
107000244,6,44,-38
107000246,4,1015,-1011
107000249,3,1067,-1064
107000251,1,283,-282
107000252,1,957,-956
107000255,404,84,320
107000257,2,398,-396
107000258,0,127,-127
107000259,13,153,-140
107000260,659,2,657
107000262,12,581,-569
107000263,248,9,239
107000266,5,17,-12
107000267,68,143,-75
107000268,146,191,-45
107000269,631,32,599
107000270,1,12,-11
107000271,7,678,-671
107000272,17,155,-138
107000273,3,194,-191
107000274,1058,17,1041
107000275,452,731,-279
107000280,728,23,705
107000281,28,860,-832
107000282,18,901,-883
107000290,7,26,-19
107000291,16,13,3
107000292,4,50,-46
107000293,280,5,275
107000294,0,29,-29
107000295,29,0,29
107000296,0,10,-10
107000444,246,9,237
107000496,2,11,-9
107000497,1401,2647,-1246
107000500,287,315,-28
107000501,116,159,-43
107000502,235,304,-69
107000505,428,741,-313
107000506,1,30,-29
107000508,8,569,-561
107000509,227,792,-565
107000510,28,21,7
107000514,55,296,-241
107000515,7,229,-222
107000516,316,200,116
107000518,897,941,-44
107000519,2114,1035,1079
107000520,82,27,55
107000521,608,450,158
107000522,807,608,199
107900001,45,207,-162
107900002,43,8,35
107900003,328,20,308
107900004,10,1,9
107900005,1063,5,1058
107900006,113,4,109
107900007,315,48,267
107900008,59,18,41
107900009,100,8,92
107900010,22,1,21
107900012,256,29,227
107900013,183,64,119
107900014,15,2,13
107900015,847,11,836
107900016,404,101,303
107900017,23,3,20
107900018,46,118,-72
107900019,23,25,-2
107900020,83,25,58
107900021,63,166,-103
107900023,3,0,3
107900024,0,10,-10
107900025,193,313,-120
107900026,50,74,-24
107900027,75,71,4
107900028,73,100,-27
107900030,123,15,108
107900031,62,92,-30
107900032,21,0,21
107900033,9,10,-1
107900034,296,16,280
107900035,673,30,643
107900036,71,14,57
107900037,0,13,-13
107900038,117,193,-76
107900039,23,57,-34
107900040,36,66,-30
107900041,4,4,0
107900043,22,77,-55
107900044,11,12,-1
107900045,80,58,22
107900046,155,151,4
107900047,13,24,-11
107900048,147,10,137
107900049,296,1552,-1256
107900050,133,288,-155
107900051,77,62,15
107900052,44,19,25
107900053,50,92,-42
107900055,425,160,265
107900056,163,29,134
107900057,0,0,0
107900058,46,538,-492
107900060,63,26,37
107900061,14,10,4
107900063,80,114,-34
107900064,284,85,199
107900065,196,7,189
107900066,19,7,12
107900067,0,0,0
107900068,249,248,1
107900069,74,1583,-1509
107900070,109,51,58
107900071,27,648,-621
107900072,67,180,-113
107900073,117,75,42
107900074,878,247,631
107900076,92,42,50
107900077,48,0,48
107900079,7,14,-7
107900080,295,255,40
107900081,36,133,-97
107900082,17,16,1
107900083,309,125,184
107900084,59,75,-16
107900086,58,101,-43
107900087,638,142,496
107900088,37,7,30
107900089,255,893,-638
107900090,520,1926,-1406
107900091,224,383,-159
107900093,89,56,33
107900095,3241,2297,944
107900097,13,55,-42
107900098,42,127,-85
107900100,1003,1136,-133
107900101,1031,239,792
107900102,50,6,44
107900103,39,194,-155
107900104,172,13,159
107900105,0,405,-405
107900106,2,1037,-1035
107900107,749,424,325
107900108,346,140,206
107900109,1142,17,1125
107900110,54,96,-42
107900111,9,798,-789
107900112,190,359,-169
107900113,215,85,130
107900114,125,162,-37
107900115,1,52,-51
107900116,151,173,-22
107900117,308,326,-18
107900118,62,174,-112
107900119,77,314,-237
107900120,45,35,10
107900121,3,127,-124
107900122,4,42,-38
107900123,6,43,-37
107900124,44,37,7
107900125,21,147,-126
107900126,4,50,-46
107900127,366,332,34
107900128,120,64,56
107900129,59,21,38
107900130,64,30,34
107900131,691,229,462
107900132,131,363,-232
107900133,0,71,-71
107900134,25,100,-75
107900135,17,156,-139
107900136,30,25,5
107900137,220,101,119
107900138,47,43,4
107900139,36,44,-8
107900141,52,46,6
107900142,75,784,-709
107900143,50,26,24
107900144,2,125,-123
107900145,11,64,-53
107900146,71,110,-39
107900147,40,37,3
107900148,161,125,36
107900149,846,224,622
107900150,125,669,-544
107900151,19,112,-93
107900152,2,164,-162
107900153,143,313,-170
107900154,88,42,46
107900155,66,55,11
107900156,2,324,-322
107900157,25,67,-42
107900158,645,19,626
107900159,26,731,-705
107900160,124,145,-21
107900161,19,177,-158
107900162,0,37,-37
107900163,95,22,73
107900164,9,38,-29
107900165,28,84,-56
107900166,8,201,-193
107900167,24,30,-6
107900168,27,41,-14
107900169,0,141,-141
107900171,8,1292,-1284
107900172,0,333,-333
107900173,15,180,-165
107900174,88,4,84
107900175,37,26,11
107900176,24,40,-16
107900177,0,35,-35
107900178,0,180,-180
107900179,25,144,-119
107900180,629,406,223
107900181,245,284,-39
107900182,7,1159,-1152
107900183,47,286,-239
107900184,80,205,-125
107900185,102,6,96
107900186,17,65,-48
107900187,1,86,-85
107900188,647,113,534
107900189,23,92,-69
107900190,105,119,-14
107900191,58,104,-46
107900193,8,28,-20
107900194,186,15,171
107900195,2596,436,2160
107900196,46,90,-44
107900197,837,352,485
107900199,4,1159,-1155
107900201,49,119,-70
107900203,50,77,-27
107900204,186,189,-3
107900206,891,158,733
107900207,2,567,-565
107900208,8,565,-557
107900209,387,93,294
107900210,99,117,-18
107900213,387,351,36
107900214,11,135,-124
107900215,167,282,-115
107900216,157,61,96
107900217,23,105,-82
107900218,11,1294,-1283
107900219,38,109,-71
107900220,237,227,10
107900221,158,206,-48
107900223,52,552,-500
107900224,105,311,-206
107900225,5,632,-627
107900226,99,90,9
107900227,111,418,-307
107900228,18,74,-56
107900229,1,245,-244
107900230,24,126,-102
107900231,7,239,-232
107900232,97,186,-89
107900233,6,163,-157
107900234,71,120,-49
107900235,21,100,-79
107900236,86,83,3
107900237,106,324,-218
107900238,13,113,-100
107900239,916,427,489
107900240,25,167,-142
107900241,11,96,-85
107900242,38,269,-231
107900243,3,85,-82
107900244,310,2,308
107900245,540,40,500
107900246,199,9,190
107900248,196,434,-238
107900249,555,15,540
107900250,2,447,-445
107900251,125,1253,-1128
107900252,865,23,842
107900253,112,2,110
107900254,75,579,-504
107900255,267,96,171
107900256,1903,491,1412
107900257,148,143,5
107900258,92,195,-103
107900259,102,1526,-1424
107900261,5,359,-354
107900262,57,142,-85
107900264,288,12,276
107900265,119,121,-2
107900267,229,20,209
107900268,12,3,9
107900269,0,4,-4
107900270,0,1,-1
107900271,4,9,-5
107900272,57,8,49
107900273,40,83,-43
107900274,81,0,81
107900275,28,0,28
107900276,0,88,-88
107900277,1,176,-175
107900278,220,359,-139
107900279,127,172,-45
107900280,1567,2065,-498
107900281,1660,2112,-452
107900282,60,273,-213
107900283,1024,444,580
107900284,468,654,-186
107900285,122,86,36
107900286,177,108,69
107900287,154,176,-22
107900290,4,93,-89
107900291,373,21,352
107900292,85,210,-125
107900293,65,437,-372
107900295,67,55,12
107900297,3,233,-230
107900298,709,678,31
107900299,2618,1773,845
107900301,495,426,69
107900302,85,77,8
107900303,167,352,-185
107900304,183,432,-249
107900305,235,15,220
107900306,14,23,-9
107900307,42,213,-171
107900308,138,64,74
107900309,176,0,176
107900310,268,1,267
107900311,6,155,-149
107900312,76,1,75
107900313,3,91,-88
107900314,0,47,-47
107900315,0,39,-39
107900316,48,3,45
107900317,176,7,169
107900318,7,133,-126
107900319,4,127,-123
107900320,0,117,-117
107900321,108,2,106
107900322,2,134,-132
107900323,4,120,-116
107900324,128,1,127
107900325,93,0,93
107900326,335,350,-15
107900327,5,43,-38
107900328,117,0,117
107900329,174,99,75
107900330,6,329,-323
107900331,167,26,141
107900332,183,28,155
107900333,54,17,37
107900334,8,149,-141
107900335,56,30,26
107900336,38,49,-11
107900337,1075,716,359
107900338,2,109,-107
107900339,2,21,-19
107900340,1,54,-53
107900341,60,0,60
107900342,96,113,-17
107900343,148,2,146
107900344,7,55,-48
107900345,92,21,71
107900346,17,3,14
107900347,30,0,30
107900348,5,2,3
107900349,8,6,2
107900350,27,250,-223
107900351,3,126,-123
107900352,2,26,-24
107900353,24,10,14
107900354,10,44,-34
108000001,2737,3321,-584
108000002,2048,2896,-848
108000003,2963,2996,-33
108000004,13570,16184,-2614
108000005,7482,5599,1883
108000006,8967,8297,670
108000007,4502,3974,528
108000008,4612,6675,-2063
108000009,2876,4004,-1128
108000010,2811,4758,-1947
108000011,10131,10310,-179
108000012,17414,15916,1498
108000014,1043,711,332
108000015,728,263,465
108000016,317,726,-409
108000017,942,373,569
108000018,1416,565,851
108000019,2008,762,1246
108000020,1227,492,735
108000021,378,1718,-1340
108000022,393,1394,-1001
108000023,1137,213,924
108000024,320,543,-223
108000025,274,252,22
108000026,735,543,192
108000027,732,734,-2
108000028,751,281,470
108000029,563,845,-282
108000030,483,265,218
108000031,230,671,-441
108000032,1324,653,671
108000033,700,1217,-517
108000034,1317,504,813
108000035,809,2386,-1577
108000036,375,1124,-749
108000037,1398,412,986
108000038,2106,514,1592
108000039,581,2191,-1610
108000040,1547,730,817
108000041,698,2448,-1750
108000042,288,244,44
108000043,197,321,-124
108000044,368,204,164
108000045,251,683,-432
108000046,1229,352,877
108000047,439,1095,-656
108000048,152,420,-268
108000049,690,255,435
108000050,133,661,-528
108000051,351,151,200
108000052,231,701,-470
108000053,396,177,219
108000054,477,1048,-571
108000055,920,505,415
108000056,1311,1370,-59
108000057,636,1136,-500
108000058,1809,3341,-1532
108000059,3568,2135,1433
108000060,234,566,-332
108000061,342,569,-227
108000062,695,548,147
108000063,336,531,-195
108000064,201,239,-38
108000065,485,495,-10
108000066,1427,774,653
108000067,1475,474,1001
108000068,542,325,217
108000069,257,1037,-780
108000070,1525,724,801
108000071,580,1633,-1053
108000072,1410,1116,294
108000073,1437,1899,-462
108000074,471,377,94
108000075,336,1032,-696
108000076,663,525,138
108000077,593,769,-176
108000078,1882,1231,651
108000079,1114,1884,-770
108000080,1024,475,549
108000081,633,1725,-1092
108000082,911,1841,-930
108000083,1587,965,622
108000084,405,1131,-726
108000085,636,443,193
108000086,840,776,64
108000087,132,1759,-1627
108000088,615,187,428
108000089,351,349,2
108000091,216,422,-206
108000092,171,98,73
108000093,175,617,-442
108000094,564,93,471
108000095,156,363,-207
108000096,284,157,127
108000097,120,431,-311
108000098,1402,1303,99
108000099,885,241,644
108000100,135,367,-232
108000101,928,1218,-290
108000102,1489,3010,-1521
108000106,876,2,874
108000107,0,796,-796
108000108,780,41,739
108000109,20,758,-738
108000110,187,335,-148
108000111,190,586,-396
108000112,62,101,-39
108000113,511,242,269
108000115,332,308,24
108000117,698,343,355
108000118,559,1443,-884
108000119,711,444,267
108000120,179,680,-501
108000121,182,501,-319
108000122,490,326,164
108000123,817,212,605
108000124,568,493,75
108000125,436,303,133
108000126,317,508,-191
108000127,478,317,161
108000128,701,615,86
108000129,473,1219,-746
108000130,437,250,187
108000131,805,543,262
108000132,2096,1543,553
108000133,757,511,246
108000134,541,634,-93
108000135,996,499,497
108000136,474,1032,-558
108000137,428,301,127
108000138,365,925,-560
108000139,449,315,134
108000140,129,22,107
108000141,27,89,-62
108000142,79,72,7
108000143,34,470,-436
108000144,295,64,231
108000145,26,25,1
108000146,433,90,343
108000147,37,37,0
108000148,418,104,314
108000149,16,30,-14
108000150,35,12,23
108000151,295,71,224
108000152,153,507,-354
108000153,438,131,307
108000154,56,14,42
108000155,43,28,15
108000156,710,573,137
108000157,132,732,-600
108000158,88,709,-621
108000159,596,195,401
108000160,3376,1130,2246
108000161,2538,2424,114
108000165,6,145,-139
108000172,10,293,-283
108000173,1986,1865,121
108000175,429,111,318
108000178,393,324,69
108000179,172,713,-541
108000181,51,68,-17
108000182,328,99,229
108000183,84,353,-269
108000184,1053,1882,-829
108000185,202,551,-349
108000186,308,486,-178
108000187,160,629,-469
108000188,539,254,285
108000189,2091,6138,-4047
108000190,50,124,-74
108000192,213,523,-310
108000193,594,40,554
108000194,47,14,33
108000195,5,1026,-1021
108000196,185,164,21
108000198,712,388,324
108000199,0,163,-163
108000200,340,508,-168
108000203,130,700,-570
108000204,153,48,105
108000205,331,477,-146
108000339,1255,398,857
108000364,337,742,-405
108000365,69,280,-211
108000367,188,331,-143
108000368,5,76,-71
108000369,1145,235,910
108000371,14,654,-640
108000372,626,15,611
108000373,164,132,32
108000376,49,37,12
108000377,346,331,15
108000378,8136,9040,-904
108000379,26,211,-185
108000381,48,18,30
108000382,158,0,158
108000383,0,202,-202
108900001,107,1002,-895
108900002,163,58,105
108900003,297,735,-438
108900004,1309,437,872
108900007,178,170,8
108900008,83,174,-91
108900009,53,98,-45
108900010,174,169,5
108900011,412,433,-21
108900012,248,378,-130
108900013,150,226,-76
108900014,7,107,-100
108900015,0,61,-61
108900016,0,281,-281
108900017,211,307,-96
108900018,110,409,-299
108900019,41,769,-728
108900020,33,222,-189
108900021,105,202,-97
108900022,69,4,65
108900023,4,28,-24
108900024,26,131,-105
108900025,103,120,-17
108900026,29,99,-70
108900027,0,98,-98
108900028,85,326,-241
108900029,57,231,-174
108900030,0,95,-95
108900031,135,465,-330
108900032,9,215,-206
108900033,0,59,-59
108900034,0,224,-224
108900035,264,1370,-1106
108900038,0,312,-312
108900039,3,458,-455
108900040,4,116,-112
108900041,4649,2749,1900
108900042,4,333,-329
108900043,71,431,-360
108900044,2,537,-535
108900045,55,571,-516
108900046,55,691,-636
108900047,0,134,-134
108900048,132,892,-760
108900049,3522,1103,2419
108900050,0,241,-241
108900051,2,231,-229
108900052,36,198,-162
108900053,98,158,-60
108900054,62,206,-144
108900055,51,316,-265
108900056,0,159,-159
108900057,0,144,-144
108900058,38,339,-301
108900059,363,29,334
108900060,60,152,-92
108900061,122,50,72
108900062,6,270,-264
108900063,10,300,-290
108900064,185,72,113
108900065,12,264,-252
108900066,323,110,213
108900067,17,178,-161
108900068,5,171,-166
108900069,42,91,-49
108900070,29,122,-93
108900071,47,62,-15
108900072,1849,490,1359
108900073,23,338,-315
108900074,161,432,-271
108900075,78,50,28
108900076,193,87,106
108900077,143,443,-300
108900078,15,136,-121
108900079,995,260,735
108900080,27,630,-603
108900081,51,251,-200
108900082,53,96,-43
108900083,21,254,-233
108900085,2129,182,1947
108900086,101,231,-130
108900087,130,202,-72
108900088,944,356,588
108900089,20,148,-128
108900090,49,311,-262
108900091,134,102,32
108900092,396,359,37
108900093,90,78,12
108900094,186,81,105
108900095,42,314,-272
108900096,355,15,340
108900097,258,200,58
108900098,2354,531,1823
108900099,375,231,144
108900100,63,140,-77
108900101,155,125,30
108900102,115,692,-577
108900103,84,91,-7
108900105,9,1095,-1086
108900106,371,355,16
108900108,340,43,297
108900109,309,47,262
108900110,179,401,-222
108900111,405,567,-162
108900113,51,81,-30
108900114,59,7,52
108900115,54,69,-15
108900116,45,14,31
108900117,148,13,135
108900118,438,14,424
108900119,267,33,234
108900120,225,124,101
108900121,232,119,113
108900122,121,32,89
108900123,106,138,-32
108900124,383,207,176
108900125,298,11,287
108900126,101,16,85
108900127,110,16,94
108900128,94,43,51
108900129,612,150,462
108900130,326,0,326
108900131,343,5,338
108900132,434,55,379
108900133,230,41,189
108900134,268,270,-2
108900135,136,7,129
108900136,51,0,51
108900137,130,4,126
108900138,634,55,579
108900140,252,232,20
108900141,255,13,242
108900142,98,6,92
108900143,36,0,36
108900144,59,1,58
108900145,142,15,127
108900146,44,0,44
108900147,161,0,161
108900148,84,42,42
108900150,242,10,232
108900151,189,6,183
108900152,152,14,138
108900153,190,401,-211
108900154,3956,556,3400
108900156,55,5,50
108900157,24,495,-471
108900158,334,28,306
108900159,5,288,-283
108900160,15,270,-255
108900161,4,423,-419
108900162,97,1,96
108900163,10,219,-209
108900164,56,85,-29
108900168,7736,2243,5493
108900169,70,132,-62
108900171,5658,2239,3419
108900172,154,63,91
108900173,185,361,-176
108900174,665,549,116
108900176,101,476,-375
108900177,5455,3986,1469
108900178,3840,2626,1214
108900180,86,213,-127
108900183,186,170,16
108900184,395,166,229
108900185,75,254,-179
108900186,44,327,-283
108900189,264,147,117
108900190,58,2654,-2596
108900192,86,209,-123
108900195,93,300,-207
108900196,32,358,-326
108900199,268,370,-102
108900200,478,290,188
108900201,483,1300,-817
108900203,394,58,336
108900204,331,24,307
108900205,139,22,117
108900206,352,47,305
108900207,176,73,103
108900208,27,345,-318
108900209,298,514,-216
108900210,190,198,-8
108900211,158,379,-221
108900212,789,1202,-413
108900215,83,499,-416
108900216,509,180,329
108900217,110,0,110
108900218,116,8,108
108900221,39,121,-82
108900224,31,173,-142
108900225,4,213,-209
108900227,111,201,-90
108900230,246,236,10
108900232,1,238,-237
108900233,290,82,208
108900234,270,158,112
108900235,183,550,-367
108900236,32,304,-272
108900240,132,95,37
108900241,22,25,-3
108900245,7,1164,-1157
108900250,204,133,71
108900258,1,192,-191
108900259,56,91,-35
108900260,7,104,-97
108900261,73,136,-63
108900262,133,131,2
108900263,23,155,-132
108900264,596,274,322
108900265,901,279,622
108900266,933,555,378
108900267,2,87,-85
108900268,15,4,11
108900269,58,17,41
108900270,72,5,67
108900271,30,12,18
108900272,192,7,185
108900273,932,719,213
108900274,65,68,-3
109000001,2827,1260,1567
109000002,1656,1440,216
109000003,2239,528,1711
109000004,487,2228,-1741
109000005,2153,744,1409
109000006,792,2101,-1309
109000007,1283,622,661
109000008,468,1757,-1289
109000009,3040,1210,1830
109000010,1346,3822,-2476
109000011,2790,1667,1123
109000012,1620,3435,-1815
109000013,2843,2494,349
109000014,1799,3173,-1374
109000015,3240,6009,-2769
109000016,6983,4012,2971
109000017,1917,1087,830
109000018,818,2997,-2179
109000019,2335,1311,1024
109000020,1105,1960,-855
109000023,260,25,235
109000024,7,196,-189
109000025,352,436,-84
109000026,700,333,367
109000027,81,355,-274
109000028,142,75,67
109000029,114,176,-62
109000030,69,494,-425
109000031,171,167,4
109000032,112,441,-329
109000033,348,160,188
109000034,61,44,17
109000035,20,66,-46
109000036,147,366,-219
109000037,200,1008,-808
109000038,595,467,128
109000039,803,556,247
109000040,4145,6486,-2341
109000041,3831,1729,2102
109000042,699,1280,-581
109000044,382,86,296
109000045,96,368,-272
109000046,225,94,131
109000047,113,396,-283
109000048,779,200,579
109000049,285,551,-266
109000050,371,281,90
109000051,319,276,43
109000052,442,1080,-638
109000053,212,87,125
109000054,230,574,-344
109000055,294,279,15
109000056,351,456,-105
109000057,603,363,240
109000058,929,323,606
109000059,1032,1324,-292
109000060,430,358,72
109000061,1102,861,241
109000062,146,326,-180
109000063,192,189,3
109000064,266,165,101
109000065,123,247,-124
109000066,356,107,249
109000067,58,344,-286
109000068,2007,4,2003
109000069,933,32,901
109000070,13,1169,-1156
109000071,285,81,204
109000072,106,314,-208
109000073,50,105,-55
109000074,38,229,-191
109000075,91,338,-247
109000076,136,252,-116
109000077,408,272,136
109000078,85,172,-87
109000079,156,193,-37
109000080,139,142,-3
109000081,116,471,-355
109000082,589,257,332
109000083,268,781,-513
109000088,110,496,-386
109000089,253,76,177
109000090,175,461,-286
109000091,261,167,94
109000092,317,482,-165
109000093,206,231,-25
109000094,430,0,430
109000095,117,503,-386
109000096,548,242,306
109000097,115,189,-74
109000098,53,141,-88
109000099,758,267,491
109000100,240,669,-429
109000101,1230,662,568
109000102,287,736,-449
109000103,428,695,-267
109000104,1361,561,800
109000105,439,1247,-808
109000106,1586,733,853
109000107,651,2113,-1462
109000108,1480,535,945
109000109,386,1805,-1419
109000110,1107,558,549
109000111,909,1959,-1050
109000112,434,163,271
109000113,374,194,180
109000114,193,421,-228
109000115,1056,104,952
109000116,18,311,-293
109000117,182,87,95
109000118,8,303,-295
109000119,1036,301,735
109000120,188,833,-645
109000121,411,75,336
109000122,128,830,-702
109000123,52,72,-20
109000124,569,440,129
109000125,912,400,512
109000126,474,752,-278
109000127,683,221,462
109000128,527,1521,-994
109000129,1701,735,966
109000130,675,2345,-1670
109000131,757,593,164
109000132,786,2073,-1287
109000133,407,1051,-644
109000134,700,1383,-683
109000135,1159,1610,-451
109000136,342,249,93
109000137,302,341,-39
109000138,526,329,197
109000139,430,429,1
109000140,264,405,-141
109000141,455,453,2
109000142,128,553,-425
109000143,91,97,-6
109000145,132,443,-311
109000146,115,137,-22
109000148,3031,1869,1162
109000149,29,51,-22
109000150,216,216,0
109000155,684,603,81
109000156,1001,658,343
109000158,181,254,-73
109000159,111,481,-370
109000160,885,234,651
109000161,310,970,-660
109000162,1526,730,796
109000163,911,1712,-801
109000164,1126,2623,-1497
109000165,1064,587,477
109000166,595,147,448
109000167,117,596,-479
109000170,51,58,-7
109000171,123,86,37
109000172,46,72,-26
109000173,38,95,-57
109000174,113,79,34
109000175,47,89,-42
109000176,271,258,13
109000177,26,103,-77
109000178,576,468,108
109000179,5055,4336,719
109000180,4248,2970,1278
109000181,11,24,-13
109000182,24,38,-14
109000183,42,28,14
109000184,45,22,23
109000185,26,47,-21
109000188,962,1974,-1012
109000189,3896,937,2959
109000190,1037,443,594
109000191,431,453,-22
109000192,372,207,165
109000193,146,398,-252
109000194,252,112,140
109000195,113,366,-253
109000196,282,143,139
109000197,123,410,-287
109000198,363,80,283
109000199,100,409,-309
109000206,177,42,135
109000207,122,38,84
109000208,101,83,18
109000209,174,145,29
109000210,239,589,-350
109000211,472,533,-61
109000214,437,389,48
109000215,174,110,64
109000216,204,197,7
109000217,319,139,180
109000218,583,196,387
109000221,615,1154,-539
109000222,991,271,720
109000223,295,286,9
109000224,61,199,-138
109000225,90,46,44
109000226,60,248,-188
109000227,872,1095,-223
109000228,1,717,-716
109000231,2,308,-306
109000232,334,357,-23
109000236,230,846,-616
109000241,2004,2251,-247
109000242,1742,1535,207
109000293,34,55,-21
109000361,232,309,-77
109000364,192,520,-328
109000396,2,554,-552
109000397,465,9,456
109000399,182,511,-329
109000400,100,279,-179
109000403,129,696,-567
109000406,588,119,469
109000407,364,249,115
109000408,2,541,-539
109000410,898,222,676
109000411,158,28,130
109900001,113,2,111
109900002,834,18,816
109900003,222,0,222
109900004,1011,140,871
109900005,37,1,36
109900006,338,231,107
109900007,638,652,-14
109900008,0,56,-56
109900009,100,504,-404
109900010,509,30,479
109900011,94,36,58
109900012,286,187,99
109900013,355,175,180
109900014,394,56,338
109900015,477,259,218
109900016,118,32,86
109900017,160,222,-62
109900018,226,84,142
109900019,355,68,287
109900020,47,60,-13
109900021,21,19,2
109900022,126,228,-102
109900023,13,7,6
109900024,35,6,29
109900025,11,81,-70
109900026,7,164,-157
109900027,48,57,-9
109900028,1646,875,771
109900029,3,319,-316
109900030,32,13,19
109900031,1,110,-109
109900032,15,300,-285
109900033,2,434,-432
109900034,26,2,24
109900035,16,27,-11
109900036,52,79,-27
109900037,26,412,-386
109900038,48,220,-172
109900039,13,2,11
109900040,26,620,-594
109900041,61,345,-284
109900042,54,377,-323
109900044,214,232,-18
109900045,289,116,173
109900046,112,91,21
109900047,371,358,13
109900048,5,95,-90
109900049,13,27,-14
109900050,0,183,-183
109900051,0,56,-56
109900052,91,403,-312
109900053,6,356,-350
109900054,490,198,292
109900055,65,285,-220
109900056,37,220,-183
109900057,5,195,-190
109900058,1,101,-100
109900059,518,96,422
109900060,399,141,258
109900061,38,256,-218
109900062,0,182,-182
109900063,1,390,-389
109900064,464,279,185
109900065,108,119,-11
109900066,298,813,-515
109900067,0,265,-265
109900068,45,3,42
109900069,7,43,-36
109900070,41,269,-228
109900071,2,46,-44
109900072,44,145,-101
109900073,285,558,-273
109900074,9,44,-35
109900075,29,27,2
109900076,38,452,-414
109900077,53,61,-8
109900078,98,205,-107
109900080,144,290,-146
109900081,24,167,-143
109900082,34,335,-301
109900083,28,74,-46
109900084,75,205,-130
109900085,249,634,-385
109900086,137,416,-279
109900087,395,479,-84
109900089,561,198,363
109900090,503,971,-468
109900091,309,70,239
109900092,840,22,818
109900093,786,144,642
109900094,96,86,10
109900095,171,176,-5
109900096,29,4,25
109900097,79,2,77
109900098,327,29,298
109900099,129,0,129
109900100,42,1,41
109900101,334,6,328
109900102,389,24,365
109900103,30,46,-16
109900104,473,824,-351
109900105,423,27,396
109900106,345,57,288
109900107,389,71,318
109900108,115,276,-161
109900109,47,120,-73
109900110,105,366,-261
109900111,327,800,-473
109900112,365,559,-194
109900113,622,426,196
109900114,930,503,427
109900115,191,85,106
109900117,857,148,709
109900118,223,420,-197
109900119,632,291,341
109900120,71,49,22
109900121,380,530,-150
109900122,347,3,344
109900123,12,166,-154
109900124,34,559,-525
109900125,3,145,-142
109900126,250,121,129
109900128,223,32,191
109900130,6704,2073,4631
109900131,56,175,-119
109900132,58,192,-134
109900133,99,292,-193
109900134,97,98,-1
109900135,348,83,265
109900136,85,152,-67
109900137,112,288,-176
109900140,186,203,-17
109900142,1021,275,746
109900145,7,434,-427
109900146,442,22,420
109900148,47,99,-52
109900149,39,69,-30
109900150,9,104,-95
109900151,3,55,-52
109900152,2,45,-43
109900153,0,60,-60
109900154,92,1,91
109900155,57,20,37
109900157,55,242,-187
109900158,36,138,-102
109900159,151,43,108
109900160,128,60,68
109900161,176,78,98
109900162,150,127,23
109900163,606,236,370
109900164,66,251,-185
109900165,567,14,553
109900166,10,166,-156
109900167,154,456,-302
109900168,166,618,-452
109900169,202,167,35
109900170,406,613,-207
109900171,176,105,71
109900172,270,258,12
109900173,3014,2332,682
109900174,52,129,-77
109900175,99,94,5
109900176,132,204,-72
109900177,41,220,-179
109900178,5,87,-82
109900179,105,24,81
109900180,6,15,-9
110000001,960,575,385
110000002,708,724,-16
110000003,733,694,39
110000004,433,621,-188
110000005,402,1537,-1135
110000006,380,325,55
110000007,102,145,-43
110000008,25,54,-29
110000009,58,38,20
110000010,41,69,-28
110000011,42,88,-46
110000012,618,398,220
110000013,61,461,-400
110000014,727,422,305
110000015,275,692,-417
110000016,305,1368,-1063
110000017,2290,250,2040
110000018,2371,436,1935
110000019,5,103,-98
110000020,405,225,180
110000021,783,434,349
110000022,741,212,529
110000023,9,153,-144
110000024,710,342,368
110000025,358,13,345
110000026,13,321,-308
110000027,1222,399,823
110000028,918,876,42
110000029,490,750,-260
110000030,217,403,-186
110000031,285,489,-204
110000032,726,486,240
110000033,267,79,188
110000034,454,780,-326
110000035,756,573,183
110000036,1053,843,210
110000037,179,368,-189
110000038,226,638,-412
110000039,686,2441,-1755
110000040,255,298,-43
110000041,341,1123,-782
110000042,103,248,-145
110000043,778,312,466
110000044,90,129,-39
110000045,855,122,733
110000046,15,24,-9
110000047,123,19,104
110000048,10,12,-2
110000049,27,11,16
110000050,11,25,-14
110000051,59,10,49
110000052,41,37,4
110000053,76,3,73
110000054,365,193,172
110000055,606,39,567
110000056,143,70,73
110000057,357,598,-241
110000058,975,468,507
110000059,943,541,402
110000060,830,1046,-216
110000061,851,716,135
110000062,607,911,-304
110000063,28,136,-108
110000064,110,78,32
110000065,57,95,-38
110000066,81,67,14
110000067,93,273,-180
110000068,333,249,84
110000069,179,104,75
110000071,147,153,-6
110000073,13,32,-19
110000075,8,129,-121
110000076,315,377,-62
110000077,429,1140,-711
110000078,20,76,-56
110000080,300,651,-351
110000081,90,230,-140
110000082,64,315,-251
110000083,267,711,-444
110000084,1039,706,333
110000085,2036,1631,405
110000086,1428,1716,-288
110000087,23,35,-12
110000088,75,235,-160
110000089,233,116,117
110000090,125,243,-118
110000091,1209,341,868
110000092,30,62,-32
110000093,60,11,49
110000094,481,277,204
110000095,198,605,-407
110000096,2326,1844,482
110000097,912,1186,-274
110000098,1818,651,1167
110000099,875,1533,-658
110000100,740,450,290
110000101,45,403,-358
110000102,94,64,30
110000104,445,153,292
110000105,109,307,-198
110000106,615,416,199
110000107,359,408,-49
110000108,130,100,30
110000109,288,298,-10
110000110,3017,4075,-1058
110000111,5943,2858,3085
110000112,1386,1185,201
110000113,467,2060,-1593
110000114,163,623,-460
110000115,385,345,40
110000116,48,50,-2
110000117,171,320,-149
110000118,357,146,211
110000119,191,349,-158
110000120,334,152,182
110000121,106,424,-318
110000122,377,654,-277
110000123,492,662,-170
110000124,8,963,-955
110000125,951,8,943
110000126,258,36,222
110000127,1013,56,957
110000128,59,1278,-1219
110000129,13,674,-661
110000130,383,174,209
110000131,86,489,-403
110000132,8,763,-755
110000133,30,496,-466
110000134,20,362,-342
110000135,186,29,157
110000136,76,302,-226
110000137,475,529,-54
110000138,703,707,-4
110000139,674,1212,-538
110000140,903,592,311
110000143,600,446,154
110000144,5262,1525,3737
110000145,1851,716,1135
110000146,1515,627,888
110000147,398,515,-117
110000148,497,274,223
110000151,895,668,227
110000152,838,376,462
110000153,105,50,55
110000154,6,20,-14
110000155,1338,3389,-2051
110000156,1212,2150,-938
110000157,1573,1715,-142
110000160,431,337,94
110000161,194,361,-167
110000166,462,122,340
110000167,770,577,193
110000168,911,525,386
110000169,747,410,337
110000170,219,92,127
110000171,620,204,416
110000172,114,762,-648
110000173,1150,1233,-83
110000174,203,1007,-804
110000175,560,74,486
110000176,133,272,-139
110000177,137,836,-699
110000178,441,1434,-993
110000179,980,273,707
110000180,145,216,-71
110000181,345,479,-134
110000182,318,174,144
110000183,8669,5829,2840
110000184,424,2133,-1709
110000185,1063,573,490
110000186,635,786,-151
110000191,762,380,382
110000192,509,8,501
110000193,1238,12,1226
110000194,26,1126,-1100
110000195,389,314,75
110000196,344,413,-69
110000197,71,157,-86
110000198,130,91,39
110000199,80,106,-26
110000200,1217,495,722
110000201,1004,873,131
110000202,1139,645,494
110000203,842,702,140
110000204,5,262,-257
110000205,74,58,16
110000206,723,1354,-631
110000207,817,309,508
110000208,161,153,8
110000209,142,772,-630
110000210,916,559,357
110000211,657,691,-34
110000212,322,942,-620
110000213,190,89,101
110000214,242,111,131
110000215,179,429,-250
110000216,110,416,-306
110000217,259,197,62
110000218,122,331,-209
110000219,254,89,165
110000220,65,271,-206
110000221,303,84,219
110000222,73,221,-148
110000223,6,145,-139
110000224,80,8,72
110000225,279,680,-401
110000226,213,67,146
110000227,615,764,-149
110000228,270,418,-148
110000229,3,300,-297
110000230,425,564,-139
110000231,198,194,4
110000232,213,167,46
110000233,211,189,22
110000234,706,447,259
110000235,743,876,-133
110000236,544,767,-223
110000237,1647,1087,560
110000238,1180,1445,-265
110000239,1876,1183,693
110000240,2,76,-74
110000242,0,12,-12
110000243,99,164,-65
110000244,108,304,-196
110000245,50,343,-293
110000246,986,584,402
110000247,1208,4347,-3139
110000248,2092,1541,551
110000249,106,12,94
110000250,83,198,-115
110000251,299,585,-286
110000252,159,224,-65
110000253,1261,635,626
110000254,714,1152,-438
110000255,253,962,-709
110000256,479,295,184
110000257,617,406,211
110000258,11,423,-412
110000259,102,27,75
110000260,24,267,-243
110000263,608,147,461
110000264,290,402,-112
110000265,969,1703,-734
110000266,1800,2528,-728
110000267,26,163,-137
110000268,299,437,-138
110000269,1,72,-71
110000270,48,1,47
110000271,1371,260,1111
110000272,1051,843,208
110000273,3080,1368,1712
110000274,299,1319,-1020
110000275,2126,563,1563
110000276,309,301,8
110000277,493,434,59
110000278,353,783,-430
110000279,733,739,-6
110000280,494,426,68
110000281,35,285,-250
110000282,247,38,209
110000283,90,124,-34
110000284,84,61,23
110000285,9,396,-387
110000286,32,1,31
110000287,71,0,71
110000288,22,78,-56
110000289,442,1536,-1094
110000290,1075,684,391
110000291,4374,1384,2990
110000292,1379,3597,-2218
110000293,606,681,-75
110000294,814,1062,-248
110000295,136,738,-602
110000296,404,306,98
110000297,2422,349,2073
110000298,276,648,-372
110000299,477,91,386
110000301,294,28,266
110000302,401,1015,-614
110000303,332,10,322
110000304,167,288,-121
110000305,940,20,920
110000306,138,1219,-1081
110000307,1320,2,1318
110000308,311,7,304
110000309,7,734,-727
110000310,629,84,545
110000311,25,645,-620
110000312,514,78,436
110000313,2606,3494,-888
110000314,0,360,-360
110000315,2943,2246,697
110000316,518,1219,-701
110000317,562,311,251
110000318,8,80,-72
110000319,36,32,4
110000320,134,37,97
110000321,5,40,-35
110000322,336,372,-36
110000323,507,183,324
110000324,3039,1435,1604
110000325,2397,2668,-271
110000327,540,275,265
110000328,189,421,-232
110000333,1045,635,410
110000334,935,1345,-410
110000335,826,548,278
110000336,1019,1110,-91
110000337,1691,625,1066
110000338,451,240,211
110000339,396,222,174
110000340,137,149,-12
110000341,474,505,-31
110000342,451,6,445
110000343,0,16,-16
110000344,503,147,356
110000345,626,112,514
110000346,2547,1816,731
110000347,1054,802,252
110000348,34,20,14
110000349,6,29,-23
110000350,43,7,36
110000351,816,849,-33
110000352,601,1428,-827
110000353,2365,760,1605
110000354,1147,2577,-1430
110000355,93,124,-31
110000356,547,5,542
110000357,374,24,350
110000361,9,59,-50
110000362,32,28,4
110000363,324,133,191
110000364,174,315,-141
110000365,203,2,201
110000366,2,75,-73
110000367,289,147,142
110000368,4,41,-37
110000369,75,3,72
110000373,3,267,-264
110000374,216,28,188
110000375,131,970,-839
110000376,30,87,-57
110000377,55,383,-328
110000378,28,368,-340
110000379,2767,1873,894
110000380,82,18,64
110000383,2,1030,-1028
110000384,3081,1165,1916
110000385,1,141,-140
110000387,88,13,75
110000388,43,224,-181
110000389,639,29,610
110000391,701,287,414
110000396,134,141,-7
110000397,134,169,-35
110000398,5,42,-37
110000399,225,1,224
110000587,119,57,62
110000589,242,200,42
110000640,236,75,161
110000652,13,118,-105
110000653,313,427,-114
110000654,78,108,-30
110000656,0,596,-596
110000674,12,4,8
110000675,11,12,-1
110000676,3,39,-36
110000679,464,1050,-586
110000682,129,182,-53
110000683,373,574,-201
110000684,7,42,-35
110000685,1,15,-14
110000686,1,19,-18
110000687,28,1,27
110000688,64,806,-742
110000689,62,38,24
110000692,207,136,71
110000693,107,241,-134
110000694,1,165,-164
110000695,363,621,-258
110000696,109,72,37
110900001,262,14,248
110900002,440,189,251
110900003,607,590,17
110900004,438,196,242
110900005,2744,1851,893
110900006,65,12,53
110900007,113,23,90
110900008,35,80,-45
110900009,344,87,257
110900010,9,83,-74
110900011,13,86,-73
110900012,4,100,-96
110900013,855,202,653
110900014,322,21,301
110900015,544,474,70
110900016,47,148,-101
110900017,361,35,326
110900018,399,61,338
110900019,190,35,155
110900020,91,282,-191
110900021,79,486,-407
110900022,98,313,-215
110900023,80,470,-390
110900024,29,380,-351
110900025,4,70,-66
110900027,49,230,-181
110900028,46,134,-88
110900029,15,370,-355
110900030,54,235,-181
110900031,0,118,-118
110900032,1,91,-90
110900033,53,165,-112
110900035,30,517,-487
110900036,130,26,104
110900037,46,25,21
110900038,886,184,702
110900039,7,217,-210
110900040,170,62,108
110900041,7,129,-122
110900042,118,71,47
110900043,4,140,-136
110900044,207,17,190
110900045,71,417,-346
110900046,76,252,-176
110900047,494,271,223
110900049,70,62,8
110900050,28,5,23
110900051,48,181,-133
110900052,6,184,-178
110900053,79,52,27
110900054,30,164,-134
110900055,43,2,41
110900056,96,110,-14
110900057,7,153,-146
110900058,257,205,52
110900059,689,597,92
110900060,423,123,300
110900061,25,43,-18
110900062,114,254,-140
110900063,41,183,-142
110900064,10,0,10
110900065,368,157,211
110900066,2,71,-69
110900067,363,552,-189
110900068,178,219,-41
110900069,6,35,-29
110900070,110,62,48
110900071,305,442,-137
110900073,1,20,-19
110900074,286,80,206
110900075,295,94,201
110900077,736,616,120
110900078,32,56,-24
110900079,2556,1276,1280
110900080,120,69,51
110900081,7,63,-56
110900082,98,147,-49
110900083,126,52,74
110900084,40,119,-79
110900085,48,301,-253
110900086,65,269,-204
110900087,288,72,216
110900088,7,0,7
110900090,27,58,-31
110900091,3,56,-53
110900093,226,81,145
110900095,30,49,-19
110900097,21,33,-12
110900098,35,98,-63
110900099,40,389,-349
110900100,0,27,-27
110900102,114,21,93
110900105,478,272,206
110900108,17,61,-44
110900111,393,231,162
110900112,860,13,847
110900113,515,65,450
110900115,3,84,-81
110900116,578,1709,-1131
110900118,100,2293,-2193
110900119,3679,401,3278
110900120,8,54,-46
110900121,100,0,100
110900122,320,181,139
110900125,339,367,-28
110900127,637,1081,-444
110900128,448,417,31
110900129,360,708,-348
110900130,1278,539,739
110900131,175,29,146
110900132,287,61,226
110900133,77,227,-150
110900135,71,309,-238
110900136,279,8,271
110900138,0,0,0
110900139,86,1,85
110900140,0,0,0
110900141,552,149,403
110900142,55,199,-144
110900143,115,59,56
110900144,4,717,-713
110900145,207,32,175
110900146,285,106,179
110900147,114,291,-177
110900148,4,281,-277
110900149,1,87,-86
110900150,56,12,44
110900151,3,83,-80
110900152,51,269,-218
110900153,152,34,118
111000001,651,546,105
111000002,848,539,309
111000003,1218,761,457
111000004,612,1146,-534
111000005,1412,1140,272
111000006,945,1791,-846
111000007,3781,2792,989
111000008,2342,3319,-977
111000009,422,662,-240
111000010,720,250,470
111000011,420,893,-473
111000012,719,313,406
111000013,384,1216,-832
111000014,1275,630,645
111000017,108,846,-738
111000018,257,402,-145
111000020,999,2382,-1383
111000021,103,111,-8
111000023,139,107,32
111000025,4684,3740,944
111000029,109,86,23
111000030,44,98,-54
111000031,2010,1378,632
111000032,823,395,428
111000033,302,364,-62
111000034,310,261,49
111000037,1876,1305,571
111000038,3071,1992,1079
111000039,1964,2187,-223
111000040,1800,2567,-767
111000041,2121,1728,393
111000042,3724,2712,1012
111000043,1649,2784,-1135
111000044,1547,1178,369
111000045,1162,1273,-111
111000046,1379,1651,-272
111000047,2049,3496,-1447
111000049,548,486,62
111000050,1311,1223,88
111000051,595,1225,-630
111000052,754,1952,-1198
111000053,421,961,-540
111000054,267,1050,-783
111000055,1149,1883,-734
111000056,187,538,-351
111000057,81,635,-554
111000058,291,67,224
111000059,728,261,467
111000060,3523,849,2674
111000061,448,371,77
111000062,684,330,354
111000063,2016,935,1081
111000064,616,607,9
111000065,908,938,-30
111000066,362,426,-64
111000067,637,671,-34
111000068,653,1194,-541
111000069,1564,1971,-407
111000070,1451,1214,237
111000071,277,785,-508
111000072,1016,458,558
111000073,356,994,-638
111000074,1474,1539,-65
111000075,1021,714,307
111000076,508,701,-193
111000077,1229,1285,-56
111000078,2810,1738,1072
111000079,1403,859,544
111000080,516,702,-186
111000081,1641,4174,-2533
111000082,637,786,-149
111000084,671,481,190
111000085,1120,1621,-501
111000086,2587,1328,1259
111000087,625,701,-76
111000088,4937,2362,2575
111000089,700,907,-207
111000090,879,1601,-722
111000091,816,612,204
111000092,1064,1023,41
111000093,689,1097,-408
111000094,1985,1212,773
111000095,760,2242,-1482
111000096,2091,7034,-4943
111000097,4950,1852,3098
111000098,850,1359,-509
111000099,565,2082,-1517
111000100,360,1813,-1453
111000101,407,814,-407
111000102,213,443,-230
111000104,631,228,403
111000107,120,608,-488
111000109,531,288,243
111000110,1362,750,612
111000111,2107,517,1590
111000112,1650,525,1125
111000113,977,1546,-569
111000114,2331,3539,-1208
111000115,6242,1475,4767
111000116,905,1108,-203
111000117,456,958,-502
111000118,1646,943,703
111000119,994,1167,-173
111000120,412,657,-245
111000121,267,705,-438
111000122,662,1231,-569
111000123,1063,2999,-1936
111000124,483,2802,-2319
111000125,261,1474,-1213
111000126,104,974,-870
111000127,830,201,629
111000128,1562,316,1246
111000129,2379,416,1963
111000130,1625,732,893
111000131,1318,687,631
111000132,1173,729,444
111000133,187,197,-10
111000134,158,126,32
111000135,55,163,-108
111000136,328,333,-5
111000138,9,13,-4
111000140,2,11,-9
111000141,181,264,-83
111000142,21,83,-62
111000143,1,105,-104
111000144,43,249,-206
111000145,1375,18,1357
111000146,107,15,92
111000147,198,35,163
111000148,129,53,76
111000149,8,37,-29
111000150,81,17,64
111000151,2,34,-32
111000153,702,745,-43
111000154,815,227,588
111000155,73,167,-94
111000156,397,509,-112
111000157,241,823,-582
111000158,799,799,0
111000159,2344,728,1616
111000160,312,379,-67
111000161,5,266,-261
111000162,93,130,-37
111000163,709,669,40
111000164,764,2967,-2203
111000165,1197,592,605
111000166,2027,373,1654
111000167,203,504,-301
111000168,284,498,-214
111000169,331,679,-348
111000170,581,513,68
111000171,515,737,-222
111000172,182,507,-325
111000173,415,842,-427
111000174,161,383,-222
111000175,48,326,-278
111000176,328,162,166
111000177,296,229,67
111000178,1301,338,963
111000179,225,170,55
111000180,218,508,-290
111000181,1030,268,762
111000182,235,221,14
111000183,600,404,196
111000184,382,284,98
111000185,438,539,-101
111000186,454,322,132
111000187,111,230,-119
111000188,199,436,-237
111000189,1235,739,496
111000190,204,421,-217
111000191,181,357,-176
111000192,208,621,-413
111000193,374,315,59
111000194,59,342,-283
111000195,152,339,-187
111000196,50,223,-173
111000197,393,162,231
111000198,502,147,355
111000199,195,212,-17
111000200,329,361,-32
111000201,536,275,261
111000202,247,259,-12
111000203,283,284,-1
111000204,519,1047,-528
111000213,186,539,-353
111000214,1612,1543,69
111000215,1214,1359,-145
111000217,1257,1145,112
111000218,861,947,-86
111000219,867,666,201
111000220,1863,565,1298
111000221,884,115,769
111000224,89,315,-226
111000225,362,289,73
111000226,145,4,141
111000227,63,12,51
111000228,30,328,-298
111000229,47,674,-627
111000230,300,380,-80
111000231,899,1029,-130
111000232,700,1077,-377
111000233,710,739,-29
111000234,124,326,-202
111000239,135,191,-56
111000240,37,212,-175
111000241,30,316,-286
111000242,148,58,90
111000243,205,602,-397
111000244,555,113,442
111000245,1876,618,1258
111000246,540,418,122
111000247,244,1072,-828
111000248,609,514,95
111000249,430,765,-335
111000250,43,105,-62
111000251,48,132,-84
111000253,3,11,-8
111000255,29,4,25
111000257,32,22,10
111000260,61,925,-864
111000261,1049,95,954
111000271,66,362,-296
111000273,3302,1522,1780
111000274,1089,2125,-1036
111000275,163,85,78
111000276,308,2035,-1727
111000277,201,415,-214
111000278,617,274,343
111000291,882,4553,-3671
111000298,479,410,69
111000299,587,143,444
111000300,85,583,-498
111000302,231,155,76
111000303,93,237,-144
111000312,41,92,-51
111000315,21,137,-116
111000320,237,536,-299
111000321,344,148,196
111000322,398,594,-196
111000323,211,53,158
111000324,319,241,78
111000325,45,83,-38
111000326,403,446,-43
111000327,399,464,-65
111000328,483,818,-335
111000329,1,27,-26
111000330,53,9,44
111000331,17,10,7
111000332,1353,2428,-1075
111000334,356,1415,-1059
111000335,1016,233,783
111000337,1073,389,684
111000338,61,126,-65
111000339,452,340,112
111000340,119,514,-395
111000341,1102,579,523
111000342,348,579,-231
111000344,865,833,32
111000345,258,57,201
111000346,29,90,-61
111000347,117,6,111
111000350,210,140,70
111000351,131,251,-120
111000352,154,125,29
111000353,135,240,-105
111000354,499,136,363
111000355,391,503,-112
111000358,116,1238,-1122
111000360,138,708,-570
111000361,102,298,-196
111000546,679,529,150
111000547,328,475,-147
111000548,105,270,-165
111000549,293,350,-57
111000550,133,778,-645
111000551,744,184,560
111000552,3068,137,2931
111000907,452,9,443
111000908,14,2,12
111000916,1570,351,1219
111000917,55,432,-377
111000918,179,869,-690
111000920,478,26,452
111000921,9,271,-262
111000922,411,240,171
111000924,60,753,-693
111000925,2431,1957,474
111000926,1013,2438,-1425
111000927,2925,4180,-1255
111000928,4136,3943,193
111000929,1672,1132,540
111000930,939,2307,-1368
111000931,1642,2375,-733
111000932,3859,2412,1447
111000933,3325,2118,1207
111000934,2131,3293,-1162
111000935,1234,1147,87
111000936,1223,2146,-923
111000937,918,1481,-563
111000938,1360,1925,-565
111000939,631,58,573
111000940,381,168,213
111000941,297,448,-151
111000943,393,287,106
111000944,156,467,-311
111000945,119,1658,-1539
111001109,471,360,111
111001110,193,586,-393
111001111,76,8,68
111001112,165,3,162
111001113,4,237,-233
111001114,1239,134,1105
111001115,62,420,-358
111001116,5042,3125,1917
111001117,594,2404,-1810
111001120,135,299,-164
111001121,230,352,-122
111001122,244,558,-314
111001123,263,147,116
111001124,143,244,-101
111001125,0,100,-100
111001126,10,3,7
111001127,0,46,-46
111001128,863,945,-82
111900001,9,250,-241
111900002,5,665,-660
111900003,0,337,-337
111900004,42,135,-93
111900006,9,23,-14
111900007,77,6,71
111900008,133,0,133
111900009,93,2,91
111900010,411,544,-133
111900012,53,113,-60
111900013,16,49,-33
111900014,5804,3335,2469
111900015,1,88,-87
111900016,1,162,-161
111900017,1,107,-106
111900018,223,5,218
111900019,2,104,-102
111900020,6,48,-42
111900021,55,125,-70
111900022,6,82,-76
111900023,87,86,1
111900024,22,85,-63
111900025,0,26,-26
111900026,3,117,-114
111900027,4,142,-138
111900028,2,349,-347
111900029,9,75,-66
111900030,31,376,-345
111900031,1,17,-16
111900032,2,354,-352
111900033,4,88,-84
111900034,362,475,-113
111900035,199,265,-66
111900036,1,327,-326
111900038,354,573,-219
111900039,49,474,-425
111900040,5,543,-538
111900042,39,166,-127
111900043,5,388,-383
111900044,365,221,144
111900046,35,176,-141
111900048,179,746,-567
111900049,43,228,-185
111900050,102,20,82
111900051,4,211,-207
111900052,441,507,-66
111900053,1317,1173,144
111900054,115,6,109
111900055,15,417,-402
111900056,221,266,-45
111900057,97,76,21
111900058,286,588,-302
111900059,1810,471,1339
111900060,321,2,319
111900061,16,218,-202
111900062,36,78,-42
111900063,465,318,147
111900064,161,249,-88
111900065,47,36,11
111900066,126,141,-15
111900067,2,372,-370
111900068,54,54,0
111900069,65,27,38
111900070,135,145,-10
111900071,1,228,-227
111900072,32,10,22
111900073,615,125,490
111900074,16,159,-143
111900075,91,6,85
111900076,112,62,50
111900077,22,1,21
111900078,221,25,196
111900079,50,29,21
111900080,215,220,-5
111900082,127,21,106
111900083,138,23,115
111900084,103,7,96
111900085,39,127,-88
111900086,33,4,29
111900087,68,1,67
111900088,506,16,490
111900089,94,3,91
111900090,69,51,18
111900091,162,1,161
111900092,68,1,67
111900093,358,6,352
111900094,98,1,97
111900095,192,25,167
111900096,145,2,143
111900097,74,0,74
111900098,216,1,215
111900099,68,0,68
111900100,268,6,262
111900101,75,26,49
111900102,416,492,-76
111900103,60,73,-13
111900104,171,71,100
111900105,332,136,196
111900106,879,56,823
111900110,1759,432,1327
111900111,246,160,86
111900112,536,2121,-1585
111900113,296,99,197
111900118,297,91,206
111900119,262,149,113
111900122,145,99,46
111900123,35,37,-2
111900124,25,104,-79
111900125,484,20,464
111900126,257,2,255
111900127,2,728,-726
111900128,1,507,-506
111900129,324,79,245
111900130,185,12,173
111900131,500,1,499
111900132,16,997,-981
111900133,6,298,-292
111900134,8,217,-209
111900135,3,29,-26
111900136,68,130,-62
111900137,70,69,1
111900138,14,88,-74
111900139,18,134,-116
111900140,97,21,76
111900141,63,15,48
111900142,112,47,65
111900143,14,156,-142
111900144,0,74,-74
111900145,2,416,-414
111900146,6,201,-195
111900147,147,393,-246
111900148,24,596,-572
111900149,9,316,-307
111900150,13,194,-181
111900151,3,20,-17
111900152,64,89,-25
111900153,1519,422,1097
111900154,8,181,-173
111900155,31,72,-41
111900156,44,76,-32
111900157,82,28,54
111900158,474,29,445
111900159,211,12,199
111900160,215,0,215
111900161,110,3,107
111900162,51,213,-162
111900163,31,187,-156
111900164,74,69,5
111901113,361,175,186
111901114,464,300,164
111901115,68,2,66
111901116,42,6,36
111901117,34,40,-6
111901118,88,425,-337
111901119,857,88,769
111901121,236,252,-16
111901122,3,593,-590
111901123,134,365,-231
111901124,142,1,141
111901125,334,187,147
111901127,698,345,353
111901128,11,91,-80
111901129,7,141,-134
111901130,11,224,-213
111901131,2,281,-279
111901132,276,12,264
111901133,61,1,60
111901134,51,6,45
111901135,12,19,-7
111901136,0,29,-29
111901138,221,36,185
111901139,16,25,-9
111901140,8,96,-88
111901141,5,129,-124
111901142,7,114,-107
111901143,2,65,-63
111901144,49,53,-4
111901145,126,314,-188
111901146,488,31,457
111901147,655,185,470
111901148,19,57,-38
111901149,11,1,10
111901150,25,0,25
111901151,0,0,0
112000001,1489,773,716
112000002,729,2460,-1731
112000003,958,862,96
112000004,664,1120,-456
112000005,2581,2966,-385
112000006,2131,2001,130
112000007,2430,1765,665
112000008,2202,3628,-1426
112000009,3434,3670,-236
112000010,2556,2576,-20
112000011,1997,1818,179
112000012,4085,2648,1437
112000013,5849,2699,3150
112000014,3705,982,2723
112000015,5651,2706,2945
112000016,4327,918,3409
112000017,2704,1421,1283
112000024,2636,1077,1559
112000026,4714,5220,-506
112000027,882,593,289
112000028,1776,1579,197
112000029,430,562,-132
112000030,166,92,74
112000031,1523,3409,-1886
112000032,437,56,381
112000033,2392,1203,1189
112000034,424,55,369
112000035,92,238,-146
112000036,1229,569,660
112000037,1151,605,546
112000038,1240,582,658
112000039,51,101,-50
112000040,105,268,-163
112000041,285,300,-15
112000042,1075,406,669
112000050,1179,1550,-371
112000051,880,1085,-205
112000054,1510,1897,-387
112000057,404,355,49
112000058,387,550,-163
112000059,488,825,-337
112000061,2933,1942,991
112000062,1700,627,1073
112000063,1275,1407,-132
112000064,4150,5570,-1420
112000065,2332,2445,-113
112000066,3646,1329,2317
112000067,763,715,48
112000068,2716,2114,602
112000069,822,1756,-934
112000070,1681,834,847
112000071,1006,2365,-1359
112000072,1939,905,1034
112000073,1466,1853,-387
112000074,1392,982,410
112000075,1383,1058,325
112000076,3211,2710,501
112000077,530,601,-71
112000078,1475,612,863
112000079,1266,1336,-70
112000080,699,802,-103
112000081,1233,1515,-282
112000082,1224,923,301
112000083,622,1200,-578
112000084,1099,896,203
112000085,1179,1021,158
112000086,1584,1343,241
112000087,404,432,-28
112000088,918,624,294
112000089,366,589,-223
112000090,379,323,56
112000091,671,1249,-578
112000092,1477,902,575
112000093,1587,1139,448
112000094,640,899,-259
112000095,648,1046,-398
112000096,632,1170,-538
112000097,995,649,346
112000098,918,1175,-257
112000099,653,1207,-554
112000100,1497,937,560
112000101,571,1062,-491
112000102,926,616,310
112000103,358,1146,-788
112000105,732,1999,-1267
112000106,1462,546,916
112000107,84,247,-163
112000108,314,1718,-1404
112000109,197,157,40
112000110,1911,687,1224
112000111,1200,3017,-1817
112000112,3712,679,3033
112000113,796,1689,-893
112000114,2337,976,1361
112000115,373,492,-119
112000116,615,1048,-433
112000117,953,743,210
112000118,902,879,23
112000119,488,789,-301
112000120,68,369,-301
112000121,120,495,-375
112000122,225,181,44
112000123,606,197,409
112000124,377,85,292
112000125,162,220,-58
112000126,207,517,-310
112000127,2090,1778,312
112000128,911,547,364
112000129,160,137,23
112000130,191,58,133
112000131,44,379,-335
112000132,166,276,-110
112000133,312,202,110
112000134,406,359,47
112000135,1361,619,742
112000136,1369,1161,208
112000137,2017,1420,597
112000138,2227,1160,1067
112000139,965,498,467
112000140,1084,1164,-80
112000141,647,318,329
112000142,162,608,-446
112000143,888,240,648
112000144,282,1199,-917
112000145,2171,690,1481
112000146,600,2019,-1419
112000147,2300,1927,373
112000148,1960,2261,-301
112000149,391,623,-232
112000150,423,633,-210
112000151,400,382,18
112000152,338,460,-122
112000153,178,306,-128
112000154,142,248,-106
112000155,117,103,14
112000157,689,517,172
112000158,251,564,-313
112000159,354,253,101
112000167,300,99,201
112000169,401,361,40
112000173,519,249,270
112000175,454,336,118
112000176,2949,1774,1175
112000177,549,132,417
112000178,104,356,-252
112000179,175,99,76
112000180,297,486,-189
112000181,1271,1974,-703
112000182,1064,1769,-705
112000183,39,66,-27
112000184,326,382,-56
112000185,459,678,-219
112000187,3183,2070,1113
112000195,106,29,77
112000196,153,2,151
112000197,118,127,-9
112000198,47,258,-211
112000199,1127,929,198
112000202,337,0,337
112000216,59,287,-228
112000230,97,1,96
112000231,0,201,-201
112000256,56,216,-160
112000313,72,128,-56
112000314,49,56,-7
112000337,270,522,-252
112000352,359,298,61
112000392,1338,1211,127
112000398,985,909,76
112000399,1985,1707,278
112000400,1520,2912,-1392
112000401,2969,2625,344
112000402,2208,2652,-444
112000403,1778,2255,-477
112000404,966,908,58
112000405,1835,3345,-1510
112000406,4146,3162,984
112000407,5717,7292,-1575
112000408,7834,6717,1117
112000409,1995,5130,-3135
112000410,396,252,144
112000411,4220,1604,2616
112000412,1587,567,1020
112000413,8176,4569,3607
112000414,96,82,14
112000415,128,44,84
112000416,2131,1503,628
112000417,226,81,145
112000421,63,118,-55
112000422,385,373,12
112000424,2196,2263,-67
112000425,442,1130,-688
112000426,143,554,-411
112000427,1,20,-19
112000428,355,297,58
112000429,1936,2412,-476
112000430,2263,2753,-490
112000431,97,121,-24
112000432,558,1460,-902
112000433,615,793,-178
112000437,70,253,-183
112900001,83,0,83
112900002,416,981,-565
112900003,53,418,-365
112900004,41,259,-218
112900005,210,234,-24
112900006,22,407,-385
112900007,64,268,-204
112900008,4,27,-23
112900009,403,110,293
112900010,420,872,-452
112900011,217,281,-64
112900012,0,52,-52
112900013,4,108,-104
112900014,1,282,-281
112900015,376,720,-344
112900016,5,304,-299
112900017,29,173,-144
112900018,45,410,-365
112900019,36,223,-187
112900020,374,1168,-794
112900021,2,253,-251
112900022,12,67,-55
112900023,1,215,-214
112900024,22,193,-171
112900025,51,235,-184
112900026,9,226,-217
112900027,15,1106,-1091
112900028,16,142,-126
112900029,7,626,-619
112900030,175,176,-1
112900031,3,425,-422
112900032,177,290,-113
112900034,1,56,-55
112900035,8,482,-474
112900036,40,139,-99
112900037,134,195,-61
112900038,561,215,346
112900039,17,323,-306
112900040,1,286,-285
112900041,876,1074,-198
112900042,36,309,-273
112900043,38,59,-21
112900044,598,425,173
112900045,325,328,-3
112900046,207,68,139
112900047,10,34,-24
112900049,181,79,102
112900050,35,533,-498
112900051,290,592,-302
112900052,11,983,-972
112900053,252,86,166
112900054,179,43,136
112900055,138,40,98
112900056,378,225,153
112900057,18,597,-579
112900058,342,310,32
112900059,91,94,-3
112900060,16,187,-171
112900061,105,121,-16
112900062,95,148,-53
112900063,150,17,133
112900064,174,225,-51
112900065,34,30,4
112900066,203,170,33
112900067,494,193,301
112900068,58,54,4
112900069,1760,666,1094
112900071,39,8,31
112900072,188,1777,-1589
112900073,341,105,236
112900074,64,234,-170
112900075,1473,751,722
112900076,100,24,76
112900078,322,399,-77
112900079,323,41,282
112900080,38,1,37
112900081,53,188,-135
112900082,486,20,466
112900083,72,114,-42
112900084,149,93,56
112900086,100,0,100
112900087,701,166,535
112900088,102,9,93
112900089,666,28,638
112900090,56,19,37
112900091,197,7,190
112900092,218,274,-56
112900093,1189,21,1168
112900095,32,0,32
112900096,379,185,194
112900097,77,316,-239
112900098,163,2,161
112900099,920,15,905
112900100,79,3,76
112900101,264,3,261
112900102,139,5,134
112900103,173,2,171
112900104,355,7,348
112900105,15,0,15
112900106,508,184,324
112900107,2,1,1
112900108,46,0,46
112900109,116,2,114
112900110,970,6,964
112900111,608,7,601
112900112,322,2,320
112900113,0,24,-24
112900114,145,78,67
112900115,1025,2,1023
112900116,165,34,131
112900117,104,79,25
112900118,28,100,-72
112900119,169,2,167
112900120,907,282,625
112900121,151,198,-47
112900122,21,103,-82
112900123,139,29,110
112900124,6,102,-96
112900125,49,392,-343
112900126,203,217,-14
112900127,309,144,165
112900128,336,769,-433
112900129,3,788,-785
112900130,261,83,178
112900131,63,284,-221
112900132,99,440,-341
112900133,23,1016,-993
112900134,1,211,-210
112900135,73,49,24
112900137,1,574,-573
112900138,6,303,-297
112900139,217,1204,-987
112900141,565,39,526
112900142,75,187,-112
112900143,50,474,-424
112900144,7,442,-435
112900145,67,527,-460
112900146,8,1222,-1214
112900147,7,1867,-1860
112900148,90,1,89
112900149,249,525,-276
112900151,37,107,-70
112900152,3845,1060,2785
112900153,2056,1852,204
112900154,3,145,-142
112900155,195,21,174
112900156,220,1103,-883
112900157,366,170,196
112900158,45,33,12
112900159,182,122,60
112900160,96,290,-194
112900161,148,38,110
112900162,36,22,14
112900163,96,40,56
112900164,30,157,-127
112900165,194,23,171
112900166,13,64,-51
112900167,10,35,-25
112900168,3,2,1
112900169,10,14,-4
112900170,71,85,-14
112900172,53,18,35
112900173,228,105,123
112900174,213,43,170
112900175,157,140,17
112900176,8,36,-28
112900177,266,46,220
112900178,750,2454,-1704
112900179,51,490,-439
112900180,1748,1451,297
112900181,429,5,424
112900182,54,1149,-1095
112900183,152,310,-158
112900184,409,364,45
112900185,251,520,-269
112900186,1303,806,497
112900187,102,515,-413
112900188,744,292,452
112900189,11,25,-14
112900190,8,51,-43
112900192,471,471,0
112900193,1011,229,782
112900194,42,111,-69
112900195,723,34,689
112900196,210,369,-159
112900197,179,353,-174
112900199,529,558,-29
112900200,494,267,227
112900201,121,109,12
112900202,290,809,-519
112900203,215,249,-34
112900204,926,538,388
112900205,6,6,0
112900206,38,73,-35
112900207,18,4,14
112900208,76,261,-185
112900209,555,401,154
112900210,1,50,-49
112900211,70,64,6
112900212,2,153,-151
112900213,57,24,33
112900214,25,19,6
112900215,17,229,-212
112900216,52,94,-42
112900217,0,34,-34
112900218,41,18,23
112900219,62,18,44
112900220,1,0,1
112900221,15,69,-54
112900222,0,8,-8
112900223,697,26,671
112900224,248,462,-214
112900225,347,408,-61
112900226,226,330,-104
112900227,444,1092,-648
112900228,54,27,27
112900229,156,54,102
112900230,6219,3706,2513
112900232,227,273,-46
112900233,94,140,-46
112900234,20,69,-49
112900235,161,33,128
112900236,240,16,224
112900237,348,263,85
112900238,3,50,-47
112900239,828,241,587
112900240,12,98,-86
112900241,38,149,-111
112900242,17,188,-171
112900243,7,187,-180
112900244,6,92,-86
112900245,5,39,-34
112900246,1,13,-12
112900247,144,35,109
112900248,19,1,18
112900249,63,9,54
112900250,82,39,43
112900251,80,14,66
112900252,62,18,44
112900253,23,12,11
112900254,11,17,-6
112900255,2,34,-32
112900256,22,53,-31
112900257,17,64,-47
112900258,19,36,-17
113000001,4715,4577,138
113000002,2998,3332,-334
113000003,1792,1717,75
113000004,1709,2224,-515
113000005,1380,889,491
113000006,952,1290,-338
113000007,1916,1171,745
113000008,1668,1703,-35
113000009,871,814,57
113000010,1061,1331,-270
113000011,653,1397,-744
113000012,1431,700,731
113000013,1405,715,690
113000014,1560,1180,380
113000015,553,212,341
113000016,442,610,-168
113000017,46,300,-254
113000018,390,46,344
113000019,142,275,-133
113000020,444,49,395
113000021,1420,572,848
113000022,645,1137,-492
113000025,124,311,-187
113000026,493,338,155
113000027,668,388,280
113000028,770,356,414
113000029,738,707,31
113000030,387,640,-253
113000031,321,332,-11
113000032,264,326,-62
113000033,289,366,-77
113000034,423,355,68
113000035,31,37,-6
113000036,24,54,-30
113000037,50,23,27
113000038,12,43,-31
113000039,81,357,-276
113000040,75,83,-8
113000042,737,612,125
113000051,786,2583,-1797
113000052,1690,947,743
113000053,335,398,-63
113000054,309,736,-427
113000055,1224,715,509
113000056,726,1034,-308
113000058,734,856,-122
113000059,954,669,285
113000060,228,518,-290
113000061,529,896,-367
113000062,936,272,664
113000063,182,117,65
113000064,54,322,-268
113000065,168,759,-591
113000066,608,111,497
113000067,1601,1359,242
113000068,372,1494,-1122
113000069,587,1282,-695
113000070,2191,1096,1095
113000071,431,640,-209
113000072,707,523,184
113000073,334,1168,-834
113000074,979,426,553
113000075,1760,676,1084
113000076,705,1801,-1096
113000077,1233,535,698
113000078,871,2172,-1301
113000079,707,769,-62
113000080,717,666,51
113000081,750,791,-41
113000082,1211,736,475
113000083,528,860,-332
113000084,1540,1329,211
113000085,749,792,-43
113000086,1741,1399,342
113000087,1181,921,260
113000088,1911,1178,733
113000089,874,1564,-690
113000090,235,547,-312
113000091,516,363,153
113000094,914,203,711
113000095,219,792,-573
113000096,154,655,-501
113000097,1018,339,679
113000098,127,28,99
113000099,976,311,665
113000100,170,402,-232
113000101,333,560,-227
113000102,565,386,179
113000103,1915,635,1280
113000104,342,1880,-1538
113000105,628,358,270
113000106,322,519,-197
113000107,695,774,-79
113000108,874,1252,-378
113000109,561,2080,-1519
113000110,1261,440,821
113000111,205,511,-306
113000112,328,373,-45
113000113,1269,422,847
113000114,420,1195,-775
113000116,553,279,274
113000117,711,163,548
113000118,158,452,-294
113000119,451,282,169
113000120,86,268,-182
113000121,624,629,-5
113000124,206,168,38
113000125,58,677,-619
113000127,2675,494,2181
113000128,313,425,-112
113000129,478,782,-304
113000133,2296,1583,713
113000134,7,1087,-1080
113000135,3697,4105,-408
113000137,1932,2872,-940
113000139,374,209,165
113000140,122,274,-152
113000141,248,195,53
113000142,715,1105,-390
113000143,258,254,4
113000144,391,632,-241
113000145,62,105,-43
113000146,107,91,16
113000147,189,104,85
113000148,112,133,-21
113000149,95,109,-14
113000150,466,353,113
113000151,84,56,28
113000152,26,103,-77
113000153,1273,566,707
113000154,723,1409,-686
113000155,320,478,-158
113000156,101,413,-312
113000157,273,842,-569
113000158,671,253,418
113000159,748,684,64
113000160,629,1070,-441
113000161,218,383,-165
113000162,687,427,260
113000163,165,77,88
113000164,32,129,-97
113000166,187,132,55
113000167,52,142,-90
113000168,77,141,-64
113000169,170,77,93
113000170,114,123,-9
113000171,54,87,-33
113000172,245,93,152
113000173,64,27,37
113000174,124,505,-381
113000175,423,158,265
113000176,653,192,461
113000177,161,548,-387
113000178,161,372,-211
113000179,340,213,127
113000180,698,1179,-481
113000181,1355,874,481
113000182,171,379,-208
113000183,229,577,-348
113000184,31,98,-67
113000189,473,718,-245
113000190,1092,618,474
113000192,1915,1543,372
113000193,3645,1187,2458
113000194,1639,986,653
113000195,2152,657,1495
113000196,280,79,201
113000197,1666,959,707
113000198,76,270,-194
113000199,1206,280,926
113000201,963,265,698
113000202,3341,1953,1388
113000203,270,148,122
113000204,1829,1969,-140
113000205,34,37,-3
113000206,8,30,-22
113000207,68,25,43
113000208,26,37,-11
113000209,33,30,3
113000210,4,29,-25
113000211,211,196,15
113000212,171,15,156
113000213,33,151,-118
113000214,171,247,-76
113000234,200,1044,-844
113000410,156,218,-62
113000411,2632,3991,-1359
113000412,6360,2517,3843
113000413,2759,2741,18
113000414,6795,12226,-5431
113000415,2301,2898,-597
113000416,8611,4261,4350
113000417,2962,2782,180
113000418,3940,2940,1000
113000419,1574,1943,-369
113000420,3869,5016,-1147
113000421,3824,5507,-1683
113000422,12234,9546,2688
113000423,2032,4512,-2480
113000424,3316,8252,-4936
113000425,9,78,-69
113000428,34,10,24
113000430,26,18,8
113000432,2224,213,2011
113000433,131,842,-711
113000434,20,227,-207
113000435,53,347,-294
113000436,85,1498,-1413
113000437,873,16,857
113000438,204,29,175
113000439,41,137,-96
113000440,134,20,114
113000441,230,224,6
113000442,156,191,-35
113000443,232,253,-21
113000444,196,252,-56
113000445,131,109,22
113000446,62,111,-49
113000448,232,133,99
113000449,256,1255,-999
113000450,352,2778,-2426
113000451,1398,231,1167
113000452,382,644,-262
113000453,88,345,-257
113000454,1639,66,1573
113000455,45,224,-179
113000456,4103,2427,1676
113000468,1783,252,1531
113000469,123,74,49
113000470,421,46,375
113000471,13,491,-478
113000472,103,322,-219
113000474,541,636,-95
113000475,1560,1550,10
113000476,1377,1798,-421
113000477,2579,2040,539
113000478,4006,5141,-1135
113000479,72,224,-152
113000485,0,0,0
113000486,1,0,1
113000487,0,0,0
113000488,0,0,0
113000489,0,0,0
113000490,0,0,0
113000491,1,3,-2
113000492,1,2,-1
113000495,197,204,-7
113000496,155,118,37
113000497,0,0,0
113000499,0,0,0
113900001,5,219,-214
113900002,1,122,-121
113900003,0,83,-83
113900004,5,39,-34
113900005,2,65,-63
113900006,0,37,-37
113900007,35,0,35
113900008,102,0,102
113900009,250,0,250
113900010,197,5,192
113900011,116,0,116
113900012,28,2,26
113900013,469,13,456
113900014,490,1,489
113900015,0,67,-67
113900016,42,0,42
113900017,5,36,-31
113900018,431,198,233
113900019,136,54,82
113900020,162,2,160
113900022,28,0,28
113900023,51,0,51
113900024,71,51,20
113900025,257,23,234
113900026,43,0,43
113900027,3,31,-28
113900028,46,475,-429
113900029,62,195,-133
113900030,240,4,236
113900031,7,1,6
113900032,37,1,36
113900033,87,65,22
113900035,65,5,60
113900036,8,72,-64
113900037,143,417,-274
113900038,89,108,-19
113900039,140,18,122
113900040,12,13,-1
113900041,5,5,0
113900042,96,43,53
113900043,132,115,17
113900044,306,331,-25
113900045,96,1,95
113900046,264,523,-259
113900047,18,53,-35
113900048,217,78,139
113900049,591,395,196
113900050,232,333,-101
113900051,226,337,-111
113900052,151,140,11
113900053,587,462,125
113900054,19,2,17
113900055,78,405,-327
113900056,43,93,-50
113900057,17,117,-100
113900058,60,156,-96
113900059,181,326,-145
113900060,147,189,-42
113900061,984,303,681
113900062,102,15,87
113900063,62,110,-48
113900064,42,113,-71
113900065,376,26,350
113900066,320,336,-16
113900067,105,259,-154
113900068,401,392,9
113900069,79,48,31
113900070,187,578,-391
113900071,43,64,-21
113900072,56,173,-117
113900073,188,384,-196
113900074,94,287,-193
113900075,1258,1127,131
113900076,120,7,113
113900077,75,199,-124
113900078,26,57,-31
113900079,0,26,-26
113900080,506,229,277
113900081,72,216,-144
113900082,137,273,-136
113900083,330,452,-122
113900084,230,115,115
113900085,46,304,-258
113900086,18,9,9
113900087,92,168,-76
113900088,55,132,-77
113900089,441,57,384
113900090,542,361,181
113900091,27,19,8
113900092,71,100,-29
113900093,53,608,-555
113900094,368,333,35
113900095,137,104,33
113900096,191,66,125
113900097,80,72,8
113900098,573,79,494
113900099,0,59,-59
113900100,0,6,-6
113900101,33,52,-19
113900102,170,147,23
113900103,257,252,5
113900104,118,201,-83
113900105,98,233,-135
113900106,2,66,-64
113900107,3,29,-26
113900108,219,224,-5
113900109,304,177,127
113900110,46,28,18
113900111,169,103,66
113900112,145,88,57
113900113,898,446,452
113900114,0,118,-118
113900115,1,89,-88
113900116,96,155,-59
113900117,60,27,33
113900118,222,332,-110
113900119,270,429,-159
113900120,43,42,1
113900121,56,96,-40
113900122,330,1769,-1439
113900123,458,212,246
113900124,6,58,-52
113900125,934,126,808
113900126,201,80,121
113900127,263,624,-361
113900128,192,59,133
113900129,24,142,-118
113900130,1,18,-17
113900131,228,124,104
113900132,64,70,-6
113900133,17,63,-46
113900135,255,326,-71
113900136,104,81,23
113900137,387,265,122
113900138,56,171,-115
113900139,329,138,191
113900140,293,307,-14
113900141,499,310,189
113900142,154,57,97
113900143,17,40,-23
113900144,252,197,55
113900145,296,166,130
113900146,132,54,78
113900148,136,307,-171
113900149,142,102,40
113900150,715,619,96
113900151,340,174,166
113900152,24,70,-46
113900153,349,574,-225
113900154,0,130,-130
113900155,228,153,75
113900156,256,477,-221
113900157,49,293,-244
113900158,321,323,-2
113900159,18,217,-199
113900160,577,521,56
113900161,58,224,-166
113900162,492,577,-85
113900163,223,275,-52
113900164,302,67,235
113900165,774,441,333
113900166,253,164,89
113900167,273,27,246
113900168,154,109,45
113900169,182,405,-223
113900171,255,63,192
113900172,13,199,-186
113900173,37,576,-539
113900174,445,605,-160
113900175,327,166,161
113900176,315,544,-229
113900177,321,191,130
113900178,531,154,377
113900179,22,457,-435
113900180,150,100,50
113900181,569,118,451
113900182,652,909,-257
113900183,41,70,-29
113900184,16,361,-345
113900185,185,93,92
113900186,36,47,-11
113900187,39,159,-120
113900188,29,132,-103
113900189,321,87,234
113900190,218,125,93
113900191,111,194,-83
113900192,8,396,-388
113900193,47,212,-165
113900194,1385,1142,243
113900195,291,402,-111
113900196,6,122,-116
113900197,2,197,-195
113900198,32,194,-162
113900199,147,691,-544
113900200,16,294,-278
113900201,0,201,-201
113900202,39,277,-238
113900203,1,137,-136
113900204,64,491,-427
113900205,11,193,-182
113900206,6,179,-173
113900207,4,50,-46
113900208,0,61,-61
113900209,1,100,-99
113900210,484,686,-202
113900211,198,97,101
113900212,137,485,-348
113900214,431,362,69
113900215,91,124,-33
113900216,86,876,-790
113900217,62,288,-226
113900218,185,67,118
113900219,84,270,-186
113900220,172,128,44
113900221,403,184,219
113900222,279,459,-180
113900223,116,957,-841
113900224,106,78,28
113900225,437,224,213
113900226,328,105,223
113900227,462,211,251
113900228,297,407,-110
113900229,68,622,-554
113900230,4096,2828,1268
113900231,147,180,-33
113900232,93,88,5
113900233,76,63,13
113900234,254,441,-187
113900235,82,29,53
113900236,134,282,-148
113900237,154,8,146
113900238,212,554,-342
113900239,86,93,-7
113900240,7,151,-144
113900241,169,57,112
113900242,39,153,-114
113900243,124,458,-334
113900244,360,257,103
113900245,1226,278,948
113900246,30,9,21
113900247,139,393,-254
113900248,2464,1620,844
113900249,941,419,522
113900250,43,126,-83
113900251,612,167,445
113900252,578,11,567
113900253,646,45,601
113900254,859,131,728
113900255,366,22,344
113900256,331,30,301
113900257,30,498,-468
113900258,21,398,-377
113900259,395,163,232
113900260,215,27,188
113900261,38,119,-81
113900262,189,574,-385
113900263,207,659,-452
113900264,13,512,-499
113900265,243,303,-60
113900266,25,167,-142
113900267,93,413,-320
113900268,325,299,26
113900269,95,126,-31
113900270,325,532,-207
113900271,572,1068,-496
113900273,168,11,157
113900274,62,41,21
113900275,30,67,-37
113900276,1,174,-173
113900277,107,6,101
113900278,314,168,146
113900279,139,103,36
113900280,1549,522,1027
113900281,683,1157,-474
113900282,754,549,205
113900283,468,649,-181
113900284,706,134,572
113900285,126,16,110
113900286,15,99,-84
113900287,55,90,-35
113900288,2,153,-151
113900289,963,119,844
113900290,438,189,249
113900291,133,204,-71
113900292,21,4,17
113900293,10,242,-232
113900294,380,42,338
113900295,393,359,34
113900296,1797,464,1333
113900297,2236,44,2192
113900298,31,1477,-1446
113900299,99,216,-117
113900300,4532,3224,1308
113900301,791,238,553
113900302,2602,1010,1592
113900303,450,488,-38
113900304,0,107,-107
113900305,103,0,103
113900306,36,0,36
113900307,33,0,33
113900308,62,124,-62
113900309,2,703,-701
113900310,1,13,-12
113900311,4,0,4
113900312,210,236,-26
113900313,13,18,-5
113900314,0,8,-8
113900315,34,0,34
114000001,945,2808,-1863
114000002,283,395,-112
114000003,187,855,-668
114000004,373,307,66
114000005,277,265,12
114000006,3204,1965,1239
114000007,613,1125,-512
114000008,1770,1632,138
114000009,669,212,457
114000011,2171,2397,-226
114000012,2202,1756,446
114000013,1311,1418,-107
114000014,730,543,187
114000015,1722,425,1297
114000016,249,405,-156
114000017,81,282,-201
114000018,238,53,185
114000026,1502,1146,356
114000027,2658,1676,982
114000028,2213,2368,-155
114000038,291,147,144
114000039,175,256,-81
114000040,78,179,-101
114000042,136,155,-19
114000043,404,228,176
114000044,262,214,48
114000045,69,72,-3
114000046,3994,4289,-295
114000047,35,75,-40
114000048,90,167,-77
114000049,1577,1522,55
114000050,1673,2076,-403
114000051,3341,1737,1604
114000052,4633,1319,3314
114000053,126,413,-287
114000054,242,736,-494
114000055,526,37,489
114000056,1194,758,436
114000057,5763,2156,3607
114000058,639,1483,-844
114000059,324,325,-1
114000060,705,991,-286
114000061,3281,2670,611
114000062,2333,1203,1130
114000063,3190,1907,1283
114000064,6328,3584,2744
114000065,1684,2226,-542
114000066,397,502,-105
114000067,13,569,-556
114000068,535,599,-64
114000069,789,507,282
114000070,2015,1663,352
114000071,704,436,268
114000072,389,276,113
114000073,14,77,-63
114000074,30,28,2
114000075,53,134,-81
114000076,11,147,-136
114000077,6,46,-40
114000078,359,570,-211
114000079,172,24,148
114000080,68,76,-8
114000081,79,71,8
114000082,50,485,-435
114000083,71,258,-187
114000084,283,66,217
114000085,111,622,-511
114000086,244,440,-196
114000087,129,175,-46
114000088,50,48,2
114000089,983,412,571
114000090,763,800,-37
114000091,1447,788,659
114000092,814,606,208
114000093,1139,883,256
114000094,505,395,110
114000095,246,135,111
114000096,146,279,-133
114000097,102,457,-355
114000098,436,120,316
114000099,598,746,-148
114000100,1175,719,456
114000101,505,864,-359
114000102,457,359,98
114000103,171,562,-391
114000104,26,232,-206
114000105,123,84,39
114000106,787,930,-143
114000107,313,160,153
114000108,2307,1382,925
114000109,446,1177,-731
114000110,571,1682,-1111
114000111,1307,649,658
114000112,559,2550,-1991
114000113,1339,487,852
114000114,1436,1775,-339
114000115,1899,991,908
114000116,740,1309,-569
114000117,2138,433,1705
114000118,1937,508,1429
114000119,1312,449,863
114000120,474,852,-378
114000121,433,718,-285
114000122,343,320,23
114000123,1622,362,1260
114000124,697,261,436
114000125,970,1471,-501
114000126,2874,232,2642
114000127,194,202,-8
114000128,868,556,312
114000130,612,510,102
114000131,281,139,142
114000132,633,660,-27
114000133,796,1269,-473
114000134,54,124,-70
114000138,45,208,-163
114000139,458,228,230
114000144,751,495,256
114000145,91,190,-99
114000146,115,278,-163
114000147,1186,1545,-359
114000148,2279,1957,322
114000149,433,326,107
114000150,1983,1483,500
114000151,1594,1644,-50
114000152,122,27,95
114000153,1192,2354,-1162
114000154,1017,1071,-54
114000155,1379,2047,-668
114000156,808,543,265
114000157,302,820,-518
114000158,1825,776,1049
114000159,224,519,-295
114000160,114,453,-339
114000161,1487,2526,-1039
114000162,888,1951,-1063
114000163,15,117,-102
114000165,514,288,226
114000166,711,327,384
114000167,2992,1460,1532
114000168,895,708,187
114000169,1374,1036,338
114000170,1305,916,389
114000171,1021,2653,-1632
114000174,250,470,-220
114000176,552,468,84
114000177,1899,883,1016
114000178,73,44,29
114000179,1013,750,263
114000180,469,829,-360
114000181,1528,3030,-1502
114000182,3310,2322,988
114000183,927,1081,-154
114000184,4309,1302,3007
114000185,1115,884,231
114000189,703,103,600
114000190,2133,323,1810
114000191,46,64,-18
114000192,365,1421,-1056
114000193,776,2754,-1978
114000194,1225,1018,207
114000195,159,39,120
114000196,4,287,-283
114000197,1084,163,921
114000198,929,354,575
114000199,1950,1596,354
114000200,607,1778,-1171
114000201,123,718,-595
114000202,1095,583,512
114000203,497,714,-217
114000204,221,419,-198
114000205,240,1429,-1189
114000206,579,1231,-652
114000207,594,1795,-1201
114000208,464,2641,-2177
114000209,547,2348,-1801
114000210,363,1357,-994
114000211,850,1427,-577
114000212,620,636,-16
114000213,1134,514,620
114000214,75,206,-131
114000215,185,60,125
114000216,1421,448,973
114000217,279,294,-15
114000218,109,264,-155
114000219,1085,244,841
114000220,36,993,-957
114000221,688,168,520
114000222,162,1066,-904
114000223,453,126,327
114000224,88,633,-545
114000225,282,648,-366
114000226,108,225,-117
114000227,628,567,61
114000228,687,849,-162
114000229,1054,1191,-137
114000230,1454,1244,210
114000231,793,1250,-457
114000232,463,117,346
114000233,1472,107,1365
114000234,1040,948,92
114000235,1057,1323,-266
114000236,0,357,-357
114000237,117,1049,-932
114000238,120,162,-42
114000239,163,1253,-1090
114000240,726,753,-27
114000241,298,1027,-729
114000242,930,976,-46
114000243,1229,783,446
114000244,444,384,60
114000245,313,701,-388
114000246,160,53,107
114000247,630,664,-34
114000248,1026,568,458
114000249,378,477,-99
114000250,467,838,-371
114000251,305,292,13
114000252,98,56,42
114000253,62,137,-75
114000254,71,83,-12
114000255,522,131,391
114000256,1794,1680,114
114000257,813,1604,-791
114000258,284,408,-124
114000259,98,227,-129
114000260,3,22,-19
114000261,45,40,5
114000262,139,162,-23
114000263,19,1,18
114000264,973,417,556
114000265,0,0,0
114000267,8,2140,-2132
114000268,1,1467,-1466
114000270,100,4,96
114000271,656,69,587
114000283,1058,425,633
114000285,35,250,-215
114000288,79,321,-242
114000289,1091,224,867
114000293,139,412,-273
114000294,125,296,-171
114000395,1778,61,1717
114000396,545,453,92
114000402,395,303,92
114000403,240,402,-162
114000405,81,467,-386
114000423,298,392,-94
114000424,273,157,116
114000425,605,383,222
114000426,340,891,-551
114000427,50,73,-23
114000428,262,166,96
114000429,8,182,-174
114000432,66,126,-60
114000434,42,89,-47
114000435,1,210,-209
114900001,518,993,-475
114900002,637,125,512
114900003,511,1598,-1087
114900004,332,350,-18
114900005,497,872,-375
114900006,83,66,17
114900007,192,25,167
114900008,173,80,93
114900010,1964,2029,-65
114900011,163,158,5
114900013,208,129,79
114900018,1068,56,1012
114900020,247,66,181
114900022,47,822,-775
114900025,456,211,245
114900026,106,125,-19
114900029,164,47,117
114900030,353,233,120
114900031,346,47,299
114900032,359,41,318
114900034,48,229,-181
114900035,164,268,-104
114900036,236,703,-467
114900039,556,542,14
114900040,72,122,-50
114900041,549,517,32
114900042,699,772,-73
114900044,176,27,149
114900047,232,1558,-1326
114900048,115,353,-238
114900049,34,236,-202
114900050,82,446,-364
114900051,12,373,-361
114900052,59,206,-147
114900053,238,323,-85
114900054,49,135,-86
114900057,182,10,172
114900058,0,98,-98
114900059,91,48,43
114900063,72,218,-146
114900064,1135,502,633
114900065,384,750,-366
114900067,79,452,-373
114900068,122,254,-132
114900069,240,123,117
114900070,493,409,84
114900072,9,318,-309
114900073,1,193,-192
114900074,492,716,-224
114900075,174,7,167
114900076,16,403,-387
114900080,1885,445,1440
114900082,3568,1931,1637
114900083,1252,1258,-6
114900090,357,266,91
114900091,109,178,-69
114900097,121,1,120
114900098,5,229,-224
114900099,216,22,194
115000001,6302,4181,2121
115000002,2972,3699,-727
115000003,4754,3635,1119
115000004,3238,5337,-2099
115000005,1547,2210,-663
115000006,786,1550,-764
115000007,124,178,-54
115000008,494,626,-132
115000009,165,249,-84
115000010,320,160,160
115000013,92,218,-126
115000015,93,314,-221
115000016,70,150,-80
115000019,56,432,-376
115000020,131,728,-597
115000021,281,520,-239
115000022,531,378,153
115000023,362,495,-133
115000024,1134,579,555
115000025,740,663,77
115000026,166,479,-313
115000027,214,286,-72
115000028,215,897,-682
115000029,532,93,439
115000030,692,1192,-500
115000031,1151,214,937
115000032,14,315,-301
115000033,301,44,257
115000034,124,1093,-969
115000035,1102,81,1021
115000036,2,385,-383
115000037,503,13,490
115000038,49,200,-151
115000039,3428,2871,557
115000040,6331,3281,3050
115000041,1395,2703,-1308
115000042,1172,576,596
115000043,3257,1889,1368
115000044,3589,3990,-401
115000045,2434,1967,467
115000046,1896,2280,-384
115000047,1705,1472,233
115000048,1547,2585,-1038
115000049,1687,3695,-2008
115000050,2633,1839,794
115000051,1694,2399,-705
115000052,2690,1922,768
115000053,1559,1541,18
115000054,763,1390,-627
115000055,205,637,-432
115000056,313,620,-307
115000057,824,741,83
115000058,635,273,362
115000059,285,140,145
115000061,249,139,110
115000062,213,255,-42
115000063,253,296,-43
115000064,214,132,82
115000065,53,424,-371
115000067,245,19,226
115000069,94,298,-204
115000070,40,750,-710
115000071,88,20,68
115000072,10,83,-73
115000073,974,46,928
115000075,96,47,49
115000076,3259,2630,629
115000077,1757,2481,-724
115000078,1005,1547,-542
115000079,1230,1794,-564
115000080,2078,2399,-321
115000081,440,1067,-627
115000082,3215,3301,-86
115000083,1989,2580,-591
115000084,1763,1039,724
115000085,748,934,-186
115000086,790,711,79
115000087,384,1465,-1081
115000088,1475,560,915
115000089,1453,1274,179
115000090,489,813,-324
115000091,281,970,-689
115000092,490,326,164
115000093,418,3,415
115000094,6898,5222,1676
115000095,4660,5204,-544
115000096,659,1724,-1065
115000097,802,969,-167
115000098,924,764,160
115000099,2184,3125,-941
115000100,937,417,520
115000101,433,1711,-1278
115000102,377,231,146
115000103,336,784,-448
115000105,53,239,-186
115000106,502,291,211
115000107,195,536,-341
115000108,3291,2624,667
115000109,4292,3798,494
115000110,1257,1168,89
115000111,778,1903,-1125
115000112,561,650,-89
115000113,662,825,-163
115000114,1955,809,1146
115000116,3840,2061,1779
115000117,4086,3095,991
115000118,2062,1682,380
115000119,1964,2334,-370
115000120,648,1291,-643
115000121,1498,901,597
115000122,4295,1696,2599
115000123,1615,2090,-475
115000124,1073,886,187
115000125,365,569,-204
115000126,152,247,-95
115000127,461,80,381
115000128,562,843,-281
115000129,303,336,-33
115000130,422,902,-480
115000131,773,300,473
115000132,289,385,-96
115000133,635,315,320
115000134,453,255,198
115000135,391,211,180
115000136,294,231,63
115000137,141,149,-8
115000138,288,267,21
115000139,258,213,45
115000140,312,296,16
115000141,242,300,-58
115000142,230,314,-84
115000143,565,559,6
115000144,571,97,474
115000145,279,389,-110
115000146,451,302,149
115000147,477,527,-50
115000148,264,1100,-836
115000149,431,207,224
115000150,635,957,-322
115000151,948,611,337
115000152,648,1153,-505
115000153,896,576,320
115000154,654,358,296
115000155,575,935,-360
115000156,931,692,239
115000157,618,771,-153
115000158,611,363,248
115000159,806,454,352
115000160,590,361,229
115000161,172,464,-292
115000162,736,675,61
115000163,602,624,-22
115000164,722,602,120
115000165,365,495,-130
115000167,213,84,129
115000168,563,332,231
115000169,525,291,234
115000170,165,118,47
115000171,289,170,119
115000172,1205,622,583
115000173,328,491,-163
115000174,126,331,-205
115000175,210,111,99
115000176,104,79,25
115000177,99,76,23
115000178,27,242,-215
115000179,25,24,1
115000180,100,651,-551
115000181,543,141,402
115000182,740,307,433
115000183,288,786,-498
115000186,648,265,383
115000187,240,757,-517
115000188,420,433,-13
115000189,164,479,-315
115000190,707,304,403
115000191,179,447,-268
115000194,163,203,-40
115000195,332,357,-25
115000196,153,127,26
115000197,213,278,-65
115000198,279,195,84
115000199,335,215,120
115000200,330,102,228
115000201,148,345,-197
115000206,365,61,304
115000207,117,285,-168
115000208,396,574,-178
115000209,690,285,405
115000210,135,175,-40
115000211,191,220,-29
115000212,1285,269,1016
115000224,468,73,395
115000225,48,108,-60
115000229,189,165,24
115000230,110,377,-267
115000231,434,1740,-1306
115000232,1338,320,1018
115000233,177,195,-18
115000234,42,349,-307
115000241,86,286,-200
115000242,106,331,-225
115000243,62,255,-193
115000244,20,101,-81
115000246,60,37,23
115000247,70,25,45
115000248,23,28,-5
115000249,50,37,13
115000250,332,46,286
115000251,269,157,112
115000252,96,218,-122
115000253,15,388,-373
115000258,248,178,70
115000259,283,163,120
115000261,11,38,-27
115000262,11,19,-8
115000263,22,56,-34
115000264,31,38,-7
115000267,71,75,-4
115000268,24,141,-117
115000269,148,72,76
115000270,5,19,-14
115000272,52,167,-115
115000273,367,64,303
115000280,1646,176,1470
115000281,364,798,-434
115000282,797,635,162
115000284,395,157,238
115000296,1465,13,1452
115000297,124,97,27
115000298,80,395,-315
115000300,158,197,-39
115000302,610,170,440
115000303,629,113,516
115000304,579,66,513
115000305,88,735,-647
115000306,213,331,-118
115000307,86,191,-105
115000308,47,23,24
115000309,0,2,-2
115000310,943,919,24
115000311,746,1048,-302
115000313,131,698,-567
115000314,341,172,169
115000315,1068,525,543
115000316,68,103,-35
115000317,153,381,-228
115000318,747,295,452
115000319,56,391,-335
115000320,12,235,-223
115000321,381,6,375
115000322,60,259,-199
115000449,219,176,43
115000557,5,1146,-1141
115000558,545,87,458
115000587,557,380,177
115000588,2385,2843,-458
115000589,3322,2286,1036
115000590,1081,1418,-337
115000591,1586,730,856
115000592,570,1618,-1048
115000593,1290,584,706
115000594,905,2182,-1277
115000609,191,308,-117
115000617,1826,2967,-1141
115000624,227,103,124
115000633,367,1898,-1531
115000634,2290,763,1527
115000635,616,156,460
115000638,811,857,-46
115000641,66,163,-97
115000642,340,314,26
115000643,106,500,-394
115000644,186,436,-250
115000646,747,1344,-597
115000647,163,425,-262
115000648,1648,1906,-258
115000893,3332,1400,1932
115000894,164,1248,-1084
115000895,623,981,-358
115000896,1562,453,1109
115000897,509,164,345
115000898,622,233,389
115000899,580,1266,-686
115000900,148,429,-281
115000901,148,123,25
115000912,341,125,216
115000913,3,20,-17
115000915,21,0,21
115000916,15,1,14
115000917,0,4,-4
115000918,67,269,-202
115000919,9,5,4
115000920,32,42,-10
115000921,637,127,510
115000922,1349,758,591
115000923,585,1183,-598
115000925,96,87,9
115000927,69,76,-7
115000933,370,262,108
115000934,155,210,-55
115000935,149,110,39
115000936,40,531,-491
115000937,892,189,703
115000938,227,218,9
115000939,302,160,142
115000940,57,32,25
115000941,8,25,-17
115000942,89,97,-8
115000943,91,23,68
115000944,6,14,-8
115900001,79,43,36
115900002,104,108,-4
115900003,189,135,54
115900004,1,78,-77
115900005,204,7,197
115900006,121,246,-125
115900008,56,14,42
115900009,63,224,-161
115900010,263,174,89
115900011,423,277,146
115900012,162,83,79
115900013,392,164,228
115900014,109,181,-72
115900015,170,72,98
115900016,122,47,75
115900017,20,5,15
115900018,224,77,147
115900019,95,12,83
115900020,46,0,46
115900021,1236,123,1113
115900022,1635,15,1620
115900023,51,7,44
115900025,29,202,-173
115900026,774,304,470
115900027,1,224,-223
115900028,706,65,641
115900029,19,444,-425
115900030,23,24,-1
115900031,412,300,112
115900032,464,658,-194
115900033,0,38,-38
115900034,36,425,-389
115900035,43,19,24
115900036,136,608,-472
115900037,43,386,-343
115900038,42,16,26
115900039,194,193,1
115900041,635,506,129
115900042,29,9,20
115900043,94,95,-1
115900044,251,253,-2
115900046,230,260,-30
115900047,170,135,35
115900049,125,260,-135
115900051,3,59,-56
115900052,16,257,-241
115900053,221,231,-10
115900054,201,63,138
115900055,23,147,-124
115900056,176,294,-118
115900057,58,19,39
115900058,60,72,-12
115900060,75,128,-53
115900061,192,2,190
115900062,19,295,-276
115900063,88,19,69
115900064,131,265,-134
115900065,109,83,26
115900066,246,144,102
115900067,15,770,-755
115900068,3439,785,2654
115900069,57,139,-82
115900070,211,190,21
115900071,1,449,-448
115900072,43,186,-143
115900073,106,74,32
115900074,4,369,-365
115900075,70,250,-180
115900076,9,79,-70
115900077,5,273,-268
115900078,71,122,-51
115900079,175,15,160
115900080,549,319,230
115900081,21,81,-60
115900082,132,182,-50
115900084,283,30,253
115900085,54,59,-5
115900086,1406,632,774
115900088,5,76,-71
115900089,309,688,-379
115900090,290,40,250
115900091,12,25,-13
115900092,26,193,-167
115900093,6,27,-21
115900094,4,373,-369
115900096,2,23,-21
115900097,14,429,-415
115900098,158,397,-239
115900099,126,44,82
115900100,18,523,-505
115900101,141,280,-139
115900102,94,79,15
115900103,252,191,61
115900104,57,120,-63
115900105,240,594,-354
115900106,66,59,7
115900107,56,142,-86
115900108,126,53,73
115900109,68,399,-331
115900110,3,43,-40
115900111,1,123,-122
115900112,39,841,-802
115900113,42,40,2
115900114,3,188,-185
115900115,99,303,-204
115900116,106,798,-692
115900117,56,36,20
115900118,2,348,-346
115900119,124,173,-49
115900120,39,390,-351
115900121,125,202,-77
115900124,205,560,-355
115900125,261,49,212
115900126,635,107,528
115900127,559,53,506
115900128,11,129,-118
115900129,609,64,545
115900130,33,241,-208
115900131,324,29,295
115900132,441,4,437
115900134,327,11,316
115900135,473,953,-480
115900137,26,4,22
115900139,31,31,0
115900140,227,24,203
115900141,3,31,-28
115900142,20,18,2
115900143,285,238,47
115900144,73,186,-113
115900146,6,147,-141
115900147,271,255,16
115900148,62,6,56
115900149,81,18,63
115900150,46,65,-19
115900151,26,84,-58
115900152,128,285,-157
115900153,122,218,-96
115900154,412,310,102
115900155,0,69,-69
115900156,520,765,-245
115900157,117,428,-311
115900158,36,21,15
115900159,94,256,-162
115900160,10,3,7
115900161,52,164,-112
115900163,136,105,31
115900164,492,56,436
115900166,196,146,50
115900168,132,190,-58
115900171,88,360,-272
115900172,51,121,-70
115900173,218,120,98
115900174,240,241,-1
115900175,97,218,-121
115900178,15,665,-650
115900179,238,13,225
115900180,54,193,-139
115900181,153,205,-52
115900182,383,228,155
115900183,63,28,35
115900184,1928,16,1912
115900187,9,104,-95
115900189,1,177,-176
115900190,216,1081,-865
115900191,66,366,-300
115900192,7,147,-140
115900193,223,161,62
115900194,530,88,442
115900195,537,1671,-1134
115900198,204,302,-98
115900199,171,214,-43
115900200,294,300,-6
115900201,344,278,66
115900202,2,55,-53
115900203,6,4,2
115900204,0,3,-3
115900205,184,21,163
115900206,229,150,79
115900207,33,32,1
115900208,127,185,-58
115900209,0,185,-185
115900210,4,126,-122
115900211,3,215,-212
115900212,119,291,-172
115900213,124,68,56
115900214,410,296,114
115900215,20,125,-105
115900216,1,95,-94
115900217,11,45,-34
115900218,1,30,-29
115900219,66,7,59
115900220,111,13,98
115900221,74,17,57
115900222,50,32,18
115900223,9,327,-318
115900224,1118,948,170
115900225,79,54,25
115900226,18,39,-21
115900227,22,28,-6
115900228,17,40,-23
115900229,8,43,-35
115900230,56,137,-81
115900231,136,2,134
115900232,90,3,87
115900233,66,23,43
115900234,50,29,21
115900235,35,24,11
115900236,97,24,73
115900237,21,37,-16
115900238,39,19,20
115900239,24,30,-6
115900240,11,39,-28
115900241,229,164,65
115900242,231,330,-99
115900243,1,6,-5
115900244,19,15,4
115900245,39,12,27
115900246,42,11,31
115900247,47,17,30
115900248,12,5,7
115900249,11,18,-7
115900250,10,28,-18
115900251,1,11,-10
115900252,8,9,-1
115900253,24,14,10
115900254,12,33,-21
115900255,3,21,-18
115900256,30,79,-49
115900257,10,16,-6
115900258,0,4,-4
115900259,7,0,7
115900260,10,8,2
115900261,7,1,6
115900262,3,0,3
115900263,7,1,6
115900264,14,4,10
115900265,2,3,-1
115900266,2,18,-16
115900267,7,14,-7
115900268,7,12,-5
115900269,384,425,-41
115900270,292,376,-84
115900271,78,0,78
115900272,42,1,41
115900273,9,15,-6
115900274,2,19,-17
115900275,1,22,-21
115900276,0,20,-20
115900277,0,50,-50
115900278,45,138,-93
115900279,28,217,-189
115900280,19,315,-296
115900281,522,255,267
115900282,16,21,-5
115900283,14,45,-31
115900284,23,15,8
116000001,11258,5031,6227
116000002,4182,8636,-4454
116000003,1650,1702,-52
116000004,2222,2827,-605
116000005,3233,3182,51
116000006,2641,1998,643
116000007,3175,3738,-563
116000008,3735,1872,1863
116000009,1730,2887,-1157
116000010,2572,1277,1295
116000011,1014,2115,-1101
116000012,1246,948,298
116000013,9763,4088,5675
116000014,13076,9792,3284
116000015,311,1200,-889
116000016,5908,2963,2945
116000017,18,697,-679
116000018,724,282,442
116000019,714,314,400
116000020,515,750,-235
116000021,431,338,93
116000022,402,333,69
116000023,913,544,369
116000024,686,871,-185
116000025,548,501,47
116000026,1733,2207,-474
116000027,680,575,105
116000028,436,658,-222
116000029,774,740,34
116000030,720,444,276
116000031,215,348,-133
116000032,349,245,104
116000033,310,484,-174
116000034,735,863,-128
116000035,348,748,-400
116000036,1787,972,815
116000037,738,435,303
116000038,472,372,100
116000039,539,297,242
116000040,1221,234,987
116000041,213,438,-225
116000042,612,189,423
116000043,64,579,-515
116000044,15,97,-82
116000045,1620,1273,347
116000046,1095,1446,-351
116000047,1849,2340,-491
116000048,1900,1771,129
116000049,1066,2455,-1389
116000050,1426,1424,2
116000051,5717,2060,3657
116000052,5530,4285,1245
116000053,1816,1004,812
116000054,832,2211,-1379
116000055,679,1084,-405
116000056,889,1091,-202
116000057,2614,1723,891
116000058,2613,1800,813
116000059,2531,4032,-1501
116000060,2514,1101,1413
116000061,678,1003,-325
116000062,815,405,410
116000063,624,940,-316
116000066,212,472,-260
116000067,279,489,-210
116000068,192,265,-73
116000069,257,404,-147
116000078,451,1058,-607
116000080,1696,1104,592
116000082,7,117,-110
116000083,1557,462,1095
116000084,2173,3991,-1818
116000085,2126,1597,529
116000086,2299,1764,535
116000087,1619,1542,77
116000088,659,1118,-459
116000089,203,110,93
116000090,159,169,-10
116000091,416,325,91
116000093,479,323,156
116000094,515,729,-214
116000095,598,407,191
116000096,719,1442,-723
116000097,1114,642,472
116000098,202,6365,-6163
116000099,5929,359,5570
116000100,274,24,250
116000101,847,1006,-159
116000102,218,1369,-1151
116000103,529,267,262
116000104,236,1314,-1078
116000105,1014,155,859
116000106,1227,1017,210
116000107,3524,381,3143
116000108,1037,198,839
116000111,133,30,103
116000113,102,124,-22
116000114,44,159,-115
116000115,258,155,103
116000116,364,560,-196
116000117,1277,1623,-346
116000118,1390,1469,-79
116000119,2513,1695,818
116000120,2589,4181,-1592
116000121,825,514,311
116000122,1253,1913,-660
116000123,856,423,433
116000124,341,945,-604
116000125,2396,682,1714
116000126,320,1771,-1451
116000127,1029,1425,-396
116000128,1198,833,365
116000129,832,250,582
116000130,492,415,77
116000133,729,925,-196
116000134,1819,2446,-627
116000135,1794,1557,237
116000136,1222,2211,-989
116000137,1003,647,356
116000138,778,498,280
116000139,1551,1811,-260
116000140,117,210,-93
116000141,298,682,-384
116000142,3241,2891,350
116000143,1700,1549,151
116000144,1321,2277,-956
116000145,1293,1180,113
116000146,407,215,192
116000147,267,128,139
116000148,428,453,-25
116000149,548,554,-6
116000151,619,588,31
116000153,103,478,-375
116000155,206,220,-14
116000156,324,1000,-676
116000157,52,26,26
116000158,381,418,-37
116000159,24,7,17
116000160,21,65,-44
116000161,10,74,-64
116000162,73,78,-5
116000163,27,9,18
116000164,13,58,-45
116000177,940,92,848
116000194,108,399,-291
116000195,1457,684,773
116000196,12,6,6
116000197,10,12,-2
116000198,2406,1026,1380
116000200,692,433,259
116000201,616,660,-44
116000202,24,315,-291
116000203,3,127,-124
116000204,12,85,-73
116000205,0,191,-191
116000206,1,132,-131
116000207,11,66,-55
116000233,198,605,-407
116000287,186,502,-316
116000288,189,222,-33
116000292,46,134,-88
116000296,14,175,-161
116000297,108,25,83
116000304,145,43,102
116000305,56,60,-4
116000346,192,114,78
116000352,74,30,44
116000354,56,42,14
116000357,28,43,-15
116000358,253,40,213
116000361,650,4,646
116000372,6303,3346,2957
116000381,130,2,128
116000388,2,65,-63
116000389,904,607,297
116000445,283,669,-386
116000446,442,733,-291
116000447,43,518,-475
116000448,645,213,432
116000563,875,737,138
116000565,58,496,-438
116000568,52,283,-231
116000579,45,129,-84
116000583,140,97,43
116000584,25,10,15
116000585,47,13,34
116000586,85,108,-23
116000587,499,527,-28
116000589,46,83,-37
116000590,71,95,-24
116000591,225,264,-39
116000592,23,120,-97
116000593,0,36,-36
116000594,482,520,-38
116000595,577,152,425
116000596,134,4,130
116000597,326,121,205
116000598,22,178,-156
116000605,274,147,127
116000606,63,243,-180
116000607,2,62,-60
116000609,128,589,-461
116000611,81,588,-507
116000612,626,1656,-1030
116000613,505,334,171
116000614,429,584,-155
116000615,3,226,-223
116000616,38,70,-32
116000617,80,42,38
116000618,5,110,-105
116000619,69,61,8
116000620,75,52,23
116000621,68,105,-37
116000622,59,169,-110
116000624,328,116,212
116000627,61,79,-18
116000628,38,391,-353
116000629,46,330,-284
116000630,258,43,215
116000631,95,82,13
116000632,583,121,462
116000633,122,234,-112
116000634,415,161,254
116000635,2777,1712,1065
116000636,1073,1063,10
116000637,423,78,345
116000638,117,395,-278
116000639,49,4,45
116000640,9,10,-1
116000641,37,166,-129
116000643,1,145,-144
116000644,26,581,-555
116000645,111,11,100
116900001,205,153,52
116900002,240,4,236
116900003,24,75,-51
116900004,89,98,-9
116900005,265,69,196
116900006,155,139,16
116900007,110,153,-43
116900008,330,353,-23
116900009,13,3,10
116900010,5,1562,-1557
116900011,7,28,-21
116900012,162,193,-31
116900013,7,148,-141
116900014,117,325,-208
116900016,196,1,195
116900017,3,597,-594
116900018,42,52,-10
116900019,2,324,-322
116900020,1124,837,287
116900023,122,19,103
116900025,958,911,47
116900026,139,553,-414
116900027,24,71,-47
116900028,5,85,-80
116900029,2,52,-50
116900031,0,4,-4
116900032,8,358,-350
116900033,20,21,-1
116900034,11,63,-52
116900035,193,167,26
116900036,0,81,-81
116900038,86,4,82
116900041,42,16,26
116900042,716,221,495
116900043,58,68,-10
116900047,33,94,-61
116900049,37,369,-332
116900050,101,475,-374
116900051,81,160,-79
116900052,239,86,153
116900055,0,3,-3
116900057,21,235,-214
116900058,36,378,-342
116900059,0,137,-137
116900060,134,184,-50
116900062,3,6,-3
116900064,104,786,-682
116900065,27,130,-103
116900067,94,110,-16
116900068,149,231,-82
116900070,1,2,-1
116900072,25,387,-362
116900073,13,148,-135
116900074,8,39,-31
116900076,9,20,-11
116900077,7,139,-132
116900078,284,114,170
116900079,46,222,-176
116900080,17,23,-6
116900081,344,1161,-817
116900082,462,731,-269
116900083,106,60,46
116900084,165,55,110
116900085,53,164,-111
116900086,105,206,-101
116900088,360,76,284
116900090,194,53,141
116900091,256,57,199
116900092,86,687,-601
116900093,1543,1911,-368
116900094,4136,3012,1124
116900095,190,112,78
116900096,86,332,-246
116900097,3156,2361,795
116900098,878,331,547
116900099,779,548,231
116900100,812,33,779
116900101,290,494,-204
116900103,0,0,0
116900104,94,107,-13
116900105,236,110,126
116900106,1510,157,1353
116900107,3674,2055,1619
116900110,15,1,14
116900111,374,776,-402
116900112,253,991,-738
116900113,1851,1311,540
116900116,156,485,-329
116900117,221,102,119
116900118,677,621,56
116900120,281,95,186
116900121,153,20,133
116900122,605,764,-159
116900123,128,694,-566
116900124,155,884,-729
116900125,305,201,104
116900126,137,514,-377
116900128,0,36,-36
116900129,0,347,-347
116900130,656,2881,-2225
116900131,79,281,-202
116900132,41,115,-74
116900133,117,134,-17
116900134,321,269,52
116900136,207,193,14
116900137,318,158,160
116900138,238,187,51
116900139,129,410,-281
116900140,150,179,-29
116900141,824,458,366
116900142,5,70,-65
116900143,230,357,-127
116900144,20,90,-70
116900145,61,223,-162
116900147,533,378,155
116900148,12,49,-37
116900149,65,236,-171
116900150,13,14,-1
116900151,45,15,30
116900153,120,83,37
116900154,592,491,101
116900155,74,66,8
116900157,425,271,154
116900158,1223,226,997
116900159,69,291,-222
116900160,736,271,465
116900161,5821,4953,868
116900162,21,138,-117
116900163,149,155,-6
116900164,291,59,232
116900165,219,136,83
116900166,21,87,-66
116900167,295,66,229
116900168,258,97,161
116900169,764,352,412
116900170,269,337,-68
116900171,34,173,-139
116900172,180,327,-147
116900173,129,56,73
116900174,89,62,27
116900175,213,120,93
116900178,19,121,-102
116900179,101,277,-176
116900180,129,53,76
116900182,374,196,178
116900183,144,98,46
116900185,18,50,-32
116900186,80,248,-168
116900187,89,39,50
116900188,132,32,100
116900189,66,0,66
116900191,386,609,-223
116900192,217,144,73
116900194,135,1012,-877
116900195,39,35,4
116900196,14,97,-83
116900197,70,5,65
116900198,267,244,23
116900200,67,56,11
116900201,103,8,95
116900202,112,47,65
116900203,144,8,136
116900204,59,72,-13
116900206,8,39,-31
116900207,45,53,-8
116900208,17,115,-98
116900209,82,90,-8
116900210,408,260,148
116900211,174,4,170
116900212,64,85,-21
116900213,198,195,3
116900214,160,156,4
116900215,61,80,-19
116900216,326,247,79
116900218,14,282,-268
116900219,1286,462,824
116900220,90,238,-148
116900221,104,337,-233
116900222,350,294,56
116900223,109,270,-161
116900226,102,72,30
116900227,144,111,33
116900228,340,201,139
116900230,80,702,-622
116900233,413,160,253
116900234,9,8,1
116900235,145,295,-150
116900238,1675,414,1261
116900239,41,1186,-1145
116900240,5610,4031,1579
116900241,82,137,-55
116900242,903,407,496
116900243,2,48,-46
116900245,22,19,3
116900246,124,23,101
116900247,676,25,651
116900248,93,35,58
116900249,233,82,151
116900250,316,53,263
116900251,459,317,142
116900252,122,809,-687
116900254,23,69,-46
116900255,87,46,41
116900256,262,69,193
116900257,23,526,-503
116900258,3,305,-302
116900259,186,5,181
116900260,4,118,-114
116900261,46,0,46
116900262,212,194,18
116900263,0,19,-19
116900264,97,43,54
116900265,41,1,40
116900266,20,21,-1
116900267,3,0,3
116900268,169,91,78
116900269,287,458,-171
116900271,1166,150,1016
116900272,406,341,65
116900273,149,64,85
116900274,92,94,-2
116900275,152,99,53
116900276,394,110,284
116900277,532,21,511
116900278,3,13,-10
116900279,0,25,-25
116900280,20,38,-18
116900281,5236,3036,2200
116900282,5,94,-89
116900283,18,114,-96
116900284,11,194,-183
116900285,335,152,183
116900286,242,22,220
116900287,13,60,-47
116900288,104,160,-56
116900289,20,15,5
116900290,2,34,-32
116900291,20,14,6
116900292,1,23,-22
116900293,51,98,-47
116900294,40,150,-110
116900295,357,36,321
116900296,196,55,141
116900297,20,71,-51
116900298,94,61,33
116900299,144,49,95
116900300,5,60,-55
116900301,71,117,-46
116900302,69,64,5
116900303,305,78,227
116900304,0,153,-153
116900305,9,67,-58
116900306,110,135,-25
116900307,95,2,93
116900308,1,183,-182
116900309,143,119,24
116900310,21,77,-56
117000001,1658,1385,273
117000002,2015,4382,-2367
117000003,6147,3056,3091
117000004,3905,4976,-1071
117000005,1993,1768,225
117000006,1282,3874,-2592
117000007,3183,1263,1920
117000008,1170,3751,-2581
117000009,4414,1795,2619
117000010,2607,4273,-1666
117000011,1870,1539,331
117000012,1169,1379,-210
117000013,1705,862,843
117000014,1377,2192,-815
117000015,2381,1202,1179
117000016,417,72,345
117000017,395,127,268
117000018,441,406,35
117000019,194,21,173
117000020,402,1044,-642
117000021,1929,683,1246
117000022,498,89,409
117000023,488,239,249
117000024,400,125,275
117000025,668,611,57
117000026,2724,809,1915
117000027,2470,2717,-247
117000028,3505,1231,2274
117000030,558,511,47
117000031,377,260,117
117000032,1877,1097,780
117000033,1225,717,508
117000034,424,339,85
117000035,385,319,66
117000036,443,302,141
117000037,374,227,147
117000038,307,585,-278
117000039,430,220,210
117000040,153,926,-773
117000041,748,212,536
117000044,16,862,-846
117000045,472,100,372
117000046,456,826,-370
117000047,824,621,203
117000048,1824,1157,667
117000049,130,599,-469
117000050,148,1958,-1810
117000051,1932,149,1783
117000052,35,332,-297
117000053,436,56,380
117000054,1494,12,1482
117000055,161,3240,-3079
117000056,634,21,613
117000057,671,2226,-1555
117000060,519,1534,-1015
117000061,1443,767,676
117000062,257,683,-426
117000063,1621,853,768
117000064,976,1007,-31
117000066,978,860,118
117000067,147,476,-329
117000074,238,193,45
117000076,84,54,30
117000077,139,190,-51
117000078,122,657,-535
117000079,279,198,81
117000080,0,364,-364
117000081,1073,141,932
117000082,37,86,-49
117000083,157,10,147
117000084,236,1,235
117000085,265,722,-457
117000086,743,437,306
117000087,150,473,-323
117000088,262,207,55
117000089,1469,322,1147
117000090,303,1325,-1022
117000091,723,312,411
117000092,422,1498,-1076
117000093,1094,723,371
117000094,1233,2983,-1750
117000095,2882,896,1986
117000096,643,2494,-1851
117000097,1183,1195,-12
117000098,2807,5286,-2479
117000099,2897,1292,1605
117000100,152,302,-150
117000101,211,1243,-1032
117000102,1324,734,590
117000103,637,1865,-1228
117000104,1083,648,435
117000105,821,1814,-993
117000106,950,915,35
117000107,530,2055,-1525
117000108,1321,872,449
117000109,1504,2597,-1093
117000110,1138,847,291
117000111,3270,4184,-914
117000112,3004,1625,1379
117000113,219,283,-64
117000114,220,147,73
117000115,148,133,15
117000116,139,270,-131
117000117,1562,926,636
117000118,444,178,266
117000119,1597,166,1431
117000120,310,368,-58
117000121,145,1013,-868
117000122,317,908,-591
117000123,1713,32,1681
117000124,714,49,665
117000125,306,84,222
117000126,114,18,96
117000127,165,246,-81
117000128,547,625,-78
117000129,489,565,-76
117000130,229,24,205
117000131,0,142,-142
117000132,3145,38,3107
117000133,1122,51,1071
117000134,1,46,-45
117000135,4,33,-29
117000136,2,35,-33
117000137,71,94,-23
117000138,4,611,-607
117000140,566,1713,-1147
117000141,1516,579,937
117000181,641,565,76
117000182,402,434,-32
117000195,193,1103,-910
117000196,186,86,100
117000225,153,21,132
117000226,7,121,-114
117000276,192,14,178
117000277,4,438,-434
117000310,1501,2165,-664
117000315,43,1037,-994
117000320,159,0,159
117000906,323,17,306
117000907,16,312,-296
117000909,45,32,13
117000910,167,188,-21
117000911,102,194,-92
117000915,15,540,-525
117000916,41,7,34
117000917,859,40,819
117000918,79,136,-57
117000919,5,118,-113
117000920,2,1256,-1254
117000921,4,1441,-1437
117000922,40,130,-90
117000924,488,824,-336
117000926,870,107,763
117000927,1443,614,829
117000928,0,166,-166
117000929,234,457,-223
117000930,191,20,171
117000931,460,135,325
117900002,139,422,-283
117900003,890,375,515
117900005,7,20,-13
117900006,0,32,-32
117900007,172,164,8
117900008,0,38,-38
117900010,558,105,453
117900011,38,60,-22
117900012,61,115,-54
117900013,1,229,-228
117900014,699,173,526
117900015,22,119,-97
117900016,1052,638,414
117900017,509,412,97
117900018,215,103,112
117900019,391,260,131
117900020,61,409,-348
117900021,43,75,-32
117900023,630,464,166
117900024,77,74,3
117900025,48,11,37
117900026,328,245,83
117900028,135,5,130
117900029,189,734,-545
117900030,350,363,-13
117900031,478,72,406
117900032,1009,591,418
117900033,223,630,-407
117900034,69,45,24
117900035,294,131,163
117900036,240,411,-171
117900037,126,130,-4
117900038,33,396,-363
117900039,12,72,-60
117900040,107,463,-356
117900041,4,65,-61
117900042,3477,354,3123
117900043,48,54,-6
117900044,13,4106,-4093
117900045,134,120,14
117900048,270,311,-41
117900049,240,535,-295
117900050,8,37,-29
117900051,40,4,36
117900052,50,356,-306
117900053,1405,743,662
117900054,0,22,-22
117900055,142,451,-309
117900056,324,52,272
117900057,1106,1279,-173
117900058,83,31,52
117900059,362,101,261
117900060,1961,5086,-3125
117900061,45,244,-199
117900063,295,204,91
117900065,844,1168,-324
117900066,1,48,-47
117900067,367,179,188
117900069,556,280,276
117900070,285,18,267
117900071,80,155,-75
117900073,407,334,73
117900074,242,37,205
117900075,74,80,-6
117900076,19,60,-41
117900077,296,226,70
117900078,293,685,-392
117900080,153,52,101
117900081,450,414,36
117900082,393,358,35
117900083,309,440,-131
117900086,129,44,85
117900087,156,77,79
117900088,3378,1935,1443
117900089,1621,663,958
117900090,453,518,-65
117900091,110,178,-68
117900092,73,23,50
117900093,70,70,0
117900094,47,27,20
117900095,345,505,-160
117900096,116,242,-126
117900097,195,108,87
117900098,40,11,29
117900099,295,226,69
117900100,149,2,147
117900101,482,1568,-1086
117900102,76,46,30
117900103,98,3,95
117900104,38,91,-53
117900105,127,211,-84
117900106,160,58,102
117900107,39,1,38
117900109,459,328,131
117900110,102,3,99
117900111,375,16,359
117900112,46,23,23
117900113,3201,1723,1478
117900114,12,0,12
117900115,294,59,235
117900116,922,928,-6
117900117,395,333,62
117900118,46,2,44
117900119,145,231,-86
117900120,178,87,91
117900121,66,10,56
117900122,1149,2993,-1844
117900123,729,417,312
117900124,972,731,241
117900125,1631,1825,-194
117900126,228,578,-350
117900127,416,492,-76
117900128,395,587,-192
117900129,58,2,56
117900130,1233,373,860
117900131,3,147,-144
117900132,37,156,-119
117900133,14,154,-140
117900134,38,212,-174
117900135,22,219,-197
117900136,0,43,-43
117900137,56,364,-308
117900138,0,48,-48
117900139,110,151,-41
117900140,3524,363,3161
117900141,156,167,-11
117900142,481,37,444
117900144,70,110,-40
117900145,101,44,57
117900146,325,197,128
117900147,61,76,-15
117900148,2495,1263,1232
117900149,88,190,-102
117900150,44,53,-9
117900151,46,80,-34
117900152,106,47,59
117900153,28,114,-86
117900154,338,572,-234
117900156,894,913,-19
117900157,121,528,-407
117900158,155,181,-26
117900160,553,581,-28
117900161,2591,2160,431
117900162,401,510,-109
117900163,170,67,103
117900165,0,15,-15
117900166,156,475,-319
117900168,51,210,-159
117900169,1,83,-82
117900170,3,25,-22
117900171,2,21,-19
117900172,13,30,-17
117900173,143,57,86
117900174,63,37,26
117900175,6,30,-24
117900176,8,41,-33
117900177,12,81,-69
117900178,106,46,60
117900180,222,45,177
117900181,173,334,-161
117900182,5,50,-45
117900183,59,195,-136
117900184,23,68,-45
117900185,32,63,-31
117900186,30,14,16
117900187,28,16,12
117900188,205,25,180
117900189,98,35,63
117900190,40,4,36
117900191,58,0,58
117900192,232,1,231
117900193,8,95,-87
117900194,31,24,7
117900195,13,61,-48
117900196,15,32,-17
117900207,178,145,33
117900208,32,26,6
117900209,192,194,-2
117900210,180,183,-3
117900211,14,189,-175
117900212,96,198,-102
117900213,38,25,13
117900214,4,23,-19
117900215,20,36,-16
117900216,91,21,70
117900217,169,186,-17
117900218,150,272,-122
117900219,7,74,-67
117900220,163,77,86
117900222,247,383,-136
117900223,176,312,-136
118000001,862,773,89
118000002,1162,1979,-817
118000003,2238,2275,-37
118000004,3518,2786,732
118000005,4767,4467,300
118000006,6809,8736,-1927
118000007,6118,2816,3302
118000008,6389,3028,3361
118000009,2544,2780,-236
118000010,4495,3663,832
118000011,1168,1933,-765
118000012,958,2071,-1113
118000013,2604,2355,249
118000014,2113,2665,-552
118000016,204,389,-185
118000017,389,383,6
118000018,358,431,-73
118000019,2310,1457,853
118000020,1485,2377,-892
118000021,852,2564,-1712
118000022,1895,827,1068
118000023,910,300,610
118000024,1630,973,657
118000027,15979,10577,5402
118000029,1081,645,436
118000032,1528,3006,-1478
118000033,3047,4009,-962
118000034,5474,2119,3355
118000035,1719,2117,-398
118000036,1388,986,402
118000037,658,953,-295
118000038,152,82,70
118000039,95,262,-167
118000040,1515,1334,181
118000041,2084,1427,657
118000045,731,145,586
118000046,1581,394,1187
118000047,1183,631,552
118000048,2976,1406,1570
118000051,2032,792,1240
118000052,1596,574,1022
118000053,542,364,178
118000054,1617,1098,519
118000055,1092,1414,-322
118000056,350,313,37
118000057,209,336,-127
118000058,3014,1069,1945
118000059,2000,782,1218
118000060,778,492,286
118000061,1324,1092,232
118000062,674,249,425
118000063,415,454,-39
118000064,724,1181,-457
118000065,4105,1582,2523
118000066,710,1296,-586
118000067,1420,814,606
118000068,1706,3897,-2191
118000069,3016,1087,1929
118000070,5365,1601,3764
118000071,2961,5709,-2748
118000072,2024,1056,968
118000073,2887,560,2327
118000074,502,543,-41
118000075,729,271,458
118000076,1208,1760,-552
118000077,1312,1279,33
118000078,1754,1770,-16
118000079,258,364,-106
118000080,1261,994,267
118000081,1889,1055,834
118000082,266,1053,-787
118000083,1461,1472,-11
118000084,2853,1655,1198
118000086,330,570,-240
118000087,4332,2557,1775
118000088,1533,1503,30
118000089,3115,1743,1372
118000090,1279,2408,-1129
118000091,1083,2020,-937
118000092,1085,460,625
118000093,93,713,-620
118000096,535,615,-80
118000097,930,675,255
118000098,267,175,92
118000099,506,777,-271
118000101,865,334,531
118000102,360,1255,-895
118000107,1954,482,1472
118000108,604,2108,-1504
118000110,1,18,-17
118000111,0,400,-400
118000112,531,5,526
118000113,8,709,-701
118000114,445,5,440
118000115,32,11,21
118000116,51,0,51
118000117,1157,770,387
118000118,924,710,214
118000119,847,1048,-201
118000120,1519,1234,285
118000121,120,617,-497
118000122,1537,433,1104
118000123,84,302,-218
118000125,1586,892,694
118000126,879,1604,-725
118000127,1534,619,915
118000128,622,1220,-598
118000129,930,311,619
118000130,2566,3642,-1076
118000131,647,799,-152
118000132,2279,1654,625
118000133,1002,411,591
118000135,511,362,149
118000136,114,396,-282
118000137,642,93,549
118000138,446,544,-98
118000139,374,158,216
118000140,2685,3805,-1120
118000141,1919,1925,-6
118000142,1673,1586,87
118000143,1930,1220,710
118000144,1223,916,307
118000145,2223,2220,3
118000146,1202,989,213
118000147,979,1611,-632
118000148,676,1305,-629
118000149,775,969,-194
118000150,314,375,-61
118000151,424,436,-12
118000153,1207,1188,19
118000154,1143,1377,-234
118000155,1127,1244,-117
118000156,2132,2392,-260
118000157,523,395,128
118000158,233,511,-278
118000159,25,115,-90
118000160,458,475,-17
118000161,432,780,-348
118000162,1422,848,574
118000163,815,771,44
118000164,1907,1269,638
118000168,1173,360,813
118000169,1028,1146,-118
118000170,3874,5113,-1239
118000171,257,696,-439
118000172,119,295,-176
118000173,969,1079,-110
118000175,276,345,-69
118000176,234,403,-169
118000177,258,504,-246
118000178,55,38,17
118000179,1305,994,311
118000180,736,687,49
118000181,827,357,470
118000182,298,302,-4
118000183,253,298,-45
118000184,724,715,9
118000185,1110,1036,74
118000186,784,949,-165
118000187,1256,748,508
118000188,521,194,327
118000189,551,774,-223
118000190,9,16,-7
118000191,33,21,12
118000192,188,137,51
118000193,135,350,-215
118000194,1597,999,598
118000195,574,652,-78
118000196,323,177,146
118000197,507,189,318
118000198,769,565,204
118000199,876,308,568
118000200,102,203,-101
118000201,486,436,50
118000202,49,53,-4
118000203,1267,486,781
118000204,260,378,-118
118000205,480,421,59
118000206,215,214,1
118000207,0,68,-68
118000208,1198,1440,-242
118000209,1843,1847,-4
118000210,43,56,-13
118000211,42,41,1
118000213,856,812,44
118000214,555,492,63
118000215,193,273,-80
118000216,1278,2541,-1263
118000217,35,141,-106
118000218,66,112,-46
118000219,433,320,113
118000220,2,37,-35
118000221,144,310,-166
118000222,54,9,45
118000223,51,51,0
118000224,191,98,93
118000225,132,692,-560
118000226,1204,158,1046
118000227,880,565,315
118000228,170,175,-5
118000229,155,63,92
118000230,122,277,-155
118000231,72,207,-135
118000232,658,904,-246
118000233,857,731,126
118000234,346,206,140
118000236,289,323,-34
118000237,99,385,-286
118000238,220,192,28
118000239,254,233,21
118000240,411,150,261
118000241,159,181,-22
118000242,303,615,-312
118000243,220,219,1
118000244,52,131,-79
118000246,0,17,-17
118000255,69,220,-151
118000256,110,214,-104
118000259,12,41,-29
118000260,177,84,93
118000261,30,59,-29
118000263,60,143,-83
118000266,658,302,356
118000267,0,71,-71
118000268,352,2,350
118000270,105,26,79
118000271,268,364,-96
118000272,115,63,52
118000273,121,79,42
118000274,153,312,-159
118000276,310,260,50
118000295,13,99,-86
118000298,111,366,-255
118000299,97,199,-102
118000301,0,52,-52
118000302,75,81,-6
118000311,360,101,259
118000312,275,171,104
118000313,37,139,-102
118000314,64,77,-13
118000315,20,53,-33
118000316,548,442,106
118000325,66,64,2
118000326,19,25,-6
118000331,38,41,-3
118000332,17,34,-17
118000333,23,61,-38
118000335,257,3,254
118000336,1,259,-258
118000407,146,70,76
118000457,8,30,-22
118000465,3778,3864,-86
118000480,30,108,-78
118000489,40,245,-205
118000490,70,312,-242
118000492,259,203,56
118000510,85,23,62
118000514,158,321,-163
118000515,582,647,-65
118000517,340,216,124
118000524,402,172,230
118000525,701,732,-31
118000530,15,100,-85
118000531,289,286,3
118000532,221,277,-56
118000533,368,151,217
118000534,520,405,115
118000535,247,134,113
118000536,823,1165,-342
118000537,33,101,-68
118000538,45,63,-18
118000539,46,107,-61
118000540,235,104,131
118000541,164,50,114
118000542,111,170,-59
118000543,148,147,1
118000546,49,14,35
118000553,0,0,0
118000560,2923,1797,1126
118000562,17,168,-151
118000563,1607,1369,238
118000576,183,128,55
118000577,267,293,-26
118000578,163,86,77
118000579,731,1040,-309
118000583,0,0,0
118000595,224,118,106
118000596,0,57,-57
118000597,275,200,75
118000598,3,0,3
118000599,48,58,-10
118000600,8,8,0
118000601,7,1,6
118000602,1,17,-16
118000603,0,28,-28
118000605,91,393,-302
118000606,47,53,-6
118900001,640,1033,-393
118900002,886,744,142
118900003,329,22,307
118900004,79,69,10
118900005,57,17,40
118900006,116,3,113
118900007,12,3,9
118900008,1378,57,1321
118900009,51,63,-12
118900010,65,5,60
118900011,150,37,113
118900012,420,203,217
118900013,404,112,292
118900015,176,56,120
118900016,8,16,-8
118900017,255,259,-4
118900018,677,33,644
118900019,45,26,19
118900020,253,145,108
118900021,162,337,-175
118900022,137,115,22
118900023,157,126,31
118900024,73,118,-45
118900025,45,31,14
118900026,51,90,-39
118900027,395,284,111
118900028,133,194,-61
118900029,276,272,4
118900030,293,79,214
118900031,174,114,60
118900032,171,203,-32
118900033,426,370,56
118900034,179,22,157
118900035,112,203,-91
118900036,966,572,394
118900037,405,206,199
118900038,303,191,112
118900039,362,196,166
118900040,161,172,-11
118900041,590,212,378
118900042,203,105,98
118900045,234,146,88
118900046,804,329,475
118900047,453,214,239
118900048,215,129,86
118900049,68,57,11
118900050,20,196,-176
118900051,127,117,10
118900052,244,196,48
118900053,33,82,-49
118900054,111,48,63
118900055,56,105,-49
118900056,105,258,-153
118900057,612,340,272
118900058,348,302,46
118900059,25,82,-57
118900060,125,117,8
118900062,266,136,130
118900064,687,512,175
118900065,61,145,-84
118900066,86,95,-9
118900067,4027,2748,1279
118900068,5,225,-220
118900069,273,190,83
118900071,2,65,-63
118900072,387,410,-23
118900073,97,100,-3
118900074,125,261,-136
118900075,56,105,-49
118900076,186,127,59
118900077,241,168,73
118900078,61,9,52
118900079,50,259,-209
118900080,21,121,-100
118900081,79,52,27
118900082,455,134,321
118900083,43,15,28
118900084,11,17,-6
118900085,584,916,-332
118900086,50,99,-49
118900087,54,171,-117
118900088,0,10,-10
118900089,18,24,-6
118900090,367,403,-36
118900091,172,116,56
118900092,95,100,-5
118900093,152,25,127
118900096,185,175,10
118900097,209,540,-331
118900099,103,223,-120
118900100,144,242,-98
118900101,56,311,-255
118900102,44,85,-41
118900103,32,69,-37
118900104,70,33,37
118900105,176,131,45
118900107,137,90,47
118900108,127,104,23
118900110,1446,787,659
118900111,395,576,-181
118900112,88,180,-92
118900113,124,447,-323
118900114,33,60,-27
118900115,106,356,-250
118900116,132,193,-61
118900117,88,173,-85
118900118,228,372,-144
118900119,104,239,-135
118900120,85,258,-173
118900121,16,192,-176
118900122,11,645,-634
118900123,102,198,-96
118900124,75,229,-154
118900126,29,260,-231
118900129,260,211,49
118900130,76,206,-130
118900131,156,217,-61
118900132,303,181,122
118900133,23,106,-83
118900135,165,185,-20
118900136,208,475,-267
118900137,6,37,-31
118900139,230,377,-147
118900140,336,528,-192
118900141,117,141,-24
118900144,98,410,-312
118900145,37,129,-92
118900146,232,587,-355
118900147,202,104,98
118900148,40,73,-33
118900150,135,562,-427
118900152,443,779,-336
118900157,108,170,-62
118900158,66,60,6
118900159,2,186,-184
118900161,101,9,92
118900163,157,109,48
118900164,9,106,-97
118900165,49,205,-156
118900166,48,2,46
118900167,102,137,-35
118900168,5,93,-88
118900169,112,401,-289
118900170,123,118,5
118900171,17,26,-9
118900174,54,67,-13
118900175,287,435,-148
118900176,141,208,-67
118900177,36,63,-27
118900178,72,131,-59
118900179,5,14,-9
118900181,80,94,-14
118900182,66,56,10
118900183,43,119,-76
118900184,288,55,233
118900185,110,129,-19
118900186,93,102,-9
118900187,196,260,-64
118900188,224,200,24
118900189,27,545,-518
118900190,8,311,-303
118900191,127,29,98
118900192,206,24,182
118900193,389,10,379
118900195,267,575,-308
118900196,35,137,-102
118900197,83,43,40
118900198,16,27,-11
118900199,62,41,21
118900200,25,13,12
118900201,58,27,31
118900202,13,51,-38
118900203,6,40,-34
118900204,14,35,-21
118900205,1,15,-14
118900206,1,39,-38
119000001,1441,1185,256
119000002,3362,2284,1078
119000003,2009,1089,920
119000004,2165,1330,835
119000005,1474,1808,-334
119000006,2520,1697,823
119000007,2771,2989,-218
119000008,1880,1824,56
119000009,2933,3675,-742
119000010,6159,3863,2296
119000011,3623,2454,1169
119000012,2909,3046,-137
119000013,1892,1363,529
119000014,2001,2992,-991
119000019,239,155,84
119000020,2460,1302,1158
119000021,3739,2123,1616
119000022,2441,2034,407
119000023,322,221,101
119000024,1388,7901,-6513
119000025,7127,1231,5896
119000026,153,362,-209
119000027,272,325,-53
119000028,1931,839,1092
119000029,81,260,-179
119000030,491,813,-322
119000031,889,725,164
119000032,1867,2330,-463
119000033,1843,1336,507
119000034,938,971,-33
119000035,25,340,-315
119000036,1530,844,686
119000037,1121,1739,-618
119000038,125,889,-764
119000039,281,289,-8
119000040,730,514,216
119000041,701,1130,-429
119000048,3060,3226,-166
119000049,1747,2638,-891
119000050,1573,2082,-509
119000051,1895,1012,883
119000052,1876,3100,-1224
119000053,1833,1215,618
119000054,3039,3217,-178
119000055,3496,3652,-156
119000056,1993,2036,-43
119000057,1335,2016,-681
119000058,1777,1810,-33
119000059,1175,1488,-313
119000060,1246,1061,185
119000061,935,761,174
119000062,1120,1258,-138
119000063,374,369,5
119000064,1213,1324,-111
119000065,2025,3209,-1184
119000066,2068,1020,1048
119000067,1805,2332,-527
119000068,1408,1060,348
119000069,1410,2379,-969
119000070,2019,1083,936
119000071,553,603,-50
119000072,5108,2834,2274
119000073,4092,5859,-1767
119000074,1284,2819,-1535
119000075,1619,2250,-631
119000076,364,806,-442
119000077,796,410,386
119000078,505,235,270
119000079,169,560,-391
119000080,478,180,298
119000081,206,336,-130
119000082,659,218,441
119000083,513,386,127
119000084,301,458,-157
119000085,435,230,205
119000086,275,408,-133
119000087,1773,953,820
119000088,303,223,80
119000089,65,181,-116
119000090,133,159,-26
119000091,126,373,-247
119000092,453,172,281
119000093,3483,2693,790
119000094,2559,5303,-2744
119000095,1547,2366,-819
119000097,2022,1399,623
119000098,781,2023,-1242
119000099,2256,1643,613
119000100,2889,2805,84
119000101,3698,1574,2124
119000102,880,853,27
119000103,1571,466,1105
119000104,2534,1306,1228
119000105,997,1694,-697
119000106,281,1495,-1214
119000107,694,461,233
119000108,453,950,-497
119000109,148,301,-153
119000110,659,315,344
119000111,115,487,-372
119000112,240,77,163
119000113,2678,306,2372
119000114,765,848,-83
119000115,147,118,29
119000116,111,79,32
119000117,132,355,-223
119000118,2,0,2
119000123,4293,857,3436
119000124,710,164,546
119000125,2962,783,2179
119000126,863,798,65
119000127,446,563,-117
119000128,19,4,15
119000131,844,845,-1
119000132,0,4,-4
119000133,0,3,-3
119000134,1860,560,1300
119000135,109,179,-70
119000136,214,308,-94
119000137,179,397,-218
119000138,301,368,-67
119000139,279,220,59
119000140,167,309,-142
119000284,1424,2920,-1496
119000285,2279,2389,-110
119000286,7599,5554,2045
119000287,1511,2173,-662
119000288,1921,1437,484
119000289,2098,3084,-986
119000290,167,420,-253
119000291,4,243,-239
119000293,116,160,-44
119000294,53,21,32
119000295,1359,356,1003
119000296,197,136,61
119000302,2972,1372,1600
119000303,183,128,55
119000304,0,0,0
119000314,1302,7798,-6496
119000315,0,370,-370
119000316,115,134,-19
119000317,82,371,-289
119900001,254,1242,-988
119900002,177,310,-133
119900003,71,1144,-1073
119900004,307,1008,-701
119900005,145,124,21
119900006,210,387,-177
119900007,1393,304,1089
119900008,207,47,160
119900009,619,710,-91
119900010,1395,944,451
119900011,39,107,-68
119900012,20,62,-42
119900013,1686,836,850
119900014,753,242,511
119900015,105,50,55
119900016,30,89,-59
119900017,53,54,-1
119900018,2035,680,1355
119900019,32,19,13
119900020,185,202,-17
119900021,103,66,37
119900022,117,491,-374
119900023,636,1133,-497
119900025,199,37,162
119900026,744,140,604
119900027,52,24,28
119900028,255,137,118
119900029,0,15,-15
119900030,509,536,-27
119900031,73,342,-269
119900033,1849,272,1577
119900034,436,181,255
119900037,204,46,158
119900038,79,248,-169
119900039,88,33,55
119900040,235,19,216
119900041,136,66,70
119900042,142,129,13
119900043,88,168,-80
119900044,179,664,-485
119900046,110,92,18
119900047,253,74,179
119900048,181,70,111
119900049,162,12,150
119900050,153,120,33
119900051,803,25,778
119900052,77,45,32
119900053,146,212,-66
119900054,109,7,102
119900055,1115,470,645
119900057,220,88,132
119900058,169,2,167
119900059,112,58,54
119900060,240,6,234
119900061,228,9,219
119900062,42,29,13
119900063,10,43,-33
119900065,213,11,202
119900067,143,49,94
119900068,378,8,370
119900069,67,19,48
119900070,706,4,702
119900071,462,14,448
119900073,1754,581,1173
119900074,44,20,24
119900075,5201,2573,2628
119900076,395,443,-48
119900077,734,1104,-370
119900078,634,1235,-601
119900079,457,241,216
119900080,423,298,125
119900081,582,138,444
119900082,1007,215,792
119900083,391,140,251
119900084,642,274,368
119900085,80,83,-3
119900086,447,1224,-777
119900087,646,263,383
119900088,44,61,-17
119900089,48,538,-490
119900090,151,81,70
119900091,61,1110,-1049
119900092,91,368,-277
119900093,894,270,624
119900094,59,223,-164
119900095,209,128,81
119900096,53,101,-48
119900097,673,180,493
119900098,41,72,-31
119900099,28,227,-199
119900100,2488,2188,300
119900101,321,899,-578
119900102,42,342,-300
119900103,55,358,-303
119900104,42,202,-160
119900105,868,1301,-433
119900106,22,171,-149
119900107,383,3065,-2682
119900108,1894,625,1269
119900109,54,193,-139
119900110,561,583,-22
119900111,81,462,-381
119900112,1959,603,1356
119900113,91,388,-297
119900114,210,1161,-951
119900115,252,1274,-1022
119900116,177,527,-350
119900117,322,739,-417
119900118,72,1127,-1055
119900119,202,217,-15
119900120,599,619,-20
119900121,373,1166,-793
119900122,610,458,152
119900123,207,325,-118
119900124,186,841,-655
119900125,62,357,-295
119900126,3754,219,3535
119900127,3305,1190,2115
119900128,441,872,-431
119900129,237,600,-363
119900130,60,291,-231
119900131,51,301,-250
119900132,5,230,-225
119900133,58,83,-25
119900134,2014,266,1748
119900135,1,431,-430
119900136,220,364,-144
119900138,429,503,-74
119900139,31,105,-74
119900140,0,101,-101
119900141,142,644,-502
119900142,3,31,-28
119900143,14,196,-182
119900144,1856,275,1581
119900145,109,221,-112
119900146,180,251,-71
119900147,4,109,-105
119900148,192,55,137
119900149,1355,3303,-1948
119900150,189,200,-11
119900151,1371,724,647
119900152,96,314,-218
119900153,150,80,70
119900154,58,660,-602
119900155,37,57,-20
119900156,18,7,11
119900157,146,214,-68
119900158,122,119,3
119900159,8,1525,-1517
119900160,29,136,-107
119900161,233,184,49
119900162,736,891,-155
119900163,188,204,-16
119900164,5,6,-1
119900165,159,226,-67
119900166,107,53,54
119900167,95,98,-3
119900168,733,522,211
119900169,113,312,-199
119900170,193,271,-78
119900171,1115,455,660
119900172,142,27,115
119900173,4,509,-505
119900174,0,161,-161
119900175,1019,744,275
119900177,28,220,-192
119900178,36,160,-124
119900179,74,331,-257
119900180,875,831,44
119900181,65,104,-39
119900182,3,353,-350
119900183,169,747,-578
119900184,2274,557,1717
119900185,37,153,-116
119900186,61,696,-635
119900187,17,419,-402
119900188,73,435,-362
119900189,558,490,68
119900190,63,219,-156
119900191,382,132,250
119900192,48,156,-108
119900193,285,182,103
119900194,14,66,-52
119900195,39,204,-165
119900196,1557,506,1051
119900197,192,164,28
119900198,214,275,-61
119900199,127,19,108
119900200,533,612,-79
119900201,323,218,105
119900202,186,163,23
119900203,204,467,-263
119900204,206,264,-58
119900205,598,589,9
119900206,115,144,-29
119900208,149,174,-25
119900209,537,1096,-559
119900210,50,36,14
119900211,118,15,103
119900212,167,299,-132
119900213,9,69,-60
119900214,27,110,-83
119900215,69,94,-25
119900216,20,74,-54
119900217,24,53,-29
119900218,44,99,-55
119900219,14,141,-127
119900220,8,108,-100
119900221,21,275,-254
119900222,15,219,-204
119900223,23,87,-64
119900224,14,38,-24
119900225,1008,69,939
119900226,630,1669,-1039
119900227,1053,327,726
119900228,208,250,-42
119900229,418,423,-5
119900230,1616,644,972
119900231,204,159,45
119900232,234,102,132
119900233,44,3,41
119900234,18,35,-17
119900235,16,36,-20
119900236,28,271,-243
119900237,54,451,-397
119900238,8,98,-90
119900240,84,128,-44
119900241,167,252,-85
119900242,1295,1447,-152
119900244,653,1456,-803
119900245,183,176,7
119900246,288,620,-332
119900247,25,82,-57
119900248,66,215,-149
119900249,221,139,82
119900253,2594,368,2226
119900254,68,534,-466
119900255,126,457,-331
119900256,382,856,-474
119900257,54,5,49
119900258,157,27,130
119900259,6,134,-128
119900260,76,10,66
119900261,273,136,137
119900262,1,349,-348
119900263,981,471,510
119900264,100,211,-111
119900265,359,374,-15
119900266,344,294,50
119900267,263,464,-201
119900268,236,168,68
119900269,1195,1357,-162
119900271,20,70,-50
119900272,325,119,206
119900275,84,5,79
119900276,62,3,59
119900277,15,8,7
119900278,221,70,151
119900279,113,272,-159
119900280,834,195,639
119900281,3,193,-190
119900282,60,91,-31
119900283,15,361,-346
119900284,31,211,-180
119900285,48,111,-63
119900286,4,34,-30
119900288,3,34,-31
119900289,0,39,-39
119900290,3,24,-21
119900291,2,62,-60
119900292,34,55,-21
119900293,20,117,-97
119900294,76,81,-5
119900295,26,44,-18
119900296,32,281,-249
119900297,2,19,-17
119900298,11,9,2
119900299,71,233,-162
119900300,294,212,82
119900301,49,29,20
119900302,34,35,-1
119900303,209,254,-45
119900304,211,33,178
119900305,23,102,-79
119900306,18,0,18
119900307,30,94,-64
119900308,5,33,-28
119900309,24,120,-96
119900310,282,320,-38
119900311,51,113,-62
119900312,92,88,4
119900313,232,313,-81
119900314,133,396,-263
119900315,1152,2139,-987
119900318,19,39,-20
119900319,13,290,-277
119900320,109,554,-445
119900321,96,31,65
120000001,5773,11455,-5682
120000002,2310,3126,-816
120000003,3681,1955,1726
120000004,3130,2614,516
120000005,4450,2283,2167
120000006,1212,1588,-376
120000007,3778,3338,440
120000008,1063,1526,-463
120000009,3710,1162,2548
120000010,1800,3055,-1255
120000011,1065,2205,-1140
120000012,1478,2727,-1249
120000013,2659,2737,-78
120000014,633,1508,-875
120000015,2539,1546,993
120000016,3079,2263,816
120000017,3170,2173,997
120000018,3882,8729,-4847
120000019,963,1388,-425
120000020,3274,2975,299
120000021,1828,2055,-227
120000022,2691,3908,-1217
120000023,1150,1897,-747
120000024,1488,2554,-1066
120000025,2168,2136,32
120000026,1518,1882,-364
120000027,1635,2165,-530
120000028,823,747,76
120000029,2801,633,2168
120000030,1021,861,160
120000031,1839,5034,-3195
120000032,8090,4359,3731
120000033,4612,2067,2545
120000034,1684,2057,-373
120000035,1684,2085,-401
120000036,2846,4993,-2147
120000037,686,1402,-716
120000038,6902,3401,3501
120000039,548,954,-406
120000040,210,309,-99
120000041,1486,1374,112
120000042,1830,2846,-1016
120000043,4214,2045,2169
120000044,4631,1896,2735
120000045,4752,1296,3456
120000046,2534,2441,93
120000047,1229,4623,-3394
120000048,6994,4007,2987
120000049,3103,2804,299
120000050,3732,4086,-354
120000051,2950,4154,-1204
120000052,9569,2476,7093
120000053,1317,3217,-1900
120000054,1398,4740,-3342
120000055,1780,5172,-3392
120000056,3445,3738,-293
120000057,2819,706,2113
120000058,3604,613,2991
120000059,21,1740,-1719
120000061,149,614,-465
120000062,237,373,-136
120000063,1843,2785,-942
120000064,233,1371,-1138
120000065,1136,1653,-517
120000066,319,581,-262
120000067,68,506,-438
120000068,224,936,-712
120000069,641,1186,-545
120000070,81,856,-775
120000071,414,201,213
120000072,591,533,58
120000073,631,85,546
120000074,97,101,-4
120000075,776,298,478
120000076,3147,442,2705
120000077,2039,682,1357
120000078,3492,1161,2331
120000079,445,554,-109
120000080,287,347,-60
120000081,384,223,161
120000082,249,303,-54
120000083,165,733,-568
120000084,371,399,-28
120000085,296,408,-112
120000086,347,635,-288
120000087,248,839,-591
120000088,837,1419,-582
120000089,1046,642,404
120000090,716,541,175
120000091,1038,1075,-37
120000092,1213,648,565
120000093,403,516,-113
120000094,202,666,-464
120000095,890,643,247
120000096,287,952,-665
120000098,631,844,-213
120000099,342,851,-509
120000100,705,1102,-397
120000101,688,611,77
120000102,513,805,-292
120000103,1440,917,523
120000104,1378,519,859
120000105,2423,782,1641
120000106,2051,714,1337
120000107,2987,805,2182
120000108,1103,181,922
120000109,918,75,843
120000110,103,1131,-1028
120000111,147,1237,-1090
120000112,937,3440,-2503
120000113,827,2511,-1684
120000114,1209,3230,-2021
120000115,331,2663,-2332
120000116,942,2179,-1237
120000117,1132,1586,-454
120000118,58,37,21
120000119,36,87,-51
120000120,90,64,26
120000121,62,72,-10
120000122,270,213,57
120000123,5217,4485,732
120000124,523,552,-29
120000125,512,807,-295
120000126,305,608,-303
120000127,2417,814,1603
120000128,3302,3003,299
120000129,315,375,-60
120000130,1024,799,225
120000131,386,611,-225
120000134,419,1113,-694
120000135,435,421,14
120000137,244,1416,-1172
120000138,805,569,236
120000139,327,722,-395
120000140,667,587,80
120000141,400,566,-166
120000142,720,631,89
120000143,1,100,-99
120000144,86,0,86
120000145,312,8,304
120000146,1526,877,649
120000149,701,1288,-587
120000150,3481,10428,-6947
120000151,395,497,-102
120000152,377,218,159
120000153,131,436,-305
120000154,486,511,-25
120000155,136,351,-215
120000156,1244,1066,178
120000157,862,681,181
120000158,973,968,5
120000159,2255,2645,-390
120000160,2147,1338,809
120000161,1989,2475,-486
120000162,101,261,-160
120000163,651,1504,-853
120000164,446,418,28
120000165,518,1033,-515
120000166,1323,656,667
120000167,64,62,2
120000168,13,199,-186
120000169,47,599,-552
120000170,42,351,-309
120000171,26,126,-100
120000172,53,123,-70
120000173,2276,431,1845
120000174,453,22,431
120000175,573,33,540
120000176,578,45,533
120000177,1294,152,1142
120000178,102,17,85
120000179,304,40,264
120000180,434,70,364
120000181,95,382,-287
120000182,79,271,-192
120000183,16,223,-207
120000184,99,757,-658
120000186,61,179,-118
120000187,44,126,-82
120000188,187,174,13
120000190,1177,29,1148
120000191,1432,39,1393
120000192,963,17,946
120000193,547,10,537
120000195,70,4,66
120000196,270,56,214
120000197,81,171,-90
120000198,133,76,57
120000199,100,0,100
120000200,118,5,113
120000201,10,34,-24
120000202,5,46,-41
120000203,37,184,-147
120000207,4,84,-80
120000208,16,266,-250
120000209,10,116,-106
120000210,219,358,-139
120000211,65,1,64
120000212,78,2,76
120000213,65,209,-144
120000214,1,263,-262
120000215,2,97,-95
120000216,31,7,24
120000217,669,939,-270
120000218,209,935,-726
120000219,4,580,-576
120000220,7,1909,-1902
120000225,1401,10,1391
120000226,372,5,367
120000227,747,46,701
120000228,5860,2777,3083
120000230,304,10,294
120000231,1107,2043,-936
120000233,263,7,256
120000235,225,693,-468
120000236,823,3,820
120000237,4,1426,-1422
120000238,15,219,-204
120000241,1164,3162,-1998
120000412,1151,20,1131
120000413,215,208,7
120000414,91,5,86
120000415,1,148,-147
120000416,206,8,198
120000417,12,66,-54
120000418,121,14,107
120000419,2,295,-293
120000420,264,112,152
120000421,10793,6202,4591
120000422,117,936,-819
120000423,8,44,-36
120000424,49,126,-77
120000436,113,587,-474
120000437,180,196,-16
120000438,3647,404,3243
120000439,172,472,-300
120000443,172,0,172
120000444,1427,533,894
120000445,1697,1154,543
120000446,880,371,509
120000447,179,5,174
120000449,100,13,87
120000450,2,202,-200
120000451,103,243,-140
120000452,23,0,23
120000453,0,256,-256
120000454,157,184,-27
120000455,101,77,24
120000456,2403,3474,-1071
120000457,905,706,199
120000458,614,815,-201
120000459,60,84,-24
120000665,922,232,690
120000668,122,311,-189
120000669,40,223,-183
120000670,214,384,-170
120000671,1133,457,676
120000672,127,627,-500
120900001,34,103,-69
120900002,333,372,-39
120900003,425,32,393
120900004,17,97,-80
120900005,7,1282,-1275
120900006,410,188,222
120900007,104,113,-9
120900008,249,1363,-1114
120900009,698,71,627
120900010,411,131,280
120900011,403,239,164
120900012,491,975,-484
120900013,338,114,224
120900014,3,640,-637
120900015,1200,98,1102
120900016,720,48,672
120900017,2622,100,2522
120900018,98,450,-352
120900019,492,271,221
120900020,929,1198,-269
120900021,549,159,390
120900022,39,335,-296
120900023,318,44,274
120900024,1795,454,1341
120900025,1987,1074,913
120900026,209,217,-8
120900027,851,30,821
120900028,353,91,262
120900029,226,433,-207
120900030,1028,710,318
120900031,207,88,119
120900032,885,135,750
120900033,893,79,814
120900034,47,2114,-2067
120900035,26,76,-50
120900037,272,6,266
120900038,62,273,-211
120900039,82,49,33
120900040,201,8,193
120900041,132,25,107
120900042,496,49,447
120900043,75,26,49
120900044,14,339,-325
120900045,168,81,87
120900046,392,5,387
120900047,235,115,120
120900048,160,21,139
120900049,340,2,338
120900050,2634,1412,1222
120900051,274,115,159
120900052,519,6,513
120900053,214,96,118
120900054,1835,633,1202
120900055,321,1,320
120900056,467,17,450
120900057,121,25,96
120900058,424,2,422
120900059,72,10,62
120900060,35,46,-11
120900061,312,282,30
120900062,211,1,210
120900063,513,3,510
120900064,473,2,471
120900065,437,6,431
120900066,250,315,-65
120900067,197,33,164
120900068,270,1,269
120900069,203,87,116
120900071,37,3,34
120900072,657,4,653
120900073,480,266,214
120900074,582,13,569
120900076,263,3,260
120900077,3052,378,2674
120900078,650,1004,-354
120900079,610,132,478
120900080,723,2111,-1388
120900081,941,817,124
120900082,529,517,12
120900083,289,169,120
120900084,233,375,-142
120900085,120,174,-54
120900086,135,282,-147
120900087,359,340,19
120900088,148,384,-236
120900089,3804,2242,1562
120900090,167,123,44
120900091,639,843,-204
120900092,1632,712,920
120900093,2914,266,2648
120900094,544,219,325
120900095,370,19,351
120900096,53,196,-143
120900097,685,996,-311
120900098,382,276,106
120900099,53,61,-8
120900100,88,355,-267
120900101,991,413,578
120900102,40,101,-61
120900103,74,229,-155
120900104,19,52,-33
120900105,48,765,-717
120900106,1440,622,818
120900107,281,137,144
120900108,6,870,-864
120900109,57,779,-722
120900110,25,683,-658
120900111,188,419,-231
120900112,25,1125,-1100
120900113,41,875,-834
120900114,51,209,-158
120900115,170,238,-68
120900116,293,548,-255
120900117,1,573,-572
120900118,9,858,-849
120900119,3614,5708,-2094
120900120,80,684,-604
120900121,134,485,-351
120900122,409,613,-204
120900123,2,476,-474
120900124,4,729,-725
120900125,21,789,-768
120900126,2132,1223,909
120900127,14,499,-485
120900128,1372,1630,-258
120900129,76,397,-321
120900130,0,422,-422
120900131,79,157,-78
120900132,728,287,441
120900133,164,941,-777
120900134,1098,433,665
120900135,6,689,-683
120900136,17,172,-155
120900137,196,84,112
120900138,20,226,-206
120900139,7,760,-753
120900140,7,56,-49
120900141,126,135,-9
120900142,23,627,-604
120900143,1,1079,-1078
120900144,0,153,-153
120900145,505,978,-473
120900146,5,1203,-1198
120900147,1,576,-575
120900148,123,130,-7
120900149,0,361,-361
120900150,54,709,-655
120900151,4,649,-645
120900152,0,76,-76
120900153,22,127,-105
120900154,3,286,-283
120900155,192,1098,-906
120900156,52,394,-342
120900157,42,327,-285
120900158,89,616,-527
120900159,145,483,-338
120900160,34,734,-700
120900161,26,604,-578
120900162,23,569,-546
120900163,32,317,-285
120900164,1,9,-8
120900165,0,22,-22
120900166,98,197,-99
120900167,307,144,163
120900169,67,436,-369
120900170,1760,2451,-691
120900171,1121,389,732
120900172,1263,471,792
120900173,0,83,-83
120900174,6,104,-98
120900175,289,175,114
120900176,16,281,-265
120900177,3,894,-891
120900178,0,381,-381
120900179,1292,536,756
120900180,70,133,-63
120900181,184,50,134
120900182,32,385,-353
120900183,321,59,262
120900184,165,82,83
120900185,2,315,-313
120900186,2,523,-521
120900187,333,976,-643
120900188,184,16,168
120900189,169,1029,-860
120900190,111,14,97
120900191,4,42,-38
120900192,11708,6005,5703
120900194,33,99,-66
120900195,140,306,-166
120900196,725,44,681
120900197,589,115,474
120900198,235,602,-367
120900199,380,383,-3
120900200,82,137,-55
120900201,490,156,334
120900202,1,141,-140
120900203,39,101,-62
120900204,179,299,-120
120900205,38,57,-19
120900206,23,53,-30
120900207,79,1324,-1245
121000001,694,888,-194
121000002,2079,1519,560
121000003,2668,1707,961
121000004,2391,4016,-1625
121000005,1887,2412,-525
121000006,3169,1547,1622
121000007,2536,2544,-8
121000008,5347,3173,2174
121000009,5342,4816,526
121000010,7916,5099,2817
121000011,8423,10625,-2202
121000012,14991,9348,5643
121000013,4724,6322,-1598
121000014,6240,5707,533
121000015,3961,6435,-2474
121000016,4172,3229,943
121000017,1825,3544,-1719
121000018,2174,1717,457
121000019,17695,11723,5972
121000020,11865,13451,-1586
121000021,3292,2829,463
121000022,2713,2322,391
121000023,4204,3004,1200
121000024,4588,4411,177
121000025,566,1549,-983
121000026,365,180,185
121000027,1537,1165,372
121000028,822,503,319
121000029,1250,647,603
121000030,595,423,172
121000031,623,639,-16
121000032,231,123,108
121000034,483,202,281
121000035,249,126,123
121000036,1030,949,81
121000037,581,508,73
121000038,581,703,-122
121000039,425,466,-41
121000041,736,474,262
121000042,301,325,-24
121000043,767,633,134
121000044,1587,838,749
121000045,478,264,214
121000046,636,775,-139
121000047,517,87,430
121000049,1964,566,1398
121000050,333,1055,-722
121000051,956,343,613
121000052,585,527,58
121000053,318,90,228
121000054,34,324,-290
121000055,1230,1065,165
121000056,742,970,-228
121000057,351,587,-236
121000058,381,215,166
121000059,1905,1478,427
121000060,604,891,-287
121000061,163,188,-25
121000062,219,349,-130
121000063,835,654,181
121000064,704,879,-175
121000065,422,473,-51
121000066,680,575,105
121000067,864,467,397
121000068,758,405,353
121000069,947,651,296
121000070,2287,1222,1065
121000071,1641,1202,439
121000072,1632,642,990
121000073,1250,859,391
121000074,247,167,80
121000075,63,336,-273
121000076,1345,374,971
121000077,117,160,-43
121000078,144,92,52
121000080,2187,668,1519
121000081,3452,2795,657
121000082,138,303,-165
121000083,243,148,95
121000084,182,174,8
121000085,351,528,-177
121000086,212,731,-519
121000087,91,342,-251
121000088,451,574,-123
121000089,454,342,112
121000090,497,391,106
121000091,1379,764,615
121000092,230,101,129
121000093,162,213,-51
121000094,440,727,-287
121000095,355,595,-240
121000096,2241,2249,-8
121000097,1019,1714,-695
121000098,560,1130,-570
121000099,655,770,-115
121000100,1015,472,543
121000101,403,283,120
121000102,295,275,20
121000103,229,280,-51
121000104,233,175,58
121000105,476,257,219
121000106,295,362,-67
121000107,2121,3260,-1139
121000109,1203,1089,114
121000110,259,716,-457
121000114,2431,1720,711
121000115,884,736,148
121000116,325,844,-519
121000117,829,253,576
121000118,1234,244,990
121000119,521,371,150
121000120,284,454,-170
121000121,585,892,-307
121000123,1860,620,1240
121000127,154,126,28
121000128,844,462,382
121000129,942,537,405
121000130,574,843,-269
121000131,2604,1848,756
121000132,1669,1521,148
121000135,303,308,-5
121000136,1796,619,1177
121000137,475,247,228
121000138,1142,653,489
121000139,689,159,530
121000141,309,130,179
121000142,877,1118,-241
121000143,107,33,74
121000144,909,1555,-646
121000145,683,997,-314
121000146,1215,819,396
121000147,1047,529,518
121000148,1093,1042,51
121000149,2107,1231,876
121000152,541,685,-144
121000153,1668,770,898
121000154,839,753,86
121000155,1270,1230,40
121000156,461,1001,-540
121000157,1024,1769,-745
121000158,411,550,-139
121000159,195,451,-256
121000160,292,509,-217
121000161,157,260,-103
121000162,83,189,-106
121000165,1355,1765,-410
121000166,19,801,-782
121000168,526,294,232
121000169,99,149,-50
121000170,283,114,169
121000171,100,161,-61
121000172,659,532,127
121000173,1246,1014,232
121000174,310,396,-86
121000175,837,401,436
121000176,390,255,135
121000177,1068,674,394
121000178,143,59,84
121000179,226,79,147
121000181,562,484,78
121000182,116,166,-50
121000183,92,77,15
121000184,333,96,237
121000185,29,142,-113
121000186,194,405,-211
121000187,189,193,-4
121000188,151,243,-92
121000192,807,369,438
121000193,643,686,-43
121000194,2355,2006,349
121000195,303,785,-482
121000196,841,259,582
121000197,199,572,-373
121000198,181,84,97
121000199,156,290,-134
121000200,464,95,369
121000201,3,219,-216
121000202,755,123,632
121000203,951,1994,-1043
121000204,2457,693,1764
121000205,200,272,-72
121000206,134,30,104
121000207,2363,324,2039
121000208,13,337,-324
121000209,352,308,44
121000210,572,384,188
121000211,211,143,68
121000212,288,572,-284
121000213,7703,2577,5126
121000214,717,2204,-1487
121000215,1070,798,272
121000216,506,686,-180
121000217,3937,2797,1140
121000218,476,1382,-906
121000219,1621,425,1196
121000220,190,43,147
121000221,104,162,-58
121000222,2421,1826,595
121000223,682,341,341
121000224,403,172,231
121000225,2348,1286,1062
121000226,5799,1114,4685
121000227,4,195,-191
121000228,26,573,-547
121000229,273,282,-9
121000230,38,1281,-1243
121000231,861,26,835
121000232,358,285,73
121000233,574,451,123
121000234,32,55,-23
121000235,70,59,11
121000236,8,64,-56
121000237,31,7,24
121000238,4,119,-115
121000239,58,13,45
121000240,17,216,-199
121000241,142,19,123
121000242,45,263,-218
121000243,358,139,219
121000244,12,72,-60
121000245,134,25,109
121000246,0,105,-105
121000247,89,4,85
121000248,986,534,452
121000249,134,228,-94
121000250,762,145,617
121000251,25,466,-441
121000252,85,54,31
121000253,386,352,34
121000254,665,225,440
121000255,233,149,84
121000256,613,175,438
121000257,118,54,64
121000258,330,54,276
121000259,108,50,58
121000260,197,96,101
121000261,327,58,269
121000262,965,1096,-131
121000263,473,479,-6
121000271,263,1457,-1194
121000273,126,12,114
121000274,7,24,-17
121000275,2,15,-13
121000276,5,6,-1
121000278,73,41,32
121000279,48,14,34
121000280,96,36,60
121000289,281,31,250
121000290,1169,805,364
121000294,183,150,33
121000297,974,1100,-126
121000299,266,304,-38
121000300,680,455,225
121000302,69,798,-729
121000303,400,324,76
121000304,468,57,411
121000305,142,35,107
121000306,87,125,-38
121000308,168,339,-171
121000309,421,543,-122
121000310,132,295,-163
121000311,90,863,-773
121000312,255,160,95
121000313,299,463,-164
121000314,128,152,-24
121000315,63,112,-49
121000530,1213,1263,-50
121000531,2213,1465,748
121000532,5862,6190,-328
121000533,2896,2968,-72
121000918,64,180,-116
121000919,61,42,19
121000938,42,90,-48
121000939,139,101,38
121000956,1295,1151,144
121000957,3,8,-5
121000958,103,24,79
121000959,641,815,-174
121000960,2618,1993,625
121000961,273,131,142
121000962,291,634,-343
121000963,0,0,0
121000973,0,138,-138
121000976,28,195,-167
121000979,376,123,253
121000981,412,215,197
121000982,294,149,145
121000983,488,424,64
121000984,39,77,-38
121000985,604,459,145
121000986,255,163,92
121000987,250,1063,-813
121000988,724,119,605
121001302,277,118,159
121001308,6,7,-1
121001309,118,85,33
121001313,176,247,-71
121001314,2561,3211,-650
121001315,3820,2149,1671
121001326,445,359,86
121900001,126,142,-16
121900002,64,20,44
121900003,342,13,329
121900004,128,319,-191
121900005,31,11,20
121900006,78,30,48
121900007,1791,2566,-775
121900008,1663,515,1148
121900009,423,39,384
121900010,172,2,170
121900011,167,302,-135
121900012,16,0,16
121900013,1472,97,1375
121900014,1119,428,691
121900015,222,187,35
121900016,8,65,-57
121900017,591,415,176
121900018,613,4,609
121900019,389,227,162
121900020,23,3,20
121900021,772,18,754
121900022,293,191,102
121900023,146,284,-138
121900024,307,146,161
121900025,565,360,205
121900026,289,54,235
121900027,319,106,213
121900028,179,15,164
121900029,97,189,-92
121900030,475,504,-29
121900031,930,5492,-4562
121900032,82,72,10
121900033,171,150,21
121900034,297,97,200
121900035,2417,2152,265
121900036,74,290,-216
121900037,164,597,-433
121900038,21,143,-122
121900039,460,60,400
121900040,53,85,-32
121900041,75,142,-67
121900042,297,121,176
121900043,2,3,-1
121900044,175,74,101
121900046,335,266,69
121900047,163,76,87
121900048,29,91,-62
121900050,20,52,-32
121900051,161,181,-20
121900052,190,38,152
121900053,551,373,178
121900054,557,925,-368
121900055,12,14,-2
121900058,204,124,80
121900059,401,300,101
121900060,161,287,-126
121900061,612,150,462
121900062,168,73,95
121900063,1242,350,892
121900064,226,588,-362
121900066,75,31,44
121900067,76,61,15
121900069,210,146,64
121900070,247,71,176
121900071,295,224,71
121900072,54,169,-115
121900073,246,188,58
121900074,692,827,-135
121900075,463,413,50
121900076,386,536,-150
121900078,130,33,97
121900079,3,1,2
121900080,750,422,328
121900082,62,99,-37
121900084,25,185,-160
121900086,17,37,-20
121900087,221,99,122
121900088,1653,2691,-1038
121900089,180,367,-187
121900090,31,108,-77
121900091,90,170,-80
121900092,87,81,6
121900093,97,62,35
121900094,15,5,10
121900095,217,133,84
121900096,1178,747,431
121900097,601,192,409
121900098,3,1,2
121900099,165,70,95
121900100,277,380,-103
121900101,126,125,1
121900102,7,226,-219
121900103,992,223,769
121900104,1382,380,1002
121900105,274,150,124
121900106,10,3,7
121900107,28,37,-9
121900108,0,33,-33
121900109,267,165,102
121900110,496,891,-395
121900111,1029,160,869
121900112,185,113,72
121900113,57,376,-319
121900114,76,96,-20
121900117,158,70,88
121900118,1960,560,1400
121900119,154,122,32
121900120,56,1326,-1270
121900121,478,33,445
121900122,28,57,-29
121900123,170,448,-278
121900124,99,192,-93
121900125,1261,927,334
121900127,7,77,-70
121900128,98,81,17
121900129,661,151,510
121900130,103,247,-144
121900131,245,86,159
121900132,64,83,-19
121900133,112,620,-508
121900134,39,184,-145
121900135,2005,292,1713
121900136,291,363,-72
121900137,44,340,-296
121900138,117,189,-72
121900139,297,498,-201
121900140,69,177,-108
121900141,53,60,-7
121900142,146,140,6
121900143,17,107,-90
121900144,161,278,-117
121900145,182,196,-14
121900146,566,720,-154
121900147,52,196,-144
121900148,217,310,-93
121900149,307,597,-290
121900150,85,171,-86
121900151,94,252,-158
121900152,90,105,-15
121900153,110,637,-527
121900154,24,248,-224
121900155,2,142,-140
121900156,139,91,48
121900157,5,356,-351
121900158,78,90,-12
121900159,2,229,-227
121900160,56,292,-236
121900161,337,360,-23
121900162,104,129,-25
121900163,298,572,-274
121900164,507,195,312
121900165,254,138,116
121900166,342,161,181
121900167,125,113,12
121900168,170,227,-57
121900169,4,190,-186
121900170,5,191,-186
121900171,720,498,222
121900172,466,235,231
121900173,882,193,689
121900174,59,114,-55
121900175,150,184,-34
121900176,568,1341,-773
121900177,152,52,100
121900178,60,76,-16
121900179,448,164,284
121900180,3659,3650,9
121900182,672,283,389
121900183,651,649,2
121900184,50,470,-420
121900186,3,258,-255
121900187,78,136,-58
121900188,447,529,-82
121900189,20,111,-91
121900190,242,531,-289
121900191,142,218,-76
121900192,390,611,-221
121900193,73,166,-93
121900194,3,113,-110
121900195,78,79,-1
121900196,886,896,-10
121900197,311,1467,-1156
121900198,1048,943,105
121900199,4,20,-16
121900200,99,215,-116
121900201,958,764,194
121900202,166,544,-378
121900203,202,855,-653
121900204,762,1154,-392
121900205,23,91,-68
121900206,8,11,-3
121900207,121,38,83
121900208,292,240,52
121900209,37,38,-1
121900210,1269,954,315
121900211,302,587,-285
121900212,212,129,83
121900213,164,64,100
121900214,4,434,-430
121900215,60,84,-24
121900216,88,76,12
121900217,188,106,82
121900218,167,398,-231
121900220,118,18,100
121900221,275,590,-315
121900222,143,146,-3
121900223,167,43,124
121900224,84,34,50
121900225,206,95,111
121900226,260,882,-622
121900227,212,517,-305
121900228,216,332,-116
121900230,133,258,-125
121900231,421,1495,-1074
121900232,287,418,-131
121900233,158,209,-51
121900234,251,250,1
121900235,544,171,373
121900236,330,153,177
121900237,183,249,-66
121900238,138,293,-155
121900239,156,21,135
121900240,232,107,125
121900241,29,55,-26
121900242,12,2,10
121900243,9,2,7
121900244,39,0,39
121900245,187,68,119
121900246,1905,286,1619
121900248,1270,1089,181
121900250,230,252,-22
121900251,256,27,229
121900252,547,109,438
121900253,225,833,-608
121900254,514,267,247
121900255,283,82,201
121900258,2548,2084,464
121900259,436,611,-175
121900260,69,158,-89
121900261,226,564,-338
121900262,394,912,-518
121900263,228,225,3
121900264,1758,1518,240
121900265,295,286,9
121900266,403,166,237
121900267,71,35,36
121900269,193,553,-360
121900270,30,192,-162
121900271,52,127,-75
121900273,422,1705,-1283
121900274,237,181,56
121900277,474,945,-471
121900278,87,727,-640
121900279,139,177,-38
121900280,155,275,-120
121900281,451,421,30
121900284,45,7,38
121900286,169,101,68
121900287,10,23,-13
121900288,4,2,2
121900290,161,263,-102
121900291,375,520,-145
121900292,169,139,30
121900293,998,2378,-1380
121900294,239,4,235
121900295,135,201,-66
121900296,54,84,-30
121900298,259,624,-365
121900299,0,5,-5
121900300,188,0,188
121900301,44,6,38
121900302,2,20,-18
121900303,424,276,148
121900304,0,14,-14
121900305,0,3,-3
121900306,140,0,140
121900307,90,24,66
121900308,27,248,-221
121900309,6,230,-224
121900310,38,372,-334
121900311,378,50,328
121900312,265,21,244
121900313,414,20,394
121900314,0,69,-69
121900315,14,0,14
121900316,0,23,-23
121900317,7,4,3
121900318,1,32,-31
121900319,46,86,-40
121900320,42,104,-62
121900321,29,3,26
121900322,16,20,-4
121900323,21,10,11
121900324,9,70,-61
121900325,17,9,8
121900326,4,19,-15
121900327,7,76,-69
121900328,1,34,-33
121900329,2,242,-240
121900330,0,28,-28
121900331,164,41,123
121900332,75,28,47
121900333,35,2,33
121900334,138,63,75
122000001,2256,4021,-1765
122000002,4408,1536,2872
122000003,2023,2417,-394
122000004,3046,1464,1582
122000005,2235,1502,733
122000006,1965,836,1129
122000007,1315,1602,-287
122000008,4003,4751,-748
122000009,462,376,86
122000010,2063,2534,-471
122000011,2991,1353,1638
122000012,1312,1467,-155
122000013,1317,889,428
122000014,1460,1285,175
122000015,1361,1004,357
122000016,537,759,-222
122000017,964,1034,-70
122000018,1396,1020,376
122000019,776,1061,-285
122000020,198,210,-12
122000021,350,485,-135
122000022,1239,1094,145
122000023,713,1912,-1199
122000024,682,1117,-435
122000025,1246,1299,-53
122000026,1345,892,453
122000027,516,2662,-2146
122000028,831,439,392
122000029,406,456,-50
122000030,263,147,116
122000031,155,255,-100
122000032,1575,2129,-554
122000033,741,1113,-372
122000034,691,500,191
122000035,283,748,-465
122000036,543,544,-1
122000037,317,207,110
122000038,185,305,-120
122000039,804,469,335
122000040,271,287,-16
122000041,465,565,-100
122000042,329,438,-109
122000043,136,98,38
122000044,133,165,-32
122000045,1203,403,800
122000046,838,774,64
122000047,291,233,58
122000048,3410,4084,-674
122000049,5203,2849,2354
122000050,1567,748,819
122000051,341,265,76
122000052,532,342,190
122000053,204,586,-382
122000054,2477,1833,644
122000055,2396,2810,-414
122000056,4841,3500,1341
122000057,3395,3167,228
122000058,3647,1179,2468
122000059,3229,1664,1565
122000060,682,596,86
122000061,629,415,214
122000062,1265,315,950
122000063,1218,623,595
122000064,3056,2522,534
122000065,3834,2267,1567
122000066,518,408,110
122000067,1617,995,622
122000068,1132,1105,27
122000069,925,710,215
122000070,650,1989,-1339
122000071,1352,1221,131
122000072,410,389,21
122000073,422,625,-203
122000074,2808,1512,1296
122000075,758,1198,-440
122000076,2064,1112,952
122000077,1361,740,621
122000078,2661,2495,166
122000079,1604,1030,574
122000080,956,356,600
122000081,251,290,-39
122000082,982,689,293
122000083,1307,2396,-1089
122000084,1103,733,370
122000085,267,1002,-735
122000086,2024,4421,-2397
122000087,407,168,239
122000088,278,409,-131
122000089,4933,2290,2643
122000090,193,455,-262
122000091,303,73,230
122000092,221,28,193
122000093,1709,1256,453
122000094,5745,1903,3842
122000095,2867,2932,-65
122000096,2462,1437,1025
122000098,3216,1748,1468
122000099,2199,624,1575
122000100,935,610,325
122000101,335,684,-349
122000102,1799,1048,751
122000103,2168,1637,531
122000104,376,190,186
122000105,592,218,374
122000106,461,633,-172
122000107,1082,433,649
122000108,526,717,-191
122000109,380,291,89
122000110,395,471,-76
122000111,2553,1168,1385
122000112,825,1254,-429
122000113,632,605,27
122000114,2947,1281,1666
122000115,1775,1264,511
122000116,458,517,-59
122000117,1148,410,738
122000118,539,739,-200
122000119,3470,2564,906
122000120,2288,4448,-2160
122000121,2485,2831,-346
122000122,828,1758,-930
122000123,1805,2010,-205
122000124,1066,611,455
122000125,749,684,65
122000126,627,1282,-655
122000127,1193,1493,-300
122000128,564,797,-233
122000129,507,1352,-845
122000130,2978,1600,1378
122000131,1518,1509,9
122000132,720,621,99
122000133,898,1270,-372
122000134,897,820,77
122000135,777,763,14
122000136,845,753,92
122000137,1422,972,450
122000139,1252,3119,-1867
122000140,909,607,302
122000141,3491,796,2695
122000142,373,768,-395
122000143,524,605,-81
122000144,1735,1230,505
122000145,1523,858,665
122000146,680,1095,-415
122000147,857,452,405
122000148,1956,1697,259
122000149,2110,1553,557
122000150,1229,955,274
122000151,248,345,-97
122000152,405,439,-34
122000153,368,421,-53
122000154,252,197,55
122000155,1349,2293,-944
122000156,2315,2015,300
122000157,1607,1539,68
122000158,438,566,-128
122000159,1064,1588,-524
122000160,3980,2602,1378
122000161,1306,1058,248
122000162,2174,1779,395
122000163,226,118,108
122000164,37,88,-51
122000165,974,580,394
122000166,1147,961,186
122000167,290,225,65
122000168,182,479,-297
122000169,446,193,253
122000170,282,211,71
122000171,43,91,-48
122000172,1394,1357,37
122000173,1287,1958,-671
122000174,2381,813,1568
122000175,1302,277,1025
122000176,296,721,-425
122000177,1496,1327,169
122000178,2600,2275,325
122000179,1386,2301,-915
122000180,1759,1312,447
122000181,1861,2850,-989
122000182,1947,1295,652
122000183,1825,1054,771
122000184,2572,1870,702
122000185,1288,1333,-45
122000186,483,818,-335
122000187,1788,915,873
122000188,411,199,212
122000189,276,363,-87
122000190,915,981,-66
122000191,833,529,304
122000192,1081,286,795
122000193,406,581,-175
122000194,619,195,424
122000195,181,481,-300
122000196,1212,577,635
122000197,566,557,9
122000198,467,792,-325
122000199,380,306,74
122000200,1186,662,524
122000201,1189,1203,-14
122000202,1270,1157,113
122000203,2475,1460,1015
122000204,1754,1907,-153
122000205,1514,1373,141
122000206,2089,773,1316
122000207,1940,1122,818
122000208,2174,1297,877
122000209,1984,415,1569
122000210,2174,1508,666
122000211,1342,879,463
122000212,823,559,264
122000213,1019,1305,-286
122000214,1768,1566,202
122000215,1589,1440,149
122000217,1841,1259,582
122000218,665,105,560
122000219,1193,921,272
122000220,434,711,-277
122000221,84,385,-301
122000222,578,147,431
122000223,1434,488,946
122000225,707,304,403
122000226,2670,1663,1007
122000227,334,2289,-1955
122000228,438,437,1
122000229,44,463,-419
122000230,73,475,-402
122000231,333,708,-375
122000232,740,943,-203
122000233,1,117,-116
122000234,369,152,217
122000235,1006,174,832
122000236,960,137,823
122000237,124,71,53
122000238,412,367,45
122000239,576,132,444
122000240,1203,595,608
122000241,1402,451,951
122000242,816,142,674
122000243,311,86,225
122000244,65,506,-441
122000245,156,252,-96
122000246,387,219,168
122000247,633,818,-185
122000248,1285,1947,-662
122000249,1538,841,697
122000250,2139,1158,981
122000251,306,454,-148
122000252,550,157,393
122000253,54,213,-159
122000254,286,134,152
122000255,719,1549,-830
122000256,451,976,-525
122000257,195,315,-120
122000258,304,292,12
122000259,26,453,-427
122000260,14,97,-83
122000261,6,225,-219
122000262,0,60,-60
122000263,255,73,182
122000264,949,443,506
122000265,2181,810,1371
122000266,4350,618,3732
122000267,173,103,70
122000268,189,351,-162
122000269,861,307,554
122000270,809,174,635
122000271,358,914,-556
122000272,354,926,-572
122000273,518,467,51
122000274,272,180,92
122000275,174,210,-36
122000276,804,497,307
122000277,1279,1331,-52
122000278,1703,787,916
122000279,216,448,-232
122000280,891,705,186
122000281,792,639,153
122000282,245,182,63
122000283,840,91,749
122000284,203,98,105
122000285,691,97,594
122000286,217,180,37
122000287,1271,1159,112
122000288,702,240,462
122000291,1663,823,840
122000293,305,270,35
122000294,145,202,-57
122000295,1659,236,1423
122000296,113,641,-528
122000297,2486,2669,-183
122000299,375,373,2
122000300,515,517,-2
122000301,9371,3253,6118
122000302,723,1226,-503
122000303,3376,1405,1971
122000304,76,226,-150
122000305,978,808,170
122000306,29,668,-639
122000307,147,154,-7
122000309,91,81,10
122000310,47,94,-47
122000311,308,141,167
122000312,185,153,32
122000313,196,58,138
122000314,135,216,-81
122000315,296,45,251
122000316,682,237,445
122000317,1171,253,918
122000318,204,401,-197
122000319,254,455,-201
122000320,548,1578,-1030
122000321,76,170,-94
122000322,2257,2277,-20
122000323,1652,2051,-399
122000324,1175,1081,94
122000325,842,1427,-585
122000326,64,80,-16
122000327,575,810,-235
122000328,885,604,281
122000330,1780,744,1036
122000332,241,412,-171
122000333,11,139,-128
122000337,901,1385,-484
122000338,358,342,16
122000340,404,371,33
122000342,1703,916,787
122000343,507,1052,-545
122000344,48,24,24
122000345,12,31,-19
122000346,380,475,-95
122000348,631,660,-29
122000349,135,681,-546
122000351,127,198,-71
122000352,464,111,353
122000353,69,104,-35
122000355,140,167,-27
122000356,1285,923,362
122000357,110,25,85
122000358,0,63,-63
122000359,0,34,-34
122000360,0,36,-36
122000362,7,83,-76
122000364,149,377,-228
122000365,2,55,-53
122000366,10,9,1
122000368,443,626,-183
122000370,48,62,-14
122000371,44,0,44
122000372,30,2,28
122000381,91,327,-236
122000382,82,224,-142
122000384,2925,1387,1538
122000385,74,0,74
122000386,692,1244,-552
122000387,600,517,83
122000388,1269,702,567
122000389,147,554,-407
122000390,400,202,198
122000391,371,134,237
122000392,181,189,-8
122000393,658,168,490
122000394,593,265,328
122000395,203,192,11
122000396,332,133,199
122000397,64,78,-14
122000398,62,48,14
122000399,211,65,146
122000400,167,455,-288
122000401,113,97,16
122000402,262,91,171
122000403,442,814,-372
122000404,135,319,-184
122000408,809,1039,-230
122000503,11,119,-108
122000524,159,114,45
122000544,60,2928,-2868
122000614,368,312,56
122000616,302,3,299
122000640,100,150,-50
122000641,98,356,-258
122000642,1507,1025,482
122000643,45,109,-64
122000644,138,25,113
122000645,108,209,-101
122000651,1568,711,857
122000664,186,29,157
122000665,1289,576,713
122000666,640,1115,-475
122000673,64,263,-199
122000674,146,61,85
122000675,1837,977,860
122000686,483,937,-454
122000687,1837,341,1496
122000688,324,610,-286
122000689,872,524,348
122000690,1769,563,1206
122000691,582,1779,-1197
122000692,1238,399,839
122000693,438,1553,-1115
122000695,349,420,-71
122000696,338,262,76
122000698,303,604,-301
122000699,170,68,102
122000701,1309,368,941
122000702,465,1161,-696
122000703,136,52,84
122000712,0,2,-2
122000717,177,73,104
122000718,936,1608,-672
122000719,131,78,53
122000720,453,304,149
122000724,287,252,35
122900001,32,8,24
122900002,1223,4063,-2840
122900003,348,61,287
122900004,586,33,553
122900005,96,35,61
122900006,1727,230,1497
122900007,133,54,79
122900008,876,35,841
122900009,760,420,340
122900010,242,153,89
122900012,219,275,-56
122900014,179,317,-138
122900015,1851,868,983
122900016,131,233,-102
122900017,340,704,-364
122900018,177,39,138
122900019,27,163,-136
122900020,436,332,104
122900021,71,671,-600
122900022,699,632,67
122900023,311,161,150
122900024,135,96,39
122900025,27,199,-172
122900026,87,283,-196
122900027,75,641,-566
122900028,143,186,-43
122900029,3876,2644,1232
122900030,844,494,350
122900031,90,224,-134
122900032,100,407,-307
122900033,355,148,207
122900034,3735,4463,-728
122900035,69,61,8
122900036,69,109,-40
122900037,341,137,204
122900038,188,3006,-2818
122900039,113,447,-334
122900040,270,279,-9
122900041,342,202,140
122900042,146,294,-148
122900043,325,148,177
122900044,90,363,-273
122900045,119,123,-4
122900046,201,99,102
122900047,219,167,52
122900048,60,244,-184
122900049,1474,157,1317
122900051,74,116,-42
122900052,81,182,-101
122900053,32,22,10
122900055,380,159,221
122900057,311,47,264
122900061,486,257,229
122900062,507,769,-262
122900063,220,314,-94
122900064,1191,354,837
122900065,588,227,361
122900066,680,435,245
122900067,1093,705,388
122900069,361,1746,-1385
122900070,382,52,330
122900071,173,385,-212
122900073,48,359,-311
122900074,715,657,58
122900075,3,75,-72
122900076,4,226,-222
122900077,1,133,-132
122900078,190,83,107
122900080,66,34,32
122900081,374,135,239
122900082,863,253,610
122900083,216,174,42
122900084,12,224,-212
122900086,2,73,-71
122900087,334,422,-88
122900088,42,116,-74
122900089,39,98,-59
122900090,12,581,-569
122900091,207,6,201
122900092,0,165,-165
122900093,0,230,-230
122900094,2,172,-170
122900095,168,5,163
122900096,475,358,117
122900097,32,31,1
122900098,76,115,-39
122900099,48,10,38
122900100,715,184,531
122900101,589,296,293
122900102,24,29,-5
122900103,179,12,167
122900104,136,11,125
122900105,11,17,-6
122900106,3,78,-75
122900107,4,219,-215
122900108,21,204,-183
122900109,211,119,92
123000001,1486,384,1102
123000002,3767,3833,-66
123000003,3448,3474,-26
123000004,3116,3880,-764
123000005,2475,2837,-362
123000006,2279,2529,-250
123000007,3917,2503,1414
123000008,3003,3276,-273
123000009,4213,2921,1292
123000010,3284,3086,198
123000011,2583,810,1773
123000012,889,2040,-1151
123000013,3508,1006,2502
123000014,1212,3173,-1961
123000015,3624,959,2665
123000016,4444,3534,910
123000017,3065,1983,1082
123000018,65,176,-111
123000019,300,289,11
123000020,163,149,14
123000021,81,333,-252
123000022,363,2950,-2587
123000023,1547,1569,-22
123000024,1495,621,874
123000025,299,239,60
123000026,69,99,-30
123000027,1033,327,706
123000028,2064,350,1714
123000029,2298,540,1758
123000030,390,433,-43
123000031,157,272,-115
123000032,343,228,115
123000033,329,105,224
123000034,1462,1244,218
123000035,367,419,-52
123000036,285,865,-580
123000037,288,291,-3
123000038,66,197,-131
123000039,409,1266,-857
123000040,773,390,383
123000041,1395,1146,249
123000042,995,674,321
123000043,2694,5482,-2788
123000044,4655,2282,2373
123000045,7019,2698,4321
123000046,840,1171,-331
123000047,2260,1086,1174
123000048,54,541,-487
123000049,6070,7136,-1066
123000050,1241,1259,-18
123000051,119,200,-81
123000052,878,2723,-1845
123000053,2603,3040,-437
123000054,1326,1222,104
123000055,1063,1875,-812
123000056,1682,1638,44
123000057,13322,6454,6868
123000058,804,992,-188
123000059,597,557,40
123000060,829,299,530
123000061,355,681,-326
123000063,818,918,-100
123000064,864,294,570
123000065,5032,2848,2184
123000066,863,644,219
123000067,970,796,174
123000068,3024,2859,165
123000069,6635,3192,3443
123000070,340,709,-369
123000071,948,1012,-64
123000072,1001,1003,-2
123000073,1021,859,162
123000074,1087,1315,-228
123000075,323,964,-641
123000076,709,716,-7
123000077,2027,2789,-762
123000078,1433,1865,-432
123000079,1290,1868,-578
123000080,2257,1898,359
123000081,127,400,-273
123000082,388,1134,-746
123000083,934,275,659
123000084,583,671,-88
123000085,254,123,131
123000086,493,233,260
123000087,386,373,13
123000088,1778,967,811
123000089,496,1105,-609
123000090,1189,933,256
123000091,1452,1530,-78
123000092,1008,1208,-200
123000094,420,242,178
123000095,640,692,-52
123000096,685,425,260
123000097,455,769,-314
123000098,673,603,70
123000099,644,821,-177
123000100,565,668,-103
123000101,641,600,41
123000102,615,616,-1
123000104,456,448,8
123000105,439,505,-66
123000106,500,376,124
123000107,435,518,-83
123000108,839,1133,-294
123000111,702,390,312
123000112,940,559,381
123000113,397,1102,-705
123000114,462,652,-190
123000115,325,333,-8
123000116,48,138,-90
123000117,1933,1915,18
123000118,393,981,-588
123000119,271,998,-727
123000120,458,851,-393
123000121,473,613,-140
123000122,277,232,45
123000123,434,608,-174
123000124,456,466,-10
123000125,882,821,61
123000126,1513,4223,-2710
123000127,835,723,112
123000128,336,274,62
123000129,644,257,387
123000130,506,91,415
123000131,702,729,-27
123000132,394,518,-124
123000133,324,371,-47
123000134,402,174,228
123000135,1584,963,621
123000136,280,942,-662
123000137,134,306,-172
123000138,137,423,-286
123000139,383,142,241
123000140,132,799,-667
123000141,790,138,652
123000142,1030,1027,3
123000143,1826,1941,-115
123000144,18,13,5
123000145,252,118,134
123000146,21,80,-59
123000147,133,121,12
123000149,377,396,-19
123000150,166,235,-69
123000151,299,407,-108
123000152,155,357,-202
123000153,191,647,-456
123000154,2051,1817,234
123000155,2097,967,1130
123000156,65,136,-71
123000157,654,934,-280
123000158,554,835,-281
123000159,2781,2233,548
123000160,1181,894,287
123000161,1577,1075,502
123000162,1197,1618,-421
123000163,400,90,310
123000164,1223,403,820
123000165,414,1632,-1218
123000166,39,177,-138
123000167,166,300,-134
123000168,341,275,66
123000169,675,173,502
123000170,95,233,-138
123000171,571,46,525
123000172,206,601,-395
123000173,417,296,121
123000174,787,406,381
123000175,676,1198,-522
123000176,1151,259,892
123000177,321,990,-669
123000178,801,191,610
123000179,51,600,-549
123000180,1190,418,772
123000181,224,1029,-805
123000183,203,621,-418
123000184,100,540,-440
123000186,0,681,-681
123000187,601,4,597
123000188,201,3,198
123000189,164,210,-46
123000190,50,51,-1
123000192,31,497,-466
123000193,88,958,-870
123000194,637,425,212
123000195,321,29,292
123000196,258,66,192
123000197,77,195,-118
123000198,65,274,-209
123000199,16,535,-519
123000200,493,5,488
123000201,883,29,854
123000202,16,1110,-1094
123000203,849,70,779
123000204,116,1317,-1201
123000205,588,2050,-1462
123000206,2107,249,1858
123000207,138,962,-824
123000208,636,172,464
123000209,2007,719,1288
123000210,571,2180,-1609
123000211,604,2427,-1823
123000212,2580,534,2046
123000213,724,107,617
123000215,149,199,-50
123000216,123,632,-509
123000217,169,55,114
123000218,54,497,-443
123000219,824,128,696
123000220,541,101,440
123000221,326,150,176
123000222,354,337,17
123000223,217,350,-133
123000224,467,571,-104
123000225,264,93,171
123000226,102,325,-223
123000227,126,286,-160
123000228,301,100,201
123000229,979,1763,-784
123000232,122,661,-539
123000233,625,223,402
123000234,169,722,-553
123000235,712,279,433
123000236,231,811,-580
123000237,348,89,259
123000238,119,554,-435
123000239,553,1393,-840
123000240,50,393,-343
123000241,539,110,429
123000242,120,184,-64
123000243,895,850,45
123000244,1025,703,322
123000245,76,220,-144
123000249,317,631,-314
123000252,764,280,484
123000253,981,500,481
123000254,757,964,-207
123000255,972,917,55
123000256,35,213,-178
123000257,2383,1870,513
123000258,1271,1530,-259
123000259,337,432,-95
123000260,349,459,-110
123000261,173,132,41
123000262,133,199,-66
123000263,308,125,183
123000264,150,72,78
123000265,54,151,-97
123000266,506,707,-201
123000267,425,352,73
123000268,37,81,-44
123000269,68,50,18
123000270,30,47,-17
123000271,62,77,-15
123000272,637,319,318
123000273,174,671,-497
123000274,1050,598,452
123000275,300,818,-518
123000278,3015,2558,457
123000279,103,105,-2
123000280,392,356,36
123000281,337,118,219
123000282,125,293,-168
123000283,85,55,30
123000284,65,134,-69
123000286,270,266,4
123000287,533,248,285
123000288,1202,689,513
123000289,467,941,-474
123000291,244,769,-525
123000294,244,305,-61
123000295,979,955,24
123000296,551,399,152
123000297,624,743,-119
123000298,585,550,35
123000299,50,228,-178
123000300,969,1008,-39
123000301,130,238,-108
123000302,72,233,-161
123000303,128,160,-32
123000305,971,868,103
123000306,120,181,-61
123000309,40,96,-56
123000310,66,36,30
123000311,1,135,-134
123000312,825,1437,-612
123000313,1041,616,425
123000315,86,366,-280
123000316,1247,400,847
123000317,303,82,221
123000318,60,207,-147
123000329,2,10,-8
123000337,809,227,582
123000338,1019,42,977
123000339,192,194,-2
123000340,204,413,-209
123000342,21,142,-121
123000343,43,17,26
123000344,1310,505,805
123000345,391,603,-212
123000346,304,51,253
123000352,1509,769,740
123000353,25,126,-101
123000354,504,2,502
123000355,1,443,-442
123000356,317,5,312
123000357,1,168,-167
123000359,9,174,-165
123000360,175,93,82
123000361,341,302,39
123000362,292,118,174
123000363,94,187,-93
123000364,497,380,117
123000365,44,357,-313
123000366,448,1755,-1307
123000367,867,1526,-659
123000370,50,249,-199
123000371,609,27,582
123000372,448,22,426
123000373,10,411,-401
123000374,46,208,-162
123000375,369,50,319
123000376,681,626,55
123000377,255,19,236
123000378,13,207,-194
123000379,4,222,-218
123000380,65,400,-335
123000381,179,68,111
123000382,1055,138,917
123000383,214,1281,-1067
123000384,470,91,379
123000385,462,620,-158
123000436,34,587,-553
123000507,198,272,-74
123000508,249,698,-449
123000517,309,38,271
123000518,40,276,-236
123000519,176,87,89
123000520,67,233,-166
123000521,288,109,179
123000522,155,415,-260
123000541,7,4,3
123000542,1,18,-17
123000565,744,58,686
123000566,321,751,-430
123000567,90,292,-202
123000573,71,735,-664
123000574,785,82,703
123000575,1173,976,197
123000576,752,1283,-531
123000577,81,533,-452
123000578,530,83,447
123000579,3223,4075,-852
123000580,103,34,69
123000582,359,32,327
123000583,18,338,-320
123000584,190,259,-69
123000585,0,116,-116
123000586,61,0,61
123000596,88,154,-66
123000597,78,114,-36
123000602,22,13,9
123000603,552,522,30
123000604,499,721,-222
123000605,1050,20,1030
123000606,3,305,-302
123000609,22,317,-295
123000610,159,137,22
123000613,62,227,-165
123000614,262,59,203
123000615,91,205,-114
123000616,537,56,481
123000617,125,345,-220
123000618,99,481,-382
123000619,608,51,557
123000620,34,380,-346
123000622,380,16,364
123000624,133,72,61
123000630,1157,322,835
123000631,262,1484,-1222
123000632,1070,1188,-118
123000633,13,459,-446
123000634,72,121,-49
123000635,105,109,-4
123000636,252,893,-641
123000637,241,43,198
123000638,686,64,622
123000639,859,3464,-2605
123000640,39,791,-752
123000648,334,97,237
123000649,58,620,-562
123000650,442,332,110
123000651,59,505,-446
123900001,1034,55,979
123900002,31,1378,-1347
123900003,365,369,-4
123900005,188,158,30
123900006,262,50,212
124000001,1821,215,1606
124000002,92,1644,-1552
124000003,717,168,549
124000004,82,474,-392
124000005,964,555,409
124000006,224,1145,-921
124000007,418,103,315
124000008,22,534,-512
124000009,633,290,343
124000010,293,508,-215
124000011,820,290,530
124000012,244,568,-324
124000017,113,140,-27
124000018,101,79,22
124000019,132,179,-47
124000020,60,223,-163
124000021,106,91,15
124000022,103,228,-125
124000023,1423,1231,192
124000024,932,532,400
124000025,1043,1471,-428
124000026,1042,910,132
124000027,4006,4251,-245
124000028,2473,3659,-1186
124000030,1678,818,860
124000031,1332,2368,-1036
124000032,2455,1139,1316
124000033,907,518,389
124000034,721,1124,-403
124000035,330,186,144
124000036,166,576,-410
124000037,602,1055,-453
124000038,63,116,-53
124000039,1150,506,644
124000040,604,1122,-518
124000041,408,91,317
124000042,145,439,-294
124000043,192,118,74
124000044,123,228,-105
124000045,778,562,216
124000046,315,740,-425
124000047,1221,881,340
124000048,1028,1276,-248
124000049,1659,684,975
124000050,883,1796,-913
124000051,779,572,207
124000052,659,1080,-421
124000053,600,1388,-788
124000054,931,634,297
124000055,1167,2167,-1000
124000056,2410,1640,770
124000057,884,592,292
124000058,471,1391,-920
124000059,604,1063,-459
124000060,1189,743,446
124000061,1359,4535,-3176
124000062,4075,1807,2268
124000063,1542,1770,-228
124000064,2423,1536,887
124000065,66,291,-225
124000066,357,90,267
124000067,190,253,-63
124000068,78,225,-147
124000069,732,253,479
124000070,236,436,-200
124000071,685,136,549
124000072,190,317,-127
124000073,857,181,676
124000074,360,762,-402
124000075,255,52,203
124000076,10,184,-174
124000077,1918,688,1230
124000078,2873,1390,1483
124000079,445,975,-530
124000080,668,214,454
124000081,259,460,-201
124000082,45,162,-117
124000083,79,111,-32
124000084,109,441,-332
124000085,107,24,83
124000086,71,83,-12
124000087,254,87,167
124000088,181,326,-145
124000089,786,384,402
124000090,137,430,-293
124000091,515,177,338
124000092,121,712,-591
124000093,107,145,-38
124000094,117,508,-391
124000095,75,129,-54
124000096,179,271,-92
124000097,165,195,-30
124000098,86,150,-64
124000099,273,132,141
124000100,60,126,-66
124000101,82,153,-71
124000102,135,66,69
124000103,91,170,-79
124000104,137,72,65
124000105,80,110,-30
124000106,119,99,20
124000107,18,155,-137
124000108,59,40,19
124000109,128,130,-2
124000110,305,123,182
124000111,169,228,-59
124000112,607,648,-41
124000113,93,112,-19
124000114,311,425,-114
124000115,422,664,-242
124000116,108,185,-77
124000117,63,75,-12
124000118,65,85,-20
124000119,992,441,551
124000120,444,433,11
124000121,1441,631,810
124000122,588,1322,-734
124000123,1152,482,670
124000124,479,1119,-640
124000125,378,473,-95
124000126,259,623,-364
124000127,722,467,255
124000128,581,946,-365
124000129,1779,1459,320
124000130,780,701,79
124000131,878,636,242
124000132,861,777,84
124000133,729,774,-45
124000134,763,671,92
124000135,1498,1437,61
124000136,882,1045,-163
124000137,1237,666,571
124000138,1230,1209,21
124000139,1136,56,1080
124000140,93,574,-481
124000141,726,50,676
124000142,64,628,-564
124000143,165,25,140
124000144,11,183,-172
124000145,261,43,218
124000146,120,97,23
124000148,22,134,-112
124000149,1264,487,777
124000150,374,635,-261
124000151,925,464,461
124000152,757,1362,-605
124000153,674,737,-63
124000154,317,755,-438
124000155,1268,1099,169
124000156,1787,1146,641
124000169,188,371,-183
124000170,574,477,97
124000171,315,198,117
124000172,326,637,-311
124000173,386,177,209
124000174,435,592,-157
124000175,12,97,-85
124000176,39,19,20
124000177,6,43,-37
124000178,70,40,30
124000185,54,28,26
124000186,7,70,-63
124000187,10,113,-103
124000188,65,8,57
124000190,139,48,91
124000191,212,91,121
124000192,1849,331,1518
124000193,464,735,-271
124000194,442,493,-51
124000195,271,584,-313
124000196,1014,1078,-64
124000197,66,58,8
124000198,28,66,-38
124000201,439,823,-384
124000202,705,58,647
124000203,347,639,-292
124000204,670,170,500
124000205,96,464,-368
124000206,673,100,573
124000207,0,51,-51
124000209,299,484,-185
124000210,390,231,159
124000211,494,2,492
124000212,2,458,-456
124000213,380,293,87
124000214,304,770,-466
124000215,522,30,492
124000216,2,425,-423
124000329,23,837,-814
124000338,242,1334,-1092
124000339,874,173,701
124000341,1285,116,1169
124000344,147,83,64
124000357,701,1888,-1187
124000358,660,1384,-724
124000359,859,695,164
124000360,594,465,129
124000361,1469,729,740
124000362,1205,1321,-116
124000363,237,285,-48
124000364,505,682,-177
124000365,625,988,-363
124000366,1373,685,688
124000367,142,463,-321
124000368,541,371,170
124000369,110,122,-12
124000370,65,398,-333
124000402,58,11,47
124000403,143,27,116
124000404,19,121,-102
124000405,995,904,91
124000406,812,836,-24
124000407,2,62,-60
124000411,12,329,-317
124000412,444,24,420
124000413,382,48,334
124000414,54,129,-75
124000415,50,164,-114
124000416,196,264,-68
124000417,185,120,65
124000418,139,164,-25
124000419,118,150,-32
124000420,98,109,-11
124000421,38,228,-190
124000422,21,13,8
124000423,115,30,85
124000424,7,143,-136
124000425,142,20,122
124000426,14,225,-211
124000427,178,9,169
124000428,11,74,-63
124000429,67,58,9
124000430,444,187,257
124000431,383,464,-81
124000432,213,751,-538
124000439,0,8,-8
124000443,0,3,-3
124000445,626,947,-321
124000446,1579,105,1474
124000447,32,162,-130
124000448,68,18,50
124000449,130,12,118
124000450,19,212,-193
124000451,4,133,-129
124900001,534,398,136
124900002,136,364,-228
124900003,907,829,78
124900004,543,450,93
124900005,252,136,116
124900006,615,383,232
124900008,1474,580,894
124900009,148,300,-152
124900010,188,145,43
124900011,400,274,126
124900012,436,108,328
124900013,525,148,377
124900014,451,79,372
124900015,134,351,-217
124900016,42,98,-56
124900017,638,1155,-517
124900018,48,15,33
124900020,63,70,-7
124900021,255,60,195
124900022,138,19,119
124900024,203,50,153
124900026,372,40,332
124900027,91,314,-223
124900028,445,95,350
124900029,13,487,-474
124900030,9,103,-94
124900031,41,283,-242
124900032,185,267,-82
124900033,127,324,-197
124900034,8,114,-106
124900035,178,385,-207
124900036,5,57,-52
124900037,186,288,-102
124900039,4,35,-31
124900040,123,83,40
124900042,125,1,124
124900043,596,1315,-719
124900044,71,2,69
124900045,874,1035,-161
124900047,709,472,237
124900048,204,167,37
124900050,209,284,-75
124900052,122,333,-211
124900053,268,471,-203
124900054,1102,480,622
124900055,5,354,-349
124900057,8,60,-52
124900060,850,713,137
124900061,117,17,100
124900062,148,23,125
124900066,3,194,-191
124900067,4,138,-134
124900068,238,438,-200
124900070,70,30,40
124900072,115,47,68
124900075,241,254,-13
124900076,33,1151,-1118
124900077,35,149,-114
124900078,115,19,96
124900079,725,194,531
124900080,383,775,-392
124900081,847,381,466
124900082,629,1650,-1021
124900083,461,1044,-583
124900085,2801,877,1924
124900086,59,1063,-1004
124900087,1637,150,1487
124900088,1053,314,739
124900089,1467,45,1422
124900090,259,239,20
124900091,290,390,-100
124900092,198,308,-110
124900093,270,184,86
124900094,359,274,85
124900095,90,454,-364
124900096,514,280,234
124900097,309,104,205
124900098,133,405,-272
124900099,496,481,15
124900100,296,134,162
124900101,196,256,-60
124900102,188,74,114
124900103,178,213,-35
124900104,92,166,-74
124900105,121,118,3
124900106,339,65,274
124900107,85,15,70
124900108,185,87,98
124900111,2,120,-118
124900112,247,795,-548
124900113,139,256,-117
124900114,216,160,56
124900115,147,36,111
124900116,174,149,25
124900117,474,123,351
124900118,201,289,-88
124900119,356,211,145
124900120,82,356,-274
124900121,123,458,-335
124900122,433,221,212
124900123,385,167,218
124900124,108,444,-336
204000001,113,10,103
204000002,44,12,32
204000003,19,4,15
204000004,17,1,16
204000005,708,556,152
204000006,1257,1270,-13
204000011,16,60,-44
204000012,68,125,-57
204000019,573,566,7
204000020,539,618,-79
204000021,1438,757,681
204000022,632,534,98
204000023,649,987,-338
204000031,218,24,194
204000032,605,45,560
204000034,55,198,-143
204000035,1,3,-2
204000036,9,28,-19
204000037,3,16,-13
204000038,1,22,-21
204000039,22,38,-16
204000040,4,29,-25
204000041,8,25,-17
204000042,26,10,16
204000043,27,5,22
204000044,44,1,43
204000045,42,6,36
204000046,2,0,2
204000057,4,11,-7
204000062,29,84,-55
204000068,44,285,-241
204000069,44,301,-257
204000070,86,143,-57
204000080,53,61,-8
204000085,2006,1911,95
204000086,2852,2204,648
204000087,48,18,30
204000088,7,107,-100
204000090,117,281,-164
204000093,297,94,203
204000096,889,1075,-186
204000097,375,48,327
204000099,1074,1502,-428
204000100,1337,2040,-703
204000105,2453,1680,773
204000110,993,1047,-54
204000111,419,552,-133
204000112,667,494,173
204000113,467,607,-140
204000114,667,543,124
204000115,438,318,120
204000116,633,356,277
204000119,2019,2682,-663
204000132,555,340,215
204000133,702,471,231
204000134,198,154,44
204000135,603,143,460
204000136,652,314,338
204000138,379,410,-31
204000140,234,151,83
204000141,160,89,71
204000144,4,15,-11
204000145,513,39,474
204000146,36,290,-254
204000147,85,249,-164
204000148,573,46,527
204000154,8,0,8
204000155,1,7,-6
204000177,65,55,10
204000179,31,11,20
204000180,0,54,-54
204000222,4,5,-1
204000235,16,15,1
204000236,83,280,-197
204000238,25,30,-5
204000240,353,87,266
204000263,777,1177,-400
204000268,1163,794,369
204000308,167,32,135
204000317,10,72,-62
204000322,10,24,-14
204000323,11,10,1
204000328,209,101,108
204000329,103,214,-111
204000330,170,71,99
204000331,125,155,-30
205000001,1190,2041,-851
205000013,7,68,-61
205000014,22,71,-49
205000015,27,186,-159
205000016,9,171,-162
205000017,23,78,-55
205000022,407,1010,-603
205000025,1483,1273,210
205000029,222,6,216
205000045,106,346,-240
205000046,90,645,-555
205000047,42,562,-520
205000048,449,1397,-948
205000049,178,1046,-868
205000050,987,357,630
205000059,1,196,-195
205000060,1,81,-80
205000061,1,70,-69
205000062,4,102,-98
205000063,30,67,-37
205000064,10,91,-81
205000065,52,518,-466
205000066,111,924,-813
205000067,35,984,-949
205000069,226,16,210
205000082,176,195,-19
205000110,87,317,-230
205000111,217,281,-64
205000112,273,248,25
205000113,166,404,-238
205000121,251,57,194
205000123,27,205,-178
205000126,430,161,269
205000127,684,235,449
205000128,642,97,545
205000129,696,105,591
205000130,594,35,559
205000131,179,5,174
205000132,379,3,376
205000133,351,0,351
205000134,313,0,313
205000137,45,136,-91
205000138,134,303,-169
205000139,31,138,-107
205000144,162,84,78
205000145,389,263,126
205000151,195,47,148
205000152,199,36,163
205000153,261,56,205
205000154,70,57,13
205000155,115,9,106
205000207,3,137,-134
205000233,21,0,21
205000234,0,1,-1
205000243,0,2,-2
205000244,0,14,-14
205000245,17,149,-132
205000249,1,29,-28
205000250,2,0,2
205000264,6,78,-72
206000027,5,3,2
206000028,1,1,0
206000043,6,42,-36
206000053,2,10,-8
206000054,0,19,-19
206000055,1,27,-26
206000075,8,6,2
206000076,22,18,4
206000077,22,7,15
206000078,32,8,24
206000079,14,5,9
206000082,280,42,238
206000100,35,471,-436
206000103,4,16,-12
206000104,24,26,-2
206000105,7,12,-5
206000106,9,30,-21
206000125,54,0,54
206000157,71,496,-425
206000170,0,160,-160
206000171,1,192,-191
206000172,12,436,-424
206000173,3,203,-200
206000174,5,72,-67
206000175,3,122,-119
206000176,11,191,-180
206000177,0,141,-141
206000178,1,132,-131
206000179,11,56,-45
206000180,9,103,-94
206000181,14,150,-136
206000182,13,184,-171
206000183,20,546,-526
206000184,6,252,-246
206000185,3,156,-153
206000186,151,885,-734
206000223,12,156,-144
206000226,13,0,13
206000227,13,1,12
206000237,28,301,-273
206000238,19,467,-448
206000239,257,1724,-1467
206000240,1,38,-37
206000241,0,89,-89
206000242,8,215,-207
206000243,8,216,-208
206000244,40,511,-471
206000245,566,72,494
206000246,159,17,142
206000247,150,8,142
206000248,339,18,321
206000252,77,24,53
206000258,23,22,1
206000315,21,6,15
206000317,445,72,373
206000318,360,73,287
206000319,956,110,846
206000320,138,37,101
206000321,139,10,129
206000322,301,17,284
206000323,133,3,130
206000324,110,3,107
206000325,180,9,171
206000326,162,7,155
206000327,289,5,284
206000328,144,1,143
206000329,233,6,227
206000330,38,4,34
206000331,124,2,122
206000332,42,4,38
206000333,470,0,470
206000334,202,0,202
206000335,0,19,-19
206000361,3,143,-140
206000392,1,19,-18
206000405,109,4,105
206000441,21,13,8
206000498,22,6,16
206000515,53,44,9
206000530,210,39,171
206000531,189,148,41
206000532,1614,217,1397
206000535,240,1593,-1353
206000536,11,149,-138
206000537,32,127,-95
206000613,1091,198,893
206000784,411,31,380
207000001,166,499,-333
207000002,131,313,-182
207000003,137,137,0
207000007,983,332,651
207000008,84,10,74
207000009,103,43,60
207000010,609,419,190
207000012,282,281,1
207000015,371,1310,-939
207000019,335,96,239
207000021,564,207,357
207000022,150,123,27
207000023,214,56,158
207000024,1,8,-7
207000025,32,74,-42
207000026,94,30,64
207000027,20,61,-41
207000028,43,178,-135
207000029,188,384,-196
207000033,256,351,-95
207000034,244,75,169
207000039,322,137,185
207000040,222,113,109
207000041,253,44,209
207000042,169,70,99
207000043,201,173,28
207000051,216,231,-15
207000052,273,148,125
207000053,423,504,-81
207000054,41,119,-78
207000055,152,165,-13
207000056,257,343,-86
207000057,135,211,-76
207000058,296,340,-44
207000059,99,589,-490
207000060,77,241,-164
207000061,262,371,-109
207000062,282,47,235
207000063,321,130,191
207000064,327,169,158
207000065,350,242,108
207000066,213,171,42
207000067,58,115,-57
207000068,109,59,50
207000069,596,384,212
207000082,11,249,-238
207000083,129,266,-137
207000084,230,228,2
207000085,205,23,182
207000086,189,8,181
207000106,35,39,-4
207000107,83,28,55
207000108,61,26,35
207000109,76,21,55
207000110,87,101,-14
207000111,65,105,-40
207000112,212,569,-357
207000114,33,50,-17
207000115,30,101,-71
207000116,31,434,-403
207000117,11,103,-92
207000118,9,90,-81
207000119,27,90,-63
207000123,181,30,151
207000124,51,30,21
207000125,58,69,-11
207000126,73,122,-49
207000134,66,145,-79
207000135,15,267,-252
207000148,49,294,-245
207000149,101,50,51
207000152,109,350,-241
207000153,874,1105,-231
207000154,441,166,275
207000159,143,184,-41
207000160,147,408,-261
207000238,2,179,-177
207000242,5,173,-168
207000248,116,32,84
207000249,143,57,86
207000250,589,81,508
207000251,98,75,23
207000252,95,77,18
207000278,87,72,15
207000279,14,146,-132
207000280,516,72,444
207000281,100,916,-816
207000282,312,123,189
207000283,147,166,-19
207000284,86,155,-69
207000285,110,55,55
207000291,16,116,-100
207000304,97,61,36
207000306,75,353,-278
207000310,54,89,-35
207000353,287,5,282
207000356,12,18,-6
207000357,26,11,15
207000358,4,7,-3
207000415,4,181,-177
207000417,46,5,41
207000418,118,171,-53
207000438,0,2,-2
207000439,963,587,376
207000446,142,6,136
207000460,20,25,-5
207000466,238,132,106
207000467,193,99,94
207000468,70,366,-296
207000476,13,63,-50
207000477,559,70,489
207000478,6,41,-35
207000523,0,33,-33
207000524,99,1,98
207000527,120,180,-60
207000530,439,16,423
207000531,293,17,276
207000532,70,15,55
207000534,466,52,414
207000535,45,403,-358
207000537,14,118,-104
207000540,22,205,-183
207000541,1,282,-281
207000548,33,256,-223
207000549,656,23,633
207000561,157,171,-14
207000562,44,215,-171
207000567,184,226,-42
207000568,192,130,62
207000569,370,697,-327
207000584,304,199,105
207000585,64,420,-356
207000587,129,36,93
207000616,2,151,-149
207000617,164,2,162
207000624,88,60,28
207000631,5,99,-94
207900008,238,136,102
208000001,576,873,-297
208000002,879,459,420
208000003,1123,425,698
208000004,1170,576,594
208000005,15,14,1
208000019,781,1078,-297
208000020,131,597,-466
208000021,221,374,-153
208000022,1112,586,526
208000028,1171,772,399
208000033,516,544,-28
208000034,1181,1127,54
208000037,276,13,263
208000040,121,156,-35
208000041,878,613,265
208000042,1274,730,544
208000047,123,239,-116
208000064,2575,1512,1063
208000066,1837,1942,-105
208000070,307,465,-158
208000071,333,1000,-667
208000072,311,1355,-1044
208000080,257,393,-136
208000081,371,163,208
208000082,314,320,-6
208000083,151,483,-332
208000084,19,21,-2
208000085,992,658,334
208000086,481,1132,-651
208000087,779,858,-79
208000089,839,374,465
208000090,821,662,159
208000093,159,94,65
208000094,459,370,89
208000095,746,437,309
208000104,867,1114,-247
208000105,897,1191,-294
208000114,82,326,-244
208000115,542,442,100
208000116,465,970,-505
208000117,180,146,34
208000118,89,141,-52
208000155,759,1117,-358
208000158,1579,3141,-1562
208000186,4030,3791,239
208000204,687,882,-195
208000205,1188,1011,177
208000282,5803,2787,3016
209000004,321,171,150
209000005,50,35,15
209000006,375,183,192
209000007,218,246,-28
209000010,480,135,345
209000011,258,244,14
209000012,190,166,24
209000013,308,358,-50
209000014,547,1110,-563
209000025,259,54,205
209000026,560,115,445
209000027,557,718,-161
209000028,385,663,-278
209000029,552,599,-47
209000030,530,1245,-715
209000031,2529,2125,404
209000034,170,189,-19
209000035,110,184,-74
209000036,158,125,33
209000037,215,270,-55
209000038,94,151,-57
209000039,41,143,-102
209000040,274,563,-289
209000041,169,451,-282
209000042,213,430,-217
209000043,686,969,-283
209000044,187,830,-643
209000045,1582,485,1097
209000046,479,565,-86
209000047,638,244,394
209000048,645,390,255
209000049,102,171,-69
209000050,212,182,30
209000051,378,413,-35
209000052,210,376,-166
209000062,56,110,-54
209000063,67,88,-21
209000064,33,116,-83
209000065,62,24,38
209000066,50,27,23
209000067,84,61,23
209000080,24,236,-212
209000082,76,32,44
209000091,44,104,-60
209000093,51,31,20
209000094,211,230,-19
209000110,57,106,-49
209000111,443,1196,-753
209000112,777,473,304
209000113,1348,495,853
209000114,521,278,243
209000115,100,213,-113
209000116,709,549,160
209000118,33,68,-35
209000119,46,10,36
209000121,188,530,-342
209000135,92,162,-70
209000142,625,1111,-486
209000143,101,112,-11
209000144,46,89,-43
209000229,281,182,99
209000240,40,316,-276
209000259,90,135,-45
209000260,39,867,-828
209000261,5,433,-428
209000262,1,399,-398
209000263,0,164,-164
209000264,0,89,-89
209000265,384,3,381
209000266,91,3,88
209000267,731,7,724
209000268,571,30,541
210000037,59,23,36
210000047,50,30,20
210000048,77,27,50
210000049,44,9,35
210000052,65,107,-42
210000053,27,61,-34
210000054,86,94,-8
210000070,91,2,89
210000071,129,1,128
210000072,78,0,78
210000073,1,43,-42
210000074,1,129,-128
210000075,3,67,-64
210000076,17,143,-126
210000077,39,47,-8
210000078,30,26,4
210000079,25,16,9
210000080,98,54,44
210000081,135,20,115
210000082,193,0,193
210000083,92,0,92
210000084,54,0,54
210000085,3,90,-87
210000086,0,141,-141
210000099,21,260,-239
210000100,47,220,-173
210000101,91,202,-111
210000105,77,159,-82
210000159,1,140,-139
210000163,171,229,-58
210000164,245,145,100
210000168,95,35,60
210000187,0,19,-19
210000188,0,16,-16
210000214,59,0,59
210000219,29,45,-16
210000220,88,60,28
210000232,5,28,-23
210000233,31,67,-36
210000234,23,157,-134
210000235,59,90,-31
210000245,1,27,-26
210000246,45,0,45
210000258,12,119,-107
210000259,385,66,319
210000282,129,217,-88
210000285,1,135,-134
210000286,22,165,-143
210000290,4,14,-10
210000295,54,122,-68
210000296,26,42,-16
210000320,149,84,65
210000321,88,68,20
210000338,55,61,-6
210000339,394,1050,-656
210000340,147,321,-174
210000341,218,240,-22
210000342,185,139,46
210000343,247,171,76
210000344,156,96,60
210000345,177,197,-20
210000346,100,131,-31
210000347,108,31,77
210000348,168,16,152
210000349,117,26,91
210000350,138,91,47
210000351,142,144,-2
210000352,64,74,-10
210000353,65,99,-34
210000354,149,103,46
210000355,40,87,-47
210000356,48,35,13
210000357,71,51,20
210000358,200,120,80
210000359,100,76,24
210000360,129,113,16
210000361,156,147,9
210000362,287,201,86
210000363,785,255,530
210000364,115,150,-35
210000365,95,74,21
210000366,142,49,93
210000367,76,37,39
210000368,146,38,108
210000369,13,14,-1
210000370,43,33,10
210000372,35,31,4
210000373,50,7,43
210000374,37,16,21
210000375,37,52,-15
210000376,63,115,-52
210000404,49,129,-80
210000439,40,39,1
210000472,121,3,118
210000482,62,79,-17
210000564,468,302,166
210000567,0,46,-46
210000568,318,1,317
211000092,31,59,-28
211000094,12,7,5
211000169,296,14,282
211000172,61,284,-223
211000209,4,32,-28
211000226,20,32,-12
211000270,34,22,12
211000275,26,20,6
211000276,89,23,66
211000279,21,51,-30
211000281,29,41,-12
211000302,36,76,-40
211507980,1,50,-49
211977296,39,8,31
212000003,104,54,50
212000004,41,19,22
212000005,25,20,5
212000006,66,47,19
212000008,156,180,-24
212000009,27,135,-108
212000012,80,98,-18
212000013,27,76,-49
212000014,269,173,96
212000015,324,322,2
212000016,434,624,-190
212000027,434,457,-23
212000028,265,463,-198
212000029,219,319,-100
212000030,48,27,21
212000031,70,60,10
212000048,46,155,-109
212000049,26,96,-70
212000050,8,3,5
212000051,192,207,-15
212000052,204,318,-114
212000053,361,714,-353
212000054,177,168,9
212000055,196,243,-47
212000056,13,50,-37
212000057,17,49,-32
212000058,225,33,192
212000070,134,256,-122
212000077,137,698,-561
212000099,198,320,-122
212000108,143,146,-3
212000111,162,88,74
212000120,110,99,11
212000138,117,51,66
212000156,14,138,-124
212000158,15,13,2
212000159,315,67,248
212000160,543,342,201
212000161,82,7,75
212000310,55,10,45
212000311,12,84,-72
212000374,55,6,49
213000001,39,377,-338
213000005,374,144,230
213000006,872,349,523
213000007,190,4,186
213000009,798,495,303
213000010,170,296,-126
213000011,270,149,121
213000012,137,262,-125
213000014,75,13,62
213000015,260,6,254
213000016,582,2,580
213000017,90,0,90
213000018,3,204,-201
213000019,3,225,-222
213000020,100,402,-302
213000021,7,157,-150
213000023,248,192,56
213000033,344,1640,-1296
213000034,731,313,418
213000035,125,244,-119
213000045,173,274,-101
213000046,275,216,59
213000047,792,1141,-349
213000056,90,39,51
213000069,104,4,100
213000073,0,50,-50
213000074,81,385,-304
213000075,555,7,548
213000076,32,2,30
213000085,2,55,-53
213000086,16,176,-160
213000091,144,17,127
213000092,65,14,51
213000099,184,1159,-975
213000100,1217,292,925
213000101,272,166,106
213000102,410,295,115
213000103,778,791,-13
213000104,62,391,-329
213000105,1,170,-169
213000106,73,152,-79
213000107,186,557,-371
213000108,39,441,-402
213000109,7,262,-255
213000110,11,84,-73
213000111,9,55,-46
213000112,168,111,57
213000115,54,10,44
213000116,78,543,-465
213000117,12,768,-756
213000118,321,289,32
213000119,58,652,-594
213000120,111,578,-467
213000122,199,534,-335
213000123,420,1107,-687
213000124,139,983,-844
213000125,110,29,81
213000126,64,132,-68
213000127,160,206,-46
213000128,636,1007,-371
213000129,406,538,-132
213000130,508,273,235
213000132,252,142,110
213000133,395,132,263
213000134,722,23,699
213000136,435,35,400
213000137,504,92,412
213000139,729,26,703
213000147,112,2,110
213000148,29,17,12
213000149,52,10,42
213000150,0,105,-105
213000151,4,108,-104
213000152,3,116,-113
213000153,3,64,-61
213000154,26,234,-208
213000155,36,264,-228
213000156,132,681,-549
213000157,538,476,62
213000158,341,944,-603
213000159,459,639,-180
213000163,586,114,472
213000165,588,235,353
213000171,0,106,-106
213000172,1,312,-311
213000173,3,203,-200
213000174,1,119,-118
213000175,90,160,-70
213000176,18,24,-6
213000177,49,3,46
213000178,71,2,69
213000179,108,0,108
213000180,123,1,122
213000184,101,382,-281
213000188,357,136,221
213000189,290,46,244
213000190,852,859,-7
213000191,261,489,-228
213000192,202,445,-243
213000193,996,272,724
213000194,2,62,-60
213000195,23,480,-457
213000196,323,1227,-904
213000197,356,561,-205
213000198,100,3,97
213000200,128,886,-758
213000201,96,48,48
213000202,9,633,-624
213000203,3426,774,2652
213000204,655,67,588
213000205,259,68,191
213000206,418,64,354
213000207,194,7,187
213000208,128,0,128
213000209,167,2,165
213000210,488,2,486
213000211,4,12,-8
213000212,32,15,17
213000213,27,51,-24
213000218,211,656,-445
213000219,417,21,396
213000220,423,16,407
213000223,197,302,-105
213000224,37,40,-3
213000225,80,17,63
213000226,95,22,73
213000227,840,329,511
213000228,521,97,424
213000229,486,29,457
213000230,513,25,488
213000232,88,837,-749
213000233,9,55,-46
213000234,2,44,-42
213000293,8,58,-50
213000294,159,13,146
213000295,14,79,-65
213000296,61,35,26
213000297,11,123,-112
213000298,42,95,-53
213000299,75,63,12
213000300,38,5,33
213000303,9,30,-21
213000304,4,3,1
213000305,7,9,-2
213000306,73,27,46
213000307,237,75,162
213000308,165,223,-58
213000309,137,63,74
213000310,263,129,134
213000311,324,638,-314
213000315,93,87,6
213000316,140,55,85
213000322,160,144,16
213000323,101,293,-192
213000324,103,197,-94
213000325,28,151,-123
213000326,48,100,-52
213000327,122,105,17
213000328,128,117,11
213000329,185,101,84
213000340,209,630,-421
213000341,439,165,274
213000346,209,283,-74
213000347,842,545,297
213000348,37,140,-103
213000349,30,16,14
213000350,310,1095,-785
213000366,82,277,-195
213000367,226,55,171
213000379,147,84,63
213000386,14,274,-260
213000406,81,386,-305
213000417,995,405,590
213000425,416,256,160
213000426,298,264,34
213000427,36,260,-224
213000428,35,161,-126
213000429,36,7,29
213000430,91,663,-572
213000431,160,3,157
213000432,4,18,-14
213000433,34,110,-76
213000434,59,124,-65
213000435,152,206,-54
213000436,32,53,-21
213000437,84,83,1
213000438,74,59,15
213000439,77,22,55
213000440,124,331,-207
213000441,0,0,0
213000442,253,239,14
213000443,496,316,180
213000444,70,235,-165
213000445,0,74,-74
213000446,2,14,-12
213000447,3,62,-59
213000448,6,102,-96
213000449,246,10,236
213000450,19,53,-34
213000451,206,106,100
213000452,23,24,-1
213000453,56,289,-233
213000455,501,8,493
213000456,0,289,-289
213000481,67,7,60
213000482,61,2,59
213000489,400,96,304
213000491,1,141,-140
213000492,369,3,366
213000493,1,104,-103
213000494,243,157,86
213000495,0,117,-117
213000496,252,158,94
213000497,93,221,-128
213000498,120,179,-59
213000499,203,549,-346
213000500,362,106,256
213000501,94,27,67
213000502,201,112,89
213000503,3,53,-50
213000504,5,123,-118
213000505,38,53,-15
213000506,0,3,-3
213000507,1,78,-77
213900244,35,0,35
213900245,0,55,-55
218000003,21,30,-9
218000004,37,40,-3
218000005,72,45,27
218000006,54,28,26
218000007,13,30,-17
218000012,205,190,15
218000013,99,167,-68
218000014,375,456,-81
218000019,736,569,167
218000020,234,407,-173
218000040,6,10,-4
218000046,58,113,-55
218000047,21,148,-127
218000048,42,147,-105
218000049,97,129,-32
218000050,293,240,53
218000051,71,255,-184
218000052,3,87,-84
218000053,1,14,-13
218000054,12,45,-33
218000055,7,13,-6
218000056,14,21,-7
218000057,2,25,-23
218000064,1,2,-1
218000065,54,38,16
218000066,23,79,-56
218000067,31,87,-56
218000068,94,78,16
218000069,224,149,75
218000070,213,230,-17
218000071,174,176,-2
218000072,277,194,83
218000078,677,909,-232
218000079,89,77,12
218000080,77,93,-16
218000081,246,285,-39
218000082,54,126,-72
218000083,34,47,-13
218000084,131,131,0
218000085,130,329,-199
218000086,67,130,-63
218000087,173,157,16
218000090,11,185,-174
218000091,830,482,348
218000092,48,197,-149
218000093,86,73,13
218000094,512,664,-152
218000099,224,637,-413
218000100,206,316,-110
218000101,293,120,173
218000102,365,262,103
218000103,79,140,-61
218000104,66,40,26
218000105,22,31,-9
218000106,13,16,-3
218000107,44,56,-12
218000108,6,39,-33
218000112,71,29,42
218000117,49,99,-50
218000134,404,552,-148
218000135,43,74,-31
218000136,130,60,70
218000137,211,179,32
218000138,25,139,-114
218000139,146,321,-175
218000140,343,241,102
218000141,75,58,17
218000142,191,129,62
218000143,71,189,-118
218000144,108,77,31
218000145,277,344,-67
218000146,65,185,-120
218000151,2,18,-16
218000152,138,76,62
218000170,13,38,-25
218000171,48,13,35
218000172,58,9,49
218000173,84,20,64
218000174,44,7,37
218000176,191,27,164
218000177,248,217,31
218000178,91,179,-88
218000179,84,106,-22
218000180,70,27,43
218000181,166,57,109
218000187,23,29,-6
218000188,28,77,-49
218000189,18,61,-43
218000190,10,13,-3
218000191,149,80,69
218000192,132,233,-101
218000193,364,318,46
218000194,97,316,-219
218000195,122,79,43
218000196,261,297,-36
218000197,245,281,-36
218000198,43,126,-83
218000199,47,28,19
218000200,63,49,14
218000201,7,13,-6
218000202,94,194,-100
218000207,7,34,-27
218000208,44,45,-1
218000211,54,17,37
218000213,76,68,8
218000214,6,10,-4
218000215,59,37,22
218000217,3,92,-89
218000218,125,61,64
218000219,38,13,25
218000220,124,239,-115
218000221,682,202,480
218000222,40,26,14
218000223,42,306,-264
218000224,8,98,-90
218000225,180,39,141
218000226,111,51,60
218000232,18,67,-49
218000239,193,11,182
218000240,47,6,41
218000241,107,4,103
218000242,115,2,113
218000243,140,5,135
218000244,114,5,109
218000245,11,4,7
218000246,17,0,17
218000247,0,1,-1
218000248,0,15,-15
218000249,0,3,-3
218000250,2,8,-6
218000251,9,28,-19
218000252,0,32,-32
218000253,3,30,-27
218000254,0,21,-21
218000255,1,21,-20
218000256,3,78,-75
218000267,609,986,-377
218000268,20,67,-47
218000269,2,7,-5
218000270,86,69,17
218000271,20,59,-39
218000273,16,16,0
218000274,12,13,-1
218000275,27,58,-31
218000276,15,45,-30
218000278,23,40,-17
218000279,60,56,4
218000280,14,40,-26
218000281,12,18,-6
218000282,466,443,23
218000284,95,17,78
218000301,79,145,-66
218000302,90,52,38
218000303,42,64,-22
218000316,549,943,-394
218000317,920,1171,-251
218000318,544,884,-340
218000319,837,1048,-211
218000320,584,573,11
218000338,57,62,-5
218000345,111,114,-3
218000346,59,176,-117
218000459,33,214,-181
218000490,52,31,21
218000501,115,23,92
218000502,29,94,-65
218000503,124,23,101
218000504,192,36,156
218000505,54,171,-117
218000506,29,262,-233
218000508,6,6,0
218000510,141,11,130
218000520,103,86,17
218000521,9,37,-28
218000522,0,113,-113
218000523,226,21,205
218000524,40,203,-163
218000525,134,17,117
218000526,48,126,-78
218000529,62,154,-92
218000531,15,23,-8
218000532,33,28,5
218000534,134,8,126
218000537,25,52,-27
218000538,103,165,-62
218000540,266,74,192
218000543,132,28,104
218000544,61,91,-30
218000545,44,54,-10
218000546,31,65,-34
218000547,106,115,-9
218000548,126,89,37
218000549,359,310,49
218000550,304,257,47
218000551,154,735,-581
218000552,587,48,539
218000553,51,126,-75
218000554,31,47,-16
218000555,38,28,10
218000556,188,245,-57
218000557,237,170,67
218000558,106,47,59
218000559,1,22,-21
218000560,0,27,-27
218000561,50,0,50
218000562,28,143,-115
218000563,182,17,165
218000564,12,132,-120
218000565,167,33,134
218000566,347,28,319
218000567,5,78,-73
218000568,20,3,17
218000569,2,148,-146
218000570,125,12,113
218000571,1,130,-129
218000572,132,2,130
218000573,14,124,-110
218000574,129,55,74
218000575,115,0,115
218000576,1,87,-86
218000577,92,1,91
218000578,2,75,-73
218000579,26,6,20
218000581,4,50,-46
218000582,25,0,25
218000583,13,0,13
218000584,0,25,-25
218000585,23,4,19
218000586,13,57,-44
218000587,3,3,0
218000588,4,7,-3
218000589,1,4,-3
218000590,5,0,5
218000591,3,3,0
218000592,38,0,38
218000593,87,4,83
218000594,12,0,12
218000597,3,1,2
218000598,0,0,0
218000599,10,0,10
218000600,61,0,61
218000601,0,0,0
218000602,0,15,-15
218000603,0,8,-8
218000604,38,0,38
218000605,0,178,-178
218000606,515,22,493
218000607,15,35,-20
218000608,42,21,21
218000609,3,71,-68
218000610,44,3,41
218000611,24,1,23
218000612,2,33,-31
218000613,28,2,26
218000614,4,60,-56
218000615,151,1,150
218000616,14,168,-154
218000617,41,0,41
218000618,0,12,-12
218000619,50,27,23
218000620,3,18,-15
218000621,1,3,-2
218000622,0,18,-18
218000623,458,3,455
218000624,25,15,10
218000625,22,0,22
218000626,0,4,-4
218000628,150,55,95
218000631,41,14,27
218000632,2,91,-89
218000633,120,1,119
218000634,14,29,-15
218000635,15,12,3
218000636,661,1218,-557
218000637,755,535,220
218000638,90,41,49
218000639,15,135,-120
218000640,201,24,177
218000641,130,205,-75
218000652,41,76,-35
218000653,161,51,110
218000663,1,172,-171
218000675,103,86,17
218000680,317,448,-131
218000681,406,135,271
218000691,154,269,-115
218000693,187,144,43
218000718,779,910,-131
218000719,1239,426,813
218000720,13,152,-139
218000721,175,4,171
218001147,4,230,-226
218001214,15,26,-11
218001258,218,6,212
218001329,217,112,105
218001330,205,113,92
218001351,22,25,-3
218001352,12,17,-5
218001353,11,30,-19
218001354,8,26,-18
218001355,19,259,-240
218001356,268,19,249
218001357,60,213,-153
218001358,283,33,250
218001361,238,9,229
218001362,0,172,-172
219000001,48,50,-2
219000002,52,49,3
219000003,49,33,16
219000004,34,53,-19
219000017,126,14,112
219000020,135,105,30
219000022,145,10,135
219000023,346,12,334
219000029,0,57,-57
219000034,72,13,59
219000039,69,57,12
219000040,38,30,8
219000041,115,62,53
219000051,0,38,-38
219000052,0,19,-19
219000053,1,146,-145
219000054,0,7,-7
219000055,157,3,154
219000056,16,2,14
219000057,52,0,52
219000062,40,89,-49
219000063,80,10,70
219000064,0,93,-93
219000110,537,47,490
219000111,165,56,109
219000112,175,87,88
219000113,138,119,19
219000114,296,307,-11
219000116,81,58,23
219000117,204,86,118
219000118,470,38,432
219000123,245,111,134
219000124,148,59,89
219000125,23,30,-7
219000126,142,93,49
219000127,0,2,-2
219000128,21,92,-71
219000129,27,119,-92
219000130,486,470,16
219000131,716,768,-52
219000133,105,37,68
219000134,17,16,1
219000135,47,64,-17
219000136,105,243,-138
219000138,67,21,46
219000139,13,65,-52
219000140,37,1,36
219000141,20,92,-72
219000142,8,80,-72
219000143,19,117,-98
219000145,22,28,-6
219000146,5,25,-20
219000147,7,32,-25
219000148,2,38,-36
219000149,15,49,-34
219000150,5,65,-60
219000151,3,32,-29
219000157,269,143,126
219000158,220,203,17
219000161,106,15,91
219000163,1284,593,691
219000166,160,208,-48
219000167,185,191,-6
219000168,344,195,149
219000174,367,124,243
219000175,58,4,54
219000176,76,10,66
219000177,32,7,25
219000178,22,2,20
219000179,17,6,11
219000180,31,19,12
219000182,150,13,137
219000183,62,36,26
219000184,84,5,79
219000185,2,62,-60
219000186,48,31,17
219000187,43,85,-42
219000189,117,153,-36
219000190,91,194,-103
219000191,1088,1138,-50
219000192,184,170,14
219000193,276,120,156
219000195,0,59,-59
219000196,8,123,-115
219000198,31,177,-146
219000199,62,346,-284
219000200,45,264,-219
219000201,78,293,-215
219000203,72,119,-47
219000204,346,220,126
219000205,160,150,10
219000207,202,223,-21
219000209,40,70,-30
219000210,67,112,-45
219000213,15,143,-128
219000239,243,313,-70
219000240,306,319,-13
219000241,119,171,-52
219000242,68,166,-98
219000243,122,248,-126
219000244,38,87,-49
219000245,48,68,-20
219000246,67,29,38
219000247,147,27,120
219000248,569,276,293
219000249,154,96,58
219000250,131,108,23
219000251,512,251,261
219000252,177,194,-17
219000253,425,90,335
219000255,174,71,103
219000256,242,60,182
219000257,125,0,125
219000262,218,127,91
219000263,58,221,-163
219000267,4,141,-137
219000268,4,4,0
219000269,13,3,10
219000270,16,1,15
219000271,133,3,130
219000278,0,6,-6
219000279,3,5,-2
219000283,0,17,-17
219000295,14,133,-119
219000296,77,530,-453
219000297,21,119,-98
219000298,24,155,-131
219000299,363,83,280
219000300,20,223,-203
219000301,212,362,-150
219000302,44,290,-246
219000307,63,55,8
219000308,53,108,-55
219000311,166,64,102
219000312,502,93,409
219000313,308,43,265
219000314,41,436,-395
219000315,224,36,188
219000316,481,64,417
219000317,72,21,51
219000320,0,72,-72
219000321,0,17,-17
219000323,2,62,-60
219000325,5,22,-17
219000326,80,81,-1
219000327,76,63,13
219000328,52,61,-9
219000329,213,108,105
219000330,60,30,30
219000331,54,33,21
219000332,105,60,45
219000333,19,8,11
219000335,47,3,44
219000337,43,1,42
219000338,59,0,59
219000344,63,69,-6
219000345,52,113,-61
219000346,50,135,-85
219000348,166,82,84
219000349,70,116,-46
219000350,90,141,-51
219000351,8,2,6
219000352,339,53,286
219000353,82,51,31
219000354,157,136,21
219000355,211,87,124
219000356,1334,1255,79
219000363,242,78,164
219000364,100,30,70
219000365,125,24,101
219000366,233,374,-141
219000368,464,504,-40
219000370,1101,454,647
219000371,22,33,-11
219000382,10,22,-12
219000383,665,773,-108
219000385,514,395,119
219000386,732,1186,-454
219000387,3,6,-3
219000390,6,4,2
219000391,5,2,3
219000397,54,77,-23
219000398,82,61,21
219000401,12,117,-105
219000402,61,178,-117
219000403,155,338,-183
219000404,35,139,-104
219000407,8,39,-31
219000409,36,50,-14
219000410,167,33,134
219000411,91,22,69
219000446,181,288,-107
219000447,4,18,-14
219000448,16,3,13
219000452,115,91,24
219000453,99,117,-18
219000454,201,254,-53
219000556,249,84,165
219000558,257,174,83
219000590,55,120,-65
219000591,55,76,-21
219000592,146,354,-208
219000595,4,24,-20
219000635,158,52,106
219000636,17,110,-93
219000657,39,13,26
219000658,33,60,-27
219000673,0,11,-11
219000676,9,0,9
219000679,80,7,73
219000684,91,3,88
219000685,2,79,-77
219000686,1,1,0
219000688,0,76,-76
219000689,29,266,-237
219000690,152,27,125
219000691,65,185,-120
219000692,160,31,129
219000693,0,24,-24
219000694,11,1,10
219000695,34,2,32
219000698,25,0,25
219000699,0,18,-18
219000727,0,107,-107
219000728,228,3,225
219000770,40,3,37
219000771,0,22,-22
219000788,568,200,368
219001150,2,23,-21
219001151,0,3,-3
219001166,38,33,5
219001167,5,116,-111
219001178,58,0,58
220000001,43,69,-26
220000002,21,143,-122
220000003,914,252,662
220000004,808,454,354
220000005,1568,1558,10
220000006,373,867,-494
220000007,494,577,-83
220000008,376,964,-588
220000009,207,407,-200
220000010,192,140,52
220000011,480,2585,-2105
220000012,81,298,-217
220000014,99,38,61
220000015,74,127,-53
220000017,36,212,-176
220000018,3491,1633,1858
220000019,69,229,-160
220000020,338,243,95
220000021,648,193,455
220000022,637,482,155
220000023,304,178,126
220000024,1515,381,1134
220000025,648,757,-109
220000026,280,208,72
220000027,85,91,-6
220000028,43,28,15
220000029,85,189,-104
220000030,177,92,85
220000031,378,322,56
220000064,21,673,-652
221000046,10,0,10
221000047,0,11,-11
221000048,0,1,-1
221000049,0,6,-6
221000050,26,1,25
221000055,58,44,14
221000057,47,8,39
221000068,225,144,81
221000069,280,90,190
221000070,145,32,113
221000071,82,16,66
221000072,162,13,149
221000073,190,71,119
221000074,2,23,-21
221000075,18,32,-14
221000076,22,24,-2
221000077,39,116,-77
221000081,17,11,6
221000082,63,13,50
221000083,49,2,47
221000084,24,3,21
221000085,33,67,-34
221000086,26,137,-111
221000087,5,189,-184
221000088,13,138,-125
221000089,64,275,-211
221000090,179,494,-315
221000098,95,16,79
221000099,137,22,115
221000100,83,9,74
221000101,251,29,222
221000102,109,16,93
221000109,12,98,-86
221000110,8,96,-88
221000111,30,199,-169
221000112,4,143,-139
221000113,17,204,-187
221000114,8,171,-163
221000120,39,20,19
221000121,3,23,-20
221000122,63,23,40
221000123,12,10,2
221000124,41,196,-155
221000155,63,9,54
221000156,90,25,65
221000175,32,6,26
221000176,1,1,0
221000182,52,8,44
221000241,695,269,426
221000242,206,483,-277
221000243,662,176,486
221000244,268,518,-250
221000245,129,117,12
221000246,55,271,-216
221000247,87,126,-39
221000248,137,165,-28
221000267,42,562,-520
221000325,135,23,112
221000331,42,46,-4
221000338,11,21,-10
221000378,150,39,111
221000381,44,56,-12
222000282,15,2,13
222000296,7,26,-19
222000568,252,14,238
222000569,142,46,96
222000570,84,11,73
222000571,169,8,161
222000577,11,139,-128
222000578,22,184,-162
222000579,30,140,-110
222000580,128,936,-808
222000599,0,141,-141
222000600,6,349,-343
222000601,9,1006,-997
222000603,32,33,-1
222000604,8,53,-45
222000605,14,25,-11
222000606,3,15,-12
222000607,15,12,3
222000608,21,13,8
222000609,72,215,-143
222000616,257,31,226
222000617,16,21,-5
222000618,4,7,-3
222000620,30,11,19
222000621,72,18,54
222000623,493,12,481
222000624,280,4,276
222000625,472,60,412
222000636,51,3,48
222000686,26,15,11
222000687,35,31,4
222001066,204,3,201
222001067,11,2,9
222001068,38,17,21
222001069,37,34,3
222001082,7,48,-41
222001083,7,59,-52
222001084,1,57,-56
222001085,0,125,-125
222001111,40,142,-102
222001112,73,18,55
222001313,34,10,24
222001314,3,138,-135
222001464,138,55,83
222001465,30,156,-126
222001484,81,53,28
222001485,20,40,-20
222001494,288,153,135
222001495,143,282,-139
222001496,285,121,164
222001497,143,485,-342
222001502,23,94,-71
222001503,87,47,40
222001504,23,263,-240
222001505,266,20,246
222001506,83,384,-301
222001507,269,22,247
222001510,333,38,295
222001511,52,346,-294
222001514,394,168,226
222001515,216,533,-317
222001518,299,74,225
222001519,64,225,-161
222001527,151,64,87
222001528,77,130,-53
222001529,182,57,125
222001530,44,160,-116
222001533,157,240,-83
222001534,231,100,131
222001535,203,257,-54
222001536,140,249,-109
222001537,338,49,289
222001538,59,403,-344
222001563,510,107,403
222001564,59,529,-470
222001568,369,146,223
222001576,4,4,0
222001579,0,7,-7
222001583,15,148,-133
222001584,76,22,54
222001596,610,977,-367
222001597,1386,234,1152
222001626,1,179,-178
222001650,168,87,81
222001651,90,89,1
222001914,162,81,81
222001915,66,243,-177
222001968,441,284,157
222001969,488,710,-222
222001970,122,174,-52
222001971,18,11,7
222001972,1,19,-18
225000001,402,169,233
225000002,586,129,457
225000003,540,88,452
225000004,310,206,104
225000005,66,47,19
225000006,0,169,-169
225000007,1784,1483,301
225000010,246,10,236
225000011,271,798,-527
225000012,181,438,-257
225000013,60,113,-53
225000014,634,64,570
225000015,66,176,-110
225000021,561,163,398
225000027,227,465,-238
225000032,522,147,375
225000042,79,628,-549
225000049,62,61,1
225000050,59,16,43
225000053,4,244,-240
225000058,557,140,417
225000067,257,132,125
225000068,129,282,-153
225000069,151,422,-271
225000070,99,358,-259
225000071,40,167,-127
225000075,17,961,-944
225000076,95,126,-31
225000078,62,52,10
225000085,44,142,-98
225000086,192,67,125
225000087,230,23,207
225000088,7,159,-152
225000089,306,972,-666
225000090,42,430,-388
225000091,212,157,55
225000092,38,74,-36
225000093,197,268,-71
225000094,17,220,-203
225000095,297,392,-95
225000096,366,462,-96
225000098,574,281,293
225000099,264,163,101
225000100,233,171,62
225000104,127,437,-310
225000110,20,350,-330
225000111,216,942,-726
225000112,341,1100,-759
225000113,183,539,-356
225000114,70,240,-170
225000115,1695,644,1051
225000116,916,211,705
225000117,726,266,460
225000118,800,205,595
225000119,176,58,118
225000120,711,30,681
225000121,234,20,214
225000123,470,40,430
225000125,276,176,100
225000126,720,172,548
225000127,653,851,-198
225000128,473,581,-108
225000132,297,43,254
225000133,201,36,165
225000134,484,142,342
225000135,55,17,38
225000136,205,20,185
225000137,238,73,165
225000138,336,44,292
225000143,70,269,-199
225000144,1,400,-399
225000145,68,43,25
225000146,71,122,-51
225000147,22,236,-214
225000148,15,192,-177
225000149,102,480,-378
225000151,44,197,-153
225000155,413,566,-153
225000156,207,768,-561
225000157,235,344,-109
225000158,76,244,-168
225000171,7,136,-129
225000180,40,2,38
225000181,0,47,-47
225000182,69,26,43
225000185,14,339,-325
225000187,66,299,-233
225000191,61,2,59
225000194,0,9,-9
225000208,2,37,-35
225000209,99,25,74
225000210,1,214,-213
225000217,1,8,-7
225000218,28,0,28
225000223,0,49,-49
225000224,105,0,105
225000225,1,51,-50
225000226,42,0,42
225000227,32,128,-96
225000228,18,23,-5
225000229,0,69,-69
225000230,92,1,91
225000231,1,71,-70
225000232,177,0,177
225000241,111,0,111
225000242,3,55,-52
225000249,66,23,43
225000250,50,796,-746
225000251,331,47,284
226000042,332,460,-128
226000043,62,300,-238
226000044,143,563,-420
226000045,82,398,-316
226000046,277,110,167
226000047,346,127,219
226000048,326,111,215
226000049,211,197,14
226000070,0,40,-40
226000071,1,65,-64
226000072,0,8,-8
226000073,0,5,-5
226000074,1,4,-3
226000084,5,83,-78
226000085,3,13,-10
226000086,3,19,-16
226000087,42,14,28
226000088,36,21,15
226000090,183,109,74
226000091,20,17,3
226000092,37,7,30
226000093,32,0,32
226000094,15,0,15
226000095,42,5,37
226000105,42,2,40
226000106,10,0,10
226000107,12,1,11
226000108,44,0,44
226000109,60,0,60
226000124,85,74,11
226000134,469,382,87
226000135,884,392,492
226000136,463,328,135
226000137,14,435,-421
226000138,16,263,-247
226000139,17,14,3
226000156,150,5,145
226000157,348,10,338
226000163,134,76,58
226000202,8,351,-343
226000231,366,22,344
226000232,45,8,37
227000033,230,69,161
227000036,262,33,229
227000037,222,20,202
227000038,180,23,157
227000049,0,26,-26
227000050,1,47,-46
227000055,100,0,100
227000056,32,0,32
227000084,5,60,-55
227000085,0,30,-30
227000088,63,3,60
227000089,142,0,142
227000090,31,1,30
227000091,13,0,13
227000093,86,1,85
227000094,32,0,32
227000130,46,47,-1
227000131,27,181,-154
227000132,17,185,-168
227000133,10,199,-189
227000134,32,255,-223
227000152,0,2,-2
227000153,0,48,-48
227000155,3,25,-22
227000156,1,10,-9
227000165,5,27,-22
227000196,205,186,19
227000199,310,382,-72
227000230,10,273,-263
227000232,288,30,258
227000242,65,415,-350
227000243,391,91,300
227000245,24,291,-267
227000246,80,422,-342
227000247,231,63,168
227000248,230,33,197
227000249,31,199,-168
227000250,460,147,313
227000251,164,238,-74
227000252,19,284,-265
227000253,81,19,62
227000262,250,51,199
227000266,767,17,750
227000267,55,1144,-1089
227000282,2,107,-105
227000284,450,20,430
227000286,1,82,-81
227000287,11,101,-90
227000291,13,332,-319
227000484,221,13,208
227000485,29,570,-541
227000655,114,18,96
227000656,437,36,401
227000657,128,15,113
227000661,218,21,197
227000680,250,42,208
229000265,26,39,-13
229000296,5,5,0
229000297,6,20,-14
229000298,7,81,-74
229000320,9,5,4
229000321,49,6,43
229000412,7,32,-25
229000414,10,23,-13
229000415,23,5,18
229000416,3,5,-2
229000417,3,12,-9
229000419,95,240,-145
229000440,281,57,224
229000442,8,5,3
229000443,6,6,0
229000444,5,19,-14
229000445,56,8,48
229000446,44,16,28
229000847,62,2,60
229000848,38,0,38
229000849,114,0,114
229000851,19,0,19
229000854,0,20,-20
229000856,0,94,-94
229000857,0,53,-53
229000858,0,59,-59
229000919,9,100,-91
229000930,0,247,-247
229000937,107,18,89
229000966,21,20,1
229000981,28,66,-38
229000985,6,25,-19
229000986,1,8,-7
229000987,0,0,0
229000988,0,4,-4
229000989,5,17,-12
229000990,6,1,5
229000991,3,2,1
229000992,7,18,-11
229000993,154,23,131
229000998,5,44,-39
229000999,53,5,48
229001034,0,6,-6
229001035,7,1,6
229001037,54,10,44
229001042,8,16,-8
229001047,11,29,-18
229001050,37,48,-11
229001200,10,6,4
229001338,0,26,-26
229001394,157,7,150
229001422,119,12,107
229001423,41,182,-141
229001431,55,62,-7
229001432,43,79,-36
229001444,163,32,131
229001445,23,163,-140
229001503,182,96,86
229001504,105,195,-90
229001505,93,65,28
229001506,84,186,-102
229001509,36,10,26
229001545,83,6,77
229001546,9,120,-111
229001553,78,21,57
229001554,36,97,-61
229001559,2,15,-13
229001560,21,32,-11
229001630,67,12,55
229001631,8,15,-7
229001635,0,10,-10
229001636,5,2,3
229001658,2,104,-102
229001659,106,6,100
229001660,2,6,-4
229001661,15,12,3
229001662,19,0,19
229001663,0,7,-7
229002584,135,131,4
229002831,116,103,13
229002841,7,7,0
229002842,14,20,-6
229002843,54,19,35
229002844,32,40,-8
229002845,4,45,-41
229002846,31,18,13
229002847,2,4,-2
229002848,16,12,4
229002849,5,43,-38
229002850,10,0,10
229002851,14,71,-57
229002852,142,31,111
229002853,90,11,79
229002854,30,38,-8
229002855,7,10,-3
229002856,22,9,13
229002857,5,47,-42
229002858,18,7,11
229002859,15,20,-5
229002860,113,9,104
229002861,69,26,43
229002862,47,23,24
229002863,16,11,5
229002864,25,30,-5
229002865,15,6,9
229002866,13,12,1
229002867,1,19,-18
229002868,12,5,7
229002869,10,118,-108
229002870,28,8,20
235000066,267,85,182
235000067,85,112,-27
235000072,12,84,-72
235000073,81,362,-281
235000074,91,46,45
235000080,25,79,-54
235000081,74,105,-31
235000082,206,62,144
235000083,141,94,47
235000084,42,55,-13
235000085,69,51,18
235000089,16,26,-10
235000092,43,171,-128
235000093,5,3,2
235000097,4,12,-8
235000098,76,14,62
235000099,50,23,27
235000116,103,25,78
235000117,645,22,623
235000133,6,458,-452
235000134,5,173,-168
235000206,8,1,7
235000207,4,1,3
235000208,4,1,3
235000209,11,5,6
235000210,9,0,9
235000212,5,23,-18
235000213,4,8,-4
235000220,0,0,0
235000221,44,10,34
235000238,10,58,-48
235000239,0,16,-16
235000242,279,437,-158
235000245,579,127,452
235000246,13,53,-40
235000284,2,83,-81
235000295,145,12,133
235000305,232,7,225
235000306,148,13,135
235000307,27,9,18
235000308,14,2,12
235000309,56,0,56
235000310,22,1,21
235000311,100,43,57
235000322,0,17,-17
235000323,0,65,-65
235000324,1,22,-21
235000325,2,4,-2
235000326,15,188,-173
235000351,5,54,-49
235000352,7,30,-23
235000353,1,8,-7
235000354,7,39,-32
235000355,10,31,-21
235000356,74,5,69
235000357,18,6,12
235000358,46,9,37
235000359,4,3,1
235000360,56,6,50
235000361,55,3,52
235000381,61,228,-167
235000382,128,39,89
235000390,10,7,3
235000391,94,33,61
235000392,243,235,8
235000393,86,152,-66
235000395,70,47,23
235000396,324,112,212
235000400,77,101,-24
235000401,39,142,-103
235000405,92,219,-127
235000406,31,191,-160
235000407,70,66,4
235000409,245,88,157
235000410,42,187,-145
235000411,1,50,-49
235000485,0,7,-7
235000486,6,0,6
235000549,154,59,95
235000550,78,120,-42
235000599,116,40,76
235000600,6,12,-6
235000601,5,35,-30
235000602,58,69,-11
235000614,4,2,2
235000648,0,19,-19
235000649,48,2,46
235000685,0,8,-8
235000815,10,25,-15
235000834,0,12,-12
235000855,109,52,57
235000862,66,158,-92
235000891,0,6,-6
235000892,22,3,19
235000901,143,91,52
235000907,4,6,-2
235001010,79,63,16
235001029,477,285,192
235001030,304,243,61
235001078,104,118,-14
235001079,74,80,-6
235001147,6,72,-66
235001166,9,47,-38
235001167,30,51,-21
235001169,28,246,-218
235001188,2,9,-7
235001189,5,3,2
235001197,8,22,-14
235001200,44,39,5
235001207,286,62,224
235001210,97,221,-124
235001215,23,211,-188
235001239,1,57,-56
235001244,0,10,-10
235016267,1,52,-51
277102712,49,37,12
277103813,0,0,0
277103814,0,0,0
277104249,0,3,-3
277104250,0,1,-1
277104251,0,7,-7
277104252,0,0,0
990011530,1,163,-162
990014944,6,491,-485
990015176,44,2,42
990015618,1,84,-83
990016032,0,207,-207
990032570,1,29,-28
990070001,100,2,98
990070103,0,6,-6
990070601,0,31,-31
990070751,635,1,634
990070766,2,405,-403
990071180,451,189,262
990071343,16,9,7
990071387,0,36,-36
990071823,362,2,360
990072600,1,715,-714
990072964,1,424,-423
990073285,0,1,-1
990074393,1,716,-715
990074870,1092,44,1048
990075106,1116,4,1112
990075746,417,3,414
990076437,915,16,899
990076458,2,701,-699
997000007,542,1,541
997000041,0,189,-189
997000058,31,1,30
997000062,25,0,25
997000069,0,7,-7
997000070,0,29,-29
997000100,27,1,26
997000141,4,764,-760
997000198,503,551,-48
998000475,2,24,-22
998000736,0,134,-134
998000965,0,19,-19
998001031,0,60,-60
998001700,0,32,-32
998001899,0,0,0
998001900,11,1,10
998003073,877,32,845
998101900,0,0,0
998102850,4,137,-133
998501927,939,632,307
998501929,75,3,72
998501930,55,1,54
998501931,114,7,107
998501932,8,0,8
998501933,34,1,33
998501937,27,2,25
998501944,11,0,11
998501950,0,4,-4
998501970,61,10,51
998501971,1,76,-75
998501973,0,38,-38
998501974,0,221,-221
998501975,235,5,230
998501976,131,4,127
998501977,5,40,-35
998501978,31,0,31
998501979,0,8,-8
998501980,142,0,142
998501981,29,1,28
998501982,0,48,-48
998501983,0,1,-1
998502006,0,0,0
998502024,0,10,-10
998502032,0,3,-3
998502062,31,2,29
998502063,0,0,0
998502173,43,0,43
998502269,0,3,-3
998502546,2,158,-156
998502578,2,10,-8
998502599,49,349,-300
998502621,0,1,-1
998601159,1,203,-202
998601292,0,14,-14
999033574,0,378,-378
999800001,27,3,24
999800002,0,1,-1
999800003,1,1,0
999800004,0,5,-5
999800005,0,4,-4
