ID,insum,outsum,diff
100000001,526,414,112
100000002,1645,438,1207
100000003,4935,1798,3137
100000004,1359,537,822
100000005,1410,2043,-633
100000006,237,63,174
100000007,972,313,659
100000008,162,417,-255
100000009,159,127,32
100000010,35,30,5
100000011,631,64,567
100000012,74,666,-592
100000013,33,146,-113
100000014,350,244,106
100000015,1069,925,144
100000016,1019,932,87
100000017,580,703,-123
100000018,1119,395,724
100000019,4406,1238,3168
100000020,1561,2609,-1048
100000021,5364,1630,3734
100000022,1340,697,643
100000023,5018,694,4324
100000025,2194,345,1849
100000028,1442,558,884
100000029,218,138,80
100000030,492,27,465
100000031,4076,3723,353
100000032,2034,1979,55
100000033,540,1320,-780
100000034,636,218,418
100000035,1627,523,1104
100000036,2621,656,1965
100000037,372,370,2
100000038,966,736,230
100000039,481,151,330
100000040,95,78,17
100000041,532,251,281
100000042,533,254,279
100000043,614,266,348
100000044,477,648,-171
100000045,488,1176,-688
100000046,664,1118,-454
100000047,272,715,-443
100000048,370,568,-198
100000049,1604,2404,-800
100000051,349,989,-640
100000053,21,1,20
100000054,150,24,126
100000055,460,194,266
100000056,189,481,-292
100000057,1235,665,570
100000058,761,1217,-456
100000059,9,61,-52
100000060,230,261,-31
100000061,1384,396,988
100000062,955,399,556
100000063,310,174,136
100000064,572,248,324
100000065,430,975,-545
100000066,177,884,-707
100000067,307,809,-502
100000068,433,1542,-1109
100000069,285,1617,-1332
100000072,369,887,-518
100000073,895,1102,-207
100000075,462,265,197
100000076,1663,1178,485
100000077,535,96,439
100000078,66,28,38
100000079,24,26,-2
100000080,10,7,3
100000081,74,23,51
100000102,1970,1004,966
100000103,3063,571,2492
100000104,4736,809,3927
100000105,3003,389,2614
100000106,1970,1048,922
100000107,588,320,268
100000108,802,760,42
100000109,2987,801,2186
100000116,1304,389,915
100000117,27,29,-2
100000118,904,581,323
100000119,463,415,48
100000121,180,523,-343
100000122,753,533,220
100000123,3033,3296,-263
100000124,5761,4324,1437
100000125,2528,540,1988
100000126,494,174,320
100000127,1298,244,1054
100000128,700,648,52
100000129,399,313,86
100000130,275,467,-192
100000131,2929,2059,870
100000132,1414,1291,123
100000133,6778,2020,4758
100000135,335,610,-275
100000139,192,247,-55
100000140,174,260,-86
100000142,282,474,-192
100000143,1655,816,839
100000144,3724,847,2877
100000147,800,1599,-799
100000150,11,405,-394
100000151,540,472,68
100000153,199,187,12
100000154,72,62,10
100000155,11,49,-38
100000156,32,57,-25
100000157,22,315,-293
100000158,65,118,-53
100000159,347,246,101
100000165,847,518,329
100000169,705,284,421
100000174,1364,278,1086
100000179,52,532,-480
100000180,993,887,106
100000181,86,227,-141
100000188,89,287,-198
100000189,511,227,284
100000190,389,264,125
100000191,445,319,126
100000192,64,57,7
100000193,112,118,-6
100000330,1771,411,1360
100000355,120,401,-281
100000362,4366,2874,1492
100000363,1687,2546,-859
100000364,321,101,220
100000365,2925,5548,-2623
100000366,3432,1796,1636
100000367,2125,3146,-1021
100000368,1623,1477,146
100000369,890,769,121
100000370,86,273,-187
100000376,56,69,-13
100000379,1974,759,1215
100000380,2902,1212,1690
100000384,4317,1878,2439
100000385,5114,2244,2870
100000386,7821,2417,5404
100000387,6252,2764,3488
100000388,8847,2683,6164
100000389,8085,2790,5295
100000390,8426,1877,6549
100000391,5628,2831,2797
100000392,2889,898,1991
100000393,1312,963,349
100000394,5912,2291,3621
100000395,3152,1064,2088
100000396,4874,1243,3631
100000397,2389,1258,1131
100000398,9261,6067,3194
100000413,29,4,25
100900002,3,50,-47
100900003,210,42,168
100900004,10,550,-540
100900005,71,6,65
100900006,5,188,-183
100900007,434,2,432
100900008,4,432,-428
100900009,10,23,-13
100900010,15,146,-131
100900011,43,321,-278
100900012,0,176,-176
100900013,304,11,293
100900014,0,6,-6
100900015,107,71,36
100900016,0,39,-39
100900017,265,43,222
100900018,1,6,-5
100900019,16,45,-29
100900020,173,1,172
100900021,229,0,229
100900022,4,2,2
100900023,0,14,-14
100900024,807,0,807
100900025,11,7,4
100900026,41,125,-84
100900027,362,1220,-858
100900028,74,97,-23
100900029,83,8,75
100900030,2,8,-6
100900031,179,55,124
100900032,90,0,90
100900033,171,77,94
100900034,212,0,212
100900035,628,1,627
100900036,16,1,15
100900037,29,303,-274
100900038,42,8,34
100900039,681,745,-64
100900040,166,781,-615
100900041,261,886,-625
100900042,359,145,214
100900043,1,10,-9
100900044,2325,226,2099
100900045,33,0,33
100900046,420,9,411
100900047,799,76,723
100900048,73,9,64
100900049,53,179,-126
100900050,1,13,-12
100900051,70,32,38
100900052,45,19,26
100900053,145,32,113
100900054,6,98,-92
100900055,138,258,-120
100900056,76,208,-132
100900057,264,375,-111
100900058,151,14,137
100900059,39,1,38
100900060,57,7,50
100900061,277,153,124
100900062,1,52,-51
100900063,63,248,-185
100900064,352,8,344
100900065,59,40,19
100900066,29,67,-38
100900067,1,3,-2
100900068,52,123,-71
100900069,246,1,245
100900070,137,4,133
100900071,580,208,372
100900072,1,64,-63
100900073,50,444,-394
100900074,2,7,-5
100900075,1886,232,1654
100900076,16,27,-11
100900077,7,157,-150
100900078,39,120,-81
100900079,8,21,-13
100900080,9,187,-178
100900081,17,64,-47
100900082,56,735,-679
100900083,1,27,-26
100900085,6,40,-34
100900086,93,243,-150
100900088,43,664,-621
100900089,6,15,-9
100900090,60,222,-162
100900091,0,11,-11
100900092,124,81,43
100900093,82,132,-50
100900094,43,647,-604
100900095,0,27,-27
100900096,6,53,-47
100900097,0,2,-2
100900098,21,8,13
100900099,21,472,-451
100900100,7,182,-175
100900101,327,17,310
100900102,37,19,18
100900103,5,17,-12
100900104,2,135,-133
100900105,0,67,-67
100900106,23,0,23
100900107,1280,369,911
100900108,5,5,0
100900109,12,17,-5
100900110,6,27,-21
100900111,50,117,-67
100900112,1,10,-9
100900113,1,30,-29
100900114,0,9,-9
100900115,0,22,-22
100900116,523,341,182
100900117,144,526,-382
100900118,3,49,-46
100900119,3,18,-15
100900120,2,33,-31
100900121,145,244,-99
100900122,109,121,-12
100900123,51,82,-31
100900124,7,8,-1
100900125,14,68,-54
100900126,68,178,-110
100900127,1,4,-3
100900128,33,90,-57
100900129,0,58,-58
100900131,31,107,-76
100900133,11,26,-15
100900134,0,5,-5
100900135,0,56,-56
100900137,210,81,129
100900138,351,235,116
100900139,0,4,-4
100900140,5,795,-790
100900141,1,233,-232
100900142,3,2,1
100900143,677,232,445
100900144,11,3,8
100900145,29,90,-61
100900146,4,24,-20
100900147,11,158,-147
100900148,44,932,-888
100900149,3,70,-67
100900150,8,27,-19
100900151,79,408,-329
100900152,84,5,79
100900153,0,92,-92
100900154,0,14,-14
100900155,2,1,1
100900156,18,2,16
100900157,2,76,-74
100900159,0,11,-11
100900160,6,12,-6
100900161,90,0,90
100900162,3,124,-121
100900163,116,139,-23
100900164,16,36,-20
100900165,17,46,-29
100900166,52,0,52
100900167,8,68,-60
100900168,22,89,-67
100900169,181,826,-645
100900170,13,9,4
100900171,7,532,-525
100900172,0,1,-1
100900173,12,493,-481
100900174,324,50,274
100900176,984,56,928
100900177,789,169,620
100900178,274,83,191
100900179,52,26,26
100900180,1,2,-1
100900181,112,39,73
100900182,10,11,-1
100900184,4,153,-149
100900186,710,402,308
100900187,9,135,-126
100900188,36,7,29
100900189,475,115,360
100900191,877,476,401
100900192,259,183,76
100900195,55,84,-29
100900197,15,118,-103
100900198,13,222,-209
100900199,14,15,-1
100900200,466,276,190
100900201,26,650,-624
100900202,1,0,1
100900203,0,48,-48
100900204,96,72,24
100900205,66,320,-254
100900206,76,38,38
100900207,91,59,32
100900210,68,826,-758
100900211,248,42,206
100900213,29,7,22
100900214,670,57,613
100900215,7,31,-24
100900217,135,23,112
101000001,3686,1887,1799
101000002,3027,2644,383
101000003,661,1122,-461
101000004,7665,5481,2184
101000005,3847,3602,245
101000006,6423,4985,1438
101000007,1694,1902,-208
101000008,2827,2132,695
101000009,1159,1787,-628
101000010,725,1183,-458
101000011,1663,472,1191
101000012,1705,382,1323
101000013,418,714,-296
101000014,443,522,-79
101000015,685,684,1
101000016,272,238,34
101000017,323,373,-50
101000018,3420,2071,1349
101000020,3208,982,2226
101000021,930,179,751
101000022,294,62,232
101000023,1359,546,813
101000025,85,232,-147
101000026,412,11,401
101000027,1145,1045,100
101000028,574,129,445
101000029,25,648,-623
101000030,696,32,664
101000031,404,67,337
101000032,4983,1452,3531
101000033,2005,1431,574
101000034,2221,700,1521
101000035,904,186,718
101000036,1434,259,1175
101000037,4230,758,3472
101000039,2781,949,1832
101000040,3702,2029,1673
101000041,12172,2267,9905
101000042,642,394,248
101000043,8652,1758,6894
101000045,1528,216,1312
101000046,1799,451,1348
101000047,877,649,228
101000048,617,661,-44
101000049,596,519,77
101000050,1756,517,1239
101000051,2434,870,1564
101000052,1563,331,1232
101000053,897,1166,-269
101000054,1266,1307,-41
101000055,864,609,255
101000056,50,43,7
101000057,2513,414,2099
101000058,1794,538,1256
101000059,3004,1140,1864
101000060,1761,209,1552
101000061,1099,774,325
101000062,971,317,654
101000063,456,374,82
101000064,1046,256,790
101000065,221,231,-10
101000066,329,190,139
101000067,656,253,403
101000068,362,152,210
101000069,282,19,263
101000070,1370,736,634
101000071,1625,644,981
101000072,907,2520,-1613
101000073,511,327,184
101000074,3763,2096,1667
101000075,5141,3096,2045
101000077,871,1198,-327
101000078,730,1277,-547
101000079,307,671,-364
101000080,471,484,-13
101000081,950,1011,-61
101000082,3146,2358,788
101000083,1587,1353,234
101000084,1169,1083,86
101000085,1509,812,697
101000086,1118,1058,60
101000087,827,1194,-367
101000088,754,843,-89
101000089,668,1228,-560
101000090,2173,1457,716
101000091,338,1752,-1414
101000092,636,945,-309
101000093,1033,695,338
101000094,458,1120,-662
101000095,221,673,-452
101000096,165,569,-404
101000097,284,309,-25
101000098,346,461,-115
101000099,693,936,-243
101000100,724,504,220
101000101,362,287,75
101000102,782,193,589
101000103,679,305,374
101000104,235,265,-30
101000105,779,164,615
101000106,616,418,198
101000107,164,352,-188
101000108,1297,310,987
101000109,151,57,94
101000110,30,570,-540
101000111,86,212,-126
101000113,100,302,-202
101000114,2840,748,2092
101000115,94,142,-48
101000116,136,174,-38
101000117,545,381,164
101000119,125,21,104
101000120,170,13,157
101000121,58,16,42
101000122,95,45,50
101000123,27,41,-14
101000124,142,339,-197
101000125,176,324,-148
101000128,687,333,354
101000130,215,254,-39
101000131,351,618,-267
101000132,363,1554,-1191
101000135,52,15,37
101000136,201,87,114
101000137,19,165,-146
101000141,1848,1298,550
101000147,782,516,266
101000148,2458,17,2441
101000149,142,59,83
101000150,38,1047,-1009
101000151,96,46,50
101000152,274,240,34
101000153,548,405,143
101000154,119,1478,-1359
101000155,101,130,-29
101000156,14,237,-223
101000157,35,17,18
101000160,62,129,-67
101000163,116,71,45
101000164,478,310,168
101000165,132,324,-192
101000166,186,353,-167
101000168,533,274,259
101000252,966,649,317
101000254,383,33,350
101000258,36,9,27
101000261,41,205,-164
101000262,542,776,-234
101000263,139,409,-270
101000265,31,434,-403
101000266,255,201,54
101000269,90,4,86
101000290,1447,1406,41
101000293,21,104,-83
101000294,365,460,-95
101000295,147,383,-236
101000301,606,162,444
101000304,1404,2052,-648
101000305,1856,1354,502
101000328,94,292,-198
101900001,7,62,-55
101900002,0,8,-8
101900003,59,96,-37
101900004,8,35,-27
101900005,4609,861,3748
101900006,683,14,669
101900007,318,24,294
101900008,88,184,-96
101900009,27,318,-291
101900010,869,389,480
101900011,229,997,-768
101900012,69,250,-181
101900013,1130,101,1029
101900017,12,81,-69
101900018,1689,181,1508
101900019,234,84,150
101900020,41,44,-3
101900021,0,49,-49
101900022,50,1372,-1322
101900023,47,310,-263
101900026,82,33,49
101900027,7,88,-81
102000001,1670,2917,-1247
102000002,2221,1016,1205
102000003,2926,3289,-363
102000004,7693,1980,5713
102000005,1191,1597,-406
102000006,1536,1268,268
102000007,1140,2949,-1809
102000008,4661,1398,3263
102000009,4261,5404,-1143
102000010,5042,2963,2079
102000011,1973,1857,116
102000012,2683,2747,-64
102000018,2736,1869,867
102000019,2314,1058,1256
102000026,180,431,-251
102000029,304,146,158
102000030,85,271,-186
102000031,20,236,-216
102000032,199,346,-147
102000033,127,439,-312
102000034,442,366,76
102000035,830,504,326
102000036,5,244,-239
102000037,106,59,47
102000038,179,62,117
102000039,170,51,119
102000040,505,62,443
102000041,171,152,19
102000042,167,63,104
102000043,312,137,175
102000044,314,467,-153
102000045,515,928,-413
102000046,660,353,307
102000047,439,995,-556
102000048,124,629,-505
102000049,789,496,293
102000050,679,901,-222
102000051,316,433,-117
102000052,942,661,281
102000053,583,637,-54
102000054,283,678,-395
102000055,507,980,-473
102000056,385,1362,-977
102000057,806,385,421
102000058,703,1873,-1170
102000059,883,1254,-371
102000060,725,808,-83
102000061,966,2375,-1409
102000062,860,1341,-481
102000063,999,1222,-223
102000064,378,487,-109
102000065,32,88,-56
102000066,738,900,-162
102000067,1485,2205,-720
102000068,8565,2388,6177
102000069,19,1802,-1783
102000070,1863,58,1805
102000071,6574,7750,-1176
102000072,2576,4623,-2047
102000073,556,1099,-543
102000074,513,685,-172
102000075,182,299,-117
102000076,184,391,-207
102000077,253,1196,-943
102000078,570,876,-306
102000079,83,258,-175
102000080,125,174,-49
102000081,195,691,-496
102000082,488,221,267
102000083,225,732,-507
102000084,105,349,-244
102000085,1301,1333,-32
102000086,865,949,-84
102000087,500,2083,-1583
102000088,181,250,-69
102000089,654,402,252
102000090,322,940,-618
102000091,926,366,560
102000092,367,739,-372
102000093,506,577,-71
102000094,809,375,434
102000095,679,741,-62
102000096,658,489,169
102000097,586,604,-18
102000098,369,569,-200
102000099,486,373,113
102000100,758,560,198
102000101,857,231,626
102000102,202,1289,-1087
102000103,878,249,629
102000104,800,335,465
102000105,179,723,-544
102000106,445,740,-295
102000107,577,542,35
102000108,318,196,122
102000109,224,578,-354
102000110,402,1582,-1180
102000111,4,342,-338
102000112,105,63,42
102000113,4,33,-29
102000114,894,352,542
102000115,140,141,-1
102000116,314,236,78
102000117,183,369,-186
102000118,1188,808,380
102000119,2369,398,1971
102000120,84,425,-341
102000121,694,408,286
102000122,356,634,-278
102000123,1181,763,418
102000124,705,787,-82
102000125,667,658,9
102000126,465,545,-80
102000127,733,584,149
102000128,382,777,-395
102000129,751,844,-93
102000130,322,564,-242
102000131,842,551,291
102000132,295,415,-120
102000133,918,2276,-1358
102000134,448,685,-237
102000135,756,659,97
102000136,983,404,579
102000137,971,603,368
102000138,234,326,-92
102000139,87,262,-175
102000140,285,162,123
102000141,132,428,-296
102000142,171,367,-196
102000143,52,424,-372
102000144,70,348,-278
102000145,181,394,-213
102000146,209,289,-80
102000147,237,231,6
102000148,168,230,-62
102000149,94,585,-491
102000150,152,148,4
102000151,87,323,-236
102000152,82,129,-47
102000153,705,228,477
102000154,300,547,-247
102000155,65,180,-115
102000156,394,24,370
102000157,89,94,-5
102000158,369,214,155
102000159,1251,215,1036
102000161,4056,1133,2923
102000162,138,90,48
102000163,109,294,-185
102000164,1024,593,431
102000165,181,93,88
102000166,23,61,-38
102000167,117,146,-29
102000168,174,62,112
102000169,65,374,-309
102000170,504,91,413
102000171,88,72,16
102000172,50,159,-109
102000173,260,164,96
102000174,35,30,5
102000175,97,105,-8
102000176,24,42,-18
102000178,212,511,-299
102000179,242,189,53
102000180,412,490,-78
102000181,287,613,-326
102000182,294,648,-354
102000183,850,1872,-1022
102000184,911,663,248
102000185,1361,1565,-204
102000186,553,1503,-950
102000187,370,1544,-1174
102000188,413,1316,-903
102000189,2214,721,1493
102000190,389,1548,-1159
102000191,1062,477,585
102000192,608,817,-209
102000193,27,206,-179
102000194,37,151,-114
102000195,269,643,-374
102000196,91,511,-420
102000197,320,550,-230
102000198,124,942,-818
102000199,391,411,-20
102000200,225,1268,-1043
102000201,333,513,-180
102000202,0,146,-146
102000203,115,227,-112
102000204,258,921,-663
102000205,400,569,-169
102000206,428,605,-177
102000207,649,432,217
102000208,261,500,-239
102000209,35,42,-7
102000210,137,539,-402
102000211,264,372,-108
102000212,109,15,94
102000213,0,301,-301
102000214,97,11,86
102000215,2,507,-505
102000216,25,29,-4
102000217,7,167,-160
102000218,80,73,7
102000219,299,308,-9
102000225,659,622,37
102000226,3976,782,3194
102000227,81,5,76
102000228,0,101,-101
102000229,21,24,-3
102000230,250,632,-382
102000231,207,339,-132
102000232,6,156,-150
102000233,331,590,-259
102000234,63,977,-914
102000236,198,50,148
102000237,498,146,352
102000238,101,264,-163
102000240,564,465,99
102000241,127,92,35
102000243,10,57,-47
102000245,29,103,-74
102000246,27,23,4
102000247,1537,840,697
102000248,634,592,42
102000249,82,134,-52
102000250,38,484,-446
102000254,53,397,-344
102000266,38,139,-101
102000271,9,0,9
102000286,370,228,142
102000297,1147,695,452
102000299,0,0,0
102000301,4,2,2
102000303,0,0,0
102000305,0,0,0
102000307,0,1,-1
102900001,1034,878,156
102900002,181,20,161
102900003,19,290,-271
102900005,155,322,-167
102900006,344,183,161
102900007,235,24,211
102900008,181,60,121
102900009,380,156,224
102900010,435,279,156
102900011,1601,221,1380
102900012,225,46,179
102900013,18,75,-57
102900015,466,160,306
102900016,28,143,-115
102900017,84,585,-501
102900018,41,152,-111
102900019,175,407,-232
102900020,46,43,3
102900021,13,108,-95
102900022,336,63,273
102900023,12,28,-16
102900024,11,33,-22
102900025,247,93,154
102900026,448,1145,-697
102900027,14,52,-38
102900028,64,353,-289
102900029,138,79,59
102900030,252,171,81
102900031,115,154,-39
102900032,18,98,-80
102900033,74,169,-95
102900034,162,156,6
102900035,63,415,-352
102900036,153,496,-343
102900037,96,693,-597
102900038,366,603,-237
102900039,43,264,-221
102900040,68,197,-129
102900041,40,170,-130
102900042,107,333,-226
102900043,73,233,-160
102900044,424,1752,-1328
102900045,56,419,-363
102900046,92,244,-152
102900047,41,537,-496
102900048,426,695,-269
102900049,56,307,-251
102900050,221,266,-45
102900051,129,155,-26
102900053,272,605,-333
102900054,658,589,69
102900055,32,94,-62
102900056,113,406,-293
102900057,2,19,-17
102900058,181,33,148
102900059,11,54,-43
102900060,64,410,-346
102900061,71,451,-380
102900062,76,1246,-1170
102900063,491,403,88
102900064,85,279,-194
102900065,1572,540,1032
102900066,243,30,213
102900068,66,96,-30
102900070,109,638,-529
102900072,10,16,-6
102900073,132,6,126
102900075,7,14,-7
102900076,285,50,235
102900077,19,30,-11
102900078,27,51,-24
102900079,131,8,123
102900080,190,29,161
102900081,65,197,-132
102900082,6,178,-172
102900083,291,12,279
102900084,6,20,-14
102900085,180,52,128
102900086,1,22,-21
102900087,32,81,-49
102900088,19,24,-5
102900089,193,95,98
102900090,0,437,-437
102900091,53,0,53
102900092,179,774,-595
102900094,1,33,-32
102900095,103,14,89
102900096,12,13,-1
102900097,48,121,-73
103000001,1863,2197,-334
103000002,1772,1803,-31
103000003,2520,2210,310
103000004,882,636,246
103000005,1790,1928,-138
103000006,495,1248,-753
103000007,340,759,-419
103000008,736,972,-236
103000009,639,775,-136
103000010,128,105,23
103000011,1580,923,657
103000012,855,1116,-261
103000013,5630,1844,3786
103000014,1119,1462,-343
103000015,2381,843,1538
103000016,470,761,-291
103000017,144,264,-120
103000018,888,359,529
103000019,186,150,36
103000020,1680,1186,494
103000021,1274,1428,-154
103000022,1104,972,132
103000023,457,1118,-661
103000024,116,174,-58
103000025,32,316,-284
103000026,1588,112,1476
103000027,214,405,-191
103000028,645,428,217
103000029,379,140,239
103000030,1774,518,1256
103000031,1238,1125,113
103000032,1701,1657,44
103000033,2190,2004,186
103000034,1293,830,463
103000035,366,814,-448
103000036,335,456,-121
103000037,521,371,150
103000038,436,670,-234
103000039,156,482,-326
103000040,212,985,-773
103000041,1270,2818,-1548
103000042,650,731,-81
103000043,286,1204,-918
103000044,100,237,-137
103000046,169,348,-179
103000047,436,680,-244
103000048,105,130,-25
103000049,55,172,-117
103000050,608,627,-19
103000051,249,535,-286
103000052,697,428,269
103000053,144,496,-352
103000054,1589,1075,514
103000055,1309,1684,-375
103000056,526,2692,-2166
103000057,341,289,52
103000058,291,867,-576
103000059,186,604,-418
103000060,559,750,-191
103000061,321,843,-522
103000062,882,848,34
103000063,485,559,-74
103000064,102,232,-130
103000065,4,355,-351
103000066,101,9,92
103000069,152,309,-157
103000070,563,1208,-645
103000071,578,305,273
103000072,81,951,-870
103000073,293,109,184
103000074,483,69,414
103000075,123,806,-683
103000076,225,174,51
103000077,45,343,-298
103000078,1244,351,893
103000079,1354,423,931
103000080,1241,207,1034
103000081,584,743,-159
103000082,286,118,168
103000083,82,304,-222
103000084,109,8,101
103000085,5,102,-97
103000086,701,261,440
103000087,87,325,-238
103000088,315,286,29
103000089,234,264,-30
103000090,1525,917,608
103000091,503,378,125
103000092,201,258,-57
103000093,281,468,-187
103000094,156,100,56
103000095,22,438,-416
103000096,770,86,684
103000097,32,627,-595
103000098,891,95,796
103000099,333,481,-148
103000100,60,867,-807
103000101,466,143,323
103000102,104,656,-552
103000103,434,201,233
103000104,60,166,-106
103000105,87,116,-29
103000106,15,93,-78
103000107,227,53,174
103000108,507,448,59
103000109,387,306,81
103000110,348,402,-54
103000111,449,239,210
103000112,217,186,31
103000113,503,524,-21
103000114,695,292,403
103000115,400,491,-91
103000116,313,516,-203
103000117,203,417,-214
103000118,1117,1014,103
103000119,1766,635,1131
103000120,46,88,-42
103000121,367,532,-165
103000122,375,216,159
103000125,2,496,-494
103000126,293,3,290
103000127,0,269,-269
103000128,72,3,69
103000129,2,137,-135
103000130,23,21,2
103000131,193,98,95
103000132,47,102,-55
103000133,13,143,-130
103000134,761,471,290
103000135,705,188,517
103000136,711,351,360
103000137,543,494,49
103000138,739,592,147
103000139,0,62,-62
103000140,152,37,115
103000141,13,86,-73
103000142,153,54,99
103000143,30,146,-116
103000144,144,68,76
103000145,1,20,-19
103000150,39,41,-2
103000152,282,183,99
103000153,131,156,-25
103000156,5,475,-470
103000157,172,0,172
103000159,140,127,13
103000162,70,16,54
103000163,11,26,-15
103000164,17,14,3
103000165,150,453,-303
103000166,129,153,-24
103000167,124,103,21
103000168,32,170,-138
103000169,135,281,-146
103000170,342,399,-57
103000171,50,55,-5
103000172,208,337,-129
103000173,245,814,-569
103000174,125,320,-195
103000175,174,435,-261
103000176,613,230,383
103000177,649,347,302
103000178,321,266,55
103000179,95,31,64
103000183,83,37,46
103000185,48,81,-33
103000186,52,162,-110
103000187,163,742,-579
103000188,9,59,-50
103000189,719,911,-192
103000191,638,678,-40
103000292,2113,616,1497
103000293,1271,1002,269
103000295,96,56,40
103000296,133,0,133
103000297,25,4,21
103000504,114,10,104
103000505,5,5,0
103000506,0,189,-189
103000507,97,2,95
103000508,64,22,42
103000509,214,507,-293
103900001,7,420,-413
103900002,1650,158,1492
103900003,1677,78,1599
103900004,32,3,29
103900005,1,167,-166
103900006,0,1,-1
103900007,28,12,16
103900008,11,0,11
103900009,149,293,-144
103900010,120,240,-120
103900011,120,217,-97
103900012,6,11,-5
103900013,34,75,-41
103900014,20,32,-12
103900015,17,20,-3
103900016,212,210,2
103900017,10,73,-63
103900018,677,157,520
103900019,54,182,-128
103900020,107,296,-189
103900021,759,35,724
103900022,762,636,126
103900023,68,1,67
103900024,75,479,-404
103900025,3,36,-33
103900026,7,0,7
103900027,386,307,79
103900028,19,197,-178
103900029,752,127,625
103900030,101,30,71
103900031,9,0,9
103900032,30,34,-4
103900033,71,4,67
103900034,11,244,-233
103900035,43,60,-17
103900036,27,23,4
103900037,20,26,-6
103900038,78,129,-51
103900039,34,438,-404
103900040,18,286,-268
103900041,17,29,-12
103900042,10,489,-479
103900043,86,110,-24
103900044,167,118,49
103900045,149,180,-31
103900047,43,56,-13
103900048,30,24,6
103900049,190,1092,-902
103900050,5,72,-67
103900051,0,32,-32
103900052,97,592,-495
103900053,89,946,-857
103900054,48,577,-529
103900055,307,212,95
103900056,30,51,-21
103900057,23,256,-233
103900058,105,764,-659
103900059,0,2,-2
103900060,31,224,-193
103900061,65,52,13
103900062,159,50,109
103900063,0,0,0
103900064,50,0,50
103900065,748,278,470
103900066,59,6,53
103900067,60,1,59
103900068,1,0,1
103900069,39,5,34
103900070,127,292,-165
103900071,38,188,-150
103900072,5,308,-303
103900073,8,12,-4
103900074,44,125,-81
103900075,92,73,19
103900076,202,693,-491
103900077,51,40,11
103900078,100,113,-13
103900079,105,169,-64
103900080,7,27,-20
103900081,89,6,83
103900082,5,89,-84
103900083,1957,338,1619
103900084,19,94,-75
103900085,76,93,-17
103900086,255,236,19
103900088,402,228,174
103900089,38,164,-126
103900090,4,260,-256
103900091,871,252,619
103900092,294,520,-226
103900093,73,363,-290
103900094,4,138,-134
103900095,138,138,0
103900096,9,255,-246
103900097,5,533,-528
103900098,128,53,75
103900099,25,245,-220
103900100,132,427,-295
103900101,29,1046,-1017
103900102,1,30,-29
103900104,2,18,-16
103900105,109,171,-62
103900106,0,14,-14
103900107,63,229,-166
103900108,35,433,-398
103900109,37,103,-66
103900110,108,44,64
103900111,19,749,-730
103900112,29,45,-16
103900113,111,166,-55
103900114,453,322,131
103900115,194,79,115
103900116,6486,1528,4958
103900117,242,131,111
103900119,18,44,-26
103900120,29,100,-71
103900122,31,407,-376
103900123,1243,416,827
103900124,39,522,-483
103900125,44,71,-27
103900126,282,493,-211
103900127,66,676,-610
103900128,25,168,-143
103900131,10,114,-104
103900133,650,10,640
103900134,0,0,0
103900135,8,8,0
103900137,0,43,-43
103900138,32,328,-296
103900139,143,826,-683
103900140,0,52,-52
103900141,210,82,128
103900142,48,223,-175
103900143,26,2,24
103900144,1,69,-68
103900145,140,285,-145
103900146,228,314,-86
103900147,217,104,113
103900148,95,192,-97
103900149,155,839,-684
103900150,6788,1930,4858
103900151,28,171,-143
103900152,186,669,-483
103900153,6,1,5
103900154,971,793,178
103900155,15,238,-223
103900156,15,155,-140
103900157,4,211,-207
103900158,37,209,-172
103900159,49,68,-19
103900160,23,20,3
103900161,58,185,-127
103900162,44,141,-97
103900163,1,350,-349
103900167,6,61,-55
103900168,39,128,-89
103900169,42,41,1
103900170,0,104,-104
103900171,2,66,-64
103900172,4,29,-25
103900173,8,8,0
103900174,56,56,0
103900175,43,46,-3
103900176,23,16,7
103900177,10,30,-20
103900178,24,92,-68
103900179,16,177,-161
103900180,13,102,-89
103900181,63,23,40
103900182,42,15,27
103900184,477,38,439
103900185,229,81,148
103900187,98,55,43
103900188,26,20,6
103900189,67,10,57
103900190,59,62,-3
103900191,23,33,-10
103900192,19,42,-23
103900193,165,112,53
103900194,47,327,-280
103900195,6,46,-40
103900196,19,12,7
103900197,5,17,-12
103900198,30,67,-37
103900199,70,89,-19
103900200,117,138,-21
103900201,54,162,-108
103900202,3,27,-24
103900203,15,22,-7
103900204,3,163,-160
103900207,3,180,-177
103900208,25,1,24
103900209,2,117,-115
103900210,16,21,-5
103900211,327,619,-292
103900212,35,435,-400
103900213,93,217,-124
103900214,215,95,120
103900215,660,191,469
103900216,9,437,-428
103900217,268,48,220
103900218,0,291,-291
103900219,71,283,-212
103900233,21,3,18
103900235,49,11,38
103900236,20,0,20
103900242,13,12,1
103900243,9,7,2
103900244,62,350,-288
103900245,89,253,-164
103900246,66,45,21
103900247,39,109,-70
103900248,7,26,-19
103900249,11,7,4
103900250,39,23,16
103900251,0,46,-46
103900253,21,39,-18
103900254,3,28,-25
103900255,14,12,2
103900256,30,40,-10
103900257,91,82,9
103900258,24,2,22
103900259,63,4,59
103900261,5,5,0
103900262,17,11,6
103900263,46,22,24
103900264,62,15,47
103900265,69,11,58
103900266,0,38,-38
103900267,3,53,-50
103900268,6,140,-134
103900269,104,47,57
103900270,27,149,-122
103900271,23,149,-126
103900272,43,84,-41
103900273,11,57,-46
103900274,24,3,21
103900275,5,9,-4
103900276,3,118,-115
103900277,3,89,-86
103900278,9,47,-38
103900279,2,11,-9
103900280,2,159,-157
104000001,1712,1741,-29
104000002,1296,2453,-1157
104000003,1826,1907,-81
104000004,2629,2376,253
104000005,872,1600,-728
104000006,2583,2634,-51
104000007,3633,3364,269
104000008,221,524,-303
104000009,97,120,-23
104000010,130,220,-90
104000011,709,434,275
104000012,142,455,-313
104000013,114,138,-24
104000014,184,692,-508
104000015,180,220,-40
104000016,566,424,142
104000018,496,163,333
104000019,445,155,290
104000020,189,886,-697
104000021,264,667,-403
104000022,115,280,-165
104000023,420,259,161
104000024,137,424,-287
104000026,46,371,-325
104000027,236,357,-121
104000028,242,283,-41
104000029,477,551,-74
104000030,169,272,-103
104000031,671,279,392
104000032,215,365,-150
104000033,441,390,51
104000034,276,439,-163
104000035,510,419,91
104000036,435,627,-192
104000037,204,330,-126
104000038,174,291,-117
104000039,145,456,-311
104000040,404,429,-25
104000041,322,325,-3
104000042,168,442,-274
104000043,178,419,-241
104000044,216,826,-610
104000045,841,1247,-406
104000046,1371,1492,-121
104000047,551,1373,-822
104000048,931,2027,-1096
104000049,281,228,53
104000050,119,515,-396
104000051,77,597,-520
104000052,923,1319,-396
104000053,544,662,-118
104000054,422,596,-174
104000055,3466,3007,459
104000056,1559,174,1385
104000057,104,519,-415
104000058,478,615,-137
104000059,468,1199,-731
104000060,577,832,-255
104000061,810,1224,-414
104000062,147,128,19
104000064,498,270,228
104000065,78,334,-256
104000069,1412,668,744
104000070,56,252,-196
104000071,106,329,-223
104000072,409,198,211
104000075,45,212,-167
104000076,321,30,291
104000082,1640,2233,-593
104000083,578,191,387
104000084,96,442,-346
104000085,167,165,2
104000086,165,377,-212
104000087,382,865,-483
104000090,528,1673,-1145
104000092,647,2862,-2215
104000094,650,2060,-1410
104000095,1122,1239,-117
104000096,838,384,454
104000097,1134,1160,-26
104000098,1207,1286,-79
104000100,911,655,256
104000101,695,2211,-1516
104000106,46,464,-418
104000107,555,623,-68
104000108,340,506,-166
104000109,223,45,178
104000110,765,841,-76
104000111,4907,1447,3460
104000112,2464,469,1995
104000116,3,1247,-1244
104000117,91,811,-720
104000118,217,308,-91
104000119,311,243,68
104000120,126,825,-699
104000121,169,591,-422
104000122,441,643,-202
104000123,754,1223,-469
104000124,1219,2570,-1351
104000125,4098,2619,1479
104000126,157,366,-209
104000127,1494,3375,-1881
104000128,573,443,130
104000129,438,36,402
104000130,15,296,-281
104000131,825,678,147
104000132,545,885,-340
104000133,951,720,231
104000134,658,1186,-528
104000135,318,950,-632
104000136,690,2086,-1396
104000137,1510,260,1250
104000138,1110,355,755
104000139,7824,2758,5066
104000141,1118,1743,-625
104000142,548,988,-440
104000143,363,848,-485
104000144,87,202,-115
104000145,283,201,82
104000146,371,563,-192
104000147,84,407,-323
104000148,173,121,52
104000149,179,490,-311
104000150,465,398,67
104000151,277,639,-362
104000152,373,654,-281
104000153,284,428,-144
104000154,1058,696,362
104000155,235,494,-259
104000157,946,1796,-850
104000158,211,260,-49
104000159,449,259,190
104000160,1356,1194,162
104000161,181,154,27
104000162,34,105,-71
104000165,1387,1021,366
104000167,461,466,-5
104000168,371,2,369
104000169,34,56,-22
104000170,706,327,379
104000248,242,779,-537
104000251,39,345,-306
104000272,0,0,0
104000273,0,0,0
104000274,0,0,0
104000275,0,0,0
104000279,543,509,34
104000290,77,302,-225
104000291,547,1137,-590
104000293,452,687,-235
104000294,3,0,3
104000295,430,729,-299
104000296,271,687,-416
104000297,627,1420,-793
104000298,1644,788,856
104000299,531,1255,-724
104900001,113,380,-267
104900002,19,57,-38
104900003,36,311,-275
104900004,62,354,-292
104900005,114,156,-42
104900006,84,51,33
104900007,183,222,-39
104900009,94,501,-407
104900010,13,13,0
104900011,6,2,4
104900012,106,8,98
104900013,56,6,50
104900014,3552,321,3231
104900015,56,5,51
104900016,84,314,-230
104900017,55,205,-150
104900018,6,140,-134
104900019,242,1342,-1100
104900020,51,246,-195
104900021,1,273,-272
104900022,8,174,-166
104900023,0,100,-100
104900024,6,89,-83
104900025,41,324,-283
104900026,4,107,-103
104900027,210,187,23
104900028,20,81,-61
104900029,38,79,-41
104900030,307,175,132
104900031,94,192,-98
104900032,21,136,-115
104900033,86,175,-89
104900034,194,95,99
104900035,118,120,-2
104900036,86,55,31
104900037,91,252,-161
104900038,448,215,233
104900039,710,116,594
104900040,154,52,102
104900041,158,119,39
104900042,69,356,-287
104900043,8,44,-36
104900044,281,170,111
104900045,257,70,187
104900046,73,96,-23
104900047,172,124,48
104900048,116,75,41
104900049,11,6,5
104900050,96,62,34
104900051,138,26,112
104900052,40,0,40
104900053,209,40,169
104900054,62,34,28
104900055,39,0,39
104900056,85,6,79
104900057,22,1,21
104900058,243,79,164
104900059,22,29,-7
104900060,2,367,-365
104900061,241,675,-434
104900063,0,111,-111
104900064,0,99,-99
104900065,0,125,-125
104900066,0,164,-164
104900067,2,237,-235
104900068,10,235,-225
104900070,114,336,-222
104900071,4,752,-748
104900072,26,200,-174
104900073,24,248,-224
104900074,64,189,-125
104900075,29,53,-24
104900076,71,408,-337
104900077,970,56,914
104900078,147,854,-707
104900079,91,198,-107
104900080,36,442,-406
104900082,13,314,-301
104900085,5,270,-265
104900087,246,3,243
104900089,54,0,54
104900090,285,425,-140
104900091,339,739,-400
104900093,201,580,-379
104900097,2511,1087,1424
104900098,46,41,5
104900099,553,626,-73
104900100,584,147,437
104900102,23,214,-191
104900103,312,68,244
104900104,3447,1014,2433
104900106,30,119,-89
104900107,31,300,-269
104900108,9,263,-254
104900109,40,83,-43
104900110,7,58,-51
104900111,66,86,-20
104900112,184,891,-707
104900113,447,450,-3
104900114,141,647,-506
104900115,319,395,-76
104900116,126,245,-119
104900118,19,47,-28
104900119,2,20,-18
104900120,104,81,23
104900121,0,118,-118
104900122,4,67,-63
104900123,12,4,8
104900124,11,0,11
104900125,300,23,277
104900126,74,42,32
104900127,10,26,-16
104900128,73,143,-70
104900129,2409,1019,1390
105000001,1918,1610,308
105000002,1589,1472,117
105000003,2180,3503,-1323
105000004,339,910,-571
105000005,543,1031,-488
105000006,779,1335,-556
105000007,663,1065,-402
105000008,799,1576,-777
105000009,1115,2482,-1367
105000010,2739,2309,430
105000011,1322,1764,-442
105000012,3173,2995,178
105000013,521,992,-471
105000014,913,1831,-918
105000015,8510,4380,4130
105000016,3543,1520,2023
105000017,1376,890,486
105000018,1159,745,414
105000019,1437,878,559
105000020,157,329,-172
105000021,241,114,127
105000022,111,39,72
105000023,357,187,170
105000028,126,131,-5
105000029,271,766,-495
105000030,3565,3146,419
105000031,0,14,-14
105000033,940,1897,-957
105000034,102,432,-330
105000037,494,530,-36
105000038,997,1150,-153
105000039,2857,1613,1244
105000040,428,665,-237
105000041,457,1180,-723
105000042,1378,1074,304
105000043,1772,1950,-178
105000044,253,360,-107
105000045,205,875,-670
105000046,535,307,228
105000047,359,1314,-955
105000048,394,187,207
105000049,255,645,-390
105000050,321,363,-42
105000051,201,456,-255
105000052,670,831,-161
105000053,152,188,-36
105000054,212,1076,-864
105000055,295,359,-64
105000056,652,2583,-1931
105000057,916,938,-22
105000058,1215,1461,-246
105000059,443,528,-85
105000060,414,721,-307
105000061,301,454,-153
105000062,743,1170,-427
105000063,312,770,-458
105000064,659,616,43
105000065,345,1044,-699
105000066,877,2015,-1138
105000067,568,525,43
105000068,519,883,-364
105000069,2634,515,2119
105000070,701,721,-20
105000071,180,457,-277
105000072,722,939,-217
105000073,613,367,246
105000074,653,943,-290
105000075,465,808,-343
105000076,1074,1040,34
105000077,1549,619,930
105000078,1215,928,287
105000079,1584,1677,-93
105000080,1309,814,495
105000081,1104,577,527
105000082,355,383,-28
105000083,898,550,348
105000084,476,1050,-574
105000085,972,825,147
105000086,555,874,-319
105000087,2106,1875,231
105000088,1198,1202,-4
105000089,2598,1978,620
105000090,823,786,37
105000091,1371,1696,-325
105000092,501,1025,-524
105000093,231,172,59
105000094,180,201,-21
105000095,87,348,-261
105000096,875,546,329
105000097,779,660,119
105000098,602,535,67
105000099,655,848,-193
105000100,588,1101,-513
105000101,1377,2003,-626
105000102,781,1485,-704
105000103,962,1880,-918
105000104,1279,985,294
105000105,720,1873,-1153
105000106,776,1379,-603
105000107,726,902,-176
105000108,795,1707,-912
105000109,874,1548,-674
105000110,502,704,-202
105000111,462,606,-144
105000112,807,871,-64
105000113,297,525,-228
105000114,3186,826,2360
105000115,294,723,-429
105000116,438,404,34
105000117,643,1521,-878
105000118,275,312,-37
105000119,307,1152,-845
105000120,431,536,-105
105000121,620,1163,-543
105000122,243,458,-215
105000123,838,1409,-571
105000124,1003,795,208
105000125,524,2021,-1497
105000126,1660,2265,-605
105000127,1771,1868,-97
105000128,316,1484,-1168
105000129,555,289,266
105000130,70,957,-887
105000131,552,332,220
105000132,517,391,126
105000133,290,1099,-809
105000134,368,492,-124
105000135,381,627,-246
105000136,87,279,-192
105000137,191,151,40
105000138,246,365,-119
105000139,917,907,10
105000140,136,494,-358
105000141,158,596,-438
105000142,54,526,-472
105000143,136,725,-589
105000144,256,726,-470
105000145,360,509,-149
105000146,479,732,-253
105000147,347,302,45
105000148,724,644,80
105000149,1258,1545,-287
105000150,1684,1237,447
105000151,286,285,1
105000152,119,678,-559
105000153,499,426,73
105000154,503,871,-368
105000155,277,612,-335
105000156,753,843,-90
105000157,770,2013,-1243
105000158,1310,797,513
105000159,265,1372,-1107
105000160,1114,541,573
105000161,517,1793,-1276
105000162,400,1147,-747
105000163,1268,1151,117
105000164,187,309,-122
105000165,1405,2877,-1472
105000166,7348,314,7034
105000167,2696,1100,1596
105000168,208,823,-615
105000169,228,382,-154
105000170,74,1077,-1003
105000171,944,280,664
105000172,32,58,-26
105000173,52,33,19
105000174,21,26,-5
105000175,35,96,-61
105000176,76,58,18
105000177,73,88,-15
105000178,75,642,-567
105000179,142,115,27
105000180,67,104,-37
105000181,34,480,-446
105000182,9,58,-49
105000183,2435,1277,1158
105000184,1112,719,393
105000185,820,591,229
105000186,300,812,-512
105000187,395,180,215
105000188,140,70,70
105000189,91,517,-426
105000190,154,284,-130
105000191,269,419,-150
105000192,99,69,30
105000193,43,152,-109
105000194,249,53,196
105000195,186,1013,-827
105000196,61,101,-40
105000197,219,669,-450
105000198,521,241,280
105000199,230,220,10
105000200,76,158,-82
105000201,81,14,67
105000203,13,303,-290
105000204,67,92,-25
105000205,58,240,-182
105000207,536,230,306
105000208,201,312,-111
105000209,185,342,-157
105000211,69,8,61
105000212,824,1395,-571
105000213,139,176,-37
105000214,45,240,-195
105000215,135,265,-130
105000216,57,324,-267
105000217,148,322,-174
105000218,544,960,-416
105000221,177,244,-67
105000222,48,38,10
105000223,109,174,-65
105000226,17,439,-422
105000227,15,214,-199
105000228,284,606,-322
105000229,63,182,-119
105000231,185,256,-71
105000233,422,537,-115
105000234,424,1221,-797
105000235,201,464,-263
105000237,544,57,487
105000243,23,38,-15
105000248,31,49,-18
105000262,155,1714,-1559
105000269,75,172,-97
105000270,222,86,136
105000271,0,261,-261
105000282,94,44,50
105000287,230,126,104
105000288,481,377,104
105000289,995,654,341
105000290,6,1,5
105000402,4151,1236,2915
105000426,368,444,-76
105000438,836,556,280
105000440,6,21,-15
105000446,12919,3960,8959
105000447,8085,2259,5826
105000454,144,992,-848
105000455,201,160,41
105000474,10,1,9
105000477,169,371,-202
105000478,1110,1737,-627
105000479,90,118,-28
105000480,1807,1559,248
105000481,1932,1714,218
105000482,3615,2393,1222
105000483,980,1070,-90
105000484,1891,2303,-412
105000485,867,1224,-357
105000486,2648,2029,619
105000488,2937,2384,553
105000489,498,768,-270
105000549,29,114,-85
105000550,364,1205,-841
105000551,40,97,-57
105000552,3035,1574,1461
105000555,723,574,149
105000556,23,29,-6
105000557,23,210,-187
105900001,5,804,-799
105900002,1417,329,1088
105900003,19,90,-71
105900004,221,117,104
105900005,5,182,-177
105900006,2,38,-36
105900007,9,11,-2
105900008,49,717,-668
105900009,10,5,5
105900011,39,28,11
105900012,155,102,53
105900013,1,16,-15
105900014,0,51,-51
105900015,91,307,-216
105900016,150,510,-360
105900017,503,30,473
105900018,200,253,-53
105900019,35,351,-316
105900020,35,45,-10
105900021,12,173,-161
105900022,137,297,-160
105900023,3,76,-73
105900024,3,88,-85
105900025,29,40,-11
105900026,134,26,108
105900027,3271,1936,1335
105900028,69,103,-34
105900029,1736,264,1472
105900030,120,255,-135
105900031,401,141,260
105900032,53,131,-78
105900033,50,94,-44
105900034,90,172,-82
105900035,107,145,-38
105900036,22,123,-101
105900037,60,71,-11
105900038,85,317,-232
105900039,61,140,-79
105900040,31,83,-52
105900041,115,304,-189
105900042,13,108,-95
105900043,1515,61,1454
105900044,1,138,-137
105900045,0,428,-428
105900046,2,158,-156
105900047,7,35,-28
105900048,102,473,-371
105900050,1280,324,956
105900051,4,1060,-1056
105900052,212,27,185
105900053,3266,1112,2154
105900054,253,219,34
105900056,710,168,542
105900057,12,129,-117
105900058,12,28,-16
105900059,1,42,-41
106000001,3367,1351,2016
106000002,2516,3994,-1478
106000003,2529,2215,314
106000004,2059,2434,-375
106000005,2049,4317,-2268
106000006,4935,4132,803
106000007,423,408,15
106000008,364,262,102
106000009,350,268,82
106000010,451,560,-109
106000011,545,831,-286
106000012,635,1465,-830
106000013,1206,1413,-207
106000014,1608,1712,-104
106000015,1023,879,144
106000016,984,2354,-1370
106000017,658,639,19
106000018,476,521,-45
106000019,227,376,-149
106000020,213,440,-227
106000021,278,424,-146
106000022,207,352,-145
106000023,492,324,168
106000024,529,784,-255
106000025,102,218,-116
106000026,160,297,-137
106000027,719,1208,-489
106000028,415,762,-347
106000029,647,1443,-796
106000030,751,337,414
106000034,136,537,-401
106000035,706,940,-234
106000036,361,303,58
106000037,1577,1596,-19
106000038,388,69,319
106000039,122,36,86
106000040,175,689,-514
106000041,695,272,423
106000043,496,75,421
106000046,304,26,278
106000047,35,357,-322
106000049,429,94,335
106000050,210,832,-622
106000051,400,327,73
106000052,53,545,-492
106000053,114,86,28
106000054,264,403,-139
106000055,607,881,-274
106000056,223,444,-221
106000057,146,191,-45
106000058,90,165,-75
106000059,88,191,-103
106000060,456,612,-156
106000061,139,369,-230
106000062,114,615,-501
106000063,483,411,72
106000064,35,357,-322
106000065,199,197,2
106000066,90,397,-307
106000067,154,105,49
106000068,48,610,-562
106000069,78,77,1
106000070,329,767,-438
106000071,586,271,315
106000072,3987,1457,2530
106000073,1598,1751,-153
106000074,310,671,-361
106000075,232,983,-751
106000076,1324,1599,-275
106000077,2695,1213,1482
106000078,523,974,-451
106000079,418,890,-472
106000080,877,842,35
106000081,440,940,-500
106000082,2172,886,1286
106000083,343,1176,-833
106000084,796,657,139
106000085,1393,998,395
106000086,619,644,-25
106000087,738,607,131
106000088,373,643,-270
106000089,600,538,62
106000090,210,550,-340
106000091,202,666,-464
106000092,523,228,295
106000093,225,63,162
106000094,90,418,-328
106000095,342,1240,-898
106000096,565,648,-83
106000097,598,1297,-699
106000098,425,931,-506
106000099,125,817,-692
106000100,521,320,201
106000101,477,257,220
106000102,128,530,-402
106000103,160,578,-418
106000104,525,382,143
106000105,320,805,-485
106000106,434,391,43
106000107,78,504,-426
106000108,189,351,-162
106000109,83,458,-375
106000110,113,261,-148
106000111,157,664,-507
106000112,120,331,-211
106000113,909,634,275
106000114,358,338,20
106000115,188,550,-362
106000116,144,223,-79
106000117,771,763,8
106000118,726,866,-140
106000119,2382,998,1384
106000120,511,662,-151
106000121,201,217,-16
106000122,80,386,-306
106000123,197,302,-105
106000124,43,330,-287
106000125,26,338,-312
106000126,138,183,-45
106000127,435,927,-492
106000128,366,290,76
106000129,298,754,-456
106000130,486,384,102
106000131,159,704,-545
106000132,760,129,631
106000133,3731,922,2809
106000134,708,810,-102
106000135,224,981,-757
106000136,488,428,60
106000137,57,1572,-1515
106000138,636,71,565
106000139,44,126,-82
106000140,22,95,-73
106000141,25,138,-113
106000142,32,73,-41
106000143,22,114,-92
106000144,17,61,-44
106000145,112,329,-217
106000146,180,183,-3
106000147,256,508,-252
106000148,539,740,-201
106000149,334,381,-47
106000150,336,1576,-1240
106000151,4398,681,3717
106000152,1300,1075,225
106000153,105,1291,-1186
106000154,1321,227,1094
106000155,37,174,-137
106000156,467,318,149
106000157,543,1683,-1140
106000158,2736,662,2074
106000159,4524,1068,3456
106000160,251,1418,-1167
106000161,1412,442,970
106000162,135,561,-426
106000163,214,577,-363
106000164,218,304,-86
106000165,152,749,-597
106000166,341,271,70
106000167,241,1527,-1286
106000168,247,220,27
106000169,131,840,-709
106000170,283,206,77
106000171,69,936,-867
106000172,1850,753,1097
106000173,597,2684,-2087
106000174,706,293,413
106000175,260,1062,-802
106000176,916,624,292
106000177,546,2340,-1794
106000178,2199,1412,787
106000179,1013,2080,-1067
106000180,594,1959,-1365
106000181,325,1980,-1655
106000182,461,659,-198
106000183,539,1008,-469
106000184,424,994,-570
106000185,353,767,-414
106000186,704,107,597
106000187,148,679,-531
106000188,0,0,0
106000189,0,47,-47
106000190,9,0,9
106000191,463,157,306
106000192,0,16,-16
106000193,270,122,148
106000194,139,242,-103
106000195,108,65,43
106000196,50,252,-202
106000197,170,278,-108
106000198,53,232,-179
106000199,682,431,251
106000200,355,110,245
106000201,345,1113,-768
106000202,6335,419,5916
106000203,178,212,-34
106000204,31,4,27
106000205,22,133,-111
106000206,43,24,19
106000207,60,871,-811
106000208,546,59,487
106000209,788,224,564
106000210,179,1385,-1206
106000211,345,1534,-1189
106000212,504,134,370
106000213,618,1248,-630
106000214,2115,380,1735
106000215,189,502,-313
106000216,204,282,-78
106000217,271,510,-239
106000218,382,348,34
106000219,105,257,-152
106000220,280,217,63
106000221,66,328,-262
106000222,31,107,-76
106000223,65,101,-36
106000224,128,305,-177
106000225,58,81,-23
106000226,99,313,-214
106000228,21,92,-71
106000229,60,744,-684
106000231,417,138,279
106000232,44,458,-414
106000233,337,102,235
106000234,62,216,-154
106000235,150,52,98
106000236,73,57,16
106000237,0,6,-6
106000238,5,7,-2
106000239,1,55,-54
106000240,8,7,1
106000241,15,691,-676
106000242,165,16,149
106000249,41,66,-25
106000250,38,385,-347
106000251,50,16,34
106000252,9,89,-80
106000253,18,26,-8
106000254,19,62,-43
106000255,11,57,-46
106000256,56,71,-15
106000257,99,208,-109
106000258,72,10,62
106000259,2,41,-39
106000260,21,5,16
106000261,1,87,-86
106000262,16,11,5
106000263,3,72,-69
106000264,134,4,130
106000265,7,80,-73
106000266,56,11,45
106000267,6,79,-73
106000268,398,25,373
106000269,71,50,21
106000270,109,342,-233
106000271,31,173,-142
106000272,79,41,38
106000273,4,176,-172
106000274,154,21,133
106000275,102,141,-39
106000276,122,47,75
106000277,97,133,-36
106000278,123,39,84
106000279,7,44,-37
106000280,21,153,-132
106000281,68,91,-23
106000282,41,58,-17
106000283,78,88,-10
106000284,62,119,-57
106000285,101,169,-68
106000286,65,127,-62
106000287,85,125,-40
106000288,53,128,-75
106000289,40,85,-45
106000290,48,94,-46
106000291,70,114,-44
106000292,71,124,-53
106000293,89,89,0
106000294,109,133,-24
106000295,42,57,-15
106000296,59,115,-56
106000297,59,214,-155
106000298,116,53,63
106000299,61,158,-97
106000300,54,104,-50
106000301,59,117,-58
106000303,10,47,-37
106000304,33,43,-10
106000305,17,32,-15
106000306,32,83,-51
106000307,26,31,-5
106000308,31,152,-121
106000309,24,62,-38
106000310,171,545,-374
106000311,257,111,146
106000312,57,192,-135
106000313,101,206,-105
106000318,157,145,12
106000319,431,63,368
106000320,3,26,-23
106000321,242,49,193
106000322,78,225,-147
106000324,5,160,-155
106000325,1064,681,383
106000326,780,1844,-1064
106000327,75,135,-60
106000328,3,90,-87
106000329,21,269,-248
106000330,27,34,-7
106000428,44,175,-131
106000429,72,588,-516
106000430,255,1450,-1195
106000431,904,281,623
106000432,1587,2657,-1070
106000433,1245,799,446
106000434,2078,765,1313
106000435,1732,2552,-820
106000436,17,269,-252
106000437,125,11,114
106000438,87,105,-18
106000439,31,403,-372
106000440,182,447,-265
106000441,0,0,0
106000442,116,8,108
106000443,84,497,-413
106000450,3,204,-201
106000451,26,12,14
106000454,6,81,-75
106000455,16,150,-134
106000456,84,17,67
106000457,9,1183,-1174
106000458,228,224,4
106000459,59,415,-356
106000460,516,35,481
106000461,46,1990,-1944
106000462,0,15,-15
106000463,5,28,-23
106000464,5,712,-707
106000465,206,5,201
106000466,1,783,-782
106000467,501,558,-57
106000468,27,171,-144
106000469,297,7,290
106000470,202,1166,-964
106000471,28,723,-695
106000472,62,5,57
106000473,24,25,-1
106000474,230,720,-490
106000475,174,144,30
106000476,187,161,26
106000477,14,125,-111
106000480,0,103,-103
106900001,0,13,-13
106900002,3,653,-650
106900003,211,745,-534
106900004,0,58,-58
106900006,0,15,-15
106900007,0,15,-15
106900008,146,324,-178
106900009,149,435,-286
106900010,160,332,-172
106900012,2082,1134,948
106900013,252,42,210
106900014,29,0,29
106900015,16,0,16
106900016,127,3,124
106900017,2,0,2
106900018,2,1,1
106900019,37,2,35
106900020,2813,763,2050
106900021,24,75,-51
106900022,261,1,260
106900023,16,255,-239
106900024,233,16,217
106900025,60,632,-572
106900026,0,903,-903
106900027,237,2,235
107000001,3249,1487,1762
107000002,4830,3306,1524
107000003,3086,4041,-955
107000004,4249,5355,-1106
107000005,1547,3656,-2109
107000006,3040,5805,-2765
107000007,3631,5842,-2211
107000008,14934,10211,4723
107000009,3516,3987,-471
107000010,8876,10191,-1315
107000011,1415,1178,237
107000012,4249,3438,811
107000013,52,151,-99
107000014,23,369,-346
107000015,352,1033,-681
107000016,335,1365,-1030
107000017,1439,751,688
107000018,6,192,-186
107000020,770,318,452
107000021,599,735,-136
107000022,435,1022,-587
107000023,1061,286,775
107000024,311,1985,-1674
107000025,119,308,-189
107000026,158,707,-549
107000027,772,783,-11
107000028,1083,1836,-753
107000029,1420,1398,22
107000030,2900,3229,-329
107000031,2163,1517,646
107000032,294,925,-631
107000033,3402,3333,69
107000034,4541,1930,2611
107000035,211,152,59
107000036,281,888,-607
107000037,55,553,-498
107000038,142,215,-73
107000039,494,373,121
107000040,91,284,-193
107000041,1068,570,498
107000042,754,1547,-793
107000043,2734,986,1748
107000044,733,330,403
107000045,92,304,-212
107000046,381,372,9
107000047,362,879,-517
107000048,446,325,121
107000049,495,748,-253
107000050,652,425,227
107000051,503,307,196
107000052,962,657,305
107000053,284,158,126
107000054,72,303,-231
107000055,338,145,193
107000056,552,919,-367
107000057,2019,222,1797
107000058,1688,1787,-99
107000059,2089,3061,-972
107000060,2758,4239,-1481
107000061,4867,3735,1132
107000062,2206,2541,-335
107000063,3361,6179,-2818
107000064,2194,1691,503
107000065,2782,5454,-2672
107000066,1029,1577,-548
107000067,564,840,-276
107000068,1073,559,514
107000069,428,311,117
107000070,438,9,429
107000071,1453,27,1426
107000072,35,3791,-3756
107000073,249,153,96
107000074,127,925,-798
107000075,756,282,474
107000076,804,1787,-983
107000077,1769,644,1125
107000078,1940,3392,-1452
107000079,1424,491,933
107000080,1136,3312,-2176
107000081,748,447,301
107000082,435,2606,-2171
107000083,586,251,335
107000084,433,2295,-1862
107000085,2375,2616,-241
107000086,3563,2637,926
107000087,1957,1706,251
107000088,2226,3060,-834
107000089,1155,1538,-383
107000090,754,991,-237
107000091,765,796,-31
107000092,499,1095,-596
107000093,845,689,156
107000094,711,1279,-568
107000095,381,569,-188
107000096,526,1029,-503
107000097,420,331,89
107000098,336,972,-636
107000099,329,220,109
107000100,267,355,-88
107000101,87,174,-87
107000102,306,401,-95
107000103,337,169,168
107000104,265,447,-182
107000105,297,98,199
107000106,158,373,-215
107000107,359,199,160
107000108,94,941,-847
107000109,385,134,251
107000110,61,648,-587
107000111,178,27,151
107000112,28,425,-397
107000113,306,90,216
107000114,98,846,-748
107000115,284,76,208
107000116,90,1140,-1050
107000117,134,249,-115
107000118,188,233,-45
107000119,1763,1062,701
107000120,2578,325,2253
107000121,398,776,-378
107000122,934,847,87
107000123,263,866,-603
107000124,473,868,-395
107000125,474,795,-321
107000126,646,1102,-456
107000129,139,1190,-1051
107000130,221,226,-5
107000131,373,809,-436
107000132,342,249,93
107000133,611,121,490
107000134,212,3,209
107000135,5,167,-162
107000136,622,2,620
107000137,9,304,-295
107000138,227,13,214
107000139,10,301,-291
107000140,584,31,553
107000141,87,710,-623
107000142,244,52,192
107000143,36,862,-826
107000144,189,297,-108
107000145,136,566,-430
107000146,139,223,-84
107000147,4177,1043,3134
107000150,744,1264,-520
107000151,39,68,-29
107000152,469,424,45
107000153,366,666,-300
107000154,200,124,76
107000155,414,14,400
107000156,631,4,627
107000157,14,2270,-2256
107000158,302,16,286
107000159,55,1575,-1520
107000160,476,65,411
107000161,64,2067,-2003
107000162,133,197,-64
107000163,21,1,20
107000164,156,0,156
107000165,391,1,390
107000166,44,1561,-1517
107000167,272,321,-49
107000168,555,281,274
107000169,933,967,-34
107000170,740,384,356
107000171,326,2685,-2359
107000172,495,663,-168
107000173,634,1065,-431
107000174,649,2004,-1355
107000175,9121,1421,7700
107000176,4,1,3
107000177,0,3,-3
107000178,9,59,-50
107000179,186,3203,-3017
107000180,674,392,282
107000181,321,1564,-1243
107000182,1080,952,128
107000183,98,997,-899
107000184,650,771,-121
107000185,340,1349,-1009
107000186,636,300,336
107000187,845,1095,-250
107000188,311,440,-129
107000189,318,722,-404
107000190,341,815,-474
107000191,494,1233,-739
107000192,986,972,14
107000193,317,354,-37
107000194,930,736,194
107000197,541,181,360
107000198,287,876,-589
107000199,542,647,-105
107000200,867,458,409
107000201,262,188,74
107000202,192,365,-173
107000203,597,405,192
107000204,652,408,244
107000205,2086,961,1125
107000206,652,719,-67
107000207,598,988,-390
107000208,1077,319,758
107000209,1993,649,1344
107000210,1295,311,984
107000211,12,21,-9
107000212,9,226,-217
107000213,4,27,-23
107000214,16,111,-95
107000215,203,431,-228
107000216,145,439,-294
107000217,80,131,-51
107000219,49,120,-71
107000220,70,304,-234
107000222,240,660,-420
107000224,221,43,178
107000225,154,649,-495
107000226,169,88,81
107000227,57,427,-370
107000228,64,125,-61
107000229,236,133,103
107000230,872,571,301
107000231,2125,494,1631
107000232,83,77,6
107000233,1976,588,1388
107000234,1,11,-10
107000235,81,5,76
107000236,11,286,-275
107000237,3,2,1
107000238,14,0,14
107000239,4856,393,4463
107000240,71,1233,-1162
107000243,0,46,-46
107000244,12,61,-49
107000246,2,1274,-1272
107000249,6,1270,-1264
107000251,0,275,-275
107000252,3,1435,-1432
107000255,653,77,576
107000257,1,690,-689
107000258,4,152,-148
107000259,2,246,-244
107000260,212,0,212
107000262,7,770,-763
107000263,118,2,116
107000266,6,2,4
107000267,58,168,-110
107000268,111,196,-85
107000269,107,31,76
107000270,0,18,-18
107000271,6,1169,-1163
107000272,6,236,-230
107000273,2,269,-267
107000274,472,180,292
107000275,56,551,-495
107000280,335,11,324
107000281,25,1303,-1278
107000282,18,1514,-1496
107000290,5,31,-26
107000291,11,11,0
107000292,1,30,-29
107000293,46,2,44
107000294,0,28,-28
107000295,8,3,5
107000296,0,16,-16
107000444,154,7,147
107000496,0,19,-19
107000497,1228,3092,-1864
107000500,191,335,-144
107000501,54,209,-155
107000502,193,426,-233
107000505,584,851,-267
107000506,0,55,-55
107000508,6,768,-762
107000509,156,442,-286
107000510,13,24,-11
107000514,17,219,-202
107000515,12,328,-316
107000516,155,176,-21
107000518,611,446,165
107000519,3679,1070,2609
107000520,41,3,38
107000521,307,445,-138
107000522,423,787,-364
107900001,17,247,-230
107900002,45,2,43
107900003,65,6,59
107900004,2,0,2
107900005,365,1,364
107900006,35,0,35
107900007,122,21,101
107900008,41,20,21
107900009,93,3,90
107900010,11,1,10
107900012,228,24,204
107900013,203,46,157
107900014,10,3,7
107900015,317,2,315
107900016,482,70,412
107900017,6,1,5
107900018,28,44,-16
107900019,16,66,-50
107900020,57,3,54
107900021,22,138,-116
107900023,1,0,1
107900024,1,40,-39
107900025,152,285,-133
107900026,26,110,-84
107900027,11,37,-26
107900028,28,96,-68
107900030,133,19,114
107900031,36,217,-181
107900032,0,3,-3
107900033,10,6,4
107900034,196,3,193
107900035,365,14,351
107900036,19,18,1
107900037,1,39,-38
107900038,143,105,38
107900039,15,54,-39
107900040,32,36,-4
107900041,0,1,-1
107900043,17,171,-154
107900044,1,3,-2
107900045,60,24,36
107900046,68,61,7
107900047,12,127,-115
107900048,62,16,46
107900049,293,227,66
107900050,84,272,-188
107900051,48,77,-29
107900052,6,10,-4
107900053,20,60,-40
107900055,414,182,232
107900056,46,16,30
107900057,2,0,2
107900058,22,697,-675
107900060,8,50,-42
107900061,19,4,15
107900063,98,124,-26
107900064,230,50,180
107900065,74,4,70
107900066,0,2,-2
107900067,0,0,0
107900068,98,182,-84
107900069,37,601,-564
107900070,38,13,25
107900071,11,881,-870
107900072,27,205,-178
107900073,31,116,-85
107900074,1040,91,949
107900076,116,61,55
107900077,8,0,8
107900079,9,10,-1
107900080,79,161,-82
107900081,11,52,-41
107900082,18,8,10
107900083,156,118,38
107900084,101,113,-12
107900086,64,97,-33
107900087,300,64,236
107900088,17,5,12
107900089,242,852,-610
107900090,333,867,-534
107900091,107,520,-413
107900093,36,68,-32
107900095,2918,1116,1802
107900097,22,51,-29
107900098,48,151,-103
107900100,1052,589,463
107900101,1022,153,869
107900102,10,2,8
107900103,33,151,-118
107900104,122,0,122
107900105,2,433,-431
107900106,2,1562,-1560
107900107,803,164,639
107900108,253,80,173
107900109,441,2,439
107900110,8,122,-114
107900111,6,1188,-1182
107900112,100,330,-230
107900113,90,96,-6
107900114,72,232,-160
107900115,0,47,-47
107900116,47,202,-155
107900117,192,415,-223
107900118,32,174,-142
107900119,27,62,-35
107900120,33,9,24
107900121,2,80,-78
107900122,3,36,-33
107900123,0,26,-26
107900124,5,27,-22
107900125,22,152,-130
107900126,1,28,-27
107900127,329,77,252
107900128,91,54,37
107900129,18,42,-24
107900130,23,11,12
107900131,691,50,641
107900132,88,380,-292
107900133,1,73,-72
107900134,19,11,8
107900135,3,203,-200
107900136,31,20,11
107900137,55,64,-9
107900138,32,20,12
107900139,8,24,-16
107900141,28,45,-17
107900142,42,888,-846
107900143,11,30,-19
107900144,2,142,-140
107900145,6,55,-49
107900146,32,82,-50
107900147,33,13,20
107900148,175,155,20
107900149,1439,305,1134
107900150,63,759,-696
107900151,14,121,-107
107900152,7,169,-162
107900153,150,200,-50
107900154,22,14,8
107900155,28,12,16
107900156,3,581,-578
107900157,39,94,-55
107900158,255,8,247
107900159,37,1027,-990
107900160,48,161,-113
107900161,3,247,-244
107900162,0,39,-39
107900163,26,19,7
107900164,2,17,-15
107900165,3,71,-68
107900166,7,323,-316
107900167,1,9,-8
107900168,14,29,-15
107900169,0,172,-172
107900171,5,1804,-1799
107900172,2,268,-266
107900173,12,231,-219
107900174,45,2,43
107900175,1,11,-10
107900176,3,33,-30
107900177,0,32,-32
107900178,0,238,-238
107900179,20,151,-131
107900180,916,194,722
107900181,219,437,-218
107900182,6,1436,-1430
107900183,10,409,-399
107900184,44,265,-221
107900185,22,1,21
107900186,6,48,-42
107900187,0,110,-110
107900188,813,69,744
107900189,8,105,-97
107900190,100,32,68
107900191,28,136,-108
107900193,8,23,-15
107900194,99,7,92
107900195,3860,413,3447
107900196,25,56,-31
107900197,677,105,572
107900199,4,1116,-1112
107900201,52,138,-86
107900203,32,65,-33
107900204,264,194,70
107900206,289,133,156
107900207,6,800,-794
107900208,6,830,-824
107900209,301,61,240
107900210,69,119,-50
107900213,387,386,1
107900214,2,198,-196
107900215,175,347,-172
107900216,79,45,34
107900217,13,60,-47
107900218,17,1438,-1421
107900219,33,151,-118
107900220,148,93,55
107900221,172,263,-91
107900223,53,571,-518
107900224,169,325,-156
107900225,4,754,-750
107900226,40,94,-54
107900227,93,525,-432
107900228,9,117,-108
107900229,9,287,-278
107900230,21,138,-117
107900231,10,234,-224
107900232,37,238,-201
107900233,10,108,-98
107900234,45,184,-139
107900235,26,81,-55
107900236,36,121,-85
107900237,119,471,-352
107900238,8,146,-138
107900239,1350,402,948
107900240,7,144,-137
107900241,8,70,-62
107900242,9,433,-424
107900243,4,35,-31
107900244,148,8,140
107900245,168,36,132
107900246,54,3,51
107900248,162,437,-275
107900249,231,4,227
107900250,1,539,-538
107900251,58,1235,-1177
107900252,370,5,365
107900253,81,0,81
107900254,59,54,5
107900255,306,46,260
107900256,205,379,-174
107900257,66,26,40
107900258,50,193,-143
107900259,63,679,-616
107900261,0,533,-533
107900262,20,130,-110
107900264,95,4,91
107900265,30,156,-126
107900267,84,15,69
107900268,36,11,25
107900269,1,5,-4
107900270,0,0,0
107900271,4,5,-1
107900272,185,9,176
107900273,29,76,-47
107900274,27,0,27
107900275,10,0,10
107900276,0,89,-89
107900277,1,204,-203
107900278,131,381,-250
107900279,133,81,52
107900280,1390,883,507
107900281,2718,854,1864
107900282,46,178,-132
107900283,1181,345,836
107900284,247,833,-586
107900285,46,133,-87
107900286,113,90,23
107900287,70,126,-56
107900290,0,37,-37
107900291,379,10,369
107900292,117,264,-147
107900293,52,541,-489
107900295,37,108,-71
107900297,2,264,-262
107900298,717,979,-262
107900299,3832,1717,2115
107900301,382,293,89
107900302,53,12,41
107900303,62,288,-226
107900304,122,563,-441
107900305,138,6,132
107900306,21,9,12
107900307,28,283,-255
107900308,184,39,145
107900309,8,0,8
107900310,0,0,0
107900311,234,92,142
107900312,1,0,1
107900313,0,64,-64
107900314,1,37,-36
107900315,0,37,-37
107900316,11,1,10
107900317,23,0,23
107900318,3,132,-129
107900319,1,171,-170
107900320,1,135,-134
107900321,39,9,30
107900322,1,188,-187
107900323,5,136,-131
107900324,110,3,107
107900325,47,0,47
107900326,121,402,-281
107900327,2,0,2
107900328,0,0,0
107900329,0,0,0
107900330,5,430,-425
107900331,93,27,66
107900332,149,30,119
107900333,37,13,24
107900334,7,308,-301
107900335,32,48,-16
107900336,12,31,-19
107900337,1366,479,887
107900338,0,127,-127
107900339,1,19,-18
107900340,0,55,-55
107900341,20,0,20
107900342,95,111,-16
107900343,31,0,31
107900344,3,163,-160
107900345,70,16,54
107900346,16,0,16
107900347,20,0,20
107900348,2,3,-1
107900349,7,3,4
107900350,38,270,-232
107900351,1,245,-244
107900352,4,55,-51
107900353,2,4,-2
107900354,4,58,-54
108000001,1873,2917,-1044
108000002,2337,3268,-931
108000003,2307,1504,803
108000004,15053,15833,-780
108000005,4883,2828,2055
108000006,6091,6243,-152
108000007,3465,2866,599
108000008,4770,5833,-1063
108000009,2198,2748,-550
108000010,2319,4851,-2532
108000011,9134,7599,1535
108000012,19137,15126,4011
108000014,757,498,259
108000015,481,280,201
108000016,158,734,-576
108000017,499,321,178
108000018,955,428,527
108000019,1165,465,700
108000020,903,349,554
108000021,419,1608,-1189
108000022,449,1452,-1003
108000023,757,175,582
108000024,196,720,-524
108000025,207,231,-24
108000026,340,663,-323
108000027,376,774,-398
108000028,258,219,39
108000029,261,1066,-805
108000030,284,215,69
108000031,186,562,-376
108000032,720,427,293
108000033,506,1300,-794
108000034,939,298,641
108000035,746,2555,-1809
108000036,275,1513,-1238
108000037,1028,282,746
108000038,1370,319,1051
108000039,482,2778,-2296
108000040,1026,649,377
108000041,646,2855,-2209
108000042,66,266,-200
108000043,95,297,-202
108000044,241,197,44
108000045,200,741,-541
108000046,820,258,562
108000047,324,1221,-897
108000048,133,499,-366
108000049,342,236,106
108000050,175,735,-560
108000051,174,68,106
108000052,271,763,-492
108000053,224,87,137
108000054,403,901,-498
108000055,566,317,249
108000056,1053,1156,-103
108000057,362,572,-210
108000058,1754,2525,-771
108000059,3766,2067,1699
108000060,124,355,-231
108000061,326,596,-270
108000062,387,358,29
108000063,272,544,-272
108000064,102,178,-76
108000065,374,590,-216
108000066,1494,644,850
108000067,984,324,660
108000068,462,270,192
108000069,171,1258,-1087
108000070,1046,498,548
108000071,501,1957,-1456
108000072,953,730,223
108000073,1359,2116,-757
108000074,241,291,-50
108000075,288,847,-559
108000076,452,398,54
108000077,720,796,-76
108000078,1358,1132,226
108000079,958,1986,-1028
108000080,611,438,173
108000081,494,2576,-2082
108000082,990,1858,-868
108000083,1208,619,589
108000084,341,1307,-966
108000085,293,276,17
108000086,960,806,154
108000087,119,1081,-962
108000088,486,122,364
108000089,175,210,-35
108000091,89,648,-559
108000092,70,92,-22
108000093,88,902,-814
108000094,406,121,285
108000095,108,552,-444
108000096,197,158,39
108000097,148,656,-508
108000098,671,1260,-589
108000099,583,291,292
108000100,62,350,-288
108000101,516,916,-400
108000102,1149,1967,-818
108000106,756,1,755
108000107,2,721,-719
108000108,501,28,473
108000109,6,896,-890
108000110,109,228,-119
108000111,116,758,-642
108000112,32,109,-77
108000113,467,251,216
108000115,426,335,91
108000117,710,227,483
108000118,407,815,-408
108000119,744,454,290
108000120,70,500,-430
108000121,159,530,-371
108000122,262,262,0
108000123,330,236,94
108000124,174,549,-375
108000125,161,343,-182
108000126,86,646,-560
108000127,265,411,-146
108000128,301,796,-495
108000129,166,1629,-1463
108000130,188,314,-126
108000131,710,263,447
108000132,1854,1409,445
108000133,497,495,2
108000134,668,719,-51
108000135,606,260,346
108000136,700,1165,-465
108000137,163,404,-241
108000138,257,1147,-890
108000139,165,377,-212
108000140,47,19,28
108000141,9,173,-164
108000142,36,153,-117
108000143,18,674,-656
108000144,199,88,111
108000145,29,37,-8
108000146,303,44,259
108000147,8,52,-44
108000148,170,60,110
108000149,13,37,-24
108000150,6,4,2
108000151,339,46,293
108000152,69,722,-653
108000153,183,102,81
108000154,53,22,31
108000155,24,9,15
108000156,858,516,342
108000157,95,466,-371
108000158,68,436,-368
108000159,594,167,427
108000160,4832,701,4131
108000161,4240,1062,3178
108000165,3,48,-45
108000172,13,182,-169
108000173,2731,1155,1576
108000175,250,110,140
108000178,348,431,-83
108000179,161,460,-299
108000181,50,26,24
108000182,315,70,245
108000183,62,490,-428
108000184,1077,1274,-197
108000185,102,693,-591
108000186,102,527,-425
108000187,90,793,-703
108000188,180,254,-74
108000189,2434,3085,-651
108000190,37,135,-98
108000192,66,705,-639
108000193,743,31,712
108000194,34,9,25
108000195,1,1164,-1163
108000196,133,105,28
108000198,412,457,-45
108000199,0,156,-156
108000200,125,685,-560
108000203,65,1111,-1046
108000204,56,28,28
108000205,399,618,-219
108000339,1311,342,969
108000364,460,550,-90
108000365,46,345,-299
108000367,200,357,-157
108000368,8,50,-42
108000369,1258,109,1149
108000371,16,609,-593
108000372,468,4,464
108000373,105,175,-70
108000376,46,22,24
108000377,262,375,-113
108000378,7555,7368,187
108000379,31,165,-134
108000381,18,10,8
108000382,108,0,108
108000383,1,94,-93
108900001,122,1368,-1246
108900002,180,39,141
108900003,384,1068,-684
108900004,2515,302,2213
108900007,89,158,-69
108900008,52,125,-73
108900009,28,80,-52
108900010,98,137,-39
108900011,146,374,-228
108900012,142,439,-297
108900013,106,278,-172
108900014,1,82,-81
108900015,0,16,-16
108900016,0,223,-223
108900017,107,168,-61
108900018,61,519,-458
108900019,14,1252,-1238
108900020,21,303,-282
108900021,69,259,-190
108900022,25,2,23
108900023,1,15,-14
108900024,9,166,-157
108900025,38,150,-112
108900026,10,83,-73
108900027,0,81,-81
108900028,28,544,-516
108900029,36,252,-216
108900030,0,112,-112
108900031,34,680,-646
108900032,9,257,-248
108900033,1,91,-90
108900034,0,305,-305
108900035,151,1980,-1829
108900038,0,343,-343
108900039,1,643,-642
108900040,4,108,-104
108900041,5210,1906,3304
108900042,2,279,-277
108900043,42,467,-425
108900044,2,733,-731
108900045,21,716,-695
108900046,42,1028,-986
108900047,0,88,-88
108900048,59,1248,-1189
108900049,5587,615,4972
108900050,1,321,-320
108900051,0,253,-253
108900052,18,305,-287
108900053,102,99,3
108900054,48,226,-178
108900055,53,451,-398
108900056,1,168,-167
108900057,1,178,-177
108900058,32,474,-442
108900059,176,8,168
108900060,38,116,-78
108900061,51,20,31
108900062,2,352,-350
108900063,2,449,-447
108900064,52,50,2
108900065,4,308,-304
108900066,154,84,70
108900067,13,212,-199
108900068,9,318,-309
108900069,38,136,-98
108900070,17,180,-163
108900071,27,46,-19
108900072,2184,246,1938
108900073,11,548,-537
108900074,51,533,-482
108900075,50,69,-19
108900076,142,63,79
108900077,192,610,-418
108900078,22,253,-231
108900079,777,236,541
108900080,21,280,-259
108900081,60,260,-200
108900082,19,129,-110
108900083,15,188,-173
108900085,2140,195,1945
108900086,34,418,-384
108900087,132,230,-98
108900088,586,192,394
108900089,15,89,-74
108900090,31,477,-446
108900091,122,113,9
108900092,215,229,-14
108900093,55,44,11
108900094,127,71,56
108900095,41,618,-577
108900096,479,33,446
108900097,240,209,31
108900098,3194,314,2880
108900099,268,376,-108
108900100,116,156,-40
108900101,122,66,56
108900102,91,473,-382
108900103,38,85,-47
108900105,3,416,-413
108900106,167,605,-438
108900108,153,28,125
108900109,167,29,138
108900110,87,549,-462
108900111,189,755,-566
108900113,27,24,3
108900114,38,12,26
108900115,12,56,-44
108900116,34,10,24
108900117,72,24,48
108900118,283,3,280
108900119,80,34,46
108900120,153,97,56
108900121,194,40,154
108900122,86,35,51
108900123,56,40,16
108900124,271,123,148
108900125,174,3,171
108900126,47,5,42
108900127,76,9,67
108900128,37,11,26
108900129,438,72,366
108900130,122,1,121
108900131,185,2,183
108900132,318,61,257
108900133,72,41,31
108900134,136,252,-116
108900135,49,1,48
108900136,4,0,4
108900137,65,0,65
108900138,264,6,258
108900140,139,308,-169
108900141,98,9,89
108900142,53,5,48
108900143,10,0,10
108900144,30,0,30
108900145,64,4,60
108900146,48,0,48
108900147,71,0,71
108900148,50,22,28
108900150,143,3,140
108900151,37,3,34
108900152,48,6,42
108900153,43,560,-517
108900154,2929,681,2248
108900156,30,14,16
108900157,7,656,-649
108900158,165,80,85
108900159,5,355,-350
108900160,4,277,-273
108900161,9,535,-526
108900162,25,0,25
108900163,9,156,-147
108900164,60,58,2
108900168,10388,1704,8684
108900169,43,131,-88
108900171,6514,1364,5150
108900172,127,23,104
108900173,189,379,-190
108900174,312,505,-193
108900176,152,653,-501
108900177,8071,1961,6110
108900178,4871,1773,3098
108900180,40,180,-140
108900183,127,174,-47
108900184,272,131,141
108900185,23,311,-288
108900186,31,390,-359
108900189,111,111,0
108900190,55,3340,-3285
108900192,52,242,-190
108900195,47,446,-399
108900196,10,708,-698
108900199,112,283,-171
108900200,213,277,-64
108900201,208,1088,-880
108900203,282,38,244
108900204,235,1,234
108900205,97,12,85
108900206,173,13,160
108900207,124,32,92
108900208,27,295,-268
108900209,206,587,-381
108900210,132,169,-37
108900211,80,278,-198
108900212,689,701,-12
108900215,159,680,-521
108900216,311,73,238
108900217,69,0,69
108900218,94,10,84
108900221,36,74,-38
108900224,18,112,-94
108900225,0,171,-171
108900227,86,117,-31
108900230,341,288,53
108900232,3,413,-410
108900233,151,38,113
108900234,203,68,135
108900235,174,583,-409
108900236,24,354,-330
108900240,78,62,16
108900241,12,10,2
108900245,5,486,-481
108900250,144,136,8
108900258,20,308,-288
108900259,34,87,-53
108900260,5,106,-101
108900261,193,141,52
108900262,288,97,191
108900263,91,228,-137
108900264,464,190,274
108900265,1143,204,939
108900266,1262,238,1024
108900267,3,54,-51
108900268,0,3,-3
108900269,25,6,19
108900270,22,6,16
108900271,15,3,12
108900272,105,2,103
108900273,1079,378,701
108900274,24,67,-43
109000001,3413,998,2415
109000002,3044,1256,1788
109000003,1718,552,1166
109000004,383,2536,-2153
109000005,1445,714,731
109000006,623,2181,-1558
109000007,1002,737,265
109000008,368,1960,-1592
109000009,2262,1120,1142
109000010,1279,4204,-2925
109000011,1747,1359,388
109000012,1574,4191,-2617
109000013,2193,1658,535
109000014,1225,3593,-2368
109000015,2522,3446,-924
109000016,9289,4244,5045
109000017,1413,960,453
109000018,668,3503,-2835
109000019,1747,1187,560
109000020,1164,2284,-1120
109000023,222,27,195
109000024,6,111,-105
109000025,394,305,89
109000026,616,277,339
109000027,87,215,-128
109000028,112,106,6
109000029,95,146,-51
109000030,55,507,-452
109000031,99,85,14
109000032,36,447,-411
109000033,177,92,85
109000034,37,42,-5
109000035,31,26,5
109000036,71,425,-354
109000037,159,586,-427
109000038,469,295,174
109000039,469,349,120
109000040,4805,3326,1479
109000041,5072,1060,4012
109000042,815,1002,-187
109000044,200,61,139
109000045,85,406,-321
109000046,196,67,129
109000047,64,410,-346
109000048,514,128,386
109000049,169,447,-278
109000050,238,206,32
109000051,201,249,-48
109000052,279,1694,-1415
109000053,79,52,27
109000054,65,591,-526
109000055,90,140,-50
109000056,150,495,-345
109000057,141,226,-85
109000058,643,225,418
109000059,553,863,-310
109000060,264,199,65
109000061,1423,391,1032
109000062,96,181,-85
109000063,122,164,-42
109000064,79,124,-45
109000065,60,303,-243
109000066,162,90,72
109000067,25,355,-330
109000068,721,7,714
109000069,868,18,850
109000070,8,865,-857
109000071,196,72,124
109000072,69,288,-219
109000073,21,87,-66
109000074,11,220,-209
109000075,49,371,-322
109000076,76,159,-83
109000077,313,266,47
109000078,41,106,-65
109000079,101,283,-182
109000080,74,114,-40
109000081,68,553,-485
109000082,286,246,40
109000083,129,848,-719
109000088,108,436,-328
109000089,249,23,226
109000090,115,440,-325
109000091,160,90,70
109000092,364,588,-224
109000093,128,141,-13
109000094,178,1,177
109000095,62,624,-562
109000096,352,173,179
109000097,74,102,-28
109000098,44,47,-3
109000099,508,348,160
109000100,106,503,-397
109000101,622,879,-257
109000102,242,904,-662
109000103,216,572,-356
109000104,763,618,145
109000105,326,1407,-1081
109000106,987,518,469
109000107,429,2040,-1611
109000108,855,401,454
109000109,324,1871,-1547
109000110,810,413,397
109000111,779,2182,-1403
109000112,210,116,94
109000113,147,107,40
109000114,89,388,-299
109000115,792,83,709
109000116,6,148,-142
109000117,71,100,-29
109000118,15,294,-279
109000119,486,400,86
109000120,119,1237,-1118
109000121,158,36,122
109000122,94,1143,-1049
109000123,17,104,-87
109000124,328,343,-15
109000125,346,294,52
109000126,283,860,-577
109000127,336,195,141
109000128,301,2448,-2147
109000129,975,441,534
109000130,530,2800,-2270
109000131,457,240,217
109000132,515,1879,-1364
109000133,220,1097,-877
109000134,616,1502,-886
109000135,868,1263,-395
109000136,199,435,-236
109000137,135,287,-152
109000138,288,508,-220
109000139,240,434,-194
109000140,59,483,-424
109000141,236,399,-163
109000142,90,500,-410
109000143,43,50,-7
109000145,61,146,-85
109000146,85,67,18
109000148,3393,649,2744
109000149,18,22,-4
109000150,105,172,-67
109000155,336,521,-185
109000156,995,807,188
109000158,26,253,-227
109000159,49,633,-584
109000160,417,229,188
109000161,201,1306,-1105
109000162,1163,950,213
109000163,553,1743,-1190
109000164,740,2751,-2011
109000165,746,545,201
109000166,348,111,237
109000167,73,1000,-927
109000170,54,54,0
109000171,41,46,-5
109000172,38,46,-8
109000173,22,71,-49
109000174,33,49,-16
109000175,29,96,-67
109000176,137,261,-124
109000177,19,118,-99
109000178,315,454,-139
109000179,6666,2108,4558
109000180,4164,2171,1993
109000181,5,31,-26
109000182,17,70,-53
109000183,17,28,-11
109000184,30,21,9
109000185,10,82,-72
109000188,273,2828,-2555
109000189,1263,826,437
109000190,355,532,-177
109000191,149,630,-481
109000192,141,173,-32
109000193,102,426,-324
109000194,77,136,-59
109000195,66,487,-421
109000196,116,77,39
109000197,118,490,-372
109000198,171,57,114
109000199,69,518,-449
109000206,157,28,129
109000207,95,26,69
109000208,104,59,45
109000209,134,77,57
109000210,186,460,-274
109000211,236,271,-35
109000214,189,622,-433
109000215,67,65,2
109000216,221,151,70
109000217,55,58,-3
109000218,146,88,58
109000221,226,1248,-1022
109000222,570,123,447
109000223,156,211,-55
109000224,38,329,-291
109000225,39,37,2
109000226,52,305,-253
109000227,554,1306,-752
109000228,1,266,-265
109000231,1,454,-453
109000232,191,446,-255
109000236,189,871,-682
109000241,1426,2016,-590
109000242,1117,1332,-215
109000293,10,44,-34
109000361,87,237,-150
109000364,117,576,-459
109000396,4,857,-853
109000397,229,12,217
109000399,102,581,-479
109000400,50,332,-282
109000403,33,277,-244
109000406,346,18,328
109000407,138,256,-118
109000408,0,783,-783
109000410,439,157,282
109000411,104,29,75
109900001,58,0,58
109900002,368,6,362
109900003,98,2,96
109900004,525,192,333
109900005,8,4,4
109900006,186,313,-127
109900007,286,882,-596
109900008,0,31,-31
109900009,59,766,-707
109900010,243,12,231
109900011,56,24,32
109900012,91,93,-2
109900013,165,108,57
109900014,118,55,63
109900015,259,113,146
109900016,49,39,10
109900017,61,80,-19
109900018,91,124,-33
109900019,68,62,6
109900020,8,32,-24
109900021,4,19,-15
109900022,55,345,-290
109900023,9,0,9
109900024,13,2,11
109900025,2,67,-65
109900026,0,173,-173
109900027,31,11,20
109900028,2211,427,1784
109900029,6,665,-659
109900030,12,0,12
109900031,0,39,-39
109900032,2,297,-295
109900033,4,504,-500
109900034,8,0,8
109900035,3,9,-6
109900036,19,105,-86
109900037,15,611,-596
109900038,47,220,-173
109900039,6,0,6
109900040,15,713,-698
109900041,32,485,-453
109900042,11,464,-453
109900044,35,249,-214
109900045,75,31,44
109900046,39,62,-23
109900047,228,312,-84
109900048,0,86,-86
109900049,2,17,-15
109900050,2,342,-340
109900051,0,38,-38
109900052,26,233,-207
109900053,5,571,-566
109900054,292,121,171
109900055,25,248,-223
109900056,12,103,-91
109900057,8,220,-212
109900058,0,135,-135
109900059,277,70,207
109900060,252,149,103
109900061,44,328,-284
109900062,2,287,-285
109900063,1,300,-299
109900064,220,202,18
109900065,90,115,-25
109900066,227,1080,-853
109900067,3,537,-534
109900068,19,3,16
109900069,1,34,-33
109900070,37,291,-254
109900071,3,31,-28
109900072,11,120,-109
109900073,121,783,-662
109900074,10,45,-35
109900075,14,16,-2
109900076,16,535,-519
109900077,36,46,-10
109900078,71,277,-206
109900080,79,335,-256
109900081,9,79,-70
109900082,27,448,-421
109900083,9,38,-29
109900084,64,157,-93
109900085,148,1135,-987
109900086,63,174,-111
109900087,257,370,-113
109900089,256,64,192
109900090,391,1227,-836
109900091,104,78,26
109900092,170,8,162
109900093,317,80,237
109900094,18,86,-68
109900095,95,226,-131
109900096,16,2,14
109900097,70,0,70
109900098,176,10,166
109900099,104,1,103
109900100,13,0,13
109900101,213,0,213
109900102,238,12,226
109900103,14,47,-33
109900104,228,1285,-1057
109900105,246,24,222
109900106,118,52,66
109900107,122,44,78
109900108,50,464,-414
109900109,22,130,-108
109900110,36,416,-380
109900111,217,1276,-1059
109900112,350,1047,-697
109900113,295,273,22
109900114,463,317,146
109900115,74,60,14
109900117,398,118,280
109900118,244,426,-182
109900119,452,246,206
109900120,24,6,18
109900121,263,184,79
109900122,210,0,210
109900123,6,175,-169
109900124,36,872,-836
109900125,1,236,-235
109900126,109,170,-61
109900128,108,37,71
109900130,11450,1031,10419
109900131,50,110,-60
109900132,18,172,-154
109900133,63,328,-265
109900134,24,52,-28
109900135,418,63,355
109900136,23,122,-99
109900137,40,349,-309
109900140,80,324,-244
109900142,449,201,248
109900145,2,150,-148
109900146,298,33,265
109900148,27,64,-37
109900149,28,62,-34
109900150,9,63,-54
109900151,1,46,-45
109900152,1,33,-32
109900153,1,50,-49
109900154,11,0,11
109900155,36,2,34
109900157,49,298,-249
109900158,35,103,-68
109900159,88,23,65
109900160,79,41,38
109900161,128,67,61
109900162,94,50,44
109900163,637,244,393
109900164,44,247,-203
109900165,156,8,148
109900166,1,140,-139
109900167,133,551,-418
109900168,112,556,-444
109900169,62,143,-81
109900170,151,392,-241
109900171,62,46,16
109900172,82,142,-60
109900173,3973,1135,2838
109900174,38,144,-106
109900175,16,49,-33
109900176,49,172,-123
109900177,37,306,-269
109900178,2,113,-111
109900179,9,20,-11
109900180,7,12,-5
110000001,554,512,42
110000002,494,462,32
110000003,814,567,247
110000004,455,479,-24
110000005,599,952,-353
110000006,480,278,202
110000007,89,192,-103
110000008,10,44,-34
110000009,13,55,-42
110000010,16,43,-27
110000011,25,89,-64
110000012,647,407,240
110000013,30,319,-289
110000014,582,348,234
110000015,217,349,-132
110000016,243,791,-548
110000017,3637,224,3413
110000018,3330,473,2857
110000019,9,126,-117
110000020,391,188,203
110000021,323,333,-10
110000022,398,121,277
110000023,4,149,-145
110000024,442,378,64
110000025,93,8,85
110000026,5,560,-555
110000027,502,301,201
110000028,540,577,-37
110000029,465,961,-496
110000030,179,223,-44
110000031,140,577,-437
110000032,505,380,125
110000033,118,75,43
110000034,124,707,-583
110000035,306,908,-602
110000036,362,687,-325
110000037,120,528,-408
110000038,131,479,-348
110000039,486,1263,-777
110000040,235,475,-240
110000041,154,591,-437
110000042,129,275,-146
110000043,440,158,282
110000044,66,49,17
110000045,306,60,246
110000046,3,3,0
110000047,9,19,-10
110000048,9,6,3
110000049,45,3,42
110000050,10,12,-2
110000051,47,8,39
110000052,23,36,-13
110000053,40,6,34
110000054,118,259,-141
110000055,269,50,219
110000056,145,68,77
110000057,143,813,-670
110000058,505,487,18
110000059,540,540,0
110000060,397,749,-352
110000061,825,844,-19
110000062,619,669,-50
110000063,19,83,-64
110000064,37,109,-72
110000065,25,53,-28
110000066,28,33,-5
110000067,46,276,-230
110000068,103,522,-419
110000069,117,81,36
110000071,43,112,-69
110000073,3,19,-16
110000075,1,98,-97
110000076,268,163,105
110000077,473,313,160
110000078,5,36,-31
110000080,191,625,-434
110000081,23,195,-172
110000082,21,190,-169
110000083,168,490,-322
110000084,590,479,111
110000085,2783,1380,1403
110000086,1090,1030,60
110000087,7,50,-43
110000088,33,196,-163
110000089,158,150,8
110000090,32,278,-246
110000091,1638,250,1388
110000092,11,91,-80
110000093,37,14,23
110000094,368,221,147
110000095,49,494,-445
110000096,3976,1472,2504
110000097,845,823,22
110000098,1345,476,869
110000099,712,1401,-689
110000100,309,915,-606
110000101,15,502,-487
110000102,57,45,12
110000104,98,94,4
110000105,41,309,-268
110000106,460,253,207
110000107,320,392,-72
110000108,143,45,98
110000109,255,247,8
110000110,4267,2525,1742
110000111,7260,1695,5565
110000112,1501,347,1154
110000113,618,891,-273
110000114,72,307,-235
110000115,150,226,-76
110000116,27,41,-14
110000117,88,594,-506
110000118,212,235,-23
110000119,105,354,-249
110000120,184,187,-3
110000121,87,244,-157
110000122,180,448,-268
110000123,251,344,-93
110000124,2,743,-741
110000125,699,4,695
110000126,203,17,186
110000127,416,15,401
110000128,23,1291,-1268
110000129,0,722,-722
110000130,145,100,45
110000131,117,472,-355
110000132,3,681,-678
110000133,35,220,-185
110000134,30,283,-253
110000135,115,21,94
110000136,19,286,-267
110000137,271,646,-375
110000138,307,894,-587
110000139,450,1323,-873
110000140,604,356,248
110000143,564,340,224
110000144,4068,994,3074
110000145,1019,596,423
110000146,1165,539,626
110000147,194,613,-419
110000148,255,320,-65
110000151,566,462,104
110000152,526,243,283
110000153,26,85,-59
110000154,2,9,-7
110000155,1157,1842,-685
110000156,658,1129,-471
110000157,881,1146,-265
110000160,215,333,-118
110000161,93,370,-277
110000166,182,125,57
110000167,398,368,30
110000168,602,311,291
110000169,486,269,217
110000170,51,75,-24
110000171,443,154,289
110000172,116,781,-665
110000173,1052,1220,-168
110000174,65,1353,-1288
110000175,244,73,171
110000176,29,193,-164
110000177,149,600,-451
110000178,377,608,-231
110000179,1329,370,959
110000180,81,335,-254
110000181,146,350,-204
110000182,463,227,236
110000183,10729,4088,6641
110000184,655,1332,-677
110000185,602,627,-25
110000186,517,551,-34
110000191,289,426,-137
110000192,187,0,187
110000193,311,2,309
110000194,17,1398,-1381
110000195,210,406,-196
110000196,185,523,-338
110000197,38,233,-195
110000198,58,69,-11
110000199,30,98,-68
110000200,1226,579,647
110000201,353,476,-123
110000202,949,385,564
110000203,549,797,-248
110000204,5,404,-399
110000205,53,66,-13
110000206,539,1790,-1251
110000207,322,344,-22
110000208,91,115,-24
110000209,90,873,-783
110000210,390,590,-200
110000211,358,714,-356
110000212,254,656,-402
110000213,51,56,-5
110000214,64,78,-14
110000215,68,614,-546
110000216,34,627,-593
110000217,153,200,-47
110000218,85,477,-392
110000219,145,67,78
110000220,18,474,-456
110000221,139,73,66
110000222,19,312,-293
110000223,1,84,-83
110000224,81,15,66
110000225,135,450,-315
110000226,143,37,106
110000227,420,337,83
110000228,305,318,-13
110000229,1,252,-251
110000230,353,575,-222
110000231,120,165,-45
110000232,89,190,-101
110000233,104,239,-135
110000234,424,289,135
110000235,1053,790,263
110000236,258,970,-712
110000237,855,983,-128
110000238,661,1176,-515
110000239,862,1244,-382
110000240,2,103,-101
110000242,0,9,-9
110000243,53,211,-158
110000244,95,388,-293
110000245,22,503,-481
110000246,338,623,-285
110000247,1445,3340,-1895
110000248,2212,1232,980
110000249,65,12,53
110000250,5,240,-235
110000251,89,445,-356
110000252,143,245,-102
110000253,804,344,460
110000254,594,1237,-643
110000255,118,1220,-1102
110000256,288,173,115
110000257,547,365,182
110000258,3,544,-541
110000259,56,18,38
110000260,8,426,-418
110000263,514,81,433
110000264,118,609,-491
110000265,753,1157,-404
110000266,1427,1625,-198
110000267,5,165,-160
110000268,235,522,-287
110000269,0,72,-72
110000270,28,1,27
110000271,2026,234,1792
110000272,685,736,-51
110000273,2208,1112,1096
110000274,110,721,-611
110000275,3027,391,2636
110000276,97,192,-95
110000277,94,396,-302
110000278,167,754,-587
110000279,535,602,-67
110000280,155,348,-193
110000281,10,163,-153
110000282,179,47,132
110000283,30,82,-52
110000284,48,41,7
110000285,0,141,-141
110000286,26,0,26
110000287,28,2,26
110000288,5,57,-52
110000289,366,1118,-752
110000290,1162,500,662
110000291,5378,1145,4233
110000292,991,2767,-1776
110000293,229,1041,-812
110000294,435,620,-185
110000295,53,758,-705
110000296,191,303,-112
110000297,2281,227,2054
110000298,308,396,-88
110000299,550,27,523
110000301,92,10,82
110000302,158,1195,-1037
110000303,155,1,154
110000304,72,218,-146
110000305,513,13,500
110000306,99,1783,-1684
110000307,693,4,689
110000308,239,10,229
110000309,7,1263,-1256
110000310,378,47,331
110000311,20,854,-834
110000312,372,35,337
110000313,2333,1795,538
110000314,1,217,-216
110000315,2447,1465,982
110000316,481,943,-462
110000317,336,238,98
110000318,0,90,-90
110000319,4,29,-25
110000320,21,49,-28
110000321,13,39,-26
110000322,142,446,-304
110000323,160,221,-61
110000324,4553,1063,3490
110000325,1916,1715,201
110000327,279,142,137
110000328,123,464,-341
110000333,402,424,-22
110000334,461,1358,-897
110000335,778,423,355
110000336,293,1453,-1160
110000337,680,478,202
110000338,146,226,-80
110000339,92,263,-171
110000340,4,181,-177
110000341,191,580,-389
110000342,362,2,360
110000343,0,13,-13
110000344,22,146,-124
110000345,35,44,-9
110000346,1949,1056,893
110000347,815,672,143
110000348,3,14,-11
110000349,10,21,-11
110000350,34,3,31
110000351,473,737,-264
110000352,360,1333,-973
110000353,2978,611,2367
110000354,570,1410,-840
110000355,51,62,-11
110000356,519,4,515
110000357,165,15,150
110000361,8,125,-117
110000362,19,53,-34
110000363,146,105,41
110000364,69,362,-293
110000365,101,0,101
110000366,2,69,-67
110000367,199,212,-13
110000368,4,80,-76
110000369,24,0,24
110000373,15,355,-340
110000374,28,3,25
110000375,217,640,-423
110000376,25,122,-97
110000377,52,309,-257
110000378,18,277,-259
110000379,3590,918,2672
110000380,71,19,52
110000383,2,694,-692
110000384,1806,559,1247
110000385,0,140,-140
110000387,49,8,41
110000388,19,174,-155
110000389,288,1,287
110000391,159,396,-237
110000396,50,113,-63
110000397,51,205,-154
110000398,2,43,-41
110000399,123,1,122
110000587,38,37,1
110000589,124,193,-69
110000640,113,101,12
110000652,7,105,-98
110000653,130,437,-307
110000654,17,24,-7
110000656,3,726,-723
110000674,17,8,9
110000675,57,10,47
110000676,7,63,-56
110000679,566,439,127
110000682,101,115,-14
110000683,221,502,-281
110000684,1,63,-62
110000685,2,6,-4
110000686,1,23,-22
110000687,5,0,5
110000688,56,538,-482
110000689,22,39,-17
110000692,74,225,-151
110000693,73,202,-129
110000694,0,92,-92
110000695,97,558,-461
110000696,120,122,-2
110900001,148,8,140
110900002,146,176,-30
110900003,249,959,-710
110900004,169,202,-33
110900005,3808,996,2812
110900006,47,14,33
110900007,49,11,38
110900008,10,67,-57
110900009,257,36,221
110900010,3,83,-80
110900011,10,95,-85
110900012,10,135,-125
110900013,478,122,356
110900014,104,8,96
110900015,956,415,541
110900016,26,170,-144
110900017,169,37,132
110900018,237,41,196
110900019,62,24,38
110900020,31,428,-397
110900021,48,639,-591
110900022,71,350,-279
110900023,34,502,-468
110900024,41,506,-465
110900025,3,37,-34
110900027,15,246,-231
110900028,20,209,-189
110900029,33,469,-436
110900030,13,408,-395
110900031,0,118,-118
110900032,0,110,-110
110900033,22,283,-261
110900035,20,420,-400
110900036,31,21,10
110900037,24,16,8
110900038,1250,243,1007
110900039,11,273,-262
110900040,160,40,120
110900041,1,147,-146
110900042,44,46,-2
110900043,3,137,-134
110900044,261,15,246
110900045,23,671,-648
110900046,125,298,-173
110900047,746,73,673
110900049,13,26,-13
110900050,11,0,11
110900051,16,196,-180
110900052,2,177,-175
110900053,46,39,7
110900054,8,336,-328
110900055,12,2,10
110900056,47,105,-58
110900057,4,260,-256
110900058,73,178,-105
110900059,452,762,-310
110900060,289,107,182
110900061,28,28,0
110900062,52,295,-243
110900063,28,68,-40
110900064,19,1,18
110900065,327,82,245
110900066,4,60,-56
110900067,398,418,-20
110900068,218,250,-32
110900069,3,24,-21
110900070,68,28,40
110900071,270,249,21
110900073,0,27,-27
110900074,158,88,70
110900075,211,43,168
110900077,254,387,-133
110900078,4,141,-137
110900079,2085,494,1591
110900080,62,53,9
110900081,4,123,-119
110900082,36,285,-249
110900083,51,30,21
110900084,15,187,-172
110900085,36,367,-331
110900086,33,171,-138
110900087,125,56,69
110900088,14,0,14
110900090,25,27,-2
110900091,5,57,-52
110900093,183,34,149
110900095,41,55,-14
110900097,3,18,-15
110900098,22,108,-86
110900099,31,575,-544
110900100,0,18,-18
110900102,22,17,5
110900105,449,367,82
110900108,6,109,-103
110900111,211,55,156
110900112,435,0,435
110900113,614,31,583
110900115,4,94,-90
110900116,327,2481,-2154
110900118,108,1234,-1126
110900119,5128,197,4931
110900120,4,137,-133
110900121,33,0,33
110900122,125,128,-3
110900125,184,207,-23
110900127,263,578,-315
110900128,347,250,97
110900129,295,284,11
110900130,1132,236,896
110900131,79,47,32
110900132,158,41,117
110900133,40,248,-208
110900135,52,474,-422
110900136,127,11,116
110900139,7,0,7
110900140,0,0,0
110900141,159,72,87
110900142,35,168,-133
110900143,70,56,14
110900144,6,743,-737
110900145,60,10,50
110900146,181,40,141
110900147,177,214,-37
110900148,1,324,-323
110900149,0,52,-52
110900150,5,18,-13
110900151,2,52,-50
110900152,11,438,-427
110900153,65,20,45
111000001,255,330,-75
111000002,533,631,-98
111000003,497,428,69
111000004,424,1030,-606
111000005,795,629,166
111000006,803,1095,-292
111000007,3630,1463,2167
111000008,3014,2865,149
111000009,251,821,-570
111000010,471,241,230
111000011,374,785,-411
111000012,417,302,115
111000013,253,1208,-955
111000014,668,519,149
111000017,96,501,-405
111000018,195,362,-167
111000020,2043,2049,-6
111000021,81,99,-18
111000023,70,120,-50
111000025,6367,2023,4344
111000029,62,121,-59
111000030,20,86,-66
111000031,1770,652,1118
111000032,443,151,292
111000033,308,119,189
111000034,234,202,32
111000037,2844,1170,1674
111000038,2874,2219,655
111000039,1168,2241,-1073
111000040,1224,2456,-1232
111000041,1501,1564,-63
111000042,5660,2723,2937
111000043,1465,1422,43
111000044,1011,583,428
111000045,1116,1352,-236
111000046,751,1015,-264
111000047,1367,1751,-384
111000049,293,559,-266
111000050,1727,1584,143
111000051,409,1093,-684
111000052,499,1336,-837
111000053,249,1053,-804
111000054,242,1016,-774
111000055,1105,2051,-946
111000056,79,642,-563
111000057,72,1002,-930
111000058,121,102,19
111000059,152,296,-144
111000060,1937,606,1331
111000061,290,281,9
111000062,439,186,253
111000063,1316,614,702
111000064,295,415,-120
111000065,645,614,31
111000066,203,215,-12
111000067,259,551,-292
111000068,250,662,-412
111000069,1374,1837,-463
111000070,2179,1136,1043
111000071,253,721,-468
111000072,494,322,172
111000073,136,523,-387
111000074,1182,1115,67
111000075,542,534,8
111000076,249,723,-474
111000077,1011,1179,-168
111000078,1761,1066,695
111000079,1236,697,539
111000080,350,585,-235
111000081,1763,2576,-813
111000082,418,709,-291
111000084,427,432,-5
111000085,831,1547,-716
111000086,2935,1232,1703
111000087,625,946,-321
111000088,5345,1554,3791
111000089,504,858,-354
111000090,998,1370,-372
111000091,529,722,-193
111000092,667,968,-301
111000093,379,664,-285
111000094,1164,706,458
111000095,780,1617,-837
111000096,2460,5777,-3317
111000097,5699,1001,4698
111000098,497,1213,-716
111000099,317,2504,-2187
111000100,218,2404,-2186
111000101,335,824,-489
111000102,92,776,-684
111000104,185,207,-22
111000107,44,806,-762
111000109,208,182,26
111000110,563,520,43
111000111,991,406,585
111000112,887,273,614
111000113,513,509,4
111000114,1545,1289,256
111000115,7143,758,6385
111000116,782,694,88
111000117,361,688,-327
111000118,1347,891,456
111000119,606,1420,-814
111000120,295,475,-180
111000121,245,530,-285
111000122,397,1025,-628
111000123,690,3244,-2554
111000124,337,3699,-3362
111000125,145,1943,-1798
111000126,66,1006,-940
111000127,413,168,245
111000128,762,323,439
111000129,1189,401,788
111000130,1007,625,382
111000131,700,469,231
111000132,528,382,146
111000133,80,129,-49
111000134,72,101,-29
111000135,15,144,-129
111000136,228,268,-40
111000138,6,8,-2
111000140,2,3,-1
111000141,185,270,-85
111000142,38,117,-79
111000143,5,70,-65
111000144,11,101,-90
111000145,730,8,722
111000146,39,4,35
111000147,314,41,273
111000148,119,61,58
111000149,1,33,-32
111000150,2,6,-4
111000151,3,14,-11
111000153,530,510,20
111000154,651,171,480
111000155,70,132,-62
111000156,300,269,31
111000157,160,372,-212
111000158,797,427,370
111000159,2388,508,1880
111000160,200,348,-148
111000161,4,220,-216
111000162,4,137,-133
111000163,325,664,-339
111000164,648,1987,-1339
111000165,1129,428,701
111000166,1369,293,1076
111000167,155,425,-270
111000168,159,405,-246
111000169,239,571,-332
111000170,406,456,-50
111000171,375,1005,-630
111000172,104,712,-608
111000173,137,1545,-1408
111000174,98,561,-463
111000175,27,240,-213
111000176,113,214,-101
111000177,90,254,-164
111000178,473,304,169
111000179,112,203,-91
111000180,100,284,-184
111000181,456,277,179
111000182,112,174,-62
111000183,175,251,-76
111000184,256,219,37
111000185,269,440,-171
111000186,173,255,-82
111000187,79,275,-196
111000188,101,473,-372
111000189,1627,475,1152
111000190,186,492,-306
111000191,117,431,-314
111000192,211,734,-523
111000193,358,371,-13
111000194,21,426,-405
111000195,61,506,-445
111000196,32,334,-302
111000197,179,178,1
111000198,279,122,157
111000199,74,139,-65
111000200,119,304,-185
111000201,234,229,5
111000202,151,204,-53
111000203,161,156,5
111000204,267,434,-167
111000213,118,333,-215
111000214,1112,1713,-601
111000215,624,1320,-696
111000217,815,918,-103
111000218,665,873,-208
111000219,349,205,144
111000220,2502,353,2149
111000221,586,114,472
111000224,77,307,-230
111000225,236,177,59
111000226,126,1,125
111000227,32,2,30
111000228,4,152,-148
111000229,17,336,-319
111000230,147,501,-354
111000231,548,1310,-762
111000232,168,836,-668
111000233,280,780,-500
111000234,36,204,-168
111000239,163,176,-13
111000240,22,87,-65
111000241,35,371,-336
111000242,52,57,-5
111000243,56,776,-720
111000244,128,80,48
111000245,423,602,-179
111000246,194,641,-447
111000247,108,1046,-938
111000248,308,346,-38
111000249,429,856,-427
111000250,31,129,-98
111000251,12,126,-114
111000253,5,11,-6
111000255,26,9,17
111000257,34,12,22
111000260,44,1204,-1160
111000261,399,50,349
111000271,31,325,-294
111000273,6190,1200,4990
111000274,867,1455,-588
111000275,77,66,11
111000276,274,2329,-2055
111000277,103,401,-298
111000278,411,240,171
111000291,405,2351,-1946
111000298,256,225,31
111000299,470,71,399
111000300,62,603,-541
111000302,181,67,114
111000303,74,319,-245
111000312,55,68,-13
111000315,29,307,-278
111000320,293,669,-376
111000321,192,59,133
111000322,150,544,-394
111000323,74,13,61
111000324,294,262,32
111000325,17,45,-28
111000326,93,324,-231
111000327,258,503,-245
111000328,149,419,-270
111000329,4,8,-4
111000330,14,17,-3
111000331,47,5,42
111000332,293,985,-692
111000334,319,1658,-1339
111000335,271,157,114
111000337,416,399,17
111000338,21,122,-101
111000339,131,551,-420
111000340,74,928,-854
111000341,668,283,385
111000342,107,272,-165
111000344,542,621,-79
111000345,237,39,198
111000346,32,99,-67
111000347,44,2,42
111000350,114,133,-19
111000351,63,238,-175
111000352,104,128,-24
111000353,65,182,-117
111000354,415,154,261
111000355,307,596,-289
111000358,62,1898,-1836
111000360,102,983,-881
111000361,88,435,-347
111000546,206,635,-429
111000547,172,625,-453
111000548,28,156,-128
111000549,101,387,-286
111000550,76,337,-261
111000551,568,123,445
111000552,516,49,467
111000907,190,36,154
111000908,11,0,11
111000916,537,213,324
111000917,31,349,-318
111000918,104,1153,-1049
111000920,213,11,202
111000921,0,323,-323
111000922,189,302,-113
111000924,50,1041,-991
111000925,1178,1310,-132
111000926,823,2690,-1867
111000927,2648,2869,-221
111000928,5117,3561,1556
111000929,659,653,6
111000930,504,2341,-1837
111000931,1180,1403,-223
111000932,3341,2073,1268
111000933,2728,1439,1289
111000934,2029,2464,-435
111000935,553,865,-312
111000936,649,2053,-1404
111000937,504,929,-425
111000938,1436,2246,-810
111000939,154,58,96
111000940,167,201,-34
111000941,99,629,-530
111000943,119,191,-72
111000944,67,641,-574
111000945,52,2103,-2051
111001109,334,143,191
111001110,148,607,-459
111001111,21,5,16
111001112,106,3,103
111001113,10,96,-86
111001114,1039,58,981
111001115,157,231,-74
111001116,4904,1623,3281
111001117,563,784,-221
111001120,70,371,-301
111001121,148,351,-203
111001122,148,699,-551
111001123,89,121,-32
111001124,49,398,-349
111001125,0,18,-18
111001126,4,90,-86
111900001,2,185,-183
111900002,1,751,-750
111900003,3,391,-388
111900004,12,143,-131
111900006,0,9,-9
111900007,40,2,38
111900008,45,6,39
111900009,40,0,40
111900010,293,524,-231
111900012,65,93,-28
111900013,6,68,-62
111900014,7381,1893,5488
111900015,0,80,-80
111900016,1,152,-151
111900017,1,197,-196
111900018,48,0,48
111900019,4,82,-78
111900020,4,32,-28
111900021,36,67,-31
111900022,3,64,-61
111900023,117,44,73
111900024,2,79,-77
111900025,0,43,-43
111900026,0,93,-93
111900027,6,183,-177
111900028,1,450,-449
111900029,5,74,-69
111900030,53,397,-344
111900031,0,12,-12
111900032,2,499,-497
111900033,5,90,-85
111900034,282,651,-369
111900035,11,188,-177
111900036,1,380,-379
111900038,346,598,-252
111900039,14,395,-381
111900040,4,734,-730
111900042,34,77,-43
111900043,3,480,-477
111900044,242,256,-14
111900046,58,231,-173
111900048,116,980,-864
111900049,40,293,-253
111900050,43,7,36
111900051,0,292,-292
111900052,462,536,-74
111900053,1349,377,972
111900054,36,2,34
111900055,15,660,-645
111900056,179,84,95
111900057,26,49,-23
111900058,164,976,-812
111900059,2217,222,1995
111900060,149,1,148
111900061,8,284,-276
111900062,9,22,-13
111900063,121,244,-123
111900064,159,244,-85
111900065,33,12,21
111900066,79,119,-40
111900067,0,348,-348
111900068,10,21,-11
111900069,32,5,27
111900070,65,95,-30
111900071,1,270,-269
111900072,12,6,6
111900073,286,79,207
111900074,6,126,-120
111900075,39,1,38
111900076,51,29,22
111900077,2,0,2
111900078,103,12,91
111900079,31,4,27
111900080,170,102,68
111900082,48,16,32
111900083,54,4,50
111900084,25,2,23
111900085,20,43,-23
111900086,48,2,46
111900087,19,0,19
111900088,237,6,231
111900089,16,2,14
111900090,55,17,38
111900091,107,13,94
111900092,23,0,23
111900093,142,1,141
111900094,33,1,32
111900095,84,11,73
111900096,86,0,86
111900097,13,0,13
111900098,57,2,55
111900099,19,0,19
111900100,34,2,32
111900101,44,22,22
111900102,146,711,-565
111900103,37,55,-18
111900104,85,53,32
111900105,154,99,55
111900106,1218,40,1178
111900110,3024,235,2789
111900111,29,281,-252
111900112,736,980,-244
111900113,239,91,148
111900118,176,37,139
111900119,146,78,68
111900122,63,21,42
111900123,7,10,-3
111900124,15,98,-83
111900125,144,9,135
111900126,124,4,120
111900127,3,743,-740
111900128,2,591,-589
111900129,110,2,108
111900130,72,19,53
111900131,163,0,163
111900132,24,1283,-1259
111900133,4,380,-376
111900134,27,330,-303
111900135,8,5,3
111900136,59,72,-13
111900137,61,62,-1
111900138,11,100,-89
111900139,22,144,-122
111900140,32,9,23
111900141,14,1,13
111900142,22,39,-17
111900143,20,293,-273
111900144,1,140,-139
111900145,1,699,-698
111900146,6,371,-365
111900147,159,624,-465
111900148,20,848,-828
111900149,3,415,-412
111900150,12,232,-220
111900151,4,17,-13
111900152,96,40,56
111900153,1467,151,1316
111900154,8,147,-139
111900155,47,27,20
111900156,16,17,-1
111900157,29,11,18
111900158,199,7,192
111900159,85,9,76
111900160,98,1,97
111900161,43,6,37
111900162,75,113,-38
111900163,39,269,-230
111900164,84,27,57
111901113,91,205,-114
111901114,43,413,-370
111901115,20,0,20
111901116,10,3,7
111901117,11,11,0
111901118,118,48,70
111901119,1253,80,1173
111901121,170,339,-169
111901122,1,667,-666
111901123,61,430,-369
111901124,52,1,51
111901125,111,203,-92
111901127,951,201,750
111901128,13,93,-80
111901129,1,182,-181
111901130,5,318,-313
111901131,0,266,-266
111901132,20,5,15
111901133,17,3,14
111901134,30,0,30
111901135,8,2,6
111901136,2,10,-8
111901138,75,36,39
111901139,16,61,-45
111901140,5,154,-149
111901141,13,228,-215
111901142,2,135,-133
111901143,3,97,-94
111901144,21,38,-17
111901145,146,127,19
111901146,286,6,280
111901147,658,51,607
111901148,12,28,-16
111901149,3,1,2
112000001,1031,676,355
112000002,700,2347,-1647
112000003,410,740,-330
112000004,474,1514,-1040
112000005,1551,1310,241
112000006,1294,1909,-615
112000007,1219,1104,115
112000008,1552,2664,-1112
112000009,3630,3374,256
112000010,1461,1959,-498
112000011,1364,2128,-764
112000012,3677,1529,2148
112000013,4477,2600,1877
112000014,1843,581,1262
112000015,2384,1949,435
112000016,2578,557,2021
112000017,1138,932,206
112000024,1979,602,1377
112000026,4171,4814,-643
112000027,606,361,245
112000028,1551,1675,-124
112000029,213,423,-210
112000030,159,89,70
112000031,1011,2105,-1094
112000032,431,38,393
112000033,1348,601,747
112000034,195,41,154
112000035,54,182,-128
112000036,604,414,190
112000037,537,599,-62
112000038,549,716,-167
112000039,21,70,-49
112000040,119,250,-131
112000041,412,491,-79
112000042,909,282,627
112000050,587,1105,-518
112000051,488,644,-156
112000054,1329,2238,-909
112000057,356,226,130
112000058,261,308,-47
112000059,466,428,38
112000061,4494,1292,3202
112000062,2057,409,1648
112000063,1428,574,854
112000064,4149,4894,-745
112000065,2226,2529,-303
112000066,2437,770,1667
112000067,758,598,160
112000068,1550,1038,512
112000069,587,1973,-1386
112000070,1091,533,558
112000071,576,3013,-2437
112000072,841,767,74
112000073,1020,1637,-617
112000074,704,663,41
112000075,751,828,-77
112000076,2424,2613,-189
112000077,275,675,-400
112000078,739,649,90
112000079,789,1235,-446
112000080,350,840,-490
112000081,1070,1740,-670
112000082,796,600,196
112000083,456,1439,-983
112000084,756,653,103
112000085,736,1231,-495
112000086,944,1470,-526
112000087,213,512,-299
112000088,216,721,-505
112000089,115,246,-131
112000090,118,378,-260
112000091,547,1153,-606
112000092,1034,823,211
112000093,1333,1073,260
112000094,268,749,-481
112000095,472,715,-243
112000096,235,590,-355
112000097,516,498,18
112000098,675,1482,-807
112000099,399,614,-215
112000100,726,769,-43
112000101,287,886,-599
112000102,496,483,13
112000103,193,1160,-967
112000105,494,2161,-1667
112000106,656,391,265
112000107,56,122,-66
112000108,164,1800,-1636
112000109,60,79,-19
112000110,900,431,469
112000111,1091,3739,-2648
112000112,1853,536,1317
112000113,843,2016,-1173
112000114,1236,805,431
112000115,154,510,-356
112000116,264,924,-660
112000117,422,647,-225
112000118,666,838,-172
112000119,261,1030,-769
112000120,73,353,-280
112000121,58,749,-691
112000122,158,118,40
112000123,271,177,94
112000124,173,80,93
112000125,83,144,-61
112000126,114,815,-701
112000127,1896,832,1064
112000128,1066,430,636
112000129,72,101,-29
112000130,75,62,13
112000131,20,469,-449
112000132,61,244,-183
112000133,158,299,-141
112000134,265,361,-96
112000135,486,522,-36
112000136,680,1143,-463
112000137,811,1141,-330
112000138,878,1113,-235
112000139,593,247,346
112000140,921,1014,-93
112000141,334,191,143
112000142,125,865,-740
112000143,466,187,279
112000144,184,1819,-1635
112000145,1181,570,611
112000146,564,2486,-1922
112000147,1212,1449,-237
112000148,1380,2463,-1083
112000149,148,819,-671
112000150,97,646,-549
112000151,280,516,-236
112000152,142,375,-233
112000153,280,220,60
112000154,89,126,-37
112000155,125,91,34
112000157,492,375,117
112000158,127,637,-510
112000159,218,347,-129
112000167,117,25,92
112000169,226,234,-8
112000173,289,203,86
112000175,206,331,-125
112000176,4499,1542,2957
112000177,189,84,105
112000178,39,494,-455
112000179,104,130,-26
112000180,188,261,-73
112000181,841,1774,-933
112000182,430,1923,-1493
112000183,42,58,-16
112000184,174,520,-346
112000185,132,543,-411
112000187,2217,1833,384
112000195,65,4,61
112000196,72,1,71
112000197,46,89,-43
112000198,29,368,-339
112000199,890,728,162
112000202,143,1,142
112000216,42,163,-121
112000230,29,3,26
112000231,2,303,-301
112000256,13,124,-111
112000313,122,162,-40
112000314,7,15,-8
112000337,185,451,-266
112000352,188,145,43
112000392,1357,1041,316
112000398,618,695,-77
112000399,2103,1198,905
112000400,1394,3920,-2526
112000401,2364,2559,-195
112000402,1074,1674,-600
112000403,1435,1325,110
112000404,289,579,-290
112000405,994,2063,-1069
112000406,2900,3043,-143
112000407,3086,4692,-1606
112000408,7539,6844,695
112000409,1377,4732,-3355
112000410,193,108,85
112000411,4737,685,4052
112000412,1038,265,773
112000413,8945,1766,7179
112000414,63,92,-29
112000415,48,34,14
112000416,1275,1128,147
112000417,147,55,92
112000421,20,137,-117
112000422,183,544,-361
112000424,2425,1273,1152
112000425,349,1294,-945
112000426,48,250,-202
112000427,1,8,-7
112000428,89,554,-465
112000429,1625,2266,-641
112000430,1455,2499,-1044
112000431,33,101,-68
112000432,522,2141,-1619
112000433,499,555,-56
112000437,25,348,-323
112900001,16,0,16
112900002,136,1304,-1168
112900003,31,340,-309
112900004,17,416,-399
112900005,94,221,-127
112900006,14,375,-361
112900007,11,194,-183
112900008,1,14,-13
112900009,293,57,236
112900010,141,770,-629
112900011,224,304,-80
112900012,0,34,-34
112900013,1,138,-137
112900014,0,290,-290
112900015,311,863,-552
112900016,2,331,-329
112900017,21,165,-144
112900018,2,422,-420
112900019,41,152,-111
112900020,352,1288,-936
112900021,4,350,-346
112900022,5,115,-110
112900023,2,331,-329
112900024,19,217,-198
112900025,50,203,-153
112900026,7,282,-275
112900027,10,1487,-1477
112900028,13,128,-115
112900029,13,685,-672
112900030,287,163,124
112900031,7,622,-615
112900032,102,179,-77
112900034,1,55,-54
112900035,6,491,-485
112900036,20,107,-87
112900037,155,109,46
112900038,225,75,150
112900039,13,318,-305
112900040,5,277,-272
112900041,917,536,381
112900042,37,444,-407
112900043,20,36,-16
112900044,624,281,343
112900045,545,269,276
112900046,301,57,244
112900047,11,17,-6
112900049,61,81,-20
112900050,57,530,-473
112900051,251,627,-376
112900052,3,1081,-1078
112900053,297,81,216
112900054,200,24,176
112900055,107,19,88
112900056,181,100,81
112900057,6,745,-739
112900058,216,124,92
112900059,57,105,-48
112900060,12,230,-218
112900061,42,132,-90
112900062,49,132,-83
112900063,103,3,100
112900064,164,160,4
112900065,31,5,26
112900066,103,60,43
112900067,506,158,348
112900068,21,18,3
112900069,2177,402,1775
112900071,15,4,11
112900072,214,558,-344
112900073,145,39,106
112900074,28,84,-56
112900075,1829,427,1402
112900076,71,12,59
112900078,131,155,-24
112900079,83,11,72
112900080,20,4,16
112900081,37,88,-51
112900082,162,24,138
112900083,39,34,5
112900084,75,42,33
112900086,16,0,16
112900087,208,42,166
112900088,37,4,33
112900089,358,12,346
112900090,9,9,0
112900091,55,1,54
112900092,107,108,-1
112900093,524,7,517
112900095,25,0,25
112900096,156,66,90
112900097,27,351,-324
112900098,29,1,28
112900099,328,8,320
112900100,16,2,14
112900101,79,0,79
112900102,43,2,41
112900103,81,2,79
112900104,28,7,21
112900105,10,0,10
112900106,280,55,225
112900107,4,0,4
112900108,39,0,39
112900109,39,0,39
112900110,332,7,325
112900111,276,2,274
112900112,96,0,96
112900113,0,16,-16
112900114,28,11,17
112900115,365,1,364
112900116,37,49,-12
112900117,111,95,16
112900118,37,56,-19
112900119,46,15,31
112900120,686,178,508
112900121,170,166,4
112900122,15,131,-116
112900123,110,7,103
112900124,6,148,-142
112900125,42,207,-165
112900126,115,217,-102
112900127,200,30,170
112900128,368,787,-419
112900129,1,850,-849
112900130,118,36,82
112900131,33,267,-234
112900132,38,375,-337
112900133,34,1080,-1046
112900134,0,262,-262
112900135,40,33,7
112900137,2,721,-719
112900138,8,424,-416
112900139,213,1206,-993
112900141,258,20,238
112900142,119,45,74
112900143,36,623,-587
112900144,1,348,-347
112900145,51,429,-378
112900146,6,1408,-1402
112900147,5,2486,-2481
112900148,17,1,16
112900149,149,414,-265
112900151,12,39,-27
112900152,4128,880,3248
112900153,1687,847,840
112900154,0,83,-83
112900155,34,7,27
112900156,113,1571,-1458
112900157,102,178,-76
112900158,11,7,4
112900159,98,53,45
112900160,33,234,-201
112900161,59,22,37
112900162,48,9,39
112900163,146,16,130
112900164,24,67,-43
112900165,52,27,25
112900166,9,36,-27
112900167,10,19,-9
112900168,2,4,-2
112900169,7,2,5
112900170,43,99,-56
112900172,48,10,38
112900173,274,83,191
112900174,172,16,156
112900175,99,67,32
112900176,9,15,-6
112900177,127,7,120
112900178,461,807,-346
112900179,31,538,-507
112900180,597,1686,-1089
112900181,174,3,171
112900182,18,1362,-1344
112900183,121,152,-31
112900184,292,228,64
112900185,174,238,-64
112900186,1249,419,830
112900187,39,242,-203
112900188,517,190,327
112900189,3,23,-20
112900190,0,40,-40
112900192,284,215,69
112900193,704,204,500
112900194,19,91,-72
112900195,419,17,402
112900196,166,396,-230
112900197,108,370,-262
112900199,207,616,-409
112900200,228,243,-15
112900201,38,69,-31
112900202,141,896,-755
112900203,54,252,-198
112900204,738,267,471
112900205,4,8,-4
112900206,3,52,-49
112900207,3,0,3
112900208,58,95,-37
112900209,371,385,-14
112900210,3,7,-4
112900211,40,26,14
112900212,0,42,-42
112900213,10,7,3
112900214,26,5,21
112900215,2,265,-263
112900216,33,66,-33
112900217,1,47,-46
112900218,25,20,5
112900219,61,39,22
112900220,4,0,4
112900221,12,99,-87
112900222,0,18,-18
112900223,376,1,375
112900224,149,713,-564
112900225,246,577,-331
112900226,135,187,-52
112900227,196,1552,-1356
112900228,33,15,18
112900229,66,36,30
112900230,6695,2157,4538
112900232,135,121,14
112900233,23,178,-155
112900234,3,93,-90
112900235,43,13,30
112900236,91,12,79
112900237,47,309,-262
112900238,4,51,-47
112900239,406,250,156
112900240,4,94,-90
112900241,7,165,-158
112900242,1,194,-193
112900243,0,158,-158
112900244,1,78,-77
112900245,1,47,-46
112900246,0,5,-5
112900247,84,12,72
112900248,24,1,23
112900249,17,4,13
112900250,16,27,-11
112900251,15,20,-5
112900252,14,25,-11
112900253,9,16,-7
112900254,7,2,5
112900255,1,25,-24
112900256,0,10,-10
112900257,4,11,-7
112900258,8,9,-1
113000001,3606,4089,-483
113000002,3020,3153,-133
113000003,1520,1593,-73
113000004,1601,1899,-298
113000005,1023,968,55
113000006,779,1101,-322
113000007,1087,1245,-158
113000008,1193,1661,-468
113000009,607,740,-133
113000010,641,1410,-769
113000011,554,1503,-949
113000012,763,583,180
113000013,910,439,471
113000014,1594,1273,321
113000015,485,187,298
113000016,244,259,-15
113000017,37,188,-151
113000018,228,49,179
113000019,19,225,-206
113000020,125,18,107
113000021,749,522,227
113000022,325,1151,-826
113000025,79,238,-159
113000026,154,331,-177
113000027,736,306,430
113000028,677,276,401
113000029,644,558,86
113000030,374,508,-134
113000031,329,228,101
113000032,281,190,91
113000033,309,321,-12
113000034,381,298,83
113000035,20,15,5
113000036,17,36,-19
113000037,46,26,20
113000038,10,44,-34
113000039,57,419,-362
113000040,57,60,-3
113000042,685,501,184
113000051,530,1681,-1151
113000052,2064,952,1112
113000053,238,472,-234
113000054,152,683,-531
113000055,664,878,-214
113000056,504,1322,-818
113000058,619,815,-196
113000059,1103,548,555
113000060,126,653,-527
113000061,641,678,-37
113000062,1043,119,924
113000063,98,160,-62
113000064,13,348,-335
113000065,168,1164,-996
113000066,290,98,192
113000067,879,1083,-204
113000068,375,1775,-1400
113000069,386,1371,-985
113000070,817,798,19
113000071,296,728,-432
113000072,329,358,-29
113000073,430,1438,-1008
113000074,730,333,397
113000075,1665,554,1111
113000076,1152,1625,-473
113000077,1208,329,879
113000078,740,1373,-633
113000079,593,568,25
113000080,533,444,89
113000081,562,639,-77
113000082,796,567,229
113000083,458,579,-121
113000084,1334,961,373
113000085,583,498,85
113000086,713,957,-244
113000087,721,642,79
113000088,1673,1051,622
113000089,746,1115,-369
113000090,194,313,-119
113000091,559,208,351
113000094,557,134,423
113000095,175,1006,-831
113000096,153,821,-668
113000097,553,256,297
113000098,44,21,23
113000099,619,217,402
113000100,116,389,-273
113000101,333,473,-140
113000102,365,191,174
113000103,2387,587,1800
113000104,297,1905,-1608
113000105,354,420,-66
113000106,204,482,-278
113000107,509,865,-356
113000108,612,1523,-911
113000109,379,2614,-2235
113000110,1191,459,732
113000111,153,490,-337
113000112,275,317,-42
113000113,1681,331,1350
113000114,310,870,-560
113000116,507,234,273
113000117,548,104,444
113000118,156,234,-78
113000119,159,294,-135
113000120,23,178,-155
113000121,332,611,-279
113000124,148,122,26
113000125,17,568,-551
113000127,3203,450,2753
113000128,379,358,21
113000129,414,905,-491
113000133,3345,749,2596
113000134,2,565,-563
113000135,2440,1930,510
113000137,1986,1243,743
113000139,271,129,142
113000140,120,187,-67
113000141,176,80,96
113000142,455,617,-162
113000143,179,171,8
113000144,242,507,-265
113000145,31,138,-107
113000146,109,54,55
113000147,129,97,32
113000148,69,153,-84
113000149,52,92,-40
113000150,348,336,12
113000151,55,60,-5
113000152,45,138,-93
113000153,1665,385,1280
113000154,484,1032,-548
113000155,183,320,-137
113000156,130,323,-193
113000157,279,655,-376
113000158,362,152,210
113000159,575,471,104
113000160,612,1017,-405
113000161,218,603,-385
113000162,344,267,77
113000163,32,27,5
113000164,39,78,-39
113000166,66,59,7
113000167,9,166,-157
113000168,65,173,-108
113000169,103,52,51
113000170,61,64,-3
113000171,63,108,-45
113000172,190,47,143
113000173,27,8,19
113000174,103,552,-449
113000175,292,110,182
113000176,391,132,259
113000177,125,409,-284
113000178,222,470,-248
113000179,231,105,126
113000180,438,1307,-869
113000181,740,1023,-283
113000182,144,262,-118
113000183,183,497,-314
113000184,12,82,-70
113000189,350,499,-149
113000190,1085,369,716
113000192,2335,1105,1230
113000193,3940,818,3122
113000194,1825,915,910
113000195,2110,396,1714
113000196,82,87,-5
113000197,1068,592,476
113000198,41,252,-211
113000199,540,264,276
113000201,314,185,129
113000202,2888,1894,994
113000203,409,165,244
113000204,1759,984,775
113000205,11,24,-13
113000206,2,28,-26
113000207,47,16,31
113000208,20,39,-19
113000209,16,14,2
113000210,5,17,-12
113000211,271,208,63
113000212,238,38,200
113000213,16,105,-89
113000214,67,211,-144
113000234,141,1096,-955
113000410,119,113,6
113000411,2255,3615,-1360
113000412,9557,1695,7862
113000413,3381,1794,1587
113000414,8655,6640,2015
113000415,2061,1879,182
113000416,8795,2693,6102
113000417,2539,2089,450
113000418,2840,1941,899
113000419,1280,1237,43
113000420,3138,2600,538
113000421,3197,3538,-341
113000422,12802,5969,6833
113000423,1923,2664,-741
113000424,3618,6041,-2423
113000425,19,81,-62
113000428,269,66,203
113000430,70,126,-56
113000432,1045,118,927
113000433,152,954,-802
113000434,17,354,-337
113000435,13,800,-787
113000436,46,1364,-1318
113000437,269,22,247
113000438,109,21,88
113000439,17,161,-144
113000440,63,25,38
113000441,104,178,-74
113000442,114,326,-212
113000443,48,234,-186
113000444,79,344,-265
113000445,39,138,-99
113000446,23,85,-62
113000448,202,110,92
113000449,200,812,-612
113000450,527,2319,-1792
113000451,1545,125,1420
113000452,421,433,-12
113000453,189,231,-42
113000454,1005,37,968
113000455,75,105,-30
113000456,3012,1352,1660
113000468,2528,222,2306
113000469,148,50,98
113000470,384,55,329
113000471,11,311,-300
113000472,71,219,-148
113000474,271,605,-334
113000475,1173,1650,-477
113000476,681,1572,-891
113000477,1542,1712,-170
113000478,3013,5368,-2355
113000479,20,277,-257
113000484,0,0,0
113000485,2,0,2
113000486,7,0,7
113000487,0,2,-2
113000488,0,0,0
113000489,3,0,3
113000490,0,0,0
113000491,0,9,-9
113000492,0,0,0
113000493,0,0,0
113000495,155,246,-91
113000496,78,65,13
113000499,0,0,0
113900001,0,125,-125
113900002,0,171,-171
113900003,0,121,-121
113900004,1,36,-35
113900005,0,28,-28
113900006,7,9,-2
113900007,63,15,48
113900008,69,0,69
113900009,331,0,331
113900010,202,0,202
113900011,39,0,39
113900012,6,0,6
113900013,787,9,778
113900014,779,2,777
113900015,1,35,-34
113900016,20,0,20
113900017,2,47,-45
113900018,349,76,273
113900019,42,35,7
113900020,53,1,52
113900022,7,0,7
113900023,9,2,7
113900024,27,81,-54
113900025,250,7,243
113900026,41,0,41
113900027,1,58,-57
113900028,10,451,-441
113900029,31,290,-259
113900030,92,0,92
113900031,5,0,5
113900032,6,0,6
113900033,49,57,-8
113900035,39,0,39
113900036,3,113,-110
113900037,36,511,-475
113900038,90,76,14
113900039,102,4,98
113900040,5,3,2
113900041,1,1,0
113900042,55,39,16
113900043,122,82,40
113900044,175,77,98
113900045,31,4,27
113900046,187,680,-493
113900047,13,120,-107
113900048,251,30,221
113900049,763,138,625
113900050,117,300,-183
113900051,136,332,-196
113900052,136,76,60
113900053,373,185,188
113900054,13,2,11
113900055,104,453,-349
113900056,52,137,-85
113900057,22,381,-359
113900058,24,196,-172
113900059,118,291,-173
113900060,90,188,-98
113900061,837,234,603
113900062,43,16,27
113900063,40,124,-84
113900064,35,120,-85
113900065,672,11,661
113900066,166,364,-198
113900067,44,304,-260
113900068,218,308,-90
113900069,83,17,66
113900070,141,394,-253
113900071,27,55,-28
113900072,38,164,-126
113900073,106,303,-197
113900074,17,451,-434
113900075,775,916,-141
113900076,65,3,62
113900077,17,254,-237
113900078,18,35,-17
113900079,7,54,-47
113900080,211,134,77
113900081,27,143,-116
113900082,102,233,-131
113900083,108,608,-500
113900084,190,77,113
113900085,46,385,-339
113900086,6,11,-5
113900087,13,164,-151
113900088,45,42,3
113900089,276,55,221
113900090,330,261,69
113900091,8,22,-14
113900092,26,44,-18
113900093,67,423,-356
113900094,160,376,-216
113900095,81,76,5
113900096,98,48,50
113900097,7,132,-125
113900098,340,77,263
113900099,0,50,-50
113900100,4,2,2
113900101,18,33,-15
113900102,87,66,21
113900103,132,179,-47
113900104,83,135,-52
113900105,45,357,-312
113900106,0,82,-82
113900107,2,32,-30
113900108,205,148,57
113900109,176,81,95
113900110,27,16,11
113900111,59,112,-53
113900112,63,92,-29
113900113,374,326,48
113900114,1,81,-80
113900115,1,84,-83
113900116,69,108,-39
113900117,50,12,38
113900118,92,161,-69
113900119,217,285,-68
113900120,67,37,30
113900121,38,67,-29
113900122,187,1339,-1152
113900123,267,128,139
113900124,0,74,-74
113900125,1095,111,984
113900126,125,39,86
113900127,160,327,-167
113900128,74,66,8
113900129,8,89,-81
113900130,1,24,-23
113900131,80,43,37
113900132,37,29,8
113900133,19,22,-3
113900135,132,436,-304
113900136,54,74,-20
113900137,259,138,121
113900138,51,101,-50
113900139,393,94,299
113900140,352,142,210
113900141,181,428,-247
113900142,64,50,14
113900143,6,12,-6
113900144,221,73,148
113900145,175,160,15
113900146,65,56,9
113900148,82,169,-87
113900149,129,31,98
113900150,782,423,359
113900151,136,170,-34
113900152,22,54,-32
113900153,276,371,-95
113900154,1,88,-87
113900155,155,49,106
113900156,227,560,-333
113900157,39,221,-182
113900158,263,137,126
113900159,8,269,-261
113900160,362,561,-199
113900161,52,139,-87
113900162,436,330,106
113900163,139,194,-55
113900164,183,45,138
113900165,440,564,-124
113900166,137,87,50
113900167,98,43,55
113900168,135,95,40
113900169,130,395,-265
113900171,35,55,-20
113900172,3,154,-151
113900173,47,610,-563
113900174,257,536,-279
113900175,229,71,158
113900176,153,629,-476
113900177,198,167,31
113900178,127,111,16
113900179,20,640,-620
113900180,110,92,18
113900181,310,104,206
113900182,340,872,-532
113900183,32,63,-31
113900184,39,636,-597
113900185,152,59,93
113900186,14,28,-14
113900187,31,100,-69
113900188,47,108,-61
113900189,160,48,112
113900190,284,90,194
113900191,76,129,-53
113900192,1,212,-211
113900193,26,268,-242
113900194,1831,842,989
113900195,301,372,-71
113900196,1,114,-113
113900197,2,287,-285
113900198,20,113,-93
113900199,191,556,-365
113900200,7,226,-219
113900201,1,260,-259
113900202,34,239,-205
113900203,0,195,-195
113900204,37,492,-455
113900205,9,126,-117
113900206,8,109,-101
113900207,1,39,-38
113900208,1,44,-43
113900209,0,89,-89
113900210,429,355,74
113900211,77,38,39
113900212,99,484,-385
113900214,299,259,40
113900215,21,97,-76
113900216,37,1161,-1124
113900217,33,299,-266
113900218,72,28,44
113900219,91,495,-404
113900220,60,40,20
113900221,230,98,132
113900222,284,240,44
113900223,95,864,-769
113900224,131,56,75
113900225,581,189,392
113900226,193,60,133
113900227,208,127,81
113900228,321,258,63
113900229,27,384,-357
113900230,3598,1068,2530
113900231,86,202,-116
113900232,53,97,-44
113900233,6,52,-46
113900234,125,299,-174
113900235,45,43,2
113900236,42,322,-280
113900237,53,9,44
113900238,149,294,-145
113900239,45,44,1
113900240,0,89,-89
113900241,70,59,11
113900242,44,119,-75
113900243,112,341,-229
113900244,372,143,229
113900245,1021,176,845
113900246,18,2,16
113900247,122,203,-81
113900248,3176,824,2352
113900249,1009,194,815
113900250,36,101,-65
113900251,332,186,146
113900252,291,12,279
113900253,484,31,453
113900254,477,75,402
113900255,212,27,185
113900256,304,10,294
113900257,27,711,-684
113900258,12,561,-549
113900259,248,190,58
113900260,88,43,45
113900261,10,126,-116
113900262,110,740,-630
113900263,148,414,-266
113900264,3,526,-523
113900265,93,220,-127
113900266,25,245,-220
113900267,78,392,-314
113900268,117,279,-162
113900269,39,91,-52
113900270,223,290,-67
113900271,390,1243,-853
113900273,170,9,161
113900274,36,6,30
113900275,19,30,-11
113900276,3,280,-277
113900277,48,1,47
113900278,266,137,129
113900279,97,70,27
113900280,1016,327,689
113900281,338,679,-341
113900282,725,356,369
113900283,202,327,-125
113900284,649,126,523
113900285,98,38,60
113900286,10,96,-86
113900287,8,89,-81
113900288,0,65,-65
113900289,1173,55,1118
113900290,294,65,229
113900291,105,124,-19
113900292,13,2,11
113900293,8,198,-190
113900294,271,16,255
113900295,269,274,-5
113900296,2364,335,2029
113900297,678,20,658
113900298,13,1376,-1363
113900299,7,245,-238
113900300,5334,1647,3687
113900301,747,196,551
113900302,2265,557,1708
113900303,521,154,367
113900304,1,114,-113
113900305,52,0,52
113900306,9,0,9
113900307,19,0,19
113900308,97,99,-2
113900309,6,1019,-1013
113900310,0,10,-10
113900311,0,3,-3
113900312,87,86,1
113900313,17,14,3
114000001,856,3210,-2354
114000002,119,420,-301
114000003,18,257,-239
114000004,183,279,-96
114000005,108,182,-74
114000006,2308,1829,479
114000007,466,1090,-624
114000008,1097,775,322
114000009,264,166,98
114000011,1977,2983,-1006
114000012,1194,2696,-1502
114000013,969,1996,-1027
114000014,260,356,-96
114000015,719,463,256
114000016,163,357,-194
114000017,54,121,-67
114000018,431,69,362
114000026,842,1541,-699
114000027,1429,2007,-578
114000028,1320,1863,-543
114000038,68,106,-38
114000039,66,109,-43
114000040,54,149,-95
114000042,79,173,-94
114000043,23,143,-120
114000044,76,69,7
114000045,19,88,-69
114000046,1764,3803,-2039
114000047,8,60,-52
114000048,42,58,-16
114000049,1166,857,309
114000050,1319,910,409
114000051,2533,1119,1414
114000052,2135,920,1215
114000053,43,395,-352
114000054,88,1381,-1293
114000055,117,14,103
114000056,1105,462,643
114000057,7707,2128,5579
114000058,509,525,-16
114000059,276,180,96
114000060,347,557,-210
114000061,3098,1112,1986
114000062,2859,552,2307
114000063,3088,1440,1648
114000064,7683,2188,5495
114000065,1586,2001,-415
114000066,302,630,-328
114000067,34,305,-271
114000068,312,366,-54
114000069,679,378,301
114000070,2152,1209,943
114000071,352,428,-76
114000072,115,353,-238
114000073,21,119,-98
114000074,7,20,-13
114000075,31,145,-114
114000076,5,149,-144
114000077,3,51,-48
114000078,94,1182,-1088
114000079,45,19,26
114000080,70,89,-19
114000081,37,103,-66
114000082,45,530,-485
114000083,50,275,-225
114000084,105,42,63
114000085,92,719,-627
114000086,115,636,-521
114000087,26,286,-260
114000088,26,46,-20
114000089,1360,383,977
114000090,449,383,66
114000091,1155,370,785
114000092,576,216,360
114000093,660,467,193
114000094,205,304,-99
114000095,63,77,-14
114000096,65,507,-442
114000097,101,1027,-926
114000098,176,58,118
114000099,165,924,-759
114000100,526,625,-99
114000101,218,1219,-1001
114000102,177,262,-85
114000103,84,530,-446
114000104,3,275,-272
114000105,15,47,-32
114000106,709,304,405
114000107,98,99,-1
114000108,2433,1197,1236
114000109,234,550,-316
114000110,403,1772,-1369
114000111,621,431,190
114000112,325,2301,-1976
114000113,613,322,291
114000114,974,1833,-859
114000115,1267,576,691
114000116,366,835,-469
114000117,1270,287,983
114000118,1229,326,903
114000119,675,290,385
114000120,451,1070,-619
114000121,312,507,-195
114000122,322,225,97
114000123,682,208,474
114000124,373,274,99
114000125,741,1844,-1103
114000126,709,130,579
114000127,79,174,-95
114000128,569,473,96
114000130,236,372,-136
114000131,90,42,48
114000132,530,615,-85
114000133,813,1048,-235
114000134,24,171,-147
114000138,39,187,-148
114000139,264,114,150
114000144,413,275,138
114000145,44,178,-134
114000146,67,274,-207
114000147,612,903,-291
114000148,1952,1013,939
114000149,187,162,25
114000150,671,340,331
114000151,600,704,-104
114000152,152,22,130
114000153,771,853,-82
114000154,424,421,3
114000155,772,1333,-561
114000156,578,344,234
114000157,182,670,-488
114000158,2221,552,1669
114000159,190,329,-139
114000160,161,153,8
114000161,1132,1155,-23
114000162,633,769,-136
114000163,9,131,-122
114000165,175,117,58
114000166,463,157,306
114000167,3878,952,2926
114000168,687,612,75
114000169,1559,669,890
114000170,900,636,264
114000171,609,1455,-846
114000174,120,401,-281
114000176,440,291,149
114000177,2171,679,1492
114000178,19,71,-52
114000179,1078,626,452
114000180,341,479,-138
114000181,1129,1842,-713
114000182,5058,2264,2794
114000183,879,986,-107
114000184,6277,1523,4754
114000185,709,716,-7
114000189,343,43,300
114000190,1180,180,1000
114000191,23,56,-33
114000192,346,1551,-1205
114000193,896,3527,-2631
114000194,869,1382,-513
114000195,52,19,33
114000196,4,372,-368
114000197,642,92,550
114000198,1068,363,705
114000199,1788,1066,722
114000200,446,2382,-1936
114000201,114,1106,-992
114000202,650,921,-271
114000203,382,1168,-786
114000204,109,450,-341
114000205,196,1673,-1477
114000206,343,1005,-662
114000207,547,2287,-1740
114000208,381,3309,-2928
114000209,631,3411,-2780
114000210,283,1664,-1381
114000211,728,1303,-575
114000212,400,698,-298
114000213,811,567,244
114000214,72,204,-132
114000215,88,74,14
114000216,592,230,362
114000217,107,305,-198
114000218,79,326,-247
114000219,597,287,310
114000220,5,1646,-1641
114000221,387,98,289
114000222,150,1249,-1099
114000223,337,76,261
114000224,97,792,-695
114000225,151,506,-355
114000226,71,246,-175
114000227,641,455,186
114000228,497,873,-376
114000229,495,1229,-734
114000230,1016,1473,-457
114000231,544,1131,-587
114000232,376,104,272
114000233,1095,111,984
114000234,862,1017,-155
114000235,665,1727,-1062
114000236,2,452,-450
114000237,87,1088,-1001
114000238,30,183,-153
114000239,114,1542,-1428
114000240,427,514,-87
114000241,191,1155,-964
114000242,765,931,-166
114000243,799,663,136
114000244,494,342,152
114000245,209,544,-335
114000246,139,44,95
114000247,389,604,-215
114000248,604,519,85
114000249,304,467,-163
114000250,368,549,-181
114000251,222,342,-120
114000252,56,93,-37
114000253,25,204,-179
114000254,14,64,-50
114000255,392,120,272
114000256,2375,643,1732
114000257,366,1779,-1413
114000258,113,454,-341
114000259,38,249,-211
114000260,0,32,-32
114000261,27,19,8
114000262,29,128,-99
114000263,5,0,5
114000264,351,499,-148
114000265,0,1,-1
114000267,4,1178,-1174
114000268,5,2359,-2354
114000270,133,3,130
114000271,318,91,227
114000283,379,426,-47
114000285,50,287,-237
114000288,49,356,-307
114000289,731,171,560
114000293,48,395,-347
114000294,117,261,-144
114000395,844,49,795
114000396,162,308,-146
114000402,216,359,-143
114000403,148,511,-363
114000405,60,594,-534
114000423,114,518,-404
114000424,80,166,-86
114000425,275,543,-268
114000426,193,503,-310
114000427,26,64,-38
114000428,338,83,255
114000429,8,210,-202
114000432,47,123,-76
114000434,17,87,-70
114000435,0,115,-115
114900001,319,1516,-1197
114900002,265,81,184
114900003,207,2007,-1800
114900004,108,168,-60
114900005,236,908,-672
114900006,6,20,-14
114900007,81,5,76
114900008,38,53,-15
114900010,2231,1253,978
114900011,55,84,-29
114900013,64,70,-6
114900015,23,200,-177
114900018,574,64,510
114900020,78,40,38
114900022,23,704,-681
114900024,132,119,13
114900025,192,191,1
114900026,42,59,-17
114900027,122,211,-89
114900029,40,22,18
114900030,108,195,-87
114900031,127,20,107
114900032,102,30,72
114900033,1075,228,847
114900034,38,220,-182
114900035,110,193,-83
114900036,209,999,-790
114900037,67,190,-123
114900038,123,938,-815
114900039,258,681,-423
114900040,43,210,-167
114900041,244,654,-410
114900042,427,904,-477
114900043,781,284,497
114900044,29,12,17
114900046,26,114,-88
114900047,194,1020,-826
114900048,52,263,-211
114900049,27,303,-276
114900050,20,607,-587
114900051,11,480,-469
114900052,55,209,-154
114900053,34,255,-221
114900054,24,128,-104
114900057,143,2,141
114900058,0,62,-62
114900059,47,26,21
114900060,1327,328,999
114900061,96,195,-99
114900062,254,210,44
114900063,37,243,-206
114900064,521,675,-154
114900065,158,649,-491
114900067,22,339,-317
114900068,53,277,-224
114900069,231,129,102
114900070,193,713,-520
114900072,3,255,-252
114900073,2,144,-142
114900074,172,902,-730
114900075,80,3,77
114900076,11,280,-269
114900080,2914,333,2581
114900082,3265,1024,2241
114900083,692,788,-96
114900090,120,118,2
114900091,82,149,-67
114900095,336,87,249
114900096,470,453,17
114900097,35,0,35
114900098,0,178,-178
114900099,62,4,58
115000001,8221,5804,2417
115000002,2445,2616,-171
115000003,3316,4200,-884
115000004,1886,3630,-1744
115000005,988,2775,-1787
115000006,468,1231,-763
115000007,100,149,-49
115000008,366,449,-83
115000009,144,364,-220
115000010,183,101,82
115000013,77,107,-30
115000015,99,184,-85
115000016,49,195,-146
115000019,16,351,-335
115000020,143,487,-344
115000021,228,377,-149
115000022,321,263,58
115000023,241,350,-109
115000024,891,433,458
115000025,644,362,282
115000026,90,347,-257
115000027,136,157,-21
115000028,126,628,-502
115000029,229,108,121
115000030,293,715,-422
115000031,680,111,569
115000032,5,320,-315
115000033,129,18,111
115000034,116,849,-733
115000035,581,44,537
115000036,1,284,-283
115000037,241,1,240
115000038,25,130,-105
115000039,2624,1510,1114
115000040,5956,3248,2708
115000041,933,2082,-1149
115000042,473,540,-67
115000043,2086,2502,-416
115000044,2421,4353,-1932
115000045,1457,2498,-1041
115000046,1134,2393,-1259
115000047,1247,1852,-605
115000048,1058,2655,-1597
115000049,1299,2401,-1102
115000050,2271,1703,568
115000051,1830,1456,374
115000052,3064,1736,1328
115000053,1214,1192,22
115000054,754,1307,-553
115000055,126,330,-204
115000056,148,311,-163
115000057,316,451,-135
115000058,139,107,32
115000059,179,149,30
115000061,138,106,32
115000062,102,278,-176
115000063,193,298,-105
115000064,231,97,134
115000065,16,252,-236
115000067,188,30,158
115000069,37,261,-224
115000070,30,614,-584
115000071,96,5,91
115000072,19,56,-37
115000073,1062,41,1021
115000075,48,54,-6
115000076,2763,3097,-334
115000077,1013,3507,-2494
115000078,561,1831,-1270
115000079,678,2253,-1575
115000080,1207,2690,-1483
115000081,350,762,-412
115000082,2230,2709,-479
115000083,1405,3180,-1775
115000084,886,952,-66
115000085,394,1093,-699
115000086,495,945,-450
115000087,476,1473,-997
115000088,1452,519,933
115000089,1391,1389,2
115000090,688,524,164
115000091,256,1073,-817
115000092,292,347,-55
115000093,350,2,348
115000094,7970,4104,3866
115000095,5885,3808,2077
115000096,430,2187,-1757
115000097,527,675,-148
115000098,543,751,-208
115000099,1371,3642,-2271
115000100,566,445,121
115000101,287,1377,-1090
115000102,340,144,196
115000103,276,907,-631
115000105,43,192,-149
115000106,291,227,64
115000107,112,521,-409
115000108,3534,2511,1023
115000109,5016,2273,2743
115000110,1001,620,381
115000111,580,1295,-715
115000112,346,346,0
115000113,397,615,-218
115000114,1402,655,747
115000116,2502,1069,1433
115000117,3188,1554,1634
115000118,1309,1089,220
115000119,1301,1318,-17
115000120,405,677,-272
115000121,1320,680,640
115000122,3494,859,2635
115000123,1637,1121,516
115000124,678,642,36
115000125,272,436,-164
115000126,94,194,-100
115000127,267,93,174
115000128,848,658,190
115000129,178,158,20
115000130,231,1084,-853
115000131,354,207,147
115000132,81,557,-476
115000133,195,349,-154
115000134,85,230,-145
115000135,95,255,-160
115000136,65,167,-102
115000137,53,181,-128
115000138,133,184,-51
115000139,146,277,-131
115000140,140,206,-66
115000141,97,335,-238
115000142,71,338,-267
115000143,278,479,-201
115000144,330,98,232
115000145,136,460,-324
115000146,164,227,-63
115000147,327,534,-207
115000148,233,1408,-1175
115000149,316,166,150
115000150,479,1166,-687
115000151,410,354,56
115000152,415,1654,-1239
115000153,468,298,170
115000154,324,254,70
115000155,386,1129,-743
115000156,778,402,376
115000157,686,862,-176
115000158,430,272,158
115000159,669,285,384
115000160,438,230,208
115000161,130,433,-303
115000162,556,452,104
115000163,555,618,-63
115000164,518,537,-19
115000165,300,309,-9
115000167,128,67,61
115000168,382,231,151
115000169,549,268,281
115000170,128,110,18
115000171,169,125,44
115000172,1698,474,1224
115000173,195,212,-17
115000174,60,158,-98
115000175,76,55,21
115000176,68,57,11
115000177,89,53,36
115000178,15,239,-224
115000179,18,11,7
115000180,38,628,-590
115000181,264,99,165
115000182,349,244,105
115000183,157,1045,-888
115000186,488,211,277
115000187,142,629,-487
115000188,322,362,-40
115000189,202,415,-213
115000190,592,357,235
115000191,143,346,-203
115000194,134,83,51
115000195,207,132,75
115000196,69,109,-40
115000197,109,416,-307
115000198,149,186,-37
115000199,100,307,-207
115000200,196,79,117
115000201,87,343,-256
115000206,158,57,101
115000207,36,272,-236
115000208,435,588,-153
115000209,492,105,387
115000210,78,100,-22
115000211,109,184,-75
115000212,1260,245,1015
115000224,190,50,140
115000225,51,58,-7
115000229,218,140,78
115000230,121,370,-249
115000231,251,2623,-2372
115000232,769,355,414
115000233,53,185,-132
115000234,27,246,-219
115000241,39,280,-241
115000242,53,283,-230
115000243,30,223,-193
115000244,5,93,-88
115000246,23,10,13
115000247,8,16,-8
115000248,10,6,4
115000249,47,7,40
115000250,243,45,198
115000251,119,113,6
115000252,32,137,-105
115000253,10,211,-201
115000258,144,204,-60
115000259,256,145,111
115000261,7,36,-29
115000262,6,27,-21
115000263,3,32,-29
115000264,9,33,-24
115000267,28,64,-36
115000268,51,72,-21
115000269,89,51,38
115000270,3,24,-21
115000272,29,122,-93
115000273,346,21,325
115000280,2276,55,2221
115000281,556,145,411
115000282,630,349,281
115000284,271,70,201
115000296,579,6,573
115000297,80,91,-11
115000298,26,137,-111
115000300,74,191,-117
115000302,196,200,-4
115000303,346,99,247
115000304,357,88,269
115000305,61,1080,-1019
115000306,75,514,-439
115000307,36,362,-326
115000308,61,13,48
115000309,4,20,-16
115000310,547,1083,-536
115000311,424,1302,-878
115000313,102,709,-607
115000314,177,78,99
115000315,1083,384,699
115000316,30,85,-55
115000317,147,548,-401
115000318,477,205,272
115000319,63,293,-230
115000320,6,148,-142
115000321,354,7,347
115000322,52,228,-176
115000449,174,134,40
115000557,0,488,-488
115000558,226,68,158
115000587,238,221,17
115000588,1791,3954,-2163
115000589,2055,2526,-471
115000590,618,1656,-1038
115000591,836,687,149
115000592,462,1445,-983
115000593,1243,497,746
115000594,785,1542,-757
115000609,85,159,-74
115000617,1972,1285,687
115000624,153,70,83
115000633,282,1461,-1179
115000634,2127,583,1544
115000635,256,92,164
115000638,1109,638,471
115000641,59,120,-61
115000642,369,192,177
115000643,60,378,-318
115000644,77,337,-260
115000646,514,846,-332
115000647,107,350,-243
115000648,879,1434,-555
115000893,3366,932,2434
115000894,69,1000,-931
115000895,320,673,-353
115000896,1091,358,733
115000897,407,66,341
115000898,546,179,367
115000899,902,951,-49
115000900,84,285,-201
115000901,76,70,6
115000912,164,62,102
115000913,2,37,-35
115000915,17,2,15
115000916,6,0,6
115000917,0,4,-4
115000918,50,185,-135
115000919,8,4,4
115000920,16,29,-13
115000921,1114,51,1063
115000922,1119,474,645
115000923,385,801,-416
115000925,39,58,-19
115000927,21,23,-2
115000933,324,134,190
115000934,81,176,-95
115000935,70,77,-7
115000936,37,227,-190
115000937,988,85,903
115000938,156,123,33
115000939,192,162,30
115000940,11,6,5
115000941,11,9,2
115000942,33,56,-23
115000943,66,8,58
115000944,5,5,0
115900001,19,73,-54
115900002,60,154,-94
115900003,108,98,10
115900004,2,75,-73
115900005,60,5,55
115900006,76,455,-379
115900008,27,10,17
115900009,51,312,-261
115900010,88,193,-105
115900011,148,250,-102
115900012,30,87,-57
115900013,289,124,165
115900014,106,126,-20
115900015,31,153,-122
115900016,55,18,37
115900017,0,2,-2
115900018,167,73,94
115900019,97,23,74
115900020,31,0,31
115900021,1455,95,1360
115900022,2546,19,2527
115900023,20,1,19
115900025,38,187,-149
115900026,671,378,293
115900027,0,348,-348
115900028,510,45,465
115900029,5,496,-491
115900030,31,13,18
115900031,218,145,73
115900032,211,780,-569
115900033,1,29,-28
115900034,16,548,-532
115900035,26,178,-152
115900036,204,271,-67
115900037,16,476,-460
115900038,8,4,4
115900039,94,306,-212
115900041,299,286,13
115900042,11,5,6
115900043,33,107,-74
115900044,188,195,-7
115900046,149,263,-114
115900047,63,27,36
115900049,84,211,-127
115900051,2,31,-29
115900052,16,279,-263
115900053,107,276,-169
115900054,56,31,25
115900055,12,112,-100
115900056,76,345,-269
115900057,7,5,2
115900058,28,55,-27
115900060,92,142,-50
115900061,100,1,99
115900062,7,331,-324
115900063,40,9,31
115900064,116,174,-58
115900065,25,98,-73
115900066,165,130,35
115900067,6,846,-840
115900068,3489,157,3332
115900069,20,174,-154
115900070,60,253,-193
115900071,1,635,-634
115900072,47,250,-203
115900073,24,29,-5
115900074,1,385,-384
115900075,9,285,-276
115900076,3,103,-100
115900077,2,312,-310
115900078,26,123,-97
115900079,98,5,93
115900080,559,216,343
115900081,11,68,-57
115900082,147,108,39
115900084,132,14,118
115900085,54,45,9
115900086,1366,375,991
115900088,21,39,-18
115900089,171,703,-532
115900090,101,31,70
115900091,4,10,-6
115900092,26,237,-211
115900093,1,20,-19
115900094,2,421,-419
115900096,0,7,-7
115900097,4,503,-499
115900098,107,466,-359
115900099,9,92,-83
115900100,7,589,-582
115900101,90,421,-331
115900102,12,74,-62
115900103,184,278,-94
115900104,18,152,-134
115900105,52,674,-622
115900106,14,22,-8
115900107,17,242,-225
115900108,33,31,2
115900109,21,340,-319
115900110,1,20,-19
115900111,1,77,-76
115900112,31,816,-785
115900113,19,28,-9
115900114,0,166,-166
115900115,36,133,-97
115900116,49,880,-831
115900117,39,32,7
115900118,2,433,-431
115900119,40,62,-22
115900120,35,300,-265
115900121,67,230,-163
115900124,146,290,-144
115900125,155,22,133
115900126,253,53,200
115900127,280,32,248
115900128,4,65,-61
115900129,417,20,397
115900130,18,156,-138
115900131,165,16,149
115900132,148,13,135
115900134,136,16,120
115900135,474,572,-98
115900137,3,3,0
115900139,39,68,-29
115900140,106,7,99
115900141,10,45,-35
115900142,5,23,-18
115900143,80,212,-132
115900144,29,176,-147
115900146,2,139,-137
115900147,140,208,-68
115900148,16,4,12
115900149,24,22,2
115900150,20,81,-61
115900151,11,57,-46
115900152,52,277,-225
115900153,43,231,-188
115900154,546,246,300
115900155,1,61,-60
115900156,327,695,-368
115900157,52,393,-341
115900158,25,8,17
115900159,30,228,-198
115900160,2,4,-2
115900161,33,212,-179
115900163,90,105,-15
115900164,164,10,154
115900166,170,183,-13
115900168,24,126,-102
115900171,67,317,-250
115900172,24,145,-121
115900173,138,130,8
115900174,191,167,24
115900175,39,161,-122
115900178,7,707,-700
115900179,101,20,81
115900180,43,377,-334
115900181,108,291,-183
115900182,176,323,-147
115900183,61,25,36
115900184,1577,12,1565
115900187,9,99,-90
115900189,0,94,-94
115900190,179,568,-389
115900191,48,392,-344
115900192,5,36,-31
115900193,61,54,7
115900194,222,32,190
115900195,503,788,-285
115900198,125,159,-34
115900199,114,201,-87
115900200,267,234,33
115900201,306,193,113
115900202,1,7,-6
115900203,2,15,-13
115900204,0,3,-3
115900205,16,11,5
115900206,69,157,-88
115900207,18,30,-12
115900208,41,320,-279
115900209,3,134,-131
115900210,2,127,-125
115900211,2,199,-197
115900212,65,224,-159
115900213,23,30,-7
115900214,156,233,-77
115900215,13,27,-14
115900216,7,72,-65
115900217,0,88,-88
115900218,2,62,-60
115900219,49,2,47
115900220,45,7,38
115900221,41,10,31
115900222,42,7,35
115900223,8,68,-60
115900224,1574,318,1256
115900225,70,19,51
115900226,22,19,3
115900227,15,25,-10
115900228,1,25,-24
115900229,3,43,-40
115900230,36,89,-53
115900231,47,0,47
115900232,26,1,25
115900233,41,8,33
115900234,19,15,4
115900235,2,17,-15
115900236,7,6,1
115900237,4,25,-21
115900238,2,19,-17
115900239,3,24,-21
115900240,10,74,-64
115900241,66,45,21
115900242,169,184,-15
115900243,8,3,5
115900244,0,10,-10
115900245,26,34,-8
115900246,10,3,7
115900247,6,1,5
115900248,5,1,4
115900249,0,9,-9
115900250,1,2,-1
115900251,0,1,-1
115900252,0,1,-1
115900253,4,7,-3
115900254,4,13,-9
115900255,5,8,-3
115900256,19,7,12
115900257,4,3,1
115900258,0,1,-1
115900259,2,2,0
115900260,16,2,14
115900261,7,2,5
115900262,1,0,1
115900263,2,3,-1
115900264,0,3,-3
115900265,1,2,-1
115900266,3,3,0
115900267,4,4,0
115900268,0,6,-6
115900269,178,349,-171
115900270,172,744,-572
115900271,42,0,42
115900272,13,3,10
115900273,2,4,-2
115900274,1,9,-8
115900275,0,28,-28
115900276,1,49,-48
115900277,0,166,-166
115900278,6,111,-105
115900279,9,150,-141
115900280,15,113,-98
115900281,551,97,454
115900282,14,7,7
115900283,10,5,5
115900284,2,8,-6
116000001,16151,4648,11503
116000002,3046,4295,-1249
116000003,1303,1635,-332
116000004,1238,1581,-343
116000005,2202,3069,-867
116000006,1418,903,515
116000007,2581,4204,-1623
116000008,1847,1518,329
116000009,1472,2549,-1077
116000010,1395,888,507
116000011,712,1842,-1130
116000012,649,459,190
116000013,14610,3627,10983
116000014,17530,6058,11472
116000015,356,587,-231
116000016,7491,1578,5913
116000017,20,424,-404
116000018,730,343,387
116000019,273,240,33
116000020,295,1025,-730
116000021,200,245,-45
116000022,207,486,-279
116000023,546,420,126
116000024,539,1405,-866
116000025,515,443,72
116000026,1493,2063,-570
116000027,397,440,-43
116000028,302,411,-109
116000029,644,456,188
116000030,309,326,-17
116000031,94,152,-58
116000032,277,177,100
116000033,230,492,-262
116000034,481,849,-368
116000035,248,383,-135
116000036,1796,436,1360
116000037,550,336,214
116000038,433,208,225
116000039,572,201,371
116000040,586,157,429
116000041,197,349,-152
116000042,326,157,169
116000043,60,393,-333
116000044,24,141,-117
116000045,1200,863,337
116000046,861,789,72
116000047,1800,1476,324
116000048,1481,1288,193
116000049,816,1518,-702
116000050,1111,1100,11
116000051,2577,1188,1389
116000052,3005,2840,165
116000053,1059,839,220
116000054,472,1608,-1136
116000055,312,1060,-748
116000056,588,894,-306
116000057,1747,1726,21
116000058,1993,1415,578
116000059,1703,3261,-1558
116000060,2262,690,1572
116000061,362,582,-220
116000062,594,191,403
116000063,367,868,-501
116000066,131,341,-210
116000067,284,530,-246
116000068,131,198,-67
116000069,225,403,-178
116000078,254,844,-590
116000080,977,821,156
116000082,5,125,-120
116000083,770,282,488
116000084,1868,3833,-1965
116000085,1422,841,581
116000086,2416,1524,892
116000087,880,800,80
116000088,680,1116,-436
116000089,123,87,36
116000090,106,147,-41
116000091,128,111,17
116000093,403,703,-300
116000094,316,615,-299
116000095,423,620,-197
116000096,395,883,-488
116000097,297,700,-403
116000098,304,2909,-2605
116000099,8454,272,8182
116000100,74,9,65
116000101,315,1575,-1260
116000102,157,1312,-1155
116000103,274,227,47
116000104,118,1733,-1615
116000105,494,181,313
116000106,239,1256,-1017
116000107,701,379,322
116000108,39,164,-125
116000111,59,15,44
116000113,70,60,10
116000114,16,119,-103
116000115,264,225,39
116000116,182,474,-292
116000117,915,1982,-1067
116000118,986,1420,-434
116000119,1567,1604,-37
116000120,2168,4193,-2025
116000121,455,331,124
116000122,1185,2343,-1158
116000123,394,391,3
116000124,222,1120,-898
116000125,1554,491,1063
116000126,251,1510,-1259
116000127,978,1560,-582
116000128,858,618,240
116000129,585,156,429
116000130,177,196,-19
116000133,362,900,-538
116000134,1159,2786,-1627
116000135,897,1177,-280
116000136,764,2461,-1697
116000137,507,487,20
116000138,889,341,548
116000139,1228,2034,-806
116000140,89,202,-113
116000141,268,935,-667
116000142,3902,3704,198
116000143,1748,1247,501
116000144,1071,2929,-1858
116000145,1102,1332,-230
116000146,266,408,-142
116000147,229,104,125
116000148,259,382,-123
116000149,276,404,-128
116000151,425,1048,-623
116000153,56,358,-302
116000155,183,220,-37
116000156,317,1060,-743
116000157,34,15,19
116000158,228,285,-57
116000159,6,3,3
116000160,4,114,-110
116000161,4,97,-93
116000162,38,34,4
116000163,11,11,0
116000164,8,9,-1
116000177,29,83,-54
116000194,36,254,-218
116000195,1349,627,722
116000196,0,3,-3
116000197,1,9,-8
116000198,2098,830,1268
116000200,559,147,412
116000201,483,518,-35
116000202,4,314,-310
116000203,4,66,-62
116000204,14,47,-33
116000205,0,103,-103
116000206,4,73,-69
116000207,2,29,-27
116000233,84,743,-659
116000287,96,667,-571
116000288,85,259,-174
116000292,13,158,-145
116000296,17,270,-253
116000297,48,16,32
116000304,29,60,-31
116000305,16,78,-62
116000346,77,165,-88
116000352,75,29,46
116000354,39,12,27
116000357,4,1,3
116000358,85,36,49
116000361,514,10,504
116000372,8599,2029,6570
116000381,45,0,45
116000388,1,34,-33
116000389,404,450,-46
116000445,140,753,-613
116000446,236,1201,-965
116000447,16,441,-425
116000448,453,239,214
116000563,510,503,7
116000565,42,405,-363
116000568,45,147,-102
116000579,13,109,-96
116000583,56,96,-40
116000584,22,12,10
116000585,4,15,-11
116000586,178,85,93
116000587,281,444,-163
116000589,61,82,-21
116000590,71,139,-68
116000591,64,287,-223
116000592,8,124,-116
116000593,0,53,-53
116000594,176,565,-389
116000595,373,157,216
116000596,33,5,28
116000597,172,62,110
116000598,12,197,-185
116000605,224,164,60
116000606,38,144,-106
116000607,7,61,-54
116000609,159,580,-421
116000611,76,539,-463
116000612,503,1671,-1168
116000613,254,298,-44
116000614,354,905,-551
116000615,1,128,-127
116000616,28,110,-82
116000617,36,102,-66
116000618,4,162,-158
116000619,4,37,-33
116000620,17,40,-23
116000621,7,71,-64
116000622,18,118,-100
116000624,47,67,-20
116000627,48,121,-73
116000628,23,1376,-1353
116000629,23,673,-650
116000630,208,87,121
116000631,90,69,21
116000632,291,138,153
116000633,86,458,-372
116000634,134,364,-230
116000635,2839,1185,1654
116000636,1533,824,709
116000637,181,122,59
116000638,69,613,-544
116000640,9,9,0
116000641,0,3,-3
116000644,5,1427,-1422
116900001,170,117,53
116900002,266,2,264
116900003,31,62,-31
116900004,22,20,2
116900005,175,72,103
116900006,135,112,23
116900007,48,193,-145
116900008,227,497,-270
116900009,8,0,8
116900010,2,1690,-1688
116900011,11,23,-12
116900012,68,154,-86
116900013,6,153,-147
116900014,46,415,-369
116900015,101,73,28
116900016,70,0,70
116900017,5,750,-745
116900018,28,29,-1
116900019,5,386,-381
116900020,1483,325,1158
116900023,16,4,12
116900024,225,83,142
116900025,290,1126,-836
116900026,134,674,-540
116900027,8,32,-24
116900028,6,120,-114
116900029,0,13,-13
116900031,0,9,-9
116900032,5,458,-453
116900033,6,5,1
116900034,4,76,-72
116900035,63,167,-104
116900036,0,121,-121
116900038,13,4,9
116900041,23,29,-6
116900042,987,244,743
116900043,3,67,-64
116900047,97,28,69
116900049,26,362,-336
116900050,40,433,-393
116900051,25,227,-202
116900052,116,84,32
116900055,0,1,-1
116900057,10,304,-294
116900058,16,397,-381
116900059,1,180,-179
116900060,157,204,-47
116900062,0,5,-5
116900064,50,1012,-962
116900065,8,74,-66
116900067,61,106,-45
116900068,98,342,-244
116900070,0,2,-2
116900072,11,482,-471
116900073,1,180,-179
116900074,12,40,-28
116900076,10,40,-30
116900077,6,160,-154
116900078,194,137,57
116900079,24,424,-400
116900080,3,6,-3
116900081,348,1356,-1008
116900082,151,681,-530
116900083,47,44,3
116900084,142,45,97
116900085,8,92,-84
116900086,13,250,-237
116900088,149,52,97
116900090,135,58,77
116900091,122,33,89
116900092,75,800,-725
116900093,1284,1473,-189
116900094,5548,2062,3486
116900095,257,143,114
116900096,79,121,-42
116900097,3779,1515,2264
116900098,729,161,568
116900099,559,314,245
116900100,344,18,326
116900101,221,620,-399
116900103,18,0,18
116900104,24,65,-41
116900105,168,28,140
116900106,655,443,212
116900107,4345,1078,3267
116900110,30,0,30
116900111,149,1230,-1081
116900112,153,1107,-954
116900113,3153,924,2229
116900116,83,204,-121
116900117,19,70,-51
116900118,917,601,316
116900120,115,90,25
116900121,19,34,-15
116900122,210,855,-645
116900123,82,949,-867
116900124,136,843,-707
116900125,121,225,-104
116900126,197,484,-287
116900128,0,62,-62
116900129,3,264,-261
116900130,912,1670,-758
116900131,11,61,-50
116900132,22,76,-54
116900133,66,91,-25
116900134,101,196,-95
116900136,76,188,-112
116900137,244,209,35
116900138,89,228,-139
116900139,63,349,-286
116900140,82,147,-65
116900141,368,280,88
116900142,5,36,-31
116900143,134,349,-215
116900144,13,36,-23
116900145,49,299,-250
116900147,527,226,301
116900148,3,27,-24
116900149,11,103,-92
116900150,2,8,-6
116900151,50,7,43
116900153,66,49,17
116900154,605,220,385
116900155,41,48,-7
116900157,181,273,-92
116900158,89,87,2
116900159,27,197,-170
116900160,541,212,329
116900161,7679,2869,4810
116900162,3,160,-157
116900163,44,178,-134
116900164,30,33,-3
116900165,130,78,52
116900166,13,118,-105
116900167,198,59,139
116900168,107,68,39
116900169,537,162,375
116900170,150,233,-83
116900171,13,188,-175
116900172,235,104,131
116900173,60,36,24
116900174,30,30,0
116900175,137,56,81
116900178,16,185,-169
116900179,55,93,-38
116900180,46,29,17
116900182,203,102,101
116900183,94,81,13
116900185,5,13,-8
116900186,50,330,-280
116900187,37,17,20
116900188,68,17,51
116900189,27,0,27
116900191,275,266,9
116900192,138,192,-54
116900194,54,558,-504
116900195,14,2,12
116900196,33,108,-75
116900197,33,5,28
116900198,221,145,76
116900200,17,39,-22
116900201,58,14,44
116900202,97,53,44
116900203,55,1,54
116900204,35,58,-23
116900206,4,37,-33
116900207,28,23,5
116900208,7,97,-90
116900209,11,131,-120
116900210,237,182,55
116900211,151,15,136
116900212,13,68,-55
116900213,178,158,20
116900214,84,121,-37
116900215,5,21,-16
116900216,161,305,-144
116900218,2,328,-326
116900219,722,295,427
116900220,72,126,-54
116900221,34,207,-173
116900222,313,205,108
116900223,73,116,-43
116900226,52,50,2
116900227,81,64,17
116900228,197,279,-82
116900230,41,372,-331
116900231,9,506,-497
116900232,9,640,-631
116900233,128,66,62
116900234,4,7,-3
116900235,113,332,-219
116900238,1205,307,898
116900239,59,701,-642
116900240,5949,2185,3764
116900241,25,131,-106
116900242,1868,283,1585
116900243,3,49,-46
116900245,20,8,12
116900246,34,18,16
116900247,212,11,201
116900248,53,11,42
116900249,129,72,57
116900250,142,30,112
116900251,429,139,290
116900252,39,1013,-974
116900254,13,112,-99
116900255,54,23,31
116900256,119,51,68
116900257,5,658,-653
116900258,3,344,-341
116900259,50,6,44
116900260,1,139,-138
116900261,17,4,13
116900262,62,128,-66
116900263,0,11,-11
116900264,2,6,-4
116900265,10,1,9
116900266,17,47,-30
116900267,1,2,-1
116900268,18,6,12
116900269,186,455,-269
116900271,1639,71,1568
116900272,415,535,-120
116900273,177,35,142
116900274,53,72,-19
116900275,77,124,-47
116900276,599,34,565
116900277,523,5,518
116900278,5,9,-4
116900279,0,26,-26
116900280,3,27,-24
116900281,7142,1869,5273
116900282,12,275,-263
116900283,10,153,-143
116900284,14,207,-193
116900285,395,236,159
116900286,251,35,216
116900287,2,74,-72
116900288,41,159,-118
116900289,14,47,-33
116900290,3,57,-54
116900291,1,15,-14
116900292,0,6,-6
116900293,21,89,-68
116900294,26,104,-78
116900295,116,26,90
116900296,39,68,-29
116900297,8,50,-42
116900298,109,27,82
116900299,52,23,29
116900300,0,76,-76
116900301,53,79,-26
116900302,60,38,22
116900303,523,44,479
116900304,0,103,-103
116900305,9,36,-27
116900306,92,183,-91
116900307,10,4,6
116900308,2,232,-230
116900309,44,170,-126
117000001,1060,997,63
117000002,1632,3734,-2102
117000003,5537,2189,3348
117000004,3833,5088,-1255
117000005,1295,1227,68
117000006,975,4158,-3183
117000007,2155,1064,1091
117000008,1046,4405,-3359
117000009,3673,1382,2291
117000010,2498,4659,-2161
117000011,1045,1743,-698
117000012,947,1792,-845
117000013,974,1191,-217
117000014,780,2573,-1793
117000015,2648,999,1649
117000016,510,57,453
117000017,451,126,325
117000018,168,256,-88
117000019,169,10,159
117000020,733,875,-142
117000021,3226,522,2704
117000022,485,46,439
117000023,651,155,496
117000024,416,60,356
117000025,853,550,303
117000026,2781,588,2193
117000027,2952,1145,1807
117000028,3582,584,2998
117000030,750,522,228
117000031,389,210,179
117000032,1633,1438,195
117000033,887,747,140
117000034,312,319,-7
117000035,230,231,-1
117000036,404,312,92
117000037,216,184,32
117000038,254,506,-252
117000039,327,276,51
117000040,122,1342,-1220
117000041,393,118,275
117000044,11,1406,-1395
117000045,267,49,218
117000046,428,942,-514
117000047,485,425,60
117000048,1982,1469,513
117000049,127,381,-254
117000050,126,2763,-2637
117000051,1305,167,1138
117000052,6,673,-667
117000053,145,78,67
117000054,1127,2,1125
117000055,115,3636,-3521
117000056,330,11,319
117000057,625,2267,-1642
117000060,401,1571,-1170
117000061,1178,648,530
117000062,191,583,-392
117000063,1261,665,596
117000064,819,904,-85
117000066,985,685,300
117000067,111,300,-189
117000074,137,145,-8
117000076,78,27,51
117000077,73,96,-23
117000078,87,632,-545
117000079,211,122,89
117000080,2,390,-388
117000081,614,121,493
117000082,26,63,-37
117000083,99,14,85
117000084,320,0,320
117000085,100,458,-358
117000086,976,677,299
117000087,108,540,-432
117000088,215,157,58
117000089,1042,342,700
117000090,218,1591,-1373
117000091,410,270,140
117000092,305,1774,-1469
117000093,598,525,73
117000094,700,2675,-1975
117000095,2017,700,1317
117000096,425,2697,-2272
117000097,789,1100,-311
117000098,2603,5905,-3302
117000099,1756,770,986
117000100,100,144,-44
117000101,191,1401,-1210
117000102,991,487,504
117000103,668,1973,-1305
117000104,849,506,343
117000105,740,1970,-1230
117000106,743,660,83
117000107,459,2164,-1705
117000108,1064,899,165
117000109,1590,2882,-1292
117000110,870,729,141
117000111,3221,4447,-1226
117000112,1964,1926,38
117000113,82,344,-262
117000114,96,95,1
117000115,54,147,-93
117000116,65,241,-176
117000117,1108,351,757
117000118,227,101,126
117000119,463,78,385
117000120,318,130,188
117000121,199,529,-330
117000122,590,681,-91
117000123,1714,16,1698
117000124,891,41,850
117000125,416,50,366
117000126,55,24,31
117000127,205,271,-66
117000128,465,553,-88
117000129,620,356,264
117000130,77,1,76
117000131,0,248,-248
117000132,822,16,806
117000133,563,42,521
117000134,3,50,-47
117000135,3,24,-21
117000136,6,73,-67
117000137,35,52,-17
117000138,0,487,-487
117000140,385,1578,-1193
117000141,1198,550,648
117000181,836,363,473
117000182,220,125,95
117000195,156,1330,-1174
117000196,87,60,27
117000225,136,1,135
117000226,7,79,-72
117000276,120,5,115
117000277,0,629,-629
117000310,1997,2653,-656
117000315,57,695,-638
117000320,86,0,86
117000906,131,11,120
117000907,6,517,-511
117000909,83,20,63
117000910,142,157,-15
117000911,105,192,-87
117000915,6,605,-599
117000916,5,0,5
117000917,475,8,467
117000918,29,42,-13
117000919,9,161,-152
117000920,4,1678,-1674
117000921,6,2359,-2353
117000922,63,118,-55
117000924,236,567,-331
117000926,1171,86,1085
117000927,2094,317,1777
117000928,1,294,-293
117000929,91,600,-509
117000930,100,18,82
117000931,589,91,498
117900002,95,332,-237
117900003,776,302,474
117900005,8,2,6
117900006,0,20,-20
117900007,85,211,-126
117900008,0,20,-20
117900010,224,115,109
117900011,41,7,34
117900012,33,205,-172
117900013,0,332,-332
117900014,467,214,253
117900015,22,232,-210
117900016,1157,345,812
117900017,384,667,-283
117900018,190,42,148
117900019,225,645,-420
117900020,32,254,-222
117900021,38,134,-96
117900023,693,150,543
117900024,72,138,-66
117900025,26,11,15
117900026,210,533,-323
117900028,46,2,44
117900029,111,1147,-1036
117900030,185,145,40
117900031,154,60,94
117900032,435,353,82
117900033,99,961,-862
117900034,69,70,-1
117900035,131,47,84
117900036,108,747,-639
117900037,51,140,-89
117900038,13,444,-431
117900039,3,100,-97
117900040,84,629,-545
117900041,7,45,-38
117900042,4255,438,3817
117900043,38,60,-22
117900044,38,2519,-2481
117900045,118,97,21
117900048,114,363,-249
117900049,83,939,-856
117900050,8,45,-37
117900051,42,1,41
117900052,37,213,-176
117900053,704,686,18
117900054,0,15,-15
117900055,144,144,0
117900056,477,14,463
117900057,733,1299,-566
117900058,108,13,95
117900059,255,49,206
117900060,683,5960,-5277
117900061,7,178,-171
117900063,168,247,-79
117900065,687,1187,-500
117900066,11,49,-38
117900067,282,342,-60
117900069,398,530,-132
117900070,276,6,270
117900071,68,137,-69
117900073,235,469,-234
117900074,144,3,141
117900075,33,59,-26
117900076,10,51,-41
117900077,168,81,87
117900078,167,387,-220
117900080,146,40,106
117900081,538,395,143
117900082,198,203,-5
117900083,173,766,-593
117900086,72,40,32
117900087,32,39,-7
117900088,2889,1752,1137
117900089,953,283,670
117900090,276,1006,-730
117900091,163,156,7
117900092,42,40,2
117900093,24,44,-20
117900094,20,10,10
117900095,304,846,-542
117900096,34,198,-164
117900097,71,81,-10
117900098,4,7,-3
117900099,92,474,-382
117900100,56,0,56
117900101,282,868,-586
117900102,22,54,-32
117900103,21,2,19
117900104,15,128,-113
117900105,138,182,-44
117900106,37,70,-33
117900107,23,1,22
117900109,273,321,-48
117900110,16,0,16
117900111,171,2,169
117900112,32,13,19
117900113,3461,1298,2163
117900114,9,0,9
117900115,431,35,396
117900116,840,684,156
117900117,261,306,-45
117900118,18,0,18
117900119,71,315,-244
117900120,49,116,-67
117900121,25,19,6
117900122,918,1386,-468
117900123,500,786,-286
117900124,486,499,-13
117900125,1077,928,149
117900126,275,561,-286
117900127,281,753,-472
117900128,174,920,-746
117900129,15,0,15
117900130,672,286,386
117900131,1,94,-93
117900132,9,88,-79
117900133,9,126,-117
117900134,38,212,-174
117900135,14,246,-232
117900136,0,66,-66
117900137,10,362,-352
117900138,1,57,-56
117900139,31,140,-109
117900140,5426,73,5353
117900141,181,270,-89
117900142,138,15,123
117900144,85,132,-47
117900145,67,4,63
117900146,198,101,97
117900147,32,75,-43
117900148,2618,871,1747
117900149,29,201,-172
117900150,21,73,-52
117900151,21,153,-132
117900152,103,72,31
117900153,7,118,-111
117900154,323,743,-420
117900156,763,699,64
117900157,56,452,-396
117900158,85,88,-3
117900160,317,237,80
117900161,2344,2288,56
117900162,208,370,-162
117900163,72,9,63
117900165,1,13,-12
117900166,67,190,-123
117900168,54,121,-67
117900169,1,84,-83
117900170,0,19,-19
117900171,0,11,-11
117900172,15,26,-11
117900173,141,70,71
117900174,25,36,-11
117900175,3,24,-21
117900176,7,37,-30
117900177,8,37,-29
117900178,76,30,46
117900180,199,27,172
117900181,111,164,-53
117900182,0,24,-24
117900183,32,134,-102
117900184,8,44,-36
117900185,20,38,-18
117900186,15,15,0
117900187,15,12,3
117900188,152,21,131
117900189,60,15,45
117900190,11,3,8
117900191,60,1,59
117900192,105,1,104
117900193,1,27,-26
117900194,4,0,4
117900195,3,12,-9
117900196,13,25,-12
117900207,112,108,4
117900208,19,27,-8
117900209,143,118,25
117900210,131,119,12
117900211,4,130,-126
117900212,64,125,-61
117900213,15,11,4
117900214,6,45,-39
117900215,21,47,-26
117900216,45,8,37
117900217,180,58,122
117900218,243,169,74
117900219,1,36,-35
117900220,72,60,12
117900222,162,206,-44
117900223,137,194,-57
118000001,635,391,244
118000002,1307,1624,-317
118000003,1488,1105,383
118000004,2880,1865,1015
118000005,6136,2103,4033
118000006,7932,6053,1879
118000007,5760,2143,3617
118000008,4693,2412,2281
118000009,1864,2106,-242
118000010,2028,3258,-1230
118000011,694,2427,-1733
118000012,831,2464,-1633
118000013,2584,2687,-103
118000014,1657,3243,-1586
118000016,176,388,-212
118000017,154,281,-127
118000018,240,527,-287
118000019,1758,1106,652
118000020,1003,1247,-244
118000021,537,1433,-896
118000022,1551,430,1121
118000023,877,260,617
118000024,1542,626,916
118000027,18330,5449,12881
118000029,1123,507,616
118000032,1646,1676,-30
118000033,2164,1960,204
118000034,4356,1501,2855
118000035,1475,1355,120
118000036,843,849,-6
118000037,428,783,-355
118000038,67,83,-16
118000039,60,374,-314
118000040,1172,2063,-891
118000041,1460,1344,116
118000045,509,76,433
118000046,1837,450,1387
118000047,1557,475,1082
118000048,3041,949,2092
118000051,1819,1104,715
118000052,1246,631,615
118000053,521,468,53
118000054,2664,1488,1176
118000055,2383,1661,722
118000056,261,250,11
118000057,250,340,-90
118000058,2759,958,1801
118000059,1799,635,1164
118000060,636,620,16
118000061,468,1233,-765
118000062,486,192,294
118000063,281,393,-112
118000064,779,1011,-232
118000065,4422,1310,3112
118000066,644,875,-231
118000067,1050,689,361
118000068,1493,2894,-1401
118000069,3107,910,2197
118000070,6843,1044,5799
118000071,3337,3792,-455
118000072,1657,919,738
118000073,2483,381,2102
118000074,353,522,-169
118000075,982,247,735
118000076,1000,936,64
118000077,1191,928,263
118000078,1543,1342,201
118000079,218,270,-52
118000080,1010,811,199
118000081,1387,966,421
118000082,258,651,-393
118000083,1748,973,775
118000084,2122,1122,1000
118000086,187,422,-235
118000087,5821,2196,3625
118000088,1725,1719,6
118000089,3306,2017,1289
118000090,1893,2162,-269
118000091,1325,1531,-206
118000092,1118,339,779
118000093,133,570,-437
118000096,348,439,-91
118000097,429,522,-93
118000098,198,168,30
118000099,216,820,-604
118000101,527,370,157
118000102,300,1392,-1092
118000107,3070,355,2715
118000108,499,960,-461
118000110,2,18,-16
118000111,2,671,-669
118000112,167,3,164
118000113,1,1067,-1066
118000114,107,9,98
118000115,7,14,-7
118000116,40,0,40
118000117,1179,794,385
118000118,613,597,16
118000119,608,893,-285
118000120,1389,1433,-44
118000121,87,525,-438
118000122,972,197,775
118000123,31,266,-235
118000125,1535,937,598
118000126,498,1306,-808
118000127,1348,569,779
118000128,600,990,-390
118000129,800,316,484
118000130,2456,3553,-1097
118000131,728,1072,-344
118000132,1808,1374,434
118000133,426,411,15
118000135,376,257,119
118000136,80,487,-407
118000137,462,85,377
118000138,220,817,-597
118000139,144,66,78
118000140,1681,2383,-702
118000141,1319,1797,-478
118000142,954,1779,-825
118000143,991,881,110
118000144,1204,821,383
118000145,1041,2442,-1401
118000146,797,1128,-331
118000147,550,1587,-1037
118000148,278,1335,-1057
118000149,567,1159,-592
118000150,192,321,-129
118000151,180,433,-253
118000153,543,1078,-535
118000154,602,1372,-770
118000155,617,1162,-545
118000156,1954,1857,97
118000157,287,299,-12
118000158,133,444,-311
118000159,19,64,-45
118000160,355,361,-6
118000161,242,698,-456
118000162,575,656,-81
118000163,379,561,-182
118000164,1822,1107,715
118000168,973,149,824
118000169,720,1532,-812
118000170,3259,5840,-2581
118000171,161,604,-443
118000172,97,273,-176
118000173,628,963,-335
118000175,157,234,-77
118000176,150,318,-168
118000177,150,383,-233
118000178,86,29,57
118000179,1114,539,575
118000180,528,564,-36
118000181,656,249,407
118000182,238,186,52
118000183,197,194,3
118000184,394,732,-338
118000185,628,573,55
118000186,414,690,-276
118000187,616,735,-119
118000188,283,208,75
118000189,164,845,-681
118000190,9,6,3
118000191,13,28,-15
118000192,244,186,58
118000193,90,234,-144
118000194,1548,872,676
118000195,743,505,238
118000196,335,97,238
118000197,204,77,127
118000198,544,370,174
118000199,617,281,336
118000200,71,164,-93
118000201,533,285,248
118000202,37,33,4
118000203,1382,272,1110
118000204,183,195,-12
118000205,295,257,38
118000206,153,162,-9
118000207,1,123,-122
118000208,689,1330,-641
118000209,1083,1804,-721
118000210,30,25,5
118000211,25,28,-3
118000213,704,906,-202
118000214,623,304,319
118000215,171,330,-159
118000216,935,2673,-1738
118000217,15,89,-74
118000218,22,85,-63
118000219,371,262,109
118000220,3,22,-19
118000221,54,250,-196
118000222,36,39,-3
118000223,17,36,-19
118000224,179,58,121
118000225,127,954,-827
118000226,651,82,569
118000227,836,296,540
118000228,102,104,-2
118000229,259,28,231
118000230,77,222,-145
118000231,43,203,-160
118000232,450,1076,-626
118000233,506,664,-158
118000234,117,237,-120
118000236,190,424,-234
118000237,39,641,-602
118000238,110,255,-145
118000239,189,244,-55
118000240,578,67,511
118000241,98,172,-74
118000242,193,585,-392
118000243,79,181,-102
118000244,15,212,-197
118000246,0,4,-4
118000255,49,216,-167
118000256,131,284,-153
118000259,4,36,-32
118000260,62,94,-32
118000261,17,72,-55
118000263,61,190,-129
118000266,80,353,-273
118000267,0,67,-67
118000268,199,4,195
118000270,50,37,13
118000271,175,274,-99
118000272,47,10,37
118000273,51,63,-12
118000274,91,303,-212
118000276,188,245,-57
118000295,4,62,-58
118000298,112,399,-287
118000299,86,207,-121
118000301,1,54,-53
118000302,46,65,-19
118000311,127,141,-14
118000312,234,188,46
118000313,11,118,-107
118000314,43,68,-25
118000315,8,87,-79
118000316,313,480,-167
118000325,9,59,-50
118000326,22,35,-13
118000331,9,47,-38
118000332,6,54,-48
118000333,30,46,-16
118000335,101,0,101
118000336,1,398,-397
118000407,45,47,-2
118000457,4,38,-34
118000465,4263,2362,1901
118000480,30,104,-74
118000489,75,131,-56
118000490,157,447,-290
118000492,184,166,18
118000510,57,6,51
118000514,100,292,-192
118000515,489,379,110
118000517,340,174,166
118000524,697,183,514
118000525,625,737,-112
118000530,9,84,-75
118000531,103,221,-118
118000532,129,241,-112
118000533,301,112,189
118000534,446,278,168
118000535,125,88,37
118000536,801,485,316
118000537,16,71,-55
118000538,12,70,-58
118000539,1,33,-32
118000540,182,171,11
118000541,117,84,33
118000542,79,136,-57
118000543,132,132,0
118000546,38,24,14
118000553,0,2,-2
118000557,0,0,0
118000560,3296,861,2435
118000562,17,337,-320
118000563,1488,1155,333
118000576,147,185,-38
118000577,144,155,-11
118000578,162,122,40
118000579,647,882,-235
118000583,0,1,-1
118000595,85,54,31
118000596,0,52,-52
118000597,91,130,-39
118000598,5,0,5
118000599,45,50,-5
118000600,4,9,-5
118000601,1,0,1
118000602,0,5,-5
118000603,0,33,-33
118000605,38,682,-644
118900001,1043,596,447
118900002,961,460,501
118900003,103,3,100
118900004,19,36,-17
118900005,49,2,47
118900006,56,3,53
118900007,1,2,-1
118900008,944,70,874
118900009,12,9,3
118900010,42,1,41
118900011,81,12,69
118900012,229,199,30
118900013,562,22,540
118900015,44,16,28
118900016,8,13,-5
118900017,122,188,-66
118900018,1087,11,1076
118900019,47,5,42
118900020,137,85,52
118900021,104,297,-193
118900022,57,92,-35
118900023,54,106,-52
118900024,47,149,-102
118900025,34,11,23
118900026,33,76,-43
118900027,340,210,130
118900028,51,133,-82
118900029,95,456,-361
118900030,99,63,36
118900031,62,90,-28
118900032,59,218,-159
118900033,217,684,-467
118900034,56,14,42
118900035,81,268,-187
118900036,572,561,11
118900037,167,300,-133
118900038,156,306,-150
118900039,161,248,-87
118900040,117,137,-20
118900041,177,191,-14
118900042,96,74,22
118900045,225,135,90
118900046,682,146,536
118900047,646,162,484
118900048,106,158,-52
118900049,39,32,7
118900050,5,118,-113
118900051,71,33,38
118900052,105,253,-148
118900053,21,63,-42
118900054,45,105,-60
118900055,20,130,-110
118900056,87,158,-71
118900057,261,242,19
118900058,203,431,-228
118900059,27,78,-51
118900060,30,145,-115
118900062,74,210,-136
118900064,633,306,327
118900065,27,143,-116
118900066,43,107,-64
118900067,5209,1962,3247
118900068,0,127,-127
118900069,166,209,-43
118900071,1,49,-48
118900072,286,352,-66
118900073,39,108,-69
118900074,51,196,-145
118900075,8,46,-38
118900076,126,93,33
118900077,113,171,-58
118900078,14,2,12
118900079,48,168,-120
118900080,16,84,-68
118900081,37,28,9
118900082,357,144,213
118900083,9,18,-9
118900084,14,14,0
118900085,413,876,-463
118900086,11,53,-42
118900087,22,126,-104
118900088,0,12,-12
118900089,26,9,17
118900090,271,371,-100
118900091,125,132,-7
118900092,42,74,-32
118900093,88,6,82
118900096,58,65,-7
118900097,117,652,-535
118900099,35,275,-240
118900100,99,196,-97
118900101,24,434,-410
118900102,14,53,-39
118900103,21,36,-15
118900104,52,136,-84
118900105,105,87,18
118900107,89,64,25
118900108,43,71,-28
118900110,1580,418,1162
118900111,189,678,-489
118900112,37,96,-59
118900113,51,543,-492
118900114,12,85,-73
118900115,42,254,-212
118900116,73,118,-45
118900117,45,155,-110
118900118,153,353,-200
118900119,51,250,-199
118900120,59,228,-169
118900121,8,238,-230
118900122,4,400,-396
118900123,82,151,-69
118900124,29,123,-94
118900126,18,210,-192
118900129,172,116,56
118900130,44,104,-60
118900131,71,224,-153
118900132,193,157,36
118900133,18,62,-44
118900135,89,208,-119
118900136,141,687,-546
118900137,1,15,-14
118900139,93,616,-523
118900140,282,703,-421
118900141,32,278,-246
118900144,91,574,-483
118900145,29,184,-155
118900146,159,754,-595
118900147,160,107,53
118900148,13,46,-33
118900150,120,355,-235
118900152,419,870,-451
118900157,129,124,5
118900158,60,103,-43
118900159,0,196,-196
118900161,82,1,81
118900163,193,51,142
118900164,5,79,-74
118900165,14,170,-156
118900166,54,5,49
118900167,51,109,-58
118900168,0,52,-52
118900169,92,343,-251
118900170,20,101,-81
118900171,12,9,3
118900174,30,40,-10
118900175,165,288,-123
118900176,60,153,-93
118900177,17,56,-39
118900178,27,73,-46
118900179,0,37,-37
118900181,73,87,-14
118900182,39,31,8
118900183,19,49,-30
118900184,102,26,76
118900185,26,105,-79
118900186,45,61,-16
118900187,150,291,-141
118900188,101,207,-106
118900189,14,405,-391
118900190,7,581,-574
118900191,91,48,43
118900192,76,22,54
118900193,171,5,166
118900195,290,816,-526
118900196,14,112,-98
118900197,56,73,-17
118900198,6,49,-43
118900199,12,60,-48
118900200,8,4,4
118900201,12,11,1
118900202,3,60,-57
118900203,2,45,-43
118900204,4,26,-22
118900205,4,20,-16
118900206,1,41,-40
119000001,743,1035,-292
119000002,1626,2354,-728
119000003,935,1416,-481
119000004,1096,1170,-74
119000005,1210,1448,-238
119000006,1242,1349,-107
119000007,1943,2384,-441
119000008,1110,2078,-968
119000009,2682,2120,562
119000010,7399,3276,4123
119000011,4491,1672,2819
119000012,4112,2623,1489
119000013,1803,1096,707
119000014,1914,3129,-1215
119000019,163,127,36
119000020,931,1148,-217
119000021,1826,1423,403
119000022,2611,1122,1489
119000023,197,156,41
119000024,1825,5071,-3246
119000025,10665,1148,9517
119000026,264,247,17
119000027,402,303,99
119000028,1832,1015,817
119000029,114,254,-140
119000030,328,1027,-699
119000031,506,766,-260
119000032,1817,2050,-233
119000033,1422,1513,-91
119000034,756,1167,-411
119000035,29,468,-439
119000036,712,1103,-391
119000037,830,2440,-1610
119000038,73,1347,-1274
119000039,120,272,-152
119000040,840,352,488
119000041,741,901,-160
119000048,3334,4056,-722
119000049,1133,3646,-2513
119000050,1351,2344,-993
119000051,1236,843,393
119000052,1772,2843,-1071
119000053,1336,1066,270
119000054,2064,3865,-1801
119000055,2041,3280,-1239
119000056,1414,1866,-452
119000057,1167,2517,-1350
119000058,1351,2247,-896
119000059,721,1514,-793
119000060,841,769,72
119000061,675,808,-133
119000062,819,1122,-303
119000063,234,306,-72
119000064,1241,1591,-350
119000065,1462,2778,-1316
119000066,1096,816,280
119000067,1538,2667,-1129
119000068,936,957,-21
119000069,1074,2350,-1276
119000070,1254,1081,173
119000071,420,891,-471
119000072,5941,3374,2567
119000073,4024,4618,-594
119000074,620,3767,-3147
119000075,677,2315,-1638
119000076,355,794,-439
119000077,418,413,5
119000078,200,317,-117
119000079,56,767,-711
119000080,200,194,6
119000081,112,306,-194
119000082,301,209,92
119000083,263,294,-31
119000084,241,524,-283
119000085,477,309,168
119000086,249,305,-56
119000087,1631,1124,507
119000088,224,235,-11
119000089,41,137,-96
119000090,154,175,-21
119000091,130,212,-82
119000092,601,203,398
119000093,3804,3612,192
119000094,1588,5146,-3558
119000095,865,2800,-1935
119000097,2399,1627,772
119000098,483,1288,-805
119000099,1802,1606,196
119000100,1847,1913,-66
119000101,1793,1971,-178
119000102,571,631,-60
119000103,1080,534,546
119000104,2972,1394,1578
119000105,540,892,-352
119000106,215,1959,-1744
119000107,354,427,-73
119000108,185,1428,-1243
119000109,61,275,-214
119000110,306,316,-10
119000111,18,415,-397
119000112,106,97,9
119000113,2292,252,2040
119000114,518,476,42
119000115,141,191,-50
119000116,54,93,-39
119000117,49,289,-240
119000118,1,0,1
119000123,2352,544,1808
119000124,255,244,11
119000125,1552,1204,348
119000126,357,1120,-763
119000127,257,914,-657
119000128,23,3,20
119000131,521,1047,-526
119000132,2,3,-1
119000133,0,4,-4
119000134,2392,472,1920
119000135,57,211,-154
119000136,103,302,-199
119000137,96,676,-580
119000138,129,493,-364
119000139,141,304,-163
119000140,91,266,-175
119000284,1358,3055,-1697
119000285,2321,2185,136
119000286,6734,4958,1776
119000287,1136,2028,-892
119000288,1474,1799,-325
119000289,2279,3746,-1467
119000290,146,520,-374
119000291,3,396,-393
119000293,61,117,-56
119000294,31,41,-10
119000295,2065,493,1572
119000296,132,97,35
119000297,0,0,0
119000299,0,0,0
119000302,3988,1313,2675
119000303,18,125,-107
119000314,1271,4923,-3652
119000315,1,749,-748
119000316,36,146,-110
119000317,54,540,-486
119900001,130,721,-591
119900002,58,279,-221
119900003,23,1197,-1174
119900004,323,331,-8
119900005,61,157,-96
119900006,135,324,-189
119900007,500,71,429
119900008,12,25,-13
119900009,329,481,-152
119900010,540,866,-326
119900011,14,38,-24
119900012,10,31,-21
119900013,1258,467,791
119900014,378,160,218
119900015,81,11,70
119900016,19,83,-64
119900017,12,38,-26
119900018,1483,221,1262
119900019,32,0,32
119900020,47,118,-71
119900021,39,43,-4
119900022,121,217,-96
119900023,751,514,237
119900025,95,34,61
119900026,797,70,727
119900027,18,23,-5
119900028,162,56,106
119900029,1,8,-7
119900030,289,392,-103
119900031,17,184,-167
119900033,1535,123,1412
119900034,110,132,-22
119900037,76,25,51
119900038,11,126,-115
119900039,36,6,30
119900040,58,17,41
119900041,40,28,12
119900042,29,131,-102
119900043,17,163,-146
119900044,156,267,-111
119900046,22,70,-48
119900047,116,67,49
119900048,54,57,-3
119900049,38,7,31
119900050,27,45,-18
119900051,360,9,351
119900052,12,32,-20
119900053,43,173,-130
119900054,41,7,34
119900055,609,288,321
119900057,58,90,-32
119900058,92,1,91
119900059,72,62,10
119900060,92,3,89
119900061,90,1,89
119900062,20,20,0
119900063,5,27,-22
119900065,106,2,104
119900067,25,17,8
119900068,163,3,160
119900069,51,10,41
119900070,341,5,336
119900071,224,6,218
119900073,1460,376,1084
119900074,15,8,7
119900075,5926,1741,4185
119900076,183,611,-428
119900077,339,1418,-1079
119900078,242,883,-641
119900079,513,348,165
119900080,167,293,-126
119900081,138,200,-62
119900082,592,434,158
119900083,298,59,239
119900084,515,149,366
119900085,129,54,75
119900086,218,1245,-1027
119900087,245,170,75
119900088,30,43,-13
119900089,13,646,-633
119900090,208,58,150
119900091,35,1209,-1174
119900092,12,357,-345
119900093,545,101,444
119900094,37,200,-163
119900095,146,64,82
119900096,25,100,-75
119900097,427,158,269
119900098,10,35,-25
119900099,65,269,-204
119900100,2880,1462,1418
119900101,156,793,-637
119900102,19,332,-313
119900103,15,538,-523
119900104,10,276,-266
119900105,382,806,-424
119900106,7,270,-263
119900107,330,3700,-3370
119900108,1657,637,1020
119900109,13,212,-199
119900110,378,645,-267
119900111,31,417,-386
119900112,2845,384,2461
119900113,67,516,-449
119900114,149,1716,-1567
119900115,86,1449,-1363
119900116,119,265,-146
119900117,99,860,-761
119900118,15,1317,-1302
119900119,86,258,-172
119900120,480,623,-143
119900121,146,1442,-1296
119900122,278,391,-113
119900123,143,218,-75
119900124,80,1004,-924
119900125,58,458,-400
119900126,4930,224,4706
119900127,2798,859,1939
119900128,204,737,-533
119900129,72,759,-687
119900130,48,245,-197
119900131,12,386,-374
119900132,4,414,-410
119900133,7,39,-32
119900134,2252,273,1979
119900135,2,554,-552
119900136,156,603,-447
119900138,350,682,-332
119900139,1,59,-58
119900140,3,189,-186
119900141,141,370,-229
119900142,1,9,-8
119900143,13,258,-245
119900144,2322,242,2080
119900145,53,225,-172
119900146,120,142,-22
119900147,1,115,-114
119900148,62,33,29
119900149,1672,1678,-6
119900150,154,174,-20
119900151,1194,650,544
119900152,36,438,-402
119900153,47,60,-13
119900154,11,811,-800
119900155,9,19,-10
119900156,15,7,8
119900157,31,269,-238
119900158,44,37,7
119900159,6,2181,-2175
119900160,8,216,-208
119900161,126,249,-123
119900162,590,574,16
119900163,182,75,107
119900164,0,4,-4
119900165,48,279,-231
119900166,32,22,10
119900167,89,106,-17
119900168,279,367,-88
119900169,125,231,-106
119900170,112,128,-16
119900171,396,538,-142
119900172,77,16,61
119900173,12,674,-662
119900174,44,286,-242
119900175,539,596,-57
119900177,12,298,-286
119900178,50,247,-197
119900179,43,170,-127
119900180,595,607,-12
119900181,40,30,10
119900182,6,484,-478
119900183,109,989,-880
119900184,2786,502,2284
119900185,9,76,-67
119900186,39,318,-279
119900187,5,643,-638
119900188,21,350,-329
119900189,367,220,147
119900190,44,103,-59
119900191,233,75,158
119900192,16,220,-204
119900193,140,212,-72
119900194,11,20,-9
119900195,9,196,-187
119900196,1670,372,1298
119900197,68,76,-8
119900198,29,438,-409
119900199,109,13,96
119900200,233,455,-222
119900201,376,147,229
119900202,158,78,80
119900203,78,274,-196
119900204,91,284,-193
119900205,245,690,-445
119900206,60,146,-86
119900208,67,84,-17
119900209,255,595,-340
119900210,27,47,-20
119900211,64,16,48
119900212,104,266,-162
119900213,4,41,-37
119900214,9,127,-118
119900215,22,96,-74
119900216,4,80,-76
119900217,11,118,-107
119900218,12,76,-64
119900219,6,188,-182
119900220,1,176,-175
119900221,13,506,-493
119900222,13,365,-352
119900223,18,132,-114
119900224,20,35,-15
119900225,1475,27,1448
119900226,938,978,-40
119900227,1339,303,1036
119900228,5,254,-249
119900229,226,394,-168
119900230,1223,525,698
119900231,87,198,-111
119900232,160,67,93
119900233,14,7,7
119900234,16,26,-10
119900235,8,16,-8
119900236,12,180,-168
119900237,12,404,-392
119900238,5,88,-83
119900240,41,174,-133
119900241,155,241,-86
119900242,1361,990,371
119900244,625,962,-337
119900245,32,112,-80
119900246,189,264,-75
119900247,22,44,-22
119900248,36,40,-4
119900249,109,69,40
119900253,4055,256,3799
119900254,38,241,-203
119900255,34,448,-414
119900256,139,1354,-1215
119900257,29,13,16
119900258,37,63,-26
119900259,2,211,-209
119900260,57,7,50
119900261,95,187,-92
119900262,3,346,-343
119900263,799,380,419
119900264,39,262,-223
119900265,115,299,-184
119900266,107,281,-174
119900267,69,320,-251
119900268,68,244,-176
119900269,313,1197,-884
119900271,24,71,-47
119900272,93,32,61
119900275,46,2,44
119900276,22,0,22
119900277,7,6,1
119900278,201,80,121
119900279,124,86,38
119900280,1003,198,805
119900281,2,72,-70
119900282,41,14,27
119900283,7,374,-367
119900284,46,129,-83
119900285,15,72,-57
119900286,6,10,-4
119900288,0,56,-56
119900289,0,48,-48
119900290,1,28,-27
119900291,2,18,-16
119900292,24,12,12
119900293,14,71,-57
119900294,28,94,-66
119900295,9,70,-61
119900296,13,315,-302
119900297,0,24,-24
119900298,3,14,-11
119900299,8,208,-200
119900300,84,165,-81
119900301,11,12,-1
119900302,9,43,-34
119900303,84,166,-82
119900304,35,28,7
119900305,23,88,-65
119900306,15,3,12
119900307,11,133,-122
119900308,2,17,-15
119900309,11,42,-31
119900310,186,287,-101
119900311,9,172,-163
119900312,23,83,-60
119900313,128,349,-221
119900314,88,237,-149
119900315,404,2522,-2118
119900318,1,8,-7
119900319,7,377,-370
119900320,35,802,-767
119900321,37,1,36
120000001,6797,8102,-1305
120000002,1909,3450,-1541
120000003,3591,2100,1491
120000004,2812,2687,125
120000005,4703,2149,2554
120000006,1134,1433,-299
120000007,3393,2350,1043
120000008,967,1402,-435
120000009,4924,1020,3904
120000010,1392,3070,-1678
120000011,1103,2119,-1016
120000012,1384,3152,-1768
120000013,2079,2963,-884
120000014,432,1478,-1046
120000015,2100,1541,559
120000016,2576,2422,154
120000017,1591,1791,-200
120000018,4696,7365,-2669
120000019,788,1062,-274
120000020,2772,2309,463
120000021,1858,1756,102
120000022,2655,3308,-653
120000023,798,1672,-874
120000024,1342,2253,-911
120000025,1749,2281,-532
120000026,793,2003,-1210
120000027,1231,1749,-518
120000028,448,312,136
120000029,2157,407,1750
120000030,115,656,-541
120000031,1508,4872,-3364
120000032,9536,3231,6305
120000033,2531,1705,826
120000034,1127,2238,-1111
120000035,1209,2539,-1330
120000036,1979,3929,-1950
120000037,638,913,-275
120000038,10372,3156,7216
120000039,433,1018,-585
120000040,50,123,-73
120000041,496,1995,-1499
120000042,1212,4593,-3381
120000043,3735,2832,903
120000044,2802,1241,1561
120000045,2952,951,2001
120000046,1365,1614,-249
120000047,1920,2702,-782
120000048,7773,3285,4488
120000049,3318,2816,502
120000050,2740,4804,-2064
120000051,3367,4181,-814
120000052,14617,2762,11855
120000053,955,4834,-3879
120000054,1243,7039,-5796
120000055,1195,5027,-3832
120000056,2652,4984,-2332
120000057,1316,789,527
120000058,513,242,271
120000059,67,1084,-1017
120000061,83,775,-692
120000062,136,259,-123
120000063,2046,3315,-1269
120000064,205,1555,-1350
120000065,305,2022,-1717
120000066,105,485,-380
120000067,30,658,-628
120000068,84,1400,-1316
120000069,486,1823,-1337
120000070,33,1163,-1130
120000071,158,200,-42
120000072,242,544,-302
120000073,272,105,167
120000074,32,56,-24
120000075,291,233,58
120000076,813,361,452
120000077,941,524,417
120000078,2736,697,2039
120000079,160,634,-474
120000080,139,256,-117
120000081,127,175,-48
120000082,160,272,-112
120000083,112,405,-293
120000084,426,492,-66
120000085,262,412,-150
120000086,261,796,-535
120000087,131,1312,-1181
120000088,582,1602,-1020
120000089,684,679,5
120000090,342,501,-159
120000091,508,864,-356
120000092,719,622,97
120000093,231,465,-234
120000094,102,368,-266
120000095,658,668,-10
120000096,160,1211,-1051
120000098,504,1120,-616
120000099,174,784,-610
120000100,473,940,-467
120000101,280,514,-234
120000102,246,500,-254
120000103,781,404,377
120000104,1145,267,878
120000105,1362,371,991
120000106,1088,401,687
120000107,1709,439,1270
120000108,569,92,477
120000109,567,45,522
120000110,76,1079,-1003
120000111,104,1524,-1420
120000112,616,4844,-4228
120000113,586,3357,-2771
120000114,773,3152,-2379
120000115,313,2634,-2321
120000116,532,2454,-1922
120000117,1288,1722,-434
120000118,38,53,-15
120000119,41,64,-23
120000120,23,66,-43
120000121,40,67,-27
120000122,289,256,33
120000123,6649,3470,3179
120000124,273,499,-226
120000125,272,637,-365
120000126,281,697,-416
120000127,2522,631,1891
120000128,5260,1866,3394
120000129,277,269,8
120000130,601,731,-130
120000131,200,480,-280
120000134,256,1623,-1367
120000135,152,288,-136
120000137,95,2476,-2381
120000138,231,481,-250
120000139,110,1193,-1083
120000140,253,646,-393
120000141,129,594,-465
120000142,202,636,-434
120000143,1,123,-122
120000144,29,0,29
120000145,116,8,108
120000146,2107,1101,1006
120000149,421,862,-441
120000150,4934,7082,-2148
120000151,343,510,-167
120000152,210,239,-29
120000153,130,823,-693
120000154,449,375,74
120000155,68,268,-200
120000156,1644,498,1146
120000157,777,621,156
120000158,602,951,-349
120000159,1519,2512,-993
120000160,1797,1249,548
120000161,964,2710,-1746
120000162,79,270,-191
120000163,283,1902,-1619
120000164,256,587,-331
120000165,216,1064,-848
120000166,499,694,-195
120000167,17,26,-9
120000168,2,66,-64
120000169,89,231,-142
120000170,92,153,-61
120000171,9,39,-30
120000172,20,19,1
120000173,2196,158,2038
120000174,485,10,475
120000175,571,10,561
120000176,282,58,224
120000177,1243,278,965
120000178,64,5,59
120000179,362,12,350
120000180,481,18,463
120000181,87,105,-18
120000182,74,61,13
120000183,6,139,-133
120000184,106,1066,-960
120000186,72,82,-10
120000187,113,38,75
120000188,212,46,166
120000190,1050,15,1035
120000191,1817,13,1804
120000192,2241,11,2230
120000193,775,1,774
120000195,106,2,104
120000196,168,29,139
120000197,73,114,-41
120000198,88,169,-81
120000199,31,2,29
120000200,45,0,45
120000201,6,15,-9
120000202,2,64,-62
120000203,17,364,-347
120000207,3,99,-96
120000208,9,321,-312
120000209,4,157,-153
120000210,149,79,70
120000211,44,1,43
120000212,57,1,56
120000213,91,518,-427
120000214,3,564,-561
120000215,2,179,-177
120000216,30,6,24
120000217,846,1453,-607
120000218,309,1435,-1126
120000219,12,896,-884
120000220,7,3314,-3307
120000225,503,1,502
120000226,133,1,132
120000227,495,25,470
120000228,7547,1793,5754
120000230,146,17,129
120000231,511,2447,-1936
120000233,124,22,102
120000235,105,883,-778
120000236,476,3,473
120000237,7,2522,-2515
120000238,0,102,-102
120000241,1079,3062,-1983
120000412,1815,14,1801
120000413,112,529,-417
120000414,52,3,49
120000415,0,218,-218
120000416,24,22,2
120000417,3,126,-123
120000418,73,17,56
120000419,7,583,-576
120000420,91,31,60
120000421,14671,6223,8448
120000422,225,395,-170
120000423,0,34,-34
120000424,35,184,-149
120000436,130,354,-224
120000437,182,216,-34
120000438,5120,428,4692
120000439,169,232,-63
120000443,94,0,94
120000444,642,677,-35
120000445,1299,1146,153
120000446,1058,344,714
120000447,75,1,74
120000449,62,11,51
120000450,7,482,-475
120000451,86,280,-194
120000452,46,3,43
120000453,0,468,-468
120000454,59,27,32
120000455,49,37,12
120000456,2907,2348,559
120000457,1289,904,385
120000458,511,796,-285
120000459,39,89,-50
120000665,849,119,730
120000668,74,122,-48
120000669,77,489,-412
120000670,216,385,-169
120000671,607,276,331
120000672,102,541,-439
120900001,69,31,38
120900002,340,215,125
120900003,107,13,94
120900004,6,43,-37
120900005,15,1433,-1418
120900006,125,197,-72
120900007,77,166,-89
120900008,149,1427,-1278
120900009,300,44,256
120900010,150,53,97
120900011,372,128,244
120900012,1082,768,314
120900013,222,34,188
120900014,83,893,-810
120900015,240,73,167
120900016,395,49,346
120900017,3656,121,3535
120900018,42,517,-475
120900019,375,93,282
120900020,667,654,13
120900021,334,78,256
120900022,27,402,-375
120900023,96,54,42
120900024,1425,437,988
120900025,2300,881,1419
120900026,66,161,-95
120900027,569,62,507
120900028,131,44,87
120900029,129,201,-72
120900030,581,510,71
120900031,111,37,74
120900032,401,189,212
120900033,515,37,478
120900034,38,1506,-1468
120900035,34,88,-54
120900037,71,4,67
120900038,42,115,-73
120900039,43,17,26
120900040,109,1,108
120900041,115,25,90
120900042,158,79,79
120900043,22,12,10
120900044,8,445,-437
120900045,102,115,-13
120900046,196,13,183
120900047,67,32,35
120900048,41,18,23
120900049,172,3,169
120900050,4155,961,3194
120900051,165,121,44
120900052,272,5,267
120900053,90,55,35
120900054,1431,858,573
120900055,138,2,136
120900056,190,8,182
120900057,63,13,50
120900058,262,0,262
120900059,37,3,34
120900060,26,27,-1
120900061,196,351,-155
120900062,60,0,60
120900063,228,1,227
120900064,163,1,162
120900065,151,0,151
120900066,153,304,-151
120900067,143,23,120
120900068,56,1,55
120900069,99,64,35
120900071,10,0,10
120900072,289,3,286
120900073,200,226,-26
120900074,172,5,167
120900076,133,1,132
120900077,3619,178,3441
120900078,335,635,-300
120900079,235,76,159
120900080,363,3167,-2804
120900081,467,1606,-1139
120900082,640,241,399
120900083,32,0,32
120900084,148,267,-119
120900085,115,134,-19
120900086,157,195,-38
120900087,210,88,122
120900088,91,222,-131
120900089,5183,1233,3950
120900090,65,239,-174
120900091,395,295,100
120900092,940,752,188
120900093,4568,275,4293
120900094,604,194,410
120900095,171,28,143
120900096,18,124,-106
120900097,569,1147,-578
120900098,212,190,22
120900099,35,71,-36
120900100,55,438,-383
120900101,555,367,188
120900102,15,109,-94
120900103,23,144,-121
120900104,19,55,-36
120900105,24,981,-957
120900106,1376,604,772
120900107,411,146,265
120900108,1,1199,-1198
120900109,33,907,-874
120900110,4,576,-572
120900111,126,437,-311
120900112,4,1687,-1683
120900113,30,1289,-1259
120900114,25,197,-172
120900115,135,196,-61
120900116,104,769,-665
120900117,3,675,-672
120900118,12,1255,-1243
120900119,3298,3074,224
120900120,26,836,-810
120900121,63,481,-418
120900122,149,796,-647
120900123,1,725,-724
120900124,3,989,-986
120900125,7,1199,-1192
120900126,1515,923,592
120900127,3,658,-655
120900128,903,1031,-128
120900129,38,448,-410
120900130,4,765,-761
120900131,21,40,-19
120900132,378,367,11
120900133,163,1271,-1108
120900134,493,502,-9
120900135,5,896,-891
120900136,19,28,-9
120900137,72,84,-12
120900138,11,259,-248
120900139,3,1020,-1017
120900140,0,63,-63
120900141,58,70,-12
120900142,29,1094,-1065
120900143,4,1186,-1182
120900144,1,279,-278
120900145,39,1087,-1048
120900146,1,1288,-1287
120900147,2,409,-407
120900148,54,156,-102
120900149,2,455,-453
120900150,14,724,-710
120900151,2,1027,-1025
120900152,0,76,-76
120900153,5,52,-47
120900154,0,364,-364
120900155,96,1311,-1215
120900156,36,529,-493
120900157,10,206,-196
120900158,32,591,-559
120900159,41,592,-551
120900160,30,465,-435
120900161,13,939,-926
120900162,22,907,-885
120900163,11,116,-105
120900164,3,3,0
120900165,5,6,-1
120900166,38,102,-64
120900167,203,69,134
120900169,26,657,-631
120900170,2596,1223,1373
120900171,1235,459,776
120900172,1211,124,1087
120900173,0,59,-59
120900174,5,119,-114
120900175,250,198,52
120900176,10,215,-205
120900177,0,393,-393
120900178,0,214,-214
120900179,1067,399,668
120900180,101,85,16
120900181,36,63,-27
120900182,4,445,-441
120900183,464,60,404
120900184,187,60,127
120900185,3,385,-382
120900186,3,688,-685
120900187,197,559,-362
120900188,47,12,35
120900189,115,363,-248
120900190,15,12,3
120900191,1,26,-25
120900192,14156,2578,11578
120900194,15,70,-55
120900195,83,263,-180
120900196,346,43,303
120900197,303,43,260
120900198,179,743,-564
120900199,148,207,-59
120900200,140,109,31
120900201,676,132,544
120900202,1,221,-220
120900203,19,53,-34
120900204,227,414,-187
120900205,55,100,-45
120900206,2,12,-10
120900207,55,1392,-1337
121000001,994,1045,-51
121000002,1905,1143,762
121000003,3968,1888,2080
121000004,2273,3093,-820
121000005,1925,2369,-444
121000006,2378,967,1411
121000007,2665,2677,-12
121000008,4540,2465,2075
121000009,6085,4590,1495
121000010,8048,3203,4845
121000011,8873,9700,-827
121000012,13278,6472,6806
121000013,4468,6279,-1811
121000014,5929,5352,577
121000015,3987,5230,-1243
121000016,4283,2999,1284
121000017,1476,3253,-1777
121000018,1748,1556,192
121000019,20357,7916,12441
121000020,13069,7070,5999
121000021,2667,2884,-217
121000022,1262,1496,-234
121000023,3756,2853,903
121000024,2303,2513,-210
121000025,508,811,-303
121000026,222,108,114
121000027,1167,879,288
121000028,561,396,165
121000029,664,576,88
121000030,375,352,23
121000031,427,504,-77
121000032,178,40,138
121000034,188,119,69
121000035,73,82,-9
121000036,1065,718,347
121000037,506,510,-4
121000038,487,497,-10
121000039,263,245,18
121000041,312,411,-99
121000042,204,268,-64
121000043,631,538,93
121000044,1472,503,969
121000045,221,273,-52
121000046,242,659,-417
121000047,16,66,-50
121000049,1575,579,996
121000050,235,985,-750
121000051,514,275,239
121000052,188,474,-286
121000053,316,57,259
121000054,40,171,-131
121000055,1202,886,316
121000056,755,879,-124
121000057,99,236,-137
121000058,382,98,284
121000059,1729,772,957
121000060,319,815,-496
121000061,92,134,-42
121000062,96,242,-146
121000063,505,373,132
121000064,531,627,-96
121000065,372,314,58
121000066,475,404,71
121000067,881,308,573
121000068,412,215,197
121000069,257,266,-9
121000070,1458,1075,383
121000071,822,713,109
121000072,999,587,412
121000073,666,569,97
121000074,81,121,-40
121000075,35,52,-17
121000076,896,265,631
121000077,98,79,19
121000078,72,102,-30
121000080,2428,581,1847
121000081,2092,1797,295
121000082,136,186,-50
121000083,202,98,104
121000084,160,103,57
121000085,271,353,-82
121000086,108,847,-739
121000087,43,217,-174
121000088,307,536,-229
121000089,441,216,225
121000090,242,310,-68
121000091,1568,643,925
121000092,125,93,32
121000093,111,187,-76
121000094,427,433,-6
121000095,267,422,-155
121000096,1960,2100,-140
121000097,1108,1522,-414
121000098,385,1359,-974
121000099,298,833,-535
121000100,524,611,-87
121000101,123,271,-148
121000102,74,356,-282
121000103,66,338,-272
121000104,92,156,-64
121000105,209,278,-69
121000106,130,400,-270
121000107,1945,3550,-1605
121000109,1267,1046,221
121000110,347,523,-176
121000114,2169,2184,-15
121000115,570,814,-244
121000116,434,758,-324
121000117,1005,218,787
121000118,1037,215,822
121000119,192,263,-71
121000120,158,443,-285
121000121,316,771,-455
121000123,1082,508,574
121000127,84,94,-10
121000128,591,515,76
121000129,320,436,-116
121000130,309,998,-689
121000131,1802,1200,602
121000132,1318,1103,215
121000135,309,163,146
121000136,717,483,234
121000137,488,167,321
121000138,805,627,178
121000139,391,86,305
121000141,152,93,59
121000142,661,479,182
121000143,182,16,166
121000144,1219,733,486
121000145,409,1147,-738
121000146,803,670,133
121000147,494,366,128
121000148,561,958,-397
121000149,1562,960,602
121000152,305,414,-109
121000153,1343,470,873
121000154,587,432,155
121000155,875,923,-48
121000156,317,865,-548
121000157,1302,1791,-489
121000158,327,558,-231
121000159,110,615,-505
121000160,197,699,-502
121000161,62,349,-287
121000162,38,309,-271
121000165,1495,1485,10
121000166,27,441,-414
121000168,172,239,-67
121000169,45,152,-107
121000170,132,55,77
121000171,36,159,-123
121000172,412,433,-21
121000173,922,741,181
121000174,144,372,-228
121000175,436,472,-36
121000176,263,252,11
121000177,543,578,-35
121000178,82,51,31
121000179,123,70,53
121000181,383,317,66
121000182,92,120,-28
121000183,23,72,-49
121000184,49,52,-3
121000185,10,130,-120
121000186,90,249,-159
121000187,124,309,-185
121000188,35,220,-185
121000192,435,270,165
121000193,421,347,74
121000194,2397,1833,564
121000195,281,865,-584
121000196,770,197,573
121000197,244,647,-403
121000198,195,49,146
121000199,70,432,-362
121000200,232,63,169
121000201,4,206,-202
121000202,443,73,370
121000203,569,2381,-1812
121000204,1528,499,1029
121000205,135,260,-125
121000206,103,38,65
121000207,1250,421,829
121000208,10,349,-339
121000209,130,456,-326
121000210,210,603,-393
121000211,124,104,20
121000212,174,824,-650
121000213,8053,2109,5944
121000214,751,1627,-876
121000215,1014,622,392
121000216,321,429,-108
121000217,3701,2077,1624
121000218,503,1667,-1164
121000219,1141,311,830
121000220,377,65,312
121000221,123,192,-69
121000222,2647,2240,407
121000223,516,378,138
121000224,303,143,160
121000225,1433,852,581
121000226,2560,664,1896
121000227,12,300,-288
121000228,11,832,-821
121000229,74,454,-380
121000230,69,1873,-1804
121000231,433,35,398
121000232,294,178,116
121000233,368,288,80
121000234,9,40,-31
121000235,67,71,-4
121000236,8,36,-28
121000237,18,13,5
121000238,5,61,-56
121000239,22,7,15
121000240,11,189,-178
121000241,148,12,136
121000242,96,143,-47
121000243,640,95,545
121000244,5,86,-81
121000245,26,18,8
121000246,2,88,-86
121000247,28,4,24
121000248,669,757,-88
121000249,122,252,-130
121000250,153,59,94
121000251,45,665,-620
121000252,33,31,2
121000253,209,591,-382
121000254,351,245,106
121000255,109,156,-47
121000256,189,149,40
121000257,56,60,-4
121000258,66,82,-16
121000259,62,39,23
121000260,65,115,-50
121000261,37,47,-10
121000262,756,530,226
121000263,314,495,-181
121000271,139,1558,-1419
121000273,87,6,81
121000274,2,25,-23
121000275,3,28,-25
121000276,5,9,-4
121000278,21,47,-26
121000279,41,13,28
121000280,33,49,-16
121000289,282,33,249
121000290,1104,579,525
121000294,52,198,-146
121000297,815,751,64
121000299,87,234,-147
121000300,503,472,31
121000302,149,793,-644
121000303,577,429,148
121000304,412,48,364
121000305,100,48,52
121000306,44,77,-33
121000308,122,288,-166
121000309,370,549,-179
121000310,63,354,-291
121000311,56,671,-615
121000312,218,144,74
121000313,396,381,15
121000314,242,96,146
121000315,67,152,-85
121000530,646,1304,-658
121000531,866,1255,-389
121000532,4705,3908,797
121000533,2197,2009,188
121000918,32,216,-184
121000919,15,46,-31
121000938,847,541,306
121000939,1319,321,998
121000956,441,1347,-906
121000957,2,13,-11
121000958,65,38,27
121000959,278,980,-702
121000960,1356,2132,-776
121000961,129,72,57
121000962,423,859,-436
121000973,2,476,-474
121000976,9,108,-99
121000979,298,38,260
121000981,301,160,141
121000982,166,248,-82
121000983,281,409,-128
121000984,6,31,-25
121000985,253,767,-514
121000986,131,450,-319
121000987,161,1413,-1252
121000988,375,98,277
121001302,244,116,128
121001308,4,6,-2
121001309,106,52,54
121001311,0,0,0
121001313,108,319,-211
121001314,3309,3903,-594
121001315,3549,1411,2138
121001326,260,359,-99
121900001,49,146,-97
121900002,32,24,8
121900003,318,8,310
121900004,91,335,-244
121900005,22,4,18
121900006,48,17,31
121900007,1664,1709,-45
121900008,303,70,233
121900009,414,21,393
121900010,221,5,216
121900011,89,313,-224
121900012,6,0,6
121900013,1087,51,1036
121900014,819,301,518
121900015,113,174,-61
121900016,3,20,-17
121900017,222,426,-204
121900018,261,2,259
121900019,177,169,8
121900020,31,1,30
121900021,604,11,593
121900022,116,115,1
121900023,58,317,-259
121900024,348,59,289
121900025,302,304,-2
121900026,196,18,178
121900027,121,88,33
121900028,168,10,158
121900029,79,113,-34
121900030,483,361,122
121900031,903,3632,-2729
121900032,62,80,-18
121900033,114,113,1
121900034,208,69,139
121900035,1858,1251,607
121900036,56,291,-235
121900037,93,436,-343
121900038,14,124,-110
121900039,248,25,223
121900040,22,73,-51
121900041,66,137,-71
121900042,176,91,85
121900043,4,7,-3
121900044,182,23,159
121900046,114,125,-11
121900047,69,69,0
121900048,29,158,-129
121900050,10,26,-16
121900051,60,149,-89
121900052,37,36,1
121900053,203,180,23
121900054,446,570,-124
121900055,3,15,-12
121900058,123,189,-66
121900059,215,81,134
121900060,66,248,-182
121900061,112,111,1
121900062,90,58,32
121900063,542,245,297
121900064,77,616,-539
121900066,14,16,-2
121900067,8,7,1
121900069,188,100,88
121900070,171,77,94
121900071,95,207,-112
121900072,10,159,-149
121900073,172,145,27
121900074,564,384,180
121900075,430,217,213
121900076,154,439,-285
121900077,4,30,-26
121900078,35,32,3
121900079,0,0,0
121900080,404,339,65
121900082,17,95,-78
121900084,3,204,-201
121900085,1,14,-13
121900086,16,22,-6
121900087,151,89,62
121900088,1645,1428,217
121900089,66,340,-274
121900090,2,88,-86
121900091,12,103,-91
121900092,71,84,-13
121900093,39,52,-13
121900094,19,6,13
121900095,129,54,75
121900096,1048,344,704
121900097,181,98,83
121900098,1,7,-6
121900099,121,62,59
121900100,139,155,-16
121900101,70,70,0
121900102,8,94,-86
121900103,333,208,125
121900104,773,244,529
121900105,67,75,-8
121900106,6,0,6
121900107,8,20,-12
121900108,0,4,-4
121900109,277,130,147
121900110,132,1125,-993
121900111,617,90,527
121900112,92,104,-12
121900113,31,128,-97
121900114,9,14,-5
121900117,54,10,44
121900118,1722,324,1398
121900119,54,110,-56
121900120,14,1031,-1017
121900121,469,29,440
121900122,10,25,-15
121900123,116,331,-215
121900124,74,151,-77
121900125,614,646,-32
121900127,15,68,-53
121900128,31,110,-79
121900129,866,97,769
121900130,87,179,-92
121900131,151,87,64
121900132,24,112,-88
121900133,82,304,-222
121900134,8,66,-58
121900135,1809,182,1627
121900136,143,467,-324
121900137,34,251,-217
121900138,47,193,-146
121900139,320,395,-75
121900140,17,127,-110
121900141,39,10,29
121900142,42,94,-52
121900143,6,85,-79
121900144,131,254,-123
121900145,122,127,-5
121900146,406,513,-107
121900147,42,131,-89
121900148,96,202,-106
121900149,243,516,-273
121900150,67,127,-60
121900151,36,200,-164
121900152,34,104,-70
121900153,71,364,-293
121900154,10,129,-119
121900155,0,52,-52
121900156,102,76,26
121900157,2,444,-442
121900158,46,69,-23
121900159,0,208,-208
121900160,17,214,-197
121900161,459,272,187
121900162,82,90,-8
121900163,62,604,-542
121900164,281,161,120
121900165,119,191,-72
121900166,78,138,-60
121900167,100,71,29
121900168,177,78,99
121900169,13,235,-222
121900170,1,142,-141
121900171,322,442,-120
121900172,253,203,50
121900173,724,107,617
121900174,20,29,-9
121900175,61,120,-59
121900176,396,1579,-1183
121900177,119,51,68
121900178,12,48,-36
121900179,162,118,44
121900180,4492,2095,2397
121900182,461,197,264
121900183,279,390,-111
121900184,45,381,-336
121900186,7,271,-264
121900187,16,100,-84
121900188,402,298,104
121900189,11,77,-66
121900190,127,370,-243
121900191,45,124,-79
121900192,320,420,-100
121900193,17,164,-147
121900194,2,120,-118
121900195,87,58,29
121900196,607,537,70
121900197,303,1767,-1464
121900198,769,851,-82
121900199,6,19,-13
121900200,54,202,-148
121900201,904,472,432
121900202,75,233,-158
121900203,170,580,-410
121900204,943,603,340
121900205,15,88,-73
121900206,5,8,-3
121900207,125,22,103
121900208,164,269,-105
121900209,31,25,6
121900210,768,781,-13
121900211,195,438,-243
121900212,132,87,45
121900213,67,73,-6
121900214,5,259,-254
121900215,29,35,-6
121900216,26,81,-55
121900217,153,58,95
121900218,145,299,-154
121900220,129,7,122
121900221,201,440,-239
121900222,89,123,-34
121900223,63,46,17
121900224,54,46,8
121900225,73,76,-3
121900226,142,177,-35
121900227,91,294,-203
121900228,120,203,-83
121900230,57,63,-6
121900231,208,194,14
121900232,185,282,-97
121900233,183,190,-7
121900234,130,290,-160
121900235,208,259,-51
121900236,210,100,110
121900237,126,191,-65
121900238,142,156,-14
121900239,73,28,45
121900240,109,73,36
121900241,18,54,-36
121900242,3,8,-5
121900243,0,0,0
121900244,0,0,0
121900245,144,101,43
121900246,993,323,670
121900248,1139,591,548
121900250,183,253,-70
121900251,209,13,196
121900252,494,114,380
121900253,113,770,-657
121900254,375,213,162
121900255,152,76,76
121900258,2041,1334,707
121900259,267,374,-107
121900260,45,167,-122
121900261,118,324,-206
121900262,366,455,-89
121900263,73,218,-145
121900264,1704,895,809
121900265,87,236,-149
121900266,139,191,-52
121900267,32,14,18
121900269,68,241,-173
121900270,6,134,-128
121900271,24,108,-84
121900273,306,1001,-695
121900274,157,227,-70
121900277,226,1142,-916
121900278,88,643,-555
121900279,112,224,-112
121900280,103,222,-119
121900281,249,55,194
121900284,45,4,41
121900286,64,141,-77
121900287,12,16,-4
121900288,2,2,0
121900290,153,152,1
121900291,352,436,-84
121900292,187,97,90
121900293,736,2721,-1985
121900294,188,0,188
121900295,53,190,-137
121900296,26,31,-5
121900298,291,338,-47
121900299,0,0,0
121900300,25,1,24
121900301,35,0,35
121900302,0,40,-40
121900303,155,361,-206
121900304,0,3,-3
121900305,0,1,-1
121900306,60,1,59
121900307,20,23,-3
121900308,8,383,-375
121900309,13,282,-269
121900310,40,473,-433
121900311,135,9,126
121900312,88,17,71
121900313,195,16,179
121900314,2,48,-46
121900315,5,0,5
121900316,0,10,-10
121900317,0,2,-2
121900318,1,9,-8
121900319,16,48,-32
121900320,42,91,-49
121900321,4,1,3
121900322,0,20,-20
121900323,11,9,2
121900324,2,46,-44
121900325,10,0,10
121900326,0,15,-15
121900327,1,39,-38
121900328,2,31,-29
121900329,0,181,-181
121900330,0,31,-31
121900331,66,2,64
121900332,69,14,55
121900333,18,1,17
121900334,94,28,66
122000001,2260,2787,-527
122000002,5310,1304,4006
122000003,2024,1134,890
122000004,2958,893,2065
122000005,2766,936,1830
122000006,1962,429,1533
122000007,1265,1022,243
122000008,5860,3604,2256
122000009,506,222,284
122000010,1668,1852,-184
122000011,2692,823,1869
122000012,1100,798,302
122000013,1841,1094,747
122000014,1246,1804,-558
122000015,1228,755,473
122000016,385,682,-297
122000017,968,984,-16
122000018,1105,920,185
122000019,615,1223,-608
122000020,129,116,13
122000021,430,321,109
122000022,1082,1113,-31
122000023,486,1960,-1474
122000024,898,698,200
122000025,1346,864,482
122000026,1742,623,1119
122000027,555,3913,-3358
122000028,552,341,211
122000029,283,174,109
122000030,288,83,205
122000031,113,203,-90
122000032,1266,2463,-1197
122000033,719,643,76
122000034,422,377,45
122000035,278,533,-255
122000036,326,523,-197
122000037,273,226,47
122000038,263,271,-8
122000039,488,344,144
122000040,276,238,38
122000041,303,382,-79
122000042,187,339,-152
122000043,131,82,49
122000044,109,114,-5
122000045,1206,438,768
122000046,502,701,-199
122000047,215,150,65
122000048,2548,3496,-948
122000049,4320,1986,2334
122000050,1311,479,832
122000051,306,538,-232
122000052,443,246,197
122000053,157,422,-265
122000054,2026,1464,562
122000055,2015,1971,44
122000056,7453,2735,4718
122000057,4411,2004,2407
122000058,4036,905,3131
122000059,3282,1079,2203
122000060,849,395,454
122000061,612,233,379
122000062,1415,275,1140
122000063,1362,341,1021
122000064,2819,2706,113
122000065,4583,2452,2131
122000066,1027,736,291
122000067,1510,1244,266
122000068,661,1124,-463
122000069,462,496,-34
122000070,448,2451,-2003
122000071,628,1369,-741
122000072,299,259,40
122000073,398,332,66
122000074,1390,926,464
122000075,390,1022,-632
122000076,1305,863,442
122000077,1188,537,651
122000078,2861,1387,1474
122000079,1741,596,1145
122000080,961,287,674
122000081,139,285,-146
122000082,1034,503,531
122000083,978,3135,-2157
122000084,671,648,23
122000085,164,1323,-1159
122000086,1736,3898,-2162
122000087,393,112,281
122000088,194,183,11
122000089,4831,2272,2559
122000090,203,280,-77
122000091,212,47,165
122000092,120,12,108
122000093,1348,707,641
122000094,6709,1180,5529
122000095,3286,1627,1659
122000096,2728,1189,1539
122000098,3434,1048,2386
122000099,2318,523,1795
122000100,1050,536,514
122000101,205,692,-487
122000102,1284,899,385
122000103,1175,1067,108
122000104,227,184,43
122000105,203,225,-22
122000106,422,407,15
122000107,836,403,433
122000108,302,735,-433
122000109,227,321,-94
122000110,240,398,-158
122000111,2098,836,1262
122000112,466,1010,-544
122000113,337,497,-160
122000114,2691,1125,1566
122000115,1390,1126,264
122000116,323,344,-21
122000117,740,219,521
122000118,298,391,-93
122000119,2777,1135,1642
122000120,2026,1694,332
122000121,2554,1587,967
122000122,670,831,-161
122000123,1738,901,837
122000124,774,283,491
122000125,410,544,-134
122000126,507,486,21
122000127,1190,589,601
122000128,543,597,-54
122000129,276,482,-206
122000130,1878,467,1411
122000131,1064,526,538
122000132,725,265,460
122000133,810,1647,-837
122000134,318,362,-44
122000135,533,648,-115
122000136,289,205,84
122000137,694,546,148
122000139,1219,1767,-548
122000140,990,320,670
122000141,4007,711,3296
122000142,479,470,9
122000143,282,207,75
122000144,1457,612,845
122000145,948,480,468
122000146,317,682,-365
122000147,594,263,331
122000148,3005,814,2191
122000149,1842,871,971
122000150,939,637,302
122000151,243,275,-32
122000152,384,193,191
122000153,382,295,87
122000154,278,124,154
122000155,1190,1427,-237
122000156,1995,1331,664
122000157,1697,839,858
122000158,264,364,-100
122000159,831,1164,-333
122000160,3161,818,2343
122000161,964,435,529
122000162,1945,936,1009
122000163,250,67,183
122000164,30,61,-31
122000165,594,548,46
122000166,733,816,-83
122000167,192,196,-4
122000168,155,508,-353
122000169,421,136,285
122000170,180,278,-98
122000171,41,55,-14
122000172,1287,1263,24
122000173,1270,1889,-619
122000174,1689,615,1074
122000175,1072,216,856
122000176,246,566,-320
122000177,1214,987,227
122000178,2507,1749,758
122000179,1466,2215,-749
122000180,1464,688,776
122000181,1500,2371,-871
122000182,1858,953,905
122000183,1306,766,540
122000184,2401,1590,811
122000185,1083,926,157
122000186,543,751,-208
122000187,1491,947,544
122000188,431,161,270
122000189,187,297,-110
122000190,1054,823,231
122000191,789,414,375
122000192,753,273,480
122000193,282,545,-263
122000194,569,110,459
122000195,131,407,-276
122000196,636,494,142
122000197,447,442,5
122000198,394,864,-470
122000199,386,262,124
122000200,1273,402,871
122000201,1040,1242,-202
122000202,776,883,-107
122000203,1874,1323,551
122000204,1043,1574,-531
122000205,1337,923,414
122000206,1876,640,1236
122000207,922,966,-44
122000208,1456,1262,194
122000209,1741,334,1407
122000210,1463,1668,-205
122000211,1003,961,42
122000212,478,321,157
122000213,726,1000,-274
122000214,1316,1265,51
122000215,1611,1177,434
122000217,1662,1117,545
122000218,594,53,541
122000219,1103,906,197
122000220,285,622,-337
122000221,73,316,-243
122000222,424,71,353
122000223,863,360,503
122000225,502,194,308
122000226,890,1637,-747
122000227,355,1549,-1194
122000228,283,325,-42
122000229,32,311,-279
122000230,44,585,-541
122000231,134,671,-537
122000232,451,959,-508
122000233,1,119,-118
122000234,93,155,-62
122000235,289,210,79
122000236,337,142,195
122000237,89,40,49
122000238,116,159,-43
122000239,327,89,238
122000240,573,258,315
122000241,530,348,182
122000242,253,86,167
122000243,82,64,18
122000244,43,563,-520
122000245,60,295,-235
122000246,149,135,14
122000247,337,844,-507
122000248,1248,1736,-488
122000249,311,424,-113
122000250,1159,580,579
122000251,157,333,-176
122000252,463,62,401
122000253,21,221,-200
122000254,110,65,45
122000255,472,1607,-1135
122000256,414,1203,-789
122000257,107,354,-247
122000258,76,189,-113
122000259,23,545,-522
122000260,4,102,-98
122000261,4,226,-222
122000262,0,67,-67
122000263,66,88,-22
122000264,485,355,130
122000265,1706,584,1122
122000266,3984,453,3531
122000267,53,96,-43
122000268,57,301,-244
122000269,610,256,354
122000270,639,101,538
122000271,225,989,-764
122000272,203,915,-712
122000273,226,371,-145
122000274,92,157,-65
122000275,25,128,-103
122000276,251,570,-319
122000277,476,1161,-685
122000278,496,835,-339
122000279,137,510,-373
122000280,537,755,-218
122000281,469,614,-145
122000282,76,87,-11
122000283,245,47,198
122000284,50,75,-25
122000285,359,107,252
122000286,89,147,-58
122000287,547,1228,-681
122000288,206,217,-11
122000291,650,345,305
122000293,316,240,76
122000294,71,199,-128
122000295,1171,200,971
122000296,43,496,-453
122000297,2796,1948,848
122000299,313,397,-84
122000300,409,501,-92
122000301,13120,2452,10668
122000302,920,564,356
122000303,3930,1153,2777
122000304,14,132,-118
122000305,563,192,371
122000306,13,865,-852
122000307,90,107,-17
122000309,53,56,-3
122000310,37,28,9
122000311,108,62,46
122000312,139,33,106
122000313,38,44,-6
122000314,127,214,-87
122000315,222,16,206
122000316,301,163,138
122000317,659,165,494
122000318,208,400,-192
122000319,357,515,-158
122000320,300,2280,-1980
122000321,89,287,-198
122000322,2816,1960,856
122000323,1493,1322,171
122000324,1213,1199,14
122000325,849,797,52
122000326,24,122,-98
122000327,254,417,-163
122000328,1013,703,310
122000330,1610,528,1082
122000332,157,294,-137
122000333,9,170,-161
122000337,586,1747,-1161
122000338,180,470,-290
122000340,381,205,176
122000342,2367,895,1472
122000343,391,1516,-1125
122000344,49,23,26
122000345,21,45,-24
122000346,247,532,-285
122000348,325,694,-369
122000349,87,530,-443
122000351,115,203,-88
122000352,188,82,106
122000353,46,120,-74
122000355,107,110,-3
122000356,1439,617,822
122000357,20,9,11
122000358,0,61,-61
122000359,0,24,-24
122000360,0,54,-54
122000362,12,109,-97
122000364,92,411,-319
122000365,3,10,-7
122000366,2,8,-6
122000368,416,796,-380
122000370,16,49,-33
122000371,5,0,5
122000372,1,1,0
122000381,35,290,-255
122000382,50,181,-131
122000384,3793,1857,1936
122000385,29,1,28
122000386,397,663,-266
122000387,388,468,-80
122000388,1146,267,879
122000389,176,739,-563
122000390,264,190,74
122000391,251,77,174
122000392,143,177,-34
122000393,15,163,-148
122000394,274,257,17
122000395,50,185,-135
122000396,229,106,123
122000397,33,75,-42
122000398,10,70,-60
122000399,67,72,-5
122000400,139,218,-79
122000401,96,109,-13
122000402,133,95,38
122000403,300,1103,-803
122000404,68,333,-265
122000408,883,1177,-294
122000503,3,87,-84
122000524,185,71,114
122000544,34,1762,-1728
122000616,563,0,563
122000640,48,218,-170
122000641,35,451,-416
122000642,674,1199,-525
122000643,17,95,-78
122000644,177,33,144
122000645,108,160,-52
122000651,1563,545,1018
122000664,113,32,81
122000665,781,534,247
122000666,480,888,-408
122000673,35,422,-387
122000674,84,65,19
122000675,942,1083,-141
122000686,195,1223,-1028
122000687,492,345,147
122000688,106,864,-758
122000689,366,632,-266
122000690,522,726,-204
122000691,349,2702,-2353
122000692,578,308,270
122000693,273,1526,-1253
122000695,110,432,-322
122000696,133,355,-222
122000698,148,987,-839
122000699,99,45,54
122000701,842,289,553
122000702,467,2389,-1922
122000703,118,46,72
122000712,0,0,0
122000717,255,69,186
122000718,804,615,189
122000719,52,43,9
122000720,132,283,-151
122000724,249,372,-123
122900001,17,6,11
122900002,1100,1879,-779
122900003,201,22,179
122900004,514,18,496
122900005,24,30,-6
122900006,381,192,189
122900007,80,17,63
122900008,483,69,414
122900009,512,234,278
122900010,130,125,5
122900012,220,272,-52
122900014,81,263,-182
122900015,1921,278,1643
122900016,84,275,-191
122900017,381,561,-180
122900018,142,11,131
122900019,4,133,-129
122900020,308,295,13
122900021,29,482,-453
122900022,258,906,-648
122900023,191,342,-151
122900024,72,70,2
122900025,7,124,-117
122900026,118,261,-143
122900027,53,668,-615
122900028,91,139,-48
122900029,3881,1846,2035
122900030,1149,344,805
122900031,74,101,-27
122900032,60,162,-102
122900033,110,141,-31
122900034,3182,3744,-562
122900035,26,16,10
122900036,13,129,-116
122900037,263,74,189
122900038,92,1334,-1242
122900039,94,364,-270
122900040,187,334,-147
122900041,139,189,-50
122900042,107,239,-132
122900043,275,144,131
122900044,98,267,-169
122900045,81,100,-19
122900046,92,92,0
122900047,231,98,133
122900048,30,135,-105
122900049,1348,122,1226
122900051,106,62,44
122900052,40,92,-52
122900053,18,9,9
122900055,237,71,166
122900057,182,16,166
122900061,249,101,148
122900062,261,283,-22
122900063,125,283,-158
122900064,850,516,334
122900065,247,94,153
122900066,252,181,71
122900067,1333,713,620
122900069,134,816,-682
122900070,187,34,153
122900071,111,382,-271
122900072,16,663,-647
122900073,43,244,-201
122900074,130,714,-584
122900075,1,78,-77
122900076,8,194,-186
122900077,4,176,-172
122900078,56,193,-137
122900080,52,16,36
122900081,95,121,-26
122900082,597,198,399
122900083,160,91,69
122900084,1,187,-186
122900086,1,16,-15
122900087,82,535,-453
122900088,27,53,-26
122900089,1,140,-139
122900090,5,680,-675
122900091,113,2,111
122900092,0,246,-246
122900093,1,396,-395
122900094,4,242,-238
122900095,93,0,93
122900096,72,236,-164
122900097,12,10,2
122900098,71,82,-11
122900099,33,1,32
122900100,227,148,79
122900101,516,137,379
122900102,15,6,9
122900103,41,7,34
122900104,49,11,38
122900105,4,5,-1
122900106,0,88,-88
122900107,1,212,-211
122900108,8,210,-202
123000001,1908,328,1580
123000002,5822,2447,3375
123000003,3285,2312,973
123000004,3596,4543,-947
123000005,2235,2279,-44
123000006,2711,2839,-128
123000007,2633,2154,479
123000008,2331,3824,-1493
123000009,3908,2715,1193
123000010,3167,4274,-1107
123000011,2985,815,2170
123000012,1041,2382,-1341
123000013,2859,803,2056
123000014,1299,3852,-2553
123000015,4213,665,3548
123000016,5772,2446,3326
123000017,2972,1123,1849
123000018,40,81,-41
123000019,69,281,-212
123000020,87,122,-35
123000021,54,143,-89
123000022,340,1181,-841
123000023,1040,867,173
123000024,835,471,364
123000025,118,90,28
123000026,5,142,-137
123000027,365,367,-2
123000028,782,190,592
123000029,828,344,484
123000030,130,608,-478
123000031,68,364,-296
123000032,122,320,-198
123000033,170,57,113
123000034,597,539,58
123000035,139,214,-75
123000036,176,474,-298
123000037,164,232,-68
123000038,74,211,-137
123000039,469,709,-240
123000040,1127,237,890
123000041,938,481,457
123000042,888,426,462
123000043,3398,3891,-493
123000044,5727,1768,3959
123000045,9508,1555,7953
123000046,812,609,203
123000047,2022,1145,877
123000048,85,387,-302
123000049,6824,3413,3411
123000050,664,876,-212
123000051,64,123,-59
123000052,440,2099,-1659
123000053,1855,2667,-812
123000054,901,996,-95
123000055,680,956,-276
123000056,1079,1608,-529
123000057,17002,4498,12504
123000058,557,555,2
123000059,380,340,40
123000060,555,286,269
123000061,123,633,-510
123000063,599,546,53
123000064,588,169,419
123000065,6290,3013,3277
123000066,910,669,241
123000067,382,563,-181
123000068,2506,3267,-761
123000069,7918,3497,4421
123000070,262,702,-440
123000071,476,1082,-606
123000072,738,1434,-696
123000073,631,799,-168
123000074,625,2135,-1510
123000075,246,763,-517
123000076,376,1106,-730
123000077,1915,3685,-1770
123000078,941,1693,-752
123000079,863,1860,-997
123000080,1629,2502,-873
123000081,194,652,-458
123000082,309,1080,-771
123000083,712,136,576
123000084,336,695,-359
123000085,88,105,-17
123000086,171,472,-301
123000087,76,477,-401
123000088,704,1222,-518
123000089,370,1320,-950
123000090,983,1165,-182
123000091,1364,1246,118
123000092,1052,1087,-35
123000094,259,224,35
123000095,221,506,-285
123000096,320,362,-42
123000097,279,1116,-837
123000098,387,496,-109
123000099,479,960,-481
123000100,378,474,-96
123000101,497,383,114
123000102,602,498,104
123000104,243,308,-65
123000105,483,504,-21
123000106,483,261,222
123000107,468,548,-80
123000108,964,1255,-291
123000111,437,225,212
123000112,520,443,77
123000113,475,1688,-1213
123000114,322,361,-39
123000115,131,238,-107
123000116,28,145,-117
123000117,1099,2092,-993
123000118,359,897,-538
123000119,200,914,-714
123000120,330,863,-533
123000121,394,584,-190
123000122,343,213,130
123000123,363,553,-190
123000124,654,598,56
123000125,1027,683,344
123000126,1713,2000,-287
123000127,1219,826,393
123000128,248,371,-123
123000129,319,138,181
123000130,343,48,295
123000131,507,440,67
123000132,314,528,-214
123000133,321,379,-58
123000134,486,149,337
123000135,978,933,45
123000136,179,1303,-1124
123000137,94,336,-242
123000138,36,438,-402
123000139,250,103,147
123000140,120,646,-526
123000141,582,54,528
123000142,1001,968,33
123000143,1089,2623,-1534
123000144,12,9,3
123000145,196,128,68
123000146,36,110,-74
123000147,88,108,-20
123000149,236,289,-53
123000150,114,202,-88
123000151,240,364,-124
123000152,25,365,-340
123000153,123,396,-273
123000154,1586,1273,313
123000155,2357,792,1565
123000156,71,75,-4
123000157,457,801,-344
123000158,573,453,120
123000159,2359,1444,915
123000160,484,399,85
123000161,894,711,183
123000162,342,1132,-790
123000163,149,46,103
123000164,661,211,450
123000165,322,1889,-1567
123000166,21,180,-159
123000167,63,332,-269
123000168,147,359,-212
123000169,394,92,302
123000170,50,290,-240
123000171,170,30,140
123000172,130,651,-521
123000173,380,172,208
123000174,563,184,379
123000175,804,1248,-444
123000176,565,120,445
123000177,302,1032,-730
123000178,490,84,406
123000179,21,726,-705
123000180,1032,245,787
123000181,296,1454,-1158
123000182,101,381,-280
123000183,130,231,-101
123000184,55,750,-695
123000185,202,386,-184
123000186,2,615,-613
123000187,242,8,234
123000188,115,0,115
123000189,79,177,-98
123000190,38,44,-6
123000192,18,342,-324
123000193,35,541,-506
123000194,556,280,276
123000195,131,18,113
123000196,175,27,148
123000197,25,92,-67
123000198,9,204,-195
123000199,7,508,-501
123000200,340,4,336
123000201,488,14,474
123000202,22,1356,-1334
123000203,498,52,446
123000204,72,1170,-1098
123000205,478,2118,-1640
123000206,1100,137,963
123000207,71,1070,-999
123000208,264,82,182
123000209,1375,313,1062
123000210,416,1594,-1178
123000211,473,2587,-2114
123000212,1406,308,1098
123000213,300,38,262
123000215,153,90,63
123000216,135,277,-142
123000217,99,29,70
123000218,93,344,-251
123000219,896,26,870
123000220,369,67,302
123000221,110,104,6
123000222,233,513,-280
123000223,116,569,-453
123000224,271,623,-352
123000225,236,76,160
123000226,114,367,-253
123000227,46,298,-252
123000228,173,48,125
123000229,1086,1911,-825
123000232,67,578,-511
123000233,421,166,255
123000234,122,686,-564
123000235,335,367,-32
123000236,134,875,-741
123000237,150,59,91
123000238,55,616,-561
123000239,331,1887,-1556
123000240,43,296,-253
123000241,709,113,596
123000242,48,171,-123
123000243,389,1062,-673
123000244,594,455,139
123000245,55,154,-99
123000249,356,688,-332
123000252,456,127,329
123000253,448,338,110
123000254,379,992,-613
123000255,609,578,31
123000256,34,195,-161
123000257,2844,2247,597
123000258,799,1064,-265
123000259,140,366,-226
123000260,286,523,-237
123000261,82,152,-70
123000262,79,262,-183
123000263,234,133,101
123000264,235,45,190
123000265,47,175,-128
123000266,328,602,-274
123000267,194,228,-34
123000268,14,107,-93
123000269,13,29,-16
123000270,36,37,-1
123000271,28,87,-59
123000272,667,241,426
123000273,178,372,-194
123000274,1083,363,720
123000275,181,963,-782
123000278,2783,2388,395
123000279,51,98,-47
123000280,233,311,-78
123000281,142,67,75
123000282,40,252,-212
123000283,72,42,30
123000284,29,121,-92
123000286,212,240,-28
123000287,406,200,206
123000288,710,433,277
123000289,395,524,-129
123000291,247,823,-576
123000294,195,262,-67
123000295,727,962,-235
123000296,245,522,-277
123000297,217,972,-755
123000298,298,608,-310
123000299,39,294,-255
123000300,533,590,-57
123000301,69,110,-41
123000302,58,181,-123
123000303,58,103,-45
123000305,861,712,149
123000306,30,215,-185
123000309,18,63,-45
123000310,32,31,1
123000311,1,103,-102
123000312,816,931,-115
123000313,151,278,-127
123000315,53,359,-306
123000316,1591,84,1507
123000317,207,52,155
123000318,34,274,-240
123000329,8,9,-1
123000337,217,239,-22
123000338,456,70,386
123000339,68,206,-138
123000340,136,379,-243
123000342,6,206,-200
123000343,48,4,44
123000344,1152,412,740
123000345,309,516,-207
123000346,201,85,116
123000352,1724,729,995
123000353,10,124,-114
123000354,123,6,117
123000355,2,427,-425
123000356,78,2,76
123000357,0,268,-268
123000359,3,208,-205
123000360,123,16,107
123000361,494,263,231
123000362,188,124,64
123000363,55,186,-131
123000364,379,237,142
123000365,20,232,-212
123000366,268,1168,-900
123000367,210,1185,-975
123000370,62,272,-210
123000371,184,14,170
123000372,89,8,81
123000373,16,329,-313
123000374,4,223,-219
123000375,149,8,141
123000376,583,479,104
123000377,153,7,146
123000378,10,437,-427
123000379,0,176,-176
123000380,45,168,-123
123000381,184,30,154
123000382,1167,32,1135
123000383,226,684,-458
123000384,432,76,356
123000385,315,742,-427
123000436,31,655,-624
123000507,174,350,-176
123000508,207,377,-170
123000517,269,31,238
123000518,19,265,-246
123000519,122,68,54
123000520,56,234,-178
123000521,215,95,120
123000522,144,545,-401
123000541,1,2,-1
123000542,0,28,-28
123000565,286,20,266
123000566,69,1035,-966
123000567,106,224,-118
123000573,36,1001,-965
123000574,276,52,224
123000575,986,1345,-359
123000576,506,1915,-1409
123000577,68,515,-447
123000578,629,48,581
123000579,6103,2572,3531
123000580,126,17,109
123000582,180,12,168
123000583,10,460,-450
123000584,120,187,-67
123000585,2,137,-135
123000586,48,0,48
123000596,94,110,-16
123000597,73,82,-9
123000602,14,1,13
123000603,241,823,-582
123000604,278,1205,-927
123000605,661,41,620
123000606,1,258,-257
123000609,16,289,-273
123000610,134,81,53
123000613,25,159,-134
123000614,135,32,103
123000615,42,265,-223
123000616,211,30,181
123000617,65,488,-423
123000618,102,595,-493
123000619,467,9,458
123000620,12,496,-484
123000622,226,12,214
123000624,99,75,24
123000630,449,376,73
123000631,164,2054,-1890
123000632,1096,1235,-139
123000633,0,281,-281
123000634,84,54,30
123000635,245,87,158
123000636,14,653,-639
123000637,115,32,83
123000638,366,112,254
123000639,1098,1957,-859
123000640,57,1041,-984
123000648,126,71,55
123000649,38,653,-615
123900001,1278,42,1236
123900002,9,807,-798
123900003,323,657,-334
123900005,143,95,48
123900006,191,19,172
124000001,1215,113,1102
124000002,94,1720,-1626
124000003,391,103,288
124000004,83,672,-589
124000005,613,196,417
124000006,223,1430,-1207
124000007,456,85,371
124000008,10,461,-451
124000009,278,265,13
124000010,74,639,-565
124000011,648,264,384
124000012,221,1075,-854
124000017,59,67,-8
124000018,83,79,4
124000019,99,87,12
124000020,65,197,-132
124000021,58,56,2
124000022,77,224,-147
124000023,933,1034,-101
124000024,1009,657,352
124000025,774,895,-121
124000026,977,976,1
124000027,4266,2653,1613
124000028,2810,3592,-782
124000030,3084,1082,2002
124000031,755,1130,-375
124000032,5509,1102,4407
124000033,566,332,234
124000034,1735,1330,405
124000035,135,82,53
124000036,140,722,-582
124000037,234,453,-219
124000038,49,102,-53
124000039,929,262,667
124000040,644,629,15
124000041,148,62,86
124000042,50,360,-310
124000043,33,62,-29
124000044,30,290,-260
124000045,384,454,-70
124000046,144,735,-591
124000047,630,727,-97
124000048,475,1934,-1459
124000049,867,568,299
124000050,452,2446,-1994
124000051,285,423,-138
124000052,469,1341,-872
124000053,345,770,-425
124000054,830,674,156
124000055,988,1128,-140
124000056,3460,1469,1991
124000057,580,437,143
124000058,344,1571,-1227
124000059,384,598,-214
124000060,972,893,79
124000061,1165,2511,-1346
124000062,8296,1770,6526
124000063,1156,1615,-459
124000064,2406,1750,656
124000065,183,318,-135
124000066,319,48,271
124000067,92,211,-119
124000068,21,135,-114
124000069,334,260,74
124000070,156,557,-401
124000071,90,101,-11
124000072,187,488,-301
124000073,508,106,402
124000074,272,870,-598
124000075,69,22,47
124000076,6,205,-199
124000077,1572,615,957
124000078,1639,588,1051
124000079,559,882,-323
124000080,188,101,87
124000081,105,836,-731
124000082,22,84,-62
124000083,53,165,-112
124000084,60,235,-175
124000085,100,40,60
124000086,56,94,-38
124000087,124,47,77
124000088,110,406,-296
124000089,320,320,0
124000090,97,451,-354
124000091,317,177,140
124000092,115,711,-596
124000093,115,62,53
124000094,145,348,-203
124000095,46,49,-3
124000096,63,282,-219
124000097,67,60,7
124000098,58,133,-75
124000099,96,75,21
124000100,26,103,-77
124000101,22,87,-65
124000102,87,93,-6
124000103,43,64,-21
124000104,63,110,-47
124000105,29,48,-19
124000106,142,149,-7
124000107,9,74,-65
124000108,69,45,24
124000109,92,45,47
124000110,147,126,21
124000111,139,122,17
124000112,341,655,-314
124000113,24,83,-59
124000114,154,506,-352
124000115,243,760,-517
124000116,82,106,-24
124000117,52,98,-46
124000118,24,41,-17
124000119,727,494,233
124000120,337,587,-250
124000121,2563,632,1931
124000122,577,1057,-480
124000123,684,323,361
124000124,466,805,-339
124000125,279,306,-27
124000126,310,434,-124
124000127,560,285,275
124000128,545,817,-272
124000129,1325,960,365
124000130,642,527,115
124000131,710,398,312
124000132,664,764,-100
124000133,645,709,-64
124000134,543,603,-60
124000135,1391,1276,115
124000136,779,949,-170
124000137,980,537,443
124000138,1077,1045,32
124000139,289,31,258
124000140,18,394,-376
124000141,212,17,195
124000142,37,417,-380
124000143,30,10,20
124000144,5,159,-154
124000145,46,26,20
124000146,10,111,-101
124000148,15,34,-19
124000149,615,223,392
124000150,262,513,-251
124000151,443,210,233
124000152,596,1127,-531
124000153,577,354,223
124000154,640,685,-45
124000155,809,507,302
124000156,1412,911,501
124000169,156,215,-59
124000170,568,427,141
124000171,127,191,-64
124000172,243,572,-329
124000173,158,233,-75
124000174,226,719,-493
124000175,5,136,-131
124000176,13,6,7
124000177,11,38,-27
124000178,3,21,-18
124000190,186,52,134
124000191,503,64,439
124000192,2277,257,2020
124000193,425,1304,-879
124000194,383,488,-105
124000195,182,446,-264
124000196,883,1153,-270
124000197,25,65,-40
124000198,34,32,2
124000201,237,1030,-793
124000202,332,143,189
124000203,86,982,-896
124000204,317,619,-302
124000205,35,698,-663
124000206,247,454,-207
124000207,0,53,-53
124000209,211,726,-515
124000210,163,175,-12
124000211,154,0,154
124000212,4,570,-566
124000213,185,396,-211
124000214,130,784,-654
124000215,88,11,77
124000216,0,608,-608
124000329,90,2502,-2412
124000338,37,1344,-1307
124000339,248,117,131
124000341,457,62,395
124000344,32,10,22
124000357,548,1475,-927
124000358,494,876,-382
124000359,586,426,160
124000360,328,327,1
124000361,1102,686,416
124000362,1762,2287,-525
124000363,245,435,-190
124000364,491,882,-391
124000365,665,1045,-380
124000366,1801,790,1011
124000367,110,644,-534
124000368,281,173,108
124000369,97,63,34
124000370,94,749,-655
124000402,14,3,11
124000403,45,8,37
124000404,3,105,-102
124000405,644,576,68
124000406,786,722,64
124000407,1,26,-25
124000411,0,426,-426
124000412,175,10,165
124000413,269,56,213
124000414,48,86,-38
124000415,53,221,-168
124000416,98,374,-276
124000417,91,121,-30
124000418,73,102,-29
124000419,65,180,-115
124000420,40,64,-24
124000421,19,363,-344
124000422,19,8,11
124000423,64,29,35
124000424,3,190,-187
124000425,35,10,25
124000426,10,296,-286
124000427,52,5,47
124000428,22,48,-26
124000429,16,65,-49
124000430,403,476,-73
124000431,198,575,-377
124000432,73,755,-682
124000439,2,8,-6
124000443,0,4,-4
124000445,218,726,-508
124000446,2701,98,2603
124000447,6,48,-42
124900001,260,250,10
124900002,82,507,-425
124900003,543,578,-35
124900004,235,362,-127
124900005,177,219,-42
124900006,400,330,70
124900008,978,409,569
124900009,104,151,-47
124900010,91,34,57
124900011,291,161,130
124900012,205,72,133
124900013,269,97,172
124900014,100,82,18
124900015,73,142,-69
124900016,38,42,-4
124900017,465,381,84
124900018,17,1,16
124900020,37,37,0
124900021,97,28,69
124900022,27,9,18
124900024,143,14,129
124900026,122,48,74
124900027,42,207,-165
124900028,501,117,384
124900029,3,319,-316
124900030,3,127,-124
124900031,12,293,-281
124900032,178,178,0
124900033,61,311,-250
124900034,3,100,-97
124900035,125,352,-227
124900036,1,36,-35
124900037,112,321,-209
124900038,243,338,-95
124900039,0,18,-18
124900040,43,76,-33
124900041,189,1164,-975
124900042,59,0,59
124900043,293,1190,-897
124900044,22,2,20
124900045,584,848,-264
124900047,88,143,-55
124900048,110,134,-24
124900050,115,301,-186
124900052,91,336,-245
124900053,36,384,-348
124900054,2807,290,2517
124900055,1,90,-89
124900057,15,88,-73
124900060,47,231,-184
124900061,41,6,35
124900062,35,9,26
124900066,1,13,-12
124900067,2,153,-151
124900068,126,214,-88
124900070,26,22,4
124900072,38,16,22
124900075,89,207,-118
124900076,16,472,-456
124900077,16,93,-77
124900078,40,1,39
124900079,663,60,603
124900080,222,767,-545
124900081,493,189,304
124900082,308,963,-655
124900083,154,546,-392
124900085,931,166,765
124900086,49,744,-695
124900087,628,44,584
124900088,660,86,574
124900089,1377,18,1359
124900090,171,162,9
124900091,166,513,-347
124900092,120,403,-283
124900093,146,155,-9
124900094,147,175,-28
124900095,66,314,-248
124900096,395,148,247
124900097,159,28,131
124900098,104,393,-289
124900099,468,296,172
124900100,209,35,174
124900101,23,317,-294
124900102,123,21,102
124900103,93,360,-267
124900104,66,205,-139
124900105,56,154,-98
124900106,216,26,190
124900107,35,8,27
124900108,124,30,94
124900111,3,77,-74
124900112,45,722,-677
124900113,81,162,-81
124900114,175,67,108
124900115,19,27,-8
124900116,80,155,-75
124900117,655,135,520
124900118,132,155,-23
124900119,189,81,108
124900120,35,338,-303
124900121,107,145,-38
124900122,478,202,276
124900123,507,55,452
124900124,152,180,-28
204000001,53,19,34
204000002,12,17,-5
204000003,11,1,10
204000004,2,3,-1
204000005,397,391,6
204000006,804,1101,-297
204000011,20,56,-36
204000012,66,113,-47
204000019,450,511,-61
204000020,302,716,-414
204000021,1712,797,915
204000022,407,458,-51
204000023,376,1153,-777
204000031,113,14,99
204000032,526,28,498
204000034,13,287,-274
204000035,0,6,-6
204000036,4,20,-16
204000037,3,12,-9
204000038,0,28,-28
204000039,8,35,-27
204000040,2,55,-53
204000041,3,49,-46
204000042,13,9,4
204000043,14,3,11
204000044,11,0,11
204000045,21,6,15
204000046,17,4,13
204000057,4,29,-25
204000062,12,157,-145
204000068,21,166,-145
204000069,15,230,-215
204000070,41,58,-17
204000080,17,62,-45
204000085,1334,1497,-163
204000086,2890,1929,961
204000087,55,6,49
204000088,2,112,-110
204000090,12,355,-343
204000093,131,80,51
204000096,535,754,-219
204000097,211,49,162
204000099,712,1234,-522
204000100,900,986,-86
204000105,1846,1617,229
204000110,591,1142,-551
204000111,235,727,-492
204000112,614,887,-273
204000113,311,884,-573
204000114,420,366,54
204000115,274,280,-6
204000116,444,493,-49
204000119,1456,1626,-170
204000132,365,174,191
204000133,414,250,164
204000134,123,87,36
204000135,344,121,223
204000136,308,246,62
204000138,151,240,-89
204000140,116,79,37
204000141,101,53,48
204000144,3,25,-22
204000145,382,43,339
204000146,34,486,-452
204000147,22,135,-113
204000148,252,39,213
204000154,7,2,5
204000155,7,10,-3
204000177,85,77,8
204000179,12,9,3
204000180,1,44,-43
204000222,1,30,-29
204000235,4,10,-6
204000236,66,298,-232
204000238,10,20,-10
204000240,298,61,237
204000263,546,1196,-650
204000268,883,599,284
204000308,143,37,106
204000317,7,61,-54
204000322,1,29,-28
204000323,21,7,14
204000328,159,109,50
204000329,91,134,-43
204000330,149,90,59
204000331,44,179,-135
205000001,1056,1285,-229
205000013,10,81,-71
205000014,11,106,-95
205000015,42,231,-189
205000016,14,173,-159
205000017,18,97,-79
205000022,284,578,-294
205000025,1479,940,539
205000029,147,6,141
205000045,77,234,-157
205000046,80,587,-507
205000047,35,516,-481
205000048,215,1197,-982
205000049,151,778,-627
205000050,1121,329,792
205000059,1,304,-303
205000060,0,57,-57
205000061,4,81,-77
205000062,2,78,-76
205000063,7,60,-53
205000064,17,132,-115
205000065,58,729,-671
205000066,92,821,-729
205000067,29,1082,-1053
205000069,209,17,192
205000082,103,233,-130
205000110,68,228,-160
205000111,181,249,-68
205000112,98,114,-16
205000113,213,261,-48
205000121,135,54,81
205000123,55,175,-120
205000126,351,88,263
205000127,704,157,547
205000128,406,107,299
205000129,467,85,382
205000130,205,36,169
205000131,405,13,392
205000132,306,4,302
205000133,337,0,337
205000134,139,0,139
205000137,96,156,-60
205000138,220,290,-70
205000139,17,104,-87
205000144,60,47,13
205000145,200,162,38
205000151,78,28,50
205000152,117,25,92
205000153,178,32,146
205000154,41,60,-19
205000155,50,10,40
205000207,10,171,-161
205000233,28,1,27
205000234,0,2,-2
205000243,3,0,3
205000244,0,1,-1
205000245,5,280,-275
205000249,1,41,-40
205000250,0,0,0
205000264,3,72,-69
206000027,9,1,8
206000028,6,0,6
206000043,16,133,-117
206000053,5,10,-5
206000054,2,21,-19
206000055,0,43,-43
206000075,0,10,-10
206000076,36,11,25
206000077,7,6,1
206000078,15,8,7
206000079,29,5,24
206000082,295,15,280
206000100,66,750,-684
206000103,0,30,-30
206000104,2,26,-24
206000105,8,35,-27
206000106,11,31,-20
206000125,35,0,35
206000157,76,764,-688
206000170,1,280,-279
206000171,2,257,-255
206000172,4,1467,-1463
206000173,3,433,-430
206000174,2,160,-158
206000175,3,277,-274
206000176,14,457,-443
206000177,1,335,-334
206000178,1,265,-264
206000179,2,109,-107
206000180,18,250,-232
206000181,22,426,-404
206000182,16,391,-375
206000183,11,1165,-1154
206000184,11,578,-567
206000185,14,515,-501
206000186,107,2133,-2026
206000223,7,403,-396
206000226,12,9,3
206000227,36,9,27
206000237,20,493,-473
206000238,36,841,-805
206000239,500,2790,-2290
206000240,1,62,-61
206000241,0,173,-173
206000242,9,741,-732
206000243,10,602,-592
206000244,72,1314,-1242
206000245,260,42,218
206000246,47,15,32
206000247,65,14,51
206000248,174,14,160
206000252,53,21,32
206000258,21,48,-27
206000315,21,5,16
206000317,240,69,171
206000318,167,43,124
206000319,380,61,319
206000320,27,36,-9
206000321,43,7,36
206000322,133,4,129
206000323,78,3,75
206000324,57,14,43
206000325,108,12,96
206000326,63,3,60
206000327,136,10,126
206000328,54,1,53
206000329,65,9,56
206000330,30,4,26
206000331,68,7,61
206000332,9,0,9
206000333,219,3,216
206000334,130,2,128
206000335,0,10,-10
206000361,12,182,-170
206000392,1,43,-42
206000405,106,1,105
206000441,9,16,-7
206000498,31,4,27
206000515,86,17,69
206000530,78,26,52
206000531,78,46,32
206000532,2944,68,2876
206000535,444,2216,-1772
206000536,14,309,-295
206000537,12,194,-182
206000613,1254,139,1115
206000784,413,15,398
207000001,139,460,-321
207000002,69,320,-251
207000003,119,227,-108
207000007,492,199,293
207000008,43,8,35
207000009,75,31,44
207000010,470,781,-311
207000012,224,171,53
207000015,314,2079,-1765
207000019,148,51,97
207000021,451,180,271
207000022,98,118,-20
207000023,126,58,68
207000024,2,8,-6
207000025,12,46,-34
207000026,128,53,75
207000027,10,87,-77
207000028,76,194,-118
207000029,246,482,-236
207000033,144,214,-70
207000034,158,59,99
207000039,182,116,66
207000040,145,120,25
207000041,37,33,4
207000042,131,39,92
207000043,157,148,9
207000051,81,403,-322
207000052,2,255,-253
207000053,357,688,-331
207000054,22,143,-121
207000055,110,211,-101
207000056,189,544,-355
207000057,119,353,-234
207000058,82,551,-469
207000059,47,989,-942
207000060,41,330,-289
207000061,91,157,-66
207000062,160,55,105
207000063,143,123,20
207000064,262,167,95
207000065,219,234,-15
207000066,89,187,-98
207000067,44,133,-89
207000068,108,71,37
207000069,659,336,323
207000082,42,460,-418
207000083,65,497,-432
207000084,103,165,-62
207000085,139,17,122
207000086,76,5,71
207000106,36,29,7
207000107,30,10,20
207000108,22,13,9
207000109,32,6,26
207000110,36,57,-21
207000111,45,70,-25
207000112,147,255,-108
207000114,8,29,-21
207000115,10,63,-53
207000116,18,304,-286
207000117,12,137,-125
207000118,1,92,-91
207000119,24,109,-85
207000123,110,16,94
207000124,80,16,64
207000125,45,14,31
207000126,61,30,31
207000134,48,272,-224
207000135,24,386,-362
207000148,21,136,-115
207000149,68,34,34
207000152,167,357,-190
207000153,1032,1018,14
207000154,491,141,350
207000159,78,368,-290
207000160,120,806,-686
207000238,0,113,-113
207000242,2,202,-200
207000248,28,7,21
207000249,175,64,111
207000250,727,62,665
207000251,66,48,18
207000252,49,63,-14
207000278,29,53,-24
207000279,11,296,-285
207000280,244,60,184
207000281,81,1630,-1549
207000282,166,47,119
207000283,179,277,-98
207000284,101,108,-7
207000285,191,35,156
207000291,6,119,-113
207000304,91,72,19
207000306,54,467,-413
207000310,33,62,-29
207000353,184,3,181
207000356,15,19,-4
207000357,4,9,-5
207000358,7,20,-13
207000415,14,170,-156
207000417,24,0,24
207000418,91,170,-79
207000438,0,1,-1
207000439,1173,335,838
207000446,141,15,126
207000460,4,10,-6
207000466,200,181,19
207000467,96,68,28
207000468,31,706,-675
207000476,2,95,-93
207000477,322,100,222
207000478,0,14,-14
207000523,0,38,-38
207000524,33,0,33
207000527,123,135,-12
207000530,183,4,179
207000531,188,11,177
207000532,59,19,40
207000534,540,26,514
207000535,34,219,-185
207000537,24,76,-52
207000540,7,182,-175
207000541,2,342,-340
207000548,4,280,-276
207000549,168,6,162
207000561,86,112,-26
207000562,32,203,-171
207000567,155,322,-167
207000568,63,93,-30
207000569,149,1009,-860
207000584,341,182,159
207000585,37,218,-181
207000587,49,26,23
207000616,0,252,-252
207000617,104,0,104
207000624,58,29,29
207000631,6,48,-42
207900008,110,314,-204
208000001,295,632,-337
208000002,396,493,-97
208000003,681,577,104
208000004,769,695,74
208000005,12,27,-15
208000019,353,690,-337
208000020,139,370,-231
208000021,148,555,-407
208000022,554,777,-223
208000028,1157,775,382
208000033,329,666,-337
208000034,916,1500,-584
208000037,420,47,373
208000040,131,176,-45
208000041,671,392,279
208000042,650,458,192
208000047,91,384,-293
208000064,2325,1281,1044
208000066,1247,812,435
208000070,256,384,-128
208000071,259,781,-522
208000072,276,1103,-827
208000080,171,369,-198
208000081,192,185,7
208000082,267,352,-85
208000083,113,404,-291
208000084,20,13,7
208000085,853,621,232
208000086,434,951,-517
208000087,242,804,-562
208000089,707,652,55
208000090,542,1064,-522
208000093,70,100,-30
208000094,294,571,-277
208000095,449,338,111
208000104,748,801,-53
208000105,382,1054,-672
208000114,44,136,-92
208000115,431,324,107
208000116,221,825,-604
208000117,45,126,-81
208000118,93,76,17
208000155,411,923,-512
208000158,1657,2653,-996
208000186,2920,1959,961
208000204,326,920,-594
208000205,832,1256,-424
208000282,3780,1357,2423
209000004,110,167,-57
209000005,20,36,-16
209000006,564,113,451
209000007,193,188,5
209000010,541,162,379
209000011,166,172,-6
209000012,73,204,-131
209000013,160,544,-384
209000014,777,1557,-780
209000025,188,23,165
209000026,410,75,335
209000027,286,1047,-761
209000028,193,967,-774
209000029,586,841,-255
209000030,470,1680,-1210
209000031,3729,2608,1121
209000034,146,189,-43
209000035,135,150,-15
209000036,86,95,-9
209000037,166,162,4
209000038,76,141,-65
209000039,34,123,-89
209000040,194,456,-262
209000041,140,405,-265
209000042,175,327,-152
209000043,542,585,-43
209000044,183,489,-306
209000045,851,354,497
209000046,350,399,-49
209000047,224,151,73
209000048,281,187,94
209000049,89,173,-84
209000050,208,288,-80
209000051,304,409,-105
209000052,140,419,-279
209000062,40,178,-138
209000063,21,185,-164
209000064,21,183,-162
209000065,14,26,-12
209000066,27,36,-9
209000067,52,86,-34
209000080,22,160,-138
209000082,52,31,21
209000091,49,83,-34
209000093,102,35,67
209000094,197,184,13
209000110,30,66,-36
209000111,316,904,-588
209000112,486,416,70
209000113,926,363,563
209000114,204,296,-92
209000115,89,213,-124
209000116,783,642,141
209000118,15,32,-17
209000119,26,25,1
209000121,151,721,-570
209000135,70,61,9
209000142,569,691,-122
209000143,72,64,8
209000144,47,91,-44
209000229,174,151,23
209000240,24,440,-416
209000259,126,162,-36
209000260,55,884,-829
209000261,10,538,-528
209000262,1,434,-433
209000263,0,137,-137
209000264,0,93,-93
209000265,283,1,282
209000266,61,2,59
209000267,414,6,408
209000268,372,27,345
210000037,47,22,25
210000047,46,32,14
210000048,49,25,24
210000049,43,21,22
210000052,29,139,-110
210000053,10,102,-92
210000054,34,91,-57
210000070,59,0,59
210000071,30,0,30
210000072,6,1,5
210000073,0,28,-28
210000074,2,100,-98
210000075,0,45,-45
210000076,2,118,-116
210000077,24,37,-13
210000078,40,39,1
210000079,24,11,13
210000080,128,51,77
210000081,81,7,74
210000082,86,4,82
210000083,96,1,95
210000084,41,0,41
210000085,1,64,-63
210000086,2,85,-83
210000099,25,239,-214
210000100,39,261,-222
210000101,75,185,-110
210000105,47,175,-128
210000159,1,118,-117
210000163,165,234,-69
210000164,401,113,288
210000168,179,26,153
210000187,0,12,-12
210000188,0,26,-26
210000214,126,0,126
210000219,25,64,-39
210000220,34,87,-53
210000232,0,23,-23
210000233,12,37,-25
210000234,26,125,-99
210000235,19,140,-121
210000245,1,46,-45
210000246,38,4,34
210000258,8,80,-72
210000259,197,19,178
210000282,52,164,-112
210000285,1,84,-83
210000286,11,139,-128
210000290,5,7,-2
210000295,29,136,-107
210000296,34,66,-32
210000320,104,151,-47
210000321,74,76,-2
210000338,59,121,-62
210000339,467,837,-370
210000340,74,246,-172
210000341,124,256,-132
210000342,141,192,-51
210000343,128,147,-19
210000344,228,89,139
210000345,188,145,43
210000346,62,96,-34
210000347,93,26,67
210000348,134,25,109
210000349,64,34,30
210000350,93,74,19
210000351,90,125,-35
210000352,37,104,-67
210000353,39,124,-85
210000354,54,122,-68
210000355,42,107,-65
210000356,51,53,-2
210000357,43,65,-22
210000358,344,108,236
210000359,100,47,53
210000360,126,85,41
210000361,120,117,3
210000362,182,159,23
210000363,752,137,615
210000364,68,91,-23
210000365,75,40,35
210000366,91,41,50
210000367,55,22,33
210000368,118,25,93
210000369,23,28,-5
210000370,37,55,-18
210000372,30,29,1
210000373,74,11,63
210000374,50,30,20
210000375,27,100,-73
210000376,52,155,-103
210000404,112,124,-12
210000439,29,78,-49
210000472,82,6,76
210000482,76,68,8
210000564,518,165,353
210000567,0,19,-19
210000568,605,4,601
211000092,30,68,-38
211000094,8,3,5
211000169,247,11,236
211000172,11,301,-290
211000209,1,12,-11
211000226,10,31,-21
211000270,14,6,8
211000275,16,11,5
211000276,52,26,26
211000279,4,70,-66
211000281,19,72,-53
211000302,11,86,-75
211507980,2,19,-17
211977296,34,1,33
212000003,125,36,89
212000004,62,24,38
212000005,27,28,-1
212000006,20,81,-61
212000008,102,239,-137
212000009,17,177,-160
212000012,44,76,-32
212000013,14,59,-45
212000014,215,163,52
212000015,234,239,-5
212000016,432,618,-186
212000027,301,469,-168
212000028,196,408,-212
212000029,128,288,-160
212000030,23,24,-1
212000031,49,76,-27
212000048,30,123,-93
212000049,18,72,-54
212000050,15,5,10
212000051,127,231,-104
212000052,135,391,-256
212000053,298,526,-228
212000054,104,116,-12
212000055,170,226,-56
212000056,9,60,-51
212000057,7,35,-28
212000058,368,35,333
212000070,87,318,-231
212000077,76,648,-572
212000099,120,223,-103
212000108,186,180,6
212000111,105,124,-19
212000120,149,111,38
212000138,78,20,58
212000156,3,101,-98
212000158,14,12,2
212000159,226,46,180
212000160,387,203,184
212000161,20,9,11
212000310,22,23,-1
212000311,8,85,-77
212000374,19,16,3
213000001,21,676,-655
213000005,208,118,90
213000006,799,159,640
213000007,97,8,89
213000009,459,192,267
213000010,131,171,-40
213000011,176,73,103
213000012,115,430,-315
213000014,34,5,29
213000015,112,3,109
213000016,168,1,167
213000017,71,56,15
213000018,0,234,-234
213000019,1,164,-163
213000020,98,364,-266
213000021,1,131,-130
213000023,179,158,21
213000033,198,775,-577
213000034,493,303,190
213000035,67,158,-91
213000045,105,215,-110
213000046,166,189,-23
213000047,490,763,-273
213000056,68,30,38
213000069,52,15,37
213000073,1,26,-25
213000074,218,520,-302
213000075,358,5,353
213000076,16,1,15
213000085,3,34,-31
213000086,9,210,-201
213000091,92,14,78
213000092,42,4,38
213000099,173,790,-617
213000100,1085,187,898
213000101,148,115,33
213000102,161,368,-207
213000103,593,792,-199
213000104,57,435,-378
213000105,3,100,-97
213000106,8,232,-224
213000107,113,796,-683
213000108,18,643,-625
213000109,2,326,-324
213000110,43,86,-43
213000111,16,45,-29
213000112,179,144,35
213000115,30,8,22
213000116,142,747,-605
213000117,5,1095,-1090
213000118,210,252,-42
213000119,41,918,-877
213000120,87,796,-709
213000122,219,791,-572
213000123,664,1525,-861
213000124,57,1528,-1471
213000125,134,12,122
213000126,52,79,-27
213000127,195,152,43
213000128,697,709,-12
213000129,452,373,79
213000130,185,181,4
213000132,241,92,149
213000133,261,82,179
213000134,485,23,462
213000136,284,20,264
213000137,381,52,329
213000139,433,7,426
213000147,77,3,74
213000148,20,5,15
213000149,15,3,12
213000150,0,75,-75
213000151,2,65,-63
213000152,1,58,-57
213000153,1,34,-33
213000154,13,207,-194
213000155,21,361,-340
213000156,104,645,-541
213000157,659,534,125
213000158,226,629,-403
213000159,261,575,-314
213000163,278,62,216
213000165,467,127,340
213000171,2,135,-133
213000172,2,325,-323
213000173,1,248,-247
213000174,1,215,-214
213000175,2,134,-132
213000176,13,16,-3
213000177,22,1,21
213000178,53,0,53
213000179,118,0,118
213000180,63,0,63
213000184,64,498,-434
213000188,168,87,81
213000189,161,30,131
213000190,608,627,-19
213000191,126,472,-346
213000192,126,642,-516
213000193,1597,201,1396
213000194,2,39,-37
213000195,19,498,-479
213000196,158,864,-706
213000197,222,327,-105
213000198,42,2,40
213000200,93,1163,-1070
213000201,121,50,71
213000202,13,864,-851
213000203,3127,347,2780
213000204,513,40,473
213000205,146,40,106
213000206,161,58,103
213000207,79,13,66
213000208,151,1,150
213000209,92,2,90
213000210,297,0,297
213000211,2,5,-3
213000212,13,18,-5
213000213,9,15,-6
213000218,125,915,-790
213000219,313,19,294
213000220,337,8,329
213000223,171,135,36
213000224,39,37,2
213000225,59,6,53
213000226,44,17,27
213000227,470,165,305
213000228,156,57,99
213000229,366,36,330
213000230,245,29,216
213000232,52,581,-529
213000233,4,21,-17
213000234,16,25,-9
213000293,16,57,-41
213000294,101,9,92
213000295,6,68,-62
213000296,63,17,46
213000297,4,121,-117
213000298,15,98,-83
213000299,37,47,-10
213000300,12,12,0
213000303,10,34,-24
213000304,0,6,-6
213000305,2,5,-3
213000306,43,18,25
213000307,185,54,131
213000308,120,272,-152
213000309,127,36,91
213000310,119,62,57
213000311,326,656,-330
213000315,57,118,-61
213000316,49,39,10
213000322,65,151,-86
213000323,23,75,-52
213000324,22,32,-10
213000325,6,65,-59
213000326,8,12,-4
213000327,4,56,-52
213000328,23,67,-44
213000329,22,21,1
213000340,77,983,-906
213000341,174,79,95
213000346,108,99,9
213000347,777,152,625
213000348,9,227,-218
213000349,76,17,59
213000350,208,1653,-1445
213000366,43,365,-322
213000367,86,44,42
213000379,132,308,-176
213000386,6,191,-185
213000406,93,362,-269
213000417,773,318,455
213000425,110,53,57
213000426,43,73,-30
213000427,28,402,-374
213000428,29,230,-201
213000429,6,1,5
213000430,125,1008,-883
213000431,23,1,22
213000432,0,19,-19
213000433,8,129,-121
213000434,52,117,-65
213000435,73,82,-9
213000436,8,74,-66
213000437,1,8,-7
213000438,63,70,-7
213000439,48,8,40
213000440,12,146,-134
213000441,0,1,-1
213000442,4,28,-24
213000443,350,385,-35
213000444,21,41,-20
213000445,0,102,-102
213000446,1,13,-12
213000447,3,27,-24
213000448,7,50,-43
213000449,91,0,91
213000450,12,48,-36
213000451,88,83,5
213000452,14,24,-10
213000453,38,307,-269
213000455,345,13,332
213000456,1,201,-200
213000481,24,5,19
213000482,70,0,70
213000489,554,52,502
213000491,1,130,-129
213000492,226,5,221
213000493,0,76,-76
213000494,152,128,24
213000495,1,157,-156
213000496,219,199,20
213000497,37,301,-264
213000498,81,238,-157
213000499,97,581,-484
213000500,227,83,144
213000501,48,22,26
213000502,118,47,71
213000503,2,57,-55
213000504,14,165,-151
213000505,4,11,-7
213000506,0,4,-4
213000507,1,146,-145
213900244,4,0,4
213900245,0,34,-34
218000003,19,13,6
218000004,43,20,23
218000005,36,30,6
218000006,93,23,70
218000007,6,11,-5
218000012,287,104,183
218000013,76,122,-46
218000014,437,364,73
218000019,775,488,287
218000020,229,434,-205
218000021,7,24,-17
218000022,3,11,-8
218000023,1,13,-12
218000024,0,8,-8
218000025,3,13,-10
218000026,3,22,-19
218000027,0,11,-11
218000028,0,2,-2
218000029,1,1,0
218000030,6,10,-4
218000031,2,16,-14
218000032,4,14,-10
218000040,10,3,7
218000046,33,186,-153
218000047,8,235,-227
218000048,79,270,-191
218000049,102,189,-87
218000050,304,342,-38
218000051,48,329,-281
218000052,1,144,-143
218000053,15,21,-6
218000054,45,44,1
218000055,11,17,-6
218000056,14,27,-13
218000057,0,30,-30
218000064,3,5,-2
218000065,49,37,12
218000066,3,49,-46
218000067,24,75,-51
218000068,45,73,-28
218000069,100,155,-55
218000070,90,285,-195
218000071,118,187,-69
218000072,220,185,35
218000078,551,1387,-836
218000079,48,64,-16
218000080,62,70,-8
218000081,195,266,-71
218000082,19,145,-126
218000083,28,44,-16
218000084,73,178,-105
218000085,94,469,-375
218000086,19,193,-174
218000087,169,264,-95
218000090,7,66,-59
218000091,788,407,381
218000092,28,149,-121
218000093,68,86,-18
218000094,477,858,-381
218000099,241,401,-160
218000100,143,247,-104
218000101,108,151,-43
218000102,173,311,-138
218000103,39,231,-192
218000104,41,58,-17
218000105,15,11,4
218000106,15,16,-1
218000107,40,85,-45
218000108,3,44,-41
218000112,56,8,48
218000117,25,32,-7
218000134,413,849,-436
218000135,31,108,-77
218000136,173,52,121
218000137,101,146,-45
218000138,13,81,-68
218000139,102,386,-284
218000140,186,209,-23
218000141,39,67,-28
218000142,108,129,-21
218000143,45,137,-92
218000144,47,85,-38
218000145,201,412,-211
218000146,36,130,-94
218000151,10,23,-13
218000152,43,46,-3
218000153,0,0,0
218000154,0,0,0
218000155,3,1,2
218000156,9,3,6
218000157,4,7,-3
218000158,0,0,0
218000159,1,0,1
218000160,0,1,-1
218000161,4,1,3
218000162,5,3,2
218000163,1,2,-1
218000164,5,6,-1
218000165,7,7,0
218000170,0,35,-35
218000171,41,9,32
218000172,20,10,10
218000173,60,22,38
218000174,21,3,18
218000176,77,20,57
218000177,234,99,135
218000178,46,100,-54
218000179,41,61,-20
218000180,40,18,22
218000181,65,37,28
218000187,18,15,3
218000188,35,74,-39
218000189,20,85,-65
218000190,6,27,-21
218000191,54,113,-59
218000192,118,472,-354
218000193,346,639,-293
218000194,77,552,-475
218000195,115,73,42
218000196,219,314,-95
218000197,121,354,-233
218000198,4,146,-142
218000199,32,38,-6
218000200,142,73,69
218000201,10,10,0
218000202,126,140,-14
218000207,7,59,-52
218000208,35,71,-36
218000211,62,12,50
218000212,0,2,-2
218000213,103,39,64
218000214,5,13,-8
218000215,35,64,-29
218000217,4,106,-102
218000218,183,49,134
218000219,15,9,6
218000220,104,248,-144
218000221,576,147,429
218000222,32,7,25
218000223,24,100,-76
218000224,4,44,-40
218000225,112,6,106
218000226,64,44,20
218000230,0,7,-7
218000232,33,82,-49
218000239,79,5,74
218000240,27,2,25
218000241,17,1,16
218000242,153,0,153
218000243,36,3,33
218000244,13,1,12
218000245,24,6,18
218000246,1,1,0
218000247,0,0,0
218000248,2,36,-34
218000249,0,2,-2
218000250,6,12,-6
218000251,1,16,-15
218000252,4,15,-11
218000253,11,6,5
218000254,0,5,-5
218000255,2,3,-1
218000256,3,45,-42
218000267,831,1093,-262
218000268,10,76,-66
218000269,9,5,4
218000270,33,48,-15
218000271,51,95,-44
218000273,9,5,4
218000274,13,4,9
218000275,6,36,-30
218000276,6,37,-31
218000278,26,26,0
218000279,32,62,-30
218000280,7,45,-38
218000281,20,20,0
218000282,474,201,273
218000284,71,6,65
218000301,46,100,-54
218000302,56,29,27
218000303,44,60,-16
218000316,561,888,-327
218000317,552,1071,-519
218000318,284,815,-531
218000319,638,1558,-920
218000320,456,734,-278
218000338,48,36,12
218000345,103,45,58
218000346,49,141,-92
218000459,66,277,-211
218000490,32,64,-32
218000501,35,28,7
218000502,56,117,-61
218000503,33,13,20
218000504,121,11,110
218000505,40,157,-117
218000506,21,189,-168
218000508,3,6,-3
218000510,145,10,135
218000520,115,111,4
218000521,5,93,-88
218000522,3,154,-151
218000523,81,13,68
218000524,63,179,-116
218000525,132,21,111
218000526,37,47,-10
218000529,36,311,-275
218000530,0,2,-2
218000531,4,16,-12
218000532,11,32,-21
218000534,65,22,43
218000537,14,30,-16
218000538,84,113,-29
218000540,315,48,267
218000543,104,39,65
218000544,38,137,-99
218000545,20,51,-31
218000546,39,118,-79
218000547,54,81,-27
218000548,101,217,-116
218000549,249,124,125
218000550,269,479,-210
218000551,203,371,-168
218000552,526,23,503
218000553,56,106,-50
218000554,10,27,-17
218000555,22,53,-31
218000556,119,394,-275
218000557,167,171,-4
218000558,73,0,73
218000559,0,24,-24
218000560,0,12,-12
218000561,11,0,11
218000562,28,184,-156
218000563,160,25,135
218000564,28,127,-99
218000565,171,33,138
218000566,560,33,527
218000567,2,66,-64
218000568,24,10,14
218000569,24,114,-90
218000570,268,5,263
218000571,1,103,-102
218000572,75,0,75
218000573,34,103,-69
218000574,177,57,120
218000575,82,1,81
218000576,0,80,-80
218000577,63,0,63
218000578,1,87,-86
218000579,22,5,17
218000581,5,53,-48
218000582,20,2,18
218000583,3,0,3
218000584,0,17,-17
218000585,15,2,13
218000586,1,46,-45
218000587,1,0,1
218000588,1,0,1
218000589,0,2,-2
218000590,2,0,2
218000591,3,6,-3
218000592,13,0,13
218000593,0,0,0
218000594,0,0,0
218000597,0,0,0
218000598,0,0,0
218000599,0,0,0
218000600,0,0,0
218000601,0,0,0
218000602,0,4,-4
218000603,0,3,-3
218000604,8,3,5
218000605,0,22,-22
218000606,35,0,35
218000607,7,30,-23
218000608,53,14,39
218000609,1,48,-47
218000610,38,0,38
218000611,18,2,16
218000612,1,24,-23
218000613,18,7,11
218000614,0,50,-50
218000615,86,0,86
218000616,4,120,-116
218000617,10,0,10
218000618,0,13,-13
218000619,19,20,-1
218000620,5,15,-10
218000621,0,2,-2
218000622,0,11,-11
218000623,7,1,6
218000624,1,27,-26
218000625,9,6,3
218000626,1,23,-22
218000628,87,24,63
218000631,41,25,16
218000632,2,87,-85
218000633,48,1,47
218000634,9,15,-6
218000635,4,4,0
218000636,500,1687,-1187
218000637,524,558,-34
218000638,101,59,42
218000639,7,173,-166
218000640,105,12,93
218000641,45,382,-337
218000652,79,119,-40
218000653,113,32,81
218000663,3,103,-100
218000675,94,64,30
218000676,0,11,-11
218000677,0,4,-4
218000680,173,598,-425
218000681,314,119,195
218000691,121,510,-389
218000693,78,95,-17
218000703,4,27,-23
218000718,872,395,477
218000719,1182,138,1044
218000720,15,63,-48
218000721,47,8,39
218000725,0,2,-2
218001147,2,298,-296
218001214,9,17,-8
218001258,80,5,75
218001329,115,102,13
218001330,122,131,-9
218001351,51,14,37
218001352,4,29,-25
218001353,12,4,8
218001354,1,22,-21
218001355,18,418,-400
218001356,120,5,115
218001357,55,327,-272
218001358,103,5,98
218001361,111,16,95
218001362,0,356,-356
219000001,13,48,-35
219000002,25,46,-21
219000003,25,25,0
219000004,56,24,32
219000017,94,17,77
219000020,74,21,53
219000022,90,1,89
219000023,53,0,53
219000029,1,90,-89
219000034,31,12,19
219000039,16,59,-43
219000040,13,19,-6
219000041,75,32,43
219000051,0,46,-46
219000052,0,35,-35
219000053,3,279,-276
219000054,13,137,-124
219000055,41,0,41
219000056,3,1,2
219000057,42,0,42
219000062,11,287,-276
219000063,33,8,25
219000064,5,32,-27
219000110,207,34,173
219000111,125,11,114
219000112,120,37,83
219000113,59,22,37
219000114,172,42,130
219000116,62,46,16
219000117,155,100,55
219000118,45,57,-12
219000123,223,104,119
219000124,55,53,2
219000125,6,9,-3
219000126,63,92,-29
219000127,0,5,-5
219000128,11,79,-68
219000129,27,107,-80
219000130,849,823,26
219000131,829,829,0
219000133,43,36,7
219000134,5,11,-6
219000135,17,52,-35
219000136,100,126,-26
219000138,48,10,38
219000139,16,49,-33
219000140,16,1,15
219000141,12,109,-97
219000142,7,67,-60
219000143,18,112,-94
219000145,17,43,-26
219000146,0,53,-53
219000147,2,65,-63
219000148,0,78,-78
219000149,19,194,-175
219000150,2,143,-141
219000151,3,93,-90
219000157,122,105,17
219000158,122,238,-116
219000161,151,6,145
219000163,1222,370,852
219000166,51,171,-120
219000167,89,220,-131
219000168,295,51,244
219000174,276,68,208
219000175,27,2,25
219000176,40,1,39
219000177,4,6,-2
219000178,13,0,13
219000179,8,6,2
219000180,28,33,-5
219000182,63,8,55
219000183,27,51,-24
219000184,44,2,42
219000185,1,88,-87
219000186,14,55,-41
219000187,11,143,-132
219000189,138,109,29
219000190,129,236,-107
219000191,1394,875,519
219000192,115,138,-23
219000193,546,163,383
219000195,2,72,-70
219000196,7,127,-120
219000198,23,166,-143
219000199,74,161,-87
219000200,25,147,-122
219000201,83,231,-148
219000203,33,110,-77
219000204,62,184,-122
219000205,36,175,-139
219000207,183,225,-42
219000209,18,102,-84
219000210,59,125,-66
219000213,8,337,-329
219000239,133,224,-91
219000240,191,350,-159
219000241,96,260,-164
219000242,35,237,-202
219000243,72,369,-297
219000244,19,145,-126
219000245,76,70,6
219000246,55,15,40
219000247,72,30,42
219000248,325,233,92
219000249,66,62,4
219000250,84,71,13
219000251,334,128,206
219000252,155,119,36
219000253,209,42,167
219000255,60,84,-24
219000256,92,98,-6
219000257,62,0,62
219000262,69,232,-163
219000263,45,229,-184
219000267,2,176,-174
219000268,2,3,-1
219000269,3,1,2
219000270,10,0,10
219000271,66,4,62
219000278,6,8,-2
219000279,0,3,-3
219000283,0,13,-13
219000295,8,115,-107
219000296,55,513,-458
219000297,16,149,-133
219000298,6,194,-188
219000299,339,49,290
219000300,27,300,-273
219000301,199,296,-97
219000302,16,133,-117
219000307,20,39,-19
219000308,38,14,24
219000311,141,32,109
219000312,348,24,324
219000313,150,18,132
219000314,72,597,-525
219000315,130,29,101
219000316,232,35,197
219000317,54,18,36
219000320,0,52,-52
219000321,1,17,-16
219000323,2,108,-106
219000325,0,29,-29
219000326,49,117,-68
219000327,49,27,22
219000328,25,43,-18
219000329,165,96,69
219000330,14,24,-10
219000331,36,36,0
219000332,44,85,-41
219000333,1,0,1
219000335,55,3,52
219000337,4,0,4
219000338,38,1,37
219000344,25,60,-35
219000345,62,129,-67
219000346,19,156,-137
219000348,86,170,-84
219000349,20,333,-313
219000350,36,78,-42
219000351,12,6,6
219000352,143,36,107
219000353,57,38,19
219000354,102,85,17
219000355,80,31,49
219000356,1845,537,1308
219000363,303,25,278
219000364,83,23,60
219000365,69,15,54
219000366,204,122,82
219000368,310,367,-57
219000370,859,222,637
219000371,6,21,-15
219000382,5,27,-22
219000383,635,666,-31
219000385,490,413,77
219000386,844,1178,-334
219000387,4,2,2
219000390,4,0,4
219000391,4,0,4
219000397,53,67,-14
219000398,47,30,17
219000401,7,69,-62
219000402,32,89,-57
219000403,106,159,-53
219000404,19,76,-57
219000407,5,27,-22
219000409,30,22,8
219000410,39,26,13
219000411,37,5,32
219000446,198,411,-213
219000447,5,15,-10
219000448,4,5,-1
219000452,113,41,72
219000453,71,82,-11
219000454,302,174,128
219000556,93,68,25
219000558,93,332,-239
219000590,13,183,-170
219000591,17,41,-24
219000592,97,402,-305
219000595,0,30,-30
219000635,36,17,19
219000636,11,93,-82
219000657,26,13,13
219000658,7,33,-26
219000673,0,6,-6
219000676,3,2,1
219000679,16,4,12
219000684,72,2,70
219000685,1,104,-103
219000686,2,2,0
219000688,0,82,-82
219000689,47,247,-200
219000690,203,37,166
219000691,69,103,-34
219000692,169,28,141
219000693,0,23,-23
219000694,3,0,3
219000695,8,3,5
219000698,19,0,19
219000699,0,19,-19
219000727,0,249,-249
219000728,26,1,25
219000770,18,1,17
219000771,3,30,-27
219000788,249,198,51
219001150,0,17,-17
219001151,1,2,-1
219001166,20,6,14
219001167,3,58,-55
219001178,22,2,20
220000001,21,27,-6
220000002,14,140,-126
220000003,375,255,120
220000004,564,595,-31
220000005,1273,1307,-34
220000006,125,870,-745
220000007,238,695,-457
220000008,311,1098,-787
220000009,121,504,-383
220000010,201,124,77
220000011,513,1903,-1390
220000012,123,203,-80
220000014,61,55,6
220000015,51,232,-181
220000017,58,338,-280
220000018,4791,1203,3588
220000019,49,232,-183
220000020,214,213,1
220000021,476,149,327
220000022,280,407,-127
220000023,148,146,2
220000024,1251,287,964
220000025,485,410,75
220000026,142,120,22
220000027,14,74,-60
220000028,19,39,-20
220000029,57,153,-96
220000030,226,99,127
220000031,133,218,-85
220000064,11,819,-808
221000046,6,0,6
221000047,0,4,-4
221000048,0,1,-1
221000049,1,12,-11
221000050,8,0,8
221000055,36,32,4
221000057,39,14,25
221000068,246,95,151
221000069,207,35,172
221000070,100,18,82
221000071,58,7,51
221000072,139,18,121
221000073,164,30,134
221000074,1,13,-12
221000075,13,25,-12
221000076,3,24,-21
221000077,30,56,-26
221000081,30,4,26
221000082,36,6,30
221000083,50,2,48
221000084,11,2,9
221000085,17,54,-37
221000086,10,117,-107
221000087,4,157,-153
221000088,15,134,-119
221000089,27,240,-213
221000090,112,435,-323
221000098,73,7,66
221000099,86,3,83
221000100,39,11,28
221000101,192,14,178
221000102,74,13,61
221000109,9,99,-90
221000110,13,88,-75
221000111,13,147,-134
221000112,6,127,-121
221000113,13,141,-128
221000114,4,116,-112
221000120,24,24,0
221000121,3,17,-14
221000122,3,30,-27
221000123,5,37,-32
221000124,20,317,-297
221000155,54,6,48
221000156,16,24,-8
221000175,0,4,-4
221000176,0,5,-5
221000182,22,7,15
221000241,616,168,448
221000242,170,316,-146
221000243,306,101,205
221000244,130,470,-340
221000245,53,92,-39
221000246,11,243,-232
221000247,67,103,-36
221000248,111,190,-79
221000267,47,782,-735
221000325,46,45,1
221000331,2,101,-99
221000338,8,16,-8
221000378,117,12,105
221000381,67,142,-75
222000282,4,5,-1
222000296,3,18,-15
222000568,226,11,215
222000569,93,18,75
222000570,75,6,69
222000571,120,3,117
222000577,5,280,-275
222000578,11,243,-232
222000579,22,163,-141
222000580,139,1023,-884
222000599,0,122,-122
222000600,2,321,-319
222000601,13,832,-819
222000603,9,23,-14
222000604,16,32,-16
222000605,11,13,-2
222000606,0,3,-3
222000607,7,4,3
222000608,12,29,-17
222000609,42,411,-369
222000616,94,46,48
222000617,8,11,-3
222000618,7,6,1
222000620,74,7,67
222000621,45,7,38
222000623,355,4,351
222000624,177,4,173
222000625,302,16,286
222000636,28,0,28
222000686,23,29,-6
222000687,15,39,-24
222001066,203,0,203
222001067,5,4,1
222001068,12,45,-33
222001069,11,30,-19
222001082,3,47,-44
222001083,6,49,-43
222001084,0,24,-24
222001085,2,78,-76
222001111,7,302,-295
222001112,47,47,0
222001313,24,6,18
222001314,11,96,-85
222001464,115,45,70
222001465,36,322,-286
222001484,58,42,16
222001485,24,83,-59
222001494,158,95,63
222001495,78,569,-491
222001496,116,48,68
222001497,96,804,-708
222001502,18,106,-88
222001503,36,39,-3
222001504,19,251,-232
222001505,196,13,183
222001506,26,225,-199
222001507,155,19,136
222001510,159,24,135
222001511,23,365,-342
222001514,271,78,193
222001515,212,697,-485
222001518,108,38,70
222001519,37,415,-378
222001527,142,20,122
222001528,62,203,-141
222001529,101,33,68
222001530,36,260,-224
222001533,91,423,-332
222001534,126,45,81
222001535,57,125,-68
222001536,63,443,-380
222001537,183,29,154
222001538,25,500,-475
222001563,304,63,241
222001564,34,889,-855
222001568,199,118,81
222001576,1,1,0
222001579,0,6,-6
222001583,29,213,-184
222001584,57,25,32
222001596,464,1597,-1133
222001597,917,214,703
222001626,0,148,-148
222001650,37,54,-17
222001651,65,157,-92
222001914,143,38,105
222001915,48,178,-130
222001968,396,182,214
222001969,389,1037,-648
222001970,101,281,-180
222001971,2,38,-36
222001972,1,16,-15
225000001,233,71,162
225000002,203,62,141
225000003,206,51,155
225000004,177,153,24
225000005,28,36,-8
225000006,1,137,-136
225000007,3082,1179,1903
225000010,133,5,128
225000011,425,654,-229
225000012,126,401,-275
225000013,95,114,-19
225000014,517,66,451
225000015,59,247,-188
225000021,425,185,240
225000027,221,544,-323
225000032,469,135,334
225000042,49,712,-663
225000049,21,71,-50
225000050,45,17,28
225000053,2,226,-224
225000058,492,135,357
225000067,130,246,-116
225000068,71,557,-486
225000069,178,510,-332
225000070,48,493,-445
225000071,25,300,-275
225000075,18,646,-628
225000076,62,106,-44
225000078,34,18,16
225000085,24,59,-35
225000086,93,27,66
225000087,82,19,63
225000088,16,136,-120
225000089,329,707,-378
225000090,22,345,-323
225000091,97,204,-107
225000092,52,67,-15
225000093,139,441,-302
225000094,10,491,-481
225000095,294,652,-358
225000096,234,419,-185
225000098,345,103,242
225000099,179,91,88
225000100,125,74,51
225000104,71,403,-332
225000110,10,397,-387
225000111,160,1086,-926
225000112,260,1011,-751
225000113,92,626,-534
225000114,32,318,-286
225000115,2588,567,2021
225000116,728,106,622
225000117,749,290,459
225000118,591,205,386
225000119,101,66,35
225000120,303,41,262
225000121,165,18,147
225000123,660,8,652
225000125,221,260,-39
225000126,912,144,768
225000127,879,442,437
225000128,356,407,-51
225000132,235,24,211
225000133,159,34,125
225000134,452,75,377
225000135,28,3,25
225000136,102,12,90
225000137,67,45,22
225000138,229,44,185
225000143,84,145,-61
225000144,1,342,-341
225000145,16,29,-13
225000146,22,103,-81
225000147,8,323,-315
225000148,11,308,-297
225000149,48,485,-437
225000151,28,204,-176
225000155,290,370,-80
225000156,165,671,-506
225000157,174,351,-177
225000158,70,328,-258
225000171,3,145,-142
225000180,19,0,19
225000181,0,53,-53
225000182,54,1,53
225000185,5,313,-308
225000187,38,386,-348
225000191,113,1,112
225000194,0,7,-7
225000208,3,55,-52
225000209,33,18,15
225000210,6,218,-212
225000217,1,32,-31
225000218,0,0,0
225000223,0,66,-66
225000224,377,0,377
225000225,0,14,-14
225000226,32,3,29
225000227,27,50,-23
225000228,8,1,7
225000229,0,84,-84
225000230,3,0,3
225000231,1,85,-84
225000232,37,0,37
225000241,65,1,64
225000242,0,51,-51
225000249,0,3,-3
225000250,47,876,-829
225000251,285,27,258
226000042,370,359,11
226000043,65,256,-191
226000044,142,737,-595
226000045,79,408,-329
226000046,293,47,246
226000047,249,92,157
226000048,208,59,149
226000049,153,111,42
226000070,0,36,-36
226000071,0,71,-71
226000072,0,11,-11
226000073,0,17,-17
226000074,0,14,-14
226000084,6,42,-36
226000085,1,4,-3
226000086,5,3,2
226000087,0,4,-4
226000088,23,14,9
226000090,35,48,-13
226000091,28,12,16
226000092,1,0,1
226000093,44,0,44
226000094,6,4,2
226000095,249,2,247
226000105,23,2,21
226000106,4,1,3
226000107,4,0,4
226000108,27,0,27
226000109,45,0,45
226000124,100,45,55
226000134,247,356,-109
226000135,568,467,101
226000136,155,251,-96
226000137,7,395,-388
226000138,3,198,-195
226000139,5,21,-16
226000156,34,4,30
226000157,66,11,55
226000163,48,46,2
226000202,3,412,-409
226000231,164,5,159
226000232,18,9,9
227000033,243,34,209
227000036,129,22,107
227000037,68,19,49
227000038,64,12,52
227000049,0,10,-10
227000050,0,43,-43
227000055,24,1,23
227000056,13,0,13
227000084,2,54,-52
227000085,0,28,-28
227000088,31,3,28
227000089,80,4,76
227000090,25,3,22
227000091,15,1,14
227000093,41,0,41
227000094,3,0,3
227000130,18,44,-26
227000131,10,322,-312
227000132,7,200,-193
227000133,11,299,-288
227000134,10,443,-433
227000152,0,2,-2
227000153,1,16,-15
227000155,0,8,-8
227000156,0,17,-17
227000165,2,28,-26
227000196,120,336,-216
227000199,105,678,-573
227000230,14,670,-656
227000232,155,19,136
227000242,35,470,-435
227000243,222,35,187
227000245,10,310,-300
227000246,70,548,-478
227000247,135,36,99
227000248,47,26,21
227000249,23,201,-178
227000250,284,78,206
227000251,155,373,-218
227000252,20,413,-393
227000253,40,14,26
227000262,176,19,157
227000266,438,21,417
227000267,38,2513,-2475
227000282,11,329,-318
227000284,161,18,143
227000286,2,92,-90
227000287,4,160,-156
227000291,13,807,-794
227000484,328,17,311
227000485,31,1047,-1016
227000655,24,9,15
227000656,520,25,495
227000657,23,14,9
227000661,216,14,202
227000680,113,39,74
229000265,3,46,-43
229000296,4,11,-7
229000297,2,58,-56
229000298,3,144,-141
229000320,20,14,6
229000321,16,4,12
229000412,12,44,-32
229000414,3,71,-68
229000415,9,3,6
229000416,1,5,-4
229000417,3,4,-1
229000419,66,248,-182
229000440,160,68,92
229000442,8,2,6
229000443,0,6,-6
229000444,0,28,-28
229000445,36,21,15
229000446,24,27,-3
229000491,0,8,-8
229000492,3,30,-27
229000493,0,26,-26
229000494,15,3,12
229000495,50,4,46
229000496,11,3,8
229000507,0,1,-1
229000508,0,1,-1
229000509,0,7,-7
229000510,0,4,-4
229000511,0,6,-6
229000512,0,2,-2
229000513,0,1,-1
229000514,0,0,0
229000517,0,5,-5
229000518,2,12,-10
229000519,2,0,2
229000520,1,11,-10
229000521,5,4,1
229000522,1,5,-4
229000523,5,4,1
229000524,0,1,-1
229000527,1,1,0
229000528,0,0,0
229000529,2,0,2
229000530,18,2,16
229000531,8,2,6
229000532,5,2,3
229000533,26,1,25
229000534,28,0,28
229000564,16,1,15
229000565,2,0,2
229000566,0,2,-2
229000567,0,4,-4
229000582,50,0,50
229000583,2,2,0
229000584,0,2,-2
229000585,0,3,-3
229000718,0,0,0
229000719,0,0,0
229000720,0,0,0
229000721,0,1,-1
229000722,0,2,-2
229000723,0,0,0
229000724,0,0,0
229000725,0,0,0
229000738,0,0,0
229000739,0,0,0
229000740,1,0,1
229000741,10,0,10
229000742,0,0,0
229000743,1,1,0
229000744,0,0,0
229000745,1,0,1
229000746,6,0,6
229000847,7,0,7
229000848,2,0,2
229000849,57,3,54
229000851,19,0,19
229000854,0,62,-62
229000856,1,166,-165
229000857,0,32,-32
229000858,0,104,-104
229000919,7,59,-52
229000930,0,163,-163
229000937,82,16,66
229000966,36,28,8
229000981,11,41,-30
229000985,2,19,-17
229000986,3,5,-2
229000987,0,2,-2
229000988,0,5,-5
229000989,2,0,2
229000990,1,3,-2
229000991,0,4,-4
229000992,4,6,-2
229000993,157,10,147
229000998,18,60,-42
229000999,46,6,40
229001034,0,3,-3
229001035,4,0,4
229001037,49,6,43
229001042,13,19,-6
229001047,0,61,-61
229001050,25,48,-23
229001168,0,0,0
229001200,9,1,8
229001338,18,18,0
229001394,199,1,198
229001422,77,31,46
229001423,40,99,-59
229001431,28,31,-3
229001432,32,59,-27
229001444,111,31,80
229001445,25,173,-148
229001479,4,1,3
229001503,133,81,52
229001504,45,175,-130
229001505,57,38,19
229001506,23,130,-107
229001509,14,21,-7
229001545,40,7,33
229001546,6,65,-59
229001553,28,13,15
229001554,14,89,-75
229001559,1,12,-11
229001560,1,25,-24
229001630,107,16,91
229001631,3,37,-34
229001635,0,5,-5
229001636,0,0,0
229001658,1,62,-61
229001659,78,3,75
229001660,1,1,0
229001661,0,13,-13
229001662,16,1,15
229001663,0,9,-9
229002584,120,154,-34
229002831,165,135,30
229002841,1,26,-25
229002842,1,15,-14
229002843,16,25,-9
229002844,27,36,-9
229002845,19,73,-54
229002846,26,19,7
229002847,2,9,-7
229002848,3,12,-9
229002849,1,66,-65
229002850,12,1,11
229002851,25,90,-65
229002852,56,16,40
229002853,38,27,11
229002854,33,29,4
229002855,3,35,-32
229002856,15,21,-6
229002857,1,35,-34
229002858,3,2,1
229002859,12,13,-1
229002860,29,3,26
229002861,14,12,2
229002862,5,18,-13
229002863,18,28,-10
229002864,8,32,-24
229002865,44,11,33
229002866,31,17,14
229002867,1,24,-23
229002868,10,4,6
229002869,8,127,-119
229002870,24,3,21
235000066,285,63,222
235000067,107,91,16
235000072,22,36,-14
235000073,43,189,-146
235000074,9,55,-46
235000080,10,76,-66
235000081,27,180,-153
235000082,83,68,15
235000083,65,84,-19
235000084,26,36,-10
235000085,61,57,4
235000089,12,30,-18
235000092,6,129,-123
235000093,7,1,6
235000097,0,2,-2
235000098,23,7,16
235000099,28,33,-5
235000116,52,17,35
235000117,684,7,677
235000133,4,187,-183
235000134,1,69,-68
235000206,18,0,18
235000207,1,1,0
235000208,3,0,3
235000209,6,3,3
235000210,2,1,1
235000212,3,12,-9
235000213,6,7,-1
235000220,0,3,-3
235000221,25,6,19
235000238,10,12,-2
235000239,1,4,-3
235000242,204,199,5
235000245,910,131,779
235000246,9,34,-25
235000284,3,121,-118
235000295,124,1,123
235000305,104,4,100
235000306,40,16,24
235000307,14,2,12
235000308,12,0,12
235000309,32,3,29
235000310,11,0,11
235000311,26,8,18
235000322,0,19,-19
235000323,2,58,-56
235000324,1,26,-25
235000325,0,11,-11
235000326,5,307,-302
235000351,4,92,-88
235000352,13,100,-87
235000353,1,27,-26
235000354,6,45,-39
235000355,13,60,-47
235000356,42,8,34
235000357,32,22,10
235000358,30,9,21
235000359,12,1,11
235000360,30,1,29
235000361,41,1,40
235000381,45,329,-284
235000382,73,43,30
235000390,10,3,7
235000391,52,27,25
235000392,59,140,-81
235000393,38,77,-39
235000395,46,14,32
235000396,151,56,95
235000400,70,79,-9
235000401,35,202,-167
235000405,52,249,-197
235000406,15,209,-194
235000407,48,99,-51
235000409,150,146,4
235000410,17,225,-208
235000411,4,87,-83
235000485,0,8,-8
235000486,1,0,1
235000549,22,55,-33
235000550,53,166,-113
235000599,43,47,-4
235000600,13,9,4
235000601,13,40,-27
235000602,41,118,-77
235000614,1,1,0
235000648,0,17,-17
235000649,24,1,23
235000685,1,1,0
235000815,6,28,-22
235000834,0,12,-12
235000855,18,47,-29
235000862,14,202,-188
235000891,0,5,-5
235000892,11,1,10
235000901,26,73,-47
235000907,2,4,-2
235001010,20,58,-38
235001029,488,346,142
235001030,339,154,185
235001078,65,57,8
235001079,50,78,-28
235001147,23,50,-27
235001166,3,68,-65
235001167,9,35,-26
235001169,35,326,-291
235001188,1,6,-5
235001189,1,4,-3
235001197,9,32,-23
235001200,31,18,13
235001207,208,25,183
235001210,53,295,-242
235001215,38,272,-234
235001239,0,40,-40
235001244,0,0,0
235016267,0,35,-35
277101746,0,0,0
277102712,2,1,1
277103813,0,0,0
277103814,0,0,0
277103898,0,0,0
277104249,0,0,0
277104250,0,21,-21
277104251,0,10,-10
277104252,0,1,-1
990011530,0,241,-241
990014944,1,402,-401
990015176,13,6,7
990015618,0,71,-71
990016032,2,364,-362
990032570,0,49,-49
990070001,37,0,37
990070103,0,5,-5
990070601,0,42,-42
990070751,184,0,184
990070766,1,788,-787
990071180,376,207,169
990071343,27,10,17
990071387,0,3,-3
990071823,183,0,183
990072600,2,681,-679
990072964,0,448,-448
990073285,0,2,-2
990074393,5,1128,-1123
990074870,418,4,414
990075106,433,6,427
990075746,178,4,174
990076437,415,1,414
990076458,5,1425,-1420
997000007,158,3,155
997000041,0,78,-78
997000058,28,0,28
997000062,35,4,31
997000069,0,15,-15
997000070,0,78,-78
997000100,15,10,5
997000141,1,338,-337
997000198,1107,662,445
998000475,0,12,-12
998000736,0,348,-348
998000965,0,13,-13
998001031,0,60,-60
998001700,1,20,-19
998001899,0,6,-6
998001900,2,0,2
998003073,490,8,482
998101900,0,0,0
998102850,0,65,-65
998501927,502,278,224
998501929,82,23,59
998501930,58,0,58
998501931,90,15,75
998501932,1,0,1
998501933,13,0,13
998501937,8,0,8
998501944,3,1,2
998501950,0,5,-5
998501970,19,1,18
998501971,0,61,-61
998501973,0,61,-61
998501974,0,269,-269
998501975,92,0,92
998501976,59,0,59
998501977,0,74,-74
998501978,42,0,42
998501979,0,11,-11
998501980,51,3,48
998501981,14,4,10
998501982,1,63,-62
998501983,0,0,0
998502006,0,0,0
998502024,0,5,-5
998502032,0,2,-2
998502062,5,0,5
998502063,0,0,0
998502173,51,0,51
998502269,0,3,-3
998502546,1,117,-116
998502578,0,0,0
998502599,250,211,39
998601159,1,242,-241
998601292,1,8,-7
999033574,0,707,-707
999800001,20,0,20
999800002,0,1,-1
999800003,5,2,3
999800004,0,7,-7
999800005,0,6,-6
