ID,insum,outsum,diff
100000001,884,1049,-165
100000002,2302,2542,-240
100000003,5146,4588,558
100000004,1584,1367,217
100000005,2397,4937,-2540
100000006,581,175,406
100000007,1815,739,1076
100000008,199,530,-331
100000009,684,209,475
100000010,63,70,-7
100000011,921,118,803
100000012,152,758,-606
100000013,119,166,-47
100000014,403,343,60
100000015,1660,2181,-521
100000016,826,1425,-599
100000017,614,901,-287
100000018,1103,638,465
100000019,3421,2206,1215
100000020,2076,5424,-3348
100000021,4178,2671,1507
100000022,1078,2463,-1385
100000023,4575,2191,2384
100000025,1080,1426,-346
100000028,1156,1413,-257
100000029,191,477,-286
100000030,138,46,92
100000031,4062,6518,-2456
100000032,2127,3569,-1442
100000033,1048,2442,-1394
100000034,357,680,-323
100000035,1455,1600,-145
100000036,1574,1436,138
100000037,714,457,257
100000038,2212,921,1291
100000039,451,235,216
100000040,157,145,12
100000041,1238,572,666
100000042,1128,454,674
100000043,1014,532,482
100000044,366,972,-606
100000045,509,1078,-569
100000046,634,742,-108
100000047,185,461,-276
100000048,253,447,-194
100000049,1386,1372,14
100000051,447,858,-411
100000053,204,5,199
100000054,531,43,488
100000055,987,257,730
100000056,566,415,151
100000057,1823,635,1188
100000058,796,928,-132
100000059,7,117,-110
100000060,442,277,165
100000061,2183,397,1786
100000062,1890,615,1275
100000063,883,280,603
100000064,1432,359,1073
100000065,430,813,-383
100000066,206,691,-485
100000067,384,635,-251
100000068,452,1341,-889
100000069,293,1128,-835
100000072,288,453,-165
100000073,922,883,39
100000075,767,309,458
100000076,1828,2704,-876
100000077,259,302,-43
100000078,62,47,15
100000079,43,80,-37
100000080,49,63,-14
100000081,170,212,-42
100000102,2434,2584,-150
100000103,2365,1809,556
100000104,3595,3132,463
100000105,2454,1926,528
100000106,2182,2458,-276
100000107,544,1116,-572
100000108,463,989,-526
100000109,1834,1237,597
100000116,1188,970,218
100000117,79,116,-37
100000118,1217,1401,-184
100000119,557,809,-252
100000121,211,514,-303
100000122,678,1112,-434
100000123,2353,4195,-1842
100000124,3381,6696,-3315
100000125,3451,1851,1600
100000126,634,454,180
100000127,1429,534,895
100000128,1011,2461,-1450
100000129,390,493,-103
100000130,481,427,54
100000131,1712,2468,-756
100000132,1232,3207,-1975
100000133,3689,2220,1469
100000135,687,1188,-501
100000139,397,437,-40
100000140,331,357,-26
100000142,520,644,-124
100000143,1339,518,821
100000144,3071,832,2239
100000147,1246,3127,-1881
100000150,48,367,-319
100000151,1083,1220,-137
100000153,199,449,-250
100000154,46,258,-212
100000155,24,88,-64
100000156,452,488,-36
100000157,230,204,26
100000158,370,151,219
100000159,239,670,-431
100000165,1533,962,571
100000169,220,942,-722
100000174,591,924,-333
100000179,152,576,-424
100000180,1135,1774,-639
100000181,529,202,327
100000188,88,175,-87
100000189,768,372,396
100000190,855,1010,-155
100000191,796,650,146
100000192,63,143,-80
100000193,349,146,203
100000330,1177,1013,164
100000355,167,552,-385
100000362,3757,2525,1232
100000363,4120,4321,-201
100000364,237,279,-42
100000365,5741,7187,-1446
100000366,5336,2781,2555
100000367,5514,6484,-970
100000368,1744,1290,454
100000369,1079,1946,-867
100000370,223,902,-679
100000376,66,234,-168
100000379,1855,1833,22
100000380,3755,4808,-1053
100000384,4886,5717,-831
100000385,3575,4646,-1071
100000386,6704,6012,692
100000387,5062,5880,-818
100000388,6851,7080,-229
100000389,7682,7354,328
100000390,9235,6956,2279
100000391,6368,9574,-3206
100000392,3153,4023,-870
100000393,2747,5471,-2724
100000394,7044,8678,-1634
100000395,4921,4460,461
100000396,7532,4297,3235
100000397,5495,7839,-2344
100000398,9219,7247,1972
100000413,38,31,7
100900002,6,22,-16
100900003,441,214,227
100900004,13,876,-863
100900005,138,29,109
100900006,19,80,-61
100900007,339,14,325
100900008,5,542,-537
100900009,93,139,-46
100900010,55,60,-5
100900011,147,216,-69
100900012,1,191,-190
100900013,861,10,851
100900014,5,7,-2
100900015,71,58,13
100900016,4,40,-36
100900017,846,69,777
100900018,0,10,-10
100900019,22,99,-77
100900020,331,7,324
100900021,424,1,423
100900022,27,27,0
100900023,0,24,-24
100900024,514,4,510
100900025,31,16,15
100900026,160,111,49
100900027,568,2412,-1844
100900028,116,206,-90
100900029,75,14,61
100900030,6,120,-114
100900031,570,58,512
100900032,311,2,309
100900033,288,228,60
100900034,650,5,645
100900035,294,0,294
100900036,17,1,16
100900037,141,180,-39
100900038,83,51,32
100900039,246,491,-245
100900040,491,488,3
100900041,886,599,287
100900042,1006,1788,-782
100900043,0,17,-17
100900044,1468,577,891
100900045,9,0,9
100900046,1036,22,1014
100900047,627,209,418
100900048,190,40,150
100900049,94,112,-18
100900050,4,16,-12
100900051,22,83,-61
100900052,230,54,176
100900053,425,25,400
100900054,21,56,-35
100900055,253,714,-461
100900056,87,133,-46
100900057,1502,878,624
100900058,261,61,200
100900059,147,17,130
100900060,175,4,171
100900061,349,180,169
100900062,12,28,-16
100900063,234,689,-455
100900064,707,27,680
100900065,93,99,-6
100900066,194,137,57
100900067,1,15,-14
100900068,133,78,55
100900069,287,10,277
100900070,439,8,431
100900071,576,206,370
100900072,3,40,-37
100900073,125,269,-144
100900074,4,4,0
100900075,1812,307,1505
100900076,9,41,-32
100900077,51,57,-6
100900078,103,305,-202
100900079,11,24,-13
100900080,48,132,-84
100900081,28,127,-99
100900082,169,399,-230
100900083,13,19,-6
100900085,31,424,-393
100900086,135,455,-320
100900088,169,399,-230
100900089,5,14,-9
100900090,87,441,-354
100900091,5,19,-14
100900092,208,122,86
100900093,269,313,-44
100900094,182,324,-142
100900095,5,57,-52
100900096,53,129,-76
100900097,0,4,-4
100900098,55,20,35
100900099,29,556,-527
100900100,18,686,-668
100900101,329,91,238
100900102,51,103,-52
100900103,19,21,-2
100900104,12,238,-226
100900105,36,575,-539
100900106,66,7,59
100900107,1545,766,779
100900108,5,33,-28
100900109,31,21,10
100900110,1,29,-28
100900111,85,196,-111
100900112,1,13,-12
100900113,17,25,-8
100900114,28,22,6
100900115,7,25,-18
100900116,828,564,264
100900117,311,893,-582
100900118,21,39,-18
100900119,17,22,-5
100900120,8,6,2
100900121,392,468,-76
100900122,243,168,75
100900123,144,161,-17
100900124,34,19,15
100900125,35,109,-74
100900126,254,166,88
100900127,6,23,-17
100900128,93,136,-43
100900129,1,228,-227
100900131,114,320,-206
100900133,68,35,33
100900134,5,14,-9
100900135,0,246,-246
100900137,248,137,111
100900138,532,473,59
100900139,8,10,-2
100900140,5,489,-484
100900141,3,612,-609
100900142,0,6,-6
100900143,887,404,483
100900144,28,13,15
100900145,126,281,-155
100900146,19,65,-46
100900147,16,780,-764
100900148,34,473,-439
100900149,44,401,-357
100900150,4,33,-29
100900151,150,421,-271
100900152,134,9,125
100900153,3,226,-223
100900154,13,78,-65
100900155,12,16,-4
100900156,35,12,23
100900157,5,193,-188
100900159,6,69,-63
100900160,48,7,41
100900161,48,8,40
100900162,19,307,-288
100900163,150,211,-61
100900164,48,79,-31
100900165,14,21,-7
100900166,32,3,29
100900167,23,80,-57
100900168,53,155,-102
100900169,123,954,-831
100900170,41,20,21
100900171,10,480,-470
100900172,0,62,-62
100900173,5,230,-225
100900174,256,36,220
100900176,1937,201,1736
100900177,675,241,434
100900178,208,152,56
100900179,252,379,-127
100900180,4,9,-5
100900181,121,62,59
100900182,50,36,14
100900184,25,167,-142
100900186,535,365,170
100900187,12,85,-73
100900188,30,14,16
100900189,1303,307,996
100900191,816,954,-138
100900192,257,416,-159
100900195,100,158,-58
100900197,32,48,-16
100900198,47,124,-77
100900199,2,9,-7
100900200,600,432,168
100900201,88,522,-434
100900202,55,0,55
100900203,0,111,-111
100900204,140,593,-453
100900205,181,555,-374
100900206,219,69,150
100900207,283,155,128
100900210,94,495,-401
100900211,541,187,354
100900213,140,66,74
100900214,426,154,272
100900215,28,42,-14
100900217,193,119,74
101000001,3007,2308,699
101000002,6142,5856,286
101000003,481,1096,-615
101000004,6693,5388,1305
101000005,2612,4170,-1558
101000006,6569,6316,253
101000007,2888,3507,-619
101000008,2393,2506,-113
101000009,1854,1177,677
101000010,907,929,-22
101000011,1428,502,926
101000012,1201,695,506
101000013,814,1071,-257
101000014,536,552,-16
101000015,1273,851,422
101000016,372,503,-131
101000017,585,532,53
101000018,2227,2319,-92
101000020,2042,1023,1019
101000021,812,509,303
101000022,163,102,61
101000023,1198,710,488
101000025,328,437,-109
101000026,313,26,287
101000027,1776,2487,-711
101000028,999,226,773
101000029,276,1667,-1391
101000030,1803,155,1648
101000031,923,873,50
101000032,7198,4881,2317
101000033,2152,3665,-1513
101000034,1942,1807,135
101000035,903,507,396
101000036,1699,1158,541
101000037,2437,1961,476
101000039,2157,3167,-1010
101000040,2802,4346,-1544
101000041,7730,7642,88
101000042,412,1093,-681
101000043,6184,7331,-1147
101000045,1419,1091,328
101000046,3553,1886,1667
101000047,2230,4139,-1909
101000048,642,511,131
101000049,752,1951,-1199
101000050,1397,1660,-263
101000051,1643,2501,-858
101000052,1573,1159,414
101000053,813,1154,-341
101000054,1476,863,613
101000055,1249,1291,-42
101000056,41,122,-81
101000057,1918,1532,386
101000058,1203,1375,-172
101000059,2194,2488,-294
101000060,1692,758,934
101000061,741,1746,-1005
101000062,663,771,-108
101000063,550,1113,-563
101000064,914,1155,-241
101000065,408,526,-118
101000066,1032,963,69
101000067,1224,1040,184
101000068,273,485,-212
101000069,249,107,142
101000070,848,1075,-227
101000071,1972,925,1047
101000072,777,2917,-2140
101000073,730,1171,-441
101000074,4803,3591,1212
101000075,3890,5546,-1656
101000077,1618,1245,373
101000078,1014,1769,-755
101000079,774,453,321
101000080,620,602,18
101000081,1750,1601,149
101000082,2878,2741,137
101000083,2693,2281,412
101000084,1250,729,521
101000085,1471,1144,327
101000086,1115,1015,100
101000087,868,874,-6
101000088,1233,1072,161
101000089,1238,1421,-183
101000090,1814,1159,655
101000091,496,631,-135
101000092,1247,870,377
101000093,1556,760,796
101000094,912,914,-2
101000095,531,549,-18
101000096,462,483,-21
101000097,349,466,-117
101000098,382,525,-143
101000099,811,943,-132
101000100,863,813,50
101000101,295,360,-65
101000102,616,527,89
101000103,815,499,316
101000104,311,576,-265
101000105,356,328,28
101000106,496,800,-304
101000107,266,334,-68
101000108,681,224,457
101000109,437,63,374
101000110,43,393,-350
101000111,111,194,-83
101000113,208,631,-423
101000114,8252,7647,605
101000115,122,130,-8
101000116,145,80,65
101000117,1116,235,881
101000119,137,86,51
101000120,164,87,77
101000121,72,73,-1
101000122,145,137,8
101000123,56,133,-77
101000124,711,295,416
101000125,232,499,-267
101000128,406,542,-136
101000130,215,327,-112
101000131,1053,502,551
101000132,716,730,-14
101000135,44,58,-14
101000136,528,250,278
101000137,26,359,-333
101000141,1231,3063,-1832
101000147,864,441,423
101000148,900,19,881
101000149,178,271,-93
101000150,100,576,-476
101000151,297,50,247
101000152,335,268,67
101000153,433,279,154
101000154,277,746,-469
101000155,384,133,251
101000156,13,297,-284
101000157,44,47,-3
101000160,39,44,-5
101000163,190,369,-179
101000164,444,314,130
101000165,212,395,-183
101000166,209,248,-39
101000168,993,456,537
101000252,2128,982,1146
101000254,321,132,189
101000258,45,14,31
101000261,115,50,65
101000262,1050,2734,-1684
101000263,234,1177,-943
101000265,121,837,-716
101000266,335,269,66
101000269,27,23,4
101000290,1112,2288,-1176
101000293,10,44,-34
101000294,722,455,267
101000295,172,420,-248
101000301,698,504,194
101000304,2026,2689,-663
101000305,2710,1352,1358
101000328,103,462,-359
101900001,37,72,-35
101900002,0,20,-20
101900003,53,113,-60
101900004,8,63,-55
101900005,2573,2381,192
101900006,1260,84,1176
101900007,777,259,518
101900008,102,276,-174
101900009,52,401,-349
101900010,886,818,68
101900011,226,914,-688
101900012,232,138,94
101900013,720,189,531
101900017,17,163,-146
101900018,1051,384,667
101900019,175,109,66
101900020,83,35,48
101900021,1,38,-37
101900022,188,883,-695
101900023,236,202,34
101900026,100,53,47
101900027,18,129,-111
102000001,2522,4330,-1808
102000002,2376,1043,1333
102000003,2832,6637,-3805
102000004,4434,2558,1876
102000005,1384,1941,-557
102000006,1182,1836,-654
102000007,1451,4235,-2784
102000008,3374,1407,1967
102000009,6188,7613,-1425
102000010,4389,2782,1607
102000011,3337,2723,614
102000012,2930,2725,205
102000018,2578,2396,182
102000019,1936,1264,672
102000026,261,512,-251
102000029,238,171,67
102000030,112,345,-233
102000031,89,125,-36
102000032,545,294,251
102000033,253,313,-60
102000034,502,352,150
102000035,954,650,304
102000036,11,226,-215
102000037,162,58,104
102000038,270,422,-152
102000039,244,118,126
102000040,330,239,91
102000041,166,420,-254
102000042,217,321,-104
102000043,245,205,40
102000044,268,461,-193
102000045,1043,833,210
102000046,1028,607,421
102000047,806,874,-68
102000048,371,633,-262
102000049,899,767,132
102000050,1070,1137,-67
102000051,386,608,-222
102000052,1138,781,357
102000053,841,788,53
102000054,723,956,-233
102000055,1270,551,719
102000056,990,866,124
102000057,1449,573,876
102000058,1012,1170,-158
102000059,1391,1244,147
102000060,1096,1030,66
102000061,1593,1656,-63
102000062,1892,1030,862
102000063,1233,1348,-115
102000064,648,743,-95
102000065,43,114,-71
102000066,891,984,-93
102000067,2092,3112,-1020
102000068,8313,3047,5266
102000069,106,2143,-2037
102000070,1266,50,1216
102000071,6813,9025,-2212
102000072,2713,4167,-1454
102000073,904,774,130
102000074,610,763,-153
102000075,129,241,-112
102000076,202,375,-173
102000077,660,637,23
102000078,1018,650,368
102000079,153,230,-77
102000080,313,180,133
102000081,252,753,-501
102000082,725,282,443
102000083,619,300,319
102000084,396,286,110
102000085,1771,769,1002
102000086,1215,1021,194
102000087,823,1423,-600
102000088,378,316,62
102000089,1318,432,886
102000090,441,978,-537
102000091,1314,524,790
102000092,389,652,-263
102000093,903,837,66
102000094,759,670,89
102000095,941,946,-5
102000096,574,812,-238
102000097,700,674,26
102000098,601,623,-22
102000099,912,925,-13
102000100,524,1442,-918
102000101,867,977,-110
102000102,319,1357,-1038
102000103,1630,486,1144
102000104,646,345,301
102000105,299,531,-232
102000106,796,487,309
102000107,1401,507,894
102000108,712,189,523
102000109,524,523,1
102000110,1169,1021,148
102000111,19,335,-316
102000112,156,87,69
102000113,19,22,-3
102000114,826,332,494
102000115,309,329,-20
102000116,422,484,-62
102000117,177,645,-468
102000118,1099,1524,-425
102000119,1277,1021,256
102000120,225,421,-196
102000121,1110,505,605
102000122,643,916,-273
102000123,1178,1072,106
102000124,1293,1070,223
102000125,884,857,27
102000126,735,807,-72
102000127,1138,677,461
102000128,784,955,-171
102000129,1348,776,572
102000130,803,820,-17
102000131,1253,631,622
102000132,603,920,-317
102000133,2159,1476,683
102000134,825,751,74
102000135,633,821,-188
102000136,859,472,387
102000137,829,884,-55
102000138,299,472,-173
102000139,94,586,-492
102000140,249,657,-408
102000141,195,358,-163
102000142,350,365,-15
102000143,164,361,-197
102000144,342,386,-44
102000145,477,407,70
102000146,381,265,116
102000147,479,373,106
102000148,186,438,-252
102000149,193,358,-165
102000150,370,109,261
102000151,94,211,-117
102000152,171,146,25
102000153,1059,527,532
102000154,254,558,-304
102000155,96,288,-192
102000156,304,117,187
102000157,81,343,-262
102000158,484,568,-84
102000159,751,457,294
102000161,2865,1962,903
102000162,165,180,-15
102000163,141,579,-438
102000164,820,1064,-244
102000165,231,196,35
102000166,64,200,-136
102000167,288,264,24
102000168,292,182,110
102000169,121,527,-406
102000170,582,194,388
102000171,165,159,6
102000172,109,332,-223
102000173,404,287,117
102000174,70,66,4
102000175,149,81,68
102000176,58,24,34
102000178,217,342,-125
102000179,367,200,167
102000180,891,396,495
102000181,778,478,300
102000182,636,551,85
102000183,1520,1362,158
102000184,1896,661,1235
102000185,2711,1112,1599
102000186,1344,1355,-11
102000187,953,1249,-296
102000188,1172,1174,-2
102000189,1906,701,1205
102000190,593,2271,-1678
102000191,993,453,540
102000192,1252,1509,-257
102000193,57,97,-40
102000194,57,125,-68
102000195,412,398,14
102000196,281,269,12
102000197,705,330,375
102000198,273,576,-303
102000199,1056,260,796
102000200,326,796,-470
102000201,1195,403,792
102000202,8,96,-88
102000203,451,203,248
102000204,467,550,-83
102000205,1033,328,705
102000206,645,545,100
102000207,621,392,229
102000208,394,416,-22
102000209,82,53,29
102000210,360,335,25
102000211,517,223,294
102000212,357,10,347
102000213,5,232,-227
102000214,284,10,274
102000215,11,292,-281
102000216,63,81,-18
102000217,15,97,-82
102000218,249,205,44
102000219,326,213,113
102000225,524,746,-222
102000226,1223,727,496
102000227,175,2,173
102000228,0,91,-91
102000229,29,52,-23
102000230,329,393,-64
102000231,286,377,-91
102000232,32,180,-148
102000233,435,561,-126
102000234,198,928,-730
102000236,242,81,161
102000237,394,126,268
102000238,154,257,-103
102000240,485,695,-210
102000241,176,141,35
102000243,35,51,-16
102000245,18,118,-100
102000246,6,27,-21
102000247,596,748,-152
102000248,569,920,-351
102000249,162,135,27
102000250,65,310,-245
102000254,170,275,-105
102000266,49,279,-230
102000271,23,0,23
102000286,369,351,18
102000297,1582,851,731
102000301,0,0,0
102000303,0,0,0
102000305,0,0,0
102000307,0,7,-7
102900001,1089,635,454
102900002,374,37,337
102900003,81,186,-105
102900005,398,263,135
102900006,526,140,386
102900007,501,9,492
102900008,250,43,207
102900009,385,411,-26
102900010,348,730,-382
102900011,1470,306,1164
102900012,411,107,304
102900013,55,64,-9
102900015,501,497,4
102900016,75,103,-28
102900017,264,399,-135
102900018,72,109,-37
102900019,369,377,-8
102900020,163,34,129
102900021,35,86,-51
102900022,477,170,307
102900023,52,52,0
102900024,46,54,-8
102900025,206,89,117
102900026,320,1677,-1357
102900027,115,80,35
102900028,176,668,-492
102900029,185,204,-19
102900030,439,326,113
102900031,203,146,57
102900032,113,105,8
102900033,163,166,-3
102900034,403,74,329
102900035,147,331,-184
102900036,299,371,-72
102900037,317,347,-30
102900038,412,380,32
102900039,30,492,-462
102900040,121,264,-143
102900041,79,149,-70
102900042,186,246,-60
102900043,176,233,-57
102900044,483,1652,-1169
102900045,136,453,-317
102900046,159,227,-68
102900047,173,604,-431
102900048,668,426,242
102900049,137,301,-164
102900050,220,237,-17
102900051,215,203,12
102900053,359,503,-144
102900054,437,936,-499
102900055,133,263,-130
102900056,119,342,-223
102900057,15,66,-51
102900058,319,53,266
102900059,48,54,-6
102900060,125,396,-271
102900061,157,342,-185
102900062,264,664,-400
102900063,1092,371,721
102900064,122,356,-234
102900065,1031,363,668
102900066,418,25,393
102900068,82,65,17
102900070,189,444,-255
102900072,8,32,-24
102900073,107,9,98
102900075,53,97,-44
102900076,158,149,9
102900077,42,43,-1
102900078,49,60,-11
102900079,201,35,166
102900080,279,26,253
102900081,114,254,-140
102900082,8,258,-250
102900083,183,20,163
102900084,9,46,-37
102900085,311,118,193
102900086,30,94,-64
102900087,141,191,-50
102900088,41,36,5
102900089,243,101,142
102900090,0,266,-266
102900091,186,1,185
102900092,312,496,-184
102900094,1,164,-163
102900095,117,7,110
102900096,45,11,34
102900097,264,377,-113
103000001,1984,2177,-193
103000002,2047,2261,-214
103000003,3048,2259,789
103000004,1013,697,316
103000005,1824,3035,-1211
103000006,891,1292,-401
103000007,379,600,-221
103000008,902,622,280
103000009,1338,927,411
103000010,268,150,118
103000011,1495,1185,310
103000012,1283,1348,-65
103000013,2982,1756,1226
103000014,1394,2450,-1056
103000015,1427,646,781
103000016,594,1467,-873
103000017,245,353,-108
103000018,599,272,327
103000019,374,310,64
103000020,1909,1125,784
103000021,1781,1921,-140
103000022,662,819,-157
103000023,746,1768,-1022
103000024,89,145,-56
103000025,127,616,-489
103000026,640,124,516
103000027,277,613,-336
103000028,337,402,-65
103000029,212,313,-101
103000030,1329,1107,222
103000031,1101,1740,-639
103000032,2100,1344,756
103000033,2864,2606,258
103000034,1299,1009,290
103000035,296,1161,-865
103000036,365,505,-140
103000037,498,568,-70
103000038,512,857,-345
103000039,456,303,153
103000040,429,750,-321
103000041,1650,1715,-65
103000042,1214,366,848
103000043,691,772,-81
103000044,322,178,144
103000046,365,446,-81
103000047,609,551,58
103000048,198,200,-2
103000049,105,148,-43
103000050,719,472,247
103000051,522,444,78
103000052,691,310,381
103000053,225,623,-398
103000054,2421,1275,1146
103000055,1976,1817,159
103000056,844,1229,-385
103000057,831,230,601
103000058,662,788,-126
103000059,531,696,-165
103000060,793,635,158
103000061,546,870,-324
103000062,1019,465,554
103000063,894,823,71
103000064,123,182,-59
103000065,9,380,-371
103000066,207,11,196
103000069,580,345,235
103000070,997,655,342
103000071,1272,540,732
103000072,91,567,-476
103000073,629,113,516
103000074,599,118,481
103000075,122,520,-398
103000076,299,383,-84
103000077,45,287,-242
103000078,833,615,218
103000079,575,669,-94
103000080,868,418,450
103000081,414,1327,-913
103000082,417,154,263
103000083,102,244,-142
103000084,96,11,85
103000085,1,142,-141
103000086,442,437,5
103000087,97,589,-492
103000088,262,255,7
103000089,261,407,-146
103000090,2192,835,1357
103000091,606,480,126
103000092,259,223,36
103000093,238,361,-123
103000094,240,94,146
103000095,73,362,-289
103000096,574,76,498
103000097,76,708,-632
103000098,708,151,557
103000099,273,628,-355
103000100,123,605,-482
103000101,840,78,762
103000102,107,486,-379
103000103,686,122,564
103000104,76,84,-8
103000105,176,96,80
103000106,10,128,-118
103000107,179,45,134
103000108,996,596,400
103000109,500,424,76
103000110,499,489,10
103000111,407,390,17
103000112,288,188,100
103000113,513,574,-61
103000114,1203,470,733
103000115,639,460,179
103000116,662,409,253
103000117,414,463,-49
103000118,473,463,10
103000119,919,414,505
103000120,40,85,-45
103000121,191,580,-389
103000122,510,669,-159
103000125,14,187,-173
103000126,721,4,717
103000127,1,136,-135
103000128,213,3,210
103000129,0,98,-98
103000130,93,52,41
103000131,125,118,7
103000132,72,198,-126
103000133,29,114,-85
103000134,431,855,-424
103000135,619,386,233
103000136,541,480,61
103000137,519,628,-109
103000138,711,887,-176
103000139,3,83,-80
103000140,170,36,134
103000141,76,141,-65
103000142,142,52,90
103000143,59,186,-127
103000144,167,51,116
103000145,8,134,-126
103000150,159,37,122
103000152,201,233,-32
103000153,263,166,97
103000156,7,301,-294
103000157,542,1,541
103000159,138,16,122
103000162,92,41,51
103000163,19,46,-27
103000164,17,22,-5
103000165,73,188,-115
103000166,258,337,-79
103000167,190,117,73
103000168,125,173,-48
103000169,225,369,-144
103000170,1019,310,709
103000171,66,82,-16
103000172,641,293,348
103000173,708,397,311
103000174,237,265,-28
103000175,364,234,130
103000176,879,727,152
103000177,438,368,70
103000178,186,249,-63
103000179,296,42,254
103000183,176,20,156
103000185,121,45,76
103000186,134,137,-3
103000187,584,207,377
103000188,14,88,-74
103000189,641,615,26
103000191,441,391,50
103000292,1202,1802,-600
103000293,897,2075,-1178
103000295,75,86,-11
103000296,263,2,261
103000297,9,23,-14
103000504,8,14,-6
103000505,6,20,-14
103000506,2,211,-209
103000507,188,0,188
103000508,66,40,26
103000509,251,546,-295
103900001,5,125,-120
103900002,872,150,722
103900003,1198,211,987
103900004,164,4,160
103900005,2,147,-145
103900006,15,2,13
103900007,100,17,83
103900008,15,4,11
103900009,255,431,-176
103900010,167,276,-109
103900011,316,138,178
103900012,15,25,-10
103900013,93,72,21
103900014,53,15,38
103900015,90,13,77
103900016,448,193,255
103900017,46,66,-20
103900018,545,172,373
103900019,57,447,-390
103900020,234,444,-210
103900021,355,45,310
103900022,1148,591,557
103900023,126,6,120
103900024,79,370,-291
103900025,16,35,-19
103900026,334,1,333
103900027,640,227,413
103900028,22,289,-267
103900029,1246,186,1060
103900030,269,111,158
103900031,45,13,32
103900032,99,81,18
103900033,115,13,102
103900034,29,116,-87
103900035,17,34,-17
103900036,44,52,-8
103900037,69,74,-5
103900038,97,260,-163
103900039,71,229,-158
103900040,23,152,-129
103900041,65,75,-10
103900042,76,296,-220
103900043,222,61,161
103900044,67,191,-124
103900045,352,157,195
103900047,123,37,86
103900048,267,38,229
103900049,220,1013,-793
103900050,7,134,-127
103900051,1,41,-40
103900052,224,296,-72
103900053,315,420,-105
103900054,161,287,-126
103900055,405,243,162
103900056,55,43,12
103900057,40,114,-74
103900058,277,439,-162
103900059,3,35,-32
103900060,66,190,-124
103900061,176,42,134
103900062,364,95,269
103900063,70,0,70
103900064,124,2,122
103900065,653,379,274
103900066,126,24,102
103900067,201,17,184
103900068,6,0,6
103900069,76,27,49
103900070,149,221,-72
103900071,21,91,-70
103900072,11,133,-122
103900073,26,35,-9
103900074,102,61,41
103900075,282,56,226
103900076,475,437,38
103900077,34,93,-59
103900078,432,82,350
103900079,156,166,-10
103900080,16,41,-25
103900081,106,26,80
103900082,12,123,-111
103900083,1081,950,131
103900084,44,171,-127
103900085,83,149,-66
103900086,710,338,372
103900088,308,538,-230
103900089,63,179,-116
103900090,1,136,-135
103900091,1125,251,874
103900092,684,522,162
103900093,103,284,-181
103900094,21,88,-67
103900095,293,241,52
103900096,21,164,-143
103900097,20,332,-312
103900098,215,106,109
103900099,52,97,-45
103900100,237,324,-87
103900101,114,974,-860
103900102,2,30,-28
103900104,0,19,-19
103900105,93,151,-58
103900106,1,115,-114
103900107,165,158,7
103900108,100,228,-128
103900109,134,84,50
103900110,234,59,175
103900111,109,432,-323
103900112,29,78,-49
103900113,111,257,-146
103900114,395,275,120
103900115,262,154,108
103900116,4013,2891,1122
103900117,101,77,24
103900119,30,94,-64
103900120,90,88,2
103900122,102,178,-76
103900123,1089,595,494
103900124,63,347,-284
103900125,114,67,47
103900126,519,263,256
103900127,198,336,-138
103900128,181,79,102
103900131,45,98,-53
103900133,918,194,724
103900134,2,8,-6
103900135,2,7,-5
103900137,1,25,-24
103900138,109,218,-109
103900139,181,1940,-1759
103900140,4,175,-171
103900141,273,37,236
103900142,155,91,64
103900143,75,3,72
103900144,1,44,-43
103900145,151,205,-54
103900146,337,204,133
103900147,333,83,250
103900148,265,250,15
103900149,402,527,-125
103900150,5222,4049,1173
103900151,38,138,-100
103900152,569,456,113
103900153,4,11,-7
103900154,540,1663,-1123
103900155,61,189,-128
103900156,87,140,-53
103900157,48,102,-54
103900158,100,110,-10
103900159,156,54,102
103900160,41,23,18
103900161,85,152,-67
103900162,88,159,-71
103900163,17,374,-357
103900167,14,100,-86
103900168,116,129,-13
103900169,54,36,18
103900170,1,68,-67
103900171,1,30,-29
103900172,2,13,-11
103900173,14,19,-5
103900174,231,63,168
103900175,65,92,-27
103900176,10,23,-13
103900177,7,53,-46
103900178,52,43,9
103900179,73,75,-2
103900180,24,83,-59
103900181,62,42,20
103900182,28,15,13
103900184,364,113,251
103900185,78,341,-263
103900187,13,72,-59
103900188,68,18,50
103900189,126,9,117
103900190,65,67,-2
103900191,24,45,-21
103900192,33,78,-45
103900193,93,155,-62
103900194,84,229,-145
103900195,4,100,-96
103900196,64,62,2
103900197,11,35,-24
103900198,27,23,4
103900199,161,60,101
103900200,242,119,123
103900201,92,155,-63
103900202,24,61,-37
103900203,64,21,43
103900204,0,87,-87
103900207,0,87,-87
103900208,104,0,104
103900209,7,93,-86
103900210,36,41,-5
103900211,587,270,317
103900212,102,275,-173
103900213,45,214,-169
103900214,267,253,14
103900215,273,373,-100
103900216,15,275,-260
103900217,356,66,290
103900218,3,240,-237
103900219,218,203,15
103900233,93,7,86
103900235,72,44,28
103900236,28,6,22
103900242,4,11,-7
103900243,8,10,-2
103900244,118,182,-64
103900245,107,179,-72
103900246,45,38,7
103900247,47,72,-25
103900248,11,36,-25
103900249,32,70,-38
103900250,45,38,7
103900251,2,28,-26
103900253,8,75,-67
103900254,14,41,-27
103900255,8,26,-18
103900256,11,45,-34
103900257,111,136,-25
103900258,51,6,45
103900259,58,14,44
103900261,11,5,6
103900262,25,3,22
103900263,51,34,17
103900264,45,60,-15
103900265,35,25,10
103900266,5,111,-106
103900267,8,66,-58
103900268,15,87,-72
103900269,132,23,109
103900270,59,90,-31
103900271,95,82,13
103900272,67,37,30
103900273,24,43,-19
103900274,106,5,101
103900275,62,19,43
103900276,7,61,-54
103900277,5,78,-73
103900278,11,30,-19
103900279,5,21,-16
103900280,1,61,-60
104000001,2143,1659,484
104000002,1587,1955,-368
104000003,2080,2025,55
104000004,2339,2242,97
104000005,1529,1805,-276
104000006,2971,2334,637
104000007,3784,3689,95
104000008,204,234,-30
104000009,219,110,109
104000010,188,339,-151
104000011,353,248,105
104000012,128,245,-117
104000013,258,201,57
104000014,188,516,-328
104000015,351,143,208
104000016,456,279,177
104000018,923,182,741
104000019,600,215,385
104000020,132,433,-301
104000021,247,408,-161
104000022,163,249,-86
104000023,850,317,533
104000024,225,310,-85
104000026,76,351,-275
104000027,202,195,7
104000028,441,176,265
104000029,352,244,108
104000030,268,210,58
104000031,1317,340,977
104000032,237,206,31
104000033,599,440,159
104000034,324,213,111
104000035,816,330,486
104000036,734,394,340
104000037,288,206,82
104000038,500,287,213
104000039,212,149,63
104000040,277,311,-34
104000041,603,342,261
104000042,163,264,-101
104000043,233,328,-95
104000044,217,468,-251
104000045,796,745,51
104000046,845,1201,-356
104000047,632,941,-309
104000048,1016,1111,-95
104000049,931,299,632
104000050,187,555,-368
104000051,106,495,-389
104000052,1612,1298,314
104000053,1260,364,896
104000054,389,257,132
104000055,3026,1960,1066
104000056,1084,295,789
104000057,220,422,-202
104000058,903,674,229
104000059,515,899,-384
104000060,941,1084,-143
104000061,1348,875,473
104000062,494,178,316
104000064,606,403,203
104000065,174,533,-359
104000069,902,1119,-217
104000070,73,503,-430
104000071,210,440,-230
104000072,682,305,377
104000075,58,278,-220
104000076,453,65,388
104000082,2144,3074,-930
104000083,865,187,678
104000084,116,502,-386
104000085,317,337,-20
104000086,221,356,-135
104000087,383,1666,-1283
104000090,833,1106,-273
104000092,1165,1482,-317
104000094,784,1191,-407
104000095,1564,1275,289
104000096,1526,123,1403
104000097,1684,575,1109
104000098,2266,655,1611
104000100,1604,569,1035
104000101,1080,1388,-308
104000106,99,641,-542
104000107,535,433,102
104000108,254,430,-176
104000109,278,97,181
104000110,775,926,-151
104000111,2578,2098,480
104000112,1407,501,906
104000116,1,766,-765
104000117,181,411,-230
104000118,584,163,421
104000119,563,224,339
104000120,283,575,-292
104000121,215,619,-404
104000122,679,701,-22
104000123,651,755,-104
104000124,605,1415,-810
104000125,2756,4086,-1330
104000126,335,413,-78
104000127,1120,1809,-689
104000128,542,388,154
104000129,348,11,337
104000130,3,218,-215
104000131,436,436,0
104000132,309,425,-116
104000133,1346,739,607
104000134,958,1400,-442
104000135,510,1740,-1230
104000136,821,3854,-3033
104000137,1748,492,1256
104000138,769,277,492
104000139,4050,2401,1649
104000141,931,1006,-75
104000142,601,564,37
104000143,556,445,111
104000144,87,174,-87
104000145,457,202,255
104000146,229,403,-174
104000147,102,193,-91
104000148,416,218,198
104000149,165,162,3
104000150,948,453,495
104000151,259,291,-32
104000152,421,437,-16
104000153,627,487,140
104000154,735,379,356
104000155,440,576,-136
104000157,1069,1218,-149
104000158,318,394,-76
104000159,861,498,363
104000160,1752,1741,11
104000161,135,164,-29
104000162,59,128,-69
104000165,848,1054,-206
104000167,680,1078,-398
104000168,517,4,513
104000169,158,41,117
104000170,351,545,-194
104000248,315,507,-192
104000251,67,253,-186
104000272,0,0,0
104000273,0,0,0
104000274,0,0,0
104000275,0,0,0
104000279,568,350,218
104000290,65,238,-173
104000291,469,1032,-563
104000293,731,660,71
104000294,15,0,15
104000295,575,595,-20
104000296,342,582,-240
104000297,673,1578,-905
104000298,2066,675,1391
104000299,664,1230,-566
104000302,70,112,-42
104000303,71,108,-37
104900001,153,411,-258
104900002,67,162,-95
104900003,55,316,-261
104900004,59,242,-183
104900005,335,228,107
104900006,256,70,186
104900007,252,156,96
104900009,156,262,-106
104900010,49,50,-1
104900011,25,16,9
104900012,217,35,182
104900013,159,26,133
104900014,2033,295,1738
104900015,85,7,78
104900016,285,155,130
104900017,179,158,21
104900018,17,178,-161
104900019,191,3099,-2908
104900020,65,208,-143
104900021,1,118,-117
104900022,10,133,-123
104900023,1,54,-53
104900024,28,81,-53
104900025,62,230,-168
104900026,1,62,-61
104900027,461,248,213
104900028,44,115,-71
104900029,51,60,-9
104900030,530,187,343
104900031,86,145,-59
104900032,54,79,-25
104900033,208,244,-36
104900034,346,138,208
104900035,343,204,139
104900036,220,55,165
104900037,151,179,-28
104900038,318,794,-476
104900039,591,437,154
104900040,427,87,340
104900041,281,147,134
104900042,155,167,-12
104900043,33,195,-162
104900044,670,173,497
104900045,397,49,348
104900046,281,128,153
104900047,328,101,227
104900048,326,73,253
104900049,35,27,8
104900050,294,53,241
104900051,303,34,269
104900052,41,2,39
104900053,416,74,342
104900054,158,19,139
104900055,104,0,104
104900056,209,13,196
104900057,44,4,40
104900058,492,163,329
104900059,250,100,150
104900060,0,275,-275
104900061,211,438,-227
104900063,5,108,-103
104900064,0,66,-66
104900065,0,183,-183
104900066,2,66,-64
104900067,8,288,-280
104900068,19,175,-156
104900070,138,241,-103
104900071,2,375,-373
104900072,33,206,-173
104900073,61,121,-60
104900074,50,167,-117
104900075,66,40,26
104900076,71,256,-185
104900077,568,176,392
104900078,180,558,-378
104900079,86,421,-335
104900080,90,507,-417
104900082,9,424,-415
104900085,4,177,-173
104900087,260,1,259
104900089,180,0,180
104900090,845,673,172
104900091,1842,470,1372
104900093,220,454,-234
104900097,1646,1717,-71
104900098,105,45,60
104900099,330,731,-401
104900100,374,173,201
104900102,45,102,-57
104900103,320,59,261
104900104,2012,1615,397
104900106,127,120,7
104900107,126,210,-84
104900108,22,171,-149
104900109,127,185,-58
104900110,4,43,-39
104900111,118,85,33
104900112,214,416,-202
104900113,703,249,454
104900114,393,269,124
104900115,728,300,428
104900116,258,143,115
104900118,15,38,-23
104900119,6,46,-40
104900120,35,262,-227
104900121,3,65,-62
104900122,0,31,-31
104900123,53,5,48
104900124,49,0,49
104900125,363,4,359
104900126,62,47,15
104900127,25,56,-31
104900128,87,169,-82
104900129,1254,1771,-517
105000001,2638,1181,1457
105000002,2319,1291,1028
105000003,2821,2746,75
105000004,505,675,-170
105000005,838,912,-74
105000006,1239,1592,-353
105000007,1234,1661,-427
105000008,1551,3074,-1523
105000009,2374,3201,-827
105000010,2532,1731,801
105000011,3291,2921,370
105000012,2769,2367,402
105000013,988,1055,-67
105000014,1930,2632,-702
105000015,8818,12941,-4123
105000016,2177,1905,272
105000017,1446,762,684
105000018,1219,1310,-91
105000019,1323,879,444
105000020,260,418,-158
105000021,326,194,132
105000022,260,90,170
105000023,579,375,204
105000028,80,96,-16
105000029,470,1388,-918
105000030,3290,2267,1023
105000031,2,37,-35
105000033,1030,1621,-591
105000034,135,906,-771
105000037,559,230,329
105000038,1643,2115,-472
105000039,2026,1472,554
105000040,899,1230,-331
105000041,369,984,-615
105000042,3079,1850,1229
105000043,1474,1675,-201
105000044,608,398,210
105000045,302,490,-188
105000046,1270,319,951
105000047,497,991,-494
105000048,657,254,403
105000049,211,410,-199
105000050,762,358,404
105000051,150,325,-175
105000052,555,713,-158
105000053,111,129,-18
105000054,482,787,-305
105000055,624,272,352
105000056,1449,1719,-270
105000057,1181,722,459
105000058,1092,913,179
105000059,718,559,159
105000060,501,529,-28
105000061,758,519,239
105000062,550,618,-68
105000063,304,432,-128
105000064,1577,715,862
105000065,336,475,-139
105000066,885,1116,-231
105000067,1362,697,665
105000068,325,787,-462
105000069,1470,1649,-179
105000070,539,875,-336
105000071,260,864,-604
105000072,1126,2308,-1182
105000073,898,601,297
105000074,928,612,316
105000075,428,771,-343
105000076,926,977,-51
105000077,2190,984,1206
105000078,988,1166,-178
105000079,1049,2706,-1657
105000080,1534,1221,313
105000081,2905,1228,1677
105000082,927,1576,-649
105000083,3868,3066,802
105000084,525,611,-86
105000085,1662,1885,-223
105000086,716,826,-110
105000087,1298,1538,-240
105000088,1329,1546,-217
105000089,2463,1935,528
105000090,857,795,62
105000091,1140,1431,-291
105000092,651,699,-48
105000093,360,285,75
105000094,358,191,167
105000095,130,584,-454
105000096,1236,1356,-120
105000097,822,947,-125
105000098,897,655,242
105000099,709,743,-34
105000100,1287,959,328
105000101,1869,1614,255
105000102,1550,1360,190
105000103,1188,1970,-782
105000104,2284,880,1404
105000105,1331,1634,-303
105000106,1339,1289,50
105000107,1440,670,770
105000108,1468,1074,394
105000109,1550,1354,196
105000110,913,509,404
105000111,840,658,182
105000112,1222,561,661
105000113,456,662,-206
105000114,2040,993,1047
105000115,322,1092,-770
105000116,899,448,451
105000117,826,759,67
105000118,614,401,213
105000119,583,649,-66
105000120,1016,550,466
105000121,684,747,-63
105000122,474,627,-153
105000123,960,977,-17
105000124,1848,672,1176
105000125,740,1385,-645
105000126,2014,1417,597
105000127,2228,1430,798
105000128,608,894,-286
105000129,729,367,362
105000130,284,2677,-2393
105000131,523,278,245
105000132,972,646,326
105000133,452,831,-379
105000134,751,564,187
105000135,414,455,-41
105000136,142,289,-147
105000137,566,253,313
105000138,233,317,-84
105000139,985,782,203
105000140,488,443,45
105000141,323,468,-145
105000142,278,438,-160
105000143,182,577,-395
105000144,272,695,-423
105000145,703,327,376
105000146,397,773,-376
105000147,667,324,343
105000148,1028,687,341
105000149,2367,2022,345
105000150,1603,1251,352
105000151,383,361,22
105000152,167,406,-239
105000153,552,673,-121
105000154,608,430,178
105000155,299,887,-588
105000156,603,594,9
105000157,674,1251,-577
105000158,1630,778,852
105000159,270,791,-521
105000160,1829,536,1293
105000161,689,792,-103
105000162,616,1570,-954
105000163,958,723,235
105000164,245,203,42
105000165,710,4575,-3865
105000166,4169,952,3217
105000167,1324,1452,-128
105000168,479,422,57
105000169,504,234,270
105000170,219,1000,-781
105000171,1036,161,875
105000172,170,81,89
105000173,205,126,79
105000174,82,63,19
105000175,86,107,-21
105000176,363,111,252
105000177,370,169,201
105000178,194,339,-145
105000179,650,163,487
105000180,146,116,30
105000181,155,252,-97
105000182,51,62,-11
105000183,1744,1881,-137
105000184,1198,1161,37
105000185,1051,1291,-240
105000186,581,790,-209
105000187,972,203,769
105000188,255,193,62
105000189,127,465,-338
105000190,278,319,-41
105000191,450,398,52
105000192,305,63,242
105000193,76,164,-88
105000194,576,95,481
105000195,272,672,-400
105000196,119,279,-160
105000197,301,545,-244
105000198,549,275,274
105000199,283,662,-379
105000200,134,245,-111
105000201,125,35,90
105000203,28,164,-136
105000204,71,64,7
105000205,110,200,-90
105000207,410,217,193
105000208,223,506,-283
105000209,215,296,-81
105000211,280,22,258
105000212,1099,860,239
105000213,155,199,-44
105000214,183,238,-55
105000215,370,156,214
105000216,217,293,-76
105000217,114,231,-117
105000218,1308,940,368
105000221,169,192,-23
105000222,702,308,394
105000223,376,235,141
105000226,143,237,-94
105000227,92,179,-87
105000228,245,1722,-1477
105000229,166,471,-305
105000231,413,265,148
105000233,830,663,167
105000234,471,1129,-658
105000235,383,500,-117
105000237,710,80,630
105000243,32,54,-22
105000248,53,88,-35
105000262,329,995,-666
105000269,168,225,-57
105000270,424,26,398
105000271,0,190,-190
105000282,75,40,35
105000287,337,86,251
105000288,640,354,286
105000289,2290,1765,525
105000290,36,12,24
105000402,2757,3238,-481
105000426,419,524,-105
105000438,3433,1368,2065
105000440,49,15,34
105000446,8645,5247,3398
105000447,4813,2385,2428
105000454,536,572,-36
105000455,241,142,99
105000474,69,5,64
105000477,486,533,-47
105000478,1907,4257,-2350
105000479,140,119,21
105000480,8446,6410,2036
105000481,4355,3434,921
105000482,4231,6491,-2260
105000483,1857,2085,-228
105000484,2519,3152,-633
105000485,1445,2968,-1523
105000486,3161,2345,816
105000488,7907,4477,3430
105000489,887,816,71
105000549,117,150,-33
105000550,374,1387,-1013
105000551,39,125,-86
105000552,2377,1376,1001
105000555,1131,970,161
105000556,49,23,26
105000557,52,159,-107
105900001,14,2094,-2080
105900002,955,601,354
105900003,29,118,-89
105900004,188,135,53
105900005,17,252,-235
105900006,13,121,-108
105900007,80,35,45
105900008,92,426,-334
105900009,21,34,-13
105900011,180,38,142
105900012,620,113,507
105900013,0,32,-32
105900014,5,63,-58
105900015,128,291,-163
105900016,595,484,111
105900017,1233,34,1199
105900018,208,164,44
105900019,102,309,-207
105900020,70,54,16
105900021,20,219,-199
105900022,354,143,211
105900023,14,75,-61
105900024,8,278,-270
105900025,188,28,160
105900026,167,26,141
105900027,9451,4985,4466
105900028,517,517,0
105900029,1469,261,1208
105900030,138,242,-104
105900031,297,212,85
105900032,87,120,-33
105900033,102,94,8
105900034,254,151,103
105900035,170,122,48
105900036,124,148,-24
105900037,71,52,19
105900038,191,242,-51
105900039,132,100,32
105900040,50,97,-47
105900041,156,148,8
105900042,57,135,-78
105900043,1010,39,971
105900044,8,198,-190
105900045,2,664,-662
105900046,5,291,-286
105900047,13,29,-16
105900048,85,373,-288
105900050,3376,4769,-1393
105900051,79,1096,-1017
105900052,536,133,403
105900053,2329,2453,-124
105900054,276,186,90
105900056,540,434,106
105900057,32,139,-107
105900058,13,11,2
105900059,0,42,-42
106000001,3610,2262,1348
106000002,2063,4503,-2440
106000003,2729,3316,-587
106000004,1409,2516,-1107
106000005,3441,4917,-1476
106000006,5369,2933,2436
106000007,446,506,-60
106000008,571,316,255
106000009,553,349,204
106000010,565,530,35
106000011,1062,924,138
106000012,836,1038,-202
106000013,1589,1690,-101
106000014,1437,1148,289
106000015,1828,1098,730
106000016,1129,1554,-425
106000017,681,638,43
106000018,527,353,174
106000019,356,354,2
106000020,302,300,2
106000021,305,387,-82
106000022,286,198,88
106000023,622,252,370
106000024,473,399,74
106000025,138,154,-16
106000026,84,230,-146
106000027,1513,1237,276
106000028,587,346,241
106000029,664,817,-153
106000030,482,557,-75
106000034,194,427,-233
106000035,965,1816,-851
106000036,225,372,-147
106000037,1614,1167,447
106000038,284,111,173
106000039,137,91,46
106000040,161,779,-618
106000041,610,497,113
106000043,536,263,273
106000046,380,69,311
106000047,37,370,-333
106000049,851,198,653
106000050,302,531,-229
106000051,654,500,154
106000052,78,435,-357
106000053,388,149,239
106000054,342,300,42
106000055,1114,790,324
106000056,263,315,-52
106000057,419,265,154
106000058,151,138,13
106000059,335,238,97
106000060,338,414,-76
106000061,252,519,-267
106000062,173,407,-234
106000063,743,583,160
106000064,20,277,-257
106000065,348,284,64
106000066,103,276,-173
106000067,364,103,261
106000068,47,524,-477
106000069,232,55,177
106000070,449,635,-186
106000071,1026,282,744
106000072,2273,1444,829
106000073,1502,2854,-1352
106000074,708,609,99
106000075,336,1227,-891
106000076,1677,1649,28
106000077,2778,1235,1543
106000078,990,819,171
106000079,621,750,-129
106000080,1237,587,650
106000081,613,1004,-391
106000082,1907,782,1125
106000083,429,1195,-766
106000084,1197,590,607
106000085,1269,1247,22
106000086,580,758,-178
106000087,982,520,462
106000088,468,657,-189
106000089,972,324,648
106000090,254,466,-212
106000091,341,378,-37
106000092,720,257,463
106000093,313,116,197
106000094,86,216,-130
106000095,792,608,184
106000096,892,555,337
106000097,1057,607,450
106000098,703,788,-85
106000099,232,663,-431
106000100,1032,194,838
106000101,761,308,453
106000102,222,573,-351
106000103,244,414,-170
106000104,702,430,272
106000105,467,447,20
106000106,639,435,204
106000107,173,255,-82
106000108,391,268,123
106000109,196,181,15
106000110,261,222,39
106000111,203,296,-93
106000112,245,506,-261
106000113,534,494,40
106000114,521,561,-40
106000115,225,332,-107
106000116,401,170,231
106000117,985,596,389
106000118,1250,1208,42
106000119,1135,754,381
106000120,801,1128,-327
106000121,225,135,90
106000122,159,166,-7
106000123,514,128,386
106000124,43,165,-122
106000125,24,182,-158
106000126,303,99,204
106000127,829,733,96
106000128,868,155,713
106000129,471,404,67
106000130,811,248,563
106000131,158,636,-478
106000132,561,163,398
106000133,1468,1017,451
106000134,472,1443,-971
106000135,242,451,-209
106000136,720,914,-194
106000137,68,620,-552
106000138,1009,88,921
106000139,47,78,-31
106000140,52,38,14
106000141,109,42,67
106000142,108,46,62
106000143,30,44,-14
106000144,37,73,-36
106000145,261,170,91
106000146,458,119,339
106000147,351,361,-10
106000148,504,658,-154
106000149,537,295,242
106000150,530,1565,-1035
106000151,3017,786,2231
106000152,996,1549,-553
106000153,125,1411,-1286
106000154,1110,161,949
106000155,109,275,-166
106000156,774,201,573
106000157,566,1233,-667
106000158,1700,724,976
106000159,2163,1697,466
106000160,404,2211,-1807
106000161,1221,332,889
106000162,337,810,-473
106000163,359,343,16
106000164,413,301,112
106000165,248,434,-186
106000166,731,272,459
106000167,308,719,-411
106000168,563,257,306
106000169,301,435,-134
106000170,761,227,534
106000171,219,920,-701
106000172,2395,1252,1143
106000173,1032,2206,-1174
106000174,1085,361,724
106000175,244,655,-411
106000176,1504,798,706
106000177,706,1777,-1071
106000178,2741,1530,1211
106000179,843,1649,-806
106000180,604,1048,-444
106000181,767,1605,-838
106000182,1363,672,691
106000183,1327,504,823
106000184,1131,581,550
106000185,808,1247,-439
106000186,775,176,599
106000187,201,851,-650
106000188,2,2,0
106000189,11,49,-38
106000190,20,0,20
106000191,617,167,450
106000192,0,20,-20
106000193,458,204,254
106000194,181,334,-153
106000195,284,129,155
106000196,107,315,-208
106000197,613,241,372
106000198,153,214,-61
106000199,1069,586,483
106000200,223,190,33
106000201,379,2207,-1828
106000202,2807,490,2317
106000203,37,186,-149
106000204,99,11,88
106000205,44,122,-78
106000206,113,30,83
106000207,39,499,-460
106000208,1413,174,1239
106000209,1439,385,1054
106000210,293,821,-528
106000211,304,883,-579
106000212,767,433,334
106000213,577,1570,-993
106000214,1873,584,1289
106000215,318,436,-118
106000216,345,295,50
106000217,231,316,-85
106000218,416,274,142
106000219,144,242,-98
106000220,362,260,102
106000221,245,169,76
106000222,69,89,-20
106000223,338,98,240
106000224,286,177,109
106000225,110,121,-11
106000226,114,214,-100
106000228,36,92,-56
106000229,99,563,-464
106000231,942,122,820
106000232,89,337,-248
106000233,489,132,357
106000234,101,213,-112
106000235,406,158,248
106000236,203,95,108
106000237,0,12,-12
106000238,10,18,-8
106000239,4,105,-101
106000240,44,10,34
106000241,21,562,-541
106000242,260,28,232
106000249,69,56,13
106000250,67,472,-405
106000251,72,29,43
106000252,35,61,-26
106000253,49,76,-27
106000254,75,31,44
106000255,16,133,-117
106000256,45,28,17
106000257,135,202,-67
106000258,175,30,145
106000259,4,71,-67
106000260,37,6,31
106000261,3,64,-61
106000262,86,11,75
106000263,21,40,-19
106000264,232,13,219
106000265,12,111,-99
106000266,97,25,72
106000267,4,64,-60
106000268,423,53,370
106000269,59,44,15
106000270,114,381,-267
106000271,76,177,-101
106000272,210,48,162
106000273,21,212,-191
106000274,174,43,131
106000275,133,216,-83
106000276,117,33,84
106000277,124,215,-91
106000278,163,29,134
106000279,39,39,0
106000280,100,81,19
106000281,72,57,15
106000282,76,62,14
106000283,126,54,72
106000284,63,91,-28
106000285,114,82,32
106000286,111,120,-9
106000287,132,54,78
106000288,107,142,-35
106000289,114,57,57
106000290,51,70,-19
106000291,93,94,-1
106000292,95,95,0
106000293,141,84,57
106000294,132,99,33
106000295,56,51,5
106000296,20,68,-48
106000297,71,197,-126
106000298,91,49,42
106000299,78,129,-51
106000300,70,80,-10
106000301,52,99,-47
106000303,65,59,6
106000304,32,36,-4
106000305,38,39,-1
106000306,55,59,-4
106000307,60,46,14
106000308,31,94,-63
106000309,16,64,-48
106000310,308,429,-121
106000311,331,144,187
106000312,111,150,-39
106000313,197,178,19
106000318,106,477,-371
106000319,924,264,660
106000320,2,82,-80
106000321,192,121,71
106000322,196,124,72
106000324,11,148,-137
106000325,1615,821,794
106000326,974,1319,-345
106000327,205,106,99
106000328,58,102,-44
106000329,427,219,208
106000330,137,88,49
106000428,85,155,-70
106000429,150,406,-256
106000430,410,1013,-603
106000431,2044,323,1721
106000432,1588,2208,-620
106000433,2168,1237,931
106000434,2870,1383,1487
106000435,1339,2024,-685
106000436,15,225,-210
106000437,281,96,185
106000438,213,200,13
106000439,32,575,-543
106000440,230,368,-138
106000441,3,0,3
106000442,242,8,234
106000443,169,184,-15
106000450,1,115,-114
106000451,38,64,-26
106000454,3,144,-141
106000455,9,171,-162
106000456,87,26,61
106000457,16,608,-592
106000458,966,91,875
106000459,192,272,-80
106000460,1670,34,1636
106000461,139,784,-645
106000462,0,29,-29
106000463,7,16,-9
106000464,1,306,-305
106000465,677,7,670
106000466,2,353,-351
106000467,346,434,-88
106000468,115,155,-40
106000469,136,1,135
106000470,295,1559,-1264
106000471,24,413,-389
106000472,149,17,132
106000473,26,17,9
106000474,267,357,-90
106000475,317,165,152
106000476,208,235,-27
106000477,36,92,-56
106000480,0,327,-327
106900001,0,9,-9
106900002,1,277,-276
106900003,167,871,-704
106900004,2,15,-13
106900006,0,3,-3
106900007,0,9,-9
106900008,337,150,187
106900009,332,246,86
106900010,218,190,28
106900012,1023,1824,-801
106900013,521,158,363
106900014,14,0,14
106900015,10,0,10
106900016,341,5,336
106900017,4,1,3
106900018,1,0,1
106900019,46,1,45
106900020,1793,1472,321
106900021,123,95,28
106900022,809,2,807
106900023,49,189,-140
106900024,426,43,383
106900025,51,436,-385
106900026,3,369,-366
106900027,706,5,701
107000001,3596,3432,164
107000002,2156,3516,-1360
107000003,6058,6017,41
107000004,4056,3488,568
107000005,4888,5296,-408
107000006,3435,2835,600
107000007,5597,9490,-3893
107000008,8101,6419,1682
107000009,7601,7202,399
107000010,7697,7198,499
107000011,1080,1213,-133
107000012,3486,2603,883
107000013,129,79,50
107000014,83,217,-134
107000015,532,630,-98
107000016,801,701,100
107000017,1566,1403,163
107000018,6,827,-821
107000020,994,1372,-378
107000021,1160,417,743
107000022,789,1284,-495
107000023,2344,224,2120
107000024,620,1351,-731
107000025,177,331,-154
107000026,251,423,-172
107000027,1364,960,404
107000028,1346,1073,273
107000029,3491,2868,623
107000030,2607,2262,345
107000031,4367,2288,2079
107000032,448,823,-375
107000033,2802,3529,-727
107000034,2601,1211,1390
107000035,370,252,118
107000036,306,1295,-989
107000037,64,733,-669
107000038,226,244,-18
107000039,935,890,45
107000040,162,293,-131
107000041,1317,681,636
107000042,671,1889,-1218
107000043,2115,988,1127
107000044,514,313,201
107000045,90,269,-179
107000046,763,377,386
107000047,484,776,-292
107000048,784,292,492
107000049,727,784,-57
107000050,1389,572,817
107000051,293,328,-35
107000052,1250,1092,158
107000053,375,237,138
107000054,79,295,-216
107000055,352,194,158
107000056,595,694,-99
107000057,1486,256,1230
107000058,2112,2310,-198
107000059,1600,2623,-1023
107000060,4689,5026,-337
107000061,4321,3119,1202
107000062,5035,2696,2339
107000063,3748,3729,19
107000064,5127,2490,2637
107000065,3936,3662,274
107000066,2349,2801,-452
107000067,1291,1357,-66
107000068,1447,773,674
107000069,1004,579,425
107000070,1182,11,1171
107000071,3485,74,3411
107000072,53,2121,-2068
107000073,746,347,399
107000074,152,689,-537
107000075,1877,608,1269
107000076,616,1202,-586
107000077,3762,1411,2351
107000078,2271,2591,-320
107000079,2744,1144,1600
107000080,1022,2443,-1421
107000081,2098,586,1512
107000082,522,1345,-823
107000083,1370,456,914
107000084,306,1408,-1102
107000085,3146,3119,27
107000086,3308,3040,268
107000087,3128,2028,1100
107000088,2900,3166,-266
107000089,1602,1679,-77
107000090,1090,1070,20
107000091,1526,840,686
107000092,958,959,-1
107000093,1305,803,502
107000094,827,1077,-250
107000095,834,644,190
107000096,519,638,-119
107000097,807,409,398
107000098,456,460,-4
107000099,414,225,189
107000100,233,258,-25
107000101,88,140,-52
107000102,188,228,-40
107000103,296,151,145
107000104,191,292,-101
107000105,412,116,296
107000106,166,196,-30
107000107,591,187,404
107000108,148,421,-273
107000109,666,166,500
107000110,68,426,-358
107000111,370,56,314
107000112,57,239,-182
107000113,784,130,654
107000114,132,415,-283
107000115,624,193,431
107000116,126,537,-411
107000117,226,648,-422
107000118,156,132,24
107000119,1249,1496,-247
107000120,1026,433,593
107000121,998,658,340
107000122,1067,781,286
107000123,551,582,-31
107000124,491,680,-189
107000125,1246,570,676
107000126,1070,666,404
107000129,234,579,-345
107000130,620,242,378
107000131,391,498,-107
107000132,546,391,155
107000133,494,99,395
107000134,273,3,270
107000135,2,263,-261
107000136,683,18,665
107000137,11,413,-402
107000138,351,21,330
107000139,18,510,-492
107000140,1586,112,1474
107000141,158,758,-600
107000142,621,132,489
107000143,51,588,-537
107000144,749,460,289
107000145,167,477,-310
107000146,241,356,-115
107000147,4089,1135,2954
107000150,555,2919,-2364
107000151,29,70,-41
107000152,423,1472,-1049
107000153,145,338,-193
107000154,229,336,-107
107000155,957,19,938
107000156,1248,21,1227
107000157,58,1121,-1063
107000158,840,28,812
107000159,37,746,-709
107000160,1290,172,1118
107000161,102,1092,-990
107000162,320,552,-232
107000163,226,0,226
107000164,831,1,830
107000165,1217,1,1216
107000166,33,875,-842
107000167,651,273,378
107000168,1011,542,469
107000169,575,789,-214
107000170,2168,908,1260
107000171,684,1430,-746
107000172,1282,1607,-325
107000173,731,830,-99
107000174,1118,4849,-3731
107000175,5393,1374,4019
107000176,0,0,0
107000177,0,2,-2
107000178,29,33,-4
107000179,345,1718,-1373
107000180,1470,327,1143
107000181,464,884,-420
107000182,1938,763,1175
107000183,170,618,-448
107000184,1141,587,554
107000185,398,997,-599
107000186,1085,353,732
107000187,1265,1282,-17
107000188,718,596,122
107000189,501,893,-392
107000190,623,675,-52
107000191,975,1231,-256
107000192,1766,681,1085
107000193,415,431,-16
107000194,929,702,227
107000197,980,275,705
107000198,337,660,-323
107000199,734,617,117
107000200,552,589,-37
107000201,410,288,122
107000202,338,483,-145
107000203,760,1213,-453
107000204,937,1624,-687
107000205,1507,1056,451
107000206,861,1704,-843
107000207,737,973,-236
107000208,870,673,197
107000209,1682,1374,308
107000210,608,331,277
107000211,3,39,-36
107000212,16,317,-301
107000213,7,13,-6
107000214,13,114,-101
107000215,424,298,126
107000216,413,293,120
107000217,215,129,86
107000219,97,214,-117
107000220,164,178,-14
107000222,314,516,-202
107000224,488,92,396
107000225,357,327,30
107000226,509,86,423
107000227,134,177,-43
107000228,123,270,-147
107000229,157,108,49
107000230,1074,473,601
107000231,1284,1904,-620
107000232,140,31,109
107000233,1021,903,118
107000234,3,59,-56
107000235,69,12,57
107000236,6,346,-340
107000237,33,1,32
107000238,45,0,45
107000239,2213,500,1713
107000240,114,675,-561
107000243,0,23,-23
107000244,7,64,-57
107000246,2,805,-803
107000249,1,1015,-1014
107000251,26,438,-412
107000252,4,719,-715
107000255,298,107,191
107000257,1,323,-322
107000258,0,99,-99
107000259,2,151,-149
107000260,867,5,862
107000262,10,388,-378
107000263,370,22,348
107000266,10,10,0
107000267,65,92,-27
107000268,131,108,23
107000269,617,78,539
107000270,1,36,-35
107000271,18,458,-440
107000272,21,144,-123
107000273,11,220,-209
107000274,1036,212,824
107000275,101,1005,-904
107000280,973,36,937
107000281,37,589,-552
107000282,59,579,-520
107000290,6,24,-18
107000291,22,4,18
107000292,0,93,-93
107000293,25,4,21
107000294,0,33,-33
107000295,25,4,21
107000296,0,22,-22
107000444,182,3,179
107000496,2,10,-8
107000497,1113,1714,-601
107000500,354,267,87
107000501,92,176,-84
107000502,208,241,-33
107000505,356,732,-376
107000506,1,113,-112
107000508,3,406,-403
107000509,254,589,-335
107000510,32,18,14
107000514,81,343,-262
107000515,17,132,-115
107000516,495,203,292
107000518,1173,1417,-244
107000519,1427,765,662
107000520,79,41,38
107000521,738,321,417
107000522,1012,487,525
107900001,75,145,-70
107900002,69,11,58
107900003,264,17,247
107900004,24,0,24
107900005,1408,10,1398
107900006,160,4,156
107900007,384,45,339
107900008,197,27,170
107900009,161,34,127
107900010,57,6,51
107900012,281,69,212
107900013,224,24,200
107900014,46,6,40
107900015,1060,33,1027
107900016,501,91,410
107900017,18,2,16
107900018,75,164,-89
107900019,38,41,-3
107900020,91,61,30
107900021,92,95,-3
107900023,0,3,-3
107900024,1,25,-24
107900025,243,202,41
107900026,92,41,51
107900027,30,40,-10
107900028,139,59,80
107900030,208,34,174
107900031,68,85,-17
107900032,19,4,15
107900033,21,10,11
107900034,350,19,331
107900035,906,60,846
107900036,70,16,54
107900037,1,24,-23
107900038,110,199,-89
107900039,42,35,7
107900040,10,136,-126
107900041,1,2,-1
107900043,40,71,-31
107900044,6,20,-14
107900045,125,79,46
107900046,183,190,-7
107900047,27,33,-6
107900048,167,14,153
107900049,287,994,-707
107900050,140,283,-143
107900051,96,59,37
107900052,35,30,5
107900053,53,77,-24
107900055,490,228,262
107900056,153,64,89
107900057,2,0,2
107900058,20,536,-516
107900060,30,58,-28
107900061,8,14,-6
107900063,84,153,-69
107900064,213,177,36
107900065,229,18,211
107900066,18,12,6
107900067,4,0,4
107900068,122,781,-659
107900069,34,2079,-2045
107900070,164,46,118
107900071,27,642,-615
107900072,101,130,-29
107900073,187,114,73
107900074,627,304,323
107900076,142,42,100
107900077,80,1,79
107900079,18,20,-2
107900080,187,789,-602
107900081,48,96,-48
107900082,10,9,1
107900083,336,143,193
107900084,83,113,-30
107900086,121,159,-38
107900087,485,179,306
107900088,61,6,55
107900089,215,796,-581
107900090,560,2007,-1447
107900091,169,282,-113
107900093,75,58,17
107900095,2608,2034,574
107900097,14,43,-29
107900098,53,162,-109
107900100,799,1184,-385
107900101,779,202,577
107900102,39,9,30
107900103,64,130,-66
107900104,280,13,267
107900105,7,230,-223
107900106,4,775,-771
107900107,1056,396,660
107900108,183,108,75
107900109,1659,24,1635
107900110,63,136,-73
107900111,13,608,-595
107900112,86,343,-257
107900113,224,66,158
107900114,204,146,58
107900115,3,22,-19
107900116,203,136,67
107900117,274,255,19
107900118,61,125,-64
107900119,69,249,-180
107900120,35,37,-2
107900121,3,132,-129
107900122,4,92,-88
107900123,9,54,-45
107900124,13,56,-43
107900125,38,197,-159
107900126,10,74,-64
107900127,412,356,56
107900128,79,103,-24
107900129,68,44,24
107900130,86,26,60
107900131,549,317,232
107900132,122,270,-148
107900133,1,74,-73
107900134,25,97,-72
107900135,5,120,-115
107900136,35,45,-10
107900137,93,116,-23
107900138,83,107,-24
107900139,46,53,-7
107900141,50,41,9
107900142,49,666,-617
107900143,199,26,173
107900144,1,130,-129
107900145,19,90,-71
107900146,60,109,-49
107900147,57,45,12
107900148,105,89,16
107900149,794,186,608
107900150,73,477,-404
107900151,41,87,-46
107900152,8,152,-144
107900153,132,267,-135
107900154,64,36,28
107900155,98,76,22
107900156,3,236,-233
107900157,16,44,-28
107900158,834,32,802
107900159,28,603,-575
107900160,108,128,-20
107900161,36,122,-86
107900162,1,55,-54
107900163,24,49,-25
107900164,4,39,-35
107900165,24,109,-85
107900166,22,133,-111
107900167,17,31,-14
107900168,41,37,4
107900169,0,151,-151
107900171,16,817,-801
107900172,4,290,-286
107900173,20,108,-88
107900174,131,4,127
107900175,21,39,-18
107900176,39,38,1
107900177,0,103,-103
107900178,1,150,-149
107900179,17,164,-147
107900180,472,649,-177
107900181,541,225,316
107900182,1,822,-821
107900183,58,138,-80
107900184,78,300,-222
107900185,192,3,189
107900186,22,23,-1
107900187,1,133,-132
107900188,451,137,314
107900189,17,98,-81
107900190,76,144,-68
107900191,57,110,-53
107900193,4,70,-66
107900194,226,7,219
107900195,1707,285,1422
107900196,65,106,-41
107900197,429,371,58
107900199,3,846,-843
107900201,95,73,22
107900203,42,59,-17
107900204,179,136,43
107900206,505,463,42
107900207,0,403,-403
107900208,32,406,-374
107900209,328,105,223
107900210,69,93,-24
107900213,469,329,140
107900214,15,84,-69
107900215,115,288,-173
107900216,102,56,46
107900217,29,87,-58
107900218,12,1159,-1147
107900219,50,75,-25
107900220,220,232,-12
107900221,110,193,-83
107900223,154,469,-315
107900224,99,301,-202
107900225,12,424,-412
107900226,82,73,9
107900227,100,281,-181
107900228,13,95,-82
107900229,6,228,-222
107900230,18,58,-40
107900231,51,204,-153
107900232,75,122,-47
107900233,22,120,-98
107900234,88,120,-32
107900235,28,80,-52
107900236,140,79,61
107900237,47,351,-304
107900238,29,86,-57
107900239,655,425,230
107900240,34,83,-49
107900241,34,66,-32
107900242,39,201,-162
107900243,2,46,-44
107900244,340,2,338
107900245,669,48,621
107900246,216,14,202
107900248,425,298,127
107900249,833,28,805
107900250,0,359,-359
107900251,68,1090,-1022
107900252,817,34,783
107900253,209,3,206
107900254,58,242,-184
107900255,221,117,104
107900256,1013,1190,-177
107900257,183,110,73
107900258,105,177,-72
107900259,69,2134,-2065
107900261,5,194,-189
107900262,105,114,-9
107900264,256,9,247
107900265,122,123,-1
107900267,272,17,255
107900268,35,5,30
107900269,0,15,-15
107900270,0,0,0
107900271,3,25,-22
107900272,63,13,50
107900273,66,62,4
107900274,123,0,123
107900275,29,0,29
107900276,1,86,-85
107900277,0,130,-130
107900278,304,369,-65
107900279,96,207,-111
107900280,2082,1394,688
107900281,984,2914,-1930
107900282,53,443,-390
107900283,739,591,148
107900284,625,507,118
107900285,117,53,64
107900286,131,100,31
107900287,249,137,112
107900290,0,135,-135
107900291,492,12,480
107900292,153,138,15
107900293,54,342,-288
107900295,69,38,31
107900297,0,306,-306
107900298,631,647,-16
107900299,2012,2140,-128
107900301,613,758,-145
107900302,96,53,43
107900303,311,262,49
107900304,390,315,75
107900305,314,12,302
107900306,10,32,-22
107900307,31,204,-173
107900308,190,86,104
107900309,85,5,80
107900310,286,1,285
107900311,6,280,-274
107900312,65,2,63
107900313,0,124,-124
107900314,0,43,-43
107900315,3,40,-37
107900316,33,2,31
107900317,67,15,52
107900318,18,117,-99
107900319,3,99,-96
107900320,1,85,-84
107900321,134,3,131
107900322,1,105,-104
107900323,11,90,-79
107900324,148,1,147
107900325,125,3,122
107900326,343,165,178
107900327,3,86,-83
107900328,73,1,72
107900329,106,123,-17
107900330,1,189,-188
107900331,257,26,231
107900332,306,36,270
107900333,76,16,60
107900334,7,108,-101
107900335,61,33,28
107900336,44,59,-15
107900337,710,736,-26
107900338,2,140,-138
107900339,0,9,-9
107900340,2,57,-55
107900341,73,1,72
107900342,122,102,20
107900343,53,3,50
107900344,16,34,-18
107900345,147,64,83
107900346,31,1,30
107900347,21,3,18
107900348,4,5,-1
107900349,44,3,41
107900350,37,161,-124
107900351,6,167,-161
107900352,4,26,-22
107900353,19,15,4
107900354,12,36,-24
108000001,3057,3366,-309
108000002,1753,2175,-422
108000003,3173,3192,-19
108000004,10406,11909,-1503
108000005,7640,6139,1501
108000006,6949,6050,899
108000007,5074,4022,1052
108000008,3976,4940,-964
108000009,3801,4517,-716
108000010,2687,3693,-1006
108000011,11265,11074,191
108000012,13626,12648,978
108000014,893,821,72
108000015,970,294,676
108000016,272,801,-529
108000017,1105,331,774
108000018,1898,655,1243
108000019,1828,849,979
108000020,1233,483,750
108000021,337,1666,-1329
108000022,456,1141,-685
108000023,1230,193,1037
108000024,364,438,-74
108000025,389,312,77
108000026,944,438,506
108000027,896,574,322
108000028,927,216,711
108000029,734,654,80
108000030,615,234,381
108000031,204,572,-368
108000032,1704,630,1074
108000033,730,886,-156
108000034,1784,528,1256
108000035,685,1632,-947
108000036,436,855,-419
108000037,1873,436,1437
108000038,2493,609,1884
108000039,489,1532,-1043
108000040,1882,908,974
108000041,567,1800,-1233
108000042,281,190,91
108000043,224,249,-25
108000044,514,170,344
108000045,363,330,33
108000046,1520,329,1191
108000047,456,719,-263
108000048,233,272,-39
108000049,1219,272,947
108000050,144,499,-355
108000051,411,141,270
108000052,201,502,-301
108000053,494,244,250
108000054,499,852,-353
108000055,1118,561,557
108000056,1008,1119,-111
108000057,628,1235,-607
108000058,2012,3665,-1653
108000059,2734,1784,950
108000060,236,641,-405
108000061,329,442,-113
108000062,954,613,341
108000063,520,362,158
108000064,315,238,77
108000065,627,462,165
108000066,1355,650,705
108000067,1892,639,1253
108000068,721,416,305
108000069,277,760,-483
108000070,2037,754,1283
108000071,703,1170,-467
108000072,1804,1156,648
108000073,1206,1321,-115
108000074,698,442,256
108000075,328,651,-323
108000076,884,648,236
108000077,554,513,41
108000078,2457,1370,1087
108000079,887,1126,-239
108000080,1261,464,797
108000081,506,1247,-741
108000082,907,1503,-596
108000083,1817,1029,788
108000084,384,918,-534
108000085,855,465,390
108000086,897,597,300
108000087,228,2002,-1774
108000088,741,197,544
108000089,312,292,20
108000091,228,340,-112
108000092,168,68,100
108000093,223,424,-201
108000094,538,74,464
108000095,179,278,-99
108000096,315,173,142
108000097,133,287,-154
108000098,1785,1233,552
108000099,1135,285,850
108000100,177,426,-249
108000101,1305,1344,-39
108000102,1895,3490,-1595
108000106,923,2,921
108000107,1,985,-984
108000108,847,52,795
108000109,25,818,-793
108000110,185,273,-88
108000111,188,466,-278
108000112,71,138,-67
108000113,420,212,208
108000115,291,266,25
108000117,626,286,340
108000118,523,1757,-1234
108000119,609,321,288
108000120,165,709,-544
108000121,234,434,-200
108000122,656,327,329
108000123,788,184,604
108000124,353,399,-46
108000125,417,227,190
108000126,230,339,-109
108000127,503,264,239
108000128,596,394,202
108000129,469,886,-417
108000130,595,201,394
108000131,1021,532,489
108000132,1624,1114,510
108000133,851,486,365
108000134,532,472,60
108000135,1131,464,667
108000136,308,669,-361
108000137,536,314,222
108000138,361,773,-412
108000139,542,252,290
108000140,148,31,117
108000141,40,66,-26
108000142,55,61,-6
108000143,58,248,-190
108000144,428,57,371
108000145,59,11,48
108000146,695,72,623
108000147,37,12,25
108000148,609,83,526
108000149,27,12,15
108000150,32,9,23
108000151,204,75,129
108000152,124,353,-229
108000153,611,197,414
108000154,53,10,43
108000155,43,27,16
108000156,851,418,433
108000157,236,1016,-780
108000158,116,800,-684
108000159,426,232,194
108000160,2097,1081,1016
108000161,1797,2290,-493
108000165,9,167,-158
108000172,3,284,-281
108000173,1310,1841,-531
108000175,668,148,520
108000178,360,251,109
108000179,184,822,-638
108000181,72,33,39
108000182,255,98,157
108000183,50,413,-363
108000184,972,2179,-1207
108000185,253,381,-128
108000186,447,418,29
108000187,108,405,-297
108000188,698,229,469
108000189,1683,8511,-6828
108000190,49,110,-61
108000192,179,441,-262
108000193,625,32,593
108000194,36,14,22
108000195,2,740,-738
108000196,269,165,104
108000198,778,353,425
108000199,0,200,-200
108000200,460,430,30
108000203,90,528,-438
108000204,167,101,66
108000205,206,311,-105
108000339,1172,345,827
108000364,264,698,-434
108000365,80,312,-232
108000367,287,325,-38
108000368,34,42,-8
108000369,713,271,442
108000371,19,746,-727
108000372,719,8,711
108000373,252,182,70
108000376,105,48,57
108000377,533,212,321
108000378,8251,9603,-1352
108000379,12,299,-287
108000381,58,21,37
108000382,196,2,194
108000383,0,192,-192
108900001,92,874,-782
108900002,181,84,97
108900003,276,530,-254
108900004,751,482,269
108900007,311,198,113
108900008,163,158,5
108900009,57,109,-52
108900010,225,150,75
108900011,647,337,310
108900012,426,407,19
108900013,170,250,-80
108900014,14,105,-91
108900015,1,198,-197
108900016,1,250,-249
108900017,285,395,-110
108900018,193,298,-105
108900019,33,506,-473
108900020,55,145,-90
108900021,149,178,-29
108900022,164,8,156
108900023,17,28,-11
108900024,51,91,-40
108900025,118,119,-1
108900026,40,82,-42
108900027,1,68,-67
108900028,118,249,-131
108900029,72,159,-87
108900030,1,57,-56
108900031,167,289,-122
108900032,13,159,-146
108900033,1,100,-99
108900034,0,164,-164
108900035,309,940,-631
108900038,2,265,-263
108900039,2,294,-292
108900040,7,80,-73
108900041,3849,3043,806
108900042,8,432,-424
108900043,109,367,-258
108900044,5,344,-339
108900045,76,342,-266
108900046,36,472,-436
108900047,0,145,-145
108900048,89,725,-636
108900049,2026,1343,683
108900050,0,154,-154
108900051,2,141,-139
108900052,23,167,-144
108900053,53,198,-145
108900054,81,150,-69
108900055,54,273,-219
108900056,2,99,-97
108900057,2,98,-96
108900058,71,253,-182
108900059,447,37,410
108900060,79,153,-74
108900061,101,30,71
108900062,15,200,-185
108900063,5,190,-185
108900064,290,59,231
108900065,8,158,-150
108900066,406,100,306
108900067,6,121,-115
108900068,6,130,-124
108900069,62,75,-13
108900070,30,90,-60
108900071,102,49,53
108900072,1393,538,855
108900073,34,278,-244
108900074,240,276,-36
108900075,41,37,4
108900076,340,82,258
108900077,127,372,-245
108900078,69,101,-32
108900079,567,145,422
108900080,31,640,-609
108900081,59,214,-155
108900082,114,103,11
108900083,36,255,-219
108900085,1602,161,1441
108900086,170,154,16
108900087,75,131,-56
108900088,915,339,576
108900089,27,167,-140
108900090,64,255,-191
108900091,119,55,64
108900092,562,327,235
108900093,134,118,16
108900094,250,78,172
108900095,28,283,-255
108900096,249,12,237
108900097,344,188,156
108900098,1613,645,968
108900099,433,193,240
108900100,84,91,-7
108900101,203,198,5
108900102,86,1004,-918
108900103,131,192,-61
108900105,5,1187,-1182
108900106,470,259,211
108900108,316,42,274
108900109,440,94,346
108900110,184,298,-114
108900111,477,365,112
108900113,52,58,-6
108900114,87,22,65
108900115,66,59,7
108900116,54,10,44
108900117,231,11,220
108900118,596,30,566
108900119,282,17,265
108900120,302,192,110
108900121,332,122,210
108900122,181,12,169
108900123,152,108,44
108900124,488,204,284
108900125,470,7,463
108900126,130,30,100
108900127,189,14,175
108900128,139,41,98
108900129,812,147,665
108900130,377,2,375
108900131,389,9,380
108900132,481,51,430
108900133,277,65,212
108900134,376,209,167
108900135,178,14,164
108900136,72,1,71
108900137,136,3,133
108900138,842,101,741
108900140,367,246,121
108900141,379,24,355
108900142,101,4,97
108900143,97,0,97
108900144,131,0,131
108900145,266,11,255
108900146,65,0,65
108900147,316,2,314
108900148,72,33,39
108900150,264,9,255
108900151,121,4,117
108900152,302,22,280
108900153,216,229,-13
108900154,4469,402,4067
108900156,65,17,48
108900157,54,421,-367
108900158,371,30,341
108900159,6,183,-177
108900160,8,204,-196
108900161,7,278,-271
108900162,161,0,161
108900163,13,286,-273
108900164,82,99,-17
108900168,5559,2344,3215
108900169,69,131,-62
108900171,4631,2764,1867
108900172,200,37,163
108900173,135,299,-164
108900174,960,561,399
108900176,114,375,-261
108900177,3559,4843,-1284
108900178,2806,3713,-907
108900180,140,268,-128
108900183,211,209,2
108900184,424,213,211
108900185,115,258,-143
108900186,78,364,-286
108900189,301,104,197
108900190,49,1824,-1775
108900192,59,175,-116
108900195,119,192,-73
108900196,29,275,-246
108900199,286,329,-43
108900200,591,366,225
108900201,424,1099,-675
108900203,465,132,333
108900204,348,26,322
108900205,190,30,160
108900206,554,68,486
108900207,206,87,119
108900208,19,257,-238
108900209,202,423,-221
108900210,171,141,30
108900211,178,474,-296
108900212,485,1340,-855
108900215,59,333,-274
108900216,427,255,172
108900217,90,1,89
108900218,126,14,112
108900221,73,184,-111
108900224,65,184,-119
108900225,0,247,-247
108900227,120,291,-171
108900230,201,207,-6
108900232,3,188,-185
108900233,381,67,314
108900234,350,108,242
108900235,190,439,-249
108900236,45,264,-219
108900240,134,135,-1
108900241,43,50,-7
108900245,16,1230,-1214
108900250,327,102,225
108900258,12,176,-164
108900259,123,84,39
108900260,27,79,-52
108900261,105,121,-16
108900262,156,142,14
108900263,58,164,-106
108900264,519,263,256
108900265,790,396,394
108900266,700,737,-37
108900267,7,152,-145
108900268,13,5,8
108900269,145,12,133
108900270,69,11,58
108900271,37,23,14
108900272,202,15,187
108900273,585,733,-148
108900274,86,47,39
109000001,2215,1658,557
109000002,1165,1688,-523
109000003,2327,435,1892
109000004,481,1590,-1109
109000005,2172,578,1594
109000006,680,1782,-1102
109000007,1529,571,958
109000008,484,1393,-909
109000009,3265,1110,2155
109000010,1138,2752,-1614
109000011,3231,1864,1367
109000012,1574,2525,-951
109000013,3578,2550,1028
109000014,1677,2169,-492
109000015,3607,6873,-3266
109000016,4753,2871,1882
109000017,2335,1242,1093
109000018,864,2295,-1431
109000019,2465,1272,1193
109000020,971,1648,-677
109000023,249,33,216
109000024,5,169,-164
109000025,338,429,-91
109000026,647,244,403
109000027,92,317,-225
109000028,148,75,73
109000029,104,181,-77
109000030,85,474,-389
109000031,212,155,57
109000032,111,381,-270
109000033,280,188,92
109000034,68,44,24
109000035,22,73,-51
109000036,99,248,-149
109000037,296,1317,-1021
109000038,375,280,95
109000039,929,639,290
109000040,3585,8732,-5147
109000041,1976,1656,320
109000042,546,1127,-581
109000044,387,80,307
109000045,114,332,-218
109000046,343,81,262
109000047,109,358,-249
109000048,731,251,480
109000049,276,495,-219
109000050,315,277,38
109000051,250,216,34
109000052,484,666,-182
109000053,211,72,139
109000054,121,323,-202
109000055,179,250,-71
109000056,309,296,13
109000057,673,397,276
109000058,720,180,540
109000059,591,1535,-944
109000060,392,417,-25
109000061,735,940,-205
109000062,103,333,-230
109000063,238,137,101
109000064,324,114,210
109000065,158,154,4
109000066,374,64,310
109000067,80,221,-141
109000068,2263,13,2250
109000069,936,30,906
109000070,6,1422,-1416
109000071,356,97,259
109000072,85,255,-170
109000073,53,90,-37
109000074,25,116,-91
109000075,78,344,-266
109000076,188,274,-86
109000077,303,231,72
109000078,174,168,6
109000079,142,125,17
109000080,265,120,145
109000081,138,360,-222
109000082,678,190,488
109000083,288,482,-194
109000088,95,335,-240
109000089,283,71,212
109000090,116,355,-239
109000091,354,247,107
109000092,315,358,-43
109000093,223,201,22
109000094,524,3,521
109000095,97,348,-251
109000096,693,272,421
109000097,83,133,-50
109000098,42,154,-112
109000099,948,268,680
109000100,222,580,-358
109000101,1570,527,1043
109000102,321,689,-368
109000103,399,509,-110
109000104,1881,481,1400
109000105,470,883,-413
109000106,1844,699,1145
109000107,552,1553,-1001
109000108,1722,521,1201
109000109,460,1302,-842
109000110,1198,479,719
109000111,833,1359,-526
109000112,376,95,281
109000113,413,143,270
109000114,124,341,-217
109000115,1176,114,1062
109000116,19,216,-197
109000117,197,71,126
109000118,19,234,-215
109000119,1444,200,1244
109000120,216,535,-319
109000121,490,39,451
109000122,142,485,-343
109000123,40,48,-8
109000124,629,308,321
109000125,695,295,400
109000126,405,630,-225
109000127,912,171,741
109000128,549,1008,-459
109000129,2105,811,1294
109000130,581,1291,-710
109000131,820,570,250
109000132,710,1323,-613
109000133,278,918,-640
109000134,729,1145,-416
109000135,1070,1616,-546
109000136,298,279,19
109000137,300,343,-43
109000138,438,242,196
109000139,501,377,124
109000140,150,302,-152
109000141,450,435,15
109000142,191,460,-269
109000143,130,89,41
109000145,177,361,-184
109000146,84,91,-7
109000148,2435,1354,1081
109000149,13,59,-46
109000150,163,259,-96
109000155,802,523,279
109000156,994,539,455
109000158,90,206,-116
109000159,82,384,-302
109000160,891,246,645
109000161,337,797,-460
109000162,1809,651,1158
109000163,1029,1282,-253
109000164,1291,2004,-713
109000165,1289,433,856
109000166,741,113,628
109000167,148,387,-239
109000170,41,31,10
109000171,82,52,30
109000172,42,58,-16
109000173,24,99,-75
109000174,118,55,63
109000175,56,82,-26
109000176,398,257,141
109000177,43,108,-65
109000178,699,294,405
109000179,3523,4563,-1040
109000180,4040,3431,609
109000181,6,19,-13
109000182,55,29,26
109000183,60,20,40
109000184,62,14,48
109000185,18,33,-15
109000188,424,1378,-954
109000189,2096,761,1335
109000190,512,450,62
109000191,319,372,-53
109000192,464,300,164
109000193,206,270,-64
109000194,271,145,126
109000195,171,246,-75
109000196,349,99,250
109000197,179,270,-91
109000198,406,70,336
109000199,142,308,-166
109000206,239,43,196
109000207,118,34,84
109000208,77,79,-2
109000209,150,118,32
109000210,221,433,-212
109000211,596,391,205
109000214,403,216,187
109000215,163,70,93
109000216,280,282,-2
109000217,245,99,146
109000218,291,187,104
109000221,441,874,-433
109000222,946,237,709
109000223,347,311,36
109000224,71,108,-37
109000225,115,31,84
109000226,92,145,-53
109000227,1042,818,224
109000228,5,1406,-1401
109000231,2,198,-196
109000232,421,203,218
109000236,222,639,-417
109000241,2120,1693,427
109000242,1779,1086,693
109000293,41,104,-63
109000361,230,216,14
109000364,162,393,-231
109000396,5,363,-358
109000397,600,18,582
109000399,144,350,-206
109000400,83,240,-157
109000403,89,814,-725
109000406,366,4,362
109000407,245,141,104
109000408,2,354,-352
109000410,1073,315,758
109000411,293,28,265
109900001,109,2,107
109900002,720,17,703
109900003,259,0,259
109900004,629,118,511
109900005,39,6,33
109900006,527,148,379
109900007,938,367,571
109900008,0,27,-27
109900009,105,345,-240
109900010,553,16,537
109900011,86,53,33
109900012,276,196,80
109900013,356,204,152
109900014,417,66,351
109900015,387,237,150
109900016,185,10,175
109900017,205,224,-19
109900018,201,56,145
109900019,308,61,247
109900020,67,57,10
109900021,76,24,52
109900022,167,206,-39
109900023,26,3,23
109900024,25,6,19
109900025,19,57,-38
109900026,3,113,-110
109900027,49,61,-12
109900028,901,998,-97
109900029,2,162,-160
109900030,51,6,45
109900031,0,120,-120
109900032,18,228,-210
109900033,4,487,-483
109900034,42,4,38
109900035,20,34,-14
109900036,20,38,-18
109900037,34,278,-244
109900038,167,239,-72
109900039,17,0,17
109900040,45,389,-344
109900041,78,238,-160
109900042,51,404,-353
109900044,95,182,-87
109900045,211,134,77
109900046,143,107,36
109900047,249,283,-34
109900048,8,79,-71
109900049,30,39,-9
109900050,2,95,-93
109900051,1,47,-46
109900052,90,238,-148
109900053,5,210,-205
109900054,780,224,556
109900055,80,215,-135
109900056,32,178,-146
109900057,3,104,-101
109900058,1,88,-87
109900059,856,137,719
109900060,485,99,386
109900061,46,181,-135
109900062,0,132,-132
109900063,14,399,-385
109900064,491,187,304
109900065,90,110,-20
109900066,296,593,-297
109900067,0,167,-167
109900068,61,13,48
109900069,4,23,-19
109900070,46,290,-244
109900071,1,42,-41
109900072,27,158,-131
109900073,426,356,70
109900074,9,27,-18
109900075,17,25,-8
109900076,33,269,-236
109900077,45,47,-2
109900078,84,187,-103
109900080,163,217,-54
109900081,26,233,-207
109900082,55,246,-191
109900083,35,38,-3
109900084,43,103,-60
109900085,203,473,-270
109900086,157,396,-239
109900087,315,421,-106
109900089,721,211,510
109900090,410,789,-379
109900091,370,70,300
109900092,327,24,303
109900093,959,162,797
109900094,64,86,-22
109900095,115,130,-15
109900096,23,2,21
109900097,97,0,97
109900098,458,40,418
109900099,231,0,231
109900100,58,1,57
109900101,546,16,530
109900102,422,16,406
109900103,18,25,-7
109900104,575,524,51
109900105,529,26,503
109900106,357,43,314
109900107,487,72,415
109900108,93,213,-120
109900109,27,99,-72
109900110,71,334,-263
109900111,198,545,-347
109900112,305,423,-118
109900113,858,474,384
109900114,619,1431,-812
109900115,201,81,120
109900117,873,118,755
109900118,191,340,-149
109900119,471,288,183
109900120,91,36,55
109900121,377,488,-111
109900122,499,13,486
109900123,14,130,-116
109900124,39,309,-270
109900125,1,109,-108
109900126,287,84,203
109900128,308,35,273
109900130,4633,2157,2476
109900131,39,115,-76
109900132,44,112,-68
109900133,105,250,-145
109900134,101,92,9
109900135,318,76,242
109900136,52,118,-66
109900137,171,246,-75
109900140,206,158,48
109900142,1319,254,1065
109900145,3,432,-429
109900146,407,22,385
109900148,40,82,-42
109900149,52,55,-3
109900150,11,74,-63
109900151,9,55,-46
109900152,3,31,-28
109900153,0,58,-58
109900154,65,0,65
109900155,76,26,50
109900157,40,166,-126
109900158,64,120,-56
109900159,102,39,63
109900160,160,42,118
109900161,280,52,228
109900162,201,123,78
109900163,494,205,289
109900164,103,264,-161
109900165,233,12,221
109900166,2,79,-77
109900167,229,365,-136
109900168,162,518,-356
109900169,238,216,22
109900170,233,886,-653
109900171,159,97,62
109900172,211,209,2
109900173,2112,2349,-237
109900174,43,97,-54
109900175,56,61,-5
109900176,103,119,-16
109900177,33,156,-123
109900178,22,132,-110
109900179,130,19,111
109900180,9,13,-4
110000001,917,498,419
110000002,557,689,-132
110000003,758,669,89
110000004,432,672,-240
110000005,362,1702,-1340
110000006,313,332,-19
110000007,90,90,0
110000008,29,64,-35
110000009,51,16,35
110000010,33,61,-28
110000011,40,47,-7
110000012,633,307,326
110000013,44,549,-505
110000014,608,414,194
110000015,231,644,-413
110000016,241,1597,-1356
110000017,2205,284,1921
110000018,2051,365,1686
110000019,19,110,-91
110000020,707,277,430
110000021,490,400,90
110000022,758,123,635
110000023,27,166,-139
110000024,581,376,205
110000025,371,8,363
110000026,9,277,-268
110000027,665,1094,-429
110000028,919,665,254
110000029,516,678,-162
110000030,240,378,-138
110000031,357,382,-25
110000032,676,431,245
110000033,271,143,128
110000034,476,597,-121
110000035,770,450,320
110000036,808,547,261
110000037,235,321,-86
110000038,240,536,-296
110000039,769,2743,-1974
110000040,239,348,-109
110000041,306,1374,-1068
110000042,106,329,-223
110000043,853,302,551
110000044,94,336,-242
110000045,878,148,730
110000046,3,45,-42
110000047,145,44,101
110000048,6,24,-18
110000049,29,12,17
110000050,5,23,-18
110000051,17,11,6
110000052,23,31,-8
110000053,30,5,25
110000054,112,372,-260
110000055,327,51,276
110000056,179,119,60
110000057,557,589,-32
110000058,1064,448,616
110000059,992,520,472
110000060,851,883,-32
110000061,727,624,103
110000062,559,751,-192
110000063,38,113,-75
110000064,102,61,41
110000065,64,67,-3
110000066,80,36,44
110000067,85,142,-57
110000068,329,142,187
110000069,301,82,219
110000071,167,104,63
110000073,7,13,-6
110000075,16,56,-40
110000076,315,253,62
110000077,291,866,-575
110000078,35,39,-4
110000080,293,498,-205
110000081,64,208,-144
110000082,60,332,-272
110000083,205,530,-325
110000084,1324,866,458
110000085,1545,1581,-36
110000086,1373,2224,-851
110000087,14,46,-32
110000088,91,220,-129
110000089,280,86,194
110000090,134,185,-51
110000091,874,203,671
110000092,14,45,-31
110000093,63,15,48
110000094,440,214,226
110000095,252,534,-282
110000096,1493,1790,-297
110000097,1086,1147,-61
110000098,2140,579,1561
110000099,722,1421,-699
110000100,1011,439,572
110000101,35,265,-230
110000102,72,24,48
110000104,380,159,221
110000105,57,312,-255
110000106,681,423,258
110000107,234,294,-60
110000108,128,88,40
110000109,235,242,-7
110000110,2234,4754,-2520
110000111,4895,2882,2013
110000112,998,1300,-302
110000113,259,2245,-1986
110000114,252,519,-267
110000115,371,200,171
110000116,46,52,-6
110000117,229,261,-32
110000118,484,99,385
110000119,216,290,-74
110000120,367,166,201
110000121,44,319,-275
110000122,390,464,-74
110000123,550,617,-67
110000124,8,820,-812
110000125,1013,8,1005
110000126,308,40,268
110000127,1279,74,1205
110000128,30,859,-829
110000129,6,584,-578
110000130,427,214,213
110000131,195,350,-155
110000132,1,557,-556
110000133,43,387,-344
110000134,25,300,-275
110000135,157,30,127
110000136,96,196,-100
110000137,557,504,53
110000138,708,579,129
110000139,873,907,-34
110000140,1097,707,390
110000143,527,331,196
110000144,4704,2035,2669
110000145,1508,1281,227
110000146,1201,618,583
110000147,507,609,-102
110000148,526,200,326
110000151,848,1058,-210
110000152,768,405,363
110000153,93,29,64
110000154,13,15,-2
110000155,1058,3812,-2754
110000156,935,2245,-1310
110000157,1185,2405,-1220
110000160,471,260,211
110000161,230,256,-26
110000166,638,135,503
110000167,940,536,404
110000168,955,497,458
110000169,887,344,543
110000170,129,47,82
110000171,553,133,420
110000172,163,616,-453
110000173,886,859,27
110000174,158,646,-488
110000175,686,71,615
110000176,95,311,-216
110000177,199,782,-583
110000178,404,1884,-1480
110000179,912,291,621
110000180,203,206,-3
110000181,485,562,-77
110000182,269,131,138
110000183,6638,5916,722
110000184,279,2238,-1959
110000185,659,510,149
110000186,672,604,68
110000191,1108,270,838
110000192,929,18,911
110000193,2029,15,2014
110000194,14,827,-813
110000195,539,326,213
110000196,474,286,188
110000197,130,153,-23
110000198,336,89,247
110000199,222,134,88
110000200,1116,410,706
110000201,946,1053,-107
110000202,1280,643,637
110000203,664,529,135
110000204,6,188,-182
110000205,139,76,63
110000206,580,1024,-444
110000207,1075,373,702
110000208,167,193,-26
110000209,125,601,-476
110000210,1226,427,799
110000211,754,553,201
110000212,419,986,-567
110000213,255,92,163
110000214,348,157,191
110000215,284,262,22
110000216,93,229,-136
110000217,371,128,243
110000218,237,222,15
110000219,281,67,214
110000220,111,179,-68
110000221,320,75,245
110000222,72,198,-126
110000223,3,223,-220
110000224,40,14,26
110000225,323,715,-392
110000226,253,67,186
110000227,860,703,157
110000228,304,142,162
110000229,2,188,-186
110000230,517,578,-61
110000231,174,184,-10
110000232,251,221,30
110000233,189,292,-103
110000234,578,524,54
110000235,852,850,2
110000236,542,510,32
110000237,2123,1137,986
110000238,1360,1259,101
110000239,1869,1062,807
110000240,0,77,-77
110000242,0,18,-18
110000243,126,89,37
110000244,147,308,-161
110000245,40,332,-292
110000246,896,432,464
110000247,1141,4720,-3579
110000248,1873,1646,227
110000249,81,14,67
110000250,16,146,-130
110000251,272,408,-136
110000252,211,180,31
110000253,1425,626,799
110000254,576,972,-396
110000255,219,760,-541
110000256,465,301,164
110000257,583,412,171
110000258,10,421,-411
110000259,162,11,151
110000260,23,184,-161
110000263,517,102,415
110000264,264,387,-123
110000265,1082,1613,-531
110000266,1662,2546,-884
110000267,32,189,-157
110000268,329,412,-83
110000269,3,43,-40
110000270,112,3,109
110000271,1159,249,910
110000272,1177,1051,126
110000273,2445,1448,997
110000274,124,1444,-1320
110000275,1569,436,1133
110000276,258,353,-95
110000277,326,313,13
110000278,488,657,-169
110000279,766,700,66
110000280,425,396,29
110000281,41,353,-312
110000282,238,37,201
110000283,63,136,-73
110000284,60,48,12
110000285,3,481,-478
110000286,18,0,18
110000287,54,0,54
110000288,1,57,-56
110000289,427,1790,-1363
110000290,695,544,151
110000291,4313,1240,3073
110000292,1287,4431,-3144
110000293,557,622,-65
110000294,980,931,49
110000295,187,745,-558
110000296,415,257,158
110000297,2466,392,2074
110000298,204,590,-386
110000299,365,77,288
110000301,436,20,416
110000302,596,720,-124
110000303,531,5,526
110000304,196,221,-25
110000305,1407,27,1380
110000306,187,971,-784
110000307,1600,6,1594
110000308,527,9,518
110000309,0,662,-662
110000310,790,65,725
110000311,13,613,-600
110000312,514,135,379
110000313,2383,3463,-1080
110000314,1,254,-253
110000315,2467,2491,-24
110000316,611,1422,-811
110000317,278,611,-333
110000318,8,64,-56
110000319,16,19,-3
110000320,54,38,16
110000321,16,36,-20
110000322,272,264,8
110000323,435,155,280
110000324,2627,1817,810
110000325,2067,2878,-811
110000327,333,334,-1
110000328,132,309,-177
110000333,794,658,136
110000334,745,1134,-389
110000335,947,454,493
110000336,710,928,-218
110000337,1281,578,703
110000338,509,177,332
110000339,316,182,134
110000340,43,145,-102
110000341,484,448,36
110000342,349,7,342
110000343,0,12,-12
110000344,462,176,286
110000345,576,165,411
110000346,1879,1907,-28
110000347,1216,741,475
110000348,16,23,-7
110000349,7,22,-15
110000350,50,3,47
110000351,1048,619,429
110000352,740,1448,-708
110000353,2193,651,1542
110000354,1258,2983,-1725
110000355,97,59,38
110000356,550,16,534
110000357,332,17,315
110000361,24,43,-19
110000362,66,4,62
110000363,512,134,378
110000364,230,269,-39
110000365,170,5,165
110000366,0,110,-110
110000367,316,135,181
110000368,4,96,-92
110000369,62,2,60
110000373,3,234,-231
110000374,144,34,110
110000375,168,1409,-1241
110000376,52,87,-35
110000377,78,410,-332
110000378,14,291,-277
110000379,2197,1871,326
110000380,65,19,46
110000383,2,1426,-1424
110000384,1881,1340,541
110000385,2,135,-133
110000387,92,9,83
110000388,49,203,-154
110000389,859,9,850
110000391,812,227,585
110000396,244,126,118
110000397,172,154,18
110000398,6,51,-45
110000399,145,1,144
110000587,120,70,50
110000589,222,118,104
110000640,131,58,73
110000652,14,164,-150
110000653,296,372,-76
110000654,104,467,-363
110000656,2,448,-446
110000674,34,24,10
110000675,24,21,3
110000676,1,36,-35
110000679,353,1345,-992
110000682,124,181,-57
110000683,298,550,-252
110000684,3,24,-21
110000685,6,17,-11
110000686,1,19,-18
110000687,34,4,30
110000688,68,930,-862
110000689,59,35,24
110000692,34,138,-104
110000693,45,236,-191
110000694,0,182,-182
110000695,159,542,-383
110000696,83,53,30
110900001,250,18,232
110900002,286,170,116
110900003,871,421,450
110900004,427,147,280
110900005,1845,2211,-366
110900006,75,12,63
110900007,129,41,88
110900008,8,53,-45
110900009,426,158,268
110900010,5,57,-52
110900011,23,65,-42
110900012,7,67,-60
110900013,1248,135,1113
110900014,237,14,223
110900015,429,654,-225
110900016,56,110,-54
110900017,479,28,451
110900018,421,52,369
110900019,239,18,221
110900020,100,209,-109
110900021,111,361,-250
110900022,115,260,-145
110900023,75,535,-460
110900024,19,292,-273
110900025,5,51,-46
110900027,80,204,-124
110900028,39,128,-89
110900029,26,244,-218
110900030,51,156,-105
110900031,1,152,-151
110900032,0,63,-63
110900033,61,133,-72
110900035,22,425,-403
110900036,71,24,47
110900037,90,17,73
110900038,687,200,487
110900039,39,227,-188
110900040,161,28,133
110900041,20,74,-54
110900042,136,44,92
110900043,6,90,-84
110900044,178,24,154
110900045,64,286,-222
110900046,50,177,-127
110900047,377,326,51
110900049,83,107,-24
110900050,22,1,21
110900051,34,191,-157
110900052,1,103,-102
110900053,134,24,110
110900054,29,143,-114
110900055,19,0,19
110900056,53,131,-78
110900057,2,130,-128
110900058,306,180,126
110900059,592,500,92
110900060,529,153,376
110900061,21,45,-24
110900062,146,258,-112
110900063,33,126,-93
110900064,5,0,5
110900065,320,131,189
110900066,12,59,-47
110900067,253,536,-283
110900068,235,160,75
110900069,7,16,-9
110900070,107,55,52
110900071,257,623,-366
110900073,0,13,-13
110900074,381,83,298
110900075,344,71,273
110900077,736,757,-21
110900078,36,38,-2
110900079,1961,1463,498
110900080,113,101,12
110900081,8,38,-30
110900082,168,93,75
110900083,116,70,46
110900084,43,63,-20
110900085,49,186,-137
110900086,76,308,-232
110900087,381,72,309
110900088,6,0,6
110900090,29,52,-23
110900091,5,51,-46
110900093,281,87,194
110900095,45,40,5
110900097,10,11,-1
110900098,28,55,-27
110900099,59,343,-284
110900100,0,14,-14
110900102,20,8,12
110900105,712,202,510
110900108,9,31,-22
110900111,311,138,173
110900112,867,14,853
110900113,470,54,416
110900115,31,46,-15
110900116,698,1319,-621
110900118,82,2823,-2741
110900119,2887,244,2643
110900120,12,67,-55
110900121,149,0,149
110900122,480,169,311
110900125,439,381,58
110900127,503,1324,-821
110900128,374,526,-152
110900129,376,906,-530
110900130,839,726,113
110900131,190,45,145
110900132,367,66,301
110900133,54,169,-115
110900135,75,278,-203
110900136,337,15,322
110900139,10,0,10
110900140,2,0,2
110900141,269,246,23
110900142,65,151,-86
110900143,152,61,91
110900144,4,490,-486
110900145,308,59,249
110900146,231,186,45
110900147,123,319,-196
110900148,4,253,-249
110900149,1,67,-66
110900150,20,11,9
110900151,0,57,-57
110900152,45,195,-150
110900153,176,47,129
111000001,603,549,54
111000002,679,445,234
111000003,1209,575,634
111000004,381,824,-443
111000005,1145,998,147
111000006,801,1644,-843
111000007,3834,2632,1202
111000008,1647,2643,-996
111000009,431,937,-506
111000010,809,271,538
111000011,273,1434,-1161
111000012,503,362,141
111000013,434,1025,-591
111000014,1138,546,592
111000017,115,800,-685
111000018,231,340,-109
111000020,731,2033,-1302
111000021,97,110,-13
111000023,147,126,21
111000025,3524,4009,-485
111000029,115,131,-16
111000030,18,116,-98
111000031,1804,1067,737
111000032,479,330,149
111000033,209,327,-118
111000034,148,265,-117
111000037,1149,841,308
111000038,2759,1625,1134
111000039,1714,1629,85
111000040,1542,1842,-300
111000041,1558,1309,249
111000042,2389,1934,455
111000043,1845,2936,-1091
111000044,1872,1214,658
111000045,2312,2293,19
111000046,1524,1778,-254
111000047,2589,3885,-1296
111000049,416,516,-100
111000050,1374,1112,262
111000051,454,806,-352
111000052,587,1432,-845
111000053,344,700,-356
111000054,405,666,-261
111000055,943,1384,-441
111000056,130,349,-219
111000057,132,425,-293
111000058,506,78,428
111000059,553,270,283
111000060,3770,904,2866
111000061,493,299,194
111000062,847,315,532
111000063,1739,930,809
111000064,747,570,177
111000065,1079,780,299
111000066,547,363,184
111000067,536,559,-23
111000068,653,933,-280
111000069,1442,1591,-149
111000070,1089,870,219
111000071,275,533,-258
111000072,1354,537,817
111000073,358,973,-615
111000074,1479,1554,-75
111000075,903,533,370
111000076,611,517,94
111000077,1219,1082,137
111000078,2606,1176,1430
111000079,1267,669,598
111000080,542,571,-29
111000081,1534,3530,-1996
111000082,789,572,217
111000084,826,544,282
111000085,970,868,102
111000086,2220,898,1322
111000087,667,525,142
111000088,4053,2330,1723
111000089,833,840,-7
111000090,766,1358,-592
111000091,786,436,350
111000092,1389,746,643
111000093,690,1017,-327
111000094,1589,1032,557
111000095,695,2218,-1523
111000096,1553,6841,-5288
111000097,3873,1495,2378
111000098,713,1012,-299
111000099,591,1432,-841
111000100,415,1165,-750
111000101,450,644,-194
111000102,310,460,-150
111000104,531,163,368
111000107,148,554,-406
111000109,525,223,302
111000110,1392,623,769
111000111,2697,418,2279
111000112,1829,579,1250
111000113,926,1463,-537
111000114,1948,3318,-1370
111000115,4754,1155,3599
111000116,1007,806,201
111000117,456,912,-456
111000118,1332,744,588
111000119,1231,867,364
111000120,537,599,-62
111000121,350,592,-242
111000122,543,938,-395
111000123,1033,2021,-988
111000124,368,2031,-1663
111000125,317,1095,-778
111000126,96,719,-623
111000127,967,127,840
111000128,2156,262,1894
111000129,2430,487,1943
111000130,2203,647,1556
111000131,1726,579,1147
111000132,1467,776,691
111000133,176,160,16
111000134,175,122,53
111000135,55,168,-113
111000136,361,285,76
111000138,13,13,0
111000140,1,4,-3
111000141,157,350,-193
111000142,16,126,-110
111000143,4,160,-156
111000144,25,668,-643
111000145,985,12,973
111000146,115,11,104
111000147,297,40,257
111000148,140,52,88
111000149,4,19,-15
111000150,32,4,28
111000151,5,33,-28
111000153,571,703,-132
111000154,725,251,474
111000155,107,154,-47
111000156,469,613,-144
111000157,269,972,-703
111000158,853,782,71
111000159,2212,760,1452
111000160,438,371,67
111000161,13,270,-257
111000162,97,132,-35
111000163,790,680,110
111000164,571,2787,-2216
111000165,962,393,569
111000166,1443,317,1126
111000167,226,316,-90
111000168,218,391,-173
111000169,310,593,-283
111000170,402,355,47
111000171,487,549,-62
111000172,203,369,-166
111000173,427,718,-291
111000174,250,289,-39
111000175,72,219,-147
111000176,404,154,250
111000177,349,228,121
111000178,1265,396,869
111000179,245,191,54
111000180,285,490,-205
111000181,1253,225,1028
111000182,207,171,36
111000183,279,305,-26
111000184,402,231,171
111000185,398,439,-41
111000186,332,249,83
111000187,112,182,-70
111000188,250,333,-83
111000189,959,479,480
111000190,243,250,-7
111000191,201,244,-43
111000192,179,453,-274
111000193,345,280,65
111000194,52,307,-255
111000195,222,283,-61
111000196,84,176,-92
111000197,526,135,391
111000198,1574,179,1395
111000199,272,163,109
111000200,466,404,62
111000201,730,284,446
111000202,394,268,126
111000203,382,500,-118
111000204,440,1437,-997
111000213,244,413,-169
111000214,1475,1185,290
111000215,1218,982,236
111000217,1442,1096,346
111000218,1517,1176,341
111000219,417,188,229
111000220,1149,492,657
111000221,566,88,478
111000224,44,237,-193
111000225,410,325,85
111000226,78,4,74
111000227,64,3,61
111000228,20,380,-360
111000229,55,844,-789
111000230,244,287,-43
111000231,915,599,316
111000232,745,748,-3
111000233,887,713,174
111000234,152,396,-244
111000239,116,126,-10
111000240,39,206,-167
111000241,31,238,-207
111000242,164,62,102
111000243,372,485,-113
111000244,648,51,597
111000245,1790,318,1472
111000246,641,309,332
111000247,383,683,-300
111000248,792,472,320
111000249,384,540,-156
111000250,57,61,-4
111000251,40,75,-35
111000253,19,18,1
111000255,50,7,43
111000257,43,33,10
111000260,58,935,-877
111000261,1292,92,1200
111000271,46,292,-246
111000273,2546,1171,1375
111000274,1265,2081,-816
111000275,205,70,135
111000276,248,1244,-996
111000277,244,335,-91
111000278,586,227,359
111000291,814,5432,-4618
111000298,528,182,346
111000299,617,158,459
111000300,118,537,-419
111000302,301,80,221
111000303,113,157,-44
111000312,66,57,9
111000315,16,145,-129
111000320,235,557,-322
111000321,431,141,290
111000322,314,359,-45
111000323,286,24,262
111000324,435,180,255
111000325,59,65,-6
111000326,220,253,-33
111000327,750,343,407
111000328,292,431,-139
111000329,0,31,-31
111000330,86,6,80
111000331,13,7,6
111000332,837,1550,-713
111000334,364,1110,-746
111000335,1140,261,879
111000337,1374,368,1006
111000338,87,117,-30
111000339,617,246,371
111000340,101,474,-373
111000341,1553,632,921
111000342,180,1096,-916
111000344,1028,710,318
111000345,202,86,116
111000346,31,136,-105
111000347,147,7,140
111000350,220,129,91
111000351,101,330,-229
111000352,212,92,120
111000353,171,256,-85
111000354,537,122,415
111000355,340,514,-174
111000358,193,844,-651
111000360,173,442,-269
111000361,125,245,-120
111000546,1028,563,465
111000547,490,390,100
111000548,187,320,-133
111000549,332,233,99
111000550,95,1028,-933
111000551,622,222,400
111000552,1314,187,1127
111000907,468,44,424
111000908,17,0,17
111000916,1834,279,1555
111000917,23,355,-332
111000918,229,598,-369
111000920,632,17,615
111000921,11,174,-163
111000922,568,278,290
111000924,25,515,-490
111000925,2982,1789,1193
111000926,1060,1385,-325
111000927,2927,3957,-1030
111000928,3677,2412,1265
111000929,1536,1115,421
111000930,872,1677,-805
111000931,1983,2566,-583
111000932,3282,1574,1708
111000933,3600,2743,857
111000934,1995,2796,-801
111000935,1741,1091,650
111000936,1134,1773,-639
111000937,1096,1235,-139
111000938,1314,1367,-53
111000939,514,61,453
111000940,539,179,360
111000941,384,349,35
111000943,492,279,213
111000944,165,257,-92
111000945,109,1017,-908
111001109,486,386,100
111001110,242,441,-199
111001111,147,18,129
111001112,102,4,98
111001113,5,155,-150
111001114,694,147,547
111001115,86,636,-550
111001116,4020,3623,397
111001117,589,2638,-2049
111001120,195,254,-59
111001121,207,200,7
111001122,243,405,-162
111001123,352,90,262
111001124,108,169,-61
111001125,1,124,-123
111001126,7,0,7
111001127,0,50,-50
111900001,9,201,-192
111900002,1,509,-508
111900003,1,303,-302
111900004,52,97,-45
111900006,7,43,-36
111900007,88,3,85
111900008,208,1,207
111900009,133,1,132
111900010,263,349,-86
111900012,61,49,12
111900013,25,49,-24
111900014,3686,4233,-547
111900015,1,49,-48
111900016,1,84,-83
111900017,0,73,-73
111900018,207,6,201
111900019,1,80,-79
111900020,1,43,-42
111900021,55,95,-40
111900022,10,59,-49
111900023,104,88,16
111900024,20,68,-48
111900025,0,35,-35
111900026,2,55,-53
111900027,4,89,-85
111900028,4,264,-260
111900029,4,56,-52
111900030,31,343,-312
111900031,4,16,-12
111900032,0,224,-224
111900033,6,50,-44
111900034,202,456,-254
111900035,57,180,-123
111900036,2,204,-202
111900038,246,452,-206
111900039,54,315,-261
111900040,2,349,-347
111900042,24,113,-89
111900043,3,238,-235
111900044,299,177,122
111900046,36,129,-93
111900048,309,460,-151
111900049,19,204,-185
111900050,101,31,70
111900051,3,142,-139
111900052,321,356,-35
111900053,830,1620,-790
111900054,179,7,172
111900055,13,272,-259
111900056,185,287,-102
111900057,107,61,46
111900058,442,424,18
111900059,1359,724,635
111900060,421,8,413
111900061,6,116,-110
111900062,20,58,-38
111900063,338,233,105
111900064,59,137,-78
111900065,131,36,95
111900066,165,189,-24
111900067,2,251,-249
111900068,63,58,5
111900069,110,28,82
111900070,197,106,91
111900071,1,164,-163
111900072,87,20,67
111900073,966,172,794
111900074,11,124,-113
111900075,88,7,81
111900076,195,72,123
111900077,54,1,53
111900078,307,22,285
111900079,67,48,19
111900080,191,276,-85
111900082,148,45,103
111900083,187,20,167
111900084,105,10,95
111900085,35,126,-91
111900086,62,8,54
111900087,43,0,43
111900088,561,11,550
111900089,104,4,100
111900090,68,42,26
111900091,282,3,279
111900092,146,1,145
111900093,411,8,403
111900094,112,0,112
111900095,221,37,184
111900096,259,0,259
111900097,61,0,61
111900098,263,2,261
111900099,73,0,73
111900100,138,6,132
111900101,84,29,55
111900102,656,448,208
111900103,76,80,-4
111900104,177,53,124
111900105,278,185,93
111900106,759,42,717
111900110,1271,362,909
111900111,247,105,142
111900112,357,2796,-2439
111900113,200,84,116
111900118,315,94,221
111900119,337,180,157
111900122,146,111,35
111900123,25,62,-37
111900124,22,81,-59
111900125,642,25,617
111900126,300,0,300
111900127,1,473,-472
111900128,2,380,-378
111900129,288,2,286
111900130,248,41,207
111900131,546,3,543
111900132,28,718,-690
111900133,10,233,-223
111900134,9,170,-161
111900135,11,31,-20
111900136,74,174,-100
111900137,50,73,-23
111900138,26,64,-38
111900139,33,110,-77
111900140,166,41,125
111900141,86,12,74
111900142,106,38,68
111900143,41,139,-98
111900144,0,68,-68
111900145,0,311,-311
111900146,3,170,-167
111900147,110,273,-163
111900148,34,477,-443
111900149,7,192,-185
111900150,11,100,-89
111900151,10,40,-30
111900152,77,77,0
111900153,1048,582,466
111900154,15,283,-268
111900155,59,111,-52
111900156,64,78,-14
111900157,213,20,193
111900158,493,60,433
111900159,350,33,317
111900160,366,5,361
111900161,165,10,155
111900162,82,170,-88
111900163,56,180,-124
111900164,111,70,41
111901113,558,128,430
111901114,312,256,56
111901115,71,2,69
111901116,56,9,47
111901117,21,38,-17
111901118,59,240,-181
111901119,465,73,392
111901121,138,118,20
111901122,4,363,-359
111901123,236,210,26
111901124,242,6,236
111901125,449,209,240
111901127,466,396,70
111901128,10,60,-50
111901129,6,100,-94
111901130,9,138,-129
111901131,4,204,-200
111901132,90,17,73
111901133,42,1,41
111901134,84,6,78
111901135,41,12,29
111901136,4,41,-37
111901138,204,33,171
111901139,20,21,-1
111901140,8,60,-52
111901141,2,129,-127
111901142,16,101,-85
111901143,4,100,-96
111901144,38,45,-7
111901145,208,333,-125
111901146,333,16,317
111901147,333,215,118
111901148,8,61,-53
111901149,10,2,8
111901150,16,0,16
112000001,1719,627,1092
112000002,607,1614,-1007
112000003,1557,877,680
112000004,739,652,87
112000005,3352,3176,176
112000006,1563,1255,308
112000007,3476,2325,1151
112000008,2558,4048,-1490
112000009,2729,2448,281
112000010,2917,3369,-452
112000011,1366,1402,-36
112000012,3588,5262,-1674
112000013,2618,2798,-180
112000014,1779,3176,-1397
112000015,2136,3389,-1253
112000016,2932,1747,1185
112000017,1216,3035,-1819
112000024,1794,696,1098
112000026,2419,3008,-589
112000027,795,654,141
112000028,928,1240,-312
112000029,610,677,-67
112000030,120,76,44
112000031,1222,4562,-3340
112000032,185,43,142
112000033,1499,2731,-1232
112000034,151,50,101
112000035,72,429,-357
112000036,541,1253,-712
112000037,940,775,165
112000038,1526,1012,514
112000039,71,93,-22
112000040,68,208,-140
112000041,482,427,55
112000042,898,397,501
112000050,1315,1183,132
112000051,1174,1553,-379
112000054,1551,1613,-62
112000057,535,329,206
112000058,318,516,-198
112000059,551,853,-302
112000061,2566,2049,517
112000062,1637,1109,528
112000063,1280,2202,-922
112000064,2938,5034,-2096
112000065,1463,2245,-782
112000066,3786,1590,2196
112000067,692,677,15
112000068,3171,2801,370
112000069,579,1568,-989
112000070,1978,952,1026
112000071,863,2091,-1228
112000072,2415,778,1637
112000073,1266,1710,-444
112000074,1393,1000,393
112000075,1443,1198,245
112000076,2871,2409,462
112000077,649,411,238
112000078,1864,558,1306
112000079,1307,1186,121
112000080,702,679,23
112000081,1140,1962,-822
112000082,1466,749,717
112000083,537,972,-435
112000084,1364,665,699
112000085,1080,735,345
112000086,1713,986,727
112000087,559,336,223
112000088,805,371,434
112000089,245,249,-4
112000090,190,237,-47
112000091,627,740,-113
112000092,1978,760,1218
112000093,1536,722,814
112000094,727,717,10
112000095,644,659,-15
112000096,1019,961,58
112000097,1329,765,564
112000098,803,794,9
112000099,782,1522,-740
112000100,1854,841,1013
112000101,435,604,-169
112000102,1389,559,830
112000103,381,681,-300
112000105,636,1224,-588
112000106,2269,485,1784
112000107,96,241,-145
112000108,353,1306,-953
112000109,200,174,26
112000110,2023,685,1338
112000111,836,2812,-1976
112000112,3348,651,2697
112000113,787,1447,-660
112000114,2410,922,1488
112000115,455,399,56
112000116,553,758,-205
112000117,1025,612,413
112000118,811,654,157
112000119,384,628,-244
112000120,108,276,-168
112000121,153,365,-212
112000122,315,148,167
112000123,798,149,649
112000124,453,74,379
112000125,318,211,107
112000126,349,415,-66
112000127,2198,2327,-129
112000128,826,659,167
112000129,134,84,50
112000130,204,74,130
112000131,44,230,-186
112000132,121,237,-116
112000133,376,137,239
112000134,421,375,46
112000135,1738,617,1121
112000136,1104,1095,9
112000137,1677,1503,174
112000138,1379,1036,343
112000139,1003,698,305
112000140,1175,1204,-29
112000141,861,347,514
112000142,167,539,-372
112000143,1153,264,889
112000144,305,953,-648
112000145,2644,601,2043
112000146,513,1462,-949
112000147,2762,1772,990
112000148,1567,1629,-62
112000149,566,560,6
112000150,316,501,-185
112000151,435,309,126
112000152,405,401,4
112000153,237,259,-22
112000154,101,224,-123
112000155,163,201,-38
112000157,660,552,108
112000158,287,368,-81
112000159,370,191,179
112000167,340,104,236
112000169,324,470,-146
112000173,842,222,620
112000175,414,302,112
112000176,2144,1926,218
112000177,797,216,581
112000178,157,346,-189
112000179,270,108,162
112000180,372,661,-289
112000181,1269,1360,-91
112000182,1450,1002,448
112000183,39,26,13
112000184,412,296,116
112000185,563,414,149
112000187,3830,2331,1499
112000195,111,9,102
112000196,173,1,172
112000197,163,140,23
112000198,37,266,-229
112000199,932,716,216
112000202,447,4,443
112000216,96,197,-101
112000230,102,3,99
112000231,5,172,-167
112000256,81,260,-179
112000313,67,119,-52
112000314,60,26,34
112000337,445,576,-131
112000352,384,374,10
112000392,1609,1536,73
112000398,1514,825,689
112000399,1404,2093,-689
112000400,1393,2147,-754
112000401,1973,1977,-4
112000402,3092,3526,-434
112000403,1338,3012,-1674
112000404,1000,929,71
112000405,2020,2735,-715
112000406,2551,1684,867
112000407,7429,7354,75
112000408,6153,4475,1678
112000409,1611,3242,-1631
112000410,389,373,16
112000411,2689,1624,1065
112000412,1235,579,656
112000413,5701,5548,153
112000414,83,105,-22
112000415,134,33,101
112000416,3027,1290,1737
112000417,318,80,238
112000421,58,143,-85
112000422,336,285,51
112000424,1587,2354,-767
112000425,444,786,-342
112000426,289,383,-94
112000427,1,16,-15
112000428,262,291,-29
112000429,2049,2039,10
112000430,2475,2635,-160
112000431,136,155,-19
112000432,576,1040,-464
112000433,360,861,-501
112000437,93,178,-85
112900001,69,1,68
112900002,508,800,-292
112900003,85,306,-221
112900004,62,281,-219
112900005,274,195,79
112900006,9,257,-248
112900007,64,178,-114
112900008,8,55,-47
112900009,450,112,338
112900010,371,613,-242
112900011,151,193,-42
112900012,2,37,-35
112900013,4,145,-141
112900014,2,209,-207
112900015,357,636,-279
112900016,13,220,-207
112900017,35,189,-154
112900018,2,173,-171
112900019,32,106,-74
112900020,361,1038,-677
112900021,10,171,-161
112900022,17,64,-47
112900023,1,124,-123
112900024,27,160,-133
112900025,81,185,-104
112900026,3,131,-128
112900027,8,889,-881
112900028,17,78,-61
112900029,11,410,-399
112900030,130,102,28
112900031,6,322,-316
112900032,209,209,0
112900034,0,34,-34
112900035,3,324,-321
112900036,82,130,-48
112900037,105,210,-105
112900038,614,167,447
112900039,4,233,-229
112900040,8,305,-297
112900041,704,1096,-392
112900042,59,254,-195
112900043,31,74,-43
112900044,451,349,102
112900045,281,230,51
112900046,112,60,52
112900047,3,19,-16
112900049,253,51,202
112900050,36,396,-360
112900051,238,450,-212
112900052,19,544,-525
112900053,297,96,201
112900054,122,49,73
112900055,127,28,99
112900056,366,212,154
112900057,33,376,-343
112900058,301,399,-98
112900059,101,122,-21
112900060,21,118,-97
112900061,91,96,-5
112900062,93,111,-18
112900063,171,25,146
112900064,151,187,-36
112900065,41,38,3
112900066,202,250,-48
112900067,349,131,218
112900068,40,51,-11
112900069,1415,799,616
112900071,62,3,59
112900072,142,2002,-1860
112900073,350,102,248
112900074,117,299,-182
112900075,873,937,-64
112900076,65,51,14
112900078,340,412,-72
112900079,247,68,179
112900080,85,7,78
112900081,78,177,-99
112900082,559,34,525
112900083,110,124,-14
112900084,260,167,93
112900086,123,5,118
112900087,790,142,648
112900088,132,35,97
112900089,736,59,677
112900090,66,23,43
112900091,268,9,259
112900092,117,411,-294
112900093,1090,36,1054
112900095,91,3,88
112900096,529,192,337
112900097,90,283,-193
112900098,126,6,120
112900099,843,33,810
112900100,92,1,91
112900101,445,4,441
112900102,169,9,160
112900103,221,6,215
112900104,131,1,130
112900105,24,0,24
112900106,392,129,263
112900107,3,1,2
112900108,23,0,23
112900109,120,1,119
112900110,1419,23,1396
112900111,782,0,782
112900112,374,9,365
112900113,1,4,-3
112900114,173,18,155
112900115,1434,1,1433
112900116,149,31,118
112900117,108,54,54
112900118,22,105,-83
112900119,193,6,187
112900120,722,286,436
112900121,91,128,-37
112900122,44,112,-68
112900123,107,22,85
112900124,20,89,-69
112900125,68,459,-391
112900126,158,187,-29
112900127,384,103,281
112900128,305,667,-362
112900129,1,572,-571
112900130,201,72,129
112900131,42,213,-171
112900132,120,345,-225
112900133,47,1059,-1012
112900134,0,238,-238
112900135,129,48,81
112900137,0,403,-403
112900138,10,197,-187
112900139,170,804,-634
112900141,716,38,678
112900142,85,175,-90
112900143,25,355,-330
112900144,2,264,-262
112900145,30,373,-343
112900146,4,914,-910
112900147,3,1207,-1204
112900148,51,2,49
112900149,206,565,-359
112900151,28,55,-27
112900152,3340,753,2587
112900153,1459,2216,-757
112900154,0,119,-119
112900155,184,54,130
112900156,346,802,-456
112900157,522,117,405
112900158,99,27,72
112900159,215,123,92
112900160,69,225,-156
112900161,123,53,70
112900162,19,27,-8
112900163,73,41,32
112900164,48,223,-175
112900165,155,35,120
112900166,13,67,-54
112900167,5,45,-40
112900168,5,6,-1
112900169,18,30,-12
112900170,137,95,42
112900172,48,9,39
112900173,156,84,72
112900174,240,48,192
112900175,150,130,20
112900176,12,66,-54
112900177,228,51,177
112900178,727,2244,-1517
112900179,56,409,-353
112900180,1673,1318,355
112900181,678,12,666
112900182,90,697,-607
112900183,137,194,-57
112900184,469,461,8
112900185,209,615,-406
112900186,1134,977,157
112900187,98,458,-360
112900188,549,907,-358
112900189,17,18,-1
112900190,8,49,-41
112900192,646,577,69
112900193,1265,323,942
112900194,92,66,26
112900195,751,47,704
112900196,274,325,-51
112900197,148,385,-237
112900199,736,454,282
112900200,503,157,346
112900201,168,118,50
112900202,331,543,-212
112900203,261,208,53
112900204,716,575,141
112900205,15,10,5
112900206,38,73,-35
112900207,27,1,26
112900208,89,351,-262
112900209,431,274,157
112900210,0,23,-23
112900211,77,19,58
112900212,1,114,-113
112900213,54,23,31
112900214,24,25,-1
112900215,5,127,-122
112900216,37,52,-15
112900217,0,49,-49
112900218,116,29,87
112900219,111,19,92
112900220,4,0,4
112900221,86,49,37
112900222,0,18,-18
112900223,931,21,910
112900224,390,323,67
112900225,432,255,177
112900226,287,332,-45
112900227,675,740,-65
112900228,79,31,48
112900229,293,47,246
112900230,5591,3167,2424
112900232,248,262,-14
112900233,72,150,-78
112900234,18,62,-44
112900235,92,21,71
112900236,286,9,277
112900237,260,225,35
112900238,4,20,-16
112900239,652,488,164
112900240,10,50,-40
112900241,12,79,-67
112900242,8,92,-84
112900243,14,88,-74
112900244,16,48,-32
112900245,2,30,-28
112900246,1,6,-5
112900247,186,43,143
112900248,10,1,9
112900249,45,8,37
112900250,32,18,14
112900251,63,5,58
112900252,59,23,36
112900253,55,7,48
112900254,10,11,-1
112900255,14,50,-36
112900256,2,42,-40
112900257,19,65,-46
112900258,17,18,-1
113000001,5876,4115,1761
113000002,3597,3211,386
113000003,1854,1391,463
113000004,1470,2159,-689
113000005,1871,975,896
113000006,1154,1227,-73
113000007,2169,1064,1105
113000008,1547,1803,-256
113000009,1105,656,449
113000010,1120,1252,-132
113000011,730,1253,-523
113000012,1801,531,1270
113000013,1159,619,540
113000014,1358,1333,25
113000015,284,178,106
113000016,350,733,-383
113000017,22,335,-313
113000018,360,48,312
113000019,143,283,-140
113000020,484,77,407
113000021,1038,479,559
113000022,748,1182,-434
113000025,127,309,-182
113000026,541,466,75
113000027,444,605,-161
113000028,527,682,-155
113000029,922,762,160
113000030,361,604,-243
113000031,315,348,-33
113000032,313,348,-35
113000033,304,465,-161
113000034,342,372,-30
113000035,39,29,10
113000036,19,63,-44
113000037,69,37,32
113000038,24,51,-27
113000039,112,282,-170
113000040,63,107,-44
113000042,674,752,-78
113000051,780,2138,-1358
113000052,1972,716,1256
113000053,433,386,47
113000054,420,656,-236
113000055,1103,583,520
113000056,1196,872,324
113000058,736,915,-179
113000059,1221,544,677
113000060,282,494,-212
113000061,425,833,-408
113000062,735,293,442
113000063,204,73,131
113000064,59,201,-142
113000065,125,584,-459
113000066,776,92,684
113000067,2116,1081,1035
113000068,366,1031,-665
113000069,564,776,-212
113000070,2600,956,1644
113000071,481,524,-43
113000072,798,437,361
113000073,373,1161,-788
113000074,995,388,607
113000075,2005,767,1238
113000076,622,2185,-1563
113000077,1257,787,470
113000078,738,2340,-1602
113000079,590,915,-325
113000080,695,780,-85
113000081,1000,787,213
113000082,994,735,259
113000083,544,985,-441
113000084,1637,1135,502
113000085,842,925,-83
113000086,1392,1254,138
113000087,1174,1058,116
113000088,1961,1343,618
113000089,1024,1664,-640
113000090,304,557,-253
113000091,423,391,32
113000094,1295,220,1075
113000095,240,679,-439
113000096,176,635,-459
113000097,1048,391,657
113000098,152,59,93
113000099,999,324,675
113000100,130,337,-207
113000101,339,573,-234
113000102,616,496,120
113000103,1763,326,1437
113000104,562,1771,-1209
113000105,924,397,527
113000106,308,333,-25
113000107,988,753,235
113000108,737,886,-149
113000109,627,1496,-869
113000110,1665,426,1239
113000111,236,681,-445
113000112,409,416,-7
113000113,1209,411,798
113000114,349,1360,-1011
113000116,596,334,262
113000117,908,121,787
113000118,146,422,-276
113000119,466,293,173
113000120,67,240,-173
113000121,471,845,-374
113000124,210,145,65
113000125,72,787,-715
113000127,2205,323,1882
113000128,481,498,-17
113000129,533,634,-101
113000133,1874,1428,446
113000134,5,937,-932
113000135,4303,4507,-204
113000137,1570,3637,-2067
113000139,490,220,270
113000140,115,247,-132
113000141,232,250,-18
113000142,485,1080,-595
113000143,260,288,-28
113000144,315,708,-393
113000145,65,144,-79
113000146,156,58,98
113000147,203,109,94
113000148,199,126,73
113000149,113,121,-8
113000150,584,275,309
113000151,79,48,31
113000152,51,90,-39
113000153,1018,474,544
113000154,803,1370,-567
113000155,360,590,-230
113000156,144,342,-198
113000157,229,700,-471
113000158,698,234,464
113000159,882,671,211
113000160,557,818,-261
113000161,230,285,-55
113000162,807,316,491
113000163,140,59,81
113000164,27,65,-38
113000166,229,131,98
113000167,31,82,-51
113000168,106,129,-23
113000169,281,54,227
113000170,100,117,-17
113000171,68,109,-41
113000172,319,69,250
113000173,74,28,46
113000174,131,492,-361
113000175,503,133,370
113000176,530,175,355
113000177,187,496,-309
113000178,160,286,-126
113000179,379,213,166
113000180,445,1005,-560
113000181,1241,826,415
113000182,141,328,-187
113000183,147,625,-478
113000184,15,108,-93
113000189,475,930,-455
113000190,719,531,188
113000192,912,2697,-1785
113000193,2487,2150,337
113000194,1312,1357,-45
113000195,1610,1132,478
113000196,194,116,78
113000197,1128,1415,-287
113000198,84,253,-169
113000199,1295,370,925
113000201,229,337,-108
113000202,3804,748,3056
113000203,172,168,4
113000204,835,2379,-1544
113000205,11,23,-12
113000206,10,42,-32
113000207,62,20,42
113000208,66,69,-3
113000209,13,16,-3
113000210,4,21,-17
113000211,206,325,-119
113000212,108,45,63
113000213,35,153,-118
113000214,136,253,-117
113000234,203,722,-519
113000410,123,165,-42
113000411,2332,4208,-1876
113000412,5125,2464,2661
113000413,2081,3020,-939
113000414,5070,12564,-7494
113000415,1871,2725,-854
113000416,6676,3832,2844
113000417,3059,2861,198
113000418,4627,3702,925
113000419,1883,2443,-560
113000420,4172,6475,-2303
113000421,4313,6376,-2063
113000422,11455,11198,257
113000423,2113,5392,-3279
113000424,2664,9493,-6829
113000425,19,83,-64
113000428,37,32,5
113000430,3,49,-46
113000432,2126,242,1884
113000433,57,552,-495
113000434,18,134,-116
113000435,31,414,-383
113000436,37,864,-827
113000437,1103,13,1090
113000438,278,20,258
113000439,16,69,-53
113000440,158,32,126
113000441,250,191,59
113000442,95,133,-38
113000443,370,184,186
113000444,197,127,70
113000445,188,85,103
113000446,61,71,-10
113000448,204,138,66
113000449,162,660,-498
113000450,481,1684,-1203
113000451,1319,182,1137
113000452,254,426,-172
113000453,92,458,-366
113000454,451,102,349
113000455,44,396,-352
113000456,3424,2875,549
113000468,1262,139,1123
113000469,77,66,11
113000470,396,25,371
113000471,13,395,-382
113000472,87,254,-167
113000474,807,579,228
113000475,1541,1498,43
113000476,1440,1708,-268
113000477,3368,1755,1613
113000478,3139,4428,-1289
113000479,112,103,9
113000484,0,0,0
113000485,0,0,0
113000486,2,1,1
113000487,0,0,0
113000488,0,2,-2
113000489,0,2,-2
113000490,0,0,0
113000491,1,0,1
113000492,4,2,2
113000493,1,0,1
113000495,151,150,1
113000496,159,100,59
113900001,3,249,-246
113900002,2,69,-67
113900003,0,55,-55
113900004,4,92,-88
113900005,3,109,-106
113900006,0,37,-37
113900007,7,1,6
113900008,24,1,23
113900009,97,6,91
113900010,95,9,86
113900011,78,1,77
113900012,35,2,33
113900013,190,10,180
113900014,557,2,555
113900015,0,59,-59
113900016,50,2,48
113900017,3,65,-62
113900018,310,208,102
113900019,165,49,116
113900020,130,1,129
113900022,36,0,36
113900023,40,0,40
113900024,138,26,112
113900025,352,26,326
113900026,47,1,46
113900027,6,42,-36
113900028,45,369,-324
113900029,82,157,-75
113900030,280,0,280
113900031,21,1,20
113900032,39,0,39
113900033,131,72,59
113900035,67,0,67
113900036,25,84,-59
113900037,200,421,-221
113900038,54,97,-43
113900039,139,22,117
113900040,9,26,-17
113900041,8,1,7
113900042,83,33,50
113900043,136,107,29
113900044,229,263,-34
113900045,98,2,96
113900046,197,621,-424
113900047,65,113,-48
113900048,133,101,32
113900049,462,362,100
113900050,253,348,-95
113900051,219,287,-68
113900052,176,168,8
113900053,577,422,155
113900054,24,5,19
113900055,90,443,-353
113900056,79,251,-172
113900057,16,57,-41
113900058,55,109,-54
113900059,174,251,-77
113900060,121,245,-124
113900061,716,284,432
113900062,104,7,97
113900063,80,155,-75
113900064,11,75,-64
113900065,335,22,313
113900066,360,230,130
113900067,154,437,-283
113900068,528,472,56
113900069,44,36,8
113900070,174,389,-215
113900071,81,113,-32
113900072,65,160,-95
113900073,349,287,62
113900074,176,983,-807
113900075,1201,1071,130
113900076,337,28,309
113900077,34,143,-109
113900078,61,135,-74
113900079,1,25,-24
113900080,405,185,220
113900081,67,218,-151
113900082,143,190,-47
113900083,367,286,81
113900084,316,131,185
113900085,68,333,-265
113900086,50,24,26
113900087,76,144,-68
113900088,64,88,-24
113900089,381,58,323
113900090,670,248,422
113900091,17,14,3
113900092,62,98,-36
113900093,86,755,-669
113900094,460,319,141
113900095,134,117,17
113900096,307,78,229
113900097,56,63,-7
113900098,656,94,562
113900099,2,38,-36
113900100,0,3,-3
113900101,26,73,-47
113900102,120,165,-45
113900103,333,277,56
113900104,148,248,-100
113900105,120,176,-56
113900106,0,46,-46
113900107,0,26,-26
113900108,242,267,-25
113900109,342,200,142
113900110,53,20,33
113900111,161,132,29
113900112,110,48,62
113900113,1012,467,545
113900114,6,48,-42
113900115,2,42,-40
113900116,108,195,-87
113900117,107,51,56
113900118,236,378,-142
113900119,210,565,-355
113900120,96,39,57
113900121,55,105,-50
113900122,433,2081,-1648
113900123,444,199,245
113900124,2,102,-100
113900125,768,164,604
113900126,168,53,115
113900127,244,699,-455
113900128,198,63,135
113900129,33,174,-141
113900130,1,45,-44
113900131,270,61,209
113900132,81,56,25
113900133,10,35,-25
113900135,337,300,37
113900136,104,61,43
113900137,359,279,80
113900138,68,285,-217
113900139,233,155,78
113900140,219,348,-129
113900141,610,213,397
113900142,170,70,100
113900143,11,26,-15
113900144,146,270,-124
113900145,409,141,268
113900146,237,55,182
113900148,137,347,-210
113900149,183,73,110
113900150,450,519,-69
113900151,432,209,223
113900152,41,69,-28
113900153,294,475,-181
113900154,2,116,-114
113900155,155,175,-20
113900156,212,364,-152
113900157,45,347,-302
113900158,287,341,-54
113900159,21,249,-228
113900160,512,421,91
113900161,63,274,-211
113900162,349,748,-399
113900163,275,260,15
113900164,258,58,200
113900165,643,370,273
113900166,136,151,-15
113900167,325,54,271
113900168,92,68,24
113900169,195,257,-62
113900171,217,77,140
113900172,7,175,-168
113900173,25,519,-494
113900174,513,514,-1
113900175,291,175,116
113900176,271,451,-180
113900177,357,142,215
113900178,384,155,229
113900179,26,369,-343
113900180,108,109,-1
113900181,677,125,552
113900182,729,747,-18
113900183,53,60,-7
113900184,13,351,-338
113900185,170,83,87
113900186,21,24,-3
113900187,29,89,-60
113900188,62,103,-41
113900189,285,113,172
113900190,240,128,112
113900191,100,179,-79
113900192,6,404,-398
113900193,20,128,-108
113900194,1211,867,344
113900195,247,429,-182
113900196,9,119,-110
113900197,1,142,-141
113900198,19,221,-202
113900199,168,526,-358
113900200,12,234,-222
113900201,1,104,-103
113900202,25,290,-265
113900203,0,60,-60
113900204,35,457,-422
113900205,8,178,-170
113900206,4,174,-170
113900207,2,57,-55
113900208,1,47,-46
113900209,0,89,-89
113900210,585,615,-30
113900211,177,64,113
113900212,192,411,-219
113900214,364,408,-44
113900215,178,125,53
113900216,82,569,-487
113900217,94,162,-68
113900218,154,67,87
113900219,124,496,-372
113900220,133,128,5
113900221,358,248,110
113900222,252,477,-225
113900223,142,586,-444
113900224,86,62,24
113900225,903,222,681
113900226,365,103,262
113900227,525,261,264
113900228,313,493,-180
113900229,94,709,-615
113900230,3494,3358,136
113900231,167,154,13
113900232,112,83,29
113900233,85,64,21
113900234,309,492,-183
113900235,127,34,93
113900236,214,240,-26
113900237,245,17,228
113900238,278,548,-270
113900239,72,99,-27
113900240,2,152,-150
113900241,83,73,10
113900242,47,152,-105
113900243,127,352,-225
113900244,307,238,69
113900245,984,226,758
113900246,24,25,-1
113900247,124,445,-321
113900248,2143,1522,621
113900249,643,462,181
113900250,67,133,-66
113900251,757,129,628
113900252,697,25,672
113900253,627,49,578
113900254,813,145,668
113900255,486,18,468
113900256,370,21,349
113900257,39,406,-367
113900258,44,337,-293
113900259,494,172,322
113900260,280,24,256
113900261,2,78,-76
113900262,151,411,-260
113900263,147,492,-345
113900264,4,355,-351
113900265,177,324,-147
113900266,61,147,-86
113900267,104,476,-372
113900268,353,311,42
113900269,99,112,-13
113900270,233,541,-308
113900271,576,814,-238
113900273,21,12,9
113900274,50,40,10
113900275,36,71,-35
113900276,2,117,-115
113900277,144,6,138
113900278,255,174,81
113900279,55,64,-9
113900280,1411,572,839
113900281,514,1269,-755
113900282,815,715,100
113900283,337,561,-224
113900284,712,164,548
113900285,104,38,66
113900286,16,84,-68
113900287,38,43,-5
113900288,2,144,-142
113900289,678,99,579
113900290,237,263,-26
113900291,112,111,1
113900292,7,4,3
113900293,16,161,-145
113900294,522,19,503
113900295,492,439,53
113900296,1649,387,1262
113900297,2097,34,2063
113900298,15,1618,-1603
113900299,111,109,2
113900300,3948,3464,484
113900301,1015,462,553
113900302,2025,842,1183
113900303,366,410,-44
113900304,0,88,-88
113900305,148,0,148
113900306,45,1,44
113900307,13,1,12
113900308,72,85,-13
113900309,2,490,-488
113900310,1,12,-11
113900311,4,0,4
113900312,233,242,-9
113900313,27,14,13
113900314,2,11,-9
113900315,44,4,40
114000001,870,1942,-1072
114000002,315,307,8
114000003,220,747,-527
114000004,395,327,68
114000005,232,219,13
114000006,2268,2132,136
114000007,565,916,-351
114000008,1258,1611,-353
114000009,807,262,545
114000011,2624,1889,735
114000012,2545,1441,1104
114000013,1560,1273,287
114000014,621,454,167
114000015,1936,275,1661
114000016,224,199,25
114000017,111,338,-227
114000018,172,29,143
114000026,1883,1121,762
114000027,3215,1882,1333
114000028,2225,2327,-102
114000038,344,149,195
114000039,279,134,145
114000040,145,215,-70
114000042,218,137,81
114000043,353,211,142
114000044,371,175,196
114000045,39,72,-33
114000046,2374,4542,-2168
114000047,10,84,-74
114000048,105,146,-41
114000049,1404,1667,-263
114000050,1472,2152,-680
114000051,2678,2039,639
114000052,3284,2153,1131
114000053,87,790,-703
114000054,225,725,-500
114000055,239,32,207
114000056,681,990,-309
114000057,4036,2084,1952
114000058,346,1370,-1024
114000059,186,306,-120
114000060,527,830,-303
114000061,3037,2888,149
114000062,1598,1422,176
114000063,1998,1460,538
114000064,4128,3690,438
114000065,1276,2027,-751
114000066,506,617,-111
114000067,24,764,-740
114000068,640,706,-66
114000069,864,639,225
114000070,2006,1790,216
114000071,752,477,275
114000072,574,183,391
114000073,15,60,-45
114000074,76,13,63
114000075,66,59,7
114000076,23,78,-55
114000077,5,16,-11
114000078,556,463,93
114000079,147,20,127
114000080,84,92,-8
114000081,117,89,28
114000082,44,363,-319
114000083,56,180,-124
114000084,329,92,237
114000085,114,453,-339
114000086,301,307,-6
114000087,125,114,11
114000088,64,23,41
114000089,702,362,340
114000090,828,864,-36
114000091,1201,880,321
114000092,840,541,299
114000093,1315,687,628
114000094,349,373,-24
114000095,263,157,106
114000096,114,280,-166
114000097,87,422,-335
114000098,630,116,514
114000099,773,450,323
114000100,1592,475,1117
114000101,483,573,-90
114000102,694,291,403
114000103,168,321,-153
114000104,73,160,-87
114000105,142,75,67
114000106,636,1187,-551
114000107,424,125,299
114000108,1661,918,743
114000109,653,1432,-779
114000110,553,1019,-466
114000111,1966,698,1268
114000112,465,1688,-1223
114000113,1561,555,1006
114000114,1113,1171,-58
114000115,2383,1118,1265
114000116,1338,1686,-348
114000117,2935,479,2456
114000118,2595,421,2174
114000119,1904,486,1418
114000120,518,606,-88
114000121,547,676,-129
114000122,315,396,-81
114000123,2045,445,1600
114000124,942,286,656
114000125,962,1030,-68
114000126,2149,259,1890
114000127,243,153,90
114000128,840,254,586
114000130,511,477,34
114000131,329,107,222
114000132,545,395,150
114000133,621,1122,-501
114000134,57,95,-38
114000138,38,175,-137
114000139,392,324,68
114000144,888,591,297
114000145,79,101,-22
114000146,127,172,-45
114000147,1380,2096,-716
114000148,1662,1651,11
114000149,385,299,86
114000150,1168,1351,-183
114000151,1424,2345,-921
114000152,139,39,100
114000153,780,2547,-1767
114000154,724,991,-267
114000155,1136,2144,-1008
114000156,777,692,85
114000157,296,1134,-838
114000158,1343,670,673
114000159,196,472,-276
114000160,110,407,-297
114000161,1335,2822,-1487
114000162,1176,2594,-1418
114000163,29,93,-64
114000165,605,432,173
114000166,630,440,190
114000167,2702,1391,1311
114000168,665,543,122
114000169,1333,1381,-48
114000170,1231,1361,-130
114000171,1210,3651,-2441
114000174,233,366,-133
114000176,370,507,-137
114000177,1331,630,701
114000178,50,46,4
114000179,1091,657,434
114000180,385,525,-140
114000181,1422,3662,-2240
114000182,1864,2052,-188
114000183,799,813,-14
114000184,2585,875,1710
114000185,1451,715,736
114000189,1076,151,925
114000190,2873,385,2488
114000191,83,85,-2
114000192,169,940,-771
114000193,499,1642,-1143
114000194,1247,684,563
114000195,225,29,196
114000196,2,202,-200
114000197,1285,18,1267
114000198,645,352,293
114000199,1718,1785,-67
114000200,529,1329,-800
114000201,162,620,-458
114000202,1004,514,490
114000203,681,653,28
114000204,140,434,-294
114000205,234,953,-719
114000206,676,1186,-510
114000207,602,1168,-566
114000208,371,1735,-1364
114000209,519,1553,-1034
114000210,226,766,-540
114000211,978,1331,-353
114000212,779,701,78
114000213,1291,539,752
114000214,145,181,-36
114000215,248,68,180
114000216,1563,344,1219
114000217,408,271,137
114000218,128,196,-68
114000219,1242,172,1070
114000220,34,765,-731
114000221,768,140,628
114000222,146,757,-611
114000223,577,141,436
114000224,76,457,-381
114000225,263,460,-197
114000226,183,225,-42
114000227,824,564,260
114000228,792,650,142
114000229,1130,973,157
114000230,1700,1115,585
114000231,1025,1166,-141
114000232,849,160,689
114000233,2217,134,2083
114000234,1107,720,387
114000235,1083,1099,-16
114000236,0,309,-309
114000237,129,720,-591
114000238,168,197,-29
114000239,191,943,-752
114000240,735,739,-4
114000241,271,791,-520
114000242,802,747,55
114000243,1483,741,742
114000244,754,285,469
114000245,348,710,-362
114000246,92,50,42
114000247,668,543,125
114000248,1807,470,1337
114000249,450,529,-79
114000250,574,567,7
114000251,469,190,279
114000252,86,59,27
114000253,37,135,-98
114000254,49,73,-24
114000255,559,230,329
114000256,1048,1888,-840
114000257,633,1216,-583
114000258,395,332,63
114000259,145,201,-56
114000260,1,27,-26
114000261,66,61,5
114000262,255,100,155
114000263,9,1,8
114000264,1163,407,756
114000265,0,0,0
114000267,4,1538,-1534
114000268,0,902,-902
114000270,227,8,219
114000271,326,51,275
114000283,1357,338,1019
114000285,30,143,-113
114000288,103,399,-296
114000289,1398,143,1255
114000293,209,458,-249
114000294,178,210,-32
114000395,1376,42,1334
114000396,620,597,23
114000402,562,274,288
114000403,290,246,44
114000405,155,369,-214
114000423,375,310,65
114000424,370,184,186
114000425,913,279,634
114000426,325,822,-497
114000427,66,56,10
114000428,203,184,19
114000429,11,134,-123
114000432,126,77,49
114000434,43,110,-67
114000435,1,148,-147
114900001,711,755,-44
114900002,548,56,492
114900003,794,917,-123
114900004,221,453,-232
114900005,671,647,24
114900006,97,67,30
114900007,319,37,282
114900008,165,132,33
114900010,1505,1745,-240
114900011,194,136,58
114900013,299,227,72
114900018,1135,36,1099
114900020,195,87,108
114900022,45,743,-698
114900025,499,186,313
114900026,120,134,-14
114900029,160,49,111
114900030,287,222,65
114900031,464,29,435
114900032,355,19,336
114900034,60,143,-83
114900035,133,242,-109
114900036,189,424,-235
114900039,488,377,111
114900040,81,130,-49
114900041,759,354,405
114900042,809,427,382
114900044,174,26,148
114900047,179,1972,-1793
114900048,95,217,-122
114900049,29,174,-145
114900050,61,301,-240
114900051,62,281,-219
114900052,59,195,-136
114900053,153,232,-79
114900054,37,91,-54
114900057,255,7,248
114900058,0,61,-61
114900059,104,77,27
114900063,85,120,-35
114900064,1493,314,1179
114900065,470,659,-189
114900067,128,338,-210
114900068,51,198,-147
114900069,176,81,95
114900070,579,388,191
114900072,6,227,-221
114900073,4,161,-157
114900074,721,493,228
114900075,247,7,240
114900076,1,410,-409
114900080,1528,361,1167
114900082,3085,2137,948
114900083,930,878,52
114900090,365,243,122
114900091,178,127,51
114900097,157,5,152
114900098,9,192,-183
114900099,224,12,212
115000001,4872,2966,1906
115000002,3876,4258,-382
115000003,3947,2542,1405
115000004,4285,5496,-1211
115000005,1519,1827,-308
115000006,1068,1483,-415
115000007,231,217,14
115000008,435,517,-82
115000009,234,211,23
115000010,277,202,75
115000013,67,178,-111
115000015,81,340,-259
115000016,62,196,-134
115000019,70,412,-342
115000020,130,620,-490
115000021,230,442,-212
115000022,458,312,146
115000023,460,508,-48
115000024,887,415,472
115000025,833,587,246
115000026,137,319,-182
115000027,319,279,40
115000028,177,617,-440
115000029,620,99,521
115000030,577,908,-331
115000031,1212,199,1013
115000032,13,242,-229
115000033,221,32,189
115000034,88,954,-866
115000035,1074,74,1000
115000036,1,357,-356
115000037,524,14,510
115000038,35,188,-153
115000039,3332,2885,447
115000040,4589,2705,1884
115000041,1791,3520,-1729
115000042,1017,611,406
115000043,4370,2549,1821
115000044,3539,3370,169
115000045,2492,1496,996
115000046,2651,2278,373
115000047,2273,1536,737
115000048,1779,1784,-5
115000049,1447,2553,-1106
115000050,3080,1907,1173
115000051,1737,2996,-1259
115000052,1828,1601,227
115000053,1908,1695,213
115000054,627,970,-343
115000055,173,805,-632
115000056,198,456,-258
115000057,611,1313,-702
115000058,417,343,74
115000059,168,100,68
115000061,133,178,-45
115000062,178,240,-62
115000063,327,254,73
115000064,204,105,99
115000065,49,437,-388
115000067,179,15,164
115000069,89,299,-210
115000070,23,674,-651
115000071,114,17,97
115000072,26,53,-27
115000073,1075,59,1016
115000075,86,57,29
115000076,2750,2152,598
115000077,2295,1833,462
115000078,1360,1065,295
115000079,1425,1428,-3
115000080,2438,1719,719
115000081,437,683,-246
115000082,3696,3317,379
115000083,1876,1536,340
115000084,2413,1004,1409
115000085,725,820,-95
115000086,1159,849,310
115000087,478,1254,-776
115000088,1843,737,1106
115000089,1321,1064,257
115000090,487,962,-475
115000091,209,763,-554
115000092,731,337,394
115000093,406,6,400
115000094,5354,5354,0
115000095,3690,5438,-1748
115000096,832,1027,-195
115000097,1098,882,216
115000098,1094,648,446
115000099,2423,1915,508
115000100,1065,336,729
115000101,408,1124,-716
115000102,555,206,349
115000103,312,627,-315
115000105,68,97,-29
115000106,597,293,304
115000107,212,336,-124
115000108,2539,2032,507
115000109,3582,4258,-676
115000110,1323,1638,-315
115000111,722,1373,-651
115000112,643,736,-93
115000113,542,726,-184
115000114,1762,679,1083
115000116,3683,2252,1431
115000117,3154,3087,67
115000118,1962,1674,288
115000119,1484,2103,-619
115000120,586,1515,-929
115000121,1190,713,477
115000122,2434,1526,908
115000123,1091,1960,-869
115000124,751,810,-59
115000125,341,530,-189
115000126,150,301,-151
115000127,341,114,227
115000128,417,747,-330
115000129,290,349,-59
115000130,427,598,-171
115000131,899,239,660
115000132,279,333,-54
115000133,526,233,293
115000134,245,221,24
115000135,204,123,81
115000136,248,227,21
115000137,142,127,15
115000138,404,266,138
115000139,268,198,70
115000140,447,192,255
115000141,218,179,39
115000142,161,190,-29
115000143,835,566,269
115000144,561,74,487
115000145,258,225,33
115000146,455,345,110
115000147,309,344,-35
115000148,278,787,-509
115000149,721,199,522
115000150,526,569,-43
115000151,1207,458,749
115000152,630,802,-172
115000153,1080,491,589
115000154,1055,288,767
115000155,548,695,-147
115000156,951,607,344
115000157,508,705,-197
115000158,416,383,33
115000159,633,505,128
115000160,459,407,52
115000161,152,386,-234
115000162,650,744,-94
115000163,543,594,-51
115000164,657,562,95
115000165,298,479,-181
115000167,200,105,95
115000168,491,305,186
115000169,427,334,93
115000170,166,158,8
115000171,292,251,41
115000172,923,613,310
115000173,310,561,-251
115000174,90,284,-194
115000175,129,111,18
115000176,76,58,18
115000177,39,101,-62
115000178,8,207,-199
115000179,10,19,-9
115000180,103,371,-268
115000181,701,185,516
115000182,838,275,563
115000183,314,596,-282
115000186,670,204,466
115000187,196,619,-423
115000188,424,355,69
115000189,178,401,-223
115000190,660,271,389
115000191,145,443,-298
115000194,115,185,-70
115000195,258,301,-43
115000196,209,111,98
115000197,282,190,92
115000198,366,168,198
115000199,341,166,175
115000200,389,88,301
115000201,177,300,-123
115000206,456,50,406
115000207,165,247,-82
115000208,313,534,-221
115000209,811,286,525
115000210,151,155,-4
115000211,356,239,117
115000212,1227,325,902
115000224,399,56,343
115000225,43,81,-38
115000229,182,148,34
115000230,131,266,-135
115000231,305,1233,-928
115000232,1810,297,1513
115000233,132,166,-34
115000234,26,266,-240
115000241,107,223,-116
115000242,122,228,-106
115000243,52,189,-137
115000244,6,89,-83
115000246,72,15,57
115000247,61,16,45
115000248,57,15,42
115000249,33,14,19
115000250,279,16,263
115000251,230,110,120
115000252,83,203,-120
115000253,19,388,-369
115000258,339,155,184
115000259,350,133,217
115000261,25,15,10
115000262,13,21,-8
115000263,15,47,-32
115000264,19,47,-28
115000267,66,46,20
115000268,28,116,-88
115000269,119,52,67
115000270,6,18,-12
115000272,95,125,-30
115000273,378,33,345
115000280,2801,289,2512
115000281,635,1032,-397
115000282,491,739,-248
115000284,247,144,103
115000296,852,10,842
115000297,68,328,-260
115000298,30,607,-577
115000300,188,181,7
115000302,534,153,381
115000303,697,117,580
115000304,683,58,625
115000305,92,479,-387
115000306,172,264,-92
115000307,83,190,-107
115000308,33,33,0
115000309,13,52,-39
115000310,1073,646,427
115000311,958,1044,-86
115000313,139,472,-333
115000314,545,129,416
115000315,796,639,157
115000316,77,107,-30
115000317,143,355,-212
115000318,826,244,582
115000319,55,280,-225
115000320,15,225,-210
115000321,233,6,227
115000322,35,193,-158
115000449,174,183,-9
115000557,4,1212,-1208
115000558,344,115,229
115000587,494,299,195
115000588,1933,2243,-310
115000589,3521,2174,1347
115000590,1200,1347,-147
115000591,1723,782,941
115000592,521,1484,-963
115000593,1340,658,682
115000594,693,2507,-1814
115000609,226,211,15
115000617,1156,2847,-1691
115000624,238,52,186
115000633,362,1714,-1352
115000634,2617,757,1860
115000635,683,161,522
115000638,644,516,128
115000641,48,110,-62
115000642,243,263,-20
115000643,107,384,-277
115000644,139,378,-239
115000646,886,1679,-793
115000647,170,470,-300
115000648,1959,1304,655
115000893,2503,1533,970
115000894,124,924,-800
115000895,393,989,-596
115000896,1275,488,787
115000897,521,142,379
115000898,501,230,271
115000899,408,1183,-775
115000900,62,367,-305
115000901,72,152,-80
115000912,478,128,350
115000913,4,17,-13
115000915,38,1,37
115000916,5,0,5
115000917,0,5,-5
115000918,66,383,-317
115000919,5,6,-1
115000920,10,71,-61
115000921,506,68,438
115000922,942,731,211
115000923,340,1243,-903
115000925,161,85,76
115000927,61,81,-20
115000933,271,321,-50
115000934,92,166,-74
115000935,130,86,44
115000936,28,652,-624
115000937,887,191,696
115000938,146,252,-106
115000939,224,248,-24
115000940,27,11,16
115000941,10,28,-18
115000942,26,135,-109
115000943,26,20,6
115000944,2,11,-9
115900001,108,40,68
115900002,63,107,-44
115900003,221,78,143
115900004,1,48,-47
115900005,227,11,216
115900006,243,219,24
115900008,85,10,75
115900009,80,147,-67
115900010,325,126,199
115900011,517,231,286
115900012,171,69,102
115900013,342,149,193
115900014,119,131,-12
115900015,121,44,77
115900016,144,32,112
115900017,26,13,13
115900018,151,63,88
115900019,59,13,46
115900020,82,4,78
115900021,797,209,588
115900022,1229,12,1217
115900023,107,11,96
115900025,30,190,-160
115900026,711,172,539
115900027,2,252,-250
115900028,601,44,557
115900029,16,264,-248
115900030,15,24,-9
115900031,243,268,-25
115900032,534,665,-131
115900033,1,32,-31
115900034,55,318,-263
115900035,60,16,44
115900036,73,750,-677
115900037,47,305,-258
115900038,57,8,49
115900039,179,172,7
115900041,381,608,-227
115900042,36,6,30
115900043,64,60,4
115900044,271,256,15
115900046,281,168,113
115900047,168,176,-8
115900049,198,223,-25
115900051,3,38,-35
115900052,18,175,-157
115900053,265,189,76
115900054,301,70,231
115900055,35,114,-79
115900056,189,237,-48
115900057,21,10,11
115900058,42,57,-15
115900060,56,86,-30
115900061,228,1,227
115900062,16,196,-180
115900063,95,10,85
115900064,180,209,-29
115900065,134,79,55
115900066,151,121,30
115900067,8,510,-502
115900068,2290,1099,1191
115900069,59,147,-88
115900070,178,124,54
115900071,0,252,-252
115900072,52,138,-86
115900073,92,80,12
115900074,9,225,-216
115900075,29,144,-115
115900076,2,54,-52
115900077,12,160,-148
115900078,72,121,-49
115900079,246,14,232
115900080,392,168,224
115900081,20,66,-46
115900082,118,120,-2
115900084,493,33,460
115900085,44,53,-9
115900086,1231,525,706
115900088,8,52,-44
115900089,454,566,-112
115900090,462,8,454
115900091,10,25,-15
115900092,21,114,-93
115900093,10,24,-14
115900094,4,320,-316
115900096,9,15,-6
115900097,7,325,-318
115900098,161,182,-21
115900099,178,42,136
115900100,15,349,-334
115900101,165,203,-38
115900102,91,74,17
115900103,326,115,211
115900104,94,102,-8
115900105,300,443,-143
115900106,119,41,78
115900107,69,82,-13
115900108,190,33,157
115900109,30,315,-285
115900110,5,15,-10
115900111,7,70,-63
115900112,46,656,-610
115900113,45,23,22
115900114,11,83,-72
115900115,81,161,-80
115900116,64,726,-662
115900117,102,24,78
115900118,8,216,-208
115900119,113,117,-4
115900120,21,216,-195
115900121,199,225,-26
115900124,422,635,-213
115900125,338,44,294
115900126,726,70,656
115900127,689,71,618
115900128,11,68,-57
115900129,622,53,569
115900130,26,265,-239
115900131,218,24,194
115900132,586,12,574
115900134,312,14,298
115900135,404,1025,-621
115900137,42,2,40
115900139,23,49,-26
115900140,288,25,263
115900141,4,28,-24
115900142,10,16,-6
115900143,333,310,23
115900144,84,161,-77
115900146,11,76,-65
115900147,265,215,50
115900148,51,6,45
115900149,100,41,59
115900150,95,28,67
115900151,29,97,-68
115900152,125,197,-72
115900153,135,166,-31
115900154,333,350,-17
115900155,0,60,-60
115900156,714,910,-196
115900157,203,477,-274
115900158,25,12,13
115900159,133,221,-88
115900160,20,8,12
115900161,46,148,-102
115900163,220,111,109
115900164,594,40,554
115900166,151,124,27
115900168,100,124,-24
115900171,88,353,-265
115900172,83,113,-30
115900173,265,132,133
115900174,200,212,-12
115900175,111,127,-16
115900178,9,404,-395
115900179,326,4,322
115900180,33,105,-72
115900181,170,123,47
115900182,401,131,270
115900183,33,43,-10
115900184,1354,14,1340
115900187,19,123,-104
115900189,2,212,-210
115900190,97,1271,-1174
115900191,29,301,-272
115900192,2,117,-115
115900193,474,86,388
115900194,680,64,616
115900195,559,1919,-1360
115900198,200,296,-96
115900199,248,219,29
115900200,226,422,-196
115900201,443,324,119
115900202,0,120,-120
115900203,17,17,0
115900204,0,9,-9
115900205,82,18,64
115900206,224,158,66
115900207,46,20,26
115900208,151,154,-3
115900209,6,123,-117
115900210,4,133,-129
115900211,3,134,-131
115900212,162,196,-34
115900213,82,105,-23
115900214,479,165,314
115900215,14,147,-133
115900216,3,92,-89
115900217,1,37,-36
115900218,1,17,-16
115900219,136,5,131
115900220,204,9,195
115900221,95,12,83
115900222,70,25,45
115900223,13,432,-419
115900224,638,1154,-516
115900225,74,68,6
115900226,14,24,-10
115900227,13,40,-27
115900228,13,32,-19
115900229,8,33,-25
115900230,83,80,3
115900231,110,5,105
115900232,42,12,30
115900233,97,11,86
115900234,32,29,3
115900235,41,36,5
115900236,90,43,47
115900237,38,43,-5
115900238,17,16,1
115900239,29,37,-8
115900240,12,50,-38
115900241,201,129,72
115900242,232,349,-117
115900243,12,5,7
115900244,19,17,2
115900245,46,12,34
115900246,50,13,37
115900247,44,13,31
115900248,13,5,8
115900249,12,9,3
115900250,4,20,-16
115900251,2,18,-16
115900252,4,4,0
115900253,10,21,-11
115900254,3,23,-20
115900255,5,15,-10
115900256,20,28,-8
115900257,15,17,-2
115900258,1,1,0
115900259,3,3,0
115900260,8,4,4
115900261,10,1,9
115900262,2,0,2
115900263,20,0,20
115900264,9,4,5
115900265,5,3,2
115900266,6,25,-19
115900267,12,29,-17
115900268,5,16,-11
115900269,475,327,148
115900270,447,271,176
115900271,121,0,121
115900272,46,4,42
115900273,8,23,-15
115900274,1,7,-6
115900275,7,8,-1
115900276,1,16,-15
115900277,1,40,-39
115900278,56,93,-37
115900279,20,157,-137
115900280,23,423,-400
115900281,320,282,38
115900282,16,17,-1
115900283,18,35,-17
115900284,19,8,11
116000001,8308,3716,4592
116000002,4785,10506,-5721
116000003,1578,1494,84
116000004,2707,3565,-858
116000005,1610,2523,-913
116000006,2335,2554,-219
116000007,1808,2520,-712
116000008,3228,2091,1137
116000009,1334,1730,-396
116000010,2292,1472,820
116000011,739,1280,-541
116000012,1459,1035,424
116000013,5951,3251,2700
116000014,8557,10545,-1988
116000015,225,1261,-1036
116000016,5279,3295,1984
116000017,28,759,-731
116000018,646,254,392
116000019,785,295,490
116000020,655,836,-181
116000021,454,308,146
116000022,407,374,33
116000023,1153,640,513
116000024,714,836,-122
116000025,851,751,100
116000026,1551,2490,-939
116000027,468,553,-85
116000028,488,741,-253
116000029,438,558,-120
116000030,714,383,331
116000031,168,229,-61
116000032,328,168,160
116000033,378,366,12
116000034,562,727,-165
116000035,381,524,-143
116000036,1451,1305,146
116000037,566,441,125
116000038,425,564,-139
116000039,556,482,74
116000040,882,430,452
116000041,176,413,-237
116000042,615,302,313
116000043,88,626,-538
116000044,18,71,-53
116000045,1696,1078,618
116000046,828,1344,-516
116000047,1370,1732,-362
116000048,1732,1531,201
116000049,1110,3138,-2028
116000050,1279,1071,208
116000051,5065,2796,2269
116000052,4623,4213,410
116000053,1810,786,1024
116000054,740,2375,-1635
116000055,642,701,-59
116000056,878,899,-21
116000057,2001,1145,856
116000058,2670,2047,623
116000059,2221,3678,-1457
116000060,1863,998,865
116000061,527,925,-398
116000062,670,215,455
116000063,539,1068,-529
116000066,395,528,-133
116000067,210,410,-200
116000068,202,278,-76
116000069,263,278,-15
116000078,549,959,-410
116000080,1610,781,829
116000082,10,53,-43
116000083,1579,385,1194
116000084,1660,2783,-1123
116000085,2074,1889,185
116000086,1571,1028,543
116000087,2040,1515,525
116000088,708,794,-86
116000089,196,127,69
116000090,112,173,-61
116000091,400,359,41
116000093,537,384,153
116000094,512,501,11
116000095,712,526,186
116000096,698,1168,-470
116000097,783,618,165
116000098,161,5862,-5701
116000099,5204,293,4911
116000100,237,28,209
116000101,950,747,203
116000102,240,1099,-859
116000103,465,245,220
116000104,212,1023,-811
116000105,1142,151,991
116000106,599,956,-357
116000107,2685,348,2337
116000108,598,182,416
116000111,124,50,74
116000113,127,128,-1
116000114,47,147,-100
116000115,363,115,248
116000116,242,380,-138
116000117,1439,1812,-373
116000118,1558,1007,551
116000119,3159,1797,1362
116000120,2692,2861,-169
116000121,1047,637,410
116000122,1162,1346,-184
116000123,1122,400,722
116000124,369,645,-276
116000125,2805,708,2097
116000126,256,1077,-821
116000127,817,941,-124
116000128,1761,840,921
116000129,1391,247,1144
116000130,547,456,91
116000133,1081,719,362
116000134,1673,1568,105
116000135,2697,1412,1285
116000136,1040,1581,-541
116000137,1168,661,507
116000138,803,621,182
116000139,1474,1982,-508
116000140,151,185,-34
116000141,362,538,-176
116000142,2924,2150,774
116000143,1747,1654,93
116000144,1436,1712,-276
116000145,1628,1085,543
116000146,559,148,411
116000147,198,122,76
116000148,537,584,-47
116000149,629,591,38
116000151,540,477,63
116000153,126,344,-218
116000155,231,216,15
116000156,358,812,-454
116000157,106,23,83
116000158,300,272,28
116000159,21,14,7
116000160,25,56,-31
116000161,6,69,-63
116000162,39,75,-36
116000163,52,13,39
116000164,4,36,-32
116000177,554,128,426
116000194,110,314,-204
116000195,1393,573,820
116000196,12,6,6
116000197,5,25,-20
116000198,2244,806,1438
116000200,670,542,128
116000201,529,578,-49
116000202,7,244,-237
116000203,0,82,-82
116000204,13,66,-53
116000205,0,121,-121
116000206,3,132,-129
116000207,21,48,-27
116000233,209,355,-146
116000287,206,379,-173
116000288,253,200,53
116000292,55,96,-41
116000296,16,176,-160
116000297,106,31,75
116000304,179,73,106
116000305,59,61,-2
116000346,188,58,130
116000352,82,11,71
116000354,28,10,18
116000357,7,24,-17
116000358,482,82,400
116000361,293,2,291
116000372,3608,3682,-74
116000381,107,0,107
116000388,3,61,-58
116000389,840,535,305
116000445,515,451,64
116000446,638,441,197
116000447,23,597,-574
116000448,486,172,314
116000563,811,723,88
116000565,47,359,-312
116000568,64,260,-196
116000579,28,119,-91
116000583,139,56,83
116000584,17,15,2
116000585,48,21,27
116000586,59,79,-20
116000587,509,516,-7
116000589,56,89,-33
116000590,77,80,-3
116000591,338,227,111
116000592,7,61,-54
116000593,0,42,-42
116000594,658,422,236
116000595,694,126,568
116000596,121,1,120
116000597,429,126,303
116000598,26,143,-117
116000605,356,130,226
116000606,85,254,-169
116000607,1,31,-30
116000609,164,793,-629
116000611,149,381,-232
116000612,741,1632,-891
116000613,585,318,267
116000614,468,462,6
116000615,3,318,-315
116000616,42,32,10
116000617,92,33,59
116000618,2,56,-54
116000619,45,62,-17
116000620,137,98,39
116000621,63,91,-28
116000622,58,140,-82
116000624,242,89,153
116000627,122,61,61
116000628,51,390,-339
116000629,65,288,-223
116000630,493,19,474
116000631,219,59,160
116000632,845,71,774
116000633,221,173,48
116000634,388,118,270
116000635,2406,1996,410
116000636,672,1274,-602
116000637,474,66,408
116000638,135,301,-166
116000639,70,1,69
116000640,27,21,6
116000641,31,96,-65
116000643,0,112,-112
116000644,33,334,-301
116000645,16,15,1
116900001,216,159,57
116900002,264,8,256
116900003,44,36,8
116900004,49,50,-1
116900005,252,65,187
116900006,137,184,-47
116900007,117,126,-9
116900008,407,240,167
116900009,25,13,12
116900010,2,877,-875
116900011,10,38,-28
116900012,217,128,89
116900013,2,113,-111
116900014,127,112,15
116900016,278,3,275
116900017,1,394,-393
116900018,88,68,20
116900019,4,214,-210
116900020,810,1012,-202
116900023,78,14,64
116900025,940,631,309
116900026,109,428,-319
116900027,35,59,-24
116900028,11,106,-95
116900029,2,48,-46
116900031,0,2,-2
116900032,7,223,-216
116900033,8,10,-2
116900034,12,61,-49
116900035,121,122,-1
116900036,5,100,-95
116900038,25,0,25
116900041,36,17,19
116900042,493,247,246
116900043,33,58,-25
116900047,27,117,-90
116900049,27,224,-197
116900050,120,355,-235
116900051,140,131,9
116900052,166,123,43
116900055,5,9,-4
116900057,21,177,-156
116900058,21,226,-205
116900059,0,111,-111
116900060,226,159,67
116900062,1,19,-18
116900064,96,517,-421
116900065,40,84,-44
116900067,89,70,19
116900068,94,147,-53
116900070,0,2,-2
116900072,39,288,-249
116900073,32,80,-48
116900074,6,38,-32
116900076,17,54,-37
116900077,7,118,-111
116900078,193,93,100
116900079,50,193,-143
116900080,12,35,-23
116900081,274,858,-584
116900082,229,915,-686
116900083,32,30,2
116900084,144,60,84
116900085,55,128,-73
116900086,44,144,-100
116900088,290,98,192
116900090,129,32,97
116900091,410,32,378
116900092,90,552,-462
116900093,1573,1686,-113
116900094,3241,3513,-272
116900095,169,94,75
116900096,103,319,-216
116900097,1928,2349,-421
116900098,805,397,408
116900099,604,533,71
116900100,927,47,880
116900101,293,387,-94
116900103,6,0,6
116900104,124,92,32
116900105,252,171,81
116900106,1876,154,1722
116900107,2399,2162,237
116900110,21,1,20
116900111,720,500,220
116900112,322,790,-468
116900113,1372,1625,-253
116900116,92,629,-537
116900117,149,90,59
116900118,616,754,-138
116900120,412,64,348
116900121,140,21,119
116900122,749,431,318
116900123,187,525,-338
116900124,155,646,-491
116900125,424,197,227
116900126,135,512,-377
116900128,0,32,-32
116900129,3,278,-275
116900130,424,3333,-2909
116900131,66,282,-216
116900132,53,93,-40
116900133,165,129,36
116900134,165,181,-16
116900136,312,127,185
116900137,247,117,130
116900138,159,103,56
116900139,141,415,-274
116900140,140,132,8
116900141,705,344,361
116900142,2,79,-77
116900143,335,275,60
116900144,45,87,-42
116900145,73,149,-76
116900147,368,535,-167
116900148,19,53,-34
116900149,64,215,-151
116900150,11,14,-3
116900151,72,23,49
116900153,107,69,38
116900154,375,530,-155
116900155,64,81,-17
116900157,615,269,346
116900158,130,257,-127
116900159,77,312,-235
116900160,673,835,-162
116900161,4188,5696,-1508
116900162,8,76,-68
116900163,160,132,28
116900164,97,78,19
116900165,265,353,-88
116900166,40,43,-3
116900167,429,71,358
116900168,341,52,289
116900169,585,661,-76
116900170,301,523,-222
116900171,38,106,-68
116900172,185,390,-205
116900173,149,32,117
116900174,29,54,-25
116900175,160,238,-78
116900178,34,94,-60
116900179,107,336,-229
116900180,83,28,55
116900182,538,214,324
116900183,203,98,105
116900185,22,54,-32
116900186,76,172,-96
116900187,100,42,58
116900188,116,22,94
116900189,33,0,33
116900191,398,542,-144
116900192,329,113,216
116900194,114,1214,-1100
116900195,42,28,14
116900196,15,64,-49
116900197,115,9,106
116900198,111,240,-129
116900200,73,31,42
116900201,109,3,106
116900202,111,49,62
116900203,138,2,136
116900204,51,101,-50
116900206,8,12,-4
116900207,41,31,10
116900208,20,101,-81
116900209,28,82,-54
116900210,538,217,321
116900211,174,7,167
116900212,74,59,15
116900213,218,118,100
116900214,223,106,117
116900215,51,67,-16
116900216,272,207,65
116900218,11,163,-152
116900219,964,259,705
116900220,125,205,-80
116900221,130,279,-149
116900222,431,253,178
116900223,91,251,-160
116900226,58,46,12
116900227,143,78,65
116900228,345,167,178
116900230,72,406,-334
116900233,655,127,528
116900234,20,10,10
116900235,176,246,-70
116900238,1232,285,947
116900239,2,581,-579
116900240,3857,3326,531
116900241,97,64,33
116900242,795,637,158
116900243,2,14,-12
116900245,31,25,6
116900246,112,70,42
116900247,849,28,821
116900248,92,34,58
116900249,373,63,310
116900250,475,48,427
116900251,402,432,-30
116900252,179,662,-483
116900254,34,81,-47
116900255,124,55,69
116900256,380,88,292
116900257,22,363,-341
116900258,1,177,-176
116900259,324,12,312
116900260,3,88,-85
116900261,59,2,57
116900262,242,127,115
116900263,0,15,-15
116900264,93,62,31
116900265,42,0,42
116900266,17,37,-20
116900267,2,1,1
116900268,146,144,2
116900269,290,571,-281
116900271,1023,284,739
116900272,260,223,37
116900273,148,106,42
116900274,103,67,36
116900275,182,81,101
116900276,337,206,131
116900277,457,45,412
116900278,5,8,-3
116900279,6,26,-20
116900280,33,23,10
116900281,3838,3933,-95
116900282,15,94,-79
116900283,22,102,-80
116900284,14,133,-119
116900285,201,207,-6
116900286,223,29,194
116900287,8,17,-9
116900288,114,115,-1
116900289,23,18,5
116900290,4,9,-5
116900291,24,6,18
116900292,0,14,-14
116900293,49,44,5
116900294,22,129,-107
116900295,137,98,39
116900296,65,103,-38
116900297,6,118,-112
116900298,97,105,-8
116900299,24,101,-77
116900300,2,66,-64
116900301,45,136,-91
116900302,40,87,-47
116900303,163,80,83
116900304,0,147,-147
116900305,32,42,-10
116900306,187,108,79
116900307,48,2,46
116900308,0,92,-92
116900309,166,91,75
116900310,15,47,-32
117000001,1841,1356,485
117000002,1760,3201,-1441
117000003,5674,2857,2817
117000004,2947,3741,-794
117000005,2156,1741,415
117000006,1061,2571,-1510
117000007,3762,1101,2661
117000008,1012,2914,-1902
117000009,4488,1668,2820
117000010,2134,2977,-843
117000011,2075,1465,610
117000012,1116,970,146
117000013,1689,763,926
117000014,971,1748,-777
117000015,2237,1110,1127
117000016,317,131,186
117000017,147,125,22
117000018,124,611,-487
117000019,79,26,53
117000020,466,1235,-769
117000021,1293,629,664
117000022,228,175,53
117000023,196,274,-78
117000024,155,261,-106
117000025,412,1134,-722
117000026,1841,1410,431
117000027,1658,3960,-2302
117000028,2517,1662,855
117000030,394,397,-3
117000031,336,244,92
117000032,1151,1004,147
117000033,1058,583,475
117000034,361,263,98
117000035,325,283,42
117000036,443,264,179
117000037,304,237,67
117000038,226,485,-259
117000039,421,253,168
117000040,249,726,-477
117000041,1075,182,893
117000044,15,684,-669
117000045,502,85,417
117000046,374,662,-288
117000047,953,558,395
117000048,1385,776,609
117000049,94,521,-427
117000050,123,1295,-1172
117000051,2187,128,2059
117000052,97,276,-179
117000053,556,33,523
117000054,1722,8,1714
117000055,100,2208,-2108
117000056,615,11,604
117000057,529,1817,-1288
117000060,438,925,-487
117000061,1483,721,762
117000062,254,524,-270
117000063,1491,894,597
117000064,623,640,-17
117000066,743,725,18
117000067,152,609,-457
117000074,147,187,-40
117000076,95,41,54
117000077,175,218,-43
117000078,153,650,-497
117000079,428,209,219
117000080,0,268,-268
117000081,1133,133,1000
117000082,17,72,-55
117000083,116,8,108
117000084,146,2,144
117000085,311,764,-453
117000086,746,429,317
117000087,106,483,-377
117000088,259,212,47
117000089,1578,234,1344
117000090,346,1029,-683
117000091,900,268,632
117000092,385,1069,-684
117000093,1291,705,586
117000094,1119,2078,-959
117000095,3440,829,2611
117000096,713,1757,-1044
117000097,1704,1058,646
117000098,2271,3311,-1040
117000099,3468,1231,2237
117000100,225,359,-134
117000101,210,816,-606
117000102,1686,583,1103
117000103,653,1178,-525
117000104,1267,603,664
117000105,843,1202,-359
117000106,1202,648,554
117000107,505,1381,-876
117000108,1790,814,976
117000109,1225,1709,-484
117000110,1680,1036,644
117000111,3074,3529,-455
117000112,3287,1380,1907
117000113,204,119,85
117000114,273,117,156
117000115,87,81,6
117000116,143,199,-56
117000117,1284,994,290
117000118,217,125,92
117000119,197,206,-9
117000120,172,516,-344
117000121,86,964,-878
117000122,379,768,-389
117000123,1315,34,1281
117000124,396,71,325
117000125,190,147,43
117000126,45,13,32
117000127,125,243,-118
117000128,354,706,-352
117000129,336,684,-348
117000130,164,5,159
117000131,0,102,-102
117000132,2699,17,2682
117000133,1585,43,1542
117000134,0,80,-80
117000135,10,82,-72
117000136,2,27,-25
117000137,104,112,-8
117000138,4,551,-547
117000140,411,1066,-655
117000141,1676,534,1142
117000181,493,201,292
117000182,485,722,-237
117000195,211,921,-710
117000196,418,148,270
117000225,114,40,74
117000226,2,121,-119
117000276,331,16,315
117000277,0,280,-280
117000310,1328,1780,-452
117000315,55,549,-494
117000320,105,0,105
117000906,361,10,351
117000907,6,221,-215
117000909,43,47,-4
117000910,202,182,20
117000911,116,188,-72
117000915,6,416,-410
117000916,23,1,22
117000917,1254,40,1214
117000918,59,44,15
117000919,10,46,-36
117000920,1,1020,-1019
117000921,2,845,-843
117000922,15,67,-52
117000924,471,762,-291
117000926,575,136,439
117000927,934,906,28
117000928,0,168,-168
117000929,298,248,50
117000930,328,25,303
117000931,270,165,105
117900002,77,385,-308
117900003,612,337,275
117900005,4,59,-55
117900006,0,30,-30
117900007,143,67,76
117900008,0,17,-17
117900010,283,72,211
117900011,14,160,-146
117900012,47,65,-18
117900013,1,138,-137
117900014,626,113,513
117900015,20,99,-79
117900016,853,917,-64
117900017,515,382,133
117900018,161,192,-31
117900019,395,229,166
117900020,64,488,-424
117900021,37,70,-33
117900023,801,76,725
117900024,54,52,2
117900025,70,17,53
117900026,359,193,166
117900028,59,7,52
117900029,203,428,-225
117900030,553,210,343
117900031,105,95,10
117900032,928,615,313
117900033,253,348,-95
117900034,36,16,20
117900035,163,123,40
117900036,198,300,-102
117900037,154,106,48
117900038,39,228,-189
117900039,1,55,-54
117900040,203,311,-108
117900041,4,33,-29
117900042,2891,286,2605
117900043,29,40,-11
117900044,17,2678,-2661
117900045,142,132,10
117900048,344,289,55
117900049,179,330,-151
117900050,32,73,-41
117900051,22,2,20
117900052,33,324,-291
117900053,1850,607,1243
117900054,1,22,-21
117900055,245,225,20
117900056,173,56,117
117900057,1006,1117,-111
117900058,67,31,36
117900059,275,109,166
117900060,2217,4586,-2369
117900061,18,138,-120
117900063,353,105,248
117900065,1027,1186,-159
117900066,4,86,-82
117900067,471,109,362
117900069,517,209,308
117900070,146,38,108
117900071,102,145,-43
117900073,454,203,251
117900074,90,51,39
117900075,78,101,-23
117900076,32,63,-31
117900077,442,149,293
117900078,317,733,-416
117900080,117,41,76
117900081,472,299,173
117900082,373,358,15
117900083,382,323,59
117900086,178,22,156
117900087,103,64,39
117900088,2623,1579,1044
117900089,1999,653,1346
117900090,420,312,108
117900091,112,153,-41
117900092,74,20,54
117900093,84,39,45
117900094,38,22,16
117900095,333,803,-470
117900096,88,205,-117
117900097,256,86,170
117900098,31,11,20
117900099,146,198,-52
117900100,298,3,295
117900101,511,1577,-1066
117900102,73,58,15
117900103,53,2,51
117900104,14,159,-145
117900105,168,194,-26
117900106,126,50,76
117900107,39,1,38
117900109,672,387,285
117900110,234,2,232
117900111,369,11,358
117900112,64,21,43
117900113,2063,1483,580
117900114,37,1,36
117900115,205,89,116
117900116,782,760,22
117900117,631,248,383
117900118,132,0,132
117900119,210,129,81
117900120,206,35,171
117900121,99,25,74
117900122,1176,3227,-2051
117900123,495,290,205
117900124,1397,678,719
117900125,1643,1860,-217
117900126,228,452,-224
117900127,413,339,74
117900128,377,552,-175
117900129,69,0,69
117900130,956,410,546
117900131,0,141,-141
117900132,16,78,-62
117900133,17,96,-79
117900134,59,320,-261
117900135,21,167,-146
117900136,0,26,-26
117900137,27,279,-252
117900138,0,34,-34
117900139,110,60,50
117900140,3039,330,2709
117900141,158,194,-36
117900142,163,62,101
117900144,68,179,-111
117900145,29,67,-38
117900146,211,140,71
117900147,64,28,36
117900148,1953,1395,558
117900149,247,168,79
117900150,55,45,10
117900151,36,46,-10
117900152,75,35,40
117900153,21,74,-53
117900154,393,482,-89
117900156,819,639,180
117900157,86,457,-371
117900158,290,119,171
117900160,620,702,-82
117900161,2133,1694,439
117900162,373,358,15
117900163,44,131,-87
117900165,0,19,-19
117900166,103,518,-415
117900168,42,154,-112
117900169,2,122,-120
117900170,2,20,-18
117900171,4,31,-27
117900172,21,38,-17
117900173,144,83,61
117900174,67,86,-19
117900175,7,20,-13
117900176,23,45,-22
117900177,25,28,-3
117900178,180,50,130
117900180,216,35,181
117900181,92,410,-318
117900182,2,35,-33
117900183,58,237,-179
117900184,19,71,-52
117900185,71,40,31
117900186,68,22,46
117900187,29,21,8
117900188,162,42,120
117900189,83,24,59
117900190,45,3,42
117900191,115,0,115
117900192,250,4,246
117900193,11,79,-68
117900194,32,7,25
117900195,13,58,-45
117900196,37,37,0
117900207,189,164,25
117900208,24,26,-2
117900209,204,168,36
117900210,141,198,-57
117900211,11,182,-171
117900212,118,105,13
117900213,28,17,11
117900214,7,61,-54
117900215,28,47,-19
117900216,22,29,-7
117900217,87,342,-255
117900218,122,133,-11
117900219,1,125,-124
117900220,56,82,-26
117900222,241,264,-23
117900223,109,316,-207
118000001,774,1064,-290
118000002,682,1439,-757
118000003,2286,3378,-1092
118000004,2195,2186,9
118000005,3913,5190,-1277
118000006,4137,8099,-3962
118000007,4535,3923,612
118000008,3138,3723,-585
118000009,1453,2110,-657
118000010,3352,3360,-8
118000011,1323,1608,-285
118000012,785,1505,-720
118000013,1990,1918,72
118000014,1763,2465,-702
118000016,214,286,-72
118000017,419,346,73
118000018,316,263,53
118000019,1853,1570,283
118000020,1076,2948,-1872
118000021,694,2859,-2165
118000022,1550,787,763
118000023,884,348,536
118000024,1156,945,211
118000027,11278,11199,79
118000029,898,790,108
118000032,915,3500,-2585
118000033,2322,5359,-3037
118000034,4126,2728,1398
118000035,1720,2709,-989
118000036,1141,1163,-22
118000037,764,881,-117
118000038,205,104,101
118000039,72,159,-87
118000040,1660,1391,269
118000041,2263,1259,1004
118000045,295,237,58
118000046,1323,685,638
118000047,792,1049,-257
118000048,2098,2366,-268
118000051,1814,1158,656
118000052,1045,552,493
118000053,302,380,-78
118000054,1194,1052,142
118000055,1098,1234,-136
118000056,808,408,400
118000057,261,357,-96
118000058,2045,1716,329
118000059,1316,1317,-1
118000060,1031,551,480
118000061,1476,1147,329
118000062,573,274,299
118000063,352,714,-362
118000064,827,1107,-280
118000065,3054,1507,1547
118000066,815,1573,-758
118000067,682,794,-112
118000068,1415,4279,-2864
118000069,3030,1076,1954
118000070,4451,1682,2769
118000071,3118,6486,-3368
118000072,1138,1391,-253
118000073,1065,739,326
118000074,508,541,-33
118000075,717,374,343
118000076,1248,2891,-1643
118000077,1332,1274,58
118000078,1735,2262,-527
118000079,194,343,-149
118000080,900,930,-30
118000081,1794,1323,471
118000082,298,1113,-815
118000083,1504,1652,-148
118000084,2684,1528,1156
118000086,222,463,-241
118000087,4007,2561,1446
118000088,1606,1452,154
118000089,3017,2092,925
118000090,1152,2403,-1251
118000091,1053,2210,-1157
118000092,958,449,509
118000093,98,643,-545
118000096,493,633,-140
118000097,792,613,179
118000098,321,187,134
118000099,588,504,84
118000101,1137,356,781
118000102,428,894,-466
118000107,1455,420,1035
118000108,703,2205,-1502
118000110,1,23,-22
118000111,0,259,-259
118000112,733,6,727
118000113,6,418,-412
118000114,433,11,422
118000115,15,5,10
118000116,24,0,24
118000117,914,644,270
118000118,1065,1134,-69
118000119,845,1167,-322
118000120,1512,1013,499
118000121,94,634,-540
118000122,1201,406,795
118000123,33,259,-226
118000125,1378,805,573
118000126,719,1412,-693
118000127,1523,636,887
118000128,526,1106,-580
118000129,859,427,432
118000130,1780,2445,-665
118000131,378,691,-313
118000132,2552,1893,659
118000133,1046,467,579
118000135,556,458,98
118000136,141,423,-282
118000137,584,99,485
118000138,436,384,52
118000139,443,100,343
118000140,2367,4394,-2027
118000141,2062,1639,423
118000142,1800,1374,426
118000143,2092,1082,1010
118000144,1068,641,427
118000145,1278,1347,-69
118000146,1083,668,415
118000147,779,1061,-282
118000148,490,1100,-610
118000149,867,853,14
118000150,387,270,117
118000151,498,362,136
118000153,1309,895,414
118000154,1528,1168,360
118000155,1344,1119,225
118000156,1638,2228,-590
118000157,556,364,192
118000158,307,373,-66
118000159,28,95,-67
118000160,511,316,195
118000161,500,532,-32
118000162,1265,977,288
118000163,835,646,189
118000164,1778,1018,760
118000168,680,464,216
118000169,975,994,-19
118000170,2898,4126,-1228
118000171,261,588,-327
118000172,101,234,-133
118000173,726,1180,-454
118000175,295,360,-65
118000176,215,412,-197
118000177,261,555,-294
118000178,25,46,-21
118000179,1127,1159,-32
118000180,726,676,50
118000181,622,223,399
118000182,284,239,45
118000183,202,298,-96
118000184,882,589,293
118000185,979,1092,-113
118000186,640,897,-257
118000187,1189,485,704
118000188,532,120,412
118000189,581,423,158
118000190,6,16,-10
118000191,43,22,21
118000192,92,167,-75
118000193,119,350,-231
118000194,1285,888,397
118000195,492,1178,-686
118000196,274,209,65
118000197,118,216,-98
118000198,422,761,-339
118000199,390,304,86
118000200,73,228,-155
118000201,484,559,-75
118000202,74,75,-1
118000203,629,644,-15
118000204,115,375,-260
118000205,192,315,-123
118000206,199,164,35
118000207,0,30,-30
118000208,1321,1435,-114
118000209,1777,1197,580
118000210,69,51,18
118000211,33,39,-6
118000213,864,1521,-657
118000214,446,472,-26
118000215,349,139,210
118000216,1833,1716,117
118000217,28,93,-65
118000218,70,84,-14
118000219,357,231,126
118000220,5,50,-45
118000221,271,308,-37
118000222,71,7,64
118000223,70,50,20
118000224,131,62,69
118000225,145,582,-437
118000226,1010,226,784
118000227,688,392,296
118000228,108,196,-88
118000229,191,110,81
118000230,135,140,-5
118000231,74,228,-154
118000232,714,539,175
118000233,1124,730,394
118000234,415,245,170
118000236,248,253,-5
118000237,105,315,-210
118000238,270,116,154
118000239,253,216,37
118000240,255,123,132
118000241,155,109,46
118000242,313,408,-95
118000243,215,187,28
118000244,27,95,-68
118000246,0,24,-24
118000255,97,277,-180
118000256,186,254,-68
118000259,10,36,-26
118000260,154,86,68
118000261,24,40,-16
118000263,86,125,-39
118000266,143,201,-58
118000267,1,140,-139
118000268,293,0,293
118000270,95,33,62
118000271,268,279,-11
118000272,93,27,66
118000273,139,53,86
118000274,130,213,-83
118000276,444,262,182
118000295,20,97,-77
118000298,101,203,-102
118000299,58,148,-90
118000301,0,73,-73
118000302,70,68,2
118000311,478,95,383
118000312,234,137,97
118000313,37,60,-23
118000314,92,46,46
118000315,26,31,-5
118000316,634,393,241
118000325,51,46,5
118000326,19,25,-6
118000331,21,24,-3
118000332,7,29,-22
118000333,22,52,-30
118000335,367,0,367
118000336,0,179,-179
118000407,185,51,134
118000457,4,40,-36
118000465,2515,3437,-922
118000480,45,52,-7
118000489,39,295,-256
118000490,23,194,-171
118000492,306,169,137
118000510,57,20,37
118000514,179,249,-70
118000515,748,676,72
118000517,350,211,139
118000524,215,224,-9
118000525,553,640,-87
118000530,16,106,-90
118000531,345,268,77
118000532,223,224,-1
118000533,280,138,142
118000534,453,353,100
118000535,253,168,85
118000536,465,1506,-1041
118000537,20,144,-124
118000538,54,81,-27
118000539,32,139,-107
118000540,283,129,154
118000541,193,50,143
118000542,119,174,-55
118000543,164,189,-25
118000546,35,35,0
118000553,0,0,0
118000557,0,1,-1
118000560,1713,2043,-330
118000562,35,110,-75
118000563,1252,1166,86
118000576,252,117,135
118000577,203,180,23
118000578,219,107,112
118000579,491,1088,-597
118000583,0,5,-5
118000595,251,109,142
118000596,0,104,-104
118000597,187,135,52
118000598,12,2,10
118000599,78,48,30
118000600,4,7,-3
118000601,6,0,6
118000602,0,4,-4
118000603,0,33,-33
118000605,97,231,-134
118000606,9,29,-20
118900001,499,1143,-644
118900002,702,726,-24
118900003,393,17,376
118900004,46,29,17
118900005,72,8,64
118900006,143,2,141
118900007,8,4,4
118900008,1235,46,1189
118900009,82,56,26
118900010,62,8,54
118900011,208,29,179
118900012,399,162,237
118900013,549,139,410
118900015,236,56,180
118900016,12,6,6
118900017,188,285,-97
118900018,999,15,984
118900019,28,29,-1
118900020,204,169,35
118900021,149,284,-135
118900022,162,94,68
118900023,146,103,43
118900024,90,176,-86
118900025,42,26,16
118900026,91,65,26
118900027,402,162,240
118900028,188,124,64
118900029,351,482,-131
118900030,432,49,383
118900031,148,101,47
118900032,184,161,23
118900033,347,471,-124
118900034,182,21,161
118900035,100,114,-14
118900036,1079,565,514
118900037,330,319,11
118900038,418,126,292
118900039,565,161,404
118900040,226,131,95
118900041,606,178,428
118900042,136,97,39
118900045,308,177,131
118900046,750,408,342
118900047,427,241,186
118900048,116,226,-110
118900049,73,41,32
118900050,21,66,-45
118900051,131,133,-2
118900052,237,223,14
118900053,19,117,-98
118900054,135,50,85
118900055,89,64,25
118900056,78,400,-322
118900057,630,417,213
118900058,367,312,55
118900059,13,73,-60
118900060,132,128,4
118900062,523,192,331
118900064,479,575,-96
118900065,57,122,-65
118900066,70,75,-5
118900067,3600,3281,319
118900068,2,202,-200
118900069,395,216,179
118900071,7,74,-67
118900072,396,292,104
118900073,139,97,42
118900074,120,148,-28
118900075,61,63,-2
118900076,210,140,70
118900077,188,171,17
118900078,24,5,19
118900079,32,150,-118
118900080,15,115,-100
118900081,81,28,53
118900082,802,126,676
118900083,25,7,18
118900084,34,37,-3
118900085,437,551,-114
118900086,39,80,-41
118900087,30,188,-158
118900088,2,10,-8
118900089,31,18,13
118900090,407,270,137
118900091,112,134,-22
118900092,123,46,77
118900093,169,24,145
118900096,85,100,-15
118900097,235,378,-143
118900099,64,180,-116
118900100,120,177,-57
118900101,56,205,-149
118900102,33,53,-20
118900103,38,66,-28
118900104,93,20,73
118900105,158,94,64
118900107,124,85,39
118900108,63,99,-36
118900110,1087,831,256
118900111,549,400,149
118900112,123,174,-51
118900113,121,292,-171
118900114,15,80,-65
118900115,87,348,-261
118900116,117,167,-50
118900117,106,160,-54
118900118,253,273,-20
118900119,152,173,-21
118900120,95,273,-178
118900121,15,142,-127
118900122,8,713,-705
118900123,168,180,-12
118900124,89,148,-59
118900126,31,311,-280
118900129,232,207,25
118900130,74,243,-169
118900131,236,173,63
118900132,294,184,110
118900133,17,86,-69
118900135,192,192,0
118900136,168,377,-209
118900137,8,47,-39
118900139,248,278,-30
118900140,383,417,-34
118900141,50,102,-52
118900144,147,312,-165
118900145,88,119,-31
118900146,271,511,-240
118900147,154,170,-16
118900148,84,64,20
118900150,164,568,-404
118900152,508,531,-23
118900157,80,158,-78
118900158,106,70,36
118900159,1,137,-136
118900161,70,13,57
118900163,92,55,37
118900164,3,61,-58
118900165,65,132,-67
118900166,23,2,21
118900167,87,94,-7
118900168,20,141,-121
118900169,153,208,-55
118900170,137,77,60
118900171,24,20,4
118900174,44,40,4
118900175,313,385,-72
118900176,196,265,-69
118900177,61,24,37
118900178,44,128,-84
118900179,1,7,-6
118900181,86,66,20
118900182,45,48,-3
118900183,54,109,-55
118900184,224,112,112
118900185,104,61,43
118900186,84,60,24
118900187,203,233,-30
118900188,218,231,-13
118900189,25,590,-565
118900190,11,223,-212
118900191,184,38,146
118900192,201,21,180
118900193,510,7,503
118900195,220,427,-207
118900196,30,105,-75
118900197,134,44,90
118900198,19,24,-5
118900199,105,37,68
118900200,44,8,36
118900201,30,36,-6
118900202,9,21,-12
118900203,8,14,-6
118900204,5,16,-11
118900205,1,2,-1
118900206,3,18,-15
119000001,1128,1763,-635
119000002,3205,3410,-205
119000003,2432,853,1579
119000004,2218,1118,1100
119000005,1667,1667,0
119000006,3029,1569,1460
119000007,3310,2758,552
119000008,1848,1563,285
119000009,3111,4224,-1113
119000010,4751,3790,961
119000011,3670,2942,728
119000012,3071,3121,-50
119000013,2936,1813,1123
119000014,1521,2444,-923
119000019,223,129,94
119000020,1954,1424,530
119000021,4306,2270,2036
119000022,1759,2118,-359
119000023,327,279,48
119000024,1837,10809,-8972
119000025,5238,1180,4058
119000026,233,527,-294
119000027,353,422,-69
119000028,1476,753,723
119000029,115,299,-184
119000030,545,975,-430
119000031,816,588,228
119000032,1490,2168,-678
119000033,2153,1151,1002
119000034,1000,898,102
119000035,35,215,-180
119000036,1900,615,1285
119000037,1252,1243,9
119000038,175,589,-414
119000039,324,233,91
119000040,775,550,225
119000041,693,1096,-403
119000048,2688,2207,481
119000049,1790,1758,32
119000050,1441,1583,-142
119000051,1752,915,837
119000052,1701,2419,-718
119000053,1949,1172,777
119000054,3184,2283,901
119000055,4232,2387,1845
119000056,2541,1713,828
119000057,1589,1451,138
119000058,1785,1387,398
119000059,1228,1289,-61
119000060,1544,949,595
119000061,881,742,139
119000062,1090,1165,-75
119000063,532,374,158
119000064,714,830,-116
119000065,1566,2538,-972
119000066,1971,1079,892
119000067,1901,1808,93
119000068,1617,996,621
119000069,1534,1922,-388
119000070,2483,829,1654
119000071,478,552,-74
119000072,4088,2429,1659
119000073,4012,6443,-2431
119000074,1310,1676,-366
119000075,2328,1794,534
119000076,283,882,-599
119000077,600,453,147
119000078,451,254,197
119000079,210,524,-314
119000080,475,198,277
119000081,283,312,-29
119000082,835,197,638
119000083,561,396,165
119000084,313,357,-44
119000085,443,203,240
119000086,282,501,-219
119000087,1348,649,699
119000088,394,268,126
119000089,82,209,-127
119000090,113,110,3
119000091,137,372,-235
119000092,367,165,202
119000093,3067,2266,801
119000094,3116,4158,-1042
119000095,1651,2634,-983
119000097,1881,1083,798
119000098,906,2728,-1822
119000099,1971,1134,837
119000100,3768,2743,1025
119000101,3237,1947,1290
119000102,541,1381,-840
119000103,1131,716,415
119000104,1847,1079,768
119000105,991,1910,-919
119000106,377,1051,-674
119000107,1107,491,616
119000108,321,686,-365
119000109,86,489,-403
119000110,345,340,5
119000111,63,672,-609
119000112,197,80,117
119000113,1710,258,1452
119000114,1042,914,128
119000115,127,131,-4
119000116,77,87,-10
119000117,128,356,-228
119000118,1,1,0
119000123,2652,2078,574
119000124,724,214,510
119000125,3558,553,3005
119000126,1341,607,734
119000127,530,417,113
119000128,15,5,10
119000131,956,524,432
119000132,0,1,-1
119000133,1,6,-5
119000134,1714,552,1162
119000135,137,169,-32
119000136,233,176,57
119000137,223,268,-45
119000138,401,185,216
119000139,265,169,96
119000140,238,271,-33
119000284,1042,2268,-1226
119000285,1713,1774,-61
119000286,5694,4339,1355
119000287,1162,1669,-507
119000288,1595,1069,526
119000289,1360,2096,-736
119000290,215,342,-127
119000291,11,250,-239
119000293,175,161,14
119000294,44,27,17
119000295,1095,312,783
119000296,275,129,146
119000297,0,0,0
119000299,0,0,0
119000302,1907,1083,824
119000303,41,146,-105
119000304,0,0,0
119000310,0,0,0
119000314,1307,9202,-7895
119000315,0,270,-270
119000316,157,86,71
119000317,90,215,-125
119900001,230,1200,-970
119900002,144,263,-119
119900003,59,750,-691
119900004,279,1329,-1050
119900005,206,65,141
119900006,160,294,-134
119900007,1013,256,757
119900008,23,29,-6
119900009,550,487,63
119900010,653,995,-342
119900011,35,118,-83
119900012,18,135,-117
119900013,2025,1155,870
119900014,439,190,249
119900015,137,33,104
119900016,36,75,-39
119900017,51,27,24
119900018,1268,882,386
119900019,49,12,37
119900020,136,156,-20
119900021,196,183,13
119900022,115,734,-619
119900023,384,1643,-1259
119900025,248,34,214
119900026,605,136,469
119900027,40,18,22
119900028,274,177,97
119900029,8,9,-1
119900030,540,403,137
119900031,63,424,-361
119900033,1398,325,1073
119900034,449,137,312
119900037,215,26,189
119900038,33,321,-288
119900039,65,10,55
119900040,267,35,232
119900041,83,20,63
119900042,137,238,-101
119900043,118,122,-4
119900044,164,764,-600
119900046,158,41,117
119900047,301,91,210
119900048,163,29,134
119900049,138,9,129
119900050,67,135,-68
119900051,999,21,978
119900052,90,35,55
119900053,238,155,83
119900054,161,10,151
119900055,1215,471,744
119900057,305,79,226
119900058,219,8,211
119900059,138,51,87
119900060,295,27,268
119900061,263,13,250
119900062,95,15,80
119900063,9,64,-55
119900065,219,10,209
119900067,129,13,116
119900068,409,6,403
119900069,111,8,103
119900070,913,4,909
119900071,692,17,675
119900073,1454,599,855
119900074,16,29,-13
119900075,3092,2125,967
119900076,654,273,381
119900077,794,729,65
119900078,637,711,-74
119900079,439,211,228
119900080,361,267,94
119900081,672,83,589
119900082,1263,161,1102
119900083,449,142,307
119900084,551,319,232
119900085,46,36,10
119900086,472,873,-401
119900087,329,403,-74
119900088,41,36,5
119900089,29,407,-378
119900090,138,61,77
119900091,71,732,-661
119900092,207,312,-105
119900093,1190,193,997
119900094,95,218,-123
119900095,158,107,51
119900096,29,129,-100
119900097,445,187,258
119900098,39,36,3
119900099,48,167,-119
119900100,1578,2950,-1372
119900101,147,1302,-1155
119900102,53,259,-206
119900103,36,280,-244
119900104,42,157,-115
119900105,588,1949,-1361
119900106,6,111,-105
119900107,269,1808,-1539
119900108,2869,593,2276
119900109,17,119,-102
119900110,832,469,363
119900111,110,278,-168
119900112,1044,564,480
119900113,68,261,-193
119900114,259,810,-551
119900115,372,790,-418
119900116,144,456,-312
119900117,350,607,-257
119900118,121,640,-519
119900119,295,218,77
119900120,561,369,192
119900121,449,686,-237
119900122,530,347,183
119900123,174,278,-104
119900124,329,629,-300
119900125,75,250,-175
119900126,3023,262,2761
119900127,1678,829,849
119900128,485,578,-93
119900129,260,388,-128
119900130,33,190,-157
119900131,30,212,-182
119900132,5,194,-189
119900133,47,83,-36
119900134,1224,204,1020
119900135,1,330,-329
119900136,187,268,-81
119900138,284,458,-174
119900139,13,102,-89
119900140,0,167,-167
119900141,84,758,-674
119900142,8,30,-22
119900143,23,218,-195
119900144,1411,219,1192
119900145,105,146,-41
119900146,132,180,-48
119900147,4,105,-101
119900148,285,47,238
119900149,715,3727,-3012
119900150,139,138,1
119900151,1394,756,638
119900152,104,179,-75
119900153,237,62,175
119900154,26,472,-446
119900155,46,46,0
119900156,29,18,11
119900157,120,188,-68
119900158,193,77,116
119900159,6,994,-988
119900160,37,86,-49
119900161,206,151,55
119900162,890,917,-27
119900163,109,172,-63
119900164,2,1,1
119900165,283,150,133
119900166,96,28,68
119900167,50,67,-17
119900168,896,510,386
119900169,92,269,-177
119900170,243,289,-46
119900171,1611,348,1263
119900172,119,20,99
119900173,5,312,-307
119900174,2,143,-141
119900175,1232,588,644
119900177,16,159,-143
119900178,25,126,-101
119900179,120,547,-427
119900180,943,782,161
119900181,52,110,-58
119900182,6,277,-271
119900183,119,613,-494
119900184,1729,455,1274
119900185,51,175,-124
119900186,44,987,-943
119900187,12,330,-318
119900188,122,318,-196
119900189,538,418,120
119900190,65,244,-179
119900191,272,270,2
119900192,80,162,-82
119900193,384,121,263
119900194,25,110,-85
119900195,74,190,-116
119900196,904,366,538
119900197,214,129,85
119900198,165,210,-45
119900199,150,12,138
119900200,869,534,335
119900201,270,172,98
119900202,95,269,-174
119900203,164,538,-374
119900204,292,228,64
119900205,786,411,375
119900206,221,131,90
119900208,134,225,-91
119900209,547,1272,-725
119900210,51,42,9
119900211,82,15,67
119900212,230,218,12
119900213,17,61,-44
119900214,46,75,-29
119900215,52,67,-15
119900216,15,42,-27
119900217,11,55,-44
119900218,19,64,-45
119900219,17,64,-47
119900220,9,71,-62
119900221,18,262,-244
119900222,15,166,-151
119900223,17,85,-68
119900224,12,20,-8
119900225,735,40,695
119900226,497,1750,-1253
119900227,926,286,640
119900228,24,155,-131
119900229,317,367,-50
119900230,1237,459,778
119900231,269,128,141
119900232,242,137,105
119900233,58,2,56
119900234,19,60,-41
119900235,10,60,-50
119900236,19,162,-143
119900237,55,476,-421
119900238,5,65,-60
119900240,108,120,-12
119900241,158,247,-89
119900242,1189,1193,-4
119900244,616,1000,-384
119900245,190,228,-38
119900246,296,544,-248
119900247,22,131,-109
119900248,63,214,-151
119900249,221,120,101
119900253,1848,373,1475
119900254,78,723,-645
119900255,89,642,-553
119900256,708,649,59
119900257,79,1,78
119900258,146,6,140
119900259,10,94,-84
119900260,110,6,104
119900261,247,137,110
119900262,0,134,-134
119900263,1049,328,721
119900264,89,147,-58
119900265,569,259,310
119900266,357,211,146
119900267,259,380,-121
119900268,253,164,89
119900269,1182,782,400
119900271,23,90,-67
119900272,193,297,-104
119900275,163,88,75
119900276,48,1,47
119900277,6,6,0
119900278,159,99,60
119900279,105,254,-149
119900280,624,120,504
119900281,1,222,-221
119900282,52,151,-99
119900283,15,168,-153
119900284,44,134,-90
119900285,36,101,-65
119900286,2,13,-11
119900288,0,18,-18
119900289,1,23,-22
119900290,4,33,-29
119900291,3,64,-61
119900292,34,57,-23
119900293,20,75,-55
119900294,19,74,-55
119900295,23,41,-18
119900296,51,148,-97
119900297,0,20,-20
119900298,1,1,0
119900299,66,96,-30
119900300,282,140,142
119900301,31,42,-11
119900302,42,42,0
119900303,310,204,106
119900304,317,29,288
119900305,7,95,-88
119900306,11,1,10
119900307,38,43,-5
119900308,10,16,-6
119900309,41,123,-82
119900310,259,238,21
119900311,91,89,2
119900312,78,84,-6
119900313,310,202,108
119900314,187,332,-145
119900315,1923,1718,205
119900318,18,53,-35
119900319,1,226,-225
119900320,157,331,-174
119900321,77,1,76
120000001,5477,14395,-8918
120000002,2607,2205,402
120000003,2722,1389,1333
120000004,2441,1794,647
120000005,3238,1913,1325
120000006,1237,1232,5
120000007,3119,2887,232
120000008,1079,1222,-143
120000009,1852,841,1011
120000010,1721,1917,-196
120000011,964,1350,-386
120000012,1310,2029,-719
120000013,2990,2495,495
120000014,754,1294,-540
120000015,2019,1288,731
120000016,3392,2008,1384
120000017,2913,2006,907
120000018,3330,9993,-6663
120000019,1178,1442,-264
120000020,2888,3062,-174
120000021,2121,2161,-40
120000022,2714,3930,-1216
120000023,1113,1600,-487
120000024,1501,2306,-805
120000025,2733,1954,779
120000026,2336,1698,638
120000027,2330,2189,141
120000028,573,1128,-555
120000029,1784,943,841
120000030,742,879,-137
120000031,1986,5454,-3468
120000032,6612,3361,3251
120000033,3974,1636,2338
120000034,1985,1514,471
120000035,2090,1614,476
120000036,2625,4234,-1609
120000037,742,1577,-835
120000038,4680,3333,1347
120000039,896,826,70
120000040,191,483,-292
120000041,1259,1393,-134
120000042,1934,2099,-165
120000043,4554,1487,3067
120000044,4868,1391,3477
120000045,5696,1017,4679
120000046,3219,2522,697
120000047,695,4351,-3656
120000048,5974,3967,2007
120000049,3456,2813,643
120000050,3012,3396,-384
120000051,2515,3673,-1158
120000052,6782,2053,4729
120000053,1241,2009,-768
120000054,1251,3006,-1755
120000055,1497,3543,-2046
120000056,4239,3369,870
120000057,3438,1110,2328
120000058,3027,1084,1943
120000059,6,1603,-1597
120000061,134,577,-443
120000062,225,326,-101
120000063,1205,2228,-1023
120000064,200,783,-583
120000065,497,1110,-613
120000066,324,406,-82
120000067,54,410,-356
120000068,190,553,-363
120000069,510,762,-252
120000070,94,560,-466
120000071,562,154,408
120000072,765,395,370
120000073,914,95,819
120000074,181,79,102
120000075,929,291,638
120000076,2073,337,1736
120000077,1917,622,1295
120000078,3436,1226,2210
120000079,554,428,126
120000080,274,395,-121
120000081,524,200,324
120000082,385,221,164
120000083,172,764,-592
120000084,307,269,38
120000085,433,423,10
120000086,339,480,-141
120000087,290,529,-239
120000088,868,907,-39
120000089,1087,584,503
120000090,721,456,265
120000091,931,820,111
120000092,1146,558,588
120000093,546,408,138
120000094,187,606,-419
120000095,889,326,563
120000096,256,602,-346
120000098,845,750,95
120000099,458,701,-243
120000100,752,785,-33
120000101,599,336,263
120000102,525,923,-398
120000103,1521,823,698
120000104,2026,490,1536
120000105,2707,655,2052
120000106,2310,632,1678
120000107,3976,642,3334
120000108,1437,122,1315
120000109,1078,68,1010
120000110,62,719,-657
120000111,343,817,-474
120000112,660,1847,-1187
120000113,557,1576,-1019
120000114,912,1817,-905
120000115,305,1491,-1186
120000116,711,1508,-797
120000117,838,994,-156
120000118,50,35,15
120000119,39,47,-8
120000120,96,76,20
120000121,28,62,-34
120000122,212,307,-95
120000123,3141,5584,-2443
120000124,421,372,49
120000125,623,544,79
120000126,306,968,-662
120000127,1992,965,1027
120000128,2605,3847,-1242
120000129,298,249,49
120000130,902,419,483
120000131,342,609,-267
120000134,271,783,-512
120000135,629,536,93
120000137,271,931,-660
120000138,1116,445,671
120000139,281,455,-174
120000140,955,485,470
120000141,810,446,364
120000142,892,579,313
120000143,1,101,-100
120000144,79,3,76
120000145,380,1,379
120000146,1009,849,160
120000149,646,898,-252
120000150,2725,11019,-8294
120000151,492,370,122
120000152,444,126,318
120000153,190,399,-209
120000154,552,391,161
120000155,120,277,-157
120000156,757,1278,-521
120000157,867,516,351
120000158,771,689,82
120000159,1765,2283,-518
120000160,2097,1661,436
120000161,2174,1838,336
120000162,63,224,-161
120000163,707,1120,-413
120000164,571,357,214
120000165,636,638,-2
120000166,1547,493,1054
120000167,137,145,-8
120000168,7,448,-441
120000169,29,1287,-1258
120000170,42,1125,-1083
120000171,18,441,-423
120000172,24,321,-297
120000173,1472,1410,62
120000174,249,29,220
120000175,178,44,134
120000176,216,49,167
120000177,954,101,853
120000178,57,18,39
120000179,140,67,73
120000180,1126,69,1057
120000181,132,1270,-1138
120000182,51,632,-581
120000183,11,350,-339
120000184,131,961,-830
120000186,58,768,-710
120000187,52,364,-312
120000188,96,593,-497
120000190,557,66,491
120000191,470,85,385
120000192,537,40,497
120000193,181,5,176
120000195,39,6,33
120000196,238,30,208
120000197,91,77,14
120000198,149,65,84
120000199,142,0,142
120000200,96,0,96
120000201,22,34,-12
120000202,1,41,-40
120000203,54,155,-101
120000207,0,47,-47
120000208,16,134,-118
120000209,4,52,-48
120000210,77,48,29
120000211,168,1,167
120000212,230,3,227
120000213,216,212,4
120000214,0,172,-172
120000215,6,85,-79
120000216,94,31,63
120000217,572,1183,-611
120000218,182,609,-427
120000219,9,338,-329
120000220,13,1227,-1214
120000225,1554,3,1551
120000226,409,2,407
120000227,1007,64,943
120000228,8856,3350,5506
120000230,366,20,346
120000231,1340,1608,-268
120000233,276,14,262
120000235,271,503,-232
120000236,983,2,981
120000237,1,1119,-1118
120000238,3,887,-884
120000241,1065,2925,-1860
120000412,634,9,625
120000413,307,216,91
120000414,171,0,171
120000415,2,71,-69
120000416,227,3,224
120000417,26,63,-37
120000418,176,25,151
120000419,11,197,-186
120000420,49,38,11
120000421,7252,4496,2756
120000422,124,1327,-1203
120000423,4,67,-63
120000424,106,129,-23
120000436,164,617,-453
120000437,122,139,-17
120000438,1984,218,1766
120000439,240,535,-295
120000443,205,7,198
120000444,1386,354,1032
120000445,1555,1008,547
120000446,658,176,482
120000447,241,1,240
120000449,195,5,190
120000450,17,152,-135
120000451,95,207,-112
120000452,89,1,88
120000453,1,316,-315
120000454,119,81,38
120000455,75,45,30
120000456,1870,3531,-1661
120000457,835,444,391
120000458,390,531,-141
120000459,66,48,18
120000665,1034,289,745
120000668,125,874,-749
120000669,97,194,-97
120000670,228,709,-481
120000671,1315,464,851
120000672,94,545,-451
120900001,62,113,-51
120900002,254,471,-217
120900003,162,22,140
120900004,11,95,-84
120900005,13,790,-777
120900006,494,264,230
120900007,210,81,129
120900008,284,760,-476
120900009,720,30,690
120900010,483,122,361
120900011,348,245,103
120900012,175,1023,-848
120900013,300,122,178
120900014,7,398,-391
120900015,722,83,639
120900016,867,67,800
120900017,1939,70,1869
120900018,107,240,-133
120900019,553,335,218
120900020,662,1142,-480
120900021,699,298,401
120900022,34,319,-285
120900023,311,39,272
120900024,1596,442,1154
120900025,1468,941,527
120900026,173,172,1
120900027,873,13,860
120900028,354,123,231
120900029,125,538,-413
120900030,1358,731,627
120900031,239,105,134
120900032,1227,105,1122
120900033,1161,86,1075
120900034,49,2480,-2431
120900035,48,70,-22
120900037,225,18,207
120900038,79,342,-263
120900039,125,54,71
120900040,320,5,315
120900041,122,29,93
120900042,527,34,493
120900043,93,43,50
120900044,23,287,-264
120900045,135,83,52
120900046,429,9,420
120900047,155,99,56
120900048,130,31,99
120900049,449,3,446
120900050,1741,1542,199
120900051,313,81,232
120900052,610,6,604
120900053,284,78,206
120900054,1353,483,870
120900055,487,6,481
120900056,555,14,541
120900057,151,24,127
120900058,513,1,512
120900059,90,2,88
120900060,61,42,19
120900061,270,223,47
120900062,249,4,245
120900063,635,7,628
120900064,668,2,666
120900065,594,0,594
120900066,450,217,233
120900067,217,60,157
120900068,370,2,368
120900069,229,57,172
120900071,20,5,15
120900072,796,6,790
120900073,562,132,430
120900074,736,14,722
120900076,300,0,300
120900077,2185,299,1886
120900078,805,520,285
120900079,876,103,773
120900080,843,1492,-649
120900081,1034,564,470
120900082,396,398,-2
120900083,100,6,94
120900084,366,405,-39
120900085,88,114,-26
120900086,96,366,-270
120900087,368,371,-3
120900088,213,336,-123
120900089,2188,2483,-295
120900090,258,106,152
120900091,596,882,-286
120900092,1041,348,693
120900093,1778,132,1646
120900094,378,168,210
120900095,398,28,370
120900096,59,181,-122
120900097,700,548,152
120900098,238,138,100
120900099,64,65,-1
120900100,91,168,-77
120900101,517,215,302
120900102,41,84,-43
120900103,39,192,-153
120900104,27,51,-24
120900105,38,454,-416
120900106,1051,426,625
120900107,229,149,80
120900108,9,505,-496
120900109,45,458,-413
120900110,4,546,-542
120900111,215,319,-104
120900112,9,644,-635
120900113,21,594,-573
120900114,31,136,-105
120900115,195,228,-33
120900116,432,283,149
120900117,5,402,-397
120900118,17,484,-467
120900119,4728,3652,1076
120900120,71,388,-317
120900121,192,387,-195
120900122,578,370,208
120900123,4,346,-342
120900124,1,446,-445
120900125,1,450,-449
120900126,1310,698,612
120900127,21,355,-334
120900128,1047,1103,-56
120900129,48,218,-170
120900130,9,339,-330
120900131,112,54,58
120900132,968,189,779
120900133,144,640,-496
120900134,717,358,359
120900135,10,417,-407
120900136,48,56,-8
120900137,245,74,171
120900138,21,214,-193
120900139,4,494,-490
120900140,7,91,-84
120900141,98,233,-135
120900142,24,319,-295
120900143,2,577,-575
120900144,1,101,-100
120900145,204,664,-460
120900146,0,693,-693
120900147,2,379,-377
120900148,121,134,-13
120900149,0,208,-208
120900150,41,354,-313
120900151,2,445,-443
120900152,1,21,-20
120900153,74,100,-26
120900154,0,187,-187
120900155,236,780,-544
120900156,49,273,-224
120900157,113,344,-231
120900158,83,471,-388
120900159,302,497,-195
120900160,15,501,-486
120900161,65,418,-353
120900162,126,589,-463
120900163,100,671,-571
120900164,1,34,-33
120900165,17,104,-87
120900166,45,572,-527
120900167,355,151,204
120900169,111,247,-136
120900170,785,2641,-1856
120900171,767,210,557
120900172,424,1230,-806
120900173,0,37,-37
120900174,5,86,-81
120900175,229,107,122
120900176,25,319,-294
120900177,4,1034,-1030
120900178,0,447,-447
120900179,705,381,324
120900180,64,122,-58
120900181,79,45,34
120900182,22,363,-341
120900183,578,52,526
120900184,348,62,286
120900185,16,301,-285
120900186,0,318,-318
120900187,491,1262,-771
120900188,238,12,226
120900189,94,1464,-1370
120900190,110,9,101
120900191,19,28,-9
120900192,6811,7336,-525
120900194,71,73,-2
120900195,100,261,-161
120900196,967,23,944
120900197,625,97,528
120900198,178,403,-225
120900199,400,422,-22
120900200,96,130,-34
120900201,363,110,253
120900202,1,101,-100
120900203,41,68,-27
120900204,118,208,-90
120900205,43,38,5
120900206,51,79,-28
120900207,49,806,-757
121000001,628,1058,-430
121000002,2166,1218,948
121000003,2391,1912,479
121000004,2403,2765,-362
121000005,1830,2657,-827
121000006,3155,1867,1288
121000007,2422,3057,-635
121000008,4783,3894,889
121000009,4968,5708,-740
121000010,8215,6146,2069
121000011,8347,11504,-3157
121000012,15612,10487,5125
121000013,4864,6747,-1883
121000014,5795,5223,572
121000015,3684,7085,-3401
121000016,4162,3307,855
121000017,2017,3490,-1473
121000018,2910,1676,1234
121000019,13549,11782,1767
121000020,13183,16047,-2864
121000021,2716,2766,-50
121000022,2559,2935,-376
121000023,3132,2464,668
121000024,4804,4909,-105
121000025,704,1485,-781
121000026,439,190,249
121000027,1577,1194,383
121000028,939,515,424
121000029,899,641,258
121000030,628,437,191
121000031,773,739,34
121000032,228,157,71
121000034,313,223,90
121000035,107,143,-36
121000036,1019,897,122
121000037,604,654,-50
121000038,641,1027,-386
121000039,386,517,-131
121000041,544,535,9
121000042,349,382,-33
121000043,759,599,160
121000044,1477,1061,416
121000045,380,247,133
121000046,711,812,-101
121000047,27,103,-76
121000049,1343,558,785
121000050,380,1207,-827
121000051,623,301,322
121000052,464,681,-217
121000053,378,103,275
121000054,50,386,-336
121000055,1278,1356,-78
121000056,780,985,-205
121000057,309,581,-272
121000058,387,255,132
121000059,2196,1413,783
121000060,640,1016,-376
121000061,95,356,-261
121000062,157,390,-233
121000063,953,871,82
121000064,785,828,-43
121000065,387,555,-168
121000066,720,645,75
121000067,586,693,-107
121000068,756,401,355
121000069,706,979,-273
121000070,1884,1431,453
121000071,1765,1567,198
121000072,1672,780,892
121000073,1307,951,356
121000074,339,185,154
121000075,72,466,-394
121000076,757,452,305
121000077,123,212,-89
121000078,121,167,-46
121000080,1917,629,1288
121000081,4021,3052,969
121000082,114,315,-201
121000083,257,143,114
121000084,182,183,-1
121000085,318,480,-162
121000086,360,763,-403
121000087,82,376,-294
121000088,517,585,-68
121000089,535,571,-36
121000090,606,542,64
121000091,1638,1185,453
121000092,260,104,156
121000093,194,266,-72
121000094,654,823,-169
121000095,377,904,-527
121000096,2589,2332,257
121000097,1065,2408,-1343
121000098,725,965,-240
121000099,901,744,157
121000100,963,414,549
121000101,482,362,120
121000102,294,300,-6
121000103,250,234,16
121000104,217,141,76
121000105,458,188,270
121000106,395,343,52
121000107,1967,2839,-872
121000109,1049,1113,-64
121000110,275,776,-501
121000114,3107,2072,1035
121000115,1022,598,424
121000116,294,809,-515
121000117,699,258,441
121000118,1389,220,1169
121000119,334,449,-115
121000120,387,611,-224
121000121,562,1356,-794
121000123,1427,864,563
121000127,126,101,25
121000128,984,400,584
121000129,863,529,334
121000130,576,832,-256
121000131,2045,1843,202
121000132,1566,1779,-213
121000135,332,434,-102
121000136,873,1054,-181
121000137,529,402,127
121000138,680,1368,-688
121000139,284,562,-278
121000141,188,133,55
121000142,766,1178,-412
121000143,139,38,101
121000144,887,1707,-820
121000145,598,967,-369
121000146,1391,1231,160
121000147,1027,541,486
121000148,916,1026,-110
121000149,2181,1335,846
121000152,416,515,-99
121000153,1817,564,1253
121000154,1213,567,646
121000155,1516,1062,454
121000156,438,966,-528
121000157,915,1427,-512
121000158,435,509,-74
121000159,192,363,-171
121000160,367,382,-15
121000161,258,291,-33
121000162,122,187,-65
121000165,1493,2158,-665
121000166,25,424,-399
121000168,512,235,277
121000169,85,152,-67
121000170,402,90,312
121000171,114,130,-16
121000172,772,583,189
121000173,1233,1060,173
121000174,434,466,-32
121000175,1036,321,715
121000176,420,301,119
121000177,750,616,134
121000178,122,58,64
121000179,63,63,0
121000181,427,395,32
121000182,142,301,-159
121000183,139,130,9
121000184,45,130,-85
121000185,58,185,-127
121000186,184,552,-368
121000187,226,161,65
121000188,209,157,52
121000192,932,500,432
121000193,610,507,103
121000194,2065,2021,44
121000195,244,906,-662
121000196,610,245,365
121000197,137,800,-663
121000198,203,127,76
121000199,140,383,-243
121000200,558,95,463
121000201,10,171,-161
121000202,758,162,596
121000203,730,1613,-883
121000204,2810,660,2150
121000205,90,327,-237
121000206,90,63,27
121000207,2139,460,1679
121000208,4,257,-253
121000209,466,179,287
121000210,662,336,326
121000211,312,118,194
121000212,543,467,76
121000213,8880,2603,6277
121000214,870,1671,-801
121000215,929,1081,-152
121000216,588,557,31
121000217,3418,2177,1241
121000218,338,1347,-1009
121000219,1426,366,1060
121000220,160,36,124
121000221,98,289,-191
121000222,2015,2110,-95
121000223,358,460,-102
121000224,330,258,72
121000225,881,1784,-903
121000226,1660,1043,617
121000227,15,123,-108
121000228,23,469,-446
121000229,317,263,54
121000230,61,1362,-1301
121000231,1031,27,1004
121000232,415,252,163
121000233,574,311,263
121000234,27,35,-8
121000235,90,76,14
121000236,9,53,-44
121000237,27,26,1
121000238,5,63,-58
121000239,54,4,50
121000240,10,145,-135
121000241,81,10,71
121000242,82,393,-311
121000243,545,200,345
121000244,31,101,-70
121000245,116,38,78
121000246,1,91,-90
121000247,167,6,161
121000248,1227,590,637
121000249,90,222,-132
121000250,566,216,350
121000251,16,272,-256
121000252,105,62,43
121000253,301,283,18
121000254,669,198,471
121000255,104,186,-82
121000256,236,194,42
121000257,33,74,-41
121000258,103,57,46
121000259,67,109,-42
121000260,67,149,-82
121000261,89,97,-8
121000262,1054,591,463
121000263,553,443,110
121000271,421,1176,-755
121000273,41,7,34
121000274,7,65,-58
121000275,3,12,-9
121000276,7,17,-10
121000278,68,58,10
121000279,28,22,6
121000280,32,49,-17
121000289,255,22,233
121000290,1010,935,75
121000294,184,101,83
121000297,817,1120,-303
121000299,113,620,-507
121000300,814,462,352
121000302,35,851,-816
121000303,430,340,90
121000304,498,49,449
121000305,228,38,190
121000306,93,134,-41
121000308,151,302,-151
121000309,315,426,-111
121000310,81,283,-202
121000311,88,757,-669
121000312,309,205,104
121000313,313,419,-106
121000314,114,113,1
121000315,61,174,-113
121000530,1641,1324,317
121000531,1647,1515,132
121000532,5758,6968,-1210
121000533,3113,3283,-170
121000918,59,112,-53
121000919,53,76,-23
121000938,134,143,-9
121000939,121,151,-30
121000956,1350,981,369
121000957,4,16,-12
121000958,22,81,-59
121000959,766,597,169
121000960,1560,1316,244
121000961,253,140,113
121000962,293,443,-150
121000973,1,152,-151
121000976,8,205,-197
121000979,547,207,340
121000981,369,258,111
121000982,480,233,247
121000983,387,365,22
121000984,25,79,-54
121000985,730,357,373
121000986,283,164,119
121000987,218,695,-477
121000988,915,125,790
121001302,224,124,100
121001308,1,14,-13
121001309,52,159,-107
121001311,0,0,0
121001313,164,180,-16
121001314,1733,2089,-356
121001315,4772,2833,1939
121001326,602,430,172
121900001,139,192,-53
121900002,37,26,11
121900003,349,45,304
121900004,116,339,-223
121900005,19,9,10
121900006,124,34,90
121900007,1711,1746,-35
121900008,957,732,225
121900009,618,10,608
121900010,239,4,235
121900011,204,299,-95
121900012,11,0,11
121900013,938,117,821
121900014,1121,385,736
121900015,240,173,67
121900016,8,28,-20
121900017,854,441,413
121900018,384,13,371
121900019,519,237,282
121900020,22,2,20
121900021,930,17,913
121900022,264,183,81
121900023,142,323,-181
121900024,374,142,232
121900025,581,414,167
121900026,352,48,304
121900027,320,93,227
121900028,207,14,193
121900029,121,217,-96
121900030,500,523,-23
121900031,860,5613,-4753
121900032,100,47,53
121900033,199,254,-55
121900034,248,89,159
121900035,2800,2104,696
121900036,71,266,-195
121900037,211,1114,-903
121900038,49,98,-49
121900039,312,49,263
121900040,97,103,-6
121900041,98,207,-109
121900042,437,142,295
121900043,1,6,-5
121900044,158,52,106
121900046,198,367,-169
121900047,253,46,207
121900048,33,78,-45
121900050,50,34,16
121900051,213,169,44
121900052,160,52,108
121900053,550,393,157
121900054,549,954,-405
121900055,6,19,-13
121900058,201,153,48
121900059,355,175,180
121900060,218,307,-89
121900061,162,119,43
121900062,162,98,64
121900063,1457,561,896
121900064,314,598,-284
121900066,71,35,36
121900067,51,34,17
121900069,178,164,14
121900070,124,244,-120
121900071,361,249,112
121900072,104,157,-53
121900073,311,265,46
121900074,796,913,-117
121900075,449,448,1
121900076,386,629,-243
121900078,101,37,64
121900079,0,0,0
121900080,677,317,360
121900082,78,78,0
121900084,26,102,-76
121900086,26,72,-46
121900087,192,121,71
121900088,2005,2808,-803
121900089,203,281,-78
121900090,73,67,6
121900091,110,100,10
121900092,92,113,-21
121900093,97,77,20
121900094,19,11,8
121900095,309,153,156
121900096,1114,894,220
121900097,598,183,415
121900098,3,0,3
121900099,298,70,228
121900100,185,483,-298
121900101,108,120,-12
121900102,6,129,-123
121900103,448,249,199
121900104,1379,302,1077
121900105,281,193,88
121900106,8,11,-3
121900107,56,33,23
121900108,0,19,-19
121900109,303,145,158
121900110,580,692,-112
121900111,481,176,305
121900112,136,193,-57
121900113,84,385,-301
121900114,68,38,30
121900117,153,72,81
121900118,1648,503,1145
121900119,258,116,142
121900120,68,1035,-967
121900121,433,38,395
121900122,41,56,-15
121900123,215,358,-143
121900124,114,122,-8
121900125,1824,999,825
121900127,24,95,-71
121900128,95,81,14
121900129,578,215,363
121900130,109,211,-102
121900131,294,98,196
121900132,78,104,-26
121900133,83,967,-884
121900134,73,199,-126
121900135,3156,490,2666
121900136,587,315,272
121900137,55,347,-292
121900138,66,158,-92
121900139,395,682,-287
121900140,94,171,-77
121900141,77,39,38
121900142,163,100,63
121900143,14,134,-120
121900144,128,294,-166
121900145,210,238,-28
121900146,587,722,-135
121900147,54,219,-165
121900148,149,264,-115
121900149,316,494,-178
121900150,62,224,-162
121900151,70,278,-208
121900152,83,122,-39
121900153,87,703,-616
121900154,8,277,-269
121900155,1,221,-220
121900156,188,134,54
121900157,4,334,-330
121900158,63,102,-39
121900159,0,165,-165
121900160,77,242,-165
121900161,282,368,-86
121900162,153,186,-33
121900163,308,518,-210
121900164,370,218,152
121900165,290,147,143
121900166,186,164,22
121900167,83,113,-30
121900168,128,249,-121
121900169,2,152,-150
121900170,8,150,-142
121900171,741,486,255
121900172,559,214,345
121900173,702,230,472
121900174,69,72,-3
121900175,181,236,-55
121900176,474,1226,-752
121900177,184,83,101
121900178,35,79,-44
121900179,611,183,428
121900180,2702,3953,-1251
121900182,689,335,354
121900183,440,1289,-849
121900184,72,709,-637
121900186,1,283,-282
121900187,38,152,-114
121900188,507,267,240
121900189,30,118,-88
121900190,203,355,-152
121900191,112,306,-194
121900192,301,974,-673
121900193,81,164,-83
121900194,14,157,-143
121900195,61,96,-35
121900196,762,837,-75
121900197,250,1030,-780
121900198,1196,1046,150
121900199,4,24,-20
121900200,82,254,-172
121900201,816,856,-40
121900202,111,617,-506
121900203,180,1043,-863
121900204,768,1153,-385
121900205,20,108,-88
121900206,18,41,-23
121900207,163,43,120
121900208,108,311,-203
121900209,54,36,18
121900210,1421,1048,373
121900211,535,535,0
121900212,136,143,-7
121900213,242,85,157
121900214,12,367,-355
121900215,45,79,-34
121900216,54,222,-168
121900217,314,171,143
121900218,218,383,-165
121900220,149,18,131
121900221,275,452,-177
121900222,195,142,53
121900223,185,38,147
121900224,103,39,64
121900225,105,117,-12
121900226,325,469,-144
121900227,269,597,-328
121900228,248,237,11
121900230,81,333,-252
121900231,318,2000,-1682
121900232,183,358,-175
121900233,238,290,-52
121900234,314,203,111
121900235,477,142,335
121900236,458,148,310
121900237,234,285,-51
121900238,180,271,-91
121900239,231,34,197
121900240,278,121,157
121900241,31,48,-17
121900242,12,0,12
121900243,10,0,10
121900244,30,4,26
121900245,207,55,152
121900246,2639,341,2298
121900248,1261,1395,-134
121900250,192,282,-90
121900251,503,52,451
121900252,564,132,432
121900253,143,894,-751
121900254,392,288,104
121900255,385,107,278
121900258,3229,1880,1349
121900259,375,493,-118
121900260,119,129,-10
121900261,209,521,-312
121900262,365,849,-484
121900263,276,355,-79
121900264,1548,1140,408
121900265,265,222,43
121900266,441,169,272
121900267,75,42,33
121900269,234,688,-454
121900270,25,217,-192
121900271,39,118,-79
121900273,516,1628,-1112
121900274,303,237,66
121900277,517,1359,-842
121900278,77,777,-700
121900279,156,243,-87
121900280,65,468,-403
121900281,352,539,-187
121900284,78,6,72
121900286,180,87,93
121900287,9,25,-16
121900288,5,4,1
121900290,212,407,-195
121900291,321,582,-261
121900292,181,129,52
121900293,889,2317,-1428
121900294,311,2,309
121900295,118,203,-85
121900296,39,161,-122
121900298,227,746,-519
121900299,0,21,-21
121900300,130,6,124
121900301,67,1,66
121900302,3,64,-61
121900303,244,356,-112
121900304,14,19,-5
121900305,1,7,-6
121900306,331,5,326
121900307,97,32,65
121900308,41,267,-226
121900309,15,167,-152
121900310,24,309,-285
121900311,585,34,551
121900312,436,23,413
121900313,314,21,293
121900314,2,29,-27
121900315,24,1,23
121900316,1,12,-11
121900317,30,7,23
121900318,2,33,-31
121900319,53,136,-83
121900320,43,55,-12
121900321,23,6,17
121900322,1,24,-23
121900323,26,9,17
121900324,2,40,-38
121900325,21,8,13
121900326,2,19,-17
121900327,5,53,-48
121900328,1,21,-20
121900329,2,146,-144
121900330,0,44,-44
121900331,6,34,-28
121900332,76,22,54
121900333,31,2,29
121900334,92,80,12
122000001,2022,5229,-3207
122000002,3671,1531,2140
122000003,1627,3029,-1402
122000004,2635,1505,1130
122000005,2580,2040,540
122000006,1493,1144,349
122000007,955,1761,-806
122000008,2718,4525,-1807
122000009,471,560,-89
122000010,2196,2953,-757
122000011,3063,1557,1506
122000012,926,1994,-1068
122000013,1000,944,56
122000014,1793,1027,766
122000015,1377,980,397
122000016,563,869,-306
122000017,1227,1055,172
122000018,1512,1536,-24
122000019,822,1144,-322
122000020,196,232,-36
122000021,296,401,-105
122000022,1175,982,193
122000023,723,1514,-791
122000024,688,1396,-708
122000025,847,1873,-1026
122000026,855,1426,-571
122000027,562,1654,-1092
122000028,911,455,456
122000029,427,535,-108
122000030,223,152,71
122000031,289,295,-6
122000032,1867,1702,165
122000033,580,1382,-802
122000034,583,611,-28
122000035,291,725,-434
122000036,568,546,22
122000037,451,215,236
122000038,254,366,-112
122000039,578,427,151
122000040,190,301,-111
122000041,481,550,-69
122000042,403,532,-129
122000043,111,130,-19
122000044,140,164,-24
122000045,1254,494,760
122000046,794,595,199
122000047,200,262,-62
122000048,3364,4109,-745
122000049,5323,3844,1479
122000050,1369,860,509
122000051,275,391,-116
122000052,568,557,11
122000053,196,952,-756
122000054,2152,1951,201
122000055,2034,3312,-1278
122000056,3943,3215,728
122000057,3133,3746,-613
122000058,2068,1554,514
122000059,2478,2291,187
122000060,583,789,-206
122000061,465,669,-204
122000062,743,342,401
122000063,901,791,110
122000064,2979,3180,-201
122000065,2992,2380,612
122000066,491,597,-106
122000067,1395,1312,83
122000068,1244,951,293
122000069,867,944,-77
122000070,856,1207,-351
122000071,1789,1075,714
122000072,458,564,-106
122000073,376,869,-493
122000074,2823,1600,1223
122000075,787,1251,-464
122000076,2886,1228,1658
122000077,897,1189,-292
122000078,1666,3145,-1479
122000079,789,1555,-766
122000080,698,412,286
122000081,180,237,-57
122000082,544,885,-341
122000083,1435,1354,81
122000084,1418,793,625
122000085,282,861,-579
122000086,2132,4672,-2540
122000087,398,248,150
122000088,234,448,-214
122000089,4598,2139,2459
122000090,207,481,-274
122000091,127,102,25
122000092,98,26,72
122000093,1653,2212,-559
122000094,4919,2766,2153
122000095,1891,3455,-1564
122000096,1219,1531,-312
122000098,2980,2631,349
122000099,1495,826,669
122000100,906,599,307
122000101,371,650,-279
122000102,2092,1109,983
122000103,1896,1799,97
122000104,506,175,331
122000105,537,285,252
122000106,463,705,-242
122000107,1053,500,553
122000108,489,792,-303
122000109,486,290,196
122000110,444,564,-120
122000111,2669,1240,1429
122000112,1009,1235,-226
122000113,745,677,68
122000114,2747,1687,1060
122000115,2005,1207,798
122000116,595,541,54
122000117,2147,483,1664
122000118,675,956,-281
122000119,3542,2876,666
122000120,1986,4834,-2848
122000121,2043,3402,-1359
122000122,773,1692,-919
122000123,1760,1870,-110
122000124,1147,662,485
122000125,784,837,-53
122000126,591,1211,-620
122000127,992,1465,-473
122000128,499,747,-248
122000129,604,1421,-817
122000130,3234,1668,1566
122000131,1438,1505,-67
122000132,573,621,-48
122000133,678,946,-268
122000134,1039,827,212
122000135,762,967,-205
122000136,882,696,186
122000137,1252,696,556
122000139,1093,3332,-2239
122000140,705,716,-11
122000141,3226,1014,2212
122000142,320,916,-596
122000143,402,675,-273
122000144,1437,1435,2
122000145,1343,758,585
122000146,1425,1473,-48
122000147,646,635,11
122000148,1417,1970,-553
122000149,2182,1842,340
122000150,1174,1082,92
122000151,191,438,-247
122000152,418,402,16
122000153,464,372,92
122000154,351,261,90
122000155,1504,2397,-893
122000156,2412,2930,-518
122000157,1282,2525,-1243
122000158,397,753,-356
122000159,712,1772,-1060
122000160,3417,2907,510
122000161,1258,1274,-16
122000162,2245,1853,392
122000163,280,111,169
122000164,46,85,-39
122000165,732,693,39
122000166,669,1220,-551
122000167,274,313,-39
122000168,201,649,-448
122000169,325,168,157
122000170,368,298,70
122000171,68,104,-36
122000172,1755,1307,448
122000173,1345,2244,-899
122000174,2295,1021,1274
122000175,971,316,655
122000176,338,922,-584
122000177,1404,1522,-118
122000178,3147,2267,880
122000179,1661,2423,-762
122000180,1750,1415,335
122000181,1601,3181,-1580
122000182,2073,1513,560
122000183,2105,1019,1086
122000184,3142,2709,433
122000185,1591,2051,-460
122000186,478,767,-289
122000187,1803,1039,764
122000188,473,199,274
122000189,293,334,-41
122000190,782,1183,-401
122000191,904,704,200
122000192,1058,346,712
122000193,408,726,-318
122000194,527,173,354
122000195,134,497,-363
122000196,981,717,264
122000197,515,682,-167
122000198,479,864,-385
122000199,279,341,-62
122000200,996,567,429
122000201,1291,1706,-415
122000202,1281,1600,-319
122000203,2809,1420,1389
122000204,1530,1957,-427
122000205,1311,1336,-25
122000206,2721,1225,1496
122000207,1747,1667,80
122000208,2040,1463,577
122000209,1612,374,1238
122000210,2189,1603,586
122000211,1354,1399,-45
122000212,920,637,283
122000213,1063,1400,-337
122000214,2192,1751,441
122000215,2089,1693,396
122000217,1881,1422,459
122000218,772,69,703
122000219,1139,942,197
122000220,441,767,-326
122000221,68,449,-381
122000222,578,167,411
122000223,1697,642,1055
122000225,841,308,533
122000226,1681,1824,-143
122000227,321,2267,-1946
122000228,397,412,-15
122000229,58,519,-461
122000230,107,449,-342
122000231,388,673,-285
122000232,461,873,-412
122000233,0,80,-80
122000234,402,54,348
122000235,499,115,384
122000236,1329,84,1245
122000237,149,91,58
122000238,426,370,56
122000239,711,128,583
122000240,1151,538,613
122000241,1867,429,1438
122000242,662,115,547
122000243,371,75,296
122000244,89,416,-327
122000245,80,286,-206
122000246,563,175,388
122000247,677,765,-88
122000248,1003,1459,-456
122000249,1667,910,757
122000250,2461,1116,1345
122000251,245,383,-138
122000252,483,125,358
122000253,81,233,-152
122000254,308,92,216
122000255,586,1381,-795
122000256,460,796,-336
122000257,255,347,-92
122000258,249,148,101
122000259,18,407,-389
122000260,13,43,-30
122000261,24,197,-173
122000262,2,60,-58
122000263,457,157,300
122000264,1423,316,1107
122000265,2270,923,1347
122000266,3895,711,3184
122000267,103,105,-2
122000268,176,360,-184
122000269,914,315,599
122000270,544,129,415
122000271,335,968,-633
122000272,345,840,-495
122000273,466,403,63
122000274,219,157,62
122000275,55,216,-161
122000276,886,478,408
122000277,1396,1528,-132
122000278,1955,636,1319
122000279,201,420,-219
122000280,868,549,319
122000281,714,629,85
122000282,145,457,-312
122000283,168,175,-7
122000284,150,91,59
122000285,284,80,204
122000286,64,143,-79
122000287,443,355,88
122000288,1016,878,138
122000291,2321,857,1464
122000293,287,276,11
122000294,132,209,-77
122000295,1172,383,789
122000296,31,526,-495
122000297,1634,3068,-1434
122000299,890,326,564
122000300,561,563,-2
122000301,4943,2489,2454
122000302,462,1459,-997
122000303,2474,1066,1408
122000304,17,43,-26
122000305,1203,216,987
122000306,35,526,-491
122000307,89,130,-41
122000309,57,46,11
122000310,19,110,-91
122000311,161,148,13
122000312,132,212,-80
122000313,127,100,27
122000314,120,183,-63
122000315,285,52,233
122000316,720,185,535
122000317,1467,276,1191
122000318,302,578,-276
122000319,2281,794,1487
122000320,222,540,-318
122000321,69,127,-58
122000322,1955,2228,-273
122000323,1152,2512,-1360
122000324,1096,1302,-206
122000325,707,1873,-1166
122000326,70,76,-6
122000327,580,927,-347
122000328,809,695,114
122000330,2158,984,1174
122000332,181,299,-118
122000333,11,76,-65
122000337,1086,1067,19
122000338,389,295,94
122000340,375,606,-231
122000342,1579,965,614
122000343,440,1061,-621
122000344,68,17,51
122000345,16,10,6
122000346,274,439,-165
122000348,685,614,71
122000349,91,547,-456
122000351,179,164,15
122000352,239,175,64
122000353,90,78,12
122000355,136,382,-246
122000356,1002,1198,-196
122000357,113,30,83
122000358,0,35,-35
122000359,0,28,-28
122000360,0,35,-35
122000362,2,70,-68
122000364,248,266,-18
122000365,1,30,-29
122000366,17,18,-1
122000368,445,664,-219
122000370,35,36,-1
122000371,16,0,16
122000372,26,1,25
122000381,116,292,-176
122000382,104,223,-119
122000384,1990,1104,886
122000385,67,0,67
122000386,249,845,-596
122000387,411,628,-217
122000388,1755,955,800
122000389,176,619,-443
122000390,378,259,119
122000391,321,266,55
122000392,151,209,-58
122000393,60,143,-83
122000394,628,308,320
122000395,165,138,27
122000396,247,93,154
122000397,41,62,-21
122000398,16,35,-19
122000399,196,89,107
122000400,95,542,-447
122000401,159,74,85
122000402,298,136,162
122000403,424,678,-254
122000404,166,190,-24
122000408,940,1264,-324
122000503,10,101,-91
122000524,622,136,486
122000544,96,1807,-1711
122000614,309,289,20
122000616,279,2,277
122000640,100,110,-10
122000641,169,270,-101
122000642,1064,853,211
122000643,60,174,-114
122000644,145,54,91
122000645,120,182,-62
122000651,1114,1021,93
122000664,145,43,102
122000665,1192,531,661
122000666,758,1148,-390
122000673,38,209,-171
122000674,188,110,78
122000675,1566,714,852
122000686,810,869,-59
122000687,1858,256,1602
122000688,262,570,-308
122000689,991,326,665
122000690,2117,320,1797
122000691,723,1151,-428
122000692,1447,344,1103
122000693,394,1320,-926
122000695,294,343,-49
122000696,467,209,258
122000698,402,525,-123
122000699,170,52,118
122000701,1438,300,1138
122000702,516,879,-363
122000703,201,68,133
122000717,85,46,39
122000718,546,1209,-663
122000719,124,96,28
122000720,596,182,414
122000724,221,303,-82
122900001,49,6,43
122900002,847,2655,-1808
122900003,330,49,281
122900004,1412,55,1357
122900005,64,99,-35
122900006,339,826,-487
122900007,780,1113,-333
122900008,322,252,70
122900009,698,472,226
122900010,225,138,87
122900012,226,438,-212
122900014,129,214,-85
122900015,1119,802,317
122900016,121,233,-112
122900017,1306,931,375
122900018,214,19,195
122900019,5,113,-108
122900020,91,145,-54
122900021,370,448,-78
122900022,857,700,157
122900023,287,124,163
122900024,129,89,40
122900025,13,308,-295
122900026,56,233,-177
122900027,54,902,-848
122900028,103,154,-51
122900029,3494,2419,1075
122900030,779,457,322
122900031,167,420,-253
122900032,166,298,-132
122900033,200,141,59
122900034,3707,4228,-521
122900035,52,30,22
122900036,71,60,11
122900037,312,186,126
122900038,130,2819,-2689
122900039,77,473,-396
122900040,199,446,-247
122900041,183,420,-237
122900042,143,236,-93
122900043,293,257,36
122900044,164,298,-134
122900045,134,101,33
122900046,133,364,-231
122900047,115,184,-69
122900048,74,182,-108
122900049,1351,120,1231
122900051,102,123,-21
122900052,123,143,-20
122900053,47,27,20
122900055,281,122,159
122900057,229,42,187
122900061,407,148,259
122900062,522,518,4
122900063,161,228,-67
122900064,790,641,149
122900065,518,201,317
122900066,666,269,397
122900067,999,628,371
122900069,294,1074,-780
122900070,422,55,367
122900071,326,930,-604
122900073,3,38,-35
122900074,757,483,274
122900076,8,141,-133
122900077,3,120,-117
122900078,207,49,158
122900080,121,39,82
122900081,145,197,-52
122900082,884,268,616
122900083,138,210,-72
122900084,19,161,-142
122900086,90,1309,-1219
122900087,270,534,-264
122900088,46,213,-167
122900089,52,382,-330
122900090,25,703,-678
122900091,355,2,353
122900092,0,90,-90
122900093,0,155,-155
122900094,1,150,-149
122900095,187,13,174
122900096,329,117,212
122900097,33,26,7
122900098,66,154,-88
122900099,77,19,58
122900100,151,300,-149
122900101,554,291,263
122900102,16,30,-14
122900103,162,8,154
122900104,303,7,296
122900105,24,12,12
122900106,32,61,-29
122900107,0,68,-68
122900108,11,319,-308
122900109,250,82,168
123000001,1010,452,558
123000002,2742,4732,-1990
123000003,3772,4042,-270
123000004,3016,3847,-831
123000005,2530,2800,-270
123000006,1930,2064,-134
123000007,3980,2447,1533
123000008,2755,2736,19
123000009,4165,2511,1654
123000010,2919,3058,-139
123000011,2021,769,1252
123000012,740,2049,-1309
123000013,3188,939,2249
123000014,826,2836,-2010
123000015,2406,928,1478
123000016,3411,3233,178
123000017,3669,1886,1783
123000018,113,89,24
123000019,446,193,253
123000020,234,52,182
123000021,179,164,15
123000022,395,1437,-1042
123000023,1727,1842,-115
123000024,1737,706,1031
123000025,281,117,164
123000026,71,88,-17
123000027,108,713,-605
123000028,1180,1578,-398
123000029,589,1718,-1129
123000030,254,211,43
123000031,388,199,189
123000032,546,120,426
123000033,272,75,197
123000034,1060,665,395
123000035,434,418,16
123000036,355,924,-569
123000037,307,257,50
123000038,51,262,-211
123000039,468,1523,-1055
123000040,694,307,387
123000041,1030,1115,-85
123000042,801,669,132
123000043,2418,9566,-7148
123000044,3876,2273,1603
123000045,5380,2686,2694
123000046,580,1418,-838
123000047,1505,1172,333
123000048,65,891,-826
123000049,5686,8661,-2975
123000050,1478,1423,55
123000051,166,174,-8
123000052,794,3238,-2444
123000053,2723,3038,-315
123000054,1762,1401,361
123000055,1445,2369,-924
123000056,1294,1794,-500
123000057,8027,6233,1794
123000058,692,1045,-353
123000059,410,486,-76
123000060,935,405,530
123000061,332,694,-362
123000063,795,874,-79
123000064,1044,388,656
123000065,6020,2414,3606
123000066,703,582,121
123000067,1082,625,457
123000068,2478,2436,42
123000069,5501,2925,2576
123000070,296,684,-388
123000071,1191,808,383
123000072,1049,917,132
123000073,1433,747,686
123000074,1097,1042,55
123000075,369,1105,-736
123000076,842,614,228
123000077,2074,2124,-50
123000078,1780,1473,307
123000079,1682,1586,96
123000080,2113,1524,589
123000081,170,313,-143
123000082,335,1386,-1051
123000083,973,318,655
123000084,737,473,264
123000085,338,63,275
123000086,572,150,422
123000087,339,237,102
123000088,1204,676,528
123000089,566,1023,-457
123000090,986,804,182
123000091,1445,1243,202
123000092,1077,1114,-37
123000094,513,262,251
123000095,520,552,-32
123000096,790,363,427
123000097,565,730,-165
123000098,895,563,332
123000099,642,569,73
123000100,436,708,-272
123000101,482,610,-128
123000102,610,698,-88
123000104,402,475,-73
123000105,486,511,-25
123000106,542,505,37
123000107,415,582,-167
123000108,721,1309,-588
123000111,853,330,523
123000112,1279,487,792
123000113,501,941,-440
123000114,388,612,-224
123000115,324,293,31
123000116,63,134,-71
123000117,1573,1570,3
123000118,450,688,-238
123000119,239,705,-466
123000120,316,672,-356
123000121,562,488,74
123000122,300,213,87
123000123,497,549,-52
123000124,425,406,19
123000125,1216,1423,-207
123000126,1213,3747,-2534
123000127,696,640,56
123000128,300,312,-12
123000129,797,220,577
123000130,600,85,515
123000131,825,697,128
123000132,375,639,-264
123000133,271,371,-100
123000134,388,143,245
123000135,2283,1002,1281
123000136,175,570,-395
123000137,103,204,-101
123000138,111,342,-231
123000139,668,101,567
123000140,124,600,-476
123000141,797,109,688
123000142,1137,984,153
123000143,1066,1788,-722
123000144,15,20,-5
123000145,237,125,112
123000146,13,71,-58
123000147,92,109,-17
123000149,380,401,-21
123000150,182,289,-107
123000151,247,509,-262
123000152,58,345,-287
123000153,168,670,-502
123000154,1507,1867,-360
123000155,1873,1087,786
123000156,36,144,-108
123000157,609,772,-163
123000158,546,753,-207
123000159,3225,2705,520
123000160,1035,759,276
123000161,1621,1055,566
123000162,938,1508,-570
123000163,544,104,440
123000164,1383,310,1073
123000165,424,1228,-804
123000166,39,127,-88
123000167,181,296,-115
123000168,292,198,94
123000169,697,130,567
123000170,105,127,-22
123000171,786,19,767
123000172,189,386,-197
123000173,616,304,312
123000174,1002,377,625
123000175,572,929,-357
123000176,938,223,715
123000177,285,708,-423
123000178,827,135,692
123000179,60,497,-437
123000180,1523,333,1190
123000181,312,1157,-845
123000182,220,267,-47
123000183,200,563,-363
123000184,108,337,-229
123000185,761,367,394
123000186,6,406,-400
123000187,533,9,524
123000188,193,0,193
123000189,185,148,37
123000190,91,79,12
123000192,10,391,-381
123000193,79,707,-628
123000194,438,328,110
123000195,304,48,256
123000196,341,48,293
123000197,78,106,-28
123000198,23,557,-534
123000199,10,563,-553
123000200,575,3,572
123000201,1056,31,1025
123000202,7,861,-854
123000203,941,57,884
123000204,87,906,-819
123000205,491,1219,-728
123000206,2218,269,1949
123000207,98,669,-571
123000208,540,217,323
123000209,2164,676,1488
123000210,434,1547,-1113
123000211,574,1751,-1177
123000212,2707,453,2254
123000213,642,90,552
123000215,111,191,-80
123000216,132,600,-468
123000217,210,55,155
123000218,50,561,-511
123000219,588,61,527
123000220,500,111,389
123000221,196,84,112
123000222,334,267,67
123000223,296,195,101
123000224,392,306,86
123000225,400,55,345
123000226,91,269,-178
123000227,82,293,-211
123000228,282,48,234
123000229,769,1151,-382
123000232,96,434,-338
123000233,734,151,583
123000234,143,513,-370
123000235,1156,263,893
123000236,240,615,-375
123000237,266,79,187
123000238,57,368,-311
123000239,440,1013,-573
123000240,47,453,-406
123000241,398,91,307
123000242,98,144,-46
123000243,643,692,-49
123000244,703,624,79
123000245,43,133,-90
123000249,312,429,-117
123000252,837,304,533
123000253,1186,531,655
123000254,522,765,-243
123000255,1069,791,278
123000256,39,216,-177
123000257,2084,1515,569
123000258,836,697,139
123000259,336,332,4
123000260,493,332,161
123000261,201,83,118
123000262,117,147,-30
123000263,429,92,337
123000264,230,82,148
123000265,55,133,-78
123000266,657,582,75
123000267,568,325,243
123000268,72,87,-15
123000269,60,86,-26
123000270,46,68,-22
123000271,88,56,32
123000272,751,312,439
123000273,385,649,-264
123000274,1210,547,663
123000275,299,728,-429
123000278,2202,2231,-29
123000279,147,96,51
123000280,278,318,-40
123000281,270,108,162
123000282,101,303,-202
123000283,137,52,85
123000284,89,73,16
123000286,227,407,-180
123000287,557,279,278
123000288,1614,921,693
123000289,425,1084,-659
123000291,268,870,-602
123000294,240,272,-32
123000295,893,803,90
123000296,575,365,210
123000297,705,505,200
123000298,748,437,311
123000299,85,205,-120
123000300,838,792,46
123000301,120,191,-71
123000302,154,169,-15
123000303,102,295,-193
123000305,830,802,28
123000306,144,130,14
123000309,50,41,9
123000310,45,45,0
123000311,0,70,-70
123000312,463,563,-100
123000313,491,333,158
123000315,265,294,-29
123000316,798,276,522
123000317,204,79,125
123000318,47,162,-115
123000329,5,18,-13
123000337,879,402,477
123000338,329,125,204
123000339,251,57,194
123000340,129,342,-213
123000342,26,112,-86
123000343,37,8,29
123000344,963,483,480
123000345,355,746,-391
123000346,486,59,427
123000352,1104,809,295
123000353,34,119,-85
123000354,222,5,217
123000355,1,223,-222
123000356,449,3,446
123000357,3,96,-93
123000359,0,119,-119
123000360,207,96,111
123000361,154,292,-138
123000362,344,78,266
123000363,77,163,-86
123000364,558,489,69
123000365,20,312,-292
123000366,398,1831,-1433
123000367,268,737,-469
123000370,26,382,-356
123000371,778,21,757
123000372,322,21,301
123000373,13,295,-282
123000374,20,170,-150
123000375,353,50,303
123000376,1057,727,330
123000377,283,22,261
123000378,11,238,-227
123000379,4,162,-158
123000380,60,337,-277
123000381,164,77,87
123000382,825,119,706
123000383,145,1165,-1020
123000384,382,143,239
123000385,171,474,-303
123000436,29,811,-782
123000507,137,190,-53
123000508,203,892,-689
123000517,298,52,246
123000518,32,248,-216
123000519,134,76,58
123000520,61,221,-160
123000521,381,107,274
123000522,130,346,-216
123000541,39,6,33
123000542,0,8,-8
123000565,947,59,888
123000566,333,522,-189
123000567,104,165,-61
123000573,38,648,-610
123000574,816,72,744
123000575,1245,952,293
123000576,907,1126,-219
123000577,61,539,-478
123000578,438,67,371
123000579,1723,4534,-2811
123000580,127,34,93
123000582,424,34,390
123000583,20,229,-209
123000584,160,323,-163
123000585,0,76,-76
123000586,67,0,67
123000596,124,79,45
123000597,57,138,-81
123000602,91,13,78
123000603,840,524,316
123000604,606,536,70
123000605,701,26,675
123000606,1,333,-332
123000609,11,310,-299
123000610,194,128,66
123000613,42,171,-129
123000614,232,34,198
123000615,58,143,-85
123000616,658,45,613
123000617,125,228,-103
123000618,84,479,-395
123000619,446,41,405
123000620,17,341,-324
123000622,387,11,376
123000624,175,84,91
123000630,1350,483,867
123000631,232,812,-580
123000632,733,668,65
123000633,1,273,-272
123000634,81,152,-71
123000635,119,118,1
123000636,49,540,-491
123000637,175,28,147
123000638,531,40,491
123000639,828,4071,-3243
123000640,25,497,-472
123000648,483,95,388
123000649,52,371,-319
123900001,1025,72,953
123900002,58,1158,-1100
123900003,179,420,-241
123900005,196,208,-12
123900006,286,44,242
124000001,1699,175,1524
124000002,50,1220,-1170
124000003,937,163,774
124000004,89,447,-358
124000005,1087,519,568
124000006,173,835,-662
124000007,474,96,378
124000008,7,395,-388
124000009,724,181,543
124000010,201,357,-156
124000011,830,254,576
124000012,223,418,-195
124000017,234,140,94
124000018,99,49,50
124000019,149,109,40
124000020,51,150,-99
124000021,134,93,41
124000022,104,179,-75
124000023,1069,1289,-220
124000024,986,431,555
124000025,1010,1527,-517
124000026,990,874,116
124000027,4003,4381,-378
124000028,1846,3393,-1547
124000030,2041,1268,773
124000031,1600,3228,-1628
124000032,2188,879,1309
124000033,998,566,432
124000034,697,878,-181
124000035,371,209,162
124000036,182,535,-353
124000037,338,1162,-824
124000038,36,116,-80
124000039,650,456,194
124000040,414,1147,-733
124000041,441,68,373
124000042,134,433,-299
124000043,111,87,24
124000044,83,159,-76
124000045,733,486,247
124000046,296,574,-278
124000047,1732,838,894
124000048,887,1012,-125
124000049,1686,549,1137
124000050,881,1360,-479
124000051,963,465,498
124000052,777,671,106
124000053,559,1487,-928
124000054,901,408,493
124000055,1347,2546,-1199
124000056,1869,1018,851
124000057,1180,528,652
124000058,440,962,-522
124000059,744,1174,-430
124000060,886,523,363
124000061,1490,5671,-4181
124000062,4291,1532,2759
124000063,1218,1248,-30
124000064,1653,1077,576
124000065,121,461,-340
124000066,258,98,160
124000067,185,121,64
124000068,99,105,-6
124000069,620,147,473
124000070,286,423,-137
124000071,371,109,262
124000072,188,467,-279
124000073,839,169,670
124000074,247,588,-341
124000075,372,21,351
124000076,9,155,-146
124000077,1133,847,286
124000078,1849,1631,218
124000079,315,1490,-1175
124000080,511,151,360
124000081,200,447,-247
124000082,128,144,-16
124000083,99,96,3
124000084,74,471,-397
124000085,66,56,10
124000086,47,114,-67
124000087,197,105,92
124000088,211,463,-252
124000089,810,273,537
124000090,185,322,-137
124000091,549,121,428
124000092,163,615,-452
124000093,150,84,66
124000094,108,476,-368
124000095,112,103,9
124000096,165,201,-36
124000097,178,189,-11
124000098,63,135,-72
124000099,290,110,180
124000100,48,110,-62
124000101,77,96,-19
124000102,126,52,74
124000103,154,116,38
124000104,129,47,82
124000105,101,94,7
124000106,167,50,117
124000107,22,199,-177
124000108,55,19,36
124000109,170,111,59
124000110,225,109,116
124000111,242,115,127
124000112,647,517,130
124000113,129,131,-2
124000114,277,362,-85
124000115,369,578,-209
124000116,128,222,-94
124000117,73,81,-8
124000118,38,100,-62
124000119,875,453,422
124000120,526,432,94
124000121,2120,882,1238
124000122,552,1229,-677
124000123,918,523,395
124000124,473,953,-480
124000125,379,448,-69
124000126,333,570,-237
124000127,807,332,475
124000128,559,698,-139
124000129,1995,1508,487
124000130,815,500,315
124000131,853,606,247
124000132,779,625,154
124000133,883,781,102
124000134,870,595,275
124000135,1581,1574,7
124000136,760,795,-35
124000137,969,910,59
124000138,1028,1078,-50
124000139,833,92,741
124000140,62,490,-428
124000141,868,45,823
124000142,55,460,-405
124000143,134,12,122
124000144,8,154,-146
124000145,150,39,111
124000146,61,95,-34
124000148,13,103,-90
124000149,1058,461,597
124000150,274,621,-347
124000151,942,445,497
124000152,832,1140,-308
124000153,767,753,14
124000154,329,704,-375
124000155,1515,897,618
124000156,1467,1015,452
124000169,219,426,-207
124000170,448,397,51
124000171,260,215,45
124000172,255,383,-128
124000173,498,193,305
124000174,368,506,-138
124000175,5,88,-83
124000176,53,10,43
124000177,8,34,-26
124000178,94,49,45
124000185,43,9,34
124000186,5,40,-35
124000187,2,67,-65
124000188,61,8,53
124000190,91,57,34
124000191,102,243,-141
124000192,984,339,645
124000193,234,768,-534
124000194,410,353,57
124000195,339,579,-240
124000196,878,826,52
124000197,49,61,-12
124000198,48,45,3
124000201,263,661,-398
124000202,521,247,274
124000203,485,360,125
124000204,833,278,555
124000205,85,281,-196
124000206,680,256,424
124000207,1,32,-31
124000209,223,295,-72
124000210,550,190,360
124000211,678,3,675
124000212,0,238,-238
124000213,477,168,309
124000214,405,418,-13
124000215,330,26,304
124000216,0,287,-287
124000329,139,1039,-900
124000338,137,566,-429
124000339,1179,116,1063
124000341,1551,92,1459
124000344,72,18,54
124000357,952,2015,-1063
124000358,832,1482,-650
124000359,952,704,248
124000360,739,437,302
124000361,1405,806,599
124000362,954,1306,-352
124000363,257,299,-42
124000364,495,708,-213
124000365,515,937,-422
124000366,1388,751,637
124000367,105,443,-338
124000368,402,430,-28
124000369,161,72,89
124000370,61,398,-337
124000402,26,14,12
124000403,153,18,135
124000404,23,75,-52
124000405,1040,825,215
124000406,769,678,91
124000407,2,40,-38
124000411,10,280,-270
124000412,511,10,501
124000413,165,25,140
124000414,89,100,-11
124000415,59,105,-46
124000416,185,182,3
124000417,179,134,45
124000418,210,73,137
124000419,124,100,24
124000420,107,61,46
124000421,44,103,-59
124000422,28,22,6
124000423,94,28,66
124000424,7,95,-88
124000425,203,15,188
124000426,9,171,-162
124000427,265,17,248
124000428,4,73,-69
124000429,69,51,18
124000430,684,364,320
124000431,278,378,-100
124000432,262,641,-379
124000439,12,15,-3
124000443,0,6,-6
124000445,266,1197,-931
124000446,1101,329,772
124000447,22,167,-145
124000448,68,9,59
124000449,144,9,135
124000450,23,112,-89
124000451,2,85,-83
124900001,680,350,330
124900002,171,252,-81
124900003,1155,559,596
124900004,758,280,478
124900005,279,82,197
124900006,766,298,468
124900008,901,532,369
124900009,142,296,-154
124900010,207,107,100
124900011,539,266,273
124900012,458,112,346
124900013,557,119,438
124900014,290,79,211
124900015,143,329,-186
124900016,80,75,5
124900017,505,1523,-1018
124900018,95,9,86
124900020,79,39,40
124900021,296,51,245
124900022,67,9,58
124900024,299,6,293
124900026,138,44,94
124900027,139,423,-284
124900028,356,85,271
124900029,24,452,-428
124900030,6,81,-75
124900031,39,196,-157
124900032,161,239,-78
124900033,93,229,-136
124900034,3,110,-107
124900035,165,364,-199
124900036,3,55,-52
124900037,229,207,22
124900038,197,219,-22
124900039,7,76,-69
124900040,118,68,50
124900041,262,786,-524
124900042,61,3,58
124900043,614,698,-84
124900044,103,7,96
124900045,474,1049,-575
124900047,147,143,4
124900048,287,95,192
124900050,146,170,-24
124900052,96,322,-226
124900053,107,266,-159
124900054,1234,447,787
124900055,1,164,-163
124900057,10,50,-40
124900060,76,204,-128
124900061,93,8,85
124900062,220,28,192
124900066,0,14,-14
124900067,9,115,-106
124900068,252,492,-240
124900070,38,30,8
124900072,119,31,88
124900075,251,204,47
124900076,24,1224,-1200
124900077,22,97,-75
124900078,84,22,62
124900079,377,160,217
124900080,262,435,-173
124900081,1163,312,851
124900082,343,638,-295
124900083,239,380,-141
124900085,755,627,128
124900086,57,1310,-1253
124900087,555,94,461
124900088,464,84,380
124900089,1095,23,1072
124900090,298,177,121
124900091,245,254,-9
124900092,217,180,37
124900093,363,147,216
124900094,405,240,165
124900095,86,466,-380
124900096,470,214,256
124900097,450,80,370
124900098,140,242,-102
124900099,439,426,13
124900100,294,54,240
124900101,98,362,-264
124900102,262,21,241
124900103,139,148,-9
124900104,91,142,-51
124900105,177,106,71
124900106,389,36,353
124900107,143,13,130
124900108,156,71,85
124900111,1,126,-125
124900112,76,408,-332
124900113,99,333,-234
124900114,143,214,-71
124900115,74,38,36
124900116,211,196,15
124900117,270,183,87
124900118,130,409,-279
124900119,398,185,213
124900120,52,301,-249
124900121,99,439,-340
124900122,259,215,44
124900123,256,121,135
124900124,170,345,-175
204000001,131,6,125
204000002,25,10,15
204000003,24,4,20
204000004,9,3,6
204000005,680,545,135
204000006,1174,1216,-42
204000011,10,43,-33
204000012,68,113,-45
204000019,633,478,155
204000020,701,523,178
204000021,1422,795,627
204000022,536,478,58
204000023,555,556,-1
204000031,89,19,70
204000032,393,33,360
204000034,50,138,-88
204000035,0,6,-6
204000036,4,24,-20
204000037,1,26,-25
204000038,3,9,-6
204000039,1,11,-10
204000040,9,27,-18
204000041,13,23,-10
204000042,31,10,21
204000043,51,6,45
204000044,36,2,34
204000045,54,3,51
204000046,21,4,17
204000057,5,9,-4
204000062,31,50,-19
204000068,28,215,-187
204000069,67,384,-317
204000070,96,107,-11
204000080,73,81,-8
204000085,1709,1161,548
204000086,1975,1405,570
204000087,46,15,31
204000088,4,98,-94
204000090,79,231,-152
204000093,355,100,255
204000096,938,945,-7
204000097,415,36,379
204000099,941,1521,-580
204000100,1223,1687,-464
204000105,1888,1054,834
204000110,484,910,-426
204000111,521,522,-1
204000112,614,535,79
204000113,384,593,-209
204000114,612,659,-47
204000115,530,313,217
204000116,835,556,279
204000119,1895,2421,-526
204000132,749,400,349
204000133,963,276,687
204000134,221,97,124
204000135,671,100,571
204000136,741,243,498
204000138,431,511,-80
204000140,298,193,105
204000141,201,72,129
204000144,7,19,-12
204000145,489,32,457
204000146,19,299,-280
204000147,45,178,-133
204000148,405,29,376
204000154,19,1,18
204000155,1,5,-4
204000177,75,51,24
204000179,51,9,42
204000180,0,40,-40
204000222,0,5,-5
204000235,15,12,3
204000236,48,208,-160
204000238,19,24,-5
204000240,314,90,224
204000263,637,870,-233
204000268,946,723,223
204000308,117,25,92
204000317,22,61,-39
204000322,7,27,-20
204000323,14,5,9
204000328,218,92,126
204000329,70,146,-76
204000330,241,68,173
204000331,84,120,-36
205000001,714,1379,-665
205000013,9,61,-52
205000014,16,108,-92
205000015,33,189,-156
205000016,34,130,-96
205000017,23,79,-56
205000022,275,721,-446
205000025,1051,955,96
205000029,218,7,211
205000045,146,441,-295
205000046,141,558,-417
205000047,59,405,-346
205000048,311,788,-477
205000049,175,628,-453
205000050,603,281,322
205000059,0,158,-158
205000060,0,95,-95
205000061,2,87,-85
205000062,1,101,-100
205000063,26,127,-101
205000064,22,87,-65
205000065,49,441,-392
205000066,87,502,-415
205000067,33,616,-583
205000069,258,22,236
205000082,158,127,31
205000110,85,257,-172
205000111,221,207,14
205000112,168,216,-48
205000113,173,350,-177
205000121,212,34,178
205000123,38,226,-188
205000126,453,89,364
205000127,813,98,715
205000128,432,48,384
205000129,691,41,650
205000130,132,16,116
205000131,94,2,92
205000132,127,2,125
205000133,73,0,73
205000134,256,0,256
205000137,77,122,-45
205000138,135,245,-110
205000139,20,115,-95
205000144,87,71,16
205000145,229,145,84
205000151,137,21,116
205000152,274,10,264
205000153,237,17,220
205000154,57,31,26
205000155,98,5,93
205000207,19,155,-136
205000233,27,1,26
205000234,0,0,0
205000243,1,0,1
205000244,0,3,-3
205000245,14,121,-107
205000249,0,18,-18
205000250,4,1,3
205000264,4,93,-89
206000027,5,4,1
206000028,1,7,-6
206000043,9,40,-31
206000053,4,8,-4
206000054,2,18,-16
206000055,0,17,-17
206000075,5,34,-29
206000076,30,25,5
206000077,25,11,14
206000078,24,10,14
206000079,16,8,8
206000082,492,55,437
206000100,33,389,-356
206000103,4,7,-3
206000104,11,12,-1
206000105,6,11,-5
206000106,4,8,-4
206000125,59,0,59
206000157,32,464,-432
206000170,0,119,-119
206000171,5,132,-127
206000172,13,205,-192
206000173,0,114,-114
206000174,5,52,-47
206000175,3,62,-59
206000176,13,105,-92
206000177,0,94,-94
206000178,3,165,-162
206000179,5,100,-95
206000180,11,163,-152
206000181,3,97,-94
206000182,5,112,-107
206000183,17,308,-291
206000184,6,208,-202
206000185,8,78,-70
206000186,81,575,-494
206000223,2,190,-188
206000226,13,1,12
206000227,12,0,12
206000237,29,188,-159
206000238,32,360,-328
206000239,186,1241,-1055
206000240,1,64,-63
206000241,1,59,-58
206000242,8,150,-142
206000243,4,132,-128
206000244,44,329,-285
206000245,821,64,757
206000246,245,12,233
206000247,231,14,217
206000248,447,17,430
206000252,41,44,-3
206000258,18,74,-56
206000315,40,5,35
206000317,584,96,488
206000318,608,83,525
206000319,1514,113,1401
206000320,185,34,151
206000321,224,11,213
206000322,563,8,555
206000323,158,8,150
206000324,155,14,141
206000325,238,30,208
206000326,205,8,197
206000327,181,8,173
206000328,172,12,160
206000329,254,6,248
206000330,54,7,47
206000331,239,3,236
206000332,53,2,51
206000333,644,3,641
206000334,326,17,309
206000335,0,16,-16
206000361,3,138,-135
206000392,1,11,-10
206000405,182,1,181
206000441,36,16,20
206000498,35,4,31
206000515,81,38,43
206000530,320,66,254
206000531,253,203,50
206000532,1869,269,1600
206000535,159,1408,-1249
206000536,16,127,-111
206000537,11,126,-115
206000613,1617,264,1353
206000784,504,26,478
207000001,122,525,-403
207000002,104,298,-194
207000003,149,129,20
207000007,1061,254,807
207000008,141,13,128
207000009,54,55,-1
207000010,352,323,29
207000012,369,233,136
207000015,201,880,-679
207000019,229,73,156
207000021,477,153,324
207000022,151,94,57
207000023,195,44,151
207000024,6,22,-16
207000025,19,68,-49
207000026,88,46,42
207000027,30,79,-49
207000028,39,167,-128
207000029,266,363,-97
207000033,182,380,-198
207000034,239,81,158
207000039,430,117,313
207000040,417,102,315
207000041,75,30,45
207000042,182,55,127
207000043,231,160,71
207000051,124,200,-76
207000052,31,106,-75
207000053,399,381,18
207000054,42,70,-28
207000055,188,93,95
207000056,262,311,-49
207000057,117,245,-128
207000058,162,227,-65
207000059,110,300,-190
207000060,62,120,-58
207000061,201,538,-337
207000062,304,37,267
207000063,371,111,260
207000064,342,109,233
207000065,330,198,132
207000066,266,171,95
207000067,60,90,-30
207000068,152,61,91
207000069,679,311,368
207000082,8,166,-158
207000083,68,208,-140
207000084,218,275,-57
207000085,227,14,213
207000086,213,8,205
207000106,95,41,54
207000107,92,32,60
207000108,78,13,65
207000109,68,18,50
207000110,65,114,-49
207000111,70,80,-10
207000112,215,609,-394
207000114,21,41,-20
207000115,26,56,-30
207000116,23,358,-335
207000117,10,78,-68
207000118,9,45,-36
207000119,30,57,-27
207000123,152,48,104
207000124,70,20,50
207000125,54,55,-1
207000126,63,78,-15
207000134,94,132,-38
207000135,17,162,-145
207000148,74,298,-224
207000149,70,38,32
207000152,123,337,-214
207000153,679,1061,-382
207000154,319,138,181
207000159,172,114,58
207000160,165,258,-93
207000238,1,215,-214
207000242,3,174,-171
207000248,43,25,18
207000249,94,28,66
207000250,585,75,510
207000251,115,79,36
207000252,79,44,35
207000278,73,76,-3
207000279,22,101,-79
207000280,639,73,566
207000281,143,570,-427
207000282,154,104,50
207000283,69,216,-147
207000284,37,206,-169
207000285,94,77,17
207000291,14,82,-68
207000304,113,57,56
207000306,86,331,-245
207000310,74,70,4
207000353,234,4,230
207000356,16,27,-11
207000357,2,27,-25
207000358,2,27,-25
207000415,8,204,-196
207000417,66,4,62
207000418,107,122,-15
207000438,0,1,-1
207000439,686,581,105
207000446,123,11,112
207000460,34,8,26
207000466,162,121,41
207000467,223,111,112
207000468,45,215,-170
207000476,13,46,-33
207000477,655,70,585
207000478,0,42,-42
207000523,0,17,-17
207000524,66,0,66
207000527,147,137,10
207000530,458,6,452
207000531,323,10,313
207000532,105,20,85
207000534,348,68,280
207000535,19,285,-266
207000537,342,121,221
207000540,11,177,-166
207000541,5,330,-325
207000548,31,204,-173
207000549,474,17,457
207000561,172,162,10
207000562,30,161,-131
207000567,154,186,-32
207000568,219,56,163
207000569,404,454,-50
207000584,266,154,112
207000585,51,405,-354
207000587,172,21,151
207000616,0,86,-86
207000617,183,0,183
207000624,84,38,46
207000631,4,88,-84
207900008,221,87,134
208000001,499,1127,-628
208000002,746,577,169
208000003,1258,394,864
208000004,1329,799,530
208000005,6,24,-18
208000019,628,849,-221
208000020,223,425,-202
208000021,266,296,-30
208000022,1159,491,668
208000028,922,1010,-88
208000033,609,617,-8
208000034,1131,1201,-70
208000037,234,13,221
208000040,170,147,23
208000041,685,566,119
208000042,1146,580,566
208000047,170,182,-12
208000064,2049,1538,511
208000066,1325,2368,-1043
208000070,405,320,85
208000071,391,612,-221
208000072,364,930,-566
208000080,335,386,-51
208000081,390,127,263
208000082,298,236,62
208000083,142,373,-231
208000084,9,23,-14
208000085,915,546,369
208000086,451,945,-494
208000087,339,661,-322
208000089,1135,285,850
208000090,1008,529,479
208000093,111,194,-83
208000094,968,348,620
208000095,701,414,287
208000104,870,695,175
208000105,677,884,-207
208000114,101,301,-200
208000115,464,315,149
208000116,574,954,-380
208000117,121,182,-61
208000118,91,136,-45
208000155,520,964,-444
208000158,1406,3418,-2012
208000186,2995,3961,-966
208000204,677,979,-302
208000205,1298,842,456
208000282,4291,2888,1403
209000004,457,176,281
209000005,68,42,26
209000006,404,155,249
209000007,233,286,-53
209000010,383,117,266
209000011,135,186,-51
209000012,315,120,195
209000013,208,215,-7
209000014,350,699,-349
209000025,370,43,327
209000026,625,100,525
209000027,338,501,-163
209000028,266,479,-213
209000029,414,507,-93
209000030,322,823,-501
209000031,1752,1402,350
209000034,232,280,-48
209000035,164,250,-86
209000036,285,147,138
209000037,374,212,162
209000038,197,183,14
209000039,89,191,-102
209000040,248,391,-143
209000041,168,438,-270
209000042,280,335,-55
209000043,599,851,-252
209000044,220,916,-696
209000045,1172,356,816
209000046,541,414,127
209000047,436,165,271
209000048,468,299,169
209000049,94,77,17
209000050,168,114,54
209000051,255,208,47
209000052,136,190,-54
209000062,88,66,22
209000063,66,60,6
209000064,40,56,-16
209000065,134,38,96
209000066,105,38,67
209000067,122,51,71
209000080,35,163,-128
209000082,80,47,33
209000091,24,90,-66
209000093,44,27,17
209000094,174,163,11
209000110,57,137,-80
209000111,557,1315,-758
209000112,917,597,320
209000113,1616,559,1057
209000114,664,490,174
209000115,73,76,-3
209000116,502,284,218
209000118,21,45,-24
209000119,18,12,6
209000121,137,343,-206
209000135,82,180,-98
209000142,595,1423,-828
209000143,66,60,6
209000144,34,93,-59
209000229,289,135,154
209000240,37,225,-188
209000259,64,98,-34
209000260,32,652,-620
209000261,5,374,-369
209000262,1,290,-289
209000263,0,138,-138
209000264,0,134,-134
209000265,393,11,382
209000266,109,3,106
209000267,928,4,924
209000268,557,46,511
210000037,73,32,41
210000047,86,23,63
210000048,108,26,82
210000049,86,4,82
210000052,62,49,13
210000053,23,27,-4
210000054,42,63,-21
210000070,156,7,149
210000071,222,3,219
210000072,89,0,89
210000073,0,46,-46
210000074,0,145,-145
210000075,5,123,-118
210000076,9,154,-145
210000077,18,40,-22
210000078,33,41,-8
210000079,32,28,4
210000080,103,87,16
210000081,153,19,134
210000082,114,4,110
210000083,66,2,64
210000084,79,1,78
210000085,0,86,-86
210000086,4,94,-90
210000099,25,236,-211
210000100,52,149,-97
210000101,72,168,-96
210000105,39,180,-141
210000159,2,147,-145
210000163,95,204,-109
210000164,325,255,70
210000168,138,38,100
210000187,0,25,-25
210000188,1,15,-14
210000214,17,0,17
210000219,46,57,-11
210000220,127,58,69
210000232,6,19,-13
210000233,33,44,-11
210000234,21,85,-64
210000235,46,49,-3
210000245,0,40,-40
210000246,23,3,20
210000258,19,84,-65
210000259,356,75,281
210000282,82,237,-155
210000285,5,101,-96
210000286,19,113,-94
210000290,6,9,-3
210000295,29,113,-84
210000296,38,29,9
210000320,195,75,120
210000321,147,64,83
210000338,46,50,-4
210000339,326,1178,-852
210000340,143,367,-224
210000341,226,272,-46
210000342,228,214,14
210000343,179,159,20
210000344,153,88,65
210000345,141,175,-34
210000346,86,95,-9
210000347,47,37,10
210000348,96,30,66
210000349,63,29,34
210000350,149,77,72
210000351,181,94,87
210000352,84,72,12
210000353,50,106,-56
210000354,131,91,40
210000355,41,63,-22
210000356,39,80,-41
210000357,60,86,-26
210000358,291,160,131
210000359,117,119,-2
210000360,148,134,14
210000361,167,178,-11
210000362,239,231,8
210000363,865,362,503
210000364,137,169,-32
210000365,172,87,85
210000366,167,65,102
210000367,114,36,78
210000368,170,37,133
210000369,18,74,-56
210000370,47,44,3
210000372,23,28,-5
210000373,21,12,9
210000374,58,93,-35
210000375,52,61,-9
210000376,78,113,-35
210000404,71,122,-51
210000439,26,44,-18
210000472,96,7,89
210000482,98,108,-10
210000564,337,336,1
210000567,2,35,-33
210000568,346,1,345
211000092,91,48,43
211000094,37,6,31
211000169,236,11,225
211000172,7,292,-285
211000209,2,21,-19
211000226,16,29,-13
211000270,30,18,12
211000275,14,17,-3
211000276,93,32,61
211000279,8,25,-17
211000281,76,33,43
211000302,33,50,-17
211507980,3,48,-45
211977296,42,5,37
212000003,162,56,106
212000004,27,37,-10
212000005,20,45,-25
212000006,37,58,-21
212000008,233,144,89
212000009,39,97,-58
212000012,91,73,18
212000013,44,50,-6
212000014,243,122,121
212000015,307,249,58
212000016,498,458,40
212000027,569,390,179
212000028,331,422,-91
212000029,257,250,7
212000030,61,36,25
212000031,68,49,19
212000048,48,130,-82
212000049,19,109,-90
212000050,18,11,7
212000051,199,144,55
212000052,201,191,10
212000053,381,365,16
212000054,287,118,169
212000055,275,185,90
212000056,27,37,-10
212000057,20,24,-4
212000058,214,58,156
212000070,109,161,-52
212000077,148,423,-275
212000099,273,259,14
212000108,152,203,-51
212000111,192,87,105
212000120,108,74,34
212000138,138,22,116
212000156,5,78,-73
212000158,17,15,2
212000159,549,58,491
212000160,655,232,423
212000161,83,3,80
212000310,42,16,26
212000311,23,60,-37
212000374,30,25,5
213000001,30,287,-257
213000005,358,146,212
213000006,907,348,559
213000007,111,10,101
213000009,735,497,238
213000010,224,264,-40
213000011,174,110,64
213000012,142,245,-103
213000014,103,19,84
213000015,352,12,340
213000016,540,2,538
213000017,68,0,68
213000018,1,150,-149
213000019,3,155,-152
213000020,93,262,-169
213000021,6,114,-108
213000023,375,251,124
213000033,391,1396,-1005
213000034,797,268,529
213000035,115,184,-69
213000045,202,239,-37
213000046,228,159,69
213000047,638,1267,-629
213000056,162,36,126
213000069,101,4,97
213000073,1,70,-69
213000074,67,299,-232
213000075,610,16,594
213000076,31,2,29
213000085,7,31,-24
213000086,21,96,-75
213000091,232,27,205
213000092,88,14,74
213000099,194,1133,-939
213000100,1088,311,777
213000101,419,113,306
213000102,577,200,377
213000103,840,701,139
213000104,53,314,-261
213000105,6,214,-208
213000106,56,104,-48
213000107,161,377,-216
213000108,42,337,-295
213000109,8,174,-166
213000110,11,43,-32
213000111,9,91,-82
213000112,114,119,-5
213000115,98,8,90
213000116,35,324,-289
213000117,5,523,-518
213000118,406,240,166
213000119,37,437,-400
213000120,108,412,-304
213000122,126,420,-294
213000123,290,826,-536
213000124,105,903,-798
213000125,175,21,154
213000126,61,123,-62
213000127,124,212,-88
213000128,427,1047,-620
213000129,310,718,-408
213000130,629,327,302
213000132,401,112,289
213000133,570,128,442
213000134,906,32,874
213000136,563,32,531
213000137,655,113,542
213000139,324,18,306
213000147,56,21,35
213000148,18,20,-2
213000149,35,4,31
213000150,0,138,-138
213000151,0,116,-116
213000152,6,63,-57
213000153,4,117,-113
213000154,40,175,-135
213000155,18,218,-200
213000156,73,339,-266
213000157,484,332,152
213000158,355,735,-380
213000159,590,539,51
213000163,1001,125,876
213000165,926,342,584
213000171,2,71,-69
213000172,2,169,-167
213000173,4,133,-129
213000174,8,113,-105
213000175,15,59,-44
213000176,44,46,-2
213000177,59,3,56
213000178,170,4,166
213000179,249,2,247
213000180,232,2,230
213000184,68,354,-286
213000188,309,117,192
213000189,396,48,348
213000190,734,635,99
213000191,299,332,-33
213000192,265,209,56
213000193,705,253,452
213000194,2,55,-53
213000195,17,282,-265
213000196,240,1093,-853
213000197,450,472,-22
213000198,42,0,42
213000200,140,659,-519
213000201,68,46,22
213000202,19,476,-457
213000203,2795,647,2148
213000204,806,57,749
213000205,277,86,191
213000206,408,40,368
213000207,135,3,132
213000208,88,1,87
213000209,156,2,154
213000210,310,3,307
213000211,4,22,-18
213000212,23,35,-12
213000213,18,45,-27
213000218,216,369,-153
213000219,496,16,480
213000220,401,16,385
213000223,177,282,-105
213000224,65,57,8
213000225,91,10,81
213000226,79,12,67
213000227,940,227,713
213000228,502,216,286
213000229,159,44,115
213000230,619,27,592
213000232,59,993,-934
213000233,17,67,-50
213000234,6,44,-38
213000293,13,79,-66
213000294,148,34,114
213000295,16,84,-68
213000296,50,18,32
213000297,9,87,-78
213000298,17,63,-46
213000299,38,38,0
213000300,19,5,14
213000303,7,28,-21
213000304,1,14,-13
213000305,7,15,-8
213000306,30,27,3
213000307,108,67,41
213000308,79,174,-95
213000309,135,78,57
213000310,333,230,103
213000311,223,799,-576
213000315,94,80,14
213000316,185,54,131
213000322,80,83,-3
213000323,145,66,79
213000324,64,17,47
213000325,29,44,-15
213000326,0,12,-12
213000327,9,19,-10
213000328,15,90,-75
213000329,104,16,88
213000340,166,425,-259
213000341,710,122,588
213000346,303,267,36
213000347,595,500,95
213000348,21,112,-91
213000349,49,17,32
213000350,315,758,-443
213000366,102,251,-149
213000367,263,28,235
213000379,123,63,60
213000386,8,268,-260
213000406,96,368,-272
213000417,1284,472,812
213000425,164,32,132
213000426,182,50,132
213000427,39,161,-122
213000428,51,160,-109
213000429,18,3,15
213000430,116,476,-360
213000431,78,1,77
213000432,6,58,-52
213000433,13,90,-77
213000434,86,89,-3
213000435,126,65,61
213000436,39,43,-4
213000437,0,4,-4
213000438,148,33,115
213000439,32,9,23
213000440,2,227,-225
213000441,3,1,2
213000442,2,31,-29
213000443,369,325,44
213000444,71,25,46
213000445,1,67,-66
213000446,0,51,-51
213000447,0,47,-47
213000448,7,172,-165
213000449,370,9,361
213000450,17,35,-18
213000451,235,70,165
213000452,19,8,11
213000453,41,191,-150
213000455,529,6,523
213000456,0,420,-420
213000481,8,6,2
213000482,54,2,52
213000489,281,50,231
213000491,2,198,-196
213000492,248,16,232
213000493,0,100,-100
213000494,269,113,156
213000495,0,87,-87
213000496,379,142,237
213000497,32,234,-202
213000498,156,134,22
213000499,196,423,-227
213000500,518,80,438
213000501,111,50,61
213000502,172,127,45
213000503,1,52,-51
213000504,20,82,-62
213000505,14,7,7
213000506,0,16,-16
213000507,4,82,-78
213900244,112,0,112
213900245,0,11,-11
218000003,32,37,-5
218000004,48,32,16
218000005,183,63,120
218000006,68,22,46
218000007,18,12,6
218000012,133,145,-12
218000013,91,124,-33
218000014,342,409,-67
218000019,770,585,185
218000020,290,358,-68
218000021,6,11,-5
218000022,9,5,4
218000023,3,4,-1
218000024,1,6,-5
218000025,4,5,-1
218000026,0,8,-8
218000027,0,2,-2
218000028,0,3,-3
218000029,1,1,0
218000030,4,7,-3
218000031,0,8,-8
218000032,0,5,-5
218000040,5,2,3
218000046,46,87,-41
218000047,17,145,-128
218000048,48,123,-75
218000049,83,85,-2
218000050,264,200,64
218000051,71,217,-146
218000052,2,97,-95
218000053,14,9,5
218000054,12,66,-54
218000055,6,22,-16
218000056,26,39,-13
218000057,2,28,-26
218000064,2,18,-16
218000065,72,42,30
218000066,5,45,-40
218000067,48,61,-13
218000068,116,69,47
218000069,235,174,61
218000070,155,264,-109
218000071,194,199,-5
218000072,261,204,57
218000078,958,542,416
218000079,118,47,71
218000080,135,51,84
218000081,412,180,232
218000082,36,94,-58
218000083,113,52,61
218000084,185,77,108
218000085,205,240,-35
218000086,108,103,5
218000087,178,90,88
218000090,16,119,-103
218000091,893,500,393
218000092,96,140,-44
218000093,85,45,40
218000094,463,558,-95
218000099,262,644,-382
218000100,294,254,40
218000101,272,177,95
218000102,462,237,225
218000103,78,116,-38
218000104,87,31,56
218000105,48,19,29
218000106,17,8,9
218000107,57,49,8
218000108,6,30,-24
218000112,47,33,14
218000117,66,36,30
218000134,549,407,142
218000135,27,77,-50
218000136,169,115,54
218000137,215,124,91
218000138,26,96,-70
218000139,176,233,-57
218000140,429,244,185
218000141,79,46,33
218000142,230,129,101
218000143,131,315,-184
218000144,68,78,-10
218000145,417,235,182
218000146,82,184,-102
218000151,23,18,5
218000152,86,42,44
218000153,0,0,0
218000154,0,0,0
218000155,0,0,0
218000156,0,0,0
218000157,0,0,0
218000158,0,0,0
218000159,0,0,0
218000160,0,0,0
218000161,0,0,0
218000162,0,0,0
218000163,0,0,0
218000164,0,0,0
218000165,0,0,0
218000170,15,44,-29
218000171,29,4,25
218000172,18,4,14
218000173,32,9,23
218000174,29,3,26
218000176,172,36,136
218000177,238,140,98
218000178,53,139,-86
218000179,93,67,26
218000180,59,22,37
218000181,147,30,117
218000187,4,22,-18
218000188,35,33,2
218000189,27,57,-30
218000190,30,16,14
218000191,147,52,95
218000192,180,155,25
218000193,402,280,122
218000194,139,201,-62
218000195,112,52,60
218000196,273,184,89
218000197,319,220,99
218000198,31,114,-83
218000199,50,30,20
218000200,99,30,69
218000201,19,8,11
218000202,76,251,-175
218000207,24,40,-16
218000208,25,47,-22
218000211,45,12,33
218000212,4,0,4
218000213,91,88,3
218000214,10,14,-4
218000215,27,45,-18
218000217,2,81,-79
218000218,115,43,72
218000219,11,8,3
218000220,69,277,-208
218000221,435,111,324
218000222,5,43,-38
218000223,17,260,-243
218000224,5,70,-65
218000225,117,12,105
218000226,110,48,62
218000230,0,0,0
218000232,41,41,0
218000239,162,17,145
218000240,20,8,12
218000241,33,5,28
218000242,111,11,100
218000243,68,8,60
218000244,51,8,43
218000245,24,0,24
218000246,1,0,1
218000247,1,1,0
218000248,0,18,-18
218000249,1,11,-10
218000250,0,4,-4
218000251,9,27,-18
218000252,5,59,-54
218000253,20,74,-54
218000254,1,32,-31
218000255,2,25,-23
218000256,12,103,-91
218000267,411,925,-514
218000268,16,45,-29
218000269,2,27,-25
218000270,99,31,68
218000271,15,32,-17
218000273,17,6,11
218000274,12,2,10
218000275,29,68,-39
218000276,5,52,-47
218000278,16,56,-40
218000279,128,50,78
218000280,14,42,-28
218000281,15,29,-14
218000282,537,513,24
218000284,65,4,61
218000301,86,99,-13
218000302,105,44,61
218000303,24,70,-46
218000316,622,901,-279
218000317,1072,822,250
218000318,746,519,227
218000319,1095,716,379
218000320,973,541,432
218000338,49,21,28
218000345,96,80,16
218000346,45,114,-69
218000459,31,226,-195
218000490,28,37,-9
218000501,120,101,19
218000502,45,63,-18
218000503,97,29,68
218000504,211,45,166
218000505,46,159,-113
218000506,25,246,-221
218000508,1,10,-9
218000510,210,29,181
218000520,142,91,51
218000521,13,39,-26
218000522,1,82,-81
218000523,98,7,91
218000524,37,285,-248
218000525,117,9,108
218000526,40,165,-125
218000529,36,171,-135
218000530,0,0,0
218000531,16,25,-9
218000532,23,20,3
218000534,152,13,139
218000537,39,59,-20
218000538,115,211,-96
218000540,144,87,57
218000543,144,39,105
218000544,22,57,-35
218000545,61,54,7
218000546,52,63,-11
218000547,79,178,-99
218000548,106,117,-11
218000549,367,445,-78
218000550,194,282,-88
218000551,128,890,-762
218000552,291,47,244
218000553,65,110,-45
218000554,30,31,-1
218000555,36,74,-38
218000556,204,194,10
218000557,254,183,71
218000558,50,0,50
218000559,0,46,-46
218000560,0,34,-34
218000561,23,0,23
218000562,31,144,-113
218000563,180,16,164
218000564,10,126,-116
218000565,158,24,134
218000566,369,28,341
218000567,3,79,-76
218000568,40,7,33
218000569,12,229,-217
218000570,201,10,191
218000571,19,114,-95
218000572,154,0,154
218000573,27,228,-201
218000574,175,29,146
218000575,136,2,134
218000576,4,77,-73
218000577,81,3,78
218000578,3,72,-69
218000579,42,14,28
218000581,2,37,-35
218000582,32,1,31
218000583,3,0,3
218000584,0,12,-12
218000585,72,3,69
218000586,12,31,-19
218000587,2,0,2
218000588,5,1,4
218000589,2,4,-2
218000590,6,1,5
218000591,1,5,-4
218000592,5,0,5
218000593,7,4,3
218000594,1,1,0
218000596,0,0,0
218000597,2,0,2
218000598,0,0,0
218000599,0,0,0
218000600,4,0,4
218000601,0,0,0
218000602,0,7,-7
218000603,0,5,-5
218000604,5,0,5
218000605,0,44,-44
218000606,76,2,74
218000607,14,22,-8
218000608,48,30,18
218000609,2,29,-27
218000610,81,4,77
218000611,24,2,22
218000612,2,15,-13
218000613,33,2,31
218000614,0,22,-22
218000615,284,0,284
218000616,3,80,-77
218000617,15,1,14
218000618,7,12,-5
218000619,12,6,6
218000620,9,15,-6
218000621,0,2,-2
218000622,1,46,-45
218000623,88,0,88
218000624,1,112,-111
218000625,15,1,14
218000626,0,4,-4
218000628,171,55,116
218000631,46,13,33
218000632,3,91,-88
218000633,107,3,104
218000634,20,35,-15
218000635,8,6,2
218000636,845,818,27
218000637,912,409,503
218000638,194,27,167
218000639,21,122,-101
218000640,255,17,238
218000641,98,235,-137
218000652,32,59,-27
218000653,133,32,101
218000663,21,240,-219
218000675,95,60,35
218000676,1,0,1
218000677,0,0,0
218000680,225,311,-86
218000681,386,198,188
218000691,180,127,53
218000693,238,156,82
218000703,1,8,-7
218000718,223,1141,-918
218000719,442,661,-219
218000720,19,199,-180
218000721,139,27,112
218000725,0,0,0
218001147,4,94,-90
218001214,8,63,-55
218001258,258,5,253
218001329,160,123,37
218001330,110,84,26
218001351,31,16,15
218001352,26,24,2
218001353,21,11,10
218001354,5,39,-34
218001355,9,174,-165
218001356,312,23,289
218001357,38,116,-78
218001358,246,23,223
218001361,285,16,269
218001362,0,95,-95
219000001,85,18,67
219000002,41,54,-13
219000003,64,33,31
219000004,50,60,-10
219000017,94,72,22
219000020,169,133,36
219000022,175,12,163
219000023,238,16,222
219000029,0,80,-80
219000034,42,22,20
219000039,49,147,-98
219000040,52,120,-68
219000041,136,38,98
219000051,0,5,-5
219000052,0,24,-24
219000053,0,75,-75
219000054,16,80,-64
219000055,242,2,240
219000056,3,2,1
219000057,50,1,49
219000062,20,37,-17
219000063,83,4,79
219000064,2,70,-68
219000110,331,178,153
219000111,119,118,1
219000112,200,73,127
219000113,215,113,102
219000114,224,184,40
219000116,108,60,48
219000117,244,59,185
219000118,391,53,338
219000123,217,76,141
219000124,104,70,34
219000125,19,12,7
219000126,57,93,-36
219000127,0,0,0
219000128,1,134,-133
219000129,19,143,-124
219000130,372,476,-104
219000131,651,944,-293
219000133,44,59,-15
219000134,28,23,5
219000135,56,74,-18
219000136,135,193,-58
219000138,89,17,72
219000139,45,69,-24
219000140,71,12,59
219000141,29,110,-81
219000142,14,42,-28
219000143,17,106,-89
219000145,35,72,-37
219000146,3,35,-32
219000147,4,18,-14
219000148,3,14,-11
219000149,5,91,-86
219000150,3,38,-35
219000151,2,20,-18
219000157,240,109,131
219000158,235,228,7
219000161,98,9,89
219000163,1131,459,672
219000166,115,164,-49
219000167,122,181,-59
219000168,279,114,165
219000174,468,205,263
219000175,78,10,68
219000176,112,17,95
219000177,44,3,41
219000178,36,3,33
219000179,16,6,10
219000180,48,27,21
219000182,170,25,145
219000183,93,19,74
219000184,170,12,158
219000185,2,27,-25
219000186,84,21,63
219000187,34,86,-52
219000189,70,180,-110
219000190,90,253,-163
219000191,776,1338,-562
219000192,171,208,-37
219000193,153,179,-26
219000195,0,48,-48
219000196,8,83,-75
219000198,19,103,-84
219000199,62,273,-211
219000200,38,220,-182
219000201,77,236,-159
219000203,30,152,-122
219000204,127,327,-200
219000205,90,206,-116
219000207,183,271,-88
219000209,46,58,-12
219000210,36,81,-45
219000213,22,77,-55
219000239,178,204,-26
219000240,227,348,-121
219000241,113,142,-29
219000242,61,100,-39
219000243,115,195,-80
219000244,17,51,-34
219000245,30,67,-37
219000246,51,47,4
219000247,200,30,170
219000248,438,465,-27
219000249,153,147,6
219000250,134,91,43
219000251,501,275,226
219000252,251,184,67
219000253,542,134,408
219000255,154,118,36
219000256,216,67,149
219000257,122,0,122
219000262,98,142,-44
219000263,69,185,-116
219000267,4,81,-77
219000268,1,4,-3
219000269,3,0,3
219000270,10,0,10
219000271,163,4,159
219000278,14,6,8
219000279,19,0,19
219000283,0,16,-16
219000295,9,90,-81
219000296,65,316,-251
219000297,22,100,-78
219000298,43,95,-52
219000299,499,98,401
219000300,26,171,-145
219000301,283,315,-32
219000302,41,195,-154
219000307,27,30,-3
219000308,67,79,-12
219000311,192,77,115
219000312,658,149,509
219000313,466,54,412
219000314,64,338,-274
219000315,335,70,265
219000316,545,54,491
219000317,160,9,151
219000320,0,80,-80
219000321,2,20,-18
219000323,1,42,-41
219000325,4,15,-11
219000326,92,82,10
219000327,73,21,52
219000328,42,45,-3
219000329,221,146,75
219000330,40,33,7
219000331,78,44,34
219000332,125,109,16
219000333,23,7,16
219000335,73,4,69
219000337,14,0,14
219000338,89,2,87
219000344,26,57,-31
219000345,62,62,0
219000346,47,120,-73
219000348,148,62,86
219000349,57,140,-83
219000350,78,353,-275
219000351,4,16,-12
219000352,171,139,32
219000353,104,62,42
219000354,193,95,98
219000355,135,71,64
219000356,837,1496,-659
219000363,198,62,136
219000364,99,42,57
219000365,115,27,88
219000366,207,395,-188
219000368,329,592,-263
219000370,847,551,296
219000371,16,24,-8
219000382,19,19,0
219000383,465,1086,-621
219000385,467,387,80
219000386,661,1408,-747
219000387,4,14,-10
219000390,6,2,4
219000391,3,0,3
219000397,52,91,-39
219000398,83,65,18
219000401,5,80,-75
219000402,53,113,-60
219000403,179,351,-172
219000404,30,120,-90
219000407,3,40,-37
219000409,40,33,7
219000410,189,55,134
219000411,63,14,49
219000446,133,345,-212
219000447,0,34,-34
219000448,52,9,43
219000452,130,95,35
219000453,62,155,-93
219000454,157,338,-181
219000556,332,138,194
219000558,190,156,34
219000590,30,117,-87
219000591,110,135,-25
219000592,97,276,-179
219000595,3,18,-15
219000635,297,58,239
219000636,38,126,-88
219000657,22,30,-8
219000658,24,107,-83
219000673,0,13,-13
219000676,36,5,31
219000679,30,13,17
219000684,111,0,111
219000685,0,0,0
219000686,2,1,1
219000688,0,59,-59
219000689,14,197,-183
219000690,133,15,118
219000691,34,190,-156
219000692,204,16,188
219000693,0,10,-10
219000694,4,0,4
219000695,20,2,18
219000698,15,0,15
219000699,0,20,-20
219000727,3,148,-145
219000728,89,2,87
219000770,92,1,91
219000771,7,50,-43
219000788,321,195,126
219001150,0,28,-28
219001151,118,32,86
219001166,68,31,37
219001167,7,80,-73
219001178,68,1,67
220000001,38,78,-40
220000002,16,84,-68
220000003,289,233,56
220000004,332,347,-15
220000005,859,1312,-453
220000006,180,651,-471
220000007,442,360,82
220000008,305,639,-334
220000009,248,319,-71
220000010,139,74,65
220000011,391,2202,-1811
220000012,97,186,-89
220000014,120,37,83
220000015,65,259,-194
220000017,69,189,-120
220000018,3644,1452,2192
220000019,81,298,-217
220000020,447,262,185
220000021,743,217,526
220000022,944,398,546
220000023,445,161,284
220000024,1556,405,1151
220000025,625,1020,-395
220000026,290,383,-93
220000027,20,115,-95
220000028,51,64,-13
220000029,39,84,-45
220000030,84,89,-5
220000031,443,403,40
220000064,15,782,-767
221000046,3,0,3
221000047,0,1,-1
221000048,0,2,-2
221000049,0,3,-3
221000050,30,0,30
221000055,38,52,-14
221000057,87,7,80
221000068,297,164,133
221000069,327,67,260
221000070,178,25,153
221000071,104,7,97
221000072,240,13,227
221000073,203,34,169
221000074,1,25,-24
221000075,16,24,-8
221000076,10,25,-15
221000077,23,69,-46
221000081,10,10,0
221000082,103,3,100
221000083,37,0,37
221000084,8,6,2
221000085,18,51,-33
221000086,19,105,-86
221000087,4,124,-120
221000088,17,184,-167
221000089,50,226,-176
221000090,140,468,-328
221000098,100,11,89
221000099,188,11,177
221000100,150,2,148
221000101,245,33,212
221000102,153,22,131
221000109,3,81,-78
221000110,12,70,-58
221000111,19,210,-191
221000112,6,154,-148
221000113,18,123,-105
221000114,8,139,-131
221000120,45,32,13
221000121,3,36,-33
221000122,66,32,34
221000123,9,26,-17
221000124,22,127,-105
221000155,72,17,55
221000156,68,24,44
221000175,8,8,0
221000176,6,1,5
221000182,56,8,48
221000241,619,355,264
221000242,142,448,-306
221000243,486,292,194
221000244,297,490,-193
221000245,116,92,24
221000246,72,278,-206
221000247,96,105,-9
221000248,173,166,7
221000267,50,497,-447
221000325,167,51,116
221000331,17,41,-24
221000338,21,22,-1
221000378,163,35,128
221000381,47,52,-5
222000282,8,4,4
222000296,2,17,-15
222000568,257,22,235
222000569,172,35,137
222000570,107,21,86
222000571,313,14,299
222000577,11,105,-94
222000578,30,100,-70
222000579,26,103,-77
222000580,61,647,-586
222000599,0,86,-86
222000600,3,263,-260
222000601,3,646,-643
222000603,18,39,-21
222000604,2,43,-41
222000605,13,29,-16
222000606,2,10,-8
222000607,1,4,-3
222000608,37,16,21
222000609,41,129,-88
222000616,344,18,326
222000617,9,18,-9
222000618,14,14,0
222000620,22,12,10
222000621,34,15,19
222000623,457,6,451
222000624,326,4,322
222000625,523,12,511
222000636,45,4,41
222000686,45,8,37
222000687,32,33,-1
222001066,243,2,241
222001067,23,2,21
222001068,56,17,39
222001069,46,29,17
222001082,19,30,-11
222001083,25,29,-4
222001084,0,40,-40
222001085,3,90,-87
222001111,24,114,-90
222001112,150,35,115
222001313,18,1,17
222001314,6,102,-96
222001464,154,37,117
222001465,37,116,-79
222001484,133,27,106
222001485,31,47,-16
222001494,407,109,298
222001495,66,165,-99
222001496,333,60,273
222001497,97,267,-170
222001502,13,66,-53
222001503,94,30,64
222001504,23,225,-202
222001505,321,13,308
222001506,35,322,-287
222001507,235,21,214
222001510,444,11,433
222001511,42,227,-185
222001514,498,147,351
222001515,205,354,-149
222001518,290,54,236
222001519,60,151,-91
222001527,147,55,92
222001528,36,143,-107
222001529,239,61,178
222001530,54,172,-118
222001533,96,188,-92
222001534,230,62,168
222001535,243,232,11
222001536,66,176,-110
222001537,258,37,221
222001538,114,310,-196
222001563,729,81,648
222001564,64,363,-299
222001568,341,132,209
222001576,0,5,-5
222001579,0,11,-11
222001583,25,107,-82
222001584,88,16,72
222001596,471,924,-453
222001597,1487,321,1166
222001626,0,108,-108
222001650,80,117,-37
222001651,76,264,-188
222001914,173,60,113
222001915,56,196,-140
222001968,501,310,191
222001969,466,519,-53
222001970,165,178,-13
222001971,27,10,17
222001972,0,20,-20
225000001,404,175,229
225000002,558,184,374
225000003,655,89,566
225000004,397,189,208
225000005,50,72,-22
225000006,1,196,-195
225000007,1152,989,163
225000010,299,7,292
225000011,304,762,-458
225000012,238,460,-222
225000013,74,91,-17
225000014,590,74,516
225000015,103,125,-22
225000021,797,159,638
225000027,149,364,-215
225000032,632,69,563
225000042,58,452,-394
225000049,26,47,-21
225000050,106,11,95
225000053,6,261,-255
225000058,626,164,462
225000067,207,117,90
225000068,82,240,-158
225000069,129,366,-237
225000070,92,307,-215
225000071,33,105,-72
225000075,22,488,-466
225000076,53,101,-48
225000078,72,57,15
225000085,88,131,-43
225000086,308,63,245
225000087,216,16,200
225000088,7,183,-176
225000089,182,857,-675
225000090,24,402,-378
225000091,188,118,70
225000092,43,65,-22
225000093,248,259,-11
225000094,14,208,-194
225000095,281,290,-9
225000096,256,339,-83
225000098,758,273,485
225000099,339,137,202
225000100,369,148,221
225000104,89,289,-200
225000110,7,305,-298
225000111,210,689,-479
225000112,233,825,-592
225000113,119,515,-396
225000114,38,225,-187
225000115,1048,526,522
225000116,947,221,726
225000117,629,223,406
225000118,966,166,800
225000119,212,62,150
225000120,523,33,490
225000121,225,42,183
225000123,499,25,474
225000125,386,186,200
225000126,686,159,527
225000127,724,1227,-503
225000128,512,773,-261
225000132,314,23,291
225000133,191,15,176
225000134,684,156,528
225000135,46,6,40
225000136,337,11,326
225000137,235,44,191
225000138,376,77,299
225000143,43,213,-170
225000144,6,273,-267
225000145,37,29,8
225000146,57,71,-14
225000147,34,207,-173
225000148,6,124,-118
225000149,78,315,-237
225000151,52,128,-76
225000155,389,332,57
225000156,154,659,-505
225000157,193,291,-98
225000158,45,157,-112
225000171,10,166,-156
225000180,28,5,23
225000181,0,51,-51
225000182,53,4,49
225000185,1,318,-317
225000187,43,261,-218
225000191,75,1,74
225000194,0,14,-14
225000208,2,31,-29
225000209,88,11,77
225000210,9,211,-202
225000217,0,16,-16
225000218,12,3,9
225000223,0,53,-53
225000224,49,0,49
225000225,1,37,-36
225000226,54,4,50
225000227,42,78,-36
225000228,16,7,9
225000229,0,84,-84
225000230,50,2,48
225000231,0,55,-55
225000232,128,0,128
225000241,90,1,89
225000242,2,39,-37
225000249,17,15,2
225000250,45,571,-526
225000251,346,26,320
226000042,202,330,-128
226000043,49,187,-138
226000044,134,378,-244
226000045,50,224,-174
226000046,394,99,295
226000047,418,86,332
226000048,361,100,261
226000049,258,198,60
226000070,0,46,-46
226000071,0,64,-64
226000072,0,16,-16
226000073,0,12,-12
226000074,0,4,-4
226000084,4,33,-29
226000085,1,9,-8
226000086,2,9,-7
226000087,0,16,-16
226000088,9,7,2
226000090,142,162,-20
226000091,7,48,-41
226000092,7,13,-6
226000093,24,4,20
226000094,8,2,6
226000095,20,2,18
226000105,38,0,38
226000106,6,0,6
226000107,14,0,14
226000108,29,0,29
226000109,69,0,69
226000124,83,53,30
226000134,710,400,310
226000135,1295,461,834
226000136,604,348,256
226000137,12,280,-268
226000138,17,182,-165
226000139,0,22,-22
226000156,193,5,188
226000157,192,9,183
226000163,122,77,45
226000202,7,193,-186
226000231,516,21,495
226000232,35,3,32
227000033,391,69,322
227000036,354,29,325
227000037,290,28,262
227000038,217,32,185
227000049,0,29,-29
227000050,1,61,-60
227000055,53,2,51
227000056,45,1,44
227000084,0,71,-71
227000085,2,55,-53
227000088,55,7,48
227000089,90,2,88
227000090,40,4,36
227000091,11,5,6
227000093,134,3,131
227000094,12,0,12
227000130,61,88,-27
227000131,13,157,-144
227000132,11,131,-120
227000133,12,129,-117
227000134,20,195,-175
227000152,0,3,-3
227000153,0,61,-61
227000155,3,25,-22
227000156,0,20,-20
227000165,5,33,-28
227000196,295,138,157
227000199,358,286,72
227000230,6,290,-284
227000232,390,20,370
227000242,71,340,-269
227000243,420,95,325
227000245,26,281,-255
227000246,80,339,-259
227000247,411,67,344
227000248,201,38,163
227000249,36,173,-137
227000250,439,168,271
227000251,89,219,-130
227000252,11,206,-195
227000253,202,21,181
227000262,481,46,435
227000266,1057,27,1030
227000267,33,1106,-1073
227000282,4,113,-109
227000284,491,18,473
227000286,10,58,-48
227000287,18,60,-42
227000291,8,337,-329
227000484,244,17,227
227000485,12,725,-713
227000655,163,5,158
227000656,557,41,516
227000657,97,12,85
227000661,310,33,277
227000680,129,62,67
229000265,14,27,-13
229000296,4,17,-13
229000297,4,29,-25
229000298,2,111,-109
229000320,5,6,-1
229000321,11,3,8
229000412,6,26,-20
229000414,8,46,-38
229000415,10,1,9
229000416,3,5,-2
229000417,12,10,2
229000419,64,218,-154
229000440,280,57,223
229000442,11,4,7
229000443,1,1,0
229000444,1,18,-17
229000445,43,4,39
229000446,46,6,40
229000491,0,4,-4
229000492,0,3,-3
229000493,1,5,-4
229000494,0,0,0
229000495,0,0,0
229000496,0,0,0
229000507,0,19,-19
229000508,0,9,-9
229000509,0,10,-10
229000510,1,3,-2
229000511,1,5,-4
229000512,0,0,0
229000513,0,0,0
229000514,0,0,0
229000517,0,2,-2
229000518,2,3,-1
229000519,0,1,-1
229000520,0,5,-5
229000521,0,0,0
229000522,0,0,0
229000523,0,0,0
229000524,0,0,0
229000527,0,0,0
229000528,0,0,0
229000529,0,0,0
229000530,0,0,0
229000531,0,0,0
229000532,0,0,0
229000533,0,0,0
229000534,0,0,0
229000564,0,0,0
229000565,0,0,0
229000566,0,3,-3
229000567,0,3,-3
229000582,0,0,0
229000583,0,0,0
229000584,0,8,-8
229000585,1,4,-3
229000718,0,0,0
229000719,0,1,-1
229000720,0,2,-2
229000721,0,1,-1
229000722,0,0,0
229000723,0,1,-1
229000724,0,1,-1
229000725,0,1,-1
229000738,0,0,0
229000739,0,0,0
229000740,0,0,0
229000741,1,0,1
229000742,0,0,0
229000743,1,0,1
229000744,0,0,0
229000745,0,0,0
229000746,7,0,7
229000847,56,0,56
229000848,20,0,20
229000849,95,0,95
229000851,30,0,30
229000854,0,36,-36
229000856,0,71,-71
229000857,0,43,-43
229000858,0,29,-29
229000919,20,103,-83
229000930,6,264,-258
229000937,135,15,120
229000966,61,28,33
229000981,30,13,17
229000985,29,24,5
229000986,5,4,1
229000987,0,1,-1
229000988,1,1,0
229000989,10,5,5
229000990,0,1,-1
229000991,1,0,1
229000992,9,0,9
229000993,80,11,69
229000998,23,53,-30
229000999,57,7,50
229001034,0,14,-14
229001035,7,2,5
229001037,22,9,13
229001042,12,8,4
229001047,7,36,-29
229001050,28,43,-15
229001168,0,7,-7
229001200,11,1,10
229001338,5,9,-4
229001394,263,3,260
229001422,115,20,95
229001423,26,120,-94
229001431,62,67,-5
229001432,42,59,-17
229001444,150,28,122
229001445,30,133,-103
229001479,0,0,0
229001503,232,108,124
229001504,147,143,4
229001505,190,52,138
229001506,58,121,-63
229001509,25,23,2
229001545,117,2,115
229001546,10,56,-46
229001553,110,21,89
229001554,50,70,-20
229001559,5,2,3
229001560,2,23,-21
229001630,45,3,42
229001631,5,23,-18
229001635,0,7,-7
229001636,7,2,5
229001658,3,113,-110
229001659,42,3,39
229001660,36,0,36
229001661,11,18,-7
229001662,14,0,14
229001663,0,10,-10
229002584,104,95,9
229002831,108,116,-8
229002841,11,8,3
229002842,6,11,-5
229002843,52,6,46
229002844,40,28,12
229002845,23,64,-41
229002846,22,9,13
229002847,6,3,3
229002848,9,2,7
229002849,3,49,-46
229002850,12,1,11
229002851,22,97,-75
229002852,135,20,115
229002853,98,16,82
229002854,33,31,2
229002855,7,39,-32
229002856,32,6,26
229002857,10,99,-89
229002858,12,8,4
229002859,12,46,-34
229002860,147,16,131
229002861,25,11,14
229002862,30,18,12
229002863,24,18,6
229002864,20,21,-1
229002865,22,11,11
229002866,16,16,0
229002867,4,14,-10
229002868,8,11,-3
229002869,36,103,-67
229002870,43,14,29
235000066,303,96,207
235000067,112,103,9
235000072,19,72,-53
235000073,81,299,-218
235000074,45,63,-18
235000080,11,73,-62
235000081,93,113,-20
235000082,299,41,258
235000083,175,92,83
235000084,48,81,-33
235000085,155,76,79
235000089,20,42,-22
235000092,43,164,-121
235000093,9,4,5
235000097,1,8,-7
235000098,71,21,50
235000099,21,28,-7
235000116,83,18,65
235000117,571,14,557
235000133,6,416,-410
235000134,6,161,-155
235000206,6,3,3
235000207,4,1,3
235000208,4,2,2
235000209,29,1,28
235000210,4,3,1
235000212,10,24,-14
235000213,1,10,-9
235000220,20,1,19
235000221,42,18,24
235000238,9,106,-97
235000239,1,28,-27
235000242,245,708,-463
235000245,785,158,627
235000246,11,57,-46
235000284,10,148,-138
235000295,135,10,125
235000305,248,16,232
235000306,226,4,222
235000307,8,1,7
235000308,15,3,12
235000309,63,0,63
235000310,22,0,22
235000311,69,10,59
235000322,0,22,-22
235000323,0,38,-38
235000324,0,18,-18
235000325,0,11,-11
235000326,7,130,-123
235000351,6,68,-62
235000352,10,17,-7
235000353,10,14,-4
235000354,7,14,-7
235000355,9,42,-33
235000356,107,5,102
235000357,37,8,29
235000358,189,7,182
235000359,31,7,24
235000360,49,24,25
235000361,63,10,53
235000381,123,162,-39
235000382,153,30,123
235000390,17,5,12
235000391,138,13,125
235000392,171,348,-177
235000393,88,176,-88
235000395,122,25,97
235000396,433,66,367
235000400,59,106,-47
235000401,19,134,-115
235000405,93,204,-111
235000406,94,212,-118
235000407,91,73,18
235000409,183,101,82
235000410,65,163,-98
235000411,1,61,-60
235000485,0,8,-8
235000486,8,0,8
235000549,83,61,22
235000550,135,148,-13
235000599,124,52,72
235000600,7,12,-5
235000601,7,25,-18
235000602,66,54,12
235000614,3,2,1
235000648,0,14,-14
235000649,49,3,46
235000685,0,4,-4
235000815,22,40,-18
235000834,0,8,-8
235000855,60,59,1
235000862,60,108,-48
235000891,0,3,-3
235000892,8,14,-6
235000901,81,89,-8
235000907,5,13,-8
235001010,81,47,34
235001029,405,291,114
235001030,302,303,-1
235001078,63,157,-94
235001079,93,75,18
235001147,32,41,-9
235001166,10,44,-34
235001167,51,89,-38
235001169,25,264,-239
235001188,0,6,-6
235001189,5,0,5
235001197,7,20,-13
235001200,58,60,-2
235001207,492,42,450
235001210,127,140,-13
235001215,41,143,-102
235001239,0,45,-45
235001244,0,5,-5
235016267,0,55,-55
277101746,0,0,0
277102712,0,0,0
277103813,0,0,0
277103814,0,0,0
277103898,0,1,-1
277104249,0,1,-1
277104250,0,9,-9
277104251,0,3,-3
277104252,0,1,-1
990011530,0,130,-130
990014944,1,357,-356
990015176,48,3,45
990015618,0,28,-28
990016032,0,197,-197
990032570,0,31,-31
990070001,62,3,59
990070103,0,2,-2
990070601,1,37,-36
990070751,849,0,849
990070766,0,313,-313
990071180,394,208,186
990071343,29,2,27
990071387,4,19,-15
990071823,375,5,370
990072600,3,817,-814
990072964,0,258,-258
990073285,0,6,-6
990074393,1,465,-464
990074870,1440,11,1429
990075106,1248,7,1241
990075746,550,15,535
990076437,1303,5,1298
990076458,0,393,-393
997000007,569,10,559
997000041,2,178,-176
997000058,62,0,62
997000062,42,14,28
997000069,0,6,-6
997000070,0,17,-17
997000100,22,0,22
997000141,2,779,-777
997000198,161,832,-671
998000475,1,30,-29
998000736,0,114,-114
998000965,0,9,-9
998001031,0,78,-78
998001700,0,0,0
998001899,0,5,-5
998001900,5,1,4
998003073,830,2,828
998101900,0,0,0
998102850,2,186,-184
998501927,913,802,111
998501929,163,6,157
998501930,46,0,46
998501931,131,4,127
998501932,12,2,10
998501933,47,1,46
998501937,18,1,17
998501944,16,1,15
998501950,0,10,-10
998501970,65,2,63
998501971,0,80,-80
998501973,1,30,-29
998501974,0,160,-160
998501975,86,2,84
998501976,194,32,162
998501977,0,16,-16
998501978,11,0,11
998501979,0,7,-7
998501980,48,0,48
998501981,52,0,52
998501982,0,85,-85
998501983,2,1,1
998502006,0,0,0
998502024,0,5,-5
998502032,0,1,-1
998502062,17,0,17
998502063,0,0,0
998502173,36,0,36
998502269,0,2,-2
998502546,0,137,-137
998502578,3,11,-8
998502599,56,295,-239
998502621,0,3,-3
998601159,0,93,-93
998601292,0,15,-15
999033574,1,233,-232
999800001,32,1,31
999800002,0,6,-6
999800003,1,0,1
999800004,0,2,-2
999800005,0,23,-23
