ID,insum,outsum,diff
100000001,946,922,24
100000002,5090,7002,-1912
100000003,4609,7081,-2472
100000004,369,1577,-1208
100000005,2704,5474,-2770
100000006,545,415,130
100000007,2982,994,1988
100000008,134,705,-571
100000009,501,549,-48
100000010,56,146,-90
100000011,484,132,352
100000012,40,702,-662
100000013,141,270,-129
100000014,245,643,-398
100000015,1645,2346,-701
100000016,466,2035,-1569
100000017,537,1706,-1169
100000018,885,886,-1
100000019,3601,2864,737
100000020,1557,6957,-5400
100000021,5122,2047,3075
100000022,857,4231,-3374
100000023,4035,1901,2134
100000025,468,2563,-2095
100000028,447,1928,-1481
100000029,50,754,-704
100000030,61,74,-13
100000031,2272,7632,-5360
100000032,2009,4428,-2419
100000033,1170,3706,-2536
100000034,158,1715,-1557
100000035,846,1886,-1040
100000036,790,2171,-1381
100000037,768,514,254
100000038,2725,1344,1381
100000039,281,327,-46
100000040,484,229,255
100000041,1555,714,841
100000042,1101,487,614
100000043,748,436,312
100000044,208,874,-666
100000045,279,772,-493
100000046,338,637,-299
100000047,204,341,-137
100000048,244,640,-396
100000049,1541,1023,518
100000051,459,524,-65
100000053,98,7,91
100000054,337,28,309
100000055,518,302,216
100000056,348,915,-567
100000057,2022,690,1332
100000058,582,841,-259
100000059,18,180,-162
100000060,647,286,361
100000061,2097,521,1576
100000062,1420,640,780
100000063,1021,339,682
100000064,1255,690,565
100000065,241,794,-553
100000066,191,547,-356
100000067,196,643,-447
100000068,362,1229,-867
100000069,383,1117,-734
100000072,180,358,-178
100000073,909,687,222
100000075,759,172,587
100000076,1400,6062,-4662
100000077,66,671,-605
100000078,9,49,-40
100000079,41,112,-71
100000080,11,64,-53
100000081,43,244,-201
100000102,3927,8295,-4368
100000103,1453,2249,-796
100000104,3544,3003,541
100000105,1199,2419,-1220
100000106,843,5162,-4319
100000107,124,1810,-1686
100000108,259,1045,-786
100000109,609,1803,-1194
100000116,356,701,-345
100000117,42,273,-231
100000118,580,1354,-774
100000119,912,1299,-387
100000121,177,693,-516
100000122,479,2527,-2048
100000123,1154,2850,-1696
100000124,2001,3012,-1011
100000125,7068,2712,4356
100000126,546,1257,-711
100000127,918,969,-51
100000128,698,2873,-2175
100000129,349,1023,-674
100000130,548,271,277
100000131,782,1995,-1213
100000132,968,1917,-949
100000133,1632,1037,595
100000135,746,1481,-735
100000139,124,588,-464
100000140,137,262,-125
100000142,646,626,20
100000143,1255,344,911
100000144,1545,614,931
100000147,1606,4350,-2744
100000150,72,509,-437
100000151,564,2824,-2260
100000153,143,748,-605
100000154,16,785,-769
100000155,14,87,-73
100000156,192,385,-193
100000157,357,289,68
100000158,276,289,-13
100000159,136,1379,-1243
100000165,514,679,-165
100000169,40,1642,-1602
100000174,241,1236,-995
100000179,48,976,-928
100000180,509,1874,-1365
100000181,304,395,-91
100000188,62,233,-171
100000189,935,613,322
100000190,448,2201,-1753
100000191,823,942,-119
100000192,19,167,-148
100000193,251,256,-5
100000330,602,1260,-658
100000355,201,874,-673
100000362,1996,1029,967
100000363,6863,7865,-1002
100000364,83,355,-272
100000365,6728,11002,-4274
100000366,1530,1262,268
100000367,5107,7571,-2464
100000368,2076,812,1264
100000369,716,2950,-2234
100000370,183,1277,-1094
100000376,33,291,-258
100000379,854,2668,-1814
100000380,3558,7978,-4420
100000384,6225,9450,-3225
100000385,1133,5087,-3954
100000386,2255,9994,-7739
100000387,2971,9128,-6157
100000388,1902,8221,-6319
100000389,3804,9798,-5994
100000390,3247,6162,-2915
100000391,2340,13469,-11129
100000392,874,3544,-2670
100000393,669,7549,-6880
100000394,2506,7034,-4528
100000395,1485,6439,-4954
100000396,1799,2742,-943
100000397,1992,9242,-7250
100000398,5737,4305,1432
100000413,6,3,3
100900002,6,8,-2
100900003,526,271,255
100900004,11,912,-901
100900005,95,33,62
100900006,45,25,20
100900007,180,2,178
100900008,0,338,-338
100900009,27,88,-61
100900010,49,6,43
100900011,154,100,54
100900012,0,34,-34
100900013,1057,12,1045
100900014,4,1,3
100900015,34,100,-66
100900016,4,30,-26
100900017,1112,65,1047
100900018,3,12,-9
100900019,55,67,-12
100900020,339,5,334
100900021,394,0,394
100900022,11,19,-8
100900023,0,47,-47
100900024,419,1,418
100900025,2,4,-2
100900026,152,104,48
100900027,568,2618,-2050
100900028,172,538,-366
100900029,62,2,60
100900030,1,372,-371
100900031,754,44,710
100900032,399,2,397
100900033,172,605,-433
100900034,1219,5,1214
100900035,229,1,228
100900036,3,2,1
100900037,187,127,60
100900038,37,137,-100
100900039,231,216,15
100900040,710,212,498
100900041,1229,178,1051
100900042,788,2326,-1538
100900043,1,37,-36
100900044,1069,564,505
100900045,6,0,6
100900046,1083,12,1071
100900047,586,207,379
100900048,128,30,98
100900049,77,76,1
100900050,4,13,-9
100900051,41,229,-188
100900052,285,34,251
100900053,731,27,704
100900054,6,25,-19
100900055,244,1073,-829
100900056,32,120,-88
100900057,2341,833,1508
100900058,148,100,48
100900059,150,2,148
100900060,204,7,197
100900061,194,144,50
100900062,5,75,-70
100900063,305,882,-577
100900064,600,18,582
100900065,55,165,-110
100900066,199,168,31
100900067,5,2,3
100900068,135,276,-141
100900069,199,0,199
100900070,519,19,500
100900071,268,160,108
100900072,2,65,-63
100900073,144,291,-147
100900074,4,29,-25
100900075,1840,258,1582
100900076,1,11,-10
100900077,71,10,61
100900078,71,238,-167
100900079,3,16,-13
100900080,66,56,10
100900081,51,116,-65
100900082,184,121,63
100900083,8,43,-35
100900085,8,489,-481
100900086,82,352,-270
100900088,219,124,95
100900089,0,15,-15
100900090,132,1097,-965
100900091,5,7,-2
100900092,91,142,-51
100900093,422,380,42
100900094,228,120,108
100900095,6,74,-68
100900096,20,278,-258
100900097,1,3,-2
100900098,32,27,5
100900099,8,419,-411
100900100,11,605,-594
100900101,208,43,165
100900102,42,189,-147
100900103,7,16,-9
100900104,10,276,-266
100900105,23,407,-384
100900106,29,6,23
100900107,2648,1166,1482
100900108,6,85,-79
100900109,5,32,-27
100900110,2,21,-19
100900111,11,278,-267
100900112,8,12,-4
100900113,15,49,-34
100900114,14,22,-8
100900115,9,33,-24
100900116,998,485,513
100900117,207,1348,-1141
100900118,38,66,-28
100900119,7,44,-37
100900120,37,1,36
100900121,337,382,-45
100900122,46,102,-56
100900123,160,71,89
100900124,1,10,-9
100900125,7,53,-46
100900126,386,134,252
100900127,2,2,0
100900128,78,676,-598
100900129,0,381,-381
100900131,21,226,-205
100900133,71,31,40
100900134,3,4,-1
100900135,3,909,-906
100900137,225,201,24
100900138,273,422,-149
100900139,4,21,-17
100900140,7,232,-225
100900141,3,730,-727
100900142,0,3,-3
100900143,367,737,-370
100900144,4,12,-8
100900145,91,374,-283
100900146,5,45,-40
100900147,9,1291,-1282
100900148,82,137,-55
100900149,26,442,-416
100900150,7,29,-22
100900151,88,407,-319
100900152,114,10,104
100900153,2,233,-231
100900154,4,186,-182
100900155,8,13,-5
100900156,7,2,5
100900157,15,1115,-1100
100900159,3,23,-20
100900160,23,27,-4
100900161,26,0,26
100900162,13,495,-482
100900163,69,64,5
100900164,102,14,88
100900165,17,46,-29
100900166,21,0,21
100900167,18,64,-46
100900168,28,230,-202
100900169,48,717,-669
100900170,13,2,11
100900171,12,559,-547
100900172,0,47,-47
100900173,6,118,-112
100900174,26,10,16
100900176,1731,249,1482
100900177,375,188,187
100900178,172,327,-155
100900179,482,278,204
100900180,1,0,1
100900181,69,60,9
100900182,45,21,24
100900184,15,65,-50
100900186,531,194,337
100900187,31,83,-52
100900188,25,34,-9
100900189,2565,224,2341
100900191,465,1322,-857
100900192,110,633,-523
100900195,104,268,-164
100900197,28,40,-12
100900198,17,53,-36
100900199,1,3,-2
100900200,698,357,341
100900201,79,666,-587
100900202,37,0,37
100900203,0,85,-85
100900204,69,603,-534
100900205,175,590,-415
100900206,246,202,44
100900207,348,154,194
100900210,73,176,-103
100900211,546,183,363
100900213,141,62,79
100900214,436,225,211
100900215,39,45,-6
100900217,104,161,-57
101000001,1666,2194,-528
101000002,6926,7951,-1025
101000003,401,948,-547
101000004,5718,5738,-20
101000005,3918,5462,-1544
101000006,5050,9856,-4806
101000007,2806,5545,-2739
101000008,1550,3254,-1704
101000009,2760,860,1900
101000010,1076,618,458
101000011,1338,269,1069
101000012,308,627,-319
101000013,610,1393,-783
101000014,268,358,-90
101000015,2021,1329,692
101000016,255,841,-586
101000017,266,670,-404
101000018,1401,5227,-3826
101000020,1139,830,309
101000021,453,1096,-643
101000022,60,367,-307
101000023,807,1327,-520
101000025,325,697,-372
101000026,229,19,210
101000027,1922,4972,-3050
101000028,1027,413,614
101000029,72,1322,-1250
101000030,778,178,600
101000031,103,819,-716
101000032,2059,5303,-3244
101000033,1117,5350,-4233
101000034,756,2697,-1941
101000035,417,392,25
101000036,599,2239,-1640
101000037,996,4072,-3076
101000039,1490,4142,-2652
101000040,2869,6917,-4048
101000041,2027,6899,-4872
101000042,99,970,-871
101000043,3040,8164,-5124
101000045,225,962,-737
101000046,819,2579,-1760
101000047,793,4637,-3844
101000048,637,453,184
101000049,701,2541,-1840
101000050,624,2354,-1730
101000051,675,2953,-2278
101000052,1298,1906,-608
101000053,437,1462,-1025
101000054,1931,879,1052
101000055,1049,2009,-960
101000056,31,233,-202
101000057,840,2528,-1688
101000058,716,1850,-1134
101000059,2025,2817,-792
101000060,1708,1602,106
101000061,353,2478,-2125
101000062,305,731,-426
101000063,217,1950,-1733
101000064,399,1123,-724
101000065,227,1067,-840
101000066,376,1587,-1211
101000067,326,994,-668
101000068,58,415,-357
101000069,135,79,56
101000070,427,765,-338
101000071,2611,1233,1378
101000072,609,2699,-2090
101000073,479,1298,-819
101000074,1823,3620,-1797
101000075,1643,3422,-1779
101000077,1699,1776,-77
101000078,691,1168,-477
101000079,966,1144,-178
101000080,1009,1155,-146
101000081,1763,1618,145
101000082,1945,1993,-48
101000083,3819,2415,1404
101000084,893,561,332
101000085,1323,1152,171
101000086,877,1387,-510
101000087,840,1053,-213
101000088,1790,1252,538
101000089,971,1807,-836
101000090,1483,824,659
101000091,495,553,-58
101000092,2661,700,1961
101000093,1864,647,1217
101000094,1283,928,355
101000095,608,539,69
101000096,718,370,348
101000097,300,848,-548
101000098,412,693,-281
101000099,498,1070,-572
101000100,755,1194,-439
101000101,223,647,-424
101000102,474,1083,-609
101000103,357,1082,-725
101000104,462,1176,-714
101000105,182,528,-346
101000106,178,1434,-1256
101000107,256,591,-335
101000108,596,109,487
101000109,721,134,587
101000110,53,171,-118
101000111,54,212,-158
101000113,100,1058,-958
101000114,2226,9244,-7018
101000115,11,16,-5
101000116,36,27,9
101000117,934,175,759
101000119,23,70,-47
101000120,75,95,-20
101000121,38,68,-30
101000122,86,94,-8
101000123,27,96,-69
101000124,656,518,138
101000125,107,154,-47
101000128,170,1069,-899
101000130,131,249,-118
101000131,1739,335,1404
101000132,919,703,216
101000135,11,22,-11
101000136,136,163,-27
101000137,41,606,-565
101000141,614,5231,-4617
101000147,1194,418,776
101000148,958,8,950
101000149,27,70,-43
101000150,120,294,-174
101000151,390,42,348
101000152,383,310,73
101000153,431,142,289
101000154,500,446,54
101000155,606,249,357
101000156,81,591,-510
101000157,92,52,40
101000160,4,7,-3
101000163,98,671,-573
101000164,314,133,181
101000165,409,459,-50
101000166,198,234,-36
101000168,1025,680,345
101000252,2636,1037,1599
101000254,34,90,-56
101000258,75,8,67
101000261,60,72,-12
101000262,1174,5131,-3957
101000263,179,1587,-1408
101000265,83,887,-804
101000266,317,296,21
101000269,21,36,-15
101000290,350,3427,-3077
101000293,15,44,-29
101000294,632,535,97
101000295,302,265,37
101000301,235,555,-320
101000304,2284,3373,-1089
101000305,2762,1141,1621
101000328,102,608,-506
101900001,60,52,8
101900002,0,0,0
101900003,36,157,-121
101900004,3,347,-344
101900005,1166,4020,-2854
101900006,1893,106,1787
101900007,547,280,267
101900008,54,244,-190
101900009,27,387,-360
101900010,482,805,-323
101900011,84,1029,-945
101900012,328,89,239
101900013,316,91,225
101900017,3,122,-119
101900018,655,297,358
101900019,24,157,-133
101900020,54,34,20
101900021,0,93,-93
101900022,229,397,-168
101900023,238,116,122
101900026,177,28,149
101900027,25,104,-79
102000001,3637,7171,-3534
102000002,2386,2015,371
102000003,2496,7578,-5082
102000004,3673,3029,644
102000005,1365,4267,-2902
102000006,756,1655,-899
102000007,2141,5277,-3136
102000008,4374,1487,2887
102000009,7282,9501,-2219
102000010,3744,2657,1087
102000011,4720,4825,-105
102000012,3499,2924,575
102000018,3320,3309,11
102000019,2123,1969,154
102000026,492,407,85
102000029,340,337,3
102000030,200,398,-198
102000031,71,104,-33
102000032,693,385,308
102000033,554,343,211
102000034,436,472,-36
102000035,1455,583,872
102000036,23,237,-214
102000037,379,26,353
102000038,136,703,-567
102000039,119,275,-156
102000040,147,560,-413
102000041,41,1152,-1111
102000042,98,733,-635
102000043,55,605,-550
102000044,411,1570,-1159
102000045,641,916,-275
102000046,1410,1025,385
102000047,805,920,-115
102000048,659,820,-161
102000049,1083,1374,-291
102000050,1195,1488,-293
102000051,229,1026,-797
102000052,1240,1424,-184
102000053,922,1749,-827
102000054,1060,1103,-43
102000055,1743,302,1441
102000056,1789,260,1529
102000057,1767,514,1253
102000058,1116,700,416
102000059,1156,1231,-75
102000060,883,904,-21
102000061,1929,1272,657
102000062,2510,1118,1392
102000063,1238,1222,16
102000064,584,600,-16
102000065,52,130,-78
102000066,664,889,-225
102000067,5134,3604,1530
102000068,10337,3802,6535
102000069,103,3037,-2934
102000070,2043,39,2004
102000071,8471,11147,-2676
102000072,2644,4916,-2272
102000073,644,625,19
102000074,878,1284,-406
102000075,174,224,-50
102000076,412,252,160
102000077,856,362,494
102000078,1761,313,1448
102000079,142,81,61
102000080,397,221,176
102000081,274,832,-558
102000082,628,311,317
102000083,1196,197,999
102000084,697,243,454
102000085,2482,764,1718
102000086,1652,986,666
102000087,861,1094,-233
102000088,391,337,54
102000089,1738,421,1317
102000090,308,1057,-749
102000091,1434,650,784
102000092,374,486,-112
102000093,779,544,235
102000094,441,454,-13
102000095,657,1072,-415
102000096,460,535,-75
102000097,730,608,122
102000098,347,837,-490
102000099,862,1202,-340
102000100,147,2025,-1878
102000101,429,621,-192
102000102,947,1333,-386
102000103,3994,383,3611
102000104,748,383,365
102000105,324,588,-264
102000106,919,355,564
102000107,2197,253,1944
102000108,855,249,606
102000109,873,402,471
102000110,1912,727,1185
102000111,11,525,-514
102000112,188,191,-3
102000113,34,48,-14
102000114,999,367,632
102000115,298,421,-123
102000116,234,810,-576
102000117,68,1151,-1083
102000118,875,2010,-1135
102000119,1063,2275,-1212
102000120,272,716,-444
102000121,1010,416,594
102000122,676,1251,-575
102000123,1012,860,152
102000124,1473,1770,-297
102000125,386,668,-282
102000126,472,1000,-528
102000127,960,623,337
102000128,827,1125,-298
102000129,1398,486,912
102000130,744,821,-77
102000131,910,760,150
102000132,397,1026,-629
102000133,3319,1577,1742
102000134,1138,839,299
102000135,942,735,207
102000136,1155,562,593
102000137,411,1102,-691
102000138,273,369,-96
102000139,42,770,-728
102000140,118,930,-812
102000141,146,773,-627
102000142,482,297,185
102000143,396,279,117
102000144,498,230,268
102000145,391,293,98
102000146,452,311,141
102000147,577,388,189
102000148,390,583,-193
102000149,319,175,144
102000150,665,107,558
102000151,188,147,41
102000152,300,148,152
102000153,897,901,-4
102000154,180,421,-241
102000155,43,871,-828
102000156,219,228,-9
102000157,36,1462,-1426
102000158,254,415,-161
102000159,2030,1390,640
102000161,2283,1951,332
102000162,134,237,-103
102000163,96,403,-307
102000164,636,759,-123
102000165,207,252,-45
102000166,47,188,-141
102000167,232,293,-61
102000168,216,220,-4
102000169,106,655,-549
102000170,762,170,592
102000171,92,157,-65
102000172,24,358,-334
102000173,495,338,157
102000174,146,80,66
102000175,55,84,-29
102000176,68,18,50
102000178,263,262,1
102000179,484,226,258
102000180,1153,292,861
102000181,1248,255,993
102000182,654,365,289
102000183,2167,1068,1099
102000184,2435,619,1816
102000185,3595,769,2826
102000186,2486,989,1497
102000187,1243,911,332
102000188,1438,1270,168
102000189,2019,416,1603
102000190,589,2435,-1846
102000191,922,356,566
102000192,2633,1917,716
102000193,87,125,-38
102000194,58,220,-162
102000195,573,395,178
102000196,294,292,2
102000197,1109,190,919
102000198,271,475,-204
102000199,1536,160,1376
102000200,340,475,-135
102000201,1756,335,1421
102000202,3,197,-194
102000203,625,143,482
102000204,668,619,49
102000205,1528,638,890
102000206,768,478,290
102000207,948,568,380
102000208,577,632,-55
102000209,113,73,40
102000210,649,436,213
102000211,608,323,285
102000212,465,13,452
102000213,6,157,-151
102000214,505,10,495
102000215,6,196,-190
102000216,121,126,-5
102000217,1,65,-64
102000218,254,298,-44
102000219,214,109,105
102000225,321,600,-279
102000226,175,574,-399
102000227,142,2,140
102000228,1,140,-139
102000229,59,56,3
102000230,408,312,96
102000231,357,344,13
102000232,86,260,-174
102000233,1026,415,611
102000234,134,1126,-992
102000236,309,95,214
102000237,672,482,190
102000238,297,441,-144
102000240,436,1038,-602
102000241,258,94,164
102000243,33,27,6
102000245,4,73,-69
102000246,13,53,-40
102000247,186,335,-149
102000248,364,924,-560
102000249,192,81,111
102000250,85,152,-67
102000254,291,160,131
102000266,4,757,-753
102000271,17,0,17
102000286,370,267,103
102000297,2549,1532,1017
102000301,0,0,0
102000303,0,0,0
102000307,0,5,-5
102900001,1035,654,381
102900002,280,34,246
102900003,110,144,-34
102900005,423,222,201
102900006,573,65,508
102900007,732,8,724
102900008,389,26,363
102900009,286,597,-311
102900010,143,1026,-883
102900011,1076,658,418
102900012,623,130,493
102900013,81,43,38
102900015,775,545,230
102900016,96,42,54
102900017,403,181,222
102900018,73,50,23
102900019,496,558,-62
102900020,293,25,268
102900021,104,47,57
102900022,191,84,107
102900023,20,53,-33
102900024,62,52,10
102900025,99,67,32
102900026,503,2257,-1754
102900027,105,60,45
102900028,237,1094,-857
102900029,116,364,-248
102900030,520,432,88
102900031,359,119,240
102900032,168,41,127
102900033,88,184,-96
102900034,765,29,736
102900035,223,258,-35
102900036,429,215,214
102900037,303,246,57
102900038,539,268,271
102900039,44,811,-767
102900040,217,295,-78
102900041,127,128,-1
102900042,399,124,275
102900043,369,113,256
102900044,807,1312,-505
102900045,363,385,-22
102900046,292,139,153
102900047,141,757,-616
102900048,670,222,448
102900049,113,421,-308
102900050,272,372,-100
102900051,308,170,138
102900052,43,126,-83
102900053,414,547,-133
102900054,293,2126,-1833
102900055,262,381,-119
102900056,138,363,-225
102900057,8,71,-63
102900058,613,110,503
102900059,31,30,1
102900060,114,355,-241
102900061,189,266,-77
102900062,482,439,43
102900063,2062,334,1728
102900064,117,481,-364
102900065,877,279,598
102900066,376,14,362
102900068,85,152,-67
102900070,178,530,-352
102900072,15,64,-49
102900073,61,19,42
102900075,4,141,-137
102900076,55,194,-139
102900077,34,28,6
102900078,38,49,-11
102900079,271,3,268
102900080,453,15,438
102900081,83,274,-191
102900082,22,215,-193
102900083,240,32,208
102900084,9,90,-81
102900085,240,118,122
102900086,18,84,-66
102900087,207,172,35
102900088,35,47,-12
102900089,275,221,54
102900090,0,232,-232
102900091,269,6,263
102900092,545,159,386
102900093,370,182,188
102900094,1,266,-265
102900095,132,0,132
102900096,99,13,86
102900097,7,41,-34
102900098,14,2,12
103000001,2153,2409,-256
103000002,2628,3087,-459
103000003,3090,3226,-136
103000004,741,651,90
103000005,1852,4575,-2723
103000006,1228,1686,-458
103000007,501,554,-53
103000008,954,968,-14
103000009,2425,1368,1057
103000010,133,100,33
103000011,1060,909,151
103000012,1389,2012,-623
103000013,2540,1631,909
103000014,1267,3930,-2663
103000015,1819,920,899
103000016,579,2029,-1450
103000017,352,722,-370
103000018,658,221,437
103000019,392,697,-305
103000020,1183,1321,-138
103000021,1579,2638,-1059
103000022,923,971,-48
103000023,1156,2872,-1716
103000024,80,68,12
103000025,161,1468,-1307
103000026,373,92,281
103000027,231,657,-426
103000028,159,258,-99
103000029,104,226,-122
103000030,1590,1715,-125
103000031,705,2722,-2017
103000032,1830,1259,571
103000033,2908,2874,34
103000034,1017,897,120
103000035,242,1218,-976
103000036,285,315,-30
103000037,644,440,204
103000038,541,983,-442
103000039,751,267,484
103000040,701,488,213
103000041,2173,1216,957
103000042,1836,216,1620
103000043,1187,685,502
103000044,279,73,206
103000046,364,413,-49
103000047,732,277,455
103000048,255,105,150
103000049,140,100,40
103000050,779,211,568
103000051,692,431,261
103000052,731,175,556
103000053,259,344,-85
103000054,1921,787,1134
103000055,2144,1371,773
103000056,897,785,112
103000057,1682,180,1502
103000058,667,536,131
103000059,932,461,471
103000060,840,250,590
103000061,683,721,-38
103000062,828,315,513
103000063,1165,976,189
103000064,154,98,56
103000065,11,135,-124
103000066,259,10,249
103000069,418,141,277
103000070,863,485,378
103000071,1975,741,1234
103000072,178,516,-338
103000073,1169,138,1031
103000074,942,150,792
103000075,151,593,-442
103000076,344,1058,-714
103000077,31,350,-319
103000078,1033,1845,-812
103000079,576,1131,-555
103000080,556,422,134
103000081,304,1311,-1007
103000082,524,172,352
103000083,123,540,-417
103000084,123,5,118
103000085,0,208,-208
103000086,404,618,-214
103000087,221,703,-482
103000088,175,457,-282
103000089,313,881,-568
103000090,6040,1500,4540
103000091,1792,554,1238
103000092,401,278,123
103000093,348,809,-461
103000094,322,162,160
103000095,110,316,-206
103000096,667,62,605
103000097,44,808,-764
103000098,594,144,450
103000099,124,734,-610
103000100,176,400,-224
103000101,1516,74,1442
103000102,111,309,-198
103000103,873,121,752
103000104,122,71,51
103000105,269,54,215
103000106,15,194,-179
103000107,235,163,72
103000108,1793,1371,422
103000109,802,794,8
103000110,880,614,266
103000111,284,877,-593
103000112,246,558,-312
103000113,223,1487,-1264
103000114,1393,1290,103
103000115,771,742,29
103000116,788,344,444
103000117,749,527,222
103000118,367,345,22
103000119,928,312,616
103000120,77,169,-92
103000121,109,195,-86
103000122,278,310,-32
103000125,35,58,-23
103000126,786,1,785
103000127,13,95,-82
103000128,177,1,176
103000129,3,97,-94
103000130,106,29,77
103000131,96,117,-21
103000132,57,134,-77
103000133,12,103,-91
103000134,223,1222,-999
103000135,687,244,443
103000136,497,612,-115
103000137,421,868,-447
103000138,705,882,-177
103000139,1,124,-123
103000140,190,27,163
103000141,30,191,-161
103000142,79,152,-73
103000143,77,256,-179
103000144,122,128,-6
103000145,20,267,-247
103000150,74,26,48
103000152,172,390,-218
103000153,178,371,-193
103000156,13,93,-80
103000157,531,2,529
103000159,232,127,105
103000162,39,4,35
103000163,4,16,-12
103000164,1,8,-7
103000165,48,116,-68
103000166,314,618,-304
103000167,254,233,21
103000168,226,167,59
103000169,225,620,-395
103000170,1112,170,942
103000171,31,128,-97
103000172,892,111,781
103000173,1051,142,909
103000174,429,263,166
103000175,309,119,190
103000176,983,923,60
103000177,254,368,-114
103000178,84,243,-159
103000179,192,44,148
103000183,407,38,369
103000185,252,50,202
103000186,275,62,213
103000187,1202,127,1075
103000188,18,121,-103
103000189,835,541,294
103000191,541,638,-97
103000292,437,2042,-1605
103000293,690,3482,-2792
103000295,71,160,-89
103000296,82,6,76
103000297,6,186,-180
103000504,23,15,8
103000505,5,43,-38
103000506,2,68,-66
103000507,239,1,238
103000508,93,89,4
103000509,284,636,-352
103900001,16,14,2
103900002,627,144,483
103900003,1032,212,820
103900004,142,0,142
103900005,1,32,-31
103900006,8,1,7
103900007,134,2,132
103900008,12,2,10
103900009,509,276,233
103900010,348,188,160
103900011,631,78,553
103900012,9,28,-19
103900013,133,26,107
103900014,71,13,58
103900015,109,4,105
103900016,245,111,134
103900017,81,61,20
103900018,298,63,235
103900019,53,387,-334
103900020,414,530,-116
103900021,152,130,22
103900022,699,538,161
103900023,256,3,253
103900024,84,241,-157
103900025,10,19,-9
103900026,51,0,51
103900027,405,326,79
103900028,67,495,-428
103900029,1349,169,1180
103900030,516,211,305
103900031,73,5,68
103900032,99,140,-41
103900033,53,48,5
103900034,48,27,21
103900035,69,22,47
103900036,139,56,83
103900037,165,76,89
103900038,63,223,-160
103900039,202,80,122
103900040,15,62,-47
103900041,58,32,26
103900042,125,51,74
103900043,388,56,332
103900044,41,782,-741
103900045,392,136,256
103900047,137,20,117
103900048,12,68,-56
103900049,99,1789,-1690
103900050,22,157,-135
103900051,2,67,-65
103900052,282,395,-113
103900053,438,163,275
103900054,231,138,93
103900055,551,183,368
103900056,76,58,18
103900057,152,41,111
103900058,511,192,319
103900059,1,65,-64
103900060,107,67,40
103900061,298,14,284
103900062,886,264,622
103900063,8,0,8
103900064,255,2,253
103900065,303,362,-59
103900066,390,114,276
103900067,316,19,297
103900068,2,1,1
103900069,111,11,100
103900070,137,138,-1
103900071,23,49,-26
103900072,57,53,4
103900073,30,88,-58
103900074,73,23,50
103900075,475,49,426
103900076,861,155,706
103900077,49,319,-270
103900078,392,62,330
103900079,149,212,-63
103900080,6,23,-17
103900081,8,19,-11
103900082,69,120,-51
103900083,1075,2091,-1016
103900084,75,299,-224
103900085,70,76,-6
103900086,1427,304,1123
103900088,326,530,-204
103900089,34,120,-86
103900090,2,31,-29
103900091,816,132,684
103900092,771,723,48
103900093,53,275,-222
103900094,14,54,-40
103900095,229,339,-110
103900096,124,83,41
103900097,28,273,-245
103900098,505,148,357
103900099,283,25,258
103900100,431,96,335
103900101,133,817,-684
103900102,0,35,-35
103900104,1,12,-11
103900105,30,58,-28
103900106,1,99,-98
103900107,251,49,202
103900108,50,107,-57
103900109,245,26,219
103900110,335,44,291
103900111,157,180,-23
103900112,50,114,-64
103900113,53,240,-187
103900114,871,271,600
103900115,212,256,-44
103900116,1390,2779,-1389
103900117,61,19,42
103900119,23,123,-100
103900120,105,48,57
103900122,304,82,222
103900123,389,792,-403
103900124,89,165,-76
103900125,162,70,92
103900126,694,109,585
103900127,180,211,-31
103900128,240,56,184
103900131,27,89,-62
103900133,964,39,925
103900134,0,10,-10
103900135,3,1,2
103900137,0,2,-2
103900138,210,37,173
103900139,205,4091,-3886
103900140,2,302,-300
103900141,190,30,160
103900142,430,51,379
103900143,196,4,192
103900144,2,28,-26
103900145,143,164,-21
103900146,261,127,134
103900147,614,86,528
103900148,443,146,297
103900149,338,221,117
103900150,4065,6420,-2355
103900151,6,124,-118
103900152,1463,159,1304
103900153,9,3,6
103900154,319,2957,-2638
103900155,64,50,14
103900156,83,27,56
103900157,120,51,69
103900158,269,32,237
103900159,298,31,267
103900160,56,31,25
103900161,75,199,-124
103900162,47,42,5
103900163,6,321,-315
103900167,5,155,-150
103900168,134,59,75
103900169,12,78,-66
103900170,0,48,-48
103900171,5,38,-33
103900172,4,4,0
103900173,40,20,20
103900174,318,36,282
103900175,25,118,-93
103900176,9,35,-26
103900177,11,12,-1
103900178,97,5,92
103900179,103,21,82
103900180,13,17,-4
103900181,35,56,-21
103900182,11,41,-30
103900184,214,130,84
103900185,37,785,-748
103900187,26,154,-128
103900188,137,74,63
103900189,130,4,126
103900190,99,46,53
103900191,40,83,-43
103900192,22,61,-39
103900193,60,123,-63
103900194,71,73,-2
103900195,3,161,-158
103900196,83,67,16
103900197,9,12,-3
103900198,14,16,-2
103900199,133,71,62
103900200,269,66,203
103900201,78,114,-36
103900202,13,49,-36
103900203,35,71,-36
103900204,0,32,-32
103900207,1,15,-14
103900208,212,1,211
103900209,6,59,-53
103900210,63,24,39
103900211,827,97,730
103900212,271,115,156
103900213,50,351,-301
103900214,248,364,-116
103900215,178,436,-258
103900216,7,122,-115
103900217,255,86,169
103900218,0,300,-300
103900219,201,96,105
103900233,150,27,123
103900235,7,210,-203
103900236,10,40,-30
103900242,3,5,-2
103900243,0,4,-4
103900244,170,107,63
103900245,105,80,25
103900246,28,37,-9
103900247,7,73,-66
103900248,1,65,-64
103900249,3,56,-53
103900250,37,41,-4
103900251,3,35,-32
103900253,7,49,-42
103900254,12,46,-34
103900255,3,46,-43
103900256,12,29,-17
103900257,254,195,59
103900258,13,11,2
103900259,18,8,10
103900261,20,2,18
103900262,32,0,32
103900263,17,49,-32
103900264,17,6,11
103900265,10,10,0
103900266,3,76,-73
103900267,1,83,-82
103900268,37,13,24
103900269,150,21,129
103900270,76,67,9
103900271,83,35,48
103900272,77,24,53
103900273,72,10,62
103900274,224,1,223
103900275,145,17,128
103900276,11,12,-1
103900277,8,15,-7
103900278,1,19,-18
103900279,1,32,-31
103900280,1,8,-7
104000001,3185,2179,1006
104000002,2104,1853,251
104000003,2567,1965,602
104000004,2375,2261,114
104000005,2362,2135,227
104000006,3013,2286,727
104000007,4346,3616,730
104000008,196,192,4
104000009,324,122,202
104000010,261,584,-323
104000011,285,244,41
104000012,139,207,-68
104000013,425,413,12
104000014,223,306,-83
104000015,526,171,355
104000016,266,232,34
104000018,1004,229,775
104000019,648,244,404
104000020,92,269,-177
104000021,347,288,59
104000022,299,368,-69
104000023,1346,423,923
104000024,249,246,3
104000026,81,214,-133
104000027,268,279,-11
104000028,596,285,311
104000029,315,251,64
104000030,425,281,144
104000031,1331,384,947
104000032,169,115,54
104000033,743,522,221
104000034,343,115,228
104000035,1301,368,933
104000036,1351,332,1019
104000037,221,93,128
104000038,567,360,207
104000039,265,118,147
104000040,124,456,-332
104000041,622,380,242
104000042,141,144,-3
104000043,222,209,13
104000044,283,318,-35
104000045,745,540,205
104000046,618,922,-304
104000047,483,758,-275
104000048,752,812,-60
104000049,873,309,564
104000050,128,737,-609
104000051,367,592,-225
104000052,2494,2044,450
104000053,1095,422,673
104000054,759,186,573
104000055,2811,2250,561
104000056,696,202,494
104000057,250,235,15
104000058,1049,761,288
104000059,714,861,-147
104000060,1265,1446,-181
104000061,1098,679,419
104000062,390,113,277
104000064,674,372,302
104000065,153,555,-402
104000069,641,1765,-1124
104000070,88,675,-587
104000071,154,436,-282
104000072,513,195,318
104000075,88,233,-145
104000076,567,60,507
104000082,2401,4461,-2060
104000083,660,205,455
104000084,134,315,-181
104000085,551,311,240
104000086,286,333,-47
104000087,330,1893,-1563
104000090,1476,867,609
104000092,1841,1038,803
104000094,1044,788,256
104000095,3457,1422,2035
104000096,2265,59,2206
104000097,2888,555,2333
104000098,4082,539,3543
104000100,2656,695,1961
104000101,1614,1291,323
104000106,30,642,-612
104000107,736,231,505
104000108,224,267,-43
104000109,364,183,181
104000110,628,1074,-446
104000111,2352,3458,-1106
104000112,687,415,272
104000116,9,532,-523
104000117,337,316,21
104000118,1254,132,1122
104000119,1032,308,724
104000120,302,355,-53
104000121,273,426,-153
104000122,1265,668,597
104000123,811,538,273
104000124,415,1077,-662
104000125,2263,5247,-2984
104000126,662,635,27
104000127,1242,1227,15
104000128,525,173,352
104000129,387,10,377
104000130,7,206,-199
104000131,283,286,-3
104000132,240,374,-134
104000133,1732,717,1015
104000134,1123,1609,-486
104000135,661,1667,-1006
104000136,930,3143,-2213
104000137,2455,278,2177
104000138,1305,428,877
104000139,2453,2427,26
104000141,916,586,330
104000142,670,358,312
104000143,699,251,448
104000144,146,183,-37
104000145,439,217,222
104000146,171,448,-277
104000147,168,343,-175
104000148,466,203,263
104000149,211,121,90
104000150,1311,592,719
104000151,341,189,152
104000152,628,257,371
104000153,846,678,168
104000154,845,336,509
104000155,596,825,-229
104000157,1495,988,507
104000158,149,559,-410
104000159,846,744,102
104000160,1752,2582,-830
104000161,226,163,63
104000162,115,136,-21
104000165,694,721,-27
104000167,850,1639,-789
104000168,881,10,871
104000169,225,65,160
104000170,236,436,-200
104000248,346,428,-82
104000251,131,160,-29
104000272,0,0,0
104000273,0,0,0
104000274,0,0,0
104000275,0,0,0
104000279,509,392,117
104000290,83,288,-205
104000291,446,1136,-690
104000293,1499,1172,327
104000294,133,0,133
104000295,860,868,-8
104000296,664,655,9
104000297,958,2042,-1084
104000298,1815,1038,777
104000299,965,1082,-117
104900001,149,197,-48
104900002,99,316,-217
104900003,86,200,-114
104900004,77,85,-8
104900005,632,430,202
104900006,840,91,749
104900007,520,225,295
104900009,180,134,46
104900010,99,36,63
104900011,8,19,-11
104900012,243,50,193
104900013,92,6,86
104900014,1484,417,1067
104900015,166,2,164
104900016,291,137,154
104900017,96,202,-106
104900018,27,78,-51
104900019,197,6502,-6305
104900020,58,287,-229
104900021,0,25,-25
104900022,4,179,-175
104900023,0,33,-33
104900024,10,259,-249
104900025,60,102,-42
104900026,0,67,-67
104900027,730,428,302
104900028,18,151,-133
104900029,12,37,-25
104900030,693,229,464
104900031,41,216,-175
104900032,74,63,11
104900033,264,226,38
104900034,549,163,386
104900035,519,231,288
104900036,321,50,271
104900037,145,201,-56
104900038,165,1457,-1292
104900039,401,389,12
104900040,670,71,599
104900041,413,145,268
104900042,300,282,18
104900043,21,284,-263
104900044,1173,148,1025
104900045,461,42,419
104900046,541,85,456
104900047,637,87,550
104900048,543,53,490
104900049,36,27,9
104900050,412,44,368
104900051,358,38,320
104900052,212,1,211
104900053,588,60,528
104900054,264,40,224
104900055,240,0,240
104900056,244,25,219
104900057,73,1,72
104900058,468,501,-33
104900059,92,59,33
104900060,1,363,-362
104900061,184,245,-61
104900063,3,232,-229
104900064,0,119,-119
104900065,1,412,-411
104900066,1,67,-66
104900067,11,310,-299
104900068,93,165,-72
104900070,143,174,-31
104900071,0,446,-446
104900072,87,179,-92
104900073,78,56,22
104900074,102,139,-37
104900075,57,11,46
104900076,229,138,91
104900077,362,276,86
104900078,218,219,-1
104900079,131,1132,-1001
104900080,128,307,-179
104900082,19,281,-262
104900085,6,92,-86
104900087,420,5,415
104900089,527,2,525
104900090,1631,919,712
104900091,496,409,87
104900093,184,294,-110
104900097,1263,3788,-2525
104900098,382,44,338
104900099,37,871,-834
104900100,323,223,100
104900102,75,93,-18
104900103,325,37,288
104900104,1677,2047,-370
104900106,308,130,178
104900107,150,119,31
104900108,55,144,-89
104900109,106,133,-27
104900110,14,24,-10
104900111,470,66,404
104900112,427,242,185
104900113,1090,237,853
104900114,782,326,456
104900115,863,188,675
104900116,722,102,620
104900118,26,39,-13
104900119,2,93,-91
104900120,17,785,-768
104900121,2,16,-14
104900122,14,54,-40
104900123,141,24,117
104900124,71,0,71
104900125,454,8,446
104900126,28,24,4
104900127,15,90,-75
104900128,99,80,19
104900129,1000,3137,-2137
105000001,3100,1438,1662
105000002,2772,1820,952
105000003,2751,4243,-1492
105000004,855,736,119
105000005,1668,1241,427
105000006,1594,2059,-465
105000007,1890,2974,-1084
105000008,1000,4531,-3531
105000009,3133,3937,-804
105000010,2694,978,1716
105000011,3643,3663,-20
105000012,2339,1666,673
105000013,1387,1547,-160
105000014,3535,4282,-747
105000015,8322,14114,-5792
105000016,1000,933,67
105000017,1361,733,628
105000018,918,2227,-1309
105000019,948,1290,-342
105000020,110,617,-507
105000021,206,246,-40
105000022,121,196,-75
105000023,735,206,529
105000028,45,55,-10
105000029,739,1622,-883
105000030,2683,1578,1105
105000033,1004,1158,-154
105000034,180,1265,-1085
105000037,624,171,453
105000038,1104,1738,-634
105000039,1204,907,297
105000040,817,1604,-787
105000041,294,768,-474
105000042,1906,1918,-12
105000043,806,1294,-488
105000044,690,491,199
105000045,217,315,-98
105000046,1224,315,909
105000047,576,482,94
105000048,1007,289,718
105000049,295,440,-145
105000050,1090,509,581
105000051,228,308,-80
105000052,766,996,-230
105000053,81,101,-20
105000054,605,907,-302
105000055,806,387,419
105000056,1726,1664,62
105000057,1260,569,691
105000058,1257,763,494
105000059,1086,643,443
105000060,467,406,61
105000061,1431,564,867
105000062,559,407,152
105000063,316,230,86
105000064,2419,758,1661
105000065,399,479,-80
105000066,925,1119,-194
105000067,1838,1228,610
105000068,270,737,-467
105000069,1562,2894,-1332
105000070,384,1374,-990
105000071,241,1829,-1588
105000072,1196,5026,-3830
105000073,1184,742,442
105000074,595,456,139
105000075,491,501,-10
105000076,1018,893,125
105000077,1934,936,998
105000078,915,1551,-636
105000079,936,2493,-1557
105000080,1900,1531,369
105000081,1127,1134,-7
105000082,694,1926,-1232
105000083,1879,3099,-1220
105000084,655,617,38
105000085,2372,2271,101
105000086,778,770,8
105000087,1300,1360,-60
105000088,1796,2277,-481
105000089,1672,1396,276
105000090,645,533,112
105000091,692,1118,-426
105000092,500,1258,-758
105000093,390,435,-45
105000094,236,249,-13
105000095,148,666,-518
105000096,1157,2095,-938
105000097,536,680,-144
105000098,1402,1398,4
105000099,700,1085,-385
105000100,1973,1064,909
105000101,2646,1316,1330
105000102,1853,1575,278
105000103,1435,1703,-268
105000104,2442,1060,1382
105000105,1255,1385,-130
105000106,1541,1029,512
105000107,1714,733,981
105000108,1848,1042,806
105000109,2523,1016,1507
105000110,1060,495,565
105000111,1761,438,1323
105000112,1223,608,615
105000113,647,781,-134
105000114,1587,1620,-33
105000115,455,1832,-1377
105000116,1305,549,756
105000117,836,523,313
105000118,1000,363,637
105000119,477,484,-7
105000120,1874,587,1287
105000121,834,515,319
105000122,450,704,-254
105000123,792,620,172
105000124,2552,618,1934
105000125,935,987,-52
105000126,2216,1302,914
105000127,2994,1347,1647
105000128,755,1158,-403
105000129,1434,291,1143
105000130,179,3658,-3479
105000131,301,156,145
105000132,1632,751,881
105000133,619,570,49
105000134,1389,591,798
105000135,324,389,-65
105000136,152,206,-54
105000137,943,199,744
105000138,218,169,49
105000139,843,454,389
105000140,751,389,362
105000141,358,233,125
105000142,306,378,-72
105000143,204,379,-175
105000144,263,429,-166
105000145,826,230,596
105000146,316,604,-288
105000147,740,427,313
105000148,902,799,103
105000149,2973,2690,283
105000150,1260,896,364
105000151,775,450,325
105000152,207,422,-215
105000153,802,680,122
105000154,722,509,213
105000155,588,816,-228
105000156,383,579,-196
105000157,624,1267,-643
105000158,2193,889,1304
105000159,344,963,-619
105000160,4112,965,3147
105000161,729,1339,-610
105000162,871,3108,-2237
105000163,1079,1053,26
105000164,179,388,-209
105000165,756,9613,-8857
105000166,4669,1424,3245
105000167,1089,2838,-1749
105000168,517,314,203
105000169,934,106,828
105000170,382,1059,-677
105000171,1454,207,1247
105000172,247,21,226
105000173,384,26,358
105000174,168,40,128
105000175,147,36,111
105000176,674,75,599
105000177,428,241,187
105000178,394,325,69
105000179,1177,85,1092
105000180,292,54,238
105000181,244,135,109
105000182,113,40,73
105000183,1862,2744,-882
105000184,494,815,-321
105000185,747,1164,-417
105000186,433,516,-83
105000187,821,244,577
105000188,120,198,-78
105000189,89,576,-487
105000190,235,230,5
105000191,383,274,109
105000192,411,72,339
105000193,72,101,-29
105000194,790,97,693
105000195,405,833,-428
105000196,89,231,-142
105000197,174,486,-312
105000198,314,204,110
105000199,70,414,-344
105000200,183,412,-229
105000201,96,47,49
105000203,20,110,-90
105000204,112,53,59
105000205,96,140,-44
105000207,217,140,77
105000208,146,634,-488
105000209,210,151,59
105000212,1302,454,848
105000213,58,268,-210
105000214,175,191,-16
105000215,310,134,176
105000216,218,74,144
105000217,262,190,72
105000218,2061,1037,1024
105000221,208,201,7
105000222,336,185,151
105000223,448,171,277
105000226,162,145,17
105000227,112,112,0
105000228,92,1908,-1816
105000229,200,636,-436
105000231,636,349,287
105000233,820,780,40
105000234,555,693,-138
105000235,523,610,-87
105000237,1395,132,1263
105000243,81,28,53
105000248,29,93,-64
105000262,565,386,179
105000269,201,164,37
105000270,718,31,687
105000271,1,184,-183
105000282,49,53,-4
105000287,320,127,193
105000288,812,489,323
105000289,758,1781,-1023
105000290,17,14,3
105000402,1865,4182,-2317
105000426,255,589,-334
105000438,1007,939,68
105000446,5864,3612,2252
105000447,1892,1285,607
105000454,928,225,703
105000455,189,113,76
105000474,75,2,73
105000477,774,513,261
105000478,2828,5693,-2865
105000479,173,200,-27
105000480,4755,8124,-3369
105000481,4809,5311,-502
105000482,2344,3235,-891
105000483,2193,3739,-1546
105000484,1227,1542,-315
105000485,1118,3760,-2642
105000486,1421,2066,-645
105000488,2963,1734,1229
105000489,1383,979,404
105000549,83,176,-93
105000550,322,1076,-754
105000551,38,71,-33
105000552,1951,1079,872
105000555,729,1309,-580
105900001,9,1814,-1805
105900002,590,955,-365
105900003,27,106,-79
105900004,205,80,125
105900005,29,162,-133
105900006,18,114,-96
105900007,38,46,-8
105900008,116,290,-174
105900009,34,29,5
105900011,148,47,101
105900012,561,106,455
105900013,6,26,-20
105900014,6,63,-57
105900015,90,340,-250
105900016,657,237,420
105900017,1393,20,1373
105900018,129,129,0
105900019,80,287,-207
105900020,56,70,-14
105900021,21,282,-261
105900022,262,123,139
105900023,7,93,-86
105900024,10,365,-355
105900025,282,5,277
105900026,193,9,184
105900027,11092,4626,6466
105900028,213,392,-179
105900029,2297,404,1893
105900030,242,274,-32
105900031,408,186,222
105900032,121,179,-58
105900033,53,102,-49
105900034,377,165,212
105900035,336,142,194
105900036,154,71,83
105900037,180,31,149
105900038,195,218,-23
105900039,127,87,40
105900040,109,52,57
105900041,187,115,72
105900042,126,186,-60
105900043,913,49,864
105900044,3,334,-331
105900045,4,1302,-1298
105900046,7,236,-229
105900047,4,56,-52
105900048,97,357,-260
105900050,2744,6305,-3561
105900051,46,1106,-1060
105900052,783,138,645
105900053,1804,3377,-1573
105900054,219,181,38
105900056,470,571,-101
105900057,11,124,-113
105900058,22,9,13
105900059,0,77,-77
106000001,2436,2266,170
106000002,848,3336,-2488
106000003,2979,4234,-1255
106000004,1373,2139,-766
106000005,4500,4310,190
106000006,4272,1673,2599
106000007,514,437,77
106000008,461,283,178
106000009,493,285,208
106000010,446,477,-31
106000011,2038,1136,902
106000012,984,801,183
106000013,2040,1821,219
106000014,1671,1114,557
106000015,2749,1157,1592
106000016,1383,1188,195
106000017,610,796,-186
106000018,517,481,36
106000019,384,544,-160
106000020,452,302,150
106000021,349,459,-110
106000022,472,150,322
106000023,932,325,607
106000024,566,386,180
106000025,161,181,-20
106000026,57,164,-107
106000027,2111,1661,450
106000028,689,190,499
106000029,717,584,133
106000030,204,444,-240
106000034,134,339,-205
106000035,784,1916,-1132
106000036,132,341,-209
106000037,954,985,-31
106000038,107,204,-97
106000039,56,165,-109
106000040,147,768,-621
106000041,641,469,172
106000043,494,306,188
106000046,351,61,290
106000047,37,502,-465
106000049,1252,203,1049
106000050,193,310,-117
106000051,1158,654,504
106000052,130,276,-146
106000053,608,174,434
106000054,287,207,80
106000055,888,642,246
106000056,302,167,135
106000057,673,239,434
106000058,163,116,47
106000059,559,335,224
106000060,265,270,-5
106000061,180,694,-514
106000062,148,240,-92
106000063,1051,774,277
106000064,24,234,-210
106000065,565,214,351
106000066,115,262,-147
106000067,520,80,440
106000068,92,437,-345
106000069,463,90,373
106000070,384,445,-61
106000071,829,248,581
106000072,2583,1473,1110
106000073,1258,4807,-3549
106000074,740,748,-8
106000075,391,1085,-694
106000076,1651,1398,253
106000077,1861,853,1008
106000078,1390,549,841
106000079,1009,637,372
106000080,1233,312,921
106000081,1103,689,414
106000082,1702,528,1174
106000083,557,1123,-566
106000084,921,482,439
106000085,1484,1338,146
106000086,488,656,-168
106000087,850,444,406
106000088,386,759,-373
106000089,1164,236,928
106000090,439,526,-87
106000091,195,280,-85
106000092,1240,247,993
106000093,435,132,303
106000094,87,262,-175
106000095,1203,657,546
106000096,1129,439,690
106000097,1486,615,871
106000098,1034,620,414
106000099,201,581,-380
106000100,1463,140,1323
106000101,831,315,516
106000102,122,559,-437
106000103,217,407,-190
106000104,1140,297,843
106000105,516,469,47
106000106,919,273,646
106000107,199,168,31
106000108,599,131,468
106000109,260,110,150
106000110,382,98,284
106000111,201,170,31
106000112,379,830,-451
106000113,564,437,127
106000114,581,972,-391
106000115,298,303,-5
106000116,449,201,248
106000117,821,461,360
106000118,1658,1427,231
106000119,936,541,395
106000120,1116,1671,-555
106000121,377,150,227
106000122,261,118,143
106000123,856,99,757
106000124,152,111,41
106000125,33,104,-71
106000126,520,57,463
106000127,1475,493,982
106000128,1047,103,944
106000129,735,342,393
106000130,1070,244,826
106000131,154,728,-574
106000132,513,160,353
106000133,1723,1689,34
106000134,464,3104,-2640
106000135,129,603,-474
106000136,679,1347,-668
106000137,101,538,-437
106000138,2294,110,2184
106000139,87,43,44
106000140,100,62,38
106000141,156,38,118
106000142,100,36,64
106000143,30,43,-13
106000144,25,96,-71
106000145,525,108,417
106000146,559,101,458
106000147,300,253,47
106000148,369,415,-46
106000149,777,296,481
106000150,651,2015,-1364
106000151,2657,600,2057
106000152,789,2648,-1859
106000153,107,1721,-1614
106000154,1028,116,912
106000155,199,311,-112
106000156,1716,139,1577
106000157,689,1498,-809
106000158,1416,716,700
106000159,2102,2232,-130
106000160,590,4346,-3756
106000161,999,240,759
106000162,444,1558,-1114
106000163,486,175,311
106000164,851,273,578
106000165,324,285,39
106000166,1175,236,939
106000167,403,506,-103
106000168,1000,162,838
106000169,345,263,82
106000170,1218,135,1083
106000171,242,912,-670
106000172,2731,1213,1518
106000173,899,2162,-1263
106000174,1352,316,1036
106000175,232,461,-229
106000176,2290,804,1486
106000177,881,1391,-510
106000178,2826,1341,1485
106000179,590,1231,-641
106000180,596,525,71
106000181,1283,1146,137
106000182,1928,525,1403
106000183,1930,384,1546
106000184,1728,470,1258
106000185,1356,1083,273
106000186,560,77,483
106000187,85,947,-862
106000188,2,1,1
106000189,10,35,-25
106000190,39,2,37
106000191,606,94,512
106000192,0,11,-11
106000193,475,196,279
106000194,133,334,-201
106000195,407,147,260
106000196,111,395,-284
106000197,768,200,568
106000198,284,140,144
106000199,614,960,-346
106000200,240,220,20
106000201,415,4529,-4114
106000202,2087,428,1659
106000203,50,181,-131
106000204,134,6,128
106000205,20,136,-116
106000206,114,12,102
106000207,20,257,-237
106000208,1979,223,1756
106000209,2034,545,1489
106000210,219,574,-355
106000211,171,975,-804
106000212,1149,563,586
106000213,149,957,-808
106000214,1175,323,852
106000215,391,400,-9
106000216,617,327,290
106000217,217,270,-53
106000218,310,294,16
106000219,188,198,-10
106000220,590,192,398
106000221,303,71,232
106000222,156,83,73
106000223,584,140,444
106000224,278,64,214
106000225,110,158,-48
106000226,83,106,-23
106000228,118,117,1
106000229,114,457,-343
106000231,1305,113,1192
106000232,88,207,-119
106000233,657,82,575
106000234,157,297,-140
106000235,632,346,286
106000236,182,680,-498
106000237,3,44,-41
106000238,18,58,-40
106000239,2,150,-148
106000240,44,15,29
106000241,14,480,-466
106000242,254,27,227
106000249,97,40,57
106000250,76,550,-474
106000251,159,16,143
106000252,33,78,-45
106000253,63,76,-13
106000254,93,50,43
106000255,37,186,-149
106000256,68,19,49
106000257,155,152,3
106000258,215,85,130
106000259,6,189,-183
106000260,23,4,19
106000261,2,65,-63
106000262,81,7,74
106000263,31,30,1
106000264,194,20,174
106000265,19,119,-100
106000266,122,16,106
106000267,33,95,-62
106000268,220,58,162
106000269,40,70,-30
106000270,90,236,-146
106000271,128,102,26
106000272,203,61,142
106000273,32,208,-176
106000274,162,36,126
106000275,232,160,72
106000276,78,33,45
106000277,130,197,-67
106000278,79,29,50
106000279,10,27,-17
106000280,139,55,84
106000281,99,35,64
106000282,77,41,36
106000283,133,28,105
106000284,172,59,113
106000285,133,68,65
106000286,188,82,106
106000287,150,78,72
106000288,92,123,-31
106000289,96,61,35
106000290,79,42,37
106000291,69,112,-43
106000292,47,45,2
106000293,135,97,38
106000294,57,75,-18
106000295,36,52,-16
106000296,31,67,-36
106000297,44,209,-165
106000298,64,86,-22
106000299,60,99,-39
106000300,76,117,-41
106000301,52,87,-35
106000303,15,74,-59
106000304,61,20,41
106000305,65,93,-28
106000306,63,25,38
106000307,106,17,89
106000308,32,107,-75
106000309,23,71,-48
106000310,273,285,-12
106000311,511,148,363
106000312,207,76,131
106000313,454,139,315
106000318,68,365,-297
106000319,1477,377,1100
106000320,3,68,-65
106000321,251,169,82
106000322,284,29,255
106000324,8,62,-54
106000325,2130,881,1249
106000326,1047,1083,-36
106000327,249,73,176
106000328,34,68,-34
106000329,77,186,-109
106000330,52,82,-30
106000428,80,167,-87
106000429,121,228,-107
106000430,354,720,-366
106000431,2519,460,2059
106000432,967,1995,-1028
106000433,2407,1325,1082
106000434,3669,1379,2290
106000435,925,1968,-1043
106000436,16,122,-106
106000437,425,78,347
106000438,237,276,-39
106000439,43,511,-468
106000440,179,420,-241
106000441,1,1,0
106000442,420,16,404
106000443,284,151,133
106000450,0,73,-73
106000451,29,145,-116
106000454,4,145,-141
106000455,2,133,-131
106000456,90,40,50
106000457,53,329,-276
106000458,1222,53,1169
106000459,406,119,287
106000460,1745,24,1721
106000461,278,367,-89
106000462,1,62,-61
106000463,3,5,-2
106000464,18,148,-130
106000465,999,4,995
106000466,12,200,-188
106000467,138,202,-64
106000468,110,121,-11
106000469,80,0,80
106000470,214,2202,-1988
106000471,13,341,-328
106000472,131,11,120
106000473,33,10,23
106000474,313,361,-48
106000475,386,104,282
106000476,142,255,-113
106000477,47,74,-27
106000480,0,695,-695
106900001,0,18,-18
106900002,2,172,-170
106900003,132,973,-841
106900004,2,7,-5
106900006,0,7,-7
106900007,0,11,-11
106900008,790,72,718
106900009,464,128,336
106900010,299,225,74
106900012,959,3108,-2149
106900013,549,239,310
106900014,50,5,45
106900015,19,3,16
106900016,499,14,485
106900017,16,1,15
106900018,6,0,6
106900019,108,0,108
106900020,1361,2473,-1112
106900021,198,96,102
106900022,1381,3,1378
106900023,14,93,-79
106900024,764,67,697
106900025,34,435,-401
106900026,0,141,-141
106900027,1151,3,1148
107000001,2766,6148,-3382
107000002,1357,2150,-793
107000003,8492,6811,1681
107000004,3224,1799,1425
107000005,8927,6969,1958
107000006,3055,1613,1442
107000007,6226,10085,-3859
107000008,4076,3168,908
107000009,10372,8765,1607
107000010,5156,4005,1151
107000011,552,695,-143
107000012,1873,1784,89
107000013,142,33,109
107000014,69,89,-20
107000015,450,260,190
107000016,989,353,636
107000017,691,2823,-2132
107000018,4,2834,-2830
107000020,727,2951,-2224
107000021,1100,415,685
107000022,912,2276,-1364
107000023,1778,188,1590
107000024,797,1921,-1124
107000025,255,324,-69
107000026,377,430,-53
107000027,1684,778,906
107000028,1289,621,668
107000029,4265,3490,775
107000030,1941,1471,470
107000031,5866,2684,3182
107000032,276,624,-348
107000033,2178,3361,-1183
107000034,4398,1079,3319
107000035,515,231,284
107000036,513,1310,-797
107000037,126,820,-694
107000038,238,151,87
107000039,1116,853,263
107000040,328,168,160
107000041,1400,910,490
107000042,466,2074,-1608
107000043,1723,1077,646
107000044,304,232,72
107000045,68,161,-93
107000046,1152,405,747
107000047,480,573,-93
107000048,768,253,515
107000049,543,703,-160
107000050,1007,496,511
107000051,200,279,-79
107000052,1013,1528,-515
107000053,373,414,-41
107000054,44,154,-110
107000055,343,168,175
107000056,487,453,34
107000057,1251,168,1083
107000058,1904,2501,-597
107000059,1896,2303,-407
107000060,5679,5283,396
107000061,3765,1956,1809
107000062,6774,3066,3708
107000063,3850,2381,1469
107000064,5880,3021,2859
107000065,2616,2433,183
107000066,1813,3436,-1623
107000067,1781,1669,112
107000068,1023,1405,-382
107000069,1264,805,459
107000070,1234,9,1225
107000071,4595,73,4522
107000072,18,1072,-1054
107000073,1287,732,555
107000074,81,582,-501
107000075,2358,552,1806
107000076,250,819,-569
107000077,4121,1263,2858
107000078,963,1531,-568
107000079,3122,1154,1968
107000080,634,1417,-783
107000081,3046,635,2411
107000082,587,590,-3
107000083,1907,681,1226
107000084,261,787,-526
107000085,2974,3400,-426
107000086,2645,2185,460
107000087,3753,2669,1084
107000088,2597,2777,-180
107000089,2256,2368,-112
107000090,1356,713,643
107000091,2040,1202,838
107000092,1050,752,298
107000093,1671,1070,601
107000094,789,694,95
107000095,966,628,338
107000096,559,437,122
107000097,862,300,562
107000098,401,430,-29
107000099,573,389,184
107000100,339,280,59
107000101,140,221,-81
107000102,180,272,-92
107000103,368,180,188
107000104,145,189,-44
107000105,453,155,298
107000106,192,147,45
107000107,733,112,621
107000108,171,330,-159
107000109,944,155,789
107000110,47,169,-122
107000111,546,38,508
107000112,52,128,-76
107000113,883,83,800
107000114,91,260,-169
107000115,1036,416,620
107000116,111,465,-354
107000117,117,1742,-1625
107000118,48,122,-74
107000119,1320,1847,-527
107000120,773,765,8
107000121,1121,694,427
107000122,871,460,411
107000123,668,517,151
107000124,694,346,348
107000125,1534,439,1095
107000126,1438,254,1184
107000129,256,263,-7
107000130,978,251,727
107000131,281,358,-77
107000132,619,301,318
107000133,376,265,111
107000134,297,0,297
107000135,0,347,-347
107000136,653,4,649
107000137,5,669,-664
107000138,187,30,157
107000139,29,873,-844
107000140,2024,67,1957
107000141,82,796,-714
107000142,665,88,577
107000143,62,816,-754
107000144,642,663,-21
107000145,131,312,-181
107000146,212,386,-174
107000147,3816,635,3181
107000150,342,4007,-3665
107000151,18,43,-25
107000152,922,2354,-1432
107000153,75,198,-123
107000154,24,405,-381
107000155,1205,14,1191
107000156,1521,13,1508
107000157,53,445,-392
107000158,1258,15,1243
107000159,36,393,-357
107000160,1967,168,1799
107000161,113,355,-242
107000162,363,776,-413
107000163,179,1,178
107000164,1077,2,1075
107000165,1790,23,1767
107000166,34,249,-215
107000167,1164,184,980
107000168,1126,495,631
107000169,301,336,-35
107000170,3635,652,2983
107000171,589,600,-11
107000172,1728,1953,-225
107000173,302,431,-129
107000174,1231,7193,-5962
107000175,2813,885,1928
107000176,0,1,-1
107000177,8,2,6
107000178,19,6,13
107000179,393,767,-374
107000180,2410,178,2232
107000181,517,471,46
107000182,2569,517,2052
107000183,263,499,-236
107000184,1786,500,1286
107000185,360,759,-399
107000186,1440,350,1090
107000187,1160,1171,-11
107000188,583,434,149
107000189,789,695,94
107000190,743,604,139
107000191,979,804,175
107000192,1841,455,1386
107000193,484,625,-141
107000194,718,535,183
107000197,1128,228,900
107000198,349,416,-67
107000199,1031,574,457
107000200,642,736,-94
107000201,395,518,-123
107000202,420,382,38
107000203,599,1682,-1083
107000204,529,1697,-1168
107000205,1044,644,400
107000206,456,1898,-1442
107000207,545,1592,-1047
107000208,500,622,-122
107000209,660,1084,-424
107000210,102,219,-117
107000211,3,74,-71
107000212,16,184,-168
107000213,2,26,-24
107000214,15,69,-54
107000215,659,184,475
107000216,599,344,255
107000217,180,86,94
107000219,114,309,-195
107000220,237,104,133
107000222,251,320,-69
107000224,699,161,538
107000225,158,182,-24
107000226,686,181,505
107000227,116,135,-19
107000228,350,444,-94
107000229,46,120,-74
107000230,1039,408,631
107000231,445,2167,-1722
107000232,179,21,158
107000233,234,1150,-916
107000234,1,63,-62
107000235,85,28,57
107000236,12,474,-462
107000237,33,0,33
107000238,35,8,27
107000239,1810,672,1138
107000240,110,217,-107
107000243,1,39,-38
107000244,3,108,-105
107000246,3,636,-633
107000249,5,834,-829
107000251,0,132,-132
107000252,0,468,-468
107000255,174,211,-37
107000257,0,360,-360
107000258,6,165,-159
107000259,13,151,-138
107000260,2310,22,2288
107000262,49,169,-120
107000263,610,7,603
107000266,14,14,0
107000267,47,56,-9
107000268,119,43,76
107000269,59,2,57
107000270,230,59,171
107000271,0,0,0
107000272,128,2,126
107000273,0,185,-185
107000274,447,198,249
107000275,31,1336,-1305
107000280,1312,27,1285
107000281,27,267,-240
107000282,39,296,-257
107000290,16,55,-39
107000291,11,10,1
107000292,1,384,-383
107000293,30,18,12
107000294,1,124,-123
107000295,48,5,43
107000296,0,5,-5
107000444,253,3,250
107000496,1,1,0
107000497,970,976,-6
107000500,474,300,174
107000501,113,146,-33
107000502,179,269,-90
107000505,272,684,-412
107000506,0,2,-2
107000508,3,161,-158
107000509,112,766,-654
107000510,78,58,20
107000514,27,507,-480
107000515,12,54,-42
107000516,696,417,279
107000518,1831,2986,-1155
107000519,1000,499,501
107000520,119,54,65
107000521,850,207,643
107000522,1196,337,859
107900001,99,41,58
107900002,73,7,66
107900003,886,11,875
107900004,128,2,126
107900005,2431,17,2414
107900006,232,14,218
107900007,538,62,476
107900008,68,10,58
107900009,111,6,105
107900010,62,5,57
107900012,317,103,214
107900013,246,12,234
107900014,87,6,81
107900015,1673,14,1659
107900016,430,94,336
107900017,22,2,20
107900018,72,329,-257
107900019,24,10,14
107900020,39,17,22
107900021,166,30,136
107900023,4,3,1
107900024,0,9,-9
107900025,235,155,80
107900026,111,7,104
107900027,7,53,-46
107900028,195,59,136
107900030,332,44,288
107900031,111,84,27
107900032,13,4,9
107900033,30,1,29
107900034,262,13,249
107900035,1695,68,1627
107900036,63,33,30
107900037,0,4,-4
107900038,35,322,-287
107900039,62,17,45
107900040,6,189,-183
107900041,4,11,-7
107900043,97,112,-15
107900044,37,6,31
107900045,144,65,79
107900046,284,230,54
107900047,85,16,69
107900048,314,52,262
107900049,313,966,-653
107900050,41,181,-140
107900051,69,21,48
107900052,15,57,-42
107900053,89,51,38
107900055,482,247,235
107900056,105,132,-27
107900057,7,0,7
107900058,20,303,-283
107900060,7,46,-39
107900061,3,19,-16
107900063,82,100,-18
107900064,226,408,-182
107900065,494,19,475
107900066,28,4,24
107900067,1,0,1
107900068,99,1065,-966
107900069,13,3250,-3237
107900070,244,108,136
107900071,14,227,-213
107900072,254,69,185
107900073,123,59,64
107900074,161,330,-169
107900076,215,53,162
107900077,151,2,149
107900078,178,52,126
107900079,31,19,12
107900080,133,1025,-892
107900081,64,71,-7
107900082,2,4,-2
107900083,500,166,334
107900084,131,151,-20
107900086,67,252,-185
107900087,106,106,0
107900088,115,45,70
107900089,222,791,-569
107900090,384,2724,-2340
107900091,136,79,57
107900092,848,143,705
107900093,99,65,34
107900095,996,1509,-513
107900097,33,74,-41
107900098,75,220,-145
107900100,874,1573,-699
107900101,321,49,272
107900102,75,14,61
107900103,65,129,-64
107900104,165,0,165
107900105,11,95,-84
107900106,15,300,-285
107900107,731,352,379
107900108,140,77,63
107900109,2257,68,2189
107900110,54,30,24
107900111,0,256,-256
107900112,66,609,-543
107900113,200,50,150
107900114,389,60,329
107900115,1,10,-9
107900116,237,50,187
107900117,243,68,175
107900118,23,84,-61
107900119,122,241,-119
107900120,46,53,-7
107900121,2,123,-121
107900122,1,89,-88
107900123,40,69,-29
107900124,8,47,-39
107900125,52,218,-166
107900126,30,46,-16
107900127,327,284,43
107900128,95,89,6
107900129,130,11,119
107900130,116,6,110
107900131,67,686,-619
107900132,46,218,-172
107900133,0,36,-36
107900134,52,116,-64
107900135,8,87,-79
107900136,13,19,-6
107900137,74,117,-43
107900138,78,30,48
107900139,60,16,44
107900141,19,31,-12
107900142,30,395,-365
107900143,18,7,11
107900144,4,65,-61
107900145,3,33,-30
107900146,37,136,-99
107900147,55,47,8
107900148,201,99,102
107900149,480,81,399
107900150,22,215,-193
107900151,29,27,2
107900152,1,78,-77
107900153,79,336,-257
107900154,46,52,-6
107900155,73,53,20
107900156,11,40,-29
107900157,29,50,-21
107900158,1309,38,1271
107900159,26,268,-242
107900160,223,54,169
107900161,85,27,58
107900162,0,41,-41
107900163,18,50,-32
107900164,28,35,-7
107900165,25,213,-188
107900166,72,54,18
107900167,18,43,-25
107900168,52,26,26
107900169,21,154,-133
107900171,8,253,-245
107900172,0,124,-124
107900173,39,59,-20
107900174,167,1,166
107900175,6,60,-54
107900176,79,10,69
107900177,2,116,-114
107900178,14,50,-36
107900179,45,91,-46
107900180,388,1137,-749
107900181,314,212,102
107900182,2,240,-238
107900183,90,45,45
107900184,80,60,20
107900185,192,8,184
107900186,23,30,-7
107900187,0,47,-47
107900188,322,85,237
107900189,44,90,-46
107900190,32,189,-157
107900191,39,69,-30
107900193,7,89,-82
107900194,198,19,179
107900195,547,161,386
107900196,140,20,120
107900197,200,438,-238
107900199,0,250,-250
107900201,116,34,82
107900203,14,16,-2
107900204,218,144,74
107900205,197,229,-32
107900206,548,530,18
107900207,0,82,-82
107900208,42,163,-121
107900209,196,125,71
107900210,29,34,-5
107900213,233,401,-168
107900214,7,25,-18
107900215,106,440,-334
107900216,32,30,2
107900217,38,54,-16
107900218,28,966,-938
107900219,34,23,11
107900220,49,141,-92
107900221,107,111,-4
107900223,182,104,78
107900224,65,429,-364
107900225,11,233,-222
107900226,10,57,-47
107900227,81,175,-94
107900228,56,75,-19
107900229,9,78,-69
107900230,32,16,16
107900231,29,63,-34
107900232,136,64,72
107900233,23,30,-7
107900234,134,110,24
107900235,17,70,-53
107900236,400,34,366
107900237,16,174,-158
107900238,46,21,25
107900239,218,525,-307
107900240,42,51,-9
107900241,16,24,-8
107900242,43,52,-9
107900243,3,19,-16
107900244,408,1,407
107900245,942,24,918
107900246,260,12,248
107900248,232,84,148
107900249,1194,58,1136
107900250,0,203,-203
107900251,14,585,-571
107900252,905,41,864
107900253,267,6,261
107900254,68,148,-80
107900255,95,75,20
107900256,423,927,-504
107900257,368,126,242
107900258,159,72,87
107900259,31,3302,-3271
107900261,2,103,-101
107900262,33,33,0
107900264,578,42,536
107900265,170,110,60
107900267,465,5,460
107900268,15,1,14
107900269,0,4,-4
107900270,2,0,2
107900271,4,36,-32
107900272,27,62,-35
107900273,58,59,-1
107900274,184,0,184
107900275,26,1,25
107900276,1,40,-39
107900277,0,61,-61
107900278,559,89,470
107900279,43,82,-39
107900280,2419,1296,1123
107900281,584,5815,-5231
107900282,32,966,-934
107900283,612,899,-287
107900284,854,229,625
107900285,156,26,130
107900286,26,40,-14
107900287,459,125,334
107900290,0,383,-383
107900291,680,30,650
107900292,122,78,44
107900293,112,130,-18
107900295,67,16,51
107900297,4,245,-241
107900298,493,239,254
107900299,1424,3153,-1729
107900300,157,461,-304
107900301,899,977,-78
107900302,122,41,81
107900303,240,158,82
107900304,595,111,484
107900305,358,11,347
107900306,4,41,-37
107900307,35,144,-109
107900308,193,178,15
107900309,51,0,51
107900310,58,0,58
107900311,7,584,-577
107900312,23,1,22
107900313,0,189,-189
107900314,1,105,-104
107900315,2,57,-55
107900316,31,1,30
107900317,93,3,90
107900318,6,190,-184
107900319,10,76,-66
107900320,6,60,-54
107900321,199,2,197
107900322,0,31,-31
107900323,13,56,-43
107900324,126,2,124
107900325,126,0,126
107900326,406,71,335
107900327,1,150,-149
107900328,35,1,34
107900329,80,153,-73
107900330,11,72,-61
107900331,490,22,468
107900332,563,3,560
107900333,63,22,41
107900334,2,34,-32
107900335,27,31,-4
107900336,25,53,-28
107900337,385,1132,-747
107900338,5,60,-55
107900339,2,4,-2
107900340,2,94,-92
107900341,38,0,38
107900342,152,60,92
107900343,30,3,27
107900344,8,18,-10
107900345,130,25,105
107900346,4,0,4
107900347,9,2,7
107900348,3,6,-3
107900349,21,10,11
107900350,9,113,-104
107900351,1,55,-54
107900352,2,7,-5
107900353,17,3,14
107900354,14,17,-3
108000001,4817,4046,771
108000002,1839,1364,475
108000003,2895,4006,-1111
108000004,9106,9907,-801
108000005,7474,5772,1702
108000006,3617,3760,-143
108000007,5493,4798,695
108000008,2962,3498,-536
108000009,5489,5562,-73
108000010,2490,2969,-479
108000011,12822,11629,1193
108000012,8260,8264,-4
108000014,449,1292,-843
108000015,1055,216,839
108000016,281,596,-315
108000017,1206,326,880
108000018,2220,619,1601
108000019,954,793,161
108000020,1237,483,754
108000021,308,1004,-696
108000022,340,734,-394
108000023,1889,279,1610
108000024,319,206,113
108000025,459,152,307
108000026,924,215,709
108000027,848,152,696
108000028,848,120,728
108000029,707,270,437
108000030,577,145,432
108000031,226,294,-68
108000032,2568,635,1933
108000033,617,520,97
108000034,2214,556,1658
108000035,501,1042,-541
108000036,335,657,-322
108000037,2504,392,2112
108000038,3659,515,3144
108000039,416,1115,-699
108000040,2545,889,1656
108000041,445,1470,-1025
108000042,474,121,353
108000043,244,110,134
108000044,1010,74,936
108000045,339,138,201
108000046,1979,332,1647
108000047,275,459,-184
108000048,117,148,-31
108000049,1108,204,904
108000050,49,205,-156
108000051,453,256,197
108000052,167,333,-166
108000053,492,317,175
108000054,353,753,-400
108000055,1183,826,357
108000056,496,1158,-662
108000057,570,1484,-914
108000058,1957,4554,-2597
108000059,1613,1141,472
108000060,278,633,-355
108000061,93,176,-83
108000062,1249,676,573
108000063,412,274,138
108000064,378,207,171
108000065,614,311,303
108000066,1464,775,689
108000067,2296,813,1483
108000068,1082,388,694
108000069,150,458,-308
108000070,2547,739,1808
108000071,449,981,-532
108000072,1952,804,1148
108000073,742,855,-113
108000074,843,388,455
108000075,349,336,13
108000076,1060,543,517
108000077,458,337,121
108000078,2573,1026,1547
108000079,576,717,-141
108000080,2021,497,1524
108000081,590,735,-145
108000082,584,1211,-627
108000083,2053,1089,964
108000084,348,643,-295
108000085,1524,667,857
108000086,417,345,72
108000087,265,2801,-2536
108000088,274,10,264
108000089,440,327,113
108000090,606,161,445
108000091,249,341,-92
108000092,208,81,127
108000093,333,332,1
108000094,956,81,875
108000095,308,179,129
108000096,499,161,338
108000097,208,238,-30
108000098,2324,941,1383
108000099,284,63,221
108000100,105,258,-153
108000101,1641,1701,-60
108000102,1666,3813,-2147
108000106,900,5,895
108000107,2,574,-572
108000108,692,77,615
108000109,4,549,-545
108000110,492,264,228
108000111,244,461,-217
108000112,85,186,-101
108000113,342,177,165
108000115,274,269,5
108000117,382,483,-101
108000118,64,407,-343
108000119,461,202,259
108000120,182,1049,-867
108000121,216,272,-56
108000122,829,395,434
108000123,1055,206,849
108000124,448,454,-6
108000125,857,183,674
108000126,247,257,-10
108000127,823,375,448
108000128,880,183,697
108000129,483,365,118
108000130,660,210,450
108000131,777,408,369
108000132,605,832,-227
108000133,1340,507,833
108000134,514,279,235
108000135,1358,704,654
108000136,273,376,-103
108000137,690,151,539
108000138,555,459,96
108000139,720,222,498
108000140,419,19,400
108000141,64,26,38
108000142,69,43,26
108000143,42,10,32
108000144,129,23,106
108000145,78,3,75
108000146,208,8,200
108000147,58,5,53
108000148,150,4,146
108000149,31,6,25
108000150,64,12,52
108000151,10,0,10
108000152,166,183,-17
108000153,926,95,831
108000154,65,3,62
108000155,83,32,51
108000156,237,219,18
108000157,197,2020,-1823
108000158,128,1035,-907
108000159,245,326,-81
108000160,1337,1255,82
108000161,1365,4649,-3284
108000165,2,390,-388
108000172,1,364,-363
108000173,591,2530,-1939
108000175,959,122,837
108000178,324,380,-56
108000179,201,1042,-841
108000181,108,26,82
108000182,67,20,47
108000183,6,4,2
108000184,605,3692,-3087
108000185,296,159,137
108000186,312,59,253
108000187,140,146,-6
108000188,881,118,763
108000189,321,2123,-1802
108000190,37,70,-33
108000192,320,140,180
108000193,405,10,395
108000194,17,24,-7
108000195,0,572,-572
108000196,201,192,9
108000198,592,57,535
108000199,1,343,-342
108000200,539,163,376
108000203,191,204,-13
108000204,147,82,65
108000205,111,147,-36
108000339,770,397,373
108000364,73,193,-120
108000365,105,236,-131
108000367,181,172,9
108000368,13,38,-25
108000369,390,115,275
108000371,1,428,-427
108000372,616,0,616
108000373,206,52,154
108000376,155,23,132
108000377,706,102,604
108000378,8729,14067,-5338
108000379,46,132,-86
108000381,153,6,147
108000382,76,1,75
108000383,0,209,-209
108900001,26,278,-252
108900002,158,114,44
108900003,172,497,-325
108900004,79,541,-462
108900005,90,582,-492
108900006,984,175,809
108900007,358,102,256
108900008,193,75,118
108900009,156,88,68
108900010,456,118,338
108900011,1214,295,919
108900012,473,259,214
108900013,162,177,-15
108900014,33,85,-52
108900015,0,95,-95
108900016,0,200,-200
108900017,200,492,-292
108900018,201,306,-105
108900019,40,217,-177
108900020,56,129,-73
108900021,145,161,-16
108900022,113,17,96
108900023,10,70,-60
108900024,72,19,53
108900025,282,59,223
108900026,26,29,-3
108900027,0,33,-33
108900028,101,69,32
108900029,137,156,-19
108900030,0,23,-23
108900031,174,145,29
108900032,3,86,-83
108900033,0,26,-26
108900034,0,25,-25
108900035,269,286,-17
108900036,87,187,-100
108900037,58,109,-51
108900038,1,85,-84
108900039,0,86,-86
108900040,11,61,-50
108900041,3000,3388,-388
108900042,3,336,-333
108900043,45,164,-119
108900044,1,131,-130
108900045,113,116,-3
108900046,24,170,-146
108900047,1,323,-322
108900048,96,279,-183
108900049,1005,2554,-1549
108900050,3,69,-66
108900051,1,77,-76
108900052,28,85,-57
108900053,80,461,-381
108900054,43,92,-49
108900055,24,375,-351
108900056,0,51,-51
108900057,0,33,-33
108900058,42,103,-61
108900059,1050,34,1016
108900060,80,315,-235
108900061,70,11,59
108900062,3,100,-97
108900063,6,83,-77
108900064,445,9,436
108900065,14,66,-52
108900066,505,132,373
108900067,9,130,-121
108900068,7,35,-28
108900069,81,17,64
108900070,46,30,16
108900071,203,66,137
108900072,972,352,620
108900073,43,64,-21
108900074,397,43,354
108900075,10,21,-11
108900076,658,56,602
108900077,72,139,-67
108900078,57,33,24
108900079,283,130,153
108900080,8,1115,-1107
108900081,38,196,-158
108900082,88,31,57
108900083,13,255,-242
108900084,176,114,62
108900085,902,128,774
108900086,210,41,169
108900087,86,112,-26
108900088,840,333,507
108900089,23,220,-197
108900090,112,43,69
108900091,114,49,65
108900092,672,292,380
108900093,107,128,-21
108900094,351,175,176
108900095,13,170,-157
108900096,217,4,213
108900097,412,62,350
108900098,888,1055,-167
108900099,543,47,496
108900100,51,87,-36
108900101,240,372,-132
108900102,24,1572,-1548
108900103,173,164,9
108900104,58,280,-222
108900105,8,2303,-2295
108900106,569,91,478
108900108,389,19,370
108900109,809,79,730
108900110,234,153,81
108900111,556,179,377
108900112,340,26,314
108900113,48,98,-50
108900114,134,14,120
108900115,189,113,76
108900116,128,5,123
108900117,284,17,267
108900118,1089,32,1057
108900119,390,19,371
108900120,382,225,157
108900121,335,119,216
108900122,343,28,315
108900123,261,173,88
108900124,1075,264,811
108900125,787,7,780
108900126,239,53,186
108900127,277,26,251
108900128,260,52,208
108900129,1334,197,1137
108900130,742,4,738
108900131,556,14,542
108900132,729,49,680
108900133,404,61,343
108900134,1095,106,989
108900135,410,11,399
108900136,32,1,31
108900137,292,5,287
108900138,1286,89,1197
108900139,745,67,678
108900140,731,59,672
108900141,607,13,594
108900142,115,6,109
108900143,164,2,162
108900144,128,1,127
108900145,379,31,348
108900146,102,0,102
108900147,372,3,369
108900148,62,49,13
108900149,371,170,201
108900150,324,11,313
108900151,99,44,55
108900152,209,27,182
108900153,292,80,212
108900154,5469,435,5034
108900155,384,82,302
108900156,121,7,114
108900157,26,97,-71
108900158,606,36,570
108900159,0,82,-82
108900160,22,125,-103
108900161,5,235,-230
108900162,258,3,255
108900163,4,464,-460
108900164,54,30,24
108900165,64,36,28
108900167,805,12647,-11842
108900168,2940,2628,312
108900169,61,111,-50
108900171,2238,3884,-1646
108900172,197,56,141
108900173,57,316,-259
108900174,1329,329,1000
108900176,137,289,-152
108900177,2453,9231,-6778
108900178,2072,4954,-2882
108900179,341,2363,-2022
108900180,108,420,-312
108900182,50,475,-425
108900183,109,161,-52
108900184,601,230,371
108900185,92,418,-326
108900186,87,267,-180
108900187,645,50,595
108900188,949,53,896
108900189,487,102,385
108900190,76,1321,-1245
108900191,199,58,141
108900192,103,122,-19
108900193,45,35,10
108900194,3,196,-193
108900195,81,50,31
108900196,63,161,-98
108900198,9,131,-122
108900199,194,197,-3
108900200,655,319,336
108900201,390,797,-407
108900203,508,160,348
108900204,427,12,415
108900205,420,40,380
108900206,461,89,372
108900207,239,285,-46
108900208,21,195,-174
108900209,205,318,-113
108900210,82,129,-47
108900211,157,706,-549
108900212,125,1836,-1711
108900215,84,314,-230
108900216,199,334,-135
108900217,59,0,59
108900218,62,13,49
108900219,74,1,73
108900220,50,22,28
108900221,18,54,-36
108900222,288,20,268
108900223,3,99,-96
108900224,17,101,-84
108900225,1,145,-144
108900226,19,2,17
108900227,165,476,-311
108900230,74,163,-89
108900231,10,136,-126
108900232,3,108,-105
108900233,496,107,389
108900234,388,148,240
108900235,112,191,-79
108900236,25,132,-107
108900237,48,61,-13
108900240,117,97,20
108900241,58,47,11
108900245,4,1927,-1923
108900249,113,30,83
108900250,297,78,219
108900257,291,120,171
108900258,4,104,-100
108900259,34,15,19
108900260,3,8,-5
108900261,78,36,42
108900262,77,117,-40
108900263,43,129,-86
108900264,132,265,-133
108900265,617,667,-50
108900266,191,1432,-1241
108900267,2,284,-282
108900268,2,11,-9
108900269,165,12,153
108900270,179,8,171
108900271,80,29,51
108900272,348,27,321
108900273,190,980,-790
108900274,99,13,86
109000001,3224,2500,724
109000002,910,1902,-992
109000003,3590,420,3170
109000004,534,1616,-1082
109000005,2349,643,1706
109000006,627,1479,-852
109000007,2354,736,1618
109000008,754,1406,-652
109000009,3719,1271,2448
109000010,820,2437,-1617
109000011,5270,2293,2977
109000012,1631,2222,-591
109000013,5181,4362,819
109000014,1813,1943,-130
109000015,4016,11153,-7137
109000016,4421,2144,2277
109000017,3545,1352,2193
109000018,1025,1701,-676
109000019,3053,1444,1609
109000020,858,1623,-765
109000023,234,21,213
109000024,7,128,-121
109000025,319,633,-314
109000026,510,322,188
109000027,167,478,-311
109000028,152,50,102
109000029,141,420,-279
109000030,24,330,-306
109000031,249,188,61
109000032,183,361,-178
109000033,358,289,69
109000034,41,56,-15
109000035,7,67,-60
109000036,60,306,-246
109000037,444,2818,-2374
109000038,300,218,82
109000039,1234,922,312
109000040,3154,14690,-11536
109000041,1396,2813,-1417
109000042,435,1521,-1086
109000044,394,94,300
109000045,80,337,-257
109000046,641,80,561
109000047,67,373,-306
109000048,568,303,265
109000049,262,450,-188
109000050,312,244,68
109000051,169,102,67
109000052,572,414,158
109000053,381,74,307
109000054,215,264,-49
109000055,301,300,1
109000056,350,224,126
109000057,989,409,580
109000058,392,92,300
109000059,203,1123,-920
109000060,244,352,-108
109000061,353,2021,-1668
109000062,157,383,-226
109000063,242,91,151
109000064,466,143,323
109000065,307,136,171
109000066,523,64,459
109000067,112,160,-48
109000068,713,6,707
109000069,592,27,565
109000070,100,1108,-1008
109000071,468,67,401
109000072,140,245,-105
109000073,91,103,-12
109000074,32,128,-96
109000075,114,264,-150
109000076,122,316,-194
109000077,213,138,75
109000078,136,142,-6
109000079,106,72,34
109000080,373,78,295
109000081,212,222,-10
109000082,1168,158,1010
109000083,283,294,-11
109000088,197,216,-19
109000089,375,68,307
109000090,160,268,-108
109000091,588,193,395
109000092,270,298,-28
109000093,417,237,180
109000094,1072,2,1070
109000095,158,254,-96
109000096,1160,224,936
109000097,82,98,-16
109000098,40,121,-81
109000099,847,175,672
109000100,371,463,-92
109000101,1877,480,1397
109000102,559,425,134
109000103,710,390,320
109000104,2664,401,2263
109000105,579,567,12
109000106,2092,608,1484
109000107,473,971,-498
109000108,2431,662,1769
109000109,460,835,-375
109000110,1579,579,1000
109000111,675,1756,-1081
109000112,360,71,289
109000113,425,161,264
109000114,202,312,-110
109000115,1029,44,985
109000116,6,217,-211
109000117,332,22,310
109000118,20,220,-200
109000119,1879,83,1796
109000120,315,350,-35
109000121,752,18,734
109000122,196,265,-69
109000123,49,48,1
109000124,1094,225,869
109000125,1113,241,872
109000126,487,367,120
109000127,1483,158,1325
109000128,622,572,50
109000129,3194,776,2418
109000130,307,743,-436
109000131,1073,804,269
109000132,414,925,-511
109000133,303,479,-176
109000134,633,828,-195
109000135,607,903,-296
109000136,280,188,92
109000137,306,327,-21
109000138,667,150,517
109000139,764,258,506
109000140,288,134,154
109000141,773,309,464
109000142,192,404,-212
109000143,113,75,38
109000145,107,330,-223
109000146,29,60,-31
109000148,1517,2267,-750
109000149,25,129,-104
109000150,49,475,-426
109000155,1162,804,358
109000156,819,275,544
109000158,86,200,-114
109000159,87,304,-217
109000160,1576,163,1413
109000161,627,710,-83
109000162,2526,409,2117
109000163,1518,1084,434
109000164,1681,1695,-14
109000165,1717,417,1300
109000166,1319,87,1232
109000167,190,398,-208
109000170,33,29,4
109000171,177,42,135
109000172,26,31,-5
109000173,26,121,-95
109000174,194,14,180
109000175,55,54,1
109000176,572,160,412
109000177,18,70,-52
109000178,1029,552,477
109000179,2420,6565,-4145
109000180,3363,3499,-136
109000181,23,14,9
109000182,90,14,76
109000183,69,5,64
109000184,33,9,24
109000185,60,20,40
109000188,522,912,-390
109000189,2800,722,2078
109000190,812,378,434
109000191,430,359,71
109000192,555,90,465
109000193,354,84,270
109000194,339,36,303
109000195,154,78,76
109000196,395,56,339
109000197,167,226,-59
109000198,385,49,336
109000199,175,284,-109
109000206,235,64,171
109000207,256,59,197
109000208,131,128,3
109000209,173,90,83
109000210,131,405,-274
109000211,1127,362,765
109000214,508,126,382
109000215,162,48,114
109000216,378,371,7
109000217,137,99,38
109000218,405,203,202
109000221,187,501,-314
109000222,805,198,607
109000223,550,346,204
109000224,85,55,30
109000225,185,26,159
109000226,52,118,-66
109000227,1929,817,1112
109000228,4,1443,-1439
109000231,1,96,-95
109000232,675,148,527
109000236,280,358,-78
109000241,1840,1027,813
109000242,1423,701,722
109000293,23,70,-47
109000361,61,134,-73
109000364,113,321,-208
109000396,4,211,-207
109000397,857,13,844
109000399,124,267,-143
109000400,123,112,11
109000403,36,1069,-1033
109000406,493,7,486
109000407,290,129,161
109000408,3,215,-212
109000410,974,188,786
109000411,350,19,331
109900001,170,2,168
109900002,945,19,926
109900003,539,0,539
109900004,319,62,257
109900005,51,2,49
109900006,580,91,489
109900007,1565,144,1421
109900008,0,24,-24
109900009,112,161,-49
109900010,718,10,708
109900011,59,73,-14
109900012,414,260,154
109900013,388,187,201
109900014,469,37,432
109900015,253,144,109
109900016,202,8,194
109900017,236,229,7
109900018,186,25,161
109900019,336,47,289
109900020,52,19,33
109900021,25,10,15
109900022,134,162,-28
109900023,28,3,25
109900024,24,0,24
109900025,21,23,-2
109900026,2,124,-122
109900027,51,44,7
109900028,350,1932,-1582
109900029,2,149,-147
109900030,57,6,51
109900031,0,228,-228
109900032,8,206,-198
109900033,2,289,-287
109900034,66,3,63
109900035,42,28,14
109900036,24,33,-9
109900037,15,322,-307
109900038,103,165,-62
109900039,9,1,8
109900040,33,224,-191
109900041,55,150,-95
109900042,10,421,-411
109900044,160,190,-30
109900045,83,50,33
109900046,41,38,3
109900047,124,211,-87
109900048,1,97,-96
109900049,15,28,-13
109900050,0,55,-55
109900051,2,5,-3
109900052,54,140,-86
109900053,1,78,-77
109900054,1021,181,840
109900055,82,128,-46
109900056,32,424,-392
109900057,7,52,-45
109900058,0,56,-56
109900059,1350,82,1268
109900060,848,61,787
109900061,79,153,-74
109900062,0,52,-52
109900063,39,289,-250
109900064,762,157,605
109900065,106,71,35
109900066,217,379,-162
109900067,0,77,-77
109900068,99,4,95
109900069,8,40,-32
109900070,17,110,-93
109900071,5,9,-4
109900072,10,65,-55
109900073,486,107,379
109900074,14,7,7
109900075,53,22,31
109900076,17,41,-24
109900077,29,16,13
109900078,60,169,-109
109900080,108,117,-9
109900081,12,171,-159
109900082,33,172,-139
109900083,11,36,-25
109900084,50,72,-22
109900085,97,275,-178
109900086,136,702,-566
109900087,59,428,-369
109900089,877,143,734
109900090,238,481,-243
109900091,483,73,410
109900092,292,32,260
109900093,1275,97,1178
109900094,127,93,34
109900095,74,150,-76
109900096,201,6,195
109900097,175,5,170
109900098,799,21,778
109900099,444,2,442
109900100,87,0,87
109900101,883,17,866
109900102,580,29,551
109900103,38,28,10
109900104,1229,135,1094
109900105,743,43,700
109900106,422,35,387
109900107,634,38,596
109900108,231,202,29
109900109,49,172,-123
109900110,81,120,-39
109900111,73,242,-169
109900112,102,215,-113
109900113,976,660,316
109900114,828,1316,-488
109900115,216,67,149
109900117,1521,81,1440
109900118,74,251,-177
109900119,270,325,-55
109900120,53,15,38
109900121,260,355,-95
109900122,713,2,711
109900123,22,39,-17
109900124,39,188,-149
109900125,0,126,-126
109900126,477,35,442
109900128,433,22,411
109900130,2370,3002,-632
109900131,26,107,-81
109900132,31,153,-122
109900133,133,176,-43
109900134,59,96,-37
109900135,211,16,195
109900136,59,75,-16
109900137,186,149,37
109900140,275,70,205
109900142,1822,161,1661
109900145,5,493,-488
109900146,171,34,137
109900148,33,73,-40
109900149,10,52,-42
109900150,4,35,-31
109900151,9,16,-7
109900152,0,20,-20
109900153,1,36,-35
109900154,35,1,34
109900155,63,21,42
109900157,56,160,-104
109900158,31,128,-97
109900159,206,53,153
109900160,138,93,45
109900161,385,84,301
109900162,364,135,229
109900163,256,206,50
109900164,60,160,-100
109900165,380,2,378
109900166,4,92,-88
109900167,169,191,-22
109900168,259,360,-101
109900169,278,105,173
109900170,322,1376,-1054
109900171,326,69,257
109900172,293,400,-107
109900173,1137,3190,-2053
109900174,31,102,-71
109900175,113,95,18
109900176,117,125,-8
109900177,69,84,-15
109900178,4,133,-129
109900179,24,16,8
109900180,4,13,-9
110000001,639,436,203
110000002,551,662,-111
110000003,719,703,16
110000004,402,576,-174
110000005,355,1886,-1531
110000006,222,266,-44
110000007,136,94,42
110000008,30,123,-93
110000009,39,34,5
110000010,44,106,-62
110000011,65,37,28
110000012,588,158,430
110000013,74,865,-791
110000014,406,311,95
110000015,210,616,-406
110000016,240,1511,-1271
110000017,2516,287,2229
110000018,1983,255,1728
110000019,6,91,-85
110000020,562,193,369
110000021,193,386,-193
110000022,1155,116,1039
110000023,7,101,-94
110000024,452,260,192
110000025,595,2,593
110000026,7,235,-228
110000027,589,1118,-529
110000028,1070,510,560
110000029,503,574,-71
110000030,474,380,94
110000031,366,254,112
110000032,904,314,590
110000033,175,165,10
110000034,533,407,126
110000035,710,356,354
110000036,1139,301,838
110000037,266,372,-106
110000038,237,576,-339
110000039,1003,4687,-3684
110000040,236,172,64
110000041,298,2212,-1914
110000042,101,417,-316
110000043,694,361,333
110000044,16,603,-587
110000045,129,153,-24
110000046,2,41,-39
110000047,9,139,-130
110000048,3,31,-28
110000049,22,7,15
110000050,3,131,-128
110000051,43,3,40
110000052,33,25,8
110000053,32,55,-23
110000054,137,809,-672
110000055,171,102,69
110000056,80,89,-9
110000057,309,487,-178
110000058,981,486,495
110000059,1064,456,608
110000060,1168,833,335
110000061,595,675,-80
110000062,646,893,-247
110000063,98,233,-135
110000064,127,35,92
110000065,154,103,51
110000066,127,32,95
110000067,79,140,-61
110000068,396,82,314
110000069,531,31,500
110000071,367,20,347
110000073,72,14,58
110000075,26,46,-20
110000076,384,365,19
110000077,200,1001,-801
110000078,83,7,76
110000080,234,408,-174
110000081,55,240,-185
110000082,40,355,-315
110000083,236,388,-152
110000084,1514,1177,337
110000085,705,1214,-509
110000086,1038,2839,-1801
110000087,23,39,-16
110000088,173,232,-59
110000089,379,46,333
110000090,146,129,17
110000091,812,164,648
110000092,24,32,-8
110000093,47,27,20
110000094,457,116,341
110000095,178,734,-556
110000096,1137,1872,-735
110000097,881,1723,-842
110000098,1932,824,1108
110000099,842,1375,-533
110000100,1586,253,1333
110000101,58,118,-60
110000102,156,37,119
110000104,457,185,272
110000105,29,179,-150
110000106,644,575,69
110000107,131,297,-166
110000108,153,88,65
110000109,186,244,-58
110000110,1719,3549,-1830
110000111,3183,3439,-256
110000112,219,1188,-969
110000113,81,2640,-2559
110000114,347,661,-314
110000115,442,252,190
110000116,113,85,28
110000117,416,130,286
110000118,684,153,531
110000119,319,131,188
110000120,343,124,219
110000121,99,264,-165
110000122,233,371,-138
110000123,757,525,232
110000124,1,455,-454
110000125,1214,5,1209
110000126,296,24,272
110000127,1496,90,1406
110000128,54,544,-490
110000129,4,257,-253
110000130,312,280,32
110000131,66,183,-117
110000132,0,360,-360
110000133,42,446,-404
110000134,42,343,-301
110000135,235,21,214
110000136,89,216,-127
110000137,841,339,502
110000138,1054,423,631
110000139,1263,378,885
110000140,924,795,129
110000143,473,304,169
110000144,2203,2606,-403
110000145,1496,1815,-319
110000146,1131,1503,-372
110000147,433,704,-271
110000148,748,209,539
110000151,603,1695,-1092
110000152,606,660,-54
110000153,307,4,303
110000154,111,41,70
110000155,873,3047,-2174
110000156,727,2331,-1604
110000157,1393,2782,-1389
110000160,425,344,81
110000161,238,119,119
110000166,890,57,833
110000167,1293,603,690
110000168,942,682,260
110000169,999,343,656
110000170,212,85,127
110000171,791,136,655
110000172,201,426,-225
110000173,525,682,-157
110000174,158,519,-361
110000175,1056,45,1011
110000176,72,572,-500
110000177,216,1293,-1077
110000178,491,2289,-1798
110000179,801,262,539
110000180,334,200,134
110000181,976,402,574
110000182,359,99,260
110000183,4606,8129,-3523
110000184,208,2803,-2595
110000185,575,681,-106
110000186,648,716,-68
110000191,1739,102,1637
110000192,682,15,667
110000193,1423,19,1404
110000194,5,490,-485
110000195,792,119,673
110000196,524,65,459
110000197,151,43,108
110000198,141,40,101
110000199,79,133,-54
110000200,625,367,258
110000201,989,1353,-364
110000202,1169,550,619
110000203,366,438,-72
110000204,7,145,-138
110000205,284,58,226
110000206,370,508,-138
110000207,1368,242,1126
110000208,227,241,-14
110000209,72,404,-332
110000210,1657,356,1301
110000211,797,511,286
110000212,533,1241,-708
110000213,343,66,277
110000214,572,61,511
110000215,149,131,18
110000216,93,97,-4
110000217,500,60,440
110000218,197,137,60
110000219,708,35,673
110000220,72,103,-31
110000221,617,21,596
110000222,70,258,-188
110000223,6,99,-93
110000224,13,11,2
110000225,190,630,-440
110000226,368,39,329
110000227,571,886,-315
110000228,331,81,250
110000229,1,66,-65
110000230,572,493,79
110000231,208,220,-12
110000232,190,203,-13
110000233,164,256,-92
110000234,488,1278,-790
110000235,836,845,-9
110000236,767,369,398
110000237,2206,1069,1137
110000238,1035,968,67
110000239,2102,833,1269
110000240,0,18,-18
110000242,0,16,-16
110000243,205,53,152
110000244,120,298,-178
110000245,32,277,-245
110000246,893,276,617
110000247,750,3736,-2986
110000248,1035,1315,-280
110000249,49,6,43
110000250,15,131,-116
110000251,449,289,160
110000252,284,125,159
110000253,1620,441,1179
110000254,477,653,-176
110000255,102,635,-533
110000256,303,194,109
110000257,361,342,19
110000258,8,350,-342
110000259,235,14,221
110000260,33,71,-38
110000263,455,63,392
110000264,519,243,276
110000265,1296,1806,-510
110000266,967,2132,-1165
110000267,32,120,-88
110000268,326,336,-10
110000269,2,43,-41
110000270,140,31,109
110000271,1434,253,1181
110000272,1262,1114,148
110000273,1421,1137,284
110000274,295,2334,-2039
110000275,1459,650,809
110000276,385,524,-139
110000277,346,247,99
110000278,361,610,-249
110000279,857,684,173
110000280,755,490,265
110000281,66,313,-247
110000282,201,9,192
110000283,27,45,-18
110000284,16,8,8
110000285,5,734,-729
110000286,1,0,1
110000287,119,1,118
110000288,2,59,-57
110000289,606,2974,-2368
110000290,450,521,-71
110000291,3599,814,2785
110000292,920,5983,-5063
110000293,654,396,258
110000294,1510,1063,447
110000295,156,583,-427
110000296,708,190,518
110000297,2194,199,1995
110000298,123,492,-369
110000299,94,81,13
110000301,351,42,309
110000302,491,663,-172
110000303,466,7,459
110000304,200,182,18
110000305,1423,19,1404
110000306,233,777,-544
110000307,2006,6,2000
110000308,570,47,523
110000309,6,568,-562
110000310,972,45,927
110000311,14,505,-491
110000312,497,101,396
110000313,1517,2588,-1071
110000314,1,154,-153
110000315,1660,1937,-277
110000316,475,866,-391
110000317,123,785,-662
110000318,1,43,-42
110000319,12,23,-11
110000320,76,52,24
110000321,26,49,-23
110000322,253,285,-32
110000323,630,110,520
110000324,2659,1381,1278
110000325,1384,3627,-2243
110000327,332,286,46
110000328,185,424,-239
110000333,963,976,-13
110000334,515,1311,-796
110000335,590,409,181
110000336,662,896,-234
110000337,1834,584,1250
110000338,572,222,350
110000339,477,161,316
110000340,7,142,-135
110000341,625,315,310
110000342,101,3,98
110000343,0,10,-10
110000344,184,257,-73
110000345,249,366,-117
110000346,1091,1509,-418
110000347,1608,661,947
110000348,22,2,20
110000349,6,10,-4
110000350,100,4,96
110000351,1521,433,1088
110000352,801,1608,-807
110000353,2077,373,1704
110000354,1280,3982,-2702
110000355,138,30,108
110000356,926,17,909
110000357,615,16,599
110000361,62,8,54
110000362,174,37,137
110000363,758,63,695
110000364,364,162,202
110000365,149,2,147
110000366,2,124,-122
110000367,464,91,373
110000368,0,54,-54
110000369,94,2,92
110000373,6,292,-286
110000374,163,21,142
110000375,85,1077,-992
110000376,36,57,-21
110000377,62,454,-392
110000378,10,418,-408
110000379,1888,2537,-649
110000380,66,4,62
110000383,1,893,-892
110000384,651,271,380
110000385,0,192,-192
110000387,81,3,78
110000388,70,143,-73
110000389,1287,6,1281
110000391,1078,117,961
110000396,256,64,192
110000397,210,45,165
110000398,10,14,-4
110000399,184,0,184
110000587,127,115,12
110000589,185,94,91
110000640,255,27,228
110000652,5,486,-481
110000653,330,229,101
110000654,10,596,-586
110000656,0,112,-112
110000674,49,12,37
110000675,19,12,7
110000676,0,36,-36
110000679,63,978,-915
110000682,82,184,-102
110000683,260,380,-120
110000684,0,40,-40
110000685,15,17,-2
110000686,5,92,-87
110000687,23,15,8
110000688,40,1465,-1425
110000689,45,8,37
110000692,14,130,-116
110000693,23,321,-298
110000694,4,124,-120
110000695,91,571,-480
110000696,24,74,-50
110900001,320,11,309
110900002,341,310,31
110900003,1271,204,1067
110900004,636,45,591
110900005,1191,4537,-3346
110900006,86,39,47
110900007,212,66,146
110900008,5,13,-8
110900009,443,269,174
110900010,9,20,-11
110900011,46,93,-47
110900012,18,39,-21
110900013,1333,91,1242
110900014,297,4,293
110900015,316,837,-521
110900016,79,51,28
110900017,731,38,693
110900018,376,26,350
110900019,447,28,419
110900020,252,132,120
110900021,130,255,-125
110900022,95,112,-17
110900023,70,279,-209
110900024,34,161,-127
110900025,12,14,-2
110900027,52,123,-71
110900028,26,78,-52
110900029,11,94,-83
110900030,41,60,-19
110900031,3,128,-125
110900032,0,35,-35
110900033,42,166,-124
110900035,23,500,-477
110900036,117,13,104
110900037,127,23,104
110900038,452,177,275
110900039,6,313,-307
110900040,361,24,337
110900041,30,62,-32
110900042,149,56,93
110900043,3,44,-41
110900044,246,22,224
110900045,89,153,-64
110900046,25,93,-68
110900047,186,464,-278
110900049,150,83,67
110900050,74,5,69
110900051,29,103,-74
110900052,5,81,-76
110900053,133,7,126
110900054,44,111,-67
110900055,19,2,17
110900056,22,92,-70
110900057,16,38,-22
110900058,433,102,331
110900059,481,160,321
110900060,344,124,220
110900061,12,50,-38
110900062,199,83,116
110900063,52,54,-2
110900064,17,0,17
110900065,126,108,18
110900066,2,38,-36
110900067,138,644,-506
110900068,312,147,165
110900069,3,9,-6
110900070,129,38,91
110900071,160,880,-720
110900073,0,21,-21
110900074,698,99,599
110900075,441,57,384
110900077,1313,449,864
110900078,119,15,104
110900079,804,1454,-650
110900080,252,65,187
110900081,6,11,-5
110900082,187,60,127
110900083,120,38,82
110900084,107,25,82
110900085,63,130,-67
110900086,94,393,-299
110900087,509,39,470
110900088,5,1,4
110900090,130,80,50
110900091,3,28,-25
110900093,259,63,196
110900095,58,48,10
110900097,18,16,2
110900098,40,58,-18
110900099,67,231,-164
110900100,0,5,-5
110900102,95,16,79
110900105,1116,127,989
110900108,0,18,-18
110900111,390,43,347
110900112,813,11,802
110900113,274,70,204
110900115,6,56,-50
110900116,1298,639,659
110900118,74,4006,-3932
110900119,1240,125,1115
110900120,65,54,11
110900121,105,0,105
110900122,812,188,624
110900125,558,574,-16
110900127,380,1591,-1211
110900128,152,312,-160
110900129,205,1122,-917
110900130,424,621,-197
110900131,396,40,356
110900132,505,79,426
110900133,106,93,13
110900135,44,197,-153
110900136,432,27,405
110900137,18,1,17
110900138,254,737,-483
110900139,1,248,-247
110900140,6,1,5
110900141,25,263,-238
110900142,86,103,-17
110900143,218,54,164
110900144,0,157,-157
110900145,178,116,62
110900146,149,379,-230
110900147,51,272,-221
110900148,1,139,-138
110900149,6,55,-49
110900150,34,11,23
110900151,2,89,-87
110900152,32,64,-32
110900153,256,51,205
111000001,917,415,502
111000002,583,356,227
111000003,2130,1084,1046
111000004,563,631,-68
111000005,1109,1812,-703
111000006,855,1889,-1034
111000007,4349,4317,32
111000008,2490,2789,-299
111000009,256,631,-375
111000010,1185,317,868
111000011,161,648,-487
111000012,337,353,-16
111000013,481,838,-357
111000014,1751,502,1249
111000017,75,689,-614
111000018,92,294,-202
111000020,434,1155,-721
111000021,74,87,-13
111000023,123,66,57
111000025,3363,3864,-501
111000029,68,87,-19
111000030,35,97,-62
111000031,1562,736,826
111000032,611,361,250
111000033,200,181,19
111000034,36,273,-237
111000037,1110,357,753
111000038,1953,1774,179
111000039,1531,1706,-175
111000040,1601,1371,230
111000041,483,496,-13
111000042,1869,1913,-44
111000043,2392,5382,-2990
111000044,1673,1025,648
111000045,3277,2792,485
111000046,2764,2093,671
111000047,3230,6598,-3368
111000049,384,364,20
111000050,1010,753,257
111000051,451,609,-158
111000052,541,956,-415
111000053,242,576,-334
111000054,294,639,-345
111000055,1411,1349,62
111000056,187,460,-273
111000057,156,398,-242
111000058,812,66,746
111000059,788,244,544
111000060,4677,893,3784
111000061,902,303,599
111000062,1215,441,774
111000063,1623,1089,534
111000064,1263,550,713
111000065,1458,821,637
111000066,750,355,395
111000067,1098,385,713
111000068,643,514,129
111000069,1516,1376,140
111000070,720,471,249
111000071,169,332,-163
111000072,1426,693,733
111000073,358,1235,-877
111000074,1660,1507,153
111000075,681,559,122
111000076,839,488,351
111000077,1312,1112,200
111000078,1844,904,940
111000079,883,667,216
111000080,594,473,121
111000081,1495,4623,-3128
111000082,970,434,536
111000084,1213,416,797
111000085,981,767,214
111000086,1633,775,858
111000087,725,378,347
111000088,3830,3503,327
111000089,870,587,283
111000090,556,839,-283
111000091,709,294,415
111000092,2128,703,1425
111000093,915,1059,-144
111000094,2010,1266,744
111000095,871,2856,-1985
111000096,843,8044,-7201
111000097,2599,1033,1566
111000098,311,778,-467
111000099,422,981,-559
111000100,460,615,-155
111000101,346,598,-252
111000102,246,448,-202
111000104,926,145,781
111000107,170,490,-320
111000109,1003,195,808
111000110,1610,564,1046
111000111,4062,465,3597
111000112,2829,401,2428
111000113,958,2339,-1381
111000114,1376,4964,-3588
111000115,2945,930,2015
111000116,823,699,124
111000117,270,701,-431
111000118,889,583,306
111000119,1568,622,946
111000120,651,529,122
111000121,335,639,-304
111000122,640,699,-59
111000123,1172,1212,-40
111000124,493,1279,-786
111000125,409,660,-251
111000126,188,389,-201
111000127,1548,121,1427
111000128,3571,244,3327
111000129,3846,441,3405
111000130,3263,405,2858
111000131,3207,507,2700
111000132,2669,1562,1107
111000133,368,79,289
111000134,255,107,148
111000135,78,139,-61
111000136,465,277,188
111000138,28,3,25
111000140,2,3,-1
111000141,171,223,-52
111000142,5,222,-217
111000143,2,375,-373
111000144,57,1593,-1536
111000145,88,6,82
111000146,111,22,89
111000147,117,41,76
111000148,118,75,43
111000149,16,17,-1
111000150,45,19,26
111000151,3,9,-6
111000153,464,483,-19
111000154,297,192,105
111000155,177,174,3
111000156,750,437,313
111000157,163,724,-561
111000158,816,961,-145
111000159,3501,1015,2486
111000160,431,384,47
111000161,8,576,-568
111000162,5,103,-98
111000163,986,643,343
111000164,441,2511,-2070
111000165,579,219,360
111000166,388,119,269
111000167,149,213,-64
111000168,237,309,-72
111000169,344,313,31
111000170,333,213,120
111000171,497,436,61
111000172,225,200,25
111000173,243,545,-302
111000174,313,155,158
111000175,59,236,-177
111000176,496,37,459
111000177,899,91,808
111000178,2179,163,2016
111000179,376,79,297
111000180,256,366,-110
111000181,2111,143,1968
111000182,310,119,191
111000183,228,271,-43
111000184,385,177,208
111000185,493,247,246
111000186,268,141,127
111000187,245,96,149
111000188,524,300,224
111000189,329,356,-27
111000190,157,184,-27
111000191,226,130,96
111000192,137,193,-56
111000193,285,117,168
111000194,74,168,-94
111000195,95,157,-62
111000196,75,80,-5
111000197,756,125,631
111000198,781,94,687
111000199,325,124,201
111000200,899,296,603
111000201,1038,142,896
111000202,575,154,421
111000203,506,333,173
111000204,396,2021,-1625
111000213,264,458,-194
111000214,1301,766,535
111000215,1431,764,667
111000217,1947,683,1264
111000218,1782,986,796
111000219,243,154,89
111000220,700,685,15
111000221,237,145,92
111000224,16,165,-149
111000225,456,291,165
111000226,69,3,66
111000227,11,2,9
111000228,10,736,-726
111000229,43,1468,-1425
111000230,140,124,16
111000231,1061,189,872
111000232,933,439,494
111000233,1598,466,1132
111000234,216,746,-530
111000239,80,50,30
111000240,61,267,-206
111000241,65,119,-54
111000242,340,54,286
111000243,140,197,-57
111000244,919,60,859
111000245,1176,143,1033
111000246,665,119,546
111000247,726,256,470
111000248,796,307,489
111000249,664,175,489
111000250,71,35,36
111000251,98,46,52
111000253,27,16,11
111000255,81,11,70
111000257,113,15,98
111000260,42,493,-451
111000261,1710,77,1633
111000271,30,233,-203
111000273,2741,1049,1692
111000274,1736,3086,-1350
111000275,165,39,126
111000276,300,800,-500
111000277,260,179,81
111000278,430,172,258
111000291,1135,12236,-11101
111000298,502,161,341
111000299,775,187,588
111000300,54,420,-366
111000302,411,76,335
111000303,160,98,62
111000312,47,49,-2
111000315,5,63,-58
111000320,129,276,-147
111000321,549,197,352
111000322,450,156,294
111000323,433,24,409
111000324,411,176,235
111000325,84,51,33
111000326,202,145,57
111000327,292,242,50
111000328,421,603,-182
111000329,4,14,-10
111000330,73,4,69
111000331,14,3,11
111000332,568,906,-338
111000334,201,745,-544
111000335,1594,194,1400
111000337,2006,154,1852
111000338,101,43,58
111000339,1019,85,934
111000340,141,288,-147
111000341,1803,753,1050
111000342,39,570,-531
111000344,1366,571,795
111000345,87,44,43
111000346,15,255,-240
111000347,189,9,180
111000350,253,72,181
111000351,132,206,-74
111000352,188,147,41
111000353,158,123,35
111000354,526,358,168
111000355,372,606,-234
111000358,170,436,-266
111000360,248,141,107
111000361,177,68,109
111000546,811,257,554
111000547,479,232,247
111000548,233,222,11
111000549,375,186,189
111000550,43,911,-868
111000551,358,199,159
111000552,377,149,228
111000907,900,7,893
111000908,105,1,104
111000916,2335,180,2155
111000917,35,287,-252
111000918,277,287,-10
111000920,790,11,779
111000921,6,73,-67
111000922,777,133,644
111000924,25,217,-192
111000925,4856,2255,2601
111000926,1036,1037,-1
111000927,2786,5296,-2510
111000928,2736,1433,1303
111000929,2114,1324,790
111000930,784,1325,-541
111000931,2008,2516,-508
111000932,1929,1056,873
111000933,3420,3445,-25
111000934,1238,1600,-362
111000935,3002,1026,1976
111000936,1222,1111,111
111000937,1384,1536,-152
111000938,1066,683,383
111000939,777,22,755
111000940,781,34,747
111000941,351,255,96
111000943,755,273,482
111000944,178,128,50
111000945,243,694,-451
111001109,535,921,-386
111001110,204,352,-148
111001111,128,1,127
111001112,126,59,67
111001113,0,168,-168
111001114,484,352,132
111001115,20,1981,-1961
111001116,1727,5369,-3642
111001117,315,2481,-2166
111001120,139,169,-30
111001121,139,164,-25
111001122,286,132,154
111001123,460,121,339
111001124,117,37,80
111001125,2,271,-269
111900001,19,34,-15
111900002,90,158,-68
111900003,9,114,-105
111900004,20,31,-11
111900006,33,105,-72
111900007,345,24,321
111900008,395,2,393
111900009,390,26,364
111900010,88,270,-182
111900012,23,50,-27
111900013,16,11,5
111900014,1931,6995,-5064
111900015,0,27,-27
111900016,0,17,-17
111900017,0,24,-24
111900018,254,9,245
111900019,2,78,-76
111900020,0,24,-24
111900021,22,54,-32
111900022,4,16,-12
111900023,56,26,30
111900024,7,32,-25
111900025,0,15,-15
111900026,0,16,-16
111900027,2,44,-42
111900028,13,72,-59
111900029,15,33,-18
111900030,37,171,-134
111900031,24,32,-8
111900032,0,67,-67
111900033,3,55,-52
111900034,76,310,-234
111900035,69,247,-178
111900036,0,57,-57
111900038,101,319,-218
111900039,43,146,-103
111900040,0,153,-153
111900042,33,58,-25
111900043,1,125,-124
111900044,63,171,-108
111900046,10,42,-32
111900048,563,178,385
111900049,16,140,-124
111900050,152,13,139
111900051,2,86,-84
111900052,101,197,-96
111900053,343,2435,-2092
111900054,239,7,232
111900055,1,163,-162
111900056,90,410,-320
111900057,147,2,145
111900058,896,165,731
111900059,1201,868,333
111900060,318,6,312
111900061,1,91,-90
111900062,45,72,-27
111900063,311,178,133
111900064,41,85,-44
111900065,137,33,104
111900066,168,173,-5
111900067,1,168,-167
111900068,67,78,-11
111900069,77,25,52
111900070,355,44,311
111900071,1,64,-63
111900072,79,62,17
111900073,1588,281,1307
111900074,8,119,-111
111900075,115,14,101
111900076,474,109,365
111900077,77,2,75
111900078,463,62,401
111900079,74,42,32
111900080,137,237,-100
111900082,254,73,181
111900083,303,46,257
111900084,251,11,240
111900085,33,141,-108
111900086,122,19,103
111900087,118,6,112
111900088,909,44,865
111900089,159,12,147
111900090,67,73,-6
111900091,716,15,701
111900092,220,2,218
111900093,653,13,640
111900094,185,9,176
111900095,449,46,403
111900096,459,8,451
111900097,104,1,103
111900098,490,4,486
111900099,88,1,87
111900100,175,3,172
111900101,108,41,67
111900102,962,261,701
111900103,41,58,-17
111900104,150,45,105
111900105,253,210,43
111900106,277,18,259
111900110,1181,202,979
111900111,303,20,283
111900112,332,5266,-4934
111900113,232,103,129
111900118,494,106,388
111900119,363,173,190
111900122,86,93,-7
111900123,24,33,-9
111900124,14,13,1
111900125,723,77,646
111900126,518,3,515
111900127,2,162,-160
111900128,3,179,-176
111900129,304,0,304
111900130,240,54,186
111900131,901,4,897
111900132,19,324,-305
111900133,4,145,-141
111900134,32,135,-103
111900135,15,51,-36
111900136,91,181,-90
111900137,18,37,-19
111900138,13,35,-22
111900139,16,23,-7
111900140,160,37,123
111900141,108,6,102
111900142,70,15,55
111900143,94,62,32
111900144,0,22,-22
111900145,0,102,-102
111900146,1,79,-78
111900147,66,261,-195
111900148,13,283,-270
111900149,8,90,-82
111900150,20,80,-60
111900151,1,39,-38
111900152,70,100,-30
111900153,443,855,-412
111900154,17,751,-734
111900155,105,175,-70
111900156,119,61,58
111900157,360,25,335
111900158,867,135,732
111900159,587,91,496
111900160,455,10,445
111900161,487,1,486
111900162,129,286,-157
111900163,56,137,-81
111900164,149,46,103
111901113,742,41,701
111901114,353,240,113
111901115,219,3,216
111901116,78,5,73
111901117,26,100,-74
111901118,33,603,-570
111901119,231,34,197
111901121,46,56,-10
111901122,1,131,-130
111901123,389,103,286
111901124,535,4,531
111901125,852,232,620
111901127,322,1292,-970
111901128,22,62,-40
111901129,4,68,-64
111901130,2,68,-66
111901131,2,111,-109
111901132,62,26,36
111901133,87,0,87
111901134,248,9,239
111901135,83,23,60
111901136,29,66,-37
111901137,3,59,-56
111901138,49,23,26
111901139,12,14,-2
111901140,3,39,-36
111901141,10,37,-27
111901142,8,40,-32
111901143,0,57,-57
111901144,44,53,-9
111901145,70,409,-339
111901146,67,1,66
111901147,19,77,-58
111901148,0,7,-7
112000001,2675,741,1934
112000002,803,1505,-702
112000003,2885,1140,1745
112000004,814,315,499
112000005,4533,4310,223
112000006,843,663,180
112000007,5845,3823,2022
112000008,3341,4542,-1201
112000009,2790,1491,1299
112000010,4461,5661,-1200
112000011,1682,1189,493
112000012,4228,6537,-2309
112000013,1822,3473,-1651
112000014,1259,4135,-2876
112000015,1484,3505,-2021
112000016,2260,3941,-1681
112000017,434,4238,-3804
112000024,731,436,295
112000026,1778,1570,208
112000027,626,644,-18
112000028,535,837,-302
112000029,837,956,-119
112000030,157,29,128
112000031,1690,4872,-3182
112000032,86,18,68
112000033,1257,3711,-2454
112000034,89,44,45
112000035,41,1178,-1137
112000036,244,1613,-1369
112000037,705,1015,-310
112000038,1213,1561,-348
112000039,117,62,55
112000040,33,142,-109
112000041,239,301,-62
112000042,594,279,315
112000050,1397,953,444
112000051,1426,2772,-1346
112000054,1275,1255,20
112000057,767,285,482
112000058,222,466,-244
112000059,501,849,-348
112000061,2297,1045,1252
112000062,579,1441,-862
112000063,266,3923,-3657
112000064,2302,3001,-699
112000065,846,2021,-1175
112000066,3477,1685,1792
112000067,369,418,-49
112000068,3752,3572,180
112000069,437,1498,-1061
112000070,1888,903,985
112000071,984,1140,-156
112000072,2894,834,2060
112000073,1273,1809,-536
112000074,1176,1068,108
112000075,1357,1346,11
112000076,2784,1873,911
112000077,1314,359,955
112000078,2721,712,2009
112000079,2049,1287,762
112000080,844,567,277
112000081,879,1686,-807
112000082,1274,513,761
112000083,809,830,-21
112000084,1459,511,948
112000085,1539,691,848
112000086,1980,692,1288
112000087,752,256,496
112000088,921,186,735
112000089,281,294,-13
112000090,154,138,16
112000091,696,394,302
112000092,2719,977,1742
112000093,1475,437,1038
112000094,944,683,261
112000095,826,440,386
112000096,938,561,377
112000097,2313,778,1535
112000098,504,453,51
112000099,764,2157,-1393
112000100,2502,642,1860
112000101,616,359,257
112000102,1905,400,1505
112000103,396,415,-19
112000105,380,461,-81
112000106,2406,372,2034
112000107,71,116,-45
112000108,583,737,-154
112000109,241,55,186
112000110,2343,591,1752
112000111,487,1780,-1293
112000112,2831,458,2373
112000113,588,842,-254
112000114,3065,812,2253
112000115,374,268,106
112000116,663,547,116
112000117,1192,499,693
112000118,793,467,326
112000119,340,468,-128
112000120,67,259,-192
112000121,232,245,-13
112000122,497,83,414
112000123,1107,107,1000
112000124,768,82,686
112000125,418,320,98
112000126,481,197,284
112000127,2222,3414,-1192
112000128,525,622,-97
112000129,113,92,21
112000130,349,136,213
112000131,62,94,-32
112000132,153,191,-38
112000133,428,80,348
112000134,587,286,301
112000135,1263,649,614
112000136,767,936,-169
112000137,1584,1772,-188
112000138,893,796,97
112000139,684,841,-157
112000140,326,1047,-721
112000141,1449,531,918
112000142,144,314,-170
112000143,1720,199,1521
112000144,222,595,-373
112000145,3418,490,2928
112000146,464,1008,-544
112000147,3039,1661,1378
112000148,810,916,-106
112000149,644,371,273
112000150,505,170,335
112000151,411,135,276
112000152,1241,280,961
112000153,144,147,-3
112000154,229,409,-180
112000155,214,198,16
112000157,393,969,-576
112000158,336,206,130
112000159,1061,231,830
112000167,391,177,214
112000169,252,647,-395
112000173,1431,227,1204
112000175,463,208,255
112000176,776,1434,-658
112000177,1199,388,811
112000178,78,196,-118
112000179,386,77,309
112000180,318,338,-20
112000181,1115,821,294
112000182,2208,486,1722
112000183,38,6,32
112000184,483,178,305
112000185,1241,227,1014
112000187,4574,2712,1862
112000195,148,8,140
112000196,114,0,114
112000197,89,209,-120
112000198,56,211,-155
112000199,517,475,42
112000202,710,0,710
112000216,92,170,-78
112000230,136,2,134
112000231,12,93,-81
112000256,127,255,-128
112000313,53,52,1
112000314,71,44,27
112000337,165,511,-346
112000352,88,344,-256
112000392,2173,769,1404
112000398,2305,736,1569
112000399,1254,7128,-5874
112000400,1207,1077,130
112000401,1228,922,306
112000402,5095,5679,-584
112000403,1512,6926,-5414
112000404,1908,1341,567
112000405,3210,3282,-72
112000406,1888,870,1018
112000407,10543,7785,2758
112000408,4520,2423,2097
112000409,1246,1562,-316
112000410,408,387,21
112000411,1562,1639,-77
112000412,395,389,6
112000413,3045,8804,-5759
112000414,204,22,182
112000415,106,43,63
112000416,4080,1212,2868
112000417,312,85,227
112000421,96,50,46
112000422,297,159,138
112000424,906,3520,-2614
112000425,474,286,188
112000426,262,225,37
112000427,0,23,-23
112000428,342,140,202
112000429,2254,1984,270
112000430,2672,3746,-1074
112000431,133,145,-12
112000432,559,374,185
112000433,351,656,-305
112000437,69,85,-16
112900001,83,2,81
112900002,972,237,735
112900003,93,72,21
112900004,100,71,29
112900005,399,83,316
112900006,11,120,-109
112900007,44,75,-31
112900008,1,60,-59
112900009,668,181,487
112900010,761,264,497
112900011,66,194,-128
112900012,2,7,-5
112900013,1,105,-104
112900014,12,67,-55
112900015,121,687,-566
112900016,6,105,-99
112900017,44,79,-35
112900018,7,56,-49
112900019,27,221,-194
112900020,203,734,-531
112900021,3,125,-122
112900022,16,21,-5
112900023,2,30,-28
112900024,7,65,-58
112900025,73,122,-49
112900026,3,55,-52
112900027,2,236,-234
112900028,9,65,-56
112900029,11,107,-96
112900030,30,37,-7
112900031,6,150,-144
112900032,218,131,87
112900034,0,22,-22
112900035,1,116,-115
112900036,11,98,-87
112900037,326,263,63
112900038,847,80,767
112900039,9,132,-123
112900040,13,454,-441
112900041,402,1494,-1092
112900042,63,164,-101
112900043,55,45,10
112900044,246,253,-7
112900045,142,130,12
112900046,78,93,-15
112900047,16,18,-2
112900049,416,39,377
112900050,13,505,-492
112900051,160,287,-127
112900052,6,194,-188
112900053,122,143,-21
112900054,95,60,35
112900055,97,50,47
112900056,510,258,252
112900057,24,122,-98
112900058,296,352,-56
112900059,140,284,-144
112900060,53,29,24
112900061,106,140,-34
112900062,78,59,19
112900063,41,25,16
112900064,46,243,-197
112900065,20,33,-13
112900066,241,310,-69
112900067,239,58,181
112900068,30,67,-37
112900069,1135,1548,-413
112900071,34,9,25
112900072,39,4751,-4712
112900073,442,223,219
112900074,149,464,-315
112900075,595,1606,-1011
112900076,21,42,-21
112900078,358,654,-296
112900079,310,20,290
112900080,176,20,156
112900081,95,524,-429
112900082,650,66,584
112900083,228,208,20
112900084,468,298,170
112900086,152,4,148
112900087,2025,179,1846
112900088,276,6,270
112900089,981,44,937
112900090,133,104,29
112900091,515,15,500
112900092,56,991,-935
112900093,1362,45,1317
112900095,106,1,105
112900096,711,158,553
112900097,140,183,-43
112900098,85,2,83
112900099,1208,32,1176
112900100,134,7,127
112900101,603,5,598
112900102,138,32,106
112900103,332,15,317
112900104,230,3,227
112900105,34,0,34
112900106,442,137,305
112900107,6,0,6
112900108,6,0,6
112900109,240,0,240
112900110,2067,35,2032
112900111,1247,13,1234
112900112,414,0,414
112900113,0,3,-3
112900114,353,17,336
112900115,2207,7,2200
112900116,125,19,106
112900117,56,30,26
112900118,3,174,-171
112900119,245,4,241
112900120,318,231,87
112900121,58,60,-2
112900122,9,88,-79
112900123,142,50,92
112900124,1,38,-37
112900125,21,442,-421
112900126,95,80,15
112900127,488,161,327
112900128,67,409,-342
112900129,0,311,-311
112900130,164,114,50
112900131,40,271,-231
112900132,141,268,-127
112900133,10,765,-755
112900134,1,164,-163
112900135,80,107,-27
112900137,0,269,-269
112900138,3,73,-70
112900139,57,439,-382
112900141,927,14,913
112900142,71,309,-238
112900143,8,224,-216
112900144,1,150,-149
112900145,13,252,-239
112900146,2,351,-349
112900147,0,370,-370
112900148,62,1,61
112900149,266,261,5
112900151,10,41,-31
112900152,2224,368,1856
112900153,331,3270,-2939
112900154,1,39,-38
112900155,122,11,111
112900156,863,292,571
112900157,569,17,552
112900158,96,2,94
112900159,151,230,-79
112900160,34,148,-114
112900161,192,59,133
112900162,13,28,-15
112900163,21,73,-52
112900164,138,174,-36
112900165,81,43,38
112900166,31,137,-106
112900167,13,126,-113
112900168,4,7,-3
112900169,11,29,-18
112900170,125,118,7
112900172,37,25,12
112900173,115,84,31
112900174,401,52,349
112900175,168,272,-104
112900176,17,38,-21
112900177,174,86,88
112900178,590,3646,-3056
112900179,15,290,-275
112900180,2581,1111,1470
112900181,1348,13,1335
112900182,65,252,-187
112900183,81,339,-258
112900184,389,593,-204
112900185,146,607,-461
112900186,701,1267,-566
112900187,62,624,-562
112900188,632,3245,-2613
112900189,6,8,-2
112900190,12,26,-14
112900192,769,607,162
112900193,1054,394,660
112900194,112,5,107
112900195,730,44,686
112900196,327,411,-84
112900197,88,269,-181
112900199,972,238,734
112900200,530,62,468
112900201,233,118,115
112900202,609,404,205
112900203,380,120,260
112900204,429,369,60
112900205,14,11,3
112900206,36,31,5
112900207,19,0,19
112900208,51,351,-300
112900209,141,272,-131
112900210,1,11,-10
112900211,116,2,114
112900212,0,50,-50
112900213,89,7,82
112900214,13,11,2
112900215,16,27,-11
112900216,14,15,-1
112900217,0,17,-17
112900218,98,13,85
112900219,169,2,167
112900220,1,0,1
112900221,42,67,-25
112900222,1,46,-45
112900223,1102,28,1074
112900224,588,188,400
112900225,685,177,508
112900226,138,432,-294
112900227,1131,309,822
112900228,108,59,49
112900229,489,12,477
112900230,7725,2546,5179
112900232,364,326,38
112900233,46,81,-35
112900234,20,6,14
112900235,17,9,8
112900236,651,25,626
112900237,421,106,315
112900238,12,3,9
112900239,568,688,-120
112900240,0,1,-1
112900241,5,3,2
112900242,2,12,-10
112900243,0,6,-6
112900244,1,8,-7
112900245,1,2,-1
112900246,0,2,-2
112900247,4,2,2
112900248,3,0,3
112900249,5,0,5
112900250,19,1,18
112900251,27,0,27
112900252,14,0,14
112900253,10,1,9
112900254,3,0,3
112900255,1,3,-2
112900256,2,5,-3
112900257,0,7,-7
113000001,6003,5573,430
113000002,5093,3944,1149
113000003,2245,1738,507
113000004,2296,2149,147
113000005,1931,1549,382
113000006,1289,1605,-316
113000007,3025,1658,1367
113000008,2036,1911,125
113000009,1742,699,1043
113000010,1664,1156,508
113000011,1497,952,545
113000012,1637,785,852
113000013,765,526,239
113000014,977,1414,-437
113000015,133,187,-54
113000016,354,675,-321
113000017,42,385,-343
113000018,295,31,264
113000019,98,183,-85
113000020,283,81,202
113000021,1400,931,469
113000022,871,2575,-1704
113000025,270,383,-113
113000026,531,1039,-508
113000027,586,1815,-1229
113000028,447,2198,-1751
113000029,1051,875,176
113000030,190,377,-187
113000031,164,157,7
113000032,232,504,-272
113000033,253,464,-211
113000034,150,109,41
113000035,22,35,-13
113000036,15,56,-41
113000037,41,27,14
113000038,11,86,-75
113000039,35,214,-179
113000040,60,146,-86
113000042,724,470,254
113000051,1723,2522,-799
113000052,2444,554,1890
113000053,820,452,368
113000054,822,709,113
113000055,2097,542,1555
113000056,1761,1110,651
113000058,492,859,-367
113000059,998,355,643
113000060,454,598,-144
113000061,560,760,-200
113000062,477,379,98
113000063,523,74,449
113000064,108,169,-61
113000065,220,356,-136
113000066,1165,102,1063
113000067,3510,845,2665
113000068,590,397,193
113000069,605,444,161
113000070,3165,833,2332
113000071,698,360,338
113000072,1360,374,986
113000073,364,1464,-1100
113000074,987,449,538
113000075,1690,879,811
113000076,473,3828,-3355
113000077,728,1197,-469
113000078,401,2077,-1676
113000079,363,1082,-719
113000080,586,1227,-641
113000081,880,1031,-151
113000082,946,1004,-58
113000083,648,759,-111
113000084,1884,1144,740
113000085,989,685,304
113000086,1036,1255,-219
113000087,930,1432,-502
113000088,1963,1572,391
113000089,777,1968,-1191
113000090,133,819,-686
113000091,273,553,-280
113000094,1429,360,1069
113000095,208,775,-567
113000096,175,871,-696
113000097,1309,648,661
113000098,143,81,62
113000099,1441,645,796
113000100,121,696,-575
113000101,141,1165,-1024
113000102,705,881,-176
113000103,2674,262,2412
113000104,713,3130,-2417
113000105,992,490,502
113000106,494,308,186
113000107,1164,976,188
113000108,1021,819,202
113000109,537,1341,-804
113000110,5898,797,5101
113000111,217,657,-440
113000112,722,350,372
113000113,1529,382,1147
113000114,262,1227,-965
113000116,573,232,341
113000117,1135,154,981
113000118,39,706,-667
113000119,383,418,-35
113000120,42,433,-391
113000121,407,1179,-772
113000124,346,141,205
113000125,48,1249,-1201
113000127,1698,225,1473
113000128,2070,294,1776
113000129,458,885,-427
113000133,3107,712,2395
113000134,2,1590,-1588
113000135,4623,5277,-654
113000137,859,3662,-2803
113000139,337,278,59
113000140,43,109,-66
113000141,86,199,-113
113000142,175,433,-258
113000143,246,157,89
113000144,214,389,-175
113000145,109,124,-15
113000146,145,32,113
113000147,155,38,117
113000148,274,136,138
113000149,148,155,-7
113000150,373,440,-67
113000151,25,15,10
113000152,23,215,-192
113000153,1384,345,1039
113000154,495,1615,-1120
113000155,432,703,-271
113000156,230,395,-165
113000157,437,532,-95
113000158,566,230,336
113000159,1139,533,606
113000160,689,363,326
113000161,602,219,383
113000162,1030,263,767
113000163,183,42,141
113000164,22,43,-21
113000166,260,57,203
113000167,67,79,-12
113000168,105,97,8
113000169,293,43,250
113000170,138,70,68
113000171,53,80,-27
113000172,365,51,314
113000173,81,26,55
113000174,198,106,92
113000175,601,65,536
113000176,580,65,515
113000177,213,115,98
113000178,131,122,9
113000179,362,126,236
113000180,964,1471,-507
113000181,1249,654,595
113000182,144,363,-219
113000183,192,656,-464
113000184,27,74,-47
113000189,244,706,-462
113000190,156,224,-68
113000192,609,7843,-7234
113000193,1661,5878,-4217
113000194,855,5037,-4182
113000195,1076,4221,-3145
113000196,287,116,171
113000197,1220,3105,-1885
113000198,152,240,-88
113000199,1922,396,1526
113000201,417,976,-559
113000202,15626,2299,13327
113000203,123,1022,-899
113000204,482,8518,-8036
113000205,15,4,11
113000206,6,56,-50
113000207,68,11,57
113000208,27,51,-24
113000209,11,17,-6
113000210,0,18,-18
113000211,100,544,-444
113000212,54,80,-26
113000213,22,108,-86
113000214,122,373,-251
113000234,248,783,-535
113000410,29,200,-171
113000411,1445,2527,-1082
113000412,4546,1446,3100
113000413,837,3074,-2237
113000414,3439,12719,-9280
113000415,1899,1516,383
113000416,2316,2173,143
113000417,1033,1735,-702
113000418,4057,3774,283
113000419,1487,2638,-1151
113000420,2383,6333,-3950
113000421,4520,7332,-2812
113000422,8161,9630,-1469
113000423,1295,5998,-4703
113000424,1790,10635,-8845
113000425,15,86,-71
113000428,35,10,25
113000430,7,35,-28
113000432,2807,286,2521
113000433,49,524,-475
113000434,20,73,-53
113000435,34,208,-174
113000436,11,535,-524
113000437,1484,35,1449
113000438,498,19,479
113000439,25,55,-30
113000440,190,44,146
113000441,253,171,82
113000442,272,31,241
113000443,473,116,357
113000444,349,53,296
113000445,124,71,53
113000446,56,130,-74
113000448,1022,252,770
113000449,198,1024,-826
113000450,1255,2313,-1058
113000451,4649,316,4333
113000452,124,727,-603
113000453,58,1184,-1126
113000454,398,191,207
113000455,8,2356,-2348
113000456,2099,2392,-293
113000468,920,90,830
113000469,51,85,-34
113000470,640,33,607
113000471,20,367,-347
113000472,39,263,-224
113000474,1562,793,769
113000475,1474,933,541
113000476,2592,1927,665
113000477,4779,1911,2868
113000478,2741,2347,394
113000479,219,115,104
113000483,0,0,0
113000484,0,0,0
113000485,0,0,0
113000486,0,0,0
113000487,0,0,0
113000488,0,0,0
113000489,0,0,0
113000490,0,0,0
113000491,0,0,0
113000492,0,0,0
113000493,0,0,0
113000495,358,112,246
113000496,286,131,155
113000497,0,0,0
113000499,0,0,0
113900001,29,3065,-3036
113900002,1,134,-133
113900003,4,338,-334
113900004,2,477,-475
113900005,5,956,-951
113900006,1,56,-55
113900007,61,33,28
113900008,20,0,20
113900009,74,5,69
113900010,71,1,70
113900011,159,2,157
113900012,88,2,86
113900013,112,14,98
113900014,1046,5,1041
113900015,0,23,-23
113900016,40,0,40
113900017,30,110,-80
113900018,147,277,-130
113900019,177,34,143
113900020,207,9,198
113900022,108,2,106
113900023,62,1,61
113900024,70,76,-6
113900025,240,16,224
113900026,111,0,111
113900027,4,141,-137
113900028,38,157,-119
113900029,124,135,-11
113900030,443,8,435
113900031,103,14,89
113900032,61,0,61
113900033,111,62,49
113900035,65,0,65
113900036,24,104,-80
113900037,213,233,-20
113900038,52,213,-161
113900039,224,40,184
113900040,7,47,-40
113900041,27,15,12
113900042,145,22,123
113900043,186,68,118
113900044,113,309,-196
113900045,81,0,81
113900046,376,1553,-1177
113900047,97,109,-12
113900048,125,103,22
113900049,127,341,-214
113900050,304,485,-181
113900051,299,178,121
113900052,96,108,-12
113900053,652,807,-155
113900054,50,1,49
113900055,121,402,-281
113900056,40,108,-68
113900057,12,42,-30
113900058,46,40,6
113900059,221,178,43
113900060,62,193,-131
113900061,506,131,375
113900062,149,20,129
113900063,116,92,24
113900064,37,74,-37
113900065,542,20,522
113900066,556,145,411
113900067,287,172,115
113900068,503,1061,-558
113900069,48,34,14
113900070,96,255,-159
113900071,124,25,99
113900072,67,112,-45
113900073,470,368,102
113900074,221,278,-57
113900075,1040,2284,-1244
113900076,171,17,154
113900077,73,100,-27
113900078,31,28,3
113900079,1,36,-35
113900080,554,155,399
113900081,73,106,-33
113900082,146,174,-28
113900083,554,114,440
113900084,222,142,80
113900085,49,80,-31
113900086,88,13,75
113900087,107,65,42
113900088,118,113,5
113900089,511,52,459
113900090,645,298,347
113900091,9,5,4
113900092,19,90,-71
113900093,56,1136,-1080
113900094,732,225,507
113900095,156,271,-115
113900096,357,77,280
113900097,31,51,-20
113900098,1000,200,800
113900099,1,22,-21
113900100,0,1,-1
113900101,8,43,-35
113900102,45,141,-96
113900103,216,496,-280
113900104,64,423,-359
113900105,284,32,252
113900106,2,26,-24
113900107,8,4,4
113900108,96,247,-151
113900109,266,193,73
113900110,47,26,21
113900111,242,60,182
113900112,204,53,151
113900113,1096,425,671
113900114,0,13,-13
113900115,1,30,-29
113900116,41,174,-133
113900117,26,57,-31
113900118,187,554,-367
113900119,69,383,-314
113900120,57,31,26
113900121,71,53,18
113900122,309,3535,-3226
113900123,617,238,379
113900124,0,80,-80
113900125,1042,141,901
113900126,74,69,5
113900127,427,719,-292
113900128,258,80,178
113900129,4,208,-204
113900130,0,90,-90
113900131,300,36,264
113900132,24,84,-60
113900133,6,41,-35
113900135,302,414,-112
113900136,152,57,95
113900137,356,421,-65
113900138,43,303,-260
113900139,310,221,89
113900140,31,255,-224
113900141,732,218,514
113900142,130,44,86
113900143,11,59,-48
113900144,80,231,-151
113900145,348,112,236
113900146,216,40,176
113900148,75,334,-259
113900149,158,98,60
113900150,241,280,-39
113900151,424,147,277
113900152,53,62,-9
113900153,129,456,-327
113900154,1,81,-80
113900155,108,216,-108
113900156,285,315,-30
113900157,50,416,-366
113900158,88,348,-260
113900159,7,214,-207
113900160,407,320,87
113900161,145,333,-188
113900162,101,468,-367
113900163,304,295,9
113900164,529,35,494
113900165,637,414,223
113900166,30,61,-31
113900167,430,26,404
113900168,45,49,-4
113900169,278,258,20
113900171,281,96,185
113900172,9,39,-30
113900173,49,287,-238
113900174,414,336,78
113900175,327,213,114
113900176,321,201,120
113900177,312,231,81
113900178,298,241,57
113900179,32,179,-147
113900180,143,120,23
113900181,1241,232,1009
113900182,610,417,193
113900183,97,80,17
113900184,6,192,-186
113900185,102,61,41
113900186,59,27,32
113900187,34,106,-72
113900188,14,87,-73
113900189,297,278,19
113900190,184,90,94
113900191,76,89,-13
113900192,2,880,-878
113900193,7,99,-92
113900194,1148,428,720
113900195,158,477,-319
113900196,4,149,-145
113900197,1,73,-72
113900198,33,584,-551
113900199,45,441,-396
113900200,15,141,-126
113900201,1,55,-54
113900202,31,131,-100
113900203,0,27,-27
113900204,11,221,-210
113900205,8,56,-48
113900206,7,82,-75
113900207,1,40,-39
113900208,0,37,-37
113900209,0,28,-28
113900210,601,651,-50
113900211,237,61,176
113900212,327,218,109
113900214,301,513,-212
113900215,59,93,-34
113900216,177,396,-219
113900217,144,59,85
113900218,126,102,24
113900219,101,1048,-947
113900220,127,224,-97
113900221,242,325,-83
113900222,88,626,-538
113900223,205,237,-32
113900224,55,76,-21
113900225,377,135,242
113900226,403,122,281
113900227,291,221,70
113900228,197,560,-363
113900229,55,1064,-1009
113900230,1701,3014,-1313
113900231,178,64,114
113900232,179,42,137
113900233,86,53,33
113900234,483,483,0
113900235,175,22,153
113900236,438,144,294
113900237,186,16,170
113900238,227,663,-436
113900239,60,176,-116
113900240,11,186,-175
113900241,61,91,-30
113900242,43,398,-355
113900243,49,228,-179
113900244,97,188,-91
113900245,622,385,237
113900246,4,28,-24
113900247,68,669,-601
113900248,2267,1845,422
113900249,322,629,-307
113900250,46,302,-256
113900251,1206,76,1130
113900252,1048,8,1040
113900253,865,42,823
113900254,604,251,353
113900255,738,24,714
113900256,462,37,425
113900257,21,256,-235
113900258,38,300,-262
113900259,802,66,736
113900260,320,6,314
113900261,48,43,5
113900262,187,305,-118
113900263,25,345,-320
113900264,3,241,-238
113900265,113,331,-218
113900266,49,95,-46
113900267,58,1206,-1148
113900268,286,421,-135
113900269,108,135,-27
113900270,118,505,-387
113900271,755,449,306
113900273,11,10,1
113900274,68,30,38
113900275,10,132,-122
113900276,7,92,-85
113900277,168,8,160
113900278,200,168,32
113900279,43,38,5
113900280,1199,603,596
113900281,168,1338,-1170
113900282,277,483,-206
113900283,472,558,-86
113900284,1133,82,1051
113900285,98,46,52
113900286,35,20,15
113900287,142,13,129
113900288,3,127,-124
113900289,314,72,242
113900290,308,370,-62
113900291,61,70,-9
113900292,6,11,-5
113900293,0,179,-179
113900294,662,17,645
113900295,352,417,-65
113900296,2155,271,1884
113900297,2352,51,2301
113900298,20,1241,-1221
113900299,165,26,139
113900300,5152,4792,360
113900301,730,576,154
113900302,1061,995,66
113900303,122,794,-672
113900304,1,73,-72
113900305,166,3,163
113900306,172,0,172
113900307,5,0,5
113900308,45,93,-48
113900309,0,174,-174
113900310,1,3,-2
113900311,15,0,15
113900312,127,211,-84
113900313,9,2,7
114000001,921,1750,-829
114000002,539,285,254
114000003,105,149,-44
114000004,544,175,369
114000005,340,145,195
114000006,1165,1866,-701
114000007,657,996,-339
114000008,1397,2408,-1011
114000009,1071,320,751
114000011,3196,1830,1366
114000012,3898,1314,2584
114000013,2309,935,1374
114000014,583,115,468
114000015,2411,183,2228
114000016,321,112,209
114000017,103,748,-645
114000018,144,22,122
114000026,3134,918,2216
114000027,4817,2041,2776
114000028,2221,3663,-1442
114000038,412,143,269
114000039,100,32,68
114000040,112,299,-187
114000042,267,113,154
114000043,101,57,44
114000044,315,17,298
114000045,30,28,2
114000046,1909,4413,-2504
114000047,19,116,-97
114000048,77,60,17
114000049,1727,1982,-255
114000050,1660,2475,-815
114000051,2542,2429,113
114000052,3065,2429,636
114000053,90,760,-670
114000054,214,660,-446
114000055,198,45,153
114000056,189,1217,-1028
114000057,3427,1929,1498
114000058,56,1244,-1188
114000059,31,689,-658
114000060,648,824,-176
114000061,2726,3919,-1193
114000062,444,1972,-1528
114000063,989,1259,-270
114000064,1730,3819,-2089
114000065,832,2157,-1325
114000066,514,776,-262
114000067,30,1039,-1009
114000068,525,896,-371
114000069,899,693,206
114000070,1973,2147,-174
114000071,745,564,181
114000072,604,154,450
114000073,15,11,4
114000074,103,21,82
114000075,83,39,44
114000076,24,45,-21
114000077,9,7,2
114000078,409,439,-30
114000079,305,20,285
114000080,82,81,1
114000081,102,95,7
114000082,47,183,-136
114000083,69,69,0
114000084,300,100,200
114000085,74,229,-155
114000086,286,130,156
114000087,229,59,170
114000088,27,19,8
114000089,364,186,178
114000090,1030,1470,-440
114000091,1164,1042,122
114000092,668,463,205
114000093,1300,605,695
114000094,495,507,-12
114000095,250,203,47
114000096,91,245,-154
114000097,97,186,-89
114000098,727,147,580
114000099,1122,93,1029
114000100,1902,377,1525
114000101,473,233,240
114000102,791,374,417
114000103,108,135,-27
114000104,15,123,-108
114000105,222,85,137
114000106,870,2298,-1428
114000107,857,107,750
114000108,636,635,1
114000109,965,1865,-900
114000110,505,649,-144
114000111,2627,1203,1424
114000112,345,861,-516
114000113,1493,548,945
114000114,472,703,-231
114000115,2096,1071,1025
114000116,1168,3978,-2810
114000117,4953,818,4135
114000118,3911,501,3410
114000119,3316,571,2745
114000120,576,534,42
114000121,596,639,-43
114000122,441,299,142
114000123,2809,397,2412
114000124,1328,432,896
114000125,1142,956,186
114000126,2001,237,1764
114000127,230,82,148
114000128,974,181,793
114000130,471,372,99
114000131,293,134,159
114000132,621,334,287
114000133,536,948,-412
114000134,61,29,32
114000138,30,142,-112
114000139,389,508,-119
114000144,791,807,-16
114000145,60,91,-31
114000146,154,61,93
114000147,1451,2835,-1384
114000148,837,1758,-921
114000149,271,453,-182
114000150,302,707,-405
114000151,551,2073,-1522
114000152,84,39,45
114000153,558,2350,-1792
114000154,562,479,83
114000155,1196,3195,-1999
114000156,806,851,-45
114000157,367,1681,-1314
114000158,1044,644,400
114000159,130,443,-313
114000160,96,581,-485
114000161,1186,3398,-2212
114000162,1496,3445,-1949
114000163,12,32,-20
114000165,470,476,-6
114000166,526,584,-58
114000167,2199,1554,645
114000168,358,276,82
114000169,1064,1524,-460
114000170,1146,1572,-426
114000171,1698,9465,-7767
114000174,128,283,-155
114000176,196,537,-341
114000177,579,350,229
114000178,42,70,-28
114000179,825,781,44
114000180,216,237,-21
114000181,1293,6025,-4732
114000182,920,2647,-1727
114000183,485,575,-90
114000184,1818,499,1319
114000185,1400,694,706
114000189,1517,149,1368
114000190,3999,392,3607
114000191,104,272,-168
114000192,114,592,-478
114000193,162,786,-624
114000194,1623,607,1016
114000195,344,177,167
114000196,1,38,-37
114000197,2439,25,2414
114000198,515,277,238
114000199,1196,1340,-144
114000200,496,748,-252
114000201,212,589,-377
114000202,873,455,418
114000203,538,559,-21
114000204,121,342,-221
114000205,154,866,-712
114000206,717,1026,-309
114000207,427,666,-239
114000208,433,1026,-593
114000209,262,983,-721
114000210,183,567,-384
114000211,1341,1059,282
114000212,720,826,-106
114000213,2088,457,1631
114000214,57,63,-6
114000215,164,79,85
114000216,1793,374,1419
114000217,553,188,365
114000218,227,83,144
114000219,1644,170,1474
114000220,27,392,-365
114000221,1304,212,1092
114000222,154,377,-223
114000223,846,191,655
114000224,46,368,-322
114000225,378,312,66
114000226,288,160,128
114000227,851,557,294
114000228,1026,476,550
114000229,1586,871,715
114000230,1855,802,1053
114000231,1275,1396,-121
114000232,1120,213,907
114000233,2920,75,2845
114000234,1105,420,685
114000235,1487,997,490
114000236,0,218,-218
114000237,134,560,-426
114000238,129,322,-193
114000239,127,727,-600
114000240,911,970,-59
114000241,318,606,-288
114000242,668,557,111
114000243,2073,964,1109
114000244,575,294,281
114000245,538,816,-278
114000246,92,38,54
114000247,423,454,-31
114000248,1963,554,1409
114000249,662,401,261
114000250,798,341,457
114000251,417,156,261
114000252,130,22,108
114000253,34,67,-33
114000254,51,23,28
114000255,601,202,399
114000256,460,2503,-2043
114000257,279,675,-396
114000258,353,183,170
114000259,165,193,-28
114000260,0,29,-29
114000261,27,31,-4
114000262,307,88,219
114000263,4,1,3
114000264,1484,323,1161
114000265,0,1,-1
114000267,2,1865,-1863
114000268,12,393,-381
114000270,149,2,147
114000271,281,79,202
114000283,1704,285,1419
114000285,8,70,-62
114000288,179,272,-93
114000289,1929,117,1812
114000293,254,436,-182
114000294,181,211,-30
114000395,1394,22,1372
114000396,792,880,-88
114000402,1019,171,848
114000403,331,206,125
114000405,332,205,127
114000423,465,145,320
114000424,556,100,456
114000425,1161,126,1035
114000426,349,897,-548
114000427,147,105,42
114000428,97,165,-68
114000429,15,108,-93
114000432,126,47,79
114000434,22,51,-29
114000435,8,37,-29
114900001,730,291,439
114900002,364,185,179
114900003,1150,335,815
114900004,276,527,-251
114900005,769,256,513
114900006,69,114,-45
114900007,391,36,355
114900008,322,137,185
114900010,1087,1752,-665
114900011,246,125,121
114900013,333,87,246
114900015,110,623,-513
114900018,729,24,705
114900020,163,80,83
114900022,10,498,-488
114900024,269,116,153
114900025,613,110,503
114900026,71,129,-58
114900027,176,127,49
114900029,41,8,33
114900030,307,192,115
114900031,597,20,577
114900032,611,30,581
114900033,539,1446,-907
114900034,36,53,-17
114900035,69,281,-212
114900036,176,244,-68
114900037,110,66,44
114900038,234,234,0
114900039,580,144,436
114900040,142,53,89
114900041,1190,142,1048
114900042,1633,270,1363
114900043,264,126,138
114900044,176,46,130
114900046,34,40,-6
114900047,223,3819,-3596
114900048,32,134,-102
114900049,10,81,-71
114900050,68,95,-27
114900051,43,147,-104
114900052,35,194,-159
114900053,53,164,-111
114900054,22,31,-9
114900057,215,18,197
114900058,0,14,-14
114900059,111,84,27
114900060,273,902,-629
114900061,113,45,68
114900062,123,280,-157
114900063,81,66,15
114900064,2644,169,2475
114900065,694,729,-35
114900067,50,327,-277
114900068,18,100,-82
114900069,103,43,60
114900070,609,246,363
114900072,4,197,-193
114900073,0,38,-38
114900074,971,179,792
114900075,350,17,333
114900076,6,204,-198
114900080,857,139,718
114900082,1883,2983,-1100
114900083,358,784,-426
114900090,544,224,320
114900091,92,111,-19
114900095,226,55,171
114900096,218,465,-247
114900097,201,1,200
114900098,9,88,-79
114900099,275,10,265
115000001,3983,1960,2023
115000002,4929,5935,-1006
115000003,4342,1487,2855
115000004,5414,6660,-1246
115000005,2004,2128,-124
115000006,1348,1518,-170
115000007,539,253,286
115000008,512,633,-121
115000009,512,219,293
115000010,336,160,176
115000013,60,259,-199
115000015,27,341,-314
115000016,59,328,-269
115000019,41,446,-405
115000020,141,1061,-920
115000021,321,332,-11
115000022,457,239,218
115000023,304,479,-175
115000024,805,303,502
115000025,1010,654,356
115000026,229,241,-12
115000027,484,266,218
115000028,146,562,-416
115000029,884,75,809
115000030,463,856,-393
115000031,995,205,790
115000032,7,241,-234
115000033,198,32,166
115000034,109,976,-867
115000035,1094,84,1010
115000036,0,422,-422
115000037,535,26,509
115000038,79,155,-76
115000039,3967,4269,-302
115000040,3312,2569,743
115000041,2442,5153,-2711
115000042,416,528,-112
115000043,4005,2982,1023
115000044,2928,2944,-16
115000045,2735,1085,1650
115000046,3533,2776,757
115000047,3493,1589,1904
115000048,2560,1728,832
115000049,1191,2827,-1636
115000050,3479,1596,1883
115000051,1653,4519,-2866
115000052,1093,1215,-122
115000053,2812,2753,59
115000054,608,689,-81
115000055,154,753,-599
115000056,144,338,-194
115000057,546,1336,-790
115000058,178,412,-234
115000059,258,368,-110
115000061,119,108,11
115000062,190,375,-185
115000063,402,392,10
115000064,235,106,129
115000065,60,362,-302
115000067,300,39,261
115000069,90,247,-157
115000070,28,859,-831
115000071,76,34,42
115000072,11,72,-61
115000073,1629,116,1513
115000075,140,59,81
115000076,2137,1818,319
115000077,2221,1263,958
115000078,2093,792,1301
115000079,1799,1068,731
115000080,3731,1276,2455
115000081,306,474,-168
115000082,5625,4749,876
115000083,2344,887,1457
115000084,3860,1057,2803
115000085,1335,686,649
115000086,1603,621,982
115000087,450,1499,-1049
115000088,1944,711,1233
115000089,1310,843,467
115000090,445,1068,-623
115000091,290,403,-113
115000092,958,831,127
115000093,698,2,696
115000094,4678,7920,-3242
115000095,3384,7497,-4113
115000096,1244,790,454
115000097,2118,1321,797
115000098,2143,584,1559
115000099,2766,1392,1374
115000100,1623,271,1352
115000101,580,756,-176
115000102,735,229,506
115000103,325,418,-93
115000105,105,70,35
115000106,907,453,454
115000107,219,220,-1
115000108,1830,1839,-9
115000109,3121,5565,-2444
115000110,1258,2182,-924
115000111,421,1031,-610
115000112,784,846,-62
115000113,462,809,-347
115000114,1215,474,741
115000116,2143,1777,366
115000117,1755,1901,-146
115000118,1782,1713,69
115000119,1353,1738,-385
115000120,537,1463,-926
115000121,520,670,-150
115000122,633,1435,-802
115000123,859,2099,-1240
115000124,761,1159,-398
115000125,340,788,-448
115000126,109,433,-324
115000127,389,131,258
115000128,255,852,-597
115000129,192,563,-371
115000130,503,406,97
115000131,1048,281,767
115000132,316,286,30
115000133,739,256,483
115000134,265,269,-4
115000135,174,210,-36
115000136,293,170,123
115000137,109,168,-59
115000138,390,190,200
115000139,250,213,37
115000140,465,176,289
115000141,316,135,181
115000142,279,79,200
115000143,1031,640,391
115000144,551,79,472
115000145,405,165,240
115000146,553,504,49
115000147,363,427,-64
115000148,332,489,-157
115000149,887,229,658
115000150,617,359,258
115000151,1621,387,1234
115000152,751,948,-197
115000153,1504,405,1099
115000154,1115,292,823
115000155,736,921,-185
115000156,710,1015,-305
115000157,319,1106,-787
115000158,129,423,-294
115000159,453,633,-180
115000160,412,445,-33
115000161,174,463,-289
115000162,467,992,-525
115000163,425,756,-331
115000164,541,925,-384
115000165,294,822,-528
115000167,94,102,-8
115000168,427,668,-241
115000169,231,1038,-807
115000170,56,199,-143
115000171,155,488,-333
115000172,701,654,47
115000173,288,944,-656
115000174,77,533,-456
115000175,225,118,107
115000176,56,106,-50
115000177,71,185,-114
115000178,9,140,-131
115000179,22,48,-26
115000180,77,219,-142
115000181,1014,139,875
115000182,1414,272,1142
115000183,473,450,23
115000186,780,211,569
115000187,200,365,-165
115000188,432,570,-138
115000189,233,346,-113
115000190,854,461,393
115000191,287,457,-170
115000194,85,141,-56
115000195,166,482,-316
115000196,251,112,139
115000197,301,95,206
115000198,626,110,516
115000199,690,80,610
115000200,448,148,300
115000201,251,167,84
115000206,416,46,370
115000207,330,223,107
115000208,288,617,-329
115000209,624,324,300
115000210,123,125,-2
115000211,340,196,144
115000212,1104,314,790
115000224,254,61,193
115000225,135,58,77
115000229,151,129,22
115000230,91,762,-671
115000231,388,778,-390
115000232,3158,373,2785
115000233,147,212,-65
115000234,34,335,-301
115000241,129,56,73
115000242,269,92,177
115000243,141,108,33
115000244,4,175,-171
115000246,107,32,75
115000247,58,38,20
115000248,62,12,50
115000249,18,28,-10
115000250,326,23,303
115000251,373,51,322
115000252,104,172,-68
115000253,17,410,-393
115000258,444,105,339
115000259,286,44,242
115000261,23,27,-4
115000262,21,52,-31
115000263,41,24,17
115000264,7,23,-16
115000267,77,113,-36
115000268,77,107,-30
115000269,178,33,145
115000270,6,26,-20
115000272,53,87,-34
115000273,670,27,643
115000280,1265,188,1077
115000281,296,470,-174
115000282,1021,833,188
115000284,123,205,-82
115000296,607,4,603
115000297,133,134,-1
115000298,52,347,-295
115000300,249,116,133
115000302,781,107,674
115000303,1176,57,1119
115000304,997,74,923
115000305,112,277,-165
115000306,163,151,12
115000307,172,201,-29
115000308,18,13,5
115000309,20,57,-37
115000310,2015,459,1556
115000311,1923,1178,745
115000313,124,314,-190
115000314,781,210,571
115000315,1272,1176,96
115000316,140,130,10
115000317,220,495,-275
115000318,749,335,414
115000319,83,181,-98
115000320,38,494,-456
115000321,243,25,218
115000322,53,164,-111
115000449,210,212,-2
115000557,2,1933,-1931
115000558,238,80,158
115000587,698,306,392
115000588,2265,2362,-97
115000589,4020,2586,1434
115000590,831,2046,-1215
115000591,1317,972,345
115000592,478,2080,-1602
115000593,1546,965,581
115000594,297,2958,-2661
115000609,320,239,81
115000617,367,2361,-1994
115000624,387,24,363
115000633,294,1035,-741
115000634,3112,740,2372
115000635,643,154,489
115000638,251,364,-113
115000641,23,263,-240
115000642,198,164,34
115000643,84,366,-282
115000644,164,322,-158
115000646,621,1465,-844
115000647,190,559,-369
115000648,2966,842,2124
115000893,1792,1654,138
115000894,122,649,-527
115000895,158,1033,-875
115000896,1120,602,518
115000897,490,112,378
115000898,401,322,79
115000899,310,1809,-1499
115000900,57,627,-570
115000901,90,269,-179
115000912,534,102,432
115000913,3,33,-30
115000915,31,4,27
115000916,2,0,2
115000917,0,3,-3
115000918,40,645,-605
115000919,2,22,-20
115000920,14,64,-50
115000921,276,95,181
115000922,365,1429,-1064
115000923,102,2339,-2237
115000925,141,144,-3
115000927,49,69,-20
115000933,87,939,-852
115000934,120,148,-28
115000935,248,36,212
115000936,41,854,-813
115000937,1201,375,826
115000938,28,356,-328
115000939,29,141,-112
115000940,7,35,-28
115000941,0,48,-48
115000942,6,156,-150
115000943,1,55,-54
115000944,7,23,-16
115900001,169,9,160
115900002,111,103,8
115900003,247,54,193
115900004,0,11,-11
115900005,311,16,295
115900006,90,94,-4
115900008,120,2,118
115900009,65,389,-324
115900010,506,75,431
115900011,411,152,259
115900012,388,11,377
115900013,282,117,165
115900014,161,126,35
115900015,246,26,220
115900016,90,46,44
115900017,19,8,11
115900018,231,33,198
115900019,90,12,78
115900020,147,2,145
115900021,668,339,329
115900022,740,5,735
115900023,5,10,-5
115900025,16,264,-248
115900026,611,106,505
115900027,0,147,-147
115900028,233,43,190
115900029,17,168,-151
115900030,76,46,30
115900031,120,232,-112
115900032,284,614,-330
115900033,1,67,-66
115900034,27,110,-83
115900035,65,62,3
115900036,28,2421,-2393
115900037,26,119,-93
115900038,70,19,51
115900039,193,108,85
115900041,122,1084,-962
115900042,66,6,60
115900043,145,35,110
115900044,170,334,-164
115900046,648,130,518
115900047,105,241,-136
115900049,217,111,106
115900051,12,16,-4
115900052,8,105,-97
115900053,335,89,246
115900054,479,38,441
115900055,48,61,-13
115900056,209,104,105
115900057,17,22,-5
115900058,14,60,-46
115900060,48,110,-62
115900061,408,2,406
115900062,44,98,-54
115900063,40,0,40
115900064,178,330,-152
115900065,154,60,94
115900066,83,33,50
115900067,10,86,-76
115900068,1163,1471,-308
115900069,94,219,-125
115900070,216,82,134
115900071,3,97,-94
115900072,23,96,-73
115900073,138,187,-49
115900074,2,88,-86
115900075,34,112,-78
115900076,30,28,2
115900077,2,68,-66
115900078,23,131,-108
115900079,407,20,387
115900080,170,126,44
115900081,39,16,23
115900082,97,115,-18
115900084,789,32,757
115900085,75,119,-44
115900086,871,376,495
115900088,4,87,-83
115900089,647,344,303
115900090,767,18,749
115900091,7,28,-21
115900092,30,50,-20
115900093,4,22,-18
115900094,2,47,-45
115900096,9,5,4
115900097,16,98,-82
115900098,416,159,257
115900099,37,58,-21
115900100,33,164,-131
115900101,366,121,245
115900102,164,82,82
115900103,479,139,340
115900104,131,78,53
115900105,275,149,126
115900106,113,9,104
115900107,140,42,98
115900108,224,27,197
115900109,30,162,-132
115900110,28,7,21
115900111,1,56,-55
115900112,68,518,-450
115900113,72,25,47
115900114,10,135,-125
115900115,94,190,-96
115900116,98,429,-331
115900117,83,12,71
115900118,3,83,-80
115900119,200,114,86
115900120,25,120,-95
115900121,321,105,216
115900124,235,926,-691
115900125,501,58,443
115900126,1147,81,1066
115900127,1078,63,1015
115900128,2,94,-92
115900129,566,56,510
115900130,15,521,-506
115900131,484,27,457
115900132,886,3,883
115900134,394,33,361
115900135,456,1026,-570
115900137,25,11,14
115900139,18,173,-155
115900140,699,76,623
115900141,4,67,-63
115900142,9,47,-38
115900143,371,381,-10
115900144,222,164,58
115900146,13,25,-12
115900147,181,251,-70
115900148,83,4,79
115900149,218,26,192
115900150,121,19,102
115900151,16,107,-91
115900152,246,193,53
115900153,170,96,74
115900154,372,461,-89
115900155,0,10,-10
115900156,899,829,70
115900157,421,558,-137
115900158,14,8,6
115900159,198,164,34
115900160,1,12,-11
115900161,28,84,-56
115900163,369,99,270
115900164,870,11,859
115900166,163,134,29
115900168,236,109,127
115900171,130,358,-228
115900172,45,110,-65
115900173,287,67,220
115900174,162,478,-316
115900175,212,134,78
115900178,7,157,-150
115900179,460,13,447
115900180,69,70,-1
115900181,263,86,177
115900182,644,68,576
115900183,21,115,-94
115900184,407,10,397
115900187,12,275,-263
115900189,0,160,-160
115900190,188,1164,-976
115900191,36,131,-95
115900192,14,106,-92
115900193,149,108,41
115900194,1034,44,990
115900195,444,3020,-2576
115900198,314,225,89
115900199,342,83,259
115900200,289,130,159
115900201,193,258,-65
115900202,14,60,-46
115900203,9,25,-16
115900204,1,10,-9
115900205,35,11,24
115900206,389,90,299
115900207,64,8,56
115900208,146,64,82
115900209,10,84,-74
115900210,8,130,-122
115900211,0,113,-113
115900212,193,154,39
115900213,91,114,-23
115900214,949,79,870
115900215,21,318,-297
115900216,1,40,-39
115900217,4,15,-11
115900218,1,27,-26
115900219,243,2,241
115900220,362,7,355
115900221,169,14,155
115900222,166,79,87
115900223,9,741,-732
115900224,550,2096,-1546
115900225,36,48,-12
115900226,17,80,-63
115900227,14,93,-79
115900228,9,26,-17
115900229,6,28,-22
115900230,39,46,-7
115900231,168,4,164
115900232,114,1,113
115900233,163,10,153
115900234,90,32,58
115900235,25,61,-36
115900236,27,82,-55
115900237,35,32,3
115900238,30,11,19
115900239,21,7,14
115900240,15,14,1
115900241,278,41,237
115900242,286,413,-127
115900243,20,8,12
115900244,10,7,3
115900245,105,2,103
115900246,12,23,-11
115900247,8,11,-3
115900248,16,4,12
115900249,36,13,23
115900250,13,18,-5
115900251,7,3,4
115900252,16,1,15
115900253,29,8,21
115900254,5,34,-29
115900255,5,61,-56
115900256,21,47,-26
115900257,4,5,-1
115900258,0,2,-2
115900259,1,5,-4
115900260,6,1,5
115900261,7,1,6
115900262,11,0,11
115900263,12,2,10
115900264,29,1,28
115900265,2,9,-7
115900266,1,33,-32
115900267,5,12,-7
115900268,0,18,-18
115900269,738,132,606
115900270,404,93,311
115900271,163,1,162
115900272,82,7,75
115900273,8,32,-24
115900274,1,1,0
115900275,2,7,-5
115900276,0,26,-26
115900277,1,66,-65
115900278,79,125,-46
115900279,20,346,-326
115900280,13,842,-829
115900281,139,407,-268
115900282,38,58,-20
115900283,6,10,-4
115900284,25,11,14
116000001,6409,2199,4210
116000002,5559,16432,-10873
116000003,1285,2009,-724
116000004,3707,6838,-3131
116000005,982,3238,-2256
116000006,3151,5198,-2047
116000007,1451,1626,-175
116000008,5543,3202,2341
116000009,823,1116,-293
116000010,3376,1983,1393
116000011,670,984,-314
116000012,2346,1358,988
116000013,4037,4751,-714
116000014,10842,23608,-12766
116000015,94,1611,-1517
116000016,5191,5702,-511
116000017,29,749,-720
116000018,483,453,30
116000019,1310,333,977
116000020,723,1349,-626
116000021,742,278,464
116000022,559,320,239
116000023,2037,1263,774
116000024,607,959,-352
116000025,1225,939,286
116000026,1442,3505,-2063
116000027,410,767,-357
116000028,409,1106,-697
116000029,343,398,-55
116000030,573,687,-114
116000031,69,159,-90
116000032,309,117,192
116000033,691,418,273
116000034,767,815,-48
116000035,456,341,115
116000036,502,4720,-4218
116000037,300,546,-246
116000038,161,1660,-1499
116000039,302,1731,-1429
116000040,523,1638,-1115
116000041,133,1121,-988
116000042,1030,1001,29
116000043,186,478,-292
116000044,17,28,-11
116000045,1641,1259,382
116000046,899,1827,-928
116000047,1760,2806,-1046
116000048,2431,1136,1295
116000049,1722,2749,-1027
116000050,1521,975,546
116000051,4292,2961,1331
116000052,3845,3436,409
116000053,2567,589,1978
116000054,1200,2300,-1100
116000055,1109,906,203
116000056,1904,976,928
116000057,2682,1254,1428
116000058,3995,3126,869
116000059,2514,3769,-1255
116000060,2723,1308,1415
116000061,599,1469,-870
116000062,584,318,266
116000063,662,2386,-1724
116000066,244,733,-489
116000067,279,377,-98
116000068,171,459,-288
116000069,338,193,145
116000078,681,1186,-505
116000080,1947,564,1383
116000082,18,12,6
116000083,2270,436,1834
116000084,1157,1915,-758
116000085,1969,1935,34
116000086,736,640,96
116000087,3346,2174,1172
116000088,936,785,151
116000089,172,105,67
116000090,113,163,-50
116000091,203,547,-344
116000093,792,385,407
116000094,838,259,579
116000095,1009,556,453
116000096,1361,1709,-348
116000097,1098,533,565
116000098,88,8988,-8900
116000099,4495,319,4176
116000100,371,14,357
116000101,1314,425,889
116000102,328,730,-402
116000103,387,356,31
116000104,232,771,-539
116000105,1713,162,1551
116000106,610,840,-230
116000107,3067,242,2825
116000108,58,307,-249
116000111,218,18,200
116000113,193,114,79
116000114,21,83,-62
116000115,351,105,246
116000116,229,171,58
116000117,1673,1531,142
116000118,2035,820,1215
116000119,4439,1743,2696
116000120,2769,2085,684
116000121,998,627,371
116000122,729,721,8
116000123,1572,538,1034
116000124,485,371,114
116000125,3242,700,2542
116000126,354,572,-218
116000127,761,585,176
116000128,2138,851,1287
116000129,1521,191,1330
116000130,1076,705,371
116000133,1810,676,1134
116000134,1399,772,627
116000135,3151,1336,1815
116000136,779,1148,-369
116000137,1336,656,680
116000138,1572,1059,513
116000139,2033,3988,-1955
116000140,214,254,-40
116000141,491,367,124
116000142,3298,1781,1517
116000143,2223,1466,757
116000144,1918,1667,251
116000145,2751,810,1941
116000146,1231,106,1125
116000147,236,277,-41
116000148,1016,1579,-563
116000149,1051,797,254
116000151,608,498,110
116000153,107,333,-226
116000155,219,387,-168
116000156,631,698,-67
116000157,143,15,128
116000158,460,168,292
116000159,17,66,-49
116000160,30,57,-27
116000161,0,65,-65
116000162,68,205,-137
116000163,49,17,32
116000164,12,47,-35
116000177,74,238,-164
116000194,95,242,-147
116000195,1406,475,931
116000196,40,1,39
116000197,14,9,5
116000198,2200,1002,1198
116000200,607,899,-292
116000201,573,478,95
116000202,23,113,-90
116000203,0,46,-46
116000204,12,23,-11
116000205,1,81,-80
116000206,1,88,-87
116000207,7,54,-47
116000233,199,515,-316
116000287,220,131,89
116000288,379,177,202
116000292,70,97,-27
116000296,19,103,-84
116000297,219,25,194
116000304,212,13,199
116000305,35,89,-54
116000346,156,133,23
116000352,153,115,38
116000354,30,32,-2
116000357,7,28,-21
116000358,521,68,453
116000361,46,4,42
116000372,3754,8777,-5023
116000381,148,1,147
116000388,1,14,-13
116000389,835,367,468
116000445,834,203,631
116000446,848,298,550
116000447,24,639,-615
116000448,659,168,491
116000563,685,634,51
116000565,34,198,-164
116000568,78,706,-628
116000579,15,65,-50
116000584,44,6,38
116000585,66,16,50
116000586,29,51,-22
116000587,284,328,-44
116000589,45,72,-27
116000590,117,65,52
116000591,317,249,68
116000592,22,23,-1
116000593,0,14,-14
116000594,1400,154,1246
116000595,924,65,859
116000596,150,10,140
116000597,803,253,550
116000598,24,107,-83
116000602,14,208,-194
116000605,138,137,1
116000606,68,385,-317
116000607,0,161,-161
116000609,58,1253,-1195
116000611,277,138,139
116000612,1837,2074,-237
116000613,1012,366,646
116000614,488,162,326
116000615,0,730,-730
116000616,174,32,142
116000617,153,14,139
116000618,6,27,-21
116000619,48,94,-46
116000620,252,118,134
116000621,143,61,82
116000622,179,67,112
116000624,239,97,142
116000627,143,8,135
116000628,83,130,-47
116000629,69,131,-62
116000630,1036,24,1012
116000631,498,19,479
116000632,1227,32,1195
116000633,229,127,102
116000634,606,29,577
116000635,2250,3979,-1729
116000636,366,1981,-1615
116000637,688,17,671
116000638,111,159,-48
116000640,2,31,-29
116000641,9,32,-23
116000644,64,88,-24
116900001,478,124,354
116900002,376,2,374
116900003,58,12,46
116900004,58,110,-52
116900005,357,56,301
116900006,87,142,-55
116900007,133,347,-214
116900008,739,118,621
116900009,11,8,3
116900010,0,459,-459
116900011,20,14,6
116900012,363,397,-34
116900013,3,35,-32
116900014,333,46,287
116900015,731,38,693
116900016,284,2,282
116900017,3,558,-555
116900018,137,56,81
116900019,2,122,-120
116900020,304,1685,-1381
116900023,46,19,27
116900024,976,25,951
116900025,1482,390,1092
116900026,67,433,-366
116900027,56,81,-25
116900028,1,46,-45
116900029,0,128,-128
116900031,1,3,-2
116900032,4,97,-93
116900033,42,16,26
116900034,2,26,-24
116900035,141,139,2
116900036,4,106,-102
116900038,12,4,8
116900041,54,14,40
116900042,194,179,15
116900043,9,46,-37
116900047,22,194,-172
116900049,30,169,-139
116900050,66,247,-181
116900051,242,20,222
116900052,224,58,166
116900055,0,27,-27
116900057,20,61,-41
116900058,26,236,-210
116900059,2,39,-37
116900060,118,426,-308
116900062,1,22,-21
116900064,111,214,-103
116900065,29,78,-49
116900067,183,55,128
116900068,193,114,79
116900070,7,6,1
116900072,39,113,-74
116900073,22,78,-56
116900074,10,46,-36
116900076,17,86,-69
116900077,3,31,-28
116900078,172,44,128
116900079,44,164,-120
116900080,20,21,-1
116900081,183,591,-408
116900082,145,824,-679
116900083,1,17,-16
116900084,43,58,-15
116900085,11,76,-65
116900086,63,144,-81
116900088,308,66,242
116900090,40,19,21
116900091,388,40,348
116900092,84,399,-315
116900093,3894,1479,2415
116900094,3472,6810,-3338
116900095,200,692,-492
116900096,115,454,-339
116900097,1309,3883,-2574
116900098,775,660,115
116900099,232,1113,-881
116900100,1170,121,1049
116900101,230,753,-523
116900103,3,0,3
116900104,33,227,-194
116900105,327,236,91
116900106,3224,156,3068
116900107,1270,3172,-1902
116900110,26,0,26
116900111,997,184,813
116900112,279,506,-227
116900113,958,3452,-2494
116900116,40,1736,-1696
116900117,286,96,190
116900118,1866,1173,693
116900120,509,55,454
116900121,233,31,202
116900122,1235,215,1020
116900123,393,249,144
116900124,126,488,-362
116900125,596,87,509
116900126,62,647,-585
116900128,0,86,-86
116900129,1,218,-217
116900130,1500,4618,-3118
116900131,56,316,-260
116900132,73,98,-25
116900133,208,111,97
116900134,381,226,155
116900136,155,127,28
116900137,261,133,128
116900138,163,122,41
116900139,90,196,-106
116900140,132,62,70
116900141,448,147,301
116900142,7,58,-51
116900143,330,109,221
116900144,65,53,12
116900145,74,143,-69
116900147,196,2498,-2302
116900148,4,33,-29
116900149,106,261,-155
116900150,10,13,-3
116900151,113,121,-8
116900153,120,88,32
116900154,134,562,-428
116900155,52,81,-29
116900157,703,63,640
116900158,73,401,-328
116900159,69,742,-673
116900160,1061,1190,-129
116900161,3987,10610,-6623
116900162,13,68,-55
116900163,266,45,221
116900164,120,82,38
116900165,766,464,302
116900166,68,14,54
116900167,460,55,405
116900168,470,44,426
116900169,210,2495,-2285
116900170,728,441,287
116900171,50,80,-30
116900172,109,523,-414
116900173,355,27,328
116900174,84,160,-76
116900175,306,679,-373
116900178,60,76,-16
116900179,57,486,-429
116900180,76,10,66
116900182,1642,325,1317
116900183,257,87,170
116900185,31,34,-3
116900186,134,118,16
116900187,55,93,-38
116900188,131,11,120
116900189,75,8,67
116900191,227,421,-194
116900192,347,132,215
116900194,89,1993,-1904
116900195,43,35,8
116900196,27,54,-27
116900197,123,18,105
116900198,45,377,-332
116900200,139,6,133
116900201,250,6,244
116900202,91,13,78
116900203,173,19,154
116900204,33,236,-203
116900206,55,1,54
116900207,43,44,-1
116900208,14,35,-21
116900209,37,38,-1
116900210,911,384,527
116900211,236,5,231
116900212,178,12,166
116900213,310,113,197
116900214,325,223,102
116900215,68,43,25
116900216,410,214,196
116900218,2,295,-293
116900219,488,189,299
116900220,148,238,-90
116900221,231,294,-63
116900222,595,299,296
116900223,99,197,-98
116900226,120,47,73
116900227,260,26,234
116900228,300,122,178
116900230,67,77,-10
116900231,118,119,-1
116900232,23,162,-139
116900233,256,70,186
116900234,19,4,15
116900235,145,219,-74
116900238,757,199,558
116900239,7,766,-759
116900240,3660,3319,341
116900241,115,20,95
116900242,505,1200,-695
116900243,0,9,-9
116900245,59,26,33
116900246,197,26,171
116900247,1173,44,1129
116900248,84,21,63
116900249,735,94,641
116900250,651,39,612
116900251,329,1180,-851
116900252,202,512,-310
116900253,195,40,155
116900254,31,79,-48
116900255,206,132,74
116900256,713,147,566
116900257,27,203,-176
116900258,2,101,-99
116900259,404,15,389
116900260,3,28,-25
116900261,75,2,73
116900262,166,79,87
116900263,1,16,-15
116900264,53,92,-39
116900265,102,2,100
116900266,40,11,29
116900267,20,0,20
116900268,169,126,43
116900269,401,1193,-792
116900271,566,445,121
116900272,630,353,277
116900273,36,579,-543
116900274,193,36,157
116900275,326,61,265
116900276,311,407,-96
116900277,202,33,169
116900278,4,2,2
116900279,1,12,-11
116900280,37,27,10
116900281,3204,6553,-3349
116900282,0,31,-31
116900283,7,34,-27
116900284,10,62,-52
116900285,127,305,-178
116900286,91,12,79
116900287,7,22,-15
116900288,112,62,50
116900289,31,2,29
116900290,30,2,28
116900291,47,16,31
116900292,0,36,-36
116900293,109,5,104
116900294,12,110,-98
116900295,197,439,-242
116900296,83,416,-333
116900297,4,117,-113
116900298,113,430,-317
116900299,35,486,-451
116900300,2,243,-241
116900301,26,1322,-1296
116900302,9,194,-185
116900303,100,183,-83
116900304,1,442,-441
116900305,14,36,-22
116900306,273,43,230
116900307,104,0,104
116900308,0,49,-49
116900309,156,30,126
117000001,3413,3462,-49
117000002,1959,3680,-1721
117000003,6647,4012,2635
117000004,2241,5426,-3185
117000005,4539,2609,1930
117000006,1023,1902,-879
117000007,7056,1333,5723
117000008,949,2350,-1401
117000009,4975,1769,3206
117000010,1400,2664,-1264
117000011,3534,1488,2046
117000012,1752,840,912
117000013,2671,1088,1583
117000014,1244,1996,-752
117000015,3344,1583,1761
117000016,384,706,-322
117000017,126,1584,-1458
117000018,141,1385,-1244
117000019,107,195,-88
117000020,888,2674,-1786
117000021,2480,1336,1144
117000022,226,849,-623
117000023,86,1549,-1463
117000024,166,1430,-1264
117000025,163,5154,-4991
117000026,1858,5326,-3468
117000027,1445,4614,-3169
117000028,1036,3789,-2753
117000030,326,346,-20
117000031,483,483,0
117000032,1529,1778,-249
117000033,1829,856,973
117000034,302,212,90
117000035,407,498,-91
117000036,432,321,111
117000037,327,200,127
117000038,370,671,-301
117000039,523,440,83
117000040,214,625,-411
117000041,1488,107,1381
117000044,6,675,-669
117000045,1174,214,960
117000046,462,803,-341
117000047,1170,856,314
117000048,1457,850,607
117000049,39,431,-392
117000050,287,1219,-932
117000051,3385,48,3337
117000052,51,152,-101
117000053,1022,29,993
117000054,1919,9,1910
117000055,0,1072,-1072
117000056,857,32,825
117000057,467,1377,-910
117000060,422,1179,-757
117000061,3094,1523,1571
117000062,205,1095,-890
117000063,2000,956,1044
117000064,698,629,69
117000066,542,634,-92
117000067,130,751,-621
117000074,40,195,-155
117000076,80,40,40
117000077,267,206,61
117000078,167,495,-328
117000079,413,292,121
117000080,0,395,-395
117000081,1063,175,888
117000082,13,59,-46
117000083,182,24,158
117000084,191,0,191
117000085,390,960,-570
117000086,850,253,597
117000087,88,471,-383
117000088,341,153,188
117000089,2662,247,2415
117000090,324,622,-298
117000091,1511,203,1308
117000092,591,582,9
117000093,2068,660,1408
117000094,1010,1146,-136
117000095,4064,720,3344
117000096,720,1340,-620
117000097,2420,992,1428
117000098,1593,2359,-766
117000099,5454,1064,4390
117000100,241,352,-111
117000101,141,685,-544
117000102,2596,713,1883
117000103,398,783,-385
117000104,2178,679,1499
117000105,457,725,-268
117000106,2280,515,1765
117000107,606,943,-337
117000108,3290,923,2367
117000109,853,1273,-420
117000110,2404,2088,316
117000111,4824,4068,756
117000112,4296,1492,2804
117000113,129,89,40
117000114,355,203,152
117000115,97,36,61
117000116,182,204,-22
117000117,2122,1341,781
117000118,455,222,233
117000119,148,1117,-969
117000120,102,2517,-2415
117000121,27,1387,-1360
117000122,976,2213,-1237
117000123,3113,93,3020
117000124,95,267,-172
117000125,127,1199,-1072
117000126,30,20,10
117000127,112,548,-436
117000128,113,1661,-1548
117000129,333,2124,-1791
117000130,236,1,235
117000131,0,100,-100
117000132,4488,29,4459
117000133,3367,26,3341
117000134,0,298,-298
117000135,10,369,-359
117000136,0,106,-106
117000137,310,186,124
117000138,9,1131,-1122
117000140,342,692,-350
117000141,2555,483,2072
117000181,366,231,135
117000182,2975,1263,1712
117000195,174,698,-524
117000196,371,218,153
117000225,61,348,-287
117000226,6,558,-552
117000276,435,32,403
117000277,0,174,-174
117000310,1101,2015,-914
117000315,224,899,-675
117000320,118,0,118
117000906,649,17,632
117000907,9,190,-181
117000909,83,86,-3
117000910,355,139,216
117000911,53,145,-92
117000915,12,162,-150
117000916,119,9,110
117000917,2091,53,2038
117000918,259,73,186
117000919,18,45,-27
117000920,3,872,-869
117000921,0,338,-338
117000922,35,52,-17
117000924,939,883,56
117000926,935,893,42
117000927,262,905,-643
117000928,0,137,-137
117000929,531,174,357
117000930,807,27,780
117000931,102,186,-84
117900002,59,1020,-961
117900003,146,352,-206
117900005,5,331,-326
117900006,0,49,-49
117900007,199,70,129
117900008,0,15,-15
117900010,490,96,394
117900011,30,999,-969
117900012,114,49,65
117900013,0,245,-245
117900014,992,190,802
117900015,21,75,-54
117900016,969,957,12
117900017,1128,459,669
117900018,476,1569,-1093
117900019,1077,154,923
117900020,62,433,-371
117900021,42,152,-110
117900022,43,7,36
117900023,4111,147,3964
117900024,103,105,-2
117900025,32,1,31
117900026,518,141,377
117900028,90,6,84
117900029,498,500,-2
117900030,640,280,360
117900031,305,720,-415
117900032,900,597,303
117900033,665,425,240
117900034,46,33,13
117900035,277,235,42
117900036,683,258,425
117900037,194,74,120
117900038,42,66,-24
117900039,0,34,-34
117900040,188,197,-9
117900041,1,35,-34
117900042,2196,310,1886
117900043,3,17,-14
117900044,38,5477,-5439
117900045,299,117,182
117900048,477,114,363
117900049,542,254,288
117900050,16,1420,-1404
117900051,27,5,22
117900052,155,584,-429
117900053,2114,199,1915
117900054,2,17,-15
117900055,3070,463,2607
117900056,58,219,-161
117900057,982,804,178
117900058,21,156,-135
117900059,129,127,2
117900060,2976,1856,1120
117900061,21,609,-588
117900063,714,181,533
117900065,343,750,-407
117900066,5,124,-119
117900067,1134,137,997
117900069,1329,188,1141
117900070,77,351,-274
117900071,333,114,219
117900073,894,202,692
117900074,64,687,-623
117900075,132,64,68
117900076,69,126,-57
117900077,638,149,489
117900078,411,746,-335
117900080,341,44,297
117900081,254,249,5
117900082,709,423,286
117900083,840,310,530
117900086,410,38,372
117900087,147,20,127
117900088,932,966,-34
117900089,2513,726,1787
117900090,742,375,367
117900091,157,42,115
117900092,147,26,121
117900093,86,20,66
117900094,61,29,32
117900095,544,951,-407
117900096,164,442,-278
117900097,247,38,209
117900098,65,11,54
117900099,305,672,-367
117900100,635,3,632
117900101,1010,2608,-1598
117900102,112,31,81
117900103,88,8,80
117900104,3,433,-430
117900105,92,151,-59
117900106,137,33,104
117900107,67,5,62
117900109,1120,325,795
117900110,252,0,252
117900111,775,60,715
117900112,68,3,65
117900113,1185,2147,-962
117900114,62,0,62
117900115,68,354,-286
117900116,709,526,183
117900117,1120,162,958
117900118,146,3,143
117900119,278,61,217
117900120,789,34,755
117900121,138,44,94
117900122,1224,5338,-4114
117900123,1381,316,1065
117900124,379,474,-95
117900125,1375,1388,-13
117900126,159,317,-158
117900127,608,155,453
117900128,400,245,155
117900129,161,3,158
117900130,629,581,48
117900131,4,63,-59
117900132,8,83,-75
117900133,42,65,-23
117900134,45,142,-97
117900135,19,40,-21
117900136,0,7,-7
117900137,108,113,-5
117900138,0,8,-8
117900139,116,82,34
117900140,5333,786,4547
117900141,121,426,-305
117900142,22,562,-540
117900144,66,1748,-1682
117900145,9,218,-209
117900146,237,398,-161
117900147,126,83,43
117900148,3353,3269,84
117900149,98,110,-12
117900150,82,75,7
117900151,46,152,-106
117900152,102,115,-13
117900153,18,144,-126
117900154,620,466,154
117900156,426,619,-193
117900157,97,470,-373
117900158,425,124,301
117900160,835,806,29
117900161,921,980,-59
117900162,1005,512,493
117900163,19,958,-939
117900165,0,5,-5
117900166,78,514,-436
117900168,68,105,-37
117900169,1,52,-51
117900170,2,13,-11
117900171,5,11,-6
117900172,23,4,19
117900173,42,102,-60
117900174,26,36,-10
117900175,2,14,-12
117900176,6,12,-6
117900177,27,8,19
117900178,89,22,67
117900180,177,40,137
117900181,34,428,-394
117900182,0,59,-59
117900183,128,147,-19
117900184,18,83,-65
117900185,41,41,0
117900186,28,10,18
117900187,34,7,27
117900188,221,55,166
117900189,82,27,55
117900190,15,0,15
117900191,112,0,112
117900192,199,0,199
117900193,18,35,-17
117900194,8,5,3
117900195,11,71,-60
117900196,11,24,-13
117900207,83,144,-61
117900208,42,25,17
117900209,189,101,88
117900210,164,128,36
117900211,2,88,-86
117900212,158,322,-164
117900213,74,5,69
117900214,8,14,-6
117900215,38,31,7
117900216,44,118,-74
117900217,63,407,-344
117900218,106,187,-81
117900219,5,226,-221
117900220,26,584,-558
117900222,237,118,119
117900223,143,297,-154
118000001,703,2512,-1809
118000002,298,1364,-1066
118000003,2556,6039,-3483
118000004,1335,5594,-4259
118000005,4110,4273,-163
118000006,4083,5999,-1916
118000007,5161,10860,-5699
118000008,1121,5250,-4129
118000009,1351,3781,-2430
118000010,4772,4180,592
118000011,2064,1813,251
118000012,1168,1616,-448
118000013,2776,2331,445
118000014,1873,1319,554
118000016,376,281,95
118000017,1048,422,626
118000018,451,197,254
118000019,1284,2490,-1206
118000020,593,3286,-2693
118000021,559,3709,-3150
118000022,976,851,125
118000023,371,324,47
118000024,533,1300,-767
118000027,9308,9586,-278
118000029,480,779,-299
118000032,209,2565,-2356
118000033,2112,5903,-3791
118000034,3222,4344,-1122
118000035,2093,2955,-862
118000036,922,1276,-354
118000037,793,1713,-920
118000038,935,106,829
118000039,99,70,29
118000040,1828,1578,250
118000041,3662,1700,1962
118000045,319,227,92
118000046,942,2150,-1208
118000047,596,4277,-3681
118000048,1288,4453,-3165
118000051,736,5206,-4470
118000052,422,2458,-2036
118000053,365,644,-279
118000054,2896,709,2187
118000055,2529,1663,866
118000056,179,670,-491
118000057,148,307,-159
118000058,1848,5174,-3326
118000059,1444,3026,-1582
118000060,1232,637,595
118000061,1098,1176,-78
118000062,481,406,75
118000063,401,1247,-846
118000064,635,1638,-1003
118000065,1772,1741,31
118000066,1824,4849,-3025
118000067,394,547,-153
118000068,840,10953,-10113
118000069,1112,1541,-429
118000070,5804,2476,3328
118000071,3966,11435,-7469
118000072,778,3757,-2979
118000073,519,1916,-1397
118000074,613,714,-101
118000075,477,407,70
118000076,2081,7409,-5328
118000077,1222,2521,-1299
118000078,1747,3520,-1773
118000079,276,595,-319
118000080,580,1349,-769
118000081,1567,2587,-1020
118000082,434,1513,-1079
118000083,1607,2222,-615
118000084,2194,2703,-509
118000086,154,711,-557
118000087,4280,2576,1704
118000088,1307,1857,-550
118000089,4012,3221,791
118000090,777,3606,-2829
118000091,1195,4799,-3604
118000092,897,852,45
118000093,84,783,-699
118000096,602,1026,-424
118000097,630,934,-304
118000098,304,313,-9
118000099,1121,457,664
118000101,2303,447,1856
118000102,478,605,-127
118000107,2914,771,2143
118000108,586,4137,-3551
118000110,2,57,-55
118000111,0,160,-160
118000112,918,4,914
118000113,15,309,-294
118000114,799,11,788
118000115,25,22,3
118000116,15,0,15
118000117,719,923,-204
118000118,1190,2328,-1138
118000119,1154,2612,-1458
118000120,1393,1680,-287
118000121,36,801,-765
118000122,606,379,227
118000123,63,250,-187
118000125,1120,1738,-618
118000126,543,2185,-1642
118000127,1245,1248,-3
118000128,351,2451,-2100
118000129,1774,758,1016
118000130,2077,2779,-702
118000131,247,704,-457
118000132,3251,2439,812
118000133,1737,805,932
118000135,529,1164,-635
118000136,178,974,-796
118000137,399,139,260
118000138,433,403,30
118000139,449,134,315
118000140,4116,8361,-4245
118000141,3333,1749,1584
118000142,3214,1677,1537
118000143,3819,1533,2286
118000144,827,437,390
118000145,1474,1298,176
118000146,1472,490,982
118000147,1343,948,395
118000148,618,1253,-635
118000149,1136,604,532
118000150,832,242,590
118000151,1047,368,679
118000153,2326,887,1439
118000154,1730,1206,524
118000155,3466,1194,2272
118000156,2655,3641,-986
118000157,666,317,349
118000158,271,552,-281
118000159,44,92,-48
118000160,981,257,724
118000161,791,244,547
118000162,1516,976,540
118000163,1260,1096,164
118000164,2233,1601,632
118000168,542,992,-450
118000169,1085,778,307
118000170,2795,2373,422
118000171,452,396,56
118000172,97,144,-47
118000173,720,1551,-831
118000175,259,363,-104
118000176,437,533,-96
118000177,406,765,-359
118000178,30,37,-7
118000179,729,1045,-316
118000180,730,556,174
118000181,696,157,539
118000182,225,188,37
118000183,289,279,10
118000184,1574,479,1095
118000185,586,2021,-1435
118000186,528,1362,-834
118000187,2566,356,2210
118000188,1022,63,959
118000189,1077,388,689
118000190,6,8,-2
118000191,15,20,-5
118000192,24,96,-72
118000193,8,139,-131
118000194,1728,861,867
118000195,234,5814,-5580
118000196,135,690,-555
118000197,74,245,-171
118000198,440,1800,-1360
118000199,354,1348,-994
118000200,143,995,-852
118000201,155,987,-832
118000202,53,282,-229
118000203,344,1304,-960
118000204,59,647,-588
118000205,48,322,-274
118000206,201,319,-118
118000207,1,44,-43
118000208,1435,1438,-3
118000209,2869,914,1955
118000210,173,44,129
118000211,113,75,38
118000213,393,4802,-4409
118000214,361,880,-519
118000215,514,104,410
118000216,7069,1891,5178
118000217,18,34,-16
118000218,74,54,20
118000219,285,236,49
118000220,6,43,-37
118000221,716,504,212
118000222,50,15,35
118000223,152,45,107
118000224,164,66,98
118000225,157,1508,-1351
118000226,1289,209,1080
118000227,1011,455,556
118000228,39,548,-509
118000229,47,535,-488
118000230,194,229,-35
118000231,60,295,-235
118000232,1097,323,774
118000233,1494,650,844
118000234,761,132,629
118000236,315,317,-2
118000237,183,303,-120
118000238,265,255,10
118000239,337,220,117
118000240,148,95,53
118000241,229,160,69
118000242,531,263,268
118000243,392,171,221
118000244,58,46,12
118000246,0,29,-29
118000255,81,287,-206
118000256,223,211,12
118000259,17,64,-47
118000260,284,65,219
118000261,92,16,76
118000263,107,196,-89
118000266,163,300,-137
118000267,1,326,-325
118000268,224,3,221
118000270,166,7,159
118000271,306,233,73
118000272,68,25,43
118000273,305,39,266
118000274,117,276,-159
118000276,605,276,329
118000295,24,81,-57
118000298,100,154,-54
118000299,47,92,-45
118000301,0,162,-162
118000302,158,21,137
118000311,1076,67,1009
118000312,386,138,248
118000313,46,44,2
118000314,101,25,76
118000315,37,7,30
118000316,1056,436,620
118000325,136,15,121
118000326,50,30,20
118000331,38,18,20
118000332,9,18,-9
118000333,19,18,1
118000335,585,1,584
118000336,1,157,-156
118000407,306,72,234
118000457,8,114,-106
118000465,660,2965,-2305
118000480,58,52,6
118000489,2,522,-520
118000490,9,135,-126
118000492,526,184,342
118000510,43,61,-18
118000514,112,851,-739
118000515,536,1057,-521
118000517,295,151,144
118000524,87,433,-346
118000525,448,684,-236
118000530,21,149,-128
118000531,528,189,339
118000532,289,184,105
118000533,237,94,143
118000534,715,363,352
118000535,380,137,243
118000536,90,567,-477
118000537,29,98,-69
118000538,11,87,-76
118000539,2,75,-73
118000540,150,174,-24
118000541,70,97,-27
118000542,65,301,-236
118000543,126,342,-216
118000546,61,13,48
118000553,0,0,0
118000560,1150,2552,-1402
118000562,57,145,-88
118000563,1297,944,353
118000576,207,105,102
118000577,191,181,10
118000578,150,105,45
118000579,718,1914,-1196
118000583,0,2,-2
118000595,246,70,176
118000596,1,584,-583
118000597,104,130,-26
118000598,3,0,3
118000599,181,53,128
118000600,1,6,-5
118000601,3,0,3
118000602,0,4,-4
118000603,0,5,-5
118000605,34,53,-19
118900001,462,1177,-715
118900002,555,1069,-514
118900003,616,2,614
118900004,40,20,20
118900005,75,5,70
118900006,262,3,259
118900007,3,1,2
118900008,997,30,967
118900009,77,108,-31
118900010,98,18,80
118900011,188,29,159
118900012,313,183,130
118900013,925,406,519
118900015,349,56,293
118900016,5,5,0
118900017,41,349,-308
118900018,1286,53,1233
118900019,20,39,-19
118900020,53,307,-254
118900021,132,437,-305
118900022,159,37,122
118900023,110,155,-45
118900024,149,174,-25
118900025,37,26,11
118900026,78,29,49
118900027,415,163,252
118900028,210,109,101
118900029,213,489,-276
118900030,719,74,645
118900031,97,39,58
118900032,338,78,260
118900033,320,716,-396
118900034,186,22,164
118900035,120,94,26
118900036,1323,502,821
118900037,281,681,-400
118900038,597,69,528
118900039,805,134,671
118900040,285,123,162
118900041,768,299,469
118900042,143,64,79
118900045,239,207,32
118900046,450,377,73
118900047,375,378,-3
118900048,147,766,-619
118900049,86,40,46
118900050,47,9,38
118900051,40,141,-101
118900052,230,660,-430
118900053,13,115,-102
118900054,193,57,136
118900055,186,20,166
118900056,35,341,-306
118900057,923,545,378
118900058,481,549,-68
118900059,34,142,-108
118900060,80,96,-16
118900062,273,145,128
118900064,184,555,-371
118900065,44,140,-96
118900066,125,76,49
118900067,3405,4428,-1023
118900068,24,344,-320
118900069,657,221,436
118900071,5,22,-17
118900072,852,512,340
118900073,287,99,188
118900074,272,79,193
118900075,187,21,166
118900076,243,247,-4
118900077,425,144,281
118900078,7,0,7
118900079,55,122,-67
118900080,62,59,3
118900081,82,108,-26
118900082,2028,192,1836
118900083,26,0,26
118900084,23,25,-2
118900085,504,397,107
118900086,51,151,-100
118900087,126,633,-507
118900088,3,5,-2
118900089,25,21,4
118900090,381,199,182
118900091,86,308,-222
118900092,254,21,233
118900093,86,28,58
118900096,54,150,-96
118900097,274,596,-322
118900099,54,157,-103
118900100,86,285,-199
118900101,203,221,-18
118900102,37,88,-51
118900103,19,205,-186
118900104,306,85,221
118900105,255,71,184
118900107,96,47,49
118900108,114,94,20
118900110,1291,1092,199
118900111,984,348,636
118900112,174,258,-84
118900113,58,262,-204
118900114,19,246,-227
118900115,109,488,-379
118900116,100,116,-16
118900117,156,122,34
118900118,318,211,107
118900119,266,153,113
118900120,167,309,-142
118900121,26,75,-49
118900122,7,907,-900
118900123,226,257,-31
118900124,139,137,2
118900126,89,405,-316
118900129,315,210,105
118900130,36,320,-284
118900131,469,119,350
118900132,304,226,78
118900133,12,182,-170
118900135,210,127,83
118900136,255,255,0
118900137,35,94,-59
118900139,391,159,232
118900140,587,359,228
118900141,187,46,141
118900144,183,178,5
118900145,38,45,-7
118900146,420,521,-101
118900147,134,443,-309
118900148,73,49,24
118900150,130,567,-437
118900152,633,477,156
118900157,56,266,-210
118900158,143,47,96
118900159,1,105,-104
118900161,61,21,40
118900163,43,52,-9
118900164,0,42,-42
118900165,111,62,49
118900166,16,2,14
118900167,166,51,115
118900168,10,222,-212
118900169,141,97,44
118900170,244,30,214
118900171,47,48,-1
118900174,102,46,56
118900175,627,453,174
118900176,273,276,-3
118900177,88,13,75
118900178,91,67,24
118900179,12,20,-8
118900181,144,62,82
118900182,14,79,-65
118900183,23,148,-125
118900184,210,117,93
118900185,160,47,113
118900186,90,121,-31
118900187,157,335,-178
118900188,235,283,-48
118900189,37,607,-570
118900190,59,163,-104
118900191,425,20,405
118900192,387,4,383
118900193,891,3,888
118900195,167,354,-187
118900196,32,153,-121
118900197,378,20,358
118900198,32,3,29
118900199,99,5,94
118900200,25,24,1
118900201,31,72,-41
118900202,15,53,-38
118900203,26,2,24
118900204,32,7,25
118900205,6,1,5
118900206,0,3,-3
119000001,1661,2959,-1298
119000002,3909,5582,-1673
119000003,3879,753,3126
119000004,3090,1935,1155
119000005,2637,2965,-328
119000006,4491,1770,2721
119000007,4327,4031,296
119000008,2232,1846,386
119000009,2742,7008,-4266
119000010,3985,4514,-529
119000011,2251,3176,-925
119000012,1028,3229,-2201
119000013,3762,2242,1520
119000014,1543,2157,-614
119000019,304,145,159
119000020,3122,2042,1080
119000021,6621,4348,2273
119000022,1304,4092,-2788
119000023,271,265,6
119000024,1959,20808,-18849
119000025,3745,1043,2702
119000026,77,738,-661
119000027,192,452,-260
119000028,1825,593,1232
119000029,63,268,-205
119000030,595,775,-180
119000031,1015,458,557
119000032,1799,1824,-25
119000033,2290,1154,1136
119000034,1511,491,1020
119000035,36,218,-182
119000036,3351,443,2908
119000037,1576,725,851
119000038,226,401,-175
119000039,764,395,369
119000040,1029,887,142
119000041,769,1393,-624
119000048,2371,1559,812
119000049,3362,1562,1800
119000050,1424,1319,105
119000051,3101,1277,1824
119000052,3144,2283,861
119000053,2314,1248,1066
119000054,4149,1594,2555
119000055,6760,2112,4648
119000056,4512,1602,2910
119000057,1972,1123,849
119000058,1853,1262,591
119000059,1098,1066,32
119000060,2203,787,1416
119000061,1174,647,527
119000062,1085,995,90
119000063,813,515,298
119000064,937,866,71
119000065,1282,2769,-1487
119000066,2178,1252,926
119000067,2105,1402,703
119000068,2121,970,1151
119000069,1848,1476,372
119000070,3468,710,2758
119000071,386,461,-75
119000072,4572,2828,1744
119000073,3578,10593,-7015
119000074,1876,1411,465
119000075,4428,2102,2326
119000076,186,1243,-1057
119000077,490,552,-62
119000078,509,252,257
119000079,127,620,-493
119000080,870,103,767
119000081,258,382,-124
119000082,1063,201,862
119000083,885,406,479
119000084,331,430,-99
119000085,564,92,472
119000086,384,758,-374
119000087,705,330,375
119000088,380,161,219
119000089,94,198,-104
119000090,129,62,67
119000091,103,313,-210
119000092,268,115,153
119000093,3828,2262,1566
119000094,4944,5775,-831
119000095,2610,3590,-980
119000097,1703,886,817
119000098,1594,5034,-3440
119000099,2376,984,1392
119000100,5520,3175,2345
119000101,3568,1479,2089
119000102,508,1645,-1137
119000103,942,586,356
119000104,1347,804,543
119000105,1054,3279,-2225
119000106,525,542,-17
119000107,1414,565,849
119000108,719,370,349
119000109,152,674,-522
119000110,316,428,-112
119000111,38,899,-861
119000112,210,126,84
119000113,1110,358,752
119000114,2145,1416,729
119000115,136,185,-49
119000116,127,111,16
119000117,164,457,-293
119000118,7,2,5
119000123,2684,3779,-1095
119000124,1189,141,1048
119000125,5934,446,5488
119000126,2301,478,1823
119000127,1244,323,921
119000128,10,0,10
119000131,1360,249,1111
119000132,1,1,0
119000133,1,7,-6
119000134,1279,654,625
119000135,236,166,70
119000136,487,79,408
119000137,315,113,202
119000138,1020,85,935
119000139,205,104,101
119000140,440,329,111
119000284,1039,1892,-853
119000285,1636,1317,319
119000286,3375,2994,381
119000287,1292,1390,-98
119000288,2037,956,1081
119000289,1190,2999,-1809
119000290,291,189,102
119000291,80,188,-108
119000293,159,142,17
119000294,72,41,31
119000295,1491,235,1256
119000296,314,148,166
119000302,1611,1200,411
119000303,23,247,-224
119000310,0,0,0
119000314,1533,16148,-14615
119000315,0,126,-126
119000316,300,54,246
119000317,125,67,58
119900001,173,1906,-1733
119900002,242,274,-32
119900003,36,406,-370
119900004,144,2351,-2207
119900005,283,85,198
119900006,159,452,-293
119900007,677,278,399
119900008,103,21,82
119900009,537,330,207
119900010,664,800,-136
119900011,39,281,-242
119900012,17,164,-147
119900013,1958,1618,340
119900014,438,165,273
119900015,308,52,256
119900016,65,48,17
119900017,39,39,0
119900018,993,1520,-527
119900019,65,7,58
119900020,112,121,-9
119900021,223,53,170
119900022,136,1282,-1146
119900023,420,3556,-3136
119900025,469,21,448
119900026,586,178,408
119900027,19,44,-25
119900028,232,220,12
119900029,3,5,-2
119900030,472,287,185
119900031,99,1016,-917
119900033,1191,358,833
119900034,951,27,924
119900037,198,6,192
119900038,52,479,-427
119900039,75,22,53
119900040,107,11,96
119900041,299,5,294
119900042,135,176,-41
119900043,133,117,16
119900044,230,1151,-921
119900046,237,14,223
119900047,564,264,300
119900048,41,9,32
119900049,257,4,253
119900050,219,207,12
119900051,881,9,872
119900052,138,21,117
119900053,394,99,295
119900054,500,8,492
119900055,1674,432,1242
119900057,334,17,317
119900058,543,5,538
119900059,76,16,60
119900060,325,28,297
119900062,97,4,93
119900063,7,71,-64
119900065,224,7,217
119900066,1,0,1
119900067,97,10,87
119900068,984,6,978
119900069,173,37,136
119900070,1324,6,1318
119900071,1063,32,1031
119900073,1008,422,586
119900074,16,43,-27
119900075,1481,1738,-257
119900076,986,126,860
119900077,1451,383,1068
119900078,972,536,436
119900079,659,108,551
119900080,2025,586,1439
119900081,792,45,747
119900082,2269,222,2047
119900083,380,98,282
119900084,405,447,-42
119900085,52,46,6
119900087,411,914,-503
119900088,31,14,17
119900089,66,150,-84
119900090,48,24,24
119900091,37,180,-143
119900092,35,193,-158
119900093,1965,211,1754
119900094,15,138,-123
119900095,119,75,44
119900096,29,99,-70
119900097,163,175,-12
119900098,31,62,-31
119900099,46,118,-72
119900100,571,2765,-2194
119900101,128,1580,-1452
119900102,82,115,-33
119900103,82,120,-38
119900104,34,107,-73
119900105,670,2801,-2131
119900106,5,90,-85
119900107,276,1042,-766
119900108,3795,558,3237
119900109,35,85,-50
119900110,701,274,427
119900111,119,71,48
119900112,618,861,-243
119900113,74,200,-126
119900114,287,509,-222
119900115,502,291,211
119900116,126,430,-304
119900117,492,306,186
119900118,129,165,-36
119900119,437,131,306
119900120,488,318,170
119900121,595,371,224
119900122,76,188,-112
119900123,206,311,-105
119900124,260,335,-75
119900125,37,209,-172
119900126,2173,202,1971
119900127,583,432,151
119900128,467,291,176
119900129,474,147,327
119900130,19,143,-124
119900131,76,102,-26
119900132,5,82,-77
119900133,115,69,46
119900134,560,84,476
119900135,1,170,-169
119900136,102,166,-64
119900138,127,286,-159
119900139,24,112,-88
119900140,7,103,-96
119900141,42,1048,-1006
119900142,16,30,-14
119900143,16,257,-241
119900144,908,138,770
119900145,78,102,-24
119900146,114,172,-58
119900147,2,197,-195
119900148,407,46,361
119900149,443,6076,-5633
119900150,152,127,25
119900151,1465,1027,438
119900152,278,126,152
119900153,214,45,169
119900154,48,141,-93
119900155,63,33,30
119900156,9,15,-6
119900157,266,102,164
119900158,251,39,212
119900159,10,338,-328
119900160,23,75,-52
119900161,134,82,52
119900162,1331,827,504
119900163,70,163,-93
119900164,0,0,0
119900165,255,75,180
119900166,106,62,44
119900167,4,56,-52
119900168,1529,293,1236
119900169,54,260,-206
119900170,112,246,-134
119900171,929,310,619
119900172,42,44,-2
119900173,9,83,-74
119900174,17,88,-71
119900175,1904,298,1606
119900177,41,81,-40
119900178,3,106,-103
119900179,238,1003,-765
119900180,1308,653,655
119900181,18,121,-103
119900182,3,122,-119
119900183,147,438,-291
119900184,671,349,322
119900185,82,365,-283
119900186,16,1811,-1795
119900187,9,179,-170
119900188,209,273,-64
119900189,175,313,-138
119900190,104,323,-219
119900191,121,457,-336
119900192,53,118,-65
119900193,570,85,485
119900194,29,81,-52
119900195,45,191,-146
119900196,271,142,129
119900197,377,176,201
119900198,107,170,-63
119900199,177,45,132
119900200,774,476,298
119900201,183,128,55
119900202,58,331,-273
119900203,145,665,-520
119900204,426,272,154
119900205,1253,268,985
119900206,397,125,272
119900208,116,169,-53
119900209,806,2112,-1306
119900210,60,13,47
119900211,70,8,62
119900212,539,320,219
119900213,10,90,-80
119900214,120,10,110
119900215,119,27,92
119900216,15,21,-6
119900217,23,15,8
119900218,18,90,-72
119900219,5,36,-31
119900220,14,18,-4
119900221,71,69,2
119900222,34,55,-21
119900223,19,29,-10
119900224,23,17,6
119900225,251,20,231
119900226,253,1991,-1738
119900227,314,265,49
119900228,73,133,-60
119900229,128,212,-84
119900230,882,291,591
119900231,335,67,268
119900232,140,124,16
119900233,76,9,67
119900234,23,115,-92
119900235,10,40,-30
119900236,39,173,-134
119900237,72,688,-616
119900238,3,107,-104
119900240,96,112,-16
119900241,168,164,4
119900242,1802,1391,411
119900244,625,916,-291
119900245,215,213,2
119900246,184,549,-365
119900247,28,116,-88
119900248,37,380,-343
119900249,374,158,216
119900253,1043,271,772
119900254,72,1368,-1296
119900255,156,1142,-986
119900256,1105,353,752
119900257,195,15,180
119900258,417,32,385
119900259,11,51,-40
119900260,224,20,204
119900261,590,52,538
119900262,1,117,-116
119900263,1643,221,1422
119900264,212,58,154
119900265,406,162,244
119900266,524,186,338
119900267,202,204,-2
119900268,233,83,150
119900269,1350,394,956
119900271,30,41,-11
119900272,232,356,-124
119900275,136,1,135
119900276,164,5,159
119900277,17,11,6
119900278,263,109,154
119900279,96,360,-264
119900280,459,74,385
119900281,1,406,-405
119900282,43,176,-133
119900283,34,85,-51
119900284,75,154,-79
119900285,6,103,-97
119900286,1,16,-15
119900288,7,3,4
119900289,0,7,-7
119900290,10,1,9
119900291,1,54,-53
119900292,59,61,-2
119900293,46,11,35
119900294,34,1,33
119900295,0,0,0
119900296,2,0,2
119900299,81,121,-40
119900300,285,199,86
119900301,67,171,-104
119900302,51,185,-134
119900303,326,158,168
119900304,293,18,275
119900305,6,70,-64
119900306,39,1,38
119900307,91,48,43
119900308,6,19,-13
119900309,23,290,-267
119900310,292,213,79
119900311,193,47,146
119900312,275,69,206
119900313,350,215,135
119900314,300,496,-196
119900315,2657,958,1699
119900318,19,96,-77
119900319,3,93,-90
119900320,336,259,77
119900321,195,4,191
119900322,15,46,-31
119900323,0,78,-78
119900324,2,47,-45
119900325,303,105,198
119900326,52,55,-3
120000001,9653,33775,-24122
120000002,2811,2756,55
120000003,2238,1232,1006
120000004,2919,1070,1849
120000005,2464,1375,1089
120000006,1697,1048,649
120000007,2819,5384,-2565
120000008,1071,1164,-93
120000009,1533,806,727
120000010,2474,2286,188
120000011,1108,1180,-72
120000012,1729,1916,-187
120000013,4247,3094,1153
120000014,907,1218,-311
120000015,2756,1499,1257
120000016,4938,2270,2668
120000017,5496,4541,955
120000018,3735,20928,-17193
120000019,1377,2021,-644
120000020,2731,4289,-1558
120000021,2122,2809,-687
120000022,2975,4373,-1398
120000023,1655,1829,-174
120000024,1363,2684,-1321
120000025,3570,1840,1730
120000026,4339,2061,2278
120000027,3142,2551,591
120000028,897,2860,-1963
120000029,694,1846,-1152
120000030,211,889,-678
120000031,2165,5677,-3512
120000032,4695,3074,1621
120000033,4432,1563,2869
120000034,3450,949,2501
120000035,4107,1852,2255
120000036,4149,5922,-1773
120000037,697,2236,-1539
120000038,3759,3290,469
120000039,933,995,-62
120000040,148,1227,-1079
120000041,507,1198,-691
120000042,2131,1538,593
120000043,5578,1064,4514
120000044,7781,1530,6251
120000045,10430,842,9588
120000046,6777,4018,2759
120000047,511,11124,-10613
120000048,8121,4958,3163
120000049,4399,3583,816
120000050,4010,5107,-1097
120000051,2421,4458,-2037
120000052,7049,1615,5434
120000053,1550,1586,-36
120000054,1401,2409,-1008
120000055,1534,3114,-1580
120000056,5668,3524,2144
120000057,5752,1431,4321
120000058,1290,1712,-422
120000059,5,2227,-2222
120000061,129,504,-375
120000062,145,362,-217
120000063,567,2019,-1452
120000064,274,594,-320
120000065,420,741,-321
120000066,226,368,-142
120000067,15,223,-208
120000068,256,266,-10
120000069,610,335,275
120000070,128,351,-223
120000071,954,55,899
120000072,1029,352,677
120000073,1223,59,1164
120000074,123,142,-19
120000075,1371,395,976
120000076,3120,420,2700
120000077,3250,780,2470
120000078,2983,1253,1730
120000079,562,295,267
120000080,248,194,54
120000081,650,129,521
120000082,614,397,217
120000083,137,1254,-1117
120000084,350,330,20
120000085,228,301,-73
120000086,245,273,-28
120000087,320,282,38
120000088,990,739,251
120000089,1360,393,967
120000090,1233,405,828
120000091,1309,801,508
120000092,1276,411,865
120000093,999,574,425
120000094,382,1068,-686
120000095,1106,325,781
120000096,412,414,-2
120000098,1355,430,925
120000099,529,467,62
120000100,969,520,449
120000101,862,380,482
120000102,1050,1176,-126
120000103,1832,1201,631
120000104,2832,568,2264
120000105,3740,498,3242
120000106,3556,579,2977
120000107,6968,583,6385
120000108,2513,109,2404
120000109,1550,59,1491
120000110,41,601,-560
120000111,86,623,-537
120000112,520,1292,-772
120000113,525,894,-369
120000114,524,1208,-684
120000115,360,1171,-811
120000116,507,1230,-723
120000117,561,931,-370
120000118,77,62,15
120000119,54,43,11
120000120,183,205,-22
120000121,25,54,-29
120000122,295,988,-693
120000123,2329,11494,-9165
120000124,589,569,20
120000125,1314,485,829
120000126,411,2366,-1955
120000127,1130,2271,-1141
120000128,2258,6259,-4001
120000129,162,283,-121
120000130,1035,558,477
120000131,644,778,-134
120000134,452,257,195
120000135,1227,613,614
120000137,370,303,67
120000138,2091,216,1875
120000139,322,225,97
120000140,1584,225,1359
120000141,433,455,-22
120000142,1195,467,728
120000143,1,46,-45
120000144,181,14,167
120000145,1031,5,1026
120000146,1091,1914,-823
120000149,615,651,-36
120000150,1802,14108,-12306
120000151,519,481,38
120000152,918,151,767
120000153,608,460,148
120000154,1088,801,287
120000155,268,475,-207
120000156,375,2897,-2522
120000157,1178,516,662
120000158,1330,713,617
120000159,1862,1825,37
120000160,2683,1972,711
120000161,3741,2452,1289
120000162,177,399,-222
120000163,1001,487,514
120000164,885,152,733
120000165,962,270,692
120000166,1583,283,1300
120000167,571,363,208
120000168,17,1283,-1266
120000169,155,3979,-3824
120000170,30,3803,-3773
120000171,8,1109,-1101
120000172,14,750,-736
120000173,213,3313,-3100
120000174,60,80,-20
120000175,46,159,-113
120000176,28,70,-42
120000177,654,127,527
120000178,4,29,-25
120000179,24,85,-61
120000180,50,64,-14
120000181,64,1680,-1616
120000182,76,1169,-1093
120000183,5,338,-333
120000184,464,1641,-1177
120000186,45,2988,-2943
120000187,26,1458,-1432
120000188,39,1424,-1385
120000190,61,107,-46
120000191,102,259,-157
120000192,143,77,66
120000193,97,12,85
120000195,19,1,18
120000196,31,8,23
120000197,5,18,-13
120000198,403,26,377
120000199,459,0,459
120000200,416,0,416
120000201,52,70,-18
120000202,6,62,-56
120000203,235,118,117
120000207,1,29,-28
120000208,19,60,-41
120000209,7,23,-16
120000210,77,27,50
120000211,512,4,508
120000212,448,1,447
120000213,284,108,176
120000214,0,128,-128
120000215,9,75,-66
120000216,288,27,261
120000217,276,1007,-731
120000218,25,485,-460
120000219,2,285,-283
120000220,4,667,-663
120000225,3045,6,3039
120000226,645,5,640
120000227,1447,143,1304
120000228,13997,5557,8440
120000230,728,36,692
120000231,2461,788,1673
120000233,770,90,680
120000235,445,354,91
120000236,1717,34,1683
120000237,0,602,-602
120000238,4,1584,-1580
120000241,1449,5159,-3710
120000412,286,6,280
120000413,598,94,504
120000414,399,4,395
120000415,0,27,-27
120000416,99,1,98
120000417,10,62,-52
120000418,412,25,387
120000419,12,89,-77
120000420,56,17,39
120000421,7490,4241,3249
120000422,113,2401,-2288
120000423,2,114,-112
120000424,337,85,252
120000436,121,1222,-1101
120000437,80,162,-82
120000438,1655,263,1392
120000439,413,855,-442
120000443,176,1,175
120000444,1970,361,1609
120000445,2834,1247,1587
120000446,1908,194,1714
120000447,336,3,333
120000449,419,4,415
120000450,11,139,-128
120000451,227,144,83
120000452,835,3,832
120000453,0,37,-37
120000454,68,103,-35
120000455,135,47,88
120000456,2716,6118,-3402
120000457,463,393,70
120000458,361,378,-17
120000459,204,72,132
120000665,194,365,-171
120000668,143,2236,-2093
120000669,301,135,166
120000670,74,1258,-1184
120000671,3084,950,2134
120000672,120,350,-230
120900001,80,84,-4
120900002,138,1003,-865
120900003,259,18,241
120900004,27,221,-194
120900005,53,342,-289
120900006,1180,344,836
120900007,270,57,213
120900008,640,433,207
120900009,473,55,418
120900010,931,222,709
120900011,79,305,-226
120900012,39,1624,-1585
120900013,511,162,349
120900014,8,265,-257
120900015,1172,196,976
120900016,2165,115,2050
120900017,1696,85,1611
120900018,222,227,-5
120900019,623,632,-9
120900020,696,1161,-465
120900021,826,238,588
120900022,46,286,-240
120900023,549,83,466
120900024,1819,417,1402
120900025,1190,1108,82
120900026,118,132,-14
120900027,740,23,717
120900028,882,256,626
120900029,65,1269,-1204
120900030,3350,882,2468
120900031,494,166,328
120900032,1809,78,1731
120900033,2032,167,1865
120900034,41,4408,-4367
120900035,67,73,-6
120900037,398,11,387
120900038,214,686,-472
120900039,175,60,115
120900040,616,8,608
120900041,31,27,4
120900042,995,41,954
120900043,131,49,82
120900044,9,547,-538
120900045,141,30,111
120900046,1017,9,1008
120900047,366,284,82
120900048,385,51,334
120900049,972,4,968
120900050,1057,3046,-1989
120900051,478,102,376
120900052,1209,8,1201
120900053,661,44,617
120900054,812,313,499
120900055,889,2,887
120900056,1412,53,1359
120900057,415,29,386
120900058,1021,0,1021
120900059,223,4,219
120900060,78,20,58
120900061,221,127,94
120900062,602,3,599
120900063,1712,13,1699
120900064,1180,0,1180
120900065,1086,2,1084
120900066,772,116,656
120900067,341,131,210
120900068,597,2,595
120900069,699,12,687
120900071,62,1,61
120900072,1726,6,1720
120900073,1389,48,1341
120900074,1558,67,1491
120900076,611,0,611
120900077,1281,281,1000
120900078,1203,312,891
120900079,1685,76,1609
120900080,1555,339,1216
120900081,1921,505,1416
120900082,368,571,-203
120900083,143,1,142
120900084,960,826,134
120900085,76,115,-39
120900086,49,715,-666
120900087,534,346,188
120900088,315,1002,-687
120900089,1554,4688,-3134
120900090,347,13,334
120900091,440,1025,-585
120900092,287,280,7
120900093,1180,136,1044
120900094,184,137,47
120900095,362,11,351
120900096,98,155,-57
120900097,724,495,229
120900098,101,202,-101
120900099,77,83,-6
120900100,62,245,-183
120900101,143,151,-8
120900102,79,58,21
120900103,122,248,-126
120900104,18,80,-62
120900105,22,342,-320
120900106,386,205,181
120900107,88,111,-23
120900108,21,224,-203
120900109,18,235,-217
120900110,37,218,-181
120900111,139,202,-63
120900112,88,395,-307
120900113,34,252,-218
120900114,42,157,-115
120900115,182,277,-95
120900116,795,170,625
120900117,17,86,-69
120900118,30,226,-196
120900119,11252,2977,8275
120900120,88,368,-280
120900121,71,247,-176
120900122,1159,99,1060
120900123,9,115,-106
120900124,2,193,-191
120900125,0,261,-261
120900126,442,497,-55
120900127,34,142,-108
120900128,354,931,-577
120900129,9,133,-124
120900130,21,206,-185
120900131,272,99,173
120900132,1337,86,1251
120900133,46,411,-365
120900134,152,167,-15
120900135,7,203,-196
120900136,69,63,6
120900137,483,112,371
120900138,15,144,-129
120900139,2,239,-237
120900140,3,91,-88
120900141,266,184,82
120900142,2,124,-122
120900143,1,244,-243
120900144,0,39,-39
120900145,226,447,-221
120900146,0,236,-236
120900147,3,353,-350
120900148,213,96,117
120900149,0,95,-95
120900150,83,162,-79
120900151,0,156,-156
120900152,44,23,21
120900153,0,0,0
120900154,0,78,-78
120900155,245,290,-45
120900156,168,136,32
120900157,0,10,-10
120900158,78,163,-85
120900159,12,45,-33
120900160,64,275,-211
120900161,87,255,-168
120900162,84,446,-362
120900163,390,1249,-859
120900164,0,91,-91
120900165,1,230,-229
120900166,67,884,-817
120900167,166,68,98
120900169,181,155,26
120900170,279,5401,-5122
120900171,361,147,214
120900172,202,2475,-2273
120900173,2,22,-20
120900174,8,126,-118
120900175,187,112,75
120900176,86,390,-304
120900177,2,1917,-1915
120900178,2,761,-759
120900179,209,285,-76
120900180,56,255,-199
120900181,29,28,1
120900182,59,134,-75
120900183,1278,121,1157
120900184,387,50,337
120900185,1101,2219,-1118
120900186,0,108,-108
120900187,688,863,-175
120900188,479,9,470
120900189,114,4803,-4689
120900190,286,5,281
120900191,99,11,88
120900192,4926,17932,-13006
120900194,108,194,-86
120900195,111,192,-81
120900196,701,25,676
120900197,879,189,690
120900198,192,224,-32
120900199,466,566,-100
120900200,26,129,-103
120900201,235,89,146
120900202,0,123,-123
120900203,45,121,-76
120900204,71,162,-91
120900205,67,28,39
120900206,142,116,26
120900207,55,648,-593
121000001,536,2420,-1884
121000002,2796,2596,200
121000003,5411,2044,3367
121000004,2682,3554,-872
121000005,1873,2799,-926
121000006,3935,3775,160
121000007,2382,7893,-5511
121000008,4232,7975,-3743
121000009,4197,10501,-6304
121000010,7067,8884,-1817
121000011,6950,14121,-7171
121000012,12650,8785,3865
121000013,7330,8893,-1563
121000014,6401,5917,484
121000015,6300,11025,-4725
121000016,4312,4784,-472
121000017,2800,1917,883
121000018,4058,2070,1988
121000019,7574,7668,-94
121000020,11868,16059,-4191
121000021,1872,1982,-110
121000022,2868,3830,-962
121000023,3182,1159,2023
121000024,5742,5552,190
121000025,449,1565,-1116
121000026,449,194,255
121000027,2028,1737,291
121000028,910,981,-71
121000029,846,700,146
121000030,837,683,154
121000031,520,1027,-507
121000032,236,183,53
121000034,357,456,-99
121000035,238,273,-35
121000036,839,1122,-283
121000037,570,1933,-1363
121000038,367,1445,-1078
121000039,205,413,-208
121000041,571,632,-61
121000042,226,361,-135
121000043,589,919,-330
121000044,1480,1398,82
121000045,497,282,215
121000046,942,1130,-188
121000047,68,59,9
121000049,915,784,131
121000050,346,2708,-2362
121000051,628,379,249
121000052,669,1658,-989
121000053,340,160,180
121000054,66,590,-524
121000055,910,4095,-3185
121000056,944,1545,-601
121000057,233,822,-589
121000058,189,205,-16
121000059,3562,1537,2025
121000060,564,1528,-964
121000061,70,491,-421
121000062,171,902,-731
121000063,973,1679,-706
121000064,727,1346,-619
121000065,168,1369,-1201
121000066,843,1843,-1000
121000067,423,929,-506
121000068,509,711,-202
121000069,143,1686,-1543
121000070,1255,2017,-762
121000071,1754,2393,-639
121000072,904,1346,-442
121000073,1246,2410,-1164
121000074,84,375,-291
121000075,15,134,-119
121000076,339,281,58
121000077,136,161,-25
121000078,101,250,-149
121000080,2346,733,1613
121000081,4659,4468,191
121000082,135,480,-345
121000083,83,180,-97
121000084,249,384,-135
121000085,437,612,-175
121000086,1134,661,473
121000087,62,339,-277
121000088,893,820,73
121000089,205,848,-643
121000090,235,655,-420
121000091,1402,1343,59
121000092,260,106,154
121000093,187,335,-148
121000094,286,986,-700
121000095,145,1193,-1048
121000096,7066,3691,3375
121000097,521,4020,-3499
121000098,781,507,274
121000099,811,715,96
121000100,1021,175,846
121000101,402,211,191
121000102,335,123,212
121000103,220,135,85
121000104,265,62,203
121000105,493,80,413
121000106,353,177,176
121000107,1812,3054,-1242
121000109,1323,906,417
121000110,219,887,-668
121000114,5594,2987,2607
121000115,5843,1087,4756
121000116,410,1783,-1373
121000117,231,489,-258
121000118,1746,385,1361
121000119,287,319,-32
121000120,550,323,227
121000121,504,1885,-1381
121000123,811,536,275
121000127,208,196,12
121000128,1231,147,1084
121000129,1118,264,854
121000130,736,561,175
121000131,986,997,-11
121000132,696,1489,-793
121000135,271,286,-15
121000136,1058,1504,-446
121000137,910,315,595
121000138,624,1698,-1074
121000139,250,672,-422
121000141,295,295,0
121000142,565,1156,-591
121000143,151,19,132
121000144,454,946,-492
121000145,783,1081,-298
121000146,1105,1974,-869
121000147,1137,879,258
121000148,1002,1124,-122
121000149,2319,3563,-1244
121000152,303,250,53
121000153,1603,475,1128
121000154,2117,658,1459
121000155,2906,1356,1550
121000156,463,1417,-954
121000157,996,1369,-373
121000158,301,347,-46
121000159,255,444,-189
121000160,403,449,-46
121000161,391,379,12
121000162,188,104,84
121000165,1388,2452,-1064
121000166,17,499,-482
121000168,483,277,206
121000169,73,195,-122
121000170,357,61,296
121000171,47,238,-191
121000172,1254,1366,-112
121000173,1974,1855,119
121000174,916,981,-65
121000175,2267,897,1370
121000176,639,431,208
121000177,844,658,186
121000178,60,69,-9
121000179,44,30,14
121000181,417,425,-8
121000182,194,412,-218
121000183,71,124,-53
121000184,41,185,-144
121000185,53,472,-419
121000186,342,917,-575
121000187,426,151,275
121000188,412,95,317
121000192,836,536,300
121000193,790,349,441
121000194,2004,2258,-254
121000195,282,1645,-1363
121000196,716,534,182
121000197,111,2255,-2144
121000198,147,390,-243
121000199,142,247,-105
121000200,695,194,501
121000201,12,293,-281
121000202,739,202,537
121000203,714,2598,-1884
121000204,3715,1060,2655
121000205,97,352,-255
121000206,120,132,-12
121000207,2317,834,1483
121000208,6,264,-258
121000209,848,102,746
121000210,962,273,689
121000211,462,153,309
121000212,612,649,-37
121000213,19854,3672,16182
121000214,1188,2273,-1085
121000215,824,2885,-2061
121000216,714,753,-39
121000217,4248,4271,-23
121000218,455,2751,-2296
121000219,1617,1133,484
121000220,191,108,83
121000221,255,738,-483
121000222,4638,3484,1154
121000223,283,1607,-1324
121000224,192,828,-636
121000225,511,4852,-4341
121000226,1078,2014,-936
121000227,21,194,-173
121000228,20,950,-930
121000229,572,623,-51
121000230,39,2895,-2856
121000231,1958,25,1933
121000232,694,419,275
121000233,720,389,331
121000234,13,82,-69
121000235,57,70,-13
121000236,5,55,-50
121000237,18,30,-12
121000238,2,102,-100
121000239,90,13,77
121000240,0,130,-130
121000241,134,34,100
121000242,45,510,-465
121000243,184,80,104
121000244,1,64,-63
121000245,31,26,5
121000246,0,110,-110
121000247,169,7,162
121000248,564,1289,-725
121000249,40,263,-223
121000250,697,374,323
121000251,12,272,-260
121000252,168,123,45
121000253,393,367,26
121000254,917,165,752
121000255,135,179,-44
121000256,311,231,80
121000257,23,137,-114
121000258,73,135,-62
121000259,46,104,-58
121000260,54,106,-52
121000261,77,133,-56
121000262,2536,487,2049
121000263,448,384,64
121000271,1581,2655,-1074
121000273,40,18,22
121000274,13,140,-127
121000275,2,7,-5
121000276,30,53,-23
121000278,46,44,2
121000279,36,39,-3
121000280,48,36,12
121000289,568,13,555
121000290,2324,2080,244
121000294,304,41,263
121000297,359,1086,-727
121000299,126,2125,-1999
121000300,2155,1036,1119
121000302,16,715,-699
121000303,404,266,138
121000304,672,100,572
121000305,352,121,231
121000306,244,302,-58
121000308,84,284,-200
121000309,257,412,-155
121000310,92,282,-190
121000311,68,334,-266
121000312,662,611,51
121000313,343,246,97
121000314,60,84,-24
121000315,12,46,-34
121000530,2119,2473,-354
121000531,2235,1765,470
121000532,6340,7757,-1417
121000533,3753,4678,-925
121000918,27,70,-43
121000919,22,124,-102
121000938,80,150,-70
121000939,30,210,-180
121000956,1919,1584,335
121000957,3,23,-20
121000958,7,163,-156
121000959,1340,336,1004
121000960,1534,1290,244
121000961,392,90,302
121000962,789,360,429
121000973,2,305,-303
121000976,11,91,-80
121000979,557,159,398
121000981,420,146,274
121000982,478,196,282
121000983,546,210,336
121000984,11,90,-79
121000985,1179,388,791
121000986,594,138,456
121000987,129,521,-392
121000988,1248,145,1103
121001302,279,182,97
121001308,1,66,-65
121001309,21,378,-357
121001313,173,84,89
121001314,1758,1573,185
121001315,6876,4560,2316
121900001,172,379,-207
121900002,33,47,-14
121900003,504,24,480
121900004,62,748,-686
121900005,38,8,30
121900006,167,27,140
121900007,2669,1751,918
121900008,83,348,-265
121900009,1111,16,1095
121900010,301,4,297
121900011,311,133,178
121900012,4,0,4
121900013,343,82,261
121900014,2368,423,1945
121900015,185,200,-15
121900016,13,31,-18
121900017,734,998,-264
121900018,747,12,735
121900019,669,171,498
121900020,89,0,89
121900021,1127,30,1097
121900022,254,258,-4
121900023,180,470,-290
121900024,576,65,511
121900025,650,662,-12
121900026,428,104,324
121900027,548,280,268
121900028,202,17,185
121900029,121,378,-257
121900030,448,639,-191
121900031,1497,7011,-5514
121900032,146,110,36
121900033,186,571,-385
121900034,308,176,132
121900035,6314,3898,2416
121900036,174,609,-435
121900037,128,1574,-1446
121900038,80,166,-86
121900039,281,39,242
121900040,33,159,-126
121900041,47,433,-386
121900042,447,302,145
121900043,0,4,-4
121900044,78,36,42
121900046,224,243,-19
121900047,234,142,92
121900048,115,77,38
121900050,25,190,-165
121900051,116,440,-324
121900052,238,51,187
121900053,654,414,240
121900054,307,2056,-1749
121900055,14,21,-7
121900058,509,674,-165
121900059,439,185,254
121900060,151,779,-628
121900061,151,121,30
121900062,134,103,31
121900063,1622,518,1104
121900064,395,789,-394
121900066,65,28,37
121900067,64,20,44
121900069,193,171,22
121900070,147,267,-120
121900071,957,395,562
121900072,54,153,-99
121900073,213,525,-312
121900074,356,607,-251
121900075,274,1166,-892
121900076,447,955,-508
121900077,39,4,35
121900078,140,29,111
121900079,0,2,-2
121900080,963,395,568
121900082,90,116,-26
121900084,32,35,-3
121900085,0,6,-6
121900086,38,38,0
121900087,98,245,-147
121900088,1366,2970,-1604
121900089,266,213,53
121900090,42,36,6
121900091,115,15,100
121900092,176,135,41
121900093,108,75,33
121900094,12,13,-1
121900095,445,148,297
121900096,1095,863,232
121900097,810,116,694
121900098,8,2,6
121900099,320,37,283
121900100,45,230,-185
121900101,91,144,-53
121900102,4,130,-126
121900103,424,374,50
121900104,2306,583,1723
121900105,309,157,152
121900106,16,7,9
121900107,86,21,65
121900108,1,10,-9
121900109,261,253,8
121900110,873,565,308
121900111,642,378,264
121900112,139,320,-181
121900113,68,496,-428
121900114,56,92,-36
121900117,155,255,-100
121900118,3249,913,2336
121900119,159,50,109
121900120,41,830,-789
121900121,841,38,803
121900122,60,66,-6
121900123,245,468,-223
121900124,321,214,107
121900125,3465,1789,1676
121900127,3,141,-138
121900128,73,78,-5
121900129,164,199,-35
121900130,106,438,-332
121900131,415,119,296
121900132,79,69,10
121900133,26,630,-604
121900134,22,654,-632
121900135,5494,504,4990
121900136,452,358,94
121900137,42,335,-293
121900138,73,189,-116
121900139,354,5606,-5252
121900140,61,266,-205
121900141,102,27,75
121900142,108,49,59
121900143,27,98,-71
121900144,183,1170,-987
121900145,156,415,-259
121900146,408,934,-526
121900147,42,504,-462
121900148,346,547,-201
121900149,284,503,-219
121900150,37,289,-252
121900151,68,567,-499
121900152,187,93,94
121900153,33,241,-208
121900154,12,558,-546
121900155,3,256,-253
121900156,84,208,-124
121900157,3,488,-485
121900158,120,164,-44
121900159,1,352,-351
121900160,47,497,-450
121900161,230,739,-509
121900162,58,219,-161
121900163,524,291,233
121900164,161,504,-343
121900165,207,196,11
121900166,98,247,-149
121900167,49,132,-83
121900168,83,131,-48
121900169,27,349,-322
121900170,8,133,-125
121900171,1111,1112,-1
121900172,771,508,263
121900173,872,486,386
121900174,51,39,12
121900175,109,544,-435
121900176,624,2297,-1673
121900177,131,69,62
121900178,84,106,-22
121900179,447,455,-8
121900180,1905,6822,-4917
121900182,680,874,-194
121900183,451,1858,-1407
121900184,20,1701,-1681
121900186,10,607,-597
121900187,8,137,-129
121900188,1090,238,852
121900189,77,56,21
121900190,279,596,-317
121900191,57,767,-710
121900192,232,3570,-3338
121900193,60,571,-511
121900194,14,354,-340
121900195,51,45,6
121900196,864,1064,-200
121900197,289,1219,-930
121900198,5341,2885,2456
121900199,3,79,-76
121900200,59,249,-190
121900201,1071,765,306
121900202,219,979,-760
121900203,82,2446,-2364
121900204,2057,1404,653
121900205,11,180,-169
121900206,12,104,-92
121900207,40,35,5
121900208,101,605,-504
121900209,55,49,6
121900210,3291,2475,816
121900211,1004,428,576
121900212,37,177,-140
121900213,449,29,420
121900214,7,560,-553
121900215,31,176,-145
121900216,33,378,-345
121900217,308,223,85
121900218,203,1250,-1047
121900220,94,32,62
121900221,514,635,-121
121900222,350,76,274
121900223,245,207,38
121900224,123,133,-10
121900225,170,283,-113
121900226,284,38,246
121900227,395,2211,-1816
121900228,113,180,-67
121900230,39,501,-462
121900231,53,1913,-1860
121900232,114,430,-316
121900233,391,277,114
121900234,284,214,70
121900235,660,174,486
121900236,316,202,114
121900237,212,876,-664
121900238,194,397,-203
121900239,189,47,142
121900240,175,176,-1
121900241,45,49,-4
121900242,19,0,19
121900243,29,0,29
121900244,20,2,18
121900245,349,101,248
121900246,10127,686,9441
121900247,528,265,263
121900248,1917,1025,892
121900250,143,709,-566
121900251,636,34,602
121900252,366,211,155
121900253,177,1946,-1769
121900254,377,709,-332
121900255,650,250,400
121900258,6402,1547,4855
121900259,187,599,-412
121900260,189,121,68
121900261,167,1007,-840
121900262,1191,1545,-354
121900263,259,210,49
121900264,1011,889,122
121900265,466,186,280
121900266,718,101,617
121900267,109,29,80
121900269,253,1061,-808
121900270,62,237,-175
121900271,36,233,-197
121900273,547,2107,-1560
121900274,427,384,43
121900277,285,1024,-739
121900278,65,1933,-1868
121900279,193,232,-39
121900280,100,718,-618
121900281,147,604,-457
121900284,28,5,23
121900286,163,90,73
121900287,8,26,-18
121900288,3,26,-23
121900290,287,2035,-1748
121900291,509,1537,-1028
121900292,201,239,-38
121900293,874,6421,-5547
121900294,458,7,451
121900295,159,126,33
121900296,83,242,-159
121900298,113,1426,-1313
121900299,0,9,-9
121900300,95,21,74
121900301,63,2,61
121900302,6,57,-51
121900303,244,693,-449
121900304,8,24,-16
121900305,4,33,-29
121900306,356,3,353
121900307,212,9,203
121900308,3,72,-69
121900309,5,53,-48
121900310,10,96,-86
121900311,715,20,695
121900312,628,23,605
121900313,691,24,667
121900314,3,12,-9
121900315,50,1,49
121900316,0,2,-2
121900317,52,17,35
121900318,3,2,1
121900319,48,412,-364
121900320,33,26,7
121900321,45,5,40
121900322,1,10,-9
121900323,53,30,23
121900324,3,35,-32
121900325,39,13,26
121900326,2,1,1
121900327,2,44,-42
121900328,1,31,-30
121900329,0,99,-99
121900330,0,159,-159
121900331,30,78,-48
121900332,81,30,51
121900333,80,1,79
121900334,67,84,-17
122000001,1379,6237,-4858
122000002,2403,1317,1086
122000003,1201,3120,-1919
122000004,1336,1519,-183
122000005,7395,3429,3966
122000006,655,2213,-1558
122000007,790,2647,-1857
122000008,1392,4336,-2944
122000009,828,782,46
122000010,3839,4528,-689
122000011,9457,3701,5756
122000012,878,6868,-5990
122000013,610,3278,-2668
122000014,8018,2420,5598
122000015,1143,988,155
122000016,541,741,-200
122000017,1476,1807,-331
122000018,3091,2840,251
122000019,1241,2725,-1484
122000020,209,678,-469
122000021,176,628,-452
122000022,1978,2598,-620
122000023,1471,2656,-1185
122000024,631,4751,-4120
122000025,610,5869,-5259
122000026,291,1920,-1629
122000027,807,1110,-303
122000028,2435,1020,1415
122000029,238,1430,-1192
122000030,175,252,-77
122000031,182,553,-371
122000032,10941,4814,6127
122000033,368,7612,-7244
122000034,383,1342,-959
122000035,186,825,-639
122000036,658,746,-88
122000037,1554,401,1153
122000038,289,682,-393
122000039,537,1447,-910
122000040,241,473,-232
122000041,1288,1496,-208
122000042,508,1245,-737
122000043,116,297,-181
122000044,113,141,-28
122000045,3232,1342,1890
122000046,1080,1867,-787
122000047,84,346,-262
122000048,2411,3923,-1512
122000049,9070,3757,5313
122000050,852,1643,-791
122000051,212,666,-454
122000052,485,621,-136
122000053,253,1076,-823
122000054,1594,2680,-1086
122000055,1806,5151,-3345
122000056,2870,3203,-333
122000057,5749,5330,419
122000058,957,3163,-2206
122000059,957,6866,-5909
122000060,272,1661,-1389
122000061,159,1207,-1048
122000062,492,247,245
122000063,308,2306,-1998
122000064,3510,10036,-6526
122000065,2543,4448,-1905
122000066,784,2774,-1990
122000067,1346,2291,-945
122000068,4030,1407,2623
122000069,1933,1358,575
122000070,1190,1539,-349
122000071,6023,1543,4480
122000072,2295,1522,773
122000073,319,3340,-3021
122000074,2633,1835,798
122000075,1429,1267,162
122000076,15125,3375,11750
122000077,616,3600,-2984
122000078,574,6792,-6218
122000079,284,4689,-4405
122000080,467,1214,-747
122000081,82,343,-261
122000082,299,1758,-1459
122000083,7633,965,6668
122000084,6955,2105,4850
122000085,381,881,-500
122000086,4040,9301,-5261
122000087,239,460,-221
122000088,61,300,-239
122000089,7132,3071,4061
122000090,356,1725,-1369
122000091,93,872,-779
122000092,35,126,-91
122000093,2019,6610,-4591
122000094,7790,3318,4472
122000095,707,6083,-5376
122000096,352,3710,-3358
122000098,4755,5095,-340
122000099,653,2518,-1865
122000100,780,1214,-434
122000101,404,544,-140
122000102,4180,1359,2821
122000103,1449,2189,-740
122000104,3079,173,2906
122000105,481,890,-409
122000106,627,3136,-2509
122000107,1455,580,875
122000108,1007,1056,-49
122000109,648,343,305
122000110,902,987,-85
122000111,5202,2119,3083
122000112,2599,2001,598
122000113,1101,1149,-48
122000114,1812,4292,-2480
122000115,2482,1559,923
122000116,481,671,-190
122000117,1642,546,1096
122000118,682,702,-20
122000119,3383,2152,1231
122000120,838,4511,-3673
122000121,659,2508,-1849
122000122,296,932,-636
122000123,1280,1896,-616
122000124,739,685,54
122000125,500,642,-142
122000126,468,892,-424
122000127,346,789,-443
122000128,218,496,-278
122000129,435,2097,-1662
122000130,3317,1576,1741
122000131,974,1658,-684
122000132,238,561,-323
122000133,874,1114,-240
122000134,1116,751,365
122000135,437,248,189
122000136,1086,693,393
122000137,2424,1070,1354
122000139,772,4074,-3302
122000140,309,2028,-1719
122000141,5983,3491,2492
122000142,128,3544,-3416
122000143,398,715,-317
122000144,1625,1870,-245
122000145,773,1655,-882
122000146,623,4884,-4261
122000147,520,969,-449
122000148,388,1985,-1597
122000149,1732,1396,336
122000150,1389,1148,241
122000151,105,535,-430
122000152,471,446,25
122000153,408,709,-301
122000154,226,240,-14
122000155,1894,3144,-1250
122000156,10782,5755,5027
122000157,676,10572,-9896
122000158,337,1498,-1161
122000159,664,1868,-1204
122000160,2103,2764,-661
122000161,1011,1332,-321
122000162,1231,1776,-545
122000163,383,206,177
122000164,50,268,-218
122000165,1565,2158,-593
122000166,751,3136,-2385
122000167,276,658,-382
122000168,196,1452,-1256
122000169,369,329,40
122000170,418,472,-54
122000171,28,70,-42
122000172,2788,1983,805
122000173,1691,3744,-2053
122000174,1658,2202,-544
122000175,888,526,362
122000176,328,1881,-1553
122000177,1084,1956,-872
122000178,7660,4612,3048
122000179,3986,5878,-1892
122000180,743,1433,-690
122000181,781,2309,-1528
122000182,1878,1458,420
122000183,3344,1327,2017
122000184,3656,4962,-1306
122000185,1423,5167,-3744
122000186,772,3167,-2395
122000187,1920,1775,145
122000188,476,478,-2
122000189,249,472,-223
122000190,668,2824,-2156
122000191,722,1196,-474
122000192,1313,580,733
122000193,363,877,-514
122000194,532,299,233
122000195,152,999,-847
122000196,1015,433,582
122000197,530,727,-197
122000198,373,2986,-2613
122000199,304,577,-273
122000200,1171,881,290
122000201,1314,3566,-2252
122000202,947,2937,-1990
122000203,2697,1597,1100
122000204,1213,1529,-316
122000205,735,927,-192
122000206,5901,1451,4450
122000207,2015,2018,-3
122000208,2285,2867,-582
122000209,2510,969,1541
122000210,2323,2804,-481
122000211,1127,1943,-816
122000212,892,584,308
122000213,1132,1757,-625
122000214,2073,1965,108
122000215,2756,2194,562
122000217,1729,3540,-1811
122000218,769,92,677
122000219,1373,1129,244
122000220,246,857,-611
122000221,131,327,-196
122000222,624,166,458
122000223,936,870,66
122000225,754,639,115
122000226,1615,1600,15
122000227,209,1772,-1563
122000228,297,324,-27
122000229,51,539,-488
122000230,82,346,-264
122000231,308,746,-438
122000232,523,590,-67
122000233,0,87,-87
122000234,502,48,454
122000235,681,91,590
122000236,1639,50,1589
122000237,129,80,49
122000238,392,409,-17
122000239,837,183,654
122000240,1457,670,787
122000241,2638,504,2134
122000242,781,192,589
122000243,479,31,448
122000244,96,253,-157
122000245,123,71,52
122000246,516,163,353
122000247,608,254,354
122000248,774,896,-122
122000249,1706,1121,585
122000250,2559,1438,1121
122000251,65,532,-467
122000252,219,105,114
122000253,50,264,-214
122000254,423,101,322
122000255,483,679,-196
122000256,178,462,-284
122000257,250,86,164
122000258,273,273,0
122000259,40,295,-255
122000260,3,29,-26
122000261,30,270,-240
122000262,0,26,-26
122000263,212,495,-283
122000264,1601,380,1221
122000265,3199,1385,1814
122000266,4463,943,3520
122000267,100,118,-18
122000268,169,490,-321
122000269,1073,466,607
122000270,538,226,312
122000271,253,2476,-2223
122000272,438,1921,-1483
122000273,591,569,22
122000274,356,253,103
122000275,76,199,-123
122000276,1157,525,632
122000277,1362,1674,-312
122000278,2402,306,2096
122000279,249,239,10
122000280,587,496,91
122000281,577,580,-3
122000282,190,432,-242
122000283,161,234,-73
122000284,174,92,82
122000285,271,69,202
122000286,55,132,-77
122000287,1903,1436,467
122000288,629,282,347
122000291,4008,997,3011
122000293,171,83,88
122000294,165,389,-224
122000295,1474,210,1264
122000296,28,893,-865
122000297,1951,4369,-2418
122000299,691,538,153
122000300,435,379,56
122000301,7000,3986,3014
122000302,463,2948,-2485
122000303,1762,907,855
122000304,50,148,-98
122000305,1626,482,1144
122000306,88,281,-193
122000307,123,162,-39
122000309,50,20,30
122000310,16,113,-97
122000311,69,124,-55
122000312,71,391,-320
122000313,81,115,-34
122000314,128,503,-375
122000315,291,48,243
122000316,1406,482,924
122000317,2617,400,2217
122000318,336,1538,-1202
122000319,81,511,-430
122000320,255,949,-694
122000321,96,114,-18
122000322,2256,2674,-418
122000323,631,5138,-4507
122000324,2593,3381,-788
122000325,687,7301,-6614
122000326,175,95,80
122000327,534,1345,-811
122000328,451,378,73
122000330,3826,2806,1020
122000332,246,365,-119
122000333,10,53,-43
122000337,1189,352,837
122000338,557,269,288
122000340,189,4702,-4513
122000342,1444,721,723
122000343,594,435,159
122000344,140,25,115
122000345,22,10,12
122000346,228,174,54
122000348,783,762,21
122000349,87,478,-391
122000351,211,281,-70
122000352,155,211,-56
122000353,168,116,52
122000355,117,282,-165
122000356,441,2960,-2519
122000357,92,9,83
122000358,1,13,-12
122000359,0,36,-36
122000360,2,19,-17
122000362,4,29,-25
122000364,293,259,34
122000365,0,31,-31
122000366,7,8,-1
122000368,424,919,-495
122000370,25,15,10
122000371,38,0,38
122000372,15,4,11
122000381,246,359,-113
122000382,90,159,-69
122000384,1477,1844,-367
122000385,102,0,102
122000386,207,2612,-2405
122000387,455,1557,-1102
122000388,1130,1650,-520
122000389,247,2135,-1888
122000390,386,614,-228
122000391,128,1737,-1609
122000392,233,147,86
122000393,47,93,-46
122000394,699,188,511
122000395,196,114,82
122000396,397,117,280
122000397,15,34,-19
122000398,6,122,-116
122000399,164,75,89
122000400,35,1715,-1680
122000401,172,66,106
122000402,476,219,257
122000403,626,374,252
122000404,244,165,79
122000408,480,846,-366
122000503,8,115,-107
122000524,119,664,-545
122000544,91,2631,-2540
122000616,274,0,274
122000640,97,36,61
122000641,262,196,66
122000642,1580,610,970
122000643,35,276,-241
122000644,112,22,90
122000645,57,228,-171
122000651,498,4564,-4066
122000664,208,94,114
122000665,1609,625,984
122000666,606,1024,-418
122000673,71,112,-41
122000674,384,140,244
122000675,2349,527,1822
122000686,413,2131,-1718
122000687,1741,369,1372
122000688,298,349,-51
122000689,1336,122,1214
122000690,3670,260,3410
122000691,1101,501,600
122000692,1253,231,1022
122000693,465,840,-375
122000695,515,232,283
122000696,746,98,648
122000698,345,232,113
122000699,204,43,161
122000701,2234,307,1927
122000702,409,1226,-817
122000703,257,89,168
122000712,0,0,0
122000717,52,92,-40
122000718,227,1659,-1432
122000719,93,98,-5
122000720,1006,95,911
122000724,84,21,63
122900001,28,15,13
122900002,788,7966,-7178
122900003,445,31,414
122900004,1684,83,1601
122900005,74,79,-5
122900006,247,691,-444
122900007,64,129,-65
122900008,157,145,12
122900009,1565,446,1119
122900010,272,131,141
122900012,159,411,-252
122900014,108,146,-38
122900015,801,1074,-273
122900016,213,215,-2
122900017,240,1590,-1350
122900018,135,4,131
122900019,8,72,-64
122900020,156,346,-190
122900021,21,363,-342
122900022,1593,947,646
122900023,1046,189,857
122900024,124,113,11
122900025,7,293,-286
122900026,11,160,-149
122900027,27,439,-412
122900028,86,84,2
122900029,7473,2546,4927
122900030,2497,467,2030
122900031,48,390,-342
122900032,709,488,221
122900033,230,236,-6
122900034,3866,4687,-821
122900035,31,14,17
122900036,86,65,21
122900037,573,243,330
122900038,53,3748,-3695
122900039,43,634,-591
122900040,237,1386,-1149
122900041,176,379,-203
122900042,171,357,-186
122900043,413,287,126
122900044,116,332,-216
122900045,229,428,-199
122900046,136,304,-168
122900047,91,219,-128
122900048,38,229,-191
122900049,3837,234,3603
122900051,60,810,-750
122900052,143,49,94
122900053,8,31,-23
122900055,293,52,241
122900057,303,68,235
122900061,565,78,487
122900062,625,801,-176
122900063,290,175,115
122900064,851,427,424
122900065,580,279,301
122900066,969,351,618
122900067,776,478,298
122900068,112,284,-172
122900069,487,1757,-1270
122900070,386,61,325
122900071,142,257,-115
122900072,12,281,-269
122900073,21,70,-49
122900074,1217,170,1047
122900075,2,55,-53
122900076,1,269,-268
122900077,4,47,-43
122900078,344,20,324
122900080,25,72,-47
122900081,161,187,-26
122900082,1045,178,867
122900083,64,136,-72
122900084,8,106,-98
122900086,13,157,-144
122900087,382,412,-30
122900088,34,937,-903
122900089,16,120,-104
122900090,6,264,-258
122900091,380,8,372
122900092,0,90,-90
122900093,0,84,-84
122900094,1,136,-135
122900095,205,62,143
122900096,598,48,550
122900097,28,51,-23
122900098,23,178,-155
122900099,122,28,94
122900100,88,850,-762
122900101,633,391,242
122900102,67,44,23
122900103,240,15,225
122900104,335,8,327
122900105,20,34,-14
122900106,1,32,-31
122900107,9,45,-36
122900108,13,78,-65
123000001,740,2488,-1748
123000002,2443,9047,-6604
123000003,5577,4990,587
123000004,2954,4206,-1252
123000005,3539,3077,462
123000006,2587,2225,362
123000007,4385,2747,1638
123000008,2528,2800,-272
123000009,4165,3209,956
123000010,3080,4473,-1393
123000011,1709,2424,-715
123000012,622,4978,-4356
123000013,5307,1640,3667
123000014,760,4152,-3392
123000015,2220,1481,739
123000016,2984,3276,-292
123000017,4723,2284,2439
123000018,135,109,26
123000019,753,32,721
123000020,543,51,492
123000021,340,338,2
123000022,508,2254,-1746
123000023,2548,3087,-539
123000024,1883,1041,842
123000025,350,126,224
123000026,26,155,-129
123000027,39,1116,-1077
123000028,677,1580,-903
123000029,378,1497,-1119
123000030,322,87,235
123000031,358,209,149
123000032,698,100,598
123000033,414,163,251
123000034,1468,876,592
123000035,604,633,-29
123000036,223,1570,-1347
123000037,224,172,52
123000038,50,470,-420
123000039,495,1924,-1429
123000040,445,268,177
123000041,759,2210,-1451
123000042,495,1785,-1290
123000043,1650,18057,-16407
123000044,2649,2906,-257
123000045,4065,2477,1588
123000046,281,1288,-1007
123000047,677,1882,-1205
123000048,60,1960,-1900
123000049,6169,10892,-4723
123000050,2504,2067,437
123000051,110,275,-165
123000052,946,4229,-3283
123000053,2772,3543,-771
123000054,2756,1879,877
123000055,2510,6136,-3626
123000056,1085,804,281
123000057,3600,5943,-2343
123000058,752,1736,-984
123000059,290,615,-325
123000060,1339,581,758
123000061,332,708,-376
123000063,1511,1265,246
123000064,1708,277,1431
123000065,4024,2612,1412
123000066,502,656,-154
123000067,1389,583,806
123000068,1660,2390,-730
123000069,3598,1504,2094
123000070,201,640,-439
123000071,2595,886,1709
123000072,1446,447,999
123000073,3516,1115,2401
123000074,1378,973,405
123000075,619,2340,-1721
123000076,847,458,389
123000077,2541,1513,1028
123000078,3549,1476,2073
123000079,3344,2048,1296
123000080,2973,1006,1967
123000081,280,344,-64
123000082,264,1063,-799
123000083,1540,355,1185
123000084,1166,493,673
123000085,690,91,599
123000086,1337,106,1231
123000087,655,271,384
123000088,1546,784,762
123000089,1306,1097,209
123000090,2073,989,1084
123000091,2173,1706,467
123000092,1084,1436,-352
123000094,927,197,730
123000095,1133,737,396
123000096,1866,334,1532
123000097,873,430,443
123000098,1361,398,963
123000099,851,392,459
123000100,370,1032,-662
123000101,489,558,-69
123000102,681,969,-288
123000104,621,608,13
123000105,404,456,-52
123000106,671,457,214
123000107,276,428,-152
123000108,624,1129,-505
123000111,1368,440,928
123000112,1635,501,1134
123000113,858,652,206
123000114,396,775,-379
123000115,357,317,40
123000116,37,75,-38
123000117,2038,1180,858
123000118,557,453,104
123000119,289,447,-158
123000120,254,650,-396
123000121,835,1029,-194
123000122,467,396,71
123000123,600,773,-173
123000124,413,500,-87
123000125,1881,1554,327
123000126,1363,5846,-4483
123000127,495,685,-190
123000128,332,394,-62
123000129,1127,371,756
123000130,996,110,886
123000131,2009,1083,926
123000132,368,618,-250
123000133,148,258,-110
123000134,236,141,95
123000135,3250,1205,2045
123000136,279,426,-147
123000137,138,213,-75
123000138,118,280,-162
123000139,794,162,632
123000140,47,500,-453
123000141,839,150,689
123000142,1014,728,286
123000143,880,1485,-605
123000144,6,48,-42
123000145,150,286,-136
123000146,14,168,-154
123000147,94,207,-113
123000149,336,416,-80
123000150,119,308,-189
123000151,188,672,-484
123000152,42,438,-396
123000153,118,867,-749
123000154,1145,2230,-1085
123000155,1916,1497,419
123000156,29,124,-95
123000157,689,777,-88
123000158,559,816,-257
123000159,3381,4641,-1260
123000160,1393,1435,-42
123000161,2025,1206,819
123000162,1833,2023,-190
123000163,877,227,650
123000164,2562,265,2297
123000165,429,833,-404
123000166,25,108,-83
123000167,202,210,-8
123000168,425,145,280
123000169,1210,193,1017
123000170,139,51,88
123000171,1540,43,1497
123000172,157,396,-239
123000173,728,453,275
123000174,1048,595,453
123000175,330,1011,-681
123000176,1296,315,981
123000177,270,773,-503
123000178,1170,206,964
123000179,43,408,-365
123000180,2107,418,1689
123000181,272,921,-649
123000182,268,186,82
123000183,166,638,-472
123000184,78,330,-252
123000185,1151,503,648
123000186,5,255,-250
123000187,612,10,602
123000188,272,0,272
123000189,224,166,58
123000190,128,96,32
123000192,15,205,-190
123000193,38,535,-497
123000194,168,303,-135
123000195,325,29,296
123000196,487,34,453
123000197,68,102,-34
123000198,87,560,-473
123000199,19,452,-433
123000200,863,6,857
123000201,1589,18,1571
123000202,15,430,-415
123000203,1392,42,1350
123000204,80,398,-318
123000205,153,633,-480
123000206,3494,265,3229
123000207,74,371,-297
123000208,876,195,681
123000209,2423,792,1631
123000210,215,1178,-963
123000211,341,1228,-887
123000212,5063,485,4578
123000213,711,53,658
123000215,108,233,-125
123000216,179,1060,-881
123000217,267,43,224
123000218,46,566,-520
123000219,714,124,590
123000220,638,88,550
123000221,126,120,6
123000222,424,339,85
123000223,676,128,548
123000224,494,247,247
123000225,330,59,271
123000226,90,274,-184
123000227,112,206,-94
123000228,312,59,253
123000229,693,1281,-588
123000232,113,491,-378
123000233,1087,141,946
123000234,162,466,-304
123000235,1405,276,1129
123000236,300,416,-116
123000237,605,126,479
123000238,69,323,-254
123000239,370,586,-216
123000240,76,1253,-1177
123000241,446,108,338
123000242,241,191,50
123000243,911,706,205
123000244,802,491,311
123000245,22,121,-99
123000249,210,509,-299
123000252,1134,435,699
123000253,1750,722,1028
123000254,741,668,73
123000255,1136,871,265
123000256,14,131,-117
123000257,1923,1102,821
123000258,1106,484,622
123000259,612,457,155
123000260,770,262,508
123000261,415,168,247
123000262,79,98,-19
123000263,716,103,613
123000264,228,141,87
123000265,40,109,-69
123000266,489,461,28
123000267,806,446,360
123000268,40,56,-16
123000269,84,114,-30
123000270,36,131,-95
123000271,59,46,13
123000272,783,307,476
123000273,325,1171,-846
123000274,1378,1076,302
123000275,202,761,-559
123000278,1755,3078,-1323
123000279,173,92,81
123000280,325,306,19
123000281,369,176,193
123000282,103,415,-312
123000283,254,66,188
123000284,81,65,16
123000286,144,612,-468
123000287,332,459,-127
123000288,1082,1405,-323
123000289,233,1700,-1467
123000291,173,921,-748
123000294,145,261,-116
123000295,672,1340,-668
123000296,862,565,297
123000297,838,305,533
123000298,1166,259,907
123000299,127,154,-27
123000300,1550,1210,340
123000301,209,569,-360
123000302,140,89,51
123000303,101,370,-269
123000305,1090,1013,77
123000306,351,72,279
123000309,49,94,-45
123000310,54,76,-22
123000311,0,116,-116
123000312,438,469,-31
123000313,732,447,285
123000315,143,263,-120
123000316,767,315,452
123000317,318,108,210
123000318,42,174,-132
123000329,7,27,-20
123000337,269,462,-193
123000338,109,235,-126
123000339,536,34,502
123000340,110,280,-170
123000342,28,86,-58
123000343,118,53,65
123000344,598,308,290
123000345,404,598,-194
123000346,685,44,641
123000352,950,836,114
123000353,76,100,-24
123000354,255,1,254
123000355,0,209,-209
123000356,522,17,505
123000357,1,133,-132
123000359,34,64,-30
123000360,217,125,92
123000361,257,199,58
123000362,491,98,393
123000363,101,111,-10
123000364,583,800,-217
123000365,47,475,-428
123000366,376,3216,-2840
123000367,330,553,-223
123000370,40,199,-159
123000371,504,117,387
123000372,501,37,464
123000373,15,306,-291
123000374,15,114,-99
123000375,474,87,387
123000376,1011,865,146
123000377,785,38,747
123000378,15,162,-147
123000379,3,209,-206
123000380,22,370,-348
123000381,60,143,-83
123000382,477,154,323
123000383,112,922,-810
123000384,720,123,597
123000385,175,644,-469
123000436,62,1429,-1367
123000507,65,160,-95
123000508,242,1628,-1386
123000517,346,35,311
123000518,39,151,-112
123000519,172,96,76
123000520,41,107,-66
123000521,675,155,520
123000522,212,192,20
123000541,7,3,4
123000542,0,1,-1
123000565,979,10,969
123000566,537,104,433
123000567,70,72,-2
123000573,30,550,-520
123000574,856,48,808
123000575,2073,645,1428
123000576,823,1091,-268
123000577,52,714,-662
123000578,431,182,249
123000579,1044,9002,-7958
123000580,155,55,100
123000582,515,39,476
123000583,19,266,-247
123000584,128,338,-210
123000585,0,47,-47
123000586,118,0,118
123000596,71,72,-1
123000597,79,229,-150
123000602,156,19,137
123000603,1537,340,1197
123000604,863,320,543
123000605,825,57,768
123000606,1,505,-504
123000609,27,322,-295
123000610,119,126,-7
123000613,36,201,-165
123000614,281,33,248
123000615,66,107,-41
123000616,895,56,839
123000617,169,127,42
123000618,49,587,-538
123000619,421,61,360
123000620,17,362,-345
123000622,506,16,490
123000624,174,95,79
123000630,2194,435,1759
123000631,287,507,-220
123000632,648,651,-3
123000633,2,167,-165
123000634,39,383,-344
123000635,78,146,-68
123000636,48,383,-335
123000637,147,22,125
123000638,607,30,577
123000639,600,6466,-5866
123000640,19,318,-299
123000648,671,66,605
123000649,16,330,-314
123900001,1157,62,1095
123900002,34,1510,-1476
123900003,188,375,-187
123900005,367,265,102
123900006,521,75,446
124000001,1839,225,1614
124000002,34,979,-945
124000003,1341,150,1191
124000004,141,436,-295
124000005,1484,915,569
124000006,243,436,-193
124000007,668,66,602
124000008,9,372,-363
124000009,955,359,596
124000010,258,276,-18
124000011,1217,519,698
124000012,247,284,-37
124000017,341,123,218
124000018,101,93,8
124000019,269,164,105
124000020,42,144,-102
124000021,179,103,76
124000022,75,177,-102
124000023,1272,1525,-253
124000024,1161,431,730
124000025,1357,1721,-364
124000026,990,1040,-50
124000027,4016,4347,-331
124000028,1215,3372,-2157
124000030,1667,1453,214
124000031,1324,5907,-4583
124000032,1111,393,718
124000033,796,721,75
124000034,923,697,226
124000035,427,323,104
124000036,94,373,-279
124000037,453,1174,-721
124000038,9,123,-114
124000039,229,343,-114
124000040,221,1115,-894
124000041,544,130,414
124000042,148,408,-260
124000043,66,133,-67
124000044,74,119,-45
124000045,1536,352,1184
124000046,320,613,-293
124000047,2296,499,1797
124000048,1055,656,399
124000049,2461,492,1969
124000050,1092,940,152
124000051,1462,346,1116
124000052,807,640,167
124000053,530,2475,-1945
124000054,623,274,349
124000055,1212,4911,-3699
124000056,1512,750,762
124000057,1536,485,1051
124000058,668,842,-174
124000059,1155,1518,-363
124000060,502,436,66
124000061,1528,7125,-5597
124000062,2496,1352,1144
124000063,1180,1075,105
124000064,1489,984,505
124000065,82,601,-519
124000066,191,105,86
124000067,261,121,140
124000068,197,185,12
124000069,750,94,656
124000070,399,175,224
124000071,152,118,34
124000072,207,292,-85
124000073,1360,235,1125
124000074,203,434,-231
124000075,492,29,463
124000076,38,62,-24
124000077,299,725,-426
124000078,1285,1360,-75
124000079,149,1071,-922
124000080,928,183,745
124000081,221,369,-148
124000082,80,138,-58
124000083,55,63,-8
124000084,55,1100,-1045
124000085,47,27,20
124000086,18,229,-211
124000087,68,148,-80
124000088,121,561,-440
124000089,858,216,642
124000090,193,207,-14
124000091,691,87,604
124000092,191,361,-170
124000093,163,185,-22
124000094,152,519,-367
124000095,119,110,9
124000096,242,165,77
124000097,172,183,-11
124000098,91,67,24
124000099,288,123,165
124000100,77,176,-99
124000101,128,155,-27
124000102,107,39,68
124000103,252,195,57
124000104,95,31,64
124000105,200,179,21
124000106,133,42,91
124000107,28,266,-238
124000108,64,24,40
124000109,271,127,144
124000110,75,70,5
124000111,280,115,165
124000112,942,431,511
124000113,149,147,2
124000114,392,268,124
124000115,331,919,-588
124000116,96,226,-130
124000117,24,116,-92
124000118,42,96,-54
124000119,1028,1020,8
124000120,781,833,-52
124000121,1120,909,211
124000122,453,1107,-654
124000123,1148,549,599
124000124,354,640,-286
124000125,538,358,180
124000126,349,383,-34
124000127,1179,327,852
124000128,595,499,96
124000129,1808,1394,414
124000130,359,394,-35
124000131,735,846,-111
124000132,503,571,-68
124000133,1426,1289,137
124000134,1016,510,506
124000135,1461,2197,-736
124000136,524,868,-344
124000137,906,1257,-351
124000138,933,1157,-224
124000139,406,90,316
124000140,16,367,-351
124000141,439,54,385
124000142,38,263,-225
124000143,87,14,73
124000144,13,78,-65
124000145,173,48,125
124000146,31,37,-6
124000148,6,111,-105
124000149,1067,366,701
124000150,202,587,-385
124000151,1182,511,671
124000152,787,999,-212
124000153,1025,1007,18
124000154,522,664,-142
124000155,1509,822,687
124000156,803,937,-134
124000169,158,652,-494
124000170,950,596,354
124000171,380,334,46
124000172,421,505,-84
124000173,852,228,624
124000174,464,512,-48
124000175,6,48,-42
124000176,62,18,44
124000177,4,27,-23
124000178,32,52,-20
124000190,23,78,-55
124000191,55,235,-180
124000192,1179,741,438
124000193,203,2637,-2434
124000194,252,392,-140
124000195,509,710,-201
124000196,688,696,-8
124000197,43,51,-8
124000198,66,59,7
124000201,142,485,-343
124000202,679,206,473
124000203,783,166,617
124000204,1512,211,1301
124000205,153,176,-23
124000206,1069,209,860
124000207,0,22,-22
124000209,206,104,102
124000210,973,118,855
124000211,951,3,948
124000212,0,132,-132
124000213,683,92,591
124000214,610,258,352
124000215,593,34,559
124000216,1,156,-155
124000329,115,501,-386
124000338,100,266,-166
124000339,1864,67,1797
124000341,2243,84,2159
124000344,16,0,16
124000357,1167,2817,-1650
124000358,707,1889,-1182
124000359,1288,1053,235
124000360,1067,532,535
124000361,2361,1131,1230
124000362,1245,2055,-810
124000363,433,281,152
124000364,494,502,-8
124000365,656,860,-204
124000366,1711,705,1006
124000367,65,231,-166
124000368,572,889,-317
124000369,90,138,-48
124000370,66,586,-520
124000402,38,23,15
124000403,237,39,198
124000404,9,42,-33
124000405,850,681,169
124000406,397,391,6
124000407,1,36,-35
124000411,8,185,-177
124000412,420,3,417
124000413,93,137,-44
124000414,159,106,53
124000415,28,20,8
124000416,128,148,-20
124000417,263,111,152
124000418,395,26,369
124000419,146,40,106
124000420,184,15,169
124000421,68,51,17
124000422,27,18,9
124000423,136,52,84
124000424,1,44,-43
124000425,132,48,84
124000426,12,101,-89
124000427,118,9,109
124000428,3,277,-274
124000429,74,37,37
124000430,826,340,486
124000431,284,354,-70
124000432,299,601,-302
124000439,3,1,2
124000443,0,3,-3
124000445,103,2858,-2755
124000446,943,240,703
124900001,1265,397,868
124900002,394,226,168
124900003,1442,398,1044
124900004,1402,255,1147
124900005,247,124,123
124900006,1227,273,954
124900008,929,611,318
124900009,148,521,-373
124900010,230,224,6
124900011,771,320,451
124900012,449,119,330
124900013,677,223,454
124900014,408,41,367
124900015,154,386,-232
124900016,97,160,-63
124900017,333,2641,-2308
124900018,84,10,74
124900020,124,52,72
124900021,405,37,368
124900022,47,4,43
124900024,490,0,490
124900026,49,15,34
124900027,167,629,-462
124900028,294,159,135
124900029,37,669,-632
124900030,3,95,-92
124900031,54,285,-231
124900032,164,216,-52
124900033,98,168,-70
124900034,2,91,-89
124900035,190,330,-140
124900036,1,67,-66
124900037,181,158,23
124900038,191,225,-34
124900039,0,68,-68
124900040,154,120,34
124900041,442,566,-124
124900042,45,2,43
124900043,646,392,254
124900044,124,2,122
124900045,312,1080,-768
124900046,246,164,82
124900047,80,165,-85
124900048,351,81,270
124900050,281,77,204
124900052,86,262,-176
124900053,166,221,-55
124900054,630,395,235
124900055,0,145,-145
124900057,1,33,-32
124900060,41,200,-159
124900061,121,1,120
124900062,272,7,265
124900066,0,5,-5
124900067,5,57,-52
124900068,153,605,-452
124900070,77,52,25
124900072,200,29,171
124900075,583,196,387
124900076,10,2162,-2152
124900077,36,69,-33
124900078,90,31,59
124900079,201,181,20
124900080,526,258,268
124900081,1652,257,1395
124900082,419,431,-12
124900083,428,402,26
124900085,544,691,-147
124900086,41,1566,-1525
124900087,207,137,70
124900088,141,105,36
124900089,537,29,508
124900090,777,220,557
124900091,390,155,235
124900092,289,159,130
124900093,554,193,361
124900094,977,270,707
124900095,144,680,-536
124900096,325,157,168
124900097,588,39,549
124900098,167,245,-78
124900099,222,725,-503
124900100,410,44,366
124900101,84,338,-254
124900102,392,7,385
124900103,183,78,105
124900104,58,79,-21
124900105,166,73,93
124900106,364,24,340
124900107,96,40,56
124900108,163,117,46
124900111,0,143,-143
124900112,150,222,-72
124900113,58,203,-145
124900114,63,139,-76
124900115,44,68,-24
124900116,341,369,-28
124900117,140,214,-74
124900118,86,824,-738
124900119,422,214,208
124900120,31,194,-163
124900121,103,509,-406
124900122,149,168,-19
124900123,182,104,78
124900124,54,397,-343
204000001,180,5,175
204000002,3,9,-6
204000003,13,1,12
204000004,2,0,2
204000005,529,494,35
204000006,957,1160,-203
204000011,8,35,-27
204000012,68,93,-25
204000019,1211,373,838
204000020,1110,570,540
204000021,1148,876,272
204000022,1451,457,994
204000023,585,406,179
204000031,27,8,19
204000032,225,45,180
204000034,31,98,-67
204000035,0,3,-3
204000036,3,9,-6
204000037,0,24,-24
204000038,1,18,-17
204000039,10,7,3
204000040,6,10,-4
204000041,3,30,-27
204000042,33,23,10
204000043,27,7,20
204000044,36,3,33
204000045,76,1,75
204000046,7,2,5
204000057,10,1,9
204000062,43,21,22
204000068,22,643,-621
204000069,199,508,-309
204000070,40,51,-11
204000080,60,71,-11
204000085,1271,990,281
204000086,1824,1035,789
204000087,32,14,18
204000088,3,69,-66
204000090,84,151,-67
204000093,544,89,455
204000096,1688,776,912
204000097,500,20,480
204000099,1191,2307,-1116
204000100,1932,1520,412
204000105,1115,674,441
204000110,349,891,-542
204000111,613,515,98
204000112,512,364,148
204000113,254,534,-280
204000114,951,1182,-231
204000115,1193,487,706
204000116,622,625,-3
204000119,2339,1821,518
204000132,679,423,256
204000133,863,148,715
204000134,201,61,140
204000135,635,26,609
204000136,321,182,139
204000138,313,624,-311
204000140,252,100,152
204000141,157,60,97
204000144,14,13,1
204000145,541,40,501
204000146,23,211,-188
204000147,12,254,-242
204000148,255,28,227
204000154,8,0,8
204000155,2,2,0
204000177,60,51,9
204000179,83,10,73
204000180,0,35,-35
204000222,4,2,2
204000235,43,26,17
204000236,36,152,-116
204000238,10,28,-18
204000240,325,86,239
204000263,526,844,-318
204000268,592,533,59
204000308,165,57,108
204000317,9,91,-82
204000322,31,82,-51
204000323,22,8,14
204000328,227,98,129
204000329,90,163,-73
204000330,179,15,164
204000331,78,127,-49
205000001,646,849,-203
205000013,19,89,-70
205000014,51,71,-20
205000015,39,60,-21
205000016,17,62,-45
205000017,27,59,-32
205000022,258,519,-261
205000025,1097,608,489
205000029,450,5,445
205000045,186,662,-476
205000046,239,350,-111
205000047,106,244,-138
205000048,539,387,152
205000049,186,439,-253
205000050,687,234,453
205000059,1,192,-191
205000060,0,204,-204
205000061,3,509,-506
205000062,5,756,-751
205000063,19,601,-582
205000064,30,100,-70
205000065,178,544,-366
205000066,159,368,-209
205000067,81,437,-356
205000069,179,8,171
205000082,154,175,-21
205000110,78,140,-62
205000111,150,171,-21
205000112,155,166,-11
205000113,93,155,-62
205000121,170,45,125
205000123,37,119,-82
205000126,569,94,475
205000127,804,134,670
205000128,487,81,406
205000129,843,57,786
205000130,73,21,52
205000131,58,8,50
205000132,131,2,129
205000133,80,0,80
205000134,312,1,311
205000137,150,70,80
205000138,173,197,-24
205000139,34,105,-71
205000144,64,98,-34
205000145,338,134,204
205000151,195,34,161
205000152,130,25,105
205000153,226,30,196
205000154,102,49,53
205000155,160,17,143
205000207,3,72,-69
205000233,29,0,29
205000234,0,1,-1
205000243,0,0,0
205000244,0,1,-1
205000245,18,209,-191
205000249,0,8,-8
205000250,0,1,-1
205000264,5,66,-61
206000027,9,8,1
206000028,1,1,0
206000043,4,32,-28
206000053,2,3,-1
206000054,2,11,-9
206000055,4,15,-11
206000075,14,14,0
206000076,19,24,-5
206000077,18,10,8
206000078,30,17,13
206000079,23,13,10
206000082,340,132,208
206000100,32,505,-473
206000103,4,7,-3
206000104,12,20,-8
206000105,8,7,1
206000106,2,36,-34
206000108,569,59,510
206000125,119,0,119
206000157,22,382,-360
206000170,0,84,-84
206000171,1,124,-123
206000172,11,147,-136
206000173,2,93,-91
206000174,34,26,8
206000175,3,42,-39
206000176,21,80,-59
206000177,5,37,-32
206000178,3,161,-158
206000179,1,156,-155
206000180,7,99,-92
206000181,14,28,-14
206000182,5,73,-68
206000183,8,149,-141
206000184,1,91,-90
206000185,3,41,-38
206000186,85,281,-196
206000223,11,191,-180
206000226,47,4,43
206000227,17,10,7
206000237,32,116,-84
206000238,33,162,-129
206000239,246,1213,-967
206000240,3,69,-66
206000241,0,65,-65
206000242,9,135,-126
206000243,3,53,-50
206000244,68,176,-108
206000245,1092,61,1031
206000246,419,13,406
206000247,435,6,429
206000248,522,38,484
206000252,39,68,-29
206000258,4,31,-27
206000315,67,3,64
206000317,597,151,446
206000318,877,66,811
206000319,2322,82,2240
206000320,414,41,373
206000321,410,10,400
206000322,929,27,902
206000323,304,17,287
206000324,346,31,315
206000325,241,24,217
206000326,229,28,201
206000327,37,34,3
206000328,250,6,244
206000329,347,5,342
206000330,92,10,82
206000331,347,4,343
206000332,81,4,77
206000333,1090,2,1088
206000334,390,1,389
206000335,0,17,-17
206000361,17,179,-162
206000392,1,13,-12
206000405,141,12,129
206000441,108,26,82
206000498,56,4,52
206000515,69,49,20
206000530,412,60,352
206000531,240,437,-197
206000532,1343,617,726
206000535,105,4201,-4096
206000536,24,41,-17
206000537,15,149,-134
206000613,1025,276,749
207000001,106,510,-404
207000002,103,383,-280
207000003,135,156,-21
207000007,1617,241,1376
207000008,221,7,214
207000009,102,24,78
207000010,324,285,39
207000012,394,160,234
207000015,243,448,-205
207000019,276,142,134
207000021,455,181,274
207000022,206,140,66
207000023,288,76,212
207000024,7,24,-17
207000025,22,75,-53
207000026,112,53,59
207000027,25,69,-44
207000028,55,136,-81
207000029,154,324,-170
207000033,314,422,-108
207000034,315,124,191
207000039,694,76,618
207000040,661,39,622
207000041,89,42,47
207000042,202,57,145
207000043,249,111,138
207000051,92,216,-124
207000052,12,167,-155
207000053,344,351,-7
207000054,60,93,-33
207000055,192,52,140
207000056,232,172,60
207000057,171,184,-13
207000058,221,196,25
207000059,112,192,-80
207000060,60,166,-106
207000061,124,923,-799
207000062,672,33,639
207000063,679,61,618
207000064,366,81,285
207000065,349,184,165
207000066,420,135,285
207000067,81,47,34
207000068,158,30,128
207000069,816,359,457
207000082,11,109,-98
207000083,72,138,-66
207000084,530,275,255
207000085,226,37,189
207000086,370,6,364
207000106,33,25,8
207000107,105,6,99
207000108,100,4,96
207000109,76,3,73
207000110,75,55,20
207000111,74,111,-37
207000112,52,909,-857
207000114,17,27,-10
207000115,33,60,-27
207000116,16,415,-399
207000117,15,70,-55
207000118,7,33,-26
207000119,20,39,-19
207000123,197,6,191
207000124,117,26,91
207000125,46,26,20
207000126,67,23,44
207000134,177,109,68
207000135,39,149,-110
207000148,89,389,-300
207000149,50,62,-12
207000152,96,389,-293
207000153,314,803,-489
207000154,300,281,19
207000159,113,136,-23
207000160,224,153,71
207000238,0,188,-188
207000242,5,109,-104
207000248,38,32,6
207000249,164,13,151
207000250,439,82,357
207000251,139,109,30
207000252,41,46,-5
207000278,129,103,26
207000279,33,68,-35
207000280,1260,88,1172
207000281,246,259,-13
207000282,55,303,-248
207000283,35,198,-163
207000284,40,780,-740
207000285,68,100,-32
207000291,13,73,-60
207000304,126,88,38
207000306,76,273,-197
207000310,126,52,74
207000353,122,3,119
207000356,16,60,-44
207000357,5,14,-9
207000358,5,27,-22
207000415,13,141,-128
207000417,16,1,15
207000418,90,59,31
207000438,0,2,-2
207000439,467,476,-9
207000446,189,2,187
207000460,64,10,54
207000466,319,131,188
207000467,406,81,325
207000468,55,127,-72
207000476,5,13,-8
207000477,797,19,778
207000478,1,57,-56
207000523,0,22,-22
207000524,32,1,31
207000527,268,163,105
207000530,660,4,656
207000531,344,6,338
207000532,81,15,66
207000534,148,37,111
207000535,26,461,-435
207000537,30,45,-15
207000540,4,75,-71
207000541,2,216,-214
207000548,11,95,-84
207000549,326,6,320
207000561,259,223,36
207000562,16,135,-119
207000567,96,177,-81
207000568,265,25,240
207000569,785,126,659
207000584,102,255,-153
207000585,24,213,-189
207000587,140,52,88
207000616,0,47,-47
207000617,201,0,201
207000624,70,41,29
207000631,8,47,-39
207900008,330,80,250
208000001,524,1370,-846
208000002,795,757,38
208000003,1012,523,489
208000004,933,863,70
208000005,3,18,-15
208000019,971,467,504
208000020,290,283,7
208000021,263,171,92
208000022,937,405,532
208000028,908,1182,-274
208000033,541,353,188
208000034,832,1758,-926
208000037,449,29,420
208000040,242,79,163
208000041,898,508,390
208000042,1139,472,667
208000047,165,142,23
208000064,1768,1529,239
208000066,1214,2432,-1218
208000070,570,333,237
208000071,846,355,491
208000072,734,717,17
208000080,363,509,-146
208000081,437,137,300
208000082,550,140,410
208000083,246,206,40
208000084,8,18,-10
208000085,607,374,233
208000086,621,840,-219
208000087,385,615,-230
208000089,1065,281,784
208000090,1004,324,680
208000093,54,119,-65
208000094,604,339,265
208000095,966,495,471
208000104,1178,577,601
208000105,767,571,196
208000114,113,320,-207
208000115,416,320,96
208000116,998,1086,-88
208000117,47,112,-65
208000118,169,249,-80
208000155,535,1117,-582
208000158,1608,3013,-1405
208000186,1124,3159,-2035
208000204,870,1022,-152
208000205,1618,626,992
208000282,1163,1975,-812
209000004,697,138,559
209000005,89,34,55
209000006,409,260,149
209000007,414,580,-166
209000010,237,224,13
209000011,106,294,-188
209000012,60,124,-64
209000013,293,119,174
209000014,382,425,-43
209000025,588,130,458
209000026,1055,135,920
209000027,235,289,-54
209000028,222,205,17
209000029,322,1208,-886
209000030,223,1398,-1175
209000031,2587,1176,1411
209000034,279,305,-26
209000035,278,348,-70
209000036,392,267,125
209000037,495,322,173
209000038,245,191,54
209000039,109,145,-36
209000040,377,562,-185
209000041,229,311,-82
209000042,277,247,30
209000043,589,625,-36
209000044,272,871,-599
209000045,711,289,422
209000046,613,412,201
209000047,511,187,324
209000048,626,392,234
209000049,116,49,67
209000050,246,72,174
209000051,232,151,81
209000052,176,155,21
209000062,82,56,26
209000063,75,42,33
209000064,53,22,31
209000065,223,47,176
209000066,173,17,156
209000067,266,58,208
209000080,14,173,-159
209000082,87,38,49
209000091,25,78,-53
209000093,43,18,25
209000094,56,134,-78
209000110,63,213,-150
209000111,602,2113,-1511
209000112,1480,777,703
209000113,2025,1102,923
209000114,972,841,131
209000115,51,58,-7
209000116,313,200,113
209000118,27,88,-61
209000119,8,11,-3
209000121,70,294,-224
209000135,59,222,-163
209000142,575,2276,-1701
209000143,36,53,-17
209000144,69,272,-203
209000229,190,142,48
209000240,35,161,-126
209000259,55,108,-53
209000260,76,759,-683
209000261,5,234,-229
209000262,0,193,-193
209000263,0,317,-317
209000264,1,280,-279
209000265,319,1,318
209000266,89,0,89
209000267,1403,2,1401
209000268,447,89,358
210000037,137,30,107
210000047,95,7,88
210000048,199,24,175
210000049,63,2,61
210000052,95,60,35
210000053,55,36,19
210000054,5,47,-42
210000070,141,1,140
210000071,80,0,80
210000072,23,0,23
210000073,0,23,-23
210000074,3,160,-157
210000075,4,191,-187
210000076,13,212,-199
210000077,5,147,-142
210000078,22,129,-107
210000079,12,17,-5
210000080,23,169,-146
210000081,136,19,117
210000082,39,0,39
210000083,58,0,58
210000084,66,0,66
210000085,1,41,-40
210000086,3,65,-62
210000099,79,185,-106
210000100,85,115,-30
210000101,95,140,-45
210000105,25,241,-216
210000159,1,287,-286
210000163,59,277,-218
210000164,197,275,-78
210000168,189,63,126
210000187,0,58,-58
210000188,0,37,-37
210000214,4,1,3
210000219,69,57,12
210000220,107,15,92
210000232,3,15,-12
210000233,58,46,12
210000234,44,106,-62
210000235,113,50,63
210000245,0,112,-112
210000246,18,1,17
210000258,27,65,-38
210000259,265,59,206
210000282,39,198,-159
210000285,2,128,-126
210000286,25,115,-90
210000290,1,4,-3
210000295,52,172,-120
210000296,46,43,3
210000320,266,37,229
210000321,130,16,114
210000338,67,53,14
210000339,172,761,-589
210000340,106,242,-136
210000341,194,224,-30
210000342,293,174,119
210000343,148,184,-36
210000344,92,146,-54
210000345,101,294,-193
210000346,54,154,-100
210000347,116,48,68
210000348,97,52,45
210000349,44,33,11
210000350,156,70,86
210000351,179,35,144
210000352,83,42,41
210000353,51,52,-1
210000354,48,47,1
210000355,35,84,-49
210000356,21,117,-96
210000357,42,117,-75
210000358,277,242,35
210000359,50,160,-110
210000360,181,250,-69
210000361,128,128,0
210000362,208,200,8
210000363,379,248,131
210000364,169,188,-19
210000365,184,52,132
210000366,220,45,175
210000367,135,22,113
210000368,119,42,77
210000369,23,52,-29
210000370,72,81,-9
210000372,21,8,13
210000373,11,29,-18
210000374,74,67,7
210000375,38,28,10
210000376,61,125,-64
210000404,40,103,-63
210000439,61,12,49
210000472,42,1,41
210000482,83,149,-66
210000564,186,292,-106
210000567,0,45,-45
210000568,171,1,170
211000092,46,40,6
211000094,24,9,15
211000169,163,8,155
211000172,9,158,-149
211000209,1,94,-93
211000226,5,18,-13
211000270,53,14,39
211000275,26,21,5
211000276,138,28,110
211000279,16,32,-16
211000281,102,29,73
211507980,2,33,-31
211977296,25,19,6
212000003,153,22,131
212000004,16,107,-91
212000005,18,52,-34
212000006,41,89,-48
212000008,219,91,128
212000009,52,73,-21
212000012,81,20,61
212000013,24,13,11
212000014,228,87,141
212000015,265,152,113
212000016,390,375,15
212000027,520,312,208
212000028,367,251,116
212000029,178,137,41
212000030,60,19,41
212000031,77,36,41
212000048,24,308,-284
212000049,25,224,-199
212000050,19,10,9
212000051,218,125,93
212000052,213,137,76
212000053,257,259,-2
212000054,454,43,411
212000055,528,88,440
212000056,22,30,-8
212000057,12,35,-23
212000058,120,25,95
212000070,137,121,16
212000077,116,240,-124
212000099,365,167,198
212000108,212,139,73
212000111,327,81,246
212000120,137,98,39
212000138,164,20,144
212000156,0,58,-58
212000158,6,14,-8
212000159,589,33,556
212000160,664,114,550
212000161,77,4,73
212000310,69,5,64
212000311,17,31,-14
212000374,52,4,48
213000001,17,439,-422
213000005,589,168,421
213000006,675,275,400
213000007,36,29,7
213000009,278,171,107
213000010,383,195,188
213000011,191,164,27
213000012,206,214,-8
213000014,74,15,59
213000015,310,17,293
213000016,431,3,428
213000017,104,0,104
213000018,0,11,-11
213000019,1,46,-45
213000020,163,110,53
213000021,4,61,-57
213000023,414,312,102
213000033,420,1227,-807
213000034,496,160,336
213000035,161,328,-167
213000045,289,310,-21
213000046,240,139,101
213000047,318,953,-635
213000056,156,36,120
213000069,133,9,124
213000073,1,55,-54
213000074,238,621,-383
213000075,692,9,683
213000076,7,1,6
213000085,3,17,-14
213000086,17,132,-115
213000091,424,10,414
213000092,49,14,35
213000099,218,1491,-1273
213000100,846,386,460
213000101,825,73,752
213000102,858,112,746
213000103,825,526,299
213000104,69,302,-233
213000105,63,1532,-1469
213000106,26,55,-29
213000107,143,212,-69
213000108,36,243,-207
213000109,7,103,-96
213000110,14,104,-90
213000111,8,69,-61
213000112,41,64,-23
213000115,69,7,62
213000116,77,537,-460
213000117,3,502,-499
213000118,1087,309,778
213000119,54,329,-275
213000120,98,174,-76
213000122,220,228,-8
213000123,170,452,-282
213000124,255,842,-587
213000125,196,86,110
213000126,15,152,-137
213000127,31,270,-239
213000128,97,1121,-1024
213000129,161,1122,-961
213000130,1294,565,729
213000132,734,161,573
213000133,1529,164,1365
213000134,1968,16,1952
213000136,645,21,624
213000137,772,67,705
213000139,126,9,117
213000147,19,17,2
213000148,23,12,11
213000149,72,21,51
213000150,1,362,-361
213000151,3,175,-172
213000152,1,122,-121
213000153,2,143,-141
213000154,86,316,-230
213000155,27,225,-198
213000156,93,297,-204
213000157,981,291,690
213000158,464,583,-119
213000159,885,286,599
213000163,1719,161,1558
213000165,919,379,540
213000171,1,26,-25
213000172,1,67,-66
213000173,4,83,-79
213000174,1,69,-68
213000175,15,29,-14
213000176,116,57,59
213000177,100,6,94
213000178,315,5,310
213000179,239,1,238
213000180,290,1,289
213000184,75,392,-317
213000188,554,77,477
213000189,608,36,572
213000190,624,486,138
213000191,619,202,417
213000192,373,134,239
213000193,480,271,209
213000194,1,91,-90
213000195,25,282,-257
213000196,222,1555,-1333
213000197,694,748,-54
213000198,17,1,16
213000200,79,419,-340
213000201,28,45,-17
213000202,39,473,-434
213000203,1855,381,1474
213000204,1109,33,1076
213000205,458,76,382
213000206,710,41,669
213000207,51,3,48
213000208,72,6,66
213000209,105,1,104
213000210,216,1,215
213000211,11,47,-36
213000212,28,33,-5
213000213,26,41,-15
213000218,420,394,26
213000219,1022,23,999
213000220,721,5,716
213000223,158,232,-74
213000224,12,82,-70
213000225,76,31,45
213000226,61,20,41
213000227,1291,175,1116
213000228,579,60,519
213000229,44,22,22
213000230,486,13,473
213000232,122,157,-35
213000233,3,342,-339
213000234,3,95,-92
213000293,16,58,-42
213000294,72,44,28
213000295,41,69,-28
213000296,73,13,60
213000297,16,79,-63
213000298,5,69,-64
213000299,55,8,47
213000300,3,7,-4
213000303,1,26,-25
213000304,4,23,-19
213000305,2,29,-27
213000306,39,242,-203
213000307,76,179,-103
213000308,94,161,-67
213000309,148,76,72
213000310,382,222,160
213000311,92,909,-817
213000315,103,178,-75
213000316,260,86,174
213000322,87,35,52
213000323,209,94,115
213000324,84,14,70
213000325,68,33,35
213000326,36,10,26
213000327,107,16,91
213000328,48,68,-20
213000329,138,35,103
213000340,160,172,-12
213000341,1069,101,968
213000346,165,324,-159
213000347,319,707,-388
213000348,4,602,-598
213000349,2,35,-33
213000350,289,837,-548
213000366,99,170,-71
213000367,517,22,495
213000379,50,281,-231
213000386,45,51,-6
213000406,146,108,38
213000417,1910,519,1391
213000425,345,72,273
213000426,183,59,124
213000427,80,82,-2
213000428,50,86,-36
213000429,4,14,-10
213000430,64,367,-303
213000431,14,3,11
213000432,1,120,-119
213000433,39,58,-19
213000434,154,105,49
213000435,178,148,30
213000436,54,43,11
213000437,2,4,-2
213000438,149,38,111
213000439,39,8,31
213000440,9,153,-144
213000441,4,1,3
213000442,3,12,-9
213000443,411,374,37
213000444,57,7,50
213000445,1,73,-72
213000446,0,67,-67
213000447,1,69,-68
213000448,19,188,-169
213000449,840,4,836
213000450,26,47,-21
213000451,332,42,290
213000452,13,18,-5
213000453,24,203,-179
213000455,95,0,95
213000456,0,218,-218
213000481,4,5,-1
213000482,33,4,29
213000489,141,44,97
213000491,6,212,-206
213000492,85,1,84
213000493,0,122,-122
213000494,337,122,215
213000495,0,19,-19
213000496,718,102,616
213000497,85,174,-89
213000498,174,101,73
213000499,271,139,132
213000500,721,85,636
213000501,263,54,209
213000502,165,168,-3
213000503,1,50,-49
213000504,14,27,-13
213000505,15,4,11
213000506,0,16,-16
213000507,5,89,-84
213900244,118,0,118
213900245,0,14,-14
218000003,12,19,-7
218000004,30,21,9
218000005,36,38,-2
218000006,80,52,28
218000007,14,22,-8
218000012,172,122,50
218000013,216,165,51
218000014,360,280,80
218000019,393,409,-16
218000020,178,306,-128
218000021,10,25,-15
218000022,33,9,24
218000023,16,7,9
218000024,0,4,-4
218000025,3,12,-9
218000026,4,15,-11
218000027,2,1,1
218000028,1,0,1
218000029,2,3,-1
218000030,7,6,1
218000031,3,7,-4
218000032,0,8,-8
218000040,4,13,-9
218000046,90,29,61
218000047,6,28,-22
218000048,62,33,29
218000049,52,37,15
218000050,161,103,58
218000051,91,59,32
218000052,0,25,-25
218000053,2,15,-13
218000054,3,28,-25
218000055,4,12,-8
218000056,10,18,-8
218000057,3,17,-14
218000064,0,14,-14
218000065,84,120,-36
218000066,9,24,-15
218000067,88,41,47
218000068,95,34,61
218000069,276,78,198
218000070,173,126,47
218000071,190,130,60
218000072,127,212,-85
218000078,1395,355,1040
218000079,245,47,198
218000080,186,64,122
218000081,749,112,637
218000082,117,68,49
218000083,142,27,115
218000084,235,71,164
218000085,210,148,62
218000086,118,66,52
218000087,246,97,149
218000090,20,88,-68
218000091,1215,446,769
218000092,164,101,63
218000093,116,50,66
218000094,517,400,117
218000099,285,636,-351
218000100,486,274,212
218000101,343,137,206
218000102,631,162,469
218000103,97,46,51
218000104,130,7,123
218000105,20,36,-16
218000106,15,11,4
218000107,126,19,107
218000108,1,22,-21
218000112,81,35,46
218000117,25,63,-38
218000134,683,268,415
218000135,8,69,-61
218000136,144,53,91
218000137,171,138,33
218000138,65,82,-17
218000139,163,203,-40
218000140,674,246,428
218000141,70,63,7
218000142,202,71,131
218000143,54,256,-202
218000144,21,206,-185
218000145,520,340,180
218000146,137,105,32
218000151,11,26,-15
218000152,67,43,24
218000153,9,6,3
218000154,6,2,4
218000155,38,4,34
218000156,102,5,97
218000157,47,12,35
218000158,8,9,-1
218000159,2,7,-5
218000160,5,6,-1
218000161,52,4,48
218000162,54,4,50
218000163,16,6,10
218000164,98,7,91
218000165,114,41,73
218000170,3,10,-7
218000171,52,8,44
218000172,10,10,0
218000173,10,16,-6
218000174,13,25,-12
218000176,230,54,176
218000177,360,139,221
218000178,63,119,-56
218000179,109,57,52
218000180,124,10,114
218000181,360,52,308
218000187,17,58,-41
218000188,16,104,-88
218000189,37,70,-33
218000190,16,19,-3
218000191,207,40,167
218000192,264,119,145
218000193,495,196,299
218000194,182,212,-30
218000195,164,47,117
218000196,302,182,120
218000197,544,172,372
218000198,25,25,0
218000199,54,5,49
218000200,42,21,21
218000201,13,81,-68
218000202,43,442,-399
218000207,5,13,-8
218000208,22,21,1
218000211,36,27,9
218000212,0,2,-2
218000213,79,54,25
218000214,2,7,-5
218000215,43,17,26
218000217,6,13,-7
218000218,67,13,54
218000219,1,60,-59
218000220,32,776,-744
218000221,371,186,185
218000222,2,67,-65
218000223,49,384,-335
218000224,9,241,-232
218000225,209,42,167
218000226,220,63,157
218000230,0,5,-5
218000232,60,51,9
218000239,119,5,114
218000240,2,3,-1
218000241,13,2,11
218000242,5,3,2
218000243,7,7,0
218000244,31,2,29
218000245,36,2,34
218000246,0,1,-1
218000247,0,0,0
218000248,0,15,-15
218000249,0,1,-1
218000250,8,4,4
218000251,3,39,-36
218000252,2,137,-135
218000253,0,75,-75
218000254,2,17,-15
218000255,1,6,-5
218000256,10,88,-78
218000267,372,946,-574
218000268,8,40,-32
218000269,0,14,-14
218000270,158,40,118
218000271,10,36,-26
218000273,31,0,31
218000274,4,2,2
218000275,35,53,-18
218000276,18,27,-9
218000278,6,70,-64
218000279,79,48,31
218000280,1,17,-16
218000281,15,29,-14
218000282,492,710,-218
218000284,44,2,42
218000301,75,88,-13
218000302,64,39,25
218000303,6,54,-48
218000316,1167,599,568
218000317,1710,609,1101
218000318,1129,287,842
218000319,1525,656,869
218000320,1407,506,901
218000338,23,125,-102
218000345,123,61,62
218000346,77,162,-85
218000459,15,65,-50
218000490,41,59,-18
218000501,75,59,16
218000502,84,24,60
218000503,113,29,84
218000504,122,21,101
218000505,19,91,-72
218000506,10,211,-201
218000508,1,3,-2
218000510,98,16,82
218000520,102,106,-4
218000521,7,30,-23
218000522,0,273,-273
218000523,160,4,156
218000524,10,715,-705
218000525,96,65,31
218000526,14,400,-386
218000529,43,111,-68
218000530,22,3,19
218000531,22,23,-1
218000532,31,14,17
218000534,191,15,176
218000537,6,59,-53
218000538,125,276,-151
218000540,79,60,19
218000543,238,42,196
218000544,48,34,14
218000545,100,63,37
218000546,20,45,-25
218000547,152,180,-28
218000548,66,78,-12
218000549,661,275,386
218000550,169,190,-21
218000551,99,541,-442
218000552,273,260,13
218000553,22,97,-75
218000554,40,75,-35
218000555,21,66,-45
218000556,189,114,75
218000557,546,231,315
218000558,74,0,74
218000559,0,14,-14
218000560,1,25,-24
218000561,12,0,12
218000562,34,111,-77
218000563,207,37,170
218000564,6,103,-97
218000565,58,85,-27
218000566,62,29,33
218000567,1,63,-62
218000568,5,0,5
218000569,3,441,-438
218000570,13,29,-16
218000571,1,114,-113
218000572,204,5,199
218000573,7,231,-224
218000574,24,23,1
218000575,112,1,111
218000576,1,80,-79
218000577,91,0,91
218000578,1,202,-201
218000579,5,21,-16
218000581,4,57,-53
218000582,72,7,65
218000583,13,0,13
218000584,1,36,-35
218000585,74,6,68
218000586,28,25,3
218000587,0,15,-15
218000588,0,7,-7
218000589,0,4,-4
218000590,7,0,7
218000591,2,4,-2
218000592,4,2,2
218000593,2,0,2
218000594,0,2,-2
218000597,0,0,0
218000598,0,0,0
218000599,0,2,-2
218000600,0,1,-1
218000601,0,5,-5
218000602,0,2,-2
218000603,0,1,-1
218000604,7,0,7
218000605,0,25,-25
218000606,97,1,96
218000607,11,51,-40
218000608,71,22,49
218000609,9,37,-28
218000610,73,6,67
218000611,41,0,41
218000612,3,33,-30
218000613,64,0,64
218000614,0,46,-46
218000615,181,6,175
218000616,2,118,-116
218000617,4,3,1
218000618,2,20,-18
218000619,37,20,17
218000620,1,25,-24
218000621,0,9,-9
218000622,0,62,-62
218000623,38,0,38
218000624,2,84,-82
218000625,2,1,1
218000626,0,16,-16
218000628,221,88,133
218000631,31,41,-10
218000632,1,144,-143
218000633,92,1,91
218000634,5,26,-21
218000635,8,27,-19
218000636,906,476,430
218000637,984,271,713
218000638,217,17,200
218000639,17,58,-41
218000640,392,15,377
218000641,75,94,-19
218000652,28,21,7
218000653,238,63,175
218000663,1,58,-57
218000675,38,118,-80
218000676,8,7,1
218000677,43,2,41
218000680,265,164,101
218000681,530,188,342
218000691,205,166,39
218000693,443,91,352
218000703,3,7,-4
218000718,28,205,-177
218000719,59,291,-232
218000720,2,212,-210
218000721,35,78,-43
218000725,7,6,1
218001147,1,54,-53
218001214,21,37,-16
218001258,158,5,153
218001329,119,117,2
218001330,105,145,-40
218001351,13,42,-29
218001352,6,61,-55
218001353,2,8,-6
218001354,3,43,-40
218001355,10,84,-74
218001356,642,47,595
218001357,12,28,-16
218001358,397,20,377
218001361,548,2,546
218001362,0,38,-38
219000001,23,43,-20
219000002,28,58,-30
219000003,67,28,39
219000004,75,58,17
219000017,50,76,-26
219000020,171,46,125
219000022,97,4,93
219000023,94,0,94
219000029,1,75,-74
219000034,32,15,17
219000039,77,251,-174
219000040,40,85,-45
219000041,95,28,67
219000051,1,46,-45
219000052,1,43,-42
219000053,0,54,-54
219000054,11,81,-70
219000055,283,0,283
219000056,3,0,3
219000057,44,0,44
219000062,19,107,-88
219000063,73,19,54
219000064,1,70,-69
219000110,178,135,43
219000111,96,65,31
219000112,211,39,172
219000113,172,24,148
219000114,118,62,56
219000116,168,41,127
219000117,170,84,86
219000118,186,79,107
219000123,175,42,133
219000124,72,37,35
219000125,9,5,4
219000126,30,100,-70
219000127,0,3,-3
219000128,31,113,-82
219000129,8,123,-115
219000130,206,653,-447
219000131,693,1271,-578
219000133,28,63,-35
219000134,19,35,-16
219000135,14,60,-46
219000136,65,169,-104
219000138,138,14,124
219000139,75,19,56
219000140,131,0,131
219000141,45,60,-15
219000142,8,43,-35
219000143,41,21,20
219000145,11,30,-19
219000146,7,12,-5
219000147,3,48,-45
219000148,1,4,-3
219000149,14,29,-15
219000150,0,38,-38
219000151,3,16,-13
219000157,230,83,147
219000158,231,147,84
219000161,141,9,132
219000163,1039,366,673
219000166,132,205,-73
219000167,125,106,19
219000168,163,91,72
219000174,563,131,432
219000175,126,8,118
219000176,178,5,173
219000177,96,5,91
219000178,69,0,69
219000179,70,11,59
219000180,27,23,4
219000182,231,10,221
219000183,159,36,123
219000184,121,4,117
219000185,0,16,-16
219000186,104,17,87
219000187,14,51,-37
219000189,30,168,-138
219000190,27,179,-152
219000191,166,1851,-1685
219000192,151,176,-25
219000193,134,129,5
219000195,0,72,-72
219000196,3,131,-128
219000198,17,51,-34
219000199,46,136,-90
219000200,84,124,-40
219000201,100,159,-59
219000203,28,126,-98
219000204,47,406,-359
219000205,31,249,-218
219000207,104,231,-127
219000209,39,12,27
219000210,15,149,-134
219000213,5,161,-156
219000239,137,181,-44
219000240,151,376,-225
219000241,159,187,-28
219000242,58,203,-145
219000243,150,240,-90
219000244,12,60,-48
219000245,17,33,-16
219000246,39,50,-11
219000247,203,33,170
219000248,426,509,-83
219000249,147,154,-7
219000250,188,159,29
219000251,525,230,295
219000252,360,126,234
219000253,331,69,262
219000255,184,184,0
219000256,346,70,276
219000257,174,0,174
219000262,62,67,-5
219000263,60,87,-27
219000267,4,35,-31
219000268,3,12,-9
219000269,3,2,1
219000270,15,1,14
219000271,218,6,212
219000278,0,20,-20
219000279,0,8,-8
219000283,0,13,-13
219000295,13,87,-74
219000296,88,201,-113
219000297,38,43,-5
219000298,46,33,13
219000299,412,99,313
219000300,41,72,-31
219000301,46,226,-180
219000302,28,122,-94
219000307,38,20,18
219000308,97,59,38
219000311,251,90,161
219000312,529,135,394
219000313,614,35,579
219000314,56,183,-127
219000315,392,43,349
219000316,690,53,637
219000317,222,24,198
219000320,12,62,-50
219000321,0,44,-44
219000323,16,82,-66
219000325,0,9,-9
219000326,54,70,-16
219000327,34,16,18
219000328,15,40,-25
219000329,197,125,72
219000330,22,38,-16
219000331,37,71,-34
219000332,191,116,75
219000333,35,3,32
219000335,87,3,84
219000337,21,0,21
219000338,28,0,28
219000344,12,57,-45
219000345,68,48,20
219000346,56,49,7
219000348,209,61,148
219000349,32,80,-48
219000350,68,444,-376
219000351,0,7,-7
219000352,214,92,122
219000353,90,61,29
219000354,292,97,195
219000355,173,49,124
219000356,376,2032,-1656
219000363,120,57,63
219000364,143,45,98
219000365,99,11,88
219000366,172,462,-290
219000368,274,546,-272
219000370,541,839,-298
219000371,6,20,-14
219000382,13,26,-13
219000383,191,1652,-1461
219000385,340,653,-313
219000386,630,1688,-1058
219000387,0,31,-31
219000390,4,2,2
219000391,3,0,3
219000397,73,31,42
219000398,59,58,1
219000401,30,64,-34
219000402,49,58,-9
219000403,61,189,-128
219000404,20,80,-60
219000407,8,19,-11
219000409,80,38,42
219000410,115,15,100
219000411,110,23,87
219000446,94,348,-254
219000447,0,26,-26
219000448,12,16,-4
219000452,71,89,-18
219000453,55,253,-198
219000454,159,343,-184
219000556,334,87,247
219000558,103,120,-17
219000590,27,134,-107
219000591,195,114,81
219000592,45,176,-131
219000595,5,6,-1
219000635,189,59,130
219000636,66,24,42
219000657,21,6,15
219000658,14,168,-154
219000673,1,43,-42
219000676,18,6,12
219000679,15,21,-6
219000684,94,12,82
219000685,2,52,-50
219000686,0,5,-5
219000688,0,23,-23
219000689,16,174,-158
219000690,180,26,154
219000691,13,197,-184
219000692,134,24,110
219000693,0,15,-15
219000694,6,0,6
219000695,43,4,39
219000698,14,0,14
219000699,0,61,-61
219000727,2,84,-82
219000728,95,0,95
219000770,39,1,38
219000771,1,107,-106
219000788,193,318,-125
219001150,0,34,-34
219001151,0,1,-1
219001166,31,55,-24
219001167,0,63,-63
219001178,33,0,33
220000001,59,129,-70
220000002,11,109,-98
220000003,242,174,68
220000004,353,270,83
220000005,554,1719,-1165
220000006,99,644,-545
220000007,410,208,202
220000008,300,427,-127
220000009,289,428,-139
220000010,128,61,67
220000011,417,3349,-2932
220000012,29,282,-253
220000014,142,86,56
220000015,138,557,-419
220000017,30,408,-378
220000018,7103,2369,4734
220000019,182,526,-344
220000020,626,159,467
220000021,1044,199,845
220000022,1327,302,1025
220000023,360,170,190
220000024,1025,604,421
220000025,744,1952,-1208
220000026,270,543,-273
220000027,49,176,-127
220000028,47,104,-57
220000029,36,57,-21
220000030,30,136,-106
220000031,723,492,231
220000064,40,1356,-1316
221000046,2,0,2
221000047,0,0,0
221000048,0,1,-1
221000049,0,13,-13
221000050,5,0,5
221000055,51,35,16
221000057,78,1,77
221000068,293,83,210
221000069,314,33,281
221000070,286,12,274
221000071,173,1,172
221000072,337,3,334
221000073,147,26,121
221000074,0,9,-9
221000075,26,47,-21
221000076,8,13,-5
221000077,4,95,-91
221000081,4,6,-2
221000082,64,1,63
221000083,10,5,5
221000084,24,17,7
221000085,19,47,-28
221000086,5,69,-64
221000087,10,80,-70
221000088,10,54,-44
221000089,36,128,-92
221000090,63,370,-307
221000098,133,9,124
221000099,182,23,159
221000100,105,12,93
221000101,135,12,123
221000102,122,12,110
221000109,16,89,-73
221000110,3,30,-27
221000111,16,131,-115
221000112,5,108,-103
221000113,9,101,-92
221000114,10,121,-111
221000120,35,55,-20
221000121,15,36,-21
221000122,20,59,-39
221000123,16,69,-53
221000124,18,112,-94
221000155,98,12,86
221000156,70,98,-28
221000175,3,21,-18
221000176,0,3,-3
221000182,33,9,24
221000241,369,316,53
221000242,146,424,-278
221000243,387,297,90
221000244,139,543,-404
221000245,130,79,51
221000246,49,290,-241
221000247,136,70,66
221000248,159,142,17
221000267,24,732,-708
221000325,32,108,-76
221000331,6,39,-33
221000338,25,28,-3
221000378,266,42,224
221000381,50,105,-55
222000282,3,1,2
222000296,1,8,-7
222000568,342,26,316
222000569,146,48,98
222000570,222,36,186
222000571,394,24,370
222000577,11,54,-43
222000578,7,62,-55
222000579,14,52,-38
222000580,40,409,-369
222000599,0,74,-74
222000600,1,146,-145
222000601,12,515,-503
222000603,12,53,-41
222000604,2,42,-40
222000605,2,63,-61
222000606,1,25,-24
222000607,3,1,2
222000608,19,17,2
222000609,47,94,-47
222000616,477,39,438
222000617,16,53,-37
222000618,2,2,0
222000620,22,29,-7
222000621,61,58,3
222000623,744,6,738
222000624,479,16,463
222000625,970,6,964
222000636,53,3,50
222000686,28,44,-16
222000687,49,45,4
222001066,315,1,314
222001067,31,0,31
222001068,73,15,58
222001069,124,36,88
222001082,24,15,9
222001083,57,10,47
222001084,0,45,-45
222001085,0,144,-144
222001111,67,54,13
222001112,221,39,182
222001313,10,24,-14
222001314,6,114,-108
222001464,203,48,155
222001465,13,80,-67
222001484,228,63,165
222001485,16,48,-32
222001494,749,160,589
222001495,150,101,49
222001496,449,123,326
222001497,101,147,-46
222001502,24,43,-19
222001503,139,21,118
222001504,33,206,-173
222001505,512,6,506
222001506,53,290,-237
222001507,212,15,197
222001510,683,10,673
222001511,66,184,-118
222001514,694,105,589
222001515,124,267,-143
222001518,528,49,479
222001519,73,60,13
222001527,172,106,66
222001528,21,111,-90
222001529,387,33,354
222001530,58,136,-78
222001533,108,98,10
222001534,489,68,421
222001535,299,310,-11
222001536,63,95,-32
222001537,436,43,393
222001538,58,402,-344
222001563,1198,83,1115
222001564,110,171,-61
222001568,188,198,-10
222001576,1,12,-11
222001579,2,10,-8
222001583,14,43,-29
222001584,125,45,80
222001596,594,1117,-523
222001597,1210,243,967
222001626,0,37,-37
222001650,39,84,-45
222001651,32,476,-444
222001914,258,48,210
222001915,64,254,-190
222001968,388,263,125
222001969,215,369,-154
222001970,137,366,-229
222001971,38,7,31
222001972,6,5,1
225000001,381,147,234
225000002,742,154,588
225000003,780,79,701
225000004,580,200,380
225000005,85,47,38
225000006,0,149,-149
225000007,982,1019,-37
225000010,265,14,251
225000011,285,1312,-1027
225000012,328,750,-422
225000013,108,91,17
225000014,485,94,391
225000015,95,107,-12
225000021,697,150,547
225000027,104,375,-271
225000032,678,145,533
225000042,58,496,-438
225000049,48,47,1
225000050,122,9,113
225000053,3,176,-173
225000058,527,190,337
225000067,188,155,33
225000068,77,163,-86
225000069,34,266,-232
225000070,124,226,-102
225000071,35,78,-43
225000075,17,470,-453
225000076,22,121,-99
225000078,47,33,14
225000085,120,94,26
225000086,408,97,311
225000087,205,22,183
225000088,6,206,-200
225000089,86,876,-790
225000090,66,316,-250
225000091,127,75,52
225000092,47,39,8
225000093,209,172,37
225000094,24,102,-78
225000095,249,256,-7
225000096,161,300,-139
225000098,856,305,551
225000099,576,143,433
225000100,519,133,386
225000104,83,268,-185
225000110,5,313,-308
225000111,208,623,-415
225000112,243,749,-506
225000113,188,469,-281
225000114,103,232,-129
225000115,783,482,301
225000116,491,149,342
225000117,753,340,413
225000118,1164,325,839
225000119,384,117,267
225000120,768,29,739
225000121,195,26,169
225000123,614,9,605
225000125,719,191,528
225000126,945,274,671
225000127,548,1673,-1125
225000128,491,1036,-545
225000132,567,16,551
225000133,274,25,249
225000134,903,152,751
225000135,98,9,89
225000136,517,17,500
225000137,279,46,233
225000138,461,85,376
225000143,41,155,-114
225000144,1,233,-232
225000145,45,17,28
225000146,55,19,36
225000147,37,79,-42
225000148,6,86,-80
225000149,18,181,-163
225000151,45,92,-47
225000155,218,241,-23
225000156,222,831,-609
225000157,396,317,79
225000158,41,135,-94
225000171,8,87,-79
225000180,34,8,26
225000181,0,58,-58
225000182,50,1,49
225000185,5,238,-233
225000187,43,246,-203
225000191,37,1,36
225000194,0,3,-3
225000208,4,51,-47
225000209,106,8,98
225000210,4,168,-164
225000217,0,4,-4
225000218,9,3,6
225000223,0,99,-99
225000224,31,1,30
225000225,0,81,-81
225000226,17,1,16
225000227,24,58,-34
225000228,13,10,3
225000229,0,32,-32
225000230,4,0,4
225000231,0,25,-25
225000232,180,1,179
225000241,112,5,107
225000242,0,35,-35
225000249,13,0,13
225000250,52,289,-237
225000251,571,61,510
225000256,0,0,0
225000257,0,0,0
226000042,115,249,-134
226000043,26,184,-158
226000044,67,308,-241
226000045,22,170,-148
226000046,620,80,540
226000047,447,132,315
226000048,462,150,312
226000049,456,295,161
226000070,0,10,-10
226000071,0,54,-54
226000072,0,15,-15
226000073,0,3,-3
226000074,0,23,-23
226000084,1,16,-15
226000085,2,5,-3
226000086,0,12,-12
226000087,1,38,-37
226000088,5,53,-48
226000090,66,122,-56
226000091,13,55,-42
226000092,0,22,-22
226000093,3,1,2
226000094,11,1,10
226000095,3,1,2
226000105,32,0,32
226000106,36,0,36
226000107,10,1,9
226000108,11,0,11
226000109,132,0,132
226000124,175,71,104
226000134,985,584,401
226000135,1753,631,1122
226000136,618,475,143
226000137,9,156,-147
226000138,33,79,-46
226000139,1,14,-13
226000156,360,10,350
226000157,300,7,293
226000163,130,124,6
226000202,5,153,-148
226000231,652,10,642
226000232,66,1,65
227000033,474,59,415
227000036,552,21,531
227000037,517,20,497
227000038,146,31,115
227000084,2,122,-120
227000085,1,59,-58
227000088,31,0,31
227000089,94,1,93
227000090,19,0,19
227000091,33,0,33
227000092,36,0,36
227000093,91,0,91
227000094,9,0,9
227000130,28,174,-146
227000131,21,134,-113
227000132,10,73,-63
227000133,9,94,-85
227000134,23,129,-106
227000152,0,7,-7
227000153,1,110,-109
227000154,0,36,-36
227000155,1,56,-55
227000156,0,22,-22
227000165,2,117,-115
227000196,460,93,367
227000199,553,197,356
227000230,11,172,-161
227000232,714,24,690
227000242,28,436,-408
227000243,382,61,321
227000245,8,205,-197
227000246,85,211,-126
227000247,490,52,438
227000248,115,90,25
227000249,34,244,-210
227000250,392,278,114
227000251,114,468,-354
227000252,37,142,-105
227000253,243,23,220
227000262,686,31,655
227000266,1549,41,1508
227000267,13,681,-668
227000282,0,67,-67
227000284,769,18,751
227000286,2,49,-47
227000287,10,67,-57
227000291,1,203,-202
227000484,179,7,172
227000485,9,668,-659
227000655,175,2,173
227000656,582,30,552
227000657,106,7,99
227000661,439,15,424
227000680,184,90,94
229000265,45,18,27
229000296,0,21,-21
229000297,1,24,-23
229000298,3,76,-73
229000320,7,9,-2
229000321,8,3,5
229000412,6,22,-16
229000414,12,28,-16
229000415,9,2,7
229000416,3,0,3
229000417,3,1,2
229000419,84,197,-113
229000440,251,82,169
229000442,11,18,-7
229000443,3,12,-9
229000444,0,16,-16
229000445,54,1,53
229000446,81,8,73
229000491,0,8,-8
229000492,8,10,-2
229000493,5,30,-25
229000494,54,1,53
229000495,113,4,109
229000496,88,3,85
229000507,0,34,-34
229000508,1,22,-21
229000509,1,44,-43
229000510,0,20,-20
229000511,0,10,-10
229000512,0,13,-13
229000513,0,2,-2
229000514,0,3,-3
229000517,5,1,4
229000518,12,4,8
229000519,1,1,0
229000520,6,18,-12
229000521,59,9,50
229000522,5,3,2
229000523,2,1,1
229000524,0,2,-2
229000527,0,0,0
229000528,0,0,0
229000529,7,1,6
229000530,80,4,76
229000531,13,0,13
229000532,14,1,13
229000533,49,1,48
229000534,26,0,26
229000564,63,2,61
229000565,14,0,14
229000566,0,0,0
229000567,0,28,-28
229000582,52,2,50
229000583,2,1,1
229000584,1,10,-9
229000585,2,40,-38
229000718,0,3,-3
229000719,0,3,-3
229000720,0,0,0
229000721,0,20,-20
229000722,0,11,-11
229000723,0,2,-2
229000724,0,7,-7
229000725,0,1,-1
229000738,0,0,0
229000739,0,0,0
229000740,3,0,3
229000741,27,0,27
229000742,13,0,13
229000743,23,0,23
229000744,2,0,2
229000745,0,0,0
229000746,11,0,11
229000847,34,0,34
229000848,8,1,7
229000849,48,3,45
229000851,36,1,35
229000854,0,7,-7
229000856,0,31,-31
229000857,0,0,0
229000858,0,10,-10
229000919,8,58,-50
229000930,0,257,-257
229000937,58,10,48
229000966,96,38,58
229000981,13,9,4
229000985,8,9,-1
229000986,0,4,-4
229000987,0,0,0
229000988,2,7,-5
229000989,9,0,9
229000990,4,5,-1
229000991,1,2,-1
229000992,34,2,32
229000993,139,8,131
229000998,4,33,-29
229000999,78,3,75
229001034,1,10,-9
229001035,6,0,6
229001037,88,1,87
229001042,17,16,1
229001047,6,27,-21
229001050,25,14,11
229001168,0,9,-9
229001200,6,36,-30
229001338,1,6,-5
229001394,157,14,143
229001422,148,22,126
229001423,23,77,-54
229001431,49,31,18
229001432,19,38,-19
229001444,244,31,213
229001445,38,75,-37
229001479,27,2,25
229001503,281,62,219
229001504,134,127,7
229001505,144,16,128
229001506,64,54,10
229001509,46,6,40
229001545,94,5,89
229001546,10,38,-28
229001553,86,8,78
229001554,20,49,-29
229001559,1,9,-8
229001560,6,39,-33
229001630,102,0,102
229001631,10,9,1
229001635,0,8,-8
229001636,1,0,1
229001658,1,96,-95
229001659,36,2,34
229001660,2,5,-3
229001661,7,36,-29
229001662,34,0,34
229001663,1,7,-6
229002584,144,135,9
229002831,53,70,-17
229002841,6,15,-9
229002842,20,28,-8
229002843,47,29,18
229002844,35,54,-19
229002845,4,82,-78
229002846,19,27,-8
229002847,3,19,-16
229002848,9,7,2
229002849,0,21,-21
229002850,34,1,33
229002851,29,86,-57
229002852,130,19,111
229002853,92,21,71
229002854,36,33,3
229002855,5,20,-15
229002856,23,5,18
229002857,17,53,-36
229002858,23,4,19
229002859,24,15,9
229002860,67,9,58
229002861,45,9,36
229002862,9,33,-24
229002863,25,31,-6
229002864,35,22,13
229002865,13,13,0
229002866,20,53,-33
229002867,2,12,-10
229002868,8,39,-31
229002869,14,64,-50
229002870,57,25,32
235000066,168,28,140
235000067,55,29,26
235000072,20,70,-50
235000073,64,269,-205
235000074,37,28,9
235000080,2,36,-34
235000081,96,46,50
235000082,125,12,113
235000083,221,14,207
235000084,43,51,-8
235000085,188,36,152
235000089,17,15,2
235000092,61,94,-33
235000093,15,28,-13
235000097,5,0,5
235000098,59,4,55
235000099,6,19,-13
235000116,11,7,4
235000117,265,9,256
235000133,9,514,-505
235000134,6,126,-120
235000206,3,8,-5
235000207,3,5,-2
235000208,1,0,1
235000209,2,1,1
235000210,5,1,4
235000212,1,9,-8
235000213,1,15,-14
235000220,3,4,-1
235000221,37,35,2
235000238,6,195,-189
235000239,0,46,-46
235000242,334,839,-505
235000245,243,148,95
235000246,11,52,-41
235000284,2,78,-76
235000295,85,35,50
235000305,207,31,176
235000306,425,11,414
235000307,32,5,27
235000308,3,0,3
235000309,52,1,51
235000310,38,0,38
235000311,447,11,436
235000322,0,10,-10
235000323,0,39,-39
235000324,0,33,-33
235000325,0,19,-19
235000326,8,47,-39
235000351,14,57,-43
235000352,3,23,-20
235000353,7,23,-16
235000354,16,28,-12
235000355,38,32,6
235000356,45,1,44
235000357,68,2,66
235000358,19,7,12
235000359,9,2,7
235000360,27,5,22
235000361,71,7,64
235000381,107,46,61
235000382,168,12,156
235000390,8,7,1
235000391,220,18,202
235000392,248,249,-1
235000393,135,124,11
235000395,137,68,69
235000396,521,66,455
235000400,84,105,-21
235000401,5,85,-80
235000405,158,127,31
235000406,41,83,-42
235000407,48,48,0
235000409,101,48,53
235000410,21,128,-107
235000411,1,19,-18
235000485,0,7,-7
235000486,11,0,11
235000549,80,36,44
235000550,140,72,68
235000599,185,26,159
235000600,6,28,-22
235000601,10,6,4
235000602,111,21,90
235000614,6,9,-3
235000648,0,2,-2
235000649,21,5,16
235000685,5,10,-5
235000815,19,61,-42
235000834,0,4,-4
235000855,42,27,15
235000862,34,44,-10
235000891,0,26,-26
235000892,13,1,12
235000901,28,33,-5
235000907,1,15,-14
235001010,79,7,72
235001029,114,161,-47
235001030,260,125,135
235001078,126,92,34
235001079,35,45,-10
235001147,0,105,-105
235001166,6,13,-7
235001167,56,28,28
235001169,18,200,-182
235001188,1,23,-22
235001189,4,2,2
235001197,4,27,-23
235001200,51,46,5
235001207,199,37,162
235001210,9,52,-43
235001215,27,76,-49
235001239,0,47,-47
235001244,0,6,-6
235016267,0,21,-21
277101746,0,1,-1
277102712,2,2,0
277103813,0,1,-1
277103898,0,0,0
277104249,0,2,-2
277104250,0,6,-6
277104251,0,1,-1
277104252,0,2,-2
990011530,1,305,-304
990014944,4,201,-197
990015176,168,1,167
990015618,0,128,-128
990016032,1,237,-236
990032570,0,20,-20
990070001,61,2,59
990070103,0,5,-5
990070601,0,45,-45
990070751,1970,6,1964
990070766,0,122,-122
990071180,471,151,320
990071343,25,0,25
990071387,0,4,-4
990071823,392,12,380
990072600,2,770,-768
990072964,0,187,-187
990073285,0,1,-1
990074393,2,342,-340
990074870,1839,13,1826
990075106,627,1,626
990075746,824,13,811
990076437,2930,2,2928
990076458,0,214,-214
997000007,309,2,307
997000041,1,311,-310
997000058,54,0,54
997000062,6,0,6
997000069,0,2,-2
997000070,0,23,-23
997000100,92,0,92
997000141,0,204,-204
997000198,13,277,-264
998000475,0,2,-2
998000736,0,96,-96
998000965,0,10,-10
998001031,0,59,-59
998001700,0,30,-30
998001899,0,1,-1
998001900,4,1,3
998003073,1087,12,1075
998101900,0,0,0
998102850,4,277,-273
998501927,338,862,-524
998501929,93,3,90
998501930,43,0,43
998501931,165,3,162
998501932,4,0,4
998501933,42,6,36
998501937,11,0,11
998501944,8,2,6
998501950,1,71,-70
998501970,97,1,96
998501971,0,59,-59
998501973,1,26,-25
998501974,3,100,-97
998501975,85,1,84
998501976,323,1,322
998501977,4,21,-17
998501978,10,0,10
998501979,0,4,-4
998501980,76,1,75
998501981,45,26,19
998501982,0,119,-119
998501983,1,88,-87
998502006,0,0,0
998502024,0,2,-2
998502032,0,1,-1
998502062,4,0,4
998502063,0,0,0
998502173,13,0,13
998502269,0,1,-1
998502546,1,226,-225
998502578,0,0,0
998502599,11,265,-254
998601159,1,48,-47
998601292,1,36,-35
999033574,0,196,-196
999800001,42,12,30
999800002,0,1,-1
999800003,0,0,0
999800004,0,4,-4
999800005,0,13,-13
