ID,insum,outsum,diff
100000001,527,657,-130
100000002,4089,1181,2908
100000003,4450,2962,1488
100000004,1363,843,520
100000005,2145,3835,-1690
100000006,857,155,702
100000007,2513,700,1813
100000008,249,391,-142
100000009,661,232,429
100000010,143,47,96
100000011,1410,124,1286
100000012,249,737,-488
100000013,135,174,-39
100000014,517,235,282
100000015,1902,2088,-186
100000016,1145,1212,-67
100000017,904,704,200
100000018,1409,564,845
100000019,4273,1941,2332
100000020,1712,5374,-3662
100000021,4317,1986,2331
100000022,1802,1616,186
100000023,5025,1432,3593
100000025,1980,826,1154
100000028,1813,786,1027
100000029,184,203,-19
100000030,273,46,227
100000031,4748,6171,-1423
100000032,2393,2766,-373
100000033,840,1962,-1122
100000034,522,422,100
100000035,1677,1073,604
100000036,2376,1301,1075
100000037,630,450,180
100000038,2057,963,1094
100000039,688,167,521
100000040,153,184,-31
100000041,1030,438,592
100000042,1498,489,1009
100000043,1394,505,889
100000044,611,797,-186
100000045,723,1075,-352
100000046,673,881,-208
100000047,293,670,-377
100000048,450,640,-190
100000049,1738,1843,-105
100000051,507,931,-424
100000053,381,4,377
100000054,826,41,785
100000055,1941,258,1683
100000056,798,398,400
100000057,1953,638,1315
100000058,966,1079,-113
100000059,23,89,-66
100000060,383,312,71
100000061,2058,488,1570
100000062,1695,573,1122
100000063,776,220,556
100000064,1486,361,1125
100000065,374,829,-455
100000066,260,662,-402
100000067,477,634,-157
100000068,553,1627,-1074
100000069,340,1321,-981
100000072,292,821,-529
100000073,1130,1073,57
100000075,686,248,438
100000076,2017,1983,34
100000077,298,161,137
100000078,63,30,33
100000079,61,56,5
100000080,34,60,-26
100000081,124,169,-45
100000102,2600,1664,936
100000103,3195,1147,2048
100000104,4178,2063,2115
100000105,2797,1236,1561
100000106,2078,2016,62
100000107,603,807,-204
100000108,800,840,-40
100000109,3436,1206,2230
100000116,1798,902,896
100000117,71,98,-27
100000118,1897,893,1004
100000119,640,667,-27
100000121,286,389,-103
100000122,887,787,100
100000123,2991,3765,-774
100000124,7005,5797,1208
100000125,2749,899,1850
100000126,932,305,627
100000127,1550,280,1270
100000128,2175,1405,770
100000129,382,383,-1
100000130,456,457,-1
100000131,2387,2348,39
100000132,1068,2232,-1164
100000133,4985,2259,2726
100000135,493,966,-473
100000139,542,290,252
100000140,602,351,251
100000142,401,574,-173
100000143,1432,617,815
100000144,3483,805,2678
100000147,1039,2270,-1231
100000150,57,344,-287
100000151,1034,838,196
100000153,243,311,-68
100000154,140,150,-10
100000155,34,65,-31
100000156,472,285,187
100000157,106,86,20
100000158,248,92,156
100000159,363,430,-67
100000165,1779,799,980
100000169,324,410,-86
100000174,932,399,533
100000179,94,489,-395
100000180,1856,1117,739
100000181,652,185,467
100000188,79,197,-118
100000189,876,331,545
100000190,1234,817,417
100000191,614,490,124
100000192,51,120,-69
100000193,243,160,83
100000330,1396,768,628
100000355,345,502,-157
100000362,5699,3399,2300
100000363,3367,4776,-1409
100000364,338,178,160
100000365,5336,5140,196
100000366,6914,2949,3965
100000367,5078,4517,561
100000368,3011,1589,1422
100000369,1032,1603,-571
100000370,189,652,-463
100000376,121,103,18
100000379,2542,1227,1315
100000380,4784,2722,2062
100000384,5255,3819,1436
100000385,4622,3500,1122
100000386,7699,4318,3381
100000387,5005,4535,470
100000388,7263,5284,1979
100000389,6850,5076,1774
100000390,7808,5075,2733
100000391,6010,5934,76
100000392,4635,3039,1596
100000393,2984,3454,-470
100000394,9688,6813,2875
100000395,5442,3046,2396
100000396,10391,3252,7139
100000397,6465,4938,1527
100000398,11673,7689,3984
100000413,16,19,-3
100900002,10,49,-39
100900003,296,172,124
100900004,24,539,-515
100900005,122,18,104
100900006,25,153,-128
100900007,341,4,337
100900008,1,304,-303
100900009,85,170,-85
100900010,73,136,-63
100900011,83,237,-154
100900012,1,166,-165
100900013,676,12,664
100900014,4,9,-5
100900015,103,79,24
100900016,1,30,-29
100900017,736,52,684
100900018,0,26,-26
100900019,28,107,-79
100900020,258,13,245
100900021,312,1,311
100900022,17,30,-13
100900023,0,15,-15
100900024,839,1,838
100900025,14,33,-19
100900026,87,99,-12
100900027,311,1880,-1569
100900028,112,115,-3
100900029,83,9,74
100900030,3,31,-28
100900031,460,32,428
100900032,195,1,194
100900033,116,131,-15
100900034,310,5,305
100900035,623,2,621
100900036,11,1,10
100900037,84,162,-78
100900038,85,18,67
100900039,347,619,-272
100900040,382,646,-264
100900041,714,566,148
100900042,1171,256,915
100900043,0,15,-15
100900044,1926,407,1519
100900045,83,2,81
100900046,774,11,763
100900047,831,190,641
100900048,152,36,116
100900049,70,170,-100
100900050,4,11,-7
100900051,39,76,-37
100900052,243,53,190
100900053,286,26,260
100900054,21,91,-70
100900055,232,505,-273
100900056,96,196,-100
100900057,466,1025,-559
100900058,169,43,126
100900059,157,10,147
100900060,125,5,120
100900061,411,269,142
100900062,4,43,-39
100900063,193,495,-302
100900064,539,16,523
100900065,88,92,-4
100900066,81,145,-64
100900067,2,13,-11
100900068,59,76,-17
100900069,562,6,556
100900070,313,7,306
100900071,867,265,602
100900072,0,33,-33
100900073,126,386,-260
100900074,7,9,-2
100900075,1250,301,949
100900076,8,15,-7
100900077,23,98,-75
100900078,82,229,-147
100900079,5,27,-22
100900080,23,157,-134
100900081,26,123,-97
100900082,110,584,-474
100900083,6,29,-23
100900085,4,98,-94
100900086,116,604,-488
100900088,87,492,-405
100900089,4,19,-15
100900090,86,267,-181
100900091,4,20,-16
100900092,204,152,52
100900093,185,316,-131
100900094,102,387,-285
100900095,2,33,-31
100900096,21,110,-89
100900097,3,3,0
100900098,17,14,3
100900099,34,459,-425
100900100,10,336,-326
100900101,316,67,249
100900102,22,54,-32
100900103,21,47,-26
100900104,8,114,-106
100900105,12,294,-282
100900106,45,3,42
100900107,1317,568,749
100900108,4,20,-16
100900109,44,27,17
100900110,5,30,-25
100900111,54,134,-80
100900112,3,21,-18
100900113,25,28,-3
100900114,21,20,1
100900115,2,39,-37
100900116,664,503,161
100900117,253,635,-382
100900118,13,41,-28
100900119,36,23,13
100900120,2,4,-2
100900121,244,464,-220
100900122,142,159,-17
100900123,64,176,-112
100900124,18,8,10
100900125,18,70,-52
100900126,174,192,-18
100900127,5,12,-7
100900128,54,107,-53
100900129,0,117,-117
100900131,68,164,-96
100900133,81,39,42
100900134,10,9,1
100900135,0,80,-80
100900137,291,154,137
100900138,477,395,82
100900139,3,2,1
100900140,9,386,-377
100900141,4,328,-324
100900142,5,12,-7
100900143,527,287,240
100900144,11,0,11
100900145,64,165,-101
100900146,17,45,-28
100900147,19,288,-269
100900148,57,614,-557
100900149,41,148,-107
100900150,8,54,-46
100900151,112,371,-259
100900152,124,8,116
100900153,9,143,-134
100900154,2,38,-36
100900155,5,16,-11
100900156,30,6,24
100900157,4,138,-134
100900159,4,25,-21
100900160,8,5,3
100900161,82,7,75
100900162,22,186,-164
100900163,198,209,-11
100900164,25,33,-8
100900165,5,57,-52
100900166,23,4,19
100900167,16,73,-57
100900168,47,129,-82
100900169,126,688,-562
100900170,32,8,24
100900171,11,428,-417
100900172,1,6,-5
100900173,13,378,-365
100900174,281,44,237
100900176,1132,122,1010
100900177,519,228,291
100900178,372,125,247
100900179,89,120,-31
100900180,12,7,5
100900181,141,76,65
100900182,34,24,10
100900184,19,116,-97
100900186,510,441,69
100900187,8,105,-97
100900188,32,8,24
100900189,694,186,508
100900191,1231,917,314
100900192,405,351,54
100900195,115,89,26
100900197,12,87,-75
100900198,15,188,-173
100900199,12,9,3
100900200,558,380,178
100900201,45,493,-448
100900202,88,0,88
100900203,1,109,-108
100900204,179,230,-51
100900205,146,413,-267
100900206,138,69,69
100900207,216,115,101
100900210,62,498,-436
100900211,331,106,225
100900213,58,33,25
100900214,634,149,485
100900215,9,50,-41
100900217,117,84,33
101000001,3907,2136,1771
101000002,3482,3798,-316
101000003,537,1417,-880
101000004,7410,6120,1290
101000005,3455,3920,-465
101000006,5400,5749,-349
101000007,1793,2589,-796
101000008,3733,2543,1190
101000009,2078,1542,536
101000010,852,1111,-259
101000011,1401,542,859
101000012,1516,655,861
101000013,567,931,-364
101000014,514,661,-147
101000015,984,730,254
101000016,346,371,-25
101000017,466,460,6
101000018,3459,2295,1164
101000020,3298,954,2344
101000021,866,365,501
101000022,270,82,188
101000023,1701,647,1054
101000025,209,330,-121
101000026,457,16,441
101000027,1877,1801,76
101000028,1053,267,786
101000029,189,1424,-1235
101000030,2096,112,1984
101000031,1009,349,660
101000032,10286,3345,6941
101000033,2294,2541,-247
101000034,2617,1388,1229
101000035,793,399,394
101000036,1553,718,835
101000037,2993,1472,1521
101000039,2487,1916,571
101000040,3179,2962,217
101000041,9828,5689,4139
101000042,662,796,-134
101000043,7512,4977,2535
101000045,1780,726,1054
101000046,5044,1157,3887
101000047,3040,2024,1016
101000048,757,628,129
101000049,890,1267,-377
101000050,1913,1314,599
101000051,2135,1859,276
101000052,1766,766,1000
101000053,1321,1711,-390
101000054,1917,1295,622
101000055,1462,1261,201
101000056,55,88,-33
101000057,2000,914,1086
101000058,1385,1007,378
101000059,2551,1910,641
101000060,1427,464,963
101000061,1002,1124,-122
101000062,770,626,144
101000063,674,854,-180
101000064,1309,896,413
101000065,441,396,45
101000066,1058,715,343
101000067,1383,717,666
101000068,464,386,78
101000069,440,80,360
101000070,1383,776,607
101000071,1737,784,953
101000072,854,2774,-1920
101000073,822,704,118
101000074,6507,2707,3800
101000075,5422,3445,1977
101000077,1171,956,215
101000078,935,2051,-1116
101000079,833,412,421
101000080,734,399,335
101000081,1566,1441,125
101000082,3387,3233,154
101000083,2481,2176,305
101000084,1322,906,416
101000085,1471,1209,262
101000086,969,991,-22
101000087,885,1124,-239
101000088,1098,1132,-34
101000089,956,1518,-562
101000090,1884,1487,397
101000091,422,1108,-686
101000092,841,1039,-198
101000093,1318,812,506
101000094,864,1089,-225
101000095,405,617,-212
101000096,376,509,-133
101000097,461,346,115
101000098,467,531,-64
101000099,1219,1055,164
101000100,981,718,263
101000101,368,323,45
101000102,895,372,523
101000103,1101,439,662
101000104,305,496,-191
101000105,1475,459,1016
101000106,1164,635,529
101000107,215,302,-87
101000108,859,297,562
101000109,264,73,191
101000110,60,443,-383
101000111,177,276,-99
101000113,115,504,-389
101000114,9846,3537,6309
101000115,254,248,6
101000116,223,185,38
101000117,1439,555,884
101000119,60,51,9
101000120,112,30,82
101000121,76,52,24
101000122,160,74,86
101000123,91,101,-10
101000124,580,157,423
101000125,303,464,-161
101000128,629,339,290
101000130,265,270,-5
101000131,585,602,-17
101000132,576,968,-392
101000135,82,19,63
101000136,579,124,455
101000137,51,386,-335
101000141,1569,2090,-521
101000147,885,444,441
101000148,1452,21,1431
101000149,436,350,86
101000150,116,678,-562
101000151,185,68,117
101000152,265,274,-9
101000153,497,324,173
101000154,211,960,-749
101000155,261,158,103
101000156,40,251,-211
101000157,30,27,3
101000160,135,98,37
101000163,227,253,-26
101000164,440,299,141
101000165,245,370,-125
101000166,263,315,-52
101000168,733,311,422
101000252,1426,816,610
101000254,463,70,393
101000258,30,3,27
101000261,172,44,128
101000262,1035,1503,-468
101000263,228,754,-526
101000265,100,730,-630
101000266,318,294,24
101000269,56,7,49
101000290,1361,2661,-1300
101000293,35,97,-62
101000294,521,435,86
101000295,120,502,-382
101000301,641,324,317
101000304,2042,2208,-166
101000305,2762,1313,1449
101000328,157,310,-153
101900001,49,115,-66
101900002,0,7,-7
101900003,82,81,1
101900004,5,47,-42
101900005,3622,1647,1975
101900006,609,60,549
101900007,651,153,498
101900008,73,195,-122
101900009,26,458,-432
101900010,869,574,295
101900011,231,1088,-857
101900012,161,264,-103
101900013,926,172,754
101900017,8,129,-121
101900018,1226,222,1004
101900019,349,135,214
101900020,52,61,-9
101900021,1,48,-47
101900022,102,997,-895
101900023,93,193,-100
101900026,83,28,55
101900027,13,116,-103
102000001,2672,3373,-701
102000002,2712,1067,1645
102000003,3321,5081,-1760
102000004,7171,2758,4413
102000005,1206,1913,-707
102000006,1394,1669,-275
102000007,1326,3900,-2574
102000008,4376,1550,2826
102000009,5168,6717,-1549
102000010,5406,3254,2152
102000011,2606,2312,294
102000012,3159,3093,66
102000018,2670,2344,326
102000019,2302,1396,906
102000026,169,464,-295
102000029,184,160,24
102000030,88,277,-189
102000031,98,179,-81
102000032,325,286,39
102000033,178,375,-197
102000034,492,368,124
102000035,794,569,225
102000036,5,209,-204
102000037,242,47,195
102000038,187,284,-97
102000039,238,64,174
102000040,619,200,419
102000041,174,352,-178
102000042,154,219,-65
102000043,355,141,214
102000044,353,364,-11
102000045,693,830,-137
102000046,879,483,396
102000047,793,1045,-252
102000048,356,609,-253
102000049,1038,612,426
102000050,971,1145,-174
102000051,362,587,-225
102000052,1561,714,847
102000053,758,877,-119
102000054,519,863,-344
102000055,1000,832,168
102000056,739,1142,-403
102000057,1433,543,890
102000058,1066,1624,-558
102000059,1452,1443,9
102000060,1252,825,427
102000061,1577,1974,-397
102000062,1571,1085,486
102000063,1027,1220,-193
102000064,637,719,-82
102000065,50,130,-80
102000066,1228,919,309
102000067,2184,2905,-721
102000068,7939,2948,4991
102000069,59,1515,-1456
102000070,1939,50,1889
102000071,7559,8715,-1156
102000072,3127,4010,-883
102000073,1285,1372,-87
102000074,903,828,75
102000075,164,371,-207
102000076,269,568,-299
102000077,464,919,-455
102000078,943,1049,-106
102000079,255,310,-55
102000080,280,244,36
102000081,423,719,-296
102000082,808,339,469
102000083,551,327,224
102000084,211,290,-79
102000085,1504,1016,488
102000086,985,1103,-118
102000087,863,1811,-948
102000088,310,266,44
102000089,984,389,595
102000090,488,1142,-654
102000091,1320,498,822
102000092,483,907,-424
102000093,697,852,-155
102000094,1029,671,358
102000095,939,1053,-114
102000096,841,871,-30
102000097,759,923,-164
102000098,576,892,-316
102000099,780,659,121
102000100,930,1210,-280
102000101,1077,683,394
102000102,376,1603,-1227
102000103,1194,313,881
102000104,542,286,256
102000105,236,568,-332
102000106,759,582,177
102000107,944,634,310
102000108,569,185,384
102000109,545,621,-76
102000110,948,1255,-307
102000111,11,260,-249
102000112,182,108,74
102000113,18,33,-15
102000114,779,318,461
102000115,178,252,-74
102000116,471,339,132
102000117,316,361,-45
102000118,1406,1054,352
102000119,1970,577,1393
102000120,172,351,-179
102000121,734,374,360
102000122,394,718,-324
102000123,1319,841,478
102000124,983,971,12
102000125,770,666,104
102000126,587,565,22
102000127,1109,569,540
102000128,570,821,-251
102000129,1169,679,490
102000130,533,449,84
102000131,934,440,494
102000132,359,501,-142
102000133,1661,1664,-3
102000134,480,595,-115
102000135,661,752,-91
102000136,706,495,211
102000137,772,595,177
102000138,232,334,-102
102000139,121,295,-174
102000140,444,251,193
102000141,176,393,-217
102000142,347,299,48
102000143,151,388,-237
102000144,208,329,-121
102000145,281,326,-45
102000146,320,262,58
102000147,365,321,44
102000148,210,373,-163
102000149,137,399,-262
102000150,252,98,154
102000151,71,315,-244
102000152,138,135,3
102000153,1216,431,785
102000154,367,706,-339
102000155,126,329,-203
102000156,279,73,206
102000157,155,247,-92
102000158,543,434,109
102000159,882,300,582
102000161,3156,1662,1494
102000162,174,126,48
102000163,97,478,-381
102000164,964,1048,-84
102000165,382,118,264
102000166,92,137,-45
102000167,234,166,68
102000168,184,108,76
102000169,143,518,-375
102000170,463,126,337
102000171,269,127,142
102000172,193,306,-113
102000173,539,213,326
102000174,80,68,12
102000175,161,105,56
102000176,67,26,41
102000178,320,417,-97
102000179,430,236,194
102000180,649,444,205
102000181,572,571,1
102000182,498,587,-89
102000183,1525,1694,-169
102000184,1582,742,840
102000185,1986,1356,630
102000186,1056,1838,-782
102000187,638,1464,-826
102000188,740,1249,-509
102000189,2072,826,1246
102000190,691,2432,-1741
102000191,1132,426,706
102000192,959,1123,-164
102000193,64,149,-85
102000194,70,114,-44
102000195,335,355,-20
102000196,171,366,-195
102000197,515,359,156
102000198,206,709,-503
102000199,664,248,416
102000200,395,822,-427
102000201,826,367,459
102000202,9,80,-71
102000203,436,154,282
102000204,297,578,-281
102000205,769,414,355
102000206,556,496,60
102000207,577,385,192
102000208,345,376,-31
102000209,70,63,7
102000210,284,402,-118
102000211,522,355,167
102000212,248,4,244
102000213,8,289,-281
102000214,161,5,156
102000215,6,366,-360
102000216,47,36,11
102000217,11,110,-99
102000218,285,107,178
102000219,449,290,159
102000225,628,592,36
102000226,4311,1296,3015
102000227,78,2,76
102000228,0,105,-105
102000229,22,44,-22
102000230,258,438,-180
102000231,217,340,-123
102000232,27,139,-112
102000233,391,659,-268
102000234,142,1226,-1084
102000236,310,63,247
102000237,500,131,369
102000238,184,243,-59
102000240,587,590,-3
102000241,136,115,21
102000243,33,59,-26
102000245,31,119,-88
102000246,27,28,-1
102000247,1220,925,295
102000248,639,859,-220
102000249,188,159,29
102000250,119,351,-232
102000254,71,292,-221
102000266,25,233,-208
102000271,41,0,41
102000286,390,328,62
102000297,1498,906,592
102000299,0,0,0
102000301,0,0,0
102000303,0,0,0
102000305,0,0,0
102000307,0,4,-4
102900001,1135,950,185
102900002,353,57,296
102900003,73,204,-131
102900005,295,349,-54
102900006,501,143,358
102900007,439,33,406
102900008,196,74,122
102900009,521,202,319
102900010,791,510,281
102900011,1769,282,1487
102900012,336,64,272
102900013,23,59,-36
102900015,645,406,239
102900016,56,160,-104
102900017,137,528,-391
102900018,31,169,-138
102900019,335,299,36
102900020,93,25,68
102900021,16,113,-97
102900022,641,148,493
102900023,15,34,-19
102900024,38,51,-13
102900025,269,108,161
102900026,347,1537,-1190
102900027,66,69,-3
102900028,177,631,-454
102900029,165,151,14
102900030,400,248,152
102900031,192,170,22
102900032,83,109,-26
102900033,106,177,-71
102900034,412,104,308
102900035,100,279,-179
102900036,244,441,-197
102900037,232,516,-284
102900038,384,519,-135
102900039,20,434,-414
102900040,121,237,-116
102900041,69,173,-104
102900042,170,232,-62
102900043,173,285,-112
102900044,542,2101,-1559
102900045,109,612,-503
102900046,159,236,-77
102900047,78,558,-480
102900048,689,536,153
102900049,113,332,-219
102900050,261,247,14
102900051,198,145,53
102900053,361,623,-262
102900054,639,1008,-369
102900055,69,172,-103
102900056,98,367,-269
102900057,10,37,-27
102900058,307,43,264
102900059,22,66,-44
102900060,120,411,-291
102900061,162,467,-305
102900062,139,858,-719
102900063,926,540,386
102900064,173,348,-175
102900065,1735,423,1312
102900066,324,37,287
102900068,143,105,38
102900070,161,432,-271
102900072,22,39,-17
102900073,144,6,138
102900075,45,39,6
102900076,150,82,68
102900077,27,52,-25
102900078,35,86,-51
102900079,132,21,111
102900080,276,50,226
102900081,78,258,-180
102900082,3,223,-220
102900083,244,15,229
102900084,10,37,-27
102900085,360,144,216
102900086,16,42,-26
102900087,56,67,-11
102900088,15,26,-11
102900089,215,150,65
102900090,2,257,-255
102900091,174,3,171
102900092,195,752,-557
102900094,1,58,-57
102900095,88,1,87
102900096,47,33,14
102900097,1,81,-80
103000001,2165,2765,-600
103000002,2062,2426,-364
103000003,3232,2749,483
103000004,842,725,117
103000005,1671,2672,-1001
103000006,582,1414,-832
103000007,372,685,-313
103000008,933,736,197
103000009,1002,929,73
103000010,147,135,12
103000011,1532,1299,233
103000012,1146,1476,-330
103000013,4286,1998,2288
103000014,1178,2338,-1160
103000015,1684,726,958
103000016,420,1129,-709
103000017,246,376,-130
103000018,640,377,263
103000019,301,256,45
103000020,2671,1538,1133
103000021,1869,1511,358
103000022,711,1063,-352
103000023,616,1450,-834
103000024,108,172,-64
103000025,113,536,-423
103000026,1099,131,968
103000027,341,439,-98
103000028,425,388,37
103000029,237,219,18
103000030,1702,878,824
103000031,1349,1545,-196
103000032,2125,1845,280
103000033,2832,2711,121
103000034,1385,1148,237
103000035,376,1346,-970
103000036,401,584,-183
103000037,638,488,150
103000038,475,994,-519
103000039,320,422,-102
103000040,521,912,-391
103000041,1529,2289,-760
103000042,1157,619,538
103000043,461,859,-398
103000044,172,184,-12
103000046,229,433,-204
103000047,566,746,-180
103000048,179,165,14
103000049,95,176,-81
103000050,581,506,75
103000051,318,559,-241
103000052,879,429,450
103000053,179,832,-653
103000054,2594,1601,993
103000055,2145,2101,44
103000056,589,1743,-1154
103000057,574,288,286
103000058,574,807,-233
103000059,388,680,-292
103000060,847,715,132
103000061,457,915,-458
103000062,1047,564,483
103000063,730,801,-71
103000064,147,203,-56
103000065,5,430,-425
103000066,201,12,189
103000069,441,446,-5
103000070,918,820,98
103000071,890,431,459
103000072,92,621,-529
103000073,498,98,400
103000074,546,84,462
103000075,74,629,-555
103000076,375,271,104
103000077,95,366,-271
103000078,1530,544,986
103000079,849,725,124
103000080,1459,415,1044
103000081,541,1156,-615
103000082,541,162,379
103000083,137,292,-155
103000084,156,7,149
103000085,2,124,-122
103000086,775,359,416
103000087,130,634,-504
103000088,271,252,19
103000089,243,447,-204
103000090,1630,795,835
103000091,660,492,168
103000092,271,315,-44
103000093,269,415,-146
103000094,162,84,78
103000095,78,341,-263
103000096,528,81,447
103000097,90,706,-616
103000098,925,163,762
103000099,280,613,-333
103000100,109,664,-555
103000101,643,128,515
103000102,103,539,-436
103000103,639,186,453
103000104,45,93,-48
103000105,94,95,-1
103000106,14,114,-100
103000107,203,47,156
103000108,697,545,152
103000109,370,331,39
103000110,471,395,76
103000111,508,343,165
103000112,304,174,130
103000113,607,580,27
103000114,1292,396,896
103000115,494,419,75
103000116,570,444,126
103000117,385,456,-71
103000118,859,824,35
103000119,1153,585,568
103000120,97,112,-15
103000121,1001,1095,-94
103000122,889,953,-64
103000125,10,283,-273
103000126,620,7,613
103000127,2,142,-140
103000128,138,5,133
103000129,3,108,-105
103000130,76,40,36
103000131,111,60,51
103000132,84,118,-34
103000133,16,96,-80
103000134,777,837,-60
103000135,630,339,291
103000136,782,493,289
103000137,622,593,29
103000138,891,812,79
103000139,4,85,-81
103000140,138,29,109
103000141,52,138,-86
103000142,188,83,105
103000143,70,216,-146
103000144,315,52,263
103000145,78,70,8
103000150,86,55,31
103000152,183,234,-51
103000153,231,144,87
103000156,5,324,-319
103000157,310,6,304
103000159,146,57,89
103000162,172,99,73
103000163,37,79,-42
103000164,81,21,60
103000165,122,293,-171
103000166,173,237,-64
103000167,172,108,64
103000168,90,163,-73
103000169,168,390,-222
103000170,710,407,303
103000171,24,64,-40
103000172,487,370,117
103000173,396,453,-57
103000174,139,329,-190
103000175,250,324,-74
103000176,713,535,178
103000177,515,444,71
103000178,218,299,-81
103000179,164,56,108
103000183,90,15,75
103000185,84,55,29
103000186,102,142,-40
103000187,414,410,4
103000188,11,79,-68
103000189,731,727,4
103000191,561,562,-1
103000292,1652,1360,292
103000293,833,1559,-726
103000295,78,78,0
103000296,253,4,249
103000297,46,16,30
103000504,60,6,54
103000505,23,21,2
103000506,2,288,-286
103000507,213,7,206
103000508,47,42,5
103000509,187,575,-388
103900001,0,220,-220
103900002,1192,157,1035
103900003,1308,71,1237
103900004,57,5,52
103900005,2,215,-213
103900006,2,1,1
103900007,41,1,40
103900008,3,0,3
103900009,242,502,-260
103900010,124,291,-167
103900011,200,155,45
103900012,2,20,-18
103900013,38,79,-41
103900014,20,27,-7
103900015,45,16,29
103900016,248,169,79
103900017,35,74,-39
103900018,612,168,444
103900019,43,283,-240
103900020,190,374,-184
103900021,554,82,472
103900022,998,717,281
103900023,114,2,112
103900024,124,259,-135
103900025,14,46,-32
103900026,122,0,122
103900027,660,260,400
103900028,20,244,-224
103900029,1082,190,892
103900030,236,102,134
103900031,18,7,11
103900032,66,66,0
103900033,86,14,72
103900034,29,144,-115
103900035,68,33,35
103900036,44,28,16
103900037,63,59,4
103900038,92,246,-154
103900039,50,345,-295
103900040,17,155,-138
103900041,30,43,-13
103900042,49,319,-270
103900043,125,59,66
103900044,95,177,-82
103900045,307,144,163
103900047,84,35,49
103900048,46,19,27
103900049,200,940,-740
103900050,12,105,-93
103900051,6,38,-32
103900052,183,364,-181
103900053,180,624,-444
103900054,107,328,-221
103900055,396,166,230
103900056,54,31,23
103900057,25,202,-177
103900058,217,661,-444
103900059,0,9,-9
103900060,31,230,-199
103900061,138,57,81
103900062,146,67,79
103900063,19,0,19
103900064,111,4,107
103900065,734,460,274
103900066,141,23,118
103900067,134,1,133
103900068,14,0,14
103900069,62,4,58
103900070,107,206,-99
103900071,19,105,-86
103900072,11,214,-203
103900073,25,35,-10
103900074,78,86,-8
103900075,170,71,99
103900076,330,497,-167
103900077,46,80,-34
103900078,251,97,154
103900079,98,205,-107
103900080,8,43,-35
103900081,92,27,65
103900082,10,114,-104
103900083,1530,720,810
103900084,73,113,-40
103900085,79,114,-35
103900086,457,292,165
103900088,339,401,-62
103900089,49,141,-92
103900090,1,127,-126
103900091,1191,237,954
103900092,585,332,253
103900093,94,324,-230
103900094,4,106,-102
103900095,311,185,126
103900096,30,226,-196
103900097,11,513,-502
103900098,141,94,47
103900099,47,129,-82
103900100,144,392,-248
103900101,67,1000,-933
103900102,1,22,-21
103900104,2,44,-42
103900105,80,231,-151
103900106,0,22,-22
103900107,65,249,-184
103900108,47,271,-224
103900109,80,72,8
103900110,170,49,121
103900111,73,528,-455
103900112,24,70,-46
103900113,148,196,-48
103900114,331,267,64
103900115,265,158,107
103900116,4628,2219,2409
103900117,152,93,59
103900119,21,90,-69
103900120,70,109,-39
103900122,97,262,-165
103900123,1419,553,866
103900124,47,421,-374
103900125,69,92,-23
103900126,331,408,-77
103900127,132,316,-184
103900128,149,118,31
103900131,33,98,-65
103900133,766,131,635
103900134,0,4,-4
103900135,6,7,-1
103900137,0,30,-30
103900138,70,283,-213
103900139,217,1428,-1211
103900140,4,71,-67
103900141,286,92,194
103900142,78,98,-20
103900143,22,0,22
103900144,0,40,-40
103900145,128,226,-98
103900146,283,180,103
103900147,293,114,179
103900148,190,273,-83
103900149,208,677,-469
103900150,5242,2748,2494
103900151,26,106,-80
103900152,455,500,-45
103900153,3,6,-3
103900154,749,1236,-487
103900155,30,231,-201
103900156,49,191,-142
103900157,54,196,-142
103900158,51,132,-81
103900159,136,70,66
103900160,73,31,42
103900161,97,182,-85
103900162,42,130,-88
103900163,6,432,-426
103900167,15,93,-78
103900168,86,82,4
103900169,55,35,20
103900170,0,125,-125
103900171,0,62,-62
103900172,4,18,-14
103900173,11,11,0
103900174,92,39,53
103900175,47,43,4
103900176,10,53,-43
103900177,7,115,-108
103900178,52,64,-12
103900179,66,106,-40
103900180,7,79,-72
103900181,80,38,42
103900182,43,15,28
103900184,455,57,398
103900185,206,286,-80
103900187,40,45,-5
103900188,46,15,31
103900189,90,6,84
103900190,45,40,5
103900191,43,38,5
103900192,19,58,-39
103900193,109,121,-12
103900194,42,178,-136
103900195,14,101,-87
103900196,25,39,-14
103900197,9,21,-12
103900198,12,35,-23
103900199,90,31,59
103900200,106,128,-22
103900201,100,206,-106
103900202,14,51,-37
103900203,68,12,56
103900204,2,91,-89
103900207,2,82,-80
103900208,164,1,163
103900209,6,73,-67
103900210,48,25,23
103900211,404,354,50
103900212,80,320,-240
103900213,64,319,-255
103900214,216,186,30
103900215,527,380,147
103900216,16,349,-333
103900217,414,31,383
103900218,5,406,-401
103900219,147,303,-156
103900233,50,5,45
103900235,47,14,33
103900236,41,1,40
103900242,13,60,-47
103900243,21,14,7
103900244,73,215,-142
103900245,104,204,-100
103900246,46,29,17
103900247,17,118,-101
103900248,56,55,1
103900249,36,48,-12
103900250,38,29,9
103900251,3,30,-27
103900253,37,63,-26
103900254,13,38,-25
103900255,8,25,-17
103900256,9,52,-43
103900257,180,128,52
103900258,80,2,78
103900259,102,7,95
103900261,5,19,-14
103900262,17,0,17
103900263,42,50,-8
103900264,95,64,31
103900265,164,51,113
103900266,1,38,-37
103900267,3,78,-75
103900268,8,91,-83
103900269,141,42,99
103900270,60,133,-73
103900271,6,86,-80
103900272,54,74,-20
103900273,33,40,-7
103900274,66,13,53
103900275,29,7,22
103900276,5,74,-69
103900277,3,54,-51
103900278,11,43,-32
103900279,0,23,-23
103900280,2,78,-76
104000001,1955,1788,167
104000002,1611,2491,-880
104000003,2218,1889,329
104000004,2580,2598,-18
104000005,1326,1703,-377
104000006,3073,2583,490
104000007,4127,3935,192
104000008,202,328,-126
104000009,172,87,85
104000010,141,215,-74
104000011,444,329,115
104000012,119,337,-218
104000013,204,185,19
104000014,173,628,-455
104000015,255,171,84
104000016,553,389,164
104000018,689,148,541
104000019,552,161,391
104000020,133,593,-460
104000021,231,639,-408
104000022,133,228,-95
104000023,527,320,207
104000024,256,325,-69
104000026,53,372,-319
104000027,279,349,-70
104000028,402,223,179
104000029,439,478,-39
104000030,301,237,64
104000031,1168,340,828
104000032,210,264,-54
104000033,530,505,25
104000034,281,309,-28
104000035,742,437,305
104000036,666,567,99
104000037,246,243,3
104000038,392,248,144
104000039,170,246,-76
104000040,289,346,-57
104000041,537,364,173
104000042,229,366,-137
104000043,348,398,-50
104000044,311,629,-318
104000045,1010,1073,-63
104000046,1324,1613,-289
104000047,797,1144,-347
104000048,893,1768,-875
104000049,467,296,171
104000050,182,565,-383
104000051,162,480,-318
104000052,1363,1502,-139
104000053,866,559,307
104000054,594,409,185
104000055,3493,2239,1254
104000056,1296,177,1119
104000057,134,464,-330
104000058,781,629,152
104000059,529,1119,-590
104000060,1015,1046,-31
104000061,1643,1187,456
104000062,329,130,199
104000064,428,334,94
104000065,183,549,-366
104000069,1084,943,141
104000070,47,395,-348
104000071,152,446,-294
104000072,460,176,284
104000075,37,181,-144
104000076,354,46,308
104000082,1899,3055,-1156
104000083,718,169,549
104000084,100,497,-397
104000085,274,239,35
104000086,226,391,-165
104000087,376,1388,-1012
104000090,633,1259,-626
104000092,998,2071,-1073
104000094,854,1415,-561
104000095,1697,1219,478
104000096,1376,207,1169
104000097,1396,856,540
104000098,1795,978,817
104000100,1571,651,920
104000101,1162,1722,-560
104000106,49,532,-483
104000107,582,503,79
104000108,342,459,-117
104000109,263,77,186
104000110,817,942,-125
104000111,3312,1894,1418
104000112,2249,596,1653
104000116,2,1017,-1015
104000117,138,606,-468
104000118,464,189,275
104000119,496,201,295
104000120,202,641,-439
104000121,187,648,-461
104000122,562,709,-147
104000123,731,987,-256
104000124,862,2225,-1363
104000125,3180,3460,-280
104000126,321,381,-60
104000127,1396,2872,-1476
104000128,649,492,157
104000129,417,49,368
104000130,17,270,-253
104000131,808,524,284
104000132,494,627,-133
104000133,1197,778,419
104000134,824,1365,-541
104000135,393,1460,-1067
104000136,774,3157,-2383
104000137,1533,358,1175
104000138,836,278,558
104000139,5828,2747,3081
104000141,1061,1282,-221
104000142,673,692,-19
104000143,547,549,-2
104000144,76,171,-95
104000145,382,207,175
104000146,310,561,-251
104000147,146,242,-96
104000148,278,126,152
104000149,157,304,-147
104000150,716,373,343
104000151,328,437,-109
104000152,476,494,-18
104000153,429,405,24
104000154,942,601,341
104000155,406,466,-60
104000157,879,1380,-501
104000158,426,437,-11
104000159,643,430,213
104000160,1497,1660,-163
104000161,159,199,-40
104000162,79,120,-41
104000165,1187,1056,131
104000167,522,703,-181
104000168,426,8,418
104000169,56,46,10
104000170,504,487,17
104000248,229,614,-385
104000251,69,270,-201
104000272,0,0,0
104000273,0,0,0
104000274,0,0,0
104000275,0,0,0
104000279,594,409,185
104000290,75,256,-181
104000291,571,1124,-553
104000293,640,612,28
104000294,25,0,25
104000295,579,748,-169
104000296,352,675,-323
104000297,934,1767,-833
104000298,2070,739,1331
104000299,666,1424,-758
104900001,174,351,-177
104900002,30,111,-81
104900003,32,271,-239
104900004,73,257,-184
104900005,170,155,15
104900006,226,99,127
104900007,226,185,41
104900009,162,360,-198
104900010,45,64,-19
104900011,9,8,1
104900012,262,34,228
104900013,107,15,92
104900014,2880,268,2612
104900015,106,3,103
104900016,215,193,22
104900017,202,147,55
104900018,7,166,-159
104900019,280,2250,-1970
104900020,46,250,-204
104900021,0,168,-168
104900022,13,138,-125
104900023,1,71,-70
104900024,16,65,-49
104900025,80,208,-128
104900026,2,64,-62
104900027,440,259,181
104900028,13,86,-73
104900029,33,69,-36
104900030,418,195,223
104900031,101,237,-136
104900032,41,107,-66
104900033,93,213,-120
104900034,329,150,179
104900035,274,164,110
104900036,201,73,128
104900037,111,177,-66
104900038,418,553,-135
104900039,609,322,287
104900040,473,96,377
104900041,210,122,88
104900042,122,196,-74
104900043,16,122,-106
104900044,481,208,273
104900045,430,53,377
104900046,104,77,27
104900047,238,98,140
104900048,236,81,155
104900049,29,24,5
104900050,288,48,240
104900051,234,57,177
104900052,31,1,30
104900053,389,74,315
104900054,83,24,59
104900055,68,0,68
104900056,130,9,121
104900057,44,1,43
104900058,478,126,352
104900059,289,52,237
104900060,1,316,-315
104900061,228,566,-338
104900063,0,69,-69
104900064,1,63,-62
104900065,2,182,-180
104900066,0,130,-130
104900067,2,340,-338
104900068,11,267,-256
104900070,200,300,-100
104900071,1,529,-528
104900072,47,287,-240
104900073,39,124,-85
104900074,52,231,-179
104900075,34,27,7
104900076,93,319,-226
104900077,651,197,454
104900078,203,480,-277
104900079,73,365,-292
104900080,84,456,-372
104900082,15,457,-442
104900085,1,165,-164
104900087,333,4,329
104900089,138,0,138
104900090,651,591,60
104900091,495,539,-44
104900093,243,518,-275
104900097,2146,1854,292
104900098,93,47,46
104900099,211,609,-398
104900100,387,192,195
104900102,30,102,-72
104900103,329,48,281
104900104,2668,1630,1038
104900106,79,118,-39
104900107,79,162,-83
104900108,16,155,-139
104900109,90,128,-38
104900110,4,62,-58
104900111,68,87,-19
104900112,222,680,-458
104900113,532,287,245
104900114,312,407,-95
104900115,544,403,141
104900116,189,185,4
104900118,27,60,-33
104900119,13,58,-45
104900120,44,182,-138
104900121,1,68,-67
104900122,4,36,-32
104900123,29,5,24
104900124,43,3,40
104900125,367,6,361
104900126,66,67,-1
104900127,36,91,-55
104900128,75,184,-109
104900129,1573,1394,179
105000001,2178,1606,572
105000002,1952,1477,475
105000003,2942,3210,-268
105000004,539,979,-440
105000005,771,942,-171
105000006,1292,1390,-98
105000007,977,1233,-256
105000008,1762,2352,-590
105000009,1745,2543,-798
105000010,3185,2467,718
105000011,2404,2145,259
105000012,3926,3084,842
105000013,900,980,-80
105000014,1623,1983,-360
105000015,8134,10038,-1904
105000016,3321,2090,1231
105000017,1609,840,769
105000018,1228,1293,-65
105000019,1436,914,522
105000020,155,382,-227
105000021,301,110,191
105000022,266,73,193
105000023,426,399,27
105000028,77,145,-68
105000029,392,905,-513
105000030,4046,2972,1074
105000031,0,13,-13
105000033,1262,1978,-716
105000034,110,597,-487
105000037,583,282,301
105000038,1469,1350,119
105000039,2642,1633,1009
105000040,658,855,-197
105000041,391,1084,-693
105000042,2430,1229,1201
105000043,1700,1851,-151
105000044,421,365,56
105000045,359,816,-457
105000046,795,342,453
105000047,457,1327,-870
105000048,569,163,406
105000049,193,579,-386
105000050,605,350,255
105000051,203,405,-202
105000052,527,714,-187
105000053,144,154,-10
105000054,312,707,-395
105000055,663,332,331
105000056,1072,1987,-915
105000057,1072,818,254
105000058,1119,1223,-104
105000059,622,523,99
105000060,451,572,-121
105000061,500,425,75
105000062,642,850,-208
105000063,251,559,-308
105000064,1075,768,307
105000065,309,624,-315
105000066,1033,1491,-458
105000067,1041,689,352
105000068,524,893,-369
105000069,1788,1279,509
105000070,635,697,-62
105000071,203,638,-435
105000072,850,1625,-775
105000073,736,522,214
105000074,1132,800,332
105000075,495,826,-331
105000076,1141,1076,65
105000077,2386,978,1408
105000078,1267,1243,24
105000079,1794,2919,-1125
105000080,1658,1087,571
105000081,3711,1323,2388
105000082,1089,1335,-246
105000083,4030,2584,1446
105000084,808,904,-96
105000085,1599,1477,122
105000086,454,933,-479
105000087,1401,1792,-391
105000088,1430,1558,-128
105000089,2876,1999,877
105000090,988,769,219
105000091,1443,1436,7
105000092,645,878,-233
105000093,262,202,60
105000094,200,201,-1
105000095,99,370,-271
105000096,1040,799,241
105000097,886,618,268
105000098,824,669,155
105000099,992,676,316
105000100,1023,1076,-53
105000101,1840,1704,136
105000102,1146,1165,-19
105000103,1236,1922,-686
105000104,2044,893,1151
105000105,1187,1893,-706
105000106,1227,1576,-349
105000107,1038,875,163
105000108,1126,1501,-375
105000109,1186,1494,-308
105000110,619,625,-6
105000111,597,717,-120
105000112,1035,728,307
105000113,394,678,-284
105000114,2560,1099,1461
105000115,255,1007,-752
105000116,674,489,185
105000117,805,1125,-320
105000118,589,341,248
105000119,570,1028,-458
105000120,892,485,407
105000121,720,1000,-280
105000122,353,566,-213
105000123,972,1181,-209
105000124,1396,747,649
105000125,634,1819,-1185
105000126,1787,1623,164
105000127,2060,1910,150
105000128,739,959,-220
105000129,859,288,571
105000130,316,2008,-1692
105000131,825,384,441
105000132,614,499,115
105000133,463,948,-485
105000134,497,492,5
105000135,483,652,-169
105000136,162,375,-213
105000137,357,213,144
105000138,235,437,-202
105000139,946,971,-25
105000140,292,503,-211
105000141,267,571,-304
105000142,159,466,-307
105000143,208,622,-414
105000144,270,827,-557
105000145,562,417,145
105000146,483,846,-363
105000147,483,353,130
105000148,1070,533,537
105000149,2074,1749,325
105000150,1936,1434,502
105000151,442,321,121
105000152,150,477,-327
105000153,491,537,-46
105000154,499,542,-43
105000155,382,724,-342
105000156,842,624,218
105000157,693,1241,-548
105000158,1531,656,875
105000159,221,825,-604
105000160,1496,496,1000
105000161,617,956,-339
105000162,452,1321,-869
105000163,1030,734,296
105000164,174,209,-35
105000165,915,4099,-3184
105000166,4345,738,3607
105000167,1751,1091,660
105000168,325,575,-250
105000169,425,328,97
105000170,198,1240,-1042
105000171,904,242,662
105000172,150,29,121
105000173,174,37,137
105000174,56,32,24
105000175,42,116,-74
105000176,255,112,143
105000177,267,154,113
105000178,87,373,-286
105000179,371,162,209
105000180,92,118,-26
105000181,76,277,-201
105000182,61,38,23
105000183,1834,1476,358
105000184,1438,798,640
105000185,1132,641,491
105000186,555,695,-140
105000187,707,149,558
105000188,465,96,369
105000189,283,410,-127
105000190,329,305,24
105000191,462,286,176
105000192,242,79,163
105000193,101,131,-30
105000194,317,104,213
105000195,219,693,-474
105000196,41,187,-146
105000197,199,527,-328
105000198,576,311,265
105000199,298,510,-212
105000200,130,169,-39
105000201,135,29,106
105000203,20,221,-201
105000204,93,98,-5
105000205,98,247,-149
105000207,475,223,252
105000208,187,398,-211
105000209,237,395,-158
105000211,95,7,88
105000212,1029,1153,-124
105000213,173,149,24
105000214,122,197,-75
105000215,262,176,86
105000216,118,272,-154
105000217,178,306,-128
105000218,1025,1125,-100
105000221,139,193,-54
105000222,534,59,475
105000223,285,143,142
105000226,75,205,-130
105000227,65,143,-78
105000228,299,1249,-950
105000229,180,322,-142
105000231,292,309,-17
105000233,737,599,138
105000234,445,1096,-651
105000235,317,515,-198
105000237,592,50,542
105000243,30,31,-1
105000248,87,72,15
105000262,329,1276,-947
105000269,103,222,-119
105000270,324,43,281
105000271,3,197,-194
105000282,92,45,47
105000287,318,87,231
105000288,499,340,159
105000289,3085,1704,1381
105000290,88,3,85
105000402,3321,2595,726
105000426,482,627,-145
105000438,4324,1461,2863
105000440,4,10,-6
105000446,10316,5168,5148
105000447,6740,2835,3905
105000454,340,660,-320
105000455,250,208,42
105000474,28,11,17
105000477,264,446,-182
105000478,1445,2966,-1521
105000479,131,120,11
105000480,8415,4813,3602
105000481,4018,2555,1463
105000482,5500,7467,-1967
105000483,1264,1461,-197
105000484,2044,3053,-1009
105000485,1455,2168,-713
105000486,3433,2464,969
105000488,10540,5405,5135
105000489,786,709,77
105000549,216,105,111
105000550,470,1410,-940
105000551,36,106,-70
105000552,2841,1815,1026
105000555,1137,824,313
105000556,38,25,13
105000557,27,102,-75
105900001,9,830,-821
105900002,1047,630,417
105900003,8,85,-77
105900004,175,116,59
105900005,2,225,-223
105900006,10,70,-60
105900007,53,16,37
105900008,47,598,-551
105900009,7,16,-9
105900011,173,46,127
105900012,369,99,270
105900013,5,34,-29
105900014,12,50,-38
105900015,132,202,-70
105900016,283,372,-89
105900017,971,41,930
105900018,116,142,-26
105900019,49,227,-178
105900020,35,34,1
105900021,20,122,-102
105900022,189,151,38
105900023,0,69,-69
105900024,11,74,-63
105900025,108,33,75
105900026,212,26,186
105900027,3432,4826,-1394
105900028,393,140,253
105900029,1305,280,1025
105900030,160,190,-30
105900031,299,206,93
105900032,48,119,-71
105900033,124,88,36
105900034,145,155,-10
105900035,100,109,-9
105900036,57,80,-23
105900037,73,66,7
105900038,121,279,-158
105900039,67,81,-14
105900040,93,96,-3
105900041,150,149,1
105900042,40,87,-47
105900043,1113,60,1053
105900044,1,199,-198
105900045,4,524,-520
105900046,2,168,-166
105900047,4,28,-24
105900048,90,501,-411
105900050,4022,1260,2762
105900051,19,712,-693
105900052,427,211,216
105900053,2654,2095,559
105900054,312,129,183
105900056,564,315,249
105900057,32,81,-49
105900058,10,13,-3
105900059,0,26,-26
106000001,4142,2015,2127
106000002,2416,4823,-2407
106000003,2481,3107,-626
106000004,1686,2705,-1019
106000005,2675,4630,-1955
106000006,4969,4350,619
106000007,387,569,-182
106000008,317,286,31
106000009,462,407,55
106000010,527,568,-41
106000011,834,904,-70
106000012,740,1346,-606
106000013,1372,1711,-339
106000014,1670,1641,29
106000015,1309,997,312
106000016,1226,2272,-1046
106000017,596,607,-11
106000018,524,553,-29
106000019,371,399,-28
106000020,255,330,-75
106000021,277,439,-162
106000022,367,234,133
106000023,552,296,256
106000024,539,648,-109
106000025,103,182,-79
106000026,172,251,-79
106000027,1074,1238,-164
106000028,591,559,32
106000029,839,1356,-517
106000030,692,368,324
106000034,164,618,-454
106000035,1003,1597,-594
106000036,207,398,-191
106000037,1829,1458,371
106000038,393,114,279
106000039,167,60,107
106000040,139,698,-559
106000041,706,423,283
106000043,565,192,373
106000046,330,60,270
106000047,52,384,-332
106000049,842,206,636
106000050,267,745,-478
106000051,544,361,183
106000052,96,562,-466
106000053,324,129,195
106000054,310,453,-143
106000055,879,1020,-141
106000056,256,439,-183
106000057,245,244,1
106000058,103,162,-59
106000059,206,265,-59
106000060,332,585,-253
106000061,175,437,-262
106000062,143,515,-372
106000063,598,494,104
106000064,57,395,-338
106000065,270,258,12
106000066,97,315,-218
106000067,249,108,141
106000068,46,572,-526
106000069,145,56,89
106000070,414,752,-338
106000071,889,274,615
106000072,2687,1474,1213
106000073,1615,2652,-1037
106000074,464,591,-127
106000075,296,1341,-1045
106000076,1787,2027,-240
106000077,3534,1436,2098
106000078,797,967,-170
106000079,573,901,-328
106000080,1057,663,394
106000081,578,1057,-479
106000082,2072,767,1305
106000083,343,1328,-985
106000084,953,662,291
106000085,1368,1353,15
106000086,596,821,-225
106000087,803,484,319
106000088,370,765,-395
106000089,762,412,350
106000090,233,544,-311
106000091,240,573,-333
106000092,628,237,391
106000093,342,125,217
106000094,95,289,-194
106000095,582,792,-210
106000096,755,610,145
106000097,933,870,63
106000098,674,1027,-353
106000099,190,683,-493
106000100,758,246,512
106000101,658,225,433
106000102,142,460,-318
106000103,262,505,-243
106000104,604,394,210
106000105,444,664,-220
106000106,494,372,122
106000107,120,373,-253
106000108,315,275,40
106000109,177,316,-139
106000110,214,287,-73
106000111,197,405,-208
106000112,226,428,-202
106000113,539,480,59
106000114,471,507,-36
106000115,198,510,-312
106000116,359,205,154
106000117,800,634,166
106000118,927,1127,-200
106000119,1431,912,519
106000120,672,942,-270
106000121,140,103,37
106000122,105,230,-125
106000123,337,160,177
106000124,66,263,-197
106000125,43,265,-222
106000126,285,131,154
106000127,685,830,-145
106000128,704,181,523
106000129,391,577,-186
106000130,616,369,247
106000131,130,824,-694
106000132,544,147,397
106000133,1903,1170,733
106000134,587,1222,-635
106000135,217,643,-426
106000136,491,800,-309
106000137,83,872,-789
106000138,806,94,712
106000139,68,167,-99
106000140,55,76,-21
106000141,86,69,17
106000142,56,68,-12
106000143,56,65,-9
106000144,42,61,-19
106000145,175,227,-52
106000146,351,156,195
106000147,374,411,-37
106000148,675,820,-145
106000149,460,267,193
106000150,407,1737,-1330
106000151,3188,727,2461
106000152,1206,1577,-371
106000153,93,1496,-1403
106000154,1248,203,1045
106000155,113,241,-128
106000156,554,242,312
106000157,538,1470,-932
106000158,1994,755,1239
106000159,2795,1663,1132
106000160,306,2217,-1911
106000161,1200,385,815
106000162,148,791,-643
106000163,237,392,-155
106000164,298,306,-8
106000165,157,511,-354
106000166,609,249,360
106000167,314,983,-669
106000168,385,226,159
106000169,154,589,-435
106000170,781,237,544
106000171,210,1006,-796
106000172,2192,1192,1000
106000173,1029,2264,-1235
106000174,783,358,425
106000175,276,777,-501
106000176,1136,598,538
106000177,616,2029,-1413
106000178,2528,1334,1194
106000179,990,2027,-1037
106000180,654,1144,-490
106000181,514,1492,-978
106000182,913,574,339
106000183,891,590,301
106000184,1218,564,654
106000185,733,896,-163
106000186,798,109,689
106000187,190,1015,-825
106000188,1,2,-1
106000189,12,47,-35
106000190,70,0,70
106000191,553,167,386
106000192,1,12,-11
106000193,296,199,97
106000194,127,305,-178
106000195,246,94,152
106000196,103,215,-112
106000197,396,238,158
106000198,120,200,-80
106000199,640,624,16
106000200,174,172,2
106000201,392,1934,-1542
106000202,3535,536,2999
106000203,67,167,-100
106000204,90,4,86
106000205,9,132,-123
106000206,96,31,65
106000207,44,624,-580
106000208,1099,182,917
106000209,1105,318,787
106000210,261,1019,-758
106000211,366,1175,-809
106000212,640,336,304
106000213,688,1366,-678
106000214,2426,551,1875
106000215,243,499,-256
106000216,258,327,-69
106000217,286,517,-231
106000218,538,364,174
106000219,110,382,-272
106000220,311,260,51
106000221,186,282,-96
106000222,34,88,-54
106000223,153,110,43
106000224,193,196,-3
106000225,68,78,-10
106000226,119,253,-134
106000228,43,102,-59
106000229,102,559,-457
106000231,701,130,571
106000232,67,351,-284
106000233,410,74,336
106000234,80,137,-57
106000235,426,81,345
106000236,132,49,83
106000237,4,13,-9
106000238,171,11,160
106000239,2,94,-92
106000240,67,1,66
106000241,20,681,-661
106000242,251,54,197
106000249,51,79,-28
106000250,39,468,-429
106000251,65,25,40
106000252,14,80,-66
106000253,30,50,-20
106000254,25,36,-11
106000255,11,115,-104
106000256,60,41,19
106000257,113,152,-39
106000258,197,5,192
106000259,7,41,-34
106000260,45,6,39
106000261,6,46,-40
106000262,58,14,44
106000263,6,76,-70
106000264,174,18,156
106000265,19,97,-78
106000266,105,20,85
106000267,2,57,-55
106000268,511,43,468
106000269,60,46,14
106000270,123,410,-287
106000271,45,223,-178
106000272,199,66,133
106000273,3,209,-206
106000274,156,48,108
106000275,169,256,-87
106000276,180,35,145
106000277,112,187,-75
106000278,162,31,131
106000279,17,40,-23
106000280,72,88,-16
106000281,71,58,13
106000282,61,62,-1
106000283,88,40,48
106000284,64,79,-15
106000285,95,79,16
106000286,87,127,-40
106000287,154,62,92
106000288,76,179,-103
106000289,74,51,23
106000290,67,97,-30
106000291,72,87,-15
106000292,127,114,13
106000293,83,78,5
106000294,112,106,6
106000295,49,37,12
106000296,37,120,-83
106000297,62,214,-152
106000298,129,52,77
106000299,70,116,-46
106000300,37,97,-60
106000301,56,80,-24
106000303,21,58,-37
106000304,43,27,16
106000305,32,41,-9
106000306,27,46,-19
106000307,50,15,35
106000308,29,92,-63
106000309,12,32,-20
106000310,312,555,-243
106000311,295,160,135
106000312,76,151,-75
106000313,139,135,4
106000318,131,265,-134
106000319,994,240,754
106000320,2,37,-35
106000321,365,63,302
106000322,159,180,-21
106000324,11,132,-121
106000325,1261,809,452
106000326,916,1659,-743
106000327,127,105,22
106000328,5,107,-102
106000329,78,214,-136
106000330,31,80,-49
106000428,107,225,-118
106000429,148,477,-329
106000430,317,1264,-947
106000431,1966,451,1515
106000432,2085,3052,-967
106000433,1886,1379,507
106000434,2690,1238,1452
106000435,1451,2493,-1042
106000436,15,191,-176
106000437,232,19,213
106000438,241,139,102
106000439,47,333,-286
106000440,220,462,-242
106000441,3,4,-1
106000442,135,6,129
106000443,136,303,-167
106000450,3,176,-173
106000451,39,60,-21
106000454,3,145,-142
106000455,14,188,-174
106000456,81,54,27
106000457,10,915,-905
106000458,631,132,499
106000459,368,337,31
106000460,1567,32,1535
106000461,85,1049,-964
106000462,8,51,-43
106000463,5,12,-7
106000464,5,382,-377
106000465,598,2,596
106000466,1,530,-529
106000467,372,462,-90
106000468,69,122,-53
106000469,196,1,195
106000470,247,1534,-1287
106000471,21,487,-466
106000472,134,17,117
106000473,36,32,4
106000474,259,518,-259
106000475,329,157,172
106000476,139,187,-48
106000477,43,142,-99
106000480,0,435,-435
106900001,0,14,-14
106900002,4,395,-391
106900003,218,753,-535
106900004,0,26,-26
106900006,0,11,-11
106900007,0,19,-19
106900008,283,210,73
106900009,284,259,25
106900010,241,250,-9
106900012,1565,1676,-111
106900013,407,144,263
106900014,23,0,23
106900015,20,1,19
106900016,261,5,256
106900017,4,1,3
106900018,0,0,0
106900019,17,3,14
106900020,1963,1175,788
106900021,194,83,111
106900022,654,4,650
106900023,86,255,-169
106900024,471,37,434
106900025,44,509,-465
106900026,0,533,-533
106900027,1024,6,1018
107000001,3821,2730,1091
107000002,3540,4858,-1318
107000003,4504,5852,-1348
107000004,4240,4670,-430
107000005,3377,4562,-1185
107000006,4202,4752,-550
107000007,4682,8917,-4235
107000008,10802,8527,2275
107000009,5644,6333,-689
107000010,10591,10196,395
107000011,1245,1281,-36
107000012,4277,3285,992
107000013,80,148,-68
107000014,37,369,-332
107000015,723,844,-121
107000016,620,945,-325
107000017,2808,989,1819
107000018,21,468,-447
107000020,1608,641,967
107000021,1248,520,728
107000022,920,1019,-99
107000023,1978,286,1692
107000024,557,1505,-948
107000025,212,356,-144
107000026,252,568,-316
107000027,1209,881,328
107000028,1169,1432,-263
107000029,2814,2417,397
107000030,2702,2918,-216
107000031,3276,2362,914
107000032,501,1050,-549
107000033,2724,4174,-1450
107000034,3030,1694,1336
107000035,292,227,65
107000036,361,1220,-859
107000037,105,751,-646
107000038,210,289,-79
107000039,690,586,104
107000040,178,309,-131
107000041,1354,661,693
107000042,681,1928,-1247
107000043,2444,1011,1433
107000044,514,270,244
107000045,100,258,-158
107000046,651,378,273
107000047,411,817,-406
107000048,473,364,109
107000049,496,708,-212
107000050,941,596,345
107000051,428,392,36
107000052,1043,913,130
107000053,328,170,158
107000054,73,335,-262
107000055,356,149,207
107000056,456,659,-203
107000057,1340,323,1017
107000058,2016,1961,55
107000059,2097,3279,-1182
107000060,3403,4617,-1214
107000061,4798,3404,1394
107000062,3257,2547,710
107000063,3863,5209,-1346
107000064,3955,1989,1966
107000065,4100,4905,-805
107000066,1454,2407,-953
107000067,945,1045,-100
107000068,1229,680,549
107000069,698,431,267
107000070,1360,35,1325
107000071,2813,53,2760
107000072,46,2741,-2695
107000073,889,333,556
107000074,246,1011,-765
107000075,1389,496,893
107000076,637,1451,-814
107000077,3018,1305,1713
107000078,2886,3413,-527
107000079,2286,995,1291
107000080,1153,2975,-1822
107000081,1454,580,874
107000082,543,1643,-1100
107000083,1178,437,741
107000084,366,1616,-1250
107000085,2585,3214,-629
107000086,3566,3507,59
107000087,2316,1793,523
107000088,3051,3761,-710
107000089,1277,1684,-407
107000090,846,1083,-237
107000091,976,705,271
107000092,603,1118,-515
107000093,908,755,153
107000094,999,1193,-194
107000095,689,679,10
107000096,510,921,-411
107000097,786,383,403
107000098,479,628,-149
107000099,419,347,72
107000100,234,304,-70
107000101,55,178,-123
107000102,327,336,-9
107000103,359,197,162
107000104,176,333,-157
107000105,312,156,156
107000106,158,328,-170
107000107,601,159,442
107000108,231,593,-362
107000109,769,175,594
107000110,87,600,-513
107000111,364,54,310
107000112,72,296,-224
107000113,545,118,427
107000114,107,595,-488
107000115,454,118,336
107000116,84,789,-705
107000117,131,576,-445
107000118,121,224,-103
107000119,1368,1564,-196
107000120,1440,467,973
107000121,711,745,-34
107000122,1073,1027,46
107000123,345,638,-293
107000124,473,984,-511
107000125,728,594,134
107000126,844,867,-23
107000129,347,732,-385
107000130,695,217,478
107000131,407,531,-124
107000132,531,335,196
107000133,1099,76,1023
107000134,289,9,280
107000135,4,240,-236
107000136,645,10,635
107000137,9,368,-359
107000138,445,33,412
107000139,18,364,-346
107000140,1224,102,1122
107000141,157,706,-549
107000142,367,107,260
107000143,117,659,-542
107000144,516,469,47
107000145,165,477,-312
107000146,152,271,-119
107000147,3719,1154,2565
107000150,618,1903,-1285
107000151,37,78,-41
107000152,418,1016,-598
107000153,134,347,-213
107000154,275,210,65
107000155,746,19,727
107000156,1053,9,1044
107000157,21,1384,-1363
107000158,559,29,530
107000159,41,1002,-961
107000160,781,100,681
107000161,79,1292,-1213
107000162,224,409,-185
107000163,425,5,420
107000164,704,0,704
107000165,729,6,723
107000166,64,1050,-986
107000167,485,282,203
107000168,870,439,431
107000169,825,925,-100
107000170,1481,686,795
107000171,527,1741,-1214
107000172,857,1338,-481
107000173,632,860,-228
107000174,809,3766,-2957
107000175,5986,1685,4301
107000176,4,4,0
107000177,8,0,8
107000178,11,60,-49
107000179,257,2370,-2113
107000180,1050,250,800
107000181,334,1247,-913
107000182,1526,820,706
107000183,169,762,-593
107000184,977,717,260
107000185,415,1350,-935
107000186,954,376,578
107000187,1139,1075,64
107000188,478,541,-63
107000189,391,859,-468
107000190,651,735,-84
107000191,769,1182,-413
107000192,1436,745,691
107000193,341,379,-38
107000194,770,679,91
107000197,769,285,484
107000198,303,741,-438
107000199,507,732,-225
107000200,580,575,5
107000201,416,218,198
107000202,273,430,-157
107000203,1426,559,867
107000204,1564,648,916
107000205,2039,959,1080
107000206,711,1005,-294
107000207,653,949,-296
107000208,877,366,511
107000209,1888,1039,849
107000210,702,319,383
107000211,3,26,-23
107000212,9,281,-272
107000213,3,16,-13
107000214,10,147,-137
107000215,245,352,-107
107000216,309,252,57
107000217,124,138,-14
107000219,86,154,-68
107000220,208,187,21
107000222,239,698,-459
107000224,332,90,242
107000225,152,459,-307
107000226,307,90,217
107000227,84,269,-185
107000228,65,205,-140
107000229,149,88,61
107000230,1081,528,553
107000231,1645,1320,325
107000232,98,30,68
107000233,1266,785,481
107000234,0,37,-37
107000235,56,2,54
107000236,10,391,-381
107000237,24,1,23
107000238,31,3,28
107000239,2539,445,2094
107000240,72,827,-755
107000243,0,75,-75
107000244,4,33,-29
107000246,2,968,-966
107000249,2,1054,-1052
107000251,2,305,-303
107000252,4,890,-886
107000255,313,69,244
107000257,1,433,-432
107000258,3,118,-115
107000259,3,188,-185
107000260,587,5,582
107000262,10,500,-490
107000263,178,4,174
107000266,6,19,-13
107000267,73,107,-34
107000268,172,124,48
107000269,509,56,453
107000270,4,13,-9
107000271,18,696,-678
107000272,13,129,-116
107000273,1,200,-199
107000274,769,127,642
107000275,63,480,-417
107000280,630,19,611
107000281,30,758,-728
107000282,13,786,-773
107000290,4,31,-27
107000291,20,9,11
107000292,3,53,-50
107000293,118,2,116
107000294,2,50,-48
107000295,62,3,59
107000296,0,19,-19
107000444,308,6,302
107000496,3,19,-16
107000497,1473,2336,-863
107000500,268,335,-67
107000501,91,169,-78
107000502,188,335,-147
107000505,393,753,-360
107000506,1,23,-22
107000508,9,537,-528
107000509,184,860,-676
107000510,35,14,21
107000514,31,293,-262
107000515,16,200,-184
107000516,263,222,41
107000518,874,1037,-163
107000519,1800,991,809
107000520,49,18,31
107000521,508,409,99
107000522,788,447,341
107900001,46,178,-132
107900002,59,7,52
107900003,366,17,349
107900004,13,1,12
107900005,1051,4,1047
107900006,113,0,113
107900007,210,42,168
107900008,48,18,30
107900009,77,3,74
107900010,32,5,27
107900012,222,28,194
107900013,206,51,155
107900014,27,2,25
107900015,756,5,751
107900016,373,86,287
107900017,18,2,16
107900018,40,105,-65
107900019,12,41,-29
107900020,85,12,73
107900021,43,141,-98
107900023,4,2,2
107900024,0,9,-9
107900025,152,229,-77
107900026,53,53,0
107900027,67,35,32
107900028,44,67,-23
107900030,143,14,129
107900031,31,86,-55
107900032,25,0,25
107900033,14,10,4
107900034,240,11,229
107900035,666,35,631
107900036,59,8,51
107900037,0,12,-12
107900038,132,182,-50
107900039,11,45,-34
107900040,30,45,-15
107900041,2,1,1
107900043,23,70,-47
107900044,6,8,-2
107900045,55,47,8
107900046,124,114,10
107900047,5,17,-12
107900048,142,5,137
107900049,312,960,-648
107900050,113,283,-170
107900051,52,52,0
107900052,57,38,19
107900053,22,81,-59
107900055,537,179,358
107900056,167,26,141
107900057,2,0,2
107900058,37,512,-475
107900060,91,37,54
107900061,15,8,7
107900063,54,112,-58
107900064,261,126,135
107900065,139,6,133
107900066,21,9,12
107900067,0,0,0
107900068,284,238,46
107900069,39,1327,-1288
107900070,117,20,97
107900071,16,622,-606
107900072,59,125,-66
107900073,100,79,21
107900074,761,206,555
107900076,116,58,58
107900077,59,2,57
107900079,2,20,-18
107900080,246,254,-8
107900081,22,113,-91
107900082,19,9,10
107900083,302,137,165
107900084,49,114,-65
107900086,42,89,-47
107900087,760,160,600
107900088,25,8,17
107900089,179,733,-554
107900090,371,1771,-1400
107900091,187,358,-171
107900093,69,74,-5
107900095,3443,2153,1290
107900097,24,78,-54
107900098,41,125,-84
107900100,948,1000,-52
107900101,1046,182,864
107900102,29,6,23
107900103,35,200,-165
107900104,168,6,162
107900105,0,342,-342
107900106,1,1111,-1110
107900107,625,371,254
107900108,311,116,195
107900109,931,6,925
107900110,23,66,-43
107900111,13,764,-751
107900112,92,289,-197
107900113,170,100,70
107900114,139,145,-6
107900115,0,34,-34
107900116,110,118,-8
107900117,320,338,-18
107900118,80,133,-53
107900119,50,178,-128
107900120,25,21,4
107900121,2,141,-139
107900122,6,53,-47
107900123,3,39,-36
107900124,13,18,-5
107900125,33,178,-145
107900126,6,47,-41
107900127,389,305,84
107900128,87,56,31
107900129,52,27,25
107900130,40,11,29
107900131,660,185,475
107900132,118,332,-214
107900133,1,90,-89
107900134,28,61,-33
107900135,6,155,-149
107900136,31,27,4
107900137,107,77,30
107900138,39,27,12
107900139,20,60,-40
107900141,45,31,14
107900142,39,677,-638
107900143,31,21,10
107900144,3,155,-152
107900145,1,52,-51
107900146,37,95,-58
107900147,24,40,-16
107900148,110,115,-5
107900149,822,219,603
107900150,102,581,-479
107900151,51,104,-53
107900152,5,138,-133
107900153,119,232,-113
107900154,47,39,8
107900155,33,79,-46
107900156,2,341,-339
107900157,36,59,-23
107900158,601,21,580
107900159,43,671,-628
107900160,125,170,-45
107900161,16,166,-150
107900162,1,42,-41
107900163,82,21,61
107900164,10,39,-29
107900165,15,56,-41
107900166,10,225,-215
107900167,85,34,51
107900168,17,21,-4
107900169,0,171,-171
107900171,20,1037,-1017
107900172,1,274,-273
107900173,6,147,-141
107900174,88,10,78
107900175,36,24,12
107900176,20,28,-8
107900177,0,65,-65
107900178,0,149,-149
107900179,12,84,-72
107900180,486,332,154
107900181,246,281,-35
107900182,3,1116,-1113
107900183,38,268,-230
107900184,72,183,-111
107900185,127,5,122
107900186,37,38,-1
107900187,0,90,-90
107900188,583,126,457
107900189,34,85,-51
107900190,49,85,-36
107900191,39,103,-64
107900193,3,48,-45
107900194,215,7,208
107900195,2308,392,1916
107900196,51,99,-48
107900197,728,258,470
107900199,0,977,-977
107900201,69,79,-10
107900203,20,75,-55
107900204,182,164,18
107900206,840,146,694
107900207,4,538,-534
107900208,8,510,-502
107900209,305,113,192
107900210,65,92,-27
107900213,439,398,41
107900214,18,120,-102
107900215,146,287,-141
107900216,154,51,103
107900217,30,76,-46
107900218,26,1189,-1163
107900219,26,66,-40
107900220,229,181,48
107900221,119,148,-29
107900223,63,438,-375
107900224,89,287,-198
107900225,5,584,-579
107900226,93,100,-7
107900227,119,388,-269
107900228,15,96,-81
107900229,4,225,-221
107900230,7,110,-103
107900231,6,192,-186
107900232,76,121,-45
107900233,8,161,-153
107900234,75,109,-34
107900235,29,58,-29
107900236,106,74,32
107900237,62,398,-336
107900238,32,96,-64
107900239,825,427,398
107900240,31,135,-104
107900241,10,63,-53
107900242,36,288,-252
107900243,2,59,-57
107900244,313,5,308
107900245,601,41,560
107900246,156,11,145
107900248,170,371,-201
107900249,458,21,437
107900250,0,422,-422
107900251,70,1118,-1048
107900252,641,13,628
107900253,118,3,115
107900254,65,305,-240
107900255,197,77,120
107900256,1046,456,590
107900257,160,90,70
107900258,77,138,-61
107900259,91,1350,-1259
107900261,10,276,-266
107900262,38,93,-55
107900264,336,11,325
107900265,92,134,-42
107900267,189,11,178
107900268,8,2,6
107900269,0,1,-1
107900270,0,0,0
107900271,0,3,-3
107900272,51,7,44
107900273,47,120,-73
107900274,54,0,54
107900275,20,0,20
107900276,0,65,-65
107900277,0,187,-187
107900278,200,350,-150
107900279,129,182,-53
107900280,1336,1690,-354
107900281,1202,2051,-849
107900282,22,315,-293
107900283,994,416,578
107900284,643,682,-39
107900285,95,62,33
107900286,135,67,68
107900287,120,180,-60
107900290,0,86,-86
107900291,407,8,399
107900292,86,187,-101
107900293,72,485,-413
107900295,35,30,5
107900297,3,262,-259
107900298,929,719,210
107900299,2687,1875,812
107900301,547,550,-3
107900302,88,57,31
107900303,200,322,-122
107900304,193,399,-206
107900305,254,17,237
107900306,12,23,-11
107900307,46,211,-165
107900308,163,81,82
107900309,158,5,153
107900310,307,4,303
107900311,1,236,-235
107900312,82,1,81
107900313,1,125,-124
107900314,2,29,-27
107900315,2,31,-29
107900316,33,0,33
107900317,138,11,127
107900318,11,99,-88
107900319,3,176,-173
107900320,1,130,-129
107900321,88,4,84
107900322,8,101,-93
107900323,7,135,-128
107900324,121,5,116
107900325,96,3,93
107900326,237,222,15
107900327,4,61,-57
107900328,139,1,138
107900329,163,87,76
107900330,6,283,-277
107900331,186,24,162
107900332,216,29,187
107900333,52,17,35
107900334,13,128,-115
107900335,66,44,22
107900336,43,70,-27
107900337,1077,708,369
107900338,0,195,-195
107900339,3,17,-14
107900340,1,45,-44
107900341,64,0,64
107900342,98,109,-11
107900343,52,1,51
107900344,6,40,-34
107900345,117,28,89
107900346,6,1,5
107900347,32,5,27
107900348,3,2,1
107900349,15,11,4
107900350,19,254,-235
107900351,9,164,-155
107900352,2,8,-6
107900353,13,13,0
107900354,28,38,-10
108000001,2714,3388,-674
108000002,2007,2863,-856
108000003,3093,3097,-4
108000004,12590,16441,-3851
108000005,7479,5756,1723
108000006,8759,8452,307
108000007,4495,4047,448
108000008,4671,6669,-1998
108000009,2893,4068,-1175
108000010,2765,4815,-2050
108000011,10907,10791,116
108000012,17477,16915,562
108000014,1350,754,596
108000015,783,334,449
108000016,362,748,-386
108000017,989,410,579
108000018,1571,638,933
108000019,1908,830,1078
108000020,1418,478,940
108000021,379,1612,-1233
108000022,466,1318,-852
108000023,1149,196,953
108000024,365,502,-137
108000025,237,252,-15
108000026,716,481,235
108000027,623,647,-24
108000028,917,339,578
108000029,591,866,-275
108000030,580,275,305
108000031,234,681,-447
108000032,1376,632,744
108000033,630,1201,-571
108000034,1256,475,781
108000035,541,2482,-1941
108000036,303,1081,-778
108000037,1286,366,920
108000038,2047,455,1592
108000039,530,2073,-1543
108000040,1477,847,630
108000041,591,2377,-1786
108000042,233,267,-34
108000043,183,320,-137
108000044,367,225,142
108000045,294,648,-354
108000046,1270,335,935
108000047,323,1020,-697
108000048,187,396,-209
108000049,938,301,637
108000050,142,578,-436
108000051,272,120,152
108000052,187,641,-454
108000053,368,197,171
108000054,463,898,-435
108000055,811,480,331
108000056,1121,1179,-58
108000057,528,1011,-483
108000058,1745,3332,-1587
108000059,3646,2072,1574
108000060,180,517,-337
108000061,270,459,-189
108000062,628,514,114
108000063,370,457,-87
108000064,172,266,-94
108000065,443,482,-39
108000066,1402,663,739
108000067,1420,403,1017
108000068,555,376,179
108000069,217,1035,-818
108000070,1552,733,819
108000071,727,1593,-866
108000072,1558,1106,452
108000073,1475,1973,-498
108000074,587,391,196
108000075,332,1020,-688
108000076,545,611,-66
108000077,583,648,-65
108000078,1898,1306,592
108000079,956,1881,-925
108000080,1151,491,660
108000081,504,1810,-1306
108000082,1022,1738,-716
108000083,1564,925,639
108000084,388,1158,-770
108000085,701,478,223
108000086,679,702,-23
108000087,128,1628,-1500
108000088,795,168,627
108000089,291,294,-3
108000091,200,489,-289
108000092,162,82,80
108000093,188,616,-428
108000094,554,105,449
108000095,181,389,-208
108000096,251,172,79
108000097,127,409,-282
108000098,1368,1149,219
108000099,1641,341,1300
108000100,106,474,-368
108000101,965,1293,-328
108000102,1535,2869,-1334
108000106,936,1,935
108000107,3,706,-703
108000108,1066,55,1011
108000109,10,662,-652
108000110,132,327,-195
108000111,137,564,-427
108000112,77,133,-56
108000113,530,253,277
108000115,281,238,43
108000117,664,313,351
108000118,515,1533,-1018
108000119,741,411,330
108000120,143,667,-524
108000121,195,433,-238
108000122,515,312,203
108000123,968,200,768
108000124,694,551,143
108000125,541,227,314
108000126,246,502,-256
108000127,436,302,134
108000128,618,594,24
108000129,502,1122,-620
108000130,447,245,202
108000131,876,491,385
108000132,2317,1521,796
108000133,690,504,186
108000134,551,638,-87
108000135,851,648,203
108000136,412,846,-434
108000137,344,321,23
108000138,395,942,-547
108000139,525,386,139
108000140,78,19,59
108000141,48,75,-27
108000142,50,107,-57
108000143,25,419,-394
108000144,349,92,257
108000145,35,26,9
108000146,501,56,445
108000147,28,20,8
108000148,410,81,329
108000149,28,12,16
108000150,22,5,17
108000151,764,97,667
108000152,126,457,-331
108000153,341,143,198
108000154,59,11,48
108000155,35,28,7
108000156,776,523,253
108000157,182,792,-610
108000158,92,682,-590
108000159,469,210,259
108000160,3200,990,2210
108000161,2384,1990,394
108000165,6,126,-120
108000172,3,323,-320
108000173,1841,1699,142
108000175,423,141,282
108000178,361,282,79
108000179,148,704,-556
108000181,65,47,18
108000182,292,114,178
108000183,197,607,-410
108000184,876,1811,-935
108000185,163,445,-282
108000186,293,436,-143
108000187,119,580,-461
108000188,431,254,177
108000189,1884,6214,-4330
108000190,33,133,-100
108000192,181,655,-474
108000193,923,16,907
108000194,41,12,29
108000195,1,1017,-1016
108000196,229,212,17
108000198,708,381,327
108000199,0,225,-225
108000200,576,459,117
108000203,111,672,-561
108000204,180,72,108
108000205,271,453,-182
108000339,1195,406,789
108000364,297,673,-376
108000365,71,295,-224
108000367,170,296,-126
108000368,9,59,-50
108000369,939,222,717
108000371,8,640,-632
108000372,725,13,712
108000373,302,221,81
108000376,99,28,71
108000377,349,300,49
108000378,8474,9308,-834
108000379,26,174,-148
108000381,54,12,42
108000382,219,1,218
108000383,1,187,-186
108900001,86,930,-844
108900002,167,48,119
108900003,272,740,-468
108900004,1398,475,923
108900007,199,204,-5
108900008,79,167,-88
108900009,57,119,-62
108900010,203,155,48
108900011,419,394,25
108900012,258,384,-126
108900013,115,254,-139
108900014,7,90,-83
108900015,0,47,-47
108900016,1,239,-238
108900017,210,385,-175
108900018,97,403,-306
108900019,25,673,-648
108900020,38,219,-181
108900021,97,217,-120
108900022,109,5,104
108900023,10,27,-17
108900024,30,121,-91
108900025,98,136,-38
108900026,27,103,-76
108900027,0,101,-101
108900028,102,357,-255
108900029,53,226,-173
108900030,0,119,-119
108900031,76,425,-349
108900032,12,210,-198
108900033,0,53,-53
108900034,0,222,-222
108900035,297,1362,-1065
108900038,0,253,-253
108900039,1,418,-417
108900040,8,138,-130
108900041,4980,2746,2234
108900042,4,265,-261
108900043,62,427,-365
108900044,5,482,-477
108900045,71,558,-487
108900046,62,665,-603
108900047,0,100,-100
108900048,122,985,-863
108900049,3575,1016,2559
108900050,1,273,-272
108900051,1,157,-156
108900052,20,232,-212
108900053,88,149,-61
108900054,81,202,-121
108900055,54,292,-238
108900056,1,148,-147
108900057,1,147,-146
108900058,32,377,-345
108900059,328,14,314
108900060,43,113,-70
108900061,100,37,63
108900062,4,219,-215
108900063,11,292,-281
108900064,131,47,84
108900065,13,222,-209
108900066,304,116,188
108900067,17,176,-159
108900068,2,133,-131
108900069,34,106,-72
108900070,57,110,-53
108900071,87,51,36
108900072,1656,561,1095
108900073,76,268,-192
108900074,148,393,-245
108900075,65,34,31
108900076,224,53,171
108900077,155,440,-285
108900078,21,148,-127
108900079,937,217,720
108900080,18,662,-644
108900081,35,203,-168
108900082,38,112,-74
108900083,28,268,-240
108900085,2009,161,1848
108900086,73,254,-181
108900087,124,166,-42
108900088,873,348,525
108900089,21,149,-128
108900090,21,264,-243
108900091,109,82,27
108900092,357,339,18
108900093,90,99,-9
108900094,160,74,86
108900095,47,356,-309
108900096,324,14,310
108900097,225,181,44
108900098,2201,585,1616
108900099,322,164,158
108900100,73,142,-69
108900101,173,114,59
108900102,101,596,-495
108900103,62,152,-90
108900105,6,1097,-1091
108900106,361,331,30
108900108,348,82,266
108900109,303,53,250
108900110,163,436,-273
108900111,397,599,-202
108900113,26,43,-17
108900114,58,9,49
108900115,60,63,-3
108900116,101,15,86
108900117,144,9,135
108900118,403,13,390
108900119,190,29,161
108900120,225,122,103
108900121,225,83,142
108900122,127,28,99
108900123,100,98,2
108900124,376,160,216
108900125,279,2,277
108900126,81,22,59
108900127,105,19,86
108900128,93,36,57
108900129,544,146,398
108900130,237,1,236
108900131,314,5,309
108900132,393,51,342
108900133,191,58,133
108900134,273,245,28
108900135,133,13,120
108900136,33,0,33
108900137,125,0,125
108900138,598,34,564
108900140,232,259,-27
108900141,224,8,216
108900142,126,23,103
108900143,35,0,35
108900144,59,1,58
108900145,148,7,141
108900146,54,0,54
108900147,150,0,150
108900148,45,38,7
108900150,246,4,242
108900151,294,2,292
108900152,249,0,249
108900153,111,351,-240
108900154,4073,536,3537
108900156,51,19,32
108900157,30,464,-434
108900158,322,32,290
108900159,14,264,-250
108900160,12,275,-263
108900161,12,419,-407
108900162,62,1,61
108900163,7,207,-200
108900164,57,85,-28
108900168,7554,2405,5149
108900169,36,108,-72
108900171,5446,2233,3213
108900172,148,37,111
108900173,207,316,-109
108900174,673,522,151
108900176,105,432,-327
108900177,5119,3636,1483
108900178,3477,2754,723
108900180,76,223,-147
108900183,160,216,-56
108900184,332,193,139
108900185,76,352,-276
108900186,30,305,-275
108900189,293,121,172
108900190,108,2761,-2653
108900192,61,192,-131
108900195,103,320,-217
108900196,38,311,-273
108900199,274,333,-59
108900200,580,346,234
108900201,439,1378,-939
108900203,395,85,310
108900204,334,24,310
108900205,117,23,94
108900206,438,43,395
108900207,151,73,78
108900208,23,280,-257
108900209,259,524,-265
108900210,157,185,-28
108900211,140,315,-175
108900212,672,1021,-349
108900215,101,450,-349
108900216,590,152,438
108900217,149,1,148
108900218,129,43,86
108900221,40,136,-96
108900224,26,161,-135
108900225,0,147,-147
108900227,96,195,-99
108900230,205,285,-80
108900232,3,237,-234
108900233,266,96,170
108900234,259,190,69
108900235,148,543,-395
108900236,29,280,-251
108900240,98,103,-5
108900241,20,26,-6
108900245,9,1019,-1010
108900250,182,104,78
108900258,4,197,-193
108900259,33,62,-29
108900260,7,101,-94
108900261,121,137,-16
108900262,135,130,5
108900263,33,137,-104
108900264,591,214,377
108900265,649,276,373
108900266,827,447,380
108900267,3,79,-76
108900268,12,5,7
108900269,68,10,58
108900270,38,8,30
108900271,29,4,25
108900272,191,6,185
108900273,1093,637,456
108900274,69,40,29
109000001,3743,1389,2354
109000002,2067,1494,573
109000003,2272,555,1717
109000004,456,2106,-1650
109000005,2403,777,1626
109000006,718,2021,-1303
109000007,1164,703,461
109000008,460,1754,-1294
109000009,3307,1295,2012
109000010,1426,3788,-2362
109000011,2707,1980,727
109000012,1868,3437,-1569
109000013,2882,2671,211
109000014,1644,3104,-1460
109000015,3326,6306,-2980
109000016,6349,3869,2480
109000017,1802,1303,499
109000018,984,3060,-2076
109000019,2341,1294,1047
109000020,1041,1932,-891
109000023,217,39,178
109000024,9,195,-186
109000025,308,419,-111
109000026,761,346,415
109000027,78,308,-230
109000028,90,92,-2
109000029,103,162,-59
109000030,96,501,-405
109000031,178,166,12
109000032,98,414,-316
109000033,426,183,243
109000034,65,33,32
109000035,21,63,-42
109000036,94,362,-268
109000037,162,943,-781
109000038,609,393,216
109000039,777,506,271
109000040,3604,6122,-2518
109000041,3394,1510,1884
109000042,706,1027,-321
109000044,314,67,247
109000045,92,372,-280
109000046,274,61,213
109000047,125,376,-251
109000048,712,170,542
109000049,325,544,-219
109000050,273,193,80
109000051,308,255,53
109000052,398,834,-436
109000053,173,66,107
109000054,144,420,-276
109000055,301,209,92
109000056,288,322,-34
109000057,363,391,-28
109000058,951,207,744
109000059,938,1290,-352
109000060,415,371,44
109000061,1019,765,254
109000062,85,256,-171
109000063,212,140,72
109000064,196,126,70
109000065,119,172,-53
109000066,307,99,208
109000067,54,266,-212
109000068,3574,20,3554
109000069,1042,27,1015
109000070,3,1140,-1137
109000071,316,89,227
109000072,88,324,-236
109000073,40,102,-62
109000074,50,189,-139
109000075,65,288,-223
109000076,138,233,-95
109000077,297,283,14
109000078,80,179,-99
109000079,139,148,-9
109000080,126,97,29
109000081,89,452,-363
109000082,528,218,310
109000083,256,654,-398
109000088,100,430,-330
109000089,225,47,178
109000090,126,333,-207
109000091,292,136,156
109000092,306,451,-145
109000093,187,215,-28
109000094,405,3,402
109000095,106,448,-342
109000096,557,273,284
109000097,77,155,-78
109000098,43,123,-80
109000099,1011,316,695
109000100,292,622,-330
109000101,1134,652,482
109000102,346,649,-303
109000103,342,709,-367
109000104,1301,618,683
109000105,461,1021,-560
109000106,1616,817,799
109000107,628,1763,-1135
109000108,1423,522,901
109000109,400,1601,-1201
109000110,1172,517,655
109000111,864,1826,-962
109000112,381,133,248
109000113,428,186,242
109000114,118,314,-196
109000115,1134,116,1018
109000116,11,283,-272
109000117,148,61,87
109000118,21,308,-287
109000119,975,263,712
109000120,162,758,-596
109000121,400,68,332
109000122,99,632,-533
109000123,36,57,-21
109000124,564,446,118
109000125,634,374,260
109000126,381,752,-371
109000127,599,231,368
109000128,390,1431,-1041
109000129,1645,588,1057
109000130,615,2056,-1441
109000131,697,497,200
109000132,633,1795,-1162
109000133,297,964,-667
109000134,793,1516,-723
109000135,1059,1480,-421
109000136,358,324,34
109000137,258,378,-120
109000138,509,293,216
109000139,459,460,-1
109000140,137,356,-219
109000141,374,368,6
109000142,138,428,-290
109000143,92,94,-2
109000145,94,383,-289
109000146,115,88,27
109000148,2914,1041,1873
109000149,12,46,-34
109000150,106,218,-112
109000155,670,464,206
109000156,1040,620,420
109000158,54,247,-193
109000159,90,403,-313
109000160,844,206,638
109000161,297,1013,-716
109000162,1528,673,855
109000163,768,1649,-881
109000164,1102,2348,-1246
109000165,938,539,399
109000166,592,119,473
109000167,115,514,-399
109000170,57,59,-2
109000171,81,44,37
109000172,51,77,-26
109000173,24,67,-43
109000174,90,68,22
109000175,47,76,-29
109000176,234,180,54
109000177,24,128,-104
109000178,590,318,272
109000179,4131,3916,215
109000180,4273,2764,1509
109000181,26,39,-13
109000182,41,36,5
109000183,23,29,-6
109000184,32,27,5
109000185,22,46,-24
109000188,362,1874,-1512
109000189,2217,885,1332
109000190,422,384,38
109000191,367,439,-72
109000192,271,177,94
109000193,147,337,-190
109000194,272,78,194
109000195,135,331,-196
109000196,261,115,146
109000197,136,390,-254
109000198,318,51,267
109000199,162,476,-314
109000206,224,28,196
109000207,121,20,101
109000208,74,56,18
109000209,157,130,27
109000210,168,439,-271
109000211,456,430,26
109000214,384,411,-27
109000215,180,89,91
109000216,226,224,2
109000217,196,102,94
109000218,244,171,73
109000221,565,1150,-585
109000222,970,236,734
109000223,265,242,23
109000224,43,143,-100
109000225,50,43,7
109000226,66,203,-137
109000227,673,795,-122
109000228,6,773,-767
109000231,1,275,-274
109000232,232,334,-102
109000236,205,824,-619
109000241,1960,2082,-122
109000242,1760,1346,414
109000293,25,69,-44
109000361,162,258,-96
109000364,141,429,-288
109000396,5,504,-499
109000397,440,7,433
109000399,136,432,-296
109000400,82,282,-200
109000403,146,733,-587
109000406,505,22,483
109000407,199,211,-12
109000408,2,478,-476
109000410,845,248,597
109000411,179,35,144
109900001,88,0,88
109900002,880,14,866
109900003,220,3,217
109900004,1134,128,1006
109900005,26,5,21
109900006,348,185,163
109900007,522,512,10
109900008,0,40,-40
109900009,107,431,-324
109900010,472,11,461
109900011,61,29,32
109900012,253,226,27
109900013,331,141,190
109900014,376,47,329
109900015,415,221,194
109900016,198,20,178
109900017,171,220,-49
109900018,172,52,120
109900019,230,35,195
109900020,30,77,-47
109900021,23,19,4
109900022,130,178,-48
109900023,67,9,58
109900024,41,6,35
109900025,20,66,-46
109900026,1,88,-87
109900027,43,58,-15
109900028,1473,729,744
109900029,4,281,-277
109900030,23,11,12
109900031,1,73,-72
109900032,6,298,-292
109900033,2,424,-422
109900034,21,4,17
109900035,6,14,-8
109900036,16,71,-55
109900037,25,451,-426
109900038,48,203,-155
109900039,16,1,15
109900040,24,486,-462
109900041,44,267,-223
109900042,27,381,-354
109900044,95,243,-148
109900045,324,88,236
109900046,37,98,-61
109900047,290,285,5
109900048,6,85,-79
109900049,16,34,-18
109900050,0,191,-191
109900051,1,60,-59
109900052,59,316,-257
109900053,6,280,-274
109900054,484,148,336
109900055,34,268,-234
109900056,47,199,-152
109900057,4,152,-148
109900058,1,73,-72
109900059,459,105,354
109900060,380,123,257
109900061,41,267,-226
109900062,0,171,-171
109900063,1,318,-317
109900064,430,222,208
109900065,93,118,-25
109900066,339,844,-505
109900067,0,252,-252
109900068,43,5,38
109900069,1,39,-38
109900070,34,299,-265
109900071,7,39,-32
109900072,19,112,-93
109900073,243,416,-173
109900074,12,32,-20
109900075,17,18,-1
109900076,10,341,-331
109900077,60,51,9
109900078,106,213,-107
109900080,102,228,-126
109900081,27,165,-138
109900082,33,286,-253
109900083,16,69,-53
109900084,60,148,-88
109900085,212,613,-401
109900086,99,270,-171
109900087,338,427,-89
109900089,539,218,321
109900090,369,903,-534
109900091,222,104,118
109900092,579,25,554
109900093,691,155,536
109900094,74,95,-21
109900095,86,160,-74
109900096,37,1,36
109900097,62,3,59
109900098,380,30,350
109900099,94,1,93
109900100,45,0,45
109900101,301,8,293
109900102,354,24,330
109900103,33,22,11
109900104,466,823,-357
109900105,415,18,397
109900106,277,64,213
109900107,321,80,241
109900108,59,256,-197
109900109,28,121,-93
109900110,82,295,-213
109900111,247,686,-439
109900112,302,505,-203
109900113,576,337,239
109900114,673,421,252
109900115,169,72,97
109900117,626,106,520
109900118,217,394,-177
109900119,524,296,228
109900120,86,49,37
109900121,330,455,-125
109900122,419,8,411
109900123,18,129,-111
109900124,35,481,-446
109900125,0,107,-107
109900126,179,86,93
109900128,180,54,126
109900130,5992,1821,4171
109900131,40,120,-80
109900132,25,138,-113
109900133,65,278,-213
109900134,60,85,-25
109900135,330,68,262
109900136,38,128,-90
109900137,77,299,-222
109900140,126,172,-46
109900142,978,249,729
109900145,5,392,-387
109900146,400,29,371
109900148,55,93,-38
109900149,48,81,-33
109900150,15,84,-69
109900151,3,57,-54
109900152,2,38,-36
109900153,0,63,-63
109900154,100,1,99
109900155,60,18,42
109900157,53,194,-141
109900158,45,130,-85
109900159,154,31,123
109900160,109,46,63
109900161,180,58,122
109900162,147,157,-10
109900163,516,238,278
109900164,81,190,-109
109900165,179,7,172
109900166,1,153,-152
109900167,128,423,-295
109900168,121,541,-420
109900169,158,150,8
109900170,170,577,-407
109900171,163,101,62
109900172,151,176,-25
109900173,2746,2065,681
109900174,60,137,-77
109900175,43,75,-32
109900176,75,121,-46
109900177,43,190,-147
109900178,8,115,-107
109900179,200,30,170
109900180,24,14,10
110000001,937,525,412
110000002,521,602,-81
110000003,766,729,37
110000004,444,613,-169
110000005,424,1356,-932
110000006,319,309,10
110000007,96,132,-36
110000008,11,57,-46
110000009,81,31,50
110000010,30,61,-31
110000011,35,58,-23
110000012,564,350,214
110000013,46,533,-487
110000014,549,455,94
110000015,266,533,-267
110000016,236,1255,-1019
110000017,2222,210,2012
110000018,2264,390,1874
110000019,14,101,-87
110000020,274,199,75
110000021,535,373,162
110000022,528,154,374
110000023,3,118,-115
110000024,685,306,379
110000025,182,4,178
110000026,4,249,-245
110000027,885,337,548
110000028,770,636,134
110000029,509,624,-115
110000030,208,347,-139
110000031,257,478,-221
110000032,687,438,249
110000033,331,63,268
110000034,342,629,-287
110000035,864,400,464
110000036,943,635,308
110000037,209,354,-145
110000038,199,596,-397
110000039,683,2504,-1821
110000040,306,253,53
110000041,246,1125,-879
110000042,140,278,-138
110000043,844,278,566
110000044,103,126,-23
110000045,765,112,653
110000046,19,17,2
110000047,250,23,227
110000048,28,32,-4
110000049,80,10,70
110000050,19,23,-4
110000051,122,6,116
110000052,33,32,1
110000053,79,3,76
110000054,149,201,-52
110000055,524,31,493
110000056,192,72,120
110000057,303,519,-216
110000058,979,441,538
110000059,806,554,252
110000060,643,936,-293
110000061,827,817,10
110000062,561,763,-202
110000063,25,85,-60
110000064,120,55,65
110000065,83,52,31
110000066,59,34,25
110000067,137,188,-51
110000068,305,214,91
110000069,158,73,85
110000071,102,111,-9
110000073,8,18,-10
110000075,12,89,-77
110000076,253,322,-69
110000077,387,695,-308
110000078,38,46,-8
110000080,282,669,-387
110000081,57,229,-172
110000082,88,323,-235
110000083,176,608,-432
110000084,1007,702,305
110000085,1868,1542,326
110000086,1279,1692,-413
110000087,29,56,-27
110000088,72,238,-166
110000089,182,100,82
110000090,76,188,-112
110000091,1017,353,664
110000092,36,58,-22
110000093,71,10,61
110000094,466,250,216
110000095,152,511,-359
110000096,2151,1690,461
110000097,988,1053,-65
110000098,1877,580,1297
110000099,758,1391,-633
110000100,586,413,173
110000101,29,354,-325
110000102,66,31,35
110000104,473,117,356
110000105,83,273,-190
110000106,576,330,246
110000107,302,358,-56
110000108,127,86,41
110000109,241,206,35
110000110,2731,3978,-1247
110000111,5067,2290,2777
110000112,1222,965,257
110000113,370,1895,-1525
110000114,116,601,-485
110000115,300,309,-9
110000116,40,37,3
110000117,140,242,-102
110000118,291,155,136
110000119,146,296,-150
110000120,301,174,127
110000121,71,321,-250
110000122,396,542,-146
110000123,408,516,-108
110000124,0,880,-880
110000125,983,5,978
110000126,280,30,250
110000127,1030,62,968
110000128,38,1225,-1187
110000129,4,494,-490
110000130,351,165,186
110000131,75,324,-249
110000132,4,657,-653
110000133,45,385,-340
110000134,18,340,-322
110000135,157,37,120
110000136,46,284,-238
110000137,505,584,-79
110000138,615,648,-33
110000139,604,1086,-482
110000140,810,545,265
110000143,551,372,179
110000144,4851,1448,3403
110000145,1786,642,1144
110000146,1469,589,880
110000147,287,446,-159
110000148,394,243,151
110000151,842,623,219
110000152,813,420,393
110000153,54,29,25
110000154,5,15,-10
110000155,1369,3561,-2192
110000156,1163,2110,-947
110000157,1372,1636,-264
110000160,311,217,94
110000161,181,242,-61
110000166,445,85,360
110000167,780,550,230
110000168,833,418,415
110000169,719,305,414
110000170,106,54,52
110000171,531,171,360
110000172,124,692,-568
110000173,1006,1215,-209
110000174,149,890,-741
110000175,469,70,399
110000176,93,232,-139
110000177,130,711,-581
110000178,418,1135,-717
110000179,1026,320,706
110000180,166,214,-48
110000181,316,420,-104
110000182,299,142,157
110000183,7944,5668,2276
110000184,449,1781,-1332
110000185,687,605,82
110000186,590,661,-71
110000191,756,364,392
110000192,432,6,426
110000193,1022,8,1014
110000194,15,1081,-1066
110000195,315,253,62
110000196,327,352,-25
110000197,85,147,-62
110000198,154,65,89
110000199,79,118,-39
110000200,1130,441,689
110000201,725,888,-163
110000202,1192,623,569
110000203,635,777,-142
110000204,10,230,-220
110000205,102,47,55
110000206,514,1248,-734
110000207,746,348,398
110000208,162,160,2
110000209,143,746,-603
110000210,842,560,282
110000211,676,710,-34
110000212,274,841,-567
110000213,182,67,115
110000214,216,112,104
110000215,160,333,-173
110000216,165,324,-159
110000217,174,162,12
110000218,97,279,-182
110000219,234,61,173
110000220,81,238,-157
110000221,266,55,211
110000222,65,174,-109
110000223,4,106,-102
110000224,61,7,54
110000225,188,656,-468
110000226,220,60,160
110000227,522,596,-74
110000228,270,320,-50
110000229,1,272,-271
110000230,488,559,-71
110000231,162,179,-17
110000232,186,155,31
110000233,231,232,-1
110000234,627,426,201
110000235,794,803,-9
110000236,506,780,-274
110000237,1745,1124,621
110000238,1165,1289,-124
110000239,1790,1190,600
110000240,0,64,-64
110000242,0,7,-7
110000243,105,133,-28
110000244,103,331,-228
110000245,28,303,-275
110000246,864,513,351
110000247,1107,4134,-3027
110000248,1860,1252,608
110000249,75,12,63
110000250,132,221,-89
110000251,270,518,-248
110000252,203,171,32
110000253,1105,591,514
110000254,583,1001,-418
110000255,176,769,-593
110000256,450,268,182
110000257,589,407,182
110000258,7,368,-361
110000259,90,19,71
110000260,11,213,-202
110000263,479,116,363
110000264,325,383,-58
110000265,959,1439,-480
110000266,1795,2331,-536
110000267,16,158,-142
110000268,289,349,-60
110000269,1,53,-52
110000270,43,1,42
110000271,1395,249,1146
110000272,924,824,100
110000273,3286,1311,1975
110000274,187,1034,-847
110000275,1691,462,1229
110000276,211,250,-39
110000277,237,322,-85
110000278,245,608,-363
110000279,688,711,-23
110000280,492,390,102
110000281,26,238,-212
110000282,265,39,226
110000283,76,110,-34
110000284,85,66,19
110000285,3,427,-424
110000286,17,0,17
110000287,67,3,64
110000288,1,59,-58
110000289,349,1360,-1011
110000290,896,515,381
110000291,3928,1128,2800
110000292,1178,3492,-2314
110000293,559,656,-97
110000294,702,899,-197
110000295,172,741,-569
110000296,406,282,124
110000297,2102,290,1812
110000298,229,519,-290
110000299,290,76,214
110000301,286,22,264
110000302,438,837,-399
110000303,351,1,350
110000304,224,243,-19
110000305,950,14,936
110000306,132,1046,-914
110000307,1268,2,1266
110000308,413,7,406
110000309,16,628,-612
110000310,616,55,561
110000311,16,498,-482
110000312,387,83,304
110000313,2358,3263,-905
110000314,4,303,-299
110000315,2998,2136,862
110000316,505,1216,-711
110000317,428,237,191
110000318,5,75,-70
110000319,12,17,-5
110000320,62,42,20
110000321,13,48,-35
110000322,251,344,-93
110000323,358,138,220
110000324,3169,1462,1707
110000325,2535,2380,155
110000327,442,257,185
110000328,161,326,-165
110000333,654,497,157
110000334,755,1315,-560
110000335,709,416,293
110000336,607,1062,-455
110000337,1230,518,712
110000338,410,215,195
110000339,350,206,144
110000340,159,142,17
110000341,426,449,-23
110000342,459,6,453
110000343,0,10,-10
110000344,213,106,107
110000345,376,71,305
110000346,2412,1644,768
110000347,900,592,308
110000348,41,29,12
110000349,18,18,0
110000350,44,5,39
110000351,942,708,234
110000352,629,1406,-777
110000353,2142,584,1558
110000354,998,2370,-1372
110000355,79,72,7
110000356,478,7,471
110000357,337,13,324
110000361,18,76,-58
110000362,25,6,19
110000363,316,119,197
110000364,158,335,-177
110000365,147,5,142
110000366,2,86,-84
110000367,289,199,90
110000368,3,41,-38
110000369,60,10,50
110000373,2,262,-260
110000374,112,10,102
110000375,104,818,-714
110000376,48,108,-60
110000377,84,445,-361
110000378,14,394,-380
110000379,2754,1615,1139
110000380,98,18,80
110000383,3,764,-761
110000384,2210,639,1571
110000385,2,224,-222
110000387,78,12,66
110000388,32,218,-186
110000389,553,3,550
110000391,548,302,246
110000396,142,121,21
110000397,82,122,-40
110000398,8,34,-26
110000399,171,0,171
110000587,107,44,63
110000589,192,139,53
110000640,251,71,180
110000652,21,103,-82
110000653,252,388,-136
110000654,302,88,214
110000656,3,656,-653
110000674,38,16,22
110000675,14,26,-12
110000676,1,24,-23
110000679,364,1025,-661
110000682,114,138,-24
110000683,303,476,-173
110000684,1,42,-41
110000685,11,8,3
110000686,1,14,-13
110000687,13,1,12
110000688,56,764,-708
110000689,61,41,20
110000692,152,132,20
110000693,71,183,-112
110000694,0,146,-146
110000695,197,560,-363
110000696,92,79,13
110900001,255,8,247
110900002,203,155,48
110900003,563,644,-81
110900004,326,160,166
110900005,2405,1498,907
110900006,53,13,40
110900007,93,22,71
110900008,11,76,-65
110900009,344,77,267
110900010,6,40,-34
110900011,18,81,-63
110900012,5,61,-56
110900013,847,111,736
110900014,251,12,239
110900015,442,425,17
110900016,13,81,-68
110900017,295,31,264
110900018,390,50,340
110900019,195,19,176
110900020,46,234,-188
110900021,72,455,-383
110900022,57,259,-202
110900023,60,379,-319
110900024,21,336,-315
110900025,4,44,-40
110900027,46,150,-104
110900028,28,148,-120
110900029,22,294,-272
110900030,29,241,-212
110900031,8,115,-107
110900032,0,62,-62
110900033,44,119,-75
110900035,20,489,-469
110900036,95,19,76
110900037,41,14,27
110900038,844,154,690
110900039,9,224,-215
110900040,175,32,143
110900041,10,107,-97
110900042,107,43,64
110900043,2,107,-105
110900044,215,27,188
110900045,32,404,-372
110900046,53,247,-194
110900047,483,226,257
110900049,93,64,29
110900050,19,4,15
110900051,41,175,-134
110900052,4,97,-93
110900053,83,19,64
110900054,32,191,-159
110900055,32,2,30
110900056,42,89,-47
110900057,4,125,-121
110900058,203,153,50
110900059,522,490,32
110900060,355,101,254
110900061,27,42,-15
110900062,127,199,-72
110900063,29,90,-61
110900064,16,1,15
110900065,355,143,212
110900066,6,41,-35
110900067,253,475,-222
110900068,211,238,-27
110900069,8,15,-7
110900070,107,28,79
110900071,211,472,-261
110900073,1,20,-19
110900074,248,52,196
110900075,284,64,220
110900077,553,569,-16
110900078,10,22,-12
110900079,2125,1078,1047
110900080,89,63,26
110900081,4,34,-30
110900082,102,94,8
110900083,130,45,85
110900084,20,52,-32
110900085,48,285,-237
110900086,46,174,-128
110900087,217,50,167
110900088,10,0,10
110900090,28,34,-6
110900091,2,62,-60
110900093,170,101,69
110900095,47,30,17
110900097,5,13,-8
110900098,33,73,-40
110900099,31,374,-343
110900100,0,18,-18
110900102,163,23,140
110900105,374,287,87
110900108,16,78,-62
110900111,355,116,239
110900112,629,3,626
110900113,490,42,448
110900115,18,43,-25
110900116,507,1473,-966
110900118,103,2060,-1957
110900119,3351,268,3083
110900120,14,190,-176
110900121,109,0,109
110900122,296,152,144
110900125,284,346,-62
110900127,456,1065,-609
110900128,355,350,5
110900129,335,531,-196
110900130,973,542,431
110900131,181,31,150
110900132,206,30,176
110900133,76,171,-95
110900135,63,274,-211
110900136,247,13,234
110900138,0,0,0
110900139,1,0,1
110900140,2,0,2
110900141,457,157,300
110900142,50,128,-78
110900143,117,70,47
110900144,2,681,-679
110900145,197,27,170
110900146,288,134,154
110900147,135,323,-188
110900148,4,297,-293
110900149,1,49,-48
110900150,55,21,34
110900151,7,56,-49
110900152,35,247,-212
110900153,82,36,46
111000001,530,461,69
111000002,895,639,256
111000003,966,665,301
111000004,495,875,-380
111000005,1293,1093,200
111000006,944,1523,-579
111000007,3746,2865,881
111000008,2411,3358,-947
111000009,471,868,-397
111000010,777,288,489
111000011,417,864,-447
111000012,738,368,370
111000013,412,852,-440
111000014,1270,619,651
111000017,133,815,-682
111000018,276,329,-53
111000020,875,2514,-1639
111000021,64,86,-22
111000023,78,79,-1
111000025,3965,3196,769
111000029,66,116,-50
111000030,35,99,-64
111000031,1835,1192,643
111000032,598,308,290
111000033,325,401,-76
111000034,220,208,12
111000037,1737,1214,523
111000038,3651,2389,1262
111000039,1814,2271,-457
111000040,1601,2485,-884
111000041,1885,1901,-16
111000042,3475,2841,634
111000043,1549,2707,-1158
111000044,1532,916,616
111000045,1706,1866,-160
111000046,1254,1299,-45
111000047,2091,3102,-1011
111000049,502,405,97
111000050,1496,1461,35
111000051,392,1127,-735
111000052,556,1875,-1319
111000053,326,924,-598
111000054,263,812,-549
111000055,1086,1921,-835
111000056,203,543,-340
111000057,81,536,-455
111000058,291,119,172
111000059,444,356,88
111000060,3092,1055,2037
111000061,403,341,62
111000062,652,293,359
111000063,1538,861,677
111000064,507,453,54
111000065,958,800,158
111000066,323,325,-2
111000067,536,733,-197
111000068,630,1139,-509
111000069,1630,2119,-489
111000070,1352,1110,242
111000071,303,628,-325
111000072,941,454,487
111000073,258,839,-581
111000074,1475,1409,66
111000075,1039,623,416
111000076,490,600,-110
111000077,1643,1646,-3
111000078,2712,1735,977
111000079,1345,802,543
111000080,489,697,-208
111000081,1519,3810,-2291
111000082,664,695,-31
111000084,915,515,400
111000085,1123,1480,-357
111000086,2396,1280,1116
111000087,696,706,-10
111000088,4367,2160,2207
111000089,835,902,-67
111000090,1102,1403,-301
111000091,693,606,87
111000092,1047,1010,37
111000093,542,1055,-513
111000094,1614,1191,423
111000095,532,2354,-1822
111000096,1694,6868,-5174
111000097,4369,1663,2706
111000098,816,1274,-458
111000099,578,1921,-1343
111000100,310,1649,-1339
111000101,356,682,-326
111000102,188,437,-249
111000104,705,181,524
111000107,91,539,-448
111000109,409,253,156
111000110,1322,714,608
111000111,1979,448,1531
111000112,1539,601,938
111000113,831,1500,-669
111000114,2259,3462,-1203
111000115,5643,1257,4386
111000116,800,1021,-221
111000117,429,892,-463
111000118,1273,947,326
111000119,894,1023,-129
111000120,424,553,-129
111000121,241,643,-402
111000122,647,1188,-541
111000123,1025,2746,-1721
111000124,349,2732,-2383
111000125,222,1499,-1277
111000126,88,876,-788
111000127,769,183,586
111000128,1526,290,1236
111000129,2108,414,1694
111000130,1508,575,933
111000131,1294,521,773
111000132,977,606,371
111000133,170,141,29
111000134,124,141,-17
111000135,66,144,-78
111000136,365,357,8
111000138,17,7,10
111000140,5,18,-13
111000141,264,378,-114
111000142,14,96,-82
111000143,6,111,-105
111000144,97,262,-165
111000145,3219,35,3184
111000146,186,26,160
111000147,412,72,340
111000148,249,69,180
111000149,20,31,-11
111000150,210,7,203
111000151,0,45,-45
111000153,653,672,-19
111000154,783,172,611
111000155,79,149,-70
111000156,358,489,-131
111000157,233,887,-654
111000158,838,729,109
111000159,2075,713,1362
111000160,457,297,160
111000161,24,229,-205
111000162,121,180,-59
111000163,810,1043,-233
111000164,743,3724,-2981
111000165,1129,574,555
111000166,2176,520,1656
111000167,184,490,-306
111000168,234,437,-203
111000169,327,578,-251
111000170,488,490,-2
111000171,463,685,-222
111000172,195,435,-240
111000173,421,934,-513
111000174,167,338,-171
111000175,58,263,-205
111000176,358,147,211
111000177,269,244,25
111000178,1403,318,1085
111000179,196,135,61
111000180,184,478,-294
111000181,779,253,526
111000182,185,191,-6
111000183,326,294,32
111000184,310,228,82
111000185,320,455,-135
111000186,322,296,26
111000187,91,205,-114
111000188,193,383,-190
111000189,1112,556,556
111000190,160,366,-206
111000191,188,375,-187
111000192,201,510,-309
111000193,257,286,-29
111000194,48,288,-240
111000195,169,327,-158
111000196,50,226,-176
111000197,364,141,223
111000198,471,102,369
111000199,156,154,2
111000200,343,298,45
111000201,463,213,250
111000202,207,178,29
111000203,261,215,46
111000204,450,831,-381
111000213,141,370,-229
111000214,1475,1413,62
111000215,1004,1361,-357
111000217,1272,870,402
111000218,1277,1135,142
111000219,489,214,275
111000220,1757,556,1201
111000221,845,93,752
111000224,81,357,-276
111000225,327,294,33
111000226,156,2,154
111000227,41,8,33
111000228,16,252,-236
111000229,35,665,-630
111000230,280,400,-120
111000231,970,863,107
111000232,428,876,-448
111000233,673,680,-7
111000234,103,262,-159
111000239,121,132,-11
111000240,40,180,-140
111000241,32,276,-244
111000242,113,59,54
111000243,94,585,-491
111000244,428,130,298
111000245,1021,500,521
111000246,569,463,106
111000247,285,897,-612
111000248,654,488,166
111000249,462,669,-207
111000250,43,119,-76
111000251,62,79,-17
111000253,11,10,1
111000255,35,20,15
111000257,19,24,-5
111000260,70,899,-829
111000261,1021,103,918
111000271,46,315,-269
111000273,3783,1582,2201
111000274,1155,2093,-938
111000275,189,67,122
111000276,292,1912,-1620
111000277,174,335,-161
111000278,570,251,319
111000291,730,4208,-3478
111000298,394,257,137
111000299,638,120,518
111000300,67,498,-431
111000302,231,117,114
111000303,73,211,-138
111000312,32,65,-33
111000315,13,161,-148
111000320,349,683,-334
111000321,278,98,180
111000322,311,466,-155
111000323,157,15,142
111000324,270,214,56
111000325,44,77,-33
111000326,175,364,-189
111000327,395,484,-89
111000328,259,512,-253
111000329,3,33,-30
111000330,43,14,29
111000331,23,10,13
111000332,470,1276,-806
111000334,303,1230,-927
111000335,883,297,586
111000337,1047,470,577
111000338,112,99,13
111000339,426,291,135
111000340,110,479,-369
111000341,994,802,192
111000342,481,632,-151
111000344,812,679,133
111000345,448,59,389
111000346,14,125,-111
111000347,100,6,94
111000350,182,98,84
111000351,129,261,-132
111000352,133,64,69
111000353,124,234,-110
111000354,454,96,358
111000355,284,498,-214
111000358,131,1013,-882
111000360,197,573,-376
111000361,87,294,-207
111000546,665,504,161
111000547,283,362,-79
111000548,100,272,-172
111000549,233,255,-22
111000550,122,696,-574
111000551,646,178,468
111000552,3520,167,3353
111000907,507,14,493
111000908,34,0,34
111000916,1545,391,1154
111000917,21,490,-469
111000918,222,720,-498
111000920,420,41,379
111000921,8,199,-191
111000922,364,287,77
111000924,28,617,-589
111000925,1959,2169,-210
111000926,859,1906,-1047
111000927,2787,4681,-1894
111000928,4204,4073,131
111000929,1061,1119,-58
111000930,707,2589,-1882
111000931,1621,2377,-756
111000932,4006,2636,1370
111000933,3355,1962,1393
111000934,2102,3625,-1523
111000935,1168,939,229
111000936,1049,2191,-1142
111000937,863,1378,-515
111000938,1506,1915,-409
111000939,462,73,389
111000940,321,143,178
111000941,304,329,-25
111000943,292,206,86
111000944,146,350,-204
111000945,118,1353,-1235
111001109,412,286,126
111001110,141,616,-475
111001111,41,13,28
111001112,132,4,128
111001113,2,168,-166
111001114,904,152,752
111001115,75,361,-286
111001116,4558,3670,888
111001117,569,3130,-2561
111001120,84,254,-170
111001121,216,265,-49
111001122,282,523,-241
111001123,274,160,114
111001124,166,233,-67
111001125,1,121,-120
111001126,19,134,-115
111900001,5,68,-63
111900002,4,603,-599
111900003,2,265,-263
111900004,32,126,-94
111900006,2,19,-17
111900007,53,3,50
111900008,103,3,100
111900009,98,49,49
111900010,381,582,-201
111900012,58,94,-36
111900013,16,69,-53
111900014,5300,3036,2264
111900015,1,77,-76
111900016,0,127,-127
111900017,0,166,-166
111900018,166,2,164
111900019,3,80,-77
111900020,6,48,-42
111900021,54,93,-39
111900022,5,71,-66
111900023,87,87,0
111900024,13,70,-57
111900025,0,41,-41
111900026,1,80,-79
111900027,5,155,-150
111900028,1,320,-319
111900029,3,81,-78
111900030,45,285,-240
111900031,15,26,-11
111900032,3,309,-306
111900033,5,114,-109
111900034,402,363,39
111900035,32,185,-153
111900036,0,242,-242
111900038,325,491,-166
111900039,27,408,-381
111900040,4,496,-492
111900042,22,119,-97
111900043,3,349,-346
111900044,279,223,56
111900046,39,143,-104
111900048,135,681,-546
111900049,39,222,-183
111900050,80,21,59
111900051,2,197,-195
111900052,481,485,-4
111900053,1158,909,249
111900054,96,6,90
111900055,22,389,-367
111900056,222,225,-3
111900057,61,58,3
111900058,276,551,-275
111900059,1504,433,1071
111900060,303,2,301
111900061,16,203,-187
111900062,9,75,-66
111900063,425,202,223
111900064,152,270,-118
111900065,36,26,10
111900066,100,138,-38
111900067,1,337,-336
111900068,35,48,-13
111900069,40,19,21
111900070,101,151,-50
111900071,2,172,-170
111900072,47,12,35
111900073,655,173,482
111900074,16,119,-103
111900075,57,3,54
111900076,142,63,79
111900077,21,2,19
111900078,223,13,210
111900079,33,26,7
111900080,206,220,-14
111900082,97,51,46
111900083,124,9,115
111900084,64,7,57
111900085,12,90,-78
111900086,20,7,13
111900087,37,1,36
111900088,448,4,444
111900089,131,2,129
111900090,42,36,6
111900091,132,0,132
111900092,68,0,68
111900093,340,7,333
111900094,90,0,90
111900095,142,12,130
111900096,127,0,127
111900097,39,0,39
111900098,181,3,178
111900099,48,0,48
111900100,70,0,70
111900101,57,23,34
111900102,344,450,-106
111900103,64,63,1
111900104,149,50,99
111900105,300,151,149
111900106,801,67,734
111900110,1618,342,1276
111900111,241,135,106
111900112,447,1689,-1242
111900113,258,64,194
111900118,233,87,146
111900119,252,144,108
111900122,107,70,37
111900123,11,25,-14
111900124,18,82,-64
111900125,415,37,378
111900126,204,4,200
111900127,3,681,-678
111900128,0,473,-473
111900129,246,12,234
111900130,208,41,167
111900131,505,3,502
111900132,23,781,-758
111900133,6,313,-307
111900134,7,212,-205
111900135,6,27,-21
111900136,62,113,-51
111900137,69,44,25
111900138,2,65,-63
111900139,8,105,-97
111900140,58,11,47
111900141,34,9,25
111900142,65,27,38
111900143,52,205,-153
111900144,1,72,-71
111900145,1,320,-319
111900146,5,176,-171
111900147,110,377,-267
111900148,19,545,-526
111900149,3,260,-257
111900150,9,129,-120
111900151,3,14,-11
111900152,64,89,-25
111900153,1311,331,980
111900154,9,152,-143
111900155,45,80,-35
111900156,35,99,-64
111900157,67,12,55
111900158,365,29,336
111900159,221,15,206
111900160,241,3,238
111900161,89,0,89
111900162,71,128,-57
111900163,32,193,-161
111900164,91,69,22
111901113,316,146,170
111901114,153,270,-117
111901115,53,2,51
111901116,33,4,29
111901117,40,27,13
111901118,76,190,-114
111901119,799,43,756
111901121,227,229,-2
111901122,5,549,-544
111901123,124,377,-253
111901124,148,1,147
111901125,282,246,36
111901127,585,389,196
111901128,21,120,-99
111901129,6,109,-103
111901130,12,167,-155
111901131,7,260,-253
111901132,51,13,38
111901133,45,2,43
111901134,42,7,35
111901135,15,3,12
111901136,13,36,-23
111901137,0,7,-7
111901138,246,43,203
111901139,22,22,0
111901140,9,68,-59
111901141,8,123,-115
111901142,9,94,-85
111901143,7,83,-76
111901144,49,36,13
111901145,135,254,-119
111901146,528,22,506
111901147,447,136,311
111901148,17,32,-15
111901149,5,2,3
112000001,1397,746,651
112000002,672,2327,-1655
112000003,1007,754,253
112000004,619,1016,-397
112000005,2629,2873,-244
112000006,2299,1965,334
112000007,2347,1617,730
112000008,1967,3429,-1462
112000009,3480,3329,151
112000010,2423,2623,-200
112000011,1921,1745,176
112000012,3703,2906,797
112000013,5947,2887,3060
112000014,3768,974,2794
112000015,5609,2820,2789
112000016,4249,806,3443
112000017,2413,1477,936
112000024,2451,1081,1370
112000026,4173,5106,-933
112000027,718,602,116
112000028,1674,1460,214
112000029,392,614,-222
112000030,207,74,133
112000031,1330,3619,-2289
112000032,485,58,427
112000033,2189,1100,1089
112000034,338,47,291
112000035,102,181,-79
112000036,1147,606,541
112000037,907,561,346
112000038,1163,615,548
112000039,63,57,6
112000040,100,259,-159
112000041,607,546,61
112000042,1104,401,703
112000050,1200,1518,-318
112000051,910,1019,-109
112000054,1486,1865,-379
112000057,324,392,-68
112000058,386,511,-125
112000059,487,797,-310
112000061,3071,2047,1024
112000062,1697,634,1063
112000063,1177,1300,-123
112000064,3770,4941,-1171
112000065,2008,2095,-87
112000066,3108,1380,1728
112000067,830,665,165
112000068,2857,2246,611
112000069,823,1727,-904
112000070,1747,864,883
112000071,1031,2527,-1496
112000072,1990,899,1091
112000073,1512,2023,-511
112000074,1843,935,908
112000075,1402,1160,242
112000076,3279,2473,806
112000077,532,521,11
112000078,1523,655,868
112000079,1164,1131,33
112000080,724,831,-107
112000081,1486,2179,-693
112000082,1433,866,567
112000083,714,1189,-475
112000084,1232,898,334
112000085,1090,963,127
112000086,1512,1364,148
112000087,453,423,30
112000088,631,587,44
112000089,263,305,-42
112000090,214,263,-49
112000091,555,1260,-705
112000092,1431,1153,278
112000093,1574,1099,475
112000094,532,892,-360
112000095,559,988,-429
112000096,388,612,-224
112000097,1060,533,527
112000098,806,990,-184
112000099,599,1242,-643
112000100,1238,757,481
112000101,535,972,-437
112000102,981,490,491
112000103,323,871,-548
112000105,696,1624,-928
112000106,1450,433,1017
112000107,72,151,-79
112000108,244,1607,-1363
112000109,149,99,50
112000110,2077,572,1505
112000111,1081,2821,-1740
112000112,3201,659,2542
112000113,883,1629,-746
112000114,2086,883,1203
112000115,332,404,-72
112000116,487,856,-369
112000117,937,736,201
112000118,982,892,90
112000119,483,744,-261
112000120,59,341,-282
112000121,96,489,-393
112000122,252,132,120
112000123,516,185,331
112000124,314,67,247
112000125,219,194,25
112000126,184,541,-357
112000127,1958,1593,365
112000128,922,500,422
112000129,126,100,26
112000130,149,61,88
112000131,51,311,-260
112000132,103,221,-118
112000133,376,166,210
112000134,357,349,8
112000135,900,622,278
112000136,1026,1022,4
112000137,1363,1378,-15
112000138,1456,1166,290
112000139,812,437,375
112000140,1075,983,92
112000141,640,305,335
112000142,201,548,-347
112000143,865,228,637
112000144,273,1128,-855
112000145,1965,625,1340
112000146,635,2047,-1412
112000147,2235,1768,467
112000148,1891,2268,-377
112000149,449,566,-117
112000150,325,562,-237
112000151,316,378,-62
112000152,266,465,-199
112000153,215,302,-87
112000154,119,177,-58
112000155,113,80,33
112000157,506,486,20
112000158,248,501,-253
112000159,444,320,124
112000167,260,78,182
112000169,312,361,-49
112000173,547,197,350
112000175,368,332,36
112000176,2883,1905,978
112000177,496,108,388
112000178,90,327,-237
112000179,161,100,61
112000180,185,300,-115
112000181,1296,1915,-619
112000182,938,1746,-808
112000183,48,63,-15
112000184,312,332,-20
112000185,429,598,-169
112000187,3447,2194,1253
112000195,106,18,88
112000196,232,2,230
112000197,191,139,52
112000198,39,248,-209
112000199,1012,918,94
112000202,347,34,313
112000216,54,354,-300
112000230,98,3,95
112000231,1,208,-207
112000256,43,216,-173
112000313,56,122,-66
112000314,64,34,30
112000337,367,561,-194
112000352,352,299,53
112000392,1153,1322,-169
112000398,1026,878,148
112000399,1785,1527,258
112000400,1678,2887,-1209
112000401,2977,2260,717
112000402,2257,2533,-276
112000403,1720,2287,-567
112000404,725,676,49
112000405,1505,2578,-1073
112000406,3559,2759,800
112000407,5974,6817,-843
112000408,8263,6900,1363
112000409,1700,4778,-3078
112000410,430,201,229
112000411,3436,1278,2158
112000412,1484,519,965
112000413,7848,4172,3676
112000414,58,91,-33
112000415,113,49,64
112000416,1936,1247,689
112000417,205,65,140
112000421,31,89,-58
112000422,289,309,-20
112000424,2074,2170,-96
112000425,417,990,-573
112000426,91,276,-185
112000427,0,14,-14
112000428,241,276,-35
112000429,2013,2517,-504
112000430,2138,2441,-303
112000431,99,123,-24
112000432,593,1141,-548
112000433,419,729,-310
112000437,41,210,-169
112900001,39,0,39
112900002,314,1022,-708
112900003,65,373,-308
112900004,41,283,-242
112900005,158,202,-44
112900006,4,308,-304
112900007,41,276,-235
112900008,3,35,-32
112900009,310,65,245
112900010,300,927,-627
112900011,215,242,-27
112900012,5,60,-55
112900013,5,114,-109
112900014,0,198,-198
112900015,360,614,-254
112900016,2,364,-362
112900017,28,141,-113
112900018,1,264,-263
112900019,51,182,-131
112900020,358,949,-591
112900021,2,242,-240
112900022,4,106,-102
112900023,2,214,-212
112900024,31,225,-194
112900025,75,248,-173
112900026,9,245,-236
112900027,6,1072,-1066
112900028,31,117,-86
112900029,6,550,-544
112900030,183,192,-9
112900031,3,416,-413
112900032,183,179,4
112900034,3,33,-30
112900035,6,423,-417
112900036,25,99,-74
112900037,132,177,-45
112900038,475,156,319
112900039,20,268,-248
112900040,2,289,-287
112900041,750,851,-101
112900042,49,290,-241
112900043,42,37,5
112900044,504,422,82
112900045,322,304,18
112900046,157,79,78
112900047,19,29,-10
112900049,172,78,94
112900050,48,440,-392
112900051,325,487,-162
112900052,12,735,-723
112900053,186,83,103
112900054,148,37,111
112900055,130,30,100
112900056,316,142,174
112900057,67,462,-395
112900058,307,332,-25
112900059,117,110,7
112900060,19,138,-119
112900061,120,109,11
112900062,78,107,-29
112900063,116,6,110
112900064,188,203,-15
112900065,27,16,11
112900066,178,99,79
112900067,367,179,188
112900068,35,42,-7
112900069,1680,618,1062
112900071,28,6,22
112900072,149,1466,-1317
112900073,243,63,180
112900074,79,225,-146
112900075,1257,732,525
112900076,97,16,81
112900078,269,354,-85
112900079,275,35,240
112900080,45,9,36
112900081,47,224,-177
112900082,527,39,488
112900083,99,82,17
112900084,157,95,62
112900086,125,0,125
112900087,562,86,476
112900088,68,9,59
112900089,664,20,644
112900090,30,13,17
112900091,177,5,172
112900092,107,170,-63
112900093,1065,16,1049
112900095,32,0,32
112900096,345,111,234
112900097,59,251,-192
112900098,103,0,103
112900099,747,3,744
112900100,53,2,51
112900101,305,3,302
112900102,99,10,89
112900103,141,2,139
112900104,510,4,506
112900105,11,0,11
112900106,370,128,242
112900107,2,0,2
112900108,35,1,34
112900109,96,0,96
112900110,959,12,947
112900111,591,5,586
112900112,274,0,274
112900113,1,18,-17
112900114,97,45,52
112900115,915,2,913
112900116,143,19,124
112900117,64,88,-24
112900118,23,91,-68
112900119,135,3,132
112900120,677,228,449
112900121,111,188,-77
112900122,20,98,-78
112900123,118,24,94
112900124,11,84,-73
112900125,28,344,-316
112900126,179,186,-7
112900127,355,99,256
112900128,276,725,-449
112900129,4,826,-822
112900130,218,72,146
112900131,59,235,-176
112900132,105,346,-241
112900133,26,848,-822
112900134,0,248,-248
112900135,89,37,52
112900137,0,530,-530
112900138,7,306,-299
112900139,204,1107,-903
112900141,599,50,549
112900142,65,113,-48
112900143,23,468,-445
112900144,0,226,-226
112900145,37,530,-493
112900146,4,1015,-1011
112900147,3,1635,-1632
112900148,67,0,67
112900149,271,430,-159
112900151,23,57,-34
112900152,3324,897,2427
112900153,1794,1735,59
112900154,0,105,-105
112900155,179,18,161
112900156,266,1147,-881
112900157,332,92,240
112900158,55,15,40
112900159,165,87,78
112900160,80,260,-180
112900161,109,35,74
112900162,26,21,5
112900163,103,21,82
112900164,25,179,-154
112900165,118,28,90
112900166,21,44,-23
112900167,6,39,-33
112900168,3,3,0
112900169,9,11,-2
112900170,68,82,-14
112900172,69,15,54
112900173,249,106,143
112900174,231,46,185
112900175,109,124,-15
112900176,9,32,-23
112900177,217,38,179
112900178,600,2195,-1595
112900179,39,421,-382
112900180,1446,1531,-85
112900181,398,1,397
112900182,25,1120,-1095
112900183,160,245,-85
112900184,421,366,55
112900185,221,482,-261
112900186,1141,820,321
112900187,69,459,-390
112900188,776,244,532
112900189,8,18,-10
112900190,6,52,-46
112900192,420,480,-60
112900193,1029,321,708
112900194,40,101,-61
112900195,882,26,856
112900196,254,253,1
112900197,187,312,-125
112900199,502,495,7
112900200,389,206,183
112900201,121,59,62
112900202,244,727,-483
112900203,156,228,-72
112900204,929,535,394
112900205,19,11,8
112900206,54,105,-51
112900207,12,0,12
112900208,125,256,-131
112900209,544,349,195
112900210,1,55,-54
112900211,55,54,1
112900212,0,137,-137
112900213,35,46,-11
112900214,34,12,22
112900215,6,186,-180
112900216,38,89,-51
112900217,0,26,-26
112900218,60,18,42
112900219,38,16,22
112900220,18,0,18
112900221,30,99,-69
112900222,0,15,-15
112900223,761,22,739
112900224,238,475,-237
112900225,308,313,-5
112900226,170,260,-90
112900227,417,1139,-722
112900228,43,30,13
112900229,153,74,79
112900230,5324,3237,2087
112900232,196,213,-17
112900233,68,148,-80
112900234,8,68,-60
112900235,126,25,101
112900236,175,12,163
112900237,246,230,16
112900238,0,46,-46
112900239,809,306,503
112900240,4,79,-75
112900241,9,94,-85
112900242,7,142,-135
112900243,6,96,-90
112900244,3,47,-44
112900245,1,28,-27
112900246,0,17,-17
112900247,68,25,43
112900248,6,0,6
112900249,25,10,15
112900250,47,10,37
112900251,48,3,45
112900252,44,7,37
112900253,26,3,23
112900254,11,4,7
112900255,0,20,-20
112900256,7,31,-24
112900257,12,29,-17
112900258,1,2,-1
113000001,4524,4583,-59
113000002,2982,3293,-311
113000003,1746,1684,62
113000004,1724,2182,-458
113000005,1551,863,688
113000006,977,1182,-205
113000007,1957,1127,830
113000008,1621,1737,-116
113000009,926,736,190
113000010,983,1401,-418
113000011,592,1485,-893
113000012,1191,629,562
113000013,1732,696,1036
113000014,1806,1304,502
113000015,744,240,504
113000016,537,673,-136
113000017,43,252,-209
113000018,501,44,457
113000019,103,251,-148
113000020,446,42,404
113000021,1313,500,813
113000022,592,1019,-427
113000025,197,406,-209
113000026,478,361,117
113000027,615,419,196
113000028,790,387,403
113000029,650,642,8
113000030,373,620,-247
113000031,276,322,-46
113000032,226,266,-40
113000033,278,347,-69
113000034,369,324,45
113000035,26,27,-1
113000036,28,34,-6
113000037,66,37,29
113000038,13,74,-61
113000039,78,358,-280
113000040,62,96,-34
113000042,636,555,81
113000051,691,2454,-1763
113000052,1608,791,817
113000053,322,312,10
113000054,303,806,-503
113000055,1036,664,372
113000056,790,860,-70
113000058,721,898,-177
113000059,1084,612,472
113000060,192,487,-295
113000061,348,743,-395
113000062,815,247,568
113000063,127,103,24
113000064,48,296,-248
113000065,150,789,-639
113000066,493,89,404
113000067,1651,1280,371
113000068,394,1417,-1023
113000069,527,1077,-550
113000070,2099,986,1113
113000071,322,596,-274
113000072,755,456,299
113000073,394,1442,-1048
113000074,906,373,533
113000075,1707,632,1075
113000076,732,1728,-996
113000077,1223,546,677
113000078,775,2040,-1265
113000079,719,750,-31
113000080,593,592,1
113000081,701,718,-17
113000082,1032,652,380
113000083,473,811,-338
113000084,1466,1294,172
113000085,764,810,-46
113000086,1120,1367,-247
113000087,844,803,41
113000088,2072,1228,844
113000089,908,1430,-522
113000090,231,500,-269
113000091,473,374,99
113000094,1263,145,1118
113000095,190,736,-546
113000096,116,602,-486
113000097,878,372,506
113000098,98,27,71
113000099,849,303,546
113000100,148,394,-246
113000101,329,476,-147
113000102,486,376,110
113000103,2130,624,1506
113000104,373,2093,-1720
113000105,524,362,162
113000106,328,524,-196
113000107,763,831,-68
113000108,813,1178,-365
113000109,499,2145,-1646
113000110,1483,422,1061
113000111,198,563,-365
113000112,372,333,39
113000113,1281,402,879
113000114,314,1230,-916
113000116,550,272,278
113000117,696,123,573
113000118,136,447,-311
113000119,390,227,163
113000120,112,260,-148
113000121,528,639,-111
113000124,167,101,66
113000125,57,664,-607
113000127,2476,388,2088
113000128,372,531,-159
113000129,496,705,-209
113000133,2036,1466,570
113000134,2,1032,-1030
113000135,3460,3844,-384
113000137,1697,2762,-1065
113000139,251,188,63
113000140,113,250,-137
113000141,192,156,36
113000142,582,935,-353
113000143,255,158,97
113000144,353,600,-247
113000145,41,114,-73
113000146,101,68,33
113000147,154,96,58
113000148,144,86,58
113000149,59,92,-33
113000150,483,328,155
113000151,81,61,20
113000152,29,100,-71
113000153,1239,551,688
113000154,670,1265,-595
113000155,309,417,-108
113000156,108,345,-237
113000157,316,918,-602
113000158,674,217,457
113000159,721,647,74
113000160,682,1002,-320
113000161,200,393,-193
113000162,542,357,185
113000163,83,64,19
113000164,28,97,-69
113000166,189,106,83
113000167,36,118,-82
113000168,71,131,-60
113000169,141,68,73
113000170,94,99,-5
113000171,72,92,-20
113000172,265,69,196
113000173,44,26,18
113000174,112,520,-408
113000175,359,117,242
113000176,471,170,301
113000177,155,421,-266
113000178,195,329,-134
113000179,306,183,123
113000180,546,1085,-539
113000181,1423,880,543
113000182,217,325,-108
113000183,169,580,-411
113000184,16,89,-73
113000189,379,663,-284
113000190,1007,545,462
113000192,1774,1602,172
113000193,3581,1171,2410
113000194,1625,981,644
113000195,2020,702,1318
113000196,243,45,198
113000197,1568,881,687
113000198,50,235,-185
113000199,960,254,706
113000201,812,243,569
113000202,2815,1504,1311
113000203,224,182,42
113000204,1739,1382,357
113000205,23,22,1
113000206,3,36,-33
113000207,60,24,36
113000208,27,33,-6
113000209,18,29,-11
113000210,2,20,-18
113000211,186,179,7
113000212,107,27,80
113000213,33,149,-116
113000214,179,194,-15
113000234,171,858,-687
113000410,331,214,117
113000411,2746,4138,-1392
113000412,7130,2740,4390
113000413,2926,2485,441
113000414,6785,11198,-4413
113000415,2130,2940,-810
113000416,8494,4183,4311
113000417,2313,2908,-595
113000418,4109,2646,1463
113000419,1325,1561,-236
113000420,3467,4804,-1337
113000421,3789,5642,-1853
113000422,10715,10192,523
113000423,1920,4569,-2649
113000424,3218,9228,-6010
113000425,7,96,-89
113000428,181,62,119
113000430,29,115,-86
113000432,1912,163,1749
113000433,89,688,-599
113000434,23,185,-162
113000435,93,480,-387
113000436,50,992,-942
113000437,870,40,830
113000438,173,21,152
113000439,22,93,-71
113000440,85,26,59
113000441,206,179,27
113000442,169,182,-13
113000443,214,222,-8
113000444,204,238,-34
113000445,111,122,-11
113000446,29,108,-79
113000448,148,172,-24
113000449,195,978,-783
113000450,375,2516,-2141
113000451,1076,206,870
113000452,329,534,-205
113000453,97,295,-198
113000454,1378,62,1316
113000455,55,182,-127
113000456,3666,2376,1290
113000468,1592,225,1367
113000469,86,70,16
113000470,331,23,308
113000471,8,354,-346
113000472,76,279,-203
113000474,587,605,-18
113000475,1471,1569,-98
113000476,1159,1663,-504
113000477,2537,1946,591
113000478,3784,5497,-1713
113000479,30,207,-177
113000485,5,0,5
113000486,5,0,5
113000487,1,0,1
113000488,6,0,6
113000489,0,5,-5
113000490,0,5,-5
113000491,3,18,-15
113000492,2,9,-7
113000493,0,0,0
113000495,176,182,-6
113000496,111,113,-2
113000497,0,1,-1
113000499,0,0,0
113900001,0,142,-142
113900002,1,96,-95
113900003,1,48,-47
113900004,4,26,-22
113900005,0,104,-104
113900006,2,20,-18
113900007,114,19,95
113900008,59,1,58
113900009,211,0,211
113900010,235,4,231
113900011,130,1,129
113900012,28,1,27
113900013,445,8,437
113900014,647,5,642
113900015,0,56,-56
113900016,47,1,46
113900017,1,25,-24
113900018,353,204,149
113900019,88,51,37
113900020,121,0,121
113900022,22,0,22
113900023,18,1,17
113900024,45,37,8
113900025,176,6,170
113900026,45,0,45
113900027,3,32,-29
113900028,27,395,-368
113900029,41,201,-160
113900030,212,2,210
113900031,6,0,6
113900032,26,0,26
113900033,71,66,5
113900035,56,2,54
113900036,7,76,-69
113900037,153,440,-287
113900038,61,107,-46
113900039,97,14,83
113900040,3,12,-9
113900041,0,4,-4
113900042,82,28,54
113900043,132,86,46
113900044,494,269,225
113900045,77,2,75
113900046,200,475,-275
113900047,15,33,-18
113900048,173,80,93
113900049,472,320,152
113900050,181,216,-35
113900051,194,273,-79
113900052,135,114,21
113900053,501,410,91
113900054,23,3,20
113900055,75,310,-235
113900056,22,84,-62
113900057,20,58,-38
113900058,40,142,-102
113900059,169,262,-93
113900060,68,160,-92
113900061,813,232,581
113900062,69,15,54
113900063,28,59,-31
113900064,18,92,-74
113900065,526,14,512
113900066,207,307,-100
113900067,94,178,-84
113900068,435,394,41
113900069,76,17,59
113900070,145,496,-351
113900071,30,28,2
113900072,38,144,-106
113900073,234,344,-110
113900074,71,264,-193
113900075,1188,1026,162
113900076,89,6,83
113900077,67,197,-130
113900078,19,26,-7
113900079,1,22,-21
113900080,422,170,252
113900081,53,162,-109
113900082,91,196,-105
113900083,197,330,-133
113900084,251,93,158
113900085,33,258,-225
113900086,4,0,4
113900087,73,156,-83
113900088,52,94,-42
113900089,416,48,368
113900090,550,307,243
113900091,26,13,13
113900092,47,101,-54
113900093,67,540,-473
113900094,316,364,-48
113900095,89,90,-1
113900096,173,59,114
113900097,78,78,0
113900098,507,63,444
113900099,1,26,-25
113900100,1,3,-2
113900101,13,54,-41
113900102,123,128,-5
113900103,348,189,159
113900104,136,213,-77
113900105,87,199,-112
113900106,1,45,-44
113900107,2,22,-20
113900108,216,173,43
113900109,308,146,162
113900110,48,30,18
113900111,144,132,12
113900112,90,41,49
113900113,810,390,420
113900114,5,59,-54
113900115,0,85,-85
113900116,98,119,-21
113900117,66,24,42
113900118,149,181,-32
113900119,177,445,-268
113900120,36,36,0
113900121,38,82,-44
113900122,274,1547,-1273
113900123,357,200,157
113900124,0,47,-47
113900125,848,109,739
113900126,117,35,82
113900127,266,527,-261
113900128,147,75,72
113900129,9,145,-136
113900130,3,22,-19
113900131,175,85,90
113900132,33,57,-24
113900133,16,91,-75
113900135,264,322,-58
113900136,76,72,4
113900137,418,273,145
113900138,47,103,-56
113900139,284,114,170
113900140,255,319,-64
113900141,397,274,123
113900142,100,52,48
113900143,5,40,-35
113900144,228,173,55
113900145,294,155,139
113900146,101,49,52
113900148,124,281,-157
113900149,128,73,55
113900150,714,572,142
113900151,328,182,146
113900152,18,40,-22
113900153,312,515,-203
113900154,3,149,-146
113900155,175,130,45
113900156,221,438,-217
113900157,34,198,-164
113900158,291,250,41
113900159,10,215,-205
113900160,460,433,27
113900161,35,195,-160
113900162,419,550,-131
113900163,223,240,-17
113900164,277,42,235
113900165,545,366,179
113900166,180,147,33
113900167,209,50,159
113900168,96,83,13
113900169,206,359,-153
113900171,213,73,140
113900172,10,118,-108
113900173,39,531,-492
113900174,404,491,-87
113900175,269,101,168
113900176,244,462,-218
113900177,283,168,115
113900178,266,108,158
113900179,19,362,-343
113900180,120,49,71
113900181,471,114,357
113900182,691,831,-140
113900183,62,90,-28
113900184,15,547,-532
113900185,213,85,128
113900186,36,29,7
113900187,27,121,-94
113900188,43,122,-79
113900189,219,103,116
113900190,266,117,149
113900191,91,164,-73
113900192,4,314,-310
113900193,16,216,-200
113900194,1446,1129,317
113900195,275,392,-117
113900196,5,108,-103
113900197,0,163,-163
113900198,24,146,-122
113900199,123,668,-545
113900200,12,217,-205
113900201,0,160,-160
113900202,14,299,-285
113900203,1,106,-105
113900204,53,461,-408
113900205,14,152,-138
113900206,7,182,-175
113900207,3,40,-37
113900208,1,69,-68
113900209,0,89,-89
113900210,470,664,-194
113900211,150,66,84
113900212,153,372,-219
113900214,400,256,144
113900215,86,110,-24
113900216,69,729,-660
113900217,57,280,-223
113900218,138,37,101
113900219,76,251,-175
113900220,135,94,41
113900221,287,161,126
113900222,191,363,-172
113900223,122,761,-639
113900224,77,49,28
113900225,366,171,195
113900226,266,84,182
113900227,280,191,89
113900228,251,338,-87
113900229,34,455,-421
113900230,3324,2400,924
113900231,143,134,9
113900232,96,81,15
113900233,80,58,22
113900234,286,346,-60
113900235,61,34,27
113900236,104,274,-170
113900237,134,7,127
113900238,202,455,-253
113900239,77,74,3
113900240,5,157,-152
113900241,109,39,70
113900242,29,124,-95
113900243,107,414,-307
113900244,315,171,144
113900245,1106,168,938
113900246,7,14,-7
113900247,117,359,-242
113900248,2267,1695,572
113900249,678,306,372
113900250,40,133,-93
113900251,502,177,325
113900252,445,9,436
113900253,543,45,498
113900254,795,140,655
113900255,354,15,339
113900256,327,31,296
113900257,22,582,-560
113900258,17,348,-331
113900259,308,155,153
113900260,144,10,134
113900261,18,65,-47
113900262,142,502,-360
113900263,134,619,-485
113900264,11,400,-389
113900265,167,260,-93
113900266,28,130,-102
113900267,124,382,-258
113900268,221,329,-108
113900269,103,158,-55
113900270,305,576,-271
113900271,607,1071,-464
113900273,116,8,108
113900274,55,40,15
113900275,26,64,-38
113900276,2,205,-203
113900277,105,7,98
113900278,247,153,94
113900279,83,69,14
113900280,1271,432,839
113900281,644,1134,-490
113900282,605,470,135
113900283,375,535,-160
113900284,885,182,703
113900285,115,39,76
113900286,13,86,-73
113900287,45,37,8
113900288,4,91,-87
113900289,753,92,661
113900290,280,164,116
113900291,108,153,-45
113900292,18,2,16
113900293,10,216,-206
113900294,346,41,305
113900295,314,354,-40
113900296,1703,403,1300
113900297,1904,37,1867
113900298,20,1468,-1448
113900299,58,175,-117
113900300,3940,2564,1376
113900301,485,145,340
113900302,2392,833,1559
113900303,407,324,83
113900304,1,96,-95
113900305,95,0,95
113900306,19,0,19
113900307,31,0,31
113900308,71,117,-46
113900309,3,1029,-1026
113900310,0,6,-6
113900311,0,1,-1
113900312,162,175,-13
113900313,14,11,3
114000001,839,2414,-1575
114000002,291,317,-26
114000003,26,215,-189
114000004,361,291,70
114000005,192,179,13
114000006,2467,1953,514
114000007,469,993,-524
114000008,1342,1365,-23
114000009,479,218,261
114000011,2299,2423,-124
114000012,2150,1586,564
114000013,1419,1311,108
114000014,454,216,238
114000015,1477,366,1111
114000016,195,297,-102
114000017,83,235,-152
114000018,200,57,143
114000026,1582,1104,478
114000027,2496,1804,692
114000028,2272,2283,-11
114000038,189,143,46
114000039,116,47,69
114000040,69,175,-106
114000042,125,216,-91
114000043,66,101,-35
114000044,128,39,89
114000045,41,45,-4
114000046,2729,4006,-1277
114000047,20,61,-41
114000048,57,34,23
114000049,1280,1327,-47
114000050,1436,2019,-583
114000051,2778,1533,1245
114000052,4124,1178,2946
114000053,81,427,-346
114000054,142,662,-520
114000055,558,11,547
114000056,999,716,283
114000057,5085,1958,3127
114000058,505,1096,-591
114000059,263,259,4
114000060,630,737,-107
114000061,2985,2084,901
114000062,2024,979,1045
114000063,2818,1629,1189
114000064,5542,3150,2392
114000065,1782,2233,-451
114000066,569,504,65
114000067,20,506,-486
114000068,410,425,-15
114000069,672,421,251
114000070,1873,1516,357
114000071,590,386,204
114000072,378,181,197
114000073,10,51,-41
114000074,28,9,19
114000075,37,93,-56
114000076,10,97,-87
114000077,2,35,-33
114000078,307,471,-164
114000079,166,21,145
114000080,68,73,-5
114000081,79,76,3
114000082,50,390,-340
114000083,37,177,-140
114000084,236,93,143
114000085,102,486,-384
114000086,200,314,-114
114000087,81,154,-73
114000088,35,54,-19
114000089,757,329,428
114000090,645,647,-2
114000091,1190,684,506
114000092,667,374,293
114000093,1021,638,383
114000094,396,292,104
114000095,229,93,136
114000096,131,354,-223
114000097,159,603,-444
114000098,383,81,302
114000099,472,536,-64
114000100,961,615,346
114000101,501,698,-197
114000102,447,305,142
114000103,178,378,-200
114000104,10,170,-160
114000105,104,45,59
114000106,618,711,-93
114000107,289,123,166
114000108,1474,1055,419
114000109,344,985,-641
114000110,573,1457,-884
114000111,1264,633,631
114000112,528,1969,-1441
114000113,1087,435,652
114000114,1248,1328,-80
114000115,1643,757,886
114000116,748,1214,-466
114000117,2247,411,1836
114000118,1929,345,1584
114000119,1326,380,946
114000120,461,777,-316
114000121,357,659,-302
114000122,309,241,68
114000123,1395,311,1084
114000124,675,260,415
114000125,764,1297,-533
114000126,1479,197,1282
114000127,174,159,15
114000128,830,426,404
114000130,473,466,7
114000131,271,87,184
114000132,508,438,70
114000133,648,1106,-458
114000134,62,143,-81
114000138,33,165,-132
114000139,384,177,207
114000144,579,404,175
114000145,91,179,-88
114000146,121,198,-77
114000147,1085,1325,-240
114000148,2038,1501,537
114000149,324,258,66
114000150,571,492,79
114000151,573,1035,-462
114000152,114,25,89
114000153,619,1455,-836
114000154,708,518,190
114000155,1025,1851,-826
114000156,808,477,331
114000157,258,817,-559
114000158,1345,688,657
114000159,172,362,-190
114000160,55,301,-246
114000161,1253,2302,-1049
114000162,782,1809,-1027
114000163,4,115,-111
114000165,472,258,214
114000166,565,281,284
114000167,2846,1237,1609
114000168,715,606,109
114000169,1268,1005,263
114000170,1021,815,206
114000171,867,2744,-1877
114000174,231,424,-193
114000176,673,425,248
114000177,1745,919,826
114000178,39,47,-8
114000179,1150,708,442
114000180,411,753,-342
114000181,1414,2991,-1577
114000182,3239,2231,1008
114000183,688,966,-278
114000184,3950,1227,2723
114000185,1043,688,355
114000189,734,112,622
114000190,2189,265,1924
114000191,35,64,-29
114000192,247,1419,-1172
114000193,799,2951,-2152
114000194,1144,851,293
114000195,131,31,100
114000196,0,225,-225
114000197,929,67,862
114000198,940,291,649
114000199,1873,1481,392
114000200,564,1480,-916
114000201,129,742,-613
114000202,915,516,399
114000203,520,708,-188
114000204,295,406,-111
114000205,223,1271,-1048
114000206,560,1172,-612
114000207,521,1686,-1165
114000208,397,2426,-2029
114000209,457,2182,-1725
114000210,273,1297,-1024
114000211,927,1438,-511
114000212,593,617,-24
114000213,1176,550,626
114000214,55,214,-159
114000215,227,64,163
114000216,1237,254,983
114000217,202,219,-17
114000218,109,272,-163
114000219,1109,256,853
114000220,24,976,-952
114000221,706,144,562
114000222,117,972,-855
114000223,494,104,390
114000224,84,538,-454
114000225,262,609,-347
114000226,142,185,-43
114000227,723,458,265
114000228,682,716,-34
114000229,989,1194,-205
114000230,1287,1158,129
114000231,715,1037,-322
114000232,489,96,393
114000233,1578,102,1476
114000234,1158,873,285
114000235,1160,1437,-277
114000236,3,475,-472
114000237,104,815,-711
114000238,124,165,-41
114000239,147,1158,-1011
114000240,584,684,-100
114000241,248,980,-732
114000242,917,889,28
114000243,1208,721,487
114000244,457,367,90
114000245,305,684,-379
114000246,221,33,188
114000247,632,632,0
114000248,1058,475,583
114000249,442,408,34
114000250,380,725,-345
114000251,301,254,47
114000252,97,69,28
114000253,66,106,-40
114000254,31,34,-3
114000255,414,143,271
114000256,1633,1416,217
114000257,377,1270,-893
114000258,241,421,-180
114000259,48,203,-155
114000260,0,26,-26
114000261,41,31,10
114000262,92,114,-22
114000263,7,1,6
114000264,890,372,518
114000265,0,3,-3
114000267,5,1326,-1321
114000268,1,1608,-1607
114000270,129,6,123
114000271,425,76,349
114000283,920,420,500
114000285,34,221,-187
114000288,97,267,-170
114000289,1003,134,869
114000293,127,407,-280
114000294,156,277,-121
114000395,1428,52,1376
114000396,411,411,0
114000402,340,221,119
114000403,256,318,-62
114000405,79,429,-350
114000423,292,338,-46
114000424,217,117,100
114000425,562,306,256
114000426,284,703,-419
114000427,47,56,-9
114000428,222,174,48
114000429,4,161,-157
114000432,58,91,-33
114000434,39,73,-34
114000435,0,138,-138
114900001,539,938,-399
114900002,369,90,279
114900003,496,1355,-859
114900004,263,505,-242
114900005,450,736,-286
114900006,78,37,41
114900007,210,13,197
114900008,125,75,50
114900010,1849,1779,70
114900011,215,132,83
114900013,187,110,77
114900015,62,336,-274
114900018,572,38,534
114900020,203,91,112
114900022,29,551,-522
114900024,286,123,163
114900025,390,168,222
114900026,65,89,-24
114900027,193,185,8
114900029,94,15,79
114900030,321,201,120
114900031,314,20,294
114900032,251,29,222
114900033,670,453,217
114900034,45,168,-123
114900035,132,239,-107
114900036,177,582,-405
114900037,131,179,-48
114900038,115,510,-395
114900039,530,502,28
114900040,80,101,-21
114900041,557,484,73
114900042,626,691,-65
114900043,547,212,335
114900044,125,26,99
114900046,43,91,-48
114900047,190,1497,-1307
114900048,112,217,-105
114900049,28,168,-140
114900050,53,333,-280
114900051,12,309,-297
114900052,44,164,-120
114900053,80,288,-208
114900054,12,103,-91
114900057,210,15,195
114900058,0,51,-51
114900059,71,53,18
114900060,1098,685,413
114900061,109,128,-19
114900062,187,217,-30
114900063,73,207,-134
114900064,1139,476,663
114900065,320,624,-304
114900067,79,466,-387
114900068,60,163,-103
114900069,150,86,64
114900070,481,371,110
114900072,6,273,-267
114900073,0,141,-141
114900074,445,621,-176
114900075,146,3,143
114900076,4,280,-276
114900080,1678,429,1249
114900082,3117,1806,1311
114900083,1192,1159,33
114900090,246,192,54
114900091,103,171,-68
114900095,251,98,153
114900096,417,540,-123
114900097,159,3,156
114900098,2,187,-185
114900099,229,7,222
115000001,5978,4570,1408
115000002,3190,3521,-331
115000003,4513,3654,859
115000004,3458,4734,-1276
115000005,1507,2319,-812
115000006,875,1357,-482
115000007,97,161,-64
115000008,516,493,23
115000009,162,283,-121
115000010,295,148,147
115000013,31,196,-165
115000015,113,311,-198
115000016,68,187,-119
115000019,35,410,-375
115000020,155,580,-425
115000021,304,489,-185
115000022,478,358,120
115000023,339,425,-86
115000024,1061,440,621
115000025,673,613,60
115000026,133,414,-281
115000027,209,280,-71
115000028,246,883,-637
115000029,435,98,337
115000030,628,1084,-456
115000031,1102,231,871
115000032,14,270,-256
115000033,145,37,108
115000034,85,1007,-922
115000035,1060,64,996
115000036,0,358,-358
115000037,524,11,513
115000038,64,179,-115
115000039,3270,2896,374
115000040,5658,3334,2324
115000041,1138,2698,-1560
115000042,775,556,219
115000043,3201,1925,1276
115000044,3343,3778,-435
115000045,2145,1759,386
115000046,1743,2098,-355
115000047,1714,1297,417
115000048,1548,2544,-996
115000049,1625,3426,-1801
115000050,2753,1703,1050
115000051,1681,2331,-650
115000052,2710,1671,1039
115000053,1459,1435,24
115000054,673,1324,-651
115000055,153,601,-448
115000056,245,497,-252
115000057,758,822,-64
115000058,554,198,356
115000059,212,155,57
115000061,328,89,239
115000062,205,249,-44
115000063,268,317,-49
115000064,219,110,109
115000065,23,366,-343
115000067,202,29,173
115000069,76,312,-236
115000070,50,717,-667
115000071,148,28,120
115000072,19,87,-68
115000073,1163,58,1105
115000075,103,58,45
115000076,2918,2574,344
115000077,1550,2237,-687
115000078,992,1361,-369
115000079,1116,1824,-708
115000080,1863,2044,-181
115000081,451,1000,-549
115000082,3169,3222,-53
115000083,1969,2295,-326
115000084,1681,1001,680
115000085,595,881,-286
115000086,852,682,170
115000087,386,1443,-1057
115000088,1592,521,1071
115000089,1420,1203,217
115000090,426,627,-201
115000091,223,931,-708
115000092,403,298,105
115000093,441,3,438
115000094,6372,4728,1644
115000095,4259,4907,-648
115000096,619,1431,-812
115000097,779,890,-111
115000098,928,757,171
115000099,2184,2909,-725
115000100,902,407,495
115000101,422,1502,-1080
115000102,326,193,133
115000103,270,698,-428
115000105,50,194,-144
115000106,528,284,244
115000107,192,498,-306
115000108,3254,2222,1032
115000109,3871,3565,306
115000110,1444,1026,418
115000111,607,1809,-1202
115000112,525,519,6
115000113,530,766,-236
115000114,1532,782,750
115000116,3419,1753,1666
115000117,3414,2984,430
115000118,1800,1587,213
115000119,1653,2276,-623
115000120,516,1137,-621
115000121,1578,862,716
115000122,4072,1414,2658
115000123,1460,1955,-495
115000124,945,888,57
115000125,411,613,-202
115000126,124,250,-126
115000127,387,77,310
115000128,507,802,-295
115000129,358,262,96
115000130,429,924,-495
115000131,776,255,521
115000132,220,351,-131
115000133,403,274,129
115000134,238,175,63
115000135,220,143,77
115000136,288,240,48
115000137,194,182,12
115000138,240,274,-34
115000139,246,250,-4
115000140,271,226,45
115000141,224,296,-72
115000142,172,284,-112
115000143,572,615,-43
115000144,489,96,393
115000145,273,342,-69
115000146,385,214,171
115000147,307,512,-205
115000148,213,1039,-826
115000149,487,187,300
115000150,529,818,-289
115000151,976,467,509
115000152,610,1090,-480
115000153,998,435,563
115000154,626,280,346
115000155,526,950,-424
115000156,1012,585,427
115000157,608,768,-160
115000158,543,304,239
115000159,724,449,275
115000160,465,331,134
115000161,140,415,-275
115000162,616,608,8
115000163,602,633,-31
115000164,718,631,87
115000165,343,412,-69
115000167,178,61,117
115000168,454,316,138
115000169,571,307,264
115000170,194,161,33
115000171,349,223,126
115000172,1011,584,427
115000173,368,428,-60
115000174,92,304,-212
115000175,190,116,74
115000176,142,71,71
115000177,93,106,-13
115000178,29,216,-187
115000179,54,14,40
115000180,79,511,-432
115000181,482,87,395
115000182,742,267,475
115000183,286,815,-529
115000186,588,238,350
115000187,207,712,-505
115000188,340,505,-165
115000189,170,407,-237
115000190,710,344,366
115000191,171,513,-342
115000194,122,174,-52
115000195,265,282,-17
115000196,128,92,36
115000197,185,300,-115
115000198,209,166,43
115000199,295,181,114
115000200,306,84,222
115000201,127,292,-165
115000206,319,45,274
115000207,112,309,-197
115000208,309,529,-220
115000209,681,235,446
115000210,98,139,-41
115000211,217,176,41
115000212,1317,239,1078
115000224,485,52,433
115000225,33,76,-43
115000229,162,144,18
115000230,107,317,-210
115000231,315,1630,-1315
115000232,1443,248,1195
115000233,155,179,-24
115000234,19,267,-248
115000241,106,246,-140
115000242,100,288,-188
115000243,35,202,-167
115000244,20,65,-45
115000246,29,23,6
115000247,32,17,15
115000248,29,18,11
115000249,40,15,25
115000250,249,53,196
115000251,216,115,101
115000252,93,160,-67
115000253,16,351,-335
115000258,192,166,26
115000259,283,154,129
115000261,4,34,-30
115000262,6,22,-16
115000263,14,26,-12
115000264,29,48,-19
115000267,44,65,-21
115000268,34,119,-85
115000269,102,61,41
115000270,5,30,-25
115000272,64,152,-88
115000273,385,40,345
115000280,1149,131,1018
115000281,244,538,-294
115000282,724,585,139
115000284,417,159,258
115000296,1051,10,1041
115000297,163,60,103
115000298,59,272,-213
115000300,192,182,10
115000302,536,149,387
115000303,560,110,450
115000304,586,57,529
115000305,64,624,-560
115000306,131,294,-163
115000307,88,197,-109
115000308,28,21,7
115000309,10,21,-11
115000310,805,873,-68
115000311,743,993,-250
115000313,95,537,-442
115000314,384,124,260
115000315,959,455,504
115000316,41,119,-78
115000317,194,392,-198
115000318,671,285,386
115000319,72,359,-287
115000320,12,224,-212
115000321,411,8,403
115000322,37,200,-163
115000449,188,209,-21
115000557,1,932,-931
115000558,494,70,424
115000587,454,299,155
115000588,2220,2865,-645
115000589,3097,2338,759
115000590,894,1164,-270
115000591,1294,584,710
115000592,573,1620,-1047
115000593,1230,499,731
115000594,1006,2267,-1261
115000609,159,279,-120
115000617,1727,2536,-809
115000624,194,91,103
115000633,370,2059,-1689
115000634,2314,700,1614
115000635,589,126,463
115000638,750,835,-85
115000641,58,160,-102
115000642,348,275,73
115000643,126,485,-359
115000644,156,405,-249
115000646,793,1387,-594
115000647,177,362,-185
115000648,1529,1746,-217
115000893,3428,1361,2067
115000894,113,1189,-1076
115000895,620,858,-238
115000896,1589,307,1282
115000897,524,112,412
115000898,501,197,304
115000899,470,1148,-678
115000900,116,302,-186
115000901,121,127,-6
115000912,418,95,323
115000913,4,19,-15
115000915,35,0,35
115000916,3,0,3
115000917,0,13,-13
115000918,67,249,-182
115000919,5,3,2
115000920,40,47,-7
115000921,450,72,378
115000922,1198,684,514
115000923,528,1063,-535
115000925,114,63,51
115000927,55,71,-16
115000933,283,179,104
115000934,135,225,-90
115000935,132,96,36
115000936,22,520,-498
115000937,801,123,678
115000938,177,198,-21
115000939,220,209,11
115000940,36,19,17
115000941,25,16,9
115000942,62,83,-21
115000943,85,10,75
115000944,4,16,-12
115900001,58,30,28
115900002,95,119,-24
115900003,198,131,67
115900004,1,54,-53
115900005,141,5,136
115900006,107,246,-139
115900008,29,11,18
115900009,72,212,-140
115900010,213,152,61
115900011,349,222,127
115900012,132,76,56
115900013,272,134,138
115900014,96,124,-28
115900015,120,72,48
115900016,95,31,64
115900017,7,5,2
115900018,215,66,149
115900019,137,9,128
115900020,31,0,31
115900021,1147,122,1025
115900022,1147,15,1132
115900023,80,9,71
115900025,30,199,-169
115900026,767,253,514
115900027,0,182,-182
115900028,619,49,570
115900029,20,344,-324
115900030,21,22,-1
115900031,384,301,83
115900032,382,632,-250
115900033,0,24,-24
115900034,33,356,-323
115900035,37,15,22
115900036,75,514,-439
115900037,39,317,-278
115900038,32,7,25
115900039,219,172,47
115900041,477,431,46
115900042,18,4,14
115900043,107,53,54
115900044,196,255,-59
115900046,172,231,-59
115900047,171,93,78
115900049,122,204,-82
115900051,2,83,-81
115900052,8,222,-214
115900053,193,152,41
115900054,179,76,103
115900055,13,111,-98
115900056,213,214,-1
115900057,17,24,-7
115900058,60,69,-9
115900060,84,125,-41
115900061,165,0,165
115900062,27,208,-181
115900063,97,8,89
115900064,125,242,-117
115900065,125,91,34
115900066,204,141,63
115900067,21,591,-570
115900068,3090,601,2489
115900069,46,166,-120
115900070,230,160,70
115900071,0,340,-340
115900072,51,165,-114
115900073,64,66,-2
115900074,2,306,-304
115900075,24,203,-179
115900076,6,60,-54
115900077,4,239,-235
115900078,44,99,-55
115900079,139,12,127
115900080,535,223,312
115900081,22,84,-62
115900082,166,152,14
115900084,323,27,296
115900085,35,54,-19
115900086,1405,524,881
115900088,7,33,-26
115900089,267,636,-369
115900090,251,35,216
115900091,14,36,-22
115900092,23,192,-169
115900093,15,23,-8
115900094,2,351,-349
115900096,0,12,-12
115900097,11,412,-401
115900098,113,260,-147
115900099,84,44,40
115900100,9,448,-439
115900101,97,238,-141
115900102,33,62,-29
115900103,253,185,68
115900104,53,131,-78
115900105,217,470,-253
115900106,55,30,25
115900107,37,110,-73
115900108,77,48,29
115900109,60,390,-330
115900110,3,35,-32
115900111,1,115,-114
115900112,48,689,-641
115900113,49,28,21
115900114,1,137,-136
115900115,62,209,-147
115900116,77,689,-612
115900117,48,21,27
115900118,1,321,-320
115900119,109,98,11
115900120,13,274,-261
115900121,131,168,-37
115900124,154,512,-358
115900125,214,41,173
115900126,478,93,385
115900127,536,74,462
115900128,14,118,-104
115900129,498,35,463
115900130,13,227,-214
115900131,341,16,325
115900132,424,9,415
115900134,274,14,260
115900135,491,1017,-526
115900137,20,4,16
115900139,30,41,-11
115900140,178,33,145
115900141,3,26,-23
115900142,7,11,-4
115900143,196,172,24
115900144,59,131,-72
115900146,4,106,-102
115900147,250,244,6
115900148,52,6,46
115900149,66,19,47
115900150,59,33,26
115900151,16,70,-54
115900152,116,271,-155
115900153,102,147,-45
115900154,402,302,100
115900155,1,38,-37
115900156,475,688,-213
115900157,116,394,-278
115900158,12,16,-4
115900159,115,210,-95
115900160,17,7,10
115900161,51,166,-115
115900163,139,103,36
115900164,494,27,467
115900166,183,123,60
115900168,86,129,-43
115900171,72,371,-299
115900172,55,115,-60
115900173,194,162,32
115900174,238,218,20
115900175,90,198,-108
115900178,12,563,-551
115900179,186,16,170
115900180,53,135,-82
115900181,133,153,-20
115900182,276,187,89
115900183,39,25,14
115900184,1842,14,1828
115900187,13,118,-105
115900189,0,186,-186
115900190,317,1138,-821
115900191,47,328,-281
115900192,4,138,-134
115900193,165,124,41
115900194,524,48,476
115900195,591,1506,-915
115900198,144,275,-131
115900199,162,177,-15
115900200,218,214,4
115900201,427,312,115
115900202,1,33,-32
115900203,6,14,-8
115900204,0,0,0
115900205,128,22,106
115900206,166,132,34
115900207,25,26,-1
115900208,180,173,7
115900209,3,195,-192
115900210,9,113,-104
115900211,6,140,-134
115900212,128,209,-81
115900213,74,80,-6
115900214,372,263,109
115900215,20,89,-69
115900216,0,101,-101
115900217,4,48,-44
115900218,5,31,-26
115900219,80,10,70
115900220,86,17,69
115900221,23,22,1
115900222,24,23,1
115900223,4,201,-197
115900224,938,623,315
115900225,43,13,30
115900226,18,38,-20
115900227,4,34,-30
115900228,11,35,-24
115900229,7,32,-25
115900230,62,128,-66
115900231,87,12,75
115900232,46,7,39
115900233,45,16,29
115900234,40,25,15
115900235,33,41,-8
115900236,40,15,25
115900237,9,28,-19
115900238,12,28,-16
115900239,17,26,-9
115900240,3,46,-43
115900241,214,110,104
115900242,247,292,-45
115900243,7,12,-5
115900244,16,9,7
115900245,36,22,14
115900246,15,11,4
115900247,36,12,24
115900248,10,4,6
115900249,5,15,-10
115900250,4,15,-11
115900251,2,9,-7
115900252,4,2,2
115900253,13,8,5
115900254,9,22,-13
115900255,5,17,-12
115900256,9,19,-10
115900257,4,10,-6
115900258,0,4,-4
115900259,2,3,-1
115900260,10,1,9
115900261,8,1,7
115900262,2,1,1
115900263,6,2,4
115900264,8,4,4
115900265,0,12,-12
115900266,0,12,-12
115900267,12,7,5
115900268,4,2,2
115900269,319,306,13
115900270,303,294,9
115900271,69,0,69
115900272,37,0,37
115900273,10,8,2
115900274,2,3,-1
115900275,1,15,-14
115900276,0,23,-23
115900277,1,64,-63
115900278,23,105,-82
115900279,36,138,-102
115900280,18,232,-214
115900281,381,252,129
115900282,19,12,7
115900283,6,15,-9
115900284,5,7,-2
116000001,11301,4540,6761
116000002,4082,7758,-3676
116000003,1570,1518,52
116000004,2178,2642,-464
116000005,2492,2945,-453
116000006,2663,1673,990
116000007,2744,3582,-838
116000008,3121,1791,1330
116000009,1794,2595,-801
116000010,2372,1272,1100
116000011,864,2002,-1138
116000012,1185,828,357
116000013,9436,3949,5487
116000014,11849,9178,2671
116000015,286,969,-683
116000016,5427,2614,2813
116000017,26,561,-535
116000018,649,225,424
116000019,538,313,225
116000020,388,687,-299
116000021,303,275,28
116000022,306,269,37
116000023,850,497,353
116000024,588,713,-125
116000025,721,615,106
116000026,1598,2084,-486
116000027,614,494,120
116000028,420,504,-84
116000029,666,577,89
116000030,690,398,292
116000031,140,264,-124
116000032,333,160,173
116000033,258,454,-196
116000034,548,741,-193
116000035,314,666,-352
116000036,1647,797,850
116000037,616,401,215
116000038,474,370,104
116000039,518,241,277
116000040,820,209,611
116000041,215,349,-134
116000042,445,176,269
116000043,64,547,-483
116000044,30,113,-83
116000045,1395,991,404
116000046,1099,1224,-125
116000047,1580,2065,-485
116000048,1590,1629,-39
116000049,933,2057,-1124
116000050,1213,1186,27
116000051,5078,1902,3176
116000052,4766,3895,871
116000053,1591,830,761
116000054,683,2211,-1528
116000055,477,948,-471
116000056,810,949,-139
116000057,2479,1571,908
116000058,2214,1667,547
116000059,2031,3372,-1341
116000060,1935,805,1130
116000061,631,842,-211
116000062,702,193,509
116000063,564,889,-325
116000066,208,456,-248
116000067,259,406,-147
116000068,195,234,-39
116000069,193,334,-141
116000078,474,1067,-593
116000080,1677,1068,609
116000082,10,68,-58
116000083,1463,331,1132
116000084,2004,4009,-2005
116000085,1915,1362,553
116000086,1941,1522,419
116000087,1490,1248,242
116000088,625,962,-337
116000089,182,78,104
116000090,103,159,-56
116000091,291,312,-21
116000093,431,252,179
116000094,464,628,-164
116000095,551,376,175
116000096,630,1132,-502
116000097,761,660,101
116000098,119,4530,-4411
116000099,5129,237,4892
116000100,193,12,181
116000101,1125,768,357
116000102,251,1208,-957
116000103,364,227,137
116000104,202,1277,-1075
116000105,908,149,759
116000106,393,780,-387
116000107,1631,377,1254
116000108,114,194,-80
116000111,140,44,96
116000113,101,84,17
116000114,52,169,-117
116000115,208,76,132
116000116,276,545,-269
116000117,1312,1894,-582
116000118,1199,1230,-31
116000119,2461,1850,611
116000120,2553,3999,-1446
116000121,750,431,319
116000122,1270,1747,-477
116000123,687,442,245
116000124,287,902,-615
116000125,2402,591,1811
116000126,217,1574,-1357
116000127,934,1231,-297
116000128,1196,731,465
116000129,914,241,673
116000130,508,344,164
116000133,684,852,-168
116000134,1699,2111,-412
116000135,1731,1327,404
116000136,1092,2144,-1052
116000137,899,628,271
116000138,699,393,306
116000139,1740,1836,-96
116000140,201,213,-12
116000141,313,682,-369
116000142,3058,3086,-28
116000143,1758,1536,222
116000144,1221,2050,-829
116000145,1465,1176,289
116000146,408,216,192
116000147,363,96,267
116000148,374,366,8
116000149,497,414,83
116000151,711,649,62
116000153,70,381,-311
116000155,196,197,-1
116000156,320,886,-566
116000157,44,14,30
116000158,298,283,15
116000159,2,9,-7
116000160,7,51,-44
116000161,6,64,-58
116000162,46,56,-10
116000163,15,13,2
116000164,6,42,-36
116000177,141,71,70
116000194,114,378,-264
116000195,1378,597,781
116000196,0,0,0
116000197,0,1,-1
116000198,2253,904,1349
116000200,518,302,216
116000201,574,574,0
116000202,17,238,-221
116000203,2,89,-87
116000204,9,75,-66
116000205,0,174,-174
116000206,1,117,-116
116000207,5,41,-36
116000233,188,436,-248
116000287,160,414,-254
116000288,179,187,-8
116000292,134,168,-34
116000296,31,199,-168
116000297,145,44,101
116000304,233,26,207
116000305,30,75,-45
116000346,0,0,0
116000352,0,0,0
116000354,0,0,0
116000357,0,0,0
116000358,228,47,181
116000361,437,8,429
116000372,6262,3145,3117
116000381,117,2,115
116000388,2,35,-33
116000389,651,510,141
116000445,260,513,-253
116000446,365,576,-211
116000447,18,467,-449
116000448,536,217,319
116000563,749,581,168
116000565,31,423,-392
116000568,80,221,-141
116000579,29,124,-95
116000583,21,20,1
116000584,14,10,4
116000585,34,12,22
116000586,70,65,5
116000587,439,452,-13
116000589,26,60,-34
116000590,64,59,5
116000591,161,204,-43
116000592,18,89,-71
116000593,0,31,-31
116000594,419,487,-68
116000595,427,112,315
116000596,80,7,73
116000597,325,57,268
116000598,10,178,-168
116000605,248,116,132
116000606,69,219,-150
116000607,10,71,-61
116000609,197,710,-513
116000611,164,454,-290
116000612,648,1786,-1138
116000613,446,289,157
116000614,340,483,-143
116000615,3,227,-224
116000616,41,54,-13
116000617,84,56,28
116000618,4,89,-85
116000619,52,63,-11
116000620,98,53,45
116000621,62,88,-26
116000622,38,138,-100
116000624,136,111,25
116000627,84,84,0
116000628,117,506,-389
116000629,30,396,-366
116000630,349,22,327
116000631,198,53,145
116000632,787,93,694
116000633,186,227,-41
116000634,336,199,137
116000635,2806,1763,1043
116000636,1039,917,122
116000637,521,77,444
116000638,110,321,-211
116000640,19,12,7
116000641,78,139,-61
116000644,24,567,-543
116900001,177,111,66
116900002,158,3,155
116900003,13,44,-31
116900004,45,61,-16
116900005,174,45,129
116900006,168,137,31
116900007,98,121,-23
116900008,344,281,63
116900009,6,1,5
116900010,1,1249,-1248
116900011,13,17,-4
116900012,91,121,-30
116900013,4,144,-140
116900014,96,231,-135
116900015,262,36,226
116900016,150,1,149
116900017,5,451,-446
116900018,34,35,-1
116900019,9,261,-252
116900020,884,927,-43
116900023,64,8,56
116900024,363,43,320
116900025,709,652,57
116900026,137,507,-370
116900027,43,53,-10
116900028,10,61,-51
116900029,0,46,-46
116900031,3,0,3
116900032,41,316,-275
116900033,26,20,6
116900034,8,43,-35
116900035,147,179,-32
116900036,2,69,-67
116900038,25,3,22
116900041,15,14,1
116900042,611,252,359
116900043,40,53,-13
116900047,25,123,-98
116900049,31,275,-244
116900050,99,385,-286
116900051,103,147,-44
116900052,135,51,84
116900055,0,7,-7
116900057,17,205,-188
116900058,29,306,-277
116900059,2,116,-114
116900060,165,187,-22
116900062,1,8,-7
116900064,63,623,-560
116900065,35,105,-70
116900067,73,93,-20
116900068,121,176,-55
116900070,0,1,-1
116900072,19,299,-280
116900073,5,100,-95
116900074,9,42,-33
116900076,11,20,-9
116900077,11,125,-114
116900078,224,80,144
116900079,28,210,-182
116900080,25,18,7
116900081,298,971,-673
116900082,451,718,-267
116900083,62,33,29
116900084,185,45,140
116900085,66,190,-124
116900086,42,181,-139
116900088,356,73,283
116900090,152,63,89
116900091,250,28,222
116900092,57,615,-558
116900093,1388,1472,-84
116900094,3820,2859,961
116900095,169,72,97
116900096,105,248,-143
116900097,2605,2152,453
116900098,729,221,508
116900099,635,484,151
116900100,755,27,728
116900101,228,447,-219
116900103,7,0,7
116900104,66,81,-15
116900105,209,102,107
116900106,1532,174,1358
116900107,3217,2022,1195
116900110,6,0,6
116900111,351,603,-252
116900112,183,792,-609
116900113,1745,1369,376
116900116,103,356,-253
116900117,125,96,29
116900118,663,662,1
116900120,253,68,185
116900121,93,21,72
116900122,577,632,-55
116900123,94,595,-501
116900124,174,814,-640
116900125,271,130,141
116900126,158,487,-329
116900128,0,51,-51
116900129,0,232,-232
116900130,480,2466,-1986
116900131,64,205,-141
116900132,39,80,-41
116900133,83,114,-31
116900134,169,189,-20
116900136,158,135,23
116900137,284,144,140
116900138,195,168,27
116900139,107,379,-272
116900140,130,149,-19
116900141,672,507,165
116900142,2,65,-63
116900143,168,377,-209
116900144,13,62,-49
116900145,72,195,-123
116900147,474,313,161
116900148,8,42,-34
116900149,29,197,-168
116900150,8,32,-24
116900151,39,10,29
116900153,53,70,-17
116900154,513,363,150
116900155,96,66,30
116900157,381,271,110
116900158,995,226,769
116900159,37,221,-184
116900160,835,395,440
116900161,4593,4086,507
116900162,22,112,-90
116900163,120,130,-10
116900164,269,45,224
116900165,184,135,49
116900166,16,62,-46
116900167,254,66,188
116900168,341,89,252
116900169,556,339,217
116900170,156,448,-292
116900171,24,137,-113
116900172,154,212,-58
116900173,111,42,69
116900174,65,54,11
116900175,148,137,11
116900178,12,73,-61
116900179,132,281,-149
116900180,100,21,79
116900182,282,188,94
116900183,146,61,85
116900185,45,80,-35
116900186,92,219,-127
116900187,85,50,35
116900188,105,32,73
116900189,124,3,121
116900191,255,466,-211
116900192,193,106,87
116900194,196,1024,-828
116900195,20,24,-4
116900196,15,75,-60
116900197,81,6,75
116900198,160,201,-41
116900200,20,23,-3
116900201,59,10,49
116900202,96,40,56
116900203,123,3,120
116900204,32,57,-25
116900206,5,22,-17
116900207,34,44,-10
116900208,10,86,-76
116900209,72,92,-20
116900210,384,202,182
116900211,136,10,126
116900212,46,67,-21
116900213,211,167,44
116900214,162,143,19
116900215,36,88,-52
116900216,264,201,63
116900218,4,140,-136
116900219,1300,398,902
116900220,75,165,-90
116900221,57,253,-196
116900222,310,277,33
116900223,68,194,-126
116900226,39,48,-9
116900227,144,61,83
116900228,278,171,107
116900230,75,225,-150
116900231,28,285,-257
116900232,9,356,-347
116900233,190,100,90
116900234,15,2,13
116900235,149,252,-103
116900238,1478,301,1177
116900239,29,1352,-1323
116900240,4637,2873,1764
116900241,52,113,-61
116900242,888,365,523
116900243,1,37,-36
116900245,17,16,1
116900246,103,23,80
116900247,472,15,457
116900248,67,32,35
116900249,239,81,158
116900250,339,37,302
116900251,399,313,86
116900252,120,741,-621
116900253,129,73,56
116900254,15,77,-62
116900255,79,36,43
116900256,240,58,182
116900257,24,448,-424
116900258,2,231,-229
116900259,144,4,140
116900260,2,106,-104
116900261,36,2,34
116900262,188,161,27
116900263,0,9,-9
116900264,119,48,71
116900265,35,0,35
116900266,16,26,-10
116900267,4,0,4
116900268,56,76,-20
116900269,210,446,-236
116900271,931,136,795
116900272,346,225,121
116900273,129,51,78
116900274,114,38,76
116900275,113,89,24
116900276,397,80,317
116900277,432,24,408
116900278,3,13,-10
116900279,4,20,-16
116900280,12,32,-20
116900281,5068,3294,1774
116900282,5,76,-71
116900283,30,90,-60
116900284,11,144,-133
116900285,308,136,172
116900286,165,16,149
116900287,5,42,-37
116900288,58,117,-59
116900289,21,19,2
116900290,3,50,-47
116900291,11,9,2
116900292,0,4,-4
116900293,22,73,-51
116900294,18,108,-90
116900295,176,37,139
116900296,115,47,68
116900297,13,96,-83
116900298,75,27,48
116900299,132,31,101
116900300,1,62,-61
116900301,58,103,-45
116900302,55,52,3
116900303,351,71,280
116900304,0,128,-128
116900305,19,48,-29
116900306,126,88,38
116900307,99,0,99
116900308,1,132,-131
116900309,103,148,-45
117000001,1613,1444,169
117000002,1968,4364,-2396
117000003,5964,2992,2972
117000004,3782,4847,-1065
117000005,1763,1630,133
117000006,1350,3743,-2393
117000007,3233,1194,2039
117000008,1131,3898,-2767
117000009,4342,1983,2359
117000010,2653,4349,-1696
117000011,1946,1706,240
117000012,1226,1394,-168
117000013,1877,941,936
117000014,1365,2164,-799
117000015,2720,1372,1348
117000016,283,55,228
117000017,516,126,390
117000018,386,385,1
117000019,135,16,119
117000020,475,1108,-633
117000021,1966,600,1366
117000022,481,64,417
117000023,455,187,268
117000024,428,117,311
117000025,637,634,3
117000026,2607,863,1744
117000027,2534,3072,-538
117000028,3734,1160,2574
117000030,539,416,123
117000031,283,235,48
117000032,1555,1120,435
117000033,1542,706,836
117000034,308,329,-21
117000035,232,239,-7
117000036,418,302,116
117000037,293,240,53
117000038,294,554,-260
117000039,418,215,203
117000040,169,954,-785
117000041,721,169,552
117000044,26,913,-887
117000045,503,78,425
117000046,515,730,-215
117000047,655,503,152
117000048,1803,1176,627
117000049,73,473,-400
117000050,101,1976,-1875
117000051,1858,159,1699
117000052,46,336,-290
117000053,525,63,462
117000054,1507,6,1501
117000055,14,3052,-3038
117000056,550,18,532
117000057,532,2128,-1596
117000060,459,1438,-979
117000061,1330,776,554
117000062,230,637,-407
117000063,1837,819,1018
117000064,913,915,-2
117000066,940,776,164
117000067,139,400,-261
117000074,112,142,-30
117000076,54,52,2
117000077,124,127,-3
117000078,80,590,-510
117000079,252,168,84
117000080,0,310,-310
117000081,878,81,797
117000082,12,93,-81
117000083,131,9,122
117000084,304,2,302
117000085,260,629,-369
117000086,764,496,268
117000087,85,490,-405
117000088,260,210,50
117000089,1314,261,1053
117000090,271,1287,-1016
117000091,711,201,510
117000092,344,1308,-964
117000093,918,586,332
117000094,1242,3163,-1921
117000095,2853,744,2109
117000096,567,2504,-1937
117000097,1093,1064,29
117000098,2496,4700,-2204
117000099,2516,1110,1406
117000100,114,263,-149
117000101,224,1089,-865
117000102,1260,611,649
117000103,612,1703,-1091
117000104,1080,586,494
117000105,809,1573,-764
117000106,893,749,144
117000107,581,1853,-1272
117000108,1248,823,425
117000109,1565,2369,-804
117000110,1039,805,234
117000111,3330,4207,-877
117000112,2683,1734,949
117000113,98,242,-144
117000114,192,121,71
117000115,88,120,-32
117000116,128,226,-98
117000117,1325,657,668
117000118,302,127,175
117000119,1163,162,1001
117000120,236,327,-91
117000121,160,916,-756
117000122,310,708,-398
117000123,1520,24,1496
117000124,758,31,727
117000125,299,80,219
117000126,107,15,92
117000127,168,192,-24
117000128,469,626,-157
117000129,520,563,-43
117000130,197,28,169
117000131,3,114,-111
117000132,2239,16,2223
117000133,1014,63,951
117000134,0,47,-47
117000135,2,42,-40
117000136,1,27,-26
117000137,64,74,-10
117000138,6,533,-527
117000140,410,1504,-1094
117000141,1334,463,871
117000181,479,464,15
117000182,379,348,31
117000195,195,1088,-893
117000196,280,77,203
117000225,190,15,175
117000226,10,133,-123
117000276,156,11,145
117000277,0,433,-433
117000310,1576,2292,-716
117000315,38,1052,-1014
117000320,87,0,87
117000906,267,7,260
117000907,7,317,-310
117000909,56,45,11
117000910,129,138,-9
117000911,98,248,-150
117000915,4,574,-570
117000916,29,2,27
117000917,750,29,721
117000918,47,53,-6
117000919,2,134,-132
117000920,2,1214,-1212
117000921,2,1293,-1291
117000922,78,133,-55
117000924,427,866,-439
117000926,803,101,702
117000927,1815,679,1136
117000928,0,141,-141
117000929,213,368,-155
117000930,144,26,118
117000931,506,111,395
117900002,138,381,-243
117900003,640,334,306
117900005,5,28,-23
117900006,0,26,-26
117900007,116,109,7
117900008,0,26,-26
117900010,223,67,156
117900011,27,57,-30
117900012,69,85,-16
117900013,1,242,-241
117900014,515,142,373
117900015,12,100,-88
117900016,913,537,376
117900017,579,296,283
117900018,261,70,191
117900019,289,257,32
117900020,55,387,-332
117900021,35,72,-37
117900022,12,2,10
117900023,640,198,442
117900024,107,60,47
117900025,44,8,36
117900026,352,279,73
117900028,107,1,106
117900029,189,618,-429
117900030,341,329,12
117900031,208,80,128
117900032,889,489,400
117900033,204,611,-407
117900034,53,45,8
117900035,193,79,114
117900036,209,455,-246
117900037,69,90,-21
117900038,21,284,-263
117900039,7,52,-45
117900040,121,368,-247
117900041,6,41,-35
117900042,3093,330,2763
117900043,36,50,-14
117900044,15,3340,-3325
117900045,235,91,144
117900048,248,326,-78
117900049,153,493,-340
117900050,8,33,-25
117900051,59,3,56
117900052,36,308,-272
117900053,1272,699,573
117900054,1,24,-23
117900055,140,258,-118
117900056,354,51,303
117900057,1292,1129,163
117900058,96,26,70
117900059,347,80,267
117900060,1513,4980,-3467
117900061,20,227,-207
117900063,366,182,184
117900065,567,1100,-533
117900066,7,42,-35
117900067,320,157,163
117900069,599,242,357
117900070,238,15,223
117900071,68,133,-65
117900073,407,315,92
117900074,339,19,320
117900075,58,70,-12
117900076,20,44,-24
117900077,253,140,113
117900078,324,615,-291
117900080,109,52,57
117900081,433,333,100
117900082,346,298,48
117900083,218,411,-193
117900086,122,28,94
117900087,149,29,120
117900088,3339,1789,1550
117900089,1483,582,901
117900090,438,408,30
117900091,117,188,-71
117900092,53,27,26
117900093,59,44,15
117900094,39,18,21
117900095,293,397,-104
117900096,85,209,-124
117900097,86,49,37
117900098,24,9,15
117900099,250,190,60
117900100,118,4,114
117900101,356,1322,-966
117900102,47,39,8
117900103,50,3,47
117900104,55,95,-40
117900105,119,177,-58
117900106,79,27,52
117900107,28,0,28
117900109,430,327,103
117900110,133,1,132
117900111,262,10,252
117900112,46,12,34
117900113,2933,1484,1449
117900114,21,0,21
117900115,266,48,218
117900116,883,758,125
117900117,427,308,119
117900118,38,0,38
117900119,117,219,-102
117900120,135,63,72
117900121,61,10,51
117900122,982,2681,-1699
117900123,742,394,348
117900124,751,676,75
117900125,1633,1463,170
117900126,218,494,-276
117900127,395,358,37
117900128,315,468,-153
117900129,48,1,47
117900130,802,360,442
117900131,0,113,-113
117900132,13,96,-83
117900133,17,139,-122
117900134,33,154,-121
117900135,37,196,-159
117900136,1,47,-46
117900137,28,230,-202
117900138,0,42,-42
117900139,102,121,-19
117900140,3166,411,2755
117900141,143,185,-42
117900142,241,26,215
117900144,74,99,-25
117900145,23,35,-12
117900146,218,113,105
117900147,38,56,-18
117900148,2200,1039,1161
117900149,90,241,-151
117900150,43,43,0
117900151,41,109,-68
117900152,123,61,62
117900153,19,100,-81
117900154,396,548,-152
117900156,868,935,-67
117900157,102,449,-347
117900158,221,91,130
117900160,479,487,-8
117900161,2747,2010,737
117900162,297,383,-86
117900163,142,66,76
117900165,0,4,-4
117900166,87,399,-312
117900168,35,153,-118
117900169,0,84,-84
117900170,1,39,-38
117900171,2,27,-25
117900172,21,24,-3
117900173,120,78,42
117900174,45,53,-8
117900175,3,52,-49
117900176,38,32,6
117900177,20,38,-18
117900178,97,22,75
117900180,209,70,139
117900181,138,274,-136
117900182,8,33,-25
117900183,56,132,-76
117900184,7,36,-29
117900185,37,43,-6
117900186,55,12,43
117900187,18,5,13
117900188,146,36,110
117900189,38,25,13
117900190,22,3,19
117900191,73,2,71
117900192,160,4,156
117900193,1,51,-50
117900194,20,4,16
117900195,15,42,-27
117900196,9,29,-20
117900207,169,119,50
117900208,22,17,5
117900209,168,155,13
117900210,107,142,-35
117900211,2,117,-115
117900212,83,162,-79
117900213,22,14,8
117900214,11,34,-23
117900215,22,26,-4
117900216,48,16,32
117900217,143,207,-64
117900218,211,129,82
117900219,12,78,-66
117900220,164,72,92
117900222,209,288,-79
117900223,139,238,-99
118000001,1009,730,279
118000002,1116,1874,-758
118000003,2323,2283,40
118000004,3284,2708,576
118000005,4771,4088,683
118000006,6517,8959,-2442
118000007,5903,2880,3023
118000008,5775,3315,2460
118000009,2224,2728,-504
118000010,4060,3523,537
118000011,1121,1736,-615
118000012,1089,1792,-703
118000013,2384,2193,191
118000014,1780,2483,-703
118000016,123,352,-229
118000017,354,400,-46
118000018,498,410,88
118000019,2341,1321,1020
118000020,1292,2488,-1196
118000021,818,2261,-1443
118000022,1795,680,1115
118000023,1005,268,737
118000024,1665,999,666
118000027,14035,9634,4401
118000029,981,584,397
118000032,1371,3061,-1690
118000033,3075,3751,-676
118000034,5242,2066,3176
118000035,1617,2085,-468
118000036,1241,954,287
118000037,600,720,-120
118000038,119,52,67
118000039,61,170,-109
118000040,1362,1141,221
118000041,1839,1146,693
118000045,924,129,795
118000046,1542,411,1131
118000047,1247,572,675
118000048,2935,1359,1576
118000051,1707,971,736
118000052,1468,405,1063
118000053,438,428,10
118000054,1916,1447,469
118000055,1765,1726,39
118000056,353,268,85
118000057,317,361,-44
118000058,2483,857,1626
118000059,1547,563,984
118000060,899,435,464
118000061,1176,1151,25
118000062,635,255,380
118000063,419,422,-3
118000064,698,1044,-346
118000065,3664,1535,2129
118000066,590,1297,-707
118000067,1550,823,727
118000068,1654,3876,-2222
118000069,3391,996,2395
118000070,5021,1508,3513
118000071,2986,5590,-2604
118000072,1921,1023,898
118000073,3322,494,2828
118000074,724,660,64
118000075,869,195,674
118000076,1096,1764,-668
118000077,1300,1162,138
118000078,1647,1639,8
118000079,280,358,-78
118000080,1176,902,274
118000081,1756,1095,661
118000082,308,1057,-749
118000083,1394,1373,21
118000084,2774,1579,1195
118000086,330,530,-200
118000087,4682,2315,2367
118000088,1601,1734,-133
118000089,3014,1798,1216
118000090,1528,2375,-847
118000091,847,2108,-1261
118000092,1084,470,614
118000093,105,645,-540
118000096,533,533,0
118000097,806,595,211
118000098,298,169,129
118000099,468,653,-185
118000101,936,360,576
118000102,379,1181,-802
118000107,1591,427,1164
118000108,591,1825,-1234
118000110,1,14,-13
118000111,0,288,-288
118000112,389,1,388
118000113,2,550,-548
118000114,267,5,262
118000115,12,8,4
118000116,40,0,40
118000117,1203,688,515
118000118,873,741,132
118000119,904,1064,-160
118000120,1591,1118,473
118000121,117,636,-519
118000122,1463,345,1118
118000123,64,288,-224
118000125,1653,802,851
118000126,1011,1317,-306
118000127,1523,636,887
118000128,677,1090,-413
118000129,1510,511,999
118000130,2706,3855,-1149
118000131,1229,997,232
118000132,2550,1758,792
118000133,1139,483,656
118000135,543,452,91
118000136,140,497,-357
118000137,672,75,597
118000138,403,513,-110
118000139,356,101,255
118000140,2136,3453,-1317
118000141,1804,1716,88
118000142,1278,1649,-371
118000143,1549,1043,506
118000144,1003,791,212
118000145,1374,2218,-844
118000146,1053,954,99
118000147,884,1512,-628
118000148,606,1144,-538
118000149,682,886,-204
118000150,342,306,36
118000151,332,356,-24
118000153,1055,1047,8
118000154,1310,1360,-50
118000155,1156,1203,-47
118000156,2058,2218,-160
118000157,608,375,233
118000158,202,415,-213
118000159,25,71,-46
118000160,397,351,46
118000161,352,744,-392
118000162,1197,835,362
118000163,727,783,-56
118000164,1834,1178,656
118000168,954,403,551
118000169,1097,1249,-152
118000170,3627,4640,-1013
118000171,219,651,-432
118000172,81,303,-222
118000173,698,862,-164
118000175,233,240,-7
118000176,204,341,-137
118000177,199,464,-265
118000178,47,42,5
118000179,1092,755,337
118000180,664,549,115
118000181,769,315,454
118000182,254,237,17
118000183,250,246,4
118000184,553,678,-125
118000185,754,865,-111
118000186,693,871,-178
118000187,988,660,328
118000188,464,174,290
118000189,382,699,-317
118000190,15,25,-10
118000191,37,23,14
118000192,810,739,71
118000193,764,532,232
118000194,1502,947,555
118000195,630,791,-161
118000196,316,117,199
118000197,666,136,530
118000198,839,517,322
118000199,1306,407,899
118000200,57,188,-131
118000201,373,408,-35
118000202,40,63,-23
118000203,1113,468,645
118000204,238,272,-34
118000205,224,289,-65
118000206,169,176,-7
118000207,0,62,-62
118000208,1103,1393,-290
118000209,1611,1717,-106
118000210,43,41,2
118000211,40,25,15
118000213,727,926,-199
118000214,536,441,95
118000215,222,250,-28
118000216,1226,2498,-1272
118000217,32,115,-83
118000218,63,122,-59
118000219,422,304,118
118000220,3,35,-32
118000221,118,233,-115
118000222,67,12,55
118000223,43,34,9
118000224,161,81,80
118000225,142,561,-419
118000226,1113,127,986
118000227,868,354,514
118000228,149,181,-32
118000229,159,48,111
118000230,134,185,-51
118000231,88,168,-80
118000232,566,758,-192
118000233,762,700,62
118000234,292,166,126
118000236,256,254,2
118000237,78,348,-270
118000238,201,166,35
118000239,302,257,45
118000240,338,121,217
118000241,118,187,-69
118000242,263,587,-324
118000243,208,202,6
118000244,55,93,-38
118000246,0,18,-18
118000255,78,225,-147
118000256,97,255,-158
118000259,12,49,-37
118000260,184,74,110
118000261,20,61,-41
118000263,74,195,-121
118000266,392,229,163
118000267,0,89,-89
118000268,346,5,341
118000270,105,37,68
118000271,165,253,-88
118000272,81,35,46
118000273,100,75,25
118000274,117,240,-123
118000276,344,283,61
118000295,1,77,-76
118000298,112,375,-263
118000299,104,158,-54
118000301,0,41,-41
118000302,93,82,11
118000311,316,90,226
118000312,217,145,72
118000313,31,128,-97
118000314,42,46,-4
118000315,15,73,-58
118000316,521,400,121
118000325,57,48,9
118000326,16,34,-18
118000331,34,56,-22
118000332,9,21,-12
118000333,26,59,-33
118000335,269,0,269
118000336,0,210,-210
118000407,124,43,81
118000457,10,48,-38
118000465,3402,3574,-172
118000480,34,113,-79
118000489,184,307,-123
118000490,178,411,-233
118000492,211,187,24
118000510,71,10,61
118000514,177,193,-16
118000515,535,538,-3
118000517,330,184,146
118000524,413,211,202
118000525,761,677,84
118000530,25,82,-57
118000531,265,252,13
118000532,182,264,-82
118000533,351,130,221
118000534,499,337,162
118000535,240,103,137
118000536,649,925,-276
118000537,41,74,-33
118000538,17,53,-36
118000539,9,41,-32
118000540,217,88,129
118000541,138,57,81
118000542,98,107,-9
118000543,82,118,-36
118000546,43,14,29
118000553,0,1,-1
118000557,0,0,0
118000560,2512,1516,996
118000562,23,162,-139
118000563,1528,1198,330
118000576,179,155,24
118000577,229,173,56
118000578,182,105,77
118000579,556,765,-209
118000583,0,0,0
118000595,177,83,94
118000596,0,70,-70
118000597,131,110,21
118000598,7,3,4
118000599,32,38,-6
118000600,3,2,1
118000601,3,0,3
118000602,0,4,-4
118000603,0,32,-32
118000605,56,303,-247
118900001,560,910,-350
118900002,729,587,142
118900003,219,12,207
118900004,33,32,1
118900005,40,4,36
118900006,205,13,192
118900007,7,1,6
118900008,1015,40,975
118900009,24,32,-8
118900010,42,6,36
118900011,129,18,111
118900012,415,196,219
118900013,325,74,251
118900015,125,29,96
118900016,3,8,-5
118900017,224,242,-18
118900018,678,19,659
118900019,49,24,25
118900020,151,123,28
118900021,156,216,-60
118900022,88,74,14
118900023,121,85,36
118900024,81,121,-40
118900025,31,15,16
118900026,34,57,-23
118900027,316,267,49
118900028,107,108,-1
118900029,276,240,36
118900030,220,58,162
118900031,102,79,23
118900032,175,198,-23
118900033,352,295,57
118900034,152,27,125
118900035,98,178,-80
118900036,811,489,322
118900037,376,170,206
118900038,267,188,79
118900039,328,139,189
118900040,143,152,-9
118900041,538,156,382
118900042,152,66,86
118900045,197,135,62
118900046,824,271,553
118900047,386,170,216
118900048,183,149,34
118900049,53,28,25
118900050,13,87,-74
118900051,98,104,-6
118900052,254,168,86
118900053,29,70,-41
118900054,114,74,40
118900055,37,73,-36
118900056,93,252,-159
118900057,512,314,198
118900058,313,252,61
118900059,18,82,-64
118900060,141,107,34
118900062,257,151,106
118900064,534,471,63
118900065,52,134,-82
118900066,41,89,-48
118900067,4037,3066,971
118900068,9,177,-168
118900069,275,194,81
118900071,5,61,-56
118900072,325,369,-44
118900073,76,104,-28
118900074,104,176,-72
118900075,82,72,10
118900076,217,90,127
118900077,143,161,-18
118900078,52,5,47
118900079,39,198,-159
118900080,8,107,-99
118900081,70,27,43
118900082,431,133,298
118900083,28,5,23
118900084,8,18,-10
118900085,461,767,-306
118900086,34,68,-34
118900087,8,119,-111
118900088,0,4,-4
118900089,18,16,2
118900090,324,371,-47
118900091,136,147,-11
118900092,92,85,7
118900093,136,16,120
118900096,51,96,-45
118900097,178,367,-189
118900099,39,193,-154
118900100,122,177,-55
118900101,62,292,-230
118900102,37,88,-51
118900103,30,59,-29
118900104,156,98,58
118900105,176,92,84
118900107,107,76,31
118900108,86,92,-6
118900110,1365,693,672
118900111,301,459,-158
118900112,93,153,-60
118900113,87,440,-353
118900114,31,59,-28
118900115,105,277,-172
118900116,106,162,-56
118900117,85,157,-72
118900118,194,280,-86
118900119,104,177,-73
118900120,53,243,-190
118900121,16,156,-140
118900122,10,587,-577
118900123,93,145,-52
118900124,46,165,-119
118900126,9,199,-190
118900129,225,170,55
118900130,94,194,-100
118900131,96,197,-101
118900132,240,190,50
118900133,14,107,-93
118900135,142,189,-47
118900136,171,379,-208
118900137,3,26,-23
118900139,202,317,-115
118900140,282,497,-215
118900141,94,122,-28
118900144,95,329,-234
118900145,35,92,-57
118900146,204,491,-287
118900147,196,99,97
118900148,47,42,5
118900150,147,538,-391
118900152,410,746,-336
118900157,70,170,-100
118900158,65,79,-14
118900159,2,111,-109
118900161,102,11,91
118900163,123,91,32
118900164,2,102,-100
118900165,40,174,-134
118900166,12,2,10
118900167,72,108,-36
118900168,5,96,-91
118900169,88,315,-227
118900170,84,80,4
118900171,12,28,-16
118900174,54,56,-2
118900175,234,355,-121
118900176,112,210,-98
118900177,40,73,-33
118900178,38,115,-77
118900179,21,37,-16
118900181,61,120,-59
118900182,72,42,30
118900183,28,138,-110
118900184,266,45,221
118900185,64,133,-69
118900186,118,75,43
118900187,202,195,7
118900188,228,194,34
118900189,22,481,-459
118900190,7,297,-290
118900191,100,31,69
118900192,139,16,123
118900193,337,15,322
118900195,219,537,-318
118900196,35,124,-89
118900197,72,21,51
118900198,14,13,1
118900199,58,37,21
118900200,9,8,1
118900201,40,20,20
118900202,7,53,-46
118900203,6,22,-16
118900204,14,44,-30
118900205,4,9,-5
118900206,1,19,-18
119000001,1246,1115,131
119000002,3166,2027,1139
119000003,1941,1067,874
119000004,1932,1295,637
119000005,1564,1638,-74
119000006,2365,1667,698
119000007,2616,2772,-156
119000008,1901,1738,163
119000009,3130,3559,-429
119000010,6147,3935,2212
119000011,3548,2331,1217
119000012,2914,3183,-269
119000013,2031,1378,653
119000014,2105,3161,-1056
119000019,228,126,102
119000020,1961,1168,793
119000021,3449,1923,1526
119000022,1911,1782,129
119000023,280,205,75
119000024,1522,7526,-6004
119000025,6811,1275,5536
119000026,185,357,-172
119000027,306,379,-73
119000028,1858,960,898
119000029,92,246,-154
119000030,452,816,-364
119000031,719,693,26
119000032,1664,2163,-499
119000033,2044,1364,680
119000034,977,1005,-28
119000035,20,294,-274
119000036,1408,771,637
119000037,889,1648,-759
119000038,124,845,-721
119000039,215,243,-28
119000040,828,476,352
119000041,803,1199,-396
119000048,3179,3109,70
119000049,1864,2364,-500
119000050,1366,2002,-636
119000051,1929,1000,929
119000052,1668,2760,-1092
119000053,1654,1031,623
119000054,2785,3267,-482
119000055,3240,3047,193
119000056,1842,1881,-39
119000057,1283,1983,-700
119000058,1621,1865,-244
119000059,1052,1388,-336
119000060,1154,1057,97
119000061,864,681,183
119000062,1135,1173,-38
119000063,398,364,34
119000064,1115,1299,-184
119000065,1913,2922,-1009
119000066,1847,1014,833
119000067,1740,2229,-489
119000068,1370,985,385
119000069,1243,2117,-874
119000070,1852,951,901
119000071,515,594,-79
119000072,4950,2620,2330
119000073,4069,5625,-1556
119000074,1346,2676,-1330
119000075,1594,2153,-559
119000076,382,721,-339
119000077,765,348,417
119000078,406,172,234
119000079,133,538,-405
119000080,475,213,262
119000081,241,340,-99
119000082,747,206,541
119000083,465,379,86
119000084,308,412,-104
119000085,393,214,179
119000086,211,415,-204
119000087,1600,907,693
119000088,324,238,86
119000089,101,192,-91
119000090,137,140,-3
119000091,133,359,-226
119000092,452,176,276
119000093,3562,2666,896
119000094,2400,5251,-2851
119000095,1375,2349,-974
119000097,2239,1527,712
119000098,708,1982,-1274
119000099,2374,1883,491
119000100,2764,2598,166
119000101,2915,1519,1396
119000102,748,782,-34
119000103,1465,408,1057
119000104,2165,1148,1017
119000105,826,1372,-546
119000106,323,1310,-987
119000107,576,409,167
119000108,439,955,-516
119000109,97,303,-206
119000110,509,228,281
119000111,72,469,-397
119000112,208,75,133
119000113,2305,249,2056
119000114,643,689,-46
119000115,124,122,2
119000116,81,64,17
119000117,77,305,-228
119000118,2,0,2
119000123,3588,847,2741
119000124,569,183,386
119000125,2689,734,1955
119000126,882,801,81
119000127,470,553,-83
119000128,25,5,20
119000131,863,762,101
119000132,2,6,-4
119000133,0,1,-1
119000134,1846,578,1268
119000135,96,200,-104
119000136,183,206,-23
119000137,154,417,-263
119000138,277,357,-80
119000139,237,236,1
119000140,170,378,-208
119000284,1381,2877,-1496
119000285,2071,2417,-346
119000286,7567,5596,1971
119000287,1163,1910,-747
119000288,1811,1336,475
119000289,1962,2859,-897
119000290,149,420,-271
119000291,4,259,-255
119000293,101,128,-27
119000294,50,32,18
119000295,1317,380,937
119000296,185,120,65
119000302,2619,1281,1338
119000303,64,136,-72
119000304,0,0,0
119000310,0,0,0
119000314,1236,7221,-5985
119000315,0,463,-463
119000316,86,135,-49
119000317,50,335,-285
119900001,177,1072,-895
119900002,204,292,-88
119900003,44,967,-923
119900004,339,799,-460
119900005,80,102,-22
119900006,147,356,-209
119900007,1079,174,905
119900008,77,20,57
119900009,497,545,-48
119900010,876,795,81
119900011,18,84,-66
119900012,11,56,-45
119900013,1430,752,678
119900014,425,159,266
119900015,76,18,58
119900016,20,71,-51
119900017,37,36,1
119900018,1891,593,1298
119900019,26,4,22
119900020,186,249,-63
119900021,81,57,24
119900022,88,396,-308
119900023,515,985,-470
119900025,143,27,116
119900026,747,96,651
119900027,36,24,12
119900028,235,117,118
119900029,0,5,-5
119900030,372,492,-120
119900031,54,283,-229
119900033,1794,238,1556
119900034,307,121,186
119900037,161,28,133
119900038,21,224,-203
119900039,45,8,37
119900040,219,15,204
119900041,81,30,51
119900042,53,155,-102
119900043,142,135,7
119900044,168,532,-364
119900046,83,43,40
119900047,209,52,157
119900048,138,58,80
119900049,127,9,118
119900050,88,81,7
119900051,681,27,654
119900052,24,31,-7
119900053,142,154,-12
119900054,84,9,75
119900055,886,363,523
119900057,163,72,91
119900058,139,4,135
119900059,189,62,127
119900060,221,32,189
119900061,220,7,213
119900062,45,15,30
119900063,17,38,-21
119900065,205,5,200
119900066,0,0,0
119900067,108,21,87
119900068,325,3,322
119900069,91,24,67
119900070,623,5,618
119900071,426,13,413
119900073,1742,562,1180
119900074,71,37,34
119900075,4470,2162,2308
119900076,412,338,74
119900077,629,978,-349
119900078,614,1016,-402
119900079,444,206,238
119900080,357,271,86
119900081,397,65,332
119900082,837,215,622
119900083,348,151,197
119900084,536,206,330
119900085,111,54,57
119900086,499,1162,-663
119900087,547,286,261
119900088,35,49,-14
119900089,22,555,-533
119900090,134,62,72
119900091,44,810,-766
119900092,99,339,-240
119900093,850,167,683
119900094,68,157,-89
119900095,162,98,64
119900096,50,107,-57
119900097,646,136,510
119900098,21,42,-21
119900099,33,225,-192
119900100,2298,1773,525
119900101,180,847,-667
119900102,16,245,-229
119900103,54,284,-230
119900104,29,205,-176
119900105,516,1109,-593
119900106,15,167,-152
119900107,412,2766,-2354
119900108,1610,493,1117
119900109,40,145,-105
119900110,528,466,62
119900111,58,366,-308
119900112,1725,481,1244
119900113,68,273,-205
119900114,205,930,-725
119900115,200,1095,-895
119900116,152,372,-220
119900117,172,506,-334
119900118,70,974,-904
119900119,170,213,-43
119900120,534,461,73
119900121,328,1023,-695
119900122,676,394,282
119900123,156,284,-128
119900124,196,746,-550
119900125,43,312,-269
119900126,3100,215,2885
119900127,2293,949,1344
119900128,363,717,-354
119900129,183,497,-314
119900130,19,224,-205
119900131,37,259,-222
119900132,0,231,-231
119900133,45,67,-22
119900134,1702,207,1495
119900135,0,363,-363
119900136,159,346,-187
119900138,307,484,-177
119900139,16,90,-74
119900140,0,139,-139
119900141,146,526,-380
119900142,3,46,-43
119900143,11,181,-170
119900144,1691,235,1456
119900145,96,181,-85
119900146,131,216,-85
119900147,1,112,-111
119900148,112,47,65
119900149,1257,2874,-1617
119900150,159,175,-16
119900151,1273,592,681
119900152,64,281,-217
119900153,173,89,84
119900154,10,372,-362
119900155,30,54,-24
119900156,17,3,14
119900157,90,183,-93
119900158,137,80,57
119900159,6,1425,-1419
119900160,19,105,-86
119900161,175,176,-1
119900162,652,844,-192
119900163,158,139,19
119900164,0,0,0
119900165,167,233,-66
119900166,71,48,23
119900167,111,72,39
119900168,574,433,141
119900169,95,244,-149
119900170,168,217,-49
119900171,1034,403,631
119900172,122,14,108
119900173,7,379,-372
119900174,3,143,-140
119900175,921,655,266
119900177,25,221,-196
119900178,8,129,-121
119900179,74,314,-240
119900180,743,676,67
119900181,51,106,-55
119900182,3,267,-264
119900183,144,647,-503
119900184,2084,499,1585
119900185,36,109,-73
119900186,62,624,-562
119900187,8,289,-281
119900188,60,335,-275
119900189,495,388,107
119900190,61,167,-106
119900191,236,109,127
119900192,28,156,-128
119900193,229,183,46
119900194,11,52,-41
119900195,34,130,-96
119900196,1058,350,708
119900197,160,129,31
119900198,76,224,-148
119900199,120,21,99
119900200,492,556,-64
119900201,350,168,182
119900202,102,158,-56
119900203,144,406,-262
119900204,220,259,-39
119900205,457,463,-6
119900206,111,142,-31
119900208,127,114,13
119900209,389,808,-419
119900210,34,17,17
119900211,80,7,73
119900212,184,341,-157
119900213,7,50,-43
119900214,23,104,-81
119900215,38,103,-65
119900216,11,75,-64
119900217,16,53,-37
119900218,23,68,-45
119900219,9,135,-126
119900220,8,108,-100
119900221,17,296,-279
119900222,6,208,-202
119900223,18,87,-69
119900224,20,31,-11
119900225,991,47,944
119900226,596,1430,-834
119900227,879,242,637
119900228,93,186,-93
119900229,385,391,-6
119900230,1374,577,797
119900231,148,166,-18
119900232,164,102,62
119900233,63,5,58
119900234,28,31,-3
119900235,21,47,-26
119900236,21,213,-192
119900237,43,298,-255
119900238,5,80,-75
119900240,80,157,-77
119900241,138,239,-101
119900242,972,1189,-217
119900244,590,1210,-620
119900245,100,142,-42
119900246,242,489,-247
119900247,26,72,-46
119900248,82,138,-56
119900249,189,85,104
119900253,2341,309,2032
119900254,59,457,-398
119900255,67,424,-357
119900256,350,739,-389
119900257,55,1,54
119900258,122,8,114
119900259,8,99,-91
119900260,74,7,67
119900261,245,139,106
119900262,2,206,-204
119900263,903,387,516
119900264,104,186,-82
119900265,316,365,-49
119900266,250,204,46
119900267,292,447,-155
119900268,100,156,-56
119900269,760,939,-179
119900271,20,69,-49
119900272,328,73,255
119900275,94,22,72
119900276,50,5,45
119900277,7,7,0
119900278,178,70,108
119900279,119,264,-145
119900280,757,164,593
119900281,0,180,-180
119900282,61,56,5
119900283,7,256,-249
119900284,38,153,-115
119900285,27,54,-27
119900286,6,37,-31
119900288,4,20,-16
119900289,0,26,-26
119900290,1,23,-22
119900291,0,73,-73
119900292,47,75,-28
119900293,32,96,-64
119900294,53,93,-40
119900295,25,45,-20
119900296,31,211,-180
119900297,0,9,-9
119900298,10,4,6
119900299,43,140,-97
119900300,254,147,107
119900301,64,21,43
119900302,19,31,-12
119900303,126,143,-17
119900304,177,24,153
119900305,6,111,-105
119900306,27,1,26
119900307,12,68,-56
119900308,9,21,-12
119900309,32,109,-77
119900310,263,258,5
119900311,47,141,-94
119900312,71,77,-6
119900313,224,264,-40
119900314,92,329,-237
119900315,1108,1937,-829
119900318,12,33,-21
119900319,12,218,-206
119900320,117,551,-434
119900321,44,1,43
120000001,5367,11277,-5910
120000002,2494,3057,-563
120000003,3450,1885,1565
120000004,2991,2468,523
120000005,4666,2240,2426
120000006,1185,1569,-384
120000007,3805,3149,656
120000008,1075,1487,-412
120000009,3789,1083,2706
120000010,1687,2611,-924
120000011,1039,2063,-1024
120000012,1618,2817,-1199
120000013,2825,2663,162
120000014,598,1414,-816
120000015,2372,1481,891
120000016,3243,2263,980
120000017,2661,2143,518
120000018,3634,8614,-4980
120000019,880,1335,-455
120000020,2930,3022,-92
120000021,1678,2140,-462
120000022,2684,3582,-898
120000023,1024,1668,-644
120000024,1489,2489,-1000
120000025,2221,2059,162
120000026,1468,1698,-230
120000027,1648,2216,-568
120000028,951,789,162
120000029,3835,612,3223
120000030,268,856,-588
120000031,1617,5452,-3835
120000032,7431,4187,3244
120000033,4756,1853,2903
120000034,1730,1748,-18
120000035,1539,1971,-432
120000036,2326,4774,-2448
120000037,628,1314,-686
120000038,6583,3110,3473
120000039,411,788,-377
120000040,87,219,-132
120000041,2651,1580,1071
120000042,1699,2090,-391
120000043,4105,2026,2079
120000044,4432,1874,2558
120000045,4533,1141,3392
120000046,2529,2373,156
120000047,1147,4866,-3719
120000048,6765,3886,2879
120000049,3234,2620,614
120000050,3751,3862,-111
120000051,2812,4065,-1253
120000052,8800,2358,6442
120000053,1149,2838,-1689
120000054,1271,4578,-3307
120000055,1705,5028,-3323
120000056,3265,3238,27
120000057,2455,608,1847
120000058,5125,542,4583
120000059,38,1803,-1765
120000061,152,559,-407
120000062,211,328,-117
120000063,1856,2520,-664
120000064,250,1190,-940
120000065,568,1545,-977
120000066,349,530,-181
120000067,70,474,-404
120000068,195,902,-707
120000069,610,1151,-541
120000070,83,777,-694
120000071,373,166,207
120000072,602,510,92
120000073,650,98,552
120000074,175,91,84
120000075,931,319,612
120000076,1604,446,1158
120000077,1549,687,862
120000078,3054,1141,1913
120000079,321,439,-118
120000080,233,294,-61
120000081,312,215,97
120000082,208,212,-4
120000083,116,532,-416
120000084,340,339,1
120000085,272,370,-98
120000086,293,524,-231
120000087,154,608,-454
120000088,789,1225,-436
120000089,1000,639,361
120000090,592,482,110
120000091,744,902,-158
120000092,1023,602,421
120000093,336,467,-131
120000094,144,660,-516
120000095,776,468,308
120000096,190,828,-638
120000098,675,817,-142
120000099,387,721,-334
120000100,597,938,-341
120000101,434,463,-29
120000102,365,841,-476
120000103,1344,788,556
120000104,1394,454,940
120000105,2329,671,1658
120000106,1831,612,1219
120000107,3103,590,2513
120000108,1159,110,1049
120000109,1032,57,975
120000110,50,1055,-1005
120000111,144,1208,-1064
120000112,869,3266,-2397
120000113,639,2340,-1701
120000114,1033,3223,-2190
120000115,260,2505,-2245
120000116,788,2250,-1462
120000117,1204,1402,-198
120000118,45,23,22
120000119,33,57,-24
120000120,51,51,0
120000121,45,55,-10
120000122,295,318,-23
120000123,5207,4242,965
120000124,335,279,56
120000125,421,735,-314
120000126,392,658,-266
120000127,2478,727,1751
120000128,3464,2847,617
120000129,289,287,2
120000130,784,578,206
120000131,270,487,-217
120000134,408,962,-554
120000135,322,390,-68
120000137,186,1251,-1065
120000138,638,457,181
120000139,229,739,-510
120000140,602,454,148
120000141,345,530,-185
120000142,514,491,23
120000143,3,104,-101
120000144,75,1,74
120000145,274,1,273
120000146,1389,845,544
120000149,584,1116,-532
120000150,3044,10304,-7260
120000151,397,512,-115
120000152,358,224,134
120000153,154,570,-416
120000154,417,411,6
120000155,80,214,-134
120000156,967,778,189
120000157,860,523,337
120000158,857,922,-65
120000159,1935,2776,-841
120000160,2115,1293,822
120000161,1854,2361,-507
120000162,112,229,-117
120000163,745,1398,-653
120000164,457,376,81
120000165,454,947,-493
120000166,1228,578,650
120000167,41,64,-23
120000168,7,162,-155
120000169,35,568,-533
120000170,28,305,-277
120000171,14,90,-76
120000172,37,82,-45
120000173,3433,512,2921
120000174,501,16,485
120000175,413,20,393
120000176,341,29,312
120000177,1235,98,1137
120000178,65,9,56
120000179,355,22,333
120000180,340,82,258
120000181,52,315,-263
120000182,45,145,-100
120000183,5,135,-130
120000184,108,579,-471
120000186,47,150,-103
120000187,44,124,-80
120000188,131,136,-5
120000190,898,18,880
120000191,1047,26,1021
120000192,1024,28,996
120000193,294,6,288
120000195,87,0,87
120000196,264,35,229
120000197,72,140,-68
120000198,114,73,41
120000199,95,1,94
120000200,76,0,76
120000201,36,18,18
120000202,2,49,-47
120000203,19,205,-186
120000207,0,53,-53
120000208,8,259,-251
120000209,6,60,-54
120000210,127,81,46
120000211,79,3,76
120000212,122,1,121
120000213,89,348,-259
120000214,1,343,-342
120000215,1,161,-160
120000216,65,16,49
120000217,578,999,-421
120000218,163,773,-610
120000219,5,474,-469
120000220,11,1682,-1671
120000225,1412,1,1411
120000226,334,7,327
120000227,597,21,576
120000228,5251,2601,2650
120000230,240,18,222
120000231,996,1974,-978
120000233,317,17,300
120000235,192,687,-495
120000236,766,1,765
120000237,2,1407,-1405
120000238,0,305,-305
120000241,1193,3389,-2196
120000412,1183,20,1163
120000413,160,254,-94
120000414,87,5,82
120000415,1,134,-133
120000416,158,2,156
120000417,22,54,-32
120000418,62,7,55
120000419,3,273,-270
120000420,28,35,-7
120000421,10692,5927,4765
120000422,129,1021,-892
120000423,5,60,-55
120000424,68,160,-92
120000436,132,510,-378
120000437,163,146,17
120000438,3458,316,3142
120000439,119,447,-328
120000443,189,1,188
120000444,1491,577,914
120000445,1339,1101,238
120000446,706,220,486
120000447,174,6,168
120000449,71,10,61
120000450,4,212,-208
120000451,75,144,-69
120000452,81,0,81
120000453,2,350,-348
120000454,68,39,29
120000455,87,52,35
120000456,2308,3289,-981
120000457,876,548,328
120000458,637,745,-108
120000459,56,80,-24
120000665,787,199,588
120000668,136,312,-176
120000669,43,158,-115
120000670,290,416,-126
120000671,1061,410,651
120000672,109,599,-490
120900001,55,104,-49
120900002,342,295,47
120900003,338,31,307
120900004,7,98,-91
120900005,85,986,-901
120900006,355,165,190
120900007,119,98,21
120900008,182,1106,-924
120900009,675,60,615
120900010,296,89,207
120900011,317,153,164
120900012,431,865,-434
120900013,308,72,236
120900014,1,503,-502
120900015,766,87,679
120900016,567,60,507
120900017,2402,109,2293
120900018,104,364,-260
120900019,498,265,233
120900020,756,986,-230
120900021,590,164,426
120900022,106,334,-228
120900023,204,54,150
120900024,1766,449,1317
120900025,1589,1067,522
120900026,173,191,-18
120900027,785,30,755
120900028,234,88,146
120900029,192,420,-228
120900030,861,628,233
120900031,210,60,150
120900032,814,136,678
120900033,879,65,814
120900034,28,2195,-2167
120900035,25,119,-94
120900037,244,17,227
120900038,47,232,-185
120900039,70,49,21
120900040,251,1,250
120900041,122,17,105
120900042,497,53,444
120900043,69,23,46
120900044,8,319,-311
120900045,149,111,38
120900046,355,10,345
120900047,159,72,87
120900048,84,17,67
120900049,278,1,277
120900050,1958,1140,818
120900051,274,105,169
120900052,497,4,493
120900053,199,81,118
120900054,1544,503,1041
120900055,282,2,280
120900056,345,26,319
120900057,106,19,87
120900058,377,1,376
120900059,81,2,79
120900060,43,24,19
120900061,225,206,19
120900062,226,2,224
120900063,364,6,358
120900064,429,1,428
120900065,352,1,351
120900066,248,281,-33
120900067,132,34,98
120900068,252,3,249
120900069,155,61,94
120900071,12,1,11
120900072,490,0,490
120900073,341,178,163
120900074,659,24,635
120900076,254,0,254
120900077,2740,333,2407
120900078,587,1081,-494
120900079,618,105,513
120900080,495,1990,-1495
120900081,543,686,-143
120900082,539,402,137
120900083,98,8,90
120900084,202,369,-167
120900085,80,134,-54
120900086,112,276,-164
120900087,339,317,22
120900088,118,285,-167
120900089,3424,1864,1560
120900090,173,137,36
120900091,642,765,-123
120900092,1629,593,1036
120900093,2266,184,2082
120900094,620,163,457
120900095,282,17,265
120900096,66,171,-105
120900097,644,727,-83
120900098,331,173,158
120900099,59,56,3
120900100,104,256,-152
120900101,879,305,574
120900102,35,116,-81
120900103,49,195,-146
120900104,19,53,-34
120900105,46,587,-541
120900106,1433,544,889
120900107,224,146,78
120900108,4,692,-688
120900109,52,670,-618
120900110,13,898,-885
120900111,172,421,-249
120900112,12,891,-879
120900113,23,813,-790
120900114,49,137,-88
120900115,140,220,-80
120900116,287,423,-136
120900117,0,499,-499
120900118,5,866,-861
120900119,2817,5142,-2325
120900120,67,582,-515
120900121,115,503,-388
120900122,362,476,-114
120900123,3,381,-378
120900124,4,687,-683
120900125,19,798,-779
120900126,1956,1355,601
120900127,20,432,-412
120900128,1342,1547,-205
120900129,54,338,-284
120900130,3,359,-356
120900131,60,70,-10
120900132,529,276,253
120900133,177,936,-759
120900134,1078,394,684
120900135,5,566,-561
120900136,48,91,-43
120900137,143,91,52
120900138,27,205,-178
120900139,3,677,-674
120900140,13,61,-48
120900141,139,180,-41
120900142,25,523,-498
120900143,4,837,-833
120900144,0,190,-190
120900145,155,853,-698
120900146,2,1156,-1154
120900147,0,418,-418
120900148,73,106,-33
120900149,1,306,-305
120900150,32,621,-589
120900151,2,635,-633
120900152,0,58,-58
120900153,18,72,-54
120900154,0,253,-253
120900155,117,1050,-933
120900156,36,362,-326
120900157,47,204,-157
120900158,63,621,-558
120900159,163,276,-113
120900160,24,625,-601
120900161,29,369,-340
120900162,28,498,-470
120900163,29,367,-338
120900164,1,15,-14
120900165,13,30,-17
120900166,78,203,-125
120900167,315,126,189
120900169,57,496,-439
120900170,1597,2164,-567
120900171,1070,309,761
120900172,1319,483,836
120900173,0,94,-94
120900174,5,93,-88
120900175,250,160,90
120900176,11,238,-227
120900177,2,780,-778
120900178,1,331,-330
120900179,1181,545,636
120900180,61,101,-40
120900181,134,75,59
120900182,29,486,-457
120900183,301,104,197
120900184,193,57,136
120900185,6,388,-382
120900186,0,533,-533
120900187,282,759,-477
120900188,127,10,117
120900189,118,803,-685
120900190,52,22,30
120900191,3,13,-10
120900192,10054,5032,5022
120900194,46,59,-13
120900195,85,242,-157
120900196,765,41,724
120900197,526,111,415
120900198,276,500,-224
120900199,291,342,-51
120900200,53,124,-71
120900201,439,164,275
120900202,3,125,-122
120900203,32,83,-51
120900204,184,218,-34
120900205,51,42,9
120900206,8,23,-15
120900207,60,1340,-1280
121000001,731,917,-186
121000002,2192,1508,684
121000003,2578,1756,822
121000004,2569,4203,-1634
121000005,1834,2433,-599
121000006,3302,1426,1876
121000007,2441,2398,43
121000008,5270,2764,2506
121000009,4895,5162,-267
121000010,7701,4795,2906
121000011,7782,11105,-3323
121000012,14827,9090,5737
121000013,4867,6629,-1762
121000014,6625,5685,940
121000015,3963,6510,-2547
121000016,4547,3506,1041
121000017,1819,3454,-1635
121000018,2390,1598,792
121000019,16622,11147,5475
121000020,11108,12325,-1217
121000021,3247,2612,635
121000022,2371,2273,98
121000023,4053,2922,1131
121000024,3724,4380,-656
121000025,569,1370,-801
121000026,313,165,148
121000027,1556,1141,415
121000028,725,415,310
121000029,888,514,374
121000030,505,277,228
121000031,568,570,-2
121000032,179,88,91
121000034,464,189,275
121000035,235,120,115
121000036,956,839,117
121000037,643,407,236
121000038,607,700,-93
121000039,296,433,-137
121000041,783,389,394
121000042,310,326,-16
121000043,634,570,64
121000044,1362,796,566
121000045,336,236,100
121000046,570,639,-69
121000047,434,54,380
121000049,2222,534,1688
121000050,304,995,-691
121000051,832,277,555
121000052,575,498,77
121000053,292,83,209
121000054,19,295,-276
121000055,1138,991,147
121000056,773,957,-184
121000057,351,446,-95
121000058,422,221,201
121000059,1945,1396,549
121000060,519,1161,-642
121000061,135,190,-55
121000062,197,346,-149
121000063,799,693,106
121000064,604,687,-83
121000065,457,399,58
121000066,662,477,185
121000067,770,428,342
121000068,699,361,338
121000069,686,470,216
121000070,1998,1233,765
121000071,1457,1227,230
121000072,1067,667,400
121000073,855,866,-11
121000074,95,154,-59
121000075,75,205,-130
121000076,1389,399,990
121000077,139,137,2
121000078,137,188,-51
121000080,2113,579,1534
121000081,2158,2390,-232
121000082,101,261,-160
121000083,209,139,70
121000084,181,120,61
121000085,265,403,-138
121000086,175,729,-554
121000087,61,236,-175
121000088,315,452,-137
121000089,334,285,49
121000090,437,297,140
121000091,1506,747,759
121000092,176,54,122
121000093,177,227,-50
121000094,532,695,-163
121000095,337,485,-148
121000096,1961,2262,-301
121000097,950,1762,-812
121000098,634,901,-267
121000099,633,663,-30
121000100,958,415,543
121000101,313,220,93
121000102,276,246,30
121000103,190,218,-28
121000104,180,148,32
121000105,395,168,227
121000106,342,318,24
121000107,2082,3087,-1005
121000109,1188,1007,181
121000110,297,740,-443
121000114,2300,1978,322
121000115,861,666,195
121000116,332,840,-508
121000117,896,210,686
121000118,1297,201,1096
121000119,484,369,115
121000120,204,393,-189
121000121,634,672,-38
121000123,1310,511,799
121000127,129,80,49
121000128,1027,355,672
121000129,623,394,229
121000130,548,649,-101
121000131,2676,1612,1064
121000132,1566,1400,166
121000135,334,300,34
121000136,1868,561,1307
121000137,443,227,216
121000138,1156,748,408
121000139,598,145,453
121000141,226,105,121
121000142,619,625,-6
121000143,150,25,125
121000144,928,1502,-574
121000145,625,962,-337
121000146,1036,571,465
121000147,987,376,611
121000148,883,928,-45
121000149,1922,1207,715
121000152,403,482,-79
121000153,1414,636,778
121000154,807,687,120
121000155,1051,1130,-79
121000156,386,965,-579
121000157,994,1803,-809
121000158,330,506,-176
121000159,202,412,-210
121000160,362,435,-73
121000161,145,325,-180
121000162,89,223,-134
121000165,1312,1677,-365
121000166,18,906,-888
121000168,501,242,259
121000169,97,120,-23
121000170,248,110,138
121000171,50,141,-91
121000172,561,496,65
121000173,1034,914,120
121000174,330,372,-42
121000175,815,371,444
121000176,362,252,110
121000177,862,527,335
121000178,126,60,66
121000179,165,63,102
121000181,367,385,-18
121000182,106,177,-71
121000183,56,87,-31
121000184,159,75,84
121000185,29,142,-113
121000186,185,344,-159
121000187,112,175,-63
121000188,137,216,-79
121000192,735,282,453
121000193,632,515,117
121000194,2131,2074,57
121000195,270,867,-597
121000196,615,214,401
121000197,190,458,-268
121000198,226,84,142
121000199,176,283,-107
121000200,493,57,436
121000201,8,172,-164
121000202,858,70,788
121000203,900,1765,-865
121000204,2189,687,1502
121000205,213,218,-5
121000206,148,31,117
121000207,2146,315,1831
121000208,21,296,-275
121000209,446,304,142
121000210,566,380,186
121000211,193,148,45
121000212,285,501,-216
121000213,6539,2338,4201
121000214,580,2732,-2152
121000215,965,643,322
121000216,480,797,-317
121000217,4791,3096,1695
121000218,472,1644,-1172
121000219,1641,457,1184
121000220,269,47,222
121000221,154,198,-44
121000222,2778,2065,713
121000223,795,339,456
121000224,427,171,256
121000225,2410,1229,1181
121000226,5441,1304,4137
121000227,8,184,-176
121000228,17,546,-529
121000229,284,286,-2
121000230,54,1349,-1295
121000231,774,26,748
121000232,339,319,20
121000233,607,369,238
121000234,49,53,-4
121000235,114,116,-2
121000236,13,59,-46
121000237,63,34,29
121000238,10,86,-76
121000239,79,13,66
121000240,13,180,-167
121000241,167,19,148
121000242,103,276,-173
121000243,809,284,525
121000244,16,72,-56
121000245,202,50,152
121000246,3,97,-94
121000247,129,9,120
121000248,2083,585,1498
121000249,175,228,-53
121000250,917,133,784
121000251,21,448,-427
121000252,76,47,29
121000253,617,410,207
121000254,834,244,590
121000255,248,161,87
121000256,607,186,421
121000257,117,86,31
121000258,259,45,214
121000259,123,73,50
121000260,168,102,66
121000261,265,45,220
121000262,777,1119,-342
121000263,435,510,-75
121000271,258,1465,-1207
121000273,125,8,117
121000274,15,27,-12
121000275,8,16,-8
121000276,3,5,-2
121000278,62,34,28
121000279,45,8,37
121000280,37,22,15
121000289,291,38,253
121000290,1139,705,434
121000294,139,119,20
121000297,934,1076,-142
121000299,352,307,45
121000300,596,502,94
121000302,130,1105,-975
121000303,464,383,81
121000304,481,48,433
121000305,182,37,145
121000306,83,99,-16
121000308,134,288,-154
121000309,403,495,-92
121000310,101,275,-174
121000311,75,779,-704
121000312,255,185,70
121000313,277,476,-199
121000314,188,128,60
121000315,54,116,-62
121000530,1246,1034,212
121000531,1508,1263,245
121000532,5611,6031,-420
121000533,2711,2742,-31
121000918,131,212,-81
121000919,82,63,19
121000938,500,451,49
121000939,653,359,294
121000956,1290,978,312
121000957,4,10,-6
121000958,110,23,87
121000959,626,669,-43
121000960,2790,1602,1188
121000961,291,196,95
121000962,262,660,-398
121000963,0,0,0
121000973,0,131,-131
121000976,18,181,-163
121000979,367,97,270
121000981,551,392,159
121000982,356,140,216
121000983,487,353,134
121000984,32,54,-22
121000985,699,410,289
121000986,363,184,179
121000987,186,839,-653
121000988,614,132,482
121001302,284,104,180
121001308,0,10,-10
121001309,92,83,9
121001313,192,189,3
121001314,2335,3222,-887
121001315,3886,2129,1757
121001326,48,57,-9
121900001,103,205,-102
121900002,99,30,69
121900003,354,14,340
121900004,132,262,-130
121900005,41,12,29
121900006,94,14,80
121900007,1295,2375,-1080
121900008,1158,280,878
121900009,375,28,347
121900010,185,3,182
121900011,142,285,-143
121900012,3,0,3
121900013,1488,105,1383
121900014,835,332,503
121900015,163,163,0
121900016,4,26,-22
121900017,415,369,46
121900018,251,5,246
121900019,323,188,135
121900020,21,2,19
121900021,656,21,635
121900022,228,147,81
121900023,96,177,-81
121900024,238,78,160
121900025,434,284,150
121900026,263,51,212
121900027,242,83,159
121900028,206,9,197
121900029,81,95,-14
121900030,408,448,-40
121900031,894,5407,-4513
121900032,76,82,-6
121900033,118,130,-12
121900034,241,69,172
121900035,1866,1659,207
121900036,57,252,-195
121900037,121,549,-428
121900038,19,158,-139
121900039,345,31,314
121900040,58,49,9
121900041,60,126,-66
121900042,238,92,146
121900043,4,9,-5
121900044,132,49,83
121900046,224,156,68
121900047,141,42,99
121900048,48,121,-73
121900050,33,44,-11
121900051,110,146,-36
121900052,127,37,90
121900053,439,230,209
121900054,369,859,-490
121900055,4,8,-4
121900058,161,110,51
121900059,333,122,211
121900060,97,248,-151
121900061,735,149,586
121900062,129,89,40
121900063,1230,321,909
121900064,211,492,-281
121900066,59,14,45
121900067,29,45,-16
121900069,200,109,91
121900070,209,69,140
121900071,277,167,110
121900072,42,151,-109
121900073,235,172,63
121900074,575,695,-120
121900075,434,399,35
121900076,321,453,-132
121900077,11,39,-28
121900078,178,42,136
121900079,0,1,-1
121900080,680,281,399
121900082,53,117,-64
121900084,10,174,-164
121900085,1,14,-13
121900086,13,19,-6
121900087,193,84,109
121900088,1484,2635,-1151
121900089,139,301,-162
121900090,27,95,-68
121900091,37,120,-83
121900092,55,42,13
121900093,79,55,24
121900094,42,4,38
121900095,216,100,116
121900096,1040,524,516
121900097,397,122,275
121900098,0,3,-3
121900099,198,61,137
121900100,268,295,-27
121900101,114,92,22
121900102,6,119,-113
121900103,860,191,669
121900104,1405,304,1101
121900105,207,130,77
121900106,7,3,4
121900107,33,24,9
121900108,5,14,-9
121900109,247,150,97
121900110,425,809,-384
121900111,861,141,720
121900112,192,98,94
121900113,40,291,-251
121900117,104,40,64
121900118,1548,483,1065
121900119,199,139,60
121900120,40,1198,-1158
121900121,460,39,421
121900122,36,68,-32
121900123,155,358,-203
121900124,82,136,-54
121900125,900,783,117
121900127,9,78,-69
121900128,76,78,-2
121900129,573,183,390
121900130,122,169,-47
121900131,223,81,142
121900132,38,86,-48
121900133,94,612,-518
121900134,17,142,-125
121900135,1659,266,1393
121900136,281,369,-88
121900137,51,297,-246
121900138,53,118,-65
121900139,280,377,-97
121900140,52,125,-73
121900141,60,45,15
121900142,173,107,66
121900143,6,117,-111
121900144,92,265,-173
121900145,105,163,-58
121900146,512,674,-162
121900147,44,156,-112
121900148,176,230,-54
121900149,316,515,-199
121900150,70,120,-50
121900151,63,187,-124
121900152,47,102,-55
121900153,96,575,-479
121900154,17,201,-184
121900155,2,119,-117
121900156,118,95,23
121900157,5,370,-365
121900158,59,81,-22
121900159,0,167,-167
121900160,18,219,-201
121900161,398,270,128
121900162,87,83,4
121900163,292,491,-199
121900164,359,109,250
121900165,267,98,169
121900166,166,120,46
121900167,134,88,46
121900168,140,183,-43
121900169,5,186,-181
121900170,4,168,-164
121900171,556,468,88
121900172,410,216,194
121900173,691,173,518
121900174,29,55,-26
121900175,148,156,-8
121900176,477,1193,-716
121900177,137,54,83
121900178,53,43,10
121900179,244,104,140
121900180,3328,3232,96
121900182,626,163,463
121900183,568,544,24
121900184,70,321,-251
121900186,1,171,-170
121900187,45,113,-68
121900188,399,453,-54
121900189,22,107,-85
121900190,228,435,-207
121900191,91,186,-95
121900192,302,537,-235
121900193,66,90,-24
121900194,1,77,-76
121900195,63,74,-11
121900196,816,835,-19
121900197,283,1326,-1043
121900198,977,865,112
121900199,6,10,-4
121900200,71,198,-127
121900201,849,677,172
121900202,144,427,-283
121900203,149,730,-581
121900204,662,940,-278
121900205,18,74,-56
121900206,18,17,1
121900207,129,28,101
121900208,238,188,50
121900209,40,35,5
121900210,1045,783,262
121900211,306,457,-151
121900212,131,109,22
121900213,103,81,22
121900214,6,448,-442
121900215,59,99,-40
121900216,48,79,-31
121900217,231,106,125
121900218,174,307,-133
121900220,158,15,143
121900221,213,526,-313
121900222,122,117,5
121900223,124,24,100
121900224,64,13,51
121900225,163,62,101
121900226,189,492,-303
121900227,127,399,-272
121900228,180,288,-108
121900230,101,112,-11
121900231,405,715,-310
121900232,212,292,-80
121900233,116,194,-78
121900234,233,199,34
121900235,422,175,247
121900236,340,124,216
121900237,175,213,-38
121900238,138,192,-54
121900239,150,33,117
121900240,197,103,94
121900241,40,51,-11
121900242,49,60,-11
121900245,161,68,93
121900246,1377,246,1131
121900247,169,153,16
121900248,1036,801,235
121900250,280,210,70
121900251,245,41,204
121900252,444,92,352
121900253,200,820,-620
121900254,508,163,345
121900255,213,68,145
121900258,2453,1969,484
121900259,323,481,-158
121900260,131,165,-34
121900261,189,454,-265
121900262,297,734,-437
121900263,191,227,-36
121900264,1584,1301,283
121900265,216,260,-44
121900266,367,128,239
121900267,57,28,29
121900269,126,569,-443
121900270,13,211,-198
121900271,64,102,-38
121900273,391,1478,-1087
121900274,294,193,101
121900277,415,728,-313
121900278,90,731,-641
121900279,125,121,4
121900280,153,228,-75
121900281,375,228,147
121900284,43,7,36
121900286,209,103,106
121900287,14,34,-20
121900288,8,1,7
121900290,159,201,-42
121900291,290,441,-151
121900292,148,138,10
121900293,917,2260,-1343
121900294,212,2,210
121900295,137,219,-82
121900296,63,50,13
121900298,220,638,-418
121900299,0,4,-4
121900300,213,5,208
121900301,95,2,93
121900302,3,25,-22
121900303,350,252,98
121900304,5,8,-3
121900305,1,0,1
121900306,114,2,112
121900307,73,15,58
121900308,24,216,-192
121900309,13,160,-147
121900310,22,391,-369
121900311,353,26,327
121900312,262,17,245
121900313,371,38,333
121900314,8,60,-52
121900315,10,1,9
121900316,0,18,-18
121900317,8,5,3
121900318,2,30,-28
121900319,26,128,-102
121900320,28,94,-66
121900321,30,0,30
121900322,0,30,-30
121900323,14,9,5
121900324,13,56,-43
121900325,13,2,11
121900326,1,19,-18
121900327,3,55,-52
121900328,0,31,-31
121900329,0,192,-192
121900330,0,38,-38
121900331,25,23,2
121900332,100,32,68
121900333,23,2,21
121900334,56,47,9
122000001,2217,3937,-1720
122000002,4251,1459,2792
122000003,2029,2247,-218
122000004,2841,1341,1500
122000005,2274,1610,664
122000006,1914,825,1089
122000007,1223,1481,-258
122000008,4220,4660,-440
122000009,571,328,243
122000010,1948,2559,-611
122000011,2857,1341,1516
122000012,1217,1183,34
122000013,1197,903,294
122000014,1364,1330,34
122000015,1358,982,376
122000016,556,830,-274
122000017,1028,993,35
122000018,1278,1084,194
122000019,710,1075,-365
122000020,183,189,-6
122000021,308,476,-168
122000022,1167,899,268
122000023,707,1730,-1023
122000024,655,897,-242
122000025,1240,1303,-63
122000026,1241,807,434
122000027,474,2366,-1892
122000028,738,432,306
122000029,415,410,5
122000030,319,142,177
122000031,205,260,-55
122000032,1488,2258,-770
122000033,751,982,-231
122000034,685,528,157
122000035,304,705,-401
122000036,613,521,92
122000037,349,190,159
122000038,180,305,-125
122000039,652,419,233
122000040,290,302,-12
122000041,473,543,-70
122000042,338,465,-127
122000043,104,116,-12
122000044,145,148,-3
122000045,1290,429,861
122000046,831,774,57
122000047,229,250,-21
122000048,3102,3677,-575
122000049,5076,2786,2290
122000050,1542,687,855
122000051,287,293,-6
122000052,437,369,68
122000053,174,744,-570
122000054,2327,1767,560
122000055,2280,2794,-514
122000056,4832,3433,1399
122000057,3180,3211,-31
122000058,2966,1237,1729
122000059,2813,1518,1295
122000060,872,628,244
122000061,557,392,165
122000062,1304,305,999
122000063,1304,589,715
122000064,2901,2172,729
122000065,3975,2124,1851
122000066,1064,721,343
122000067,1658,971,687
122000068,1042,1063,-21
122000069,601,516,85
122000070,656,1893,-1237
122000071,1066,1068,-2
122000072,367,318,49
122000073,448,507,-59
122000074,2766,1470,1296
122000075,657,1091,-434
122000076,1943,1031,912
122000077,1196,664,532
122000078,2676,2130,546
122000079,1553,987,566
122000080,927,331,596
122000081,173,235,-62
122000082,1024,682,342
122000083,1234,2131,-897
122000084,1110,780,330
122000085,247,1017,-770
122000086,1825,4097,-2272
122000087,351,170,181
122000088,296,327,-31
122000089,4732,1980,2752
122000090,157,375,-218
122000091,341,49,292
122000092,155,21,134
122000093,1582,1144,438
122000094,5053,1744,3309
122000095,2316,2599,-283
122000096,1646,1418,228
122000098,2886,1611,1275
122000099,2194,609,1585
122000100,856,507,349
122000101,305,628,-323
122000102,1475,1043,432
122000103,1897,1602,295
122000104,375,147,228
122000105,468,240,228
122000106,469,500,-31
122000107,836,423,413
122000108,420,685,-265
122000109,365,314,51
122000110,390,487,-97
122000111,2620,1126,1494
122000112,843,1270,-427
122000113,589,490,99
122000114,3073,1167,1906
122000115,1912,1293,619
122000116,438,463,-25
122000117,1009,335,674
122000118,424,585,-161
122000119,2561,1774,787
122000120,1738,3133,-1395
122000121,1746,2349,-603
122000122,680,1438,-758
122000123,1639,1836,-197
122000124,868,422,446
122000125,662,651,11
122000126,530,1008,-478
122000127,1015,1456,-441
122000128,466,614,-148
122000129,544,1084,-540
122000130,2493,1249,1244
122000131,1102,1045,57
122000132,514,433,81
122000133,857,1085,-228
122000134,769,731,38
122000135,667,637,30
122000136,697,682,15
122000137,1223,765,458
122000139,1304,2439,-1135
122000140,870,586,284
122000141,2964,709,2255
122000142,284,568,-284
122000143,376,391,-15
122000144,1161,1036,125
122000145,1375,778,597
122000146,536,993,-457
122000147,645,398,247
122000148,1977,1508,469
122000149,1912,1327,585
122000150,1040,746,294
122000151,217,311,-94
122000152,364,344,20
122000153,364,307,57
122000154,216,135,81
122000155,1361,1933,-572
122000156,2411,1945,466
122000157,1510,1384,126
122000158,373,483,-110
122000159,695,1263,-568
122000160,2560,2042,518
122000161,869,806,63
122000162,1731,1383,348
122000163,257,89,168
122000164,30,75,-45
122000165,803,519,284
122000166,1107,914,193
122000167,279,205,74
122000168,164,417,-253
122000169,588,148,440
122000170,239,244,-5
122000171,29,86,-57
122000172,1347,1297,50
122000173,1219,2100,-881
122000174,2072,722,1350
122000175,1246,291,955
122000176,205,635,-430
122000177,1313,1189,124
122000178,2773,1973,800
122000179,1260,2174,-914
122000180,1684,1120,564
122000181,1711,2985,-1274
122000182,1917,1292,625
122000183,1703,951,752
122000184,2729,1876,853
122000185,1430,1253,177
122000186,444,755,-311
122000187,1527,778,749
122000188,370,213,157
122000189,213,322,-109
122000190,844,933,-89
122000191,832,597,235
122000192,891,264,627
122000193,362,531,-169
122000194,705,170,535
122000195,168,538,-370
122000196,1026,484,542
122000197,549,430,119
122000198,466,747,-281
122000199,315,275,40
122000200,1103,469,634
122000201,1370,1225,145
122000202,1141,1111,30
122000203,2131,1266,865
122000204,1393,1664,-271
122000205,1306,1309,-3
122000206,1901,610,1291
122000207,1748,810,938
122000208,2133,1110,1023
122000209,1706,303,1403
122000210,1939,1364,575
122000211,1384,785,599
122000212,808,513,295
122000213,963,1215,-252
122000214,1805,1522,283
122000215,1571,1636,-65
122000217,1700,1239,461
122000218,586,43,543
122000219,994,798,196
122000220,290,575,-285
122000221,70,330,-260
122000222,718,136,582
122000223,1237,434,803
122000225,733,255,478
122000226,2169,1466,703
122000227,295,2084,-1789
122000228,339,301,38
122000229,34,388,-354
122000230,90,438,-348
122000231,303,662,-359
122000232,647,759,-112
122000233,1,75,-74
122000234,461,123,338
122000235,1022,129,893
122000236,873,104,769
122000237,135,68,67
122000238,398,303,95
122000239,538,161,377
122000240,1015,555,460
122000241,1386,428,958
122000242,693,83,610
122000243,206,57,149
122000244,45,290,-245
122000245,82,177,-95
122000246,297,175,122
122000247,564,527,37
122000248,956,1510,-554
122000249,1116,720,396
122000250,1970,1060,910
122000251,254,495,-241
122000252,464,105,359
122000253,36,245,-209
122000254,256,85,171
122000255,670,1384,-714
122000256,496,886,-390
122000257,213,210,3
122000258,255,280,-25
122000259,18,348,-330
122000260,8,65,-57
122000261,11,196,-185
122000262,3,64,-61
122000263,255,81,174
122000264,862,367,495
122000265,2069,792,1277
122000266,4054,599,3455
122000267,115,62,53
122000268,142,327,-185
122000269,830,251,579
122000270,709,129,580
122000271,314,826,-512
122000272,294,839,-545
122000273,451,334,117
122000274,196,195,1
122000275,106,188,-82
122000276,652,396,256
122000277,1143,1199,-56
122000278,1554,683,871
122000279,211,394,-183
122000280,893,554,339
122000281,744,670,74
122000282,276,156,120
122000283,858,89,769
122000284,266,75,191
122000285,641,100,541
122000286,205,133,72
122000287,1264,1065,199
122000288,749,238,511
122000291,1487,722,765
122000293,205,224,-19
122000294,113,234,-121
122000295,1213,169,1044
122000296,60,571,-511
122000297,1799,2253,-454
122000299,402,255,147
122000300,446,558,-112
122000301,8316,2859,5457
122000302,794,1483,-689
122000303,2996,1337,1659
122000304,137,275,-138
122000305,892,238,654
122000306,22,706,-684
122000307,141,154,-13
122000309,81,69,12
122000310,46,73,-27
122000311,247,157,90
122000312,148,116,32
122000313,83,52,31
122000314,110,178,-68
122000315,292,75,217
122000316,612,248,364
122000317,1244,297,947
122000318,279,673,-394
122000319,219,369,-150
122000320,427,1569,-1142
122000321,78,182,-104
122000322,2248,2068,180
122000323,1408,1823,-415
122000324,1067,1083,-16
122000325,816,1193,-377
122000326,64,98,-34
122000327,467,761,-294
122000328,777,546,231
122000330,1567,654,913
122000332,193,327,-134
122000333,15,116,-101
122000337,801,1205,-404
122000338,375,297,78
122000340,378,320,58
122000342,1284,786,498
122000343,414,885,-471
122000344,68,18,50
122000345,168,51,117
122000346,316,431,-115
122000348,621,534,87
122000349,96,466,-370
122000351,106,172,-66
122000352,515,106,409
122000353,82,66,16
122000355,150,154,-4
122000356,1162,964,198
122000357,99,23,76
122000358,0,29,-29
122000359,0,28,-28
122000360,0,24,-24
122000362,9,94,-85
122000364,132,251,-119
122000365,2,36,-34
122000366,17,3,14
122000368,392,524,-132
122000370,27,48,-21
122000371,16,0,16
122000372,7,1,6
122000381,49,307,-258
122000382,108,155,-47
122000384,2600,1255,1345
122000385,61,0,61
122000386,544,1032,-488
122000387,531,469,62
122000388,1185,647,538
122000389,175,473,-298
122000390,361,171,190
122000391,343,157,186
122000392,152,107,45
122000393,397,138,259
122000394,639,243,396
122000395,225,187,38
122000396,265,115,150
122000397,84,61,23
122000398,33,47,-14
122000399,126,64,62
122000400,139,392,-253
122000401,106,64,42
122000402,179,86,93
122000403,483,667,-184
122000404,171,278,-107
122000408,985,1233,-248
122000503,11,64,-53
122000524,183,107,76
122000544,60,2440,-2380
122000616,348,4,344
122000640,89,136,-47
122000641,117,283,-166
122000642,1545,1012,533
122000643,38,122,-84
122000644,110,37,73
122000645,98,197,-99
122000651,1429,711,718
122000664,140,38,102
122000665,1141,514,627
122000666,549,890,-341
122000673,90,291,-201
122000674,177,72,105
122000675,1799,1014,785
122000686,361,814,-453
122000687,1561,319,1242
122000688,287,470,-183
122000689,845,518,327
122000690,1686,530,1156
122000691,572,1773,-1201
122000692,971,404,567
122000693,352,1189,-837
122000695,347,344,3
122000696,275,247,28
122000698,273,537,-264
122000699,256,53,203
122000701,1214,336,878
122000702,444,1138,-694
122000703,102,49,53
122000712,0,0,0
122000717,135,43,92
122000718,308,656,-348
122000719,201,106,95
122000720,360,255,105
122000724,158,181,-23
122900001,24,5,19
122900002,1044,4089,-3045
122900003,329,35,294
122900004,481,42,439
122900005,81,32,49
122900006,1283,187,1096
122900007,118,50,68
122900008,733,42,691
122900009,639,324,315
122900010,254,156,98
122900012,201,240,-39
122900014,166,266,-100
122900015,1452,698,754
122900016,154,218,-64
122900017,289,561,-272
122900018,159,9,150
122900019,9,144,-135
122900020,470,291,179
122900021,29,522,-493
122900022,732,807,-75
122900023,430,217,213
122900024,107,92,15
122900025,12,171,-159
122900026,53,210,-157
122900027,46,580,-534
122900028,139,171,-32
122900029,3404,2241,1163
122900030,918,405,513
122900031,89,269,-180
122900032,59,359,-300
122900033,360,115,245
122900034,3030,4380,-1350
122900035,19,15,4
122900036,53,95,-42
122900037,357,123,234
122900038,128,2772,-2644
122900039,124,455,-331
122900040,243,296,-53
122900041,327,200,127
122900042,147,241,-94
122900043,292,158,134
122900044,78,350,-272
122900045,106,91,15
122900046,176,96,80
122900047,207,128,79
122900048,45,198,-153
122900049,1194,123,1071
122900051,76,92,-16
122900052,84,167,-83
122900053,20,32,-12
122900055,383,91,292
122900057,244,49,195
122900061,489,161,328
122900062,503,712,-209
122900063,189,300,-111
122900064,1313,340,973
122900065,481,206,275
122900066,546,347,199
122900067,944,598,346
122900068,44,83,-39
122900069,259,1477,-1218
122900070,432,47,385
122900071,125,415,-290
122900072,14,565,-551
122900073,31,276,-245
122900074,608,577,31
122900075,1,66,-65
122900076,7,123,-116
122900077,1,108,-107
122900078,187,62,125
122900080,55,30,25
122900081,281,143,138
122900082,736,160,576
122900083,210,151,59
122900084,12,177,-165
122900086,6,61,-55
122900087,340,383,-43
122900088,59,105,-46
122900089,14,88,-74
122900090,6,425,-419
122900091,160,2,158
122900092,0,125,-125
122900093,2,193,-191
122900094,1,149,-148
122900095,115,11,104
122900096,219,131,88
122900097,26,17,9
122900098,66,59,7
122900099,49,7,42
122900100,639,140,499
122900101,515,203,312
122900102,31,17,14
122900103,143,5,138
122900104,107,4,103
122900105,9,10,-1
122900106,3,59,-56
122900107,5,201,-196
122900108,5,217,-212
123000001,1536,416,1120
123000002,3665,3982,-317
123000003,3371,3353,18
123000004,3134,3974,-840
123000005,2482,2736,-254
123000006,2134,2390,-256
123000007,3481,2565,916
123000008,2546,3096,-550
123000009,4501,2927,1574
123000010,3286,3301,-15
123000011,2698,789,1909
123000012,809,2158,-1349
123000013,3453,1018,2435
123000014,843,2998,-2155
123000015,4018,953,3065
123000016,4232,3561,671
123000017,2890,1846,1044
123000018,36,135,-99
123000019,198,238,-40
123000020,108,88,20
123000021,61,294,-233
123000022,291,2585,-2294
123000023,1423,1413,10
123000024,1373,552,821
123000025,262,179,83
123000026,24,39,-15
123000027,879,265,614
123000028,1655,333,1322
123000029,1882,501,1381
123000030,273,315,-42
123000031,136,221,-85
123000032,312,172,140
123000033,265,68,197
123000034,1272,1112,160
123000035,363,318,45
123000036,259,772,-513
123000037,249,262,-13
123000038,173,299,-126
123000039,371,1149,-778
123000040,877,273,604
123000041,1354,903,451
123000042,998,532,466
123000043,2646,6421,-3775
123000044,4273,2099,2174
123000045,7055,2415,4640
123000046,736,1177,-441
123000047,1868,1018,850
123000048,54,576,-522
123000049,5466,6647,-1181
123000050,1149,1262,-113
123000051,89,180,-91
123000052,780,2846,-2066
123000053,2449,2937,-488
123000054,1286,1094,192
123000055,974,1551,-577
123000056,1390,1473,-83
123000057,11581,5866,5715
123000058,623,780,-157
123000059,451,472,-21
123000060,751,272,479
123000061,208,536,-328
123000063,780,871,-91
123000064,719,318,401
123000065,4371,2506,1865
123000066,660,532,128
123000067,852,560,292
123000068,2473,2592,-119
123000069,6160,3133,3027
123000070,261,586,-325
123000071,849,904,-55
123000072,968,826,142
123000073,897,765,132
123000074,892,1173,-281
123000075,290,833,-543
123000076,614,678,-64
123000077,1988,2605,-617
123000078,1419,1683,-264
123000079,1230,1827,-597
123000080,1961,1874,87
123000081,146,351,-205
123000082,327,837,-510
123000083,749,186,563
123000084,447,587,-140
123000085,220,62,158
123000086,369,227,142
123000087,234,281,-47
123000088,1002,790,212
123000089,500,1063,-563
123000090,1070,959,111
123000091,1357,1491,-134
123000092,901,1089,-188
123000094,402,196,206
123000095,499,599,-100
123000096,609,328,281
123000097,379,718,-339
123000098,645,472,173
123000099,577,618,-41
123000100,501,615,-114
123000101,575,518,57
123000102,506,630,-124
123000104,333,433,-100
123000105,478,405,73
123000106,477,418,59
123000107,443,532,-89
123000108,642,1077,-435
123000111,743,308,435
123000112,776,570,206
123000113,460,1203,-743
123000114,435,560,-125
123000115,236,233,3
123000116,25,131,-106
123000117,1288,1574,-286
123000118,308,735,-427
123000119,208,730,-522
123000120,379,749,-370
123000121,548,546,2
123000122,320,207,113
123000123,447,637,-190
123000124,469,519,-50
123000125,938,1042,-104
123000126,1269,3004,-1735
123000127,832,696,136
123000128,298,295,3
123000129,548,202,346
123000130,542,71,471
123000131,647,617,30
123000132,373,489,-116
123000133,232,283,-51
123000134,306,154,152
123000135,1810,1093,717
123000136,227,863,-636
123000137,97,260,-163
123000138,106,393,-287
123000139,382,118,264
123000140,84,664,-580
123000141,599,105,494
123000142,1152,956,196
123000143,1765,1983,-218
123000144,53,24,29
123000145,239,85,154
123000146,38,92,-54
123000147,97,90,7
123000149,363,342,21
123000150,177,269,-92
123000151,399,411,-12
123000152,200,347,-147
123000153,208,580,-372
123000154,1894,1685,209
123000155,2221,995,1226
123000156,41,105,-64
123000157,532,734,-202
123000158,487,711,-224
123000159,2659,2164,495
123000160,914,654,260
123000161,1274,1032,242
123000162,833,1576,-743
123000163,409,110,299
123000164,1253,363,890
123000165,415,1464,-1049
123000166,48,143,-95
123000167,153,281,-128
123000168,234,239,-5
123000169,692,183,509
123000170,62,162,-100
123000171,501,30,471
123000172,188,505,-317
123000173,411,276,135
123000174,733,371,362
123000175,534,1162,-628
123000176,694,231,463
123000177,224,694,-470
123000178,728,139,589
123000179,44,574,-530
123000180,1277,361,916
123000181,331,1446,-1115
123000182,190,334,-144
123000183,175,581,-406
123000184,60,462,-402
123000185,531,381,150
123000186,2,714,-712
123000187,524,5,519
123000188,132,1,131
123000189,176,151,25
123000190,73,52,21
123000192,25,357,-332
123000193,89,950,-861
123000194,429,297,132
123000195,262,47,215
123000196,309,82,227
123000197,63,146,-83
123000198,136,296,-160
123000199,39,567,-528
123000200,511,9,502
123000201,831,33,798
123000202,13,994,-981
123000203,882,92,790
123000204,90,1059,-969
123000205,573,1811,-1238
123000206,1965,270,1695
123000207,119,815,-696
123000208,591,171,420
123000209,2062,578,1484
123000210,487,2074,-1587
123000211,475,2343,-1868
123000212,2469,478,1991
123000213,751,104,647
123000215,168,188,-20
123000216,173,577,-404
123000217,137,38,99
123000218,51,448,-397
123000219,768,120,648
123000220,429,81,348
123000221,156,76,80
123000222,334,315,19
123000223,193,285,-92
123000224,384,497,-113
123000225,170,81,89
123000226,57,322,-265
123000227,119,275,-156
123000228,261,79,182
123000229,1009,1514,-505
123000232,78,591,-513
123000233,519,159,360
123000234,132,575,-443
123000235,816,253,563
123000236,211,612,-401
123000237,282,56,226
123000238,87,451,-364
123000239,477,1143,-666
123000240,25,317,-292
123000241,445,113,332
123000242,90,177,-87
123000243,887,766,121
123000244,979,768,211
123000245,40,196,-156
123000249,397,656,-259
123000252,730,235,495
123000253,785,533,252
123000254,608,799,-191
123000255,1074,810,264
123000256,28,223,-195
123000257,2660,1922,738
123000258,817,818,-1
123000259,243,378,-135
123000260,316,412,-96
123000261,133,122,11
123000262,82,132,-50
123000263,288,111,177
123000264,156,79,77
123000265,70,131,-61
123000266,554,652,-98
123000267,509,286,223
123000268,30,80,-50
123000269,73,80,-7
123000270,33,67,-34
123000271,99,73,26
123000272,602,248,354
123000273,216,548,-332
123000274,1053,587,466
123000275,251,785,-534
123000278,2524,2114,410
123000279,97,85,12
123000280,296,287,9
123000281,310,90,220
123000282,97,249,-152
123000283,78,55,23
123000284,59,122,-63
123000286,269,247,22
123000287,502,228,274
123000288,1142,590,552
123000289,413,783,-370
123000291,223,744,-521
123000294,199,227,-28
123000295,1079,820,259
123000296,589,399,190
123000297,524,675,-151
123000298,509,405,104
123000299,53,187,-134
123000300,700,862,-162
123000301,90,168,-78
123000302,60,161,-101
123000303,91,142,-51
123000305,929,972,-43
123000306,85,160,-75
123000309,51,64,-13
123000310,37,48,-11
123000311,0,72,-72
123000312,507,780,-273
123000313,404,465,-61
123000315,42,277,-235
123000316,1070,268,802
123000317,342,94,248
123000318,72,219,-147
123000329,12,18,-6
123000337,1410,246,1164
123000338,931,53,878
123000339,165,103,62
123000340,162,365,-203
123000342,22,89,-67
123000343,40,8,32
123000344,1312,391,921
123000345,356,508,-152
123000346,310,71,239
123000352,1213,733,480
123000353,17,148,-131
123000354,467,3,464
123000355,1,403,-402
123000356,315,1,314
123000357,2,129,-127
123000359,4,124,-120
123000360,182,86,96
123000361,262,302,-40
123000362,275,95,180
123000363,97,179,-82
123000364,430,418,12
123000365,31,294,-263
123000366,397,1611,-1214
123000367,326,937,-611
123000370,30,175,-145
123000371,301,19,282
123000372,441,6,435
123000373,4,314,-310
123000374,2,204,-202
123000375,269,32,237
123000376,801,563,238
123000377,270,11,259
123000378,24,187,-163
123000379,5,198,-193
123000380,68,363,-295
123000381,181,33,148
123000382,1004,116,888
123000383,148,1259,-1111
123000384,458,49,409
123000385,455,541,-86
123000436,40,813,-773
123000507,213,262,-49
123000508,229,695,-466
123000517,295,25,270
123000518,29,233,-204
123000519,176,72,104
123000520,34,228,-194
123000521,234,118,116
123000522,187,371,-184
123000541,3,0,3
123000542,0,14,-14
123000565,734,41,693
123000566,197,562,-365
123000567,71,212,-141
123000573,28,606,-578
123000574,826,71,755
123000575,1209,953,256
123000576,717,1302,-585
123000577,52,522,-470
123000578,507,66,441
123000579,3084,3914,-830
123000580,90,27,63
123000582,320,23,297
123000583,26,303,-277
123000584,173,268,-95
123000585,0,57,-57
123000586,61,0,61
123000596,66,125,-59
123000597,80,128,-48
123000602,24,8,16
123000603,617,573,44
123000604,538,766,-228
123000605,920,160,760
123000606,1,308,-307
123000609,21,294,-273
123000610,187,103,84
123000613,60,189,-129
123000614,209,35,174
123000615,105,126,-21
123000616,648,24,624
123000617,74,217,-143
123000618,56,486,-430
123000619,456,47,409
123000620,13,314,-301
123000622,356,25,331
123000624,127,50,77
123000630,1116,426,690
123000631,233,1300,-1067
123000632,765,788,-23
123000633,1,219,-218
123000634,58,104,-46
123000635,90,115,-25
123000636,88,470,-382
123000637,228,27,201
123000638,723,50,673
123000639,868,3327,-2459
123000640,33,642,-609
123000648,303,112,191
123000649,37,427,-390
123900001,1070,56,1014
123900002,31,1419,-1388
123900003,366,368,-2
123900005,243,114,129
123900006,232,27,205
124000001,1677,196,1481
124000002,101,1514,-1413
124000003,776,179,597
124000004,96,500,-404
124000005,985,472,513
124000006,207,936,-729
124000007,469,113,356
124000008,17,459,-442
124000009,634,251,383
124000010,169,533,-364
124000011,990,277,713
124000012,268,596,-328
124000017,161,130,31
124000018,108,85,23
124000019,142,156,-14
124000020,59,192,-133
124000021,97,87,10
124000022,75,246,-171
124000023,1450,1322,128
124000024,918,506,412
124000025,1102,1363,-261
124000026,884,953,-69
124000027,4286,4308,-22
124000028,2311,4499,-2188
124000030,2912,1256,1656
124000031,1563,2630,-1067
124000032,2935,1015,1920
124000033,1043,517,526
124000034,915,1106,-191
124000035,274,154,120
124000036,130,563,-433
124000037,389,1010,-621
124000038,43,131,-88
124000039,961,502,459
124000040,634,1111,-477
124000041,399,66,333
124000042,82,412,-330
124000043,188,103,85
124000044,103,171,-68
124000045,755,497,258
124000046,362,728,-366
124000047,1129,753,376
124000048,813,1160,-347
124000049,1561,601,960
124000050,760,1559,-799
124000051,795,518,277
124000052,691,901,-210
124000053,510,1374,-864
124000054,981,501,480
124000055,1251,2045,-794
124000056,2127,1739,388
124000057,878,486,392
124000058,519,1365,-846
124000059,525,978,-453
124000060,1034,682,352
124000061,1485,4436,-2951
124000062,6635,2038,4597
124000063,1574,1912,-338
124000064,2193,1634,559
124000065,146,431,-285
124000066,338,116,222
124000067,199,186,13
124000068,81,171,-90
124000069,666,224,442
124000070,206,535,-329
124000071,173,75,98
124000072,163,540,-377
124000073,749,179,570
124000074,233,671,-438
124000075,284,33,251
124000076,14,179,-165
124000077,2012,673,1339
124000078,2456,1357,1099
124000079,406,1057,-651
124000080,499,175,324
124000081,141,513,-372
124000082,59,157,-98
124000083,117,100,17
124000084,72,376,-304
124000085,135,44,91
124000086,59,110,-51
124000087,176,74,102
124000088,153,236,-83
124000089,736,323,413
124000090,132,350,-218
124000091,443,132,311
124000092,105,617,-512
124000093,93,117,-24
124000094,100,469,-369
124000095,78,92,-14
124000096,153,219,-66
124000097,95,196,-101
124000098,66,93,-27
124000099,168,143,25
124000100,33,108,-75
124000101,94,81,13
124000102,140,72,68
124000103,83,113,-30
124000104,103,52,51
124000105,72,80,-8
124000106,129,64,65
124000107,15,152,-137
124000108,51,46,5
124000109,112,119,-7
124000110,305,118,187
124000111,142,132,10
124000112,612,654,-42
124000113,85,73,12
124000114,256,422,-166
124000115,374,609,-235
124000116,120,103,17
124000117,43,65,-22
124000118,37,77,-40
124000119,695,375,320
124000120,422,340,82
124000121,1867,965,902
124000122,501,1174,-673
124000123,895,504,391
124000124,468,1074,-606
124000125,360,370,-10
124000126,290,623,-333
124000127,677,353,324
124000128,586,817,-231
124000129,1754,1278,476
124000130,686,693,-7
124000131,826,479,347
124000132,738,779,-41
124000133,735,655,80
124000134,718,631,87
124000135,1370,1386,-16
124000136,877,941,-64
124000137,1023,517,506
124000138,1467,1265,202
124000139,734,30,704
124000140,20,464,-444
124000141,548,15,533
124000142,73,360,-287
124000143,133,12,121
124000144,9,179,-170
124000145,96,33,63
124000146,14,80,-66
124000148,31,91,-60
124000149,980,466,514
124000150,290,569,-279
124000151,801,389,412
124000152,731,1255,-524
124000153,577,680,-103
124000154,284,661,-377
124000155,1189,1016,173
124000156,1835,1040,795
124000169,178,335,-157
124000170,382,399,-17
124000171,232,142,90
124000172,235,502,-267
124000173,319,152,167
124000174,381,471,-90
124000175,1,85,-84
124000176,34,8,26
124000177,10,26,-16
124000178,37,36,1
124000190,112,53,59
124000191,243,83,160
124000192,2319,349,1970
124000193,408,823,-415
124000194,409,457,-48
124000195,248,602,-354
124000196,1025,1094,-69
124000197,40,45,-5
124000198,34,54,-20
124000201,330,884,-554
124000202,552,303,249
124000203,352,640,-288
124000204,751,280,471
124000205,115,428,-313
124000206,750,413,337
124000207,0,40,-40
124000209,236,458,-222
124000210,420,224,196
124000211,425,2,423
124000212,0,356,-356
124000213,329,286,43
124000214,298,504,-206
124000215,870,30,840
124000216,3,337,-334
124000329,142,1528,-1386
124000338,96,825,-729
124000339,960,124,836
124000341,1365,66,1299
124000344,47,0,47
124000357,821,2134,-1313
124000358,731,1427,-696
124000359,938,834,104
124000360,709,693,16
124000361,2296,931,1365
124000362,1507,1946,-439
124000363,292,330,-38
124000364,686,760,-74
124000365,624,1173,-549
124000366,1504,826,678
124000367,147,498,-351
124000368,547,374,173
124000369,245,204,41
124000370,129,771,-642
124000402,50,15,35
124000403,134,14,120
124000404,8,95,-87
124000405,915,685,230
124000406,741,790,-49
124000407,2,55,-53
124000411,11,346,-335
124000412,393,6,387
124000413,360,41,319
124000414,47,91,-44
124000415,42,113,-71
124000416,182,226,-44
124000417,150,98,52
124000418,141,97,44
124000419,88,118,-30
124000420,70,70,0
124000421,40,182,-142
124000422,21,11,10
124000423,140,28,112
124000424,15,157,-142
124000425,125,11,114
124000426,8,164,-156
124000427,169,13,156
124000428,7,39,-32
124000429,46,77,-31
124000430,609,401,208
124000431,350,462,-112
124000432,199,769,-570
124000439,3,6,-3
124000443,0,5,-5
124000445,565,1028,-463
124000446,1596,112,1484
124000447,11,135,-124
124900001,473,356,117
124900002,114,330,-216
124900003,974,635,339
124900004,486,387,99
124900005,226,143,83
124900006,670,357,313
124900008,1152,557,595
124900009,194,236,-42
124900010,153,96,57
124900011,417,177,240
124900012,441,119,322
124900013,393,147,246
124900014,257,52,205
124900015,116,292,-176
124900016,41,106,-65
124900017,561,1286,-725
124900018,48,17,31
124900020,65,49,16
124900021,250,49,201
124900022,332,15,317
124900024,227,47,180
124900026,341,41,300
124900027,79,321,-242
124900028,319,77,242
124900029,9,442,-433
124900030,10,67,-57
124900031,20,232,-212
124900032,150,214,-64
124900033,129,220,-91
124900034,5,84,-79
124900035,196,295,-99
124900036,0,50,-50
124900037,181,261,-80
124900038,278,369,-91
124900039,4,35,-31
124900040,138,71,67
124900041,345,1157,-812
124900042,107,2,105
124900043,526,1030,-504
124900044,74,3,71
124900045,625,1112,-487
124900047,173,163,10
124900048,193,108,85
124900050,143,235,-92
124900052,113,326,-213
124900053,101,351,-250
124900054,1558,433,1125
124900055,0,136,-136
124900057,15,43,-28
124900060,57,157,-100
124900061,140,10,130
124900062,131,25,106
124900066,1,30,-29
124900067,3,143,-140
124900068,190,341,-151
124900070,63,33,30
124900072,125,53,72
124900075,172,231,-59
124900076,25,1047,-1022
124900077,33,68,-35
124900078,82,16,66
124900079,471,119,352
124900080,355,663,-308
124900081,777,284,493
124900082,399,1027,-628
124900083,230,554,-324
124900085,984,395,589
124900086,75,1148,-1073
124900087,697,114,583
124900088,749,121,628
124900089,1369,31,1338
124900090,216,159,57
124900091,234,385,-151
124900092,173,275,-102
124900093,275,174,101
124900094,264,204,60
124900095,111,329,-218
124900096,404,268,136
124900097,230,80,150
124900098,101,309,-208
124900099,495,403,92
124900100,240,84,156
124900101,136,204,-68
124900102,201,40,161
124900103,165,170,-5
124900104,97,129,-32
124900105,105,92,13
124900106,321,73,248
124900107,78,19,59
124900108,178,78,100
124900111,0,118,-118
124900112,83,429,-346
124900113,144,312,-168
124900114,203,137,66
124900115,42,32,10
124900116,171,149,22
124900117,277,142,135
124900118,211,195,16
124900119,361,166,195
124900120,51,304,-253
124900121,86,373,-287
124900122,281,224,57
124900123,309,162,147
124900124,94,393,-299
204000001,99,12,87
204000002,41,8,33
204000003,15,2,13
204000004,19,0,19
204000005,649,484,165
204000006,1178,1231,-53
204000011,26,64,-38
204000012,64,132,-68
204000019,638,485,153
204000020,529,512,17
204000021,1318,718,600
204000022,600,435,165
204000023,509,975,-466
204000031,157,6,151
204000032,527,33,494
204000034,44,182,-138
204000035,0,1,-1
204000036,7,22,-15
204000037,4,11,-7
204000038,0,9,-9
204000039,17,25,-8
204000040,3,29,-26
204000041,8,18,-10
204000042,42,9,33
204000043,24,4,20
204000044,42,0,42
204000045,38,4,34
204000046,13,1,12
204000057,7,13,-6
204000062,39,45,-6
204000068,40,280,-240
204000069,62,307,-245
204000070,96,108,-12
204000080,85,79,6
204000085,2081,1920,161
204000086,2705,2339,366
204000087,47,16,31
204000088,6,108,-102
204000090,74,303,-229
204000093,285,57,228
204000096,648,1002,-354
204000097,352,19,333
204000099,1007,1363,-356
204000100,1252,1838,-586
204000105,2144,1512,632
204000110,927,1080,-153
204000111,390,666,-276
204000112,652,558,94
204000113,394,640,-246
204000114,637,497,140
204000115,428,275,153
204000116,602,330,272
204000119,1696,2445,-749
204000132,559,312,247
204000133,633,480,153
204000134,149,138,11
204000135,486,107,379
204000136,815,235,580
204000138,317,336,-19
204000140,213,124,89
204000141,188,59,129
204000144,24,12,12
204000145,481,32,449
204000146,18,270,-252
204000147,45,213,-168
204000148,395,25,370
204000154,5,2,3
204000155,3,7,-4
204000177,88,64,24
204000179,15,4,11
204000180,0,46,-46
204000222,1,5,-4
204000235,6,18,-12
204000236,68,210,-142
204000238,11,19,-8
204000240,298,51,247
204000263,651,1107,-456
204000268,1096,758,338
204000308,137,25,112
204000317,11,63,-52
204000322,23,42,-19
204000323,15,11,4
204000328,152,81,71
204000329,77,146,-69
204000330,168,44,124
204000331,67,115,-48
205000001,1046,1795,-749
205000013,5,66,-61
205000014,18,62,-44
205000015,29,184,-155
205000016,12,170,-158
205000017,13,84,-71
205000022,327,885,-558
205000025,1335,1239,96
205000029,170,8,162
205000045,154,293,-139
205000046,80,593,-513
205000047,59,428,-369
205000048,363,1172,-809
205000049,147,927,-780
205000050,776,362,414
205000059,0,298,-298
205000060,0,95,-95
205000061,1,93,-92
205000062,3,95,-92
205000063,12,49,-37
205000064,20,92,-72
205000065,48,475,-427
205000066,127,876,-749
205000067,23,956,-933
205000069,225,22,203
205000082,115,200,-85
205000110,61,355,-294
205000111,141,313,-172
205000112,154,175,-21
205000113,181,356,-175
205000121,220,59,161
205000123,30,199,-169
205000126,396,139,257
205000127,658,199,459
205000128,673,104,569
205000129,654,123,531
205000130,479,31,448
205000131,153,8,145
205000132,332,4,328
205000133,314,1,313
205000134,253,0,253
205000137,53,136,-83
205000138,122,277,-155
205000139,37,110,-73
205000144,91,75,16
205000145,250,168,82
205000151,126,50,76
205000152,161,23,138
205000153,207,44,163
205000154,64,39,25
205000155,137,11,126
205000207,3,190,-187
205000233,41,0,41
205000234,0,3,-3
205000243,0,1,-1
205000244,0,7,-7
205000245,3,138,-135
205000249,0,23,-23
205000250,11,1,10
205000264,6,83,-77
206000027,3,3,0
206000028,3,1,2
206000043,2,72,-70
206000053,0,3,-3
206000054,2,22,-20
206000055,0,18,-18
206000075,9,16,-7
206000076,21,17,4
206000077,18,4,14
206000078,24,5,19
206000079,13,6,7
206000082,357,28,329
206000100,41,517,-476
206000103,7,13,-6
206000104,24,12,12
206000105,7,9,-2
206000106,14,19,-5
206000125,51,0,51
206000157,53,559,-506
206000170,0,154,-154
206000171,2,168,-166
206000172,7,356,-349
206000173,3,190,-187
206000174,4,82,-78
206000175,2,114,-112
206000176,9,159,-150
206000177,4,146,-142
206000178,2,140,-138
206000179,9,61,-52
206000180,5,126,-121
206000181,3,131,-128
206000182,7,152,-145
206000183,17,543,-526
206000184,4,207,-203
206000185,2,146,-144
206000186,86,899,-813
206000223,10,169,-159
206000226,7,0,7
206000227,17,0,17
206000237,28,301,-273
206000238,42,493,-451
206000239,226,1743,-1517
206000240,3,52,-49
206000241,0,88,-88
206000242,6,194,-188
206000243,5,198,-193
206000244,58,505,-447
206000245,572,55,517
206000246,184,13,171
206000247,177,8,169
206000248,267,13,254
206000252,58,32,26
206000258,27,40,-13
206000315,20,8,12
206000317,428,72,356
206000318,408,76,332
206000319,856,91,765
206000320,136,34,102
206000321,159,3,156
206000322,319,27,292
206000323,110,18,92
206000324,121,18,103
206000325,148,15,133
206000326,122,8,114
206000327,329,6,323
206000328,138,3,135
206000329,201,1,200
206000330,56,4,52
206000331,147,2,145
206000332,25,2,23
206000333,480,2,478
206000334,200,2,198
206000335,0,21,-21
206000361,4,195,-191
206000392,2,19,-17
206000405,102,1,101
206000441,31,11,20
206000498,24,6,18
206000515,87,32,55
206000530,192,64,128
206000531,169,125,44
206000532,1552,200,1352
206000535,203,1689,-1486
206000536,26,156,-130
206000537,15,140,-125
206000613,1153,179,974
206000784,468,36,432
207000001,178,564,-386
207000002,106,290,-184
207000003,147,145,2
207000007,843,258,585
207000008,53,7,46
207000009,82,45,37
207000010,407,443,-36
207000012,254,226,28
207000015,275,1234,-959
207000019,357,90,267
207000021,588,181,407
207000022,102,120,-18
207000023,217,41,176
207000024,2,16,-14
207000025,48,86,-38
207000026,98,41,57
207000027,17,61,-44
207000028,54,177,-123
207000029,201,410,-209
207000033,292,345,-53
207000034,261,80,181
207000039,305,118,187
207000040,264,81,183
207000041,66,24,42
207000042,250,64,186
207000043,243,214,29
207000051,134,252,-118
207000052,19,142,-123
207000053,449,554,-105
207000054,25,130,-105
207000055,145,128,17
207000056,329,358,-29
207000057,121,238,-117
207000058,161,353,-192
207000059,89,612,-523
207000060,113,211,-98
207000061,241,400,-159
207000062,291,36,255
207000063,308,146,162
207000064,364,155,209
207000065,374,261,113
207000066,218,183,35
207000067,52,88,-36
207000068,176,68,108
207000069,705,346,359
207000082,9,231,-222
207000083,125,272,-147
207000084,236,198,38
207000085,195,15,180
207000086,179,2,177
207000106,59,29,30
207000107,83,34,49
207000108,75,7,68
207000109,51,9,42
207000110,38,88,-50
207000111,67,49,18
207000112,201,581,-380
207000114,34,56,-22
207000115,24,71,-47
207000116,17,329,-312
207000117,4,105,-101
207000118,9,79,-70
207000119,45,78,-33
207000123,169,17,152
207000124,49,22,27
207000125,67,52,15
207000126,41,90,-49
207000134,86,113,-27
207000135,13,182,-169
207000148,41,216,-175
207000149,88,30,58
207000152,86,330,-244
207000153,870,1160,-290
207000154,406,129,277
207000159,117,195,-78
207000160,165,389,-224
207000238,1,107,-106
207000242,5,172,-167
207000248,32,22,10
207000249,115,45,70
207000250,572,77,495
207000251,96,51,45
207000252,48,58,-10
207000278,108,106,2
207000279,30,173,-143
207000280,473,65,408
207000281,104,964,-860
207000282,234,119,115
207000283,148,203,-55
207000284,137,126,11
207000285,121,49,72
207000291,18,104,-86
207000304,134,39,95
207000306,94,386,-292
207000310,74,85,-11
207000353,352,4,348
207000356,16,22,-6
207000357,14,7,7
207000358,8,19,-11
207000415,1,190,-189
207000417,62,2,60
207000418,147,166,-19
207000438,0,2,-2
207000439,1090,551,539
207000446,128,6,122
207000460,28,9,19
207000466,160,149,11
207000467,208,83,125
207000468,20,357,-337
207000476,13,65,-52
207000477,578,71,507
207000478,2,27,-25
207000523,0,24,-24
207000524,86,0,86
207000527,119,160,-41
207000530,390,12,378
207000531,267,11,256
207000532,110,20,90
207000534,491,44,447
207000535,28,259,-231
207000537,11,63,-52
207000540,4,206,-202
207000541,2,212,-210
207000548,6,226,-220
207000549,214,10,204
207000561,159,139,20
207000562,38,166,-128
207000567,195,256,-61
207000568,122,53,69
207000569,285,534,-249
207000584,264,150,114
207000585,52,262,-210
207000587,71,21,50
207000616,0,95,-95
207000617,114,0,114
207000624,31,36,-5
207000631,5,54,-49
207900008,209,81,128
208000001,535,857,-322
208000002,1064,458,606
208000003,956,427,529
208000004,1090,532,558
208000005,10,11,-1
208000019,592,958,-366
208000020,125,481,-356
208000021,249,347,-98
208000022,998,522,476
208000028,1549,869,680
208000033,497,480,17
208000034,1085,1160,-75
208000037,321,17,304
208000040,179,168,11
208000041,976,538,438
208000042,1947,650,1297
208000047,161,231,-70
208000064,2357,1434,923
208000066,1791,2019,-228
208000070,306,324,-18
208000071,335,818,-483
208000072,334,1315,-981
208000080,266,296,-30
208000081,302,143,159
208000082,279,271,8
208000083,180,444,-264
208000084,24,18,6
208000085,833,644,189
208000086,450,993,-543
208000087,782,760,22
208000089,837,426,411
208000090,826,621,205
208000093,181,91,90
208000094,500,379,121
208000095,697,364,333
208000104,907,1073,-166
208000105,706,1084,-378
208000114,79,340,-261
208000115,497,412,85
208000116,634,1044,-410
208000117,188,109,79
208000118,106,107,-1
208000155,759,888,-129
208000158,1319,3051,-1732
208000186,3790,3873,-83
208000204,571,866,-295
208000205,1088,1068,20
208000282,5584,2775,2809
209000004,226,146,80
209000005,30,36,-6
209000006,348,108,240
209000007,260,280,-20
209000010,485,140,345
209000011,233,249,-16
209000012,137,181,-44
209000013,314,334,-20
209000014,562,991,-429
209000025,261,61,200
209000026,619,95,524
209000027,626,721,-95
209000028,351,618,-267
209000029,594,562,32
209000030,504,1180,-676
209000031,2393,2169,224
209000034,163,223,-60
209000035,129,175,-46
209000036,142,105,37
209000037,234,249,-15
209000038,94,148,-54
209000039,55,183,-128
209000040,227,513,-286
209000041,165,428,-263
209000042,197,395,-198
209000043,735,810,-75
209000044,174,679,-505
209000045,1729,595,1134
209000046,507,461,46
209000047,540,200,340
209000048,633,319,314
209000049,70,133,-63
209000050,179,179,0
209000051,321,413,-92
209000052,177,421,-244
209000062,37,119,-82
209000063,55,84,-29
209000064,34,110,-76
209000065,79,28,51
209000066,70,35,35
209000067,74,63,11
209000080,21,251,-230
209000082,67,34,33
209000091,33,121,-88
209000093,57,19,38
209000094,236,228,8
209000110,35,90,-55
209000111,370,1088,-718
209000112,702,445,257
209000113,1284,429,855
209000114,638,274,364
209000115,82,181,-99
209000116,668,595,73
209000118,31,43,-12
209000119,50,18,32
209000121,133,531,-398
209000135,72,172,-100
209000142,570,1185,-615
209000143,108,94,14
209000144,40,103,-63
209000229,345,141,204
209000240,35,274,-239
209000259,101,147,-46
209000260,31,844,-813
209000261,2,430,-428
209000262,4,408,-404
209000263,2,143,-141
209000264,1,84,-83
209000265,383,2,381
209000266,93,2,91
209000267,746,10,736
209000268,580,37,543
210000037,78,22,56
210000047,71,20,51
210000048,73,11,62
210000049,49,4,45
210000052,43,67,-24
210000053,29,40,-11
210000054,58,86,-28
210000070,83,3,80
210000071,73,0,73
210000072,16,0,16
210000073,1,35,-34
210000074,1,72,-71
210000075,1,69,-68
210000076,5,136,-131
210000077,10,39,-29
210000078,46,32,14
210000079,14,11,3
210000080,137,50,87
210000081,180,6,174
210000082,116,1,115
210000083,85,1,84
210000084,36,0,36
210000085,0,69,-69
210000086,2,108,-106
210000099,41,204,-163
210000100,47,179,-132
210000101,64,178,-114
210000105,49,192,-143
210000159,0,135,-135
210000163,120,177,-57
210000164,212,102,110
210000168,101,34,67
210000187,0,22,-22
210000188,1,13,-12
210000214,67,0,67
210000219,21,36,-15
210000220,72,52,20
210000232,2,25,-23
210000233,29,61,-32
210000234,20,85,-65
210000235,47,70,-23
210000245,2,35,-33
210000246,42,26,16
210000258,13,74,-61
210000259,255,51,204
210000282,101,192,-91
210000285,1,80,-79
210000286,13,140,-127
210000290,5,16,-11
210000295,39,151,-112
210000296,27,35,-8
210000320,189,81,108
210000321,81,51,30
210000338,39,51,-12
210000339,324,1015,-691
210000340,103,293,-190
210000341,195,213,-18
210000342,177,153,24
210000343,147,160,-13
210000344,213,109,104
210000345,151,159,-8
210000346,87,98,-11
210000347,84,21,63
210000348,107,9,98
210000349,72,21,51
210000350,136,85,51
210000351,114,113,1
210000352,53,65,-12
210000353,45,118,-73
210000354,51,111,-60
210000355,37,82,-45
210000356,41,47,-6
210000357,56,28,28
210000358,187,111,76
210000359,96,68,28
210000360,159,96,63
210000361,177,115,62
210000362,288,187,101
210000363,775,231,544
210000364,95,107,-12
210000365,81,64,17
210000366,127,34,93
210000367,97,24,73
210000368,158,38,120
210000369,20,23,-3
210000370,31,32,-1
210000372,51,28,23
210000373,43,8,35
210000374,44,6,38
210000375,25,79,-54
210000376,75,106,-31
210000404,48,107,-59
210000439,20,26,-6
210000472,105,4,101
210000482,71,58,13
210000564,366,221,145
210000567,0,42,-42
210000568,265,3,262
211000092,19,40,-21
211000094,28,10,18
211000169,277,14,263
211000172,28,291,-263
211000209,1,26,-25
211000226,24,19,5
211000270,18,21,-3
211000275,25,7,18
211000276,87,31,56
211000279,37,40,-3
211000281,39,34,5
211000302,22,68,-46
211507980,1,35,-34
211977296,38,6,32
212000003,126,51,75
212000004,39,10,29
212000005,40,18,22
212000006,68,68,0
212000008,161,190,-29
212000009,25,139,-114
212000012,54,65,-11
212000013,33,50,-17
212000014,223,156,67
212000015,219,286,-67
212000016,416,553,-137
212000027,455,379,76
212000028,301,443,-142
212000029,234,277,-43
212000030,25,26,-1
212000031,73,56,17
212000048,37,130,-93
212000049,14,105,-91
212000050,12,5,7
212000051,161,227,-66
212000052,146,341,-195
212000053,308,732,-424
212000054,180,165,15
212000055,168,236,-68
212000056,23,30,-7
212000057,21,31,-10
212000058,245,46,199
212000070,130,248,-118
212000077,136,762,-626
212000099,192,233,-41
212000108,209,125,84
212000111,142,118,24
212000120,86,84,2
212000138,88,30,58
212000156,10,135,-125
212000158,12,12,0
212000159,317,51,266
212000160,524,271,253
212000161,66,11,55
212000310,35,18,17
212000311,10,66,-56
212000374,50,10,40
213000001,30,377,-347
213000005,446,127,319
213000006,897,277,620
213000007,230,7,223
213000009,798,512,286
213000010,167,277,-110
213000011,298,125,173
213000012,98,339,-241
213000014,74,6,68
213000015,206,4,202
213000016,416,2,414
213000017,56,0,56
213000018,0,159,-159
213000019,5,179,-174
213000020,126,351,-225
213000021,4,119,-115
213000023,260,171,89
213000033,327,1510,-1183
213000034,758,242,516
213000035,104,336,-232
213000045,168,269,-101
213000046,239,192,47
213000047,678,1075,-397
213000056,128,50,78
213000069,112,5,107
213000073,1,41,-40
213000074,93,335,-242
213000075,442,11,431
213000076,75,2,73
213000085,3,19,-16
213000086,4,170,-166
213000091,126,8,118
213000092,82,8,74
213000099,186,1161,-975
213000100,1246,240,1006
213000101,285,134,151
213000102,330,285,45
213000103,651,787,-136
213000104,31,369,-338
213000105,2,121,-119
213000106,32,155,-123
213000107,130,624,-494
213000108,23,478,-455
213000109,12,259,-247
213000110,7,125,-118
213000111,20,73,-53
213000112,184,109,75
213000115,46,18,28
213000116,65,484,-419
213000117,10,699,-689
213000118,346,295,51
213000119,42,639,-597
213000120,120,525,-405
213000122,172,574,-402
213000123,349,1304,-955
213000124,117,1031,-914
213000125,133,22,111
213000126,60,94,-34
213000127,105,164,-59
213000128,531,923,-392
213000129,358,546,-188
213000130,434,260,174
213000132,196,73,123
213000133,447,95,352
213000134,653,23,630
213000136,444,25,419
213000137,504,102,402
213000139,797,25,772
213000147,155,5,150
213000148,56,13,43
213000149,28,7,21
213000150,0,109,-109
213000151,3,97,-94
213000152,0,73,-73
213000153,2,83,-81
213000154,16,249,-233
213000155,34,220,-186
213000156,127,607,-480
213000157,494,422,72
213000158,299,948,-649
213000159,469,615,-146
213000163,582,69,513
213000165,620,179,441
213000171,0,113,-113
213000172,8,307,-299
213000173,3,286,-283
213000174,1,140,-139
213000175,13,93,-80
213000176,35,26,9
213000177,57,2,55
213000178,99,0,99
213000179,137,2,135
213000180,109,1,108
213000184,163,287,-124
213000188,302,120,182
213000189,255,62,193
213000190,866,760,106
213000191,260,415,-155
213000192,179,390,-211
213000193,1039,229,810
213000194,1,69,-68
213000195,12,437,-425
213000196,261,1073,-812
213000197,264,802,-538
213000198,140,4,136
213000200,103,901,-798
213000201,95,43,52
213000202,8,636,-628
213000203,3102,789,2313
213000204,755,95,660
213000205,244,115,129
213000206,446,52,394
213000207,275,15,260
213000208,174,2,172
213000209,265,7,258
213000210,610,7,603
213000211,11,15,-4
213000212,25,29,-4
213000213,51,52,-1
213000218,236,746,-510
213000219,412,14,398
213000220,414,18,396
213000223,224,211,13
213000224,61,49,12
213000225,93,7,86
213000226,71,11,60
213000227,895,337,558
213000228,314,119,195
213000229,533,47,486
213000230,663,29,634
213000232,78,834,-756
213000233,8,66,-58
213000234,1,20,-19
213000293,22,50,-28
213000294,204,14,190
213000295,9,65,-56
213000296,54,26,28
213000297,6,111,-105
213000298,27,91,-64
213000299,34,54,-20
213000300,17,8,9
213000303,11,17,-6
213000304,2,11,-9
213000305,12,6,6
213000306,86,18,68
213000307,224,78,146
213000308,145,190,-45
213000309,113,60,53
213000310,259,93,166
213000311,330,637,-307
213000315,64,77,-13
213000316,204,59,145
213000322,93,148,-55
213000323,78,65,13
213000324,41,32,9
213000325,28,76,-48
213000326,7,17,-10
213000327,10,25,-15
213000328,15,114,-99
213000329,92,31,61
213000340,202,672,-470
213000341,362,97,265
213000346,150,208,-58
213000347,671,319,352
213000348,10,187,-177
213000349,29,14,15
213000350,282,1059,-777
213000366,61,269,-208
213000367,270,63,207
213000379,164,77,87
213000386,16,234,-218
213000406,59,312,-253
213000417,915,460,455
213000425,154,32,122
213000426,106,52,54
213000427,64,250,-186
213000428,24,190,-166
213000429,44,5,39
213000430,81,639,-558
213000431,141,4,137
213000432,4,21,-17
213000433,39,138,-99
213000434,49,113,-64
213000435,67,83,-16
213000436,25,71,-46
213000437,2,9,-7
213000438,102,60,42
213000439,35,24,11
213000440,1,310,-309
213000441,1,0,1
213000442,0,19,-19
213000443,398,276,122
213000444,49,35,14
213000445,1,77,-76
213000446,2,5,-3
213000447,8,49,-41
213000448,13,116,-103
213000449,192,10,182
213000450,20,40,-20
213000451,154,77,77
213000452,41,20,21
213000453,40,275,-235
213000455,612,4,608
213000456,3,281,-278
213000481,51,8,43
213000482,53,5,48
213000489,266,101,165
213000491,1,168,-167
213000492,505,47,458
213000493,0,118,-118
213000494,206,83,123
213000495,0,107,-107
213000496,443,153,290
213000497,76,251,-175
213000498,136,236,-100
213000499,160,485,-325
213000500,348,53,295
213000501,92,11,81
213000502,162,63,99
213000503,4,67,-63
213000504,3,112,-109
213000505,2,8,-6
213000506,0,6,-6
213000507,4,117,-113
213900244,22,0,22
213900245,0,43,-43
218000003,31,18,13
218000004,33,40,-7
218000005,77,23,54
218000006,55,40,15
218000007,14,23,-9
218000012,164,118,46
218000013,73,137,-64
218000014,385,436,-51
218000019,735,621,114
218000020,209,390,-181
218000021,15,42,-27
218000022,4,18,-14
218000023,3,24,-21
218000024,2,6,-4
218000025,8,17,-9
218000026,12,14,-2
218000027,1,7,-6
218000028,1,4,-3
218000029,0,5,-5
218000030,12,17,-5
218000031,0,11,-11
218000032,2,23,-21
218000040,21,2,19
218000046,51,101,-50
218000047,14,144,-130
218000048,56,117,-61
218000049,106,108,-2
218000050,306,285,21
218000051,62,247,-185
218000052,1,89,-88
218000053,2,13,-11
218000054,20,32,-12
218000055,8,8,0
218000056,17,23,-6
218000057,1,30,-29
218000064,1,8,-7
218000065,81,31,50
218000066,8,62,-54
218000067,51,99,-48
218000068,75,98,-23
218000069,205,119,86
218000070,252,255,-3
218000071,185,167,18
218000072,241,194,47
218000078,713,1004,-291
218000079,76,81,-5
218000080,59,99,-40
218000081,288,226,62
218000082,68,118,-50
218000083,65,59,6
218000084,112,151,-39
218000085,133,339,-206
218000086,52,137,-85
218000087,154,176,-22
218000090,11,107,-96
218000091,911,504,407
218000092,51,192,-141
218000093,89,69,20
218000094,515,711,-196
218000099,228,640,-412
218000100,262,307,-45
218000101,275,152,123
218000102,330,231,99
218000103,67,126,-59
218000104,62,35,27
218000105,19,15,4
218000106,13,15,-2
218000107,54,57,-3
218000108,12,49,-37
218000112,57,32,25
218000117,63,70,-7
218000134,465,527,-62
218000135,46,71,-25
218000136,167,101,66
218000137,229,176,53
218000138,21,126,-105
218000139,158,304,-146
218000140,320,247,73
218000141,106,75,31
218000142,206,130,76
218000143,130,224,-94
218000144,122,74,48
218000145,317,299,18
218000146,86,161,-75
218000151,2,30,-28
218000152,142,87,55
218000153,9,1,8
218000154,10,0,10
218000155,16,0,16
218000156,38,16,22
218000157,19,2,17
218000158,5,0,5
218000159,0,4,-4
218000160,1,4,-3
218000161,8,2,6
218000162,24,5,19
218000163,10,4,6
218000164,21,4,17
218000165,56,10,46
218000170,11,54,-43
218000171,63,19,44
218000172,28,21,7
218000173,82,17,65
218000174,36,6,30
218000176,153,46,107
218000177,280,196,84
218000178,73,227,-154
218000179,93,87,6
218000180,70,52,18
218000181,155,47,108
218000187,19,18,1
218000188,29,44,-15
218000189,18,47,-29
218000190,29,9,20
218000191,126,70,56
218000192,156,195,-39
218000193,361,362,-1
218000194,68,357,-289
218000195,126,62,64
218000196,249,240,9
218000197,263,290,-27
218000198,26,104,-78
218000199,42,22,20
218000200,64,29,35
218000201,13,12,1
218000202,75,221,-146
218000207,5,28,-23
218000208,46,32,14
218000211,104,14,90
218000212,0,5,-5
218000213,116,76,40
218000214,3,16,-13
218000215,92,33,59
218000217,2,119,-117
218000218,150,52,98
218000219,28,16,12
218000220,84,202,-118
218000221,786,168,618
218000222,54,31,23
218000223,48,254,-206
218000224,11,108,-97
218000225,171,31,140
218000226,150,73,77
218000230,0,3,-3
218000232,24,64,-40
218000239,466,14,452
218000240,64,6,58
218000241,104,3,101
218000242,161,15,146
218000243,237,14,223
218000244,99,6,93
218000245,45,4,41
218000246,20,0,20
218000247,3,2,1
218000248,0,18,-18
218000249,2,1,1
218000250,5,8,-3
218000251,6,17,-11
218000252,9,28,-19
218000253,6,43,-37
218000254,4,23,-19
218000255,3,15,-12
218000256,29,75,-46
218000267,573,1034,-461
218000268,26,65,-39
218000269,10,23,-13
218000270,72,51,21
218000271,41,67,-26
218000273,10,13,-3
218000274,13,3,10
218000275,32,30,2
218000276,9,34,-25
218000278,31,29,2
218000279,59,70,-11
218000280,42,50,-8
218000281,28,26,2
218000282,529,437,92
218000284,76,8,68
218000301,68,139,-71
218000302,83,57,26
218000303,51,41,10
218000316,589,998,-409
218000317,966,1060,-94
218000318,537,815,-278
218000319,944,1161,-217
218000320,687,650,37
218000338,67,40,27
218000345,125,57,68
218000346,27,158,-131
218000459,48,219,-171
218000490,37,38,-1
218000501,112,25,87
218000502,32,75,-43
218000503,131,26,105
218000504,186,23,163
218000505,50,151,-101
218000506,39,310,-271
218000508,3,5,-2
218000510,152,9,143
218000520,118,85,33
218000521,16,50,-34
218000522,0,126,-126
218000523,147,13,134
218000524,70,181,-111
218000525,249,20,229
218000526,46,138,-92
218000529,87,136,-49
218000530,16,3,13
218000531,8,22,-14
218000532,15,23,-8
218000534,143,21,122
218000537,27,48,-21
218000538,108,162,-54
218000540,180,84,96
218000543,79,54,25
218000544,41,98,-57
218000545,48,47,1
218000546,55,59,-4
218000547,107,85,22
218000548,75,70,5
218000549,459,292,167
218000550,257,256,1
218000551,169,631,-462
218000552,530,30,500
218000553,71,155,-84
218000554,29,48,-19
218000555,42,44,-2
218000556,206,263,-57
218000557,219,212,7
218000558,135,3,132
218000559,0,46,-46
218000560,0,29,-29
218000561,50,1,49
218000562,30,201,-171
218000563,299,26,273
218000564,6,135,-129
218000565,210,17,193
218000566,556,44,512
218000567,4,81,-77
218000568,27,1,26
218000569,16,100,-84
218000570,190,15,175
218000571,2,114,-112
218000572,175,3,172
218000573,24,138,-114
218000574,217,46,171
218000575,104,4,100
218000576,2,91,-89
218000577,133,7,126
218000578,0,65,-65
218000579,23,12,11
218000581,4,60,-56
218000582,71,3,68
218000583,11,0,11
218000584,0,21,-21
218000585,42,3,39
218000586,9,39,-30
218000587,11,3,8
218000588,2,6,-4
218000589,2,5,-3
218000590,12,1,11
218000591,17,7,10
218000592,75,1,74
218000593,55,1,54
218000594,2,0,2
218000597,0,0,0
218000598,0,1,-1
218000599,2,0,2
218000600,72,1,71
218000601,0,0,0
218000602,3,17,-14
218000603,0,8,-8
218000604,35,0,35
218000605,1,155,-154
218000606,559,1,558
218000607,22,43,-21
218000608,38,16,22
218000609,6,58,-52
218000610,65,2,63
218000611,11,1,10
218000612,0,30,-30
218000613,26,1,25
218000614,3,45,-42
218000615,145,2,143
218000616,6,148,-142
218000617,29,0,29
218000618,0,21,-21
218000619,44,28,16
218000620,1,11,-10
218000621,0,1,-1
218000622,0,6,-6
218000623,332,4,328
218000624,28,5,23
218000625,35,2,33
218000626,0,6,-6
218000628,207,44,163
218000631,52,20,32
218000632,3,98,-95
218000633,100,1,99
218000634,14,36,-22
218000635,10,2,8
218000636,882,1238,-356
218000637,686,462,224
218000638,80,30,50
218000639,14,152,-138
218000640,205,31,174
218000641,74,221,-147
218000652,61,73,-12
218000653,166,76,90
218000663,11,195,-184
218000675,210,65,145
218000676,2,11,-9
218000677,8,2,6
218000680,228,455,-227
218000681,400,152,248
218000691,163,254,-91
218000693,227,177,50
218000703,0,22,-22
218000718,645,828,-183
218000719,1034,436,598
218000720,33,149,-116
218000721,508,26,482
218000725,7,3,4
218001147,0,103,-103
218001214,7,30,-23
218001258,213,3,210
218001329,164,168,-4
218001330,165,71,94
218001351,19,12,7
218001352,28,15,13
218001353,33,8,25
218001354,4,24,-20
218001355,14,274,-260
218001356,307,29,278
218001357,46,213,-167
218001358,297,22,275
218001361,239,9,230
218001362,0,142,-142
219000001,48,36,12
219000002,76,49,27
219000003,46,11,35
219000004,54,52,2
219000017,99,14,85
219000020,83,37,46
219000022,123,4,119
219000023,102,1,101
219000029,0,59,-59
219000034,90,13,77
219000039,65,62,3
219000040,35,37,-2
219000041,121,66,55
219000051,0,37,-37
219000052,1,17,-16
219000053,0,95,-95
219000054,14,70,-56
219000055,146,1,145
219000056,16,2,14
219000057,79,1,78
219000062,29,70,-41
219000063,88,10,78
219000064,2,61,-59
219000110,494,40,454
219000111,133,34,99
219000112,152,49,103
219000113,127,30,97
219000114,218,70,148
219000116,85,47,38
219000117,137,55,82
219000118,159,31,128
219000123,235,85,150
219000124,67,39,28
219000125,18,22,-4
219000126,111,118,-7
219000127,1,4,-3
219000128,22,98,-76
219000129,29,118,-89
219000130,476,498,-22
219000131,679,804,-125
219000133,98,27,71
219000134,1,18,-17
219000135,37,58,-21
219000136,78,217,-139
219000138,69,18,51
219000139,23,44,-21
219000140,64,1,63
219000141,15,102,-87
219000142,10,80,-70
219000143,20,106,-86
219000145,16,35,-19
219000146,1,32,-31
219000147,2,39,-37
219000148,2,29,-27
219000149,6,67,-61
219000150,1,73,-72
219000151,3,36,-33
219000157,171,127,44
219000158,149,190,-41
219000161,114,13,101
219000163,1272,426,846
219000166,113,175,-62
219000167,121,172,-51
219000168,287,104,183
219000174,349,132,217
219000175,61,1,60
219000176,73,8,65
219000177,43,2,41
219000178,30,0,30
219000179,17,3,14
219000180,30,41,-11
219000182,143,11,132
219000183,81,29,52
219000184,85,10,75
219000185,2,53,-51
219000186,51,37,14
219000187,30,82,-52
219000189,89,130,-41
219000190,76,189,-113
219000191,971,1207,-236
219000192,142,138,4
219000193,195,146,49
219000195,1,46,-45
219000196,8,112,-104
219000198,22,95,-73
219000199,62,223,-161
219000200,59,198,-139
219000201,61,176,-115
219000203,55,128,-73
219000204,163,178,-15
219000205,59,144,-85
219000207,158,217,-59
219000209,20,93,-73
219000210,52,128,-76
219000213,14,136,-122
219000239,181,321,-140
219000240,269,319,-50
219000241,124,180,-56
219000242,41,146,-105
219000243,112,257,-145
219000244,66,91,-25
219000245,30,64,-34
219000246,43,30,13
219000247,175,27,148
219000248,672,268,404
219000249,190,83,107
219000250,84,102,-18
219000251,456,200,256
219000252,179,130,49
219000253,399,87,312
219000255,173,108,65
219000256,176,60,116
219000257,127,1,126
219000262,87,141,-54
219000263,81,154,-73
219000267,2,125,-123
219000268,8,5,3
219000269,14,4,10
219000270,8,0,8
219000271,110,3,107
219000278,0,5,-5
219000279,4,2,2
219000283,0,19,-19
219000295,9,78,-69
219000296,61,511,-450
219000297,13,129,-116
219000298,7,138,-131
219000299,407,63,344
219000300,31,197,-166
219000301,224,360,-136
219000302,29,203,-174
219000307,29,23,6
219000308,27,42,-15
219000311,169,50,119
219000312,544,105,439
219000313,284,33,251
219000314,48,452,-404
219000315,318,50,268
219000316,447,38,409
219000317,51,4,47
219000320,2,73,-71
219000321,0,14,-14
219000323,5,71,-66
219000325,1,25,-24
219000326,44,82,-38
219000327,49,39,10
219000328,42,46,-4
219000329,272,110,162
219000330,41,35,6
219000331,48,31,17
219000332,86,51,35
219000333,16,7,9
219000335,49,4,45
219000337,43,0,43
219000338,55,2,53
219000344,20,71,-51
219000345,51,72,-21
219000346,33,82,-49
219000348,133,74,59
219000349,57,146,-89
219000350,71,150,-79
219000351,25,9,16
219000352,308,46,262
219000353,64,47,17
219000354,162,136,26
219000355,157,54,103
219000356,1281,1181,100
219000363,210,47,163
219000364,88,15,73
219000365,109,21,88
219000366,211,276,-65
219000368,390,485,-95
219000370,1092,425,667
219000371,13,22,-9
219000382,11,14,-3
219000383,647,902,-255
219000385,454,482,-28
219000386,707,1220,-513
219000387,5,12,-7
219000390,13,2,11
219000391,7,1,6
219000397,64,51,13
219000398,84,54,30
219000401,8,114,-106
219000402,30,117,-87
219000403,151,312,-161
219000404,21,123,-102
219000407,19,39,-20
219000409,56,29,27
219000410,84,39,45
219000411,51,11,40
219000446,152,250,-98
219000447,1,20,-19
219000448,12,3,9
219000452,131,70,61
219000453,108,114,-6
219000454,224,222,2
219000556,218,97,121
219000558,139,200,-61
219000590,29,126,-97
219000591,59,63,-4
219000592,122,317,-195
219000595,3,10,-7
219000635,157,51,106
219000636,17,94,-77
219000657,22,14,8
219000658,12,51,-39
219000673,0,20,-20
219000676,18,8,10
219000679,75,7,68
219000684,76,0,76
219000685,4,63,-59
219000686,0,1,-1
219000688,0,117,-117
219000689,31,226,-195
219000690,144,12,132
219000691,39,208,-169
219000692,125,16,109
219000693,0,14,-14
219000694,2,0,2
219000695,38,0,38
219000698,35,0,35
219000699,0,16,-16
219000727,2,115,-113
219000728,44,1,43
219000770,25,1,24
219000771,1,26,-25
219000788,479,141,338
219001150,1,32,-31
219001151,0,3,-3
219001166,63,24,39
219001167,0,123,-123
219001178,29,0,29
220000001,69,52,17
220000002,6,85,-79
220000003,788,193,595
220000004,855,367,488
220000005,1276,1310,-34
220000006,365,761,-396
220000007,418,552,-134
220000008,443,930,-487
220000009,234,429,-195
220000010,159,153,6
220000011,545,2699,-2154
220000012,77,264,-187
220000014,127,52,75
220000015,99,164,-65
220000017,36,173,-137
220000018,3225,1857,1368
220000019,76,255,-179
220000020,369,195,174
220000021,665,155,510
220000022,626,381,245
220000023,284,120,164
220000024,1371,304,1067
220000025,619,733,-114
220000026,246,200,46
220000027,71,97,-26
220000028,37,32,5
220000029,123,153,-30
220000030,158,83,75
220000031,305,322,-17
220000064,28,666,-638
221000046,14,0,14
221000047,0,10,-10
221000048,0,0,0
221000049,1,11,-10
221000050,21,2,19
221000055,64,28,36
221000057,66,7,59
221000068,244,97,147
221000069,294,59,235
221000070,165,16,149
221000071,60,12,48
221000072,200,21,179
221000073,145,50,95
221000074,2,16,-14
221000075,23,19,4
221000076,13,40,-27
221000077,29,106,-77
221000081,28,8,20
221000082,51,4,47
221000083,54,6,48
221000084,10,5,5
221000085,8,72,-64
221000086,27,78,-51
221000087,2,149,-147
221000088,12,175,-163
221000089,24,252,-228
221000090,107,429,-322
221000098,98,14,84
221000099,132,8,124
221000100,78,5,73
221000101,228,20,208
221000102,109,9,100
221000109,4,86,-82
221000110,6,84,-78
221000111,25,203,-178
221000112,6,152,-146
221000113,22,154,-132
221000114,6,144,-138
221000120,35,17,18
221000121,5,20,-15
221000122,39,20,19
221000123,12,11,1
221000124,52,182,-130
221000155,122,13,109
221000156,66,32,34
221000175,41,6,35
221000176,6,1,5
221000182,43,10,33
221000241,692,195,497
221000242,139,411,-272
221000243,560,98,462
221000244,224,500,-276
221000245,121,112,9
221000246,41,282,-241
221000247,77,165,-88
221000248,107,204,-97
221000267,53,612,-559
221000325,146,46,100
221000331,5,71,-66
221000338,14,17,-3
221000378,162,32,130
221000381,43,47,-4
222000282,15,0,15
222000296,4,27,-23
222000568,236,31,205
222000569,163,28,135
222000570,93,19,74
222000571,203,13,190
222000577,11,122,-111
222000578,22,190,-168
222000579,24,98,-74
222000580,97,806,-709
222000599,0,118,-118
222000600,3,291,-288
222000601,4,986,-982
222000603,29,54,-25
222000604,5,49,-44
222000605,8,50,-42
222000606,2,8,-6
222000607,4,8,-4
222000608,35,10,25
222000609,130,217,-87
222000616,280,53,227
222000617,9,20,-11
222000618,39,9,30
222000620,47,11,36
222000621,127,15,112
222000623,529,7,522
222000624,314,5,309
222000625,527,11,516
222000636,39,2,37
222000686,45,12,33
222000687,55,29,26
222001066,219,1,218
222001067,12,1,11
222001068,23,33,-10
222001069,12,28,-16
222001082,5,40,-35
222001083,8,37,-29
222001084,0,49,-49
222001085,0,61,-61
222001111,22,123,-101
222001112,63,18,45
222001313,38,9,29
222001314,22,161,-139
222001464,171,48,123
222001465,23,154,-131
222001484,107,57,50
222001485,20,18,2
222001494,393,187,206
222001495,164,271,-107
222001496,287,120,167
222001497,137,420,-283
222001502,18,68,-50
222001503,207,48,159
222001504,15,230,-215
222001505,203,26,177
222001506,48,271,-223
222001507,230,22,208
222001510,297,23,274
222001511,42,258,-216
222001514,477,159,318
222001515,217,445,-228
222001518,216,63,153
222001519,30,225,-195
222001527,176,51,125
222001528,53,136,-83
222001529,159,35,124
222001530,52,188,-136
222001533,103,214,-111
222001534,204,81,123
222001535,198,324,-126
222001536,59,202,-143
222001537,279,34,245
222001538,87,407,-320
222001563,533,78,455
222001564,60,553,-493
222001568,512,128,384
222001576,0,1,-1
222001579,0,8,-8
222001583,23,107,-84
222001584,80,29,51
222001596,486,1022,-536
222001597,1348,257,1091
222001626,2,150,-148
222001650,81,67,14
222001651,94,87,7
222001914,156,32,124
222001915,33,181,-148
222001968,472,320,152
222001969,508,663,-155
222001970,181,180,1
222001971,19,8,11
222001972,3,15,-12
225000001,438,181,257
225000002,467,110,357
225000003,606,92,514
225000004,320,217,103
225000005,165,56,109
225000006,0,136,-136
225000007,1548,1359,189
225000010,238,8,230
225000011,346,774,-428
225000012,162,424,-262
225000013,55,92,-37
225000014,569,69,500
225000015,73,157,-84
225000021,593,150,443
225000027,267,473,-206
225000032,566,99,467
225000042,68,608,-540
225000049,30,34,-4
225000050,71,6,65
225000053,11,312,-301
225000058,561,160,401
225000067,139,144,-5
225000068,122,305,-183
225000069,128,428,-300
225000070,107,338,-231
225000071,56,146,-90
225000075,26,958,-932
225000076,90,121,-31
225000078,46,83,-37
225000085,44,130,-86
225000086,170,45,125
225000087,261,12,249
225000088,4,159,-155
225000089,280,875,-595
225000090,23,348,-325
225000091,176,123,53
225000092,87,70,17
225000093,170,251,-81
225000094,13,257,-244
225000095,344,386,-42
225000096,375,396,-21
225000098,431,279,152
225000099,343,180,163
225000100,226,176,50
225000104,123,450,-327
225000110,5,379,-374
225000111,196,892,-696
225000112,379,1134,-755
225000113,221,432,-211
225000114,81,197,-116
225000115,1579,625,954
225000116,915,230,685
225000117,817,285,532
225000118,719,220,499
225000119,153,54,99
225000120,664,25,639
225000121,294,14,280
225000123,581,12,569
225000125,319,191,128
225000126,780,130,650
225000127,679,752,-73
225000128,492,519,-27
225000132,264,26,238
225000133,251,23,228
225000134,499,141,358
225000135,43,6,37
225000136,219,17,202
225000137,218,57,161
225000138,341,47,294
225000143,77,183,-106
225000144,0,406,-406
225000145,30,40,-10
225000146,63,127,-64
225000147,33,304,-271
225000148,7,197,-190
225000149,64,501,-437
225000151,13,179,-166
225000155,415,485,-70
225000156,141,802,-661
225000157,240,346,-106
225000158,48,243,-195
225000171,1,156,-155
225000180,84,54,30
225000181,0,58,-58
225000182,82,23,59
225000185,8,326,-318
225000187,31,263,-232
225000191,111,4,107
225000194,0,6,-6
225000208,1,40,-39
225000209,80,10,70
225000210,5,182,-177
225000217,0,26,-26
225000218,31,1,30
225000223,1,57,-56
225000224,170,1,169
225000225,0,53,-53
225000226,45,2,43
225000227,60,133,-73
225000228,5,7,-2
225000229,0,94,-94
225000230,28,0,28
225000231,0,86,-86
225000232,144,0,144
225000241,61,0,61
225000242,1,42,-41
225000249,67,0,67
225000250,46,715,-669
225000251,293,29,264
226000042,317,432,-115
226000043,51,308,-257
226000044,135,581,-446
226000045,85,435,-350
226000046,239,102,137
226000047,316,71,245
226000048,269,96,173
226000049,175,150,25
226000070,0,27,-27
226000071,0,40,-40
226000072,0,9,-9
226000073,1,9,-8
226000074,0,11,-11
226000084,1,73,-72
226000085,2,17,-15
226000086,2,10,-8
226000087,22,38,-16
226000088,29,9,20
226000090,81,40,41
226000091,6,9,-3
226000092,83,2,81
226000093,38,2,36
226000094,15,3,12
226000095,43,20,23
226000105,17,0,17
226000106,4,1,3
226000107,3,0,3
226000108,54,0,54
226000109,99,1,98
226000124,96,50,46
226000134,453,365,88
226000135,945,383,562
226000136,402,259,143
226000137,5,352,-347
226000138,7,200,-193
226000139,1,10,-9
226000156,73,2,71
226000157,226,17,209
226000163,87,39,48
226000202,11,327,-316
226000231,306,19,287
226000232,39,5,34
227000033,296,67,229
227000036,313,39,274
227000037,320,28,292
227000038,396,48,348
227000049,0,37,-37
227000050,0,30,-30
227000055,89,0,89
227000056,32,0,32
227000084,1,111,-110
227000085,2,53,-51
227000088,37,3,34
227000089,165,6,159
227000090,56,0,56
227000091,21,1,20
227000093,160,1,159
227000094,47,0,47
227000130,42,54,-12
227000131,20,221,-201
227000132,15,221,-206
227000133,10,226,-216
227000134,20,386,-366
227000152,0,4,-4
227000153,0,64,-64
227000155,3,21,-18
227000156,5,26,-21
227000165,8,20,-12
227000196,233,203,30
227000199,270,462,-192
227000230,15,442,-427
227000232,546,26,520
227000242,81,511,-430
227000243,470,90,380
227000245,26,408,-382
227000246,116,543,-427
227000247,418,106,312
227000248,313,53,260
227000249,34,244,-210
227000250,603,189,414
227000251,170,274,-104
227000252,30,379,-349
227000253,130,21,109
227000262,274,56,218
227000266,892,14,878
227000267,51,1500,-1449
227000282,5,139,-134
227000284,487,17,470
227000286,2,75,-73
227000287,7,77,-70
227000291,7,461,-454
227000484,303,9,294
227000485,31,761,-730
227000655,123,14,109
227000656,508,23,485
227000657,109,8,101
227000661,356,14,342
227000680,198,46,152
229000265,11,25,-14
229000296,2,26,-24
229000297,4,38,-34
229000298,0,68,-68
229000320,13,7,6
229000321,11,8,3
229000412,11,27,-16
229000414,4,30,-26
229000415,50,3,47
229000416,1,1,0
229000417,0,12,-12
229000419,82,224,-142
229000440,319,52,267
229000442,15,3,12
229000443,8,1,7
229000444,5,19,-14
229000445,85,10,75
229000446,53,11,42
229000491,2,13,-11
229000492,4,68,-64
229000493,0,48,-48
229000494,14,1,13
229000495,84,4,80
229000496,24,3,21
229000507,0,50,-50
229000508,0,37,-37
229000509,0,29,-29
229000510,1,29,-28
229000511,1,20,-19
229000512,1,23,-22
229000513,0,7,-7
229000514,0,3,-3
229000517,1,5,-4
229000518,9,10,-1
229000519,0,7,-7
229000520,9,22,-13
229000521,61,9,52
229000522,9,10,-1
229000523,9,4,5
229000524,9,4,5
229000527,3,2,1
229000528,0,2,-2
229000529,4,0,4
229000530,34,1,33
229000531,23,4,19
229000532,20,1,19
229000533,36,0,36
229000534,43,0,43
229000564,23,0,23
229000565,8,0,8
229000566,0,4,-4
229000567,0,27,-27
229000582,63,3,60
229000583,3,1,2
229000584,0,19,-19
229000585,0,33,-33
229000718,0,1,-1
229000719,0,0,0
229000720,0,7,-7
229000721,0,4,-4
229000722,0,6,-6
229000723,0,6,-6
229000724,0,0,0
229000725,0,1,-1
229000738,0,0,0
229000739,0,0,0
229000740,1,0,1
229000741,5,0,5
229000742,2,0,2
229000743,6,0,6
229000744,4,0,4
229000745,0,0,0
229000746,22,1,21
229000847,64,1,63
229000848,34,0,34
229000849,97,1,96
229000851,35,1,34
229000854,0,26,-26
229000856,1,102,-101
229000857,0,32,-32
229000858,1,65,-64
229000919,10,120,-110
229000930,4,261,-257
229000937,84,12,72
229000966,27,10,17
229000981,28,51,-23
229000985,4,26,-22
229000986,1,2,-1
229000987,0,3,-3
229000988,1,4,-3
229000989,7,25,-18
229000990,6,1,5
229000991,1,0,1
229000992,22,9,13
229000993,129,18,111
229000998,6,56,-50
229000999,60,6,54
229001034,0,9,-9
229001035,11,0,11
229001037,40,8,32
229001042,19,8,11
229001047,4,33,-29
229001050,28,29,-1
229001168,0,10,-10
229001200,8,4,4
229001338,0,28,-28
229001394,164,1,163
229001422,112,16,96
229001423,30,151,-121
229001431,62,31,31
229001432,33,71,-38
229001444,163,39,124
229001445,17,130,-113
229001479,6,0,6
229001503,179,73,106
229001504,105,152,-47
229001505,103,46,57
229001506,75,133,-58
229001509,30,29,1
229001545,59,2,57
229001546,5,132,-127
229001553,65,15,50
229001554,40,96,-56
229001559,2,11,-9
229001560,16,23,-7
229001630,45,6,39
229001631,7,21,-14
229001635,3,8,-5
229001636,15,0,15
229001658,0,128,-128
229001659,92,1,91
229001660,10,5,5
229001661,17,26,-9
229001662,19,0,19
229001663,0,9,-9
229002584,152,137,15
229002831,124,104,20
229002841,0,3,-3
229002842,11,10,1
229002843,93,19,74
229002844,42,44,-2
229002845,14,55,-41
229002846,62,23,39
229002847,3,17,-14
229002848,1,10,-9
229002849,10,34,-24
229002850,19,1,18
229002851,32,72,-40
229002852,210,14,196
229002853,170,15,155
229002854,25,39,-14
229002855,4,11,-7
229002856,29,21,8
229002857,5,37,-32
229002858,20,15,5
229002859,27,22,5
229002860,210,9,201
229002861,123,38,85
229002862,78,15,63
229002863,22,8,14
229002864,33,30,3
229002865,7,6,1
229002866,24,11,13
229002867,8,34,-26
229002868,11,20,-9
229002869,10,107,-97
229002870,52,6,46
235000066,402,67,335
235000067,107,110,-3
235000072,13,80,-67
235000073,70,316,-246
235000074,48,45,3
235000080,30,93,-63
235000081,120,121,-1
235000082,182,71,111
235000083,152,108,44
235000084,68,50,18
235000085,133,80,53
235000089,24,31,-7
235000092,24,123,-99
235000093,11,0,11
235000097,4,9,-5
235000098,90,10,80
235000099,18,26,-8
235000116,102,26,76
235000117,653,15,638
235000133,8,330,-322
235000134,10,156,-146
235000206,2,3,-1
235000207,8,3,5
235000208,9,4,5
235000209,13,3,10
235000210,26,1,25
235000212,3,24,-21
235000213,4,12,-8
235000220,1,1,0
235000221,62,18,44
235000238,14,57,-43
235000239,3,15,-12
235000242,327,393,-66
235000245,533,182,351
235000246,10,52,-42
235000284,15,116,-101
235000295,201,19,182
235000305,362,30,332
235000306,175,10,165
235000307,27,5,22
235000308,18,1,17
235000309,49,2,47
235000310,32,0,32
235000311,145,39,106
235000322,0,25,-25
235000323,2,56,-54
235000324,0,25,-25
235000325,7,7,0
235000326,16,144,-128
235000351,2,64,-62
235000352,9,34,-25
235000353,3,14,-11
235000354,5,47,-42
235000355,12,49,-37
235000356,123,17,106
235000357,28,7,21
235000358,99,7,92
235000359,6,2,4
235000360,61,4,57
235000361,72,3,69
235000381,94,193,-99
235000382,136,37,99
235000390,11,2,9
235000391,95,18,77
235000392,180,242,-62
235000393,96,175,-79
235000395,107,27,80
235000396,330,73,257
235000400,88,70,18
235000401,34,105,-71
235000405,83,215,-132
235000406,16,199,-183
235000407,66,63,3
235000409,189,110,79
235000410,22,218,-196
235000411,0,81,-81
235000485,0,5,-5
235000486,8,0,8
235000549,75,70,5
235000550,88,179,-91
235000599,129,74,55
235000600,11,7,4
235000601,19,29,-10
235000602,84,99,-15
235000614,5,1,4
235000648,0,19,-19
235000649,42,2,40
235000685,0,10,-10
235000815,9,19,-10
235000834,0,9,-9
235000855,41,63,-22
235000862,29,109,-80
235000891,0,10,-10
235000892,33,1,32
235000901,89,52,37
235000907,6,10,-4
235001010,75,72,3
235001029,440,355,85
235001030,329,257,72
235001078,70,97,-27
235001079,49,84,-35
235001147,14,46,-32
235001166,13,63,-50
235001167,49,53,-4
235001169,37,276,-239
235001188,4,10,-6
235001189,8,1,7
235001197,19,24,-5
235001200,24,47,-23
235001207,296,40,256
235001210,99,133,-34
235001215,21,123,-102
235001239,2,35,-33
235001244,0,5,-5
235016267,0,74,-74
277101746,0,0,0
277102712,4,0,4
277103813,0,1,-1
277103814,0,0,0
277103898,0,5,-5
277104249,0,8,-8
277104250,0,8,-8
277104251,0,11,-11
277104252,0,1,-1
990011530,2,158,-156
990014944,3,552,-549
990015176,58,4,54
990015618,1,198,-197
990016032,0,280,-280
990032570,3,37,-34
990070001,88,6,82
990070103,0,7,-7
990070601,0,48,-48
990070751,567,2,565
990070766,1,363,-362
990071180,436,169,267
990071343,19,0,19
990071387,1,32,-31
990071823,515,6,509
990072600,0,733,-733
990072964,1,358,-357
990073285,1,3,-2
990074393,1,697,-696
990074870,1341,10,1331
990075106,1809,14,1795
990075746,458,5,453
990076437,948,17,931
990076458,1,746,-745
997000007,812,11,801
997000041,0,114,-114
997000058,27,0,27
997000062,37,0,37
997000069,0,3,-3
997000070,0,33,-33
997000100,23,0,23
997000141,4,854,-850
997000198,758,1712,-954
998000475,8,41,-33
998000736,2,186,-184
998000965,0,5,-5
998001031,0,85,-85
998001700,0,25,-25
998001899,0,0,0
998001900,5,0,5
998003073,847,23,824
998101900,0,0,0
998102850,0,144,-144
998501927,1265,465,800
998501929,67,4,63
998501930,50,0,50
998501931,125,5,120
998501932,7,0,7
998501933,32,3,29
998501937,17,1,16
998501944,2,0,2
998501950,1,11,-10
998501970,53,1,52
998501971,0,70,-70
998501973,0,29,-29
998501974,0,272,-272
998501975,230,4,226
998501976,113,0,113
998501977,0,35,-35
998501978,39,1,38
998501979,0,27,-27
998501980,155,0,155
998501981,35,3,32
998501982,0,71,-71
998501983,0,2,-2
998502024,0,17,-17
998502032,0,3,-3
998502062,34,1,33
998502063,0,0,0
998502173,23,0,23
998502269,0,0,0
998502546,0,154,-154
998502578,0,2,-2
998502599,72,145,-73
998601159,0,165,-165
998601292,1,26,-25
999033574,0,417,-417
999800001,36,0,36
999800002,0,3,-3
999800003,4,1,3
999800004,0,2,-2
999800005,0,6,-6
