ID,insum,outsum,diff
100000001,641,861,-220
100000002,4766,831,3935
100000003,6177,3234,2943
100000004,1647,1320,327
100000005,2294,4416,-2122
100000006,908,143,765
100000007,2846,722,2124
100000008,323,505,-182
100000009,584,306,278
100000010,53,53,0
100000011,727,77,650
100000012,158,580,-422
100000013,32,147,-115
100000014,365,287,78
100000015,1763,2301,-538
100000016,1097,1465,-368
100000017,837,870,-33
100000018,1693,603,1090
100000019,4889,2211,2678
100000020,1870,6657,-4787
100000021,5187,2169,3018
100000022,2605,1567,1038
100000023,5656,1379,4277
100000025,2813,805,2008
100000028,2612,1094,1518
100000029,313,249,64
100000030,337,71,266
100000031,5738,6759,-1021
100000032,2688,4410,-1722
100000033,1125,2754,-1629
100000034,722,385,337
100000035,2132,1009,1123
100000036,2849,1376,1473
100000037,608,481,127
100000038,1942,1016,926
100000039,900,210,690
100000040,164,143,21
100000041,1368,409,959
100000042,1764,440,1324
100000043,991,395,596
100000044,354,514,-160
100000045,675,1212,-537
100000046,1130,1236,-106
100000047,386,683,-297
100000048,725,691,34
100000049,1842,2222,-380
100000051,605,974,-369
100000053,154,8,146
100000054,577,48,529
100000055,1763,205,1558
100000056,771,517,254
100000057,2002,810,1192
100000058,1058,1143,-85
100000059,29,115,-86
100000060,408,377,31
100000061,2539,546,1993
100000062,2403,601,1802
100000063,730,249,481
100000064,1574,399,1175
100000065,605,930,-325
100000066,341,700,-359
100000067,568,852,-284
100000068,595,1649,-1054
100000069,546,1661,-1115
100000072,378,1186,-808
100000073,1478,1407,71
100000075,757,354,403
100000076,5198,2503,2695
100000077,594,189,405
100000078,101,48,53
100000079,60,56,4
100000080,45,40,5
100000081,140,118,22
100000102,4063,1561,2502
100000103,6497,1009,5488
100000104,5120,2193,2927
100000105,3938,1230,2708
100000106,2873,2191,682
100000107,722,704,18
100000108,1316,1004,312
100000109,5196,1293,3903
100000116,1844,906,938
100000117,111,70,41
100000118,2615,776,1839
100000119,945,455,490
100000121,273,587,-314
100000122,2095,956,1139
100000123,3920,5347,-1427
100000124,6443,8133,-1690
100000125,3395,1180,2215
100000126,1190,393,797
100000127,2400,347,2053
100000128,2126,1470,656
100000129,485,375,110
100000130,339,561,-222
100000131,2997,3516,-519
100000132,1495,2865,-1370
100000133,6698,3151,3547
100000135,568,778,-210
100000139,439,218,221
100000140,637,287,350
100000142,399,587,-188
100000143,1593,676,917
100000144,3676,795,2881
100000147,1085,2782,-1697
100000150,56,379,-323
100000151,1064,749,315
100000153,515,400,115
100000154,265,127,138
100000155,41,49,-8
100000156,321,170,151
100000157,66,68,-2
100000158,191,56,135
100000159,595,445,150
100000165,1679,835,844
100000169,618,360,258
100000174,1283,414,869
100000179,111,600,-489
100000180,2774,1076,1698
100000181,539,276,263
100000188,76,388,-312
100000189,894,338,556
100000190,1282,522,760
100000191,825,514,311
100000192,92,120,-28
100000193,188,215,-27
100000330,1635,773,862
100000355,311,553,-242
100000362,5862,3758,2104
100000363,3547,4818,-1271
100000364,307,140,167
100000365,4384,5065,-681
100000366,6690,2991,3699
100000367,4634,4334,300
100000368,2761,1946,815
100000369,1346,2173,-827
100000370,195,531,-336
100000376,188,128,60
100000379,4738,1555,3183
100000380,8277,2758,5519
100000384,6931,4604,2327
100000385,5664,4445,1219
100000386,9936,5229,4707
100000387,8400,5031,3369
100000388,9557,6829,2728
100000389,9335,6387,2948
100000390,10148,5398,4750
100000391,6977,7085,-108
100000392,4867,2522,2345
100000393,2988,3520,-532
100000394,10907,5707,5200
100000395,5546,2663,2883
100000396,10155,2687,7468
100000397,6320,3499,2821
100000398,12056,7974,4082
100000413,30,31,-1
100900002,4,66,-62
100900003,302,149,153
100900004,19,626,-607
100900005,154,23,131
100900006,23,139,-116
100900007,486,18,468
100900008,0,334,-334
100900009,57,79,-22
100900010,55,94,-39
100900011,169,270,-101
100900012,1,202,-201
100900013,878,9,869
100900014,1,18,-17
100900015,107,115,-8
100900016,8,59,-51
100900017,812,44,768
100900018,0,25,-25
100900019,21,138,-117
100900020,358,4,354
100900021,496,1,495
100900022,20,24,-4
100900023,2,34,-32
100900024,988,2,986
100900025,11,12,-1
100900026,106,127,-21
100900027,527,2899,-2372
100900028,123,166,-43
100900029,71,23,48
100900030,13,33,-20
100900031,608,20,588
100900032,159,0,159
100900033,234,161,73
100900034,490,2,488
100900035,796,2,794
100900036,23,2,21
100900037,86,298,-212
100900038,188,26,162
100900039,252,602,-350
100900040,413,630,-217
100900041,554,670,-116
100900042,1265,273,992
100900043,0,11,-11
100900044,2897,677,2220
100900045,99,5,94
100900046,1195,7,1188
100900047,852,169,683
100900048,198,26,172
100900049,79,239,-160
100900050,5,15,-10
100900051,81,65,16
100900052,385,48,337
100900053,328,18,310
100900054,28,77,-49
100900055,264,588,-324
100900056,199,313,-114
100900057,565,1428,-863
100900058,353,43,310
100900059,127,3,124
100900060,133,2,131
100900061,424,404,20
100900062,4,56,-52
100900063,191,636,-445
100900064,787,11,776
100900065,141,107,34
100900066,78,122,-44
100900067,7,16,-9
100900068,171,103,68
100900069,1329,8,1321
100900070,289,2,287
100900071,733,341,392
100900072,2,46,-44
100900073,138,460,-322
100900074,4,18,-14
100900075,1758,430,1328
100900076,18,46,-28
100900077,20,101,-81
100900078,96,526,-430
100900079,10,27,-17
100900080,23,173,-150
100900081,112,223,-111
100900082,97,615,-518
100900083,6,41,-35
100900085,8,76,-68
100900086,283,1155,-872
100900088,106,652,-546
100900089,3,34,-31
100900090,153,403,-250
100900091,1,20,-19
100900092,359,315,44
100900093,178,386,-208
100900094,142,549,-407
100900095,4,30,-26
100900096,26,89,-63
100900097,2,7,-5
100900098,17,35,-18
100900099,46,651,-605
100900100,12,354,-342
100900101,455,63,392
100900102,105,67,38
100900103,20,11,9
100900104,13,197,-184
100900105,25,271,-246
100900106,54,7,47
100900107,1892,748,1144
100900108,21,33,-12
100900109,46,30,16
100900110,0,11,-11
100900111,64,233,-169
100900112,0,16,-16
100900113,30,29,1
100900114,16,10,6
100900115,3,38,-35
100900116,722,1094,-372
100900117,340,721,-381
100900118,102,95,7
100900119,28,18,10
100900120,6,28,-22
100900121,241,801,-560
100900122,142,192,-50
100900123,89,181,-92
100900124,8,11,-3
100900125,31,96,-65
100900126,125,266,-141
100900127,3,10,-7
100900128,123,218,-95
100900129,2,96,-94
100900131,72,235,-163
100900133,116,81,35
100900134,0,12,-12
100900135,0,153,-153
100900137,348,177,171
100900138,549,440,109
100900139,31,6,25
100900140,7,677,-670
100900141,4,329,-325
100900142,2,9,-7
100900143,746,432,314
100900144,19,5,14
100900145,58,180,-122
100900146,14,92,-78
100900147,24,238,-214
100900148,39,773,-734
100900149,9,112,-103
100900150,7,66,-59
100900151,127,454,-327
100900152,92,31,61
100900153,2,183,-181
100900154,9,32,-23
100900155,15,9,6
100900156,26,8,18
100900157,7,162,-155
100900159,3,23,-20
100900160,12,19,-7
100900161,98,7,91
100900162,18,269,-251
100900163,158,222,-64
100900164,42,31,11
100900165,17,91,-74
100900166,23,11,12
100900167,18,110,-92
100900168,41,156,-115
100900169,119,989,-870
100900170,35,6,29
100900171,16,581,-565
100900172,0,7,-7
100900173,7,515,-508
100900174,1011,58,953
100900176,1415,244,1171
100900177,703,358,345
100900178,700,129,571
100900179,119,126,-7
100900180,0,1,-1
100900181,85,80,5
100900182,38,25,13
100900184,14,153,-139
100900186,778,621,157
100900187,15,133,-118
100900188,34,21,13
100900189,835,170,665
100900191,1401,957,444
100900192,388,223,165
100900195,172,130,42
100900197,6,21,-15
100900198,23,284,-261
100900199,1,6,-5
100900200,647,443,204
100900201,53,593,-540
100900202,40,0,40
100900203,0,42,-42
100900204,645,253,392
100900205,157,432,-275
100900206,135,119,16
100900207,208,96,112
100900210,44,578,-534
100900211,385,154,231
100900213,47,31,16
100900214,826,218,608
100900215,12,41,-29
100900217,145,79,66
101000001,4944,2803,2141
101000002,5029,4804,225
101000003,767,1907,-1140
101000004,9454,8286,1168
101000005,4501,5195,-694
101000006,7145,7587,-442
101000007,2509,3382,-873
101000008,6078,3005,3073
101000009,2435,1862,573
101000010,1162,1328,-166
101000011,2064,652,1412
101000012,1688,708,980
101000013,631,1171,-540
101000014,602,677,-75
101000015,1124,871,253
101000016,658,530,128
101000017,741,537,204
101000018,5102,2648,2454
101000020,4234,1138,3096
101000021,2030,397,1633
101000022,399,53,346
101000023,2549,786,1763
101000025,185,403,-218
101000026,616,22,594
101000027,2780,1973,807
101000028,1408,217,1191
101000029,258,1211,-953
101000030,2140,137,2003
101000031,808,282,526
101000032,11822,2951,8871
101000033,3678,2865,813
101000034,4433,1502,2931
101000035,1256,425,831
101000036,2382,737,1645
101000037,5196,1658,3538
101000039,3374,2175,1199
101000040,3836,3458,378
101000041,9836,5021,4815
101000042,724,926,-202
101000043,7582,4987,2595
101000045,1909,661,1248
101000046,5075,802,4273
101000047,3012,1522,1490
101000048,1035,926,109
101000049,1145,1144,1
101000050,2200,1499,701
101000051,2472,1877,595
101000052,2044,771,1273
101000053,1244,1745,-501
101000054,2065,1391,674
101000055,1636,1738,-102
101000056,70,125,-55
101000057,2653,1020,1633
101000058,1794,1131,663
101000059,4552,1664,2888
101000060,2281,591,1690
101000061,1181,1321,-140
101000062,937,692,245
101000063,953,793,160
101000064,1864,820,1044
101000065,475,370,105
101000066,773,553,220
101000067,1366,622,744
101000068,570,370,200
101000069,624,87,537
101000070,1677,835,842
101000071,2214,913,1301
101000072,1171,3858,-2687
101000073,814,647,167
101000074,6388,3017,3371
101000075,6322,2833,3489
101000077,1363,1037,326
101000078,1051,2218,-1167
101000079,665,451,214
101000080,790,355,435
101000081,1467,1654,-187
101000082,3945,3419,526
101000083,2391,2350,41
101000084,1560,1108,452
101000085,1722,1310,412
101000086,1081,1233,-152
101000087,1050,1334,-284
101000088,962,1090,-128
101000089,887,1627,-740
101000090,2269,1525,744
101000091,354,1457,-1103
101000092,843,1314,-471
101000093,1703,916,787
101000094,809,1560,-751
101000095,366,786,-420
101000096,394,638,-244
101000097,1306,355,951
101000098,907,585,322
101000099,1320,1499,-179
101000100,1161,737,424
101000101,457,405,52
101000102,1969,438,1531
101000103,1010,452,558
101000104,428,624,-196
101000105,1354,312,1042
101000106,958,475,483
101000107,140,366,-226
101000108,1083,429,654
101000109,289,59,230
101000110,28,656,-628
101000111,213,215,-2
101000113,280,759,-479
101000114,9407,2757,6650
101000115,185,143,42
101000116,281,248,33
101000117,856,268,588
101000119,181,55,126
101000120,293,64,229
101000121,90,31,59
101000122,192,50,142
101000123,94,73,21
101000124,462,141,321
101000125,259,651,-392
101000128,1273,284,989
101000130,281,348,-67
101000131,744,629,115
101000132,551,1531,-980
101000135,95,32,63
101000136,755,97,658
101000137,56,358,-302
101000141,2276,2670,-394
101000147,1023,624,399
101000148,1988,21,1967
101000149,146,73,73
101000150,95,825,-730
101000151,157,65,92
101000152,409,535,-126
101000153,492,380,112
101000154,262,1410,-1148
101000155,272,180,92
101000156,33,300,-267
101000157,41,33,8
101000160,139,58,81
101000163,254,203,51
101000164,609,503,106
101000165,293,407,-114
101000166,242,503,-261
101000168,882,434,448
101000252,1713,1052,661
101000254,483,62,421
101000258,35,8,27
101000261,188,19,169
101000262,1337,1501,-164
101000263,309,659,-350
101000265,91,610,-519
101000266,438,284,154
101000269,130,13,117
101000290,1953,3158,-1205
101000293,16,46,-30
101000294,621,452,169
101000295,157,601,-444
101000301,878,380,498
101000304,2255,2606,-351
101000305,3309,1976,1333
101000328,116,413,-297
101900001,38,69,-31
101900002,1,13,-12
101900003,100,78,22
101900004,9,43,-34
101900005,5082,1929,3153
101900006,808,77,731
101900007,823,121,702
101900008,145,349,-204
101900009,93,587,-494
101900010,1156,721,435
101900011,325,1832,-1507
101900012,174,468,-294
101900013,1212,152,1060
101900017,25,153,-128
101900018,1532,277,1255
101900019,318,124,194
101900020,95,88,7
101900021,2,55,-53
101900022,120,1265,-1145
101900023,101,233,-132
101900026,93,47,46
101900027,11,98,-87
102000001,5049,4526,523
102000002,3862,1198,2664
102000003,3812,7187,-3375
102000004,8800,3403,5397
102000005,1632,2596,-964
102000006,2069,2079,-10
102000007,2114,5611,-3497
102000008,6798,2059,4739
102000009,5725,8512,-2787
102000010,6213,4597,1616
102000011,3456,2758,698
102000012,4314,3838,476
102000018,3388,3371,17
102000019,3031,2000,1031
102000026,272,1064,-792
102000029,332,205,127
102000030,141,345,-204
102000031,66,165,-99
102000032,387,444,-57
102000033,217,421,-204
102000034,494,588,-94
102000035,952,743,209
102000036,30,384,-354
102000037,174,101,73
102000038,284,275,9
102000039,300,99,201
102000040,574,219,355
102000041,267,376,-109
102000042,332,218,114
102000043,511,221,290
102000044,1023,605,418
102000045,804,1090,-286
102000046,1135,821,314
102000047,817,1258,-441
102000048,359,1015,-656
102000049,1182,816,366
102000050,1284,1287,-3
102000051,505,819,-314
102000052,1775,880,895
102000053,1102,885,217
102000054,600,981,-381
102000055,869,973,-104
102000056,674,1639,-965
102000057,1656,703,953
102000058,1214,2179,-965
102000059,2096,1909,187
102000060,1680,1024,656
102000061,1652,2342,-690
102000062,1595,1150,445
102000063,1159,1593,-434
102000064,695,884,-189
102000065,35,170,-135
102000066,1110,1489,-379
102000067,2970,4062,-1092
102000068,11649,3394,8255
102000069,68,1978,-1910
102000070,2501,73,2428
102000071,9499,10879,-1380
102000072,4122,5298,-1176
102000073,1434,905,529
102000074,838,902,-64
102000075,164,339,-175
102000076,243,556,-313
102000077,377,1333,-956
102000078,849,1058,-209
102000079,196,304,-108
102000080,256,249,7
102000081,329,856,-527
102000082,760,371,389
102000083,576,453,123
102000084,222,397,-175
102000085,1763,1340,423
102000086,925,1480,-555
102000087,1046,1962,-916
102000088,351,355,-4
102000089,1209,498,711
102000090,589,1377,-788
102000091,2026,570,1456
102000092,417,1249,-832
102000093,500,723,-223
102000094,1130,767,363
102000095,1211,1320,-109
102000096,866,1029,-163
102000097,1026,1192,-166
102000098,724,1241,-517
102000099,1014,756,258
102000100,1054,1406,-352
102000101,1541,801,740
102000102,451,2720,-2269
102000103,1611,498,1113
102000104,982,341,641
102000105,287,763,-476
102000106,712,877,-165
102000107,1101,608,493
102000108,741,236,505
102000109,813,687,126
102000110,762,1667,-905
102000111,12,307,-295
102000112,169,89,80
102000113,15,38,-23
102000114,1024,399,625
102000115,227,287,-60
102000116,1059,366,693
102000117,456,540,-84
102000118,1958,1138,820
102000119,2387,831,1556
102000120,340,433,-93
102000121,1201,574,627
102000122,607,876,-269
102000123,1494,1243,251
102000124,1264,1200,64
102000125,949,1318,-369
102000126,767,657,110
102000127,1312,878,434
102000128,767,952,-185
102000129,1550,955,595
102000130,695,656,39
102000131,1894,649,1245
102000132,797,852,-55
102000133,1597,2063,-466
102000134,643,773,-130
102000135,920,1110,-190
102000136,1034,681,353
102000137,1083,841,242
102000138,274,485,-211
102000139,132,392,-260
102000140,429,220,209
102000141,361,472,-111
102000142,283,383,-100
102000143,159,471,-312
102000144,242,411,-169
102000145,293,456,-163
102000146,377,288,89
102000147,441,429,12
102000148,204,444,-240
102000149,127,536,-409
102000150,240,206,34
102000151,151,340,-189
102000152,192,195,-3
102000153,1043,382,661
102000154,399,705,-306
102000155,120,308,-188
102000156,372,106,266
102000157,124,244,-120
102000158,658,537,121
102000159,1158,483,675
102000161,4012,2098,1914
102000162,227,131,96
102000163,95,620,-525
102000164,1183,1204,-21
102000165,307,122,185
102000166,64,155,-91
102000167,257,177,80
102000168,264,130,134
102000169,121,768,-647
102000170,735,180,555
102000171,426,96,330
102000172,324,368,-44
102000173,599,289,310
102000174,52,84,-32
102000175,124,142,-18
102000176,46,57,-11
102000178,418,508,-90
102000179,798,253,545
102000180,691,479,212
102000181,617,635,-18
102000182,493,650,-157
102000183,1637,2054,-417
102000184,1731,887,844
102000185,2406,1466,940
102000186,1170,2170,-1000
102000187,943,1786,-843
102000188,985,1560,-575
102000189,2816,1165,1651
102000190,739,3161,-2422
102000191,1276,557,719
102000192,1244,1471,-227
102000193,51,168,-117
102000194,130,200,-70
102000195,515,532,-17
102000196,202,499,-297
102000197,588,430,158
102000198,222,858,-636
102000199,861,358,503
102000200,344,1089,-745
102000201,822,511,311
102000202,3,128,-125
102000203,460,260,200
102000204,491,947,-456
102000205,1106,631,475
102000206,1022,806,216
102000207,1995,510,1485
102000208,596,551,45
102000209,62,35,27
102000210,318,469,-151
102000211,699,346,353
102000212,323,21,302
102000213,6,285,-279
102000214,232,8,224
102000215,6,392,-386
102000216,54,67,-13
102000217,10,128,-118
102000218,230,165,65
102000219,403,282,121
102000225,882,762,120
102000226,2386,880,1506
102000227,182,2,180
102000228,0,103,-103
102000229,28,35,-7
102000230,295,537,-242
102000231,290,645,-355
102000232,14,305,-291
102000233,462,925,-463
102000234,116,1414,-1298
102000236,294,99,195
102000237,1086,157,929
102000238,236,338,-102
102000240,913,687,226
102000241,191,110,81
102000243,23,88,-65
102000245,27,167,-140
102000246,6,28,-22
102000247,957,898,59
102000248,675,673,2
102000249,103,174,-71
102000250,57,481,-424
102000254,98,431,-333
102000266,67,231,-164
102000271,46,20,26
102000286,539,386,153
102000297,2096,1393,703
102000301,0,0,0
102000303,0,0,0
102000307,0,6,-6
102900001,1295,938,357
102900002,418,55,363
102900003,55,241,-186
102900005,347,407,-60
102900006,516,217,299
102900007,507,50,457
102900008,238,85,153
102900009,635,288,347
102900010,842,472,370
102900011,2225,458,1767
102900012,340,74,266
102900013,35,69,-34
102900015,782,470,312
102900016,74,145,-71
102900017,143,621,-478
102900018,24,158,-134
102900019,435,539,-104
102900020,144,40,104
102900021,19,142,-123
102900022,644,161,483
102900023,9,101,-92
102900024,29,43,-14
102900025,278,121,157
102900026,672,1890,-1218
102900027,67,97,-30
102900028,175,791,-616
102900029,148,189,-41
102900030,647,390,257
102900031,170,148,22
102900032,103,95,8
102900033,101,194,-93
102900034,476,123,353
102900035,177,322,-145
102900036,303,587,-284
102900037,286,685,-399
102900038,464,614,-150
102900039,45,526,-481
102900040,192,273,-81
102900041,109,177,-68
102900042,193,384,-191
102900043,202,377,-175
102900044,726,2180,-1454
102900045,99,591,-492
102900046,106,349,-243
102900047,61,623,-562
102900048,701,686,15
102900049,115,345,-230
102900050,305,366,-61
102900051,190,221,-31
102900052,74,44,30
102900053,433,878,-445
102900054,1034,1231,-197
102900055,114,194,-80
102900056,158,548,-390
102900057,4,50,-46
102900058,238,63,175
102900059,23,58,-35
102900060,121,521,-400
102900061,118,542,-424
102900062,165,1151,-986
102900063,1243,512,731
102900064,157,443,-286
102900065,1957,829,1128
102900066,326,29,297
102900068,159,101,58
102900070,179,569,-390
102900072,13,49,-36
102900073,185,16,169
102900075,63,50,13
102900076,258,95,163
102900077,49,50,-1
102900078,26,102,-76
102900079,192,24,168
102900080,381,65,316
102900081,65,255,-190
102900082,6,211,-205
102900083,317,18,299
102900084,12,22,-10
102900085,300,139,161
102900086,15,75,-60
102900087,106,102,4
102900088,33,34,-1
102900089,337,205,132
102900090,1,414,-413
102900091,180,1,179
102900092,333,957,-624
102900093,266,312,-46
102900094,1,72,-71
102900095,101,0,101
102900096,46,23,23
102900097,4,146,-142
102900098,53,15,38
103000001,2562,3051,-489
103000002,2962,2939,23
103000003,4922,3292,1630
103000004,971,853,118
103000005,2054,3708,-1654
103000006,664,1669,-1005
103000007,479,856,-377
103000008,1237,1019,218
103000009,1253,1143,110
103000010,172,160,12
103000011,1884,1403,481
103000012,1269,1653,-384
103000013,5888,2341,3547
103000014,1391,3009,-1618
103000015,2250,791,1459
103000016,483,1545,-1062
103000017,182,424,-242
103000018,962,437,525
103000019,251,291,-40
103000020,3613,1680,1933
103000021,2178,1587,591
103000022,1198,1245,-47
103000023,717,1931,-1214
103000024,79,229,-150
103000025,79,584,-505
103000026,1580,163,1417
103000027,296,592,-296
103000028,588,423,165
103000029,354,245,109
103000030,2120,854,1266
103000031,1680,2332,-652
103000032,2057,2008,49
103000033,2836,2906,-70
103000034,1714,1246,468
103000035,486,1626,-1140
103000036,433,623,-190
103000037,610,510,100
103000038,488,1222,-734
103000039,328,574,-246
103000040,444,1237,-793
103000041,1840,3000,-1160
103000042,1214,683,531
103000043,511,1233,-722
103000044,127,214,-87
103000046,205,475,-270
103000047,668,723,-55
103000048,123,164,-41
103000049,73,171,-98
103000050,689,617,72
103000051,503,605,-102
103000052,965,478,487
103000053,280,571,-291
103000054,2424,1474,950
103000055,2030,2179,-149
103000056,637,2203,-1566
103000057,412,354,58
103000058,631,909,-278
103000059,482,868,-386
103000060,1197,794,403
103000061,534,1004,-470
103000062,1030,688,342
103000063,641,890,-249
103000064,172,263,-91
103000065,5,354,-349
103000066,217,9,208
103000069,327,464,-137
103000070,1074,971,103
103000071,1068,523,545
103000072,133,885,-752
103000073,525,144,381
103000074,699,132,567
103000075,108,751,-643
103000076,291,303,-12
103000077,55,367,-312
103000078,1641,650,991
103000079,1319,634,685
103000080,1291,378,913
103000081,528,947,-419
103000082,581,198,383
103000083,149,386,-237
103000084,185,12,173
103000085,2,137,-135
103000086,1004,488,516
103000087,183,672,-489
103000088,493,344,149
103000089,303,615,-312
103000090,1885,823,1062
103000091,577,512,65
103000092,340,348,-8
103000093,305,410,-105
103000094,230,113,117
103000095,66,408,-342
103000096,611,131,480
103000097,100,687,-587
103000098,1387,187,1200
103000099,570,589,-19
103000100,100,839,-739
103000101,1000,160,840
103000102,89,720,-631
103000103,694,271,423
103000104,88,131,-43
103000105,170,117,53
103000106,12,90,-78
103000107,279,66,213
103000108,1113,660,453
103000109,384,336,48
103000110,459,388,71
103000111,645,453,192
103000112,429,254,175
103000113,1223,704,519
103000114,2471,442,2029
103000115,439,535,-96
103000116,489,586,-97
103000117,277,526,-249
103000118,1241,1012,229
103000119,1753,728,1025
103000120,170,132,38
103000121,479,637,-158
103000122,498,406,92
103000125,16,376,-360
103000126,534,8,526
103000127,0,192,-192
103000128,147,4,143
103000129,1,122,-121
103000130,53,31,22
103000131,110,86,24
103000132,103,128,-25
103000133,14,75,-61
103000134,756,850,-94
103000135,733,309,424
103000136,877,525,352
103000137,715,787,-72
103000138,951,847,104
103000139,0,93,-93
103000140,166,31,135
103000141,59,129,-70
103000142,128,68,60
103000143,82,225,-143
103000144,271,90,181
103000145,47,32,15
103000150,84,46,38
103000152,277,225,52
103000153,260,209,51
103000156,6,320,-314
103000157,381,5,376
103000159,207,84,123
103000162,101,28,73
103000163,23,28,-5
103000164,41,26,15
103000165,153,460,-307
103000166,200,250,-50
103000167,211,102,109
103000168,82,211,-129
103000169,199,478,-279
103000170,650,446,204
103000171,36,71,-35
103000172,404,334,70
103000173,478,667,-189
103000174,199,368,-169
103000175,180,414,-234
103000176,909,622,287
103000177,766,545,221
103000178,274,351,-77
103000179,147,36,111
103000183,110,14,96
103000185,100,110,-10
103000186,148,212,-64
103000187,537,615,-78
103000188,15,85,-70
103000189,1932,972,960
103000191,692,756,-64
103000292,2125,1501,624
103000293,1003,2004,-1001
103000295,131,105,26
103000296,336,2,334
103000297,132,41,91
103000504,177,13,164
103000505,7,21,-14
103000506,0,275,-275
103000507,217,4,213
103000508,75,46,29
103000509,232,736,-504
103900001,36,401,-365
103900002,1513,197,1316
103900003,1906,68,1838
103900004,76,1,75
103900005,7,258,-251
103900006,7,0,7
103900007,31,0,31
103900008,19,1,18
103900009,240,427,-187
103900010,204,359,-155
103900011,261,190,71
103900012,9,28,-19
103900013,43,90,-47
103900014,45,29,16
103900015,57,18,39
103900016,243,207,36
103900017,28,126,-98
103900018,724,224,500
103900019,57,274,-217
103900020,258,447,-189
103900021,790,198,592
103900022,1125,673,452
103900023,97,0,97
103900024,112,447,-335
103900025,12,44,-32
103900026,23,1,22
103900027,668,370,298
103900028,15,309,-294
103900029,1234,170,1064
103900030,653,61,592
103900031,17,3,14
103900032,82,74,8
103900033,202,10,192
103900034,26,211,-185
103900035,54,59,-5
103900036,61,24,37
103900037,102,45,57
103900038,93,149,-56
103900039,67,366,-299
103900040,7,155,-148
103900041,36,44,-8
103900042,48,396,-348
103900043,148,111,37
103900044,192,300,-108
103900045,281,185,96
103900047,57,21,36
103900048,65,20,45
103900049,249,1325,-1076
103900050,10,100,-90
103900051,1,34,-33
103900052,205,584,-379
103900053,234,905,-671
103900054,98,508,-410
103900055,456,259,197
103900056,39,61,-22
103900057,32,219,-187
103900058,268,864,-596
103900059,0,6,-6
103900060,59,237,-178
103900061,96,69,27
103900062,271,108,163
103900063,3,0,3
103900064,93,9,84
103900065,836,412,424
103900066,189,36,153
103900067,148,5,143
103900068,5,1,4
103900069,122,13,109
103900070,172,277,-105
103900071,11,138,-127
103900072,11,300,-289
103900073,23,22,1
103900074,84,81,3
103900075,224,103,121
103900076,399,672,-273
103900077,76,113,-37
103900078,310,121,189
103900079,131,248,-117
103900080,16,30,-14
103900081,156,26,130
103900082,9,162,-153
103900083,1980,1273,707
103900084,80,154,-74
103900085,68,146,-78
103900086,611,347,264
103900088,393,442,-49
103900089,48,163,-115
103900090,45,357,-312
103900091,1166,271,895
103900092,1094,435,659
103900093,95,409,-314
103900094,17,148,-131
103900095,663,205,458
103900096,22,291,-269
103900097,8,545,-537
103900098,210,152,58
103900099,59,226,-167
103900100,199,467,-268
103900101,62,1236,-1174
103900102,0,31,-31
103900104,3,29,-26
103900105,88,201,-113
103900106,1,20,-19
103900107,101,296,-195
103900108,46,386,-340
103900109,72,95,-23
103900110,266,49,217
103900111,108,700,-592
103900112,46,78,-32
103900113,119,262,-143
103900114,497,310,187
103900115,235,239,-4
103900116,6013,2774,3239
103900117,142,137,5
103900119,35,59,-24
103900120,66,93,-27
103900122,62,288,-226
103900123,1697,683,1014
103900124,59,493,-434
103900125,112,102,10
103900126,471,561,-90
103900127,126,530,-404
103900128,104,168,-64
103900131,66,152,-86
103900133,964,38,926
103900134,0,2,-2
103900135,2,9,-7
103900137,0,66,-66
103900138,89,167,-78
103900139,374,1663,-1289
103900140,6,103,-97
103900141,335,91,244
103900142,179,157,22
103900143,27,1,26
103900144,3,81,-78
103900145,149,286,-137
103900146,362,331,31
103900147,447,132,315
103900148,180,248,-68
103900149,188,615,-427
103900150,7404,3959,3445
103900151,32,156,-124
103900152,498,565,-67
103900153,20,1,19
103900154,1060,1842,-782
103900155,34,283,-249
103900156,37,167,-130
103900157,42,265,-223
103900158,72,204,-132
103900159,167,89,78
103900160,68,32,36
103900161,88,255,-167
103900162,71,187,-116
103900163,8,459,-451
103900167,23,94,-71
103900168,125,98,27
103900169,44,33,11
103900170,4,144,-140
103900171,2,80,-78
103900172,6,31,-25
103900173,8,21,-13
103900174,115,53,62
103900175,66,80,-14
103900176,20,24,-4
103900177,17,60,-43
103900178,60,69,-9
103900179,33,180,-147
103900180,20,107,-87
103900181,71,42,29
103900182,48,25,23
103900184,571,107,464
103900185,300,312,-12
103900187,76,64,12
103900188,32,30,2
103900189,89,6,83
103900190,99,50,49
103900191,21,56,-35
103900192,29,115,-86
103900193,163,214,-51
103900194,97,220,-123
103900195,11,60,-49
103900196,46,52,-6
103900197,12,28,-16
103900198,13,48,-35
103900199,176,58,118
103900200,152,169,-17
103900201,134,193,-59
103900202,14,46,-32
103900203,35,47,-12
103900204,2,144,-142
103900207,1,138,-137
103900208,90,0,90
103900209,12,104,-92
103900210,49,21,28
103900211,511,486,25
103900212,93,418,-325
103900213,138,309,-171
103900214,327,158,169
103900215,644,364,280
103900216,12,343,-331
103900217,460,108,352
103900218,4,401,-397
103900219,151,337,-186
103900233,119,2,117
103900235,59,35,24
103900236,40,1,39
103900242,7,27,-20
103900243,9,13,-4
103900244,104,342,-238
103900245,90,239,-149
103900246,66,67,-1
103900247,51,143,-92
103900248,17,45,-28
103900249,24,40,-16
103900250,45,35,10
103900251,3,33,-30
103900253,66,89,-23
103900254,3,14,-11
103900255,44,21,23
103900256,42,32,10
103900257,190,221,-31
103900258,75,3,72
103900259,197,11,186
103900261,10,8,2
103900262,32,3,29
103900263,55,122,-67
103900264,82,71,11
103900265,73,25,48
103900266,3,64,-61
103900267,10,84,-74
103900268,9,88,-79
103900269,157,44,113
103900270,75,124,-49
103900271,34,150,-116
103900272,72,108,-36
103900273,27,71,-44
103900274,67,16,51
103900275,45,10,35
103900276,11,107,-96
103900277,1,93,-92
103900278,7,52,-45
103900279,2,26,-24
103900280,2,101,-99
104000001,2442,2452,-10
104000002,1931,3382,-1451
104000003,2709,2683,26
104000004,3221,3338,-117
104000005,1533,2297,-764
104000006,2874,3411,-537
104000007,4669,4495,174
104000008,440,506,-66
104000009,170,170,0
104000010,156,253,-97
104000011,694,372,322
104000012,165,422,-257
104000013,212,194,18
104000014,309,745,-436
104000015,298,187,111
104000016,562,449,113
104000018,702,215,487
104000019,577,191,386
104000020,166,764,-598
104000021,349,650,-301
104000022,176,267,-91
104000023,630,384,246
104000024,285,417,-132
104000026,75,441,-366
104000027,431,431,0
104000028,500,295,205
104000029,493,579,-86
104000030,344,288,56
104000031,1003,407,596
104000032,223,369,-146
104000033,510,484,26
104000034,316,414,-98
104000035,835,495,340
104000036,788,594,194
104000037,317,286,31
104000038,351,395,-44
104000039,197,346,-149
104000040,403,489,-86
104000041,673,390,283
104000042,252,446,-194
104000043,355,438,-83
104000044,278,742,-464
104000045,1165,1350,-185
104000046,1574,1784,-210
104000047,899,1347,-448
104000048,987,2014,-1027
104000049,542,372,170
104000050,237,683,-446
104000051,123,684,-561
104000052,1470,1918,-448
104000053,946,564,382
104000054,587,567,20
104000055,4494,2849,1645
104000056,1619,320,1299
104000057,126,520,-394
104000058,780,801,-21
104000059,597,1290,-693
104000060,1184,1345,-161
104000061,1800,1248,552
104000062,318,156,162
104000064,544,381,163
104000065,279,662,-383
104000069,1558,1007,551
104000070,77,524,-447
104000071,171,444,-273
104000072,698,266,432
104000075,71,281,-210
104000076,582,84,498
104000082,2574,3573,-999
104000083,854,228,626
104000084,160,591,-431
104000085,250,295,-45
104000086,235,445,-210
104000087,415,1668,-1253
104000090,794,1598,-804
104000092,1015,2692,-1677
104000094,920,1880,-960
104000095,2048,1627,421
104000096,1629,365,1264
104000097,1647,1117,530
104000098,1657,1289,368
104000100,1512,782,730
104000101,1412,2237,-825
104000106,109,687,-578
104000107,681,540,141
104000108,318,611,-293
104000109,298,89,209
104000110,946,1005,-59
104000111,4390,2476,1914
104000112,2437,628,1809
104000116,4,1310,-1306
104000117,137,852,-715
104000118,612,254,358
104000119,490,301,189
104000120,189,966,-777
104000121,222,734,-512
104000122,567,811,-244
104000123,1074,1274,-200
104000124,1075,2742,-1667
104000125,4466,3848,618
104000126,351,450,-99
104000127,1783,3639,-1856
104000128,820,465,355
104000129,413,21,392
104000130,5,254,-249
104000131,1019,599,420
104000132,1287,720,567
104000133,1389,999,390
104000134,980,2053,-1073
104000135,467,1680,-1213
104000136,789,3680,-2891
104000137,1535,350,1185
104000138,1125,538,587
104000139,7644,3436,4208
104000141,1228,1594,-366
104000142,736,834,-98
104000143,591,626,-35
104000144,80,238,-158
104000145,440,199,241
104000146,455,785,-330
104000147,142,429,-287
104000148,349,152,197
104000149,130,329,-199
104000150,1080,528,552
104000151,469,555,-86
104000152,551,768,-217
104000153,597,522,75
104000154,1246,767,479
104000155,425,543,-118
104000157,1150,1617,-467
104000158,416,392,24
104000159,737,456,281
104000160,1763,2013,-250
104000161,243,239,4
104000162,59,171,-112
104000165,1417,1083,334
104000167,583,996,-413
104000168,553,13,540
104000169,96,56,40
104000170,604,521,83
104000248,326,865,-539
104000251,64,249,-185
104000272,0,0,0
104000273,0,0,0
104000274,0,0,0
104000275,0,0,0
104000279,639,451,188
104000290,156,288,-132
104000291,851,1266,-415
104000293,964,689,275
104000294,28,0,28
104000295,808,906,-98
104000296,427,1017,-590
104000297,881,2118,-1237
104000298,2277,1037,1240
104000299,763,1646,-883
104900001,169,433,-264
104900002,41,178,-137
104900003,78,343,-265
104900004,94,355,-261
104900005,278,197,81
104900006,322,100,222
104900007,231,224,7
104900009,154,408,-254
104900010,54,48,6
104900011,24,6,18
104900012,255,43,212
104900013,135,22,113
104900014,3528,369,3159
104900015,118,9,109
104900016,194,285,-91
104900017,228,178,50
104900018,14,220,-206
104900019,489,2511,-2022
104900020,70,322,-252
104900021,2,226,-224
104900022,6,153,-147
104900023,2,104,-102
104900024,45,119,-74
104900025,58,282,-224
104900026,2,129,-127
104900027,474,336,138
104900028,28,112,-84
104900029,62,107,-45
104900030,477,259,218
104900031,160,277,-117
104900032,45,165,-120
104900033,139,250,-111
104900034,383,177,206
104900035,345,184,161
104900036,205,73,132
104900037,130,256,-126
104900038,539,697,-158
104900039,898,352,546
104900040,341,101,240
104900041,226,171,55
104900042,178,307,-129
104900043,12,105,-93
104900044,447,185,262
104900045,487,52,435
104900046,144,119,25
104900047,324,159,165
104900048,247,78,169
104900049,22,33,-11
104900050,263,85,178
104900051,295,44,251
104900052,41,2,39
104900053,435,90,345
104900054,147,59,88
104900055,88,0,88
104900056,191,15,176
104900057,43,2,41
104900058,1000,206,794
104900059,110,97,13
104900060,2,503,-501
104900061,282,628,-346
104900063,0,121,-121
104900064,0,79,-79
104900065,1,181,-180
104900066,2,333,-331
104900067,5,354,-349
104900068,22,283,-261
104900070,208,358,-150
104900071,2,655,-653
104900072,56,287,-231
104900073,61,262,-201
104900074,72,251,-179
104900075,53,64,-11
104900076,100,362,-262
104900077,1269,227,1042
104900078,210,675,-465
104900079,154,566,-412
104900080,92,498,-406
104900082,18,452,-434
104900085,0,258,-258
104900087,317,7,310
104900089,183,2,181
104900090,732,615,117
104900091,543,761,-218
104900093,242,550,-308
104900097,2960,2102,858
104900098,82,57,25
104900099,132,586,-454
104900100,608,316,292
104900102,32,190,-158
104900103,445,87,358
104900104,3562,1725,1837
104900106,64,157,-93
104900107,104,286,-182
104900108,28,294,-266
104900109,94,351,-257
104900110,5,60,-55
104900111,132,145,-13
104900112,262,853,-591
104900113,695,425,270
104900114,430,547,-117
104900115,628,448,180
104900116,270,295,-25
104900118,20,76,-56
104900119,0,21,-21
104900120,61,127,-66
104900121,5,133,-128
104900122,2,68,-66
104900123,56,9,47
104900124,53,0,53
104900125,448,6,442
104900126,94,59,35
104900127,39,74,-35
104900128,118,217,-99
104900129,2598,1757,841
105000001,2620,1868,752
105000002,2590,2085,505
105000003,4221,4059,162
105000004,722,1324,-602
105000005,917,1243,-326
105000006,1248,1791,-543
105000007,1391,1605,-214
105000008,2164,2922,-758
105000009,1927,3375,-1448
105000010,3667,2805,862
105000011,2745,2635,110
105000012,4994,3419,1575
105000013,943,1326,-383
105000014,1615,2567,-952
105000015,8695,10050,-1355
105000016,4091,2474,1617
105000017,2213,999,1214
105000018,1712,1785,-73
105000019,2051,1143,908
105000020,254,497,-243
105000021,570,131,439
105000022,283,91,192
105000023,552,325,227
105000028,93,142,-49
105000029,598,1087,-489
105000030,4923,3667,1256
105000033,1379,2345,-966
105000034,208,825,-617
105000037,791,398,393
105000038,1874,1744,130
105000039,3171,2055,1116
105000040,944,1083,-139
105000041,675,1365,-690
105000042,2979,1535,1444
105000043,2187,2241,-54
105000044,491,422,69
105000045,437,995,-558
105000046,1007,413,594
105000047,540,1643,-1103
105000048,833,276,557
105000049,281,751,-470
105000050,760,493,267
105000051,230,643,-413
105000052,538,980,-442
105000053,246,225,21
105000054,435,1054,-619
105000055,743,410,333
105000056,1202,2552,-1350
105000057,1256,963,293
105000058,1824,1491,333
105000059,837,700,137
105000060,571,845,-274
105000061,653,624,29
105000062,996,1196,-200
105000063,453,660,-207
105000064,1228,854,374
105000065,455,844,-389
105000066,1429,2200,-771
105000067,1397,848,549
105000068,796,1069,-273
105000069,3220,1599,1621
105000070,1022,812,210
105000071,529,860,-331
105000072,1098,2138,-1040
105000073,976,583,393
105000074,1272,908,364
105000075,711,796,-85
105000076,1695,1162,533
105000077,2844,1016,1828
105000078,1651,1381,270
105000079,2077,2491,-414
105000080,1821,1197,624
105000081,3103,1131,1972
105000082,1536,1029,507
105000083,3444,1607,1837
105000084,978,1168,-190
105000085,1689,1297,392
105000086,623,1161,-538
105000087,2390,2224,166
105000088,1727,1799,-72
105000089,3291,2204,1087
105000090,1124,970,154
105000091,1972,1713,259
105000092,902,1073,-171
105000093,472,273,199
105000094,269,259,10
105000095,125,544,-419
105000096,1569,874,695
105000097,1631,778,853
105000098,1615,623,992
105000099,1706,915,791
105000100,1242,1463,-221
105000101,2074,2097,-23
105000102,1638,1739,-101
105000103,1601,2376,-775
105000104,2120,1171,949
105000105,1192,2263,-1071
105000106,1312,1800,-488
105000107,1135,1164,-29
105000108,1386,1779,-393
105000109,1386,1826,-440
105000110,718,912,-194
105000111,822,821,1
105000112,1287,993,294
105000113,467,699,-232
105000114,3822,1447,2375
105000115,320,1173,-853
105000116,805,472,333
105000117,1080,1458,-378
105000118,470,415,55
105000119,608,1300,-692
105000120,1001,730,271
105000121,908,1337,-429
105000122,350,724,-374
105000123,1343,1651,-308
105000124,1737,959,778
105000125,984,2144,-1160
105000126,2087,2230,-143
105000127,2600,2423,177
105000128,598,1415,-817
105000129,766,330,436
105000130,291,1999,-1708
105000131,871,555,316
105000132,831,558,273
105000133,463,1145,-682
105000134,671,589,82
105000135,507,786,-279
105000136,141,484,-343
105000137,385,220,165
105000138,239,471,-232
105000139,1223,1187,36
105000140,306,627,-321
105000141,312,680,-368
105000142,199,597,-398
105000143,228,744,-516
105000144,362,973,-611
105000145,562,527,35
105000146,649,976,-327
105000147,632,414,218
105000148,1185,661,524
105000149,2145,2201,-56
105000150,2169,1716,453
105000151,568,436,132
105000152,189,675,-486
105000153,596,649,-53
105000154,671,847,-176
105000155,381,931,-550
105000156,1095,842,253
105000157,933,1820,-887
105000158,2123,870,1253
105000159,235,1396,-1161
105000160,1770,664,1106
105000161,731,1598,-867
105000162,720,1878,-1158
105000163,1486,1137,349
105000164,182,322,-140
105000165,1704,5281,-3577
105000166,7209,778,6431
105000167,2840,1602,1238
105000168,355,755,-400
105000169,456,453,3
105000170,245,1440,-1195
105000171,1370,331,1039
105000172,119,46,73
105000173,112,33,79
105000174,136,32,104
105000175,88,139,-51
105000176,311,120,191
105000177,316,153,163
105000178,126,603,-477
105000179,430,181,249
105000180,138,136,2
105000181,89,403,-314
105000182,26,51,-25
105000183,2958,1961,997
105000184,1469,940,529
105000185,1654,849,805
105000186,653,877,-224
105000187,890,214,676
105000188,409,105,304
105000189,322,456,-134
105000190,283,399,-116
105000191,398,340,58
105000192,238,67,171
105000193,141,142,-1
105000194,293,69,224
105000195,313,976,-663
105000196,35,169,-134
105000197,257,684,-427
105000198,626,395,231
105000199,332,500,-168
105000200,238,225,13
105000201,169,28,141
105000203,13,246,-233
105000204,69,76,-7
105000205,148,198,-50
105000207,671,255,416
105000208,283,558,-275
105000209,253,350,-97
105000212,1302,1468,-166
105000213,227,199,28
105000214,180,323,-143
105000215,302,281,21
105000216,158,393,-235
105000217,140,333,-193
105000218,1119,1074,45
105000221,207,251,-44
105000222,371,64,307
105000223,289,211,78
105000226,62,337,-275
105000227,86,198,-112
105000228,269,1338,-1069
105000229,147,361,-214
105000231,332,371,-39
105000233,879,653,226
105000234,523,1399,-876
105000235,402,701,-299
105000237,905,94,811
105000243,55,66,-11
105000248,205,92,113
105000262,285,1461,-1176
105000269,106,201,-95
105000270,346,77,269
105000271,0,288,-288
105000282,134,56,78
105000287,390,145,245
105000288,527,524,3
105000289,2932,1602,1330
105000290,65,2,63
105000402,4146,3035,1111
105000426,662,644,18
105000438,3423,1176,2247
105000446,13813,5803,8010
105000447,8127,3422,4705
105000454,373,874,-501
105000455,384,238,146
105000474,17,3,14
105000477,324,431,-107
105000478,1670,3316,-1646
105000479,164,166,-2
105000480,6385,3994,2391
105000481,3660,3091,569
105000482,6451,5839,612
105000483,1382,1686,-304
105000484,2874,3174,-300
105000485,1860,2353,-493
105000486,5053,3384,1669
105000488,8109,5158,2951
105000489,1075,952,123
105000549,100,156,-56
105000550,667,1606,-939
105000551,49,126,-77
105000552,4068,2267,1801
105000555,1103,840,263
105900001,24,1115,-1091
105900002,1276,641,635
105900003,14,110,-96
105900004,332,126,206
105900005,7,267,-260
105900006,11,100,-89
105900007,124,20,104
105900008,101,698,-597
105900009,14,10,4
105900011,271,53,218
105900012,661,213,448
105900013,14,23,-9
105900014,9,82,-73
105900015,176,373,-197
105900016,427,585,-158
105900017,1152,56,1096
105900018,190,242,-52
105900019,93,759,-666
105900020,85,68,17
105900021,29,223,-194
105900022,292,333,-41
105900023,7,101,-94
105900024,19,138,-119
105900025,141,45,96
105900026,354,57,297
105900027,5708,8627,-2919
105900028,393,183,210
105900029,1751,458,1293
105900030,325,274,51
105900031,384,161,223
105900032,60,126,-66
105900033,171,150,21
105900034,191,200,-9
105900035,302,180,122
105900036,63,139,-76
105900037,63,46,17
105900038,130,344,-214
105900039,104,141,-37
105900040,73,86,-13
105900041,152,359,-207
105900042,70,145,-75
105900043,2138,69,2069
105900044,2,255,-253
105900045,5,822,-817
105900046,1,208,-207
105900047,11,50,-39
105900048,113,699,-586
105900050,6649,1190,5459
105900051,13,1263,-1250
105900052,697,276,421
105900053,3997,2489,1508
105900054,404,288,116
105900056,831,345,486
105900057,54,125,-71
105900058,10,24,-14
105900059,0,31,-31
106000001,4549,2417,2132
106000002,2541,5726,-3185
106000003,3401,4163,-762
106000004,2442,3238,-796
106000005,2938,5792,-2854
106000006,6563,5468,1095
106000007,471,593,-122
106000008,388,347,41
106000009,603,424,179
106000010,628,707,-79
106000011,962,1153,-191
106000012,852,1672,-820
106000013,1733,2249,-516
106000014,1964,1982,-18
106000015,1352,1245,107
106000016,1446,2621,-1175
106000017,728,784,-56
106000018,695,643,52
106000019,367,484,-117
106000020,310,526,-216
106000021,263,542,-279
106000022,436,312,124
106000023,657,391,266
106000024,691,766,-75
106000025,96,281,-185
106000026,109,351,-242
106000027,1138,1501,-363
106000028,582,706,-124
106000029,1163,1471,-308
106000030,793,369,424
106000034,283,664,-381
106000035,1043,1635,-592
106000036,215,432,-217
106000037,2057,1625,432
106000038,450,101,349
106000039,154,82,72
106000040,242,923,-681
106000041,894,444,450
106000043,639,190,449
106000046,386,56,330
106000047,44,455,-411
106000049,961,181,780
106000050,374,955,-581
106000051,636,439,197
106000052,85,755,-670
106000053,269,149,120
106000054,425,573,-148
106000055,934,1168,-234
106000056,377,569,-192
106000057,306,323,-17
106000058,159,202,-43
106000059,250,288,-38
106000060,446,625,-179
106000061,224,515,-291
106000062,153,715,-562
106000063,633,696,-63
106000064,59,501,-442
106000065,333,275,58
106000066,103,393,-290
106000067,327,112,215
106000068,76,703,-627
106000069,184,75,109
106000070,526,848,-322
106000071,993,334,659
106000072,4263,1907,2356
106000073,2142,3188,-1046
106000074,580,882,-302
106000075,362,1478,-1116
106000076,1873,2150,-277
106000077,3637,1553,2084
106000078,935,1222,-287
106000079,660,1220,-560
106000080,1363,810,553
106000081,721,1369,-648
106000082,2523,999,1524
106000083,399,1782,-1383
106000084,1124,770,354
106000085,1421,1870,-449
106000086,735,903,-168
106000087,898,599,299
106000088,418,814,-396
106000089,961,452,509
106000090,295,625,-330
106000091,285,701,-416
106000092,762,267,495
106000093,387,135,252
106000094,110,354,-244
106000095,733,1099,-366
106000096,1059,763,296
106000097,857,1147,-290
106000098,700,1179,-479
106000099,224,859,-635
106000100,1107,291,816
106000101,1068,243,825
106000102,150,562,-412
106000103,248,546,-298
106000104,805,521,284
106000105,473,770,-297
106000106,618,563,55
106000107,152,433,-281
106000108,235,386,-151
106000109,137,335,-198
106000110,190,340,-150
106000111,149,499,-350
106000112,211,509,-298
106000113,918,609,309
106000114,532,507,25
106000115,238,649,-411
106000116,260,277,-17
106000117,981,844,137
106000118,1156,1411,-255
106000119,1977,1265,712
106000120,752,1266,-514
106000121,253,184,69
106000122,117,291,-174
106000123,357,235,122
106000124,53,291,-238
106000125,28,244,-216
106000126,259,128,131
106000127,900,1081,-181
106000128,731,250,481
106000129,503,623,-120
106000130,705,425,280
106000131,162,829,-667
106000132,743,160,583
106000133,2660,1286,1374
106000134,709,1855,-1146
106000135,249,842,-593
106000136,624,919,-295
106000137,88,1123,-1035
106000138,992,116,876
106000139,51,143,-92
106000140,41,95,-54
106000141,112,101,11
106000142,91,69,22
106000143,43,109,-66
106000144,43,77,-34
106000145,284,272,12
106000146,287,184,103
106000147,533,516,17
106000148,690,923,-233
106000149,566,403,163
106000150,519,2141,-1622
106000151,4213,796,3417
106000152,1401,1890,-489
106000153,99,1751,-1652
106000154,1379,274,1105
106000155,100,266,-166
106000156,746,328,418
106000157,665,2064,-1399
106000158,3052,1081,1971
106000159,3984,1864,2120
106000160,357,2975,-2618
106000161,1561,496,1065
106000162,194,896,-702
106000163,323,479,-156
106000164,393,377,16
106000165,184,665,-481
106000166,704,266,438
106000167,355,1339,-984
106000168,447,271,176
106000169,164,683,-519
106000170,681,290,391
106000171,164,1190,-1026
106000172,2896,1198,1698
106000173,948,2931,-1983
106000174,1171,436,735
106000175,299,1131,-832
106000176,1478,786,692
106000177,924,2532,-1608
106000178,3320,1804,1516
106000179,1335,2539,-1204
106000180,886,1498,-612
106000181,801,1910,-1109
106000182,913,761,152
106000183,1117,760,357
106000184,2363,895,1468
106000185,1557,1135,422
106000186,1011,201,810
106000187,252,1274,-1022
106000188,0,5,-5
106000189,10,42,-32
106000190,18,0,18
106000191,626,258,368
106000192,21,41,-20
106000193,393,236,157
106000194,258,420,-162
106000195,422,115,307
106000196,133,405,-272
106000197,419,300,119
106000198,118,307,-189
106000199,841,920,-79
106000200,324,207,117
106000201,548,3115,-2567
106000202,5274,705,4569
106000203,157,283,-126
106000204,105,10,95
106000205,23,174,-151
106000206,102,29,73
106000207,64,945,-881
106000208,1126,139,987
106000209,1267,364,903
106000210,280,1234,-954
106000211,469,1397,-928
106000212,824,447,377
106000213,908,1874,-966
106000214,2768,640,2128
106000215,286,589,-303
106000216,337,427,-90
106000217,386,638,-252
106000218,505,442,63
106000219,174,403,-229
106000220,341,330,11
106000221,128,307,-179
106000222,49,115,-66
106000223,150,106,44
106000224,197,309,-112
106000225,88,99,-11
106000226,135,334,-199
106000228,79,157,-78
106000229,118,613,-495
106000231,742,194,548
106000232,93,381,-288
106000233,670,135,535
106000234,135,172,-37
106000235,334,81,253
106000236,158,65,93
106000237,3,21,-18
106000238,223,14,209
106000239,4,158,-154
106000240,87,8,79
106000241,10,781,-771
106000242,338,40,298
106000249,77,109,-32
106000250,61,636,-575
106000251,83,58,25
106000252,24,83,-59
106000253,46,102,-56
106000254,53,56,-3
106000255,29,227,-198
106000256,119,68,51
106000257,132,288,-156
106000258,258,23,235
106000259,4,56,-52
106000260,35,10,25
106000261,4,60,-56
106000262,112,14,98
106000263,11,69,-58
106000264,183,14,169
106000265,11,147,-136
106000266,151,38,113
106000267,4,90,-86
106000268,497,62,435
106000269,60,53,7
106000270,166,568,-402
106000271,73,247,-174
106000272,186,89,97
106000273,16,311,-295
106000274,209,56,153
106000275,156,304,-148
106000276,167,74,93
106000277,187,207,-20
106000278,229,45,184
106000279,9,74,-65
106000280,108,127,-19
106000281,88,71,17
106000282,79,63,16
106000283,112,92,20
106000284,49,121,-72
106000285,151,117,34
106000286,115,141,-26
106000287,123,81,42
106000288,133,191,-58
106000289,85,63,22
106000290,69,116,-47
106000291,76,96,-20
106000292,81,120,-39
106000293,106,77,29
106000294,124,144,-20
106000295,38,50,-12
106000296,58,92,-34
106000297,62,241,-179
106000298,161,76,85
106000299,41,143,-102
106000300,56,92,-36
106000301,67,133,-66
106000303,24,74,-50
106000304,40,28,12
106000305,67,54,13
106000306,45,56,-11
106000307,47,15,32
106000308,34,134,-100
106000309,19,49,-30
106000310,396,604,-208
106000311,321,143,178
106000312,88,190,-102
106000313,141,227,-86
106000318,133,365,-232
106000319,1103,207,896
106000320,4,30,-26
106000321,356,76,280
106000322,116,167,-51
106000324,9,103,-94
106000325,1484,997,487
106000326,994,2096,-1102
106000327,140,133,7
106000328,12,104,-92
106000329,66,251,-185
106000330,50,75,-25
106000428,81,194,-113
106000429,175,503,-328
106000430,375,1392,-1017
106000431,2071,448,1623
106000432,2088,3386,-1298
106000433,2199,1471,728
106000434,3441,1417,2024
106000435,2014,3159,-1145
106000436,14,251,-237
106000437,341,44,297
106000438,848,206,642
106000439,63,487,-424
106000440,295,520,-225
106000441,2,1,1
106000442,172,5,167
106000443,136,432,-296
106000450,4,216,-212
106000451,44,63,-19
106000454,13,121,-108
106000455,9,190,-181
106000456,192,69,123
106000457,12,1080,-1068
106000458,672,122,550
106000459,227,467,-240
106000460,1211,38,1173
106000461,115,1643,-1528
106000462,4,41,-37
106000463,1,32,-31
106000464,2,533,-531
106000465,497,4,493
106000466,5,713,-708
106000467,524,595,-71
106000468,102,181,-79
106000469,202,0,202
106000470,254,1865,-1611
106000471,46,682,-636
106000472,166,24,142
106000473,19,22,-3
106000474,309,663,-354
106000475,305,207,98
106000476,159,212,-53
106000477,42,156,-114
106000480,1,359,-358
106900001,0,13,-13
106900002,0,577,-577
106900003,261,966,-705
106900004,0,39,-39
106900006,0,15,-15
106900007,0,15,-15
106900008,352,274,78
106900009,343,404,-61
106900010,284,326,-42
106900012,2093,1947,146
106900013,564,156,408
106900014,40,3,37
106900015,16,1,15
106900016,252,7,245
106900017,8,0,8
106900018,4,0,4
106900019,28,5,23
106900020,2731,1483,1248
106900021,130,43,87
106900022,592,20,572
106900023,62,272,-210
106900024,526,31,495
106900025,66,691,-625
106900026,2,699,-697
106900027,1273,5,1268
107000001,4191,3123,1068
107000002,4828,5296,-468
107000003,4594,6347,-1753
107000004,6156,6213,-57
107000005,3669,4894,-1225
107000006,4478,6034,-1556
107000007,4838,9116,-4278
107000008,12778,10496,2282
107000009,6160,7154,-994
107000010,12097,12369,-272
107000011,1285,1562,-277
107000012,4848,3887,961
107000013,41,144,-103
107000014,80,297,-217
107000015,535,881,-346
107000016,680,1056,-376
107000017,4887,1063,3824
107000018,34,429,-395
107000020,3033,638,2395
107000021,1473,636,837
107000022,1044,1194,-150
107000023,1902,363,1539
107000024,565,1619,-1054
107000025,265,403,-138
107000026,240,577,-337
107000027,1336,1161,175
107000028,1319,1831,-512
107000029,2903,2529,374
107000030,2999,3470,-471
107000031,3478,2359,1119
107000032,484,1031,-547
107000033,3739,5798,-2059
107000034,4165,2136,2029
107000035,366,311,55
107000036,511,1481,-970
107000037,85,889,-804
107000038,288,302,-14
107000039,816,754,62
107000040,167,402,-235
107000041,1874,890,984
107000042,972,2169,-1197
107000043,2931,1182,1749
107000044,673,376,297
107000045,97,285,-188
107000046,693,458,235
107000047,459,917,-458
107000048,617,364,253
107000049,665,869,-204
107000050,1108,650,458
107000051,494,440,54
107000052,1361,1056,305
107000053,466,227,239
107000054,62,330,-268
107000055,411,223,188
107000056,504,1010,-506
107000057,1805,275,1530
107000058,2226,2305,-79
107000059,2522,4215,-1693
107000060,3797,5560,-1763
107000061,6525,4572,1953
107000062,3690,3050,640
107000063,4709,6207,-1498
107000064,5072,2352,2720
107000065,5054,5644,-590
107000066,2069,2687,-618
107000067,1093,1166,-73
107000068,1811,687,1124
107000069,771,590,181
107000070,938,5,933
107000071,2895,49,2846
107000072,68,3339,-3271
107000073,633,341,292
107000074,155,1018,-863
107000075,1571,537,1034
107000076,743,1722,-979
107000077,3085,1331,1754
107000078,2752,3782,-1030
107000079,2488,1013,1475
107000080,1265,3520,-2255
107000081,1562,646,916
107000082,562,2143,-1581
107000083,1128,402,726
107000084,459,1824,-1365
107000085,3001,3563,-562
107000086,3701,3643,58
107000087,2549,2252,297
107000088,3135,3813,-678
107000089,1386,2078,-692
107000090,1083,1386,-303
107000091,1216,896,320
107000092,912,1396,-484
107000093,1159,864,295
107000094,1336,1405,-69
107000095,766,802,-36
107000096,646,1042,-396
107000097,861,418,443
107000098,654,782,-128
107000099,449,334,115
107000100,307,328,-21
107000101,105,254,-149
107000102,519,442,77
107000103,385,260,125
107000104,270,415,-145
107000105,336,181,155
107000106,215,446,-231
107000107,682,236,446
107000108,306,812,-506
107000109,614,180,434
107000110,94,525,-431
107000111,433,32,401
107000112,57,352,-295
107000113,597,128,469
107000114,105,729,-624
107000115,496,151,345
107000116,105,1021,-916
107000117,122,728,-606
107000118,125,254,-129
107000119,1781,1770,11
107000120,2181,481,1700
107000121,668,799,-131
107000122,1125,1079,46
107000123,439,891,-452
107000124,642,990,-348
107000125,834,811,23
107000126,915,970,-55
107000129,485,876,-391
107000130,796,241,555
107000131,555,725,-170
107000132,658,369,289
107000133,1038,109,929
107000134,302,0,302
107000135,9,236,-227
107000136,910,11,899
107000137,17,393,-376
107000138,309,20,289
107000139,18,483,-465
107000140,1505,131,1374
107000141,121,865,-744
107000142,541,102,439
107000143,61,828,-767
107000144,484,540,-56
107000145,195,593,-398
107000146,177,397,-220
107000147,2949,906,2043
107000150,775,2625,-1850
107000151,40,103,-63
107000152,740,999,-259
107000153,288,477,-189
107000154,226,199,27
107000155,1080,24,1056
107000156,1037,39,998
107000157,30,1890,-1860
107000158,666,27,639
107000159,29,1358,-1329
107000160,852,171,681
107000161,81,1732,-1651
107000162,203,500,-297
107000163,112,2,110
107000164,530,1,529
107000165,812,10,802
107000166,35,1292,-1257
107000167,462,215,247
107000168,791,425,366
107000169,939,915,24
107000170,1799,736,1063
107000171,542,2236,-1694
107000172,1133,1234,-101
107000173,821,1151,-330
107000174,924,4597,-3673
107000175,7493,1828,5665
107000176,1,0,1
107000177,4,1,3
107000178,12,51,-39
107000179,285,2716,-2431
107000180,1213,375,838
107000181,446,1435,-989
107000182,1371,965,406
107000183,163,918,-755
107000184,910,733,177
107000185,451,1442,-991
107000186,1130,388,742
107000187,1213,1374,-161
107000188,625,703,-78
107000189,429,1176,-747
107000190,640,884,-244
107000191,633,1199,-566
107000192,1734,982,752
107000193,512,556,-44
107000194,924,848,76
107000197,943,277,666
107000198,271,823,-552
107000199,541,1050,-509
107000200,919,821,98
107000201,373,210,163
107000202,284,554,-270
107000203,1140,558,582
107000204,2071,608,1463
107000205,2371,1041,1330
107000206,1043,1253,-210
107000207,845,1241,-396
107000208,1270,423,847
107000209,2054,1202,852
107000210,763,279,484
107000211,9,43,-34
107000212,58,492,-434
107000213,3,38,-35
107000214,8,215,-207
107000215,490,466,24
107000216,375,391,-16
107000217,168,161,7
107000219,113,109,4
107000220,179,230,-51
107000222,276,841,-565
107000224,310,80,230
107000225,139,483,-344
107000226,327,82,245
107000227,74,301,-227
107000228,61,199,-138
107000229,316,186,130
107000230,1212,645,567
107000231,1877,1172,705
107000232,117,59,58
107000233,1407,785,622
107000234,2,48,-46
107000235,64,4,60
107000236,29,540,-511
107000237,19,2,17
107000238,23,3,20
107000239,3967,597,3370
107000240,75,1039,-964
107000243,0,81,-81
107000244,4,87,-83
107000246,6,1240,-1234
107000249,2,1125,-1123
107000251,2,240,-238
107000252,3,1071,-1068
107000255,552,133,419
107000257,4,473,-469
107000258,0,117,-117
107000259,4,202,-198
107000260,586,2,584
107000262,5,584,-579
107000263,219,5,214
107000266,9,6,3
107000267,82,131,-49
107000268,150,157,-7
107000269,771,29,742
107000270,0,12,-12
107000271,14,868,-854
107000272,26,171,-145
107000273,2,189,-187
107000274,1821,178,1643
107000275,114,681,-567
107000280,660,28,632
107000281,45,1084,-1039
107000282,24,1021,-997
107000290,3,20,-17
107000291,53,13,40
107000292,1,37,-36
107000293,202,7,195
107000294,0,50,-50
107000295,29,1,28
107000296,0,19,-19
107000444,269,7,262
107000496,1,26,-25
107000497,1599,2883,-1284
107000500,362,365,-3
107000501,125,149,-24
107000502,286,365,-79
107000505,559,914,-355
107000506,0,28,-28
107000508,6,622,-616
107000509,253,995,-742
107000510,36,21,15
107000514,76,288,-212
107000515,14,194,-180
107000516,245,282,-37
107000518,1186,1192,-6
107000519,2772,1134,1638
107000520,91,32,59
107000521,606,499,107
107000522,689,719,-30
107900001,35,197,-162
107900002,48,2,46
107900003,529,21,508
107900004,53,1,52
107900005,1193,2,1191
107900006,172,4,168
107900007,402,28,374
107900008,76,43,33
107900009,215,6,209
107900010,22,2,20
107900012,293,19,274
107900013,272,56,216
107900014,20,0,20
107900015,946,16,930
107900016,382,121,261
107900017,32,3,29
107900018,62,137,-75
107900019,16,51,-35
107900020,112,13,99
107900021,35,154,-119
107900023,1,1,0
107900024,0,41,-41
107900025,208,268,-60
107900026,57,83,-26
107900027,26,55,-29
107900028,59,70,-11
107900030,137,21,116
107900031,70,157,-87
107900032,25,1,24
107900033,17,13,4
107900034,301,20,281
107900035,680,45,635
107900036,45,11,34
107900037,0,54,-54
107900038,135,224,-89
107900039,44,61,-17
107900040,88,112,-24
107900041,1,2,-1
107900043,45,156,-111
107900044,6,6,0
107900045,118,48,70
107900046,131,147,-16
107900047,29,80,-51
107900048,196,3,193
107900049,327,1465,-1138
107900050,117,374,-257
107900051,90,59,31
107900052,39,21,18
107900053,33,106,-73
107900055,537,213,324
107900056,87,30,57
107900057,1,0,1
107900058,46,672,-626
107900060,23,41,-18
107900061,11,9,2
107900063,94,124,-30
107900064,406,105,301
107900065,190,12,178
107900066,10,13,-3
107900067,1,1,0
107900068,268,231,37
107900069,41,1580,-1539
107900070,95,45,50
107900071,39,752,-713
107900072,85,162,-77
107900073,67,120,-53
107900074,861,254,607
107900076,105,54,51
107900077,33,0,33
107900078,221,22,199
107900079,5,13,-8
107900080,422,285,137
107900081,22,160,-138
107900082,19,8,11
107900083,302,160,142
107900084,108,142,-34
107900086,38,181,-143
107900087,661,105,556
107900088,9,14,-5
107900089,318,1108,-790
107900090,563,2369,-1806
107900091,231,408,-177
107900092,1779,422,1357
107900093,95,77,18
107900095,3385,1972,1413
107900097,10,83,-73
107900098,60,234,-174
107900100,980,1230,-250
107900101,1207,182,1025
107900102,19,8,11
107900103,57,166,-109
107900104,191,7,184
107900105,1,365,-364
107900106,3,1256,-1253
107900107,997,497,500
107900108,392,141,251
107900109,1040,14,1026
107900110,35,90,-55
107900111,2,921,-919
107900112,164,421,-257
107900113,187,150,37
107900114,133,140,-7
107900115,1,48,-47
107900116,132,153,-21
107900117,621,425,196
107900118,77,143,-66
107900119,97,245,-148
107900120,13,16,-3
107900121,1,168,-167
107900122,5,69,-64
107900123,4,37,-33
107900124,31,21,10
107900125,41,179,-138
107900126,4,67,-63
107900127,405,283,122
107900128,119,82,37
107900129,49,31,18
107900130,36,33,3
107900131,568,195,373
107900132,109,384,-275
107900133,1,73,-72
107900134,38,45,-7
107900135,7,171,-164
107900136,32,31,1
107900137,121,120,1
107900138,73,38,35
107900139,40,62,-22
107900141,48,34,14
107900142,62,962,-900
107900143,43,26,17
107900144,3,164,-161
107900145,7,66,-59
107900146,42,188,-146
107900147,44,30,14
107900148,203,173,30
107900149,1407,237,1170
107900150,87,785,-698
107900151,25,132,-107
107900152,6,232,-226
107900153,171,280,-109
107900154,57,19,38
107900155,77,26,51
107900156,5,315,-310
107900157,33,91,-58
107900158,713,21,692
107900159,33,1143,-1110
107900160,74,162,-88
107900161,20,137,-117
107900162,4,86,-82
107900163,183,33,150
107900164,9,56,-47
107900165,29,118,-89
107900166,11,241,-230
107900167,28,10,18
107900168,28,65,-37
107900169,1,143,-142
107900171,7,1578,-1571
107900172,0,337,-337
107900173,9,189,-180
107900174,69,4,65
107900175,24,7,17
107900176,18,50,-32
107900177,8,85,-77
107900178,0,248,-248
107900179,11,139,-128
107900180,705,516,189
107900181,354,351,3
107900182,6,1292,-1286
107900183,30,331,-301
107900184,82,242,-160
107900185,74,5,69
107900186,23,57,-34
107900187,0,106,-106
107900188,714,114,600
107900189,8,122,-114
107900190,80,101,-21
107900191,51,114,-63
107900193,7,49,-42
107900194,258,8,250
107900195,3382,515,2867
107900196,51,81,-30
107900197,1090,269,821
107900199,2,1007,-1005
107900201,93,122,-29
107900203,18,69,-51
107900204,226,195,31
107900205,204,429,-225
107900206,1104,165,939
107900207,3,675,-672
107900208,6,591,-585
107900209,373,106,267
107900210,96,127,-31
107900213,485,461,24
107900214,17,143,-126
107900215,138,281,-143
107900216,134,124,10
107900217,24,80,-56
107900218,10,1218,-1208
107900219,57,109,-52
107900220,224,242,-18
107900221,195,190,5
107900223,85,537,-452
107900224,127,325,-198
107900225,9,674,-665
107900226,78,155,-77
107900227,146,474,-328
107900228,18,82,-64
107900229,4,254,-250
107900230,19,99,-80
107900231,8,244,-236
107900232,37,154,-117
107900233,2,184,-182
107900234,96,182,-86
107900235,14,85,-71
107900236,120,105,15
107900237,75,387,-312
107900238,25,135,-110
107900239,1104,417,687
107900240,34,109,-75
107900241,11,95,-84
107900242,35,320,-285
107900243,2,62,-60
107900244,251,6,245
107900245,530,39,491
107900246,166,10,156
107900248,93,442,-349
107900249,528,18,510
107900250,0,586,-586
107900251,87,1391,-1304
107900252,923,27,896
107900253,127,8,119
107900254,57,412,-355
107900255,338,95,243
107900256,1595,447,1148
107900257,205,114,91
107900258,114,279,-165
107900259,81,1928,-1847
107900261,2,382,-380
107900262,54,121,-67
107900264,302,8,294
107900265,97,154,-57
107900267,227,25,202
107900268,30,10,20
107900269,0,8,-8
107900270,0,0,0
107900271,4,13,-9
107900272,135,22,113
107900273,31,101,-70
107900274,53,0,53
107900275,33,0,33
107900276,2,65,-63
107900277,0,211,-211
107900278,260,381,-121
107900279,132,127,5
107900280,1640,2231,-591
107900281,2346,2360,-14
107900282,71,410,-339
107900283,1508,558,950
107900284,565,729,-164
107900285,91,90,1
107900286,156,107,49
107900287,146,213,-67
107900290,0,117,-117
107900291,415,9,406
107900292,100,264,-164
107900293,73,516,-443
107900295,55,96,-41
107900297,2,302,-300
107900298,1024,835,189
107900299,3283,1978,1305
107900300,70,279,-209
107900301,699,540,159
107900302,115,48,67
107900303,148,335,-187
107900304,221,471,-250
107900305,366,7,359
107900306,22,11,11
107900307,54,217,-163
107900308,162,88,74
107900309,214,0,214
107900310,296,5,291
107900311,5,131,-126
107900312,101,3,98
107900313,0,91,-91
107900314,0,42,-42
107900315,13,47,-34
107900316,54,7,47
107900317,204,17,187
107900318,18,180,-162
107900319,1,196,-195
107900320,1,185,-184
107900321,113,4,109
107900322,1,132,-131
107900323,14,176,-162
107900324,218,0,218
107900325,97,1,96
107900326,301,338,-37
107900327,0,62,-62
107900328,290,1,289
107900329,185,70,115
107900330,8,429,-421
107900331,191,36,155
107900332,246,61,185
107900333,66,16,50
107900334,6,179,-173
107900335,48,66,-18
107900336,38,61,-23
107900337,1426,844,582
107900338,4,153,-149
107900339,0,29,-29
107900340,3,65,-62
107900341,74,0,74
107900342,167,97,70
107900343,138,0,138
107900344,10,63,-53
107900345,116,28,88
107900346,21,1,20
107900347,21,3,18
107900348,1,0,1
107900349,23,5,18
107900350,30,284,-254
107900351,2,194,-192
107900352,6,45,-39
107900353,17,7,10
107900354,20,38,-18
108000001,2538,4050,-1512
108000002,2462,3319,-857
108000003,3655,2922,733
108000004,16574,18901,-2327
108000005,7488,5351,2137
108000006,8807,8553,254
108000007,5093,4128,965
108000008,5560,7361,-1801
108000009,3493,4337,-844
108000010,3547,5522,-1975
108000011,10654,11552,-898
108000012,19328,19296,32
108000014,830,597,233
108000015,716,318,398
108000016,353,707,-354
108000017,1026,423,603
108000018,1664,628,1036
108000019,2181,857,1324
108000020,1372,582,790
108000021,499,1869,-1370
108000022,541,1577,-1036
108000023,1088,218,870
108000024,212,630,-418
108000025,353,290,63
108000026,482,573,-91
108000027,705,594,111
108000028,412,260,152
108000029,487,533,-46
108000030,1012,245,767
108000031,469,653,-184
108000032,1283,640,643
108000033,850,1360,-510
108000034,1542,506,1036
108000035,936,2735,-1799
108000036,395,1307,-912
108000037,1449,487,962
108000038,2426,587,1839
108000039,574,2509,-1935
108000040,1744,929,815
108000041,732,3012,-2280
108000042,250,258,-8
108000043,247,307,-60
108000044,409,243,166
108000045,301,699,-398
108000046,1308,354,954
108000047,509,1102,-593
108000048,186,484,-298
108000049,751,311,440
108000050,96,546,-450
108000051,267,144,123
108000052,258,768,-510
108000053,315,194,121
108000054,609,1047,-438
108000055,1160,512,648
108000056,1146,1198,-52
108000057,791,1059,-268
108000058,2006,3628,-1622
108000059,3854,2331,1523
108000060,213,398,-185
108000061,143,325,-182
108000062,623,558,65
108000063,415,632,-217
108000064,185,314,-129
108000065,640,573,67
108000066,1899,935,964
108000067,1639,622,1017
108000068,604,401,203
108000069,211,1110,-899
108000070,1655,647,1008
108000071,698,1842,-1144
108000072,1396,1158,238
108000073,1703,2244,-541
108000074,515,347,168
108000075,358,946,-588
108000076,575,545,30
108000077,735,722,13
108000078,1925,1612,313
108000079,1013,1927,-914
108000080,1015,521,494
108000081,656,2041,-1385
108000082,1053,2100,-1047
108000083,1792,999,793
108000084,396,1404,-1008
108000085,641,379,262
108000086,730,883,-153
108000087,118,1741,-1623
108000088,173,13,160
108000089,329,362,-33
108000090,425,190,235
108000091,286,603,-317
108000092,126,114,12
108000093,193,735,-542
108000094,528,121,407
108000095,156,506,-350
108000096,259,204,55
108000097,144,599,-455
108000098,1376,1555,-179
108000099,261,116,145
108000100,56,268,-212
108000101,1133,1423,-290
108000102,1486,2749,-1263
108000106,901,0,901
108000107,1,705,-704
108000108,681,42,639
108000109,13,833,-820
108000110,167,294,-127
108000111,178,862,-684
108000112,89,114,-25
108000113,547,321,226
108000115,454,378,76
108000117,941,373,568
108000118,114,221,-107
108000119,756,446,310
108000120,161,819,-658
108000121,232,576,-344
108000122,460,372,88
108000123,535,218,317
108000124,295,634,-339
108000125,345,307,38
108000126,156,446,-290
108000127,458,314,144
108000128,572,617,-45
108000129,282,1252,-970
108000130,305,260,45
108000131,725,469,256
108000132,2248,1744,504
108000133,792,628,164
108000134,585,706,-121
108000135,1027,489,538
108000136,569,1056,-487
108000137,338,437,-99
108000138,344,1034,-690
108000139,369,357,12
108000140,77,40,37
108000141,40,120,-80
108000142,62,128,-66
108000143,37,28,9
108000144,44,17,27
108000145,42,26,16
108000146,65,23,42
108000147,49,55,-6
108000148,61,11,50
108000149,32,20,12
108000150,32,6,26
108000151,26,16,10
108000152,141,550,-409
108000153,454,179,275
108000154,87,10,77
108000155,23,23,0
108000156,320,121,199
108000157,243,788,-545
108000158,89,697,-608
108000159,733,207,526
108000160,4437,1113,3324
108000161,3448,2301,1147
108000165,3,216,-213
108000172,3,301,-298
108000173,2544,1907,637
108000175,431,142,289
108000178,493,435,58
108000179,210,764,-554
108000181,63,54,9
108000182,153,12,141
108000183,26,21,5
108000184,1167,1923,-756
108000185,212,584,-372
108000186,164,57,107
108000187,119,717,-598
108000188,538,241,297
108000189,696,1309,-613
108000190,53,132,-79
108000192,212,573,-361
108000193,883,51,832
108000194,63,4,59
108000195,2,1390,-1388
108000196,200,187,13
108000198,509,324,185
108000199,1,200,-199
108000200,449,590,-141
108000203,133,806,-673
108000204,108,54,54
108000205,355,511,-156
108000339,1585,377,1208
108000364,137,346,-209
108000365,83,336,-253
108000367,144,375,-231
108000368,10,88,-78
108000369,1591,218,1373
108000371,1,589,-588
108000372,463,3,460
108000373,231,185,46
108000376,93,27,66
108000377,305,323,-18
108000378,9017,10385,-1368
108000379,20,233,-213
108000381,63,9,54
108000382,156,1,155
108000383,0,189,-189
108900001,120,1089,-969
108900002,190,68,122
108900003,343,922,-579
108900004,92,381,-289
108900005,70,377,-307
108900006,796,193,603
108900007,188,178,10
108900008,90,155,-65
108900009,53,116,-63
108900010,176,197,-21
108900011,415,460,-45
108900012,229,428,-199
108900013,101,235,-134
108900014,23,113,-90
108900015,0,41,-41
108900016,1,227,-226
108900017,254,308,-54
108900018,107,537,-430
108900019,86,996,-910
108900020,40,261,-221
108900021,106,221,-115
108900022,132,0,132
108900023,12,40,-28
108900024,34,151,-117
108900025,110,156,-46
108900026,19,78,-59
108900027,1,76,-75
108900028,75,423,-348
108900029,70,362,-292
108900030,1,123,-122
108900031,71,450,-379
108900032,20,267,-247
108900033,0,81,-81
108900034,0,227,-227
108900035,308,1585,-1277
108900036,163,273,-110
108900037,65,451,-386
108900038,0,382,-382
108900039,1,464,-463
108900040,9,126,-117
108900041,5618,3032,2586
108900042,18,303,-285
108900043,67,509,-442
108900044,5,585,-580
108900045,29,639,-610
108900046,38,843,-805
108900047,0,109,-109
108900048,123,1057,-934
108900049,4787,1177,3610
108900050,1,258,-257
108900051,2,221,-219
108900052,19,247,-228
108900053,82,199,-117
108900054,55,214,-159
108900055,69,456,-387
108900056,1,184,-183
108900057,4,144,-140
108900058,19,387,-368
108900059,402,28,374
108900060,110,216,-106
108900061,95,37,58
108900062,6,265,-259
108900063,8,372,-364
108900064,170,85,85
108900065,8,308,-300
108900066,277,136,141
108900067,18,214,-196
108900068,2,192,-190
108900069,45,150,-105
108900070,28,116,-88
108900071,74,66,8
108900072,2395,459,1936
108900073,34,386,-352
108900074,143,515,-372
108900075,68,46,22
108900076,258,79,179
108900077,174,586,-412
108900078,18,230,-212
108900079,988,255,733
108900080,27,892,-865
108900081,57,278,-221
108900082,55,98,-43
108900083,41,336,-295
108900084,429,146,283
108900085,2307,205,2102
108900086,81,291,-210
108900087,123,207,-84
108900088,1094,459,635
108900089,30,168,-138
108900090,22,392,-370
108900091,121,90,31
108900092,472,442,30
108900093,67,97,-30
108900094,169,88,81
108900095,59,506,-447
108900096,404,27,377
108900097,246,292,-46
108900098,2923,466,2457
108900099,343,273,70
108900100,85,182,-97
108900101,228,162,66
108900102,101,834,-733
108900103,91,137,-46
108900104,160,411,-251
108900105,3,1114,-1111
108900106,403,474,-71
108900108,742,49,693
108900109,473,67,406
108900110,181,455,-274
108900111,406,584,-178
108900112,237,28,209
108900113,38,47,-9
108900114,50,9,41
108900115,54,89,-35
108900116,91,12,79
108900117,156,33,123
108900118,620,15,605
108900119,222,37,185
108900120,235,224,11
108900121,312,88,224
108900122,119,44,75
108900123,110,105,5
108900124,472,149,323
108900125,345,6,339
108900126,95,27,68
108900127,149,29,120
108900128,98,28,70
108900129,652,160,492
108900130,287,1,286
108900131,409,8,401
108900132,449,92,357
108900133,234,59,175
108900134,288,291,-3
108900135,125,12,113
108900136,58,1,57
108900137,102,0,102
108900138,604,51,553
108900139,563,98,465
108900140,200,280,-80
108900141,250,19,231
108900142,58,4,54
108900143,37,0,37
108900144,62,0,62
108900145,127,10,117
108900146,67,2,65
108900147,193,0,193
108900148,89,40,49
108900149,488,419,69
108900150,209,3,206
108900151,93,4,89
108900152,98,14,84
108900153,113,483,-370
108900154,4555,467,4088
108900155,340,113,227
108900156,87,9,78
108900157,28,577,-549
108900158,316,50,266
108900159,4,305,-301
108900160,16,288,-272
108900161,4,486,-482
108900162,55,1,54
108900163,8,254,-246
108900164,56,81,-25
108900165,248,97,151
108900167,1946,5587,-3641
108900168,9271,2428,6843
108900169,71,118,-47
108900171,8298,2762,5536
108900172,166,37,129
108900173,219,427,-208
108900174,738,646,92
108900176,115,606,-491
108900177,7257,4058,3199
108900178,4846,2990,1856
108900179,568,1329,-761
108900180,84,342,-258
108900182,38,287,-249
108900183,166,259,-93
108900184,406,200,206
108900185,98,417,-319
108900186,45,436,-391
108900187,331,59,272
108900188,470,47,423
108900189,326,162,164
108900190,55,3347,-3292
108900191,195,32,163
108900192,101,249,-148
108900193,243,67,176
108900194,29,341,-312
108900195,116,334,-218
108900196,20,481,-461
108900198,1,469,-468
108900199,270,382,-112
108900200,987,317,670
108900201,490,1415,-925
108900203,433,65,368
108900204,274,9,265
108900205,175,26,149
108900206,481,35,446
108900207,163,88,75
108900208,22,343,-321
108900209,254,685,-431
108900210,207,235,-28
108900211,145,438,-293
108900212,792,1124,-332
108900215,149,528,-379
108900216,422,124,298
108900217,109,0,109
108900218,127,7,120
108900219,86,6,80
108900220,26,19,7
108900221,49,117,-68
108900222,158,11,147
108900223,4,105,-101
108900224,26,167,-141
108900225,0,154,-154
108900226,11,2,9
108900227,104,268,-164
108900230,311,298,13
108900231,35,235,-200
108900232,2,311,-309
108900233,305,86,219
108900234,285,108,177
108900235,197,639,-442
108900236,39,300,-261
108900237,69,277,-208
108900240,85,79,6
108900241,19,39,-20
108900245,9,1295,-1286
108900249,126,35,91
108900250,223,139,84
108900257,178,568,-390
108900258,9,240,-231
108900259,78,76,2
108900260,3,85,-82
108900261,133,152,-19
108900262,194,154,40
108900263,60,219,-159
108900264,541,249,292
108900265,930,273,657
108900266,1000,487,513
108900267,2,108,-106
108900268,7,7,0
108900269,80,6,74
108900270,59,6,53
108900271,26,18,8
108900272,232,12,220
108900273,1045,648,397
108900274,67,90,-23
109000001,3532,1469,2063
109000002,2268,1643,625
109000003,2670,579,2091
109000004,580,2895,-2315
109000005,2596,863,1733
109000006,871,2339,-1468
109000007,1580,786,794
109000008,682,2252,-1570
109000009,3426,1402,2024
109000010,1687,4572,-2885
109000011,3431,2142,1289
109000012,2169,4177,-2008
109000013,3256,2992,264
109000014,1804,3855,-2051
109000015,3409,6993,-3584
109000016,8958,4894,4064
109000017,2267,1360,907
109000018,1153,3665,-2512
109000019,3126,1492,1634
109000020,1446,2291,-845
109000023,236,30,206
109000024,3,199,-196
109000025,394,511,-117
109000026,874,373,501
109000027,123,344,-221
109000028,151,134,17
109000029,200,223,-23
109000030,96,733,-637
109000031,191,139,52
109000032,157,541,-384
109000033,414,144,270
109000034,65,53,12
109000035,32,75,-43
109000036,89,349,-260
109000037,225,1107,-882
109000038,631,431,200
109000039,843,522,321
109000040,4936,6844,-1908
109000041,4807,1649,3158
109000042,848,1178,-330
109000044,387,55,332
109000045,128,353,-225
109000046,397,81,316
109000047,143,456,-313
109000048,1028,197,831
109000049,364,604,-240
109000050,359,300,59
109000051,395,288,107
109000052,552,1287,-735
109000053,173,62,111
109000054,152,676,-524
109000055,297,229,68
109000056,366,559,-193
109000057,530,349,181
109000058,1031,278,753
109000059,836,1097,-261
109000060,500,260,240
109000061,1246,988,258
109000062,164,323,-159
109000063,247,200,47
109000064,199,175,24
109000065,150,306,-156
109000066,391,111,280
109000067,49,346,-297
109000068,1496,5,1491
109000069,910,25,885
109000070,5,1095,-1090
109000071,435,100,335
109000072,106,409,-303
109000073,68,141,-73
109000074,30,273,-243
109000075,117,391,-274
109000076,133,228,-95
109000077,414,323,91
109000078,83,191,-108
109000079,134,221,-87
109000080,150,163,-13
109000081,102,551,-449
109000082,530,273,257
109000083,286,846,-560
109000088,173,562,-389
109000089,218,63,155
109000090,219,450,-231
109000091,272,209,63
109000092,368,644,-276
109000093,223,224,-1
109000094,377,3,374
109000095,116,557,-441
109000096,524,235,289
109000097,91,195,-104
109000098,79,119,-40
109000099,901,457,444
109000100,224,666,-442
109000101,1319,937,382
109000102,351,856,-505
109000103,355,677,-322
109000104,1406,706,700
109000105,554,1400,-846
109000106,2049,880,1169
109000107,672,2302,-1630
109000108,1646,656,990
109000109,466,2162,-1696
109000110,1304,651,653
109000111,1123,2421,-1298
109000112,433,175,258
109000113,566,276,290
109000114,191,490,-299
109000115,1361,57,1304
109000116,5,289,-284
109000117,183,89,94
109000118,12,313,-301
109000119,1055,293,762
109000120,156,1080,-924
109000121,423,59,364
109000122,117,1045,-928
109000123,40,89,-49
109000124,564,454,110
109000125,828,395,433
109000126,431,1063,-632
109000127,849,271,578
109000128,639,2043,-1404
109000129,1988,807,1181
109000130,673,2682,-2009
109000131,813,497,316
109000132,773,2211,-1438
109000133,440,1265,-825
109000134,1010,1784,-774
109000135,1460,1513,-53
109000136,368,381,-13
109000137,248,343,-95
109000138,533,416,117
109000139,464,463,1
109000140,217,466,-249
109000141,405,523,-118
109000142,123,587,-464
109000143,116,94,22
109000145,108,219,-111
109000146,54,134,-80
109000148,4280,1858,2422
109000149,34,54,-20
109000150,122,190,-68
109000155,630,710,-80
109000156,1323,741,582
109000158,139,312,-173
109000159,149,585,-436
109000160,1216,248,968
109000161,410,1378,-968
109000162,1955,784,1171
109000163,1060,1964,-904
109000164,1270,2985,-1715
109000165,1150,580,570
109000166,712,139,573
109000167,125,775,-650
109000170,53,67,-14
109000171,53,42,11
109000172,43,88,-45
109000173,40,74,-34
109000174,114,50,64
109000175,50,127,-77
109000176,255,247,8
109000177,37,130,-93
109000178,637,473,164
109000179,6380,4635,1745
109000180,6439,3697,2742
109000181,20,42,-22
109000182,38,38,0
109000183,49,40,9
109000184,41,14,27
109000185,25,68,-43
109000188,573,2574,-2001
109000189,2542,1120,1422
109000190,500,579,-79
109000191,320,543,-223
109000192,411,282,129
109000193,231,408,-177
109000194,243,131,112
109000195,164,483,-319
109000196,254,116,138
109000197,170,482,-312
109000198,300,68,232
109000199,94,568,-474
109000206,218,26,192
109000207,116,49,67
109000208,107,88,19
109000209,126,151,-25
109000210,238,609,-371
109000211,633,559,74
109000214,343,466,-123
109000215,230,98,132
109000216,376,206,170
109000217,189,155,34
109000218,253,241,12
109000221,547,1243,-696
109000222,840,223,617
109000223,298,302,-4
109000224,35,200,-165
109000225,76,33,43
109000226,64,258,-194
109000227,983,1202,-219
109000228,0,370,-370
109000231,6,372,-366
109000232,333,437,-104
109000236,292,862,-570
109000241,2149,2299,-150
109000242,1651,1595,56
109000293,22,64,-42
109000361,88,268,-180
109000364,188,563,-375
109000396,3,645,-642
109000397,507,8,499
109000399,124,561,-437
109000400,106,294,-188
109000403,78,646,-568
109000406,450,9,441
109000407,304,250,54
109000408,2,732,-730
109000410,1068,316,752
109000411,216,39,177
109900001,96,1,95
109900002,849,11,838
109900003,220,1,219
109900004,877,215,662
109900005,28,10,18
109900006,337,231,106
109900007,622,713,-91
109900008,0,46,-46
109900009,164,696,-532
109900010,475,24,451
109900011,133,36,97
109900012,266,215,51
109900013,397,176,221
109900014,370,70,300
109900015,477,214,263
109900016,144,27,117
109900017,204,192,12
109900018,214,95,119
109900019,160,98,62
109900020,23,57,-34
109900021,28,11,17
109900022,100,287,-187
109900023,18,3,15
109900024,27,1,26
109900025,5,82,-77
109900026,4,188,-184
109900027,78,45,33
109900028,2021,860,1161
109900029,3,416,-413
109900030,38,3,35
109900031,0,86,-86
109900032,18,334,-316
109900033,0,508,-508
109900034,25,2,23
109900035,6,18,-12
109900036,24,92,-68
109900037,19,583,-564
109900038,41,214,-173
109900039,7,0,7
109900040,22,660,-638
109900041,82,376,-294
109900042,22,388,-366
109900044,105,222,-117
109900045,90,52,38
109900046,19,81,-62
109900047,301,347,-46
109900048,3,99,-96
109900049,17,24,-7
109900050,2,302,-300
109900051,2,56,-54
109900052,109,327,-218
109900053,9,467,-458
109900054,518,218,300
109900055,49,311,-262
109900056,20,141,-121
109900057,18,224,-206
109900058,0,129,-129
109900059,571,124,447
109900060,513,118,395
109900061,81,302,-221
109900062,0,277,-277
109900063,3,409,-406
109900064,571,246,325
109900065,105,144,-39
109900066,403,1039,-636
109900067,2,384,-382
109900068,60,4,56
109900069,1,29,-28
109900070,46,321,-275
109900071,4,31,-27
109900072,26,144,-118
109900073,357,659,-302
109900074,7,39,-32
109900075,33,48,-15
109900076,13,188,-175
109900077,21,47,-26
109900078,127,239,-112
109900080,133,315,-182
109900081,37,171,-134
109900082,45,391,-346
109900083,13,80,-67
109900084,62,195,-133
109900085,251,887,-636
109900086,109,366,-257
109900087,345,483,-138
109900089,550,210,340
109900090,524,1176,-652
109900091,277,99,178
109900092,664,11,653
109900093,702,157,545
109900094,87,105,-18
109900095,104,229,-125
109900096,26,5,21
109900097,85,4,81
109900098,473,27,446
109900099,134,3,131
109900100,86,0,86
109900101,388,13,375
109900102,419,24,395
109900103,27,58,-31
109900104,500,1023,-523
109900105,498,27,471
109900106,381,63,318
109900107,398,101,297
109900108,116,403,-287
109900109,29,132,-103
109900110,94,413,-319
109900111,369,1110,-741
109900112,402,835,-433
109900113,653,406,247
109900114,1499,472,1027
109900115,149,88,61
109900117,839,102,737
109900118,246,407,-161
109900119,639,304,335
109900120,52,26,26
109900121,352,333,19
109900122,296,8,288
109900123,14,158,-144
109900124,53,662,-609
109900125,0,184,-184
109900126,182,151,31
109900128,176,37,139
109900130,9244,2642,6602
109900131,64,173,-109
109900132,42,156,-114
109900133,97,324,-227
109900134,81,88,-7
109900135,405,74,331
109900136,54,155,-101
109900137,92,359,-267
109900140,173,274,-101
109900142,1277,327,950
109900145,3,305,-302
109900146,530,33,497
109900148,43,84,-41
109900149,46,65,-19
109900150,13,76,-63
109900151,4,59,-55
109900152,0,17,-17
109900153,0,54,-54
109900154,54,0,54
109900155,45,17,28
109900157,85,293,-208
109900158,64,141,-77
109900159,167,29,138
109900160,151,55,96
109900161,200,65,135
109900162,184,111,73
109900163,736,352,384
109900164,41,242,-201
109900165,193,23,170
109900166,5,159,-154
109900167,149,582,-433
109900168,189,624,-435
109900169,202,216,-14
109900170,334,902,-568
109900171,169,85,84
109900172,208,284,-76
109900173,3827,2250,1577
109900174,70,138,-68
109900175,55,76,-21
109900176,77,180,-103
109900177,31,260,-229
109900178,7,96,-89
109900179,38,24,14
109900180,10,13,-3
110000001,1046,657,389
110000002,610,713,-103
110000003,1053,827,226
110000004,668,626,42
110000005,608,1821,-1213
110000006,414,408,6
110000007,111,163,-52
110000008,14,50,-36
110000009,65,49,16
110000010,26,69,-43
110000011,111,119,-8
110000012,777,488,289
110000013,65,628,-563
110000014,564,418,146
110000015,279,581,-302
110000016,319,1599,-1280
110000017,2723,297,2426
110000018,2954,423,2531
110000019,9,119,-110
110000020,384,208,176
110000021,575,620,-45
110000022,1106,227,879
110000023,4,134,-130
110000024,992,479,513
110000025,262,8,254
110000026,9,321,-312
110000027,1542,447,1095
110000028,1005,798,207
110000029,633,924,-291
110000030,243,371,-128
110000031,310,626,-316
110000032,832,489,343
110000033,495,67,428
110000034,440,803,-363
110000035,927,684,243
110000036,1238,819,419
110000037,283,545,-262
110000038,294,868,-574
110000039,728,2761,-2033
110000040,408,358,50
110000041,353,1235,-882
110000042,102,246,-144
110000043,913,266,647
110000044,148,86,62
110000045,929,95,834
110000046,13,4,9
110000047,98,11,87
110000048,14,12,2
110000049,104,9,95
110000050,8,30,-22
110000051,90,12,78
110000052,47,37,10
110000053,394,18,376
110000054,188,185,3
110000055,624,32,592
110000056,214,46,168
110000057,468,799,-331
110000058,1355,592,763
110000059,927,519,408
110000060,656,1263,-607
110000061,1022,918,104
110000062,716,1055,-339
110000063,49,113,-64
110000064,137,117,20
110000065,63,86,-23
110000066,84,33,51
110000067,105,285,-180
110000068,393,283,110
110000069,200,100,100
110000071,121,143,-22
110000073,6,27,-21
110000075,3,112,-109
110000076,320,472,-152
110000077,461,1365,-904
110000078,31,63,-32
110000080,354,773,-419
110000081,49,376,-327
110000082,72,430,-358
110000083,259,709,-450
110000084,1031,864,167
110000085,2301,1745,556
110000086,1471,2248,-777
110000087,6,76,-70
110000088,71,306,-235
110000089,261,133,128
110000090,117,294,-177
110000091,1489,379,1110
110000092,17,91,-74
110000093,60,9,51
110000094,533,298,235
110000095,163,724,-561
110000096,2528,1914,614
110000097,1190,1302,-112
110000098,2118,761,1357
110000099,868,1763,-895
110000100,761,586,175
110000101,26,479,-453
110000102,42,26,16
110000104,303,116,187
110000105,96,251,-155
110000106,704,316,388
110000107,310,432,-122
110000108,163,42,121
110000109,297,323,-26
110000110,3749,5225,-1476
110000111,7359,3085,4274
110000112,1361,1145,216
110000113,614,2317,-1703
110000114,200,593,-393
110000115,289,291,-2
110000116,32,53,-21
110000117,191,387,-196
110000118,387,181,206
110000119,180,319,-139
110000120,368,201,167
110000121,91,344,-253
110000122,395,763,-368
110000123,555,766,-211
110000124,4,903,-899
110000125,857,8,849
110000126,307,24,283
110000127,1164,50,1114
110000128,28,1452,-1424
110000129,1,485,-484
110000130,343,209,134
110000131,79,340,-261
110000132,2,693,-691
110000133,42,438,-396
110000134,28,348,-320
110000135,181,37,144
110000136,65,332,-267
110000137,710,724,-14
110000138,739,768,-29
110000139,822,1532,-710
110000140,1250,705,545
110000143,763,484,279
110000144,5722,1564,4158
110000145,2057,800,1257
110000146,2196,921,1275
110000147,395,774,-379
110000148,413,347,66
110000151,1052,766,286
110000152,895,419,476
110000153,135,45,90
110000154,76,29,47
110000155,2385,4031,-1646
110000156,1200,2268,-1068
110000157,1979,1979,0
110000160,380,345,35
110000161,146,328,-182
110000166,450,148,302
110000167,890,620,270
110000168,831,509,322
110000169,748,406,342
110000170,115,103,12
110000171,670,186,484
110000172,158,934,-776
110000173,1152,1345,-193
110000174,199,1146,-947
110000175,518,85,433
110000176,54,283,-229
110000177,127,947,-820
110000178,550,1153,-603
110000179,1426,385,1041
110000180,185,345,-160
110000181,396,481,-85
110000182,388,256,132
110000183,11050,6568,4482
110000184,718,2150,-1432
110000185,1203,742,461
110000186,839,940,-101
110000191,722,409,313
110000192,489,8,481
110000193,838,14,824
110000194,14,1233,-1219
110000195,445,444,1
110000196,289,373,-84
110000197,82,230,-148
110000198,151,101,50
110000199,73,84,-11
110000200,1405,542,863
110000201,862,960,-98
110000202,1403,597,806
110000203,804,880,-76
110000204,5,270,-265
110000205,144,55,89
110000206,643,1476,-833
110000207,741,369,372
110000208,158,177,-19
110000209,122,883,-761
110000210,814,581,233
110000211,674,780,-106
110000212,326,961,-635
110000213,294,55,239
110000214,199,95,104
110000215,191,497,-306
110000216,95,399,-304
110000217,252,153,99
110000218,117,393,-276
110000219,280,81,199
110000220,75,320,-245
110000221,268,82,186
110000222,109,237,-128
110000223,8,94,-86
110000224,46,10,36
110000225,191,606,-415
110000226,182,60,122
110000227,579,658,-79
110000228,355,245,110
110000229,0,250,-250
110000230,502,720,-218
110000231,157,207,-50
110000232,203,228,-25
110000233,187,279,-92
110000234,698,522,176
110000235,1179,1166,13
110000236,533,868,-335
110000237,1841,1258,583
110000238,1143,1388,-245
110000239,1896,1316,580
110000240,0,77,-77
110000242,0,17,-17
110000243,143,131,12
110000244,93,354,-261
110000245,38,426,-388
110000246,820,586,234
110000247,1702,6079,-4377
110000248,2938,1883,1055
110000249,100,24,76
110000250,32,282,-250
110000251,297,783,-486
110000252,263,212,51
110000253,1624,745,879
110000254,859,1612,-753
110000255,272,1081,-809
110000256,540,345,195
110000257,740,467,273
110000258,9,464,-455
110000259,137,31,106
110000260,21,341,-320
110000263,666,147,519
110000264,271,585,-314
110000265,1065,1667,-602
110000266,1850,2512,-662
110000267,26,258,-232
110000268,310,467,-157
110000269,3,86,-83
110000270,54,2,52
110000271,1918,321,1597
110000272,1166,975,191
110000273,3696,1456,2240
110000274,236,1391,-1155
110000275,2468,542,1926
110000276,215,301,-86
110000277,230,362,-132
110000278,320,789,-469
110000279,672,754,-82
110000280,402,449,-47
110000281,23,239,-216
110000282,291,53,238
110000283,31,95,-64
110000284,43,48,-5
110000285,2,410,-408
110000286,36,0,36
110000287,50,0,50
110000288,7,104,-97
110000289,472,1554,-1082
110000290,1068,615,453
110000291,5983,1424,4559
110000292,1386,4356,-2970
110000293,600,762,-162
110000294,784,1086,-302
110000295,121,1005,-884
110000296,346,347,-1
110000297,3160,369,2791
110000298,377,668,-291
110000299,675,75,600
110000301,200,24,176
110000302,340,1083,-743
110000303,415,7,408
110000304,157,279,-122
110000305,1229,45,1184
110000306,155,1479,-1324
110000307,1445,2,1443
110000308,527,6,521
110000309,19,924,-905
110000310,710,83,627
110000311,31,774,-743
110000312,637,81,556
110000313,3471,4264,-793
110000314,6,379,-373
110000315,3634,2200,1434
110000316,560,1385,-825
110000317,603,267,336
110000318,3,109,-106
110000319,14,28,-14
110000320,75,40,35
110000321,19,55,-36
110000322,360,422,-62
110000323,423,226,197
110000324,4164,1430,2734
110000325,2743,2800,-57
110000327,670,436,234
110000328,200,458,-258
110000333,980,695,285
110000334,904,1337,-433
110000335,838,626,212
110000336,657,1157,-500
110000337,1204,654,550
110000338,419,230,189
110000339,296,237,59
110000340,68,192,-124
110000341,436,480,-44
110000342,510,2,508
110000343,4,16,-12
110000344,92,131,-39
110000345,97,84,13
110000346,2321,1746,575
110000347,1155,805,350
110000348,40,26,14
110000349,14,23,-9
110000350,66,14,52
110000351,861,805,56
110000352,712,1620,-908
110000353,2787,742,2045
110000354,1352,2916,-1564
110000355,102,106,-4
110000356,701,3,698
110000357,347,24,323
110000361,15,80,-65
110000362,38,131,-93
110000363,247,118,129
110000364,202,379,-177
110000365,186,4,182
110000366,9,113,-104
110000367,319,211,108
110000368,10,71,-61
110000369,46,4,42
110000373,2,322,-320
110000374,161,13,148
110000375,92,1045,-953
110000376,31,129,-98
110000377,64,565,-501
110000378,28,390,-362
110000379,3375,1585,1790
110000380,56,7,49
110000383,1,761,-760
110000384,2040,633,1407
110000385,2,157,-155
110000387,73,12,61
110000388,31,300,-269
110000389,714,9,705
110000391,535,324,211
110000396,156,133,23
110000397,127,168,-41
110000398,8,30,-22
110000399,211,0,211
110000587,143,40,103
110000589,221,161,60
110000640,228,99,129
110000652,79,116,-37
110000653,326,464,-138
110000654,62,63,-1
110000656,4,671,-667
110000674,56,8,48
110000675,7,12,-5
110000676,4,35,-31
110000679,396,1248,-852
110000682,90,190,-100
110000683,377,684,-307
110000684,4,62,-58
110000685,19,16,3
110000686,5,51,-46
110000687,58,6,52
110000688,64,792,-728
110000689,40,75,-35
110000692,116,181,-65
110000693,153,267,-114
110000694,2,183,-181
110000695,294,659,-365
110000696,89,141,-52
110900001,296,17,279
110900002,325,253,72
110900003,796,781,15
110900004,374,230,144
110900005,3567,1997,1570
110900006,48,12,36
110900007,121,32,89
110900008,7,57,-50
110900009,451,100,351
110900010,7,108,-101
110900011,24,110,-86
110900012,7,92,-85
110900013,892,188,704
110900014,225,16,209
110900015,729,627,102
110900016,52,174,-122
110900017,352,55,297
110900018,423,72,351
110900019,145,32,113
110900020,89,412,-323
110900021,86,628,-542
110900022,103,368,-265
110900023,109,467,-358
110900024,25,505,-480
110900025,0,52,-52
110900027,44,197,-153
110900028,21,150,-129
110900029,38,434,-396
110900030,55,284,-229
110900031,3,188,-185
110900032,0,114,-114
110900033,43,246,-203
110900035,21,544,-523
110900036,60,26,34
110900037,76,19,57
110900038,1209,270,939
110900039,13,319,-306
110900040,187,64,123
110900041,2,118,-116
110900042,140,62,78
110900043,2,127,-125
110900044,321,22,299
110900045,54,540,-486
110900046,50,304,-254
110900047,680,203,477
110900049,71,79,-8
110900050,20,2,18
110900051,26,216,-190
110900052,5,210,-205
110900053,81,50,31
110900054,24,293,-269
110900055,35,2,33
110900056,56,114,-58
110900057,3,197,-194
110900058,210,234,-24
110900059,614,672,-58
110900060,485,108,377
110900061,14,40,-26
110900062,117,274,-157
110900063,30,148,-118
110900064,17,0,17
110900065,452,153,299
110900066,9,85,-76
110900067,473,791,-318
110900068,296,253,43
110900069,3,29,-26
110900070,193,76,117
110900071,306,491,-185
110900073,0,31,-31
110900074,297,108,189
110900075,412,79,333
110900077,744,616,128
110900078,30,107,-77
110900079,2156,1193,963
110900080,144,72,72
110900081,16,70,-54
110900082,139,175,-36
110900083,87,51,36
110900084,66,141,-75
110900085,49,392,-343
110900086,69,255,-186
110900087,323,99,224
110900088,18,0,18
110900090,46,47,-1
110900091,2,68,-66
110900093,283,94,189
110900095,74,61,13
110900097,13,18,-5
110900098,46,104,-58
110900099,39,526,-487
110900100,0,35,-35
110900102,99,27,72
110900105,578,366,212
110900108,18,76,-58
110900111,396,122,274
110900112,800,6,794
110900113,565,58,507
110900115,10,78,-68
110900116,622,2231,-1609
110900118,137,2596,-2459
110900119,4521,415,4106
110900120,10,92,-82
110900121,106,0,106
110900122,394,171,223
110900125,299,380,-81
110900127,551,1283,-732
110900128,291,220,71
110900129,430,798,-368
110900130,1327,615,712
110900131,219,42,177
110900132,248,43,205
110900133,66,227,-161
110900135,95,363,-268
110900136,280,11,269
110900137,109,1,108
110900138,803,204,599
110900139,19,50,-31
110900140,83,5,78
110900141,37,97,-60
110900142,80,208,-128
110900143,145,77,68
110900144,0,795,-795
110900145,184,43,141
110900146,400,158,242
110900147,119,328,-209
110900148,0,306,-306
110900149,1,108,-107
110900150,57,27,30
110900151,5,87,-82
110900152,30,312,-282
110900153,130,42,88
111000001,884,522,362
111000002,767,742,25
111000003,1281,994,287
111000004,735,1162,-427
111000005,1218,1495,-277
111000006,1081,1526,-445
111000007,4267,3784,483
111000008,3323,4129,-806
111000009,423,938,-515
111000010,748,253,495
111000011,461,1017,-556
111000012,693,416,277
111000013,363,1052,-689
111000014,1370,691,679
111000017,167,946,-779
111000018,280,442,-162
111000020,1551,2872,-1321
111000021,71,150,-79
111000023,118,140,-22
111000025,5669,3276,2393
111000029,70,96,-26
111000030,39,100,-61
111000031,1961,1188,773
111000032,542,316,226
111000033,332,280,52
111000034,420,264,156
111000037,2545,1303,1242
111000038,4127,2799,1328
111000039,2042,2627,-585
111000040,1977,2768,-791
111000041,1822,1934,-112
111000042,4669,2887,1782
111000043,1800,3007,-1207
111000044,1431,1006,425
111000045,1943,2034,-91
111000046,1473,1506,-33
111000047,2053,3626,-1573
111000049,552,514,38
111000050,2250,1794,456
111000051,565,1311,-746
111000052,679,1965,-1286
111000053,471,1109,-638
111000054,401,1096,-695
111000055,1329,2119,-790
111000056,110,676,-566
111000057,99,722,-623
111000058,358,87,271
111000059,401,289,112
111000060,3452,995,2457
111000061,560,359,201
111000062,688,302,386
111000063,1828,1011,817
111000064,552,688,-136
111000065,1077,964,113
111000066,516,406,110
111000067,527,749,-222
111000068,549,1010,-461
111000069,1807,2249,-442
111000070,1940,1272,668
111000071,290,840,-550
111000072,960,545,415
111000073,268,867,-599
111000074,1597,1674,-77
111000075,951,735,216
111000076,529,744,-215
111000077,1760,1843,-83
111000078,2742,1601,1141
111000079,1343,810,533
111000080,553,816,-263
111000081,1874,4419,-2545
111000082,750,744,6
111000084,823,600,223
111000085,1248,1831,-583
111000086,3272,1600,1672
111000087,826,861,-35
111000088,6368,2532,3836
111000089,782,944,-162
111000090,1018,1517,-499
111000091,830,720,110
111000092,1236,1109,127
111000093,654,1054,-400
111000094,1868,1164,704
111000095,748,2324,-1576
111000096,2162,7788,-5626
111000097,5385,1474,3911
111000098,757,1431,-674
111000099,588,2238,-1650
111000100,378,1842,-1464
111000101,437,888,-451
111000102,227,698,-471
111000104,523,204,319
111000107,103,717,-614
111000109,471,286,185
111000110,1561,714,847
111000111,1892,446,1446
111000112,1533,482,1051
111000113,956,1200,-244
111000114,2256,3253,-997
111000115,6805,1239,5566
111000116,931,1042,-111
111000117,523,1081,-558
111000118,1569,1058,511
111000119,1019,1344,-325
111000120,535,697,-162
111000121,332,694,-362
111000122,687,1133,-446
111000123,1133,3148,-2015
111000124,631,3423,-2792
111000125,274,1820,-1546
111000126,134,946,-812
111000127,824,154,670
111000128,1419,398,1021
111000129,2816,452,2364
111000130,1845,756,1089
111000131,1409,686,723
111000132,1115,673,442
111000133,191,173,18
111000134,149,130,19
111000135,28,154,-126
111000136,312,379,-67
111000138,15,9,6
111000140,4,3,1
111000141,334,362,-28
111000142,21,138,-117
111000143,3,95,-92
111000144,18,153,-135
111000145,1166,11,1155
111000146,106,8,98
111000147,241,36,205
111000148,323,73,250
111000149,41,29,12
111000150,118,9,109
111000151,8,24,-16
111000153,608,757,-149
111000154,828,218,610
111000155,102,220,-118
111000156,371,518,-147
111000157,211,823,-612
111000158,942,682,260
111000159,2739,722,2017
111000160,282,341,-59
111000161,14,287,-273
111000162,54,177,-123
111000163,643,984,-341
111000164,835,4136,-3301
111000165,1266,602,664
111000166,2062,439,1623
111000167,203,582,-379
111000168,245,425,-180
111000169,296,636,-340
111000170,491,481,10
111000171,484,848,-364
111000172,142,524,-382
111000173,455,1084,-629
111000174,209,503,-294
111000175,81,341,-260
111000176,319,166,153
111000177,268,290,-22
111000178,1284,267,1017
111000179,176,168,8
111000180,247,399,-152
111000181,862,315,547
111000182,166,280,-114
111000183,263,436,-173
111000184,516,348,168
111000185,362,524,-162
111000186,273,316,-43
111000187,142,295,-153
111000188,171,477,-306
111000189,1358,625,733
111000190,192,501,-309
111000191,166,455,-289
111000192,223,612,-389
111000193,329,351,-22
111000194,34,386,-352
111000195,147,379,-232
111000196,60,322,-262
111000197,368,165,203
111000198,423,100,323
111000199,124,136,-12
111000200,283,375,-92
111000201,466,260,206
111000202,219,252,-33
111000203,249,202,47
111000204,395,821,-426
111000213,200,407,-207
111000214,1648,1807,-159
111000215,1083,1588,-505
111000217,1379,1195,184
111000218,1335,1163,172
111000219,523,220,303
111000220,2226,719,1507
111000221,870,94,776
111000224,87,411,-324
111000225,312,177,135
111000226,196,2,194
111000227,43,9,34
111000228,18,334,-316
111000229,37,736,-699
111000230,284,524,-240
111000231,952,1013,-61
111000232,411,970,-559
111000233,688,858,-170
111000234,89,352,-263
111000239,146,167,-21
111000240,37,180,-143
111000241,35,345,-310
111000242,136,94,42
111000243,109,653,-544
111000244,381,108,273
111000245,942,493,449
111000246,455,459,-4
111000247,281,878,-597
111000248,598,509,89
111000249,536,864,-328
111000250,40,98,-58
111000251,54,116,-62
111000253,8,10,-2
111000255,13,6,7
111000257,27,17,10
111000260,99,1182,-1083
111000261,1084,83,1001
111000271,55,314,-259
111000273,6035,1620,4415
111000274,1207,2333,-1126
111000275,134,65,69
111000276,285,2185,-1900
111000277,266,438,-172
111000278,618,272,346
111000291,637,5119,-4482
111000298,640,280,360
111000299,665,130,535
111000300,98,612,-514
111000302,276,91,185
111000303,79,230,-151
111000312,47,79,-32
111000315,33,284,-251
111000320,348,701,-353
111000321,331,136,195
111000322,325,471,-146
111000323,208,35,173
111000324,331,315,16
111000325,52,95,-43
111000326,216,384,-168
111000327,346,602,-256
111000328,221,568,-347
111000329,0,26,-26
111000330,32,30,2
111000331,20,3,17
111000332,483,1515,-1032
111000334,382,1547,-1165
111000335,768,269,499
111000337,1106,380,726
111000338,82,123,-41
111000339,494,508,-14
111000340,126,740,-614
111000341,1156,619,537
111000342,248,492,-244
111000344,856,883,-27
111000345,272,90,182
111000346,23,127,-104
111000347,150,6,144
111000350,169,134,35
111000351,105,236,-131
111000352,97,104,-7
111000353,109,242,-133
111000354,477,146,331
111000355,350,577,-227
111000358,129,1564,-1435
111000360,187,796,-609
111000361,84,356,-272
111000546,626,711,-85
111000547,294,568,-274
111000548,98,283,-185
111000549,250,366,-116
111000550,92,753,-661
111000551,698,196,502
111000552,1876,118,1758
111000907,770,18,752
111000908,28,0,28
111000916,1568,342,1226
111000917,40,491,-451
111000918,212,972,-760
111000920,446,20,426
111000921,9,345,-336
111000922,425,317,108
111000924,25,910,-885
111000925,1786,2182,-396
111000926,876,2464,-1588
111000927,2488,5058,-2570
111000928,4892,4314,578
111000929,1000,1067,-67
111000930,808,2710,-1902
111000931,1801,2420,-619
111000932,4346,2761,1585
111000933,3320,1977,1343
111000934,2422,3431,-1009
111000935,1276,987,289
111000936,1267,2396,-1129
111000937,892,1262,-370
111000938,1835,2122,-287
111000939,402,87,315
111000940,396,198,198
111000941,231,605,-374
111000943,345,231,114
111000944,132,433,-301
111000945,76,1961,-1885
111001109,451,263,188
111001110,282,668,-386
111001111,58,2,56
111001112,257,3,254
111001113,1,293,-292
111001114,1405,185,1220
111001115,131,421,-290
111001116,5291,3532,1759
111001117,611,2173,-1562
111001120,115,326,-211
111001121,172,316,-144
111001122,209,629,-420
111001123,265,141,124
111001124,96,271,-175
111001125,2,60,-58
111900001,22,154,-132
111900002,13,737,-724
111900003,2,392,-390
111900004,59,166,-107
111900006,12,49,-37
111900007,75,8,67
111900008,139,3,136
111900009,124,185,-61
111900010,389,667,-278
111900012,92,173,-81
111900013,32,80,-48
111900014,6572,2981,3591
111900015,1,62,-61
111900016,0,150,-150
111900017,1,149,-148
111900018,172,4,168
111900019,2,85,-83
111900020,2,68,-66
111900021,43,148,-105
111900022,5,112,-107
111900023,129,117,12
111900024,3,73,-70
111900025,0,58,-58
111900026,0,81,-81
111900027,3,175,-172
111900028,2,414,-412
111900029,4,104,-100
111900030,53,382,-329
111900031,2,23,-21
111900032,3,380,-377
111900033,11,109,-98
111900034,418,633,-215
111900035,30,228,-198
111900036,1,319,-318
111900038,362,736,-374
111900039,47,426,-379
111900040,3,652,-649
111900042,35,124,-89
111900043,2,412,-410
111900044,293,264,29
111900046,44,182,-138
111900048,92,566,-474
111900049,37,316,-279
111900050,103,21,82
111900051,1,158,-157
111900052,501,731,-230
111900053,1052,813,239
111900054,95,2,93
111900055,20,328,-308
111900056,181,194,-13
111900057,54,43,11
111900058,295,711,-416
111900059,2151,351,1800
111900060,216,1,215
111900061,11,159,-148
111900062,13,84,-71
111900063,273,237,36
111900064,107,126,-19
111900065,46,22,24
111900066,111,170,-59
111900067,2,311,-309
111900068,60,29,31
111900069,77,28,49
111900070,120,144,-24
111900071,3,218,-215
111900072,27,6,21
111900073,714,128,586
111900074,11,153,-142
111900075,60,3,57
111900076,118,44,74
111900077,19,2,17
111900078,211,17,194
111900079,35,17,18
111900080,246,211,35
111900082,92,13,79
111900083,124,14,110
111900084,76,11,65
111900085,22,111,-89
111900086,11,1,10
111900087,44,0,44
111900088,420,10,410
111900089,70,10,60
111900090,74,39,35
111900091,81,1,80
111900092,81,2,79
111900093,338,8,330
111900094,83,0,83
111900095,123,19,104
111900096,65,0,65
111900097,35,0,35
111900098,135,1,134
111900099,58,0,58
111900100,75,2,73
111900101,116,25,91
111900102,298,573,-275
111900103,87,74,13
111900104,134,77,57
111900105,268,152,116
111900106,1229,60,1169
111900110,2144,309,1835
111900111,135,171,-36
111900112,648,1638,-990
111900113,314,85,229
111900118,359,94,265
111900119,319,134,185
111900122,102,60,42
111900123,20,34,-14
111900124,40,140,-100
111900125,467,19,448
111900126,258,1,257
111900127,1,649,-648
111900128,5,564,-559
111900129,193,6,187
111900130,245,23,222
111900131,431,4,427
111900132,28,1228,-1200
111900133,11,341,-330
111900134,12,278,-266
111900135,6,26,-20
111900136,90,131,-41
111900137,63,95,-32
111900138,33,99,-66
111900139,17,151,-134
111900140,73,17,56
111900141,45,12,33
111900142,57,19,38
111900143,28,155,-127
111900144,1,91,-90
111900145,1,515,-514
111900146,3,251,-248
111900147,173,460,-287
111900148,42,717,-675
111900149,8,366,-358
111900150,21,173,-152
111900151,5,25,-20
111900152,96,74,22
111900153,1567,347,1220
111900154,7,159,-152
111900155,31,56,-25
111900156,22,64,-42
111900157,58,16,42
111900158,379,49,330
111900159,181,18,163
111900160,191,0,191
111900161,119,0,119
111900162,113,167,-54
111900163,42,265,-223
111900164,103,74,29
111901113,365,281,84
111901114,162,243,-81
111901115,88,2,86
111901116,49,2,47
111901117,18,30,-12
111901118,90,217,-127
111901119,1256,68,1188
111901121,221,349,-128
111901122,9,648,-639
111901123,151,391,-240
111901124,119,2,117
111901125,301,249,52
111901127,641,381,260
111901128,11,90,-79
111901129,6,132,-126
111901130,3,224,-221
111901131,4,229,-225
111901132,86,16,70
111901133,40,11,29
111901134,58,2,56
111901135,17,7,10
111901136,39,33,6
111901137,0,28,-28
111901138,166,58,108
111901139,17,40,-23
111901140,3,131,-128
111901141,10,200,-190
111901142,2,145,-143
111901143,2,80,-78
111901144,33,44,-11
111901145,225,295,-70
111901146,465,27,438
111901147,107,55,52
111901148,3,13,-10
112000001,1623,932,691
112000002,880,2771,-1891
112000003,1137,932,205
112000004,627,1346,-719
112000005,2676,2743,-67
112000006,2186,2256,-70
112000007,2398,1803,595
112000008,2522,3973,-1451
112000009,3956,4016,-60
112000010,2934,3049,-115
112000011,2234,2361,-127
112000012,5763,3313,2450
112000013,6409,3681,2728
112000014,4011,970,3041
112000015,4378,3195,1183
112000016,8525,1047,7478
112000017,3832,1696,2136
112000024,2332,979,1353
112000026,4520,5260,-740
112000027,999,546,453
112000028,2010,1806,204
112000029,408,692,-284
112000030,223,108,115
112000031,1803,4761,-2958
112000032,506,65,441
112000033,2397,1259,1138
112000034,410,55,355
112000035,131,316,-185
112000036,1470,772,698
112000037,1290,657,633
112000038,1455,819,636
112000039,78,78,0
112000040,107,268,-161
112000041,681,515,166
112000042,1307,418,889
112000050,1161,1729,-568
112000051,833,1168,-335
112000054,1954,2575,-621
112000057,468,426,42
112000058,409,667,-258
112000059,692,832,-140
112000061,4151,2603,1548
112000062,1861,727,1134
112000063,1459,1685,-226
112000064,4644,6409,-1765
112000065,2376,2818,-442
112000066,4006,1465,2541
112000067,808,720,88
112000068,3585,2088,1497
112000069,997,1935,-938
112000070,2189,897,1292
112000071,1150,2753,-1603
112000072,2208,885,1323
112000073,1695,2104,-409
112000074,1451,1033,418
112000075,1463,1223,240
112000076,3591,2843,748
112000077,555,676,-121
112000078,1657,659,998
112000079,1262,1350,-88
112000080,644,851,-207
112000081,1715,2444,-729
112000082,1460,880,580
112000083,708,1459,-751
112000084,1197,921,276
112000085,1279,1277,2
112000086,1781,1540,241
112000087,337,451,-114
112000088,579,636,-57
112000089,355,326,29
112000090,233,320,-87
112000091,703,1270,-567
112000092,1617,1282,335
112000093,1515,1001,514
112000094,520,961,-441
112000095,736,863,-127
112000096,507,799,-292
112000097,1203,586,617
112000098,1151,1355,-204
112000099,677,1166,-489
112000100,1587,1027,560
112000101,473,1041,-568
112000102,1065,552,513
112000103,325,1322,-997
112000105,668,1722,-1054
112000106,1403,431,972
112000107,57,159,-102
112000108,358,1925,-1567
112000109,154,62,92
112000110,1921,654,1267
112000111,1383,3652,-2269
112000112,3914,697,3217
112000113,988,1976,-988
112000114,2651,1080,1571
112000115,418,526,-108
112000116,594,1030,-436
112000117,1149,847,302
112000118,1279,919,360
112000119,482,959,-477
112000120,96,382,-286
112000121,91,616,-525
112000122,235,199,36
112000123,521,192,329
112000124,277,76,201
112000125,171,156,15
112000126,195,630,-435
112000127,2662,1905,757
112000128,1029,745,284
112000129,128,88,40
112000130,190,72,118
112000131,66,452,-386
112000132,124,309,-185
112000133,339,332,7
112000134,365,421,-56
112000135,1131,690,441
112000136,1177,1147,30
112000137,1653,1474,179
112000138,1810,1268,542
112000139,1064,491,573
112000140,1202,1147,55
112000141,718,352,366
112000142,210,720,-510
112000143,1060,283,777
112000144,362,1534,-1172
112000145,2258,678,1580
112000146,606,2371,-1765
112000147,2063,1925,138
112000148,1856,2650,-794
112000149,458,694,-236
112000150,281,588,-307
112000151,317,602,-285
112000152,287,465,-178
112000153,171,336,-165
112000154,88,189,-101
112000155,163,108,55
112000157,962,568,394
112000158,290,562,-272
112000159,585,396,189
112000167,382,105,277
112000169,462,471,-9
112000173,628,239,389
112000175,378,457,-79
112000176,3864,2729,1135
112000177,586,163,423
112000178,95,465,-370
112000179,250,156,94
112000180,205,409,-204
112000181,1446,2320,-874
112000182,1032,2195,-1163
112000183,24,72,-48
112000184,379,500,-121
112000185,493,602,-109
112000187,3607,2296,1311
112000195,181,29,152
112000196,245,3,242
112000197,152,114,38
112000198,33,326,-293
112000199,1212,1019,193
112000202,326,3,323
112000216,53,223,-170
112000230,89,17,72
112000231,11,233,-222
112000256,25,268,-243
112000313,95,129,-34
112000314,74,31,43
112000337,343,596,-253
112000352,536,332,204
112000392,1529,1565,-36
112000398,1151,931,220
112000399,3113,2175,938
112000400,1829,3940,-2111
112000401,2975,2967,8
112000402,2641,2496,145
112000403,2974,2993,-19
112000404,612,661,-49
112000405,1726,2878,-1152
112000406,3962,3367,595
112000407,5654,7508,-1854
112000408,8866,7912,954
112000409,1934,5542,-3608
112000410,426,211,215
112000411,4762,1339,3423
112000412,1374,548,826
112000413,9364,4670,4694
112000414,108,104,4
112000415,151,48,103
112000416,2179,1431,748
112000417,239,72,167
112000421,33,130,-97
112000422,371,443,-72
112000424,2717,2669,48
112000425,486,1023,-537
112000426,152,432,-280
112000427,2,12,-10
112000428,255,388,-133
112000429,2387,3267,-880
112000430,2696,3367,-671
112000431,90,159,-69
112000432,605,1512,-907
112000433,501,1000,-499
112000437,68,261,-193
112900001,54,1,53
112900002,359,1164,-805
112900003,46,403,-357
112900004,60,252,-192
112900005,178,296,-118
112900006,9,356,-347
112900007,34,237,-203
112900008,3,27,-24
112900009,376,107,269
112900010,300,878,-578
112900011,223,267,-44
112900012,0,46,-46
112900013,16,168,-152
112900014,4,247,-243
112900015,417,879,-462
112900016,5,252,-247
112900017,30,238,-208
112900018,4,277,-273
112900019,61,160,-99
112900020,427,1306,-879
112900021,9,386,-377
112900022,13,88,-75
112900023,0,249,-249
112900024,41,190,-149
112900025,86,324,-238
112900026,9,282,-273
112900027,9,1427,-1418
112900028,32,132,-100
112900029,8,690,-682
112900030,215,215,0
112900031,9,590,-581
112900032,158,292,-134
112900034,0,56,-56
112900035,12,456,-444
112900036,29,136,-107
112900037,182,128,54
112900038,574,155,419
112900039,28,324,-296
112900040,10,322,-312
112900041,1146,1179,-33
112900042,43,414,-371
112900043,40,36,4
112900044,547,493,54
112900045,402,256,146
112900046,228,91,137
112900047,26,15,11
112900049,181,116,65
112900050,55,619,-564
112900051,313,664,-351
112900052,10,946,-936
112900053,281,139,142
112900054,166,45,121
112900055,188,18,170
112900056,437,126,311
112900057,16,671,-655
112900058,310,343,-33
112900059,108,149,-41
112900060,12,261,-249
112900061,80,161,-81
112900062,50,158,-108
112900063,124,10,114
112900064,204,252,-48
112900065,35,29,6
112900066,211,137,74
112900067,502,217,285
112900068,36,47,-11
112900069,2259,792,1467
112900071,37,4,33
112900072,247,1787,-1540
112900073,335,86,249
112900074,87,230,-143
112900075,1730,794,936
112900076,110,10,100
112900078,254,455,-201
112900079,154,18,136
112900080,34,4,30
112900081,61,228,-167
112900082,511,26,485
112900083,126,70,56
112900084,286,118,168
112900086,54,0,54
112900087,693,128,565
112900088,99,10,89
112900089,811,37,774
112900090,42,20,22
112900091,214,7,207
112900092,133,257,-124
112900093,1041,13,1028
112900095,25,0,25
112900096,392,178,214
112900097,81,381,-300
112900098,110,3,107
112900099,919,16,903
112900100,74,2,72
112900101,223,6,217
112900102,124,4,120
112900103,174,0,174
112900104,515,9,506
112900105,15,0,15
112900106,492,108,384
112900107,5,2,3
112900108,58,0,58
112900109,71,0,71
112900110,853,12,841
112900111,600,6,594
112900112,247,3,244
112900113,0,22,-22
112900114,101,28,73
112900115,935,4,931
112900116,99,23,76
112900117,109,98,11
112900118,31,96,-65
112900119,139,0,139
112900120,845,251,594
112900121,164,229,-65
112900122,11,140,-129
112900123,141,18,123
112900124,8,142,-134
112900125,78,459,-381
112900126,212,225,-13
112900127,332,94,238
112900128,367,800,-433
112900129,3,1038,-1035
112900130,264,55,209
112900131,38,254,-216
112900132,64,447,-383
112900133,19,1291,-1272
112900134,0,275,-275
112900135,106,40,66
112900137,2,699,-697
112900138,2,391,-389
112900139,258,1366,-1108
112900141,680,24,656
112900142,100,131,-31
112900143,35,575,-540
112900144,1,283,-282
112900145,46,585,-539
112900146,12,1327,-1315
112900147,8,2082,-2074
112900148,66,1,65
112900149,238,451,-213
112900151,24,42,-18
112900152,4336,1035,3301
112900153,2077,1922,155
112900154,4,148,-144
112900155,152,14,138
112900156,270,1422,-1152
112900157,310,82,228
112900158,35,30,5
112900159,216,122,94
112900160,65,267,-202
112900161,138,32,106
112900162,41,14,27
112900163,113,37,76
112900164,35,189,-154
112900165,99,46,53
112900166,19,36,-17
112900167,2,50,-48
112900168,3,0,3
112900169,6,12,-6
112900170,67,111,-44
112900172,67,11,56
112900173,206,111,95
112900174,289,38,251
112900175,133,167,-34
112900176,9,21,-12
112900177,248,65,183
112900178,772,2696,-1924
112900179,60,512,-452
112900180,1959,1708,251
112900181,505,6,499
112900182,44,1295,-1251
112900183,163,293,-130
112900184,492,422,70
112900185,344,556,-212
112900186,1605,855,750
112900187,77,375,-298
112900188,845,296,549
112900189,7,43,-36
112900190,51,68,-17
112900192,631,565,66
112900193,1357,389,968
112900194,92,218,-126
112900195,851,36,815
112900196,223,395,-172
112900197,215,445,-230
112900199,551,671,-120
112900200,462,308,154
112900201,46,110,-64
112900202,323,861,-538
112900203,207,294,-87
112900204,931,510,421
112900205,9,30,-21
112900206,7,110,-103
112900207,8,0,8
112900208,74,260,-186
112900209,538,381,157
112900210,0,32,-32
112900211,60,133,-73
112900212,1,88,-87
112900213,31,36,-5
112900214,30,13,17
112900215,7,216,-209
112900216,45,85,-40
112900217,0,57,-57
112900218,39,21,18
112900219,46,20,26
112900220,3,0,3
112900221,22,102,-80
112900222,0,22,-22
112900223,1048,11,1037
112900224,280,622,-342
112900225,450,485,-35
112900226,233,365,-132
112900227,408,1419,-1011
112900228,63,27,36
112900229,159,62,97
112900230,7506,4135,3371
112900232,264,243,21
112900233,62,194,-132
112900234,8,130,-122
112900235,98,15,83
112900236,243,22,221
112900237,225,339,-114
112900238,1,56,-55
112900239,1082,437,645
112900240,0,16,-16
112900241,3,33,-30
112900242,3,34,-31
112900243,4,21,-17
112900244,0,11,-11
112900245,2,10,-8
112900246,0,4,-4
112900247,18,5,13
112900248,4,0,4
112900249,2,1,1
112900250,12,4,8
112900251,10,5,5
112900252,5,1,4
112900253,3,2,1
112900254,8,2,6
112900255,0,3,-3
112900256,0,1,-1
112900257,1,3,-2
113000001,5520,7310,-1790
113000002,3488,4121,-633
113000003,1825,2921,-1096
113000004,2213,3178,-965
113000005,1640,1278,362
113000006,1351,1705,-354
113000007,2411,1594,817
113000008,2205,2156,49
113000009,969,998,-29
113000010,1187,1788,-601
113000011,885,1777,-892
113000012,1548,1129,419
113000013,1488,703,785
113000014,1640,1372,268
113000015,578,234,344
113000016,566,615,-49
113000017,36,268,-232
113000018,617,61,556
113000019,160,238,-78
113000020,463,47,416
113000021,2299,755,1544
113000022,629,1146,-517
113000025,110,333,-223
113000026,622,541,81
113000027,1204,561,643
113000028,1329,374,955
113000029,855,804,51
113000030,390,710,-320
113000031,321,389,-68
113000032,293,395,-102
113000033,328,556,-228
113000034,479,425,54
113000035,29,26,3
113000036,19,35,-16
113000037,43,27,16
113000038,4,53,-49
113000039,86,686,-600
113000040,63,112,-49
113000042,823,703,120
113000051,934,3155,-2221
113000052,2104,1384,720
113000053,353,555,-202
113000054,349,1045,-696
113000055,1227,834,393
113000056,847,1233,-386
113000058,875,909,-34
113000059,1208,797,411
113000060,260,662,-402
113000061,570,1134,-564
113000062,1249,328,921
113000063,106,176,-70
113000064,56,353,-297
113000065,156,1028,-872
113000066,665,111,554
113000067,1929,1515,414
113000068,419,1651,-1232
113000069,633,1405,-772
113000070,2104,1166,938
113000071,398,722,-324
113000072,702,574,128
113000073,538,1800,-1262
113000074,1227,591,636
113000075,2084,943,1141
113000076,1294,2258,-964
113000077,1583,594,989
113000078,972,2903,-1931
113000079,1244,1008,236
113000080,782,654,128
113000081,932,938,-6
113000082,1689,870,819
113000083,653,1111,-458
113000084,1937,1450,487
113000085,975,835,140
113000086,1280,1551,-271
113000087,1070,1048,22
113000088,2973,1543,1430
113000089,1042,1918,-876
113000090,359,600,-241
113000091,592,394,198
113000094,1531,221,1310
113000095,289,955,-666
113000096,217,796,-579
113000097,1443,410,1033
113000098,109,32,77
113000099,1150,409,741
113000100,122,404,-282
113000101,507,672,-165
113000102,772,455,317
113000103,2795,609,2186
113000104,492,2987,-2495
113000105,811,463,348
113000106,429,574,-145
113000107,810,926,-116
113000108,987,1636,-649
113000109,702,5211,-4509
113000110,1481,524,957
113000111,196,1054,-858
113000112,481,378,103
113000113,1518,363,1155
113000114,313,2066,-1753
113000116,777,292,485
113000117,873,144,729
113000118,204,683,-479
113000119,515,329,186
113000120,101,267,-166
113000121,853,882,-29
113000124,226,135,91
113000125,51,715,-664
113000127,2994,505,2489
113000128,613,915,-302
113000129,711,1366,-655
113000133,3106,1880,1226
113000134,9,1330,-1321
113000135,4070,4598,-528
113000137,2109,3340,-1231
113000139,404,218,186
113000140,155,305,-150
113000141,387,215,172
113000142,712,1195,-483
113000143,346,241,105
113000144,427,820,-393
113000145,51,132,-81
113000146,129,75,54
113000147,145,129,16
113000148,143,124,19
113000149,109,123,-14
113000150,567,392,175
113000151,106,87,19
113000152,28,112,-84
113000153,1812,701,1111
113000154,838,1953,-1115
113000155,397,661,-264
113000156,209,495,-286
113000157,364,1090,-726
113000158,669,317,352
113000159,927,851,76
113000160,722,1446,-724
113000161,291,653,-362
113000162,901,498,403
113000163,116,87,29
113000164,35,101,-66
113000166,156,142,14
113000167,47,118,-71
113000168,76,175,-99
113000169,149,82,67
113000170,146,129,17
113000171,74,95,-21
113000172,264,79,185
113000173,66,23,43
113000174,123,505,-382
113000175,425,137,288
113000176,489,143,346
113000177,113,492,-379
113000178,200,318,-118
113000179,391,206,185
113000180,958,1397,-439
113000181,1418,1292,126
113000182,269,593,-324
113000183,204,598,-394
113000184,19,118,-99
113000189,532,961,-429
113000190,1346,607,739
113000192,2681,1892,789
113000193,5870,1362,4508
113000194,2951,1249,1702
113000195,3088,984,2104
113000196,328,114,214
113000197,2252,1228,1024
113000198,64,325,-261
113000199,1704,335,1369
113000201,1546,383,1163
113000202,4266,4194,72
113000203,465,288,177
113000204,2261,1887,374
113000205,15,18,-3
113000206,5,32,-27
113000207,49,20,29
113000208,37,60,-23
113000209,38,30,8
113000210,9,54,-45
113000211,393,295,98
113000212,240,41,199
113000213,66,240,-174
113000214,252,390,-138
113000234,181,1085,-904
113000410,312,251,61
113000411,3233,4837,-1604
113000412,8970,2978,5992
113000413,4347,3795,552
113000414,8951,15047,-6096
113000415,2972,3710,-738
113000416,9729,4969,4760
113000417,3549,4036,-487
113000418,4451,3122,1329
113000419,1889,1942,-53
113000420,4036,6059,-2023
113000421,4291,6903,-2612
113000422,14103,11965,2138
113000423,2747,5702,-2955
113000424,3877,10899,-7022
113000425,20,200,-180
113000428,86,5,81
113000430,19,38,-19
113000432,2627,189,2438
113000433,133,905,-772
113000434,23,213,-190
113000435,51,648,-597
113000436,74,1252,-1178
113000437,913,27,886
113000438,290,21,269
113000439,27,169,-142
113000440,136,47,89
113000441,200,301,-101
113000442,151,185,-34
113000443,196,248,-52
113000444,214,285,-71
113000445,94,176,-82
113000446,38,135,-97
113000448,243,226,17
113000449,242,1791,-1549
113000450,733,6806,-6073
113000451,1496,203,1293
113000452,553,1070,-517
113000453,125,322,-197
113000454,3475,87,3388
113000455,82,185,-103
113000456,4164,2996,1168
113000468,2178,415,1763
113000469,296,131,165
113000470,478,44,434
113000471,9,459,-450
113000472,127,360,-233
113000474,505,723,-218
113000475,1709,1820,-111
113000476,1311,1801,-490
113000477,2567,2286,281
113000478,4439,6365,-1926
113000479,129,239,-110
113000483,0,0,0
113000484,0,0,0
113000485,2,0,2
113000486,7,0,7
113000487,0,0,0
113000488,0,0,0
113000489,0,0,0
113000490,0,0,0
113000491,1,6,-5
113000492,4,0,4
113000493,0,0,0
113000495,206,223,-17
113000496,149,137,12
113000497,0,0,0
113000499,0,0,0
113900001,5,294,-289
113900002,3,153,-150
113900003,1,153,-152
113900004,3,105,-102
113900005,1,112,-111
113900006,8,52,-44
113900007,662,45,617
113900008,394,1,393
113900009,743,1,742
113900010,1054,6,1048
113900011,96,3,93
113900012,52,2,50
113900013,2667,46,2621
113900014,554,4,550
113900015,0,52,-52
113900016,46,0,46
113900017,1,55,-54
113900018,446,175,271
113900019,136,57,79
113900020,118,2,116
113900022,14,1,13
113900023,36,0,36
113900024,44,80,-36
113900025,306,60,246
113900026,52,1,51
113900027,7,79,-72
113900028,26,475,-449
113900029,57,193,-136
113900030,171,4,167
113900031,5,0,5
113900032,22,0,22
113900033,90,93,-3
113900035,57,1,56
113900036,33,114,-81
113900037,101,461,-360
113900038,91,148,-57
113900039,171,21,150
113900040,5,6,-1
113900041,9,8,1
113900042,91,38,53
113900043,271,163,108
113900044,286,308,-22
113900045,114,7,107
113900046,243,699,-456
113900047,73,124,-51
113900048,262,89,173
113900049,702,365,337
113900050,304,303,1
113900051,231,405,-174
113900052,153,118,35
113900053,664,614,50
113900054,30,7,23
113900055,68,484,-416
113900056,74,173,-99
113900057,17,135,-118
113900058,56,171,-115
113900059,219,417,-198
113900060,73,226,-153
113900061,918,354,564
113900062,87,27,60
113900063,112,117,-5
113900064,51,191,-140
113900065,421,20,401
113900066,337,419,-82
113900067,125,272,-147
113900068,556,533,23
113900069,117,39,78
113900070,235,502,-267
113900071,66,69,-3
113900072,82,210,-128
113900073,241,450,-209
113900074,246,328,-82
113900075,1440,1348,92
113900076,173,13,160
113900077,69,206,-137
113900078,96,82,14
113900079,2,64,-62
113900080,499,212,287
113900081,58,254,-196
113900082,180,324,-144
113900083,296,454,-158
113900084,272,120,152
113900085,39,258,-219
113900086,17,27,-10
113900087,55,133,-78
113900088,55,91,-36
113900089,428,62,366
113900090,650,332,318
113900091,18,19,-1
113900092,47,88,-41
113900093,76,775,-699
113900094,410,446,-36
113900095,166,127,39
113900096,225,61,164
113900097,66,134,-68
113900098,535,102,433
113900099,3,68,-65
113900100,0,2,-2
113900101,27,70,-43
113900102,166,145,21
113900103,407,248,159
113900104,129,281,-152
113900105,102,312,-210
113900106,0,77,-77
113900107,0,24,-24
113900108,265,224,41
113900109,368,182,186
113900110,45,22,23
113900111,164,94,70
113900112,150,94,56
113900113,975,597,378
113900114,5,120,-115
113900115,1,80,-79
113900116,138,158,-20
113900117,257,37,220
113900118,211,357,-146
113900119,310,501,-191
113900120,57,39,18
113900121,62,102,-40
113900122,333,1818,-1485
113900123,476,281,195
113900124,0,64,-64
113900125,1252,145,1107
113900126,191,51,140
113900127,315,636,-321
113900128,122,95,27
113900129,8,160,-152
113900130,1,19,-18
113900131,211,141,70
113900132,93,51,42
113900133,18,48,-30
113900135,404,403,1
113900136,136,98,38
113900137,494,334,160
113900138,77,202,-125
113900139,414,150,264
113900140,406,299,107
113900141,455,469,-14
113900142,112,81,31
113900143,7,51,-44
113900144,431,177,254
113900145,376,188,188
113900146,124,47,77
113900148,198,377,-179
113900149,176,104,72
113900150,873,728,145
113900151,357,237,120
113900152,18,32,-14
113900153,451,671,-220
113900154,7,136,-129
113900155,224,161,63
113900156,264,492,-228
113900157,49,259,-210
113900158,515,388,127
113900159,11,278,-267
113900160,567,559,8
113900161,77,240,-163
113900162,680,747,-67
113900163,311,332,-21
113900164,329,50,279
113900165,755,514,241
113900166,214,194,20
113900167,247,43,204
113900168,163,119,44
113900169,274,440,-166
113900171,216,71,145
113900172,9,149,-140
113900173,58,642,-584
113900174,507,718,-211
113900175,398,158,240
113900176,304,671,-367
113900177,388,236,152
113900178,300,129,171
113900179,22,572,-550
113900180,182,108,74
113900181,751,99,652
113900182,794,1064,-270
113900183,104,82,22
113900184,7,503,-496
113900185,215,98,117
113900186,18,39,-21
113900187,38,172,-134
113900188,54,155,-101
113900189,283,140,143
113900190,357,127,230
113900191,120,253,-133
113900192,11,577,-566
113900193,28,227,-199
113900194,2097,1342,755
113900195,317,476,-159
113900196,12,137,-125
113900197,3,199,-196
113900198,27,169,-142
113900199,177,792,-615
113900200,16,274,-258
113900201,0,209,-209
113900202,38,427,-389
113900203,0,113,-113
113900204,42,691,-649
113900205,4,205,-201
113900206,3,170,-167
113900207,1,54,-53
113900208,3,65,-62
113900209,2,94,-92
113900210,640,811,-171
113900211,222,72,150
113900212,261,559,-298
113900214,467,452,15
113900215,33,128,-95
113900216,76,1025,-949
113900217,93,230,-137
113900218,112,44,68
113900219,94,342,-248
113900220,228,117,111
113900221,371,191,180
113900222,219,474,-255
113900223,145,1016,-871
113900224,95,79,16
113900225,579,247,332
113900226,319,98,221
113900227,357,263,94
113900228,323,455,-132
113900229,58,662,-604
113900230,4741,2880,1861
113900231,200,208,-8
113900232,79,101,-22
113900233,81,68,13
113900234,327,538,-211
113900235,96,35,61
113900236,89,390,-301
113900237,178,9,169
113900238,296,774,-478
113900239,103,87,16
113900240,13,150,-137
113900241,153,55,98
113900242,45,162,-117
113900243,143,500,-357
113900244,424,218,206
113900245,1470,303,1167
113900246,25,30,-5
113900247,192,507,-315
113900248,3286,2062,1224
113900249,1062,403,659
113900250,53,137,-84
113900251,672,229,443
113900252,583,12,571
113900253,903,46,857
113900254,873,162,711
113900255,444,18,426
113900256,376,32,344
113900257,38,678,-640
113900258,20,439,-419
113900259,564,214,350
113900260,184,24,160
113900261,35,79,-44
113900262,139,740,-601
113900263,185,683,-498
113900264,8,589,-581
113900265,155,286,-131
113900266,27,206,-179
113900267,112,583,-471
113900268,382,407,-25
113900269,56,184,-128
113900270,284,534,-250
113900271,646,1309,-663
113900273,131,19,112
113900274,92,33,59
113900275,24,78,-54
113900276,3,190,-187
113900277,130,4,126
113900278,323,205,118
113900279,66,73,-7
113900280,1409,499,910
113900281,654,1356,-702
113900282,890,643,247
113900283,385,494,-109
113900284,714,154,560
113900285,112,21,91
113900286,11,109,-98
113900287,44,63,-19
113900288,2,163,-161
113900289,1213,115,1098
113900290,360,211,149
113900291,125,195,-70
113900292,11,4,7
113900293,3,252,-249
113900294,475,25,450
113900295,531,459,72
113900296,2087,355,1732
113900297,2363,42,2321
113900298,35,1718,-1683
113900299,72,212,-140
113900300,5784,3266,2518
113900301,1031,530,501
113900302,2508,1009,1499
113900303,558,493,65
113900304,0,163,-163
113900305,99,0,99
113900306,25,0,25
113900307,126,1,125
113900308,108,134,-26
113900309,4,830,-826
113900310,0,16,-16
113900311,0,0,0
113900312,215,219,-4
113900313,17,9,8
114000001,1189,3682,-2493
114000002,267,422,-155
114000003,34,290,-256
114000004,353,383,-30
114000005,229,216,13
114000006,4256,2464,1792
114000007,871,1380,-509
114000008,1941,1699,242
114000009,719,235,484
114000011,2751,3580,-829
114000012,2154,2313,-159
114000013,1636,2100,-464
114000014,454,317,137
114000015,2053,565,1488
114000016,274,365,-91
114000017,111,313,-202
114000018,325,53,272
114000026,1505,1491,14
114000027,3059,2278,781
114000028,2476,2874,-398
114000038,281,160,121
114000039,122,70,52
114000040,118,240,-122
114000042,158,217,-59
114000043,74,119,-45
114000044,174,54,120
114000045,69,85,-16
114000046,3610,5338,-1728
114000047,35,87,-52
114000048,75,68,7
114000049,1886,1603,283
114000050,2026,2663,-637
114000051,4269,2101,2168
114000052,4923,1538,3385
114000053,97,581,-484
114000054,230,1075,-845
114000055,437,32,405
114000056,1210,895,315
114000057,8320,2479,5841
114000058,592,1508,-916
114000059,288,360,-72
114000060,825,1068,-243
114000061,4091,2909,1182
114000062,3036,1334,1702
114000063,3197,1891,1306
114000064,7340,3955,3385
114000065,1903,2836,-933
114000066,534,695,-161
114000067,20,743,-723
114000068,505,776,-271
114000069,1114,595,519
114000070,2544,1934,610
114000071,786,618,168
114000072,448,355,93
114000073,13,98,-85
114000074,49,18,31
114000075,44,165,-121
114000076,13,123,-110
114000077,16,44,-28
114000078,273,794,-521
114000079,152,29,123
114000080,76,115,-39
114000081,88,103,-15
114000082,45,583,-538
114000083,42,293,-251
114000084,347,61,286
114000085,136,754,-618
114000086,242,524,-282
114000087,123,249,-126
114000088,54,44,10
114000089,1249,514,735
114000090,884,754,130
114000091,1688,921,767
114000092,1066,427,639
114000093,1328,771,557
114000094,446,408,38
114000095,413,128,285
114000096,180,476,-296
114000097,131,779,-648
114000098,472,77,395
114000099,569,687,-118
114000100,1297,843,454
114000101,384,934,-550
114000102,452,410,42
114000103,154,484,-330
114000104,15,335,-320
114000105,106,71,35
114000106,957,964,-7
114000107,304,134,170
114000108,2219,1210,1009
114000109,455,1166,-711
114000110,688,1691,-1003
114000111,1443,708,735
114000112,583,1953,-1370
114000113,1197,460,737
114000114,1326,1498,-172
114000115,2229,846,1383
114000116,739,1478,-739
114000117,2732,479,2253
114000118,2373,427,1946
114000119,1660,473,1187
114000120,546,945,-399
114000121,580,860,-280
114000122,410,334,76
114000123,1783,372,1411
114000124,987,346,641
114000125,852,1516,-664
114000126,1467,178,1289
114000127,164,200,-36
114000128,949,540,409
114000130,528,494,34
114000131,248,120,128
114000132,692,717,-25
114000133,947,1628,-681
114000134,63,202,-139
114000138,53,244,-191
114000139,565,212,353
114000144,832,481,351
114000145,97,265,-168
114000146,100,351,-251
114000147,1233,1620,-387
114000148,2119,1833,286
114000149,513,325,188
114000150,824,803,21
114000151,920,1242,-322
114000152,288,33,255
114000153,1005,1972,-967
114000154,934,691,243
114000155,1332,2534,-1202
114000156,1057,621,436
114000157,385,940,-555
114000158,2118,894,1224
114000159,227,422,-195
114000160,141,302,-161
114000161,1802,2691,-889
114000162,1129,2139,-1010
114000163,16,114,-98
114000165,571,259,312
114000166,874,343,531
114000167,4126,1673,2453
114000168,782,636,146
114000169,1678,1104,574
114000170,1203,1070,133
114000171,1005,3037,-2032
114000174,239,483,-244
114000176,725,475,250
114000177,2121,1009,1112
114000178,68,47,21
114000179,1138,782,356
114000180,507,670,-163
114000181,1714,3534,-1820
114000182,5059,2470,2589
114000183,951,1069,-118
114000184,5874,1463,4411
114000185,1154,929,225
114000189,784,135,649
114000190,2213,320,1893
114000191,44,56,-12
114000192,279,1771,-1492
114000193,968,3751,-2783
114000194,1408,1062,346
114000195,179,11,168
114000196,2,313,-311
114000197,1093,73,1020
114000198,1543,405,1138
114000199,2276,1597,679
114000200,712,2054,-1342
114000201,286,920,-634
114000202,1142,723,419
114000203,514,798,-284
114000204,183,538,-355
114000205,227,1653,-1426
114000206,603,1502,-899
114000207,775,2120,-1345
114000208,542,3297,-2755
114000209,658,2921,-2263
114000210,351,1702,-1351
114000211,1110,1804,-694
114000212,842,909,-67
114000213,1342,634,708
114000214,104,221,-117
114000215,253,119,134
114000216,1872,337,1535
114000217,231,299,-68
114000218,90,297,-207
114000219,1160,281,879
114000220,34,1293,-1259
114000221,709,180,529
114000222,146,1232,-1086
114000223,410,104,306
114000224,110,747,-637
114000225,226,656,-430
114000226,129,266,-137
114000227,930,475,455
114000228,733,879,-146
114000229,1060,1446,-386
114000230,1730,1376,354
114000231,1060,1440,-380
114000232,696,138,558
114000233,1960,146,1814
114000234,1290,998,292
114000235,1017,1542,-525
114000236,2,598,-596
114000237,103,1099,-996
114000238,174,207,-33
114000239,142,1548,-1406
114000240,816,767,49
114000241,293,1100,-807
114000242,1062,1018,44
114000243,1661,996,665
114000244,786,488,298
114000245,337,698,-361
114000246,306,46,260
114000247,694,712,-18
114000248,1102,635,467
114000249,482,548,-66
114000250,467,782,-315
114000251,312,354,-42
114000252,101,86,15
114000253,48,137,-89
114000254,33,96,-63
114000255,694,210,484
114000256,2055,1981,74
114000257,530,1634,-1104
114000258,348,422,-74
114000259,187,254,-67
114000260,0,23,-23
114000261,58,31,27
114000262,182,199,-17
114000263,15,3,12
114000264,1107,646,461
114000265,0,4,-4
114000267,2,1645,-1643
114000268,7,1851,-1844
114000270,175,2,173
114000271,714,65,649
114000283,1189,515,674
114000285,25,253,-228
114000288,94,363,-269
114000289,1230,153,1077
114000293,121,512,-391
114000294,144,372,-228
114000395,2029,92,1937
114000396,512,498,14
114000402,469,330,139
114000403,316,471,-155
114000405,115,643,-528
114000423,276,494,-218
114000424,417,156,261
114000425,544,466,78
114000426,338,830,-492
114000427,50,106,-56
114000428,325,195,130
114000429,19,217,-198
114000432,81,150,-69
114000434,54,121,-67
114000435,7,187,-180
114900001,723,1357,-634
114900002,487,94,393
114900003,602,1625,-1023
114900004,185,472,-287
114900005,551,933,-382
114900006,85,70,15
114900007,241,21,220
114900008,142,82,60
114900010,2872,2586,286
114900011,188,130,58
114900013,223,131,92
114900015,96,461,-365
114900018,817,23,794
114900020,253,98,155
114900022,6,654,-648
114900024,378,171,207
114900025,526,275,251
114900026,96,108,-12
114900027,280,252,28
114900029,29,27,2
114900030,365,223,142
114900031,432,36,396
114900032,341,61,280
114900033,1352,695,657
114900034,60,283,-223
114900035,183,292,-109
114900036,295,864,-569
114900037,155,257,-102
114900038,204,851,-647
114900039,586,672,-86
114900040,70,211,-141
114900041,733,657,76
114900042,746,856,-110
114900043,850,312,538
114900044,121,40,81
114900046,74,149,-75
114900047,233,1825,-1592
114900048,103,276,-173
114900049,15,275,-260
114900050,25,510,-485
114900051,46,457,-411
114900052,80,204,-124
114900053,75,320,-245
114900054,39,165,-126
114900057,252,5,247
114900058,0,81,-81
114900059,72,51,21
114900060,1576,836,740
114900061,117,196,-79
114900062,306,287,19
114900063,53,274,-221
114900064,1156,603,553
114900065,430,846,-416
114900067,55,414,-359
114900068,65,181,-116
114900069,243,159,84
114900070,518,474,44
114900072,3,310,-307
114900073,0,162,-162
114900074,507,777,-270
114900075,287,8,279
114900076,13,359,-346
114900080,2390,443,1947
114900082,3951,2068,1883
114900083,1211,1384,-173
114900090,347,259,88
114900091,110,224,-114
114900095,397,113,284
114900096,619,754,-135
114900097,141,0,141
114900098,1,235,-234
114900099,254,8,246
115000001,8061,5341,2720
115000002,3655,4195,-540
115000003,5168,4178,990
115000004,3897,5809,-1912
115000005,1831,2645,-814
115000006,1104,1822,-718
115000007,144,201,-57
115000008,504,580,-76
115000009,293,327,-34
115000010,391,146,245
115000013,79,262,-183
115000015,124,421,-297
115000016,70,163,-93
115000019,21,497,-476
115000020,166,674,-508
115000021,312,520,-208
115000022,529,421,108
115000023,350,541,-191
115000024,1196,576,620
115000025,889,599,290
115000026,141,465,-324
115000027,313,355,-42
115000028,174,883,-709
115000029,587,110,477
115000030,716,1149,-433
115000031,1120,251,869
115000032,7,320,-313
115000033,154,46,108
115000034,146,1211,-1065
115000035,1160,68,1092
115000036,0,440,-440
115000037,542,14,528
115000038,56,166,-110
115000039,4394,3100,1294
115000040,6718,3973,2745
115000041,1368,2969,-1601
115000042,1135,689,446
115000043,3372,2479,893
115000044,4058,4452,-394
115000045,2747,2273,474
115000046,2147,2743,-596
115000047,1885,1829,56
115000048,1618,2874,-1256
115000049,1865,3891,-2026
115000050,3415,2115,1300
115000051,1797,2874,-1077
115000052,2954,2214,740
115000053,1687,1837,-150
115000054,730,1414,-684
115000055,135,452,-317
115000056,241,539,-298
115000057,773,760,13
115000058,494,187,307
115000059,199,156,43
115000061,386,115,271
115000062,259,341,-82
115000063,329,415,-86
115000064,313,129,184
115000065,60,423,-363
115000067,196,24,172
115000069,87,326,-239
115000070,36,1111,-1075
115000071,147,25,122
115000072,14,53,-39
115000073,1558,98,1460
115000075,101,104,-3
115000076,3860,3224,636
115000077,1991,2987,-996
115000078,1355,1768,-413
115000079,1315,2228,-913
115000080,2170,2758,-588
115000081,489,1049,-560
115000082,3513,3971,-458
115000083,2158,2677,-519
115000084,1971,1341,630
115000085,680,1044,-364
115000086,1071,896,175
115000087,493,1658,-1165
115000088,1809,681,1128
115000089,1582,1453,129
115000090,662,894,-232
115000091,291,1117,-826
115000092,381,435,-54
115000093,513,4,509
115000094,8022,5544,2478
115000095,6089,5795,294
115000096,702,1900,-1198
115000097,769,930,-161
115000098,959,915,44
115000099,2466,3183,-717
115000100,1074,518,556
115000101,588,1681,-1093
115000102,402,261,141
115000103,302,875,-573
115000105,48,144,-96
115000106,500,327,173
115000107,181,548,-367
115000108,3856,2727,1129
115000109,5250,3835,1415
115000110,1537,1355,182
115000111,692,1912,-1220
115000112,667,676,-9
115000113,651,926,-275
115000114,1608,932,676
115000116,3965,1974,1991
115000117,3949,3004,945
115000118,2273,1812,461
115000119,2070,2472,-402
115000120,670,1248,-578
115000121,1765,1035,730
115000122,3535,1669,1866
115000123,1485,2071,-586
115000124,1270,1180,90
115000125,507,659,-152
115000126,185,242,-57
115000127,620,107,513
115000128,708,797,-89
115000129,334,371,-37
115000130,363,1046,-683
115000131,779,377,402
115000132,222,461,-239
115000133,595,318,277
115000134,265,177,88
115000135,425,236,189
115000136,317,242,75
115000137,208,162,46
115000138,266,320,-54
115000139,293,227,66
115000140,314,257,57
115000141,179,254,-75
115000142,158,341,-183
115000143,599,614,-15
115000144,505,102,403
115000145,269,446,-177
115000146,464,268,196
115000147,516,532,-16
115000148,343,1420,-1077
115000149,578,237,341
115000150,756,1241,-485
115000151,1161,490,671
115000152,590,1519,-929
115000153,1064,527,537
115000154,916,351,565
115000155,613,1146,-533
115000156,1282,632,650
115000157,846,884,-38
115000158,625,364,261
115000159,846,449,397
115000160,612,321,291
115000161,196,600,-404
115000162,732,661,71
115000163,647,523,124
115000164,742,609,133
115000165,446,355,91
115000167,187,67,120
115000168,720,321,399
115000169,725,348,377
115000170,290,112,178
115000171,406,228,178
115000172,1674,707,967
115000173,442,533,-91
115000174,188,317,-129
115000175,319,81,238
115000176,236,69,167
115000177,247,97,150
115000178,39,254,-215
115000179,61,31,30
115000180,167,726,-559
115000181,669,165,504
115000182,759,362,397
115000183,293,1021,-728
115000186,710,279,431
115000187,189,812,-623
115000188,419,637,-218
115000189,251,469,-218
115000190,838,599,239
115000191,372,595,-223
115000194,231,214,17
115000195,399,297,102
115000196,105,126,-21
115000197,238,349,-111
115000198,253,240,13
115000199,401,243,158
115000200,381,137,244
115000201,162,405,-243
115000206,410,62,348
115000207,103,399,-296
115000208,554,729,-175
115000209,588,255,333
115000210,186,107,79
115000211,264,260,4
115000212,1993,241,1752
115000224,467,74,393
115000225,55,79,-24
115000229,248,172,76
115000230,126,411,-285
115000231,349,2480,-2131
115000232,1442,395,1047
115000233,178,192,-14
115000234,15,329,-314
115000241,63,251,-188
115000242,96,312,-216
115000243,48,243,-195
115000244,11,82,-71
115000246,42,26,16
115000247,31,19,12
115000248,30,21,9
115000249,56,13,43
115000250,408,47,361
115000251,195,97,98
115000252,87,169,-82
115000253,21,366,-345
115000258,298,179,119
115000259,336,134,202
115000261,13,22,-9
115000262,6,26,-20
115000263,9,55,-46
115000264,21,42,-21
115000267,65,68,-3
115000268,21,124,-103
115000269,102,78,24
115000270,4,23,-19
115000272,72,169,-97
115000273,414,37,377
115000280,1985,173,1812
115000281,578,597,-19
115000282,1230,679,551
115000284,424,173,251
115000296,1273,33,1240
115000297,319,96,223
115000298,133,389,-256
115000300,251,179,72
115000302,630,197,433
115000303,726,165,561
115000304,773,122,651
115000305,81,929,-848
115000306,177,531,-354
115000307,77,251,-174
115000308,30,20,10
115000309,16,57,-41
115000310,933,1061,-128
115000311,776,1426,-650
115000313,155,857,-702
115000314,403,109,294
115000315,1260,626,634
115000316,47,112,-65
115000317,243,557,-314
115000318,932,364,568
115000319,79,371,-292
115000320,20,265,-245
115000321,609,13,596
115000322,50,274,-224
115000449,231,205,26
115000557,8,1012,-1004
115000558,651,79,572
115000587,592,344,248
115000588,2980,3371,-391
115000589,3987,3002,985
115000590,1354,1384,-30
115000591,1663,824,839
115000592,897,2019,-1122
115000593,1575,673,902
115000594,941,2620,-1679
115000609,259,253,6
115000617,1735,3148,-1413
115000624,220,111,109
115000633,435,2369,-1934
115000634,2991,919,2072
115000635,576,169,407
115000638,1110,899,211
115000641,65,168,-103
115000642,322,319,3
115000643,133,607,-474
115000644,155,490,-335
115000646,913,1495,-582
115000647,226,497,-271
115000648,1661,1921,-260
115000893,3836,1910,1926
115000894,186,1335,-1149
115000895,591,901,-310
115000896,1739,419,1320
115000897,613,119,494
115000898,721,260,461
115000899,831,1438,-607
115000900,155,522,-367
115000901,107,179,-72
115000912,473,99,374
115000913,1,31,-30
115000915,69,1,68
115000916,7,0,7
115000917,0,20,-20
115000918,82,335,-253
115000919,11,7,4
115000920,143,53,90
115000921,825,164,661
115000922,2306,846,1460
115000923,830,1044,-214
115000925,72,105,-33
115000927,46,80,-34
115000933,568,210,358
115000934,159,204,-45
115000935,107,136,-29
115000936,43,670,-627
115000937,1257,212,1045
115000938,152,246,-94
115000939,136,188,-52
115000940,62,35,27
115000941,13,20,-7
115000942,143,141,2
115000943,67,12,55
115000944,5,3,2
115900001,91,56,35
115900002,107,172,-65
115900003,182,140,42
115900004,0,64,-64
115900005,135,3,132
115900006,136,400,-264
115900008,64,13,51
115900009,93,320,-227
115900010,282,211,71
115900011,413,288,125
115900012,122,70,52
115900013,558,196,362
115900014,98,144,-46
115900015,104,68,36
115900016,63,47,16
115900017,8,8,0
115900018,204,88,116
115900019,310,27,283
115900020,43,0,43
115900021,1439,181,1258
115900022,2178,25,2153
115900023,70,5,65
115900025,84,318,-234
115900026,843,273,570
115900027,0,321,-321
115900028,686,73,613
115900029,23,432,-409
115900030,30,25,5
115900031,387,239,148
115900032,530,890,-360
115900033,3,43,-40
115900034,34,492,-458
115900035,91,12,79
115900036,164,612,-448
115900037,44,404,-360
115900038,41,7,34
115900039,157,260,-103
115900041,470,466,4
115900042,27,6,21
115900043,119,114,5
115900044,245,265,-20
115900046,201,246,-45
115900047,133,105,28
115900049,185,214,-29
115900051,0,37,-37
115900052,5,236,-231
115900053,191,213,-22
115900054,168,28,140
115900055,33,145,-112
115900056,196,389,-193
115900057,59,8,51
115900058,33,81,-48
115900060,83,161,-78
115900061,288,0,288
115900062,20,268,-248
115900063,66,10,56
115900064,205,286,-81
115900065,95,132,-37
115900066,184,152,32
115900067,2,673,-671
115900068,3516,696,2820
115900069,52,201,-149
115900070,217,215,2
115900071,1,551,-550
115900072,53,187,-134
115900073,48,77,-29
115900074,4,331,-327
115900075,26,240,-214
115900076,1,102,-101
115900077,5,279,-274
115900078,32,123,-91
115900079,125,8,117
115900080,593,274,319
115900081,46,74,-28
115900082,133,147,-14
115900084,345,30,315
115900085,89,90,-1
115900086,1611,571,1040
115900088,20,47,-27
115900089,272,726,-454
115900090,241,33,208
115900091,14,21,-7
115900092,17,190,-173
115900093,9,22,-13
115900094,7,377,-370
115900096,3,16,-13
115900097,8,532,-524
115900098,142,464,-322
115900099,78,48,30
115900100,12,583,-571
115900101,139,361,-222
115900102,37,71,-34
115900103,281,224,57
115900104,46,162,-116
115900105,163,643,-480
115900106,53,24,29
115900107,45,162,-117
115900108,81,55,26
115900109,64,434,-370
115900110,2,44,-42
115900111,1,154,-153
115900112,49,977,-928
115900113,52,28,24
115900114,0,138,-138
115900115,73,291,-218
115900116,99,983,-884
115900117,58,27,31
115900118,4,311,-307
115900119,134,153,-19
115900120,19,365,-346
115900121,177,242,-65
115900124,194,615,-421
115900125,249,51,198
115900126,725,97,628
115900127,561,48,513
115900128,2,76,-74
115900129,638,51,587
115900130,38,286,-248
115900131,304,36,268
115900132,475,7,468
115900134,296,10,286
115900135,586,925,-339
115900137,29,2,27
115900139,90,60,30
115900140,193,21,172
115900141,8,38,-30
115900142,17,36,-19
115900143,224,266,-42
115900144,108,226,-118
115900146,8,141,-133
115900147,302,324,-22
115900148,48,3,45
115900149,63,22,41
115900150,88,72,16
115900151,9,76,-67
115900152,145,322,-177
115900153,100,230,-130
115900154,657,381,276
115900155,0,79,-79
115900156,650,885,-235
115900157,193,498,-305
115900158,29,13,16
115900159,156,292,-136
115900160,17,8,9
115900161,53,138,-85
115900163,153,149,4
115900164,476,22,454
115900166,194,240,-46
115900168,87,196,-109
115900171,143,432,-289
115900172,60,130,-70
115900173,232,168,64
115900174,323,194,129
115900175,94,198,-104
115900178,6,750,-744
115900179,182,14,168
115900180,49,214,-165
115900181,130,210,-80
115900182,280,266,14
115900183,98,37,61
115900184,1711,12,1699
115900187,17,130,-113
115900189,2,185,-183
115900190,500,1305,-805
115900191,38,411,-373
115900192,7,83,-76
115900193,103,110,-7
115900194,603,45,558
115900195,654,1729,-1075
115900198,180,353,-173
115900199,166,253,-87
115900200,311,307,4
115900201,430,304,126
115900202,7,68,-61
115900203,14,10,4
115900204,4,2,2
115900205,213,21,192
115900206,125,143,-18
115900207,26,28,-2
115900208,142,227,-85
115900209,6,151,-145
115900210,3,153,-150
115900211,1,204,-203
115900212,110,298,-188
115900213,127,74,53
115900214,404,268,136
115900215,17,89,-72
115900216,5,103,-98
115900217,0,57,-57
115900218,1,33,-32
115900219,80,3,77
115900220,98,15,83
115900221,66,28,38
115900222,62,14,48
115900223,3,224,-221
115900224,1355,913,442
115900225,64,34,30
115900226,21,49,-28
115900227,28,65,-37
115900228,8,40,-32
115900229,6,60,-54
115900230,66,109,-43
115900231,94,2,92
115900232,75,1,74
115900233,75,11,64
115900234,59,21,38
115900235,46,36,10
115900236,43,19,24
115900237,24,32,-8
115900238,15,37,-22
115900239,20,40,-20
115900240,8,65,-57
115900241,225,139,86
115900242,307,420,-113
115900243,8,5,3
115900244,13,14,-1
115900245,45,9,36
115900246,8,4,4
115900247,27,8,19
115900248,15,4,11
115900249,9,21,-12
115900250,12,15,-3
115900251,2,15,-13
115900252,3,7,-4
115900253,13,9,4
115900254,14,19,-5
115900255,6,24,-18
115900256,25,32,-7
115900257,8,18,-10
115900258,0,3,-3
115900259,6,4,2
115900260,20,3,17
115900261,9,3,6
115900262,2,2,0
115900263,5,6,-1
115900264,4,2,2
115900265,2,14,-12
115900266,6,16,-10
115900267,8,24,-16
115900268,2,5,-3
115900269,325,384,-59
115900270,385,547,-162
115900271,110,0,110
115900272,27,3,24
115900273,4,21,-17
115900274,5,17,-12
115900275,7,23,-16
115900276,0,46,-46
115900277,0,76,-76
115900278,50,128,-78
115900279,22,139,-117
115900280,16,335,-319
115900281,429,249,180
115900282,28,14,14
115900283,9,13,-4
115900284,37,10,27
116000001,14321,5938,8383
116000002,4887,10415,-5528
116000003,1993,2137,-144
116000004,2658,3582,-924
116000005,4307,3670,637
116000006,3654,1855,1799
116000007,3523,4183,-660
116000008,4650,2104,2546
116000009,1940,2948,-1008
116000010,2402,1414,988
116000011,1170,2127,-957
116000012,1139,856,283
116000013,15031,5593,9438
116000014,18123,12866,5257
116000015,416,1531,-1115
116000016,7906,3871,4035
116000017,41,744,-703
116000018,724,436,288
116000019,1231,358,873
116000020,574,1113,-539
116000021,492,331,161
116000022,380,381,-1
116000023,1305,956,349
116000024,679,1169,-490
116000025,972,706,266
116000026,2166,2534,-368
116000027,1490,686,804
116000028,583,817,-234
116000029,1235,643,592
116000030,690,500,190
116000031,192,278,-86
116000032,355,266,89
116000033,346,524,-178
116000034,1333,1250,83
116000035,673,1143,-470
116000036,2023,886,1137
116000037,754,607,147
116000038,772,424,348
116000039,656,267,389
116000040,1863,262,1601
116000041,301,457,-156
116000042,606,271,335
116000043,67,597,-530
116000044,15,113,-98
116000045,2089,1502,587
116000046,1503,1506,-3
116000047,3088,3612,-524
116000048,3086,1939,1147
116000049,1064,2458,-1394
116000050,1300,2065,-765
116000051,5399,2426,2973
116000052,5911,5228,683
116000053,2413,1431,982
116000054,889,2873,-1984
116000055,553,1590,-1037
116000056,936,1518,-582
116000057,4536,2192,2344
116000058,3236,2278,958
116000059,2974,4936,-1962
116000060,2894,967,1927
116000061,853,1100,-247
116000062,1038,215,823
116000063,879,1336,-457
116000066,302,646,-344
116000067,235,591,-356
116000068,252,331,-79
116000069,260,415,-155
116000078,481,1238,-757
116000080,1860,1128,732
116000082,9,109,-100
116000083,1423,368,1055
116000084,2372,4369,-1997
116000085,2274,1505,769
116000086,2366,1572,794
116000087,1595,1372,223
116000088,894,1186,-292
116000089,191,83,108
116000090,124,203,-79
116000091,225,257,-32
116000093,608,553,55
116000094,651,800,-149
116000095,661,731,-70
116000096,733,1478,-745
116000097,673,870,-197
116000098,177,5636,-5459
116000099,8445,355,8090
116000100,167,23,144
116000101,699,1154,-455
116000102,300,1594,-1294
116000103,440,275,165
116000104,273,1731,-1458
116000105,1070,230,840
116000106,400,1082,-682
116000107,1812,487,1325
116000108,312,182,130
116000111,174,26,148
116000113,82,105,-23
116000114,55,146,-91
116000115,210,106,104
116000116,293,585,-292
116000117,1486,2455,-969
116000118,1304,1569,-265
116000119,2742,2217,525
116000120,3068,4950,-1882
116000121,811,597,214
116000122,1388,2146,-758
116000123,827,457,370
116000124,404,1189,-785
116000125,2281,690,1591
116000126,265,1765,-1500
116000127,1181,1654,-473
116000128,1417,1013,404
116000129,1022,212,810
116000130,480,378,102
116000133,731,1121,-390
116000134,1982,2604,-622
116000135,2168,1537,631
116000136,1355,2515,-1160
116000137,1080,712,368
116000138,785,606,179
116000139,2321,2438,-117
116000140,217,272,-55
116000141,409,947,-538
116000142,3842,4149,-307
116000143,1969,1953,16
116000144,1491,2857,-1366
116000145,1746,1626,120
116000146,478,378,100
116000147,473,153,320
116000148,505,484,21
116000149,718,598,120
116000151,857,834,23
116000153,147,797,-650
116000155,219,375,-156
116000156,517,1242,-725
116000157,70,18,52
116000158,348,511,-163
116000159,19,20,-1
116000160,6,88,-82
116000161,3,113,-110
116000162,67,120,-53
116000163,27,8,19
116000164,41,17,24
116000177,184,121,63
116000194,112,416,-304
116000195,2019,776,1243
116000196,12,9,3
116000197,9,20,-11
116000198,2945,1234,1711
116000200,882,541,341
116000201,655,774,-119
116000202,11,293,-282
116000203,5,124,-119
116000204,16,88,-72
116000205,1,193,-192
116000206,0,72,-72
116000207,14,45,-31
116000233,220,681,-461
116000287,123,542,-419
116000288,204,274,-70
116000292,105,170,-65
116000296,29,217,-188
116000297,132,41,91
116000304,132,48,84
116000305,28,58,-30
116000346,198,161,37
116000352,152,38,114
116000354,96,23,73
116000357,54,23,31
116000358,360,70,290
116000361,369,13,356
116000372,10376,4114,6262
116000381,110,1,109
116000388,3,57,-54
116000389,1017,614,403
116000445,300,683,-383
116000446,498,889,-391
116000447,23,577,-554
116000448,634,246,388
116000563,972,722,250
116000565,59,481,-422
116000568,68,269,-201
116000579,27,130,-103
116000584,30,12,18
116000585,35,18,17
116000586,132,114,18
116000587,632,657,-25
116000589,51,68,-17
116000590,55,41,14
116000591,145,317,-172
116000592,18,126,-108
116000593,0,44,-44
116000594,525,477,48
116000595,684,165,519
116000596,168,11,157
116000597,324,54,270
116000598,15,215,-200
116000602,89,269,-180
116000605,272,122,150
116000606,59,226,-167
116000607,14,69,-55
116000609,247,954,-707
116000611,102,613,-511
116000612,726,2177,-1451
116000613,487,383,104
116000614,485,728,-243
116000615,0,248,-248
116000616,39,118,-79
116000617,93,75,18
116000618,0,173,-173
116000619,30,44,-14
116000620,76,96,-20
116000621,49,104,-55
116000622,55,215,-160
116000624,156,92,64
116000627,49,93,-44
116000628,55,659,-604
116000629,34,516,-482
116000630,361,37,324
116000631,181,59,122
116000632,582,150,432
116000633,115,300,-185
116000634,359,215,144
116000635,4039,2140,1899
116000636,1572,1145,427
116000637,351,106,245
116000638,109,436,-327
116000640,1,17,-16
116000641,45,148,-103
116000644,19,732,-713
116900001,219,144,75
116900002,221,1,220
116900003,24,76,-52
116900004,50,36,14
116900005,252,63,189
116900006,167,117,50
116900007,127,146,-19
116900008,312,328,-16
116900009,16,3,13
116900010,3,1826,-1823
116900011,17,31,-14
116900012,175,213,-38
116900013,13,174,-161
116900014,63,342,-279
116900015,304,72,232
116900016,179,0,179
116900017,7,685,-678
116900018,75,61,14
116900019,7,422,-415
116900020,1347,656,691
116900023,51,14,37
116900024,490,59,431
116900025,932,979,-47
116900026,179,753,-574
116900027,35,105,-70
116900028,6,114,-108
116900029,0,39,-39
116900031,1,12,-11
116900032,10,361,-351
116900033,13,27,-14
116900034,5,80,-75
116900035,163,270,-107
116900036,5,131,-126
116900038,42,5,37
116900041,25,15,10
116900042,845,241,604
116900043,21,85,-64
116900047,72,105,-33
116900049,35,364,-329
116900050,104,466,-362
116900051,62,261,-199
116900052,221,84,137
116900055,2,7,-5
116900057,21,257,-236
116900058,53,449,-396
116900059,1,162,-161
116900060,242,169,73
116900062,0,4,-4
116900064,93,754,-661
116900065,30,128,-98
116900067,67,125,-58
116900068,130,313,-183
116900070,1,3,-2
116900072,22,491,-469
116900073,14,131,-117
116900074,6,44,-38
116900076,9,27,-18
116900077,11,170,-159
116900078,281,111,170
116900079,36,277,-241
116900080,16,17,-1
116900081,367,1516,-1149
116900082,396,1002,-606
116900083,64,72,-8
116900084,231,62,169
116900085,41,148,-107
116900086,79,213,-134
116900088,462,95,367
116900090,183,65,118
116900091,298,59,239
116900092,84,784,-700
116900093,1799,2549,-750
116900094,5662,4919,743
116900095,526,189,337
116900096,65,225,-160
116900097,4184,2443,1741
116900098,885,298,587
116900099,698,557,141
116900100,1126,37,1089
116900101,271,710,-439
116900103,4,1,3
116900104,72,89,-17
116900105,286,125,161
116900106,1722,169,1553
116900107,4365,2237,2128
116900110,22,2,20
116900111,391,845,-454
116900112,204,1164,-960
116900113,2829,1429,1400
116900116,200,379,-179
116900117,92,121,-29
116900118,895,775,120
116900120,244,115,129
116900121,52,31,21
116900122,689,779,-90
116900123,159,827,-668
116900124,166,1057,-891
116900125,300,257,43
116900126,210,684,-474
116900128,1,44,-43
116900129,0,417,-417
116900130,949,3239,-2290
116900131,138,292,-154
116900132,67,130,-63
116900133,111,112,-1
116900134,250,287,-37
116900136,235,174,61
116900137,402,162,240
116900138,203,204,-1
116900139,83,371,-288
116900140,175,183,-8
116900141,648,435,213
116900142,3,55,-52
116900143,215,551,-336
116900144,29,64,-35
116900145,130,328,-198
116900147,956,422,534
116900148,7,29,-22
116900149,37,216,-179
116900150,3,13,-10
116900151,42,18,24
116900153,95,92,3
116900154,839,467,372
116900155,64,63,1
116900157,467,431,36
116900158,624,248,376
116900159,39,360,-321
116900160,2402,408,1994
116900161,8218,5948,2270
116900162,42,170,-128
116900163,184,173,11
116900164,220,43,177
116900165,241,140,101
116900166,28,92,-64
116900167,388,81,307
116900168,380,72,308
116900169,1298,393,905
116900170,220,360,-140
116900171,40,202,-162
116900172,302,231,71
116900173,174,39,135
116900174,29,55,-26
116900175,253,163,90
116900178,17,161,-144
116900179,105,223,-118
116900180,114,26,88
116900182,345,290,55
116900183,204,100,104
116900185,37,39,-2
116900186,125,311,-186
116900187,40,48,-8
116900188,150,18,132
116900189,71,0,71
116900191,385,491,-106
116900192,181,175,6
116900194,145,925,-780
116900195,52,25,27
116900196,22,112,-90
116900197,84,10,74
116900198,157,225,-68
116900200,34,41,-7
116900201,84,21,63
116900202,147,54,93
116900203,153,3,150
116900204,30,105,-75
116900206,20,42,-22
116900207,37,39,-2
116900208,19,141,-122
116900209,32,120,-88
116900210,636,256,380
116900211,216,8,208
116900212,54,80,-26
116900213,218,258,-40
116900214,214,179,35
116900215,29,84,-55
116900216,368,279,89
116900218,17,252,-235
116900219,1228,474,754
116900220,106,215,-109
116900221,53,391,-338
116900222,384,408,-24
116900223,104,257,-153
116900226,77,59,18
116900227,229,69,160
116900228,251,251,0
116900230,35,305,-270
116900231,25,499,-474
116900232,13,510,-497
116900233,161,99,62
116900234,13,13,0
116900235,207,316,-109
116900238,1657,451,1206
116900239,11,1021,-1010
116900240,6384,3730,2654
116900241,47,119,-72
116900242,966,343,623
116900243,2,35,-33
116900245,34,12,22
116900246,95,17,78
116900247,579,23,556
116900248,113,58,55
116900249,297,121,176
116900250,317,47,270
116900251,538,445,93
116900252,97,1044,-947
116900253,155,144,11
116900254,26,79,-53
116900255,96,69,27
116900256,222,142,80
116900257,20,598,-578
116900258,1,242,-241
116900259,143,5,138
116900260,2,149,-147
116900261,34,2,32
116900262,165,128,37
116900263,0,12,-12
116900264,62,34,28
116900265,13,0,13
116900266,10,49,-39
116900267,1,4,-3
116900268,105,13,92
116900269,238,611,-373
116900271,1511,232,1279
116900272,509,573,-64
116900273,385,90,295
116900274,98,112,-14
116900275,143,140,3
116900276,703,125,578
116900277,665,39,626
116900278,15,8,7
116900279,0,13,-13
116900280,19,18,1
116900281,7802,4139,3663
116900282,1,137,-136
116900283,12,118,-106
116900284,8,258,-250
116900285,380,468,-88
116900286,192,29,163
116900287,10,70,-60
116900288,48,122,-74
116900289,24,29,-5
116900290,1,43,-42
116900291,11,14,-3
116900292,0,16,-16
116900293,35,88,-53
116900294,42,126,-84
116900295,523,34,489
116900296,269,58,211
116900297,16,93,-77
116900298,149,54,95
116900299,149,51,98
116900300,14,87,-73
116900301,142,75,67
116900302,114,79,35
116900303,464,113,351
116900304,0,198,-198
116900305,58,131,-73
116900306,104,139,-35
116900307,69,1,68
116900308,0,142,-142
116900309,56,221,-165
117000001,2056,1943,113
117000002,2767,6086,-3319
117000003,9165,3676,5489
117000004,5329,6577,-1248
117000005,2673,2232,441
117000006,1754,4599,-2845
117000007,4000,1472,2528
117000008,1433,5539,-4106
117000009,5370,2279,3091
117000010,3092,5530,-2438
117000011,2299,2314,-15
117000012,1424,1868,-444
117000013,2407,1091,1316
117000014,2027,3032,-1005
117000015,4310,1427,2883
117000016,731,96,635
117000017,997,131,866
117000018,389,539,-150
117000019,689,31,658
117000020,598,1586,-988
117000021,3062,1030,2032
117000022,883,90,793
117000023,1258,264,994
117000024,739,103,636
117000025,1788,535,1253
117000026,5535,1201,4334
117000027,2497,2174,323
117000028,4351,1305,3046
117000030,812,625,187
117000031,414,309,105
117000032,2749,1518,1231
117000033,1586,1064,522
117000034,418,466,-48
117000035,363,327,36
117000036,447,438,9
117000037,331,317,14
117000038,336,659,-323
117000039,553,318,235
117000040,200,1296,-1096
117000041,1113,222,891
117000044,22,1136,-1114
117000045,566,82,484
117000046,730,851,-121
117000047,1162,793,369
117000048,2270,1593,677
117000049,132,526,-394
117000050,148,2362,-2214
117000051,1868,150,1718
117000052,53,483,-430
117000053,389,78,311
117000054,1602,7,1595
117000055,17,3739,-3722
117000056,545,18,527
117000057,703,2618,-1915
117000060,647,2000,-1353
117000061,2101,1092,1009
117000062,388,693,-305
117000063,2246,931,1315
117000064,1016,1089,-73
117000066,1372,847,525
117000067,213,477,-264
117000074,150,258,-108
117000076,73,50,23
117000077,137,133,4
117000078,182,731,-549
117000079,390,293,97
117000080,1,396,-395
117000081,1099,111,988
117000082,32,98,-66
117000083,168,16,152
117000084,409,2,407
117000085,274,710,-436
117000086,1106,611,495
117000087,112,594,-482
117000088,289,295,-6
117000089,1443,346,1097
117000090,306,1482,-1176
117000091,841,409,432
117000092,390,1786,-1396
117000093,1151,718,433
117000094,1269,3285,-2016
117000095,3134,897,2237
117000096,667,2888,-2221
117000097,1380,1327,53
117000098,2762,5812,-3050
117000099,3097,1333,1764
117000100,195,214,-19
117000101,190,1450,-1260
117000102,1517,727,790
117000103,925,2110,-1185
117000104,1278,709,569
117000105,927,2010,-1083
117000106,1078,828,250
117000107,566,2325,-1759
117000108,1474,934,540
117000109,2260,3181,-921
117000110,1477,1035,442
117000111,4384,5776,-1392
117000112,3504,2325,1179
117000113,111,263,-152
117000114,150,148,2
117000115,73,127,-54
117000116,109,240,-131
117000117,2217,781,1436
117000118,493,174,319
117000119,1745,170,1575
117000120,650,409,241
117000121,156,1248,-1092
117000122,528,1758,-1230
117000123,2317,64,2253
117000124,753,78,675
117000125,742,78,664
117000126,167,39,128
117000127,274,340,-66
117000128,581,745,-164
117000129,828,550,278
117000130,322,2,320
117000131,0,141,-141
117000132,2235,25,2210
117000133,1255,89,1166
117000134,0,44,-44
117000135,1,39,-38
117000136,0,36,-36
117000137,78,114,-36
117000138,4,730,-726
117000140,534,1915,-1381
117000141,1634,603,1031
117000181,716,330,386
117000182,429,505,-76
117000195,212,1242,-1030
117000196,191,99,92
117000225,468,18,450
117000226,18,165,-147
117000276,223,12,211
117000277,4,538,-534
117000310,2663,3323,-660
117000315,64,1965,-1901
117000320,151,1,150
117000906,310,11,299
117000907,7,377,-370
117000909,74,52,22
117000910,161,128,33
117000911,75,261,-186
117000915,8,652,-644
117000916,52,4,48
117000917,905,38,867
117000918,54,75,-21
117000919,16,161,-145
117000920,2,1398,-1396
117000921,4,1874,-1870
117000922,70,91,-21
117000924,546,1125,-579
117000926,1157,93,1064
117000927,1943,659,1284
117000928,0,153,-153
117000929,237,542,-305
117000930,188,11,177
117000931,403,135,268
117900002,224,568,-344
117900003,818,440,378
117900005,7,137,-130
117900006,0,19,-19
117900007,209,170,39
117900008,0,38,-38
117900010,604,85,519
117900011,66,48,18
117900012,75,168,-93
117900013,0,313,-313
117900014,919,134,785
117900015,36,159,-123
117900016,1510,750,760
117900017,948,466,482
117900018,273,74,199
117900019,419,385,34
117900020,77,409,-332
117900021,46,90,-44
117900022,21,10,11
117900023,700,583,117
117900024,181,97,84
117900025,40,10,30
117900026,286,376,-90
117900028,143,14,129
117900029,251,1013,-762
117900030,415,311,104
117900031,579,151,428
117900032,617,700,-83
117900033,168,1007,-839
117900034,76,90,-14
117900035,214,84,130
117900036,235,596,-361
117900037,96,121,-25
117900038,53,387,-334
117900039,2,57,-55
117900040,105,522,-417
117900041,5,36,-31
117900042,4666,475,4191
117900043,45,58,-13
117900044,62,4929,-4867
117900045,240,128,112
117900048,216,303,-87
117900049,230,867,-637
117900050,25,62,-37
117900051,335,1,334
117900052,66,407,-341
117900053,1285,696,589
117900054,2,35,-33
117900055,174,560,-386
117900056,628,52,576
117900057,1077,1328,-251
117900058,219,16,203
117900059,524,100,424
117900060,1632,5605,-3973
117900061,45,426,-381
117900063,325,204,121
117900065,758,1288,-530
117900066,4,67,-63
117900067,384,212,172
117900069,964,369,595
117900070,803,15,788
117900071,185,159,26
117900073,384,346,38
117900074,930,31,899
117900075,118,96,22
117900076,35,44,-9
117900077,295,137,158
117900078,260,625,-365
117900080,308,42,266
117900081,523,380,143
117900082,359,334,25
117900083,351,606,-255
117900086,139,40,99
117900087,124,52,72
117900088,3223,2365,858
117900089,1594,550,1044
117900090,782,689,93
117900091,219,175,44
117900092,117,76,41
117900093,61,55,6
117900094,17,17,0
117900095,595,579,16
117900096,84,293,-209
117900097,156,73,83
117900098,16,8,8
117900099,241,304,-63
117900100,182,2,180
117900101,478,1461,-983
117900102,63,54,9
117900103,41,0,41
117900104,34,134,-100
117900105,137,285,-148
117900106,91,50,41
117900107,9,0,9
117900109,517,410,107
117900110,67,0,67
117900111,334,23,311
117900112,70,14,56
117900113,5512,2280,3232
117900114,20,0,20
117900115,233,43,190
117900116,995,1073,-78
117900117,364,374,-10
117900118,54,2,52
117900119,152,222,-70
117900120,207,122,85
117900121,95,24,71
117900122,1191,2725,-1534
117900123,974,624,350
117900124,700,669,31
117900125,1815,1360,455
117900126,215,600,-385
117900127,484,654,-170
117900128,315,916,-601
117900129,99,2,97
117900130,809,424,385
117900131,6,129,-123
117900132,8,112,-104
117900133,6,126,-120
117900134,52,190,-138
117900135,18,242,-224
117900136,0,38,-38
117900137,38,289,-251
117900138,2,20,-18
117900139,119,106,13
117900140,5167,601,4566
117900141,427,290,137
117900142,398,75,323
117900144,257,131,126
117900145,61,41,20
117900146,528,130,398
117900147,57,67,-10
117900148,3437,1268,2169
117900149,62,158,-96
117900150,35,56,-21
117900151,57,106,-49
117900152,126,50,76
117900153,20,134,-114
117900154,784,770,14
117900156,1010,983,27
117900157,98,515,-417
117900158,232,113,119
117900160,537,519,18
117900161,2857,2579,278
117900162,352,555,-203
117900163,238,40,198
117900165,0,15,-15
117900166,139,415,-276
117900168,41,152,-111
117900169,6,174,-168
117900170,2,61,-59
117900171,0,14,-14
117900172,12,27,-15
117900173,180,107,73
117900174,39,73,-34
117900175,6,38,-32
117900176,11,50,-39
117900177,39,38,1
117900178,131,64,67
117900180,483,60,423
117900181,133,322,-189
117900182,7,33,-26
117900183,81,225,-144
117900184,19,39,-20
117900185,41,51,-10
117900186,40,11,29
117900187,11,14,-3
117900188,205,53,152
117900189,63,49,14
117900190,19,3,16
117900191,88,1,87
117900192,239,4,235
117900193,0,89,-89
117900194,13,5,8
117900195,27,49,-22
117900196,35,15,20
117900207,195,123,72
117900208,24,30,-6
117900209,234,243,-9
117900210,135,187,-52
117900211,6,253,-247
117900212,84,232,-148
117900213,16,27,-11
117900214,13,44,-31
117900215,45,37,8
117900216,105,22,83
117900217,155,159,-4
117900218,338,489,-151
117900219,61,79,-18
117900220,368,206,162
117900222,184,338,-154
117900223,149,302,-153
118000001,1188,843,345
118000002,1635,2252,-617
118000003,5046,2864,2182
118000004,4690,2327,2363
118000005,5349,5504,-155
118000006,7771,11463,-3692
118000007,10694,2963,7731
118000008,7999,3503,4496
118000009,2617,4376,-1759
118000010,6772,4907,1865
118000011,1296,2663,-1367
118000012,1256,2537,-1281
118000013,3732,3356,376
118000014,2137,3364,-1227
118000016,188,470,-282
118000017,350,499,-149
118000018,463,475,-12
118000019,2818,1393,1425
118000020,2119,2568,-449
118000021,1119,2974,-1855
118000022,2784,829,1955
118000023,1525,290,1235
118000024,2271,1013,1258
118000027,17948,11786,6162
118000029,1086,687,399
118000032,1624,3472,-1848
118000033,3745,4291,-546
118000034,6238,2528,3710
118000035,2014,2358,-344
118000036,1533,1111,422
118000037,1159,873,286
118000038,109,104,5
118000039,151,461,-310
118000040,1962,1698,264
118000041,2971,1642,1329
118000045,1507,149,1358
118000046,3191,605,2586
118000047,4393,753,3640
118000048,6922,1566,5356
118000051,3659,924,2735
118000052,2768,573,2195
118000053,1166,688,478
118000054,2750,2034,716
118000055,1721,2296,-575
118000056,190,366,-176
118000057,194,449,-255
118000058,4621,1529,3092
118000059,3671,838,2833
118000060,1041,580,461
118000061,1107,1456,-349
118000062,789,333,456
118000063,542,456,86
118000064,1301,1305,-4
118000065,6090,2172,3918
118000066,927,1399,-472
118000067,1743,857,886
118000068,3123,4638,-1515
118000069,5601,1525,4076
118000070,8901,2326,6575
118000071,4966,7472,-2506
118000072,4508,1176,3332
118000073,4643,673,3970
118000074,1075,723,352
118000075,1066,323,743
118000076,2274,2062,212
118000077,1693,1300,393
118000078,2208,2184,24
118000079,252,402,-150
118000080,1568,1048,520
118000081,2154,1078,1076
118000082,414,1306,-892
118000083,2030,1830,200
118000084,3515,2310,1205
118000086,433,827,-394
118000087,6274,3032,3242
118000088,1993,2044,-51
118000089,3775,2337,1438
118000090,2145,3358,-1213
118000091,1437,2806,-1369
118000092,1371,549,822
118000093,149,853,-704
118000096,752,718,34
118000097,992,788,204
118000098,318,244,74
118000099,485,889,-404
118000101,1135,390,745
118000102,422,1417,-995
118000107,2612,541,2071
118000108,749,2713,-1964
118000110,1,21,-20
118000111,2,449,-447
118000112,524,11,513
118000113,1,845,-844
118000114,320,10,310
118000115,15,34,-19
118000116,110,1,109
118000117,1580,913,667
118000118,1129,928,201
118000119,932,1206,-274
118000120,1904,1521,383
118000121,156,581,-425
118000122,1984,348,1636
118000123,51,315,-264
118000125,2405,1096,1309
118000126,1655,1877,-222
118000127,1947,798,1149
118000128,768,1336,-568
118000129,1438,371,1067
118000130,3165,4599,-1434
118000131,939,937,2
118000132,2674,1909,765
118000133,1602,507,1095
118000135,836,498,338
118000136,114,469,-355
118000137,1010,114,896
118000138,400,643,-243
118000139,377,123,254
118000140,2555,4827,-2272
118000141,2290,2555,-265
118000142,1887,2588,-701
118000143,1801,1327,474
118000144,1472,1164,308
118000145,1903,2949,-1046
118000146,1410,1401,9
118000147,1211,1974,-763
118000148,699,1371,-672
118000149,939,1219,-280
118000150,442,442,0
118000151,432,487,-55
118000153,1368,1558,-190
118000154,1320,1838,-518
118000155,1097,1665,-568
118000156,2973,2866,107
118000157,531,443,88
118000158,150,573,-423
118000159,29,131,-102
118000160,505,524,-19
118000161,422,891,-469
118000162,2508,972,1536
118000163,786,1194,-408
118000164,2725,2144,581
118000168,1593,600,993
118000169,1421,1752,-331
118000170,5207,6453,-1246
118000171,340,700,-360
118000172,103,337,-234
118000173,1267,1347,-80
118000175,370,379,-9
118000176,260,393,-133
118000177,201,570,-369
118000178,125,52,73
118000179,1498,1080,418
118000180,808,847,-39
118000181,1015,370,645
118000182,348,310,38
118000183,274,344,-70
118000184,745,1135,-390
118000185,1012,962,50
118000186,879,864,15
118000187,1252,845,407
118000188,1127,255,872
118000189,607,850,-243
118000190,35,15,20
118000191,30,25,5
118000192,187,144,43
118000193,124,427,-303
118000194,2788,1247,1541
118000195,1564,735,829
118000196,1234,174,1060
118000197,1365,110,1255
118000198,1123,586,537
118000199,2366,488,1878
118000200,190,266,-76
118000201,931,484,447
118000202,100,91,9
118000203,2521,460,2061
118000204,315,433,-118
118000205,432,375,57
118000206,320,188,132
118000207,0,69,-69
118000208,1691,1786,-95
118000209,1910,2035,-125
118000210,55,43,12
118000211,24,41,-17
118000213,1728,1106,622
118000214,791,798,-7
118000215,298,713,-415
118000216,1867,4953,-3086
118000217,38,100,-62
118000218,43,108,-65
118000219,557,417,140
118000220,10,27,-17
118000221,167,313,-146
118000222,50,18,32
118000223,28,68,-40
118000224,316,88,228
118000225,165,858,-693
118000226,1627,152,1475
118000227,869,410,459
118000228,151,180,-29
118000229,396,56,340
118000230,160,244,-84
118000231,145,205,-60
118000232,824,1148,-324
118000233,956,839,117
118000234,411,327,84
118000236,557,380,177
118000237,85,726,-641
118000238,366,259,107
118000239,370,301,69
118000240,432,130,302
118000241,246,280,-34
118000242,370,681,-311
118000243,196,258,-62
118000244,21,171,-150
118000246,0,6,-6
118000255,84,302,-218
118000256,143,289,-146
118000259,5,95,-90
118000260,273,122,151
118000261,33,112,-79
118000263,107,244,-137
118000266,404,398,6
118000267,1,70,-69
118000268,960,2,958
118000270,71,43,28
118000271,158,379,-221
118000272,118,57,61
118000273,144,94,50
118000274,128,352,-224
118000276,355,298,57
118000295,4,97,-93
118000298,103,424,-321
118000299,66,223,-157
118000301,0,83,-83
118000302,106,85,21
118000311,453,115,338
118000312,321,250,71
118000313,47,154,-107
118000314,80,80,0
118000315,18,41,-23
118000316,749,669,80
118000325,40,60,-20
118000326,14,60,-46
118000331,22,47,-25
118000332,15,45,-30
118000333,38,101,-63
118000335,347,0,347
118000336,3,325,-322
118000407,154,55,99
118000457,19,23,-4
118000465,3861,4434,-573
118000480,35,157,-122
118000489,65,376,-311
118000490,50,437,-387
118000492,254,258,-4
118000510,60,16,44
118000514,209,363,-154
118000515,679,809,-130
118000517,464,225,239
118000524,648,181,467
118000525,1072,773,299
118000530,21,109,-88
118000531,247,352,-105
118000532,227,289,-62
118000533,468,163,305
118000534,913,419,494
118000535,219,154,65
118000536,841,1201,-360
118000537,41,81,-40
118000538,49,81,-32
118000539,15,67,-52
118000540,282,171,111
118000541,318,49,269
118000542,128,156,-28
118000543,183,199,-16
118000546,48,22,26
118000553,0,7,-7
118000560,3342,1990,1352
118000562,38,272,-234
118000563,2216,1599,617
118000576,228,232,-4
118000577,173,179,-6
118000578,223,186,37
118000579,757,1379,-622
118000583,0,0,0
118000595,182,111,71
118000596,0,67,-67
118000597,177,156,21
118000598,5,0,5
118000599,64,66,-2
118000600,0,11,-11
118000601,3,0,3
118000602,0,4,-4
118000603,0,53,-53
118000605,40,362,-322
118900001,1011,1544,-533
118900002,1131,954,177
118900003,378,18,360
118900004,44,45,-1
118900005,67,31,36
118900006,204,5,199
118900007,17,1,16
118900008,1298,52,1246
118900009,55,41,14
118900010,65,9,56
118900011,177,36,141
118900012,479,217,262
118900013,555,132,423
118900015,229,54,175
118900016,14,7,7
118900017,310,215,95
118900018,872,21,851
118900019,52,23,29
118900020,295,160,135
118900021,176,386,-210
118900022,120,92,28
118900023,206,109,97
118900024,125,161,-36
118900025,80,34,46
118900026,49,81,-32
118900027,482,368,114
118900028,123,158,-35
118900029,346,348,-2
118900030,307,110,197
118900031,128,107,21
118900032,188,198,-10
118900033,751,500,251
118900034,220,18,202
118900035,186,241,-55
118900036,1052,758,294
118900037,815,281,534
118900038,342,263,79
118900039,459,223,236
118900040,214,196,18
118900041,490,196,294
118900042,188,100,88
118900045,296,183,113
118900046,1006,364,642
118900047,677,345,332
118900048,424,212,212
118900049,66,57,9
118900050,31,157,-126
118900051,90,117,-27
118900052,595,203,392
118900053,45,98,-53
118900054,141,54,87
118900055,53,111,-58
118900056,88,326,-238
118900057,647,443,204
118900058,765,406,359
118900059,20,89,-69
118900060,26,108,-82
118900062,215,206,9
118900064,608,606,2
118900065,57,317,-260
118900066,62,93,-31
118900067,5699,3921,1778
118900068,9,626,-617
118900069,377,241,136
118900071,9,74,-65
118900072,420,455,-35
118900073,69,92,-23
118900074,114,226,-112
118900075,182,89,93
118900076,326,87,239
118900077,257,198,59
118900078,34,7,27
118900079,56,235,-179
118900080,15,110,-95
118900081,97,28,69
118900082,563,169,394
118900083,40,21,19
118900084,22,33,-11
118900085,540,1169,-629
118900086,33,83,-50
118900087,15,209,-194
118900088,0,15,-15
118900089,40,13,27
118900090,482,485,-3
118900091,190,175,15
118900092,149,110,39
118900093,167,16,151
118900096,85,103,-18
118900097,191,610,-419
118900099,81,243,-162
118900100,144,262,-118
118900101,120,597,-477
118900102,47,85,-38
118900103,40,145,-105
118900104,213,239,-26
118900105,289,103,186
118900107,157,111,46
118900108,117,118,-1
118900110,1607,842,765
118900111,420,635,-215
118900112,47,170,-123
118900113,76,640,-564
118900114,28,97,-69
118900115,127,387,-260
118900116,110,142,-32
118900117,122,183,-61
118900118,274,455,-181
118900119,127,318,-191
118900120,107,331,-224
118900121,22,252,-230
118900122,5,809,-804
118900123,108,236,-128
118900124,49,202,-153
118900126,22,320,-298
118900129,282,168,114
118900130,134,182,-48
118900131,115,224,-109
118900132,789,180,609
118900133,21,115,-94
118900135,253,254,-1
118900136,239,691,-452
118900137,8,27,-19
118900139,301,452,-151
118900140,436,910,-474
118900141,88,173,-85
118900144,148,575,-427
118900145,18,138,-120
118900146,331,817,-486
118900147,272,161,111
118900148,109,60,49
118900150,143,684,-541
118900152,437,922,-485
118900157,96,190,-94
118900158,77,83,-6
118900159,2,236,-234
118900161,145,6,139
118900163,223,78,145
118900164,8,122,-114
118900165,45,246,-201
118900166,16,0,16
118900167,56,142,-86
118900168,4,111,-107
118900169,126,525,-399
118900170,152,129,23
118900171,13,43,-30
118900174,81,58,23
118900175,341,507,-166
118900176,141,284,-143
118900177,63,74,-11
118900178,46,133,-87
118900179,7,36,-29
118900181,80,129,-49
118900182,94,68,26
118900183,19,138,-119
118900184,495,62,433
118900185,151,166,-15
118900186,63,80,-17
118900187,256,261,-5
118900188,280,270,10
118900189,30,802,-772
118900190,6,417,-411
118900191,138,69,69
118900192,195,28,167
118900193,494,6,488
118900195,360,792,-432
118900196,32,201,-169
118900197,113,67,46
118900198,30,23,7
118900199,91,45,46
118900200,16,8,8
118900201,51,22,29
118900202,26,101,-75
118900203,16,41,-25
118900204,20,38,-18
118900205,1,23,-22
118900206,2,26,-24
119000001,1535,1618,-83
119000002,4989,3312,1677
119000003,2478,1333,1145
119000004,2546,1791,755
119000005,1931,2290,-359
119000006,2671,1874,797
119000007,3935,3935,0
119000008,2588,2314,274
119000009,3644,4706,-1062
119000010,8366,4678,3688
119000011,5108,3147,1961
119000012,4207,3846,361
119000013,2076,1313,763
119000014,2897,3724,-827
119000019,223,138,85
119000020,1893,1469,424
119000021,3983,2655,1328
119000022,3760,2773,987
119000023,460,286,174
119000024,1998,9972,-7974
119000025,11166,1685,9481
119000026,243,399,-156
119000027,428,506,-78
119000028,2277,1578,699
119000029,128,284,-156
119000030,516,1080,-564
119000031,929,856,73
119000032,2023,2512,-489
119000033,2476,1886,590
119000034,1161,1105,56
119000035,30,369,-339
119000036,1502,983,519
119000037,1101,2073,-972
119000038,168,1171,-1003
119000039,345,372,-27
119000040,1271,653,618
119000041,1041,1365,-324
119000048,3569,4189,-620
119000049,1800,3047,-1247
119000050,1698,2810,-1112
119000051,1904,1145,759
119000052,2202,3488,-1286
119000053,1968,1209,759
119000054,2915,4100,-1185
119000055,3516,3939,-423
119000056,2216,2262,-46
119000057,1470,2673,-1203
119000058,1990,2454,-464
119000059,1389,2214,-825
119000060,1457,1179,278
119000061,1051,982,69
119000062,1307,1642,-335
119000063,388,402,-14
119000064,1576,1686,-110
119000065,2155,3671,-1516
119000066,2186,1184,1002
119000067,2226,2847,-621
119000068,1561,1312,249
119000069,1665,2772,-1107
119000070,2084,1194,890
119000071,489,809,-320
119000072,7019,3641,3378
119000073,5648,6830,-1182
119000074,1232,3504,-2272
119000075,1674,2617,-943
119000076,512,881,-369
119000077,1066,483,583
119000078,481,224,257
119000079,199,565,-366
119000080,427,209,218
119000081,357,312,45
119000082,1039,250,789
119000083,568,407,161
119000084,309,467,-158
119000085,517,268,249
119000086,259,436,-177
119000087,1729,1054,675
119000088,323,247,76
119000089,90,291,-201
119000090,150,167,-17
119000091,137,427,-290
119000092,469,231,238
119000093,4552,3600,952
119000094,2884,7244,-4360
119000095,1550,3179,-1629
119000097,2634,1834,800
119000098,830,2336,-1506
119000099,2600,2264,336
119000100,3285,2854,431
119000101,4273,2066,2207
119000102,1312,844,468
119000103,2158,454,1704
119000104,3059,1575,1484
119000105,1037,1690,-653
119000106,375,1664,-1289
119000107,734,584,150
119000108,423,1159,-736
119000109,159,347,-188
119000110,546,303,243
119000111,73,563,-490
119000112,260,110,150
119000113,2429,298,2131
119000114,886,1183,-297
119000115,161,215,-54
119000116,160,112,48
119000117,150,385,-235
119000118,1,1,0
119000123,5852,846,5006
119000124,855,216,639
119000125,3179,1159,2020
119000126,963,972,-9
119000127,554,761,-207
119000128,16,9,7
119000131,947,991,-44
119000132,3,5,-2
119000133,2,8,-6
119000134,3128,757,2371
119000135,99,206,-107
119000136,277,225,52
119000137,165,465,-300
119000138,426,345,81
119000139,200,283,-83
119000140,182,351,-169
119000284,1517,3801,-2284
119000285,2689,2726,-37
119000286,7929,6655,1274
119000287,1470,2527,-1057
119000288,2405,1666,739
119000289,2883,4396,-1513
119000290,137,536,-399
119000291,16,396,-380
119000293,84,182,-98
119000294,42,33,9
119000295,2004,580,1424
119000296,155,149,6
119000302,3548,1875,1673
119000303,49,137,-88
119000310,0,1,-1
119000314,1462,8496,-7034
119000315,3,544,-541
119000316,124,117,7
119000317,46,422,-376
119900001,275,1324,-1049
119900002,127,325,-198
119900003,57,1219,-1162
119900004,367,842,-475
119900005,170,144,26
119900006,215,426,-211
119900007,962,203,759
119900008,95,31,64
119900009,552,662,-110
119900010,1097,980,117
119900011,20,74,-54
119900012,15,91,-76
119900013,1845,784,1061
119900014,622,227,395
119900015,110,31,79
119900016,45,107,-62
119900017,32,55,-23
119900018,2380,763,1617
119900019,63,10,53
119900020,156,195,-39
119900021,167,125,42
119900022,163,561,-398
119900023,863,1171,-308
119900025,197,11,186
119900026,1029,138,891
119900027,17,39,-22
119900028,273,145,128
119900029,3,4,-1
119900030,565,545,20
119900031,96,437,-341
119900033,2207,273,1934
119900034,352,171,181
119900037,175,56,119
119900038,57,276,-219
119900039,42,11,31
119900040,109,8,101
119900041,97,42,55
119900042,89,183,-94
119900043,126,196,-70
119900044,294,732,-438
119900046,85,78,7
119900047,242,63,179
119900048,78,42,36
119900049,168,50,118
119900050,110,132,-22
119900051,456,9,447
119900052,21,51,-30
119900053,175,199,-24
119900054,117,5,112
119900055,1088,521,567
119900057,159,69,90
119900058,199,5,194
119900059,176,71,105
119900060,210,11,199
119900062,42,21,21
119900063,13,65,-52
119900065,289,7,282
119900066,1,0,1
119900067,84,25,59
119900068,392,5,387
119900069,95,35,60
119900070,722,7,715
119900071,598,20,578
119900073,1863,682,1181
119900074,53,33,20
119900075,5941,2589,3352
119900076,469,518,-49
119900077,740,1217,-477
119900078,497,996,-499
119900079,183,306,-123
119900080,1540,1399,141
119900081,235,53,182
119900082,1252,297,955
119900083,457,121,336
119900084,1206,273,933
119900085,162,105,57
119900087,887,313,574
119900088,62,71,-9
119900089,14,594,-580
119900090,220,84,136
119900091,56,1242,-1186
119900092,64,453,-389
119900093,1058,259,799
119900094,42,190,-148
119900095,242,124,118
119900096,52,148,-96
119900097,751,157,594
119900098,37,65,-28
119900099,39,275,-236
119900100,2618,2363,255
119900101,196,1121,-925
119900102,45,340,-295
119900103,30,426,-396
119900104,31,262,-231
119900105,880,1331,-451
119900106,16,221,-205
119900107,455,3662,-3207
119900108,2335,750,1585
119900109,79,324,-245
119900110,572,813,-241
119900111,60,373,-313
119900112,2764,619,2145
119900113,98,372,-274
119900114,250,1686,-1436
119900115,238,1409,-1171
119900116,151,509,-358
119900117,234,918,-684
119900118,39,1281,-1242
119900119,188,279,-91
119900120,628,708,-80
119900121,306,1393,-1087
119900122,647,445,202
119900123,255,459,-204
119900124,205,1163,-958
119900125,73,455,-382
119900126,5243,437,4806
119900127,2651,948,1703
119900128,488,1017,-529
119900129,225,803,-578
119900130,40,307,-267
119900131,59,366,-307
119900132,1,276,-275
119900133,51,59,-8
119900134,2488,336,2152
119900135,2,553,-551
119900136,145,503,-358
119900138,397,683,-286
119900139,146,91,55
119900140,9,125,-116
119900141,158,752,-594
119900142,16,40,-24
119900143,14,202,-188
119900144,2369,285,2084
119900145,175,234,-59
119900146,185,188,-3
119900147,2,169,-167
119900148,204,76,128
119900149,1758,3403,-1645
119900150,161,190,-29
119900151,2216,860,1356
119900152,104,451,-347
119900153,197,97,100
119900154,46,335,-289
119900155,44,41,3
119900156,20,4,16
119900157,154,316,-162
119900158,128,95,33
119900159,17,1921,-1904
119900160,20,241,-221
119900161,195,254,-59
119900162,792,1059,-267
119900163,152,177,-25
119900164,0,0,0
119900165,123,264,-141
119900166,104,74,30
119900167,133,172,-39
119900168,731,550,181
119900169,170,418,-248
119900170,215,238,-23
119900171,1088,545,543
119900172,127,22,105
119900173,6,494,-488
119900174,4,230,-226
119900175,1020,730,290
119900177,45,259,-214
119900178,6,162,-156
119900179,115,352,-237
119900180,987,814,173
119900181,49,74,-25
119900182,13,499,-486
119900183,128,909,-781
119900184,3233,717,2516
119900185,42,189,-147
119900186,64,719,-655
119900187,7,562,-555
119900188,81,348,-267
119900189,523,396,127
119900190,88,211,-123
119900191,418,206,212
119900192,60,211,-151
119900193,280,274,6
119900194,21,91,-70
119900195,59,239,-180
119900196,1720,513,1207
119900197,201,171,30
119900198,74,396,-322
119900199,141,27,114
119900200,609,749,-140
119900201,419,229,190
119900202,146,195,-49
119900203,258,480,-222
119900204,253,331,-78
119900205,634,723,-89
119900206,118,191,-73
119900208,189,203,-14
119900209,568,1164,-596
119900210,23,37,-14
119900211,75,6,69
119900212,211,423,-212
119900213,7,85,-78
119900214,24,92,-68
119900215,46,85,-39
119900216,16,93,-77
119900217,13,92,-79
119900218,15,78,-63
119900219,9,173,-164
119900220,4,128,-124
119900221,15,355,-340
119900222,23,269,-246
119900223,11,92,-81
119900224,18,41,-23
119900225,1139,64,1075
119900226,891,1987,-1096
119900227,1364,439,925
119900228,107,228,-121
119900229,391,589,-198
119900230,2064,816,1248
119900231,226,224,2
119900232,216,92,124
119900233,45,1,44
119900234,33,74,-41
119900235,15,52,-37
119900236,28,273,-245
119900237,84,545,-461
119900238,2,96,-94
119900240,84,184,-100
119900241,163,295,-132
119900242,1718,2356,-638
119900244,855,1657,-802
119900245,143,197,-54
119900246,333,447,-114
119900247,33,125,-92
119900248,84,139,-55
119900249,233,116,117
119900253,3951,399,3552
119900254,81,584,-503
119900255,97,596,-499
119900256,537,1114,-577
119900257,82,13,69
119900258,187,51,136
119900259,9,122,-113
119900260,98,6,92
119900261,282,201,81
119900262,5,267,-262
119900263,1172,489,683
119900264,109,263,-154
119900265,347,375,-28
119900266,276,332,-56
119900267,249,571,-322
119900268,98,265,-167
119900269,865,1270,-405
119900271,26,119,-93
119900272,285,115,170
119900275,111,16,95
119900276,35,1,34
119900277,12,5,7
119900278,275,88,187
119900279,109,288,-179
119900280,1013,236,777
119900281,1,195,-194
119900282,61,67,-6
119900283,6,336,-330
119900284,46,301,-255
119900285,37,85,-48
119900286,5,21,-16
119900288,14,39,-25
119900289,3,45,-42
119900290,6,40,-34
119900291,4,68,-64
119900292,47,33,14
119900293,25,2,23
119900294,32,1,31
119900295,0,0,0
119900296,0,0,0
119900299,38,224,-186
119900300,187,181,6
119900301,118,48,70
119900302,111,69,42
119900303,170,178,-8
119900304,189,41,148
119900305,17,121,-104
119900306,22,3,19
119900307,37,157,-120
119900308,6,23,-17
119900309,34,119,-85
119900310,378,373,5
119900311,78,159,-81
119900312,93,82,11
119900313,362,421,-59
119900314,161,419,-258
119900315,1268,2696,-1428
119900318,9,16,-7
119900319,21,337,-316
119900320,192,710,-518
119900321,59,2,57
119900322,43,83,-40
119900323,2,177,-175
119900324,1,54,-53
119900325,174,484,-310
119900326,180,77,103
120000001,8846,15628,-6782
120000002,2966,3295,-329
120000003,3726,1889,1837
120000004,3119,2638,481
120000005,5349,2330,3019
120000006,1436,1699,-263
120000007,4044,3238,806
120000008,1452,1648,-196
120000009,4178,1225,2953
120000010,1916,2916,-1000
120000011,1178,2146,-968
120000012,1707,3482,-1775
120000013,2888,3244,-356
120000014,849,1994,-1145
120000015,2919,1948,971
120000016,3689,2767,922
120000017,2934,2713,221
120000018,4847,11120,-6273
120000019,998,1683,-685
120000020,3357,3271,86
120000021,1984,2433,-449
120000022,2839,4370,-1531
120000023,948,1950,-1002
120000024,1455,2553,-1098
120000025,2346,2498,-152
120000026,1479,2007,-528
120000027,1581,2287,-706
120000028,876,492,384
120000029,4424,588,3836
120000030,279,1011,-732
120000031,1958,8789,-6831
120000032,9978,4354,5624
120000033,4734,2193,2541
120000034,1802,2176,-374
120000035,1976,2589,-613
120000036,2934,5771,-2837
120000037,767,1822,-1055
120000038,9079,3646,5433
120000039,505,984,-479
120000040,107,228,-121
120000041,1211,1804,-593
120000042,2196,3869,-1673
120000043,5224,2956,2268
120000044,4645,1744,2901
120000045,4790,1217,3573
120000046,2343,2599,-256
120000047,1695,5176,-3481
120000048,8867,4453,4414
120000049,4277,3276,1001
120000050,4930,5533,-603
120000051,3680,5271,-1591
120000052,13439,3108,10331
120000053,1249,3720,-2471
120000054,1436,6009,-4573
120000055,1693,6269,-4576
120000056,3688,5078,-1390
120000057,3245,730,2515
120000058,2215,288,1927
120000059,31,1426,-1395
120000061,195,761,-566
120000062,253,419,-166
120000063,2004,3263,-1259
120000064,271,1650,-1379
120000065,649,1998,-1349
120000066,350,516,-166
120000067,81,622,-541
120000068,215,1098,-883
120000069,825,1566,-741
120000070,62,958,-896
120000071,400,215,185
120000072,649,613,36
120000073,674,94,580
120000074,109,76,33
120000075,862,347,515
120000076,1673,452,1221
120000077,1738,739,999
120000078,4396,1157,3239
120000079,329,416,-87
120000080,207,316,-109
120000081,342,233,109
120000082,210,298,-88
120000083,171,663,-492
120000084,426,493,-67
120000085,322,353,-31
120000086,310,672,-362
120000087,212,998,-786
120000088,849,1511,-662
120000089,1113,773,340
120000090,705,603,102
120000091,982,1172,-190
120000092,1220,748,472
120000093,400,546,-146
120000094,171,659,-488
120000095,961,600,361
120000096,247,984,-737
120000098,900,1026,-126
120000099,406,958,-552
120000100,776,1203,-427
120000101,502,562,-60
120000102,484,750,-266
120000103,1204,831,373
120000104,1572,540,1032
120000105,2547,727,1820
120000106,2003,683,1320
120000107,2993,714,2279
120000108,1133,157,976
120000109,1173,77,1096
120000110,105,1195,-1090
120000111,162,1349,-1187
120000112,947,4174,-3227
120000113,691,3064,-2373
120000114,1029,3537,-2508
120000115,354,2913,-2559
120000116,657,2388,-1731
120000117,1637,1720,-83
120000118,63,36,27
120000119,30,53,-23
120000120,94,68,26
120000121,54,63,-9
120000122,307,395,-88
120000123,6995,5247,1748
120000124,414,504,-90
120000125,419,889,-470
120000126,456,877,-421
120000127,2796,898,1898
120000128,4379,2951,1428
120000129,258,343,-85
120000130,824,702,122
120000131,330,634,-304
120000134,430,1314,-884
120000135,427,475,-48
120000137,211,1887,-1676
120000138,802,594,208
120000139,307,1055,-748
120000140,686,744,-58
120000141,252,537,-285
120000142,387,656,-269
120000143,1,100,-99
120000144,107,2,105
120000145,385,9,376
120000146,2437,1085,1352
120000149,578,1033,-455
120000150,4585,12439,-7854
120000151,412,626,-214
120000152,383,231,152
120000153,248,690,-442
120000154,465,475,-10
120000155,156,349,-193
120000156,1422,787,635
120000157,1044,682,362
120000158,1007,1154,-147
120000159,2331,2807,-476
120000160,2517,1748,769
120000161,2028,3031,-1003
120000162,73,342,-269
120000163,604,1497,-893
120000164,407,489,-82
120000165,467,982,-515
120000166,1167,633,534
120000167,47,74,-27
120000168,6,276,-270
120000169,46,715,-669
120000170,79,335,-256
120000171,18,102,-84
120000172,39,62,-23
120000173,4267,304,3963
120000174,1106,27,1079
120000175,1851,42,1809
120000176,1028,31,997
120000177,1983,182,1801
120000178,172,13,159
120000179,777,30,747
120000180,1018,87,931
120000181,137,410,-273
120000182,101,173,-72
120000183,13,191,-178
120000184,128,843,-715
120000186,155,137,18
120000187,143,94,49
120000188,1029,120,909
120000190,2081,14,2067
120000191,2125,51,2074
120000192,1769,46,1723
120000193,1112,22,1090
120000195,97,5,92
120000196,380,83,297
120000197,121,227,-106
120000198,132,117,15
120000199,138,4,134
120000200,77,0,77
120000201,16,15,1
120000202,2,57,-55
120000203,31,276,-245
120000207,3,94,-91
120000208,20,299,-279
120000209,6,78,-72
120000210,152,103,49
120000211,115,1,114
120000212,168,0,168
120000213,90,382,-292
120000214,4,416,-412
120000215,6,211,-205
120000216,69,7,62
120000217,855,1341,-486
120000218,259,979,-720
120000219,6,681,-675
120000220,10,2047,-2037
120000225,1117,1,1116
120000226,339,8,331
120000227,764,50,714
120000228,6569,3200,3369
120000230,324,11,313
120000231,1105,2613,-1508
120000233,298,59,239
120000235,190,883,-693
120000236,1055,2,1053
120000237,2,1992,-1990
120000238,0,187,-187
120000241,1315,4161,-2846
120000412,1521,22,1499
120000413,227,465,-238
120000414,104,2,102
120000415,10,233,-223
120000416,56,9,47
120000417,14,95,-81
120000418,81,9,72
120000419,10,466,-456
120000420,60,33,27
120000421,14089,7118,6971
120000422,168,756,-588
120000423,0,46,-46
120000424,57,176,-119
120000436,133,481,-348
120000437,171,184,-13
120000438,4552,384,4168
120000439,166,467,-301
120000443,169,0,169
120000444,1228,692,536
120000445,1624,1457,167
120000446,1080,314,766
120000447,177,6,171
120000449,104,5,99
120000450,7,350,-343
120000451,172,276,-104
120000452,170,5,165
120000453,4,624,-620
120000454,100,40,60
120000455,96,74,22
120000456,2824,4144,-1320
120000457,1187,867,320
120000458,549,887,-338
120000459,54,105,-51
120000665,2324,203,2121
120000668,169,346,-177
120000669,47,221,-174
120000670,326,329,-3
120000671,1230,555,675
120000672,130,644,-514
120900001,75,91,-16
120900002,757,439,318
120900003,529,51,478
120900004,5,83,-78
120900005,58,981,-923
120900006,364,204,160
120900007,146,145,1
120900008,219,1375,-1156
120900009,877,64,813
120900010,528,96,432
120900011,376,154,222
120900012,778,1093,-315
120900013,309,76,233
120900014,3,637,-634
120900015,508,59,449
120900016,765,50,715
120900017,3377,148,3229
120900018,118,546,-428
120900019,512,250,262
120900020,857,1159,-302
120900021,674,173,501
120900022,112,377,-265
120900023,207,57,150
120900024,1950,490,1460
120900025,2241,1367,874
120900026,225,213,12
120900027,889,32,857
120900028,320,87,233
120900029,164,354,-190
120900030,1051,626,425
120900031,282,78,204
120900032,805,190,615
120900033,911,54,857
120900034,36,2804,-2768
120900035,28,111,-83
120900037,172,9,163
120900038,44,202,-158
120900039,112,46,66
120900040,252,7,245
120900041,249,114,135
120900042,357,64,293
120900043,56,25,31
120900044,8,476,-468
120900045,188,155,33
120900046,349,5,344
120900047,189,95,94
120900048,134,16,118
120900049,351,3,348
120900050,2662,1247,1415
120900051,319,151,168
120900052,547,7,540
120900053,242,92,150
120900054,1831,961,870
120900055,337,4,333
120900056,435,17,418
120900057,131,23,108
120900058,416,0,416
120900059,73,5,68
120900060,66,52,14
120900061,274,445,-171
120900062,194,2,192
120900063,444,3,441
120900064,480,0,480
120900065,332,1,331
120900066,204,402,-198
120900067,298,178,120
120900068,269,0,269
120900069,242,70,172
120900071,19,1,18
120900072,622,3,619
120900073,375,284,91
120900074,678,133,545
120900076,261,2,259
120900077,4306,289,4017
120900078,710,1035,-325
120900079,657,128,529
120900080,541,2428,-1887
120900081,788,1108,-320
120900082,664,414,250
120900083,134,48,86
120900084,295,381,-86
120900085,131,186,-55
120900086,115,379,-264
120900087,460,260,200
120900088,243,339,-96
120900089,4763,2176,2587
120900090,122,201,-79
120900091,710,681,29
120900092,1603,795,808
120900093,3555,328,3227
120900094,631,278,353
120900095,584,40,544
120900096,72,276,-204
120900097,697,913,-216
120900098,396,208,188
120900099,69,95,-26
120900100,140,366,-226
120900101,887,393,494
120900102,23,151,-128
120900103,57,220,-163
120900104,27,65,-38
120900105,26,715,-689
120900106,1623,719,904
120900107,296,163,133
120900108,7,905,-898
120900109,54,727,-673
120900110,17,1178,-1161
120900111,211,424,-213
120900112,6,1179,-1173
120900113,23,994,-971
120900114,38,195,-157
120900115,190,188,2
120900116,302,622,-320
120900117,4,737,-733
120900118,6,1081,-1075
120900119,3398,7289,-3891
120900120,70,789,-719
120900121,183,708,-525
120900122,437,667,-230
120900123,3,430,-427
120900124,1,818,-817
120900125,6,1069,-1063
120900126,1975,1417,558
120900127,17,578,-561
120900128,1321,1741,-420
120900129,54,442,-388
120900130,3,556,-553
120900131,47,76,-29
120900132,751,379,372
120900133,190,1188,-998
120900134,855,460,395
120900135,14,842,-828
120900136,30,47,-17
120900137,217,124,93
120900138,23,249,-226
120900139,6,886,-880
120900140,2,75,-73
120900141,179,160,19
120900142,26,845,-819
120900143,6,1065,-1059
120900144,3,214,-211
120900145,124,905,-781
120900146,4,1300,-1296
120900147,1,559,-558
120900148,103,174,-71
120900149,0,397,-397
120900150,38,750,-712
120900151,1,756,-755
120900152,10,72,-62
120900153,8,106,-98
120900154,3,370,-367
120900155,185,1369,-1184
120900156,17,394,-377
120900157,43,362,-319
120900158,49,583,-534
120900159,100,353,-253
120900160,36,651,-615
120900161,24,627,-603
120900162,12,652,-640
120900163,30,313,-283
120900164,0,3,-3
120900165,8,17,-9
120900166,236,253,-17
120900167,614,150,464
120900169,60,600,-540
120900170,2123,2234,-111
120900171,1276,466,810
120900172,1971,366,1605
120900173,0,61,-61
120900174,9,131,-122
120900175,311,286,25
120900176,17,381,-364
120900177,5,968,-963
120900178,0,446,-446
120900179,1057,581,476
120900180,192,134,58
120900181,66,79,-13
120900182,13,714,-701
120900183,316,186,130
120900184,110,71,39
120900185,17,413,-396
120900186,1,550,-549
120900187,540,1033,-493
120900188,154,39,115
120900189,157,893,-736
120900190,58,14,44
120900191,5,37,-32
120900192,14435,5798,8637
120900194,35,111,-76
120900195,174,345,-171
120900196,887,49,838
120900197,633,102,531
120900198,276,696,-420
120900199,253,395,-142
120900200,99,106,-7
120900201,630,147,483
120900202,0,219,-219
120900203,31,91,-60
120900204,222,406,-184
120900205,75,113,-38
120900206,14,31,-17
120900207,66,1646,-1580
121000001,1341,1194,147
121000002,3778,2457,1321
121000003,4048,2248,1800
121000004,3592,7791,-4199
121000005,2930,3200,-270
121000006,4517,2042,2475
121000007,4341,2867,1474
121000008,10159,4565,5594
121000009,7627,6627,1000
121000010,12077,7998,4079
121000011,10571,15019,-4448
121000012,18759,13304,5455
121000013,5970,8527,-2557
121000014,8276,8038,238
121000015,6825,8028,-1203
121000016,5587,5156,431
121000017,2668,4414,-1746
121000018,2481,1946,535
121000019,20847,12839,8008
121000020,12778,13634,-856
121000021,4055,3388,667
121000022,2602,2519,83
121000023,4962,3674,1288
121000024,4746,4813,-67
121000025,668,2074,-1406
121000026,300,175,125
121000027,1709,1243,466
121000028,951,511,440
121000029,1435,792,643
121000030,758,427,331
121000031,914,771,143
121000032,328,110,218
121000034,816,190,626
121000035,346,116,230
121000036,2169,1317,852
121000037,991,567,424
121000038,1070,921,149
121000039,560,718,-158
121000041,811,646,165
121000042,299,415,-116
121000043,1098,602,496
121000044,2173,989,1184
121000045,535,304,231
121000046,792,926,-134
121000047,670,133,537
121000049,2701,618,2083
121000050,442,1246,-804
121000051,1199,338,861
121000052,729,723,6
121000053,500,128,372
121000054,41,371,-330
121000055,1701,1154,547
121000056,877,1115,-238
121000057,416,558,-142
121000058,426,161,265
121000059,2269,1682,587
121000060,559,1202,-643
121000061,212,208,4
121000062,213,375,-162
121000063,846,637,209
121000064,881,1052,-171
121000065,606,403,203
121000066,871,615,256
121000067,1184,442,742
121000068,1089,554,535
121000069,1368,674,694
121000070,2448,1273,1175
121000071,1803,1348,455
121000072,1601,930,671
121000073,1612,840,772
121000074,99,141,-42
121000075,107,328,-221
121000076,1875,445,1430
121000077,148,173,-25
121000078,150,192,-42
121000080,2642,732,1910
121000081,4047,3837,210
121000082,162,270,-108
121000083,323,164,159
121000084,286,190,96
121000085,283,638,-355
121000086,160,817,-657
121000087,72,295,-223
121000088,450,804,-354
121000089,531,380,151
121000090,733,427,306
121000091,1841,909,932
121000092,229,87,142
121000093,219,200,19
121000094,516,846,-330
121000095,381,559,-178
121000096,2394,2694,-300
121000097,1219,2074,-855
121000098,594,1187,-593
121000099,758,889,-131
121000100,1100,538,562
121000101,451,323,128
121000102,308,375,-67
121000103,248,269,-21
121000104,378,189,189
121000105,343,264,79
121000106,336,382,-46
121000107,3091,4021,-930
121000109,1719,1160,559
121000110,369,855,-486
121000114,2992,2139,853
121000115,1055,816,239
121000116,366,989,-623
121000117,1036,282,754
121000118,1516,261,1255
121000119,474,490,-16
121000120,321,467,-146
121000121,809,1041,-232
121000123,2044,504,1540
121000127,229,143,86
121000128,1035,547,488
121000129,885,528,357
121000130,545,903,-358
121000131,2316,1802,514
121000132,1557,1448,109
121000135,374,284,90
121000136,2532,674,1858
121000137,493,241,252
121000138,1908,791,1117
121000139,1075,127,948
121000141,336,162,174
121000142,1037,863,174
121000143,139,32,107
121000144,957,1657,-700
121000145,805,1203,-398
121000146,1405,805,600
121000147,1145,528,617
121000148,1209,1152,57
121000149,2550,1449,1101
121000152,585,841,-256
121000153,1853,773,1080
121000154,867,1168,-301
121000155,1415,1384,31
121000156,508,1354,-846
121000157,1257,2555,-1298
121000158,478,755,-277
121000159,229,641,-412
121000160,347,670,-323
121000161,178,404,-226
121000162,80,273,-193
121000165,1653,1954,-301
121000166,13,753,-740
121000168,617,274,343
121000169,96,181,-85
121000170,310,192,118
121000171,98,154,-56
121000172,732,516,216
121000173,1314,1158,156
121000174,342,527,-185
121000175,1139,515,624
121000176,435,255,180
121000177,1302,661,641
121000178,237,63,174
121000179,75,61,14
121000181,604,559,45
121000182,100,136,-36
121000183,65,81,-16
121000184,196,70,126
121000185,70,156,-86
121000186,200,453,-253
121000187,153,215,-62
121000188,234,209,25
121000192,735,369,366
121000193,761,493,268
121000194,2838,2477,361
121000195,524,989,-465
121000196,1100,257,843
121000197,489,709,-220
121000198,596,96,500
121000199,198,393,-195
121000200,550,87,463
121000201,5,247,-242
121000202,1202,160,1042
121000203,1178,2270,-1092
121000204,3506,815,2691
121000205,360,283,77
121000206,281,30,251
121000207,2523,515,2008
121000208,17,460,-443
121000209,398,412,-14
121000210,560,512,48
121000211,255,165,90
121000212,331,793,-462
121000213,8801,3377,5424
121000214,817,3677,-2860
121000215,1303,875,428
121000216,750,865,-115
121000217,6653,4359,2294
121000218,648,1838,-1190
121000219,2541,564,1977
121000220,435,59,376
121000221,190,259,-69
121000222,3489,2643,846
121000223,1262,377,885
121000224,442,188,254
121000225,4642,1514,3128
121000226,12669,1485,11184
121000227,7,205,-198
121000228,16,699,-683
121000229,357,388,-31
121000230,93,1704,-1611
121000231,950,55,895
121000232,335,303,32
121000233,708,390,318
121000234,25,51,-26
121000235,65,52,13
121000236,8,76,-68
121000237,17,17,0
121000238,6,102,-96
121000239,27,6,21
121000240,7,372,-365
121000241,81,4,77
121000242,48,257,-209
121000243,303,139,164
121000244,11,73,-62
121000245,55,18,37
121000246,0,94,-94
121000247,86,2,84
121000248,991,504,487
121000249,139,325,-186
121000250,830,154,676
121000251,26,575,-549
121000252,120,70,50
121000253,877,514,363
121000254,1629,319,1310
121000255,399,156,243
121000256,772,249,523
121000257,118,95,23
121000258,337,48,289
121000259,192,65,127
121000260,344,143,201
121000261,352,49,303
121000262,1271,1628,-357
121000263,433,429,4
121000271,266,1921,-1655
121000273,346,9,337
121000274,21,52,-31
121000275,3,19,-16
121000276,7,42,-35
121000278,258,70,188
121000279,80,9,71
121000280,246,33,213
121000289,289,38,251
121000290,1456,814,642
121000294,155,190,-35
121000297,1168,1909,-741
121000299,831,285,546
121000300,650,802,-152
121000302,87,1014,-927
121000303,659,386,273
121000304,525,65,460
121000305,202,45,157
121000306,128,130,-2
121000308,210,476,-266
121000309,655,647,8
121000310,189,368,-179
121000311,84,935,-851
121000312,296,240,56
121000313,382,670,-288
121000314,171,139,32
121000315,49,119,-70
121000530,1372,1506,-134
121000531,1345,1612,-267
121000532,6699,6681,18
121000533,2944,3408,-464
121000918,139,199,-60
121000919,106,50,56
121000938,202,135,67
121000939,210,179,31
121000956,1231,1682,-451
121000957,2,13,-11
121000958,246,37,209
121000959,758,931,-173
121000960,2476,2245,231
121000961,240,73,167
121000962,334,1458,-1124
121000973,1,163,-162
121000976,23,248,-225
121000979,373,129,244
121000981,372,194,178
121000982,466,200,266
121000983,498,417,81
121000984,79,44,35
121000985,802,730,72
121000986,825,337,488
121000987,226,1206,-980
121000988,800,142,658
121001302,388,142,246
121001308,4,4,0
121001309,161,110,51
121001313,497,325,172
121001314,3093,4149,-1056
121001315,4718,2816,1902
121900001,120,176,-56
121900002,176,30,146
121900003,442,11,431
121900004,172,437,-265
121900005,22,14,8
121900006,120,41,79
121900007,2201,3258,-1057
121900008,2556,574,1982
121900009,621,21,600
121900010,313,6,307
121900011,277,418,-141
121900012,27,2,25
121900013,1976,64,1912
121900014,1258,462,796
121900015,226,161,65
121900016,6,43,-37
121900017,428,641,-213
121900018,348,8,340
121900019,331,269,62
121900020,21,5,16
121900021,779,14,765
121900022,315,208,107
121900023,133,420,-287
121900024,379,117,262
121900025,527,384,143
121900026,414,49,365
121900027,290,128,162
121900028,190,11,179
121900029,206,237,-31
121900030,693,937,-244
121900031,1247,7961,-6714
121900032,117,94,23
121900033,159,189,-30
121900034,413,111,302
121900035,2574,2392,182
121900036,92,376,-284
121900037,148,645,-497
121900038,32,155,-123
121900039,450,41,409
121900040,45,76,-31
121900041,57,148,-91
121900042,401,123,278
121900043,2,4,-2
121900044,216,73,143
121900046,320,243,77
121900047,208,46,162
121900048,47,166,-119
121900050,30,42,-12
121900051,156,153,3
121900052,175,48,127
121900053,486,389,97
121900054,597,889,-292
121900055,13,13,0
121900058,296,229,67
121900059,474,149,325
121900060,145,332,-187
121900061,770,167,603
121900062,164,92,72
121900063,1262,319,943
121900064,347,613,-266
121900066,71,21,50
121900067,64,49,15
121900069,156,138,18
121900070,384,80,304
121900071,291,252,39
121900072,51,174,-123
121900073,426,211,215
121900074,634,815,-181
121900075,1169,404,765
121900076,1157,593,564
121900077,23,26,-3
121900078,92,38,54
121900079,0,0,0
121900080,959,449,510
121900082,64,103,-39
121900084,11,231,-220
121900085,2,11,-9
121900086,16,39,-23
121900087,192,108,84
121900088,2020,3473,-1453
121900089,197,347,-150
121900090,29,133,-104
121900091,48,140,-92
121900092,78,83,-5
121900093,63,71,-8
121900094,9,4,5
121900095,230,161,69
121900096,1644,675,969
121900097,682,184,498
121900098,4,9,-5
121900099,291,67,224
121900100,260,420,-160
121900101,131,143,-12
121900102,6,103,-97
121900103,1169,245,924
121900104,1662,353,1309
121900105,258,164,94
121900106,7,12,-5
121900107,61,33,28
121900108,1,31,-30
121900109,433,185,248
121900110,452,1020,-568
121900111,1700,112,1588
121900112,272,124,148
121900113,69,632,-563
121900114,62,126,-64
121900117,686,49,637
121900118,2405,675,1730
121900119,141,144,-3
121900120,41,1882,-1841
121900121,697,80,617
121900122,38,68,-30
121900123,224,571,-347
121900124,119,207,-88
121900125,1406,1448,-42
121900127,4,100,-96
121900128,118,130,-12
121900129,732,161,571
121900130,143,267,-124
121900131,346,107,239
121900132,103,129,-26
121900133,63,484,-421
121900134,40,139,-99
121900135,2159,280,1879
121900136,237,438,-201
121900137,57,457,-400
121900138,121,187,-66
121900139,393,417,-24
121900140,85,166,-81
121900141,51,31,20
121900142,151,175,-24
121900143,14,225,-211
121900144,150,253,-103
121900145,158,215,-57
121900146,787,794,-7
121900147,31,163,-132
121900148,243,259,-16
121900149,385,749,-364
121900150,63,105,-42
121900151,103,242,-139
121900152,83,175,-92
121900153,122,580,-458
121900154,30,194,-164
121900155,1,158,-157
121900156,150,84,66
121900157,4,453,-449
121900158,71,114,-43
121900159,4,277,-273
121900160,109,254,-145
121900161,481,355,126
121900162,140,179,-39
121900163,285,701,-416
121900164,572,178,394
121900165,276,165,111
121900166,338,149,189
121900167,190,91,99
121900168,246,207,39
121900169,7,320,-313
121900170,3,212,-209
121900171,629,651,-22
121900172,550,309,241
121900173,1067,264,803
121900174,35,65,-30
121900175,417,164,253
121900176,794,1420,-626
121900177,210,81,129
121900178,57,64,-7
121900179,328,122,206
121900180,4729,4634,95
121900182,939,306,633
121900183,914,698,216
121900184,70,522,-452
121900186,12,228,-216
121900187,59,158,-99
121900188,557,512,45
121900189,38,127,-89
121900190,264,576,-312
121900191,87,192,-105
121900192,402,655,-253
121900193,88,167,-79
121900194,6,114,-108
121900195,100,106,-6
121900196,1008,1556,-548
121900197,319,1607,-1288
121900198,1018,1771,-753
121900199,1,24,-23
121900200,169,255,-86
121900201,1134,762,372
121900202,154,713,-559
121900203,230,1243,-1013
121900204,1189,1503,-314
121900205,12,100,-88
121900206,17,13,4
121900207,227,64,163
121900208,232,317,-85
121900209,65,30,35
121900210,2221,1324,897
121900211,262,552,-290
121900212,103,114,-11
121900213,166,96,70
121900214,9,630,-621
121900215,64,148,-84
121900216,98,152,-54
121900217,236,124,112
121900218,254,579,-325
121900220,170,16,154
121900221,277,921,-644
121900222,278,177,101
121900223,248,68,180
121900224,123,65,58
121900225,276,110,166
121900226,226,1264,-1038
121900227,189,500,-311
121900228,206,434,-228
121900230,170,265,-95
121900231,635,1752,-1117
121900232,468,423,45
121900233,250,230,20
121900234,446,286,160
121900235,573,191,382
121900236,344,171,173
121900237,186,304,-118
121900238,160,365,-205
121900239,188,40,148
121900240,241,150,91
121900241,40,70,-30
121900242,12,2,10
121900243,10,0,10
121900244,33,2,31
121900245,279,99,180
121900246,2267,430,1837
121900247,283,259,24
121900248,1378,1117,261
121900250,284,330,-46
121900251,282,38,244
121900252,634,133,501
121900253,302,1293,-991
121900254,577,287,290
121900255,225,74,151
121900258,3101,2398,703
121900259,423,702,-279
121900260,140,207,-67
121900261,247,682,-435
121900262,391,1329,-938
121900263,217,316,-99
121900264,2176,1854,322
121900265,388,357,31
121900266,349,187,162
121900267,70,38,32
121900269,199,565,-366
121900270,35,199,-164
121900271,24,145,-121
121900273,779,2153,-1374
121900274,358,239,119
121900277,434,989,-555
121900278,209,822,-613
121900279,217,207,10
121900280,327,269,58
121900281,1061,421,640
121900284,56,20,36
121900286,348,121,227
121900287,14,46,-32
121900288,11,4,7
121900290,240,244,-4
121900291,438,625,-187
121900292,271,131,140
121900293,1157,2939,-1782
121900294,287,4,283
121900295,166,294,-128
121900296,147,131,16
121900298,560,659,-99
121900299,0,1,-1
121900300,60,1,59
121900301,42,1,41
121900302,2,60,-58
121900303,766,345,421
121900304,1,13,-12
121900305,11,4,7
121900306,78,1,77
121900307,20,15,5
121900308,20,291,-271
121900309,23,222,-199
121900310,28,425,-397
121900311,277,38,239
121900312,270,22,248
121900313,691,30,661
121900314,25,58,-33
121900315,10,1,9
121900316,0,12,-12
121900317,17,9,8
121900318,1,15,-14
121900319,19,349,-330
121900320,28,106,-78
121900321,15,2,13
121900322,2,21,-19
121900323,9,14,-5
121900324,6,41,-35
121900325,12,1,11
121900326,0,15,-15
121900327,5,53,-48
121900328,0,31,-31
121900329,1,262,-261
121900330,1,22,-21
121900331,10,12,-2
121900332,81,29,52
121900333,36,3,33
121900334,131,61,70
122000001,2644,4502,-1858
122000002,5287,1777,3510
122000003,2295,2295,0
122000004,3381,1741,1640
122000005,2668,1578,1090
122000006,2324,811,1513
122000007,1758,2084,-326
122000008,5628,6068,-440
122000009,487,413,74
122000010,2373,3416,-1043
122000011,3416,1556,1860
122000012,1347,1331,16
122000013,2537,1343,1194
122000014,1654,2043,-389
122000015,1684,1186,498
122000016,603,906,-303
122000017,1224,1147,77
122000018,1460,1250,210
122000019,823,1214,-391
122000020,256,190,66
122000021,510,471,39
122000022,1587,1357,230
122000023,756,2795,-2039
122000024,993,980,13
122000025,2520,1504,1016
122000026,1361,988,373
122000027,621,4449,-3828
122000028,882,510,372
122000029,481,389,92
122000030,482,150,332
122000031,213,243,-30
122000032,1962,3736,-1774
122000033,1120,1101,19
122000034,1080,686,394
122000035,372,992,-620
122000036,596,557,39
122000037,350,281,69
122000038,316,382,-66
122000039,779,675,104
122000040,444,544,-100
122000041,594,678,-84
122000042,388,510,-122
122000043,175,133,42
122000044,134,153,-19
122000045,2041,520,1521
122000046,918,1091,-173
122000047,391,245,146
122000048,3749,5389,-1640
122000049,6595,2711,3884
122000050,2459,728,1731
122000051,433,310,123
122000052,474,300,174
122000053,183,663,-480
122000054,2704,2207,497
122000055,2760,2884,-124
122000056,5373,4205,1168
122000057,3897,3700,197
122000058,3721,1208,2513
122000059,3605,1715,1890
122000060,983,697,286
122000061,595,519,76
122000062,1463,323,1140
122000063,2044,810,1234
122000064,4504,2737,1767
122000065,6881,2847,4034
122000066,1523,1017,506
122000067,2725,1470,1255
122000068,1749,1910,-161
122000069,813,802,11
122000070,785,3867,-3082
122000071,1319,1549,-230
122000072,428,409,19
122000073,487,591,-104
122000074,2938,1690,1248
122000075,693,1727,-1034
122000076,2345,1283,1062
122000077,2381,744,1637
122000078,3059,2552,507
122000079,3166,1114,2052
122000080,1722,404,1318
122000081,259,376,-117
122000082,1534,838,696
122000083,1670,3910,-2240
122000084,1441,1000,441
122000085,321,2126,-1805
122000086,2815,6092,-3277
122000087,403,178,225
122000088,334,370,-36
122000089,7478,3580,3898
122000090,327,573,-246
122000091,458,65,393
122000092,342,22,320
122000093,2796,1115,1681
122000094,8128,2167,5961
122000095,3329,3361,-32
122000096,2542,2201,341
122000098,3467,1828,1639
122000099,5284,730,4554
122000100,1388,1002,386
122000101,298,1653,-1355
122000102,1968,1151,817
122000103,2119,1435,684
122000104,480,191,289
122000105,743,248,495
122000106,722,637,85
122000107,1048,520,528
122000108,512,760,-248
122000109,377,554,-177
122000110,457,544,-87
122000111,2857,1373,1484
122000112,921,1727,-806
122000113,727,673,54
122000114,6936,1974,4962
122000115,2069,2726,-657
122000116,550,626,-76
122000117,1362,583,779
122000118,541,948,-407
122000119,4372,2945,1427
122000120,4226,6133,-1907
122000121,4764,3557,1207
122000122,1076,1784,-708
122000123,2927,2303,624
122000124,1365,738,627
122000125,651,772,-121
122000126,951,1353,-402
122000127,1742,1539,203
122000128,807,977,-170
122000129,497,1624,-1127
122000130,3939,1649,2290
122000131,2940,2277,663
122000132,1139,792,347
122000133,1150,1698,-548
122000134,1064,888,176
122000135,869,872,-3
122000136,988,832,156
122000137,1645,961,684
122000139,1749,3994,-2245
122000140,1623,606,1017
122000141,4741,1093,3648
122000142,626,798,-172
122000143,657,976,-319
122000144,2618,1528,1090
122000145,1893,1033,860
122000146,740,1295,-555
122000147,1242,582,660
122000148,2975,1943,1032
122000149,2467,1786,681
122000150,1647,1352,295
122000151,334,427,-93
122000152,544,412,132
122000153,558,316,242
122000154,391,213,178
122000155,1826,3164,-1338
122000156,2311,2226,85
122000157,2566,1420,1146
122000158,574,793,-219
122000159,1418,2173,-755
122000160,7220,4068,3152
122000161,2098,1385,713
122000162,2787,2400,387
122000163,219,81,138
122000164,31,50,-19
122000165,1290,827,463
122000166,1829,1381,448
122000167,262,227,35
122000168,194,496,-302
122000169,720,250,470
122000170,356,206,150
122000171,56,85,-29
122000172,1518,1692,-174
122000173,1485,2310,-825
122000174,3560,912,2648
122000175,1886,431,1455
122000176,349,707,-358
122000177,2313,1540,773
122000178,4370,3654,716
122000179,1961,2882,-921
122000180,2230,1499,731
122000181,2206,3883,-1677
122000182,2179,1638,541
122000183,1914,1325,589
122000184,2727,1994,733
122000185,1482,1357,125
122000186,642,839,-197
122000187,2571,1164,1407
122000188,437,256,181
122000189,310,358,-48
122000190,1441,1284,157
122000191,1307,766,541
122000192,1462,346,1116
122000193,505,568,-63
122000194,1049,234,815
122000195,313,456,-143
122000196,1408,596,812
122000197,500,557,-57
122000198,619,940,-321
122000199,422,361,61
122000200,1681,829,852
122000201,1695,1364,331
122000202,1618,1293,325
122000203,2970,1547,1423
122000204,2047,2120,-73
122000205,1709,1666,43
122000206,2568,999,1569
122000207,2307,1359,948
122000208,3568,1605,1963
122000209,3379,487,2892
122000210,3047,1792,1255
122000211,2080,1130,950
122000212,1092,719,373
122000213,1279,1727,-448
122000214,2179,1820,359
122000215,1921,1819,102
122000217,2361,1393,968
122000218,933,129,804
122000219,1393,1067,326
122000220,406,743,-337
122000221,95,468,-373
122000222,772,172,600
122000223,1810,472,1338
122000225,1159,322,837
122000226,3034,2141,893
122000227,473,3275,-2802
122000228,506,389,117
122000229,36,521,-485
122000230,88,620,-532
122000231,329,840,-511
122000232,774,1048,-274
122000233,0,109,-109
122000234,531,169,362
122000235,1152,187,965
122000236,1174,187,987
122000237,166,87,79
122000238,343,346,-3
122000239,619,158,461
122000240,1269,565,704
122000241,1812,618,1194
122000242,786,147,639
122000243,313,63,250
122000244,64,442,-378
122000245,118,310,-192
122000246,452,182,270
122000247,628,836,-208
122000248,1375,2334,-959
122000249,1244,966,278
122000250,2642,1540,1102
122000251,248,579,-331
122000252,652,129,523
122000253,61,328,-267
122000254,318,120,198
122000255,962,1981,-1019
122000256,414,1319,-905
122000257,251,370,-119
122000258,292,321,-29
122000259,12,533,-521
122000260,13,121,-108
122000261,9,178,-169
122000262,1,66,-65
122000263,303,156,147
122000264,1540,593,947
122000265,3569,955,2614
122000266,7971,800,7171
122000267,152,112,40
122000268,288,466,-178
122000269,1355,317,1038
122000270,1878,167,1711
122000271,458,1153,-695
122000272,462,980,-518
122000273,538,420,118
122000274,183,223,-40
122000275,104,245,-141
122000276,822,539,283
122000277,1794,1434,360
122000278,2040,970,1070
122000279,240,583,-343
122000280,1228,980,248
122000281,949,881,68
122000282,330,139,191
122000283,1148,103,1045
122000284,245,96,149
122000285,728,122,606
122000286,334,200,134
122000287,1921,1575,346
122000288,1137,282,855
122000291,1806,777,1029
122000293,374,339,35
122000294,134,296,-162
122000295,1510,260,1250
122000296,73,783,-710
122000297,2791,2976,-185
122000299,367,442,-75
122000300,563,671,-108
122000301,12628,3749,8879
122000302,1285,1589,-304
122000303,4145,1612,2533
122000304,118,239,-121
122000305,1176,323,853
122000306,50,900,-850
122000307,207,189,18
122000309,103,69,34
122000310,97,80,17
122000311,446,203,243
122000312,215,91,124
122000313,229,84,145
122000314,125,314,-189
122000315,296,32,264
122000316,800,253,547
122000317,1229,295,934
122000318,352,841,-489
122000319,341,518,-177
122000320,480,2158,-1678
122000321,118,193,-75
122000322,2687,3155,-468
122000323,1816,2436,-620
122000324,1719,1359,360
122000325,1119,1659,-540
122000326,97,153,-56
122000327,838,1408,-570
122000328,1706,1016,690
122000330,2358,799,1559
122000332,324,401,-77
122000333,8,133,-125
122000337,1022,1838,-816
122000338,513,488,25
122000340,534,347,187
122000342,2424,1075,1349
122000343,527,1405,-878
122000344,66,29,37
122000345,213,48,165
122000346,348,604,-256
122000348,730,800,-70
122000349,134,756,-622
122000351,136,219,-83
122000352,526,158,368
122000353,101,121,-20
122000355,175,222,-47
122000356,2374,1044,1330
122000357,114,24,90
122000358,3,60,-57
122000359,0,42,-42
122000360,3,48,-45
122000362,7,98,-91
122000364,160,329,-169
122000365,0,43,-43
122000366,15,7,8
122000368,462,708,-246
122000370,13,62,-49
122000371,112,1,111
122000372,22,3,19
122000381,44,358,-314
122000382,96,255,-159
122000384,5062,2153,2909
122000385,85,0,85
122000386,1213,1476,-263
122000387,1152,474,678
122000388,2102,832,1270
122000389,239,632,-393
122000390,661,220,441
122000391,505,110,395
122000392,186,244,-58
122000393,636,178,458
122000394,607,308,299
122000395,247,205,42
122000396,480,154,326
122000397,74,107,-33
122000398,35,56,-21
122000399,250,93,157
122000400,244,507,-263
122000401,171,92,79
122000402,250,144,106
122000403,509,978,-469
122000404,178,391,-213
122000408,879,1434,-555
122000503,13,151,-138
122000524,155,111,44
122000544,100,4825,-4725
122000616,350,4,346
122000640,64,165,-101
122000641,159,422,-263
122000642,2143,1155,988
122000643,42,150,-108
122000644,203,24,179
122000645,137,383,-246
122000651,2554,789,1765
122000664,151,39,112
122000665,1410,572,838
122000666,660,1196,-536
122000673,23,353,-330
122000674,168,65,103
122000675,2034,1439,595
122000686,416,1190,-774
122000687,2102,376,1726
122000688,245,800,-555
122000689,1014,744,270
122000690,1504,732,772
122000691,453,2285,-1832
122000692,1488,439,1049
122000693,517,1863,-1346
122000695,288,538,-250
122000696,355,384,-29
122000698,317,876,-559
122000699,221,62,159
122000701,1496,439,1057
122000702,513,1736,-1223
122000703,185,78,107
122000712,0,0,0
122000717,209,51,158
122000718,417,847,-430
122000719,183,112,71
122000720,455,364,91
122000724,144,28,116
122900001,30,14,16
122900002,1497,5288,-3791
122900003,502,39,463
122900004,675,59,616
122900005,78,34,44
122900006,1681,233,1448
122900007,151,34,117
122900008,990,72,918
122900009,857,455,402
122900010,216,238,-22
122900012,230,285,-55
122900014,179,380,-201
122900015,2301,800,1501
122900016,229,311,-82
122900017,486,908,-422
122900018,256,29,227
122900019,7,181,-174
122900020,904,358,546
122900021,36,1113,-1077
122900022,776,947,-171
122900023,562,285,277
122900024,167,117,50
122900025,18,194,-176
122900026,99,338,-239
122900027,78,760,-682
122900028,125,240,-115
122900029,4755,3256,1499
122900030,1138,576,562
122900031,98,379,-281
122900032,114,527,-413
122900033,450,153,297
122900034,4159,6737,-2578
122900035,25,20,5
122900036,60,195,-135
122900037,617,164,453
122900038,169,4056,-3887
122900039,129,659,-530
122900040,411,368,43
122900041,478,211,267
122900042,190,260,-70
122900043,623,177,446
122900044,134,426,-292
122900045,119,114,5
122900046,327,105,222
122900047,381,200,181
122900048,46,445,-399
122900049,1716,168,1548
122900051,118,129,-11
122900052,70,163,-93
122900053,26,42,-16
122900055,474,172,302
122900057,431,51,380
122900061,494,251,243
122900062,578,785,-207
122900063,232,357,-125
122900064,2071,524,1547
122900065,675,195,480
122900066,739,335,404
122900067,1439,828,611
122900068,168,324,-156
122900069,291,2252,-1961
122900070,400,53,347
122900071,136,478,-342
122900072,22,681,-659
122900073,39,289,-250
122900074,939,789,150
122900075,2,86,-84
122900076,10,216,-206
122900077,4,197,-193
122900078,176,124,52
122900080,35,39,-4
122900081,408,181,227
122900082,752,244,508
122900083,251,187,64
122900084,12,295,-283
122900086,7,96,-89
122900087,314,490,-176
122900088,66,136,-70
122900089,100,157,-57
122900090,14,691,-677
122900091,225,2,223
122900092,1,190,-189
122900093,0,288,-288
122900094,1,205,-204
122900095,191,18,173
122900096,276,239,37
122900097,67,40,27
122900098,110,117,-7
122900099,82,18,64
122900100,1128,238,890
122900101,1107,319,788
122900102,22,29,-7
122900103,92,13,79
122900104,120,2,118
122900105,15,8,7
122900106,7,88,-81
122900107,3,202,-199
122900108,6,262,-256
123000001,2060,424,1636
123000002,5052,4240,812
123000003,4254,3924,330
123000004,3458,4993,-1535
123000005,3102,3177,-75
123000006,2937,3017,-80
123000007,3609,2879,730
123000008,2909,3818,-909
123000009,5203,3518,1685
123000010,3885,3845,40
123000011,4667,940,3727
123000012,1194,2638,-1444
123000013,3954,942,3012
123000014,1385,3958,-2573
123000015,4270,1010,3260
123000016,5607,3975,1632
123000017,3097,1982,1115
123000018,94,146,-52
123000019,275,346,-71
123000020,138,178,-40
123000021,96,465,-369
123000022,410,3621,-3211
123000023,1534,1467,67
123000024,1663,647,1016
123000025,256,287,-31
123000026,31,59,-28
123000027,1174,315,859
123000028,2334,221,2113
123000029,2894,452,2442
123000030,454,441,13
123000031,199,333,-134
123000032,345,309,36
123000033,341,73,268
123000034,1494,1325,169
123000035,345,472,-127
123000036,336,1100,-764
123000037,285,305,-20
123000038,101,236,-135
123000039,470,1177,-707
123000040,993,372,621
123000041,1658,1016,642
123000042,1466,615,851
123000043,3908,7892,-3984
123000044,5141,2557,2584
123000045,9621,2628,6993
123000046,870,1366,-496
123000047,2609,1381,1228
123000048,76,551,-475
123000049,6978,7881,-903
123000050,1325,1561,-236
123000051,125,255,-130
123000052,739,3704,-2965
123000053,2957,3772,-815
123000054,1438,1337,101
123000055,1107,1927,-820
123000056,1522,1960,-438
123000057,14631,6928,7703
123000058,844,940,-96
123000059,503,594,-91
123000060,897,373,524
123000061,325,789,-464
123000063,1018,1139,-121
123000064,1061,288,773
123000065,6655,3651,3004
123000066,921,821,100
123000067,1233,971,262
123000068,3567,3783,-216
123000069,7396,4359,3037
123000070,320,875,-555
123000071,969,1203,-234
123000072,1219,1386,-167
123000073,1308,899,409
123000074,1165,1838,-673
123000075,398,1263,-865
123000076,778,1136,-358
123000077,2369,3741,-1372
123000078,1636,2002,-366
123000079,1466,2154,-688
123000080,2368,2310,58
123000081,170,474,-304
123000082,458,1093,-635
123000083,1157,257,900
123000084,587,885,-298
123000085,261,93,168
123000086,421,301,120
123000087,289,399,-110
123000088,1054,987,67
123000089,582,1340,-758
123000090,1253,1182,71
123000091,1721,2023,-302
123000092,998,1433,-435
123000094,602,268,334
123000095,484,685,-201
123000096,676,467,209
123000097,613,930,-317
123000098,728,745,-17
123000099,528,882,-354
123000100,625,749,-124
123000101,745,661,84
123000102,591,703,-112
123000104,461,503,-42
123000105,493,504,-11
123000106,558,485,73
123000107,473,666,-193
123000108,743,1433,-690
123000111,862,377,485
123000112,1137,726,411
123000113,698,1664,-966
123000114,484,701,-217
123000115,365,320,45
123000116,33,222,-189
123000117,1777,2228,-451
123000118,532,1013,-481
123000119,272,966,-694
123000120,457,879,-422
123000121,484,717,-233
123000122,562,236,326
123000123,551,739,-188
123000124,621,642,-21
123000125,1444,1373,71
123000126,1864,3937,-2073
123000127,1224,755,469
123000128,429,367,62
123000129,600,292,308
123000130,557,113,444
123000131,786,725,61
123000132,420,678,-258
123000133,359,428,-69
123000134,582,249,333
123000135,2039,1433,606
123000136,287,1060,-773
123000137,116,375,-259
123000138,113,475,-362
123000139,482,177,305
123000140,110,878,-768
123000141,922,205,717
123000142,1036,1147,-111
123000143,1809,2458,-649
123000144,26,38,-12
123000145,330,166,164
123000146,78,118,-40
123000147,204,113,91
123000149,431,466,-35
123000150,177,259,-82
123000151,324,451,-127
123000152,124,435,-311
123000153,279,691,-412
123000154,1952,2025,-73
123000155,2586,1016,1570
123000156,59,183,-124
123000157,724,915,-191
123000158,691,875,-184
123000159,4064,2695,1369
123000160,1030,758,272
123000161,1672,1277,395
123000162,945,1916,-971
123000163,509,108,401
123000164,1589,361,1228
123000165,430,1986,-1556
123000166,62,182,-120
123000167,185,346,-161
123000168,293,290,3
123000169,844,172,672
123000170,102,241,-139
123000171,735,40,695
123000172,218,613,-395
123000173,547,263,284
123000174,1124,495,629
123000175,752,1506,-754
123000176,917,306,611
123000177,327,996,-669
123000178,995,162,833
123000179,67,777,-710
123000180,1632,411,1221
123000181,343,1753,-1410
123000182,217,408,-191
123000183,146,541,-395
123000184,84,685,-601
123000185,621,506,115
123000186,6,677,-671
123000187,585,7,578
123000188,233,2,231
123000189,204,160,44
123000190,48,50,-2
123000192,23,399,-376
123000193,78,865,-787
123000194,526,331,195
123000195,295,40,255
123000196,376,100,276
123000197,44,238,-194
123000198,214,275,-61
123000199,18,667,-649
123000200,490,14,476
123000201,902,75,827
123000202,29,1357,-1328
123000203,933,120,813
123000204,75,1296,-1221
123000205,516,1944,-1428
123000206,1923,275,1648
123000207,82,883,-801
123000208,666,171,495
123000209,2204,583,1621
123000210,621,2051,-1430
123000211,602,2813,-2211
123000212,3151,500,2651
123000213,604,85,519
123000215,323,179,144
123000216,194,732,-538
123000217,183,53,130
123000218,157,546,-389
123000219,1070,249,821
123000220,530,107,423
123000221,268,137,131
123000222,444,512,-68
123000223,257,437,-180
123000224,389,579,-190
123000225,266,127,139
123000226,86,339,-253
123000227,106,308,-202
123000228,219,77,142
123000229,1157,1806,-649
123000232,86,739,-653
123000233,733,224,509
123000234,197,802,-605
123000235,923,363,560
123000236,296,844,-548
123000237,390,88,302
123000238,85,698,-613
123000239,579,1632,-1053
123000240,55,496,-441
123000241,804,128,676
123000242,145,260,-115
123000243,945,1119,-174
123000244,1002,810,192
123000245,61,217,-156
123000249,408,987,-579
123000252,1061,268,793
123000253,1069,589,480
123000254,648,1011,-363
123000255,1314,940,374
123000256,35,277,-242
123000257,3633,2594,1039
123000258,1127,1123,4
123000259,278,427,-149
123000260,428,539,-111
123000261,197,219,-22
123000262,129,211,-82
123000263,436,93,343
123000264,234,80,154
123000265,40,169,-129
123000266,574,785,-211
123000267,633,361,272
123000268,58,66,-8
123000269,58,74,-16
123000270,26,52,-26
123000271,140,61,79
123000272,709,321,388
123000273,231,744,-513
123000274,1417,661,756
123000275,407,1037,-630
123000278,3170,2876,294
123000279,90,117,-27
123000280,311,345,-34
123000281,403,97,306
123000282,198,298,-100
123000283,128,98,30
123000284,57,141,-84
123000286,334,267,67
123000287,614,313,301
123000288,1410,795,615
123000289,571,1160,-589
123000291,375,933,-558
123000294,241,245,-4
123000295,960,871,89
123000296,622,470,152
123000297,674,907,-233
123000298,689,616,73
123000299,52,277,-225
123000300,862,931,-69
123000301,134,270,-136
123000302,61,234,-173
123000303,193,91,102
123000305,1037,872,165
123000306,140,229,-89
123000309,49,73,-24
123000310,56,39,17
123000311,0,100,-100
123000312,812,942,-130
123000313,459,470,-11
123000315,57,359,-302
123000316,1774,304,1470
123000317,315,96,219
123000318,55,239,-184
123000329,24,12,12
123000337,786,256,530
123000338,1271,70,1201
123000339,165,194,-29
123000340,128,533,-405
123000342,21,168,-147
123000343,80,6,74
123000344,1291,571,720
123000345,451,632,-181
123000346,390,73,317
123000352,1792,901,891
123000353,16,139,-123
123000354,680,4,676
123000355,1,788,-787
123000356,350,17,333
123000357,3,250,-247
123000359,10,256,-246
123000360,203,165,38
123000361,622,358,264
123000362,255,144,111
123000363,134,157,-23
123000364,506,533,-27
123000365,24,375,-351
123000366,439,2154,-1715
123000367,284,1269,-985
123000370,68,257,-189
123000371,350,36,314
123000372,440,17,423
123000373,7,494,-487
123000374,8,247,-239
123000375,282,72,210
123000376,945,610,335
123000377,334,14,320
123000378,16,359,-343
123000379,6,242,-236
123000380,63,365,-302
123000381,190,50,140
123000382,1259,157,1102
123000383,230,1311,-1081
123000384,513,99,414
123000385,472,745,-273
123000436,50,1177,-1127
123000507,154,285,-131
123000508,153,726,-573
123000517,290,21,269
123000518,17,302,-285
123000519,149,77,72
123000520,55,241,-186
123000521,346,150,196
123000522,184,499,-315
123000541,3,1,2
123000542,0,21,-21
123000565,673,23,650
123000566,238,683,-445
123000567,112,246,-134
123000573,44,861,-817
123000574,659,95,564
123000575,1431,1242,189
123000576,887,1811,-924
123000577,103,799,-696
123000578,775,84,691
123000579,3957,5149,-1192
123000580,95,31,64
123000582,450,23,427
123000583,25,464,-439
123000584,170,283,-113
123000585,0,164,-164
123000586,121,0,121
123000596,89,192,-103
123000597,74,206,-132
123000602,21,13,8
123000603,601,801,-200
123000604,559,1072,-513
123000605,1170,150,1020
123000606,1,342,-341
123000609,24,395,-371
123000610,198,190,8
123000613,55,215,-160
123000614,207,48,159
123000615,94,187,-93
123000616,555,54,501
123000617,113,419,-306
123000618,120,551,-431
123000619,701,69,632
123000620,24,472,-448
123000622,458,27,431
123000624,149,100,49
123000630,943,476,467
123000631,242,1725,-1483
123000632,1105,1059,46
123000633,0,265,-265
123000634,82,145,-63
123000635,232,118,114
123000636,167,729,-562
123000637,186,44,142
123000638,775,96,679
123000639,1045,3922,-2877
123000640,26,942,-916
123000648,441,114,327
123000649,31,637,-606
123900001,1418,78,1340
123900002,40,2062,-2022
123900003,468,704,-236
123900005,287,177,110
123900006,384,41,343
124000001,2169,196,1973
124000002,141,2003,-1862
124000003,868,183,685
124000004,83,723,-640
124000005,1052,592,460
124000006,295,1320,-1025
124000007,520,150,370
124000008,12,931,-919
124000009,665,392,273
124000010,182,741,-559
124000011,1859,359,1500
124000012,554,845,-291
124000017,142,157,-15
124000018,109,85,24
124000019,167,156,11
124000020,63,198,-135
124000021,183,68,115
124000022,111,288,-177
124000023,1820,1523,297
124000024,1145,638,507
124000025,1764,1770,-6
124000026,1156,1237,-81
124000027,5229,5553,-324
124000028,2757,4706,-1949
124000030,3480,1594,1886
124000031,1174,3494,-2320
124000032,3774,864,2910
124000033,855,1038,-183
124000034,2048,920,1128
124000035,292,212,80
124000036,225,630,-405
124000037,680,1116,-436
124000038,61,121,-60
124000039,1200,494,706
124000040,648,1123,-475
124000041,396,103,293
124000042,81,431,-350
124000043,126,153,-27
124000044,62,220,-158
124000045,783,608,175
124000046,339,896,-557
124000047,1474,992,482
124000048,953,1805,-852
124000049,1562,793,769
124000050,872,2178,-1306
124000051,860,526,334
124000052,803,1350,-547
124000053,578,1454,-876
124000054,1008,597,411
124000055,1457,2572,-1115
124000056,3403,1678,1725
124000057,927,535,392
124000058,521,1534,-1013
124000059,571,1081,-510
124000060,1318,836,482
124000061,1579,5019,-3440
124000062,7668,2283,5385
124000063,1721,2039,-318
124000064,2991,1895,1096
124000065,141,359,-218
124000066,435,127,308
124000067,133,222,-89
124000068,56,165,-109
124000069,669,265,404
124000070,269,632,-363
124000071,119,104,15
124000072,189,527,-338
124000073,948,162,786
124000074,343,914,-571
124000075,234,18,216
124000076,12,184,-172
124000077,2240,803,1437
124000078,3547,1141,2406
124000079,574,1256,-682
124000080,378,157,221
124000081,177,739,-562
124000082,45,127,-82
124000083,102,131,-29
124000084,82,575,-493
124000085,109,63,46
124000086,92,76,16
124000087,187,98,89
124000088,271,418,-147
124000089,988,387,601
124000090,130,397,-267
124000091,511,139,372
124000092,152,773,-621
124000093,123,102,21
124000094,156,573,-417
124000095,86,109,-23
124000096,164,337,-173
124000097,108,186,-78
124000098,64,147,-83
124000099,240,178,62
124000100,52,134,-82
124000101,81,108,-27
124000102,166,92,74
124000103,83,125,-42
124000104,154,60,94
124000105,64,91,-27
124000106,203,89,114
124000107,21,147,-126
124000108,58,43,15
124000109,105,106,-1
124000110,284,177,107
124000111,239,237,2
124000112,630,841,-211
124000113,59,133,-74
124000114,366,562,-196
124000115,598,844,-246
124000116,171,142,29
124000117,56,108,-52
124000118,31,83,-52
124000119,1348,647,701
124000120,784,506,278
124000121,1674,786,888
124000122,661,1334,-673
124000123,851,595,256
124000124,502,1196,-694
124000125,438,528,-90
124000126,342,732,-390
124000127,853,472,381
124000128,712,1029,-317
124000129,2086,1582,504
124000130,888,749,139
124000131,1143,566,577
124000132,1071,876,195
124000133,780,935,-155
124000134,931,725,206
124000135,1771,1983,-212
124000136,1114,1298,-184
124000137,1543,700,843
124000138,2023,1492,531
124000139,809,57,752
124000140,32,459,-427
124000141,517,30,487
124000142,41,398,-357
124000143,94,18,76
124000144,7,166,-159
124000145,98,39,59
124000146,22,99,-77
124000148,23,141,-118
124000149,1084,432,652
124000150,353,664,-311
124000151,835,470,365
124000152,879,1473,-594
124000153,580,738,-158
124000154,403,785,-382
124000155,1539,1109,430
124000156,1869,1065,804
124000169,206,541,-335
124000170,764,478,286
124000171,320,278,42
124000172,468,668,-200
124000173,566,277,289
124000174,517,716,-199
124000175,13,136,-123
124000176,71,11,60
124000177,10,53,-43
124000178,27,36,-9
124000190,129,73,56
124000191,440,116,324
124000192,4532,384,4148
124000193,1121,1214,-93
124000194,443,611,-168
124000195,287,704,-417
124000196,1233,1329,-96
124000197,97,54,43
124000198,27,59,-32
124000201,459,1153,-694
124000202,615,355,260
124000203,372,882,-510
124000204,987,517,470
124000205,77,551,-474
124000206,506,421,85
124000207,1,48,-47
124000209,300,640,-340
124000210,329,218,111
124000211,417,4,413
124000212,0,501,-501
124000213,393,333,60
124000214,289,714,-425
124000215,607,31,576
124000216,3,456,-453
124000329,173,2299,-2126
124000338,118,983,-865
124000339,739,175,564
124000341,1299,138,1161
124000344,33,6,27
124000357,1081,2795,-1714
124000358,763,1789,-1026
124000359,971,788,183
124000360,747,631,116
124000361,2771,901,1870
124000362,1882,2325,-443
124000363,244,356,-112
124000364,870,907,-37
124000365,851,1217,-366
124000366,1842,963,879
124000367,185,648,-463
124000368,629,554,75
124000369,236,174,62
124000370,88,747,-659
124000402,54,11,43
124000403,134,24,110
124000404,18,150,-132
124000405,1035,838,197
124000406,812,896,-84
124000407,6,38,-32
124000411,12,410,-398
124000412,541,18,523
124000413,926,19,907
124000414,70,184,-114
124000415,81,176,-95
124000416,178,355,-177
124000417,144,104,40
124000418,150,128,22
124000419,64,203,-139
124000420,95,116,-21
124000421,54,294,-240
124000422,29,19,10
124000423,150,20,130
124000424,2,165,-163
124000425,100,60,40
124000426,10,224,-214
124000427,117,16,101
124000428,48,43,5
124000429,42,89,-47
124000430,709,580,129
124000431,393,637,-244
124000432,184,1027,-843
124000439,1,10,-9
124000443,0,3,-3
124000445,686,1713,-1027
124000446,2507,89,2418
124900001,437,374,63
124900002,192,475,-283
124900003,920,685,235
124900004,572,375,197
124900005,320,257,63
124900006,630,414,216
124900008,1307,648,659
124900009,182,293,-111
124900010,153,78,75
124900011,560,239,321
124900012,448,149,299
124900013,552,195,357
124900014,218,79,139
124900015,173,368,-195
124900016,77,79,-2
124900017,613,1419,-806
124900018,30,18,12
124900020,80,93,-13
124900021,261,50,211
124900022,162,33,129
124900024,296,51,245
124900026,369,5,364
124900027,177,336,-159
124900028,496,110,386
124900029,9,457,-448
124900030,5,155,-150
124900031,31,386,-355
124900032,194,254,-60
124900033,116,370,-254
124900034,5,90,-85
124900035,207,515,-308
124900036,1,55,-54
124900037,187,394,-207
124900038,378,437,-59
124900039,4,24,-20
124900040,176,92,84
124900041,379,1325,-946
124900042,138,2,136
124900043,517,1317,-800
124900044,98,4,94
124900045,825,1270,-445
124900046,848,196,652
124900047,152,207,-55
124900048,241,137,104
124900050,173,301,-128
124900052,95,413,-318
124900053,95,388,-293
124900054,2396,372,2024
124900055,3,164,-161
124900057,7,85,-78
124900060,120,228,-108
124900061,74,10,64
124900062,144,34,110
124900066,0,20,-20
124900067,6,192,-186
124900068,209,513,-304
124900070,19,33,-14
124900072,115,42,73
124900075,169,243,-74
124900076,33,946,-913
124900077,21,82,-61
124900078,105,17,88
124900079,673,251,422
124900080,276,870,-594
124900081,954,278,676
124900082,467,1158,-691
124900083,262,600,-338
124900085,1244,376,868
124900086,73,1248,-1175
124900087,678,101,577
124900088,826,158,668
124900089,1376,50,1326
124900090,299,235,64
124900091,360,508,-148
124900092,301,390,-89
124900093,330,181,149
124900094,358,239,119
124900095,108,490,-382
124900096,502,258,244
124900097,285,92,193
124900098,150,465,-315
124900099,679,528,151
124900100,339,68,271
124900101,95,405,-310
124900102,171,33,138
124900103,180,238,-58
124900104,96,186,-90
124900105,118,173,-55
124900106,378,68,310
124900107,84,12,72
124900108,211,76,135
124900111,11,74,-63
124900112,57,593,-536
124900113,83,280,-197
124900114,323,118,205
124900115,42,39,3
124900116,171,177,-6
124900117,634,105,529
124900118,287,274,13
124900119,401,212,189
124900120,39,395,-356
124900121,155,335,-180
124900122,425,244,181
124900123,450,124,326
124900124,138,357,-219
204000001,143,20,123
204000002,25,9,16
204000003,47,9,38
204000004,23,1,22
204000005,736,611,125
204000006,1174,1915,-741
204000011,14,50,-36
204000012,61,107,-46
204000019,574,531,43
204000020,686,634,52
204000021,1639,775,864
204000022,591,526,65
204000023,560,1093,-533
204000031,125,24,101
204000032,545,43,502
204000034,28,208,-180
204000035,0,2,-2
204000036,20,27,-7
204000037,2,17,-15
204000038,2,12,-10
204000039,1,46,-45
204000040,11,27,-16
204000041,44,58,-14
204000042,100,13,87
204000043,31,1,30
204000044,50,3,47
204000045,93,4,89
204000046,27,0,27
204000057,6,23,-17
204000062,39,63,-24
204000068,46,282,-236
204000069,47,312,-265
204000070,61,112,-51
204000080,46,84,-38
204000085,2151,1904,247
204000086,3521,2530,991
204000087,56,14,42
204000088,7,92,-85
204000090,42,336,-294
204000093,331,78,253
204000096,1124,1017,107
204000097,351,35,316
204000099,1096,1834,-738
204000100,1231,1901,-670
204000105,2414,1698,716
204000110,883,1259,-376
204000111,643,750,-107
204000112,867,704,163
204000113,709,759,-50
204000114,953,692,261
204000115,513,352,161
204000116,772,467,305
204000119,2375,2774,-399
204000132,516,325,191
204000133,770,332,438
204000134,262,182,80
204000135,558,116,442
204000136,441,218,223
204000138,357,449,-92
204000140,200,112,88
204000141,202,100,102
204000144,8,21,-13
204000145,490,33,457
204000146,41,348,-307
204000147,31,154,-123
204000148,297,41,256
204000154,8,2,6
204000155,4,7,-3
204000177,68,71,-3
204000179,17,16,1
204000180,2,52,-50
204000222,23,6,17
204000235,16,11,5
204000236,64,312,-248
204000238,12,40,-28
204000240,385,96,289
204000263,703,1360,-657
204000268,1209,856,353
204000308,195,26,169
204000317,11,127,-116
204000322,3,29,-26
204000323,17,12,5
204000328,231,98,133
204000329,65,157,-92
204000330,220,56,164
204000331,74,107,-33
205000001,1221,1974,-753
205000013,5,84,-79
205000014,23,96,-73
205000015,29,215,-186
205000016,18,213,-195
205000017,26,95,-69
205000022,431,876,-445
205000025,1443,1276,167
205000029,233,6,227
205000045,158,288,-130
205000046,86,581,-495
205000047,52,583,-531
205000048,373,1336,-963
205000049,201,1004,-803
205000050,1144,368,776
205000059,0,322,-322
205000060,0,117,-117
205000061,10,61,-51
205000062,12,33,-21
205000063,14,163,-149
205000064,19,149,-130
205000065,80,620,-540
205000066,136,994,-858
205000067,51,1126,-1075
205000069,191,21,170
205000082,157,355,-198
205000110,102,284,-182
205000111,195,291,-96
205000112,126,232,-106
205000113,245,355,-110
205000121,199,118,81
205000123,66,206,-140
205000126,528,249,279
205000127,749,424,325
205000128,843,286,557
205000129,810,331,479
205000130,1173,112,1061
205000131,1327,44,1283
205000132,988,3,985
205000133,1249,3,1246
205000134,533,0,533
205000137,74,153,-79
205000138,181,297,-116
205000139,48,130,-82
205000144,77,90,-13
205000145,287,265,22
205000151,208,89,119
205000152,204,60,144
205000153,275,107,168
205000154,107,175,-68
205000155,155,22,133
205000207,14,149,-135
205000233,92,4,88
205000234,0,2,-2
205000243,0,0,0
205000244,1,1,0
205000245,9,239,-230
205000249,1,35,-34
205000250,3,1,2
205000264,9,103,-94
206000027,4,3,1
206000028,0,2,-2
206000043,9,88,-79
206000053,4,9,-5
206000054,8,16,-8
206000055,0,31,-31
206000075,9,8,1
206000076,19,9,10
206000077,16,6,10
206000078,24,6,18
206000079,28,10,18
206000082,602,33,569
206000100,55,771,-716
206000103,3,16,-13
206000104,12,27,-15
206000105,6,21,-15
206000106,23,34,-11
206000108,517,42,475
206000125,49,0,49
206000157,57,674,-617
206000170,1,175,-174
206000171,2,189,-187
206000172,3,553,-550
206000173,2,273,-271
206000174,13,90,-77
206000175,5,166,-161
206000176,14,286,-272
206000177,1,152,-151
206000178,1,150,-149
206000179,10,94,-84
206000180,11,207,-196
206000181,5,242,-237
206000182,13,215,-202
206000183,23,920,-897
206000184,8,292,-284
206000185,7,197,-190
206000186,176,1108,-932
206000223,1,159,-158
206000226,16,5,11
206000227,9,2,7
206000237,23,308,-285
206000238,32,557,-525
206000239,412,1862,-1450
206000240,2,45,-43
206000241,1,94,-93
206000242,4,286,-282
206000243,4,210,-206
206000244,69,651,-582
206000245,656,47,609
206000246,126,8,118
206000247,152,5,147
206000248,227,29,198
206000252,75,25,50
206000258,20,40,-20
206000315,29,10,19
206000317,544,100,444
206000318,284,72,212
206000319,1070,91,979
206000320,145,31,114
206000321,133,11,122
206000322,504,13,491
206000323,175,3,172
206000324,132,15,117
206000325,155,12,143
206000326,146,11,135
206000327,632,15,617
206000328,109,3,106
206000329,165,6,159
206000330,36,5,31
206000331,114,5,109
206000332,31,3,28
206000333,464,2,462
206000334,205,1,204
206000335,0,16,-16
206000361,4,211,-207
206000392,2,24,-22
206000405,161,0,161
206000441,31,22,9
206000498,42,4,38
206000515,96,33,63
206000530,181,71,110
206000531,163,163,0
206000532,2568,269,2299
206000535,269,2160,-1891
206000536,23,253,-230
206000537,12,159,-147
206000613,1444,237,1207
207000001,189,513,-324
207000002,159,338,-179
207000003,186,202,-16
207000007,720,277,443
207000008,74,12,62
207000009,31,34,-3
207000010,568,521,47
207000012,286,274,12
207000015,366,1387,-1021
207000019,314,106,208
207000021,607,177,430
207000022,160,122,38
207000023,239,43,196
207000024,7,11,-4
207000025,40,63,-23
207000026,134,81,53
207000027,37,117,-80
207000028,68,230,-162
207000029,320,532,-212
207000033,285,383,-98
207000034,320,73,247
207000039,297,170,127
207000040,255,149,106
207000041,108,53,55
207000042,349,80,269
207000043,231,249,-18
207000051,187,354,-167
207000052,30,198,-168
207000053,508,686,-178
207000054,53,168,-115
207000055,189,183,6
207000056,477,483,-6
207000057,172,332,-160
207000058,164,336,-172
207000059,124,711,-587
207000060,111,280,-169
207000061,283,427,-144
207000062,239,66,173
207000063,280,140,140
207000064,389,165,224
207000065,435,261,174
207000066,155,226,-71
207000067,62,124,-62
207000068,104,96,8
207000069,696,460,236
207000082,18,229,-211
207000083,122,332,-210
207000084,156,262,-106
207000085,153,14,139
207000086,127,1,126
207000106,55,44,11
207000107,61,22,39
207000108,52,5,47
207000109,64,14,50
207000110,50,93,-43
207000111,81,46,35
207000112,324,627,-303
207000114,22,56,-34
207000115,21,89,-68
207000116,22,402,-380
207000117,5,154,-149
207000118,5,101,-96
207000119,54,100,-46
207000123,273,25,248
207000124,62,35,27
207000125,77,52,25
207000126,91,71,20
207000134,73,154,-81
207000135,17,226,-209
207000148,60,255,-195
207000149,102,40,62
207000152,232,478,-246
207000153,1269,1446,-177
207000154,478,169,309
207000159,116,205,-89
207000160,199,586,-387
207000238,1,127,-126
207000242,1,207,-206
207000248,28,25,3
207000249,191,48,143
207000250,919,92,827
207000251,107,93,14
207000252,53,85,-32
207000278,108,89,19
207000279,16,206,-190
207000280,439,68,371
207000281,118,1029,-911
207000282,228,82,146
207000283,112,215,-103
207000284,76,146,-70
207000285,145,31,114
207000291,11,107,-96
207000304,148,75,73
207000306,64,460,-396
207000310,80,138,-58
207000353,249,9,240
207000356,11,50,-39
207000357,37,14,23
207000358,70,31,39
207000415,3,200,-197
207000417,38,6,32
207000418,109,220,-111
207000438,0,4,-4
207000439,1004,623,381
207000446,150,4,146
207000460,30,6,24
207000466,211,238,-27
207000467,183,100,83
207000468,70,403,-333
207000476,12,93,-81
207000477,576,142,434
207000478,11,32,-21
207000523,0,23,-23
207000524,71,0,71
207000527,134,215,-81
207000530,374,12,362
207000531,462,9,453
207000532,99,32,67
207000534,636,77,559
207000535,63,435,-372
207000537,11,108,-97
207000540,8,235,-227
207000541,6,393,-387
207000548,13,358,-345
207000549,377,21,356
207000561,154,200,-46
207000562,59,216,-157
207000567,209,342,-133
207000568,134,94,40
207000569,396,918,-522
207000584,443,261,182
207000585,91,373,-282
207000587,54,34,20
207000616,0,194,-194
207000617,132,0,132
207000624,61,37,24
207000631,3,59,-56
207900008,226,138,88
208000001,725,929,-204
208000002,901,476,425
208000003,1270,531,739
208000004,1571,882,689
208000005,25,23,2
208000019,567,1176,-609
208000020,168,520,-352
208000021,211,582,-371
208000022,960,626,334
208000028,1633,1085,548
208000033,576,612,-36
208000034,1273,1922,-649
208000037,473,17,456
208000040,248,154,94
208000041,974,595,379
208000042,1374,663,711
208000047,162,348,-186
208000064,2732,1789,943
208000066,1823,1785,38
208000070,350,396,-46
208000071,353,858,-505
208000072,365,1305,-940
208000080,284,506,-222
208000081,325,182,143
208000082,518,358,160
208000083,155,473,-318
208000084,72,10,62
208000085,1414,700,714
208000086,690,1133,-443
208000087,791,832,-41
208000089,968,729,239
208000090,1060,963,97
208000093,243,175,68
208000094,531,546,-15
208000095,793,437,356
208000104,991,1193,-202
208000105,708,1180,-472
208000114,121,259,-138
208000115,458,355,103
208000116,756,1215,-459
208000117,272,168,104
208000118,146,134,12
208000155,1101,955,146
208000158,1762,3482,-1720
208000186,3716,3982,-266
208000204,631,1081,-450
208000205,1411,1400,11
208000282,5495,2646,2849
209000004,223,207,16
209000005,29,35,-6
209000006,506,126,380
209000007,474,294,180
209000010,683,177,506
209000011,207,289,-82
209000012,138,227,-89
209000013,293,452,-159
209000014,678,1343,-665
209000025,344,49,295
209000026,735,138,597
209000027,640,981,-341
209000028,484,874,-390
209000029,1039,792,247
209000030,745,1684,-939
209000031,3616,3153,463
209000034,243,285,-42
209000035,141,178,-37
209000036,222,151,71
209000037,338,294,44
209000038,113,185,-72
209000039,68,197,-129
209000040,261,629,-368
209000041,180,439,-259
209000042,251,464,-213
209000043,862,930,-68
209000044,199,841,-642
209000045,1487,472,1015
209000046,544,514,30
209000047,429,201,228
209000048,614,311,303
209000049,80,142,-62
209000050,184,228,-44
209000051,319,502,-183
209000052,212,446,-234
209000062,44,173,-129
209000063,66,151,-85
209000064,59,193,-134
209000065,75,36,39
209000066,69,49,20
209000067,87,76,11
209000080,25,256,-231
209000082,61,58,3
209000091,57,158,-101
209000093,54,43,11
209000094,250,233,17
209000110,69,121,-52
209000111,426,1523,-1097
209000112,960,636,324
209000113,2210,520,1690
209000114,591,392,199
209000115,101,192,-91
209000116,783,711,72
209000118,74,56,18
209000119,96,19,77
209000121,175,711,-536
209000135,90,179,-89
209000142,746,1772,-1026
209000143,177,114,63
209000144,216,101,115
209000229,269,192,77
209000240,31,443,-412
209000259,104,179,-75
209000260,53,1207,-1154
209000261,3,580,-577
209000262,4,506,-502
209000263,1,167,-166
209000264,1,116,-115
209000265,472,1,471
209000266,75,1,74
209000267,728,6,722
209000268,738,62,676
210000037,81,16,65
210000047,93,21,72
210000048,105,24,81
210000049,51,15,36
210000052,57,76,-19
210000053,25,59,-34
210000054,79,60,19
210000070,101,4,97
210000071,49,0,49
210000072,33,1,32
210000073,1,28,-27
210000074,0,154,-154
210000075,2,72,-70
210000076,7,134,-127
210000077,120,44,76
210000078,52,35,17
210000079,148,17,131
210000080,246,48,198
210000081,184,10,174
210000082,223,1,222
210000083,137,2,135
210000084,38,0,38
210000085,1,57,-56
210000086,4,149,-145
210000099,44,287,-243
210000100,42,248,-206
210000101,67,284,-217
210000105,41,323,-282
210000159,0,212,-212
210000163,183,290,-107
210000164,343,185,158
210000168,176,39,137
210000187,0,21,-21
210000188,0,24,-24
210000214,55,0,55
210000219,38,60,-22
210000220,94,48,46
210000232,2,22,-20
210000233,30,74,-44
210000234,39,136,-97
210000235,35,116,-81
210000245,0,32,-32
210000246,29,1,28
210000258,16,97,-81
210000259,364,60,304
210000282,92,223,-131
210000285,3,128,-125
210000286,20,231,-211
210000290,2,9,-7
210000295,65,215,-150
210000296,76,61,15
210000320,153,102,51
210000321,92,90,2
210000338,158,104,54
210000339,336,1152,-816
210000340,141,331,-190
210000341,213,275,-62
210000342,226,233,-7
210000343,283,221,62
210000344,378,148,230
210000345,227,374,-147
210000346,200,233,-33
210000347,473,42,431
210000348,370,13,357
210000349,344,4,340
210000350,120,59,61
210000351,156,124,32
210000352,61,127,-66
210000353,50,146,-96
210000354,54,161,-107
210000355,155,94,61
210000356,175,67,108
210000357,153,47,106
210000358,436,121,315
210000359,287,95,192
210000360,203,107,96
210000361,234,149,85
210000362,307,198,109
210000363,871,223,648
210000364,131,142,-11
210000365,192,55,137
210000366,126,50,76
210000367,104,37,67
210000368,211,61,150
210000369,35,31,4
210000370,72,36,36
210000372,87,26,61
210000373,106,10,96
210000374,75,15,60
210000375,30,120,-90
210000376,159,213,-54
210000404,84,135,-51
210000439,31,56,-25
210000472,136,8,128
210000482,125,103,22
210000564,461,255,206
210000567,9,37,-28
210000568,624,17,607
211000092,30,58,-28
211000094,21,5,16
211000169,231,4,227
211000172,21,292,-271
211000209,1,27,-26
211000226,20,20,0
211000270,43,14,29
211000275,19,19,0
211000276,85,23,62
211000279,47,46,1
211000281,50,43,7
211507980,4,39,-35
211977296,42,3,39
212000003,260,72,188
212000004,175,30,145
212000005,62,25,37
212000006,81,83,-2
212000008,199,184,15
212000009,23,150,-127
212000012,56,73,-17
212000013,29,50,-21
212000014,263,182,81
212000015,308,283,25
212000016,546,649,-103
212000027,442,590,-148
212000028,294,528,-234
212000029,166,371,-205
212000030,33,40,-7
212000031,56,78,-22
212000048,50,185,-135
212000049,20,144,-124
212000050,14,10,4
212000051,210,227,-17
212000052,154,423,-269
212000053,355,765,-410
212000054,170,143,27
212000055,192,260,-68
212000056,4,65,-61
212000057,7,34,-27
212000058,349,40,309
212000070,90,279,-189
212000077,190,909,-719
212000099,205,277,-72
212000108,355,216,139
212000111,195,132,63
212000120,260,115,145
212000138,211,35,176
212000156,17,197,-180
212000158,8,6,2
212000159,305,60,245
212000160,438,296,142
212000161,52,10,42
212000310,49,20,29
212000311,9,106,-97
212000374,86,13,73
213000001,60,585,-525
213000005,415,150,265
213000006,1199,313,886
213000007,292,8,284
213000009,649,422,227
213000010,181,299,-118
213000011,306,124,182
213000012,120,240,-120
213000014,56,12,44
213000015,249,7,242
213000016,371,2,369
213000017,108,2,106
213000018,3,176,-173
213000019,5,215,-210
213000020,98,383,-285
213000021,9,150,-141
213000023,310,239,71
213000033,305,1469,-1164
213000034,750,389,361
213000035,81,463,-382
213000045,144,310,-166
213000046,190,255,-65
213000047,751,1126,-375
213000056,93,95,-2
213000069,183,5,178
213000073,1,25,-24
213000074,55,469,-414
213000075,667,8,659
213000076,74,4,70
213000085,6,41,-35
213000086,14,200,-186
213000091,122,21,101
213000092,63,12,51
213000099,186,1213,-1027
213000100,1375,271,1104
213000101,314,184,130
213000102,361,360,1
213000103,916,1000,-84
213000104,70,477,-407
213000105,6,108,-102
213000106,26,141,-115
213000107,139,665,-526
213000108,34,591,-557
213000109,6,299,-293
213000110,4,63,-59
213000111,17,80,-63
213000112,222,107,115
213000115,51,12,39
213000116,40,724,-684
213000117,14,1027,-1013
213000118,346,366,-20
213000119,56,677,-621
213000120,111,614,-503
213000122,227,615,-388
213000123,607,1345,-738
213000124,104,1282,-1178
213000125,133,17,116
213000126,149,108,41
213000127,175,182,-7
213000128,667,1108,-441
213000129,450,703,-253
213000130,419,373,46
213000132,267,127,140
213000133,444,127,317
213000134,861,22,839
213000136,420,43,377
213000137,694,133,561
213000139,961,31,930
213000147,179,25,154
213000148,107,42,65
213000149,86,11,75
213000150,0,93,-93
213000151,2,96,-94
213000152,2,82,-80
213000153,2,69,-67
213000154,27,324,-297
213000155,40,384,-344
213000156,93,855,-762
213000157,866,580,286
213000158,392,979,-587
213000159,485,803,-318
213000163,593,105,488
213000165,659,305,354
213000171,1,128,-127
213000172,5,451,-446
213000173,3,287,-284
213000174,3,166,-163
213000175,6,100,-94
213000176,29,26,3
213000177,78,2,76
213000178,126,7,119
213000179,148,1,147
213000180,165,1,164
213000184,93,508,-415
213000188,425,118,307
213000189,305,36,269
213000190,830,748,82
213000191,302,462,-160
213000192,222,506,-284
213000193,988,199,789
213000194,13,63,-50
213000195,21,633,-612
213000196,332,1337,-1005
213000197,380,1242,-862
213000198,138,2,136
213000200,159,1096,-937
213000201,69,49,20
213000202,23,597,-574
213000203,3534,885,2649
213000204,821,98,723
213000205,274,218,56
213000206,823,151,672
213000207,192,21,171
213000208,354,3,351
213000209,325,10,315
213000210,1087,4,1083
213000211,31,25,6
213000212,71,13,58
213000213,57,40,17
213000218,266,909,-643
213000219,563,19,544
213000220,417,5,412
213000223,347,271,76
213000224,96,39,57
213000225,165,10,155
213000226,73,11,62
213000227,1016,325,691
213000228,344,147,197
213000229,561,59,502
213000230,505,42,463
213000232,164,731,-567
213000233,13,116,-103
213000234,2,30,-28
213000293,61,60,1
213000294,457,11,446
213000295,47,81,-34
213000296,85,32,53
213000297,9,108,-99
213000298,43,145,-102
213000299,116,52,64
213000300,8,6,2
213000303,2,36,-34
213000304,5,17,-12
213000305,5,15,-10
213000306,126,41,85
213000307,517,85,432
213000308,161,234,-73
213000309,197,79,118
213000310,656,97,559
213000311,415,677,-262
213000315,99,152,-53
213000316,141,93,48
213000322,127,133,-6
213000323,71,108,-37
213000324,66,30,36
213000325,52,97,-45
213000326,26,23,3
213000327,23,72,-49
213000328,26,153,-127
213000329,71,57,14
213000340,138,642,-504
213000341,408,145,263
213000346,222,202,20
213000347,913,403,510
213000348,9,97,-88
213000349,5,7,-2
213000350,297,1399,-1102
213000366,58,389,-331
213000367,204,35,169
213000379,118,92,26
213000386,19,240,-221
213000406,102,424,-322
213000417,1433,608,825
213000425,141,44,97
213000426,124,89,35
213000427,51,356,-305
213000428,40,210,-170
213000429,34,3,31
213000430,85,745,-660
213000431,112,2,110
213000432,4,56,-52
213000433,15,145,-130
213000434,53,134,-81
213000435,71,112,-41
213000436,24,80,-56
213000437,1,20,-19
213000438,118,99,19
213000439,120,3,117
213000440,10,336,-326
213000441,0,1,-1
213000442,0,43,-43
213000443,534,559,-25
213000444,48,57,-9
213000445,0,108,-108
213000446,3,26,-23
213000447,5,43,-38
213000448,7,129,-122
213000449,215,7,208
213000450,19,48,-29
213000451,228,104,124
213000452,26,39,-13
213000453,45,261,-216
213000455,393,3,390
213000456,0,220,-220
213000481,121,10,111
213000482,63,10,53
213000489,514,84,430
213000491,0,204,-204
213000492,1155,5,1150
213000493,0,158,-158
213000494,242,122,120
213000495,0,119,-119
213000496,443,291,152
213000497,55,231,-176
213000498,89,145,-56
213000499,121,496,-375
213000500,357,112,245
213000501,121,28,93
213000502,296,105,191
213000503,0,47,-47
213000504,8,118,-110
213000505,6,17,-11
213000506,0,14,-14
213000507,2,90,-88
213900244,30,0,30
213900245,0,54,-54
218000003,41,30,11
218000004,53,26,27
218000005,72,40,32
218000006,79,19,60
218000007,5,7,-2
218000012,196,164,32
218000013,90,139,-49
218000014,449,417,32
218000019,804,717,87
218000020,209,523,-314
218000021,27,90,-63
218000022,6,23,-17
218000023,4,29,-25
218000024,2,14,-12
218000025,20,21,-1
218000026,15,59,-44
218000027,4,12,-8
218000028,4,9,-5
218000029,2,5,-3
218000030,16,34,-18
218000031,8,37,-29
218000032,3,22,-19
218000040,6,4,2
218000046,41,111,-70
218000047,19,151,-132
218000048,74,131,-57
218000049,100,137,-37
218000050,325,273,52
218000051,92,295,-203
218000052,1,95,-94
218000053,5,9,-4
218000054,12,23,-11
218000055,9,12,-3
218000056,14,30,-16
218000057,1,35,-34
218000064,3,5,-2
218000065,98,42,56
218000066,23,83,-60
218000067,66,70,-4
218000068,87,55,32
218000069,191,148,43
218000070,218,263,-45
218000071,208,219,-11
218000072,369,309,60
218000078,780,1140,-360
218000079,72,96,-24
218000080,99,72,27
218000081,282,253,29
218000082,52,121,-69
218000083,57,94,-37
218000084,138,177,-39
218000085,148,447,-299
218000086,55,167,-112
218000087,171,226,-55
218000090,17,133,-116
218000091,979,547,432
218000092,67,153,-86
218000093,112,88,24
218000094,562,799,-237
218000099,330,673,-343
218000100,261,343,-82
218000101,570,161,409
218000102,316,254,62
218000103,104,165,-61
218000104,61,40,21
218000105,24,6,18
218000106,11,10,1
218000107,64,82,-18
218000108,4,50,-46
218000112,51,21,30
218000117,48,72,-24
218000134,580,808,-228
218000135,202,107,95
218000136,234,82,152
218000137,234,123,111
218000138,56,130,-74
218000139,172,384,-212
218000140,459,232,227
218000141,144,69,75
218000142,178,156,22
218000143,86,219,-133
218000144,94,67,27
218000145,311,408,-97
218000146,54,184,-130
218000151,15,23,-8
218000152,166,86,80
218000153,6,4,2
218000154,7,1,6
218000155,15,1,14
218000156,45,13,32
218000157,9,14,-5
218000158,2,12,-10
218000159,2,1,1
218000160,1,4,-3
218000161,18,2,16
218000162,21,5,16
218000163,7,4,3
218000164,43,6,37
218000165,50,15,35
218000170,14,54,-40
218000171,115,14,101
218000172,61,12,49
218000173,58,11,47
218000174,50,8,42
218000176,153,34,119
218000177,262,285,-23
218000178,78,274,-196
218000179,81,77,4
218000180,85,42,43
218000181,181,64,117
218000187,5,17,-12
218000188,36,36,0
218000189,48,64,-16
218000190,16,15,1
218000191,123,65,58
218000192,181,261,-80
218000193,291,488,-197
218000194,73,383,-310
218000195,80,64,16
218000196,224,216,8
218000197,242,288,-46
218000198,10,110,-100
218000199,51,26,25
218000200,54,40,14
218000201,30,3,27
218000202,118,332,-214
218000207,4,48,-44
218000208,44,44,0
218000211,74,9,65
218000212,1,7,-6
218000213,105,49,56
218000214,4,14,-10
218000215,58,87,-29
218000217,3,157,-154
218000218,195,73,122
218000219,58,25,33
218000220,244,373,-129
218000221,1461,140,1321
218000222,108,21,87
218000223,66,329,-263
218000224,11,213,-202
218000225,179,63,116
218000226,154,82,72
218000230,0,8,-8
218000232,33,78,-45
218000239,280,9,271
218000240,19,8,11
218000241,65,0,65
218000242,94,0,94
218000243,40,2,38
218000244,45,2,43
218000245,136,2,134
218000246,0,1,-1
218000247,1,0,1
218000248,0,15,-15
218000249,0,1,-1
218000250,6,3,3
218000251,2,12,-10
218000252,1,20,-19
218000253,3,10,-7
218000254,3,4,-1
218000255,5,5,0
218000256,11,56,-45
218000267,764,1156,-392
218000268,16,51,-35
218000269,3,9,-6
218000270,70,53,17
218000271,18,87,-69
218000273,15,14,1
218000274,5,13,-8
218000275,15,57,-42
218000276,5,43,-38
218000278,25,45,-20
218000279,87,84,3
218000280,2,33,-31
218000281,37,19,18
218000282,607,546,61
218000284,130,18,112
218000301,102,105,-3
218000302,94,51,43
218000303,51,55,-4
218000316,715,1283,-568
218000317,1010,1268,-258
218000318,550,870,-320
218000319,1109,1497,-388
218000320,1040,866,174
218000338,108,21,87
218000345,143,63,80
218000346,57,177,-120
218000459,38,367,-329
218000490,37,31,6
218000501,78,36,42
218000502,32,106,-74
218000503,97,21,76
218000504,194,28,166
218000505,48,163,-115
218000506,27,254,-227
218000508,3,8,-5
218000510,209,14,195
218000520,126,72,54
218000521,6,38,-32
218000522,2,109,-107
218000523,330,4,326
218000524,25,202,-177
218000525,280,16,264
218000526,16,138,-122
218000529,50,159,-109
218000530,18,4,14
218000531,12,31,-19
218000532,43,24,19
218000534,161,17,144
218000537,61,42,19
218000538,132,179,-47
218000540,328,60,268
218000543,130,77,53
218000544,37,80,-43
218000545,68,57,11
218000546,54,73,-19
218000547,190,127,63
218000548,159,131,28
218000549,382,250,132
218000550,228,384,-156
218000551,153,573,-420
218000552,618,50,568
218000553,43,113,-70
218000554,41,18,23
218000555,53,35,18
218000556,181,382,-201
218000557,256,224,32
218000558,117,3,114
218000559,0,33,-33
218000560,0,36,-36
218000561,19,0,19
218000562,34,203,-169
218000563,260,37,223
218000564,14,134,-120
218000565,258,26,232
218000566,281,31,250
218000567,0,69,-69
218000568,21,3,18
218000569,13,133,-120
218000570,142,6,136
218000571,1,139,-138
218000572,230,2,228
218000573,20,81,-61
218000574,105,57,48
218000575,131,2,129
218000576,1,67,-66
218000577,155,1,154
218000578,0,78,-78
218000579,30,23,7
218000581,15,56,-41
218000582,64,0,64
218000583,10,0,10
218000584,1,16,-15
218000585,16,3,13
218000586,7,43,-36
218000587,12,1,11
218000588,0,15,-15
218000589,1,7,-6
218000590,2,0,2
218000591,6,1,5
218000592,9,1,8
218000593,20,0,20
218000594,0,0,0
218000597,0,0,0
218000598,0,0,0
218000599,5,0,5
218000600,12,0,12
218000601,0,0,0
218000602,0,11,-11
218000603,0,7,-7
218000604,13,1,12
218000605,0,74,-74
218000606,152,0,152
218000607,16,43,-27
218000608,96,13,83
218000609,3,70,-67
218000610,65,9,56
218000611,40,3,37
218000612,1,22,-21
218000613,32,4,28
218000614,1,39,-38
218000615,223,0,223
218000616,7,143,-136
218000617,19,0,19
218000618,0,21,-21
218000619,207,51,156
218000620,5,12,-7
218000621,3,1,2
218000622,0,15,-15
218000623,211,1,210
218000624,28,24,4
218000625,29,1,28
218000626,1,4,-3
218000628,123,42,81
218000631,54,23,31
218000632,3,127,-124
218000633,95,1,94
218000634,12,14,-2
218000635,15,10,5
218000636,907,1601,-694
218000637,853,703,150
218000638,117,67,50
218000639,16,161,-145
218000640,222,35,187
218000641,137,290,-153
218000652,89,141,-52
218000653,183,94,89
218000663,11,138,-127
218000675,63,44,19
218000676,2,21,-19
218000677,7,6,1
218000680,202,420,-218
218000681,388,180,208
218000691,129,303,-174
218000693,186,138,48
218000703,9,53,-44
218000718,619,667,-48
218000719,1232,406,826
218000720,22,82,-60
218000721,163,12,151
218000725,9,9,0
218001147,3,117,-114
218001214,18,12,6
218001258,96,0,96
218001329,241,174,67
218001330,155,117,38
218001351,59,28,31
218001352,17,34,-17
218001353,26,10,16
218001354,2,22,-20
218001355,22,366,-344
218001356,276,10,266
218001357,38,238,-200
218001358,245,17,228
218001361,212,24,188
218001362,1,241,-240
219000001,40,47,-7
219000002,34,53,-19
219000003,62,21,41
219000004,38,34,4
219000017,227,32,195
219000020,96,48,48
219000022,105,4,101
219000023,103,1,102
219000029,0,87,-87
219000034,102,18,84
219000039,127,65,62
219000040,72,27,45
219000041,120,28,92
219000051,0,45,-45
219000052,0,21,-21
219000053,3,128,-125
219000054,21,115,-94
219000055,113,1,112
219000056,82,1,81
219000057,131,8,123
219000062,19,112,-93
219000063,62,2,60
219000064,1,53,-52
219000110,722,48,674
219000111,95,65,30
219000112,178,103,75
219000113,123,32,91
219000114,231,82,149
219000116,117,55,62
219000117,159,99,60
219000118,237,61,176
219000123,243,91,152
219000124,71,64,7
219000125,23,16,7
219000126,94,92,2
219000127,1,5,-4
219000128,13,113,-100
219000129,27,138,-111
219000130,788,671,117
219000131,740,927,-187
219000133,72,27,45
219000134,17,20,-3
219000135,20,36,-16
219000136,116,151,-35
219000138,74,20,54
219000139,39,49,-10
219000140,37,5,32
219000141,12,121,-109
219000142,13,98,-85
219000143,20,114,-94
219000145,21,51,-30
219000146,12,39,-27
219000147,1,45,-44
219000148,1,37,-36
219000149,6,121,-115
219000150,4,75,-71
219000151,0,59,-59
219000157,246,155,91
219000158,153,251,-98
219000161,117,8,109
219000163,1442,493,949
219000166,86,205,-119
219000167,104,255,-151
219000168,325,118,207
219000174,406,125,281
219000175,75,2,73
219000176,102,8,94
219000177,37,3,34
219000178,54,2,52
219000179,9,4,5
219000180,35,38,-3
219000182,117,15,102
219000183,70,39,31
219000184,86,14,72
219000185,0,56,-56
219000186,48,69,-21
219000187,30,90,-60
219000189,141,160,-19
219000190,96,200,-104
219000191,1384,1229,155
219000192,151,135,16
219000193,331,146,185
219000195,7,83,-76
219000196,16,166,-150
219000198,29,188,-159
219000199,79,295,-216
219000200,47,282,-235
219000201,100,251,-151
219000203,36,229,-193
219000204,367,241,126
219000205,90,204,-114
219000207,163,266,-103
219000209,29,83,-54
219000210,93,125,-32
219000213,32,193,-161
219000239,219,329,-110
219000240,285,383,-98
219000241,106,262,-156
219000242,106,165,-59
219000243,193,251,-58
219000244,80,86,-6
219000245,32,43,-11
219000246,42,17,25
219000247,167,22,145
219000248,918,318,600
219000249,186,74,112
219000250,140,98,42
219000251,501,154,347
219000252,244,169,75
219000253,296,76,220
219000255,155,119,36
219000256,155,95,60
219000257,219,2,217
219000262,99,199,-100
219000263,85,225,-140
219000267,1,121,-120
219000268,1,7,-6
219000269,12,1,11
219000270,10,0,10
219000271,94,11,83
219000278,0,8,-8
219000279,2,12,-10
219000283,1,7,-6
219000295,5,69,-64
219000296,57,584,-527
219000297,12,168,-156
219000298,10,187,-177
219000299,416,44,372
219000300,28,279,-251
219000301,203,410,-207
219000302,47,240,-193
219000307,43,45,-2
219000308,42,35,7
219000311,152,58,94
219000312,452,101,351
219000313,353,43,310
219000314,77,593,-516
219000315,253,36,217
219000316,483,84,399
219000317,93,27,66
219000320,0,57,-57
219000321,1,9,-8
219000323,4,64,-60
219000325,2,26,-24
219000326,78,94,-16
219000327,77,45,32
219000328,37,51,-14
219000329,293,114,179
219000330,48,41,7
219000331,41,33,8
219000332,89,75,14
219000333,14,5,9
219000335,82,3,79
219000337,27,1,26
219000338,60,2,58
219000344,21,88,-67
219000345,54,98,-44
219000346,27,118,-91
219000348,143,107,36
219000349,49,211,-162
219000350,117,145,-28
219000351,18,5,13
219000352,339,68,271
219000353,111,47,64
219000354,150,130,20
219000355,175,59,116
219000356,1532,1063,469
219000363,193,39,154
219000364,88,30,58
219000365,177,13,164
219000366,197,350,-153
219000368,568,478,90
219000370,1042,345,697
219000371,18,27,-9
219000382,10,23,-13
219000383,790,916,-126
219000385,742,591,151
219000386,899,1507,-608
219000387,5,2,3
219000390,16,5,11
219000391,12,2,10
219000397,95,73,22
219000398,91,39,52
219000401,16,111,-95
219000402,18,119,-101
219000403,137,331,-194
219000404,25,125,-100
219000407,3,37,-34
219000409,42,36,6
219000410,67,52,15
219000411,61,16,45
219000446,190,337,-147
219000447,0,23,-23
219000448,19,13,6
219000452,135,70,65
219000453,102,139,-37
219000454,329,253,76
219000556,265,97,168
219000558,204,258,-54
219000590,28,184,-156
219000591,63,86,-23
219000592,123,412,-289
219000595,2,13,-11
219000635,134,45,89
219000636,24,98,-74
219000657,19,20,-1
219000658,20,51,-31
219000673,0,15,-15
219000676,25,5,20
219000679,74,9,65
219000684,129,3,126
219000685,0,68,-68
219000686,1,0,1
219000688,0,73,-73
219000689,26,288,-262
219000690,140,29,111
219000691,48,212,-164
219000692,174,31,143
219000693,0,21,-21
219000694,8,0,8
219000695,39,1,38
219000698,53,1,52
219000699,0,16,-16
219000727,1,103,-102
219000728,126,7,119
219000770,73,2,71
219000771,0,32,-32
219000788,533,190,343
219001150,2,54,-52
219001151,13,4,9
219001166,22,23,-1
219001167,0,103,-103
219001178,29,0,29
220000001,254,71,183
220000002,41,142,-101
220000003,561,295,266
220000004,1002,494,508
220000005,1514,1744,-230
220000006,471,886,-415
220000007,383,707,-324
220000008,338,1122,-784
220000009,215,480,-265
220000010,217,183,34
220000011,984,3647,-2663
220000012,72,397,-325
220000014,134,41,93
220000015,110,196,-86
220000017,42,315,-273
220000018,5579,2535,3044
220000019,96,306,-210
220000020,502,216,286
220000021,539,230,309
220000022,651,521,130
220000023,286,182,104
220000024,1766,369,1397
220000025,1155,947,208
220000026,258,247,11
220000027,80,98,-18
220000028,54,50,4
220000029,86,215,-129
220000030,249,115,134
220000031,453,385,68
220000064,9,781,-772
221000046,5,0,5
221000047,0,5,-5
221000048,0,2,-2
221000049,0,9,-9
221000050,26,0,26
221000055,50,46,4
221000057,47,12,35
221000068,271,123,148
221000069,297,79,218
221000070,267,32,235
221000071,82,5,77
221000072,227,8,219
221000073,169,54,115
221000074,0,29,-29
221000075,19,24,-5
221000076,15,47,-32
221000077,36,88,-52
221000081,27,4,23
221000082,43,2,41
221000083,19,5,14
221000084,4,5,-1
221000085,12,81,-69
221000086,18,123,-105
221000087,5,178,-173
221000088,10,173,-163
221000089,40,285,-245
221000090,136,531,-395
221000098,104,18,86
221000099,172,15,157
221000100,120,7,113
221000101,226,16,210
221000102,99,17,82
221000109,6,89,-83
221000110,11,128,-117
221000111,15,206,-191
221000112,6,123,-117
221000113,27,186,-159
221000114,14,174,-160
221000120,66,24,42
221000121,1,14,-13
221000122,79,25,54
221000123,21,41,-20
221000124,86,232,-146
221000155,106,11,95
221000156,77,34,43
221000175,20,2,18
221000176,4,4,0
221000182,43,6,37
221000241,628,198,430
221000242,190,455,-265
221000243,654,124,530
221000244,330,613,-283
221000245,107,101,6
221000246,33,327,-294
221000247,70,140,-70
221000248,129,164,-35
221000267,76,691,-615
221000325,105,64,41
221000331,34,90,-56
221000338,64,23,41
221000378,204,52,152
221000381,53,91,-38
222000282,21,1,20
222000296,4,41,-37
222000568,268,23,245
222000569,175,30,145
222000570,96,10,86
222000571,246,17,229
222000577,22,192,-170
222000578,22,195,-173
222000579,31,187,-156
222000580,102,1024,-922
222000599,0,94,-94
222000600,2,297,-295
222000601,14,966,-952
222000603,22,22,0
222000604,8,49,-41
222000605,11,34,-23
222000606,23,10,13
222000607,4,5,-1
222000608,78,9,69
222000609,74,251,-177
222000616,265,57,208
222000617,14,16,-2
222000618,14,6,8
222000620,42,5,37
222000621,74,18,56
222000623,548,2,546
222000624,302,4,298
222000625,588,21,567
222000636,37,1,36
222000686,30,20,10
222000687,64,26,38
222001066,256,3,253
222001067,12,2,10
222001068,22,31,-9
222001069,40,38,2
222001082,7,46,-39
222001083,18,60,-42
222001084,0,61,-61
222001085,0,104,-104
222001111,39,169,-130
222001112,78,39,39
222001313,80,2,78
222001314,13,130,-117
222001464,133,88,45
222001465,41,161,-120
222001484,150,57,93
222001485,21,47,-26
222001494,328,188,140
222001495,143,287,-144
222001496,251,127,124
222001497,119,492,-373
222001502,22,82,-60
222001503,134,65,69
222001504,26,256,-230
222001505,269,9,260
222001506,25,300,-275
222001507,319,14,305
222001510,347,38,309
222001511,40,350,-310
222001514,591,187,404
222001515,228,629,-401
222001518,265,99,166
222001519,45,233,-188
222001527,303,91,212
222001528,73,184,-111
222001529,203,56,147
222001530,36,176,-140
222001533,126,297,-171
222001534,255,90,165
222001535,183,251,-68
222001536,115,293,-178
222001537,289,45,244
222001538,66,472,-406
222001563,391,57,334
222001564,47,555,-508
222001568,407,106,301
222001576,1,0,1
222001579,2,8,-6
222001583,25,176,-151
222001584,100,52,48
222001596,592,1185,-593
222001597,1520,263,1257
222001626,1,138,-137
222001650,60,87,-27
222001651,85,121,-36
222001914,141,94,47
222001915,53,224,-171
222001968,465,325,140
222001969,443,656,-213
222001970,144,203,-59
222001971,12,24,-12
222001972,1,13,-12
225000001,415,192,223
225000002,561,154,407
225000003,535,69,466
225000004,349,253,96
225000005,78,79,-1
225000006,0,161,-161
225000007,2515,1623,892
225000010,247,14,233
225000011,536,1380,-844
225000012,178,602,-424
225000013,159,155,4
225000014,1593,80,1513
225000015,114,175,-61
225000021,715,310,405
225000027,211,502,-291
225000032,666,189,477
225000042,106,883,-777
225000049,39,65,-26
225000050,98,20,78
225000053,7,298,-291
225000058,912,128,784
225000067,168,196,-28
225000068,145,350,-205
225000069,157,515,-358
225000070,89,466,-377
225000071,37,236,-199
225000075,28,1497,-1469
225000076,89,153,-64
225000078,81,53,28
225000085,49,109,-60
225000086,230,38,192
225000087,194,27,167
225000088,4,191,-187
225000089,405,1217,-812
225000090,43,471,-428
225000091,182,198,-16
225000092,32,66,-34
225000093,172,325,-153
225000094,18,379,-361
225000095,370,536,-166
225000096,375,522,-147
225000098,634,312,322
225000099,357,183,174
225000100,315,142,173
225000104,94,416,-322
225000110,11,437,-426
225000111,330,1286,-956
225000112,502,1186,-684
225000113,315,648,-333
225000114,62,328,-266
225000115,2295,862,1433
225000116,974,205,769
225000117,964,347,617
225000118,1003,317,686
225000119,240,117,123
225000120,588,81,507
225000121,278,27,251
225000123,1102,19,1083
225000125,441,274,167
225000126,1158,233,925
225000127,955,1013,-58
225000128,540,742,-202
225000132,230,25,205
225000133,211,29,182
225000134,511,157,354
225000135,43,9,34
225000136,198,11,187
225000137,157,60,97
225000138,333,56,277
225000143,67,196,-129
225000144,2,370,-368
225000145,59,31,28
225000146,46,143,-97
225000147,24,337,-313
225000148,5,261,-256
225000149,84,506,-422
225000151,29,278,-249
225000155,392,561,-169
225000156,269,1122,-853
225000157,406,404,2
225000158,99,317,-218
225000171,1,147,-146
225000180,42,0,42
225000181,0,59,-59
225000182,178,10,168
225000185,9,408,-399
225000187,57,332,-275
225000191,137,1,136
225000194,0,14,-14
225000208,0,62,-62
225000209,71,27,44
225000210,6,343,-337
225000217,0,12,-12
225000218,17,4,13
225000223,0,44,-44
225000224,564,3,561
225000225,5,174,-169
225000226,87,1,86
225000227,42,166,-124
225000228,8,12,-4
225000229,0,66,-66
225000230,25,0,25
225000231,0,58,-58
225000232,134,0,134
225000241,266,0,266
225000242,1,45,-44
225000249,13,0,13
225000250,39,977,-938
225000251,321,43,278
225000256,0,0,0
225000257,0,0,0
226000042,476,480,-4
226000043,125,277,-152
226000044,233,691,-458
226000045,113,439,-326
226000046,383,92,291
226000047,418,67,351
226000048,475,77,398
226000049,294,198,96
226000070,1,57,-56
226000071,0,56,-56
226000072,0,11,-11
226000073,0,17,-17
226000074,1,14,-13
226000084,8,59,-51
226000085,2,24,-22
226000086,0,11,-11
226000087,2,15,-13
226000088,92,19,73
226000090,226,90,136
226000091,13,21,-8
226000092,3,4,-1
226000093,41,1,40
226000094,41,2,39
226000095,37,5,32
226000105,48,1,47
226000106,22,0,22
226000107,7,0,7
226000108,46,0,46
226000109,61,0,61
226000124,164,95,69
226000134,576,424,152
226000135,992,718,274
226000136,472,384,88
226000137,2,525,-523
226000138,10,282,-272
226000139,7,8,-1
226000156,214,4,210
226000157,142,5,137
226000163,72,54,18
226000202,19,486,-467
226000231,286,10,276
226000232,61,6,55
227000033,290,62,228
227000036,222,30,192
227000037,211,29,182
227000038,243,56,187
227000084,9,103,-94
227000085,0,50,-50
227000088,136,2,134
227000089,183,0,183
227000090,85,4,81
227000091,42,1,41
227000092,55,0,55
227000093,172,0,172
227000094,15,0,15
227000130,37,66,-29
227000131,23,240,-217
227000132,25,264,-239
227000133,12,241,-229
227000134,26,396,-370
227000152,0,5,-5
227000153,0,65,-65
227000154,0,30,-30
227000155,2,24,-22
227000156,2,26,-24
227000165,0,23,-23
227000196,269,265,4
227000199,208,602,-394
227000230,24,472,-448
227000232,633,31,602
227000242,41,493,-452
227000243,342,95,247
227000245,22,421,-399
227000246,133,548,-415
227000247,296,72,224
227000248,363,40,323
227000249,45,225,-180
227000250,629,153,476
227000251,246,264,-18
227000252,47,463,-416
227000253,108,12,96
227000262,264,50,214
227000266,1251,22,1229
227000267,39,1931,-1892
227000282,3,252,-249
227000284,535,16,519
227000286,2,72,-70
227000287,9,93,-84
227000291,15,623,-608
227000484,364,14,350
227000485,24,1001,-977
227000655,96,13,83
227000656,617,32,585
227000657,81,16,65
227000661,375,23,352
227000680,427,30,397
229000265,34,51,-17
229000296,13,25,-12
229000297,10,48,-38
229000298,10,169,-159
229000320,5,7,-2
229000321,24,6,18
229000412,25,41,-16
229000414,17,58,-41
229000415,25,1,24
229000416,0,5,-5
229000417,2,20,-18
229000419,85,400,-315
229000440,311,93,218
229000442,9,12,-3
229000443,2,7,-5
229000444,18,24,-6
229000445,65,7,58
229000446,78,11,67
229000491,1,8,-7
229000492,8,74,-66
229000493,3,76,-73
229000494,29,0,29
229000495,40,0,40
229000496,25,3,22
229000507,0,53,-53
229000508,0,25,-25
229000509,1,43,-42
229000510,3,28,-25
229000511,5,41,-36
229000512,1,14,-13
229000513,0,6,-6
229000514,0,1,-1
229000517,0,4,-4
229000518,16,31,-15
229000519,3,17,-14
229000520,17,23,-6
229000521,24,9,15
229000522,10,4,6
229000523,8,7,1
229000524,2,0,2
229000527,1,0,1
229000528,0,0,0
229000529,1,0,1
229000530,35,0,35
229000531,23,1,22
229000532,22,1,21
229000533,51,3,48
229000534,31,2,29
229000564,35,0,35
229000565,15,0,15
229000566,0,15,-15
229000567,0,71,-71
229000582,65,0,65
229000583,10,2,8
229000584,0,25,-25
229000585,0,58,-58
229000718,0,2,-2
229000719,0,0,0
229000720,0,2,-2
229000721,0,4,-4
229000722,0,7,-7
229000723,0,8,-8
229000724,0,1,-1
229000725,0,3,-3
229000738,0,0,0
229000739,1,0,1
229000740,0,0,0
229000741,8,0,8
229000742,4,0,4
229000743,5,0,5
229000744,2,1,1
229000745,2,0,2
229000746,19,2,17
229000847,44,0,44
229000848,13,0,13
229000849,57,1,56
229000851,17,0,17
229000854,0,27,-27
229000856,3,80,-77
229000857,0,20,-20
229000858,0,62,-62
229000919,29,79,-50
229000930,3,205,-202
229000937,61,22,39
229000966,56,17,39
229000981,20,37,-17
229000985,10,47,-37
229000986,2,7,-5
229000987,0,0,0
229000988,10,9,1
229000989,70,3,67
229000990,14,0,14
229000991,2,0,2
229000992,10,2,8
229000993,178,15,163
229000998,7,78,-71
229000999,92,9,83
229001034,0,16,-16
229001035,28,1,27
229001037,46,8,38
229001042,16,20,-4
229001047,4,43,-39
229001050,43,35,8
229001168,0,12,-12
229001200,3,1,2
229001338,7,35,-28
229001394,145,2,143
229001422,92,8,84
229001423,36,140,-104
229001431,45,39,6
229001432,39,56,-17
229001444,121,59,62
229001445,33,234,-201
229001479,11,1,10
229001503,162,65,97
229001504,119,173,-54
229001505,86,46,40
229001506,67,152,-85
229001509,42,42,0
229001545,76,4,72
229001546,13,117,-104
229001553,43,16,27
229001554,32,99,-67
229001559,2,18,-16
229001560,4,38,-34
229001630,51,3,48
229001631,5,39,-34
229001635,0,7,-7
229001636,3,0,3
229001658,0,129,-129
229001659,67,1,66
229001660,2,4,-2
229001661,51,21,30
229001662,49,0,49
229001663,0,18,-18
229002584,190,223,-33
229002831,219,154,65
229002841,16,12,4
229002842,54,21,33
229002843,125,18,107
229002844,161,49,112
229002845,30,68,-38
229002846,38,17,21
229002847,21,10,11
229002848,13,9,4
229002849,6,37,-31
229002850,10,2,8
229002851,55,53,2
229002852,136,17,119
229002853,153,21,132
229002854,83,31,52
229002855,42,21,21
229002856,204,22,182
229002857,26,27,-1
229002858,45,11,34
229002859,58,13,45
229002860,114,12,102
229002861,60,22,38
229002862,69,11,58
229002863,68,9,59
229002864,69,17,52
229002865,12,11,1
229002866,7,8,-1
229002867,19,44,-25
229002868,36,8,28
229002869,21,154,-133
229002870,21,8,13
235000066,487,92,395
235000067,156,145,11
235000072,30,62,-32
235000073,65,265,-200
235000074,57,85,-28
235000080,19,72,-53
235000081,97,110,-13
235000082,174,77,97
235000083,153,100,53
235000084,40,49,-9
235000085,72,89,-17
235000089,20,37,-17
235000092,27,152,-125
235000093,8,4,4
235000097,8,4,4
235000098,56,23,33
235000099,37,18,19
235000116,68,31,37
235000117,807,23,784
235000133,9,322,-313
235000134,14,128,-114
235000206,5,10,-5
235000207,2,2,0
235000208,7,2,5
235000209,16,1,15
235000210,7,1,6
235000212,7,23,-16
235000213,1,17,-16
235000220,4,4,0
235000221,72,17,55
235000238,14,53,-39
235000239,0,10,-10
235000242,325,385,-60
235000245,677,205,472
235000246,21,58,-37
235000284,11,113,-102
235000295,160,7,153
235000305,157,24,133
235000306,132,27,105
235000307,19,4,15
235000308,53,3,50
235000309,57,0,57
235000310,36,0,36
235000311,130,119,11
235000322,0,47,-47
235000323,1,57,-56
235000324,0,21,-21
235000325,0,14,-14
235000326,9,226,-217
235000351,2,63,-61
235000352,15,40,-25
235000353,2,25,-23
235000354,4,24,-20
235000355,9,44,-35
235000356,231,4,227
235000357,21,3,18
235000358,53,6,47
235000359,5,7,-2
235000360,97,2,95
235000361,57,4,53
235000381,94,239,-145
235000382,125,45,80
235000390,14,1,13
235000391,81,16,65
235000392,159,197,-38
235000393,128,117,11
235000395,121,69,52
235000396,338,76,262
235000400,96,32,64
235000401,44,138,-94
235000405,76,308,-232
235000406,47,244,-197
235000407,77,146,-69
235000409,163,151,12
235000410,42,297,-255
235000411,0,80,-80
235000485,0,2,-2
235000486,16,0,16
235000549,92,130,-38
235000550,47,171,-124
235000599,76,56,20
235000600,13,17,-4
235000601,21,51,-30
235000602,100,134,-34
235000614,1,3,-2
235000648,0,15,-15
235000649,45,16,29
235000685,1,3,-2
235000815,11,17,-6
235000834,0,22,-22
235000855,42,64,-22
235000862,26,138,-112
235000891,0,5,-5
235000892,45,3,42
235000901,40,80,-40
235000907,9,21,-12
235001010,80,75,5
235001029,579,442,137
235001030,375,291,84
235001078,118,133,-15
235001079,106,119,-13
235001147,17,52,-35
235001166,28,91,-63
235001167,29,62,-33
235001169,36,287,-251
235001188,0,7,-7
235001189,2,1,1
235001197,10,9,1
235001200,34,34,0
235001207,171,22,149
235001210,37,86,-49
235001215,52,116,-64
235001239,2,45,-43
235001244,0,5,-5
235016267,0,160,-160
277101746,0,0,0
277102712,0,0,0
277103813,0,0,0
277103898,0,0,0
277104249,0,2,-2
277104250,0,12,-12
277104251,0,5,-5
277104252,0,1,-1
990011530,3,282,-279
990014944,4,538,-534
990015176,113,6,107
990015618,1,223,-222
990016032,2,430,-428
990032570,0,40,-40
990070001,113,2,111
990070103,0,6,-6
990070601,0,44,-44
990070751,503,1,502
990070766,1,594,-593
990071180,596,196,400
990071343,21,0,21
990071387,0,15,-15
990071823,358,1,357
990072600,1,684,-683
990072964,0,327,-327
990073285,0,3,-3
990074393,0,919,-919
990074870,1068,7,1061
990075106,1058,2,1056
990075746,378,7,371
990076437,900,5,895
990076458,6,904,-898
997000007,564,10,554
997000041,0,137,-137
997000058,35,0,35
997000062,117,4,113
997000069,0,4,-4
997000070,0,35,-35
997000100,11,0,11
997000141,1,495,-494
997000198,387,1353,-966
998000475,2,36,-34
998000736,1,195,-194
998000965,0,72,-72
998001031,0,86,-86
998001700,0,31,-31
998001899,0,0,0
998001900,5,2,3
998003073,915,9,906
998101900,0,0,0
998102850,0,94,-94
998501927,702,436,266
998501929,100,38,62
998501930,69,1,68
998501931,119,4,115
998501932,9,1,8
998501933,81,2,79
998501937,12,0,12
998501944,0,0,0
998501950,1,54,-53
998501970,31,3,28
998501971,0,89,-89
998501973,0,50,-50
998501974,1,267,-266
998501975,552,2,550
998501976,204,1,203
998501977,0,35,-35
998501978,39,2,37
998501979,0,13,-13
998501980,135,1,134
998501981,17,0,17
998501982,0,97,-97
998501983,1,29,-28
998502006,0,0,0
998502024,0,5,-5
998502032,0,2,-2
998502062,21,0,21
998502063,0,0,0
998502173,30,1,29
998502269,0,4,-4
998502546,1,166,-165
998502578,5,2,3
998502599,72,309,-237
998601159,0,171,-171
998601292,0,19,-19
999033574,3,649,-646
999800001,17,0,17
999800002,0,6,-6
999800003,0,1,-1
999800004,0,1,-1
999800005,0,12,-12
