ID,insum,outsum,diff
100000001,461,482,-21
100000002,2065,1861,204
100000003,3178,3189,-11
100000004,601,659,-58
100000005,1643,2986,-1343
100000006,423,235,188
100000007,1265,503,762
100000008,196,425,-229
100000009,336,416,-80
100000010,57,87,-30
100000011,724,157,567
100000012,89,924,-835
100000013,122,272,-150
100000014,262,557,-295
100000015,1062,1479,-417
100000016,599,950,-351
100000017,378,695,-317
100000018,1023,466,557
100000019,2216,1431,785
100000020,1011,3581,-2570
100000021,3505,1472,2033
100000022,657,1431,-774
100000023,3109,987,2122
100000025,610,859,-249
100000028,892,697,195
100000029,149,229,-80
100000030,100,30,70
100000031,1539,3547,-2008
100000032,1348,2426,-1078
100000033,722,1661,-939
100000034,106,522,-416
100000035,834,828,6
100000036,1104,799,305
100000037,537,343,194
100000038,1633,723,910
100000039,395,207,188
100000040,190,132,58
100000041,936,367,569
100000042,729,315,414
100000043,507,419,88
100000044,234,464,-230
100000045,329,636,-307
100000046,500,525,-25
100000047,214,332,-118
100000048,257,346,-89
100000049,958,1026,-68
100000051,325,658,-333
100000053,136,12,124
100000054,367,26,341
100000055,660,216,444
100000056,395,355,40
100000057,1392,447,945
100000058,528,816,-288
100000059,9,110,-101
100000060,321,228,93
100000061,1769,329,1440
100000062,1481,397,1084
100000063,629,168,461
100000064,1036,261,775
100000065,262,520,-258
100000066,138,409,-271
100000067,272,468,-196
100000068,343,912,-569
100000069,236,764,-528
100000072,264,495,-231
100000073,651,702,-51
100000075,626,204,422
100000076,1089,1963,-874
100000077,181,184,-3
100000078,8,19,-11
100000079,31,28,3
100000080,18,33,-15
100000081,100,172,-72
100000102,1682,2056,-374
100000103,1550,1063,487
100000104,2209,1694,515
100000105,1396,1184,212
100000106,1445,1864,-419
100000107,231,794,-563
100000108,299,561,-262
100000109,1235,773,462
100000116,705,657,48
100000117,35,110,-75
100000118,846,1022,-176
100000119,406,667,-261
100000121,193,303,-110
100000122,625,845,-220
100000123,1416,2258,-842
100000124,2595,3271,-676
100000125,2284,1089,1195
100000126,408,328,80
100000127,875,291,584
100000128,1028,1563,-535
100000129,332,416,-84
100000130,335,272,63
100000131,1217,1626,-409
100000132,671,1549,-878
100000133,2349,1314,1035
100000135,444,925,-481
100000139,265,343,-78
100000140,319,276,43
100000142,386,403,-17
100000143,1051,508,543
100000144,2831,727,2104
100000147,765,2478,-1713
100000150,76,326,-250
100000151,677,1066,-389
100000153,92,288,-196
100000154,44,145,-101
100000155,17,30,-13
100000156,362,437,-75
100000157,253,119,134
100000158,216,123,93
100000159,238,435,-197
100000165,879,686,193
100000169,149,534,-385
100000174,313,530,-217
100000179,93,341,-248
100000180,809,1739,-930
100000181,331,156,175
100000188,66,127,-61
100000189,704,293,411
100000190,498,879,-381
100000191,623,534,89
100000192,17,49,-32
100000193,243,176,67
100000330,721,598,123
100000355,139,461,-322
100000362,3115,1862,1253
100000363,3386,3655,-269
100000364,121,205,-84
100000365,4407,6116,-1709
100000366,3408,2114,1294
100000367,3595,5226,-1631
100000368,1968,923,1045
100000369,554,1291,-737
100000370,110,619,-509
100000376,65,102,-37
100000379,1452,1278,174
100000380,3123,3272,-149
100000384,3526,3660,-134
100000385,2340,2934,-594
100000386,4082,3434,648
100000387,2968,3879,-911
100000388,3318,3973,-655
100000389,3781,4177,-396
100000390,4446,4285,161
100000391,3484,4875,-1391
100000392,2236,3193,-957
100000393,1782,3540,-1758
100000394,4695,6189,-1494
100000395,3178,3782,-604
100000396,5238,2962,2276
100000397,3355,5812,-2457
100000398,9269,5930,3339
100000413,5,3,2
100000414,145,287,-142
100900002,2,17,-15
100900003,311,200,111
100900004,13,642,-629
100900005,63,15,48
100900006,6,65,-59
100900007,127,4,123
100900008,0,264,-264
100900009,42,162,-120
100900010,26,44,-18
100900011,99,139,-40
100900012,2,127,-125
100900013,532,4,528
100900014,0,4,-4
100900015,43,46,-3
100900016,4,24,-20
100900017,489,42,447
100900018,0,16,-16
100900019,10,40,-30
100900020,246,3,243
100900021,320,1,319
100900022,6,13,-7
100900023,0,8,-8
100900024,249,1,248
100900025,7,7,0
100900026,103,72,31
100900027,387,1609,-1222
100900028,85,142,-57
100900029,45,6,39
100900030,1,72,-71
100900031,494,23,471
100900032,243,0,243
100900033,106,128,-22
100900034,518,0,518
100900035,187,2,185
100900036,19,0,19
100900037,74,117,-43
100900038,80,58,22
100900039,235,388,-153
100900040,338,436,-98
100900041,507,355,152
100900042,925,1009,-84
100900043,0,16,-16
100900044,1019,404,615
100900045,10,2,8
100900046,749,14,735
100900047,489,87,402
100900048,95,18,77
100900049,86,110,-24
100900050,4,3,1
100900051,19,47,-28
100900052,159,38,121
100900053,290,16,274
100900054,6,46,-40
100900055,165,436,-271
100900056,37,79,-42
100900057,1007,768,239
100900058,136,25,111
100900059,54,3,51
100900060,144,7,137
100900061,318,114,204
100900062,7,17,-10
100900063,148,496,-348
100900064,434,14,420
100900065,52,90,-38
100900066,131,135,-4
100900067,12,2,10
100900068,112,96,16
100900069,216,2,214
100900070,287,4,283
100900071,541,170,371
100900072,1,30,-29
100900073,82,259,-177
100900074,2,4,-2
100900075,1162,191,971
100900076,4,17,-13
100900077,23,41,-18
100900078,41,180,-139
100900079,11,10,1
100900080,20,146,-126
100900081,16,116,-100
100900082,137,384,-247
100900083,11,18,-7
100900085,12,255,-243
100900086,104,288,-184
100900088,72,287,-215
100900089,1,12,-11
100900090,55,273,-218
100900091,1,11,-10
100900092,148,92,56
100900093,201,190,11
100900094,91,225,-134
100900095,0,14,-14
100900096,33,74,-41
100900097,2,6,-4
100900098,22,24,-2
100900099,17,269,-252
100900100,2,269,-267
100900101,143,27,116
100900102,22,29,-7
100900103,2,9,-7
100900104,7,100,-93
100900105,20,192,-172
100900106,19,5,14
100900107,1001,511,490
100900108,5,4,1
100900109,13,14,-1
100900110,4,23,-19
100900111,43,87,-44
100900112,1,12,-11
100900113,12,26,-14
100900114,12,4,8
100900115,1,18,-17
100900116,461,398,63
100900117,218,549,-331
100900118,13,26,-13
100900119,7,8,-1
100900120,8,9,-1
100900121,166,317,-151
100900122,174,129,45
100900123,86,113,-27
100900124,6,9,-3
100900125,1,31,-30
100900126,154,217,-63
100900127,7,3,4
100900128,65,98,-33
100900129,0,103,-103
100900131,79,118,-39
100900133,44,33,11
100900134,6,7,-1
100900135,0,152,-152
100900137,280,122,158
100900138,352,242,110
100900139,2,5,-3
100900140,1,241,-240
100900141,0,361,-361
100900142,3,3,0
100900143,508,261,247
100900144,8,2,6
100900145,126,150,-24
100900146,1,31,-30
100900147,4,411,-407
100900148,48,395,-347
100900149,22,205,-183
100900150,1,18,-17
100900151,105,264,-159
100900152,127,4,123
100900153,1,103,-102
100900154,5,48,-43
100900155,7,8,-1
100900156,14,3,11
100900157,7,96,-89
100900159,0,18,-18
100900160,21,3,18
100900161,51,9,42
100900162,16,100,-84
100900163,121,136,-15
100900164,28,26,2
100900165,7,17,-10
100900166,15,1,14
100900167,1,29,-28
100900168,44,71,-27
100900169,84,662,-578
100900170,25,6,19
100900171,4,342,-338
100900172,0,32,-32
100900173,5,219,-214
100900174,52,16,36
100900176,899,98,801
100900177,381,125,256
100900178,186,91,95
100900179,96,144,-48
100900180,2,3,-1
100900181,51,48,3
100900182,43,16,27
100900184,17,127,-110
100900186,338,225,113
100900187,9,50,-41
100900188,37,5,32
100900189,931,150,781
100900191,666,778,-112
100900192,169,292,-123
100900195,99,109,-10
100900197,15,47,-32
100900198,25,93,-68
100900199,10,9,1
100900200,604,284,320
100900201,43,350,-307
100900202,73,0,73
100900203,0,173,-173
100900204,119,474,-355
100900205,146,439,-293
100900206,124,44,80
100900207,180,119,61
100900210,74,340,-266
100900211,244,78,166
100900213,63,22,41
100900214,378,144,234
100900215,15,36,-21
100900217,80,63,17
101000001,2036,1596,440
101000002,3762,3598,164
101000003,296,886,-590
101000004,4739,4979,-240
101000005,2392,3137,-745
101000006,3715,4327,-612
101000007,1779,2539,-760
101000009,1640,900,740
101000010,630,747,-117
101000011,895,287,608
101000012,833,527,306
101000013,478,832,-354
101000014,292,354,-62
101000015,821,565,256
101000016,259,323,-64
101000017,334,309,25
101000018,1637,1809,-172
101000020,1878,799,1079
101000021,513,325,188
101000022,8,9,-1
101000023,1027,522,505
101000025,207,328,-121
101000026,178,15,163
101000027,1280,1969,-689
101000028,527,169,358
101000029,119,1126,-1007
101000030,1120,62,1058
101000031,422,582,-160
101000032,4382,3678,704
101000033,1275,2292,-1017
101000034,1155,1297,-142
101000035,530,189,341
101000036,918,789,129
101000037,1526,1328,198
101000039,1227,1339,-112
101000040,1802,2889,-1087
101000041,5018,5903,-885
101000042,272,765,-493
101000043,3972,5004,-1032
101000045,911,813,98
101000046,1975,1380,595
101000047,1274,2673,-1399
101000048,428,340,88
101000049,370,1362,-992
101000050,974,1299,-325
101000051,1015,1886,-871
101000052,966,759,207
101000053,575,955,-380
101000054,1030,585,445
101000055,873,932,-59
101000056,35,75,-40
101000057,1054,862,192
101000058,687,835,-148
101000059,1385,1741,-356
101000060,1225,498,727
101000061,487,986,-499
101000062,429,604,-175
101000063,450,777,-327
101000064,912,892,20
101000065,249,391,-142
101000066,795,943,-148
101000067,885,914,-29
101000068,201,333,-132
101000069,204,59,145
101000070,680,832,-152
101000071,1322,662,660
101000072,471,2030,-1559
101000073,632,882,-250
101000074,3232,2486,746
101000075,2438,3631,-1193
101000077,1115,988,127
101000078,703,1226,-523
101000079,1209,373,836
101000080,1176,486,690
101000081,1322,1353,-31
101000082,2329,2309,20
101000083,1923,1923,0
101000084,911,672,239
101000085,1214,981,233
101000086,756,846,-90
101000087,626,702,-76
101000088,999,869,130
101000089,837,1273,-436
101000090,1497,824,673
101000091,361,478,-117
101000092,851,671,180
101000093,973,630,343
101000094,807,613,194
101000095,470,355,115
101000096,338,362,-24
101000097,322,283,39
101000098,267,418,-151
101000099,530,669,-139
101000100,581,680,-99
101000101,220,300,-80
101000102,459,425,34
101000103,504,390,114
101000104,228,493,-265
101000105,239,322,-83
101000106,359,700,-341
101000107,201,247,-46
101000108,520,166,354
101000109,289,65,224
101000110,34,292,-258
101000111,58,146,-88
101000113,150,516,-366
101000114,4876,5333,-457
101000115,147,72,75
101000116,61,62,-1
101000117,727,166,561
101000119,66,35,31
101000120,90,35,55
101000121,74,49,25
101000122,88,75,13
101000123,33,62,-29
101000124,1076,202,874
101000125,165,361,-196
101000128,216,368,-152
101000130,115,197,-82
101000131,650,416,234
101000132,567,490,77
101000135,25,33,-8
101000136,308,118,190
101000137,26,204,-178
101000141,751,2497,-1746
101000147,660,381,279
101000148,655,12,643
101000149,259,254,5
101000150,93,429,-336
101000151,198,40,158
101000152,212,228,-16
101000153,327,197,130
101000154,165,725,-560
101000155,194,144,50
101000156,11,259,-248
101000157,29,24,5
101000160,37,32,5
101000163,188,298,-110
101000164,232,258,-26
101000165,160,267,-107
101000166,224,218,6
101000168,687,363,324
101000252,1727,803,924
101000254,117,88,29
101000258,49,5,44
101000261,141,55,86
101000262,995,2123,-1128
101000263,213,756,-543
101000265,38,556,-518
101000266,198,154,44
101000269,16,9,7
101000290,321,1393,-1072
101000293,27,27,0
101000294,393,286,107
101000295,112,267,-155
101000301,362,374,-12
101000304,1409,1787,-378
101000305,2213,902,1311
101000328,101,276,-175
101900001,29,52,-23
101900002,0,6,-6
101900003,59,73,-14
101900004,4,51,-47
101900005,2186,1689,497
101900006,535,265,270
101900007,412,94,318
101900008,53,210,-157
101900009,36,259,-223
101900010,578,571,7
101900011,76,511,-435
101900012,118,93,25
101900013,507,140,367
101900017,19,72,-53
101900018,797,222,575
101900019,206,101,105
101900020,40,26,14
101900021,2,35,-33
101900022,80,779,-699
101900023,78,143,-65
101900026,86,45,41
101900027,22,94,-72
102000001,1842,3263,-1421
102000002,1714,812,902
102000003,2014,4458,-2444
102000004,3171,1928,1243
102000005,862,1542,-680
102000006,660,1214,-554
102000007,1081,3239,-2158
102000008,2864,1013,1851
102000009,4546,5900,-1354
102000010,3795,2031,1764
102000011,2537,2056,481
102000012,2419,2064,355
102000018,1979,2023,-44
102000019,1475,951,524
102000026,128,318,-190
102000029,212,161,51
102000030,102,197,-95
102000031,46,87,-41
102000032,424,218,206
102000033,170,247,-77
102000034,325,241,84
102000035,521,385,136
102000036,21,168,-147
102000037,110,43,67
102000038,172,232,-60
102000039,193,54,139
102000040,287,147,140
102000041,143,310,-167
102000042,101,206,-105
102000043,153,152,1
102000044,250,372,-122
102000045,573,539,34
102000046,746,448,298
102000047,616,634,-18
102000048,255,471,-216
102000049,760,577,183
102000050,670,788,-118
102000051,280,475,-195
102000052,748,591,157
102000053,574,610,-36
102000054,574,677,-103
102000055,1035,418,617
102000056,790,631,159
102000057,1006,384,622
102000058,808,906,-98
102000059,998,837,161
102000060,771,665,106
102000061,1079,1087,-8
102000062,1161,695,466
102000063,840,1042,-202
102000064,472,511,-39
102000065,54,95,-41
102000066,543,570,-27
102000067,1448,1871,-423
102000068,5629,1836,3793
102000069,50,1374,-1324
102000070,1098,27,1071
102000071,4670,5933,-1263
102000072,1937,2543,-606
102000073,325,342,-17
102000074,392,474,-82
102000075,90,147,-57
102000076,143,182,-39
102000077,435,549,-114
102000078,744,437,307
102000079,110,160,-50
102000080,223,165,58
102000081,214,616,-402
102000082,475,370,105
102000083,499,170,329
102000084,343,201,142
102000085,1081,614,467
102000086,868,712,156
102000087,515,882,-367
102000088,245,195,50
102000089,826,303,523
102000090,262,702,-440
102000091,764,361,403
102000092,230,354,-124
102000093,512,532,-20
102000094,622,501,121
102000095,612,833,-221
102000096,366,507,-141
102000097,418,437,-19
102000098,384,424,-40
102000099,469,529,-60
102000100,428,843,-415
102000101,511,428,83
102000102,169,762,-593
102000103,902,269,633
102000104,374,202,172
102000105,211,342,-131
102000106,665,360,305
102000107,1067,353,714
102000108,557,145,412
102000109,402,566,-164
102000110,956,728,228
102000111,7,535,-528
102000112,218,116,102
102000113,17,36,-19
102000114,972,235,737
102000115,172,235,-63
102000116,223,316,-93
102000117,117,298,-181
102000118,640,870,-230
102000119,928,606,322
102000120,154,316,-162
102000121,671,358,313
102000122,445,580,-135
102000123,723,662,61
102000124,820,781,39
102000125,795,660,135
102000126,685,569,116
102000127,931,553,378
102000128,538,604,-66
102000129,1064,495,569
102000130,649,435,214
102000131,793,373,420
102000132,279,524,-245
102000133,1640,1251,389
102000134,640,573,67
102000135,507,480,27
102000136,648,412,236
102000137,481,483,-2
102000138,138,189,-51
102000139,49,283,-234
102000140,186,294,-108
102000141,129,296,-167
102000142,205,242,-37
102000143,134,233,-99
102000144,220,250,-30
102000145,235,267,-32
102000146,319,213,106
102000147,385,317,68
102000148,242,378,-136
102000149,142,223,-81
102000150,294,66,228
102000151,57,172,-115
102000152,165,99,66
102000153,874,426,448
102000154,195,374,-179
102000155,62,245,-183
102000156,211,62,149
102000157,96,275,-179
102000158,325,292,33
102000159,574,418,156
102000161,1855,1330,525
102000162,84,105,-21
102000163,79,383,-304
102000164,539,803,-264
102000165,153,110,43
102000166,67,123,-56
102000167,114,124,-10
102000168,174,138,36
102000169,78,346,-268
102000170,323,93,230
102000171,114,50,64
102000172,35,217,-182
102000173,290,158,132
102000174,41,36,5
102000175,72,49,23
102000176,42,18,24
102000178,164,316,-152
102000179,240,167,73
102000180,781,296,485
102000181,706,412,294
102000182,546,431,115
102000183,1380,1170,210
102000184,1428,460,968
102000185,2217,903,1314
102000186,1023,1114,-91
102000187,727,938,-211
102000188,993,953,40
102000189,1419,455,964
102000190,393,1805,-1412
102000191,824,324,500
102000192,796,965,-169
102000193,78,97,-19
102000194,43,68,-25
102000195,277,289,-12
102000196,158,238,-80
102000197,582,261,321
102000198,160,440,-280
102000199,878,207,671
102000200,229,611,-382
102000201,786,276,510
102000202,4,84,-80
102000203,288,147,141
102000204,373,445,-72
102000205,828,267,561
102000206,437,419,18
102000207,459,391,68
102000208,251,386,-135
102000209,46,39,7
102000210,438,291,147
102000211,189,160,29
102000212,293,8,285
102000213,2,161,-159
102000214,228,3,225
102000215,4,223,-219
102000216,64,46,18
102000217,7,72,-65
102000218,207,156,51
102000219,274,181,93
102000225,452,349,103
102000226,1014,628,386
102000227,103,0,103
102000228,0,68,-68
102000229,31,38,-7
102000230,249,306,-57
102000231,196,247,-51
102000232,28,140,-112
102000233,332,338,-6
102000234,72,811,-739
102000236,173,42,131
102000237,267,85,182
102000238,110,163,-53
102000240,313,459,-146
102000241,112,99,13
102000243,29,33,-4
102000245,16,74,-58
102000246,2,29,-27
102000247,416,476,-60
102000248,332,621,-289
102000249,121,114,7
102000250,62,204,-142
102000254,128,179,-51
102000266,25,156,-131
102000271,15,0,15
102000286,251,279,-28
102000297,1405,661,744
102000305,0,0,0
102000307,0,2,-2
102000316,214,157,57
102900001,806,539,267
102900002,351,19,332
102900003,57,129,-72
102900005,396,196,200
102900006,373,69,304
102900007,348,22,326
102900008,160,33,127
102900009,364,136,228
102900010,249,733,-484
102900011,1134,217,917
102900012,276,82,194
102900013,20,61,-41
102900015,430,418,12
102900016,54,76,-22
102900017,135,340,-205
102900018,38,94,-56
102900019,237,271,-34
102900020,118,21,97
102900021,14,78,-64
102900022,589,154,435
102900023,24,39,-15
102900024,49,28,21
102900025,133,55,78
102900026,212,1504,-1292
102900027,86,27,59
102900028,112,563,-451
102900029,128,132,-4
102900030,396,222,174
102900031,221,101,120
102900032,70,44,26
102900033,97,132,-35
102900034,429,61,368
102900035,93,184,-91
102900036,257,293,-36
102900037,240,259,-19
102900038,408,265,143
102900039,11,337,-326
102900040,112,190,-78
102900041,89,96,-7
102900042,146,185,-39
102900043,130,144,-14
102900044,355,1294,-939
102900045,109,336,-227
102900046,128,190,-62
102900047,111,381,-270
102900048,476,328,148
102900049,119,205,-86
102900050,219,352,-133
102900051,133,133,0
102900053,304,357,-53
102900054,307,781,-474
102900055,38,154,-116
102900056,90,277,-187
102900057,14,49,-35
102900058,241,66,175
102900059,14,37,-23
102900060,109,280,-171
102900061,124,369,-245
102900062,150,573,-423
102900063,979,303,676
102900064,80,257,-177
102900065,835,256,579
102900066,262,15,247
102900068,66,60,6
102900070,144,390,-246
102900072,9,45,-36
102900073,91,6,85
102900075,33,69,-36
102900076,85,106,-21
102900077,24,15,9
102900078,22,62,-40
102900079,147,10,137
102900080,320,22,298
102900081,89,171,-82
102900082,14,151,-137
102900083,200,9,191
102900084,5,21,-16
102900085,266,116,150
102900086,18,53,-35
102900087,90,53,37
102900088,18,20,-2
102900089,176,98,78
102900090,1,192,-191
102900091,90,3,87
102900092,235,544,-309
102900094,1,136,-135
102900095,61,1,60
102900096,82,27,55
102900097,3,73,-70
103000001,1849,1873,-24
103000002,1462,1675,-213
103000003,2249,2124,125
103000004,587,570,17
103000005,1238,2230,-992
103000006,629,1108,-479
103000007,299,501,-202
103000008,717,498,219
103000009,915,733,182
103000010,172,141,31
103000011,1120,836,284
103000012,1083,1056,27
103000013,2292,1222,1070
103000014,1021,1818,-797
103000015,1166,436,730
103000016,393,912,-519
103000017,122,348,-226
103000018,409,261,148
103000019,241,255,-14
103000020,1850,1029,821
103000021,1473,1804,-331
103000022,409,728,-319
103000023,498,1561,-1063
103000024,77,104,-27
103000025,76,475,-399
103000026,585,80,505
103000027,229,386,-157
103000028,211,209,2
103000029,146,192,-46
103000030,887,731,156
103000031,837,1219,-382
103000032,1597,994,603
103000033,2357,2142,215
103000034,942,664,278
103000035,260,916,-656
103000036,333,396,-63
103000037,371,277,94
103000038,319,694,-375
103000039,344,229,115
103000040,318,635,-317
103000041,1252,1236,16
103000042,919,351,568
103000043,448,658,-210
103000044,206,131,75
103000046,259,287,-28
103000047,472,363,109
103000048,123,113,10
103000049,97,78,19
103000050,555,274,281
103000051,417,381,36
103000052,602,210,392
103000053,180,417,-237
103000054,1942,875,1067
103000055,1553,1519,34
103000056,558,845,-287
103000057,589,196,393
103000058,459,481,-22
103000059,425,630,-205
103000060,593,404,189
103000061,308,609,-301
103000062,742,376,366
103000063,583,715,-132
103000064,116,93,23
103000065,2,315,-313
103000066,199,10,189
103000069,331,262,69
103000070,710,470,240
103000071,892,439,453
103000072,111,379,-268
103000073,538,80,458
103000074,490,87,403
103000075,84,395,-311
103000076,189,262,-73
103000077,19,154,-135
103000078,466,425,41
103000079,402,364,38
103000080,575,257,318
103000081,316,679,-363
103000082,301,115,186
103000083,67,184,-117
103000084,81,8,73
103000085,2,83,-81
103000086,341,262,79
103000087,71,338,-267
103000088,189,249,-60
103000089,151,318,-167
103000090,1692,697,995
103000091,415,374,41
103000092,161,168,-7
103000093,238,281,-43
103000094,156,66,90
103000095,39,272,-233
103000096,462,51,411
103000097,45,543,-498
103000098,558,107,451
103000099,206,503,-297
103000100,85,445,-360
103000101,751,62,689
103000102,91,421,-330
103000103,590,89,501
103000104,53,80,-27
103000105,136,50,86
103000106,4,103,-99
103000107,149,33,116
103000108,875,610,265
103000109,293,377,-84
103000110,344,387,-43
103000111,305,313,-8
103000112,214,134,80
103000113,268,384,-116
103000114,870,305,565
103000115,535,370,165
103000116,529,309,220
103000117,360,375,-15
103000118,287,405,-118
103000119,664,317,347
103000120,31,93,-62
103000121,163,312,-149
103000122,269,295,-26
103000125,10,141,-131
103000126,496,3,493
103000127,2,137,-135
103000128,116,4,112
103000129,4,86,-82
103000130,47,26,21
103000131,113,70,43
103000132,62,97,-35
103000133,12,76,-64
103000134,222,485,-263
103000135,328,168,160
103000136,320,319,1
103000137,300,363,-63
103000138,367,461,-94
103000139,2,56,-54
103000140,95,23,72
103000141,33,97,-64
103000142,87,39,48
103000143,36,160,-124
103000144,111,39,72
103000145,11,92,-81
103000150,64,32,32
103000152,156,256,-100
103000153,140,126,14
103000156,3,225,-222
103000157,336,2,334
103000159,81,17,64
103000162,59,7,52
103000163,7,25,-18
103000164,12,14,-2
103000165,58,160,-102
103000166,124,252,-128
103000167,139,98,41
103000168,111,131,-20
103000169,147,339,-192
103000170,660,237,423
103000171,41,92,-51
103000172,170,232,-62
103000173,381,236,145
103000174,188,217,-29
103000175,287,163,124
103000176,562,361,201
103000177,363,247,116
103000178,172,143,29
103000179,159,23,136
103000183,126,4,122
103000185,122,28,94
103000186,95,129,-34
103000187,438,209,229
103000188,12,76,-64
103000189,563,571,-8
103000191,306,306,0
103000292,1164,1248,-84
103000293,586,1638,-1052
103000295,66,116,-50
103000296,140,10,130
103000297,8,12,-4
103000504,19,10,9
103000505,13,10,3
103000506,0,182,-182
103000507,146,3,143
103000508,41,25,16
103000509,192,513,-321
103900001,0,147,-147
103900002,664,125,539
103900003,600,24,576
103900004,93,0,93
103900005,2,98,-96
103900006,1,0,1
103900007,49,1,48
103900008,2,0,2
103900009,191,339,-148
103900010,110,228,-118
103900011,279,95,184
103900012,25,29,-4
103900013,56,40,16
103900014,45,12,33
103900015,58,7,51
103900016,228,116,112
103900017,26,59,-33
103900018,368,146,222
103900019,47,182,-135
103900020,183,347,-164
103900021,287,40,247
103900022,665,470,195
103900023,166,1,165
103900024,35,177,-142
103900025,16,29,-13
103900026,48,0,48
103900027,620,150,470
103900028,16,200,-184
103900029,751,108,643
103900030,210,90,120
103900031,22,0,22
103900032,45,46,-1
103900033,44,18,26
103900034,26,122,-96
103900035,65,29,36
103900036,28,25,3
103900037,69,56,13
103900038,67,99,-32
103900039,75,210,-135
103900040,4,85,-81
103900041,34,44,-10
103900042,45,232,-187
103900043,131,35,96
103900044,77,197,-120
103900045,271,148,123
103900047,66,23,43
103900048,69,16,53
103900049,181,737,-556
103900050,9,112,-103
103900051,16,51,-35
103900052,153,296,-143
103900053,104,376,-272
103900054,98,211,-113
103900055,327,192,135
103900056,47,37,10
103900057,22,82,-60
103900058,249,353,-104
103900059,0,30,-30
103900060,41,132,-91
103900061,173,47,126
103900062,228,68,160
103900063,6,0,6
103900064,127,3,124
103900065,729,307,422
103900066,143,28,115
103900067,122,13,109
103900068,6,0,6
103900069,36,10,26
103900070,110,128,-18
103900071,11,80,-69
103900072,21,163,-142
103900073,26,20,6
103900074,102,46,56
103900075,149,49,100
103900076,450,325,125
103900077,31,103,-72
103900078,239,58,181
103900079,76,140,-64
103900080,12,16,-4
103900081,113,38,75
103900082,4,109,-105
103900083,959,806,153
103900084,28,100,-72
103900085,105,109,-4
103900086,514,275,239
103900088,296,409,-113
103900089,29,117,-88
103900090,3,87,-84
103900091,814,137,677
103900092,517,372,145
103900093,74,204,-130
103900094,10,70,-60
103900095,172,138,34
103900096,12,117,-105
103900097,11,250,-239
103900098,195,111,84
103900099,44,72,-28
103900100,217,227,-10
103900101,149,745,-596
103900102,1,30,-29
103900104,0,25,-25
103900105,43,90,-47
103900106,1,117,-116
103900107,119,109,10
103900108,58,138,-80
103900109,156,56,100
103900110,133,35,98
103900111,88,341,-253
103900112,32,53,-21
103900113,95,160,-65
103900114,262,259,3
103900115,161,106,55
103900116,2209,1688,521
103900117,106,37,69
103900119,19,75,-56
103900120,63,75,-12
103900122,96,162,-66
103900123,589,376,213
103900124,77,288,-211
103900125,86,78,8
103900126,393,218,175
103900127,140,268,-128
103900128,88,90,-2
103900131,38,117,-79
103900133,705,39,666
103900134,0,5,-5
103900135,7,3,4
103900137,1,24,-23
103900138,99,144,-45
103900139,422,1551,-1129
103900140,3,110,-107
103900141,208,27,181
103900142,165,83,82
103900143,78,5,73
103900144,1,15,-14
103900145,123,153,-30
103900146,202,142,60
103900147,239,108,131
103900148,157,200,-43
103900149,242,397,-155
103900150,3392,2685,707
103900151,35,104,-69
103900152,553,278,275
103900153,9,1,8
103900154,322,1074,-752
103900155,39,124,-85
103900156,67,108,-41
103900157,31,90,-59
103900158,91,94,-3
103900159,126,31,95
103900160,24,33,-9
103900161,103,111,-8
103900162,36,103,-67
103900163,6,297,-291
103900167,6,80,-74
103900168,102,55,47
103900169,30,30,0
103900170,1,68,-67
103900171,0,26,-26
103900172,2,13,-11
103900173,6,14,-8
103900174,149,32,117
103900175,24,66,-42
103900176,13,27,-14
103900177,13,54,-41
103900178,43,31,12
103900179,45,45,0
103900180,3,34,-31
103900181,34,31,3
103900182,26,6,20
103900184,266,76,190
103900185,76,268,-192
103900187,28,76,-48
103900188,49,31,18
103900189,65,4,61
103900190,40,32,8
103900191,19,26,-7
103900192,21,67,-46
103900193,94,104,-10
103900194,36,141,-105
103900195,3,83,-80
103900196,25,27,-2
103900197,8,25,-17
103900198,7,33,-26
103900199,96,48,48
103900200,116,65,51
103900201,85,107,-22
103900202,12,40,-28
103900203,35,11,24
103900204,0,49,-49
103900207,0,56,-56
103900208,85,0,85
103900209,4,70,-66
103900210,29,9,20
103900211,414,246,168
103900212,87,215,-128
103900213,39,150,-111
103900214,157,145,12
103900215,183,241,-58
103900216,13,46,-33
103900217,223,18,205
103900218,34,209,-175
103900219,107,114,-7
103900233,31,0,31
103900235,9,23,-14
103900236,9,6,3
103900242,3,3,0
103900243,3,4,-1
103900244,73,93,-20
103900245,95,108,-13
103900246,42,13,29
103900247,40,88,-48
103900248,6,18,-12
103900249,4,32,-28
103900250,7,14,-7
103900251,1,38,-37
103900253,10,68,-58
103900254,0,8,-8
103900255,7,8,-1
103900256,8,11,-3
103900257,102,79,23
103900258,12,7,5
103900259,29,7,22
103900261,6,5,1
103900262,12,2,10
103900263,11,21,-10
103900264,30,14,16
103900265,25,2,23
103900266,1,57,-56
103900267,7,30,-23
103900268,46,78,-32
103900269,270,120,150
103900270,76,171,-95
103900271,139,129,10
103900272,29,29,0
103900273,28,16,12
103900274,58,5,53
103900275,21,1,20
103900277,3,23,-20
103900278,154,137,17
103900279,58,43,15
103900280,4,77,-73
103900281,74,33,41
103900282,77,5,72
103900283,163,12,151
103900284,19,14,5
103900285,56,74,-18
103900286,19,56,-37
103900287,11,80,-69
103900288,83,152,-69
103900289,284,196,88
103900290,162,29,133
103900291,30,28,2
103900292,157,52,105
103900293,3,45,-42
103900294,7,148,-141
104000001,1767,1325,442
104000002,1299,1533,-234
104000003,1611,1440,171
104000004,1879,1787,92
104000005,1275,1291,-16
104000006,2238,1913,325
104000007,2991,3042,-51
104000008,162,196,-34
104000009,226,78,148
104000010,114,202,-88
104000011,286,129,157
104000012,104,185,-81
104000013,149,161,-12
104000014,131,450,-319
104000015,232,112,120
104000016,445,230,215
104000018,653,125,528
104000019,535,124,411
104000020,111,334,-223
104000021,194,354,-160
104000022,91,180,-89
104000023,736,308,428
104000024,205,241,-36
104000026,45,236,-191
104000027,203,171,32
104000028,322,197,125
104000029,267,201,66
104000030,235,178,57
104000031,1026,330,696
104000032,177,160,17
104000033,510,361,149
104000034,248,158,90
104000035,710,236,474
104000036,623,340,283
104000037,226,158,68
104000038,438,357,81
104000039,160,127,33
104000040,172,235,-63
104000041,685,255,430
104000042,159,224,-65
104000043,180,268,-88
104000044,212,442,-230
104000045,750,652,98
104000046,745,966,-221
104000047,470,664,-194
104000048,738,845,-107
104000049,412,223,189
104000050,116,391,-275
104000051,77,362,-285
104000052,1834,1411,423
104000053,904,378,526
104000054,286,209,77
104000055,2499,1422,1077
104000056,772,246,526
104000057,212,305,-93
104000058,660,538,122
104000059,415,780,-365
104000060,736,939,-203
104000061,923,598,325
104000062,436,149,287
104000064,451,180,271
104000065,124,475,-351
104000069,626,845,-219
104000070,43,320,-277
104000071,193,315,-122
104000072,652,215,437
104000075,28,168,-140
104000076,361,29,332
104000082,1551,2258,-707
104000083,567,169,398
104000084,126,311,-185
104000085,201,253,-52
104000086,125,286,-161
104000087,324,1258,-934
104000090,703,727,-24
104000092,912,1140,-228
104000094,613,743,-130
104000095,1271,999,272
104000096,947,90,857
104000097,1377,520,857
104000098,1940,569,1371
104000100,1226,446,780
104000101,919,1020,-101
104000106,70,416,-346
104000107,408,257,151
104000108,165,255,-90
104000109,256,55,201
104000110,546,606,-60
104000111,1806,1405,401
104000112,1170,366,804
104000116,2,536,-534
104000117,122,383,-261
104000118,497,133,364
104000119,458,193,265
104000120,194,402,-208
104000121,182,398,-216
104000122,505,487,18
104000123,547,520,27
104000124,471,996,-525
104000125,1888,3020,-1132
104000126,251,319,-68
104000127,981,1402,-421
104000128,392,276,116
104000129,196,17,179
104000130,2,112,-110
104000131,325,318,7
104000132,342,408,-66
104000133,1032,524,508
104000134,708,1002,-294
104000135,320,1145,-825
104000136,473,2484,-2011
104000137,1097,273,824
104000138,514,202,312
104000139,3168,1679,1489
104000141,690,706,-16
104000142,506,415,91
104000143,387,316,71
104000144,85,117,-32
104000145,297,153,144
104000146,171,295,-124
104000147,62,195,-133
104000148,282,100,182
104000149,136,179,-43
104000150,674,400,274
104000151,208,261,-53
104000152,412,335,77
104000153,391,371,20
104000154,617,343,274
104000155,310,428,-118
104000157,666,947,-281
104000158,196,313,-117
104000159,601,340,261
104000160,1358,1411,-53
104000161,110,176,-66
104000162,42,125,-83
104000165,725,651,74
104000167,522,791,-269
104000168,427,3,424
104000169,77,38,39
104000170,181,315,-134
104000248,186,355,-169
104000251,50,157,-107
104000272,0,0,0
104000273,0,0,0
104000274,0,0,0
104000275,0,0,0
104000279,1770,1458,312
104000290,40,156,-116
104000291,477,789,-312
104000293,671,510,161
104000294,14,0,14
104000295,369,540,-171
104000296,257,444,-187
104000297,629,1331,-702
104000298,1358,635,723
104000299,551,1003,-452
104000302,94,102,-8
104000303,126,117,9
104900001,134,244,-110
104900002,29,131,-102
104900003,45,212,-167
104900004,62,129,-67
104900005,172,174,-2
104900006,231,56,175
104900007,246,123,123
104900009,108,212,-104
104900010,52,22,30
104900011,35,55,-20
104900012,213,45,168
104900013,86,6,80
104900014,1418,169,1249
104900015,82,11,71
104900016,178,105,73
104900017,151,108,43
104900018,4,107,-103
104900019,192,1988,-1796
104900020,32,145,-113
104900021,0,90,-90
104900022,6,109,-103
104900023,0,46,-46
104900024,11,120,-109
104900025,42,97,-55
104900026,1,50,-49
104900027,355,189,166
104900028,14,90,-76
104900029,42,34,8
104900030,329,172,157
104900031,46,148,-102
104900032,33,78,-45
104900033,105,212,-107
104900034,221,103,118
104900035,234,155,79
104900036,172,76,96
104900037,128,149,-21
104900038,183,568,-385
104900039,274,183,91
104900040,301,110,191
104900041,159,127,32
104900042,114,146,-32
104900043,14,82,-68
104900044,441,153,288
104900045,306,52,254
104900046,173,75,98
104900047,260,122,138
104900048,256,56,200
104900049,27,27,0
104900050,173,39,134
104900051,248,28,220
104900052,71,2,69
104900053,396,68,328
104900054,98,9,89
104900055,93,0,93
104900056,129,14,115
104900057,18,0,18
104900058,240,101,139
104900059,145,78,67
104900061,101,256,-155
104900063,20,76,-56
104900064,0,30,-30
104900065,1,120,-119
104900066,0,58,-58
104900067,1,251,-250
104900068,10,124,-114
104900070,102,132,-30
104900071,0,246,-246
104900072,41,202,-161
104900073,17,103,-86
104900074,26,119,-93
104900075,20,14,6
104900076,48,153,-105
104900077,412,194,218
104900078,152,283,-131
104900079,45,311,-266
104900080,69,333,-264
104900082,4,267,-263
104900085,1,97,-96
104900089,186,2,184
104900091,564,290,274
104900093,143,281,-138
104900097,1305,1433,-128
104900098,79,24,55
104900099,20,248,-228
104900100,225,133,92
104900102,50,67,-17
104900103,223,43,180
104900106,63,61,2
104900107,116,89,27
104900108,20,118,-98
104900109,78,62,16
104900110,10,25,-15
104900111,82,45,37
104900112,146,343,-197
104900113,454,229,225
104900114,257,217,40
104900115,419,211,208
104900116,197,119,78
104900118,12,42,-30
104900119,2,48,-46
104900120,22,174,-152
104900121,2,45,-43
104900122,3,37,-34
104900123,49,4,45
104900124,43,0,43
104900125,250,80,170
104900126,49,36,13
104900127,25,44,-19
104900128,111,126,-15
104900129,766,1276,-510
105000001,2077,1047,1030
105000002,1805,1057,748
105000003,2285,2321,-36
105000004,486,586,-100
105000005,655,801,-146
105000006,1063,1383,-320
105000007,835,1206,-371
105000008,1051,2576,-1525
105000009,1893,2318,-425
105000010,2171,1366,805
105000011,2659,1987,672
105000012,3209,1891,1318
105000013,677,854,-177
105000014,1716,1916,-200
105000015,6623,10622,-3999
105000016,1668,1417,251
105000017,1077,611,466
105000018,736,1121,-385
105000019,728,629,99
105000020,146,395,-249
105000021,192,81,111
105000022,206,107,99
105000023,453,264,189
105000028,75,88,-13
105000029,458,893,-435
105000030,2761,1668,1093
105000031,7,20,-13
105000033,776,1200,-424
105000034,111,660,-549
105000037,465,176,289
105000038,1114,1255,-141
105000039,1661,1083,578
105000040,761,1007,-246
105000041,447,945,-498
105000042,2040,1537,503
105000043,1200,1343,-143
105000044,455,377,78
105000045,258,425,-167
105000046,931,299,632
105000047,373,841,-468
105000048,616,194,422
105000049,181,331,-150
105000050,525,314,211
105000051,120,297,-177
105000052,531,647,-116
105000053,116,103,13
105000054,365,585,-220
105000055,531,218,313
105000056,1194,1519,-325
105000057,1014,778,236
105000058,953,784,169
105000059,576,550,26
105000060,354,392,-38
105000061,514,321,193
105000062,409,460,-51
105000063,233,290,-57
105000064,1226,607,619
105000065,373,372,1
105000066,713,810,-97
105000067,1028,629,399
105000068,304,561,-257
105000069,1203,1281,-78
105000070,373,724,-351
105000071,164,708,-544
105000072,996,1804,-808
105000073,639,448,191
105000074,669,481,188
105000075,414,585,-171
105000076,855,701,154
105000077,1702,813,889
105000078,720,902,-182
105000079,905,2764,-1859
105000080,1215,1097,118
105000081,2741,1251,1490
105000082,701,1443,-742
105000083,3584,3273,311
105000084,401,660,-259
105000085,1348,1929,-581
105000086,541,715,-174
105000087,914,1256,-342
105000088,1088,1273,-185
105000089,1711,1218,493
105000090,792,513,279
105000091,801,977,-176
105000092,409,645,-236
105000093,220,235,-15
105000094,234,185,49
105000095,85,423,-338
105000096,837,843,-6
105000097,599,602,-3
105000098,770,515,255
105000099,515,538,-23
105000100,1134,780,354
105000101,1615,1344,271
105000102,1243,1102,141
105000103,1003,1653,-650
105000104,1939,762,1177
105000105,1003,1247,-244
105000106,1181,976,205
105000107,1167,628,539
105000108,1204,898,306
105000109,1215,944,271
105000110,634,404,230
105000111,628,479,149
105000112,935,454,481
105000113,351,553,-202
105000114,1631,913,718
105000115,247,1020,-773
105000116,525,455,70
105000117,677,596,81
105000118,368,288,80
105000119,432,524,-92
105000120,793,394,399
105000121,533,588,-55
105000122,373,509,-136
105000123,835,655,180
105000124,1541,581,960
105000125,656,1179,-523
105000126,1469,1009,460
105000127,1711,1303,408
105000128,426,660,-234
105000129,636,306,330
105000130,239,2312,-2073
105000131,461,214,247
105000132,726,547,179
105000133,331,582,-251
105000134,686,388,298
105000135,351,382,-31
105000136,71,201,-130
105000137,390,156,234
105000138,132,259,-127
105000139,721,544,177
105000140,435,303,132
105000141,244,378,-134
105000142,167,289,-122
105000143,127,383,-256
105000144,198,509,-311
105000145,525,243,282
105000146,358,582,-224
105000147,563,236,327
105000148,882,463,419
105000149,1744,1428,316
105000150,1143,809,334
105000151,370,294,76
105000152,140,328,-188
105000153,435,456,-21
105000154,408,327,81
105000155,252,584,-332
105000156,511,376,135
105000157,582,853,-271
105000158,1397,546,851
105000159,243,643,-400
105000160,1426,541,885
105000161,484,631,-147
105000162,406,1262,-856
105000163,771,593,178
105000164,149,188,-39
105000165,487,3768,-3281
105000166,3127,705,2422
105000167,948,1197,-249
105000168,359,424,-65
105000169,511,242,269
105000170,205,859,-654
105000171,878,152,726
105000172,116,40,76
105000173,165,58,107
105000174,54,29,25
105000175,48,77,-29
105000176,291,73,218
105000177,223,154,69
105000178,153,262,-109
105000179,460,126,334
105000180,129,66,63
105000181,115,177,-62
105000182,39,42,-3
105000183,1412,1403,9
105000184,1106,697,409
105000185,851,662,189
105000186,387,540,-153
105000187,670,132,538
105000188,189,133,56
105000189,107,337,-230
105000190,179,229,-50
105000191,287,269,18
105000192,251,39,212
105000193,77,97,-20
105000194,412,102,310
105000195,231,397,-166
105000196,70,215,-145
105000197,217,355,-138
105000198,417,175,242
105000199,180,485,-305
105000200,110,227,-117
105000201,62,38,24
105000203,26,155,-129
105000204,98,69,29
105000205,68,122,-54
105000207,299,135,164
105000208,150,387,-237
105000209,194,262,-68
105000211,211,19,192
105000212,977,648,329
105000213,111,116,-5
105000214,110,132,-22
105000215,240,136,104
105000216,119,222,-103
105000217,108,164,-56
105000218,1051,776,275
105000221,109,110,-1
105000222,326,151,175
105000223,244,135,109
105000226,80,184,-104
105000227,39,98,-59
105000228,137,1320,-1183
105000229,115,422,-307
105000231,311,223,88
105000233,648,534,114
105000234,485,798,-313
105000235,356,490,-134
105000237,570,47,523
105000243,23,21,2
105000248,40,50,-10
105000262,198,600,-402
105000269,101,127,-26
105000270,366,31,335
105000271,1,95,-94
105000282,58,43,15
105000287,307,71,236
105000288,483,318,165
105000289,2131,1547,584
105000290,36,6,30
105000402,1975,2656,-681
105000426,291,376,-85
105000438,3401,1443,1958
105000440,22,24,-2
105000446,6225,3592,2633
105000447,3710,1687,2023
105000454,637,480,157
105000455,149,106,43
105000474,43,2,41
105000477,314,364,-50
105000478,1373,3357,-1984
105000479,59,130,-71
105000480,7734,5975,1759
105000481,3727,2756,971
105000482,3300,5679,-2379
105000483,1296,1721,-425
105000484,1634,2241,-607
105000485,961,2786,-1825
105000486,2033,1730,303
105000488,7616,3571,4045
105000489,663,594,69
105000549,96,139,-43
105000550,403,972,-569
105000551,26,76,-50
105000552,1704,1094,610
105000555,1149,864,285
105000556,41,19,22
105000557,73,168,-95
105900001,3,958,-955
105900002,692,534,158
105900003,9,60,-51
105900004,156,81,75
105900005,8,181,-173
105900006,16,73,-57
105900007,75,27,48
105900008,51,337,-286
105900009,20,15,5
105900011,62,27,35
105900012,323,59,264
105900013,2,13,-11
105900014,10,41,-31
105900015,129,215,-86
105900016,283,221,62
105900017,942,26,916
105900018,152,104,48
105900019,29,155,-126
105900020,38,48,-10
105900021,17,134,-117
105900022,169,113,56
105900023,5,64,-59
105900024,6,154,-148
105900025,136,20,116
105900026,166,18,148
105900027,5126,4079,1047
105900028,258,341,-83
105900029,1011,207,804
105900030,139,185,-46
105900031,242,158,84
105900032,48,132,-84
105900033,68,111,-43
105900034,155,134,21
105900035,74,79,-5
105900036,93,99,-6
105900037,76,48,28
105900038,119,164,-45
105900039,179,76,103
105900040,64,66,-2
105900041,134,91,43
105900042,43,92,-49
105900043,811,33,778
105900044,3,154,-151
105900045,2,458,-456
105900046,6,171,-165
105900047,12,38,-26
105900048,79,344,-265
105900050,3049,2144,905
105900051,33,563,-530
105900052,394,139,255
105900053,1616,1889,-273
105900054,245,93,152
105900056,382,260,122
105900057,20,105,-85
105900058,22,11,11
105900059,1,27,-26
106000001,3036,1706,1330
106000002,1335,3497,-2162
106000003,2113,2512,-399
106000004,1084,1879,-795
106000005,2561,3604,-1043
106000006,3855,2346,1509
106000007,414,413,1
106000008,362,236,126
106000009,560,290,270
106000010,389,453,-64
106000011,923,806,117
106000012,670,893,-223
106000013,1478,1280,198
106000014,1413,1171,242
106000015,1556,830,726
106000016,926,1257,-331
106000017,477,494,-17
106000018,407,323,84
106000019,269,357,-88
106000020,258,226,32
106000021,265,303,-38
106000022,342,135,207
106000023,533,296,237
106000024,387,306,81
106000025,130,147,-17
106000026,95,170,-75
106000027,1105,866,239
106000028,415,222,193
106000029,481,580,-99
106000030,286,340,-54
106000034,101,344,-243
106000035,928,1585,-657
106000036,110,294,-184
106000037,1478,996,482
106000038,240,95,145
106000039,92,65,27
106000040,78,617,-539
106000041,540,364,176
106000043,488,203,285
106000046,329,54,275
106000047,47,319,-272
106000049,814,137,677
106000050,187,407,-220
106000051,504,332,172
106000052,86,377,-291
106000053,348,80,268
106000054,233,252,-19
106000055,448,162,286
106000056,188,240,-52
106000057,283,183,100
106000058,82,105,-23
106000059,260,153,107
106000060,233,351,-118
106000061,167,365,-198
106000062,125,301,-176
106000063,671,451,220
106000064,26,226,-200
106000065,259,221,38
106000066,95,245,-150
106000067,345,86,259
106000068,51,415,-364
106000069,191,46,145
106000070,388,488,-100
106000071,826,203,623
106000072,1602,1083,519
106000073,1081,2271,-1190
106000074,547,469,78
106000075,319,1042,-723
106000076,1369,1529,-160
106000077,2331,1045,1286
106000078,833,650,183
106000079,522,579,-57
106000080,1123,409,714
106000081,496,785,-289
106000082,1657,589,1068
106000083,373,960,-587
106000084,853,433,420
106000085,892,1087,-195
106000086,441,688,-247
106000087,667,384,283
106000088,377,554,-177
106000089,811,239,572
106000090,227,391,-164
106000091,241,279,-38
106000092,467,211,256
106000093,260,93,167
106000094,88,204,-116
106000095,626,422,204
106000096,605,444,161
106000097,791,557,234
106000098,559,707,-148
106000099,164,519,-355
106000100,921,177,744
106000101,750,285,465
106000102,146,367,-221
106000103,214,364,-150
106000104,668,291,377
106000105,492,372,120
106000106,462,360,102
106000107,141,179,-38
106000108,338,243,95
106000109,174,157,17
106000110,200,224,-24
106000111,183,242,-59
106000112,160,387,-227
106000113,467,404,63
106000114,360,454,-94
106000115,210,282,-72
106000116,236,127,109
106000117,771,470,301
106000118,922,930,-8
106000119,931,616,315
106000120,645,821,-176
106000121,127,84,43
106000122,80,115,-35
106000123,376,102,274
106000124,46,139,-93
106000125,28,160,-132
106000126,265,68,197
106000127,215,382,-167
106000128,671,146,525
106000129,363,325,38
106000130,662,315,347
106000131,83,449,-366
106000132,454,143,311
106000133,1050,773,277
106000134,404,1177,-773
106000135,233,389,-156
106000136,711,923,-212
106000137,76,481,-405
106000138,912,89,823
106000139,47,68,-21
106000140,43,35,8
106000141,72,33,39
106000142,80,29,51
106000143,38,37,1
106000144,41,64,-23
106000145,215,177,38
106000146,315,109,206
106000147,566,433,133
106000148,723,700,23
106000149,451,336,115
106000150,422,1359,-937
106000151,2382,628,1754
106000152,708,1410,-702
106000153,104,1235,-1131
106000154,954,172,782
106000155,144,241,-97
106000156,563,163,400
106000157,401,1093,-692
106000158,1484,578,906
106000159,1602,1261,341
106000160,326,2013,-1687
106000161,979,236,743
106000162,217,711,-494
106000163,346,252,94
106000164,410,238,172
106000165,165,274,-109
106000166,566,190,376
106000167,256,637,-381
106000168,460,208,252
106000169,216,418,-202
106000170,602,213,389
106000171,153,823,-670
106000172,1928,955,973
106000173,742,1563,-821
106000174,865,241,624
106000175,218,497,-279
106000176,1271,653,618
106000177,512,1293,-781
106000178,2110,981,1129
106000179,687,1223,-536
106000180,553,744,-191
106000181,556,980,-424
106000182,1163,398,765
106000183,1094,377,717
106000184,1045,376,669
106000185,798,714,84
106000186,578,101,477
106000187,150,696,-546
106000188,2,1,1
106000189,24,38,-14
106000190,20,2,18
106000191,400,110,290
106000192,1,20,-19
106000193,235,112,123
106000194,95,217,-122
106000195,210,72,138
106000196,67,413,-346
106000197,399,289,110
106000198,108,158,-50
106000199,574,475,99
106000200,129,158,-29
106000201,338,1939,-1601
106000202,1987,404,1583
106000203,29,116,-87
106000204,94,5,89
106000205,10,96,-86
106000206,86,10,76
106000207,26,383,-357
106000208,1001,97,904
106000209,1081,246,835
106000210,213,567,-354
106000211,217,664,-447
106000212,576,313,263
106000213,426,1256,-830
106000214,1767,482,1285
106000215,174,331,-157
106000216,309,215,94
106000217,190,250,-60
106000218,383,256,127
106000219,101,195,-94
106000220,346,148,198
106000221,193,164,29
106000222,40,67,-27
106000223,186,68,118
106000224,176,133,43
106000225,95,113,-18
106000226,123,177,-54
106000228,31,60,-29
106000229,96,393,-297
106000231,620,53,567
106000232,131,208,-77
106000233,353,48,305
106000234,105,254,-149
106000235,595,195,400
106000236,241,366,-125
106000237,2,23,-21
106000238,89,35,54
106000239,9,93,-84
106000240,23,2,21
106000241,28,447,-419
106000242,214,17,197
106000249,61,56,5
106000250,57,381,-324
106000251,81,12,69
106000252,9,62,-53
106000253,43,57,-14
106000254,54,21,33
106000255,14,151,-137
106000256,47,23,24
106000257,124,123,1
106000258,253,128,125
106000259,7,144,-137
106000260,33,5,28
106000261,3,50,-47
106000262,75,11,64
106000263,6,32,-26
106000264,115,7,108
106000265,4,64,-60
106000266,70,16,54
106000267,2,52,-50
106000268,339,54,285
106000269,57,17,40
106000270,87,324,-237
106000271,49,154,-105
106000272,146,51,95
106000273,13,135,-122
106000274,119,39,80
106000275,97,174,-77
106000276,86,30,56
106000277,88,170,-82
106000278,172,17,155
106000279,10,20,-10
106000280,68,42,26
106000281,58,23,35
106000282,59,50,9
106000283,101,33,68
106000284,75,66,9
106000285,76,63,13
106000286,120,90,30
106000287,61,38,23
106000288,68,86,-18
106000289,59,46,13
106000290,43,32,11
106000291,78,65,13
106000292,58,67,-9
106000293,103,39,64
106000294,114,81,33
106000295,47,33,14
106000296,19,51,-32
106000297,42,152,-110
106000298,98,47,51
106000299,42,92,-50
106000300,52,76,-24
106000301,47,113,-66
106000303,18,51,-33
106000304,31,26,5
106000305,32,18,14
106000306,29,39,-10
106000307,35,33,2
106000308,36,61,-25
106000309,8,38,-30
106000310,200,358,-158
106000311,286,135,151
106000312,94,127,-33
106000313,163,152,11
106000318,42,326,-284
106000319,819,215,604
106000320,1,37,-36
106000321,123,155,-32
106000322,174,106,68
106000324,40,84,-44
106000325,1296,642,654
106000326,640,1086,-446
106000327,140,49,91
106000328,56,114,-58
106000329,182,189,-7
106000330,67,46,21
106000428,88,96,-8
106000429,90,359,-269
106000430,250,823,-573
106000431,1890,296,1594
106000432,1467,1894,-427
106000433,1979,1102,877
106000434,2310,1106,1204
106000435,1025,1666,-641
106000436,6,110,-104
106000437,182,22,160
106000438,299,138,161
106000439,29,253,-224
106000440,313,579,-266
106000441,1,0,1
106000442,267,2,265
106000443,133,198,-65
106000450,0,93,-93
106000451,23,43,-20
106000454,5,196,-191
106000455,1,138,-137
106000456,90,17,73
106000457,7,552,-545
106000458,702,143,559
106000459,151,251,-100
106000460,1080,25,1055
106000461,106,721,-615
106000462,1,14,-13
106000463,2,20,-18
106000464,16,289,-273
106000465,585,5,580
106000466,3,323,-320
106000467,280,404,-124
106000468,79,101,-22
106000469,186,3,183
106000470,185,1218,-1033
106000471,19,291,-272
106000472,93,14,79
106000473,38,10,28
106000474,448,331,117
106000475,347,198,149
106000476,129,213,-84
106000477,44,88,-44
106000480,0,262,-262
106900001,0,8,-8
106900002,19,225,-206
106900003,16,55,-39
106900004,0,11,-11
106900006,0,0,0
106900007,0,8,-8
106900008,424,696,-272
106900009,232,157,75
106900010,406,113,293
106900012,303,403,-100
106900013,780,1333,-553
106900014,21,2,19
106900015,14,1,13
106900016,255,6,249
106900017,8,0,8
106900018,1,0,1
106900019,23,0,23
106900020,1249,933,316
106900021,124,111,13
106900022,652,5,647
106900023,151,287,-136
106900024,392,26,366
106900025,80,362,-282
106900026,0,37,-37
106900027,557,5,552
106900028,0,1,-1
106900029,360,110,250
106900030,1,293,-292
107000001,2613,2474,139
107000002,1812,2813,-1001
107000003,4715,4928,-213
107000004,3121,2667,454
107000005,3831,4509,-678
107000006,3177,2462,715
107000007,3997,7064,-3067
107000008,6783,4785,1998
107000009,5583,5936,-353
107000010,6554,4925,1629
107000011,868,862,6
107000012,3014,2270,744
107000013,83,84,-1
107000014,43,142,-99
107000015,391,488,-97
107000016,583,514,69
107000017,1341,1364,-23
107000018,7,911,-904
107000020,967,1456,-489
107000021,865,288,577
107000022,566,1254,-688
107000023,1450,148,1302
107000024,526,1124,-598
107000025,181,228,-47
107000026,264,352,-88
107000027,1094,638,456
107000028,1101,1000,101
107000029,2642,2099,543
107000030,2095,1925,170
107000031,3518,1921,1597
107000032,380,645,-265
107000033,1940,2595,-655
107000034,2435,913,1522
107000035,353,199,154
107000036,247,860,-613
107000037,94,639,-545
107000038,204,190,14
107000039,589,572,17
107000040,130,224,-94
107000041,1023,525,498
107000042,572,1467,-895
107000043,1547,864,683
107000044,341,237,104
107000045,62,208,-146
107000046,674,370,304
107000047,320,717,-397
107000048,543,218,325
107000049,463,593,-130
107000050,896,436,460
107000051,226,230,-4
107000052,841,838,3
107000053,280,166,114
107000054,61,201,-140
107000055,282,112,170
107000056,426,550,-124
107000057,1337,226,1111
107000058,1664,1945,-281
107000059,1299,2090,-791
107000060,3925,3897,28
107000061,3169,2182,987
107000062,3894,2388,1506
107000063,3040,3088,-48
107000064,3773,2153,1620
107000065,2376,3147,-771
107000066,1347,2183,-836
107000067,844,1027,-183
107000068,860,716,144
107000069,629,473,156
107000070,820,4,816
107000071,2920,41,2879
107000072,32,1717,-1685
107000073,631,338,293
107000074,174,612,-438
107000075,1442,412,1030
107000076,459,920,-461
107000077,2954,1160,1794
107000078,2233,2049,184
107000079,2338,916,1422
107000080,856,2054,-1198
107000081,1551,519,1032
107000082,469,1044,-575
107000083,1100,373,727
107000084,241,910,-669
107000085,2447,2555,-108
107000086,2558,2259,299
107000087,2300,1687,613
107000088,2601,2639,-38
107000089,1338,1372,-34
107000090,829,740,89
107000091,1092,663,429
107000092,581,698,-117
107000093,932,715,217
107000094,650,807,-157
107000095,728,551,177
107000096,371,473,-102
107000097,693,305,388
107000098,449,425,24
107000099,381,234,147
107000100,184,209,-25
107000101,57,142,-85
107000102,124,200,-76
107000103,245,172,73
107000104,167,183,-16
107000105,323,153,170
107000106,169,149,20
107000107,586,125,461
107000108,115,369,-254
107000109,448,94,354
107000110,48,231,-183
107000111,309,39,270
107000112,27,163,-136
107000113,780,102,678
107000114,109,356,-247
107000115,574,205,369
107000116,78,522,-444
107000117,126,596,-470
107000118,126,130,-4
107000119,1039,1216,-177
107000120,804,392,412
107000121,869,532,337
107000122,1064,642,422
107000123,515,434,81
107000124,406,570,-164
107000125,906,425,481
107000126,787,523,264
107000129,184,460,-276
107000130,471,208,263
107000131,254,390,-136
107000132,307,265,42
107000133,425,75,350
107000134,201,0,201
107000135,5,143,-138
107000136,499,18,481
107000137,7,254,-247
107000138,191,19,172
107000139,27,384,-357
107000140,1234,81,1153
107000141,101,557,-456
107000142,393,90,303
107000143,45,471,-426
107000144,452,358,94
107000145,131,346,-215
107000146,181,218,-37
107000147,2988,799,2189
107000150,419,1937,-1518
107000151,15,82,-67
107000152,290,1106,-816
107000153,129,211,-82
107000154,210,257,-47
107000155,716,36,680
107000156,807,28,779
107000157,52,941,-889
107000158,607,20,587
107000159,35,593,-558
107000160,891,96,795
107000161,53,746,-693
107000162,211,387,-176
107000163,110,3,107
107000164,692,3,689
107000165,929,11,918
107000166,43,708,-665
107000167,481,147,334
107000168,813,398,415
107000169,533,655,-122
107000170,1775,623,1152
107000171,590,1148,-558
107000172,1002,1137,-135
107000173,510,541,-31
107000174,862,3514,-2652
107000175,4046,1021,3025
107000176,0,1,-1
107000177,3,2,1
107000178,30,12,18
107000179,263,1382,-1119
107000180,1168,270,898
107000181,397,808,-411
107000182,1795,627,1168
107000183,140,485,-345
107000184,940,498,442
107000185,409,851,-442
107000186,1026,301,725
107000187,1030,992,38
107000188,513,401,112
107000189,490,775,-285
107000190,487,461,26
107000191,783,861,-78
107000192,1254,443,811
107000193,339,361,-22
107000194,689,488,201
107000197,866,226,640
107000198,242,561,-319
107000199,493,488,5
107000200,464,447,17
107000201,404,215,189
107000202,251,359,-108
107000203,636,665,-29
107000204,740,1094,-354
107000205,1381,618,763
107000206,522,921,-399
107000207,458,756,-298
107000208,660,361,299
107000209,1209,978,231
107000210,436,208,228
107000211,3,38,-35
107000212,17,214,-197
107000213,4,12,-8
107000214,15,97,-82
107000215,313,296,17
107000216,289,205,84
107000217,146,343,-197
107000219,72,99,-27
107000220,106,151,-45
107000222,226,388,-162
107000224,352,59,293
107000225,109,206,-97
107000226,371,78,293
107000227,74,141,-67
107000228,73,231,-158
107000229,81,91,-10
107000230,630,402,228
107000231,930,1203,-273
107000232,81,23,58
107000233,814,631,183
107000234,1,37,-36
107000235,90,5,85
107000236,19,359,-340
107000237,22,0,22
107000238,40,0,40
107000239,1938,363,1575
107000240,113,491,-378
107000243,0,26,-26
107000244,1,50,-49
107000246,1,888,-887
107000249,5,1006,-1001
107000251,0,245,-245
107000252,1,688,-687
107000255,198,75,123
107000257,2,289,-287
107000258,0,80,-80
107000259,0,97,-97
107000260,697,4,693
107000262,12,319,-307
107000263,275,12,263
107000266,7,11,-4
107000267,48,88,-40
107000268,97,98,-1
107000269,523,53,470
107000270,0,33,-33
107000271,15,372,-357
107000272,19,78,-59
107000273,2,158,-156
107000274,603,2,601
107000275,361,1204,-843
107000280,692,18,674
107000281,33,491,-458
107000282,43,515,-472
107000290,6,18,-12
107000291,13,6,7
107000292,4,83,-79
107000293,56,6,50
107000294,0,42,-42
107000295,11,2,9
107000296,8,22,-14
107000444,226,6,220
107000496,2,10,-8
107000497,1123,1305,-182
107000500,313,227,86
107000501,120,136,-16
107000502,132,233,-101
107000505,245,595,-350
107000506,0,26,-26
107000508,5,353,-348
107000509,143,458,-315
107000510,25,37,-12
107000514,51,181,-130
107000515,15,114,-99
107000516,359,205,154
107000518,807,1137,-330
107000519,1031,540,491
107000520,77,26,51
107000521,542,273,269
107000522,885,404,481
107900001,55,87,-32
107900002,38,3,35
107900003,284,47,237
107900004,3,0,3
107900005,1145,0,1145
107900006,159,2,157
107900007,263,23,240
107900008,76,4,72
107900009,54,3,51
107900010,54,1,53
107900012,212,31,181
107900013,146,17,129
107900014,33,2,31
107900015,729,8,721
107900016,265,67,198
107900017,10,0,10
107900018,49,116,-67
107900019,5,24,-19
107900020,35,8,27
107900021,77,78,-1
107900023,3,5,-2
107900024,0,8,-8
107900025,166,168,-2
107900026,79,26,53
107900027,30,32,-2
107900028,92,59,33
107900030,193,19,174
107900031,54,57,-3
107900032,11,2,9
107900033,26,9,17
107900034,220,10,210
107900035,611,34,577
107900036,59,26,33
107900037,0,25,-25
107900038,76,169,-93
107900039,48,27,21
107900040,23,129,-106
107900041,2,3,-1
107900043,37,61,-24
107900044,5,3,2
107900045,71,45,26
107900046,131,127,4
107900047,48,30,18
107900048,170,10,160
107900049,179,672,-493
107900050,81,151,-70
107900051,70,51,19
107900052,35,40,-5
107900053,51,61,-10
107900055,361,152,209
107900056,70,42,28
107900057,1,0,1
107900058,24,337,-313
107900060,63,28,35
107900061,12,6,6
107900063,55,108,-53
107900064,219,106,113
107900065,184,9,175
107900066,25,8,17
107900067,1,0,1
107900068,63,343,-280
107900069,19,1659,-1640
107900070,92,37,55
107900071,16,399,-383
107900072,89,89,0
107900073,91,63,28
107900074,439,269,170
107900076,132,32,100
107900077,72,0,72
107900079,3,13,-10
107900080,163,482,-319
107900081,51,63,-12
107900082,12,14,-2
107900083,263,137,126
107900084,104,93,11
107900086,38,153,-115
107900087,380,99,281
107900088,45,5,40
107900089,152,563,-411
107900090,502,1420,-918
107900091,156,239,-83
107900093,54,48,6
107900095,2304,1528,776
107900097,10,34,-24
107900098,50,112,-62
107900100,674,979,-305
107900101,574,141,433
107900102,22,7,15
107900103,34,108,-74
107900104,107,1,106
107900105,2,243,-241
107900106,4,599,-595
107900107,726,335,391
107900108,107,82,25
107900109,1139,13,1126
107900110,31,68,-37
107900111,7,403,-396
107900112,55,280,-225
107900113,106,60,46
107900114,149,116,33
107900115,2,22,-20
107900116,125,89,36
107900117,191,192,-1
107900118,53,107,-54
107900119,54,155,-101
107900120,30,28,2
107900121,2,122,-120
107900122,1,53,-52
107900123,2,31,-29
107900124,17,20,-3
107900125,25,105,-80
107900126,15,71,-56
107900127,534,285,249
107900128,55,74,-19
107900129,85,22,63
107900130,54,9,45
107900131,334,215,119
107900132,89,226,-137
107900133,0,47,-47
107900134,35,88,-53
107900135,3,100,-97
107900136,29,23,6
107900137,84,73,11
107900138,55,31,24
107900139,25,54,-29
107900141,21,13,8
107900142,59,508,-449
107900143,55,5,50
107900144,1,99,-98
107900145,9,40,-31
107900146,25,64,-39
107900147,41,22,19
107900148,78,50,28
107900149,509,145,364
107900150,55,334,-279
107900151,30,84,-54
107900152,12,77,-65
107900153,110,192,-82
107900154,59,19,40
107900155,68,49,19
107900156,9,167,-158
107900157,21,32,-11
107900158,511,26,485
107900159,17,377,-360
107900160,101,146,-45
107900161,26,144,-118
107900162,1,32,-31
107900163,19,32,-13
107900164,15,35,-20
107900165,27,91,-64
107900166,10,120,-110
107900167,6,43,-37
107900168,48,26,22
107900169,3,585,-582
107900171,7,716,-709
107900172,1,168,-167
107900173,7,96,-89
107900174,89,9,80
107900175,38,45,-7
107900176,30,25,5
107900177,0,82,-82
107900178,0,175,-175
107900179,22,80,-58
107900180,361,588,-227
107900181,219,173,46
107900182,1,574,-573
107900183,36,149,-113
107900184,101,163,-62
107900185,123,1,122
107900186,11,27,-16
107900187,0,75,-75
107900188,484,92,392
107900189,32,82,-50
107900190,37,104,-67
107900191,71,84,-13
107900193,3,52,-49
107900194,145,2,143
107900195,1469,208,1261
107900196,45,75,-30
107900197,486,260,226
107900199,0,719,-719
107900201,67,44,23
107900203,39,39,0
107900204,146,131,15
107900206,715,199,516
107900207,5,412,-407
107900208,9,334,-325
107900209,265,93,172
107900210,57,52,5
107900213,270,256,14
107900214,31,66,-35
107900215,107,257,-150
107900216,118,62,56
107900217,29,66,-37
107900218,12,1045,-1033
107900219,23,37,-14
107900220,142,165,-23
107900221,78,177,-99
107900223,92,356,-264
107900224,80,288,-208
107900225,2,349,-347
107900226,101,55,46
107900227,100,232,-132
107900228,26,69,-43
107900229,5,148,-143
107900230,28,50,-22
107900231,17,144,-127
107900232,77,89,-12
107900233,7,77,-70
107900234,108,59,49
107900235,19,63,-44
107900236,124,66,58
107900237,41,216,-175
107900238,25,75,-50
107900239,543,394,149
107900240,24,67,-43
107900241,12,39,-27
107900242,14,141,-127
107900243,3,44,-41
107900244,140,1,139
107900245,488,20,468
107900246,233,12,221
107900248,246,191,55
107900249,544,41,503
107900250,0,271,-271
107900251,64,828,-764
107900252,490,16,474
107900253,161,0,161
107900254,41,255,-214
107900255,217,51,166
107900256,737,1119,-382
107900257,100,79,21
107900258,105,106,-1
107900259,57,1357,-1300
107900261,1,142,-141
107900262,39,78,-39
107900264,314,7,307
107900265,133,153,-20
107900267,192,11,181
107900268,12,8,4
107900269,0,3,-3
107900270,0,0,0
107900271,3,20,-17
107900272,71,34,37
107900273,46,72,-26
107900274,71,1,70
107900275,37,1,36
107900276,1,74,-73
107900277,1,133,-132
107900278,195,237,-42
107900279,56,174,-118
107900280,1651,1228,423
107900281,701,2099,-1398
107900282,35,301,-266
107900283,543,404,139
107900284,464,395,69
107900285,94,43,51
107900286,67,54,13
107900287,173,161,12
107900290,0,155,-155
107900291,423,31,392
107900292,87,96,-9
107900293,75,215,-140
107900295,55,40,15
107900297,0,178,-178
107900298,525,494,31
107900299,1599,1899,-300
107900301,420,564,-144
107900302,89,22,67
107900303,154,177,-23
107900304,270,248,22
107900305,196,13,183
107900306,8,11,-3
107900307,66,173,-107
107900308,153,123,30
107900309,63,2,61
107900310,187,3,184
107900311,2,142,-140
107900312,42,1,41
107900313,1,103,-102
107900314,0,33,-33
107900315,0,16,-16
107900316,37,6,31
107900317,67,10,57
107900318,6,75,-69
107900319,1,98,-97
107900320,1,64,-63
107900321,114,5,109
107900322,1,61,-60
107900323,3,71,-68
107900324,66,0,66
107900325,55,1,54
107900326,262,126,136
107900327,0,46,-46
107900328,51,0,51
107900329,82,32,50
107900330,2,207,-205
107900331,147,8,139
107900332,243,21,222
107900333,41,16,25
107900334,5,94,-89
107900335,33,38,-5
107900336,30,60,-30
107900337,538,668,-130
107900338,1,92,-91
107900339,1,16,-15
107900340,0,34,-34
107900341,48,0,48
107900342,121,68,53
107900343,28,0,28
107900344,7,36,-29
107900345,78,20,58
107900346,16,1,15
107900347,10,2,8
107900348,1,1,0
107900349,23,4,19
107900350,10,156,-146
107900351,3,101,-98
107900352,1,13,-12
107900353,6,2,4
107900354,3,19,-16
108000001,2412,2736,-324
108000002,1494,1658,-164
108000003,2624,2527,97
108000004,8481,9430,-949
108000005,6446,5192,1254
108000006,6095,5150,945
108000007,4203,3062,1141
108000008,3213,3983,-770
108000009,2911,3507,-596
108000010,2192,2896,-704
108000011,9468,8938,530
108000012,10768,9585,1183
108000014,626,650,-24
108000015,737,193,544
108000016,171,580,-409
108000017,895,270,625
108000018,1378,479,899
108000019,1347,576,771
108000020,1097,438,659
108000021,276,1287,-1011
108000022,307,836,-529
108000023,970,179,791
108000024,232,329,-97
108000025,242,220,22
108000026,776,328,448
108000027,695,458,237
108000028,755,210,545
108000029,467,648,-181
108000030,417,177,240
108000031,133,411,-278
108000032,1466,502,964
108000033,591,693,-102
108000034,1299,344,955
108000035,488,1272,-784
108000036,287,653,-366
108000037,1439,350,1089
108000038,2091,385,1706
108000039,387,1359,-972
108000040,1511,675,836
108000041,526,1521,-995
108000042,258,172,86
108000043,218,214,4
108000044,507,106,401
108000045,283,341,-58
108000046,1075,326,749
108000047,289,545,-256
108000048,144,248,-104
108000049,892,213,679
108000050,94,382,-288
108000051,277,105,172
108000052,204,407,-203
108000053,361,223,138
108000054,366,686,-320
108000055,755,412,343
108000056,847,813,34
108000057,504,886,-382
108000058,1597,2537,-940
108000059,2321,1439,882
108000060,226,513,-287
108000061,258,338,-80
108000062,634,458,176
108000063,374,311,63
108000064,222,189,33
108000065,445,345,100
108000066,1131,568,563
108000067,1436,567,869
108000068,695,288,407
108000069,228,620,-392
108000070,1580,530,1050
108000071,575,899,-324
108000072,1404,833,571
108000073,977,1068,-91
108000074,474,378,96
108000075,286,526,-240
108000076,726,408,318
108000077,409,427,-18
108000078,1830,968,862
108000079,510,910,-400
108000080,1137,389,748
108000081,478,969,-491
108000082,737,1085,-348
108000083,1467,774,693
108000084,339,768,-429
108000085,695,364,331
108000086,521,461,60
108000087,104,1609,-1505
108000088,643,213,430
108000089,280,220,60
108000091,138,348,-210
108000092,140,64,76
108000093,161,319,-158
108000094,536,65,471
108000095,126,216,-90
108000096,331,161,170
108000097,129,213,-84
108000098,1474,861,613
108000099,740,259,481
108000100,154,356,-202
108000101,1075,1143,-68
108000102,1378,2683,-1305
108000106,715,0,715
108000107,1,460,-459
108000108,486,34,452
108000109,7,558,-551
108000110,198,202,-4
108000111,103,390,-287
108000112,37,152,-115
108000113,338,161,177
108000115,234,184,50
108000117,479,269,210
108000118,355,1484,-1129
108000119,456,217,239
108000120,157,554,-397
108000121,141,288,-147
108000122,430,208,222
108000123,895,174,721
108000124,416,313,103
108000125,321,225,96
108000126,137,227,-90
108000127,435,329,106
108000128,525,254,271
108000129,327,625,-298
108000130,437,225,212
108000131,791,403,388
108000132,1488,747,741
108000133,770,377,393
108000134,354,327,27
108000135,835,350,485
108000136,198,592,-394
108000137,390,220,170
108000138,315,668,-353
108000139,470,241,229
108000140,100,14,86
108000141,22,40,-18
108000142,38,56,-18
108000143,24,255,-231
108000144,394,44,350
108000145,35,10,25
108000146,586,50,536
108000147,29,14,15
108000148,534,60,474
108000149,10,4,6
108000150,29,5,24
108000151,159,39,120
108000152,89,295,-206
108000153,490,104,386
108000154,40,9,31
108000155,42,11,31
108000156,628,330,298
108000157,158,836,-678
108000158,66,572,-506
108000159,390,196,194
108000160,1855,886,969
108000161,1371,1788,-417
108000165,9,114,-105
108000172,10,216,-206
108000173,1043,1291,-248
108000175,530,111,419
108000178,321,199,122
108000179,147,697,-550
108000181,58,19,39
108000182,247,70,177
108000183,27,226,-199
108000184,696,1732,-1036
108000185,133,218,-85
108000186,298,249,49
108000187,106,324,-218
108000188,497,146,351
108000189,1256,6804,-5548
108000190,40,90,-50
108000192,208,430,-222
108000193,439,19,420
108000194,25,5,20
108000195,3,628,-625
108000196,340,142,198
108000198,585,229,356
108000199,0,263,-263
108000200,355,275,80
108000203,88,349,-261
108000204,105,56,49
108000205,169,224,-55
108000339,860,259,601
108000364,259,461,-202
108000365,69,213,-144
108000367,64,156,-92
108000368,6,23,-17
108000369,672,208,464
108000371,4,560,-556
108000372,580,8,572
108000373,190,98,92
108000376,81,33,48
108000377,385,152,233
108000378,7132,7592,-460
108000379,7,157,-150
108000381,44,12,32
108000382,175,3,172
108000383,0,156,-156
108900001,60,745,-685
108900002,157,50,107
108900003,221,427,-206
108900004,107,373,-266
108900007,265,154,111
108900008,95,130,-35
108900009,74,78,-4
108900010,253,160,93
108900011,517,370,147
108900012,284,392,-108
108900013,155,183,-28
108900014,17,90,-73
108900015,2,70,-68
108900016,2,184,-182
108900017,177,294,-117
108900018,123,269,-146
108900019,25,356,-331
108900020,32,124,-92
108900021,114,208,-94
108900022,76,1,75
108900023,58,15,43
108900024,34,91,-57
108900025,118,77,41
108900026,16,72,-56
108900027,0,34,-34
108900028,66,215,-149
108900029,37,208,-171
108900030,0,61,-61
108900031,138,221,-83
108900032,5,130,-125
108900033,0,75,-75
108900034,0,146,-146
108900035,250,747,-497
108900038,2,158,-156
108900039,0,275,-275
108900040,3,55,-52
108900041,3545,2263,1282
108900042,6,324,-318
108900043,43,231,-188
108900044,3,271,-268
108900045,58,250,-192
108900046,55,438,-383
108900047,46,111,-65
108900048,98,581,-483
108900049,1524,932,592
108900050,1,137,-136
108900051,0,82,-82
108900052,16,128,-112
108900053,61,146,-85
108900054,70,130,-60
108900055,30,256,-226
108900056,0,117,-117
108900057,0,103,-103
108900058,54,225,-171
108900059,380,25,355
108900060,39,121,-82
108900061,61,27,34
108900062,4,142,-138
108900063,22,184,-162
108900064,157,34,123
108900065,7,133,-126
108900066,372,87,285
108900067,4,121,-117
108900068,4,87,-83
108900069,60,47,13
108900070,23,52,-29
108900071,67,49,18
108900072,1247,360,887
108900073,20,222,-202
108900074,171,169,2
108900075,33,29,4
108900076,232,72,160
108900077,119,357,-238
108900078,19,58,-39
108900079,629,117,512
108900080,25,543,-518
108900081,39,149,-110
108900082,99,77,22
108900083,27,194,-167
108900085,1182,110,1072
108900086,110,154,-44
108900087,68,140,-72
108900088,708,351,357
108900089,19,88,-69
108900090,50,185,-135
108900091,123,33,90
108900092,402,235,167
108900093,63,45,18
108900094,243,83,160
108900095,19,212,-193
108900096,261,7,254
108900097,229,159,70
108900098,1243,491,752
108900099,446,167,279
108900100,78,103,-25
108900101,146,206,-60
108900102,48,691,-643
108900103,52,135,-83
108900105,6,952,-946
108900106,465,248,217
108900108,177,25,152
108900109,315,49,266
108900110,176,255,-79
108900111,362,330,32
108900113,26,54,-28
108900114,64,7,57
108900115,79,61,18
108900116,52,5,47
108900117,165,20,145
108900118,465,13,452
108900119,265,23,242
108900120,211,130,81
108900121,177,75,102
108900122,128,19,109
108900123,83,118,-35
108900124,376,130,246
108900125,309,14,295
108900126,109,18,91
108900127,185,27,158
108900128,124,53,71
108900129,620,97,523
108900130,267,0,267
108900131,283,1,282
108900132,412,41,371
108900133,214,29,185
108900134,346,196,150
108900135,136,7,129
108900136,54,1,53
108900137,154,2,152
108900138,678,38,640
108900140,276,168,108
108900141,278,9,269
108900142,48,4,44
108900143,64,0,64
108900144,82,1,81
108900145,193,9,184
108900146,97,0,97
108900147,202,1,201
108900148,50,15,35
108900150,186,7,179
108900151,62,4,58
108900152,128,0,128
108900153,176,207,-31
108900154,3759,445,3314
108900156,65,10,55
108900157,23,269,-246
108900158,294,24,270
108900159,1,109,-108
108900160,12,146,-134
108900161,7,343,-336
108900162,96,3,93
108900163,6,218,-212
108900164,46,58,-12
108900168,4836,1802,3034
108900169,69,81,-12
108900171,3318,2159,1159
108900172,131,27,104
108900173,100,242,-142
108900174,845,480,365
108900176,88,253,-165
108900177,2946,3989,-1043
108900178,2319,2614,-295
108900180,76,245,-169
108900183,144,141,3
108900184,427,193,234
108900185,61,319,-258
108900186,62,287,-225
108900189,277,117,160
108900190,40,1449,-1409
108900192,65,180,-115
108900195,92,151,-59
108900196,31,203,-172
108900199,197,230,-33
108900200,484,254,230
108900201,433,1001,-568
108900203,298,124,174
108900204,247,22,225
108900205,138,19,119
108900206,415,66,349
108900207,185,86,99
108900208,11,202,-191
108900209,171,363,-192
108900210,127,125,2
108900211,113,392,-279
108900212,380,961,-581
108900215,48,341,-293
108900216,381,229,152
108900217,69,0,69
108900218,27,8,19
108900221,28,120,-92
108900224,29,125,-96
108900225,0,134,-134
108900227,103,205,-102
108900230,134,180,-46
108900232,5,182,-177
108900233,220,48,172
108900234,241,109,132
108900235,84,352,-268
108900236,36,163,-127
108900240,53,69,-16
108900241,18,17,1
108900245,14,867,-853
108900250,101,43,58
108900258,7,142,-135
108900259,80,47,33
108900260,11,49,-38
108900261,82,105,-23
108900262,113,103,10
108900263,28,112,-84
108900264,468,230,238
108900265,551,410,141
108900266,466,499,-33
108900267,6,99,-93
108900268,13,8,5
108900269,74,11,63
108900270,51,9,42
108900271,52,9,43
108900272,209,15,194
108900273,635,684,-49
108900274,77,31,46
109000001,1974,1398,576
109000002,964,1593,-629
109000003,2135,302,1833
109000004,382,1648,-1266
109000005,1747,493,1254
109000006,600,1422,-822
109000007,1230,394,836
109000008,513,1210,-697
109000009,2697,1062,1635
109000010,1051,2318,-1267
109000011,2690,1339,1351
109000012,1505,1848,-343
109000013,2814,2230,584
109000014,1456,1734,-278
109000015,3651,7248,-3597
109000016,3801,2229,1572
109000017,2084,892,1192
109000018,770,1881,-1111
109000019,2097,1062,1035
109000020,875,1227,-352
109000023,288,28,260
109000024,5,174,-169
109000025,250,386,-136
109000026,559,285,274
109000027,68,273,-205
109000028,126,47,79
109000029,108,174,-66
109000030,91,362,-271
109000031,135,128,7
109000032,117,313,-196
109000033,204,128,76
109000034,49,30,19
109000035,9,27,-18
109000036,86,208,-122
109000037,206,1200,-994
109000038,323,195,128
109000039,695,545,150
109000040,1451,5111,-3660
109000041,1639,1351,288
109000042,355,797,-442
109000044,316,140,176
109000045,162,337,-175
109000046,253,116,137
109000047,61,288,-227
109000048,823,382,441
109000049,153,333,-180
109000050,397,390,7
109000051,166,177,-11
109000052,371,630,-259
109000053,1131,198,933
109000054,391,279,112
109000055,243,134,109
109000056,286,268,18
109000057,506,414,92
109000058,1160,240,920
109000059,580,1110,-530
109000060,550,310,240
109000061,637,694,-57
109000062,75,244,-169
109000063,132,135,-3
109000064,293,110,183
109000065,100,131,-31
109000066,345,46,299
109000067,53,211,-158
109000068,1339,21,1318
109000069,525,16,509
109000070,16,1479,-1463
109000071,279,57,222
109000072,146,403,-257
109000073,33,46,-13
109000074,30,146,-116
109000075,50,224,-174
109000076,149,237,-88
109000077,307,227,80
109000078,78,155,-77
109000079,109,114,-5
109000080,190,95,95
109000081,125,344,-219
109000082,678,164,514
109000083,241,471,-230
109000088,89,286,-197
109000089,213,53,160
109000090,83,247,-164
109000091,229,124,105
109000092,209,284,-75
109000093,167,140,27
109000094,441,3,438
109000095,110,273,-163
109000096,502,172,330
109000097,95,104,-9
109000098,44,110,-66
109000099,538,182,356
109000100,193,405,-212
109000101,1131,373,758
109000102,264,504,-240
109000103,789,473,316
109000104,1306,400,906
109000105,336,728,-392
109000106,1422,586,836
109000107,483,1218,-735
109000108,1424,354,1070
109000109,399,1102,-703
109000110,879,336,543
109000111,627,1130,-503
109000112,266,90,176
109000113,359,125,234
109000114,101,294,-193
109000115,856,81,775
109000116,22,486,-464
109000117,217,62,155
109000118,15,194,-179
109000119,1080,199,881
109000120,184,479,-295
109000121,760,60,700
109000122,126,434,-308
109000123,48,158,-110
109000124,537,345,192
109000125,645,296,349
109000126,397,450,-53
109000127,1396,230,1166
109000128,434,778,-344
109000129,1663,463,1200
109000130,672,1307,-635
109000131,1180,850,330
109000132,921,1705,-784
109000133,182,670,-488
109000134,526,954,-428
109000135,897,1200,-303
109000136,230,211,19
109000137,271,294,-23
109000138,353,166,187
109000139,370,348,22
109000140,147,435,-288
109000141,647,376,271
109000142,140,298,-158
109000143,71,56,15
109000145,62,228,-166
109000146,61,83,-22
109000148,1899,1076,823
109000149,6,34,-28
109000150,95,163,-68
109000155,672,551,121
109000156,786,439,347
109000158,60,207,-147
109000159,121,261,-140
109000160,788,150,638
109000161,304,589,-285
109000162,1539,455,1084
109000163,918,1083,-165
109000164,1052,1819,-767
109000165,991,386,605
109000166,571,92,479
109000167,84,277,-193
109000170,26,26,0
109000171,43,56,-13
109000172,33,38,-5
109000173,22,63,-41
109000174,105,31,74
109000175,119,210,-91
109000176,239,170,69
109000177,34,48,-14
109000178,528,213,315
109000179,2818,3453,-635
109000180,2603,2129,474
109000181,13,12,1
109000182,25,29,-4
109000183,30,14,16
109000184,35,17,18
109000185,21,16,5
109000188,413,1181,-768
109000189,2093,942,1151
109000190,432,423,9
109000191,294,357,-63
109000192,350,189,161
109000193,193,190,3
109000194,214,66,148
109000195,103,216,-113
109000196,188,110,78
109000197,168,221,-53
109000198,323,65,258
109000199,113,305,-192
109000206,148,28,120
109000207,130,22,108
109000208,80,80,0
109000209,64,83,-19
109000210,141,317,-176
109000211,418,266,152
109000214,374,486,-112
109000215,109,41,68
109000216,254,203,51
109000217,244,81,163
109000218,191,120,71
109000221,376,724,-348
109000222,840,240,600
109000223,285,225,60
109000224,35,79,-44
109000225,68,30,38
109000226,51,145,-94
109000227,805,586,219
109000228,3,1331,-1328
109000231,0,173,-173
109000232,300,205,95
109000236,235,680,-445
109000241,1733,1371,362
109000242,1500,925,575
109000293,87,132,-45
109000361,161,158,3
109000364,202,391,-189
109000396,0,286,-286
109000397,433,9,424
109000399,149,250,-101
109000400,73,245,-172
109000403,93,1118,-1025
109000406,294,13,281
109000407,218,131,87
109000408,1,304,-303
109000410,673,135,538
109000411,233,25,208
109000412,3,49,-46
109900001,92,1,91
109900002,662,13,649
109900003,205,0,205
109900005,34,5,29
109900006,308,137,171
109900007,712,246,466
109900008,0,18,-18
109900009,95,293,-198
109900010,409,29,380
109900011,44,29,15
109900012,202,174,28
109900013,289,157,132
109900014,277,56,221
109900015,187,93,94
109900016,125,24,101
109900017,161,176,-15
109900018,138,28,110
109900019,316,21,295
109900020,45,36,9
109900021,38,16,22
109900022,145,127,18
109900023,10,2,8
109900024,17,3,14
109900025,10,3,7
109900027,40,38,2
109900028,700,893,-193
109900029,2,166,-164
109900030,27,1,26
109900031,2,87,-85
109900032,4,169,-165
109900033,4,255,-251
109900034,48,2,46
109900035,10,18,-8
109900036,15,60,-45
109900037,34,264,-230
109900038,54,177,-123
109900039,12,0,12
109900040,22,283,-261
109900041,37,224,-187
109900042,52,389,-337
109900044,88,160,-72
109900045,96,81,15
109900046,93,59,34
109900047,247,211,36
109900048,15,63,-48
109900049,11,34,-23
109900050,0,97,-97
109900051,2,37,-35
109900052,64,237,-173
109900053,2,176,-174
109900054,524,156,368
109900055,48,143,-95
109900056,10,190,-180
109900057,4,74,-70
109900058,0,66,-66
109900060,415,86,329
109900061,46,160,-114
109900062,0,84,-84
109900064,441,142,299
109900065,57,84,-27
109900066,227,500,-273
109900067,0,112,-112
109900068,44,4,40
109900069,7,28,-21
109900071,0,13,-13
109900072,13,83,-70
109900073,277,285,-8
109900074,12,20,-8
109900075,13,12,1
109900076,24,151,-127
109900077,34,33,1
109900078,71,167,-96
109900080,104,212,-108
109900081,12,194,-182
109900082,36,234,-198
109900083,21,61,-40
109900084,50,85,-35
109900085,125,411,-286
109900086,101,403,-302
109900087,100,236,-136
109900089,565,149,416
109900092,414,24,390
109900093,781,94,687
109900094,51,81,-30
109900095,170,115,55
109900096,13,2,11
109900097,121,2,119
109900098,375,25,350
109900099,140,1,139
109900100,25,0,25
109900101,421,10,411
109900102,354,17,337
109900103,19,32,-13
109900104,458,405,53
109900105,380,22,358
109900106,241,38,203
109900107,524,72,452
109900108,75,168,-93
109900109,19,79,-60
109900111,182,425,-243
109900114,703,495,208
109900115,131,57,74
109900117,759,89,670
109900121,244,237,7
109900123,9,102,-93
109900125,2,115,-113
109900126,224,95,129
109900130,3699,1902,1797
109900131,48,86,-38
109900132,25,76,-51
109900134,55,53,2
109900135,228,52,176
109900137,120,168,-48
109900140,107,119,-12
109900149,14,39,-25
109900150,6,65,-59
109900151,4,50,-46
109900152,0,26,-26
109900153,0,32,-32
109900154,45,0,45
109900155,60,20,40
109900157,46,156,-110
109900159,103,27,76
109900161,195,76,119
109900162,157,88,69
109900163,380,176,204
109900164,57,220,-163
109900165,213,3,210
109900166,1,174,-173
109900167,105,236,-131
109900168,187,379,-192
109900169,182,133,49
109900170,179,812,-633
109900171,137,69,68
109900172,126,136,-10
109900173,1547,1681,-134
109900174,44,85,-41
109900175,65,44,21
109900176,66,98,-32
109900177,34,158,-124
109900178,6,96,-90
109900179,42,17,25
109900180,5,12,-7
110000001,775,375,400
110000002,473,583,-110
110000003,551,532,19
110000004,364,471,-107
110000005,294,1116,-822
110000006,211,218,-7
110000007,87,60,27
110000008,8,42,-34
110000009,45,21,24
110000010,17,51,-34
110000011,25,34,-9
110000012,413,222,191
110000013,41,415,-374
110000014,511,299,212
110000015,172,483,-311
110000016,210,1171,-961
110000017,1961,197,1764
110000018,1716,221,1495
110000019,7,67,-60
110000020,272,147,125
110000021,459,294,165
110000022,557,94,463
110000023,8,95,-87
110000024,473,298,175
110000025,376,5,371
110000026,4,141,-137
110000027,556,500,56
110000028,717,552,165
110000029,411,394,17
110000030,175,242,-67
110000031,208,248,-40
110000032,457,276,181
110000033,230,89,141
110000034,332,494,-162
110000035,551,318,233
110000036,659,458,201
110000037,182,244,-62
110000038,164,415,-251
110000039,508,2092,-1584
110000040,229,247,-18
110000041,231,986,-755
110000042,77,326,-249
110000043,609,223,386
110000044,62,300,-238
110000045,388,74,314
110000046,3,28,-25
110000047,14,34,-20
110000048,8,22,-14
110000049,22,2,20
110000050,12,27,-15
110000051,16,7,9
110000052,41,31,10
110000053,35,10,25
110000054,157,413,-256
110000055,217,70,147
110000056,111,107,4
110000057,375,378,-3
110000058,799,315,484
110000059,661,419,242
110000060,736,696,40
110000061,543,520,23
110000062,468,642,-174
110000063,33,66,-33
110000064,100,53,47
110000065,58,46,12
110000066,39,19,20
110000067,72,102,-30
110000068,288,122,166
110000069,199,48,151
110000071,185,53,132
110000073,8,20,-12
110000075,14,55,-41
110000076,236,210,26
110000077,243,640,-397
110000078,31,23,8
110000080,202,394,-192
110000081,65,168,-103
110000082,34,236,-202
110000083,196,469,-273
110000084,995,685,310
110000085,1181,1411,-230
110000086,924,1469,-545
110000087,4,40,-36
110000088,62,154,-92
110000089,206,51,155
110000090,88,271,-183
110000091,596,223,373
110000092,22,27,-5
110000093,55,9,46
110000094,451,156,295
110000095,91,371,-280
110000096,1194,1392,-198
110000097,978,1060,-82
110000098,1347,474,873
110000099,528,1094,-566
110000100,798,278,520
110000101,33,172,-139
110000102,72,26,46
110000104,347,117,230
110000105,43,176,-133
110000106,437,345,92
110000107,205,243,-38
110000108,123,79,44
110000109,174,154,20
110000110,1679,2329,-650
110000111,3558,1845,1713
110000112,779,883,-104
110000113,214,1632,-1418
110000114,166,401,-235
110000115,316,194,122
110000116,61,69,-8
110000117,179,155,24
110000118,386,84,302
110000119,172,170,2
110000120,250,95,155
110000121,70,256,-186
110000122,324,325,-1
110000123,448,231,217
110000124,1,592,-591
110000125,828,4,824
110000126,212,20,192
110000127,842,64,778
110000128,17,804,-787
110000129,9,472,-463
110000130,249,159,90
110000131,84,279,-195
110000132,0,521,-521
110000133,30,252,-222
110000134,21,264,-243
110000135,152,22,130
110000136,43,183,-140
110000137,499,359,140
110000138,572,387,185
110000139,779,638,141
110000140,727,576,151
110000143,471,307,164
110000144,3588,1192,2396
110000145,1446,700,746
110000146,1108,538,570
110000147,293,475,-182
110000148,437,141,296
110000151,510,705,-195
110000152,546,319,227
110000153,95,20,75
110000154,12,17,-5
110000155,965,2694,-1729
110000156,848,1549,-701
110000157,1115,1440,-325
110000160,270,197,73
110000161,179,186,-7
110000166,463,87,376
110000167,575,400,175
110000168,686,382,304
110000169,764,371,393
110000170,118,69,49
110000171,518,141,377
110000172,115,524,-409
110000173,709,719,-10
110000174,98,515,-417
110000175,602,48,554
110000176,97,376,-279
110000177,196,735,-539
110000178,316,1275,-959
110000179,766,224,542
110000180,158,126,32
110000181,301,335,-34
110000182,232,93,139
110000183,4634,4740,-106
110000184,252,1814,-1562
110000185,712,466,246
110000186,498,522,-24
110000191,1019,208,811
110000192,492,9,483
110000193,954,8,946
110000194,12,596,-584
110000195,300,218,82
110000196,306,232,74
110000197,68,64,4
110000198,73,56,17
110000199,79,109,-30
110000200,944,454,490
110000201,835,841,-6
110000202,892,427,465
110000203,452,441,11
110000204,6,125,-119
110000205,145,40,105
110000206,377,628,-251
110000207,874,287,587
110000208,173,145,28
110000209,111,480,-369
110000210,1003,423,580
110000211,690,520,170
110000212,299,822,-523
110000213,182,57,125
110000214,217,96,121
110000215,117,200,-83
110000216,95,172,-77
110000217,244,108,136
110000218,139,177,-38
110000219,297,37,260
110000220,34,125,-91
110000221,265,52,213
110000222,18,121,-103
110000223,6,161,-155
110000224,36,17,19
110000225,204,525,-321
110000226,220,26,194
110000227,690,534,156
110000228,248,86,162
110000229,0,150,-150
110000230,464,501,-37
110000231,177,161,16
110000232,259,138,121
110000233,164,160,4
110000234,500,652,-152
110000235,670,789,-119
110000236,474,461,13
110000237,1542,919,623
110000238,1018,1196,-178
110000239,1602,874,728
110000240,2,38,-36
110000242,0,6,-6
110000243,89,101,-12
110000244,91,242,-151
110000245,34,253,-219
110000246,654,406,248
110000247,738,2831,-2093
110000248,1427,1012,415
110000249,71,6,65
110000250,42,121,-79
110000251,229,301,-72
110000252,214,159,55
110000253,1023,432,591
110000254,446,669,-223
110000255,157,674,-517
110000256,351,229,122
110000257,524,439,85
110000258,3,240,-237
110000259,105,23,82
110000260,37,134,-97
110000263,340,41,299
110000264,233,214,19
110000265,1017,1303,-286
110000266,1038,1849,-811
110000267,19,89,-70
110000268,183,213,-30
110000269,1,40,-39
110000270,47,1,46
110000271,921,158,763
110000272,951,722,229
110000273,1733,1090,643
110000274,132,1252,-1120
110000275,1231,466,765
110000276,292,250,42
110000277,252,383,-131
110000278,260,527,-267
110000279,671,574,97
110000280,452,338,114
110000281,33,189,-156
110000282,168,6,162
110000283,30,74,-44
110000284,35,36,-1
110000285,2,279,-277
110000286,12,0,12
110000287,42,7,35
110000288,8,72,-64
110000289,285,1396,-1111
110000290,667,407,260
110000291,2882,921,1961
110000292,1086,3410,-2324
110000293,500,513,-13
110000294,779,951,-172
110000295,128,464,-336
110000296,342,305,37
110000297,1681,227,1454
110000298,150,346,-196
110000299,160,59,101
110000301,265,14,251
110000302,398,516,-118
110000303,281,6,275
110000304,214,159,55
110000305,904,23,881
110000306,149,730,-581
110000307,1219,4,1215
110000308,408,5,403
110000309,3,445,-442
110000310,565,46,519
110000311,12,408,-396
110000312,322,69,253
110000313,1528,2025,-497
110000314,3,158,-155
110000315,2127,1905,222
110000316,382,884,-502
110000317,298,478,-180
110000318,8,65,-57
110000319,27,23,4
110000320,50,22,28
110000321,4,18,-14
110000322,205,200,5
110000323,405,136,269
110000324,2123,1142,981
110000325,1715,2402,-687
110000327,304,142,162
110000328,131,280,-149
110000333,687,561,126
110000334,501,869,-368
110000335,580,340,240
110000336,595,1007,-412
110000337,1391,483,908
110000338,388,270,118
110000339,267,158,109
110000340,121,138,-17
110000341,337,365,-28
110000342,185,4,181
110000343,0,13,-13
110000344,138,192,-54
110000345,245,244,1
110000346,1463,1411,52
110000347,973,563,410
110000348,22,12,10
110000349,13,10,3
110000350,37,2,35
110000351,836,600,236
110000352,535,1040,-505
110000353,1864,575,1289
110000354,753,2180,-1427
110000355,45,29,16
110000356,532,2,530
110000357,333,16,317
110000361,20,24,-4
110000362,51,7,44
110000363,325,82,243
110000364,178,211,-33
110000365,146,2,144
110000366,4,71,-67
110000367,267,119,148
110000368,2,36,-34
110000369,34,3,31
110000373,3,206,-203
110000374,94,9,85
110000375,95,822,-727
110000376,36,52,-16
110000377,52,316,-264
110000378,11,251,-240
110000379,1796,1346,450
110000380,45,6,39
110000383,4,1152,-1148
110000384,1268,955,313
110000385,1,106,-105
110000387,58,11,47
110000388,24,183,-159
110000389,660,4,656
110000391,605,293,312
110000396,133,109,24
110000397,168,96,72
110000398,3,18,-15
110000399,144,39,105
110000587,110,75,35
110000589,175,117,58
110000640,131,39,92
110000652,5,155,-150
110000653,333,287,46
110000654,78,589,-511
110000656,1,313,-312
110000674,18,11,7
110000675,10,6,4
110000676,3,21,-18
110000679,237,883,-646
110000682,122,104,18
110000683,211,376,-165
110000684,4,24,-20
110000685,3,10,-7
110000686,1,16,-15
110000687,38,4,34
110000688,48,671,-623
110000689,18,32,-14
110000692,58,95,-37
110000693,75,206,-131
110000694,1,84,-83
110000695,157,373,-216
110000696,63,43,20
110000698,28,514,-486
110000699,57,271,-214
110900001,192,9,183
110900002,340,171,169
110900003,575,287,288
110900004,281,82,199
110900005,1312,1688,-376
110900006,56,6,50
110900007,94,26,68
110900008,18,43,-25
110900009,312,91,221
110900010,13,49,-36
110900011,19,45,-26
110900012,21,50,-29
110900013,673,101,572
110900014,252,22,230
110900015,340,495,-155
110900016,48,116,-68
110900017,297,34,263
110900018,303,27,276
110900019,162,20,142
110900020,80,133,-53
110900021,66,255,-189
110900022,70,178,-108
110900023,35,304,-269
110900024,36,187,-151
110900025,19,48,-29
110900027,32,125,-93
110900028,28,79,-51
110900029,10,190,-180
110900030,26,137,-111
110900031,5,105,-100
110900032,0,42,-42
110900033,25,108,-83
110900035,12,296,-284
110900036,116,15,101
110900037,81,20,61
110900038,499,99,400
110900039,11,163,-152
110900040,157,23,134
110900041,8,59,-51
110900042,92,30,62
110900043,5,55,-50
110900044,106,21,85
110900045,47,219,-172
110900046,13,138,-125
110900047,239,177,62
110900049,39,41,-2
110900050,21,4,17
110900052,8,146,-138
110900053,79,12,67
110900054,22,129,-107
110900055,20,3,17
110900056,62,71,-9
110900057,5,95,-90
110900058,195,92,103
110900059,368,339,29
110900060,304,76,228
110900061,55,29,26
110900062,91,142,-51
110900063,24,98,-74
110900064,13,0,13
110900065,251,116,135
110900066,8,50,-42
110900067,160,388,-228
110900068,170,144,26
110900069,9,10,-1
110900070,112,50,62
110900071,131,383,-252
110900073,2,21,-19
110900074,332,65,267
110900075,304,68,236
110900077,639,463,176
110900078,22,28,-6
110900079,1416,981,435
110900080,96,78,18
110900081,9,36,-27
110900082,136,79,57
110900083,108,28,80
110900084,28,57,-29
110900085,35,112,-77
110900086,39,194,-155
110900087,222,36,186
110900088,6,4,2
110900090,17,38,-21
110900091,0,24,-24
110900093,155,83,72
110900095,54,29,25
110900097,17,8,9
110900098,23,58,-35
110900099,23,247,-224
110900100,0,14,-14
110900102,42,11,31
110900105,426,149,277
110900108,24,33,-9
110900111,318,129,189
110900112,697,4,693
110900113,243,26,217
110900115,4,44,-40
110900116,526,903,-377
110900118,83,2317,-2234
110900119,1768,140,1628
110900120,6,51,-45
110900121,86,1,85
110900122,362,130,232
110900125,316,268,48
110900127,336,804,-468
110900128,227,320,-93
110900129,226,577,-351
110900130,692,496,196
110900131,118,29,89
110900132,274,26,248
110900133,40,105,-65
110900135,51,167,-116
110900136,244,9,235
110900139,14,0,14
110900140,0,0,0
110900141,292,187,105
110900142,43,107,-64
110900143,94,50,44
110900144,3,524,-521
110900145,157,56,101
110900146,331,153,178
110900147,133,212,-79
110900148,6,194,-188
110900149,0,38,-38
110900150,7,11,-4
110900151,2,30,-28
110900152,25,96,-71
110900153,117,26,91
111000001,523,558,-35
111000002,565,494,71
111000003,1218,581,637
111000004,409,778,-369
111000005,1068,875,193
111000006,799,1341,-542
111000007,2934,2321,613
111000008,1557,2220,-663
111000009,418,662,-244
111000010,611,193,418
111000011,316,994,-678
111000012,574,267,307
111000013,387,762,-375
111000014,1200,436,764
111000017,60,681,-621
111000018,172,308,-136
111000020,520,1470,-950
111000021,80,72,8
111000023,102,103,-1
111000025,3113,2726,387
111000029,95,59,36
111000030,31,66,-35
111000031,1538,816,722
111000032,508,427,81
111000033,186,250,-64
111000034,114,236,-122
111000037,943,622,321
111000038,2647,1262,1385
111000039,1333,1208,125
111000040,1509,1639,-130
111000041,1512,1066,446
111000042,2031,1614,417
111000043,1376,2613,-1237
111000044,1374,1027,347
111000045,1894,1643,251
111000046,1159,1259,-100
111000047,1992,3020,-1028
111000049,310,320,-10
111000050,1062,888,174
111000051,384,678,-294
111000052,501,1157,-656
111000053,269,541,-272
111000054,243,611,-368
111000055,828,1370,-542
111000056,191,584,-393
111000057,108,310,-202
111000058,422,45,377
111000059,516,224,292
111000060,3187,644,2543
111000061,448,255,193
111000062,648,231,417
111000063,1399,773,626
111000064,635,448,187
111000065,899,718,181
111000066,437,309,128
111000067,490,434,56
111000068,559,740,-181
111000069,1393,1339,54
111000070,913,734,179
111000071,225,418,-193
111000072,1110,425,685
111000073,306,848,-542
111000074,1263,1227,36
111000075,892,440,452
111000076,486,417,69
111000077,1485,1384,101
111000078,2319,1130,1189
111000079,1070,573,497
111000080,414,488,-74
111000081,1151,3045,-1894
111000082,585,546,39
111000084,655,445,210
111000085,685,712,-27
111000086,1540,707,833
111000087,537,350,187
111000088,2975,1577,1398
111000089,547,510,37
111000090,610,1023,-413
111000091,611,337,274
111000092,1084,575,509
111000093,573,861,-288
111000094,1493,807,686
111000095,501,1663,-1162
111000096,1327,5538,-4211
111000097,3104,1212,1892
111000098,647,790,-143
111000099,455,1120,-665
111000100,333,1061,-728
111000101,326,506,-180
111000102,155,369,-214
111000104,499,151,348
111000107,66,429,-363
111000109,355,185,170
111000110,1080,485,595
111000111,2048,408,1640
111000112,1575,448,1127
111000113,748,1168,-420
111000114,1705,2554,-849
111000115,3792,802,2990
111000116,887,571,316
111000117,329,645,-316
111000118,1157,689,468
111000119,867,632,235
111000120,419,440,-21
111000121,311,597,-286
111000122,375,697,-322
111000123,992,1689,-697
111000124,351,1576,-1225
111000125,254,888,-634
111000126,72,595,-523
111000127,966,117,849
111000128,1820,256,1564
111000129,2107,316,1791
111000130,1840,473,1367
111000131,1584,473,1111
111000132,1313,665,648
111000133,171,94,77
111000134,133,84,49
111000135,43,85,-42
111000136,359,257,102
111000138,22,1,21
111000140,0,2,-2
111000141,120,297,-177
111000142,24,147,-123
111000143,3,202,-199
111000144,23,775,-752
111000145,530,20,510
111000146,110,3,107
111000147,133,13,120
111000148,98,61,37
111000149,7,28,-21
111000150,19,7,12
111000151,4,24,-20
111000153,435,603,-168
111000154,521,164,357
111000155,73,132,-59
111000156,388,447,-59
111000157,173,716,-543
111000158,694,581,113
111000159,1762,631,1131
111000160,369,341,28
111000161,13,236,-223
111000162,51,107,-56
111000163,605,509,96
111000164,395,1964,-1569
111000165,810,333,477
111000166,1086,208,878
111000167,136,268,-132
111000168,163,314,-151
111000169,234,500,-266
111000170,358,348,10
111000171,429,331,98
111000172,150,288,-138
111000173,315,640,-325
111000174,173,203,-30
111000175,37,169,-132
111000176,310,92,218
111000177,268,170,98
111000178,1074,199,875
111000179,210,129,81
111000180,198,365,-167
111000181,1016,158,858
111000182,127,99,28
111000183,205,388,-183
111000184,327,181,146
111000185,234,311,-77
111000186,217,386,-169
111000187,110,141,-31
111000188,255,285,-30
111000189,707,345,362
111000190,165,203,-38
111000191,122,192,-70
111000192,155,294,-139
111000193,221,184,37
111000194,34,241,-207
111000195,107,223,-116
111000196,71,148,-77
111000197,444,147,297
111000198,536,94,442
111000199,203,128,75
111000200,386,292,94
111000201,553,189,364
111000202,266,181,85
111000203,308,268,40
111000204,368,1028,-660
111000213,197,445,-248
111000214,1276,897,379
111000215,944,910,34
111000217,1100,506,594
111000218,758,703,55
111000219,344,171,173
111000220,960,429,531
111000221,454,84,370
111000224,59,242,-183
111000225,441,279,162
111000226,131,1,130
111000227,41,1,40
111000228,19,292,-273
111000229,25,672,-647
111000230,142,221,-79
111000231,812,463,349
111000232,515,821,-306
111000233,803,580,223
111000234,119,352,-233
111000239,79,68,11
111000240,62,119,-57
111000241,22,135,-113
111000242,139,39,100
111000243,154,347,-193
111000244,375,148,227
111000245,897,289,608
111000246,444,197,247
111000247,283,544,-261
111000248,595,288,307
111000249,387,451,-64
111000250,37,46,-9
111000251,27,58,-31
111000253,7,9,-2
111000255,50,6,44
111000257,36,11,25
111000260,55,666,-611
111000261,1047,107,940
111000271,43,193,-150
111000273,1975,811,1164
111000274,1151,1624,-473
111000275,148,51,97
111000276,315,1087,-772
111000277,185,278,-93
111000278,498,175,323
111000291,746,4588,-3842
111000298,436,132,304
111000299,542,102,440
111000300,73,398,-325
111000302,236,72,164
111000303,94,141,-47
111000312,80,52,28
111000315,11,74,-63
111000320,197,398,-201
111000321,254,98,156
111000322,235,292,-57
111000323,185,26,159
111000324,276,152,124
111000325,35,38,-3
111000326,129,213,-84
111000327,363,208,155
111000328,190,423,-233
111000329,0,28,-28
111000330,71,5,66
111000331,15,6,9
111000332,382,1011,-629
111000334,256,871,-615
111000335,1132,182,950
111000337,1038,293,745
111000338,110,83,27
111000339,451,161,290
111000340,218,411,-193
111000341,1126,402,724
111000342,136,559,-423
111000344,777,411,366
111000345,115,77,38
111000346,26,122,-96
111000347,108,9,99
111000350,181,88,93
111000351,114,200,-86
111000352,146,67,79
111000353,84,173,-89
111000354,336,115,221
111000355,209,364,-155
111000358,164,653,-489
111000360,132,356,-224
111000361,103,160,-57
111000546,586,500,86
111000547,320,427,-107
111000548,102,193,-91
111000549,259,203,56
111000550,89,652,-563
111000551,501,143,358
111000552,622,120,502
111000907,381,10,371
111000908,42,0,42
111000916,1473,149,1324
111000917,21,306,-285
111000918,172,446,-274
111000920,485,11,474
111000921,7,137,-130
111000922,419,177,242
111000924,33,430,-397
111000925,2509,1471,1038
111000926,1005,1300,-295
111000927,2453,3110,-657
111000928,3233,2043,1190
111000929,1231,992,239
111000930,601,1892,-1291
111000931,1630,1901,-271
111000932,2896,1449,1447
111000933,2668,1703,965
111000934,1427,2100,-673
111000935,1205,724,481
111000936,926,1326,-400
111000937,945,1020,-75
111000938,1176,1100,76
111000939,434,39,395
111000940,411,101,310
111000941,347,323,24
111000943,405,195,210
111000944,157,198,-41
111000945,65,1141,-1076
111001109,363,313,50
111001110,127,363,-236
111001111,79,12,67
111001112,74,3,71
111001113,8,142,-134
111001114,434,133,301
111001115,49,424,-375
111001116,3032,2803,229
111001117,411,1631,-1220
111001120,93,138,-45
111001121,168,147,21
111001122,211,285,-74
111001123,256,87,169
111001124,115,95,20
111001125,7,129,-122
111001126,0,0,0
111001127,2,29,-27
111001128,550,420,130
111900001,1,107,-106
111900002,1,337,-336
111900003,1,171,-170
111900004,10,51,-41
111900006,4,19,-15
111900007,84,2,82
111900008,91,0,91
111900009,77,1,76
111900010,263,265,-2
111900012,32,50,-18
111900013,3,15,-12
111900014,2724,3174,-450
111900015,0,34,-34
111900016,1,57,-56
111900017,0,74,-74
111900018,217,5,212
111900019,2,49,-47
111900020,4,27,-23
111900021,36,46,-10
111900022,24,29,-5
111900023,48,40,8
111900024,148,126,22
111900025,0,44,-44
111900026,0,72,-72
111900027,1,78,-77
111900028,0,268,-268
111900029,2,46,-44
111900030,24,200,-176
111900032,1,158,-157
111900033,12,41,-29
111900034,230,280,-50
111900035,56,224,-168
111900036,2,160,-158
111900038,202,290,-88
111900039,53,250,-197
111900040,0,291,-291
111900042,30,70,-40
111900043,1,165,-164
111900044,264,149,115
111900046,24,86,-62
111900048,142,351,-209
111900049,22,128,-106
111900050,100,17,83
111900051,1,138,-137
111900052,327,267,60
111900053,468,998,-530
111900054,124,2,122
111900055,8,182,-174
111900056,95,230,-135
111900057,111,48,63
111900058,529,289,240
111900059,893,457,436
111900060,290,5,285
111900061,5,73,-68
111900062,26,66,-40
111900063,188,186,2
111900064,87,91,-4
111900065,55,9,46
111900066,86,125,-39
111900067,1,200,-199
111900068,55,41,14
111900069,51,12,39
111900070,124,53,71
111900071,0,109,-109
111900072,57,11,46
111900073,764,146,618
111900074,6,80,-74
111900075,73,4,69
111900076,138,63,75
111900077,35,0,35
111900078,181,13,168
111900079,35,25,10
111900080,164,203,-39
111900082,114,30,84
111900083,104,12,92
111900084,92,5,87
111900085,17,96,-79
111900086,35,9,26
111900087,35,2,33
111900088,437,7,430
111900089,67,1,66
111900090,42,20,22
111900091,162,1,161
111900092,119,1,118
111900093,317,4,313
111900094,57,1,56
111900095,145,25,120
111900096,113,2,111
111900097,64,0,64
111900098,256,4,252
111900099,60,0,60
111900100,112,5,107
111900101,65,23,42
111900102,434,427,7
111900103,38,64,-26
111900104,91,34,57
111900105,140,113,27
111900106,446,22,424
111900110,1102,254,848
111900111,95,5,90
111900112,269,2122,-1853
111900113,142,61,81
111900118,224,66,158
111900119,216,71,145
111900122,58,28,30
111900123,36,18,18
111900124,12,33,-21
111900125,349,44,305
111900126,222,4,218
111900127,1,475,-474
111900128,6,311,-305
111900129,204,11,193
111900130,88,23,65
111900131,422,2,420
111900132,17,545,-528
111900133,17,201,-184
111900134,4,122,-118
111900135,10,14,-4
111900136,66,127,-61
111900137,38,40,-2
111900138,10,33,-23
111900139,14,42,-28
111900140,90,29,61
111900141,47,17,30
111900142,108,28,80
111900143,27,34,-7
111900144,2,48,-46
111900145,1,235,-234
111900146,0,171,-171
111900147,80,216,-136
111900148,15,343,-328
111900149,5,164,-159
111900150,10,78,-68
111900151,3,25,-22
111900152,70,48,22
111900153,686,525,161
111900154,8,228,-220
111900155,34,45,-11
111900156,39,49,-10
111900157,147,12,135
111900158,415,40,375
111900159,261,18,243
111900160,249,1,248
111900161,144,0,144
111900162,37,122,-85
111900163,17,117,-100
111900164,52,40,12
111901113,324,153,171
111901114,104,255,-151
111901115,37,2,35
111901116,34,1,33
111901117,14,25,-11
111901118,46,124,-78
111901119,361,33,328
111901121,83,107,-24
111901122,4,251,-247
111901123,96,143,-47
111901124,171,2,169
111901125,420,176,244
111901127,341,294,47
111901128,13,33,-20
111901129,10,54,-44
111901130,7,86,-79
111901131,2,157,-155
111901132,81,46,35
111901133,25,2,23
111901134,45,3,42
111901135,21,3,18
111901138,181,28,153
111901139,11,12,-1
111901140,2,49,-47
111901141,7,80,-73
111901142,2,66,-64
111901143,2,42,-40
111901144,39,27,12
111901145,111,228,-117
111901146,237,12,225
111901147,252,165,87
111901148,12,31,-19
111901149,4,9,-5
111901150,17,0,17
111901151,0,0,0
111901152,8,12,-4
112000001,1286,512,774
112000002,529,1352,-823
112000003,1091,742,349
112000004,445,520,-75
112000005,2700,3003,-303
112000006,1608,948,660
112000007,2558,1753,805
112000008,1652,2785,-1133
112000009,2143,1759,384
112000010,2090,2493,-403
112000011,1121,1117,4
112000012,2892,3360,-468
112000013,2434,1915,519
112000014,1778,2039,-261
112000015,2090,2315,-225
112000016,3234,1261,1973
112000017,1448,2091,-643
112000024,1653,556,1097
112000026,1812,2271,-459
112000027,525,465,60
112000028,754,860,-106
112000029,444,467,-23
112000030,79,61,18
112000031,841,2969,-2128
112000032,104,31,73
112000033,1442,1626,-184
112000034,139,33,106
112000035,57,276,-219
112000036,483,719,-236
112000037,1141,645,496
112000038,1157,737,420
112000039,110,47,63
112000040,49,155,-106
112000041,287,292,-5
112000042,713,286,427
112000050,1012,1002,10
112000051,739,1013,-274
112000054,912,958,-46
112000057,315,213,102
112000058,191,282,-91
112000059,278,404,-126
112000061,1838,998,840
112000062,1150,636,514
112000063,652,1506,-854
112000064,2414,3028,-614
112000065,1236,1543,-307
112000066,2860,1160,1700
112000067,538,472,66
112000068,2408,2242,166
112000069,512,1166,-654
112000070,1536,688,848
112000071,589,1562,-973
112000072,1789,579,1210
112000073,938,1336,-398
112000074,1025,784,241
112000075,1242,908,334
112000076,2491,1676,815
112000077,594,384,210
112000078,1563,440,1123
112000079,1159,940,219
112000080,620,505,115
112000081,969,1594,-625
112000082,1019,533,486
112000083,481,758,-277
112000084,1082,601,481
112000085,907,577,330
112000086,1395,877,518
112000087,471,507,-36
112000088,659,278,381
112000089,215,242,-27
112000090,173,177,-4
112000091,501,615,-114
112000092,1614,840,774
112000093,1355,647,708
112000094,615,682,-67
112000095,507,555,-48
112000096,487,509,-22
112000097,985,455,530
112000098,600,561,39
112000099,521,1259,-738
112000100,1485,592,893
112000101,428,560,-132
112000102,1148,475,673
112000103,283,566,-283
112000105,637,939,-302
112000106,1658,373,1285
112000107,77,148,-71
112000108,335,907,-572
112000109,171,79,92
112000110,1523,483,1040
112000111,639,1685,-1046
112000112,2121,440,1681
112000113,587,1105,-518
112000114,1579,649,930
112000115,336,369,-33
112000116,438,587,-149
112000117,990,698,292
112000118,698,567,131
112000119,347,458,-111
112000120,63,212,-149
112000121,82,257,-175
112000122,243,126,117
112000123,661,167,494
112000124,346,70,276
112000125,240,190,50
112000126,248,286,-38
112000127,1286,1432,-146
112000128,424,403,21
112000129,120,74,46
112000130,197,73,124
112000131,68,224,-156
112000132,136,197,-61
112000133,293,116,177
112000134,316,248,68
112000135,935,611,324
112000136,686,1001,-315
112000137,1110,1206,-96
112000138,1116,818,298
112000139,590,448,142
112000140,722,751,-29
112000141,765,313,452
112000142,133,408,-275
112000143,912,197,715
112000144,260,609,-349
112000145,2120,411,1709
112000146,477,1103,-626
112000147,2347,1422,925
112000148,1280,1289,-9
112000149,393,341,52
112000150,186,390,-204
112000151,326,245,81
112000152,301,264,37
112000153,172,167,5
112000154,103,126,-23
112000155,89,64,25
112000157,424,350,74
112000158,277,263,14
112000159,411,244,167
112000167,294,98,196
112000169,166,296,-130
112000173,558,110,448
112000175,281,224,57
112000176,1406,1219,187
112000177,540,141,399
112000178,75,195,-120
112000179,178,69,109
112000180,229,243,-14
112000181,1023,1044,-21
112000182,964,810,154
112000183,41,31,10
112000184,354,191,163
112000185,454,347,107
112000187,2694,1713,981
112000195,99,5,94
112000196,139,2,137
112000197,87,96,-9
112000198,34,219,-185
112000199,764,606,158
112000202,390,3,387
112000216,38,152,-114
112000230,59,7,52
112000231,3,155,-152
112000256,45,193,-148
112000313,62,101,-39
112000314,48,23,25
112000337,191,411,-220
112000352,161,260,-99
112000392,939,813,126
112000398,1148,622,526
112000399,1120,1850,-730
112000400,1207,1730,-523
112000401,1938,1210,728
112000402,2331,2507,-176
112000403,1166,2461,-1295
112000404,796,588,208
112000405,1699,2181,-482
112000406,1968,1335,633
112000407,6157,5977,180
112000408,5385,3750,1635
112000409,1233,2540,-1307
112000410,291,300,-9
112000411,2311,1117,1194
112000412,1113,398,715
112000413,4896,4588,308
112000414,75,54,21
112000415,70,28,42
112000416,2225,986,1239
112000417,231,56,175
112000421,44,113,-69
112000422,271,198,73
112000424,1312,1953,-641
112000425,265,576,-311
112000426,138,205,-67
112000427,2,18,-16
112000428,205,258,-53
112000429,1537,1491,46
112000430,1543,1938,-395
112000431,89,101,-12
112000432,469,792,-323
112000433,199,412,-213
112000437,39,122,-83
112900001,53,1,52
112900002,364,578,-214
112900003,51,262,-211
112900004,22,166,-144
112900005,166,119,47
112900007,19,80,-61
112900008,1,29,-28
112900009,208,95,113
112900010,371,562,-191
112900011,100,138,-38
112900012,5,37,-32
112900013,3,91,-88
112900014,7,171,-164
112900015,278,448,-170
112900016,3,154,-151
112900017,21,100,-79
112900018,262,453,-191
112900019,22,86,-64
112900020,221,698,-477
112900021,16,160,-144
112900022,10,33,-23
112900023,0,110,-110
112900024,22,159,-137
112900025,58,147,-89
112900026,3,121,-118
112900027,5,638,-633
112900028,17,68,-51
112900029,16,331,-315
112900030,72,68,4
112900031,0,303,-303
112900032,131,230,-99
112900034,1,24,-23
112900035,5,280,-275
112900036,34,112,-78
112900037,91,190,-99
112900038,419,124,295
112900039,3,200,-197
112900040,5,222,-217
112900041,404,631,-227
112900042,96,180,-84
112900043,28,36,-8
112900044,362,271,91
112900045,200,256,-56
112900046,107,36,71
112900047,16,29,-13
112900049,244,57,187
112900050,25,265,-240
112900051,222,313,-91
112900052,5,551,-546
112900053,271,70,201
112900054,137,36,101
112900055,50,23,27
112900056,185,113,72
112900057,17,282,-265
112900058,210,290,-80
112900059,82,78,4
112900060,14,89,-75
112900061,77,76,1
112900062,97,75,22
112900063,113,8,105
112900064,113,111,2
112900065,23,34,-11
112900066,162,177,-15
112900067,255,91,164
112900068,36,35,1
112900069,1042,568,474
112900071,34,13,21
112900072,85,1772,-1687
112900073,272,66,206
112900074,62,255,-193
112900075,741,706,35
112900076,47,23,24
112900078,188,308,-120
112900079,184,23,161
112900080,54,3,51
112900081,45,183,-138
112900082,426,43,383
112900083,91,80,11
112900084,179,100,79
112900086,114,0,114
112900087,693,122,571
112900088,118,9,109
112900089,636,30,606
112900090,68,30,38
112900091,195,4,191
112900092,80,279,-199
112900093,870,22,848
112900095,56,1,55
112900096,444,119,325
112900097,45,224,-179
112900098,94,3,91
112900099,740,12,728
112900100,45,0,45
112900101,366,1,365
112900102,88,10,78
112900103,150,6,144
112900104,576,2,574
112900105,20,0,20
112900106,293,87,206
112900107,4,1,3
112900108,7,0,7
112900109,97,0,97
112900110,1072,15,1057
112900111,539,2,537
112900112,275,3,272
112900113,0,14,-14
112900114,147,28,119
112900115,1213,2,1211
112900116,97,5,92
112900117,84,47,37
112900118,20,59,-39
112900119,168,5,163
112900120,546,192,354
112900121,71,88,-17
112900122,18,49,-31
112900123,55,17,38
112900124,10,45,-35
112900125,34,248,-214
112900126,124,120,4
112900127,321,90,231
112900128,220,424,-204
112900129,1,425,-424
112900130,182,82,100
112900131,24,152,-128
112900132,82,313,-231
112900133,13,704,-691
112900134,0,122,-122
112900135,66,22,44
112900137,54,361,-307
112900138,4,127,-123
112900139,126,729,-603
112900141,448,37,411
112900142,30,170,-140
112900143,30,307,-277
112900144,2,475,-473
112900145,23,281,-258
112900146,0,675,-675
112900147,4,1054,-1050
112900148,38,1,37
112900149,145,377,-232
112900151,27,51,-24
112900152,2683,496,2187
112900153,1259,1795,-536
112900154,0,94,-94
112900155,154,21,133
112900156,426,828,-402
112900157,209,35,174
112900158,64,6,58
112900159,141,73,68
112900160,54,159,-105
112900161,89,43,46
112900162,34,13,21
112900163,65,36,29
112900164,26,181,-155
112900165,139,16,123
112900166,14,48,-34
112900167,8,54,-46
112900168,3,2,1
112900169,10,12,-2
112900170,111,63,48
112900172,34,8,26
112900173,118,56,62
112900174,179,50,129
112900175,120,118,2
112900176,6,39,-33
112900177,192,47,145
112900178,581,2082,-1501
112900179,20,228,-208
112900180,1283,854,429
112900181,418,5,413
112900182,47,564,-517
112900183,78,197,-119
112900184,344,215,129
112900185,114,368,-254
112900186,672,652,20
112900187,66,351,-285
112900188,390,454,-64
112900189,2,18,-16
112900190,11,20,-9
112900192,421,449,-28
112900193,753,256,497
112900194,50,34,16
112900195,576,37,539
112900196,186,248,-62
112900197,128,255,-127
112900199,394,193,201
112900200,406,155,251
112900201,119,74,45
112900202,319,452,-133
112900203,210,181,29
112900204,720,441,279
112900205,30,21,9
112900206,52,95,-43
112900207,18,0,18
112900208,68,234,-166
112900209,378,229,149
112900210,1,15,-14
112900211,58,10,48
112900212,2,84,-82
112900213,45,13,32
112900214,16,9,7
112900215,7,117,-110
112900216,22,37,-15
112900217,0,78,-78
112900218,81,0,81
112900219,66,0,66
112900220,0,0,0
112900221,6,58,-52
112900222,0,54,-54
112900223,674,15,659
112900224,229,275,-46
112900225,375,189,186
112900226,84,190,-106
112900227,269,311,-42
112900228,54,27,27
112900229,154,19,135
112900230,3807,2230,1577
112900232,176,128,48
112900233,52,114,-62
112900234,13,25,-12
112900235,95,32,63
112900236,234,13,221
112900237,235,197,38
112900238,12,13,-1
112900239,684,387,297
112900240,3,35,-32
112900241,7,42,-35
112900242,5,90,-85
112900243,4,85,-81
112900244,13,47,-34
112900245,0,20,-20
112900246,0,8,-8
112900247,89,29,60
112900248,13,0,13
112900249,18,2,16
112900250,67,13,54
112900251,37,9,28
112900252,52,8,44
112900253,26,3,23
112900254,11,5,6
112900255,2,29,-27
112900256,4,44,-40
112900257,14,15,-1
112900258,24,23,1
113000001,3748,3036,712
113000002,2640,2223,417
113000003,1307,1062,245
113000004,1227,1485,-258
113000005,1184,677,507
113000006,776,791,-15
113000007,1251,698,553
113000008,1043,1031,12
113000009,780,522,258
113000010,902,838,64
113000011,637,864,-227
113000012,1338,459,879
113000013,746,503,243
113000014,939,899,40
113000015,164,107,57
113000016,189,406,-217
113000017,30,267,-237
113000018,270,34,236
113000019,82,294,-212
113000020,432,77,355
113000021,764,439,325
113000022,563,871,-308
113000025,119,224,-105
113000026,407,388,19
113000027,375,607,-232
113000028,407,410,-3
113000029,559,515,44
113000030,227,309,-82
113000031,153,175,-22
113000032,162,211,-49
113000033,177,290,-113
113000034,186,213,-27
113000035,22,29,-7
113000036,14,38,-24
113000037,34,20,14
113000038,4,35,-31
113000039,19,233,-214
113000040,51,63,-12
113000042,485,387,98
113000051,696,1626,-930
113000052,1527,480,1047
113000053,376,265,111
113000054,226,474,-248
113000055,1010,369,641
113000056,811,698,113
113000058,541,606,-65
113000059,830,407,423
113000060,150,359,-209
113000061,446,543,-97
113000062,414,202,212
113000063,167,77,90
113000064,63,169,-106
113000065,150,515,-365
113000066,594,82,512
113000067,1658,767,891
113000068,300,703,-403
113000069,444,709,-265
113000070,1877,747,1130
113000071,314,382,-68
113000072,585,340,245
113000073,230,805,-575
113000074,728,264,464
113000075,1190,484,706
113000076,478,1704,-1226
113000077,737,484,253
113000078,482,1382,-900
113000079,392,639,-247
113000080,604,561,43
113000081,512,716,-204
113000082,699,473,226
113000083,483,612,-129
113000084,1073,691,382
113000085,609,571,38
113000086,860,825,35
113000087,718,777,-59
113000088,1387,741,646
113000089,701,1130,-429
113000090,155,377,-222
113000091,389,316,73
113000094,900,181,719
113000095,194,552,-358
113000096,96,510,-414
113000097,817,262,555
113000098,79,28,51
113000099,760,308,452
113000100,133,286,-153
113000101,279,402,-123
113000102,435,412,23
113000103,1251,281,970
113000104,383,1496,-1113
113000105,631,242,389
113000106,280,231,49
113000107,677,519,158
113000108,571,732,-161
113000109,466,1011,-545
113000110,1438,287,1151
113000111,183,386,-203
113000112,294,197,97
113000113,817,252,565
113000114,193,849,-656
113000116,424,222,202
113000117,605,85,520
113000118,63,355,-292
113000119,283,236,47
113000120,80,156,-76
113000121,341,617,-276
113000124,161,91,70
113000125,42,653,-611
113000127,1521,193,1328
113000128,499,218,281
113000129,324,494,-170
113000133,1418,767,651
113000134,9,748,-739
113000135,3078,3153,-75
113000137,1202,2332,-1130
113000139,209,157,52
113000140,67,129,-62
113000141,129,148,-19
113000142,314,578,-264
113000143,152,144,8
113000144,206,385,-179
113000145,31,64,-33
113000146,63,55,8
113000147,130,57,73
113000148,118,85,33
113000149,59,76,-17
113000150,304,235,69
113000151,43,47,-4
113000152,27,61,-34
113000153,826,336,490
113000154,437,934,-497
113000155,254,404,-150
113000156,114,256,-142
113000157,236,512,-276
113000158,481,172,309
113000159,595,477,118
113000160,479,579,-100
113000161,302,237,65
113000162,505,212,293
113000163,87,34,53
113000164,28,44,-16
113000166,148,65,83
113000167,48,38,10
113000168,42,42,0
113000169,178,63,115
113000170,75,92,-17
113000171,27,64,-37
113000172,184,45,139
113000173,82,11,71
113000174,56,269,-213
113000175,229,96,133
113000176,362,121,241
113000177,148,223,-75
113000178,117,169,-52
113000179,196,144,52
113000180,348,871,-523
113000181,986,627,359
113000182,129,244,-115
113000183,77,460,-383
113000184,23,55,-32
113000189,261,532,-271
113000190,384,297,87
113000192,818,2140,-1322
113000193,1609,1846,-237
113000194,815,882,-67
113000195,1125,969,156
113000196,124,68,56
113000197,929,859,70
113000198,87,183,-96
113000199,888,279,609
113000201,171,265,-94
113000202,2979,621,2358
113000203,163,158,5
113000204,623,1779,-1156
113000205,17,19,-2
113000206,5,21,-16
113000207,44,12,32
113000208,36,26,10
113000209,6,15,-9
113000210,6,12,-6
113000211,155,222,-67
113000212,70,33,37
113000213,14,71,-57
113000214,131,164,-33
113000234,129,545,-416
113000410,76,125,-49
113000411,1511,2542,-1031
113000412,3599,1664,1935
113000413,1389,1903,-514
113000414,3371,8616,-5245
113000415,1443,1510,-67
113000416,4252,2483,1769
113000417,1264,1527,-263
113000418,3102,2505,597
113000419,1030,1093,-63
113000420,2857,3897,-1040
113000421,2597,4459,-1862
113000422,6897,6450,447
113000423,1199,3353,-2154
113000424,1687,6466,-4779
113000425,2,55,-53
113000428,13,6,7
113000430,5,34,-29
113000432,1653,166,1487
113000433,91,500,-409
113000434,10,71,-61
113000435,33,339,-306
113000436,25,714,-689
113000437,813,38,775
113000438,191,4,187
113000439,25,58,-33
113000440,119,24,95
113000441,150,154,-4
113000442,110,103,7
113000443,229,89,140
113000444,144,87,57
113000445,102,78,24
113000446,27,61,-34
113000448,184,118,66
113000449,130,564,-434
113000450,412,1308,-896
113000451,982,162,820
113000452,158,282,-124
113000453,47,260,-213
113000454,347,81,266
113000455,26,299,-273
113000456,2227,1570,657
113000468,894,101,793
113000469,36,56,-20
113000470,256,14,242
113000471,16,248,-232
113000472,87,225,-138
113000474,574,412,162
113000475,1044,997,47
113000476,1208,1435,-227
113000477,2577,1523,1054
113000478,2517,3137,-620
113000479,41,125,-84
113000485,1,0,1
113000486,0,0,0
113000487,0,0,0
113000488,0,0,0
113000489,0,0,0
113000490,0,0,0
113000491,1,0,1
113000492,1,1,0
113000493,0,0,0
113000495,126,97,29
113000496,97,98,-1
113900001,0,197,-197
113900002,0,45,-45
113900003,0,33,-33
113900004,2,38,-36
113900005,3,28,-25
113900006,0,19,-19
113900007,10,2,8
113900008,4,0,4
113900009,28,0,28
113900010,19,1,18
113900011,29,0,29
113900012,21,0,21
113900013,78,1,77
113900014,357,1,356
113900015,4,36,-32
113900016,5,0,5
113900017,4,19,-15
113900018,252,147,105
113900019,105,38,67
113900020,97,1,96
113900022,9,0,9
113900023,12,0,12
113900024,44,21,23
113900025,142,6,136
113900026,23,1,22
113900027,15,38,-23
113900028,26,287,-261
113900029,56,115,-59
113900030,206,1,205
113900031,11,1,10
113900032,18,0,18
113900033,65,30,35
113900035,35,0,35
113900036,17,48,-31
113900037,146,288,-142
113900038,38,75,-37
113900039,89,3,86
113900040,2,8,-6
113900041,5,3,2
113900042,56,37,19
113900043,100,81,19
113900044,229,207,22
113900045,37,1,36
113900046,142,399,-257
113900047,59,76,-17
113900048,148,69,79
113900049,401,235,166
113900050,128,198,-70
113900051,166,233,-67
113900052,84,126,-42
113900053,344,293,51
113900054,5,0,5
113900055,42,250,-208
113900056,55,75,-20
113900057,5,34,-29
113900058,43,83,-40
113900059,166,180,-14
113900060,73,290,-217
113900061,443,140,303
113900062,65,3,62
113900063,46,63,-17
113900064,11,67,-56
113900065,301,12,289
113900066,289,162,127
113900067,77,120,-43
113900068,296,306,-10
113900069,7,19,-12
113900070,106,293,-187
113900071,36,52,-16
113900072,28,81,-53
113900073,233,234,-1
113900074,153,284,-131
113900075,905,854,51
113900076,81,8,73
113900077,29,126,-97
113900078,30,37,-7
113900079,2,22,-20
113900080,298,119,179
113900081,37,83,-46
113900082,100,121,-21
113900083,235,174,61
113900084,162,69,93
113900085,41,147,-106
113900086,37,15,22
113900087,88,75,13
113900088,56,100,-44
113900089,208,25,183
113900090,366,216,150
113900091,16,8,8
113900092,39,56,-17
113900093,55,557,-502
113900094,272,174,98
113900095,80,88,-8
113900096,217,33,184
113900097,25,49,-24
113900098,433,51,382
113900099,0,12,-12
113900100,0,1,-1
113900101,11,42,-31
113900102,76,131,-55
113900103,192,208,-16
113900104,84,132,-48
113900105,100,112,-12
113900106,0,40,-40
113900107,2,7,-5
113900108,167,151,16
113900109,186,123,63
113900110,19,15,4
113900111,106,53,53
113900112,95,33,62
113900113,633,265,368
113900114,1,33,-32
113900115,2,50,-48
113900116,83,82,1
113900117,64,26,38
113900118,160,238,-78
113900119,122,231,-109
113900120,60,40,20
113900121,45,54,-9
113900122,211,1487,-1276
113900123,258,129,129
113900124,0,39,-39
113900125,536,81,455
113900126,64,32,32
113900127,195,504,-309
113900128,109,66,43
113900129,6,110,-104
113900130,1,53,-52
113900131,147,40,107
113900132,70,54,16
113900133,21,75,-54
113900135,198,186,12
113900136,75,48,27
113900137,217,166,51
113900138,13,62,-49
113900139,158,157,1
113900140,122,201,-79
113900141,423,196,227
113900142,104,35,69
113900143,8,30,-22
113900144,133,193,-60
113900145,279,117,162
113900146,107,33,74
113900148,68,175,-107
113900149,107,52,55
113900150,233,229,4
113900151,261,104,157
113900152,26,19,7
113900153,91,233,-142
113900154,1,77,-76
113900155,130,131,-1
113900156,127,242,-115
113900157,30,181,-151
113900158,165,251,-86
113900159,16,184,-168
113900160,393,378,15
113900161,46,164,-118
113900162,255,535,-280
113900163,121,154,-33
113900164,213,40,173
113900165,559,216,343
113900166,78,85,-7
113900167,224,28,196
113900168,81,56,25
113900169,146,200,-54
113900171,130,63,67
113900172,7,111,-104
113900173,18,365,-347
113900174,369,349,20
113900175,222,80,142
113900176,225,314,-89
113900177,306,81,225
113900178,243,87,156
113900179,18,237,-219
113900180,100,53,47
113900181,438,84,354
113900182,470,576,-106
113900183,29,51,-22
113900184,11,199,-188
113900185,130,58,72
113900186,18,11,7
113900187,23,94,-71
113900188,15,78,-63
113900189,156,100,56
113900190,133,62,71
113900191,44,120,-76
113900192,1031,1278,-247
113900193,12,132,-120
113900194,808,640,168
113900195,197,190,7
113900196,8,61,-53
113900197,1,81,-80
113900198,15,196,-181
113900199,79,448,-369
113900200,5,93,-88
113900201,0,116,-116
113900202,18,87,-69
113900203,8,43,-35
113900204,21,285,-264
113900205,5,54,-49
113900206,2,75,-73
113900207,5,30,-25
113900208,0,36,-36
113900209,0,24,-24
113900210,381,457,-76
113900211,138,38,100
113900212,160,253,-93
113900214,204,279,-75
113900215,33,60,-27
113900216,77,411,-334
113900217,57,133,-76
113900218,111,66,45
113900219,72,225,-153
113900220,73,93,-20
113900221,189,150,39
113900222,708,562,146
113900223,144,558,-414
113900224,65,42,23
113900225,469,147,322
113900226,224,69,155
113900227,225,97,128
113900228,169,245,-76
113900229,40,540,-500
113900230,2100,1960,140
113900231,99,88,11
113900232,42,45,-3
113900233,47,28,19
113900234,185,258,-73
113900235,56,13,43
113900236,152,181,-29
113900237,157,6,151
113900238,145,280,-135
113900239,28,73,-45
113900240,6,114,-108
113900241,96,24,72
113900242,41,71,-30
113900243,80,265,-185
113900244,170,97,73
113900245,762,175,587
113900246,7,14,-7
113900247,116,298,-182
113900248,1403,1092,311
113900249,536,339,197
113900250,34,113,-79
113900251,553,124,429
113900252,387,10,377
113900253,387,38,349
113900254,490,73,417
113900255,337,8,329
113900256,255,14,241
113900257,14,287,-273
113900258,6,208,-202
113900259,354,54,300
113900260,133,6,127
113900261,21,55,-34
113900262,132,272,-140
113900263,83,471,-388
113900264,2,250,-248
113900265,111,185,-74
113900266,26,83,-57
113900267,74,319,-245
113900268,192,348,-156
113900269,60,83,-23
113900270,205,429,-224
113900271,466,644,-178
113900273,29,9,20
113900274,60,31,29
113900275,28,49,-21
113900276,1,84,-83
113900277,109,2,107
113900278,194,133,61
113900279,33,51,-18
113900280,1036,340,696
113900281,341,842,-501
113900282,353,303,50
113900283,268,381,-113
113900284,535,115,420
113900285,72,40,32
113900286,24,64,-40
113900287,33,17,16
113900288,2,75,-73
113900289,464,71,393
113900290,164,169,-5
113900291,74,96,-22
113900292,5,3,2
113900293,2,130,-128
113900294,384,18,366
113900295,258,327,-69
113900296,690,175,515
113900297,1425,27,1398
113900298,9,1242,-1233
113900299,69,87,-18
113900300,1489,1145,344
113900301,443,286,157
113900302,1422,637,785
113900303,312,260,52
113900304,2,77,-75
113900305,88,0,88
113900306,25,2,23
113900307,24,0,24
113900308,29,71,-42
113900309,0,321,-321
113900310,1,8,-7
113900311,7,3,4
113900312,129,182,-53
113900313,4,4,0
113900314,0,2,-2
113900315,33,0,33
114000001,747,1372,-625
114000002,209,255,-46
114000003,169,601,-432
114000004,286,261,25
114000005,201,142,59
114000006,1506,1302,204
114000007,505,641,-136
114000008,849,1121,-272
114000009,555,203,352
114000011,2139,1511,628
114000012,2058,1373,685
114000013,1397,1227,170
114000014,501,288,213
114000015,1398,252,1146
114000016,151,138,13
114000017,64,241,-177
114000018,127,20,107
114000026,1592,800,792
114000027,2338,1383,955
114000028,1753,1962,-209
114000038,175,148,27
114000039,171,146,25
114000040,71,153,-82
114000042,152,111,41
114000043,289,210,79
114000044,237,117,120
114000045,45,50,-5
114000046,2037,3030,-993
114000047,4,59,-55
114000048,82,107,-25
114000049,939,888,51
114000050,1031,1318,-287
114000051,1799,1477,322
114000052,2606,1687,919
114000053,39,627,-588
114000054,118,546,-428
114000055,166,34,132
114000056,405,625,-220
114000057,3095,1270,1825
114000058,243,951,-708
114000059,131,226,-95
114000060,333,512,-179
114000061,1752,1890,-138
114000062,1090,974,116
114000063,1623,1047,576
114000064,3045,2555,490
114000065,1004,1348,-344
114000066,334,417,-83
114000067,27,538,-511
114000068,396,418,-22
114000069,464,367,97
114000070,1567,1301,266
114000071,462,253,209
114000072,324,157,167
114000073,8,38,-30
114000074,38,20,18
114000075,61,55,6
114000076,31,56,-25
114000077,3,12,-9
114000078,215,346,-131
114000079,95,20,75
114000080,60,39,21
114000081,61,45,16
114000082,57,209,-152
114000083,53,119,-66
114000084,193,74,119
114000085,51,349,-298
114000086,159,233,-74
114000087,101,86,15
114000088,40,11,29
114000089,429,223,206
114000090,578,565,13
114000091,886,509,377
114000092,595,291,304
114000093,898,443,455
114000094,291,273,18
114000095,161,143,18
114000096,57,124,-67
114000097,94,245,-151
114000098,468,95,373
114000099,494,313,181
114000100,1241,392,849
114000101,389,367,22
114000102,485,230,255
114000103,95,226,-131
114000104,66,140,-74
114000105,130,43,87
114000106,453,774,-321
114000107,353,70,283
114000108,1303,644,659
114000109,490,1192,-702
114000110,453,778,-325
114000111,1271,581,690
114000112,463,1480,-1017
114000113,1344,388,956
114000114,981,963,18
114000115,1938,800,1138
114000116,699,1479,-780
114000117,2329,438,1891
114000118,1967,327,1640
114000119,1493,367,1126
114000120,514,495,19
114000121,318,524,-206
114000122,284,230,54
114000123,1593,263,1330
114000124,683,192,491
114000125,616,712,-96
114000126,1232,134,1098
114000127,202,108,94
114000128,662,223,439
114000130,439,365,74
114000131,178,58,120
114000132,441,314,127
114000133,553,710,-157
114000134,55,67,-12
114000138,41,146,-105
114000139,316,272,44
114000144,603,426,177
114000145,60,101,-41
114000146,96,110,-14
114000147,1025,1567,-542
114000148,1350,1263,87
114000149,276,232,44
114000150,895,912,-17
114000151,1041,1698,-657
114000152,97,36,61
114000153,676,1861,-1185
114000154,449,643,-194
114000155,926,1601,-675
114000156,484,487,-3
114000157,278,832,-554
114000158,949,423,526
114000159,174,345,-171
114000160,60,222,-162
114000161,918,1973,-1055
114000162,887,1866,-979
114000163,16,58,-42
114000165,315,277,38
114000166,388,227,161
114000167,1969,1202,767
114000168,486,351,135
114000169,1072,903,169
114000170,988,816,172
114000171,801,3184,-2383
114000174,154,244,-90
114000176,295,335,-40
114000177,1202,516,686
114000178,27,37,-10
114000179,896,548,348
114000180,296,458,-162
114000181,1132,2523,-1391
114000182,1368,1590,-222
114000183,683,651,32
114000184,1910,680,1230
114000185,857,582,275
114000189,827,99,728
114000190,2283,365,1918
114000191,54,58,-4
114000192,104,780,-676
114000193,458,1387,-929
114000194,1203,579,624
114000195,85,45,40
114000196,0,108,-108
114000197,1164,20,1144
114000198,519,259,260
114000199,1238,1063,175
114000200,501,952,-451
114000201,133,554,-421
114000202,572,294,278
114000203,464,469,-5
114000204,147,251,-104
114000205,176,1149,-973
114000206,504,844,-340
114000207,425,977,-552
114000208,346,1253,-907
114000209,417,1194,-777
114000210,162,694,-532
114000211,848,1185,-337
114000212,551,641,-90
114000213,1152,461,691
114000214,57,115,-58
114000215,116,51,65
114000216,999,247,752
114000217,306,121,185
114000218,122,148,-26
114000219,966,108,858
114000220,22,593,-571
114000221,616,86,530
114000222,97,576,-479
114000223,394,110,284
114000224,41,360,-319
114000225,200,339,-139
114000226,126,146,-20
114000227,648,317,331
114000228,642,427,215
114000229,946,799,147
114000230,1360,741,619
114000231,619,1022,-403
114000232,599,104,495
114000233,1566,123,1443
114000234,905,593,312
114000235,730,860,-130
114000236,0,199,-199
114000237,117,518,-401
114000238,171,176,-5
114000239,161,719,-558
114000240,597,755,-158
114000241,201,598,-397
114000242,598,572,26
114000243,1336,664,672
114000244,674,265,409
114000245,371,730,-359
114000246,109,31,78
114000247,761,436,325
114000248,929,417,512
114000249,486,399,87
114000250,483,393,90
114000251,312,121,191
114000252,43,46,-3
114000253,72,60,12
114000254,36,35,1
114000255,352,138,214
114000256,642,1378,-736
114000257,426,882,-456
114000258,306,284,22
114000259,106,263,-157
114000260,1,28,-27
114000261,37,18,19
114000262,202,100,102
114000263,9,1,8
114000264,795,273,522
114000265,0,0,0
114000267,5,1261,-1256
114000268,0,822,-822
114000270,146,19,127
114000271,241,42,199
114000283,1120,290,830
114000285,20,111,-91
114000288,71,225,-154
114000289,1010,149,861
114000293,118,296,-178
114000294,129,155,-26
114000395,1214,32,1182
114000396,462,375,87
114000402,384,163,221
114000403,187,180,7
114000405,144,229,-85
114000423,294,209,85
114000424,354,92,262
114000425,643,181,462
114000426,255,626,-371
114000427,31,38,-7
114000428,126,117,9
114000429,3,87,-84
114000432,89,42,47
114000434,21,59,-38
114000435,3,113,-110
114900001,496,519,-23
114900002,309,118,191
114900003,597,692,-95
114900004,197,310,-113
114900005,447,420,27
114900006,58,36,22
114900007,203,15,188
114900008,98,66,32
114900010,1198,1419,-221
114900011,144,95,49
114900013,146,87,59
114900018,554,21,533
114900020,120,86,34
114900022,0,413,-413
114900025,349,126,223
114900026,81,78,3
114900029,135,16,119
114900030,231,119,112
114900031,282,24,258
114900032,250,14,236
114900034,58,138,-80
114900035,68,207,-139
114900036,157,355,-198
114900039,391,299,92
114900040,82,101,-19
114900041,601,264,337
114900042,678,346,332
114900044,103,22,81
114900047,160,1552,-1392
114900048,76,174,-98
114900049,32,150,-118
114900050,31,220,-189
114900051,14,242,-228
114900052,30,272,-242
114900053,77,220,-143
114900054,23,73,-50
114900057,118,8,110
114900058,1,50,-49
114900059,45,37,8
114900063,48,124,-76
114900064,1304,249,1055
114900065,360,425,-65
114900067,27,294,-267
114900068,47,146,-99
114900069,114,82,32
114900070,458,207,251
114900072,3,192,-189
114900073,0,107,-107
114900074,472,359,113
114900075,169,4,165
114900076,5,153,-148
114900080,1048,195,853
114900082,2169,1860,309
114900083,770,710,60
114900090,246,112,134
114900091,70,105,-35
114900097,164,1,163
114900098,6,144,-138
114900099,161,4,157
115000001,3456,2133,1323
115000002,2829,3439,-610
115000003,3225,1677,1548
115000004,3192,4541,-1349
115000005,1196,1274,-78
115000006,855,1229,-374
115000007,198,151,47
115000008,423,402,21
115000009,144,161,-17
115000010,271,169,102
115000013,47,158,-111
115000015,67,209,-142
115000016,22,120,-98
115000019,37,372,-335
115000020,90,542,-452
115000021,208,354,-146
115000022,404,273,131
115000023,299,456,-157
115000024,659,304,355
115000025,698,528,170
115000026,112,265,-153
115000027,170,188,-18
115000028,149,536,-387
115000029,490,59,431
115000030,582,758,-176
115000031,1120,168,952
115000032,7,259,-252
115000033,146,20,126
115000034,49,804,-755
115000035,727,39,688
115000036,2,226,-224
115000037,419,5,414
115000038,36,144,-108
115000039,2374,2777,-403
115000040,3501,1955,1546
115000041,1044,2751,-1707
115000042,507,386,121
115000043,3157,1654,1503
115000044,2775,2414,361
115000045,1806,950,856
115000046,2020,1743,277
115000047,2029,1133,896
115000048,1420,1346,74
115000049,1173,1972,-799
115000050,2360,1339,1021
115000051,1300,2333,-1033
115000052,1536,1141,395
115000053,1391,1205,186
115000054,468,806,-338
115000055,192,1001,-809
115000056,252,477,-225
115000057,485,1335,-850
115000058,267,346,-79
115000059,163,168,-5
115000061,122,117,5
115000062,159,221,-62
115000063,289,179,110
115000064,184,57,127
115000065,53,323,-270
115000067,129,5,124
115000069,71,168,-97
115000070,13,524,-511
115000071,78,6,72
115000072,10,48,-38
115000073,998,37,961
115000075,68,38,30
115000076,2136,1547,589
115000077,1519,1259,260
115000078,959,822,137
115000079,1160,1068,92
115000080,1880,1386,494
115000081,342,465,-123
115000082,3138,2456,682
115000083,1402,1068,334
115000084,1721,749,972
115000085,548,541,7
115000086,875,451,424
115000087,348,829,-481
115000088,1280,452,828
115000089,1112,863,249
115000090,363,607,-244
115000091,162,548,-386
115000092,545,300,245
115000093,392,2,390
115000094,4170,3969,201
115000095,2729,4311,-1582
115000096,645,822,-177
115000097,774,648,126
115000098,863,463,400
115000099,1882,1591,291
115000100,896,258,638
115000101,333,846,-513
115000102,367,209,158
115000103,226,399,-173
115000105,75,74,1
115000106,516,199,317
115000107,156,281,-125
115000108,1898,1615,283
115000109,2767,3022,-255
115000110,1011,1027,-16
115000111,404,947,-543
115000112,484,392,92
115000113,446,469,-23
115000114,1270,405,865
115000116,2407,1560,847
115000117,2214,2096,118
115000118,1919,1343,576
115000119,1606,1461,145
115000120,424,842,-418
115000121,797,603,194
115000122,1491,982,509
115000123,845,1428,-583
115000124,613,684,-71
115000125,338,455,-117
115000126,110,215,-105
115000127,221,69,152
115000128,330,547,-217
115000129,184,280,-96
115000130,291,508,-217
115000131,532,210,322
115000132,274,232,42
115000133,526,238,288
115000134,356,193,163
115000135,249,145,104
115000136,186,245,-59
115000137,81,125,-44
115000138,334,236,98
115000139,259,184,75
115000140,361,206,155
115000141,192,131,61
115000142,166,164,2
115000143,672,466,206
115000144,439,35,404
115000145,247,178,69
115000146,286,292,-6
115000147,220,357,-137
115000148,181,494,-313
115000149,425,135,290
115000150,506,408,98
115000151,765,342,423
115000152,605,502,103
115000153,735,414,321
115000154,661,244,417
115000155,419,498,-79
115000156,740,504,236
115000157,390,528,-138
115000158,345,275,70
115000159,416,479,-63
115000160,288,239,49
115000161,71,307,-236
115000162,456,498,-42
115000163,329,451,-122
115000164,497,500,-3
115000165,251,337,-86
115000167,111,73,38
115000168,372,218,154
115000169,344,228,116
115000170,114,123,-9
115000171,246,219,27
115000172,714,411,303
115000173,201,409,-208
115000174,58,208,-150
115000175,118,64,54
115000176,63,71,-8
115000177,55,47,8
115000178,9,118,-109
115000179,41,35,6
115000180,72,354,-282
115000181,441,91,350
115000182,723,149,574
115000183,284,525,-241
115000186,484,187,297
115000187,153,450,-297
115000188,358,332,26
115000189,125,335,-210
115000190,481,291,190
115000191,80,321,-241
115000194,81,105,-24
115000195,199,202,-3
115000196,207,68,139
115000197,202,154,48
115000198,261,108,153
115000199,298,83,215
115000200,265,59,206
115000201,144,207,-63
115000206,266,42,224
115000207,113,186,-73
115000208,242,394,-152
115000209,558,246,312
115000210,103,90,13
115000211,133,158,-25
115000212,822,245,577
115000224,327,53,274
115000225,31,50,-19
115000229,113,89,24
115000230,71,186,-115
115000231,225,780,-555
115000232,1287,175,1112
115000233,91,125,-34
115000234,28,225,-197
115000241,93,116,-23
115000242,70,162,-92
115000243,58,124,-66
115000244,11,79,-68
115000246,64,24,40
115000247,22,17,5
115000248,35,17,18
115000249,24,6,18
115000250,303,28,275
115000251,167,70,97
115000252,46,145,-99
115000253,11,277,-266
115000258,222,81,141
115000259,227,84,143
115000261,24,31,-7
115000262,16,31,-15
115000263,22,26,-4
115000264,46,41,5
115000267,47,55,-8
115000268,30,95,-65
115000269,102,46,56
115000270,2,9,-7
115000272,50,98,-48
115000273,327,31,296
115000280,1245,371,874
115000281,241,882,-641
115000282,345,391,-46
115000284,157,149,8
115000296,1023,3,1020
115000297,112,147,-35
115000298,33,404,-371
115000300,146,141,5
115000302,437,71,366
115000303,593,67,526
115000304,442,38,404
115000305,105,375,-270
115000306,159,221,-62
115000307,91,179,-88
115000308,38,8,30
115000310,749,476,273
115000311,822,733,89
115000313,103,289,-186
115000314,221,99,122
115000315,601,414,187
115000316,82,82,0
115000317,112,282,-170
115000318,598,240,358
115000319,62,214,-152
115000320,9,213,-204
115000321,159,6,153
115000322,47,146,-99
115000449,153,155,-2
115000557,25,901,-876
115000558,306,114,192
115000587,432,265,167
115000588,1480,1703,-223
115000589,2659,1748,911
115000590,737,1060,-323
115000591,967,536,431
115000592,436,1216,-780
115000593,961,401,560
115000594,498,1763,-1265
115000609,132,147,-15
115000617,786,2162,-1376
115000624,230,42,188
115000633,313,1394,-1081
115000634,1978,559,1419
115000635,437,108,329
115000638,481,391,90
115000641,30,88,-58
115000642,249,160,89
115000643,133,332,-199
115000644,105,290,-185
115000646,578,1012,-434
115000647,159,295,-136
115000648,1533,1035,498
115000893,2086,1024,1062
115000894,94,720,-626
115000895,340,776,-436
115000896,912,312,600
115000897,340,70,270
115000898,317,136,181
115000899,252,735,-483
115000900,51,278,-227
115000901,41,105,-64
115000912,322,45,277
115000913,1,13,-12
115000915,9,0,9
115000916,4,3,1
115000917,0,6,-6
115000918,33,232,-199
115000919,11,3,8
115000920,40,30,10
115000921,408,55,353
115000922,680,544,136
115000923,248,1066,-818
115000925,66,78,-12
115000927,56,40,16
115000933,166,233,-67
115000934,121,119,2
115000935,105,47,58
115000936,12,470,-458
115000937,632,127,505
115000938,118,194,-76
115000939,137,210,-73
115000940,4,10,-6
115000941,1,23,-22
115000942,6,68,-62
115000943,10,16,-6
115000944,2,3,-1
115900001,104,29,75
115900002,43,62,-19
115900003,117,62,55
115900004,1,31,-30
115900005,147,3,144
115900006,112,144,-32
115900008,46,6,40
115900009,59,115,-56
115900010,218,115,103
115900011,284,132,152
115900012,128,34,94
115900013,202,86,116
115900014,106,97,9
115900015,146,31,115
115900016,100,18,82
115900017,9,5,4
115900018,126,30,96
115900019,53,9,44
115900020,55,2,53
115900021,601,162,439
115900022,764,9,755
115900023,9,2,7
115900025,22,97,-75
115900026,508,157,351
115900027,1,203,-202
115900028,468,39,429
115900029,6,210,-204
115900030,9,24,-15
115900031,206,141,65
115900032,325,380,-55
115900033,0,41,-41
115900034,13,183,-170
115900035,41,29,12
115900036,48,636,-588
115900037,30,158,-128
115900038,43,9,34
115900039,81,62,19
115900041,333,483,-150
115900042,25,4,21
115900043,68,30,38
115900044,164,192,-28
115900046,224,138,86
115900047,103,133,-30
115900049,129,117,12
115900051,0,43,-43
115900052,8,123,-115
115900053,196,90,106
115900054,172,37,135
115900055,9,73,-64
115900056,118,147,-29
115900057,13,7,6
115900058,19,28,-9
115900060,37,48,-11
115900061,216,0,216
115900062,21,205,-184
115900063,66,7,59
115900064,140,153,-13
115900065,115,36,79
115900066,94,77,17
115900067,4,351,-347
115900068,1870,774,1096
115900069,24,103,-79
115900070,97,73,24
115900071,1,291,-290
115900072,24,87,-63
115900073,52,42,10
115900074,4,225,-221
115900075,15,135,-120
115900076,2,28,-26
115900077,2,124,-122
115900078,58,205,-147
115900079,199,6,193
115900080,203,113,90
115900081,6,37,-31
115900082,91,149,-58
115900084,372,12,360
115900085,53,68,-15
115900086,923,308,615
115900088,3,31,-28
115900089,267,455,-188
115900090,294,10,284
115900091,5,20,-15
115900092,42,66,-24
115900093,6,12,-6
115900094,4,138,-134
115900096,1,13,-12
115900097,6,159,-153
115900098,168,197,-29
115900099,102,83,19
115900100,16,271,-255
115900101,137,143,-6
115900102,97,48,49
115900103,193,115,78
115900104,48,49,-1
115900105,190,273,-83
115900106,61,21,40
115900107,76,75,1
115900108,104,32,72
115900109,39,247,-208
115900110,1,10,-9
115900111,3,35,-32
115900112,29,473,-444
115900113,26,19,7
115900114,1,67,-66
115900115,31,97,-66
115900116,52,448,-396
115900117,49,7,42
115900118,2,136,-134
115900119,120,74,46
115900120,27,140,-113
115900121,122,145,-23
115900124,318,434,-116
115900125,278,48,230
115900126,489,56,433
115900127,419,42,377
115900128,4,63,-59
115900129,431,29,402
115900130,32,165,-133
115900131,350,26,324
115900132,414,15,399
115900134,276,11,265
115900135,288,675,-387
115900137,24,1,23
115900139,21,51,-30
115900140,196,16,180
115900141,4,44,-40
115900142,3,17,-14
115900143,179,223,-44
115900144,79,147,-68
115900146,10,43,-33
115900147,125,160,-35
115900148,65,4,61
115900149,56,16,40
115900150,72,19,53
115900151,12,54,-42
115900152,112,171,-59
115900153,94,126,-32
115900154,240,238,2
115900155,0,22,-22
115900156,459,639,-180
115900157,135,325,-190
115900158,10,7,3
115900159,104,172,-68
115900160,7,13,-6
115900161,20,75,-55
115900163,133,73,60
115900164,465,0,465
115900166,109,67,42
115900168,72,75,-3
115900171,47,255,-208
115900172,49,92,-43
115900173,184,85,99
115900174,141,159,-18
115900175,63,122,-59
115900178,7,356,-349
115900179,209,6,203
115900180,29,70,-41
115900181,157,94,63
115900182,296,99,197
115900183,20,19,1
115900184,718,14,704
115900187,14,83,-69
115900189,1,120,-119
115900190,180,730,-550
115900191,37,174,-137
115900192,9,128,-119
115900193,188,115,73
115900194,399,41,358
115900195,397,1375,-978
115900198,155,176,-21
115900199,132,120,12
115900200,156,220,-64
115900201,384,314,70
115900202,3,29,-26
115900203,1,13,-12
115900204,0,6,-6
115900205,60,27,33
115900206,113,97,16
115900207,45,21,24
115900208,91,101,-10
115900209,6,117,-111
115900210,9,117,-108
115900211,2,135,-133
115900212,94,107,-13
115900213,77,95,-18
115900214,357,114,243
115900215,20,101,-81
115900216,4,62,-58
115900217,2,26,-24
115900218,2,20,-18
115900219,82,3,79
115900220,125,8,117
115900221,65,4,61
115900222,32,25,7
115900223,3,272,-269
115900224,646,726,-80
115900225,37,13,24
115900226,11,14,-3
115900227,9,40,-31
115900228,7,19,-12
115900229,6,28,-22
115900230,37,75,-38
115900231,77,1,76
115900232,33,3,30
115900233,54,6,48
115900234,38,14,24
115900235,29,16,13
115900236,40,85,-45
115900237,20,27,-7
115900238,21,10,11
115900239,11,32,-21
115900240,8,29,-21
115900241,123,71,52
115900242,169,213,-44
115900243,5,2,3
115900244,6,9,-3
115900245,18,0,18
115900246,5,10,-5
115900247,21,5,16
115900248,9,1,8
115900249,11,4,7
115900250,5,10,-5
115900251,3,12,-9
115900252,0,1,-1
115900253,4,8,-4
115900254,5,21,-16
115900255,1,10,-9
115900256,15,58,-43
115900257,1,4,-3
115900258,0,0,0
115900259,10,1,9
115900260,13,0,13
115900261,15,2,13
115900262,4,3,1
115900263,6,0,6
115900264,24,0,24
115900265,2,3,-1
115900266,1,12,-11
115900267,8,9,-1
115900268,1,38,-37
115900269,281,212,69
115900270,211,208,3
115900271,89,1,88
115900272,19,0,19
115900273,1,5,-4
115900274,2,2,0
115900275,2,11,-9
115900276,0,13,-13
115900277,0,47,-47
115900278,43,66,-23
115900279,23,111,-88
115900280,28,350,-322
115900281,236,243,-7
115900282,13,10,3
115900283,19,14,5
115900284,19,1,18
116000001,5915,2454,3461
116000002,3286,7834,-4548
116000003,1088,1161,-73
116000004,2051,2636,-585
116000005,1396,1746,-350
116000006,1720,1971,-251
116000007,1721,2065,-344
116000008,2717,1579,1138
116000009,835,1412,-577
116000010,1836,1418,418
116000011,741,1242,-501
116000012,1295,847,448
116000013,4830,2557,2273
116000014,6298,8674,-2376
116000015,138,878,-740
116000016,2627,2250,377
116000017,20,587,-567
116000018,446,146,300
116000019,537,202,335
116000020,419,454,-35
116000021,314,186,128
116000022,319,241,78
116000023,703,440,263
116000024,437,461,-24
116000025,506,546,-40
116000026,1169,1606,-437
116000027,356,386,-30
116000028,331,638,-307
116000029,315,445,-130
116000030,619,370,249
116000031,112,269,-157
116000032,288,129,159
116000033,252,317,-65
116000034,542,621,-79
116000035,234,467,-233
116000036,986,998,-12
116000037,394,414,-20
116000038,269,364,-95
116000039,301,308,-7
116000040,524,303,221
116000041,93,315,-222
116000042,558,245,313
116000043,48,458,-410
116000044,28,75,-47
116000045,1278,959,319
116000046,794,1125,-331
116000047,1064,1513,-449
116000048,1381,1422,-41
116000049,908,2364,-1456
116000050,1135,894,241
116000051,4958,1887,3071
116000052,4448,3639,809
116000053,1429,556,873
116000054,531,1587,-1056
116000055,627,598,29
116000056,749,804,-55
116000057,1892,1169,723
116000058,1967,2180,-213
116000059,2009,3166,-1157
116000060,1508,870,638
116000061,453,767,-314
116000062,477,303,174
116000063,435,824,-389
116000066,274,434,-160
116000067,167,341,-174
116000068,163,262,-99
116000069,233,230,3
116000078,401,821,-420
116000080,1346,607,739
116000082,2,27,-25
116000083,1551,348,1203
116000084,1571,2339,-768
116000085,1762,1471,291
116000086,1489,770,719
116000087,1903,1297,606
116000088,649,616,33
116000089,158,59,99
116000090,88,99,-11
116000091,285,195,90
116000093,564,275,289
116000094,507,507,0
116000095,679,271,408
116000096,604,1220,-616
116000097,699,417,282
116000098,70,4790,-4720
116000099,3555,249,3306
116000100,179,10,169
116000101,566,427,139
116000102,204,744,-540
116000103,413,202,211
116000104,144,758,-614
116000105,927,153,774
116000106,409,1217,-808
116000107,2156,299,1857
116000108,239,329,-90
116000111,125,29,96
116000113,93,103,-10
116000114,38,91,-53
116000115,248,84,164
116000116,226,266,-40
116000117,1155,1193,-38
116000118,924,694,230
116000119,2440,1502,938
116000120,2200,2138,62
116000121,674,384,290
116000122,918,999,-81
116000123,813,381,432
116000124,296,510,-214
116000125,2242,537,1705
116000126,241,921,-680
116000127,789,647,142
116000128,1494,645,849
116000129,1102,203,899
116000130,517,386,131
116000133,833,576,257
116000134,1524,1133,391
116000135,2080,1085,995
116000136,730,1251,-521
116000137,836,483,353
116000138,589,411,178
116000139,1243,1706,-463
116000140,133,168,-35
116000141,161,381,-220
116000142,2204,1780,424
116000143,1578,1383,195
116000144,1292,1489,-197
116000145,1469,823,646
116000146,463,95,368
116000147,154,110,44
116000148,447,340,107
116000149,460,423,37
116000151,510,355,155
116000153,87,289,-202
116000155,162,181,-19
116000156,412,706,-294
116000157,64,8,56
116000158,231,206,25
116000159,12,7,5
116000160,19,25,-6
116000161,15,60,-45
116000162,66,105,-39
116000163,16,5,11
116000164,10,10,0
116000177,224,284,-60
116000194,88,269,-181
116000195,1144,498,646
116000196,7,3,4
116000197,5,10,-5
116000198,1507,694,813
116000200,439,456,-17
116000201,425,424,1
116000202,10,218,-208
116000203,3,80,-77
116000204,13,58,-45
116000205,1,163,-162
116000206,2,114,-112
116000207,5,91,-86
116000233,100,216,-116
116000287,160,282,-122
116000288,221,121,100
116000292,28,48,-20
116000296,13,99,-86
116000297,113,20,93
116000304,107,27,80
116000305,26,54,-28
116000346,111,52,59
116000352,57,13,44
116000354,16,15,1
116000357,9,32,-23
116000358,253,46,207
116000361,200,2,198
116000372,2914,3273,-359
116000381,79,2,77
116000388,0,34,-34
116000389,448,322,126
116000445,453,308,145
116000446,539,381,158
116000447,22,395,-373
116000448,408,118,290
116000563,678,684,-6
116000565,20,229,-209
116000568,56,124,-68
116000579,16,121,-105
116000583,61,25,36
116000584,21,6,15
116000585,21,11,10
116000586,62,74,-12
116000587,403,442,-39
116000589,43,38,5
116000590,54,61,-7
116000591,259,177,82
116000592,7,90,-83
116000593,0,13,-13
116000594,523,263,260
116000595,522,92,430
116000596,91,0,91
116000597,347,96,251
116000598,23,101,-78
116000605,190,102,88
116000606,44,182,-138
116000607,4,26,-22
116000609,127,656,-529
116000611,139,289,-150
116000612,715,1440,-725
116000613,447,222,225
116000614,382,363,19
116000615,1,249,-248
116000616,40,53,-13
116000617,64,39,25
116000618,2,49,-47
116000619,28,58,-30
116000620,141,393,-252
116000621,64,80,-16
116000622,39,98,-59
116000624,185,105,80
116000627,145,35,110
116000628,54,192,-138
116000629,52,136,-84
116000630,201,24,177
116000631,140,41,99
116000632,632,42,590
116000633,121,164,-43
116000634,262,98,164
116000635,1972,1881,91
116000636,565,971,-406
116000637,406,48,358
116000638,125,212,-87
116000639,88,0,88
116000640,13,9,4
116000641,31,98,-67
116000643,0,130,-130
116000644,32,258,-226
116000645,25,3,22
116900001,159,71,88
116900002,181,2,179
116900003,38,29,9
116900004,18,29,-11
116900005,195,23,172
116900006,101,145,-44
116900007,94,100,-6
116900008,331,188,143
116900009,12,9,3
116900010,511,738,-227
116900011,4,17,-13
116900012,320,99,221
116900013,2,80,-78
116900014,145,126,19
116900015,326,15,311
116900016,217,6,211
116900017,13,302,-289
116900018,82,54,28
116900019,3,148,-145
116900020,483,707,-224
116900023,68,7,61
116900024,439,21,418
116900025,826,467,359
116900026,68,319,-251
116900027,19,32,-13
116900028,11,98,-87
116900029,0,25,-25
116900031,0,4,-4
116900032,2,202,-200
116900033,10,12,-2
116900034,3,40,-37
116900035,126,93,33
116900036,2,70,-68
116900038,8,1,7
116900041,29,8,21
116900042,405,126,279
116900043,38,20,18
116900047,23,130,-107
116900049,28,204,-176
116900050,66,232,-166
116900051,99,75,24
116900052,129,38,91
116900055,1,5,-4
116900057,13,140,-127
116900058,16,243,-227
116900059,1,90,-89
116900060,123,102,21
116900062,0,104,-104
116900064,72,325,-253
116900065,16,59,-43
116900067,53,51,2
116900068,70,105,-35
116900070,3,8,-5
116900072,15,186,-171
116900073,14,80,-66
116900074,3,24,-21
116900076,5,77,-72
116900077,11,126,-115
116900078,138,57,81
116900079,47,127,-80
116900080,7,13,-6
116900081,266,639,-373
116900082,248,524,-276
116900083,41,26,15
116900084,66,46,20
116900085,29,88,-59
116900086,30,124,-94
116900088,203,55,148
116900090,121,30,91
116900091,200,29,171
116900092,82,373,-291
116900093,1057,932,125
116900094,1986,2522,-536
116900095,125,66,59
116900096,42,189,-147
116900097,1494,2285,-791
116900098,517,226,291
116900099,394,418,-24
116900100,707,31,676
116900101,150,244,-94
116900103,6,0,6
116900104,45,58,-13
116900105,181,101,80
116900106,910,7,903
116900107,1724,1911,-187
116900110,10,2,8
116900111,482,369,113
116900112,225,541,-316
116900113,944,1077,-133
116900116,54,460,-406
116900117,123,95,28
116900118,524,653,-129
116900120,259,29,230
116900121,156,6,150
116900122,665,489,176
116900123,129,377,-248
116900124,108,558,-450
116900125,263,97,166
116900126,43,314,-271
116900128,0,9,-9
116900129,1,161,-160
116900130,329,2282,-1953
116900131,54,176,-122
116900132,34,51,-17
116900133,108,84,24
116900134,160,172,-12
116900136,238,130,108
116900137,178,79,99
116900138,125,97,28
116900139,85,211,-126
116900140,99,91,8
116900141,505,271,234
116900142,1,36,-35
116900143,173,191,-18
116900144,24,38,-14
116900145,35,90,-55
116900147,248,397,-149
116900148,6,20,-14
116900149,58,233,-175
116900150,12,7,5
116900151,31,10,21
116900153,99,45,54
116900154,223,351,-128
116900155,51,43,8
116900157,473,128,345
116900158,78,200,-122
116900159,54,182,-128
116900160,573,470,103
116900161,3551,4497,-946
116900162,7,79,-72
116900163,130,68,62
116900164,65,51,14
116900165,255,158,97
116900166,16,50,-34
116900167,303,44,259
116900168,271,56,215
116900169,251,366,-115
116900170,233,370,-137
116900171,22,129,-107
116900172,93,331,-238
116900173,122,25,97
116900174,31,57,-26
116900175,101,150,-49
116900178,19,72,-53
116900179,55,261,-206
116900180,61,22,39
116900182,239,204,35
116900183,123,72,51
116900185,26,41,-15
116900186,74,138,-64
116900187,60,31,29
116900188,108,24,84
116900189,34,3,31
116900191,268,407,-139
116900192,216,74,142
116900194,122,1009,-887
116900195,39,8,31
116900196,13,70,-57
116900197,99,16,83
116900198,84,177,-93
116900200,49,16,33
116900201,60,3,57
116900202,52,28,24
116900203,120,5,115
116900204,43,74,-31
116900206,29,17,12
116900207,25,20,5
116900208,7,58,-51
116900209,26,64,-38
116900210,290,199,91
116900211,134,4,130
116900212,59,47,12
116900213,119,57,62
116900214,103,87,16
116900215,33,41,-8
116900216,213,108,105
116900218,2,149,-147
116900219,945,224,721
116900220,93,123,-30
116900221,57,181,-124
116900222,302,273,29
116900223,81,165,-84
116900226,61,14,47
116900227,121,51,70
116900228,252,81,171
116900230,42,147,-105
116900231,21,186,-165
116900232,15,282,-267
116900233,192,54,138
116900234,23,7,16
116900235,341,205,136
116900238,1135,215,920
116900239,8,680,-672
116900240,2900,2268,632
116900241,51,44,7
116900242,516,456,60
116900243,2,19,-17
116900245,14,17,-3
116900246,68,44,24
116900247,675,36,639
116900248,85,26,59
116900249,179,46,133
116900250,350,32,318
116900251,294,387,-93
116900252,116,503,-387
116900254,14,51,-37
116900255,96,49,47
116900256,319,80,239
116900257,30,230,-200
116900258,4,150,-146
116900259,284,7,277
116900260,2,66,-64
116900261,57,1,56
116900262,202,118,84
116900263,0,9,-9
116900264,96,35,61
116900265,40,0,40
116900266,8,17,-9
116900267,4,1,3
116900268,24,24,0
116900269,176,405,-229
116900271,671,179,492
116900272,253,190,63
116900273,83,80,3
116900274,105,35,70
116900275,120,59,61
116900276,277,110,167
116900277,279,12,267
116900278,3,4,-1
116900279,1,10,-9
116900280,17,12,5
116900281,2960,3134,-174
116900282,2,40,-38
116900283,5,46,-41
116900284,9,104,-95
116900285,128,119,9
116900286,102,21,81
116900287,4,13,-9
116900288,69,94,-25
116900289,9,4,5
116900290,10,11,-1
116900291,15,12,3
116900292,0,21,-21
116900293,25,20,5
116900294,18,102,-84
116900295,99,62,37
116900296,24,79,-55
116900297,2,75,-73
116900298,62,27,35
116900299,15,34,-19
116900300,4,59,-55
116900301,41,112,-71
116900302,25,37,-12
116900303,76,73,3
116900304,0,103,-103
116900305,10,23,-13
116900306,172,68,104
116900307,62,0,62
116900308,0,83,-83
116900309,73,60,13
116900310,19,23,-4
117000001,1470,1080,390
117000002,1533,2645,-1112
117000003,4694,2185,2509
117000004,2489,3465,-976
117000005,1883,1345,538
117000006,917,2266,-1349
117000007,3174,901,2273
117000008,724,2178,-1454
117000009,3455,1231,2224
117000010,1866,2503,-637
117000011,1621,1098,523
117000012,996,1020,-24
117000013,1437,592,845
117000014,811,1537,-726
117000015,1664,854,810
117000016,175,127,48
117000017,167,90,77
117000018,83,424,-341
117000019,66,21,45
117000020,309,902,-593
117000021,978,421,557
117000022,204,140,64
117000023,123,238,-115
117000024,139,262,-123
117000025,339,962,-623
117000026,1397,1297,100
117000027,1082,3096,-2014
117000028,1682,1256,426
117000030,295,310,-15
117000031,285,289,-4
117000032,1131,828,303
117000033,938,540,398
117000034,274,223,51
117000035,301,265,36
117000036,360,214,146
117000037,243,184,59
117000038,154,338,-184
117000039,324,178,146
117000040,183,664,-481
117000041,824,166,658
117000044,11,586,-575
117000045,487,72,415
117000046,339,668,-329
117000047,977,537,440
117000048,1330,554,776
117000049,50,290,-240
117000050,151,1102,-951
117000051,1815,71,1744
117000052,34,176,-142
117000053,494,32,462
117000054,1439,11,1428
117000055,53,1983,-1930
117000056,561,17,544
117000057,635,1541,-906
117000060,373,750,-377
117000061,1152,657,495
117000062,211,397,-186
117000063,1365,710,655
117000064,573,474,99
117000066,417,570,-153
117000067,76,437,-361
117000074,83,129,-46
117000076,40,29,11
117000077,80,107,-27
117000078,137,558,-421
117000079,293,213,80
117000080,2,287,-285
117000081,881,96,785
117000082,9,63,-54
117000083,484,308,176
117000084,159,1,158
117000085,251,580,-329
117000086,539,288,251
117000087,135,372,-237
117000088,178,128,50
117000089,1320,180,1140
117000090,255,771,-516
117000091,781,165,616
117000092,360,816,-456
117000093,1097,430,667
117000094,1057,1725,-668
117000095,2981,643,2338
117000096,588,1455,-867
117000097,1268,860,408
117000098,1664,2458,-794
117000099,2899,968,1931
117000100,213,221,-8
117000101,132,615,-483
117000102,1309,549,760
117000103,655,962,-307
117000104,1148,482,666
117000105,652,936,-284
117000106,1010,569,441
117000107,463,1075,-612
117000108,1356,774,582
117000109,957,1282,-325
117000110,1082,712,370
117000111,2439,2841,-402
117000112,2229,1106,1123
117000113,101,148,-47
117000114,192,108,84
117000115,81,62,19
117000116,143,211,-68
117000117,1055,670,385
117000118,194,143,51
117000119,167,226,-59
117000120,123,455,-332
117000121,52,656,-604
117000122,182,503,-321
117000123,900,15,885
117000124,255,62,193
117000125,134,96,38
117000126,44,14,30
117000127,106,200,-94
117000128,234,537,-303
117000129,253,702,-449
117000130,106,5,101
117000131,2,84,-82
117000132,2493,35,2458
117000133,1459,30,1429
117000134,0,68,-68
117000135,2,84,-82
117000136,0,12,-12
117000137,112,96,16
117000138,4,379,-375
117000140,386,909,-523
117000141,1361,523,838
117000181,351,168,183
117000182,318,434,-116
117000195,127,530,-403
117000196,168,96,72
117000225,104,39,65
117000226,7,120,-113
117000276,291,11,280
117000277,0,249,-249
117000310,1028,1587,-559
117000315,32,510,-478
117000320,51,0,51
117000906,395,17,378
117000907,7,213,-206
117000909,56,36,20
117000910,124,101,23
117000911,79,121,-42
117000915,6,315,-309
117000916,40,3,37
117000917,916,22,894
117000918,77,72,5
117000919,1,56,-55
117000920,0,809,-809
117000921,0,801,-801
117000922,19,56,-37
117000924,341,569,-228
117000926,425,89,336
117000927,655,677,-22
117000928,0,80,-80
117000929,219,277,-58
117000930,175,30,145
117000931,159,110,49
117900002,67,324,-257
117900003,392,230,162
117900005,22,53,-31
117900006,0,37,-37
117900007,99,34,65
117900008,0,9,-9
117900010,159,61,98
117900011,14,111,-97
117900012,63,33,30
117900013,1,166,-165
117900014,573,85,488
117900015,11,51,-40
117900016,697,602,95
117900017,564,262,302
117900018,105,109,-4
117900019,316,167,149
117900020,44,357,-313
117900021,19,44,-25
117900023,609,47,562
117900024,32,38,-6
117900025,38,4,34
117900026,337,137,200
117900028,53,3,50
117900029,214,318,-104
117900031,95,88,7
117900032,914,436,478
117900033,262,324,-62
117900034,72,30,42
117900035,258,491,-233
117900036,182,226,-44
117900037,122,84,38
117900038,33,165,-132
117900039,0,41,-41
117900040,128,212,-84
117900041,4,32,-28
117900042,2042,208,1834
117900043,27,35,-8
117900044,6,2714,-2708
117900045,101,63,38
117900048,284,298,-14
117900049,148,273,-125
117900050,4,74,-70
117900051,23,0,23
117900052,40,277,-237
117900053,1360,410,950
117900054,1,45,-44
117900055,211,137,74
117900056,85,55,30
117900057,767,886,-119
117900058,22,27,-5
117900059,161,71,90
117900060,1746,3576,-1830
117900061,16,147,-131
117900063,289,84,205
117900065,593,840,-247
117900066,6,37,-31
117900067,366,119,247
117900069,605,200,405
117900070,80,16,64
117900071,45,80,-35
117900073,339,169,170
117900074,87,37,50
117900075,39,61,-22
117900076,39,42,-3
117900077,395,119,276
117900078,220,627,-407
117900080,97,35,62
117900081,381,245,136
117900082,358,284,74
117900083,267,250,17
117900086,113,14,99
117900087,80,38,42
117900088,2334,1124,1210
117900089,1834,583,1251
117900090,407,238,169
117900091,68,143,-75
117900092,42,23,19
117900093,63,36,27
117900094,18,22,-4
117900095,306,424,-118
117900096,59,152,-93
117900097,137,58,79
117900098,30,9,21
117900099,113,142,-29
117900100,149,2,147
117900101,367,1405,-1038
117900102,49,28,21
117900103,52,0,52
117900104,13,102,-89
117900105,122,157,-35
117900106,53,28,25
117900107,34,1,33
117900109,470,243,227
117900110,127,1,126
117900111,264,13,251
117900112,54,9,45
117900113,1453,1163,290
117900114,32,1,31
117900115,142,36,106
117900116,709,487,222
117900117,495,233,262
117900118,52,0,52
117900119,191,101,90
117900120,152,20,132
117900121,49,36,13
117900122,704,2739,-2035
117900123,557,242,315
117900124,584,521,63
117900125,1233,1452,-219
117900126,191,310,-119
117900127,460,251,209
117900128,326,367,-41
117900129,65,2,63
117900130,830,289,541
117900131,3,95,-92
117900132,32,76,-44
117900133,11,58,-47
117900134,41,205,-164
117900135,28,102,-74
117900136,0,22,-22
117900137,43,185,-142
117900138,0,17,-17
117900139,140,75,65
117900140,2086,24,2062
117900141,73,135,-62
117900142,81,40,41
117900144,25,160,-135
117900145,18,51,-33
117900146,121,93,28
117900147,66,36,30
117900148,1602,1348,254
117900149,124,137,-13
117900150,16,17,-1
117900151,30,47,-17
117900152,65,45,20
117900153,32,68,-36
117900154,352,350,2
117900156,613,438,175
117900157,62,481,-419
117900158,179,132,47
117900160,535,601,-66
117900161,1959,1289,670
117900162,344,297,47
117900163,38,126,-88
117900165,0,22,-22
117900166,71,373,-302
117900168,148,184,-36
117900169,0,80,-80
117900170,0,21,-21
117900171,1,10,-9
117900172,15,19,-4
117900173,113,41,72
117900174,19,48,-29
117900175,3,23,-20
117900176,8,17,-9
117900177,38,11,27
117900178,122,32,90
117900180,145,35,110
117900181,42,291,-249
117900182,3,20,-17
117900183,49,194,-145
117900184,15,115,-100
117900185,48,41,7
117900186,40,12,28
117900187,19,12,7
117900188,200,24,176
117900189,76,46,30
117900190,9,2,7
117900191,69,2,67
117900192,191,0,191
117900193,0,63,-63
117900194,7,10,-3
117900195,6,41,-35
117900196,31,41,-10
117900207,129,136,-7
117900208,28,14,14
117900209,159,124,35
117900210,60,104,-44
117900211,5,90,-85
117900212,58,68,-10
117900213,20,8,12
117900214,10,18,-8
117900215,38,38,0
117900216,33,16,17
117900217,63,192,-129
117900218,129,105,24
117900219,5,87,-82
117900220,56,66,-10
117900222,160,209,-49
117900223,175,272,-97
118000001,464,660,-196
118000002,393,1152,-759
118000003,1285,2098,-813
118000004,1301,1439,-138
118000005,3042,3606,-564
118000006,2851,6023,-3172
118000007,3002,2734,268
118000008,2239,2693,-454
118000009,1209,1689,-480
118000010,3626,2337,1289
118000011,1026,1154,-128
118000012,672,1249,-577
118000013,1644,1376,268
118000014,1525,1784,-259
118000016,113,161,-48
118000017,294,238,56
118000018,243,246,-3
118000019,1376,1042,334
118000020,815,1985,-1170
118000021,463,1989,-1526
118000022,971,559,412
118000023,692,271,421
118000024,743,720,23
118000027,7747,7618,129
118000029,480,601,-121
118000032,759,2645,-1886
118000033,1807,3921,-2114
118000034,3009,1731,1278
118000035,1357,1911,-554
118000036,653,802,-149
118000037,517,605,-88
118000038,205,55,150
118000039,63,140,-77
118000040,1066,956,110
118000041,1692,1034,658
118000045,242,100,142
118000046,722,456,266
118000047,536,665,-129
118000048,1330,1437,-107
118000051,1200,925,275
118000052,841,493,348
118000053,116,253,-137
118000054,703,517,186
118000055,588,689,-101
118000056,355,229,126
118000057,162,225,-63
118000058,1342,982,360
118000059,1120,740,380
118000060,865,510,355
118000061,1342,809,533
118000062,356,158,198
118000063,261,431,-170
118000064,549,819,-270
118000065,1889,1007,882
118000066,447,1027,-580
118000067,473,484,-11
118000068,817,3302,-2485
118000069,1572,854,718
118000070,3255,1161,2094
118000071,1775,4193,-2418
118000072,732,1122,-390
118000073,804,449,355
118000074,226,407,-181
118000075,564,208,356
118000076,741,1875,-1134
118000077,972,998,-26
118000078,1308,1539,-231
118000079,167,288,-121
118000080,652,699,-47
118000081,1390,1058,332
118000082,206,770,-564
118000083,1157,1145,12
118000084,1841,1129,712
118000086,199,312,-113
118000087,2722,1742,980
118000088,1196,1215,-19
118000089,2374,1682,692
118000090,890,1808,-918
118000091,681,1666,-985
118000092,714,340,374
118000093,62,563,-501
118000096,487,441,46
118000097,634,495,139
118000098,192,120,72
118000099,423,390,33
118000101,725,208,517
118000102,304,679,-375
118000107,1008,272,736
118000108,391,1566,-1175
118000110,0,17,-17
118000111,1,191,-190
118000112,565,5,560
118000113,7,352,-345
118000114,309,3,306
118000115,7,6,1
118000116,9,1,8
118000117,665,470,195
118000118,662,875,-213
118000119,689,929,-240
118000120,1150,683,467
118000121,103,561,-458
118000122,1057,343,714
118000123,41,238,-197
118000125,1090,678,412
118000126,536,1009,-473
118000127,1121,483,638
118000128,370,895,-525
118000129,730,347,383
118000130,1337,1816,-479
118000131,283,438,-155
118000132,2033,1552,481
118000133,830,336,494
118000135,387,314,73
118000136,80,311,-231
118000137,411,70,341
118000138,274,362,-88
118000139,329,92,237
118000140,2039,3361,-1322
118000141,1746,1230,516
118000142,1496,973,523
118000143,1593,978,615
118000144,793,516,277
118000145,1369,1116,253
118000146,871,517,354
118000147,704,899,-195
118000148,459,814,-355
118000149,730,650,80
118000150,279,329,-50
118000151,432,263,169
118000153,1062,814,248
118000154,1557,1050,507
118000155,1029,869,160
118000156,1026,1717,-691
118000157,416,316,100
118000158,201,278,-77
118000159,24,78,-54
118000160,358,285,73
118000161,394,381,13
118000162,1224,654,570
118000163,635,606,29
118000164,1224,885,339
118000168,449,325,124
118000169,731,625,106
118000170,2279,2762,-483
118000171,214,378,-164
118000172,85,160,-75
118000173,807,753,54
118000175,210,302,-92
118000176,169,341,-172
118000177,195,463,-268
118000178,35,32,3
118000179,774,927,-153
118000180,518,474,44
118000181,573,185,388
118000182,215,163,52
118000183,156,181,-25
118000184,714,403,311
118000185,827,787,40
118000186,592,721,-129
118000187,941,410,531
118000188,425,76,349
118000189,355,309,46
118000190,1,2,-1
118000191,15,10,5
118000192,51,77,-26
118000193,14,152,-138
118000194,990,629,361
118000195,260,774,-514
118000196,164,127,37
118000197,106,110,-4
118000198,289,528,-239
118000199,257,268,-11
118000200,43,140,-97
118000201,227,336,-109
118000202,32,42,-10
118000203,378,433,-55
118000204,63,288,-225
118000205,408,245,163
118000206,115,130,-15
118000207,0,25,-25
118000208,914,1029,-115
118000209,1690,1034,656
118000210,39,23,16
118000211,20,25,-5
118000213,578,1013,-435
118000214,249,357,-108
118000215,222,91,131
118000216,1115,1051,64
118000217,28,50,-22
118000218,49,53,-4
118000219,258,127,131
118000220,5,33,-28
118000221,156,170,-14
118000222,38,7,31
118000223,31,36,-5
118000224,93,66,27
118000225,84,454,-370
118000226,532,119,413
118000227,511,344,167
118000228,54,175,-121
118000229,64,41,23
118000230,81,120,-39
118000231,58,132,-74
118000232,524,386,138
118000233,778,484,294
118000234,337,91,246
118000236,234,176,58
118000237,56,187,-131
118000238,162,95,67
118000239,170,203,-33
118000240,206,100,106
118000241,111,82,29
118000242,201,211,-10
118000243,191,118,73
118000244,36,61,-25
118000246,6,12,-6
118000255,57,167,-110
118000256,80,132,-52
118000259,8,22,-14
118000260,115,36,79
118000261,21,19,2
118000263,57,93,-36
118000266,101,122,-21
118000267,0,90,-90
118000268,146,3,143
118000270,57,11,46
118000271,174,200,-26
118000272,50,15,35
118000273,156,43,113
118000274,51,158,-107
118000276,360,202,158
118000295,10,73,-63
118000298,93,138,-45
118000299,45,90,-45
118000301,0,36,-36
118000302,74,32,42
118000311,359,64,295
118000312,179,87,92
118000313,24,62,-38
118000314,60,34,26
118000315,29,23,6
118000316,514,302,212
118000325,32,22,10
118000326,17,33,-16
118000331,28,26,2
118000332,12,13,-1
118000333,16,39,-23
118000335,252,1,251
118000336,0,128,-128
118000407,96,43,53
118000457,6,37,-31
118000465,1679,2488,-809
118000480,26,43,-17
118000489,40,231,-191
118000490,18,135,-117
118000492,260,118,142
118000510,29,13,16
118000514,86,265,-179
118000515,450,452,-2
118000517,253,142,111
118000524,210,212,-2
118000525,484,463,21
118000530,11,55,-44
118000531,234,206,28
118000532,168,168,0
118000533,206,107,99
118000534,310,240,70
118000535,216,95,121
118000536,228,838,-610
118000537,16,114,-98
118000538,34,53,-19
118000539,9,48,-39
118000540,144,74,70
118000541,127,39,88
118000542,53,122,-69
118000543,92,134,-42
118000546,42,16,26
118000553,0,1,-1
118000560,1003,1276,-273
118000562,24,71,-47
118000563,932,962,-30
118000576,126,58,68
118000577,224,194,30
118000578,144,46,98
118000579,416,790,-374
118000583,0,1,-1
118000595,202,62,140
118000596,0,55,-55
118000597,177,124,53
118000598,2,1,1
118000599,68,51,17
118000600,4,3,1
118000601,3,0,3
118000602,1,2,-1
118000603,0,31,-31
118000605,77,139,-62
118000606,15,26,-11
118900001,362,665,-303
118900002,472,533,-61
118900003,201,22,179
118900004,47,29,18
118900005,80,11,69
118900006,117,1,116
118900007,4,1,3
118900008,1078,62,1016
118900009,40,37,3
118900010,41,2,39
118900011,83,22,61
118900012,302,98,204
118900013,286,113,173
118900015,155,36,119
118900016,9,6,3
118900017,170,239,-69
118900018,616,19,597
118900019,21,8,13
118900020,123,73,50
118900021,121,252,-131
118900022,103,64,39
118900023,109,83,26
118900024,52,63,-11
118900025,32,35,-3
118900026,52,55,-3
118900027,294,134,160
118900028,110,94,16
118900029,114,240,-126
118900030,289,31,258
118900031,129,68,61
118900032,130,130,0
118900033,197,259,-62
118900034,98,30,68
118900035,65,91,-26
118900036,819,420,399
118900037,281,188,93
118900038,339,95,244
118900039,341,110,231
118900040,151,116,35
118900041,408,119,289
118900042,112,61,51
118900045,177,80,97
118900046,553,245,308
118900047,305,205,100
118900048,102,148,-46
118900049,35,42,-7
118900050,17,21,-4
118900051,60,92,-32
118900052,146,131,15
118900053,16,69,-53
118900054,84,36,48
118900055,48,27,21
118900056,55,224,-169
118900057,598,343,255
118900058,240,212,28
118900059,29,46,-17
118900060,69,75,-6
118900062,147,161,-14
118900064,301,368,-67
118900065,29,87,-58
118900066,47,51,-4
118900067,2530,2589,-59
118900068,8,106,-98
118900069,320,165,155
118900071,7,40,-33
118900072,307,215,92
118900073,185,70,115
118900074,98,71,27
118900075,41,38,3
118900076,115,69,46
118900077,135,86,49
118900078,26,4,22
118900079,33,96,-63
118900080,9,61,-52
118900081,31,31,0
118900082,603,91,512
118900083,17,4,13
118900084,15,6,9
118900085,527,464,63
118900086,22,65,-43
118900087,31,162,-131
118900088,0,3,-3
118900089,27,14,13
118900090,313,217,96
118900091,79,118,-39
118900092,91,34,57
118900093,76,20,56
118900096,108,86,22
118900097,164,278,-114
118900099,50,101,-51
118900100,93,124,-31
118900101,39,185,-146
118900102,15,44,-29
118900103,14,46,-32
118900104,106,66,40
118900105,76,51,25
118900107,75,45,30
118900108,77,59,18
118900110,649,455,194
118900111,399,265,134
118900112,54,144,-90
118900113,181,217,-36
118900114,10,35,-25
118900115,56,188,-132
118900116,90,165,-75
118900117,78,140,-62
118900118,213,165,48
118900119,124,133,-9
118900120,61,251,-190
118900121,6,109,-103
118900122,10,693,-683
118900123,137,147,-10
118900124,43,103,-60
118900126,14,241,-227
118900129,225,111,114
118900130,32,163,-131
118900131,131,142,-11
118900132,216,130,86
118900133,20,72,-52
118900135,126,136,-10
118900136,154,249,-95
118900137,9,35,-26
118900139,184,160,24
118900140,329,338,-9
118900141,53,70,-17
118900144,105,189,-84
118900145,42,71,-29
118900146,231,382,-151
118900147,77,118,-41
118900148,43,40,3
118900150,295,388,-93
118900152,309,406,-97
118900157,51,105,-54
118900158,67,41,26
118900159,1,92,-91
118900161,63,5,58
118900163,64,46,18
118900164,3,66,-63
118900165,28,63,-35
118900166,19,0,19
118900167,48,71,-23
118900168,53,94,-41
118900169,73,105,-32
118900170,79,49,30
118900171,9,12,-3
118900174,38,37,1
118900175,327,377,-50
118900176,112,209,-97
118900177,39,24,15
118900178,30,98,-68
118900179,36,15,21
118900181,73,41,32
118900182,41,12,29
118900183,12,85,-73
118900184,196,58,138
118900185,102,82,20
118900186,96,70,26
118900187,117,142,-25
118900188,197,139,58
118900189,30,560,-530
118900190,12,180,-168
118900191,173,24,149
118900192,173,15,158
118900193,350,3,347
118900195,151,346,-195
118900196,18,94,-76
118900197,128,35,93
118900198,22,9,13
118900199,37,18,19
118900200,4,6,-2
118900201,8,13,-5
118900202,4,16,-12
118900203,4,5,-1
118900204,4,8,-4
118900205,3,3,0
118900206,0,7,-7
119000001,954,1053,-99
119000002,2985,1865,1120
119000003,1902,778,1124
119000004,1771,926,845
119000005,1164,1385,-221
119000006,2213,1174,1039
119000007,2360,2344,16
119000008,1328,1224,104
119000009,2547,3438,-891
119000010,3629,3111,518
119000011,2166,1876,290
119000012,1473,2053,-580
119000013,2053,1234,819
119000014,1081,1625,-544
119000019,174,87,87
119000020,1382,902,480
119000021,2964,1654,1310
119000022,1114,1679,-565
119000023,212,193,19
119000024,1220,8066,-6846
119000025,3439,671,2768
119000026,70,284,-214
119000027,179,211,-32
119000028,1089,543,546
119000029,99,215,-116
119000030,393,652,-259
119000031,600,419,181
119000032,1214,1533,-319
119000033,1581,942,639
119000034,794,666,128
119000035,20,204,-184
119000036,1476,612,864
119000037,1001,984,17
119000038,135,479,-344
119000039,280,205,75
119000040,450,432,18
119000041,455,833,-378
119000048,1969,1532,437
119000049,1456,1236,220
119000050,1083,1282,-199
119000051,1379,721,658
119000052,1299,1845,-546
119000053,1281,819,462
119000054,2360,1762,598
119000055,3772,2022,1750
119000056,1975,1415,560
119000057,1195,1182,13
119000058,1383,1045,338
119000059,814,962,-148
119000060,1029,719,310
119000061,827,582,245
119000062,822,931,-109
119000063,438,314,124
119000064,617,648,-31
119000065,1349,1937,-588
119000066,1460,804,656
119000067,1447,1260,187
119000068,1383,725,658
119000069,1151,1456,-305
119000070,1910,677,1233
119000071,498,499,-1
119000072,3169,1985,1184
119000073,2935,5045,-2110
119000074,1053,1429,-376
119000075,1759,1640,119
119000076,224,749,-525
119000077,460,347,113
119000078,270,259,11
119000079,160,514,-354
119000080,337,128,209
119000081,229,295,-66
119000082,565,145,420
119000083,370,299,71
119000084,248,365,-117
119000085,496,177,319
119000086,251,384,-133
119000087,1153,528,625
119000088,338,182,156
119000089,68,158,-90
119000090,126,83,43
119000091,93,259,-166
119000092,356,121,235
119000093,2382,1583,799
119000094,2335,3273,-938
119000095,1202,1657,-455
119000097,1380,759,621
119000098,648,1849,-1201
119000099,1817,970,847
119000100,2766,2244,522
119000101,2593,1133,1460
119000102,544,700,-156
119000103,1050,396,654
119000104,1382,786,596
119000105,626,1379,-753
119000106,303,763,-460
119000107,689,386,303
119000108,255,596,-341
119000109,83,393,-310
119000110,287,249,38
119000111,20,417,-397
119000112,110,61,49
119000113,1301,210,1091
119000114,641,629,12
119000115,99,114,-15
119000116,40,58,-18
119000117,108,151,-43
119000118,2,0,2
119000123,2235,1320,915
119000124,623,134,489
119000125,2815,498,2317
119000126,1049,454,595
119000127,394,341,53
119000128,11,3,8
119000131,702,402,300
119000132,1,0,1
119000133,0,5,-5
119000134,1152,393,759
119000135,132,121,11
119000136,159,119,40
119000137,145,201,-56
119000138,366,170,196
119000139,202,113,89
119000140,223,261,-38
119000284,873,1752,-879
119000285,1324,1283,41
119000286,4481,3173,1308
119000287,883,1605,-722
119000288,1240,786,454
119000289,1121,1615,-494
119000290,173,259,-86
119000291,7,137,-130
119000293,118,138,-20
119000294,57,29,28
119000295,793,193,600
119000296,238,136,102
119000302,1328,771,557
119000303,50,93,-43
119000314,1032,7047,-6015
119000315,3,205,-202
119000316,121,78,43
119000317,70,199,-129
119000319,533,140,393
119900001,131,716,-585
119900002,72,125,-53
119900003,33,549,-516
119900004,245,781,-536
119900005,160,80,80
119900006,124,262,-138
119900007,875,165,710
119900008,177,59,118
119900009,470,488,-18
119900010,509,653,-144
119900011,7,78,-71
119900012,20,59,-39
119900013,1300,841,459
119900014,355,144,211
119900015,84,18,66
119900016,35,48,-13
119900017,30,35,-5
119900018,1147,658,489
119900019,19,1,18
119900020,91,168,-77
119900021,77,62,15
119900022,76,429,-353
119900023,354,1179,-825
119900025,147,7,140
119900026,481,109,372
119900027,13,18,-5
119900028,265,68,197
119900029,1,1,0
119900030,392,346,46
119900031,36,271,-235
119900033,1175,204,971
119900034,245,72,173
119900037,127,26,101
119900038,20,253,-233
119900039,19,3,16
119900040,161,11,150
119900041,68,18,50
119900042,241,226,15
119900043,81,110,-29
119900044,129,514,-385
119900046,89,27,62
119900047,256,60,196
119900049,123,1,122
119900050,69,83,-14
119900051,796,14,782
119900052,42,19,23
119900053,135,102,33
119900054,88,4,84
119900055,839,279,560
119900057,164,35,129
119900058,133,3,130
119900059,82,43,39
119900060,156,11,145
119900061,253,7,246
119900062,52,9,43
119900063,6,34,-28
119900065,126,6,120
119900067,54,16,38
119900068,341,2,339
119900069,58,13,45
119900070,515,2,513
119900071,394,15,379
119900073,1239,351,888
119900074,31,29,2
119900075,2513,1501,1012
119900076,98,32,66
119900077,617,546,71
119900078,367,535,-168
119900079,219,166,53
119900080,244,201,43
119900081,421,24,397
119900082,794,59,735
119900083,223,61,162
119900084,364,213,151
119900085,50,33,17
119900086,292,694,-402
119900087,276,198,78
119900088,46,20,26
119900089,22,327,-305
119900090,66,25,41
119900091,42,618,-576
119900092,149,315,-166
119900093,677,124,553
119900094,44,162,-118
119900095,114,60,54
119900096,21,69,-48
119900097,346,115,231
119900098,22,31,-9
119900099,14,125,-111
119900100,1311,1578,-267
119900101,150,796,-646
119900102,49,144,-95
119900103,27,170,-143
119900104,18,75,-57
119900105,477,1413,-936
119900106,9,87,-78
119900107,199,1319,-1120
119900108,1812,440,1372
119900109,17,73,-56
119900110,565,406,159
119900111,147,305,-158
119900112,786,337,449
119900113,59,162,-103
119900114,154,691,-537
119900115,201,656,-455
119900116,82,251,-169
119900117,207,373,-166
119900118,53,513,-460
119900119,181,118,63
119900120,426,277,149
119900121,242,555,-313
119900122,342,224,118
119900123,92,195,-103
119900124,124,450,-326
119900125,26,149,-123
119900126,2104,164,1940
119900127,1530,696,834
119900128,338,381,-43
119900129,158,294,-136
119900130,16,131,-115
119900131,22,134,-112
119900132,4,153,-149
119900133,28,51,-23
119900134,789,94,695
119900135,0,238,-238
119900136,124,191,-67
119900138,248,266,-18
119900139,20,139,-119
119900140,0,81,-81
119900141,63,497,-434
119900142,0,27,-27
119900143,18,146,-128
119900144,821,122,699
119900145,81,66,15
119900146,114,80,34
119900147,2,81,-79
119900148,136,38,98
119900149,508,2854,-2346
119900150,100,78,22
119900151,791,427,364
119900152,70,182,-112
119900153,87,48,39
119900154,30,416,-386
119900155,37,26,11
119900156,11,9,2
119900157,101,111,-10
119900158,111,33,78
119900159,8,765,-757
119900160,21,64,-43
119900161,134,93,41
119900162,582,537,45
119900163,63,95,-32
119900164,0,0,0
119900165,135,92,43
119900166,36,32,4
119900167,53,36,17
119900168,715,287,428
119900169,47,159,-112
119900170,111,150,-39
119900171,951,236,715
119900172,64,12,52
119900173,6,243,-237
119900174,3,94,-91
119900175,1019,458,561
119900177,13,121,-108
119900178,3,92,-89
119900179,61,382,-321
119900180,732,671,61
119900181,36,77,-41
119900182,1,182,-181
119900183,73,427,-354
119900184,1204,285,919
119900185,32,109,-77
119900186,24,656,-632
119900187,5,163,-158
119900188,76,232,-156
119900189,235,287,-52
119900190,49,245,-196
119900191,142,143,-1
119900192,19,105,-86
119900193,227,167,60
119900194,15,43,-28
119900195,73,107,-34
119900196,578,231,347
119900197,175,126,49
119900198,250,202,48
119900199,109,11,98
119900200,578,486,92
119900201,233,101,132
119900202,42,138,-96
119900203,112,394,-282
119900204,184,178,6
119900205,632,289,343
119900206,156,84,72
119900208,156,181,-25
119900209,289,773,-484
119900210,16,20,-4
119900211,34,4,30
119900212,455,328,127
119900213,8,50,-42
119900214,16,80,-64
119900215,34,49,-15
119900216,13,34,-21
119900217,10,35,-25
119900218,7,34,-27
119900219,5,67,-62
119900220,3,55,-52
119900221,18,84,-66
119900222,10,119,-109
119900223,9,37,-28
119900224,4,10,-6
119900225,437,18,419
119900226,318,1038,-720
119900227,619,172,447
119900228,181,362,-181
119900229,216,185,31
119900230,910,254,656
119900231,176,137,39
119900232,126,71,55
119900233,29,2,27
119900234,27,45,-18
119900235,3,40,-37
119900236,18,105,-87
119900237,25,163,-138
119900238,3,49,-46
119900240,65,70,-5
119900241,119,139,-20
119900242,639,869,-230
119900244,364,780,-416
119900245,72,104,-32
119900246,214,338,-124
119900247,14,66,-52
119900248,50,158,-108
119900249,145,56,89
119900253,1329,228,1101
119900254,51,555,-504
119900255,65,403,-338
119900256,462,461,1
119900257,47,0,47
119900258,72,6,66
119900259,14,63,-49
119900260,52,2,50
119900261,276,194,82
119900262,0,114,-114
119900263,775,225,550
119900264,84,73,11
119900265,447,330,117
119900266,216,124,92
119900267,154,244,-90
119900268,164,82,82
119900269,850,652,198
119900271,18,40,-22
119900272,175,119,56
119900275,82,5,77
119900276,67,3,64
119900277,7,3,4
119900278,134,61,73
119900279,55,161,-106
119900280,456,77,379
119900281,0,152,-152
119900282,22,66,-44
119900283,11,134,-123
119900284,21,88,-67
119900285,17,47,-30
119900286,2,7,-5
119900288,2,3,-1
119900289,0,13,-13
119900290,7,11,-4
119900291,1,39,-38
119900292,30,42,-12
119900293,6,56,-50
119900294,24,31,-7
119900295,15,33,-18
119900296,50,92,-42
119900297,1,16,-15
119900298,1,0,1
119900299,71,108,-37
119900300,233,143,90
119900301,30,29,1
119900302,26,62,-36
119900303,208,199,9
119900304,137,30,107
119900305,4,54,-50
119900306,13,0,13
119900307,28,50,-22
119900308,5,9,-4
119900309,22,107,-85
119900310,198,163,35
119900311,71,60,11
119900312,87,53,34
119900313,190,126,64
119900314,102,236,-134
119900315,1664,1344,320
119900318,9,22,-13
119900319,0,92,-92
119900320,166,285,-119
119900321,36,0,36
120000001,4108,11140,-7032
120000002,2118,1846,272
120000003,2004,1144,860
120000004,2046,1280,766
120000005,2517,1328,1189
120000006,961,846,115
120000007,2386,2276,110
120000008,741,869,-128
120000009,1712,673,1039
120000010,1603,1616,-13
120000011,772,950,-178
120000012,1228,1540,-312
120000013,2367,2004,363
120000014,531,900,-369
120000015,1872,1074,798
120000016,2771,1674,1097
120000017,2423,1803,620
120000018,2579,8597,-6018
120000019,865,1170,-305
120000020,2373,2345,28
120000021,1494,1730,-236
120000022,1886,2735,-849
120000023,866,1273,-407
120000024,967,1951,-984
120000025,1921,1471,450
120000026,1784,1389,395
120000027,1566,1546,20
120000028,454,1005,-551
120000029,1321,769,552
120000030,434,705,-271
120000031,1193,3596,-2403
120000032,5218,2739,2479
120000033,4007,1271,2736
120000034,1614,1212,402
120000035,1751,1270,481
120000036,2459,3297,-838
120000037,505,1098,-593
120000038,3539,2401,1138
120000039,613,763,-150
120000040,112,1186,-1074
120000041,912,857,55
120000042,1487,1572,-85
120000043,3646,1004,2642
120000044,3985,1082,2903
120000045,4680,822,3858
120000046,2896,1936,960
120000047,605,4042,-3437
120000048,4154,2770,1384
120000049,2374,2049,325
120000050,2557,2605,-48
120000051,2078,2575,-497
120000052,5412,1476,3936
120000053,1195,1573,-378
120000054,1145,2486,-1341
120000055,1512,2980,-1468
120000056,3219,2421,798
120000057,2636,821,1815
120000058,1926,926,1000
120000059,4,1284,-1280
120000061,74,467,-393
120000062,117,276,-159
120000063,1104,1553,-449
120000064,223,766,-543
120000065,444,1277,-833
120000066,351,304,47
120000067,40,318,-278
120000068,170,611,-441
120000069,536,637,-101
120000070,71,394,-323
120000071,487,112,375
120000072,675,360,315
120000073,718,64,654
120000074,103,60,43
120000075,697,273,424
120000076,1821,457,1364
120000077,1698,564,1134
120000078,2354,1032,1322
120000079,386,274,112
120000080,253,187,66
120000081,400,142,258
120000082,303,226,77
120000083,127,626,-499
120000084,299,263,36
120000085,298,294,4
120000086,301,385,-84
120000087,192,342,-150
120000088,665,743,-78
120000089,854,378,476
120000090,563,334,229
120000091,690,677,13
120000092,914,412,502
120000093,323,309,14
120000094,122,512,-390
120000095,773,294,479
120000096,248,445,-197
120000098,511,521,-10
120000099,258,536,-278
120000100,575,666,-91
120000101,584,432,152
120000102,500,709,-209
120000103,1236,759,477
120000104,1680,433,1247
120000105,2637,605,2032
120000106,2121,529,1592
120000107,3388,485,2903
120000108,1216,121,1095
120000109,956,67,889
120000110,76,681,-605
120000111,128,765,-637
120000112,653,1765,-1112
120000113,695,1229,-534
120000114,911,1529,-618
120000115,279,1420,-1141
120000116,541,1213,-672
120000117,799,902,-103
120000118,41,42,-1
120000119,27,54,-27
120000120,90,66,24
120000121,51,51,0
120000122,181,258,-77
120000123,2301,4576,-2275
120000124,321,275,46
120000125,389,421,-32
120000126,263,559,-296
120000127,1345,721,624
120000128,1949,2625,-676
120000129,267,211,56
120000130,656,423,233
120000131,277,469,-192
120000134,335,563,-228
120000135,419,330,89
120000137,143,732,-589
120000138,850,318,532
120000139,187,431,-244
120000140,720,310,410
120000141,395,402,-7
120000142,745,588,157
120000143,2,53,-51
120000144,81,10,71
120000145,339,2,337
120000146,702,616,86
120000149,499,683,-184
120000150,2002,8165,-6163
120000151,429,260,169
120000152,389,136,253
120000153,133,252,-119
120000154,389,329,60
120000155,194,308,-114
120000156,877,898,-21
120000157,728,436,292
120000158,642,525,117
120000159,1675,1534,141
120000160,2008,1165,843
120000161,1839,1659,180
120000162,68,214,-146
120000163,605,893,-288
120000164,494,268,226
120000165,548,547,1
120000166,1113,365,748
120000167,108,78,30
120000168,5,308,-303
120000169,41,1068,-1027
120000170,27,1072,-1045
120000171,13,331,-318
120000172,19,308,-289
120000173,1317,1426,-109
120000174,190,28,162
120000175,148,31,117
120000176,134,36,98
120000177,740,119,621
120000178,50,11,39
120000179,120,37,83
120000180,258,34,224
120000181,69,778,-709
120000182,55,472,-417
120000183,5,264,-259
120000184,157,867,-710
120000186,21,532,-511
120000187,28,221,-193
120000188,59,465,-406
120000190,446,60,386
120000191,398,57,341
120000192,384,22,362
120000193,102,3,99
120000195,24,1,23
120000196,132,19,113
120000197,39,41,-2
120000198,107,58,49
120000199,50,0,50
120000200,107,0,107
120000201,13,12,1
120000202,2,42,-40
120000203,60,103,-43
120000207,1,42,-41
120000208,11,149,-138
120000209,2,48,-46
120000210,63,46,17
120000211,151,2,149
120000212,159,0,159
120000213,130,163,-33
120000214,2,169,-167
120000215,0,111,-111
120000216,89,20,69
120000217,446,818,-372
120000218,118,550,-432
120000219,2,323,-321
120000220,4,903,-899
120000225,1355,2,1353
120000226,298,3,295
120000227,774,52,722
120000228,7355,2267,5088
120000230,304,10,294
120000231,965,1736,-771
120000233,274,44,230
120000235,228,468,-240
120000236,778,3,775
120000237,1,649,-648
120000238,1,835,-834
120000241,907,2427,-1520
120000412,231,5,226
120000413,190,100,90
120000414,104,1,103
120000415,0,46,-46
120000416,137,3,134
120000417,6,74,-68
120000418,140,14,126
120000419,6,120,-114
120000420,296,63,233
120000421,6012,3623,2389
120000422,92,1162,-1070
120000423,2,50,-48
120000424,75,90,-15
120000436,106,592,-486
120000437,108,62,46
120000438,1531,146,1385
120000439,186,434,-248
120000443,185,0,185
120000444,1331,301,1030
120000445,1423,728,695
120000446,562,263,299
120000447,158,0,158
120000449,59,1,58
120000450,2,106,-104
120000451,77,142,-65
120000452,197,1,196
120000453,0,150,-150
120000454,89,69,20
120000455,77,37,40
120000456,1665,2454,-789
120000457,575,322,253
120000458,416,547,-131
120000459,63,60,3
120000665,460,201,259
120000668,83,589,-506
120000669,88,138,-50
120000670,115,578,-463
120000671,994,378,616
120000672,94,398,-304
120900001,63,102,-39
120900002,133,253,-120
120900003,113,14,99
120900004,11,50,-39
120900005,11,1052,-1041
120900006,325,184,141
120900007,155,89,66
120900008,239,810,-571
120900009,481,38,443
120900010,370,86,284
120900011,201,167,34
120900012,111,778,-667
120900013,236,92,144
120900014,4,239,-235
120900015,1173,71,1102
120900016,659,39,620
120900017,1488,47,1441
120900018,84,271,-187
120900019,447,322,125
120900020,514,998,-484
120900021,662,158,504
120900022,34,180,-146
120900023,301,86,215
120900024,1303,364,939
120900025,1054,664,390
120900026,154,83,71
120900027,673,26,647
120900028,349,110,239
120900029,80,462,-382
120900030,1073,642,431
120900031,240,98,142
120900032,1059,72,987
120900033,802,62,740
120900034,12,1867,-1855
120900035,18,27,-9
120900037,194,9,185
120900038,36,268,-232
120900039,67,31,36
120900040,200,3,197
120900041,82,23,59
120900042,478,27,451
120900043,70,37,33
120900044,18,228,-210
120900045,133,41,92
120900046,433,4,429
120900047,110,103,7
120900048,79,27,52
120900049,412,2,410
120900050,1214,1109,105
120900051,225,76,149
120900052,495,3,492
120900053,260,43,217
120900054,1368,274,1094
120900055,341,1,340
120900056,447,7,440
120900057,116,6,110
120900058,548,3,545
120900059,77,0,77
120900060,44,14,30
120900061,171,99,72
120900062,284,3,281
120900063,582,4,578
120900064,521,2,519
120900065,484,3,481
120900066,246,169,77
120900067,143,35,108
120900068,238,0,238
120900069,182,14,168
120900071,7,1,6
120900072,705,5,700
120900073,487,40,447
120900074,353,2,351
120900076,278,1,277
120900077,1355,110,1245
120900078,666,822,-156
120900079,476,71,405
120900080,809,1105,-296
120900081,939,103,836
120900082,318,335,-17
120900083,68,0,68
120900084,258,331,-73
120900085,51,93,-42
120900086,75,218,-143
120900087,368,334,34
120900088,123,282,-159
120900089,1846,2181,-335
120900090,189,85,104
120900091,550,826,-276
120900092,923,295,628
120900093,1278,102,1176
120900094,374,121,253
120900095,240,7,233
120900096,41,109,-68
120900097,557,475,82
120900098,180,95,85
120900099,63,37,26
120900100,41,110,-69
120900101,405,142,263
120900102,24,59,-35
120900103,35,148,-113
120900104,27,34,-7
120900105,29,285,-256
120900106,1080,339,741
120900107,128,81,47
120900108,11,328,-317
120900109,28,365,-337
120900110,44,420,-376
120900111,128,217,-89
120900112,9,547,-538
120900113,9,443,-434
120900114,32,73,-41
120900115,141,199,-58
120900116,340,243,97
120900117,3,290,-287
120900118,4,466,-462
120900119,4427,2738,1689
120900120,40,257,-217
120900121,133,325,-192
120900122,300,229,71
120900123,3,216,-213
120900124,3,368,-365
120900125,3,379,-376
120900126,1298,619,679
120900127,4,258,-254
120900128,1026,956,70
120900129,33,177,-144
120900130,0,115,-115
120900131,135,66,69
120900132,1023,140,883
120900133,107,468,-361
120900134,683,307,376
120900135,6,328,-322
120900136,44,62,-18
120900137,199,58,141
120900138,19,137,-118
120900139,2,417,-415
120900140,5,52,-47
120900141,71,134,-63
120900142,14,235,-221
120900143,1,505,-504
120900144,0,70,-70
120900145,301,648,-347
120900146,3,603,-600
120900147,55,370,-315
120900148,80,104,-24
120900149,0,150,-150
120900150,72,379,-307
120900151,27,380,-353
120900152,169,20,149
120900153,53,103,-50
120900154,2,140,-138
120900155,132,624,-492
120900156,124,240,-116
120900157,74,249,-175
120900158,83,460,-377
120900159,238,372,-134
120900160,22,610,-588
120900161,78,324,-246
120900162,166,549,-383
120900163,132,486,-354
120900164,0,40,-40
120900165,28,189,-161
120900166,27,278,-251
120900167,168,70,98
120900169,50,178,-128
120900170,581,2045,-1464
120900171,591,153,438
120900172,587,1166,-579
120900173,4,39,-35
120900174,7,70,-63
120900175,204,91,113
120900176,6,244,-238
120900177,1,1150,-1149
120900178,12,269,-257
120900179,640,284,356
120900180,50,123,-73
120900181,53,32,21
120900182,9,272,-263
120900183,445,31,414
120900184,273,39,234
120900185,6,248,-242
120900186,1,335,-334
120900187,409,728,-319
120900188,167,8,159
120900189,69,1303,-1234
120900190,79,7,72
120900191,14,10,4
120900192,5376,5927,-551
120900194,41,59,-18
120900195,84,216,-132
120900196,628,30,598
120900197,546,138,408
120900198,176,334,-158
120900199,343,306,37
120900200,39,85,-46
120900201,396,91,305
120900202,0,71,-71
120900203,26,68,-42
120900204,81,129,-48
120900205,42,29,13
120900206,12,29,-17
120900207,57,750,-693
121000001,537,721,-184
121000002,1424,953,471
121000003,1968,1117,851
121000004,1435,2161,-726
121000005,1175,1739,-564
121000006,1836,1206,630
121000007,1569,2102,-533
121000008,3200,2553,647
121000009,3002,3329,-327
121000010,4481,3445,1036
121000011,4718,6490,-1772
121000012,8373,6000,2373
121000013,3481,4222,-741
121000014,4154,3472,682
121000015,2442,4556,-2114
121000016,2779,2214,565
121000017,1321,2210,-889
121000018,1560,1204,356
121000019,10210,7984,2226
121000020,8638,11347,-2709
121000021,1906,1703,203
121000022,1838,1850,-12
121000023,2498,1828,670
121000024,3365,3305,60
121000025,359,930,-571
121000026,375,135,240
121000027,1042,838,204
121000028,576,254,322
121000029,614,440,174
121000030,464,281,183
121000031,478,454,24
121000032,175,126,49
121000034,225,206,19
121000035,136,127,9
121000036,684,553,131
121000037,378,450,-72
121000038,340,511,-171
121000039,203,178,25
121000041,322,289,33
121000042,127,273,-146
121000043,536,446,90
121000044,915,655,260
121000045,298,190,108
121000046,458,583,-125
121000047,207,206,1
121000049,1009,437,572
121000050,244,796,-552
121000051,442,194,248
121000052,327,532,-205
121000053,212,83,129
121000054,33,298,-265
121000055,759,863,-104
121000056,538,740,-202
121000057,136,286,-150
121000058,193,149,44
121000059,1296,770,526
121000060,337,641,-304
121000061,55,183,-128
121000062,94,253,-159
121000063,606,609,-3
121000064,528,617,-89
121000065,259,282,-23
121000066,526,398,128
121000067,374,363,11
121000068,354,231,123
121000069,215,397,-182
121000070,1307,851,456
121000071,1164,903,261
121000072,1234,541,693
121000073,991,644,347
121000074,228,140,88
121000075,26,91,-65
121000076,440,230,210
121000077,106,142,-36
121000078,66,121,-55
121000080,1273,411,862
121000081,1423,2127,-704
121000082,89,199,-110
121000083,109,104,5
121000084,108,117,-9
121000085,194,324,-130
121000086,239,411,-172
121000087,60,189,-129
121000088,333,424,-91
121000089,194,236,-42
121000090,226,307,-81
121000091,767,600,167
121000092,105,44,61
121000093,114,126,-12
121000094,339,487,-148
121000095,256,467,-211
121000096,1866,1451,415
121000097,503,1306,-803
121000098,442,709,-267
121000099,585,564,21
121000100,751,299,452
121000101,297,236,61
121000102,216,182,34
121000103,155,178,-23
121000104,182,84,98
121000105,294,136,158
121000106,234,210,24
121000107,1299,1982,-683
121000109,775,785,-10
121000110,216,446,-230
121000114,1927,1486,441
121000115,684,446,238
121000116,214,580,-366
121000117,398,175,223
121000118,1098,180,918
121000119,332,264,68
121000120,164,448,-284
121000121,343,959,-616
121000123,893,598,295
121000127,118,91,27
121000128,755,275,480
121000129,1082,416,666
121000130,570,588,-18
121000131,1287,1264,23
121000132,1057,1379,-322
121000135,196,227,-31
121000136,762,553,209
121000137,285,201,84
121000138,563,729,-166
121000139,344,242,102
121000141,150,109,41
121000142,508,665,-157
121000143,83,19,64
121000144,476,1201,-725
121000145,442,749,-307
121000146,925,732,193
121000147,759,363,396
121000148,637,784,-147
121000149,1616,1013,603
121000152,391,338,53
121000153,1248,441,807
121000154,761,334,427
121000155,889,655,234
121000156,345,666,-321
121000157,683,1050,-367
121000158,356,331,25
121000159,154,263,-109
121000160,203,300,-97
121000161,182,181,1
121000162,78,96,-18
121000165,863,1266,-403
121000166,7,342,-335
121000168,225,197,28
121000169,39,94,-55
121000170,272,67,205
121000171,45,74,-29
121000172,578,568,10
121000173,876,788,88
121000174,287,343,-56
121000175,792,222,570
121000176,326,203,123
121000177,571,455,116
121000178,87,47,40
121000179,84,60,24
121000181,485,263,222
121000182,111,155,-44
121000183,78,98,-20
121000184,36,76,-40
121000185,38,157,-119
121000186,182,301,-119
121000187,114,105,9
121000188,109,91,18
121000192,597,300,297
121000193,532,335,197
121000194,1360,1374,-14
121000195,145,644,-499
121000196,358,164,194
121000197,134,447,-313
121000198,113,67,46
121000199,106,218,-112
121000200,332,66,266
121000201,1,131,-130
121000202,502,90,412
121000203,612,1363,-751
121000204,2086,418,1668
121000205,62,119,-57
121000206,74,24,50
121000207,1502,280,1222
121000208,5,172,-167
121000209,314,148,166
121000210,476,265,211
121000211,257,88,169
121000212,319,362,-43
121000213,6271,1777,4494
121000214,534,1231,-697
121000215,733,609,124
121000216,317,446,-129
121000217,2436,2386,50
121000218,312,1084,-772
121000219,933,434,499
121000220,117,55,62
121000221,90,189,-99
121000222,1582,1385,197
121000223,268,390,-122
121000224,207,266,-59
121000225,767,1572,-805
121000226,2083,955,1128
121000227,18,133,-115
121000228,18,515,-497
121000229,270,225,45
121000230,42,1006,-964
121000231,745,40,705
121000232,302,196,106
121000233,442,224,218
121000234,21,22,-1
121000235,40,58,-18
121000236,7,39,-32
121000237,55,14,41
121000238,2,41,-39
121000239,36,5,31
121000240,6,149,-143
121000241,71,15,56
121000242,41,448,-407
121000243,379,45,334
121000244,3,88,-85
121000245,48,12,36
121000246,0,89,-89
121000247,76,5,71
121000248,424,455,-31
121000249,69,133,-64
121000250,338,161,177
121000251,12,249,-237
121000252,82,59,23
121000253,250,218,32
121000254,544,179,365
121000255,86,211,-125
121000256,150,162,-12
121000257,23,94,-71
121000258,62,48,14
121000259,29,32,-3
121000260,42,61,-19
121000261,34,64,-30
121000262,619,357,262
121000263,381,370,11
121000271,230,882,-652
121000273,26,5,21
121000274,6,58,-52
121000275,1,13,-12
121000276,7,41,-34
121000278,51,11,40
121000279,18,21,-3
121000280,13,25,-12
121000289,169,21,148
121000290,671,623,48
121000294,125,55,70
121000297,510,818,-308
121000299,73,418,-345
121000300,527,321,206
121000302,25,471,-446
121000303,342,200,142
121000304,363,39,324
121000305,142,19,123
121000306,102,103,-1
121000308,126,223,-97
121000309,215,299,-84
121000310,78,193,-115
121000311,43,455,-412
121000312,175,134,41
121000313,192,270,-78
121000314,35,50,-15
121000315,20,46,-26
121000530,1161,893,268
121000531,1230,1349,-119
121000532,4412,5080,-668
121000533,2137,2176,-39
121000918,26,105,-79
121000919,47,68,-21
121000938,53,106,-53
121000939,64,94,-30
121000956,1186,722,464
121000957,3,19,-16
121000958,29,25,4
121000959,638,515,123
121000960,1078,1312,-234
121000961,247,37,210
121000962,273,405,-132
121000973,1,125,-124
121000976,10,152,-142
121000979,329,119,210
121000981,343,95,248
121000982,292,104,188
121000983,355,263,92
121000984,6,55,-49
121000985,530,328,202
121000986,209,84,125
121000987,205,554,-349
121000988,691,99,592
121001302,153,71,82
121001308,1,15,-14
121001309,21,91,-70
121001313,116,135,-19
121001314,1386,1745,-359
121001315,3380,1969,1411
121001326,393,287,106
121900001,110,174,-64
121900002,39,24,15
121900003,309,8,301
121900004,65,320,-255
121900005,27,7,20
121900006,68,9,59
121900007,1142,1142,0
121900008,128,131,-3
121900009,315,13,302
121900010,128,0,128
121900011,107,207,-100
121900012,9,0,9
121900013,808,79,729
121900014,832,256,576
121900015,131,107,24
121900016,4,43,-39
121900017,469,360,109
121900018,252,9,243
121900019,286,158,128
121900020,29,1,28
121900021,628,16,612
121900022,187,160,27
121900023,79,144,-65
121900024,219,70,149
121900025,394,289,105
121900026,172,11,161
121900027,202,83,119
121900028,171,8,163
121900029,48,110,-62
121900030,297,384,-87
121900031,635,4546,-3911
121900032,70,38,32
121900033,138,188,-50
121900034,193,56,137
121900035,1766,1399,367
121900036,49,242,-193
121900037,105,759,-654
121900038,21,56,-35
121900039,247,22,225
121900040,42,84,-42
121900041,64,170,-106
121900042,197,85,112
121900043,4,3,1
121900044,77,22,55
121900046,165,210,-45
121900047,133,43,90
121900048,12,62,-50
121900050,38,35,3
121900051,132,152,-20
121900052,104,29,75
121900053,342,223,119
121900054,377,523,-146
121900055,0,15,-15
121900058,183,99,84
121900059,252,104,148
121900060,94,249,-155
121900062,75,71,4
121900063,1047,311,736
121900064,193,340,-147
121900066,57,14,43
121900067,55,14,41
121900069,147,73,74
121900070,101,129,-28
121900071,282,182,100
121900072,36,118,-82
121900073,175,160,15
121900074,471,601,-130
121900075,256,369,-113
121900076,248,496,-248
121900078,64,21,43
121900079,0,0,0
121900080,519,213,306
121900082,39,62,-23
121900084,18,67,-49
121900086,18,48,-30
121900087,123,65,58
121900088,941,1344,-403
121900089,125,190,-65
121900090,37,58,-21
121900091,57,71,-14
121900092,58,89,-31
121900093,66,51,15
121900094,11,6,5
121900095,204,115,89
121900096,663,640,23
121900097,408,140,268
121900098,3,0,3
121900099,190,52,138
121900100,93,324,-231
121900101,87,122,-35
121900102,2,73,-71
121900103,290,204,86
121900104,1007,202,805
121900105,168,139,29
121900106,0,2,-2
121900107,34,31,3
121900108,1,16,-15
121900109,185,138,47
121900110,373,428,-55
121900111,497,111,386
121900112,76,122,-46
121900113,40,263,-223
121900114,24,47,-23
121900117,73,47,26
121900118,1286,395,891
121900119,132,85,47
121900120,28,683,-655
121900121,247,27,220
121900122,38,33,5
121900123,204,229,-25
121900124,166,130,36
121900125,721,533,188
121900127,12,45,-33
121900128,37,60,-23
121900129,331,116,215
121900130,67,146,-79
121900131,241,87,154
121900132,18,54,-36
121900133,73,933,-860
121900134,14,99,-85
121900135,2298,240,2058
121900136,385,245,140
121900137,12,153,-141
121900138,37,69,-32
121900139,229,497,-268
121900140,41,114,-73
121900141,57,20,37
121900142,103,75,28
121900143,5,100,-95
121900144,91,143,-52
121900145,225,214,11
121900146,374,464,-90
121900147,46,104,-58
121900148,125,178,-53
121900149,184,358,-174
121900150,37,85,-48
121900151,51,175,-124
121900152,63,73,-10
121900153,61,441,-380
121900154,12,152,-140
121900155,0,42,-42
121900156,134,84,50
121900157,2,265,-263
121900158,50,84,-34
121900159,1,148,-147
121900160,1,248,-247
121900161,173,196,-23
121900162,60,102,-42
121900163,229,413,-184
121900164,225,137,88
121900165,157,108,49
121900166,157,112,45
121900167,48,83,-35
121900168,104,125,-21
121900169,4,115,-111
121900170,2,122,-120
121900171,544,340,204
121900172,374,116,258
121900173,426,137,289
121900174,47,41,6
121900175,99,164,-65
121900176,420,909,-489
121900177,142,66,76
121900178,66,31,35
121900179,491,152,339
121900180,1802,2740,-938
121900182,493,303,190
121900183,393,763,-370
121900184,36,438,-402
121900186,4,226,-222
121900187,29,76,-47
121900188,306,291,15
121900189,23,42,-19
121900190,196,302,-106
121900191,130,222,-92
121900192,195,702,-507
121900193,33,129,-96
121900194,0,111,-111
121900195,59,55,4
121900196,416,525,-109
121900197,304,855,-551
121900198,852,671,181
121900199,2,34,-32
121900200,60,164,-104
121900201,612,445,167
121900202,56,617,-561
121900203,121,490,-369
121900204,414,817,-403
121900205,5,80,-75
121900206,25,17,8
121900207,80,15,65
121900208,90,216,-126
121900209,53,25,28
121900210,961,575,386
121900211,335,436,-101
121900212,183,75,108
121900213,129,44,85
121900214,7,274,-267
121900215,64,74,-10
121900216,27,137,-110
121900217,124,107,17
121900218,130,268,-138
121900220,90,7,83
121900221,192,317,-125
121900222,154,68,86
121900223,86,24,62
121900224,42,20,22
121900225,69,105,-36
121900226,158,54,104
121900227,240,455,-215
121900228,139,161,-22
121900230,64,97,-33
121900231,132,367,-235
121900232,78,223,-145
121900233,89,104,-15
121900234,170,117,53
121900235,265,82,183
121900236,246,89,157
121900237,128,196,-68
121900238,75,151,-76
121900239,103,11,92
121900240,168,62,106
121900241,43,42,1
121900242,1,0,1
121900243,4,0,4
121900244,29,0,29
121900245,132,37,95
121900246,1725,248,1477
121900248,758,922,-164
121900250,132,200,-68
121900251,370,40,330
121900252,298,74,224
121900253,95,590,-495
121900254,293,145,148
121900255,326,40,286
121900258,2334,1215,1119
121900259,291,389,-98
121900260,42,85,-43
121900261,151,403,-252
121900262,251,589,-338
121900263,164,128,36
121900264,987,644,343
121900265,157,185,-28
121900266,357,98,259
121900267,81,25,56
121900269,124,497,-373
121900270,17,120,-103
121900271,29,83,-54
121900273,282,1142,-860
121900274,210,133,77
121900277,382,836,-454
121900278,55,641,-586
121900279,83,143,-60
121900280,56,210,-154
121900281,142,171,-29
121900284,50,5,45
121900286,74,83,-9
121900287,8,9,-1
121900288,6,1,5
121900290,195,312,-117
121900291,235,421,-186
121900292,81,88,-7
121900293,699,1863,-1164
121900294,153,0,153
121900295,73,105,-32
121900296,44,75,-31
121900298,205,539,-334
121900299,0,3,-3
121900300,63,6,57
121900301,57,1,56
121900302,6,28,-22
121900303,182,175,7
121900304,3,15,-12
121900305,6,22,-16
121900306,183,0,183
121900307,85,2,83
121900308,17,181,-164
121900309,6,163,-157
121900310,5,334,-329
121900311,322,9,313
121900312,206,10,196
121900313,264,12,252
121900314,3,46,-43
121900315,12,0,12
121900316,0,15,-15
121900317,11,4,7
121900318,1,12,-11
121900319,20,61,-41
121900320,23,44,-21
121900321,10,0,10
121900322,1,10,-9
121900323,15,11,4
121900324,2,36,-34
121900325,14,0,14
121900326,3,3,0
121900327,3,34,-31
121900328,0,29,-29
121900329,4,123,-119
121900330,0,61,-61
121900331,7,28,-21
121900332,44,13,31
121900333,27,1,26
121900334,117,46,71
122000001,1265,3424,-2159
122000002,2568,976,1592
122000003,1153,2009,-856
122000004,1816,963,853
122000005,1953,1349,604
122000006,1075,708,367
122000007,648,1178,-530
122000008,1754,2599,-845
122000009,373,300,73
122000010,1403,1727,-324
122000011,1884,973,911
122000012,839,1117,-278
122000013,699,762,-63
122000014,1423,861,562
122000015,869,629,240
122000016,416,571,-155
122000017,727,681,46
122000018,1002,861,141
122000019,609,806,-197
122000020,129,178,-49
122000021,169,282,-113
122000022,725,689,36
122000023,481,1037,-556
122000024,409,904,-495
122000025,549,1113,-564
122000026,507,934,-427
122000027,472,1132,-660
122000028,547,317,230
122000029,285,290,-5
122000030,164,116,48
122000031,125,257,-132
122000032,1342,1208,134
122000033,391,1026,-635
122000034,387,366,21
122000035,153,479,-326
122000036,405,353,52
122000037,181,167,14
122000038,156,204,-48
122000039,468,295,173
122000040,157,203,-46
122000041,306,449,-143
122000042,227,295,-68
122000043,63,64,-1
122000044,91,86,5
122000045,964,386,578
122000046,578,441,137
122000047,111,120,-9
122000048,2208,2688,-480
122000049,3513,2506,1007
122000050,922,521,401
122000051,156,245,-89
122000052,322,286,36
122000053,130,613,-483
122000054,1515,1285,230
122000055,1377,2406,-1029
122000056,2652,2183,469
122000057,2159,2542,-383
122000058,1207,1241,-34
122000059,1310,1647,-337
122000060,347,530,-183
122000061,275,385,-110
122000062,574,252,322
122000063,660,627,33
122000064,2072,2392,-320
122000065,2299,1621,678
122000066,284,365,-81
122000067,1015,814,201
122000068,1047,635,412
122000069,662,620,42
122000070,575,863,-288
122000071,1167,751,416
122000072,341,352,-11
122000073,246,573,-327
122000074,1737,1048,689
122000075,506,775,-269
122000076,2185,1050,1135
122000077,626,874,-248
122000078,1027,2247,-1220
122000079,578,998,-420
122000080,439,318,121
122000081,139,187,-48
122000082,431,774,-343
122000083,1169,1040,129
122000084,1075,546,529
122000085,175,541,-366
122000086,1502,3274,-1772
122000087,216,157,59
122000088,170,241,-71
122000089,2743,1464,1279
122000090,116,363,-247
122000091,85,70,15
122000092,43,20,23
122000093,1053,1590,-537
122000094,3231,1419,1812
122000095,1061,2152,-1091
122000096,1002,1061,-59
122000098,1853,1718,135
122000099,1147,530,617
122000100,534,395,139
122000101,221,439,-218
122000102,1304,819,485
122000103,1206,1085,121
122000104,341,113,228
122000105,534,200,334
122000106,279,435,-156
122000107,739,271,468
122000108,304,517,-213
122000109,274,172,102
122000110,263,399,-136
122000111,1927,869,1058
122000112,792,1021,-229
122000113,468,544,-76
122000114,1606,1182,424
122000115,1293,807,486
122000116,345,442,-97
122000117,1041,330,711
122000118,462,542,-80
122000119,2172,1492,680
122000120,1032,2780,-1748
122000121,1083,2318,-1235
122000122,479,1029,-550
122000123,1142,1198,-56
122000124,598,373,225
122000125,417,535,-118
122000126,358,558,-200
122000127,646,758,-112
122000128,296,423,-127
122000129,420,971,-551
122000130,1958,938,1020
122000131,837,764,73
122000132,289,379,-90
122000133,637,770,-133
122000134,724,595,129
122000135,527,493,34
122000136,507,410,97
122000137,1093,606,487
122000139,769,2174,-1405
122000140,567,456,111
122000141,2362,665,1697
122000142,190,509,-319
122000143,273,318,-45
122000144,834,692,142
122000145,893,650,243
122000146,728,936,-208
122000147,481,339,142
122000148,1117,1309,-192
122000149,1442,1180,262
122000150,913,709,204
122000151,118,224,-106
122000152,211,228,-17
122000153,256,223,33
122000154,203,196,7
122000155,1176,1843,-667
122000156,1682,1704,-22
122000157,763,1559,-796
122000158,272,449,-177
122000159,504,1118,-614
122000160,1849,1643,206
122000161,751,728,23
122000162,1207,1227,-20
122000163,138,49,89
122000164,42,70,-28
122000165,567,488,79
122000166,685,718,-33
122000167,180,189,-9
122000168,141,420,-279
122000169,254,145,109
122000170,236,130,106
122000171,27,47,-20
122000172,1162,880,282
122000173,983,1481,-498
122000174,1368,686,682
122000175,631,163,468
122000176,200,551,-351
122000177,910,979,-69
122000178,1681,1458,223
122000179,1251,1574,-323
122000180,1018,882,136
122000181,943,1787,-844
122000182,970,897,73
122000183,1212,712,500
122000184,1726,1518,208
122000185,912,1298,-386
122000186,309,613,-304
122000187,1277,754,523
122000188,303,150,153
122000189,173,226,-53
122000190,562,816,-254
122000191,450,420,30
122000192,738,293,445
122000193,323,471,-148
122000194,333,134,199
122000195,149,369,-220
122000196,722,595,127
122000197,410,526,-116
122000198,348,594,-246
122000199,223,237,-14
122000200,638,408,230
122000201,888,1073,-185
122000202,840,1037,-197
122000203,1980,1086,894
122000204,903,1282,-379
122000205,874,987,-113
122000206,1834,695,1139
122000207,1348,1042,306
122000208,1382,991,391
122000209,1188,280,908
122000210,1462,1163,299
122000211,895,830,65
122000212,513,422,91
122000213,663,958,-295
122000214,1380,1269,111
122000215,1541,1136,405
122000217,1216,878,338
122000218,515,54,461
122000219,720,573,147
122000220,277,457,-180
122000221,77,261,-184
122000222,365,121,244
122000223,857,447,410
122000225,535,342,193
122000226,1146,1126,20
122000227,141,1430,-1289
122000228,267,303,-36
122000229,46,378,-332
122000230,134,346,-212
122000231,337,607,-270
122000232,502,514,-12
122000233,0,76,-76
122000234,305,82,223
122000235,671,82,589
122000236,803,55,748
122000237,88,61,27
122000238,252,225,27
122000239,572,358,214
122000240,810,447,363
122000241,1327,353,974
122000242,414,70,344
122000243,236,96,140
122000244,76,254,-178
122000245,95,193,-98
122000246,326,149,177
122000247,430,557,-127
122000248,813,999,-186
122000249,880,811,69
122000250,1495,830,665
122000251,151,338,-187
122000252,336,91,245
122000253,73,176,-103
122000254,203,88,115
122000255,429,880,-451
122000256,260,485,-225
122000257,163,163,0
122000258,175,193,-18
122000259,26,362,-336
122000260,159,467,-308
122000261,9,172,-163
122000262,0,30,-30
122000263,256,128,128
122000264,885,270,615
122000265,1551,696,855
122000266,2839,510,2329
122000267,191,96,95
122000268,79,257,-178
122000269,605,220,385
122000270,395,119,276
122000271,233,675,-442
122000272,321,549,-228
122000273,300,272,28
122000274,142,144,-2
122000275,182,207,-25
122000276,505,388,117
122000277,755,1234,-479
122000278,1516,565,951
122000279,171,272,-101
122000280,558,336,222
122000281,571,458,113
122000282,223,320,-97
122000283,247,106,141
122000284,172,92,80
122000285,348,69,279
122000286,59,82,-23
122000287,863,1005,-142
122000288,442,191,251
122000291,1476,522,954
122000293,147,258,-111
122000294,94,226,-132
122000295,1078,164,914
122000296,41,494,-453
122000297,1759,2661,-902
122000299,374,252,122
122000300,426,374,52
122000301,6153,2337,3816
122000302,394,1157,-763
122000303,2181,870,1311
122000304,67,189,-122
122000305,859,450,409
122000306,44,402,-358
122000307,108,98,10
122000309,37,27,10
122000310,16,129,-113
122000311,199,132,67
122000312,132,191,-59
122000313,179,75,104
122000314,92,186,-94
122000315,222,61,161
122000316,677,130,547
122000317,1114,211,903
122000318,153,372,-219
122000319,138,189,-51
122000320,233,767,-534
122000321,95,106,-11
122000322,1249,1548,-299
122000323,780,1634,-854
122000324,689,965,-276
122000325,593,1438,-845
122000326,69,63,6
122000327,267,528,-261
122000328,475,349,126
122000330,1286,530,756
122000333,14,60,-46
122000337,842,840,2
122000338,316,218,98
122000340,234,430,-196
122000342,1035,595,440
122000343,312,709,-397
122000344,57,13,44
122000345,185,56,129
122000346,216,264,-48
122000348,508,503,5
122000349,44,311,-267
122000351,157,170,-13
122000352,250,152,98
122000353,67,54,13
122000355,123,228,-105
122000356,779,786,-7
122000357,48,19,29
122000358,0,33,-33
122000359,0,15,-15
122000360,0,22,-22
122000362,6,44,-38
122000364,120,197,-77
122000365,6,36,-30
122000366,2,4,-2
122000368,301,454,-153
122000370,19,34,-15
122000371,30,0,30
122000372,16,0,16
122000381,67,217,-150
122000382,55,260,-205
122000384,1443,822,621
122000385,47,0,47
122000386,191,782,-591
122000387,340,553,-213
122000388,753,502,251
122000389,134,533,-399
122000390,222,167,55
122000391,232,205,27
122000392,140,129,11
122000393,250,270,-20
122000394,357,153,204
122000395,88,92,-4
122000396,233,76,157
122000397,23,19,4
122000398,14,40,-26
122000399,110,44,66
122000400,75,395,-320
122000401,108,59,49
122000402,193,96,97
122000403,336,543,-207
122000404,129,120,9
122000408,474,664,-190
122000503,11,81,-70
122000524,126,105,21
122000544,58,1501,-1443
122000614,344,285,59
122000616,207,1,206
122000640,69,83,-14
122000641,150,153,-3
122000642,798,607,191
122000643,61,123,-62
122000644,92,27,65
122000645,61,140,-79
122000651,726,704,22
122000664,92,18,74
122000665,942,402,540
122000666,443,849,-406
122000673,24,163,-139
122000674,139,67,72
122000675,1379,625,754
122000686,697,784,-87
122000687,1381,262,1119
122000688,178,426,-248
122000689,723,282,441
122000690,1929,258,1671
122000691,661,1047,-386
122000692,931,204,727
122000693,297,991,-694
122000695,223,242,-19
122000696,345,138,207
122000698,269,448,-179
122000699,112,38,74
122000701,1066,200,866
122000702,373,697,-324
122000703,109,26,83
122000717,59,42,17
122000718,535,1512,-977
122000719,115,64,51
122000720,463,113,350
122000724,165,174,-9
122900001,16,7,9
122900002,736,3699,-2963
122900003,291,19,272
122900004,746,42,704
122900005,78,33,45
122900006,293,321,-28
122900007,112,78,34
122900008,287,139,148
122900009,315,185,130
122900010,121,88,33
122900012,158,270,-112
122900014,124,142,-18
122900015,788,591,197
122900016,103,136,-33
122900017,233,456,-223
122900018,108,29,79
122900020,139,284,-145
122900021,56,323,-267
122900022,711,580,131
122900023,240,84,156
122900024,69,80,-11
122900025,7,175,-168
122900026,31,165,-134
122900027,39,530,-491
122900028,98,88,10
122900029,2921,1851,1070
122900030,683,380,303
122900031,36,164,-128
122900032,87,240,-153
122900033,209,108,101
122900034,3084,3101,-17
122900035,13,10,3
122900036,38,57,-19
122900037,246,110,136
122900038,64,1723,-1659
122900039,74,350,-276
122900040,154,276,-122
122900041,215,266,-51
122900042,92,183,-91
122900043,193,177,16
122900044,59,188,-129
122900045,93,73,20
122900046,134,174,-40
122900047,95,137,-42
122900048,39,134,-95
122900049,1082,128,954
122900051,85,107,-22
122900052,112,146,-34
122900053,21,34,-13
122900055,173,46,127
122900057,199,43,156
122900061,346,114,232
122900062,455,385,70
122900063,125,169,-44
122900064,597,343,254
122900065,360,164,196
122900066,534,260,274
122900067,626,540,86
122900069,213,812,-599
122900070,325,41,284
122900071,98,245,-147
122900073,30,154,-124
122900074,540,343,197
122900075,0,35,-35
122900076,4,126,-122
122900077,10,87,-77
122900078,111,57,54
122900080,23,39,-16
122900081,127,138,-11
122900082,630,202,428
122900083,98,113,-15
122900084,13,146,-133
122900086,14,96,-82
122900087,280,283,-3
122900088,24,166,-142
122900089,127,235,-108
122900090,4,250,-246
122900091,205,1,204
122900092,0,67,-67
122900093,1,144,-143
122900094,1,99,-98
122900095,103,11,92
122900096,196,107,89
122900097,18,38,-20
122900098,52,73,-21
122900099,85,8,77
122900100,92,165,-73
122900101,293,161,132
122900102,28,22,6
122900103,131,7,124
122900104,197,2,195
122900105,14,7,7
122900106,2,38,-36
122900107,2,100,-98
122900108,1,100,-99
122900109,127,80,47
123000001,862,357,505
123000002,2189,3472,-1283
123000003,2836,2871,-35
123000004,2317,2820,-503
123000005,2043,1943,100
123000006,1807,1843,-36
123000007,3279,2556,723
123000008,2331,2507,-176
123000009,3242,2206,1036
123000010,2472,2580,-108
123000011,1540,586,954
123000012,550,1512,-962
123000013,2457,751,1706
123000014,664,2318,-1654
123000015,1614,766,848
123000016,2539,2890,-351
123000017,2646,1397,1249
123000018,69,85,-16
123000019,290,125,165
123000020,203,42,161
123000021,108,132,-24
123000022,240,1149,-909
123000023,1333,1379,-46
123000024,1171,527,644
123000025,233,68,165
123000026,45,56,-11
123000027,116,388,-272
123000028,777,721,56
123000029,612,941,-329
123000030,158,186,-28
123000031,173,143,30
123000032,261,95,166
123000033,194,82,112
123000034,757,476,281
123000035,269,259,10
123000036,169,631,-462
123000037,289,246,43
123000038,42,189,-147
123000039,322,1064,-742
123000040,525,249,276
123000041,731,844,-113
123000042,592,423,169
123000043,1086,4582,-3496
123000044,2814,1619,1195
123000045,2883,1386,1497
123000046,382,1053,-671
123000047,1088,685,403
123000048,43,683,-640
123000049,3917,7232,-3315
123000050,1052,1180,-128
123000051,85,157,-72
123000052,595,2181,-1586
123000053,1745,1953,-208
123000054,1074,1012,62
123000055,935,1709,-774
123000056,948,1116,-168
123000057,5245,3451,1794
123000058,980,1199,-219
123000059,478,392,86
123000060,616,496,120
123000061,208,541,-333
123000063,571,619,-48
123000064,720,219,501
123000065,3128,1772,1356
123000066,455,465,-10
123000067,604,439,165
123000068,1779,1626,153
123000069,3970,1910,2060
123000070,178,421,-243
123000071,822,599,223
123000072,836,582,254
123000073,1104,600,504
123000074,900,689,211
123000075,258,791,-533
123000076,552,397,155
123000077,1608,1507,101
123000078,1311,1138,173
123000079,1252,1261,-9
123000080,1708,1120,588
123000081,102,205,-103
123000082,185,627,-442
123000083,430,194,236
123000084,486,340,146
123000085,388,125,263
123000086,366,94,272
123000087,391,148,243
123000088,1173,665,508
123000089,497,820,-323
123000090,983,637,346
123000091,1069,926,143
123000092,784,815,-31
123000094,371,152,219
123000095,386,692,-306
123000096,628,259,369
123000097,412,483,-71
123000098,562,352,210
123000099,468,448,20
123000100,399,538,-139
123000101,441,406,35
123000102,445,519,-74
123000104,330,346,-16
123000105,321,276,45
123000106,381,327,54
123000107,266,344,-78
123000108,525,698,-173
123000111,630,286,344
123000112,811,362,449
123000113,231,436,-205
123000114,260,475,-215
123000115,258,288,-30
123000116,37,69,-32
123000117,1136,1099,37
123000118,300,538,-238
123000119,217,473,-256
123000120,271,492,-221
123000121,349,376,-27
123000122,245,154,91
123000123,396,396,0
123000124,360,306,54
123000125,616,425,191
123000126,1266,4262,-2996
123000127,454,458,-4
123000128,207,188,19
123000129,496,120,376
123000130,513,64,449
123000131,782,663,119
123000132,196,350,-154
123000133,155,262,-107
123000134,231,93,138
123000135,1048,853,195
123000136,110,416,-306
123000137,71,173,-102
123000138,60,196,-136
123000139,371,63,308
123000140,56,350,-294
123000141,416,101,315
123000142,755,677,78
123000143,833,1304,-471
123000144,20,44,-24
123000145,137,166,-29
123000146,15,75,-60
123000147,34,65,-31
123000149,286,216,70
123000150,96,167,-71
123000151,180,366,-186
123000152,73,422,-349
123000153,131,466,-335
123000154,1024,1222,-198
123000155,1369,1031,338
123000156,14,72,-58
123000157,500,630,-130
123000158,408,519,-111
123000159,2076,1742,334
123000160,1022,1064,-42
123000161,1009,651,358
123000162,977,1008,-31
123000163,389,328,61
123000164,1176,279,897
123000165,382,966,-584
123000166,32,94,-62
123000167,93,166,-73
123000168,224,137,87
123000169,579,106,473
123000170,103,82,21
123000171,431,12,419
123000172,131,255,-124
123000173,376,178,198
123000174,666,256,410
123000175,380,606,-226
123000176,693,195,498
123000177,202,586,-384
123000178,598,93,505
123000179,47,336,-289
123000180,1251,249,1002
123000181,189,764,-575
123000182,168,166,2
123000183,107,370,-263
123000185,558,274,284
123000186,4,272,-268
123000187,570,12,558
123000188,213,0,213
123000189,35,143,-108
123000190,32,193,-161
123000192,31,206,-175
123000193,92,577,-485
123000194,355,263,92
123000195,343,59,284
123000196,199,81,118
123000197,104,61,43
123000198,34,384,-350
123000199,39,598,-559
123000200,239,6,233
123000201,749,32,717
123000202,55,634,-579
123000203,739,44,695
123000204,67,675,-608
123000205,304,995,-691
123000206,1582,210,1372
123000207,173,748,-575
123000208,578,150,428
123000209,1583,414,1169
123000210,316,1192,-876
123000211,455,1274,-819
123000212,2266,410,1856
123000213,527,76,451
123000215,48,224,-176
123000216,135,549,-414
123000217,140,47,93
123000218,39,403,-364
123000219,401,59,342
123000220,359,132,227
123000221,141,56,85
123000222,243,171,72
123000223,251,142,109
123000224,316,218,98
123000225,181,51,130
123000226,42,233,-191
123000227,50,204,-154
123000228,191,52,139
123000229,655,833,-178
123000232,100,367,-267
123000233,550,83,467
123000234,122,404,-282
123000235,832,139,693
123000236,184,383,-199
123000237,234,36,198
123000238,55,247,-192
123000239,285,650,-365
123000240,37,356,-319
123000241,269,47,222
123000242,80,145,-65
123000243,689,667,22
123000244,682,507,175
123000245,35,97,-62
123000249,368,462,-94
123000252,696,165,531
123000253,1007,342,665
123000254,627,532,95
123000255,842,549,293
123000256,32,154,-122
123000257,1283,877,406
123000258,873,818,55
123000259,314,361,-47
123000260,466,256,210
123000261,156,86,70
123000262,101,137,-36
123000263,387,75,312
123000264,163,60,103
123000265,70,82,-12
123000266,394,382,12
123000267,531,269,262
123000268,49,59,-10
123000269,53,38,15
123000270,23,32,-9
123000271,54,60,-6
123000272,517,264,253
123000273,244,477,-233
123000274,915,369,546
123000275,198,521,-323
123000278,1600,1620,-20
123000279,101,70,31
123000280,258,248,10
123000281,278,70,208
123000282,85,172,-87
123000283,125,67,58
123000284,73,54,19
123000286,117,266,-149
123000287,352,198,154
123000288,913,575,338
123000289,302,735,-433
123000291,189,662,-473
123000294,214,218,-4
123000295,767,724,43
123000296,575,346,229
123000297,588,409,179
123000298,567,263,304
123000299,180,245,-65
123000300,1171,950,221
123000301,137,251,-114
123000302,73,109,-36
123000303,91,174,-83
123000305,584,599,-15
123000306,106,90,16
123000309,49,35,14
123000310,38,30,8
123000311,60,78,-18
123000312,460,496,-36
123000313,502,306,196
123000315,128,178,-50
123000316,605,261,344
123000317,164,46,118
123000318,48,151,-103
123000329,17,27,-10
123000337,736,430,306
123000338,226,76,150
123000339,165,69,96
123000340,88,186,-98
123000342,26,76,-50
123000343,36,10,26
123000344,805,283,522
123000345,235,426,-191
123000346,360,63,297
123000352,758,500,258
123000353,50,62,-12
123000354,582,24,558
123000355,0,378,-378
123000356,326,3,323
123000357,8,99,-91
123000359,10,88,-78
123000360,134,79,55
123000361,153,162,-9
123000362,251,57,194
123000363,46,120,-74
123000364,274,438,-164
123000365,30,240,-210
123000366,255,1286,-1031
123000367,704,811,-107
123000370,19,262,-243
123000371,380,32,348
123000372,217,31,186
123000373,7,157,-150
123000374,17,103,-86
123000375,236,86,150
123000376,700,609,91
123000377,213,8,205
123000378,8,176,-168
123000379,3,113,-110
123000380,32,228,-196
123000381,85,89,-4
123000382,554,110,444
123000383,103,728,-625
123000384,339,86,253
123000385,108,284,-176
123000436,40,785,-745
123000507,80,132,-52
123000508,147,680,-533
123000517,159,24,135
123000518,19,157,-138
123000519,111,48,63
123000520,21,136,-115
123000521,261,84,177
123000522,119,230,-111
123000541,7,1,6
123000542,1,7,-6
123000565,673,45,628
123000566,216,304,-88
123000567,65,166,-101
123000573,35,492,-457
123000574,546,50,496
123000575,1007,616,391
123000576,659,764,-105
123000577,30,447,-417
123000578,338,37,301
123000579,1195,3814,-2619
123000580,88,32,56
123000582,258,26,232
123000583,10,203,-193
123000584,131,175,-44
123000585,1,40,-39
123000586,92,16,76
123000596,54,62,-8
123000597,39,111,-72
123000602,42,24,18
123000603,681,436,245
123000604,499,358,141
123000605,624,17,607
123000606,0,332,-332
123000609,8,171,-163
123000610,122,82,40
123000613,22,126,-104
123000614,165,34,131
123000615,40,134,-94
123000616,527,32,495
123000617,58,180,-122
123000618,35,393,-358
123000619,315,18,297
123000620,18,307,-289
123000622,305,6,299
123000624,118,85,33
123000630,1178,375,803
123000631,152,655,-503
123000632,700,759,-59
123000633,1,209,-208
123000634,31,112,-81
123000635,58,67,-9
123000636,39,343,-304
123000637,171,12,159
123000638,446,27,419
123000639,571,3026,-2455
123000640,52,293,-241
123000648,983,178,805
123000649,150,581,-431
123000650,82,48,34
123000651,22,145,-123
123000652,284,37,247
123000653,52,101,-49
123000654,62,105,-43
123900001,776,54,722
123900002,15,930,-915
123900003,141,243,-102
123900005,130,133,-3
123900006,181,51,130
124000001,1328,84,1244
124000002,17,428,-411
124000003,613,125,488
124000004,58,315,-257
124000005,731,298,433
124000006,180,632,-452
124000007,328,83,245
124000008,5,281,-276
124000009,536,138,398
124000010,162,284,-122
124000011,592,161,431
124000012,181,261,-80
124000017,125,100,25
124000018,110,31,79
124000019,87,101,-14
124000020,37,84,-47
124000021,100,59,41
124000022,75,122,-47
124000023,462,142,320
124000024,777,258,519
124000025,503,345,158
124000026,489,251,238
124000027,916,566,350
124000028,1367,541,826
124000031,1167,2154,-987
124000032,1216,738,478
124000033,821,436,385
124000034,378,637,-259
124000035,291,130,161
124000036,127,392,-265
124000037,210,786,-576
124000038,26,69,-43
124000039,691,364,327
124000040,327,711,-384
124000041,320,111,209
124000042,90,297,-207
124000043,105,69,36
124000044,49,153,-104
124000045,656,336,320
124000046,172,442,-270
124000047,1162,590,572
124000048,660,770,-110
124000049,1395,478,917
124000050,730,1030,-300
124000051,703,335,368
124000052,515,500,15
124000053,377,1147,-770
124000054,621,283,338
124000055,1048,1981,-933
124000056,1399,911,488
124000057,891,362,529
124000058,392,783,-391
124000059,479,795,-316
124000060,632,443,189
124000061,1107,4232,-3125
124000062,3511,1176,2335
124000063,849,990,-141
124000064,1335,1017,318
124000065,109,352,-243
124000066,188,77,111
124000067,131,74,57
124000068,62,78,-16
124000069,491,130,361
124000070,259,288,-29
124000071,422,243,179
124000072,233,760,-527
124000073,745,123,622
124000074,210,566,-356
124000075,236,32,204
124000076,22,80,-58
124000077,1042,509,533
124000078,1640,850,790
124000079,247,762,-515
124000080,474,194,280
124000081,139,414,-275
124000082,71,110,-39
124000083,92,69,23
124000084,77,360,-283
124000085,60,31,29
124000086,24,66,-42
124000087,201,186,15
124000088,94,224,-130
124000089,604,193,411
124000090,113,199,-86
124000091,525,83,442
124000092,116,446,-330
124000093,84,63,21
124000094,109,335,-226
124000095,120,101,19
124000096,121,100,21
124000097,104,123,-19
124000098,52,78,-26
124000099,144,82,62
124000100,40,100,-60
124000101,62,120,-58
124000102,93,36,57
124000103,80,121,-41
124000104,57,40,17
124000105,79,71,8
124000106,97,51,46
124000107,14,158,-144
124000108,35,23,12
124000109,161,127,34
124000110,171,57,114
124000111,159,112,47
124000112,502,355,147
124000113,66,63,3
124000114,258,247,11
124000115,244,387,-143
124000116,56,104,-48
124000117,64,62,2
124000118,28,87,-59
124000119,525,270,255
124000120,362,292,70
124000121,1426,627,799
124000122,391,961,-570
124000123,714,300,414
124000124,318,685,-367
124000125,290,307,-17
124000126,236,414,-178
124000127,598,268,330
124000128,500,487,13
124000129,1477,1071,406
124000130,548,360,188
124000131,607,408,199
124000132,538,478,60
124000133,740,544,196
124000134,627,347,280
124000135,1231,1153,78
124000136,546,645,-99
124000137,690,474,216
124000138,658,781,-123
124000139,696,45,651
124000140,63,298,-235
124000141,576,21,555
124000142,79,289,-210
124000143,118,11,107
124000144,11,128,-117
124000145,144,38,106
124000146,37,77,-40
124000148,24,108,-84
124000149,866,281,585
124000150,242,639,-397
124000151,741,263,478
124000152,561,913,-352
124000153,489,458,31
124000154,324,463,-139
124000155,923,595,328
124000156,970,684,286
124000169,145,311,-166
124000170,273,267,6
124000171,202,166,36
124000172,174,319,-145
124000173,340,174,166
124000174,300,319,-19
124000175,11,53,-42
124000176,35,14,21
124000177,10,32,-22
124000178,32,43,-11
124000185,33,5,28
124000186,4,32,-28
124000187,7,41,-34
124000188,75,9,66
124000190,88,56,32
124000191,105,198,-93
124000192,983,229,754
124000193,222,563,-341
124000194,275,258,17
124000195,282,354,-72
124000196,649,660,-11
124000197,36,23,13
124000198,52,49,3
124000201,224,450,-226
124000202,465,236,229
124000203,379,334,45
124000204,646,222,424
124000205,67,354,-287
124000206,570,377,193
124000207,0,25,-25
124000209,107,163,-56
124000210,412,86,326
124000211,534,1,533
124000212,2,229,-227
124000213,318,235,83
124000214,317,321,-4
124000215,367,40,327
124000216,11,270,-259
124000329,89,790,-701
124000338,87,427,-340
124000339,803,73,730
124000341,1175,64,1111
124000344,46,7,39
124000357,1295,2539,-1244
124000358,1139,1927,-788
124000359,938,468,470
124000360,667,328,339
124000361,1094,596,498
124000362,623,867,-244
124000363,254,261,-7
124000364,425,491,-66
124000365,526,720,-194
124000366,1186,1069,117
124000367,105,287,-182
124000368,403,301,102
124000369,63,53,10
124000370,47,255,-208
124000402,28,13,15
124000403,126,14,112
124000404,35,56,-21
124000405,726,478,248
124000406,503,484,19
124000407,3,38,-35
124000411,3,141,-138
124000412,391,11,380
124000413,114,25,89
124000414,61,98,-37
124000415,49,50,-1
124000416,112,120,-8
124000417,138,73,65
124000418,134,62,72
124000419,64,55,9
124000420,82,43,39
124000421,30,85,-55
124000422,24,4,20
124000423,90,21,69
124000424,4,78,-74
124000425,69,5,64
124000426,4,123,-119
124000427,104,6,98
124000428,7,52,-45
124000429,58,48,10
124000430,623,294,329
124000431,279,289,-10
124000432,161,597,-436
124000439,32,3,29
124000443,2,35,-33
124000445,264,1060,-796
124000446,786,136,650
124000447,11,103,-92
124000448,80,13,67
124000449,170,10,160
124000450,19,87,-68
124000451,0,69,-69
124000452,357,56,301
124000453,2068,2728,-660
124000454,1553,3415,-1862
124000455,8,524,-516
124000456,272,4,268
124000457,5,148,-143
124000458,2,115,-113
124000459,125,1,124
124000460,0,98,-98
124900001,591,356,235
124900002,96,155,-59
124900003,926,522,404
124900004,614,242,372
124900005,145,80,65
124900006,654,247,407
124900008,773,365,408
124900009,105,245,-140
124900010,90,112,-22
124900011,434,199,235
124900012,306,98,208
124900013,332,108,224
124900014,198,62,136
124900015,99,203,-104
124900016,119,45,74
124900017,372,1279,-907
124900018,70,17,53
124900020,66,37,29
124900021,226,23,203
124900022,72,12,60
124900024,218,2,216
124900026,99,10,89
124900027,118,283,-165
124900028,188,57,131
124900029,22,326,-304
124900030,2,54,-52
124900031,33,152,-119
124900032,131,159,-28
124900033,81,151,-70
124900034,6,66,-60
124900035,183,193,-10
124900036,1,50,-49
124900037,128,138,-10
124900038,183,185,-2
124900039,2,40,-38
124900040,82,68,14
124900041,293,597,-304
124900042,73,2,71
124900043,391,564,-173
124900044,53,0,53
124900045,429,820,-391
124900047,109,117,-8
124900048,195,56,139
124900050,129,152,-23
124900052,93,265,-172
124900053,112,190,-78
124900054,1056,348,708
124900055,1,113,-112
124900057,18,240,-222
124900060,41,159,-118
124900061,108,10,98
124900062,167,18,149
124900066,0,16,-16
124900067,6,117,-111
124900068,151,362,-211
124900070,75,13,62
124900072,75,37,38
124900075,153,154,-1
124900076,13,883,-870
124900077,24,59,-35
124900078,56,10,46
124900079,319,129,190
124900080,307,395,-88
124900081,879,290,589
124900082,355,512,-157
124900083,313,403,-90
124900085,694,272,422
124900086,34,879,-845
124900087,447,42,405
124900088,324,62,262
124900089,873,19,854
124900090,204,141,63
124900091,244,189,55
124900092,131,113,18
124900093,250,105,145
124900094,390,136,254
124900095,82,288,-206
124900096,256,149,107
124900097,208,40,168
124900098,74,147,-73
124900099,275,251,24
124900100,187,14,173
124900101,82,322,-240
124900102,171,7,164
124900103,97,105,-8
124900104,36,99,-63
124900105,126,46,80
124900106,278,23,255
124900107,85,10,75
124900108,105,56,49
124900111,0,128,-128
124900112,62,292,-230
124900113,70,202,-132
124900114,79,128,-49
124900115,81,76,5
124900116,177,140,37
124900117,196,97,99
124900118,105,326,-221
124900119,232,120,112
124900120,41,218,-177
124900121,60,242,-182
124900122,313,131,182
124900123,186,74,112
124900124,84,212,-128
124900125,397,1,396
124900126,2,271,-269
204000001,95,8,87
204000002,9,7,2
204000003,13,2,11
204000004,10,1,9
204000005,562,500,62
204000006,1191,1061,130
204000011,9,16,-7
204000012,39,86,-47
204000019,645,368,277
204000020,516,596,-80
204000021,1325,733,592
204000022,540,396,144
204000023,424,449,-25
204000031,53,21,32
204000032,246,23,223
204000034,33,97,-64
204000035,1,2,-1
204000036,3,10,-7
204000037,4,9,-5
204000038,0,9,-9
204000039,4,16,-12
204000040,5,16,-11
204000041,4,14,-10
204000042,24,3,21
204000043,22,2,20
204000044,23,0,23
204000045,30,1,29
204000046,18,1,17
204000057,9,5,4
204000062,41,33,8
204000068,27,215,-188
204000069,63,327,-264
204000070,68,85,-17
204000080,50,58,-8
204000085,1934,1027,907
204000086,2070,1190,880
204000087,25,2,23
204000088,5,47,-42
204000090,81,156,-75
204000093,330,65,265
204000096,765,1010,-245
204000097,346,11,335
204000099,900,1252,-352
204000100,1192,1607,-415
204000105,1840,952,888
204000110,408,791,-383
204000111,344,439,-95
204000112,443,569,-126
204000113,302,539,-237
204000114,512,576,-64
204000115,533,283,250
204000116,667,542,125
204000119,1723,2155,-432
204000132,790,338,452
204000133,830,241,589
204000134,161,81,80
204000135,621,53,568
204000136,594,186,408
204000138,426,448,-22
204000140,214,155,59
204000141,169,63,106
204000144,8,13,-5
204000145,371,26,345
204000146,27,197,-170
204000147,16,109,-93
204000148,455,23,432
204000154,8,0,8
204000155,0,2,-2
204000177,50,75,-25
204000179,44,6,38
204000180,0,21,-21
204000222,0,8,-8
204000235,38,10,28
204000236,47,156,-109
204000238,18,24,-6
204000240,262,48,214
204000263,688,767,-79
204000268,840,564,276
204000308,98,11,87
204000317,17,59,-42
204000322,4,21,-17
204000323,9,4,5
204000328,160,80,80
204000329,79,94,-15
204000330,107,53,54
204000331,105,82,23
205000001,786,1295,-509
205000013,7,67,-60
205000014,16,80,-64
205000015,25,158,-133
205000016,27,127,-100
205000017,17,61,-44
205000022,304,737,-433
205000025,1255,894,361
205000029,174,7,167
205000045,107,462,-355
205000046,141,567,-426
205000047,25,367,-342
205000048,371,750,-379
205000049,176,629,-453
205000050,574,249,325
205000059,0,184,-184
205000060,0,89,-89
205000061,1,185,-184
205000062,4,158,-154
205000063,25,144,-119
205000064,34,73,-39
205000065,70,498,-428
205000066,148,576,-428
205000067,45,723,-678
205000069,174,18,156
205000082,143,116,27
205000110,55,183,-128
205000111,217,198,19
205000112,180,152,28
205000113,180,341,-161
205000121,165,32,133
205000123,41,155,-114
205000126,357,74,283
205000127,698,127,571
205000128,430,43,387
205000129,754,73,681
205000130,144,30,114
205000131,68,9,59
205000132,153,3,150
205000133,74,2,72
205000134,200,0,200
205000137,60,132,-72
205000138,126,219,-93
205000139,18,82,-64
205000144,103,60,43
205000145,258,128,130
205000151,79,28,51
205000152,156,19,137
205000153,170,23,147
205000154,66,30,36
205000155,87,12,75
205000207,6,110,-104
205000233,31,2,29
205000234,0,1,-1
205000243,0,0,0
205000244,0,1,-1
205000245,5,78,-73
205000249,0,8,-8
205000250,1,1,0
205000264,8,68,-60
206000027,5,5,0
206000028,1,0,1
206000043,7,41,-34
206000053,2,7,-5
206000054,0,20,-20
206000055,0,11,-11
206000075,10,8,2
206000076,8,8,0
206000077,6,3,3
206000078,10,8,2
206000079,17,9,8
206000082,259,34,225
206000100,26,196,-170
206000103,4,9,-5
206000104,18,19,-1
206000105,3,6,-3
206000106,7,9,-2
206000125,41,0,41
206000157,21,269,-248
206000170,0,91,-91
206000171,1,146,-145
206000172,2,181,-179
206000173,4,152,-148
206000174,14,27,-13
206000175,2,50,-48
206000176,21,89,-68
206000177,1,62,-61
206000178,2,118,-116
206000179,6,43,-37
206000180,13,53,-40
206000181,4,58,-54
206000182,7,82,-75
206000183,28,191,-163
206000184,7,162,-155
206000185,11,58,-47
206000186,95,438,-343
206000223,8,141,-133
206000226,6,4,2
206000227,14,0,14
206000237,27,160,-133
206000238,17,285,-268
206000239,176,1072,-896
206000240,0,47,-47
206000241,0,38,-38
206000242,6,97,-91
206000243,2,92,-90
206000244,37,265,-228
206000245,635,47,588
206000246,180,2,178
206000247,182,8,174
206000248,292,15,277
206000252,36,41,-5
206000258,21,17,4
206000315,39,2,37
206000317,400,70,330
206000318,481,54,427
206000319,1173,48,1125
206000320,210,29,181
206000321,155,8,147
206000322,356,23,333
206000323,158,5,153
206000324,140,22,118
206000325,111,22,89
206000326,143,16,127
206000327,119,16,103
206000328,187,7,180
206000329,207,5,202
206000330,49,1,48
206000331,155,2,153
206000332,39,3,36
206000333,561,0,561
206000334,226,1,225
206000335,0,14,-14
206000361,3,84,-81
206000392,2,8,-6
206000405,114,1,113
206000441,27,12,15
206000498,23,2,21
206000515,64,28,36
206000530,287,68,219
206000531,178,184,-6
206000532,1177,230,947
206000535,134,1032,-898
206000536,15,91,-76
206000537,22,91,-69
206000613,1069,163,906
206000784,331,13,318
207000001,170,420,-250
207000002,73,244,-171
207000003,158,101,57
207000007,874,250,624
207000008,119,11,108
207000009,54,49,5
207000010,411,261,150
207000012,365,175,190
207000015,211,661,-450
207000019,181,63,118
207000021,424,146,278
207000022,160,104,56
207000023,129,37,92
207000024,0,10,-10
207000025,16,70,-54
207000026,95,43,52
207000027,34,48,-14
207000028,43,111,-68
207000029,233,276,-43
207000033,166,312,-146
207000034,232,105,127
207000039,462,104,358
207000040,397,64,333
207000041,64,58,6
207000042,184,56,128
207000043,177,141,36
207000051,77,160,-83
207000052,45,118,-73
207000053,298,375,-77
207000054,30,95,-65
207000055,148,107,41
207000056,271,195,76
207000057,127,195,-68
207000058,172,195,-23
207000059,127,322,-195
207000060,81,181,-100
207000061,185,529,-344
207000062,363,36,327
207000063,349,94,255
207000064,274,126,148
207000065,307,159,148
207000066,194,124,70
207000067,43,61,-18
207000068,164,35,129
207000069,564,256,308
207000082,4,150,-146
207000083,61,137,-76
207000084,241,214,27
207000085,189,23,166
207000086,221,8,213
207000106,44,13,31
207000107,73,17,56
207000108,68,11,57
207000109,68,17,51
207000110,60,45,15
207000111,75,73,2
207000112,87,634,-547
207000114,39,26,13
207000115,22,48,-26
207000116,33,254,-221
207000117,4,62,-58
207000118,3,52,-49
207000119,19,58,-39
207000123,168,20,148
207000124,86,21,65
207000125,69,29,40
207000126,53,27,26
207000134,111,112,-1
207000135,19,140,-121
207000148,59,273,-214
207000149,82,27,55
207000152,93,318,-225
207000153,591,997,-406
207000154,333,135,198
207000159,100,114,-14
207000160,131,269,-138
207000238,0,179,-179
207000242,5,130,-125
207000248,63,20,43
207000249,94,35,59
207000250,421,42,379
207000251,75,74,1
207000252,84,56,28
207000278,100,52,48
207000279,14,76,-62
207000280,611,90,521
207000281,79,510,-431
207000282,61,118,-57
207000283,42,107,-65
207000284,26,267,-241
207000285,56,58,-2
207000291,26,82,-56
207000304,74,46,28
207000306,73,303,-230
207000310,69,64,5
207000353,261,4,257
207000356,16,19,-3
207000357,5,14,-9
207000358,4,13,-9
207000415,2,118,-116
207000417,82,4,78
207000418,101,105,-4
207000438,0,2,-2
207000439,602,547,55
207000446,150,3,147
207000460,41,17,24
207000466,124,121,3
207000467,266,82,184
207000468,61,169,-108
207000476,7,56,-49
207000477,534,43,491
207000478,3,10,-7
207000523,0,8,-8
207000524,80,4,76
207000527,114,120,-6
207000530,475,11,464
207000531,278,12,266
207000532,71,17,54
207000534,288,38,250
207000535,38,186,-148
207000537,60,76,-16
207000540,7,131,-124
207000541,1,261,-260
207000548,21,247,-226
207000549,393,30,363
207000561,136,119,17
207000562,35,82,-47
207000567,139,153,-14
207000568,240,49,191
207000569,436,367,69
207000584,191,86,105
207000585,35,218,-183
207000587,170,35,135
207000616,0,73,-73
207000617,100,0,100
207000624,56,34,22
207000631,6,134,-128
207900008,255,71,184
208000001,507,905,-398
208000002,635,403,232
208000003,989,326,663
208000004,1058,596,462
208000005,2,13,-11
208000019,452,804,-352
208000020,150,386,-236
208000021,243,255,-12
208000022,827,325,502
208000028,768,913,-145
208000033,457,385,72
208000034,832,902,-70
208000037,177,13,164
208000040,120,91,29
208000041,499,412,87
208000042,605,505,100
208000047,99,204,-105
208000064,1782,1084,698
208000066,1219,1854,-635
208000070,265,295,-30
208000071,353,525,-172
208000072,338,937,-599
208000080,267,342,-75
208000081,376,94,282
208000082,266,182,84
208000083,118,265,-147
208000084,7,12,-5
208000085,631,439,192
208000086,389,855,-466
208000087,292,688,-396
208000089,946,237,709
208000090,682,431,251
208000093,169,167,2
208000094,549,288,261
208000095,611,332,279
208000104,772,698,74
208000105,586,780,-194
208000114,85,231,-146
208000115,364,228,136
208000116,449,765,-316
208000117,144,154,-10
208000118,95,114,-19
208000155,633,693,-60
208000158,1116,2820,-1704
208000186,2519,3101,-582
208000204,535,718,-183
208000205,1081,624,457
208000282,3843,2266,1577
209000004,351,125,226
209000005,33,64,-31
209000006,330,185,145
209000007,209,228,-19
209000010,236,99,137
209000011,113,188,-75
209000012,172,112,60
209000013,174,187,-13
209000014,368,519,-151
209000025,305,52,253
209000026,638,86,552
209000027,330,511,-181
209000028,348,417,-69
209000029,361,339,22
209000030,311,627,-316
209000031,1828,1103,725
209000034,149,222,-73
209000035,118,188,-70
209000036,202,114,88
209000037,275,203,72
209000038,141,161,-20
209000039,73,131,-58
209000040,209,340,-131
209000041,161,274,-113
209000042,222,316,-94
209000043,498,751,-253
209000044,163,698,-535
209000045,976,286,690
209000046,400,333,67
209000047,263,159,104
209000048,419,191,228
209000049,60,54,6
209000050,170,84,86
209000051,219,195,24
209000052,163,155,8
209000062,40,59,-19
209000063,69,28,41
209000064,22,31,-9
209000065,83,16,67
209000066,105,24,81
209000067,76,22,54
209000080,13,125,-112
209000082,64,26,38
209000091,16,60,-44
209000093,26,19,7
209000094,102,110,-8
209000110,29,75,-46
209000111,405,1170,-765
209000112,829,515,314
209000113,1254,527,727
209000114,511,322,189
209000115,82,65,17
209000116,374,202,172
209000118,8,27,-19
209000119,12,14,-2
209000121,121,341,-220
209000135,31,104,-73
209000142,530,1212,-682
209000143,55,48,7
209000144,40,75,-35
209000229,200,119,81
209000240,35,206,-171
209000259,75,68,7
209000260,42,595,-553
209000261,3,293,-290
209000262,1,255,-254
209000263,0,178,-178
209000264,1,162,-161
209000265,353,0,353
209000266,130,0,130
209000267,712,2,710
209000268,420,50,370
210000037,88,39,49
210000047,88,16,72
210000048,64,24,40
210000049,75,6,69
210000052,68,43,25
210000053,27,41,-14
210000054,63,38,25
210000070,96,4,92
210000071,103,0,103
210000072,56,0,56
210000073,1,28,-27
210000074,0,82,-82
210000075,0,58,-58
210000076,28,97,-69
210000077,15,52,-37
210000078,36,35,1
210000079,29,15,14
210000080,69,82,-13
210000081,121,10,111
210000082,104,3,101
210000083,46,1,45
210000084,36,0,36
210000085,1,79,-78
210000086,2,67,-65
210000099,17,210,-193
210000100,28,125,-97
210000101,53,125,-72
210000105,17,158,-141
210000159,2,144,-142
210000163,76,183,-107
210000164,259,144,115
210000168,142,37,105
210000187,0,16,-16
210000188,0,24,-24
210000214,6,0,6
210000219,43,36,7
210000220,111,22,89
210000232,4,24,-20
210000233,37,47,-10
210000234,31,80,-49
210000235,37,39,-2
210000245,0,59,-59
210000246,37,11,26
210000258,25,72,-47
210000259,299,39,260
210000282,95,165,-70
210000285,1,100,-99
210000286,11,95,-84
210000290,10,1,9
210000295,30,74,-44
210000296,32,27,5
210000320,140,39,101
210000321,122,56,66
210000338,46,57,-11
210000339,208,904,-696
210000340,80,287,-207
210000341,178,202,-24
210000342,154,153,1
210000343,130,140,-10
210000344,135,105,30
210000345,102,162,-60
210000346,78,86,-8
210000347,34,40,-6
210000348,90,29,61
210000349,61,28,33
210000350,121,77,44
210000351,166,128,38
210000352,63,41,22
210000353,48,70,-22
210000354,142,54,88
210000355,38,46,-8
210000356,15,44,-29
210000357,53,48,5
210000358,187,110,77
210000359,60,81,-21
210000360,133,149,-16
210000361,170,136,34
210000362,235,131,104
210000363,546,185,361
210000364,70,97,-27
210000365,126,63,63
210000366,113,56,57
210000367,66,15,51
210000368,120,22,98
210000369,21,19,2
210000370,36,30,6
210000372,41,17,24
210000373,52,10,42
210000374,47,22,25
210000375,30,43,-13
210000376,73,103,-30
210000404,37,105,-68
210000439,51,44,7
210000472,65,3,62
210000482,48,95,-47
210000564,260,180,80
210000567,6,45,-39
210000568,298,3,295
211000092,36,25,11
211000094,23,13,10
211000169,166,17,149
211000172,11,132,-121
211000209,0,8,-8
211000226,4,30,-26
211000270,50,8,42
211000275,10,6,4
211000276,72,17,55
211000279,11,14,-3
211000281,51,15,36
211000302,17,51,-34
211507980,0,50,-50
211977296,29,1,28
212000003,187,56,131
212000004,35,38,-3
212000005,24,29,-5
212000006,16,47,-31
212000008,130,119,11
212000009,29,73,-44
212000012,109,83,26
212000013,21,43,-22
212000014,258,160,98
212000015,292,187,105
212000016,444,451,-7
212000027,467,350,117
212000028,356,294,62
212000029,238,195,43
212000030,42,25,17
212000031,58,51,7
212000048,20,148,-128
212000049,22,91,-69
212000050,10,6,4
212000051,210,125,85
212000052,191,194,-3
212000053,374,349,25
212000054,249,128,121
212000055,223,173,50
212000056,23,31,-8
212000057,18,13,5
212000058,191,37,154
212000070,162,150,12
212000077,153,383,-230
212000099,216,249,-33
212000108,185,141,44
212000111,223,104,119
212000120,106,48,58
212000138,130,30,100
212000156,12,75,-63
212000158,4,16,-12
212000159,398,41,357
212000160,590,280,310
212000161,69,11,58
212000310,47,20,27
212000311,10,67,-57
212000374,31,6,25
213000001,29,257,-228
213000005,329,96,233
213000006,687,232,455
213000007,92,12,80
213000009,574,408,166
213000010,167,229,-62
213000011,171,84,87
213000012,80,179,-99
213000014,72,19,53
213000015,172,3,169
213000016,408,0,408
213000017,55,0,55
213000018,1,85,-84
213000019,2,138,-136
213000020,102,213,-111
213000021,8,93,-85
213000023,251,159,92
213000033,214,1176,-962
213000034,492,121,371
213000035,89,135,-46
213000045,114,194,-80
213000046,142,137,5
213000047,453,1113,-660
213000056,112,31,81
213000069,55,3,52
213000073,1,32,-31
213000074,45,263,-218
213000075,465,3,462
213000076,18,0,18
213000085,5,50,-45
213000086,35,121,-86
213000091,190,12,178
213000092,54,10,44
213000099,175,822,-647
213000100,948,228,720
213000101,326,83,243
213000102,388,202,186
213000103,626,532,94
213000104,62,237,-175
213000105,3,145,-142
213000106,65,102,-37
213000107,136,337,-201
213000108,37,272,-235
213000109,3,175,-172
213000110,9,54,-45
213000111,4,41,-37
213000112,107,70,37
213000115,76,7,69
213000116,33,234,-201
213000117,9,454,-445
213000118,336,224,112
213000119,37,440,-403
213000120,94,342,-248
213000122,86,303,-217
213000123,264,608,-344
213000124,90,763,-673
213000125,85,17,68
213000126,52,88,-36
213000127,62,134,-72
213000128,228,602,-374
213000129,220,556,-336
213000130,539,280,259
213000132,358,93,265
213000133,533,96,437
213000134,798,7,791
213000136,419,8,411
213000137,513,69,444
213000139,260,12,248
213000147,48,7,41
213000148,18,9,9
213000149,62,3,59
213000150,1,95,-94
213000151,0,106,-106
213000152,7,95,-88
213000153,3,101,-98
213000154,58,144,-86
213000155,30,146,-116
213000156,106,331,-225
213000157,402,291,111
213000158,207,555,-348
213000159,259,363,-104
213000163,809,100,709
213000165,662,176,486
213000171,48,110,-62
213000172,43,134,-91
213000173,17,85,-68
213000174,0,27,-27
213000175,53,30,23
213000176,12,79,-67
213000177,11,8,3
213000178,50,2,48
213000179,154,24,130
213000180,176,40,136
213000184,78,250,-172
213000188,218,114,104
213000189,362,42,320
213000190,680,455,225
213000191,286,268,18
213000192,222,280,-58
213000193,587,142,445
213000194,1,90,-89
213000195,9,286,-277
213000196,209,828,-619
213000197,364,357,7
213000198,25,2,23
213000200,88,552,-464
213000201,53,27,26
213000202,9,397,-388
213000203,2328,501,1827
213000204,549,57,492
213000205,225,37,188
213000206,394,34,360
213000207,76,5,71
213000208,60,1,59
213000209,85,0,85
213000210,233,1,232
213000211,9,18,-9
213000212,20,36,-16
213000213,11,41,-30
213000218,180,278,-98
213000219,409,18,391
213000220,338,5,333
213000223,121,166,-45
213000224,37,29,8
213000225,50,6,44
213000226,61,17,44
213000227,789,145,644
213000228,330,117,213
213000229,126,35,91
213000230,407,36,371
213000232,28,794,-766
213000233,12,53,-41
213000234,8,36,-28
213000293,24,58,-34
213000294,78,42,36
213000295,19,72,-53
213000296,35,9,26
213000297,5,70,-65
213000298,14,41,-27
213000299,39,18,21
213000300,8,5,3
213000303,10,24,-14
213000304,3,5,-2
213000305,6,10,-4
213000306,39,16,23
213000307,84,56,28
213000308,83,97,-14
213000309,144,41,103
213000310,325,119,206
213000311,179,450,-271
213000315,136,39,97
213000316,104,37,67
213000322,26,21,5
213000323,12,42,-30
213000340,127,350,-223
213000341,476,66,410
213000346,187,170,17
213000347,458,292,166
213000348,4,92,-88
213000349,8,8,0
213000350,271,617,-346
213000366,77,228,-151
213000367,212,24,188
213000379,32,27,5
213000386,9,208,-199
213000406,74,242,-168
213000417,910,338,572
213000425,135,25,110
213000426,119,25,94
213000427,40,121,-81
213000428,37,124,-87
213000429,28,4,24
213000430,102,407,-305
213000431,184,0,184
213000432,3,25,-22
213000433,8,84,-76
213000434,76,40,36
213000435,98,82,16
213000439,53,19,34
213000441,3,4,-1
213000443,398,249,149
213000445,1,41,-40
213000446,1,31,-30
213000447,6,32,-26
213000448,5,92,-87
213000449,350,2,348
213000450,10,33,-23
213000451,202,33,169
213000452,13,7,6
213000453,24,219,-195
213000455,196,43,153
213000456,0,150,-150
213000481,12,9,3
213000482,35,5,30
213000489,166,50,116
213000491,1,189,-188
213000492,133,2,131
213000493,0,68,-68
213000494,122,71,51
213000495,0,49,-49
213000496,298,112,186
213000497,45,153,-108
213000498,98,86,12
213000499,125,195,-70
213000500,301,64,237
213000501,160,29,131
213000502,110,86,24
213000503,1,36,-35
213000504,3,57,-54
213000505,7,10,-3
213000506,0,3,-3
213000507,5,66,-61
213900244,32,0,32
213900245,0,11,-11
218000003,20,29,-9
218000004,36,32,4
218000005,28,32,-4
218000006,30,15,15
218000007,9,12,-3
218000012,171,120,51
218000013,111,120,-9
218000014,326,332,-6
218000019,579,381,198
218000020,203,300,-97
218000040,2,6,-4
218000046,47,114,-67
218000047,10,108,-98
218000048,52,114,-62
218000049,89,103,-14
218000050,278,239,39
218000051,68,232,-164
218000052,1,75,-74
218000053,0,17,-17
218000054,5,64,-59
218000055,5,27,-22
218000056,25,34,-9
218000057,2,22,-20
218000064,0,13,-13
218000065,82,17,65
218000066,9,28,-19
218000067,35,65,-30
218000068,115,46,69
218000069,204,131,73
218000070,180,152,28
218000071,201,131,70
218000072,180,132,48
218000078,727,451,276
218000079,110,70,40
218000080,99,51,48
218000081,380,127,253
218000082,55,65,-10
218000083,77,32,45
218000084,90,67,23
218000085,118,171,-53
218000086,77,82,-5
218000087,155,105,50
218000090,13,95,-82
218000091,903,320,583
218000092,58,110,-52
218000093,63,42,21
218000094,407,439,-32
218000099,168,531,-363
218000100,245,165,80
218000101,293,117,176
218000102,355,193,162
218000103,58,65,-7
218000104,63,34,29
218000105,9,12,-3
218000106,12,9,3
218000107,59,49,10
218000108,5,26,-21
218000112,48,12,36
218000117,33,27,6
218000134,388,340,48
218000135,17,48,-31
218000136,101,89,12
218000137,143,103,40
218000138,31,83,-52
218000139,192,203,-11
218000140,358,228,130
218000141,51,56,-5
218000142,183,156,27
218000143,74,257,-183
218000144,44,103,-59
218000145,380,251,129
218000146,86,149,-63
218000151,4,8,-4
218000152,81,36,45
218000170,2,23,-21
218000171,25,4,21
218000172,7,9,-2
218000173,11,7,4
218000174,16,6,10
218000176,171,29,142
218000177,238,102,136
218000178,66,116,-50
218000179,121,40,81
218000180,61,7,54
218000181,147,24,123
218000187,23,28,-5
218000188,33,44,-11
218000189,17,43,-26
218000190,0,1,-1
218000191,177,45,132
218000192,160,106,54
218000193,279,215,64
218000194,99,186,-87
218000195,95,56,39
218000196,321,172,149
218000197,351,228,123
218000198,19,79,-60
218000199,45,44,1
218000200,40,23,17
218000201,9,13,-4
218000202,43,191,-148
218000207,8,17,-9
218000208,16,21,-5
218000211,39,18,21
218000213,84,78,6
218000214,3,22,-19
218000215,35,57,-22
218000217,2,81,-79
218000218,101,75,26
218000219,20,30,-10
218000220,58,257,-199
218000221,432,167,265
218000222,5,20,-15
218000223,20,150,-130
218000224,12,64,-52
218000225,128,17,111
218000226,63,25,38
218000232,30,47,-17
218000239,105,9,96
218000240,11,14,-3
218000241,5,0,5
218000242,21,0,21
218000243,22,1,21
218000244,81,3,78
218000245,14,6,8
218000246,6,3,3
218000247,0,0,0
218000248,0,9,-9
218000249,0,3,-3
218000250,0,8,-8
218000251,5,36,-31
218000252,0,64,-64
218000253,0,93,-93
218000254,0,26,-26
218000255,3,28,-25
218000256,4,75,-71
218000267,292,792,-500
218000268,15,27,-12
218000269,4,9,-5
218000270,70,24,46
218000271,18,20,-2
218000273,9,8,1
218000274,17,6,11
218000275,38,54,-16
218000276,6,32,-26
218000278,13,57,-44
218000279,144,52,92
218000280,3,21,-18
218000281,13,16,-3
218000282,437,423,14
218000284,72,6,66
218000301,68,118,-50
218000302,54,42,12
218000303,8,23,-15
218000316,667,680,-13
218000317,1098,697,401
218000318,690,498,192
218000319,863,545,318
218000320,747,422,325
218000338,49,40,9
218000345,110,54,56
218000346,51,137,-86
218000459,41,233,-192
218000490,17,50,-33
218000501,141,23,118
218000502,49,60,-11
218000503,115,10,105
218000504,181,32,149
218000505,42,139,-97
218000506,28,293,-265
218000508,5,4,1
218000510,173,14,159
218000520,91,94,-3
218000521,12,35,-23
218000522,1,94,-93
218000523,99,2,97
218000524,9,227,-218
218000525,68,10,58
218000526,12,127,-115
218000529,26,107,-81
218000531,13,9,4
218000532,15,15,0
218000534,120,20,100
218000537,16,52,-36
218000538,94,261,-167
218000540,208,87,121
218000543,133,47,86
218000544,18,65,-47
218000545,48,55,-7
218000546,24,53,-29
218000547,87,170,-83
218000548,105,70,35
218000549,328,410,-82
218000550,136,201,-65
218000551,62,708,-646
218000552,227,59,168
218000553,46,73,-27
218000554,27,47,-20
218000555,33,56,-23
218000556,244,176,68
218000557,216,143,73
218000558,23,0,23
218000559,0,25,-25
218000560,0,25,-25
218000561,12,0,12
218000562,25,125,-100
218000563,119,22,97
218000564,6,70,-64
218000565,77,29,48
218000566,116,12,104
218000567,1,47,-46
218000568,12,2,10
218000569,3,141,-138
218000570,63,4,59
218000571,1,92,-91
218000572,129,3,126
218000573,7,150,-143
218000574,49,23,26
218000575,90,0,90
218000576,2,73,-71
218000577,72,0,72
218000578,0,66,-66
218000579,24,8,16
218000581,3,38,-35
218000582,29,4,25
218000583,4,1,3
218000584,1,8,-7
218000585,55,2,53
218000586,12,38,-26
218000587,1,3,-2
218000588,2,2,0
218000589,1,1,0
218000590,2,1,1
218000591,3,10,-7
218000592,3,0,3
218000593,5,1,4
218000594,3,3,0
218000597,4,0,4
218000598,0,0,0
218000599,8,2,6
218000600,3,0,3
218000601,1,0,1
218000602,1,5,-4
218000603,0,1,-1
218000604,4,1,3
218000605,0,49,-49
218000606,80,0,80
218000607,6,25,-19
218000608,48,14,34
218000609,8,33,-25
218000610,58,8,50
218000611,10,2,8
218000612,1,27,-26
218000613,43,1,42
218000614,0,55,-55
218000615,150,0,150
218000616,1,261,-260
218000617,8,0,8
218000618,0,15,-15
218000619,12,8,4
218000620,5,28,-23
218000621,0,4,-4
218000622,0,42,-42
218000623,60,1,59
218000624,0,31,-31
218000625,6,0,6
218000626,0,12,-12
218000628,109,20,89
218000631,33,21,12
218000632,3,87,-84
218000633,85,0,85
218000634,14,18,-4
218000635,57,13,44
218000636,557,560,-3
218000637,913,307,606
218000638,187,25,162
218000639,27,95,-68
218000640,164,24,140
218000641,64,172,-108
218000652,35,41,-6
218000653,105,22,83
218000663,13,177,-164
218000675,48,68,-20
218000680,198,233,-35
218000681,359,150,209
218000691,164,119,45
218000693,280,131,149
218000718,150,735,-585
218000719,360,375,-15
218000720,9,170,-161
218000721,114,20,94
218001147,9,118,-109
218001214,5,58,-53
218001258,238,13,225
218001329,122,76,46
218001330,103,90,13
218001351,13,11,2
218001352,13,17,-4
218001353,10,9,1
218001354,3,14,-11
218001355,24,137,-113
218001356,305,26,279
218001357,40,104,-64
218001358,220,16,204
218001361,427,10,417
218001362,0,123,-123
219000001,35,32,3
219000002,39,26,13
219000003,53,27,26
219000004,63,49,14
219000017,62,52,10
219000020,159,78,81
219000022,140,8,132
219000023,247,5,242
219000029,6,67,-61
219000034,30,20,10
219000039,72,86,-14
219000040,23,64,-41
219000041,121,45,76
219000051,0,45,-45
219000052,0,25,-25
219000053,1,54,-53
219000055,172,0,172
219000056,9,1,8
219000057,47,0,47
219000062,23,75,-52
219000063,60,9,51
219000064,1,59,-58
219000110,355,218,137
219000111,161,95,66
219000112,169,54,115
219000113,192,89,103
219000114,199,171,28
219000116,54,50,4
219000117,117,38,79
219000118,268,53,215
219000123,201,78,123
219000124,95,46,49
219000125,13,12,1
219000126,81,100,-19
219000127,2,9,-7
219000128,8,82,-74
219000129,22,96,-74
219000130,271,333,-62
219000131,511,644,-133
219000133,30,51,-21
219000134,16,25,-9
219000135,24,63,-39
219000136,90,189,-99
219000138,45,17,28
219000139,34,41,-7
219000140,59,1,58
219000141,41,73,-32
219000142,9,36,-27
219000143,13,47,-34
219000145,27,36,-9
219000146,3,28,-25
219000147,4,22,-18
219000148,1,7,-6
219000149,11,29,-18
219000150,2,29,-27
219000151,8,10,-2
219000157,233,117,116
219000158,183,188,-5
219000161,79,9,70
219000163,879,435,444
219000166,149,136,13
219000167,120,146,-26
219000168,232,118,114
219000174,386,77,309
219000175,98,3,95
219000176,76,7,69
219000177,29,1,28
219000178,46,0,46
219000179,20,5,15
219000180,34,32,2
219000182,102,14,88
219000183,67,24,43
219000184,92,9,83
219000185,6,29,-23
219000186,75,22,53
219000187,15,53,-38
219000189,73,136,-63
219000190,81,195,-114
219000191,449,933,-484
219000192,166,119,47
219000193,236,103,133
219000195,0,99,-99
219000196,4,88,-84
219000198,34,89,-55
219000199,72,168,-96
219000200,89,175,-86
219000201,64,143,-79
219000203,39,95,-56
219000204,125,258,-133
219000205,55,145,-90
219000207,161,130,31
219000209,22,68,-46
219000210,41,83,-42
219000213,9,117,-108
219000239,151,170,-19
219000240,178,198,-20
219000241,97,102,-5
219000242,47,98,-51
219000243,67,119,-52
219000244,11,56,-45
219000245,14,43,-29
219000246,27,24,3
219000247,188,50,138
219000248,451,340,111
219000249,97,68,29
219000250,109,79,30
219000251,368,136,232
219000252,186,129,57
219000253,375,89,286
219000255,114,85,29
219000256,320,91,229
219000257,67,1,66
219000262,193,97,96
219000263,57,108,-51
219000267,0,66,-66
219000268,1,6,-5
219000269,1,1,0
219000270,8,0,8
219000271,100,1,99
219000278,0,12,-12
219000279,4,6,-2
219000283,0,38,-38
219000295,4,54,-50
219000296,67,240,-173
219000297,13,75,-62
219000298,23,62,-39
219000299,277,90,187
219000300,27,115,-88
219000301,170,275,-105
219000302,31,202,-171
219000307,51,31,20
219000308,53,40,13
219000311,148,42,106
219000312,435,130,305
219000313,312,72,240
219000314,46,236,-190
219000315,167,54,113
219000316,463,45,418
219000317,99,16,83
219000320,6,52,-46
219000321,0,15,-15
219000323,3,38,-35
219000325,4,8,-4
219000326,63,34,29
219000327,52,30,22
219000328,23,29,-6
219000329,238,111,127
219000330,29,30,-1
219000331,72,27,45
219000332,98,52,46
219000333,19,3,16
219000335,55,3,52
219000337,9,0,9
219000338,40,0,40
219000344,26,48,-22
219000345,40,62,-22
219000346,38,76,-38
219000348,85,42,43
219000349,45,83,-38
219000350,91,179,-88
219000351,4,3,1
219000352,285,72,213
219000353,85,38,47
219000354,176,89,87
219000355,111,67,44
219000356,646,1085,-439
219000363,173,64,109
219000364,110,50,60
219000365,114,28,86
219000366,177,290,-113
219000368,231,481,-250
219000370,737,430,307
219000371,6,8,-2
219000382,13,43,-30
219000383,398,804,-406
219000385,309,352,-43
219000386,510,1154,-644
219000387,3,11,-8
219000390,1,0,1
219000391,5,1,4
219000397,28,58,-30
219000398,37,53,-16
219000401,11,64,-53
219000402,20,61,-41
219000403,100,272,-172
219000404,36,85,-49
219000407,6,21,-15
219000409,54,33,21
219000410,113,53,60
219000411,70,22,48
219000446,82,223,-141
219000447,2,13,-11
219000448,47,3,44
219000452,70,95,-25
219000453,59,116,-57
219000454,123,200,-77
219000556,228,124,104
219000558,163,92,71
219000590,11,77,-66
219000591,85,108,-23
219000592,77,206,-129
219000595,0,7,-7
219000635,315,33,282
219000636,53,49,4
219000657,15,20,-5
219000658,29,106,-77
219000673,0,10,-10
219000676,8,3,5
219000679,17,3,14
219000684,57,4,53
219000685,1,29,-28
219000686,1,3,-2
219000688,1,47,-46
219000689,6,137,-131
219000690,107,3,104
219000691,20,119,-99
219000692,114,17,97
219000693,0,8,-8
219000694,10,0,10
219000695,29,1,28
219000698,12,0,12
219000699,0,56,-56
219000727,2,157,-155
219000728,204,2,202
219000770,35,0,35
219000771,0,33,-33
219000788,356,245,111
219001150,1,15,-14
219001151,0,2,-2
219001166,49,24,25
219001167,0,51,-51
219001178,45,0,45
220000001,27,51,-24
220000002,6,75,-69
220000003,291,133,158
220000004,279,259,20
220000005,698,862,-164
220000006,169,458,-289
220000007,356,275,81
220000008,193,446,-253
220000009,185,222,-37
220000010,107,59,48
220000011,251,2004,-1753
220000012,48,148,-100
220000014,68,46,22
220000015,42,237,-195
220000017,61,153,-92
220000018,2531,824,1707
220000019,67,232,-165
220000020,255,160,95
220000021,567,152,415
220000022,730,388,342
220000023,393,158,235
220000024,1178,355,823
220000025,487,904,-417
220000026,270,260,10
220000027,31,92,-61
220000028,35,54,-19
220000029,50,61,-11
220000030,59,52,7
220000031,395,323,72
220000064,14,671,-657
221000046,7,0,7
221000047,0,4,-4
221000048,0,2,-2
221000049,0,14,-14
221000050,6,1,5
221000055,35,37,-2
221000068,263,81,182
221000069,244,57,187
221000070,159,23,136
221000071,69,15,54
221000072,177,14,163
221000073,102,35,67
221000074,0,14,-14
221000075,8,12,-4
221000076,17,22,-5
221000077,13,48,-35
221000081,72,20,52
221000082,49,4,45
221000083,21,3,18
221000084,2,2,0
221000085,22,22,0
221000086,6,76,-70
221000087,0,79,-79
221000088,13,111,-98
221000089,31,164,-133
221000090,100,319,-219
221000098,76,14,62
221000099,188,12,176
221000100,92,6,86
221000101,188,7,181
221000107,36,0,36
221000108,45,5,40
221000109,2,33,-31
221000110,6,22,-16
221000111,20,204,-184
221000112,7,97,-90
221000113,14,62,-48
221000114,11,99,-88
221000120,24,28,-4
221000121,2,31,-29
221000122,48,38,10
221000123,8,17,-9
221000124,30,95,-65
221000155,75,10,65
221000156,61,37,24
221000175,1,13,-12
221000176,1,1,0
221000182,33,9,24
221000241,495,187,308
221000242,88,320,-232
221000243,459,136,323
221000244,228,339,-111
221000245,114,84,30
221000246,39,172,-133
221000247,100,120,-20
221000248,138,115,23
221000267,51,427,-376
221000325,47,48,-1
221000331,6,40,-34
221000338,8,23,-15
221000378,160,28,132
221000381,67,36,31
222000282,5,1,4
222000296,4,18,-14
222000568,270,16,254
222000569,162,39,123
222000570,96,19,77
222000571,268,8,260
222000577,4,84,-80
222000578,36,123,-87
222000579,36,94,-58
222000580,60,534,-474
222000599,0,110,-110
222000600,2,219,-217
222000601,4,626,-622
222000603,6,27,-21
222000604,2,41,-39
222000605,18,14,4
222000606,4,6,-2
222000607,2,6,-4
222000608,14,9,5
222000609,52,100,-48
222000616,322,33,289
222000617,7,37,-30
222000618,7,15,-8
222000620,13,10,3
222000621,29,7,22
222000623,488,7,481
222000624,279,3,276
222000625,435,33,402
222000636,42,4,38
222000686,12,15,-3
222000687,40,13,27
222001066,187,3,184
222001067,14,0,14
222001068,39,11,28
222001069,38,15,23
222001082,6,16,-10
222001083,19,29,-10
222001084,0,24,-24
222001085,1,81,-80
222001111,39,105,-66
222001112,119,27,92
222001313,14,10,4
222001314,6,82,-76
222001464,156,25,131
222001465,21,108,-87
222001484,91,36,55
222001485,33,43,-10
222001494,428,96,332
222001495,85,126,-41
222001496,257,88,169
222001497,100,206,-106
222001502,11,83,-72
222001503,99,23,76
222001504,17,181,-164
222001505,273,5,268
222001506,27,206,-179
222001507,204,16,188
222001510,468,23,445
222001511,20,196,-176
222001514,455,107,348
222001515,146,286,-140
222001518,263,40,223
222001519,66,132,-66
222001527,164,54,110
222001528,26,94,-68
222001529,250,29,221
222001530,35,108,-73
222001533,135,155,-20
222001534,223,49,174
222001535,209,190,19
222001536,55,121,-66
222001537,224,27,197
222001538,44,206,-162
222001563,641,102,539
222001564,40,308,-268
222001568,215,90,125
222001576,1,6,-5
222001579,0,17,-17
222001583,20,93,-73
222001584,96,10,86
222001596,414,893,-479
222001597,1191,336,855
222001626,1,74,-73
222001650,45,86,-41
222001651,65,177,-112
222001914,145,46,99
222001915,31,145,-114
222001968,372,209,163
222001969,383,343,40
222001970,132,153,-21
222001971,17,2,15
222001972,0,12,-12
225000001,333,132,201
225000002,486,108,378
225000003,507,89,418
225000004,290,128,162
225000005,90,68,22
225000006,0,119,-119
225000007,976,818,158
225000010,237,13,224
225000011,194,717,-523
225000012,177,417,-240
225000013,72,90,-18
225000014,610,61,549
225000015,69,120,-51
225000021,457,138,319
225000027,192,341,-149
225000032,492,134,358
225000042,76,401,-325
225000049,65,63,2
225000050,71,5,66
225000053,1,154,-153
225000058,487,113,374
225000067,175,113,62
225000068,87,211,-124
225000069,109,326,-217
225000070,77,216,-139
225000071,48,101,-53
225000075,26,591,-565
225000076,78,74,4
225000078,52,33,19
225000085,73,137,-64
225000086,181,62,119
225000087,146,24,122
225000088,7,114,-107
225000089,208,815,-607
225000090,30,266,-236
225000091,152,79,73
225000092,53,57,-4
225000093,139,185,-46
225000094,12,159,-147
225000095,301,202,99
225000096,277,236,41
225000098,588,259,329
225000099,253,130,123
225000100,267,87,180
225000104,153,268,-115
225000110,6,283,-277
225000111,174,546,-372
225000112,313,746,-433
225000113,183,413,-230
225000114,59,200,-141
225000115,879,435,444
225000116,752,160,592
225000117,636,199,437
225000118,770,212,558
225000119,179,70,109
225000120,485,59,426
225000121,164,20,144
225000123,423,16,407
225000125,332,107,225
225000126,543,116,427
225000127,490,864,-374
225000128,452,595,-143
225000132,273,26,247
225000133,106,30,76
225000134,519,115,404
225000135,56,10,46
225000136,259,8,251
225000137,223,50,173
225000138,332,78,254
225000143,52,163,-111
225000144,2,270,-268
225000145,74,32,42
225000146,65,74,-9
225000147,42,160,-118
225000148,19,107,-88
225000149,49,233,-184
225000151,27,82,-55
225000155,387,300,87
225000156,123,576,-453
225000157,194,227,-33
225000158,45,201,-156
225000171,6,144,-138
225000180,31,3,28
225000181,0,41,-41
225000182,58,5,53
225000185,6,398,-392
225000187,81,303,-222
225000191,48,5,43
225000194,0,26,-26
225000208,1,36,-35
225000209,80,23,57
225000210,11,134,-123
225000217,2,12,-10
225000218,15,1,14
225000223,2,88,-86
225000224,58,3,55
225000225,2,28,-26
225000226,31,1,30
225000227,62,65,-3
225000228,7,6,1
225000229,0,135,-135
225000230,57,0,57
225000231,0,97,-97
225000232,147,0,147
225000241,97,2,95
225000242,1,57,-56
225000249,15,1,14
225000250,37,380,-343
225000251,325,32,293
226000042,227,352,-125
226000043,68,247,-179
226000044,126,368,-242
226000045,41,257,-216
226000046,356,75,281
226000047,376,94,282
226000048,402,92,310
226000049,203,163,40
226000070,0,27,-27
226000071,0,30,-30
226000072,0,6,-6
226000073,0,3,-3
226000074,0,5,-5
226000084,2,43,-41
226000085,2,12,-10
226000086,6,9,-3
226000087,4,9,-5
226000088,14,10,4
226000090,217,129,88
226000091,7,31,-24
226000092,0,15,-15
226000093,17,2,15
226000094,4,5,-1
226000095,17,5,12
226000105,10,0,10
226000106,1,1,0
226000107,4,0,4
226000108,11,0,11
226000109,67,0,67
226000124,75,59,16
226000134,567,348,219
226000135,1137,540,597
226000136,792,362,430
226000137,14,249,-235
226000138,8,184,-176
226000139,1,36,-35
226000156,192,3,189
226000157,184,15,169
226000163,147,121,26
226000202,4,203,-199
226000231,430,12,418
226000232,25,2,23
227000033,21,2,19
227000037,349,22,327
227000038,172,39,133
227000049,0,32,-32
227000050,1,46,-45
227000055,79,0,79
227000056,21,0,21
227000084,3,37,-34
227000085,1,47,-46
227000088,25,2,23
227000089,71,1,70
227000090,21,1,20
227000091,34,0,34
227000093,95,0,95
227000094,20,10,10
227000130,14,82,-68
227000131,23,130,-107
227000132,12,115,-103
227000133,9,122,-113
227000134,24,139,-115
227000152,0,0,0
227000153,0,57,-57
227000155,2,28,-26
227000156,0,20,-20
227000165,1,48,-47
227000196,26,128,-102
227000199,312,17,295
227000230,8,204,-196
227000232,275,20,255
227000241,338,33,305
227000242,79,243,-164
227000243,358,63,295
227000244,297,61,236
227000245,13,238,-225
227000246,61,205,-144
227000247,272,78,194
227000248,146,29,117
227000249,21,109,-88
227000250,28,14,14
227000251,95,179,-84
227000252,21,141,-120
227000253,159,16,143
227000262,349,34,315
227000266,751,24,727
227000267,22,696,-674
227000486,298,186,112
227000655,238,8,230
227000661,77,11,66
227000680,121,36,85
229000265,6,19,-13
229000296,3,19,-16
229000297,1,12,-11
229000298,4,82,-78
229000320,1,7,-6
229000321,27,3,24
229000412,11,34,-23
229000414,3,55,-52
229000415,12,1,11
229000416,4,6,-2
229000417,3,8,-5
229000419,80,216,-136
229000440,259,44,215
229000442,9,5,4
229000443,4,2,2
229000444,1,26,-25
229000445,42,10,32
229000446,52,19,33
229000847,47,0,47
229000848,17,0,17
229000849,62,3,59
229000851,38,0,38
229000854,0,19,-19
229000856,2,36,-34
229000857,0,14,-14
229000858,0,29,-29
229000919,3,49,-46
229000930,3,202,-199
229000937,73,7,66
229000966,59,16,43
229000981,17,22,-5
229000985,19,13,6
229000986,0,3,-3
229000987,0,0,0
229000988,7,3,4
229000989,8,3,5
229000990,0,3,-3
229000991,0,0,0
229000992,9,1,8
229000993,63,12,51
229000998,10,33,-23
229000999,43,8,35
229001034,0,7,-7
229001035,3,1,2
229001037,23,6,17
229001042,11,10,1
229001047,7,30,-23
229001050,17,49,-32
229001200,14,0,14
229001338,0,8,-8
229001394,227,5,222
229001422,104,10,94
229001423,14,100,-86
229001431,49,39,10
229001432,39,50,-11
229001444,102,33,69
229001445,34,71,-37
229001503,215,65,150
229001504,95,126,-31
229001505,127,33,94
229001506,39,95,-56
229001509,34,20,14
229001545,74,8,66
229001546,9,62,-53
229001553,68,8,60
229001554,30,41,-11
229001559,2,5,-3
229001560,4,11,-7
229001630,41,3,38
229001631,8,15,-7
229001635,0,13,-13
229001636,3,1,2
229001658,0,68,-68
229001659,49,1,48
229001660,16,6,10
229001661,4,20,-16
229001662,13,0,13
229001663,0,13,-13
229002584,115,95,20
229002831,123,93,30
229002841,7,14,-7
229002842,7,12,-5
229002843,30,9,21
229002844,27,26,1
229002845,18,50,-32
229002846,30,7,23
229002847,1,9,-8
229002848,4,14,-10
229002849,3,46,-43
229002850,10,0,10
229002851,30,102,-72
229002852,97,12,85
229002853,75,9,66
229002854,22,23,-1
229002855,13,20,-7
229002856,19,20,-1
229002857,6,69,-63
229002858,10,8,2
229002859,15,55,-40
229002860,83,11,72
229002861,25,12,13
229002862,25,11,14
229002863,13,12,1
229002864,41,21,20
229002865,5,7,-2
229002866,4,12,-8
229002867,5,19,-14
229002868,13,3,10
229002869,21,86,-65
229002870,39,8,31
235000066,311,29,282
235000067,115,69,46
235000072,13,73,-60
235000073,81,237,-156
235000074,27,39,-12
235000080,23,82,-59
235000081,74,109,-35
235000082,255,22,233
235000083,154,40,114
235000084,52,58,-6
235000085,145,68,77
235000089,26,18,8
235000092,30,122,-92
235000093,13,6,7
235000097,5,6,-1
235000098,64,10,54
235000099,20,14,6
235000116,47,16,31
235000117,384,12,372
235000133,18,336,-318
235000134,21,161,-140
235000206,6,5,1
235000207,0,4,-4
235000208,2,0,2
235000209,6,1,5
235000210,5,1,4
235000212,3,15,-12
235000213,3,2,1
235000220,2,8,-6
235000221,32,27,5
235000238,8,110,-102
235000239,3,29,-26
235000242,236,647,-411
235000245,473,152,321
235000246,11,64,-53
235000284,6,126,-120
235000295,58,9,49
235000305,206,12,194
235000306,170,9,161
235000307,13,2,11
235000308,7,4,3
235000309,40,0,40
235000310,19,0,19
235000311,26,9,17
235000322,0,25,-25
235000323,2,62,-60
235000324,0,18,-18
235000325,0,18,-18
235000326,5,100,-95
235000351,3,45,-42
235000352,11,29,-18
235000353,5,16,-11
235000354,16,39,-23
235000355,16,47,-31
235000356,65,6,59
235000357,29,6,23
235000358,54,8,46
235000359,15,22,-7
235000360,15,6,9
235000361,48,1,47
235000381,71,107,-36
235000382,120,23,97
235000390,21,2,19
235000391,146,17,129
235000392,185,268,-83
235000393,122,204,-82
235000395,101,29,72
235000396,387,59,328
235000400,75,79,-4
235000401,11,76,-65
235000405,70,169,-99
235000406,46,161,-115
235000407,103,71,32
235000409,273,113,160
235000410,47,145,-98
235000411,2,44,-42
235000485,0,9,-9
235000486,7,0,7
235000549,77,66,11
235000550,96,98,-2
235000599,87,24,63
235000600,6,12,-6
235000601,14,20,-6
235000602,64,54,10
235000614,0,6,-6
235000648,2,20,-18
235000649,40,5,35
235000685,1,3,-2
235000815,14,56,-42
235000834,0,8,-8
235000855,47,32,15
235000862,33,90,-57
235000891,0,22,-22
235000892,15,0,15
235000901,48,134,-86
235000907,4,10,-6
235001010,58,41,17
235001029,336,244,92
235001030,315,147,168
235001078,87,138,-51
235001079,72,66,6
235001147,29,46,-17
235001166,19,46,-27
235001167,32,24,8
235001169,25,242,-217
235001188,1,4,-3
235001189,11,1,10
235001197,16,21,-5
235001200,34,39,-5
235001207,445,43,402
235001210,90,111,-21
235001215,18,116,-98
235001239,1,41,-40
235001244,1,9,-8
235016267,0,32,-32
277102712,2,1,1
277103813,0,0,0
277104249,0,4,-4
277104250,0,8,-8
277104251,0,4,-4
277104252,0,0,0
990011530,2,144,-142
990014944,1,224,-223
990015176,31,1,30
990016032,0,171,-171
990032570,6,20,-14
990070001,55,1,54
990070103,0,1,-1
990070601,0,22,-22
990070751,804,1,803
990070766,0,225,-225
990071180,313,114,199
990071343,107,84,23
990071387,0,8,-8
990071823,22,1,21
990072600,2,864,-862
990072964,1,217,-216
990073285,0,3,-3
990074393,1,469,-468
990074870,1239,12,1227
990075106,966,9,957
990075746,409,1,408
990076437,1046,3,1043
990076458,3,373,-370
997000007,421,8,413
997000041,0,109,-109
997000058,29,2,27
997000062,9,0,9
997000069,0,5,-5
997000070,0,14,-14
997000100,37,0,37
997000141,0,493,-493
997000198,144,700,-556
998000475,1,38,-37
998000736,0,173,-173
998000965,0,1,-1
998001031,0,57,-57
998001700,0,2,-2
998001899,0,0,0
998001900,4,4,0
998003073,609,5,604
998101900,0,0,0
998102850,2,148,-146
998501927,615,750,-135
998501929,74,37,37
998501930,58,22,36
998501931,137,16,121
998501932,1,0,1
998501933,23,3,20
998501937,7,2,5
998501944,8,1,7
998501950,0,3,-3
998501970,45,1,44
998501971,0,43,-43
998501973,0,16,-16
998501974,0,111,-111
998501975,71,0,71
998501976,125,0,125
998501977,0,18,-18
998501978,5,0,5
998501979,0,4,-4
998501980,24,0,24
998501981,27,0,27
998501982,0,62,-62
998501983,0,0,0
998502006,0,0,0
998502024,0,6,-6
998502032,0,2,-2
998502062,6,0,6
998502063,0,0,0
998502173,18,0,18
998502269,1,4,-3
998502546,0,129,-129
998502578,4,5,-1
998502599,22,220,-198
998502621,1,3,-2
998601159,0,72,-72
998601292,0,14,-14
999033574,0,261,-261
999800001,22,14,8
999800002,0,1,-1
999800003,1,2,-1
999800004,0,1,-1
999800005,0,4,-4
