ID,insum,outsum,diff
100000001,235,365,-130
100000002,1,6,-5
100000003,21,56,-35
100000004,176,77,99
100000005,8,61,-53
100000006,0,0,0
100000007,0,0,0
100000008,0,0,0
100000009,0,0,0
100000010,0,0,0
100000011,0,0,0
100000012,0,0,0
100000013,0,0,0
100000014,0,0,0
100000015,0,0,0
100000016,0,0,0
100000017,0,0,0
100000018,0,0,0
100000019,2,3,-1
100000020,0,0,0
100000021,0,0,0
100000022,0,0,0
100000023,0,0,0
100000025,2,1,1
100000028,101,170,-69
100000029,0,0,0
100000030,0,0,0
100000031,119,111,8
100000032,102,56,46
100000033,3,62,-59
100000034,363,293,70
100000035,0,0,0
100000036,0,0,0
100000037,0,0,0
100000038,0,0,0
100000039,0,0,0
100000040,0,0,0
100000041,0,0,0
100000042,0,0,0
100000043,0,0,0
100000044,0,0,0
100000045,0,0,0
100000046,0,0,0
100000047,0,0,0
100000048,4,10,-6
100000049,5,6,-1
100000051,0,1,-1
100000053,0,0,0
100000054,0,0,0
100000055,0,1,-1
100000056,0,0,0
100000057,0,0,0
100000058,1,1,0
100000059,0,0,0
100000060,0,0,0
100000061,2,1,1
100000062,0,0,0
100000063,0,0,0
100000064,0,0,0
100000065,9,23,-14
100000066,4,4,0
100000067,3,3,0
100000068,4,5,-1
100000069,3,6,-3
100000072,0,0,0
100000073,2,25,-23
100000075,0,0,0
100000076,0,0,0
100000077,0,0,0
100000078,0,0,0
100000079,0,0,0
100000080,0,0,0
100000081,0,0,0
100000102,0,0,0
100000103,0,1,-1
100000104,0,0,0
100000105,0,0,0
100000106,0,0,0
100000107,0,0,0
100000108,29,51,-22
100000109,139,124,15
100000116,0,0,0
100000117,0,0,0
100000118,196,553,-357
100000119,17,102,-85
100000121,43,21,22
100000122,1,15,-14
100000123,98,89,9
100000124,440,273,167
100000125,59,16,43
100000126,10,7,3
100000127,0,0,0
100000128,0,0,0
100000129,7,20,-13
100000130,0,0,0
100000131,3,1,2
100000132,109,84,25
100000133,658,368,290
100000135,0,0,0
100000139,6,146,-140
100000140,5,30,-25
100000142,0,0,0
100000143,15,44,-29
100000144,41,37,4
100000147,71,231,-160
100000150,0,0,0
100000151,0,0,0
100000153,0,0,0
100000154,0,0,0
100000155,0,0,0
100000156,0,0,0
100000157,0,0,0
100000158,0,0,0
100000159,0,0,0
100000165,114,13,101
100000169,0,0,0
100000174,0,0,0
100000179,6,14,-8
100000180,0,0,0
100000181,0,0,0
100000188,0,0,0
100000189,0,0,0
100000190,73,103,-30
100000191,0,0,0
100000192,0,0,0
100000193,0,0,0
100000330,0,0,0
100000355,0,3,-3
100000362,179,177,2
100000363,74,33,41
100000364,0,0,0
100000365,550,490,60
100000366,501,463,38
100000367,438,692,-254
100000368,194,296,-102
100000369,0,0,0
100000370,0,0,0
100000376,0,0,0
100000379,50,33,17
100000380,82,177,-95
100000384,750,327,423
100000385,360,249,111
100000386,328,522,-194
100000387,330,142,188
100000388,2094,1036,1058
100000389,1743,877,866
100000390,1332,346,986
100000391,650,317,333
100000392,292,165,127
100000393,107,119,-12
100000394,324,305,19
100000395,187,74,113
100000396,347,499,-152
100000397,364,138,226
100000398,1768,1480,288
100000413,0,0,0
100900002,0,0,0
100900003,0,0,0
100900004,0,0,0
100900005,0,0,0
100900006,0,0,0
100900007,0,0,0
100900008,0,0,0
100900009,0,0,0
100900010,0,0,0
100900011,0,0,0
100900012,0,0,0
100900013,0,0,0
100900014,0,0,0
100900015,0,0,0
100900016,0,0,0
100900017,0,0,0
100900018,0,0,0
100900019,0,0,0
100900020,0,0,0
100900021,0,0,0
100900022,0,0,0
100900023,0,0,0
100900024,0,0,0
100900025,0,0,0
100900026,0,0,0
100900027,0,0,0
100900028,0,0,0
100900029,0,0,0
100900030,0,0,0
100900031,0,0,0
100900032,0,0,0
100900033,0,0,0
100900034,0,0,0
100900035,0,0,0
100900036,0,0,0
100900037,0,0,0
100900038,0,0,0
100900039,0,0,0
100900040,0,0,0
100900041,0,0,0
100900042,0,0,0
100900043,0,0,0
100900044,0,0,0
100900045,0,0,0
100900046,0,0,0
100900047,0,0,0
100900048,0,0,0
100900049,0,0,0
100900050,0,0,0
100900051,0,0,0
100900052,0,0,0
100900053,0,0,0
100900054,0,0,0
100900055,0,0,0
100900056,0,0,0
100900057,0,0,0
100900058,0,0,0
100900059,0,0,0
100900060,0,0,0
100900061,0,0,0
100900062,0,0,0
100900063,0,0,0
100900064,0,0,0
100900065,0,0,0
100900066,0,0,0
100900067,0,0,0
100900068,0,0,0
100900069,0,0,0
100900070,0,0,0
100900071,0,0,0
100900072,0,0,0
100900073,0,0,0
100900074,0,0,0
100900075,0,0,0
100900076,0,0,0
100900077,0,0,0
100900078,0,0,0
100900079,0,0,0
100900080,0,0,0
100900081,0,0,0
100900082,0,0,0
100900083,0,0,0
100900085,0,0,0
100900086,0,0,0
100900088,0,0,0
100900089,0,0,0
100900090,0,0,0
100900091,0,0,0
100900092,0,0,0
100900093,0,0,0
100900094,0,0,0
100900095,0,0,0
100900096,0,0,0
100900097,0,0,0
100900098,0,0,0
100900099,0,0,0
100900100,0,0,0
100900101,0,0,0
100900102,0,0,0
100900103,0,0,0
100900104,0,0,0
100900105,0,0,0
100900106,0,0,0
100900107,0,0,0
100900108,0,0,0
100900109,0,0,0
100900110,0,0,0
100900111,0,0,0
100900112,0,0,0
100900113,0,0,0
100900114,0,0,0
100900115,0,0,0
100900116,0,0,0
100900117,0,0,0
100900118,0,0,0
100900119,0,0,0
100900120,0,0,0
100900121,0,0,0
100900122,0,0,0
100900123,0,0,0
100900124,0,0,0
100900125,0,0,0
100900126,0,0,0
100900127,0,0,0
100900128,0,0,0
100900129,0,0,0
100900131,0,0,0
100900133,0,0,0
100900134,0,0,0
100900135,0,0,0
100900137,0,0,0
100900138,0,0,0
100900139,0,0,0
100900140,0,0,0
100900141,0,0,0
100900142,0,0,0
100900143,0,0,0
100900144,0,0,0
100900145,0,0,0
100900146,0,0,0
100900147,0,0,0
100900148,0,0,0
100900149,0,0,0
100900150,0,0,0
100900151,0,0,0
100900152,0,0,0
100900153,0,0,0
100900154,0,0,0
100900155,0,0,0
100900156,0,0,0
100900157,0,0,0
100900159,0,0,0
100900160,0,0,0
100900161,0,0,0
100900162,0,0,0
100900163,0,0,0
100900164,0,0,0
100900165,0,0,0
100900166,0,0,0
100900167,0,0,0
100900168,0,0,0
100900169,0,0,0
100900170,0,0,0
100900171,0,0,0
100900172,0,0,0
100900173,0,0,0
100900174,0,0,0
100900176,0,0,0
100900177,0,0,0
100900178,0,0,0
100900179,0,0,0
100900180,0,0,0
100900181,0,0,0
100900182,0,0,0
100900184,0,0,0
100900186,0,0,0
100900187,0,0,0
100900188,0,0,0
100900189,0,0,0
100900191,0,0,0
100900192,0,0,0
100900195,0,0,0
100900197,0,0,0
100900198,0,0,0
100900199,0,0,0
100900200,0,0,0
100900201,0,0,0
100900202,0,0,0
100900203,0,0,0
100900204,0,0,0
100900205,0,0,0
100900206,0,0,0
100900207,0,0,0
100900210,0,0,0
100900211,0,0,0
100900213,0,0,0
100900214,0,0,0
100900215,0,0,0
100900217,0,0,0
101000001,116,58,58
101000002,175,212,-37
101000003,0,0,0
101000004,1003,382,621
101000006,118,150,-32
101000007,188,317,-129
101000008,518,163,355
101000009,21,49,-28
101000010,21,64,-43
101000011,57,17,40
101000012,0,0,0
101000013,90,44,46
101000014,26,17,9
101000015,42,44,-2
101000016,0,0,0
101000017,0,0,0
101000018,42,52,-10
101000020,77,10,67
101000021,50,2,48
101000022,57,33,24
101000023,277,178,99
101000025,0,0,0
101000026,0,0,0
101000027,235,174,61
101000028,109,17,92
101000029,0,37,-37
101000030,46,14,32
101000031,0,0,0
101000032,64,143,-79
101000033,187,283,-96
101000034,357,114,243
101000035,58,12,46
101000036,30,40,-10
101000037,103,45,58
101000039,48,64,-16
101000040,161,98,63
101000041,118,61,57
101000042,2,60,-58
101000043,82,48,34
101000045,0,0,0
101000046,104,103,1
101000047,160,42,118
101000048,0,0,0
101000049,0,0,0
101000050,32,61,-29
101000051,36,36,0
101000052,82,54,28
101000053,79,73,6
101000054,101,19,82
101000055,93,50,43
101000056,0,0,0
101000057,108,24,84
101000058,100,9,91
101000059,10,22,-12
101000060,87,20,67
101000061,14,19,-5
101000062,160,23,137
101000063,3,12,-9
101000064,93,39,54
101000065,0,0,0
101000066,2,17,-15
101000067,31,37,-6
101000068,0,0,0
101000069,0,0,0
101000070,140,95,45
101000071,158,58,100
101000072,246,461,-215
101000073,9,5,4
101000074,956,568,388
101000075,1940,636,1304
101000077,143,138,5
101000078,77,75,2
101000079,55,37,18
101000080,37,27,10
101000081,46,25,21
101000082,41,73,-32
101000083,31,14,17
101000084,44,72,-28
101000085,0,0,0
101000086,15,16,-1
101000087,3,7,-4
101000088,0,0,0
101000089,0,0,0
101000090,17,11,6
101000091,0,0,0
101000092,0,0,0
101000093,159,79,80
101000094,40,98,-58
101000095,5,90,-85
101000096,18,27,-9
101000097,10,35,-25
101000098,42,47,-5
101000099,42,82,-40
101000100,41,43,-2
101000101,31,43,-12
101000102,13,37,-24
101000103,39,15,24
101000104,10,29,-19
101000105,0,0,0
101000106,3,4,-1
101000107,0,0,0
101000108,0,0,0
101000109,0,0,0
101000110,0,0,0
101000111,0,8,-8
101000113,0,0,0
101000114,281,35,246
101000115,0,0,0
101000116,0,0,0
101000117,0,0,0
101000119,0,0,0
101000120,0,0,0
101000121,1,0,1
101000122,0,0,0
101000123,1,0,1
101000124,4,3,1
101000125,1,3,-2
101000128,29,17,12
101000130,98,33,65
101000131,42,16,26
101000132,10,71,-61
101000135,0,0,0
101000136,2,1,1
101000137,0,0,0
101000141,138,55,83
101000147,60,63,-3
101000148,0,0,0
101000149,0,0,0
101000150,0,0,0
101000151,0,0,0
101000152,0,0,0
101000153,0,0,0
101000154,0,0,0
101000155,0,0,0
101000156,0,5,-5
101000157,0,0,0
101000160,0,0,0
101000163,0,0,0
101000164,1,5,-4
101000165,0,0,0
101000166,0,0,0
101000168,0,0,0
101000252,0,0,0
101000254,122,24,98
101000258,0,0,0
101000261,0,0,0
101000262,26,113,-87
101000263,0,0,0
101000265,2,20,-18
101000266,20,16,4
101000269,75,12,63
101000290,298,21,277
101000293,0,0,0
101000294,149,51,98
101000295,10,38,-28
101000301,52,21,31
101000304,104,175,-71
101000305,94,72,22
101000328,0,0,0
101900001,0,0,0
101900002,0,0,0
101900003,0,0,0
101900004,0,0,0
101900005,0,0,0
101900006,0,0,0
101900007,0,0,0
101900008,0,0,0
101900009,0,0,0
101900010,0,0,0
101900011,0,0,0
101900012,0,0,0
101900013,0,0,0
101900017,0,0,0
101900018,0,0,0
101900019,0,0,0
101900020,0,0,0
101900021,0,0,0
101900022,0,0,0
101900023,0,0,0
101900026,0,0,0
101900027,0,0,0
102000001,54,31,23
102000002,43,25,18
102000003,180,73,107
102000004,177,50,127
102000005,81,61,20
102000006,101,80,21
102000007,84,69,15
102000008,127,109,18
102000009,169,187,-18
102000010,256,206,50
102000011,52,80,-28
102000012,66,140,-74
102000018,0,0,0
102000019,0,0,0
102000026,0,0,0
102000029,0,0,0
102000030,0,0,0
102000031,0,0,0
102000032,0,0,0
102000033,0,0,0
102000034,0,0,0
102000035,0,0,0
102000036,0,0,0
102000037,0,0,0
102000038,0,0,0
102000039,0,0,0
102000040,0,0,0
102000041,0,0,0
102000042,0,0,0
102000043,0,0,0
102000044,0,0,0
102000045,0,0,0
102000046,0,0,0
102000047,0,0,0
102000048,0,0,0
102000049,0,0,0
102000050,0,0,0
102000051,0,0,0
102000052,0,0,0
102000053,0,0,0
102000054,0,0,0
102000055,1,0,1
102000056,0,1,-1
102000057,0,0,0
102000058,2,0,2
102000059,0,0,0
102000060,0,0,0
102000061,0,0,0
102000062,0,0,0
102000063,6,20,-14
102000064,14,20,-6
102000065,3,4,-1
102000066,78,42,36
102000067,32,142,-110
102000068,168,105,63
102000069,0,0,0
102000070,0,0,0
102000071,324,561,-237
102000072,252,461,-209
102000073,0,28,-28
102000074,6,17,-11
102000075,0,5,-5
102000076,4,17,-13
102000077,9,61,-52
102000078,14,53,-39
102000079,1,8,-7
102000080,7,17,-10
102000081,7,46,-39
102000082,23,36,-13
102000083,0,0,0
102000084,0,0,0
102000085,0,0,0
102000086,0,0,0
102000087,0,0,0
102000088,0,0,0
102000089,0,0,0
102000090,0,0,0
102000091,1,0,1
102000092,0,0,0
102000093,0,1,-1
102000094,0,0,0
102000095,7,4,3
102000096,0,0,0
102000097,5,4,1
102000098,0,0,0
102000099,1,0,1
102000100,0,0,0
102000101,0,0,0
102000102,0,0,0
102000103,0,0,0
102000104,0,0,0
102000105,0,0,0
102000106,0,0,0
102000107,0,0,0
102000108,0,0,0
102000109,0,0,0
102000110,0,0,0
102000111,0,0,0
102000112,0,0,0
102000113,0,0,0
102000114,0,0,0
102000115,0,0,0
102000116,0,0,0
102000117,0,0,0
102000118,0,0,0
102000119,0,0,0
102000120,0,0,0
102000121,0,1,-1
102000122,0,0,0
102000123,0,0,0
102000124,0,0,0
102000125,0,0,0
102000126,0,0,0
102000127,0,1,-1
102000128,0,0,0
102000129,0,0,0
102000130,0,0,0
102000131,1,1,0
102000132,0,0,0
102000133,44,42,2
102000134,19,24,-5
102000135,0,0,0
102000136,0,0,0
102000137,0,0,0
102000138,0,0,0
102000139,0,0,0
102000140,0,0,0
102000141,0,0,0
102000142,0,0,0
102000143,0,0,0
102000144,0,0,0
102000145,0,0,0
102000146,0,0,0
102000147,0,0,0
102000148,0,0,0
102000149,0,0,0
102000150,0,0,0
102000151,0,0,0
102000152,0,0,0
102000153,0,0,0
102000154,0,0,0
102000155,0,0,0
102000156,0,0,0
102000157,0,0,0
102000158,0,0,0
102000159,0,0,0
102000161,71,90,-19
102000162,14,42,-28
102000163,0,0,0
102000164,0,0,0
102000165,31,30,1
102000166,3,10,-7
102000167,7,51,-44
102000168,8,6,2
102000169,23,34,-11
102000170,37,30,7
102000171,10,15,-5
102000172,2,16,-14
102000173,15,3,12
102000174,0,0,0
102000175,0,0,0
102000176,0,0,0
102000178,0,0,0
102000179,0,0,0
102000180,0,0,0
102000181,0,0,0
102000182,0,0,0
102000183,1,0,1
102000184,4,4,0
102000185,0,0,0
102000186,1,9,-8
102000187,2,16,-14
102000188,0,0,0
102000189,11,2,9
102000190,0,0,0
102000191,0,0,0
102000192,5,22,-17
102000193,0,0,0
102000194,0,0,0
102000195,0,0,0
102000196,0,0,0
102000197,0,0,0
102000198,0,0,0
102000199,0,0,0
102000200,0,0,0
102000201,0,0,0
102000202,0,0,0
102000203,0,0,0
102000204,0,0,0
102000205,0,0,0
102000206,0,0,0
102000207,0,0,0
102000208,0,0,0
102000209,0,0,0
102000210,0,0,0
102000211,0,0,0
102000212,0,0,0
102000213,0,0,0
102000214,0,0,0
102000215,0,0,0
102000216,0,0,0
102000217,0,0,0
102000218,0,0,0
102000219,0,0,0
102000225,0,0,0
102000226,0,0,0
102000227,0,0,0
102000228,0,0,0
102000229,0,0,0
102000230,0,0,0
102000231,0,0,0
102000232,0,0,0
102000233,0,0,0
102000234,0,0,0
102000236,0,0,0
102000237,0,0,0
102000238,0,0,0
102000240,7,29,-22
102000241,0,0,0
102000243,0,0,0
102000245,0,0,0
102000246,0,0,0
102000247,20,34,-14
102000248,24,7,17
102000249,2,5,-3
102000250,2,19,-17
102000254,0,0,0
102000266,0,0,0
102000271,0,0,0
102000286,0,0,0
102000297,0,0,0
102000299,0,0,0
102000301,0,0,0
102000305,0,0,0
102000307,0,0,0
102900001,0,0,0
102900002,0,0,0
102900003,0,0,0
102900005,0,0,0
102900006,0,0,0
102900007,0,0,0
102900008,0,0,0
102900009,0,0,0
102900010,0,0,0
102900011,0,0,0
102900012,0,0,0
102900013,0,0,0
102900015,0,0,0
102900016,0,0,0
102900017,0,0,0
102900018,0,0,0
102900019,0,0,0
102900020,0,0,0
102900021,0,0,0
102900022,0,0,0
102900023,0,0,0
102900024,0,0,0
102900025,0,0,0
102900026,0,0,0
102900027,0,0,0
102900028,0,0,0
102900029,0,0,0
102900030,0,0,0
102900031,0,0,0
102900032,0,0,0
102900033,0,0,0
102900034,0,0,0
102900035,0,0,0
102900036,0,0,0
102900037,0,0,0
102900038,0,0,0
102900039,0,0,0
102900040,0,0,0
102900041,0,0,0
102900042,0,0,0
102900043,0,0,0
102900044,0,0,0
102900045,0,0,0
102900046,0,0,0
102900047,0,0,0
102900048,0,0,0
102900049,0,0,0
102900050,0,0,0
102900051,0,0,0
102900053,0,0,0
102900054,0,0,0
102900055,0,0,0
102900056,0,0,0
102900057,0,0,0
102900058,0,0,0
102900059,0,0,0
102900060,0,0,0
102900061,0,0,0
102900062,0,0,0
102900063,0,0,0
102900064,0,0,0
102900065,0,0,0
102900066,0,0,0
102900068,0,0,0
102900070,0,0,0
102900072,0,0,0
102900073,0,0,0
102900075,0,0,0
102900076,0,0,0
102900077,0,0,0
102900078,0,0,0
102900079,0,0,0
102900080,0,0,0
102900081,0,0,0
102900082,0,0,0
102900083,0,0,0
102900084,0,0,0
102900085,0,0,0
102900086,0,0,0
102900087,0,0,0
102900088,0,0,0
102900089,0,0,0
102900090,0,0,0
102900091,0,0,0
102900092,0,0,0
102900094,0,0,0
102900095,0,0,0
102900096,0,0,0
102900097,0,0,0
103000001,196,226,-30
103000002,52,90,-38
103000003,154,140,14
103000004,48,147,-99
103000005,34,20,14
103000006,22,19,3
103000007,0,0,0
103000008,4,4,0
103000009,0,0,0
103000010,0,0,0
103000011,118,165,-47
103000012,126,45,81
103000013,0,0,0
103000014,0,0,0
103000015,12,5,7
103000016,0,0,0
103000017,0,0,0
103000018,0,0,0
103000019,0,0,0
103000020,1,1,0
103000021,0,0,0
103000022,0,0,0
103000023,0,0,0
103000024,0,0,0
103000025,0,0,0
103000026,0,0,0
103000027,0,0,0
103000028,0,0,0
103000029,0,0,0
103000030,38,30,8
103000031,23,33,-10
103000032,1,0,1
103000033,0,0,0
103000034,66,99,-33
103000035,103,22,81
103000036,0,0,0
103000037,35,69,-34
103000038,54,22,32
103000039,0,1,-1
103000040,0,0,0
103000041,1,0,1
103000042,3,0,3
103000043,0,0,0
103000044,0,0,0
103000046,0,0,0
103000047,0,0,0
103000048,0,0,0
103000049,0,0,0
103000050,0,0,0
103000051,0,0,0
103000052,0,0,0
103000053,0,0,0
103000054,0,0,0
103000055,0,0,0
103000056,0,0,0
103000057,0,0,0
103000058,0,0,0
103000059,0,0,0
103000060,1,0,1
103000061,0,0,0
103000062,0,0,0
103000063,0,0,0
103000064,0,0,0
103000065,0,0,0
103000066,0,0,0
103000069,0,0,0
103000070,0,0,0
103000071,0,0,0
103000072,0,0,0
103000073,0,0,0
103000074,0,0,0
103000075,0,0,0
103000076,0,0,0
103000077,0,0,0
103000078,0,0,0
103000079,0,0,0
103000080,0,0,0
103000081,0,0,0
103000082,0,0,0
103000083,0,0,0
103000084,0,0,0
103000085,0,0,0
103000086,22,16,6
103000087,5,41,-36
103000088,0,0,0
103000089,0,0,0
103000090,74,73,1
103000091,34,21,13
103000092,0,0,0
103000093,0,0,0
103000094,0,0,0
103000095,0,0,0
103000096,0,0,0
103000097,0,0,0
103000098,0,0,0
103000099,0,0,0
103000100,0,0,0
103000101,0,0,0
103000102,0,0,0
103000103,0,0,0
103000104,0,0,0
103000105,0,0,0
103000106,0,0,0
103000107,0,0,0
103000108,0,0,0
103000109,0,0,0
103000110,90,53,37
103000111,0,0,0
103000112,0,0,0
103000113,0,0,0
103000114,0,0,0
103000115,0,0,0
103000116,0,0,0
103000117,0,0,0
103000118,0,0,0
103000119,0,0,0
103000120,0,0,0
103000121,0,0,0
103000122,0,0,0
103000125,0,0,0
103000126,0,0,0
103000127,0,0,0
103000128,0,0,0
103000129,0,0,0
103000130,0,0,0
103000131,0,0,0
103000132,0,0,0
103000133,0,0,0
103000134,30,76,-46
103000135,21,19,2
103000136,42,109,-67
103000137,25,49,-24
103000138,104,40,64
103000139,0,0,0
103000140,0,0,0
103000141,0,0,0
103000142,0,0,0
103000143,0,0,0
103000144,0,0,0
103000145,0,0,0
103000150,0,0,0
103000152,0,0,0
103000153,0,0,0
103000156,0,0,0
103000157,0,0,0
103000159,0,0,0
103000162,0,0,0
103000163,0,0,0
103000164,0,0,0
103000165,0,0,0
103000166,0,0,0
103000167,0,0,0
103000168,0,0,0
103000169,0,0,0
103000170,0,0,0
103000171,0,0,0
103000172,0,0,0
103000173,1,1,0
103000174,0,3,-3
103000175,1,0,1
103000176,0,0,0
103000177,0,1,-1
103000178,0,0,0
103000179,0,0,0
103000183,0,0,0
103000185,0,0,0
103000186,0,0,0
103000187,0,1,-1
103000188,0,0,0
103000189,0,0,0
103000191,0,0,0
103000292,0,0,0
103000293,0,0,0
103000295,0,0,0
103000296,0,0,0
103000297,0,0,0
103000504,0,0,0
103000505,0,0,0
103000506,0,0,0
103000507,0,0,0
103000508,0,0,0
103000509,1,1,0
103900001,0,0,0
103900002,0,0,0
103900003,0,0,0
103900004,0,0,0
103900005,0,0,0
103900006,0,0,0
103900007,0,0,0
103900008,0,0,0
103900009,0,0,0
103900010,0,0,0
103900011,0,0,0
103900012,0,0,0
103900013,0,0,0
103900014,0,0,0
103900015,0,0,0
103900016,0,0,0
103900017,0,0,0
103900018,0,0,0
103900019,0,0,0
103900020,0,0,0
103900021,0,0,0
103900022,0,0,0
103900023,0,0,0
103900024,0,0,0
103900025,0,0,0
103900026,0,0,0
103900027,0,0,0
103900028,0,0,0
103900029,0,0,0
103900030,0,0,0
103900031,0,0,0
103900032,0,0,0
103900033,0,0,0
103900034,0,0,0
103900035,0,0,0
103900036,0,0,0
103900037,0,0,0
103900038,0,0,0
103900039,0,0,0
103900040,0,0,0
103900041,0,0,0
103900042,0,0,0
103900043,0,0,0
103900044,0,0,0
103900045,0,0,0
103900047,0,0,0
103900048,0,0,0
103900049,0,0,0
103900050,0,0,0
103900051,0,0,0
103900052,0,0,0
103900053,0,0,0
103900054,0,0,0
103900055,0,0,0
103900056,0,0,0
103900057,0,0,0
103900058,0,0,0
103900059,0,0,0
103900060,0,0,0
103900061,0,0,0
103900062,0,0,0
103900063,0,0,0
103900064,0,0,0
103900065,0,0,0
103900066,0,0,0
103900067,0,0,0
103900068,0,0,0
103900069,0,0,0
103900070,0,0,0
103900071,0,0,0
103900072,0,0,0
103900073,0,0,0
103900074,0,0,0
103900075,0,0,0
103900076,0,0,0
103900077,0,0,0
103900078,0,0,0
103900079,0,0,0
103900080,0,0,0
103900081,0,0,0
103900082,0,0,0
103900083,0,0,0
103900084,0,0,0
103900085,0,0,0
103900086,0,0,0
103900088,0,0,0
103900089,0,0,0
103900090,0,0,0
103900091,0,0,0
103900092,0,0,0
103900093,0,0,0
103900094,0,0,0
103900095,0,0,0
103900096,0,0,0
103900097,0,0,0
103900098,0,0,0
103900099,0,0,0
103900100,0,0,0
103900101,0,0,0
103900102,0,0,0
103900104,0,0,0
103900105,0,0,0
103900106,0,0,0
103900107,0,0,0
103900108,0,0,0
103900109,0,0,0
103900110,0,0,0
103900111,0,0,0
103900112,0,0,0
103900113,0,0,0
103900114,0,0,0
103900115,0,0,0
103900116,0,0,0
103900117,0,0,0
103900119,0,0,0
103900120,0,0,0
103900122,0,0,0
103900123,0,0,0
103900124,0,0,0
103900125,0,0,0
103900126,0,0,0
103900127,0,0,0
103900128,0,0,0
103900131,0,0,0
103900133,0,0,0
103900134,0,0,0
103900135,0,0,0
103900137,0,0,0
103900138,0,0,0
103900139,0,0,0
103900140,0,0,0
103900141,0,0,0
103900142,0,0,0
103900143,0,0,0
103900144,0,0,0
103900145,0,0,0
103900146,0,0,0
103900147,0,0,0
103900148,0,0,0
103900149,0,0,0
103900150,0,0,0
103900151,0,0,0
103900152,0,0,0
103900153,0,0,0
103900154,0,0,0
103900155,0,0,0
103900156,0,0,0
103900157,0,0,0
103900158,0,0,0
103900159,0,0,0
103900160,0,0,0
103900161,0,0,0
103900162,0,0,0
103900163,0,0,0
103900167,0,0,0
103900168,0,0,0
103900169,0,0,0
103900170,0,0,0
103900171,0,0,0
103900172,0,0,0
103900173,0,0,0
103900174,0,0,0
103900175,0,0,0
103900176,0,0,0
103900177,0,0,0
103900178,0,0,0
103900179,0,0,0
103900180,0,0,0
103900181,0,0,0
103900182,0,0,0
103900184,0,0,0
103900185,0,0,0
103900187,0,0,0
103900188,0,0,0
103900189,0,0,0
103900190,0,0,0
103900191,0,0,0
103900192,0,0,0
103900193,0,0,0
103900194,0,0,0
103900195,0,0,0
103900196,0,0,0
103900197,0,0,0
103900198,0,0,0
103900199,0,0,0
103900200,0,0,0
103900201,0,0,0
103900202,0,0,0
103900203,0,0,0
103900204,0,0,0
103900207,0,0,0
103900208,0,0,0
103900209,0,0,0
103900210,0,0,0
103900211,0,0,0
103900212,0,0,0
103900213,9,221,-212
103900214,62,15,47
103900215,57,132,-75
103900216,0,0,0
103900217,0,0,0
103900218,0,0,0
103900219,0,0,0
103900233,0,0,0
103900235,0,0,0
103900236,0,0,0
103900242,0,0,0
103900243,0,0,0
103900244,0,0,0
103900245,0,0,0
103900246,0,0,0
103900247,0,0,0
103900248,0,0,0
103900249,0,0,0
103900250,0,0,0
103900251,0,0,0
103900253,0,0,0
103900254,0,0,0
103900255,0,0,0
103900256,0,0,0
103900257,0,0,0
103900258,0,0,0
103900259,0,0,0
103900261,0,0,0
103900262,0,0,0
103900263,0,0,0
103900264,0,0,0
103900265,0,0,0
103900266,0,0,0
103900267,0,0,0
103900268,0,0,0
103900269,0,0,0
103900270,0,0,0
103900271,0,0,0
103900272,0,0,0
103900273,0,0,0
103900274,0,0,0
103900275,0,0,0
103900276,0,0,0
103900277,0,0,0
103900278,0,0,0
103900279,0,0,0
103900280,0,0,0
104000001,164,269,-105
104000002,120,188,-68
104000003,76,557,-481
104000004,284,138,146
104000005,23,269,-246
104000006,70,228,-158
104000007,222,131,91
104000008,319,236,83
104000009,39,69,-30
104000010,0,0,0
104000011,17,15,2
104000012,2,14,-12
104000013,0,0,0
104000014,4,26,-22
104000015,0,0,0
104000016,0,1,-1
104000018,0,0,0
104000019,15,1,14
104000020,36,72,-36
104000021,11,43,-32
104000022,5,17,-12
104000023,0,0,0
104000024,0,0,0
104000026,0,0,0
104000027,17,117,-100
104000028,44,29,15
104000029,31,100,-69
104000030,13,73,-60
104000031,0,0,0
104000032,0,0,0
104000033,0,0,0
104000034,0,0,0
104000035,0,0,0
104000036,0,0,0
104000037,0,0,0
104000038,0,0,0
104000039,1,43,-42
104000040,0,24,-24
104000041,0,0,0
104000042,0,0,0
104000043,0,0,0
104000044,0,0,0
104000045,0,0,0
104000046,0,0,0
104000047,25,206,-181
104000048,299,389,-90
104000049,0,0,0
104000050,0,0,0
104000051,0,0,0
104000052,32,130,-98
104000053,34,30,4
104000054,0,0,0
104000055,55,61,-6
104000056,1,2,-1
104000057,0,0,0
104000058,63,50,13
104000059,3,74,-71
104000060,20,62,-42
104000061,12,27,-15
104000062,0,0,0
104000064,0,0,0
104000065,0,0,0
104000069,0,0,0
104000070,0,0,0
104000071,0,2,-2
104000072,0,0,0
104000075,0,0,0
104000076,0,0,0
104000082,115,120,-5
104000083,0,0,0
104000084,0,0,0
104000085,0,0,0
104000086,0,0,0
104000087,0,0,0
104000090,0,2,-2
104000092,0,1,-1
104000094,0,2,-2
104000095,144,111,33
104000096,0,0,0
104000097,0,0,0
104000098,0,0,0
104000100,0,0,0
104000101,14,90,-76
104000106,0,0,0
104000107,0,0,0
104000108,0,0,0
104000109,0,0,0
104000110,0,0,0
104000111,0,0,0
104000112,0,0,0
104000116,0,0,0
104000117,0,0,0
104000118,0,0,0
104000119,0,0,0
104000120,0,0,0
104000121,0,0,0
104000122,0,0,0
104000123,60,195,-135
104000124,205,656,-451
104000125,0,0,0
104000126,0,0,0
104000127,73,198,-125
104000128,0,0,0
104000129,0,0,0
104000130,0,0,0
104000131,107,66,41
104000132,70,96,-26
104000133,0,0,0
104000134,66,87,-21
104000135,33,49,-16
104000136,236,153,83
104000137,381,99,282
104000138,0,0,0
104000139,574,436,138
104000141,125,368,-243
104000142,35,111,-76
104000143,14,106,-92
104000144,0,0,0
104000145,0,0,0
104000146,10,33,-23
104000147,2,6,-4
104000148,0,0,0
104000149,4,6,-2
104000150,0,0,0
104000151,4,1,3
104000152,4,11,-7
104000153,0,0,0
104000154,31,8,23
104000155,0,0,0
104000157,6,7,-1
104000158,10,35,-25
104000159,29,15,14
104000160,580,209,371
104000161,0,0,0
104000162,0,0,0
104000165,0,0,0
104000167,0,0,0
104000168,0,0,0
104000169,0,0,0
104000170,0,0,0
104000248,0,0,0
104000251,4,17,-13
104000272,4,1,3
104000273,11,3,8
104000274,4,3,1
104000275,22,5,17
104000279,0,0,0
104000290,0,0,0
104000291,7,43,-36
104000293,0,0,0
104000294,0,0,0
104000295,26,27,-1
104000296,7,45,-38
104000297,178,75,103
104000298,60,45,15
104000299,27,82,-55
104000302,0,0,0
104000303,0,0,0
104900001,0,0,0
104900002,0,0,0
104900003,0,0,0
104900004,0,0,0
104900005,0,0,0
104900006,0,0,0
104900007,0,0,0
104900009,0,0,0
104900010,0,0,0
104900011,0,0,0
104900012,0,0,0
104900013,0,0,0
104900014,0,0,0
104900015,0,0,0
104900016,0,0,0
104900017,0,0,0
104900018,0,0,0
104900019,0,0,0
104900020,0,0,0
104900021,0,0,0
104900022,0,0,0
104900023,0,0,0
104900024,0,0,0
104900025,0,0,0
104900026,0,0,0
104900027,0,0,0
104900028,0,0,0
104900029,0,0,0
104900030,0,0,0
104900031,0,0,0
104900032,0,0,0
104900033,0,0,0
104900034,0,0,0
104900035,0,0,0
104900036,0,0,0
104900037,0,0,0
104900038,0,0,0
104900039,0,0,0
104900040,0,0,0
104900041,0,0,0
104900042,0,0,0
104900043,0,0,0
104900044,0,0,0
104900045,0,0,0
104900046,0,0,0
104900047,0,0,0
104900048,0,0,0
104900049,0,0,0
104900050,0,0,0
104900051,0,0,0
104900052,0,0,0
104900053,0,0,0
104900054,0,0,0
104900055,0,0,0
104900056,0,0,0
104900057,0,0,0
104900058,0,0,0
104900059,0,0,0
104900060,0,0,0
104900061,0,0,0
104900063,0,0,0
104900064,0,0,0
104900065,0,0,0
104900066,0,0,0
104900067,0,0,0
104900068,0,0,0
104900070,0,0,0
104900071,0,0,0
104900072,0,0,0
104900073,0,0,0
104900074,0,0,0
104900075,0,0,0
104900076,0,0,0
104900077,0,0,0
104900078,0,0,0
104900079,0,0,0
104900080,0,0,0
104900082,0,0,0
104900085,0,0,0
104900087,0,0,0
104900089,0,0,0
104900090,0,0,0
104900091,0,0,0
104900093,0,0,0
104900097,0,0,0
104900098,0,0,0
104900099,0,0,0
104900100,0,0,0
104900102,0,0,0
104900103,0,0,0
104900104,0,0,0
104900106,0,0,0
104900107,0,0,0
104900108,0,0,0
104900109,0,0,0
104900110,0,0,0
104900111,0,0,0
104900112,0,0,0
104900113,0,0,0
104900114,0,0,0
104900115,0,0,0
104900116,0,0,0
104900118,0,0,0
104900119,0,0,0
104900120,0,0,0
104900121,0,0,0
104900122,0,0,0
104900123,0,0,0
104900124,0,0,0
104900125,0,0,0
104900126,0,0,0
104900127,0,0,0
104900128,0,0,0
104900129,0,0,0
105000001,81,210,-129
105000002,29,159,-130
105000003,99,193,-94
105000004,36,80,-44
105000005,27,97,-70
105000006,25,175,-150
105000007,23,93,-70
105000008,17,259,-242
105000009,38,16,22
105000010,182,384,-202
105000011,40,41,-1
105000012,190,462,-272
105000013,29,32,-3
105000014,97,72,25
105000015,269,130,139
105000016,77,91,-14
105000017,75,64,11
105000018,0,0,0
105000019,0,0,0
105000020,0,0,0
105000021,0,0,0
105000022,0,0,0
105000023,0,0,0
105000028,0,0,0
105000029,0,7,-7
105000030,182,480,-298
105000031,0,0,0
105000033,42,435,-393
105000034,0,0,0
105000037,0,0,0
105000038,53,32,21
105000039,134,149,-15
105000040,17,25,-8
105000041,13,149,-136
105000042,75,30,45
105000043,90,229,-139
105000044,11,11,0
105000045,9,57,-48
105000046,19,6,13
105000047,19,98,-79
105000048,0,0,0
105000049,7,12,-5
105000050,0,0,0
105000051,0,0,0
105000052,0,0,0
105000053,0,0,0
105000054,0,0,0
105000055,0,0,0
105000056,0,0,0
105000057,0,0,0
105000058,0,0,0
105000059,0,0,0
105000060,0,0,0
105000061,0,0,0
105000062,0,2,-2
105000063,0,1,-1
105000064,0,0,0
105000065,0,0,0
105000066,0,0,0
105000067,0,0,0
105000068,0,1,-1
105000069,1,0,1
105000070,0,0,0
105000071,0,0,0
105000072,0,0,0
105000073,0,0,0
105000074,0,0,0
105000075,11,8,3
105000076,86,28,58
105000077,278,20,258
105000078,0,0,0
105000079,0,1,-1
105000080,0,0,0
105000081,1,4,-3
105000082,0,0,0
105000083,0,0,0
105000084,0,1,-1
105000085,0,0,0
105000086,0,1,-1
105000087,0,2,-2
105000088,0,0,0
105000089,12,35,-23
105000090,11,13,-2
105000091,21,8,13
105000092,2,8,-6
105000093,0,0,0
105000094,0,0,0
105000095,0,0,0
105000096,0,0,0
105000097,4,13,-9
105000098,0,0,0
105000099,6,4,2
105000100,1,8,-7
105000101,0,0,0
105000102,1,7,-6
105000103,0,0,0
105000104,1,0,1
105000105,0,0,0
105000106,0,0,0
105000107,0,0,0
105000108,0,0,0
105000109,0,0,0
105000110,0,0,0
105000111,0,0,0
105000112,1,0,1
105000113,0,0,0
105000114,0,0,0
105000115,0,0,0
105000116,0,0,0
105000117,0,0,0
105000118,0,0,0
105000119,0,0,0
105000120,0,0,0
105000121,0,0,0
105000122,0,2,-2
105000123,0,0,0
105000124,0,2,-2
105000125,0,0,0
105000126,0,1,-1
105000127,0,0,0
105000128,1,1,0
105000129,0,1,-1
105000130,0,0,0
105000131,0,1,-1
105000132,0,0,0
105000133,1,1,0
105000134,0,0,0
105000135,0,0,0
105000136,0,1,-1
105000137,0,0,0
105000138,0,0,0
105000139,0,2,-2
105000140,0,0,0
105000141,0,2,-2
105000142,0,0,0
105000143,0,1,-1
105000144,0,1,-1
105000145,0,0,0
105000146,0,1,-1
105000147,0,0,0
105000148,0,0,0
105000149,0,0,0
105000150,4,3,1
105000151,0,0,0
105000152,1,2,-1
105000153,0,0,0
105000154,2,0,2
105000155,0,0,0
105000156,1,0,1
105000157,0,1,-1
105000158,0,0,0
105000159,0,1,-1
105000160,0,0,0
105000161,0,3,-3
105000162,0,0,0
105000163,0,2,-2
105000164,1,0,1
105000165,0,0,0
105000166,3,1,2
105000167,1,5,-4
105000168,0,2,-2
105000169,4,21,-17
105000170,0,0,0
105000171,0,0,0
105000172,0,0,0
105000173,0,0,0
105000174,0,0,0
105000175,0,0,0
105000176,0,0,0
105000177,0,0,0
105000178,0,0,0
105000179,0,0,0
105000180,0,0,0
105000181,0,0,0
105000182,0,0,0
105000183,0,0,0
105000184,163,203,-40
105000185,0,0,0
105000186,24,227,-203
105000187,0,0,0
105000188,0,0,0
105000189,5,80,-75
105000190,0,0,0
105000191,4,7,-3
105000192,0,0,0
105000193,23,60,-37
105000194,0,0,0
105000195,13,71,-58
105000196,0,0,0
105000197,9,90,-81
105000198,39,79,-40
105000199,3,0,3
105000200,0,0,0
105000201,1,1,0
105000203,0,0,0
105000204,0,0,0
105000205,0,0,0
105000207,30,9,21
105000208,0,0,0
105000209,4,17,-13
105000211,0,0,0
105000212,0,0,0
105000213,0,0,0
105000214,0,0,0
105000215,3,0,3
105000216,4,20,-16
105000217,1,16,-15
105000218,0,8,-8
105000221,0,0,0
105000222,0,0,0
105000223,0,0,0
105000226,0,0,0
105000227,0,0,0
105000228,0,0,0
105000229,0,0,0
105000231,0,0,0
105000233,44,29,15
105000234,18,158,-140
105000235,0,0,0
105000237,0,0,0
105000243,0,0,0
105000248,0,0,0
105000262,0,0,0
105000269,0,0,0
105000270,0,1,-1
105000271,0,0,0
105000282,0,0,0
105000287,0,0,0
105000288,0,0,0
105000289,50,59,-9
105000290,0,0,0
105000402,0,0,0
105000426,2,5,-3
105000438,0,0,0
105000440,0,0,0
105000446,128,306,-178
105000447,22,18,4
105000454,0,0,0
105000455,0,0,0
105000474,0,0,0
105000477,0,0,0
105000478,51,61,-10
105000479,0,0,0
105000480,67,71,-4
105000481,104,76,28
105000482,322,368,-46
105000483,105,113,-8
105000484,107,456,-349
105000485,112,252,-140
105000486,407,365,42
105000488,108,226,-118
105000489,0,1,-1
105000549,0,0,0
105000550,1,0,1
105000551,0,0,0
105000552,395,122,273
105000555,0,0,0
105000556,0,0,0
105000557,0,0,0
105900001,0,0,0
105900002,0,0,0
105900003,0,0,0
105900004,0,0,0
105900005,0,0,0
105900006,0,0,0
105900007,0,0,0
105900008,0,0,0
105900009,0,0,0
105900011,0,0,0
105900012,0,0,0
105900013,0,0,0
105900014,0,0,0
105900015,0,0,0
105900016,0,0,0
105900017,0,0,0
105900018,0,0,0
105900019,0,0,0
105900020,0,0,0
105900021,0,0,0
105900022,0,0,0
105900023,0,0,0
105900024,0,0,0
105900025,0,0,0
105900026,0,0,0
105900027,0,0,0
105900028,0,0,0
105900029,0,0,0
105900030,0,0,0
105900031,0,0,0
105900032,0,0,0
105900033,0,0,0
105900034,0,0,0
105900035,0,0,0
105900036,0,0,0
105900037,0,0,0
105900038,0,0,0
105900039,0,0,0
105900040,0,0,0
105900041,0,0,0
105900042,0,0,0
105900043,0,0,0
105900044,0,0,0
105900045,0,0,0
105900046,0,0,0
105900047,0,0,0
105900048,0,0,0
105900050,0,0,0
105900051,0,0,0
105900052,0,0,0
105900053,0,0,0
105900054,0,0,0
105900056,0,0,0
105900057,0,0,0
105900058,0,0,0
105900059,0,0,0
106000001,100,8,92
106000002,158,265,-107
106000003,121,37,84
106000004,214,252,-38
106000005,127,38,89
106000006,176,358,-182
106000007,149,50,99
106000008,79,131,-52
106000009,57,18,39
106000010,53,140,-87
106000011,23,28,-5
106000012,31,116,-85
106000013,60,69,-9
106000014,170,190,-20
106000015,82,66,16
106000016,196,248,-52
106000017,102,91,11
106000018,404,253,151
106000019,16,20,-4
106000020,17,129,-112
106000021,24,36,-12
106000022,51,62,-11
106000023,19,17,2
106000024,57,131,-74
106000025,32,30,2
106000026,80,138,-58
106000027,20,45,-25
106000028,43,137,-94
106000029,90,176,-86
106000030,0,0,0
106000034,0,0,0
106000035,0,0,0
106000036,0,2,-2
106000037,44,54,-10
106000038,0,0,0
106000039,0,0,0
106000040,1,30,-29
106000041,0,0,0
106000043,0,0,0
106000046,0,0,0
106000047,0,1,-1
106000049,0,0,0
106000050,11,184,-173
106000051,0,0,0
106000052,6,99,-93
106000053,0,0,0
106000054,24,124,-100
106000055,0,0,0
106000056,86,206,-120
106000057,0,0,0
106000058,6,71,-65
106000059,0,0,0
106000060,25,154,-129
106000061,0,0,0
106000062,21,91,-70
106000063,0,0,0
106000064,4,72,-68
106000065,0,0,0
106000066,5,34,-29
106000067,0,0,0
106000068,3,130,-127
106000069,0,0,0
106000070,13,99,-86
106000071,0,0,0
106000072,22,62,-40
106000073,0,1,-1
106000074,0,8,-8
106000075,0,0,0
106000076,1,1,0
106000077,7,8,-1
106000078,4,4,0
106000079,0,1,-1
106000080,1,4,-3
106000081,2,2,0
106000082,12,5,7
106000083,1,6,-5
106000084,1,3,-2
106000085,1,5,-4
106000086,2,4,-2
106000087,0,1,-1
106000088,2,12,-10
106000089,1,0,1
106000090,0,4,-4
106000091,2,1,1
106000092,0,1,-1
106000093,0,0,0
106000094,5,19,-14
106000095,3,11,-8
106000096,2,58,-56
106000097,2,27,-25
106000098,3,102,-99
106000099,2,98,-96
106000100,0,0,0
106000101,0,0,0
106000102,3,82,-79
106000103,3,56,-53
106000104,43,36,7
106000105,0,36,-36
106000106,13,1,12
106000107,1,40,-39
106000108,20,2,18
106000109,0,23,-23
106000110,6,3,3
106000111,1,28,-27
106000112,9,1,8
106000113,0,30,-30
106000114,44,0,44
106000115,3,42,-39
106000116,3,0,3
106000117,0,0,0
106000118,0,0,0
106000119,0,1,-1
106000120,0,0,0
106000121,0,0,0
106000122,0,0,0
106000123,0,0,0
106000124,0,0,0
106000125,0,0,0
106000126,0,0,0
106000127,0,0,0
106000128,0,0,0
106000129,7,9,-2
106000130,0,0,0
106000131,1,23,-22
106000132,0,0,0
106000133,14,31,-17
106000134,0,0,0
106000135,5,43,-38
106000136,0,0,0
106000137,2,43,-41
106000138,0,0,0
106000139,0,0,0
106000140,1,22,-21
106000141,0,14,-14
106000142,0,0,0
106000143,3,26,-23
106000144,0,0,0
106000145,3,27,-24
106000146,0,0,0
106000147,1,0,1
106000148,1,6,-5
106000149,0,0,0
106000150,0,13,-13
106000151,0,1,-1
106000152,0,3,-3
106000153,0,0,0
106000154,0,0,0
106000155,0,0,0
106000156,1,0,1
106000157,2,62,-60
106000158,5,11,-6
106000159,21,50,-29
106000160,0,10,-10
106000161,25,13,12
106000162,2,3,-1
106000163,2,8,-6
106000164,0,0,0
106000165,1,22,-21
106000166,1,0,1
106000167,3,42,-39
106000168,0,1,-1
106000169,1,23,-22
106000170,0,0,0
106000171,3,26,-23
106000172,3,0,3
106000173,6,55,-49
106000174,2,13,-11
106000175,1,43,-42
106000176,0,0,0
106000177,19,54,-35
106000178,0,0,0
106000179,21,75,-54
106000180,24,71,-47
106000181,9,93,-84
106000182,0,0,0
106000183,1,0,1
106000184,1,0,1
106000185,7,29,-22
106000186,0,2,-2
106000187,1,91,-90
106000188,0,2,-2
106000189,0,0,0
106000190,0,0,0
106000191,0,0,0
106000192,0,2,-2
106000193,0,0,0
106000194,0,7,-7
106000195,0,0,0
106000196,0,7,-7
106000197,0,0,0
106000198,0,5,-5
106000199,3,9,-6
106000200,0,10,-10
106000201,0,0,0
106000202,33,8,25
106000203,2,12,-10
106000204,0,0,0
106000205,7,10,-3
106000206,0,0,0
106000207,4,94,-90
106000208,19,1,18
106000209,22,2,20
106000210,0,90,-90
106000211,25,137,-112
106000212,18,3,15
106000213,1,14,-13
106000214,0,0,0
106000215,0,0,0
106000216,0,0,0
106000217,0,0,0
106000218,0,0,0
106000219,0,0,0
106000220,0,0,0
106000221,1,1,0
106000222,0,0,0
106000223,0,0,0
106000224,0,1,-1
106000225,0,0,0
106000226,0,2,-2
106000228,1,23,-22
106000229,1,24,-23
106000231,0,0,0
106000232,1,15,-14
106000233,0,0,0
106000234,1,4,-3
106000235,0,0,0
106000236,0,2,-2
106000237,0,0,0
106000238,0,0,0
106000239,0,2,-2
106000240,0,0,0
106000241,0,80,-80
106000242,35,0,35
106000249,0,0,0
106000250,0,21,-21
106000251,0,0,0
106000252,0,0,0
106000253,0,0,0
106000254,0,0,0
106000255,0,0,0
106000256,0,0,0
106000257,0,0,0
106000258,0,0,0
106000259,0,0,0
106000260,0,0,0
106000261,0,0,0
106000262,0,0,0
106000263,0,0,0
106000264,0,0,0
106000265,0,0,0
106000266,0,0,0
106000267,0,0,0
106000268,0,0,0
106000269,0,0,0
106000270,4,45,-41
106000271,0,0,0
106000272,0,0,0
106000273,0,0,0
106000274,0,0,0
106000275,0,0,0
106000276,0,0,0
106000277,0,0,0
106000278,0,0,0
106000279,0,0,0
106000280,0,0,0
106000281,0,0,0
106000282,0,0,0
106000283,0,0,0
106000284,0,0,0
106000285,0,0,0
106000286,0,0,0
106000287,0,0,0
106000288,0,0,0
106000289,0,0,0
106000290,0,0,0
106000291,0,0,0
106000292,0,0,0
106000293,0,0,0
106000294,0,0,0
106000295,0,0,0
106000296,0,0,0
106000297,0,0,0
106000298,0,0,0
106000299,0,0,0
106000300,0,0,0
106000301,0,0,0
106000303,0,0,0
106000304,0,0,0
106000305,0,0,0
106000306,0,0,0
106000307,0,0,0
106000308,0,0,0
106000309,0,0,0
106000310,5,16,-11
106000311,0,0,0
106000312,16,5,11
106000313,0,0,0
106000318,0,0,0
106000319,31,0,31
106000320,0,0,0
106000321,0,0,0
106000322,1,0,1
106000324,0,0,0
106000325,38,18,20
106000326,42,175,-133
106000327,0,0,0
106000328,0,0,0
106000329,0,0,0
106000330,0,3,-3
106000428,0,0,0
106000429,19,70,-51
106000430,49,108,-59
106000431,0,0,0
106000432,132,192,-60
106000433,121,5,116
106000434,69,2,67
106000435,134,210,-76
106000436,1,13,-12
106000437,0,0,0
106000438,0,0,0
106000439,3,12,-9
106000440,0,0,0
106000441,0,0,0
106000442,0,0,0
106000443,0,0,0
106000450,0,7,-7
106000451,0,0,0
106000454,0,3,-3
106000455,1,23,-22
106000456,0,0,0
106000457,2,85,-83
106000458,0,0,0
106000459,2,17,-15
106000460,0,0,0
106000461,2,79,-77
106000462,0,6,-6
106000463,0,0,0
106000464,0,7,-7
106000465,0,0,0
106000466,0,13,-13
106000467,16,78,-62
106000468,0,0,0
106000469,0,0,0
106000470,2,3,-1
106000471,2,31,-29
106000472,0,0,0
106000473,0,0,0
106000474,55,92,-37
106000475,9,30,-21
106000476,0,0,0
106000477,1,19,-18
106000480,0,9,-9
106900001,0,0,0
106900002,0,0,0
106900003,0,0,0
106900004,0,0,0
106900006,0,0,0
106900007,0,0,0
106900008,0,0,0
106900009,0,0,0
106900010,0,0,0
106900012,0,0,0
106900013,0,0,0
106900014,0,0,0
106900015,0,0,0
106900016,0,0,0
106900017,0,0,0
106900018,0,0,0
106900019,0,0,0
106900020,0,0,0
106900021,0,0,0
106900022,0,0,0
106900023,0,0,0
106900024,0,0,0
106900025,0,0,0
106900026,0,0,0
106900027,0,0,0
107000001,131,73,58
107000002,200,513,-313
107000003,218,134,84
107000004,382,677,-295
107000005,91,105,-14
107000006,199,501,-302
107000007,273,155,118
107000008,1707,1315,392
107000009,117,90,27
107000010,304,513,-209
107000011,43,17,26
107000012,45,52,-7
107000013,1,27,-26
107000014,0,19,-19
107000015,11,41,-30
107000016,6,38,-32
107000017,19,9,10
107000018,0,12,-12
107000020,0,0,0
107000021,25,13,12
107000022,1,34,-33
107000023,23,10,13
107000024,1,61,-60
107000025,3,9,-6
107000026,1,11,-10
107000027,64,15,49
107000028,6,23,-17
107000029,35,26,9
107000030,12,103,-91
107000031,38,38,0
107000032,0,0,0
107000033,113,222,-109
107000034,61,50,11
107000035,0,0,0
107000036,0,0,0
107000037,0,0,0
107000038,14,14,0
107000039,0,0,0
107000040,7,20,-13
107000041,0,0,0
107000042,12,33,-21
107000043,0,0,0
107000044,26,41,-15
107000045,2,21,-19
107000046,0,0,0
107000047,5,30,-25
107000048,0,0,0
107000049,2,32,-30
107000050,0,0,0
107000051,16,54,-38
107000052,0,0,0
107000053,14,10,4
107000054,8,71,-63
107000055,37,25,12
107000056,11,110,-99
107000057,26,40,-14
107000058,0,0,0
107000059,23,77,-54
107000060,0,0,0
107000061,40,52,-12
107000062,0,0,0
107000063,14,45,-31
107000064,0,0,0
107000065,17,43,-26
107000066,0,0,0
107000067,0,0,0
107000068,0,0,0
107000069,0,0,0
107000070,0,0,0
107000071,0,0,0
107000072,0,166,-166
107000073,0,0,0
107000074,3,47,-44
107000075,0,0,0
107000076,16,152,-136
107000077,0,0,0
107000078,26,152,-126
107000079,0,0,0
107000080,33,118,-85
107000081,0,0,0
107000082,22,180,-158
107000083,0,0,0
107000084,15,194,-179
107000085,53,36,17
107000086,86,223,-137
107000087,27,15,12
107000088,55,161,-106
107000089,25,27,-2
107000090,31,119,-88
107000091,18,18,0
107000092,29,81,-52
107000093,24,94,-70
107000094,40,103,-63
107000095,0,0,0
107000096,21,23,-2
107000097,0,0,0
107000098,10,27,-17
107000099,0,0,0
107000100,2,4,-2
107000101,0,0,0
107000102,4,4,0
107000103,0,0,0
107000104,2,0,2
107000105,0,0,0
107000106,1,8,-7
107000107,0,0,0
107000108,1,14,-13
107000109,0,0,0
107000110,0,1,-1
107000111,0,0,0
107000112,0,1,-1
107000113,0,0,0
107000114,2,16,-14
107000115,0,0,0
107000116,1,32,-31
107000117,0,0,0
107000118,1,5,-4
107000119,69,43,26
107000120,6,43,-37
107000121,20,7,13
107000122,17,67,-50
107000123,19,10,9
107000124,5,62,-57
107000125,33,7,26
107000126,9,65,-56
107000129,6,33,-27
107000130,0,0,0
107000131,8,21,-13
107000132,0,0,0
107000133,0,0,0
107000134,0,0,0
107000135,0,0,0
107000136,0,0,0
107000137,0,0,0
107000138,0,0,0
107000139,0,0,0
107000140,0,0,0
107000141,0,0,0
107000142,0,0,0
107000143,0,0,0
107000144,0,0,0
107000145,0,0,0
107000146,0,0,0
107000147,0,0,0
107000150,0,0,0
107000151,0,0,0
107000152,0,0,0
107000153,0,0,0
107000154,0,0,0
107000155,0,0,0
107000156,0,0,0
107000157,0,0,0
107000158,0,0,0
107000159,0,0,0
107000160,0,0,0
107000161,0,0,0
107000162,0,0,0
107000163,0,0,0
107000164,0,0,0
107000165,0,0,0
107000166,0,0,0
107000167,0,0,0
107000168,0,0,0
107000169,0,0,0
107000170,0,0,0
107000171,0,0,0
107000172,0,0,0
107000173,0,0,0
107000174,0,0,0
107000175,0,0,0
107000176,0,0,0
107000177,0,0,0
107000178,0,0,0
107000179,2,36,-34
107000180,0,0,0
107000181,1,25,-24
107000182,0,0,0
107000183,0,18,-18
107000184,0,0,0
107000185,3,32,-29
107000186,0,0,0
107000187,0,0,0
107000188,0,0,0
107000189,0,0,0
107000190,0,0,0
107000191,0,0,0
107000192,0,0,0
107000193,0,0,0
107000194,0,0,0
107000197,0,0,0
107000198,0,15,-15
107000199,0,1,-1
107000200,0,0,0
107000201,1,0,1
107000202,0,0,0
107000203,0,0,0
107000204,0,0,0
107000205,1,5,-4
107000206,0,0,0
107000207,0,0,0
107000208,0,0,0
107000209,0,0,0
107000210,0,0,0
107000211,0,0,0
107000212,0,0,0
107000213,0,0,0
107000214,0,0,0
107000215,0,0,0
107000216,0,0,0
107000217,0,0,0
107000219,0,0,0
107000220,0,0,0
107000222,0,0,0
107000224,0,0,0
107000225,0,0,0
107000226,0,0,0
107000227,0,0,0
107000228,0,0,0
107000229,0,0,0
107000230,17,30,-13
107000231,0,0,0
107000232,0,0,0
107000233,0,0,0
107000234,0,0,0
107000235,0,2,-2
107000236,0,60,-60
107000237,0,0,0
107000238,0,0,0
107000239,0,0,0
107000240,0,0,0
107000243,0,8,-8
107000244,0,11,-11
107000246,0,88,-88
107000249,0,1,-1
107000251,0,0,0
107000252,0,0,0
107000255,0,0,0
107000257,0,0,0
107000258,0,0,0
107000259,0,0,0
107000260,0,0,0
107000262,0,0,0
107000263,0,0,0
107000266,0,0,0
107000267,0,0,0
107000268,0,0,0
107000269,0,0,0
107000270,0,0,0
107000271,0,0,0
107000272,0,0,0
107000273,0,0,0
107000274,0,0,0
107000275,0,0,0
107000280,0,0,0
107000281,0,0,0
107000282,0,0,0
107000290,0,0,0
107000291,0,0,0
107000292,0,0,0
107000293,0,0,0
107000294,0,0,0
107000295,0,0,0
107000296,0,0,0
107000444,0,0,0
107000496,0,0,0
107000497,20,104,-84
107000500,0,0,0
107000501,0,0,0
107000502,0,0,0
107000505,1,37,-36
107000506,0,0,0
107000508,0,0,0
107000509,0,0,0
107000510,0,0,0
107000514,0,0,0
107000515,0,0,0
107000516,0,0,0
107000518,0,0,0
107000519,8,88,-80
107000520,0,0,0
107000521,24,26,-2
107000522,0,0,0
107900001,0,0,0
107900002,0,0,0
107900003,0,0,0
107900004,0,0,0
107900005,0,0,0
107900006,0,0,0
107900007,0,0,0
107900008,0,0,0
107900009,0,0,0
107900010,0,0,0
107900012,0,0,0
107900013,0,0,0
107900014,0,0,0
107900015,0,0,0
107900016,0,0,0
107900017,0,0,0
107900018,0,0,0
107900019,0,0,0
107900020,0,0,0
107900021,0,0,0
107900023,0,0,0
107900024,0,0,0
107900025,0,0,0
107900026,0,0,0
107900027,0,0,0
107900028,0,0,0
107900030,0,0,0
107900031,0,0,0
107900032,0,0,0
107900033,0,0,0
107900034,0,0,0
107900035,0,0,0
107900036,0,0,0
107900037,0,0,0
107900038,0,0,0
107900039,0,0,0
107900040,0,0,0
107900041,0,0,0
107900043,0,0,0
107900044,0,0,0
107900045,0,0,0
107900046,0,0,0
107900047,0,0,0
107900048,0,0,0
107900049,0,0,0
107900050,0,0,0
107900051,0,0,0
107900052,0,0,0
107900053,0,0,0
107900055,0,0,0
107900056,0,0,0
107900057,0,0,0
107900058,0,0,0
107900060,0,0,0
107900061,0,0,0
107900063,0,0,0
107900064,0,0,0
107900065,0,0,0
107900066,0,0,0
107900067,0,0,0
107900068,0,0,0
107900069,0,0,0
107900070,0,0,0
107900071,0,0,0
107900072,0,0,0
107900073,0,0,0
107900074,0,0,0
107900076,0,0,0
107900077,0,0,0
107900079,0,0,0
107900080,0,0,0
107900081,0,0,0
107900082,0,0,0
107900083,0,0,0
107900084,0,0,0
107900086,0,0,0
107900087,0,0,0
107900088,0,0,0
107900089,0,0,0
107900090,0,0,0
107900091,0,0,0
107900093,0,0,0
107900095,0,0,0
107900097,0,0,0
107900098,0,0,0
107900100,0,0,0
107900101,0,0,0
107900102,0,0,0
107900103,0,0,0
107900104,0,0,0
107900105,0,0,0
107900106,0,0,0
107900107,0,0,0
107900108,0,0,0
107900109,0,0,0
107900110,0,0,0
107900111,0,0,0
107900112,0,0,0
107900113,0,0,0
107900114,0,0,0
107900115,0,0,0
107900116,0,0,0
107900117,0,0,0
107900118,0,0,0
107900119,0,0,0
107900120,0,0,0
107900121,0,0,0
107900122,0,0,0
107900123,0,0,0
107900124,0,0,0
107900125,0,0,0
107900126,0,0,0
107900127,0,0,0
107900128,0,0,0
107900129,0,0,0
107900130,0,0,0
107900131,0,0,0
107900132,0,0,0
107900133,0,0,0
107900134,0,0,0
107900135,0,0,0
107900136,0,0,0
107900137,0,0,0
107900138,0,0,0
107900139,0,0,0
107900141,0,0,0
107900142,0,0,0
107900143,0,0,0
107900144,0,0,0
107900145,0,0,0
107900146,0,0,0
107900147,0,0,0
107900148,0,0,0
107900149,0,0,0
107900150,0,0,0
107900151,0,0,0
107900152,0,0,0
107900153,0,0,0
107900154,0,0,0
107900155,0,0,0
107900156,0,0,0
107900157,0,0,0
107900158,0,0,0
107900159,0,0,0
107900160,0,0,0
107900161,0,0,0
107900162,0,0,0
107900163,0,0,0
107900164,0,0,0
107900165,0,0,0
107900166,0,0,0
107900167,0,0,0
107900168,0,0,0
107900169,0,0,0
107900171,0,0,0
107900172,0,0,0
107900173,0,0,0
107900174,0,0,0
107900175,0,0,0
107900176,0,0,0
107900177,0,0,0
107900178,0,0,0
107900179,0,0,0
107900180,0,0,0
107900181,0,0,0
107900182,0,0,0
107900183,0,0,0
107900184,0,0,0
107900185,0,0,0
107900186,0,0,0
107900187,0,0,0
107900188,0,0,0
107900189,0,0,0
107900190,0,0,0
107900191,0,0,0
107900193,0,0,0
107900194,0,0,0
107900195,0,0,0
107900196,0,0,0
107900197,0,0,0
107900199,0,0,0
107900201,0,0,0
107900203,0,0,0
107900204,0,0,0
107900206,0,0,0
107900207,0,0,0
107900208,0,0,0
107900209,0,0,0
107900210,0,0,0
107900213,0,0,0
107900214,0,0,0
107900215,0,0,0
107900216,0,0,0
107900217,0,0,0
107900218,0,0,0
107900219,0,0,0
107900220,0,0,0
107900221,0,0,0
107900223,0,0,0
107900224,0,0,0
107900225,0,0,0
107900226,0,0,0
107900227,0,0,0
107900228,0,0,0
107900229,0,0,0
107900230,0,0,0
107900231,0,0,0
107900232,0,0,0
107900233,0,0,0
107900234,0,0,0
107900235,0,0,0
107900236,0,0,0
107900237,0,0,0
107900238,0,0,0
107900239,0,0,0
107900240,0,0,0
107900241,0,0,0
107900242,0,0,0
107900243,0,0,0
107900244,0,0,0
107900245,0,0,0
107900246,0,0,0
107900248,0,0,0
107900249,0,0,0
107900250,0,0,0
107900251,0,0,0
107900252,0,0,0
107900253,0,0,0
107900254,0,0,0
107900255,0,0,0
107900256,0,0,0
107900257,0,0,0
107900258,0,0,0
107900259,0,0,0
107900261,0,0,0
107900262,0,0,0
107900264,0,0,0
107900265,0,0,0
107900267,0,0,0
107900268,0,0,0
107900269,0,0,0
107900270,0,0,0
107900271,0,0,0
107900272,0,0,0
107900273,0,0,0
107900274,0,0,0
107900275,0,0,0
107900276,0,0,0
107900277,0,0,0
107900278,0,0,0
107900279,0,0,0
107900280,0,0,0
107900281,0,0,0
107900282,0,0,0
107900283,0,0,0
107900284,0,0,0
107900285,0,0,0
107900286,0,0,0
107900287,0,0,0
107900290,0,0,0
107900291,0,0,0
107900292,0,0,0
107900293,0,0,0
107900295,0,0,0
107900297,0,0,0
107900298,0,0,0
107900299,0,0,0
107900301,0,0,0
107900302,0,0,0
107900303,0,0,0
107900304,0,0,0
107900305,0,0,0
107900306,0,0,0
107900307,0,0,0
107900308,0,0,0
107900309,0,0,0
107900310,0,0,0
107900311,0,0,0
107900312,0,0,0
107900313,0,0,0
107900314,0,0,0
107900315,0,0,0
107900316,0,0,0
107900317,0,0,0
107900318,0,0,0
107900319,0,0,0
107900320,0,0,0
107900321,0,0,0
107900322,0,0,0
107900323,0,0,0
107900324,0,0,0
107900325,0,0,0
107900326,0,0,0
107900327,0,0,0
107900328,0,0,0
107900329,0,0,0
107900330,0,0,0
107900331,0,0,0
107900332,0,0,0
107900333,0,0,0
107900334,0,0,0
107900335,0,0,0
107900336,0,0,0
107900337,0,0,0
107900338,0,0,0
107900339,0,0,0
107900340,0,0,0
107900341,0,0,0
107900342,0,0,0
107900343,0,0,0
107900344,0,0,0
107900345,0,0,0
107900346,0,0,0
107900347,0,0,0
107900348,0,0,0
107900349,0,0,0
107900350,0,0,0
107900351,0,0,0
107900352,0,0,0
107900353,0,0,0
107900354,0,0,0
108000001,136,49,87
108000002,447,627,-180
108000003,146,36,110
108000004,1381,2227,-846
108000005,120,47,73
108000006,283,790,-507
108000007,128,113,15
108000008,406,646,-240
108000009,64,145,-81
108000010,171,562,-391
108000011,380,151,229
108000012,1343,1260,83
108000014,0,0,0
108000015,0,0,0
108000016,63,203,-140
108000017,0,0,0
108000018,0,0,0
108000019,0,0,0
108000020,0,0,0
108000021,21,261,-240
108000022,0,1,-1
108000023,0,0,0
108000024,0,0,0
108000025,3,14,-11
108000026,0,0,0
108000027,2,54,-52
108000028,0,0,0
108000029,2,47,-45
108000030,0,0,0
108000031,0,37,-37
108000032,0,0,0
108000033,9,49,-40
108000034,0,0,0
108000035,18,155,-137
108000036,2,86,-84
108000037,2,0,2
108000038,1,0,1
108000039,8,127,-119
108000040,0,1,-1
108000041,29,139,-110
108000042,0,0,0
108000043,1,34,-33
108000044,0,0,0
108000045,4,44,-40
108000046,0,0,0
108000047,7,59,-52
108000048,6,14,-8
108000049,0,0,0
108000050,0,17,-17
108000051,0,0,0
108000052,2,13,-11
108000053,0,0,0
108000054,6,22,-16
108000055,0,0,0
108000056,24,17,7
108000057,0,0,0
108000058,0,1,-1
108000059,120,92,28
108000060,0,1,-1
108000061,0,0,0
108000062,1,0,1
108000063,0,0,0
108000064,0,0,0
108000065,0,0,0
108000066,0,0,0
108000067,0,0,0
108000068,0,0,0
108000069,12,70,-58
108000070,0,0,0
108000071,6,102,-96
108000072,0,0,0
108000073,29,58,-29
108000074,0,0,0
108000075,8,18,-10
108000076,0,0,0
108000077,18,39,-21
108000078,0,0,0
108000079,89,149,-60
108000080,0,0,0
108000081,50,204,-154
108000082,48,59,-11
108000083,0,0,0
108000084,2,31,-29
108000085,0,0,0
108000086,10,27,-17
108000087,0,0,0
108000088,0,0,0
108000089,0,0,0
108000091,0,20,-20
108000092,0,0,0
108000093,13,19,-6
108000094,0,0,0
108000095,1,11,-10
108000096,0,0,0
108000097,5,12,-7
108000098,0,0,0
108000099,0,0,0
108000100,0,0,0
108000101,0,0,0
108000102,0,0,0
108000106,0,0,0
108000107,0,0,0
108000108,0,0,0
108000109,0,1,-1
108000110,0,0,0
108000111,15,59,-44
108000112,0,0,0
108000113,0,0,0
108000115,0,0,0
108000117,0,0,0
108000118,0,15,-15
108000119,2,17,-15
108000120,0,0,0
108000121,0,13,-13
108000122,0,0,0
108000123,0,0,0
108000124,0,240,-240
108000125,0,0,0
108000126,2,104,-102
108000127,0,0,0
108000128,3,107,-104
108000129,7,213,-206
108000130,0,0,0
108000131,0,0,0
108000132,50,90,-40
108000133,0,0,0
108000134,45,136,-91
108000135,0,0,0
108000136,21,197,-176
108000137,0,0,0
108000138,0,0,0
108000139,0,0,0
108000140,0,0,0
108000141,0,7,-7
108000142,0,2,-2
108000143,0,0,0
108000144,0,0,0
108000145,0,0,0
108000146,0,0,0
108000147,0,0,0
108000148,0,0,0
108000149,0,0,0
108000150,0,0,0
108000151,0,0,0
108000152,0,0,0
108000153,0,0,0
108000154,0,0,0
108000155,0,0,0
108000156,0,0,0
108000157,0,0,0
108000158,0,0,0
108000159,0,0,0
108000160,4,25,-21
108000161,0,0,0
108000165,0,0,0
108000172,0,0,0
108000173,0,0,0
108000175,0,0,0
108000178,0,0,0
108000179,0,0,0
108000181,0,0,0
108000182,0,0,0
108000183,0,0,0
108000184,0,0,0
108000185,0,0,0
108000186,0,0,0
108000187,0,0,0
108000188,0,0,0
108000189,0,0,0
108000190,1,12,-11
108000192,0,0,0
108000193,27,4,23
108000194,0,1,-1
108000195,1,72,-71
108000196,0,0,0
108000198,0,0,0
108000199,0,40,-40
108000200,0,0,0
108000203,0,0,0
108000204,0,0,0
108000205,0,0,0
108000339,0,0,0
108000364,0,0,0
108000365,0,0,0
108000367,0,0,0
108000368,0,0,0
108000369,0,0,0
108000371,0,1,-1
108000372,0,0,0
108000373,0,0,0
108000376,0,0,0
108000377,0,0,0
108000378,659,92,567
108000379,0,0,0
108000381,0,0,0
108000382,0,0,0
108000383,0,0,0
108900001,0,0,0
108900002,0,0,0
108900003,0,0,0
108900004,0,0,0
108900007,0,0,0
108900008,0,0,0
108900009,0,0,0
108900010,0,0,0
108900011,0,0,0
108900012,0,0,0
108900013,0,0,0
108900014,0,0,0
108900015,0,0,0
108900016,0,0,0
108900017,0,0,0
108900018,0,0,0
108900019,0,0,0
108900020,0,0,0
108900021,0,0,0
108900022,0,0,0
108900023,0,0,0
108900024,0,0,0
108900025,0,0,0
108900026,0,0,0
108900027,0,0,0
108900028,0,0,0
108900029,0,0,0
108900030,0,0,0
108900031,0,0,0
108900032,0,0,0
108900033,0,0,0
108900034,0,0,0
108900035,0,0,0
108900038,0,0,0
108900039,0,0,0
108900040,0,0,0
108900041,0,0,0
108900042,0,0,0
108900043,0,0,0
108900044,0,0,0
108900045,0,0,0
108900046,0,0,0
108900047,0,0,0
108900048,0,0,0
108900049,0,0,0
108900050,0,0,0
108900051,0,0,0
108900052,0,0,0
108900053,0,0,0
108900054,0,0,0
108900055,0,0,0
108900056,0,0,0
108900057,0,0,0
108900058,0,0,0
108900059,0,0,0
108900060,0,0,0
108900061,0,0,0
108900062,0,0,0
108900063,0,0,0
108900064,0,0,0
108900065,0,0,0
108900066,0,0,0
108900067,0,0,0
108900068,0,0,0
108900069,0,0,0
108900070,0,0,0
108900071,0,0,0
108900072,0,0,0
108900073,0,0,0
108900074,0,0,0
108900075,0,0,0
108900076,0,0,0
108900077,0,0,0
108900078,0,0,0
108900079,0,0,0
108900080,0,0,0
108900081,0,0,0
108900082,0,0,0
108900083,0,0,0
108900085,0,0,0
108900086,0,0,0
108900087,0,0,0
108900088,0,0,0
108900089,0,0,0
108900090,0,0,0
108900091,0,0,0
108900092,0,0,0
108900093,0,0,0
108900094,0,0,0
108900095,0,0,0
108900096,0,0,0
108900097,0,0,0
108900098,0,0,0
108900099,0,0,0
108900100,0,0,0
108900101,0,0,0
108900102,0,0,0
108900103,0,0,0
108900105,0,0,0
108900106,0,0,0
108900108,0,0,0
108900109,0,0,0
108900110,0,0,0
108900111,0,0,0
108900113,0,0,0
108900114,0,0,0
108900115,0,0,0
108900116,0,0,0
108900117,0,0,0
108900118,0,0,0
108900119,0,0,0
108900120,0,0,0
108900121,0,0,0
108900122,0,0,0
108900123,0,0,0
108900124,0,0,0
108900125,0,0,0
108900126,0,0,0
108900127,0,0,0
108900128,0,0,0
108900129,0,0,0
108900130,0,0,0
108900131,0,0,0
108900132,0,0,0
108900133,0,0,0
108900134,0,0,0
108900135,0,0,0
108900136,0,0,0
108900137,0,0,0
108900138,0,0,0
108900140,0,0,0
108900141,0,0,0
108900142,0,0,0
108900143,0,0,0
108900144,0,0,0
108900145,0,0,0
108900146,0,0,0
108900147,0,0,0
108900148,0,0,0
108900150,0,0,0
108900151,0,0,0
108900152,0,0,0
108900153,0,0,0
108900154,0,0,0
108900156,0,0,0
108900157,0,0,0
108900158,0,0,0
108900159,0,0,0
108900160,0,0,0
108900161,0,0,0
108900162,0,0,0
108900163,0,0,0
108900164,0,0,0
108900168,0,0,0
108900169,0,0,0
108900171,0,0,0
108900172,0,0,0
108900173,0,0,0
108900174,0,0,0
108900176,0,0,0
108900177,0,0,0
108900178,0,0,0
108900180,0,0,0
108900183,0,0,0
108900184,0,0,0
108900185,0,0,0
108900186,0,0,0
108900189,0,0,0
108900190,0,0,0
108900192,0,0,0
108900195,0,0,0
108900196,0,0,0
108900199,0,0,0
108900200,0,0,0
108900201,0,0,0
108900203,0,0,0
108900204,0,0,0
108900205,0,0,0
108900206,0,0,0
108900207,0,0,0
108900208,0,0,0
108900209,0,0,0
108900210,0,0,0
108900211,0,0,0
108900212,0,0,0
108900215,0,0,0
108900216,0,0,0
108900217,0,0,0
108900218,0,0,0
108900221,0,0,0
108900224,0,0,0
108900225,0,0,0
108900227,0,0,0
108900230,0,0,0
108900232,0,0,0
108900233,0,0,0
108900234,0,0,0
108900235,0,0,0
108900236,0,0,0
108900240,0,0,0
108900241,0,0,0
108900245,0,0,0
108900250,0,0,0
108900258,0,0,0
108900259,0,0,0
108900260,0,0,0
108900261,0,0,0
108900262,0,0,0
108900263,0,0,0
108900264,0,0,0
108900265,0,0,0
108900266,0,0,0
108900267,0,0,0
108900268,0,0,0
108900269,0,0,0
108900270,0,0,0
108900271,0,0,0
108900272,0,0,0
108900273,0,0,0
108900274,0,0,0
109000001,69,0,69
109000002,215,342,-127
109000003,63,0,63
109000004,196,710,-514
109000005,25,2,23
109000006,86,510,-424
109000007,26,0,26
109000008,84,376,-292
109000009,79,14,65
109000010,248,893,-645
109000011,90,27,63
109000012,201,952,-751
109000013,128,21,107
109000014,155,846,-691
109000015,165,32,133
109000016,295,967,-672
109000017,93,35,58
109000018,143,825,-682
109000019,94,5,89
109000020,230,488,-258
109000023,0,0,0
109000024,0,0,0
109000025,0,0,0
109000026,0,0,0
109000027,0,0,0
109000028,0,0,0
109000029,0,0,0
109000030,2,31,-29
109000031,0,0,0
109000032,0,47,-47
109000033,0,0,0
109000034,0,0,0
109000035,0,0,0
109000036,0,5,-5
109000037,0,0,0
109000038,13,5,8
109000039,0,0,0
109000040,0,0,0
109000041,8,6,2
109000042,2,11,-9
109000044,0,0,0
109000045,14,98,-84
109000046,0,0,0
109000047,12,223,-211
109000048,0,0,0
109000049,97,329,-232
109000050,0,0,0
109000051,213,136,77
109000052,0,0,0
109000053,0,0,0
109000054,0,0,0
109000055,0,0,0
109000056,0,0,0
109000057,0,0,0
109000058,0,0,0
109000059,0,1,-1
109000060,0,0,0
109000061,0,2,-2
109000062,0,0,0
109000063,0,0,0
109000064,0,0,0
109000065,0,0,0
109000066,0,0,0
109000067,0,0,0
109000068,0,0,0
109000069,0,0,0
109000070,0,92,-92
109000071,0,0,0
109000072,0,0,0
109000073,0,0,0
109000074,0,0,0
109000075,25,235,-210
109000076,0,0,0
109000077,0,0,0
109000078,0,0,0
109000079,0,0,0
109000080,0,0,0
109000081,0,0,0
109000082,0,0,0
109000083,0,0,0
109000088,0,0,0
109000089,0,0,0
109000090,0,0,0
109000091,0,0,0
109000092,0,0,0
109000093,0,0,0
109000094,0,0,0
109000095,0,0,0
109000096,0,0,0
109000097,0,0,0
109000098,0,0,0
109000099,11,1,10
109000100,0,40,-40
109000101,34,4,30
109000102,2,77,-75
109000103,0,0,0
109000104,9,3,6
109000105,4,75,-71
109000106,29,3,26
109000107,11,106,-95
109000108,38,3,35
109000109,6,94,-88
109000110,34,7,27
109000111,40,114,-74
109000112,0,0,0
109000113,28,63,-35
109000114,0,0,0
109000115,0,0,0
109000116,0,11,-11
109000117,0,0,0
109000118,0,17,-17
109000119,0,0,0
109000120,1,27,-26
109000121,0,0,0
109000122,3,28,-25
109000123,0,0,0
109000124,0,0,0
109000125,0,0,0
109000126,1,40,-39
109000127,0,0,0
109000128,2,50,-48
109000129,0,0,0
109000130,3,95,-92
109000131,0,0,0
109000132,9,23,-14
109000133,0,85,-85
109000134,5,153,-148
109000135,11,113,-102
109000136,0,0,0
109000137,0,0,0
109000138,0,0,0
109000139,0,0,0
109000140,0,0,0
109000141,0,0,0
109000142,0,0,0
109000143,1,0,1
109000145,1,0,1
109000146,0,0,0
109000148,0,0,0
109000149,0,0,0
109000150,0,0,0
109000155,0,0,0
109000156,0,0,0
109000158,0,0,0
109000159,0,0,0
109000160,0,0,0
109000161,0,0,0
109000162,0,0,0
109000163,0,0,0
109000164,0,0,0
109000165,0,0,0
109000166,0,0,0
109000167,0,0,0
109000170,0,0,0
109000171,0,0,0
109000172,0,0,0
109000173,0,0,0
109000174,0,0,0
109000175,0,0,0
109000176,0,0,0
109000177,0,0,0
109000178,0,0,0
109000179,0,0,0
109000180,0,1,-1
109000181,0,0,0
109000182,0,0,0
109000183,0,0,0
109000184,0,0,0
109000185,0,0,0
109000188,0,0,0
109000189,0,0,0
109000190,2,3,-1
109000191,0,0,0
109000192,0,0,0
109000193,0,0,0
109000194,0,0,0
109000195,0,0,0
109000196,0,0,0
109000197,0,0,0
109000198,0,0,0
109000199,0,0,0
109000206,0,0,0
109000207,0,0,0
109000208,0,0,0
109000209,0,0,0
109000210,0,0,0
109000211,0,0,0
109000214,2,0,2
109000215,0,0,0
109000216,8,3,5
109000217,0,0,0
109000218,0,0,0
109000221,0,0,0
109000222,0,0,0
109000223,0,0,0
109000224,0,0,0
109000225,0,0,0
109000226,0,0,0
109000227,0,0,0
109000228,0,55,-55
109000231,0,0,0
109000232,0,0,0
109000236,3,107,-104
109000241,0,0,0
109000242,0,0,0
109000293,0,0,0
109000361,0,0,0
109000364,0,0,0
109000396,0,0,0
109000397,0,0,0
109000399,0,0,0
109000400,0,0,0
109000403,0,0,0
109000406,2,3,-1
109000407,0,0,0
109000408,1,137,-136
109000410,0,0,0
109000411,0,0,0
109900001,0,0,0
109900002,0,0,0
109900003,0,0,0
109900004,0,0,0
109900005,0,0,0
109900006,0,0,0
109900007,0,0,0
109900008,0,0,0
109900009,0,0,0
109900010,0,0,0
109900011,0,0,0
109900012,0,0,0
109900013,0,0,0
109900014,0,0,0
109900015,0,0,0
109900016,0,0,0
109900017,0,0,0
109900018,0,0,0
109900019,0,0,0
109900020,0,0,0
109900021,0,0,0
109900022,0,0,0
109900023,0,0,0
109900024,0,0,0
109900025,0,0,0
109900026,0,0,0
109900027,0,0,0
109900028,0,0,0
109900029,0,0,0
109900030,0,0,0
109900031,0,0,0
109900032,0,0,0
109900033,0,0,0
109900034,0,0,0
109900035,0,0,0
109900036,0,0,0
109900037,0,0,0
109900038,0,0,0
109900039,0,0,0
109900040,0,0,0
109900041,0,0,0
109900042,0,0,0
109900044,0,0,0
109900045,0,0,0
109900046,0,0,0
109900047,0,0,0
109900048,0,0,0
109900049,0,0,0
109900050,0,0,0
109900051,0,0,0
109900052,0,0,0
109900053,0,0,0
109900054,0,0,0
109900055,0,0,0
109900056,0,0,0
109900057,0,0,0
109900058,0,0,0
109900059,0,0,0
109900060,0,0,0
109900061,0,0,0
109900062,0,0,0
109900063,0,0,0
109900064,0,0,0
109900065,0,0,0
109900066,0,0,0
109900067,0,0,0
109900068,0,0,0
109900069,0,0,0
109900070,0,0,0
109900071,0,0,0
109900072,0,0,0
109900073,0,0,0
109900074,0,0,0
109900075,0,0,0
109900076,0,30,-30
109900077,0,0,0
109900078,0,0,0
109900080,0,0,0
109900081,0,0,0
109900082,0,0,0
109900083,0,0,0
109900084,0,0,0
109900085,0,0,0
109900086,0,0,0
109900087,0,0,0
109900089,0,0,0
109900090,0,0,0
109900091,0,0,0
109900092,0,0,0
109900093,0,0,0
109900094,0,0,0
109900095,0,0,0
109900096,0,0,0
109900097,0,0,0
109900098,0,0,0
109900099,0,0,0
109900100,0,0,0
109900101,0,0,0
109900102,0,0,0
109900103,0,0,0
109900104,0,0,0
109900105,0,0,0
109900106,0,0,0
109900107,0,0,0
109900108,0,0,0
109900109,0,0,0
109900110,0,0,0
109900111,0,0,0
109900112,0,0,0
109900113,0,0,0
109900114,0,0,0
109900115,0,0,0
109900117,0,0,0
109900118,0,0,0
109900119,0,0,0
109900120,0,0,0
109900121,0,0,0
109900122,0,0,0
109900123,0,0,0
109900124,0,0,0
109900125,0,0,0
109900126,0,0,0
109900128,0,0,0
109900130,0,0,0
109900131,0,0,0
109900132,0,0,0
109900133,0,0,0
109900134,0,0,0
109900135,0,0,0
109900136,0,0,0
109900137,0,0,0
109900140,0,0,0
109900142,0,0,0
109900145,0,0,0
109900146,0,0,0
109900148,0,0,0
109900149,0,0,0
109900150,0,0,0
109900151,0,0,0
109900152,0,0,0
109900153,0,0,0
109900154,0,0,0
109900155,0,0,0
109900157,0,0,0
109900158,0,0,0
109900159,0,0,0
109900160,0,0,0
109900161,0,0,0
109900162,0,0,0
109900163,0,0,0
109900164,0,0,0
109900165,0,0,0
109900166,0,0,0
109900167,0,0,0
109900168,0,0,0
109900169,0,0,0
109900170,0,0,0
109900171,0,0,0
109900172,0,0,0
109900173,0,0,0
109900174,0,0,0
109900175,0,0,0
109900176,0,0,0
109900177,0,0,0
109900178,0,0,0
109900179,0,0,0
109900180,0,0,0
110000001,94,203,-109
110000002,60,48,12
110000003,169,368,-199
110000004,187,66,121
110000005,72,19,53
110000006,0,0,0
110000007,0,0,0
110000008,0,0,0
110000009,0,0,0
110000010,0,0,0
110000011,0,0,0
110000012,0,1,-1
110000013,0,0,0
110000014,0,0,0
110000015,0,0,0
110000016,0,0,0
110000017,0,0,0
110000018,0,0,0
110000019,0,0,0
110000020,0,0,0
110000021,0,0,0
110000022,0,0,0
110000023,0,0,0
110000024,2,2,0
110000025,0,0,0
110000026,0,0,0
110000027,1,0,1
110000028,0,0,0
110000029,0,1,-1
110000030,0,0,0
110000031,0,1,-1
110000032,0,0,0
110000033,0,0,0
110000034,0,1,-1
110000035,0,0,0
110000036,0,1,-1
110000037,0,0,0
110000038,0,0,0
110000039,0,0,0
110000040,0,0,0
110000041,0,0,0
110000042,0,0,0
110000043,0,0,0
110000044,0,0,0
110000045,0,0,0
110000046,0,0,0
110000047,0,0,0
110000048,0,0,0
110000049,0,0,0
110000050,0,0,0
110000051,0,0,0
110000052,0,0,0
110000053,0,0,0
110000054,0,0,0
110000055,0,0,0
110000056,0,0,0
110000057,0,0,0
110000058,0,0,0
110000059,48,113,-65
110000060,65,85,-20
110000061,164,346,-182
110000062,167,99,68
110000063,0,0,0
110000064,0,0,0
110000065,0,0,0
110000066,0,0,0
110000067,0,0,0
110000068,0,0,0
110000069,0,0,0
110000071,0,0,0
110000073,0,0,0
110000075,0,0,0
110000076,0,0,0
110000077,0,0,0
110000078,0,0,0
110000080,34,192,-158
110000081,0,50,-50
110000082,1,41,-40
110000083,22,95,-73
110000084,0,0,0
110000085,422,173,249
110000086,0,1,-1
110000087,1,49,-48
110000088,3,88,-85
110000089,0,0,0
110000090,0,0,0
110000091,0,0,0
110000092,0,0,0
110000093,54,8,46
110000094,9,141,-132
110000095,0,0,0
110000096,205,364,-159
110000097,0,0,0
110000098,0,0,0
110000099,36,262,-226
110000100,0,0,0
110000101,0,0,0
110000102,0,0,0
110000104,0,0,0
110000105,0,0,0
110000106,0,0,0
110000107,0,0,0
110000108,13,0,13
110000109,0,13,-13
110000110,292,1,291
110000111,2,9,-7
110000112,0,0,0
110000113,0,0,0
110000114,0,0,0
110000115,0,0,0
110000116,0,0,0
110000117,1,8,-7
110000118,0,0,0
110000119,2,8,-6
110000120,0,0,0
110000121,1,5,-4
110000122,0,0,0
110000123,0,0,0
110000124,0,38,-38
110000125,0,0,0
110000126,0,0,0
110000127,0,0,0
110000128,0,47,-47
110000129,1,20,-19
110000130,0,0,0
110000131,4,22,-18
110000132,0,38,-38
110000133,1,1,0
110000134,0,0,0
110000135,0,0,0
110000136,0,0,0
110000137,0,0,0
110000138,0,0,0
110000139,0,0,0
110000140,0,0,0
110000143,0,0,0
110000144,208,7,201
110000145,46,9,37
110000146,93,9,84
110000147,0,1,-1
110000148,0,0,0
110000151,0,0,0
110000152,0,0,0
110000153,0,0,0
110000154,0,0,0
110000155,191,476,-285
110000156,27,228,-201
110000157,68,174,-106
110000160,0,0,0
110000161,0,1,-1
110000166,0,0,0
110000167,0,0,0
110000168,2,0,2
110000169,0,0,0
110000170,0,0,0
110000171,0,0,0
110000172,24,186,-162
110000173,81,160,-79
110000174,0,0,0
110000175,0,0,0
110000176,0,0,0
110000177,0,0,0
110000178,9,30,-21
110000179,2,27,-25
110000180,0,14,-14
110000181,1,15,-14
110000182,15,29,-14
110000183,0,0,0
110000184,25,17,8
110000185,4,58,-54
110000186,7,37,-30
110000191,0,3,-3
110000192,0,0,0
110000193,0,0,0
110000194,0,5,-5
110000195,0,0,0
110000196,0,0,0
110000197,0,0,0
110000198,0,0,0
110000199,0,0,0
110000200,12,13,-1
110000201,0,0,0
110000202,1,2,-1
110000203,4,18,-14
110000204,0,0,0
110000205,0,0,0
110000206,0,11,-11
110000207,0,0,0
110000208,0,0,0
110000209,2,19,-17
110000210,0,0,0
110000211,0,0,0
110000212,17,12,5
110000213,0,0,0
110000214,0,0,0
110000215,0,0,0
110000216,0,0,0
110000217,0,0,0
110000218,0,0,0
110000219,0,0,0
110000220,0,0,0
110000221,0,0,0
110000222,0,0,0
110000223,0,0,0
110000224,0,0,0
110000225,2,6,-4
110000226,0,0,0
110000227,0,9,-9
110000228,0,0,0
110000229,0,1,-1
110000230,0,1,-1
110000231,0,0,0
110000232,1,21,-20
110000233,0,0,0
110000234,0,0,0
110000235,0,0,0
110000236,14,62,-48
110000237,30,46,-16
110000238,2,30,-28
110000239,5,51,-46
110000240,0,0,0
110000242,0,0,0
110000243,0,0,0
110000244,1,32,-31
110000245,0,42,-42
110000246,2,1,1
110000247,0,0,0
110000248,0,0,0
110000249,0,0,0
110000250,0,0,0
110000251,0,0,0
110000252,0,0,0
110000253,0,0,0
110000254,1,10,-9
110000255,0,11,-11
110000256,0,0,0
110000257,10,104,-94
110000258,0,0,0
110000259,0,0,0
110000260,0,0,0
110000263,0,0,0
110000264,0,0,0
110000265,142,72,70
110000266,134,40,94
110000267,0,2,-2
110000268,0,0,0
110000269,0,0,0
110000270,0,0,0
110000271,0,0,0
110000272,56,220,-164
110000273,88,185,-97
110000274,1,46,-45
110000275,2,1,1
110000276,6,35,-29
110000277,1,0,1
110000278,0,0,0
110000279,0,0,0
110000280,0,0,0
110000281,1,0,1
110000282,0,0,0
110000283,0,0,0
110000284,0,0,0
110000285,0,8,-8
110000286,0,0,0
110000287,0,0,0
110000288,0,2,-2
110000289,0,1,-1
110000290,13,39,-26
110000291,2,0,2
110000292,6,93,-87
110000293,0,2,-2
110000294,3,26,-23
110000295,0,0,0
110000296,0,14,-14
110000297,11,17,-6
110000298,0,0,0
110000299,0,0,0
110000301,0,0,0
110000302,0,0,0
110000303,0,0,0
110000304,0,0,0
110000305,0,0,0
110000306,0,0,0
110000307,0,0,0
110000308,0,0,0
110000309,0,0,0
110000310,0,0,0
110000311,0,1,-1
110000312,0,0,0
110000313,8,25,-17
110000314,0,0,0
110000315,229,187,42
110000316,39,192,-153
110000317,0,1,-1
110000318,0,0,0
110000319,0,0,0
110000320,0,0,0
110000321,0,0,0
110000322,0,0,0
110000323,0,0,0
110000324,68,175,-107
110000325,0,0,0
110000327,6,24,-18
110000328,7,43,-36
110000333,0,0,0
110000334,8,58,-50
110000335,0,0,0
110000336,2,91,-89
110000337,0,0,0
110000338,0,0,0
110000339,0,0,0
110000340,0,0,0
110000341,2,85,-83
110000342,0,0,0
110000343,0,10,-10
110000344,0,0,0
110000345,0,0,0
110000346,143,52,91
110000347,112,22,90
110000348,0,0,0
110000349,0,0,0
110000350,0,0,0
110000351,4,21,-17
110000352,6,118,-112
110000353,10,14,-4
110000354,1,155,-154
110000355,0,0,0
110000356,0,0,0
110000357,0,0,0
110000361,0,0,0
110000362,0,0,0
110000363,0,0,0
110000364,0,0,0
110000365,0,0,0
110000366,0,0,0
110000367,5,14,-9
110000368,0,0,0
110000369,0,0,0
110000373,0,12,-12
110000374,0,0,0
110000375,0,47,-47
110000376,0,0,0
110000377,0,0,0
110000378,0,0,0
110000379,99,31,68
110000380,0,0,0
110000383,0,3,-3
110000384,0,1,-1
110000385,0,0,0
110000387,0,6,-6
110000388,0,0,0
110000389,0,2,-2
110000391,0,1,-1
110000396,0,0,0
110000397,0,0,0
110000398,0,0,0
110000399,0,1,-1
110000587,0,0,0
110000589,0,0,0
110000640,0,0,0
110000652,0,0,0
110000653,0,0,0
110000654,0,0,0
110000656,0,1,-1
110000674,0,0,0
110000675,0,0,0
110000676,0,0,0
110000679,9,5,4
110000682,0,0,0
110000683,0,0,0
110000684,0,1,-1
110000685,0,0,0
110000686,0,0,0
110000687,0,0,0
110000688,52,0,52
110000689,0,0,0
110000692,0,0,0
110000693,0,0,0
110000694,0,193,-193
110000695,4,33,-29
110000696,0,0,0
110900001,0,0,0
110900002,0,0,0
110900003,0,0,0
110900004,0,0,0
110900005,0,0,0
110900006,0,0,0
110900007,0,0,0
110900008,0,0,0
110900009,0,0,0
110900010,0,0,0
110900011,0,0,0
110900012,0,0,0
110900013,0,0,0
110900014,0,0,0
110900015,0,0,0
110900016,0,0,0
110900017,0,0,0
110900018,0,0,0
110900019,0,0,0
110900020,0,0,0
110900021,0,0,0
110900022,0,0,0
110900023,0,0,0
110900024,0,0,0
110900025,0,0,0
110900027,0,0,0
110900028,0,0,0
110900029,0,0,0
110900030,0,0,0
110900031,0,0,0
110900032,0,0,0
110900033,0,0,0
110900035,0,0,0
110900036,0,0,0
110900037,0,0,0
110900038,0,0,0
110900039,0,0,0
110900040,0,0,0
110900041,0,0,0
110900042,0,0,0
110900043,0,0,0
110900044,0,0,0
110900045,0,0,0
110900046,0,0,0
110900047,0,0,0
110900049,0,0,0
110900050,0,0,0
110900051,0,0,0
110900052,0,0,0
110900053,0,0,0
110900054,0,0,0
110900055,0,0,0
110900056,0,0,0
110900057,0,0,0
110900058,0,0,0
110900059,0,0,0
110900060,0,0,0
110900061,0,0,0
110900062,0,0,0
110900063,0,0,0
110900064,0,0,0
110900065,0,0,0
110900066,0,0,0
110900067,0,0,0
110900068,0,0,0
110900069,0,0,0
110900070,0,0,0
110900071,0,0,0
110900073,0,0,0
110900074,0,0,0
110900075,0,0,0
110900077,0,0,0
110900078,0,0,0
110900079,0,0,0
110900080,0,0,0
110900081,0,0,0
110900082,0,0,0
110900083,0,0,0
110900084,0,0,0
110900085,0,0,0
110900086,0,0,0
110900087,0,0,0
110900088,0,0,0
110900090,0,0,0
110900091,0,0,0
110900093,0,0,0
110900095,0,0,0
110900097,0,0,0
110900098,0,0,0
110900099,0,0,0
110900100,0,0,0
110900102,0,0,0
110900105,0,0,0
110900108,0,0,0
110900111,0,0,0
110900112,0,0,0
110900113,0,0,0
110900115,0,0,0
110900116,0,0,0
110900118,0,0,0
110900119,0,0,0
110900120,0,0,0
110900121,0,0,0
110900122,0,0,0
110900125,0,0,0
110900127,1,2,-1
110900128,0,1,-1
110900129,0,0,0
110900130,0,0,0
110900131,0,0,0
110900132,0,0,0
110900133,0,0,0
110900135,0,0,0
110900136,0,0,0
110900138,0,0,0
110900139,0,0,0
110900140,0,0,0
110900141,0,0,0
110900142,0,0,0
110900143,0,0,0
110900144,0,12,-12
110900145,0,0,0
110900146,0,0,0
110900147,0,1,-1
110900148,0,1,-1
110900149,0,0,0
110900150,0,0,0
110900151,0,0,0
110900152,0,0,0
110900153,0,0,0
111000001,47,27,20
111000002,146,77,69
111000003,20,18,2
111000004,84,125,-41
111000005,31,40,-9
111000006,167,188,-21
111000007,76,108,-32
111000008,231,213,18
111000009,113,215,-102
111000010,78,75,3
111000011,144,379,-235
111000012,108,60,48
111000013,28,224,-196
111000014,66,82,-16
111000017,4,11,-7
111000018,9,4,5
111000020,83,359,-276
111000021,0,0,0
111000023,0,0,0
111000025,13,167,-154
111000029,0,2,-2
111000030,0,1,-1
111000031,0,0,0
111000032,0,0,0
111000033,0,0,0
111000034,0,19,-19
111000037,14,26,-12
111000038,27,39,-12
111000039,0,2,-2
111000040,1,0,1
111000041,1,1,0
111000042,0,1,-1
111000043,0,0,0
111000044,0,0,0
111000045,0,0,0
111000046,0,0,0
111000047,6,2,4
111000049,25,49,-24
111000050,67,47,20
111000051,28,75,-47
111000052,61,116,-55
111000053,32,66,-34
111000054,26,52,-26
111000055,48,94,-46
111000056,15,37,-22
111000057,4,34,-30
111000058,0,0,0
111000059,0,0,0
111000060,0,0,0
111000061,0,0,0
111000062,1,0,1
111000063,2,0,2
111000064,0,0,0
111000065,2,2,0
111000066,5,6,-1
111000067,1,3,-2
111000068,1,3,-2
111000069,2,7,-5
111000070,2,3,-1
111000071,1,2,-1
111000072,0,0,0
111000073,0,0,0
111000074,0,0,0
111000075,0,0,0
111000076,0,0,0
111000077,0,0,0
111000078,53,61,-8
111000079,2,0,2
111000080,0,1,-1
111000081,7,11,-4
111000082,0,0,0
111000084,1,0,1
111000085,0,0,0
111000086,0,0,0
111000087,0,0,0
111000088,0,0,0
111000089,3,0,3
111000090,2,12,-10
111000091,1,4,-3
111000092,3,2,1
111000093,1,2,-1
111000094,26,67,-41
111000095,15,68,-53
111000096,13,312,-299
111000097,274,103,171
111000098,22,107,-85
111000099,19,229,-210
111000100,23,126,-103
111000101,5,27,-22
111000102,8,91,-83
111000104,0,0,0
111000107,5,47,-42
111000109,0,0,0
111000110,0,0,0
111000111,0,0,0
111000112,0,0,0
111000113,0,0,0
111000114,0,0,0
111000115,1,0,1
111000116,0,0,0
111000117,0,1,-1
111000118,0,0,0
111000119,0,0,0
111000120,0,0,0
111000121,0,0,0
111000122,2,3,-1
111000123,0,2,-2
111000124,2,5,-3
111000125,0,3,-3
111000126,0,5,-5
111000127,0,0,0
111000128,0,0,0
111000129,0,0,0
111000130,0,0,0
111000131,0,0,0
111000132,0,0,0
111000133,0,0,0
111000134,0,0,0
111000135,1,0,1
111000136,0,0,0
111000138,0,0,0
111000140,0,0,0
111000141,3,17,-14
111000142,0,0,0
111000143,0,0,0
111000144,0,0,0
111000145,0,0,0
111000146,0,0,0
111000147,0,0,0
111000148,0,0,0
111000149,0,0,0
111000150,0,0,0
111000151,0,0,0
111000153,0,0,0
111000154,0,0,0
111000155,0,1,-1
111000156,0,0,0
111000157,0,0,0
111000158,0,0,0
111000159,0,0,0
111000160,0,0,0
111000161,0,0,0
111000162,0,0,0
111000163,0,3,-3
111000164,2,13,-11
111000165,5,15,-10
111000166,1,0,1
111000167,0,0,0
111000168,0,0,0
111000169,0,0,0
111000170,0,0,0
111000171,0,0,0
111000172,0,0,0
111000173,0,0,0
111000174,0,0,0
111000175,0,0,0
111000176,0,0,0
111000177,0,0,0
111000178,0,0,0
111000179,0,0,0
111000180,0,0,0
111000181,0,0,0
111000182,0,0,0
111000183,0,0,0
111000184,0,0,0
111000185,0,3,-3
111000186,1,2,-1
111000187,0,5,-5
111000188,0,7,-7
111000189,0,0,0
111000190,0,0,0
111000191,0,0,0
111000192,0,1,-1
111000193,0,0,0
111000194,0,0,0
111000195,0,0,0
111000196,0,0,0
111000197,0,0,0
111000198,0,0,0
111000199,0,0,0
111000200,0,0,0
111000201,0,0,0
111000202,0,0,0
111000203,0,0,0
111000204,0,0,0
111000213,0,0,0
111000214,0,1,-1
111000215,0,0,0
111000217,26,55,-29
111000218,0,0,0
111000219,48,163,-115
111000220,1,10,-9
111000221,0,0,0
111000224,36,34,2
111000225,0,0,0
111000226,0,0,0
111000227,0,0,0
111000228,0,2,-2
111000229,0,0,0
111000230,0,0,0
111000231,0,0,0
111000232,2,6,-4
111000233,7,14,-7
111000234,1,5,-4
111000239,3,4,-1
111000240,0,0,0
111000241,0,3,-3
111000242,0,0,0
111000243,1,13,-12
111000244,0,0,0
111000245,0,0,0
111000246,0,0,0
111000247,0,0,0
111000248,0,0,0
111000249,4,1,3
111000250,0,0,0
111000251,0,0,0
111000253,0,0,0
111000255,0,0,0
111000257,0,0,0
111000260,3,18,-15
111000261,0,0,0
111000271,0,0,0
111000273,0,0,0
111000274,0,0,0
111000275,0,0,0
111000276,0,0,0
111000277,0,0,0
111000278,0,0,0
111000291,0,5,-5
111000298,0,0,0
111000299,0,0,0
111000300,0,6,-6
111000302,0,0,0
111000303,0,0,0
111000312,0,0,0
111000315,5,8,-3
111000320,0,0,0
111000321,0,0,0
111000322,0,0,0
111000323,0,0,0
111000324,0,0,0
111000325,0,0,0
111000326,0,0,0
111000327,0,0,0
111000328,0,0,0
111000329,0,2,-2
111000330,0,0,0
111000331,0,0,0
111000332,1,1,0
111000334,1,14,-13
111000335,11,22,-11
111000337,22,89,-67
111000338,0,0,0
111000339,0,0,0
111000340,1,1,0
111000341,6,17,-11
111000342,0,10,-10
111000344,40,35,5
111000345,0,0,0
111000346,0,0,0
111000347,0,0,0
111000350,0,0,0
111000351,0,1,-1
111000352,0,0,0
111000353,0,1,-1
111000354,0,0,0
111000355,0,3,-3
111000358,0,2,-2
111000360,0,8,-8
111000361,1,2,-1
111000546,17,90,-73
111000547,0,0,0
111000548,14,33,-19
111000549,0,0,0
111000550,6,80,-74
111000551,0,0,0
111000552,0,0,0
111000907,0,0,0
111000908,0,0,0
111000916,23,83,-60
111000917,0,17,-17
111000918,0,1,-1
111000920,0,0,0
111000921,0,3,-3
111000922,12,54,-42
111000924,0,18,-18
111000925,60,211,-151
111000926,120,516,-396
111000927,601,542,59
111000928,534,711,-177
111000929,59,93,-34
111000930,79,476,-397
111000931,136,236,-100
111000932,324,504,-180
111000933,148,128,20
111000934,172,489,-317
111000935,41,115,-74
111000936,73,248,-175
111000937,79,47,32
111000938,116,549,-433
111000939,0,0,0
111000940,0,0,0
111000941,0,0,0
111000943,0,0,0
111000944,0,0,0
111000945,0,8,-8
111001109,0,0,0
111001110,5,8,-3
111001111,0,0,0
111001112,2,0,2
111001113,10,57,-47
111001114,0,0,0
111001115,1,16,-15
111001116,95,3,92
111001117,12,62,-50
111001120,0,0,0
111001121,0,0,0
111001122,0,1,-1
111001123,0,0,0
111001124,0,0,0
111001125,0,0,0
111001126,0,0,0
111001127,0,0,0
111001128,34,56,-22
111900001,0,0,0
111900002,0,0,0
111900003,0,0,0
111900004,0,0,0
111900006,0,0,0
111900007,0,0,0
111900008,0,0,0
111900009,0,0,0
111900010,0,0,0
111900012,0,0,0
111900013,0,0,0
111900014,0,0,0
111900015,0,0,0
111900016,0,0,0
111900017,0,0,0
111900018,0,0,0
111900019,0,0,0
111900020,0,0,0
111900021,0,0,0
111900022,0,0,0
111900023,0,0,0
111900024,0,0,0
111900025,0,0,0
111900026,0,0,0
111900027,0,0,0
111900028,0,0,0
111900029,0,0,0
111900030,0,0,0
111900031,0,0,0
111900032,0,0,0
111900033,0,0,0
111900034,0,0,0
111900035,0,0,0
111900036,0,0,0
111900038,0,0,0
111900039,0,0,0
111900040,0,0,0
111900042,0,0,0
111900043,0,0,0
111900044,0,0,0
111900046,0,0,0
111900048,0,0,0
111900049,0,0,0
111900050,0,0,0
111900051,0,0,0
111900052,0,0,0
111900053,0,0,0
111900054,0,0,0
111900055,0,0,0
111900056,0,0,0
111900057,0,0,0
111900058,0,0,0
111900059,0,0,0
111900060,0,0,0
111900061,0,0,0
111900062,0,0,0
111900063,0,0,0
111900064,0,0,0
111900065,0,0,0
111900066,0,0,0
111900067,0,0,0
111900068,0,0,0
111900069,0,0,0
111900070,0,0,0
111900071,0,0,0
111900072,0,0,0
111900073,0,0,0
111900074,0,0,0
111900075,0,0,0
111900076,0,0,0
111900077,0,0,0
111900078,0,0,0
111900079,0,0,0
111900080,0,0,0
111900082,0,0,0
111900083,0,0,0
111900084,0,0,0
111900085,0,0,0
111900086,0,0,0
111900087,0,0,0
111900088,0,0,0
111900089,0,0,0
111900090,0,0,0
111900091,0,0,0
111900092,0,0,0
111900093,0,0,0
111900094,0,0,0
111900095,0,0,0
111900096,0,0,0
111900097,0,0,0
111900098,0,0,0
111900099,0,0,0
111900100,0,0,0
111900101,0,0,0
111900102,0,0,0
111900103,0,0,0
111900104,0,0,0
111900105,0,0,0
111900106,0,0,0
111900110,0,0,0
111900111,0,0,0
111900112,0,0,0
111900113,0,0,0
111900118,0,0,0
111900119,0,0,0
111900122,0,0,0
111900123,0,0,0
111900124,0,0,0
111900125,0,0,0
111900126,0,0,0
111900127,0,0,0
111900128,0,0,0
111900129,0,0,0
111900130,0,0,0
111900131,0,0,0
111900132,0,0,0
111900133,0,0,0
111900134,0,0,0
111900135,0,0,0
111900136,0,0,0
111900137,0,0,0
111900138,0,0,0
111900139,0,0,0
111900140,0,0,0
111900141,0,0,0
111900142,0,0,0
111900143,0,0,0
111900144,0,0,0
111900145,0,0,0
111900146,0,0,0
111900147,0,0,0
111900148,0,0,0
111900149,0,0,0
111900150,0,0,0
111900151,0,0,0
111900152,0,0,0
111900153,0,0,0
111900154,0,0,0
111900155,0,0,0
111900156,0,0,0
111900157,0,0,0
111900158,0,0,0
111900159,0,0,0
111900160,0,0,0
111900161,0,0,0
111900162,0,0,0
111900163,0,0,0
111900164,0,0,0
111901113,0,0,0
111901114,0,0,0
111901115,0,0,0
111901116,0,0,0
111901117,0,0,0
111901118,0,0,0
111901119,0,0,0
111901121,0,0,0
111901122,0,0,0
111901123,0,0,0
111901124,0,0,0
111901125,0,0,0
111901127,0,0,0
111901128,0,0,0
111901129,0,0,0
111901130,0,0,0
111901131,0,0,0
111901132,0,0,0
111901133,0,0,0
111901134,0,0,0
111901135,0,0,0
111901136,0,0,0
111901138,0,0,0
111901139,0,0,0
111901140,0,0,0
111901141,0,0,0
111901142,0,0,0
111901143,0,0,0
111901144,0,0,0
111901145,0,0,0
111901146,0,0,0
111901147,0,0,0
111901148,0,0,0
111901149,0,0,0
111901150,0,0,0
111901151,0,0,0
112000001,41,25,16
112000002,63,217,-154
112000003,29,25,4
112000004,31,147,-116
112000005,76,52,24
112000006,143,260,-117
112000007,40,26,14
112000008,31,67,-36
112000009,55,97,-42
112000010,23,49,-26
112000011,35,78,-43
112000012,61,172,-111
112000013,333,77,256
112000014,17,25,-8
112000015,0,22,-22
112000016,10,26,-16
112000017,1,6,-5
112000024,5,3,2
112000026,66,222,-156
112000027,0,0,0
112000028,33,72,-39
112000029,0,0,0
112000030,0,0,0
112000031,0,0,0
112000032,0,0,0
112000033,0,0,0
112000034,0,0,0
112000035,0,0,0
112000036,0,0,0
112000037,0,0,0
112000038,0,0,0
112000039,0,0,0
112000040,0,0,0
112000041,0,0,0
112000042,0,0,0
112000050,0,0,0
112000051,17,26,-9
112000054,76,77,-1
112000057,1,0,1
112000058,0,0,0
112000059,0,0,0
112000061,1,8,-7
112000062,89,6,83
112000063,0,0,0
112000064,85,115,-30
112000065,0,0,0
112000066,0,0,0
112000067,1,0,1
112000068,0,0,0
112000069,0,0,0
112000070,0,0,0
112000071,0,3,-3
112000072,0,0,0
112000073,0,1,-1
112000074,0,0,0
112000075,0,1,-1
112000076,1,0,1
112000077,0,0,0
112000078,0,0,0
112000079,2,1,1
112000080,0,0,0
112000081,3,0,3
112000082,0,0,0
112000083,1,1,0
112000084,0,0,0
112000085,0,4,-4
112000086,0,0,0
112000087,1,0,1
112000088,0,0,0
112000089,0,0,0
112000090,0,0,0
112000091,16,55,-39
112000092,0,0,0
112000093,16,41,-25
112000094,1,0,1
112000095,11,21,-10
112000096,0,3,-3
112000097,0,0,0
112000098,2,5,-3
112000099,0,0,0
112000100,0,0,0
112000101,4,14,-10
112000102,0,0,0
112000103,5,11,-6
112000105,10,21,-11
112000106,0,0,0
112000107,0,0,0
112000108,0,0,0
112000109,0,0,0
112000110,0,0,0
112000111,0,1,-1
112000112,1,0,1
112000113,3,0,3
112000114,0,0,0
112000115,0,0,0
112000116,0,0,0
112000117,0,0,0
112000118,0,0,0
112000119,0,0,0
112000120,0,0,0
112000121,0,0,0
112000122,0,0,0
112000123,0,0,0
112000124,0,0,0
112000125,0,0,0
112000126,0,0,0
112000127,0,0,0
112000128,0,0,0
112000129,0,2,-2
112000130,0,0,0
112000131,0,0,0
112000132,0,0,0
112000133,0,2,-2
112000134,0,1,-1
112000135,0,0,0
112000136,0,1,-1
112000137,0,1,-1
112000138,2,1,1
112000139,0,0,0
112000140,1,0,1
112000141,0,0,0
112000142,0,0,0
112000143,0,0,0
112000144,0,0,0
112000145,0,0,0
112000146,0,0,0
112000147,0,0,0
112000148,0,0,0
112000149,0,0,0
112000150,0,0,0
112000151,0,0,0
112000152,0,0,0
112000153,0,0,0
112000154,0,0,0
112000155,0,0,0
112000157,133,38,95
112000158,0,0,0
112000159,0,0,0
112000167,0,0,0
112000169,0,0,0
112000173,0,0,0
112000175,0,0,0
112000176,3,3,0
112000177,0,0,0
112000178,0,0,0
112000179,0,0,0
112000180,0,0,0
112000181,14,42,-28
112000182,0,0,0
112000183,0,0,0
112000184,0,0,0
112000185,0,1,-1
112000187,7,10,-3
112000195,0,0,0
112000196,0,0,0
112000197,0,0,0
112000198,0,0,0
112000199,0,0,0
112000202,0,0,0
112000216,0,0,0
112000230,0,0,0
112000231,0,0,0
112000256,0,0,0
112000313,0,0,0
112000314,0,0,0
112000337,0,0,0
112000352,0,0,0
112000392,94,42,52
112000398,20,17,3
112000399,0,0,0
112000400,21,208,-187
112000401,69,167,-98
112000402,41,26,15
112000403,0,0,0
112000404,15,15,0
112000405,25,49,-24
112000406,127,234,-107
112000407,205,98,107
112000408,272,423,-151
112000409,37,399,-362
112000410,0,0,0
112000411,0,0,0
112000412,0,0,0
112000413,0,0,0
112000414,0,0,0
112000415,0,0,0
112000416,54,34,20
112000417,0,0,0
112000421,0,0,0
112000422,0,0,0
112000424,0,1,-1
112000425,2,15,-13
112000426,0,5,-5
112000427,0,0,0
112000428,0,0,0
112000429,86,138,-52
112000430,80,173,-93
112000431,0,0,0
112000432,2,18,-16
112000433,38,72,-34
112000437,0,0,0
112900001,0,0,0
112900002,0,0,0
112900003,0,0,0
112900004,0,0,0
112900005,0,0,0
112900006,0,0,0
112900007,0,0,0
112900008,0,0,0
112900009,0,0,0
112900010,0,0,0
112900011,0,0,0
112900012,0,0,0
112900013,0,0,0
112900014,0,0,0
112900015,0,0,0
112900016,0,0,0
112900017,0,0,0
112900018,0,0,0
112900019,0,0,0
112900020,0,0,0
112900021,0,0,0
112900022,0,0,0
112900023,0,0,0
112900024,0,0,0
112900025,0,0,0
112900026,0,0,0
112900027,0,0,0
112900028,0,0,0
112900029,0,0,0
112900030,0,0,0
112900031,0,0,0
112900032,0,0,0
112900034,0,0,0
112900035,0,0,0
112900036,0,0,0
112900037,0,0,0
112900038,0,0,0
112900039,0,0,0
112900040,0,0,0
112900041,0,0,0
112900042,0,0,0
112900043,0,0,0
112900044,0,0,0
112900045,0,0,0
112900046,0,0,0
112900047,0,0,0
112900049,0,0,0
112900050,0,0,0
112900051,0,0,0
112900052,0,0,0
112900053,0,0,0
112900054,0,0,0
112900055,0,0,0
112900056,0,0,0
112900057,0,0,0
112900058,0,0,0
112900059,0,0,0
112900060,0,0,0
112900061,0,0,0
112900062,0,0,0
112900063,0,0,0
112900064,0,0,0
112900065,0,0,0
112900066,0,0,0
112900067,0,0,0
112900068,0,0,0
112900069,0,0,0
112900071,0,0,0
112900072,0,0,0
112900073,0,0,0
112900074,0,0,0
112900075,0,0,0
112900076,0,0,0
112900078,0,0,0
112900079,0,0,0
112900080,0,0,0
112900081,0,0,0
112900082,0,0,0
112900083,0,0,0
112900084,0,0,0
112900086,0,0,0
112900087,0,0,0
112900088,0,0,0
112900089,0,0,0
112900090,0,0,0
112900091,0,0,0
112900092,0,0,0
112900093,0,0,0
112900095,0,0,0
112900096,0,0,0
112900097,0,0,0
112900098,0,0,0
112900099,0,0,0
112900100,0,0,0
112900101,0,0,0
112900102,0,0,0
112900103,0,0,0
112900104,0,0,0
112900105,0,0,0
112900106,0,0,0
112900107,0,0,0
112900108,0,0,0
112900109,0,0,0
112900110,0,0,0
112900111,0,0,0
112900112,0,0,0
112900113,0,0,0
112900114,0,0,0
112900115,0,0,0
112900116,0,0,0
112900117,0,0,0
112900118,0,0,0
112900119,0,0,0
112900120,0,0,0
112900121,0,0,0
112900122,0,0,0
112900123,0,0,0
112900124,0,0,0
112900125,0,0,0
112900126,0,0,0
112900127,0,0,0
112900128,0,0,0
112900129,0,0,0
112900130,0,0,0
112900131,0,0,0
112900132,0,0,0
112900133,0,0,0
112900134,0,0,0
112900135,0,0,0
112900137,0,0,0
112900138,0,0,0
112900139,0,0,0
112900141,2,2,0
112900142,0,0,0
112900143,0,0,0
112900144,0,0,0
112900145,0,0,0
112900146,0,0,0
112900147,0,0,0
112900148,0,0,0
112900149,0,0,0
112900151,0,0,0
112900152,0,0,0
112900153,0,0,0
112900154,0,0,0
112900155,0,0,0
112900156,0,0,0
112900157,0,0,0
112900158,0,0,0
112900159,0,0,0
112900160,0,0,0
112900161,0,0,0
112900162,0,0,0
112900163,0,0,0
112900164,0,0,0
112900165,0,0,0
112900166,0,0,0
112900167,0,0,0
112900168,0,0,0
112900169,0,0,0
112900170,0,0,0
112900172,0,0,0
112900173,0,0,0
112900174,0,0,0
112900175,0,0,0
112900176,0,0,0
112900177,0,0,0
112900178,0,0,0
112900179,0,0,0
112900180,0,0,0
112900181,0,0,0
112900182,0,0,0
112900183,0,0,0
112900184,0,0,0
112900185,0,0,0
112900186,0,0,0
112900187,0,0,0
112900188,0,0,0
112900189,0,0,0
112900190,0,0,0
112900192,0,0,0
112900193,0,0,0
112900194,0,0,0
112900195,0,0,0
112900196,0,0,0
112900197,0,0,0
112900199,0,0,0
112900200,0,0,0
112900201,0,0,0
112900202,0,0,0
112900203,0,0,0
112900204,0,0,0
112900205,0,0,0
112900206,0,0,0
112900207,0,0,0
112900208,0,0,0
112900209,0,0,0
112900210,0,0,0
112900211,0,0,0
112900212,0,0,0
112900213,0,0,0
112900214,0,0,0
112900215,0,0,0
112900216,0,0,0
112900217,0,0,0
112900218,0,0,0
112900219,0,0,0
112900220,0,0,0
112900221,0,0,0
112900222,0,0,0
112900223,0,0,0
112900224,0,0,0
112900225,0,0,0
112900226,0,0,0
112900227,0,0,0
112900228,0,0,0
112900229,0,0,0
112900230,0,0,0
112900232,0,0,0
112900233,0,0,0
112900234,0,0,0
112900235,0,0,0
112900236,0,0,0
112900237,0,0,0
112900238,0,0,0
112900239,0,0,0
112900240,0,0,0
112900241,0,0,0
112900242,0,0,0
112900243,0,0,0
112900244,0,0,0
112900245,0,0,0
112900246,0,0,0
112900247,0,0,0
112900248,0,0,0
112900249,0,0,0
112900250,0,0,0
112900251,0,0,0
112900252,0,0,0
112900253,0,0,0
112900254,0,0,0
112900255,0,0,0
112900256,0,0,0
112900257,0,0,0
112900258,0,0,0
113000001,232,115,117
113000002,144,68,76
113000003,15,2,13
113000004,0,2,-2
113000005,2,3,-1
113000006,0,1,-1
113000007,8,12,-4
113000008,3,0,3
113000009,9,11,-2
113000010,0,1,-1
113000011,4,23,-19
113000012,0,0,0
113000013,0,0,0
113000014,14,81,-67
113000015,0,16,-16
113000016,0,0,0
113000017,0,9,-9
113000018,0,0,0
113000019,0,13,-13
113000020,0,0,0
113000021,26,58,-32
113000022,1,80,-79
113000025,0,4,-4
113000026,0,0,0
113000027,0,0,0
113000028,0,1,-1
113000029,0,0,0
113000030,2,11,-9
113000031,6,1,5
113000032,0,0,0
113000033,0,0,0
113000034,3,3,0
113000035,0,0,0
113000036,0,0,0
113000037,0,0,0
113000038,0,0,0
113000039,0,0,0
113000040,0,0,0
113000042,2,0,2
113000051,66,113,-47
113000052,96,51,45
113000053,11,15,-4
113000054,1,31,-30
113000055,8,32,-24
113000056,14,40,-26
113000058,0,2,-2
113000059,0,0,0
113000060,0,0,0
113000061,0,0,0
113000062,0,0,0
113000063,0,0,0
113000064,0,0,0
113000065,0,0,0
113000066,0,0,0
113000067,0,0,0
113000068,0,3,-3
113000069,1,0,1
113000070,0,0,0
113000071,0,0,0
113000072,0,0,0
113000073,7,26,-19
113000074,0,0,0
113000075,0,0,0
113000076,17,32,-15
113000077,0,0,0
113000078,0,2,-2
113000079,0,1,-1
113000080,0,0,0
113000081,0,0,0
113000082,4,0,4
113000083,0,0,0
113000084,0,0,0
113000085,0,0,0
113000086,0,0,0
113000087,0,0,0
113000088,0,0,0
113000089,0,0,0
113000090,0,0,0
113000091,1,1,0
113000094,0,0,0
113000095,0,5,-5
113000096,5,8,-3
113000097,0,0,0
113000098,0,0,0
113000099,0,0,0
113000100,0,0,0
113000101,0,0,0
113000102,0,0,0
113000103,0,0,0
113000104,0,0,0
113000105,0,0,0
113000106,0,0,0
113000107,0,0,0
113000108,0,0,0
113000109,0,0,0
113000110,0,0,0
113000111,0,0,0
113000112,0,0,0
113000113,0,0,0
113000114,0,0,0
113000116,0,0,0
113000117,0,0,0
113000118,0,0,0
113000119,0,0,0
113000120,0,0,0
113000121,0,0,0
113000124,0,0,0
113000125,0,0,0
113000127,5,0,5
113000128,0,0,0
113000129,2,0,2
113000133,0,2,-2
113000134,0,0,0
113000135,0,0,0
113000137,0,0,0
113000139,0,0,0
113000140,0,1,-1
113000141,0,0,0
113000142,0,1,-1
113000143,0,0,0
113000144,0,0,0
113000145,0,0,0
113000146,1,0,1
113000147,0,1,-1
113000148,0,0,0
113000149,0,0,0
113000150,4,0,4
113000151,1,0,1
113000152,0,0,0
113000153,10,2,8
113000154,0,0,0
113000155,0,0,0
113000156,1,0,1
113000157,2,7,-5
113000158,0,1,-1
113000159,1,1,0
113000160,3,12,-9
113000161,0,0,0
113000162,0,0,0
113000163,0,0,0
113000164,1,4,-3
113000166,0,0,0
113000167,0,8,-8
113000168,0,10,-10
113000169,0,0,0
113000170,0,0,0
113000171,0,6,-6
113000172,0,0,0
113000173,0,0,0
113000174,0,5,-5
113000175,0,0,0
113000176,0,0,0
113000177,0,7,-7
113000178,2,11,-9
113000179,0,0,0
113000180,5,7,-2
113000181,1,38,-37
113000182,0,0,0
113000183,2,28,-26
113000184,1,0,1
113000189,0,0,0
113000190,0,0,0
113000192,79,11,68
113000193,0,0,0
113000194,23,31,-8
113000195,0,0,0
113000196,1,2,-1
113000197,0,0,0
113000198,0,3,-3
113000199,0,0,0
113000201,0,2,-2
113000202,0,0,0
113000203,0,0,0
113000204,17,15,2
113000205,0,1,-1
113000206,0,0,0
113000207,1,0,1
113000208,0,0,0
113000209,0,0,0
113000210,0,0,0
113000211,0,0,0
113000212,0,0,0
113000213,0,0,0
113000214,0,0,0
113000234,1,2,-1
113000410,0,0,0
113000411,109,269,-160
113000412,426,296,130
113000413,267,300,-33
113000414,489,280,209
113000415,320,334,-14
113000416,592,247,345
113000417,175,251,-76
113000418,75,69,6
113000419,99,83,16
113000420,463,174,289
113000421,119,139,-20
113000422,665,188,477
113000423,303,246,57
113000424,571,486,85
113000425,0,0,0
113000428,0,2,-2
113000430,0,1,-1
113000432,0,0,0
113000433,0,14,-14
113000434,0,0,0
113000435,0,0,0
113000436,0,0,0
113000437,0,0,0
113000438,0,0,0
113000439,3,2,1
113000440,0,0,0
113000441,0,0,0
113000442,1,12,-11
113000443,0,0,0
113000444,2,5,-3
113000445,0,0,0
113000446,0,1,-1
113000448,0,10,-10
113000449,0,0,0
113000450,0,0,0
113000451,1,5,-4
113000452,0,0,0
113000453,9,10,-1
113000454,0,0,0
113000455,1,7,-6
113000456,0,0,0
113000468,0,0,0
113000469,0,0,0
113000470,0,0,0
113000471,0,0,0
113000472,0,0,0
113000474,0,0,0
113000475,46,140,-94
113000476,25,104,-79
113000477,120,140,-20
113000478,213,245,-32
113000479,0,2,-2
113000485,0,0,0
113000486,0,0,0
113000487,0,0,0
113000488,0,0,0
113000489,0,0,0
113000490,0,0,0
113000491,0,0,0
113000492,0,0,0
113000495,2,8,-6
113000496,0,0,0
113000497,0,0,0
113000499,0,0,0
113900001,0,0,0
113900002,0,0,0
113900003,0,0,0
113900004,0,0,0
113900005,0,0,0
113900006,0,0,0
113900007,0,0,0
113900008,0,0,0
113900009,0,0,0
113900010,0,0,0
113900011,0,0,0
113900012,0,0,0
113900013,0,0,0
113900014,0,0,0
113900015,0,0,0
113900016,0,0,0
113900017,0,0,0
113900018,0,0,0
113900019,0,0,0
113900020,0,0,0
113900022,0,0,0
113900023,0,0,0
113900024,0,0,0
113900025,0,0,0
113900026,0,0,0
113900027,0,0,0
113900028,0,0,0
113900029,0,0,0
113900030,0,0,0
113900031,0,0,0
113900032,0,0,0
113900033,0,0,0
113900035,0,0,0
113900036,0,0,0
113900037,0,0,0
113900038,0,0,0
113900039,0,0,0
113900040,0,0,0
113900041,0,0,0
113900042,0,0,0
113900043,0,0,0
113900044,0,0,0
113900045,0,0,0
113900046,0,0,0
113900047,0,0,0
113900048,0,0,0
113900049,0,0,0
113900050,0,0,0
113900051,0,0,0
113900052,0,0,0
113900053,0,0,0
113900054,0,0,0
113900055,0,0,0
113900056,0,0,0
113900057,0,0,0
113900058,0,0,0
113900059,0,0,0
113900060,0,0,0
113900061,0,0,0
113900062,0,0,0
113900063,0,0,0
113900064,0,0,0
113900065,0,0,0
113900066,0,0,0
113900067,0,0,0
113900068,0,0,0
113900069,0,0,0
113900070,0,0,0
113900071,0,0,0
113900072,0,0,0
113900073,0,0,0
113900074,0,0,0
113900075,0,0,0
113900076,0,0,0
113900077,0,0,0
113900078,0,0,0
113900079,0,0,0
113900080,0,0,0
113900081,0,0,0
113900082,0,0,0
113900083,0,0,0
113900084,0,0,0
113900085,0,0,0
113900086,0,0,0
113900087,0,0,0
113900088,0,0,0
113900089,0,0,0
113900090,0,0,0
113900091,0,0,0
113900092,0,0,0
113900093,0,0,0
113900094,0,0,0
113900095,0,0,0
113900096,0,0,0
113900097,0,0,0
113900098,0,0,0
113900099,0,0,0
113900100,0,0,0
113900101,0,0,0
113900102,0,0,0
113900103,0,0,0
113900104,0,0,0
113900105,0,0,0
113900106,0,0,0
113900107,0,0,0
113900108,0,0,0
113900109,0,0,0
113900110,0,0,0
113900111,0,0,0
113900112,0,0,0
113900113,0,0,0
113900114,0,0,0
113900115,0,0,0
113900116,0,0,0
113900117,0,0,0
113900118,0,0,0
113900119,0,0,0
113900120,0,0,0
113900121,0,0,0
113900122,0,0,0
113900123,0,0,0
113900124,0,0,0
113900125,0,0,0
113900126,0,0,0
113900127,0,0,0
113900128,0,0,0
113900129,0,0,0
113900130,0,0,0
113900131,0,0,0
113900132,0,0,0
113900133,0,0,0
113900135,1,2,-1
113900136,0,0,0
113900137,0,0,0
113900138,0,0,0
113900139,0,0,0
113900140,0,0,0
113900141,0,0,0
113900142,0,0,0
113900143,0,0,0
113900144,0,0,0
113900145,0,0,0
113900146,0,0,0
113900148,0,0,0
113900149,0,0,0
113900150,0,0,0
113900151,0,0,0
113900152,0,0,0
113900153,0,0,0
113900154,0,0,0
113900155,0,0,0
113900156,0,0,0
113900157,0,0,0
113900158,0,0,0
113900159,0,0,0
113900160,0,0,0
113900161,0,0,0
113900162,0,0,0
113900163,0,0,0
113900164,0,0,0
113900165,0,0,0
113900166,0,0,0
113900167,0,0,0
113900168,0,0,0
113900169,0,0,0
113900171,0,0,0
113900172,0,0,0
113900173,0,0,0
113900174,0,0,0
113900175,0,0,0
113900176,0,0,0
113900177,0,0,0
113900178,0,0,0
113900179,0,0,0
113900180,0,0,0
113900181,0,0,0
113900182,0,0,0
113900183,0,0,0
113900184,0,0,0
113900185,0,0,0
113900186,0,0,0
113900187,0,0,0
113900188,0,0,0
113900189,0,0,0
113900190,0,0,0
113900191,0,0,0
113900192,0,0,0
113900193,0,0,0
113900194,0,0,0
113900195,0,0,0
113900196,0,0,0
113900197,0,0,0
113900198,0,0,0
113900199,0,0,0
113900200,0,0,0
113900201,0,0,0
113900202,0,0,0
113900203,0,0,0
113900204,0,0,0
113900205,0,0,0
113900206,0,0,0
113900207,0,0,0
113900208,0,0,0
113900209,0,0,0
113900210,0,0,0
113900211,0,0,0
113900212,0,0,0
113900214,0,0,0
113900215,0,0,0
113900216,0,0,0
113900217,0,0,0
113900218,0,0,0
113900219,0,0,0
113900220,0,0,0
113900221,0,0,0
113900222,0,0,0
113900223,0,0,0
113900224,0,0,0
113900225,0,0,0
113900226,0,0,0
113900227,0,0,0
113900228,0,0,0
113900229,0,0,0
113900230,0,0,0
113900231,0,0,0
113900232,0,0,0
113900233,0,0,0
113900234,0,0,0
113900235,0,0,0
113900236,0,0,0
113900237,0,0,0
113900238,0,0,0
113900239,0,0,0
113900240,0,0,0
113900241,0,0,0
113900242,0,0,0
113900243,0,0,0
113900244,0,0,0
113900245,0,0,0
113900246,0,0,0
113900247,0,0,0
113900248,0,0,0
113900249,0,0,0
113900250,0,0,0
113900251,0,0,0
113900252,0,0,0
113900253,0,0,0
113900254,0,0,0
113900255,0,0,0
113900256,0,0,0
113900257,0,0,0
113900258,0,0,0
113900259,0,0,0
113900260,0,0,0
113900261,0,0,0
113900262,0,0,0
113900263,0,0,0
113900264,0,0,0
113900265,0,0,0
113900266,0,0,0
113900267,0,0,0
113900268,0,0,0
113900269,0,0,0
113900270,0,0,0
113900271,0,0,0
113900273,0,0,0
113900274,0,0,0
113900275,0,0,0
113900276,0,0,0
113900277,0,0,0
113900278,0,0,0
113900279,0,0,0
113900280,0,0,0
113900281,0,0,0
113900282,0,0,0
113900283,0,0,0
113900284,0,0,0
113900285,0,0,0
113900286,0,0,0
113900287,0,0,0
113900288,0,0,0
113900289,0,0,0
113900290,0,0,0
113900291,0,0,0
113900292,0,0,0
113900293,0,0,0
113900294,0,0,0
113900295,0,0,0
113900296,0,0,0
113900297,0,0,0
113900298,0,0,0
113900299,0,0,0
113900300,0,0,0
113900301,0,0,0
113900302,0,0,0
113900303,0,0,0
113900304,0,0,0
113900305,0,0,0
113900306,0,0,0
113900307,0,0,0
113900308,0,0,0
113900309,0,0,0
113900310,0,0,0
113900311,0,0,0
113900312,0,0,0
113900313,0,0,0
113900314,0,0,0
113900315,0,0,0
114000001,28,6,22
114000002,0,0,0
114000003,0,0,0
114000004,0,0,0
114000005,0,0,0
114000006,0,1,-1
114000007,0,2,-2
114000008,0,0,0
114000009,0,0,0
114000011,111,28,83
114000012,31,34,-3
114000013,32,26,6
114000014,0,0,0
114000015,0,0,0
114000016,0,0,0
114000017,0,0,0
114000018,0,0,0
114000026,26,44,-18
114000027,36,34,2
114000028,62,70,-8
114000038,0,0,0
114000039,0,0,0
114000040,0,0,0
114000042,0,0,0
114000043,0,0,0
114000044,0,0,0
114000045,0,0,0
114000046,0,1,-1
114000047,0,0,0
114000048,0,0,0
114000049,0,0,0
114000050,0,0,0
114000051,0,0,0
114000052,0,0,0
114000053,0,0,0
114000054,0,0,0
114000055,0,0,0
114000056,1,0,1
114000057,102,10,92
114000058,0,0,0
114000059,0,0,0
114000060,0,2,-2
114000061,0,0,0
114000062,0,0,0
114000063,67,40,27
114000064,226,49,177
114000065,67,53,14
114000066,0,0,0
114000067,0,0,0
114000068,0,0,0
114000069,0,0,0
114000070,77,38,39
114000071,0,0,0
114000072,0,0,0
114000073,0,0,0
114000074,0,0,0
114000075,0,0,0
114000076,0,0,0
114000077,0,0,0
114000078,0,0,0
114000079,0,0,0
114000080,0,0,0
114000081,0,0,0
114000082,0,0,0
114000083,0,0,0
114000084,0,0,0
114000085,0,0,0
114000086,0,0,0
114000087,0,0,0
114000088,0,0,0
114000089,0,0,0
114000090,0,0,0
114000091,0,0,0
114000092,0,0,0
114000093,0,0,0
114000094,1,1,0
114000095,0,0,0
114000096,0,0,0
114000097,0,0,0
114000098,0,0,0
114000099,0,0,0
114000100,0,0,0
114000101,0,0,0
114000102,0,0,0
114000103,0,1,-1
114000104,0,0,0
114000105,0,0,0
114000106,0,0,0
114000107,0,0,0
114000108,7,10,-3
114000109,0,0,0
114000110,0,9,-9
114000111,0,0,0
114000112,3,30,-27
114000113,0,0,0
114000114,8,32,-24
114000115,0,0,0
114000116,30,23,7
114000117,27,5,22
114000118,50,4,46
114000119,44,2,42
114000120,0,1,-1
114000121,2,3,-1
114000122,0,1,-1
114000123,0,0,0
114000124,0,0,0
114000125,1,65,-64
114000126,0,0,0
114000127,0,0,0
114000128,0,1,-1
114000130,0,0,0
114000131,0,0,0
114000132,2,0,2
114000133,4,0,4
114000134,0,0,0
114000138,0,0,0
114000139,0,0,0
114000144,0,0,0
114000145,0,0,0
114000146,0,0,0
114000147,0,0,0
114000148,0,0,0
114000149,0,0,0
114000150,0,0,0
114000151,27,16,11
114000152,0,0,0
114000153,0,0,0
114000154,0,0,0
114000155,0,1,-1
114000156,0,0,0
114000157,0,1,-1
114000158,0,0,0
114000159,0,0,0
114000160,0,0,0
114000161,66,30,36
114000162,18,40,-22
114000163,0,0,0
114000165,0,0,0
114000166,0,0,0
114000167,3,10,-7
114000168,3,5,-2
114000169,326,121,205
114000170,86,92,-6
114000171,103,160,-57
114000174,1,1,0
114000176,1,2,-1
114000177,1,2,-1
114000178,0,0,0
114000179,0,0,0
114000180,1,4,-3
114000181,18,71,-53
114000182,175,364,-189
114000183,104,161,-57
114000184,82,213,-131
114000185,46,97,-51
114000189,0,0,0
114000190,0,0,0
114000191,0,0,0
114000192,9,93,-84
114000193,14,103,-89
114000194,4,1,3
114000195,0,0,0
114000196,0,6,-6
114000197,0,2,-2
114000198,2,0,2
114000199,1,2,-1
114000200,0,2,-2
114000201,0,9,-9
114000202,1,0,1
114000203,0,0,0
114000204,0,0,0
114000205,0,11,-11
114000206,0,2,-2
114000207,27,160,-133
114000208,7,107,-100
114000209,20,189,-169
114000210,9,109,-100
114000211,0,0,0
114000212,0,0,0
114000213,116,3,113
114000214,0,0,0
114000215,0,4,-4
114000216,130,0,130
114000217,0,0,0
114000218,0,0,0
114000219,37,1,36
114000220,0,62,-62
114000221,22,1,21
114000222,4,32,-28
114000223,0,0,0
114000224,9,9,0
114000225,28,12,16
114000226,1,32,-31
114000227,0,0,0
114000228,0,0,0
114000229,1,0,1
114000230,0,0,0
114000231,1,4,-3
114000232,0,0,0
114000233,0,0,0
114000234,0,0,0
114000235,0,6,-6
114000236,0,145,-145
114000237,0,2,-2
114000238,0,0,0
114000239,0,2,-2
114000240,0,4,-4
114000241,3,49,-46
114000242,43,41,2
114000243,2,0,2
114000244,0,0,0
114000245,3,14,-11
114000246,15,5,10
114000247,0,0,0
114000248,0,0,0
114000249,0,0,0
114000250,38,8,30
114000251,1,32,-31
114000252,0,1,-1
114000253,0,0,0
114000254,0,0,0
114000255,0,0,0
114000256,0,0,0
114000257,1,147,-146
114000258,10,0,10
114000259,4,15,-11
114000260,0,13,-13
114000261,31,0,31
114000262,0,0,0
114000263,0,0,0
114000264,0,0,0
114000265,0,0,0
114000267,0,138,-138
114000268,0,39,-39
114000270,0,0,0
114000271,16,0,16
114000283,8,0,8
114000285,0,3,-3
114000288,2,10,-8
114000289,0,0,0
114000293,1,5,-4
114000294,0,0,0
114000395,96,0,96
114000396,0,0,0
114000402,0,0,0
114000403,0,0,0
114000405,0,0,0
114000423,0,0,0
114000424,0,0,0
114000425,0,0,0
114000426,0,0,0
114000427,0,0,0
114000428,0,0,0
114000429,0,0,0
114000432,0,0,0
114000434,0,0,0
114000435,0,0,0
114900001,0,0,0
114900002,0,0,0
114900003,0,0,0
114900004,0,0,0
114900005,0,0,0
114900006,0,0,0
114900007,0,0,0
114900008,0,0,0
114900010,0,0,0
114900011,0,0,0
114900013,0,0,0
114900018,0,0,0
114900020,0,0,0
114900022,0,0,0
114900025,0,0,0
114900026,0,0,0
114900029,0,0,0
114900030,0,0,0
114900031,0,0,0
114900032,0,0,0
114900034,0,0,0
114900035,0,0,0
114900036,0,0,0
114900039,0,0,0
114900040,0,0,0
114900041,0,0,0
114900042,0,0,0
114900044,0,0,0
114900047,0,0,0
114900048,0,0,0
114900049,0,0,0
114900050,0,0,0
114900051,0,0,0
114900052,0,0,0
114900053,0,0,0
114900054,0,0,0
114900057,0,0,0
114900058,0,0,0
114900059,0,0,0
114900063,0,0,0
114900064,0,0,0
114900065,0,0,0
114900067,0,0,0
114900068,0,0,0
114900069,0,0,0
114900070,0,0,0
114900072,0,0,0
114900073,0,0,0
114900074,0,0,0
114900075,0,0,0
114900076,0,0,0
114900080,0,0,0
114900082,0,0,0
114900083,0,0,0
114900090,0,0,0
114900091,0,0,0
114900097,0,0,0
114900098,0,0,0
114900099,0,0,0
115000001,206,477,-271
115000002,270,89,181
115000003,204,303,-99
115000004,187,145,42
115000005,67,197,-130
115000006,29,73,-44
115000007,0,0,0
115000008,1,0,1
115000009,0,0,0
115000010,0,0,0
115000013,0,0,0
115000015,1,3,-2
115000016,0,0,0
115000019,0,0,0
115000020,0,0,0
115000021,5,63,-58
115000022,15,29,-14
115000023,12,4,8
115000024,15,62,-47
115000025,24,8,16
115000026,4,12,-8
115000027,19,14,5
115000028,8,30,-22
115000029,14,2,12
115000030,4,102,-98
115000031,72,2,70
115000032,0,10,-10
115000033,0,0,0
115000034,1,62,-61
115000035,0,0,0
115000036,0,32,-32
115000037,0,0,0
115000038,0,0,0
115000039,7,8,-1
115000040,3,3,0
115000041,11,16,-5
115000042,0,1,-1
115000043,7,35,-28
115000044,63,73,-10
115000045,65,57,8
115000046,0,4,-4
115000047,1,4,-3
115000048,16,93,-77
115000049,32,76,-44
115000050,5,4,1
115000051,6,1,5
115000052,68,52,16
115000053,2,0,2
115000054,27,28,-1
115000055,2,34,-32
115000056,0,2,-2
115000057,1,4,-3
115000058,0,26,-26
115000059,0,4,-4
115000061,0,0,0
115000062,1,0,1
115000063,0,4,-4
115000064,0,0,0
115000065,0,5,-5
115000067,0,0,0
115000069,0,25,-25
115000070,0,32,-32
115000071,0,0,0
115000072,0,0,0
115000073,40,3,37
115000075,0,0,0
115000076,79,79,0
115000077,19,59,-40
115000078,12,48,-36
115000079,11,78,-67
115000080,7,136,-129
115000081,0,0,0
115000082,53,117,-64
115000083,0,3,-3
115000084,0,0,0
115000085,0,0,0
115000086,0,0,0
115000087,0,3,-3
115000088,0,0,0
115000089,186,139,47
115000090,97,221,-124
115000091,4,63,-59
115000092,0,0,0
115000093,0,0,0
115000094,114,161,-47
115000095,112,325,-213
115000096,0,2,-2
115000097,1,29,-28
115000098,5,49,-44
115000099,0,2,-2
115000100,0,0,0
115000101,20,102,-82
115000102,0,0,0
115000103,1,0,1
115000105,0,0,0
115000106,0,0,0
115000107,3,35,-32
115000108,273,312,-39
115000109,66,223,-157
115000110,37,30,7
115000111,39,137,-98
115000112,8,19,-11
115000113,30,72,-42
115000114,100,34,66
115000116,25,28,-3
115000117,39,62,-23
115000118,7,46,-39
115000119,59,40,19
115000120,7,55,-48
115000121,157,54,103
115000122,90,39,51
115000123,1,1,0
115000124,8,14,-6
115000125,0,0,0
115000126,0,0,0
115000127,1,0,1
115000128,0,1,-1
115000129,0,0,0
115000130,0,1,-1
115000131,0,0,0
115000132,0,1,-1
115000133,0,0,0
115000134,0,0,0
115000135,0,0,0
115000136,0,0,0
115000137,0,0,0
115000138,0,0,0
115000139,0,0,0
115000140,0,0,0
115000141,0,0,0
115000142,0,0,0
115000143,0,0,0
115000144,0,0,0
115000145,0,0,0
115000146,0,0,0
115000147,0,0,0
115000148,0,0,0
115000149,0,0,0
115000150,0,0,0
115000151,0,0,0
115000152,0,0,0
115000153,0,0,0
115000154,0,0,0
115000155,0,0,0
115000156,0,0,0
115000157,0,0,0
115000158,0,0,0
115000159,0,0,0
115000160,0,0,0
115000161,0,0,0
115000162,0,0,0
115000163,7,14,-7
115000164,5,10,-5
115000165,0,0,0
115000167,0,0,0
115000168,0,0,0
115000169,7,9,-2
115000170,1,8,-7
115000171,0,0,0
115000172,0,0,0
115000173,0,0,0
115000174,0,0,0
115000175,0,1,-1
115000176,0,0,0
115000177,0,0,0
115000178,0,0,0
115000179,0,0,0
115000180,0,0,0
115000181,0,0,0
115000182,0,0,0
115000183,0,1,-1
115000186,29,8,21
115000187,0,38,-38
115000188,158,17,141
115000189,4,67,-63
115000190,48,7,41
115000191,1,39,-38
115000194,0,0,0
115000195,0,0,0
115000196,0,0,0
115000197,0,0,0
115000198,0,0,0
115000199,0,0,0
115000200,0,0,0
115000201,0,0,0
115000206,0,0,0
115000207,3,25,-22
115000208,10,68,-58
115000209,22,0,22
115000210,0,0,0
115000211,15,11,4
115000212,32,25,7
115000224,0,0,0
115000225,0,0,0
115000229,0,0,0
115000230,0,0,0
115000231,0,32,-32
115000232,0,0,0
115000233,0,1,-1
115000234,0,0,0
115000241,0,0,0
115000242,0,0,0
115000243,0,0,0
115000244,0,0,0
115000246,0,0,0
115000247,0,0,0
115000248,0,0,0
115000249,0,0,0
115000250,0,0,0
115000251,0,0,0
115000252,0,0,0
115000253,0,0,0
115000258,0,0,0
115000259,0,0,0
115000261,0,0,0
115000262,0,0,0
115000263,0,0,0
115000264,0,0,0
115000267,0,0,0
115000268,0,0,0
115000269,0,0,0
115000270,0,0,0
115000272,0,0,0
115000273,0,0,0
115000280,0,0,0
115000281,2,1,1
115000282,0,3,-3
115000284,265,53,212
115000296,0,0,0
115000297,0,0,0
115000298,0,1,-1
115000300,0,0,0
115000302,0,0,0
115000303,0,0,0
115000304,0,0,0
115000305,0,4,-4
115000306,0,1,-1
115000307,0,4,-4
115000308,0,0,0
115000309,0,0,0
115000310,0,1,-1
115000311,0,0,0
115000313,0,8,-8
115000314,0,0,0
115000315,58,217,-159
115000316,0,0,0
115000317,1,37,-36
115000318,56,2,54
115000319,0,43,-43
115000320,0,13,-13
115000321,70,1,69
115000322,0,30,-30
115000449,0,0,0
115000557,0,0,0
115000558,0,0,0
115000587,0,0,0
115000588,124,333,-209
115000589,272,98,174
115000590,55,106,-51
115000591,35,35,0
115000592,22,136,-114
115000593,33,20,13
115000594,58,179,-121
115000609,0,0,0
115000617,15,3,12
115000624,0,0,0
115000633,1,59,-58
115000634,244,31,213
115000635,13,5,8
115000638,0,0,0
115000641,0,0,0
115000642,0,0,0
115000643,0,56,-56
115000644,1,45,-44
115000646,22,28,-6
115000647,5,20,-15
115000648,2,56,-54
115000893,398,70,328
115000894,4,106,-102
115000895,16,111,-95
115000896,102,5,97
115000897,61,16,45
115000898,73,5,68
115000899,1,70,-69
115000900,13,7,6
115000901,2,30,-28
115000912,17,5,12
115000913,0,0,0
115000915,0,0,0
115000916,0,0,0
115000917,0,0,0
115000918,0,0,0
115000919,0,0,0
115000920,0,0,0
115000921,0,0,0
115000922,75,30,45
115000923,38,86,-48
115000925,0,0,0
115000927,0,0,0
115000933,19,27,-8
115000934,0,0,0
115000935,0,0,0
115000936,0,0,0
115000937,37,8,29
115000938,40,16,24
115000939,82,25,57
115000940,0,0,0
115000941,0,0,0
115000942,0,0,0
115000943,0,0,0
115000944,0,0,0
115900001,0,0,0
115900002,0,0,0
115900003,0,0,0
115900004,0,0,0
115900005,0,0,0
115900006,0,0,0
115900008,0,0,0
115900009,0,0,0
115900010,0,0,0
115900011,0,0,0
115900012,0,0,0
115900013,0,0,0
115900014,0,0,0
115900015,0,0,0
115900016,0,0,0
115900017,0,0,0
115900018,0,0,0
115900019,0,0,0
115900020,0,0,0
115900021,0,0,0
115900022,0,0,0
115900023,0,0,0
115900025,0,0,0
115900026,0,0,0
115900027,0,0,0
115900028,0,0,0
115900029,0,0,0
115900030,0,0,0
115900031,0,0,0
115900032,0,0,0
115900033,0,0,0
115900034,0,0,0
115900035,0,0,0
115900036,0,0,0
115900037,0,0,0
115900038,0,0,0
115900039,0,0,0
115900041,0,0,0
115900042,0,0,0
115900043,0,0,0
115900044,0,0,0
115900046,0,0,0
115900047,0,0,0
115900049,0,0,0
115900051,0,0,0
115900052,0,0,0
115900053,0,0,0
115900054,0,0,0
115900055,0,0,0
115900056,0,0,0
115900057,0,0,0
115900058,0,0,0
115900060,0,0,0
115900061,0,0,0
115900062,0,0,0
115900063,0,0,0
115900064,0,0,0
115900065,0,0,0
115900066,0,0,0
115900067,0,0,0
115900068,0,0,0
115900069,0,0,0
115900070,0,0,0
115900071,0,0,0
115900072,0,0,0
115900073,0,0,0
115900074,0,0,0
115900075,0,0,0
115900076,0,0,0
115900077,0,0,0
115900078,0,0,0
115900079,0,0,0
115900080,0,0,0
115900081,0,0,0
115900082,0,0,0
115900084,0,0,0
115900085,0,0,0
115900086,0,0,0
115900088,0,0,0
115900089,0,0,0
115900090,0,0,0
115900091,0,0,0
115900092,0,0,0
115900093,0,0,0
115900094,0,0,0
115900096,0,0,0
115900097,0,0,0
115900098,0,0,0
115900099,0,0,0
115900100,0,0,0
115900101,0,0,0
115900102,0,0,0
115900103,0,0,0
115900104,0,0,0
115900105,0,0,0
115900106,0,0,0
115900107,0,0,0
115900108,0,0,0
115900109,0,0,0
115900110,0,0,0
115900111,0,0,0
115900112,0,0,0
115900113,0,0,0
115900114,0,0,0
115900115,0,0,0
115900116,0,0,0
115900117,0,0,0
115900118,0,0,0
115900119,0,0,0
115900120,0,0,0
115900121,0,0,0
115900124,0,0,0
115900125,0,0,0
115900126,0,0,0
115900127,0,0,0
115900128,0,0,0
115900129,0,0,0
115900130,0,0,0
115900131,0,0,0
115900132,0,0,0
115900134,0,0,0
115900135,0,0,0
115900137,0,0,0
115900139,0,0,0
115900140,0,0,0
115900141,0,0,0
115900142,0,0,0
115900143,0,0,0
115900144,0,0,0
115900146,0,0,0
115900147,0,0,0
115900148,0,0,0
115900149,0,0,0
115900150,0,0,0
115900151,0,0,0
115900152,0,0,0
115900153,0,0,0
115900154,0,0,0
115900155,0,0,0
115900156,0,0,0
115900157,0,0,0
115900158,0,0,0
115900159,0,0,0
115900160,0,0,0
115900161,0,0,0
115900163,0,0,0
115900164,0,0,0
115900166,0,0,0
115900168,0,0,0
115900171,0,0,0
115900172,0,0,0
115900173,0,0,0
115900174,0,0,0
115900175,0,0,0
115900178,0,0,0
115900179,0,0,0
115900180,0,0,0
115900181,0,0,0
115900182,0,0,0
115900183,0,0,0
115900184,0,0,0
115900187,0,0,0
115900189,0,0,0
115900190,0,0,0
115900191,0,0,0
115900192,0,0,0
115900193,0,0,0
115900194,0,0,0
115900195,0,0,0
115900198,0,0,0
115900199,0,0,0
115900200,0,0,0
115900201,0,0,0
115900202,0,0,0
115900203,0,0,0
115900204,0,0,0
115900205,0,0,0
115900206,0,0,0
115900207,0,0,0
115900208,0,0,0
115900209,0,0,0
115900210,0,0,0
115900211,0,0,0
115900212,0,0,0
115900213,0,0,0
115900214,0,0,0
115900215,0,0,0
115900216,0,0,0
115900217,0,0,0
115900218,0,0,0
115900219,0,0,0
115900220,0,0,0
115900221,0,0,0
115900222,0,0,0
115900223,0,0,0
115900224,0,0,0
115900225,0,0,0
115900226,0,0,0
115900227,0,0,0
115900228,0,0,0
115900229,0,0,0
115900230,0,0,0
115900231,0,0,0
115900232,0,0,0
115900233,0,0,0
115900234,0,0,0
115900235,0,0,0
115900236,0,0,0
115900237,0,0,0
115900238,0,0,0
115900239,0,0,0
115900240,0,0,0
115900241,0,0,0
115900242,0,0,0
115900243,0,0,0
115900244,0,0,0
115900245,0,0,0
115900246,0,0,0
115900247,0,0,0
115900248,0,0,0
115900249,0,0,0
115900250,0,0,0
115900251,0,0,0
115900252,0,0,0
115900253,0,0,0
115900254,0,0,0
115900255,0,0,0
115900256,0,0,0
115900257,0,0,0
115900258,0,0,0
115900259,0,0,0
115900260,0,0,0
115900261,0,0,0
115900262,0,0,0
115900263,0,0,0
115900264,0,0,0
115900265,0,0,0
115900266,0,0,0
115900267,0,0,0
115900268,0,0,0
115900269,0,0,0
115900270,0,0,0
115900271,0,0,0
115900272,0,0,0
115900273,0,0,0
115900274,0,0,0
115900275,0,0,0
115900276,0,0,0
115900277,0,0,0
115900278,0,0,0
115900279,0,0,0
115900280,0,0,0
115900281,0,0,0
115900282,0,0,0
115900283,0,0,0
115900284,0,0,0
116000001,356,212,144
116000002,326,149,177
116000003,26,58,-32
116000004,151,52,99
116000005,4,79,-75
116000006,67,21,46
116000007,31,109,-78
116000008,112,31,81
116000009,8,42,-34
116000010,39,17,22
116000011,11,21,-10
116000012,70,15,55
116000013,236,335,-99
116000014,0,0,0
116000015,0,51,-51
116000016,0,0,0
116000017,0,18,-18
116000018,0,0,0
116000019,24,35,-11
116000020,54,64,-10
116000021,22,61,-39
116000022,13,72,-59
116000023,2,17,-15
116000024,0,0,0
116000025,5,13,-8
116000026,0,0,0
116000027,6,16,-10
116000028,0,0,0
116000029,7,13,-6
116000030,0,0,0
116000031,2,4,-2
116000032,4,17,-13
116000033,0,1,-1
116000034,0,1,-1
116000035,4,32,-28
116000036,2,2,0
116000037,0,0,0
116000038,0,0,0
116000039,0,1,-1
116000040,0,0,0
116000041,0,2,-2
116000042,0,0,0
116000043,0,5,-5
116000044,0,0,0
116000045,0,0,0
116000046,3,35,-32
116000047,9,53,-44
116000048,1,4,-3
116000049,6,18,-12
116000050,4,18,-14
116000051,15,16,-1
116000052,9,18,-9
116000053,0,0,0
116000054,9,28,-19
116000055,7,7,0
116000056,0,0,0
116000057,5,31,-26
116000058,0,0,0
116000059,0,0,0
116000060,3,0,3
116000061,0,1,-1
116000062,0,0,0
116000063,1,3,-2
116000066,0,0,0
116000067,0,0,0
116000068,0,0,0
116000069,0,0,0
116000078,0,0,0
116000080,1,1,0
116000082,0,0,0
116000083,31,9,22
116000084,6,46,-40
116000085,77,6,71
116000086,3,22,-19
116000087,89,7,82
116000088,26,58,-32
116000089,1,0,1
116000090,0,0,0
116000091,0,7,-7
116000093,8,1,7
116000094,2,38,-36
116000095,16,0,16
116000096,3,42,-39
116000097,43,0,43
116000098,0,91,-91
116000099,65,0,65
116000100,0,0,0
116000101,0,0,0
116000102,0,0,0
116000103,0,0,0
116000104,0,0,0
116000105,0,0,0
116000106,0,0,0
116000107,0,0,0
116000108,0,0,0
116000111,0,0,0
116000113,0,0,0
116000114,0,0,0
116000115,0,0,0
116000116,0,0,0
116000117,0,0,0
116000118,0,1,-1
116000119,0,0,0
116000120,1,3,-2
116000121,0,0,0
116000122,65,68,-3
116000123,0,0,0
116000124,12,48,-36
116000125,0,0,0
116000126,14,71,-57
116000127,43,87,-44
116000128,0,0,0
116000129,0,0,0
116000130,0,0,0
116000133,5,12,-7
116000134,11,55,-44
116000135,2,5,-3
116000136,16,45,-29
116000137,1,13,-12
116000138,3,0,3
116000139,18,84,-66
116000140,0,0,0
116000141,0,0,0
116000142,22,182,-160
116000143,177,7,170
116000144,4,82,-78
116000145,165,25,140
116000146,0,0,0
116000147,33,11,22
116000148,0,0,0
116000149,0,0,0
116000151,12,46,-34
116000153,0,0,0
116000155,0,0,0
116000156,3,58,-55
116000157,0,0,0
116000158,0,26,-26
116000159,0,0,0
116000160,0,0,0
116000161,0,0,0
116000162,0,0,0
116000163,0,0,0
116000164,0,0,0
116000177,0,0,0
116000194,0,43,-43
116000195,91,66,25
116000196,0,0,0
116000197,0,0,0
116000198,0,0,0
116000200,7,71,-64
116000201,0,0,0
116000202,0,0,0
116000203,0,0,0
116000204,0,0,0
116000205,0,0,0
116000206,0,0,0
116000207,0,0,0
116000233,0,0,0
116000287,2,27,-25
116000288,0,0,0
116000292,0,0,0
116000296,0,0,0
116000297,1,0,1
116000304,0,0,0
116000305,0,0,0
116000346,0,0,0
116000352,0,0,0
116000354,0,0,0
116000357,0,0,0
116000358,0,0,0
116000361,0,0,0
116000372,2,7,-5
116000381,0,0,0
116000388,0,0,0
116000389,0,0,0
116000445,3,46,-43
116000446,0,0,0
116000447,2,66,-64
116000448,0,0,0
116000563,0,0,0
116000565,0,0,0
116000568,0,0,0
116000579,0,0,0
116000583,0,0,0
116000584,0,0,0
116000585,0,0,0
116000586,0,0,0
116000587,0,0,0
116000589,0,0,0
116000590,0,0,0
116000591,0,0,0
116000592,0,0,0
116000593,0,0,0
116000594,0,0,0
116000595,0,0,0
116000596,0,0,0
116000597,0,0,0
116000598,0,0,0
116000605,0,0,0
116000606,0,0,0
116000607,0,0,0
116000609,0,0,0
116000611,0,26,-26
116000612,96,15,81
116000613,0,0,0
116000614,11,75,-64
116000615,0,31,-31
116000616,0,0,0
116000617,0,0,0
116000618,0,0,0
116000619,0,0,0
116000620,0,0,0
116000621,0,0,0
116000622,0,0,0
116000624,0,0,0
116000627,0,0,0
116000628,0,0,0
116000629,0,0,0
116000630,0,0,0
116000631,0,0,0
116000632,0,0,0
116000633,0,0,0
116000634,1,7,-6
116000635,24,47,-23
116000636,184,61,123
116000637,3,3,0
116000638,0,0,0
116000639,0,0,0
116000640,0,0,0
116000641,0,2,-2
116000643,0,2,-2
116000644,1,9,-8
116000645,0,0,0
116900001,0,0,0
116900002,0,0,0
116900003,0,0,0
116900004,0,0,0
116900005,0,0,0
116900006,0,0,0
116900007,0,0,0
116900008,0,0,0
116900009,0,0,0
116900010,0,0,0
116900011,0,0,0
116900012,0,0,0
116900013,0,0,0
116900014,0,0,0
116900016,0,0,0
116900017,0,0,0
116900018,0,0,0
116900019,0,0,0
116900020,0,0,0
116900023,0,0,0
116900025,0,0,0
116900026,0,0,0
116900027,0,0,0
116900028,0,0,0
116900029,0,0,0
116900031,0,0,0
116900032,0,0,0
116900033,0,0,0
116900034,0,0,0
116900035,0,0,0
116900036,0,0,0
116900038,0,0,0
116900041,0,0,0
116900042,0,0,0
116900043,0,0,0
116900047,0,0,0
116900049,0,0,0
116900050,0,0,0
116900051,0,0,0
116900052,0,0,0
116900055,0,0,0
116900057,0,0,0
116900058,0,0,0
116900059,0,0,0
116900060,0,0,0
116900062,0,0,0
116900064,0,0,0
116900065,0,0,0
116900067,0,0,0
116900068,0,0,0
116900070,0,0,0
116900072,0,0,0
116900073,0,0,0
116900074,0,0,0
116900076,0,0,0
116900077,0,0,0
116900078,0,0,0
116900079,0,0,0
116900080,0,0,0
116900081,0,0,0
116900082,0,0,0
116900083,0,0,0
116900084,0,0,0
116900085,0,0,0
116900086,0,0,0
116900088,0,0,0
116900090,0,0,0
116900091,0,0,0
116900092,0,0,0
116900093,0,0,0
116900094,0,0,0
116900095,0,0,0
116900096,0,0,0
116900097,0,0,0
116900098,0,0,0
116900099,0,0,0
116900100,0,0,0
116900101,0,0,0
116900103,0,0,0
116900104,0,0,0
116900105,0,0,0
116900106,0,0,0
116900107,0,0,0
116900110,0,0,0
116900111,0,0,0
116900112,0,0,0
116900113,0,0,0
116900116,0,0,0
116900117,0,0,0
116900118,0,0,0
116900120,0,0,0
116900121,0,0,0
116900122,0,0,0
116900123,0,0,0
116900124,0,0,0
116900125,0,0,0
116900126,0,0,0
116900128,0,0,0
116900129,0,0,0
116900130,0,0,0
116900131,0,0,0
116900132,0,0,0
116900133,0,0,0
116900134,0,0,0
116900136,0,0,0
116900137,0,0,0
116900138,0,0,0
116900139,0,0,0
116900140,0,0,0
116900141,0,0,0
116900142,0,0,0
116900143,0,0,0
116900144,0,0,0
116900145,0,0,0
116900147,0,0,0
116900148,0,0,0
116900149,0,0,0
116900150,0,0,0
116900151,0,0,0
116900153,0,0,0
116900154,0,0,0
116900155,0,0,0
116900157,0,0,0
116900158,0,0,0
116900159,0,0,0
116900160,0,0,0
116900161,0,0,0
116900162,0,0,0
116900163,0,0,0
116900164,0,0,0
116900165,0,0,0
116900166,0,0,0
116900167,0,0,0
116900168,0,0,0
116900169,0,0,0
116900170,0,0,0
116900171,0,0,0
116900172,0,0,0
116900173,0,0,0
116900174,1,1,0
116900175,0,0,0
116900178,0,0,0
116900179,0,0,0
116900180,0,0,0
116900182,0,0,0
116900183,0,0,0
116900185,0,0,0
116900186,0,0,0
116900187,0,0,0
116900188,0,0,0
116900189,0,0,0
116900191,0,0,0
116900192,0,0,0
116900194,0,0,0
116900195,0,0,0
116900196,0,0,0
116900197,0,0,0
116900198,0,0,0
116900200,0,0,0
116900201,0,0,0
116900202,0,0,0
116900203,0,0,0
116900204,0,0,0
116900206,0,0,0
116900207,0,0,0
116900208,0,0,0
116900209,0,0,0
116900210,0,0,0
116900211,0,0,0
116900212,0,0,0
116900213,0,0,0
116900214,0,0,0
116900215,0,0,0
116900216,0,0,0
116900218,0,0,0
116900219,0,0,0
116900220,0,0,0
116900221,0,0,0
116900222,0,0,0
116900223,0,0,0
116900226,0,0,0
116900227,0,0,0
116900228,0,0,0
116900230,0,0,0
116900233,0,0,0
116900234,0,0,0
116900235,0,0,0
116900238,0,0,0
116900239,0,0,0
116900240,0,0,0
116900241,0,0,0
116900242,0,0,0
116900243,0,0,0
116900245,0,0,0
116900246,0,0,0
116900247,0,0,0
116900248,0,0,0
116900249,0,0,0
116900250,0,0,0
116900251,0,0,0
116900252,0,0,0
116900254,0,0,0
116900255,0,0,0
116900256,0,0,0
116900257,0,0,0
116900258,0,0,0
116900259,0,0,0
116900260,0,0,0
116900261,0,0,0
116900262,0,0,0
116900263,0,0,0
116900264,0,0,0
116900265,0,0,0
116900266,0,0,0
116900267,0,0,0
116900268,0,0,0
116900269,0,0,0
116900271,0,0,0
116900272,0,0,0
116900273,0,0,0
116900274,0,0,0
116900275,0,0,0
116900276,0,0,0
116900277,0,0,0
116900278,0,0,0
116900279,0,0,0
116900280,0,0,0
116900281,0,0,0
116900282,0,0,0
116900283,0,0,0
116900284,0,0,0
116900285,0,0,0
116900286,0,0,0
116900287,0,0,0
116900288,0,0,0
116900289,0,0,0
116900290,0,0,0
116900291,0,0,0
116900292,0,0,0
116900293,0,0,0
116900294,0,0,0
116900295,0,0,0
116900296,0,0,0
116900297,0,0,0
116900298,0,0,0
116900299,0,0,0
116900300,0,0,0
116900301,0,0,0
116900302,0,0,0
116900303,0,0,0
116900304,0,0,0
116900305,0,0,0
116900306,0,0,0
116900307,0,0,0
116900308,0,0,0
116900309,0,0,0
116900310,0,0,0
117000001,15,40,-25
117000002,23,98,-75
117000003,139,31,108
117000004,65,177,-112
117000005,47,11,36
117000006,9,163,-154
117000007,64,10,54
117000008,12,154,-142
117000009,0,0,0
117000010,30,79,-49
117000011,0,0,0
117000012,8,46,-38
117000013,0,0,0
117000014,3,12,-9
117000015,0,0,0
117000016,0,0,0
117000017,0,0,0
117000018,0,0,0
117000019,0,0,0
117000020,0,0,0
117000021,0,7,-7
117000022,0,0,0
117000023,0,15,-15
117000024,1,10,-9
117000025,0,0,0
117000026,0,0,0
117000027,3,48,-45
117000028,0,0,0
117000030,0,0,0
117000031,0,0,0
117000032,60,37,23
117000033,76,37,39
117000034,0,0,0
117000035,0,0,0
117000036,0,0,0
117000037,0,0,0
117000038,0,0,0
117000039,0,0,0
117000040,0,0,0
117000041,0,0,0
117000044,0,0,0
117000045,0,0,0
117000046,0,0,0
117000047,0,0,0
117000048,6,3,3
117000049,0,0,0
117000050,0,0,0
117000051,0,0,0
117000052,0,0,0
117000053,0,0,0
117000054,44,0,44
117000055,0,32,-32
117000056,10,2,8
117000057,1,21,-20
117000060,0,0,0
117000061,0,0,0
117000062,0,0,0
117000063,0,0,0
117000064,0,0,0
117000066,0,0,0
117000067,0,0,0
117000074,0,0,0
117000076,0,0,0
117000077,0,1,-1
117000078,3,47,-44
117000079,0,0,0
117000080,1,86,-85
117000081,0,0,0
117000082,0,39,-39
117000083,0,0,0
117000084,0,0,0
117000085,2,27,-25
117000086,0,0,0
117000087,4,115,-111
117000088,0,0,0
117000089,0,0,0
117000090,8,78,-70
117000091,0,0,0
117000092,10,72,-62
117000093,0,0,0
117000094,9,63,-54
117000095,0,0,0
117000096,10,158,-148
117000097,0,0,0
117000098,45,137,-92
117000099,0,0,0
117000100,0,0,0
117000101,0,0,0
117000102,0,0,0
117000103,66,46,20
117000104,0,0,0
117000105,22,34,-12
117000106,0,0,0
117000107,17,35,-18
117000108,0,0,0
117000109,93,73,20
117000110,0,0,0
117000111,206,61,145
117000112,21,17,4
117000113,0,0,0
117000114,0,0,0
117000115,0,0,0
117000116,0,0,0
117000117,0,0,0
117000118,0,0,0
117000119,0,0,0
117000120,0,0,0
117000121,0,0,0
117000122,0,0,0
117000123,0,0,0
117000124,0,0,0
117000125,0,0,0
117000126,0,0,0
117000127,0,0,0
117000128,0,0,0
117000129,0,0,0
117000130,0,0,0
117000131,0,3,-3
117000132,59,10,49
117000133,0,0,0
117000134,1,7,-6
117000135,0,0,0
117000136,0,0,0
117000137,0,0,0
117000138,1,38,-37
117000140,18,23,-5
117000141,0,0,0
117000181,0,0,0
117000182,0,0,0
117000195,0,0,0
117000196,0,0,0
117000225,0,0,0
117000226,0,0,0
117000276,0,0,0
117000277,0,0,0
117000310,14,25,-11
117000315,0,0,0
117000320,0,0,0
117000906,0,0,0
117000907,0,0,0
117000909,0,0,0
117000910,26,5,21
117000911,1,51,-50
117000915,0,0,0
117000916,0,0,0
117000917,0,0,0
117000918,0,0,0
117000919,0,0,0
117000920,0,25,-25
117000921,0,0,0
117000922,0,0,0
117000924,0,0,0
117000926,0,0,0
117000927,0,0,0
117000928,0,8,-8
117000929,0,0,0
117000930,0,0,0
117000931,0,0,0
117900002,0,0,0
117900003,0,0,0
117900005,0,0,0
117900006,0,0,0
117900007,0,0,0
117900008,0,0,0
117900010,0,0,0
117900011,0,0,0
117900012,0,0,0
117900013,0,0,0
117900014,0,0,0
117900015,0,0,0
117900016,0,0,0
117900017,0,0,0
117900018,0,0,0
117900019,0,0,0
117900020,0,0,0
117900021,0,0,0
117900023,0,0,0
117900024,0,0,0
117900025,0,0,0
117900026,0,0,0
117900028,0,0,0
117900029,0,0,0
117900030,0,0,0
117900031,0,0,0
117900032,0,0,0
117900033,0,0,0
117900034,0,0,0
117900035,0,0,0
117900036,0,0,0
117900037,0,0,0
117900038,0,0,0
117900039,0,0,0
117900040,0,0,0
117900041,0,0,0
117900042,0,0,0
117900043,0,0,0
117900044,0,0,0
117900045,0,0,0
117900048,0,0,0
117900049,0,0,0
117900050,0,0,0
117900051,0,0,0
117900052,0,0,0
117900053,0,0,0
117900054,0,0,0
117900055,0,0,0
117900056,0,0,0
117900057,0,0,0
117900058,0,0,0
117900059,0,0,0
117900060,0,0,0
117900061,0,0,0
117900063,0,0,0
117900065,0,0,0
117900066,0,0,0
117900067,0,0,0
117900069,0,0,0
117900070,0,0,0
117900071,0,0,0
117900073,0,0,0
117900074,0,0,0
117900075,0,0,0
117900076,0,0,0
117900077,0,0,0
117900078,0,0,0
117900080,0,0,0
117900081,0,0,0
117900082,0,0,0
117900083,0,0,0
117900086,0,0,0
117900087,0,0,0
117900088,0,0,0
117900089,0,0,0
117900090,0,0,0
117900091,0,0,0
117900092,0,0,0
117900093,0,0,0
117900094,0,0,0
117900095,0,0,0
117900096,0,0,0
117900097,0,0,0
117900098,0,0,0
117900099,0,0,0
117900100,0,0,0
117900101,0,0,0
117900102,0,0,0
117900103,0,0,0
117900104,0,0,0
117900105,0,0,0
117900106,0,0,0
117900107,0,0,0
117900109,0,0,0
117900110,0,0,0
117900111,0,0,0
117900112,0,0,0
117900113,0,0,0
117900114,0,0,0
117900115,0,0,0
117900116,0,0,0
117900117,0,0,0
117900118,0,0,0
117900119,0,0,0
117900120,0,0,0
117900121,0,0,0
117900122,0,0,0
117900123,0,0,0
117900124,0,0,0
117900125,208,3,205
117900126,0,0,0
117900127,0,0,0
117900128,0,0,0
117900129,0,0,0
117900130,0,0,0
117900131,0,0,0
117900132,0,0,0
117900133,0,0,0
117900134,0,0,0
117900135,0,0,0
117900136,0,0,0
117900137,0,0,0
117900138,0,0,0
117900139,0,0,0
117900140,0,0,0
117900141,0,0,0
117900142,0,0,0
117900144,0,0,0
117900145,0,0,0
117900146,0,0,0
117900147,0,0,0
117900148,0,0,0
117900149,0,0,0
117900150,0,0,0
117900151,0,0,0
117900152,0,0,0
117900153,0,0,0
117900154,0,0,0
117900156,0,0,0
117900157,0,0,0
117900158,0,0,0
117900160,0,0,0
117900161,0,0,0
117900162,0,0,0
117900163,0,0,0
117900165,0,0,0
117900166,0,0,0
117900168,0,0,0
117900169,0,0,0
117900170,0,0,0
117900171,0,0,0
117900172,0,0,0
117900173,0,0,0
117900174,0,0,0
117900175,0,0,0
117900176,0,0,0
117900177,0,0,0
117900178,0,0,0
117900180,0,0,0
117900181,0,0,0
117900182,0,0,0
117900183,0,0,0
117900184,0,0,0
117900185,0,0,0
117900186,0,0,0
117900187,0,0,0
117900188,0,0,0
117900189,0,0,0
117900190,0,0,0
117900191,0,0,0
117900192,0,0,0
117900193,0,0,0
117900194,0,0,0
117900195,0,0,0
117900196,0,0,0
117900207,0,0,0
117900208,0,0,0
117900209,0,0,0
117900210,0,0,0
117900211,0,0,0
117900212,0,0,0
117900213,0,0,0
117900214,0,0,0
117900215,0,0,0
117900216,0,0,0
117900217,0,0,0
117900218,0,0,0
117900219,0,0,0
117900220,0,0,0
117900222,0,0,0
117900223,0,0,0
118000001,50,53,-3
118000002,51,94,-43
118000003,79,79,0
118000004,62,102,-40
118000005,305,72,233
118000006,125,281,-156
118000007,173,64,109
118000008,50,77,-27
118000009,18,93,-75
118000010,0,1,-1
118000011,1,0,1
118000012,0,0,0
118000013,1,2,-1
118000014,0,1,-1
118000016,0,0,0
118000017,0,0,0
118000018,0,0,0
118000019,91,6,85
118000020,3,5,-2
118000021,0,7,-7
118000022,0,0,0
118000023,0,0,0
118000024,0,0,0
118000027,443,98,345
118000029,0,0,0
118000032,0,0,0
118000033,44,98,-54
118000034,216,31,185
118000035,1,202,-201
118000036,0,0,0
118000037,0,2,-2
118000038,0,0,0
118000039,0,0,0
118000040,1,54,-53
118000041,20,8,12
118000045,0,0,0
118000046,0,0,0
118000047,0,0,0
118000048,0,0,0
118000051,0,0,0
118000052,0,0,0
118000053,0,0,0
118000054,0,0,0
118000055,0,0,0
118000056,0,0,0
118000057,0,0,0
118000058,0,0,0
118000059,0,0,0
118000060,0,0,0
118000061,0,0,0
118000062,0,0,0
118000063,0,0,0
118000064,0,0,0
118000065,0,0,0
118000066,0,0,0
118000067,9,89,-80
118000068,0,0,0
118000069,1,1,0
118000070,1,0,1
118000071,0,0,0
118000072,0,0,0
118000073,0,0,0
118000074,0,0,0
118000075,0,0,0
118000076,54,20,34
118000077,73,42,31
118000078,49,52,-3
118000079,0,10,-10
118000080,48,16,32
118000081,28,51,-23
118000082,0,0,0
118000083,0,0,0
118000084,0,0,0
118000086,0,0,0
118000087,416,183,233
118000088,0,0,0
118000089,17,364,-347
118000090,221,31,190
118000091,194,290,-96
118000092,0,0,0
118000093,0,0,0
118000096,0,0,0
118000097,0,0,0
118000098,0,0,0
118000099,0,1,-1
118000101,1,3,-2
118000102,0,0,0
118000107,0,2,-2
118000108,0,0,0
118000110,0,0,0
118000111,0,5,-5
118000112,0,0,0
118000113,0,16,-16
118000114,0,0,0
118000115,0,0,0
118000116,0,0,0
118000117,63,13,50
118000118,21,22,-1
118000119,17,45,-28
118000120,58,52,6
118000121,0,0,0
118000122,0,0,0
118000123,0,0,0
118000125,0,0,0
118000126,0,0,0
118000127,0,0,0
118000128,0,1,-1
118000129,38,32,6
118000130,13,102,-89
118000131,44,79,-35
118000132,13,21,-8
118000133,11,23,-12
118000135,0,0,0
118000136,0,0,0
118000137,0,0,0
118000138,0,0,0
118000139,0,0,0
118000140,1,0,1
118000141,1,0,1
118000142,1,0,1
118000143,0,0,0
118000144,0,0,0
118000145,3,11,-8
118000146,6,9,-3
118000147,26,10,16
118000148,0,10,-10
118000149,0,0,0
118000150,0,0,0
118000151,0,0,0
118000153,0,0,0
118000154,0,0,0
118000155,0,0,0
118000156,5,16,-11
118000157,0,0,0
118000158,0,0,0
118000159,0,0,0
118000160,0,0,0
118000161,3,13,-10
118000162,0,0,0
118000163,0,0,0
118000164,0,0,0
118000168,0,0,0
118000169,2,8,-6
118000170,0,0,0
118000171,0,0,0
118000172,0,0,0
118000173,0,0,0
118000175,18,12,6
118000176,1,29,-28
118000177,0,0,0
118000178,0,0,0
118000179,9,70,-61
118000180,15,51,-36
118000181,31,32,-1
118000182,11,49,-38
118000183,20,103,-83
118000184,0,0,0
118000185,46,36,10
118000186,27,92,-65
118000187,1,14,-13
118000188,0,0,0
118000189,0,0,0
118000190,0,0,0
118000191,0,0,0
118000192,0,0,0
118000193,0,1,-1
118000194,0,0,0
118000195,0,0,0
118000196,0,0,0
118000197,0,0,0
118000198,0,0,0
118000199,8,8,0
118000200,0,0,0
118000201,0,0,0
118000202,0,0,0
118000203,0,0,0
118000204,3,2,1
118000205,0,0,0
118000206,0,0,0
118000207,0,0,0
118000208,0,0,0
118000209,4,14,-10
118000210,0,0,0
118000211,0,0,0
118000213,0,0,0
118000214,2,1,1
118000215,1,4,-3
118000216,0,0,0
118000217,0,0,0
118000218,0,0,0
118000219,0,0,0
118000220,0,0,0
118000221,0,0,0
118000222,0,0,0
118000223,0,0,0
118000224,0,0,0
118000225,0,3,-3
118000226,0,0,0
118000227,0,0,0
118000228,4,2,2
118000229,0,0,0
118000230,0,0,0
118000231,0,0,0
118000232,2,3,-1
118000233,0,0,0
118000234,0,0,0
118000236,0,0,0
118000237,0,0,0
118000238,0,0,0
118000239,0,0,0
118000240,0,0,0
118000241,0,0,0
118000242,0,0,0
118000243,0,0,0
118000244,0,0,0
118000246,0,0,0
118000255,0,0,0
118000256,0,0,0
118000259,0,0,0
118000260,0,0,0
118000261,0,0,0
118000263,0,0,0
118000266,0,0,0
118000267,0,4,-4
118000268,0,1,-1
118000270,0,0,0
118000271,0,0,0
118000272,0,0,0
118000273,0,0,0
118000274,0,0,0
118000276,0,0,0
118000295,0,0,0
118000298,3,7,-4
118000299,3,13,-10
118000301,0,0,0
118000302,0,0,0
118000311,0,0,0
118000312,0,0,0
118000313,0,0,0
118000314,0,0,0
118000315,0,0,0
118000316,0,0,0
118000325,0,0,0
118000326,0,0,0
118000331,0,0,0
118000332,0,0,0
118000333,0,0,0
118000335,0,0,0
118000336,0,2,-2
118000407,0,0,0
118000457,0,0,0
118000465,233,143,90
118000480,0,0,0
118000489,0,0,0
118000490,0,2,-2
118000492,0,0,0
118000510,0,0,0
118000514,0,6,-6
118000515,0,0,0
118000517,0,0,0
118000524,234,167,67
118000525,6,6,0
118000530,0,0,0
118000531,0,0,0
118000532,4,11,-7
118000533,9,7,2
118000534,4,21,-17
118000535,0,0,0
118000536,0,0,0
118000537,0,0,0
118000538,0,0,0
118000539,0,0,0
118000540,0,0,0
118000541,0,0,0
118000542,0,0,0
118000543,0,0,0
118000546,0,0,0
118000553,0,1,-1
118000560,0,0,0
118000562,0,0,0
118000563,1,0,1
118000576,0,0,0
118000577,0,0,0
118000578,0,0,0
118000579,0,0,0
118000583,0,0,0
118000595,0,0,0
118000596,0,0,0
118000597,0,0,0
118000598,0,0,0
118000599,0,0,0
118000600,0,0,0
118000601,0,0,0
118000602,0,0,0
118000603,0,1,-1
118000605,0,0,0
118000606,0,0,0
118900001,0,0,0
118900002,0,0,0
118900003,0,0,0
118900004,0,0,0
118900005,0,0,0
118900006,0,0,0
118900007,0,0,0
118900008,0,0,0
118900009,0,0,0
118900010,0,0,0
118900011,0,0,0
118900012,0,0,0
118900013,0,0,0
118900015,0,0,0
118900016,0,0,0
118900017,0,0,0
118900018,0,0,0
118900019,0,0,0
118900020,0,0,0
118900021,0,0,0
118900022,0,0,0
118900023,0,0,0
118900024,0,0,0
118900025,0,0,0
118900026,0,0,0
118900027,0,0,0
118900028,0,0,0
118900029,0,0,0
118900030,0,0,0
118900031,0,0,0
118900032,0,0,0
118900033,0,0,0
118900034,0,0,0
118900035,0,0,0
118900036,0,0,0
118900037,0,0,0
118900038,0,0,0
118900039,0,0,0
118900040,0,0,0
118900041,0,0,0
118900042,0,0,0
118900045,0,0,0
118900046,0,0,0
118900047,0,0,0
118900048,0,0,0
118900049,0,0,0
118900050,0,0,0
118900051,0,0,0
118900052,0,0,0
118900053,0,0,0
118900054,0,0,0
118900055,0,0,0
118900056,0,0,0
118900057,0,0,0
118900058,0,0,0
118900059,0,0,0
118900060,0,0,0
118900062,0,0,0
118900064,0,0,0
118900065,0,0,0
118900066,0,0,0
118900067,0,0,0
118900068,0,0,0
118900069,0,0,0
118900071,0,0,0
118900072,0,0,0
118900073,0,0,0
118900074,0,0,0
118900075,0,0,0
118900076,0,0,0
118900077,0,0,0
118900078,0,0,0
118900079,0,0,0
118900080,0,0,0
118900081,0,0,0
118900082,0,0,0
118900083,0,0,0
118900084,0,0,0
118900085,0,0,0
118900086,0,0,0
118900087,0,0,0
118900088,0,0,0
118900089,0,0,0
118900090,0,0,0
118900091,0,0,0
118900092,0,0,0
118900093,0,0,0
118900096,0,0,0
118900097,0,0,0
118900099,0,0,0
118900100,0,0,0
118900101,0,0,0
118900102,0,0,0
118900103,0,0,0
118900104,0,0,0
118900105,0,0,0
118900107,0,0,0
118900108,0,0,0
118900110,0,0,0
118900111,0,0,0
118900112,0,0,0
118900113,0,0,0
118900114,0,0,0
118900115,0,0,0
118900116,0,0,0
118900117,0,0,0
118900118,0,0,0
118900119,0,0,0
118900120,0,0,0
118900121,0,0,0
118900122,0,0,0
118900123,0,0,0
118900124,0,0,0
118900126,0,0,0
118900129,0,0,0
118900130,0,0,0
118900131,0,0,0
118900132,0,0,0
118900133,0,0,0
118900135,0,0,0
118900136,0,0,0
118900137,0,0,0
118900139,0,0,0
118900140,0,0,0
118900141,0,0,0
118900144,0,0,0
118900145,0,0,0
118900146,0,0,0
118900147,0,0,0
118900148,0,0,0
118900150,0,0,0
118900152,0,0,0
118900157,0,0,0
118900158,0,0,0
118900159,0,0,0
118900161,0,0,0
118900163,0,0,0
118900164,0,0,0
118900165,0,0,0
118900166,0,0,0
118900167,0,0,0
118900168,0,0,0
118900169,0,0,0
118900170,0,0,0
118900171,0,0,0
118900174,0,0,0
118900175,0,0,0
118900176,0,0,0
118900177,0,0,0
118900178,0,0,0
118900179,0,0,0
118900181,0,0,0
118900182,0,0,0
118900183,0,0,0
118900184,0,0,0
118900185,0,0,0
118900186,0,0,0
118900187,0,0,0
118900188,0,0,0
118900189,0,0,0
118900190,0,0,0
118900191,0,0,0
118900192,0,0,0
118900193,0,0,0
118900195,0,0,0
118900196,0,0,0
118900197,0,0,0
118900198,0,0,0
118900199,0,0,0
118900200,0,0,0
118900201,0,0,0
118900202,0,0,0
118900203,0,0,0
118900204,0,0,0
118900205,0,0,0
118900206,0,0,0
119000001,7,4,3
119000002,0,0,0
119000003,0,0,0
119000004,0,0,0
119000005,1,1,0
119000006,1,0,1
119000007,0,3,-3
119000008,2,6,-4
119000009,0,2,-2
119000010,3,6,-3
119000011,82,27,55
119000012,55,145,-90
119000013,37,19,18
119000014,26,160,-134
119000019,0,0,0
119000020,1,0,1
119000021,2,0,2
119000022,0,1,-1
119000023,0,0,0
119000024,87,64,23
119000025,0,0,0
119000026,0,0,0
119000027,0,0,0
119000028,0,1,-1
119000029,0,0,0
119000030,3,2,1
119000031,0,0,0
119000032,1,25,-24
119000033,28,5,23
119000034,0,0,0
119000035,0,16,-16
119000036,8,3,5
119000037,0,8,-8
119000038,0,4,-4
119000039,1,9,-8
119000040,3,4,-1
119000041,0,2,-2
119000048,832,251,581
119000049,40,157,-117
119000050,0,0,0
119000051,0,0,0
119000052,0,0,0
119000053,0,0,0
119000054,38,121,-83
119000055,43,77,-34
119000056,31,66,-35
119000057,24,75,-51
119000058,87,134,-47
119000059,0,0,0
119000060,0,0,0
119000061,0,0,0
119000062,0,0,0
119000063,0,0,0
119000064,0,0,0
119000065,0,0,0
119000066,0,0,0
119000067,0,0,0
119000068,0,0,0
119000069,0,0,0
119000070,0,0,0
119000071,0,0,0
119000072,0,0,0
119000073,0,0,0
119000074,0,0,0
119000075,0,0,0
119000076,0,0,0
119000077,0,0,0
119000078,0,0,0
119000079,0,0,0
119000080,0,0,0
119000081,0,0,0
119000082,0,0,0
119000083,0,0,0
119000084,0,0,0
119000085,0,0,0
119000086,0,0,0
119000087,0,0,0
119000088,0,0,0
119000089,0,0,0
119000090,0,0,0
119000091,0,0,0
119000092,0,0,0
119000093,59,78,-19
119000094,97,92,5
119000095,8,68,-60
119000097,14,26,-12
119000098,20,34,-14
119000099,18,54,-36
119000100,64,43,21
119000101,46,53,-7
119000102,0,0,0
119000103,4,1,3
119000104,1,8,-7
119000105,0,0,0
119000106,0,1,-1
119000107,0,0,0
119000108,0,1,-1
119000109,0,0,0
119000110,0,0,0
119000111,0,0,0
119000112,0,0,0
119000113,0,0,0
119000114,0,0,0
119000115,0,0,0
119000116,0,0,0
119000117,0,0,0
119000118,0,0,0
119000123,0,0,0
119000124,0,0,0
119000125,0,0,0
119000126,0,1,-1
119000127,2,2,0
119000128,0,0,0
119000131,0,5,-5
119000132,0,0,0
119000133,0,0,0
119000134,61,91,-30
119000135,0,0,0
119000136,0,0,0
119000137,0,0,0
119000138,0,0,0
119000139,0,0,0
119000140,0,0,0
119000284,135,375,-240
119000285,151,195,-44
119000286,253,308,-55
119000287,113,160,-47
119000288,59,73,-14
119000289,107,122,-15
119000290,0,0,0
119000291,0,0,0
119000293,1,0,1
119000294,0,0,0
119000295,1,0,1
119000296,0,0,0
119000302,0,0,0
119000303,0,0,0
119000304,0,1,-1
119000314,0,2,-2
119000315,0,0,0
119000316,0,0,0
119000317,0,0,0
119900001,0,0,0
119900002,0,0,0
119900003,0,0,0
119900004,0,0,0
119900005,0,0,0
119900006,0,0,0
119900007,0,0,0
119900008,0,0,0
119900009,0,0,0
119900010,0,0,0
119900011,0,0,0
119900012,0,0,0
119900013,0,0,0
119900014,0,0,0
119900015,0,0,0
119900016,0,0,0
119900017,0,0,0
119900018,0,0,0
119900019,0,0,0
119900020,0,0,0
119900021,0,0,0
119900022,0,0,0
119900023,0,0,0
119900025,0,0,0
119900026,0,0,0
119900027,0,0,0
119900028,0,0,0
119900029,0,0,0
119900030,0,0,0
119900031,0,0,0
119900033,0,0,0
119900034,0,0,0
119900037,0,0,0
119900038,0,0,0
119900039,0,0,0
119900040,0,0,0
119900041,0,0,0
119900042,0,0,0
119900043,0,0,0
119900044,0,0,0
119900046,0,0,0
119900047,0,0,0
119900048,0,0,0
119900049,0,0,0
119900050,0,0,0
119900051,0,0,0
119900052,0,0,0
119900053,0,0,0
119900054,0,0,0
119900055,0,0,0
119900057,0,0,0
119900058,0,0,0
119900059,0,0,0
119900060,0,0,0
119900061,0,0,0
119900062,0,0,0
119900063,0,0,0
119900065,0,0,0
119900067,0,0,0
119900068,0,0,0
119900069,0,0,0
119900070,0,0,0
119900071,0,0,0
119900073,0,0,0
119900074,0,0,0
119900075,0,0,0
119900076,0,0,0
119900077,0,0,0
119900078,0,0,0
119900079,0,0,0
119900080,0,0,0
119900081,0,0,0
119900082,0,0,0
119900083,0,0,0
119900084,0,0,0
119900085,0,0,0
119900086,0,0,0
119900087,0,0,0
119900088,0,0,0
119900089,0,0,0
119900090,0,0,0
119900091,0,0,0
119900092,0,0,0
119900093,0,0,0
119900094,0,0,0
119900095,0,0,0
119900096,0,0,0
119900097,0,0,0
119900098,0,0,0
119900099,0,0,0
119900100,0,0,0
119900101,0,0,0
119900102,0,0,0
119900103,0,0,0
119900104,0,0,0
119900105,0,0,0
119900106,0,0,0
119900107,0,0,0
119900108,0,0,0
119900109,0,0,0
119900110,0,0,0
119900111,0,0,0
119900112,0,0,0
119900113,0,0,0
119900114,0,0,0
119900115,0,0,0
119900116,0,0,0
119900117,0,0,0
119900118,0,0,0
119900119,0,0,0
119900120,0,0,0
119900121,0,0,0
119900122,0,0,0
119900123,0,0,0
119900124,0,0,0
119900125,0,0,0
119900126,0,0,0
119900127,0,0,0
119900128,0,0,0
119900129,0,0,0
119900130,0,0,0
119900131,0,0,0
119900132,0,0,0
119900133,0,0,0
119900134,0,0,0
119900135,0,0,0
119900136,0,0,0
119900138,0,0,0
119900139,0,0,0
119900140,0,0,0
119900141,0,0,0
119900142,0,0,0
119900143,0,0,0
119900144,0,0,0
119900145,0,0,0
119900146,0,0,0
119900147,0,0,0
119900148,0,0,0
119900149,0,0,0
119900150,0,0,0
119900151,0,0,0
119900152,0,0,0
119900153,0,0,0
119900154,0,0,0
119900155,0,0,0
119900156,0,0,0
119900157,0,0,0
119900158,0,0,0
119900159,0,0,0
119900160,0,0,0
119900161,0,0,0
119900162,0,0,0
119900163,0,0,0
119900164,0,0,0
119900165,0,0,0
119900166,0,0,0
119900167,0,0,0
119900168,0,0,0
119900169,0,0,0
119900170,0,0,0
119900171,0,0,0
119900172,0,0,0
119900173,0,0,0
119900174,0,0,0
119900175,0,0,0
119900177,0,0,0
119900178,0,0,0
119900179,0,0,0
119900180,0,0,0
119900181,0,0,0
119900182,0,0,0
119900183,0,0,0
119900184,0,0,0
119900185,0,0,0
119900186,0,0,0
119900187,0,0,0
119900188,0,0,0
119900189,0,0,0
119900190,0,0,0
119900191,0,0,0
119900192,0,0,0
119900193,0,0,0
119900194,0,0,0
119900195,0,0,0
119900196,0,0,0
119900197,0,0,0
119900198,0,0,0
119900199,0,0,0
119900200,0,0,0
119900201,0,0,0
119900202,0,0,0
119900203,0,0,0
119900204,0,0,0
119900205,0,0,0
119900206,0,0,0
119900208,0,0,0
119900209,0,0,0
119900210,0,0,0
119900211,0,0,0
119900212,0,0,0
119900213,0,0,0
119900214,0,0,0
119900215,0,0,0
119900216,0,0,0
119900217,0,0,0
119900218,0,0,0
119900219,0,0,0
119900220,0,0,0
119900221,0,0,0
119900222,0,0,0
119900223,0,0,0
119900224,0,0,0
119900225,0,0,0
119900226,0,0,0
119900227,0,0,0
119900228,0,0,0
119900229,0,0,0
119900230,0,0,0
119900231,0,0,0
119900232,0,0,0
119900233,0,0,0
119900234,0,0,0
119900235,0,0,0
119900236,0,0,0
119900237,0,0,0
119900238,0,0,0
119900240,0,0,0
119900241,0,0,0
119900242,0,0,0
119900244,0,0,0
119900245,0,0,0
119900246,0,0,0
119900247,0,0,0
119900248,0,0,0
119900249,0,0,0
119900253,0,0,0
119900254,0,0,0
119900255,0,0,0
119900256,0,0,0
119900257,0,0,0
119900258,0,0,0
119900259,0,0,0
119900260,0,0,0
119900261,0,0,0
119900262,0,0,0
119900263,0,0,0
119900264,0,0,0
119900265,0,0,0
119900266,0,0,0
119900267,0,0,0
119900268,0,0,0
119900269,0,0,0
119900271,0,0,0
119900272,0,0,0
119900275,0,0,0
119900276,0,0,0
119900277,0,0,0
119900278,0,0,0
119900279,0,0,0
119900280,0,0,0
119900281,0,0,0
119900282,0,0,0
119900283,0,0,0
119900284,0,0,0
119900285,0,0,0
119900286,0,0,0
119900288,0,0,0
119900289,0,0,0
119900290,0,0,0
119900291,0,0,0
119900292,0,0,0
119900293,0,0,0
119900294,0,0,0
119900295,0,0,0
119900296,0,0,0
119900297,0,0,0
119900298,0,0,0
119900299,0,0,0
119900300,0,0,0
119900301,0,0,0
119900302,0,0,0
119900303,0,0,0
119900304,0,0,0
119900305,0,0,0
119900306,0,0,0
119900307,0,0,0
119900308,0,0,0
119900309,0,0,0
119900310,0,0,0
119900311,0,0,0
119900312,0,0,0
119900313,0,0,0
119900314,0,0,0
119900315,0,0,0
119900318,0,0,0
119900319,0,0,0
119900320,0,0,0
119900321,0,0,0
120000001,154,117,37
120000002,64,263,-199
120000003,79,186,-107
120000004,96,229,-133
120000005,316,347,-31
120000006,84,148,-64
120000007,77,188,-111
120000008,39,171,-132
120000009,1,0,1
120000010,17,81,-64
120000011,6,88,-82
120000012,40,156,-116
120000013,20,101,-81
120000014,9,114,-105
120000015,47,212,-165
120000016,165,46,119
120000017,27,31,-4
120000018,240,205,35
120000019,39,82,-43
120000020,79,127,-48
120000021,94,107,-13
120000022,201,140,61
120000023,35,62,-27
120000024,54,165,-111
120000025,65,122,-57
120000026,31,149,-118
120000027,193,226,-33
120000028,0,2,-2
120000029,0,0,0
120000030,0,0,0
120000031,0,0,0
120000032,0,0,0
120000033,0,0,0
120000034,0,0,0
120000035,0,0,0
120000036,0,0,0
120000037,0,0,0
120000038,0,0,0
120000039,0,0,0
120000040,0,0,0
120000041,0,3,-3
120000042,0,0,0
120000043,0,0,0
120000044,1,0,1
120000045,0,0,0
120000046,0,0,0
120000047,0,0,0
120000048,212,199,13
120000049,76,52,24
120000050,11,171,-160
120000051,18,262,-244
120000052,0,0,0
120000053,0,0,0
120000054,0,0,0
120000055,0,0,0
120000056,0,1,-1
120000057,0,2,-2
120000058,0,1,-1
120000059,4,74,-70
120000061,45,63,-18
120000062,0,0,0
120000063,0,0,0
120000064,0,0,0
120000065,0,0,0
120000066,0,0,0
120000067,0,0,0
120000068,0,0,0
120000069,0,2,-2
120000070,0,0,0
120000071,0,0,0
120000072,0,0,0
120000073,0,1,-1
120000074,0,0,0
120000075,0,1,-1
120000076,0,3,-3
120000077,1,1,0
120000078,0,3,-3
120000079,0,0,0
120000080,0,0,0
120000081,0,0,0
120000082,0,0,0
120000083,0,0,0
120000084,0,0,0
120000085,0,0,0
120000086,0,0,0
120000087,0,0,0
120000088,0,0,0
120000089,0,0,0
120000090,0,0,0
120000091,0,0,0
120000092,0,0,0
120000093,0,0,0
120000094,0,0,0
120000095,0,0,0
120000096,0,0,0
120000098,0,0,0
120000099,0,0,0
120000100,0,0,0
120000101,0,0,0
120000102,0,0,0
120000103,0,0,0
120000104,0,0,0
120000105,1,0,1
120000106,0,0,0
120000107,0,0,0
120000108,0,0,0
120000109,0,0,0
120000110,0,1,-1
120000111,1,0,1
120000112,2,3,-1
120000113,0,0,0
120000114,0,1,-1
120000115,0,0,0
120000116,0,1,-1
120000117,0,2,-2
120000118,0,0,0
120000119,0,0,0
120000120,0,0,0
120000121,0,0,0
120000122,0,0,0
120000123,0,0,0
120000124,0,0,0
120000125,0,0,0
120000126,0,0,0
120000127,0,0,0
120000128,0,0,0
120000129,0,0,0
120000130,0,0,0
120000131,0,0,0
120000134,0,0,0
120000135,0,0,0
120000137,0,0,0
120000138,0,0,0
120000139,0,0,0
120000140,0,0,0
120000141,0,0,0
120000142,0,0,0
120000143,0,0,0
120000144,0,0,0
120000145,0,0,0
120000146,0,0,0
120000149,0,0,0
120000150,0,0,0
120000151,0,0,0
120000152,0,0,0
120000153,0,1,-1
120000154,1,5,-4
120000155,0,0,0
120000156,0,0,0
120000157,0,0,0
120000158,0,3,-3
120000159,156,442,-286
120000160,131,90,41
120000161,9,43,-34
120000162,0,0,0
120000163,0,1,-1
120000164,0,1,-1
120000165,0,0,0
120000166,0,0,0
120000167,0,0,0
120000168,0,0,0
120000169,0,0,0
120000170,0,0,0
120000171,0,0,0
120000172,0,0,0
120000173,0,0,0
120000174,0,0,0
120000175,0,0,0
120000176,0,0,0
120000177,0,0,0
120000178,0,0,0
120000179,0,0,0
120000180,0,0,0
120000181,0,0,0
120000182,0,0,0
120000183,0,0,0
120000184,0,0,0
120000186,0,0,0
120000187,0,0,0
120000188,0,0,0
120000190,0,0,0
120000191,0,0,0
120000192,0,0,0
120000193,0,0,0
120000195,0,0,0
120000196,0,0,0
120000197,0,0,0
120000198,0,0,0
120000199,0,0,0
120000200,0,0,0
120000201,0,0,0
120000202,0,0,0
120000203,0,0,0
120000207,0,0,0
120000208,0,0,0
120000209,0,0,0
120000210,0,0,0
120000211,0,0,0
120000212,0,0,0
120000213,0,0,0
120000214,0,0,0
120000215,0,0,0
120000216,0,0,0
120000217,0,0,0
120000218,0,0,0
120000219,0,0,0
120000220,0,0,0
120000225,0,0,0
120000226,0,0,0
120000227,0,0,0
120000228,0,0,0
120000230,0,0,0
120000231,0,0,0
120000233,0,0,0
120000235,0,0,0
120000236,0,0,0
120000237,0,0,0
120000238,0,0,0
120000241,0,0,0
120000412,0,0,0
120000413,0,0,0
120000414,0,0,0
120000415,0,0,0
120000416,0,0,0
120000417,0,0,0
120000418,0,0,0
120000419,0,0,0
120000420,0,0,0
120000421,237,364,-127
120000422,0,0,0
120000423,0,0,0
120000424,0,0,0
120000436,0,0,0
120000437,0,0,0
120000438,0,0,0
120000439,0,1,-1
120000443,0,0,0
120000444,0,0,0
120000445,17,14,3
120000446,0,0,0
120000447,0,0,0
120000449,0,0,0
120000450,0,0,0
120000451,0,0,0
120000452,0,0,0
120000453,0,0,0
120000454,0,0,0
120000455,0,0,0
120000456,0,0,0
120000457,0,0,0
120000458,0,0,0
120000459,0,0,0
120000665,0,0,0
120000668,0,0,0
120000669,0,0,0
120000670,0,0,0
120000671,14,32,-18
120000672,10,28,-18
120900001,0,0,0
120900002,0,0,0
120900003,0,0,0
120900004,0,0,0
120900005,0,0,0
120900006,0,0,0
120900007,0,0,0
120900008,0,0,0
120900009,0,0,0
120900010,0,0,0
120900011,0,0,0
120900012,0,0,0
120900013,0,0,0
120900014,0,0,0
120900015,0,0,0
120900016,0,0,0
120900017,0,0,0
120900018,0,0,0
120900019,0,0,0
120900020,0,0,0
120900021,0,0,0
120900022,0,0,0
120900023,0,0,0
120900024,0,0,0
120900025,0,0,0
120900026,0,0,0
120900027,0,0,0
120900028,0,0,0
120900029,0,0,0
120900030,0,0,0
120900031,0,0,0
120900032,0,0,0
120900033,0,0,0
120900034,0,0,0
120900035,0,0,0
120900037,0,0,0
120900038,0,0,0
120900039,0,0,0
120900040,0,0,0
120900041,0,0,0
120900042,0,0,0
120900043,0,0,0
120900044,0,0,0
120900045,0,0,0
120900046,0,0,0
120900047,0,0,0
120900048,0,0,0
120900049,0,0,0
120900050,0,0,0
120900051,0,0,0
120900052,0,0,0
120900053,0,0,0
120900054,0,0,0
120900055,0,0,0
120900056,0,0,0
120900057,0,0,0
120900058,0,0,0
120900059,0,0,0
120900060,0,0,0
120900061,0,0,0
120900062,0,0,0
120900063,0,0,0
120900064,0,0,0
120900065,0,0,0
120900066,0,0,0
120900067,0,0,0
120900068,0,0,0
120900069,0,0,0
120900071,0,0,0
120900072,0,0,0
120900073,0,0,0
120900074,0,0,0
120900076,0,0,0
120900077,0,0,0
120900078,0,0,0
120900079,0,0,0
120900080,0,0,0
120900081,0,0,0
120900082,0,0,0
120900083,0,0,0
120900084,0,0,0
120900085,0,0,0
120900086,0,0,0
120900087,0,0,0
120900088,0,0,0
120900089,0,0,0
120900090,0,0,0
120900091,0,0,0
120900092,0,0,0
120900093,0,0,0
120900094,0,0,0
120900095,0,0,0
120900096,0,0,0
120900097,0,0,0
120900098,0,0,0
120900099,0,0,0
120900100,0,0,0
120900101,0,0,0
120900102,0,0,0
120900103,0,0,0
120900104,0,0,0
120900105,0,0,0
120900106,0,0,0
120900107,0,0,0
120900108,0,0,0
120900109,0,0,0
120900110,0,0,0
120900111,0,0,0
120900112,0,0,0
120900113,0,0,0
120900114,0,0,0
120900115,0,0,0
120900116,0,0,0
120900117,0,0,0
120900118,0,0,0
120900119,0,0,0
120900120,0,0,0
120900121,0,0,0
120900122,0,0,0
120900123,0,0,0
120900124,0,0,0
120900125,0,0,0
120900126,0,0,0
120900127,0,0,0
120900128,0,0,0
120900129,0,0,0
120900130,0,0,0
120900131,0,0,0
120900132,0,0,0
120900133,0,0,0
120900134,0,0,0
120900135,0,0,0
120900136,0,0,0
120900137,0,0,0
120900138,0,0,0
120900139,0,0,0
120900140,0,0,0
120900141,0,0,0
120900142,0,0,0
120900143,0,0,0
120900144,0,0,0
120900145,0,0,0
120900146,0,0,0
120900147,0,0,0
120900148,0,0,0
120900149,0,0,0
120900150,0,0,0
120900151,0,0,0
120900152,0,0,0
120900153,0,0,0
120900154,0,0,0
120900155,0,0,0
120900156,0,0,0
120900157,0,0,0
120900158,0,0,0
120900159,0,0,0
120900160,0,0,0
120900161,0,0,0
120900162,0,0,0
120900163,0,0,0
120900164,0,0,0
120900165,0,0,0
120900166,0,0,0
120900167,0,0,0
120900169,0,0,0
120900170,0,0,0
120900171,0,0,0
120900172,0,0,0
120900173,0,0,0
120900174,0,0,0
120900175,0,0,0
120900176,0,0,0
120900177,0,0,0
120900178,0,0,0
120900179,0,0,0
120900180,0,0,0
120900181,0,0,0
120900182,0,0,0
120900183,0,0,0
120900184,0,0,0
120900185,0,0,0
120900186,0,0,0
120900187,0,0,0
120900188,0,0,0
120900189,0,0,0
120900190,0,0,0
120900191,0,0,0
120900192,0,0,0
120900194,0,0,0
120900195,0,0,0
120900196,0,0,0
120900197,0,0,0
120900198,0,0,0
120900199,0,0,0
120900200,0,0,0
120900201,0,0,0
120900202,0,0,0
120900203,0,0,0
120900204,0,0,0
120900205,0,0,0
120900206,0,0,0
120900207,0,0,0
121000001,41,111,-70
121000002,7,0,7
121000003,323,184,139
121000004,20,1,19
121000005,218,242,-24
121000006,193,127,66
121000007,321,367,-46
121000008,232,182,50
121000009,514,549,-35
121000010,480,281,199
121000011,1437,514,923
121000012,846,348,498
121000013,697,738,-41
121000014,682,491,191
121000015,531,1038,-507
121000016,668,480,188
121000017,0,0,0
121000018,86,33,53
121000019,391,18,373
121000020,308,218,90
121000021,82,20,62
121000022,104,91,13
121000023,109,42,67
121000024,117,140,-23
121000025,66,39,27
121000026,84,49,35
121000027,212,56,156
121000028,45,23,22
121000029,0,0,0
121000030,0,0,0
121000031,0,0,0
121000032,0,0,0
121000034,0,0,0
121000035,0,3,-3
121000036,0,0,0
121000037,1,0,1
121000038,50,86,-36
121000039,0,0,0
121000041,0,0,0
121000042,0,0,0
121000043,0,0,0
121000044,2,0,2
121000045,0,0,0
121000046,0,0,0
121000047,0,0,0
121000049,0,0,0
121000050,0,11,-11
121000051,0,0,0
121000052,3,2,1
121000053,0,0,0
121000054,1,11,-10
121000055,1,0,1
121000056,2,2,0
121000057,0,0,0
121000058,0,0,0
121000059,0,0,0
121000060,11,12,-1
121000061,0,0,0
121000062,0,0,0
121000063,18,26,-8
121000064,5,5,0
121000065,0,0,0
121000066,0,0,0
121000067,0,0,0
121000068,0,0,0
121000069,0,0,0
121000070,21,31,-10
121000071,24,52,-28
121000072,30,29,1
121000073,37,23,14
121000074,0,0,0
121000075,0,3,-3
121000076,0,0,0
121000077,0,0,0
121000078,0,8,-8
121000080,113,64,49
121000081,107,105,2
121000082,24,39,-15
121000083,0,0,0
121000084,0,0,0
121000085,163,55,108
121000086,0,0,0
121000087,0,0,0
121000088,1,4,-3
121000089,0,0,0
121000090,0,0,0
121000091,595,69,526
121000092,32,5,27
121000093,26,19,7
121000094,74,32,42
121000095,0,0,0
121000096,83,48,35
121000097,6,42,-36
121000098,12,19,-7
121000099,11,17,-6
121000100,1,0,1
121000101,0,0,0
121000102,0,0,0
121000103,0,0,0
121000104,0,0,0
121000105,0,0,0
121000106,0,0,0
121000107,0,0,0
121000109,0,0,0
121000110,0,0,0
121000114,59,207,-148
121000115,18,38,-20
121000116,7,27,-20
121000117,0,0,0
121000118,0,0,0
121000119,0,0,0
121000120,0,0,0
121000121,0,0,0
121000123,0,0,0
121000127,0,0,0
121000128,0,6,-6
121000129,0,1,-1
121000130,21,10,11
121000131,1,2,-1
121000132,22,7,15
121000135,0,0,0
121000136,0,0,0
121000137,0,0,0
121000138,0,0,0
121000139,20,21,-1
121000141,0,0,0
121000142,0,0,0
121000143,0,0,0
121000144,0,0,0
121000145,0,0,0
121000146,0,0,0
121000147,0,0,0
121000148,0,0,0
121000149,57,41,16
121000152,13,36,-23
121000153,0,0,0
121000154,0,0,0
121000155,3,1,2
121000156,3,1,2
121000157,0,0,0
121000158,0,0,0
121000159,0,0,0
121000160,0,0,0
121000161,0,0,0
121000162,0,0,0
121000165,0,0,0
121000166,0,0,0
121000168,12,24,-12
121000169,16,12,4
121000170,82,45,37
121000171,66,54,12
121000172,40,13,27
121000173,0,1,-1
121000174,0,0,0
121000175,0,0,0
121000176,0,0,0
121000177,0,0,0
121000178,0,0,0
121000179,4,22,-18
121000181,20,144,-124
121000182,123,28,95
121000183,17,8,9
121000184,2,7,-5
121000185,0,0,0
121000186,0,4,-4
121000187,0,0,0
121000188,0,0,0
121000192,0,0,0
121000193,1,2,-1
121000194,144,179,-35
121000195,0,6,-6
121000196,0,0,0
121000197,6,16,-10
121000198,0,0,0
121000199,9,43,-34
121000200,0,0,0
121000201,0,0,0
121000202,0,0,0
121000203,0,0,0
121000204,0,0,0
121000205,20,52,-32
121000206,0,0,0
121000207,0,0,0
121000208,0,0,0
121000209,13,67,-54
121000210,2,3,-1
121000211,4,12,-8
121000212,2,3,-1
121000213,1,19,-18
121000214,0,0,0
121000215,35,29,6
121000216,0,0,0
121000217,2,1,1
121000218,23,132,-109
121000219,1,0,1
121000220,3,5,-2
121000221,4,0,4
121000222,160,225,-65
121000223,0,0,0
121000224,0,0,0
121000225,75,28,47
121000226,0,0,0
121000227,0,0,0
121000228,0,12,-12
121000229,0,3,-3
121000230,2,31,-29
121000231,0,0,0
121000232,0,0,0
121000233,0,0,0
121000234,0,0,0
121000235,0,0,0
121000236,0,0,0
121000237,0,0,0
121000238,0,0,0
121000239,0,0,0
121000240,0,0,0
121000241,0,0,0
121000242,0,0,0
121000243,0,0,0
121000244,0,0,0
121000245,0,0,0
121000246,0,0,0
121000247,0,0,0
121000248,0,0,0
121000249,4,7,-3
121000250,0,0,0
121000251,12,58,-46
121000252,0,0,0
121000253,31,76,-45
121000254,0,0,0
121000255,2,13,-11
121000256,0,0,0
121000257,11,7,4
121000258,0,0,0
121000259,3,9,-6
121000260,6,27,-21
121000261,0,0,0
121000262,0,0,0
121000263,6,64,-58
121000271,17,34,-17
121000273,0,1,-1
121000274,0,0,0
121000275,0,0,0
121000276,0,0,0
121000278,0,0,0
121000279,0,0,0
121000280,0,0,0
121000289,0,0,0
121000290,0,1,-1
121000294,0,0,0
121000297,0,0,0
121000299,0,26,-26
121000300,0,0,0
121000302,0,0,0
121000303,0,0,0
121000304,0,0,0
121000305,0,0,0
121000306,0,0,0
121000308,0,0,0
121000309,0,0,0
121000310,0,0,0
121000311,0,0,0
121000312,0,0,0
121000313,0,0,0
121000314,11,17,-6
121000315,1,6,-5
121000530,18,38,-20
121000531,31,25,6
121000532,132,78,54
121000533,90,72,18
121000918,0,0,0
121000919,0,0,0
121000938,0,0,0
121000939,0,0,0
121000956,9,7,2
121000957,6,19,-13
121000958,0,25,-25
121000959,16,88,-72
121000960,51,118,-67
121000961,0,0,0
121000962,0,0,0
121000963,0,0,0
121000973,0,3,-3
121000976,0,0,0
121000979,0,0,0
121000981,0,0,0
121000982,0,0,0
121000983,7,18,-11
121000984,0,0,0
121000985,0,2,-2
121000986,0,0,0
121000987,15,173,-158
121000988,0,0,0
121001302,0,0,0
121001308,0,0,0
121001309,0,0,0
121001313,0,0,0
121001314,682,694,-12
121001315,478,210,268
121001326,0,0,0
121900001,0,0,0
121900002,0,0,0
121900003,0,0,0
121900004,0,0,0
121900005,0,0,0
121900006,0,0,0
121900007,0,0,0
121900008,0,0,0
121900009,0,0,0
121900010,0,0,0
121900011,0,0,0
121900012,0,0,0
121900013,0,0,0
121900014,0,0,0
121900015,0,0,0
121900016,0,0,0
121900017,0,0,0
121900018,0,0,0
121900019,0,0,0
121900020,0,0,0
121900021,0,0,0
121900022,0,0,0
121900023,0,0,0
121900024,0,0,0
121900025,0,0,0
121900026,0,0,0
121900027,0,0,0
121900028,0,0,0
121900029,0,0,0
121900030,0,0,0
121900031,0,0,0
121900032,0,0,0
121900033,0,0,0
121900034,0,0,0
121900035,0,0,0
121900036,0,0,0
121900037,0,0,0
121900038,0,0,0
121900039,0,0,0
121900040,0,0,0
121900041,0,0,0
121900042,0,0,0
121900043,0,0,0
121900044,0,0,0
121900046,0,0,0
121900047,0,0,0
121900048,0,0,0
121900050,0,0,0
121900051,0,0,0
121900052,0,0,0
121900053,0,0,0
121900054,0,0,0
121900055,0,0,0
121900058,0,0,0
121900059,0,0,0
121900060,0,0,0
121900061,0,0,0
121900062,0,0,0
121900063,0,0,0
121900064,0,0,0
121900066,0,0,0
121900067,0,0,0
121900069,0,0,0
121900070,0,0,0
121900071,0,0,0
121900072,0,0,0
121900073,0,0,0
121900074,0,0,0
121900075,0,0,0
121900076,0,0,0
121900078,0,0,0
121900079,0,0,0
121900080,0,0,0
121900082,0,0,0
121900084,0,0,0
121900086,0,0,0
121900087,0,0,0
121900088,0,0,0
121900089,0,0,0
121900090,0,0,0
121900091,0,0,0
121900092,0,0,0
121900093,0,0,0
121900094,0,0,0
121900095,0,0,0
121900096,0,0,0
121900097,0,0,0
121900098,0,0,0
121900099,0,0,0
121900100,0,0,0
121900101,0,0,0
121900102,0,0,0
121900103,0,0,0
121900104,0,0,0
121900105,0,0,0
121900106,0,0,0
121900107,0,0,0
121900108,0,0,0
121900109,0,0,0
121900110,0,0,0
121900111,0,0,0
121900112,0,0,0
121900113,0,0,0
121900114,0,0,0
121900117,0,0,0
121900118,0,0,0
121900119,0,0,0
121900120,0,0,0
121900121,0,0,0
121900122,0,0,0
121900123,0,0,0
121900124,0,0,0
121900125,0,0,0
121900127,0,0,0
121900128,0,0,0
121900129,0,0,0
121900130,0,0,0
121900131,0,0,0
121900132,0,0,0
121900133,0,0,0
121900134,0,0,0
121900135,0,0,0
121900136,0,0,0
121900137,0,0,0
121900138,0,0,0
121900139,0,0,0
121900140,0,0,0
121900141,0,0,0
121900142,0,0,0
121900143,0,0,0
121900144,0,0,0
121900145,0,0,0
121900146,0,0,0
121900147,0,0,0
121900148,0,0,0
121900149,0,0,0
121900150,0,0,0
121900151,0,0,0
121900152,0,0,0
121900153,0,0,0
121900154,0,0,0
121900155,0,0,0
121900156,0,0,0
121900157,0,0,0
121900158,0,0,0
121900159,0,0,0
121900160,0,0,0
121900161,0,0,0
121900162,0,0,0
121900163,0,0,0
121900164,0,0,0
121900165,0,0,0
121900166,0,0,0
121900167,0,0,0
121900168,0,0,0
121900169,0,0,0
121900170,0,0,0
121900171,0,0,0
121900172,0,0,0
121900173,0,0,0
121900174,0,0,0
121900175,0,0,0
121900176,0,0,0
121900177,0,0,0
121900178,0,0,0
121900179,0,0,0
121900180,0,0,0
121900182,0,0,0
121900183,0,0,0
121900184,0,0,0
121900186,0,0,0
121900187,0,0,0
121900188,0,0,0
121900189,0,0,0
121900190,0,0,0
121900191,0,0,0
121900192,0,0,0
121900193,0,0,0
121900194,0,0,0
121900195,0,0,0
121900196,0,0,0
121900197,0,0,0
121900198,0,0,0
121900199,0,0,0
121900200,0,0,0
121900201,0,0,0
121900202,0,0,0
121900203,0,0,0
121900204,0,0,0
121900205,0,0,0
121900206,0,0,0
121900207,0,0,0
121900208,0,0,0
121900209,0,0,0
121900210,0,0,0
121900211,0,0,0
121900212,0,0,0
121900213,0,0,0
121900214,0,0,0
121900215,0,0,0
121900216,0,0,0
121900217,0,0,0
121900218,0,0,0
121900220,0,0,0
121900221,0,0,0
121900222,0,0,0
121900223,0,0,0
121900224,0,0,0
121900225,0,0,0
121900226,0,0,0
121900227,0,0,0
121900228,0,0,0
121900230,0,0,0
121900231,0,0,0
121900232,0,0,0
121900233,0,0,0
121900234,0,0,0
121900235,0,0,0
121900236,0,0,0
121900237,0,0,0
121900238,0,0,0
121900239,0,0,0
121900240,0,0,0
121900241,0,0,0
121900242,0,0,0
121900243,0,0,0
121900244,0,0,0
121900245,0,0,0
121900246,0,0,0
121900248,0,0,0
121900250,0,0,0
121900251,0,0,0
121900252,0,0,0
121900253,0,0,0
121900254,0,0,0
121900255,0,0,0
121900258,0,0,0
121900259,0,0,0
121900260,0,0,0
121900261,0,0,0
121900262,0,0,0
121900263,0,0,0
121900264,0,0,0
121900265,0,0,0
121900266,0,0,0
121900267,0,0,0
121900269,0,0,0
121900270,0,0,0
121900271,0,0,0
121900273,0,0,0
121900274,0,0,0
121900277,0,0,0
121900278,0,0,0
121900279,0,0,0
121900280,0,0,0
121900281,0,0,0
121900284,0,0,0
121900286,0,0,0
121900287,0,0,0
121900288,0,0,0
121900290,0,0,0
121900291,0,0,0
121900292,0,0,0
121900293,0,0,0
121900294,0,0,0
121900295,0,0,0
121900296,0,0,0
121900298,0,0,0
121900299,0,0,0
121900300,0,0,0
121900301,0,0,0
121900302,0,0,0
121900303,0,0,0
121900304,0,0,0
121900305,0,0,0
121900306,0,0,0
121900307,0,0,0
121900308,0,0,0
121900309,0,0,0
121900310,0,0,0
121900311,0,0,0
121900312,0,0,0
121900313,0,0,0
121900314,0,0,0
121900315,0,0,0
121900316,0,0,0
121900317,0,0,0
121900318,0,0,0
121900319,0,0,0
121900320,0,0,0
121900321,0,0,0
121900322,0,0,0
121900323,0,0,0
121900324,0,0,0
121900325,0,0,0
121900326,0,0,0
121900327,0,0,0
121900328,0,0,0
121900329,0,0,0
121900330,0,0,0
121900331,0,0,0
121900332,0,0,0
121900333,0,0,0
121900334,0,0,0
122000001,91,32,59
122000002,2,2,0
122000003,50,43,7
122000004,2,3,-1
122000005,0,0,0
122000006,0,0,0
122000007,0,0,0
122000008,0,0,0
122000009,0,0,0
122000010,0,0,0
122000011,0,0,0
122000012,0,0,0
122000013,0,0,0
122000014,0,0,0
122000015,0,0,0
122000016,0,0,0
122000017,1,1,0
122000018,1,0,1
122000019,0,0,0
122000020,0,0,0
122000021,0,0,0
122000022,0,0,0
122000023,0,0,0
122000024,0,0,0
122000025,0,0,0
122000026,0,0,0
122000027,10,11,-1
122000028,0,0,0
122000029,0,0,0
122000030,0,0,0
122000031,0,0,0
122000032,0,0,0
122000033,0,0,0
122000034,0,3,-3
122000035,0,0,0
122000036,5,18,-13
122000037,0,0,0
122000038,0,0,0
122000039,0,0,0
122000040,0,0,0
122000041,0,0,0
122000042,0,0,0
122000043,0,0,0
122000044,0,0,0
122000045,0,0,0
122000046,0,0,0
122000047,0,0,0
122000048,2,1,1
122000049,73,46,27
122000050,0,0,0
122000051,0,0,0
122000052,0,0,0
122000053,0,0,0
122000054,0,1,-1
122000055,43,85,-42
122000056,0,0,0
122000057,131,171,-40
122000058,22,22,0
122000059,0,0,0
122000060,0,0,0
122000061,0,0,0
122000062,0,0,0
122000063,0,0,0
122000064,0,0,0
122000065,149,117,32
122000066,266,218,48
122000067,278,446,-168
122000068,46,49,-3
122000069,70,96,-26
122000070,0,0,0
122000071,0,0,0
122000072,0,0,0
122000073,0,2,-2
122000074,0,0,0
122000075,0,0,0
122000076,0,0,0
122000077,0,0,0
122000078,0,0,0
122000079,23,51,-28
122000080,0,0,0
122000081,0,0,0
122000082,0,0,0
122000083,0,1,-1
122000084,0,2,-2
122000085,10,32,-22
122000086,44,78,-34
122000087,0,0,0
122000088,0,1,-1
122000089,98,57,41
122000090,0,0,0
122000091,0,0,0
122000092,0,0,0
122000093,14,241,-227
122000094,178,39,139
122000095,124,71,53
122000096,0,0,0
122000098,319,354,-35
122000099,0,0,0
122000100,0,0,0
122000101,0,0,0
122000102,0,0,0
122000103,0,0,0
122000104,0,0,0
122000105,0,0,0
122000106,0,0,0
122000107,0,0,0
122000108,0,2,-2
122000109,0,0,0
122000110,2,0,2
122000111,0,0,0
122000112,0,0,0
122000113,0,0,0
122000114,416,331,85
122000115,530,168,362
122000116,87,13,74
122000117,0,0,0
122000118,0,0,0
122000119,44,64,-20
122000120,35,64,-29
122000121,115,47,68
122000122,12,37,-25
122000123,96,14,82
122000124,31,8,23
122000125,22,43,-21
122000126,12,38,-26
122000127,27,110,-83
122000128,17,38,-21
122000129,0,0,0
122000130,0,0,0
122000131,0,0,0
122000132,0,0,0
122000133,1,1,0
122000134,31,29,2
122000135,28,124,-96
122000136,0,0,0
122000137,0,0,0
122000139,4,6,-2
122000140,0,0,0
122000141,0,0,0
122000142,0,0,0
122000143,0,0,0
122000144,0,0,0
122000145,2,3,-1
122000146,0,0,0
122000147,0,0,0
122000148,326,307,19
122000149,0,0,0
122000150,0,0,0
122000151,1,6,-5
122000152,1,1,0
122000153,0,0,0
122000154,0,0,0
122000155,0,0,0
122000156,562,560,2
122000157,440,360,80
122000158,0,0,0
122000159,0,0,0
122000160,0,0,0
122000161,0,0,0
122000162,0,0,0
122000163,0,0,0
122000164,0,0,0
122000165,0,0,0
122000166,0,0,0
122000167,0,0,0
122000168,0,0,0
122000169,0,0,0
122000170,1,0,1
122000171,0,0,0
122000172,7,39,-32
122000173,9,55,-46
122000174,394,152,242
122000175,0,0,0
122000176,0,0,0
122000177,318,206,112
122000178,0,0,0
122000179,0,0,0
122000180,196,244,-48
122000181,772,346,426
122000182,0,0,0
122000183,12,3,9
122000184,1379,574,805
122000185,326,234,92
122000186,0,0,0
122000187,0,0,0
122000188,2,0,2
122000189,0,0,0
122000190,0,0,0
122000191,0,0,0
122000192,0,0,0
122000193,0,0,0
122000194,0,0,0
122000195,0,0,0
122000196,0,0,0
122000197,0,0,0
122000198,1,1,0
122000199,0,0,0
122000200,0,0,0
122000201,340,370,-30
122000202,426,273,153
122000203,30,54,-24
122000204,20,41,-21
122000205,10,26,-16
122000206,0,0,0
122000207,0,0,0
122000208,0,0,0
122000209,0,0,0
122000210,8,76,-68
122000211,19,52,-33
122000212,86,34,52
122000213,111,80,31
122000214,121,91,30
122000215,0,0,0
122000217,35,65,-30
122000218,0,0,0
122000219,116,146,-30
122000220,20,97,-77
122000221,3,6,-3
122000222,0,0,0
122000223,45,41,4
122000225,86,14,72
122000226,13,80,-67
122000227,2,75,-73
122000228,12,16,-4
122000229,1,28,-27
122000230,0,17,-17
122000231,0,21,-21
122000232,1,19,-18
122000233,0,0,0
122000234,0,0,0
122000235,0,0,0
122000236,0,0,0
122000237,0,0,0
122000238,0,0,0
122000239,0,0,0
122000240,0,0,0
122000241,0,0,0
122000242,0,0,0
122000243,0,0,0
122000244,0,63,-63
122000245,11,22,-11
122000246,0,0,0
122000247,24,62,-38
122000248,51,137,-86
122000249,0,0,0
122000250,0,0,0
122000251,34,10,24
122000252,0,0,0
122000253,3,25,-22
122000254,0,0,0
122000255,0,0,0
122000256,12,160,-148
122000257,8,24,-16
122000258,22,25,-3
122000259,0,17,-17
122000260,0,5,-5
122000261,0,0,0
122000262,0,4,-4
122000263,0,1,-1
122000264,0,0,0
122000265,0,0,0
122000266,0,0,0
122000267,0,0,0
122000268,0,0,0
122000269,0,0,0
122000270,0,0,0
122000271,0,0,0
122000272,0,0,0
122000273,0,0,0
122000274,0,0,0
122000275,0,0,0
122000276,7,10,-3
122000277,38,38,0
122000278,43,35,8
122000279,14,37,-23
122000280,45,65,-20
122000281,32,49,-17
122000282,0,0,0
122000283,0,0,0
122000284,0,0,0
122000285,0,0,0
122000286,1,0,1
122000287,0,0,0
122000288,0,0,0
122000291,46,22,24
122000293,0,0,0
122000294,0,0,0
122000295,0,0,0
122000296,0,0,0
122000297,103,54,49
122000299,28,10,18
122000300,39,99,-60
122000301,63,80,-17
122000302,0,0,0
122000303,161,122,39
122000304,0,2,-2
122000305,0,0,0
122000306,5,157,-152
122000307,49,18,31
122000309,4,9,-5
122000310,2,4,-2
122000311,4,19,-15
122000312,0,0,0
122000313,0,0,0
122000314,0,0,0
122000315,0,0,0
122000316,0,0,0
122000317,0,0,0
122000318,0,0,0
122000319,13,17,-4
122000320,3,18,-15
122000321,10,4,6
122000322,0,1,-1
122000323,3,0,3
122000324,0,0,0
122000325,0,0,0
122000326,0,0,0
122000327,0,0,0
122000328,1,0,1
122000330,0,0,0
122000332,0,6,-6
122000333,0,6,-6
122000337,28,145,-117
122000338,24,38,-14
122000340,0,0,0
122000342,8,39,-31
122000343,0,73,-73
122000344,0,0,0
122000345,0,0,0
122000346,0,0,0
122000348,13,17,-4
122000349,1,43,-42
122000351,0,0,0
122000352,0,0,0
122000353,0,1,-1
122000355,0,0,0
122000356,137,104,33
122000357,0,0,0
122000358,0,0,0
122000359,0,0,0
122000360,0,0,0
122000362,0,0,0
122000364,0,0,0
122000365,0,0,0
122000366,0,0,0
122000368,0,0,0
122000370,0,0,0
122000371,0,0,0
122000372,0,0,0
122000381,0,0,0
122000382,0,0,0
122000384,18,12,6
122000385,0,0,0
122000386,0,0,0
122000387,0,1,-1
122000388,0,0,0
122000389,0,0,0
122000390,0,0,0
122000391,0,0,0
122000392,0,0,0
122000393,0,0,0
122000394,0,0,0
122000395,0,0,0
122000396,0,0,0
122000397,1,2,-1
122000398,0,0,0
122000399,0,0,0
122000400,0,0,0
122000401,0,0,0
122000402,0,0,0
122000403,61,147,-86
122000404,0,0,0
122000408,20,35,-15
122000503,0,0,0
122000524,0,0,0
122000544,0,0,0
122000614,0,0,0
122000616,103,8,95
122000640,0,0,0
122000641,0,0,0
122000642,0,0,0
122000643,0,0,0
122000644,1,0,1
122000645,1,16,-15
122000651,0,0,0
122000664,0,0,0
122000665,8,11,-3
122000666,0,0,0
122000673,31,95,-64
122000674,1,0,1
122000675,71,103,-32
122000686,0,0,0
122000687,4,26,-22
122000688,0,0,0
122000689,13,21,-8
122000690,19,29,-10
122000691,0,0,0
122000692,15,20,-5
122000693,0,0,0
122000695,20,54,-34
122000696,0,0,0
122000698,19,61,-42
122000699,0,0,0
122000701,17,27,-10
122000702,0,0,0
122000703,0,0,0
122000712,0,0,0
122000717,16,4,12
122000718,0,0,0
122000719,0,0,0
122000720,0,0,0
122000724,0,0,0
122900001,0,0,0
122900002,0,0,0
122900003,0,0,0
122900004,0,0,0
122900005,0,0,0
122900006,0,0,0
122900007,0,0,0
122900008,0,0,0
122900009,0,0,0
122900010,0,0,0
122900012,0,0,0
122900014,0,0,0
122900015,0,0,0
122900016,0,0,0
122900017,0,0,0
122900018,0,0,0
122900019,0,0,0
122900020,0,0,0
122900021,0,0,0
122900022,0,0,0
122900023,0,0,0
122900024,0,0,0
122900025,0,0,0
122900026,0,0,0
122900027,0,0,0
122900028,0,0,0
122900029,0,0,0
122900030,0,0,0
122900031,0,0,0
122900032,0,0,0
122900033,0,0,0
122900034,0,0,0
122900035,0,0,0
122900036,0,0,0
122900037,0,0,0
122900038,0,0,0
122900039,0,0,0
122900040,0,0,0
122900041,0,0,0
122900042,0,0,0
122900043,0,0,0
122900044,0,0,0
122900045,0,0,0
122900046,0,0,0
122900047,0,0,0
122900048,0,0,0
122900049,0,0,0
122900051,0,0,0
122900052,0,0,0
122900053,0,0,0
122900055,0,0,0
122900057,0,0,0
122900061,0,0,0
122900062,0,0,0
122900063,0,0,0
122900064,0,0,0
122900065,0,0,0
122900066,0,0,0
122900067,0,0,0
122900069,0,0,0
122900070,0,0,0
122900071,0,0,0
122900073,0,0,0
122900074,0,0,0
122900075,0,0,0
122900076,0,0,0
122900077,0,0,0
122900078,0,0,0
122900080,0,0,0
122900081,0,0,0
122900082,0,0,0
122900083,0,0,0
122900084,0,0,0
122900086,0,0,0
122900087,0,0,0
122900088,0,0,0
122900089,0,0,0
122900090,0,0,0
122900091,0,0,0
122900092,0,0,0
122900093,0,0,0
122900094,0,0,0
122900095,0,0,0
122900096,0,0,0
122900097,0,0,0
122900098,0,0,0
122900099,0,0,0
122900100,0,0,0
122900101,0,0,0
122900102,0,0,0
122900103,0,0,0
122900104,0,0,0
122900105,0,0,0
122900106,0,0,0
122900107,0,0,0
122900108,0,0,0
122900109,0,0,0
123000001,68,58,10
123000002,197,186,11
123000003,199,133,66
123000004,434,737,-303
123000005,84,148,-64
123000006,185,493,-308
123000007,98,105,-7
123000008,270,719,-449
123000009,381,152,229
123000010,650,1033,-383
123000011,182,134,48
123000012,281,700,-419
123000013,110,44,66
123000014,266,579,-313
123000015,1131,28,1103
123000016,988,563,425
123000017,0,0,0
123000018,0,0,0
123000019,0,0,0
123000020,0,0,0
123000021,0,0,0
123000022,0,0,0
123000023,0,0,0
123000024,0,0,0
123000025,0,0,0
123000026,0,0,0
123000027,1,2,-1
123000028,0,0,0
123000029,1,2,-1
123000030,0,8,-8
123000031,0,0,0
123000032,0,0,0
123000033,0,0,0
123000034,0,0,0
123000035,0,0,0
123000036,0,0,0
123000037,6,12,-6
123000038,0,0,0
123000039,0,0,0
123000040,6,9,-3
123000041,0,0,0
123000042,12,13,-1
123000043,0,0,0
123000044,22,9,13
123000045,128,85,43
123000046,0,0,0
123000047,0,0,0
123000048,0,0,0
123000049,250,93,157
123000050,41,44,-3
123000051,0,0,0
123000052,45,63,-18
123000053,203,76,127
123000054,92,18,74
123000055,16,82,-66
123000056,98,282,-184
123000057,265,430,-165
123000058,1,1,0
123000059,0,0,0
123000060,1,0,1
123000061,0,0,0
123000063,1,1,0
123000064,0,0,0
123000065,58,116,-58
123000066,9,9,0
123000067,0,0,0
123000068,185,399,-214
123000069,543,447,96
123000070,0,0,0
123000071,0,0,0
123000072,22,26,-4
123000073,0,0,0
123000074,32,10,22
123000075,0,0,0
123000076,0,1,-1
123000077,32,56,-24
123000078,0,0,0
123000079,0,0,0
123000080,19,38,-19
123000081,0,0,0
123000082,0,0,0
123000083,0,0,0
123000084,2,13,-11
123000085,0,0,0
123000086,0,0,0
123000087,0,0,0
123000088,0,1,-1
123000089,0,0,0
123000090,36,55,-19
123000091,0,0,0
123000092,16,43,-27
123000094,0,0,0
123000095,0,0,0
123000096,0,0,0
123000097,0,2,-2
123000098,0,0,0
123000099,0,1,-1
123000100,0,0,0
123000101,0,0,0
123000102,0,2,-2
123000104,0,0,0
123000105,1,0,1
123000106,0,0,0
123000107,4,1,3
123000108,0,0,0
123000111,0,0,0
123000112,0,0,0
123000113,0,2,-2
123000114,0,0,0
123000115,0,2,-2
123000116,0,0,0
123000117,0,2,-2
123000118,0,0,0
123000119,0,0,0
123000120,0,0,0
123000121,0,0,0
123000122,5,6,-1
123000123,0,0,0
123000124,5,11,-6
123000125,1,0,1
123000126,0,0,0
123000127,238,166,72
123000128,1,8,-7
123000129,0,0,0
123000130,0,0,0
123000131,0,0,0
123000132,5,12,-7
123000133,7,33,-26
123000134,2,0,2
123000135,0,0,0
123000136,0,0,0
123000137,0,0,0
123000138,0,1,-1
123000139,0,0,0
123000140,0,3,-3
123000141,0,0,0
123000142,35,53,-18
123000143,19,160,-141
123000144,0,0,0
123000145,0,0,0
123000146,0,0,0
123000147,0,0,0
123000149,0,0,0
123000150,0,0,0
123000151,3,4,-1
123000152,2,31,-29
123000153,0,0,0
123000154,0,0,0
123000155,18,27,-9
123000156,0,0,0
123000157,7,43,-36
123000158,0,0,0
123000159,0,0,0
123000160,0,0,0
123000161,0,0,0
123000162,0,0,0
123000163,0,0,0
123000164,0,0,0
123000165,0,4,-4
123000166,0,0,0
123000167,0,0,0
123000168,0,0,0
123000169,0,0,0
123000170,0,1,-1
123000171,0,1,-1
123000172,0,2,-2
123000173,0,0,0
123000174,0,0,0
123000175,0,0,0
123000176,0,0,0
123000177,0,4,-4
123000178,0,0,0
123000179,0,0,0
123000180,0,0,0
123000181,0,12,-12
123000183,0,0,0
123000184,0,0,0
123000186,0,23,-23
123000187,0,0,0
123000188,0,0,0
123000189,0,0,0
123000190,0,0,0
123000192,0,0,0
123000193,0,1,-1
123000194,0,0,0
123000195,0,0,0
123000196,0,0,0
123000197,0,0,0
123000198,0,1,-1
123000199,0,0,0
123000200,0,0,0
123000201,0,0,0
123000202,0,3,-3
123000203,0,0,0
123000204,0,1,-1
123000205,0,1,-1
123000206,0,0,0
123000207,0,1,-1
123000208,0,0,0
123000209,0,0,0
123000210,0,0,0
123000211,0,2,-2
123000212,0,0,0
123000213,0,0,0
123000215,325,4,321
123000216,0,0,0
123000217,0,0,0
123000218,3,19,-16
123000219,0,0,0
123000220,0,0,0
123000221,0,0,0
123000222,0,0,0
123000223,0,0,0
123000224,0,0,0
123000225,0,1,-1
123000226,0,7,-7
123000227,2,4,-2
123000228,0,0,0
123000229,24,74,-50
123000232,3,25,-22
123000233,0,0,0
123000234,6,41,-35
123000235,0,0,0
123000236,3,17,-14
123000237,0,0,0
123000238,4,20,-16
123000239,3,72,-69
123000240,0,4,-4
123000241,0,0,0
123000242,0,0,0
123000243,50,107,-57
123000244,19,149,-130
123000245,2,53,-51
123000249,1844,212,1632
123000252,0,0,0
123000253,0,0,0
123000254,0,2,-2
123000255,0,0,0
123000256,0,2,-2
123000257,0,10,-10
123000258,1,4,-3
123000259,0,0,0
123000260,0,0,0
123000261,1,0,1
123000262,0,0,0
123000263,0,0,0
123000264,0,0,0
123000265,0,0,0
123000266,0,1,-1
123000267,0,0,0
123000268,0,0,0
123000269,0,0,0
123000270,0,0,0
123000271,0,0,0
123000272,0,0,0
123000273,0,0,0
123000274,0,0,0
123000275,1,25,-24
123000278,2,0,2
123000279,0,0,0
123000280,0,0,0
123000281,0,0,0
123000282,0,0,0
123000283,0,0,0
123000284,0,0,0
123000286,0,0,0
123000287,0,0,0
123000288,0,0,0
123000289,0,0,0
123000291,4,24,-20
123000294,0,0,0
123000295,110,82,28
123000296,26,14,12
123000297,0,0,0
123000298,0,0,0
123000299,0,0,0
123000300,0,0,0
123000301,1,0,1
123000302,0,0,0
123000303,0,0,0
123000305,11,19,-8
123000306,0,4,-4
123000309,0,0,0
123000310,0,0,0
123000311,0,33,-33
123000312,0,0,0
123000313,0,0,0
123000315,0,0,0
123000316,629,8,621
123000317,0,0,0
123000318,0,0,0
123000329,3,2,1
123000337,0,0,0
123000338,0,0,0
123000339,1,17,-16
123000340,0,0,0
123000342,0,6,-6
123000343,0,0,0
123000344,1,3,-2
123000345,0,1,-1
123000346,0,0,0
123000352,2,24,-22
123000353,0,2,-2
123000354,0,0,0
123000355,0,28,-28
123000356,0,0,0
123000357,0,0,0
123000359,0,2,-2
123000360,0,0,0
123000361,2,14,-12
123000362,0,1,-1
123000363,0,3,-3
123000364,0,0,0
123000365,0,4,-4
123000366,0,0,0
123000367,0,1,-1
123000370,0,2,-2
123000371,0,0,0
123000372,0,0,0
123000373,0,17,-17
123000374,0,11,-11
123000375,0,0,0
123000376,0,0,0
123000377,0,0,0
123000378,0,17,-17
123000379,1,5,-4
123000380,0,21,-21
123000381,0,0,0
123000382,0,0,0
123000383,3,96,-93
123000384,0,0,0
123000385,5,45,-40
123000436,235,325,-90
123000507,0,0,0
123000508,0,1,-1
123000517,0,0,0
123000518,0,0,0
123000519,0,0,0
123000520,0,0,0
123000521,0,0,0
123000522,0,0,0
123000541,0,0,0
123000542,0,4,-4
123000565,0,0,0
123000566,0,0,0
123000567,0,0,0
123000573,11,93,-82
123000574,0,0,0
123000575,28,126,-98
123000576,8,93,-85
123000577,13,104,-91
123000578,0,0,0
123000579,0,0,0
123000580,0,0,0
123000582,0,0,0
123000583,2,17,-15
123000584,0,0,0
123000585,0,1,-1
123000586,0,0,0
123000596,0,0,0
123000597,0,0,0
123000602,0,0,0
123000603,0,0,0
123000604,24,109,-85
123000605,1203,22,1181
123000606,2,543,-541
123000609,0,0,0
123000610,0,0,0
123000613,30,32,-2
123000614,0,0,0
123000615,27,26,1
123000616,0,0,0
123000617,15,28,-13
123000618,14,42,-28
123000619,0,0,0
123000620,13,36,-23
123000622,0,0,0
123000624,0,0,0
123000630,0,0,0
123000631,14,161,-147
123000632,0,0,0
123000633,1,343,-342
123000634,0,0,0
123000635,0,1,-1
123000636,0,2,-2
123000637,0,0,0
123000638,0,0,0
123000639,0,0,0
123000640,0,12,-12
123000648,0,0,0
123000649,0,0,0
123000650,0,0,0
123000651,0,0,0
123900001,0,0,0
123900002,0,0,0
123900003,0,0,0
123900005,0,0,0
123900006,0,0,0
124000001,373,0,373
124000002,34,133,-99
124000003,14,3,11
124000004,2,58,-56
124000005,32,2,30
124000006,33,132,-99
124000007,0,0,0
124000008,1,54,-53
124000009,0,0,0
124000010,3,43,-40
124000011,0,0,0
124000012,8,52,-44
124000017,0,0,0
124000018,9,5,4
124000019,0,0,0
124000020,5,27,-22
124000021,0,0,0
124000022,9,29,-20
124000023,161,63,98
124000024,5,27,-22
124000025,51,23,28
124000026,3,25,-22
124000027,270,56,214
124000028,151,377,-226
124000030,281,267,14
124000031,125,4,121
124000032,64,168,-104
124000033,169,2,167
124000034,18,189,-171
124000035,14,1,13
124000036,10,120,-110
124000037,20,6,14
124000038,3,20,-17
124000039,89,24,65
124000040,26,71,-45
124000041,35,15,20
124000042,7,48,-41
124000043,14,18,-4
124000044,12,40,-28
124000045,0,0,0
124000046,23,73,-50
124000047,0,0,0
124000048,26,77,-51
124000049,0,0,0
124000050,27,111,-84
124000051,0,0,0
124000052,16,58,-42
124000053,0,0,0
124000054,43,32,11
124000055,0,0,0
124000056,49,115,-66
124000057,0,0,0
124000058,19,89,-70
124000059,0,0,0
124000060,95,32,63
124000061,0,0,0
124000062,163,67,96
124000063,99,237,-138
124000064,77,202,-125
124000065,1,25,-24
124000066,0,0,0
124000067,0,0,0
124000068,1,6,-5
124000069,0,0,0
124000070,6,31,-25
124000071,0,0,0
124000072,11,16,-5
124000073,0,0,0
124000074,17,24,-7
124000075,0,0,0
124000076,0,16,-16
124000077,29,34,-5
124000078,0,0,0
124000079,54,53,1
124000080,0,0,0
124000081,3,55,-52
124000082,0,0,0
124000083,3,27,-24
124000084,0,0,0
124000085,0,0,0
124000086,0,0,0
124000087,0,0,0
124000088,0,0,0
124000089,0,0,0
124000090,2,15,-13
124000091,0,0,0
124000092,0,24,-24
124000093,0,0,0
124000094,0,0,0
124000095,0,0,0
124000096,0,0,0
124000097,0,0,0
124000098,0,0,0
124000099,0,0,0
124000100,0,4,-4
124000101,0,0,0
124000102,0,0,0
124000103,0,0,0
124000104,0,0,0
124000105,0,0,0
124000106,0,0,0
124000107,0,0,0
124000108,0,0,0
124000109,0,0,0
124000110,0,0,0
124000111,0,0,0
124000112,0,0,0
124000113,0,0,0
124000114,0,0,0
124000115,0,0,0
124000116,0,0,0
124000117,0,0,0
124000118,0,0,0
124000119,0,0,0
124000120,0,0,0
124000121,3,26,-23
124000122,186,77,109
124000123,18,7,11
124000124,15,118,-103
124000125,11,4,7
124000126,23,81,-58
124000127,20,14,6
124000128,32,111,-79
124000129,38,24,14
124000130,49,58,-9
124000131,61,62,-1
124000132,93,105,-12
124000133,0,0,0
124000134,18,38,-20
124000135,0,0,0
124000136,9,44,-35
124000137,0,0,0
124000138,26,43,-17
124000139,0,0,0
124000140,0,7,-7
124000141,0,0,0
124000142,0,5,-5
124000143,0,0,0
124000144,0,0,0
124000145,0,0,0
124000146,0,0,0
124000148,0,0,0
124000149,0,0,0
124000150,7,25,-18
124000151,0,0,0
124000152,20,39,-19
124000153,0,0,0
124000154,11,47,-36
124000155,0,0,0
124000156,57,38,19
124000169,0,0,0
124000170,0,0,0
124000171,0,0,0
124000172,0,0,0
124000173,0,0,0
124000174,0,0,0
124000175,0,14,-14
124000176,0,0,0
124000177,3,5,-2
124000178,0,0,0
124000185,0,0,0
124000186,0,0,0
124000187,0,0,0
124000188,0,0,0
124000190,0,0,0
124000191,1,1,0
124000192,0,0,0
124000193,13,55,-42
124000194,30,72,-42
124000195,8,13,-5
124000196,28,120,-92
124000197,0,0,0
124000198,0,0,0
124000201,2,66,-64
124000202,0,0,0
124000203,5,87,-82
124000204,0,0,0
124000205,0,63,-63
124000206,0,0,0
124000207,0,32,-32
124000209,11,49,-38
124000210,1,41,-40
124000211,0,0,0
124000212,2,63,-61
124000213,3,52,-49
124000214,0,0,0
124000215,0,0,0
124000216,0,35,-35
124000329,2,59,-57
124000338,3,16,-13
124000339,0,0,0
124000341,0,0,0
124000344,0,1,-1
124000357,0,0,0
124000358,0,0,0
124000359,0,0,0
124000360,0,0,0
124000361,0,0,0
124000362,144,279,-135
124000363,41,91,-50
124000364,84,183,-99
124000365,329,587,-258
124000366,112,392,-280
124000367,11,61,-50
124000368,0,0,0
124000369,0,0,0
124000370,6,60,-54
124000402,0,0,0
124000403,0,0,0
124000404,0,0,0
124000405,31,11,20
124000406,34,124,-90
124000407,0,0,0
124000411,0,14,-14
124000412,0,0,0
124000413,0,0,0
124000414,0,0,0
124000415,0,0,0
124000416,0,0,0
124000417,0,0,0
124000418,0,0,0
124000419,0,0,0
124000420,0,0,0
124000421,0,0,0
124000422,0,0,0
124000423,0,0,0
124000424,0,2,-2
124000425,0,0,0
124000426,0,5,-5
124000427,0,0,0
124000428,1,1,0
124000429,0,103,-103
124000430,0,0,0
124000431,0,0,0
124000432,0,0,0
124000439,0,0,0
124000443,2,3,-1
124000445,0,0,0
124000446,1,1,0
124000447,0,0,0
124000448,0,0,0
124000449,0,0,0
124000450,0,0,0
124000451,0,0,0
124900001,0,0,0
124900002,0,0,0
124900003,0,0,0
124900004,0,0,0
124900005,0,0,0
124900006,0,0,0
124900008,0,0,0
124900009,0,0,0
124900010,0,0,0
124900011,0,0,0
124900012,0,0,0
124900013,0,0,0
124900014,0,0,0
124900015,0,0,0
124900016,0,0,0
124900017,0,0,0
124900018,0,0,0
124900020,0,0,0
124900021,0,0,0
124900022,0,0,0
124900024,0,0,0
124900026,0,0,0
124900027,0,0,0
124900028,0,0,0
124900029,0,0,0
124900030,0,0,0
124900031,0,0,0
124900032,0,0,0
124900033,0,0,0
124900034,0,0,0
124900035,0,0,0
124900036,0,0,0
124900037,0,0,0
124900039,0,0,0
124900040,0,0,0
124900042,0,0,0
124900043,0,0,0
124900044,0,0,0
124900045,0,0,0
124900047,0,0,0
124900048,0,0,0
124900050,0,0,0
124900052,0,0,0
124900053,0,0,0
124900054,0,0,0
124900055,0,0,0
124900057,0,0,0
124900060,0,0,0
124900061,0,0,0
124900062,0,0,0
124900066,0,0,0
124900067,0,0,0
124900068,0,0,0
124900070,0,0,0
124900072,0,0,0
124900075,0,0,0
124900076,0,0,0
124900077,0,0,0
124900078,0,0,0
124900079,0,0,0
124900080,0,0,0
124900081,0,0,0
124900082,0,0,0
124900083,0,0,0
124900085,0,0,0
124900086,0,0,0
124900087,0,0,0
124900088,0,0,0
124900089,0,0,0
124900090,0,0,0
124900091,0,0,0
124900092,0,0,0
124900093,0,0,0
124900094,0,0,0
124900095,0,0,0
124900096,0,0,0
124900097,0,0,0
124900098,0,0,0
124900099,0,0,0
124900100,0,0,0
124900101,0,0,0
124900102,0,0,0
124900103,0,0,0
124900104,0,0,0
124900105,0,0,0
124900106,0,0,0
124900107,0,0,0
124900108,0,0,0
124900111,0,0,0
124900112,0,0,0
124900113,0,0,0
124900114,0,0,0
124900115,0,0,0
124900116,0,0,0
124900117,0,0,0
124900118,0,0,0
124900119,0,0,0
124900120,0,0,0
124900121,0,0,0
124900122,0,0,0
124900123,0,0,0
124900124,0,0,0
204000001,0,0,0
204000002,0,0,0
204000003,0,0,0
204000004,0,0,0
204000005,0,0,0
204000006,0,0,0
204000011,34,151,-117
204000012,8,103,-95
204000019,0,0,0
204000020,0,0,0
204000021,1,0,1
204000022,1,0,1
204000023,244,662,-418
204000031,0,0,0
204000032,0,0,0
204000034,40,123,-83
204000035,1,1,0
204000036,3,2,1
204000037,1,0,1
204000038,0,1,-1
204000039,3,4,-1
204000040,0,2,-2
204000041,4,3,1
204000042,0,0,0
204000043,0,0,0
204000044,0,0,0
204000045,0,0,0
204000046,0,0,0
204000057,1,3,-2
204000062,13,20,-7
204000068,36,74,-38
204000069,12,21,-9
204000070,0,0,0
204000080,18,91,-73
204000085,161,346,-185
204000086,353,563,-210
204000087,0,0,0
204000088,16,148,-132
204000090,24,85,-61
204000093,0,0,0
204000096,0,0,0
204000097,0,0,0
204000099,0,0,0
204000100,0,0,0
204000105,252,436,-184
204000110,79,481,-402
204000111,78,213,-135
204000112,67,163,-96
204000113,74,109,-35
204000114,0,0,0
204000115,0,0,0
204000116,0,2,-2
204000119,0,0,0
204000132,0,0,0
204000133,0,0,0
204000134,0,0,0
204000135,0,0,0
204000136,0,0,0
204000138,0,0,0
204000140,0,0,0
204000141,0,0,0
204000144,0,0,0
204000145,0,0,0
204000146,22,51,-29
204000147,18,58,-40
204000148,0,0,0
204000154,0,0,0
204000155,0,0,0
204000177,0,0,0
204000179,0,0,0
204000180,0,51,-51
204000222,0,0,0
204000235,1,8,-7
204000236,7,78,-71
204000238,0,0,0
204000240,13,7,6
204000263,113,306,-193
204000268,0,0,0
204000308,0,0,0
204000317,7,18,-11
204000322,7,6,1
204000323,0,0,0
204000328,0,0,0
204000329,30,29,1
204000330,0,0,0
204000331,47,53,-6
205000001,347,371,-24
205000013,0,76,-76
205000014,3,79,-76
205000015,3,80,-77
205000016,4,50,-46
205000017,6,17,-11
205000022,83,249,-166
205000025,195,430,-235
205000029,1,1,0
205000045,32,78,-46
205000046,15,144,-129
205000047,33,107,-74
205000048,104,296,-192
205000049,29,297,-268
205000050,79,177,-98
205000059,0,89,-89
205000060,0,7,-7
205000061,0,4,-4
205000062,0,5,-5
205000063,5,27,-22
205000064,0,25,-25
205000065,10,160,-150
205000066,8,82,-74
205000067,1,150,-149
205000069,3,2,1
205000082,0,0,0
205000110,8,124,-116
205000111,53,197,-144
205000112,0,0,0
205000113,47,100,-53
205000121,0,0,0
205000123,97,75,22
205000126,0,0,0
205000127,0,0,0
205000128,0,0,0
205000129,0,0,0
205000130,0,0,0
205000131,0,0,0
205000132,0,0,0
205000133,0,0,0
205000134,0,0,0
205000137,30,76,-46
205000138,40,94,-54
205000139,8,30,-22
205000144,0,0,0
205000145,0,0,0
205000151,0,0,0
205000152,0,0,0
205000153,0,0,0
205000154,0,0,0
205000155,0,0,0
205000207,150,371,-221
205000233,0,0,0
205000234,0,0,0
205000243,0,0,0
205000244,0,1,-1
205000245,10,116,-106
205000249,0,1,-1
205000250,0,0,0
205000264,1,23,-22
206000027,0,0,0
206000028,0,0,0
206000043,0,12,-12
206000053,6,18,-12
206000054,2,12,-10
206000055,1,10,-9
206000075,0,0,0
206000076,0,0,0
206000077,0,0,0
206000078,0,0,0
206000079,0,0,0
206000082,0,0,0
206000100,3,52,-49
206000103,13,39,-26
206000104,29,31,-2
206000105,4,19,-15
206000106,22,45,-23
206000125,0,0,0
206000157,115,492,-377
206000170,2,200,-198
206000171,5,91,-86
206000172,0,105,-105
206000173,1,33,-32
206000174,1,38,-37
206000175,0,44,-44
206000176,5,70,-65
206000177,2,53,-51
206000178,1,49,-48
206000179,1,13,-12
206000180,3,10,-7
206000181,1,22,-21
206000182,3,21,-18
206000183,3,32,-29
206000184,2,64,-62
206000185,4,31,-27
206000186,35,198,-163
206000223,9,41,-32
206000226,0,0,0
206000227,0,0,0
206000237,6,67,-61
206000238,16,94,-78
206000239,150,185,-35
206000240,3,60,-57
206000241,0,81,-81
206000242,10,96,-86
206000243,3,82,-79
206000244,36,103,-67
206000245,0,0,0
206000246,0,0,0
206000247,0,0,0
206000248,0,0,0
206000252,0,0,0
206000258,7,34,-27
206000315,0,0,0
206000317,0,0,0
206000318,0,0,0
206000319,0,0,0
206000320,0,0,0
206000321,0,0,0
206000322,0,0,0
206000323,0,0,0
206000324,0,0,0
206000325,0,0,0
206000326,0,0,0
206000327,0,0,0
206000328,0,0,0
206000329,0,0,0
206000330,0,0,0
206000331,0,0,0
206000332,0,0,0
206000333,0,0,0
206000334,0,0,0
206000335,1,14,-13
206000361,6,149,-143
206000392,1,17,-16
206000405,0,0,0
206000441,0,0,0
206000498,0,2,-2
206000515,0,0,0
206000530,0,0,0
206000531,0,0,0
206000532,0,0,0
206000535,0,2,-2
206000536,0,0,0
206000537,0,0,0
206000613,0,0,0
206000784,11,0,11
207000001,58,211,-153
207000002,26,166,-140
207000003,19,110,-91
207000007,0,0,0
207000008,0,0,0
207000009,0,0,0
207000010,21,24,-3
207000012,0,0,0
207000015,42,40,2
207000019,0,0,0
207000021,0,0,0
207000022,0,0,0
207000023,0,0,0
207000024,0,0,0
207000025,0,0,0
207000026,48,119,-71
207000027,5,85,-80
207000028,20,116,-96
207000029,58,219,-161
207000033,0,0,0
207000034,0,0,0
207000039,0,0,0
207000040,0,0,0
207000041,0,0,0
207000042,0,0,0
207000043,0,0,0
207000051,10,62,-52
207000052,0,20,-20
207000053,117,370,-253
207000054,10,53,-43
207000055,23,34,-11
207000056,58,141,-83
207000057,68,93,-25
207000058,45,150,-105
207000059,23,154,-131
207000060,5,23,-18
207000061,0,0,0
207000062,0,0,0
207000063,0,0,0
207000064,0,0,0
207000065,0,0,0
207000066,0,0,0
207000067,0,0,0
207000068,0,0,0
207000069,0,0,0
207000082,0,0,0
207000083,3,9,-6
207000084,0,0,0
207000085,0,0,0
207000086,0,0,0
207000106,0,0,0
207000107,0,0,0
207000108,0,0,0
207000109,0,0,0
207000110,0,0,0
207000111,0,0,0
207000112,0,0,0
207000114,3,7,-4
207000115,2,16,-14
207000116,3,46,-43
207000117,2,15,-13
207000118,0,16,-16
207000119,4,37,-33
207000123,0,0,0
207000124,0,0,0
207000125,0,0,0
207000126,0,0,0
207000134,0,0,0
207000135,0,0,0
207000148,0,0,0
207000149,11,9,2
207000152,40,148,-108
207000153,580,547,33
207000154,0,0,0
207000159,5,24,-19
207000160,17,49,-32
207000238,0,27,-27
207000242,1,50,-49
207000248,6,3,3
207000249,17,28,-11
207000250,18,18,0
207000251,10,16,-6
207000252,9,15,-6
207000278,0,0,0
207000279,7,20,-13
207000280,0,0,0
207000281,5,23,-18
207000282,0,0,0
207000283,0,3,-3
207000284,0,0,0
207000285,0,0,0
207000291,3,20,-17
207000304,0,0,0
207000306,25,205,-180
207000310,0,0,0
207000353,0,0,0
207000356,3,0,3
207000357,0,0,0
207000358,0,0,0
207000415,1,63,-62
207000417,0,0,0
207000418,0,0,0
207000438,0,1,-1
207000439,0,0,0
207000446,0,0,0
207000460,0,0,0
207000466,20,41,-21
207000467,0,0,0
207000468,6,34,-28
207000476,0,0,0
207000477,0,0,0
207000478,0,0,0
207000523,0,16,-16
207000524,0,1,-1
207000527,0,0,0
207000530,0,0,0
207000531,0,0,0
207000532,0,0,0
207000534,0,0,0
207000535,14,52,-38
207000537,6,19,-13
207000540,0,31,-31
207000541,0,60,-60
207000548,1,59,-58
207000549,0,0,0
207000561,0,0,0
207000562,9,24,-15
207000567,62,116,-54
207000568,0,0,0
207000569,0,0,0
207000584,66,17,49
207000585,0,0,0
207000587,0,0,0
207000616,0,73,-73
207000617,0,0,0
207000624,0,0,0
207000631,0,0,0
207900008,0,0,0
208000001,0,0,0
208000002,0,0,0
208000003,0,0,0
208000004,0,0,0
208000005,0,12,-12
208000019,0,0,0
208000020,0,0,0
208000021,0,2,-2
208000022,4,4,0
208000028,0,0,0
208000033,0,5,-5
208000034,2,2,0
208000037,0,0,0
208000040,0,0,0
208000041,0,0,0
208000042,0,0,0
208000047,6,11,-5
208000064,0,0,0
208000066,0,0,0
208000070,0,0,0
208000071,0,0,0
208000072,0,0,0
208000080,0,0,0
208000081,0,0,0
208000082,22,49,-27
208000083,24,111,-87
208000084,0,0,0
208000085,102,99,3
208000086,62,178,-116
208000087,30,92,-62
208000089,26,29,-3
208000090,11,27,-16
208000093,3,3,0
208000094,15,7,8
208000095,12,16,-4
208000104,0,0,0
208000105,0,0,0
208000114,0,0,0
208000115,24,171,-147
208000116,0,0,0
208000117,0,0,0
208000118,0,0,0
208000155,59,294,-235
208000158,108,92,16
208000186,0,0,0
208000204,11,35,-24
208000205,36,30,6
208000282,157,59,98
209000004,0,0,0
209000005,0,0,0
209000006,0,0,0
209000007,0,0,0
209000010,74,23,51
209000011,36,37,-1
209000012,37,78,-41
209000013,22,62,-40
209000014,119,227,-108
209000025,0,0,0
209000026,0,0,0
209000027,54,183,-129
209000028,72,186,-114
209000029,85,165,-80
209000030,66,256,-190
209000031,608,799,-191
209000034,0,0,0
209000035,0,0,0
209000036,0,0,0
209000037,0,0,0
209000038,0,0,0
209000039,0,0,0
209000040,4,43,-39
209000041,6,31,-25
209000042,9,24,-15
209000043,4,7,-3
209000044,5,26,-21
209000045,27,85,-58
209000046,38,129,-91
209000047,35,45,-10
209000048,17,39,-22
209000049,58,80,-22
209000050,73,110,-37
209000051,101,100,1
209000052,32,109,-77
209000062,3,57,-54
209000063,15,34,-19
209000064,11,51,-40
209000065,0,0,0
209000066,0,0,0
209000067,0,0,0
209000080,7,42,-35
209000082,0,0,0
209000091,4,27,-23
209000093,25,15,10
209000094,170,88,82
209000110,0,0,0
209000111,20,39,-19
209000112,14,30,-16
209000113,18,5,13
209000114,2,0,2
209000115,33,28,5
209000116,350,211,139
209000118,0,0,0
209000119,15,9,6
209000121,51,131,-80
209000135,0,0,0
209000142,77,25,52
209000143,9,14,-5
209000144,0,0,0
209000229,28,70,-42
209000240,4,62,-58
209000259,62,92,-30
209000260,3,77,-74
209000261,0,16,-16
209000262,0,13,-13
209000263,0,1,-1
209000264,0,0,0
209000265,0,0,0
209000266,0,0,0
209000267,0,0,0
209000268,0,0,0
210000037,0,0,0
210000047,0,0,0
210000048,0,0,0
210000049,0,0,0
210000052,1,19,-18
210000053,2,8,-6
210000054,8,10,-2
210000070,0,0,0
210000071,0,0,0
210000072,0,0,0
210000073,0,16,-16
210000074,0,60,-60
210000075,1,18,-17
210000076,1,40,-39
210000077,0,16,-16
210000078,0,8,-8
210000079,0,0,0
210000080,0,0,0
210000081,0,0,0
210000082,0,0,0
210000083,0,0,0
210000084,0,0,0
210000085,0,13,-13
210000086,0,24,-24
210000099,9,85,-76
210000100,20,56,-36
210000101,19,101,-82
210000105,7,21,-14
210000159,0,18,-18
210000163,19,45,-26
210000164,0,0,0
210000168,0,0,0
210000187,0,11,-11
210000188,0,11,-11
210000214,0,0,0
210000219,0,0,0
210000220,0,0,0
210000232,1,6,-5
210000233,1,5,-4
210000234,1,15,-14
210000235,9,18,-9
210000245,1,11,-10
210000246,0,0,0
210000258,0,22,-22
210000259,0,0,0
210000282,6,35,-29
210000285,0,25,-25
210000286,2,32,-30
210000290,0,0,0
210000295,6,7,-1
210000296,2,5,-3
210000320,0,0,0
210000321,0,0,0
210000338,7,21,-14
210000339,89,195,-106
210000340,28,60,-32
210000341,17,52,-35
210000342,18,54,-36
210000343,80,88,-8
210000344,20,42,-22
210000345,26,80,-54
210000346,7,40,-33
210000347,3,11,-8
210000348,8,8,0
210000349,13,15,-2
210000350,47,44,3
210000351,27,38,-11
210000352,0,0,0
210000353,0,0,0
210000354,0,0,0
210000355,0,0,0
210000356,0,0,0
210000357,0,0,0
210000358,0,0,0
210000359,0,0,0
210000360,0,0,0
210000361,0,0,0
210000362,0,0,0
210000363,0,0,0
210000364,0,0,0
210000365,0,0,0
210000366,0,0,0
210000367,0,0,0
210000368,0,0,0
210000369,0,0,0
210000370,0,0,0
210000372,0,0,0
210000373,0,0,0
210000374,0,0,0
210000375,0,0,0
210000376,0,0,0
210000404,35,43,-8
210000439,0,0,0
210000472,0,0,0
210000482,0,0,0
210000564,0,0,0
210000567,0,0,0
210000568,0,0,0
211000092,0,0,0
211000094,0,0,0
211000169,0,0,0
211000172,0,0,0
211000209,0,0,0
211000226,0,0,0
211000270,0,0,0
211000275,0,0,0
211000276,0,0,0
211000279,0,0,0
211000281,0,0,0
211000302,0,0,0
211507980,0,0,0
211977296,0,0,0
212000003,0,0,0
212000004,0,3,-3
212000005,3,1,2
212000006,6,8,-2
212000008,8,14,-6
212000009,2,6,-4
212000012,18,36,-18
212000013,8,28,-20
212000014,78,34,44
212000015,54,29,25
212000016,140,117,23
212000027,0,0,0
212000028,0,0,0
212000029,0,0,0
212000030,0,0,0
212000031,0,0,0
212000048,1,9,-8
212000049,1,3,-2
212000050,1,0,1
212000051,24,37,-13
212000052,18,49,-31
212000053,76,86,-10
212000054,0,0,0
212000055,0,0,0
212000056,0,0,0
212000057,0,0,0
212000058,0,0,0
212000070,12,37,-25
212000077,26,93,-67
212000099,0,0,0
212000108,0,0,0
212000111,0,0,0
212000120,10,3,7
212000138,15,12,3
212000156,0,15,-15
212000158,0,0,0
212000159,0,0,0
212000160,0,0,0
212000161,0,0,0
212000310,1,3,-2
212000311,0,0,0
212000374,2,7,-5
213000001,0,0,0
213000005,0,0,0
213000006,0,0,0
213000007,0,0,0
213000009,0,0,0
213000010,0,0,0
213000011,0,0,0
213000012,3,11,-8
213000014,0,0,0
213000015,0,0,0
213000016,0,0,0
213000017,0,0,0
213000018,0,0,0
213000019,0,0,0
213000020,0,0,0
213000021,0,0,0
213000023,0,0,0
213000033,0,1,-1
213000034,0,0,0
213000035,0,0,0
213000045,0,0,0
213000046,0,0,0
213000047,0,0,0
213000056,0,0,0
213000069,0,0,0
213000073,0,0,0
213000074,0,12,-12
213000075,0,0,0
213000076,0,0,0
213000085,0,0,0
213000086,0,5,-5
213000091,0,0,0
213000092,0,0,0
213000099,5,9,-4
213000100,0,0,0
213000101,0,0,0
213000102,0,0,0
213000103,0,0,0
213000104,0,0,0
213000105,1,0,1
213000106,1,3,-2
213000107,2,6,-4
213000108,0,0,0
213000109,0,0,0
213000110,0,0,0
213000111,0,0,0
213000112,1,0,1
213000115,0,0,0
213000116,0,0,0
213000117,0,0,0
213000118,36,8,28
213000119,0,27,-27
213000120,0,10,-10
213000122,2,7,-5
213000123,0,0,0
213000124,0,2,-2
213000125,0,0,0
213000126,0,0,0
213000127,0,0,0
213000128,0,0,0
213000129,0,0,0
213000130,0,0,0
213000132,0,0,0
213000133,0,0,0
213000134,0,0,0
213000136,0,0,0
213000137,0,0,0
213000139,0,0,0
213000147,0,0,0
213000148,0,0,0
213000149,0,0,0
213000150,0,1,-1
213000151,0,0,0
213000152,0,0,0
213000153,0,0,0
213000154,0,0,0
213000155,0,1,-1
213000156,0,0,0
213000157,0,1,-1
213000158,1,0,1
213000159,0,0,0
213000163,0,0,0
213000165,0,0,0
213000171,0,0,0
213000172,0,0,0
213000173,0,0,0
213000174,0,0,0
213000175,0,0,0
213000176,0,0,0
213000177,0,0,0
213000178,0,0,0
213000179,0,0,0
213000180,0,0,0
213000184,0,0,0
213000188,0,0,0
213000189,0,0,0
213000190,0,2,-2
213000191,2,1,1
213000192,1,0,1
213000193,22,10,12
213000194,0,0,0
213000195,0,0,0
213000196,0,3,-3
213000197,0,0,0
213000198,0,0,0
213000200,22,17,5
213000201,0,0,0
213000202,0,38,-38
213000203,0,0,0
213000204,0,0,0
213000205,0,0,0
213000206,0,0,0
213000207,0,0,0
213000208,0,0,0
213000209,0,0,0
213000210,0,0,0
213000211,0,0,0
213000212,0,2,-2
213000213,0,0,0
213000218,1,45,-44
213000219,0,0,0
213000220,0,0,0
213000223,0,0,0
213000224,0,0,0
213000225,0,0,0
213000226,0,0,0
213000227,0,0,0
213000228,0,0,0
213000229,0,0,0
213000230,0,0,0
213000232,2,25,-23
213000233,0,0,0
213000234,0,0,0
213000293,0,26,-26
213000294,0,0,0
213000295,0,3,-3
213000296,0,0,0
213000297,0,11,-11
213000298,1,4,-3
213000299,0,0,0
213000300,0,0,0
213000303,1,2,-1
213000304,0,0,0
213000305,0,0,0
213000306,1,0,1
213000307,0,0,0
213000308,0,7,-7
213000309,0,0,0
213000310,0,0,0
213000311,1,0,1
213000315,2,6,-4
213000316,0,0,0
213000322,0,0,0
213000323,0,0,0
213000324,0,0,0
213000325,0,0,0
213000326,0,0,0
213000327,0,0,0
213000328,0,0,0
213000329,0,0,0
213000340,1,17,-16
213000341,0,0,0
213000346,0,0,0
213000347,0,0,0
213000348,0,0,0
213000349,0,0,0
213000350,0,0,0
213000366,2,10,-8
213000367,0,0,0
213000379,0,0,0
213000386,0,9,-9
213000406,9,22,-13
213000417,0,0,0
213000425,0,0,0
213000426,0,0,0
213000427,0,0,0
213000428,0,0,0
213000429,0,0,0
213000430,0,0,0
213000431,0,0,0
213000432,0,0,0
213000433,0,0,0
213000434,0,0,0
213000435,0,0,0
213000436,0,0,0
213000437,0,0,0
213000438,0,0,0
213000439,0,0,0
213000440,0,0,0
213000441,0,0,0
213000442,0,0,0
213000443,0,0,0
213000444,0,0,0
213000445,0,0,0
213000446,0,0,0
213000447,0,0,0
213000448,0,0,0
213000449,0,0,0
213000450,0,0,0
213000451,0,0,0
213000452,0,0,0
213000453,2,11,-9
213000455,0,0,0
213000456,1,4,-3
213000481,0,0,0
213000482,0,0,0
213000489,0,0,0
213000491,1,0,1
213000492,0,0,0
213000493,0,0,0
213000494,0,0,0
213000495,0,0,0
213000496,0,0,0
213000497,1,1,0
213000498,0,0,0
213000499,0,0,0
213000500,0,0,0
213000501,0,0,0
213000502,0,0,0
213000503,0,0,0
213000504,0,1,-1
213000505,0,0,0
213000506,0,0,0
213000507,0,0,0
213900244,0,0,0
213900245,0,0,0
218000003,1,0,1
218000004,0,4,-4
218000005,0,0,0
218000006,4,32,-28
218000007,0,11,-11
218000012,11,10,1
218000013,36,112,-76
218000014,228,150,78
218000019,290,155,135
218000020,128,210,-82
218000040,0,0,0
218000046,0,1,-1
218000047,0,2,-2
218000048,0,0,0
218000049,0,0,0
218000050,2,0,2
218000051,0,1,-1
218000052,0,0,0
218000053,0,0,0
218000054,0,0,0
218000055,0,0,0
218000056,0,0,0
218000057,0,0,0
218000064,0,0,0
218000065,0,0,0
218000066,0,0,0
218000067,6,68,-62
218000068,20,66,-46
218000069,31,102,-71
218000070,15,123,-108
218000071,64,97,-33
218000072,184,127,57
218000078,104,198,-94
218000079,1,10,-9
218000080,9,7,2
218000081,5,8,-3
218000082,0,4,-4
218000083,6,31,-25
218000084,23,45,-22
218000085,113,147,-34
218000086,19,74,-55
218000087,61,72,-11
218000090,2,13,-11
218000091,169,127,42
218000092,31,170,-139
218000093,144,45,99
218000094,199,291,-92
218000099,101,198,-97
218000100,58,173,-115
218000101,34,71,-37
218000102,61,51,10
218000103,13,47,-34
218000104,8,14,-6
218000105,5,6,-1
218000106,14,4,10
218000107,1,73,-72
218000108,0,31,-31
218000112,11,10,1
218000117,0,0,0
218000134,70,148,-78
218000135,8,5,3
218000136,18,8,10
218000137,12,40,-28
218000138,1,7,-6
218000139,12,52,-40
218000140,4,17,-13
218000141,0,2,-2
218000142,3,16,-13
218000143,0,9,-9
218000144,0,2,-2
218000145,22,30,-8
218000146,10,21,-11
218000151,0,0,0
218000152,0,0,0
218000170,0,0,0
218000171,0,0,0
218000172,0,0,0
218000173,0,0,0
218000174,0,0,0
218000176,0,0,0
218000177,0,0,0
218000178,0,1,-1
218000179,1,0,1
218000180,0,1,-1
218000181,0,1,-1
218000187,1,1,0
218000188,8,2,6
218000189,2,10,-8
218000190,0,2,-2
218000191,26,28,-2
218000192,26,89,-63
218000193,98,135,-37
218000194,13,144,-131
218000195,20,21,-1
218000196,24,75,-51
218000197,15,75,-60
218000198,0,25,-25
218000199,1,6,-5
218000200,1,7,-6
218000201,1,0,1
218000202,10,22,-12
218000207,2,15,-13
218000208,8,4,4
218000211,8,14,-6
218000213,0,0,0
218000214,0,0,0
218000215,0,0,0
218000217,0,0,0
218000218,0,0,0
218000219,0,0,0
218000220,16,43,-27
218000221,21,25,-4
218000222,0,0,0
218000223,6,1,5
218000224,0,4,-4
218000225,3,1,2
218000226,1,0,1
218000232,27,13,14
218000239,0,0,0
218000240,0,0,0
218000241,0,0,0
218000242,0,0,0
218000243,0,0,0
218000244,0,0,0
218000245,0,0,0
218000246,0,0,0
218000247,0,0,0
218000248,0,0,0
218000249,0,0,0
218000250,0,0,0
218000251,0,0,0
218000252,0,0,0
218000253,0,0,0
218000254,0,0,0
218000255,0,0,0
218000256,0,0,0
218000267,14,154,-140
218000268,0,16,-16
218000269,0,6,-6
218000270,43,26,17
218000271,97,77,20
218000273,0,0,0
218000274,0,0,0
218000275,3,5,-2
218000276,0,24,-24
218000278,21,92,-71
218000279,16,54,-38
218000280,0,21,-21
218000281,2,18,-16
218000282,11,31,-20
218000284,0,0,0
218000301,4,16,-12
218000302,2,2,0
218000303,1,11,-10
218000316,67,62,5
218000317,41,49,-8
218000318,17,72,-55
218000319,138,326,-188
218000320,136,258,-122
218000338,0,1,-1
218000345,1,4,-3
218000346,0,0,0
218000459,0,0,0
218000490,1,5,-4
218000501,0,0,0
218000502,16,50,-34
218000503,0,0,0
218000504,0,0,0
218000505,20,72,-52
218000506,20,65,-45
218000508,0,4,-4
218000510,0,0,0
218000520,3,0,3
218000521,0,0,0
218000522,0,12,-12
218000523,0,0,0
218000524,3,11,-8
218000525,0,0,0
218000526,2,12,-10
218000529,0,0,0
218000531,0,0,0
218000532,5,7,-2
218000534,0,0,0
218000537,0,0,0
218000538,1,9,-8
218000540,47,19,28
218000543,35,37,-2
218000544,52,74,-22
218000545,8,13,-5
218000546,15,30,-15
218000547,18,14,4
218000548,29,27,2
218000549,53,29,24
218000550,58,68,-10
218000551,70,56,14
218000552,65,35,30
218000553,1,16,-15
218000554,3,3,0
218000555,0,0,0
218000556,147,130,17
218000557,0,0,0
218000558,0,0,0
218000559,0,0,0
218000560,0,0,0
218000561,0,0,0
218000562,4,25,-21
218000563,0,0,0
218000564,4,22,-18
218000565,0,0,0
218000566,0,0,0
218000567,0,0,0
218000568,0,0,0
218000569,1,3,-2
218000570,0,0,0
218000571,0,0,0
218000572,0,0,0
218000573,1,3,-2
218000574,0,0,0
218000575,0,0,0
218000576,0,0,0
218000577,0,0,0
218000578,0,0,0
218000579,0,0,0
218000581,0,3,-3
218000582,0,0,0
218000583,0,0,0
218000584,0,4,-4
218000585,0,0,0
218000586,0,1,-1
218000587,0,0,0
218000588,0,0,0
218000589,0,0,0
218000590,0,0,0
218000591,0,0,0
218000592,0,0,0
218000593,0,0,0
218000594,0,0,0
218000597,0,0,0
218000598,0,0,0
218000599,0,0,0
218000600,0,0,0
218000601,0,0,0
218000602,0,0,0
218000603,0,0,0
218000604,0,0,0
218000605,0,4,-4
218000606,0,0,0
218000607,0,0,0
218000608,0,0,0
218000609,0,0,0
218000610,0,0,0
218000611,0,0,0
218000612,0,0,0
218000613,0,0,0
218000614,0,0,0
218000615,0,0,0
218000616,0,1,-1
218000617,0,0,0
218000618,0,2,-2
218000619,0,0,0
218000620,0,0,0
218000621,0,0,0
218000622,0,0,0
218000623,0,0,0
218000624,0,0,0
218000625,0,0,0
218000626,0,0,0
218000628,14,10,4
218000631,0,0,0
218000632,0,0,0
218000633,0,0,0
218000634,1,2,-1
218000635,1,0,1
218000636,139,270,-131
218000637,26,35,-9
218000638,0,0,0
218000639,1,38,-37
218000640,0,0,0
218000641,0,23,-23
218000652,0,1,-1
218000653,2,0,2
218000663,0,0,0
218000675,0,0,0
218000680,0,0,0
218000681,0,0,0
218000691,0,0,0
218000693,0,0,0
218000718,11,25,-14
218000719,6,18,-12
218000720,0,0,0
218000721,0,0,0
218001147,0,35,-35
218001214,3,3,0
218001258,0,0,0
218001329,0,0,0
218001330,0,0,0
218001351,0,0,0
218001352,0,0,0
218001353,0,0,0
218001354,0,0,0
218001355,12,51,-39
218001356,0,1,-1
218001357,3,21,-18
218001358,0,0,0
218001361,0,0,0
218001362,1,42,-41
219000001,13,45,-32
219000002,43,73,-30
219000003,3,0,3
219000004,2,1,1
219000017,17,10,7
219000020,0,0,0
219000022,0,0,0
219000023,0,0,0
219000029,0,32,-32
219000034,0,0,0
219000039,11,20,-9
219000040,4,18,-14
219000041,13,20,-7
219000051,0,82,-82
219000052,0,22,-22
219000053,10,50,-40
219000054,1,4,-3
219000055,1,0,1
219000056,0,0,0
219000057,0,0,0
219000062,1,21,-20
219000063,12,11,1
219000064,0,14,-14
219000110,0,0,0
219000111,0,0,0
219000112,0,0,0
219000113,0,0,0
219000114,0,0,0
219000116,7,8,-1
219000117,45,32,13
219000118,1,23,-22
219000123,73,72,1
219000124,64,67,-3
219000125,15,17,-2
219000126,27,52,-25
219000127,0,12,-12
219000128,9,176,-167
219000129,27,220,-193
219000130,1080,910,170
219000131,366,337,29
219000133,0,10,-10
219000134,2,1,1
219000135,11,4,7
219000136,7,33,-26
219000138,2,26,-24
219000139,4,27,-23
219000140,0,0,0
219000141,3,40,-37
219000142,3,26,-23
219000143,4,47,-43
219000145,1,8,-7
219000146,1,52,-51
219000147,0,8,-8
219000148,0,19,-19
219000149,9,98,-89
219000150,5,52,-47
219000151,4,95,-91
219000157,28,21,7
219000158,33,105,-72
219000161,32,18,14
219000163,167,57,110
219000166,20,63,-43
219000167,40,90,-50
219000168,0,0,0
219000174,0,0,0
219000175,0,0,0
219000176,0,0,0
219000177,0,0,0
219000178,0,0,0
219000179,0,0,0
219000180,3,19,-16
219000182,0,0,0
219000183,1,7,-6
219000184,0,0,0
219000185,1,74,-73
219000186,0,12,-12
219000187,2,65,-63
219000189,54,205,-151
219000190,138,186,-48
219000191,690,526,164
219000192,100,109,-9
219000193,199,327,-128
219000195,0,31,-31
219000196,1,51,-50
219000198,13,37,-24
219000199,16,83,-67
219000200,13,59,-46
219000201,20,80,-60
219000203,13,134,-121
219000204,24,116,-92
219000205,23,88,-65
219000207,76,51,25
219000209,20,21,-1
219000210,15,15,0
219000213,8,36,-28
219000239,0,0,0
219000240,10,51,-41
219000241,5,27,-22
219000242,21,16,5
219000243,11,40,-29
219000244,1,10,-9
219000245,1,13,-12
219000246,0,0,0
219000247,0,0,0
219000248,0,0,0
219000249,0,0,0
219000250,0,0,0
219000251,0,0,0
219000252,0,0,0
219000253,0,0,0
219000255,0,0,0
219000256,0,0,0
219000257,0,0,0
219000262,17,96,-79
219000263,19,34,-15
219000267,1,72,-71
219000268,4,21,-17
219000269,0,0,0
219000270,0,0,0
219000271,9,1,8
219000278,0,11,-11
219000279,1,4,-3
219000283,0,3,-3
219000295,2,27,-25
219000296,9,114,-105
219000297,2,62,-60
219000298,1,44,-43
219000299,0,0,0
219000300,6,74,-68
219000301,6,68,-62
219000302,3,47,-44
219000307,10,37,-27
219000308,12,8,4
219000311,0,0,0
219000312,0,0,0
219000313,0,0,0
219000314,20,117,-97
219000315,0,0,0
219000316,0,0,0
219000317,0,0,0
219000320,0,24,-24
219000321,0,8,-8
219000323,2,6,-4
219000325,0,37,-37
219000326,25,77,-52
219000327,24,22,2
219000328,14,30,-16
219000329,228,151,77
219000330,6,24,-18
219000331,10,14,-4
219000332,0,0,0
219000333,0,0,0
219000335,0,0,0
219000337,0,0,0
219000338,0,0,0
219000344,40,59,-19
219000345,44,102,-58
219000346,21,101,-80
219000348,16,50,-34
219000349,26,64,-38
219000350,12,62,-50
219000351,0,1,-1
219000352,0,0,0
219000353,10,20,-10
219000354,20,18,2
219000355,0,0,0
219000356,312,185,127
219000363,63,16,47
219000364,53,12,41
219000365,16,2,14
219000366,178,23,155
219000368,0,0,0
219000370,98,43,55
219000371,9,43,-34
219000382,3,6,-3
219000383,281,301,-20
219000385,271,248,23
219000386,344,493,-149
219000387,0,0,0
219000390,0,0,0
219000391,0,0,0
219000397,50,55,-5
219000398,10,9,1
219000401,0,0,0
219000402,0,0,0
219000403,0,0,0
219000404,0,0,0
219000407,2,15,-13
219000409,0,0,0
219000410,0,0,0
219000411,0,0,0
219000446,140,201,-61
219000447,8,10,-2
219000448,0,0,0
219000452,0,0,0
219000453,3,9,-6
219000454,84,35,49
219000556,0,0,0
219000558,22,50,-28
219000590,3,26,-23
219000591,0,0,0
219000592,36,185,-149
219000595,1,0,1
219000635,0,0,0
219000636,6,43,-37
219000657,0,0,0
219000658,8,15,-7
219000673,0,42,-42
219000676,0,1,-1
219000679,2,27,-25
219000684,2,0,2
219000685,0,16,-16
219000686,0,0,0
219000688,0,180,-180
219000689,0,0,0
219000690,0,0,0
219000691,0,0,0
219000692,2,7,-5
219000693,0,14,-14
219000694,0,0,0
219000695,0,0,0
219000698,0,0,0
219000699,0,3,-3
219000727,0,96,-96
219000728,5,0,5
219000770,0,0,0
219000771,0,12,-12
219000788,64,42,22
219001150,0,0,0
219001151,0,3,-3
219001166,0,0,0
219001167,0,0,0
219001178,0,2,-2
220000001,0,4,-4
220000002,3,16,-13
220000003,87,49,38
220000004,67,89,-22
220000005,501,340,161
220000006,50,205,-155
220000007,140,174,-34
220000008,44,141,-97
220000009,31,87,-56
220000010,3,13,-10
220000011,41,25,16
220000012,0,4,-4
220000014,0,0,0
220000015,0,0,0
220000017,1,1,0
220000018,0,0,0
220000019,0,0,0
220000020,14,16,-2
220000021,8,9,-1
220000022,14,24,-10
220000023,9,8,1
220000024,52,20,32
220000025,6,24,-18
220000026,8,3,5
220000027,1,0,1
220000028,0,3,-3
220000029,11,41,-30
220000030,11,21,-10
220000031,2,4,-2
220000064,0,0,0
221000046,0,0,0
221000047,0,0,0
221000048,0,0,0
221000049,0,5,-5
221000050,0,0,0
221000055,9,36,-27
221000057,0,0,0
221000068,0,0,0
221000069,0,0,0
221000070,0,0,0
221000071,0,0,0
221000072,0,0,0
221000073,0,17,-17
221000074,1,0,1
221000075,1,12,-11
221000076,6,25,-19
221000077,5,34,-29
221000081,0,0,0
221000082,0,0,0
221000083,0,0,0
221000084,0,0,0
221000085,0,34,-34
221000086,7,69,-62
221000087,2,59,-57
221000088,18,59,-41
221000089,20,53,-33
221000090,134,167,-33
221000098,0,0,0
221000099,0,0,0
221000100,0,0,0
221000101,0,0,0
221000102,0,0,0
221000109,6,36,-30
221000110,1,69,-68
221000111,5,51,-46
221000112,1,48,-47
221000113,3,61,-58
221000114,3,82,-79
221000120,0,0,0
221000121,0,0,0
221000122,0,0,0
221000123,0,0,0
221000124,0,0,0
221000155,0,0,0
221000156,0,0,0
221000175,0,0,0
221000176,0,0,0
221000182,0,0,0
221000241,0,0,0
221000242,141,229,-88
221000243,0,0,0
221000244,26,182,-156
221000245,0,0,0
221000246,3,82,-79
221000247,0,0,0
221000248,7,55,-48
221000267,0,2,-2
221000325,0,0,0
221000331,0,0,0
221000338,0,0,0
221000378,0,0,0
221000381,0,0,0
222000282,0,0,0
222000296,0,0,0
222000568,0,0,0
222000569,0,0,0
222000570,0,0,0
222000571,0,0,0
222000577,0,0,0
222000578,0,0,0
222000579,0,0,0
222000580,0,0,0
222000599,0,0,0
222000600,0,0,0
222000601,0,0,0
222000603,0,0,0
222000604,0,0,0
222000605,0,0,0
222000606,0,0,0
222000607,0,0,0
222000608,0,0,0
222000609,0,0,0
222000616,0,0,0
222000617,0,0,0
222000618,0,0,0
222000620,0,0,0
222000621,0,0,0
222000623,0,0,0
222000624,0,0,0
222000625,0,0,0
222000636,0,0,0
222000686,0,0,0
222000687,0,0,0
222001066,0,0,0
222001067,0,0,0
222001068,0,0,0
222001069,0,0,0
222001082,0,0,0
222001083,0,0,0
222001084,0,0,0
222001085,0,0,0
222001111,0,0,0
222001112,0,0,0
222001313,0,0,0
222001314,0,0,0
222001464,0,0,0
222001465,0,0,0
222001484,0,0,0
222001485,0,0,0
222001494,0,0,0
222001495,0,0,0
222001496,0,0,0
222001497,0,0,0
222001502,0,1,-1
222001503,0,0,0
222001504,0,2,-2
222001505,0,0,0
222001506,0,2,-2
222001507,0,0,0
222001510,0,0,0
222001511,0,0,0
222001514,0,0,0
222001515,0,0,0
222001518,0,0,0
222001519,0,0,0
222001527,0,0,0
222001528,0,1,-1
222001529,0,0,0
222001530,0,0,0
222001533,0,0,0
222001534,0,0,0
222001535,0,0,0
222001536,0,0,0
222001537,0,0,0
222001538,0,0,0
222001563,0,0,0
222001564,0,0,0
222001568,0,0,0
222001576,0,0,0
222001579,0,0,0
222001583,0,0,0
222001584,0,0,0
222001596,0,0,0
222001597,0,0,0
222001626,0,0,0
222001650,0,2,-2
222001651,0,0,0
222001914,0,0,0
222001915,0,0,0
222001968,0,0,0
222001969,0,0,0
222001970,0,0,0
222001971,0,0,0
222001972,0,0,0
225000001,0,0,0
225000002,0,0,0
225000003,0,0,0
225000004,0,0,0
225000005,0,0,0
225000006,0,44,-44
225000007,170,182,-12
225000010,0,0,0
225000011,0,0,0
225000012,0,0,0
225000013,0,0,0
225000014,0,0,0
225000015,15,18,-3
225000021,0,0,0
225000027,39,116,-77
225000032,0,0,0
225000042,16,147,-131
225000049,10,22,-12
225000050,0,0,0
225000053,3,112,-109
225000058,0,0,0
225000067,5,33,-28
225000068,15,44,-29
225000069,7,44,-37
225000070,14,47,-33
225000071,5,42,-37
225000075,11,118,-107
225000076,14,29,-15
225000078,0,0,0
225000085,0,0,0
225000086,0,0,0
225000087,0,0,0
225000088,0,20,-20
225000089,281,116,165
225000090,2,3,-1
225000091,3,1,2
225000092,4,17,-13
225000093,7,41,-34
225000094,2,49,-47
225000095,58,83,-25
225000096,25,60,-35
225000098,0,0,0
225000099,0,0,0
225000100,0,0,0
225000104,7,63,-56
225000110,5,55,-50
225000111,26,189,-163
225000112,19,205,-186
225000113,16,89,-73
225000114,6,38,-32
225000115,108,75,33
225000116,0,0,0
225000117,0,0,0
225000118,0,0,0
225000119,0,0,0
225000120,0,0,0
225000121,0,0,0
225000123,0,0,0
225000125,0,0,0
225000126,0,0,0
225000127,0,0,0
225000128,0,0,0
225000132,0,0,0
225000133,0,0,0
225000134,0,0,0
225000135,0,0,0
225000136,0,0,0
225000137,0,0,0
225000138,0,0,0
225000143,5,45,-40
225000144,0,103,-103
225000145,0,0,0
225000146,1,45,-44
225000147,2,107,-105
225000148,0,54,-54
225000149,83,184,-101
225000151,23,66,-43
225000155,53,42,11
225000156,10,74,-64
225000157,11,70,-59
225000158,14,63,-49
225000171,0,37,-37
225000180,0,0,0
225000181,0,30,-30
225000182,0,0,0
225000185,4,49,-45
225000187,16,61,-45
225000191,0,0,0
225000194,0,56,-56
225000208,0,9,-9
225000209,0,0,0
225000210,4,64,-60
225000217,2,14,-12
225000218,0,0,0
225000223,0,22,-22
225000224,0,0,0
225000225,0,3,-3
225000226,0,0,0
225000227,38,24,14
225000228,0,0,0
225000229,0,30,-30
225000230,0,0,0
225000231,2,63,-61
225000232,0,0,0
225000241,0,0,0
225000242,0,47,-47
225000249,0,2,-2
225000250,22,261,-239
225000251,0,0,0
226000042,70,141,-71
226000043,7,79,-72
226000044,33,126,-93
226000045,6,88,-82
226000046,0,0,0
226000047,0,0,0
226000048,0,0,0
226000049,0,0,0
226000070,1,22,-21
226000071,0,13,-13
226000072,0,2,-2
226000073,0,9,-9
226000074,0,7,-7
226000084,0,13,-13
226000085,0,1,-1
226000086,1,2,-1
226000087,0,5,-5
226000088,1,1,0
226000090,0,0,0
226000091,0,0,0
226000092,0,0,0
226000093,0,0,0
226000094,0,0,0
226000095,0,0,0
226000105,0,0,0
226000106,0,0,0
226000107,0,0,0
226000108,0,0,0
226000109,0,0,0
226000124,0,0,0
226000134,1,0,1
226000135,0,0,0
226000136,0,0,0
226000137,2,111,-109
226000138,4,84,-80
226000139,0,3,-3
226000156,0,0,0
226000157,0,0,0
226000163,2,15,-13
226000202,3,122,-119
226000231,0,0,0
226000232,0,0,0
227000033,0,0,0
227000036,0,0,0
227000037,0,0,0
227000038,0,0,0
227000049,0,3,-3
227000050,0,11,-11
227000055,0,0,0
227000056,0,0,0
227000084,0,15,-15
227000085,1,11,-10
227000088,0,0,0
227000089,0,0,0
227000090,0,0,0
227000091,0,0,0
227000093,0,0,0
227000094,0,0,0
227000130,4,42,-38
227000131,8,110,-102
227000132,2,110,-108
227000133,3,102,-99
227000134,2,106,-104
227000152,0,1,-1
227000153,0,22,-22
227000155,0,7,-7
227000156,0,4,-4
227000165,0,13,-13
227000196,10,30,-20
227000199,1,51,-50
227000230,7,28,-21
227000232,0,0,0
227000242,38,163,-125
227000243,0,0,0
227000245,21,207,-186
227000246,15,274,-259
227000247,0,0,0
227000248,0,0,0
227000249,16,102,-86
227000250,0,0,0
227000251,69,233,-164
227000252,10,234,-224
227000253,0,0,0
227000262,0,0,0
227000266,0,0,0
227000267,14,139,-125
227000282,11,29,-18
227000284,0,0,0
227000286,6,3,3
227000287,8,5,3
227000291,22,69,-47
227000484,0,0,0
227000485,37,117,-80
227000655,0,0,0
227000656,0,0,0
227000657,0,0,0
227000661,0,0,0
227000680,0,0,0
229000265,0,6,-6
229000296,0,2,-2
229000297,4,2,2
229000298,8,5,3
229000320,0,0,0
229000321,0,0,0
229000412,0,5,-5
229000414,0,5,-5
229000415,0,0,0
229000416,0,1,-1
229000417,0,0,0
229000419,5,14,-9
229000440,0,0,0
229000442,0,0,0
229000443,0,0,0
229000444,0,3,-3
229000445,0,0,0
229000446,0,0,0
229000847,6,0,6
229000848,8,1,7
229000849,121,2,119
229000851,11,1,10
229000854,0,30,-30
229000856,2,66,-64
229000857,0,13,-13
229000858,1,50,-49
229000919,9,125,-116
229000930,2,105,-103
229000937,0,0,0
229000966,2,0,2
229000981,13,67,-54
229000985,0,1,-1
229000986,0,0,0
229000987,0,1,-1
229000988,0,0,0
229000989,0,0,0
229000990,0,0,0
229000991,0,0,0
229000992,0,0,0
229000993,0,0,0
229000998,0,3,-3
229000999,0,0,0
229001034,0,2,-2
229001035,0,1,-1
229001037,0,1,-1
229001042,0,0,0
229001047,0,2,-2
229001050,0,7,-7
229001200,0,0,0
229001338,0,2,-2
229001394,2,0,2
229001422,0,0,0
229001423,30,110,-80
229001431,1,1,0
229001432,27,87,-60
229001444,0,0,0
229001445,1,10,-9
229001503,1,0,1
229001504,29,103,-74
229001505,0,0,0
229001506,47,159,-112
229001509,1,11,-10
229001545,1,0,1
229001546,5,69,-64
229001553,0,0,0
229001554,6,68,-62
229001559,0,1,-1
229001560,0,0,0
229001630,0,0,0
229001631,0,3,-3
229001635,0,0,0
229001636,0,0,0
229001658,0,52,-52
229001659,0,0,0
229001660,0,0,0
229001661,0,0,0
229001662,6,0,6
229001663,0,15,-15
229002584,0,0,0
229002831,4,3,1
229002841,0,1,-1
229002842,0,0,0
229002843,0,0,0
229002844,0,2,-2
229002845,0,0,0
229002846,0,0,0
229002847,0,0,0
229002848,0,0,0
229002849,0,0,0
229002850,0,0,0
229002851,0,0,0
229002852,0,0,0
229002853,0,0,0
229002854,0,1,-1
229002855,0,0,0
229002856,0,0,0
229002857,0,0,0
229002858,0,0,0
229002859,0,2,-2
229002860,0,0,0
229002861,0,0,0
229002862,1,0,1
229002863,0,1,-1
229002864,0,0,0
229002865,0,1,-1
229002866,0,0,0
229002867,0,0,0
229002868,0,0,0
229002869,0,7,-7
229002870,0,0,0
235000066,0,0,0
235000067,0,0,0
235000072,3,56,-53
235000073,15,207,-192
235000074,9,31,-22
235000080,1,33,-32
235000081,8,23,-15
235000082,0,0,0
235000083,0,0,0
235000084,0,0,0
235000085,0,0,0
235000089,0,0,0
235000092,3,100,-97
235000093,1,2,-1
235000097,0,0,0
235000098,0,0,0
235000099,0,0,0
235000116,0,0,0
235000117,0,0,0
235000133,0,99,-99
235000134,3,41,-38
235000206,0,0,0
235000207,0,0,0
235000208,0,0,0
235000209,0,0,0
235000210,0,0,0
235000212,1,7,-6
235000213,1,2,-1
235000220,1,3,-2
235000221,6,5,1
235000238,0,0,0
235000239,0,0,0
235000242,0,0,0
235000245,62,94,-32
235000246,1,48,-47
235000284,0,0,0
235000295,0,0,0
235000305,0,0,0
235000306,0,0,0
235000307,0,0,0
235000308,0,0,0
235000309,0,0,0
235000310,0,0,0
235000311,0,0,0
235000322,0,0,0
235000323,0,0,0
235000324,0,0,0
235000325,0,0,0
235000326,0,2,-2
235000351,0,0,0
235000352,0,0,0
235000353,0,0,0
235000354,0,0,0
235000355,0,0,0
235000356,0,0,0
235000357,0,0,0
235000358,0,0,0
235000359,0,0,0
235000360,0,0,0
235000361,0,0,0
235000381,17,54,-37
235000382,0,0,0
235000390,0,0,0
235000391,0,0,0
235000392,0,0,0
235000393,0,0,0
235000395,0,0,0
235000396,0,0,0
235000400,0,0,0
235000401,2,48,-46
235000405,21,64,-43
235000406,4,54,-50
235000407,17,39,-22
235000409,43,78,-35
235000410,4,116,-112
235000411,0,36,-36
235000485,0,16,-16
235000486,0,0,0
235000549,0,0,0
235000550,19,40,-21
235000599,30,30,0
235000600,2,5,-3
235000601,0,0,0
235000602,0,0,0
235000614,0,1,-1
235000648,0,60,-60
235000649,0,0,0
235000685,0,0,0
235000815,0,0,0
235000834,0,0,0
235000855,0,0,0
235000862,5,40,-35
235000891,0,1,-1
235000892,0,2,-2
235000901,63,42,21
235000907,3,2,1
235001010,0,0,0
235001029,208,187,21
235001030,0,0,0
235001078,0,0,0
235001079,9,71,-62
235001147,0,0,0
235001166,0,0,0
235001167,3,11,-8
235001169,0,0,0
235001188,1,4,-3
235001189,0,0,0
235001197,1,18,-17
235001200,11,26,-15
235001207,0,0,0
235001210,12,72,-60
235001215,5,61,-56
235001239,1,28,-27
235001244,0,0,0
235016267,0,0,0
277102712,0,0,0
277103813,0,0,0
277103814,0,0,0
277104249,0,0,0
277104250,0,0,0
277104251,0,3,-3
277104252,0,0,0
990011530,0,6,-6
990014944,0,33,-33
990015176,0,0,0
990015618,0,0,0
990016032,0,0,0
990032570,1,16,-15
990070001,0,0,0
990070103,0,2,-2
990070601,0,0,0
990070751,0,0,0
990070766,0,0,0
990071180,0,2,-2
990071343,0,0,0
990071387,0,0,0
990071823,0,0,0
990072600,0,8,-8
990072964,0,21,-21
990073285,0,0,0
990074393,0,0,0
990074870,0,0,0
990075106,0,0,0
990075746,0,1,-1
990076437,0,1,-1
990076458,0,47,-47
997000007,0,0,0
997000041,0,3,-3
997000058,0,1,-1
997000062,0,0,0
997000069,0,0,0
997000070,0,12,-12
997000100,0,0,0
997000141,0,0,0
997000198,0,0,0
998000475,0,0,0
998000736,0,0,0
998000965,0,0,0
998001031,0,0,0
998001700,0,19,-19
998001899,0,0,0
998001900,14,0,14
998003073,0,0,0
998101900,0,25,-25
998102850,0,0,0
998501927,0,45,-45
998501929,0,2,-2
998501930,0,0,0
998501931,1,0,1
998501932,23,2,21
998501933,0,0,0
998501937,0,1,-1
998501944,0,0,0
998501950,0,4,-4
998501970,5,3,2
998501971,0,47,-47
998501973,0,0,0
998501974,0,23,-23
998501975,0,0,0
998501976,2,0,2
998501977,0,1,-1
998501978,0,0,0
998501979,0,1,-1
998501980,0,0,0
998501981,0,0,0
998501982,0,1,-1
998501983,0,1,-1
998502006,0,0,0
998502024,0,0,0
998502032,0,0,0
998502062,0,0,0
998502063,0,1,-1
998502173,0,0,0
998502269,0,1,-1
998502546,0,0,0
998502578,0,0,0
998502599,0,0,0
998502621,0,0,0
998601159,0,0,0
998601292,0,0,0
999033574,0,20,-20
999800001,0,0,0
999800002,0,0,0
999800003,0,2,-2
999800004,0,3,-3
999800005,0,6,-6
