dong,insum,outsum,diff
강남구 개포1동,985,1138,-153
강남구 개포2동,14452,15434,-982
강남구 개포4동,12907,7377,5530
강남구 논현1동,34816,32612,2204
강남구 논현2동,25527,24027,1500
강남구 대치1동,17912,16089,1823
강남구 대치2동,32662,25356,7306
강남구 대치4동,24235,22367,1868
강남구 도곡1동,19719,17599,2120
강남구 도곡2동,7035,8439,-1404
강남구 삼성1동,41777,31494,10283
강남구 삼성2동,20463,12983,7480
강남구 세곡동,21520,24605,-3085
강남구 수서동,22294,17779,4515
강남구 신사동,24457,19737,4720
강남구 압구정동,45922,31314,14608
강남구 역삼1동,79633,56279,23354
강남구 역삼2동,29770,17448,12322
강남구 일원1동,13420,8335,5085
강남구 일원2동,3672,2909,763
강남구 일원본동,11852,8211,3641
강남구 청담동,39022,25278,13744
강동구 강일동,11867,14535,-2668
강동구 고덕제1동,5101,6093,-992
강동구 고덕제2동,8075,9865,-1790
강동구 길동,12766,11635,1131
강동구 둔촌제1동,337,276,61
강동구 둔촌제2동,11183,8929,2254
강동구 명일제1동,12096,12340,-244
강동구 명일제2동,11849,8690,3159
강동구 상일동,23156,13586,9570
강동구 성내제1동,9986,7719,2267
강동구 성내제2동,8442,10780,-2338
강동구 성내제3동,11504,10915,589
강동구 암사제1동,7461,8518,-1057
강동구 암사제2동,2844,3858,-1014
강동구 암사제3동,1557,841,716
강동구 천호제1동,4413,7974,-3561
강동구 천호제2동,19651,20571,-920
강동구 천호제3동,8162,10026,-1864
강북구 미아동,20534,16789,3745
강북구 번1동,38587,35490,3097
강북구 번2동,8165,10855,-2690
강북구 번3동,15062,17189,-2127
강북구 삼각산동,5321,7834,-2513
강북구 삼양동,13855,16366,-2511
강북구 송중동,62905,56887,6018
강북구 송천동,21854,27104,-5250
강북구 수유1동,16037,15440,597
강북구 수유2동,10563,12422,-1859
강북구 수유3동,33556,34491,-935
강북구 우이동,16156,11852,4304
강북구 월곡제1동,1388,1760,-372
강북구 인수동,12410,14691,-2281
강서구 가양제1동,16691,11361,5330
강서구 가양제2동,2607,2792,-185
강서구 가양제3동,3073,2894,179
강서구 공항동,11525,11101,424
강서구 등촌제1동,18298,17545,753
강서구 등촌제2동,8406,9129,-723
강서구 등촌제3동,21055,21522,-467
강서구 발산제1동,26568,20975,5593
강서구 방화제1동,10973,12501,-1528
강서구 방화제2동,9326,8681,645
강서구 방화제3동,2102,1689,413
강서구 염창동,9075,10204,-1129
강서구 우장산동,14560,16642,-2082
강서구 화곡본동,7876,8947,-1071
강서구 화곡제1동,29743,32168,-2425
강서구 화곡제2동,5576,6757,-1181
강서구 화곡제3동,9597,10188,-591
강서구 화곡제4동,6776,8568,-1792
강서구 화곡제6동,18207,16452,1755
강서구 화곡제8동,14261,11498,2763
관악구 낙성대동,22819,39530,-16711
관악구 난곡동,11167,15211,-4044
관악구 난향동,6666,8220,-1554
관악구 남현동,10273,13178,-2905
관악구 대학동,39412,19408,20004
관악구 미성동,17504,23550,-6046
관악구 보라매동,19388,17700,1688
관악구 삼성동,15044,23932,-8888
관악구 서림동,16983,16581,402
관악구 서원동,40757,36704,4053
관악구 성현동,9530,15868,-6338
관악구 신림동,44699,37841,6858
관악구 신사동,10138,13801,-3663
관악구 신원동,4485,4651,-166
관악구 은천동,19617,20193,-576
관악구 인헌동,9061,9182,-121
관악구 조원동,28656,30337,-1681
관악구 중앙동,7709,5991,1718
관악구 청룡동,22671,16252,6419
관악구 청림동,3381,5009,-1628
관악구 행운동,34159,30189,3970
광진구 광장동,5917,5664,253
광진구 구의제1동,11951,11647,304
광진구 구의제2동,12980,14906,-1926
광진구 구의제3동,10804,8915,1889
광진구 군자동,13415,15205,-1790
광진구 능동,10556,12569,-2013
광진구 자양제1동,3831,3589,242
광진구 자양제2동,16191,19081,-2890
광진구 자양제3동,5373,5212,161
광진구 자양제4동,17964,18446,-482
광진구 중곡제1동,7411,6477,934
광진구 중곡제2동,8884,10580,-1696
광진구 중곡제3동,7464,7753,-289
광진구 중곡제4동,6483,7682,-1199
광진구 화양동,17452,17028,424
구로구 가리봉동,14118,12329,1789
구로구 개봉제1동,28943,29038,-95
구로구 개봉제2동,18700,18754,-54
구로구 개봉제3동,5423,7660,-2237
구로구 고척제1동,20006,17778,2228
구로구 고척제2동,12316,16182,-3866
구로구 구로제1동,9951,7603,2348
구로구 구로제2동,39732,31858,7874
구로구 구로제3동,59271,33083,26188
구로구 구로제4동,21795,18309,3486
구로구 구로제5동,24451,21403,3048
구로구 수궁동,18209,17753,456
구로구 신도림동,25757,24903,854
구로구 오류제1동,10944,12582,-1638
구로구 오류제2동,10189,9889,300
구로구 항동,2875,4291,-1416
금천구 가산동,61949,37303,24646
금천구 독산제1동,39312,43493,-4181
금천구 독산제2동,13256,16192,-2936
금천구 독산제3동,19846,21702,-1856
금천구 독산제4동,13849,8877,4972
금천구 미성동,104,223,-119
금천구 시흥제1동,30110,38979,-8869
금천구 시흥제2동,7943,12204,-4261
금천구 시흥제3동,13286,10194,3092
금천구 시흥제4동,6933,6066,867
금천구 시흥제5동,15056,15203,-147
노원구 공릉1동,15111,16775,-1664
노원구 공릉2동,21505,16089,5416
노원구 상계10동,9036,6315,2721
노원구 상계1동,13220,12992,228
노원구 상계2동,13681,16388,-2707
노원구 상계3.4동,3148,3696,-548
노원구 상계5동,10281,9324,957
노원구 상계6.7동,19485,15575,3910
노원구 상계8동,4506,4615,-109
노원구 상계9동,5294,6191,-897
노원구 월계1동,33161,25491,7670
노원구 월계2동,9111,10903,-1792
노원구 월계3동,10480,10197,283
노원구 중계1동,8558,11295,-2737
노원구 중계2.3동,12996,12063,933
노원구 중계4동,7729,7360,369
노원구 중계본동,10184,11059,-875
노원구 하계1동,14822,12135,2687
노원구 하계2동,10965,9787,1178
도봉구 도봉제1동,16539,10548,5991
도봉구 도봉제2동,13817,14052,-235
도봉구 방학제1동,16320,18434,-2114
도봉구 방학제2동,5912,8946,-3034
도봉구 방학제3동,8667,10128,-1461
도봉구 쌍문제1동,9850,13317,-3467
도봉구 쌍문제2동,11157,14118,-2961
도봉구 쌍문제3동,9906,9697,209
도봉구 쌍문제4동,6924,9053,-2129
도봉구 창제1동,27636,18300,9336
도봉구 창제2동,7901,12011,-4110
도봉구 창제3동,8661,10524,-1863
도봉구 창제4동,17614,16276,1338
도봉구 창제5동,15299,15313,-14
동대문구 답십리제1동,14376,16886,-2510
동대문구 답십리제2동,16948,16337,611
동대문구 면목제5동,230,44,186
동대문구 용신동,67172,51677,15495
동대문구 이문제1동,9537,10069,-532
동대문구 이문제2동,5163,4990,173
동대문구 장안제1동,28588,24252,4336
동대문구 장안제2동,17384,20297,-2913
동대문구 전농제1동,18303,23532,-5229
동대문구 전농제2동,11876,12744,-868
동대문구 제기동,38947,27660,11287
동대문구 청량리동,39619,32156,7463
동대문구 회기동,13291,6661,6630
동대문구 휘경제1동,17959,20006,-2047
동대문구 휘경제2동,14548,14283,265
동작구 노량진제1동,44282,41992,2290
동작구 노량진제2동,25150,16790,8360
동작구 대방동,39282,38435,847
동작구 사당제1동,13794,16047,-2253
동작구 사당제2동,27165,21801,5364
동작구 사당제3동,6291,8716,-2425
동작구 사당제4동,1424,1767,-343
동작구 사당제5동,6443,7533,-1090
동작구 상도제1동,42634,41061,1573
동작구 상도제2동,17635,21341,-3706
동작구 상도제3동,11798,15795,-3997
동작구 상도제4동,9841,14920,-5079
동작구 신대방제1동,7827,8082,-255
동작구 신대방제2동,25844,22156,3688
동작구 흑석동,28918,23019,5899
마포구 공덕동,13341,15878,-2537
마포구 대흥동,21447,18358,3089
마포구 도화동,7760,9053,-1293
마포구 망원제1동,10387,10255,132
마포구 망원제2동,7478,7383,95
마포구 상암동,55616,40317,15299
마포구 서강동,8665,12983,-4318
마포구 서교동,84865,83619,1246
마포구 성산제1동,12492,12443,49
마포구 성산제2동,19608,21625,-2017
마포구 신수동,4031,5346,-1315
마포구 아현동,21187,20236,951
마포구 연남동,7394,7982,-588
마포구 염리동,3208,4179,-971
마포구 용강동,13395,15019,-1624
마포구 합정동,12427,18509,-6082
서대문구 남가좌제1동,11101,10268,833
서대문구 남가좌제2동,15855,18099,-2244
서대문구 북가좌제1동,4806,7818,-3012
서대문구 북가좌제2동,12785,16637,-3852
서대문구 북아현동,12290,15164,-2874
서대문구 신촌동,87503,58332,29171
서대문구 연희동,48942,49029,-87
서대문구 천연동,22684,20997,1687
서대문구 충현동,33047,28649,4398
서대문구 홍은제1동,15198,17357,-2159
서대문구 홍은제2동,25455,26730,-1275
서대문구 홍제제1동,24485,22154,2331
서대문구 홍제제2동,13733,18231,-4498
서대문구 홍제제3동,14116,12619,1497
서초구 내곡동,28873,11823,17050
서초구 반포1동,19367,17425,1942
서초구 반포2동,9629,6184,3445
서초구 반포3동,23169,17726,5443
서초구 반포4동,28375,20172,8203
서초구 반포본동,9209,9221,-12
서초구 방배1동,14098,17166,-3068
서초구 방배2동,14660,16592,-1932
서초구 방배3동,12096,10679,1417
서초구 방배4동,14242,15813,-1571
서초구 방배본동,11176,8854,2322
서초구 서초1동,17550,16001,1549
서초구 서초2동,34708,28480,6228
서초구 서초3동,33719,25513,8206
서초구 서초4동,23824,29174,-5350
서초구 양재1동,59454,56066,3388
서초구 양재2동,36533,23061,13472
서초구 잠원동,18970,21478,-2508
성동구 금호1가동,6139,7708,-1569
성동구 금호2.3가동,12934,12926,8
성동구 금호4가동,6551,7819,-1268
성동구 마장동,11647,10688,959
성동구 사근동,7903,5668,2235
성동구 성수1가제1동,10146,6870,3276
성동구 성수1가제2동,6542,5892,650
성동구 성수2가제1동,6929,5294,1635
성동구 성수2가제3동,9491,6252,3239
성동구 송정동,5817,3725,2092
성동구 옥수동,12451,13218,-767
성동구 왕십리도선동,14130,11102,3028
성동구 왕십리제2동,8119,13212,-5093
성동구 용답동,11889,10228,1661
성동구 응봉동,4624,7962,-3338
성동구 행당제1동,15828,15411,417
성동구 행당제2동,10100,10980,-880
성북구 길음제1동,20158,23091,-2933
성북구 길음제2동,16193,17947,-1754
성북구 돈암제1동,19770,19453,317
성북구 돈암제2동,5478,7487,-2009
성북구 동선동,26873,30559,-3686
성북구 보문동,8875,10242,-1367
성북구 삼선동,35962,36639,-677
성북구 석관동,9602,12953,-3351
성북구 성북동,23298,21993,1305
성북구 안암동,15283,11218,4065
성북구 월곡제1동,16743,19152,-2409
성북구 월곡제2동,11129,8691,2438
성북구 장위제1동,9872,14341,-4469
성북구 장위제2동,11301,10862,439
성북구 장위제3동,7166,7108,58
성북구 정릉제1동,11569,14914,-3345
성북구 정릉제2동,15664,21918,-6254
성북구 정릉제3동,13115,6876,6239
성북구 정릉제4동,16752,17543,-791
성북구 종암동,29329,29631,-302
송파구 가락1동,3779,4911,-1132
송파구 가락2동,13589,14663,-1074
송파구 가락본동,17974,15996,1978
송파구 거여1동,3746,4384,-638
송파구 거여2동,1101,945,156
송파구 마천1동,5091,4305,786
송파구 마천2동,9941,11107,-1166
송파구 문정1동,5007,6288,-1281
송파구 문정2동,24501,22031,2470
송파구 방이1동,6768,6463,305
송파구 방이2동,13959,14811,-852
송파구 삼전동,11445,13952,-2507
송파구 석촌동,18152,23914,-5762
송파구 송파1동,12711,14920,-2209
송파구 송파2동,5324,5436,-112
송파구 오금동,15952,15041,911
송파구 오륜동,7831,7423,408
송파구 위례동,9616,10824,-1208
송파구 잠실2동,3650,7626,-3976
송파구 잠실3동,40583,29809,10774
송파구 잠실4동,833,1095,-262
송파구 잠실6동,17711,14595,3116
송파구 잠실7동,7346,5176,2170
송파구 잠실본동,20139,20762,-623
송파구 장지동,10908,8089,2819
송파구 풍납1동,5164,5121,43
송파구 풍납2동,16307,9002,7305
양천구 목1동,38587,27314,11273
양천구 목2동,21956,22391,-435
양천구 목3동,18688,18622,66
양천구 목4동,11957,15784,-3827
양천구 목5동,21452,19175,2277
양천구 신월1동,5089,3897,1192
양천구 신월2동,6078,9084,-3006
양천구 신월3동,6180,6114,66
양천구 신월4동,6441,8897,-2456
양천구 신월5동,5373,7914,-2541
양천구 신월6동,5250,3886,1364
양천구 신월7동,9512,14094,-4582
양천구 신정1동,8616,9588,-972
양천구 신정2동,4740,4358,382
양천구 신정3동,25122,22683,2439
양천구 신정4동,28018,22007,6011
양천구 신정6동,5379,4348,1031
양천구 신정7동,7547,8514,-967
영등포구 당산제1동,14436,11163,3273
영등포구 당산제2동,29624,24961,4663
영등포구 대림제1동,12425,10807,1618
영등포구 대림제2동,5773,6112,-339
영등포구 대림제3동,13318,11417,1901
영등포구 도림동,6923,10806,-3883
영등포구 문래동,24299,18268,6031
영등포구 신길제1동,8044,9573,-1529
영등포구 신길제3동,10266,13121,-2855
영등포구 신길제4동,3676,5037,-1361
영등포구 신길제5동,9182,9717,-535
영등포구 신길제6동,10682,12866,-2184
영등포구 신길제7동,9786,14420,-4634
영등포구 양평제1동,10449,7673,2776
영등포구 양평제2동,18727,11934,6793
영등포구 여의동,120475,49464,71011
영등포구 영등포동,63484,55854,7630
영등포구 영등포본동,17793,19150,-1357
용산구 남영동,31571,31468,103
용산구 보광동,6730,6760,-30
용산구 서빙고동,9288,9060,228
용산구 용문동,3748,3875,-127
용산구 용산2가동,10331,14425,-4094
용산구 원효로제1동,11034,12891,-1857
용산구 원효로제2동,9073,7437,1636
용산구 이촌제1동,10515,9398,1117
용산구 이촌제2동,3162,3176,-14
용산구 이태원제1동,12630,14522,-1892
용산구 이태원제2동,6665,7133,-468
용산구 청파동,11548,14097,-2549
용산구 필동,2841,803,2038
용산구 한강로동,45698,36515,9183
용산구 한남동,47259,38807,8452
용산구 효창동,5160,7340,-2180
용산구 후암동,9447,10194,-747
은평구 갈현제1동,7276,10860,-3584
은평구 갈현제2동,13765,14117,-352
은평구 구산동,9956,8990,966
은평구 녹번동,25365,21263,4102
은평구 대조동,27430,31598,-4168
은평구 불광제1동,23835,24359,-524
은평구 불광제2동,15063,19997,-4934
은평구 수색동,9069,9935,-866
은평구 신사제1동,13271,17304,-4033
은평구 신사제2동,12599,13869,-1270
은평구 역촌동,18028,17722,306
은평구 응암제1동,17593,24561,-6968
은평구 응암제2동,7060,8481,-1421
은평구 응암제3동,13035,15519,-2484
은평구 증산동,17389,17075,314
은평구 진관동,30731,29082,1649
종로구 가회동,2459,3115,-656
종로구 교남동,7908,5908,2000
종로구 무악동,4314,5069,-755
종로구 부암동,15080,11948,3132
종로구 사직동,52258,34774,17484
종로구 삼청동,7618,4460,3158
종로구 숭인제1동,1019,1688,-669
종로구 숭인제2동,15303,10919,4384
종로구 이화동,20537,16450,4087
종로구 종로1.2.3.4가동,134932,72819,62113
종로구 종로5.6가동,33873,12008,21865
종로구 창신제1동,17067,10130,6937
종로구 창신제2동,4481,5202,-721
종로구 창신제3동,3230,3672,-442
종로구 청운효자동,11882,8593,3289
종로구 충현동,3442,1697,1745
종로구 평창동,17186,12174,5012
종로구 혜화동,24097,23527,570
중구 광희동,23391,15197,8194
중구 다산동,5381,7349,-1968
중구 동화동,1279,1816,-537
중구 명동,38311,23100,15211
중구 소공동,66688,25346,41342
중구 신당동,5428,5031,397
중구 신당제5동,12087,8908,3179
중구 약수동,5116,6197,-1081
중구 을지로동,8775,5118,3657
중구 장충동,8186,4022,4164
중구 중림동,9396,6183,3213
중구 청구동,4536,4600,-64
중구 필동,6013,4661,1352
중구 황학동,6818,7115,-297
중구 회현동,52373,36334,16039
중랑구 망우본동,23801,21419,2382
중랑구 망우제3동,5471,7157,-1686
중랑구 면목본동,21351,23175,-1824
중랑구 면목제2동,6073,7768,-1695
중랑구 면목제3.8동,17473,18364,-891
중랑구 면목제4동,7860,8267,-407
중랑구 면목제5동,6316,6363,-47
중랑구 면목제7동,4888,7152,-2264
중랑구 묵제1동,10582,13234,-2652
중랑구 묵제2동,3686,3616,70
중랑구 상봉제1동,10478,10834,-356
중랑구 상봉제2동,22896,24857,-1961
중랑구 신내1동,17545,20940,-3395
중랑구 신내2동,17393,14765,2628
중랑구 중화제1동,5606,9712,-4106
중랑구 중화제2동,14527,15184,-657
NA,431169,435360,-4191
