ID,insum,outsum,diff
100000001,642,910,-268
100000002,2854,3106,-252
100000003,5048,4842,206
100000004,1248,1140,108
100000005,2384,4420,-2036
100000006,834,258,576
100000007,1756,841,915
100000008,321,855,-534
100000009,557,268,289
100000010,149,90,59
100000011,2345,260,2085
100000012,206,2288,-2082
100000013,364,624,-260
100000014,440,368,72
100000015,1488,2616,-1128
100000016,917,1494,-577
100000017,550,882,-332
100000018,1234,679,555
100000019,3553,2281,1272
100000020,1628,6276,-4648
100000021,6110,2460,3650
100000022,1219,2546,-1327
100000023,5307,1815,3492
100000025,870,1096,-226
100000028,1263,1305,-42
100000029,244,352,-108
100000030,159,48,111
100000031,2629,5583,-2954
100000032,2072,3719,-1647
100000033,892,2427,-1535
100000034,282,666,-384
100000035,1421,1665,-244
100000036,1537,1356,181
100000037,809,441,368
100000038,2462,1027,1435
100000039,551,408,143
100000040,220,168,52
100000041,1252,505,747
100000042,1440,734,706
100000043,1587,699,888
100000044,420,1086,-666
100000045,599,1824,-1225
100000046,624,877,-253
100000047,252,515,-263
100000048,472,546,-74
100000049,1408,1432,-24
100000051,493,756,-263
100000053,191,12,179
100000054,609,38,571
100000055,1069,233,836
100000056,463,447,16
100000057,1796,683,1113
100000058,810,829,-19
100000059,9,114,-105
100000060,404,303,101
100000061,2176,477,1699
100000062,1668,576,1092
100000063,878,338,540
100000064,1317,381,936
100000065,389,727,-338
100000066,162,633,-471
100000067,349,658,-309
100000068,453,1323,-870
100000069,294,1133,-839
100000072,280,699,-419
100000073,956,901,55
100000075,795,331,464
100000076,1887,3078,-1191
100000077,289,240,49
100000078,52,32,20
100000079,36,48,-12
100000080,45,44,1
100000081,104,158,-54
100000102,2377,2353,24
100000103,1623,1193,430
100000104,3504,2725,779
100000105,2245,1791,454
100000106,2000,2256,-256
100000107,492,1132,-640
100000108,394,851,-457
100000109,1679,1149,530
100000116,1060,838,222
100000117,60,132,-72
100000118,1155,1245,-90
100000119,548,754,-206
100000121,414,464,-50
100000122,590,1081,-491
100000123,2516,3895,-1379
100000124,3162,5847,-2685
100000125,3254,1619,1635
100000126,666,459,207
100000127,1487,457,1030
100000128,821,2376,-1555
100000129,407,436,-29
100000130,474,444,30
100000131,1849,2467,-618
100000132,1052,2868,-1816
100000133,3508,2304,1204
100000135,632,1078,-446
100000139,379,441,-62
100000140,261,304,-43
100000142,523,589,-66
100000143,1454,430,1024
100000144,3139,813,2326
100000147,1090,2930,-1840
100000150,51,402,-351
100000151,910,1126,-216
100000153,169,386,-217
100000154,35,203,-168
100000155,17,36,-19
100000156,387,424,-37
100000157,195,131,64
100000158,313,117,196
100000159,246,732,-486
100000165,1480,898,582
100000169,237,859,-622
100000174,568,838,-270
100000179,118,518,-400
100000180,1904,3082,-1178
100000181,546,221,325
100000188,140,200,-60
100000189,1065,415,650
100000190,699,911,-212
100000191,656,621,35
100000192,78,79,-1
100000193,344,191,153
100000330,1207,868,339
100000355,221,704,-483
100000362,2384,1868,516
100000363,4065,4328,-263
100000364,180,307,-127
100000365,5347,6795,-1448
100000366,5002,2543,2459
100000367,5321,6540,-1219
100000368,1762,1203,559
100000369,996,2055,-1059
100000370,188,925,-737
100000376,64,200,-136
100000379,1762,1773,-11
100000380,3646,4558,-912
100000384,4595,4822,-227
100000385,3584,4521,-937
100000386,5532,4655,877
100000387,4443,5287,-844
100000388,5344,6112,-768
100000389,6366,6045,321
100000390,6976,6176,800
100000391,5171,7512,-2341
100000392,3161,3933,-772
100000393,2376,4680,-2304
100000394,6371,7714,-1343
100000395,4437,4399,38
100000396,6476,3730,2746
100000397,4596,6869,-2273
100000398,8918,6761,2157
100000413,17,10,7
100000414,776,1247,-471
100900002,7,29,-22
100900003,427,223,204
100900004,14,668,-654
100900005,88,18,70
100900006,18,102,-84
100900007,282,4,278
100900008,5,345,-340
100900009,83,107,-24
100900010,46,51,-5
100900011,139,132,7
100900012,1,203,-202
100900013,770,4,766
100900014,1,7,-6
100900015,43,52,-9
100900016,1,25,-24
100900017,721,79,642
100900018,0,19,-19
100900019,13,67,-54
100900020,342,5,337
100900021,385,2,383
100900022,7,25,-18
100900023,0,18,-18
100900024,515,1,514
100900025,37,14,23
100900026,93,67,26
100900027,506,2056,-1550
100900028,112,204,-92
100900029,62,10,52
100900030,5,109,-104
100900031,515,55,460
100900032,275,0,275
100900033,283,211,72
100900034,694,4,690
100900035,377,1,376
100900036,8,2,6
100900037,72,141,-69
100900038,73,55,18
100900039,213,509,-296
100900040,449,528,-79
100900041,534,480,54
100900042,947,1493,-546
100900043,0,20,-20
100900044,1269,484,785
100900045,11,5,6
100900046,978,16,962
100900047,611,115,496
100900048,137,40,97
100900049,134,133,1
100900050,2,6,-4
100900051,61,108,-47
100900052,249,41,208
100900053,377,24,353
100900054,13,57,-44
100900055,184,555,-371
100900056,111,137,-26
100900057,1316,798,518
100900058,218,37,181
100900059,82,10,72
100900060,183,3,180
100900061,307,139,168
100900062,9,28,-19
100900063,245,586,-341
100900064,685,26,659
100900065,70,95,-25
100900066,173,129,44
100900067,11,6,5
100900068,92,86,6
100900069,253,11,242
100900070,299,4,295
100900071,626,151,475
100900072,8,41,-33
100900073,146,304,-158
100900074,4,7,-3
100900075,1489,295,1194
100900076,5,23,-18
100900077,26,52,-26
100900078,101,270,-169
100900079,10,13,-3
100900080,21,145,-124
100900081,29,84,-55
100900082,163,448,-285
100900083,8,20,-12
100900085,11,411,-400
100900086,114,509,-395
100900088,127,362,-235
100900089,5,16,-11
100900090,106,468,-362
100900091,5,11,-6
100900092,225,104,121
100900093,225,297,-72
100900094,135,301,-166
100900095,1,28,-27
100900096,46,119,-73
100900097,4,6,-2
100900098,22,25,-3
100900099,26,312,-286
100900100,30,427,-397
100900101,268,56,212
100900102,72,109,-37
100900103,9,14,-5
100900104,5,143,-138
100900105,30,465,-435
100900106,50,7,43
100900107,1429,710,719
100900108,5,45,-40
100900109,14,15,-1
100900110,4,13,-9
100900111,39,142,-103
100900112,6,13,-7
100900113,13,36,-23
100900114,13,16,-3
100900115,9,24,-15
100900116,762,531,231
100900117,240,831,-591
100900118,30,60,-30
100900119,10,10,0
100900120,8,10,-2
100900121,353,414,-61
100900122,207,186,21
100900123,146,170,-24
100900124,34,13,21
100900125,9,76,-67
100900126,172,204,-32
100900127,6,13,-7
100900128,85,148,-63
100900129,8,236,-228
100900131,100,275,-175
100900133,64,38,26
100900134,0,13,-13
100900135,0,196,-196
100900137,253,166,87
100900138,508,431,77
100900139,5,0,5
100900140,2,341,-339
100900141,4,528,-524
100900142,1,8,-7
100900143,800,352,448
100900144,11,4,7
100900145,134,170,-36
100900146,3,52,-49
100900147,16,618,-602
100900148,26,474,-448
100900149,37,301,-264
100900150,0,14,-14
100900151,131,398,-267
100900152,196,7,189
100900153,12,204,-192
100900154,6,100,-94
100900155,14,22,-8
100900156,40,4,36
100900157,15,231,-216
100900159,1,58,-57
100900160,26,6,20
100900161,62,12,50
100900162,33,235,-202
100900163,166,159,7
100900164,35,62,-27
100900165,8,19,-11
100900166,21,10,11
100900167,9,70,-61
100900168,51,128,-77
100900169,72,753,-681
100900170,15,6,9
100900171,20,456,-436
100900172,1,48,-47
100900173,9,232,-223
100900174,234,37,197
100900176,1442,183,1259
100900177,497,260,237
100900178,284,175,109
100900179,167,356,-189
100900180,5,3,2
100900181,84,58,26
100900182,27,15,12
100900184,13,145,-132
100900186,554,343,211
100900187,13,88,-75
100900188,24,5,19
100900189,1470,203,1267
100900191,787,962,-175
100900192,219,351,-132
100900195,93,205,-112
100900197,17,48,-31
100900198,34,111,-77
100900199,6,7,-1
100900200,563,373,190
100900201,77,554,-477
100900202,149,0,149
100900203,2,281,-279
100900204,339,1199,-860
100900205,148,515,-367
100900206,132,49,83
100900207,278,124,154
100900210,170,336,-166
100900211,568,150,418
100900213,189,56,133
100900214,372,128,244
100900215,16,42,-26
100900217,173,76,97
101000001,3134,2171,963
101000002,5622,5515,107
101000003,479,1113,-634
101000004,960,2827,-1867
101000005,2116,3841,-1725
101000006,1729,4998,-3269
101000007,1760,1987,-227
101000008,7143,3509,3634
101000009,1783,1138,645
101000010,858,894,-36
101000011,1270,383,887
101000012,1207,716,491
101000013,677,997,-320
101000014,488,503,-15
101000015,1214,819,395
101000016,286,444,-158
101000017,706,509,197
101000018,3127,2260,867
101000020,2636,1421,1215
101000021,733,488,245
101000022,107,58,49
101000023,1284,682,602
101000025,87,115,-28
101000026,271,28,243
101000027,1401,2047,-646
101000028,1106,248,858
101000029,238,1691,-1453
101000030,1467,76,1391
101000031,662,771,-109
101000032,6764,4704,2060
101000033,2118,3547,-1429
101000034,1848,1659,189
101000035,1408,395,1013
101000036,1571,1099,472
101000037,2392,1929,463
101000039,2786,2812,-26
101000040,3153,4218,-1065
101000041,7765,7553,212
101000042,439,1031,-592
101000043,4910,5591,-681
101000045,1460,938,522
101000046,2873,1630,1243
101000047,1936,3695,-1759
101000048,764,508,256
101000049,630,2084,-1454
101000050,1501,1508,-7
101000051,1533,2547,-1014
101000052,1478,1018,460
101000053,920,1495,-575
101000054,1631,920,711
101000055,1231,1192,39
101000056,33,82,-49
101000057,1715,1409,306
101000058,1212,1232,-20
101000059,2000,2172,-172
101000060,1551,733,818
101000061,650,1389,-739
101000062,875,782,93
101000063,568,929,-361
101000064,907,1025,-118
101000065,430,457,-27
101000066,997,940,57
101000067,1156,1120,36
101000068,346,511,-165
101000069,209,98,111
101000070,871,1189,-318
101000071,1809,900,909
101000072,711,2742,-2031
101000073,709,1113,-404
101000074,4777,3418,1359
101000075,3922,5652,-1730
101000077,1610,1143,467
101000078,704,1216,-512
101000079,699,415,284
101000080,736,567,169
101000081,1648,1575,73
101000082,2697,2709,-12
101000083,2494,2130,364
101000084,1244,822,422
101000085,1358,1040,318
101000086,923,1067,-144
101000087,799,890,-91
101000088,1309,1053,256
101000089,1065,1403,-338
101000090,1670,1131,539
101000091,481,668,-187
101000092,1123,797,326
101000093,1438,721,717
101000094,1004,822,182
101000095,475,492,-17
101000096,390,468,-78
101000097,393,480,-87
101000098,370,502,-132
101000099,759,938,-179
101000100,809,860,-51
101000101,286,386,-100
101000102,711,509,202
101000103,684,461,223
101000104,368,616,-248
101000105,362,465,-103
101000106,577,905,-328
101000107,266,360,-94
101000108,579,218,361
101000109,380,58,322
101000110,42,314,-272
101000111,134,214,-80
101000113,394,909,-515
101000114,8730,8107,623
101000115,189,235,-46
101000116,133,117,16
101000117,1328,312,1016
101000119,60,57,3
101000120,150,47,103
101000121,65,61,4
101000122,144,106,38
101000123,68,139,-71
101000124,530,257,273
101000125,210,390,-180
101000128,307,418,-111
101000130,514,733,-219
101000131,910,518,392
101000132,618,722,-104
101000135,30,42,-12
101000136,390,155,235
101000137,31,311,-280
101000141,1155,3137,-1982
101000147,876,442,434
101000148,966,15,951
101000149,310,434,-124
101000150,85,503,-418
101000151,257,39,218
101000152,295,275,20
101000153,372,203,169
101000154,248,718,-470
101000155,278,122,156
101000156,18,314,-296
101000157,34,29,5
101000160,58,59,-1
101000163,177,364,-187
101000164,396,227,169
101000165,239,345,-106
101000166,209,304,-95
101000168,849,324,525
101000252,1972,871,1101
101000254,233,107,126
101000258,31,11,20
101000261,119,54,65
101000262,954,2826,-1872
101000263,209,1079,-870
101000265,89,743,-654
101000266,653,296,357
101000269,39,11,28
101000290,1179,2824,-1645
101000293,29,70,-41
101000294,657,441,216
101000295,194,353,-159
101000301,735,499,236
101000304,1669,2589,-920
101000305,2339,1160,1179
101000328,160,509,-349
101900001,21,75,-54
101900002,0,19,-19
101900003,49,83,-34
101900004,2,70,-68
101900005,2502,2158,344
101900006,1092,377,715
101900007,747,125,622
101900008,92,334,-242
101900009,46,406,-360
101900010,668,602,66
101900011,108,876,-768
101900012,299,162,137
101900013,697,192,505
101900017,12,143,-131
101900018,856,230,626
101900019,219,150,69
101900020,118,81,37
101900021,1,52,-51
101900022,131,828,-697
101900023,151,172,-21
101900026,112,36,76
101900027,11,114,-103
102000001,1382,2591,-1209
102000002,580,319,261
102000003,2913,5705,-2792
102000004,3515,2004,1511
102000005,1298,2250,-952
102000006,2808,1862,946
102000007,1457,3912,-2455
102000008,2035,1370,665
102000009,5428,6670,-1242
102000010,3393,2327,1066
102000011,4587,4010,577
102000012,6606,4027,2579
102000018,1753,2215,-462
102000019,2214,1144,1070
102000026,149,439,-290
102000029,219,181,38
102000030,120,347,-227
102000031,66,135,-69
102000032,487,302,185
102000033,276,279,-3
102000034,489,335,154
102000035,913,608,305
102000036,13,226,-213
102000038,53,74,-21
102000039,230,95,135
102000040,341,189,152
102000041,129,391,-262
102000042,152,311,-159
102000043,204,192,12
102000044,300,417,-117
102000045,694,757,-63
102000046,904,619,285
102000047,683,833,-150
102000048,241,475,-234
102000049,831,749,82
102000050,1034,980,54
102000051,436,604,-168
102000052,914,731,183
102000053,711,705,6
102000054,723,881,-158
102000055,1089,515,574
102000056,1014,925,89
102000057,1394,555,839
102000058,1047,1061,-14
102000059,1125,1026,99
102000060,1181,1048,133
102000061,1629,1504,125
102000062,1613,949,664
102000063,1118,1388,-270
102000064,719,812,-93
102000065,59,143,-84
102000066,879,778,101
102000067,1677,2248,-571
102000068,8332,2759,5573
102000069,104,2067,-1963
102000070,1296,39,1257
102000071,6611,8798,-2187
102000072,2501,3949,-1448
102000073,1136,1049,87
102000074,567,830,-263
102000075,135,359,-224
102000076,310,594,-284
102000077,635,675,-40
102000078,890,606,284
102000079,155,228,-73
102000080,67,77,-10
102000081,306,716,-410
102000082,877,856,21
102000083,552,229,323
102000084,395,224,171
102000085,1611,826,785
102000086,1107,777,330
102000087,738,1387,-649
102000088,385,248,137
102000089,1252,359,893
102000090,443,934,-491
102000091,1471,516,955
102000092,306,545,-239
102000093,870,787,83
102000094,827,555,272
102000095,798,847,-49
102000096,553,695,-142
102000097,653,667,-14
102000098,465,671,-206
102000099,789,746,43
102000100,546,1358,-812
102000101,810,722,88
102000102,253,1259,-1006
102000103,1310,416,894
102000104,571,300,271
102000105,271,491,-220
102000106,836,470,366
102000107,737,362,375
102000108,707,200,507
102000109,814,436,378
102000110,513,379,134
102000111,773,695,78
102000112,182,128,54
102000113,20,35,-15
102000114,690,563,127
102000115,252,267,-15
102000116,460,494,-34
102000117,166,604,-438
102000118,1019,1429,-410
102000119,1345,866,479
102000120,264,305,-41
102000121,785,751,34
102000122,570,743,-173
102000123,1189,957,232
102000124,1133,1000,133
102000125,928,806,122
102000126,786,720,66
102000127,855,633,222
102000128,678,763,-85
102000129,1201,781,420
102000130,749,806,-57
102000131,1349,675,674
102000132,726,1171,-445
102000133,1968,1400,568
102000134,771,769,2
102000135,669,678,-9
102000136,898,424,474
102000137,700,804,-104
102000138,233,342,-109
102000139,118,592,-474
102000140,259,641,-382
102000141,169,362,-193
102000142,282,342,-60
102000143,138,340,-202
102000144,311,381,-70
102000145,359,396,-37
102000146,379,270,109
102000147,492,399,93
102000148,203,402,-199
102000149,171,305,-134
102000150,383,94,289
102000151,90,157,-67
102000152,185,159,26
102000153,1027,593,434
102000154,240,503,-263
102000155,91,274,-183
102000156,295,113,182
102000157,113,341,-228
102000158,391,394,-3
102000159,697,390,307
102000161,2641,1632,1009
102000162,271,227,44
102000163,125,553,-428
102000164,742,939,-197
102000165,280,134,146
102000166,159,178,-19
102000167,332,215,117
102000168,234,212,22
102000169,128,475,-347
102000170,470,214,256
102000171,198,216,-18
102000172,121,346,-225
102000173,424,224,200
102000174,82,54,28
102000175,155,94,61
102000176,57,41,16
102000178,248,342,-94
102000179,376,197,179
102000180,781,356,425
102000181,764,447,317
102000182,599,479,120
102000183,1578,1340,238
102000184,730,271,459
102000185,2466,1038,1428
102000186,1493,1060,433
102000187,1066,1427,-361
102000188,1068,1176,-108
102000189,2402,1419,983
102000190,526,2130,-1604
102000191,881,471,410
102000192,1177,1280,-103
102000193,46,81,-35
102000194,61,123,-62
102000195,386,392,-6
102000196,259,279,-20
102000197,653,320,333
102000198,236,556,-320
102000199,932,262,670
102000200,340,748,-408
102000201,987,338,649
102000202,6,69,-63
102000203,397,169,228
102000204,495,571,-76
102000205,915,385,530
102000206,559,438,121
102000207,656,384,272
102000208,338,415,-77
102000209,100,30,70
102000210,342,339,3
102000211,391,211,180
102000212,337,22,315
102000213,6,261,-255
102000214,270,10,260
102000215,10,302,-292
102000216,57,71,-14
102000217,1,109,-108
102000218,253,230,23
102000219,362,191,171
102000225,498,718,-220
102000226,2116,989,1127
102000227,157,1,156
102000228,0,72,-72
102000229,44,61,-17
102000230,262,342,-80
102000231,618,369,249
102000232,44,162,-118
102000233,739,610,129
102000234,125,881,-756
102000236,339,121,218
102000237,341,99,242
102000238,297,376,-79
102000240,495,750,-255
102000241,156,136,20
102000243,92,108,-16
102000245,23,111,-88
102000246,10,27,-17
102000247,903,742,161
102000248,869,1183,-314
102000249,593,390,203
102000250,127,254,-127
102000254,160,234,-74
102000266,16,265,-249
102000271,13,0,13
102000286,367,336,31
102000297,1736,909,827
102000303,0,0,0
102000305,0,0,0
102000307,0,1,-1
102900001,1064,582,482
102900002,298,27,271
102900003,75,197,-122
102900005,456,214,242
102900006,530,116,414
102900007,428,15,413
102900008,192,48,144
102900009,340,326,14
102900010,298,762,-464
102900011,1273,272,1001
102900012,353,108,245
102900013,41,45,-4
102900015,594,490,104
102900016,60,86,-26
102900017,192,391,-199
102900018,50,93,-43
102900019,281,330,-49
102900020,144,29,115
102900021,39,74,-35
102900022,500,206,294
102900023,63,41,22
102900024,57,46,11
102900025,166,98,68
102900026,265,1572,-1307
102900027,74,71,3
102900028,140,653,-513
102900029,144,153,-9
102900030,351,298,53
102900031,169,142,27
102900032,82,77,5
102900033,137,159,-22
102900034,360,61,299
102900035,131,328,-197
102900036,266,323,-57
102900037,309,324,-15
102900038,391,340,51
102900039,10,465,-455
102900040,114,231,-117
102900041,70,156,-86
102900042,200,248,-48
102900043,157,152,5
102900044,555,1409,-854
102900045,156,455,-299
102900046,128,168,-40
102900047,158,503,-345
102900048,501,396,105
102900049,153,308,-155
102900050,193,256,-63
102900051,139,168,-29
102900053,337,441,-104
102900054,490,990,-500
102900055,132,218,-86
102900056,92,295,-203
102900057,8,64,-56
102900058,286,61,225
102900059,35,60,-25
102900060,98,301,-203
102900061,170,336,-166
102900062,229,740,-511
102900063,1148,399,749
102900064,127,335,-208
102900065,958,351,607
102900066,387,16,371
102900068,88,58,30
102900070,211,397,-186
102900072,10,47,-37
102900073,90,10,80
102900075,38,68,-30
102900076,112,127,-15
102900077,29,32,-3
102900078,50,86,-36
102900079,184,4,180
102900080,337,23,314
102900081,77,286,-209
102900082,12,184,-172
102900083,217,11,206
102900084,5,32,-27
102900085,347,113,234
102900086,22,71,-49
102900087,135,109,26
102900088,36,15,21
102900089,160,88,72
102900090,2,234,-232
102900091,147,7,140
102900092,247,587,-340
102900094,0,157,-157
102900095,125,4,121
102900096,72,17,55
102900097,5,71,-66
103000001,2015,2274,-259
103000002,1965,2209,-244
103000003,2898,2353,545
103000004,918,606,312
103000005,1555,2800,-1245
103000006,740,1280,-540
103000007,400,527,-127
103000008,580,340,240
103000009,1130,910,220
103000010,216,155,61
103000011,1296,1016,280
103000012,1239,1215,24
103000013,3019,1595,1424
103000014,1313,2152,-839
103000015,1261,647,614
103000016,509,1278,-769
103000017,245,335,-90
103000018,611,255,356
103000019,315,300,15
103000020,2003,1182,821
103000021,1677,1830,-153
103000022,584,758,-174
103000023,643,1669,-1026
103000024,72,149,-77
103000025,115,648,-533
103000026,672,120,552
103000027,277,635,-358
103000028,314,294,20
103000029,206,333,-127
103000030,1208,980,228
103000031,1012,1847,-835
103000032,1971,1385,586
103000033,2774,2709,65
103000034,1186,872,314
103000035,378,1205,-827
103000036,360,456,-96
103000037,482,493,-11
103000038,424,805,-381
103000039,413,287,126
103000040,402,746,-344
103000041,1645,1621,24
103000042,1179,367,812
103000043,591,681,-90
103000044,318,160,158
103000046,405,357,48
103000047,500,571,-71
103000048,168,185,-17
103000049,76,162,-86
103000050,702,382,320
103000051,489,404,85
103000052,633,300,333
103000053,162,470,-308
103000054,2285,1104,1181
103000055,1724,1786,-62
103000056,768,1126,-358
103000057,801,244,557
103000058,662,651,11
103000059,574,682,-108
103000060,788,459,329
103000061,427,778,-351
103000062,956,436,520
103000063,752,790,-38
103000064,178,167,11
103000065,8,377,-369
103000066,220,17,203
103000069,442,335,107
103000070,892,637,255
103000071,1193,511,682
103000072,88,473,-385
103000073,534,111,423
103000074,577,103,474
103000075,97,522,-425
103000076,280,343,-63
103000077,30,312,-282
103000078,842,606,236
103000079,529,608,-79
103000080,800,319,481
103000081,428,1187,-759
103000082,509,150,359
103000083,99,329,-230
103000084,116,9,107
103000085,2,130,-128
103000086,446,391,55
103000087,99,528,-429
103000088,301,253,48
103000089,239,472,-233
103000090,2157,793,1364
103000091,512,451,61
103000092,235,241,-6
103000093,278,347,-69
103000094,161,86,75
103000095,82,230,-148
103000096,598,103,495
103000097,67,542,-475
103000098,618,108,510
103000099,223,560,-337
103000100,107,499,-392
103000101,763,95,668
103000102,99,417,-318
103000103,624,123,501
103000104,69,81,-12
103000105,144,69,75
103000106,9,131,-122
103000107,166,52,114
103000108,1049,786,263
103000109,424,384,40
103000110,484,439,45
103000111,444,365,79
103000112,284,199,85
103000113,400,571,-171
103000114,1292,388,904
103000115,588,556,32
103000116,598,437,161
103000117,469,404,65
103000118,384,466,-82
103000119,817,393,424
103000120,43,103,-60
103000121,255,666,-411
103000122,494,729,-235
103000125,19,242,-223
103000126,663,6,657
103000127,3,147,-144
103000128,199,4,195
103000129,1,92,-91
103000130,48,44,4
103000131,169,93,76
103000132,76,263,-187
103000133,22,182,-160
103000134,368,671,-303
103000135,543,304,239
103000136,507,360,147
103000137,373,555,-182
103000138,602,713,-111
103000139,4,54,-50
103000140,121,25,96
103000141,71,129,-58
103000142,138,66,72
103000143,54,213,-159
103000144,136,61,75
103000145,34,396,-362
103000150,126,72,54
103000152,177,216,-39
103000153,209,187,22
103000156,8,277,-269
103000157,543,3,540
103000159,99,23,76
103000162,89,37,52
103000163,17,67,-50
103000164,20,7,13
103000165,67,195,-128
103000166,264,273,-9
103000167,236,109,127
103000168,96,153,-57
103000169,227,406,-179
103000170,936,368,568
103000171,55,79,-24
103000172,486,281,205
103000173,604,363,241
103000174,195,287,-92
103000175,406,229,177
103000176,780,583,197
103000177,436,321,115
103000178,196,242,-46
103000179,180,40,140
103000183,109,34,75
103000185,115,35,80
103000186,109,115,-6
103000187,531,258,273
103000188,9,84,-75
103000189,725,773,-48
103000191,360,343,17
103000292,1023,1795,-772
103000293,945,2022,-1077
103000295,51,95,-44
103000296,459,13,446
103000297,8,42,-34
103000504,27,14,13
103000505,15,44,-29
103000506,1,203,-202
103000507,185,6,179
103000508,58,55,3
103000509,715,662,53
103900001,0,153,-153
103900002,834,118,716
103900003,966,30,936
103900004,102,0,102
103900005,4,151,-147
103900006,3,1,2
103900007,42,4,38
103900008,7,3,4
103900010,175,313,-138
103900012,13,42,-29
103900014,52,11,41
103900015,63,13,50
103900017,18,65,-47
103900018,498,135,363
103900019,84,365,-281
103900020,164,428,-264
103900021,325,51,274
103900022,1078,587,491
103900023,125,0,125
103900024,69,336,-267
103900025,16,33,-17
103900026,217,2,215
103900027,587,171,416
103900028,157,361,-204
103900029,1074,145,929
103900030,254,110,144
103900031,70,37,33
103900032,78,74,4
103900033,66,15,51
103900034,21,106,-85
103900035,69,43,26
103900036,37,43,-6
103900037,74,60,14
103900038,92,214,-122
103900039,71,230,-159
103900040,4,95,-91
103900041,47,70,-23
103900042,55,262,-207
103900043,149,57,92
103900044,74,211,-137
103900045,349,152,197
103900047,93,13,80
103900048,80,31,49
103900049,176,1023,-847
103900050,14,84,-70
103900051,1,36,-35
103900052,194,336,-142
103900053,200,433,-233
103900054,139,221,-82
103900055,362,192,170
103900056,46,42,4
103900057,27,92,-65
103900058,261,415,-154
103900059,1,63,-62
103900060,62,178,-116
103900061,155,26,129
103900062,308,96,212
103900063,26,14,12
103900064,99,1,98
103900065,642,263,379
103900066,141,25,116
103900067,223,11,212
103900068,11,0,11
103900069,66,9,57
103900070,125,179,-54
103900071,17,69,-52
103900072,19,140,-121
103900073,43,19,24
103900074,122,60,62
103900075,217,58,159
103900076,519,471,48
103900077,34,93,-59
103900078,413,102,311
103900079,166,168,-2
103900080,9,24,-15
103900081,121,34,87
103900082,14,148,-134
103900083,1170,796,374
103900084,62,146,-84
103900085,74,128,-54
103900086,643,340,303
103900088,284,477,-193
103900089,58,125,-67
103900090,1,163,-162
103900091,988,165,823
103900092,572,454,118
103900093,91,257,-166
103900094,24,92,-68
103900095,248,191,57
103900096,18,140,-122
103900097,9,260,-251
103900098,146,82,64
103900099,43,101,-58
103900100,202,304,-102
103900101,143,903,-760
103900102,8,23,-15
103900104,1,15,-14
103900105,98,173,-75
103900106,1,153,-152
103900107,176,173,3
103900108,79,245,-166
103900109,108,67,41
103900110,190,58,132
103900111,58,439,-381
103900112,43,87,-44
103900113,117,186,-69
103900114,381,231,150
103900115,218,177,41
103900116,3624,2537,1087
103900117,104,48,56
103900119,32,100,-68
103900120,100,88,12
103900122,89,209,-120
103900123,1020,474,546
103900124,46,354,-308
103900125,96,41,55
103900126,538,251,287
103900127,209,294,-85
103900128,381,201,180
103900131,29,100,-71
103900133,884,79,805
103900134,0,6,-6
103900135,0,7,-7
103900137,1,19,-18
103900138,133,215,-82
103900139,222,2098,-1876
103900140,5,127,-122
103900141,205,29,176
103900142,148,88,60
103900143,36,5,31
103900144,0,21,-21
103900145,150,189,-39
103900146,262,182,80
103900147,301,84,217
103900148,516,366,150
103900149,332,529,-197
103900150,4936,3417,1519
103900151,41,173,-132
103900152,553,339,214
103900153,2,1,1
103900154,427,1388,-961
103900155,56,152,-96
103900156,40,104,-64
103900157,41,143,-102
103900158,76,105,-29
103900159,167,41,126
103900160,47,30,17
103900161,99,143,-44
103900162,208,354,-146
103900163,7,331,-324
103900167,11,69,-58
103900168,105,82,23
103900169,59,42,17
103900170,5,80,-75
103900171,2,29,-27
103900172,6,21,-15
103900173,21,12,9
103900174,152,37,115
103900175,32,52,-20
103900176,25,27,-2
103900177,8,55,-47
103900178,40,39,1
103900179,98,129,-31
103900180,6,83,-77
103900181,26,42,-16
103900182,37,3,34
103900184,337,83,254
103900185,101,354,-253
103900187,13,45,-32
103900188,46,15,31
103900189,114,6,108
103900190,62,43,19
103900191,15,41,-26
103900192,36,71,-35
103900193,87,103,-16
103900194,90,235,-145
103900195,8,81,-73
103900196,139,24,115
103900197,15,21,-6
103900198,21,42,-21
103900199,136,47,89
103900200,172,113,59
103900201,88,182,-94
103900202,5,48,-43
103900203,38,28,10
103900204,0,71,-71
103900207,0,39,-39
103900208,89,0,89
103900209,3,99,-96
103900210,40,32,8
103900211,524,219,305
103900212,297,344,-47
103900213,48,245,-197
103900214,291,179,112
103900215,229,337,-108
103900216,7,260,-253
103900217,393,36,357
103900218,9,293,-284
103900219,197,190,7
103900233,24,1,23
103900235,18,20,-2
103900236,40,4,36
103900242,4,13,-9
103900243,5,3,2
103900244,94,158,-64
103900245,86,150,-64
103900246,36,55,-19
103900247,27,112,-85
103900248,16,83,-67
103900249,12,70,-58
103900250,27,50,-23
103900251,2,32,-30
103900253,9,59,-50
103900254,3,29,-26
103900255,8,21,-13
103900256,13,19,-6
103900257,134,97,37
103900258,27,7,20
103900259,79,2,77
103900261,15,6,9
103900262,32,4,28
103900263,39,53,-14
103900264,56,29,27
103900265,33,9,24
103900266,3,115,-112
103900267,2,62,-60
103900268,15,65,-50
103900269,147,29,118
103900270,69,95,-26
103900271,48,66,-18
103900272,42,53,-11
103900273,29,38,-9
103900274,106,5,101
103900275,48,7,41
103900276,9,49,-40
103900277,4,54,-50
103900278,8,30,-22
103900279,3,29,-26
103900280,1,61,-60
104000001,2281,1562,719
104000002,1627,1916,-289
104000003,2058,1791,267
104000004,2282,2065,217
104000005,1462,1489,-27
104000006,2880,2294,586
104000007,3712,3731,-19
104000008,170,212,-42
104000009,178,102,76
104000010,180,314,-134
104000011,364,185,179
104000012,156,216,-60
104000013,204,217,-13
104000014,201,432,-231
104000015,340,146,194
104000016,457,298,159
104000018,866,165,701
104000019,594,234,360
104000020,143,411,-268
104000021,233,398,-165
104000022,128,263,-135
104000023,687,271,416
104000024,234,260,-26
104000026,46,222,-176
104000027,205,191,14
104000028,419,194,225
104000029,371,243,128
104000030,297,179,118
104000031,1346,305,1041
104000032,216,181,35
104000033,582,433,149
104000034,302,185,117
104000035,798,356,442
104000036,771,368,403
104000037,273,197,76
104000038,547,476,71
104000039,181,171,10
104000040,287,257,30
104000041,838,360,478
104000042,216,261,-45
104000043,202,298,-96
104000044,195,496,-301
104000045,798,763,35
104000046,826,1018,-192
104000047,788,831,-43
104000048,869,1048,-179
104000049,458,268,190
104000050,154,462,-308
104000051,90,448,-358
104000052,1924,1857,67
104000053,826,409,417
104000054,249,258,-9
104000055,2729,1680,1049
104000056,1019,296,723
104000057,244,450,-206
104000058,733,652,81
104000059,521,847,-326
104000060,878,1001,-123
104000061,1008,829,179
104000062,544,170,374
104000064,510,342,168
104000065,185,580,-395
104000069,760,1122,-362
104000070,56,424,-368
104000071,340,437,-97
104000072,636,298,338
104000075,53,250,-197
104000076,344,59,285
104000082,1827,2736,-909
104000083,710,162,548
104000084,100,440,-340
104000085,238,271,-33
104000086,191,354,-163
104000087,361,1544,-1183
104000090,729,894,-165
104000092,1083,1455,-372
104000094,852,1013,-161
104000095,1555,1223,332
104000096,1344,163,1181
104000097,1586,602,984
104000098,2129,677,1452
104000100,1542,486,1056
104000101,973,1293,-320
104000106,96,609,-513
104000107,546,337,209
104000108,231,369,-138
104000109,368,82,286
104000110,685,760,-75
104000111,2445,1955,490
104000112,1353,434,919
104000116,2,631,-629
104000117,225,401,-176
104000118,513,178,335
104000119,540,246,294
104000120,257,515,-258
104000121,191,580,-389
104000122,657,673,-16
104000123,550,686,-136
104000124,648,1250,-602
104000125,2363,3560,-1197
104000126,365,378,-13
104000127,1115,1733,-618
104000128,506,305,201
104000129,307,27,280
104000130,6,202,-196
104000131,520,461,59
104000132,370,543,-173
104000133,1333,691,642
104000134,885,1410,-525
104000135,423,1677,-1254
104000136,705,3408,-2703
104000137,1532,441,1091
104000138,788,263,525
104000139,4006,2284,1722
104000141,1021,995,26
104000142,556,467,89
104000143,548,403,145
104000144,91,154,-63
104000145,388,190,198
104000146,215,394,-179
104000147,100,206,-106
104000148,380,154,226
104000149,127,194,-67
104000150,889,508,381
104000151,290,273,17
104000152,419,416,3
104000153,607,507,100
104000154,759,424,335
104000155,408,551,-143
104000157,899,1099,-200
104000158,394,592,-198
104000159,764,609,155
104000160,1669,1739,-70
104000161,148,122,26
104000162,82,124,-42
104000165,989,884,105
104000167,553,917,-364
104000168,575,19,556
104000169,136,41,95
104000170,301,476,-175
104000248,272,423,-151
104000251,51,158,-107
104000272,0,0,0
104000273,0,0,0
104000274,0,0,0
104000275,0,0,0
104000279,2411,1818,593
104000290,78,197,-119
104000291,498,929,-431
104000293,815,653,162
104000294,31,0,31
104000295,555,654,-99
104000296,401,552,-151
104000297,872,1673,-801
104000298,1692,724,968
104000299,643,1145,-502
104000302,115,156,-41
104000303,188,168,20
104900001,129,231,-102
104900002,60,193,-133
104900003,38,202,-164
104900004,76,202,-126
104900005,250,193,57
104900006,273,113,160
104900007,199,156,43
104900009,106,226,-120
104900010,75,24,51
104900011,41,35,6
104900012,255,35,220
104900013,120,16,104
104900014,1578,231,1347
104900015,68,3,65
104900016,197,112,85
104900017,144,132,12
104900018,8,169,-161
104900019,208,2774,-2566
104900020,52,269,-217
104900021,0,123,-123
104900022,8,149,-141
104900023,1,44,-43
104900024,19,172,-153
104900025,73,167,-94
104900026,0,25,-25
104900027,438,254,184
104900028,26,93,-67
104900029,42,43,-1
104900030,479,180,299
104900031,70,165,-95
104900032,36,62,-26
104900033,224,239,-15
104900034,328,134,194
104900035,344,180,164
104900036,206,67,139
104900037,100,164,-64
104900038,268,678,-410
104900039,428,351,77
104900040,354,81,273
104900041,224,137,87
104900042,123,180,-57
104900043,19,186,-167
104900044,680,145,535
104900045,400,48,352
104900046,244,126,118
104900047,263,95,168
104900048,276,76,200
104900049,31,30,1
104900050,342,77,265
104900051,299,36,263
104900052,37,1,36
104900053,373,95,278
104900054,138,15,123
104900055,109,1,108
104900056,160,28,132
104900057,35,1,34
104900058,516,278,238
104900059,193,48,145
104900061,157,297,-140
104900063,23,122,-99
104900064,1,60,-59
104900065,0,149,-149
104900066,0,69,-69
104900067,5,208,-203
104900068,13,118,-105
104900070,153,179,-26
104900071,1,345,-344
104900072,48,226,-178
104900073,51,111,-60
104900074,32,129,-97
104900075,67,21,46
104900076,73,185,-112
104900077,537,180,357
104900078,154,301,-147
104900079,85,450,-365
104900080,93,373,-280
104900082,11,295,-284
104900085,7,145,-138
104900089,174,2,172
104900091,414,345,69
104900093,207,375,-168
104900097,1712,1877,-165
104900098,87,33,54
104900099,60,314,-254
104900100,377,132,245
104900102,66,93,-27
104900103,342,41,301
104900106,73,74,-1
104900107,112,122,-10
104900108,43,131,-88
104900109,82,132,-50
104900110,9,40,-31
104900111,147,89,58
104900112,221,449,-228
104900113,585,241,344
104900114,329,286,43
104900115,621,287,334
104900116,213,127,86
104900118,8,44,-36
104900119,5,45,-40
104900120,32,251,-219
104900121,1,50,-49
104900122,6,35,-29
104900123,77,11,66
104900124,43,0,43
104900125,347,111,236
104900126,44,36,8
104900127,22,48,-26
104900128,103,110,-7
104900129,1043,1610,-567
105000001,2375,1285,1090
105000002,2313,1294,1019
105000003,2751,2842,-91
105000004,492,651,-159
105000005,800,898,-98
105000006,1262,1627,-365
105000007,1057,1493,-436
105000008,1479,3386,-1907
105000009,2163,3143,-980
105000010,2118,1383,735
105000011,2961,3047,-86
105000012,2768,2383,385
105000013,973,1047,-74
105000014,1866,2500,-634
105000015,8029,12823,-4794
105000016,2217,1781,436
105000017,1478,690,788
105000018,1105,1304,-199
105000019,1051,853,198
105000020,241,375,-134
105000021,337,149,188
105000022,273,96,177
105000023,450,331,119
105000028,62,112,-50
105000029,388,1213,-825
105000030,3098,2095,1003
105000031,1,23,-22
105000033,1304,1828,-524
105000034,130,937,-807
105000037,515,221,294
105000038,1449,1757,-308
105000039,1798,1453,345
105000040,818,1168,-350
105000041,806,967,-161
105000042,2998,1613,1385
105000043,1489,1774,-285
105000044,618,465,153
105000045,275,525,-250
105000046,1095,276,819
105000047,486,976,-490
105000048,749,226,523
105000049,205,394,-189
105000050,685,297,388
105000051,139,340,-201
105000052,484,729,-245
105000053,149,107,42
105000054,282,705,-423
105000055,820,279,541
105000056,1439,1781,-342
105000057,1401,651,750
105000058,1066,872,194
105000059,619,537,82
105000060,497,435,62
105000061,620,493,127
105000062,507,592,-85
105000063,279,382,-103
105000064,1329,723,606
105000065,347,430,-83
105000066,817,962,-145
105000067,1295,720,575
105000068,356,640,-284
105000069,1424,1569,-145
105000070,508,892,-384
105000071,236,790,-554
105000072,1205,2153,-948
105000073,750,474,276
105000074,834,570,264
105000075,457,739,-282
105000076,997,868,129
105000077,2178,907,1271
105000078,938,1276,-338
105000079,1050,3014,-1964
105000080,1449,1152,297
105000081,3371,1375,1996
105000082,885,1883,-998
105000083,4219,3813,406
105000084,589,667,-78
105000085,1630,2017,-387
105000086,692,797,-105
105000087,1366,1568,-202
105000088,1274,1539,-265
105000089,2269,1658,611
105000090,679,669,10
105000091,1106,1243,-137
105000092,497,651,-154
105000093,326,284,42
105000094,361,210,151
105000095,131,535,-404
105000096,1124,1162,-38
105000097,594,524,70
105000098,847,673,174
105000099,913,984,-71
105000100,1330,1005,325
105000101,1724,1740,-16
105000102,1526,1485,41
105000103,1251,2159,-908
105000104,2475,945,1530
105000105,1326,1393,-67
105000106,1195,1152,43
105000107,1355,598,757
105000108,1366,998,368
105000109,1345,1157,188
105000110,829,401,428
105000111,718,566,152
105000112,1171,502,669
105000113,372,664,-292
105000114,1856,994,862
105000115,306,1091,-785
105000116,805,512,293
105000117,972,758,214
105000118,491,359,132
105000119,518,574,-56
105000120,938,485,453
105000121,658,641,17
105000122,489,588,-99
105000123,912,891,21
105000124,1726,689,1037
105000125,762,1256,-494
105000126,1840,1351,489
105000127,2050,1330,720
105000128,563,863,-300
105000129,601,393,208
105000130,341,2922,-2581
105000131,563,300,263
105000132,872,635,237
105000133,385,765,-380
105000134,753,607,146
105000135,445,469,-24
105000136,124,304,-180
105000137,524,193,331
105000138,194,248,-54
105000139,833,701,132
105000140,528,449,79
105000141,269,449,-180
105000142,235,424,-189
105000143,148,518,-370
105000144,208,615,-407
105000145,613,367,246
105000146,361,730,-369
105000147,687,319,368
105000148,1001,598,403
105000149,2383,1900,483
105000150,1474,1158,316
105000151,357,290,67
105000152,157,401,-244
105000153,534,579,-45
105000154,537,384,153
105000155,265,773,-508
105000156,599,588,11
105000157,598,1138,-540
105000158,1516,714,802
105000159,312,701,-389
105000160,1692,506,1186
105000161,644,666,-22
105000162,535,1338,-803
105000163,901,580,321
105000164,188,201,-13
105000165,580,4393,-3813
105000166,3664,809,2855
105000167,1322,1270,52
105000168,452,383,69
105000169,509,283,226
105000170,171,1052,-881
105000171,934,155,779
105000172,174,30,144
105000173,150,43,107
105000174,63,53,10
105000175,65,84,-19
105000176,386,122,264
105000177,348,174,174
105000178,184,383,-199
105000179,542,183,359
105000180,117,106,11
105000181,146,208,-62
105000182,40,55,-15
105000183,1644,1797,-153
105000184,964,1149,-185
105000185,1054,1219,-165
105000186,585,893,-308
105000187,789,218,571
105000188,245,173,72
105000189,137,504,-367
105000190,257,294,-37
105000191,382,357,25
105000192,268,60,208
105000193,55,124,-69
105000194,558,130,428
105000195,264,618,-354
105000196,126,265,-139
105000197,283,471,-188
105000198,529,260,269
105000199,248,722,-474
105000200,114,239,-125
105000201,97,22,75
105000203,19,147,-128
105000204,104,65,39
105000205,114,147,-33
105000207,391,161,230
105000208,207,486,-279
105000209,196,290,-94
105000211,291,14,277
105000212,1122,772,350
105000213,149,143,6
105000214,137,237,-100
105000215,304,174,130
105000216,174,319,-145
105000217,144,304,-160
105000218,1387,964,423
105000221,164,134,30
105000222,589,182,407
105000223,398,214,184
105000226,119,178,-59
105000227,49,123,-74
105000228,179,1608,-1429
105000229,168,465,-297
105000231,355,228,127
105000233,773,588,185
105000234,434,1146,-712
105000235,281,466,-185
105000237,706,66,640
105000243,25,33,-8
105000248,54,53,1
105000262,262,863,-601
105000269,114,199,-85
105000270,406,33,373
105000271,2,155,-153
105000282,78,42,36
105000287,310,75,235
105000288,505,371,134
105000289,2557,1864,693
105000290,47,19,28
105000402,2493,3182,-689
105000426,455,533,-78
105000438,3795,1591,2204
105000440,70,30,40
105000446,8125,4822,3303
105000447,4324,1962,2362
105000454,510,463,47
105000455,249,160,89
105000474,65,0,65
105000477,417,526,-109
105000478,1670,4064,-2394
105000479,116,124,-8
105000480,9383,7158,2225
105000481,4653,3371,1282
105000482,3962,6862,-2900
105000483,1675,1951,-276
105000484,2188,2977,-789
105000485,1611,3307,-1696
105000486,2779,2134,645
105000488,9673,4931,4742
105000489,779,693,86
105000549,139,131,8
105000550,336,1250,-914
105000551,36,114,-78
105000552,2279,1386,893
105000555,1458,1047,411
105000556,49,36,13
105000557,70,162,-92
105900001,5,2009,-2004
105900002,885,567,318
105900003,17,108,-91
105900004,159,85,74
105900005,5,337,-332
105900006,12,75,-63
105900007,48,19,29
105900008,61,362,-301
105900009,17,13,4
105900011,78,30,48
105900012,388,82,306
105900013,1,37,-36
105900014,1,37,-36
105900015,148,309,-161
105900016,486,405,81
105900017,1257,23,1234
105900018,166,128,38
105900019,104,469,-365
105900020,65,41,24
105900021,21,216,-195
105900022,250,150,100
105900023,5,78,-73
105900024,13,330,-317
105900025,176,20,156
105900026,194,10,184
105900027,8975,4087,4888
105900028,430,402,28
105900029,1391,281,1110
105900030,156,194,-38
105900031,225,179,46
105900032,55,108,-53
105900033,96,88,8
105900034,204,140,64
105900035,150,99,51
105900036,100,94,6
105900037,92,63,29
105900038,139,226,-87
105900039,122,79,43
105900040,71,81,-10
105900041,141,116,25
105900042,42,131,-89
105900043,978,32,946
105900044,2,178,-176
105900045,3,590,-587
105900046,3,179,-176
105900047,19,30,-11
105900048,99,352,-253
105900050,2824,4843,-2019
105900051,43,931,-888
105900052,419,109,310
105900053,2196,2269,-73
105900054,266,140,126
105900056,430,301,129
105900057,46,112,-66
105900058,5,18,-13
105900059,0,29,-29
106000001,3435,2131,1304
106000002,1716,4407,-2691
106000003,2712,3161,-449
106000004,1508,2395,-887
106000005,3161,4347,-1186
106000006,4556,2693,1863
106000007,496,516,-20
106000008,534,327,207
106000009,578,350,228
106000010,565,466,99
106000011,1042,824,218
106000012,631,736,-105
106000013,1692,1675,17
106000014,1351,1157,194
106000015,1608,1154,454
106000016,1471,1911,-440
106000017,662,626,36
106000018,510,410,100
106000019,377,434,-57
106000020,361,274,87
106000021,335,370,-35
106000022,274,186,88
106000023,534,301,233
106000024,445,349,96
106000025,154,163,-9
106000026,118,293,-175
106000027,1448,1189,259
106000028,549,376,173
106000029,653,833,-180
106000030,464,409,55
106000034,164,411,-247
106000035,951,1732,-781
106000036,199,368,-169
106000037,1613,1143,470
106000038,244,116,128
106000039,92,85,7
106000040,136,768,-632
106000041,602,485,117
106000043,532,233,299
106000046,383,56,327
106000047,52,354,-302
106000049,898,235,663
106000050,246,463,-217
106000051,646,385,261
106000052,109,402,-293
106000053,360,109,251
106000054,249,343,-94
106000055,1010,735,275
106000056,218,295,-77
106000057,368,251,117
106000058,120,101,19
106000059,329,235,94
106000060,215,314,-99
106000061,200,447,-247
106000062,149,365,-216
106000063,730,506,224
106000064,33,205,-172
106000065,300,282,18
106000066,98,235,-137
106000067,388,75,313
106000068,59,444,-385
106000069,218,53,165
106000070,377,649,-272
106000071,927,248,679
106000072,2228,1295,933
106000073,1258,2730,-1472
106000074,667,549,118
106000075,317,1083,-766
106000076,1509,1672,-163
106000077,2739,1058,1681
106000078,871,653,218
106000079,520,708,-188
106000080,1055,489,566
106000081,656,899,-243
106000082,1952,676,1276
106000083,402,1112,-710
106000084,1024,577,447
106000085,1110,1206,-96
106000086,539,702,-163
106000087,824,468,356
106000088,363,610,-247
106000089,931,288,643
106000090,264,495,-231
106000091,281,345,-64
106000092,603,216,387
106000093,254,107,147
106000094,148,232,-84
106000095,734,618,116
106000096,782,504,278
106000097,1049,652,397
106000098,636,780,-144
106000099,206,993,-787
106000100,1241,240,1001
106000101,989,435,554
106000102,285,916,-631
106000103,229,540,-311
106000104,875,375,500
106000105,454,533,-79
106000106,659,388,271
106000107,135,227,-92
106000108,390,299,91
106000109,207,197,10
106000110,249,274,-25
106000111,205,324,-119
106000112,212,497,-285
106000113,624,474,150
106000114,427,522,-95
106000115,192,318,-126
106000116,279,194,85
106000117,768,249,519
106000118,1086,1150,-64
106000119,755,585,170
106000120,775,1035,-260
106000121,205,108,97
106000122,136,122,14
106000123,459,143,316
106000124,69,154,-85
106000125,21,160,-139
106000126,278,96,182
106000127,773,720,53
106000128,778,190,588
106000129,466,368,98
106000130,699,266,433
106000131,125,525,-400
106000132,541,119,422
106000133,1721,990,731
106000134,516,1635,-1119
106000135,191,459,-268
106000136,607,794,-187
106000137,79,637,-558
106000138,980,93,887
106000139,40,94,-54
106000140,45,50,-5
106000141,117,39,78
106000142,98,57,41
106000143,49,47,2
106000144,63,48,15
106000145,166,165,1
106000146,346,115,231
106000147,642,469,173
106000148,878,839,39
106000149,602,403,199
106000150,460,1592,-1132
106000151,3018,696,2322
106000152,889,1488,-599
106000153,94,1541,-1447
106000154,1298,182,1116
106000155,110,260,-150
106000156,596,157,439
106000157,623,1182,-559
106000158,1607,738,869
106000159,2054,1624,430
106000160,422,2152,-1730
106000161,1283,347,936
106000162,376,812,-436
106000163,400,318,82
106000164,386,252,134
106000165,216,423,-207
106000166,598,238,360
106000167,289,724,-435
106000168,517,215,302
106000169,325,417,-92
106000170,767,253,514
106000171,219,961,-742
106000172,2469,1109,1360
106000173,930,2074,-1144
106000174,1046,318,728
106000175,252,581,-329
106000176,1509,676,833
106000177,633,1689,-1056
106000178,2762,1365,1397
106000179,831,1581,-750
106000180,553,896,-343
106000181,764,1459,-695
106000182,1235,633,602
106000183,1246,469,777
106000184,1011,580,431
106000185,715,1211,-496
106000186,679,148,531
106000187,157,747,-590
106000188,0,3,-3
106000189,32,27,5
106000190,28,0,28
106000191,549,178,371
106000192,4,24,-20
106000193,397,159,238
106000194,131,339,-208
106000195,296,119,177
106000196,114,359,-245
106000197,696,254,442
106000198,136,191,-55
106000199,949,545,404
106000200,221,169,52
106000201,357,2091,-1734
106000202,2789,495,2294
106000203,35,167,-132
106000204,157,19,138
106000205,35,118,-83
106000206,120,23,97
106000207,26,498,-472
106000208,1285,182,1103
106000209,1284,404,880
106000210,305,732,-427
106000211,236,791,-555
106000212,721,440,281
106000213,505,1521,-1016
106000214,1961,517,1444
106000215,278,392,-114
106000216,292,280,12
106000217,231,319,-88
106000218,474,352,122
106000219,175,247,-72
106000220,420,279,141
106000221,203,181,22
106000222,78,119,-41
106000223,289,72,217
106000224,223,126,97
106000225,116,76,40
106000226,128,184,-56
106000228,35,70,-35
106000229,93,589,-496
106000231,993,119,874
106000232,63,286,-223
106000233,415,90,325
106000234,61,179,-118
106000235,392,101,291
106000236,166,79,87
106000237,0,14,-14
106000238,37,13,24
106000239,10,104,-94
106000240,59,5,54
106000241,27,535,-508
106000242,234,26,208
106000249,74,55,19
106000250,85,412,-327
106000251,100,33,67
106000252,14,54,-40
106000253,56,86,-30
106000254,114,35,79
106000255,14,168,-154
106000256,48,36,12
106000257,107,164,-57
106000258,159,25,134
106000259,11,66,-55
106000260,37,7,30
106000261,0,43,-43
106000262,70,15,55
106000263,25,26,-1
106000264,228,20,208
106000265,9,113,-104
106000266,100,28,72
106000267,6,59,-53
106000268,436,73,363
106000269,53,33,20
106000270,118,356,-238
106000271,86,188,-102
106000272,189,50,139
106000273,11,196,-185
106000274,137,24,113
106000275,106,225,-119
106000276,117,40,77
106000277,112,259,-147
106000278,187,25,162
106000279,26,43,-17
106000280,78,53,25
106000281,83,54,29
106000282,63,54,9
106000283,101,47,54
106000284,56,81,-25
106000285,100,77,23
106000286,96,135,-39
106000287,109,70,39
106000288,95,156,-61
106000289,86,53,33
106000290,46,79,-33
106000291,79,78,1
106000292,109,81,28
106000293,128,87,41
106000294,129,101,28
106000295,51,55,-4
106000296,34,54,-20
106000297,39,166,-127
106000298,105,76,29
106000299,55,92,-37
106000300,46,85,-39
106000301,29,110,-81
106000303,12,61,-49
106000304,48,32,16
106000305,31,28,3
106000306,32,51,-19
106000307,48,34,14
106000308,28,79,-51
106000309,12,45,-33
106000310,297,387,-90
106000311,335,113,222
106000312,114,143,-29
106000313,184,189,-5
106000318,82,378,-296
106000319,835,216,619
106000320,3,87,-84
106000321,205,151,54
106000322,186,99,87
106000324,21,116,-95
106000325,1571,763,808
106000326,1340,1652,-312
106000327,190,124,66
106000328,58,124,-66
106000329,287,203,84
106000330,122,72,50
106000428,68,163,-95
106000429,168,426,-258
106000430,355,981,-626
106000431,2038,355,1683
106000432,1564,2236,-672
106000433,2176,1327,849
106000434,3047,1329,1718
106000435,1092,1948,-856
106000436,23,190,-167
106000437,214,50,164
106000438,244,167,77
106000439,38,522,-484
106000440,211,725,-514
106000441,2,0,2
106000442,148,5,143
106000443,165,260,-95
106000450,3,131,-128
106000451,35,50,-15
106000454,1,141,-140
106000455,29,130,-101
106000456,91,38,53
106000457,7,685,-678
106000458,868,73,795
106000459,142,260,-118
106000460,1545,27,1518
106000461,95,777,-682
106000462,0,32,-32
106000463,6,16,-10
106000464,2,371,-369
106000465,650,3,647
106000466,2,394,-392
106000467,316,364,-48
106000468,82,95,-13
106000469,120,0,120
106000470,206,1378,-1172
106000471,16,390,-374
106000472,147,9,138
106000473,28,7,21
106000474,450,413,37
106000475,464,256,208
106000476,204,220,-16
106000477,50,114,-64
106000480,2,232,-230
106900001,0,3,-3
106900002,3,293,-290
106900003,170,1453,-1283
106900004,0,20,-20
106900006,0,2,-2
106900007,0,2,-2
106900008,338,132,206
106900009,276,230,46
106900010,226,180,46
106900012,1060,1676,-616
106900013,452,123,329
106900014,20,0,20
106900015,6,0,6
106900016,257,7,250
106900017,1,0,1
106900018,2,0,2
106900019,28,0,28
106900020,2590,1361,1229
106900021,141,147,-6
106900022,643,8,635
106900023,7,165,-158
106900024,502,45,457
106900025,31,683,-652
106900026,1,310,-309
106900027,684,2,682
107000001,3531,3399,132
107000002,1621,2836,-1215
107000003,5418,5843,-425
107000004,3416,3242,174
107000005,4567,5125,-558
107000006,3177,2571,606
107000007,5353,9102,-3749
107000008,7158,5461,1697
107000009,7186,7446,-260
107000010,8560,7637,923
107000011,1040,1012,28
107000012,3228,2342,886
107000013,233,126,107
107000014,71,162,-91
107000015,499,608,-109
107000016,697,671,26
107000017,2460,2099,361
107000018,20,1534,-1514
107000020,1760,2167,-407
107000021,1109,428,681
107000022,818,1694,-876
107000023,1969,183,1786
107000024,552,1218,-666
107000025,211,341,-130
107000026,306,393,-87
107000027,1317,903,414
107000028,1203,1055,148
107000029,3378,2941,437
107000030,2707,2320,387
107000031,4164,2335,1829
107000032,378,736,-358
107000033,2526,3503,-977
107000034,3287,1318,1969
107000035,350,216,134
107000036,332,1106,-774
107000037,83,677,-594
107000038,260,230,30
107000039,922,759,163
107000040,154,273,-119
107000041,1232,637,595
107000042,588,1725,-1137
107000043,2153,929,1224
107000044,471,280,191
107000045,114,258,-144
107000046,703,378,325
107000047,495,708,-213
107000048,628,257,371
107000049,648,701,-53
107000050,1069,484,585
107000051,320,310,10
107000052,1054,942,112
107000053,324,203,121
107000054,60,280,-220
107000055,342,149,193
107000056,559,759,-200
107000057,1675,246,1429
107000058,2059,1934,125
107000059,1593,2596,-1003
107000060,4446,4862,-416
107000061,3930,2705,1225
107000062,4512,2760,1752
107000063,3483,3582,-99
107000064,4688,2570,2118
107000065,3378,3632,-254
107000066,2127,2931,-804
107000067,1087,1237,-150
107000068,1225,757,468
107000069,867,513,354
107000070,1179,46,1133
107000071,3221,44,3177
107000072,50,1664,-1614
107000073,744,356,388
107000074,136,962,-826
107000075,1759,490,1269
107000076,512,868,-356
107000077,3629,1401,2228
107000078,1999,2122,-123
107000079,2605,1115,1490
107000080,1128,2247,-1119
107000081,1923,496,1427
107000082,454,1160,-706
107000083,1321,398,923
107000084,511,1684,-1173
107000085,2985,3156,-171
107000086,3673,3074,599
107000087,2919,1834,1085
107000088,3018,3058,-40
107000089,1499,1530,-31
107000090,987,944,43
107000091,1465,701,764
107000092,828,785,43
107000093,1188,811,377
107000094,954,1103,-149
107000095,846,626,220
107000096,585,614,-29
107000097,829,351,478
107000098,597,576,21
107000099,458,239,219
107000100,221,327,-106
107000101,76,144,-68
107000102,194,294,-100
107000103,296,176,120
107000104,171,258,-87
107000105,373,121,252
107000106,158,216,-58
107000107,551,164,387
107000108,132,410,-278
107000109,567,177,390
107000110,76,429,-353
107000111,454,65,389
107000112,24,272,-248
107000113,691,129,562
107000114,91,365,-274
107000115,597,143,454
107000116,102,583,-481
107000117,140,587,-447
107000118,150,141,9
107000119,1280,1404,-124
107000120,916,445,471
107000121,992,555,437
107000122,1043,735,308
107000123,504,562,-58
107000124,482,609,-127
107000125,1007,595,412
107000126,889,681,208
107000129,206,666,-460
107000130,664,196,468
107000131,365,424,-59
107000132,481,302,179
107000133,586,116,470
107000134,245,0,245
107000135,4,253,-249
107000136,722,10,712
107000137,13,422,-409
107000138,372,33,339
107000139,45,503,-458
107000140,1301,93,1208
107000141,214,737,-523
107000142,391,100,291
107000143,79,627,-548
107000144,524,382,142
107000145,148,393,-245
107000146,221,299,-78
107000147,4175,1019,3156
107000150,509,2458,-1949
107000151,20,59,-39
107000152,378,1404,-1026
107000153,124,297,-173
107000154,210,271,-61
107000155,791,23,768
107000156,1096,28,1068
107000157,72,1125,-1053
107000158,751,11,740
107000159,44,748,-704
107000160,1093,142,951
107000161,95,948,-853
107000162,267,543,-276
107000163,173,28,145
107000164,864,1,863
107000165,985,7,978
107000166,24,868,-844
107000167,608,261,347
107000168,1049,483,566
107000169,667,894,-227
107000170,2248,817,1431
107000171,522,1160,-638
107000172,1262,1506,-244
107000173,768,939,-171
107000174,1091,4374,-3283
107000175,5120,1637,3483
107000176,1,0,1
107000177,4,3,1
107000178,26,33,-7
107000179,298,1560,-1262
107000180,1353,304,1049
107000181,421,911,-490
107000182,1813,706,1107
107000183,158,525,-367
107000184,1031,564,467
107000185,412,968,-556
107000186,959,319,640
107000187,1082,970,112
107000188,584,533,51
107000189,418,898,-480
107000190,548,574,-26
107000191,861,928,-67
107000192,1527,607,920
107000193,407,395,12
107000194,908,562,346
107000197,1107,250,857
107000198,377,606,-229
107000199,716,526,190
107000200,642,531,111
107000201,455,291,164
107000202,264,421,-157
107000203,602,1090,-488
107000204,692,1513,-821
107000205,1427,760,667
107000206,698,1413,-715
107000207,678,887,-209
107000208,752,522,230
107000209,1497,1194,303
107000210,490,259,231
107000211,3,29,-26
107000212,13,204,-191
107000213,11,15,-4
107000214,10,112,-102
107000215,396,255,141
107000216,377,286,91
107000217,205,77,128
107000219,85,127,-42
107000220,119,147,-28
107000222,299,488,-189
107000224,472,71,401
107000225,766,340,426
107000226,406,73,333
107000227,130,161,-31
107000228,152,238,-86
107000229,104,112,-8
107000230,917,393,524
107000231,1188,1688,-500
107000232,134,30,104
107000233,1053,839,214
107000234,2,58,-56
107000235,68,11,57
107000236,12,397,-385
107000237,29,0,29
107000238,29,1,28
107000239,3067,491,2576
107000240,92,761,-669
107000243,0,21,-21
107000244,3,71,-68
107000246,2,1002,-1000
107000249,1,997,-996
107000251,0,361,-361
107000252,5,692,-687
107000255,266,108,158
107000257,1,340,-339
107000258,0,79,-79
107000259,2,106,-104
107000260,884,15,869
107000262,9,351,-342
107000263,336,16,320
107000266,14,8,6
107000267,71,103,-32
107000268,124,104,20
107000269,577,101,476
107000270,2,19,-17
107000271,11,416,-405
107000272,23,88,-65
107000273,14,285,-271
107000274,882,3,879
107000275,602,2439,-1837
107000280,914,29,885
107000281,45,580,-535
107000282,74,607,-533
107000290,11,28,-17
107000291,13,8,5
107000292,3,186,-183
107000293,48,5,43
107000294,2,49,-47
107000295,35,3,32
107000296,1,20,-19
107000444,229,6,223
107000496,1,10,-9
107000497,1136,1744,-608
107000500,387,205,182
107000501,103,153,-50
107000502,187,255,-68
107000505,321,606,-285
107000506,2,112,-110
107000508,7,425,-418
107000509,247,637,-390
107000510,23,30,-7
107000514,35,388,-353
107000515,17,135,-118
107000516,360,226,134
107000518,1111,1351,-240
107000519,1279,892,387
107000520,79,45,34
107000521,687,362,325
107000522,1063,524,539
107900001,70,100,-30
107900002,61,5,56
107900003,204,57,147
107900004,2,0,2
107900005,1274,4,1270
107900006,173,3,170
107900007,269,49,220
107900008,317,24,293
107900009,126,14,112
107900010,43,0,43
107900012,288,41,247
107900013,183,29,154
107900014,31,4,27
107900015,814,12,802
107900016,460,83,377
107900017,22,2,20
107900018,70,145,-75
107900019,16,44,-28
107900020,111,23,88
107900021,92,82,10
107900023,2,2,0
107900024,0,15,-15
107900025,213,167,46
107900026,110,51,59
107900027,35,49,-14
107900028,74,77,-3
107900030,177,38,139
107900031,58,72,-14
107900032,10,2,8
107900033,12,1,11
107900034,303,23,280
107900035,721,40,681
107900036,69,16,53
107900037,0,28,-28
107900038,126,181,-55
107900039,54,64,-10
107900040,32,164,-132
107900041,4,2,2
107900043,28,68,-40
107900044,11,12,-1
107900045,82,50,32
107900046,145,183,-38
107900047,28,36,-8
107900048,159,14,145
107900049,327,1212,-885
107900050,144,258,-114
107900051,68,47,21
107900052,12,39,-27
107900053,44,74,-30
107900055,466,182,284
107900056,125,43,82
107900057,1,0,1
107900058,30,465,-435
107900060,16,46,-30
107900061,11,5,6
107900063,70,154,-84
107900064,192,125,67
107900065,200,8,192
107900066,31,10,21
107900067,0,0,0
107900068,91,589,-498
107900069,31,2165,-2134
107900070,131,47,84
107900071,20,445,-425
107900072,119,144,-25
107900073,125,57,68
107900074,555,263,292
107900076,113,42,71
107900077,72,3,69
107900079,12,31,-19
107900080,148,958,-810
107900081,54,108,-54
107900082,22,14,8
107900083,270,157,113
107900084,90,147,-57
107900086,54,148,-94
107900087,475,142,333
107900088,31,9,22
107900089,173,801,-628
107900090,784,1900,-1116
107900091,132,228,-96
107900093,51,82,-31
107900095,2574,1847,727
107900097,23,44,-21
107900098,48,175,-127
107900100,634,1115,-481
107900101,628,176,452
107900102,35,14,21
107900103,73,139,-66
107900104,262,11,251
107900105,2,263,-261
107900106,3,682,-679
107900107,1918,369,1549
107900108,136,120,16
107900109,1279,24,1255
107900110,58,148,-90
107900111,3,588,-585
107900112,92,283,-191
107900113,179,82,97
107900114,183,189,-6
107900115,2,27,-25
107900116,169,161,8
107900117,266,243,23
107900118,75,96,-21
107900119,56,200,-144
107900120,30,44,-14
107900121,1,159,-158
107900122,3,97,-94
107900123,1,34,-33
107900124,17,46,-29
107900125,22,150,-128
107900126,15,51,-36
107900127,533,233,300
107900128,60,58,2
107900129,71,60,11
107900130,64,11,53
107900131,601,225,376
107900132,87,298,-211
107900133,2,77,-75
107900134,34,72,-38
107900135,10,132,-122
107900136,50,55,-5
107900137,101,89,12
107900138,56,125,-69
107900139,32,38,-6
107900141,49,31,18
107900142,41,569,-528
107900143,359,29,330
107900144,0,138,-138
107900145,16,90,-74
107900146,63,99,-36
107900147,41,40,1
107900148,88,69,19
107900149,632,183,449
107900150,51,427,-376
107900151,40,114,-74
107900152,20,120,-100
107900153,105,233,-128
107900154,41,25,16
107900155,65,77,-12
107900156,1,219,-218
107900157,36,39,-3
107900158,791,41,750
107900159,29,482,-453
107900160,110,215,-105
107900161,41,166,-125
107900162,0,59,-59
107900163,32,64,-32
107900164,14,51,-37
107900165,45,126,-81
107900166,12,133,-121
107900167,19,47,-28
107900168,44,33,11
107900169,14,228,-214
107900171,2,795,-793
107900172,2,221,-219
107900173,19,87,-68
107900174,133,7,126
107900175,20,77,-57
107900176,45,29,16
107900177,0,185,-185
107900178,0,158,-158
107900179,12,129,-117
107900180,433,640,-207
107900181,212,197,15
107900182,3,714,-711
107900183,34,125,-91
107900184,67,211,-144
107900185,134,7,127
107900186,26,34,-8
107900187,1,161,-160
107900188,428,105,323
107900189,37,95,-58
107900190,56,114,-58
107900191,49,71,-22
107900193,11,57,-46
107900194,114,4,110
107900195,1541,254,1287
107900196,86,111,-25
107900197,476,309,167
107900199,1,811,-810
107900201,61,73,-12
107900203,25,62,-37
107900204,159,151,8
107900206,532,404,128
107900207,0,478,-478
107900208,5,398,-393
107900209,287,98,189
107900210,48,75,-27
107900213,445,318,127
107900214,35,81,-46
107900215,132,248,-116
107900216,81,53,28
107900217,46,93,-47
107900218,14,1740,-1726
107900219,37,68,-31
107900220,216,191,25
107900221,125,166,-41
107900223,131,433,-302
107900224,69,291,-222
107900225,4,526,-522
107900226,86,66,20
107900227,103,286,-183
107900228,20,62,-42
107900229,2,172,-170
107900230,12,56,-44
107900231,43,199,-156
107900232,55,126,-71
107900233,21,72,-51
107900234,66,51,15
107900235,12,94,-82
107900236,133,43,90
107900237,49,275,-226
107900238,43,71,-28
107900239,541,376,165
107900240,40,70,-30
107900241,25,62,-37
107900242,27,145,-118
107900243,3,32,-29
107900244,324,0,324
107900245,573,29,544
107900246,449,15,434
107900248,297,190,107
107900249,812,24,788
107900250,0,309,-309
107900251,85,985,-900
107900252,775,32,743
107900253,202,5,197
107900254,60,323,-263
107900255,243,95,148
107900256,1316,2123,-807
107900257,177,82,95
107900258,108,211,-103
107900259,85,1662,-1577
107900261,0,173,-173
107900262,89,80,9
107900264,352,4,348
107900265,112,128,-16
107900267,198,17,181
107900268,15,2,13
107900269,0,2,-2
107900270,0,1,-1
107900271,3,7,-4
107900272,67,26,41
107900273,43,46,-3
107900274,106,0,106
107900275,24,0,24
107900276,1,63,-62
107900277,1,134,-133
107900278,310,405,-95
107900279,67,193,-126
107900280,1910,1205,705
107900281,848,2472,-1624
107900282,50,387,-337
107900283,742,502,240
107900284,585,450,135
107900285,130,73,57
107900286,81,66,15
107900287,183,136,47
107900290,0,94,-94
107900291,490,14,476
107900292,102,131,-29
107900293,61,329,-268
107900295,41,33,8
107900297,0,229,-229
107900298,619,611,8
107900299,1927,1917,10
107900301,414,585,-171
107900302,100,18,82
107900303,198,226,-28
107900304,292,301,-9
107900305,282,16,266
107900306,6,23,-17
107900307,45,203,-158
107900308,164,106,58
107900309,72,3,69
107900310,364,5,359
107900311,9,492,-483
107900312,63,0,63
107900313,0,149,-149
107900314,2,39,-37
107900315,2,32,-30
107900316,32,0,32
107900317,44,15,29
107900318,8,111,-103
107900319,4,140,-136
107900320,0,81,-81
107900321,130,3,127
107900322,1,98,-97
107900323,7,79,-72
107900324,131,2,129
107900325,125,2,123
107900326,301,137,164
107900327,0,62,-62
107900328,97,2,95
107900329,73,92,-19
107900330,4,249,-245
107900331,202,21,181
107900332,273,25,248
107900333,63,11,52
107900334,11,95,-84
107900335,89,29,60
107900336,32,53,-21
107900337,662,704,-42
107900338,2,128,-126
107900339,4,19,-15
107900340,2,47,-45
107900341,56,0,56
107900342,156,106,50
107900343,37,5,32
107900344,11,57,-46
107900345,104,32,72
107900346,23,2,21
107900347,19,2,17
107900348,8,2,6
107900349,20,1,19
107900350,53,164,-111
107900351,4,142,-138
107900352,4,24,-20
107900353,10,4,6
107900354,9,27,-18
108000001,2769,3018,-249
108000002,1471,1695,-224
108000003,3214,3121,93
108000004,9430,11031,-1601
108000005,7611,5902,1709
108000006,6161,5977,184
108000007,4763,3781,982
108000008,4169,4647,-478
108000009,3538,3824,-286
108000010,2813,3464,-651
108000011,10910,10301,609
108000012,13162,11979,1183
108000014,998,798,200
108000015,904,241,663
108000016,234,594,-360
108000017,1032,377,655
108000018,1780,618,1162
108000019,1856,828,1028
108000020,1272,465,807
108000021,290,1369,-1079
108000022,337,997,-660
108000023,1074,205,869
108000024,355,410,-55
108000025,218,82,136
108000026,863,279,584
108000027,672,461,211
108000028,832,216,616
108000029,540,584,-44
108000030,554,205,349
108000031,182,418,-236
108000032,1671,562,1109
108000033,688,806,-118
108000034,1732,421,1311
108000035,647,1629,-982
108000036,397,830,-433
108000037,1715,452,1263
108000038,2300,537,1763
108000039,462,1471,-1009
108000040,1597,731,866
108000041,554,1636,-1082
108000042,335,173,162
108000043,196,417,-221
108000044,545,156,389
108000045,278,258,20
108000046,1328,314,1014
108000047,410,744,-334
108000048,161,305,-144
108000049,872,237,635
108000050,213,603,-390
108000051,394,131,263
108000052,151,455,-304
108000053,416,220,196
108000054,494,823,-329
108000055,980,538,442
108000056,1324,1354,-30
108000057,588,1078,-490
108000058,1879,3391,-1512
108000059,2524,1670,854
108000060,211,629,-418
108000061,345,408,-63
108000062,791,512,279
108000063,396,365,31
108000064,232,202,30
108000065,598,467,131
108000066,1270,666,604
108000067,1867,757,1110
108000068,776,345,431
108000069,253,794,-541
108000070,2067,729,1338
108000071,663,1173,-510
108000072,1825,1041,784
108000073,1171,1439,-268
108000074,704,364,340
108000075,402,622,-220
108000076,856,506,350
108000077,571,474,97
108000078,2187,1238,949
108000079,630,795,-165
108000080,1272,440,832
108000081,659,1555,-896
108000082,870,1345,-475
108000083,1583,945,638
108000084,470,899,-429
108000085,766,430,336
108000086,723,509,214
108000087,180,1816,-1636
108000088,706,193,513
108000089,288,317,-29
108000091,229,364,-135
108000092,153,96,57
108000093,199,373,-174
108000094,533,81,452
108000095,176,240,-64
108000096,286,155,131
108000097,172,296,-124
108000098,1661,1090,571
108000099,1059,303,756
108000100,158,362,-204
108000101,1285,1284,1
108000102,1833,3304,-1471
108000106,1068,2,1066
108000107,1,768,-767
108000108,778,44,734
108000109,10,683,-673
108000110,220,310,-90
108000111,148,471,-323
108000112,52,147,-95
108000113,379,180,199
108000115,320,204,116
108000117,563,318,245
108000118,565,1685,-1120
108000119,545,322,223
108000120,148,720,-572
108000121,207,392,-185
108000122,573,314,259
108000123,675,160,515
108000124,351,243,108
108000125,394,268,126
108000126,169,345,-176
108000127,584,226,358
108000128,527,336,191
108000129,327,590,-263
108000130,486,233,253
108000131,881,446,435
108000132,1450,963,487
108000133,816,440,376
108000134,603,420,183
108000135,946,440,506
108000136,315,1079,-764
108000137,441,259,182
108000138,362,737,-375
108000139,509,258,251
108000140,97,20,77
108000141,30,54,-24
108000142,53,52,1
108000143,33,271,-238
108000144,421,54,367
108000145,40,14,26
108000146,566,65,501
108000147,25,22,3
108000148,567,121,446
108000149,17,9,8
108000150,38,6,32
108000151,222,78,144
108000152,93,355,-262
108000153,518,146,372
108000154,38,14,24
108000155,35,22,13
108000156,923,422,501
108000157,302,894,-592
108000158,83,676,-593
108000159,343,179,164
108000160,2037,980,1057
108000161,1659,2049,-390
108000165,2,137,-135
108000172,4,265,-261
108000173,1254,1826,-572
108000175,556,94,462
108000178,329,238,91
108000179,229,795,-566
108000181,76,45,31
108000182,214,84,130
108000183,63,389,-326
108000184,855,2002,-1147
108000185,198,359,-161
108000186,364,413,-49
108000187,99,323,-224
108000188,582,178,404
108000189,1421,7774,-6353
108000190,83,281,-198
108000192,205,469,-264
108000193,594,25,569
108000194,49,9,40
108000195,1,682,-681
108000196,242,173,69
108000198,742,303,439
108000199,1,212,-211
108000200,487,338,149
108000203,121,494,-373
108000204,111,63,48
108000205,263,296,-33
108000339,1035,312,723
108000364,289,549,-260
108000365,74,292,-218
108000367,185,286,-101
108000368,20,42,-22
108000369,650,229,421
108000371,7,641,-634
108000372,713,11,702
108000373,220,172,48
108000376,84,37,47
108000377,519,190,329
108000378,8068,9145,-1077
108000379,18,208,-190
108000381,49,20,29
108000382,191,0,191
108000383,0,194,-194
108900001,65,951,-886
108900002,167,36,131
108900003,219,478,-259
108900004,229,408,-179
108900007,267,174,93
108900008,113,105,8
108900009,84,118,-34
108900010,222,119,103
108900011,626,292,334
108900012,409,330,79
108900013,159,253,-94
108900014,24,116,-92
108900015,3,124,-121
108900016,1,204,-203
108900017,205,415,-210
108900018,160,255,-95
108900019,27,504,-477
108900020,43,123,-80
108900021,143,193,-50
108900022,81,2,79
108900023,50,36,14
108900024,34,95,-61
108900025,124,108,16
108900026,5,82,-77
108900027,0,55,-55
108900028,86,218,-132
108900029,37,178,-141
108900030,0,62,-62
108900031,128,266,-138
108900032,7,148,-141
108900033,0,74,-74
108900034,0,181,-181
108900035,307,991,-684
108900038,0,228,-228
108900039,2,282,-280
108900040,4,83,-79
108900041,3685,2655,1030
108900042,4,365,-361
108900043,44,340,-296
108900044,2,321,-319
108900045,82,353,-271
108900046,26,446,-420
108900047,27,96,-69
108900048,110,722,-612
108900049,1827,1058,769
108900050,0,148,-148
108900051,3,124,-121
108900052,33,143,-110
108900053,50,156,-106
108900054,75,186,-111
108900055,33,258,-225
108900056,0,115,-115
108900057,1,94,-93
108900058,32,234,-202
108900059,388,35,353
108900060,69,148,-79
108900061,82,22,60
108900062,1,153,-152
108900063,26,189,-163
108900064,243,44,199
108900065,31,155,-124
108900066,416,106,310
108900067,14,119,-105
108900068,4,122,-118
108900069,40,93,-53
108900070,17,67,-50
108900071,110,77,33
108900072,1279,448,831
108900073,55,263,-208
108900074,183,342,-159
108900075,37,41,-4
108900076,308,62,246
108900077,97,390,-293
108900078,32,117,-85
108900079,650,128,522
108900080,20,627,-607
108900081,45,169,-124
108900082,74,103,-29
108900083,31,225,-194
108900085,1596,154,1442
108900086,159,191,-32
108900087,90,129,-39
108900088,858,355,503
108900089,16,117,-101
108900090,61,233,-172
108900091,133,39,94
108900092,488,275,213
108900093,113,95,18
108900094,272,46,226
108900095,36,240,-204
108900096,242,5,237
108900097,315,161,154
108900098,1527,593,934
108900099,430,165,265
108900100,71,96,-25
108900101,187,143,44
108900102,68,792,-724
108900103,91,95,-4
108900105,6,1129,-1123
108900106,484,220,264
108900108,264,63,201
108900109,372,71,301
108900110,185,262,-77
108900111,401,392,9
108900113,47,70,-23
108900114,54,10,44
108900115,57,60,-3
108900116,74,11,63
108900117,198,18,180
108900118,495,32,463
108900119,264,29,235
108900120,230,168,62
108900121,269,56,213
108900122,155,21,134
108900123,169,118,51
108900124,409,174,235
108900125,386,3,383
108900126,95,28,67
108900127,157,26,131
108900128,135,34,101
108900129,670,151,519
108900130,340,0,340
108900131,362,4,358
108900132,418,58,360
108900133,277,53,224
108900134,415,233,182
108900135,142,10,132
108900136,43,1,42
108900137,141,2,139
108900138,714,69,645
108900140,383,268,115
108900141,341,26,315
108900142,88,5,83
108900143,71,0,71
108900144,79,0,79
108900145,212,9,203
108900146,88,0,88
108900147,212,0,212
108900148,54,28,26
108900150,233,7,226
108900151,81,9,72
108900152,174,8,166
108900153,219,209,10
108900154,4268,328,3940
108900156,55,11,44
108900157,16,397,-381
108900158,291,18,273
108900159,2,137,-135
108900160,7,226,-219
108900161,7,308,-301
108900162,136,1,135
108900163,3,232,-229
108900164,63,98,-35
108900168,5098,1958,3140
108900169,70,91,-21
108900171,4525,2654,1871
108900172,160,35,125
108900173,122,276,-154
108900174,824,592,232
108900176,127,306,-179
108900177,3555,4594,-1039
108900178,2449,3006,-557
108900180,94,297,-203
108900183,150,177,-27
108900184,410,200,210
108900185,73,242,-169
108900186,51,356,-305
108900189,336,101,235
108900190,41,1739,-1698
108900192,57,194,-137
108900195,111,195,-84
108900196,30,247,-217
108900199,272,313,-41
108900200,519,402,117
108900201,356,1046,-690
108900203,373,99,274
108900204,291,19,272
108900205,142,26,116
108900206,388,67,321
108900207,206,80,126
108900208,16,279,-263
108900209,182,386,-204
108900210,122,143,-21
108900211,155,444,-289
108900212,420,1216,-796
108900215,73,352,-279
108900216,410,177,233
108900217,83,0,83
108900218,115,21,94
108900221,47,160,-113
108900224,29,119,-90
108900225,3,193,-190
108900227,79,215,-136
108900230,193,168,25
108900232,1,136,-135
108900233,312,59,253
108900234,348,116,232
108900235,177,388,-211
108900236,43,229,-186
108900240,87,96,-9
108900241,32,32,0
108900245,6,1002,-996
108900250,225,85,140
108900258,18,166,-148
108900259,182,55,127
108900260,17,69,-52
108900261,103,115,-12
108900262,160,136,24
108900263,29,129,-100
108900264,521,220,301
108900265,724,431,293
108900266,523,492,31
108900267,3,100,-97
108900268,20,6,14
108900269,138,19,119
108900270,71,11,60
108900271,53,35,18
108900272,208,14,194
108900273,688,827,-139
108900274,118,62,56
109000001,2527,1632,895
109000002,1210,1415,-205
109000003,2339,398,1941
109000004,437,1712,-1275
109000005,2227,577,1650
109000006,685,1720,-1035
109000007,1512,561,951
109000008,508,1427,-919
109000009,3274,1239,2035
109000010,941,2372,-1431
109000011,3181,1857,1324
109000012,1517,2585,-1068
109000013,3256,2720,536
109000014,1505,2303,-798
109000015,4244,8315,-4071
109000016,4429,2631,1798
109000017,2279,1130,1149
109000018,1187,2547,-1360
109000019,2386,1307,1079
109000020,1056,1842,-786
109000023,213,26,187
109000024,6,183,-177
109000025,292,437,-145
109000026,620,274,346
109000027,89,296,-207
109000028,126,57,69
109000029,92,155,-63
109000030,82,470,-388
109000031,157,145,12
109000032,134,412,-278
109000033,292,192,100
109000034,50,52,-2
109000035,28,72,-44
109000036,60,282,-222
109000037,243,1364,-1121
109000038,357,284,73
109000039,843,649,194
109000040,2091,5996,-3905
109000041,1725,1511,214
109000042,434,894,-460
109000044,369,177,192
109000045,249,337,-88
109000046,299,68,231
109000047,89,332,-243
109000048,1127,589,538
109000049,255,532,-277
109000050,510,601,-91
109000051,328,218,110
109000052,484,617,-133
109000053,1216,289,927
109000054,111,285,-174
109000055,170,238,-68
109000056,348,237,111
109000057,636,485,151
109000058,1449,248,1201
109000059,473,879,-406
109000060,473,480,-7
109000061,783,773,10
109000062,114,306,-192
109000063,189,128,61
109000064,301,139,162
109000065,147,146,1
109000066,379,49,330
109000067,77,192,-115
109000068,2279,28,2251
109000069,983,24,959
109000070,8,1430,-1422
109000071,414,86,328
109000072,113,452,-339
109000073,59,82,-23
109000074,34,126,-92
109000075,48,281,-233
109000076,233,263,-30
109000077,323,349,-26
109000078,107,150,-43
109000079,157,128,29
109000080,229,70,159
109000081,182,352,-170
109000082,716,161,555
109000083,291,429,-138
109000088,120,308,-188
109000089,325,77,248
109000090,127,304,-177
109000091,279,219,60
109000092,311,299,12
109000093,202,189,13
109000094,481,2,479
109000095,81,248,-167
109000096,692,256,436
109000097,79,123,-44
109000098,43,164,-121
109000099,880,272,608
109000100,212,460,-248
109000101,1404,515,889
109000102,298,597,-299
109000103,932,502,430
109000104,1607,449,1158
109000105,406,830,-424
109000106,1703,660,1043
109000107,554,1339,-785
109000108,1676,490,1186
109000109,398,1244,-846
109000110,1080,495,585
109000111,755,1400,-645
109000112,341,83,258
109000113,368,116,252
109000114,132,254,-122
109000115,1105,112,993
109000116,23,583,-560
109000117,199,72,127
109000118,7,227,-220
109000119,1475,227,1248
109000120,234,467,-233
109000121,820,89,731
109000122,145,522,-377
109000123,43,159,-116
109000124,636,307,329
109000125,664,240,424
109000126,364,575,-211
109000127,1541,326,1215
109000128,520,881,-361
109000129,1919,739,1180
109000130,773,1580,-807
109000131,1586,1002,584
109000132,1045,2024,-979
109000133,249,767,-518
109000134,735,1101,-366
109000135,1220,1614,-394
109000136,290,267,23
109000137,272,400,-128
109000138,378,232,146
109000139,506,383,123
109000140,215,481,-266
109000141,817,470,347
109000142,156,401,-245
109000143,87,89,-2
109000145,60,323,-263
109000146,72,75,-3
109000148,2328,1135,1193
109000149,33,49,-16
109000150,134,222,-88
109000155,761,579,182
109000156,933,524,409
109000158,88,233,-145
109000159,87,409,-322
109000160,842,221,621
109000161,321,789,-468
109000162,1627,566,1061
109000163,942,1270,-328
109000164,1202,1920,-718
109000165,1101,441,660
109000166,677,76,601
109000167,105,321,-216
109000170,59,27,32
109000171,68,39,29
109000172,53,67,-14
109000173,30,76,-46
109000174,72,50,22
109000175,110,274,-164
109000176,276,204,72
109000177,29,75,-46
109000178,683,229,454
109000179,3314,4156,-842
109000180,3877,3232,645
109000181,22,14,8
109000182,22,19,3
109000183,19,20,-1
109000184,67,28,39
109000185,51,64,-13
109000188,364,1133,-769
109000189,1890,720,1170
109000190,522,373,149
109000191,305,332,-27
109000192,504,248,256
109000193,245,241,4
109000194,228,134,94
109000195,145,263,-118
109000196,372,113,259
109000197,196,259,-63
109000198,342,50,292
109000199,139,314,-175
109000206,219,29,190
109000207,129,42,87
109000208,71,81,-10
109000209,95,111,-16
109000210,142,448,-306
109000211,537,410,127
109000214,442,534,-92
109000215,152,69,83
109000216,311,273,38
109000217,197,95,102
109000218,309,164,145
109000221,407,752,-345
109000222,846,266,580
109000223,303,345,-42
109000224,53,102,-49
109000225,157,60,97
109000226,102,172,-70
109000227,927,656,271
109000228,5,1419,-1414
109000231,48,206,-158
109000232,323,225,98
109000236,210,750,-540
109000241,1946,1606,340
109000242,1694,1111,583
109000293,62,154,-92
109000361,142,245,-103
109000364,252,405,-153
109000396,2,282,-280
109000397,559,16,543
109000399,124,308,-184
109000400,90,221,-131
109000403,92,1281,-1189
109000406,304,2,302
109000407,268,152,116
109000408,0,502,-502
109000410,1033,291,742
109000411,240,29,211
109000412,8,59,-51
109900001,91,0,91
109900002,652,10,642
109900003,220,1,219
109900005,28,10,18
109900006,372,129,243
109900007,829,394,435
109900008,1,26,-25
109900009,100,347,-247
109900010,594,21,573
109900011,101,42,59
109900012,242,212,30
109900013,302,176,126
109900014,418,88,330
109900015,461,252,209
109900016,136,14,122
109900017,154,180,-26
109900018,202,50,152
109900019,239,26,213
109900020,55,57,-2
109900021,62,38,24
109900022,206,172,34
109900023,19,17,2
109900024,30,30,0
109900025,11,10,1
109900027,51,66,-15
109900028,847,1021,-174
109900029,2,156,-154
109900030,50,8,42
109900031,4,96,-92
109900032,7,243,-236
109900033,7,395,-388
109900034,52,7,45
109900035,40,18,22
109900036,11,40,-29
109900037,23,260,-237
109900038,134,204,-70
109900039,11,3,8
109900040,33,324,-291
109900041,54,262,-208
109900042,20,559,-539
109900044,72,163,-91
109900045,211,102,109
109900046,162,111,51
109900047,235,236,-1
109900048,35,89,-54
109900049,8,35,-27
109900050,2,92,-90
109900051,0,37,-37
109900052,73,229,-156
109900053,1,172,-171
109900054,676,209,467
109900055,73,203,-130
109900056,19,173,-154
109900057,6,83,-77
109900058,0,87,-87
109900060,433,86,347
109900061,64,180,-116
109900062,0,110,-110
109900064,491,176,315
109900065,58,88,-30
109900066,299,541,-242
109900067,2,160,-158
109900068,71,6,65
109900069,11,27,-16
109900071,1,32,-31
109900072,26,113,-87
109900073,345,295,50
109900074,4,29,-25
109900075,22,26,-4
109900076,30,222,-192
109900077,31,42,-11
109900078,68,239,-171
109900080,95,183,-88
109900081,29,204,-175
109900082,43,233,-190
109900083,19,50,-31
109900084,50,120,-70
109900085,150,437,-287
109900086,149,509,-360
109900087,342,439,-97
109900089,658,192,466
109900092,439,24,415
109900093,857,160,697
109900094,80,97,-17
109900095,106,145,-39
109900096,25,2,23
109900097,89,2,87
109900098,324,39,285
109900099,176,1,175
109900100,43,2,41
109900101,480,14,466
109900102,386,26,360
109900103,34,34,0
109900104,547,507,40
109900105,529,16,513
109900106,311,47,264
109900107,634,79,555
109900108,105,218,-113
109900109,30,112,-82
109900111,166,502,-336
109900114,580,1254,-674
109900115,153,81,72
109900117,878,144,734
109900121,363,466,-103
109900123,12,123,-111
109900125,0,111,-111
109900126,259,84,175
109900130,4215,1983,2232
109900131,44,104,-60
109900132,42,115,-73
109900134,100,72,28
109900135,305,85,220
109900137,116,205,-89
109900140,189,133,56
109900149,51,67,-16
109900150,7,123,-116
109900151,7,55,-48
109900152,2,34,-32
109900153,0,72,-72
109900154,175,1,174
109900155,88,33,55
109900157,51,215,-164
109900159,129,28,101
109900161,276,52,224
109900162,147,78,69
109900163,438,178,260
109900164,59,191,-132
109900165,191,0,191
109900166,1,100,-99
109900167,221,308,-87
109900168,201,467,-266
109900169,188,167,21
109900170,192,834,-642
109900171,157,76,81
109900172,212,178,34
109900173,1968,1937,31
109900174,46,83,-37
109900175,68,57,11
109900176,121,116,5
109900177,56,158,-102
109900178,7,166,-159
109900179,46,10,36
109900180,9,8,1
110000001,927,460,467
110000002,538,768,-230
110000003,667,557,110
110000004,439,608,-169
110000005,330,1540,-1210
110000006,327,264,63
110000007,106,91,15
110000008,19,64,-45
110000009,37,33,4
110000010,23,48,-25
110000011,43,53,-10
110000012,594,236,358
110000013,59,483,-424
110000014,598,397,201
110000015,223,712,-489
110000016,180,1334,-1154
110000017,2445,251,2194
110000018,2009,377,1632
110000019,10,76,-66
110000020,575,202,373
110000021,498,339,159
110000022,659,129,530
110000023,6,146,-140
110000024,570,399,171
110000025,322,4,318
110000026,8,225,-217
110000027,567,957,-390
110000028,889,649,240
110000029,506,626,-120
110000030,230,276,-46
110000031,299,313,-14
110000032,587,307,280
110000033,246,202,44
110000034,426,537,-111
110000035,793,482,311
110000036,794,530,264
110000037,171,356,-185
110000038,187,566,-379
110000039,729,3107,-2378
110000040,501,311,190
110000041,271,1415,-1144
110000042,142,395,-253
110000043,806,282,524
110000044,104,543,-439
110000045,1099,153,946
110000046,18,107,-89
110000047,61,46,15
110000048,16,58,-42
110000049,44,14,30
110000050,7,35,-28
110000051,23,9,14
110000052,39,37,2
110000053,53,12,41
110000054,266,279,-13
110000055,436,60,376
110000056,151,104,47
110000057,396,521,-125
110000058,936,370,566
110000059,961,544,417
110000060,881,796,85
110000061,723,608,115
110000062,581,780,-199
110000063,42,95,-53
110000064,99,57,42
110000065,78,65,13
110000066,67,41,26
110000067,69,125,-56
110000068,271,96,175
110000069,228,82,146
110000071,158,97,61
110000073,17,12,5
110000075,14,51,-37
110000076,273,222,51
110000077,282,669,-387
110000078,28,30,-2
110000080,271,468,-197
110000081,42,202,-160
110000082,67,282,-215
110000083,203,537,-334
110000084,1225,778,447
110000085,1449,1403,46
110000086,1296,1913,-617
110000087,10,56,-46
110000088,76,216,-140
110000089,230,84,146
110000090,93,169,-76
110000091,782,215,567
110000092,16,61,-45
110000093,73,7,66
110000094,416,218,198
110000095,195,440,-245
110000096,1481,1620,-139
110000097,1014,1135,-121
110000098,1933,565,1368
110000099,720,1303,-583
110000100,888,367,521
110000101,35,212,-177
110000102,110,59,51
110000104,336,139,197
110000105,59,225,-166
110000106,598,421,177
110000107,240,368,-128
110000108,147,75,72
110000109,197,211,-14
110000110,1838,1192,646
110000111,2337,2072,265
110000112,947,1205,-258
110000113,236,2113,-1877
110000114,202,497,-295
110000115,331,202,129
110000116,53,55,-2
110000117,256,243,13
110000118,375,110,265
110000119,240,227,13
110000120,300,125,175
110000121,72,343,-271
110000122,1177,448,729
110000123,528,631,-103
110000124,1,764,-763
110000125,967,8,959
110000126,254,30,224
110000127,1049,53,996
110000128,28,769,-741
110000129,4,461,-457
110000130,338,157,181
110000131,108,419,-311
110000132,7,555,-548
110000133,32,363,-331
110000134,17,311,-294
110000135,192,31,161
110000136,75,250,-175
110000137,531,409,122
110000138,656,585,71
110000139,840,754,86
110000140,984,625,359
110000143,562,315,247
110000144,4221,1734,2487
110000145,1518,1369,149
110000146,1139,635,504
110000147,376,573,-197
110000148,638,173,465
110000151,942,2093,-1151
110000152,1978,660,1318
110000153,79,17,62
110000154,15,17,-2
110000155,947,3739,-2792
110000156,859,1882,-1023
110000157,1023,2134,-1111
110000160,460,280,180
110000161,194,239,-45
110000166,503,96,407
110000167,823,396,427
110000168,927,474,453
110000169,797,366,431
110000170,102,62,40
110000171,484,139,345
110000172,172,607,-435
110000173,825,838,-13
110000174,150,682,-532
110000175,656,45,611
110000176,104,284,-180
110000177,189,738,-549
110000178,349,1467,-1118
110000179,1075,265,810
110000180,194,207,-13
110000181,463,469,-6
110000182,266,108,158
110000183,6390,5861,529
110000184,291,1911,-1620
110000185,1100,680,420
110000186,641,632,9
110000191,1023,261,762
110000192,589,9,580
110000193,1037,15,1022
110000194,14,732,-718
110000195,477,223,254
110000196,372,244,128
110000197,82,92,-10
110000198,393,64,329
110000199,356,126,230
110000200,1019,486,533
110000201,960,870,90
110000202,1101,471,630
110000203,632,516,116
110000204,9,209,-200
110000205,113,47,66
110000206,479,893,-414
110000207,1100,383,717
110000208,245,215,30
110000209,136,909,-773
110000210,1251,411,840
110000211,1029,826,203
110000212,373,871,-498
110000213,194,147,47
110000214,274,211,63
110000215,205,219,-14
110000216,105,202,-97
110000217,355,157,198
110000218,203,192,11
110000219,311,61,250
110000220,81,147,-66
110000221,310,61,249
110000222,60,153,-93
110000223,8,124,-116
110000224,58,12,46
110000225,285,603,-318
110000226,268,55,213
110000227,796,672,124
110000228,338,115,223
110000229,0,174,-174
110000230,705,713,-8
110000231,208,135,73
110000232,388,209,179
110000233,218,220,-2
110000234,719,1066,-347
110000235,858,923,-65
110000236,610,551,59
110000237,2142,1247,895
110000238,1767,1266,501
110000239,1795,1033,762
110000240,0,94,-94
110000242,0,22,-22
110000243,124,115,9
110000244,111,495,-384
110000245,50,394,-344
110000246,666,467,199
110000247,967,2010,-1043
110000248,1660,422,1238
110000249,107,11,96
110000250,23,147,-124
110000251,242,378,-136
110000252,206,138,68
110000253,1205,590,615
110000254,531,893,-362
110000255,169,730,-561
110000256,420,241,179
110000257,476,192,284
110000258,7,386,-379
110000259,119,9,110
110000260,27,187,-160
110000263,473,80,393
110000264,249,349,-100
110000265,1114,1620,-506
110000266,1611,2584,-973
110000267,30,165,-135
110000268,236,327,-91
110000269,6,78,-72
110000270,68,13,55
110000271,1108,198,910
110000272,1280,1022,258
110000273,2401,1394,1007
110000274,123,1348,-1225
110000275,1409,420,989
110000276,251,458,-207
110000277,281,286,-5
110000278,299,564,-265
110000279,697,703,-6
110000280,406,413,-7
110000281,34,304,-270
110000282,245,29,216
110000283,52,101,-49
110000284,43,45,-2
110000285,2,540,-538
110000286,9,0,9
110000287,49,1,48
110000288,3,63,-60
110000289,414,1638,-1224
110000290,588,565,23
110000291,2027,559,1468
110000292,1147,4142,-2995
110000293,655,1832,-1177
110000294,976,908,68
110000295,1011,1337,-326
110000296,461,275,186
110000297,2201,282,1919
110000298,247,603,-356
110000299,328,55,273
110000301,419,18,401
110000302,593,706,-113
110000303,436,4,432
110000304,199,203,-4
110000305,1036,15,1021
110000306,171,539,-368
110000307,1409,2,1407
110000308,347,6,341
110000309,32,782,-750
110000310,682,48,634
110000311,47,1660,-1613
110000312,412,73,339
110000313,2191,3177,-986
110000314,3,177,-174
110000315,2190,2525,-335
110000316,548,1347,-799
110000317,344,658,-314
110000318,2,60,-58
110000319,12,17,-5
110000320,62,39,23
110000321,8,29,-21
110000322,279,275,4
110000323,359,147,212
110000324,2319,1116,1203
110000325,1890,2765,-875
110000327,332,274,58
110000328,200,444,-244
110000333,749,623,126
110000334,750,798,-48
110000335,842,404,438
110000336,644,935,-291
110000337,1271,450,821
110000338,517,165,352
110000339,314,200,114
110000340,17,185,-168
110000341,472,590,-118
110000342,289,1,288
110000343,3,22,-19
110000344,650,180,470
110000345,744,162,582
110000346,1814,1826,-12
110000347,1112,603,509
110000348,44,13,31
110000349,9,11,-2
110000350,66,10,56
110000351,990,559,431
110000352,687,1291,-604
110000353,2632,563,2069
110000354,1295,3710,-2415
110000355,71,41,30
110000356,884,7,877
110000357,287,10,277
110000361,25,43,-18
110000362,73,7,66
110000363,362,141,221
110000364,230,258,-28
110000365,142,1,141
110000366,0,124,-124
110000367,306,145,161
110000368,3,56,-53
110000369,64,3,61
110000373,4,201,-197
110000374,181,34,147
110000375,139,1216,-1077
110000376,55,115,-60
110000377,63,483,-420
110000378,17,340,-323
110000379,2248,1831,417
110000380,69,8,61
110000383,1,1110,-1109
110000384,1542,1058,484
110000385,0,335,-335
110000387,53,19,34
110000388,37,176,-139
110000389,908,13,895
110000391,730,249,481
110000396,161,108,53
110000397,163,98,65
110000398,5,61,-56
110000399,113,2,111
110000587,132,66,66
110000589,179,150,29
110000640,156,43,113
110000652,50,339,-289
110000653,345,376,-31
110000654,149,576,-427
110000656,0,410,-410
110000674,26,9,17
110000675,4,7,-3
110000676,1,29,-28
110000679,297,1286,-989
110000682,106,164,-58
110000683,313,485,-172
110000684,24,56,-32
110000685,8,9,-1
110000686,2,46,-44
110000687,137,4,133
110000688,53,774,-721
110000689,39,34,5
110000692,20,128,-108
110000693,73,294,-221
110000694,2,142,-140
110000695,154,781,-627
110000696,39,49,-10
110000698,165,1593,-1428
110000699,1144,343,801
110900001,233,11,222
110900002,258,178,80
110900003,726,348,378
110900004,399,147,252
110900005,1711,2122,-411
110900006,93,13,80
110900007,108,25,83
110900008,15,45,-30
110900009,352,127,225
110900010,24,38,-14
110900011,33,78,-45
110900012,16,38,-22
110900013,943,126,817
110900014,223,10,213
110900015,382,500,-118
110900016,64,99,-35
110900017,358,38,320
110900018,426,31,395
110900019,206,23,183
110900020,92,169,-77
110900021,59,383,-324
110900022,117,210,-93
110900023,76,473,-397
110900024,17,247,-230
110900025,12,53,-41
110900027,35,148,-113
110900028,40,89,-49
110900029,7,224,-217
110900030,24,162,-138
110900031,6,128,-122
110900032,0,72,-72
110900033,23,129,-106
110900035,18,329,-311
110900036,85,24,61
110900037,80,18,62
110900038,625,132,493
110900039,3,198,-195
110900040,154,28,126
110900041,20,64,-44
110900042,155,33,122
110900043,6,72,-66
110900044,191,18,173
110900045,39,226,-187
110900046,30,165,-135
110900047,346,301,45
110900049,67,66,1
110900050,20,2,18
110900051,28,163,-135
110900052,1,106,-105
110900053,83,33,50
110900054,33,130,-97
110900055,25,1,24
110900056,44,84,-40
110900057,1,120,-119
110900058,298,184,114
110900059,463,460,3
110900060,419,90,329
110900061,13,35,-22
110900062,131,204,-73
110900063,39,179,-140
110900064,3,0,3
110900065,290,152,138
110900066,4,58,-54
110900067,246,461,-215
110900068,209,147,62
110900069,2,18,-16
110900070,101,53,48
110900071,157,559,-402
110900073,1,14,-13
110900074,297,75,222
110900075,300,46,254
110900077,700,477,223
110900078,37,52,-15
110900079,1832,1152,680
110900080,138,50,88
110900081,19,46,-27
110900082,115,79,36
110900083,87,56,31
110900084,47,72,-25
110900085,44,166,-122
110900086,65,295,-230
110900087,359,49,310
110900088,5,4,1
110900090,28,39,-11
110900091,0,47,-47
110900093,213,98,115
110900095,43,39,4
110900097,14,21,-7
110900098,41,79,-38
110900099,56,298,-242
110900100,0,15,-15
110900102,28,19,9
110900105,751,197,554
110900108,18,41,-23
110900111,322,188,134
110900112,720,7,713
110900113,426,47,379
110900115,15,51,-36
110900116,638,1146,-508
110900118,108,2877,-2769
110900119,2484,235,2249
110900120,11,52,-41
110900121,137,1,136
110900122,435,207,228
110900125,359,395,-36
110900127,451,1095,-644
110900128,305,449,-144
110900129,280,714,-434
110900130,849,580,269
110900131,186,37,149
110900132,294,49,245
110900133,90,138,-48
110900135,69,208,-139
110900136,312,3,309
110900138,0,0,0
110900139,18,0,18
110900140,4,0,4
110900141,332,465,-133
110900142,33,153,-120
110900143,192,59,133
110900144,0,462,-462
110900145,161,41,120
110900146,466,176,290
110900147,133,391,-258
110900148,1,199,-198
110900149,2,61,-59
110900150,25,37,-12
110900151,6,80,-74
110900152,57,194,-137
110900153,176,62,114
111000001,679,602,77
111000002,718,516,202
111000003,1284,594,690
111000004,472,881,-409
111000005,1443,953,490
111000006,808,1557,-749
111000007,3586,2504,1082
111000008,1852,2467,-615
111000009,488,714,-226
111000010,733,221,512
111000011,324,1344,-1020
111000012,553,317,236
111000013,422,1163,-741
111000014,1044,422,622
111000017,104,795,-691
111000018,256,321,-65
111000020,538,1478,-940
111000021,86,90,-4
111000023,117,99,18
111000025,3283,3420,-137
111000029,126,111,15
111000030,30,91,-61
111000031,1706,993,713
111000032,473,305,168
111000033,283,308,-25
111000034,123,210,-87
111000037,300,305,-5
111000038,2914,1735,1179
111000039,1680,1561,119
111000040,1432,1720,-288
111000041,1348,1201,147
111000042,2006,1834,172
111000043,1859,2749,-890
111000044,1851,1031,820
111000045,2233,2096,137
111000046,1479,1611,-132
111000047,2599,3847,-1248
111000049,365,461,-96
111000050,1334,1074,260
111000051,556,836,-280
111000052,523,1297,-774
111000053,231,665,-434
111000054,336,664,-328
111000055,119,561,-442
111000056,339,453,-114
111000057,137,362,-225
111000058,424,66,358
111000059,466,212,254
111000060,3461,823,2638
111000061,528,308,220
111000062,794,291,503
111000063,1711,810,901
111000064,689,414,275
111000065,1033,829,204
111000066,545,339,206
111000067,431,527,-96
111000068,651,898,-247
111000069,1447,1496,-49
111000070,1114,844,270
111000071,270,481,-211
111000072,1171,465,706
111000073,353,959,-606
111000074,1352,1410,-58
111000075,977,556,421
111000076,507,502,5
111000077,1592,1593,-1
111000078,2667,1236,1431
111000079,1091,567,524
111000080,536,533,3
111000081,1254,3370,-2116
111000082,744,484,260
111000084,783,434,349
111000085,799,817,-18
111000086,1992,856,1136
111000087,704,524,180
111000088,4106,2079,2027
111000089,694,685,9
111000090,763,1227,-464
111000091,689,368,321
111000092,1186,706,480
111000093,680,881,-201
111000094,1583,990,593
111000095,592,1878,-1286
111000096,1398,6569,-5171
111000097,3425,1431,1994
111000098,922,961,-39
111000099,565,1259,-694
111000100,408,1052,-644
111000101,439,700,-261
111000102,270,479,-209
111000104,628,184,444
111000107,130,596,-466
111000109,493,205,288
111000110,1431,655,776
111000111,2373,433,1940
111000112,1651,537,1114
111000113,913,1372,-459
111000114,1902,3069,-1167
111000115,4343,1005,3338
111000116,868,730,138
111000117,395,739,-344
111000118,1096,645,451
111000119,946,807,139
111000120,469,576,-107
111000121,342,584,-242
111000122,482,905,-423
111000123,683,1008,-325
111000124,417,1767,-1350
111000125,319,1265,-946
111000126,695,1369,-674
111000127,922,158,764
111000128,1818,296,1522
111000129,2572,365,2207
111000130,2068,560,1508
111000131,1723,477,1246
111000132,1415,680,735
111000133,159,132,27
111000134,179,96,83
111000135,70,111,-41
111000136,388,295,93
111000138,15,7,8
111000140,6,5,1
111000141,147,291,-144
111000142,14,142,-128
111000143,6,218,-212
111000144,27,669,-642
111000145,1003,28,975
111000146,136,10,126
111000147,255,36,219
111000148,140,64,76
111000149,6,52,-46
111000150,32,9,23
111000151,5,24,-19
111000153,562,674,-112
111000154,694,208,486
111000155,118,132,-14
111000156,443,593,-150
111000157,251,907,-656
111000158,844,718,126
111000159,2452,792,1660
111000160,471,327,144
111000161,10,213,-203
111000162,60,116,-56
111000163,728,703,25
111000164,489,2701,-2212
111000165,910,366,544
111000166,1691,320,1371
111000167,185,321,-136
111000168,186,342,-156
111000169,302,543,-241
111000170,411,393,18
111000171,392,515,-123
111000172,160,391,-231
111000173,439,734,-295
111000174,266,359,-93
111000175,46,235,-189
111000176,286,125,161
111000177,336,206,130
111000178,1239,332,907
111000179,252,162,90
111000180,213,409,-196
111000181,1163,199,964
111000182,210,133,77
111000183,237,256,-19
111000184,358,192,166
111000185,383,323,60
111000186,272,211,61
111000187,120,160,-40
111000188,239,255,-16
111000189,838,530,308
111000190,208,224,-16
111000191,175,221,-46
111000192,190,384,-194
111000193,348,235,113
111000194,58,334,-276
111000195,144,271,-127
111000196,115,157,-42
111000197,408,121,287
111000198,600,109,491
111000199,232,145,87
111000200,437,340,97
111000201,629,204,425
111000202,361,203,158
111000203,375,296,79
111000204,458,1227,-769
111000213,213,448,-235
111000214,1460,1133,327
111000215,1071,1058,13
111000217,1185,695,490
111000218,1117,851,266
111000219,466,207,259
111000220,990,463,527
111000221,559,75,484
111000224,48,243,-195
111000225,477,387,90
111000226,71,1,70
111000227,56,3,53
111000228,15,326,-311
111000229,51,782,-731
111000230,334,253,81
111000231,1069,530,539
111000232,534,695,-161
111000233,858,604,254
111000234,175,424,-249
111000239,72,108,-36
111000240,46,221,-175
111000241,37,222,-185
111000242,174,65,109
111000243,137,385,-248
111000244,492,73,419
111000245,1071,340,731
111000246,577,292,285
111000247,326,549,-223
111000248,753,339,414
111000249,371,520,-149
111000250,74,67,7
111000251,30,83,-53
111000253,7,15,-8
111000255,54,16,38
111000257,46,21,25
111000260,58,623,-565
111000261,1242,89,1153
111000271,53,287,-234
111000273,2684,1088,1596
111000274,1251,1871,-620
111000275,236,69,167
111000276,981,2360,-1379
111000277,198,325,-127
111000278,520,154,366
111000291,921,5302,-4381
111000298,486,172,314
111000299,562,146,416
111000300,110,447,-337
111000302,248,64,184
111000303,106,142,-36
111000312,59,65,-6
111000315,20,116,-96
111000320,239,463,-224
111000321,428,144,284
111000322,289,336,-47
111000323,303,14,289
111000324,348,188,160
111000325,47,67,-20
111000326,206,263,-57
111000327,424,292,132
111000328,239,428,-189
111000329,2,28,-26
111000330,61,4,57
111000331,29,1,28
111000332,432,1059,-627
111000334,314,981,-667
111000335,1053,237,816
111000337,1217,336,881
111000338,65,104,-39
111000339,637,235,402
111000340,107,429,-322
111000341,1455,677,778
111000342,233,1189,-956
111000344,962,562,400
111000345,191,84,107
111000346,32,122,-90
111000347,136,6,130
111000350,203,144,59
111000351,102,353,-251
111000352,201,123,78
111000353,142,262,-120
111000354,536,179,357
111000355,259,568,-309
111000358,129,807,-678
111000360,198,392,-194
111000361,172,196,-24
111000546,851,466,385
111000547,364,329,35
111000548,148,319,-171
111000549,315,214,101
111000550,103,835,-732
111000551,569,190,379
111000552,1246,242,1004
111000907,422,16,406
111000908,42,0,42
111000916,1646,214,1432
111000917,40,359,-319
111000918,205,506,-301
111000920,551,15,536
111000921,8,137,-129
111000922,413,227,186
111000924,38,733,-695
111000925,3033,1458,1575
111000926,1152,1407,-255
111000927,2391,3429,-1038
111000928,3400,2251,1149
111000929,1262,1059,203
111000930,748,1742,-994
111000931,1732,2229,-497
111000932,3251,1646,1605
111000933,3399,2403,996
111000934,1815,2593,-778
111000935,1648,872,776
111000936,1077,1807,-730
111000937,1149,1227,-78
111000938,1391,1401,-10
111000939,430,39,391
111000940,465,141,324
111000941,528,345,183
111000943,510,261,249
111000944,185,280,-95
111000945,72,1032,-960
111001109,392,299,93
111001110,165,455,-290
111001111,101,22,79
111001112,79,0,79
111001113,2,173,-171
111001114,617,171,446
111001115,62,556,-494
111001116,3467,3408,59
111001117,520,2388,-1868
111001120,110,216,-106
111001121,251,183,68
111001122,264,375,-111
111001123,294,83,211
111001124,94,125,-31
111001125,6,152,-146
111001126,0,1,-1
111001127,0,38,-38
111001128,541,493,48
111900001,4,181,-177
111900002,3,439,-436
111900003,2,232,-230
111900004,44,75,-31
111900006,18,25,-7
111900007,70,3,67
111900008,192,2,190
111900009,107,2,105
111900010,212,263,-51
111900012,60,52,8
111900013,12,22,-10
111900014,3248,3755,-507
111900015,1,51,-50
111900016,0,100,-100
111900017,0,78,-78
111900018,176,5,171
111900019,3,102,-99
111900020,3,58,-55
111900021,48,109,-61
111900022,20,60,-40
111900023,104,96,8
111900024,25,54,-29
111900025,0,26,-26
111900026,0,50,-50
111900027,5,75,-70
111900028,17,270,-253
111900029,1,55,-54
111900030,34,276,-242
111900032,0,284,-284
111900033,4,44,-40
111900034,210,363,-153
111900035,40,171,-131
111900036,1,167,-166
111900038,214,415,-201
111900039,41,299,-258
111900040,7,355,-348
111900042,35,118,-83
111900043,4,214,-210
111900044,243,166,77
111900046,37,116,-79
111900048,210,485,-275
111900049,17,155,-138
111900050,99,33,66
111900051,3,137,-134
111900052,404,279,125
111900053,776,1453,-677
111900054,133,8,125
111900055,10,214,-204
111900056,145,268,-123
111900057,151,92,59
111900058,426,411,15
111900059,1160,540,620
111900060,377,7,370
111900061,12,99,-87
111900062,17,47,-30
111900063,242,190,52
111900064,72,130,-58
111900065,85,25,60
111900066,141,175,-34
111900067,0,216,-216
111900068,58,42,16
111900069,83,32,51
111900070,129,102,27
111900071,1,135,-134
111900072,72,18,54
111900073,846,152,694
111900074,11,119,-108
111900075,88,13,75
111900076,204,65,139
111900077,45,0,45
111900078,304,18,286
111900079,64,37,27
111900080,188,239,-51
111900082,132,23,109
111900083,140,15,125
111900084,72,10,62
111900085,46,104,-58
111900086,54,6,48
111900087,44,0,44
111900088,520,13,507
111900089,101,1,100
111900090,70,15,55
111900091,257,1,256
111900092,117,1,116
111900093,344,8,336
111900094,89,1,88
111900095,192,13,179
111900096,217,5,212
111900097,68,0,68
111900098,255,1,254
111900099,88,0,88
111900100,67,0,67
111900101,93,34,59
111900102,359,351,8
111900103,58,71,-13
111900104,146,53,93
111900105,249,133,116
111900106,592,30,562
111900110,1179,329,850
111900111,175,85,90
111900112,342,2191,-1849
111900113,248,67,181
111900118,319,75,244
111900119,284,118,166
111900122,134,96,38
111900123,21,26,-5
111900124,41,87,-46
111900125,515,31,484
111900126,301,4,297
111900127,2,525,-523
111900128,1,319,-318
111900129,247,8,239
111900130,114,25,89
111900131,524,3,521
111900132,32,632,-600
111900133,31,265,-234
111900134,11,197,-186
111900135,11,24,-13
111900136,52,173,-121
111900137,58,57,1
111900138,21,57,-36
111900139,19,102,-83
111900140,99,26,73
111900141,42,16,26
111900142,120,29,91
111900143,20,64,-44
111900144,0,63,-63
111900145,2,313,-311
111900146,1,162,-161
111900147,112,284,-172
111900148,36,433,-397
111900149,3,202,-199
111900150,14,118,-104
111900151,2,17,-15
111900152,56,75,-19
111900153,970,586,384
111900154,17,240,-223
111900155,47,83,-36
111900156,36,66,-30
111900157,151,16,135
111900158,500,68,432
111900159,296,17,279
111900160,306,2,304
111900161,156,0,156
111900162,83,172,-89
111900163,28,162,-134
111900164,91,58,33
111901113,427,198,229
111901114,111,157,-46
111901115,61,0,61
111901116,29,3,26
111901117,30,20,10
111901118,35,135,-100
111901119,445,46,399
111901121,89,110,-21
111901122,0,280,-280
111901123,142,195,-53
111901124,251,2,249
111901125,389,162,227
111901127,298,362,-64
111901128,3,45,-42
111901129,2,61,-59
111901130,4,96,-92
111901131,1,203,-202
111901132,130,41,89
111901133,44,2,42
111901134,69,3,66
111901135,47,13,34
111901138,206,26,180
111901139,16,32,-16
111901140,3,53,-50
111901141,11,115,-104
111901142,1,77,-76
111901143,1,72,-71
111901144,46,38,8
111901145,196,417,-221
111901146,261,25,236
111901147,312,255,57
111901148,11,49,-38
111901149,7,1,6
111901150,39,0,39
111901151,0,0,0
111901152,6,17,-11
112000001,1606,628,978
112000002,548,1452,-904
112000003,1423,925,498
112000004,646,647,-1
112000005,3137,3339,-202
112000006,1676,1159,517
112000007,3153,2148,1005
112000008,2640,3810,-1170
112000009,2600,2144,456
112000010,3074,3453,-379
112000011,1373,1244,129
112000012,3316,4707,-1391
112000013,2457,2239,218
112000014,1695,3044,-1349
112000015,1938,3054,-1116
112000016,2896,1946,950
112000017,1175,3179,-2004
112000024,1732,591,1141
112000026,2067,2778,-711
112000027,619,663,-44
112000028,910,1137,-227
112000029,493,590,-97
112000030,132,81,51
112000031,869,3986,-3117
112000032,164,32,132
112000033,1246,2439,-1193
112000034,143,64,79
112000035,45,416,-371
112000036,483,1082,-599
112000037,700,850,-150
112000038,1083,1060,23
112000039,82,60,22
112000040,58,203,-145
112000041,429,407,22
112000042,921,350,571
112000050,1138,1164,-26
112000051,1038,1528,-490
112000054,1340,1506,-166
112000057,488,377,111
112000058,322,495,-173
112000059,441,646,-205
112000061,2616,1737,879
112000062,1331,822,509
112000063,863,1656,-793
112000064,3180,4610,-1430
112000065,1421,2020,-599
112000066,3508,1566,1942
112000067,708,627,81
112000068,3072,2608,464
112000069,591,1385,-794
112000070,1607,848,759
112000071,880,2199,-1319
112000072,2165,758,1407
112000073,1419,1852,-433
112000074,1450,1144,306
112000075,1369,1244,125
112000076,2836,2238,598
112000077,612,356,256
112000078,1800,491,1309
112000079,1359,1086,273
112000080,686,688,-2
112000081,1196,1892,-696
112000082,1401,745,656
112000083,590,984,-394
112000084,1214,751,463
112000085,1189,783,406
112000086,1605,1067,538
112000087,509,584,-75
112000088,710,425,285
112000089,241,288,-47
112000090,276,301,-25
112000091,603,663,-60
112000092,2046,920,1126
112000093,1424,658,766
112000094,678,707,-29
112000095,655,658,-3
112000096,713,530,183
112000097,1223,738,485
112000098,735,730,5
112000099,631,1529,-898
112000100,1960,673,1287
112000101,527,629,-102
112000102,1261,480,781
112000103,324,627,-303
112000105,606,1098,-492
112000106,1991,393,1598
112000107,101,206,-105
112000108,417,1248,-831
112000109,198,133,65
112000110,1857,688,1169
112000111,862,2717,-1855
112000112,3018,548,2470
112000113,767,1321,-554
112000114,2252,735,1517
112000115,330,365,-35
112000116,512,750,-238
112000117,1240,889,351
112000118,741,628,113
112000119,425,521,-96
112000120,69,256,-187
112000121,121,270,-149
112000122,318,110,208
112000123,833,114,719
112000124,389,69,320
112000125,296,214,82
112000126,329,337,-8
112000127,1990,2180,-190
112000128,788,588,200
112000129,146,86,60
112000130,207,90,117
112000131,54,198,-144
112000132,157,187,-30
112000133,381,150,231
112000134,399,297,102
112000135,1395,628,767
112000136,909,1279,-370
112000137,1693,2137,-444
112000138,1335,1386,-51
112000139,878,621,257
112000140,884,1042,-158
112000141,822,316,506
112000142,177,575,-398
112000143,1052,242,810
112000144,272,899,-627
112000145,2363,513,1850
112000146,442,1436,-994
112000147,2603,1561,1042
112000148,1333,1674,-341
112000149,494,455,39
112000150,367,486,-119
112000151,407,274,133
112000152,421,336,85
112000153,161,192,-31
112000154,132,187,-55
112000155,134,144,-10
112000157,568,548,20
112000158,308,274,34
112000159,464,300,164
112000167,344,107,237
112000169,231,353,-122
112000173,620,156,464
112000175,313,286,27
112000176,2095,1671,424
112000177,666,190,476
112000178,128,246,-118
112000179,283,80,203
112000180,220,297,-77
112000181,1182,1171,11
112000182,1180,1060,120
112000183,47,42,5
112000184,451,270,181
112000185,572,345,227
112000187,3662,2252,1410
112000195,72,8,64
112000196,176,4,172
112000197,155,133,22
112000198,36,224,-188
112000199,855,592,263
112000202,456,0,456
112000216,47,205,-158
112000230,70,5,65
112000231,3,174,-171
112000256,66,247,-181
112000313,62,81,-19
112000314,31,27,4
112000337,650,468,182
112000352,468,296,172
112000392,1245,1162,83
112000398,1401,655,746
112000399,1303,2117,-814
112000400,1070,1500,-430
112000401,2337,2253,84
112000402,2894,3532,-638
112000403,1280,2890,-1610
112000404,969,852,117
112000405,1893,2672,-779
112000406,2697,1889,808
112000407,6772,6908,-136
112000408,5431,3785,1646
112000409,2440,3715,-1275
112000410,305,318,-13
112000411,2686,1302,1384
112000412,1168,456,712
112000413,5473,5046,427
112000414,58,85,-27
112000415,101,34,67
112000416,2832,1183,1649
112000417,299,83,216
112000421,46,95,-49
112000422,310,226,84
112000424,1523,2348,-825
112000425,437,682,-245
112000426,135,257,-122
112000427,0,13,-13
112000428,224,294,-70
112000429,1936,2136,-200
112000430,2322,2559,-237
112000431,146,147,-1
112000432,568,907,-339
112000433,329,644,-315
112000437,66,194,-128
112900001,47,2,45
112900002,509,834,-325
112900003,87,297,-210
112900004,39,230,-191
112900005,206,204,2
112900007,38,95,-57
112900008,2,36,-34
112900009,348,129,219
112900010,314,598,-284
112900011,173,153,20
112900012,0,52,-52
112900013,8,164,-156
112900014,8,172,-164
112900015,319,559,-240
112900016,13,195,-182
112900017,36,150,-114
112900018,296,515,-219
112900019,29,157,-128
112900020,275,925,-650
112900021,5,199,-194
112900022,29,63,-34
112900023,24,142,-118
112900024,24,194,-170
112900025,66,158,-92
112900026,7,169,-162
112900027,11,871,-860
112900028,17,113,-96
112900029,22,429,-407
112900030,95,122,-27
112900031,2,303,-301
112900032,240,141,99
112900034,0,20,-20
112900035,5,272,-267
112900036,52,111,-59
112900037,106,234,-128
112900038,486,133,353
112900039,16,194,-178
112900040,8,530,-522
112900041,528,872,-344
112900042,70,185,-115
112900043,28,70,-42
112900044,345,311,34
112900045,312,200,112
112900046,92,48,44
112900047,5,32,-27
112900049,174,52,122
112900050,21,326,-305
112900051,220,392,-172
112900052,3,563,-560
112900053,229,140,89
112900054,143,37,106
112900055,81,28,53
112900056,267,162,105
112900057,21,342,-321
112900058,263,305,-42
112900059,113,130,-17
112900060,19,94,-75
112900061,76,85,-9
112900062,65,76,-11
112900063,134,19,115
112900064,108,193,-85
112900065,22,30,-8
112900066,251,210,41
112900067,269,126,143
112900068,46,40,6
112900069,1471,747,724
112900071,44,7,37
112900072,174,1774,-1600
112900073,409,107,302
112900074,69,253,-184
112900075,868,811,57
112900076,63,31,32
112900078,257,381,-124
112900079,169,48,121
112900080,64,8,56
112900081,47,191,-144
112900082,506,33,473
112900083,121,103,18
112900084,184,104,80
112900086,92,3,89
112900087,625,86,539
112900088,146,21,125
112900089,658,42,616
112900090,85,23,62
112900091,230,3,227
112900092,156,393,-237
112900093,1029,24,1005
112900095,78,0,78
112900096,459,158,301
112900097,100,234,-134
112900098,140,4,136
112900099,776,16,760
112900100,71,1,70
112900101,340,2,338
112900102,126,9,117
112900103,181,4,177
112900104,622,6,616
112900105,26,0,26
112900106,364,125,239
112900107,5,1,4
112900108,11,0,11
112900109,96,0,96
112900110,1276,14,1262
112900111,674,3,671
112900112,374,3,371
112900113,0,6,-6
112900114,142,30,112
112900115,1311,10,1301
112900116,136,9,127
112900117,118,45,73
112900118,25,99,-74
112900119,169,3,166
112900120,658,212,446
112900121,93,137,-44
112900122,14,74,-60
112900123,116,14,102
112900124,10,79,-69
112900125,72,339,-267
112900126,209,158,51
112900127,314,105,209
112900128,286,509,-223
112900129,1,514,-513
112900130,234,64,170
112900131,53,228,-175
112900132,95,458,-363
112900133,17,945,-928
112900134,0,231,-231
112900135,109,27,82
112900137,53,384,-331
112900138,5,212,-207
112900139,227,820,-593
112900141,678,46,632
112900142,70,173,-103
112900143,63,346,-283
112900144,7,616,-609
112900145,32,252,-220
112900146,11,744,-733
112900147,5,1145,-1140
112900148,34,1,33
112900149,157,323,-166
112900151,28,61,-33
112900152,3587,559,3028
112900153,1437,1960,-523
112900154,0,116,-116
112900155,177,28,149
112900156,390,869,-479
112900157,442,132,310
112900158,60,32,28
112900159,194,147,47
112900160,67,199,-132
112900161,97,56,41
112900162,27,16,11
112900163,47,29,18
112900164,38,165,-127
112900165,79,10,69
112900166,21,56,-35
112900167,6,72,-66
112900168,1,9,-8
112900169,16,22,-6
112900170,138,67,71
112900172,33,13,20
112900173,141,112,29
112900174,226,27,199
112900175,138,119,19
112900176,10,72,-62
112900177,265,57,208
112900178,644,2236,-1592
112900179,50,385,-335
112900180,1493,1397,96
112900181,590,10,580
112900182,80,679,-599
112900183,119,202,-83
112900184,386,364,22
112900185,200,510,-310
112900186,1042,862,180
112900187,79,456,-377
112900188,495,617,-122
112900189,21,11,10
112900190,13,25,-12
112900192,551,513,38
112900193,1014,312,702
112900194,42,35,7
112900195,747,45,702
112900196,216,264,-48
112900197,138,279,-141
112900199,335,217,118
112900200,497,159,338
112900201,139,98,41
112900202,342,562,-220
112900203,233,198,35
112900204,709,486,223
112900205,24,8,16
112900206,44,95,-51
112900207,33,1,32
112900208,80,363,-283
112900209,428,263,165
112900210,0,43,-43
112900211,62,30,32
112900212,1,99,-98
112900213,41,5,36
112900214,19,14,5
112900215,11,119,-108
112900216,25,41,-16
112900217,0,66,-66
112900218,112,3,109
112900219,72,17,55
112900220,1,0,1
112900221,9,76,-67
112900222,0,30,-30
112900223,814,14,800
112900224,332,282,50
112900225,388,233,155
112900226,158,221,-63
112900227,329,436,-107
112900228,70,18,52
112900229,252,63,189
112900230,5024,2956,2068
112900232,304,231,73
112900233,58,122,-64
112900234,16,42,-26
112900235,80,27,53
112900236,234,10,224
112900237,221,183,38
112900238,5,18,-13
112900239,502,460,42
112900240,6,46,-40
112900241,14,76,-62
112900242,7,93,-86
112900243,5,125,-120
112900244,9,43,-34
112900245,1,21,-20
112900246,0,9,-9
112900247,158,41,117
112900248,11,0,11
112900249,22,7,15
112900250,63,18,45
112900251,70,26,44
112900252,70,25,45
112900253,35,18,17
112900254,12,1,11
112900255,16,40,-24
112900256,5,51,-46
112900257,12,47,-35
112900258,48,31,17
113000001,5217,3821,1396
113000002,3517,2835,682
113000003,1750,1318,432
113000004,1471,1867,-396
113000005,1806,826,980
113000006,1014,1182,-168
113000007,1957,972,985
113000008,1396,1536,-140
113000009,1162,688,474
113000010,961,1122,-161
113000011,744,1225,-481
113000012,1709,556,1153
113000013,1152,690,462
113000014,1370,1503,-133
113000015,281,180,101
113000016,335,719,-384
113000017,51,351,-300
113000018,391,53,338
113000019,167,369,-202
113000020,523,133,390
113000021,949,469,480
113000022,687,1167,-480
113000025,163,460,-297
113000026,459,484,-25
113000027,467,673,-206
113000028,580,671,-91
113000029,704,685,19
113000030,290,508,-218
113000031,237,276,-39
113000032,250,294,-44
113000033,244,368,-124
113000034,232,236,-4
113000035,34,46,-12
113000036,19,55,-36
113000037,57,33,24
113000038,11,40,-29
113000039,81,285,-204
113000040,50,110,-60
113000042,694,625,69
113000051,784,1990,-1206
113000052,1792,552,1240
113000053,463,286,177
113000054,326,651,-325
113000055,992,552,440
113000056,983,751,232
113000058,661,838,-177
113000059,1086,498,588
113000060,280,460,-180
113000061,588,753,-165
113000062,585,253,332
113000063,182,43,139
113000064,57,228,-171
113000065,118,576,-458
113000066,717,76,641
113000067,1975,839,1136
113000068,322,865,-543
113000069,530,793,-263
113000070,2169,827,1342
113000071,362,459,-97
113000072,710,376,334
113000073,270,962,-692
113000074,957,356,601
113000075,1831,579,1252
113000076,511,1992,-1481
113000077,982,789,193
113000078,646,1874,-1228
113000079,596,896,-300
113000080,647,703,-56
113000081,957,718,239
113000082,953,685,268
113000083,515,875,-360
113000084,1409,995,414
113000085,832,697,135
113000086,838,945,-107
113000087,787,908,-121
113000088,1812,1070,742
113000089,997,1450,-453
113000090,274,501,-227
113000091,418,303,115
113000094,1027,223,804
113000095,205,734,-529
113000096,199,648,-449
113000097,975,376,599
113000098,117,35,82
113000099,819,365,454
113000100,130,300,-170
113000101,275,483,-208
113000102,612,434,178
113000103,1736,305,1431
113000104,583,1889,-1306
113000105,905,395,510
113000106,296,319,-23
113000107,1036,786,250
113000108,651,924,-273
113000109,568,1413,-845
113000110,1539,420,1119
113000111,226,583,-357
113000112,409,383,26
113000113,1083,374,709
113000114,302,1219,-917
113000116,670,329,341
113000117,870,113,757
113000118,194,480,-286
113000119,400,299,101
113000120,79,243,-164
113000121,506,933,-427
113000124,257,151,106
113000125,86,711,-625
113000127,1870,250,1620
113000128,582,322,260
113000129,405,570,-165
113000133,1879,1103,776
113000134,9,747,-738
113000135,3834,4330,-496
113000137,1301,3306,-2005
113000139,328,170,158
113000140,92,192,-100
113000141,237,252,-15
113000142,505,1084,-579
113000143,289,202,87
113000144,310,599,-289
113000145,59,103,-44
113000146,107,62,45
113000147,152,97,55
113000148,172,126,46
113000149,102,109,-7
113000150,490,239,251
113000151,53,50,3
113000152,38,79,-41
113000153,1146,398,748
113000154,634,1307,-673
113000155,354,501,-147
113000156,153,300,-147
113000157,258,642,-384
113000158,550,220,330
113000159,809,655,154
113000160,677,821,-144
113000161,250,342,-92
113000162,658,316,342
113000163,141,79,62
113000164,30,58,-28
113000166,190,131,59
113000167,42,68,-26
113000168,85,89,-4
113000169,237,45,192
113000170,135,85,50
113000171,55,84,-29
113000172,271,67,204
113000173,119,35,84
113000174,140,331,-191
113000175,392,93,299
113000176,432,153,279
113000177,225,373,-148
113000178,137,261,-124
113000179,295,170,125
113000180,448,995,-547
113000181,1123,788,335
113000182,135,297,-162
113000183,145,546,-401
113000184,15,78,-63
113000189,412,843,-431
113000190,600,454,146
113000192,906,2675,-1769
113000193,2331,2123,208
113000194,1015,1236,-221
113000195,1318,1208,110
113000196,196,61,135
113000197,1116,1199,-83
113000198,75,262,-187
113000199,1251,341,910
113000201,214,379,-165
113000202,3388,679,2709
113000203,123,156,-33
113000204,844,2186,-1342
113000205,10,21,-11
113000206,18,38,-20
113000207,53,28,25
113000208,32,49,-17
113000209,8,16,-8
113000210,4,12,-8
113000211,205,273,-68
113000212,93,39,54
113000213,39,128,-89
113000214,153,242,-89
113000234,192,631,-439
113000410,180,211,-31
113000411,1969,3666,-1697
113000412,4453,2150,2303
113000413,2269,2775,-506
113000414,4790,11602,-6812
113000415,2104,2246,-142
113000416,5602,3205,2397
113000417,2497,2439,58
113000418,4580,3444,1136
113000419,1597,1759,-162
113000420,3719,5097,-1378
113000421,3551,5787,-2236
113000422,10799,9913,886
113000423,1853,4921,-3068
113000424,2518,8795,-6277
113000425,8,57,-49
113000428,50,15,35
113000430,5,150,-145
113000432,2080,218,1862
113000433,97,538,-441
113000434,21,159,-138
113000435,28,363,-335
113000436,29,810,-781
113000437,975,22,953
113000438,264,11,253
113000439,20,92,-72
113000440,102,34,68
113000441,207,188,19
113000442,130,116,14
113000443,251,196,55
113000444,216,112,104
113000445,128,134,-6
113000446,53,78,-25
113000448,213,154,59
113000449,173,549,-376
113000450,455,1558,-1103
113000451,1171,174,997
113000452,255,373,-118
113000453,66,358,-292
113000454,364,116,248
113000455,47,324,-277
113000456,2812,2137,675
113000468,1137,138,999
113000469,55,75,-20
113000470,303,19,284
113000471,19,318,-299
113000472,79,256,-177
113000474,723,618,105
113000475,1374,1401,-27
113000476,1518,1630,-112
113000477,3401,1764,1637
113000478,3134,4232,-1098
113000479,79,160,-81
113000484,0,0,0
113000485,1,0,1
113000486,5,0,5
113000487,0,0,0
113000488,0,7,-7
113000489,0,9,-9
113000490,0,3,-3
113000491,0,2,-2
113000492,1,0,1
113000493,0,0,0
113000495,196,135,61
113000496,150,93,57
113000497,0,0,0
113000499,0,0,0
113900001,1,175,-174
113900002,1,50,-49
113900003,0,44,-44
113900004,3,63,-60
113900005,2,69,-67
113900006,0,28,-28
113900007,9,1,8
113900008,12,0,12
113900009,39,0,39
113900010,68,5,63
113900011,54,1,53
113900012,40,3,37
113900013,158,1,157
113900014,439,3,436
113900015,7,39,-32
113900016,31,1,30
113900017,9,27,-18
113900018,304,188,116
113900019,140,38,102
113900020,108,0,108
113900022,22,0,22
113900023,29,0,29
113900024,86,21,65
113900025,280,16,264
113900026,52,0,52
113900027,8,47,-39
113900028,28,363,-335
113900029,63,144,-81
113900030,262,4,258
113900031,12,1,11
113900032,40,0,40
113900033,113,46,67
113900035,48,1,47
113900036,19,78,-59
113900037,189,361,-172
113900038,61,96,-35
113900039,132,22,110
113900040,8,11,-3
113900041,6,3,3
113900042,64,27,37
113900043,147,80,67
113900044,297,275,22
113900045,53,1,52
113900046,219,508,-289
113900047,34,96,-62
113900048,181,68,113
113900049,423,220,203
113900050,212,264,-52
113900051,177,202,-25
113900052,129,160,-31
113900053,604,409,195
113900054,18,1,17
113900055,68,366,-298
113900056,37,105,-68
113900057,7,43,-36
113900058,63,117,-54
113900059,173,230,-57
113900060,86,197,-111
113900061,503,152,351
113900062,74,2,72
113900063,75,93,-18
113900064,13,62,-49
113900065,348,14,334
113900066,308,201,107
113900067,144,341,-197
113900068,493,348,145
113900069,26,21,5
113900070,138,355,-217
113900071,45,40,5
113900072,54,118,-64
113900073,287,262,25
113900074,158,629,-471
113900075,1058,1023,35
113900076,110,20,90
113900077,28,123,-95
113900078,27,43,-16
113900079,0,31,-31
113900080,414,163,251
113900081,58,169,-111
113900082,114,174,-60
113900083,319,265,54
113900084,274,95,179
113900085,72,246,-174
113900086,42,8,34
113900087,65,106,-41
113900088,71,111,-40
113900089,371,37,334
113900090,555,273,282
113900091,16,11,5
113900092,29,73,-44
113900093,77,688,-611
113900094,387,262,125
113900095,103,72,31
113900096,214,58,156
113900097,26,49,-23
113900098,586,69,517
113900099,0,30,-30
113900100,1,1,0
113900101,9,44,-35
113900102,120,129,-9
113900103,246,243,3
113900104,110,220,-110
113900105,119,139,-20
113900106,2,41,-39
113900107,3,21,-18
113900108,163,206,-43
113900109,278,164,114
113900110,39,16,23
113900111,150,97,53
113900112,104,53,51
113900113,829,466,363
113900114,1,41,-40
113900115,1,69,-68
113900116,105,150,-45
113900117,93,19,74
113900118,190,293,-103
113900119,178,371,-193
113900120,52,54,-2
113900121,66,57,9
113900122,389,1939,-1550
113900123,408,164,244
113900124,0,79,-79
113900125,679,124,555
113900126,106,31,75
113900127,210,650,-440
113900128,129,55,74
113900129,15,143,-128
113900130,1,43,-42
113900131,210,47,163
113900132,41,64,-23
113900133,17,75,-58
113900135,342,287,55
113900136,86,74,12
113900137,323,229,94
113900138,51,115,-64
113900139,190,152,38
113900140,147,325,-178
113900141,556,191,365
113900142,134,69,65
113900143,6,32,-26
113900144,137,273,-136
113900145,376,156,220
113900146,148,38,110
113900148,136,243,-107
113900149,115,79,36
113900150,396,422,-26
113900151,370,167,203
113900152,25,52,-27
113900153,180,435,-255
113900154,3,90,-87
113900155,108,104,4
113900156,186,323,-137
113900157,37,266,-229
113900158,246,375,-129
113900159,13,193,-180
113900160,491,443,48
113900161,51,264,-213
113900162,333,668,-335
113900163,179,206,-27
113900164,214,37,177
113900165,627,330,297
113900166,145,140,5
113900167,276,50,226
113900168,70,81,-11
113900169,177,270,-93
113900171,144,57,87
113900172,8,137,-129
113900173,16,464,-448
113900174,478,409,69
113900175,248,119,129
113900176,316,389,-73
113900177,294,149,145
113900178,164,97,67
113900179,19,263,-244
113900180,112,98,14
113900181,509,84,425
113900182,583,613,-30
113900183,42,81,-39
113900184,10,263,-253
113900185,112,73,39
113900186,17,24,-7
113900187,24,100,-76
113900188,27,91,-64
113900189,216,114,102
113900190,221,102,119
113900191,52,137,-85
113900192,1325,1538,-213
113900193,6,139,-133
113900194,1035,810,225
113900195,258,306,-48
113900196,12,90,-78
113900197,0,123,-123
113900198,14,227,-213
113900199,119,440,-321
113900200,12,148,-136
113900201,0,97,-97
113900202,17,209,-192
113900203,16,66,-50
113900204,38,343,-305
113900205,12,113,-101
113900206,1,103,-102
113900207,0,42,-42
113900208,0,44,-44
113900209,1,62,-61
113900210,519,474,45
113900211,157,60,97
113900212,185,337,-152
113900214,328,345,-17
113900215,86,94,-8
113900216,121,526,-405
113900217,58,138,-80
113900218,133,75,58
113900219,94,421,-327
113900220,95,75,20
113900221,319,235,84
113900222,1005,606,399
113900223,166,617,-451
113900224,68,65,3
113900225,593,172,421
113900226,294,96,198
113900227,338,171,167
113900228,236,365,-129
113900229,49,670,-621
113900230,2936,2776,160
113900231,137,86,51
113900232,89,87,2
113900233,75,47,28
113900234,235,424,-189
113900235,82,17,65
113900236,134,218,-84
113900237,162,10,152
113900238,204,479,-275
113900239,38,82,-44
113900240,1,143,-142
113900241,106,54,52
113900242,44,73,-29
113900243,105,278,-173
113900244,241,171,70
113900245,967,249,718
113900246,10,19,-9
113900247,109,362,-253
113900248,1969,1322,647
113900249,546,386,160
113900250,70,129,-59
113900251,698,154,544
113900252,531,14,517
113900253,525,42,483
113900254,717,101,616
113900255,404,13,391
113900256,318,11,307
113900257,42,341,-299
113900258,17,291,-274
113900259,454,104,350
113900260,153,2,151
113900261,32,82,-50
113900262,114,370,-256
113900263,106,476,-370
113900264,4,295,-291
113900265,130,290,-160
113900266,66,148,-82
113900267,76,417,-341
113900268,225,296,-71
113900269,75,108,-33
113900270,291,571,-280
113900271,459,707,-248
113900273,39,15,24
113900274,75,33,42
113900275,22,77,-55
113900276,0,102,-102
113900277,120,4,116
113900278,165,132,33
113900279,83,64,19
113900280,1260,454,806
113900281,447,1088,-641
113900282,495,389,106
113900283,372,428,-56
113900284,676,167,509
113900285,91,45,46
113900286,16,66,-50
113900287,52,24,28
113900288,1,112,-111
113900289,569,94,475
113900290,319,217,102
113900291,85,99,-14
113900292,9,10,-1
113900293,38,174,-136
113900294,463,9,454
113900295,434,370,64
113900296,793,177,616
113900297,1854,36,1818
113900298,41,1453,-1412
113900299,76,80,-4
113900300,2096,1498,598
113900301,549,286,263
113900302,1742,739,1003
113900303,326,349,-23
113900304,2,90,-88
113900305,112,0,112
113900306,60,1,59
113900307,15,0,15
113900308,51,71,-20
113900309,4,443,-439
113900310,1,5,-4
113900311,4,1,3
113900312,196,193,3
113900313,19,6,13
113900314,0,9,-9
113900315,34,0,34
114000001,757,1795,-1038
114000002,326,306,20
114000003,207,643,-436
114000004,339,404,-65
114000005,253,175,78
114000006,1706,1714,-8
114000007,683,945,-262
114000008,1214,1470,-256
114000009,673,251,422
114000011,2566,1873,693
114000012,2423,1268,1155
114000013,1583,1187,396
114000014,713,433,280
114000015,1642,276,1366
114000016,236,204,32
114000017,93,391,-298
114000018,195,40,155
114000026,1775,1069,706
114000027,2768,1780,988
114000028,2166,2342,-176
114000038,269,114,155
114000039,257,164,93
114000040,116,230,-114
114000042,200,112,88
114000043,292,230,62
114000044,358,131,227
114000045,31,73,-42
114000046,2226,3941,-1715
114000047,14,91,-77
114000048,112,113,-1
114000049,1334,1544,-210
114000050,1348,1874,-526
114000051,2529,1972,557
114000052,3037,2241,796
114000053,62,733,-671
114000054,183,747,-564
114000055,194,19,175
114000056,548,829,-281
114000057,3566,1843,1723
114000058,280,1185,-905
114000059,154,267,-113
114000060,554,807,-253
114000061,2560,2574,-14
114000062,1424,1270,154
114000063,1868,1258,610
114000064,3674,3196,478
114000065,1120,1946,-826
114000066,445,606,-161
114000067,24,623,-599
114000068,542,586,-44
114000069,696,429,267
114000070,1947,1579,368
114000071,617,334,283
114000072,409,174,235
114000073,10,72,-62
114000074,52,6,46
114000075,73,69,4
114000076,17,84,-67
114000077,8,24,-16
114000078,300,466,-166
114000079,105,17,88
114000080,57,75,-18
114000081,101,71,30
114000082,73,322,-249
114000083,68,136,-68
114000084,280,74,206
114000085,64,334,-270
114000086,209,265,-56
114000087,108,101,7
114000088,63,29,34
114000089,588,294,294
114000090,825,763,62
114000091,1204,808,396
114000092,830,459,371
114000093,1157,558,599
114000094,353,328,25
114000095,256,149,107
114000096,128,257,-129
114000097,152,389,-237
114000098,577,137,440
114000099,675,379,296
114000100,1478,435,1043
114000101,457,531,-74
114000102,554,271,283
114000103,113,329,-216
114000104,60,154,-94
114000105,121,75,46
114000106,615,963,-348
114000107,332,107,225
114000108,1375,812,563
114000109,686,1440,-754
114000110,575,1002,-427
114000111,1538,633,905
114000112,392,1565,-1173
114000113,1611,510,1101
114000114,936,1145,-209
114000115,2280,929,1351
114000116,824,1616,-792
114000117,2824,416,2408
114000118,2387,395,1992
114000119,1750,386,1364
114000120,445,586,-141
114000121,481,641,-160
114000122,339,370,-31
114000123,1803,353,1450
114000124,895,281,614
114000125,799,1042,-243
114000126,1405,226,1179
114000127,176,175,1
114000128,803,315,488
114000130,508,387,121
114000131,307,76,231
114000132,492,387,105
114000133,723,1201,-478
114000134,59,75,-16
114000138,43,170,-127
114000139,411,327,84
114000144,759,480,279
114000145,65,100,-35
114000146,80,144,-64
114000147,1263,1830,-567
114000148,1511,1509,2
114000149,342,246,96
114000150,1172,1221,-49
114000151,1299,2117,-818
114000152,130,29,101
114000153,920,2460,-1540
114000154,710,835,-125
114000155,1019,2039,-1020
114000156,734,630,104
114000157,284,1035,-751
114000158,1167,527,640
114000159,244,409,-165
114000160,114,434,-320
114000161,1127,2575,-1448
114000162,1057,2226,-1169
114000163,18,116,-98
114000165,509,356,153
114000166,699,385,314
114000167,2638,1285,1353
114000168,429,234,195
114000169,1459,1174,285
114000170,1165,1105,60
114000171,1164,3488,-2324
114000174,262,339,-77
114000176,462,645,-183
114000177,1342,601,741
114000178,36,43,-7
114000179,1054,705,349
114000180,619,697,-78
114000181,1198,3269,-2071
114000182,1761,1982,-221
114000183,741,798,-57
114000184,2590,802,1788
114000185,1224,690,534
114000189,986,148,838
114000190,2661,341,2320
114000191,67,60,7
114000192,151,905,-754
114000193,429,1139,-710
114000194,1164,623,541
114000195,190,23,167
114000196,4,152,-148
114000197,1180,22,1158
114000198,636,260,376
114000199,1633,1493,140
114000200,540,1233,-693
114000201,138,619,-481
114000202,877,429,448
114000203,570,583,-13
114000204,148,376,-228
114000205,197,1051,-854
114000206,546,1063,-517
114000207,530,1083,-553
114000208,357,1665,-1308
114000209,516,1561,-1045
114000210,221,775,-554
114000211,918,1271,-353
114000212,685,693,-8
114000213,1347,513,834
114000214,79,157,-78
114000215,185,57,128
114000216,1305,365,940
114000217,319,193,126
114000218,178,180,-2
114000219,1272,209,1063
114000220,34,899,-865
114000221,788,127,661
114000222,127,770,-643
114000223,448,129,319
114000224,62,418,-356
114000225,280,392,-112
114000226,192,199,-7
114000227,853,500,353
114000228,742,569,173
114000229,1096,990,106
114000230,1707,960,747
114000231,933,1113,-180
114000232,700,157,543
114000233,1975,106,1869
114000234,1031,647,384
114000235,932,976,-44
114000236,0,317,-317
114000237,116,582,-466
114000238,97,175,-78
114000239,161,848,-687
114000240,690,685,5
114000241,251,668,-417
114000242,775,671,104
114000243,1477,687,790
114000244,509,302,207
114000245,359,644,-285
114000246,111,60,51
114000247,551,500,51
114000248,1171,424,747
114000249,493,484,9
114000250,485,834,-349
114000251,413,215,198
114000252,63,63,0
114000253,39,153,-114
114000254,38,58,-20
114000255,536,190,346
114000256,1018,1698,-680
114000257,506,1067,-561
114000258,306,342,-36
114000259,128,206,-78
114000260,0,34,-34
114000261,38,33,5
114000262,214,117,97
114000263,10,1,9
114000264,914,343,571
114000265,0,0,0
114000267,3,1519,-1516
114000268,6,924,-918
114000270,149,4,145
114000271,345,58,287
114000283,1190,352,838
114000285,12,150,-138
114000288,94,362,-268
114000289,1362,129,1233
114000293,184,381,-197
114000294,189,356,-167
114000395,1253,36,1217
114000396,554,507,47
114000402,568,230,338
114000403,271,247,24
114000405,164,366,-202
114000423,290,228,62
114000424,324,166,158
114000425,793,234,559
114000426,275,703,-428
114000427,113,75,38
114000428,157,176,-19
114000429,20,111,-91
114000432,105,74,31
114000434,48,73,-25
114000435,1,109,-108
114900001,623,594,29
114900002,394,76,318
114900003,677,810,-133
114900004,186,406,-220
114900005,669,489,180
114900006,72,56,16
114900007,248,12,236
114900008,171,90,81
114900010,1461,1606,-145
114900011,181,95,86
114900013,255,143,112
114900018,759,26,733
114900020,156,82,74
114900022,5,473,-468
114900025,456,162,294
114900026,97,105,-8
114900029,137,30,107
114900030,239,201,38
114900031,381,26,355
114900032,308,23,285
114900034,33,119,-86
114900035,146,235,-89
114900036,215,440,-225
114900039,457,276,181
114900040,66,121,-55
114900041,598,291,307
114900042,837,413,424
114900044,142,29,113
114900047,192,1851,-1659
114900048,83,221,-138
114900049,25,143,-118
114900050,48,273,-225
114900051,37,256,-219
114900052,44,193,-149
114900053,107,291,-184
114900054,36,89,-53
114900057,251,12,239
114900058,0,50,-50
114900059,70,64,6
114900063,87,123,-36
114900064,1413,326,1087
114900065,448,579,-131
114900067,34,291,-257
114900068,53,162,-109
114900069,122,71,51
114900070,505,300,205
114900072,6,216,-210
114900073,0,137,-137
114900074,624,493,131
114900075,203,2,201
114900076,3,206,-203
114900080,1389,266,1123
114900082,2638,2036,602
114900083,804,901,-97
114900090,322,148,174
114900091,80,113,-33
114900097,133,4,129
114900098,5,130,-125
114900099,185,6,179
115000001,4549,2875,1674
115000002,3629,3960,-331
115000003,4134,2330,1804
115000004,4222,5018,-796
115000005,1372,1681,-309
115000006,989,1373,-384
115000007,228,166,62
115000008,472,478,-6
115000009,225,187,38
115000010,302,170,132
115000013,37,179,-142
115000015,77,304,-227
115000016,73,202,-129
115000019,38,375,-337
115000020,140,556,-416
115000021,231,396,-165
115000022,463,300,163
115000023,359,530,-171
115000024,743,419,324
115000025,742,562,180
115000026,118,323,-205
115000027,269,236,33
115000028,164,551,-387
115000029,595,68,527
115000030,553,858,-305
115000031,1110,185,925
115000032,7,225,-218
115000033,190,29,161
115000034,58,816,-758
115000035,884,64,820
115000036,0,306,-306
115000037,531,21,510
115000038,58,160,-102
115000039,2975,2940,35
115000040,4191,2395,1796
115000041,1219,2955,-1736
115000042,859,531,328
115000043,3807,2235,1572
115000044,3402,3011,391
115000045,2290,1237,1053
115000046,2334,2206,128
115000047,2234,1208,1026
115000048,1656,1625,31
115000049,1241,2343,-1102
115000050,2832,1542,1290
115000051,1499,2612,-1113
115000052,1678,1502,176
115000053,1725,1562,163
115000054,545,869,-324
115000055,138,733,-595
115000056,215,458,-243
115000057,580,1249,-669
115000058,388,340,48
115000059,179,97,82
115000061,122,196,-74
115000062,173,213,-40
115000063,329,190,139
115000064,197,91,106
115000065,58,410,-352
115000067,159,14,145
115000069,77,263,-186
115000070,26,694,-668
115000071,73,17,56
115000072,11,102,-91
115000073,1059,49,1010
115000075,83,52,31
115000076,2570,2070,500
115000077,2152,1587,565
115000078,1186,1017,169
115000079,1147,1351,-204
115000080,2090,1660,430
115000081,375,603,-228
115000082,3541,3115,426
115000083,1672,1360,312
115000084,2268,1019,1249
115000085,632,732,-100
115000086,1050,681,369
115000087,429,1116,-687
115000088,1782,667,1115
115000089,1412,967,445
115000090,439,827,-388
115000091,166,642,-476
115000092,772,374,398
115000093,412,2,410
115000094,4769,4711,58
115000095,3532,5063,-1531
115000096,774,933,-159
115000097,1005,803,202
115000098,1043,590,453
115000099,2149,1804,345
115000100,1024,319,705
115000101,405,1061,-656
115000102,558,235,323
115000103,272,486,-214
115000105,85,107,-22
115000106,563,268,295
115000107,202,309,-107
115000108,2437,1879,558
115000109,3023,3758,-735
115000110,1167,1361,-194
115000111,471,1208,-737
115000112,526,708,-182
115000113,429,599,-170
115000114,1395,615,780
115000116,3205,1945,1260
115000117,2670,2772,-102
115000118,1926,1415,511
115000119,1510,1950,-440
115000120,535,1289,-754
115000121,1106,747,359
115000122,2289,1183,1106
115000123,966,1748,-782
115000124,726,771,-45
115000125,357,612,-255
115000126,101,272,-171
115000127,336,131,205
115000128,382,650,-268
115000129,247,360,-113
115000130,373,609,-236
115000131,870,232,638
115000132,254,343,-89
115000133,592,203,389
115000134,324,271,53
115000135,290,155,135
115000136,254,232,22
115000137,164,173,-9
115000138,349,246,103
115000139,197,208,-11
115000140,421,190,231
115000141,203,196,7
115000142,173,160,13
115000143,819,574,245
115000144,643,54,589
115000145,306,220,86
115000146,404,285,119
115000147,318,333,-15
115000148,254,691,-437
115000149,528,221,307
115000150,591,509,82
115000151,957,473,484
115000152,519,690,-171
115000153,949,411,538
115000154,961,235,726
115000155,517,641,-124
115000156,853,542,311
115000157,512,669,-157
115000158,415,321,94
115000159,594,454,140
115000160,366,360,6
115000161,128,337,-209
115000162,589,636,-47
115000163,407,626,-219
115000164,611,482,129
115000165,330,467,-137
115000167,142,99,43
115000168,491,266,225
115000169,408,303,105
115000170,149,157,-8
115000171,333,237,96
115000172,851,613,238
115000173,295,480,-185
115000174,108,290,-182
115000175,204,150,54
115000176,65,109,-44
115000177,30,107,-77
115000178,11,186,-175
115000179,37,49,-12
115000180,119,386,-267
115000181,625,145,480
115000182,789,235,554
115000183,324,604,-280
115000186,562,189,373
115000187,159,581,-422
115000188,457,366,91
115000189,169,388,-219
115000190,601,306,295
115000191,118,347,-229
115000194,78,121,-43
115000195,224,294,-70
115000196,147,69,78
115000197,229,174,55
115000198,316,133,183
115000199,348,106,242
115000200,384,91,293
115000201,124,226,-102
115000206,354,47,307
115000207,144,209,-65
115000208,307,512,-205
115000209,541,224,317
115000210,119,121,-2
115000211,206,203,3
115000212,1146,280,866
115000224,408,50,358
115000225,34,70,-36
115000229,153,138,15
115000230,111,268,-157
115000231,279,1072,-793
115000232,1771,226,1545
115000233,106,147,-41
115000234,28,284,-256
115000241,73,169,-96
115000242,116,230,-114
115000243,39,148,-109
115000244,6,117,-111
115000246,44,24,20
115000247,46,17,29
115000248,39,7,32
115000249,21,10,11
115000250,267,25,242
115000251,252,97,155
115000252,78,240,-162
115000253,13,391,-378
115000258,338,124,214
115000259,318,116,202
115000261,23,25,-2
115000262,10,28,-18
115000263,9,52,-43
115000264,26,37,-11
115000267,60,40,20
115000268,46,107,-61
115000269,132,42,90
115000270,6,20,-14
115000272,75,169,-94
115000273,285,18,267
115000280,2197,274,1923
115000281,687,1192,-505
115000282,426,519,-93
115000284,245,165,80
115000296,935,10,925
115000297,95,262,-167
115000298,46,550,-504
115000300,187,154,33
115000302,537,117,420
115000303,659,118,541
115000304,623,47,576
115000305,78,470,-392
115000306,189,223,-34
115000307,59,165,-106
115000308,26,15,11
115000310,902,616,286
115000311,956,928,28
115000313,154,402,-248
115000314,365,145,220
115000315,717,583,134
115000316,74,93,-19
115000317,128,340,-212
115000318,760,272,488
115000319,32,271,-239
115000320,14,291,-277
115000321,277,29,248
115000322,38,164,-126
115000449,155,132,23
115000557,20,1027,-1007
115000558,427,153,274
115000587,555,276,279
115000588,1758,2152,-394
115000589,3201,2000,1201
115000590,1181,1370,-189
115000591,1476,754,722
115000592,550,1501,-951
115000593,1313,613,700
115000594,731,2326,-1595
115000609,199,159,40
115000617,1056,2587,-1531
115000624,205,60,145
115000633,350,1588,-1238
115000634,2482,635,1847
115000635,550,150,400
115000638,522,484,38
115000641,44,86,-42
115000642,268,226,42
115000643,93,430,-337
115000644,123,350,-227
115000646,736,1488,-752
115000647,162,461,-299
115000648,1847,1149,698
115000893,2574,1418,1156
115000894,127,836,-709
115000895,376,943,-567
115000896,1275,477,798
115000897,459,118,341
115000898,448,174,274
115000899,316,1005,-689
115000900,60,358,-298
115000901,55,118,-63
115000912,450,80,370
115000913,1,8,-7
115000915,27,0,27
115000916,5,1,4
115000917,0,3,-3
115000918,96,303,-207
115000919,2,23,-21
115000920,20,44,-24
115000921,418,98,320
115000922,862,787,75
115000923,302,1229,-927
115000925,154,62,92
115000927,45,55,-10
115000933,200,265,-65
115000934,115,165,-50
115000935,115,69,46
115000936,40,592,-552
115000937,864,135,729
115000938,179,243,-64
115000939,204,237,-33
115000940,18,20,-2
115000941,5,21,-16
115000942,20,126,-106
115000943,24,42,-18
115000944,2,12,-10
115900001,118,31,87
115900002,55,94,-39
115900003,189,75,114
115900004,2,33,-31
115900005,204,7,197
115900006,125,167,-42
115900008,47,3,44
115900009,54,127,-73
115900010,310,121,189
115900011,469,192,277
115900012,158,45,113
115900013,280,99,181
115900014,136,113,23
115900015,98,43,55
115900016,99,16,83
115900017,16,7,9
115900018,166,40,126
115900019,75,6,69
115900020,55,0,55
115900021,746,181,565
115900022,1079,8,1071
115900023,66,2,64
115900025,18,97,-79
115900026,704,165,539
115900027,1,194,-193
115900028,452,39,413
115900029,28,235,-207
115900030,18,23,-5
115900031,178,194,-16
115900032,501,462,39
115900033,1,36,-35
115900034,31,243,-212
115900035,42,18,24
115900036,40,728,-688
115900037,58,245,-187
115900038,35,5,30
115900039,149,151,-2
115900041,305,565,-260
115900042,21,3,18
115900043,66,49,17
115900044,206,193,13
115900046,214,182,32
115900047,134,160,-26
115900049,126,171,-45
115900051,0,39,-39
115900052,11,171,-160
115900053,204,142,62
115900054,243,38,205
115900055,10,111,-101
115900056,148,181,-33
115900057,37,16,21
115900058,24,47,-23
115900060,58,127,-69
115900061,205,2,203
115900062,15,203,-188
115900063,70,10,60
115900064,154,178,-24
115900065,110,74,36
115900066,126,94,32
115900067,2,438,-436
115900068,1966,969,997
115900069,27,116,-89
115900070,161,103,58
115900071,2,235,-233
115900072,30,102,-72
115900073,76,60,16
115900074,2,243,-241
115900075,19,168,-149
115900076,5,49,-44
115900077,5,139,-134
115900078,69,86,-17
115900079,264,14,250
115900080,360,166,194
115900081,11,71,-60
115900082,100,113,-13
115900084,417,26,391
115900085,41,105,-64
115900086,1128,385,743
115900088,7,61,-54
115900089,404,467,-63
115900090,393,11,382
115900091,8,15,-7
115900092,46,136,-90
115900093,9,23,-14
115900094,9,228,-219
115900096,8,12,-4
115900097,6,241,-235
115900098,122,193,-71
115900099,164,96,68
115900100,7,303,-296
115900101,147,131,16
115900102,106,60,46
115900103,294,98,196
115900104,85,72,13
115900105,227,405,-178
115900106,75,32,43
115900107,70,90,-20
115900108,126,36,90
115900109,38,309,-271
115900110,0,18,-18
115900111,2,55,-53
115900112,37,572,-535
115900113,47,26,21
115900114,2,80,-78
115900115,37,147,-110
115900116,65,527,-462
115900117,98,13,85
115900118,5,162,-157
115900119,84,73,11
115900120,40,202,-162
115900121,160,195,-35
115900124,260,464,-204
115900125,306,38,268
115900126,613,67,546
115900127,526,42,484
115900128,5,133,-128
115900129,524,53,471
115900130,28,200,-172
115900131,251,23,228
115900132,460,4,456
115900134,263,16,247
115900135,385,912,-527
115900137,27,4,23
115900139,44,58,-14
115900140,227,44,183
115900141,5,38,-33
115900142,7,20,-13
115900143,251,271,-20
115900144,85,175,-90
115900146,3,54,-51
115900147,165,182,-17
115900148,73,13,60
115900149,58,19,39
115900150,71,17,54
115900151,14,75,-61
115900152,93,219,-126
115900153,95,134,-39
115900154,311,337,-26
115900155,0,25,-25
115900156,596,676,-80
115900157,169,341,-172
115900158,13,10,3
115900159,139,188,-49
115900160,14,10,4
115900161,37,131,-94
115900163,145,114,31
115900164,473,7,466
115900166,107,112,-5
115900168,82,92,-10
115900171,77,273,-196
115900172,45,131,-86
115900173,159,93,66
115900174,157,198,-41
115900175,88,150,-62
115900178,5,313,-308
115900179,252,14,238
115900180,72,104,-32
115900181,165,102,63
115900182,352,132,220
115900183,25,26,-1
115900184,946,5,941
115900187,16,109,-93
115900189,1,164,-163
115900190,264,983,-719
115900191,40,227,-187
115900192,8,112,-104
115900193,212,62,150
115900194,591,36,555
115900195,475,1698,-1223
115900198,142,253,-111
115900199,164,169,-5
115900200,198,232,-34
115900201,411,328,83
115900202,7,67,-60
115900203,9,11,-2
115900204,0,4,-4
115900205,85,22,63
115900206,151,111,40
115900207,51,13,38
115900208,103,107,-4
115900209,8,104,-96
115900210,5,106,-101
115900211,2,143,-141
115900212,117,118,-1
115900213,121,77,44
115900214,431,140,291
115900215,26,125,-99
115900216,3,88,-85
115900217,1,22,-21
115900218,1,17,-16
115900219,88,2,86
115900220,177,8,169
115900221,113,4,109
115900222,44,30,14
115900223,12,354,-342
115900224,606,1128,-522
115900225,76,37,39
115900226,3,31,-28
115900227,6,30,-24
115900228,5,32,-27
115900229,2,30,-28
115900230,40,78,-38
115900231,109,3,106
115900232,53,0,53
115900233,101,25,76
115900234,45,35,10
115900235,44,12,32
115900236,78,48,30
115900237,30,36,-6
115900238,19,8,11
115900239,12,22,-10
115900240,7,44,-37
115900241,187,54,133
115900242,219,288,-69
115900243,6,3,3
115900244,8,12,-4
115900245,62,5,57
115900246,8,18,-10
115900247,41,13,28
115900248,9,1,8
115900249,4,7,-3
115900250,8,22,-14
115900251,1,8,-7
115900252,9,1,8
115900253,16,16,0
115900254,3,16,-13
115900255,0,20,-20
115900256,20,81,-61
115900257,6,10,-4
115900258,0,1,-1
115900259,4,2,2
115900260,11,2,9
115900261,12,0,12
115900262,0,0,0
115900263,12,0,12
115900264,8,3,5
115900265,7,11,-4
115900266,4,15,-11
115900267,10,18,-8
115900268,3,14,-11
115900269,424,266,158
115900270,264,229,35
115900271,114,0,114
115900272,31,10,21
115900273,7,26,-19
115900274,6,6,0
115900275,2,6,-4
115900276,0,16,-16
115900277,0,31,-31
115900278,40,60,-20
115900279,40,136,-96
115900280,22,382,-360
115900281,302,238,64
115900282,20,6,14
115900283,14,9,5
115900284,9,6,3
116000001,8502,3280,5222
116000002,4134,9380,-5246
116000003,1329,1441,-112
116000004,2453,3305,-852
116000005,1784,3012,-1228
116000006,2503,2638,-135
116000007,1821,3234,-1413
116000008,3428,2599,829
116000009,1234,1716,-482
116000010,2232,1508,724
116000011,746,1538,-792
116000012,1615,1023,592
116000013,4137,2032,2105
116000014,8160,10374,-2214
116000015,160,1090,-930
116000016,4218,2971,1247
116000017,26,646,-620
116000018,617,231,386
116000019,767,276,491
116000020,584,636,-52
116000021,400,266,134
116000022,407,351,56
116000023,904,534,370
116000024,537,648,-111
116000025,595,645,-50
116000026,1481,2302,-821
116000027,348,535,-187
116000028,438,791,-353
116000029,493,547,-54
116000030,710,369,341
116000031,137,287,-150
116000032,379,147,232
116000033,372,344,28
116000034,591,647,-56
116000035,334,526,-192
116000036,1341,1048,293
116000037,498,403,95
116000038,308,528,-220
116000039,474,456,18
116000040,639,422,217
116000041,159,389,-230
116000042,626,288,338
116000043,63,575,-512
116000044,13,90,-77
116000045,1644,959,685
116000046,870,1471,-601
116000047,1265,1726,-461
116000048,1671,1603,68
116000049,1259,3031,-1772
116000050,1312,1011,301
116000051,5029,2822,2207
116000052,4295,4727,-432
116000053,1676,724,952
116000054,723,2362,-1639
116000055,634,677,-43
116000056,811,886,-75
116000057,2378,1443,935
116000058,2961,2798,163
116000059,3074,4399,-1325
116000060,1828,874,954
116000061,514,970,-456
116000062,544,204,340
116000063,502,1217,-715
116000066,325,473,-148
116000067,189,437,-248
116000068,170,275,-105
116000069,275,330,-55
116000078,602,982,-380
116000080,1551,769,782
116000082,17,36,-19
116000083,1625,416,1209
116000084,1544,2771,-1227
116000085,2105,1600,505
116000086,1504,1000,504
116000087,2045,1350,695
116000088,649,820,-171
116000089,168,101,67
116000090,91,177,-86
116000091,504,243,261
116000093,580,412,168
116000094,536,492,44
116000095,645,537,108
116000096,625,1085,-460
116000097,743,569,174
116000098,100,4902,-4802
116000099,5054,277,4777
116000100,259,13,246
116000101,832,682,150
116000102,269,985,-716
116000103,497,283,214
116000104,158,918,-760
116000105,970,186,784
116000106,533,921,-388
116000107,2266,316,1950
116000108,109,184,-75
116000111,134,43,91
116000113,130,85,45
116000114,41,113,-72
116000115,322,94,228
116000116,218,295,-77
116000117,1344,1411,-67
116000118,1062,814,248
116000119,2969,1777,1192
116000120,2588,2621,-33
116000121,842,547,295
116000122,983,1220,-237
116000123,1066,376,690
116000124,372,587,-215
116000125,2633,695,1938
116000126,256,1039,-783
116000127,851,882,-31
116000128,1589,853,736
116000129,1260,236,1024
116000130,560,456,104
116000133,1065,695,370
116000134,1485,1436,49
116000135,2457,1266,1191
116000136,875,1542,-667
116000137,1040,734,306
116000138,777,569,208
116000139,1137,1774,-637
116000140,151,149,2
116000141,243,445,-202
116000142,2816,2045,771
116000143,1731,1562,169
116000144,1432,1664,-232
116000145,1676,965,711
116000146,536,140,396
116000147,147,95,52
116000148,491,618,-127
116000149,642,583,59
116000151,484,458,26
116000153,72,261,-189
116000155,194,210,-16
116000156,374,752,-378
116000157,71,19,52
116000158,323,263,60
116000159,14,11,3
116000160,10,49,-39
116000161,5,66,-61
116000162,90,107,-17
116000163,24,7,17
116000164,7,21,-14
116000177,167,111,56
116000194,93,341,-248
116000195,1220,497,723
116000196,18,5,13
116000197,7,22,-15
116000198,2267,863,1404
116000200,628,574,54
116000201,499,482,17
116000202,12,162,-150
116000203,5,80,-75
116000204,10,56,-46
116000205,1,107,-106
116000206,7,94,-87
116000207,4,60,-56
116000233,186,287,-101
116000287,137,318,-181
116000288,267,207,60
116000292,23,75,-52
116000296,25,238,-213
116000297,125,36,89
116000304,139,34,105
116000305,57,40,17
116000346,107,44,63
116000352,67,14,53
116000354,17,1,16
116000357,5,10,-5
116000358,420,52,368
116000361,301,1,300
116000372,3625,3724,-99
116000381,69,0,69
116000388,1,39,-38
116000389,788,449,339
116000445,429,447,-18
116000446,642,448,194
116000447,31,482,-451
116000448,524,128,396
116000563,1048,770,278
116000565,41,297,-256
116000568,32,164,-132
116000579,28,116,-88
116000583,107,49,58
116000584,33,12,21
116000585,47,27,20
116000586,75,82,-7
116000587,469,522,-53
116000589,47,57,-10
116000590,58,79,-21
116000591,284,188,96
116000592,15,64,-49
116000593,0,33,-33
116000594,589,348,241
116000595,561,87,474
116000596,97,2,95
116000597,344,76,268
116000598,17,128,-111
116000605,282,119,163
116000606,88,227,-139
116000607,1,37,-36
116000609,132,673,-541
116000611,107,359,-252
116000612,912,1709,-797
116000613,563,315,248
116000614,395,452,-57
116000615,4,364,-360
116000616,56,54,2
116000617,86,33,53
116000618,1,51,-50
116000619,63,65,-2
116000620,152,398,-246
116000621,51,112,-61
116000622,56,101,-45
116000624,199,81,118
116000627,95,38,57
116000628,74,237,-163
116000629,35,216,-181
116000630,260,18,242
116000631,119,53,66
116000632,710,67,643
116000633,132,181,-49
116000634,313,114,199
116000635,2478,2039,439
116000636,713,1358,-645
116000637,374,50,324
116000638,114,254,-140
116000639,119,1,118
116000640,16,21,-5
116000641,28,67,-39
116000643,0,150,-150
116000644,41,346,-305
116000645,33,12,21
116900001,235,173,62
116900002,211,1,210
116900003,22,40,-18
116900004,38,34,4
116900005,224,42,182
116900006,188,204,-16
116900007,116,115,1
116900008,349,170,179
116900009,26,4,22
116900010,492,919,-427
116900011,40,38,2
116900012,213,157,56
116900013,2,104,-102
116900014,117,159,-42
116900015,439,25,414
116900016,290,2,288
116900017,0,366,-366
116900018,88,47,41
116900019,2,186,-184
116900020,636,805,-169
116900023,59,13,46
116900024,536,19,517
116900025,896,640,256
116900026,59,383,-324
116900027,42,50,-8
116900028,6,90,-84
116900029,0,41,-41
116900031,1,11,-10
116900032,3,232,-229
116900033,7,1,6
116900034,29,48,-19
116900035,117,136,-19
116900036,9,104,-95
116900038,66,1,65
116900041,30,13,17
116900042,403,197,206
116900043,12,46,-34
116900047,32,111,-79
116900049,20,247,-227
116900050,107,310,-203
116900051,107,98,9
116900052,128,100,28
116900055,1,10,-9
116900057,20,166,-146
116900058,15,242,-227
116900059,1,86,-85
116900060,181,127,54
116900062,0,11,-11
116900064,76,445,-369
116900065,24,115,-91
116900067,79,56,23
116900068,88,123,-35
116900070,4,2,2
116900072,24,252,-228
116900073,25,83,-58
116900074,4,35,-31
116900076,9,43,-34
116900077,11,137,-126
116900078,215,59,156
116900079,46,163,-117
116900080,14,32,-18
116900081,281,845,-564
116900082,174,811,-637
116900083,48,25,23
116900084,82,44,38
116900085,67,119,-52
116900086,57,148,-91
116900088,290,103,187
116900090,87,32,55
116900091,367,50,317
116900092,64,408,-344
116900093,1430,1555,-125
116900094,2860,2793,67
116900095,180,108,72
116900096,84,267,-183
116900097,1843,2464,-621
116900098,753,348,405
116900099,525,443,82
116900100,815,24,791
116900101,276,385,-109
116900103,6,0,6
116900104,82,52,30
116900105,165,111,54
116900106,1177,6,1171
116900107,2145,2004,141
116900110,21,0,21
116900111,605,420,185
116900112,270,707,-437
116900113,1269,1162,107
116900116,98,561,-463
116900117,167,86,81
116900118,566,684,-118
116900120,283,48,235
116900121,216,14,202
116900122,702,494,208
116900123,200,537,-337
116900124,163,671,-508
116900125,308,225,83
116900126,80,407,-327
116900128,0,30,-30
116900129,1,280,-279
116900130,396,3174,-2778
116900131,76,262,-186
116900132,54,93,-39
116900133,139,121,18
116900134,149,220,-71
116900136,209,149,60
116900137,282,116,166
116900138,146,113,33
116900139,117,335,-218
116900140,162,139,23
116900141,671,346,325
116900142,1,78,-77
116900143,290,240,50
116900144,36,82,-46
116900145,73,151,-78
116900147,343,459,-116
116900148,10,38,-28
116900149,50,249,-199
116900150,15,9,6
116900151,59,11,48
116900153,94,62,32
116900154,358,494,-136
116900155,54,62,-8
116900157,476,232,244
116900158,102,225,-123
116900159,76,223,-147
116900160,591,768,-177
116900161,4072,5029,-957
116900162,7,72,-65
116900163,147,110,37
116900164,91,63,28
116900165,253,262,-9
116900166,41,67,-26
116900167,408,47,361
116900168,320,60,260
116900169,439,619,-180
116900170,290,478,-188
116900171,42,126,-84
116900172,148,342,-194
116900173,156,24,132
116900174,46,55,-9
116900175,172,155,17
116900178,22,89,-67
116900179,64,234,-170
116900180,84,16,68
116900182,419,218,201
116900183,178,63,115
116900185,28,49,-21
116900186,73,173,-100
116900187,100,40,60
116900188,131,25,106
116900189,48,0,48
116900191,307,588,-281
116900192,252,89,163
116900194,124,1189,-1065
116900195,34,20,14
116900196,18,64,-46
116900197,115,15,100
116900198,88,193,-105
116900200,53,19,34
116900201,94,4,90
116900202,63,50,13
116900203,129,7,122
116900204,71,98,-27
116900206,20,16,4
116900207,30,18,12
116900208,29,90,-61
116900209,51,85,-34
116900210,412,220,192
116900211,172,1,171
116900212,41,50,-9
116900213,191,99,92
116900214,175,91,84
116900215,52,67,-15
116900216,240,164,76
116900218,2,166,-164
116900219,889,244,645
116900220,115,179,-64
116900221,119,276,-157
116900222,396,286,110
116900223,76,212,-136
116900226,76,41,35
116900227,119,87,32
116900228,308,177,131
116900230,49,178,-129
116900231,22,230,-208
116900232,14,303,-289
116900233,258,79,179
116900234,7,6,1
116900235,473,331,142
116900238,1248,220,1028
116900239,1,705,-704
116900240,3537,2708,829
116900241,69,86,-17
116900242,632,609,23
116900243,1,11,-10
116900245,24,29,-5
116900246,89,25,64
116900247,764,30,734
116900248,83,24,59
116900249,290,55,235
116900250,386,46,340
116900251,329,495,-166
116900252,153,539,-386
116900254,24,86,-62
116900255,93,52,41
116900256,434,93,341
116900257,19,240,-221
116900258,2,141,-139
116900259,247,4,243
116900260,1,87,-86
116900261,62,1,61
116900262,143,133,10
116900263,0,10,-10
116900264,97,44,53
116900265,58,1,57
116900266,22,47,-25
116900267,2,1,1
116900268,173,150,23
116900269,238,505,-267
116900271,958,189,769
116900272,312,165,147
116900273,132,86,46
116900274,112,49,63
116900275,130,61,69
116900276,310,156,154
116900277,374,24,350
116900278,6,4,2
116900279,5,28,-23
116900280,28,19,9
116900281,3575,3440,135
116900282,2,73,-71
116900283,12,84,-72
116900284,10,133,-123
116900285,199,217,-18
116900286,160,25,135
116900287,4,29,-25
116900288,79,117,-38
116900289,14,9,5
116900290,7,14,-7
116900291,14,10,4
116900292,0,9,-9
116900293,37,30,7
116900294,25,113,-88
116900295,87,96,-9
116900296,60,77,-17
116900297,10,110,-100
116900298,83,77,6
116900299,23,88,-65
116900300,3,73,-70
116900301,42,126,-84
116900302,47,56,-9
116900303,183,91,92
116900304,0,92,-92
116900305,17,23,-6
116900306,123,77,46
116900307,64,0,64
116900308,2,75,-73
116900309,111,64,47
116900310,21,67,-46
117000001,1473,1132,341
117000002,1806,2773,-967
117000003,5220,2528,2692
117000004,2732,3565,-833
117000005,2321,1639,682
117000006,1159,2666,-1507
117000007,3318,1105,2213
117000008,1008,2834,-1826
117000009,4321,1652,2669
117000010,2053,2890,-837
117000011,2123,1296,827
117000012,1182,985,197
117000013,1612,727,885
117000014,987,1706,-719
117000015,2170,1075,1095
117000016,209,130,79
117000017,172,150,22
117000018,132,485,-353
117000019,80,37,43
117000020,403,1036,-633
117000021,1169,572,597
117000022,238,150,88
117000023,211,199,12
117000024,198,206,-8
117000025,247,567,-320
117000026,1727,1362,365
117000027,1709,4906,-3197
117000028,2794,1647,1147
117000030,448,354,94
117000031,371,272,99
117000032,1332,1050,282
117000033,1076,571,505
117000034,335,277,58
117000035,315,282,33
117000036,389,264,125
117000037,301,203,98
117000038,160,474,-314
117000039,331,170,161
117000040,205,678,-473
117000041,995,105,890
117000044,14,748,-734
117000045,518,55,463
117000046,414,706,-292
117000047,901,543,358
117000048,1388,727,661
117000049,79,430,-351
117000050,71,791,-720
117000051,1136,70,1066
117000052,88,361,-273
117000053,963,78,885
117000054,1745,6,1739
117000055,72,2148,-2076
117000056,559,13,546
117000057,550,1722,-1172
117000060,415,856,-441
117000061,1324,736,588
117000062,233,451,-218
117000063,1542,902,640
117000064,556,562,-6
117000066,601,640,-39
117000067,102,499,-397
117000074,104,175,-71
117000076,48,54,-6
117000077,140,166,-26
117000078,172,357,-185
117000079,334,178,156
117000080,3,281,-278
117000081,996,92,904
117000082,32,143,-111
117000083,648,184,464
117000084,153,0,153
117000085,230,660,-430
117000086,753,464,289
117000087,86,518,-432
117000088,316,180,136
117000089,1381,217,1164
117000090,240,1023,-783
117000091,816,220,596
117000092,377,972,-595
117000093,1334,702,632
117000094,917,1919,-1002
117000095,3203,850,2353
117000096,730,1792,-1062
117000097,1447,1076,371
117000098,2005,2952,-947
117000099,3235,1083,2152
117000100,225,298,-73
117000101,207,705,-498
117000102,1846,609,1237
117000103,705,1168,-463
117000104,1292,575,717
117000105,717,1049,-332
117000106,1221,665,556
117000107,425,1027,-602
117000108,1658,828,830
117000109,1412,1882,-470
117000110,1499,1006,493
117000111,2817,3529,-712
117000112,2833,1378,1455
117000113,97,154,-57
117000114,240,116,124
117000115,88,81,7
117000116,145,190,-45
117000117,1116,855,261
117000118,240,115,125
117000119,236,218,18
117000120,181,544,-363
117000121,62,1089,-1027
117000122,336,710,-374
117000123,1161,38,1123
117000124,469,57,412
117000125,157,150,7
117000126,52,19,33
117000127,142,228,-86
117000128,304,549,-245
117000129,356,778,-422
117000130,119,2,117
117000131,0,109,-109
117000132,2660,34,2626
117000133,1442,42,1400
117000134,1,42,-41
117000135,2,41,-39
117000136,3,27,-24
117000137,111,108,3
117000138,3,512,-509
117000140,539,1161,-622
117000141,1598,504,1094
117000181,418,153,265
117000182,350,757,-407
117000195,136,700,-564
117000196,289,124,165
117000225,117,18,99
117000226,4,101,-97
117000276,298,5,293
117000277,1,233,-232
117000310,1216,1807,-591
117000315,45,535,-490
117000320,97,0,97
117000906,333,8,325
117000907,20,230,-210
117000909,54,37,17
117000910,224,150,74
117000911,81,149,-68
117000915,10,421,-411
117000916,33,3,30
117000917,1184,50,1134
117000918,77,41,36
117000919,4,48,-44
117000920,4,943,-939
117000921,3,864,-861
117000922,14,87,-73
117000924,732,650,82
117000926,644,137,507
117000927,1115,950,165
117000928,0,123,-123
117000929,226,305,-79
117000930,557,169,388
117000931,291,141,150
117900002,101,338,-237
117900003,415,302,113
117900005,7,53,-46
117900006,0,42,-42
117900007,99,99,0
117900008,0,23,-23
117900010,248,84,164
117900011,13,120,-107
117900012,72,64,8
117900013,0,148,-148
117900014,617,105,512
117900015,22,85,-63
117900016,833,868,-35
117900017,604,381,223
117900018,122,155,-33
117900019,429,233,196
117900020,62,372,-310
117900021,37,44,-7
117900023,730,59,671
117900024,57,46,11
117900025,41,11,30
117900026,328,268,60
117900028,48,4,44
117900029,180,450,-270
117900031,84,98,-14
117900032,1030,452,578
117900033,237,369,-132
117900034,54,32,22
117900035,240,150,90
117900036,258,275,-17
117900037,148,57,91
117900038,41,220,-179
117900039,4,37,-33
117900040,154,226,-72
117900041,1,34,-33
117900042,2589,246,2343
117900043,15,33,-18
117900044,67,3170,-3103
117900045,132,99,33
117900048,322,270,52
117900049,194,333,-139
117900050,22,49,-27
117900051,28,2,26
117900052,42,298,-256
117900053,1578,505,1073
117900054,0,27,-27
117900055,212,168,44
117900056,144,58,86
117900057,992,1048,-56
117900058,44,37,7
117900059,257,76,181
117900060,1959,3863,-1904
117900061,11,177,-166
117900063,356,132,224
117900065,717,1036,-319
117900066,3,76,-73
117900067,439,144,295
117900069,712,244,468
117900070,116,23,93
117900071,62,116,-54
117900073,430,186,244
117900074,89,42,47
117900075,71,64,7
117900076,37,64,-27
117900077,397,140,257
117900078,281,688,-407
117900080,121,42,79
117900081,431,324,107
117900082,379,321,58
117900083,256,323,-67
117900086,159,27,132
117900087,152,35,117
117900088,2567,1560,1007
117900089,1825,586,1239
117900090,421,331,90
117900091,103,133,-30
117900092,53,20,33
117900093,75,29,46
117900094,24,16,8
117900095,336,668,-332
117900096,108,187,-79
117900097,264,69,195
117900098,19,10,9
117900099,162,215,-53
117900100,190,0,190
117900101,415,1599,-1184
117900102,53,33,20
117900103,44,5,39
117900104,23,91,-68
117900105,105,161,-56
117900106,86,22,64
117900107,40,1,39
117900109,513,232,281
117900110,343,7,336
117900111,365,16,349
117900112,73,16,57
117900113,1994,1330,664
117900114,21,0,21
117900115,180,56,124
117900116,821,620,201
117900117,488,232,256
117900118,110,0,110
117900119,193,122,71
117900120,171,39,132
117900121,90,124,-34
117900122,1166,3226,-2060
117900123,543,312,231
117900124,714,627,87
117900125,1521,1755,-234
117900126,222,429,-207
117900127,428,355,73
117900128,355,592,-237
117900129,138,0,138
117900130,612,269,343
117900131,1,104,-103
117900132,17,71,-54
117900133,12,90,-78
117900134,42,231,-189
117900135,25,151,-126
117900136,0,14,-14
117900137,20,239,-219
117900138,1,31,-30
117900139,85,66,19
117900140,2849,25,2824
117900141,109,154,-45
117900142,99,51,48
117900144,33,129,-96
117900145,8,59,-51
117900146,155,117,38
117900147,80,40,40
117900148,1697,1489,208
117900149,278,179,99
117900150,24,35,-11
117900151,23,77,-54
117900152,79,50,29
117900153,53,81,-28
117900154,382,482,-100
117900156,819,596,223
117900157,90,489,-399
117900158,282,116,166
117900160,552,705,-153
117900161,2078,1587,491
117900162,388,324,64
117900163,57,174,-117
117900165,0,18,-18
117900166,79,433,-354
117900168,106,157,-51
117900169,0,65,-65
117900170,5,24,-19
117900171,3,23,-20
117900172,14,21,-7
117900173,109,67,42
117900174,42,53,-11
117900175,4,23,-19
117900176,16,18,-2
117900177,15,22,-7
117900178,100,29,71
117900180,159,48,111
117900181,68,325,-257
117900182,3,31,-28
117900183,57,152,-95
117900184,7,74,-67
117900185,29,50,-21
117900186,50,13,37
117900187,26,11,15
117900188,173,34,139
117900189,77,28,49
117900190,46,3,43
117900191,72,1,71
117900192,139,1,138
117900193,0,71,-71
117900194,21,8,13
117900195,14,70,-56
117900196,36,33,3
117900207,172,126,46
117900208,22,23,-1
117900209,153,148,5
117900210,126,146,-20
117900211,2,130,-128
117900212,92,92,0
117900213,29,19,10
117900214,8,38,-30
117900215,48,36,12
117900216,37,26,11
117900217,86,270,-184
117900218,146,126,20
117900219,5,102,-97
117900220,67,81,-14
117900222,212,276,-64
117900223,144,297,-153
118000001,729,866,-137
118000002,511,1244,-733
118000003,2012,2932,-920
118000004,1948,1956,-8
118000005,3674,4665,-991
118000006,3703,7469,-3766
118000007,4108,3162,946
118000008,3038,3527,-489
118000009,2405,2258,147
118000010,3289,3169,120
118000011,1334,1668,-334
118000012,880,1521,-641
118000013,1645,1666,-21
118000014,1800,1997,-197
118000016,202,277,-75
118000017,385,397,-12
118000018,328,271,57
118000019,1794,1474,320
118000020,1078,2757,-1679
118000021,690,2673,-1983
118000022,1384,749,635
118000023,937,373,564
118000024,1099,1041,58
118000027,10652,10381,271
118000029,797,665,132
118000032,919,3258,-2339
118000033,2054,5138,-3084
118000034,3787,2433,1354
118000035,1583,2554,-971
118000036,1002,1224,-222
118000037,661,746,-85
118000038,203,68,135
118000039,51,136,-85
118000040,1462,1290,172
118000041,2167,1116,1051
118000045,204,46,158
118000046,1235,512,723
118000047,701,952,-251
118000048,2014,1849,165
118000051,1372,964,408
118000052,962,538,424
118000053,194,309,-115
118000054,999,765,234
118000055,881,1056,-175
118000056,171,334,-163
118000057,255,253,2
118000058,1727,1516,211
118000059,1331,1189,142
118000060,866,526,340
118000061,1113,907,206
118000062,496,258,238
118000063,282,649,-367
118000064,844,1023,-179
118000065,2560,1288,1272
118000066,734,1526,-792
118000067,821,768,53
118000068,1396,3933,-2537
118000069,2230,916,1314
118000070,4072,1470,2602
118000071,2535,5686,-3151
118000072,1105,1174,-69
118000073,1356,580,776
118000074,374,512,-138
118000075,549,261,288
118000076,1362,2703,-1341
118000077,1151,1247,-96
118000078,1582,2067,-485
118000079,201,385,-184
118000080,945,848,97
118000081,1627,1297,330
118000082,253,920,-667
118000083,1440,1465,-25
118000084,2511,1379,1132
118000086,219,444,-225
118000087,3634,2254,1380
118000088,1480,1484,-4
118000089,2874,2016,858
118000090,1194,2205,-1011
118000091,398,1901,-1503
118000092,870,430,440
118000093,115,630,-515
118000096,403,543,-140
118000097,710,579,131
118000098,291,169,122
118000099,537,498,39
118000101,1009,314,695
118000102,399,826,-427
118000107,1240,398,842
118000108,601,1857,-1256
118000110,1,12,-11
118000111,1,267,-266
118000112,613,1,612
118000113,3,358,-355
118000114,404,5,399
118000115,11,7,4
118000116,31,0,31
118000117,917,592,325
118000118,922,997,-75
118000119,758,1029,-271
118000120,1195,928,267
118000121,94,690,-596
118000122,1103,348,755
118000123,41,286,-245
118000125,1508,1152,356
118000126,656,1375,-719
118000127,1416,523,893
118000128,1116,1093,23
118000129,846,432,414
118000130,1662,2365,-703
118000131,427,669,-242
118000132,2656,1919,737
118000133,999,474,525
118000135,494,365,129
118000136,110,427,-317
118000137,540,91,449
118000138,331,425,-94
118000139,383,94,289
118000140,2118,4057,-1939
118000141,1860,1459,401
118000142,1566,1206,360
118000143,1837,1026,811
118000144,989,566,423
118000145,1135,972,163
118000146,1133,622,511
118000147,777,1113,-336
118000148,521,1025,-504
118000149,850,799,51
118000150,333,266,67
118000151,473,373,100
118000153,1167,865,302
118000154,1616,1138,478
118000155,1206,964,242
118000156,1604,2224,-620
118000157,488,318,170
118000158,214,329,-115
118000159,32,70,-38
118000160,447,323,124
118000161,457,497,-40
118000162,1449,970,479
118000163,756,685,71
118000164,1599,1145,454
118000168,570,373,197
118000169,877,1024,-147
118000170,2865,3615,-750
118000171,243,566,-323
118000172,84,224,-140
118000173,871,1316,-445
118000175,210,307,-97
118000176,232,431,-199
118000177,210,529,-319
118000178,32,40,-8
118000179,1079,1193,-114
118000180,691,653,38
118000181,261,88,173
118000182,307,198,109
118000183,328,427,-99
118000184,761,527,234
118000185,995,1122,-127
118000186,608,937,-329
118000187,1255,482,773
118000188,430,130,300
118000189,494,380,114
118000190,3,8,-5
118000191,32,8,24
118000192,671,410,261
118000193,71,283,-212
118000194,1225,822,403
118000195,405,1152,-747
118000196,257,185,72
118000197,160,211,-51
118000198,530,702,-172
118000199,380,307,73
118000200,57,188,-131
118000201,332,516,-184
118000202,37,39,-2
118000203,605,573,32
118000204,95,375,-280
118000205,153,287,-134
118000206,231,172,59
118000207,0,34,-34
118000208,1108,1460,-352
118000209,1656,1308,348
118000210,83,37,46
118000211,23,25,-2
118000213,581,1296,-715
118000214,374,482,-108
118000215,324,145,179
118000216,1531,1268,263
118000217,13,70,-57
118000218,61,59,2
118000219,308,152,156
118000220,4,24,-20
118000221,191,219,-28
118000222,61,8,53
118000223,55,21,34
118000224,109,75,34
118000225,153,474,-321
118000226,819,141,678
118000227,630,362,268
118000228,81,201,-120
118000229,129,75,54
118000230,97,135,-38
118000231,68,213,-145
118000232,617,484,133
118000233,959,662,297
118000234,375,137,238
118000236,237,246,-9
118000237,85,224,-139
118000238,207,124,83
118000239,223,219,4
118000240,225,172,53
118000241,100,100,0
118000242,252,346,-94
118000243,247,136,111
118000244,45,83,-38
118000246,15,22,-7
118000255,71,225,-154
118000256,163,161,2
118000259,9,30,-21
118000260,121,52,69
118000261,31,24,7
118000263,69,81,-12
118000266,125,177,-52
118000267,0,93,-93
118000268,210,5,205
118000270,78,18,60
118000271,285,170,115
118000272,44,27,17
118000273,133,53,80
118000274,79,170,-91
118000276,412,246,166
118000295,4,92,-88
118000298,111,229,-118
118000299,68,127,-59
118000301,0,48,-48
118000302,88,45,43
118000311,433,80,353
118000312,271,131,140
118000313,35,84,-49
118000314,76,32,44
118000315,10,26,-16
118000316,624,365,259
118000325,58,27,31
118000326,16,18,-2
118000331,11,28,-17
118000332,6,15,-9
118000333,19,49,-30
118000335,292,1,291
118000336,0,160,-160
118000407,159,48,111
118000457,12,24,-12
118000465,2331,3209,-878
118000480,39,57,-18
118000489,35,282,-247
118000490,40,208,-168
118000492,249,138,111
118000510,43,15,28
118000514,151,201,-50
118000515,604,558,46
118000517,298,120,178
118000524,231,264,-33
118000525,570,617,-47
118000530,9,81,-72
118000531,323,261,62
118000532,199,192,7
118000533,293,132,161
118000534,615,392,223
118000535,279,120,159
118000536,418,1139,-721
118000537,9,99,-90
118000538,46,50,-4
118000539,12,74,-62
118000540,220,76,144
118000541,150,35,115
118000542,74,160,-86
118000543,141,140,1
118000546,22,22,0
118000553,0,0,0
118000557,0,0,0
118000560,1492,1920,-428
118000562,34,94,-60
118000563,1179,964,215
118000576,272,137,135
118000577,191,186,5
118000578,156,115,41
118000579,471,935,-464
118000583,0,0,0
118000595,234,74,160
118000596,0,61,-61
118000597,149,91,58
118000598,10,0,10
118000599,75,64,11
118000600,2,6,-4
118000601,7,0,7
118000602,1,6,-5
118000603,0,21,-21
118000605,63,213,-150
118000606,27,38,-11
118900001,408,928,-520
118900002,616,634,-18
118900003,188,11,177
118900004,67,38,29
118900005,51,3,48
118900006,107,1,106
118900007,3,3,0
118900008,1234,57,1177
118900009,62,30,32
118900010,55,11,44
118900011,134,11,123
118900012,413,135,278
118900013,390,95,295
118900015,199,55,144
118900016,6,6,0
118900017,163,241,-78
118900018,739,32,707
118900019,16,29,-13
118900020,164,106,58
118900021,150,246,-96
118900022,155,112,43
118900023,136,72,64
118900024,76,107,-31
118900025,90,20,70
118900026,62,44,18
118900027,322,154,168
118900028,148,114,34
118900029,273,373,-100
118900030,251,38,213
118900031,139,56,83
118900032,148,134,14
118900033,303,372,-69
118900034,121,18,103
118900035,101,127,-26
118900036,1105,512,593
118900037,219,243,-24
118900038,401,130,271
118900039,419,128,291
118900040,190,114,76
118900041,488,134,354
118900042,161,67,94
118900045,224,132,92
118900046,642,335,307
118900047,394,246,148
118900048,116,187,-71
118900049,42,27,15
118900050,24,42,-18
118900051,102,149,-47
118900052,169,182,-13
118900053,21,90,-69
118900054,108,50,58
118900055,104,56,48
118900056,19,310,-291
118900057,598,407,191
118900058,280,256,24
118900059,12,68,-56
118900060,83,103,-20
118900062,395,205,190
118900064,423,501,-78
118900065,21,99,-78
118900066,42,68,-26
118900067,3598,3242,356
118900068,6,159,-153
118900069,360,184,176
118900071,4,59,-55
118900072,363,300,63
118900073,180,96,84
118900074,105,129,-24
118900075,44,58,-14
118900076,182,106,76
118900077,165,127,38
118900078,12,1,11
118900079,43,161,-118
118900080,13,77,-64
118900081,67,41,26
118900082,717,150,567
118900083,26,8,18
118900084,21,18,3
118900085,512,577,-65
118900086,20,64,-44
118900087,13,201,-188
118900088,1,3,-2
118900089,34,22,12
118900090,421,280,141
118900091,152,137,15
118900092,85,41,44
118900093,112,25,87
118900096,102,95,7
118900097,216,368,-152
118900099,54,159,-105
118900100,84,183,-99
118900101,57,208,-151
118900102,19,52,-33
118900103,11,63,-52
118900104,163,55,108
118900105,120,76,44
118900107,79,46,33
118900108,66,74,-8
118900110,739,572,167
118900111,499,287,212
118900112,72,154,-82
118900113,209,288,-79
118900114,12,66,-54
118900115,81,304,-223
118900116,128,169,-41
118900117,71,160,-89
118900118,219,217,2
118900119,164,174,-10
118900120,94,316,-222
118900121,12,145,-133
118900122,12,733,-721
118900123,132,189,-57
118900124,72,124,-52
118900126,23,269,-246
118900129,270,155,115
118900130,60,169,-109
118900131,217,132,85
118900132,239,203,36
118900133,17,99,-82
118900135,136,141,-5
118900136,161,409,-248
118900137,4,33,-29
118900139,222,222,0
118900140,361,424,-63
118900141,49,83,-34
118900144,120,250,-130
118900145,106,104,2
118900146,216,422,-206
118900147,96,159,-63
118900148,75,52,23
118900150,350,575,-225
118900152,452,523,-71
118900157,48,141,-93
118900158,76,40,36
118900159,1,140,-139
118900161,39,7,32
118900163,107,69,38
118900164,4,102,-98
118900165,41,87,-46
118900166,18,0,18
118900167,75,43,32
118900168,30,169,-139
118900169,90,129,-39
118900170,114,61,53
118900171,20,30,-10
118900174,56,31,25
118900175,351,413,-62
118900176,186,213,-27
118900177,68,42,26
118900178,30,128,-98
118900179,10,15,-5
118900181,71,51,20
118900182,62,38,24
118900183,32,105,-73
118900184,201,82,119
118900185,151,84,67
118900186,103,78,25
118900187,163,259,-96
118900188,222,257,-35
118900189,35,585,-550
118900190,14,255,-241
118900191,148,24,124
118900192,140,16,124
118900193,449,7,442
118900195,216,383,-167
118900196,36,88,-52
118900197,90,39,51
118900198,22,13,9
118900199,66,23,43
118900200,28,6,22
118900201,20,18,2
118900202,13,29,-16
118900203,6,14,-8
118900204,6,13,-7
118900205,2,1,1
118900206,6,2,4
119000001,1047,1655,-608
119000002,2853,2936,-83
119000003,2314,911,1403
119000004,1932,1120,812
119000005,1539,1537,2
119000006,2703,1420,1283
119000007,2858,2295,563
119000008,1551,1489,62
119000009,2992,3955,-963
119000010,4263,3582,681
119000011,3053,2426,627
119000012,2675,2718,-43
119000013,2534,1594,940
119000014,1666,2495,-829
119000019,200,109,91
119000020,1726,1286,440
119000021,4103,2237,1866
119000022,1987,2368,-381
119000023,320,277,43
119000024,1648,9395,-7747
119000025,2469,402,2067
119000026,131,423,-292
119000027,1834,627,1207
119000028,1510,940,570
119000029,153,300,-147
119000030,525,736,-211
119000031,672,546,126
119000032,1457,1955,-498
119000033,1911,1031,880
119000034,1000,880,120
119000035,29,264,-235
119000036,1844,606,1238
119000037,1110,1116,-6
119000038,144,563,-419
119000039,288,230,58
119000040,708,571,137
119000041,669,1173,-504
119000048,2445,1977,468
119000049,1699,1674,25
119000050,1312,1381,-69
119000051,1616,833,783
119000052,1861,2576,-715
119000053,1854,1112,742
119000054,2096,1297,799
119000055,3244,2070,1174
119000056,2600,1613,987
119000057,1809,1690,119
119000058,1565,1390,175
119000059,1202,1315,-113
119000060,1310,911,399
119000061,851,691,160
119000062,956,1142,-186
119000063,537,381,156
119000064,766,774,-8
119000065,1449,2549,-1100
119000066,1900,1039,861
119000067,1867,1775,92
119000068,1718,889,829
119000069,1544,1808,-264
119000070,2450,758,1692
119000071,513,583,-70
119000072,3711,2468,1243
119000073,3867,5970,-2103
119000074,1498,1748,-250
119000075,2151,1910,241
119000076,337,1091,-754
119000077,556,506,50
119000078,390,273,117
119000079,189,574,-385
119000080,464,146,318
119000081,316,355,-39
119000082,689,195,494
119000083,513,377,136
119000084,304,421,-117
119000085,506,190,316
119000086,267,515,-248
119000087,1372,627,745
119000088,389,297,92
119000089,78,205,-127
119000090,131,88,43
119000091,128,362,-234
119000092,384,159,225
119000093,2963,2230,733
119000094,3074,3729,-655
119000095,1702,2441,-739
119000097,2491,1042,1449
119000098,971,3316,-2345
119000099,2395,1646,749
119000100,3702,2974,728
119000101,3579,1998,1581
119000102,519,1422,-903
119000103,1019,674,345
119000104,1607,873,734
119000105,870,1697,-827
119000106,443,957,-514
119000107,864,388,476
119000108,325,634,-309
119000109,105,532,-427
119000110,348,386,-38
119000111,37,663,-626
119000112,179,88,91
119000113,1600,258,1342
119000114,834,790,44
119000115,120,109,11
119000116,70,74,-4
119000117,90,294,-204
119000118,1,1,0
119000123,2289,1927,362
119000124,725,159,566
119000125,3510,534,2976
119000126,1305,499,806
119000127,264,273,-9
119000128,15,1,14
119000131,1168,622,546
119000132,2,2,0
119000133,2,4,-2
119000134,1905,569,1336
119000135,150,157,-7
119000136,236,138,98
119000137,222,236,-14
119000138,420,174,246
119000139,230,133,97
119000140,219,285,-66
119000284,957,2000,-1043
119000285,1569,1601,-32
119000286,5373,4294,1079
119000287,1218,1696,-478
119000288,1571,1035,536
119000289,1317,1927,-610
119000290,252,471,-219
119000291,10,214,-204
119000293,129,194,-65
119000294,54,26,28
119000295,1251,526,725
119000296,241,207,34
119000302,1868,925,943
119000303,31,137,-106
119000314,716,4714,-3998
119000315,5,302,-297
119000316,153,82,71
119000317,112,219,-107
119000319,578,212,366
119900001,202,1008,-806
119900002,125,255,-130
119900003,43,644,-601
119900004,248,903,-655
119900005,150,57,93
119900006,183,271,-88
119900007,967,156,811
119900008,60,39,21
119900009,484,540,-56
119900010,668,952,-284
119900011,20,89,-69
119900012,18,92,-74
119900013,1786,1068,718
119900014,397,232,165
119900015,87,26,61
119900016,25,49,-24
119900017,43,28,15
119900018,1274,863,411
119900019,32,13,19
119900020,99,187,-88
119900021,151,246,-95
119900022,72,572,-500
119900023,453,1559,-1106
119900025,170,18,152
119900026,497,129,368
119900027,34,22,12
119900028,314,102,212
119900029,1,4,-3
119900030,436,393,43
119900031,52,393,-341
119900033,1291,289,1002
119900034,363,94,269
119900037,176,17,159
119900038,24,251,-227
119900039,54,13,41
119900040,289,17,272
119900041,79,41,38
119900042,213,193,20
119900043,116,124,-8
119900044,124,747,-623
119900046,113,48,65
119900047,257,62,195
119900049,125,3,122
119900050,74,115,-41
119900051,966,14,952
119900052,54,44,10
119900053,214,162,52
119900054,154,6,148
119900055,1041,419,622
119900057,200,55,145
119900058,201,3,198
119900059,112,41,71
119900060,250,31,219
119900061,277,5,272
119900062,67,17,50
119900063,9,40,-31
119900065,181,17,164
119900067,57,12,45
119900068,432,8,424
119900069,127,27,100
119900070,679,10,669
119900071,600,22,578
119900073,1280,439,841
119900074,18,33,-15
119900075,3056,1845,1211
119900076,65,41,24
119900077,797,661,136
119900078,412,583,-171
119900079,226,137,89
119900080,373,242,131
119900081,573,25,548
119900082,810,45,765
119900083,368,82,286
119900084,455,245,210
119900085,56,44,12
119900086,342,938,-596
119900087,327,277,50
119900088,15,28,-13
119900089,30,405,-375
119900090,119,25,94
119900091,70,699,-629
119900092,308,257,51
119900093,879,161,718
119900094,129,167,-38
119900095,152,63,89
119900096,31,71,-40
119900097,346,178,168
119900098,30,51,-21
119900099,35,117,-82
119900100,1410,2395,-985
119900101,146,1199,-1053
119900102,32,204,-172
119900103,36,198,-162
119900104,28,119,-91
119900105,545,2121,-1576
119900106,17,109,-92
119900107,223,1782,-1559
119900108,2716,518,2198
119900109,10,69,-59
119900110,730,519,211
119900111,152,383,-231
119900112,991,508,483
119900113,65,161,-96
119900114,232,844,-612
119900115,253,721,-468
119900116,161,371,-210
119900117,305,476,-171
119900118,71,550,-479
119900119,224,168,56
119900120,496,356,140
119900121,371,716,-345
119900122,434,249,185
119900123,162,278,-116
119900124,219,510,-291
119900125,64,232,-168
119900126,2716,200,2516
119900127,1587,754,833
119900128,371,427,-56
119900129,217,360,-143
119900130,43,166,-123
119900131,37,179,-142
119900132,5,245,-240
119900133,35,57,-22
119900134,1151,151,1000
119900135,0,259,-259
119900136,160,234,-74
119900138,306,312,-6
119900139,14,89,-75
119900140,5,87,-82
119900141,69,595,-526
119900142,2,20,-18
119900143,17,196,-179
119900144,1061,192,869
119900145,77,113,-36
119900146,111,139,-28
119900147,3,100,-97
119900148,168,39,129
119900149,665,3396,-2731
119900150,129,79,50
119900151,1260,690,570
119900152,107,250,-143
119900153,139,62,77
119900154,7,528,-521
119900155,20,31,-11
119900156,12,3,9
119900157,108,164,-56
119900158,141,44,97
119900159,6,929,-923
119900160,30,92,-62
119900161,153,109,44
119900162,805,671,134
119900163,83,103,-20
119900164,2,0,2
119900165,202,131,71
119900166,60,47,13
119900167,69,86,-17
119900168,892,347,545
119900169,211,206,5
119900170,125,230,-105
119900171,1579,329,1250
119900172,81,16,65
119900173,3,246,-243
119900174,4,100,-96
119900175,1176,495,681
119900177,16,135,-119
119900178,11,111,-100
119900179,109,489,-380
119900180,823,717,106
119900181,56,77,-21
119900182,9,174,-165
119900183,130,562,-432
119900184,1365,406,959
119900185,44,169,-125
119900186,36,833,-797
119900187,9,253,-244
119900188,77,266,-189
119900189,323,349,-26
119900190,42,254,-212
119900191,275,318,-43
119900192,37,145,-108
119900193,323,128,195
119900194,24,55,-31
119900195,82,152,-70
119900196,690,268,422
119900197,222,113,109
119900198,162,251,-89
119900199,134,12,122
119900200,883,499,384
119900201,257,118,139
119900202,78,197,-119
119900203,144,490,-346
119900204,253,214,39
119900205,712,396,316
119900206,235,88,147
119900208,148,252,-104
119900209,412,980,-568
119900210,33,27,6
119900211,53,6,47
119900212,503,441,62
119900213,8,48,-40
119900214,27,63,-36
119900215,40,49,-9
119900216,15,41,-26
119900217,5,53,-48
119900218,12,37,-25
119900219,13,99,-86
119900220,3,78,-75
119900221,14,184,-170
119900222,8,130,-122
119900223,20,48,-28
119900224,8,15,-7
119900225,477,30,447
119900226,377,1309,-932
119900227,712,169,543
119900228,48,200,-152
119900229,283,275,8
119900230,1042,365,677
119900231,279,163,116
119900232,206,75,131
119900233,47,2,45
119900234,9,68,-59
119900235,9,45,-36
119900236,20,105,-85
119900237,26,301,-275
119900238,5,74,-69
119900240,81,103,-22
119900241,145,173,-28
119900242,1039,899,140
119900244,515,955,-440
119900245,160,147,13
119900246,188,457,-269
119900247,28,86,-58
119900248,56,209,-153
119900249,205,83,122
119900253,1635,307,1328
119900254,72,698,-626
119900255,69,594,-525
119900256,549,575,-26
119900257,97,1,96
119900258,86,3,83
119900259,14,77,-63
119900260,101,8,93
119900261,249,108,141
119900262,1,123,-122
119900263,1117,280,837
119900264,95,105,-10
119900265,509,369,140
119900266,251,186,65
119900267,162,330,-168
119900268,162,95,67
119900269,1196,818,378
119900271,17,64,-47
119900272,191,248,-57
119900275,149,88,61
119900276,56,1,55
119900277,9,6,3
119900278,134,120,14
119900279,93,237,-144
119900280,596,105,491
119900281,0,200,-200
119900282,39,94,-55
119900283,11,185,-174
119900284,42,106,-64
119900285,21,100,-79
119900286,4,11,-7
119900288,2,12,-10
119900289,2,35,-33
119900290,4,21,-17
119900291,0,42,-42
119900292,25,52,-27
119900293,27,88,-61
119900294,21,70,-49
119900295,21,36,-15
119900296,40,142,-102
119900297,1,18,-17
119900298,2,6,-4
119900299,56,163,-107
119900300,222,144,78
119900301,36,66,-30
119900302,50,38,12
119900303,228,131,97
119900304,349,33,316
119900305,8,62,-54
119900306,17,2,15
119900307,36,63,-27
119900308,8,18,-10
119900309,39,93,-54
119900310,279,207,72
119900311,79,75,4
119900312,88,57,31
119900313,292,175,117
119900314,176,282,-106
119900315,1871,1474,397
119900318,6,21,-15
119900319,3,158,-155
119900320,182,409,-227
119900321,68,0,68
120000001,5373,13850,-8477
120000002,2294,2121,173
120000003,2554,1320,1234
120000004,2379,1564,815
120000005,2770,1422,1348
120000006,1255,1113,142
120000007,2845,1485,1360
120000008,1092,1495,-403
120000009,1365,402,963
120000010,1595,1587,8
120000011,1008,1348,-340
120000012,1297,1783,-486
120000013,2842,2531,311
120000014,876,1345,-469
120000015,2344,1935,409
120000016,3505,1998,1507
120000017,2484,2018,466
120000018,3102,9517,-6415
120000019,1042,1379,-337
120000020,2702,2857,-155
120000021,1855,2045,-190
120000022,2409,3497,-1088
120000023,1026,1430,-404
120000024,1391,2354,-963
120000025,2477,1759,718
120000026,2144,1485,659
120000027,2089,1945,144
120000028,589,1207,-618
120000029,1993,1022,971
120000030,282,993,-711
120000031,1758,5110,-3352
120000032,6288,3139,3149
120000033,4178,1524,2654
120000034,1798,1364,434
120000035,1908,1629,279
120000036,2505,3993,-1488
120000037,617,1442,-825
120000038,4161,2686,1475
120000039,991,912,79
120000040,97,615,-518
120000041,1420,1186,234
120000042,1829,2086,-257
120000043,4310,1450,2860
120000044,3898,1259,2639
120000045,5320,909,4411
120000046,3849,5423,-1574
120000047,718,4182,-3464
120000048,5416,4705,711
120000049,3254,2731,523
120000050,2648,2857,-209
120000051,2456,3183,-727
120000052,6336,1740,4596
120000053,1192,1483,-291
120000054,1297,2919,-1622
120000055,1575,3725,-2150
120000056,4066,2944,1122
120000057,3302,1120,2182
120000058,2964,1192,1772
120000059,6,1395,-1389
120000061,111,532,-421
120000062,212,280,-68
120000063,1264,2160,-896
120000064,309,1000,-691
120000065,505,1112,-607
120000066,591,549,42
120000067,83,459,-376
120000068,156,722,-566
120000069,569,860,-291
120000070,165,1047,-882
120000071,721,130,591
120000072,759,240,519
120000073,828,123,705
120000074,240,110,130
120000075,788,306,482
120000076,1722,444,1278
120000077,1768,546,1222
120000078,4426,1515,2911
120000079,466,378,88
120000080,296,315,-19
120000081,382,191,191
120000082,347,262,85
120000083,210,716,-506
120000084,339,317,22
120000085,295,328,-33
120000086,347,433,-86
120000087,257,480,-223
120000088,773,842,-69
120000089,1061,459,602
120000090,718,420,298
120000091,1135,867,268
120000092,1152,575,577
120000093,468,431,37
120000094,188,706,-518
120000095,906,411,495
120000096,307,575,-268
120000098,944,653,291
120000099,603,672,-69
120000100,689,774,-85
120000101,479,372,107
120000102,579,905,-326
120000103,1400,795,605
120000104,1836,413,1423
120000105,2797,631,2166
120000106,2201,616,1585
120000107,4034,570,3464
120000108,1266,127,1139
120000109,1026,81,945
120000110,22,550,-528
120000111,134,857,-723
120000112,491,1723,-1232
120000113,628,1518,-890
120000114,772,1606,-834
120000115,488,1577,-1089
120000116,566,1373,-807
120000117,891,1120,-229
120000118,66,22,44
120000119,33,43,-10
120000120,84,72,12
120000121,22,55,-33
120000122,241,384,-143
120000123,3024,5315,-2291
120000124,432,409,23
120000125,518,438,80
120000126,257,912,-655
120000127,1813,946,867
120000128,2550,3741,-1191
120000129,248,270,-22
120000130,798,395,403
120000131,254,669,-415
120000134,304,757,-453
120000135,611,474,137
120000137,177,794,-617
120000138,990,415,575
120000139,274,483,-209
120000140,810,458,352
120000141,265,437,-172
120000142,533,560,-27
120000143,2,69,-67
120000144,105,2,103
120000145,332,1,331
120000146,949,787,162
120000149,577,815,-238
120000150,2307,9611,-7304
120000151,373,375,-2
120000152,394,104,290
120000153,298,368,-70
120000154,475,964,-489
120000155,128,222,-94
120000156,855,895,-40
120000157,849,583,266
120000158,1189,1021,168
120000159,2288,2446,-158
120000160,2059,1452,607
120000161,2579,2443,136
120000162,113,277,-164
120000163,581,510,71
120000164,620,508,112
120000165,606,685,-79
120000166,1584,427,1157
120000167,139,156,-17
120000168,13,448,-435
120000169,31,1299,-1268
120000170,26,1109,-1083
120000171,16,382,-366
120000172,25,329,-304
120000173,1796,1825,-29
120000174,280,42,238
120000175,132,53,79
120000176,129,51,78
120000177,905,104,801
120000178,88,26,62
120000179,157,63,94
120000180,465,105,360
120000181,97,1314,-1217
120000182,57,716,-659
120000183,18,546,-528
120000184,142,1069,-927
120000186,44,727,-683
120000187,64,339,-275
120000188,81,597,-516
120000190,541,67,474
120000191,399,77,322
120000192,413,32,381
120000193,157,4,153
120000195,48,9,39
120000196,181,32,149
120000197,70,63,7
120000198,124,67,57
120000199,101,0,101
120000200,121,2,119
120000201,28,21,7
120000202,2,34,-32
120000203,52,105,-53
120000207,1,46,-45
120000208,18,142,-124
120000209,3,60,-57
120000210,40,44,-4
120000211,150,3,147
120000212,187,2,185
120000213,158,152,6
120000214,0,170,-170
120000215,3,81,-78
120000216,70,18,52
120000217,555,1136,-581
120000218,180,639,-459
120000219,7,397,-390
120000220,3,1193,-1190
120000225,1497,22,1475
120000226,343,4,339
120000227,902,42,860
120000228,9426,2648,6778
120000230,354,20,334
120000231,1250,1593,-343
120000233,301,2,299
120000235,208,536,-328
120000236,963,3,960
120000237,4,1075,-1071
120000238,6,1124,-1118
120000241,1036,2949,-1913
120000412,416,3,413
120000413,198,130,68
120000414,116,3,113
120000415,2,66,-64
120000416,103,3,100
120000417,6,63,-57
120000418,130,15,115
120000419,3,179,-176
120000420,35,24,11
120000421,7722,5082,2640
120000422,113,1311,-1198
120000423,2,54,-52
120000424,72,72,0
120000436,150,604,-454
120000437,108,115,-7
120000438,1659,183,1476
120000439,209,500,-291
120000443,162,1,161
120000444,1230,400,830
120000445,1377,848,529
120000446,672,183,489
120000447,210,1,209
120000449,96,0,96
120000450,15,141,-126
120000451,136,183,-47
120000452,112,7,105
120000453,0,191,-191
120000454,95,51,44
120000455,74,33,41
120000456,2680,3937,-1257
120000457,1393,825,568
120000458,607,927,-320
120000459,77,57,20
120000665,573,346,227
120000668,100,987,-887
120000669,79,161,-82
120000670,166,1027,-861
120000671,1392,490,902
120000672,95,498,-403
120900001,57,131,-74
120900002,256,336,-80
120900003,181,17,164
120900004,17,62,-45
120900005,19,1262,-1243
120900006,342,201,141
120900007,171,70,101
120900008,218,985,-767
120900009,655,25,630
120900010,470,105,365
120900011,379,206,173
120900012,129,857,-728
120900013,280,95,185
120900014,2,298,-296
120900015,1288,112,1176
120900016,789,67,722
120900017,1820,42,1778
120900018,110,330,-220
120900019,546,343,203
120900020,635,1059,-424
120900021,708,202,506
120900022,28,212,-184
120900023,399,30,369
120900024,1328,420,908
120900025,1235,875,360
120900026,318,161,157
120900027,902,20,882
120900028,362,112,250
120900029,148,531,-383
120900030,1276,647,629
120900031,242,111,131
120900032,1232,90,1142
120900033,898,96,802
120900034,29,2510,-2481
120900035,36,28,8
120900037,201,13,188
120900038,36,319,-283
120900039,110,47,63
120900040,215,5,210
120900041,142,27,115
120900042,518,42,476
120900043,72,32,40
120900044,15,270,-255
120900045,157,61,96
120900046,454,6,448
120900047,152,90,62
120900048,144,34,110
120900049,402,0,402
120900050,1506,1217,289
120900051,328,89,239
120900052,565,7,558
120900053,285,36,249
120900054,1428,316,1112
120900055,408,7,401
120900056,476,17,459
120900057,129,12,117
120900058,542,1,541
120900059,97,2,95
120900060,63,28,35
120900061,278,116,162
120900062,303,5,298
120900063,635,6,629
120900064,632,1,631
120900065,516,1,515
120900066,255,194,61
120900067,159,41,118
120900068,321,0,321
120900069,218,34,184
120900071,9,0,9
120900072,721,6,715
120900073,488,45,443
120900074,403,4,399
120900076,238,1,237
120900077,1745,131,1614
120900078,756,965,-209
120900079,581,102,479
120900080,891,1365,-474
120900081,1019,40,979
120900082,351,341,10
120900083,127,3,124
120900084,280,434,-154
120900085,74,113,-39
120900086,74,310,-236
120900087,409,421,-12
120900088,175,331,-156
120900089,2058,2485,-427
120900090,249,107,142
120900091,578,1031,-453
120900092,1117,342,775
120900093,1639,128,1511
120900094,414,161,253
120900095,368,14,354
120900096,48,171,-123
120900097,698,567,131
120900098,218,111,107
120900099,85,54,31
120900100,131,221,-90
120900101,523,191,332
120900102,45,81,-36
120900103,49,202,-153
120900104,13,40,-27
120900105,28,379,-351
120900106,1334,433,901
120900107,187,118,69
120900108,12,448,-436
120900109,46,428,-382
120900110,80,593,-513
120900111,176,326,-150
120900112,4,727,-723
120900113,41,558,-517
120900114,45,94,-49
120900115,121,236,-115
120900116,368,259,109
120900117,3,335,-332
120900118,18,622,-604
120900119,4967,3590,1377
120900120,54,321,-267
120900121,561,362,199
120900122,446,342,104
120900123,11,291,-280
120900124,2,450,-448
120900125,5,423,-418
120900126,1337,718,619
120900127,5,357,-352
120900128,1033,1121,-88
120900129,56,247,-191
120900130,0,163,-163
120900131,103,61,42
120900132,1049,208,841
120900133,222,568,-346
120900134,651,339,312
120900135,13,381,-368
120900136,43,70,-27
120900137,174,60,114
120900138,20,201,-181
120900139,2,460,-458
120900140,5,123,-118
120900141,142,197,-55
120900142,11,345,-334
120900143,2,625,-623
120900144,1,112,-111
120900145,338,689,-351
120900146,2,757,-755
120900147,32,392,-360
120900148,95,79,16
120900149,0,227,-227
120900150,51,411,-360
120900151,64,494,-430
120900152,197,30,167
120900153,47,80,-33
120900154,1,204,-203
120900155,207,735,-528
120900156,113,348,-235
120900157,99,285,-186
120900158,67,481,-414
120900159,344,509,-165
120900160,19,647,-628
120900161,160,548,-388
120900162,138,682,-544
120900163,109,680,-571
120900164,9,25,-16
120900165,59,112,-53
120900166,47,512,-465
120900167,186,96,90
120900169,60,255,-195
120900170,781,2485,-1704
120900171,626,150,476
120900172,491,1376,-885
120900173,3,40,-37
120900174,5,65,-60
120900175,255,82,173
120900176,11,297,-286
120900177,3,1162,-1159
120900178,8,340,-332
120900179,724,352,372
120900180,70,124,-54
120900181,84,48,36
120900182,15,325,-310
120900183,701,61,640
120900184,357,49,308
120900185,11,408,-397
120900186,2,360,-358
120900187,457,863,-406
120900188,215,9,206
120900189,93,1328,-1235
120900190,96,9,87
120900191,16,16,0
120900192,6431,7144,-713
120900194,68,47,21
120900195,116,203,-87
120900196,886,33,853
120900197,600,106,494
120900198,216,485,-269
120900199,422,345,77
120900200,67,112,-45
120900201,311,118,193
120900202,0,118,-118
120900203,23,72,-49
120900204,120,183,-63
120900205,40,26,14
120900206,13,44,-31
120900207,50,791,-741
121000001,617,953,-336
121000002,2089,1147,942
121000003,2281,1673,608
121000004,2250,2745,-495
121000005,1565,2375,-810
121000006,2740,1696,1044
121000007,2228,2822,-594
121000008,4423,3342,1081
121000009,4028,5013,-985
121000010,6957,5072,1885
121000011,6926,9655,-2729
121000012,13063,8196,4867
121000013,4844,6181,-1337
121000014,5349,4671,678
121000015,3977,7107,-3130
121000016,3958,3021,937
121000017,1601,3030,-1429
121000018,2189,1475,714
121000019,12937,10711,2226
121000020,11807,14650,-2843
121000021,2620,2408,212
121000022,2345,2771,-426
121000023,2878,2215,663
121000024,4269,4429,-160
121000025,611,1278,-667
121000026,369,176,193
121000027,1464,1147,317
121000028,831,440,391
121000029,767,591,176
121000030,603,371,232
121000031,578,649,-71
121000032,247,99,148
121000034,267,211,56
121000035,145,138,7
121000036,922,733,189
121000037,667,569,98
121000038,574,907,-333
121000039,348,348,0
121000041,489,419,70
121000042,291,391,-100
121000043,741,532,209
121000044,1389,929,460
121000045,320,200,120
121000046,625,835,-210
121000047,266,316,-50
121000049,1197,534,663
121000050,329,1171,-842
121000051,615,269,346
121000052,417,598,-181
121000053,348,97,251
121000054,70,399,-329
121000055,1107,1168,-61
121000056,710,973,-263
121000057,215,508,-293
121000058,369,264,105
121000059,2206,1286,920
121000060,644,893,-249
121000061,89,365,-276
121000062,174,395,-221
121000063,832,752,80
121000064,831,796,35
121000065,318,498,-180
121000066,740,535,205
121000067,536,555,-19
121000068,650,333,317
121000069,381,727,-346
121000070,1540,1234,306
121000071,1353,1413,-60
121000072,1071,666,405
121000073,950,877,73
121000074,103,194,-91
121000075,50,328,-278
121000076,794,404,390
121000077,128,240,-112
121000078,152,134,18
121000080,1802,569,1233
121000081,2881,2594,287
121000082,107,282,-175
121000083,193,92,101
121000084,219,157,62
121000085,318,425,-107
121000086,372,639,-267
121000087,82,320,-238
121000088,533,516,17
121000089,307,351,-44
121000090,375,380,-5
121000091,1304,936,368
121000092,209,71,138
121000093,171,200,-29
121000094,458,716,-258
121000095,307,710,-403
121000096,2234,1299,935
121000097,779,1862,-1083
121000098,638,977,-339
121000099,780,680,100
121000100,862,319,543
121000101,417,355,62
121000102,322,236,86
121000103,197,264,-67
121000104,243,113,130
121000105,463,137,326
121000106,357,325,32
121000107,1699,2439,-740
121000109,1065,1009,56
121000110,239,743,-504
121000114,2645,1869,776
121000115,992,725,267
121000116,526,1239,-713
121000117,566,228,338
121000118,1424,184,1240
121000119,317,448,-131
121000120,306,504,-198
121000121,496,1338,-842
121000123,1213,650,563
121000127,123,135,-12
121000128,985,401,584
121000129,1058,504,554
121000130,529,855,-326
121000131,1904,1723,181
121000132,1456,1663,-207
121000135,294,341,-47
121000136,896,1100,-204
121000137,388,315,73
121000138,631,1466,-835
121000139,307,567,-260
121000141,224,120,104
121000142,676,1012,-336
121000143,106,33,73
121000144,750,1455,-705
121000145,574,847,-273
121000146,1287,1026,261
121000147,937,509,428
121000148,875,896,-21
121000149,2104,1276,828
121000152,369,463,-94
121000153,1661,510,1151
121000154,1142,533,609
121000155,1482,979,503
121000156,376,930,-554
121000157,859,1313,-454
121000158,361,410,-49
121000159,192,294,-102
121000160,314,356,-42
121000161,165,279,-114
121000162,102,159,-57
121000165,1328,1804,-476
121000166,23,454,-431
121000168,382,244,138
121000169,77,115,-38
121000170,349,89,260
121000171,118,155,-37
121000172,643,525,118
121000173,1159,1056,103
121000174,383,443,-60
121000175,912,306,606
121000176,421,272,149
121000177,654,523,131
121000178,124,61,63
121000179,83,86,-3
121000181,353,377,-24
121000182,113,311,-198
121000183,113,112,1
121000184,54,117,-63
121000185,53,196,-143
121000186,231,500,-269
121000187,222,132,90
121000188,196,142,54
121000192,858,419,439
121000193,568,517,51
121000194,1884,1848,36
121000195,271,859,-588
121000196,560,253,307
121000197,189,715,-526
121000198,174,112,62
121000199,118,349,-231
121000200,518,119,399
121000201,14,189,-175
121000202,691,136,555
121000203,714,1461,-747
121000204,2645,579,2066
121000205,98,205,-107
121000206,98,56,42
121000207,1967,347,1620
121000208,3,227,-224
121000209,484,255,229
121000210,614,311,303
121000211,316,118,198
121000212,513,469,44
121000213,7998,2350,5648
121000214,742,1668,-926
121000215,988,1027,-39
121000216,567,537,30
121000217,3531,2257,1274
121000218,391,1378,-987
121000219,1305,368,937
121000220,147,71,76
121000221,124,211,-87
121000222,1976,1960,16
121000223,365,417,-52
121000224,301,270,31
121000225,928,1784,-856
121000226,1621,1003,618
121000227,15,184,-169
121000228,21,443,-422
121000229,251,263,-12
121000230,43,1251,-1208
121000231,861,15,846
121000232,330,225,105
121000233,599,315,284
121000234,33,46,-13
121000235,65,74,-9
121000236,7,57,-50
121000237,34,15,19
121000238,5,79,-74
121000239,52,2,50
121000240,7,131,-124
121000241,85,9,76
121000242,70,412,-342
121000243,536,122,414
121000244,15,88,-73
121000245,91,28,63
121000246,1,78,-77
121000247,114,5,109
121000248,880,568,312
121000249,105,252,-147
121000250,480,226,254
121000251,12,242,-230
121000252,115,64,51
121000253,291,317,-26
121000254,654,206,448
121000255,101,226,-125
121000256,225,139,86
121000257,29,71,-42
121000258,83,58,25
121000259,33,59,-26
121000260,71,131,-60
121000261,96,60,36
121000262,892,499,393
121000263,486,449,37
121000271,433,1535,-1102
121000273,38,9,29
121000274,16,48,-32
121000275,0,12,-12
121000276,5,34,-29
121000278,50,46,4
121000279,49,33,16
121000280,31,37,-6
121000289,210,13,197
121000290,1052,796,256
121000294,124,120,4
121000297,698,1034,-336
121000299,134,614,-480
121000300,871,447,424
121000302,40,822,-782
121000303,492,263,229
121000304,456,59,397
121000305,170,40,130
121000306,135,148,-13
121000308,144,259,-115
121000309,272,384,-112
121000310,70,267,-197
121000311,70,575,-505
121000312,333,224,109
121000313,244,359,-115
121000314,214,325,-111
121000315,34,102,-68
121000530,1456,1131,325
121000531,1578,1341,237
121000532,5447,6420,-973
121000533,2881,3023,-142
121000918,62,104,-42
121000919,47,55,-8
121000938,121,132,-11
121000939,128,130,-2
121000956,1257,1030,227
121000957,4,13,-9
121000958,38,49,-11
121000959,694,604,90
121000960,1403,1454,-51
121000961,225,90,135
121000962,310,434,-124
121000973,0,163,-163
121000976,15,156,-141
121000979,452,148,304
121000981,382,152,230
121000982,417,240,177
121000983,373,302,71
121000984,9,61,-52
121000985,680,367,313
121000986,285,155,130
121000987,265,737,-472
121000988,721,99,622
121001302,257,100,157
121001308,4,18,-14
121001309,37,118,-81
121001313,139,187,-48
121001314,1913,2143,-230
121001315,4376,2743,1633
121001326,490,398,92
121900001,110,199,-89
121900002,30,44,-14
121900003,379,15,364
121900004,68,352,-284
121900005,15,8,7
121900006,91,14,77
121900007,1593,1613,-20
121900008,333,292,41
121900009,472,8,464
121900010,204,1,203
121900011,198,320,-122
121900012,9,1,8
121900013,950,96,854
121900014,1058,277,781
121900015,151,144,7
121900016,6,44,-38
121900017,601,432,169
121900018,316,4,312
121900019,561,252,309
121900020,26,2,24
121900021,851,15,836
121900022,252,140,112
121900023,91,244,-153
121900024,250,82,168
121900025,455,398,57
121900026,212,25,187
121900027,322,159,163
121900028,211,9,202
121900029,120,197,-77
121900030,414,421,-7
121900031,737,5240,-4503
121900032,71,58,13
121900033,208,283,-75
121900034,196,62,134
121900035,2368,1836,532
121900036,79,288,-209
121900037,163,1009,-846
121900038,32,69,-37
121900039,277,43,234
121900040,79,112,-33
121900041,82,205,-123
121900042,331,158,173
121900043,6,9,-3
121900044,105,35,70
121900046,157,318,-161
121900047,175,58,117
121900048,20,60,-40
121900050,31,59,-28
121900051,167,166,1
121900052,108,25,83
121900053,554,274,280
121900054,397,791,-394
121900055,0,11,-11
121900058,218,112,106
121900059,362,126,236
121900060,138,274,-136
121900062,140,92,48
121900063,1204,509,695
121900064,237,477,-240
121900066,59,20,39
121900067,52,51,1
121900069,160,111,49
121900070,126,106,20
121900071,307,259,48
121900072,79,170,-91
121900073,228,210,18
121900074,641,766,-125
121900075,389,466,-77
121900076,333,578,-245
121900078,67,30,37
121900079,0,0,0
121900080,664,242,422
121900082,75,100,-25
121900084,15,77,-62
121900086,41,63,-22
121900087,119,86,33
121900088,1410,2005,-595
121900089,208,214,-6
121900090,23,58,-35
121900091,110,86,24
121900092,77,123,-46
121900093,71,56,15
121900094,15,11,4
121900095,304,126,178
121900096,942,828,114
121900097,479,160,319
121900098,1,1,0
121900099,275,68,207
121900100,146,403,-257
121900101,114,138,-24
121900102,2,84,-82
121900103,402,299,103
121900104,1321,258,1063
121900105,299,148,151
121900106,4,5,-1
121900107,52,32,20
121900108,0,12,-12
121900109,309,150,159
121900110,442,567,-125
121900111,488,207,281
121900112,93,160,-67
121900113,52,322,-270
121900114,67,42,25
121900117,127,63,64
121900118,1417,399,1018
121900119,140,97,43
121900120,44,953,-909
121900121,276,39,237
121900122,25,62,-37
121900123,240,337,-97
121900124,135,103,32
121900125,1196,656,540
121900127,18,90,-72
121900128,78,81,-3
121900129,461,158,303
121900130,125,190,-65
121900131,237,84,153
121900132,36,81,-45
121900133,74,968,-894
121900134,33,176,-143
121900135,3059,349,2710
121900136,409,326,83
121900137,23,242,-219
121900138,49,118,-69
121900139,324,656,-332
121900140,89,166,-77
121900141,70,40,30
121900142,175,106,69
121900143,7,128,-121
121900144,150,195,-45
121900145,197,189,8
121900146,567,575,-8
121900147,58,154,-96
121900148,123,236,-113
121900149,226,418,-192
121900150,74,165,-91
121900151,56,219,-163
121900152,82,89,-7
121900153,98,579,-481
121900154,6,217,-211
121900155,0,96,-96
121900156,197,121,76
121900157,3,289,-286
121900158,109,100,9
121900159,1,151,-150
121900160,1,201,-200
121900161,252,290,-38
121900162,116,189,-73
121900163,275,422,-147
121900164,343,198,145
121900165,262,141,121
121900166,178,148,30
121900167,60,103,-43
121900168,128,217,-89
121900169,8,213,-205
121900170,3,140,-137
121900171,619,437,182
121900172,481,105,376
121900173,596,255,341
121900174,45,49,-4
121900175,86,173,-87
121900176,459,1137,-678
121900177,208,56,152
121900178,35,44,-9
121900179,419,167,252
121900180,2343,3599,-1256
121900182,604,287,317
121900183,491,1266,-775
121900184,59,658,-599
121900186,3,320,-317
121900187,38,116,-78
121900188,429,259,170
121900189,14,125,-111
121900190,226,349,-123
121900191,128,331,-203
121900192,227,883,-656
121900193,40,156,-116
121900194,7,156,-149
121900195,53,73,-20
121900196,752,850,-98
121900197,273,1126,-853
121900198,987,844,143
121900199,6,30,-24
121900200,58,195,-137
121900201,780,634,146
121900202,138,621,-483
121900203,161,742,-581
121900204,658,853,-195
121900205,7,77,-70
121900206,16,39,-23
121900207,89,20,69
121900208,120,283,-163
121900209,71,27,44
121900210,1211,878,333
121900211,480,538,-58
121900212,108,95,13
121900213,167,50,117
121900214,10,340,-330
121900215,54,83,-29
121900216,43,212,-169
121900217,222,165,57
121900218,180,313,-133
121900220,93,10,83
121900221,254,407,-153
121900222,118,141,-23
121900223,141,37,104
121900224,44,26,18
121900225,109,89,20
121900226,203,158,45
121900227,240,531,-291
121900228,143,187,-44
121900230,67,231,-164
121900231,243,1192,-949
121900232,191,364,-173
121900233,142,175,-33
121900234,224,173,51
121900235,443,112,331
121900236,267,128,139
121900237,195,222,-27
121900238,152,205,-53
121900239,265,28,237
121900240,210,109,101
121900241,60,80,-20
121900242,6,0,6
121900243,8,0,8
121900244,45,2,43
121900245,158,30,128
121900246,2307,286,2021
121900248,1009,1138,-129
121900250,204,275,-71
121900251,521,31,490
121900252,422,98,324
121900253,152,968,-816
121900254,408,225,183
121900255,426,67,359
121900258,2991,1656,1335
121900259,304,417,-113
121900260,66,95,-29
121900261,151,442,-291
121900262,293,745,-452
121900263,257,224,33
121900264,1207,1007,200
121900265,246,166,80
121900266,473,137,336
121900267,57,29,28
121900269,201,628,-427
121900270,44,188,-144
121900271,45,82,-37
121900273,413,1494,-1081
121900274,248,176,72
121900277,550,1199,-649
121900278,79,801,-722
121900279,183,168,15
121900280,48,275,-227
121900281,227,293,-66
121900284,82,9,73
121900286,114,103,11
121900287,14,19,-5
121900288,10,6,4
121900290,203,337,-134
121900291,328,579,-251
121900292,162,116,46
121900293,804,2222,-1418
121900294,166,7,159
121900295,125,169,-44
121900296,46,157,-111
121900298,259,682,-423
121900299,0,7,-7
121900300,95,14,81
121900301,85,3,82
121900302,13,38,-25
121900303,235,342,-107
121900304,9,12,-3
121900305,5,10,-5
121900306,187,1,186
121900307,89,7,82
121900308,60,256,-196
121900309,15,195,-180
121900310,21,388,-367
121900311,523,36,487
121900312,425,12,413
121900313,320,14,306
121900314,2,39,-37
121900315,16,0,16
121900316,0,14,-14
121900317,23,9,14
121900318,3,29,-26
121900319,39,104,-65
121900320,55,42,13
121900321,13,3,10
121900322,6,12,-6
121900323,18,17,1
121900324,6,42,-36
121900325,17,10,7
121900326,1,20,-19
121900327,8,52,-44
121900328,0,20,-20
121900329,7,137,-130
121900330,1,29,-28
121900331,16,15,1
121900332,112,20,92
121900333,25,0,25
121900334,93,69,24
122000001,1882,4835,-2953
122000002,3666,1427,2239
122000003,1412,2728,-1316
122000004,2142,1329,813
122000005,2291,1748,543
122000006,1250,966,284
122000007,795,1533,-738
122000008,2574,3762,-1188
122000009,445,470,-25
122000010,1959,2639,-680
122000011,2648,1439,1209
122000012,909,1522,-613
122000013,855,853,2
122000014,1685,988,697
122000015,1246,839,407
122000016,428,820,-392
122000017,1029,911,118
122000018,1248,1359,-111
122000019,753,960,-207
122000020,190,206,-16
122000021,243,381,-138
122000022,1016,825,191
122000023,640,1410,-770
122000024,541,1265,-724
122000025,750,1544,-794
122000026,788,1129,-341
122000027,481,1590,-1109
122000028,841,452,389
122000029,360,384,-24
122000030,189,160,29
122000031,140,265,-125
122000032,1683,1565,118
122000033,532,1273,-741
122000034,491,591,-100
122000035,269,614,-345
122000036,497,470,27
122000037,348,194,154
122000038,220,283,-63
122000039,547,417,130
122000040,241,254,-13
122000041,501,503,-2
122000042,385,395,-10
122000043,94,112,-18
122000044,120,120,0
122000045,1227,439,788
122000046,770,685,85
122000047,159,205,-46
122000048,2974,3633,-659
122000049,4753,3333,1420
122000050,1094,797,297
122000051,283,356,-73
122000052,415,496,-81
122000053,202,900,-698
122000054,1958,1700,258
122000055,1926,3064,-1138
122000056,3708,2891,817
122000057,2732,3153,-421
122000058,1825,1572,253
122000059,2114,1938,176
122000060,542,711,-169
122000061,431,564,-133
122000062,803,271,532
122000063,784,738,46
122000064,2596,3023,-427
122000065,2814,2162,652
122000066,346,499,-153
122000067,1273,1217,56
122000068,1130,945,185
122000069,844,832,12
122000070,680,1162,-482
122000071,1583,1014,569
122000072,359,458,-99
122000073,354,655,-301
122000074,2372,1500,872
122000075,642,1058,-416
122000076,2413,1186,1227
122000077,822,965,-143
122000078,1432,2642,-1210
122000079,748,1255,-507
122000080,567,341,226
122000081,159,215,-56
122000082,559,870,-311
122000083,1450,1214,236
122000084,1287,698,589
122000085,237,799,-562
122000086,1962,4297,-2335
122000087,307,215,92
122000088,213,317,-104
122000089,4282,1995,2287
122000090,200,463,-263
122000091,106,87,19
122000092,89,27,62
122000093,1480,2050,-570
122000094,4618,2545,2073
122000095,1727,3021,-1294
122000096,1446,1470,-24
122000098,2601,2258,343
122000099,1559,783,776
122000100,862,495,367
122000101,331,620,-289
122000102,1740,972,768
122000103,1700,1417,283
122000104,481,177,304
122000105,496,275,221
122000106,444,618,-174
122000107,946,427,519
122000108,387,601,-214
122000109,442,283,159
122000110,404,440,-36
122000111,2287,1095,1192
122000112,969,1190,-221
122000113,628,647,-19
122000114,2475,1317,1158
122000115,1749,1141,608
122000116,397,451,-54
122000117,1236,407,829
122000118,596,752,-156
122000119,3039,2380,659
122000120,1941,4261,-2320
122000121,1924,3132,-1208
122000122,599,1420,-821
122000123,1547,1518,29
122000124,866,507,359
122000125,495,432,63
122000126,518,1004,-486
122000127,797,1114,-317
122000128,471,602,-131
122000129,650,1259,-609
122000130,2806,1396,1410
122000131,1277,1227,50
122000132,526,596,-70
122000133,870,1041,-171
122000134,917,793,124
122000135,671,724,-53
122000136,738,659,79
122000137,1544,764,780
122000139,992,2935,-1943
122000140,694,564,130
122000141,2993,983,2010
122000142,271,867,-596
122000143,425,651,-226
122000144,1241,1095,146
122000145,1160,785,375
122000146,922,1301,-379
122000147,703,577,126
122000148,1508,1788,-280
122000149,1891,1489,402
122000150,959,936,23
122000151,165,387,-222
122000152,343,392,-49
122000153,363,352,11
122000154,206,204,2
122000155,1336,2100,-764
122000156,2112,2465,-353
122000157,1182,2261,-1079
122000158,323,592,-269
122000159,640,1653,-1013
122000160,2997,2700,297
122000161,1259,1076,183
122000162,1833,1544,289
122000163,215,89,126
122000164,38,126,-88
122000165,645,684,-39
122000166,767,1131,-364
122000167,217,244,-27
122000168,191,537,-346
122000169,341,195,146
122000170,309,231,78
122000171,52,105,-53
122000172,1601,1159,442
122000173,1264,1926,-662
122000174,1973,899,1074
122000175,864,286,578
122000176,307,715,-408
122000177,1221,1410,-189
122000178,2512,1967,545
122000179,1359,1959,-600
122000180,1501,1347,154
122000181,1447,2714,-1267
122000182,1519,1151,368
122000183,1896,891,1005
122000184,2777,2394,383
122000185,1367,1727,-360
122000186,408,731,-323
122000187,1520,966,554
122000188,397,215,182
122000189,240,258,-18
122000190,749,1070,-321
122000191,664,461,203
122000192,1019,314,705
122000193,422,673,-251
122000194,381,173,208
122000195,144,513,-369
122000196,893,609,284
122000197,467,584,-117
122000198,416,791,-375
122000199,323,320,3
122000200,857,508,349
122000201,1152,1524,-372
122000202,1119,1475,-356
122000203,2366,1282,1084
122000204,1386,1564,-178
122000205,1226,1184,42
122000206,2422,994,1428
122000207,1506,1467,39
122000208,1782,1228,554
122000209,1493,274,1219
122000210,2041,1563,478
122000211,1282,1466,-184
122000212,828,509,319
122000213,939,1208,-269
122000214,1904,1613,291
122000215,2134,1455,679
122000217,1747,1271,476
122000218,738,77,661
122000219,1198,849,349
122000220,408,688,-280
122000221,105,431,-326
122000222,575,137,438
122000223,1223,809,414
122000225,637,270,367
122000226,1459,1673,-214
122000227,243,2055,-1812
122000228,325,372,-47
122000229,62,475,-413
122000230,120,393,-273
122000231,456,681,-225
122000232,463,788,-325
122000233,0,84,-84
122000234,369,57,312
122000235,851,117,734
122000236,1094,90,1004
122000237,115,70,45
122000238,299,264,35
122000239,801,125,676
122000240,1089,519,570
122000241,1698,440,1258
122000242,594,101,493
122000243,293,46,247
122000244,80,400,-320
122000245,89,137,-48
122000246,439,155,284
122000247,503,613,-110
122000248,856,1341,-485
122000249,1190,767,423
122000250,2052,987,1065
122000251,260,371,-111
122000252,384,140,244
122000253,115,224,-109
122000254,239,78,161
122000255,547,1106,-559
122000256,481,751,-270
122000257,135,205,-70
122000258,258,233,25
122000259,36,553,-517
122000260,200,575,-375
122000261,22,182,-160
122000262,0,42,-42
122000263,328,155,173
122000264,1087,282,805
122000265,2052,733,1319
122000266,3525,603,2922
122000267,236,124,112
122000268,156,313,-157
122000269,770,303,467
122000270,533,146,387
122000271,353,749,-396
122000272,325,698,-373
122000273,371,363,8
122000274,214,239,-25
122000275,209,244,-35
122000276,793,414,379
122000277,1133,1434,-301
122000278,1733,623,1110
122000279,152,333,-181
122000280,760,508,252
122000281,636,553,83
122000282,208,425,-217
122000283,208,206,2
122000284,168,88,80
122000285,301,95,206
122000286,50,172,-122
122000287,1076,1174,-98
122000288,470,255,215
122000291,1864,630,1234
122000293,225,270,-45
122000294,136,215,-79
122000295,1143,191,952
122000296,28,559,-531
122000297,1914,2980,-1066
122000299,518,354,164
122000300,491,560,-69
122000301,6647,2845,3802
122000302,480,1419,-939
122000303,2544,1064,1480
122000304,89,212,-123
122000305,1142,546,596
122000306,35,470,-435
122000307,90,88,2
122000309,83,54,29
122000310,16,86,-70
122000311,150,128,22
122000312,132,162,-30
122000313,97,94,3
122000314,104,238,-134
122000315,239,53,186
122000316,789,207,582
122000317,1389,240,1149
122000318,244,412,-168
122000319,152,278,-126
122000320,364,954,-590
122000321,93,140,-47
122000322,1656,1984,-328
122000323,1059,1976,-917
122000324,987,1219,-232
122000325,651,1610,-959
122000326,103,92,11
122000327,484,910,-426
122000328,892,528,364
122000330,1964,815,1149
122000333,23,114,-91
122000337,986,1134,-148
122000338,442,377,65
122000340,335,583,-248
122000342,1434,873,561
122000343,409,895,-486
122000344,73,12,61
122000345,140,56,84
122000346,252,304,-52
122000348,651,529,122
122000349,103,563,-460
122000351,184,193,-9
122000352,210,170,40
122000353,101,67,34
122000355,179,413,-234
122000356,952,1048,-96
122000357,87,21,66
122000358,0,47,-47
122000359,0,16,-16
122000360,0,25,-25
122000362,10,55,-45
122000364,208,271,-63
122000365,2,41,-39
122000366,31,8,23
122000368,314,552,-238
122000370,21,52,-31
122000371,30,0,30
122000372,10,0,10
122000381,109,268,-159
122000382,84,277,-193
122000384,1824,1074,750
122000385,54,0,54
122000386,247,1109,-862
122000387,421,570,-149
122000388,1188,789,399
122000389,139,546,-407
122000390,288,191,97
122000391,326,270,56
122000392,159,169,-10
122000393,217,260,-43
122000394,555,178,377
122000395,153,128,25
122000396,228,81,147
122000397,29,41,-12
122000398,10,50,-40
122000399,149,52,97
122000400,72,484,-412
122000401,126,60,66
122000402,265,104,161
122000403,334,492,-158
122000404,198,212,-14
122000408,832,1089,-257
122000503,21,98,-77
122000524,491,114,377
122000544,69,1964,-1895
122000614,487,370,117
122000616,224,4,220
122000640,97,98,-1
122000641,162,216,-54
122000642,964,700,264
122000643,47,140,-93
122000644,109,51,58
122000645,76,180,-104
122000651,1021,872,149
122000664,136,38,98
122000665,1142,461,681
122000666,647,998,-351
122000673,56,157,-101
122000674,205,83,122
122000675,1693,631,1062
122000686,454,769,-315
122000687,1160,262,898
122000688,276,387,-111
122000689,811,308,503
122000690,2083,351,1732
122000691,723,1170,-447
122000692,1301,268,1033
122000693,309,1309,-1000
122000695,142,205,-63
122000696,420,203,217
122000698,524,680,-156
122000699,111,48,63
122000701,1266,225,1041
122000702,462,810,-348
122000703,144,38,106
122000712,0,0,0
122000717,402,174,228
122000718,744,1652,-908
122000719,147,107,40
122000720,622,178,444
122000724,304,266,38
122900001,35,7,28
122900002,947,4511,-3564
122900003,324,21,303
122900004,1112,58,1054
122900005,63,57,6
122900006,319,585,-266
122900007,88,93,-5
122900008,318,193,125
122900009,530,372,158
122900010,240,117,123
122900012,203,347,-144
122900014,103,160,-57
122900015,1075,841,234
122900016,109,145,-36
122900017,317,657,-340
122900018,195,19,176
122900020,162,230,-68
122900021,27,362,-335
122900022,824,834,-10
122900023,241,111,130
122900024,92,89,3
122900025,8,273,-265
122900026,47,213,-166
122900027,46,553,-507
122900028,82,106,-24
122900029,3479,2383,1096
122900030,770,483,287
122900031,42,234,-192
122900032,126,312,-186
122900033,163,114,49
122900034,3490,3930,-440
122900035,15,11,4
122900036,58,54,4
122900037,309,130,179
122900038,80,2292,-2212
122900039,87,438,-351
122900040,237,372,-135
122900041,191,398,-207
122900042,143,239,-96
122900043,243,184,59
122900044,94,297,-203
122900045,111,84,27
122900046,137,327,-190
122900047,91,169,-78
122900048,50,169,-119
122900049,1155,100,1055
122900051,79,87,-8
122900052,129,118,11
122900053,33,28,5
122900055,301,56,245
122900057,208,52,156
122900061,392,109,283
122900062,473,456,17
122900063,164,194,-30
122900064,730,303,427
122900065,484,230,254
122900066,590,246,344
122900067,779,427,352
122900069,211,921,-710
122900070,354,50,304
122900071,114,294,-180
122900073,20,173,-153
122900074,752,367,385
122900075,0,61,-61
122900076,3,192,-189
122900077,12,80,-68
122900078,186,49,137
122900080,50,59,-9
122900081,147,165,-18
122900082,861,221,640
122900083,165,123,42
122900084,5,182,-177
122900086,13,89,-76
122900087,306,390,-84
122900088,37,197,-160
122900089,160,299,-139
122900090,7,335,-328
122900091,267,0,267
122900092,1,88,-87
122900093,0,176,-176
122900094,8,141,-133
122900095,187,7,180
122900096,276,182,94
122900097,31,43,-12
122900098,63,74,-11
122900099,96,12,84
122900100,115,204,-89
122900101,468,215,253
122900102,25,26,-1
122900103,194,11,183
122900104,269,4,265
122900105,24,8,16
122900106,1,58,-57
122900107,2,114,-112
122900108,4,172,-168
122900109,181,99,82
123000001,1089,406,683
123000002,2730,4294,-1564
123000003,3528,3820,-292
123000004,2649,3244,-595
123000005,2491,2551,-60
123000006,2139,2049,90
123000007,4166,2511,1655
123000008,2606,2754,-148
123000009,3901,2430,1471
123000010,2876,3137,-261
123000011,1941,857,1084
123000012,688,1992,-1304
123000013,3115,874,2241
123000014,849,2723,-1874
123000015,2483,1008,1475
123000016,3644,3193,451
123000017,3661,1567,2094
123000018,113,84,29
123000019,364,165,199
123000020,183,48,135
123000021,146,114,32
123000022,320,1349,-1029
123000023,1389,1628,-239
123000024,1522,748,774
123000025,220,110,110
123000026,49,117,-68
123000027,96,558,-462
123000028,876,1589,-713
123000029,646,1550,-904
123000030,237,259,-22
123000031,336,198,138
123000032,414,114,300
123000033,281,70,211
123000034,846,689,157
123000035,379,336,43
123000036,421,1032,-611
123000037,187,196,-9
123000038,80,239,-159
123000039,451,1389,-938
123000040,524,242,282
123000041,1131,1221,-90
123000042,907,626,281
123000043,2104,8623,-6519
123000044,3392,1789,1603
123000045,5182,2440,2742
123000046,523,1340,-817
123000047,1291,1037,254
123000048,82,830,-748
123000049,4903,7707,-2804
123000050,1355,1348,7
123000051,144,169,-25
123000052,805,2938,-2133
123000053,2365,2574,-209
123000054,1634,1310,324
123000055,1220,2330,-1110
123000056,1063,1340,-277
123000057,7622,5585,2037
123000058,598,892,-294
123000059,329,386,-57
123000060,771,343,428
123000061,243,591,-348
123000063,681,819,-138
123000064,843,278,565
123000065,3046,2010,1036
123000066,576,464,112
123000067,943,574,369
123000068,2431,2324,107
123000069,4815,2491,2324
123000070,198,552,-354
123000071,1066,713,353
123000072,1047,635,412
123000073,1264,628,636
123000074,1217,870,347
123000075,353,1016,-663
123000076,864,607,257
123000077,1962,1905,57
123000078,1547,1287,260
123000079,1609,1519,90
123000080,2017,1260,757
123000081,126,265,-139
123000082,333,997,-664
123000083,780,219,561
123000084,634,454,180
123000085,297,60,237
123000086,531,101,430
123000087,298,278,20
123000088,1022,536,486
123000089,571,976,-405
123000090,1044,705,339
123000091,1442,1172,270
123000092,995,1068,-73
123000094,464,199,265
123000095,505,500,5
123000096,684,251,433
123000097,479,534,-55
123000098,744,472,272
123000099,609,611,-2
123000100,408,567,-159
123000101,494,563,-69
123000102,539,642,-103
123000104,485,711,-226
123000105,476,417,59
123000106,543,509,34
123000107,361,519,-158
123000108,556,1078,-522
123000111,759,257,502
123000112,1092,403,689
123000113,506,883,-377
123000114,337,566,-229
123000115,241,292,-51
123000116,48,123,-75
123000117,1238,1255,-17
123000118,447,607,-160
123000119,224,621,-397
123000120,275,592,-317
123000121,495,444,51
123000122,326,271,55
123000123,445,538,-93
123000124,419,381,38
123000125,1010,1181,-171
123000126,1037,3182,-2145
123000127,723,539,184
123000128,245,294,-49
123000129,724,171,553
123000130,589,78,511
123000131,762,731,31
123000132,345,529,-184
123000133,264,353,-89
123000134,337,131,206
123000135,1961,928,1033
123000136,136,538,-402
123000137,83,179,-96
123000138,90,287,-197
123000139,478,91,387
123000140,103,557,-454
123000141,701,89,612
123000142,1100,1006,94
123000143,920,1635,-715
123000144,25,29,-4
123000145,124,145,-21
123000146,14,90,-76
123000147,46,108,-62
123000149,346,379,-33
123000150,179,245,-66
123000151,225,528,-303
123000152,62,290,-228
123000153,164,676,-512
123000154,1389,1739,-350
123000155,1810,1174,636
123000156,33,100,-67
123000157,591,740,-149
123000158,528,729,-201
123000159,2411,2243,168
123000160,971,829,142
123000161,1456,1039,417
123000162,942,1200,-258
123000163,492,95,397
123000164,1215,250,965
123000165,394,1097,-703
123000166,44,79,-35
123000167,160,268,-108
123000168,232,167,65
123000169,598,103,495
123000170,116,106,10
123000171,598,24,574
123000172,156,367,-211
123000173,561,265,296
123000174,933,302,631
123000175,509,765,-256
123000176,857,213,644
123000177,264,742,-478
123000178,694,137,557
123000179,52,415,-363
123000180,1392,310,1082
123000181,241,826,-585
123000182,178,208,-30
123000183,183,370,-187
123000184,97,406,-309
123000185,650,275,375
123000186,41,423,-382
123000187,476,1,475
123000188,295,12,283
123000189,47,5,42
123000190,50,108,-58
123000192,46,275,-229
123000193,64,666,-602
123000194,159,168,-9
123000195,323,31,292
123000196,314,62,252
123000197,92,64,28
123000198,26,518,-492
123000199,20,619,-599
123000200,515,15,500
123000201,1003,23,980
123000202,22,714,-692
123000203,793,90,703
123000204,73,834,-761
123000205,360,1014,-654
123000206,1606,242,1364
123000207,91,606,-515
123000208,463,326,137
123000209,2271,648,1623
123000210,520,1564,-1044
123000211,518,1652,-1134
123000212,2659,429,2230
123000213,608,93,515
123000215,113,186,-73
123000216,122,1198,-1076
123000217,185,28,157
123000218,45,487,-442
123000219,591,69,522
123000220,507,62,445
123000221,195,85,110
123000222,264,200,64
123000223,218,192,26
123000224,322,332,-10
123000225,260,56,204
123000226,59,242,-183
123000227,80,237,-157
123000228,250,42,208
123000229,849,1117,-268
123000232,102,417,-315
123000233,708,106,602
123000234,119,542,-423
123000235,937,236,701
123000236,230,583,-353
123000237,281,74,207
123000238,63,302,-239
123000239,421,945,-524
123000240,53,445,-392
123000241,354,76,278
123000242,84,135,-51
123000243,696,822,-126
123000244,755,669,86
123000245,37,133,-96
123000249,1261,478,783
123000252,764,211,553
123000253,1073,458,615
123000254,557,704,-147
123000255,982,661,321
123000256,26,194,-168
123000257,1913,1387,526
123000258,838,667,171
123000259,348,377,-29
123000260,478,318,160
123000261,194,92,102
123000262,93,157,-64
123000263,349,77,272
123000264,154,71,83
123000265,49,132,-83
123000266,487,516,-29
123000267,521,324,197
123000268,97,71,26
123000269,51,59,-8
123000270,28,47,-19
123000271,67,55,12
123000272,711,290,421
123000273,254,519,-265
123000274,1096,470,626
123000275,201,634,-433
123000278,2149,2323,-174
123000279,117,98,19
123000280,329,277,52
123000281,284,62,222
123000282,86,247,-161
123000283,112,49,63
123000284,79,50,29
123000286,177,325,-148
123000287,491,228,263
123000288,1262,719,543
123000289,371,884,-513
123000291,225,708,-483
123000294,290,289,1
123000295,915,741,174
123000296,629,371,258
123000297,762,551,211
123000298,589,282,307
123000299,221,319,-98
123000300,1084,887,197
123000301,109,219,-110
123000302,121,122,-1
123000303,163,252,-89
123000305,749,762,-13
123000306,130,100,30
123000309,60,77,-17
123000310,31,35,-4
123000311,10,134,-124
123000312,476,542,-66
123000313,448,329,119
123000315,213,284,-71
123000316,857,404,453
123000317,174,64,110
123000318,59,183,-124
123000329,7,14,-7
123000337,786,365,421
123000338,270,58,212
123000339,212,93,119
123000340,114,290,-176
123000342,7,113,-106
123000343,27,11,16
123000344,962,382,580
123000345,394,530,-136
123000346,403,57,346
123000352,954,774,180
123000353,46,109,-63
123000354,410,13,397
123000355,1,345,-344
123000356,319,5,314
123000357,5,79,-74
123000359,7,99,-92
123000360,135,63,72
123000361,165,229,-64
123000362,283,70,213
123000363,64,122,-58
123000364,396,367,29
123000365,14,285,-271
123000366,357,1565,-1208
123000367,319,696,-377
123000370,46,292,-246
123000371,508,30,478
123000372,268,19,249
123000373,11,207,-196
123000374,45,146,-101
123000375,407,46,361
123000376,1002,661,341
123000377,243,12,231
123000378,4,164,-160
123000379,18,267,-249
123000380,18,102,-84
123000381,115,71,44
123000382,763,81,682
123000383,200,1225,-1025
123000384,416,93,323
123000385,233,602,-369
123000436,46,913,-867
123000507,125,196,-71
123000508,213,886,-673
123000517,202,22,180
123000518,26,183,-157
123000519,157,61,96
123000520,37,159,-122
123000521,310,97,213
123000522,119,257,-138
123000541,8,5,3
123000542,0,12,-12
123000565,617,44,573
123000566,268,461,-193
123000567,478,223,255
123000573,39,688,-649
123000574,633,72,561
123000575,1230,813,417
123000576,683,1018,-335
123000577,43,466,-423
123000578,404,90,314
123000579,1879,4941,-3062
123000580,205,101,104
123000582,361,55,306
123000583,27,245,-218
123000584,162,222,-60
123000585,0,95,-95
123000586,55,0,55
123000596,98,85,13
123000597,44,98,-54
123000602,98,10,88
123000603,745,466,279
123000604,561,552,9
123000605,729,48,681
123000606,0,378,-378
123000609,20,302,-282
123000610,140,101,39
123000613,50,182,-132
123000614,253,28,225
123000615,78,142,-64
123000616,613,44,569
123000617,121,209,-88
123000618,58,390,-332
123000619,479,36,443
123000620,31,331,-300
123000622,357,14,343
123000624,169,71,98
123000630,1320,384,936
123000631,224,846,-622
123000632,796,687,109
123000633,1,274,-273
123000634,66,117,-51
123000635,110,81,29
123000636,43,378,-335
123000637,187,25,162
123000638,480,36,444
123000639,742,3649,-2907
123000640,21,387,-366
123000648,441,102,339
123000649,39,318,-279
123000650,90,60,30
123000651,16,126,-110
123000652,94,14,80
123000653,24,101,-77
123000654,11,184,-173
123900001,1038,44,994
123900002,41,1016,-975
123900003,175,276,-101
123900005,175,186,-11
123900006,242,42,200
124000001,1516,68,1448
124000002,33,1112,-1079
124000003,698,138,560
124000004,50,369,-319
124000005,940,311,629
124000006,184,618,-434
124000007,428,69,359
124000008,8,349,-341
124000009,670,176,494
124000010,170,329,-159
124000011,627,218,409
124000012,182,337,-155
124000017,224,118,106
124000018,104,54,50
124000019,120,96,24
124000020,41,150,-109
124000021,118,85,33
124000022,103,176,-73
124000023,502,167,335
124000024,854,386,468
124000025,661,474,187
124000026,688,305,383
124000027,1144,681,463
124000028,1738,657,1081
124000031,1473,2229,-756
124000032,1376,847,529
124000033,1004,448,556
124000034,577,1030,-453
124000035,330,199,131
124000036,401,546,-145
124000037,360,1056,-696
124000038,23,151,-128
124000039,680,472,208
124000040,435,950,-515
124000041,372,87,285
124000042,73,349,-276
124000043,84,101,-17
124000044,62,157,-95
124000045,625,363,262
124000046,264,422,-158
124000047,1074,508,566
124000048,681,786,-105
124000049,1686,533,1153
124000050,623,1155,-532
124000051,899,493,406
124000052,653,734,-81
124000053,528,1379,-851
124000054,860,541,319
124000055,1302,2393,-1091
124000056,1543,970,573
124000057,1030,523,507
124000058,485,825,-340
124000059,746,1210,-464
124000060,1012,565,447
124000061,1461,5281,-3820
124000062,3865,1406,2459
124000063,1070,1254,-184
124000064,1988,1244,744
124000065,133,513,-380
124000066,271,103,168
124000067,174,138,36
124000068,63,134,-71
124000069,622,137,485
124000070,281,401,-120
124000071,566,105,461
124000072,309,377,-68
124000073,852,197,655
124000074,242,555,-313
124000075,281,19,262
124000076,31,126,-95
124000077,966,812,154
124000078,1762,1234,528
124000079,233,1264,-1031
124000080,518,135,383
124000081,181,462,-281
124000082,110,172,-62
124000083,129,88,41
124000084,102,496,-394
124000085,76,54,22
124000086,35,79,-44
124000087,162,87,75
124000088,171,362,-191
124000089,774,243,531
124000090,182,294,-112
124000091,506,117,389
124000092,130,529,-399
124000093,115,68,47
124000094,129,413,-284
124000095,106,101,5
124000096,154,185,-31
124000097,114,184,-70
124000098,74,108,-34
124000099,250,106,144
124000100,61,121,-60
124000101,97,105,-8
124000102,148,52,96
124000103,146,96,50
124000104,116,39,77
124000105,107,71,36
124000106,141,44,97
124000107,23,172,-149
124000108,51,25,26
124000109,128,122,6
124000110,197,66,131
124000111,228,121,107
124000112,559,579,-20
124000113,94,131,-37
124000114,310,350,-40
124000115,352,606,-254
124000116,92,152,-60
124000117,50,85,-35
124000118,44,96,-52
124000119,714,415,299
124000120,494,391,103
124000121,1784,751,1033
124000122,561,1195,-634
124000123,794,417,377
124000124,394,823,-429
124000125,410,368,42
124000126,256,491,-235
124000127,822,303,519
124000128,502,706,-204
124000129,1961,1488,473
124000130,677,503,174
124000131,851,522,329
124000132,717,690,27
124000133,849,668,181
124000134,718,514,204
124000135,1323,1408,-85
124000136,738,814,-76
124000137,919,704,215
124000138,977,993,-16
124000139,724,76,648
124000140,78,428,-350
124000141,775,43,732
124000142,35,406,-371
124000143,100,21,79
124000144,5,154,-149
124000145,104,46,58
124000146,14,75,-61
124000148,11,77,-66
124000149,1034,388,646
124000150,395,558,-163
124000151,900,363,537
124000152,816,1154,-338
124000153,1006,904,102
124000154,576,688,-112
124000155,1436,895,541
124000156,1523,1012,511
124000169,207,379,-172
124000170,403,365,38
124000171,195,206,-11
124000172,252,380,-128
124000173,389,194,195
124000174,381,396,-15
124000175,10,76,-66
124000176,33,13,20
124000177,10,34,-24
124000178,51,39,12
124000185,59,13,46
124000186,9,34,-25
124000187,9,44,-35
124000188,74,13,61
124000190,76,64,12
124000191,131,218,-87
124000192,946,259,687
124000193,221,750,-529
124000194,388,362,26
124000195,340,464,-124
124000196,900,911,-11
124000197,66,37,29
124000198,45,49,-4
124000201,252,811,-559
124000202,474,269,205
124000203,390,408,-18
124000204,723,271,452
124000205,75,351,-276
124000206,709,273,436
124000207,0,39,-39
124000209,176,177,-1
124000210,659,142,517
124000211,712,1,711
124000212,1,253,-252
124000213,369,173,196
124000214,419,385,34
124000215,376,19,357
124000216,3,335,-332
124000329,133,980,-847
124000338,160,508,-348
124000339,1001,107,894
124000341,1410,79,1331
124000344,43,33,10
124000357,1570,2914,-1344
124000358,1410,2337,-927
124000359,1114,705,409
124000360,891,488,403
124000361,1219,683,536
124000362,807,1086,-279
124000363,214,348,-134
124000364,483,781,-298
124000365,500,920,-420
124000366,1383,1398,-15
124000367,116,331,-215
124000368,374,390,-16
124000369,124,84,40
124000370,43,404,-361
124000402,24,18,6
124000403,164,14,150
124000404,12,90,-78
124000405,967,718,249
124000406,675,669,6
124000407,0,28,-28
124000411,12,288,-276
124000412,411,10,401
124000413,129,25,104
124000414,47,98,-51
124000415,73,91,-18
124000416,136,146,-10
124000417,190,113,77
124000418,180,52,128
124000419,98,111,-13
124000420,81,62,19
124000421,41,148,-107
124000422,57,9,48
124000423,105,30,75
124000424,0,110,-110
124000425,177,11,166
124000426,3,154,-151
124000427,177,14,163
124000428,15,51,-36
124000429,73,46,27
124000430,773,414,359
124000431,307,393,-86
124000432,248,682,-434
124000439,27,6,21
124000443,0,0,0
124000445,162,1164,-1002
124000446,1118,348,770
124000447,20,137,-117
124000448,76,6,70
124000449,179,8,171
124000450,27,130,-103
124000451,2,128,-126
124000452,281,73,208
124000453,2442,3311,-869
124000454,2075,4271,-2196
124000457,12,70,-58
124000458,4,111,-107
124900001,630,366,264
124900002,91,188,-97
124900003,1054,505,549
124900004,653,289,364
124900005,171,86,85
124900006,652,265,387
124900008,899,365,534
124900009,119,306,-187
124900010,187,130,57
124900011,459,381,78
124900012,426,111,315
124900013,489,134,355
124900014,239,68,171
124900015,113,260,-147
124900016,72,65,7
124900017,489,1430,-941
124900018,64,12,52
124900020,53,52,1
124900021,243,40,203
124900022,101,6,95
124900024,262,1,261
124900026,122,8,114
124900027,110,394,-284
124900028,324,67,257
124900029,16,445,-429
124900030,4,81,-77
124900031,33,217,-184
124900032,193,177,16
124900033,99,185,-86
124900034,6,89,-83
124900035,154,280,-126
124900036,3,75,-72
124900037,228,171,57
124900038,161,234,-73
124900039,1,96,-95
124900040,131,70,61
124900041,273,646,-373
124900042,91,5,86
124900043,502,660,-158
124900044,62,2,60
124900045,390,1000,-610
124900047,142,133,9
124900048,244,75,169
124900050,202,125,77
124900052,112,329,-217
124900053,112,275,-163
124900054,1128,382,746
124900055,0,186,-186
124900057,16,148,-132
124900060,77,164,-87
124900061,80,8,72
124900062,196,15,181
124900066,0,25,-25
124900067,10,103,-93
124900068,221,447,-226
124900070,38,20,18
124900072,106,52,54
124900075,188,193,-5
124900076,28,1127,-1099
124900077,14,72,-58
124900078,69,11,58
124900079,342,135,207
124900080,245,402,-157
124900081,990,289,701
124900082,341,605,-264
124900083,257,400,-143
124900085,779,365,414
124900086,60,1218,-1158
124900087,509,60,449
124900088,458,66,392
124900089,984,20,964
124900090,264,197,67
124900091,247,176,71
124900092,182,142,40
124900093,303,114,189
124900094,390,159,231
124900095,66,373,-307
124900096,367,213,154
124900097,386,57,329
124900098,122,178,-56
124900099,375,377,-2
124900100,269,38,231
124900101,91,402,-311
124900102,249,7,242
124900103,123,141,-18
124900104,77,115,-38
124900105,168,106,62
124900106,324,31,293
124900107,110,11,99
124900108,151,69,82
124900111,3,155,-152
124900112,65,330,-265
124900113,127,325,-198
124900114,140,250,-110
124900115,31,24,7
124900116,205,144,61
124900117,210,154,56
124900118,89,338,-249
124900119,350,131,219
124900120,39,305,-266
124900121,91,337,-246
124900122,232,230,2
124900123,215,126,89
124900124,169,286,-117
124900125,184,0,184
124900126,1,214,-213
204000001,173,13,160
204000002,25,7,18
204000003,23,4,19
204000004,3,1,2
204000005,626,521,105
204000006,1189,1020,169
204000011,21,43,-22
204000012,52,103,-51
204000019,695,418,277
204000020,663,927,-264
204000021,2574,788,1786
204000022,541,455,86
204000023,537,557,-20
204000031,77,12,65
204000032,371,29,342
204000034,69,127,-58
204000035,1,5,-4
204000036,3,14,-11
204000037,4,12,-8
204000038,1,18,-17
204000039,2,17,-15
204000040,6,23,-17
204000041,4,24,-20
204000042,55,10,45
204000043,48,3,45
204000044,33,4,29
204000045,40,7,33
204000046,9,2,7
204000057,5,10,-5
204000062,34,60,-26
204000068,42,244,-202
204000069,67,411,-344
204000070,89,95,-6
204000080,53,49,4
204000085,1970,1209,761
204000086,2018,1440,578
204000087,36,7,29
204000088,6,103,-97
204000090,126,221,-95
204000093,395,87,308
204000096,824,894,-70
204000097,324,22,302
204000099,915,1465,-550
204000100,1216,1677,-461
204000105,1881,1132,749
204000110,532,1233,-701
204000111,485,643,-158
204000112,1142,1986,-844
204000113,498,1216,-718
204000114,713,769,-56
204000115,592,385,207
204000116,2087,1646,441
204000119,1844,2475,-631
204000132,766,412,354
204000133,999,192,807
204000134,309,75,234
204000135,961,103,858
204000136,673,216,457
204000138,413,678,-265
204000140,250,157,93
204000141,171,74,97
204000144,9,19,-10
204000145,485,17,468
204000146,18,279,-261
204000147,38,147,-109
204000148,263,38,225
204000154,16,1,15
204000155,1,4,-3
204000177,52,38,14
204000179,16,18,-2
204000180,0,34,-34
204000222,0,3,-3
204000235,12,7,5
204000236,46,180,-134
204000238,25,24,1
204000240,324,46,278
204000263,638,849,-211
204000268,891,630,261
204000308,120,31,89
204000317,12,85,-73
204000322,11,33,-22
204000323,9,13,-4
204000328,189,79,110
204000329,91,180,-89
204000330,196,64,132
204000331,146,154,-8
205000001,764,1413,-649
205000013,13,65,-52
205000014,33,92,-59
205000015,39,169,-130
205000016,29,105,-76
205000017,19,94,-75
205000022,303,768,-465
205000025,1118,959,159
205000029,209,12,197
205000045,125,443,-318
205000046,182,962,-780
205000047,47,432,-385
205000048,337,803,-466
205000049,161,584,-423
205000050,1000,302,698
205000059,0,158,-158
205000060,0,107,-107
205000061,2,111,-109
205000062,2,95,-93
205000063,28,145,-117
205000064,25,82,-57
205000065,41,539,-498
205000066,119,573,-454
205000067,31,705,-674
205000069,261,14,247
205000082,158,116,42
205000110,96,233,-137
205000111,239,236,3
205000112,191,170,21
205000113,208,346,-138
205000121,208,26,182
205000123,50,162,-112
205000126,444,86,358
205000127,848,117,731
205000128,421,52,369
205000129,691,51,640
205000130,106,11,95
205000131,71,4,67
205000132,115,5,110
205000133,89,2,87
205000134,246,2,244
205000137,53,122,-69
205000138,98,205,-107
205000139,26,72,-46
205000144,69,77,-8
205000145,257,147,110
205000151,121,19,102
205000152,201,13,188
205000153,225,20,205
205000154,92,30,62
205000155,80,8,72
205000207,15,171,-156
205000233,30,0,30
205000234,0,2,-2
205000243,1,1,0
205000244,0,0,0
205000245,6,112,-106
205000249,0,14,-14
205000250,8,2,6
205000264,7,79,-72
206000027,2,1,1
206000028,3,3,0
206000043,4,53,-49
206000053,1,8,-7
206000054,1,40,-39
206000055,0,9,-9
206000075,7,19,-12
206000076,16,32,-16
206000077,20,5,15
206000078,13,5,8
206000079,12,13,-1
206000082,421,39,382
206000100,32,368,-336
206000103,5,6,-1
206000104,16,12,4
206000105,8,8,0
206000106,10,12,-2
206000125,54,0,54
206000157,46,376,-330
206000170,1,116,-115
206000171,3,108,-105
206000172,10,257,-247
206000173,4,148,-144
206000174,14,59,-45
206000175,0,75,-75
206000176,4,108,-104
206000177,2,87,-85
206000178,2,194,-192
206000179,5,80,-75
206000180,4,123,-119
206000181,11,77,-66
206000182,5,86,-81
206000183,7,335,-328
206000184,3,214,-211
206000185,12,89,-77
206000186,83,566,-483
206000223,8,162,-154
206000226,18,0,18
206000227,14,0,14
206000237,57,176,-119
206000238,14,353,-339
206000239,182,1231,-1049
206000240,1,60,-59
206000241,0,58,-58
206000242,3,142,-139
206000243,6,126,-120
206000244,51,401,-350
206000245,774,42,732
206000246,200,10,190
206000247,248,8,240
206000248,384,13,371
206000252,44,47,-3
206000258,33,40,-7
206000315,29,2,27
206000317,480,96,384
206000318,552,65,487
206000319,1428,118,1310
206000320,175,35,140
206000321,235,11,224
206000322,485,15,470
206000323,191,9,182
206000324,168,4,164
206000325,176,15,161
206000326,154,6,148
206000327,171,9,162
206000328,175,3,172
206000329,240,14,226
206000330,42,7,35
206000331,155,1,154
206000332,45,4,41
206000333,600,3,597
206000334,257,10,247
206000335,0,18,-18
206000361,5,130,-125
206000392,3,13,-10
206000405,146,1,145
206000441,32,14,18
206000498,33,1,32
206000515,62,38,24
206000530,337,58,279
206000531,231,178,53
206000532,1666,280,1386
206000535,178,1212,-1034
206000536,15,132,-117
206000537,17,122,-105
206000613,1380,230,1150
206000784,411,27,384
207000001,164,543,-379
207000002,105,312,-207
207000003,145,124,21
207000007,1052,251,801
207000008,122,6,116
207000009,71,70,1
207000010,425,338,87
207000012,392,207,185
207000015,228,982,-754
207000019,185,62,123
207000021,445,156,289
207000022,140,121,19
207000023,178,37,141
207000024,10,11,-1
207000025,24,61,-37
207000026,107,64,43
207000027,22,87,-65
207000028,52,160,-108
207000029,174,361,-187
207000033,199,405,-206
207000034,255,100,155
207000039,499,108,391
207000040,417,87,330
207000041,66,36,30
207000042,167,43,124
207000043,213,167,46
207000051,77,157,-80
207000052,17,82,-65
207000053,393,444,-51
207000054,35,82,-47
207000055,169,97,72
207000056,308,260,48
207000057,145,328,-183
207000058,183,253,-70
207000059,106,345,-239
207000060,69,158,-89
207000061,172,532,-360
207000062,315,41,274
207000063,375,91,284
207000064,419,113,306
207000065,273,191,82
207000066,221,164,57
207000067,68,79,-11
207000068,183,50,133
207000069,706,310,396
207000082,10,236,-226
207000083,97,222,-125
207000084,256,279,-23
207000085,242,22,220
207000086,216,5,211
207000106,49,30,19
207000107,108,19,89
207000108,86,9,77
207000109,67,19,48
207000110,75,89,-14
207000111,74,72,2
207000112,133,691,-558
207000114,17,32,-15
207000115,18,47,-29
207000116,12,336,-324
207000117,5,77,-72
207000118,2,61,-59
207000119,25,51,-26
207000123,130,26,104
207000124,55,27,28
207000125,45,37,8
207000126,65,68,-3
207000134,83,190,-107
207000135,22,191,-169
207000148,66,359,-293
207000149,53,41,12
207000152,126,320,-194
207000153,748,1072,-324
207000154,324,132,192
207000159,110,133,-23
207000160,144,284,-140
207000238,0,213,-213
207000242,1,152,-151
207000248,31,23,8
207000249,130,17,113
207000250,448,54,394
207000251,174,37,137
207000252,171,41,130
207000278,93,89,4
207000279,29,106,-77
207000280,670,75,595
207000281,156,646,-490
207000282,100,102,-2
207000283,72,196,-124
207000284,60,257,-197
207000285,103,67,36
207000291,12,73,-61
207000304,134,68,66
207000306,103,333,-230
207000310,86,64,22
207000353,265,5,260
207000356,10,29,-19
207000357,15,38,-23
207000358,6,23,-17
207000415,5,176,-171
207000417,77,7,70
207000418,124,127,-3
207000438,0,0,0
207000439,745,560,185
207000446,177,10,167
207000460,43,6,37
207000466,143,90,53
207000467,274,107,167
207000468,77,230,-153
207000476,4,47,-43
207000477,541,44,497
207000478,4,22,-18
207000523,0,7,-7
207000524,93,0,93
207000527,159,123,36
207000530,516,13,503
207000531,366,7,359
207000532,52,29,23
207000534,278,62,216
207000535,20,260,-240
207000537,28,80,-52
207000540,13,160,-147
207000541,3,260,-257
207000548,30,212,-182
207000549,387,29,358
207000561,136,204,-68
207000562,39,154,-115
207000567,249,211,38
207000568,224,68,156
207000569,533,473,60
207000584,217,141,76
207000585,65,295,-230
207000587,168,24,144
207000616,0,104,-104
207000617,83,1,82
207000624,94,45,49
207000631,9,79,-70
207900008,276,140,136
208000001,541,1137,-596
208000002,751,495,256
208000003,1214,438,776
208000004,1328,779,549
208000005,7,28,-21
208000019,550,821,-271
208000020,148,445,-297
208000021,275,276,-1
208000022,1145,379,766
208000028,1543,1244,299
208000033,564,460,104
208000034,943,1135,-192
208000037,212,7,205
208000040,153,138,15
208000041,763,495,268
208000042,992,521,471
208000047,154,199,-45
208000064,1959,1432,527
208000066,1328,2293,-965
208000070,322,341,-19
208000071,360,609,-249
208000072,337,888,-551
208000080,300,389,-89
208000081,398,113,285
208000082,274,192,82
208000083,115,290,-175
208000084,10,10,0
208000085,885,614,271
208000086,466,963,-497
208000087,302,722,-420
208000089,1037,277,760
208000090,979,444,535
208000093,130,182,-52
208000094,603,378,225
208000095,602,380,222
208000104,837,655,182
208000105,533,794,-261
208000114,91,283,-192
208000115,417,317,100
208000116,519,981,-462
208000117,92,174,-82
208000118,119,119,0
208000155,594,945,-351
208000158,1336,3196,-1860
208000186,2988,3867,-879
208000204,632,825,-193
208000205,1245,758,487
208000282,4260,2765,1495
209000004,455,210,245
209000005,47,48,-1
209000006,398,172,226
209000007,226,299,-73
209000010,328,107,221
209000011,123,199,-76
209000012,273,78,195
209000013,199,228,-29
209000014,427,674,-247
209000025,384,68,316
209000026,752,111,641
209000027,417,630,-213
209000028,304,516,-212
209000029,413,474,-61
209000030,415,827,-412
209000031,1591,1402,189
209000034,228,277,-49
209000035,154,228,-74
209000036,218,118,100
209000037,343,199,144
209000038,138,197,-59
209000039,82,154,-72
209000040,231,429,-198
209000041,146,353,-207
209000042,257,336,-79
209000043,601,865,-264
209000044,186,832,-646
209000045,1140,419,721
209000046,478,436,42
209000047,393,192,201
209000048,483,290,193
209000049,86,69,17
209000050,198,99,99
209000051,241,223,18
209000052,153,139,14
209000062,58,73,-15
209000063,54,47,7
209000064,41,64,-23
209000065,99,25,74
209000066,99,19,80
209000067,85,50,35
209000080,48,175,-127
209000082,79,36,43
209000091,36,82,-46
209000093,25,24,1
209000094,145,122,23
209000110,31,131,-100
209000111,563,1432,-869
209000112,896,575,321
209000113,1514,656,858
209000114,670,499,171
209000115,59,77,-18
209000116,360,299,61
209000118,10,19,-9
209000119,12,14,-2
209000121,117,319,-202
209000135,48,182,-134
209000142,595,1537,-942
209000143,56,43,13
209000144,47,102,-55
209000229,190,132,58
209000240,37,269,-232
209000259,63,67,-4
209000260,46,675,-629
209000261,2,363,-361
209000262,2,271,-269
209000263,0,129,-129
209000264,1,104,-103
209000265,379,11,368
209000266,106,2,104
209000267,887,12,875
209000268,578,44,534
210000037,72,22,50
210000047,70,11,59
210000048,91,21,70
210000049,29,3,26
210000052,71,37,34
210000053,32,29,3
210000054,48,80,-32
210000070,170,2,168
210000071,92,0,92
210000072,25,0,25
210000073,2,21,-19
210000074,0,72,-72
210000075,3,110,-107
210000076,6,133,-127
210000077,13,36,-23
210000078,31,39,-8
210000079,26,18,8
210000080,97,112,-15
210000081,156,12,144
210000082,115,5,110
210000083,83,0,83
210000084,68,1,67
210000085,0,58,-58
210000086,1,65,-64
210000099,27,213,-186
210000100,47,154,-107
210000101,74,142,-68
210000105,20,159,-139
210000159,0,152,-152
210000163,81,218,-137
210000164,278,155,123
210000168,147,41,106
210000187,0,21,-21
210000188,0,10,-10
210000214,19,0,19
210000219,24,53,-29
210000220,111,58,53
210000232,2,15,-13
210000233,34,46,-12
210000234,16,85,-69
210000235,40,58,-18
210000245,0,22,-22
210000246,19,2,17
210000258,11,77,-66
210000259,358,52,306
210000282,78,250,-172
210000285,2,84,-82
210000286,15,119,-104
210000290,0,16,-16
210000295,38,80,-42
210000296,38,34,4
210000320,175,43,132
210000321,119,49,70
210000338,49,68,-19
210000339,257,1025,-768
210000340,96,365,-269
210000341,213,250,-37
210000342,184,161,23
210000343,169,137,32
210000344,139,101,38
210000345,164,176,-12
210000346,75,95,-20
210000347,31,44,-13
210000348,92,34,58
210000349,53,24,29
210000350,135,70,65
210000351,175,88,87
210000352,68,57,11
210000353,47,80,-33
210000354,42,86,-44
210000355,32,70,-38
210000356,31,54,-23
210000357,62,65,-3
210000358,209,155,54
210000359,104,99,5
210000360,158,137,21
210000361,185,159,26
210000362,238,189,49
210000363,692,317,375
210000364,159,133,26
210000365,155,84,71
210000366,165,75,90
210000367,105,38,67
210000368,172,35,137
210000369,19,61,-42
210000370,24,48,-24
210000372,16,33,-17
210000373,34,25,9
210000374,88,90,-2
210000375,42,41,1
210000376,60,93,-33
210000404,52,124,-72
210000439,36,31,5
210000472,72,3,69
210000482,75,74,1
210000564,329,259,70
210000567,1,35,-34
210000568,290,0,290
211000092,54,29,25
211000094,20,13,7
211000169,194,19,175
211000172,8,279,-271
211000209,0,21,-21
211000226,14,42,-28
211000270,54,19,35
211000275,16,6,10
211000276,90,11,79
211000279,11,11,0
211000281,28,41,-13
211000302,30,44,-14
211507980,2,74,-72
211977296,31,8,23
212000003,140,43,97
212000004,31,37,-6
212000005,13,42,-29
212000006,43,31,12
212000008,179,131,48
212000009,42,104,-62
212000012,97,71,26
212000013,37,44,-7
212000014,206,148,58
212000015,267,181,86
212000016,431,405,26
212000027,505,342,163
212000028,291,387,-96
212000029,250,268,-18
212000030,58,17,41
212000031,79,39,40
212000048,41,118,-77
212000049,21,93,-72
212000050,19,7,12
212000051,206,165,41
212000052,201,186,15
212000053,346,337,9
212000054,242,96,146
212000055,239,173,66
212000056,29,53,-24
212000057,10,29,-19
212000058,248,62,186
212000070,107,170,-63
212000077,159,436,-277
212000099,250,246,4
212000108,217,193,24
212000111,231,80,151
212000120,90,64,26
212000138,121,16,105
212000156,3,109,-106
212000158,13,13,0
212000159,524,53,471
212000160,614,215,399
212000161,69,7,62
212000310,44,11,33
212000311,22,65,-43
212000374,33,5,28
213000001,33,294,-261
213000005,305,93,212
213000006,776,283,493
213000007,103,12,91
213000009,692,422,270
213000010,191,244,-53
213000011,180,122,58
213000014,81,24,57
213000015,298,18,280
213000016,413,1,412
213000017,76,1,75
213000018,3,116,-113
213000019,3,150,-147
213000020,120,226,-106
213000021,2,88,-86
213000023,386,214,172
213000033,294,1319,-1025
213000034,759,223,536
213000035,129,191,-62
213000045,188,248,-60
213000046,203,167,36
213000047,681,1220,-539
213000056,121,33,88
213000069,114,0,114
213000073,1,39,-38
213000074,51,189,-138
213000075,552,4,548
213000076,45,9,36
213000085,6,33,-27
213000086,18,131,-113
213000091,214,10,204
213000092,72,13,59
213000099,162,1122,-960
213000100,940,325,615
213000101,469,104,365
213000102,519,202,317
213000103,835,634,201
213000104,48,262,-214
213000105,1,84,-83
213000106,21,121,-100
213000107,139,262,-123
213000108,12,116,-104
213000109,15,228,-213
213000110,9,127,-118
213000111,14,81,-67
213000112,48,56,-8
213000115,49,12,37
213000116,29,264,-235
213000117,21,473,-452
213000118,318,208,110
213000119,34,201,-167
213000120,97,218,-121
213000122,102,454,-352
213000123,265,779,-514
213000124,93,889,-796
213000125,131,39,92
213000126,69,133,-64
213000127,116,219,-103
213000128,304,939,-635
213000129,298,622,-324
213000130,614,340,274
213000132,422,92,330
213000133,563,93,470
213000134,904,34,870
213000136,533,17,516
213000137,595,93,502
213000139,287,22,265
213000147,54,22,32
213000148,30,11,19
213000149,34,14,20
213000150,0,166,-166
213000151,7,123,-116
213000152,2,76,-74
213000153,0,102,-102
213000154,39,321,-282
213000155,24,181,-157
213000156,103,321,-218
213000157,613,323,290
213000158,284,698,-414
213000159,346,448,-102
213000163,992,130,862
213000165,862,251,611
213000171,45,106,-61
213000172,63,172,-109
213000173,14,123,-109
213000174,3,57,-54
213000175,54,42,12
213000176,11,89,-78
213000177,38,19,19
213000178,101,7,94
213000179,214,40,174
213000180,224,84,140
213000184,29,113,-84
213000188,326,102,224
213000189,345,35,310
213000190,597,545,52
213000191,272,292,-20
213000192,218,213,5
213000193,669,302,367
213000194,1,74,-73
213000195,34,273,-239
213000196,240,1024,-784
213000197,453,455,-2
213000198,39,1,38
213000200,155,826,-671
213000201,112,116,-4
213000202,10,554,-544
213000203,2959,648,2311
213000204,810,60,750
213000205,268,81,187
213000206,430,39,391
213000207,112,12,100
213000208,80,1,79
213000209,168,14,154
213000210,337,16,321
213000211,7,14,-7
213000212,16,39,-23
213000213,32,52,-20
213000218,183,331,-148
213000219,468,15,453
213000220,388,28,360
213000223,162,185,-23
213000224,29,50,-21
213000225,91,9,82
213000226,59,14,45
213000227,823,215,608
213000228,410,96,314
213000229,169,48,121
213000230,556,32,524
213000232,36,712,-676
213000233,8,332,-324
213000234,8,49,-41
213000293,24,75,-51
213000294,144,20,124
213000295,10,93,-83
213000296,53,26,27
213000297,8,63,-55
213000298,20,64,-44
213000299,37,37,0
213000300,18,7,11
213000303,11,35,-24
213000304,1,17,-16
213000305,2,20,-18
213000306,54,32,22
213000307,106,60,46
213000308,80,139,-59
213000309,131,48,83
213000310,329,235,94
213000311,276,760,-484
213000315,72,74,-2
213000316,154,51,103
213000322,46,27,19
213000323,41,39,2
213000340,164,627,-463
213000341,512,114,398
213000346,323,223,100
213000347,550,357,193
213000348,11,95,-84
213000349,23,10,13
213000350,490,996,-506
213000366,83,253,-170
213000367,244,24,220
213000379,80,34,46
213000386,21,429,-408
213000406,99,428,-329
213000417,1177,395,782
213000425,187,37,150
213000426,170,58,112
213000427,42,109,-67
213000428,117,169,-52
213000429,4,3,1
213000430,111,415,-304
213000431,62,1,61
213000432,2,46,-44
213000433,8,64,-56
213000434,80,61,19
213000435,126,77,49
213000439,35,14,21
213000441,0,0,0
213000443,360,347,13
213000445,0,46,-46
213000446,0,50,-50
213000447,3,48,-45
213000448,4,132,-128
213000449,337,3,334
213000450,19,32,-13
213000451,178,50,128
213000452,35,10,25
213000453,42,191,-149
213000455,426,7,419
213000456,1,367,-366
213000481,9,4,5
213000482,35,2,33
213000489,241,73,168
213000491,2,222,-220
213000492,195,0,195
213000493,0,96,-96
213000494,223,84,139
213000495,0,61,-61
213000496,342,139,203
213000497,104,252,-148
213000498,74,171,-97
213000499,141,288,-147
213000500,422,56,366
213000501,104,33,71
213000502,147,90,57
213000504,84,114,-30
213000505,20,31,-11
213000506,0,4,-4
213000507,34,259,-225
213900244,38,0,38
213900245,0,25,-25
218000003,45,36,9
218000004,27,39,-12
218000005,27,19,8
218000006,47,26,21
218000007,8,16,-8
218000012,165,138,27
218000013,84,118,-34
218000014,293,366,-73
218000019,615,475,140
218000020,227,366,-139
218000040,8,8,0
218000046,28,134,-106
218000047,9,114,-105
218000048,48,95,-47
218000049,83,111,-28
218000050,250,209,41
218000051,64,221,-157
218000052,1,103,-102
218000053,6,23,-17
218000054,17,65,-48
218000055,10,25,-15
218000056,17,49,-32
218000057,4,20,-16
218000064,0,13,-13
218000065,73,61,12
218000066,11,41,-30
218000067,45,52,-7
218000068,125,101,24
218000069,217,155,62
218000070,157,222,-65
218000071,199,207,-8
218000072,201,212,-11
218000078,914,555,359
218000079,118,56,62
218000080,121,63,58
218000081,370,151,219
218000082,54,61,-7
218000083,74,42,32
218000084,164,93,71
218000085,164,246,-82
218000086,89,100,-11
218000087,153,127,26
218000090,12,106,-94
218000091,953,463,490
218000092,70,112,-42
218000093,81,47,34
218000094,482,485,-3
218000099,283,573,-290
218000100,244,248,-4
218000101,231,142,89
218000102,450,195,255
218000103,100,112,-12
218000104,82,23,59
218000105,29,23,6
218000106,13,7,6
218000107,77,54,23
218000108,9,29,-20
218000112,38,22,16
218000117,40,48,-8
218000134,517,405,112
218000135,26,69,-43
218000136,150,105,45
218000137,180,137,43
218000138,52,62,-10
218000139,177,244,-67
218000140,441,272,169
218000141,99,33,66
218000142,205,131,74
218000143,120,281,-161
218000144,40,75,-35
218000145,381,246,135
218000146,89,128,-39
218000151,3,3,0
218000152,62,48,14
218000170,3,27,-24
218000171,28,10,18
218000172,11,13,-2
218000173,31,7,24
218000174,15,6,9
218000176,103,24,79
218000177,202,135,67
218000178,51,161,-110
218000179,90,57,33
218000180,60,25,35
218000181,131,38,93
218000187,14,21,-7
218000188,30,39,-9
218000189,27,45,-18
218000190,2,10,-8
218000191,173,52,121
218000192,204,150,54
218000193,390,224,166
218000194,138,195,-57
218000195,75,46,29
218000196,286,237,49
218000197,354,175,179
218000198,43,99,-56
218000199,48,28,20
218000200,89,32,57
218000201,9,11,-2
218000202,72,245,-173
218000207,1,16,-15
218000208,30,42,-12
218000211,35,25,10
218000213,76,81,-5
218000214,4,19,-15
218000215,36,55,-19
218000217,2,96,-94
218000218,102,45,57
218000219,7,17,-10
218000220,62,271,-209
218000221,373,143,230
218000222,5,33,-28
218000223,27,241,-214
218000224,16,115,-99
218000225,117,14,103
218000226,86,41,45
218000232,29,37,-8
218000239,139,15,124
218000240,26,5,21
218000241,21,0,21
218000242,26,3,23
218000243,97,8,89
218000244,56,8,48
218000245,30,4,26
218000246,1,0,1
218000247,6,1,5
218000248,0,16,-16
218000249,2,2,0
218000250,4,12,-8
218000251,13,24,-11
218000252,9,54,-45
218000253,5,77,-72
218000254,0,36,-36
218000255,6,24,-18
218000256,17,80,-63
218000267,476,862,-386
218000268,9,37,-28
218000269,6,17,-11
218000270,137,40,97
218000271,29,26,3
218000273,26,4,22
218000274,18,5,13
218000275,23,49,-26
218000276,11,29,-18
218000278,31,35,-4
218000279,92,41,51
218000280,11,46,-35
218000281,31,17,14
218000282,475,533,-58
218000284,77,6,71
218000301,58,101,-43
218000302,90,38,52
218000303,25,46,-21
218000316,690,916,-226
218000317,1089,770,319
218000318,776,517,259
218000319,1035,756,279
218000320,901,527,374
218000338,41,26,15
218000345,73,82,-9
218000346,35,202,-167
218000459,29,212,-183
218000490,22,40,-18
218000501,106,25,81
218000502,43,41,2
218000503,90,14,76
218000504,159,27,132
218000505,57,148,-91
218000506,24,190,-166
218000508,1,13,-12
218000510,199,10,189
218000520,88,53,35
218000521,21,45,-24
218000522,1,129,-128
218000523,109,5,104
218000524,22,14,8
218000525,123,15,108
218000526,36,170,-134
218000529,29,129,-100
218000531,23,11,12
218000532,15,25,-10
218000534,166,23,143
218000537,14,66,-52
218000538,109,288,-179
218000540,204,73,131
218000543,176,40,136
218000544,34,53,-19
218000545,39,59,-20
218000546,38,58,-20
218000547,80,164,-84
218000548,98,111,-13
218000549,339,375,-36
218000550,159,253,-94
218000551,116,967,-851
218000552,299,56,243
218000553,67,99,-32
218000554,17,38,-21
218000555,38,49,-11
218000556,213,163,50
218000557,240,148,92
218000558,33,1,32
218000559,0,16,-16
218000560,0,13,-13
218000561,18,0,18
218000562,24,90,-66
218000563,185,33,152
218000564,15,237,-222
218000565,136,23,113
218000566,282,29,253
218000568,26,9,17
218000569,12,206,-194
218000570,169,10,159
218000571,5,96,-91
218000572,140,1,139
218000573,43,292,-249
218000574,101,36,65
218000575,101,3,98
218000576,0,35,-35
218000577,99,0,99
218000578,0,74,-74
218000579,57,18,39
218000581,11,53,-42
218000582,46,0,46
218000583,4,0,4
218000584,0,16,-16
218000585,84,1,83
218000586,6,43,-37
218000587,2,0,2
218000588,3,5,-2
218000589,1,6,-5
218000590,5,1,4
218000591,2,8,-6
218000592,3,2,1
218000593,11,4,7
218000594,5,0,5
218000597,2,0,2
218000598,1,0,1
218000599,4,0,4
218000600,0,2,-2
218000601,1,1,0
218000602,0,7,-7
218000603,0,5,-5
218000604,3,1,2
218000605,0,51,-51
218000606,110,2,108
218000607,17,27,-10
218000608,58,18,40
218000609,4,28,-24
218000610,88,3,85
218000611,26,2,24
218000612,0,20,-20
218000613,38,1,37
218000614,0,46,-46
218000615,290,2,288
218000616,3,95,-92
218000617,22,4,18
218000618,1,19,-18
218000619,12,15,-3
218000620,6,19,-13
218000621,0,1,-1
218000622,0,7,-7
218000623,152,1,151
218000624,2,14,-12
218000625,7,2,5
218000626,0,10,-10
218000628,189,35,154
218000631,58,16,42
218000632,2,183,-181
218000633,143,3,140
218000634,6,11,-5
218000635,12,7,5
218000636,726,784,-58
218000637,912,419,493
218000638,214,35,179
218000639,19,129,-110
218000640,249,47,202
218000641,92,240,-148
218000652,34,51,-17
218000653,120,18,102
218000663,19,203,-184
218000675,80,73,7
218000680,180,320,-140
218000681,393,145,248
218000691,205,165,40
218000693,297,154,143
218000718,197,961,-764
218000719,476,494,-18
218000720,25,475,-450
218000721,161,23,138
218001147,7,159,-152
218001214,8,100,-92
218001258,339,17,322
218001329,143,108,35
218001330,140,86,54
218001351,22,25,-3
218001352,10,27,-17
218001353,13,7,6
218001354,9,24,-15
218001355,34,194,-160
218001356,431,32,399
218001357,49,153,-104
218001358,328,31,297
218001361,475,25,450
218001362,0,147,-147
219000001,55,32,23
219000002,46,41,5
219000003,55,28,27
219000004,44,51,-7
219000017,48,40,8
219000020,130,30,100
219000022,123,5,118
219000023,90,1,89
219000029,0,87,-87
219000034,45,20,25
219000039,33,140,-107
219000040,53,136,-83
219000041,121,23,98
219000051,0,29,-29
219000052,0,22,-22
219000053,3,65,-62
219000055,204,4,200
219000056,8,0,8
219000057,67,0,67
219000062,36,65,-29
219000063,56,16,40
219000064,4,82,-78
219000110,306,120,186
219000111,113,52,61
219000112,203,55,148
219000113,165,58,107
219000114,214,68,146
219000116,98,38,60
219000117,120,39,81
219000118,141,58,83
219000123,198,81,117
219000124,70,46,24
219000125,25,12,13
219000126,57,96,-39
219000127,1,4,-3
219000128,6,151,-145
219000129,20,125,-105
219000130,376,436,-60
219000131,601,755,-154
219000133,52,73,-21
219000134,19,29,-10
219000135,26,57,-31
219000136,110,207,-97
219000138,81,33,48
219000139,46,36,10
219000140,82,2,80
219000141,30,103,-73
219000142,22,44,-22
219000143,14,79,-65
219000145,17,52,-35
219000146,7,22,-15
219000147,4,12,-8
219000148,5,17,-12
219000149,8,85,-77
219000150,2,31,-29
219000151,1,24,-23
219000157,258,103,155
219000158,214,226,-12
219000161,115,12,103
219000163,1135,448,687
219000166,130,171,-41
219000167,156,159,-3
219000168,215,147,68
219000174,417,151,266
219000175,59,10,49
219000176,87,13,74
219000177,37,5,32
219000178,49,2,47
219000179,17,9,8
219000180,50,29,21
219000182,127,20,107
219000183,62,30,32
219000184,118,25,93
219000185,1,29,-28
219000186,69,12,57
219000187,36,56,-20
219000189,48,163,-115
219000190,60,211,-151
219000191,586,1198,-612
219000192,191,146,45
219000193,181,165,16
219000195,1,50,-49
219000196,3,92,-89
219000198,18,88,-70
219000199,57,201,-144
219000200,34,162,-128
219000201,70,186,-116
219000203,26,128,-102
219000204,75,302,-227
219000205,57,172,-115
219000207,158,226,-68
219000209,35,50,-15
219000210,16,63,-47
219000213,9,110,-101
219000239,183,207,-24
219000240,163,307,-144
219000241,119,125,-6
219000242,56,120,-64
219000243,61,140,-79
219000244,9,49,-40
219000245,34,53,-19
219000246,40,34,6
219000247,191,34,157
219000248,546,461,85
219000249,96,87,9
219000250,135,101,34
219000251,456,297,159
219000252,248,157,91
219000253,528,141,387
219000255,117,92,25
219000256,211,94,117
219000257,97,0,97
219000262,114,114,0
219000263,78,165,-87
219000267,3,61,-58
219000268,3,2,1
219000269,3,0,3
219000270,7,0,7
219000271,121,3,118
219000278,1,7,-6
219000279,4,4,0
219000283,0,9,-9
219000295,10,49,-39
219000296,60,282,-222
219000297,18,87,-69
219000298,24,95,-71
219000299,342,77,265
219000300,24,144,-120
219000301,273,290,-17
219000302,26,264,-238
219000307,39,30,9
219000308,62,36,26
219000311,183,51,132
219000312,680,158,522
219000313,423,43,380
219000314,48,279,-231
219000315,260,48,212
219000316,523,54,469
219000317,110,11,99
219000320,0,76,-76
219000321,0,23,-23
219000323,3,43,-40
219000325,4,8,-4
219000326,91,80,11
219000327,55,21,34
219000328,22,54,-32
219000329,244,124,120
219000330,29,30,-1
219000331,63,49,14
219000332,101,91,10
219000333,26,5,21
219000335,71,2,69
219000337,17,0,17
219000338,95,3,92
219000344,8,31,-23
219000345,62,44,18
219000346,51,101,-50
219000348,196,56,140
219000349,51,124,-73
219000350,88,396,-308
219000351,3,8,-5
219000352,206,149,57
219000353,77,79,-2
219000354,203,80,123
219000355,118,73,45
219000356,825,1243,-418
219000363,214,65,149
219000364,115,59,56
219000365,71,24,47
219000366,245,350,-105
219000368,340,549,-209
219000370,779,567,212
219000371,16,24,-8
219000382,10,30,-20
219000383,535,970,-435
219000385,401,428,-27
219000386,659,1339,-680
219000387,3,16,-13
219000390,5,0,5
219000391,2,1,1
219000397,48,45,3
219000398,55,63,-8
219000401,2,74,-72
219000402,24,74,-50
219000403,139,298,-159
219000404,25,120,-95
219000407,7,41,-34
219000409,56,36,20
219000410,156,52,104
219000411,66,14,52
219000446,112,300,-188
219000447,3,25,-22
219000448,13,8,5
219000452,104,103,1
219000453,85,152,-67
219000454,169,269,-100
219000556,272,94,178
219000558,138,123,15
219000590,20,119,-99
219000591,95,122,-27
219000592,63,294,-231
219000595,0,11,-11
219000635,218,59,159
219000636,40,94,-54
219000657,27,24,3
219000658,18,108,-90
219000673,0,46,-46
219000676,43,12,31
219000679,32,7,25
219000684,87,5,82
219000685,2,31,-29
219000686,0,10,-10
219000688,2,50,-48
219000689,12,165,-153
219000690,117,17,100
219000691,48,178,-130
219000692,206,16,190
219000693,0,15,-15
219000694,7,0,7
219000695,24,3,21
219000698,22,0,22
219000699,0,17,-17
219000727,1,76,-75
219000728,143,0,143
219000770,74,0,74
219000771,13,52,-39
219000788,311,342,-31
219001150,0,19,-19
219001151,1,4,-3
219001166,58,33,25
219001167,9,67,-58
219001178,63,1,62
220000001,48,82,-34
220000002,13,83,-70
220000003,262,137,125
220000004,393,341,52
220000005,811,1078,-267
220000006,352,701,-349
220000007,377,395,-18
220000008,328,546,-218
220000009,275,415,-140
220000010,144,90,54
220000011,433,2511,-2078
220000012,120,219,-99
220000014,145,63,82
220000015,61,240,-179
220000017,54,208,-154
220000018,3279,999,2280
220000019,110,302,-192
220000020,420,298,122
220000021,947,268,679
220000022,926,370,556
220000023,418,153,265
220000024,1476,416,1060
220000025,679,1018,-339
220000026,259,338,-79
220000027,76,118,-42
220000028,48,60,-12
220000029,466,328,138
220000030,111,115,-4
220000031,452,467,-15
220000064,24,793,-769
221000046,3,0,3
221000047,0,2,-2
221000048,0,2,-2
221000049,0,18,-18
221000050,21,0,21
221000055,40,30,10
221000068,263,156,107
221000069,322,72,250
221000070,153,22,131
221000071,102,13,89
221000072,228,17,211
221000073,153,42,111
221000074,1,18,-17
221000075,15,15,0
221000076,20,41,-21
221000077,24,142,-118
221000081,46,6,40
221000082,65,7,58
221000083,24,8,16
221000084,6,1,5
221000085,19,60,-41
221000086,10,62,-52
221000087,6,112,-106
221000088,22,144,-122
221000089,20,157,-137
221000090,103,402,-299
221000098,113,19,94
221000099,196,19,177
221000100,96,10,86
221000101,247,23,224
221000103,12,30,-18
221000104,6,56,-50
221000107,48,4,44
221000108,67,19,48
221000111,24,216,-192
221000112,9,152,-143
221000113,13,122,-109
221000114,8,112,-104
221000120,41,20,21
221000121,3,38,-35
221000122,27,44,-17
221000123,21,16,5
221000124,24,133,-109
221000155,63,10,53
221000156,67,37,30
221000175,2,7,-5
221000176,2,1,1
221000182,74,5,69
221000241,599,269,330
221000242,131,441,-310
221000243,555,232,323
221000244,166,459,-293
221000245,113,101,12
221000246,58,284,-226
221000247,139,133,6
221000248,175,134,41
221000267,73,464,-391
221000325,115,69,46
221000331,12,60,-48
221000338,11,12,-1
221000378,152,24,128
221000381,44,49,-5
222000282,5,0,5
222000296,5,16,-11
222000568,294,18,276
222000569,181,42,139
222000570,146,21,125
222000571,281,10,271
222000577,6,99,-93
222000578,6,92,-86
222000579,23,128,-105
222000580,66,679,-613
222000599,0,100,-100
222000600,4,246,-242
222000601,5,690,-685
222000603,9,63,-54
222000604,5,47,-42
222000605,18,20,-2
222000606,1,8,-7
222000607,2,6,-4
222000608,27,12,15
222000609,54,126,-72
222000616,295,53,242
222000617,2,15,-13
222000618,13,12,1
222000620,22,12,10
222000621,53,18,35
222000623,481,7,474
222000624,349,2,347
222000625,525,22,503
222000636,46,2,44
222000686,23,24,-1
222000687,38,23,15
222001066,177,6,171
222001067,13,3,10
222001068,53,20,33
222001069,55,18,37
222001082,18,27,-9
222001083,9,28,-19
222001084,1,59,-58
222001085,3,72,-69
222001111,37,118,-81
222001112,133,16,117
222001313,33,2,31
222001314,8,112,-104
222001464,168,31,137
222001465,41,87,-46
222001484,91,40,51
222001485,33,40,-7
222001494,394,120,274
222001495,94,177,-83
222001496,283,84,199
222001497,103,294,-191
222001503,86,26,60
222001504,21,145,-124
222001505,268,13,255
222001506,30,270,-240
222001507,252,32,220
222001510,463,31,432
222001514,511,132,379
222001518,270,56,214
222001519,68,241,-173
222001527,146,69,77
222001529,289,36,253
222001530,29,144,-115
222001533,159,206,-47
222001534,230,43,187
222001535,279,233,46
222001536,49,187,-138
222001537,304,37,267
222001538,163,734,-571
222001563,733,99,634
222001564,44,283,-239
222001568,399,183,216
222001576,1,4,-3
222001579,1,15,-14
222001583,17,108,-91
222001584,79,10,69
222001596,529,1482,-953
222001597,1723,414,1309
222001626,0,129,-129
222001650,128,154,-26
222001651,92,239,-147
222001914,157,55,102
222001915,81,405,-324
222001968,473,240,233
222001969,405,501,-96
222001970,186,160,26
222001971,18,7,11
222001972,0,10,-10
225000001,375,150,225
225000002,564,140,424
225000003,557,63,494
225000004,433,166,267
225000005,71,36,35
225000006,1,157,-156
225000007,1127,1054,73
225000010,237,14,223
225000011,288,832,-544
225000012,227,458,-231
225000013,53,92,-39
225000014,640,91,549
225000015,77,110,-33
225000021,609,125,484
225000027,186,372,-186
225000032,662,83,579
225000042,74,462,-388
225000049,29,45,-16
225000050,84,12,72
225000053,5,256,-251
225000058,707,160,547
225000067,152,145,7
225000068,88,213,-125
225000069,103,378,-275
225000070,77,330,-253
225000071,43,108,-65
225000075,30,471,-441
225000076,79,102,-23
225000078,65,28,37
225000085,85,166,-81
225000086,298,76,222
225000087,152,13,139
225000088,15,177,-162
225000089,209,772,-563
225000090,31,366,-335
225000091,175,128,47
225000092,26,50,-24
225000093,184,228,-44
225000094,30,230,-200
225000095,234,249,-15
225000096,283,324,-41
225000098,628,242,386
225000099,268,165,103
225000100,377,115,262
225000104,76,315,-239
225000110,6,307,-301
225000111,168,713,-545
225000112,223,790,-567
225000113,154,564,-410
225000114,38,251,-213
225000115,1094,450,644
225000116,887,171,716
225000117,713,241,472
225000118,922,201,721
225000119,249,85,164
225000120,567,23,544
225000121,171,19,152
225000123,510,10,500
225000125,384,150,234
225000126,790,142,648
225000127,657,1120,-463
225000128,525,707,-182
225000132,421,16,405
225000133,180,23,157
225000134,679,134,545
225000135,47,7,40
225000136,318,13,305
225000137,235,55,180
225000138,398,83,315
225000143,40,162,-122
225000144,2,243,-241
225000145,47,31,16
225000146,59,91,-32
225000147,39,220,-181
225000148,2,144,-142
225000149,74,285,-211
225000151,33,131,-98
225000155,363,406,-43
225000156,170,602,-432
225000157,210,302,-92
225000158,42,203,-161
225000171,17,184,-167
225000180,52,1,51
225000181,0,44,-44
225000182,70,2,68
225000185,4,339,-335
225000187,37,297,-260
225000191,64,1,63
225000194,0,12,-12
225000208,3,40,-37
225000209,82,7,75
225000210,6,191,-185
225000217,0,29,-29
225000218,8,2,6
225000223,0,61,-61
225000224,32,2,30
225000225,1,36,-35
225000226,40,0,40
225000227,36,73,-37
225000228,11,6,5
225000229,0,75,-75
225000230,23,1,22
225000231,0,62,-62
225000232,129,0,129
225000241,104,4,100
225000242,6,49,-43
225000249,5,0,5
225000250,56,502,-446
225000251,340,26,314
226000042,132,208,-76
226000043,125,313,-188
226000044,117,333,-216
226000045,80,459,-379
226000046,448,88,360
226000047,381,112,269
226000048,392,97,295
226000049,336,168,168
226000070,0,26,-26
226000071,0,46,-46
226000072,0,22,-22
226000073,0,10,-10
226000074,0,7,-7
226000084,1,30,-29
226000085,6,23,-17
226000086,3,12,-9
226000087,1,11,-10
226000088,12,24,-12
226000090,307,181,126
226000091,12,73,-61
226000092,3,11,-8
226000093,23,0,23
226000094,3,1,2
226000095,13,8,5
226000105,15,0,15
226000106,7,0,7
226000107,8,0,8
226000108,21,0,21
226000109,70,2,68
226000124,95,49,46
226000134,752,477,275
226000135,1256,558,698
226000136,590,410,180
226000137,7,138,-131
226000138,12,208,-196
226000139,2,58,-56
226000156,161,8,153
226000157,199,10,189
226000163,183,253,-70
226000202,18,299,-281
226000231,602,8,594
226000232,26,5,21
227000033,444,82,362
227000036,41,6,35
227000037,319,32,287
227000038,263,57,206
227000049,0,24,-24
227000050,2,61,-59
227000055,79,2,77
227000056,31,1,30
227000084,0,57,-57
227000085,2,59,-57
227000088,36,5,31
227000089,113,0,113
227000090,41,4,37
227000091,27,2,25
227000093,138,0,138
227000094,11,1,10
227000130,50,79,-29
227000131,14,131,-117
227000132,14,135,-121
227000133,17,136,-119
227000134,25,216,-191
227000152,0,10,-10
227000153,2,49,-47
227000155,2,23,-21
227000156,2,12,-10
227000165,1,41,-40
227000196,265,192,73
227000199,367,243,124
227000230,11,335,-324
227000232,283,14,269
227000241,298,61,237
227000242,44,347,-303
227000243,424,102,322
227000245,18,233,-215
227000246,88,352,-264
227000247,376,84,292
227000248,192,33,159
227000249,34,137,-103
227000250,373,173,200
227000251,91,238,-147
227000252,18,167,-149
227000253,160,15,145
227000262,407,77,330
227000266,844,26,818
227000267,28,847,-819
227000282,1,35,-34
227000284,166,8,158
227000286,0,13,-13
227000287,2,15,-13
227000291,0,77,-77
227000484,73,19,54
227000485,5,194,-189
227000655,239,5,234
227000656,153,13,140
227000657,92,5,87
227000661,95,15,80
227000680,103,63,40
229000265,11,25,-14
229000296,0,10,-10
229000297,1,17,-16
229000298,7,77,-70
229000320,12,7,5
229000321,17,3,14
229000412,10,47,-37
229000414,4,66,-62
229000415,20,3,17
229000416,1,13,-12
229000417,1,11,-10
229000419,67,243,-176
229000440,300,44,256
229000442,14,1,13
229000443,2,0,2
229000444,1,18,-17
229000445,42,7,35
229000446,34,12,22
229000847,29,1,28
229000848,13,0,13
229000849,53,1,52
229000851,37,0,37
229000854,0,23,-23
229000856,0,83,-83
229000857,0,15,-15
229000858,1,33,-32
229000919,24,85,-61
229000930,3,227,-224
229000937,86,19,67
229000966,64,15,49
229000981,17,17,0
229000985,10,20,-10
229000986,0,2,-2
229000987,0,2,-2
229000988,6,5,1
229000989,7,4,3
229000990,0,0,0
229000991,0,0,0
229000992,6,4,2
229000993,72,6,66
229000998,16,40,-24
229000999,57,9,48
229001034,1,9,-8
229001035,5,1,4
229001037,32,6,26
229001042,10,5,5
229001047,5,36,-31
229001050,25,46,-21
229001200,9,5,4
229001338,1,8,-7
229001394,184,2,182
229001422,97,16,81
229001423,21,125,-104
229001431,74,46,28
229001432,41,65,-24
229001444,127,42,85
229001445,33,120,-87
229001503,222,91,131
229001504,154,168,-14
229001505,131,35,96
229001506,80,112,-32
229001509,27,17,10
229001545,97,2,95
229001546,12,86,-74
229001553,108,10,98
229001554,22,80,-58
229001559,1,2,-1
229001560,1,7,-6
229001630,54,10,44
229001631,4,17,-13
229001635,0,9,-9
229001636,6,1,5
229001658,0,73,-73
229001659,67,2,65
229001660,16,6,10
229001661,5,9,-4
229001662,14,0,14
229001663,0,17,-17
229002584,156,101,55
229002831,76,115,-39
229002841,11,16,-5
229002842,6,8,-2
229002843,42,18,24
229002844,32,32,0
229002845,11,63,-52
229002846,28,5,23
229002847,1,5,-4
229002848,8,9,-1
229002849,3,78,-75
229002850,9,1,8
229002851,32,83,-51
229002852,124,9,115
229002853,103,15,88
229002854,44,33,11
229002855,7,25,-18
229002856,25,6,19
229002857,11,92,-81
229002858,17,7,10
229002859,19,44,-25
229002860,160,5,155
229002861,15,17,-2
229002862,20,15,5
229002863,21,16,5
229002864,18,30,-12
229002865,9,6,3
229002866,14,17,-3
229002867,2,16,-14
229002868,9,20,-11
229002869,27,87,-60
229002870,65,9,56
235000066,292,71,221
235000067,106,120,-14
235000072,21,61,-40
235000073,73,294,-221
235000074,26,50,-24
235000080,7,99,-92
235000081,104,126,-22
235000082,253,35,218
235000083,142,62,80
235000084,34,46,-12
235000085,129,55,74
235000089,27,29,-2
235000092,29,140,-111
235000093,6,4,2
235000097,2,6,-4
235000098,64,10,54
235000099,48,15,33
235000116,51,20,31
235000117,508,18,490
235000133,9,404,-395
235000134,14,157,-143
235000206,11,2,9
235000207,4,2,2
235000208,2,3,-1
235000209,27,3,24
235000210,4,4,0
235000212,5,37,-32
235000213,0,13,-13
235000220,18,7,11
235000238,6,133,-127
235000239,2,30,-28
235000242,279,798,-519
235000245,666,187,479
235000246,20,63,-43
235000284,16,137,-121
235000295,115,10,105
235000305,239,29,210
235000306,232,7,225
235000307,13,3,10
235000308,19,1,18
235000309,48,0,48
235000310,20,0,20
235000311,71,15,56
235000322,0,27,-27
235000323,1,53,-52
235000324,2,14,-12
235000325,1,11,-10
235000326,1,121,-120
235000351,5,55,-50
235000352,9,39,-30
235000353,1,14,-13
235000354,11,35,-24
235000355,13,56,-43
235000356,71,3,68
235000357,65,5,60
235000358,207,8,199
235000359,21,12,9
235000360,29,17,12
235000361,44,14,30
235000381,97,208,-111
235000382,131,19,112
235000390,13,3,10
235000391,142,23,119
235000392,242,310,-68
235000393,128,143,-15
235000395,117,29,88
235000396,426,71,355
235000400,65,77,-12
235000401,19,108,-89
235000405,99,276,-177
235000406,60,208,-148
235000407,152,89,63
235000409,293,128,165
235000410,51,199,-148
235000411,1,77,-76
235000485,1,9,-8
235000486,7,0,7
235000549,78,66,12
235000550,86,152,-66
235000599,115,42,73
235000600,14,9,5
235000601,6,15,-9
235000602,48,50,-2
235000614,2,2,0
235000648,3,13,-10
235000649,27,4,23
235000685,0,11,-11
235000815,31,86,-55
235000834,0,21,-21
235000855,43,56,-13
235000862,49,142,-93
235000891,0,14,-14
235000892,18,3,15
235000901,75,87,-12
235000907,3,11,-8
235001010,63,50,13
235001029,474,370,104
235001030,318,240,78
235001078,104,95,9
235001079,125,84,41
235001147,34,55,-21
235001166,32,66,-34
235001167,74,37,37
235001169,21,238,-217
235001188,3,12,-9
235001189,10,0,10
235001197,14,20,-6
235001200,56,34,22
235001207,432,31,401
235001210,66,169,-103
235001215,43,155,-112
235001239,2,51,-49
235001244,1,9,-8
235016267,0,46,-46
277102712,1,0,1
277103813,0,0,0
277103814,0,0,0
277104249,0,0,0
277104250,0,6,-6
277104251,0,3,-3
277104252,0,0,0
990011530,1,132,-131
990014944,0,264,-264
990015176,71,4,67
990016032,2,153,-151
990032570,0,33,-33
990070001,39,1,38
990070103,0,2,-2
990070601,0,27,-27
990070751,870,28,842
990070766,1,312,-311
990071180,402,141,261
990071343,16,2,14
990071387,0,14,-14
990071823,32,0,32
990072600,1,882,-881
990072964,0,295,-295
990073285,0,2,-2
990074393,2,480,-478
990074870,1382,9,1373
990075106,1195,5,1190
990075746,582,26,556
990076437,1249,4,1245
990076458,0,527,-527
997000007,493,4,489
997000041,0,148,-148
997000058,38,0,38
997000062,9,0,9
997000069,0,4,-4
997000070,0,23,-23
997000100,20,1,19
997000141,2,825,-823
997000198,188,841,-653
998000475,0,33,-33
998000736,1,178,-177
998000965,1,6,-5
998001031,0,73,-73
998001700,0,15,-15
998001899,0,2,-2
998001900,13,1,12
998003073,828,4,824
998101900,0,0,0
998102850,3,191,-188
998501927,785,672,113
998501929,109,3,106
998501930,48,5,43
998501931,138,47,91
998501932,6,0,6
998501933,34,1,33
998501937,4,0,4
998501944,2,1,1
998501950,0,40,-40
998501970,39,3,36
998501971,0,56,-56
998501973,0,32,-32
998501974,0,175,-175
998501975,91,1,90
998501976,126,1,125
998501977,0,16,-16
998501978,9,2,7
998501979,1,10,-9
998501980,53,1,52
998501981,61,20,41
998501982,0,71,-71
998501983,0,0,0
998502006,0,0,0
998502024,0,7,-7
998502032,0,1,-1
998502062,14,0,14
998502063,0,0,0
998502173,65,1,64
998502269,0,5,-5
998502546,0,101,-101
998502578,0,0,0
998502599,46,201,-155
998502621,0,1,-1
998601159,0,104,-104
998601292,0,10,-10
999033574,0,293,-293
999800001,15,0,15
999800002,0,2,-2
999800003,2,4,-2
999800004,0,7,-7
999800005,0,9,-9
