ID,insum,outsum,diff
100000001,727,1132,-405
100000002,3702,3149,553
100000003,5994,5308,686
100000004,1405,1200,205
100000005,2520,5487,-2967
100000006,539,173,366
100000007,1989,908,1081
100000008,174,795,-621
100000009,435,440,-5
100000010,49,99,-50
100000011,1104,151,953
100000012,129,964,-835
100000013,54,230,-176
100000014,352,364,-12
100000015,2141,2352,-211
100000016,1149,1617,-468
100000017,629,979,-350
100000018,1423,674,749
100000019,3978,2092,1886
100000020,2214,6017,-3803
100000021,5820,2540,3280
100000022,1860,2984,-1124
100000023,5085,2112,2973
100000025,1703,1604,99
100000028,2032,1418,614
100000029,293,400,-107
100000030,280,82,198
100000031,4691,6730,-2039
100000032,2330,3828,-1498
100000033,1010,2296,-1286
100000034,460,792,-332
100000035,2015,2099,-84
100000036,2268,1706,562
100000037,804,478,326
100000038,2264,1104,1160
100000039,564,277,287
100000040,189,171,18
100000041,1604,624,980
100000042,1562,616,946
100000043,1180,435,745
100000044,390,998,-608
100000045,602,2134,-1532
100000046,1162,915,247
100000047,378,595,-217
100000048,407,579,-172
100000049,1661,1866,-205
100000051,525,966,-441
100000053,243,4,239
100000054,620,53,567
100000055,1682,315,1367
100000056,704,474,230
100000057,2040,712,1328
100000058,1088,1268,-180
100000059,44,151,-107
100000060,367,385,-18
100000061,2783,548,2235
100000062,2006,702,1304
100000063,884,300,584
100000064,1533,304,1229
100000065,510,814,-304
100000066,245,558,-313
100000067,463,810,-347
100000068,530,1792,-1262
100000069,332,1460,-1128
100000072,280,913,-633
100000073,988,1145,-157
100000075,739,265,474
100000076,2126,2805,-679
100000077,312,262,50
100000078,37,25,12
100000079,53,52,1
100000080,34,74,-40
100000081,212,188,24
100000102,2962,2609,353
100000103,2977,1948,1029
100000104,4962,3203,1759
100000105,3047,1998,1049
100000106,2889,2769,120
100000107,789,1227,-438
100000108,933,1130,-197
100000109,2614,1476,1138
100000116,1474,1242,232
100000117,126,113,13
100000118,1521,1469,52
100000119,604,883,-279
100000121,260,472,-212
100000122,843,1074,-231
100000123,2657,4882,-2225
100000124,5292,8170,-2878
100000125,4196,2169,2027
100000126,818,452,366
100000127,1512,383,1129
100000128,1656,3286,-1630
100000129,454,423,31
100000130,490,533,-43
100000131,2444,3070,-626
100000132,1364,3295,-1931
100000133,5000,2620,2380
100000135,651,1302,-651
100000139,487,381,106
100000140,458,422,36
100000142,515,602,-87
100000143,1446,603,843
100000144,3180,796,2384
100000147,1327,3380,-2053
100000150,69,440,-371
100000151,1415,1382,33
100000153,286,548,-262
100000154,72,392,-320
100000155,32,58,-26
100000156,475,464,11
100000157,156,137,19
100000158,296,120,176
100000159,287,577,-290
100000165,1560,997,563
100000169,336,697,-361
100000174,683,718,-35
100000179,99,586,-487
100000180,1543,1763,-220
100000181,658,300,358
100000188,91,269,-178
100000189,1000,371,629
100000190,871,1015,-144
100000191,824,774,50
100000192,47,166,-119
100000193,378,217,161
100000330,1402,990,412
100000355,271,682,-411
100000362,4866,3221,1645
100000363,4992,4898,94
100000364,315,313,2
100000365,6463,7793,-1330
100000366,6432,3541,2891
100000367,6136,7431,-1295
100000368,2805,1704,1101
100000369,1545,2398,-853
100000370,241,1071,-830
100000376,133,205,-72
100000379,2425,1817,608
100000380,4867,4903,-36
100000384,6509,6214,295
100000385,5127,5670,-543
100000386,8910,6066,2844
100000387,6104,6932,-828
100000388,8010,7699,311
100000389,8866,7945,921
100000390,9790,7748,2042
100000391,7560,10243,-2683
100000392,4109,4685,-576
100000393,3458,6027,-2569
100000394,9088,10207,-1119
100000395,7070,5153,1917
100000396,8437,4361,4076
100000397,5759,7959,-2200
100000398,11004,8770,2234
100000413,0,1,-1
100900002,19,40,-21
100900003,402,215,187
100900004,23,813,-790
100900005,148,25,123
100900006,42,111,-69
100900007,552,13,539
100900008,6,390,-384
100900009,100,189,-89
100900010,114,67,47
100900011,143,187,-44
100900012,5,164,-159
100900013,858,19,839
100900014,9,20,-11
100900015,82,87,-5
100900016,0,46,-46
100900017,973,108,865
100900018,0,15,-15
100900019,43,140,-97
100900020,333,9,324
100900021,468,3,465
100900022,23,49,-26
100900023,0,36,-36
100900024,825,6,819
100900025,24,17,7
100900026,132,107,25
100900027,706,2684,-1978
100900028,131,208,-77
100900029,58,11,47
100900030,1,100,-99
100900031,657,86,571
100900032,300,3,297
100900033,323,248,75
100900034,596,3,593
100900035,525,0,525
100900036,15,5,10
100900037,146,199,-53
100900038,127,74,53
100900039,301,518,-217
100900040,500,667,-167
100900041,841,577,264
100900042,1553,1584,-31
100900043,0,14,-14
100900044,1902,549,1353
100900045,26,1,25
100900046,1291,13,1278
100900047,838,275,563
100900048,256,45,211
100900049,84,165,-81
100900050,7,7,0
100900051,32,147,-115
100900052,635,51,584
100900053,483,18,465
100900054,9,63,-54
100900055,277,723,-446
100900056,168,255,-87
100900057,1466,1185,281
100900058,329,51,278
100900059,194,5,189
100900060,226,4,222
100900061,426,247,179
100900062,10,47,-37
100900063,339,716,-377
100900064,751,37,714
100900065,113,103,10
100900066,191,217,-26
100900067,9,14,-5
100900068,102,78,24
100900069,307,5,302
100900070,397,8,389
100900071,852,246,606
100900072,4,31,-27
100900073,171,388,-217
100900074,1,14,-13
100900075,1775,427,1348
100900076,24,36,-12
100900077,38,80,-42
100900078,141,381,-240
100900079,6,22,-16
100900080,36,140,-104
100900081,43,151,-108
100900082,148,455,-307
100900083,14,41,-27
100900085,28,441,-413
100900086,150,731,-581
100900088,172,500,-328
100900089,2,16,-14
100900090,146,557,-411
100900091,1,29,-28
100900092,328,177,151
100900093,272,319,-47
100900094,173,438,-265
100900095,2,33,-31
100900096,30,135,-105
100900097,1,2,-1
100900098,21,30,-9
100900099,30,571,-541
100900100,19,599,-580
100900101,320,55,265
100900102,88,190,-102
100900103,14,27,-13
100900104,10,222,-212
100900105,51,638,-587
100900106,61,10,51
100900107,2038,888,1150
100900108,11,50,-39
100900109,53,33,20
100900110,4,28,-24
100900111,43,195,-152
100900112,7,15,-8
100900113,23,27,-4
100900114,17,10,7
100900115,4,46,-42
100900116,994,755,239
100900117,350,909,-559
100900118,165,119,46
100900119,19,23,-4
100900120,5,11,-6
100900121,411,665,-254
100900122,164,202,-38
100900123,79,235,-156
100900124,14,6,8
100900125,19,84,-65
100900126,180,195,-15
100900127,6,7,-1
100900128,109,177,-68
100900129,0,220,-220
100900131,74,316,-242
100900133,64,66,-2
100900134,3,2,1
100900135,0,199,-199
100900137,367,244,123
100900138,514,582,-68
100900139,21,0,21
100900140,7,489,-482
100900141,4,539,-535
100900142,1,15,-14
100900143,726,498,228
100900144,14,16,-2
100900145,116,194,-78
100900146,9,51,-42
100900147,14,426,-412
100900148,54,569,-515
100900149,26,169,-143
100900150,2,48,-46
100900151,162,647,-485
100900152,206,8,198
100900153,6,196,-190
100900154,25,151,-126
100900155,26,20,6
100900156,41,9,32
100900157,20,278,-258
100900159,31,79,-48
100900160,23,8,15
100900161,69,8,61
100900162,24,641,-617
100900163,186,171,15
100900164,50,46,4
100900165,10,30,-20
100900166,31,6,25
100900167,25,97,-72
100900168,27,176,-149
100900169,133,887,-754
100900170,33,10,23
100900171,16,502,-486
100900172,0,16,-16
100900173,5,325,-320
100900174,596,79,517
100900176,1572,228,1344
100900177,742,318,424
100900178,295,133,162
100900179,331,642,-311
100900180,5,4,1
100900181,90,57,33
100900182,28,47,-19
100900184,15,129,-114
100900186,600,487,113
100900187,18,70,-52
100900188,25,11,14
100900189,1295,245,1050
100900191,1214,1270,-56
100900192,242,449,-207
100900195,99,140,-41
100900197,62,47,15
100900198,63,155,-92
100900199,6,8,-2
100900200,726,495,231
100900201,62,727,-665
100900202,64,2,62
100900203,6,145,-139
100900204,418,780,-362
100900205,226,556,-330
100900206,227,97,130
100900207,274,171,103
100900210,66,440,-374
100900211,641,185,456
100900213,157,93,64
100900214,559,157,402
100900215,26,60,-34
100900217,178,122,56
101000001,4114,2552,1562
101000002,6225,6427,-202
101000003,551,1595,-1044
101000004,8046,7110,936
101000005,3955,5118,-1163
101000006,6556,7258,-702
101000007,3103,4279,-1176
101000008,2948,2754,194
101000009,2217,1387,830
101000010,934,1151,-217
101000011,1436,595,841
101000012,1423,888,535
101000013,724,1306,-582
101000014,491,648,-157
101000015,1207,849,358
101000016,424,567,-143
101000017,658,592,66
101000018,3290,2746,544
101000020,2680,1156,1524
101000021,888,450,438
101000022,261,128,133
101000023,1480,819,661
101000025,251,442,-191
101000026,272,42,230
101000027,2014,2577,-563
101000028,874,276,598
101000029,391,1979,-1588
101000030,2009,147,1862
101000031,1265,1094,171
101000032,9082,5421,3661
101000033,2723,4026,-1303
101000034,2488,2014,474
101000035,1072,508,564
101000036,1808,1058,750
101000037,3288,2142,1146
101000039,2862,3118,-256
101000040,3665,4338,-673
101000041,11264,9583,1681
101000042,648,1592,-944
101000043,8281,9144,-863
101000045,1973,1184,789
101000046,4354,2067,2287
101000047,2857,4567,-1710
101000048,1039,789,250
101000049,961,2367,-1406
101000050,2872,3067,-195
101000051,2177,3466,-1289
101000052,1621,1291,330
101000053,1469,1918,-449
101000054,2646,1497,1149
101000055,1550,1660,-110
101000056,78,127,-49
101000057,2093,1359,734
101000058,1496,1462,34
101000059,2279,2436,-157
101000060,1979,763,1216
101000061,1080,1441,-361
101000062,1012,774,238
101000063,598,997,-399
101000064,1150,1287,-137
101000065,476,529,-53
101000066,1236,954,282
101000067,1614,1292,322
101000068,397,562,-165
101000069,501,135,366
101000070,1428,1357,71
101000071,2140,935,1205
101000072,1002,3576,-2574
101000073,1018,1456,-438
101000074,6250,4637,1613
101000075,5070,5772,-702
101000077,1671,1382,289
101000078,1200,2238,-1038
101000079,655,471,184
101000080,533,565,-32
101000081,2137,1711,426
101000082,3500,3109,391
101000083,3037,2519,518
101000084,1379,826,553
101000085,1724,1341,383
101000086,1228,1267,-39
101000087,999,1040,-41
101000088,1574,1366,208
101000089,1289,1713,-424
101000090,2249,1262,987
101000091,464,802,-338
101000092,972,997,-25
101000093,1443,904,539
101000094,1133,1070,63
101000095,479,621,-142
101000096,394,563,-169
101000097,641,539,102
101000098,444,637,-193
101000099,1158,1151,7
101000100,1135,1122,13
101000101,441,507,-66
101000102,910,591,319
101000103,984,642,342
101000104,411,687,-276
101000105,569,678,-109
101000106,788,1289,-501
101000107,310,407,-97
101000108,951,331,620
101000109,434,89,345
101000110,56,475,-419
101000111,150,217,-67
101000113,222,729,-507
101000114,9446,8100,1346
101000115,190,152,38
101000116,187,126,61
101000117,1757,402,1355
101000119,81,78,3
101000120,157,80,77
101000121,82,56,26
101000122,150,115,35
101000123,67,122,-55
101000124,539,233,306
101000125,229,464,-235
101000128,531,536,-5
101000130,304,419,-115
101000131,878,573,305
101000132,697,928,-231
101000135,50,56,-6
101000136,479,208,271
101000137,46,386,-340
101000141,1525,3588,-2063
101000147,881,482,399
101000148,1206,32,1174
101000149,168,247,-79
101000150,110,631,-521
101000151,296,51,245
101000152,309,301,8
101000153,556,338,218
101000154,346,969,-623
101000155,342,188,154
101000156,19,331,-312
101000157,55,37,18
101000160,81,65,16
101000163,255,402,-147
101000164,467,349,118
101000165,328,385,-57
101000166,304,470,-166
101000168,972,476,496
101000252,2220,987,1233
101000254,499,126,373
101000258,34,10,24
101000261,116,65,51
101000262,1273,2434,-1161
101000263,505,1529,-1024
101000265,107,845,-738
101000266,355,362,-7
101000269,32,13,19
101000290,1577,2584,-1007
101000293,50,80,-30
101000294,858,477,381
101000295,182,454,-272
101000301,834,653,181
101000304,2110,2854,-744
101000305,3150,1540,1610
101000328,95,407,-312
101900001,20,53,-33
101900002,0,16,-16
101900003,37,91,-54
101900004,9,89,-80
101900005,3440,2582,858
101900006,1389,72,1317
101900007,1003,288,715
101900008,91,449,-358
101900009,78,525,-447
101900010,923,713,210
101900011,307,1259,-952
101900012,310,306,4
101900013,1013,193,820
101900017,12,143,-131
101900018,1464,299,1165
101900019,261,123,138
101900020,92,86,6
101900021,0,56,-56
101900022,156,1053,-897
101900023,119,172,-53
101900026,118,41,77
101900027,21,130,-109
102000001,2682,4906,-2224
102000002,2673,1177,1496
102000003,3539,8218,-4679
102000004,6699,3312,3387
102000005,1440,2115,-675
102000006,1258,2062,-804
102000007,1763,4733,-2970
102000008,4069,1611,2458
102000009,6433,8416,-1983
102000010,5470,3485,1985
102000011,3336,3013,323
102000012,3463,3299,164
102000018,3211,2769,442
102000019,2329,1702,627
102000026,242,650,-408
102000029,360,283,77
102000030,118,392,-274
102000031,71,137,-66
102000032,573,299,274
102000033,280,409,-129
102000034,611,431,180
102000035,1242,750,492
102000036,13,259,-246
102000037,156,61,95
102000038,277,422,-145
102000039,200,86,114
102000040,514,320,194
102000041,247,449,-202
102000042,284,368,-84
102000043,346,288,58
102000044,459,461,-2
102000045,745,889,-144
102000046,1178,675,503
102000047,904,1053,-149
102000048,347,781,-434
102000049,1138,846,292
102000050,1292,1313,-21
102000051,490,682,-192
102000052,1232,835,397
102000053,1025,1050,-25
102000054,743,1323,-580
102000055,1282,687,595
102000056,1011,984,27
102000057,1632,609,1023
102000058,1265,1559,-294
102000059,1598,1506,92
102000060,1378,1052,326
102000061,1895,1971,-76
102000062,1923,1129,794
102000063,1149,1333,-184
102000064,629,739,-110
102000065,49,130,-81
102000066,827,828,-1
102000067,1876,2716,-840
102000068,8773,2622,6151
102000069,83,1853,-1770
102000070,1488,41,1447
102000071,6751,8495,-1744
102000072,2963,3717,-754
102000073,1517,1198,319
102000074,759,1123,-364
102000075,146,286,-140
102000076,208,447,-239
102000077,673,731,-58
102000078,901,692,209
102000079,228,213,15
102000080,248,210,38
102000081,370,765,-395
102000082,586,440,146
102000083,587,319,268
102000084,334,274,60
102000085,1957,1025,932
102000086,1171,1220,-49
102000087,1030,1684,-654
102000088,421,343,78
102000089,1304,412,892
102000090,610,1267,-657
102000091,1378,714,664
102000092,374,753,-379
102000093,512,687,-175
102000094,1106,728,378
102000095,1132,1413,-281
102000096,991,911,80
102000097,1003,1045,-42
102000098,666,895,-229
102000099,1093,962,131
102000100,792,1279,-487
102000101,1141,878,263
102000102,277,1346,-1069
102000103,1328,492,836
102000104,662,332,330
102000105,334,551,-217
102000106,973,643,330
102000107,1383,563,820
102000108,617,184,433
102000109,518,610,-92
102000110,1194,1240,-46
102000111,9,286,-277
102000112,133,115,18
102000113,22,32,-10
102000114,705,357,348
102000115,223,347,-124
102000116,371,465,-94
102000117,200,476,-276
102000118,1296,1207,89
102000119,1654,736,918
102000120,219,514,-295
102000121,1159,582,577
102000122,717,1074,-357
102000123,1398,1269,129
102000124,1525,1311,214
102000125,827,1018,-191
102000126,772,834,-62
102000127,1304,798,506
102000128,817,1225,-408
102000129,1592,853,739
102000130,757,785,-28
102000131,1980,810,1170
102000132,570,1112,-542
102000133,2023,1541,482
102000134,787,739,48
102000135,791,898,-107
102000136,1093,722,371
102000137,1057,1047,10
102000138,315,476,-161
102000139,153,490,-337
102000140,316,486,-170
102000141,500,889,-389
102000142,371,365,6
102000143,184,442,-258
102000144,404,353,51
102000145,432,458,-26
102000146,481,390,91
102000147,573,480,93
102000148,238,515,-277
102000149,163,363,-200
102000150,491,113,378
102000151,121,292,-171
102000152,195,162,33
102000153,1269,526,743
102000154,325,698,-373
102000155,104,352,-248
102000156,391,143,248
102000157,116,488,-372
102000158,618,645,-27
102000159,978,545,433
102000161,3720,2221,1499
102000162,209,216,-7
102000163,118,662,-544
102000164,1096,1278,-182
102000165,364,190,174
102000166,60,212,-152
102000167,313,281,32
102000168,388,202,186
102000169,135,475,-340
102000170,587,334,253
102000171,369,533,-164
102000172,304,636,-332
102000173,493,366,127
102000174,68,69,-1
102000175,135,100,35
102000176,78,35,43
102000178,243,394,-151
102000179,421,235,186
102000180,887,412,475
102000181,776,492,284
102000182,614,506,108
102000183,1883,1646,237
102000184,2010,717,1293
102000185,2950,1223,1727
102000186,1349,1797,-448
102000187,903,1316,-413
102000188,1024,1297,-273
102000189,2306,732,1574
102000190,844,2763,-1919
102000191,1288,476,812
102000192,1199,1545,-346
102000193,71,152,-81
102000194,73,140,-67
102000195,473,481,-8
102000196,284,371,-87
102000197,817,515,302
102000198,270,801,-531
102000199,1084,456,628
102000200,364,1163,-799
102000201,1076,426,650
102000202,8,105,-97
102000203,401,208,193
102000204,533,766,-233
102000205,1358,475,883
102000206,731,571,160
102000207,774,513,261
102000208,437,464,-27
102000209,63,70,-7
102000210,401,422,-21
102000211,533,253,280
102000212,320,6,314
102000213,7,300,-293
102000214,268,10,258
102000215,13,405,-392
102000216,45,71,-26
102000217,8,120,-112
102000218,332,217,115
102000219,383,264,119
102000225,674,669,5
102000226,4031,1413,2618
102000227,200,24,176
102000228,1,89,-88
102000229,40,62,-22
102000230,280,394,-114
102000231,277,416,-139
102000232,33,162,-129
102000233,433,698,-265
102000234,105,1142,-1037
102000236,258,80,178
102000237,470,121,349
102000238,165,275,-110
102000240,558,682,-124
102000241,202,122,80
102000243,19,78,-59
102000245,27,188,-161
102000246,18,36,-18
102000247,1266,1092,174
102000248,697,1404,-707
102000249,128,141,-13
102000250,82,374,-292
102000254,111,240,-129
102000266,44,344,-300
102000271,33,0,33
102000286,404,437,-33
102000297,2068,1046,1022
102000299,0,0,0
102000301,0,0,0
102000305,0,0,0
102000307,0,2,-2
102900001,1293,759,534
102900002,425,59,366
102900003,72,187,-115
102900005,438,342,96
102900006,590,178,412
102900007,572,31,541
102900008,304,74,230
102900009,694,485,209
102900010,376,797,-421
102900011,1732,407,1325
102900012,365,93,272
102900013,31,39,-8
102900015,714,541,173
102900016,81,86,-5
102900017,248,532,-284
102900018,67,107,-40
102900019,518,480,38
102900020,200,33,167
102900021,20,71,-51
102900022,656,234,422
102900023,25,35,-10
102900024,39,32,7
102900025,195,129,66
102900026,440,2191,-1751
102900027,96,70,26
102900028,183,806,-623
102900029,189,189,0
102900030,357,330,27
102900031,229,141,88
102900032,103,109,-6
102900033,170,191,-21
102900034,567,94,473
102900035,158,288,-130
102900036,291,471,-180
102900037,326,431,-105
102900038,469,470,-1
102900039,48,600,-552
102900040,144,270,-126
102900041,85,143,-58
102900042,219,292,-73
102900043,171,303,-132
102900044,552,1791,-1239
102900045,156,529,-373
102900046,131,237,-106
102900047,137,688,-551
102900048,685,600,85
102900049,136,359,-223
102900050,259,287,-28
102900051,197,141,56
102900052,71,79,-8
102900053,498,624,-126
102900054,690,1121,-431
102900055,152,232,-80
102900056,128,450,-322
102900057,22,73,-51
102900058,356,93,263
102900059,34,43,-9
102900060,139,447,-308
102900061,141,412,-271
102900062,330,886,-556
102900063,1281,499,782
102900064,155,388,-233
102900065,1340,452,888
102900066,390,44,346
102900068,114,85,29
102900070,253,519,-266
102900072,19,51,-32
102900073,113,12,101
102900075,23,77,-54
102900076,201,138,63
102900077,75,49,26
102900078,47,114,-67
102900079,218,12,206
102900080,409,39,370
102900081,85,275,-190
102900082,10,197,-187
102900083,224,35,189
102900084,10,47,-37
102900085,368,154,214
102900086,27,68,-41
102900087,115,155,-40
102900088,30,31,-1
102900089,259,107,152
102900090,3,330,-327
102900091,178,2,176
102900092,419,683,-264
102900093,360,289,71
102900094,19,104,-85
102900095,137,3,134
102900096,67,26,41
102900097,6,146,-140
102900098,26,5,21
103000001,2620,2440,180
103000002,2148,2616,-468
103000003,3760,3100,660
103000004,902,777,125
103000005,1807,2797,-990
103000006,815,1463,-648
103000007,434,668,-234
103000008,1011,725,286
103000009,1244,1060,184
103000010,131,105,26
103000011,1624,1463,161
103000012,1510,1628,-118
103000013,3945,2060,1885
103000014,1622,2758,-1136
103000015,1686,713,973
103000016,533,1359,-826
103000017,247,385,-138
103000018,740,349,391
103000019,309,310,-1
103000020,2915,1596,1319
103000021,2230,2203,27
103000022,878,1100,-222
103000023,654,1806,-1152
103000024,118,149,-31
103000025,110,629,-519
103000026,927,158,769
103000027,337,658,-321
103000028,322,425,-103
103000029,299,292,7
103000030,1522,990,532
103000031,1358,1800,-442
103000032,2272,1785,487
103000033,3053,2765,288
103000034,1585,1170,415
103000035,572,1463,-891
103000036,422,553,-131
103000037,631,508,123
103000038,601,1098,-497
103000039,441,333,108
103000040,630,861,-231
103000041,1577,2010,-433
103000042,1344,437,907
103000043,589,916,-327
103000044,279,182,97
103000046,395,452,-57
103000047,676,693,-17
103000048,219,223,-4
103000049,113,158,-45
103000050,688,507,181
103000051,552,567,-15
103000052,919,458,461
103000053,221,921,-700
103000054,2764,1474,1290
103000055,2012,2279,-267
103000056,795,1224,-429
103000057,698,263,435
103000058,699,794,-95
103000059,463,805,-342
103000060,890,682,208
103000061,467,1178,-711
103000062,1187,561,626
103000063,805,955,-150
103000064,177,184,-7
103000065,5,453,-448
103000066,258,6,252
103000069,431,402,29
103000070,1015,821,194
103000071,1329,591,738
103000072,141,643,-502
103000073,656,94,562
103000074,767,103,664
103000075,152,630,-478
103000076,343,422,-79
103000077,46,314,-268
103000078,1099,676,423
103000079,739,552,187
103000080,1050,374,676
103000081,618,1055,-437
103000082,594,253,341
103000083,139,299,-160
103000084,112,14,98
103000085,0,128,-128
103000086,618,430,188
103000087,157,605,-448
103000088,252,322,-70
103000089,327,498,-171
103000090,1997,795,1202
103000091,717,473,244
103000092,237,282,-45
103000093,321,340,-19
103000094,228,113,115
103000095,88,319,-231
103000096,648,123,525
103000097,103,712,-609
103000098,847,198,649
103000099,349,722,-373
103000100,109,700,-591
103000101,841,107,734
103000102,119,572,-453
103000103,701,141,560
103000104,62,84,-22
103000105,125,62,63
103000106,9,153,-144
103000107,172,66,106
103000108,769,542,227
103000109,428,384,44
103000110,514,429,85
103000111,588,618,-30
103000112,376,188,188
103000113,932,763,169
103000114,1570,572,998
103000115,569,499,70
103000116,605,365,240
103000117,458,562,-104
103000118,733,561,172
103000119,1105,489,616
103000120,58,135,-77
103000121,180,519,-339
103000122,417,454,-37
103000125,23,201,-178
103000126,707,2,705
103000127,1,171,-170
103000128,196,1,195
103000129,1,110,-109
103000130,61,50,11
103000131,138,105,33
103000132,75,141,-66
103000133,26,103,-77
103000134,594,791,-197
103000135,559,334,225
103000136,718,454,264
103000137,507,610,-103
103000138,855,780,75
103000139,3,68,-65
103000140,161,31,130
103000141,51,109,-58
103000142,151,87,64
103000143,67,214,-147
103000144,239,72,167
103000145,47,150,-103
103000150,71,59,12
103000152,184,274,-90
103000153,239,153,86
103000156,11,265,-254
103000157,410,1,409
103000159,173,56,117
103000162,97,26,71
103000163,21,51,-30
103000164,11,27,-16
103000165,101,223,-122
103000166,208,303,-95
103000167,181,139,42
103000168,104,192,-88
103000169,229,389,-160
103000170,855,327,528
103000171,59,101,-42
103000172,695,308,387
103000173,751,491,260
103000174,178,297,-119
103000175,346,244,102
103000176,883,672,211
103000177,568,395,173
103000178,190,261,-71
103000179,199,53,146
103000183,152,17,135
103000185,117,32,85
103000186,124,203,-79
103000187,659,344,315
103000188,22,75,-53
103000189,834,777,57
103000191,650,624,26
103000292,1540,1764,-224
103000293,1077,2548,-1471
103000295,100,84,16
103000296,282,8,274
103000297,30,76,-46
103000504,88,18,70
103000505,5,19,-14
103000506,3,207,-204
103000507,234,4,230
103000508,71,124,-53
103000509,234,572,-338
103900001,8,192,-184
103900002,1148,227,921
103900003,1500,154,1346
103900004,144,3,141
103900005,1,212,-211
103900006,2,2,0
103900007,78,4,74
103900008,10,1,9
103900009,290,568,-278
103900010,165,419,-254
103900011,408,188,220
103900012,9,17,-8
103900013,91,79,12
103900014,92,28,64
103900015,49,9,40
103900016,319,185,134
103900017,40,119,-79
103900018,663,234,429
103900019,95,410,-315
103900020,250,543,-293
103900021,441,57,384
103900022,1185,715,470
103900023,177,2,175
103900024,73,549,-476
103900025,15,48,-33
103900026,83,0,83
103900027,825,285,540
103900028,19,330,-311
103900029,1180,148,1032
103900030,366,101,265
103900031,27,3,24
103900032,111,82,29
103900033,136,18,118
103900034,34,164,-130
103900035,91,51,40
103900036,51,46,5
103900037,155,81,74
103900038,127,230,-103
103900039,107,266,-159
103900040,3,169,-166
103900041,55,67,-12
103900042,72,289,-217
103900043,177,84,93
103900044,121,224,-103
103900045,320,153,167
103900047,115,21,94
103900048,204,44,160
103900049,214,1297,-1083
103900050,25,163,-138
103900051,1,52,-51
103900052,251,410,-159
103900053,298,557,-259
103900054,133,393,-260
103900055,510,215,295
103900056,59,60,-1
103900057,24,155,-131
103900058,298,559,-261
103900059,0,22,-22
103900060,51,172,-121
103900061,213,63,150
103900062,295,98,197
103900063,2,0,2
103900064,116,2,114
103900065,864,468,396
103900066,176,53,123
103900067,195,10,185
103900068,13,0,13
103900069,94,21,73
103900070,152,307,-155
103900071,14,111,-97
103900072,9,164,-155
103900073,25,44,-19
103900074,76,65,11
103900075,294,82,212
103900076,626,551,75
103900077,61,110,-49
103900078,386,122,264
103900079,194,175,19
103900080,15,42,-27
103900081,68,27,41
103900082,24,134,-110
103900083,1433,1136,297
103900084,64,175,-111
103900085,100,156,-56
103900086,767,420,347
103900088,371,598,-227
103900089,73,179,-106
103900090,0,113,-113
103900091,1245,269,976
103900092,736,558,178
103900093,76,370,-294
103900094,18,130,-112
103900095,307,214,93
103900096,24,176,-152
103900097,9,461,-452
103900098,278,108,170
103900099,63,143,-80
103900100,221,314,-93
103900101,83,1015,-932
103900102,1,45,-44
103900104,2,26,-24
103900105,116,195,-79
103900106,0,54,-54
103900107,159,188,-29
103900108,58,271,-213
103900109,130,81,49
103900110,244,52,192
103900111,109,527,-418
103900112,123,174,-51
103900113,181,291,-110
103900114,403,360,43
103900115,340,245,95
103900116,5262,3199,2063
103900117,143,82,61
103900119,27,85,-58
103900120,105,78,27
103900122,104,357,-253
103900123,1242,676,566
103900124,54,469,-415
103900125,113,82,31
103900126,628,327,301
103900127,194,403,-209
103900128,162,156,6
103900131,67,138,-71
103900133,1065,42,1023
103900134,0,6,-6
103900135,0,2,-2
103900137,0,27,-27
103900138,134,192,-58
103900139,254,2066,-1812
103900140,11,173,-162
103900141,355,67,288
103900142,252,170,82
103900143,74,2,72
103900144,1,57,-56
103900145,171,272,-101
103900146,302,223,79
103900147,331,140,191
103900148,272,375,-103
103900149,425,637,-212
103900150,6029,4033,1996
103900151,45,167,-122
103900152,606,473,133
103900153,7,0,7
103900154,808,2055,-1247
103900155,62,197,-135
103900156,72,123,-51
103900157,39,155,-116
103900158,139,178,-39
103900159,212,67,145
103900160,55,32,23
103900161,119,191,-72
103900162,66,168,-102
103900163,8,493,-485
103900167,29,91,-62
103900168,92,106,-14
103900169,50,47,3
103900170,0,84,-84
103900171,1,56,-55
103900172,6,22,-16
103900173,12,11,1
103900174,217,52,165
103900175,55,84,-29
103900176,8,33,-25
103900177,5,64,-59
103900178,50,45,5
103900179,37,76,-39
103900180,27,114,-87
103900181,58,56,2
103900182,28,19,9
103900184,395,125,270
103900185,138,377,-239
103900187,27,68,-41
103900188,66,23,43
103900189,178,10,168
103900190,83,82,1
103900191,41,57,-16
103900192,24,98,-74
103900193,121,207,-86
103900194,73,250,-177
103900195,9,78,-69
103900196,81,68,13
103900197,26,21,5
103900198,15,34,-19
103900199,142,54,88
103900200,173,83,90
103900201,165,192,-27
103900202,12,48,-36
103900203,46,25,21
103900204,0,99,-99
103900207,0,80,-80
103900208,119,1,118
103900209,9,92,-83
103900210,60,41,19
103900211,564,410,154
103900212,161,341,-180
103900213,92,264,-172
103900214,262,235,27
103900215,371,365,6
103900216,10,395,-385
103900217,422,47,375
103900218,1,230,-229
103900219,106,232,-126
103900233,70,1,69
103900235,44,25,19
103900236,22,1,21
103900242,10,23,-13
103900243,3,6,-3
103900244,115,222,-107
103900245,109,212,-103
103900246,70,47,23
103900247,49,113,-64
103900248,6,67,-61
103900249,37,48,-11
103900250,21,33,-12
103900251,0,28,-28
103900253,20,92,-72
103900254,14,11,3
103900255,10,15,-5
103900256,18,29,-11
103900257,126,152,-26
103900258,24,8,16
103900259,56,6,50
103900261,7,5,2
103900262,24,9,15
103900263,42,43,-1
103900264,53,68,-15
103900265,64,20,44
103900266,5,95,-90
103900267,3,89,-86
103900268,19,61,-42
103900269,173,28,145
103900270,65,115,-50
103900271,24,74,-50
103900272,47,63,-16
103900273,45,53,-8
103900274,128,10,118
103900275,64,7,57
103900276,16,63,-47
103900277,3,73,-70
103900278,9,65,-56
103900279,0,38,-38
103900280,0,48,-48
104000001,2384,2110,274
104000002,1632,2469,-837
104000003,2308,2171,137
104000004,2773,2676,97
104000005,1597,1984,-387
104000006,3087,2522,565
104000007,4195,3846,349
104000008,190,274,-84
104000009,182,109,73
104000010,165,259,-94
104000011,388,259,129
104000012,155,312,-157
104000013,273,195,78
104000014,181,587,-406
104000015,320,150,170
104000016,578,372,206
104000018,863,167,696
104000019,679,238,441
104000020,192,487,-295
104000021,243,507,-264
104000022,134,280,-146
104000023,767,354,413
104000024,237,355,-118
104000026,59,386,-327
104000027,211,240,-29
104000028,377,239,138
104000029,328,331,-3
104000030,284,218,66
104000031,1441,426,1015
104000032,255,262,-7
104000033,744,533,211
104000034,367,230,137
104000035,1006,446,560
104000036,792,521,271
104000037,341,187,154
104000038,471,303,168
104000039,251,204,47
104000040,265,391,-126
104000041,538,348,190
104000042,310,298,12
104000043,212,374,-162
104000044,260,515,-255
104000045,1017,907,110
104000046,1035,1279,-244
104000047,922,1090,-168
104000048,1133,1432,-299
104000049,511,298,213
104000050,219,582,-363
104000051,110,579,-469
104000052,1357,1579,-222
104000053,851,485,366
104000054,579,381,198
104000055,3849,2493,1356
104000056,1136,236,900
104000057,145,452,-307
104000058,725,688,37
104000059,534,859,-325
104000060,1083,1151,-68
104000061,1285,945,340
104000062,435,132,303
104000064,551,305,246
104000065,254,818,-564
104000069,1099,1218,-119
104000070,76,608,-532
104000071,153,483,-330
104000072,654,221,433
104000075,109,301,-192
104000076,550,195,355
104000082,2462,3640,-1178
104000083,879,221,658
104000084,122,583,-461
104000085,231,399,-168
104000086,225,489,-264
104000087,432,2387,-1955
104000090,880,1049,-169
104000092,1381,1969,-588
104000094,937,1282,-345
104000095,1640,1307,333
104000096,1587,227,1360
104000097,1823,813,1010
104000098,2232,957,1275
104000100,1665,640,1025
104000101,1222,1597,-375
104000106,68,585,-517
104000107,658,394,264
104000108,325,519,-194
104000109,333,95,238
104000110,798,1149,-351
104000111,3658,2567,1091
104000112,2121,528,1593
104000116,4,839,-835
104000117,172,609,-437
104000118,618,236,382
104000119,624,254,370
104000120,315,626,-311
104000121,195,746,-551
104000122,699,817,-118
104000123,816,1026,-210
104000124,830,1904,-1074
104000125,3177,4473,-1296
104000126,351,335,16
104000127,1366,2425,-1059
104000128,659,403,256
104000129,378,45,333
104000130,4,216,-212
104000131,534,415,119
104000132,450,535,-85
104000133,1523,946,577
104000134,908,1682,-774
104000135,569,2131,-1562
104000136,800,4747,-3947
104000137,1528,516,1012
104000138,910,274,636
104000139,5493,2814,2679
104000141,944,1203,-259
104000142,677,675,2
104000143,652,535,117
104000144,111,226,-115
104000145,361,219,142
104000146,279,495,-216
104000147,153,268,-115
104000148,361,150,211
104000149,214,242,-28
104000150,1016,478,538
104000151,418,370,48
104000152,631,590,41
104000153,723,504,219
104000154,852,566,286
104000155,536,580,-44
104000157,1108,1224,-116
104000158,363,545,-182
104000159,966,570,396
104000160,1835,1915,-80
104000161,200,213,-13
104000162,84,125,-41
104000165,942,965,-23
104000167,710,926,-216
104000168,611,12,599
104000169,103,31,72
104000170,477,597,-120
104000248,240,597,-357
104000251,68,207,-139
104000272,0,0,0
104000273,0,0,0
104000274,0,0,0
104000275,0,0,0
104000279,670,419,251
104000290,130,314,-184
104000291,597,1006,-409
104000293,705,796,-91
104000294,50,0,50
104000295,691,803,-112
104000296,403,715,-312
104000297,819,1857,-1038
104000298,2146,916,1230
104000299,836,1358,-522
104900001,174,351,-177
104900002,76,170,-94
104900003,67,259,-192
104900004,143,204,-61
104900005,281,285,-4
104900006,347,108,239
104900007,319,203,116
104900009,171,343,-172
104900010,102,70,32
104900011,19,25,-6
104900012,325,37,288
104900013,137,19,118
104900014,2426,394,2032
104900015,138,9,129
104900016,253,164,89
104900017,237,196,41
104900018,2,174,-172
104900019,351,2876,-2525
104900020,73,273,-200
104900021,0,128,-128
104900022,11,132,-121
104900023,2,62,-60
104900024,29,89,-60
104900025,79,259,-180
104900026,1,63,-62
104900027,571,346,225
104900028,30,107,-77
104900029,39,46,-7
104900030,562,272,290
104900031,61,223,-162
104900032,55,113,-58
104900033,190,252,-62
104900034,465,157,308
104900035,330,205,125
104900036,215,86,129
104900037,157,197,-40
104900038,484,891,-407
104900039,483,401,82
104900040,441,105,336
104900041,297,166,131
104900042,157,248,-91
104900043,19,156,-137
104900044,726,200,526
104900045,512,41,471
104900046,252,151,101
104900047,364,147,217
104900048,337,65,272
104900049,38,63,-25
104900050,340,143,197
104900051,341,49,292
104900052,69,5,64
104900053,506,125,381
104900054,177,56,121
104900055,119,0,119
104900056,180,25,155
104900057,34,2,32
104900058,1083,762,321
104900059,202,45,157
104900060,0,426,-426
104900061,204,503,-299
104900063,2,120,-118
104900064,0,56,-56
104900065,1,217,-216
104900066,6,185,-179
104900067,3,350,-347
104900068,31,201,-170
104900070,180,246,-66
104900071,2,451,-449
104900072,54,298,-244
104900073,100,199,-99
104900074,75,255,-180
104900075,97,61,36
104900076,123,259,-136
104900077,1022,286,736
104900078,214,498,-284
104900079,169,548,-379
104900080,114,466,-352
104900082,14,409,-395
104900085,1,162,-161
104900087,350,7,343
104900089,265,3,262
104900090,847,777,70
104900091,652,613,39
104900093,276,516,-240
104900097,2238,2267,-29
104900098,111,39,72
104900099,142,621,-479
104900100,488,294,194
104900102,40,188,-148
104900103,503,99,404
104900104,2952,2189,763
104900106,75,129,-54
104900107,155,138,17
104900108,71,206,-135
104900109,136,278,-142
104900110,9,55,-46
104900111,238,149,89
104900112,272,665,-393
104900113,838,352,486
104900114,365,464,-99
104900115,748,369,379
104900116,248,203,45
104900118,16,80,-64
104900119,5,38,-33
104900120,34,234,-200
104900121,1,60,-59
104900122,1,59,-58
104900123,77,18,59
104900124,47,0,47
104900125,516,7,509
104900126,79,71,8
104900127,45,96,-51
104900128,114,144,-30
104900129,1605,2117,-512
105000001,2589,1522,1067
105000002,2415,1715,700
105000003,3661,3807,-146
105000004,662,901,-239
105000005,853,1187,-334
105000006,1550,1842,-292
105000007,1375,1501,-126
105000008,1772,3197,-1425
105000009,2450,3393,-943
105000010,2974,2183,791
105000011,3524,2905,619
105000012,3634,2929,705
105000013,1020,1043,-23
105000014,1895,2675,-780
105000015,10521,16392,-5871
105000016,3038,2488,550
105000017,1799,965,834
105000018,1244,1470,-226
105000019,1249,777,472
105000020,180,449,-269
105000021,223,97,126
105000022,328,110,218
105000023,719,483,236
105000028,110,112,-2
105000029,589,1570,-981
105000030,3876,2592,1284
105000033,1048,1947,-899
105000034,166,946,-780
105000037,704,236,468
105000038,1840,1832,8
105000039,2274,1768,506
105000040,1009,1328,-319
105000041,467,1209,-742
105000042,3488,1933,1555
105000043,1648,2032,-384
105000044,622,512,110
105000045,317,704,-387
105000046,1373,390,983
105000047,540,1058,-518
105000048,621,198,423
105000049,238,477,-239
105000050,732,377,355
105000051,144,407,-263
105000052,603,833,-230
105000053,109,199,-90
105000054,448,873,-425
105000055,675,371,304
105000056,1406,1943,-537
105000057,1263,842,421
105000058,1405,1278,127
105000059,864,615,249
105000060,504,661,-157
105000061,754,563,191
105000062,808,783,25
105000063,280,477,-197
105000064,1676,872,804
105000065,460,539,-79
105000066,1122,1382,-260
105000067,1735,786,949
105000068,455,817,-362
105000069,1735,1824,-89
105000070,586,948,-362
105000071,221,855,-634
105000072,1097,2211,-1114
105000073,996,681,315
105000074,1275,755,520
105000075,567,921,-354
105000076,1248,1052,196
105000077,2640,1169,1471
105000078,1248,1549,-301
105000079,1390,3887,-2497
105000080,1911,1458,453
105000081,4428,1555,2873
105000082,1219,2251,-1032
105000083,5903,4362,1541
105000084,543,704,-161
105000085,1658,2513,-855
105000086,613,791,-178
105000087,1476,1768,-292
105000088,1283,1502,-219
105000089,2758,2148,610
105000090,1053,827,226
105000091,1189,1535,-346
105000092,593,932,-339
105000093,319,262,57
105000094,259,261,-2
105000095,133,453,-320
105000096,1062,1064,-2
105000097,905,873,32
105000098,965,703,262
105000099,950,741,209
105000100,1383,1029,354
105000101,1882,1944,-62
105000102,1659,1299,360
105000103,1468,2113,-645
105000104,2230,920,1310
105000105,1093,2059,-966
105000106,1561,1593,-32
105000107,1549,881,668
105000108,1880,1411,469
105000109,1674,1574,100
105000110,920,596,324
105000111,856,629,227
105000112,1494,673,821
105000113,523,798,-275
105000114,2524,1261,1263
105000115,364,1303,-939
105000116,909,556,353
105000117,949,887,62
105000118,555,423,132
105000119,661,769,-108
105000120,1072,508,564
105000121,803,879,-76
105000122,419,726,-307
105000123,1043,1137,-94
105000124,1989,818,1171
105000125,781,1683,-902
105000126,2179,1708,471
105000127,2483,1813,670
105000128,723,949,-226
105000129,853,317,536
105000130,530,3692,-3162
105000131,847,397,450
105000132,994,858,136
105000133,507,896,-389
105000134,857,744,113
105000135,475,581,-106
105000136,188,343,-155
105000137,564,246,318
105000138,222,338,-116
105000139,1129,932,197
105000140,497,559,-62
105000141,339,614,-275
105000142,247,431,-184
105000143,288,750,-462
105000144,338,888,-550
105000145,919,379,540
105000146,455,901,-446
105000147,739,375,364
105000148,1437,677,760
105000149,2789,2304,485
105000150,1990,1580,410
105000151,484,387,97
105000152,168,521,-353
105000153,626,779,-153
105000154,842,537,305
105000155,387,1014,-627
105000156,989,708,281
105000157,937,1611,-674
105000158,1980,790,1190
105000159,230,895,-665
105000160,1922,608,1314
105000161,627,884,-257
105000162,629,1727,-1098
105000163,1113,736,377
105000164,239,222,17
105000165,905,5211,-4306
105000166,4804,997,3807
105000167,1613,1560,53
105000168,494,574,-80
105000169,657,286,371
105000170,277,1282,-1005
105000171,1058,217,841
105000172,181,39,142
105000173,186,50,136
105000174,93,55,38
105000175,85,146,-61
105000176,459,125,334
105000177,314,148,166
105000178,143,525,-382
105000179,649,169,480
105000180,152,139,13
105000181,170,313,-143
105000182,64,57,7
105000183,2186,2152,34
105000184,1306,1001,305
105000185,1316,1057,259
105000186,512,740,-228
105000187,838,263,575
105000188,275,145,130
105000189,163,477,-314
105000190,262,295,-33
105000191,363,275,88
105000192,454,89,365
105000193,117,149,-32
105000194,402,159,243
105000195,381,706,-325
105000196,100,290,-190
105000197,303,583,-280
105000198,577,333,244
105000199,259,605,-346
105000200,164,346,-182
105000201,99,38,61
105000203,2,149,-147
105000204,97,73,24
105000205,141,194,-53
105000207,488,201,287
105000208,288,580,-292
105000209,255,352,-97
105000212,1202,1021,181
105000213,193,189,4
105000214,145,251,-106
105000215,349,183,166
105000216,214,260,-46
105000217,154,246,-92
105000218,1434,1189,245
105000221,209,161,48
105000222,374,92,282
105000223,272,156,116
105000226,143,255,-112
105000227,131,173,-42
105000228,265,2372,-2107
105000229,126,581,-455
105000231,436,337,99
105000233,942,672,270
105000234,506,1147,-641
105000235,410,588,-178
105000237,823,83,740
105000243,32,142,-110
105000248,87,72,15
105000262,436,1114,-678
105000269,198,189,9
105000270,484,46,438
105000271,1,196,-195
105000282,74,54,20
105000287,397,98,299
105000288,472,467,5
105000289,3639,2430,1209
105000290,19,5,14
105000402,3444,4501,-1057
105000426,521,696,-175
105000438,4618,1948,2670
105000446,11084,5987,5097
105000447,6841,2945,3896
105000454,558,660,-102
105000455,342,174,168
105000474,57,1,56
105000477,411,624,-213
105000478,1820,4902,-3082
105000479,140,138,2
105000480,10958,8428,2530
105000481,5413,3906,1507
105000482,5483,8814,-3331
105000483,1669,2072,-403
105000484,2158,3239,-1081
105000485,1661,3346,-1685
105000486,3525,2451,1074
105000488,11298,5894,5404
105000489,975,816,159
105000549,71,140,-69
105000550,570,1630,-1060
105000551,43,140,-97
105000552,2583,1522,1061
105000555,971,955,16
105900001,20,1700,-1680
105900002,1219,710,509
105900003,15,83,-68
105900004,171,111,60
105900005,14,202,-188
105900006,34,154,-120
105900007,78,42,36
105900008,88,501,-413
105900009,21,23,-2
105900011,252,59,193
105900012,587,133,454
105900013,2,36,-34
105900014,11,77,-66
105900015,187,376,-189
105900016,434,461,-27
105900017,1412,58,1354
105900018,251,187,64
105900019,64,390,-326
105900020,43,64,-21
105900021,52,265,-213
105900022,311,198,113
105900023,10,84,-74
105900024,10,165,-155
105900025,211,31,180
105900026,236,24,212
105900027,9024,7358,1666
105900028,345,240,105
105900029,1493,349,1144
105900030,204,239,-35
105900031,351,180,171
105900032,80,157,-77
105900033,108,126,-18
105900034,247,191,56
105900035,199,164,35
105900036,116,122,-6
105900037,108,64,44
105900038,171,279,-108
105900039,138,88,50
105900040,73,98,-25
105900041,217,184,33
105900042,55,132,-77
105900043,1224,68,1156
105900044,7,213,-206
105900045,3,714,-711
105900046,29,299,-270
105900047,16,49,-33
105900048,81,475,-394
105900050,6156,5092,1064
105900051,55,1030,-975
105900052,653,299,354
105900053,2467,2524,-57
105900054,315,162,153
105900056,738,384,354
105900057,47,123,-76
105900058,18,18,0
105900059,0,34,-34
106000001,4755,2751,2004
106000002,2502,5904,-3402
106000003,2898,3573,-675
106000004,1630,2791,-1161
106000005,3680,5786,-2106
106000006,5947,3672,2275
106000007,531,654,-123
106000008,565,330,235
106000009,662,415,247
106000010,757,566,191
106000011,1330,1211,119
106000012,899,1277,-378
106000013,1894,2034,-140
106000014,1902,1565,337
106000015,1803,1382,421
106000016,1213,1893,-680
106000017,585,705,-120
106000018,619,464,155
106000019,401,422,-21
106000020,347,335,12
106000021,328,398,-70
106000022,341,192,149
106000023,607,299,308
106000024,559,474,85
106000025,117,187,-70
106000026,103,178,-75
106000027,1372,1282,90
106000028,532,460,72
106000029,759,979,-220
106000030,573,597,-24
106000034,230,546,-316
106000035,993,2111,-1118
106000036,200,466,-266
106000037,1872,1457,415
106000038,364,143,221
106000039,159,122,37
106000040,129,794,-665
106000041,698,717,-19
106000043,541,306,235
106000046,344,90,254
106000047,67,500,-433
106000049,1073,194,879
106000050,300,715,-415
106000051,841,608,233
106000052,123,576,-453
106000053,417,168,249
106000054,406,484,-78
106000055,1225,984,241
106000056,288,344,-56
106000057,457,278,179
106000058,130,187,-57
106000059,380,276,104
106000060,338,466,-128
106000061,268,522,-254
106000062,218,538,-320
106000063,715,586,129
106000064,40,411,-371
106000065,396,372,24
106000066,105,310,-205
106000067,443,110,333
106000068,62,623,-561
106000069,288,72,216
106000070,397,819,-422
106000071,1080,402,678
106000072,2672,1627,1045
106000073,1640,3013,-1373
106000074,614,656,-42
106000075,356,1519,-1163
106000076,2054,2203,-149
106000077,3559,1392,2167
106000078,1229,997,232
106000079,761,950,-189
106000080,1274,566,708
106000081,761,1257,-496
106000082,2492,830,1662
106000083,397,1531,-1134
106000084,1297,667,630
106000085,1319,1624,-305
106000086,693,962,-269
106000087,1056,520,536
106000088,400,765,-365
106000089,1082,296,786
106000090,279,575,-296
106000091,272,465,-193
106000092,627,285,342
106000093,261,149,112
106000094,79,256,-177
106000095,886,728,158
106000096,802,674,128
106000097,1204,765,439
106000098,815,905,-90
106000099,223,617,-394
106000100,1240,227,1013
106000101,837,247,590
106000102,173,567,-394
106000103,305,457,-152
106000104,726,375,351
106000105,491,547,-56
106000106,592,496,96
106000107,191,306,-115
106000108,276,273,3
106000109,161,246,-85
106000110,295,284,11
106000111,209,295,-86
106000112,206,485,-279
106000113,573,480,93
106000114,439,588,-149
106000115,263,356,-93
106000116,250,231,19
106000117,1143,663,480
106000118,1314,1348,-34
106000119,1379,914,465
106000120,1055,1055,0
106000121,193,160,33
106000122,127,173,-46
106000123,507,139,368
106000124,69,183,-114
106000125,17,209,-192
106000126,337,97,240
106000127,840,776,64
106000128,799,207,592
106000129,527,530,-3
106000130,803,286,517
106000131,149,635,-486
106000132,579,138,441
106000133,1606,1087,519
106000134,575,1552,-977
106000135,212,500,-288
106000136,673,902,-229
106000137,66,614,-548
106000138,1091,115,976
106000139,55,88,-33
106000140,34,49,-15
106000141,81,35,46
106000142,96,52,44
106000143,30,57,-27
106000144,49,96,-47
106000145,264,242,22
106000146,387,135,252
106000147,444,438,6
106000148,527,748,-221
106000149,568,364,204
106000150,477,1705,-1228
106000151,3441,715,2726
106000152,1121,1809,-688
106000153,94,1311,-1217
106000154,1152,229,923
106000155,114,214,-100
106000156,921,271,650
106000157,688,1541,-853
106000158,1997,974,1023
106000159,2784,1844,940
106000160,465,2735,-2270
106000161,1449,343,1106
106000162,285,896,-611
106000163,437,344,93
106000164,384,312,72
106000165,275,462,-187
106000166,725,283,442
106000167,428,799,-371
106000168,459,214,245
106000169,263,496,-233
106000170,840,208,632
106000171,246,1124,-878
106000172,3111,1448,1663
106000173,1143,2715,-1572
106000174,1168,469,699
106000175,312,754,-442
106000176,1589,904,685
106000177,798,2050,-1252
106000178,3586,1907,1679
106000179,1124,2066,-942
106000180,913,1142,-229
106000181,777,1844,-1067
106000182,1470,840,630
106000183,1386,563,823
106000184,2157,673,1484
106000185,1121,1345,-224
106000186,991,187,804
106000187,248,1071,-823
106000188,1,3,-2
106000189,16,40,-24
106000190,26,0,26
106000191,722,200,522
106000192,0,14,-14
106000193,500,233,267
106000194,206,389,-183
106000195,699,231,468
106000196,230,571,-341
106000197,619,337,282
106000198,202,289,-87
106000199,918,800,118
106000200,248,239,9
106000201,440,2449,-2009
106000202,3480,647,2833
106000203,48,167,-119
106000204,95,9,86
106000205,19,129,-110
106000206,91,24,67
106000207,52,558,-506
106000208,1594,216,1378
106000209,1665,344,1321
106000210,255,837,-582
106000211,378,1057,-679
106000212,849,493,356
106000213,759,2082,-1323
106000214,2648,910,1738
106000215,275,511,-236
106000216,337,343,-6
106000217,309,416,-107
106000218,508,364,144
106000219,133,304,-171
106000220,356,253,103
106000221,227,221,6
106000222,85,107,-22
106000223,222,121,101
106000224,256,173,83
106000225,65,137,-72
106000226,120,242,-122
106000228,34,85,-51
106000229,76,682,-606
106000231,1020,92,928
106000232,86,321,-235
106000233,623,101,522
106000234,87,229,-142
106000235,431,164,267
106000236,149,94,55
106000237,4,15,-11
106000238,19,23,-4
106000239,8,109,-101
106000240,39,2,37
106000241,19,543,-524
106000242,242,36,206
106000249,87,81,6
106000250,145,605,-460
106000251,83,30,53
106000252,50,78,-28
106000253,45,83,-38
106000254,68,45,23
106000255,17,151,-134
106000256,43,44,-1
106000257,165,215,-50
106000258,145,22,123
106000259,5,61,-56
106000260,26,5,21
106000261,4,55,-51
106000262,72,5,67
106000263,5,70,-65
106000264,195,13,182
106000265,13,126,-113
106000266,151,21,130
106000267,7,68,-61
106000268,567,39,528
106000269,68,51,17
106000270,177,444,-267
106000271,98,225,-127
106000272,214,60,154
106000273,8,309,-301
106000274,179,61,118
106000275,112,302,-190
106000276,196,51,145
106000277,132,330,-198
106000278,199,36,163
106000279,21,27,-6
106000280,91,81,10
106000281,114,56,58
106000282,89,81,8
106000283,186,69,117
106000284,103,119,-16
106000285,120,71,49
106000286,94,151,-57
106000287,130,84,46
106000288,79,139,-60
106000289,98,54,44
106000290,63,89,-26
106000291,126,94,32
106000292,70,99,-29
106000293,138,81,57
106000294,103,103,0
106000295,65,61,4
106000296,51,94,-43
106000297,61,244,-183
106000298,118,69,49
106000299,79,108,-29
106000300,70,90,-20
106000301,64,113,-49
106000303,32,70,-38
106000304,26,27,-1
106000305,34,63,-29
106000306,35,47,-12
106000307,86,37,49
106000308,55,112,-57
106000309,14,58,-44
106000310,360,363,-3
106000311,366,232,134
106000312,103,149,-46
106000313,219,248,-29
106000318,90,484,-394
106000319,1112,253,859
106000320,4,83,-79
106000321,286,111,175
106000322,179,143,36
106000324,13,131,-118
106000325,1732,936,796
106000326,971,1647,-676
106000327,194,106,88
106000328,48,182,-134
106000329,161,260,-99
106000330,94,71,23
106000428,109,179,-70
106000429,158,452,-294
106000430,364,1126,-762
106000431,2198,480,1718
106000432,1815,2778,-963
106000433,2505,1506,999
106000434,3250,1810,1440
106000435,1500,2527,-1027
106000436,10,193,-183
106000437,269,75,194
106000438,488,147,341
106000439,88,454,-366
106000440,242,365,-123
106000441,0,0,0
106000442,196,9,187
106000443,186,281,-95
106000450,6,135,-129
106000451,33,61,-28
106000454,3,106,-103
106000455,5,176,-171
106000456,126,28,98
106000457,19,736,-717
106000458,808,83,725
106000459,156,256,-100
106000460,1642,33,1609
106000461,149,941,-792
106000462,1,19,-18
106000463,3,14,-11
106000464,6,339,-333
106000465,853,1,852
106000466,3,465,-462
106000467,301,388,-87
106000468,86,150,-64
106000469,131,0,131
106000470,325,1609,-1284
106000471,29,466,-437
106000472,155,20,135
106000473,40,15,25
106000474,258,402,-144
106000475,265,143,122
106000476,138,257,-119
106000477,41,82,-41
106000480,1,325,-324
106900001,0,11,-11
106900002,2,346,-344
106900003,226,712,-486
106900004,0,23,-23
106900006,0,7,-7
106900007,0,6,-6
106900008,334,170,164
106900009,415,266,149
106900010,289,209,80
106900012,1290,1909,-619
106900013,505,152,353
106900014,33,5,28
106900015,6,4,2
106900016,310,16,294
106900017,5,1,4
106900018,1,0,1
106900019,52,3,49
106900020,1832,1587,245
106900021,142,77,65
106900022,870,6,864
106900023,80,274,-194
106900024,453,53,400
106900025,57,493,-436
106900026,1,419,-418
106900027,776,3,773
107000001,4307,4636,-329
107000002,3165,4836,-1671
107000003,6138,7183,-1045
107000004,4610,4644,-34
107000005,4855,5748,-893
107000006,4226,3943,283
107000007,5952,10906,-4954
107000008,10944,7576,3368
107000009,7921,8069,-148
107000010,9567,8986,581
107000011,1129,1323,-194
107000012,3770,2969,801
107000013,66,78,-12
107000014,48,141,-93
107000015,538,697,-159
107000016,856,798,58
107000017,2993,1702,1291
107000018,20,1001,-981
107000020,1800,1586,214
107000021,1276,458,818
107000022,913,1459,-546
107000023,1716,246,1470
107000024,586,1353,-767
107000025,293,408,-115
107000026,243,426,-183
107000027,1524,961,563
107000028,1380,1301,79
107000029,3590,3001,589
107000030,2844,2972,-128
107000031,4533,2884,1649
107000032,598,994,-396
107000033,2966,4461,-1495
107000034,3368,1769,1599
107000035,366,258,108
107000036,308,1266,-958
107000037,67,894,-827
107000038,221,321,-100
107000039,883,897,-14
107000040,162,368,-206
107000041,1943,1021,922
107000042,833,2032,-1199
107000043,2798,1295,1503
107000044,610,378,232
107000045,100,341,-241
107000046,838,483,355
107000047,479,913,-434
107000048,821,307,514
107000049,751,853,-102
107000050,1320,567,753
107000051,370,386,-16
107000052,1250,1091,159
107000053,371,218,153
107000054,85,279,-194
107000055,337,128,209
107000056,564,729,-165
107000057,1149,233,916
107000058,2429,2891,-462
107000059,2153,3673,-1520
107000060,4778,5500,-722
107000061,5019,3535,1484
107000062,5039,3179,1860
107000063,4478,4634,-156
107000064,4750,2559,2191
107000065,3876,4461,-585
107000066,2152,2818,-666
107000067,1434,1416,18
107000068,1631,799,832
107000069,922,599,323
107000070,1300,7,1293
107000071,3887,42,3845
107000072,39,2500,-2461
107000073,944,379,565
107000074,159,766,-607
107000075,1935,662,1273
107000076,670,1417,-747
107000077,4268,1770,2498
107000078,2511,3050,-539
107000079,3167,1353,1814
107000080,1227,3041,-1814
107000081,2287,672,1615
107000082,638,1796,-1158
107000083,1651,487,1164
107000084,339,1829,-1490
107000085,3194,3457,-263
107000086,3749,3453,296
107000087,3296,2157,1139
107000088,3483,3782,-299
107000089,1711,1717,-6
107000090,1105,1128,-23
107000091,1618,967,651
107000092,928,1033,-105
107000093,1259,929,330
107000094,1084,1216,-132
107000095,756,633,123
107000096,614,784,-170
107000097,744,362,382
107000098,528,530,-2
107000099,430,313,117
107000100,324,310,14
107000101,72,193,-121
107000102,260,323,-63
107000103,285,172,113
107000104,201,241,-40
107000105,419,155,264
107000106,194,241,-47
107000107,605,152,453
107000108,128,544,-416
107000109,734,166,568
107000110,69,384,-315
107000111,345,72,273
107000112,65,277,-212
107000113,659,132,527
107000114,135,493,-358
107000115,679,142,537
107000116,114,751,-637
107000117,157,627,-470
107000118,158,173,-15
107000119,1518,1555,-37
107000120,1194,552,642
107000121,1134,728,406
107000122,1214,928,286
107000123,606,704,-98
107000124,560,861,-301
107000125,1143,600,543
107000126,956,700,256
107000129,225,625,-400
107000130,716,262,454
107000131,473,503,-30
107000132,550,303,247
107000133,630,98,532
107000134,351,7,344
107000135,2,249,-247
107000136,799,14,785
107000137,12,440,-428
107000138,334,50,284
107000139,23,533,-510
107000140,1601,108,1493
107000141,132,659,-527
107000142,559,125,434
107000143,67,660,-593
107000144,540,509,31
107000145,180,511,-331
107000146,206,280,-74
107000147,2777,884,1893
107000150,684,3010,-2326
107000151,54,151,-97
107000152,533,1494,-961
107000153,144,458,-314
107000154,282,315,-33
107000155,835,19,816
107000156,1349,27,1322
107000157,44,1384,-1340
107000158,817,32,785
107000159,54,812,-758
107000160,1286,179,1107
107000161,94,1322,-1228
107000162,380,489,-109
107000163,176,10,166
107000164,737,2,735
107000165,1099,10,1089
107000166,53,1004,-951
107000167,679,243,436
107000168,1205,595,610
107000169,679,988,-309
107000170,2625,1038,1587
107000171,1004,1923,-919
107000172,1231,1590,-359
107000173,716,1046,-330
107000174,1172,5572,-4400
107000175,6604,1727,4877
107000176,0,2,-2
107000177,9,0,9
107000178,29,23,6
107000179,300,1871,-1571
107000180,1568,312,1256
107000181,471,1091,-620
107000182,2053,1003,1050
107000183,154,818,-664
107000184,1239,726,513
107000185,537,1305,-768
107000186,1344,468,876
107000187,1489,1342,147
107000188,764,646,118
107000189,610,1105,-495
107000190,728,719,9
107000191,877,1066,-189
107000192,1972,784,1188
107000193,497,673,-176
107000194,906,764,142
107000197,1137,318,819
107000198,407,701,-294
107000199,838,744,94
107000200,652,704,-52
107000201,461,422,39
107000202,376,522,-146
107000203,1157,1010,147
107000204,1323,1454,-131
107000205,2212,1028,1184
107000206,996,1446,-450
107000207,735,994,-259
107000208,1025,656,369
107000209,2029,1434,595
107000210,817,436,381
107000211,10,67,-57
107000212,18,302,-284
107000213,6,22,-16
107000214,17,144,-127
107000215,386,330,56
107000216,503,348,155
107000217,200,151,49
107000219,103,207,-104
107000220,266,227,39
107000222,312,752,-440
107000224,548,92,456
107000225,243,454,-211
107000226,466,118,348
107000227,90,253,-163
107000228,91,289,-198
107000229,138,147,-9
107000230,1238,461,777
107000231,1671,2151,-480
107000232,152,22,130
107000233,1395,1069,326
107000234,1,55,-54
107000235,80,6,74
107000236,9,484,-475
107000237,33,1,32
107000238,56,2,54
107000239,3004,638,2366
107000240,137,846,-709
107000241,139,23,116
107000242,380,33,347
107000243,0,43,-43
107000244,22,83,-61
107000246,2,956,-954
107000249,4,1086,-1082
107000251,1,281,-280
107000252,3,928,-925
107000255,392,143,249
107000257,1,353,-352
107000258,1,106,-105
107000259,4,175,-171
107000260,740,4,736
107000262,7,545,-538
107000263,269,4,265
107000266,8,7,1
107000267,81,123,-42
107000268,148,128,20
107000269,732,104,628
107000270,6,40,-34
107000271,22,602,-580
107000272,16,108,-92
107000273,12,229,-217
107000274,1770,314,1456
107000275,55,1106,-1051
107000280,1009,53,956
107000281,34,755,-721
107000282,40,782,-742
107000290,3,24,-21
107000291,30,13,17
107000292,3,53,-50
107000293,98,4,94
107000294,0,34,-34
107000295,37,3,34
107000296,0,15,-15
107000444,260,5,255
107000496,1,12,-11
107000497,1393,1930,-537
107000500,377,348,29
107000501,105,145,-40
107000502,323,317,6
107000505,389,772,-383
107000506,1,115,-114
107000508,10,552,-542
107000509,235,772,-537
107000510,48,35,13
107000514,72,341,-269
107000515,12,216,-204
107000516,362,292,70
107000518,1145,1501,-356
107000519,1700,894,806
107000520,164,41,123
107000521,646,373,273
107000522,797,530,267
107900001,74,145,-71
107900002,84,8,76
107900003,152,18,134
107900004,80,3,77
107900005,1595,3,1592
107900006,227,3,224
107900007,284,41,243
107900008,148,27,121
107900009,130,8,122
107900010,50,3,47
107900012,315,41,274
107900013,196,31,165
107900014,24,5,19
107900015,1183,18,1165
107900016,426,82,344
107900017,43,9,34
107900018,62,198,-136
107900019,29,48,-19
107900020,55,31,24
107900021,83,105,-22
107900023,4,3,1
107900024,1,24,-23
107900025,221,249,-28
107900026,85,68,17
107900027,29,72,-43
107900028,124,88,36
107900030,192,55,137
107900031,51,87,-36
107900032,38,5,33
107900033,20,13,7
107900034,427,25,402
107900035,901,45,856
107900036,53,11,42
107900037,0,36,-36
107900038,117,302,-185
107900039,59,51,8
107900040,38,210,-172
107900041,3,1,2
107900043,34,108,-74
107900044,3,7,-4
107900045,110,56,54
107900046,152,208,-56
107900047,45,47,-2
107900048,222,16,206
107900049,349,1201,-852
107900050,98,302,-204
107900051,102,78,24
107900052,26,48,-22
107900053,45,102,-57
107900055,650,316,334
107900056,133,37,96
107900057,1,0,1
107900058,36,529,-493
107900060,97,33,64
107900061,13,7,6
107900063,79,147,-68
107900064,362,179,183
107900065,209,11,198
107900066,26,7,19
107900067,0,2,-2
107900068,114,571,-457
107900069,35,1835,-1800
107900070,117,47,70
107900071,44,578,-534
107900072,128,123,5
107900073,173,74,99
107900074,689,328,361
107900076,154,55,99
107900077,67,1,66
107900078,233,65,168
107900079,15,20,-5
107900080,255,764,-509
107900081,52,86,-34
107900082,20,10,10
107900083,380,161,219
107900084,116,174,-58
107900086,70,172,-102
107900087,612,226,386
107900088,42,7,35
107900089,250,875,-625
107900090,574,2665,-2091
107900091,255,406,-151
107900092,2072,437,1635
107900093,83,52,31
107900095,3259,2344,915
107900097,21,55,-34
107900098,68,195,-127
107900100,1024,1439,-415
107900101,877,215,662
107900102,32,7,25
107900103,47,176,-129
107900104,243,16,227
107900105,2,325,-323
107900106,6,961,-955
107900107,1134,538,596
107900108,258,161,97
107900109,1655,10,1645
107900110,53,77,-24
107900111,4,718,-714
107900112,111,369,-258
107900113,274,85,189
107900114,247,173,74
107900115,4,45,-41
107900116,192,184,8
107900117,360,377,-17
107900118,96,152,-56
107900119,79,226,-147
107900120,37,37,0
107900121,2,133,-131
107900122,2,88,-86
107900123,5,49,-44
107900124,22,28,-6
107900125,66,202,-136
107900126,21,55,-34
107900127,490,385,105
107900128,106,93,13
107900129,85,49,36
107900130,90,29,61
107900131,724,334,390
107900132,118,312,-194
107900133,2,93,-91
107900134,56,99,-43
107900135,18,142,-124
107900136,32,31,1
107900137,123,128,-5
107900138,68,56,12
107900139,28,55,-27
107900140,13,10,3
107900141,64,55,9
107900142,67,719,-652
107900143,59,36,23
107900144,5,149,-144
107900145,13,105,-92
107900146,61,119,-58
107900147,79,56,23
107900148,133,113,20
107900149,882,259,623
107900150,59,650,-591
107900151,64,110,-46
107900152,16,153,-137
107900153,139,317,-178
107900154,112,29,83
107900155,96,62,34
107900156,9,259,-250
107900157,50,48,2
107900158,1082,34,1048
107900159,46,873,-827
107900160,119,176,-57
107900161,33,157,-124
107900162,3,60,-57
107900163,49,217,-168
107900164,19,40,-21
107900165,22,108,-86
107900166,9,175,-166
107900167,26,66,-40
107900168,48,50,-2
107900169,1,151,-150
107900171,5,1201,-1196
107900172,1,334,-333
107900173,21,131,-110
107900174,145,3,142
107900175,39,66,-27
107900176,25,58,-33
107900177,2,125,-123
107900178,0,137,-137
107900179,16,118,-102
107900180,632,728,-96
107900181,439,315,124
107900182,5,949,-944
107900183,53,236,-183
107900184,81,201,-120
107900185,177,10,167
107900186,27,44,-17
107900187,0,265,-265
107900188,592,154,438
107900189,22,110,-88
107900190,61,170,-109
107900191,44,93,-49
107900193,4,67,-63
107900194,281,20,261
107900195,2040,378,1662
107900196,75,127,-52
107900197,866,472,394
107900199,4,883,-879
107900201,87,97,-10
107900203,38,97,-59
107900204,230,233,-3
107900205,258,442,-184
107900206,898,386,512
107900207,0,525,-525
107900208,2,527,-525
107900209,372,150,222
107900210,72,137,-65
107900213,609,527,82
107900214,25,110,-85
107900215,151,405,-254
107900216,191,88,103
107900217,33,111,-78
107900218,11,1248,-1237
107900219,29,101,-72
107900220,245,292,-47
107900221,199,182,17
107900223,132,625,-493
107900224,115,451,-336
107900225,6,601,-595
107900226,97,83,14
107900227,164,416,-252
107900228,17,85,-68
107900229,3,187,-184
107900230,20,106,-86
107900231,26,195,-169
107900232,94,103,-9
107900233,8,121,-113
107900234,96,86,10
107900235,28,120,-92
107900236,90,57,33
107900237,57,427,-370
107900238,38,92,-54
107900239,751,533,218
107900240,45,100,-55
107900241,11,55,-44
107900242,47,222,-175
107900243,5,74,-69
107900244,357,17,340
107900245,718,60,658
107900246,225,9,216
107900248,750,393,357
107900249,776,27,749
107900250,2,440,-438
107900251,109,1464,-1355
107900252,1108,27,1081
107900253,207,4,203
107900254,48,231,-183
107900255,327,125,202
107900256,936,924,12
107900257,235,138,97
107900258,119,200,-81
107900259,91,2133,-2042
107900261,1,271,-270
107900262,111,105,6
107900264,191,1,190
107900265,179,143,36
107900267,317,22,295
107900268,30,14,16
107900269,0,6,-6
107900270,0,0,0
107900271,3,13,-10
107900272,122,36,86
107900273,48,55,-7
107900274,121,0,121
107900275,27,0,27
107900276,0,74,-74
107900277,0,187,-187
107900278,385,400,-15
107900279,89,194,-105
107900280,2016,2127,-111
107900281,1409,2925,-1516
107900282,55,537,-482
107900283,1075,670,405
107900284,469,500,-31
107900285,109,81,28
107900286,128,106,22
107900287,236,183,53
107900290,1,128,-127
107900291,484,17,467
107900292,134,171,-37
107900293,90,316,-226
107900295,48,56,-8
107900297,4,270,-266
107900298,784,757,27
107900299,2827,2372,455
107900300,69,359,-290
107900301,600,782,-182
107900302,131,83,48
107900303,174,285,-111
107900304,318,363,-45
107900305,298,12,286
107900306,19,29,-10
107900307,58,271,-213
107900308,184,139,45
107900309,66,1,65
107900310,446,8,438
107900311,11,443,-432
107900312,72,2,70
107900313,3,145,-142
107900314,1,48,-47
107900315,1,46,-45
107900316,48,1,47
107900317,93,12,81
107900318,12,130,-118
107900319,4,143,-139
107900320,1,154,-153
107900321,174,5,169
107900322,1,121,-120
107900323,7,180,-173
107900324,184,1,183
107900325,127,5,122
107900326,363,204,159
107900327,8,71,-63
107900328,104,1,103
107900329,100,114,-14
107900330,9,235,-226
107900331,233,25,208
107900332,315,28,287
107900333,57,21,36
107900334,15,149,-134
107900335,82,44,38
107900336,40,94,-54
107900337,1015,969,46
107900338,6,160,-154
107900339,1,24,-23
107900340,2,62,-60
107900341,52,0,52
107900342,188,115,73
107900343,41,1,40
107900344,8,43,-35
107900345,111,25,86
107900346,29,5,24
107900347,25,1,24
107900348,9,0,9
107900349,17,13,4
107900350,26,245,-219
107900351,2,164,-162
107900352,3,19,-16
107900353,1,10,-9
107900354,16,46,-30
108000001,3218,4113,-895
108000002,2173,2659,-486
108000003,4012,3854,158
108000004,12152,14841,-2689
108000005,9115,7241,1874
108000006,8505,7994,511
108000007,5489,4595,894
108000008,4494,6014,-1520
108000009,4240,5429,-1189
108000010,3559,4257,-698
108000011,13252,13309,-57
108000012,16866,15422,1444
108000014,1012,859,153
108000015,821,320,501
108000016,333,577,-244
108000017,1089,435,654
108000018,2152,751,1401
108000019,2191,966,1225
108000020,1501,598,903
108000021,377,1565,-1188
108000022,412,1224,-812
108000023,1377,253,1124
108000024,312,442,-130
108000025,323,237,86
108000026,714,404,310
108000027,841,483,358
108000028,632,241,391
108000029,575,437,138
108000030,707,273,434
108000031,272,651,-379
108000032,1833,750,1083
108000033,888,1046,-158
108000034,1902,558,1344
108000035,768,2173,-1405
108000036,418,936,-518
108000037,1905,473,1432
108000038,2878,659,2219
108000039,598,1708,-1110
108000040,2207,1109,1098
108000041,633,2331,-1698
108000042,273,227,46
108000043,240,260,-20
108000044,586,174,412
108000045,333,447,-114
108000046,1546,388,1158
108000047,516,921,-405
108000048,161,348,-187
108000049,1079,222,857
108000050,114,358,-244
108000051,443,167,276
108000052,227,586,-359
108000053,468,228,240
108000054,519,1071,-552
108000055,1210,627,583
108000056,973,1384,-411
108000057,735,1490,-755
108000058,2062,4051,-1989
108000059,3078,1955,1123
108000060,233,446,-213
108000061,124,269,-145
108000062,924,609,315
108000063,663,521,142
108000064,248,292,-44
108000065,620,428,192
108000066,1471,783,688
108000067,1978,662,1316
108000068,818,404,414
108000069,189,932,-743
108000070,2165,888,1277
108000071,707,1371,-664
108000072,1942,1346,596
108000073,1413,1697,-284
108000074,724,464,260
108000075,366,880,-514
108000076,993,648,345
108000077,720,700,20
108000078,2418,1564,854
108000079,850,1534,-684
108000080,1415,573,842
108000081,634,1468,-834
108000082,953,1868,-915
108000083,1999,1028,971
108000084,419,1112,-693
108000085,797,544,253
108000086,913,708,205
108000087,217,2275,-2058
108000088,187,10,177
108000089,388,358,30
108000090,479,270,209
108000091,458,493,-35
108000092,169,87,82
108000093,204,530,-326
108000094,580,104,476
108000095,166,300,-134
108000096,349,151,198
108000097,210,387,-177
108000098,1868,1302,566
108000099,272,69,203
108000100,79,224,-145
108000101,1365,1584,-219
108000102,1765,3460,-1695
108000106,954,1,953
108000107,0,847,-847
108000108,865,79,786
108000109,2,679,-677
108000110,187,300,-113
108000111,210,572,-362
108000112,56,132,-76
108000113,465,261,204
108000115,355,311,44
108000117,729,411,318
108000118,87,285,-198
108000119,629,330,299
108000120,193,765,-572
108000121,157,432,-275
108000122,586,350,236
108000123,891,227,664
108000124,299,434,-135
108000125,451,212,239
108000126,189,376,-187
108000127,679,317,362
108000128,703,428,275
108000129,281,883,-602
108000130,502,230,272
108000131,959,596,363
108000132,1930,1493,437
108000133,880,625,255
108000134,548,507,41
108000135,1308,484,824
108000136,312,876,-564
108000137,495,298,197
108000138,488,823,-335
108000139,528,311,217
108000140,129,30,99
108000141,51,116,-65
108000142,80,77,3
108000143,20,13,7
108000144,37,11,26
108000145,56,10,46
108000146,68,10,58
108000147,36,14,22
108000148,58,10,48
108000149,37,19,18
108000150,35,7,28
108000151,11,13,-2
108000152,144,416,-272
108000153,512,169,343
108000154,68,4,64
108000155,30,14,16
108000156,231,104,127
108000157,181,1117,-936
108000158,111,913,-802
108000159,504,237,267
108000160,2695,1280,1415
108000161,2358,2908,-550
108000165,7,188,-181
108000172,6,316,-310
108000173,1728,2029,-301
108000175,340,110,230
108000178,379,325,54
108000179,169,1015,-846
108000181,77,26,51
108000182,110,19,91
108000183,28,25,3
108000184,1013,2453,-1440
108000185,278,511,-233
108000186,221,62,159
108000187,136,466,-330
108000188,681,228,453
108000189,658,1491,-833
108000190,41,123,-82
108000192,202,501,-299
108000193,861,37,824
108000194,42,14,28
108000195,7,952,-945
108000196,252,192,60
108000198,531,275,256
108000199,1,223,-222
108000200,494,451,43
108000202,2,129,-127
108000203,144,635,-491
108000204,171,86,85
108000205,321,388,-67
108000339,1311,398,913
108000364,152,296,-144
108000365,61,279,-218
108000367,169,263,-94
108000368,15,57,-42
108000369,802,255,547
108000371,2,523,-521
108000372,633,6,627
108000373,286,129,157
108000376,106,54,52
108000377,541,236,305
108000378,9665,11206,-1541
108000379,19,213,-194
108000381,66,12,54
108000382,151,2,149
108000383,2,165,-163
108900001,65,964,-899
108900002,193,72,121
108900003,313,669,-356
108900004,388,428,-40
108900005,76,434,-358
108900006,810,224,586
108900007,336,249,87
108900008,127,146,-19
108900009,99,148,-49
108900010,270,170,100
108900011,571,428,143
108900012,441,447,-6
108900013,211,299,-88
108900014,24,164,-140
108900015,0,46,-46
108900016,6,205,-199
108900017,315,493,-178
108900018,204,438,-234
108900019,51,566,-515
108900020,56,202,-146
108900021,109,212,-103
108900022,160,29,131
108900023,2,54,-52
108900024,35,107,-72
108900025,138,162,-24
108900026,22,96,-74
108900027,0,60,-60
108900028,97,310,-213
108900029,63,233,-170
108900030,0,79,-79
108900031,133,299,-166
108900032,24,222,-198
108900033,1,86,-85
108900034,0,175,-175
108900035,410,1106,-696
108900036,256,261,-5
108900037,91,307,-216
108900038,2,247,-245
108900039,1,375,-374
108900040,5,103,-98
108900041,5086,3535,1551
108900042,11,383,-372
108900043,50,433,-383
108900044,1,401,-400
108900045,83,388,-305
108900046,37,668,-631
108900047,0,94,-94
108900048,134,785,-651
108900049,2694,1361,1333
108900050,0,172,-172
108900051,1,146,-145
108900052,53,186,-133
108900053,68,182,-114
108900054,102,214,-112
108900055,51,312,-261
108900056,1,137,-136
108900057,1,153,-152
108900058,46,325,-279
108900059,544,43,501
108900060,97,129,-32
108900061,62,33,29
108900062,9,214,-205
108900063,19,276,-257
108900064,231,61,170
108900065,15,180,-165
108900066,431,164,267
108900067,11,170,-159
108900068,15,131,-116
108900069,118,83,35
108900070,23,108,-85
108900071,120,57,63
108900072,1958,703,1255
108900073,41,275,-234
108900074,232,349,-117
108900075,68,63,5
108900076,362,88,274
108900077,140,379,-239
108900078,48,124,-76
108900079,734,206,528
108900080,37,895,-858
108900081,55,220,-165
108900082,77,101,-24
108900083,33,285,-252
108900084,385,147,238
108900085,2008,207,1801
108900086,132,176,-44
108900087,112,210,-98
108900088,1065,460,605
108900089,29,150,-121
108900090,48,201,-153
108900091,126,90,36
108900092,557,400,157
108900093,144,117,27
108900094,226,87,139
108900095,43,311,-268
108900096,352,16,336
108900097,327,207,120
108900098,1958,760,1198
108900099,452,238,214
108900100,110,145,-35
108900101,229,212,17
108900102,141,1136,-995
108900103,113,214,-101
108900104,146,365,-219
108900105,5,1425,-1420
108900106,528,324,204
108900108,449,57,392
108900109,446,106,340
108900110,325,302,23
108900111,542,462,80
108900112,290,28,262
108900113,25,76,-51
108900114,65,8,57
108900115,89,120,-31
108900116,84,25,59
108900117,246,20,226
108900118,577,22,555
108900119,341,40,301
108900120,304,195,109
108900121,326,168,158
108900122,145,27,118
108900123,151,148,3
108900124,493,268,225
108900125,526,16,510
108900126,146,46,100
108900127,198,19,179
108900128,140,45,95
108900129,799,155,644
108900130,331,1,330
108900131,425,13,412
108900132,589,71,518
108900133,231,83,148
108900134,431,225,206
108900135,171,13,158
108900136,69,0,69
108900137,160,3,157
108900138,795,47,748
108900139,592,83,509
108900140,397,215,182
108900141,478,14,464
108900142,124,5,119
108900143,96,0,96
108900144,116,0,116
108900145,206,14,192
108900146,90,0,90
108900147,262,0,262
108900148,82,21,61
108900149,500,298,202
108900150,310,14,296
108900151,166,4,162
108900152,235,15,220
108900153,199,297,-98
108900154,5063,442,4621
108900155,314,97,217
108900156,153,58,95
108900157,84,415,-331
108900158,386,34,352
108900159,6,175,-169
108900160,17,236,-219
108900161,8,306,-298
108900162,80,0,80
108900163,5,344,-339
108900164,44,80,-36
108900165,144,123,21
108900167,1525,7305,-5780
108900168,6988,3023,3965
108900169,64,92,-28
108900171,6128,3135,2993
108900172,228,48,180
108900173,161,389,-228
108900174,1063,670,393
108900176,116,443,-327
108900177,4591,5567,-976
108900178,3586,3398,188
108900179,533,2075,-1542
108900180,134,301,-167
108900182,32,353,-321
108900183,237,246,-9
108900184,520,290,230
108900185,157,461,-304
108900186,101,335,-234
108900187,480,60,420
108900188,633,65,568
108900189,531,193,338
108900190,61,2590,-2529
108900191,253,30,223
108900192,96,223,-127
108900193,198,44,154
108900194,15,299,-284
108900195,202,273,-71
108900196,35,267,-232
108900198,3,331,-328
108900199,295,353,-58
108900200,701,432,269
108900201,540,1425,-885
108900203,530,117,413
108900204,487,22,465
108900205,169,31,138
108900206,470,66,404
108900207,222,116,106
108900208,21,348,-327
108900209,245,547,-302
108900210,193,186,7
108900211,179,598,-419
108900212,603,1486,-883
108900215,82,341,-259
108900216,479,206,273
108900217,148,0,148
108900218,149,10,139
108900219,116,7,109
108900220,77,37,40
108900221,43,125,-82
108900222,313,60,253
108900223,8,127,-119
108900224,38,184,-146
108900225,1,189,-188
108900226,337,27,310
108900227,103,408,-305
108900230,236,252,-16
108900231,16,174,-158
108900232,1,244,-243
108900233,428,114,314
108900234,428,163,265
108900235,187,609,-422
108900236,36,346,-310
108900237,82,193,-111
108900240,163,110,53
108900241,50,48,2
108900245,16,1440,-1424
108900249,159,42,117
108900250,342,225,117
108900257,276,369,-93
108900258,17,234,-217
108900259,111,68,43
108900260,9,89,-80
108900261,74,140,-66
108900262,147,158,-11
108900263,27,173,-146
108900264,565,336,229
108900265,809,366,443
108900266,754,621,133
108900267,6,118,-112
108900268,7,15,-8
108900269,114,15,99
108900270,98,11,87
108900271,67,24,43
108900272,259,20,239
108900273,943,885,58
108900274,41,40,1
109000001,3023,1637,1386
109000002,1667,1644,23
109000003,2945,493,2452
109000004,506,2064,-1558
109000005,2751,733,2018
109000006,750,2031,-1281
109000007,1573,700,873
109000008,534,1781,-1247
109000009,4163,1480,2683
109000010,1416,3452,-2036
109000011,3624,2475,1149
109000012,1985,3119,-1134
109000013,4133,3512,621
109000014,1896,2997,-1101
109000015,4123,7432,-3309
109000016,5865,3479,2386
109000017,2552,1293,1259
109000018,928,2755,-1827
109000019,2918,1623,1295
109000020,991,1911,-920
109000023,316,29,287
109000024,8,192,-184
109000025,349,466,-117
109000026,679,310,369
109000027,105,352,-247
109000028,169,90,79
109000029,136,176,-40
109000030,89,606,-517
109000031,196,189,7
109000032,159,458,-299
109000033,342,215,127
109000034,110,51,59
109000035,10,67,-57
109000036,84,334,-250
109000037,234,1329,-1095
109000038,589,437,152
109000039,971,865,106
109000040,4142,9219,-5077
109000041,2968,1883,1085
109000042,590,1291,-701
109000044,435,71,364
109000045,117,337,-220
109000046,436,112,324
109000047,98,480,-382
109000048,901,320,581
109000049,309,625,-316
109000050,420,291,129
109000051,335,248,87
109000052,543,882,-339
109000053,246,88,158
109000054,280,482,-202
109000055,258,436,-178
109000056,399,465,-66
109000057,818,582,236
109000058,1102,318,784
109000059,948,1621,-673
109000060,409,373,36
109000061,869,1214,-345
109000062,167,395,-228
109000063,217,150,67
109000064,264,230,34
109000065,138,181,-43
109000066,414,98,316
109000067,73,266,-193
109000068,2417,12,2405
109000069,977,33,944
109000070,9,1177,-1168
109000071,384,86,298
109000072,80,269,-189
109000073,76,111,-35
109000074,32,176,-144
109000075,85,373,-288
109000076,154,243,-89
109000077,358,242,116
109000078,86,157,-71
109000079,142,175,-33
109000080,202,81,121
109000081,124,413,-289
109000082,645,209,436
109000083,344,579,-235
109000088,112,482,-370
109000089,347,69,278
109000090,173,384,-211
109000091,429,281,148
109000092,359,465,-106
109000093,220,264,-44
109000094,635,0,635
109000095,121,363,-242
109000096,777,358,419
109000097,112,167,-55
109000098,62,176,-114
109000099,1118,329,789
109000100,237,538,-301
109000101,1867,715,1152
109000102,446,801,-355
109000103,380,598,-218
109000104,2024,640,1384
109000105,441,1132,-691
109000106,2343,859,1484
109000107,725,1961,-1236
109000108,2003,642,1361
109000109,457,1730,-1273
109000110,1499,614,885
109000111,949,1852,-903
109000112,476,149,327
109000113,511,179,332
109000114,177,360,-183
109000115,1206,30,1176
109000116,6,270,-264
109000117,289,48,241
109000118,12,303,-291
109000119,1441,270,1171
109000120,187,819,-632
109000121,580,52,528
109000122,107,729,-622
109000123,32,58,-26
109000124,720,426,294
109000125,899,372,527
109000126,473,782,-309
109000127,1018,246,772
109000128,513,1295,-782
109000129,2579,967,1612
109000130,671,1611,-940
109000131,1055,729,326
109000132,800,1665,-865
109000133,381,959,-578
109000134,877,1378,-501
109000135,1141,1513,-372
109000136,325,287,38
109000137,338,397,-59
109000138,570,297,273
109000139,608,457,151
109000140,183,336,-153
109000141,589,509,80
109000142,122,552,-430
109000143,157,84,73
109000145,149,266,-117
109000146,77,130,-53
109000148,3466,2096,1370
109000149,35,59,-24
109000150,121,408,-287
109000155,893,557,336
109000156,1004,762,242
109000158,222,319,-97
109000159,209,550,-341
109000160,933,264,669
109000161,349,1017,-668
109000162,1998,743,1255
109000163,1281,1811,-530
109000164,1468,2471,-1003
109000165,1347,478,869
109000166,835,126,709
109000167,153,510,-357
109000170,51,49,2
109000171,78,44,34
109000172,48,69,-21
109000173,46,88,-42
109000174,113,61,52
109000175,59,72,-13
109000176,325,237,88
109000177,35,112,-77
109000178,831,418,413
109000179,4575,5684,-1109
109000180,5212,3969,1243
109000181,19,25,-6
109000182,52,25,27
109000183,56,33,23
109000184,57,17,40
109000185,19,37,-18
109000188,653,1822,-1169
109000189,2631,993,1638
109000190,651,479,172
109000191,365,473,-108
109000192,425,186,239
109000193,193,267,-74
109000194,408,120,288
109000195,190,318,-128
109000196,395,140,255
109000197,212,367,-155
109000198,422,80,342
109000199,167,480,-313
109000206,236,41,195
109000207,131,26,105
109000208,109,79,30
109000209,204,116,88
109000210,214,546,-332
109000211,731,488,243
109000214,434,285,149
109000215,180,93,87
109000216,294,311,-17
109000217,222,123,99
109000218,288,228,60
109000221,553,1023,-470
109000222,1012,317,695
109000223,359,363,-4
109000224,62,113,-51
109000225,89,32,57
109000226,75,207,-132
109000227,1248,900,348
109000228,1,960,-959
109000231,0,315,-315
109000232,369,308,61
109000236,313,673,-360
109000241,2150,2104,46
109000242,2196,1331,865
109000293,32,92,-60
109000361,113,322,-209
109000364,305,541,-236
109000396,5,397,-392
109000397,641,16,625
109000399,163,431,-268
109000400,84,213,-129
109000403,128,1114,-986
109000406,278,5,273
109000407,292,232,60
109000408,0,311,-311
109000410,1297,272,1025
109000411,246,26,220
109900001,147,0,147
109900002,840,25,815
109900003,332,1,331
109900004,987,172,815
109900005,43,5,38
109900006,514,181,333
109900007,951,444,507
109900008,1,59,-58
109900009,139,538,-399
109900010,671,17,654
109900011,124,59,65
109900012,367,261,106
109900013,457,207,250
109900014,585,56,529
109900015,589,267,322
109900016,209,39,170
109900017,231,292,-61
109900018,323,84,239
109900019,379,64,315
109900020,47,43,4
109900021,33,12,21
109900022,172,200,-28
109900023,30,5,25
109900024,32,3,29
109900025,26,45,-19
109900026,5,151,-146
109900027,89,40,49
109900028,1124,1099,25
109900029,1,257,-256
109900030,60,11,49
109900031,0,96,-96
109900032,15,335,-320
109900033,5,480,-475
109900034,40,3,37
109900035,15,13,2
109900036,23,55,-32
109900037,31,453,-422
109900038,139,224,-85
109900039,12,0,12
109900040,38,435,-397
109900041,65,329,-264
109900042,32,376,-344
109900044,103,213,-110
109900045,166,56,110
109900046,50,85,-35
109900047,332,300,32
109900048,4,101,-97
109900049,19,47,-28
109900050,2,137,-135
109900051,1,34,-33
109900052,142,351,-209
109900053,4,226,-222
109900054,695,231,464
109900055,62,281,-219
109900056,26,255,-229
109900057,6,151,-145
109900058,0,74,-74
109900059,843,149,694
109900060,477,140,337
109900061,78,284,-206
109900062,1,182,-181
109900063,13,533,-520
109900064,621,208,413
109900065,95,135,-40
109900066,357,799,-442
109900067,0,232,-232
109900068,90,9,81
109900069,4,45,-41
109900070,46,351,-305
109900071,0,25,-25
109900072,14,162,-148
109900073,440,438,2
109900074,9,35,-26
109900075,40,43,-3
109900076,28,180,-152
109900077,37,42,-5
109900078,97,192,-95
109900080,132,304,-172
109900081,41,356,-315
109900082,44,346,-302
109900083,29,82,-53
109900084,71,136,-65
109900085,237,596,-359
109900086,172,400,-228
109900087,362,608,-246
109900089,776,259,517
109900090,515,1036,-521
109900091,382,100,282
109900092,471,24,447
109900093,1198,214,984
109900094,84,92,-8
109900095,121,234,-113
109900096,25,12,13
109900097,96,1,95
109900098,462,43,419
109900099,198,0,198
109900100,59,0,59
109900101,506,20,486
109900102,547,24,523
109900103,37,46,-9
109900104,715,642,73
109900105,589,31,558
109900106,407,84,323
109900107,683,94,589
109900108,133,279,-146
109900109,58,123,-65
109900110,102,319,-217
109900111,369,787,-418
109900112,376,534,-158
109900113,869,632,237
109900114,1271,1262,9
109900115,138,89,49
109900117,1190,146,1044
109900118,233,441,-208
109900119,689,425,264
109900120,89,22,67
109900121,549,733,-184
109900122,438,7,431
109900123,20,126,-106
109900124,40,382,-342
109900125,1,130,-129
109900126,297,106,191
109900128,309,51,258
109900130,6092,2449,3643
109900131,60,132,-72
109900132,32,130,-98
109900133,91,293,-202
109900134,96,107,-11
109900135,357,78,279
109900136,52,161,-109
109900137,139,233,-94
109900140,234,176,58
109900142,1567,337,1230
109900145,8,639,-631
109900146,576,45,531
109900148,49,96,-47
109900149,41,82,-41
109900150,5,95,-90
109900151,4,46,-42
109900152,0,25,-25
109900153,0,74,-74
109900154,50,0,50
109900155,103,14,89
109900157,81,204,-123
109900158,51,164,-113
109900159,238,29,209
109900160,211,67,144
109900161,317,111,206
109900162,288,157,131
109900163,678,370,308
109900164,87,146,-59
109900165,304,5,299
109900166,2,138,-136
109900167,209,508,-299
109900168,185,591,-406
109900169,308,176,132
109900170,247,887,-640
109900171,201,93,108
109900172,213,266,-53
109900173,2560,2664,-104
109900174,51,122,-71
109900175,67,95,-28
109900176,144,175,-31
109900177,66,194,-128
109900178,12,121,-109
109900179,37,15,22
109900180,4,14,-10
110000001,1020,536,484
110000002,606,841,-235
110000003,939,643,296
110000004,476,761,-285
110000005,422,1642,-1220
110000006,320,340,-20
110000007,159,150,9
110000008,16,50,-34
110000009,65,34,31
110000010,36,61,-25
110000011,67,60,7
110000012,516,351,165
110000013,38,567,-529
110000014,512,432,80
110000015,305,571,-266
110000016,238,1583,-1345
110000017,2591,298,2293
110000018,2192,433,1759
110000019,17,117,-100
110000020,556,271,285
110000021,423,447,-24
110000022,1001,214,787
110000023,13,178,-165
110000024,716,342,374
110000025,420,7,413
110000026,9,303,-294
110000027,1252,1135,117
110000028,901,723,178
110000029,530,635,-105
110000030,298,377,-79
110000031,328,392,-64
110000032,797,412,385
110000033,363,135,228
110000034,579,655,-76
110000035,981,582,399
110000036,940,663,277
110000037,237,459,-222
110000038,280,730,-450
110000039,645,2907,-2262
110000040,315,339,-24
110000041,371,1458,-1087
110000042,105,369,-264
110000043,833,273,560
110000044,143,367,-224
110000045,1262,86,1176
110000046,5,26,-21
110000047,48,57,-9
110000048,11,27,-16
110000049,52,28,24
110000050,7,97,-90
110000051,36,14,22
110000052,23,35,-12
110000053,220,84,136
110000054,135,348,-213
110000055,410,98,312
110000056,210,85,125
110000057,412,551,-139
110000058,1351,542,809
110000059,1000,544,456
110000060,896,1052,-156
110000061,960,682,278
110000062,636,860,-224
110000063,35,121,-86
110000064,95,78,17
110000065,62,58,4
110000066,81,54,27
110000067,104,201,-97
110000068,469,189,280
110000069,376,121,255
110000071,211,130,81
110000073,4,18,-14
110000075,20,97,-77
110000076,321,371,-50
110000077,441,1146,-705
110000078,48,32,16
110000080,288,738,-450
110000081,64,359,-295
110000082,54,465,-411
110000083,261,735,-474
110000084,1294,967,327
110000085,1830,1734,96
110000086,1437,2720,-1283
110000087,9,92,-83
110000088,103,244,-141
110000089,347,142,205
110000090,132,217,-85
110000091,952,234,718
110000092,35,84,-49
110000093,89,21,68
110000094,490,298,192
110000095,291,648,-357
110000096,1938,1937,1
110000097,1258,1197,61
110000098,2331,684,1647
110000099,836,1617,-781
110000100,1089,460,629
110000101,24,365,-341
110000102,110,35,75
110000104,421,151,270
110000105,44,264,-220
110000106,730,515,215
110000107,338,395,-57
110000108,123,88,35
110000109,288,272,16
110000110,3212,5664,-2452
110000111,5626,3121,2505
110000112,1277,1747,-470
110000113,486,2704,-2218
110000114,204,646,-442
110000115,422,368,54
110000116,55,47,8
110000117,227,285,-58
110000118,387,186,201
110000119,274,329,-55
110000120,457,211,246
110000121,129,367,-238
110000122,450,620,-170
110000123,677,804,-127
110000124,1,767,-766
110000125,1210,13,1197
110000126,325,39,286
110000127,1290,78,1212
110000128,34,1183,-1149
110000129,3,535,-532
110000130,365,262,103
110000131,106,301,-195
110000132,3,622,-619
110000133,48,415,-367
110000134,26,344,-318
110000135,182,25,157
110000136,79,277,-198
110000137,512,623,-111
110000138,925,632,293
110000139,868,1139,-271
110000140,1175,701,474
110000143,689,470,219
110000144,5879,2232,3647
110000145,2259,1485,774
110000146,2885,1100,1785
110000147,581,728,-147
110000148,572,274,298
110000151,1201,1300,-99
110000152,929,418,511
110000153,97,35,62
110000154,66,58,8
110000155,1905,4718,-2813
110000156,1028,3031,-2003
110000157,2415,2656,-241
110000160,554,279,275
110000161,177,334,-157
110000166,605,102,503
110000167,971,663,308
110000168,1203,588,615
110000169,1062,398,664
110000170,103,80,23
110000171,675,164,511
110000172,162,660,-498
110000173,1065,1014,51
110000174,173,727,-554
110000175,662,62,600
110000176,134,289,-155
110000177,229,857,-628
110000178,446,1432,-986
110000179,1096,308,788
110000180,239,203,36
110000181,490,432,58
110000182,370,138,232
110000183,8043,6850,1193
110000184,376,2423,-2047
110000185,987,736,251
110000186,929,684,245
110000191,1089,290,799
110000192,632,23,609
110000193,1246,9,1237
110000194,10,967,-957
110000195,503,233,270
110000196,520,305,215
110000197,141,165,-24
110000198,175,66,109
110000199,78,133,-55
110000200,1152,567,585
110000201,935,1191,-256
110000202,1394,626,768
110000203,670,792,-122
110000204,8,226,-218
110000205,156,52,104
110000206,552,1131,-579
110000207,1040,425,615
110000208,203,253,-50
110000209,151,792,-641
110000210,1267,439,828
110000211,799,677,122
110000212,513,1036,-523
110000213,224,78,146
110000214,278,100,178
110000215,228,307,-79
110000216,103,296,-193
110000217,277,170,107
110000218,138,236,-98
110000219,363,84,279
110000220,99,242,-143
110000221,351,76,275
110000222,74,210,-136
110000223,7,188,-181
110000224,23,7,16
110000225,305,711,-406
110000226,229,56,173
110000227,734,709,25
110000228,244,160,84
110000229,1,245,-244
110000230,608,598,10
110000231,176,219,-43
110000232,202,242,-40
110000233,191,252,-61
110000234,807,835,-28
110000235,910,1141,-231
110000236,778,667,111
110000237,2163,1261,902
110000238,1328,1578,-250
110000239,1951,1237,714
110000240,0,64,-64
110000242,0,18,-18
110000243,144,122,22
110000244,157,404,-247
110000245,42,363,-321
110000246,833,473,360
110000247,1351,5548,-4197
110000248,2007,1757,250
110000249,68,4,64
110000250,47,204,-157
110000251,356,518,-162
110000252,240,179,61
110000253,1635,822,813
110000254,710,1290,-580
110000255,268,1011,-743
110000256,576,379,197
110000257,870,505,365
110000258,13,421,-408
110000259,142,31,111
110000260,25,206,-181
110000263,509,140,369
110000264,333,394,-61
110000265,1079,1959,-880
110000266,2280,3235,-955
110000267,37,213,-176
110000268,362,545,-183
110000269,7,70,-63
110000270,106,13,93
110000271,1307,246,1061
110000272,1241,1155,86
110000273,3876,1790,2086
110000274,210,1562,-1352
110000275,1869,597,1272
110000276,305,324,-19
110000277,305,364,-59
110000278,319,718,-399
110000279,962,871,91
110000280,457,424,33
110000281,56,440,-384
110000282,318,18,300
110000283,54,156,-102
110000284,50,50,0
110000285,3,714,-711
110000286,32,0,32
110000287,106,3,103
110000288,6,130,-124
110000289,526,1994,-1468
110000290,804,578,226
110000291,4686,1376,3310
110000292,1399,4353,-2954
110000293,719,608,111
110000294,1010,1071,-61
110000295,149,824,-675
110000296,454,344,110
110000297,2779,353,2426
110000298,257,567,-310
110000299,267,113,154
110000301,268,36,232
110000302,411,767,-356
110000303,390,5,385
110000304,150,235,-85
110000305,1206,25,1181
110000306,161,1065,-904
110000307,1862,11,1851
110000308,687,11,676
110000309,4,654,-650
110000310,728,61,667
110000311,6,579,-573
110000312,514,113,401
110000313,2597,3916,-1319
110000314,2,336,-334
110000315,3278,2846,432
110000316,573,1397,-824
110000317,382,413,-31
110000318,11,76,-65
110000319,13,37,-24
110000320,81,60,21
110000321,24,52,-28
110000322,338,368,-30
110000323,413,196,217
110000324,3350,1848,1502
110000325,2687,3212,-525
110000327,566,310,256
110000328,241,413,-172
110000333,1098,770,328
110000334,1069,1503,-434
110000335,1120,616,504
110000336,796,1017,-221
110000337,1426,645,781
110000338,561,181,380
110000339,359,213,146
110000340,79,168,-89
110000341,570,523,47
110000342,558,4,554
110000343,0,22,-22
110000344,66,132,-66
110000345,103,123,-20
110000346,2392,2032,360
110000347,1084,695,389
110000348,22,21,1
110000349,10,9,1
110000350,73,7,66
110000351,1025,787,238
110000352,865,1543,-678
110000353,2307,727,1580
110000354,1235,2764,-1529
110000355,129,86,43
110000356,672,8,664
110000357,424,20,404
110000361,47,55,-8
110000362,107,89,18
110000363,421,132,289
110000364,255,349,-94
110000365,184,4,180
110000366,0,88,-88
110000367,378,177,201
110000368,1,55,-54
110000369,47,7,40
110000373,6,293,-287
110000374,143,21,122
110000375,134,896,-762
110000376,42,107,-65
110000377,84,449,-365
110000378,22,351,-329
110000379,2441,1845,596
110000380,60,10,50
110000383,2,1348,-1346
110000384,1829,1064,765
110000385,0,192,-192
110000387,94,16,78
110000388,43,206,-163
110000389,894,4,890
110000391,681,307,374
110000396,241,160,81
110000397,198,154,44
110000398,2,41,-39
110000399,172,0,172
110000587,105,40,65
110000589,247,113,134
110000640,242,71,171
110000652,80,389,-309
110000653,350,405,-55
110000654,90,306,-216
110000656,2,558,-556
110000674,28,32,-4
110000675,27,67,-40
110000676,36,50,-14
110000679,342,1535,-1193
110000682,121,243,-122
110000683,300,559,-259
110000684,9,48,-39
110000685,17,7,10
110000686,5,45,-40
110000687,27,5,22
110000688,89,1030,-941
110000689,48,31,17
110000692,70,149,-79
110000693,56,313,-257
110000694,0,178,-178
110000695,250,699,-449
110000696,79,84,-5
110900001,277,17,260
110900002,381,211,170
110900003,1006,539,467
110900004,542,166,376
110900005,2176,2209,-33
110900006,55,15,40
110900007,147,35,112
110900008,8,34,-26
110900009,501,171,330
110900010,9,70,-61
110900011,21,85,-64
110900012,22,90,-68
110900013,1134,169,965
110900014,215,14,201
110900015,556,815,-259
110900016,68,131,-63
110900017,477,50,427
110900018,571,88,483
110900019,181,34,147
110900020,121,233,-112
110900021,108,486,-378
110900022,79,249,-170
110900023,112,471,-359
110900024,20,339,-319
110900025,3,49,-46
110900027,62,213,-151
110900028,43,135,-92
110900029,26,306,-280
110900030,50,264,-214
110900031,8,109,-101
110900032,0,67,-67
110900033,46,245,-199
110900035,29,503,-474
110900036,99,25,74
110900037,69,24,45
110900038,947,234,713
110900039,17,292,-275
110900040,278,45,233
110900041,10,95,-85
110900042,96,76,20
110900043,3,102,-99
110900044,280,19,261
110900045,52,350,-298
110900046,36,285,-249
110900047,444,332,112
110900049,129,85,44
110900050,32,11,21
110900051,50,235,-185
110900052,9,130,-121
110900053,181,47,134
110900054,55,177,-122
110900055,58,5,53
110900056,84,115,-31
110900057,8,132,-124
110900058,276,177,99
110900059,699,529,170
110900060,608,149,459
110900061,16,53,-37
110900062,187,220,-33
110900063,44,99,-55
110900064,10,0,10
110900065,395,185,210
110900066,4,81,-77
110900067,277,545,-268
110900068,232,230,2
110900069,7,15,-8
110900070,125,66,59
110900071,275,649,-374
110900073,0,20,-20
110900074,368,104,264
110900075,484,73,411
110900077,823,614,209
110900078,79,59,20
110900079,2128,1738,390
110900080,125,93,32
110900081,5,39,-34
110900082,134,107,27
110900083,147,79,68
110900084,61,79,-18
110900085,48,251,-203
110900086,117,433,-316
110900087,399,81,318
110900088,15,3,12
110900090,40,53,-13
110900091,3,55,-52
110900093,227,167,60
110900095,65,40,25
110900097,14,11,3
110900098,33,79,-46
110900099,65,332,-267
110900100,0,8,-8
110900102,62,19,43
110900105,623,257,366
110900108,10,59,-49
110900111,449,127,322
110900112,1062,10,1052
110900113,509,52,457
110900115,7,69,-62
110900116,805,1571,-766
110900118,125,3161,-3036
110900119,3388,382,3006
110900120,22,65,-43
110900121,183,5,178
110900122,591,167,424
110900125,523,498,25
110900127,740,1599,-859
110900128,291,349,-58
110900129,502,1039,-537
110900130,1075,793,282
110900131,281,55,226
110900132,365,69,296
110900133,91,177,-86
110900135,86,319,-233
110900136,405,23,382
110900137,46,1,45
110900138,766,425,341
110900139,7,143,-136
110900140,52,6,46
110900141,3,173,-170
110900142,64,176,-112
110900143,191,88,103
110900144,2,621,-619
110900145,218,40,178
110900146,352,182,170
110900147,120,341,-221
110900148,10,348,-338
110900149,7,88,-81
110900150,103,21,82
110900151,14,109,-95
110900152,33,224,-191
110900153,210,54,156
111000001,553,496,57
111000002,798,595,203
111000003,1263,723,540
111000004,401,884,-483
111000005,1294,1182,112
111000006,911,1574,-663
111000007,4430,2809,1621
111000008,1957,3162,-1205
111000009,390,882,-492
111000010,811,271,540
111000011,363,1357,-994
111000012,765,452,313
111000013,380,1236,-856
111000014,1362,527,835
111000017,132,1053,-921
111000018,301,387,-86
111000020,890,2490,-1600
111000021,83,111,-28
111000023,117,121,-4
111000025,4188,4287,-99
111000029,80,124,-44
111000030,39,129,-90
111000031,2180,1369,811
111000032,480,366,114
111000033,262,368,-106
111000034,176,247,-71
111000037,1530,896,634
111000038,3938,2638,1300
111000039,2241,2320,-79
111000040,2068,2324,-256
111000041,1828,1779,49
111000042,3022,2458,564
111000043,1978,3523,-1545
111000044,2035,1386,649
111000045,2454,2593,-139
111000046,1735,2044,-309
111000047,2623,4453,-1830
111000049,631,470,161
111000050,1499,1353,146
111000051,553,1007,-454
111000052,619,1772,-1153
111000053,395,878,-483
111000054,488,709,-221
111000055,924,1527,-603
111000056,120,440,-320
111000057,83,425,-342
111000058,453,60,393
111000059,535,283,252
111000060,3776,1013,2763
111000061,609,380,229
111000062,800,364,436
111000063,1871,1092,779
111000064,752,638,114
111000065,1211,949,262
111000066,479,504,-25
111000067,554,655,-101
111000068,650,1048,-398
111000069,1799,1944,-145
111000070,1183,900,283
111000071,247,582,-335
111000072,1246,530,716
111000073,378,814,-436
111000074,1774,1812,-38
111000075,1097,698,399
111000076,477,647,-170
111000077,1826,1802,24
111000078,2973,1573,1400
111000079,1349,821,528
111000080,605,663,-58
111000081,1518,3702,-2184
111000082,789,639,150
111000084,867,563,304
111000085,1006,1212,-206
111000086,2459,1097,1362
111000087,750,588,162
111000088,4545,2446,2099
111000089,921,851,70
111000090,954,1429,-475
111000091,878,509,369
111000092,1521,901,620
111000093,773,1079,-306
111000094,1942,1136,806
111000095,700,2452,-1752
111000096,1765,7653,-5888
111000097,4658,1743,2915
111000098,905,1176,-271
111000099,684,1569,-885
111000100,491,1278,-787
111000101,473,860,-387
111000102,309,585,-276
111000104,729,214,515
111000107,195,691,-496
111000109,994,256,738
111000110,1583,682,901
111000111,2377,547,1830
111000112,2046,624,1422
111000113,1090,1802,-712
111000114,2302,3643,-1341
111000115,5491,1379,4112
111000116,936,1005,-69
111000117,416,893,-477
111000118,1457,909,548
111000119,994,974,20
111000120,470,550,-80
111000121,268,700,-432
111000122,616,1049,-433
111000123,1120,2287,-1167
111000124,500,2419,-1919
111000125,265,1250,-985
111000126,74,716,-642
111000127,1000,160,840
111000128,1944,346,1598
111000129,2886,452,2434
111000130,2367,681,1686
111000131,1820,556,1264
111000132,1722,861,861
111000133,233,163,70
111000134,250,110,140
111000135,54,171,-117
111000136,373,314,59
111000138,11,3,8
111000140,6,8,-2
111000141,243,349,-106
111000142,17,98,-81
111000143,3,117,-114
111000144,6,260,-254
111000145,1242,11,1231
111000146,146,9,137
111000147,342,32,310
111000148,138,57,81
111000149,3,21,-18
111000150,25,5,20
111000151,4,21,-17
111000153,695,843,-148
111000154,872,256,616
111000155,123,176,-53
111000156,451,685,-234
111000157,270,1168,-898
111000158,946,752,194
111000159,2392,680,1712
111000160,510,327,183
111000161,10,312,-302
111000162,123,106,17
111000163,747,787,-40
111000164,668,3537,-2869
111000165,1045,598,447
111000166,2088,450,1638
111000167,202,404,-202
111000168,226,506,-280
111000169,359,704,-345
111000170,490,438,52
111000171,575,584,-9
111000172,159,411,-252
111000173,410,811,-401
111000174,279,292,-13
111000175,53,311,-258
111000176,303,111,192
111000177,364,219,145
111000178,1459,301,1158
111000179,225,144,81
111000180,300,545,-245
111000181,1108,244,864
111000182,242,202,40
111000183,338,379,-41
111000184,396,227,169
111000185,444,422,22
111000186,335,258,77
111000187,141,173,-32
111000188,203,401,-198
111000189,997,660,337
111000190,181,289,-108
111000191,213,299,-86
111000192,262,443,-181
111000193,376,264,112
111000194,49,284,-235
111000195,153,291,-138
111000196,99,188,-89
111000197,462,143,319
111000198,735,127,608
111000199,259,158,101
111000200,433,325,108
111000201,663,217,446
111000202,346,201,145
111000203,388,296,92
111000204,540,1245,-705
111000213,225,449,-224
111000214,1385,1327,58
111000215,1125,1282,-157
111000217,1549,990,559
111000218,1363,1264,99
111000219,513,179,334
111000220,1316,592,724
111000221,767,102,665
111000224,45,302,-257
111000225,393,348,45
111000226,126,1,125
111000227,36,2,34
111000228,35,382,-347
111000229,60,1008,-948
111000230,263,323,-60
111000231,1167,637,530
111000232,548,779,-231
111000233,1084,733,351
111000234,145,432,-287
111000239,95,119,-24
111000240,60,209,-149
111000241,57,300,-243
111000242,230,82,148
111000243,105,438,-333
111000244,507,109,398
111000245,1080,412,668
111000246,664,351,313
111000247,405,718,-313
111000248,823,450,373
111000249,527,552,-25
111000250,53,61,-8
111000251,80,89,-9
111000253,13,15,-2
111000255,26,12,14
111000257,63,23,40
111000260,79,1029,-950
111000261,1485,102,1383
111000271,54,259,-205
111000273,3247,1385,1862
111000274,1256,2210,-954
111000275,134,56,78
111000276,288,1690,-1402
111000277,194,373,-179
111000278,681,254,427
111000291,687,5811,-5124
111000298,602,214,388
111000299,742,122,620
111000300,119,525,-406
111000302,257,68,189
111000303,74,242,-168
111000312,68,74,-6
111000315,4,110,-106
111000320,288,692,-404
111000321,432,163,269
111000322,375,450,-75
111000323,248,48,200
111000324,443,270,173
111000325,61,64,-3
111000326,227,311,-84
111000327,646,375,271
111000328,266,527,-261
111000329,3,21,-18
111000330,72,7,65
111000331,20,6,14
111000332,628,1370,-742
111000334,351,1180,-829
111000335,1162,313,849
111000337,1444,389,1055
111000338,90,128,-38
111000339,737,309,428
111000340,215,575,-360
111000341,1275,688,587
111000342,208,1049,-841
111000344,1077,797,280
111000345,224,85,139
111000346,29,97,-68
111000347,184,11,173
111000350,165,132,33
111000351,143,369,-226
111000352,149,116,33
111000353,145,282,-137
111000354,551,153,398
111000355,399,625,-226
111000358,146,1012,-866
111000360,202,562,-360
111000361,142,212,-70
111000546,1074,523,551
111000547,439,473,-34
111000548,116,419,-303
111000549,321,326,-5
111000550,102,1161,-1059
111000551,853,183,670
111000552,1452,198,1254
111000907,501,13,488
111000908,47,0,47
111000916,1986,356,1630
111000917,33,395,-362
111000918,235,711,-476
111000920,566,4,562
111000921,2,168,-166
111000922,587,282,305
111000924,74,668,-594
111000925,2529,1918,611
111000926,1091,1479,-388
111000927,3215,4422,-1207
111000928,4319,3188,1131
111000929,1269,1198,71
111000930,808,2118,-1310
111000931,2270,2739,-469
111000932,4205,2294,1911
111000933,3609,2311,1298
111000934,1897,3281,-1384
111000935,1525,978,547
111000936,1265,1917,-652
111000937,1078,1376,-298
111000938,1624,1440,184
111000939,553,43,510
111000940,521,151,370
111000941,352,487,-135
111000943,500,259,241
111000944,211,314,-103
111000945,111,1223,-1112
111001109,494,406,88
111001110,171,489,-318
111001111,112,11,101
111001112,119,2,117
111001113,2,194,-192
111001114,932,174,758
111001115,111,554,-443
111001116,4719,4503,216
111001117,698,2409,-1711
111001120,127,309,-182
111001121,169,230,-61
111001122,190,447,-257
111001123,302,99,203
111001124,86,155,-69
111001125,4,125,-121
111900001,13,85,-72
111900002,24,583,-559
111900003,2,266,-264
111900004,44,93,-49
111900006,18,73,-55
111900007,153,5,148
111900008,260,7,253
111900009,229,182,47
111900010,335,477,-142
111900012,73,95,-22
111900013,32,92,-60
111900014,4605,4314,291
111900015,1,80,-79
111900016,1,119,-118
111900017,0,112,-112
111900018,305,15,290
111900019,2,150,-148
111900020,2,47,-45
111900021,50,88,-38
111900022,14,54,-40
111900023,85,95,-10
111900024,1,57,-56
111900025,0,45,-45
111900026,0,53,-53
111900027,4,132,-128
111900028,5,282,-277
111900029,4,83,-79
111900030,48,340,-292
111900031,44,60,-16
111900032,1,265,-264
111900033,6,82,-76
111900034,203,502,-299
111900035,46,181,-135
111900036,0,235,-235
111900038,285,607,-322
111900039,54,332,-278
111900040,2,430,-428
111900042,39,123,-84
111900043,2,259,-257
111900044,337,204,133
111900046,42,158,-116
111900048,296,489,-193
111900049,28,262,-234
111900050,126,34,92
111900051,3,194,-191
111900052,378,429,-51
111900053,1001,1583,-582
111900054,160,9,151
111900055,9,358,-349
111900056,160,273,-113
111900057,142,44,98
111900058,495,498,-3
111900059,1610,635,975
111900060,394,4,390
111900061,7,181,-174
111900062,20,40,-20
111900063,285,219,66
111900064,99,193,-94
111900065,66,30,36
111900066,134,143,-9
111900067,1,280,-279
111900068,62,87,-25
111900069,75,20,55
111900070,181,112,69
111900071,0,161,-161
111900072,62,29,33
111900073,908,194,714
111900074,14,169,-155
111900075,115,19,96
111900076,174,87,87
111900077,35,5,30
111900078,334,25,309
111900079,82,34,48
111900080,233,288,-55
111900082,158,30,128
111900083,145,17,128
111900084,126,6,120
111900085,40,138,-98
111900086,52,8,44
111900087,59,1,58
111900088,598,18,580
111900089,153,7,146
111900090,94,60,34
111900091,275,1,274
111900092,99,0,99
111900093,485,6,479
111900094,139,1,138
111900095,258,38,220
111900096,177,0,177
111900097,55,2,53
111900098,275,3,272
111900099,82,0,82
111900100,120,6,114
111900101,128,47,81
111900102,643,463,180
111900103,65,94,-29
111900104,197,84,113
111900105,356,233,123
111900106,897,37,860
111900110,1692,451,1241
111900111,209,127,82
111900112,512,2797,-2285
111900113,274,88,186
111900118,396,102,294
111900119,368,163,205
111900122,135,84,51
111900123,25,33,-8
111900124,46,92,-46
111900125,594,53,541
111900126,297,2,295
111900127,0,488,-488
111900128,1,427,-426
111900129,353,6,347
111900130,287,55,232
111900131,602,6,596
111900132,30,822,-792
111900133,19,260,-241
111900134,6,221,-215
111900135,13,67,-54
111900136,91,161,-70
111900137,64,55,9
111900138,17,67,-50
111900139,24,96,-72
111900140,120,29,91
111900141,65,13,52
111900142,122,36,86
111900143,37,184,-147
111900144,0,78,-78
111900145,0,365,-365
111900146,1,235,-234
111900147,137,396,-259
111900148,12,554,-542
111900149,7,276,-269
111900150,10,149,-139
111900151,2,33,-31
111900152,85,129,-44
111900153,1312,550,762
111900154,26,324,-298
111900155,64,89,-25
111900156,59,77,-18
111900157,128,11,117
111900158,527,64,463
111900159,273,26,247
111900160,284,1,283
111900161,213,2,211
111900162,90,140,-50
111900163,38,192,-154
111900164,118,69,49
111901113,561,172,389
111901114,211,221,-10
111901115,98,1,97
111901116,34,1,33
111901117,21,23,-2
111901118,53,244,-191
111901119,713,81,632
111901121,129,161,-32
111901122,8,361,-353
111901123,210,275,-65
111901124,218,3,215
111901125,414,175,239
111901127,505,567,-62
111901128,14,68,-54
111901129,7,123,-116
111901130,3,145,-142
111901131,4,189,-185
111901132,77,23,54
111901133,45,5,40
111901134,65,5,60
111901135,27,15,12
111901136,50,63,-13
111901137,0,39,-39
111901138,265,41,224
111901139,17,36,-19
111901140,21,79,-58
111901141,8,127,-119
111901142,5,86,-81
111901143,1,115,-114
111901144,27,48,-21
111901145,175,311,-136
111901146,356,21,335
112000001,2025,811,1214
112000002,707,2023,-1316
112000003,1462,1109,353
112000004,687,892,-205
112000005,3575,3779,-204
112000006,2299,1813,486
112000007,3362,2406,956
112000008,2657,3786,-1129
112000009,3030,2578,452
112000010,2798,3533,-735
112000011,1530,1569,-39
112000012,4389,4845,-456
112000013,4045,3005,1040
112000014,2772,2779,-7
112000015,3880,3569,311
112000016,4841,1614,3227
112000017,1909,3349,-1440
112000024,2185,1105,1080
112000026,3164,3907,-743
112000027,799,653,146
112000028,1173,1460,-287
112000029,549,772,-223
112000030,143,100,43
112000031,1396,4991,-3595
112000032,353,62,291
112000033,1789,2200,-411
112000034,318,71,247
112000035,121,442,-321
112000036,774,1249,-475
112000037,961,734,227
112000038,1263,984,279
112000039,96,77,19
112000040,86,239,-153
112000041,498,462,36
112000042,1241,585,656
112000050,1340,1401,-61
112000051,1030,1439,-409
112000054,1633,1710,-77
112000057,504,471,33
112000058,363,697,-334
112000059,590,727,-137
112000061,2934,2100,834
112000062,1682,891,791
112000063,1119,1776,-657
112000064,4252,5004,-752
112000065,1797,2277,-480
112000066,3844,1519,2325
112000067,862,683,179
112000068,3418,2622,796
112000069,768,1721,-953
112000070,2054,901,1153
112000071,1265,2741,-1476
112000072,2922,941,1981
112000073,1923,2529,-606
112000074,1843,1342,501
112000075,1535,1446,89
112000076,3461,2603,858
112000077,660,555,105
112000078,1933,707,1226
112000079,1537,1279,258
112000080,791,740,51
112000081,1466,2341,-875
112000082,1548,824,724
112000083,614,1181,-567
112000084,1352,950,402
112000085,1321,799,522
112000086,1887,1264,623
112000087,624,299,325
112000088,1000,539,461
112000089,286,279,7
112000090,245,288,-43
112000091,669,959,-290
112000092,2113,1185,928
112000093,1640,841,799
112000094,754,849,-95
112000095,633,858,-225
112000096,672,524,148
112000097,1451,888,563
112000098,1006,1060,-54
112000099,858,1949,-1091
112000100,1954,843,1111
112000101,548,951,-403
112000102,1545,504,1041
112000103,365,897,-532
112000105,536,1424,-888
112000106,1700,384,1316
112000107,20,218,-198
112000108,246,1518,-1272
112000109,103,71,32
112000110,2084,731,1353
112000111,1039,3315,-2276
112000112,4225,726,3499
112000113,922,1661,-739
112000114,2594,997,1597
112000115,372,429,-57
112000116,703,1118,-415
112000117,1201,878,323
112000118,1064,761,303
112000119,459,647,-188
112000120,64,361,-297
112000121,162,436,-274
112000122,387,134,253
112000123,829,204,625
112000124,417,97,320
112000125,288,298,-10
112000126,260,406,-146
112000127,2387,2479,-92
112000128,904,810,94
112000129,143,79,64
112000130,216,78,138
112000131,59,304,-245
112000132,120,234,-114
112000133,352,168,184
112000134,451,407,44
112000135,1332,695,637
112000136,973,1291,-318
112000137,1754,1748,6
112000138,1353,1286,67
112000139,1032,701,331
112000140,1006,1229,-223
112000141,848,342,506
112000142,174,605,-431
112000143,1320,241,1079
112000144,342,1164,-822
112000145,2767,526,2241
112000146,614,1726,-1112
112000147,2698,1917,781
112000148,1781,2167,-386
112000149,538,538,0
112000150,244,567,-323
112000151,322,339,-17
112000152,432,397,35
112000153,186,236,-50
112000154,136,221,-85
112000155,137,122,15
112000157,891,554,337
112000158,305,453,-148
112000159,513,314,199
112000167,455,73,382
112000169,371,478,-107
112000173,880,249,631
112000175,443,314,129
112000176,2718,2169,549
112000177,784,299,485
112000178,112,356,-244
112000179,371,114,257
112000180,339,379,-40
112000181,1446,1738,-292
112000182,1481,1409,72
112000183,52,49,3
112000184,414,361,53
112000185,506,437,69
112000187,4259,2727,1532
112000195,137,12,125
112000196,306,10,296
112000197,275,302,-27
112000198,61,262,-201
112000199,1091,835,256
112000202,430,2,428
112000216,95,310,-215
112000230,102,5,97
112000231,2,289,-287
112000256,78,266,-188
112000313,63,121,-58
112000314,67,28,39
112000337,385,615,-230
112000352,293,399,-106
112000392,1365,1279,86
112000398,1510,934,576
112000399,1734,2271,-537
112000400,1691,2716,-1025
112000401,2685,2181,504
112000402,3480,3608,-128
112000403,1734,3028,-1294
112000404,943,962,-19
112000405,2051,2857,-806
112000406,3552,2303,1249
112000407,7905,8469,-564
112000408,7572,6149,1423
112000409,1673,4217,-2544
112000410,471,344,127
112000411,3547,1872,1675
112000412,1442,655,787
112000413,7345,6489,856
112000414,85,81,4
112000415,138,32,106
112000416,2980,1458,1522
112000417,321,73,248
112000421,51,112,-61
112000422,342,305,37
112000424,2168,3087,-919
112000425,501,727,-226
112000426,146,331,-185
112000427,0,15,-15
112000428,175,306,-131
112000429,2363,2452,-89
112000430,2573,2703,-130
112000431,94,152,-58
112000432,824,1061,-237
112000433,446,953,-507
112000437,56,137,-81
112900001,82,0,82
112900002,471,775,-304
112900003,91,338,-247
112900004,70,302,-232
112900005,261,193,68
112900006,8,292,-284
112900007,43,177,-134
112900008,2,24,-22
112900009,443,145,298
112900010,416,852,-436
112900011,199,271,-72
112900012,0,49,-49
112900013,11,194,-183
112900014,7,350,-343
112900015,451,752,-301
112900016,5,243,-238
112900017,50,207,-157
112900018,1,239,-238
112900019,52,224,-172
112900020,494,1113,-619
112900021,1,200,-199
112900022,12,68,-56
112900023,1,156,-155
112900024,31,220,-189
112900025,82,290,-208
112900026,8,234,-226
112900027,10,869,-859
112900028,12,132,-120
112900029,12,417,-405
112900030,107,166,-59
112900031,6,439,-433
112900032,252,243,9
112900034,1,32,-31
112900035,6,355,-349
112900036,110,108,2
112900037,168,193,-25
112900038,780,198,582
112900039,17,265,-248
112900040,6,311,-305
112900041,832,1269,-437
112900042,45,324,-279
112900043,35,41,-6
112900044,550,493,57
112900045,275,301,-26
112900046,216,108,108
112900047,14,13,1
112900049,268,98,170
112900050,48,496,-448
112900051,285,535,-250
112900052,6,733,-727
112900053,238,77,161
112900054,171,70,101
112900055,141,57,84
112900056,386,238,148
112900057,15,435,-420
112900058,435,411,24
112900059,172,133,39
112900060,25,125,-100
112900061,106,120,-14
112900062,119,95,24
112900063,131,21,110
112900064,187,225,-38
112900065,41,30,11
112900066,250,192,58
112900067,367,158,209
112900068,35,50,-15
112900069,1587,911,676
112900071,27,8,19
112900072,144,2132,-1988
112900073,381,128,253
112900074,103,335,-232
112900075,1203,1032,171
112900076,78,54,24
112900078,345,407,-62
112900079,285,33,252
112900080,74,1,73
112900081,66,204,-138
112900082,601,41,560
112900083,142,146,-4
112900084,290,149,141
112900086,102,0,102
112900087,823,192,631
112900088,217,35,182
112900089,1093,37,1056
112900090,53,48,5
112900091,336,9,327
112900092,158,398,-240
112900093,1332,30,1302
112900095,45,0,45
112900096,537,192,345
112900097,92,336,-244
112900098,163,4,159
112900099,885,34,851
112900100,102,0,102
112900101,444,6,438
112900102,198,26,172
112900103,226,8,218
112900104,134,4,130
112900105,17,0,17
112900106,596,129,467
112900107,8,0,8
112900108,17,0,17
112900109,158,3,155
112900110,1411,12,1399
112900111,751,7,744
112900112,356,2,354
112900113,0,5,-5
112900114,163,23,140
112900115,1396,3,1393
112900116,140,31,109
112900117,92,101,-9
112900118,25,88,-63
112900119,226,8,218
112900120,725,295,430
112900121,91,198,-107
112900122,10,109,-99
112900123,106,27,79
112900124,7,94,-87
112900125,81,708,-627
112900126,162,244,-82
112900127,419,105,314
112900128,243,736,-493
112900129,1,869,-868
112900130,303,112,191
112900131,47,265,-218
112900132,125,400,-275
112900133,28,899,-871
112900134,0,277,-277
112900135,122,58,64
112900137,3,489,-486
112900138,10,230,-220
112900139,213,1075,-862
112900141,1132,165,967
112900142,94,201,-107
112900143,22,412,-390
112900144,0,246,-246
112900145,28,481,-453
112900146,6,956,-950
112900147,4,1349,-1345
112900148,77,3,74
112900149,342,556,-214
112900151,12,61,-49
112900152,3420,832,2588
112900153,1854,2607,-753
112900154,1,118,-117
112900155,265,38,227
112900156,455,1175,-720
112900157,390,44,346
112900158,86,25,61
112900159,270,177,93
112900160,94,282,-188
112900161,155,49,106
112900162,24,17,7
112900163,93,42,51
112900164,34,193,-159
112900165,92,45,47
112900166,29,83,-54
112900167,4,56,-52
112900168,7,6,1
112900169,16,19,-3
112900170,249,119,130
112900172,53,13,40
112900173,199,110,89
112900174,315,44,271
112900175,133,183,-50
112900176,13,118,-105
112900177,270,49,221
112900178,831,2330,-1499
112900179,53,407,-354
112900180,1991,1604,387
112900181,720,14,706
112900182,65,878,-813
112900183,153,367,-214
112900184,479,550,-71
112900185,307,732,-425
112900186,1340,1215,125
112900187,92,588,-496
112900188,720,663,57
112900189,4,24,-20
112900190,5,40,-35
112900192,776,864,-88
112900193,1424,491,933
112900194,69,46,23
112900195,1052,59,993
112900196,245,347,-102
112900197,327,418,-91
112900199,725,462,263
112900200,549,190,359
112900201,152,95,57
112900202,481,743,-262
112900203,280,201,79
112900204,1083,725,358
112900205,9,23,-14
112900206,38,91,-53
112900207,20,2,18
112900208,63,341,-278
112900209,486,339,147
112900210,1,25,-24
112900211,114,35,79
112900212,0,83,-83
112900213,41,4,37
112900214,24,15,9
112900215,15,167,-152
112900216,19,67,-48
112900217,1,66,-65
112900218,98,13,85
112900219,87,19,68
112900220,3,0,3
112900221,34,121,-87
112900222,0,34,-34
112900223,1200,20,1180
112900224,422,480,-58
112900225,603,381,222
112900226,266,415,-149
112900227,846,914,-68
112900228,63,50,13
112900229,314,43,271
112900230,6579,4404,2175
112900232,236,287,-51
112900233,45,170,-125
112900234,28,85,-57
112900235,97,22,75
112900236,340,18,322
112900237,246,186,60
112900238,4,17,-13
112900239,540,437,103
113000001,6425,4372,2053
113000002,4008,3643,365
113000003,2015,1481,534
113000004,1622,2348,-726
113000005,1902,1013,889
113000006,1085,1410,-325
113000007,2325,1270,1055
113000008,1855,1839,16
113000009,1263,773,490
113000010,1133,1395,-262
113000011,777,1614,-837
113000012,2035,784,1251
113000013,1484,828,656
113000014,1626,1660,-34
113000015,457,223,234
113000016,378,937,-559
113000017,77,386,-309
113000018,402,50,352
113000019,442,391,51
113000020,533,157,376
113000021,1413,517,896
113000022,756,1103,-347
113000025,165,452,-287
113000026,567,530,37
113000027,545,692,-147
113000028,1049,753,296
113000029,819,679,140
113000030,352,627,-275
113000031,265,291,-26
113000032,293,346,-53
113000033,302,454,-152
113000034,332,309,23
113000035,34,44,-10
113000036,13,48,-35
113000037,53,43,10
113000038,13,40,-27
113000039,124,404,-280
113000040,91,104,-13
113000042,804,510,294
113000051,941,2390,-1449
113000052,1853,823,1030
113000053,458,381,77
113000054,346,788,-442
113000055,1248,546,702
113000056,1073,865,208
113000058,842,912,-70
113000059,1193,704,489
113000060,285,621,-336
113000061,494,897,-403
113000062,844,312,532
113000063,278,100,178
113000064,43,251,-208
113000065,140,765,-625
113000066,703,136,567
113000067,2404,1310,1094
113000068,437,1171,-734
113000069,602,1059,-457
113000070,2904,1180,1724
113000071,514,569,-55
113000072,956,507,449
113000073,419,1430,-1011
113000074,1137,472,665
113000075,2078,839,1239
113000076,659,2016,-1357
113000077,1306,792,514
113000078,870,2550,-1680
113000079,741,889,-148
113000080,736,793,-57
113000081,889,1019,-130
113000082,1292,902,390
113000083,620,1031,-411
113000084,1585,1444,141
113000085,883,746,137
113000086,1100,1320,-220
113000087,925,940,-15
113000088,2364,1526,838
113000089,833,1639,-806
113000090,268,671,-403
113000091,567,350,217
113000094,1251,237,1014
113000095,224,764,-540
113000096,156,738,-582
113000097,1365,484,881
113000098,151,41,110
113000099,1078,408,670
113000100,157,359,-202
113000101,338,611,-273
113000102,746,526,220
113000103,1740,423,1317
113000104,599,2077,-1478
113000105,795,565,230
113000106,430,482,-52
113000107,903,725,178
113000108,622,1159,-537
113000109,574,1678,-1104
113000110,1966,441,1525
113000111,135,620,-485
113000112,357,406,-49
113000113,1319,357,962
113000114,277,1539,-1262
113000116,723,370,353
113000117,778,134,644
113000118,101,465,-364
113000119,339,297,42
113000120,59,202,-143
113000121,663,989,-326
113000124,221,135,86
113000125,84,793,-709
113000127,2345,306,2039
113000128,537,657,-120
113000129,727,828,-101
113000133,2008,1923,85
113000134,5,1230,-1225
113000135,4764,4596,168
113000137,2048,3861,-1813
113000139,399,274,125
113000140,155,266,-111
113000141,377,262,115
113000142,592,1424,-832
113000143,328,221,107
113000144,320,641,-321
113000145,83,158,-75
113000146,133,60,73
113000147,167,109,58
113000148,210,125,85
113000149,145,103,42
113000150,687,337,350
113000151,79,54,25
113000152,36,101,-65
113000153,1477,649,828
113000154,1028,1670,-642
113000155,409,710,-301
113000156,160,418,-258
113000157,365,1021,-656
113000158,829,316,513
113000159,1167,890,277
113000160,772,1148,-376
113000161,321,522,-201
113000162,1029,493,536
113000163,92,76,16
113000164,23,69,-46
113000166,141,109,32
113000167,44,103,-59
113000168,79,116,-37
113000169,205,64,141
113000170,115,89,26
113000171,58,106,-48
113000172,303,64,239
113000173,75,28,47
113000174,128,466,-338
113000175,459,112,347
113000176,637,157,480
113000177,211,431,-220
113000178,228,333,-105
113000179,311,225,86
113000180,806,1098,-292
113000181,1118,896,222
113000182,165,454,-289
113000183,133,635,-502
113000184,16,110,-94
113000189,473,1011,-538
113000190,1121,745,376
113000192,1257,2447,-1190
113000193,4355,1628,2727
113000194,1351,1296,55
113000195,2262,1266,996
113000196,180,89,91
113000197,1484,1254,230
113000198,83,325,-242
113000199,1636,420,1216
113000201,296,322,-26
113000202,3967,1426,2541
113000203,242,126,116
113000204,1222,2538,-1316
113000205,13,29,-16
113000206,13,50,-37
113000207,114,21,93
113000208,50,63,-13
113000209,7,22,-15
113000210,5,16,-11
113000211,202,183,19
113000212,99,29,70
113000213,37,128,-91
113000214,198,275,-77
113000234,226,776,-550
113000410,190,282,-92
113000411,2463,4488,-2025
113000412,5952,2384,3568
113000413,2622,3298,-676
113000414,6289,14628,-8339
113000415,2496,3233,-737
113000416,8808,4527,4281
113000417,2715,3510,-795
113000418,4740,3597,1143
113000419,1938,2418,-480
113000420,4862,6552,-1690
113000421,4373,7119,-2746
113000422,12130,12154,-24
113000423,2317,5961,-3644
113000424,3182,9183,-6001
113000425,17,93,-76
113000428,42,17,25
113000430,10,46,-36
113000432,2280,245,2035
113000433,103,742,-639
113000434,31,143,-112
113000435,37,489,-452
113000436,36,1032,-996
113000437,1208,41,1167
113000438,369,17,352
113000439,15,111,-96
113000440,166,34,132
113000441,311,282,29
113000442,134,193,-59
113000443,271,226,45
113000444,192,192,0
113000445,176,143,33
113000446,43,91,-48
113000448,211,162,49
113000449,220,939,-719
113000450,618,2229,-1611
113000451,1171,198,973
113000452,398,427,-29
113000453,110,325,-215
113000454,745,115,630
113000455,42,334,-292
113000456,3862,3248,614
113000468,1439,204,1235
113000469,209,172,37
113000470,417,31,386
113000471,21,398,-377
113000472,155,302,-147
113000474,719,573,146
113000475,1547,1698,-151
113000476,1460,1938,-478
113000477,3408,2066,1342
113000478,3797,5356,-1559
113000479,93,173,-80
113000480,134,238,-104
113000484,0,0,0
113000485,0,0,0
113000486,1,0,1
113000487,0,0,0
113000488,0,0,0
113000489,0,0,0
113000490,0,1,-1
113000491,1,1,0
113000492,0,0,0
113000493,0,0,0
113000495,236,137,99
113000496,144,128,16
113000499,0,0,0
113900001,6,160,-154
113900002,2,73,-71
113900003,0,58,-58
113900004,5,46,-41
113900005,4,72,-68
113900006,3,21,-18
113900007,61,47,14
113900008,22,0,22
113900009,140,1,139
113900010,103,1,102
113900011,55,0,55
113900012,33,1,32
113900013,255,1,254
113900014,644,3,641
113900015,1,81,-80
113900016,69,0,69
113900017,3,60,-57
113900018,375,260,115
113900019,169,48,121
113900020,162,0,162
113900022,19,0,19
113900023,34,0,34
113900024,45,66,-21
113900025,291,27,264
113900026,46,0,46
113900027,4,56,-52
113900028,23,414,-391
113900029,57,168,-111
113900030,243,1,242
113900031,14,4,10
113900032,14,0,14
113900033,96,101,-5
113900035,66,1,65
113900036,16,90,-74
113900037,196,411,-215
113900038,106,133,-27
113900039,165,26,139
113900040,14,18,-4
113900041,4,5,-1
113900042,75,32,43
113900043,190,113,77
113900044,304,408,-104
113900045,99,3,96
113900046,254,688,-434
113900047,36,112,-76
113900048,201,129,72
113900049,551,286,265
113900050,274,336,-62
113900051,237,359,-122
113900052,132,126,6
113900053,837,628,209
113900054,41,4,37
113900055,109,433,-324
113900056,39,236,-197
113900057,13,67,-54
113900058,79,136,-57
113900059,259,318,-59
113900060,78,207,-129
113900061,849,332,517
113900062,137,11,126
113900063,108,157,-49
113900064,39,154,-115
113900065,416,18,398
113900066,337,277,60
113900067,175,267,-92
113900068,601,571,30
113900069,116,39,77
113900070,200,480,-280
113900071,67,69,-2
113900072,89,166,-77
113900073,272,390,-118
113900074,148,344,-196
113900075,1457,1295,162
113900076,178,18,160
113900077,62,190,-128
113900078,72,92,-20
113900079,1,56,-55
113900080,629,243,386
113900081,60,163,-103
113900082,88,216,-128
113900083,407,375,32
113900084,308,88,220
113900085,46,265,-219
113900086,47,16,31
113900087,68,145,-77
113900088,66,91,-25
113900089,451,53,398
113900090,685,470,215
113900091,21,11,10
113900092,28,118,-90
113900093,110,744,-634
113900094,565,435,130
113900095,168,133,35
113900096,344,97,247
113900097,44,76,-32
113900098,639,82,557
113900099,0,32,-32
113900100,1,4,-3
113900101,14,101,-87
113900102,181,178,3
113900103,346,374,-28
113900104,182,229,-47
113900105,140,194,-54
113900106,0,39,-39
113900107,1,24,-23
113900108,196,283,-87
113900109,461,184,277
113900110,46,34,12
113900111,182,126,56
113900112,131,48,83
113900113,1027,575,452
113900114,2,64,-62
113900115,0,82,-82
113900116,122,135,-13
113900117,116,43,73
113900118,282,357,-75
113900119,178,585,-407
113900120,62,60,2
113900121,83,96,-13
113900122,389,2124,-1735
113900123,477,205,272
113900124,0,76,-76
113900125,880,124,756
113900126,206,58,148
113900127,349,843,-494
113900128,203,90,113
113900129,21,170,-149
113900130,2,40,-38
113900131,339,75,264
113900132,40,90,-50
113900133,20,85,-65
113900135,296,291,5
113900136,137,96,41
113900137,374,334,40
113900138,75,251,-176
113900139,305,179,126
113900140,270,423,-153
113900141,611,255,356
113900142,187,94,93
113900143,19,31,-12
113900144,229,262,-33
113900145,438,190,248
113900146,171,83,88
113900148,164,296,-132
113900149,202,77,125
113900150,662,516,146
113900151,470,206,264
113900152,60,42,18
113900153,312,679,-367
113900154,4,173,-169
113900155,191,234,-43
113900156,293,400,-107
113900157,69,305,-236
113900158,387,543,-156
113900159,12,252,-240
113900160,496,430,66
113900161,72,293,-221
113900162,475,908,-433
113900163,288,342,-54
113900164,311,58,253
113900165,692,422,270
113900166,265,213,52
113900167,295,56,239
113900168,90,83,7
113900169,231,390,-159
113900171,225,96,129
113900172,7,160,-153
113900173,55,464,-409
113900174,582,657,-75
113900175,375,145,230
113900176,344,482,-138
113900177,413,211,202
113900178,314,156,158
113900179,51,411,-360
113900180,152,93,59
113900181,638,145,493
113900182,998,995,3
113900183,64,104,-40
113900184,11,379,-368
113900185,208,72,136
113900186,62,43,19
113900187,70,120,-50
113900188,67,153,-86
113900189,359,169,190
113900190,295,151,144
113900191,122,251,-129
113900192,5,638,-633
113900193,22,157,-135
113900194,1545,1022,523
113900195,279,414,-135
113900196,9,154,-145
113900197,0,165,-165
113900198,43,283,-240
113900199,152,741,-589
113900200,21,300,-279
113900201,0,147,-147
113900202,57,299,-242
113900203,0,109,-109
113900204,49,483,-434
113900205,22,201,-179
113900206,4,137,-133
113900207,7,68,-61
113900208,0,63,-63
113900209,1,84,-83
113900210,719,837,-118
113900211,200,66,134
113900212,190,435,-245
113900214,475,360,115
113900215,136,133,3
113900216,116,776,-660
113900217,89,198,-109
113900218,188,83,105
113900219,115,405,-290
113900220,207,136,71
113900221,508,303,205
113900222,252,554,-302
113900223,180,678,-498
113900224,93,56,37
113900225,569,243,326
113900226,445,137,308
113900227,470,300,170
113900228,327,586,-259
113900229,70,819,-749
113900230,4103,4189,-86
113900231,164,192,-28
113900232,143,128,15
113900233,95,94,1
113900234,411,504,-93
113900235,167,36,131
113900236,206,283,-77
113900237,172,9,163
113900238,266,595,-329
113900239,58,94,-36
113900240,8,202,-194
113900241,120,58,62
113900242,64,169,-105
113900243,120,423,-303
113900244,316,245,71
113900245,1249,317,932
113900246,11,28,-17
113900247,215,531,-316
113900248,2535,2131,404
113900249,699,421,278
113900250,74,148,-74
113900251,660,181,479
113900252,664,24,640
113900253,858,106,752
113900254,1073,190,883
113900255,534,44,490
113900256,417,28,389
113900257,32,495,-463
113900258,36,390,-354
113900259,628,168,460
113900260,238,48,190
113900261,33,87,-54
113900262,143,492,-349
113900263,145,709,-564
113900264,11,414,-403
113900265,162,331,-169
113900266,53,164,-111
113900267,119,505,-386
113900268,300,501,-201
113900269,153,161,-8
113900270,308,810,-502
113900271,760,1031,-271
113900273,35,13,22
113900274,66,36,30
113900275,43,93,-50
113900276,1,146,-145
113900277,127,3,124
113900278,256,198,58
113900279,57,82,-25
113900280,1558,696,862
113900281,584,1563,-979
113900282,881,726,155
113900283,471,419,52
113900284,886,368,518
113900285,168,123,45
113900286,25,90,-65
113900287,84,59,25
113900288,10,162,-152
113900289,865,80,785
113900290,297,224,73
113900291,73,178,-105
113900292,12,2,10
113900293,1,233,-232
113900294,473,18,455
113900295,452,435,17
113900296,1862,430,1432
113900297,2656,60,2596
113900298,22,2106,-2084
113900299,136,141,-5
113900300,4740,3591,1149
113900301,946,409,537
113900302,2101,1135,966
113900303,455,493,-38
113900304,0,109,-109
113900305,112,0,112
113900306,58,0,58
113900307,10,0,10
113900308,106,130,-24
113900309,1,601,-600
113900310,0,3,-3
113900311,15,0,15
113900312,233,269,-36
113900313,21,6,15
114000001,951,2441,-1490
114000002,384,280,104
114000003,42,303,-261
114000004,379,434,-55
114000005,242,236,6
114000006,2712,2530,182
114000007,920,1362,-442
114000008,1569,2075,-506
114000009,852,315,537
114000011,2915,2453,462
114000012,2592,1744,848
114000013,1712,1471,241
114000014,436,317,119
114000015,2130,407,1723
114000016,267,302,-35
114000017,129,278,-149
114000018,201,32,169
114000026,1950,1259,691
114000027,3519,2181,1338
114000028,2505,2658,-153
114000038,277,142,135
114000039,104,49,55
114000040,133,259,-126
114000042,185,160,25
114000043,58,90,-32
114000044,277,53,224
114000045,81,84,-3
114000046,3301,5223,-1922
114000047,10,65,-55
114000048,92,49,43
114000049,1875,1908,-33
114000050,1631,2498,-867
114000051,3546,2483,1063
114000052,4242,2281,1961
114000053,116,770,-654
114000054,227,949,-722
114000055,231,44,187
114000056,1138,1066,72
114000057,4897,2344,2553
114000058,543,1793,-1250
114000059,297,401,-104
114000060,752,940,-188
114000061,3103,3245,-142
114000062,2549,1947,602
114000063,2783,1727,1056
114000064,6042,4073,1969
114000065,1616,2514,-898
114000066,466,633,-167
114000067,33,955,-922
114000068,637,857,-220
114000069,1070,688,382
114000070,2494,2016,478
114000071,843,614,229
114000072,553,216,337
114000073,19,55,-36
114000074,55,11,44
114000075,66,84,-18
114000076,36,87,-51
114000077,21,39,-18
114000078,436,722,-286
114000079,151,31,120
114000080,71,86,-15
114000081,100,81,19
114000082,50,419,-369
114000083,82,300,-218
114000084,392,79,313
114000085,132,543,-411
114000086,288,383,-95
114000087,122,175,-53
114000088,54,39,15
114000089,816,350,466
114000090,943,954,-11
114000091,1814,987,827
114000092,1084,627,457
114000093,1547,822,725
114000094,412,371,41
114000095,323,238,85
114000096,111,391,-280
114000097,119,584,-465
114000098,665,127,538
114000099,817,438,379
114000100,1779,662,1117
114000101,495,696,-201
114000102,647,332,315
114000103,187,368,-181
114000104,23,228,-205
114000105,175,77,98
114000106,842,1139,-297
114000107,359,147,212
114000108,1364,964,400
114000109,575,1155,-580
114000110,747,1321,-574
114000111,1971,842,1129
114000112,520,1729,-1209
114000113,1349,562,787
114000114,1363,1186,177
114000115,2058,1236,822
114000116,880,1564,-684
114000117,3324,499,2825
114000118,2700,596,2104
114000119,1920,473,1447
114000120,604,728,-124
114000121,426,670,-244
114000122,443,305,138
114000123,2372,331,2041
114000124,942,293,649
114000125,770,1150,-380
114000126,1836,248,1588
114000127,320,184,136
114000128,814,393,421
114000130,436,508,-72
114000131,352,74,278
114000132,701,500,201
114000133,988,1435,-447
114000134,75,148,-73
114000138,45,200,-155
114000139,519,319,200
114000144,932,565,367
114000145,88,188,-100
114000146,118,260,-142
114000147,1632,2067,-435
114000148,1759,1866,-107
114000149,464,307,157
114000150,636,753,-117
114000151,773,1553,-780
114000152,230,51,179
114000153,823,2627,-1804
114000154,906,870,36
114000155,1419,2497,-1078
114000156,818,620,198
114000157,267,1062,-795
114000158,1473,843,630
114000159,181,526,-345
114000160,157,498,-341
114000161,1402,3480,-2078
114000162,1185,3054,-1869
114000163,23,122,-99
114000165,699,303,396
114000166,872,516,356
114000167,2890,1701,1189
114000168,751,627,124
114000169,1505,1556,-51
114000170,1260,1465,-205
114000171,1195,3656,-2461
114000174,260,477,-217
114000176,460,535,-75
114000177,1827,917,910
114000178,42,43,-1
114000179,1240,785,455
114000180,425,747,-322
114000181,1788,3808,-2020
114000182,2547,2469,78
114000183,943,1029,-86
114000184,2991,1036,1955
114000185,1088,746,342
114000189,1220,176,1044
114000190,2950,395,2555
114000191,59,94,-35
114000192,210,1263,-1053
114000193,574,2455,-1881
114000194,1414,844,570
114000195,226,29,197
114000196,3,206,-203
114000197,1323,25,1298
114000198,817,360,457
114000199,1989,1774,215
114000200,622,1708,-1086
114000201,147,836,-689
114000202,904,479,425
114000203,519,551,-32
114000204,189,408,-219
114000205,154,1263,-1109
114000206,605,1159,-554
114000207,624,1481,-857
114000208,489,2279,-1790
114000209,663,2080,-1417
114000210,295,1171,-876
114000211,910,1389,-479
114000212,716,863,-147
114000213,1305,633,672
114000214,112,193,-81
114000215,284,75,209
114000216,1450,280,1170
114000217,373,220,153
114000218,172,188,-16
114000219,1289,231,1058
114000220,32,885,-853
114000221,841,138,703
114000222,158,876,-718
114000223,569,167,402
114000224,101,508,-407
114000225,261,608,-347
114000226,223,255,-32
114000227,852,466,386
114000228,863,806,57
114000229,1196,1158,38
114000230,1674,1152,522
114000231,1019,1218,-199
114000232,724,120,604
114000233,2064,161,1903
114000234,1042,786,256
114000235,1025,1177,-152
114000236,0,368,-368
114000237,92,725,-633
114000238,126,197,-71
114000239,174,1012,-838
114000240,853,907,-54
114000241,261,865,-604
114000242,884,769,115
114000243,1652,797,855
114000244,598,437,161
114000245,419,799,-380
114000246,127,43,84
114000247,532,592,-60
114000248,1556,500,1056
114000249,488,486,2
114000250,503,721,-218
114000251,450,240,210
114000252,112,47,65
114000253,57,160,-103
114000254,48,69,-21
114000255,581,219,362
114000256,1755,2457,-702
114000257,396,1213,-817
114000258,317,411,-94
114000259,98,231,-133
114000260,1,38,-37
114000261,63,34,29
114000262,205,108,97
114000263,9,3,6
114000264,1290,471,819
114000265,0,1,-1
114000267,4,1434,-1430
114000268,3,1214,-1211
114000270,134,12,122
114000271,381,58,323
114000283,1403,466,937
114000285,23,157,-134
114000288,87,330,-243
114000289,1317,109,1208
114000293,189,426,-237
114000294,166,313,-147
114000395,1311,59,1252
114000396,673,548,125
114000402,523,346,177
114000403,308,357,-49
114000405,164,389,-225
114000423,338,336,2
114000424,499,218,281
114000425,850,344,506
114000426,351,824,-473
114000427,75,82,-7
114000428,245,306,-61
114000429,17,208,-191
114000432,122,110,12
114000434,42,90,-48
114000435,3,156,-153
114900001,891,828,63
114900002,587,128,459
114900003,792,1061,-269
114900004,269,455,-186
114900005,671,650,21
114900006,92,68,24
114900007,322,30,292
114900008,192,86,106
114900010,1877,2206,-329
114900011,258,166,92
114900013,323,130,193
114900015,111,499,-388
114900018,754,27,727
114900020,301,124,177
114900022,59,643,-584
114900024,365,163,202
114900025,628,209,419
114900026,59,149,-90
114900027,236,211,25
114900029,22,16,6
114900030,394,223,171
114900031,424,23,401
114900032,461,43,418
114900033,826,870,-44
114900034,71,196,-125
114900035,154,277,-123
114900036,251,560,-309
114900037,181,183,-2
114900038,222,617,-395
114900039,520,497,23
114900040,97,115,-18
114900041,827,516,311
114900042,942,653,289
114900043,639,274,365
114900044,180,39,141
114900046,86,133,-47
114900047,269,2099,-1830
114900048,127,250,-123
114900049,12,169,-157
114900050,39,421,-382
114900051,58,395,-337
114900052,78,299,-221
114900053,79,256,-177
114900054,49,151,-102
114900057,282,18,264
114900058,0,55,-55
114900059,156,71,85
114900060,1182,982,200
114900061,189,161,28
114900062,286,449,-163
114900063,89,185,-96
114900064,1534,500,1034
114900065,408,716,-308
114900067,75,469,-394
114900068,62,127,-65
114900069,218,88,130
114900070,645,355,290
114900072,2,355,-353
114900073,0,137,-137
114900074,872,580,292
114900075,406,6,400
114900076,27,405,-378
114900080,1675,376,1299
114900082,3213,2356,857
114900083,1087,1368,-281
114900090,365,207,158
114900091,127,188,-61
114900095,305,127,178
114900096,549,783,-234
114900097,173,3,170
114900098,1,165,-164
114900099,296,8,288
115000001,5550,3575,1975
115000002,3756,4071,-315
115000003,4818,2936,1882
115000004,4330,5979,-1649
115000005,1530,2028,-498
115000006,899,1658,-759
115000007,122,193,-71
115000008,417,535,-118
115000009,197,257,-60
115000010,284,210,74
115000013,81,213,-132
115000015,113,279,-166
115000016,241,316,-75
115000019,25,459,-434
115000020,122,838,-716
115000021,327,448,-121
115000022,567,423,144
115000023,388,682,-294
115000024,1087,512,575
115000025,798,772,26
115000026,225,450,-225
115000027,243,355,-112
115000028,310,868,-558
115000029,680,110,570
115000030,1002,1239,-237
115000031,1396,438,958
115000032,16,193,-177
115000033,164,28,136
115000034,72,1166,-1094
115000035,1265,68,1197
115000036,0,369,-369
115000037,608,16,592
115000038,79,192,-113
115000039,3223,3765,-542
115000040,5630,2887,2743
115000041,1299,3630,-2331
115000042,918,650,268
115000043,3866,2503,1363
115000044,3402,3436,-34
115000045,2663,1587,1076
115000046,2499,2440,59
115000047,2237,1518,719
115000048,1509,1983,-474
115000049,1560,2943,-1383
115000050,3338,1992,1346
115000051,1922,3119,-1197
115000052,2134,1750,384
115000053,1815,1779,36
115000054,634,1057,-423
115000055,209,875,-666
115000056,288,651,-363
115000057,704,1402,-698
115000058,602,417,185
115000059,289,181,108
115000061,181,210,-29
115000062,230,277,-47
115000063,397,295,102
115000064,240,121,119
115000065,55,527,-472
115000067,175,18,157
115000069,110,325,-215
115000070,21,816,-795
115000071,122,18,104
115000072,7,73,-66
115000073,1268,61,1207
115000075,135,86,49
115000076,2997,2742,255
115000077,2264,2099,165
115000078,1506,1260,246
115000079,1326,1529,-203
115000080,2378,2068,310
115000081,495,807,-312
115000082,4198,3874,324
115000083,2071,1996,75
115000084,2537,1118,1419
115000085,840,833,7
115000086,1231,791,440
115000087,437,1390,-953
115000088,2135,675,1460
115000089,1422,1141,281
115000090,565,838,-273
115000091,220,840,-620
115000092,600,358,242
115000093,569,3,566
115000094,6175,5444,731
115000095,4389,5684,-1295
115000096,856,1331,-475
115000097,1075,931,144
115000098,1244,677,567
115000099,2646,2432,214
115000100,1064,313,751
115000101,414,1312,-898
115000102,545,229,316
115000103,284,588,-304
115000105,70,118,-48
115000106,659,342,317
115000107,221,383,-162
115000108,2810,2136,674
115000109,4010,4724,-714
115000110,1757,1730,27
115000111,743,1696,-953
115000112,1054,804,250
115000113,945,904,41
115000114,1754,746,1008
115000116,4181,2720,1461
115000117,3966,3523,443
115000118,2182,2107,75
115000119,1817,2873,-1056
115000120,569,1493,-924
115000121,1257,1184,73
115000122,3594,2044,1550
115000123,1700,2468,-768
115000124,867,1116,-249
115000125,417,629,-212
115000126,147,322,-175
115000127,415,170,245
115000128,446,743,-297
115000129,203,327,-124
115000130,559,732,-173
115000131,919,263,656
115000132,298,351,-53
115000133,585,255,330
115000134,406,261,145
115000135,424,157,267
115000136,322,264,58
115000137,127,176,-49
115000138,342,259,83
115000139,238,218,20
115000140,391,205,186
115000141,143,230,-87
115000142,195,192,3
115000143,796,610,186
115000144,569,71,498
115000145,278,309,-31
115000146,592,319,273
115000147,400,471,-71
115000148,309,943,-634
115000149,688,262,426
115000150,875,881,-6
115000151,1205,612,593
115000152,704,1054,-350
115000153,1270,603,667
115000154,955,367,588
115000155,682,957,-275
115000156,1132,754,378
115000157,888,813,75
115000158,669,489,180
115000159,707,716,-9
115000160,714,737,-23
115000161,468,477,-9
115000162,656,756,-100
115000163,650,691,-41
115000164,689,700,-11
115000165,326,623,-297
115000167,140,55,85
115000168,534,320,214
115000169,664,270,394
115000170,142,147,-5
115000171,316,266,50
115000172,1037,689,348
115000173,357,599,-242
115000174,223,386,-163
115000175,200,219,-19
115000176,147,235,-88
115000177,153,318,-165
115000178,18,250,-232
115000179,22,44,-22
115000180,150,521,-371
115000181,740,170,570
115000182,945,319,626
115000183,440,743,-303
115000186,687,294,393
115000187,242,766,-524
115000188,421,592,-171
115000189,226,474,-248
115000190,776,391,385
115000191,174,518,-344
115000194,188,235,-47
115000195,329,330,-1
115000196,214,136,78
115000197,275,244,31
115000198,425,201,224
115000199,400,159,241
115000200,438,111,327
115000201,140,301,-161
115000206,409,84,325
115000207,187,300,-113
115000208,391,687,-296
115000209,626,297,329
115000210,153,116,37
115000211,318,249,69
115000212,1445,417,1028
115000224,496,59,437
115000225,61,109,-48
115000229,211,158,53
115000230,119,431,-312
115000231,295,1460,-1165
115000232,1649,265,1384
115000233,148,197,-49
115000234,23,264,-241
115000241,123,207,-84
115000242,135,227,-92
115000243,57,186,-129
115000244,12,124,-112
115000246,35,25,10
115000247,37,23,14
115000248,35,39,-4
115000249,34,23,11
115000250,343,42,301
115000251,297,130,167
115000252,77,219,-142
115000253,24,526,-502
115000258,306,150,156
115000259,369,173,196
115000261,22,18,4
115000262,26,36,-10
115000263,15,41,-26
115000264,37,32,5
115000267,92,100,-8
115000268,59,148,-89
115000269,107,55,52
115000270,9,27,-18
115000272,95,169,-74
115000273,480,40,440
115000280,2935,260,2675
115000281,823,833,-10
115000282,1491,916,575
115000284,308,202,106
115000296,1260,16,1244
115000297,156,147,9
115000298,106,496,-390
115000300,256,191,65
115000302,726,184,542
115000303,799,179,620
115000304,797,87,710
115000305,124,650,-526
115000306,258,303,-45
115000307,115,226,-111
115000308,33,19,14
115000309,30,87,-57
115000310,1011,709,302
115000311,1032,1096,-64
115000313,99,504,-405
115000314,463,153,310
115000315,821,514,307
115000316,76,166,-90
115000317,165,502,-337
115000318,845,302,543
115000319,46,306,-260
115000320,11,279,-268
115000321,329,8,321
115000322,50,208,-158
115000449,263,213,50
115000557,1,1320,-1319
115000558,517,127,390
115000587,545,348,197
115000588,2077,2649,-572
115000589,3449,2380,1069
115000590,1201,1442,-241
115000591,1627,802,825
115000592,722,1824,-1102
115000593,1668,646,1022
115000594,846,2511,-1665
115000609,212,289,-77
115000617,1934,3683,-1749
115000624,381,63,318
115000633,447,1905,-1458
115000634,2682,874,1808
115000635,564,173,391
115000638,663,648,15
115000641,79,178,-99
115000642,354,298,56
115000643,140,447,-307
115000644,178,430,-252
115000646,861,1801,-940
115000647,277,542,-265
115000648,1990,1800,190
115000893,2688,1533,1155
115000894,157,1034,-877
115000895,364,778,-414
115000896,1167,444,723
115000897,612,160,452
115000898,679,247,432
115000899,423,1072,-649
115000900,95,309,-214
115000901,57,133,-76
115000912,527,119,408
115000913,5,26,-21
115000915,20,1,19
115000916,1,0,1
115000917,0,18,-18
115000918,79,359,-280
115000919,16,31,-15
115000920,17,53,-36
115000921,550,111,439
115000922,882,809,73
115000923,426,982,-556
115000925,104,85,19
115000927,46,70,-24
115000933,243,229,14
115000934,170,183,-13
115000935,172,98,74
115000936,111,624,-513
115000937,745,126,619
115000938,106,258,-152
115000939,69,197,-128
115900001,107,31,76
115900002,114,119,-5
115900003,242,88,154
115900004,0,40,-40
115900005,225,19,206
115900006,197,251,-54
115900008,49,7,42
115900009,88,259,-171
115900010,377,150,227
115900011,480,194,286
115900012,191,66,125
115900013,454,145,309
115900014,171,139,32
115900015,105,47,58
115900016,125,37,88
115900017,22,6,16
115900018,190,65,125
115900019,117,23,94
115900020,77,0,77
115900021,1111,194,917
115900022,1496,15,1481
115900023,40,5,35
115900025,52,292,-240
115900026,824,224,600
115900027,0,239,-239
115900028,610,66,544
115900029,15,294,-279
115900030,42,42,0
115900031,343,415,-72
115900032,603,738,-135
115900033,0,40,-40
115900034,37,326,-289
115900035,55,38,17
115900036,76,773,-697
115900037,50,298,-248
115900038,59,14,45
115900039,207,194,13
115900041,467,677,-210
115900042,23,7,16
115900043,134,81,53
115900044,206,290,-84
115900046,263,221,42
115900047,178,171,7
115900049,241,228,13
115900051,2,26,-24
115900052,13,232,-219
115900053,274,179,95
115900054,247,30,217
115900055,38,114,-76
115900056,233,264,-31
115900057,16,10,6
115900058,32,74,-42
115900060,92,126,-34
115900061,228,4,224
115900062,30,245,-215
115900063,58,13,45
115900064,169,270,-101
115900065,132,103,29
115900066,157,115,42
115900067,9,455,-446
115900068,2786,927,1859
115900069,78,176,-98
115900070,320,156,164
115900071,2,331,-329
115900072,31,142,-111
115900073,70,104,-34
115900074,4,273,-269
115900075,37,259,-222
115900076,4,58,-54
115900077,1,211,-210
115900078,29,121,-92
115900079,235,23,212
115900080,494,209,285
115900081,15,75,-60
115900082,184,162,22
115900084,531,22,509
115900085,31,74,-43
115900086,1469,605,864
115900088,19,75,-56
115900089,355,638,-283
115900090,409,9,400
115900091,2,39,-37
115900092,19,137,-118
115900093,7,11,-4
115900094,5,255,-250
115900096,4,2,2
115900097,6,310,-304
115900098,189,307,-118
115900099,130,51,79
115900100,11,467,-456
115900101,181,224,-43
115900102,101,65,36
115900103,362,162,200
115900104,76,107,-31
115900105,358,483,-125
115900106,86,27,59
115900107,98,120,-22
115900108,156,32,124
115900109,64,402,-338
115900110,4,32,-28
115900111,2,61,-59
115900112,32,800,-768
115900113,39,34,5
115900114,7,146,-139
115900115,76,237,-161
115900116,73,790,-717
115900117,82,28,54
115900118,0,259,-259
115900119,122,139,-17
115900120,37,267,-230
115900121,211,193,18
115900124,276,780,-504
115900125,366,52,314
115900126,758,127,631
115900127,751,77,674
115900128,8,145,-137
115900129,787,77,710
115900130,25,219,-194
115900131,341,45,296
115900132,684,8,676
115900134,449,18,431
115900135,470,1217,-747
115900137,30,9,21
115900139,43,97,-54
115900140,280,36,244
115900141,6,64,-58
115900142,10,37,-27
115900143,241,303,-62
115900144,97,232,-135
115900146,10,108,-98
115900147,214,277,-63
115900148,61,4,57
115900149,105,10,95
115900150,85,31,54
115900151,26,124,-98
115900152,128,325,-197
115900153,175,210,-35
115900154,470,411,59
115900155,0,37,-37
115900156,689,904,-215
115900157,159,496,-337
115900158,12,11,1
115900159,157,221,-64
115900160,5,15,-10
115900161,32,150,-118
115900163,231,150,81
115900164,573,21,552
115900166,166,149,17
115900168,92,146,-54
115900171,162,427,-265
115900172,43,131,-88
115900173,259,143,116
115900174,272,255,17
115900175,174,267,-93
115900178,5,417,-412
115900179,324,14,310
115900180,49,151,-102
115900181,211,164,47
115900182,437,177,260
115900183,82,106,-24
115900184,1682,18,1664
115900187,15,122,-107
115900189,2,243,-241
115900190,164,1500,-1336
115900191,27,347,-320
115900192,12,126,-114
115900193,155,112,43
115900194,840,101,739
115900195,671,2133,-1462
115900198,279,395,-116
115900199,235,212,23
115900200,233,285,-52
115900201,703,393,310
115900202,18,50,-32
115900203,6,30,-24
115900204,1,5,-4
115900205,121,32,89
115900206,233,136,97
115900207,30,23,7
115900208,162,149,13
115900209,3,153,-150
115900210,4,138,-134
115900211,1,194,-193
115900212,196,215,-19
115900213,86,105,-19
115900214,537,195,342
115900215,26,138,-112
115900216,12,147,-135
115900217,11,40,-29
115900218,10,45,-35
115900219,106,9,97
115900220,174,15,159
115900221,98,19,79
115900222,71,34,37
115900223,8,396,-388
115900224,922,1085,-163
115900225,92,65,27
115900226,23,58,-35
115900227,19,63,-44
115900228,14,40,-26
115900229,7,56,-49
115900230,44,103,-59
115900231,104,2,102
115900232,38,4,34
115900233,83,22,61
115900234,52,34,18
115900235,30,39,-9
115900236,56,34,22
115900237,44,44,0
115900238,23,16,7
115900239,19,19,0
115900240,10,50,-40
115900241,213,96,117
115900242,239,377,-138
115900243,10,29,-19
115900244,18,11,7
115900245,60,8,52
115900246,20,17,3
115900247,52,12,40
115900248,18,5,13
115900249,4,14,-10
115900250,17,29,-12
115900251,0,21,-21
115900252,1,2,-1
115900253,21,25,-4
115900254,10,28,-18
115900255,8,12,-4
115900256,10,46,-36
115900257,13,13,0
115900258,0,2,-2
115900259,6,1,5
115900260,14,3,11
115900261,6,0,6
115900262,4,4,0
115900263,13,0,13
115900264,9,2,7
115900265,8,12,-4
115900266,6,14,-8
115900267,16,15,1
115900268,12,16,-4
115900269,420,377,43
115900270,478,366,112
115900271,162,0,162
115900272,31,2,29
115900273,21,30,-9
115900274,1,18,-17
115900275,5,20,-15
115900276,0,34,-34
115900277,0,42,-42
115900278,46,115,-69
115900279,22,160,-138
115900280,11,459,-448
115900281,294,209,85
115900282,8,12,-4
115900283,12,27,-15
115900284,15,8,7
116000001,11133,4555,6578
116000002,5365,10923,-5558
116000003,1664,1753,-89
116000004,2832,4053,-1221
116000005,2462,3450,-988
116000006,2948,2808,140
116000007,2571,3699,-1128
116000008,4047,2727,1320
116000009,1704,2116,-412
116000010,2638,1787,851
116000011,888,1752,-864
116000012,1679,1059,620
116000013,8339,4098,4241
116000014,10560,11537,-977
116000015,333,1400,-1067
116000016,6079,3932,2147
116000017,37,811,-774
116000018,932,346,586
116000019,1027,338,689
116000020,857,1093,-236
116000021,440,361,79
116000022,438,366,72
116000023,1014,746,268
116000024,770,901,-131
116000025,866,851,15
116000026,1881,2943,-1062
116000027,685,706,-21
116000028,482,903,-421
116000029,653,690,-37
116000030,897,523,374
116000031,121,300,-179
116000032,417,199,218
116000033,368,485,-117
116000034,785,871,-86
116000035,423,633,-210
116000036,1970,1354,616
116000037,736,659,77
116000038,533,600,-67
116000039,704,431,273
116000040,859,356,503
116000041,205,468,-263
116000042,719,284,435
116000043,103,797,-694
116000044,8,56,-48
116000045,1859,1437,422
116000046,1192,1661,-469
116000047,1840,2226,-386
116000048,1925,1765,160
116000049,1261,3449,-2188
116000050,1569,1404,165
116000051,6350,3112,3238
116000052,5994,5571,423
116000053,2148,943,1205
116000054,917,3067,-2150
116000055,751,1003,-252
116000056,1030,1096,-66
116000057,2921,1558,1363
116000058,3125,2796,329
116000059,2852,4254,-1402
116000060,2241,1032,1209
116000061,813,1035,-222
116000062,610,282,328
116000063,750,1115,-365
116000066,324,571,-247
116000067,264,474,-210
116000068,219,306,-87
116000069,356,352,4
116000078,606,1231,-625
116000080,1882,889,993
116000082,14,69,-55
116000083,1739,429,1310
116000084,2179,3950,-1771
116000085,2276,2087,189
116000086,1652,1208,444
116000087,2091,1752,339
116000088,829,1052,-223
116000089,202,94,108
116000090,98,148,-50
116000091,254,267,-13
116000093,1081,469,612
116000094,724,621,103
116000095,853,654,199
116000096,737,1313,-576
116000097,1085,664,421
116000098,207,6006,-5799
116000099,5413,276,5137
116000100,292,29,263
116000101,985,719,266
116000102,260,1166,-906
116000103,515,309,206
116000104,197,1166,-969
116000105,1175,177,998
116000106,294,822,-528
116000107,2233,314,1919
116000108,148,145,3
116000111,162,21,141
116000113,186,146,40
116000114,57,140,-83
116000115,472,178,294
116000116,252,585,-333
116000117,1560,1954,-394
116000118,1585,1201,384
116000119,3499,2042,1457
116000120,3039,3738,-699
116000121,976,708,268
116000122,1241,1606,-365
116000123,1259,436,823
116000124,377,1081,-704
116000125,3314,813,2501
116000126,307,1491,-1184
116000127,996,1116,-120
116000128,2021,974,1047
116000129,1360,254,1106
116000130,617,504,113
116000133,1193,886,307
116000134,2021,2042,-21
116000135,2705,1611,1094
116000136,1145,1992,-847
116000137,1242,730,512
116000138,922,820,102
116000139,1563,2359,-796
116000140,197,197,0
116000141,355,650,-295
116000142,2873,2445,428
116000143,1852,1526,326
116000144,1462,1742,-280
116000145,1682,1117,565
116000146,509,203,306
116000147,214,122,92
116000148,585,495,90
116000149,926,792,134
116000151,499,512,-13
116000153,119,335,-216
116000155,238,226,12
116000156,928,1063,-135
116000157,88,23,65
116000158,375,344,31
116000159,16,13,3
116000160,29,70,-41
116000161,0,84,-84
116000162,57,94,-37
116000163,26,10,16
116000164,12,15,-3
116000177,125,118,7
116000194,132,493,-361
116000195,1650,675,975
116000196,15,6,9
116000197,8,15,-7
116000198,2390,1142,1248
116000200,720,644,76
116000201,583,655,-72
116000202,12,238,-226
116000203,1,80,-79
116000204,12,66,-54
116000205,0,178,-178
116000206,2,84,-82
116000207,3,63,-60
116000233,253,475,-222
116000287,166,382,-216
116000288,336,197,139
116000292,91,178,-87
116000296,14,183,-169
116000297,116,8,108
116000304,136,42,94
116000305,58,51,7
116000346,219,105,114
116000352,92,40,52
116000354,36,22,14
116000357,25,56,-31
116000358,502,65,437
116000361,92,4,88
116000372,4561,4225,336
116000381,122,1,121
116000388,1,49,-48
116000389,1060,644,416
116000445,489,471,18
116000446,679,517,162
116000447,15,582,-567
116000448,528,189,339
116000563,895,956,-61
116000565,40,387,-347
116000568,82,389,-307
116000579,41,103,-62
116000584,23,12,11
116000585,32,13,19
116000586,72,107,-35
116000587,573,767,-194
116000589,28,70,-42
116000590,89,78,11
116000591,292,207,85
116000592,7,132,-125
116000593,2,28,-26
116000594,623,442,181
116000595,657,165,492
116000596,72,10,62
116000597,538,83,455
116000598,25,163,-138
116000602,59,456,-397
116000605,225,138,87
116000606,111,308,-197
116000607,7,69,-62
116000609,192,851,-659
116000611,171,459,-288
116000612,753,1756,-1003
116000613,801,331,470
116000614,475,536,-61
116000615,2,386,-384
116000616,52,51,1
116000617,87,24,63
116000618,1,73,-72
116000619,63,68,-5
116000620,148,121,27
116000621,71,124,-53
116000622,66,149,-83
116000624,193,86,107
116000627,64,17,47
116000628,85,316,-231
116000629,59,322,-263
116000630,551,56,495
116000631,226,62,164
116000632,510,246,264
116000633,96,329,-233
116000634,605,42,563
116000635,2714,2330,384
116000636,751,1258,-507
116000637,456,45,411
116000638,60,385,-325
116900001,227,170,57
116900002,263,2,261
116900003,33,41,-8
116900004,45,54,-9
116900005,259,70,189
116900006,95,194,-99
116900007,130,160,-30
116900008,501,298,203
116900009,17,12,5
116900010,3,1030,-1027
116900011,15,38,-23
116900012,237,213,24
116900013,6,178,-172
116900014,108,176,-68
116900015,369,29,340
116900016,220,4,216
116900017,3,459,-456
116900018,75,58,17
116900019,4,262,-258
116900020,968,1064,-96
116900023,58,20,38
116900024,604,51,553
116900025,1141,898,243
116900026,118,535,-417
116900027,27,54,-27
116900028,5,77,-72
116900029,0,63,-63
116900031,2,9,-7
116900032,6,324,-318
116900033,18,7,11
116900034,19,47,-28
116900035,210,187,23
116900036,5,127,-122
116900038,70,1,69
116900041,40,12,28
116900042,549,217,332
116900043,27,50,-23
116900047,32,156,-124
116900049,25,312,-287
116900050,152,476,-324
116900051,172,183,-11
116900052,222,97,125
116900055,1,11,-10
116900057,20,212,-192
116900058,42,392,-350
116900059,2,150,-148
116900060,272,216,56
116900062,1,16,-15
116900064,77,568,-491
116900065,38,118,-80
116900067,129,118,11
116900068,114,190,-76
116900070,1,1,0
116900072,47,308,-261
116900073,26,172,-146
116900074,3,40,-37
116900076,7,37,-30
116900077,6,103,-97
116900078,170,104,66
116900079,64,208,-144
116900080,20,30,-10
116900081,398,1063,-665
116900082,383,1028,-645
116900083,56,38,18
116900084,142,78,64
116900085,58,174,-116
116900086,59,182,-123
116900088,409,144,265
116900090,90,43,47
116900091,383,40,343
116900092,100,728,-628
116900093,1574,1979,-405
116900094,4025,3675,350
116900095,210,129,81
116900096,126,403,-277
116900097,2726,2876,-150
116900098,912,415,497
116900099,746,740,6
116900100,815,56,759
116900101,385,508,-123
116900103,7,1,6
116900104,90,102,-12
116900105,280,144,136
116900106,1990,296,1694
116900107,3422,2613,809
116900110,10,4,6
116900111,524,604,-80
116900112,278,901,-623
116900113,1838,1667,171
116900116,153,741,-588
116900117,122,149,-27
116900118,716,935,-219
116900120,391,97,294
116900121,170,32,138
116900122,943,664,279
116900123,215,688,-473
116900124,220,902,-682
116900125,447,155,292
116900126,105,554,-449
116900128,1,40,-39
116900129,0,337,-337
116900130,661,3525,-2864
116900131,117,360,-243
116900132,83,136,-53
116900133,186,151,35
116900134,266,252,14
116900136,215,267,-52
116900137,253,161,92
116900138,157,167,-10
116900139,169,514,-345
116900140,203,132,71
116900141,898,499,399
116900142,1,96,-95
116900143,333,385,-52
116900144,32,122,-90
116900145,100,216,-116
116900147,607,446,161
116900148,3,40,-37
116900149,54,248,-194
116900150,10,14,-4
116900151,74,20,54
116900153,125,86,39
116900154,559,644,-85
116900155,76,72,4
116900157,549,212,337
116900158,119,297,-178
116900159,78,301,-223
116900160,894,964,-70
116900161,5526,6266,-740
116900162,14,94,-80
116900163,205,113,92
116900164,135,121,14
116900165,305,351,-46
116900166,39,50,-11
116900167,424,77,347
116900168,395,58,337
116900169,534,559,-25
116900170,334,685,-351
116900171,72,153,-81
116900172,238,385,-147
116900173,208,31,177
116900174,39,55,-16
116900175,192,172,20
116900178,52,143,-91
116900179,117,324,-207
116900180,89,14,75
116900182,533,226,307
116900183,181,98,83
116900185,37,76,-39
116900186,87,209,-122
116900187,70,62,8
116900188,193,33,160
116900189,86,2,84
116900191,510,729,-219
116900192,299,135,164
116900194,187,1428,-1241
116900195,71,50,21
116900196,22,81,-59
116900197,139,14,125
116900198,158,239,-81
116900200,88,23,65
116900201,139,14,125
116900202,136,40,96
116900203,148,8,140
116900204,46,130,-84
116900205,0,0,0
116900206,15,14,1
116900207,23,29,-6
116900208,13,114,-101
116900209,33,87,-54
116900210,607,329,278
116900211,247,6,241
116900212,70,64,6
116900213,273,168,105
116900214,191,152,39
116900215,103,78,25
116900216,290,238,52
116900218,13,232,-219
116900219,1372,371,1001
116900220,153,262,-109
116900221,115,339,-224
116900222,415,327,88
116900223,136,305,-169
116900226,105,43,62
116900227,204,106,98
116900228,313,208,105
116900230,72,241,-169
116900231,47,311,-264
116900232,9,347,-338
116900233,234,118,116
116900234,24,16,8
116900235,150,270,-120
116900238,1492,359,1133
116900239,49,1278,-1229
116900240,5198,3177,2021
116900241,73,193,-120
116900242,326,598,-272
116900243,3,21,-18
116900245,27,24,3
116900246,117,15,102
116900247,702,31,671
116900248,122,37,85
116900249,443,141,302
116900250,369,47,322
116900251,436,563,-127
116900252,142,759,-617
116900253,177,73,104
116900254,44,73,-29
116900255,130,78,52
116900256,432,114,318
116900257,19,428,-409
116900258,2,175,-173
116900259,233,5,228
116900260,2,99,-97
116900261,63,2,61
116900262,169,137,32
116900263,1,14,-13
116900264,3,8,-5
116900265,60,0,60
116900266,20,25,-5
116900267,10,1,9
116900268,252,168,84
116900269,258,541,-283
116900271,1625,206,1419
116900272,322,321,1
116900273,171,94,77
116900274,120,89,31
116900275,181,106,75
116900276,737,134,603
116900277,502,31,471
116900278,17,18,-1
116900279,2,18,-16
116900280,28,30,-2
116900281,5187,4222,965
116900282,2,99,-97
116900283,27,93,-66
116900284,26,201,-175
116900285,255,224,31
116900286,255,31,224
116900287,6,28,-22
116900288,87,122,-35
116900289,12,11,1
116900290,5,13,-8
116900291,22,10,12
116900292,0,22,-22
116900293,91,40,51
116900294,22,153,-131
116900295,182,82,100
116900296,90,77,13
116900297,9,104,-95
116900298,117,77,40
116900299,37,54,-17
116900300,19,59,-40
116900301,51,131,-80
116900302,67,48,19
116900303,280,89,191
116900304,0,177,-177
116900305,28,55,-27
116900306,146,123,23
117000001,2178,1808,370
117000002,2041,4022,-1981
117000003,7197,3690,3507
117000004,3915,5112,-1197
117000005,2341,1927,414
117000006,1500,3206,-1706
117000007,4150,1347,2803
117000008,1077,3557,-2480
117000009,5254,2251,3003
117000010,2861,3940,-1079
117000011,2217,1742,475
117000012,1185,1277,-92
117000013,2063,918,1145
117000014,1340,2080,-740
117000015,2664,1378,1286
117000016,371,113,258
117000017,249,96,153
117000018,130,663,-533
117000019,101,1,100
117000020,533,1371,-838
117000021,1462,448,1014
117000022,426,119,307
117000023,217,170,47
117000024,231,223,8
117000025,454,983,-529
117000026,2026,1308,718
117000027,2485,5324,-2839
117000028,3719,2262,1457
117000030,540,418,122
117000031,393,290,103
117000032,1692,1184,508
117000033,1033,725,308
117000034,393,289,104
117000035,407,323,84
117000036,412,344,68
117000037,269,237,32
117000038,217,601,-384
117000039,447,232,215
117000040,197,939,-742
117000041,1125,191,934
117000044,21,764,-743
117000045,473,90,383
117000046,473,1015,-542
117000047,1280,759,521
117000048,1999,979,1020
117000049,121,599,-478
117000050,118,1660,-1542
117000051,2264,119,2145
117000052,53,301,-248
117000053,587,47,540
117000054,1805,16,1789
117000055,15,2586,-2571
117000056,721,33,688
117000057,559,2214,-1655
117000060,582,1400,-818
117000061,1741,980,761
117000062,357,721,-364
117000063,1931,1130,801
117000064,784,794,-10
117000066,1000,980,20
117000067,173,645,-472
117000074,109,177,-68
117000076,75,53,22
117000077,165,196,-31
117000078,132,717,-585
117000079,465,267,198
117000080,1,314,-313
117000081,1154,133,1021
117000082,23,118,-95
117000083,165,10,155
117000084,240,1,239
117000085,320,739,-419
117000086,797,452,345
117000087,96,485,-389
117000088,266,184,82
117000089,1573,262,1311
117000090,323,1105,-782
117000091,925,264,661
117000092,449,1202,-753
117000093,1226,861,365
117000094,1444,2758,-1314
117000095,4004,1007,2997
117000096,745,2332,-1587
117000097,1551,1143,408
117000098,2499,4123,-1624
117000099,3803,1314,2489
117000100,246,399,-153
117000101,299,1081,-782
117000102,1840,660,1180
117000103,799,1515,-716
117000104,1495,705,790
117000105,817,1415,-598
117000106,1276,794,482
117000107,597,1641,-1044
117000108,1860,953,907
117000109,1548,2230,-682
117000110,1668,1181,487
117000111,3806,4313,-507
117000112,3457,1759,1698
117000113,142,244,-102
117000114,264,145,119
117000115,159,140,19
117000116,132,224,-92
117000117,1606,1266,340
117000118,268,126,142
117000119,199,190,9
117000120,245,584,-339
117000121,137,1177,-1040
117000122,327,680,-353
117000123,1810,56,1754
117000124,684,75,609
117000125,359,162,197
117000126,61,19,42
117000127,186,329,-143
117000128,440,767,-327
117000129,306,549,-243
117000130,145,1,144
117000131,1,110,-109
117000132,2812,39,2773
117000133,1637,99,1538
117000134,0,60,-60
117000135,1,67,-66
117000136,0,34,-34
117000137,140,154,-14
117000138,2,632,-630
117000140,463,1537,-1074
117000141,1923,550,1373
117000181,547,283,264
117000182,482,650,-168
117000195,194,949,-755
117000196,282,149,133
117000225,137,32,105
117000226,10,132,-122
117000276,322,15,307
117000277,0,310,-310
117000310,1566,2068,-502
117000315,57,666,-609
117000320,65,1,64
117000906,346,12,334
117000907,16,292,-276
117000908,25,43,-18
117000909,40,30,10
117000910,190,173,17
117000911,115,219,-104
117000915,3,466,-463
117000916,37,7,30
117000917,1368,57,1311
117000918,107,65,42
117000919,10,90,-80
117000920,7,1239,-1232
117000921,0,1067,-1067
117000922,35,100,-65
117000924,389,832,-443
117000926,841,108,733
117000927,1601,1139,462
117000928,0,143,-143
117000929,214,297,-83
117000930,234,8,226
117000931,435,190,245
117900002,95,431,-336
117900003,728,501,227
117900005,7,39,-32
117900006,0,87,-87
117900007,167,130,37
117900008,0,37,-37
117900010,204,77,127
117900011,42,113,-71
117900012,84,101,-17
117900013,2,182,-180
117900014,450,95,355
117900015,20,78,-58
117900016,1170,1030,140
117900017,544,233,311
117900018,200,150,50
117900019,428,243,185
117900020,89,562,-473
117900021,50,61,-11
117900022,37,13,24
117900023,744,157,587
117900024,65,52,13
117900025,59,15,44
117900026,395,263,132
117900028,65,6,59
117900029,229,530,-301
117900030,633,273,360
117900031,167,85,82
117900032,1122,612,510
117900033,268,468,-200
117900034,41,28,13
117900035,236,127,109
117900036,200,343,-143
117900037,122,87,35
117900038,40,258,-218
117900039,1,73,-72
117900040,144,375,-231
117900041,5,80,-75
117900042,3587,340,3247
117900043,33,65,-32
117900044,23,2782,-2759
117900045,142,156,-14
117900048,369,293,76
117900049,262,439,-177
117900050,7,102,-95
117900051,22,4,18
117900052,69,369,-300
117900053,1935,630,1305
117900054,0,42,-42
117900055,239,151,88
117900056,248,69,179
117900057,1086,1140,-54
117900058,101,29,72
117900059,364,127,237
117900060,2584,4472,-1888
117900061,21,228,-207
117900063,377,190,187
117900065,620,1252,-632
117900066,6,94,-88
117900067,440,186,254
117900069,703,307,396
117900070,225,51,174
117900071,93,119,-26
117900073,499,291,208
117900074,148,64,84
117900075,90,69,21
117900076,26,71,-45
117900077,493,133,360
117900078,371,931,-560
117900080,125,33,92
117900081,581,407,174
117900082,449,401,48
117900083,422,423,-1
117900086,104,25,79
117900087,124,52,72
117900088,3464,2151,1313
117900089,2494,791,1703
117900090,392,440,-48
117900091,267,177,90
117900092,84,25,59
117900093,78,65,13
117900094,54,23,31
117900095,272,315,-43
117900096,143,276,-133
117900097,317,124,193
117900098,45,12,33
117900099,148,179,-31
117900100,220,2,218
117900101,446,1851,-1405
117900102,63,44,19
117900103,47,2,45
117900104,24,151,-127
117900105,157,218,-61
117900106,122,38,84
117900107,70,3,67
117900109,624,369,255
117900110,149,2,147
117900111,387,42,345
117900112,59,15,44
117900113,2670,1649,1021
117900114,17,0,17
117900115,308,75,233
117900116,972,876,96
117900117,616,294,322
117900118,75,0,75
117900119,198,154,44
117900120,187,47,140
117900121,214,57,157
117900122,1562,4220,-2658
117900123,683,369,314
117900124,744,805,-61
117900125,2087,2308,-221
117900126,272,488,-216
117900127,549,492,57
117900128,442,527,-85
117900129,84,1,83
117900130,1036,509,527
117900131,3,124,-121
117900132,26,105,-79
117900133,10,115,-105
117900134,142,232,-90
117900135,27,153,-126
117900136,0,12,-12
117900137,66,275,-209
117900138,1,30,-29
117900139,169,135,34
117900140,3065,282,2783
117900141,263,216,47
117900142,49,50,-1
117900144,92,188,-96
117900145,38,36,2
117900146,261,166,95
117900147,77,52,25
117900148,2538,1536,1002
117900149,135,175,-40
117900150,31,23,8
117900151,33,54,-21
117900152,84,65,19
117900153,22,94,-72
117900154,431,532,-101
117900156,1017,777,240
117900157,120,569,-449
117900158,284,144,140
117900160,773,860,-87
117900161,2441,2025,416
117900162,419,460,-41
117900163,58,110,-52
117900165,1,12,-11
117900166,116,609,-493
117900168,10,134,-124
117900169,3,77,-74
117900170,2,33,-31
117900171,0,27,-27
117900172,16,24,-8
117900173,114,153,-39
117900174,24,66,-42
117900175,2,35,-33
117900176,20,32,-12
117900177,20,36,-16
117900178,91,27,64
117900180,258,35,223
117900181,72,338,-266
117900182,5,44,-39
117900183,55,168,-113
117900184,23,58,-35
117900185,48,45,3
117900186,43,12,31
117900187,24,8,16
117900188,128,69,59
117900189,94,37,57
117900190,22,5,17
117900191,131,1,130
117900192,217,3,214
117900193,40,74,-34
117900194,7,1,6
117900195,23,35,-12
117900196,14,35,-21
117900207,169,117,52
117900208,43,24,19
117900209,254,147,107
117900210,162,272,-110
117900211,14,213,-199
117900212,145,187,-42
117900213,24,9,15
117900214,4,34,-30
117900215,20,64,-44
117900216,20,25,-5
117900217,106,357,-251
117900218,132,143,-11
117900219,7,167,-160
117900220,124,86,38
117900222,221,288,-67
117900223,144,338,-194
118000001,913,1141,-228
118000002,931,2120,-1189
118000003,2386,3796,-1410
118000004,3026,2480,546
118000005,5127,6970,-1843
118000006,6380,10545,-4165
118000007,4989,3937,1052
118000008,4442,3913,529
118000009,1803,4020,-2217
118000010,7620,4520,3100
118000011,1580,2209,-629
118000012,1080,1842,-762
118000013,2420,2442,-22
118000014,1703,2204,-501
118000016,186,306,-120
118000017,410,440,-30
118000018,342,480,-138
118000019,2125,1612,513
118000020,1579,4560,-2981
118000021,715,3812,-3097
118000022,1755,974,781
118000023,865,316,549
118000024,1770,1761,9
118000027,15374,15146,228
118000029,1124,786,338
118000032,1265,4348,-3083
118000033,3185,7548,-4363
118000034,5700,2906,2794
118000035,1772,3469,-1697
118000036,1017,1484,-467
118000037,724,842,-118
118000038,177,86,91
118000039,92,179,-87
118000040,1716,1234,482
118000041,2113,1287,826
118000045,652,237,415
118000046,1391,594,797
118000047,930,830,100
118000048,2893,1882,1011
118000051,3713,2004,1709
118000052,2267,1143,1124
118000053,363,671,-308
118000054,1608,1261,347
118000055,1338,1320,18
118000056,188,507,-319
118000057,231,380,-149
118000058,3373,2459,914
118000059,2059,1495,564
118000060,1117,584,533
118000061,1307,1420,-113
118000062,652,332,320
118000063,343,769,-426
118000064,840,1173,-333
118000065,3952,1814,2138
118000066,962,1563,-601
118000067,959,864,95
118000068,1789,4137,-2348
118000069,2934,1084,1850
118000070,5135,2010,3125
118000071,3483,6132,-2649
118000072,1579,1327,252
118000073,2243,736,1507
118000074,472,351,121
118000075,673,255,418
118000076,1521,2244,-723
118000077,1288,1356,-68
118000078,1769,2567,-798
118000079,277,461,-184
118000080,987,926,61
118000081,1978,1316,662
118000082,370,1360,-990
118000083,1813,1875,-62
118000084,3642,1633,2009
118000086,296,576,-280
118000087,4461,2707,1754
118000088,1940,1605,335
118000089,3671,2082,1589
118000090,1251,2541,-1290
118000091,1187,2283,-1096
118000092,1033,557,476
118000093,98,744,-646
118000096,531,656,-125
118000097,920,615,305
118000098,314,229,85
118000099,625,723,-98
118000101,1238,375,863
118000102,389,1265,-876
118000107,1610,469,1141
118000108,825,1981,-1156
118000110,0,21,-21
118000111,1,276,-275
118000112,549,5,544
118000113,6,483,-477
118000114,428,12,416
118000115,9,14,-5
118000116,49,0,49
118000117,1225,756,469
118000118,1057,1025,32
118000119,985,1150,-165
118000120,1656,1230,426
118000121,116,737,-621
118000122,1544,451,1093
118000123,50,300,-250
118000125,1678,914,764
118000126,711,1519,-808
118000127,1756,688,1068
118000128,637,1071,-434
118000129,835,332,503
118000130,2037,2836,-799
118000131,392,663,-271
118000132,2587,1848,739
118000133,949,361,588
118000135,632,384,248
118000136,153,453,-300
118000137,612,96,516
118000138,403,515,-112
118000139,401,109,292
118000140,2510,4563,-2053
118000141,2187,1870,317
118000142,1870,1473,397
118000143,2133,1288,845
118000144,1076,813,263
118000145,1593,1662,-69
118000146,1356,728,628
118000147,916,1444,-528
118000148,484,1100,-616
118000149,1047,973,74
118000150,523,262,261
118000151,540,492,48
118000153,1438,1254,184
118000154,1381,1605,-224
118000155,1456,1335,121
118000156,1939,2434,-495
118000157,641,384,257
118000158,213,436,-223
118000159,29,98,-69
118000160,551,395,156
118000161,487,744,-257
118000162,1892,888,1004
118000163,1032,862,170
118000164,2156,1471,685
118000168,1076,665,411
118000169,1140,1186,-46
118000170,3897,4885,-988
118000171,322,675,-353
118000172,74,340,-266
118000173,979,1169,-190
118000175,321,402,-81
118000176,284,461,-177
118000177,265,587,-322
118000178,37,36,1
118000179,1285,1417,-132
118000180,961,785,176
118000181,768,322,446
118000182,339,267,72
118000183,243,260,-17
118000184,979,680,299
118000185,1331,1132,199
118000186,857,1135,-278
118000187,1293,706,587
118000188,613,179,434
118000189,656,711,-55
118000190,11,15,-4
118000191,21,31,-10
118000192,99,133,-34
118000193,61,346,-285
118000194,1229,844,385
118000195,1010,1110,-100
118000196,369,216,153
118000197,242,142,100
118000198,510,649,-139
118000199,390,331,59
118000200,127,239,-112
118000201,456,508,-52
118000202,77,77,0
118000203,935,579,356
118000204,139,436,-297
118000205,246,299,-53
118000206,212,177,35
118000207,0,38,-38
118000208,1397,1424,-27
118000209,2067,1516,551
118000210,61,39,22
118000211,21,45,-24
118000213,1522,1738,-216
118000214,639,579,60
118000215,359,152,207
118000216,2080,2528,-448
118000217,36,96,-60
118000218,87,82,5
118000219,598,272,326
118000220,7,58,-51
118000221,224,307,-83
118000222,62,13,49
118000223,24,52,-28
118000224,205,115,90
118000225,143,625,-482
118000226,968,218,750
118000227,820,398,422
118000228,122,282,-160
118000229,269,73,196
118000230,154,202,-48
118000231,100,233,-133
118000232,818,774,44
118000233,1315,866,449
118000234,616,231,385
118000236,409,346,63
118000237,111,348,-237
118000238,287,189,98
118000239,274,265,9
118000240,429,237,192
118000241,160,195,-35
118000242,384,608,-224
118000243,319,238,81
118000244,46,127,-81
118000246,1,26,-25
118000255,58,230,-172
118000256,110,232,-122
118000259,14,56,-42
118000260,182,109,73
118000261,44,54,-10
118000263,103,198,-95
118000266,114,232,-118
118000267,0,135,-135
118000268,390,5,385
118000270,117,42,75
118000271,160,250,-90
118000272,134,45,89
118000273,139,71,68
118000274,115,254,-139
118000276,600,395,205
118000295,10,142,-132
118000298,161,277,-116
118000299,72,154,-82
118000301,0,43,-43
118000302,124,45,79
118000311,462,113,349
118000312,366,247,119
118000313,63,166,-103
118000314,87,45,42
118000315,63,67,-4
118000316,860,519,341
118000325,57,41,16
118000326,23,30,-7
118000331,44,48,-4
118000332,11,25,-14
118000333,36,57,-21
118000335,365,0,365
118000336,1,206,-205
118000407,192,84,108
118000457,10,24,-14
118000465,3682,4600,-918
118000480,41,99,-58
118000489,26,318,-292
118000490,26,187,-161
118000492,280,206,74
118000510,63,33,30
118000514,205,240,-35
118000515,762,626,136
118000517,343,193,150
118000524,350,254,96
118000525,769,769,0
118000530,24,96,-72
118000531,355,315,40
118000532,259,286,-27
118000533,320,148,172
118000534,513,440,73
118000535,286,176,110
118000536,875,2251,-1376
118000537,9,277,-268
118000538,37,67,-30
118000539,36,127,-91
118000540,376,184,192
118000541,186,68,118
118000542,112,196,-84
118000543,227,220,7
118000546,44,48,-4
118000553,0,0,0
118000557,0,0,0
118000560,2550,2437,113
118000562,44,140,-96
118000563,1387,1196,191
118000576,166,150,16
118000577,135,128,7
118000578,135,75,60
118000579,582,1135,-553
118000583,0,4,-4
118000595,238,97,141
118000596,0,71,-71
118000597,107,100,7
118000598,5,0,5
118000599,64,61,3
118000600,4,5,-1
118000601,6,0,6
118000602,0,3,-3
118000603,0,26,-26
118900001,578,1260,-682
118900002,1001,818,183
118900003,485,19,466
118900004,34,41,-7
118900005,77,11,66
118900006,190,11,179
118900007,8,3,5
118900008,1805,77,1728
118900009,100,46,54
118900010,72,8,64
118900011,216,24,192
118900012,438,195,243
118900013,449,192,257
118900015,230,66,164
118900016,8,7,1
118900017,234,300,-66
118900018,833,23,810
118900019,55,29,26
118900020,217,100,117
118900021,176,369,-193
118900022,172,146,26
118900023,210,84,126
118900024,104,151,-47
118900025,45,19,26
118900026,79,88,-9
118900027,416,201,215
118900028,215,172,43
118900029,270,326,-56
118900030,335,78,257
118900031,194,119,75
118900032,243,182,61
118900033,437,456,-19
118900034,141,36,105
118900035,133,155,-22
118900036,1245,819,426
118900037,320,270,50
118900038,459,178,281
118900039,603,179,424
118900040,242,230,12
118900041,632,145,487
118900042,245,98,147
118900045,325,196,129
118900046,889,491,398
118900047,579,307,272
118900048,156,238,-82
118900049,59,34,25
118900050,62,115,-53
118900051,48,103,-55
118900052,303,272,31
118900053,32,98,-66
118900054,167,46,121
118900055,143,96,47
118900056,25,396,-371
118900057,1044,501,543
118900058,397,343,54
118900059,19,84,-65
118900060,62,136,-74
118900062,296,195,101
118900064,707,602,105
118900065,75,165,-90
118900066,90,74,16
118900067,4522,3735,787
118900068,9,194,-185
118900069,438,248,190
118900071,2,96,-94
118900072,424,342,82
118900073,111,95,16
118900074,143,195,-52
118900075,69,78,-9
118900076,200,122,78
118900077,258,158,100
118900078,71,10,61
118900079,85,214,-129
118900080,44,158,-114
118900081,82,40,42
118900082,799,190,609
118900083,71,18,53
118900084,23,19,4
118900085,672,824,-152
118900086,51,80,-29
118900087,27,232,-205
118900088,0,8,-8
118900089,41,32,9
118900090,545,357,188
118900091,179,227,-48
118900092,151,105,46
118900093,148,26,122
118900096,45,24,21
118900097,312,439,-127
118900099,97,206,-109
118900100,142,310,-168
118900101,128,372,-244
118900102,54,95,-41
118900103,59,104,-45
118900104,287,134,153
118900105,209,161,48
118900107,124,101,23
118900108,104,97,7
118900110,1289,888,401
118900111,591,478,113
118900112,57,168,-111
118900113,84,373,-289
118900114,15,84,-69
118900115,146,471,-325
118900116,178,213,-35
118900117,127,226,-99
118900118,297,340,-43
118900119,158,235,-77
118900120,99,290,-191
118900121,20,154,-134
118900122,17,959,-942
118900123,192,253,-61
118900124,74,209,-135
118900126,16,389,-373
118900129,211,209,2
118900130,104,278,-174
118900131,170,218,-48
118900132,320,202,118
118900133,15,116,-101
118900135,240,228,12
118900136,206,519,-313
118900137,7,41,-34
118900139,210,366,-156
118900140,441,614,-173
118900141,87,127,-40
118900144,137,339,-202
118900145,83,97,-14
118900146,369,652,-283
118900147,241,129,112
118900148,133,62,71
118900150,139,552,-413
118900152,614,763,-149
118900157,77,158,-81
118900158,90,68,22
118900159,1,139,-138
118900161,98,8,90
118900163,87,84,3
118900164,1,120,-119
118900165,46,146,-100
118900166,26,4,22
118900167,94,116,-22
118900168,22,183,-161
118900169,159,285,-126
118900170,197,144,53
118900171,46,43,3
118900174,53,76,-23
118900175,439,523,-84
118900176,131,297,-166
118900177,55,51,4
118900178,58,154,-96
118900179,1,27,-26
118900181,98,113,-15
118900182,107,47,60
118900183,28,116,-88
118900184,310,120,190
118900185,148,103,45
118900186,136,86,50
118900187,266,250,16
118900188,301,340,-39
118900189,37,851,-814
118900190,11,240,-229
118900191,146,71,75
118900192,199,20,179
118900193,457,10,447
118900195,348,600,-252
118900196,52,134,-82
118900197,114,35,79
118900198,23,16,7
118900199,101,40,61
118900200,27,16,11
118900201,31,33,-2
118900202,14,67,-53
118900203,5,32,-27
118900204,12,34,-22
118900205,3,11,-8
118900206,4,30,-26
119000001,1467,2082,-615
119000002,4841,3911,930
119000003,2851,1064,1787
119000004,2238,1313,925
119000005,1890,2091,-201
119000006,2551,1434,1117
119000007,3351,3249,102
119000008,2087,1766,321
119000009,3813,4928,-1115
119000010,6644,4658,1986
119000011,4255,3168,1087
119000012,3221,4090,-869
119000013,2566,1723,843
119000014,1781,2920,-1139
119000019,335,180,155
119000020,2099,1477,622
119000021,4587,2539,2048
119000022,2797,2581,216
119000023,259,272,-13
119000024,1891,11082,-9191
119000025,6423,1381,5042
119000026,182,414,-232
119000027,251,442,-191
119000028,1723,908,815
119000029,114,335,-221
119000030,648,1046,-398
119000031,850,633,217
119000032,2118,2542,-424
119000033,2422,1381,1041
119000034,1110,1000,110
119000035,41,270,-229
119000036,1902,811,1091
119000037,1276,1554,-278
119000038,182,784,-602
119000039,375,298,77
119000040,854,619,235
119000041,830,1121,-291
119000048,3100,2989,111
119000049,1774,2119,-345
119000050,1623,1921,-298
119000051,1869,1092,777
119000052,1903,2812,-909
119000053,1950,1283,667
119000054,3597,3038,559
119000055,4699,3188,1511
119000056,2682,2221,461
119000057,1754,1837,-83
119000058,2245,1751,494
119000059,1291,1616,-325
119000060,1840,1339,501
119000061,1091,722,369
119000062,1314,1457,-143
119000063,607,433,174
119000064,978,1119,-141
119000065,2110,3603,-1493
119000066,2431,1236,1195
119000067,1747,1960,-213
119000068,1737,1202,535
119000069,1524,2296,-772
119000070,2755,1020,1735
119000071,493,678,-185
119000072,4988,3226,1762
119000073,4866,6701,-1835
119000074,1399,2141,-742
119000075,2612,2085,527
119000076,478,868,-390
119000077,918,468,450
119000078,380,137,243
119000079,124,588,-464
119000080,423,209,214
119000081,299,395,-96
119000082,869,235,634
119000083,705,369,336
119000084,302,414,-112
119000085,513,224,289
119000086,314,409,-95
119000087,1524,972,552
119000088,419,294,125
119000089,71,219,-148
119000090,128,156,-28
119000091,123,398,-275
119000092,459,196,263
119000093,3463,2767,696
119000094,3233,4951,-1718
119000095,1886,3070,-1184
119000097,2171,1364,807
119000098,945,2902,-1957
119000099,2554,1785,769
119000100,4032,3247,785
119000101,4622,2032,2590
119000102,943,1211,-268
119000103,1597,615,982
119000104,2344,1302,1042
119000105,1164,2096,-932
119000106,371,1349,-978
119000107,916,500,416
119000108,474,903,-429
119000109,152,581,-429
119000110,539,432,107
119000111,66,724,-658
119000112,147,107,40
119000113,2093,327,1766
119000114,1083,1062,21
119000115,129,141,-12
119000116,137,85,52
119000117,216,366,-150
119000118,3,2,1
119000123,4297,2463,1834
119000124,755,188,567
119000125,4074,704,3370
119000126,1326,688,638
119000127,556,467,89
119000128,17,6,11
119000131,1036,690,346
119000132,7,2,5
119000133,0,11,-11
119000134,2136,594,1542
119000135,145,230,-85
119000136,241,199,42
119000137,225,343,-118
119000138,547,275,272
119000139,287,214,73
119000140,236,367,-131
119000284,1288,2589,-1301
119000285,2219,2094,125
119000286,6915,5778,1137
119000287,1247,2226,-979
119000288,2055,1380,675
119000289,1826,2790,-964
119000290,203,395,-192
119000291,10,172,-162
119000293,111,181,-70
119000294,44,38,6
119000295,1265,377,888
119000296,247,151,96
119000299,0,0,0
119000302,2283,1257,1026
119000303,49,143,-94
119000314,1678,9654,-7976
119000315,10,301,-291
119000316,164,107,57
119000317,93,269,-176
119900001,336,1312,-976
119900002,193,275,-82
119900003,53,938,-885
119900004,319,1272,-953
119900005,194,98,96
119900006,277,391,-114
119900007,1315,297,1018
119900008,73,47,26
119900009,678,696,-18
119900010,1153,1121,32
119900011,18,103,-85
119900012,16,97,-81
119900013,2130,1306,824
119900014,514,244,270
119900015,110,35,75
119900016,64,65,-1
119900017,66,53,13
119900018,1878,956,922
119900019,57,13,44
119900020,240,235,5
119900021,214,116,98
119900022,137,808,-671
119900023,485,1610,-1125
119900025,180,26,154
119900026,738,176,562
119900027,28,28,0
119900028,232,141,91
119900029,4,6,-2
119900030,709,471,238
119900031,55,415,-360
119900033,2354,438,1916
119900034,492,127,365
119900037,209,53,156
119900038,46,320,-274
119900039,104,17,87
119900040,128,40,88
119900041,150,37,113
119900042,106,162,-56
119900043,83,129,-46
119900044,257,954,-697
119900046,138,72,66
119900047,318,92,226
119900048,33,33,0
119900049,147,5,142
119900050,122,126,-4
119900051,670,20,650
119900052,71,45,26
119900053,218,156,62
119900054,147,17,130
119900055,1613,479,1134
119900057,278,71,207
119900058,220,6,214
119900059,146,45,101
119900060,309,19,290
119900062,89,33,56
119900063,19,59,-40
119900065,257,8,249
119900066,2,0,2
119900067,133,32,101
119900068,547,5,542
119900069,163,36,127
119900070,1081,9,1072
119900071,778,38,740
119900073,1704,693,1011
119900074,38,41,-3
119900075,4612,2960,1652
119900076,775,316,459
119900077,965,1010,-45
119900078,629,874,-245
119900079,572,252,320
119900080,1757,1283,474
119900081,365,48,317
119900082,1320,172,1148
119900083,558,146,412
119900084,812,356,456
119900085,64,77,-13
119900087,738,429,309
119900088,44,65,-21
119900089,74,484,-410
119900090,151,63,88
119900091,46,777,-731
119900092,155,431,-276
119900093,1296,297,999
119900094,54,210,-156
119900095,194,121,73
119900096,38,139,-101
119900097,437,174,263
119900098,52,65,-13
119900099,46,206,-160
119900100,1957,2620,-663
119900101,172,1220,-1048
119900102,39,234,-195
119900103,85,314,-229
119900104,50,208,-158
119900105,956,2647,-1691
119900106,12,163,-151
119900107,258,2364,-2106
119900108,2827,702,2125
119900109,26,184,-158
119900110,740,600,140
119900111,132,244,-112
119900112,1383,676,707
119900113,66,278,-212
119900114,411,1185,-774
119900115,408,989,-581
119900116,159,487,-328
119900117,331,612,-281
119900118,141,709,-568
119900119,309,236,73
119900120,741,562,179
119900121,429,960,-531
119900122,491,398,93
119900123,225,339,-114
119900124,266,842,-576
119900125,65,289,-224
119900126,4255,513,3742
119900127,1961,1078,883
119900128,512,779,-267
119900129,373,524,-151
119900130,24,253,-229
119900131,48,252,-204
119900132,12,205,-193
119900133,78,112,-34
119900134,1623,272,1351
119900135,3,333,-330
119900136,218,317,-99
119900138,429,545,-116
119900139,7,117,-110
119900140,8,152,-144
119900141,100,673,-573
119900142,9,38,-29
119900143,13,275,-262
119900144,1568,261,1307
119900145,112,174,-62
119900146,159,240,-81
119900147,8,153,-145
119900148,248,83,165
119900149,1100,4415,-3315
119900150,151,169,-18
119900151,2014,832,1182
119900152,131,359,-228
119900153,166,67,99
119900154,3,233,-230
119900155,47,55,-8
119900156,23,11,12
119900157,131,275,-144
119900158,249,82,167
119900159,16,1141,-1125
119900160,35,160,-125
119900161,167,177,-10
119900162,1021,1086,-65
119900163,121,161,-40
119900164,2,4,-2
119900165,185,171,14
119900166,97,60,37
119900167,84,96,-12
119900168,908,488,420
119900169,124,357,-233
119900170,247,299,-52
119900171,1046,437,609
119900172,149,32,117
119900173,5,345,-340
119900174,11,190,-179
119900175,1485,704,781
119900177,21,199,-178
119900178,21,159,-138
119900179,143,500,-357
119900180,1041,929,112
119900181,84,141,-57
119900182,5,364,-359
119900183,143,641,-498
119900184,2222,564,1658
119900185,64,225,-161
119900186,95,1011,-916
119900187,25,450,-425
119900188,176,409,-233
119900189,549,501,48
119900190,93,310,-217
119900191,409,317,92
119900192,52,163,-111
119900193,483,163,320
119900194,33,91,-58
119900195,64,190,-126
119900196,1294,510,784
119900197,167,154,13
119900198,295,237,58
119900199,188,56,132
119900200,701,717,-16
119900201,393,247,146
119900202,149,320,-171
119900203,229,593,-364
119900204,385,347,38
119900205,867,459,408
119900206,199,165,34
119900208,139,147,-8
119900209,572,1582,-1010
119900210,36,24,12
119900211,120,8,112
119900212,223,253,-30
119900213,11,56,-45
119900214,37,56,-19
119900215,46,62,-16
119900216,12,68,-56
119900217,12,54,-42
119900218,22,64,-42
119900219,11,115,-104
119900220,4,79,-75
119900221,25,240,-215
119900222,17,223,-206
119900223,35,77,-42
119900224,18,29,-11
119900225,908,42,866
119900226,615,2014,-1399
119900227,1034,384,650
119900228,48,259,-211
119900229,390,497,-107
119900230,1487,710,777
119900231,302,164,138
119900232,262,158,104
119900233,67,10,57
119900234,22,96,-74
119900235,23,49,-26
119900236,32,264,-232
119900237,99,569,-470
119900238,6,68,-62
119900240,116,104,12
119900241,154,227,-73
119900242,1491,1728,-237
119900244,722,1310,-588
119900245,192,252,-60
119900246,319,641,-322
119900247,39,114,-75
119900248,127,237,-110
119900249,293,120,173
119900253,2334,416,1918
119900254,92,737,-645
119900255,148,717,-569
119900256,808,976,-168
119900257,113,8,105
119900258,155,11,144
119900259,9,131,-122
119900260,159,14,145
119900261,385,161,224
119900262,0,225,-225
119900263,1118,424,694
119900264,105,171,-66
119900265,401,325,76
119900266,461,256,205
119900267,290,536,-246
119900268,165,162,3
119900269,1006,1048,-42
119900271,53,113,-60
119900272,502,301,201
119900275,147,33,114
119900276,63,1,62
119900277,12,10,2
119900278,266,105,161
119900279,142,297,-155
119900280,686,165,521
119900281,0,222,-222
119900282,62,151,-89
119900283,16,233,-217
119900284,57,227,-170
119900285,36,70,-34
119900286,2,28,-26
119900288,9,27,-18
119900289,2,32,-30
119900290,12,29,-17
119900291,2,104,-102
119900292,64,58,6
119900293,29,7,22
119900294,44,4,40
119900295,0,0,0
119900296,0,0,0
119900299,54,178,-124
119900300,206,191,15
119900301,109,131,-22
119900302,143,70,73
119900303,258,189,69
119900304,206,44,162
119900305,7,96,-89
119900306,25,4,21
119900307,70,95,-25
119900308,4,52,-48
119900309,58,120,-62
119900310,269,291,-22
119900311,83,115,-32
119900312,123,101,22
119900313,303,293,10
119900314,228,454,-226
119900315,2081,2186,-105
119900318,20,40,-20
119900319,1,239,-238
119900320,289,603,-314
119900321,101,4,97
119900322,28,81,-53
119900323,1,120,-119
119900324,0,49,-49
119900325,228,248,-20
119900326,64,72,-8
120000001,6511,15890,-9379
120000002,2659,2762,-103
120000003,3372,1528,1844
120000004,2650,1917,733
120000005,4263,2062,2201
120000006,1300,1293,7
120000007,3559,3121,438
120000008,1101,1424,-323
120000009,3036,997,2039
120000010,2102,2386,-284
120000011,1054,1749,-695
120000012,1773,2682,-909
120000013,3083,2957,126
120000014,772,1533,-761
120000015,2633,1648,985
120000016,3956,2422,1534
120000017,2799,2563,236
120000018,3867,12193,-8326
120000019,1125,1594,-469
120000020,3178,3334,-156
120000021,1946,2551,-605
120000022,2955,3938,-983
120000023,1061,1604,-543
120000024,1530,2463,-933
120000025,2531,2064,467
120000026,2037,1844,193
120000027,2198,2276,-78
120000028,715,1039,-324
120000029,3161,1172,1989
120000030,360,959,-599
120000031,2545,6111,-3566
120000032,7960,3997,3963
120000033,5021,1884,3137
120000034,2191,1695,496
120000035,2210,2029,181
120000036,2879,5287,-2408
120000037,769,1773,-1004
120000038,6176,4359,1817
120000039,657,910,-253
120000040,104,436,-332
120000041,1278,1529,-251
120000042,1830,2309,-479
120000043,4940,1693,3247
120000044,5653,1746,3907
120000045,6109,1109,5000
120000046,3018,2670,348
120000047,1104,5274,-4170
120000048,7333,4619,2714
120000049,3520,3099,421
120000050,4204,4064,140
120000051,2965,4565,-1600
120000052,8172,2456,5716
120000053,1251,2281,-1030
120000054,1364,3876,-2512
120000055,1854,4425,-2571
120000056,4405,3834,571
120000057,3033,893,2140
120000058,2937,857,2080
120000059,34,1693,-1659
120000061,134,551,-417
120000062,238,309,-71
120000063,1435,2327,-892
120000064,234,1078,-844
120000065,572,1471,-899
120000066,478,596,-118
120000067,87,641,-554
120000068,191,784,-593
120000069,556,1043,-487
120000070,87,610,-523
120000071,567,125,442
120000072,878,436,442
120000073,951,197,754
120000074,289,204,85
120000075,1036,396,640
120000076,2252,447,1805
120000077,1889,712,1177
120000078,3518,1376,2142
120000079,240,146,94
120000080,181,179,2
120000081,299,123,176
120000082,174,261,-87
120000083,70,678,-608
120000084,413,351,62
120000085,313,353,-40
120000086,311,518,-207
120000087,172,542,-370
120000088,875,1253,-378
120000089,1191,739,452
120000090,785,617,168
120000091,919,1112,-193
120000092,1429,672,757
120000093,475,509,-34
120000094,174,813,-639
120000095,1095,511,584
120000096,348,737,-389
120000098,921,883,38
120000099,522,828,-306
120000100,935,951,-16
120000101,587,426,161
120000102,609,895,-286
120000103,1623,956,667
120000104,2028,579,1449
120000105,3298,805,2493
120000106,2485,866,1619
120000107,4245,762,3483
120000108,1241,140,1101
120000109,1197,107,1090
120000110,148,966,-818
120000111,114,957,-843
120000112,766,2497,-1731
120000113,600,1970,-1370
120000114,1146,2528,-1382
120000115,380,2043,-1663
120000116,745,1857,-1112
120000117,1001,1382,-381
120000118,57,31,26
120000119,20,65,-45
120000120,129,74,55
120000121,46,72,-26
120000122,319,363,-44
120000123,4428,5544,-1116
120000124,459,402,57
120000125,498,620,-122
120000126,327,1146,-819
120000127,2958,1172,1786
120000128,3662,4363,-701
120000129,200,278,-78
120000130,882,530,352
120000131,327,729,-402
120000134,394,1045,-651
120000135,647,559,88
120000137,293,1246,-953
120000138,1182,534,648
120000139,345,670,-325
120000140,1023,616,407
120000141,478,452,26
120000142,739,593,146
120000143,1,94,-93
120000144,113,6,107
120000145,379,0,379
120000146,1217,1056,161
120000149,748,1135,-387
120000150,3412,10951,-7539
120000151,490,522,-32
120000152,543,189,354
120000153,261,542,-281
120000154,525,458,67
120000155,143,301,-158
120000156,824,995,-171
120000157,1040,768,272
120000158,906,910,-4
120000159,2070,2694,-624
120000160,2636,1701,935
120000161,2288,2301,-13
120000162,82,302,-220
120000163,790,1072,-282
120000164,617,416,201
120000165,707,727,-20
120000166,1691,577,1114
120000167,103,206,-103
120000168,22,694,-672
120000169,60,1666,-1606
120000170,45,821,-776
120000171,20,370,-350
120000172,16,213,-197
120000173,2143,827,1316
120000174,309,39,270
120000175,286,45,241
120000176,353,50,303
120000177,1581,155,1426
120000178,77,26,51
120000179,296,46,250
120000180,1039,97,942
120000181,168,1411,-1243
120000182,88,501,-413
120000183,12,404,-392
120000184,163,1501,-1338
120000186,63,452,-389
120000187,26,232,-206
120000188,149,360,-211
120000190,774,42,732
120000191,757,59,698
120000192,989,29,960
120000193,504,7,497
120000195,114,2,112
120000196,388,53,335
120000197,137,119,18
120000198,182,60,122
120000199,118,2,116
120000200,108,1,107
120000201,15,26,-11
120000202,11,51,-40
120000203,59,159,-100
120000207,3,63,-60
120000208,3,144,-141
120000209,5,77,-72
120000210,82,72,10
120000211,165,4,161
120000212,215,0,215
120000213,147,280,-133
120000214,0,269,-269
120000215,2,117,-115
120000216,82,13,69
120000217,669,1105,-436
120000218,153,759,-606
120000219,6,432,-426
120000220,25,1336,-1311
120000225,1609,1,1608
120000226,296,4,292
120000227,813,54,759
120000228,9408,3838,5570
120000230,441,19,422
120000231,1505,2051,-546
120000233,372,14,358
120000235,300,642,-342
120000236,1084,1,1083
120000237,1,1169,-1168
120000238,2,568,-566
120000241,1299,3972,-2673
120000412,825,7,818
120000413,269,237,32
120000414,139,6,133
120000415,1,113,-112
120000416,132,7,125
120000417,12,67,-55
120000418,155,21,134
120000419,8,227,-219
120000420,56,26,30
120000421,10312,6175,4137
120000422,130,1543,-1413
120000423,1,71,-70
120000424,80,129,-49
120000436,167,641,-474
120000437,129,148,-19
120000438,2254,277,1977
120000439,251,557,-306
120000443,274,0,274
120000444,1470,527,943
120000445,1581,984,597
120000446,731,212,519
120000447,219,24,195
120000449,112,6,106
120000450,19,203,-184
120000451,171,301,-130
120000452,192,2,190
120000453,0,361,-361
120000454,59,50,9
120000455,79,59,20
120000456,2182,3961,-1779
120000457,972,487,485
120000458,468,676,-208
120000459,118,68,50
120000665,934,239,695
120000668,113,898,-785
120000669,61,140,-79
120000670,187,586,-399
120000671,1437,475,962
120000672,92,606,-514
120900001,79,152,-73
120900002,467,670,-203
120900003,248,32,216
120900004,13,85,-72
120900005,16,969,-953
120900006,504,269,235
120900007,173,93,80
120900008,284,1130,-846
120900009,648,51,597
120900010,492,121,371
120900011,327,202,125
120900012,370,1366,-996
120900013,359,180,179
120900014,3,509,-506
120900015,766,112,654
120900016,923,65,858
120900017,2301,106,2195
120900018,167,385,-218
120900019,730,364,366
120900020,814,1552,-738
120900021,831,314,517
120900022,30,338,-308
120900023,354,30,324
120900024,2338,529,1809
120900025,1591,1065,526
120900026,200,164,36
120900027,882,9,873
120900028,456,112,344
120900029,156,467,-311
120900030,1208,968,240
120900031,295,165,130
120900032,1256,92,1164
120900033,1185,97,1088
120900034,25,2479,-2454
120900035,45,81,-36
120900037,281,19,262
120900038,85,276,-191
120900039,107,36,71
120900040,346,4,342
120900041,138,26,112
120900042,659,49,610
120900043,65,54,11
120900044,20,364,-344
120900045,155,105,50
120900046,483,5,478
120900047,186,119,67
120900048,134,33,101
120900049,620,4,616
120900050,2073,1652,421
120900051,430,116,314
120900052,730,6,724
120900053,279,78,201
120900054,1786,663,1123
120900055,455,3,452
120900056,543,29,514
120900057,226,13,213
120900058,637,3,634
120900059,109,5,104
120900060,60,39,21
120900061,267,293,-26
120900062,232,2,230
120900063,583,3,580
120900064,735,2,733
120900065,581,3,578
120900066,428,198,230
120900067,223,54,169
120900068,270,2,268
120900069,264,46,218
120900071,20,1,19
120900072,739,7,732
120900073,612,164,448
120900074,697,13,684
120900076,363,0,363
120900077,2738,340,2398
120900078,843,642,201
120900079,789,92,697
120900080,791,1521,-730
120900081,1154,776,378
120900082,569,420,149
120900083,94,3,91
120900084,346,529,-183
120900085,97,119,-22
120900086,133,312,-179
120900087,483,415,68
120900088,196,440,-244
120900089,3006,3036,-30
120900090,308,126,182
120900091,824,1065,-241
120900092,1362,508,854
120900093,2048,182,1866
120900094,578,227,351
120900095,533,49,484
120900096,56,231,-175
120900097,722,669,53
120900098,274,180,94
120900099,61,87,-26
120900100,92,230,-138
120900101,692,271,421
120900102,55,66,-11
120900103,83,289,-206
120900104,25,53,-28
120900105,38,472,-434
120900106,1267,520,747
120900107,280,177,103
120900108,3,530,-527
120900109,37,583,-546
120900110,10,601,-591
120900111,229,365,-136
120900112,16,742,-726
120900113,24,676,-652
120900114,36,215,-179
120900115,183,267,-84
120900116,463,426,37
120900117,6,455,-449
120900118,5,639,-634
120900119,5612,4941,671
120900120,97,645,-548
120900121,221,513,-292
120900122,613,437,176
120900123,5,373,-368
120900124,1,512,-511
120900125,2,614,-612
120900126,1578,1034,544
120900127,16,478,-462
120900128,1228,1461,-233
120900129,55,276,-221
120900130,8,444,-436
120900131,65,118,-53
120900132,1044,271,773
120900133,144,886,-742
120900134,822,459,363
120900135,6,494,-488
120900136,58,63,-5
120900137,241,117,124
120900138,20,209,-189
120900139,2,579,-577
120900140,2,61,-59
120900141,180,184,-4
120900142,19,437,-418
120900143,6,737,-731
120900144,0,149,-149
120900145,144,721,-577
120900146,0,892,-892
120900147,3,525,-522
120900148,138,129,9
120900149,1,258,-257
120900150,46,486,-440
120900151,1,560,-559
120900152,10,24,-14
120900153,51,105,-54
120900154,0,215,-215
120900155,203,910,-707
120900156,73,319,-246
120900157,76,258,-182
120900158,82,582,-500
120900159,181,363,-182
120900160,18,624,-606
120900161,38,541,-503
120900162,36,774,-738
120900163,50,1088,-1038
120900164,2,21,-19
120900165,7,90,-83
120900166,239,665,-426
120900167,484,196,288
120900169,98,339,-241
120900170,1219,3055,-1836
120900171,1185,289,896
120900172,1130,1453,-323
120900173,0,51,-51
120900174,15,121,-106
120900175,279,146,133
120900176,22,328,-306
120900177,2,1213,-1211
120900178,1,493,-492
120900179,776,481,295
120900180,115,154,-39
120900181,116,45,71
120900182,42,315,-273
120900183,473,62,411
120900184,313,95,218
120900185,11,409,-398
120900186,1,370,-369
120900187,617,1145,-528
120900188,204,14,190
120900189,82,1270,-1188
120900190,82,0,82
120900191,9,19,-10
120900192,9137,7789,1348
120900194,56,107,-51
120900195,174,349,-175
120900196,792,34,758
120900197,767,192,575
120900198,226,564,-338
120900199,432,601,-169
120900200,57,117,-60
120900201,441,200,241
120900202,1,157,-156
120900203,38,93,-55
120900204,155,215,-60
120900205,53,70,-17
120900206,15,39,-24
120900207,95,1363,-1268
121000001,709,1107,-398
121000002,2523,1354,1169
121000003,3148,2171,977
121000004,2783,3489,-706
121000005,1814,2821,-1007
121000006,3725,1849,1876
121000007,2664,2994,-330
121000008,5460,3683,1777
121000009,5650,6038,-388
121000010,8601,6522,2079
121000011,9933,13335,-3402
121000012,17543,11744,5799
121000013,5091,7778,-2687
121000014,6414,6079,335
121000015,4642,7144,-2502
121000016,4105,3511,594
121000017,2321,4000,-1679
121000018,3114,1927,1187
121000019,18398,12888,5510
121000020,15216,18512,-3296
121000021,3255,3045,210
121000022,2516,3473,-957
121000023,4375,3255,1120
121000024,5345,5068,277
121000025,652,1534,-882
121000026,330,161,169
121000027,1718,1276,442
121000028,984,630,354
121000029,1095,799,296
121000030,806,526,280
121000031,749,747,2
121000032,278,116,162
121000034,528,321,207
121000035,146,159,-13
121000036,1105,952,153
121000037,630,593,37
121000038,650,1131,-481
121000039,268,507,-239
121000041,632,581,51
121000042,343,483,-140
121000043,794,588,206
121000044,1533,1026,507
121000045,519,326,193
121000046,851,1161,-310
121000047,80,113,-33
121000049,1615,728,887
121000050,294,1082,-788
121000051,625,358,267
121000052,462,668,-206
121000053,487,126,361
121000054,57,476,-419
121000055,1031,1262,-231
121000056,767,1056,-289
121000057,395,583,-188
121000058,421,225,196
121000059,2592,1376,1216
121000060,666,1059,-393
121000061,115,473,-358
121000062,213,377,-164
121000063,935,834,101
121000064,768,978,-210
121000065,573,624,-51
121000066,761,701,60
121000067,635,706,-71
121000068,799,447,352
121000069,621,1070,-449
121000070,2069,1330,739
121000071,1621,1354,267
121000072,1270,800,470
121000073,1040,1024,16
121000074,134,207,-73
121000075,61,614,-553
121000076,860,544,316
121000077,136,222,-86
121000078,94,204,-110
121000080,2359,698,1661
121000081,4606,3301,1305
121000082,104,295,-191
121000083,278,160,118
121000084,192,163,29
121000085,310,457,-147
121000086,288,796,-508
121000087,68,377,-309
121000088,567,627,-60
121000089,553,482,71
121000090,649,504,145
121000091,1640,1099,541
121000092,232,106,126
121000093,156,238,-82
121000094,623,779,-156
121000095,378,726,-348
121000096,2621,2603,18
121000097,1147,2774,-1627
121000098,705,1184,-479
121000099,833,884,-51
121000100,1057,490,567
121000101,423,307,116
121000102,317,327,-10
121000103,241,245,-4
121000104,303,189,114
121000105,622,305,317
121000106,386,394,-8
121000107,2147,3210,-1063
121000109,1294,1104,190
121000110,428,758,-330
121000114,2953,2319,634
121000115,1133,730,403
121000116,296,1034,-738
121000117,764,235,529
121000118,1600,230,1370
121000119,327,585,-258
121000120,317,502,-185
121000121,645,1242,-597
121000123,1865,776,1089
121000126,88,334,-246
121000127,226,76,150
121000128,1045,510,535
121000129,860,643,217
121000130,640,824,-184
121000131,2604,2203,401
121000132,1893,1984,-91
121000135,707,1064,-357
121000136,1346,1245,101
121000137,631,426,205
121000138,1118,1725,-607
121000139,642,687,-45
121000141,209,169,40
121000142,797,1109,-312
121000143,166,47,119
121000144,1223,2108,-885
121000145,647,1090,-443
121000146,1483,1065,418
121000147,1101,622,479
121000148,1097,1091,6
121000149,2427,1379,1048
121000152,431,497,-66
121000153,1872,647,1225
121000154,1082,576,506
121000155,1689,1186,503
121000156,460,1013,-553
121000157,1055,1799,-744
121000158,467,521,-54
121000159,283,471,-188
121000160,385,404,-19
121000161,228,286,-58
121000162,106,222,-116
121000165,1951,1913,38
121000166,28,515,-487
121000168,426,244,182
121000169,95,207,-112
121000170,384,120,264
121000171,109,210,-101
121000172,712,612,100
121000173,1321,1212,109
121000174,431,452,-21
121000175,1145,413,732
121000176,363,289,74
121000177,950,611,339
121000178,125,60,65
121000179,108,76,32
121000181,431,430,1
121000182,190,307,-117
121000183,79,93,-14
121000184,128,97,31
121000185,71,192,-121
121000186,231,662,-431
121000187,174,167,7
121000188,207,210,-3
121000192,1113,507,606
121000193,725,642,83
121000194,2440,2329,111
121000195,299,864,-565
121000196,779,270,509
121000197,253,698,-445
121000198,214,127,87
121000199,138,367,-229
121000200,534,109,425
121000201,7,205,-198
121000202,945,203,742
121000203,978,2043,-1065
121000204,2991,920,2071
121000205,238,329,-91
121000206,234,66,168
121000207,2316,451,1865
121000208,3,315,-312
121000209,534,296,238
121000210,764,399,365
121000211,331,138,193
121000212,512,567,-55
121000213,9194,2955,6239
121000214,936,2361,-1425
121000215,1063,953,110
121000216,571,710,-139
121000217,4929,2671,2258
121000218,431,1634,-1203
121000219,1447,467,980
121000220,196,102,94
121000221,121,226,-105
121000222,2661,2647,14
121000223,587,489,98
121000224,360,299,61
121000225,1104,1986,-882
121000226,2764,1258,1506
121000227,25,137,-112
121000228,17,500,-483
121000229,333,301,32
121000230,68,1415,-1347
121000231,937,39,898
121000232,497,344,153
121000233,575,382,193
121000234,37,40,-3
121000235,87,82,5
121000236,12,26,-14
121000237,49,24,25
121000238,10,55,-45
121000239,65,11,54
121000240,10,193,-183
121000241,78,20,58
121000242,61,261,-200
121000243,627,218,409
121000244,16,67,-51
121000245,85,42,43
121000246,1,80,-79
121000247,92,7,85
121000248,1844,542,1302
121000249,105,289,-184
121000250,585,193,392
121000251,22,385,-363
121000252,94,96,-2
121000253,335,424,-89
121000254,719,175,544
121000255,154,186,-32
121000256,370,159,211
121000257,26,96,-70
121000258,130,48,82
121000259,75,67,8
121000260,75,111,-36
121000261,76,53,23
121000262,1243,844,399
121000263,505,440,65
121000271,300,1387,-1087
121000273,27,9,18
121000274,6,41,-35
121000275,3,21,-18
121000276,6,13,-7
121000278,39,42,-3
121000279,23,15,8
121000280,39,31,8
121000289,201,19,182
121000290,1136,958,178
121000294,183,149,34
121000297,932,1113,-181
121000299,213,554,-341
121000300,898,560,338
121000302,69,1292,-1223
121000303,468,358,110
121000304,499,64,435
121000305,172,46,126
121000306,103,133,-30
121000308,194,321,-127
121000309,404,446,-42
121000310,88,328,-240
121000311,83,746,-663
121000312,362,239,123
121000313,296,439,-143
121000314,118,130,-12
121000315,55,133,-78
121000530,1577,1395,182
121000531,1582,1443,139
121000532,6924,8281,-1357
121000533,3352,3840,-488
121000918,49,139,-90
121000919,47,67,-20
121000938,118,115,3
121000939,116,148,-32
121000956,1582,1198,384
121000957,4,14,-10
121000958,64,58,6
121000959,846,727,119
121000960,1427,1833,-406
121000961,302,246,56
121000962,317,440,-123
121000973,2,157,-155
121000976,15,202,-187
121000979,586,218,368
121000981,508,391,117
121000982,397,193,204
121000983,436,347,89
121000984,50,88,-38
121000985,864,458,406
121000986,307,257,50
121000987,319,864,-545
121000988,891,129,762
121001302,217,112,105
121001308,1,11,-10
121001309,69,93,-24
121001311,0,0,0
121001313,226,209,17
121001314,2260,2787,-527
121001315,4988,3362,1626
121001318,0,0,0
121900001,103,188,-85
121900002,50,29,21
121900003,473,10,463
121900004,114,404,-290
121900005,35,20,15
121900006,122,20,102
121900007,2184,1983,201
121900008,1147,1109,38
121900009,693,29,664
121900010,254,3,251
121900011,398,443,-45
121900012,13,0,13
121900013,1549,152,1397
121900014,1202,462,740
121900015,245,201,44
121900016,2,32,-30
121900017,482,491,-9
121900018,392,12,380
121900019,616,261,355
121900020,18,0,18
121900021,1072,19,1053
121900022,350,273,77
121900023,205,309,-104
121900024,440,109,331
121900025,787,488,299
121900026,428,49,379
121900027,463,220,243
121900028,244,16,228
121900029,144,287,-143
121900030,573,563,10
121900031,1086,6542,-5456
121900032,98,86,12
121900033,203,206,-3
121900034,293,90,203
121900035,3048,2254,794
121900036,102,326,-224
121900037,156,873,-717
121900038,47,147,-100
121900039,383,90,293
121900040,114,125,-11
121900041,104,206,-102
121900042,412,186,226
121900043,5,6,-1
121900044,194,58,136
121900046,332,437,-105
121900047,228,59,169
121900048,56,158,-102
121900050,52,61,-9
121900051,213,189,24
121900052,213,34,179
121900053,528,309,219
121900054,499,1053,-554
121900055,5,22,-17
121900058,303,151,152
121900059,524,228,296
121900060,142,438,-296
121900061,218,213,5
121900062,207,130,77
121900063,1443,607,836
121900064,297,585,-288
121900066,92,24,68
121900067,75,58,17
121900069,212,162,50
121900070,222,150,72
121900071,470,258,212
121900072,69,148,-79
121900073,360,252,108
121900074,812,1133,-321
121900075,534,529,5
121900076,471,557,-86
121900077,29,24,5
121900078,106,36,70
121900079,1,0,1
121900080,942,468,474
121900082,76,83,-7
121900084,37,132,-95
121900085,1,15,-14
121900086,10,54,-44
121900087,152,119,33
121900088,2285,3574,-1289
121900089,211,319,-108
121900090,45,117,-72
121900091,76,116,-40
121900092,72,124,-52
121900093,109,72,37
121900094,28,8,20
121900095,351,170,181
121900096,1343,1000,343
121900097,698,206,492
121900098,7,5,2
121900099,272,53,219
121900100,262,612,-350
121900101,177,128,49
121900102,5,204,-199
121900103,498,275,223
121900104,1513,317,1196
121900105,319,215,104
121900106,9,21,-12
121900107,50,49,1
121900108,2,22,-20
121900109,277,160,117
121900110,551,714,-163
121900111,724,265,459
121900112,148,174,-26
121900113,73,421,-348
121900114,109,85,24
121900117,301,110,191
121900118,1840,738,1102
121900119,208,117,91
121900120,79,1365,-1286
121900121,622,68,554
121900122,30,90,-60
121900123,277,439,-162
121900124,167,129,38
121900125,2304,1218,1086
121900127,20,124,-104
121900128,108,140,-32
121900129,739,277,462
121900130,115,232,-117
121900131,247,93,154
121900132,67,90,-23
121900133,79,1106,-1027
121900134,51,219,-168
121900135,2698,367,2331
121900136,352,339,13
121900137,50,418,-368
121900138,75,235,-160
121900139,421,655,-234
121900140,100,202,-102
121900141,102,36,66
121900142,209,189,20
121900143,39,145,-106
121900144,136,300,-164
121900145,197,259,-62
121900146,637,844,-207
121900147,71,175,-104
121900148,258,346,-88
121900149,370,565,-195
121900150,68,145,-77
121900151,131,319,-188
121900152,95,134,-39
121900153,125,743,-618
121900154,19,243,-224
121900155,8,278,-270
121900156,181,195,-14
121900157,2,375,-373
121900158,91,150,-59
121900159,1,234,-233
121900160,70,294,-224
121900161,366,436,-70
121900162,115,191,-76
121900163,230,507,-277
121900164,361,285,76
121900165,246,176,70
121900166,229,198,31
121900167,122,142,-20
121900168,166,266,-100
121900169,5,235,-230
121900170,10,203,-193
121900171,907,621,286
121900172,638,243,395
121900173,937,311,626
121900174,56,102,-46
121900175,205,216,-11
121900176,575,1561,-986
121900177,237,87,150
121900178,30,53,-23
121900179,393,220,173
121900180,3657,4646,-989
121900182,785,382,403
121900183,695,1599,-904
121900184,91,584,-493
121900186,5,370,-365
121900187,39,172,-133
121900188,519,380,139
121900189,40,115,-75
121900190,329,408,-79
121900191,100,189,-89
121900192,341,864,-523
121900193,51,212,-161
121900194,1,216,-215
121900195,85,91,-6
121900196,943,1070,-127
121900197,328,1333,-1005
121900198,1343,1093,250
121900199,4,23,-19
121900200,69,265,-196
121900201,1097,812,285
121900202,134,689,-555
121900203,301,1178,-877
121900204,953,1192,-239
121900205,14,66,-52
121900206,11,37,-26
121900207,137,42,95
121900208,163,335,-172
121900209,128,59,69
121900210,1620,1200,420
121900211,239,343,-104
121900212,115,121,-6
121900213,243,77,166
121900214,17,437,-420
121900215,48,107,-59
121900216,30,295,-265
121900217,287,144,143
121900218,206,485,-279
121900220,160,15,145
121900221,308,581,-273
121900222,187,201,-14
121900223,231,59,172
121900224,144,47,97
121900225,115,148,-33
121900226,342,578,-236
121900227,279,589,-310
121900228,167,261,-94
121900230,132,381,-249
121900231,409,2420,-2011
121900232,213,328,-115
121900233,269,314,-45
121900234,352,346,6
121900235,589,167,422
121900236,318,163,155
121900237,205,297,-92
121900238,210,277,-67
121900239,238,40,198
121900240,288,181,107
121900241,51,50,1
121900242,11,0,11
121900243,26,1,25
121900244,48,2,46
121900245,205,88,117
121900246,2371,325,2046
121900247,383,277,106
121900248,1467,1339,128
121900250,277,300,-23
121900251,461,58,403
121900252,654,134,520
121900253,89,748,-659
121900254,595,328,267
121900255,411,113,298
121900258,3633,2317,1316
121900259,397,566,-169
121900260,169,210,-41
121900261,200,610,-410
121900262,396,944,-548
121900263,299,266,33
121900264,1734,1393,341
121900265,319,239,80
121900266,524,158,366
121900267,108,43,65
121900269,249,726,-477
121900270,38,224,-186
121900271,52,147,-95
121900273,569,1925,-1356
121900274,351,324,27
121900277,624,1137,-513
121900278,138,864,-726
121900279,153,188,-35
121900280,214,397,-183
121900281,413,673,-260
121900284,138,16,122
121900286,141,75,66
121900287,9,21,-12
121900288,3,3,0
121900290,259,416,-157
121900291,475,750,-275
121900292,219,127,92
121900293,1082,2986,-1904
121900294,334,1,333
121900295,161,222,-61
121900296,57,238,-181
121900298,285,741,-456
121900299,1,20,-19
121900300,132,13,119
121900301,34,5,29
121900302,7,29,-22
121900303,255,388,-133
121900304,3,13,-10
121900305,5,11,-6
121900306,210,1,209
121900307,161,7,154
121900308,21,252,-231
121900309,14,208,-194
121900310,34,432,-398
121900311,518,33,485
121900312,301,26,275
121900313,435,33,402
121900314,3,51,-48
121900315,7,0,7
121900316,1,22,-21
121900317,21,11,10
121900318,1,15,-14
121900319,37,82,-45
121900320,47,56,-9
121900321,26,1,25
121900322,0,32,-32
121900323,9,15,-6
121900324,0,63,-63
121900325,21,0,21
121900326,1,37,-36
121900327,3,58,-55
121900328,1,19,-18
121900329,1,144,-143
121900330,0,31,-31
121900331,62,38,24
121900332,106,20,86
121900333,29,2,27
121900334,45,65,-20
122000001,2200,5201,-3001
122000002,4035,1669,2366
122000003,2253,2887,-634
122000004,3400,1792,1608
122000005,2685,1913,772
122000006,1917,1087,830
122000007,1116,1854,-738
122000008,3734,5159,-1425
122000009,428,446,-18
122000010,2281,3168,-887
122000011,3300,1749,1551
122000012,1331,1795,-464
122000013,1480,997,483
122000014,1548,1318,230
122000015,1364,1227,137
122000016,589,990,-401
122000017,1388,1101,287
122000018,1506,1389,117
122000019,770,1142,-372
122000020,219,255,-36
122000021,292,542,-250
122000022,1274,1037,237
122000023,685,1726,-1041
122000024,783,1482,-699
122000025,1166,1793,-627
122000026,1062,1146,-84
122000027,571,2072,-1501
122000028,962,577,385
122000029,592,564,28
122000030,292,188,104
122000031,193,313,-120
122000032,1828,1950,-122
122000033,661,1412,-751
122000034,694,709,-15
122000035,359,849,-490
122000036,677,530,147
122000037,380,248,132
122000038,242,339,-97
122000039,827,493,334
122000040,299,329,-30
122000041,505,600,-95
122000042,328,471,-143
122000043,150,133,17
122000044,132,177,-45
122000045,1258,497,761
122000046,861,773,88
122000047,297,286,11
122000048,3441,4377,-936
122000049,6169,3322,2847
122000050,1369,875,494
122000051,385,347,38
122000052,564,427,137
122000053,187,827,-640
122000054,2645,2112,533
122000055,2292,3212,-920
122000056,4782,3720,1062
122000057,3414,3755,-341
122000058,2483,1406,1077
122000059,2991,1962,1029
122000060,612,715,-103
122000061,628,602,26
122000062,938,354,584
122000063,1178,730,448
122000064,3298,2960,338
122000065,3997,2376,1621
122000066,1151,1081,70
122000067,1624,1307,317
122000068,1407,1065,342
122000069,786,728,58
122000070,816,1449,-633
122000071,1525,1309,216
122000072,406,471,-65
122000073,411,776,-365
122000074,3099,1772,1327
122000075,787,1236,-449
122000076,2737,1286,1451
122000077,1129,857,272
122000078,2055,2724,-669
122000079,896,1423,-527
122000080,772,437,335
122000081,215,294,-79
122000082,690,874,-184
122000083,1628,1667,-39
122000084,1420,883,537
122000085,262,1142,-880
122000086,2318,5182,-2864
122000087,476,289,187
122000088,340,582,-242
122000089,5193,2393,2800
122000090,300,496,-196
122000091,230,91,139
122000092,165,36,129
122000093,1774,2170,-396
122000094,5717,3025,2692
122000095,2636,4241,-1605
122000096,2225,1925,300
122000098,3282,2569,713
122000099,1634,664,970
122000100,1072,524,548
122000101,442,695,-253
122000102,2174,1366,808
122000103,2346,2053,293
122000104,386,182,204
122000105,579,271,308
122000106,516,669,-153
122000107,1095,446,649
122000108,555,783,-228
122000109,563,304,259
122000110,578,576,2
122000111,2778,1380,1398
122000112,1024,1385,-361
122000113,695,724,-29
122000114,2953,1521,1432
122000115,1875,1268,607
122000116,575,666,-91
122000117,1310,501,809
122000118,641,1032,-391
122000119,3438,2758,680
122000120,2016,4613,-2597
122000121,2413,3208,-795
122000122,852,1856,-1004
122000123,2218,2079,139
122000124,1521,768,753
122000125,740,870,-130
122000126,1053,1497,-444
122000127,1372,1555,-183
122000128,642,839,-197
122000129,572,1471,-899
122000130,3857,1735,2122
122000131,1789,1607,182
122000132,619,796,-177
122000133,1017,1552,-535
122000134,1110,940,170
122000135,803,781,22
122000136,887,751,136
122000137,1973,997,976
122000139,1381,3883,-2502
122000140,948,796,152
122000141,4399,1225,3174
122000142,404,955,-551
122000143,499,620,-121
122000144,1677,1721,-44
122000145,1232,1179,53
122000146,853,1583,-730
122000147,718,644,74
122000148,1740,2431,-691
122000149,2554,1846,708
122000150,1295,1156,139
122000151,244,488,-244
122000152,381,536,-155
122000153,397,396,1
122000154,276,291,-15
122000155,1554,2673,-1119
122000156,2415,2699,-284
122000157,1439,2412,-973
122000158,419,737,-318
122000159,979,1919,-940
122000160,3987,2865,1122
122000161,1217,1263,-46
122000162,2461,2158,303
122000163,336,92,244
122000164,42,107,-65
122000165,806,677,129
122000166,828,1178,-350
122000167,281,234,47
122000168,258,559,-301
122000169,439,165,274
122000170,407,277,130
122000171,37,95,-58
122000172,1780,1382,398
122000173,1561,2506,-945
122000174,2228,969,1259
122000175,1105,311,794
122000176,404,781,-377
122000177,1492,1615,-123
122000178,2951,2243,708
122000179,1794,2355,-561
122000180,1719,1422,297
122000181,1849,2994,-1145
122000182,1894,1901,-7
122000183,2283,1079,1204
122000184,3226,2563,663
122000185,1554,1836,-282
122000186,537,842,-305
122000187,1921,1054,867
122000188,460,210,250
122000189,304,326,-22
122000190,1137,1162,-25
122000191,853,841,12
122000192,1163,388,775
122000193,413,877,-464
122000194,505,184,321
122000195,177,530,-353
122000196,1373,715,658
122000197,567,820,-253
122000198,540,952,-412
122000199,374,313,61
122000200,1115,706,409
122000201,1555,1765,-210
122000202,1225,1490,-265
122000203,2705,1405,1300
122000204,1840,2128,-288
122000205,1513,1532,-19
122000206,2378,1102,1276
122000207,1870,1633,237
122000208,2208,1501,707
122000209,1936,457,1479
122000210,2567,1819,748
122000211,1560,1427,133
122000212,904,519,385
122000213,1201,1409,-208
122000214,2284,1991,293
122000215,2207,1739,468
122000217,1921,1449,472
122000218,834,86,748
122000219,1394,925,469
122000220,451,738,-287
122000221,97,418,-321
122000222,615,163,452
122000223,1615,549,1066
122000225,776,325,451
122000226,2169,2015,154
122000227,409,2424,-2015
122000228,522,415,107
122000229,36,573,-537
122000230,199,499,-300
122000231,323,832,-509
122000232,699,1082,-383
122000233,0,129,-129
122000234,442,98,344
122000235,538,148,390
122000236,1290,118,1172
122000237,165,85,80
122000238,530,323,207
122000239,639,181,458
122000240,1355,752,603
122000241,2002,609,1393
122000242,1099,219,880
122000243,427,57,370
122000244,62,484,-422
122000245,179,248,-69
122000246,433,179,254
122000247,628,757,-129
122000248,1253,1707,-454
122000249,1286,869,417
122000250,2469,1245,1224
122000251,289,553,-264
122000252,612,155,457
122000253,89,308,-219
122000254,361,112,249
122000255,810,1690,-880
122000256,381,943,-562
122000257,265,282,-17
122000258,349,290,59
122000259,18,437,-419
122000260,11,89,-78
122000261,26,240,-214
122000262,0,58,-58
122000263,510,220,290
122000264,1658,398,1260
122000265,2454,1018,1436
122000266,4613,859,3754
122000267,191,147,44
122000268,157,486,-329
122000269,1080,346,734
122000270,655,175,480
122000271,315,1139,-824
122000272,360,989,-629
122000273,460,434,26
122000274,299,235,64
122000275,131,238,-107
122000276,887,607,280
122000277,1425,1820,-395
122000278,1825,755,1070
122000279,277,499,-222
122000280,877,756,121
122000281,982,724,258
122000282,241,628,-387
122000283,336,231,105
122000284,278,81,197
122000285,360,96,264
122000286,47,231,-184
122000287,1360,1686,-326
122000288,515,310,205
122000291,2185,774,1411
122000293,306,204,102
122000294,146,269,-123
122000295,1413,230,1183
122000296,32,495,-463
122000297,2441,2943,-502
122000299,618,439,179
122000300,665,624,41
122000301,8955,3346,5609
122000302,687,1545,-858
122000303,2990,1343,1647
122000304,101,234,-133
122000305,1203,258,945
122000306,48,560,-512
122000307,90,120,-30
122000309,92,46,46
122000310,39,131,-92
122000311,225,167,58
122000312,113,151,-38
122000313,139,73,66
122000314,163,228,-65
122000315,289,54,235
122000316,892,237,655
122000317,1648,290,1358
122000318,336,908,-572
122000319,195,301,-106
122000320,318,1098,-780
122000321,96,180,-84
122000322,2481,2213,268
122000323,1441,2414,-973
122000324,1173,1264,-91
122000325,858,1701,-843
122000326,89,94,-5
122000327,582,951,-369
122000328,897,688,209
122000330,2194,1082,1112
122000332,256,349,-93
122000333,14,108,-94
122000337,1264,1578,-314
122000338,479,430,49
122000340,389,478,-89
122000342,1811,906,905
122000343,528,1111,-583
122000344,81,21,60
122000345,34,31,3
122000346,351,525,-174
122000348,951,761,190
122000349,188,915,-727
122000351,158,196,-38
122000352,350,209,141
122000353,111,76,35
122000355,175,313,-138
122000356,1327,1307,20
122000357,116,28,88
122000358,4,74,-70
122000359,0,42,-42
122000360,0,58,-58
122000362,12,85,-73
122000364,190,333,-143
122000365,0,31,-31
122000366,9,8,1
122000368,509,688,-179
122000370,26,52,-26
122000371,28,0,28
122000372,5,3,2
122000381,115,422,-307
122000382,113,289,-176
122000384,2303,1137,1166
122000385,57,0,57
122000386,387,1494,-1107
122000387,499,756,-257
122000388,1512,727,785
122000389,200,656,-456
122000390,393,268,125
122000391,337,194,143
122000392,317,215,102
122000393,45,160,-115
122000394,708,287,421
122000395,167,162,5
122000396,386,125,261
122000397,27,51,-24
122000398,31,52,-21
122000399,173,72,101
122000400,129,605,-476
122000401,159,92,67
122000402,336,131,205
122000403,497,682,-185
122000404,210,205,5
122000408,857,1147,-290
122000503,12,99,-87
122000524,209,178,31
122000544,110,2500,-2390
122000616,270,3,267
122000640,79,111,-32
122000641,106,272,-166
122000642,1306,904,402
122000643,50,168,-118
122000644,128,35,93
122000645,157,147,10
122000651,1455,1004,451
122000664,185,47,138
122000665,1368,531,837
122000666,790,1183,-393
122000673,22,256,-234
122000674,229,81,148
122000675,1819,780,1039
122000686,428,1096,-668
122000687,1397,402,995
122000688,328,495,-167
122000689,1023,433,590
122000690,2169,544,1625
122000691,768,1474,-706
122000692,1530,545,985
122000693,443,1801,-1358
122000695,339,364,-25
122000696,506,258,248
122000698,484,574,-90
122000699,196,117,79
122000701,1423,324,1099
122000702,485,1158,-673
122000703,185,68,117
122000712,0,0,0
122000717,70,59,11
122000718,257,802,-545
122000719,116,84,32
122000720,595,205,390
122000724,121,26,95
122900001,54,17,37
122900002,1281,5424,-4143
122900003,396,47,349
122900004,1446,77,1369
122900005,138,102,36
122900006,706,764,-58
122900007,162,101,61
122900008,576,120,456
122900009,886,510,376
122900010,295,160,135
122900012,288,477,-189
122900014,183,274,-91
122900015,1918,1279,639
122900016,137,262,-125
122900017,416,960,-544
122900018,215,27,188
122900019,8,138,-130
122900020,204,441,-237
122900021,47,426,-379
122900022,1024,993,31
122900023,609,278,331
122900024,158,166,-8
122900025,9,417,-408
122900026,37,283,-246
122900027,48,584,-536
122900028,101,217,-116
122900029,4539,3198,1341
122900030,1140,581,559
122900031,82,227,-145
122900032,124,432,-308
122900033,225,157,68
122900034,4426,5394,-968
122900035,37,31,6
122900036,89,133,-44
122900037,422,111,311
122900038,139,2881,-2742
122900039,146,642,-496
122900040,303,536,-233
122900041,433,358,75
122900042,217,295,-78
122900043,412,305,107
122900044,156,334,-178
122900045,154,103,51
122900046,213,335,-122
122900047,200,216,-16
122900048,83,200,-117
122900049,1486,171,1315
122900051,104,154,-50
122900052,116,163,-47
122900053,22,39,-17
122900055,456,160,296
122900057,268,80,188
122900061,480,206,274
122900062,639,672,-33
122900063,211,274,-63
122900064,878,439,439
122900065,639,302,337
122900066,834,469,365
122900067,1236,836,400
122900068,130,358,-228
122900069,393,1315,-922
122900070,330,62,268
122900071,138,372,-234
122900072,14,451,-437
122900073,41,224,-183
122900074,991,647,344
122900075,1,53,-52
122900076,4,180,-176
122900077,0,107,-107
122900078,287,102,185
122900080,46,37,9
122900081,186,148,38
122900082,955,229,726
122900083,218,200,18
122900084,11,252,-241
122900086,16,120,-104
122900087,271,487,-216
122900088,35,256,-221
122900089,54,271,-217
122900090,10,359,-349
122900091,325,0,325
122900092,0,168,-168
122900093,0,223,-223
122900094,11,183,-172
122900095,149,16,133
122900096,282,124,158
122900097,33,43,-10
122900098,65,125,-60
122900099,62,33,29
122900100,215,325,-110
122900101,610,319,291
122900102,15,40,-25
122900103,161,8,153
122900104,203,11,192
122900105,10,18,-8
122900106,7,81,-74
122900107,2,142,-140
122900108,13,182,-169
123000001,1395,453,942
123000002,3682,5407,-1725
123000003,3702,4061,-359
123000004,2992,3825,-833
123000005,2547,2845,-298
123000006,2332,2523,-191
123000007,4241,2825,1416
123000008,2763,3310,-547
123000009,4802,2898,1904
123000010,3394,3466,-72
123000011,2356,879,1477
123000012,780,2098,-1318
123000013,3605,920,2685
123000014,831,3336,-2505
123000015,3393,1296,2097
123000016,4070,4617,-547
123000017,3323,1805,1518
123000018,69,137,-68
123000019,300,163,137
123000020,168,83,85
123000021,116,238,-122
123000022,392,1786,-1394
123000023,1657,1732,-75
123000024,1667,721,946
123000025,288,193,95
123000026,165,112,53
123000027,261,695,-434
123000028,1650,936,714
123000029,1097,1597,-500
123000030,287,307,-20
123000031,289,237,52
123000032,446,150,296
123000033,321,91,230
123000034,1181,881,300
123000035,356,349,7
123000036,267,882,-615
123000037,220,280,-60
123000038,72,233,-161
123000039,403,1590,-1187
123000040,782,354,428
123000041,1255,1312,-57
123000042,1036,711,325
123000043,3245,10456,-7211
123000044,4910,2901,2009
123000045,8008,3520,4488
123000046,784,1834,-1050
123000047,2261,1157,1104
123000048,71,921,-850
123000049,6747,10470,-3723
123000050,1595,1507,88
123000051,115,239,-124
123000052,862,3643,-2781
123000053,2752,3656,-904
123000054,1547,1749,-202
123000055,1498,2305,-807
123000056,1103,1786,-683
123000057,12195,8058,4137
123000058,778,1166,-388
123000059,518,611,-93
123000060,944,457,487
123000061,290,666,-376
123000063,819,922,-103
123000064,1084,300,784
123000065,4679,2845,1834
123000066,800,642,158
123000067,955,659,296
123000068,2820,2904,-84
123000069,6728,3137,3591
123000070,314,744,-430
123000071,1250,922,328
123000072,1136,905,231
123000073,1302,757,545
123000074,1207,1146,61
123000075,370,1162,-792
123000076,977,693,284
123000077,2156,2521,-365
123000078,1714,1605,109
123000079,1587,1910,-323
123000080,2465,1668,797
123000081,167,389,-222
123000082,345,1045,-700
123000083,1045,278,767
123000084,807,573,234
123000085,350,88,262
123000086,572,198,374
123000087,442,309,133
123000088,1242,808,434
123000089,539,1093,-554
123000090,1334,919,415
123000091,1572,1422,150
123000092,1164,1133,31
123000094,587,205,382
123000095,534,668,-134
123000096,697,410,287
123000097,499,655,-156
123000098,932,571,361
123000099,791,691,100
123000100,527,723,-196
123000101,658,809,-151
123000102,530,688,-158
123000104,434,489,-55
123000105,658,508,150
123000106,498,476,22
123000107,400,487,-87
123000108,702,1158,-456
123000111,924,342,582
123000112,1383,563,820
123000113,567,1295,-728
123000114,386,679,-293
123000115,337,352,-15
123000116,35,93,-58
123000117,1647,1787,-140
123000118,419,809,-390
123000119,255,805,-550
123000120,367,882,-515
123000121,487,687,-200
123000122,380,261,119
123000123,478,554,-76
123000124,558,491,67
123000125,1217,1250,-33
123000126,1392,5055,-3663
123000127,664,642,22
123000128,362,291,71
123000129,692,238,454
123000130,682,107,575
123000131,983,726,257
123000132,374,616,-242
123000133,241,419,-178
123000134,364,168,196
123000135,2692,1232,1460
123000136,201,650,-449
123000137,145,244,-99
123000138,74,429,-355
123000139,616,125,491
123000140,172,817,-645
123000141,994,227,767
123000142,1049,1090,-41
123000143,1104,1992,-888
123000144,75,24,51
123000145,246,278,-32
123000146,81,81,0
123000147,85,108,-23
123000149,397,396,1
123000150,129,275,-146
123000151,254,452,-198
123000152,118,474,-356
123000153,252,630,-378
123000154,1652,1877,-225
123000155,2337,1235,1102
123000156,41,142,-101
123000157,698,856,-158
123000158,694,810,-116
123000159,3327,2643,684
123000160,1207,806,401
123000161,1888,1292,596
123000162,1186,1896,-710
123000163,483,121,362
123000164,1639,343,1296
123000165,451,1427,-976
123000166,49,159,-110
123000167,180,299,-119
123000168,263,238,25
123000169,863,213,650
123000170,96,164,-68
123000171,795,43,752
123000172,236,487,-251
123000173,678,307,371
123000174,1159,519,640
123000175,700,1279,-579
123000176,1247,354,893
123000177,339,988,-649
123000178,862,174,688
123000179,81,517,-436
123000180,1832,346,1486
123000181,333,1254,-921
123000182,249,435,-186
123000183,218,548,-330
123000184,107,468,-361
123000185,756,381,375
123000186,8,603,-595
123000187,693,6,687
123000188,214,0,214
123000189,167,131,36
123000190,68,84,-16
123000192,21,360,-339
123000193,69,863,-794
123000194,374,311,63
123000195,297,50,247
123000196,400,21,379
123000197,65,95,-30
123000198,41,446,-405
123000199,14,631,-617
123000200,681,7,674
123000201,1293,24,1269
123000202,19,946,-927
123000203,1272,93,1179
123000204,102,968,-866
123000205,571,1485,-914
123000206,2556,316,2240
123000207,90,761,-671
123000208,612,280,332
123000209,2370,833,1537
123000210,526,1849,-1323
123000211,494,2206,-1712
123000212,3352,591,2761
123000213,715,92,623
123000215,120,267,-147
123000216,197,553,-356
123000217,247,35,212
123000218,78,703,-625
123000219,758,120,638
123000220,539,111,428
123000221,219,98,121
123000222,476,371,105
123000223,380,290,90
123000224,477,508,-31
123000225,297,85,212
123000226,62,294,-232
123000227,79,283,-204
123000228,330,63,267
123000229,1012,1371,-359
123000232,90,564,-474
123000233,778,205,573
123000234,159,572,-413
123000235,1068,263,805
123000236,287,628,-341
123000237,310,123,187
123000238,106,496,-390
123000239,505,1299,-794
123000240,59,482,-423
123000241,504,95,409
123000242,187,220,-33
123000243,737,939,-202
123000244,997,796,201
123000245,62,159,-97
123000249,241,582,-341
123000252,917,308,609
123000253,1255,525,730
123000254,679,908,-229
123000255,1223,1002,221
123000256,42,272,-230
123000257,2631,1963,668
123000258,1120,753,367
123000259,448,449,-1
123000260,588,436,152
123000261,277,139,138
123000262,141,168,-27
123000263,463,117,346
123000264,189,104,85
123000265,52,133,-81
123000266,573,765,-192
123000267,725,387,338
123000268,40,50,-10
123000269,78,93,-15
123000270,26,51,-25
123000271,95,71,24
123000272,745,311,434
123000273,228,615,-387
123000274,1197,513,684
123000275,348,814,-466
123000278,2478,2622,-144
123000279,93,102,-9
123000280,338,366,-28
123000281,342,121,221
123000282,141,299,-158
123000283,161,68,93
123000284,77,93,-16
123000286,255,415,-160
123000287,675,290,385
123000288,1669,879,790
123000289,430,1014,-584
123000291,316,913,-597
123000294,217,252,-35
123000295,1043,902,141
123000296,643,375,268
123000297,790,579,211
123000298,822,522,300
123000299,64,202,-138
123000300,985,899,86
123000301,135,290,-155
123000302,131,184,-53
123000303,95,220,-125
123000305,844,837,7
123000306,154,120,34
123000309,67,55,12
123000310,43,30,13
123000311,0,80,-80
123000312,587,766,-179
123000313,638,316,322
123000315,136,330,-194
123000316,1004,74,930
123000317,206,81,125
123000318,71,187,-116
123000329,9,12,-3
123000337,841,342,499
123000338,445,88,357
123000339,275,202,73
123000340,165,344,-179
123000342,41,108,-67
123000343,36,9,27
123000344,1158,481,677
123000345,400,597,-197
123000346,355,74,281
123000352,1231,876,355
123000353,44,181,-137
123000354,284,13,271
123000355,0,288,-288
123000356,351,12,339
123000357,1,133,-132
123000359,0,141,-141
123000360,224,57,167
123000361,261,338,-77
123000362,393,121,272
123000363,74,186,-112
123000364,542,594,-52
123000365,16,348,-332
123000366,440,1918,-1478
123000367,333,1147,-814
123000370,36,233,-197
123000371,443,45,398
123000372,330,20,310
123000373,15,343,-328
123000374,16,160,-144
123000375,345,59,286
123000376,1081,755,326
123000377,371,26,345
123000378,13,227,-214
123000379,9,224,-215
123000380,47,430,-383
123000381,104,104,0
123000382,1204,109,1095
123000383,168,1217,-1049
123000384,495,139,356
123000385,161,584,-423
123000436,35,1074,-1039
123000507,103,199,-96
123000508,147,1079,-932
123000517,354,32,322
123000518,30,214,-184
123000519,194,68,126
123000520,57,196,-139
123000521,328,101,227
123000522,202,349,-147
123000541,8,1,7
123000542,0,16,-16
123000565,746,38,708
123000566,341,373,-32
123000567,95,190,-95
123000573,32,686,-654
123000574,807,69,738
123000575,1520,1128,392
123000576,996,1269,-273
123000577,79,652,-573
123000578,511,76,435
123000579,2473,5603,-3130
123000580,173,43,130
123000582,472,27,445
123000583,29,368,-339
123000584,127,388,-261
123000585,0,95,-95
123000586,112,0,112
123000596,72,94,-22
123000597,97,157,-60
123000602,27,9,18
123000603,801,583,218
123000604,524,657,-133
123000605,816,136,680
123000606,0,367,-367
123000609,26,302,-276
123000610,230,124,106
123000613,30,204,-174
123000614,167,41,126
123000615,18,74,-56
123000616,760,73,687
123000617,144,314,-170
123000618,105,575,-470
123000619,552,66,486
123000620,33,394,-361
123000622,456,25,431
123000624,139,36,103
123000630,1094,492,602
123000631,275,1094,-819
123000632,767,752,15
123000633,1,137,-136
123000634,65,177,-112
123000635,121,91,30
123000636,48,619,-571
123000637,158,73,85
123000638,578,39,539
123000639,1114,4253,-3139
123000640,22,696,-674
123000648,406,84,322
123000649,47,423,-376
123900001,1304,58,1246
123900002,42,1298,-1256
123900003,264,450,-186
123900005,220,175,45
123900006,338,48,290
124000001,2249,199,2050
124000002,77,1581,-1504
124000003,994,156,838
124000004,113,476,-363
124000005,1069,513,556
124000006,306,1015,-709
124000007,434,101,333
124000008,15,543,-528
124000009,639,256,383
124000010,238,443,-205
124000011,1054,353,701
124000012,343,533,-190
124000017,168,139,29
124000018,120,57,63
124000019,142,130,12
124000020,76,155,-79
124000021,120,99,21
124000022,90,175,-85
124000023,1387,1602,-215
124000024,1002,499,503
124000025,1230,2021,-791
124000026,1040,1004,36
124000027,5127,5657,-530
124000028,2119,4561,-2442
124000030,2794,1573,1221
124000031,1320,2990,-1670
124000032,2025,783,1242
124000033,786,521,265
124000034,988,824,164
124000035,392,292,100
124000036,181,473,-292
124000037,731,1432,-701
124000038,37,164,-127
124000039,971,607,364
124000040,597,1367,-770
124000041,461,90,371
124000042,102,523,-421
124000043,104,132,-28
124000044,89,170,-81
124000045,943,645,298
124000046,398,692,-294
124000047,1773,794,979
124000048,1201,1272,-71
124000049,1787,636,1151
124000050,899,1589,-690
124000051,1099,549,550
124000052,798,799,-1
124000053,580,1562,-982
124000054,973,535,438
124000055,1401,2673,-1272
124000056,2340,1433,907
124000057,1009,587,422
124000058,448,1000,-552
124000059,705,1379,-674
124000060,1090,618,472
124000061,1437,5628,-4191
124000062,5362,1999,3363
124000063,1273,1628,-355
124000064,2026,1333,693
124000065,82,467,-385
124000066,208,83,125
124000067,213,166,47
124000068,112,143,-31
124000069,903,180,723
124000070,341,470,-129
124000071,256,118,138
124000072,189,387,-198
124000073,1107,216,891
124000074,282,741,-459
124000075,398,17,381
124000076,3,175,-172
124000077,1625,1142,483
124000078,2901,1770,1131
124000079,416,1695,-1279
124000080,501,179,322
124000081,202,558,-356
124000082,39,131,-92
124000083,43,105,-62
124000084,63,431,-368
124000085,101,31,70
124000086,90,106,-16
124000087,254,142,112
124000088,255,500,-245
124000089,1103,361,742
124000090,199,346,-147
124000091,605,148,457
124000092,141,579,-438
124000093,108,94,14
124000094,179,477,-298
124000095,116,76,40
124000096,177,322,-145
124000097,90,135,-45
124000098,62,82,-20
124000099,330,112,218
124000100,77,125,-48
124000101,94,79,15
124000102,90,63,27
124000103,112,99,13
124000104,115,36,79
124000105,73,89,-16
124000106,159,44,115
124000107,25,168,-143
124000108,56,22,34
124000109,118,93,25
124000110,223,90,133
124000111,224,112,112
124000112,680,648,32
124000113,92,113,-21
124000114,316,441,-125
124000115,446,660,-214
124000116,117,135,-18
124000117,44,100,-56
124000118,44,71,-27
124000119,1090,511,579
124000120,641,500,141
124000121,1304,731,573
124000122,606,1254,-648
124000123,935,526,409
124000124,433,1153,-720
124000125,501,509,-8
124000126,358,657,-299
124000127,873,398,475
124000128,603,914,-311
124000129,2195,1553,642
124000130,845,677,168
124000131,959,673,286
124000132,982,812,170
124000133,843,886,-43
124000134,1013,666,347
124000135,1695,1840,-145
124000136,1049,941,108
124000137,1395,1023,372
124000138,2163,1353,810
124000139,612,35,577
124000140,39,486,-447
124000141,322,18,304
124000142,31,270,-239
124000143,99,15,84
124000144,15,71,-56
124000145,121,50,71
124000146,54,54,0
124000148,26,134,-108
124000149,1243,507,736
124000150,341,669,-328
124000151,1059,480,579
124000152,915,1375,-460
124000153,905,850,55
124000154,540,637,-97
124000155,1711,1197,514
124000156,1696,966,730
124000169,214,471,-257
124000170,525,507,18
124000171,319,301,18
124000172,438,542,-104
124000173,548,273,275
124000174,365,584,-219
124000175,11,98,-87
124000176,37,10,27
124000177,6,27,-21
124000178,31,61,-30
124000190,105,55,50
124000191,158,210,-52
124000192,1759,394,1365
124000193,419,863,-444
124000194,428,457,-29
124000195,297,715,-418
124000196,1049,878,171
124000197,43,56,-13
124000198,37,37,0
124000201,364,849,-485
124000202,703,485,218
124000203,556,559,-3
124000204,934,285,649
124000205,90,399,-309
124000206,681,305,376
124000207,0,53,-53
124000209,230,327,-97
124000210,550,218,332
124000211,790,2,788
124000212,0,334,-334
124000213,471,272,199
124000214,417,500,-83
124000215,359,21,338
124000216,10,303,-293
124000329,230,1311,-1081
124000338,220,719,-499
124000339,1008,140,868
124000341,1517,129,1388
124000344,9,2,7
124000357,1143,2209,-1066
124000358,883,1369,-486
124000359,1197,723,474
124000360,806,517,289
124000361,1811,915,896
124000362,1229,1777,-548
124000363,292,336,-44
124000364,614,747,-133
124000365,611,1096,-485
124000366,1369,883,486
124000367,123,447,-324
124000368,623,457,166
124000369,216,129,87
124000370,74,614,-540
124000402,39,16,23
124000403,109,12,97
124000404,11,139,-128
124000405,1164,828,336
124000406,822,937,-115
124000407,6,37,-31
124000411,7,314,-307
124000412,609,4,605
124000413,222,43,179
124000414,90,114,-24
124000415,57,98,-41
124000416,143,180,-37
124000417,152,127,25
124000418,185,91,94
124000419,147,109,38
124000420,85,72,13
124000421,61,158,-97
124000422,40,29,11
124000423,198,35,163
124000424,4,91,-87
124000425,157,34,123
124000426,12,121,-109
124000427,89,10,79
124000428,19,51,-32
124000429,71,72,-1
124000430,634,478,156
124000431,222,513,-291
124000432,258,645,-387
124000439,6,14,-8
124000443,0,8,-8
124000445,267,1042,-775
124000446,1357,209,1148
124900001,567,417,150
124900002,204,295,-91
124900003,1203,638,565
124900004,754,352,402
124900005,238,176,62
124900006,794,331,463
124900008,1285,610,675
124900009,237,381,-144
124900010,200,167,33
124900011,628,215,413
124900012,532,131,401
124900013,587,184,403
124900014,330,56,274
124900015,155,417,-262
124900016,74,91,-17
124900017,511,1437,-926
124900018,56,8,48
124900020,88,76,12
124900021,341,41,300
124900022,43,7,36
124900024,300,20,280
124900026,120,16,104
124900027,132,538,-406
124900028,387,99,288
124900029,11,564,-553
124900030,6,99,-93
124900031,65,284,-219
124900032,246,231,15
124900033,156,327,-171
124900034,13,102,-89
124900035,195,509,-314
124900036,2,48,-46
124900037,258,321,-63
124900038,277,290,-13
124900039,1,80,-79
124900040,201,120,81
124900041,300,938,-638
124900042,133,3,130
124900043,509,889,-380
124900044,88,3,85
124900045,746,1255,-509
124900046,876,336,540
124900047,164,190,-26
124900048,249,84,165
124900050,179,191,-12
124900052,104,364,-260
124900053,162,334,-172
124900054,1477,462,1015
124900055,1,205,-204
124900057,14,42,-28
124900060,80,184,-104
124900061,117,5,112
124900062,171,14,157
124900066,0,24,-24
124900067,4,111,-107
124900068,270,556,-286
124900070,85,25,60
124900072,162,48,114
124900075,252,214,38
124900076,21,1269,-1248
124900077,23,96,-73
124900078,114,29,85
124900079,540,215,325
124900080,304,592,-288
124900081,1095,279,816
124900082,361,742,-381
124900083,230,514,-284
124900085,1029,575,454
124900086,113,1614,-1501
124900087,651,133,518
124900088,623,127,496
124900089,1169,26,1143
124900090,384,267,117
124900091,330,252,78
124900092,242,222,20
124900093,365,182,183
124900094,400,265,135
124900095,140,501,-361
124900096,533,330,203
124900097,393,64,329
124900098,181,297,-116
124900099,644,503,141
124900100,357,95,262
124900101,36,455,-419
124900102,253,24,229
124900103,174,210,-36
124900104,78,160,-82
124900105,128,109,19
124900106,443,61,382
124900107,131,17,114
124900108,182,107,75
124900111,0,107,-107
124900112,62,530,-468
124900113,102,427,-325
124900114,180,201,-21
124900115,58,68,-10
124900116,271,168,103
124900117,423,174,249
124900118,272,309,-37
124900119,532,260,272
124900120,43,381,-338
124900121,133,525,-392
124900122,313,252,61
124900123,328,184,144
124900124,167,381,-214
204000001,90,6,84
204000002,21,8,13
204000003,22,4,18
204000004,15,5,10
204000005,679,508,171
204000006,1345,1108,237
204000011,2,37,-35
204000012,57,88,-31
204000019,643,473,170
204000020,653,479,174
204000021,1188,683,505
204000022,577,445,132
204000023,522,651,-129
204000031,88,18,70
204000032,330,39,291
204000034,23,174,-151
204000035,1,3,-2
204000036,8,30,-22
204000037,0,14,-14
204000038,2,14,-12
204000039,4,44,-40
204000040,8,26,-18
204000041,3,27,-24
204000042,41,12,29
204000043,28,17,11
204000044,37,10,27
204000045,39,13,26
204000046,15,1,14
204000057,5,26,-21
204000062,31,33,-2
204000068,39,210,-171
204000069,65,314,-249
204000070,111,63,48
204000080,64,43,21
204000085,2120,1543,577
204000086,2481,1751,730
204000087,48,13,35
204000088,6,71,-65
204000090,19,307,-288
204000093,385,69,316
204000096,902,1098,-196
204000097,435,8,427
204000099,1166,1447,-281
204000100,1503,1953,-450
204000105,2191,1235,956
204000110,498,785,-287
204000111,550,498,52
204000112,678,510,168
204000113,630,601,29
204000114,1182,638,544
204000115,580,345,235
204000116,643,441,202
204000119,1966,2963,-997
204000132,944,376,568
204000133,927,225,702
204000134,309,91,218
204000135,669,64,605
204000136,723,154,569
204000138,407,455,-48
204000140,275,196,79
204000141,163,90,73
204000144,8,15,-7
204000145,459,38,421
204000146,34,269,-235
204000147,27,135,-108
204000148,255,18,237
204000154,7,1,6
204000155,8,6,2
204000177,67,35,32
204000179,19,4,15
204000180,1,23,-22
204000222,5,18,-13
204000235,11,11,0
204000236,71,291,-220
204000238,17,20,-3
204000240,372,87,285
204000263,664,915,-251
204000268,973,831,142
204000308,148,20,128
204000317,5,70,-65
204000322,6,33,-27
204000323,14,7,7
204000328,243,46,197
204000329,50,155,-105
204000330,178,14,164
204000331,34,114,-80
204010341,17,184,-167
205000001,873,1780,-907
205000013,2,68,-66
205000014,10,105,-95
205000015,19,173,-154
205000016,47,185,-138
205000017,19,75,-56
205000022,272,838,-566
205000025,1159,1052,107
205000029,243,23,220
205000045,113,437,-324
205000046,108,415,-307
205000047,61,436,-375
205000048,288,982,-694
205000049,165,703,-538
205000050,582,270,312
205000059,0,216,-216
205000060,2,90,-88
205000061,3,75,-72
205000062,4,95,-91
205000063,24,116,-92
205000064,14,88,-74
205000065,64,486,-422
205000066,130,585,-455
205000067,47,737,-690
205000069,206,16,190
205000082,202,168,34
205000110,86,236,-150
205000111,202,216,-14
205000112,189,260,-71
205000113,180,379,-199
205000121,308,62,246
205000123,74,250,-176
205000126,432,89,343
205000127,806,164,642
205000128,401,63,338
205000129,641,84,557
205000130,223,31,192
205000131,162,16,146
205000132,175,3,172
205000133,114,2,112
205000134,288,1,287
205000137,86,174,-88
205000138,157,301,-144
205000139,44,142,-98
205000144,95,95,0
205000145,501,199,302
205000151,196,29,167
205000152,248,31,217
205000153,305,43,262
205000154,107,41,66
205000155,134,19,115
205000207,18,162,-144
205000233,35,0,35
205000234,0,1,-1
205000243,0,0,0
205000244,0,2,-2
205000245,10,160,-150
205000249,4,31,-27
205000250,3,0,3
205000264,4,75,-71
206000027,7,4,3
206000028,4,2,2
206000043,6,61,-55
206000053,0,9,-9
206000054,5,21,-16
206000055,2,30,-28
206000075,9,31,-22
206000076,35,20,15
206000077,32,9,23
206000078,39,14,25
206000079,22,8,14
206000082,401,40,361
206000100,42,554,-512
206000103,3,4,-1
206000104,19,19,0
206000105,4,14,-10
206000106,13,22,-9
206000108,522,37,485
206000125,65,0,65
206000157,66,577,-511
206000170,1,148,-147
206000171,4,179,-175
206000172,7,356,-349
206000173,0,190,-190
206000174,12,60,-48
206000175,2,100,-98
206000176,21,141,-120
206000177,3,125,-122
206000178,0,159,-159
206000179,6,98,-92
206000180,15,123,-108
206000181,3,89,-86
206000182,13,112,-99
206000183,16,459,-443
206000184,7,286,-279
206000185,10,94,-84
206000186,85,729,-644
206000223,4,239,-235
206000226,27,4,23
206000227,18,2,16
206000237,29,241,-212
206000238,23,376,-353
206000239,211,1449,-1238
206000240,1,55,-54
206000241,1,62,-61
206000242,4,174,-170
206000243,6,150,-144
206000244,41,435,-394
206000245,819,66,753
206000246,219,8,211
206000247,246,8,238
206000248,338,21,317
206000252,44,47,-3
206000258,29,40,-11
206000315,27,11,16
206000317,565,108,457
206000318,458,75,383
206000319,1374,126,1248
206000320,212,31,181
206000321,190,22,168
206000322,515,9,506
206000323,144,8,136
206000324,140,5,135
206000325,195,13,182
206000326,154,11,143
206000327,151,10,141
206000328,113,1,112
206000329,297,7,290
206000330,58,8,50
206000331,172,0,172
206000332,44,6,38
206000333,616,4,612
206000334,257,5,252
206000335,0,13,-13
206000361,7,167,-160
206000392,0,18,-18
206000405,152,0,152
206000441,27,25,2
206000498,41,2,39
206000515,90,30,60
206000530,253,58,195
206000531,205,176,29
206000532,1490,283,1207
206000535,181,1385,-1204
206000536,14,128,-114
206000537,8,115,-107
206000613,1482,242,1240
207000001,130,647,-517
207000002,103,380,-277
207000003,164,163,1
207000007,954,281,673
207000008,114,12,102
207000009,52,46,6
207000010,364,330,34
207000012,398,236,162
207000015,292,1031,-739
207000019,259,79,180
207000021,676,176,500
207000022,206,115,91
207000023,225,42,183
207000024,3,10,-7
207000025,26,65,-39
207000026,56,37,19
207000027,28,97,-69
207000028,69,184,-115
207000029,253,365,-112
207000033,220,502,-282
207000034,269,106,163
207000039,416,136,280
207000040,462,80,382
207000041,119,34,85
207000042,201,72,129
207000043,210,168,42
207000051,125,235,-110
207000052,17,134,-117
207000053,461,569,-108
207000054,60,118,-58
207000055,233,95,138
207000056,465,345,120
207000057,167,309,-142
207000058,206,244,-38
207000059,126,406,-280
207000060,62,187,-125
207000061,189,505,-316
207000062,330,30,300
207000063,361,101,260
207000064,452,138,314
207000065,396,255,141
207000066,228,173,55
207000067,51,88,-37
207000068,133,70,63
207000069,722,375,347
207000082,9,185,-176
207000083,60,194,-134
207000084,239,276,-37
207000085,203,7,196
207000086,188,5,183
207000106,53,41,12
207000107,79,14,65
207000108,69,17,52
207000109,42,12,30
207000110,92,110,-18
207000111,79,89,-10
207000112,214,749,-535
207000114,27,34,-7
207000115,23,74,-51
207000116,22,378,-356
207000117,10,70,-60
207000118,4,52,-48
207000119,57,110,-53
207000123,183,25,158
207000124,96,28,68
207000125,69,46,23
207000126,72,73,-1
207000134,65,113,-48
207000135,16,179,-163
207000148,91,375,-284
207000149,62,36,26
207000152,112,336,-224
207000153,1007,1431,-424
207000154,382,169,213
207000159,90,157,-67
207000160,132,365,-233
207000238,2,212,-210
207000242,2,153,-151
207000248,52,35,17
207000249,177,35,142
207000250,653,70,583
207000251,128,83,45
207000252,116,60,56
207000278,115,69,46
207000279,15,130,-115
207000280,570,66,504
207000281,116,740,-624
207000282,161,115,46
207000283,89,201,-112
207000284,55,229,-174
207000285,70,50,20
207000291,19,100,-81
207000304,153,55,98
207000306,105,365,-260
207000310,88,83,5
207000353,363,7,356
207000356,26,39,-13
207000357,7,14,-7
207000358,30,27,3
207000415,1,162,-161
207000417,48,5,43
207000418,131,162,-31
207000438,0,1,-1
207000439,994,904,90
207000446,226,5,221
207000460,26,8,18
207000466,210,135,75
207000467,313,122,191
207000468,51,244,-193
207000476,14,69,-55
207000477,903,98,805
207000478,2,66,-64
207000523,0,24,-24
207000524,54,2,52
207000527,153,180,-27
207000530,587,10,577
207000531,409,14,395
207000532,125,49,76
207000534,436,60,376
207000535,45,346,-301
207000537,51,111,-60
207000540,6,196,-190
207000541,1,335,-334
207000548,17,224,-207
207000549,400,14,386
207000561,209,236,-27
207000562,50,191,-141
207000567,193,245,-52
207000568,236,63,173
207000569,447,607,-160
207000584,365,262,103
207000585,90,484,-394
207000587,50,19,31
207000616,1,137,-136
207000617,129,0,129
207000624,22,13,9
207000631,1,25,-24
207900008,212,120,92
208000001,581,1105,-524
208000002,814,517,297
208000003,1462,479,983
208000004,1316,687,629
208000005,2,13,-11
208000019,638,953,-315
208000020,214,537,-323
208000021,313,344,-31
208000022,1262,485,777
208000028,1273,929,344
208000033,802,491,311
208000034,1303,1298,5
208000037,248,13,235
208000040,266,169,97
208000041,881,555,326
208000042,1318,665,653
208000047,139,193,-54
208000064,2503,1594,909
208000066,1687,2862,-1175
208000070,370,342,28
208000071,463,769,-306
208000072,404,1238,-834
208000080,333,298,35
208000081,423,180,243
208000082,329,287,42
208000083,164,404,-240
208000084,10,31,-21
208000085,734,602,132
208000086,497,1069,-572
208000087,406,752,-346
208000089,1217,409,808
208000090,1194,593,601
208000093,166,166,0
208000094,650,334,316
208000095,698,510,188
208000104,1001,936,65
208000105,689,1003,-314
208000114,113,320,-207
208000115,523,422,101
208000116,551,1073,-522
208000117,109,164,-55
208000118,148,152,-4
208000155,703,1039,-336
208000158,1458,4286,-2828
208000186,3906,5112,-1206
208000204,695,1201,-506
208000205,1285,978,307
208000282,5967,3801,2166
209000004,314,156,158
209000005,42,29,13
209000006,434,183,251
209000007,237,293,-56
209000010,377,115,262
209000011,196,268,-72
209000012,200,154,46
209000013,233,294,-61
209000014,507,910,-403
209000025,293,40,253
209000026,597,100,497
209000027,409,677,-268
209000028,419,626,-207
209000029,465,658,-193
209000030,441,1141,-700
209000031,2271,1976,295
209000034,214,278,-64
209000035,132,192,-60
209000036,184,101,83
209000037,333,231,102
209000038,134,176,-42
209000039,78,170,-92
209000040,269,615,-346
209000041,143,464,-321
209000042,251,408,-157
209000043,721,1074,-353
209000044,262,876,-614
209000045,1484,605,879
209000046,618,647,-29
209000047,519,265,254
209000048,699,346,353
209000049,104,155,-51
209000050,242,153,89
209000051,286,323,-37
209000052,165,250,-85
209000062,31,98,-67
209000063,47,84,-37
209000064,44,84,-40
209000065,87,28,59
209000066,79,38,41
209000067,131,27,104
209000080,20,206,-186
209000082,72,42,30
209000091,26,111,-85
209000093,41,26,15
209000094,181,202,-21
209000110,42,124,-82
209000111,511,1432,-921
209000112,909,428,481
209000113,1659,448,1211
209000114,643,471,172
209000115,68,110,-42
209000116,538,418,120
209000118,8,44,-36
209000119,21,19,2
209000121,97,426,-329
209000135,69,199,-130
209000142,735,1579,-844
209000143,68,58,10
209000144,72,109,-37
209000229,322,172,150
209000240,32,229,-197
209000259,98,116,-18
209000260,49,1013,-964
209000261,8,451,-443
209000262,2,305,-303
209000263,1,146,-145
209000264,0,97,-97
209000265,653,2,651
209000266,205,2,203
209000267,985,7,978
209000268,887,56,831
210000037,48,28,20
210000047,86,14,72
210000048,111,14,97
210000049,59,14,45
210000052,50,54,-4
210000053,28,39,-11
210000054,41,48,-7
210000070,191,4,187
210000071,73,0,73
210000072,24,0,24
210000073,0,32,-32
210000074,0,101,-101
210000075,5,69,-64
210000076,12,137,-125
210000077,11,60,-49
210000078,17,38,-21
210000079,40,15,25
210000080,86,48,38
210000081,232,19,213
210000082,140,0,140
210000083,62,2,60
210000084,38,1,37
210000085,0,60,-60
210000086,1,95,-94
210000099,48,208,-160
210000100,54,118,-64
210000101,70,150,-80
210000105,31,145,-114
210000159,1,163,-162
210000163,141,225,-84
210000164,319,204,115
210000168,97,27,70
210000187,0,29,-29
210000188,1,18,-17
210000214,23,0,23
210000219,34,58,-24
210000220,74,51,23
210000232,5,23,-18
210000233,43,55,-12
210000234,30,113,-83
210000235,82,62,20
210000245,0,63,-63
210000246,18,1,17
210000258,8,103,-95
210000259,326,56,270
210000282,94,184,-90
210000285,1,110,-109
210000286,32,151,-119
210000290,7,11,-4
210000295,44,88,-44
210000296,37,31,6
210000320,178,65,113
210000321,132,53,79
210000338,78,60,18
210000339,327,1284,-957
210000340,102,406,-304
210000341,190,260,-70
210000342,198,157,41
210000343,187,146,41
210000344,148,93,55
210000345,153,147,6
210000346,41,84,-43
210000347,84,25,59
210000348,97,16,81
210000349,45,20,25
210000350,119,53,66
210000351,143,85,58
210000352,67,64,3
210000353,41,108,-67
210000354,53,69,-16
210000355,36,70,-34
210000356,60,37,23
210000357,40,38,2
210000358,231,115,116
210000359,96,88,8
210000360,143,119,24
210000361,139,133,6
210000362,299,219,80
210000363,759,255,504
210000364,74,142,-68
210000365,114,65,49
210000366,128,45,83
210000367,91,35,56
210000368,159,35,124
210000369,23,19,4
210000370,27,40,-13
210000372,13,36,-23
210000373,35,14,21
210000374,39,17,22
210000375,34,49,-15
210000376,61,93,-32
210000404,69,71,-2
210000439,24,31,-7
210000472,116,1,115
210000482,52,117,-65
210000564,321,334,-13
210000567,5,41,-36
210000568,294,4,290
211000092,34,71,-37
211000094,22,13,9
211000169,249,18,231
211000172,20,255,-235
211000209,3,15,-12
211000226,11,20,-9
211000270,16,29,-13
211000275,29,16,13
211000276,102,21,81
211000279,12,31,-19
211000281,56,48,8
211507980,6,48,-42
211977296,37,9,28
212000003,94,63,31
212000004,17,29,-12
212000005,11,37,-26
212000006,27,41,-14
212000008,174,126,48
212000009,35,109,-74
212000012,81,43,38
212000013,25,38,-13
212000014,234,155,79
212000015,299,245,54
212000016,426,503,-77
212000027,527,445,82
212000028,310,368,-58
212000029,236,243,-7
212000030,33,28,5
212000031,81,39,42
212000048,36,156,-120
212000049,27,117,-90
212000050,25,5,20
212000051,207,241,-34
212000052,158,273,-115
212000053,442,463,-21
212000054,274,84,190
212000055,232,152,80
212000056,18,49,-31
212000057,23,27,-4
212000058,233,36,197
212000070,133,183,-50
212000077,130,495,-365
212000099,266,252,14
212000108,152,186,-34
212000111,229,92,137
212000120,102,52,50
212000138,107,36,71
212000156,6,52,-46
212000158,15,13,2
212000159,457,36,421
212000160,691,270,421
212000161,60,8,52
212000310,50,13,37
212000311,20,52,-32
212000374,52,11,41
213000001,36,404,-368
213000005,419,132,287
213000006,1201,311,890
213000007,154,12,142
213000009,885,491,394
213000010,215,312,-97
213000011,233,106,127
213000012,161,308,-147
213000014,68,6,62
213000015,261,6,255
213000016,480,1,479
213000017,134,0,134
213000018,2,159,-157
213000019,2,183,-181
213000020,101,342,-241
213000021,6,136,-130
213000023,422,217,205
213000033,379,1943,-1564
213000034,1107,258,849
213000035,151,208,-57
213000045,220,269,-49
213000046,259,172,87
213000047,644,1350,-706
213000056,112,24,88
213000069,105,1,104
213000073,0,30,-30
213000074,54,302,-248
213000075,540,17,523
213000076,35,6,29
213000085,10,32,-22
213000086,16,146,-130
213000091,218,13,205
213000092,96,18,78
213000099,154,1165,-1011
213000100,1250,293,957
213000101,507,126,381
213000102,530,261,269
213000103,1010,806,204
213000104,60,491,-431
213000105,2,176,-174
213000106,26,100,-74
213000107,163,555,-392
213000108,56,466,-410
213000109,11,198,-187
213000110,20,93,-73
213000111,4,80,-76
213000112,167,144,23
213000115,71,5,66
213000116,32,351,-319
213000117,7,549,-542
213000118,427,243,184
213000119,56,553,-497
213000120,162,490,-328
213000122,138,553,-415
213000123,463,1302,-839
213000124,112,1472,-1360
213000125,182,20,162
213000126,83,123,-40
213000127,125,232,-107
213000128,439,1116,-677
213000129,388,691,-303
213000130,765,380,385
213000132,441,121,320
213000133,631,118,513
213000134,919,34,885
213000136,583,36,547
213000137,755,85,670
213000139,278,28,250
213000147,32,11,21
213000148,12,17,-5
213000149,29,6,23
213000150,1,129,-128
213000151,2,103,-101
213000152,2,72,-70
213000153,0,91,-91
213000154,25,319,-294
213000155,50,234,-184
213000156,116,476,-360
213000157,657,392,265
213000158,384,971,-587
213000159,684,512,172
213000163,997,106,891
213000165,940,382,558
213000171,1,85,-84
213000172,0,232,-232
213000173,8,210,-202
213000174,0,121,-121
213000175,10,83,-73
213000176,43,45,-2
213000177,78,6,72
213000178,200,1,199
213000179,260,2,258
213000180,212,0,212
213000184,99,498,-399
213000188,483,91,392
213000189,413,52,361
213000190,915,916,-1
213000191,351,414,-63
213000192,232,382,-150
213000193,807,363,444
213000194,0,54,-54
213000195,26,338,-312
213000196,250,1165,-915
213000197,539,449,90
213000198,47,0,47
213000200,133,896,-763
213000201,89,29,60
213000202,9,543,-534
213000203,3376,599,2777
213000204,714,81,633
213000205,338,87,251
213000206,420,56,364
213000207,90,15,75
213000208,88,3,85
213000209,118,3,115
213000210,351,5,346
213000211,9,23,-14
213000212,9,20,-11
213000213,24,52,-28
213000218,252,562,-310
213000219,502,15,487
213000220,420,12,408
213000223,187,274,-87
213000224,60,73,-13
213000225,121,14,107
213000226,85,19,66
213000227,917,207,710
213000228,339,84,255
213000229,243,27,216
213000230,405,17,388
213000232,77,1036,-959
213000233,7,440,-433
213000234,1,62,-61
213000293,21,75,-54
213000294,130,12,118
213000295,9,82,-73
213000296,70,29,41
213000297,10,81,-71
213000298,23,81,-58
213000299,74,27,47
213000300,16,3,13
213000303,2,23,-21
213000304,7,14,-7
213000305,3,16,-13
213000306,66,23,43
213000307,192,62,130
213000308,114,191,-77
213000309,165,70,95
213000310,576,221,355
213000311,322,778,-456
213000315,86,96,-10
213000316,171,77,94
213000322,78,128,-50
213000323,138,71,67
213000324,61,43,18
213000325,45,69,-24
213000326,29,35,-6
213000327,50,50,0
213000328,37,145,-108
213000329,125,30,95
213000340,269,577,-308
213000341,548,135,413
213000346,233,262,-29
213000347,790,546,244
213000348,16,80,-64
213000349,27,16,11
213000350,310,948,-638
213000366,88,331,-243
213000367,289,19,270
213000379,166,38,128
213000386,15,333,-318
213000406,85,421,-336
213000417,1193,467,726
213000425,192,31,161
213000426,191,66,125
213000427,30,217,-187
213000428,45,165,-120
213000429,16,6,10
213000430,129,650,-521
213000431,89,4,85
213000432,4,110,-106
213000433,23,141,-118
213000434,90,88,2
213000435,203,60,143
213000436,36,69,-33
213000437,1,16,-15
213000438,201,67,134
213000439,37,14,23
213000440,9,281,-272
213000441,5,2,3
213000442,4,31,-27
213000443,550,379,171
213000444,37,50,-13
213000445,0,83,-83
213000446,0,172,-172
213000447,7,65,-58
213000448,10,140,-130
213000449,345,4,341
213000450,24,48,-24
213000451,227,104,123
213000452,15,29,-14
213000453,43,242,-199
213000455,524,3,521
213000456,2,286,-284
213000481,20,5,15
213000482,49,0,49
213000489,276,73,203
213000491,1,103,-102
213000492,198,3,195
213000493,0,94,-94
213000494,236,110,126
213000495,0,70,-70
213000496,390,131,259
213000497,46,277,-231
213000498,167,166,1
213000499,200,416,-216
213000500,501,62,439
213000501,167,41,126
213000502,182,134,48
213000503,0,80,-80
213000504,15,95,-80
213000505,15,11,4
213000506,0,12,-12
213000507,2,159,-157
213900244,47,0,47
213900245,0,33,-33
218000003,31,34,-3
218000004,34,25,9
218000005,34,26,8
218000006,56,21,35
218000007,7,12,-5
218000012,181,116,65
218000013,120,130,-10
218000014,472,509,-37
218000019,800,660,140
218000020,320,418,-98
218000021,25,37,-12
218000022,13,22,-9
218000023,4,16,-12
218000024,5,7,-2
218000025,13,9,4
218000026,1,15,-14
218000027,1,2,-1
218000028,1,8,-7
218000029,3,6,-3
218000030,17,14,3
218000031,1,26,-25
218000032,2,20,-18
218000040,3,3,0
218000046,32,53,-21
218000047,12,93,-81
218000048,42,59,-17
218000049,93,77,16
218000050,336,189,147
218000051,71,182,-111
218000052,3,82,-79
218000053,3,8,-5
218000054,24,43,-19
218000055,13,19,-6
218000056,16,37,-21
218000057,2,18,-16
218000064,1,11,-10
218000065,98,49,49
218000066,10,41,-31
218000067,60,76,-16
218000068,150,90,60
218000069,235,118,117
218000070,215,219,-4
218000071,178,179,-1
218000072,359,207,152
218000078,929,785,144
218000079,102,74,28
218000080,122,78,44
218000081,420,222,198
218000082,58,114,-56
218000083,82,39,43
218000084,170,105,65
218000085,139,352,-213
218000086,69,158,-89
218000087,167,184,-17
218000090,19,111,-92
218000091,1019,458,561
218000092,110,151,-41
218000093,122,56,66
218000094,461,647,-186
218000099,365,800,-435
218000100,226,331,-105
218000101,304,156,148
218000102,424,189,235
218000103,107,183,-76
218000104,127,57,70
218000105,24,33,-9
218000106,11,14,-3
218000107,103,67,36
218000108,6,48,-42
218000112,56,31,25
218000117,79,61,18
218000134,594,545,49
218000135,37,71,-34
218000136,284,84,200
218000137,252,144,108
218000138,39,127,-88
218000139,201,267,-66
218000140,486,261,225
218000141,84,46,38
218000142,289,169,120
218000143,108,237,-129
218000144,36,107,-71
218000145,361,346,15
218000146,82,186,-104
218000151,4,12,-8
218000152,143,44,99
218000153,28,5,23
218000154,28,2,26
218000155,26,3,23
218000156,59,14,45
218000157,19,18,1
218000158,8,6,2
218000159,4,6,-2
218000160,6,4,2
218000161,30,7,23
218000162,25,7,18
218000163,14,2,12
218000164,28,3,25
218000165,64,20,44
218000170,0,41,-41
218000171,35,6,29
218000172,14,7,7
218000173,45,15,30
218000174,16,3,13
218000176,89,37,52
218000177,172,222,-50
218000178,36,203,-167
218000179,50,73,-23
218000180,55,32,23
218000181,110,59,51
218000187,12,19,-7
218000188,23,35,-12
218000189,27,42,-15
218000190,16,15,1
218000191,165,63,102
218000192,175,176,-1
218000193,381,332,49
218000194,102,261,-159
218000195,93,57,36
218000196,319,235,84
218000197,329,308,21
218000198,11,101,-90
218000199,45,32,13
218000200,80,24,56
218000201,15,11,4
218000202,68,227,-159
218000207,4,16,-12
218000208,29,29,0
218000211,40,5,35
218000212,1,20,-19
218000213,92,198,-106
218000214,1,45,-44
218000215,24,40,-16
218000217,7,64,-57
218000218,177,52,125
218000219,32,9,23
218000220,85,393,-308
218000221,521,166,355
218000222,6,34,-28
218000223,19,384,-365
218000224,6,225,-219
218000225,123,23,100
218000226,101,58,43
218000230,0,5,-5
218000232,30,40,-10
218000239,199,14,185
218000240,22,4,18
218000241,29,2,27
218000242,63,5,58
218000243,35,2,33
218000244,67,0,67
218000245,17,5,12
218000246,0,1,-1
218000247,2,1,1
218000248,0,26,-26
218000249,3,4,-1
218000250,2,2,0
218000251,3,8,-5
218000252,1,24,-23
218000253,5,29,-24
218000254,2,10,-8
218000255,0,11,-11
218000256,5,44,-39
218000267,460,937,-477
218000268,14,35,-21
218000269,7,11,-4
218000270,100,47,53
218000271,11,45,-34
218000273,18,6,12
218000274,18,2,16
218000275,37,36,1
218000276,9,45,-36
218000278,8,28,-20
218000279,94,46,48
218000280,6,25,-19
218000281,18,7,11
218000282,567,422,145
218000284,92,6,86
218000301,109,123,-14
218000302,152,49,103
218000303,45,30,15
218000316,653,869,-216
218000317,1136,861,275
218000318,729,647,82
218000319,1077,986,91
218000320,769,618,151
218000338,48,15,33
218000345,68,67,1
218000346,46,128,-82
218000459,27,173,-146
218000490,11,31,-20
218000501,101,42,59
218000502,31,81,-50
218000503,139,24,115
218000504,186,26,160
218000505,63,167,-104
218000506,27,257,-230
218000508,6,8,-2
218000510,136,10,126
218000520,117,85,32
218000521,7,47,-40
218000522,0,121,-121
218000523,129,2,127
218000524,33,160,-127
218000525,153,8,145
218000526,51,138,-87
218000529,43,121,-78
218000530,13,5,8
218000531,13,18,-5
218000532,43,22,21
218000534,126,19,107
218000537,16,38,-22
218000538,96,152,-56
218000540,228,90,138
218000543,166,42,124
218000544,37,66,-29
218000545,58,77,-19
218000546,59,42,17
218000547,80,217,-137
218000548,118,121,-3
218000549,443,570,-127
218000550,239,265,-26
218000551,114,1052,-938
218000552,417,42,375
218000553,46,72,-26
218000554,40,21,19
218000555,29,51,-22
218000556,146,188,-42
218000557,253,166,87
218000558,73,0,73
218000559,0,22,-22
218000560,0,58,-58
218000561,20,0,20
218000562,24,168,-144
218000563,210,20,190
218000564,16,110,-94
218000565,187,25,162
218000566,419,18,401
218000567,0,59,-59
218000568,29,3,26
218000569,17,115,-98
218000570,243,8,235
218000571,1,121,-120
218000572,147,0,147
218000573,24,118,-94
218000574,117,26,91
218000575,98,1,97
218000576,0,101,-101
218000577,119,1,118
218000578,0,84,-84
218000579,24,12,12
218000581,7,45,-38
218000582,41,3,38
218000583,10,0,10
218000584,1,18,-17
218000585,49,4,45
218000586,5,52,-47
218000587,3,0,3
218000588,4,3,1
218000589,0,3,-3
218000590,3,0,3
218000591,12,3,9
218000592,36,0,36
218000593,3,1,2
218000594,0,0,0
218000597,0,0,0
218000598,0,0,0
218000599,2,0,2
218000600,0,0,0
218000601,0,0,0
218000602,0,7,-7
218000603,0,4,-4
218000604,31,1,30
218000605,0,33,-33
218000606,85,0,85
218000607,7,34,-27
218000608,108,23,85
218000609,8,46,-38
218000610,51,7,44
218000611,21,2,19
218000612,2,25,-23
218000613,45,0,45
218000614,0,45,-45
218000615,228,1,227
218000616,7,110,-103
218000617,4,3,1
218000618,1,9,-8
218000619,33,51,-18
218000620,19,26,-7
218000621,0,2,-2
218000622,1,22,-21
218000623,248,4,244
218000624,0,11,-11
218000625,13,2,11
218000626,2,14,-12
218000628,168,39,129
218000631,49,25,24
218000632,22,87,-65
218000633,106,4,102
218000634,3,11,-8
218000635,6,8,-2
218000636,808,1090,-282
218000637,1003,530,473
218000638,180,45,135
218000639,18,126,-108
218000640,308,43,265
218000641,77,241,-164
218000652,54,50,4
218000653,81,37,44
218000663,15,164,-149
218000675,64,47,17
218000676,1,12,-11
218000677,19,2,17
218000680,195,321,-126
218000681,358,168,190
218000691,184,169,15
218000693,204,131,73
218000703,9,38,-29
218000718,461,1374,-913
218000719,822,808,14
218000720,16,149,-133
218000721,131,18,113
218000725,5,7,-2
218001147,1,75,-74
218001214,10,32,-22
218001258,121,13,108
218001329,99,121,-22
218001330,87,76,11
218001351,30,23,7
218001352,18,15,3
218001353,8,11,-3
218001354,12,11,1
218001355,8,234,-226
218001356,472,24,448
218001357,21,124,-103
218001358,449,24,425
218001361,322,5,317
218001362,0,84,-84
219000001,28,41,-13
219000002,62,53,9
219000003,56,28,28
219000004,42,32,10
219000017,79,34,45
219000020,147,69,78
219000022,154,7,147
219000023,119,1,118
219000029,0,68,-68
219000034,49,15,34
219000039,71,170,-99
219000040,69,90,-21
219000041,155,24,131
219000051,1,42,-41
219000052,0,11,-11
219000053,0,73,-73
219000054,45,82,-37
219000055,259,3,256
219000056,8,0,8
219000057,73,0,73
219000062,10,84,-74
219000063,90,4,86
219000064,1,64,-63
219000110,463,84,379
219000111,99,49,50
219000112,198,66,132
219000113,143,54,89
219000114,218,109,109
219000116,134,47,87
219000117,183,51,132
219000118,198,48,150
219000123,164,70,94
219000124,81,41,40
219000125,17,10,7
219000126,63,118,-55
219000127,0,7,-7
219000128,5,104,-99
219000129,16,119,-103
219000130,386,539,-153
219000131,586,956,-370
219000133,55,54,1
219000134,19,35,-16
219000135,30,66,-36
219000136,103,179,-76
219000138,64,13,51
219000139,27,33,-6
219000140,64,2,62
219000141,29,92,-63
219000142,18,62,-44
219000143,18,79,-61
219000145,33,35,-2
219000146,3,16,-13
219000147,7,28,-21
219000148,6,26,-20
219000149,8,43,-35
219000150,4,56,-52
219000151,4,31,-27
219000157,204,111,93
219000158,173,230,-57
219000161,102,9,93
219000163,1234,491,743
219000166,112,201,-89
219000167,141,133,8
219000168,293,100,193
219000174,374,156,218
219000175,93,3,90
219000176,123,4,119
219000177,38,8,30
219000178,44,3,41
219000179,16,11,5
219000180,36,38,-2
219000182,157,15,142
219000183,79,29,50
219000184,128,10,118
219000185,2,45,-43
219000186,49,23,26
219000187,26,71,-45
219000189,73,158,-85
219000190,90,193,-103
219000191,807,1359,-552
219000192,160,128,32
219000193,166,144,22
219000195,0,65,-65
219000196,4,112,-108
219000198,16,103,-87
219000199,63,254,-191
219000200,49,181,-132
219000201,83,143,-60
219000203,17,119,-102
219000204,93,238,-145
219000205,37,178,-141
219000207,135,288,-153
219000209,29,88,-59
219000210,14,75,-61
219000213,12,125,-113
219000239,192,263,-71
219000240,239,377,-138
219000241,167,114,53
219000242,81,142,-61
219000243,113,216,-103
219000244,15,80,-65
219000245,24,43,-19
219000246,40,22,18
219000247,164,28,136
219000248,555,373,182
219000249,186,96,90
219000250,144,91,53
219000251,590,256,334
219000252,236,158,78
219000253,416,92,324
219000255,160,124,36
219000256,267,99,168
219000257,92,1,91
219000262,116,114,2
219000263,56,134,-78
219000267,2,66,-64
219000268,6,2,4
219000269,3,2,1
219000270,10,0,10
219000271,129,11,118
219000278,0,5,-5
219000279,0,4,-4
219000283,0,5,-5
219000295,14,85,-71
219000296,61,357,-296
219000297,18,111,-93
219000298,25,86,-61
219000299,475,64,411
219000300,17,156,-139
219000301,244,328,-84
219000302,47,288,-241
219000307,54,44,10
219000308,64,32,32
219000311,255,74,181
219000312,643,154,489
219000313,400,49,351
219000314,59,309,-250
219000315,356,32,324
219000316,552,46,506
219000317,103,24,79
219000320,0,49,-49
219000321,1,17,-16
219000323,8,50,-42
219000325,0,10,-10
219000326,64,52,12
219000327,95,30,65
219000328,33,67,-34
219000329,294,114,180
219000330,58,41,17
219000331,66,63,3
219000332,123,89,34
219000333,27,7,20
219000335,58,6,52
219000337,17,0,17
219000338,73,0,73
219000344,25,59,-34
219000345,44,64,-20
219000346,33,82,-49
219000348,159,79,80
219000349,46,136,-90
219000350,117,321,-204
219000351,4,5,-1
219000352,415,114,301
219000353,87,71,16
219000354,208,88,120
219000355,113,58,55
219000356,1136,1508,-372
219000363,227,50,177
219000364,93,53,40
219000365,107,20,87
219000366,218,325,-107
219000368,345,669,-324
219000370,1035,542,493
219000371,14,36,-22
219000382,7,24,-17
219000383,614,1101,-487
219000385,459,527,-68
219000386,662,1494,-832
219000387,3,6,-3
219000390,4,3,1
219000391,10,3,7
219000397,76,57,19
219000398,71,58,13
219000401,9,88,-79
219000402,42,81,-39
219000403,148,322,-174
219000404,34,152,-118
219000407,3,37,-34
219000409,51,59,-8
219000410,67,37,30
219000411,70,19,51
219000446,125,321,-196
219000447,0,20,-20
219000448,9,4,5
219000452,117,90,27
219000453,59,200,-141
219000454,151,328,-177
219000556,263,100,163
219000558,139,144,-5
219000590,40,141,-101
219000591,73,88,-15
219000592,84,358,-274
219000595,2,21,-19
219000635,178,42,136
219000636,28,83,-55
219000657,35,19,16
219000658,56,113,-57
219000673,0,22,-22
219000676,32,1,31
219000679,39,9,30
219000684,101,1,100
219000685,2,41,-39
219000686,2,5,-3
219000688,1,59,-58
219000689,21,199,-178
219000690,147,22,125
219000691,48,184,-136
219000692,174,40,134
219000693,0,23,-23
219000694,11,0,11
219000695,30,8,22
219000698,19,0,19
219000699,0,15,-15
219000727,3,66,-63
219000728,77,1,76
219000770,26,0,26
219000771,0,49,-49
219000788,345,235,110
219001150,1,17,-16
219001151,0,2,-2
219001166,31,26,5
219001167,2,65,-63
219001178,49,0,49
220000001,43,79,-36
220000002,23,99,-76
220000003,432,258,174
220000004,825,486,339
220000005,1619,2133,-514
220000006,170,881,-711
220000007,457,486,-29
220000008,322,756,-434
220000009,338,381,-43
220000010,190,76,114
220000011,530,2607,-2077
220000012,159,253,-94
220000014,107,53,54
220000015,73,277,-204
220000017,88,213,-125
220000018,3845,1678,2167
220000019,78,296,-218
220000020,477,239,238
220000021,668,195,473
220000022,887,426,461
220000023,330,165,165
220000024,2229,407,1822
220000025,1737,1267,470
220000026,257,356,-99
220000027,26,100,-74
220000028,57,39,18
220000029,47,111,-64
220000030,70,68,2
220000031,468,307,161
220000064,19,925,-906
221000046,6,0,6
221000047,0,6,-6
221000048,0,1,-1
221000049,0,13,-13
221000050,16,0,16
221000055,34,54,-20
221000057,62,7,55
221000068,361,136,225
221000069,445,84,361
221000070,233,28,205
221000071,108,15,93
221000072,225,10,215
221000073,127,55,72
221000074,4,15,-11
221000075,26,20,6
221000076,9,25,-16
221000077,27,103,-76
221000081,19,7,12
221000082,99,9,90
221000083,17,2,15
221000084,7,2,5
221000085,14,64,-50
221000086,30,104,-74
221000087,8,159,-151
221000088,15,167,-152
221000089,26,245,-219
221000090,127,473,-346
221000098,114,6,108
221000099,188,7,181
221000100,72,11,61
221000101,210,11,199
221000102,121,18,103
221000109,5,88,-83
221000110,7,94,-87
221000111,19,178,-159
221000112,6,138,-132
221000113,15,120,-105
221000114,14,114,-100
221000120,35,20,15
221000121,10,20,-10
221000122,38,23,15
221000123,11,15,-4
221000124,31,126,-95
221000155,118,11,107
221000156,60,33,27
221000175,1,11,-10
221000176,7,18,-11
221000182,38,6,32
221000241,706,307,399
221000242,175,478,-303
221000243,572,225,347
221000244,284,478,-194
221000245,91,106,-15
221000246,31,284,-253
221000247,120,127,-7
221000248,148,136,12
221000267,46,495,-449
221000325,72,69,3
221000331,13,59,-46
221000338,18,33,-15
221000378,209,23,186
221000381,39,42,-3
222000282,15,2,13
222000296,2,19,-17
222000568,277,25,252
222000569,176,66,110
222000570,141,40,101
222000571,308,30,278
222000577,14,119,-105
222000578,26,141,-115
222000579,42,120,-78
222000580,85,637,-552
222000599,0,92,-92
222000600,0,270,-270
222000601,4,791,-787
222000603,27,44,-17
222000604,4,58,-54
222000605,17,13,4
222000606,5,8,-3
222000607,3,2,1
222000608,29,13,16
222000609,60,171,-111
222000616,360,34,326
222000617,7,30,-23
222000618,9,5,4
222000620,30,8,22
222000621,66,25,41
222000623,684,3,681
222000624,379,6,373
222000625,592,9,583
222000636,34,4,30
222000686,18,9,9
222000687,37,31,6
222001066,287,3,284
222001067,16,5,11
222001068,35,19,16
222001069,35,30,5
222001082,17,32,-15
222001083,36,35,1
222001084,0,45,-45
222001085,0,132,-132
222001111,38,108,-70
222001112,109,39,70
222001313,30,10,20
222001314,4,99,-95
222001464,66,44,22
222001465,46,102,-56
222001484,110,65,45
222001485,21,52,-31
222001494,529,140,389
222001495,156,192,-36
222001496,315,120,195
222001497,85,315,-230
222001502,21,83,-62
222001503,91,33,58
222001504,13,282,-269
222001505,326,15,311
222001506,32,373,-341
222001507,301,30,271
222001510,401,40,361
222001511,56,276,-220
222001514,575,206,369
222001515,220,478,-258
222001518,262,64,198
222001519,62,195,-133
222001527,233,61,172
222001528,60,131,-71
222001529,268,52,216
222001530,76,178,-102
222001533,116,222,-106
222001534,292,47,245
222001535,270,292,-22
222001536,84,207,-123
222001537,347,44,303
222001538,55,384,-329
222001563,681,82,599
222001564,68,423,-355
222001568,329,106,223
222001576,1,1,0
222001579,0,20,-20
222001583,18,117,-99
222001584,88,17,71
222001596,571,1018,-447
222001597,1506,293,1213
222001626,0,117,-117
222001650,82,124,-42
222001651,63,138,-75
222001914,190,57,133
222001915,81,190,-109
222001968,513,288,225
222001969,501,614,-113
222001970,156,232,-76
222001971,31,15,16
222001972,3,14,-11
225000001,466,149,317
225000002,548,180,368
225000003,566,87,479
225000004,347,195,152
225000005,51,50,1
225000006,0,172,-172
225000007,1343,1115,228
225000010,272,6,266
225000011,385,850,-465
225000012,205,469,-264
225000013,69,110,-41
225000014,692,69,623
225000015,106,119,-13
225000021,740,137,603
225000027,201,457,-256
225000032,735,93,642
225000042,82,572,-490
225000049,61,39,22
225000050,68,8,60
225000053,7,313,-306
225000058,587,146,441
225000067,188,132,56
225000068,69,280,-211
225000069,129,428,-299
225000070,78,293,-215
225000071,33,118,-85
225000075,22,511,-489
225000076,76,107,-31
225000078,76,46,30
225000085,59,156,-97
225000086,272,71,201
225000087,168,18,150
225000088,9,175,-166
225000089,212,892,-680
225000090,93,408,-315
225000091,182,149,33
225000092,33,59,-26
225000093,180,221,-41
225000094,14,244,-230
225000095,248,321,-73
225000096,301,457,-156
225000098,667,324,343
225000099,339,188,151
225000100,327,141,186
225000104,128,372,-244
225000110,20,319,-299
225000111,221,886,-665
225000112,248,915,-667
225000113,170,560,-390
225000114,62,228,-166
225000115,1201,595,606
225000116,999,196,803
225000117,751,250,501
225000118,1001,225,776
225000119,227,75,152
225000120,625,35,590
225000121,223,13,210
225000123,526,18,508
225000125,391,203,188
225000126,733,119,614
225000127,694,1003,-309
225000128,488,622,-134
225000132,296,26,270
225000133,176,17,159
225000134,543,129,414
225000135,43,9,34
225000136,271,14,257
225000137,254,53,201
225000138,377,58,319
225000143,54,156,-102
225000144,2,205,-203
225000145,43,28,15
225000146,39,72,-33
225000147,36,183,-147
225000148,4,183,-179
225000149,51,353,-302
225000151,35,174,-139
225000155,341,396,-55
225000156,151,700,-549
225000157,223,320,-97
225000158,61,274,-213
225000171,9,172,-163
225000180,23,4,19
225000181,1,46,-45
225000182,70,6,64
225000185,12,448,-436
225000187,36,343,-307
225000191,96,4,92
225000194,0,5,-5
225000208,0,24,-24
225000209,72,15,57
225000210,4,241,-237
225000217,1,12,-11
225000218,21,4,17
225000223,1,41,-40
225000224,77,0,77
225000225,0,15,-15
225000226,19,2,17
225000227,26,85,-59
225000228,7,5,2
225000229,0,63,-63
225000230,12,1,11
225000231,0,50,-50
225000232,116,0,116
225000241,52,4,48
225000242,1,32,-31
225000249,10,0,10
225000250,39,586,-547
225000251,341,21,320
225000254,1,16,-15
225000256,4,35,-31
225000257,0,50,-50
226000042,197,430,-233
226000043,56,257,-201
226000044,122,444,-322
226000045,46,270,-224
226000046,358,77,281
226000047,332,99,233
226000048,280,107,173
226000049,267,146,121
226000070,1,34,-33
226000071,0,50,-50
226000072,0,11,-11
226000073,0,4,-4
226000074,0,9,-9
226000084,0,36,-36
226000085,5,4,1
226000086,3,24,-21
226000087,1,11,-10
226000088,54,41,13
226000090,243,64,179
226000091,30,42,-12
226000092,2,17,-15
226000093,22,3,19
226000094,8,7,1
226000095,1,7,-6
226000105,8,1,7
226000106,5,0,5
226000107,9,0,9
226000108,25,0,25
226000109,77,1,76
226000124,91,68,23
226000134,736,426,310
226000135,1427,481,946
226000136,475,376,99
226000137,2,244,-242
226000138,6,111,-105
226000139,0,14,-14
226000156,148,0,148
226000157,159,1,158
226000163,68,134,-66
226000202,6,232,-226
226000231,395,3,392
226000232,31,5,26
227000033,348,65,283
227000036,279,32,247
227000037,293,28,265
227000038,189,34,155
227000084,0,86,-86
227000085,1,39,-38
227000088,60,3,57
227000089,135,2,133
227000090,26,0,26
227000091,18,1,17
227000092,85,0,85
227000093,125,0,125
227000094,13,2,11
227000130,22,89,-67
227000131,15,150,-135
227000132,8,160,-152
227000133,10,178,-168
227000134,17,260,-243
227000152,0,5,-5
227000153,0,41,-41
227000154,0,28,-28
227000155,1,13,-12
227000156,0,4,-4
227000165,4,37,-33
227000196,339,197,142
227000199,316,375,-59
227000230,21,296,-275
227000232,452,23,429
227000242,60,399,-339
227000243,414,71,343
227000245,12,281,-269
227000246,134,396,-262
227000247,423,79,344
227000248,110,34,76
227000249,21,158,-137
227000250,431,151,280
227000251,111,194,-83
227000252,27,251,-224
227000253,172,15,157
227000262,328,40,288
227000266,1102,19,1083
227000267,30,1171,-1141
227000282,3,101,-98
227000284,382,24,358
227000286,0,56,-56
227000287,13,86,-73
227000291,23,376,-353
227000296,171,191,-20
227000484,251,19,232
227000485,23,741,-718
227000655,224,7,217
227000656,592,41,551
227000657,91,8,83
227000661,249,26,223
227000680,151,45,106
229000265,11,38,-27
229000296,3,11,-8
229000297,5,10,-5
229000298,2,137,-135
229000320,9,3,6
229000321,20,4,16
229000412,10,37,-27
229000414,8,31,-23
229000415,22,5,17
229000416,1,2,-1
229000417,3,20,-17
229000419,86,237,-151
229000440,354,77,277
229000442,16,7,9
229000443,5,1,4
229000444,3,24,-21
229000445,46,9,37
229000446,62,10,52
229000491,2,13,-11
229000492,7,77,-70
229000493,1,62,-61
229000494,22,0,22
229000495,73,6,67
229000496,37,0,37
229000507,0,45,-45
229000508,0,37,-37
229000509,1,64,-63
229000510,3,18,-15
229000511,1,33,-32
229000512,0,18,-18
229000513,0,10,-10
229000514,0,1,-1
229000517,1,5,-4
229000518,14,8,6
229000519,2,6,-4
229000520,17,50,-33
229000521,59,10,49
229000522,26,1,25
229000523,4,3,1
229000524,4,1,3
229000527,4,1,3
229000528,0,0,0
229000529,4,0,4
229000530,53,1,52
229000531,45,0,45
229000532,14,1,13
229000533,60,0,60
229000534,41,0,41
229000564,51,0,51
229000565,16,0,16
229000566,0,10,-10
229000567,0,37,-37
229000582,80,0,80
229000583,6,3,3
229000584,0,22,-22
229000585,0,54,-54
229000718,0,2,-2
229000719,0,5,-5
229000720,0,5,-5
229000721,0,2,-2
229000722,0,5,-5
229000723,0,9,-9
229000724,0,1,-1
229000725,0,2,-2
229000738,1,0,1
229000739,0,0,0
229000740,2,0,2
229000741,13,0,13
229000742,11,0,11
229000743,15,0,15
229000744,1,0,1
229000745,2,0,2
229000746,13,0,13
229000847,39,0,39
229000848,27,0,27
229000849,124,1,123
229000851,49,0,49
229000854,0,11,-11
229000856,1,49,-48
229000857,0,13,-13
229000858,0,20,-20
229000919,22,71,-49
229000930,1,226,-225
229000937,63,11,52
229000966,41,33,8
229000981,41,40,1
229000985,2,23,-21
229000986,1,6,-5
229000987,0,0,0
229000988,2,4,-2
229000989,6,5,1
229000990,1,3,-2
229000991,1,1,0
229000992,10,7,3
229000993,95,14,81
229000998,9,52,-43
229000999,73,7,66
229001034,0,7,-7
229001035,4,2,2
229001037,42,12,30
229001042,7,7,0
229001047,6,46,-40
229001050,21,29,-8
229001168,0,18,-18
229001200,29,0,29
229001338,5,16,-11
229001394,144,13,131
229001422,99,22,77
229001423,17,144,-127
229001431,64,57,7
229001432,51,82,-31
229001444,157,42,115
229001445,41,98,-57
229001479,16,5,11
229001503,214,105,109
229001504,141,150,-9
229001505,101,35,66
229001506,76,64,12
229001509,37,18,19
229001545,74,7,67
229001546,9,65,-56
229001553,84,17,67
229001554,48,95,-47
229001559,6,12,-6
229001560,6,34,-28
229001630,48,4,44
229001631,10,20,-10
229001635,0,22,-22
229001636,3,0,3
229001658,0,118,-118
229001659,60,2,58
229001660,13,5,8
229001661,16,14,2
229001662,28,0,28
229001663,1,12,-11
229002584,155,124,31
229002831,127,125,2
229002841,11,12,-1
229002842,25,16,9
229002843,55,12,43
229002844,30,59,-29
229002845,11,61,-50
229002846,36,20,16
229002847,1,8,-7
229002848,28,14,14
229002849,8,95,-87
229002850,10,2,8
229002851,39,157,-118
229002852,315,15,300
229002853,150,24,126
229002854,42,42,0
229002855,15,35,-20
229002856,31,12,19
229002857,8,149,-141
229002858,22,16,6
229002859,54,140,-86
229002860,401,17,384
229002861,43,22,21
229002862,35,27,8
229002863,11,13,-2
229002864,29,36,-7
229002865,10,12,-2
229002866,19,18,1
229002867,6,12,-6
229002868,20,10,10
229002869,33,96,-63
229002870,51,7,44
235000066,333,56,277
235000067,112,104,8
235000072,22,89,-67
235000073,51,282,-231
235000074,43,81,-38
235000080,25,76,-51
235000081,114,117,-3
235000082,101,36,65
235000083,215,50,165
235000084,32,39,-7
235000085,127,57,70
235000089,23,30,-7
235000092,22,113,-91
235000093,9,7,2
235000097,2,6,-4
235000098,102,12,90
235000099,41,20,21
235000116,56,21,35
235000117,597,19,578
235000133,11,365,-354
235000134,12,143,-131
235000206,2,6,-4
235000207,8,4,4
235000208,3,1,2
235000209,15,0,15
235000210,6,1,5
235000212,2,19,-17
235000213,3,5,-2
235000220,1,0,1
235000221,79,22,57
235000238,13,90,-77
235000239,7,31,-24
235000242,347,516,-169
235000245,595,146,449
235000246,14,66,-52
235000284,29,64,-35
235000295,139,25,114
235000305,278,18,260
235000306,214,4,210
235000307,8,0,8
235000308,23,2,21
235000309,57,1,56
235000310,36,0,36
235000311,116,22,94
235000322,0,32,-32
235000323,0,41,-41
235000324,1,27,-26
235000325,1,9,-8
235000326,2,154,-152
235000351,4,56,-52
235000352,37,51,-14
235000353,1,37,-36
235000354,11,26,-15
235000355,11,48,-37
235000356,71,9,62
235000357,45,6,39
235000358,125,8,117
235000359,20,10,10
235000360,58,21,37
235000361,55,8,47
235000381,91,168,-77
235000382,186,59,127
235000390,17,1,16
235000391,135,8,127
235000392,149,241,-92
235000393,107,164,-57
235000395,178,43,135
235000396,495,71,424
235000400,97,45,52
235000401,29,132,-103
235000405,91,261,-170
235000406,43,235,-192
235000407,123,85,38
235000409,109,128,-19
235000410,66,263,-197
235000411,0,72,-72
235000485,0,4,-4
235000486,12,0,12
235000549,72,88,-16
235000550,88,162,-74
235000599,121,59,62
235000600,8,22,-14
235000601,43,30,13
235000602,78,69,9
235000614,0,4,-4
235000648,0,22,-22
235000649,38,6,32
235000685,0,4,-4
235000815,13,31,-18
235000834,0,9,-9
235000855,38,61,-23
235000862,21,108,-87
235000891,0,11,-11
235000892,24,2,22
235000901,57,77,-20
235000907,10,14,-4
235001010,119,66,53
235001029,482,419,63
235001030,352,293,59
235001078,85,90,-5
235001079,37,81,-44
235001147,3,37,-34
235001166,4,68,-64
235001167,47,58,-11
235001169,36,239,-203
235001188,3,7,-4
235001189,1,2,-1
235001197,12,5,7
235001200,34,38,-4
235001207,106,25,81
235001210,28,74,-46
235001215,42,94,-52
235001239,2,30,-28
235001244,0,9,-9
235016267,1,73,-72
277101746,0,0,0
277102712,1,1,0
277103813,0,0,0
277103814,0,0,0
277103898,0,3,-3
277104249,0,0,0
277104250,0,2,-2
277104251,0,10,-10
277104252,0,4,-4
990011530,0,166,-166
990014944,2,399,-397
990015176,30,13,17
990015618,0,105,-105
990016032,1,325,-324
990032570,3,28,-25
990070001,44,1,43
990070103,0,3,-3
990070601,0,32,-32
990070751,850,20,830
990070766,0,362,-362
990071180,506,182,324
990071343,34,1,33
990071387,0,17,-17
990071823,527,6,521
990072600,2,891,-889
990072964,0,300,-300
990073285,0,3,-3
990074393,2,699,-697
990074870,1584,13,1571
990075106,1653,6,1647
990075746,601,8,593
990076437,1367,10,1357
990076458,1,509,-508
997000007,460,15,445
997000041,1,240,-239
997000058,62,0,62
997000062,45,1,44
997000069,0,6,-6
997000070,0,18,-18
997000100,33,0,33
997000141,10,2201,-2191
997000198,276,1281,-1005
998000475,0,37,-37
998000736,0,133,-133
998000965,0,15,-15
998001031,1,99,-98
998001700,0,11,-11
998001899,0,1,-1
998001900,15,5,10
998003073,943,8,935
998101900,0,0,0
998102850,5,306,-301
998501927,1252,690,562
998501929,94,4,90
998501930,37,0,37
998501931,160,33,127
998501932,10,5,5
998501933,72,2,70
998501937,11,5,6
998501944,3,1,2
998501950,1,63,-62
998501970,71,5,66
998501971,0,86,-86
998501973,0,36,-36
998501974,0,243,-243
998501975,129,3,126
998501976,135,0,135
998501977,1,20,-19
998501978,21,1,20
998501979,0,10,-10
998501980,99,1,98
998501981,68,2,66
998501982,1,107,-106
998501983,0,29,-29
998502006,0,0,0
998502024,0,3,-3
998502032,0,7,-7
998502062,19,1,18
998502063,0,0,0
998502173,31,0,31
998502269,0,3,-3
998502546,3,188,-185
998502578,0,0,0
998601159,8,120,-112
998601292,0,15,-15
999033574,0,363,-363
999800001,23,0,23
999800002,0,4,-4
999800003,3,1,2
999800004,0,2,-2
999800005,0,10,-10
