dong,insum,outsum,diff
강남구 개포1동,1171,1605,-434
강남구 개포2동,21315,28581,-7266
강남구 개포4동,20461,12874,7587
강남구 논현1동,55121,62658,-7537
강남구 논현2동,43307,42888,419
강남구 대치1동,30505,28960,1545
강남구 대치2동,70570,41899,28671
강남구 대치4동,37036,36562,474
강남구 도곡1동,35630,32889,2741
강남구 도곡2동,12017,16072,-4055
강남구 삼성1동,81296,59347,21949
강남구 삼성2동,33791,20097,13694
강남구 세곡동,37080,46121,-9041
강남구 수서동,39641,26462,13179
강남구 신사동,40591,32269,8322
강남구 압구정동,73196,51913,21283
강남구 역삼1동,128374,102051,26323
강남구 역삼2동,48568,32961,15607
강남구 일원1동,11570,13164,-1594
강남구 일원2동,5942,4272,1670
강남구 일원본동,14486,15438,-952
강남구 청담동,61140,45656,15484
강동구 강일동,14695,24244,-9549
강동구 고덕제1동,7895,10556,-2661
강동구 고덕제2동,13963,13045,918
강동구 길동,17649,17381,268
강동구 둔촌제1동,445,546,-101
강동구 둔촌제2동,18648,13005,5643
강동구 명일제1동,19109,19426,-317
강동구 명일제2동,14879,12374,2505
강동구 상일동,32852,21161,11691
강동구 성내제1동,18105,13779,4326
강동구 성내제2동,12158,13821,-1663
강동구 성내제3동,17112,15889,1223
강동구 암사제1동,9798,14940,-5142
강동구 암사제2동,4435,5049,-614
강동구 암사제3동,2124,1388,736
강동구 천호제1동,6094,11320,-5226
강동구 천호제2동,30115,25248,4867
강동구 천호제3동,9114,13407,-4293
강북구 미아동,28637,22075,6562
강북구 번1동,61284,49678,11606
강북구 번2동,12827,16581,-3754
강북구 번3동,18642,27421,-8779
강북구 삼각산동,8444,12204,-3760
강북구 삼양동,17164,22852,-5688
강북구 송중동,98415,80964,17451
강북구 송천동,28813,38343,-9530
강북구 수유1동,19673,20808,-1135
강북구 수유2동,13351,19142,-5791
강북구 수유3동,51580,47533,4047
강북구 우이동,18647,17720,927
강북구 월곡제1동,1832,2357,-525
강북구 인수동,15639,21922,-6283
강서구 가양제1동,27255,19303,7952
강서구 가양제2동,4294,4137,157
강서구 가양제3동,5253,4476,777
강서구 공항동,17206,15720,1486
강서구 등촌제1동,30506,28674,1832
강서구 등촌제2동,12899,15670,-2771
강서구 등촌제3동,33793,33217,576
강서구 발산제1동,40398,32665,7733
강서구 방화제1동,15625,19512,-3887
강서구 방화제2동,13463,12484,979
강서구 방화제3동,2722,2334,388
강서구 염창동,15876,19015,-3139
강서구 우장산동,20541,25412,-4871
강서구 화곡본동,10974,15324,-4350
강서구 화곡제1동,48198,48207,-9
강서구 화곡제2동,7627,11380,-3753
강서구 화곡제3동,14786,14660,126
강서구 화곡제4동,9424,13359,-3935
강서구 화곡제6동,25729,27404,-1675
강서구 화곡제8동,23610,17271,6339
관악구 낙성대동,37372,64097,-26725
관악구 난곡동,14104,23400,-9296
관악구 난향동,8489,13221,-4732
관악구 남현동,15133,19978,-4845
관악구 대학동,57663,29694,27969
관악구 미성동,24336,36969,-12633
관악구 보라매동,35038,27327,7711
관악구 삼성동,18156,35586,-17430
관악구 서림동,21804,26796,-4992
관악구 서원동,68034,54439,13595
관악구 성현동,13511,29396,-15885
관악구 신림동,70793,55017,15776
관악구 신사동,13862,22223,-8361
관악구 신원동,5470,7479,-2009
관악구 은천동,30180,30531,-351
관악구 인헌동,13677,15306,-1629
관악구 조원동,48458,45102,3356
관악구 중앙동,10846,8772,2074
관악구 청룡동,40153,24296,15857
관악구 청림동,4713,9176,-4463
관악구 행운동,55993,46537,9456
광진구 광장동,9759,10528,-769
광진구 구의제1동,18804,17064,1740
광진구 구의제2동,16447,23068,-6621
광진구 구의제3동,21570,15468,6102
광진구 군자동,18472,22935,-4463
광진구 능동,13890,18137,-4247
광진구 자양제1동,5288,5748,-460
광진구 자양제2동,22692,34053,-11361
광진구 자양제3동,7801,10201,-2400
광진구 자양제4동,30135,27510,2625
광진구 중곡제1동,8645,8945,-300
광진구 중곡제2동,11622,14280,-2658
광진구 중곡제3동,9893,11502,-1609
광진구 중곡제4동,8386,11610,-3224
광진구 화양동,24437,24254,183
구로구 가리봉동,21318,14171,7147
구로구 개봉제1동,46273,43707,2566
구로구 개봉제2동,29616,27979,1637
구로구 개봉제3동,7110,14245,-7135
구로구 고척제1동,23303,28489,-5186
구로구 고척제2동,17138,26326,-9188
구로구 구로제1동,16527,12699,3828
구로구 구로제2동,49487,43386,6101
구로구 구로제3동,107504,52452,55052
구로구 구로제4동,30111,24664,5447
구로구 구로제5동,46001,39876,6125
구로구 수궁동,37945,32409,5536
구로구 신도림동,41712,44972,-3260
구로구 오류제1동,15679,19919,-4240
구로구 오류제2동,19958,18089,1869
구로구 항동,3253,8362,-5109
금천구 가산동,108576,60443,48133
금천구 독산제1동,63158,71168,-8010
금천구 독산제2동,17450,23698,-6248
금천구 독산제3동,26805,32798,-5993
금천구 독산제4동,21213,12462,8751
금천구 미성동,158,468,-310
금천구 시흥제1동,50432,66537,-16105
금천구 시흥제2동,12313,21197,-8884
금천구 시흥제3동,20034,16287,3747
금천구 시흥제4동,8682,10082,-1400
금천구 시흥제5동,21470,24314,-2844
노원구 공릉1동,23980,25106,-1126
노원구 공릉2동,26523,26557,-34
노원구 상계10동,14916,8777,6139
노원구 상계1동,19176,19888,-712
노원구 상계2동,23678,24957,-1279
노원구 상계3.4동,4143,6071,-1928
노원구 상계5동,16324,15407,917
노원구 상계6.7동,28435,24089,4346
노원구 상계8동,6122,7494,-1372
노원구 상계9동,8993,10939,-1946
노원구 월계1동,55073,36928,18145
노원구 월계2동,11766,16484,-4718
노원구 월계3동,17065,16848,217
노원구 중계1동,12626,17699,-5073
노원구 중계2.3동,21199,18826,2373
노원구 중계4동,13471,12403,1068
노원구 중계본동,16232,18312,-2080
노원구 하계1동,23130,18768,4362
노원구 하계2동,15925,14154,1771
도봉구 도봉제1동,21195,15605,5590
도봉구 도봉제2동,20564,19186,1378
도봉구 방학제1동,22585,26300,-3715
도봉구 방학제2동,7150,13642,-6492
도봉구 방학제3동,11484,16688,-5204
도봉구 쌍문제1동,12668,19633,-6965
도봉구 쌍문제2동,15359,20888,-5529
도봉구 쌍문제3동,14942,14857,85
도봉구 쌍문제4동,12600,15174,-2574
도봉구 창제1동,47558,24968,22590
도봉구 창제2동,10354,19560,-9206
도봉구 창제3동,11328,16535,-5207
도봉구 창제4동,31017,25977,5040
도봉구 창제5동,23471,23901,-430
동대문구 답십리제1동,24353,28192,-3839
동대문구 답십리제2동,26902,26132,770
동대문구 면목제5동,566,82,484
동대문구 용신동,97115,68140,28975
동대문구 이문제1동,13390,16321,-2931
동대문구 이문제2동,9418,8348,1070
동대문구 장안제1동,53038,38675,14363
동대문구 장안제2동,28231,37351,-9120
동대문구 전농제1동,27203,40480,-13277
동대문구 전농제2동,19021,22147,-3126
동대문구 제기동,49280,36253,13027
동대문구 청량리동,62195,47558,14637
동대문구 회기동,11664,11746,-82
동대문구 휘경제1동,30175,27344,2831
동대문구 휘경제2동,21174,24146,-2972
동작구 노량진제1동,84374,66925,17449
동작구 노량진제2동,41952,24035,17917
동작구 대방동,62723,65296,-2573
동작구 사당제1동,21648,24858,-3210
동작구 사당제2동,44006,34210,9796
동작구 사당제3동,8505,15260,-6755
동작구 사당제4동,2032,2493,-461
동작구 사당제5동,10086,13889,-3803
동작구 상도제1동,65884,69080,-3196
동작구 상도제2동,27017,34711,-7694
동작구 상도제3동,16142,26312,-10170
동작구 상도제4동,12446,25173,-12727
동작구 신대방제1동,10336,14071,-3735
동작구 신대방제2동,42877,38505,4372
동작구 흑석동,36491,38928,-2437
마포구 공덕동,22219,25971,-3752
마포구 대흥동,31266,28964,2302
마포구 도화동,14335,16689,-2354
마포구 망원제1동,12628,16828,-4200
마포구 망원제2동,10839,13780,-2941
마포구 상암동,101056,64426,36630
마포구 서강동,12857,24296,-11439
마포구 서교동,139241,122819,16422
마포구 성산제1동,20563,20108,455
마포구 성산제2동,25970,34700,-8730
마포구 신수동,6291,9787,-3496
마포구 아현동,33016,34035,-1019
마포구 연남동,10702,12507,-1805
마포구 염리동,4686,6527,-1841
마포구 용강동,22237,27365,-5128
마포구 합정동,20495,29812,-9317
서대문구 남가좌제1동,15409,17076,-1667
서대문구 남가좌제2동,19155,29940,-10785
서대문구 북가좌제1동,6761,13265,-6504
서대문구 북가좌제2동,18411,25827,-7416
서대문구 북아현동,19097,23373,-4276
서대문구 신촌동,117079,87487,29592
서대문구 연희동,69995,78917,-8922
서대문구 천연동,29050,28810,240
서대문구 충현동,71160,46635,24525
서대문구 홍은제1동,19425,26807,-7382
서대문구 홍은제2동,31952,40306,-8354
서대문구 홍제제1동,37404,30811,6593
서대문구 홍제제2동,18182,27893,-9711
서대문구 홍제제3동,20830,18708,2122
서초구 내곡동,38340,18156,20184
서초구 반포1동,31771,29398,2373
서초구 반포2동,11082,11029,53
서초구 반포3동,35202,29008,6194
서초구 반포4동,38897,34218,4679
서초구 반포본동,13419,14332,-913
서초구 방배1동,25397,31495,-6098
서초구 방배2동,24426,27008,-2582
서초구 방배3동,20476,19343,1133
서초구 방배4동,22181,24462,-2281
서초구 방배본동,20011,16105,3906
서초구 서초1동,29582,22512,7070
서초구 서초2동,54618,48560,6058
서초구 서초3동,63734,44165,19569
서초구 서초4동,37353,47743,-10390
서초구 양재1동,105013,101600,3413
서초구 양재2동,60839,37046,23793
서초구 잠원동,28656,34308,-5652
성동구 금호1가동,9204,13835,-4631
성동구 금호2.3가동,18793,19130,-337
성동구 금호4가동,9486,13069,-3583
성동구 마장동,17967,15900,2067
성동구 사근동,10678,8949,1729
성동구 성수1가제1동,14269,11137,3132
성동구 성수1가제2동,12062,8407,3655
성동구 성수2가제1동,8703,8168,535
성동구 성수2가제3동,16316,9446,6870
성동구 송정동,8979,5293,3686
성동구 옥수동,22682,22691,-9
성동구 왕십리도선동,21814,16205,5609
성동구 왕십리제2동,11138,20729,-9591
성동구 용답동,17964,14155,3809
성동구 응봉동,5860,14136,-8276
성동구 행당제1동,27672,22903,4769
성동구 행당제2동,15314,16848,-1534
성북구 길음제1동,31667,35940,-4273
성북구 길음제2동,23255,26410,-3155
성북구 돈암제1동,33739,28462,5277
성북구 돈암제2동,7454,12415,-4961
성북구 동선동,42013,42977,-964
성북구 보문동,14799,15824,-1025
성북구 삼선동,51027,52177,-1150
성북구 석관동,14271,18734,-4463
성북구 성북동,32092,32325,-233
성북구 안암동,20195,16554,3641
성북구 월곡제1동,23743,29450,-5707
성북구 월곡제2동,18325,12288,6037
성북구 장위제1동,11930,22745,-10815
성북구 장위제2동,17459,16349,1110
성북구 장위제3동,8534,12113,-3579
성북구 정릉제1동,16143,21946,-5803
성북구 정릉제2동,19269,32003,-12734
성북구 정릉제3동,12789,10657,2132
성북구 정릉제4동,24819,27727,-2908
성북구 종암동,37161,43834,-6673
송파구 가락1동,6014,7523,-1509
송파구 가락2동,21390,25637,-4247
송파구 가락본동,30411,24097,6314
송파구 거여1동,5901,7490,-1589
송파구 거여2동,1754,1795,-41
송파구 마천1동,5350,6270,-920
송파구 마천2동,12660,16041,-3381
송파구 문정1동,8620,10440,-1820
송파구 문정2동,47730,33948,13782
송파구 방이1동,10888,12169,-1281
송파구 방이2동,22688,23134,-446
송파구 삼전동,17584,23405,-5821
송파구 석촌동,28124,38535,-10411
송파구 송파1동,19871,26513,-6642
송파구 송파2동,7693,8972,-1279
송파구 오금동,27023,25454,1569
송파구 오륜동,12042,11898,144
송파구 위례동,15587,22097,-6510
송파구 잠실2동,5030,12100,-7070
송파구 잠실3동,72493,44165,28328
송파구 잠실4동,1106,1601,-495
송파구 잠실6동,31465,22288,9177
송파구 잠실7동,13435,8849,4586
송파구 잠실본동,30776,36072,-5296
송파구 장지동,17327,13845,3482
송파구 풍납1동,6931,6474,457
송파구 풍납2동,17825,14555,3270
양천구 목1동,70817,40610,30207
양천구 목2동,36531,35622,909
양천구 목3동,27485,28324,-839
양천구 목4동,16539,31071,-14532
양천구 목5동,28525,30753,-2228
양천구 신월1동,7541,6538,1003
양천구 신월2동,8061,15110,-7049
양천구 신월3동,8533,9697,-1164
양천구 신월4동,8772,17963,-9191
양천구 신월5동,8416,13210,-4794
양천구 신월6동,7879,7601,278
양천구 신월7동,12313,21341,-9028
양천구 신정1동,13783,15555,-1772
양천구 신정2동,7726,7406,320
양천구 신정3동,40375,40684,-309
양천구 신정4동,51579,32614,18965
양천구 신정6동,9814,8199,1615
양천구 신정7동,12791,14960,-2169
영등포구 당산제1동,26394,17059,9335
영등포구 당산제2동,51436,42530,8906
영등포구 대림제1동,11923,15960,-4037
영등포구 대림제2동,9182,9265,-83
영등포구 대림제3동,19383,19217,166
영등포구 도림동,10387,19555,-9168
영등포구 문래동,49353,34345,15008
영등포구 신길제1동,10700,14935,-4235
영등포구 신길제3동,13609,22117,-8508
영등포구 신길제4동,4038,7320,-3282
영등포구 신길제5동,16170,16074,96
영등포구 신길제6동,17863,23649,-5786
영등포구 신길제7동,16023,25288,-9265
영등포구 양평제1동,19870,11103,8767
영등포구 양평제2동,34144,20300,13844
영등포구 여의동,178315,87159,91156
영등포구 영등포동,95618,92749,2869
영등포구 영등포본동,28274,30191,-1917
용산구 남영동,48649,50546,-1897
용산구 보광동,9218,10190,-972
용산구 서빙고동,13283,15900,-2617
용산구 용문동,5246,7269,-2023
용산구 용산2가동,13827,21465,-7638
용산구 원효로제1동,21081,22397,-1316
용산구 원효로제2동,16973,13847,3126
용산구 이촌제1동,14134,16498,-2364
용산구 이촌제2동,4053,5547,-1494
용산구 이태원제1동,17132,19359,-2227
용산구 이태원제2동,8851,11227,-2376
용산구 청파동,17109,24630,-7521
용산구 필동,2203,1001,1202
용산구 한강로동,76101,64323,11778
용산구 한남동,72075,65079,6996
용산구 효창동,7703,11610,-3907
용산구 후암동,12137,16958,-4821
은평구 갈현제1동,9147,17393,-8246
은평구 갈현제2동,22445,23274,-829
은평구 구산동,13756,13786,-30
은평구 녹번동,43432,31837,11595
은평구 대조동,43967,42634,1333
은평구 불광제1동,39941,33502,6439
은평구 불광제2동,20458,30652,-10194
은평구 수색동,14231,16095,-1864
은평구 신사제1동,20587,25591,-5004
은평구 신사제2동,22500,20959,1541
은평구 역촌동,26851,25093,1758
은평구 응암제1동,24898,39197,-14299
은평구 응암제2동,8866,15278,-6412
은평구 응암제3동,15916,22810,-6894
은평구 증산동,30127,24134,5993
은평구 진관동,44707,47783,-3076
종로구 가회동,3712,5167,-1455
종로구 교남동,12093,8491,3602
종로구 무악동,6676,7531,-855
종로구 부암동,19119,17504,1615
종로구 사직동,96139,57557,38582
종로구 삼청동,12654,5925,6729
종로구 숭인제1동,1577,3066,-1489
종로구 숭인제2동,17868,14704,3164
종로구 이화동,31449,30385,1064
종로구 종로1.2.3.4가동,207895,117251,90644
종로구 종로5.6가동,39257,16357,22900
종로구 창신제1동,22437,13818,8619
종로구 창신제2동,5288,6552,-1264
종로구 창신제3동,4385,5690,-1305
종로구 청운효자동,17397,13926,3471
종로구 충현동,5235,3016,2219
종로구 평창동,20049,18098,1951
종로구 혜화동,32283,35037,-2754
중구 광희동,31106,22441,8665
중구 다산동,7595,10774,-3179
중구 동화동,2042,2620,-578
중구 명동,63238,38188,25050
중구 소공동,100978,38548,62430
중구 신당동,7108,6598,510
중구 신당제5동,18384,11611,6773
중구 약수동,6851,7853,-1002
중구 을지로동,12466,7772,4694
중구 장충동,10307,5905,4402
중구 중림동,16709,10065,6644
중구 청구동,7603,6819,784
중구 필동,8856,5652,3204
중구 황학동,7998,9269,-1271
중구 회현동,77563,63944,13619
중랑구 망우본동,32271,30842,1429
중랑구 망우제3동,7494,11130,-3636
중랑구 면목본동,34186,32026,2160
중랑구 면목제2동,8204,12427,-4223
중랑구 면목제3.8동,24918,27005,-2087
중랑구 면목제4동,10908,12563,-1655
중랑구 면목제5동,8380,10613,-2233
중랑구 면목제7동,6579,11122,-4543
중랑구 묵제1동,16450,19400,-2950
중랑구 묵제2동,5077,5674,-597
중랑구 상봉제1동,14596,16190,-1594
중랑구 상봉제2동,34809,35724,-915
중랑구 신내1동,21392,34009,-12617
중랑구 신내2동,29212,22027,7185
중랑구 중화제1동,8182,15452,-7270
중랑구 중화제2동,23455,22579,876
NA,589840,672084,-82244
