ID,insum,outsum,diff
100000001,680,1197,-517
100000002,4634,1922,2712
100000003,6534,4307,2227
100000004,1535,1212,323
100000005,2571,4964,-2393
100000006,575,198,377
100000007,2075,895,1180
100000008,205,724,-519
100000009,528,617,-89
100000010,72,108,-36
100000011,1266,152,1114
100000012,140,852,-712
100000013,53,253,-200
100000014,359,333,26
100000015,2092,2271,-179
100000016,1121,1597,-476
100000017,680,897,-217
100000018,1389,674,715
100000019,4712,2068,2644
100000020,2306,6286,-3980
100000021,5873,2763,3110
100000022,2180,2498,-318
100000023,5543,1911,3632
100000025,2140,1474,666
100000028,2456,1280,1176
100000029,304,346,-42
100000030,380,103,277
100000031,5529,6726,-1197
100000032,2879,4000,-1121
100000033,996,2332,-1336
100000034,548,585,-37
100000035,2134,1920,214
100000036,2665,1577,1088
100000037,860,516,344
100000038,2128,1111,1017
100000039,755,221,534
100000040,171,159,12
100000041,1529,577,952
100000042,2067,679,1388
100000043,1114,459,655
100000044,406,963,-557
100000045,649,2196,-1547
100000046,1219,1077,142
100000047,367,662,-295
100000048,485,614,-129
100000049,1818,2102,-284
100000051,586,1177,-591
100000053,324,8,316
100000054,636,51,585
100000055,2069,331,1738
100000056,639,547,92
100000057,2092,798,1294
100000058,1204,1347,-143
100000059,13,163,-150
100000060,380,363,17
100000061,2646,546,2100
100000062,2138,621,1517
100000063,953,257,696
100000064,1586,338,1248
100000065,550,876,-326
100000066,260,660,-400
100000067,586,826,-240
100000068,621,1849,-1228
100000069,327,1527,-1200
100000072,374,968,-594
100000073,1158,1247,-89
100000075,790,282,508
100000076,2781,3049,-268
100000077,422,207,215
100000078,50,43,7
100000079,57,63,-6
100000080,44,79,-35
100000081,204,226,-22
100000102,3053,2281,772
100000103,4295,1811,2484
100000104,5503,3170,2333
100000105,3792,1897,1895
100000106,3375,2572,803
100000107,986,1012,-26
100000108,1117,1221,-104
100000109,3615,1678,1937
100000116,1772,1313,459
100000117,98,149,-51
100000118,2037,1315,722
100000119,608,780,-172
100000121,243,496,-253
100000122,1109,1059,50
100000123,3173,4817,-1644
100000124,7503,8146,-643
100000125,4379,1568,2811
100000126,916,390,526
100000127,1652,427,1225
100000128,2451,2343,108
100000129,431,443,-12
100000130,478,559,-81
100000131,3072,2905,167
100000132,1574,3308,-1734
100000133,6344,2959,3385
100000135,696,1332,-636
100000139,528,345,183
100000140,518,373,145
100000142,490,662,-172
100000143,1636,704,932
100000144,3498,926,2572
100000147,1327,3104,-1777
100000150,67,443,-376
100000151,1535,1181,354
100000153,288,508,-220
100000154,103,267,-164
100000155,31,56,-25
100000156,583,466,117
100000157,123,118,5
100000158,333,104,229
100000159,405,617,-212
100000165,1861,1029,832
100000169,497,471,26
100000174,865,533,332
100000179,117,557,-440
100000180,2285,1466,819
100000181,630,260,370
100000188,73,255,-182
100000189,982,364,618
100000190,1020,882,138
100000191,769,585,184
100000192,106,120,-14
100000193,333,171,162
100000330,1735,1067,668
100000355,345,594,-249
100000362,6007,4034,1973
100000363,4672,5185,-513
100000364,352,342,10
100000365,6407,7342,-935
100000366,7911,3594,4317
100000367,6267,6566,-299
100000368,3595,1985,1610
100000369,1602,2217,-615
100000370,250,832,-582
100000376,86,181,-95
100000379,2854,1911,943
100000380,5896,4707,1189
100000384,7471,5877,1594
100000385,6030,5416,614
100000386,11001,5758,5243
100000387,6964,6618,346
100000388,10014,7591,2423
100000389,9738,7637,2101
100000390,12191,7594,4597
100000391,8669,9606,-937
100000392,4728,4456,272
100000393,3803,5561,-1758
100000394,10241,10284,-43
100000395,7447,4499,2948
100000396,9257,4390,4867
100000397,6323,6821,-498
100000398,12647,9442,3205
100000413,1,2,-1
100900002,8,45,-37
100900003,394,216,178
100900004,39,800,-761
100900005,176,28,148
100900006,20,132,-112
100900007,579,8,571
100900008,4,338,-334
100900009,123,199,-76
100900010,84,75,9
100900011,156,210,-54
100900012,2,215,-213
100900013,936,24,912
100900014,4,13,-9
100900015,134,129,5
100900016,5,68,-63
100900017,930,98,832
100900018,1,17,-16
100900019,38,128,-90
100900020,370,5,365
100900021,512,1,511
100900022,17,36,-19
100900023,0,39,-39
100900024,931,7,924
100900025,26,35,-9
100900026,81,116,-35
100900027,655,2941,-2286
100900028,187,237,-50
100900029,79,20,59
100900030,4,65,-61
100900031,715,70,645
100900032,218,3,215
100900033,248,213,35
100900034,564,6,558
100900035,639,3,636
100900036,23,2,21
100900037,111,189,-78
100900038,124,61,63
100900039,296,508,-212
100900040,484,813,-329
100900041,795,663,132
100900042,1782,782,1000
100900043,1,11,-10
100900044,2345,536,1809
100900045,32,2,30
100900046,1267,17,1250
100900047,945,235,710
100900048,267,41,226
100900049,114,186,-72
100900050,4,14,-10
100900051,37,113,-76
100900052,640,70,570
100900053,462,23,439
100900054,11,73,-62
100900055,343,713,-370
100900056,233,306,-73
100900057,954,1375,-421
100900058,314,67,247
100900059,183,4,179
100900060,218,12,206
100900061,425,271,154
100900062,3,46,-43
100900063,231,736,-505
100900064,811,38,773
100900065,95,123,-28
100900066,133,241,-108
100900067,8,18,-10
100900068,147,94,53
100900069,483,39,444
100900070,418,5,413
100900071,895,364,531
100900072,0,66,-66
100900073,199,464,-265
100900074,11,6,5
100900075,1948,390,1558
100900076,30,51,-21
100900077,50,134,-84
100900078,108,381,-273
100900079,6,28,-22
100900080,31,185,-154
100900081,38,178,-140
100900082,126,512,-386
100900083,17,32,-15
100900085,27,292,-265
100900086,205,875,-670
100900088,146,559,-413
100900089,2,23,-21
100900090,159,452,-293
100900091,6,50,-44
100900092,364,208,156
100900093,303,301,2
100900094,199,543,-344
100900095,15,29,-14
100900096,34,142,-108
100900097,1,4,-3
100900098,13,15,-2
100900099,41,629,-588
100900100,31,560,-529
100900101,411,75,336
100900102,122,171,-49
100900103,8,19,-11
100900104,8,165,-157
100900105,27,570,-543
100900106,65,12,53
100900107,2043,949,1094
100900108,22,48,-26
100900109,16,50,-34
100900110,5,29,-24
100900111,49,185,-136
100900112,0,11,-11
100900113,21,26,-5
100900114,16,18,-2
100900115,6,46,-40
100900116,927,808,119
100900117,328,863,-535
100900118,117,145,-28
100900119,10,19,-9
100900120,15,5,10
100900121,387,711,-324
100900122,166,224,-58
100900123,53,219,-166
100900124,11,3,8
100900125,19,92,-73
100900126,169,259,-90
100900127,10,5,5
100900128,88,172,-84
100900129,0,158,-158
100900131,77,318,-241
100900133,64,49,15
100900134,13,4,9
100900135,1,158,-157
100900137,403,257,146
100900138,627,668,-41
100900139,10,5,5
100900140,5,525,-520
100900141,9,503,-494
100900142,2,13,-11
100900143,975,499,476
100900144,16,15,1
100900145,112,253,-141
100900146,6,68,-62
100900147,15,325,-310
100900148,37,654,-617
100900149,55,222,-167
100900150,12,43,-31
100900151,142,602,-460
100900152,104,6,98
100900153,6,164,-158
100900154,91,149,-58
100900155,14,23,-9
100900156,31,9,22
100900157,11,221,-210
100900159,50,74,-24
100900160,26,11,15
100900161,95,5,90
100900162,25,539,-514
100900163,219,254,-35
100900164,57,47,10
100900165,15,51,-36
100900166,27,7,20
100900167,25,109,-84
100900168,35,169,-134
100900169,176,931,-755
100900170,19,6,13
100900171,17,521,-504
100900172,0,17,-17
100900173,13,396,-383
100900174,742,68,674
100900176,1471,228,1243
100900177,676,313,363
100900178,377,137,240
100900179,267,508,-241
100900180,14,4,10
100900181,105,64,41
100900182,53,63,-10
100900184,13,156,-143
100900186,690,531,159
100900187,19,117,-98
100900188,49,10,39
100900189,1071,271,800
100900191,1305,1373,-68
100900192,274,371,-97
100900195,156,168,-12
100900197,21,80,-59
100900198,34,217,-183
100900199,7,21,-14
100900200,658,448,210
100900201,61,814,-753
100900202,63,0,63
100900203,0,80,-80
100900204,471,547,-76
100900205,225,616,-391
100900206,178,101,77
100900207,287,172,115
100900210,66,528,-462
100900211,553,190,363
100900213,110,64,46
100900214,801,166,635
100900215,36,68,-32
100900217,219,121,98
101000001,4358,2806,1552
101000002,6366,6079,287
101000003,752,1843,-1091
101000004,10118,7996,2122
101000005,4508,5268,-760
101000006,8601,7485,1116
101000007,3495,4028,-533
101000008,3850,3215,635
101000009,2109,1547,562
101000010,1002,1357,-355
101000011,1890,801,1089
101000012,1840,967,873
101000013,649,1244,-595
101000014,595,816,-221
101000015,1258,923,335
101000016,474,536,-62
101000017,732,532,200
101000018,4455,2956,1499
101000020,3566,1351,2215
101000021,1009,452,557
101000022,364,135,229
101000023,1840,779,1061
101000025,275,381,-106
101000026,346,25,321
101000027,2164,2422,-258
101000028,1087,282,805
101000029,474,2090,-1616
101000030,2200,147,2053
101000031,1260,942,318
101000032,10379,5467,4912
101000033,2944,3622,-678
101000034,2762,1813,949
101000035,1089,565,524
101000036,2133,1069,1064
101000037,3980,1990,1990
101000039,3466,2639,827
101000040,4571,3987,584
101000041,14030,9401,4629
101000042,836,1600,-764
101000043,10254,8782,1472
101000045,2225,1145,1080
101000046,4739,1843,2896
101000047,2984,3976,-992
101000048,1029,908,121
101000049,1120,2047,-927
101000050,3410,3222,188
101000051,2740,3355,-615
101000052,1864,1242,622
101000053,1660,2128,-468
101000054,2543,1693,850
101000055,1708,1563,145
101000056,58,112,-54
101000057,2740,1129,1611
101000058,1681,1518,163
101000059,3051,2433,618
101000060,2120,625,1495
101000061,1105,1552,-447
101000062,1058,744,314
101000063,678,971,-293
101000064,1547,1155,392
101000065,428,409,19
101000066,1329,1036,293
101000067,1718,1175,543
101000068,434,533,-99
101000069,411,152,259
101000070,1698,1202,496
101000071,2043,963,1080
101000072,1026,3393,-2367
101000073,1101,1142,-41
101000074,7424,4094,3330
101000075,6309,5281,1028
101000077,1638,1356,282
101000078,1186,2459,-1273
101000079,751,395,356
101000080,707,529,178
101000081,2185,1672,513
101000082,3985,3617,368
101000083,3021,2529,492
101000084,1518,1029,489
101000085,1837,1490,347
101000086,1258,1190,68
101000087,1049,1146,-97
101000088,1355,1411,-56
101000089,1150,1749,-599
101000090,2359,1454,905
101000091,381,940,-559
101000092,880,1183,-303
101000093,1720,1007,713
101000094,1123,1191,-68
101000095,478,749,-271
101000096,403,621,-218
101000097,615,460,155
101000098,600,648,-48
101000099,1379,1195,184
101000100,1067,909,158
101000101,403,532,-129
101000102,1171,500,671
101000103,1086,590,496
101000104,492,712,-220
101000105,674,379,295
101000106,965,582,383
101000107,266,323,-57
101000108,958,371,587
101000109,391,75,316
101000110,34,487,-453
101000111,183,274,-91
101000113,240,779,-539
101000114,9767,6937,2830
101000115,149,175,-26
101000116,167,149,18
101000117,1646,377,1269
101000119,93,61,32
101000120,196,64,132
101000121,81,73,8
101000122,162,101,61
101000123,104,111,-7
101000124,654,241,413
101000125,273,499,-226
101000128,640,433,207
101000130,323,389,-66
101000131,744,623,121
101000132,682,1081,-399
101000135,59,46,13
101000136,587,186,401
101000137,54,394,-340
101000141,1938,3510,-1572
101000147,999,545,454
101000148,1263,53,1210
101000149,186,291,-105
101000150,103,717,-614
101000151,211,71,140
101000152,293,308,-15
101000153,578,416,162
101000154,244,1194,-950
101000155,312,172,140
101000156,56,323,-267
101000157,62,66,-4
101000160,138,73,65
101000163,380,346,34
101000164,519,391,128
101000165,329,449,-120
101000166,421,460,-39
101000168,940,462,478
101000252,2094,1068,1026
101000254,582,90,492
101000258,40,13,27
101000261,152,36,116
101000262,1449,2123,-674
101000263,558,1492,-934
101000265,101,820,-719
101000266,423,388,35
101000269,55,10,45
101000290,1744,2737,-993
101000293,44,69,-25
101000294,856,577,279
101000295,164,583,-419
101000301,993,597,396
101000304,2287,2814,-527
101000305,3505,1762,1743
101000328,120,434,-314
101900001,25,61,-36
101900002,0,21,-21
101900003,79,110,-31
101900004,9,102,-93
101900005,4393,2368,2025
101900006,1184,97,1087
101900007,973,292,681
101900008,98,468,-370
101900009,43,634,-591
101900010,1128,807,321
101900011,352,1500,-1148
101900012,306,424,-118
101900013,1312,216,1096
101900017,21,186,-165
101900018,1489,289,1200
101900019,327,165,162
101900020,121,107,14
101900021,2,67,-65
101900022,142,1167,-1025
101900023,136,233,-97
101900026,117,56,61
101900027,27,111,-84
102000001,2761,4738,-1977
102000002,2848,1241,1607
102000003,4193,8320,-4127
102000004,8678,3655,5023
102000005,1409,2253,-844
102000006,1442,2337,-895
102000007,1849,4749,-2900
102000008,5022,1828,3194
102000009,6441,8322,-1881
102000010,5870,3663,2207
102000011,3635,3050,585
102000012,3809,3627,182
102000018,3330,3010,320
102000019,2533,1942,591
102000026,268,674,-406
102000029,318,267,51
102000030,135,395,-260
102000031,74,174,-100
102000032,502,306,196
102000033,286,431,-145
102000034,503,444,59
102000035,1181,878,303
102000036,14,236,-222
102000037,176,54,122
102000038,251,367,-116
102000039,279,96,183
102000040,584,305,279
102000041,255,393,-138
102000042,326,311,15
102000043,466,220,246
102000044,367,433,-66
102000045,782,1027,-245
102000046,1152,704,448
102000047,905,1194,-289
102000048,395,843,-448
102000049,1213,846,367
102000050,1343,1516,-173
102000051,465,810,-345
102000052,1455,936,519
102000053,980,1145,-165
102000054,588,1133,-545
102000055,1211,806,405
102000056,880,1168,-288
102000057,1478,669,809
102000058,1295,1666,-371
102000059,1822,1711,111
102000060,1364,1110,254
102000061,1752,2324,-572
102000062,1857,1177,680
102000063,1297,1558,-261
102000064,619,786,-167
102000065,71,132,-61
102000066,819,1041,-222
102000067,2690,3156,-466
102000068,9353,3001,6352
102000069,77,1595,-1518
102000070,1866,53,1813
102000071,7400,9191,-1791
102000072,3689,4146,-457
102000073,1663,1244,419
102000074,852,1145,-293
102000075,164,309,-145
102000076,195,579,-384
102000077,722,1001,-279
102000078,733,904,-171
102000079,134,218,-84
102000080,249,248,1
102000081,381,771,-390
102000082,799,356,443
102000083,568,361,207
102000084,344,324,20
102000085,1867,1077,790
102000086,1150,1353,-203
102000087,1055,1806,-751
102000088,455,341,114
102000089,1311,492,819
102000090,730,1235,-505
102000091,1580,630,950
102000092,377,821,-444
102000093,520,661,-141
102000094,1260,779,481
102000095,1374,1604,-230
102000096,982,996,-14
102000097,1217,1254,-37
102000098,778,918,-140
102000099,1148,1017,131
102000100,946,1426,-480
102000101,1549,910,639
102000102,590,1530,-940
102000103,1629,511,1118
102000104,768,409,359
102000105,269,686,-417
102000106,919,771,148
102000107,1281,618,663
102000108,606,208,398
102000109,492,630,-138
102000110,1114,1428,-314
102000111,25,262,-237
102000112,159,115,44
102000113,13,34,-21
102000114,823,386,437
102000115,237,295,-58
102000116,509,444,65
102000117,299,612,-313
102000118,1561,1265,296
102000119,2186,889,1297
102000120,265,502,-237
102000121,1117,587,530
102000122,836,1068,-232
102000123,1388,1353,35
102000124,1802,1255,547
102000125,979,1195,-216
102000126,849,788,61
102000127,1505,871,634
102000128,906,1188,-282
102000129,1540,910,630
102000130,846,866,-20
102000131,2770,1067,1703
102000132,1022,1337,-315
102000133,1887,1890,-3
102000134,745,802,-57
102000135,762,908,-146
102000136,979,617,362
102000137,1049,991,58
102000138,310,462,-152
102000139,190,465,-275
102000140,349,380,-31
102000141,418,718,-300
102000142,370,377,-7
102000143,212,441,-229
102000144,319,431,-112
102000145,444,563,-119
102000146,365,373,-8
102000147,630,509,121
102000148,273,468,-195
102000149,158,492,-334
102000150,508,122,386
102000151,111,329,-218
102000152,208,163,45
102000153,1345,607,738
102000154,394,787,-393
102000155,161,363,-202
102000156,399,159,240
102000157,203,434,-231
102000158,628,665,-37
102000159,1176,524,652
102000161,4391,2511,1880
102000162,250,190,60
102000163,148,659,-511
102000164,1308,1314,-6
102000165,302,185,117
102000166,56,196,-140
102000167,287,290,-3
102000168,369,203,166
102000169,195,455,-260
102000170,622,249,373
102000171,492,366,126
102000172,531,559,-28
102000173,526,338,188
102000174,61,89,-28
102000175,145,94,51
102000176,63,31,32
102000178,238,528,-290
102000179,350,246,104
102000180,832,505,327
102000181,773,618,155
102000182,558,603,-45
102000183,1664,1982,-318
102000184,2137,921,1216
102000185,2752,1458,1294
102000186,1401,2220,-819
102000187,795,1783,-988
102000188,964,1444,-480
102000189,2581,893,1688
102000190,748,2824,-2076
102000191,1482,587,895
102000192,1181,1433,-252
102000193,54,161,-107
102000194,70,177,-107
102000195,406,494,-88
102000196,200,431,-231
102000197,721,452,269
102000198,234,842,-608
102000199,1140,345,795
102000200,391,1081,-690
102000201,1044,504,540
102000202,6,136,-130
102000203,424,261,163
102000204,421,739,-318
102000205,1159,438,721
102000206,770,712,58
102000207,764,521,243
102000208,412,519,-107
102000209,64,63,1
102000210,482,534,-52
102000211,587,315,272
102000212,285,23,262
102000213,5,353,-348
102000214,289,18,271
102000215,14,388,-374
102000216,46,54,-8
102000217,5,147,-142
102000218,320,195,125
102000219,473,355,118
102000225,806,684,122
102000226,5215,1259,3956
102000227,229,1,228
102000228,1,116,-115
102000229,29,64,-35
102000230,256,526,-270
102000231,395,489,-94
102000232,30,182,-152
102000233,473,807,-334
102000234,109,1148,-1039
102000236,317,99,218
102000237,492,170,322
102000238,189,284,-95
102000240,689,724,-35
102000241,218,105,113
102000243,17,93,-76
102000245,15,202,-187
102000246,13,35,-22
102000247,1633,1306,327
102000248,888,1268,-380
102000249,240,139,101
102000250,81,400,-319
102000254,97,286,-189
102000266,41,313,-272
102000271,33,0,33
102000286,512,521,-9
102000297,2198,1114,1084
102000299,0,0,0
102000301,0,0,0
102000305,0,0,0
102000307,0,4,-4
102900001,1438,901,537
102900002,431,51,380
102900003,82,265,-183
102900005,412,341,71
102900006,572,176,396
102900007,542,29,513
102900008,269,61,208
102900009,821,318,503
102900010,622,574,48
102900011,2117,410,1707
102900012,357,106,251
102900013,23,104,-81
102900015,802,612,190
102900016,50,115,-65
102900017,164,664,-500
102900018,43,138,-95
102900019,598,471,127
102900020,185,38,147
102900021,34,107,-73
102900022,834,237,597
102900023,45,58,-13
102900024,44,50,-6
102900025,278,135,143
102900026,542,1954,-1412
102900027,94,91,3
102900028,144,764,-620
102900029,232,226,6
102900030,380,326,54
102900031,219,177,42
102900032,125,122,3
102900033,112,201,-89
102900034,548,91,457
102900035,171,379,-208
102900036,368,556,-188
102900037,298,521,-223
102900038,508,619,-111
102900039,38,564,-526
102900040,137,286,-149
102900041,104,201,-97
102900042,219,289,-70
102900043,263,264,-1
102900044,629,2030,-1401
102900045,139,657,-518
102900046,140,294,-154
102900047,138,713,-575
102900048,637,696,-59
102900049,116,376,-260
102900050,251,412,-161
102900051,242,243,-1
102900052,70,69,1
102900053,462,711,-249
102900054,866,1211,-345
102900055,136,218,-82
102900056,159,561,-402
102900057,12,70,-58
102900058,331,76,255
102900059,25,50,-25
102900060,170,490,-320
102900061,217,462,-245
102900062,297,980,-683
102900063,1254,499,755
102900064,147,368,-221
102900065,1574,738,836
102900066,389,32,357
102900068,150,92,58
102900070,301,584,-283
102900072,15,57,-42
102900073,179,10,169
102900075,21,68,-47
102900076,207,144,63
102900077,73,57,16
102900078,34,76,-42
102900079,193,16,177
102900080,374,59,315
102900081,96,328,-232
102900082,13,219,-206
102900083,275,20,255
102900084,10,23,-13
102900085,397,186,211
102900086,28,64,-36
102900087,133,122,11
102900088,26,23,3
102900089,361,134,227
102900090,1,407,-406
102900091,176,2,174
102900092,404,886,-482
102900093,307,302,5
102900094,23,112,-89
102900095,110,3,107
102900096,104,23,81
102900097,12,142,-130
102900098,39,14,25
103000001,2748,2872,-124
103000002,2336,2765,-429
103000003,4210,3292,918
103000004,1020,882,138
103000005,1872,2949,-1077
103000006,795,1689,-894
103000007,452,887,-435
103000008,1183,861,322
103000009,1260,1140,120
103000010,134,111,23
103000011,1925,1477,448
103000012,1465,1689,-224
103000013,4687,2401,2286
103000014,1628,2796,-1168
103000015,1920,796,1124
103000016,522,1441,-919
103000017,218,413,-195
103000018,743,417,326
103000019,265,296,-31
103000020,3297,1868,1429
103000021,2193,2180,13
103000022,959,1318,-359
103000023,725,1784,-1059
103000024,140,194,-54
103000025,91,629,-538
103000026,1420,174,1246
103000027,312,531,-219
103000028,381,455,-74
103000029,280,322,-42
103000030,1758,976,782
103000031,1424,1852,-428
103000032,2529,2072,457
103000033,3059,2877,182
103000034,1728,1374,354
103000035,543,1587,-1044
103000036,450,586,-136
103000037,810,608,202
103000038,640,1204,-564
103000039,494,438,56
103000040,535,1082,-547
103000041,1786,2529,-743
103000042,1426,678,748
103000043,638,974,-336
103000044,221,200,21
103000046,367,544,-177
103000047,660,681,-21
103000048,181,192,-11
103000049,107,205,-98
103000050,728,532,196
103000051,550,609,-59
103000052,922,410,512
103000053,199,715,-516
103000054,3084,1773,1311
103000055,2262,2654,-392
103000056,844,1705,-861
103000057,535,325,210
103000058,662,938,-276
103000059,440,940,-500
103000060,1041,783,258
103000061,506,1118,-612
103000062,1201,624,577
103000063,848,939,-91
103000064,169,227,-58
103000065,6,463,-457
103000066,228,8,220
103000069,371,507,-136
103000070,1189,926,263
103000071,1198,526,672
103000072,156,735,-579
103000073,660,116,544
103000074,648,105,543
103000075,162,731,-569
103000076,370,374,-4
103000077,42,410,-368
103000078,1062,636,426
103000079,902,608,294
103000080,1377,406,971
103000081,576,1078,-502
103000082,552,217,335
103000083,127,372,-245
103000084,190,21,169
103000085,0,126,-126
103000086,757,465,292
103000087,155,560,-405
103000088,350,343,7
103000089,260,410,-150
103000090,1970,869,1101
103000091,703,461,242
103000092,280,297,-17
103000093,362,400,-38
103000094,219,115,104
103000095,71,333,-262
103000096,684,105,579
103000097,91,817,-726
103000098,975,230,745
103000099,435,777,-342
103000100,151,832,-681
103000101,972,144,828
103000102,127,612,-485
103000103,704,198,506
103000104,60,116,-56
103000105,127,111,16
103000106,13,163,-150
103000107,289,69,220
103000108,651,690,-39
103000109,368,332,36
103000110,583,454,129
103000111,533,542,-9
103000112,419,220,199
103000113,1049,817,232
103000114,1590,631,959
103000115,522,542,-20
103000116,635,519,116
103000117,343,559,-216
103000118,955,830,125
103000119,1318,647,671
103000120,71,141,-70
103000121,279,724,-445
103000122,440,451,-11
103000125,26,295,-269
103000126,660,5,655
103000127,4,154,-150
103000128,213,2,211
103000129,3,115,-112
103000130,70,31,39
103000131,131,98,33
103000132,103,145,-42
103000133,22,103,-81
103000134,667,921,-254
103000135,617,333,284
103000136,825,517,308
103000137,632,704,-72
103000138,969,778,191
103000139,1,49,-48
103000140,143,39,104
103000141,49,155,-106
103000142,166,95,71
103000143,75,233,-158
103000144,238,79,159
103000145,40,81,-41
103000150,103,40,63
103000152,243,272,-29
103000153,244,165,79
103000156,8,357,-349
103000157,352,1,351
103000159,165,61,104
103000162,90,32,58
103000163,14,36,-22
103000164,23,12,11
103000165,135,330,-195
103000166,209,335,-126
103000167,176,97,79
103000168,77,232,-155
103000169,195,463,-268
103000170,728,450,278
103000171,54,92,-38
103000172,527,344,183
103000173,538,542,-4
103000174,172,352,-180
103000175,352,286,66
103000176,947,763,184
103000177,571,510,61
103000178,304,375,-71
103000179,181,54,127
103000183,100,13,87
103000185,100,68,32
103000186,121,198,-77
103000187,525,428,97
103000188,31,99,-68
103000189,1004,853,151
103000191,664,756,-92
103000292,1929,1617,312
103000293,1163,2320,-1157
103000295,114,125,-11
103000296,345,13,332
103000297,72,40,32
103000504,76,15,61
103000505,12,22,-10
103000506,2,289,-287
103000507,234,2,232
103000508,92,65,27
103000509,233,655,-422
103900001,4,263,-259
103900002,1478,268,1210
103900003,1799,192,1607
103900004,158,0,158
103900005,5,257,-252
103900006,5,0,5
103900007,65,1,64
103900008,14,0,14
103900009,327,622,-295
103900010,173,421,-248
103900011,312,190,122
103900012,14,25,-11
103900013,70,71,-1
103900014,71,6,65
103900015,47,12,35
103900016,279,221,58
103900017,36,102,-66
103900018,773,259,514
103900019,108,400,-292
103900020,225,503,-278
103900021,632,79,553
103900022,1331,872,459
103900023,182,3,179
103900024,72,498,-426
103900025,21,46,-25
103900026,36,0,36
103900027,856,340,516
103900028,23,329,-306
103900029,1242,206,1036
103900030,323,97,226
103900031,32,3,29
103900032,97,89,8
103900033,111,28,83
103900034,39,158,-119
103900035,69,66,3
103900036,53,62,-9
103900037,86,69,17
103900038,153,253,-100
103900039,81,402,-321
103900040,7,205,-198
103900041,56,57,-1
103900042,68,362,-294
103900043,227,83,144
103900044,154,277,-123
103900045,359,191,168
103900047,112,25,87
103900048,136,23,113
103900049,227,1256,-1029
103900050,10,148,-138
103900051,2,59,-57
103900052,262,400,-138
103900053,232,686,-454
103900054,135,412,-277
103900055,440,230,210
103900056,74,70,4
103900057,50,218,-168
103900058,244,722,-478
103900059,1,22,-21
103900060,53,215,-162
103900061,186,56,130
103900062,278,81,197
103900063,1,0,1
103900064,139,4,135
103900065,932,418,514
103900066,195,47,148
103900067,227,7,220
103900068,16,1,15
103900069,78,42,36
103900070,185,268,-83
103900071,18,165,-147
103900072,14,286,-272
103900073,31,59,-28
103900074,101,88,13
103900075,277,89,188
103900076,474,594,-120
103900077,64,130,-66
103900078,368,164,204
103900079,162,220,-58
103900080,15,34,-19
103900081,111,23,88
103900082,7,136,-129
103900083,1560,1119,441
103900084,108,145,-37
103900085,115,140,-25
103900086,640,388,252
103900088,396,551,-155
103900089,99,206,-107
103900090,0,122,-122
103900091,1348,336,1012
103900092,679,529,150
103900093,87,412,-325
103900094,6,117,-111
103900095,407,247,160
103900096,44,259,-215
103900097,27,631,-604
103900098,276,150,126
103900099,103,173,-70
103900100,236,398,-162
103900101,75,1141,-1066
103900102,2,55,-53
103900104,2,47,-45
103900105,121,246,-125
103900106,0,18,-18
103900107,124,232,-108
103900108,75,318,-243
103900109,106,87,19
103900110,217,49,168
103900111,130,670,-540
103900112,88,167,-79
103900113,143,247,-104
103900114,397,324,73
103900115,324,216,108
103900116,6331,3136,3195
103900117,162,81,81
103900119,28,76,-48
103900120,113,96,17
103900122,112,323,-211
103900123,1649,796,853
103900124,63,512,-449
103900125,115,94,21
103900126,532,526,6
103900127,152,453,-301
103900128,198,192,6
103900131,59,162,-103
103900133,1102,44,1058
103900134,0,7,-7
103900135,5,9,-4
103900137,3,41,-38
103900138,124,274,-150
103900139,188,2047,-1859
103900140,10,153,-143
103900141,379,72,307
103900142,154,144,10
103900143,88,1,87
103900144,1,68,-67
103900145,231,271,-40
103900146,346,245,101
103900147,357,149,208
103900148,228,305,-77
103900149,329,746,-417
103900150,6508,4013,2495
103900151,50,166,-116
103900152,631,526,105
103900153,17,14,3
103900154,1146,1789,-643
103900155,47,254,-207
103900156,38,173,-135
103900157,58,158,-100
103900158,90,184,-94
103900159,153,83,70
103900160,69,56,13
103900161,123,214,-91
103900162,59,219,-160
103900163,21,566,-545
103900167,40,109,-69
103900168,101,121,-20
103900169,81,54,27
103900170,6,102,-96
103900171,3,65,-62
103900172,9,23,-14
103900173,15,15,0
103900174,170,62,108
103900175,43,74,-31
103900176,14,51,-37
103900177,15,95,-80
103900178,84,63,21
103900179,57,146,-89
103900180,37,115,-78
103900181,68,70,-2
103900182,42,19,23
103900184,582,106,476
103900185,203,338,-135
103900187,28,79,-51
103900188,48,17,31
103900189,112,13,99
103900190,108,69,39
103900191,44,76,-32
103900192,30,135,-105
103900193,154,290,-136
103900194,74,255,-181
103900195,12,47,-35
103900196,66,50,16
103900197,24,41,-17
103900198,15,73,-58
103900199,145,69,76
103900200,165,109,56
103900201,166,207,-41
103900202,16,80,-64
103900203,55,38,17
103900204,1,109,-108
103900207,1,115,-114
103900208,136,2,134
103900209,17,116,-99
103900210,47,36,11
103900211,555,487,68
103900212,120,473,-353
103900213,149,295,-146
103900214,305,206,99
103900215,567,377,190
103900216,14,394,-380
103900217,380,49,331
103900218,3,284,-281
103900219,158,294,-136
103900233,60,4,56
103900235,35,13,22
103900236,8,4,4
103900242,3,9,-6
103900243,4,6,-2
103900244,113,261,-148
103900245,128,253,-125
103900246,51,38,13
103900247,55,128,-73
103900248,1,54,-53
103900249,46,66,-20
103900250,30,30,0
103900251,5,26,-21
103900253,32,102,-70
103900254,9,26,-17
103900255,9,22,-13
103900256,24,34,-10
103900257,110,109,1
103900258,33,2,31
103900259,62,7,55
103900261,8,5,3
103900262,24,3,21
103900263,46,48,-2
103900264,103,52,51
103900265,64,22,42
103900266,0,107,-107
103900267,24,108,-84
103900268,5,101,-96
103900269,180,35,145
103900270,51,155,-104
103900271,12,134,-122
103900272,80,107,-27
103900273,44,83,-39
103900274,107,15,92
103900275,54,6,48
103900276,9,108,-99
103900277,8,88,-80
103900278,13,67,-54
103900279,5,35,-30
103900280,0,56,-56
104000001,2356,2264,92
104000002,1764,2718,-954
104000003,2413,2256,157
104000004,2891,2864,27
104000005,1482,2046,-564
104000006,3119,2816,303
104000007,4361,4109,252
104000008,241,323,-82
104000009,184,146,38
104000010,154,256,-102
104000011,495,319,176
104000012,171,408,-237
104000013,199,226,-27
104000014,229,749,-520
104000015,362,177,185
104000016,624,467,157
104000018,940,188,752
104000019,606,234,372
104000020,175,700,-525
104000021,267,739,-472
104000022,145,292,-147
104000023,636,369,267
104000024,245,372,-127
104000026,62,419,-357
104000027,295,396,-101
104000028,371,241,130
104000029,406,465,-59
104000030,333,221,112
104000031,1424,470,954
104000032,240,257,-17
104000033,596,589,7
104000034,308,294,14
104000035,993,438,555
104000036,750,665,85
104000037,320,232,88
104000038,422,282,140
104000039,247,337,-90
104000040,343,426,-83
104000041,620,381,239
104000042,267,356,-89
104000043,302,430,-128
104000044,273,659,-386
104000045,969,1182,-213
104000046,1211,1839,-628
104000047,904,1280,-376
104000048,1270,1795,-525
104000049,501,326,175
104000050,244,606,-362
104000051,125,627,-502
104000052,1423,1701,-278
104000053,846,567,279
104000054,634,463,171
104000055,4332,2901,1431
104000056,1333,240,1093
104000057,152,578,-426
104000058,724,734,-10
104000059,543,1030,-487
104000060,1207,1304,-97
104000061,1362,1195,167
104000062,374,153,221
104000064,485,350,135
104000065,362,789,-427
104000069,1214,1184,30
104000070,86,610,-524
104000071,176,466,-290
104000072,701,195,506
104000075,138,338,-200
104000076,537,185,352
104000082,2519,3468,-949
104000083,946,207,739
104000084,143,631,-488
104000085,301,345,-44
104000086,175,461,-286
104000087,415,2067,-1652
104000090,869,1333,-464
104000092,1348,2481,-1133
104000094,864,1827,-963
104000095,1844,1403,441
104000096,1530,207,1323
104000097,1778,944,834
104000098,2338,1189,1149
104000100,1651,772,879
104000101,1200,1764,-564
104000106,73,619,-546
104000107,673,517,156
104000108,316,502,-186
104000109,334,79,255
104000110,800,1214,-414
104000111,4404,2604,1800
104000112,2579,595,1984
104000116,3,1031,-1028
104000117,160,684,-524
104000118,569,240,329
104000119,584,319,265
104000120,219,714,-495
104000121,187,766,-579
104000122,603,849,-246
104000123,863,1252,-389
104000124,1110,2370,-1260
104000125,3534,4317,-783
104000126,460,498,-38
104000127,1611,3296,-1685
104000128,634,567,67
104000129,321,28,293
104000130,10,225,-215
104000131,787,533,254
104000132,587,588,-1
104000133,1495,897,598
104000134,964,1622,-658
104000135,428,1949,-1521
104000136,924,4620,-3696
104000137,1668,495,1173
104000138,956,263,693
104000139,7301,3286,4015
104000141,1177,1320,-143
104000142,622,884,-262
104000143,570,725,-155
104000144,106,210,-104
104000145,388,225,163
104000146,363,673,-310
104000147,178,392,-214
104000148,382,160,222
104000149,174,303,-129
104000150,1009,522,487
104000151,410,569,-159
104000152,782,624,158
104000153,790,597,193
104000154,1160,766,394
104000155,508,555,-47
104000157,1107,1492,-385
104000158,418,447,-29
104000159,792,466,326
104000160,1899,2113,-214
104000161,212,230,-18
104000162,80,133,-53
104000165,1157,1158,-1
104000167,681,962,-281
104000168,682,10,672
104000169,115,52,63
104000170,585,706,-121
104000248,340,779,-439
104000251,71,255,-184
104000272,0,0,0
104000273,0,0,0
104000274,0,0,0
104000275,0,0,0
104000279,763,526,237
104000290,141,361,-220
104000291,653,1210,-557
104000293,697,789,-92
104000294,36,0,36
104000295,659,849,-190
104000296,374,829,-455
104000297,827,1913,-1086
104000298,2279,952,1327
104000299,846,1595,-749
104900001,230,454,-224
104900002,92,204,-112
104900003,84,356,-272
104900004,131,291,-160
104900005,236,285,-49
104900006,382,89,293
104900007,271,212,59
104900009,120,419,-299
104900010,86,73,13
104900011,28,5,23
104900012,292,44,248
104900013,171,28,143
104900014,3177,439,2738
104900015,96,8,88
104900016,258,256,2
104900017,186,243,-57
104900018,9,195,-186
104900019,426,2542,-2116
104900020,64,304,-240
104900021,0,157,-157
104900022,12,133,-121
104900023,1,82,-81
104900024,31,94,-63
104900025,75,297,-222
104900026,2,106,-104
104900027,510,339,171
104900028,29,102,-73
104900029,74,97,-23
104900030,531,214,317
104900031,118,246,-128
104900032,39,130,-91
104900033,177,335,-158
104900034,415,167,248
104900035,392,192,200
104900036,210,99,111
104900037,152,241,-89
104900038,528,891,-363
104900039,808,380,428
104900040,452,97,355
104900041,283,206,77
104900042,153,210,-57
104900043,17,191,-174
104900044,609,228,381
104900045,449,63,386
104900046,164,186,-22
104900047,340,124,216
104900048,275,77,198
104900049,29,33,-4
104900050,356,179,177
104900051,315,77,238
104900052,54,4,50
104900053,486,119,367
104900054,157,54,103
104900055,92,1,91
104900056,171,40,131
104900057,31,1,30
104900058,1274,619,655
104900059,175,68,107
104900060,2,551,-549
104900061,269,572,-303
104900063,0,148,-148
104900064,0,86,-86
104900065,0,212,-212
104900066,2,260,-258
104900067,5,372,-367
104900068,10,291,-281
104900070,249,294,-45
104900071,3,530,-527
104900072,80,327,-247
104900073,100,207,-107
104900074,81,238,-157
104900075,101,51,50
104900076,167,369,-202
104900077,1210,277,933
104900078,301,588,-287
104900079,161,504,-343
104900080,116,506,-390
104900082,18,465,-447
104900085,1,202,-201
104900087,325,12,313
104900089,184,0,184
104900090,836,734,102
104900091,610,619,-9
104900093,251,673,-422
104900097,2704,2260,444
104900098,105,47,58
104900099,136,624,-488
104900100,526,275,251
104900102,25,173,-148
104900103,589,81,508
104900104,3573,2317,1256
104900106,75,154,-79
104900107,138,218,-80
104900108,98,268,-170
104900109,172,278,-106
104900110,1,56,-55
104900111,177,201,-24
104900112,295,777,-482
104900113,766,393,373
104900114,420,512,-92
104900115,758,484,274
104900116,220,250,-30
104900118,54,82,-28
104900119,3,34,-31
104900120,45,233,-188
104900121,1,96,-95
104900122,7,107,-100
104900123,55,13,42
104900124,53,0,53
104900125,503,8,495
104900126,74,76,-2
104900127,56,76,-20
104900128,119,164,-45
104900129,2131,2001,130
105000001,2689,1554,1135
105000002,2476,1715,761
105000003,3769,3995,-226
105000004,567,1082,-515
105000005,874,1142,-268
105000006,1547,1862,-315
105000007,1303,1449,-146
105000008,1920,2867,-947
105000009,2303,3246,-943
105000010,3312,2509,803
105000011,3547,2762,785
105000012,4328,3538,790
105000013,1043,1082,-39
105000014,1837,2645,-808
105000015,10951,14990,-4039
105000016,3649,2479,1170
105000017,2123,1010,1113
105000018,1365,1529,-164
105000019,1463,899,564
105000020,216,427,-211
105000021,282,94,188
105000022,395,119,276
105000023,766,484,282
105000028,111,127,-16
105000029,708,1454,-746
105000030,4579,3050,1529
105000033,1006,2092,-1086
105000034,164,898,-734
105000037,784,356,428
105000038,2031,1709,322
105000039,2772,1915,857
105000040,1076,1276,-200
105000041,744,1437,-693
105000042,4121,1846,2275
105000043,2091,2121,-30
105000044,648,472,176
105000045,402,902,-500
105000046,1182,408,774
105000047,562,1525,-963
105000048,627,186,441
105000049,251,587,-336
105000050,657,387,270
105000051,151,490,-339
105000052,734,828,-94
105000053,93,187,-94
105000054,400,921,-521
105000055,710,366,344
105000056,1346,2289,-943
105000057,1201,979,222
105000058,1499,1380,119
105000059,749,595,154
105000060,485,694,-209
105000061,667,616,51
105000062,822,934,-112
105000063,364,579,-215
105000064,1447,894,553
105000065,432,658,-226
105000066,1316,1630,-314
105000067,1663,834,829
105000068,556,946,-390
105000069,2028,1615,413
105000070,769,972,-203
105000071,272,816,-544
105000072,1028,2082,-1054
105000073,961,632,329
105000074,1580,834,746
105000075,652,919,-267
105000076,1296,1147,149
105000077,2965,1261,1704
105000078,1679,1582,97
105000079,1701,3930,-2229
105000080,1907,1494,413
105000081,5101,1669,3432
105000082,1440,2140,-700
105000083,5966,3838,2128
105000084,716,956,-240
105000085,1890,2214,-324
105000086,597,948,-351
105000087,1569,1983,-414
105000088,1404,1455,-51
105000089,3074,2263,811
105000090,1176,964,212
105000091,1441,1729,-288
105000092,744,1006,-262
105000093,346,248,98
105000094,270,240,30
105000095,144,458,-314
105000096,1281,1011,270
105000097,1230,820,410
105000098,1029,777,252
105000099,1173,836,337
105000100,1439,1110,329
105000101,1942,2069,-127
105000102,1984,1445,539
105000103,1577,2312,-735
105000104,2400,1071,1329
105000105,1252,2203,-951
105000106,1460,1866,-406
105000107,1493,1118,375
105000108,1759,1633,126
105000109,1672,1831,-159
105000110,875,743,132
105000111,773,859,-86
105000112,1358,771,587
105000113,469,866,-397
105000114,3037,1266,1771
105000115,313,1313,-1000
105000116,785,525,260
105000117,971,1180,-209
105000118,502,494,8
105000119,656,1061,-405
105000120,979,678,301
105000121,874,1171,-297
105000122,452,703,-251
105000123,1308,1505,-197
105000124,2032,831,1201
105000125,934,2044,-1110
105000126,2318,1874,444
105000127,2592,2146,446
105000128,605,1081,-476
105000129,821,365,456
105000130,557,3320,-2763
105000131,942,408,534
105000132,843,725,118
105000133,611,1028,-417
105000134,794,687,107
105000135,571,698,-127
105000136,124,476,-352
105000137,434,328,106
105000138,233,451,-218
105000139,1221,1059,162
105000140,462,659,-197
105000141,342,616,-274
105000142,254,489,-235
105000143,282,859,-577
105000144,335,1029,-694
105000145,768,517,251
105000146,499,966,-467
105000147,667,399,268
105000148,1526,658,868
105000149,2566,2289,277
105000150,2332,1715,617
105000151,528,461,67
105000152,218,597,-379
105000153,686,775,-89
105000154,789,559,230
105000155,391,1052,-661
105000156,1129,728,401
105000157,979,1783,-804
105000158,1923,817,1106
105000159,257,1076,-819
105000160,1910,689,1221
105000161,649,1096,-447
105000162,580,1740,-1160
105000163,1146,852,294
105000164,260,287,-27
105000165,1114,4996,-3882
105000166,5325,856,4469
105000167,2217,1674,543
105000168,434,641,-207
105000169,567,407,160
105000170,214,1472,-1258
105000171,1188,264,924
105000172,163,41,122
105000173,205,42,163
105000174,59,53,6
105000175,116,172,-56
105000176,398,116,282
105000177,299,200,99
105000178,183,596,-413
105000179,560,171,389
105000180,161,147,14
105000181,109,312,-203
105000182,45,71,-26
105000183,2614,2041,573
105000184,1655,989,666
105000185,1709,973,736
105000186,573,777,-204
105000187,902,216,686
105000188,483,141,342
105000189,225,478,-253
105000190,317,388,-71
105000191,348,340,8
105000192,283,81,202
105000193,120,155,-35
105000194,386,131,255
105000195,375,890,-515
105000196,72,248,-176
105000197,331,683,-352
105000198,659,413,246
105000199,321,702,-381
105000200,186,306,-120
105000201,130,42,88
105000203,8,201,-193
105000204,94,67,27
105000205,107,234,-127
105000207,661,261,400
105000208,302,494,-192
105000209,254,397,-143
105000212,1393,1388,5
105000213,203,225,-22
105000214,182,303,-121
105000215,280,183,97
105000216,140,363,-223
105000217,160,349,-189
105000218,1359,1138,221
105000221,155,200,-45
105000222,363,51,312
105000223,311,171,140
105000226,111,286,-175
105000227,72,182,-110
105000228,321,2172,-1851
105000229,124,548,-424
105000231,418,342,76
105000233,831,653,178
105000234,528,1289,-761
105000235,477,625,-148
105000237,677,95,582
105000243,35,191,-156
105000248,75,74,1
105000262,365,1328,-963
105000269,152,229,-77
105000270,547,91,456
105000271,3,264,-261
105000282,106,38,68
105000287,417,137,280
105000288,632,437,195
105000289,4053,2455,1598
105000290,19,8,11
105000402,4132,4448,-316
105000426,604,659,-55
105000438,5477,2167,3310
105000446,13193,6297,6896
105000447,8471,3582,4889
105000454,478,761,-283
105000455,337,225,112
105000474,32,1,31
105000477,397,554,-157
105000478,1805,4493,-2688
105000479,131,141,-10
105000480,11325,7522,3803
105000481,5370,3592,1778
105000482,6676,9271,-2595
105000483,1522,1878,-356
105000484,2493,3572,-1079
105000485,1720,3061,-1341
105000486,4226,2761,1465
105000488,12908,6661,6247
105000489,948,799,149
105000549,112,124,-12
105000550,797,1809,-1012
105000551,57,151,-94
105000552,2893,1990,903
105000555,968,934,34
105900001,4,1351,-1347
105900002,1435,690,745
105900003,12,114,-102
105900004,266,130,136
105900005,8,215,-207
105900006,17,136,-119
105900007,98,29,69
105900008,83,593,-510
105900009,33,20,13
105900011,294,64,230
105900012,682,182,500
105900013,6,49,-43
105900014,8,78,-70
105900015,173,356,-183
105900016,429,597,-168
105900017,1300,35,1265
105900018,244,215,29
105900019,79,536,-457
105900020,59,75,-16
105900021,57,254,-197
105900022,292,221,71
105900023,4,92,-88
105900024,7,141,-134
105900025,163,60,103
105900026,264,24,240
105900027,8041,9543,-1502
105900028,479,273,206
105900029,1638,444,1194
105900030,251,270,-19
105900031,383,227,156
105900032,74,160,-86
105900033,126,129,-3
105900034,259,204,55
105900035,254,196,58
105900036,106,103,3
105900037,123,83,40
105900038,177,258,-81
105900039,129,142,-13
105900040,98,93,5
105900041,182,226,-44
105900042,79,161,-82
105900043,1346,66,1280
105900044,20,273,-253
105900045,2,859,-857
105900046,6,285,-279
105900047,19,85,-66
105900048,103,583,-480
105900050,8258,3767,4491
105900051,48,1067,-1019
105900052,685,447,238
105900053,3110,2543,567
105900054,383,228,155
105900056,855,417,438
105900057,75,145,-70
105900058,16,19,-3
105900059,0,36,-36
106000001,5361,2861,2500
106000002,3007,6250,-3243
106000003,3050,4014,-964
106000004,1930,3014,-1084
106000005,3538,6077,-2539
106000006,6478,4634,1844
106000007,548,626,-78
106000008,462,353,109
106000009,579,497,82
106000010,659,619,40
106000011,1170,1146,24
106000012,867,1471,-604
106000013,1865,2249,-384
106000014,1983,1760,223
106000015,1814,1421,393
106000016,1299,2294,-995
106000017,549,741,-192
106000018,636,609,27
106000019,366,444,-78
106000020,275,427,-152
106000021,322,447,-125
106000022,292,253,39
106000023,568,378,190
106000024,584,637,-53
106000025,136,212,-76
106000026,136,293,-157
106000027,1319,1326,-7
106000028,572,613,-41
106000029,857,1370,-513
106000030,681,607,74
106000034,260,685,-425
106000035,1117,2042,-925
106000036,285,501,-216
106000037,2117,1498,619
106000038,500,156,344
106000039,201,129,72
106000040,178,855,-677
106000041,813,622,191
106000043,650,284,366
106000046,424,93,331
106000047,62,479,-417
106000049,965,180,785
106000050,404,806,-402
106000051,746,533,213
106000052,121,657,-536
106000053,370,157,213
106000054,360,537,-177
106000055,1205,1214,-9
106000056,307,429,-122
106000057,334,294,40
106000058,140,228,-88
106000059,309,338,-29
106000060,383,594,-211
106000061,212,570,-358
106000062,189,593,-404
106000063,676,597,79
106000064,44,411,-367
106000065,387,410,-23
106000066,92,401,-309
106000067,359,111,248
106000068,68,651,-583
106000069,212,66,146
106000070,522,882,-360
106000071,1161,408,753
106000072,2833,1835,998
106000073,1802,2994,-1192
106000074,605,785,-180
106000075,338,1641,-1303
106000076,2082,2467,-385
106000077,4044,1581,2463
106000078,1136,1101,35
106000079,776,1035,-259
106000080,1311,675,636
106000081,617,1156,-539
106000082,2587,929,1658
106000083,451,1778,-1327
106000084,1283,721,562
106000085,1471,1806,-335
106000086,673,998,-325
106000087,1049,588,461
106000088,432,980,-548
106000089,1044,468,576
106000090,291,650,-359
106000091,337,599,-262
106000092,685,262,423
106000093,317,161,156
106000094,106,263,-157
106000095,808,837,-29
106000096,929,786,143
106000097,1071,968,103
106000098,705,1025,-320
106000099,222,701,-479
106000100,1132,300,832
106000101,882,268,614
106000102,178,577,-399
106000103,357,472,-115
106000104,754,493,261
106000105,551,693,-142
106000106,603,566,37
106000107,152,310,-158
106000108,312,314,-2
106000109,178,261,-83
106000110,204,283,-79
106000111,234,469,-235
106000112,232,553,-321
106000113,710,487,223
106000114,485,599,-114
106000115,264,475,-211
106000116,255,236,19
106000117,1128,754,374
106000118,1208,1378,-170
106000119,1576,1191,385
106000120,922,1229,-307
106000121,212,156,56
106000122,108,265,-157
106000123,427,133,294
106000124,55,247,-192
106000125,18,301,-283
106000126,292,110,182
106000127,947,839,108
106000128,739,219,520
106000129,412,578,-166
106000130,767,322,445
106000131,143,790,-647
106000132,531,173,358
106000133,1873,1144,729
106000134,670,1459,-789
106000135,248,624,-376
106000136,636,922,-286
106000137,71,789,-718
106000138,986,83,903
106000139,47,134,-87
106000140,27,61,-34
106000141,86,67,19
106000142,81,73,8
106000143,44,66,-22
106000144,25,94,-69
106000145,239,291,-52
106000146,369,195,174
106000147,424,475,-51
106000148,596,844,-248
106000149,621,348,273
106000150,505,1850,-1345
106000151,3686,762,2924
106000152,1309,1863,-554
106000153,106,1630,-1524
106000154,1260,229,1031
106000155,126,266,-140
106000156,794,324,470
106000157,710,1753,-1043
106000158,2342,1164,1178
106000159,3176,1925,1251
106000160,440,2802,-2362
106000161,1724,416,1308
106000162,240,974,-734
106000163,402,384,18
106000164,357,346,11
106000165,241,530,-289
106000166,697,378,319
106000167,478,1011,-533
106000168,469,330,139
106000169,259,635,-376
106000170,796,261,535
106000171,211,1351,-1140
106000172,3164,1682,1482
106000173,1369,3026,-1657
106000174,1110,520,590
106000175,338,908,-570
106000176,1524,933,591
106000177,851,2413,-1562
106000178,3741,1910,1831
106000179,1258,2437,-1179
106000180,977,1307,-330
106000181,795,1962,-1167
106000182,1371,852,519
106000183,1432,690,742
106000184,2541,811,1730
106000185,1313,1508,-195
106000186,978,156,822
106000187,281,1237,-956
106000188,2,5,-3
106000189,15,40,-25
106000190,32,1,31
106000191,646,177,469
106000192,1,22,-21
106000193,483,261,222
106000194,155,371,-216
106000195,681,183,498
106000196,214,531,-317
106000197,646,290,356
106000198,157,271,-114
106000199,871,742,129
106000200,222,249,-27
106000201,561,2644,-2083
106000202,3783,677,3106
106000203,58,180,-122
106000204,103,17,86
106000205,18,126,-108
106000206,121,26,95
106000207,48,702,-654
106000208,1383,206,1177
106000209,1498,455,1043
106000210,361,1099,-738
106000211,395,1197,-802
106000212,812,447,365
106000213,981,2100,-1119
106000214,3093,938,2155
106000215,239,595,-356
106000216,334,366,-32
106000217,305,461,-156
106000218,507,491,16
106000219,135,306,-171
106000220,397,253,144
106000221,154,273,-119
106000222,63,99,-36
106000223,256,153,103
106000224,225,210,15
106000225,66,158,-92
106000226,139,257,-118
106000228,71,108,-37
106000229,80,778,-698
106000231,930,101,829
106000232,91,428,-337
106000233,757,113,644
106000234,94,237,-143
106000235,403,131,272
106000236,161,86,75
106000237,3,3,0
106000238,18,22,-4
106000239,3,138,-135
106000240,49,0,49
106000241,29,639,-610
106000242,206,31,175
106000249,67,66,1
106000250,102,552,-450
106000251,84,51,33
106000252,16,88,-72
106000253,53,100,-47
106000254,54,31,23
106000255,20,163,-143
106000256,49,47,2
106000257,154,244,-90
106000258,266,18,248
106000259,6,48,-42
106000260,32,3,29
106000261,7,55,-48
106000262,96,14,82
106000263,15,74,-59
106000264,158,20,138
106000265,11,174,-163
106000266,151,35,116
106000267,6,104,-98
106000268,646,60,586
106000269,68,62,6
106000270,164,510,-346
106000271,77,241,-164
106000272,224,69,155
106000273,17,313,-296
106000274,163,47,116
106000275,148,280,-132
106000276,225,37,188
106000277,175,224,-49
106000278,267,52,215
106000279,21,43,-22
106000280,85,101,-16
106000281,98,67,31
106000282,78,87,-9
106000283,167,48,119
106000284,53,106,-53
106000285,113,82,31
106000286,90,162,-72
106000287,115,120,-5
106000288,66,201,-135
106000289,104,71,33
106000290,59,118,-59
106000291,118,96,22
106000292,83,107,-24
106000293,149,90,59
106000294,142,140,2
106000295,56,64,-8
106000296,54,99,-45
106000297,76,254,-178
106000298,208,61,147
106000299,112,137,-25
106000300,67,77,-10
106000301,55,100,-45
106000303,28,91,-63
106000304,51,30,21
106000305,31,51,-20
106000306,46,49,-3
106000307,62,33,29
106000308,26,104,-78
106000309,24,59,-35
106000310,311,503,-192
106000311,344,214,130
106000312,119,208,-89
106000313,168,229,-61
106000318,102,534,-432
106000319,1107,262,845
106000320,3,81,-78
106000321,350,129,221
106000322,167,170,-3
106000324,22,147,-125
106000325,1700,1016,684
106000326,1028,1995,-967
106000327,163,153,10
106000328,21,119,-98
106000329,89,256,-167
106000330,74,72,2
106000428,107,218,-111
106000429,105,531,-426
106000430,315,1362,-1047
106000431,1973,479,1494
106000432,2220,3056,-836
106000433,2523,1524,999
106000434,3247,1719,1528
106000435,1716,2649,-933
106000436,21,194,-173
106000437,249,44,205
106000438,539,198,341
106000439,91,429,-338
106000440,277,370,-93
106000441,0,0,0
106000442,169,14,155
106000443,176,356,-180
106000450,6,148,-142
106000451,22,51,-29
106000454,4,110,-106
106000455,12,194,-182
106000456,130,47,83
106000457,12,854,-842
106000458,821,99,722
106000459,205,415,-210
106000460,1673,28,1645
106000461,133,1278,-1145
106000462,0,39,-39
106000463,4,20,-16
106000464,10,483,-473
106000465,720,2,718
106000466,3,616,-613
106000467,418,504,-86
106000468,66,168,-102
106000469,168,1,167
106000470,327,1740,-1413
106000471,37,566,-529
106000472,207,25,182
106000473,40,21,19
106000474,313,554,-241
106000475,272,202,70
106000476,198,228,-30
106000477,21,132,-111
106000480,2,322,-320
106900001,0,6,-6
106900002,2,452,-450
106900003,286,832,-546
106900004,1,41,-40
106900006,0,3,-3
106900007,0,7,-7
106900008,319,252,67
106900009,347,312,35
106900010,274,286,-12
106900012,1889,1990,-101
106900013,595,153,442
106900014,27,9,18
106900015,16,4,12
106900016,315,13,302
106900017,14,0,14
106900018,0,0,0
106900019,65,4,61
106900020,2187,1599,588
106900021,93,81,12
106900022,714,3,711
106900023,47,233,-186
106900024,510,48,462
106900025,48,615,-567
106900026,3,545,-542
106900027,746,8,738
107000001,4677,4144,533
107000002,3988,5711,-1723
107000003,5983,6732,-749
107000004,5484,5605,-121
107000005,4387,5700,-1313
107000006,4624,5132,-508
107000007,5778,10539,-4761
107000008,12982,9888,3094
107000009,7318,7871,-553
107000010,11260,11280,-20
107000011,1315,1564,-249
107000012,4442,3549,893
107000013,57,87,-30
107000014,40,196,-156
107000015,532,798,-266
107000016,727,970,-243
107000017,3439,1356,2083
107000018,31,897,-866
107000020,1994,1124,870
107000021,1365,484,881
107000022,909,1518,-609
107000023,1710,252,1458
107000024,576,1512,-936
107000025,226,393,-167
107000026,233,540,-307
107000027,1514,1086,428
107000028,1447,1762,-315
107000029,3426,2893,533
107000030,3303,3551,-248
107000031,4252,2787,1465
107000032,658,1246,-588
107000033,3136,4585,-1449
107000034,3613,1919,1694
107000035,351,257,94
107000036,461,1353,-892
107000037,112,887,-775
107000038,316,296,20
107000039,1000,836,164
107000040,161,365,-204
107000041,2012,1001,1011
107000042,915,2247,-1332
107000043,2799,1364,1435
107000044,626,404,222
107000045,112,338,-226
107000046,842,487,355
107000047,527,991,-464
107000048,827,347,480
107000049,697,876,-179
107000050,1300,665,635
107000051,410,444,-34
107000052,1282,1245,37
107000053,413,235,178
107000054,48,271,-223
107000055,384,140,244
107000056,357,800,-443
107000057,1178,237,941
107000058,2507,2578,-71
107000059,2512,3951,-1439
107000060,4503,5852,-1349
107000061,5839,4106,1733
107000062,4567,3550,1017
107000063,4867,5660,-793
107000064,4590,2695,1895
107000065,4704,5559,-855
107000066,2173,2715,-542
107000067,1348,1215,133
107000068,1482,851,631
107000069,829,555,274
107000070,1397,3,1394
107000071,3493,42,3451
107000072,71,3074,-3003
107000073,861,346,515
107000074,198,936,-738
107000075,1879,640,1239
107000076,757,1773,-1016
107000077,3845,1747,2098
107000078,3135,3686,-551
107000079,3022,1297,1725
107000080,1484,3499,-2015
107000081,1874,758,1116
107000082,633,2064,-1431
107000083,1497,493,1004
107000084,384,2108,-1724
107000085,3188,3734,-546
107000086,3911,3748,163
107000087,3026,2423,603
107000088,3675,4142,-467
107000089,1628,1945,-317
107000090,1222,1269,-47
107000091,1612,963,649
107000092,861,1187,-326
107000093,1249,872,377
107000094,1109,1288,-179
107000095,745,714,31
107000096,678,919,-241
107000097,774,400,374
107000098,611,707,-96
107000099,532,359,173
107000100,321,331,-10
107000101,86,210,-124
107000102,245,344,-99
107000103,291,231,60
107000104,215,261,-46
107000105,415,162,253
107000106,199,314,-115
107000107,632,193,439
107000108,188,707,-519
107000109,630,194,436
107000110,91,445,-354
107000111,290,49,241
107000112,72,298,-226
107000113,701,147,554
107000114,128,640,-512
107000115,563,166,397
107000116,133,903,-770
107000117,135,666,-531
107000118,187,242,-55
107000119,1492,1635,-143
107000120,1473,534,939
107000121,1066,879,187
107000122,1346,1176,170
107000123,484,806,-322
107000124,560,1061,-501
107000125,1029,665,364
107000126,1110,899,211
107000129,284,777,-493
107000130,670,274,396
107000131,529,668,-139
107000132,576,384,192
107000133,1011,136,875
107000134,367,2,365
107000135,7,311,-304
107000136,1023,12,1011
107000137,21,525,-504
107000138,393,27,366
107000139,16,504,-488
107000140,1467,125,1342
107000141,102,795,-693
107000142,525,113,412
107000143,79,780,-701
107000144,538,481,57
107000145,195,526,-331
107000146,210,430,-220
107000147,3358,903,2455
107000150,812,3457,-2645
107000151,49,157,-108
107000152,488,1477,-989
107000153,207,498,-291
107000154,319,309,10
107000155,897,29,868
107000156,1335,28,1307
107000157,71,1678,-1607
107000158,828,32,796
107000159,35,1056,-1021
107000160,1125,214,911
107000161,118,1634,-1516
107000162,307,607,-300
107000163,224,1,223
107000164,609,1,608
107000165,1114,9,1105
107000166,70,1275,-1205
107000167,726,367,359
107000168,1023,563,460
107000169,817,987,-170
107000170,2372,996,1376
107000171,895,2224,-1329
107000172,1007,1511,-504
107000173,755,1083,-328
107000174,1188,5777,-4589
107000175,7589,2019,5570
107000176,1,1,0
107000177,5,3,2
107000178,12,57,-45
107000179,295,2386,-2091
107000180,1443,348,1095
107000181,552,1347,-795
107000182,1824,1120,704
107000183,170,977,-807
107000184,1134,811,323
107000185,512,1553,-1041
107000186,1255,459,796
107000187,1497,1523,-26
107000188,557,696,-139
107000189,562,1319,-757
107000190,734,890,-156
107000191,761,1131,-370
107000192,2018,815,1203
107000193,479,657,-178
107000194,964,809,155
107000197,1044,324,720
107000198,368,785,-417
107000199,684,731,-47
107000200,723,752,-29
107000201,403,356,47
107000202,298,555,-257
107000203,1386,960,426
107000204,1472,1122,350
107000205,2451,1075,1376
107000206,1084,1366,-282
107000207,782,1184,-402
107000208,1157,594,563
107000209,2344,1422,922
107000210,1040,431,609
107000211,16,46,-30
107000212,24,365,-341
107000213,3,27,-24
107000214,19,166,-147
107000215,470,393,77
107000216,488,310,178
107000217,164,146,18
107000219,92,157,-65
107000220,219,261,-42
107000222,355,824,-469
107000224,459,83,376
107000225,163,445,-282
107000226,431,80,351
107000227,72,284,-212
107000228,72,265,-193
107000229,141,131,10
107000230,1215,534,681
107000231,2064,2021,43
107000232,169,57,112
107000233,1664,1127,537
107000234,2,55,-53
107000235,70,11,59
107000236,26,504,-478
107000237,29,0,29
107000238,37,1,36
107000239,3141,683,2458
107000240,129,960,-831
107000241,133,27,106
107000242,386,40,346
107000243,0,50,-50
107000244,57,117,-60
107000246,0,1065,-1065
107000249,3,1048,-1045
107000251,1,300,-299
107000252,3,1205,-1202
107000255,441,132,309
107000257,0,355,-355
107000258,1,128,-127
107000259,7,199,-192
107000260,635,3,632
107000262,15,623,-608
107000263,278,8,270
107000266,5,13,-8
107000267,82,171,-89
107000268,153,187,-34
107000269,824,64,760
107000270,2,38,-36
107000271,12,617,-605
107000272,12,148,-136
107000273,3,247,-244
107000274,2555,321,2234
107000275,151,906,-755
107000280,897,47,850
107000281,52,994,-942
107000282,32,803,-771
107000290,11,23,-12
107000291,11,9,2
107000292,0,63,-63
107000293,118,1,117
107000294,1,54,-53
107000295,67,5,62
107000296,0,35,-35
107000444,292,10,282
107000496,2,20,-18
107000497,1767,2560,-793
107000500,351,343,8
107000501,110,182,-72
107000502,241,361,-120
107000505,448,917,-469
107000506,2,64,-62
107000508,18,649,-631
107000509,280,980,-700
107000510,47,34,13
107000514,79,400,-321
107000515,13,208,-195
107000516,337,332,5
107000518,1105,1394,-289
107000519,2018,1034,984
107000520,79,37,42
107000521,648,447,201
107000522,832,640,192
107900001,99,207,-108
107900002,55,6,49
107900003,187,14,173
107900004,54,3,51
107900005,1369,7,1362
107900006,218,3,215
107900007,404,60,344
107900008,111,35,76
107900009,135,11,124
107900010,63,9,54
107900012,322,46,276
107900013,247,53,194
107900014,19,5,14
107900015,1194,8,1186
107900016,388,96,292
107900017,23,2,21
107900018,53,199,-146
107900019,16,57,-41
107900020,100,11,89
107900021,64,146,-82
107900023,3,4,-1
107900024,0,33,-33
107900025,205,266,-61
107900026,78,73,5
107900027,43,59,-16
107900028,101,95,6
107900030,175,32,143
107900031,93,115,-22
107900032,9,7,2
107900033,19,8,11
107900034,507,24,483
107900035,951,43,908
107900036,77,22,55
107900037,0,38,-38
107900038,152,279,-127
107900039,39,56,-17
107900040,147,180,-33
107900041,4,2,2
107900043,26,125,-99
107900044,11,8,3
107900045,134,58,76
107900046,135,195,-60
107900047,49,75,-26
107900048,206,13,193
107900049,354,1557,-1203
107900050,165,359,-194
107900051,97,63,34
107900052,38,40,-2
107900053,52,103,-51
107900055,784,343,441
107900056,171,43,128
107900057,2,0,2
107900058,39,670,-631
107900060,66,32,34
107900061,25,13,12
107900063,100,150,-50
107900064,398,119,279
107900065,218,21,197
107900066,26,4,22
107900067,3,0,3
107900068,117,402,-285
107900069,38,1717,-1679
107900070,111,49,62
107900071,31,747,-716
107900072,92,187,-95
107900073,165,94,71
107900074,914,341,573
107900076,162,55,107
107900077,79,2,77
107900078,251,58,193
107900079,10,33,-23
107900080,347,615,-268
107900081,57,123,-66
107900082,21,22,-1
107900083,388,208,180
107900084,100,161,-61
107900086,75,213,-138
107900087,789,267,522
107900088,33,12,21
107900089,254,937,-683
107900090,669,2536,-1867
107900091,253,453,-200
107900092,2112,517,1595
107900093,85,81,4
107900095,3773,2358,1415
107900097,32,72,-40
107900098,103,207,-104
107900100,1145,1402,-257
107900101,1072,260,812
107900102,46,9,37
107900103,50,199,-149
107900104,247,13,234
107900105,3,397,-394
107900106,5,1204,-1199
107900107,1110,490,620
107900108,359,151,208
107900109,1373,17,1356
107900110,70,101,-31
107900111,7,931,-924
107900112,147,368,-221
107900113,225,121,104
107900114,201,162,39
107900115,5,43,-38
107900116,187,182,5
107900117,483,432,51
107900118,154,207,-53
107900119,104,233,-129
107900120,35,31,4
107900121,8,172,-164
107900122,5,89,-84
107900123,5,57,-52
107900124,20,32,-12
107900125,58,214,-156
107900126,11,63,-52
107900127,524,334,190
107900128,100,82,18
107900129,65,45,20
107900130,59,36,23
107900131,879,341,538
107900132,123,388,-265
107900133,1,110,-109
107900134,26,93,-67
107900135,8,190,-182
107900136,45,36,9
107900137,117,152,-35
107900138,71,51,20
107900139,37,80,-43
107900140,8,7,1
107900141,54,47,7
107900142,101,794,-693
107900143,59,25,34
107900144,3,150,-147
107900145,15,110,-95
107900146,53,134,-81
107900147,67,44,23
107900148,180,93,87
107900149,968,297,671
107900150,74,651,-577
107900151,56,127,-71
107900152,11,211,-200
107900153,182,332,-150
107900154,61,30,31
107900155,105,57,48
107900156,8,362,-354
107900157,49,70,-21
107900158,913,42,871
107900159,42,947,-905
107900160,125,193,-68
107900161,25,209,-184
107900162,0,57,-57
107900163,100,95,5
107900164,9,70,-61
107900165,26,103,-77
107900166,22,189,-167
107900167,19,55,-36
107900168,35,65,-30
107900169,1,197,-196
107900171,8,1527,-1519
107900172,6,352,-346
107900173,15,167,-152
107900174,154,10,144
107900175,39,67,-28
107900176,29,48,-19
107900177,4,125,-121
107900178,0,166,-166
107900179,24,141,-117
107900180,701,622,79
107900181,413,312,101
107900182,4,1076,-1072
107900183,52,284,-232
107900184,112,235,-123
107900185,118,4,114
107900186,45,63,-18
107900187,1,153,-152
107900188,722,177,545
107900189,20,103,-83
107900190,98,152,-54
107900191,39,108,-69
107900193,6,54,-48
107900194,228,12,216
107900195,2653,450,2203
107900196,64,90,-26
107900197,1181,434,747
107900199,3,957,-954
107900201,99,124,-25
107900203,28,52,-24
107900204,260,256,4
107900205,238,499,-261
107900206,1173,348,825
107900207,0,650,-650
107900208,8,584,-576
107900209,462,153,309
107900210,98,139,-41
107900213,840,581,259
107900214,20,127,-107
107900215,164,447,-283
107900216,233,97,136
107900217,37,98,-61
107900218,15,1313,-1298
107900219,33,90,-57
107900220,302,292,10
107900221,206,232,-26
107900223,101,582,-481
107900224,170,501,-331
107900225,17,660,-643
107900226,105,94,11
107900227,135,527,-392
107900228,15,116,-101
107900229,2,290,-288
107900230,12,112,-100
107900231,12,243,-231
107900232,92,120,-28
107900233,11,116,-105
107900234,120,120,0
107900235,36,115,-79
107900236,123,82,41
107900237,77,481,-404
107900238,43,79,-36
107900239,963,530,433
107900240,29,117,-88
107900241,5,104,-99
107900242,42,239,-197
107900243,3,73,-70
107900244,333,3,330
107900245,687,50,637
107900246,254,21,233
107900248,577,451,126
107900249,671,42,629
107900250,7,578,-571
107900251,114,1416,-1302
107900252,1102,26,1076
107900253,136,6,130
107900254,89,319,-230
107900255,317,87,230
107900256,1566,862,704
107900257,200,125,75
107900258,144,204,-60
107900259,82,2066,-1984
107900261,2,326,-324
107900262,73,128,-55
107900264,237,6,231
107900265,121,150,-29
107900267,260,22,238
107900268,21,6,15
107900269,0,18,-18
107900270,1,0,1
107900271,3,30,-27
107900272,159,31,128
107900273,49,115,-66
107900274,69,1,68
107900275,28,0,28
107900276,1,106,-105
107900277,0,199,-199
107900278,365,399,-34
107900279,109,212,-103
107900280,2004,2198,-194
107900281,1638,2673,-1035
107900282,54,594,-540
107900283,1087,626,461
107900284,527,643,-116
107900285,110,98,12
107900286,209,136,73
107900287,195,213,-18
107900290,0,150,-150
107900291,551,21,530
107900292,172,242,-70
107900293,90,469,-379
107900295,75,55,20
107900297,1,324,-323
107900298,810,807,3
107900299,3274,2474,800
107900300,58,299,-241
107900301,590,677,-87
107900302,144,60,84
107900303,149,256,-107
107900304,268,537,-269
107900305,314,19,295
107900306,22,37,-15
107900307,73,271,-198
107900308,169,135,34
107900309,111,0,111
107900310,574,5,569
107900311,9,367,-358
107900312,62,1,61
107900313,0,149,-149
107900314,1,61,-60
107900315,0,84,-84
107900316,32,0,32
107900317,90,16,74
107900318,8,168,-160
107900319,6,163,-157
107900320,2,157,-155
107900321,162,3,159
107900322,1,117,-116
107900323,6,189,-183
107900324,176,2,174
107900325,95,0,95
107900326,300,233,67
107900327,5,97,-92
107900328,203,1,202
107900329,99,114,-15
107900330,14,326,-312
107900331,228,33,195
107900332,233,40,193
107900333,56,24,32
107900334,12,198,-186
107900335,116,53,63
107900336,40,84,-44
107900337,1064,777,287
107900338,2,163,-161
107900339,0,32,-32
107900340,3,68,-65
107900341,84,5,79
107900342,130,145,-15
107900343,66,1,65
107900344,9,68,-59
107900345,129,27,102
107900346,32,2,30
107900347,30,4,26
107900348,10,4,6
107900349,22,10,12
107900350,34,268,-234
107900351,5,208,-203
107900352,3,29,-26
107900353,7,4,3
107900354,28,50,-22
108000001,3321,4457,-1136
108000002,2424,3135,-711
108000003,3924,3833,91
108000004,13910,16775,-2865
108000005,9060,7451,1609
108000006,9863,9402,461
108000007,5357,4711,646
108000008,4975,7673,-2698
108000009,4109,5375,-1266
108000010,3769,5071,-1302
108000011,13285,13636,-351
108000012,20408,18152,2256
108000014,999,802,197
108000015,803,385,418
108000016,319,594,-275
108000017,1273,549,724
108000018,2166,791,1375
108000019,2297,931,1366
108000020,1643,629,1014
108000021,484,1767,-1283
108000022,502,1283,-781
108000023,1405,281,1124
108000024,278,568,-290
108000025,322,240,82
108000026,748,465,283
108000027,813,544,269
108000028,533,266,267
108000029,521,582,-61
108000030,705,250,455
108000031,306,631,-325
108000032,1760,787,973
108000033,861,1259,-398
108000034,1875,598,1277
108000035,831,2650,-1819
108000036,380,1080,-700
108000037,1739,477,1262
108000038,2702,749,1953
108000039,585,2144,-1559
108000040,2133,1089,1044
108000041,674,2636,-1962
108000042,283,291,-8
108000043,184,276,-92
108000044,517,220,297
108000045,340,620,-280
108000046,1447,436,1011
108000047,477,1138,-661
108000048,169,423,-254
108000049,915,317,598
108000050,107,421,-314
108000051,365,152,213
108000052,248,716,-468
108000053,444,211,233
108000054,624,1123,-499
108000055,1317,660,657
108000056,1234,1384,-150
108000057,672,1400,-728
108000058,2157,4071,-1914
108000059,3666,2246,1420
108000060,195,434,-239
108000061,171,320,-149
108000062,858,666,192
108000063,621,559,62
108000064,214,298,-84
108000065,592,578,14
108000066,1576,881,695
108000067,1867,655,1212
108000068,883,451,432
108000069,222,1150,-928
108000070,1871,934,937
108000071,671,1641,-970
108000072,1727,1291,436
108000073,1518,2068,-550
108000074,634,528,106
108000075,430,1010,-580
108000076,873,707,166
108000077,691,827,-136
108000078,2274,1571,703
108000079,996,1768,-772
108000080,1300,662,638
108000081,702,1814,-1112
108000082,1081,2083,-1002
108000083,2154,1129,1025
108000084,513,1330,-817
108000085,744,528,216
108000086,867,861,6
108000087,218,2252,-2034
108000088,155,14,141
108000089,421,438,-17
108000090,487,248,239
108000091,365,468,-103
108000092,170,110,60
108000093,165,610,-445
108000094,484,124,360
108000095,182,392,-210
108000096,283,178,105
108000097,134,430,-296
108000098,1695,1568,127
108000099,254,110,144
108000100,70,243,-173
108000101,1143,1645,-502
108000102,1817,3315,-1498
108000106,1058,3,1055
108000107,2,778,-776
108000108,857,62,795
108000109,8,702,-694
108000110,196,328,-132
108000111,223,605,-382
108000112,77,163,-86
108000113,579,276,303
108000115,364,325,39
108000117,853,379,474
108000118,97,276,-179
108000119,708,437,271
108000120,197,794,-597
108000121,232,515,-283
108000122,514,316,198
108000123,826,243,583
108000124,338,540,-202
108000125,402,309,93
108000126,174,419,-245
108000127,630,413,217
108000128,644,674,-30
108000129,329,1181,-852
108000130,441,246,195
108000131,1080,653,427
108000132,2327,1655,672
108000133,1005,581,424
108000134,532,655,-123
108000135,1218,499,719
108000136,442,1118,-676
108000137,545,355,190
108000138,461,1003,-542
108000139,528,351,177
108000140,158,22,136
108000141,52,92,-40
108000142,63,115,-52
108000143,51,23,28
108000144,58,18,40
108000145,45,13,32
108000146,54,8,46
108000147,36,29,7
108000148,77,8,69
108000149,16,21,-5
108000150,31,2,29
108000151,35,12,23
108000152,115,517,-402
108000153,559,155,404
108000154,76,6,70
108000155,32,25,7
108000156,282,111,171
108000157,195,979,-784
108000158,93,850,-757
108000159,676,292,384
108000160,3138,1223,1915
108000161,2925,2685,240
108000165,13,191,-178
108000172,1,302,-301
108000173,2104,2030,74
108000175,366,111,255
108000178,447,387,60
108000179,192,893,-701
108000181,78,35,43
108000182,139,19,120
108000183,53,23,30
108000184,1094,2145,-1051
108000185,302,525,-223
108000186,215,54,161
108000187,110,598,-488
108000188,743,219,524
108000189,732,1382,-650
108000190,43,128,-85
108000192,204,596,-392
108000193,913,37,876
108000194,43,8,35
108000195,1,1068,-1067
108000196,208,184,24
108000198,542,318,224
108000199,0,213,-213
108000200,426,532,-106
108000202,0,106,-106
108000203,140,708,-568
108000204,169,64,105
108000205,338,518,-180
108000339,1437,414,1023
108000364,148,334,-186
108000365,87,387,-300
108000367,187,403,-216
108000368,8,63,-55
108000369,1147,248,899
108000371,3,580,-577
108000372,719,1,718
108000373,239,160,79
108000376,103,36,67
108000377,531,330,201
108000378,10158,11657,-1499
108000379,38,270,-232
108000381,77,13,64
108000382,157,0,157
108000383,2,183,-181
108900001,104,1163,-1059
108900002,215,67,148
108900003,363,748,-385
108900004,198,487,-289
108900005,85,454,-369
108900006,787,180,607
108900007,266,274,-8
108900008,110,169,-59
108900009,94,155,-61
108900010,300,247,53
108900011,611,545,66
108900012,371,492,-121
108900013,139,286,-147
108900014,13,148,-135
108900015,0,41,-41
108900016,4,235,-231
108900017,375,520,-145
108900018,180,453,-273
108900019,47,796,-749
108900020,48,208,-160
108900021,146,310,-164
108900022,135,12,123
108900023,8,31,-23
108900024,55,144,-89
108900025,113,106,7
108900026,11,108,-97
108900027,0,103,-103
108900028,87,346,-259
108900029,60,240,-180
108900030,1,94,-93
108900031,119,440,-321
108900032,17,280,-263
108900033,1,95,-94
108900034,2,217,-215
108900035,388,1362,-974
108900036,223,284,-61
108900037,70,380,-310
108900038,4,341,-337
108900039,0,425,-425
108900040,9,88,-79
108900041,5732,3554,2178
108900042,6,361,-355
108900043,55,491,-436
108900044,2,521,-519
108900045,61,507,-446
108900046,40,840,-800
108900047,0,107,-107
108900048,126,910,-784
108900049,3717,1290,2427
108900050,6,226,-220
108900051,1,186,-185
108900052,52,239,-187
108900053,97,205,-108
108900054,88,189,-101
108900055,70,399,-329
108900056,0,188,-188
108900057,0,137,-137
108900058,33,347,-314
108900059,462,38,424
108900060,100,142,-42
108900061,102,36,66
108900062,5,257,-252
108900063,12,285,-273
108900064,218,91,127
108900065,14,236,-222
108900066,344,138,206
108900067,19,210,-191
108900068,8,185,-177
108900069,65,85,-20
108900070,35,145,-110
108900071,90,68,22
108900072,2201,760,1441
108900073,79,359,-280
108900074,239,386,-147
108900075,71,59,12
108900076,365,93,272
108900077,170,507,-337
108900078,33,144,-111
108900079,965,234,731
108900080,38,910,-872
108900081,69,245,-176
108900082,85,137,-52
108900083,42,289,-247
108900084,467,161,306
108900085,2373,207,2166
108900086,127,291,-164
108900087,124,203,-79
108900088,1107,489,618
108900089,25,167,-142
108900090,57,281,-224
108900091,163,114,49
108900092,536,456,80
108900093,140,149,-9
108900094,205,75,130
108900095,37,356,-319
108900096,398,31,367
108900097,300,256,44
108900098,2354,693,1661
108900099,471,292,179
108900100,129,169,-40
108900101,259,186,73
108900102,156,1106,-950
108900103,113,165,-52
108900104,191,425,-234
108900105,4,1303,-1299
108900106,557,382,175
108900108,569,56,513
108900109,385,71,314
108900110,313,436,-123
108900111,539,573,-34
108900112,288,38,250
108900113,33,58,-25
108900114,65,25,40
108900115,80,113,-33
108900116,81,17,64
108900117,187,21,166
108900118,638,24,614
108900119,278,35,243
108900120,274,185,89
108900121,310,119,191
108900122,108,21,87
108900123,125,157,-32
108900124,479,222,257
108900125,555,5,550
108900126,108,32,76
108900127,164,25,139
108900128,144,47,97
108900129,775,140,635
108900130,301,2,299
108900131,415,4,411
108900132,533,63,470
108900133,234,59,175
108900134,354,281,73
108900135,163,10,153
108900136,42,1,41
108900137,147,1,146
108900138,721,55,666
108900139,474,87,387
108900140,314,235,79
108900141,365,10,355
108900142,144,5,139
108900143,69,0,69
108900144,112,2,110
108900145,178,12,166
108900146,73,0,73
108900147,270,1,269
108900148,95,50,45
108900149,608,406,202
108900150,275,5,270
108900151,212,8,204
108900152,171,15,156
108900153,158,409,-251
108900154,5023,614,4409
108900155,308,109,199
108900156,194,67,127
108900157,25,487,-462
108900158,419,36,383
108900159,2,306,-304
108900160,41,288,-247
108900161,6,428,-422
108900162,99,0,99
108900163,11,266,-255
108900164,52,95,-43
108900165,199,141,58
108900167,1969,6908,-4939
108900168,8608,2932,5676
108900169,79,104,-25
108900171,8199,3175,5024
108900172,207,50,157
108900173,195,403,-208
108900174,862,769,93
108900176,116,551,-435
108900177,5626,5054,572
108900178,4235,3611,624
108900179,674,1860,-1186
108900180,119,301,-182
108900182,47,350,-303
108900183,245,287,-42
108900184,476,256,220
108900185,178,518,-340
108900186,101,464,-363
108900187,434,64,370
108900188,561,60,501
108900189,649,214,435
108900190,60,3101,-3041
108900191,239,71,168
108900192,116,275,-159
108900193,305,50,255
108900194,32,366,-334
108900195,125,330,-205
108900196,53,371,-318
108900198,12,466,-454
108900199,259,440,-181
108900200,814,419,395
108900201,659,1552,-893
108900203,560,91,469
108900204,419,15,404
108900205,228,40,188
108900206,458,59,399
108900207,179,98,81
108900208,23,321,-298
108900209,299,569,-270
108900210,195,246,-51
108900211,171,543,-372
108900212,752,1540,-788
108900215,83,417,-334
108900216,503,151,352
108900217,124,1,123
108900218,137,34,103
108900219,115,13,102
108900220,59,21,38
108900221,40,150,-110
108900222,294,30,264
108900223,4,96,-92
108900224,55,207,-152
108900225,1,185,-184
108900226,288,14,274
108900227,115,355,-240
108900230,335,270,65
108900231,49,205,-156
108900232,2,321,-319
108900233,449,121,328
108900234,327,197,130
108900235,193,626,-433
108900236,53,337,-284
108900237,95,211,-116
108900240,169,140,29
108900241,33,45,-12
108900245,19,1520,-1501
108900249,159,58,101
108900250,366,287,79
108900257,207,471,-264
108900258,19,233,-214
108900259,181,82,99
108900260,7,89,-82
108900261,83,159,-76
108900262,195,165,30
108900263,63,175,-112
108900264,710,318,392
108900265,829,394,435
108900266,868,558,310
108900267,11,112,-101
108900268,18,7,11
108900269,99,12,87
108900270,93,12,81
108900271,46,25,21
108900272,208,20,188
108900273,1166,793,373
108900274,66,55,11
109000001,2978,1506,1472
109000002,1836,1613,223
109000003,2740,473,2267
109000004,622,2375,-1753
109000005,2722,669,2053
109000006,812,2276,-1464
109000007,1575,738,837
109000008,570,1795,-1225
109000009,4285,1424,2861
109000010,1607,4151,-2544
109000011,3600,2559,1041
109000012,2196,3673,-1477
109000013,4109,3408,701
109000014,2266,3578,-1312
109000015,3963,7443,-3480
109000016,6969,4038,2931
109000017,2661,1462,1199
109000018,998,3280,-2282
109000019,2940,1551,1389
109000020,1154,2036,-882
109000023,332,33,299
109000024,14,216,-202
109000025,343,464,-121
109000026,745,427,318
109000027,120,382,-262
109000028,184,95,89
109000029,124,187,-63
109000030,88,522,-434
109000031,207,198,9
109000032,141,507,-366
109000033,423,278,145
109000034,95,55,40
109000035,18,81,-63
109000036,85,379,-294
109000037,283,1306,-1023
109000038,749,540,209
109000039,1110,844,266
109000040,4558,8571,-4013
109000041,3708,1918,1790
109000042,697,1570,-873
109000044,424,94,330
109000045,113,381,-268
109000046,359,94,265
109000047,106,529,-423
109000048,896,323,573
109000049,382,659,-277
109000050,439,276,163
109000051,299,304,-5
109000052,606,1106,-500
109000053,248,130,118
109000054,288,620,-332
109000055,260,419,-159
109000056,498,516,-18
109000057,813,598,215
109000058,1249,342,907
109000059,1141,1558,-417
109000060,495,318,177
109000061,1058,1197,-139
109000062,196,364,-168
109000063,239,212,27
109000064,241,222,19
109000065,131,194,-63
109000066,362,106,256
109000067,47,334,-287
109000068,2375,14,2361
109000069,979,24,955
109000070,8,1226,-1218
109000071,432,86,346
109000072,109,456,-347
109000073,111,118,-7
109000074,45,229,-184
109000075,106,428,-322
109000076,126,249,-123
109000077,382,313,69
109000078,95,171,-76
109000079,153,207,-54
109000080,156,125,31
109000081,119,566,-447
109000082,667,251,416
109000083,308,742,-434
109000088,129,577,-448
109000089,346,76,270
109000090,228,481,-253
109000091,422,240,182
109000092,386,593,-207
109000093,257,247,10
109000094,599,1,598
109000095,139,526,-387
109000096,699,348,351
109000097,110,186,-76
109000098,42,184,-142
109000099,1125,294,831
109000100,221,555,-334
109000101,1893,820,1073
109000102,400,897,-497
109000103,552,680,-128
109000104,1967,742,1225
109000105,558,1364,-806
109000106,2555,969,1586
109000107,744,2250,-1506
109000108,1959,671,1288
109000109,528,2021,-1493
109000110,1479,633,846
109000111,1061,2248,-1187
109000112,597,158,439
109000113,584,238,346
109000114,246,488,-242
109000115,1340,40,1300
109000116,4,287,-283
109000117,207,64,143
109000118,11,389,-378
109000119,1336,261,1075
109000120,245,956,-711
109000121,508,53,455
109000122,139,889,-750
109000123,37,77,-40
109000124,702,487,215
109000125,870,397,473
109000126,480,960,-480
109000127,1014,286,728
109000128,559,1658,-1099
109000129,2275,930,1345
109000130,875,2160,-1285
109000131,999,630,369
109000132,899,2057,-1158
109000133,505,1126,-621
109000134,854,1606,-752
109000135,1288,1690,-402
109000136,403,379,24
109000137,318,392,-74
109000138,586,355,231
109000139,469,491,-22
109000140,201,460,-259
109000141,532,552,-20
109000142,148,523,-375
109000143,139,91,48
109000145,144,286,-142
109000146,61,123,-62
109000148,3956,2112,1844
109000149,33,61,-28
109000150,137,353,-216
109000155,893,651,242
109000156,1184,791,393
109000158,276,375,-99
109000159,191,685,-494
109000160,889,290,599
109000161,303,1103,-800
109000162,1948,823,1125
109000163,1128,2069,-941
109000164,1225,2644,-1419
109000165,1365,620,745
109000166,681,143,538
109000167,136,631,-495
109000170,37,51,-14
109000171,80,42,38
109000172,38,82,-44
109000173,34,59,-25
109000174,61,57,4
109000175,62,107,-45
109000176,292,263,29
109000177,45,149,-104
109000178,1189,465,724
109000179,5719,5714,5
109000180,5862,3836,2026
109000181,22,41,-19
109000182,63,28,35
109000183,40,44,-4
109000184,57,24,33
109000185,30,62,-32
109000188,673,1955,-1282
109000189,2871,1254,1617
109000190,630,516,114
109000191,363,517,-154
109000192,366,194,172
109000193,186,290,-104
109000194,341,131,210
109000195,146,346,-200
109000196,382,138,244
109000197,210,404,-194
109000198,333,79,254
109000199,112,517,-405
109000206,226,40,186
109000207,116,39,77
109000208,69,69,0
109000209,190,129,61
109000210,225,543,-318
109000211,637,562,75
109000214,447,400,47
109000215,179,96,83
109000216,252,313,-61
109000217,207,150,57
109000218,404,218,186
109000221,632,1209,-577
109000222,1158,304,854
109000223,335,373,-38
109000224,63,152,-89
109000225,81,47,34
109000226,60,218,-158
109000227,1280,1192,88
109000228,3,878,-875
109000231,3,335,-332
109000232,358,351,7
109000236,340,796,-456
109000241,2371,2512,-141
109000242,2264,1672,592
109000293,34,104,-70
109000361,118,300,-182
109000364,312,620,-308
109000396,4,558,-554
109000397,592,11,581
109000399,135,496,-361
109000400,89,257,-168
109000403,138,1091,-953
109000406,314,10,304
109000407,360,278,82
109000408,2,401,-399
109000410,1373,413,960
109000411,198,28,170
109900001,72,0,72
109900002,969,35,934
109900003,270,0,270
109900004,1202,169,1033
109900005,34,5,29
109900006,584,212,372
109900007,811,596,215
109900008,0,45,-45
109900009,99,577,-478
109900010,618,28,590
109900011,132,80,52
109900012,410,278,132
109900013,451,218,233
109900014,488,75,413
109900015,656,288,368
109900016,228,34,194
109900017,205,296,-91
109900018,284,102,182
109900019,272,95,177
109900020,46,34,12
109900021,41,25,16
109900022,137,250,-113
109900023,18,6,12
109900024,28,6,22
109900025,11,80,-69
109900026,7,167,-160
109900027,38,39,-1
109900028,1485,1013,472
109900029,6,383,-377
109900030,70,9,61
109900031,1,108,-107
109900032,19,329,-310
109900033,3,495,-492
109900034,16,1,15
109900035,13,16,-3
109900036,29,84,-55
109900037,35,555,-520
109900038,114,254,-140
109900039,9,0,9
109900040,21,574,-553
109900041,78,360,-282
109900042,28,472,-444
109900044,101,218,-117
109900045,180,51,129
109900046,43,64,-21
109900047,298,357,-59
109900048,6,100,-94
109900049,9,40,-31
109900050,1,149,-148
109900051,0,61,-61
109900052,174,379,-205
109900053,3,294,-291
109900054,643,278,365
109900055,48,348,-300
109900056,13,206,-193
109900057,8,181,-173
109900058,1,75,-74
109900059,643,152,491
109900060,424,154,270
109900061,58,297,-239
109900062,1,211,-210
109900063,14,490,-476
109900064,551,227,324
109900065,87,165,-78
109900066,403,994,-591
109900067,4,230,-226
109900068,85,6,79
109900069,1,52,-51
109900070,34,385,-351
109900071,4,55,-51
109900072,40,190,-150
109900073,444,572,-128
109900074,7,54,-47
109900075,31,29,2
109900076,10,212,-202
109900077,51,67,-16
109900078,123,233,-110
109900080,135,366,-231
109900081,63,339,-276
109900082,51,404,-353
109900083,23,83,-60
109900084,68,153,-85
109900085,265,730,-465
109900086,177,410,-233
109900087,412,715,-303
109900089,755,246,509
109900090,643,1077,-434
109900091,415,112,303
109900092,648,13,635
109900093,983,159,824
109900094,81,97,-16
109900095,107,249,-142
109900096,22,6,16
109900097,101,2,99
109900098,450,47,403
109900099,221,2,219
109900100,43,1,42
109900101,446,26,420
109900102,640,30,610
109900103,58,50,8
109900104,581,748,-167
109900105,492,42,450
109900106,344,81,263
109900107,545,100,445
109900108,100,324,-224
109900109,41,155,-114
109900110,120,375,-255
109900111,394,858,-464
109900112,371,611,-240
109900113,931,634,297
109900114,1540,1009,531
109900115,174,114,60
109900117,1070,157,913
109900118,281,540,-259
109900119,728,400,328
109900120,79,33,46
109900121,536,649,-113
109900122,497,7,490
109900123,26,171,-145
109900124,43,554,-511
109900125,0,159,-159
109900126,309,128,181
109900128,273,49,224
109900130,7277,2666,4611
109900131,58,188,-130
109900132,14,153,-139
109900133,87,335,-248
109900134,78,111,-33
109900135,495,92,403
109900136,48,158,-110
109900137,111,320,-209
109900140,312,237,75
109900142,1466,381,1085
109900145,8,630,-622
109900146,579,52,527
109900148,43,102,-59
109900149,37,108,-71
109900150,8,114,-106
109900151,5,76,-71
109900152,1,33,-32
109900153,1,44,-43
109900154,46,0,46
109900155,82,11,71
109900157,81,269,-188
109900158,87,144,-57
109900159,255,42,213
109900160,188,79,109
109900161,288,110,178
109900162,245,138,107
109900163,773,404,369
109900164,47,226,-179
109900165,267,9,258
109900166,3,177,-174
109900167,199,644,-445
109900168,298,761,-463
109900169,275,258,17
109900170,303,811,-508
109900171,164,115,49
109900172,187,270,-83
109900173,3109,2439,670
109900174,45,112,-67
109900175,62,97,-35
109900176,106,209,-103
109900177,53,271,-218
109900178,11,133,-122
109900179,30,15,15
109900180,6,14,-8
110000001,1024,570,454
110000002,606,856,-250
110000003,1093,808,285
110000004,621,771,-150
110000005,519,1901,-1382
110000006,359,389,-30
110000007,138,122,16
110000008,24,62,-38
110000009,61,19,42
110000010,54,73,-19
110000011,66,74,-8
110000012,652,490,162
110000013,44,619,-575
110000014,589,441,148
110000015,283,627,-344
110000016,308,1825,-1517
110000017,2817,289,2528
110000018,2482,467,2015
110000019,7,75,-68
110000020,457,239,218
110000021,612,548,64
110000022,1083,291,792
110000023,8,169,-161
110000024,759,331,428
110000025,470,4,466
110000026,10,363,-353
110000027,1423,816,607
110000028,897,789,108
110000029,614,733,-119
110000030,307,360,-53
110000031,252,543,-291
110000032,735,439,296
110000033,379,121,258
110000034,611,753,-142
110000035,1086,617,469
110000036,1258,713,545
110000037,279,476,-197
110000038,278,741,-463
110000039,732,3228,-2496
110000040,344,339,5
110000041,290,1343,-1053
110000042,130,289,-159
110000043,872,304,568
110000044,206,161,45
110000045,1621,111,1510
110000046,6,11,-5
110000047,53,32,21
110000048,6,26,-20
110000049,61,14,47
110000050,8,201,-193
110000051,42,10,32
110000052,35,42,-7
110000053,382,186,196
110000054,144,280,-136
110000055,502,128,374
110000056,278,84,194
110000057,481,619,-138
110000058,1325,582,743
110000059,1073,607,466
110000060,867,1147,-280
110000061,1041,877,164
110000062,790,1087,-297
110000063,27,131,-104
110000064,108,71,37
110000065,79,97,-18
110000066,80,60,20
110000067,118,191,-73
110000068,426,215,211
110000069,212,111,101
110000071,126,121,5
110000073,12,25,-13
110000075,19,82,-63
110000076,311,512,-201
110000077,389,1639,-1250
110000078,37,56,-19
110000080,294,737,-443
110000081,47,393,-346
110000082,47,460,-413
110000083,260,678,-418
110000084,1268,910,358
110000085,2272,1802,470
110000086,1467,2603,-1136
110000087,11,60,-49
110000088,91,288,-197
110000089,299,145,154
110000090,146,270,-124
110000091,1116,279,837
110000092,28,70,-42
110000093,50,17,33
110000094,664,348,316
110000095,308,656,-348
110000096,2427,2131,296
110000097,1192,1208,-16
110000098,2206,661,1545
110000099,883,1730,-847
110000100,935,475,460
110000101,35,425,-390
110000102,74,34,40
110000104,366,149,217
110000105,59,319,-260
110000106,703,417,286
110000107,371,414,-43
110000108,120,83,37
110000109,335,331,4
110000110,3564,5690,-2126
110000111,6507,3315,3192
110000112,1709,1664,45
110000113,529,2529,-2000
110000114,183,685,-502
110000115,367,402,-35
110000116,46,39,7
110000117,196,308,-112
110000118,430,199,231
110000119,273,311,-38
110000120,454,185,269
110000121,124,475,-351
110000122,501,789,-288
110000123,667,942,-275
110000124,6,995,-989
110000125,1029,38,991
110000126,340,44,296
110000127,1501,75,1426
110000128,44,1436,-1392
110000129,3,537,-534
110000130,299,237,62
110000131,99,326,-227
110000132,0,649,-649
110000133,42,464,-422
110000134,18,354,-336
110000135,187,58,129
110000136,57,233,-176
110000137,558,701,-143
110000138,1024,699,325
110000139,910,1307,-397
110000140,1158,769,389
110000143,726,479,247
110000144,6721,2202,4519
110000145,2576,1372,1204
110000146,2763,1139,1624
110000147,513,712,-199
110000148,563,336,227
110000151,1300,1404,-104
110000152,1133,437,696
110000153,106,43,63
110000154,55,46,9
110000155,2325,4997,-2672
110000156,1136,3169,-2033
110000157,2790,2652,138
110000160,430,299,131
110000161,183,334,-151
110000166,557,132,425
110000167,866,575,291
110000168,1109,607,502
110000169,965,416,549
110000170,105,90,15
110000171,751,181,570
110000172,141,813,-672
110000173,1169,1266,-97
110000174,160,887,-727
110000175,682,58,624
110000176,83,309,-226
110000177,177,973,-796
110000178,473,1538,-1065
110000179,1313,381,932
110000180,228,278,-50
110000181,395,497,-102
110000182,445,140,305
110000183,9234,6980,2254
110000184,455,2493,-2038
110000185,1097,808,289
110000186,812,818,-6
110000191,1035,390,645
110000192,624,15,609
110000193,1219,14,1205
110000194,22,1256,-1234
110000195,526,411,115
110000196,413,377,36
110000197,128,239,-111
110000198,160,114,46
110000199,93,141,-48
110000200,1366,551,815
110000201,1010,1078,-68
110000202,1467,653,814
110000203,852,903,-51
110000204,4,228,-224
110000205,138,76,62
110000206,845,1496,-651
110000207,1027,448,579
110000208,213,219,-6
110000209,205,1013,-808
110000210,1035,598,437
110000211,1016,798,218
110000212,427,1079,-652
110000213,192,113,79
110000214,280,128,152
110000215,219,398,-179
110000216,112,385,-273
110000217,313,180,133
110000218,189,382,-193
110000219,348,91,257
110000220,59,306,-247
110000221,345,82,263
110000222,83,222,-139
110000223,4,175,-171
110000224,110,16,94
110000225,320,805,-485
110000226,235,82,153
110000227,660,693,-33
110000228,337,197,140
110000229,1,297,-296
110000230,763,679,84
110000231,185,236,-51
110000232,230,211,19
110000233,257,267,-10
110000234,814,888,-74
110000235,1033,1298,-265
110000236,677,904,-227
110000237,2402,1339,1063
110000238,1469,1693,-224
110000239,2059,1294,765
110000240,1,77,-76
110000242,0,22,-22
110000243,124,158,-34
110000244,185,368,-183
110000245,38,382,-344
110000246,825,597,228
110000247,1455,5282,-3827
110000248,2411,1702,709
110000249,79,16,63
110000250,31,234,-203
110000251,333,581,-248
110000252,209,230,-21
110000253,1673,752,921
110000254,732,1439,-707
110000255,317,1020,-703
110000256,604,420,184
110000257,911,469,442
110000258,11,416,-405
110000259,175,29,146
110000260,22,234,-212
110000263,645,127,518
110000264,309,506,-197
110000265,1110,1848,-738
110000266,2432,3629,-1197
110000267,39,241,-202
110000268,377,543,-166
110000269,4,75,-71
110000270,89,8,81
110000271,1485,269,1216
110000272,1398,1065,333
110000273,4531,1819,2712
110000274,192,1449,-1257
110000275,1898,558,1340
110000276,281,347,-66
110000277,360,387,-27
110000278,344,836,-492
110000279,1086,955,131
110000280,506,466,40
110000281,47,368,-321
110000282,337,49,288
110000283,86,146,-60
110000284,74,64,10
110000285,4,693,-689
110000286,24,0,24
110000287,75,3,72
110000288,6,108,-102
110000289,523,1812,-1289
110000290,1025,620,405
110000291,4881,1521,3360
110000292,1586,4247,-2661
110000293,712,722,-10
110000294,998,1270,-272
110000295,143,967,-824
110000296,444,399,45
110000297,2710,357,2353
110000298,320,637,-317
110000299,290,101,189
110000301,271,22,249
110000302,414,1033,-619
110000303,367,10,357
110000304,150,267,-117
110000305,1216,24,1192
110000306,137,1246,-1109
110000307,1905,17,1888
110000308,734,4,730
110000309,5,804,-799
110000310,728,78,650
110000311,15,626,-611
110000312,487,125,362
110000313,3043,3797,-754
110000314,3,286,-283
110000315,3757,2920,837
110000316,476,1357,-881
110000317,462,403,59
110000318,11,97,-86
110000319,6,24,-18
110000320,84,58,26
110000321,39,42,-3
110000322,351,351,0
110000323,444,259,185
110000324,3637,1745,1892
110000325,2854,2835,19
110000327,645,290,355
110000328,210,422,-212
110000333,949,696,253
110000334,1081,1385,-304
110000335,970,695,275
110000336,831,1152,-321
110000337,1390,676,714
110000338,644,273,371
110000339,326,222,104
110000340,63,211,-148
110000341,586,585,1
110000342,569,4,565
110000343,1,36,-35
110000344,77,149,-72
110000345,122,146,-24
110000346,2843,2276,567
110000347,1239,874,365
110000348,46,24,22
110000349,18,18,0
110000350,56,6,50
110000351,1008,870,138
110000352,684,1479,-795
110000353,2646,792,1854
110000354,1174,2927,-1753
110000355,97,95,2
110000356,667,10,657
110000357,352,12,340
110000361,39,56,-17
110000362,76,95,-19
110000363,469,131,338
110000364,218,399,-181
110000365,187,5,182
110000366,0,108,-108
110000367,397,196,201
110000368,4,62,-58
110000369,44,3,41
110000373,8,318,-310
110000374,165,14,151
110000375,186,952,-766
110000376,37,113,-76
110000377,84,542,-458
110000378,24,371,-347
110000379,2893,1705,1188
110000380,80,12,68
110000383,2,1195,-1193
110000384,2517,1006,1511
110000385,2,227,-225
110000387,105,10,95
110000388,52,227,-175
110000389,839,5,834
110000391,630,419,211
110000396,159,181,-22
110000397,124,184,-60
110000398,7,46,-39
110000399,163,0,163
110000587,122,68,54
110000589,236,187,49
110000640,188,58,130
110000652,91,381,-290
110000653,312,390,-78
110000654,131,154,-23
110000656,1,715,-714
110000674,38,22,16
110000675,52,45,7
110000676,37,35,2
110000679,353,1357,-1004
110000682,116,207,-91
110000683,330,526,-196
110000684,3,54,-51
110000685,15,16,-1
110000686,2,43,-41
110000687,46,6,40
110000688,75,919,-844
110000689,40,41,-1
110000692,89,146,-57
110000693,122,279,-157
110000694,1,230,-229
110000695,316,649,-333
110000696,107,94,13
110900001,306,16,290
110900002,342,209,133
110900003,822,692,130
110900004,496,179,317
110900005,2737,2186,551
110900006,41,12,29
110900007,119,34,85
110900008,12,48,-36
110900009,510,127,383
110900010,7,74,-67
110900011,26,111,-85
110900012,20,99,-79
110900013,1028,176,852
110900014,196,15,181
110900015,541,790,-249
110900016,50,162,-112
110900017,486,36,450
110900018,477,65,412
110900019,237,36,201
110900020,103,296,-193
110900021,93,656,-563
110900022,103,302,-199
110900023,128,420,-292
110900024,25,442,-417
110900025,4,48,-44
110900027,49,267,-218
110900028,47,152,-105
110900029,39,364,-325
110900030,47,258,-211
110900031,1,109,-108
110900032,0,69,-69
110900033,53,264,-211
110900035,24,561,-537
110900036,92,29,63
110900037,68,24,44
110900038,1024,282,742
110900039,7,253,-246
110900040,260,41,219
110900041,7,101,-94
110900042,135,67,68
110900043,5,110,-105
110900044,298,23,275
110900045,60,482,-422
110900046,40,294,-254
110900047,652,298,354
110900049,120,92,28
110900050,27,6,21
110900051,52,256,-204
110900052,4,133,-129
110900053,146,47,99
110900054,52,237,-185
110900055,33,6,27
110900056,81,147,-66
110900057,15,170,-155
110900058,264,219,45
110900059,698,619,79
110900060,524,144,380
110900061,37,56,-19
110900062,178,287,-109
110900063,44,156,-112
110900064,13,0,13
110900065,438,173,265
110900066,11,65,-54
110900067,378,601,-223
110900068,292,265,27
110900069,7,32,-25
110900070,106,87,19
110900071,323,644,-321
110900073,1,26,-25
110900074,372,93,279
110900075,476,97,379
110900077,959,693,266
110900078,24,43,-19
110900079,2477,1633,844
110900080,159,77,82
110900081,10,52,-42
110900082,116,123,-7
110900083,137,75,62
110900084,49,94,-45
110900085,51,277,-226
110900086,73,354,-281
110900087,401,84,317
110900088,21,2,19
110900090,45,44,1
110900091,15,60,-45
110900093,270,128,142
110900095,47,73,-26
110900097,14,18,-4
110900098,50,121,-71
110900099,83,409,-326
110900100,1,25,-24
110900102,87,25,62
110900105,679,258,421
110900108,13,79,-66
110900111,545,137,408
110900112,1017,17,1000
110900113,550,51,499
110900115,12,72,-60
110900116,882,1846,-964
110900118,149,2742,-2593
110900119,3999,426,3573
110900120,23,94,-71
110900121,156,1,155
110900122,436,235,201
110900125,450,521,-71
110900127,892,1564,-672
110900128,350,351,-1
110900129,617,1047,-430
110900130,1344,770,574
110900131,247,45,202
110900132,306,116,190
110900133,114,212,-98
110900135,122,391,-269
110900136,322,21,301
110900137,49,0,49
110900138,1518,379,1139
110900139,13,92,-79
110900140,80,1,79
110900141,2,127,-125
110900142,81,224,-143
110900143,155,81,74
110900144,2,763,-761
110900145,202,42,160
110900146,457,166,291
110900147,145,319,-174
110900148,6,348,-342
110900149,2,72,-70
110900150,66,25,41
110900151,19,104,-85
110900152,40,280,-240
110900153,185,69,116
111000001,545,557,-12
111000002,858,694,164
111000003,1151,718,433
111000004,505,1014,-509
111000005,1337,1291,46
111000006,979,1724,-745
111000007,4647,3238,1409
111000008,2387,3839,-1452
111000009,414,864,-450
111000010,897,280,617
111000011,544,1181,-637
111000012,888,510,378
111000013,482,1244,-762
111000014,1876,646,1230
111000017,122,1059,-937
111000018,248,396,-148
111000020,1020,2733,-1713
111000021,68,86,-18
111000023,93,84,9
111000025,4891,4316,575
111000029,112,179,-67
111000030,43,172,-129
111000031,2198,1452,746
111000032,569,361,208
111000033,307,343,-36
111000034,256,210,46
111000037,1847,1306,541
111000038,4848,3121,1727
111000039,2479,2673,-194
111000040,2443,2908,-465
111000041,2218,2027,191
111000042,3470,2725,745
111000043,2080,3281,-1201
111000044,1925,1259,666
111000045,2452,2556,-104
111000046,1794,2069,-275
111000047,2790,4499,-1709
111000049,580,535,45
111000050,1672,1633,39
111000051,549,1237,-688
111000052,697,1885,-1188
111000053,444,1067,-623
111000054,410,936,-526
111000055,1113,1914,-801
111000056,97,515,-418
111000057,93,586,-493
111000058,411,60,351
111000059,464,245,219
111000060,3676,1026,2650
111000061,556,484,72
111000062,829,357,472
111000063,2082,1010,1072
111000064,677,698,-21
111000065,1110,1004,106
111000066,515,537,-22
111000067,525,701,-176
111000068,811,1196,-385
111000069,2201,2424,-223
111000070,1520,1255,265
111000071,307,737,-430
111000072,1221,514,707
111000073,353,830,-477
111000074,1543,1801,-258
111000075,1312,775,537
111000076,497,660,-163
111000077,2041,2218,-177
111000078,3418,1815,1603
111000079,1489,873,616
111000080,671,733,-62
111000081,1672,4167,-2495
111000082,655,764,-109
111000084,834,619,215
111000085,1043,1576,-533
111000086,2772,1443,1329
111000087,752,744,8
111000088,5242,2458,2784
111000089,863,906,-43
111000090,994,1487,-493
111000091,839,545,294
111000092,1571,992,579
111000093,782,1092,-310
111000094,2076,1164,912
111000095,695,2525,-1830
111000096,2049,8366,-6317
111000097,5297,1874,3423
111000098,1049,1516,-467
111000099,759,1970,-1211
111000100,428,1643,-1215
111000101,423,839,-416
111000102,315,591,-276
111000104,681,217,464
111000107,201,725,-524
111000109,920,326,594
111000110,1401,734,667
111000111,2300,651,1649
111000112,1756,696,1060
111000113,1111,1627,-516
111000114,2322,3824,-1502
111000115,6273,1338,4935
111000116,1111,1178,-67
111000117,479,1102,-623
111000118,1535,988,547
111000119,1101,1168,-67
111000120,446,677,-231
111000121,304,777,-473
111000122,664,1168,-504
111000123,1191,3030,-1839
111000124,459,2854,-2395
111000125,257,1597,-1340
111000126,100,956,-856
111000127,988,230,758
111000128,1713,381,1332
111000129,2961,473,2488
111000130,2314,784,1530
111000131,1729,584,1145
111000132,1578,786,792
111000133,232,239,-7
111000134,161,191,-30
111000135,59,187,-128
111000136,375,331,44
111000138,10,11,-1
111000140,6,6,0
111000141,248,360,-112
111000142,21,113,-92
111000143,3,122,-119
111000144,28,255,-227
111000145,1605,18,1587
111000146,177,7,170
111000147,301,19,282
111000148,184,79,105
111000149,3,32,-29
111000150,28,5,23
111000151,5,35,-30
111000153,759,876,-117
111000154,926,264,662
111000155,122,205,-83
111000156,443,777,-334
111000157,307,1265,-958
111000158,1004,767,237
111000159,2513,753,1760
111000160,379,342,37
111000161,19,316,-297
111000162,105,125,-20
111000163,717,947,-230
111000164,732,4266,-3534
111000165,1158,623,535
111000166,2553,473,2080
111000167,221,479,-258
111000168,212,505,-293
111000169,368,767,-399
111000170,634,449,185
111000171,578,708,-130
111000172,182,511,-329
111000173,406,853,-447
111000174,244,388,-144
111000175,49,347,-298
111000176,322,129,193
111000177,342,231,111
111000178,1436,349,1087
111000179,208,152,56
111000180,248,509,-261
111000181,997,251,746
111000182,192,194,-2
111000183,469,330,139
111000184,395,265,130
111000185,412,503,-91
111000186,432,319,113
111000187,140,243,-103
111000188,252,449,-197
111000189,1193,712,481
111000190,266,404,-138
111000191,189,410,-221
111000192,214,643,-429
111000193,262,331,-69
111000194,87,303,-216
111000195,197,325,-128
111000196,89,233,-144
111000197,474,156,318
111000198,686,130,556
111000199,247,157,90
111000200,388,327,61
111000201,689,338,351
111000202,311,185,126
111000203,302,338,-36
111000204,489,1273,-784
111000213,260,497,-237
111000214,1755,1665,90
111000215,1255,1481,-226
111000217,1612,1247,365
111000218,1335,1437,-102
111000219,491,243,248
111000220,1958,699,1259
111000221,928,134,794
111000224,44,350,-306
111000225,380,284,96
111000226,146,4,142
111000227,38,7,31
111000228,29,327,-298
111000229,59,868,-809
111000230,277,463,-186
111000231,1261,882,379
111000232,497,919,-422
111000233,1108,849,259
111000234,133,422,-289
111000239,127,158,-31
111000240,33,218,-185
111000241,59,316,-257
111000242,228,74,154
111000243,92,583,-491
111000244,533,132,401
111000245,1190,483,707
111000246,599,434,165
111000247,332,889,-557
111000248,742,566,176
111000249,501,697,-196
111000250,49,96,-47
111000251,56,92,-36
111000253,15,18,-3
111000255,30,14,16
111000257,43,15,28
111000260,97,1101,-1004
111000261,1450,128,1322
111000271,53,269,-216
111000273,4230,1848,2382
111000274,1269,2316,-1047
111000275,143,66,77
111000276,304,2208,-1904
111000277,185,463,-278
111000278,694,282,412
111000291,723,5675,-4952
111000298,618,258,360
111000299,637,139,498
111000300,124,638,-514
111000302,283,71,212
111000303,83,284,-201
111000312,49,108,-59
111000315,13,138,-125
111000320,356,889,-533
111000321,407,143,264
111000322,395,563,-168
111000323,217,22,195
111000324,412,344,68
111000325,78,92,-14
111000326,190,369,-179
111000327,404,488,-84
111000328,255,673,-418
111000329,2,31,-29
111000330,77,11,66
111000331,26,6,20
111000332,595,1592,-997
111000334,415,1459,-1044
111000335,1036,311,725
111000337,1278,463,815
111000338,137,160,-23
111000339,778,447,331
111000340,201,597,-396
111000341,1225,766,459
111000342,320,936,-616
111000344,1184,828,356
111000345,269,84,185
111000346,8,130,-122
111000347,175,27,148
111000350,214,127,87
111000351,183,378,-195
111000352,228,120,108
111000353,193,324,-131
111000354,720,110,610
111000355,614,607,7
111000358,227,1306,-1079
111000360,224,742,-518
111000361,147,310,-163
111000546,922,711,211
111000547,400,579,-179
111000548,135,385,-250
111000549,359,368,-9
111000550,146,1007,-861
111000551,973,203,770
111000552,2190,198,1992
111000907,567,11,556
111000908,34,0,34
111000916,1846,369,1477
111000917,50,446,-396
111000918,233,905,-672
111000920,501,21,480
111000921,11,220,-209
111000922,607,327,280
111000924,58,761,-703
111000925,2416,2121,295
111000926,1014,1748,-734
111000927,3122,4411,-1289
111000928,4707,3967,740
111000929,1154,1244,-90
111000930,861,2763,-1902
111000931,2055,3130,-1075
111000932,4495,2726,1769
111000933,3830,2444,1386
111000934,2132,3933,-1801
111000935,1355,1166,189
111000936,1278,2345,-1067
111000937,1004,1641,-637
111000938,1760,1715,45
111000939,533,49,484
111000940,466,167,299
111000941,376,493,-117
111000943,465,269,196
111000944,175,405,-230
111000945,101,1508,-1407
111001109,575,414,161
111001110,158,525,-367
111001111,85,9,76
111001112,136,7,129
111001113,1,203,-202
111001114,1062,179,883
111001115,117,539,-422
111001116,5620,4234,1386
111001117,767,2921,-2154
111001120,135,239,-104
111001121,242,266,-24
111001122,213,518,-305
111001123,252,94,158
111001124,77,191,-114
111001125,5,112,-107
111900001,12,109,-97
111900002,23,741,-718
111900003,1,309,-308
111900004,66,140,-74
111900006,19,83,-64
111900007,125,12,113
111900008,250,7,243
111900009,211,222,-11
111900010,399,570,-171
111900012,73,105,-32
111900013,46,95,-49
111900014,5627,3724,1903
111900015,0,59,-59
111900016,2,136,-134
111900017,1,89,-88
111900018,230,18,212
111900019,6,124,-118
111900020,7,55,-48
111900021,50,143,-93
111900022,20,115,-95
111900023,117,127,-10
111900024,17,69,-52
111900025,1,37,-36
111900026,0,81,-81
111900027,6,153,-147
111900028,1,386,-385
111900029,4,116,-112
111900030,35,387,-352
111900031,90,140,-50
111900032,3,323,-320
111900033,8,111,-103
111900034,299,572,-273
111900035,61,259,-198
111900036,4,324,-320
111900038,281,644,-363
111900039,81,379,-298
111900040,1,544,-543
111900042,46,127,-81
111900043,2,303,-301
111900044,393,258,135
111900046,67,167,-100
111900048,227,665,-438
111900049,32,270,-238
111900050,94,42,52
111900051,5,226,-221
111900052,521,479,42
111900053,1303,1408,-105
111900054,162,4,158
111900055,19,461,-442
111900056,206,323,-117
111900057,128,21,107
111900058,367,649,-282
111900059,1872,608,1264
111900060,352,2,350
111900061,8,251,-243
111900062,16,72,-56
111900063,321,238,83
111900064,138,254,-116
111900065,81,49,32
111900066,171,182,-11
111900067,1,400,-399
111900068,49,55,-6
111900069,95,29,66
111900070,143,123,20
111900071,2,221,-219
111900072,35,18,17
111900073,805,140,665
111900074,15,209,-194
111900075,69,12,57
111900076,154,65,89
111900077,20,1,19
111900078,272,19,253
111900079,59,39,20
111900080,262,293,-31
111900082,119,45,74
111900083,151,20,131
111900084,139,17,122
111900085,42,165,-123
111900086,32,7,25
111900087,49,0,49
111900088,550,11,539
111900089,130,8,122
111900090,67,70,-3
111900091,265,2,263
111900092,112,0,112
111900093,386,5,381
111900094,132,1,131
111900095,247,41,206
111900096,166,3,163
111900097,77,0,77
111900098,229,2,227
111900099,80,0,80
111900100,151,6,145
111900101,92,41,51
111900102,606,495,111
111900103,83,120,-37
111900104,235,84,151
111900105,318,191,127
111900106,1134,52,1082
111900110,1887,401,1486
111900111,229,204,25
111900112,696,2429,-1733
111900113,267,96,171
111900118,418,111,307
111900119,370,169,201
111900122,141,138,3
111900123,19,46,-27
111900124,53,114,-61
111900125,506,33,473
111900126,350,9,341
111900127,1,639,-638
111900128,4,440,-436
111900129,333,7,326
111900130,321,30,291
111900131,510,6,504
111900132,38,992,-954
111900133,17,320,-303
111900134,11,261,-250
111900135,12,38,-26
111900136,85,154,-69
111900137,86,84,2
111900138,15,127,-112
111900139,16,147,-131
111900140,103,34,69
111900141,98,12,86
111900142,127,39,88
111900143,21,219,-198
111900144,0,83,-83
111900145,3,425,-422
111900146,3,298,-295
111900147,187,459,-272
111900148,33,659,-626
111900149,4,255,-251
111900150,17,147,-130
111900151,2,31,-29
111900152,146,79,67
111900153,1601,513,1088
111900154,14,261,-247
111900155,77,93,-16
111900156,58,101,-43
111900157,83,38,45
111900158,502,62,440
111900159,333,22,311
111900160,290,0,290
111900161,174,0,174
111900162,47,198,-151
111900163,51,251,-200
111900164,114,106,8
111901113,449,249,200
111901114,222,303,-81
111901115,95,3,92
111901116,39,3,36
111901117,17,35,-18
111901118,54,244,-190
111901119,824,69,755
111901121,217,233,-16
111901122,6,563,-557
111901123,207,345,-138
111901124,181,1,180
111901125,391,164,227
111901127,709,598,111
111901128,18,95,-77
111901129,9,146,-137
111901130,9,251,-242
111901131,6,210,-204
111901132,135,13,122
111901133,39,4,35
111901134,49,4,45
111901135,20,15,5
111901136,43,43,0
111901137,0,20,-20
111901138,238,44,194
111901139,20,22,-2
111901140,9,110,-101
111901141,26,161,-135
111901142,6,128,-122
111901143,5,86,-81
111901144,43,44,-1
111901145,193,312,-119
111901146,503,18,485
112000001,2179,868,1311
112000002,795,2723,-1928
112000003,1449,1090,359
112000004,832,1193,-361
112000005,3397,3777,-380
112000006,2829,2347,482
112000007,2828,2216,612
112000008,2441,3884,-1443
112000009,3715,3342,373
112000010,2799,3205,-406
112000011,1931,1831,100
112000012,4897,4354,543
112000013,5359,3268,2091
112000014,3723,2096,1627
112000015,4411,3710,701
112000016,6530,1439,5091
112000017,2754,2729,25
112000024,2920,1424,1496
112000026,4170,5219,-1049
112000027,978,624,354
112000028,1573,1708,-135
112000029,496,666,-170
112000030,198,81,117
112000031,1756,4722,-2966
112000032,491,71,420
112000033,2158,1852,306
112000034,305,64,241
112000035,122,361,-239
112000036,931,1051,-120
112000037,1228,791,437
112000038,1370,987,383
112000039,72,98,-26
112000040,121,293,-172
112000041,581,521,60
112000042,1443,449,994
112000050,1238,1517,-279
112000051,1074,1260,-186
112000054,1804,1990,-186
112000057,503,477,26
112000058,353,688,-335
112000059,616,874,-258
112000061,3566,2420,1146
112000062,1873,755,1118
112000063,1412,1633,-221
112000064,4498,5676,-1178
112000065,2082,2740,-658
112000066,3903,1495,2408
112000067,866,829,37
112000068,3507,2563,944
112000069,869,2009,-1140
112000070,2330,1023,1307
112000071,1200,2953,-1753
112000072,2663,1018,1645
112000073,1940,2605,-665
112000074,1817,1439,378
112000075,1595,1436,159
112000076,3792,3093,699
112000077,604,622,-18
112000078,1995,758,1237
112000079,1586,1357,229
112000080,859,886,-27
112000081,1712,2646,-934
112000082,1686,944,742
112000083,651,1364,-713
112000084,1275,906,369
112000085,1199,1040,159
112000086,1908,1419,489
112000087,490,413,77
112000088,837,660,177
112000089,403,298,105
112000090,321,288,33
112000091,708,1236,-528
112000092,2219,1411,808
112000093,1829,1147,682
112000094,669,986,-317
112000095,707,1122,-415
112000096,634,716,-82
112000097,1339,764,575
112000098,1322,1330,-8
112000099,778,1828,-1050
112000100,2025,923,1102
112000101,690,1200,-510
112000102,1342,647,695
112000103,397,1189,-792
112000105,539,1828,-1289
112000106,1543,604,939
112000107,57,209,-152
112000108,245,1706,-1461
112000109,126,85,41
112000110,2176,701,1475
112000111,1340,3449,-2109
112000112,4751,701,4050
112000113,893,1799,-906
112000114,2911,1035,1876
112000115,442,521,-79
112000116,921,1322,-401
112000117,1136,911,225
112000118,1115,961,154
112000119,587,871,-284
112000120,77,423,-346
112000121,147,509,-362
112000122,360,197,163
112000123,720,188,532
112000124,362,101,261
112000125,271,297,-26
112000126,299,502,-203
112000127,2923,2322,601
112000128,1328,739,589
112000129,140,136,4
112000130,245,102,143
112000131,70,383,-313
112000132,151,276,-125
112000133,365,212,153
112000134,441,393,48
112000135,1326,710,616
112000136,1096,1300,-204
112000137,2011,1647,364
112000138,1719,1386,333
112000139,1080,658,422
112000140,1163,1314,-151
112000141,897,343,554
112000142,198,642,-444
112000143,1288,262,1026
112000144,320,1323,-1003
112000145,2911,687,2224
112000146,681,2154,-1473
112000147,2824,2210,614
112000148,2170,2568,-398
112000149,514,669,-155
112000150,269,690,-421
112000151,390,406,-16
112000152,343,469,-126
112000153,173,322,-149
112000154,131,228,-97
112000155,169,114,55
112000157,889,590,299
112000158,326,493,-167
112000159,545,464,81
112000167,427,74,353
112000169,400,493,-93
112000173,868,305,563
112000175,432,423,9
112000176,3459,2442,1017
112000177,751,252,499
112000178,124,393,-269
112000179,304,141,163
112000180,329,505,-176
112000181,1767,2265,-498
112000182,1285,1757,-472
112000183,59,66,-7
112000184,408,394,14
112000185,579,607,-28
112000187,4273,2788,1485
112000195,175,31,144
112000196,414,3,411
112000197,246,221,25
112000198,53,314,-261
112000199,1277,1060,217
112000202,390,1,389
112000216,98,344,-246
112000230,76,9,67
112000231,6,288,-282
112000256,72,256,-184
112000313,55,126,-71
112000314,50,41,9
112000337,399,674,-275
112000352,378,424,-46
112000392,1600,1314,286
112000398,1365,897,468
112000399,1891,2408,-517
112000400,1919,3415,-1496
112000401,3401,2755,646
112000402,3184,3353,-169
112000403,2081,3017,-936
112000404,860,901,-41
112000405,1883,2879,-996
112000406,3790,2883,907
112000407,7393,8539,-1146
112000408,8697,7551,1146
112000409,1968,5223,-3255
112000410,512,244,268
112000411,4070,1839,2231
112000412,1723,781,942
112000413,8825,5566,3259
112000414,83,80,3
112000415,157,45,112
112000416,2739,1555,1184
112000417,263,83,180
112000421,65,114,-49
112000422,510,398,112
112000424,2544,3001,-457
112000425,458,821,-363
112000426,167,442,-275
112000427,0,19,-19
112000428,245,348,-103
112000429,2564,2841,-277
112000430,2789,3079,-290
112000431,73,168,-95
112000432,799,1278,-479
112000433,553,1024,-471
112000437,49,222,-173
112900001,59,1,58
112900002,446,1047,-601
112900003,76,405,-329
112900004,42,309,-267
112900005,249,234,15
112900006,5,385,-380
112900007,52,232,-180
112900008,2,21,-19
112900009,442,113,329
112900010,509,939,-430
112900011,208,345,-137
112900012,0,43,-43
112900013,2,215,-213
112900014,4,316,-312
112900015,444,875,-431
112900016,6,291,-285
112900017,37,245,-208
112900018,4,299,-295
112900019,47,222,-175
112900020,458,1227,-769
112900021,2,272,-270
112900022,16,85,-69
112900023,1,178,-177
112900024,34,260,-226
112900025,73,252,-179
112900026,13,261,-248
112900027,9,1131,-1122
112900028,16,119,-103
112900029,11,566,-555
112900030,138,201,-63
112900031,8,506,-498
112900032,221,298,-77
112900034,0,52,-52
112900035,9,438,-429
112900036,45,135,-90
112900037,199,193,6
112900038,753,200,553
112900039,18,335,-317
112900040,7,339,-332
112900041,1022,1198,-176
112900042,58,368,-310
112900043,23,64,-41
112900044,706,610,96
112900045,327,386,-59
112900046,292,79,213
112900047,15,30,-15
112900049,218,110,108
112900050,58,622,-564
112900051,332,661,-329
112900052,11,898,-887
112900053,242,107,135
112900054,195,81,114
112900055,165,55,110
112900056,462,236,226
112900057,28,587,-559
112900058,350,392,-42
112900059,165,125,40
112900060,13,187,-174
112900061,132,129,3
112900062,64,168,-104
112900063,209,22,187
112900064,237,240,-3
112900065,40,27,13
112900066,267,176,91
112900067,514,197,317
112900068,47,50,-3
112900069,1868,899,969
112900071,33,3,30
112900072,192,1907,-1715
112900073,392,105,287
112900074,102,281,-179
112900075,1526,997,529
112900076,149,43,106
112900078,336,440,-104
112900079,241,42,199
112900080,61,4,57
112900081,65,203,-138
112900082,585,31,554
112900083,141,119,22
112900084,328,134,194
112900086,92,2,90
112900087,815,157,658
112900088,142,11,131
112900089,948,39,909
112900090,69,28,41
112900091,238,9,229
112900092,172,341,-169
112900093,1414,24,1390
112900095,45,3,42
112900096,463,205,258
112900097,104,339,-235
112900098,173,1,172
112900099,831,27,804
112900100,67,3,64
112900101,337,4,333
112900102,278,19,259
112900103,212,5,207
112900104,155,11,144
112900105,18,0,18
112900106,488,160,328
112900107,6,1,5
112900108,13,1,12
112900109,124,0,124
112900110,1339,21,1318
112900111,698,5,693
112900112,411,3,408
112900113,0,5,-5
112900114,168,36,132
112900115,1453,1,1452
112900116,152,37,115
112900117,109,111,-2
112900118,37,99,-62
112900119,220,5,215
112900120,810,285,525
112900121,123,265,-142
112900122,11,155,-144
112900123,123,21,102
112900124,11,153,-142
112900125,121,622,-501
112900126,238,264,-26
112900127,377,130,247
112900128,366,763,-397
112900129,5,1010,-1005
112900130,296,128,168
112900131,55,281,-226
112900132,108,384,-276
112900133,26,1097,-1071
112900134,0,334,-334
112900135,118,46,72
112900137,1,553,-552
112900138,6,287,-281
112900139,249,1191,-942
112900141,965,194,771
112900142,101,185,-84
112900143,34,451,-417
112900144,2,300,-298
112900145,17,520,-503
112900146,3,1243,-1240
112900147,3,1851,-1848
112900148,73,0,73
112900149,378,568,-190
112900151,21,70,-49
112900152,3906,1060,2846
112900153,2480,2642,-162
112900154,2,140,-138
112900155,224,21,203
112900156,369,1282,-913
112900157,276,77,199
112900158,63,23,40
112900159,292,118,174
112900160,58,295,-237
112900161,136,54,82
112900162,35,26,9
112900163,105,82,23
112900164,47,204,-157
112900165,129,50,79
112900166,26,60,-34
112900167,9,72,-63
112900168,6,7,-1
112900169,19,20,-1
112900170,134,107,27
112900172,40,19,21
112900173,260,105,155
112900174,312,51,261
112900175,180,212,-32
112900176,16,75,-59
112900177,254,62,192
112900178,775,2529,-1754
112900179,47,493,-446
112900180,2069,1634,435
112900181,584,4,580
112900182,64,1042,-978
112900183,184,333,-149
112900184,450,514,-64
112900185,386,706,-320
112900186,1707,1243,464
112900187,113,633,-520
112900188,843,523,320
112900189,7,36,-29
112900190,5,43,-38
112900192,672,747,-75
112900193,1416,442,974
112900194,62,134,-72
112900195,1150,78,1072
112900196,195,417,-222
112900197,334,421,-87
112900199,624,584,40
112900200,500,285,215
112900201,125,141,-16
112900202,476,836,-360
112900203,318,298,20
112900204,1119,708,411
112900205,6,11,-5
112900206,37,67,-30
112900207,18,0,18
112900208,104,337,-233
112900209,617,469,148
112900210,1,22,-21
112900211,164,63,101
112900212,2,124,-122
112900213,32,13,19
112900214,38,9,29
112900215,21,207,-186
112900216,27,74,-47
112900217,0,61,-61
112900218,39,28,11
112900219,61,0,61
112900220,4,0,4
112900221,55,132,-77
112900222,1,31,-30
112900223,1185,15,1170
112900224,298,541,-243
112900225,491,451,40
112900226,303,439,-136
112900227,689,1248,-559
112900228,77,22,55
112900229,278,73,205
112900230,7649,4639,3010
112900232,344,316,28
112900233,62,174,-112
112900234,12,124,-112
112900235,122,45,77
112900236,311,17,294
112900237,245,197,48
112900238,6,47,-41
112900239,765,413,352
113000001,6263,5065,1198
113000002,4108,3872,236
113000003,2097,1643,454
113000004,1899,2683,-784
113000005,1802,1057,745
113000006,1153,1417,-264
113000007,2442,1352,1090
113000008,2056,1919,137
113000009,1116,890,226
113000010,1161,1539,-378
113000011,802,1806,-1004
113000012,2129,922,1207
113000013,1619,785,834
113000014,1793,1596,197
113000015,623,255,368
113000016,389,858,-469
113000017,94,415,-321
113000018,474,65,409
113000019,366,356,10
113000020,479,77,402
113000021,1704,609,1095
113000022,861,1278,-417
113000025,170,445,-275
113000026,476,499,-23
113000027,825,640,185
113000028,1338,726,612
113000029,890,757,133
113000030,472,712,-240
113000031,334,390,-56
113000032,312,398,-86
113000033,333,463,-130
113000034,449,395,54
113000035,49,35,14
113000036,36,89,-53
113000037,57,61,-4
113000038,25,69,-44
113000039,97,350,-253
113000040,76,92,-16
113000042,862,618,244
113000051,987,2438,-1451
113000052,2040,970,1070
113000053,400,464,-64
113000054,406,859,-453
113000055,1129,648,481
113000056,957,999,-42
113000058,838,943,-105
113000059,1250,839,411
113000060,241,568,-327
113000061,498,914,-416
113000062,1004,289,715
113000063,198,109,89
113000064,56,337,-281
113000065,157,957,-800
113000066,697,119,578
113000067,2222,1509,713
113000068,426,1407,-981
113000069,657,1240,-583
113000070,2784,1315,1469
113000071,476,691,-215
113000072,879,554,325
113000073,599,1639,-1040
113000074,1225,542,683
113000075,2238,866,1372
113000076,742,2065,-1323
113000077,1438,708,730
113000078,940,2621,-1681
113000079,852,845,7
113000080,840,733,107
113000081,903,1101,-198
113000082,1394,818,576
113000083,657,1065,-408
113000084,1715,1337,378
113000085,882,773,109
113000086,1098,1291,-193
113000087,936,973,-37
113000088,2757,1545,1212
113000089,1087,1798,-711
113000090,340,674,-334
113000091,676,448,228
113000094,1334,216,1118
113000095,229,860,-631
113000096,138,823,-685
113000097,1099,593,506
113000098,122,46,76
113000099,1176,464,712
113000100,146,457,-311
113000101,474,690,-216
113000102,664,540,124
113000103,2248,569,1679
113000104,525,2005,-1480
113000105,861,510,351
113000106,444,614,-170
113000107,879,794,85
113000108,711,1459,-748
113000109,534,1746,-1212
113000110,1542,439,1103
113000111,139,568,-429
113000112,318,373,-55
113000113,1487,409,1078
113000114,439,1513,-1074
113000116,862,326,536
113000117,927,129,798
113000118,124,534,-410
113000119,369,367,2
113000120,75,262,-187
113000121,894,1091,-197
113000124,223,122,101
113000125,56,763,-707
113000127,2541,374,2167
113000128,531,728,-197
113000129,716,962,-246
113000133,2462,2117,345
113000134,9,1337,-1328
113000135,4553,4866,-313
113000137,2204,3649,-1445
113000139,406,252,154
113000140,142,267,-125
113000141,429,239,190
113000142,646,1393,-747
113000143,318,249,69
113000144,303,697,-394
113000145,81,170,-89
113000146,197,117,80
113000147,177,127,50
113000148,190,142,48
113000149,143,134,9
113000150,651,387,264
113000151,78,64,14
113000152,47,116,-69
113000153,1600,716,884
113000154,1018,1806,-788
113000155,398,674,-276
113000156,175,473,-298
113000157,387,1174,-787
113000158,835,319,516
113000159,1104,1009,95
113000160,834,1329,-495
113000161,308,570,-262
113000162,1030,646,384
113000163,94,73,21
113000164,20,101,-81
113000166,181,126,55
113000167,63,140,-77
113000168,84,137,-53
113000169,217,82,135
113000170,112,113,-1
113000171,38,102,-64
113000172,262,70,192
113000173,66,28,38
113000174,148,471,-323
113000175,469,120,349
113000176,514,202,312
113000177,164,475,-311
113000178,293,378,-85
113000179,413,242,171
113000180,813,1256,-443
113000181,1247,1000,247
113000182,189,481,-292
113000183,176,630,-454
113000184,19,133,-114
113000189,494,903,-409
113000190,1266,726,540
113000192,1861,2359,-498
113000193,4821,1550,3271
113000194,1754,1289,465
113000195,2585,1135,1450
113000196,218,93,125
113000197,1855,1204,651
113000198,139,409,-270
113000199,1707,375,1332
113000201,313,254,59
113000202,3669,1674,1995
113000203,367,135,232
113000204,1512,2114,-602
113000205,24,34,-10
113000206,11,43,-32
113000207,103,24,79
113000208,40,64,-24
113000209,21,18,3
113000210,4,34,-30
113000211,198,205,-7
113000212,136,31,105
113000213,42,125,-83
113000214,162,303,-141
113000234,189,902,-713
113000410,287,299,-12
113000411,2954,4816,-1862
113000412,7067,2603,4464
113000413,3253,3543,-290
113000414,7468,15631,-8163
113000415,2695,3662,-967
113000416,10219,5183,5036
113000417,3600,3999,-399
113000418,4877,3508,1369
113000419,2068,2499,-431
113000420,4915,6610,-1695
113000421,4599,7103,-2504
113000422,14155,12702,1453
113000423,2665,5979,-3314
113000424,3755,9197,-5442
113000425,8,88,-80
113000428,59,33,26
113000430,9,46,-37
113000432,2410,234,2176
113000433,134,797,-663
113000434,21,153,-132
113000435,75,683,-608
113000436,44,1199,-1155
113000437,1228,40,1188
113000438,295,15,280
113000439,32,129,-97
113000440,131,39,92
113000441,280,243,37
113000442,164,207,-43
113000443,263,186,77
113000444,160,219,-59
113000445,139,115,24
113000446,40,91,-51
113000448,187,160,27
113000449,154,944,-790
113000450,669,2413,-1744
113000451,1164,242,922
113000452,428,530,-102
113000453,95,342,-247
113000454,941,85,856
113000455,85,291,-206
113000456,4408,3163,1245
113000468,1679,287,1392
113000469,211,175,36
113000470,441,27,414
113000471,13,487,-474
113000472,125,430,-305
113000474,587,560,27
113000475,1667,1858,-191
113000476,1324,1979,-655
113000477,3088,2132,956
113000478,4159,6026,-1867
113000479,116,215,-99
113000480,106,141,-35
113000484,0,0,0
113000485,0,0,0
113000486,1,0,1
113000487,0,0,0
113000488,0,0,0
113000489,0,0,0
113000490,0,0,0
113000491,1,0,1
113000492,1,0,1
113000493,1,0,1
113000495,238,202,36
113000496,120,123,-3
113000499,0,0,0
113900001,0,86,-86
113900002,0,84,-84
113900003,0,81,-81
113900004,1,34,-33
113900005,0,46,-46
113900006,0,17,-17
113900007,61,28,33
113900008,58,0,58
113900009,241,1,240
113900010,138,0,138
113900011,53,0,53
113900012,37,2,35
113900013,314,7,307
113900014,589,2,587
113900015,0,68,-68
113900016,35,1,34
113900017,3,71,-68
113900018,444,253,191
113900019,177,47,130
113900020,168,2,166
113900022,26,0,26
113900023,47,0,47
113900024,56,73,-17
113900025,278,26,252
113900026,57,1,56
113900027,4,87,-83
113900028,31,444,-413
113900029,71,194,-123
113900030,238,1,237
113900031,11,0,11
113900032,21,0,21
113900033,85,87,-2
113900035,52,1,51
113900036,31,110,-79
113900037,180,543,-363
113900038,75,126,-51
113900039,145,25,120
113900040,7,17,-10
113900041,7,9,-2
113900042,105,47,58
113900043,165,167,-2
113900044,359,326,33
113900045,90,3,87
113900046,337,736,-399
113900047,48,101,-53
113900048,223,113,110
113900049,579,323,256
113900050,231,367,-136
113900051,343,480,-137
113900052,203,166,37
113900053,829,648,181
113900054,30,0,30
113900055,120,488,-368
113900056,57,221,-164
113900057,19,106,-87
113900058,79,156,-77
113900059,224,381,-157
113900060,112,227,-115
113900061,1092,322,770
113900062,84,8,76
113900063,119,164,-45
113900064,23,127,-104
113900065,411,14,397
113900066,378,385,-7
113900067,148,278,-130
113900068,577,505,72
113900069,100,30,70
113900070,228,578,-350
113900071,96,69,27
113900072,54,239,-185
113900073,248,374,-126
113900074,104,289,-185
113900075,1552,1277,275
113900076,179,18,161
113900077,58,234,-176
113900078,57,59,-2
113900079,2,36,-34
113900080,568,273,295
113900081,74,232,-158
113900082,111,315,-204
113900083,290,495,-205
113900084,265,127,138
113900085,62,330,-268
113900086,35,18,17
113900087,57,138,-81
113900088,71,101,-30
113900089,537,58,479
113900090,693,539,154
113900091,14,26,-12
113900092,27,81,-54
113900093,110,810,-700
113900094,491,458,33
113900095,107,145,-38
113900096,357,90,267
113900097,48,113,-65
113900098,657,98,559
113900099,2,33,-31
113900100,0,3,-3
113900101,7,77,-70
113900102,237,195,42
113900103,419,339,80
113900104,140,288,-148
113900105,106,255,-149
113900106,1,61,-60
113900107,1,33,-32
113900108,291,302,-11
113900109,432,192,240
113900110,52,23,29
113900111,177,127,50
113900112,115,114,1
113900113,830,568,262
113900114,2,79,-77
113900115,1,96,-95
113900116,154,158,-4
113900117,102,31,71
113900118,258,328,-70
113900119,214,606,-392
113900120,65,51,14
113900121,89,108,-19
113900122,406,1889,-1483
113900123,512,249,263
113900124,0,79,-79
113900125,1005,119,886
113900126,161,76,85
113900127,389,771,-382
113900128,199,72,127
113900129,19,207,-188
113900130,2,34,-32
113900131,323,120,203
113900132,73,76,-3
113900133,17,107,-90
113900135,376,386,-10
113900136,195,97,98
113900137,404,307,97
113900138,90,224,-134
113900139,350,175,175
113900140,423,335,88
113900141,602,367,235
113900142,170,140,30
113900143,18,60,-42
113900144,302,282,20
113900145,448,213,235
113900146,156,69,87
113900148,229,288,-59
113900149,203,88,115
113900150,787,592,195
113900151,507,236,271
113900152,55,49,6
113900153,449,674,-225
113900154,4,169,-165
113900155,265,240,25
113900156,327,439,-112
113900157,50,300,-250
113900158,448,488,-40
113900159,11,347,-336
113900160,694,556,138
113900161,90,275,-185
113900162,614,839,-225
113900163,299,315,-16
113900164,298,62,236
113900165,732,545,187
113900166,302,229,73
113900167,297,63,234
113900168,129,117,12
113900169,324,444,-120
113900171,178,82,96
113900172,12,172,-160
113900173,76,541,-465
113900174,597,731,-134
113900175,415,160,255
113900176,476,672,-196
113900177,424,245,179
113900178,334,120,214
113900179,21,477,-456
113900180,208,107,101
113900181,780,160,620
113900182,927,1095,-168
113900183,49,99,-50
113900184,14,426,-412
113900185,213,125,88
113900186,56,60,-4
113900187,55,184,-129
113900188,62,198,-136
113900189,343,143,200
113900190,301,145,156
113900191,136,313,-177
113900192,11,644,-633
113900193,35,205,-170
113900194,1659,1370,289
113900195,322,460,-138
113900196,24,188,-164
113900197,1,217,-216
113900198,58,198,-140
113900199,229,906,-677
113900200,9,290,-281
113900201,0,182,-182
113900202,47,361,-314
113900203,1,102,-101
113900204,84,537,-453
113900205,25,219,-194
113900206,6,170,-164
113900207,2,79,-77
113900208,2,96,-94
113900209,0,97,-97
113900210,657,940,-283
113900211,208,64,144
113900212,174,484,-310
113900214,490,360,130
113900215,30,162,-132
113900216,116,912,-796
113900217,85,279,-194
113900218,234,60,174
113900219,105,346,-241
113900220,191,107,84
113900221,518,226,292
113900222,324,672,-348
113900223,207,974,-767
113900224,74,74,0
113900225,609,290,319
113900226,416,162,254
113900227,431,297,134
113900228,366,474,-108
113900229,72,857,-785
113900230,4976,3908,1068
113900231,213,192,21
113900232,137,120,17
113900233,92,99,-7
113900234,366,485,-119
113900235,119,43,76
113900236,177,367,-190
113900237,175,25,150
113900238,272,604,-332
113900239,51,86,-35
113900240,9,196,-187
113900241,150,49,101
113900242,58,134,-76
113900243,130,533,-403
113900244,383,302,81
113900245,1526,357,1169
113900246,17,46,-29
113900247,203,562,-359
113900248,3009,1992,1017
113900249,854,425,429
113900250,52,158,-106
113900251,734,194,540
113900252,614,14,600
113900253,791,71,720
113900254,1121,161,960
113900255,423,27,396
113900256,374,31,343
113900257,39,575,-536
113900258,37,371,-334
113900259,595,200,395
113900260,225,52,173
113900261,38,76,-38
113900262,170,579,-409
113900263,233,811,-578
113900264,7,539,-532
113900265,176,364,-188
113900266,52,186,-134
113900267,106,563,-457
113900268,368,562,-194
113900269,88,170,-82
113900270,411,910,-499
113900271,810,1235,-425
113900273,71,20,51
113900274,63,48,15
113900275,44,76,-32
113900276,3,189,-186
113900277,113,7,106
113900278,313,181,132
113900279,74,81,-7
113900280,1855,664,1191
113900281,712,1538,-826
113900282,948,660,288
113900283,412,475,-63
113900284,995,275,720
113900285,151,49,102
113900286,26,113,-87
113900287,61,31,30
113900288,4,226,-222
113900289,1076,149,927
113900290,401,305,96
113900291,126,282,-156
113900292,26,3,23
113900293,6,309,-303
113900294,441,29,412
113900295,486,411,75
113900296,1971,484,1487
113900297,2900,43,2857
113900298,27,1990,-1963
113900299,87,163,-76
113900300,5522,3737,1785
113900301,794,472,322
113900302,2709,1207,1502
113900303,516,485,31
113900304,1,123,-122
113900305,130,0,130
113900306,51,1,50
113900307,57,0,57
113900308,97,144,-47
113900309,2,690,-688
113900310,0,13,-13
113900311,6,2,4
113900312,257,279,-22
113900313,15,5,10
114000001,1271,3290,-2019
114000002,346,310,36
114000003,44,303,-259
114000004,360,405,-45
114000005,281,223,58
114000006,3168,2258,910
114000007,894,1460,-566
114000008,1593,2120,-527
114000009,797,306,491
114000011,2813,2872,-59
114000012,2439,2035,404
114000013,1717,1722,-5
114000014,563,311,252
114000015,2169,479,1690
114000016,257,424,-167
114000017,82,312,-230
114000018,277,59,218
114000026,1724,1330,394
114000027,3133,2085,1048
114000028,2537,2823,-286
114000038,331,157,174
114000039,122,57,65
114000040,102,236,-134
114000042,161,162,-1
114000043,73,129,-56
114000044,207,59,148
114000045,82,78,4
114000046,4162,5047,-885
114000047,12,91,-79
114000048,66,41,25
114000049,1768,1660,108
114000050,1894,2295,-401
114000051,3492,1993,1499
114000052,5035,1782,3253
114000053,211,688,-477
114000054,308,985,-677
114000055,311,27,284
114000056,1350,970,380
114000057,6028,2543,3485
114000058,697,1783,-1086
114000059,391,397,-6
114000060,731,983,-252
114000061,3313,3332,-19
114000062,2876,1797,1079
114000063,3338,1917,1421
114000064,7302,4168,3134
114000065,1864,2788,-924
114000066,500,680,-180
114000067,42,829,-787
114000068,519,768,-249
114000069,1168,642,526
114000070,2451,1931,520
114000071,846,670,176
114000072,441,268,173
114000073,28,69,-41
114000074,35,8,27
114000075,58,93,-35
114000076,24,122,-98
114000077,14,41,-27
114000078,327,771,-444
114000079,149,33,116
114000080,71,106,-35
114000081,75,89,-14
114000082,50,492,-442
114000083,100,311,-211
114000084,364,113,251
114000085,155,665,-510
114000086,248,476,-228
114000087,143,230,-87
114000088,52,71,-19
114000089,982,473,509
114000090,907,1008,-101
114000091,2000,915,1085
114000092,1275,579,696
114000093,1500,830,670
114000094,387,478,-91
114000095,323,154,169
114000096,134,452,-318
114000097,183,671,-488
114000098,603,114,489
114000099,695,547,148
114000100,1525,785,740
114000101,441,946,-505
114000102,593,378,215
114000103,182,447,-265
114000104,17,287,-270
114000105,138,104,34
114000106,875,1060,-185
114000107,340,151,189
114000108,1599,1163,436
114000109,482,1033,-551
114000110,720,1631,-911
114000111,1708,853,855
114000112,717,2121,-1404
114000113,1226,586,640
114000114,1774,1587,187
114000115,2083,1151,932
114000116,818,1523,-705
114000117,2919,456,2463
114000118,2490,548,1942
114000119,1701,504,1197
114000120,572,835,-263
114000121,408,696,-288
114000122,451,384,67
114000123,2055,354,1701
114000124,933,305,628
114000125,918,1393,-475
114000126,1656,272,1384
114000127,306,171,135
114000128,883,420,463
114000130,526,494,32
114000131,272,76,196
114000132,724,575,149
114000133,1215,1737,-522
114000134,86,170,-84
114000138,64,253,-189
114000139,523,287,236
114000144,932,502,430
114000145,99,217,-118
114000146,116,300,-184
114000147,1633,1871,-238
114000148,2232,2077,155
114000149,351,323,28
114000150,716,668,48
114000151,860,1384,-524
114000152,159,51,108
114000153,861,2509,-1648
114000154,981,838,143
114000155,1402,2394,-992
114000156,909,739,170
114000157,355,1045,-690
114000158,1789,973,816
114000159,200,639,-439
114000160,145,491,-346
114000161,1476,3437,-1961
114000162,1141,2814,-1673
114000163,26,151,-125
114000165,725,255,470
114000166,970,440,530
114000167,3450,1718,1732
114000168,814,844,-30
114000169,1579,1326,253
114000170,1155,1236,-81
114000171,1198,3441,-2243
114000174,238,600,-362
114000176,668,540,128
114000177,2196,1143,1053
114000178,65,53,12
114000179,1298,742,556
114000180,521,857,-336
114000181,2008,3879,-1871
114000182,3462,2613,849
114000183,1017,1126,-109
114000184,4314,1279,3035
114000185,1164,860,304
114000189,1135,163,972
114000190,2661,410,2251
114000191,55,94,-39
114000192,314,1593,-1279
114000193,849,3499,-2650
114000194,1333,967,366
114000195,167,41,126
114000196,2,230,-228
114000197,1304,40,1264
114000198,835,357,478
114000199,2045,1808,237
114000200,623,1886,-1263
114000201,189,807,-618
114000202,1131,639,492
114000203,527,698,-171
114000204,136,459,-323
114000205,193,1669,-1476
114000206,532,1325,-793
114000207,691,1981,-1290
114000208,532,3099,-2567
114000209,725,2448,-1723
114000210,339,1473,-1134
114000211,991,1602,-611
114000212,802,932,-130
114000213,1251,606,645
114000214,134,206,-72
114000215,255,107,148
114000216,1411,338,1073
114000217,351,213,138
114000218,203,242,-39
114000219,1305,271,1034
114000220,25,967,-942
114000221,821,219,602
114000222,156,1026,-870
114000223,497,154,343
114000224,104,644,-540
114000225,206,734,-528
114000226,196,238,-42
114000227,807,542,265
114000228,908,940,-32
114000229,1233,1322,-89
114000230,1767,1451,316
114000231,957,1303,-346
114000232,620,149,471
114000233,1939,193,1746
114000234,1041,902,139
114000235,981,1452,-471
114000236,1,443,-442
114000237,117,993,-876
114000238,122,175,-53
114000239,166,1188,-1022
114000240,829,821,8
114000241,340,1089,-749
114000242,971,972,-1
114000243,1448,983,465
114000244,581,542,39
114000245,416,685,-269
114000246,114,46,68
114000247,578,831,-253
114000248,1376,530,846
114000249,497,554,-57
114000250,624,889,-265
114000251,488,257,231
114000252,93,79,14
114000253,68,143,-75
114000254,37,111,-74
114000255,588,194,394
114000256,2035,2519,-484
114000257,388,1383,-995
114000258,270,450,-180
114000259,100,248,-148
114000260,0,40,-40
114000261,68,29,39
114000262,135,152,-17
114000263,10,4,6
114000264,1203,559,644
114000265,0,1,-1
114000267,3,1579,-1576
114000268,2,1662,-1660
114000270,198,16,182
114000271,394,71,323
114000283,1384,510,874
114000285,36,219,-183
114000288,77,358,-281
114000289,1242,105,1137
114000293,219,488,-269
114000294,167,299,-132
114000395,1382,64,1318
114000396,644,534,110
114000402,475,297,178
114000403,343,387,-44
114000405,161,446,-285
114000423,393,433,-40
114000424,522,211,311
114000425,811,404,407
114000426,329,921,-592
114000427,58,90,-32
114000428,308,229,79
114000429,17,237,-220
114000432,97,118,-21
114000434,31,114,-83
114000435,6,199,-193
114900001,738,1020,-282
114900002,573,123,450
114900003,728,1312,-584
114900004,299,494,-195
114900005,575,717,-142
114900006,110,69,41
114900007,274,17,257
114900008,212,102,110
114900010,2046,2175,-129
114900011,304,117,187
114900013,271,113,158
114900015,87,524,-437
114900018,890,30,860
114900020,263,80,183
114900022,56,653,-597
114900024,354,141,213
114900025,556,218,338
114900026,65,122,-57
114900027,257,237,20
114900029,41,17,24
114900030,371,231,140
114900031,395,37,358
114900032,476,18,458
114900033,1193,831,362
114900034,64,249,-185
114900035,188,358,-170
114900036,309,788,-479
114900037,154,205,-51
114900038,179,683,-504
114900039,547,585,-38
114900040,119,147,-28
114900041,810,627,183
114900042,802,848,-46
114900043,611,322,289
114900044,159,39,120
114900046,56,128,-72
114900047,277,2013,-1736
114900048,144,319,-175
114900049,17,191,-174
114900050,39,507,-468
114900051,42,393,-351
114900052,72,274,-202
114900053,124,355,-231
114900054,73,177,-104
114900057,228,13,215
114900058,0,75,-75
114900059,71,63,8
114900060,1463,942,521
114900061,185,209,-24
114900062,326,366,-40
114900063,83,217,-134
114900064,1361,536,825
114900065,421,829,-408
114900067,43,475,-432
114900068,61,210,-149
114900069,272,168,104
114900070,637,398,239
114900072,7,371,-364
114900073,0,169,-169
114900074,676,723,-47
114900075,437,7,430
114900076,9,479,-470
114900080,1853,426,1427
114900082,3422,2068,1354
114900083,1339,1275,64
114900090,349,217,132
114900091,142,223,-81
114900095,385,148,237
114900096,654,814,-160
114900097,166,3,163
114900098,5,218,-213
114900099,248,9,239
115000001,6754,4392,2362
115000002,3675,3980,-305
115000003,5497,3691,1806
115000004,4035,6369,-2334
115000005,1715,2378,-663
115000006,932,1763,-831
115000007,82,204,-122
115000008,512,555,-43
115000009,202,254,-52
115000010,252,170,82
115000013,103,191,-88
115000015,65,285,-220
115000016,245,313,-68
115000019,41,495,-454
115000020,148,843,-695
115000021,342,422,-80
115000022,617,522,95
115000023,400,691,-291
115000024,1218,660,558
115000025,872,826,46
115000026,216,489,-273
115000027,280,388,-108
115000028,301,1055,-754
115000029,560,142,418
115000030,1137,1367,-230
115000031,1484,507,977
115000032,9,282,-273
115000033,164,38,126
115000034,107,1311,-1204
115000035,1222,90,1132
115000036,1,503,-502
115000037,689,12,677
115000038,49,196,-147
115000039,3551,3954,-403
115000040,6621,3441,3180
115000041,1220,3339,-2119
115000042,1113,797,316
115000043,3854,2387,1467
115000044,3991,4417,-426
115000045,2814,2003,811
115000046,2110,2622,-512
115000047,2123,1584,539
115000048,1577,2522,-945
115000049,1875,3701,-1826
115000050,3298,2071,1227
115000051,1844,2927,-1083
115000052,2787,1901,886
115000053,1750,1756,-6
115000054,828,1528,-700
115000055,224,643,-419
115000056,297,672,-375
115000057,788,1168,-380
115000058,614,312,302
115000059,294,191,103
115000061,268,177,91
115000062,182,260,-78
115000063,367,339,28
115000064,277,175,102
115000065,62,508,-446
115000067,246,35,211
115000069,86,340,-254
115000070,41,940,-899
115000071,119,16,103
115000072,13,84,-71
115000073,1216,60,1156
115000075,117,83,34
115000076,3507,3152,355
115000077,2328,2496,-168
115000078,1394,1455,-61
115000079,1439,2052,-613
115000080,2354,2557,-203
115000081,607,1055,-448
115000082,4297,4031,266
115000083,2362,2637,-275
115000084,2252,1292,960
115000085,791,1184,-393
115000086,1142,828,314
115000087,523,1698,-1175
115000088,1998,755,1243
115000089,1471,1362,109
115000090,582,854,-272
115000091,330,1064,-734
115000092,558,373,185
115000093,528,4,524
115000094,7088,5706,1382
115000095,5135,6174,-1039
115000096,713,1624,-911
115000097,928,1030,-102
115000098,1130,806,324
115000099,2710,2883,-173
115000100,1007,442,565
115000101,401,1639,-1238
115000102,442,266,176
115000103,374,717,-343
115000105,76,198,-122
115000106,692,337,355
115000107,184,527,-343
115000108,3531,2597,934
115000109,4407,4388,19
115000110,1664,1551,113
115000111,746,1892,-1146
115000112,832,796,36
115000113,895,924,-29
115000114,1821,891,930
115000116,4759,2701,2058
115000117,4510,3795,715
115000118,2316,1966,350
115000119,2191,2817,-626
115000120,655,1368,-713
115000121,1787,1147,640
115000122,4643,2249,2394
115000123,2033,2540,-507
115000124,1180,1090,90
115000125,466,599,-133
115000126,212,343,-131
115000127,467,164,303
115000128,650,844,-194
115000129,273,342,-69
115000130,490,995,-505
115000131,962,273,689
115000132,304,492,-188
115000133,638,317,321
115000134,402,309,93
115000135,498,204,294
115000136,255,318,-63
115000137,146,221,-75
115000138,380,327,53
115000139,281,282,-1
115000140,370,315,55
115000141,179,302,-123
115000142,156,298,-142
115000143,640,653,-13
115000144,555,90,465
115000145,289,379,-90
115000146,528,415,113
115000147,611,564,47
115000148,332,1217,-885
115000149,585,242,343
115000150,810,975,-165
115000151,1171,673,498
115000152,842,1329,-487
115000153,1075,702,373
115000154,807,385,422
115000155,918,1063,-145
115000156,1240,863,377
115000157,987,876,111
115000158,830,420,410
115000159,756,696,60
115000160,715,626,89
115000161,490,598,-108
115000162,911,804,107
115000163,714,711,3
115000164,845,591,254
115000165,437,557,-120
115000167,170,77,93
115000168,709,413,296
115000169,640,346,294
115000170,194,126,68
115000171,293,223,70
115000172,1255,717,538
115000173,421,586,-165
115000174,275,334,-59
115000175,340,189,151
115000176,255,196,59
115000177,232,231,1
115000178,43,327,-284
115000179,30,46,-16
115000180,166,700,-534
115000181,709,142,567
115000182,904,395,509
115000183,402,930,-528
115000186,746,326,420
115000187,216,863,-647
115000188,513,530,-17
115000189,233,471,-238
115000190,845,418,427
115000191,213,518,-305
115000194,200,223,-23
115000195,393,344,49
115000196,149,112,37
115000197,262,268,-6
115000198,360,231,129
115000199,376,186,190
115000200,314,123,191
115000201,139,387,-248
115000206,424,91,333
115000207,175,330,-155
115000208,418,640,-222
115000209,673,321,352
115000210,186,146,40
115000211,330,290,40
115000212,1624,400,1224
115000224,535,62,473
115000225,46,95,-49
115000229,234,165,69
115000230,148,460,-312
115000231,298,1776,-1478
115000232,1525,345,1180
115000233,189,221,-32
115000234,51,340,-289
115000241,74,207,-133
115000242,156,330,-174
115000243,39,244,-205
115000244,13,133,-120
115000246,49,27,22
115000247,45,18,27
115000248,46,28,18
115000249,32,32,0
115000250,294,46,248
115000251,311,161,150
115000252,114,253,-139
115000253,9,473,-464
115000258,320,197,123
115000259,373,172,201
115000261,19,24,-5
115000262,24,24,0
115000263,13,72,-59
115000264,38,51,-13
115000267,87,75,12
115000268,42,180,-138
115000269,123,73,50
115000270,11,26,-15
115000272,112,198,-86
115000273,462,48,414
115000280,2674,246,2428
115000281,755,791,-36
115000282,2184,824,1360
115000284,451,207,244
115000296,1471,19,1452
115000297,242,135,107
115000298,160,458,-298
115000300,198,221,-23
115000302,620,200,420
115000303,713,186,527
115000304,814,97,717
115000305,103,858,-755
115000306,230,365,-135
115000307,118,249,-131
115000308,37,28,9
115000309,17,36,-19
115000310,994,1050,-56
115000311,1018,1357,-339
115000313,162,651,-489
115000314,454,142,312
115000315,975,463,512
115000316,75,178,-103
115000317,223,542,-319
115000318,818,317,501
115000319,51,304,-253
115000320,11,328,-317
115000321,391,17,374
115000322,72,208,-136
115000449,326,192,134
115000557,4,1245,-1241
115000558,542,124,418
115000587,534,386,148
115000588,2356,3028,-672
115000589,3588,2618,970
115000590,1210,1477,-267
115000591,1765,823,942
115000592,797,1886,-1089
115000593,1815,682,1133
115000594,1104,2314,-1210
115000609,177,263,-86
115000617,2381,3838,-1457
115000624,354,95,259
115000633,473,2240,-1767
115000634,2593,1048,1545
115000635,493,129,364
115000638,825,748,77
115000641,66,125,-59
115000642,371,369,2
115000643,146,550,-404
115000644,164,498,-334
115000646,1060,1837,-777
115000647,270,533,-263
115000648,1834,2107,-273
115000893,3157,1546,1611
115000894,173,1193,-1020
115000895,433,806,-373
115000896,1201,464,737
115000897,593,181,412
115000898,714,230,484
115000899,579,1173,-594
115000900,165,437,-272
115000901,77,131,-54
115000912,413,100,313
115000913,7,19,-12
115000915,30,0,30
115000916,9,0,9
115000917,0,15,-15
115000918,79,295,-216
115000919,19,24,-5
115000920,99,54,45
115000921,715,123,592
115000922,1092,786,306
115000923,505,964,-459
115000925,158,61,97
115000927,74,57,17
115000933,281,218,63
115000934,214,269,-55
115000935,175,127,48
115000936,101,672,-571
115000937,835,166,669
115000938,136,219,-83
115000939,136,141,-5
115900001,117,31,86
115900002,117,109,8
115900003,206,104,102
115900004,1,66,-65
115900005,162,11,151
115900006,163,298,-135
115900008,59,10,49
115900009,116,247,-131
115900010,407,184,223
115900011,475,319,156
115900012,222,72,150
115900013,533,172,361
115900014,157,159,-2
115900015,103,60,43
115900016,112,46,66
115900017,6,2,4
115900018,214,89,125
115900019,245,18,227
115900020,62,2,60
115900021,1437,132,1305
115900022,1607,22,1585
115900023,53,6,47
115900025,94,369,-275
115900026,1030,249,781
115900027,1,259,-258
115900028,716,76,640
115900029,19,387,-368
115900030,52,40,12
115900031,419,439,-20
115900032,550,846,-296
115900033,0,41,-41
115900034,37,385,-348
115900035,52,21,31
115900036,97,713,-616
115900037,74,426,-352
115900038,48,16,32
115900039,226,231,-5
115900041,528,594,-66
115900042,26,8,18
115900043,134,91,43
115900044,250,342,-92
115900046,292,282,10
115900047,186,129,57
115900049,194,235,-41
115900051,3,39,-36
115900052,9,287,-278
115900053,268,201,67
115900054,230,38,192
115900055,17,180,-163
115900056,265,309,-44
115900057,33,8,25
115900058,40,84,-44
115900060,84,170,-86
115900061,261,2,259
115900062,48,282,-234
115900063,81,8,73
115900064,189,295,-106
115900065,160,88,72
115900066,241,167,74
115900067,15,627,-612
115900068,3344,847,2497
115900069,68,215,-147
115900070,236,141,95
115900071,1,415,-414
115900072,48,190,-142
115900073,128,111,17
115900074,4,333,-329
115900075,29,267,-238
115900076,7,65,-58
115900077,6,259,-253
115900078,43,120,-77
115900079,241,27,214
115900080,406,250,156
115900081,26,72,-46
115900082,194,164,30
115900084,489,28,461
115900085,60,113,-53
115900086,1731,674,1057
115900088,19,84,-65
115900089,395,747,-352
115900090,368,24,344
115900091,12,26,-14
115900092,11,184,-173
115900093,16,37,-21
115900094,4,313,-309
115900096,9,19,-10
115900097,9,370,-361
115900098,181,378,-197
115900099,93,57,36
115900100,17,555,-538
115900101,146,301,-155
115900102,81,49,32
115900103,367,245,122
115900104,80,93,-13
115900105,299,675,-376
115900106,71,33,38
115900107,62,121,-59
115900108,136,35,101
115900109,70,432,-362
115900110,2,20,-18
115900111,5,95,-90
115900112,42,937,-895
115900113,60,14,46
115900114,1,170,-169
115900115,85,218,-133
115900116,105,901,-796
115900117,87,14,73
115900118,2,285,-283
115900119,134,98,36
115900120,44,346,-302
115900121,225,229,-4
115900124,204,738,-534
115900125,289,54,235
115900126,787,122,665
115900127,770,91,679
115900128,7,136,-129
115900129,915,66,849
115900130,38,242,-204
115900131,347,45,302
115900132,629,9,620
115900134,390,8,382
115900135,447,1253,-806
115900137,36,6,30
115900139,28,64,-36
115900140,288,43,245
115900141,17,48,-31
115900142,15,16,-1
115900143,210,325,-115
115900144,90,214,-124
115900146,3,104,-101
115900147,296,288,8
115900148,95,18,77
115900149,75,32,43
115900150,79,43,36
115900151,17,105,-88
115900152,161,413,-252
115900153,144,228,-84
115900154,552,387,165
115900155,0,56,-56
115900156,745,906,-161
115900157,140,563,-423
115900158,14,7,7
115900159,135,253,-118
115900160,15,8,7
115900161,79,236,-157
115900163,252,131,121
115900164,582,18,564
115900166,286,204,82
115900168,112,216,-104
115900171,168,469,-301
115900172,89,156,-67
115900173,224,165,59
115900174,259,227,32
115900175,171,333,-162
115900178,4,561,-557
115900179,255,7,248
115900180,23,168,-145
115900181,194,197,-3
115900182,493,234,259
115900183,75,65,10
115900184,2176,28,2148
115900187,7,144,-137
115900189,0,218,-218
115900190,273,1551,-1278
115900191,48,429,-381
115900192,12,123,-111
115900193,128,151,-23
115900194,709,92,617
115900195,719,2166,-1447
115900198,267,393,-126
115900199,189,213,-24
115900200,296,345,-49
115900201,713,481,232
115900202,2,60,-58
115900203,5,10,-5
115900204,0,3,-3
115900205,112,44,68
115900206,176,197,-21
115900207,43,29,14
115900208,175,170,5
115900209,8,191,-183
115900210,2,162,-160
115900211,5,206,-201
115900212,165,190,-25
115900213,201,71,130
115900214,461,237,224
115900215,36,144,-108
115900216,6,112,-106
115900217,3,48,-45
115900218,14,51,-37
115900219,103,8,95
115900220,147,14,133
115900221,80,15,65
115900222,79,45,34
115900223,16,384,-368
115900224,1096,978,118
115900225,87,53,34
115900226,40,64,-24
115900227,20,50,-30
115900228,15,46,-31
115900229,3,62,-59
115900230,49,125,-76
115900231,139,2,137
115900232,78,3,75
115900233,103,21,82
115900234,55,33,22
115900235,18,34,-16
115900236,23,40,-17
115900237,20,48,-28
115900238,18,26,-8
115900239,15,25,-10
115900240,17,59,-42
115900241,216,123,93
115900242,285,317,-32
115900243,7,9,-2
115900244,14,20,-6
115900245,56,18,38
115900246,4,8,-4
115900247,47,22,25
115900248,17,3,14
115900249,5,11,-6
115900250,5,34,-29
115900251,1,12,-11
115900252,2,5,-3
115900253,7,17,-10
115900254,15,21,-6
115900255,20,22,-2
115900256,11,26,-15
115900257,9,8,1
115900258,1,3,-2
115900259,5,3,2
115900260,13,1,12
115900261,10,2,8
115900262,4,0,4
115900263,6,1,5
115900264,12,2,10
115900265,1,13,-12
115900266,2,30,-28
115900267,22,27,-5
115900268,3,7,-4
115900269,464,422,42
115900270,435,447,-12
115900271,115,0,115
115900272,33,4,29
115900273,15,18,-3
115900274,5,10,-5
115900275,6,28,-22
115900276,2,35,-33
115900277,1,63,-62
115900278,48,103,-55
115900279,15,190,-175
115900280,16,423,-407
115900281,542,236,306
115900282,23,8,15
115900283,12,26,-14
115900284,25,10,15
116000001,13841,5675,8166
116000002,5346,10700,-5354
116000003,2030,2266,-236
116000004,2720,3746,-1026
116000005,3074,3939,-865
116000006,3030,2520,510
116000007,2870,4699,-1829
116000008,4287,2497,1790
116000009,2134,3044,-910
116000010,2489,1798,691
116000011,949,2325,-1376
116000012,1618,1171,447
116000013,10169,4784,5385
116000014,13251,10710,2541
116000015,330,1582,-1252
116000016,6871,3681,3190
116000017,29,881,-852
116000018,879,420,459
116000019,1227,366,861
116000020,791,967,-176
116000021,481,400,81
116000022,432,369,63
116000023,1070,818,252
116000024,743,929,-186
116000025,888,869,19
116000026,2111,3035,-924
116000027,1108,730,378
116000028,494,872,-378
116000029,746,861,-115
116000030,950,531,419
116000031,198,446,-248
116000032,476,255,221
116000033,445,527,-82
116000034,800,1014,-214
116000035,424,771,-347
116000036,2412,1377,1035
116000037,865,703,162
116000038,555,510,45
116000039,705,353,352
116000040,826,294,532
116000041,236,457,-221
116000042,665,290,375
116000043,127,712,-585
116000044,5,70,-65
116000045,1919,1511,408
116000046,1387,1656,-269
116000047,1833,2362,-529
116000048,1941,1931,10
116000049,1432,3458,-2026
116000050,1567,1531,36
116000051,7256,3283,3973
116000052,6766,5848,918
116000053,2401,1093,1308
116000054,930,2978,-2048
116000055,704,1176,-472
116000056,912,1272,-360
116000057,2937,1866,1071
116000058,3116,2752,364
116000059,3376,4962,-1586
116000060,2383,1137,1246
116000061,692,953,-261
116000062,750,308,442
116000063,809,1057,-248
116000066,296,589,-293
116000067,311,549,-238
116000068,251,356,-105
116000069,284,477,-193
116000078,550,1208,-658
116000080,1953,1188,765
116000082,7,78,-71
116000083,1725,432,1293
116000084,2679,4566,-1887
116000085,2568,2172,396
116000086,2156,1558,598
116000087,2020,1719,301
116000088,852,1210,-358
116000089,218,101,117
116000090,133,186,-53
116000091,310,278,32
116000093,1029,428,601
116000094,818,767,51
116000095,916,614,302
116000096,823,1480,-657
116000097,1045,837,208
116000098,209,6056,-5847
116000099,6395,297,6098
116000100,314,32,282
116000101,1057,905,152
116000102,311,1333,-1022
116000103,486,287,199
116000104,216,1322,-1106
116000105,1104,177,927
116000106,426,821,-395
116000107,2312,382,1930
116000108,294,158,136
116000111,164,43,121
116000113,191,159,32
116000114,39,187,-148
116000115,466,154,312
116000116,320,635,-315
116000117,1702,2434,-732
116000118,1755,1583,172
116000119,3589,2539,1050
116000120,3493,4894,-1401
116000121,918,615,303
116000122,1287,1945,-658
116000123,1277,487,790
116000124,391,1239,-848
116000125,3209,986,2223
116000126,336,1766,-1430
116000127,1137,1413,-276
116000128,1776,1010,766
116000129,1571,266,1305
116000130,521,512,9
116000133,1067,914,153
116000134,2146,2559,-413
116000135,2755,1621,1134
116000136,1218,2493,-1275
116000137,1105,743,362
116000138,943,825,118
116000139,1837,2340,-503
116000140,174,213,-39
116000141,432,718,-286
116000142,3250,3058,192
116000143,1787,1666,121
116000144,1615,2299,-684
116000145,1657,1225,432
116000146,433,284,149
116000147,233,106,127
116000148,468,571,-103
116000149,981,858,123
116000151,646,597,49
116000153,139,405,-266
116000155,228,287,-59
116000156,1051,1282,-231
116000157,63,28,35
116000158,429,351,78
116000159,11,11,0
116000160,24,67,-43
116000161,4,97,-93
116000162,85,115,-30
116000163,23,14,9
116000164,11,20,-9
116000177,338,90,248
116000194,107,507,-400
116000195,1630,768,862
116000196,14,20,-6
116000197,20,20,0
116000198,2709,1245,1464
116000200,721,475,246
116000201,668,714,-46
116000202,15,234,-219
116000203,1,107,-106
116000204,14,81,-67
116000205,0,201,-201
116000206,0,115,-115
116000207,10,56,-46
116000233,274,597,-323
116000287,152,479,-327
116000288,289,254,35
116000292,82,146,-64
116000296,11,202,-191
116000297,142,13,129
116000304,130,48,82
116000305,37,94,-57
116000346,215,133,82
116000352,95,35,60
116000354,39,20,19
116000357,76,70,6
116000358,473,50,423
116000361,96,2,94
116000372,6164,4208,1956
116000381,114,1,113
116000388,1,70,-69
116000389,1213,712,501
116000445,438,594,-156
116000446,617,747,-130
116000447,25,543,-518
116000448,644,234,410
116000563,1008,935,73
116000565,61,455,-394
116000568,57,376,-319
116000579,51,107,-56
116000584,31,12,19
116000585,35,15,20
116000586,145,122,23
116000587,681,785,-104
116000589,27,102,-75
116000590,71,68,3
116000591,243,292,-49
116000592,7,132,-125
116000593,0,38,-38
116000594,521,532,-11
116000595,617,178,439
116000596,79,3,76
116000597,453,104,349
116000598,29,218,-189
116000602,61,486,-425
116000605,300,155,145
116000606,96,257,-161
116000607,7,81,-74
116000609,223,1033,-810
116000611,126,570,-444
116000612,709,1962,-1253
116000613,594,424,170
116000614,445,654,-209
116000615,5,343,-338
116000616,72,103,-31
116000617,119,70,49
116000618,1,143,-142
116000619,68,67,1
116000620,125,71,54
116000621,58,158,-100
116000622,49,144,-95
116000624,139,97,42
116000627,46,45,1
116000628,72,478,-406
116000629,39,341,-302
116000630,537,40,497
116000631,241,64,177
116000632,536,325,211
116000633,116,442,-326
116000634,479,60,419
116000635,3128,2176,952
116000636,942,1158,-216
116000637,579,30,549
116000638,54,427,-373
116900001,254,185,69
116900002,229,4,225
116900003,23,64,-41
116900004,39,53,-14
116900005,301,84,217
116900006,120,213,-93
116900007,141,178,-37
116900008,438,387,51
116900009,29,11,18
116900010,2,1227,-1225
116900011,27,40,-13
116900012,168,197,-29
116900013,7,221,-214
116900014,95,259,-164
116900015,422,59,363
116900016,239,11,228
116900017,1,618,-617
116900018,62,53,9
116900019,8,342,-334
116900020,1327,996,331
116900023,69,36,33
116900024,567,67,500
116900025,1249,1036,213
116900026,176,622,-446
116900027,40,65,-25
116900028,7,108,-101
116900029,0,60,-60
116900031,0,12,-12
116900032,7,372,-365
116900033,24,11,13
116900034,17,55,-38
116900035,197,214,-17
116900036,3,133,-130
116900038,42,5,37
116900041,22,22,0
116900042,686,326,360
116900043,28,74,-46
116900047,48,167,-119
116900049,49,321,-272
116900050,179,570,-391
116900051,111,189,-78
116900052,212,89,123
116900055,0,7,-7
116900057,27,230,-203
116900058,31,400,-369
116900059,2,166,-164
116900060,254,219,35
116900062,0,12,-12
116900064,96,679,-583
116900065,45,135,-90
116900067,124,100,24
116900068,139,219,-80
116900070,3,0,3
116900072,34,347,-313
116900073,15,146,-131
116900074,4,37,-33
116900076,7,24,-17
116900077,8,185,-177
116900078,195,111,84
116900079,44,226,-182
116900080,26,33,-7
116900081,445,1385,-940
116900082,498,1025,-527
116900083,82,49,33
116900084,141,72,69
116900085,67,217,-150
116900086,58,207,-149
116900088,519,169,350
116900090,174,54,120
116900091,482,45,437
116900092,102,818,-716
116900093,1763,2294,-531
116900094,4805,3578,1227
116900095,192,99,93
116900096,112,470,-358
116900097,3571,2857,714
116900098,1026,442,584
116900099,891,781,110
116900100,1013,41,972
116900101,373,568,-195
116900103,13,4,9
116900104,87,62,25
116900105,317,161,156
116900106,2010,361,1649
116900107,3712,2700,1012
116900110,25,2,23
116900111,493,786,-293
116900112,318,1028,-710
116900113,2264,1672,592
116900116,164,615,-451
116900117,126,171,-45
116900118,871,1106,-235
116900120,516,89,427
116900121,117,29,88
116900122,778,843,-65
116900123,197,836,-639
116900124,242,1223,-981
116900125,373,200,173
116900126,152,723,-571
116900128,4,38,-34
116900129,4,418,-414
116900130,714,3344,-2630
116900131,140,406,-266
116900132,68,158,-90
116900133,171,151,20
116900134,253,313,-60
116900136,299,243,56
116900137,331,189,142
116900138,212,225,-13
116900139,190,466,-276
116900140,207,176,31
116900141,951,625,326
116900142,8,88,-80
116900143,359,474,-115
116900144,31,111,-80
116900145,136,259,-123
116900147,510,391,119
116900148,7,63,-56
116900149,57,252,-195
116900150,13,12,1
116900151,42,13,29
116900153,140,92,48
116900154,815,644,171
116900155,86,78,8
116900157,659,287,372
116900158,126,289,-163
116900159,137,309,-172
116900160,1159,825,334
116900161,6578,5907,671
116900162,13,111,-98
116900163,225,180,45
116900164,86,106,-20
116900165,263,271,-8
116900166,45,62,-17
116900167,511,87,424
116900168,389,130,259
116900169,751,537,214
116900170,330,596,-266
116900171,50,137,-87
116900172,209,285,-76
116900173,278,46,232
116900174,57,46,11
116900175,213,201,12
116900178,30,156,-126
116900179,150,333,-183
116900180,93,33,60
116900182,497,359,138
116900183,169,159,10
116900185,35,59,-24
116900186,68,250,-182
116900187,63,65,-2
116900188,207,40,167
116900189,82,2,80
116900191,540,762,-222
116900192,268,146,122
116900194,178,1446,-1268
116900195,57,30,27
116900196,20,103,-83
116900197,119,14,105
116900198,227,239,-12
116900200,79,31,48
116900201,92,4,88
116900202,125,54,71
116900203,163,10,153
116900204,68,97,-29
116900205,0,0,0
116900206,11,21,-10
116900207,29,23,6
116900208,16,115,-99
116900209,22,154,-132
116900210,578,333,245
116900211,226,8,218
116900212,63,60,3
116900213,279,202,77
116900214,194,188,6
116900215,57,76,-19
116900216,280,299,-19
116900218,23,265,-242
116900219,1624,451,1173
116900220,108,226,-118
116900221,101,386,-285
116900222,472,380,92
116900223,127,346,-219
116900226,91,81,10
116900227,192,122,70
116900228,319,227,92
116900230,63,263,-200
116900231,33,394,-361
116900232,12,513,-501
116900233,218,116,102
116900234,19,10,9
116900235,165,350,-185
116900238,1768,391,1377
116900239,27,1567,-1540
116900240,5798,3620,2178
116900241,70,252,-182
116900242,333,609,-276
116900243,1,28,-27
116900245,23,21,2
116900246,114,10,104
116900247,820,33,787
116900248,87,40,47
116900249,385,121,264
116900250,423,38,385
116900251,526,492,34
116900252,195,948,-753
116900253,129,118,11
116900254,45,108,-63
116900255,128,61,67
116900256,331,142,189
116900257,16,517,-501
116900258,3,253,-250
116900259,211,6,205
116900260,3,133,-130
116900261,59,3,56
116900262,162,154,8
116900263,1,12,-11
116900264,2,4,-2
116900265,45,0,45
116900266,21,29,-8
116900267,4,2,2
116900268,258,104,154
116900269,302,645,-343
116900271,1669,269,1400
116900272,434,364,70
116900273,200,78,122
116900274,100,109,-9
116900275,175,98,77
116900276,883,112,771
116900277,602,40,562
116900278,4,13,-9
116900279,2,29,-27
116900280,42,41,1
116900281,6084,4072,2012
116900282,6,104,-98
116900283,28,156,-128
116900284,24,230,-206
116900285,298,183,115
116900286,269,29,240
116900287,8,45,-37
116900288,81,118,-37
116900289,6,10,-4
116900290,3,26,-23
116900291,17,8,9
116900292,0,18,-18
116900293,42,60,-18
116900294,34,147,-113
116900295,183,50,133
116900296,88,51,37
116900297,13,85,-72
116900298,138,54,84
116900299,48,46,2
116900300,3,88,-85
116900301,77,125,-48
116900302,57,67,-10
116900303,353,92,261
116900304,1,162,-161
116900305,45,66,-21
116900306,139,138,1
117000001,1960,1719,241
117000002,2183,4887,-2704
117000003,7596,3742,3854
117000004,4469,5879,-1410
117000005,2330,2008,322
117000006,1627,3831,-2204
117000007,4186,1374,2812
117000008,1278,4226,-2948
117000009,5524,2318,3206
117000010,3481,5003,-1522
117000011,2211,1798,413
117000012,1356,1604,-248
117000013,2161,1034,1127
117000014,1248,2519,-1271
117000015,2606,1432,1174
117000016,350,86,264
117000017,462,124,338
117000018,177,621,-444
117000019,96,3,93
117000020,524,1643,-1119
117000021,1989,478,1511
117000022,576,100,476
117000023,410,159,251
117000024,306,208,98
117000025,733,951,-218
117000026,2601,1344,1257
117000027,3400,5027,-1627
117000028,4827,2134,2693
117000030,662,562,100
117000031,430,293,137
117000032,2212,1190,1022
117000033,1282,790,492
117000034,486,357,129
117000035,374,339,35
117000036,446,362,84
117000037,268,252,16
117000038,275,690,-415
117000039,504,286,218
117000040,246,1128,-882
117000041,1092,201,891
117000044,22,887,-865
117000045,488,114,374
117000046,467,975,-508
117000047,1217,711,506
117000048,2432,1243,1189
117000049,155,585,-430
117000050,95,2144,-2049
117000051,2068,118,1950
117000052,48,465,-417
117000053,517,50,467
117000054,1916,12,1904
117000055,12,3224,-3212
117000056,694,18,676
117000057,727,2780,-2053
117000060,688,1698,-1010
117000061,1776,921,855
117000062,352,750,-398
117000063,1966,1153,813
117000064,898,1013,-115
117000066,1230,1167,63
117000067,147,633,-486
117000074,181,179,2
117000076,75,29,46
117000077,132,269,-137
117000078,126,758,-632
117000079,372,243,129
117000080,1,356,-355
117000081,1051,124,927
117000082,25,88,-63
117000083,109,8,101
117000084,200,0,200
117000085,287,775,-488
117000086,882,529,353
117000087,109,511,-402
117000088,303,148,155
117000089,1496,325,1171
117000090,351,1386,-1035
117000091,758,287,471
117000092,482,1421,-939
117000093,1194,810,384
117000094,1705,3280,-1575
117000095,4173,1030,3143
117000096,656,2679,-2023
117000097,1496,1267,229
117000098,2972,5323,-2351
117000099,3426,1408,2018
117000100,239,399,-160
117000101,293,1283,-990
117000102,1701,855,846
117000103,764,1880,-1116
117000104,1450,670,780
117000105,996,1753,-757
117000106,1250,916,334
117000107,677,2213,-1536
117000108,1518,976,542
117000109,1938,2991,-1053
117000110,1538,1089,449
117000111,4362,4531,-169
117000112,3430,2035,1395
117000113,122,266,-144
117000114,263,174,89
117000115,97,124,-27
117000116,150,271,-121
117000117,1785,1130,655
117000118,278,134,144
117000119,347,168,179
117000120,165,490,-325
117000121,163,1293,-1130
117000122,330,707,-377
117000123,1948,40,1908
117000124,1058,81,977
117000125,415,141,274
117000126,95,35,60
117000127,215,404,-189
117000128,607,936,-329
117000129,447,612,-165
117000130,139,1,138
117000131,0,141,-141
117000132,2552,35,2517
117000133,1770,128,1642
117000134,3,66,-63
117000135,6,32,-26
117000136,2,35,-33
117000137,96,165,-69
117000138,4,710,-706
117000140,526,1690,-1164
117000141,1696,619,1077
117000181,721,647,74
117000182,414,527,-113
117000195,219,1289,-1070
117000196,230,139,91
117000225,124,25,99
117000226,18,171,-153
117000276,284,20,264
117000277,4,433,-429
117000310,1836,2572,-736
117000315,70,787,-717
117000320,90,1,89
117000906,339,17,322
117000907,20,344,-324
117000908,26,30,-4
117000909,29,33,-4
117000910,198,205,-7
117000911,112,205,-93
117000915,6,534,-528
117000916,31,11,20
117000917,1089,39,1050
117000918,64,78,-14
117000919,15,111,-96
117000920,1,1495,-1494
117000921,4,1390,-1386
117000922,58,142,-84
117000924,363,902,-539
117000926,996,121,875
117000927,2142,1113,1029
117000928,0,162,-162
117000929,258,369,-111
117000930,214,17,197
117000931,603,168,435
117900002,121,474,-353
117900003,1027,545,482
117900005,5,51,-46
117900006,1,58,-57
117900007,162,123,39
117900008,0,32,-32
117900010,255,113,142
117900011,134,109,25
117900012,70,115,-45
117900013,3,251,-248
117900014,556,150,406
117900015,28,110,-82
117900016,1437,1046,391
117900017,576,241,335
117900018,326,125,201
117900019,476,247,229
117900020,73,440,-367
117900021,24,77,-53
117900022,41,12,29
117900023,906,148,758
117900024,81,91,-10
117900025,38,13,25
117900026,406,322,84
117900028,60,5,55
117900029,247,720,-473
117900030,535,346,189
117900031,183,115,68
117900032,1012,566,446
117900033,236,547,-311
117900034,40,62,-22
117900035,168,110,58
117900036,221,370,-149
117900037,163,94,69
117900038,42,346,-304
117900039,1,75,-74
117900040,143,481,-338
117900041,9,89,-80
117900042,4309,442,3867
117900043,47,69,-22
117900044,8,3005,-2997
117900045,183,162,21
117900048,329,368,-39
117900049,225,440,-215
117900050,2,91,-89
117900051,24,3,21
117900052,34,417,-383
117900053,1757,818,939
117900054,5,51,-46
117900055,274,156,118
117900056,385,50,335
117900057,1300,1268,32
117900058,211,26,185
117900059,432,106,326
117900060,2422,5619,-3197
117900061,34,250,-216
117900063,290,217,73
117900065,744,1495,-751
117900066,6,71,-65
117900067,406,221,185
117900069,612,311,301
117900070,322,15,307
117900071,104,131,-27
117900073,453,334,119
117900074,153,45,108
117900075,97,94,3
117900076,22,76,-54
117900077,453,179,274
117900078,393,1023,-630
117900080,133,55,78
117900081,703,433,270
117900082,462,457,5
117900083,278,474,-196
117900086,123,27,96
117900087,180,49,131
117900088,4288,2591,1697
117900089,2335,854,1481
117900090,367,434,-67
117900091,146,231,-85
117900092,69,33,36
117900093,87,52,35
117900094,45,16,29
117900095,338,382,-44
117900096,109,239,-130
117900097,229,76,153
117900098,21,8,13
117900099,123,212,-89
117900100,226,5,221
117900101,468,1781,-1313
117900102,71,51,20
117900103,31,0,31
117900104,32,111,-79
117900105,170,212,-42
117900106,79,34,45
117900107,70,0,70
117900109,608,432,176
117900110,102,3,99
117900111,360,40,320
117900112,51,19,32
117900113,3601,1768,1833
117900114,32,0,32
117900115,348,77,271
117900116,1075,1098,-23
117900117,622,400,222
117900118,55,0,55
117900119,232,241,-9
117900120,206,87,119
117900121,204,47,157
117900122,1863,3656,-1793
117900123,725,464,261
117900124,852,846,6
117900125,2229,2196,33
117900126,255,645,-390
117900127,534,489,45
117900128,465,732,-267
117900129,79,5,74
117900130,1005,513,492
117900131,1,137,-136
117900132,14,132,-118
117900133,11,162,-151
117900134,76,304,-228
117900135,57,221,-164
117900136,0,52,-52
117900137,39,339,-300
117900138,1,40,-39
117900139,154,159,-5
117900140,3572,208,3364
117900141,263,216,47
117900142,115,33,82
117900144,104,207,-103
117900145,113,60,53
117900146,216,214,2
117900147,69,79,-10
117900148,2723,1595,1128
117900149,103,227,-124
117900150,34,50,-16
117900151,38,90,-52
117900152,83,88,-5
117900153,18,121,-103
117900154,437,640,-203
117900156,1116,1079,37
117900157,85,671,-586
117900158,272,125,147
117900160,717,725,-8
117900161,3051,2609,442
117900162,385,486,-101
117900163,110,113,-3
117900165,1,12,-11
117900166,163,541,-378
117900168,42,129,-87
117900169,2,115,-113
117900170,3,44,-41
117900171,2,34,-32
117900172,15,25,-10
117900173,159,95,64
117900174,44,61,-17
117900175,2,27,-25
117900176,24,39,-15
117900177,15,39,-24
117900178,117,35,82
117900180,263,48,215
117900181,94,351,-257
117900182,3,45,-42
117900183,60,168,-108
117900184,17,51,-34
117900185,45,77,-32
117900186,52,29,23
117900187,20,11,9
117900188,172,105,67
117900189,66,44,22
117900190,21,2,19
117900191,125,2,123
117900192,325,1,324
117900193,44,74,-30
117900194,5,4,1
117900195,21,62,-41
117900196,16,33,-17
117900207,207,174,33
117900208,38,35,3
117900209,261,212,49
117900210,187,251,-64
117900211,10,257,-247
117900212,135,197,-62
117900213,22,17,5
117900214,9,27,-18
117900215,17,43,-26
117900216,50,27,23
117900217,134,336,-202
117900218,190,159,31
117900219,13,105,-92
117900220,147,129,18
117900222,234,289,-55
117900223,192,330,-138
118000001,898,1068,-170
118000002,1393,2450,-1057
118000003,2572,3413,-841
118000004,3895,3107,788
118000005,5997,6746,-749
118000006,8529,12096,-3567
118000007,6269,3963,2306
118000008,6012,3909,2103
118000009,2086,4300,-2214
118000010,8272,5432,2840
118000011,1528,2545,-1017
118000012,1401,2218,-817
118000013,2924,2630,294
118000014,1996,2596,-600
118000016,244,472,-228
118000017,543,494,49
118000018,520,605,-85
118000019,2735,1611,1124
118000020,2138,3976,-1838
118000021,896,3459,-2563
118000022,2177,952,1225
118000023,1143,270,873
118000024,2325,1357,968
118000027,18681,14976,3705
118000029,1262,833,429
118000032,1637,4355,-2718
118000033,3758,6804,-3046
118000034,6751,2971,3780
118000035,2002,3134,-1132
118000036,1258,1218,40
118000037,786,905,-119
118000038,172,109,63
118000039,115,225,-110
118000040,1815,1325,490
118000041,2457,1493,964
118000045,1024,251,773
118000046,1555,585,970
118000047,1057,860,197
118000048,4226,1773,2453
118000051,2766,1333,1433
118000052,1836,806,1030
118000053,616,634,-18
118000054,1524,1296,228
118000055,1252,1389,-137
118000056,241,452,-211
118000057,254,438,-184
118000058,5026,1850,3176
118000059,2462,1164,1298
118000060,1029,657,372
118000061,1460,1382,78
118000062,735,433,302
118000063,436,637,-201
118000064,840,1345,-505
118000065,5005,2055,2950
118000066,930,1738,-808
118000067,1593,970,623
118000068,2262,4340,-2078
118000069,3408,1305,2103
118000070,6165,2101,4064
118000071,3848,6431,-2583
118000072,2069,1383,686
118000073,3004,653,2351
118000074,560,372,188
118000075,678,288,390
118000076,1634,2101,-467
118000077,1606,1453,153
118000078,1925,2273,-348
118000079,407,538,-131
118000080,1305,1124,181
118000081,2081,1252,829
118000082,371,1373,-1002
118000083,1996,1961,35
118000084,4004,1855,2149
118000086,434,659,-225
118000087,5262,2890,2372
118000088,2069,1746,323
118000089,3886,2131,1755
118000090,1486,3007,-1521
118000091,1236,2493,-1257
118000092,1172,625,547
118000093,137,774,-637
118000096,568,686,-118
118000097,950,659,291
118000098,314,222,92
118000099,583,847,-264
118000101,1220,412,808
118000102,438,1594,-1156
118000107,2043,597,1446
118000108,758,2103,-1345
118000110,3,37,-34
118000111,3,347,-344
118000112,422,3,419
118000113,5,619,-614
118000114,414,10,404
118000115,17,19,-2
118000116,52,0,52
118000117,1380,827,553
118000118,1040,981,59
118000119,1115,1181,-66
118000120,1773,1381,392
118000121,170,742,-572
118000122,1492,440,1052
118000123,77,290,-213
118000125,1797,1007,790
118000126,761,1591,-830
118000127,1716,632,1084
118000128,736,1268,-532
118000129,909,317,592
118000130,2419,3373,-954
118000131,624,734,-110
118000132,2351,1822,529
118000133,1042,348,694
118000135,612,377,235
118000136,152,486,-334
118000137,640,122,518
118000138,515,681,-166
118000139,368,137,231
118000140,2777,4360,-1583
118000141,2121,2031,90
118000142,1812,1688,124
118000143,2272,1376,896
118000144,1198,1067,131
118000145,1755,2251,-496
118000146,1432,1073,359
118000147,979,1738,-759
118000148,490,1272,-782
118000149,1139,1168,-29
118000150,554,317,237
118000151,505,505,0
118000153,1373,1364,9
118000154,1439,1677,-238
118000155,1409,1564,-155
118000156,2334,2607,-273
118000157,693,468,225
118000158,187,543,-356
118000159,25,102,-77
118000160,595,500,95
118000161,523,913,-390
118000162,2028,855,1173
118000163,934,864,70
118000164,2088,1628,460
118000168,1283,601,682
118000169,1172,1333,-161
118000170,4930,6011,-1081
118000171,345,716,-371
118000172,105,309,-204
118000173,1173,1514,-341
118000175,358,364,-6
118000176,297,441,-144
118000177,246,538,-292
118000178,44,37,7
118000179,1520,1463,57
118000180,1118,810,308
118000181,845,311,534
118000182,308,248,60
118000183,259,303,-44
118000184,1028,814,214
118000185,1501,1187,314
118000186,986,1275,-289
118000187,1271,930,341
118000188,626,195,431
118000189,720,883,-163
118000190,11,20,-9
118000191,44,30,14
118000192,109,181,-72
118000193,71,343,-272
118000194,1326,970,356
118000195,1291,925,366
118000196,460,197,263
118000197,353,154,199
118000198,631,742,-111
118000199,517,367,150
118000200,177,334,-157
118000201,471,490,-19
118000202,76,68,8
118000203,1583,588,995
118000204,194,392,-198
118000205,208,380,-172
118000206,210,192,18
118000207,0,55,-55
118000208,1375,1683,-308
118000209,2041,1853,188
118000210,68,59,9
118000211,38,53,-15
118000213,1237,1374,-137
118000214,732,614,118
118000215,314,155,159
118000216,2006,3319,-1313
118000217,23,139,-116
118000218,86,130,-44
118000219,554,355,199
118000220,1,51,-50
118000221,241,367,-126
118000222,55,12,43
118000223,33,45,-12
118000224,205,147,58
118000225,119,638,-519
118000226,1116,213,903
118000227,962,398,564
118000228,185,309,-124
118000229,236,50,186
118000230,166,228,-62
118000231,132,230,-98
118000232,802,1010,-208
118000233,1229,941,288
118000234,568,259,309
118000236,435,325,110
118000237,148,476,-328
118000238,319,204,115
118000239,292,291,1
118000240,541,223,318
118000241,174,206,-32
118000242,381,796,-415
118000243,345,243,102
118000244,70,193,-123
118000246,0,19,-19
118000255,58,260,-202
118000256,116,248,-132
118000259,18,62,-44
118000260,186,88,98
118000261,47,75,-28
118000263,92,185,-93
118000266,154,298,-144
118000267,1,116,-115
118000268,434,5,429
118000270,104,34,70
118000271,226,258,-32
118000272,133,49,84
118000273,187,87,100
118000274,104,360,-256
118000276,520,448,72
118000295,18,134,-116
118000298,195,358,-163
118000299,56,173,-117
118000301,0,51,-51
118000302,109,95,14
118000311,444,113,331
118000312,343,236,107
118000313,87,191,-104
118000314,86,94,-8
118000315,57,76,-19
118000316,787,530,257
118000325,64,75,-11
118000326,32,52,-20
118000331,49,58,-9
118000332,33,45,-12
118000333,48,122,-74
118000335,316,0,316
118000336,0,232,-232
118000407,157,108,49
118000457,3,41,-38
118000465,4769,5064,-295
118000480,42,92,-50
118000489,19,310,-291
118000490,32,252,-220
118000492,233,239,-6
118000510,96,21,75
118000514,214,340,-126
118000515,849,681,168
118000517,367,214,153
118000524,383,235,148
118000525,1004,933,71
118000530,32,134,-102
118000531,323,318,5
118000532,214,344,-130
118000533,368,158,210
118000534,551,516,35
118000535,278,170,108
118000536,1079,1924,-845
118000537,19,179,-160
118000538,31,81,-50
118000539,13,78,-65
118000540,424,149,275
118000541,174,63,111
118000542,98,211,-113
118000543,243,223,20
118000546,64,38,26
118000553,0,1,-1
118000557,0,0,0
118000560,3162,2633,529
118000562,33,138,-105
118000563,1766,1301,465
118000576,179,158,21
118000577,118,156,-38
118000578,113,103,10
118000579,754,1078,-324
118000583,0,0,0
118000595,197,85,112
118000596,0,60,-60
118000597,97,117,-20
118000598,11,1,10
118000599,69,51,18
118000600,5,9,-4
118000601,10,0,10
118000602,0,10,-10
118000603,0,20,-20
118900001,729,1255,-526
118900002,1059,867,192
118900003,402,13,389
118900004,34,72,-38
118900005,112,13,99
118900006,257,17,240
118900007,7,3,4
118900008,1787,60,1727
118900009,66,33,33
118900010,78,16,62
118900011,295,43,252
118900012,425,241,184
118900013,501,143,358
118900015,208,80,128
118900016,10,10,0
118900017,374,395,-21
118900018,878,27,851
118900019,49,32,17
118900020,276,180,96
118900021,185,350,-165
118900022,167,163,4
118900023,185,116,69
118900024,177,144,33
118900025,46,24,22
118900026,84,114,-30
118900027,494,234,260
118900028,190,184,6
118900029,298,360,-62
118900030,386,111,275
118900031,175,151,24
118900032,205,232,-27
118900033,525,424,101
118900034,178,41,137
118900035,140,190,-50
118900036,1331,883,448
118900037,454,310,144
118900038,370,243,127
118900039,518,153,365
118900040,217,239,-22
118900041,603,172,431
118900042,202,103,99
118900045,329,213,116
118900046,1071,394,677
118900047,554,237,317
118900048,199,232,-33
118900049,71,49,22
118900050,30,116,-86
118900051,54,94,-40
118900052,394,238,156
118900053,57,90,-33
118900054,116,48,68
118900055,117,139,-22
118900056,29,357,-328
118900057,824,519,305
118900058,419,365,54
118900059,20,91,-71
118900060,56,110,-54
118900062,327,193,134
118900064,672,527,145
118900065,61,163,-102
118900066,109,93,16
118900067,4663,3460,1203
118900068,26,214,-188
118900069,424,271,153
118900071,14,103,-89
118900072,424,357,67
118900073,114,150,-36
118900074,150,226,-76
118900075,40,106,-66
118900076,198,126,72
118900077,210,185,25
118900078,38,5,33
118900079,47,233,-186
118900080,23,194,-171
118900081,94,47,47
118900082,612,170,442
118900083,62,17,45
118900084,28,21,7
118900085,672,1096,-424
118900086,39,96,-57
118900087,26,210,-184
118900088,0,13,-13
118900089,31,23,8
118900090,422,413,9
118900091,172,205,-33
118900092,142,115,27
118900093,169,25,144
118900096,60,21,39
118900097,309,536,-227
118900099,112,254,-142
118900100,202,317,-115
118900101,136,569,-433
118900102,55,118,-63
118900103,57,131,-74
118900104,265,163,102
118900105,280,115,165
118900107,171,87,84
118900108,89,103,-14
118900110,1552,790,762
118900111,504,539,-35
118900112,60,175,-115
118900113,131,560,-429
118900114,37,90,-53
118900115,118,490,-372
118900116,168,264,-96
118900117,124,203,-79
118900118,306,380,-74
118900119,171,271,-100
118900120,102,359,-257
118900121,11,174,-163
118900122,29,1059,-1030
118900123,169,236,-67
118900124,61,197,-136
118900126,20,432,-412
118900129,259,303,-44
118900130,69,211,-142
118900131,141,264,-123
118900132,368,245,123
118900133,25,123,-98
118900135,300,272,28
118900136,242,542,-300
118900137,7,31,-24
118900139,177,333,-156
118900140,438,648,-210
118900141,113,168,-55
118900144,148,431,-283
118900145,55,109,-54
118900146,419,771,-352
118900147,269,190,79
118900148,93,67,26
118900150,169,517,-348
118900152,815,892,-77
118900157,85,170,-85
118900158,86,75,11
118900159,2,151,-149
118900161,96,7,89
118900163,124,88,36
118900164,9,106,-97
118900165,54,184,-130
118900166,33,2,31
118900167,135,96,39
118900168,16,227,-211
118900169,129,312,-183
118900170,167,156,11
118900171,25,44,-19
118900174,52,86,-34
118900175,359,553,-194
118900176,146,287,-141
118900177,79,94,-15
118900178,82,264,-182
118900179,4,36,-32
118900181,92,128,-36
118900182,122,56,66
118900183,28,136,-108
118900184,389,155,234
118900185,99,127,-28
118900186,137,100,37
118900187,260,291,-31
118900188,282,326,-44
118900189,42,888,-846
118900190,6,246,-240
118900191,116,57,59
118900192,140,21,119
118900193,429,9,420
118900195,318,719,-401
118900196,43,132,-89
118900197,89,59,30
118900198,34,18,16
118900199,77,40,37
118900200,31,18,13
118900201,36,38,-2
118900202,7,56,-49
118900203,18,29,-11
118900204,29,49,-20
118900205,4,18,-14
118900206,5,17,-12
119000001,1316,2087,-771
119000002,5007,4224,783
119000003,2454,1250,1204
119000004,2372,1407,965
119000005,1922,1930,-8
119000006,2468,1579,889
119000007,3394,3487,-93
119000008,2141,2124,17
119000009,4101,4571,-470
119000010,7914,5056,2858
119000011,4526,3026,1500
119000012,3581,4025,-444
119000013,2607,1649,958
119000014,2334,3569,-1235
119000019,313,158,155
119000020,1893,1556,337
119000021,4437,2612,1825
119000022,3439,2666,773
119000023,276,276,0
119000024,1844,10254,-8410
119000025,7333,1478,5855
119000026,169,435,-266
119000027,235,531,-296
119000028,2204,1139,1065
119000029,111,383,-272
119000030,532,1025,-493
119000031,874,862,12
119000032,2227,2597,-370
119000033,2380,1575,805
119000034,1036,1081,-45
119000035,24,339,-315
119000036,1697,962,735
119000037,1231,1943,-712
119000038,166,1034,-868
119000039,342,368,-26
119000040,940,584,356
119000041,945,1185,-240
119000048,3479,3550,-71
119000049,1864,2660,-796
119000050,1782,2058,-276
119000051,1908,1088,820
119000052,2039,2971,-932
119000053,2112,1303,809
119000054,3353,3609,-256
119000055,4529,3647,882
119000056,2499,2301,198
119000057,1638,2147,-509
119000058,2204,2028,176
119000059,1559,1882,-323
119000060,1739,1289,450
119000061,1090,918,172
119000062,1376,1559,-183
119000063,560,443,117
119000064,1092,1445,-353
119000065,2292,3624,-1332
119000066,2419,1162,1257
119000067,1865,2455,-590
119000068,1724,1162,562
119000069,1534,2616,-1082
119000070,2590,1078,1512
119000071,577,750,-173
119000072,5241,3282,1959
119000073,4958,7027,-2069
119000074,1194,2738,-1544
119000075,2280,2366,-86
119000076,377,880,-503
119000077,753,471,282
119000078,335,183,152
119000079,142,607,-465
119000080,451,213,238
119000081,286,393,-107
119000082,990,232,758
119000083,653,388,265
119000084,339,433,-94
119000085,568,239,329
119000086,343,442,-99
119000087,1867,1072,795
119000088,377,258,119
119000089,85,227,-142
119000090,154,184,-30
119000091,106,384,-278
119000092,624,221,403
119000093,3813,3155,658
119000094,3030,5763,-2733
119000095,1998,3074,-1076
119000097,2495,1673,822
119000098,943,2698,-1755
119000099,2774,2031,743
119000100,3874,3310,564
119000101,4809,2289,2520
119000102,1153,1264,-111
119000103,1871,628,1243
119000104,2916,1717,1199
119000105,1240,1968,-728
119000106,401,1579,-1178
119000107,939,544,395
119000108,445,1122,-677
119000109,211,542,-331
119000110,599,476,123
119000111,65,659,-594
119000112,238,129,109
119000113,2475,326,2149
119000114,1085,1125,-40
119000115,173,137,36
119000116,170,131,39
119000117,206,434,-228
119000118,5,0,5
119000123,5332,1861,3471
119000124,719,281,438
119000125,3870,922,2948
119000126,1109,779,330
119000127,596,607,-11
119000128,28,2,26
119000131,1039,839,200
119000132,5,2,3
119000133,2,6,-4
119000134,2407,635,1772
119000135,109,239,-130
119000136,228,214,14
119000137,229,390,-161
119000138,409,310,99
119000139,347,303,44
119000140,224,415,-191
119000284,1581,3075,-1494
119000285,2672,2384,288
119000286,8387,6678,1709
119000287,1214,2434,-1220
119000288,2096,1532,564
119000289,2164,3349,-1185
119000290,199,513,-314
119000291,11,269,-258
119000293,86,193,-107
119000294,48,36,12
119000295,1540,468,1072
119000296,238,135,103
119000299,0,0,0
119000302,2725,1457,1268
119000303,63,158,-95
119000314,1974,9664,-7690
119000315,1,441,-440
119000316,143,160,-17
119000317,87,382,-295
119900001,315,1287,-972
119900002,221,357,-136
119900003,76,1312,-1236
119900004,330,1116,-786
119900005,170,127,43
119900006,253,437,-184
119900007,1385,237,1148
119900008,38,55,-17
119900009,778,818,-40
119900010,1419,1379,40
119900011,31,110,-79
119900012,16,127,-111
119900013,2070,1136,934
119900014,650,319,331
119900015,116,39,77
119900016,47,111,-64
119900017,54,61,-7
119900018,2181,952,1229
119900019,54,6,48
119900020,251,258,-7
119900021,180,210,-30
119900022,154,801,-647
119900023,679,1471,-792
119900025,156,39,117
119900026,850,178,672
119900027,43,24,19
119900028,304,137,167
119900029,3,7,-4
119900030,764,575,189
119900031,83,428,-345
119900033,2568,360,2208
119900034,472,137,335
119900037,251,63,188
119900038,56,359,-303
119900039,111,20,91
119900040,77,19,58
119900041,127,39,88
119900042,131,165,-34
119900043,81,159,-78
119900044,254,1006,-752
119900046,112,77,35
119900047,303,100,203
119900048,26,20,6
119900049,182,9,173
119900050,144,126,18
119900051,473,49,424
119900052,40,55,-15
119900053,243,154,89
119900054,102,12,90
119900055,1514,606,908
119900057,209,83,126
119900058,240,7,233
119900059,145,36,109
119900060,231,33,198
119900062,66,29,37
119900063,18,55,-37
119900065,250,13,237
119900066,0,1,-1
119900067,120,35,85
119900068,474,6,468
119900069,121,54,67
119900070,985,8,977
119900071,695,37,658
119900073,1878,709,1169
119900074,100,45,55
119900075,5569,3114,2455
119900076,723,510,213
119900077,914,1143,-229
119900078,624,1038,-414
119900079,269,319,-50
119900080,1890,1496,394
119900081,451,47,404
119900082,1474,271,1203
119900083,510,212,298
119900084,948,422,526
119900085,78,113,-35
119900087,851,418,433
119900088,23,59,-36
119900089,56,487,-431
119900090,150,75,75
119900091,37,951,-914
119900092,117,467,-350
119900093,1302,222,1080
119900094,52,171,-119
119900095,239,147,92
119900096,52,147,-95
119900097,647,195,452
119900098,46,80,-34
119900099,41,330,-289
119900100,2352,2874,-522
119900101,181,1159,-978
119900102,89,292,-203
119900103,45,426,-381
119900104,50,206,-156
119900105,1071,2056,-985
119900106,18,204,-186
119900107,361,3065,-2704
119900108,2486,784,1702
119900109,44,226,-182
119900110,778,657,121
119900111,128,347,-219
119900112,1868,625,1243
119900113,95,298,-203
119900114,284,1326,-1042
119900115,334,1160,-826
119900116,229,427,-198
119900117,473,840,-367
119900118,74,1042,-968
119900119,264,263,1
119900120,852,663,189
119900121,422,1171,-749
119900122,631,412,219
119900123,241,340,-99
119900124,220,957,-737
119900125,63,356,-293
119900126,4454,395,4059
119900127,2484,1288,1196
119900128,494,889,-395
119900129,304,622,-318
119900130,36,339,-303
119900131,57,294,-237
119900132,24,299,-275
119900133,78,92,-14
119900134,1907,287,1620
119900135,1,448,-447
119900136,253,363,-110
119900138,434,616,-182
119900139,43,152,-109
119900140,2,128,-126
119900141,140,795,-655
119900142,11,62,-51
119900143,43,175,-132
119900144,1984,335,1649
119900145,97,214,-117
119900146,198,205,-7
119900147,4,209,-205
119900148,243,87,156
119900149,1445,4168,-2723
119900150,196,189,7
119900151,1968,925,1043
119900152,145,425,-280
119900153,170,100,70
119900154,14,286,-272
119900155,47,58,-11
119900156,16,11,5
119900157,141,295,-154
119900158,177,98,79
119900159,3,1631,-1628
119900160,16,193,-177
119900161,235,258,-23
119900162,1030,1116,-86
119900163,152,185,-33
119900164,2,3,-1
119900165,185,271,-86
119900166,98,67,31
119900167,123,150,-27
119900168,858,576,282
119900169,102,398,-296
119900170,236,294,-58
119900171,1065,501,564
119900172,167,27,140
119900173,8,504,-496
119900174,9,244,-235
119900175,1343,856,487
119900177,28,267,-239
119900178,21,168,-147
119900179,110,450,-340
119900180,983,985,-2
119900181,60,127,-67
119900182,9,429,-420
119900183,196,749,-553
119900184,2696,707,1989
119900185,53,190,-137
119900186,96,859,-763
119900187,35,505,-470
119900188,180,457,-277
119900189,657,553,104
119900190,83,294,-211
119900191,415,236,179
119900192,99,230,-131
119900193,459,267,192
119900194,15,90,-75
119900195,42,215,-173
119900196,1696,642,1054
119900197,178,184,-6
119900198,217,331,-114
119900199,177,16,161
119900200,633,741,-108
119900201,481,224,257
119900202,136,291,-155
119900203,226,593,-367
119900204,326,387,-61
119900205,728,571,157
119900206,159,182,-23
119900208,233,196,37
119900209,561,1447,-886
119900210,31,45,-14
119900211,94,15,79
119900212,177,278,-101
119900213,20,84,-64
119900214,28,123,-95
119900215,56,87,-31
119900216,27,77,-50
119900217,8,70,-62
119900218,12,129,-117
119900219,4,119,-115
119900220,6,128,-122
119900221,50,282,-232
119900222,12,277,-265
119900223,15,94,-79
119900224,18,24,-6
119900225,1127,81,1046
119900226,748,1999,-1251
119900227,1217,375,842
119900228,46,307,-261
119900229,440,558,-118
119900230,1826,799,1027
119900231,316,185,131
119900232,291,114,177
119900233,90,16,74
119900234,21,82,-61
119900235,53,51,2
119900236,46,252,-206
119900237,111,640,-529
119900238,8,102,-94
119900240,117,156,-39
119900241,203,363,-160
119900242,1695,2143,-448
119900244,782,1601,-819
119900245,149,253,-104
119900246,345,676,-331
119900247,37,158,-121
119900248,135,201,-66
119900249,278,110,168
119900253,3106,399,2707
119900254,90,698,-608
119900255,114,598,-484
119900256,667,1139,-472
119900257,70,7,63
119900258,163,12,151
119900259,9,129,-120
119900260,184,15,169
119900261,296,159,137
119900262,2,260,-258
119900263,1115,442,673
119900264,144,201,-57
119900265,341,406,-65
119900266,380,373,7
119900267,305,603,-298
119900268,126,205,-79
119900269,965,1219,-254
119900271,33,132,-99
119900272,537,204,333
119900275,197,55,142
119900276,70,6,64
119900277,15,17,-2
119900278,296,125,171
119900279,143,369,-226
119900280,726,209,517
119900281,1,205,-204
119900282,77,114,-37
119900283,14,241,-227
119900284,55,357,-302
119900285,24,57,-33
119900286,2,23,-21
119900288,2,28,-26
119900289,0,35,-35
119900290,17,49,-32
119900291,2,84,-82
119900292,59,33,26
119900293,24,6,18
119900294,21,0,21
119900295,0,0,0
119900296,0,0,0
119900299,56,221,-165
119900300,195,175,20
119900301,98,112,-14
119900302,191,113,78
119900303,308,236,72
119900304,343,56,287
119900305,18,154,-136
119900306,33,3,30
119900307,56,159,-103
119900308,5,37,-32
119900309,40,144,-104
119900310,342,393,-51
119900311,93,126,-33
119900312,129,122,7
119900313,330,385,-55
119900314,214,398,-184
119900315,1808,2415,-607
119900318,15,33,-18
119900319,13,327,-314
119900320,278,610,-332
119900321,79,3,76
119900322,30,117,-87
119900323,4,162,-158
119900324,0,56,-56
119900325,192,447,-255
119900326,152,110,42
120000001,7683,14564,-6881
120000002,2641,3320,-679
120000003,3843,1864,1979
120000004,3140,2587,553
120000005,5092,2225,2867
120000006,1359,1596,-237
120000007,4029,3480,549
120000008,1171,1585,-414
120000009,3738,1045,2693
120000010,1953,2910,-957
120000011,1146,2102,-956
120000012,1786,3278,-1492
120000013,3101,3018,83
120000014,758,1675,-917
120000015,2691,1641,1050
120000016,3792,2581,1211
120000017,3009,2657,352
120000018,4310,11840,-7530
120000019,1045,1537,-492
120000020,3193,3533,-340
120000021,1894,2584,-690
120000022,3100,3844,-744
120000023,1146,1767,-621
120000024,1704,2544,-840
120000025,2390,2171,219
120000026,1928,2112,-184
120000027,2156,2334,-178
120000028,883,802,81
120000029,4271,1068,3203
120000030,531,1013,-482
120000031,2695,6910,-4215
120000032,9611,4792,4819
120000033,5705,2383,3322
120000034,1934,2163,-229
120000035,2021,2210,-189
120000036,3137,5579,-2442
120000037,809,1667,-858
120000038,7483,4325,3158
120000039,674,917,-243
120000040,151,343,-192
120000041,1296,1591,-295
120000042,1942,2708,-766
120000043,5169,2026,3143
120000044,5166,1852,3314
120000045,5464,1245,4219
120000046,2938,2593,345
120000047,1422,5317,-3895
120000048,7823,4700,3123
120000049,3261,3102,159
120000050,4530,4509,21
120000051,3314,4885,-1571
120000052,9791,2791,7000
120000053,1254,2940,-1686
120000054,1451,4890,-3439
120000055,1972,5592,-3620
120000056,4411,4064,347
120000057,2753,791,1962
120000058,3151,605,2546
120000059,32,1800,-1768
120000061,147,724,-577
120000062,209,310,-101
120000063,1842,2786,-944
120000064,292,1340,-1048
120000065,711,1864,-1153
120000066,323,588,-265
120000067,74,464,-390
120000068,294,941,-647
120000069,642,1254,-612
120000070,108,803,-695
120000071,500,150,350
120000072,770,460,310
120000073,978,139,839
120000074,153,119,34
120000075,979,377,602
120000076,2355,476,1879
120000077,1864,724,1140
120000078,3662,1425,2237
120000079,254,182,72
120000080,164,213,-49
120000081,323,143,180
120000082,178,246,-68
120000083,47,578,-531
120000084,358,392,-34
120000085,283,382,-99
120000086,306,539,-233
120000087,229,800,-571
120000088,807,1435,-628
120000089,1264,838,426
120000090,680,678,2
120000091,841,1187,-346
120000092,1422,774,648
120000093,410,560,-150
120000094,168,830,-662
120000095,1079,637,442
120000096,298,937,-639
120000098,1150,1045,105
120000099,476,1036,-560
120000100,1019,1192,-173
120000101,552,605,-53
120000102,622,951,-329
120000103,1609,989,620
120000104,1842,515,1327
120000105,3283,846,2437
120000106,2357,842,1515
120000107,3780,803,2977
120000108,1233,184,1049
120000109,1329,76,1253
120000110,99,1045,-946
120000111,114,1210,-1096
120000112,933,3395,-2462
120000113,713,2546,-1833
120000114,1117,3278,-2161
120000115,440,2678,-2238
120000116,871,2441,-1570
120000117,1354,1790,-436
120000118,69,34,35
120000119,25,102,-77
120000120,55,94,-39
120000121,36,94,-58
120000122,330,352,-22
120000123,6114,5207,907
120000124,415,437,-22
120000125,499,813,-314
120000126,381,924,-543
120000127,3595,1070,2525
120000128,4311,4469,-158
120000129,170,310,-140
120000130,850,597,253
120000131,312,788,-476
120000134,523,1262,-739
120000135,583,517,66
120000137,264,1471,-1207
120000138,956,564,392
120000139,290,804,-514
120000140,828,679,149
120000141,353,460,-107
120000142,660,694,-34
120000143,0,157,-157
120000144,114,0,114
120000145,387,3,384
120000146,1559,1107,452
120000149,831,1287,-456
120000150,3816,12008,-8192
120000151,425,614,-189
120000152,588,211,377
120000153,316,570,-254
120000154,525,478,47
120000155,102,271,-169
120000156,996,1047,-51
120000157,1096,661,435
120000158,1053,971,82
120000159,2373,3121,-748
120000160,2749,1551,1198
120000161,2183,2553,-370
120000162,82,347,-265
120000163,741,1450,-709
120000164,545,407,138
120000165,584,1028,-444
120000166,1639,626,1013
120000167,76,164,-88
120000168,21,523,-502
120000169,40,1446,-1406
120000170,40,688,-648
120000171,16,268,-252
120000172,49,121,-72
120000173,2533,732,1801
120000174,476,47,429
120000175,328,26,302
120000176,445,37,408
120000177,1570,131,1439
120000178,156,23,133
120000179,339,31,308
120000180,896,88,808
120000181,145,837,-692
120000182,86,399,-313
120000183,8,326,-318
120000184,138,1106,-968
120000186,89,341,-252
120000187,54,184,-130
120000188,157,234,-77
120000190,1193,37,1156
120000191,1398,94,1304
120000192,1444,36,1408
120000193,582,11,571
120000195,157,11,146
120000196,557,47,510
120000197,160,133,27
120000198,157,88,69
120000199,108,0,108
120000200,130,1,129
120000201,28,29,-1
120000202,5,60,-55
120000203,46,283,-237
120000207,0,89,-89
120000208,20,253,-233
120000209,11,86,-75
120000210,90,109,-19
120000211,153,4,149
120000212,174,1,173
120000213,122,325,-203
120000214,0,362,-362
120000215,4,137,-133
120000216,79,13,66
120000217,759,1205,-446
120000218,163,815,-652
120000219,3,543,-540
120000220,12,1787,-1775
120000225,1577,6,1571
120000226,375,6,369
120000227,883,51,832
120000228,8688,3505,5183
120000230,397,14,383
120000231,1300,2496,-1196
120000233,277,7,270
120000235,324,823,-499
120000236,970,2,968
120000237,1,1430,-1429
120000238,3,568,-565
120000241,1408,3975,-2567
120000412,1131,7,1124
120000413,288,318,-30
120000414,109,3,106
120000415,3,128,-125
120000416,82,7,75
120000417,7,63,-56
120000418,192,22,170
120000419,16,328,-312
120000420,56,45,11
120000421,12827,6850,5977
120000422,187,1277,-1090
120000423,4,58,-54
120000424,72,180,-108
120000436,171,620,-449
120000437,158,188,-30
120000438,3189,288,2901
120000439,234,633,-399
120000443,297,2,295
120000444,1448,603,845
120000445,1549,1127,422
120000446,812,263,549
120000447,214,7,207
120000449,156,7,149
120000450,6,251,-245
120000451,246,226,20
120000452,126,1,125
120000453,1,287,-286
120000454,90,48,42
120000455,118,59,59
120000456,2511,4031,-1520
120000457,1256,646,610
120000458,495,786,-291
120000459,93,63,30
120000665,1337,254,1083
120000668,133,577,-444
120000669,46,187,-141
120000670,331,545,-214
120000671,1629,514,1115
120000672,138,744,-606
120900001,78,96,-18
120900002,547,641,-94
120900003,359,29,330
120900004,13,55,-42
120900005,33,1328,-1295
120900006,491,235,256
120900007,208,111,97
120900008,229,1246,-1017
120900009,533,44,489
120900010,539,103,436
120900011,330,220,110
120900012,557,1376,-819
120900013,336,144,192
120900014,2,685,-683
120900015,724,119,605
120900016,896,59,837
120900017,2552,134,2418
120900018,161,595,-434
120900019,727,381,346
120900020,937,1608,-671
120900021,742,252,490
120900022,41,380,-339
120900023,323,24,299
120900024,2454,729,1725
120900025,1829,1172,657
120900026,213,273,-60
120900027,925,21,904
120900028,430,124,306
120900029,228,490,-262
120900030,1237,915,322
120900031,311,117,194
120900032,1086,125,961
120900033,1130,80,1050
120900034,36,2690,-2654
120900035,60,120,-60
120900037,225,11,214
120900038,52,275,-223
120900039,117,57,60
120900040,272,4,268
120900041,176,47,129
120900042,605,70,535
120900043,73,33,40
120900044,18,418,-400
120900045,191,142,49
120900046,414,8,406
120900047,158,122,36
120900048,103,34,69
120900049,438,5,433
120900050,2676,1408,1268
120900051,373,127,246
120900052,736,8,728
120900053,294,89,205
120900054,2022,736,1286
120900055,406,4,402
120900056,533,32,501
120900057,133,17,116
120900058,562,2,560
120900059,94,3,91
120900060,68,42,26
120900061,282,276,6
120900062,280,0,280
120900063,524,7,517
120900064,573,3,570
120900065,474,1,473
120900066,289,218,71
120900067,214,63,151
120900068,286,0,286
120900069,235,70,165
120900071,35,1,34
120900072,720,6,714
120900073,588,218,370
120900074,603,9,594
120900076,306,0,306
120900077,3448,450,2998
120900078,807,863,-56
120900079,830,115,715
120900080,762,1883,-1121
120900081,925,791,134
120900082,688,481,207
120900083,89,4,85
120900084,305,497,-192
120900085,113,140,-27
120900086,152,402,-250
120900087,495,394,101
120900088,219,381,-162
120900089,3951,2740,1211
120900090,185,157,28
120900091,781,922,-141
120900092,1731,649,1082
120900093,2596,191,2405
120900094,654,198,456
120900095,587,15,572
120900096,65,254,-189
120900097,778,818,-40
120900098,346,207,139
120900099,68,100,-32
120900100,146,308,-162
120900101,869,361,508
120900102,41,112,-71
120900103,72,217,-145
120900104,41,66,-25
120900105,25,606,-581
120900106,1615,655,960
120900107,273,212,61
120900108,6,639,-633
120900109,65,794,-729
120900110,15,793,-778
120900111,204,376,-172
120900112,9,892,-883
120900113,12,969,-957
120900114,46,193,-147
120900115,216,263,-47
120900116,352,544,-192
120900117,2,543,-541
120900118,10,856,-846
120900119,4160,5498,-1338
120900120,127,665,-538
120900121,214,653,-439
120900122,545,601,-56
120900123,5,464,-459
120900124,1,630,-629
120900125,12,753,-741
120900126,1863,1540,323
120900127,9,598,-589
120900128,1474,1920,-446
120900129,29,358,-329
120900130,19,493,-474
120900131,38,83,-45
120900132,967,315,652
120900133,249,1136,-887
120900134,992,492,500
120900135,15,602,-587
120900136,78,89,-11
120900137,257,140,117
120900138,35,219,-184
120900139,4,769,-765
120900140,1,81,-80
120900141,244,250,-6
120900142,46,632,-586
120900143,5,906,-901
120900144,1,205,-204
120900145,172,898,-726
120900146,4,1234,-1230
120900147,1,515,-514
120900148,147,141,6
120900149,0,316,-316
120900150,51,617,-566
120900151,0,657,-657
120900152,2,60,-58
120900153,26,117,-91
120900154,0,361,-361
120900155,220,1176,-956
120900156,133,404,-271
120900157,104,227,-123
120900158,64,672,-608
120900159,184,333,-149
120900160,26,707,-681
120900161,37,562,-525
120900162,19,739,-720
120900163,49,711,-662
120900164,1,10,-9
120900165,8,32,-24
120900166,270,561,-291
120900167,569,186,383
120900169,72,442,-370
120900170,1561,2844,-1283
120900171,1339,365,974
120900172,1456,942,514
120900173,0,73,-73
120900174,4,158,-154
120900175,282,220,62
120900176,16,393,-377
120900177,2,1186,-1184
120900178,1,520,-519
120900179,1100,641,459
120900180,131,151,-20
120900181,134,74,60
120900182,28,356,-328
120900183,385,184,201
120900184,199,110,89
120900185,11,395,-384
120900186,0,450,-450
120900187,634,1118,-484
120900188,206,14,192
120900189,157,1094,-937
120900190,51,5,46
120900191,7,19,-12
120900192,12267,7042,5225
120900194,56,136,-80
120900195,223,324,-101
120900196,799,45,754
120900197,704,207,497
120900198,316,621,-305
120900199,369,516,-147
120900200,103,108,-5
120900201,599,221,378
120900202,2,181,-179
120900203,41,110,-69
120900204,166,317,-151
120900205,61,74,-13
120900206,17,37,-20
120900207,100,1617,-1517
121000001,945,1116,-171
121000002,2700,1410,1290
121000003,3454,2180,1274
121000004,3583,3970,-387
121000005,2012,3032,-1020
121000006,3860,1775,2085
121000007,2838,2977,-139
121000008,5804,3711,2093
121000009,5943,5920,23
121000010,9445,6582,2863
121000011,10960,14299,-3339
121000012,19023,12412,6611
121000013,5494,8189,-2695
121000014,7210,6490,720
121000015,4764,7397,-2633
121000016,4830,3690,1140
121000017,2387,4676,-2289
121000018,3136,1882,1254
121000019,22181,14226,7955
121000020,16384,17969,-1585
121000021,3466,3468,-2
121000022,2685,3306,-621
121000023,4624,3476,1148
121000024,5171,5331,-160
121000025,689,1538,-849
121000026,299,141,158
121000027,1791,1290,501
121000028,900,598,302
121000029,1205,790,415
121000030,826,489,337
121000031,765,855,-90
121000032,245,106,139
121000034,558,236,322
121000035,177,112,65
121000036,1295,1044,251
121000037,590,669,-79
121000038,557,1048,-491
121000039,304,486,-182
121000041,708,547,161
121000042,324,517,-193
121000043,805,625,180
121000044,1525,960,565
121000045,553,346,207
121000046,889,1099,-210
121000047,135,118,17
121000049,1742,628,1114
121000050,354,1190,-836
121000051,718,372,346
121000052,404,748,-344
121000053,457,84,373
121000054,84,401,-317
121000055,1199,1230,-31
121000056,871,1140,-269
121000057,418,554,-136
121000058,480,248,232
121000059,2316,1398,918
121000060,546,990,-444
121000061,180,334,-154
121000062,456,421,35
121000063,916,794,122
121000064,821,1002,-181
121000065,492,530,-38
121000066,744,661,83
121000067,822,722,100
121000068,915,514,401
121000069,933,908,25
121000070,2330,1402,928
121000071,1587,1382,205
121000072,1424,840,584
121000073,1068,977,91
121000074,100,168,-68
121000075,99,343,-244
121000076,1498,562,936
121000077,240,216,24
121000078,126,201,-75
121000080,2836,720,2116
121000081,4028,3201,827
121000082,126,338,-212
121000083,196,165,31
121000084,175,167,8
121000085,351,509,-158
121000086,255,938,-683
121000087,62,397,-335
121000088,554,660,-106
121000089,545,495,50
121000090,622,445,177
121000091,1746,1074,672
121000092,210,115,95
121000093,186,272,-86
121000094,527,853,-326
121000095,421,698,-277
121000096,2652,2851,-199
121000097,1202,2508,-1306
121000098,707,1155,-448
121000099,787,865,-78
121000100,1193,510,683
121000101,466,362,104
121000102,358,373,-15
121000103,301,330,-29
121000104,314,181,133
121000105,567,277,290
121000106,348,461,-113
121000107,2252,3714,-1462
121000109,1624,1194,430
121000110,325,715,-390
121000114,2733,2336,397
121000115,1188,808,380
121000116,305,1131,-826
121000117,966,300,666
121000118,1574,274,1300
121000119,366,515,-149
121000120,322,531,-209
121000121,689,1319,-630
121000123,2098,717,1381
121000126,143,324,-181
121000127,250,92,158
121000128,1131,490,641
121000129,859,694,165
121000130,663,979,-316
121000131,3213,2336,877
121000132,2242,1991,251
121000135,679,1036,-357
121000136,2285,1053,1232
121000137,613,371,242
121000138,1376,1144,232
121000139,915,461,454
121000141,306,177,129
121000142,1062,1259,-197
121000143,203,41,162
121000144,1403,2188,-785
121000145,646,1169,-523
121000146,1342,1026,316
121000147,1193,543,650
121000148,1078,1236,-158
121000149,2219,1541,678
121000152,680,682,-2
121000153,2009,737,1272
121000154,974,663,311
121000155,1521,1215,306
121000156,467,1062,-595
121000157,1155,1956,-801
121000158,429,656,-227
121000159,202,506,-304
121000160,326,460,-134
121000161,232,360,-128
121000162,104,282,-178
121000165,1804,1980,-176
121000166,27,573,-546
121000168,417,300,117
121000169,74,184,-110
121000170,379,114,265
121000171,85,176,-91
121000172,705,559,146
121000173,1448,1150,298
121000174,441,496,-55
121000175,1016,395,621
121000176,402,301,101
121000177,1179,731,448
121000178,186,81,105
121000179,95,71,24
121000181,594,485,109
121000182,132,225,-93
121000183,90,78,12
121000184,160,83,77
121000185,58,150,-92
121000186,204,504,-300
121000187,178,209,-31
121000188,195,214,-19
121000192,1149,500,649
121000193,660,626,34
121000194,2694,2297,397
121000195,429,936,-507
121000196,858,273,585
121000197,289,771,-482
121000198,218,133,85
121000199,145,381,-236
121000200,535,101,434
121000201,7,196,-189
121000202,778,191,587
121000203,1125,2615,-1490
121000204,2997,894,2103
121000205,244,285,-41
121000206,241,38,203
121000207,2320,404,1916
121000208,9,384,-375
121000209,451,367,84
121000210,636,434,202
121000211,371,170,201
121000212,529,631,-102
121000213,10468,3383,7085
121000214,836,2528,-1692
121000215,1129,1045,84
121000216,643,738,-95
121000217,5304,2497,2807
121000218,442,1639,-1197
121000219,1573,452,1121
121000220,210,69,141
121000221,144,218,-74
121000222,2969,2580,389
121000223,1115,460,655
121000224,416,238,178
121000225,1792,2059,-267
121000226,3255,1172,2083
121000227,14,204,-190
121000228,13,577,-564
121000229,313,393,-80
121000230,81,1461,-1380
121000231,992,41,951
121000232,411,343,68
121000233,623,454,169
121000234,33,44,-11
121000235,85,71,14
121000236,7,42,-35
121000237,45,18,27
121000238,17,75,-58
121000239,74,3,71
121000240,7,191,-184
121000241,89,12,77
121000242,60,247,-187
121000243,561,209,352
121000244,20,59,-39
121000245,84,46,38
121000246,1,98,-97
121000247,76,8,68
121000248,1955,511,1444
121000249,159,277,-118
121000250,769,187,582
121000251,30,446,-416
121000252,90,61,29
121000253,558,471,87
121000254,711,205,506
121000255,269,207,62
121000256,495,199,296
121000257,97,72,25
121000258,180,47,133
121000259,97,93,4
121000260,91,128,-37
121000261,122,55,67
121000262,1066,942,124
121000263,434,538,-104
121000271,363,1591,-1228
121000273,68,7,61
121000274,11,34,-23
121000275,2,21,-19
121000276,14,7,7
121000278,36,49,-13
121000279,68,12,56
121000280,73,61,12
121000289,191,13,178
121000290,1345,917,428
121000294,177,167,10
121000297,1241,1242,-1
121000299,291,442,-151
121000300,926,701,225
121000302,61,1377,-1316
121000303,509,362,147
121000304,543,64,479
121000305,183,49,134
121000306,109,170,-61
121000308,183,334,-151
121000309,428,555,-127
121000310,109,390,-281
121000311,87,953,-866
121000312,310,204,106
121000313,388,506,-118
121000314,169,150,19
121000315,60,121,-61
121000530,1665,1436,229
121000531,1510,1520,-10
121000532,7616,8186,-570
121000533,3574,4032,-458
121000918,81,206,-125
121000919,59,64,-5
121000938,141,132,9
121000939,157,137,20
121000956,1657,1334,323
121000957,31,11,20
121000958,103,48,55
121000959,836,878,-42
121000960,2183,2390,-207
121000961,282,214,68
121000962,246,627,-381
121000973,0,148,-148
121000976,23,236,-213
121000979,632,229,403
121000981,491,385,106
121000982,440,184,256
121000983,575,496,79
121000984,27,106,-79
121000985,740,547,193
121000986,339,242,97
121000987,279,1093,-814
121000988,834,114,720
121001302,332,159,173
121001308,8,19,-11
121001309,77,92,-15
121001311,0,0,0
121001313,388,326,62
121001314,2613,3339,-726
121001315,5167,3064,2103
121001318,0,0,0
121900001,149,168,-19
121900002,60,46,14
121900003,480,30,450
121900004,144,422,-278
121900005,69,25,44
121900006,139,19,120
121900007,2178,2428,-250
121900008,1629,720,909
121900009,549,14,535
121900010,304,5,299
121900011,521,555,-34
121900012,37,2,35
121900013,1977,128,1849
121900014,1276,437,839
121900015,269,230,39
121900016,4,57,-53
121900017,446,473,-27
121900018,408,13,395
121900019,513,292,221
121900020,20,3,17
121900021,971,22,949
121900022,327,280,47
121900023,123,338,-215
121900024,440,128,312
121900025,709,484,225
121900026,456,74,382
121900027,498,188,310
121900028,417,35,382
121900029,121,210,-89
121900030,558,683,-125
121900031,1185,6185,-5000
121900032,141,93,48
121900033,197,194,3
121900034,368,89,279
121900035,2806,2326,480
121900036,61,294,-233
121900037,203,733,-530
121900038,64,150,-86
121900039,471,81,390
121900040,107,114,-7
121900041,135,177,-42
121900042,414,189,225
121900043,2,10,-8
121900044,223,65,158
121900046,354,457,-103
121900047,200,70,130
121900048,71,145,-74
121900050,52,63,-11
121900051,138,155,-17
121900052,189,68,121
121900053,701,384,317
121900054,498,941,-443
121900055,3,10,-7
121900058,224,175,49
121900059,539,236,303
121900060,150,322,-172
121900061,276,234,42
121900062,234,121,113
121900063,1425,536,889
121900064,343,655,-312
121900066,75,22,53
121900067,64,79,-15
121900069,255,188,67
121900070,250,124,126
121900071,434,257,177
121900072,70,202,-132
121900073,332,246,86
121900074,910,1240,-330
121900075,522,487,35
121900076,397,576,-179
121900077,24,23,1
121900078,107,46,61
121900079,1,1,0
121900080,1215,530,685
121900082,77,143,-66
121900084,32,233,-201
121900085,0,16,-16
121900086,22,48,-26
121900087,154,125,29
121900088,2549,3872,-1323
121900089,221,417,-196
121900090,42,123,-81
121900091,78,136,-58
121900092,88,90,-2
121900093,89,72,17
121900094,22,6,16
121900095,288,175,113
121900096,1426,1051,375
121900097,568,220,348
121900098,11,4,7
121900099,285,71,214
121900100,369,620,-251
121900101,216,129,87
121900102,17,207,-190
121900103,588,304,284
121900104,1627,431,1196
121900105,300,221,79
121900106,18,13,5
121900107,57,55,2
121900108,2,28,-26
121900109,332,128,204
121900110,526,1022,-496
121900111,1059,205,854
121900112,198,188,10
121900113,72,410,-338
121900114,126,108,18
121900117,413,98,315
121900118,2117,758,1359
121900119,207,166,41
121900120,63,1500,-1437
121900121,662,60,602
121900122,27,85,-58
121900123,213,490,-277
121900124,124,180,-56
121900125,1708,1170,538
121900127,14,125,-111
121900128,72,144,-72
121900129,863,252,611
121900130,125,324,-199
121900131,203,95,108
121900132,39,98,-59
121900133,120,1056,-936
121900134,51,190,-139
121900135,2512,370,2142
121900136,320,408,-88
121900137,66,407,-341
121900138,166,214,-48
121900139,430,572,-142
121900140,110,240,-130
121900141,89,51,38
121900142,158,200,-42
121900143,44,170,-126
121900144,168,299,-131
121900145,231,245,-14
121900146,726,852,-126
121900147,72,220,-148
121900148,289,332,-43
121900149,372,750,-378
121900150,83,178,-95
121900151,118,274,-156
121900152,75,161,-86
121900153,121,952,-831
121900154,16,264,-248
121900155,5,203,-198
121900156,229,134,95
121900157,7,402,-395
121900158,126,119,7
121900159,0,271,-271
121900160,70,334,-264
121900161,510,390,120
121900162,104,218,-114
121900163,227,611,-384
121900164,504,261,243
121900165,203,186,17
121900166,178,160,18
121900167,105,123,-18
121900168,193,251,-58
121900169,11,286,-275
121900170,8,229,-221
121900171,866,643,223
121900172,621,279,342
121900173,1046,259,787
121900174,71,107,-36
121900175,370,308,62
121900176,567,1613,-1046
121900177,253,90,163
121900178,54,65,-11
121900179,382,182,200
121900180,4405,4604,-199
121900182,694,344,350
121900183,846,1149,-303
121900184,127,619,-492
121900186,19,348,-329
121900187,34,177,-143
121900188,602,526,76
121900189,34,152,-118
121900190,296,522,-226
121900191,139,193,-54
121900192,383,784,-401
121900193,68,205,-137
121900194,7,153,-146
121900195,127,126,1
121900196,1193,1067,126
121900197,397,1786,-1389
121900198,1280,1064,216
121900199,7,14,-7
121900200,147,331,-184
121900201,1275,841,434
121900202,152,682,-530
121900203,310,1092,-782
121900204,997,1372,-375
121900205,35,73,-38
121900206,19,41,-22
121900207,130,46,84
121900208,189,320,-131
121900209,83,43,40
121900210,1488,1227,261
121900211,213,299,-86
121900212,195,135,60
121900213,204,90,114
121900214,11,498,-487
121900215,88,111,-23
121900216,55,246,-191
121900217,336,181,155
121900218,229,459,-230
121900220,216,19,197
121900221,324,733,-409
121900222,188,205,-17
121900223,265,55,210
121900224,125,57,68
121900225,107,109,-2
121900226,363,845,-482
121900227,250,550,-300
121900228,272,418,-146
121900230,128,288,-160
121900231,455,1885,-1430
121900232,282,479,-197
121900233,235,276,-41
121900234,367,319,48
121900235,581,233,348
121900236,369,222,147
121900237,218,295,-77
121900238,207,346,-139
121900239,215,46,169
121900240,351,134,217
121900241,53,69,-16
121900242,17,0,17
121900243,20,1,19
121900244,30,0,30
121900245,227,107,120
121900246,2225,363,1862
121900247,299,306,-7
121900248,1809,1400,409
121900250,330,316,14
121900251,395,58,337
121900252,668,193,475
121900253,133,810,-677
121900254,581,295,286
121900255,373,111,262
121900258,3665,2468,1197
121900259,432,662,-230
121900260,177,204,-27
121900261,239,644,-405
121900262,468,905,-437
121900263,301,368,-67
121900264,2176,1583,593
121900265,317,339,-22
121900266,496,188,308
121900267,72,37,35
121900269,258,712,-454
121900270,27,242,-215
121900271,69,228,-159
121900273,532,1923,-1391
121900274,288,325,-37
121900277,806,1213,-407
121900278,148,1036,-888
121900279,139,207,-68
121900280,142,420,-278
121900281,446,438,8
121900284,205,22,183
121900286,182,121,61
121900287,22,36,-14
121900288,0,2,-2
121900290,332,385,-53
121900291,526,737,-211
121900292,138,124,14
121900293,1413,3133,-1720
121900294,393,1,392
121900295,202,308,-106
121900296,80,185,-105
121900298,336,711,-375
121900299,0,11,-11
121900300,246,6,240
121900301,51,7,44
121900302,3,51,-48
121900303,367,377,-10
121900304,4,93,-89
121900305,5,33,-28
121900306,333,1,332
121900307,116,27,89
121900308,18,333,-315
121900309,16,295,-279
121900310,52,446,-394
121900311,488,16,472
121900312,317,11,306
121900313,421,31,390
121900314,7,62,-55
121900315,10,0,10
121900316,0,15,-15
121900317,15,7,8
121900318,1,31,-30
121900319,60,122,-62
121900320,46,85,-39
121900321,19,7,12
121900322,3,25,-22
121900323,18,22,-4
121900324,5,59,-54
121900325,19,2,17
121900326,10,13,-3
121900327,20,67,-47
121900328,0,43,-43
121900329,1,283,-282
121900330,0,24,-24
121900331,48,31,17
121900332,126,46,80
121900333,30,0,30
121900334,55,60,-5
122000001,2521,5153,-2632
122000002,4697,1844,2853
122000003,2321,3028,-707
122000004,3361,1800,1561
122000005,2846,1877,969
122000006,2100,966,1134
122000007,1289,1970,-681
122000008,4608,5368,-760
122000009,520,402,118
122000010,2382,3071,-689
122000011,3719,1857,1862
122000012,1491,1678,-187
122000013,1552,1063,489
122000014,1711,1289,422
122000015,1637,1212,425
122000016,686,1001,-315
122000017,1251,1154,97
122000018,1574,1377,197
122000019,787,1137,-350
122000020,193,271,-78
122000021,405,522,-117
122000022,1389,1199,190
122000023,743,1853,-1110
122000024,955,1344,-389
122000025,1517,1738,-221
122000026,1417,1129,288
122000027,589,2513,-1924
122000028,999,566,433
122000029,604,465,139
122000030,478,174,304
122000031,209,310,-101
122000032,1999,2247,-248
122000033,786,1377,-591
122000034,982,755,227
122000035,433,920,-487
122000036,604,554,50
122000037,350,230,120
122000038,261,342,-81
122000039,647,450,197
122000040,328,369,-41
122000041,608,579,29
122000042,326,426,-100
122000043,132,101,31
122000044,126,210,-84
122000045,1467,570,897
122000046,818,883,-65
122000047,369,268,101
122000048,3781,4873,-1092
122000049,6420,3492,2928
122000050,1828,971,857
122000051,348,313,35
122000052,591,405,186
122000053,165,841,-676
122000054,2695,2249,446
122000055,2580,3319,-739
122000056,5410,3919,1491
122000057,3739,3876,-137
122000058,3057,1345,1712
122000059,3482,1930,1552
122000060,736,685,51
122000061,658,583,75
122000062,1562,434,1128
122000063,1425,834,591
122000064,3668,2963,705
122000065,4768,2624,2144
122000066,1355,1110,245
122000067,1627,1231,396
122000068,1438,1175,263
122000069,814,784,30
122000070,851,2019,-1168
122000071,1449,1404,45
122000072,480,415,65
122000073,476,752,-276
122000074,3430,1941,1489
122000075,915,1434,-519
122000076,2613,1237,1376
122000077,1339,858,481
122000078,2683,2845,-162
122000079,1237,1434,-197
122000080,1089,407,682
122000081,237,304,-67
122000082,923,881,42
122000083,1698,2326,-628
122000084,1496,1025,471
122000085,287,1269,-982
122000086,2611,5325,-2714
122000087,514,272,242
122000088,471,573,-102
122000089,6474,2771,3703
122000090,288,472,-184
122000091,170,61,109
122000092,161,33,128
122000093,2086,1850,236
122000094,6695,2852,3843
122000095,3352,4482,-1130
122000096,2895,2094,801
122000098,3721,2390,1331
122000099,2148,695,1453
122000100,1025,560,465
122000101,481,803,-322
122000102,2346,1464,882
122000103,2661,2077,584
122000104,395,205,190
122000105,572,327,245
122000106,557,718,-161
122000107,1036,517,519
122000108,588,926,-338
122000109,525,346,179
122000110,557,656,-99
122000111,2910,1480,1430
122000112,939,1544,-605
122000113,702,721,-19
122000114,3325,1524,1801
122000115,2015,1284,731
122000116,604,592,12
122000117,1444,436,1008
122000118,591,900,-309
122000119,3769,2883,886
122000120,2341,4965,-2624
122000121,2565,3379,-814
122000122,1011,2116,-1105
122000123,2277,2434,-157
122000124,1334,896,438
122000125,778,971,-193
122000126,830,2024,-1194
122000127,1415,1654,-239
122000128,712,919,-207
122000129,575,1514,-939
122000130,3796,1737,2059
122000131,1713,1598,115
122000132,745,874,-129
122000133,1251,1807,-556
122000134,1046,954,92
122000135,842,842,0
122000136,984,829,155
122000137,1907,1091,816
122000139,1704,3749,-2045
122000140,1343,685,658
122000141,4262,1152,3110
122000142,629,935,-306
122000143,691,705,-14
122000144,1781,1481,300
122000145,1360,1015,345
122000146,702,1195,-493
122000147,869,555,314
122000148,2772,2465,307
122000149,2608,1894,714
122000150,1264,995,269
122000151,224,433,-209
122000152,479,513,-34
122000153,443,294,149
122000154,301,246,55
122000155,1603,2633,-1030
122000156,2675,2681,-6
122000157,1933,2185,-252
122000158,405,677,-272
122000159,1160,1741,-581
122000160,4016,2699,1317
122000161,1210,1137,73
122000162,2511,2055,456
122000163,305,114,191
122000164,45,93,-48
122000165,1155,762,393
122000166,1213,1029,184
122000167,348,244,104
122000168,256,591,-335
122000169,460,170,290
122000170,395,232,163
122000171,44,88,-44
122000172,1714,1495,219
122000173,1669,2451,-782
122000174,2495,1006,1489
122000175,1299,329,970
122000176,483,833,-350
122000177,1564,1714,-150
122000178,3008,2275,733
122000179,1836,2596,-760
122000180,1962,1475,487
122000181,2284,3401,-1117
122000182,2204,1895,309
122000183,2281,1153,1128
122000184,3502,2340,1162
122000185,1559,1746,-187
122000186,550,832,-282
122000187,2021,1032,989
122000188,466,200,266
122000189,278,315,-37
122000190,1031,1126,-95
122000191,921,869,52
122000192,1297,344,953
122000193,486,802,-316
122000194,654,185,469
122000195,201,639,-438
122000196,1511,776,735
122000197,559,679,-120
122000198,504,982,-478
122000199,321,360,-39
122000200,1184,689,495
122000201,1735,1701,34
122000202,1403,1480,-77
122000203,2762,1491,1271
122000204,2156,2166,-10
122000205,1708,1568,140
122000206,2299,997,1302
122000207,2099,1451,648
122000208,2516,1591,925
122000209,1980,434,1546
122000210,2464,1895,569
122000211,1763,1327,436
122000212,902,509,393
122000213,1347,1472,-125
122000214,2350,1806,544
122000215,2143,1884,259
122000217,2208,1360,848
122000218,755,82,673
122000219,1382,1040,342
122000220,522,770,-248
122000221,118,429,-311
122000222,660,131,529
122000223,1585,607,978
122000225,938,340,598
122000226,2587,1975,612
122000227,445,2658,-2213
122000228,508,397,111
122000229,33,620,-587
122000230,79,613,-534
122000231,269,938,-669
122000232,822,1145,-323
122000233,2,134,-132
122000234,427,121,306
122000235,638,164,474
122000236,1289,137,1152
122000237,186,113,73
122000238,363,339,24
122000239,664,180,484
122000240,1465,878,587
122000241,1934,596,1338
122000242,1042,200,842
122000243,314,77,237
122000244,73,564,-491
122000245,102,262,-160
122000246,408,211,197
122000247,601,770,-169
122000248,1370,1930,-560
122000249,1148,888,260
122000250,2565,1259,1306
122000251,368,547,-179
122000252,678,178,500
122000253,61,330,-269
122000254,354,136,218
122000255,910,1874,-964
122000256,429,1231,-802
122000257,206,324,-118
122000258,260,303,-43
122000259,38,579,-541
122000260,8,70,-62
122000261,21,235,-214
122000262,2,65,-63
122000263,456,135,321
122000264,1389,410,979
122000265,2623,1056,1567
122000266,5020,823,4197
122000267,182,138,44
122000268,177,385,-208
122000269,1004,388,616
122000270,825,201,624
122000271,439,1214,-775
122000272,482,1033,-551
122000273,493,447,46
122000274,231,217,14
122000275,115,224,-109
122000276,958,697,261
122000277,1508,1696,-188
122000278,1951,998,953
122000279,273,590,-317
122000280,1058,952,106
122000281,1036,839,197
122000282,300,332,-32
122000283,629,156,473
122000284,259,108,151
122000285,530,111,419
122000286,132,173,-41
122000287,1512,1491,21
122000288,535,295,240
122000291,2016,730,1286
122000293,266,284,-18
122000294,179,233,-54
122000295,1527,290,1237
122000296,47,597,-550
122000297,2906,2854,52
122000299,552,479,73
122000300,685,674,11
122000301,10569,3903,6666
122000302,1017,1463,-446
122000303,3822,1498,2324
122000304,124,268,-144
122000305,1269,322,947
122000306,26,725,-699
122000307,160,142,18
122000309,112,65,47
122000310,38,106,-68
122000311,279,146,133
122000312,195,147,48
122000313,202,75,127
122000314,131,210,-79
122000315,261,53,208
122000316,847,256,591
122000317,1545,275,1270
122000318,282,871,-589
122000319,281,479,-198
122000320,408,1372,-964
122000321,122,257,-135
122000322,2688,2471,217
122000323,1778,2600,-822
122000324,1337,1204,133
122000325,915,1658,-743
122000326,69,108,-39
122000327,691,1030,-339
122000328,969,668,301
122000330,2171,855,1316
122000332,276,444,-168
122000333,8,117,-109
122000337,1238,1558,-320
122000338,635,471,164
122000340,435,418,17
122000342,2159,1080,1079
122000343,554,1238,-684
122000344,75,27,48
122000345,50,57,-7
122000346,434,554,-120
122000348,890,915,-25
122000349,145,957,-812
122000351,155,223,-68
122000352,456,142,314
122000353,102,123,-21
122000355,189,258,-69
122000356,1622,1299,323
122000357,112,20,92
122000358,2,67,-65
122000359,0,33,-33
122000360,0,49,-49
122000362,12,102,-90
122000364,233,413,-180
122000365,2,52,-50
122000366,3,9,-6
122000368,507,743,-236
122000370,38,62,-24
122000371,34,0,34
122000372,28,1,27
122000381,118,380,-262
122000382,82,235,-153
122000384,2786,1326,1460
122000385,87,0,87
122000386,509,1348,-839
122000387,643,742,-99
122000388,1914,793,1121
122000389,169,648,-479
122000390,537,297,240
122000391,420,227,193
122000392,214,242,-28
122000393,131,165,-34
122000394,730,360,370
122000395,179,164,15
122000396,289,138,151
122000397,123,55,68
122000398,65,73,-8
122000399,194,103,91
122000400,155,543,-388
122000401,172,76,96
122000402,300,137,163
122000403,600,888,-288
122000404,188,271,-83
122000408,897,1195,-298
122000503,11,108,-97
122000524,274,151,123
122000544,133,2469,-2336
122000616,375,4,371
122000640,75,134,-59
122000641,74,304,-230
122000642,1209,1303,-94
122000643,52,156,-104
122000644,169,50,119
122000645,153,161,-8
122000651,1847,986,861
122000664,169,58,111
122000665,1373,564,809
122000666,738,1222,-484
122000673,39,267,-228
122000674,171,71,100
122000675,2035,1043,992
122000686,437,1115,-678
122000687,1240,391,849
122000688,253,670,-417
122000689,1002,530,472
122000690,1913,579,1334
122000691,637,1908,-1271
122000692,1751,551,1200
122000693,506,1873,-1367
122000695,432,446,-14
122000696,432,410,22
122000698,384,660,-276
122000699,292,135,157
122000701,1293,342,951
122000702,476,1303,-827
122000703,192,76,116
122000712,0,0,0
122000717,253,74,179
122000718,399,709,-310
122000719,127,95,32
122000720,478,315,163
122000724,127,30,97
122900001,40,9,31
122900002,1582,4997,-3415
122900003,444,68,376
122900004,907,53,854
122900005,124,56,68
122900006,1118,422,696
122900007,199,71,128
122900008,748,92,656
122900009,931,455,476
122900010,332,137,195
122900012,271,496,-225
122900014,213,349,-136
122900015,2290,1230,1060
122900016,114,295,-181
122900017,546,863,-317
122900018,232,41,191
122900019,31,164,-133
122900020,377,472,-95
122900021,28,702,-674
122900022,1060,922,138
122900023,603,310,293
122900024,199,182,17
122900025,14,322,-308
122900026,57,419,-362
122900027,63,688,-625
122900028,129,215,-86
122900029,4563,3597,966
122900030,1227,657,570
122900031,95,329,-234
122900032,146,498,-352
122900033,290,170,120
122900034,4597,5617,-1020
122900035,23,16,7
122900036,67,119,-52
122900037,454,141,313
122900038,151,2826,-2675
122900039,145,672,-527
122900040,379,598,-219
122900041,467,324,143
122900042,162,360,-198
122900043,578,279,299
122900044,119,368,-249
122900045,134,100,34
122900046,301,288,13
122900047,197,161,36
122900048,78,243,-165
122900049,1616,174,1442
122900051,92,138,-46
122900052,97,190,-93
122900053,24,51,-27
122900055,442,163,279
122900057,259,106,153
122900061,487,252,235
122900062,632,784,-152
122900063,189,312,-123
122900064,1371,496,875
122900065,573,294,279
122900066,789,447,342
122900067,1400,847,553
122900068,162,385,-223
122900069,549,1577,-1028
122900070,444,77,367
122900071,140,501,-361
122900072,28,559,-531
122900073,49,271,-222
122900074,946,786,160
122900075,2,68,-66
122900076,14,184,-170
122900077,4,193,-189
122900078,203,193,10
122900080,58,27,31
122900081,204,163,41
122900082,899,261,638
122900083,265,202,63
122900084,12,277,-265
122900086,20,145,-125
122900087,294,581,-287
122900088,51,212,-161
122900089,74,249,-175
122900090,26,426,-400
122900091,235,4,231
122900092,0,193,-193
122900093,3,294,-291
122900094,5,242,-237
122900095,170,18,152
122900096,478,165,313
122900097,21,37,-16
122900098,92,173,-81
122900099,79,28,51
122900100,392,205,187
122900101,616,255,361
122900102,17,77,-60
122900103,118,10,108
122900104,178,9,169
122900105,15,35,-20
122900106,1,79,-78
122900107,4,158,-154
122900108,13,156,-143
123000001,1857,439,1418
123000002,4405,5091,-686
123000003,4010,4112,-102
123000004,3208,4256,-1048
123000005,2802,3122,-320
123000006,2646,2687,-41
123000007,4441,3036,1405
123000008,3148,3561,-413
123000009,5396,3258,2138
123000010,3935,3778,157
123000011,2616,842,1774
123000012,970,2232,-1262
123000013,3752,876,2876
123000014,1040,3513,-2473
123000015,4395,1243,3152
123000016,4840,4642,198
123000017,3386,1982,1404
123000018,86,129,-43
123000019,283,209,74
123000020,210,115,95
123000021,108,227,-119
123000022,455,2186,-1731
123000023,1710,1705,5
123000024,1827,799,1028
123000025,351,207,144
123000026,115,108,7
123000027,317,649,-332
123000028,2284,517,1767
123000029,1819,1229,590
123000030,266,388,-122
123000031,211,332,-121
123000032,390,219,171
123000033,288,92,196
123000034,1374,1086,288
123000035,366,410,-44
123000036,286,1000,-714
123000037,221,370,-149
123000038,96,231,-135
123000039,401,1520,-1119
123000040,986,441,545
123000041,1280,1374,-94
123000042,1047,687,360
123000043,3577,9982,-6405
123000044,5692,2952,2740
123000045,9557,3576,5981
123000046,1051,1928,-877
123000047,2980,1275,1705
123000048,82,813,-731
123000049,7751,10324,-2573
123000050,1562,1549,13
123000051,147,195,-48
123000052,769,3729,-2960
123000053,2952,3803,-851
123000054,1563,1566,-3
123000055,1435,2002,-567
123000056,1264,2104,-840
123000057,15174,8529,6645
123000058,784,1189,-405
123000059,552,632,-80
123000060,1052,523,529
123000061,278,809,-531
123000063,906,982,-76
123000064,1140,326,814
123000065,5649,3159,2490
123000066,876,696,180
123000067,960,732,228
123000068,3220,3066,154
123000069,7472,3657,3815
123000070,411,786,-375
123000071,1026,1124,-98
123000072,1235,1074,161
123000073,1158,898,260
123000074,1090,1316,-226
123000075,374,1103,-729
123000076,963,764,199
123000077,2343,3033,-690
123000078,1825,1821,4
123000079,1504,2190,-686
123000080,2511,2055,456
123000081,162,469,-307
123000082,392,1029,-637
123000083,1054,341,713
123000084,824,656,168
123000085,330,84,246
123000086,620,237,383
123000087,478,342,136
123000088,1289,972,317
123000089,561,1204,-643
123000090,1214,1041,173
123000091,1568,1444,124
123000092,1070,1266,-196
123000094,550,265,285
123000095,559,734,-175
123000096,655,464,191
123000097,511,788,-277
123000098,867,601,266
123000099,710,814,-104
123000100,714,796,-82
123000101,787,704,83
123000102,618,746,-128
123000104,416,495,-79
123000105,813,471,342
123000106,508,413,95
123000107,526,510,16
123000108,825,1205,-380
123000111,931,373,558
123000112,1178,711,467
123000113,584,1546,-962
123000114,418,737,-319
123000115,294,317,-23
123000116,47,104,-57
123000117,1849,2140,-291
123000118,475,974,-499
123000119,287,892,-605
123000120,455,901,-446
123000121,534,591,-57
123000122,353,223,130
123000123,423,626,-203
123000124,619,479,140
123000125,1141,1209,-68
123000126,1450,4484,-3034
123000127,951,649,302
123000128,366,329,37
123000129,657,247,410
123000130,656,108,548
123000131,892,727,165
123000132,410,639,-229
123000133,387,343,44
123000134,406,163,243
123000135,2624,1309,1315
123000136,280,845,-565
123000137,157,369,-212
123000138,97,522,-425
123000139,488,121,367
123000140,149,939,-790
123000141,886,178,708
123000142,1247,1275,-28
123000143,1610,2172,-562
123000144,39,26,13
123000145,178,120,58
123000146,46,89,-43
123000147,89,127,-38
123000149,358,424,-66
123000150,177,281,-104
123000151,378,473,-95
123000152,75,501,-426
123000153,229,630,-401
123000154,1764,2091,-327
123000155,2492,1360,1132
123000156,47,134,-87
123000157,600,912,-312
123000158,706,819,-113
123000159,3575,2787,788
123000160,1148,817,331
123000161,1960,1356,604
123000162,1061,1900,-839
123000163,502,124,378
123000164,1712,405,1307
123000165,470,1700,-1230
123000166,64,152,-88
123000167,170,294,-124
123000168,283,223,60
123000169,762,169,593
123000170,96,214,-118
123000171,714,31,683
123000172,268,553,-285
123000173,812,333,479
123000174,1113,444,669
123000175,786,1364,-578
123000176,1294,324,970
123000177,454,1142,-688
123000178,911,172,739
123000179,39,669,-630
123000180,1888,361,1527
123000181,376,1628,-1252
123000182,277,527,-250
123000183,205,571,-366
123000184,91,591,-500
123000185,798,398,400
123000186,4,725,-721
123000187,729,5,724
123000188,218,2,216
123000189,153,168,-15
123000190,90,97,-7
123000192,24,482,-458
123000193,104,1126,-1022
123000194,516,335,181
123000195,312,47,265
123000196,327,27,300
123000197,68,131,-63
123000198,62,367,-305
123000199,20,638,-618
123000200,635,5,630
123000201,1158,22,1136
123000202,28,1226,-1198
123000203,1128,81,1047
123000204,112,1218,-1106
123000205,621,2004,-1383
123000206,2488,304,2184
123000207,123,971,-848
123000208,506,251,255
123000209,2361,698,1663
123000210,606,2481,-1875
123000211,576,2843,-2267
123000212,3292,596,2696
123000213,802,73,729
123000215,129,269,-140
123000216,190,754,-564
123000217,178,57,121
123000218,107,769,-662
123000219,1190,70,1120
123000220,485,117,368
123000221,272,156,116
123000222,498,482,16
123000223,405,443,-38
123000224,478,602,-124
123000225,325,55,270
123000226,124,356,-232
123000227,103,352,-249
123000228,287,88,199
123000229,1340,1763,-423
123000232,92,623,-531
123000233,707,258,449
123000234,181,683,-502
123000235,997,422,575
123000236,306,753,-447
123000237,314,120,194
123000238,108,528,-420
123000239,559,1605,-1046
123000240,68,504,-436
123000241,712,116,596
123000242,189,219,-30
123000243,855,1032,-177
123000244,1049,874,175
123000245,65,177,-112
123000249,308,573,-265
123000252,955,274,681
123000253,1120,657,463
123000254,933,1124,-191
123000255,1331,1044,287
123000256,44,301,-257
123000257,3286,2474,812
123000258,1172,975,197
123000259,398,453,-55
123000260,483,502,-19
123000261,265,191,74
123000262,125,252,-127
123000263,396,130,266
123000264,203,116,87
123000265,60,185,-125
123000266,595,864,-269
123000267,698,421,277
123000268,54,96,-42
123000269,75,75,0
123000270,37,69,-32
123000271,96,80,16
123000272,777,286,491
123000273,250,649,-399
123000274,1176,606,570
123000275,386,955,-569
123000278,3217,3000,217
123000279,136,123,13
123000280,426,386,40
123000281,456,108,348
123000282,193,338,-145
123000283,185,78,107
123000284,64,104,-40
123000286,335,375,-40
123000287,694,312,382
123000288,1654,910,744
123000289,550,1082,-532
123000291,362,900,-538
123000294,183,245,-62
123000295,1145,944,201
123000296,746,445,301
123000297,666,682,-16
123000298,744,600,144
123000299,56,182,-126
123000300,1058,908,150
123000301,133,269,-136
123000302,86,212,-126
123000303,98,171,-73
123000305,940,899,41
123000306,177,187,-10
123000309,46,80,-34
123000310,58,56,2
123000311,1,111,-110
123000312,619,956,-337
123000313,581,360,221
123000315,104,407,-303
123000316,1192,90,1102
123000317,243,95,148
123000318,55,239,-184
123000329,8,8,0
123000337,847,257,590
123000338,702,66,636
123000339,275,280,-5
123000340,179,508,-329
123000342,43,115,-72
123000343,45,8,37
123000344,1343,536,807
123000345,425,661,-236
123000346,350,65,285
123000352,1634,918,716
123000353,33,213,-180
123000354,379,13,366
123000355,2,447,-445
123000356,313,29,284
123000357,5,157,-152
123000359,4,187,-183
123000360,278,103,175
123000361,350,317,33
123000362,371,114,257
123000363,131,240,-109
123000364,516,509,7
123000365,19,393,-374
123000366,476,1991,-1515
123000367,336,1310,-974
123000370,51,275,-224
123000371,398,21,377
123000372,391,29,362
123000373,7,424,-417
123000374,26,217,-191
123000375,407,36,371
123000376,964,728,236
123000377,366,26,340
123000378,20,275,-255
123000379,4,285,-281
123000380,72,468,-396
123000381,180,72,108
123000382,1457,94,1363
123000383,212,1420,-1208
123000384,459,135,324
123000385,237,624,-387
123000436,40,1149,-1109
123000507,133,291,-158
123000508,157,949,-792
123000517,313,44,269
123000518,32,264,-232
123000519,157,86,71
123000520,59,193,-134
123000521,364,110,254
123000522,160,353,-193
123000541,5,1,4
123000542,0,22,-22
123000565,793,55,738
123000566,302,520,-218
123000567,98,207,-109
123000573,47,770,-723
123000574,783,93,690
123000575,1618,1235,383
123000576,857,1524,-667
123000577,106,692,-586
123000578,594,108,486
123000579,3518,5434,-1916
123000580,155,41,114
123000582,422,41,381
123000583,29,401,-372
123000584,201,263,-62
123000585,0,81,-81
123000586,95,0,95
123000596,91,112,-21
123000597,66,158,-92
123000602,31,7,24
123000603,736,684,52
123000604,556,799,-243
123000605,832,121,711
123000606,1,362,-361
123000609,29,351,-322
123000610,222,111,111
123000613,18,210,-192
123000614,191,61,130
123000615,35,112,-77
123000616,648,73,575
123000617,160,300,-140
123000618,147,584,-437
123000619,633,69,564
123000620,34,503,-469
123000622,433,29,404
123000624,132,53,79
123000630,1118,486,632
123000631,299,1382,-1083
123000632,875,951,-76
123000633,0,188,-188
123000634,100,146,-46
123000635,134,105,29
123000636,55,583,-528
123000637,149,62,87
123000638,583,50,533
123000639,1210,4117,-2907
123000640,34,803,-769
123000648,418,130,288
123000649,85,514,-429
123900001,1363,73,1290
123900002,34,1396,-1362
123900003,345,493,-148
123900005,259,184,75
123900006,289,52,237
124000001,2296,167,2129
124000002,114,1800,-1686
124000003,878,200,678
124000004,117,559,-442
124000005,1127,482,645
124000006,249,1094,-845
124000007,477,90,387
124000008,19,552,-533
124000009,562,259,303
124000010,221,505,-284
124000011,1089,370,719
124000012,420,648,-228
124000017,136,172,-36
124000018,138,88,50
124000019,145,141,4
124000020,55,172,-117
124000021,138,76,62
124000022,84,199,-115
124000023,1691,1692,-1
124000024,1122,545,577
124000025,1423,2099,-676
124000026,1113,1191,-78
124000027,5267,5860,-593
124000028,2521,4675,-2154
124000030,3494,1708,1786
124000031,1187,2991,-1804
124000032,2630,954,1676
124000033,766,525,241
124000034,1220,915,305
124000035,389,254,135
124000036,201,581,-380
124000037,918,1328,-410
124000038,60,166,-106
124000039,1333,585,748
124000040,705,1604,-899
124000041,441,85,356
124000042,103,549,-446
124000043,116,114,2
124000044,93,228,-135
124000045,803,634,169
124000046,469,787,-318
124000047,1685,1009,676
124000048,1091,1648,-557
124000049,1754,793,961
124000050,1045,2022,-977
124000051,929,637,292
124000052,775,1175,-400
124000053,563,1604,-1041
124000054,1215,577,638
124000055,1683,2664,-981
124000056,2587,1729,858
124000057,908,586,322
124000058,582,1371,-789
124000059,673,1338,-665
124000060,1400,778,622
124000061,1542,5537,-3995
124000062,6642,2551,4091
124000063,1594,2180,-586
124000064,2674,1722,952
124000065,105,414,-309
124000066,278,113,165
124000067,215,241,-26
124000068,91,155,-64
124000069,890,279,611
124000070,266,610,-344
124000071,292,113,179
124000072,246,458,-212
124000073,1044,237,807
124000074,267,831,-564
124000075,342,41,301
124000076,6,206,-200
124000077,1969,1121,848
124000078,3473,1435,2038
124000079,427,1424,-997
124000080,494,226,268
124000081,143,517,-374
124000082,54,135,-81
124000083,59,74,-15
124000084,67,413,-346
124000085,131,34,97
124000086,79,89,-10
124000087,161,134,27
124000088,308,463,-155
124000089,1142,494,648
124000090,99,442,-343
124000091,575,122,453
124000092,117,680,-563
124000093,80,85,-5
124000094,182,520,-338
124000095,93,83,10
124000096,179,330,-151
124000097,93,132,-39
124000098,53,111,-58
124000099,269,163,106
124000100,63,111,-48
124000101,89,105,-16
124000102,81,72,9
124000103,97,134,-37
124000104,116,53,63
124000105,62,108,-46
124000106,173,59,114
124000107,16,139,-123
124000108,61,35,26
124000109,125,115,10
124000110,293,135,158
124000111,242,154,88
124000112,730,741,-11
124000113,98,98,0
124000114,302,543,-241
124000115,469,810,-341
124000116,142,177,-35
124000117,51,113,-62
124000118,46,70,-24
124000119,1191,607,584
124000120,675,522,153
124000121,1517,772,745
124000122,707,1360,-653
124000123,967,562,405
124000124,483,1351,-868
124000125,496,562,-66
124000126,343,696,-353
124000127,827,417,410
124000128,651,1082,-431
124000129,2361,1781,580
124000130,998,721,277
124000131,967,715,252
124000132,1143,879,264
124000133,798,907,-109
124000134,1257,683,574
124000135,1798,1943,-145
124000136,1055,1101,-46
124000137,1696,837,859
124000138,2093,1377,716
124000139,632,48,584
124000140,44,573,-529
124000141,269,22,247
124000142,24,305,-281
124000143,58,14,44
124000144,7,104,-97
124000145,191,64,127
124000146,65,96,-31
124000148,23,107,-84
124000149,1230,514,716
124000150,412,743,-331
124000151,945,454,491
124000152,979,1506,-527
124000153,799,794,5
124000154,522,833,-311
124000155,1734,1242,492
124000156,2052,1247,805
124000169,262,485,-223
124000170,580,546,34
124000171,318,259,59
124000172,534,657,-123
124000173,556,306,250
124000174,449,644,-195
124000175,10,111,-101
124000176,52,28,24
124000177,12,28,-16
124000178,36,50,-14
124000190,156,54,102
124000191,217,130,87
124000192,2363,433,1930
124000193,480,956,-476
124000194,476,552,-76
124000195,240,831,-591
124000196,1404,1215,189
124000197,33,54,-21
124000198,43,43,0
124000201,456,915,-459
124000202,728,414,314
124000203,526,619,-93
124000204,855,435,420
124000205,106,547,-441
124000206,653,411,242
124000207,0,57,-57
124000209,215,592,-377
124000210,432,261,171
124000211,603,4,599
124000212,1,439,-438
124000213,520,297,223
124000214,368,636,-268
124000215,440,33,407
124000216,4,395,-391
124000329,193,1642,-1449
124000338,146,811,-665
124000339,1033,212,821
124000341,1492,120,1372
124000344,37,2,35
124000357,982,2311,-1329
124000358,911,1495,-584
124000359,1172,758,414
124000360,850,542,308
124000361,1856,883,973
124000362,1298,2034,-736
124000363,255,357,-102
124000364,683,862,-179
124000365,763,1118,-355
124000366,1794,1028,766
124000367,144,546,-402
124000368,590,430,160
124000369,153,90,63
124000370,88,685,-597
124000402,25,7,18
124000403,161,19,142
124000404,18,170,-152
124000405,1260,936,324
124000406,939,1016,-77
124000407,5,43,-38
124000411,21,427,-406
124000412,624,15,609
124000413,326,47,279
124000414,80,117,-37
124000415,66,124,-58
124000416,174,255,-81
124000417,151,126,25
124000418,203,134,69
124000419,116,143,-27
124000420,83,93,-10
124000421,55,160,-105
124000422,38,11,27
124000423,138,37,101
124000424,0,129,-129
124000425,154,45,109
124000426,14,108,-94
124000427,80,12,68
124000428,16,81,-65
124000429,53,72,-19
124000430,629,509,120
124000431,279,616,-337
124000432,197,724,-527
124000439,20,12,8
124000443,0,9,-9
124000445,476,1228,-752
124000446,1545,130,1415
124900001,510,406,104
124900002,187,368,-181
124900003,1133,660,473
124900004,667,391,276
124900005,301,191,110
124900006,815,377,438
124900008,1379,699,680
124900009,200,385,-185
124900010,213,124,89
124900011,527,245,282
124900012,516,136,380
124900013,619,142,477
124900014,318,58,260
124900015,185,413,-228
124900016,62,82,-20
124900017,577,1414,-837
124900018,61,20,41
124900020,93,86,7
124900021,315,74,241
124900022,101,2,99
124900024,313,27,286
124900026,116,9,107
124900027,138,493,-355
124900028,513,94,419
124900029,9,537,-528
124900030,5,134,-129
124900031,39,342,-303
124900032,168,284,-116
124900033,121,331,-210
124900034,6,119,-113
124900035,211,500,-289
124900036,4,40,-36
124900037,234,368,-134
124900038,301,423,-122
124900039,5,61,-56
124900040,150,61,89
124900041,324,1125,-801
124900042,148,2,146
124900043,566,1147,-581
124900044,62,2,60
124900045,816,1282,-466
124900046,1143,341,802
124900047,241,253,-12
124900048,235,124,111
124900050,192,247,-55
124900052,119,409,-290
124900053,139,444,-305
124900054,2010,498,1512
124900055,0,167,-167
124900057,1,49,-48
124900060,110,190,-80
124900061,75,3,72
124900062,170,26,144
124900066,0,17,-17
124900067,6,161,-155
124900068,251,532,-281
124900070,64,52,12
124900072,127,58,69
124900075,239,259,-20
124900076,23,1145,-1122
124900077,21,103,-82
124900078,124,9,115
124900079,679,238,441
124900080,282,681,-399
124900081,1012,316,696
124900082,381,944,-563
124900083,299,567,-268
124900085,1462,575,887
124900086,113,1495,-1382
124900087,703,147,556
124900088,743,143,600
124900089,1470,42,1428
124900090,354,308,46
124900091,363,394,-31
124900092,229,301,-72
124900093,344,254,90
124900094,373,331,42
124900095,101,519,-418
124900096,658,250,408
124900097,371,82,289
124900098,150,350,-200
124900099,803,539,264
124900100,460,89,371
124900101,61,488,-427
124900102,236,31,205
124900103,172,215,-43
124900104,89,177,-88
124900105,89,149,-60
124900106,398,58,340
124900107,116,9,107
124900108,209,83,126
124900111,0,65,-65
124900112,71,615,-544
124900113,138,291,-153
124900114,250,170,80
124900115,114,62,52
124900116,221,156,65
124900117,462,161,301
124900118,296,258,38
124900119,463,225,238
124900120,59,406,-347
124900121,145,469,-324
124900122,317,336,-19
124900123,377,138,239
124900124,221,384,-163
204000001,103,8,95
204000002,7,8,-1
204000003,25,1,24
204000004,11,3,8
204000005,655,608,47
204000006,1433,1212,221
204000011,5,52,-47
204000012,51,102,-51
204000019,582,511,71
204000020,730,515,215
204000021,1294,699,595
204000022,514,510,4
204000023,577,927,-350
204000031,146,34,112
204000032,688,36,652
204000034,22,197,-175
204000035,0,2,-2
204000036,12,30,-18
204000037,1,12,-11
204000038,0,16,-16
204000039,2,34,-32
204000040,7,17,-10
204000041,6,39,-33
204000042,55,19,36
204000043,36,2,34
204000044,51,4,47
204000045,47,4,43
204000046,11,2,9
204000057,3,26,-23
204000062,25,30,-5
204000068,28,259,-231
204000069,65,304,-239
204000070,111,67,44
204000080,68,60,8
204000085,2344,2172,172
204000086,2925,2124,801
204000087,27,9,18
204000088,6,80,-74
204000090,16,326,-310
204000093,345,61,284
204000096,811,1111,-300
204000097,437,11,426
204000099,1112,1492,-380
204000100,1599,2188,-589
204000105,2431,1648,783
204000110,590,1096,-506
204000111,459,526,-67
204000112,1238,562,676
204000113,455,694,-239
204000114,932,652,280
204000115,535,366,169
204000116,1292,454,838
204000119,1945,3025,-1080
204000132,742,456,286
204000133,960,388,572
204000134,315,162,153
204000135,608,109,499
204000136,696,225,471
204000138,444,541,-97
204000140,217,189,28
204000141,198,79,119
204000144,10,27,-17
204000145,599,51,548
204000146,37,396,-359
204000147,50,166,-116
204000148,334,14,320
204000154,7,5,2
204000155,3,1,2
204000177,66,36,30
204000179,28,5,23
204000180,0,21,-21
204000222,2,10,-8
204000235,12,22,-10
204000236,73,320,-247
204000238,33,33,0
204000240,291,74,217
204000263,751,1219,-468
204000268,1269,853,416
204000308,185,18,167
204000317,5,77,-72
204000322,4,38,-34
204000323,14,7,7
204000328,194,46,148
204000329,62,203,-141
204000330,210,20,190
204000331,20,89,-69
204010341,22,139,-117
205000001,1132,1972,-840
205000013,12,79,-67
205000014,19,111,-92
205000015,37,254,-217
205000016,25,168,-143
205000017,35,100,-65
205000022,348,920,-572
205000025,1329,1309,20
205000029,250,15,235
205000045,122,375,-253
205000046,87,478,-391
205000047,54,470,-416
205000048,359,1107,-748
205000049,213,948,-735
205000050,873,370,503
205000059,2,277,-275
205000060,0,109,-109
205000061,3,69,-66
205000062,4,65,-61
205000063,22,84,-62
205000064,20,136,-116
205000065,53,535,-482
205000066,147,792,-645
205000067,35,958,-923
205000069,188,21,167
205000082,216,186,30
205000110,81,244,-163
205000111,217,273,-56
205000112,219,280,-61
205000113,242,419,-177
205000121,309,54,255
205000123,55,254,-199
205000126,500,122,378
205000127,862,261,601
205000128,534,62,472
205000129,633,90,543
205000130,290,26,264
205000131,211,8,203
205000132,324,5,319
205000133,196,1,195
205000134,332,1,331
205000137,93,149,-56
205000138,192,307,-115
205000139,29,150,-121
205000144,120,88,32
205000145,472,181,291
205000151,204,49,155
205000152,278,32,246
205000153,265,20,245
205000154,118,40,78
205000155,150,8,142
205000207,12,189,-177
205000233,38,0,38
205000234,0,0,0
205000243,0,0,0
205000244,1,5,-4
205000245,20,173,-153
205000249,0,36,-36
205000250,5,1,4
205000264,8,100,-92
206000027,2,2,0
206000028,6,4,2
206000043,12,45,-33
206000053,4,5,-1
206000054,4,30,-26
206000055,1,41,-40
206000075,19,26,-7
206000076,17,16,1
206000077,19,7,12
206000078,34,11,23
206000079,22,5,17
206000082,401,33,368
206000100,34,541,-507
206000103,6,10,-4
206000104,12,20,-8
206000105,4,3,1
206000106,12,18,-6
206000108,643,52,591
206000125,47,0,47
206000157,56,640,-584
206000170,1,176,-175
206000171,2,180,-178
206000172,2,431,-429
206000173,0,216,-216
206000174,14,72,-58
206000175,1,135,-134
206000176,15,205,-190
206000177,1,131,-130
206000178,3,153,-150
206000179,7,90,-83
206000180,10,144,-134
206000181,10,124,-114
206000182,22,155,-133
206000183,11,565,-554
206000184,3,290,-287
206000185,11,166,-155
206000186,84,999,-915
206000223,4,217,-213
206000226,27,2,25
206000227,18,2,16
206000237,22,281,-259
206000238,28,435,-407
206000239,272,1700,-1428
206000240,2,50,-48
206000241,0,79,-79
206000242,7,235,-228
206000243,8,156,-148
206000244,47,490,-443
206000245,769,67,702
206000246,205,12,193
206000247,198,7,191
206000248,334,21,313
206000252,103,43,60
206000258,31,49,-18
206000315,37,5,32
206000317,518,73,445
206000318,439,65,374
206000319,1282,94,1188
206000320,189,33,156
206000321,185,9,176
206000322,447,27,420
206000323,145,13,132
206000324,119,9,110
206000325,173,10,163
206000326,191,7,184
206000327,229,6,223
206000328,150,3,147
206000329,266,3,263
206000330,53,4,49
206000331,163,6,157
206000332,40,5,35
206000333,477,2,475
206000334,214,3,211
206000335,1,12,-11
206000361,3,202,-199
206000392,2,33,-31
206000405,115,1,114
206000441,20,16,4
206000498,41,1,40
206000515,86,29,57
206000530,204,55,149
206000531,190,198,-8
206000532,1541,283,1258
206000535,231,1574,-1343
206000536,14,181,-167
206000537,15,154,-139
206000613,1349,196,1153
207000001,163,649,-486
207000002,127,306,-179
207000003,161,163,-2
207000007,876,268,608
207000008,98,6,92
207000009,86,46,40
207000010,436,427,9
207000012,337,265,72
207000015,254,1346,-1092
207000019,242,96,146
207000021,643,146,497
207000022,180,108,72
207000023,237,42,195
207000024,9,14,-5
207000025,26,50,-24
207000026,72,38,34
207000027,26,71,-45
207000028,81,224,-143
207000029,207,479,-272
207000033,205,394,-189
207000034,354,80,274
207000039,359,148,211
207000040,380,104,276
207000041,158,59,99
207000042,230,64,166
207000043,233,223,10
207000051,137,287,-150
207000052,26,142,-116
207000053,450,554,-104
207000054,66,94,-28
207000055,167,127,40
207000056,371,310,61
207000057,147,245,-98
207000058,169,327,-158
207000059,125,551,-426
207000060,82,196,-114
207000061,176,459,-283
207000062,298,80,218
207000063,310,116,194
207000064,375,162,213
207000065,464,259,205
207000066,227,179,48
207000067,55,108,-53
207000068,139,55,84
207000069,813,388,425
207000082,7,193,-186
207000083,122,252,-130
207000084,192,268,-76
207000085,194,12,182
207000086,155,5,150
207000106,55,53,2
207000107,82,28,54
207000108,70,13,57
207000109,68,18,50
207000110,81,110,-29
207000111,97,90,7
207000112,168,592,-424
207000114,29,45,-16
207000115,19,108,-89
207000116,27,379,-352
207000117,13,114,-101
207000118,7,60,-53
207000119,43,77,-34
207000123,232,23,209
207000124,83,48,35
207000125,79,65,14
207000126,93,96,-3
207000134,80,139,-59
207000135,42,173,-131
207000148,84,316,-232
207000149,88,49,39
207000152,125,380,-255
207000153,947,1256,-309
207000154,441,150,291
207000159,126,224,-98
207000160,169,476,-307
207000238,3,204,-201
207000242,5,190,-185
207000248,50,34,16
207000249,195,47,148
207000250,788,75,713
207000251,131,96,35
207000252,110,83,27
207000278,112,112,0
207000279,18,167,-149
207000280,524,73,451
207000281,130,952,-822
207000282,156,45,111
207000283,150,190,-40
207000284,46,172,-126
207000285,106,49,57
207000291,24,119,-95
207000304,118,47,71
207000306,74,374,-300
207000310,100,104,-4
207000353,465,7,458
207000356,26,43,-17
207000357,48,14,34
207000358,30,25,5
207000415,2,225,-223
207000417,62,2,60
207000418,148,140,8
207000438,0,5,-5
207000439,1078,813,265
207000446,198,9,189
207000460,21,8,13
207000466,144,150,-6
207000467,302,97,205
207000468,47,416,-369
207000476,11,65,-54
207000477,826,57,769
207000478,8,47,-39
207000523,0,12,-12
207000524,59,0,59
207000527,109,179,-70
207000530,526,7,519
207000531,413,18,395
207000532,124,38,86
207000534,537,96,441
207000535,58,361,-303
207000537,30,136,-106
207000540,7,213,-206
207000541,3,380,-377
207000548,22,300,-278
207000549,439,21,418
207000561,163,227,-64
207000562,54,258,-204
207000567,194,261,-67
207000568,202,93,109
207000569,496,834,-338
207000584,523,250,273
207000585,79,469,-390
207000587,34,13,21
207000616,1,147,-146
207000617,153,0,153
207000624,14,29,-15
207000631,2,52,-50
207900008,239,92,147
208000001,668,979,-311
208000002,742,462,280
208000003,1369,457,912
208000004,1135,682,453
208000005,11,12,-1
208000019,578,1156,-578
208000020,171,514,-343
208000021,311,420,-109
208000022,1097,533,564
208000028,1130,895,235
208000033,698,563,135
208000034,1295,1350,-55
208000037,241,24,217
208000040,173,216,-43
208000041,972,701,271
208000042,1315,670,645
208000047,146,245,-99
208000064,2791,1673,1118
208000066,1961,2738,-777
208000070,356,424,-68
208000071,453,969,-516
208000072,411,1380,-969
208000080,322,305,17
208000081,429,162,267
208000082,391,322,69
208000083,141,507,-366
208000084,18,20,-2
208000085,866,691,175
208000086,491,1255,-764
208000087,486,1021,-535
208000089,1222,419,803
208000090,1117,699,418
208000093,305,187,118
208000094,627,423,204
208000095,668,453,215
208000104,1005,1089,-84
208000105,762,1090,-328
208000114,120,336,-216
208000115,558,407,151
208000116,566,1150,-584
208000117,227,217,10
208000118,115,156,-41
208000155,879,1187,-308
208000158,1547,3969,-2422
208000186,4634,5022,-388
208000204,717,1177,-460
208000205,1496,1023,473
208000282,7439,3627,3812
209000004,420,144,276
209000005,60,36,24
209000006,491,180,311
209000007,278,236,42
209000010,475,166,309
209000011,263,308,-45
209000012,307,187,120
209000013,300,388,-88
209000014,694,1167,-473
209000025,337,73,264
209000026,653,171,482
209000027,549,946,-397
209000028,443,750,-307
209000029,663,705,-42
209000030,685,1317,-632
209000031,2692,2293,399
209000034,228,234,-6
209000035,138,163,-25
209000036,192,107,85
209000037,316,237,79
209000038,137,162,-25
209000039,53,134,-81
209000040,260,686,-426
209000041,171,524,-353
209000042,255,448,-193
209000043,813,1092,-279
209000044,201,879,-678
209000045,1912,643,1269
209000046,730,782,-52
209000047,496,227,269
209000048,708,340,368
209000049,111,147,-36
209000050,239,223,16
209000051,382,410,-28
209000052,198,369,-171
209000062,40,79,-39
209000063,68,84,-16
209000064,37,88,-51
209000065,88,39,49
209000066,70,47,23
209000067,108,60,48
209000080,29,263,-234
209000082,100,28,72
209000091,22,128,-106
209000093,61,27,34
209000094,207,219,-12
209000110,52,133,-81
209000111,490,1230,-740
209000112,890,712,178
209000113,1445,606,839
209000114,616,464,152
209000115,88,164,-76
209000116,682,513,169
209000118,22,46,-24
209000119,34,21,13
209000121,140,562,-422
209000135,111,215,-104
209000142,696,1218,-522
209000143,95,82,13
209000144,49,114,-65
209000229,353,223,130
209000240,26,339,-313
209000259,114,105,9
209000260,40,1127,-1087
209000261,2,514,-512
209000262,0,460,-460
209000263,0,145,-145
209000264,1,85,-84
209000265,591,2,589
209000266,193,7,186
209000267,942,11,931
209000268,780,50,730
210000037,69,44,25
210000047,69,28,41
210000048,116,33,83
210000049,53,8,45
210000052,52,69,-17
210000053,34,51,-17
210000054,51,80,-29
210000070,194,6,188
210000071,91,0,91
210000072,22,0,22
210000073,0,24,-24
210000074,1,113,-112
210000075,7,105,-98
210000076,8,154,-146
210000077,9,53,-44
210000078,35,34,1
210000079,23,14,9
210000080,133,53,80
210000081,181,22,159
210000082,153,7,146
210000083,69,4,65
210000084,29,1,28
210000085,0,69,-69
210000086,1,113,-112
210000099,49,231,-182
210000100,52,146,-94
210000101,63,142,-79
210000105,44,172,-128
210000159,1,157,-156
210000163,165,180,-15
210000164,279,170,109
210000168,135,51,84
210000187,0,11,-11
210000188,0,14,-14
210000214,118,0,118
210000219,24,50,-26
210000220,84,41,43
210000232,6,30,-24
210000233,29,58,-29
210000234,31,105,-74
210000235,47,92,-45
210000245,3,25,-22
210000246,23,1,22
210000258,8,117,-109
210000259,372,66,306
210000282,103,233,-130
210000285,1,102,-101
210000286,14,156,-142
210000290,4,28,-24
210000295,38,118,-80
210000296,60,37,23
210000320,148,49,99
210000321,136,55,81
210000338,73,59,14
210000339,341,1163,-822
210000340,116,360,-244
210000341,176,253,-77
210000342,176,177,-1
210000343,156,149,7
210000344,244,103,141
210000345,159,138,21
210000346,52,86,-34
210000347,59,22,37
210000348,136,19,117
210000349,49,19,30
210000350,128,58,70
210000351,141,144,-3
210000352,76,80,-4
210000353,62,108,-46
210000354,60,117,-57
210000355,54,87,-33
210000356,49,66,-17
210000357,78,39,39
210000358,245,118,127
210000359,72,82,-10
210000360,156,108,48
210000361,208,165,43
210000362,314,217,97
210000363,904,274,630
210000364,104,171,-67
210000365,147,69,78
210000366,151,44,107
210000367,121,32,89
210000368,161,42,119
210000369,27,21,6
210000370,41,45,-4
210000372,28,25,3
210000373,42,24,18
210000374,75,10,65
210000375,51,70,-19
210000376,61,137,-76
210000404,56,93,-37
210000439,30,45,-15
210000472,66,4,62
210000482,54,88,-34
210000564,378,395,-17
210000567,4,49,-45
210000568,318,5,313
211000092,38,65,-27
211000094,21,18,3
211000169,242,25,217
211000172,4,310,-306
211000209,2,19,-17
211000226,15,43,-28
211000270,36,15,21
211000275,22,18,4
211000276,116,35,81
211000279,6,26,-20
211000281,42,35,7
211507980,5,33,-28
211977296,37,4,33
212000003,134,58,76
212000004,33,25,8
212000005,20,24,-4
212000006,20,54,-34
212000008,142,171,-29
212000009,26,121,-95
212000012,79,104,-25
212000013,21,42,-21
212000014,267,182,85
212000015,292,248,44
212000016,450,604,-154
212000027,528,424,104
212000028,305,448,-143
212000029,220,279,-59
212000030,40,35,5
212000031,63,68,-5
212000048,31,145,-114
212000049,12,105,-93
212000050,29,14,15
212000051,179,210,-31
212000052,173,242,-69
212000053,379,565,-186
212000054,197,117,80
212000055,265,235,30
212000056,18,35,-17
212000057,14,46,-32
212000058,221,26,195
212000070,109,204,-95
212000077,144,671,-527
212000099,228,286,-58
212000108,166,200,-34
212000111,175,137,38
212000120,75,75,0
212000138,124,25,99
212000156,9,152,-143
212000158,7,10,-3
212000159,384,33,351
212000160,591,249,342
212000161,69,9,60
212000310,50,24,26
212000311,9,55,-46
212000374,46,9,37
213000001,44,414,-370
213000005,364,156,208
213000006,1252,347,905
213000007,217,16,201
213000009,901,590,311
213000010,174,332,-158
213000011,209,146,63
213000012,152,381,-229
213000014,64,6,58
213000015,236,3,233
213000016,506,1,505
213000017,107,0,107
213000018,6,178,-172
213000019,2,212,-210
213000020,115,447,-332
213000021,7,162,-155
213000023,363,191,172
213000033,387,1959,-1572
213000034,1079,302,777
213000035,122,223,-101
213000045,154,270,-116
213000046,214,172,42
213000047,718,1413,-695
213000056,86,38,48
213000069,113,10,103
213000073,4,51,-47
213000074,56,369,-313
213000075,644,11,633
213000076,32,0,32
213000085,10,35,-25
213000086,11,197,-186
213000091,213,34,179
213000092,111,26,85
213000099,167,1199,-1032
213000100,1282,291,991
213000101,446,152,294
213000102,553,350,203
213000103,1093,1016,77
213000104,63,400,-337
213000105,3,154,-151
213000106,35,123,-88
213000107,152,652,-500
213000108,56,541,-485
213000109,15,295,-280
213000110,13,105,-92
213000111,17,58,-41
213000112,236,112,124
213000115,92,11,81
213000116,49,412,-363
213000117,5,637,-632
213000118,410,208,202
213000119,73,649,-576
213000120,153,580,-427
213000122,204,606,-402
213000123,510,1660,-1150
213000124,132,1657,-1525
213000125,126,27,99
213000126,116,146,-30
213000127,177,211,-34
213000128,615,1304,-689
213000129,432,679,-247
213000130,553,355,198
213000132,386,116,270
213000133,573,134,439
213000134,891,34,857
213000136,485,22,463
213000137,722,79,643
213000139,330,25,305
213000147,59,9,50
213000148,24,11,13
213000149,49,8,41
213000150,0,130,-130
213000151,1,76,-75
213000152,1,89,-88
213000153,2,86,-84
213000154,34,288,-254
213000155,38,228,-190
213000156,134,567,-433
213000157,645,478,167
213000158,385,1145,-760
213000159,610,660,-50
213000163,846,91,755
213000165,989,327,662
213000171,4,125,-121
213000172,3,359,-356
213000173,2,280,-278
213000174,5,195,-190
213000175,10,92,-82
213000176,54,33,21
213000177,74,5,69
213000178,152,1,151
213000179,250,0,250
213000180,173,1,172
213000184,86,429,-343
213000188,389,125,264
213000189,400,59,341
213000190,1023,1032,-9
213000191,292,509,-217
213000192,270,499,-229
213000193,913,291,622
213000194,0,64,-64
213000195,25,474,-449
213000196,279,1311,-1032
213000197,464,525,-61
213000198,62,1,61
213000200,154,962,-808
213000201,91,37,54
213000202,7,536,-529
213000203,3770,681,3089
213000204,679,69,610
213000205,295,92,203
213000206,552,78,474
213000207,161,17,144
213000208,114,2,112
213000209,153,2,151
213000210,412,1,411
213000211,7,30,-23
213000212,7,25,-18
213000213,30,48,-18
213000218,240,655,-415
213000219,500,23,477
213000220,409,15,394
213000223,249,292,-43
213000224,42,59,-17
213000225,200,14,186
213000226,66,16,50
213000227,952,202,750
213000228,399,98,301
213000229,392,26,366
213000230,364,22,342
213000232,89,900,-811
213000233,19,295,-276
213000234,7,46,-39
213000293,6,73,-67
213000294,157,29,128
213000295,27,83,-56
213000296,66,27,39
213000297,5,122,-117
213000298,44,120,-76
213000299,78,58,20
213000300,48,7,41
213000303,20,35,-15
213000304,2,9,-7
213000305,13,7,6
213000306,98,30,68
213000307,139,93,46
213000308,117,223,-106
213000309,145,69,76
213000310,670,212,458
213000311,384,812,-428
213000315,111,128,-17
213000316,125,67,58
213000322,126,158,-32
213000323,125,80,45
213000324,44,59,-15
213000325,49,92,-43
213000326,25,28,-3
213000327,32,46,-14
213000328,36,147,-111
213000329,109,33,76
213000340,180,627,-447
213000341,500,118,382
213000346,319,251,68
213000347,848,478,370
213000348,45,85,-40
213000349,36,29,7
213000350,355,1127,-772
213000366,83,327,-244
213000367,270,39,231
213000379,132,34,98
213000386,25,365,-340
213000406,92,389,-297
213000417,1352,584,768
213000425,157,52,105
213000426,156,62,94
213000427,41,243,-202
213000428,44,183,-139
213000429,37,3,34
213000430,137,903,-766
213000431,243,4,239
213000432,15,80,-65
213000433,18,194,-176
213000434,101,112,-11
213000435,141,74,67
213000436,37,75,-38
213000437,1,20,-19
213000438,209,74,135
213000439,45,17,28
213000440,13,386,-373
213000441,0,1,-1
213000442,5,45,-40
213000443,580,434,146
213000444,41,56,-15
213000445,4,96,-92
213000446,0,109,-109
213000447,2,32,-30
213000448,15,143,-128
213000449,361,2,359
213000450,16,48,-32
213000451,283,76,207
213000452,12,29,-17
213000453,45,267,-222
213000455,528,3,525
213000456,1,295,-294
213000481,19,11,8
213000482,110,1,109
213000489,559,71,488
213000491,1,149,-148
213000492,242,1,241
213000493,0,100,-100
213000494,247,155,92
213000495,0,119,-119
213000496,402,228,174
213000497,49,339,-290
213000498,120,238,-118
213000499,185,581,-396
213000500,478,90,388
213000501,126,44,82
213000502,238,128,110
213000503,2,92,-90
213000504,10,117,-107
213000505,5,18,-13
213000506,0,13,-13
213000507,1,158,-157
213900244,36,0,36
213900245,1,28,-27
218000003,32,34,-2
218000004,28,30,-2
218000005,52,31,21
218000006,67,22,45
218000007,10,17,-7
218000012,129,169,-40
218000013,155,128,27
218000014,452,415,37
218000019,949,737,212
218000020,262,487,-225
218000021,24,41,-17
218000022,20,20,0
218000023,3,22,-19
218000024,4,15,-11
218000025,5,11,-6
218000026,10,27,-17
218000027,3,11,-8
218000028,7,5,2
218000029,3,2,1
218000030,10,21,-11
218000031,1,14,-13
218000032,0,22,-22
218000040,6,2,4
218000046,51,80,-29
218000047,13,131,-118
218000048,71,94,-23
218000049,115,88,27
218000050,317,154,163
218000051,72,181,-109
218000052,1,74,-73
218000053,2,8,-6
218000054,17,28,-11
218000055,3,9,-6
218000056,9,22,-13
218000057,3,20,-17
218000064,2,7,-5
218000065,83,45,38
218000066,9,64,-55
218000067,49,76,-27
218000068,151,140,11
218000069,268,156,112
218000070,291,235,56
218000071,169,193,-24
218000072,345,220,125
218000078,834,960,-126
218000079,71,87,-16
218000080,152,63,89
218000081,419,256,163
218000082,39,126,-87
218000083,76,64,12
218000084,144,139,5
218000085,160,356,-196
218000086,57,153,-96
218000087,173,145,28
218000090,23,86,-63
218000091,1096,511,585
218000092,85,168,-83
218000093,94,62,32
218000094,514,719,-205
218000099,304,758,-454
218000100,240,304,-64
218000101,292,150,142
218000102,382,252,130
218000103,111,176,-65
218000104,108,38,70
218000105,24,20,4
218000106,12,15,-3
218000107,62,58,4
218000108,14,43,-29
218000112,50,30,20
218000117,103,61,42
218000134,585,622,-37
218000135,25,82,-57
218000136,249,80,169
218000137,282,170,112
218000138,39,135,-96
218000139,226,340,-114
218000140,824,310,514
218000141,91,82,9
218000142,244,180,64
218000143,94,285,-191
218000144,38,84,-46
218000145,313,374,-61
218000146,84,212,-128
218000151,6,16,-10
218000152,158,80,78
218000153,19,7,12
218000154,24,0,24
218000155,17,3,14
218000156,50,12,38
218000157,19,13,6
218000158,5,8,-3
218000159,2,3,-1
218000160,2,4,-2
218000161,19,2,17
218000162,30,8,22
218000163,6,0,6
218000164,39,1,38
218000165,44,23,21
218000170,8,36,-28
218000171,36,11,25
218000172,5,13,-8
218000173,46,7,39
218000174,24,6,18
218000176,117,25,92
218000177,222,166,56
218000178,38,179,-141
218000179,60,88,-28
218000180,66,30,36
218000181,106,60,46
218000187,7,29,-22
218000188,29,33,-4
218000189,21,55,-34
218000190,22,21,1
218000191,127,60,67
218000192,149,264,-115
218000193,335,354,-19
218000194,87,313,-226
218000195,121,77,44
218000196,305,324,-19
218000197,353,439,-86
218000198,31,140,-109
218000199,53,46,7
218000200,94,33,61
218000201,11,20,-9
218000202,81,218,-137
218000207,2,33,-31
218000208,53,19,34
218000211,55,15,40
218000212,2,18,-16
218000213,78,131,-53
218000214,1,40,-39
218000215,19,38,-19
218000217,3,76,-73
218000218,209,53,156
218000219,24,15,9
218000220,111,376,-265
218000221,630,181,449
218000222,17,34,-17
218000223,19,313,-294
218000224,5,188,-183
218000225,104,15,89
218000226,112,49,63
218000230,1,4,-3
218000232,39,70,-31
218000239,240,20,220
218000240,44,1,43
218000241,83,0,83
218000242,114,2,112
218000243,60,2,58
218000244,52,5,47
218000245,20,4,16
218000246,1,1,0
218000247,0,0,0
218000248,0,17,-17
218000249,3,4,-1
218000250,1,4,-3
218000251,9,21,-12
218000252,2,26,-24
218000253,2,16,-14
218000254,1,13,-12
218000255,3,13,-10
218000256,9,75,-66
218000267,565,1134,-569
218000268,15,56,-41
218000269,7,16,-9
218000270,71,71,0
218000271,15,97,-82
218000273,15,5,10
218000274,15,10,5
218000275,14,38,-24
218000276,8,40,-32
218000278,10,28,-18
218000279,125,81,44
218000280,14,39,-25
218000281,14,12,2
218000282,601,427,174
218000284,82,24,58
218000301,87,124,-37
218000302,133,67,66
218000303,50,36,14
218000316,746,1030,-284
218000317,1116,1105,11
218000318,661,840,-179
218000319,1128,1164,-36
218000320,735,706,29
218000338,56,37,19
218000345,92,74,18
218000346,51,162,-111
218000459,30,225,-195
218000490,35,43,-8
218000501,96,35,61
218000502,21,60,-39
218000503,77,13,64
218000504,178,37,141
218000505,41,168,-127
218000506,40,321,-281
218000508,13,2,11
218000510,180,15,165
218000520,116,82,34
218000521,7,50,-43
218000522,2,151,-149
218000523,130,2,128
218000524,43,162,-119
218000525,132,15,117
218000526,41,166,-125
218000529,45,167,-122
218000530,12,2,10
218000531,13,25,-12
218000532,23,26,-3
218000534,135,23,112
218000537,16,33,-17
218000538,148,208,-60
218000540,244,73,171
218000543,140,50,90
218000544,46,87,-41
218000545,64,62,2
218000546,57,50,7
218000547,103,189,-86
218000548,213,132,81
218000549,514,477,37
218000550,248,311,-63
218000551,157,1144,-987
218000552,537,53,484
218000553,60,90,-30
218000554,56,30,26
218000555,57,47,10
218000556,165,250,-85
218000557,244,178,66
218000558,104,1,103
218000559,0,29,-29
218000560,1,51,-50
218000561,27,0,27
218000562,31,211,-180
218000563,198,21,177
218000564,16,124,-108
218000565,200,25,175
218000566,466,25,441
218000567,2,65,-63
218000568,38,2,36
218000569,17,102,-85
218000570,161,6,155
218000571,2,129,-127
218000572,196,2,194
218000573,23,77,-54
218000574,120,42,78
218000575,93,0,93
218000576,0,89,-89
218000577,115,0,115
218000578,2,68,-66
218000579,24,20,4
218000581,9,40,-31
218000582,50,3,47
218000583,6,0,6
218000584,0,15,-15
218000585,17,5,12
218000586,11,54,-43
218000587,11,1,10
218000588,4,3,1
218000589,2,3,-1
218000590,15,1,14
218000591,7,2,5
218000592,34,2,32
218000593,1,1,0
218000594,0,0,0
218000597,0,0,0
218000598,0,0,0
218000599,1,0,1
218000600,8,3,5
218000601,0,2,-2
218000602,0,7,-7
218000603,0,6,-6
218000604,25,1,24
218000605,1,45,-44
218000606,79,0,79
218000607,16,37,-21
218000608,75,21,54
218000609,2,46,-44
218000610,55,6,49
218000611,27,2,25
218000612,1,33,-32
218000613,47,0,47
218000614,3,61,-58
218000615,244,0,244
218000616,10,131,-121
218000617,21,0,21
218000618,1,14,-13
218000619,38,31,7
218000620,13,15,-2
218000621,0,3,-3
218000622,0,28,-28
218000623,91,2,89
218000624,10,30,-20
218000625,18,1,17
218000626,0,6,-6
218000628,136,45,91
218000631,34,24,10
218000632,1,76,-75
218000633,103,2,101
218000634,9,20,-11
218000635,21,12,9
218000636,881,1208,-327
218000637,1004,574,430
218000638,136,36,100
218000639,13,173,-160
218000640,317,31,286
218000641,51,275,-224
218000652,47,64,-17
218000653,99,46,53
218000663,9,209,-200
218000675,134,46,88
218000676,3,9,-6
218000677,15,7,8
218000680,209,354,-145
218000681,398,190,208
218000691,201,263,-62
218000693,229,203,26
218000703,6,41,-35
218000718,772,1398,-626
218000719,1275,909,366
218000720,23,119,-96
218000721,196,19,177
218000725,10,6,4
218001147,1,106,-105
218001214,11,38,-27
218001258,101,3,98
218001329,154,186,-32
218001330,101,61,40
218001351,30,18,12
218001352,7,11,-4
218001353,20,9,11
218001354,10,25,-15
218001355,8,246,-238
218001356,421,30,391
218001357,9,147,-138
218001358,288,22,266
218001361,245,4,241
218001362,0,145,-145
219000001,79,41,38
219000002,54,57,-3
219000003,76,23,53
219000004,64,41,23
219000017,82,33,49
219000020,107,44,63
219000022,123,8,115
219000023,151,2,149
219000029,0,92,-92
219000034,37,32,5
219000039,90,121,-31
219000040,61,55,6
219000041,162,29,133
219000051,0,28,-28
219000052,0,27,-27
219000053,1,109,-108
219000054,37,85,-48
219000055,196,4,192
219000056,11,1,10
219000057,66,0,66
219000062,13,78,-65
219000063,77,7,70
219000064,1,116,-115
219000110,584,46,538
219000111,98,28,70
219000112,167,73,94
219000113,125,75,50
219000114,242,90,152
219000116,101,40,61
219000117,167,48,119
219000118,160,46,114
219000123,244,82,162
219000124,120,44,76
219000125,5,8,-3
219000126,55,96,-41
219000127,0,4,-4
219000128,10,89,-79
219000129,31,120,-89
219000130,462,481,-19
219000131,661,943,-282
219000133,87,42,45
219000134,24,15,9
219000135,50,72,-22
219000136,94,169,-75
219000138,78,23,55
219000139,32,48,-16
219000140,43,0,43
219000141,30,111,-81
219000142,21,83,-62
219000143,19,78,-59
219000145,36,43,-7
219000146,8,18,-10
219000147,9,35,-26
219000148,5,38,-33
219000149,10,77,-67
219000150,2,59,-57
219000151,3,31,-28
219000157,206,218,-12
219000158,196,253,-57
219000161,102,6,96
219000163,1674,541,1133
219000166,171,203,-32
219000167,173,190,-17
219000168,347,126,221
219000174,404,178,226
219000175,73,4,69
219000176,110,9,101
219000177,56,1,55
219000178,45,1,44
219000179,18,5,13
219000180,35,50,-15
219000182,167,27,140
219000183,105,39,66
219000184,126,6,120
219000185,0,58,-58
219000186,45,45,0
219000187,32,77,-45
219000189,105,179,-74
219000190,114,242,-128
219000191,1054,1258,-204
219000192,164,110,54
219000193,212,150,62
219000195,0,51,-51
219000196,5,127,-122
219000198,13,122,-109
219000199,45,265,-220
219000200,43,179,-136
219000201,91,174,-83
219000203,27,143,-116
219000204,183,238,-55
219000205,49,176,-127
219000207,129,285,-156
219000209,30,72,-42
219000210,54,85,-31
219000213,9,127,-118
219000239,248,280,-32
219000240,298,375,-77
219000241,151,189,-38
219000242,130,133,-3
219000243,129,199,-70
219000244,22,78,-56
219000245,48,39,9
219000246,46,16,30
219000247,159,24,135
219000248,569,338,231
219000249,137,127,10
219000250,119,115,4
219000251,543,242,301
219000252,258,172,86
219000253,429,108,321
219000255,150,113,37
219000256,241,87,154
219000257,114,1,113
219000262,142,141,1
219000263,67,152,-85
219000267,3,83,-80
219000268,1,3,-2
219000269,1,2,-1
219000270,3,0,3
219000271,98,2,96
219000278,2,3,-1
219000279,0,3,-3
219000283,0,21,-21
219000295,15,90,-75
219000296,103,499,-396
219000297,21,133,-112
219000298,15,167,-152
219000299,517,87,430
219000300,21,211,-190
219000301,279,422,-143
219000302,65,324,-259
219000307,43,27,16
219000308,48,31,17
219000311,221,68,153
219000312,716,151,565
219000313,264,60,204
219000314,48,401,-353
219000315,369,39,330
219000316,518,80,438
219000317,102,31,71
219000320,3,93,-90
219000321,0,34,-34
219000323,6,67,-61
219000325,1,14,-13
219000326,69,71,-2
219000327,62,28,34
219000328,39,59,-20
219000329,433,132,301
219000330,38,34,4
219000331,57,51,6
219000332,111,99,12
219000333,29,6,23
219000335,65,2,63
219000337,16,0,16
219000338,64,0,64
219000344,21,54,-33
219000345,37,78,-41
219000346,44,85,-41
219000348,160,95,65
219000349,64,164,-100
219000350,173,279,-106
219000351,4,10,-6
219000352,610,108,502
219000353,124,53,71
219000354,173,92,81
219000355,149,83,66
219000356,1423,1504,-81
219000363,255,52,203
219000364,72,49,23
219000365,123,13,110
219000366,241,288,-47
219000368,415,623,-208
219000370,1243,491,752
219000371,9,30,-21
219000382,33,33,0
219000383,654,1055,-401
219000385,486,479,7
219000386,779,1504,-725
219000387,2,11,-9
219000390,7,2,5
219000391,3,0,3
219000397,78,65,13
219000398,88,44,44
219000401,25,122,-97
219000402,25,136,-111
219000403,195,319,-124
219000404,36,135,-99
219000407,5,60,-55
219000409,40,54,-14
219000410,93,48,45
219000411,77,17,60
219000446,184,331,-147
219000447,7,17,-10
219000448,10,0,10
219000452,175,93,82
219000453,88,163,-75
219000454,184,283,-99
219000556,221,86,135
219000558,267,187,80
219000590,53,168,-115
219000591,89,76,13
219000592,111,349,-238
219000595,6,14,-8
219000635,161,51,110
219000636,25,103,-78
219000657,90,18,72
219000658,37,104,-67
219000673,0,23,-23
219000676,40,10,30
219000679,39,12,27
219000684,83,1,82
219000685,1,63,-62
219000686,1,3,-2
219000688,1,48,-47
219000689,19,232,-213
219000690,171,35,136
219000691,65,220,-155
219000692,222,35,187
219000693,0,30,-30
219000694,16,0,16
219000695,14,1,13
219000698,17,0,17
219000699,0,13,-13
219000727,1,73,-72
219000728,66,2,64
219000770,78,3,75
219000771,0,45,-45
219000788,471,198,273
219001150,2,24,-22
219001151,0,4,-4
219001166,40,22,18
219001167,2,113,-111
219001178,29,3,26
220000001,62,75,-13
220000002,21,105,-84
220000003,365,283,82
220000004,753,556,197
220000005,1918,2282,-364
220000006,229,989,-760
220000007,440,615,-175
220000008,379,911,-532
220000009,318,491,-173
220000010,255,125,130
220000011,589,3052,-2463
220000012,125,360,-235
220000014,132,43,89
220000015,71,207,-136
220000017,64,248,-184
220000018,4130,2004,2126
220000019,60,260,-200
220000020,387,302,85
220000021,589,221,368
220000022,724,406,318
220000023,322,147,175
220000024,2057,332,1725
220000025,1349,1159,190
220000026,277,316,-39
220000027,42,104,-62
220000028,55,49,6
220000029,89,139,-50
220000030,106,59,47
220000031,431,306,125
220000064,6,987,-981
221000046,6,0,6
221000047,0,7,-7
221000048,0,4,-4
221000049,0,16,-16
221000050,19,0,19
221000055,28,46,-18
221000057,80,15,65
221000068,295,135,160
221000069,312,75,237
221000070,191,27,164
221000071,85,9,76
221000072,194,15,179
221000073,176,54,122
221000074,3,14,-11
221000075,21,21,0
221000076,9,49,-40
221000077,35,85,-50
221000081,49,8,41
221000082,58,3,55
221000083,28,0,28
221000084,5,0,5
221000085,16,57,-41
221000086,15,123,-108
221000087,8,179,-171
221000088,12,172,-160
221000089,48,258,-210
221000090,150,476,-326
221000098,95,18,77
221000099,147,19,128
221000100,102,8,94
221000101,210,12,198
221000102,137,24,113
221000109,9,105,-96
221000110,9,117,-108
221000111,30,198,-168
221000112,10,161,-151
221000113,30,175,-145
221000114,13,155,-142
221000120,37,27,10
221000121,10,33,-23
221000122,55,28,27
221000123,8,13,-5
221000124,30,171,-141
221000155,85,22,63
221000156,33,32,1
221000175,0,3,-3
221000176,7,12,-5
221000182,45,10,35
221000241,782,319,463
221000242,183,471,-288
221000243,660,177,483
221000244,345,541,-196
221000245,63,106,-43
221000246,32,229,-197
221000247,72,137,-65
221000248,108,162,-54
221000267,63,595,-532
221000325,117,72,45
221000331,8,67,-59
221000338,24,21,3
221000378,205,27,178
221000381,73,47,26
222000282,20,3,17
222000296,3,16,-13
222000568,354,29,325
222000569,188,57,131
222000570,137,27,110
222000571,285,33,252
222000577,13,156,-143
222000578,28,156,-128
222000579,32,189,-157
222000580,89,799,-710
222000599,0,135,-135
222000600,2,334,-332
222000601,6,911,-905
222000603,16,38,-22
222000604,5,41,-36
222000605,18,26,-8
222000606,1,8,-7
222000607,8,5,3
222000608,33,15,18
222000609,87,214,-127
222000616,329,47,282
222000617,17,36,-19
222000618,1,5,-4
222000620,25,8,17
222000621,73,21,52
222000623,725,9,716
222000624,336,7,329
222000625,536,27,509
222000636,40,1,39
222000686,17,20,-3
222000687,37,42,-5
222001066,216,0,216
222001067,18,5,13
222001068,36,19,17
222001069,22,41,-19
222001082,22,41,-19
222001083,32,42,-10
222001084,1,63,-62
222001085,1,131,-130
222001111,19,112,-93
222001112,87,49,38
222001313,66,6,60
222001314,24,136,-112
222001464,137,59,78
222001465,30,109,-79
222001484,95,89,6
222001485,31,56,-25
222001494,548,173,375
222001495,226,255,-29
222001496,278,174,104
222001497,134,425,-291
222001502,11,90,-79
222001503,121,50,71
222001504,30,312,-282
222001505,277,24,253
222001506,42,377,-335
222001507,355,45,310
222001510,400,35,365
222001511,47,375,-328
222001514,597,192,405
222001515,309,517,-208
222001518,269,83,186
222001519,72,243,-171
222001527,219,63,156
222001528,81,149,-68
222001529,201,55,146
222001530,67,210,-143
222001533,130,262,-132
222001534,236,58,178
222001535,185,297,-112
222001536,96,272,-176
222001537,322,43,279
222001538,80,403,-323
222001563,578,70,508
222001564,77,536,-459
222001568,445,107,338
222001576,0,2,-2
222001579,1,11,-10
222001583,19,167,-148
222001584,116,20,96
222001596,595,1119,-524
222001597,1993,278,1715
222001626,0,164,-164
222001650,342,132,210
222001651,246,132,114
222001914,137,79,58
222001915,102,219,-117
222001968,449,305,144
222001969,492,710,-218
222001970,150,195,-45
222001971,30,19,11
222001972,1,17,-16
225000001,416,181,235
225000002,581,162,419
225000003,493,84,409
225000004,349,210,139
225000005,39,31,8
225000006,0,205,-205
225000007,1504,1307,197
225000010,347,9,338
225000011,331,848,-517
225000012,198,468,-270
225000013,85,106,-21
225000014,804,90,714
225000015,95,148,-53
225000021,741,162,579
225000027,283,465,-182
225000032,587,105,482
225000042,58,593,-535
225000049,37,56,-19
225000050,65,7,58
225000053,9,315,-306
225000058,555,145,410
225000067,270,172,98
225000068,88,349,-261
225000069,146,459,-313
225000070,74,341,-267
225000071,36,144,-108
225000075,16,728,-712
225000076,72,136,-64
225000078,51,32,19
225000085,65,139,-74
225000086,280,77,203
225000087,172,22,150
225000088,7,174,-167
225000089,287,976,-689
225000090,77,441,-364
225000091,195,132,63
225000092,51,81,-30
225000093,184,324,-140
225000094,14,270,-256
225000095,286,413,-127
225000096,396,532,-136
225000098,619,274,345
225000099,332,176,156
225000100,315,130,185
225000104,123,458,-335
225000110,3,351,-348
225000111,270,1045,-775
225000112,284,1091,-807
225000113,241,538,-297
225000114,55,261,-206
225000115,1576,662,914
225000116,1171,237,934
225000117,765,270,495
225000118,953,228,725
225000119,183,57,126
225000120,671,51,620
225000121,269,26,243
225000123,488,4,484
225000125,346,198,148
225000126,717,164,553
225000127,624,894,-270
225000128,436,638,-202
225000132,278,23,255
225000133,216,21,195
225000134,526,165,361
225000135,34,6,28
225000136,249,21,228
225000137,162,53,109
225000138,335,60,275
225000143,68,287,-219
225000144,2,341,-339
225000145,41,28,13
225000146,32,103,-71
225000147,28,266,-238
225000148,7,265,-258
225000149,71,465,-394
225000151,35,206,-171
225000155,382,465,-83
225000156,163,788,-625
225000157,243,403,-160
225000158,73,263,-190
225000171,2,191,-189
225000180,34,6,28
225000181,0,69,-69
225000182,101,8,93
225000185,20,362,-342
225000187,33,358,-325
225000191,128,4,124
225000194,0,11,-11
225000208,1,55,-54
225000209,103,7,96
225000210,6,252,-246
225000217,0,21,-21
225000218,28,2,26
225000223,0,37,-37
225000224,93,0,93
225000225,0,13,-13
225000226,41,1,40
225000227,33,102,-69
225000228,31,18,13
225000229,0,61,-61
225000230,10,0,10
225000231,0,65,-65
225000232,126,0,126
225000241,95,2,93
225000242,1,18,-17
225000249,19,0,19
225000250,55,810,-755
225000251,265,27,238
225000254,13,1,12
225000256,5,45,-40
225000257,0,67,-67
226000042,303,450,-147
226000043,76,327,-251
226000044,96,548,-452
226000045,58,348,-290
226000046,346,83,263
226000047,377,102,275
226000048,342,94,248
226000049,252,163,89
226000070,0,29,-29
226000071,0,39,-39
226000072,0,26,-26
226000073,0,6,-6
226000074,0,8,-8
226000084,1,69,-68
226000085,2,7,-5
226000086,5,17,-12
226000087,1,12,-11
226000088,105,54,51
226000090,258,77,181
226000091,32,41,-9
226000092,0,11,-11
226000093,20,6,14
226000094,12,2,10
226000095,8,8,0
226000105,7,0,7
226000106,3,0,3
226000107,4,0,4
226000108,28,1,27
226000109,63,0,63
226000124,139,87,52
226000134,591,447,144
226000135,1336,496,840
226000136,797,331,466
226000137,22,349,-327
226000138,7,215,-208
226000139,0,22,-22
226000156,188,1,187
226000157,172,7,165
226000163,77,111,-34
226000202,5,317,-312
226000231,392,12,380
226000232,42,3,39
227000033,324,77,247
227000036,304,35,269
227000037,286,29,257
227000038,230,25,205
227000084,2,89,-87
227000085,2,54,-52
227000088,62,3,59
227000089,160,3,157
227000090,57,4,53
227000091,33,1,32
227000092,71,3,68
227000093,136,0,136
227000094,23,0,23
227000130,23,56,-33
227000131,31,220,-189
227000132,8,236,-228
227000133,16,216,-200
227000134,20,355,-335
227000152,0,3,-3
227000153,0,65,-65
227000154,2,45,-43
227000155,0,26,-26
227000156,0,18,-18
227000165,10,32,-22
227000196,356,254,102
227000199,266,532,-266
227000230,18,441,-423
227000232,440,20,420
227000242,76,541,-465
227000243,554,101,453
227000245,14,307,-293
227000246,142,492,-350
227000247,449,90,359
227000248,145,49,96
227000249,29,195,-166
227000250,403,154,249
227000251,144,215,-71
227000252,21,382,-361
227000253,159,30,129
227000262,325,43,282
227000266,1063,24,1039
227000267,31,1426,-1395
227000282,12,146,-134
227000284,418,23,395
227000286,5,80,-75
227000287,16,104,-88
227000291,26,479,-453
227000296,214,178,36
227000484,297,17,280
227000485,21,822,-801
227000655,144,12,132
227000656,564,39,525
227000657,107,5,102
227000661,227,21,206
227000680,139,52,87
229000265,21,30,-9
229000296,2,8,-6
229000297,4,20,-16
229000298,2,127,-125
229000320,33,14,19
229000321,24,3,21
229000412,4,40,-36
229000414,4,37,-33
229000415,13,1,12
229000416,2,9,-7
229000417,2,9,-7
229000419,69,251,-182
229000440,322,66,256
229000442,23,3,20
229000443,5,2,3
229000444,1,22,-21
229000445,63,7,56
229000446,74,8,66
229000491,0,8,-8
229000492,2,62,-60
229000493,4,76,-72
229000494,26,2,24
229000495,107,3,104
229000496,28,2,26
229000507,2,53,-51
229000508,0,24,-24
229000509,0,50,-50
229000510,2,30,-28
229000511,4,45,-41
229000512,0,23,-23
229000513,0,7,-7
229000514,0,3,-3
229000517,0,5,-5
229000518,16,12,4
229000519,2,3,-1
229000520,14,27,-13
229000521,70,15,55
229000522,21,3,18
229000523,5,3,2
229000524,0,4,-4
229000527,1,1,0
229000528,0,0,0
229000529,8,0,8
229000530,60,1,59
229000531,30,1,29
229000532,21,1,20
229000533,46,1,45
229000534,45,0,45
229000564,25,0,25
229000565,19,0,19
229000566,0,14,-14
229000567,1,21,-20
229000582,42,1,41
229000583,2,0,2
229000584,0,19,-19
229000585,0,64,-64
229000718,0,2,-2
229000719,0,3,-3
229000720,0,10,-10
229000721,0,13,-13
229000722,0,11,-11
229000723,0,5,-5
229000724,0,1,-1
229000725,0,3,-3
229000738,3,0,3
229000739,1,0,1
229000740,1,0,1
229000741,6,1,5
229000742,2,0,2
229000743,14,0,14
229000744,1,0,1
229000745,1,0,1
229000746,14,0,14
229000847,39,0,39
229000848,19,0,19
229000849,64,2,62
229000851,29,0,29
229000854,0,18,-18
229000856,1,79,-78
229000857,1,21,-20
229000858,0,53,-53
229000919,13,99,-86
229000930,3,257,-254
229000937,66,16,50
229000966,52,27,25
229000981,26,45,-19
229000985,1,42,-41
229000986,0,3,-3
229000987,0,0,0
229000988,0,2,-2
229000989,3,1,2
229000990,0,2,-2
229000991,2,0,2
229000992,9,17,-8
229000993,131,22,109
229000998,8,71,-63
229000999,64,14,50
229001034,0,16,-16
229001035,4,2,2
229001037,57,10,47
229001042,6,23,-17
229001047,1,38,-37
229001050,53,44,9
229001168,1,17,-16
229001200,11,0,11
229001338,11,13,-2
229001394,180,5,175
229001422,100,24,76
229001423,33,149,-116
229001431,45,61,-16
229001432,54,113,-59
229001444,134,44,90
229001445,43,144,-101
229001479,10,0,10
229001503,154,74,80
229001504,157,138,19
229001505,81,49,32
229001506,70,136,-66
229001509,45,18,27
229001545,64,6,58
229001546,10,133,-123
229001553,75,10,65
229001554,52,121,-69
229001559,2,14,-12
229001560,6,27,-21
229001630,42,6,36
229001631,5,27,-22
229001635,1,10,-9
229001636,12,1,11
229001658,0,136,-136
229001659,64,9,55
229001660,27,8,19
229001661,6,24,-18
229001662,30,0,30
229001663,0,11,-11
229002584,171,167,4
229002831,140,129,11
229002841,5,14,-9
229002842,26,18,8
229002843,59,8,51
229002844,34,47,-13
229002845,16,87,-71
229002846,26,30,-4
229002847,2,11,-9
229002848,18,17,1
229002849,3,88,-85
229002850,6,0,6
229002851,29,174,-145
229002852,311,17,294
229002853,117,13,104
229002854,28,62,-34
229002855,6,28,-22
229002856,64,25,39
229002857,9,127,-118
229002858,18,11,7
229002859,39,95,-56
229002860,431,27,404
229002861,86,41,45
229002862,32,27,5
229002863,23,12,11
229002864,25,26,-1
229002865,10,6,4
229002866,13,9,4
229002867,2,21,-19
229002868,13,11,2
229002869,15,100,-85
229002870,65,5,60
235000066,450,87,363
235000067,191,99,92
235000072,26,100,-74
235000073,81,295,-214
235000074,31,81,-50
235000080,21,74,-53
235000081,117,127,-10
235000082,106,48,58
235000083,203,122,81
235000084,37,60,-23
235000085,145,62,83
235000089,34,30,4
235000092,15,145,-130
235000093,6,15,-9
235000097,7,7,0
235000098,77,10,67
235000099,26,14,12
235000116,67,27,40
235000117,572,12,560
235000133,9,379,-370
235000134,14,173,-159
235000206,9,3,6
235000207,6,1,5
235000208,2,12,-10
235000209,11,2,9
235000210,7,1,6
235000212,10,14,-4
235000213,0,8,-8
235000220,0,4,-4
235000221,71,12,59
235000238,12,80,-68
235000239,0,24,-24
235000242,287,490,-203
235000245,496,129,367
235000246,9,49,-40
235000284,12,82,-70
235000295,117,15,102
235000305,246,19,227
235000306,205,4,201
235000307,16,0,16
235000308,19,4,15
235000309,57,0,57
235000310,46,0,46
235000311,152,25,127
235000322,0,33,-33
235000323,0,72,-72
235000324,0,17,-17
235000325,1,12,-11
235000326,6,218,-212
235000351,5,55,-50
235000352,14,38,-24
235000353,1,30,-29
235000354,7,29,-22
235000355,10,40,-30
235000356,104,5,99
235000357,22,3,19
235000358,92,10,82
235000359,29,6,23
235000360,69,23,46
235000361,37,18,19
235000381,93,114,-21
235000382,170,52,118
235000390,10,4,6
235000391,221,10,211
235000392,162,283,-121
235000393,103,126,-23
235000395,101,42,59
235000396,455,51,404
235000400,82,32,50
235000401,17,124,-107
235000405,97,262,-165
235000406,61,265,-204
235000407,98,83,15
235000409,140,145,-5
235000410,32,238,-206
235000411,3,86,-83
235000485,0,13,-13
235000486,2,0,2
235000549,114,114,0
235000550,107,171,-64
235000599,112,77,35
235000600,7,11,-4
235000601,19,36,-17
235000602,100,83,17
235000614,2,3,-1
235000648,0,19,-19
235000649,38,1,37
235000685,1,3,-2
235000815,6,19,-13
235000834,0,10,-10
235000855,33,67,-34
235000862,25,92,-67
235000891,0,8,-8
235000892,18,0,18
235000901,83,84,-1
235000907,5,8,-3
235001010,60,77,-17
235001029,432,419,13
235001030,373,343,30
235001078,74,62,12
235001079,54,97,-43
235001147,6,39,-33
235001166,13,75,-62
235001167,34,41,-7
235001169,18,241,-223
235001188,0,5,-5
235001189,1,2,-1
235001197,13,11,2
235001200,39,39,0
235001207,114,16,98
235001210,20,72,-52
235001215,18,81,-63
235001239,3,34,-31
235001244,1,2,-1
235016267,1,44,-43
277101746,0,0,0
277102712,2,3,-1
277103813,0,0,0
277103814,0,0,0
277103898,0,4,-4
277104249,0,3,-3
277104250,0,7,-7
277104251,0,4,-4
277104252,0,3,-3
990011530,1,195,-194
990014944,5,501,-496
990015176,20,3,17
990015618,0,160,-160
990016032,0,288,-288
990032570,17,40,-23
990070001,49,8,41
990070103,0,9,-9
990070601,0,48,-48
990070751,824,64,760
990070766,0,429,-429
990071180,541,205,336
990071343,17,1,16
990071387,0,22,-22
990071823,604,5,599
990072600,3,863,-860
990072964,0,334,-334
990073285,0,5,-5
990074393,1,723,-722
990074870,1473,45,1428
990075106,1709,38,1671
990075746,504,2,502
990076437,1205,6,1199
990076458,1,677,-676
997000007,545,7,538
997000041,0,201,-201
997000058,31,0,31
997000062,49,0,49
997000069,0,4,-4
997000070,0,31,-31
997000100,37,0,37
997000141,14,2828,-2814
997000198,535,1704,-1169
998000475,4,34,-30
998000736,0,170,-170
998000965,0,21,-21
998001031,0,69,-69
998001700,0,22,-22
998001899,0,3,-3
998001900,8,2,6
998003073,995,14,981
998101900,0,0,0
998102850,2,291,-289
998501927,1083,592,491
998501929,127,32,95
998501930,58,4,54
998501931,350,2,348
998501932,1,1,0
998501933,68,3,65
998501937,10,1,9
998501944,1,0,1
998501950,1,54,-53
998501970,58,1,57
998501971,0,66,-66
998501973,0,49,-49
998501974,0,280,-280
998501975,99,2,97
998501976,128,0,128
998501977,0,16,-16
998501978,63,0,63
998501979,0,13,-13
998501980,89,0,89
998501981,34,3,31
998501982,0,103,-103
998501983,1,41,-40
998502006,0,0,0
998502024,0,7,-7
998502032,0,11,-11
998502062,18,0,18
998502063,0,0,0
998502173,25,0,25
998502269,0,0,0
998502546,0,211,-211
998502578,0,0,0
998601159,4,139,-135
998601292,0,29,-29
999033574,0,369,-369
999800001,45,3,42
999800002,0,2,-2
999800003,7,3,4
999800004,0,2,-2
999800005,0,5,-5
