dong,insum,outsum,diff
강남구 개포1동,0,0,0
강남구 개포2동,179,241,-62
강남구 개포4동,0,0,0
강남구 논현1동,1612,1177,435
강남구 논현2동,4,9,-5
강남구 대치1동,209,208,1
강남구 대치2동,856,613,243
강남구 대치4동,951,548,403
강남구 도곡1동,257,218,39
강남구 도곡2동,137,83,54
강남구 삼성1동,665,442,223
강남구 삼성2동,580,529,51
강남구 세곡동,105,257,-152
강남구 수서동,252,218,34
강남구 신사동,0,10,-10
강남구 압구정동,8,6,2
강남구 역삼1동,4487,2476,2011
강남구 역삼2동,682,495,187
강남구 일원1동,0,0,0
강남구 일원2동,0,0,0
강남구 일원본동,220,237,-17
강남구 청담동,658,619,39
강동구 강일동,264,309,-45
강동구 고덕제1동,4,49,-45
강동구 고덕제2동,108,153,-45
강동구 길동,673,310,363
강동구 둔촌제1동,0,0,0
강동구 둔촌제2동,0,2,-2
강동구 명일제1동,182,201,-19
강동구 명일제2동,86,61,25
강동구 상일동,21,155,-134
강동구 성내제1동,2,3,-1
강동구 성내제2동,310,357,-47
강동구 성내제3동,51,76,-25
강동구 암사제1동,0,0,0
강동구 암사제2동,0,0,0
강동구 암사제3동,0,0,0
강동구 천호제1동,74,115,-41
강동구 천호제2동,0,0,0
강동구 천호제3동,394,85,309
강북구 미아동,167,507,-340
강북구 번1동,599,1431,-832
강북구 번2동,0,0,0
강북구 번3동,1,6,-5
강북구 삼각산동,3,7,-4
강북구 삼양동,4,13,-9
강북구 송중동,841,1098,-257
강북구 송천동,455,272,183
강북구 수유1동,88,43,45
강북구 수유2동,5,1,4
강북구 수유3동,950,210,740
강북구 우이동,54,100,-46
강북구 월곡제1동,0,0,0
강북구 인수동,4,11,-7
강서구 가양제1동,45,220,-175
강서구 가양제2동,0,1,-1
강서구 가양제3동,0,4,-4
강서구 공항동,217,365,-148
강서구 등촌제1동,117,453,-336
강서구 등촌제2동,145,274,-129
강서구 등촌제3동,141,451,-310
강서구 발산제1동,1396,501,895
강서구 방화제1동,374,513,-139
강서구 방화제2동,275,213,62
강서구 방화제3동,0,1,-1
강서구 염창동,0,2,-2
강서구 우장산동,136,198,-62
강서구 화곡본동,0,0,0
강서구 화곡제1동,478,617,-139
강서구 화곡제2동,1,1,0
강서구 화곡제3동,100,173,-73
강서구 화곡제4동,37,188,-151
강서구 화곡제6동,396,211,185
강서구 화곡제8동,174,399,-225
관악구 낙성대동,383,394,-11
관악구 난곡동,5,19,-14
관악구 난향동,1,5,-4
관악구 남현동,806,598,208
관악구 대학동,19,137,-118
관악구 미성동,72,60,12
관악구 보라매동,71,258,-187
관악구 삼성동,0,2,-2
관악구 서림동,0,0,0
관악구 서원동,211,242,-31
관악구 성현동,0,1,-1
관악구 신림동,1304,1896,-592
관악구 신사동,272,575,-303
관악구 신원동,0,0,0
관악구 은천동,138,433,-295
관악구 인헌동,118,130,-12
관악구 조원동,355,859,-504
관악구 중앙동,431,523,-92
관악구 청룡동,240,406,-166
관악구 청림동,0,1,-1
관악구 행운동,378,673,-295
광진구 광장동,184,153,31
광진구 구의제1동,64,80,-16
광진구 구의제2동,160,272,-112
광진구 구의제3동,0,0,0
광진구 군자동,547,347,200
광진구 능동,753,1067,-314
광진구 자양제1동,53,31,22
광진구 자양제2동,0,2,-2
광진구 자양제3동,0,1,-1
광진구 자양제4동,1064,1184,-120
광진구 중곡제1동,327,371,-44
광진구 중곡제2동,215,693,-478
광진구 중곡제3동,152,256,-104
광진구 중곡제4동,0,0,0
광진구 화양동,1228,1022,206
구로구 가리봉동,82,379,-297
구로구 개봉제1동,448,608,-160
구로구 개봉제2동,359,394,-35
구로구 개봉제3동,0,3,-3
구로구 고척제1동,216,237,-21
구로구 고척제2동,2,11,-9
구로구 구로제1동,92,131,-39
구로구 구로제2동,30,162,-132
구로구 구로제3동,175,311,-136
구로구 구로제4동,3,120,-117
구로구 구로제5동,101,280,-179
구로구 수궁동,378,641,-263
구로구 신도림동,705,544,161
구로구 오류제1동,434,522,-88
구로구 오류제2동,0,0,0
구로구 항동,0,0,0
금천구 가산동,197,130,67
금천구 독산제1동,97,372,-275
금천구 독산제2동,102,23,79
금천구 독산제3동,325,79,246
금천구 독산제4동,117,43,74
금천구 미성동,0,0,0
금천구 시흥제1동,240,296,-56
금천구 시흥제2동,0,0,0
금천구 시흥제3동,0,6,-6
금천구 시흥제4동,0,0,0
금천구 시흥제5동,126,236,-110
노원구 공릉1동,932,1062,-130
노원구 공릉2동,3,2,1
노원구 상계10동,23,582,-559
노원구 상계1동,35,105,-70
노원구 상계2동,901,50,851
노원구 상계3.4동,0,6,-6
노원구 상계5동,3,1,2
노원구 상계6.7동,666,714,-48
노원구 상계8동,2,39,-37
노원구 상계9동,2,11,-9
노원구 월계1동,68,53,15
노원구 월계2동,1,5,-4
노원구 월계3동,64,155,-91
노원구 중계1동,2,3,-1
노원구 중계2.3동,306,416,-110
노원구 중계4동,1,5,-4
노원구 중계본동,0,2,-2
노원구 하계1동,122,189,-67
노원구 하계2동,131,227,-96
도봉구 도봉제1동,381,289,92
도봉구 도봉제2동,139,724,-585
도봉구 방학제1동,431,755,-324
도봉구 방학제2동,2,141,-139
도봉구 방학제3동,124,97,27
도봉구 쌍문제1동,0,12,-12
도봉구 쌍문제2동,305,30,275
도봉구 쌍문제3동,109,35,74
도봉구 쌍문제4동,0,0,0
도봉구 창제1동,250,408,-158
도봉구 창제2동,45,338,-293
도봉구 창제3동,0,1,-1
도봉구 창제4동,0,0,0
도봉구 창제5동,63,697,-634
동대문구 답십리제1동,43,132,-89
동대문구 답십리제2동,96,92,4
동대문구 면목제5동,0,0,0
동대문구 용신동,999,1605,-606
동대문구 이문제1동,142,396,-254
동대문구 이문제2동,58,84,-26
동대문구 장안제1동,153,221,-68
동대문구 장안제2동,0,0,0
동대문구 전농제1동,205,393,-188
동대문구 전농제2동,0,0,0
동대문구 제기동,177,122,55
동대문구 청량리동,416,507,-91
동대문구 회기동,81,89,-8
동대문구 휘경제1동,252,486,-234
동대문구 휘경제2동,170,693,-523
동작구 노량진제1동,331,392,-61
동작구 노량진제2동,114,252,-138
동작구 대방동,2,2,0
동작구 사당제1동,920,554,366
동작구 사당제2동,76,48,28
동작구 사당제3동,0,0,0
동작구 사당제4동,0,0,0
동작구 사당제5동,0,0,0
동작구 상도제1동,7,12,-5
동작구 상도제2동,108,158,-50
동작구 상도제3동,94,329,-235
동작구 상도제4동,0,2,-2
동작구 신대방제1동,7,8,-1
동작구 신대방제2동,118,276,-158
동작구 흑석동,1,2,-1
마포구 공덕동,159,251,-92
마포구 대흥동,133,247,-114
마포구 도화동,1,0,1
마포구 망원제1동,0,5,-5
마포구 망원제2동,0,7,-7
마포구 상암동,2,20,-18
마포구 서강동,1,0,1
마포구 서교동,3769,1990,1779
마포구 성산제1동,3,8,-5
마포구 성산제2동,8,50,-42
마포구 신수동,0,0,0
마포구 아현동,132,350,-218
마포구 연남동,0,0,0
마포구 염리동,0,0,0
마포구 용강동,252,271,-19
마포구 합정동,785,482,303
서대문구 남가좌제1동,69,95,-26
서대문구 남가좌제2동,8,5,3
서대문구 북가좌제1동,20,70,-50
서대문구 북가좌제2동,6,11,-5
서대문구 북아현동,114,236,-122
서대문구 신촌동,994,1044,-50
서대문구 연희동,36,62,-26
서대문구 천연동,195,183,12
서대문구 충현동,212,474,-262
서대문구 홍은제1동,69,220,-151
서대문구 홍은제2동,7,11,-4
서대문구 홍제제1동,269,122,147
서대문구 홍제제2동,235,503,-268
서대문구 홍제제3동,0,0,0
서초구 내곡동,3,11,-8
서초구 반포1동,390,513,-123
서초구 반포2동,1,0,1
서초구 반포3동,12,4,8
서초구 반포4동,25,1,24
서초구 반포본동,9,2,7
서초구 방배1동,12,25,-13
서초구 방배2동,48,30,18
서초구 방배3동,350,373,-23
서초구 방배4동,5,42,-37
서초구 방배본동,0,0,0
서초구 서초1동,448,231,217
서초구 서초2동,271,339,-68
서초구 서초3동,408,425,-17
서초구 서초4동,1485,457,1028
서초구 양재1동,58,101,-43
서초구 양재2동,1,9,-8
서초구 잠원동,336,809,-473
성동구 금호1가동,0,0,0
성동구 금호2.3가동,0,0,0
성동구 금호4가동,0,0,0
성동구 마장동,1,1,0
성동구 사근동,82,66,16
성동구 성수1가제1동,0,1,-1
성동구 성수1가제2동,141,283,-142
성동구 성수2가제1동,26,32,-6
성동구 성수2가제3동,274,452,-178
성동구 송정동,1,0,1
성동구 옥수동,0,0,0
성동구 왕십리도선동,1,1,0
성동구 왕십리제2동,322,372,-50
성동구 용답동,200,385,-185
성동구 응봉동,0,0,0
성동구 행당제1동,320,253,67
성동구 행당제2동,3,1,2
성북구 길음제1동,486,506,-20
성북구 길음제2동,205,449,-244
성북구 돈암제1동,139,423,-284
성북구 돈암제2동,0,2,-2
성북구 동선동,930,554,376
성북구 보문동,94,324,-230
성북구 삼선동,284,445,-161
성북구 석관동,166,542,-376
성북구 성북동,95,69,26
성북구 안암동,0,0,0
성북구 월곡제1동,12,7,5
성북구 월곡제2동,4,9,-5
성북구 장위제1동,1,7,-6
성북구 장위제2동,20,8,12
성북구 장위제3동,1,3,-2
성북구 정릉제1동,1,14,-13
성북구 정릉제2동,3,12,-9
성북구 정릉제3동,0,2,-2
성북구 정릉제4동,1,19,-18
성북구 종암동,4,8,-4
송파구 가락1동,6,132,-126
송파구 가락2동,0,0,0
송파구 가락본동,832,545,287
송파구 거여1동,0,0,0
송파구 거여2동,0,0,0
송파구 마천1동,0,1,-1
송파구 마천2동,0,5,-5
송파구 문정1동,1,5,-4
송파구 문정2동,2184,1667,517
송파구 방이1동,0,1,-1
송파구 방이2동,4,3,1
송파구 삼전동,1,0,1
송파구 석촌동,326,831,-505
송파구 송파1동,251,170,81
송파구 송파2동,115,67,48
송파구 오금동,0,13,-13
송파구 오륜동,0,4,-4
송파구 위례동,1037,704,333
송파구 잠실2동,285,123,162
송파구 잠실3동,549,455,94
송파구 잠실4동,0,0,0
송파구 잠실6동,1,0,1
송파구 잠실7동,18,109,-91
송파구 잠실본동,307,481,-174
송파구 장지동,358,115,243
송파구 풍납1동,2,0,2
송파구 풍납2동,2,0,2
양천구 목1동,706,304,402
양천구 목2동,580,665,-85
양천구 목3동,446,569,-123
양천구 목4동,261,252,9
양천구 목5동,2,5,-3
양천구 신월1동,0,0,0
양천구 신월2동,86,270,-184
양천구 신월3동,0,0,0
양천구 신월4동,105,233,-128
양천구 신월5동,0,5,-5
양천구 신월6동,0,0,0
양천구 신월7동,110,257,-147
양천구 신정1동,1,2,-1
양천구 신정2동,0,0,0
양천구 신정3동,389,658,-269
양천구 신정4동,1008,1329,-321
양천구 신정6동,0,0,0
양천구 신정7동,0,0,0
영등포구 당산제1동,238,163,75
영등포구 당산제2동,560,514,46
영등포구 대림제1동,29,96,-67
영등포구 대림제2동,45,350,-305
영등포구 대림제3동,51,105,-54
영등포구 도림동,0,0,0
영등포구 문래동,274,341,-67
영등포구 신길제1동,0,1,-1
영등포구 신길제3동,1,3,-2
영등포구 신길제4동,1,1,0
영등포구 신길제5동,1,6,-5
영등포구 신길제6동,2,2,0
영등포구 신길제7동,2,2,0
영등포구 양평제1동,122,138,-16
영등포구 양평제2동,53,184,-131
영등포구 여의동,347,400,-53
영등포구 영등포동,1343,975,368
영등포구 영등포본동,397,181,216
용산구 남영동,378,328,50
용산구 보광동,4,15,-11
용산구 서빙고동,3,0,3
용산구 용문동,0,0,0
용산구 용산2가동,0,4,-4
용산구 원효로제1동,1,2,-1
용산구 원효로제2동,1,1,0
용산구 이촌제1동,14,31,-17
용산구 이촌제2동,0,0,0
용산구 이태원제1동,33,56,-23
용산구 이태원제2동,6,0,6
용산구 청파동,39,126,-87
용산구 필동,0,0,0
용산구 한강로동,663,369,294
용산구 한남동,723,1400,-677
용산구 효창동,0,0,0
용산구 후암동,0,0,0
은평구 갈현제1동,112,73,39
은평구 갈현제2동,3,12,-9
은평구 구산동,1,3,-2
은평구 녹번동,325,590,-265
은평구 대조동,462,490,-28
은평구 불광제1동,597,882,-285
은평구 불광제2동,987,396,591
은평구 수색동,61,98,-37
은평구 신사제1동,1,6,-5
은평구 신사제2동,7,13,-6
은평구 역촌동,1,3,-2
은평구 응암제1동,1,1,0
은평구 응암제2동,0,1,-1
은평구 응암제3동,4,16,-12
은평구 증산동,128,135,-7
은평구 진관동,664,668,-4
종로구 가회동,0,0,0
종로구 교남동,95,95,0
종로구 무악동,37,93,-56
종로구 부암동,1,2,-1
종로구 사직동,731,837,-106
종로구 삼청동,0,0,0
종로구 숭인제1동,0,0,0
종로구 숭인제2동,951,1144,-193
종로구 이화동,206,182,24
종로구 종로1.2.3.4가동,5260,3612,1648
종로구 종로5.6가동,746,858,-112
종로구 창신제1동,1083,863,220
종로구 창신제2동,668,568,100
종로구 창신제3동,0,1,-1
종로구 청운효자동,0,0,0
종로구 충현동,125,74,51
종로구 평창동,0,3,-3
종로구 혜화동,393,194,199
중구 광희동,3630,2089,1541
중구 다산동,145,124,21
중구 동화동,0,1,-1
중구 명동,1046,683,363
중구 소공동,1022,512,510
중구 신당동,211,145,66
중구 신당제5동,176,223,-47
중구 약수동,32,95,-63
중구 을지로동,85,111,-26
중구 장충동,46,161,-115
중구 중림동,121,199,-78
중구 청구동,1,0,1
중구 필동,220,91,129
중구 황학동,103,51,52
중구 회현동,1139,706,433
중랑구 망우본동,390,503,-113
중랑구 망우제3동,0,6,-6
중랑구 면목본동,55,274,-219
중랑구 면목제2동,251,332,-81
중랑구 면목제3.8동,22,89,-67
중랑구 면목제4동,137,392,-255
중랑구 면목제5동,231,370,-139
중랑구 면목제7동,25,112,-87
중랑구 묵제1동,321,417,-96
중랑구 묵제2동,122,66,56
중랑구 상봉제1동,258,39,219
중랑구 상봉제2동,372,1020,-648
중랑구 신내1동,134,256,-122
중랑구 신내2동,1,8,-7
중랑구 중화제1동,124,329,-205
중랑구 중화제2동,277,228,49
NA,10075,24862,-14787
