dong,insum,outsum,diff
강남구 개포1동,31,15,16
강남구 개포2동,1222,477,745
강남구 개포4동,252,34,218
강남구 논현1동,2720,1681,1039
강남구 논현2동,755,844,-89
강남구 대치1동,296,301,-5
강남구 대치2동,805,1289,-484
강남구 대치4동,1199,1040,159
강남구 도곡1동,489,863,-374
강남구 도곡2동,196,120,76
강남구 삼성1동,625,1839,-1214
강남구 삼성2동,866,1038,-172
강남구 세곡동,1852,659,1193
강남구 수서동,1215,711,504
강남구 신사동,1071,1943,-872
강남구 압구정동,1707,2528,-821
강남구 역삼1동,3642,3051,591
강남구 역삼2동,828,789,39
강남구 일원1동,580,128,452
강남구 일원2동,25,25,0
강남구 일원본동,370,326,44
강남구 청담동,1054,1748,-694
강동구 강일동,2225,481,1744
강동구 고덕제1동,342,81,261
강동구 고덕제2동,1352,290,1062
강동구 길동,1517,548,969
강동구 둔촌제1동,0,0,0
강동구 둔촌제2동,349,274,75
강동구 명일제1동,1140,296,844
강동구 명일제2동,402,378,24
강동구 상일동,1289,470,819
강동구 성내제1동,124,99,25
강동구 성내제2동,158,329,-171
강동구 성내제3동,1728,537,1191
강동구 암사제1동,391,27,364
강동구 암사제2동,606,146,460
강동구 암사제3동,199,37,162
강동구 천호제1동,647,84,563
강동구 천호제2동,782,260,522
강동구 천호제3동,1956,529,1427
강북구 미아동,4184,1281,2903
강북구 번1동,3293,2504,789
강북구 번2동,1353,150,1203
강북구 번3동,2801,564,2237
강북구 삼각산동,1566,109,1457
강북구 삼양동,4695,705,3990
강북구 송중동,1637,1760,-123
강북구 송천동,11435,4022,7413
강북구 수유1동,8417,2250,6167
강북구 수유2동,3505,381,3124
강북구 수유3동,9587,5482,4105
강북구 우이동,5990,580,5410
강북구 월곡제1동,924,295,629
강북구 인수동,3611,343,3268
강서구 가양제1동,864,410,454
강서구 가양제2동,526,70,456
강서구 가양제3동,287,104,183
강서구 공항동,1827,1350,477
강서구 등촌제1동,733,908,-175
강서구 등촌제2동,1218,608,610
강서구 등촌제3동,986,823,163
강서구 발산제1동,3143,1573,1570
강서구 방화제1동,2192,353,1839
강서구 방화제2동,2744,653,2091
강서구 방화제3동,869,2,867
강서구 염창동,60,59,1
강서구 우장산동,1364,842,522
강서구 화곡본동,2323,468,1855
강서구 화곡제1동,6495,1883,4612
강서구 화곡제2동,1700,251,1449
강서구 화곡제3동,632,604,28
강서구 화곡제4동,1046,502,544
강서구 화곡제6동,3808,2094,1714
강서구 화곡제8동,1996,498,1498
관악구 낙성대동,3809,2409,1400
관악구 난곡동,5715,199,5516
관악구 난향동,2273,419,1854
관악구 남현동,2421,1531,890
관악구 대학동,2827,1267,1560
관악구 미성동,3177,2291,886
관악구 보라매동,1623,678,945
관악구 삼성동,2903,869,2034
관악구 서림동,468,159,309
관악구 서원동,1240,469,771
관악구 성현동,1295,293,1002
관악구 신림동,4141,2505,1636
관악구 신사동,2791,1402,1389
관악구 신원동,0,0,0
관악구 은천동,2825,690,2135
관악구 인헌동,794,281,513
관악구 조원동,4976,4578,398
관악구 중앙동,444,741,-297
관악구 청룡동,1509,2542,-1033
관악구 청림동,263,96,167
관악구 행운동,2518,2271,247
광진구 광장동,337,143,194
광진구 구의제1동,919,640,279
광진구 구의제2동,2145,1129,1016
광진구 구의제3동,13,111,-98
광진구 군자동,1325,702,623
광진구 능동,1826,972,854
광진구 자양제1동,63,434,-371
광진구 자양제2동,3256,486,2770
광진구 자양제3동,474,96,378
광진구 자양제4동,2056,1248,808
광진구 중곡제1동,2005,903,1102
광진구 중곡제2동,2157,1313,844
광진구 중곡제3동,1661,463,1198
광진구 중곡제4동,401,120,281
광진구 화양동,975,1003,-28
구로구 가리봉동,4239,5284,-1045
구로구 개봉제1동,3946,1483,2463
구로구 개봉제2동,2888,1428,1460
구로구 개봉제3동,867,430,437
구로구 고척제1동,2783,1423,1360
구로구 고척제2동,3259,283,2976
구로구 구로제1동,752,1190,-438
구로구 구로제2동,4191,4320,-129
구로구 구로제3동,2662,4079,-1417
구로구 구로제4동,7145,2458,4687
구로구 구로제5동,2905,3037,-132
구로구 수궁동,2497,791,1706
구로구 신도림동,2203,4976,-2773
구로구 오류제1동,2500,993,1507
구로구 오류제2동,1060,93,967
구로구 항동,424,15,409
금천구 가산동,3795,3757,38
금천구 독산제1동,4021,1819,2202
금천구 독산제2동,7500,1995,5505
금천구 독산제3동,6725,4245,2480
금천구 독산제4동,5001,2078,2923
금천구 미성동,0,0,0
금천구 시흥제1동,2544,1443,1101
금천구 시흥제2동,629,263,366
금천구 시흥제3동,1722,904,818
금천구 시흥제4동,4252,339,3913
금천구 시흥제5동,6697,1015,5682
노원구 공릉1동,3213,1778,1435
노원구 공릉2동,1310,587,723
노원구 상계10동,1525,732,793
노원구 상계1동,1456,299,1157
노원구 상계2동,1233,279,954
노원구 상계3.4동,1249,55,1194
노원구 상계5동,1068,12,1056
노원구 상계6.7동,2095,1124,971
노원구 상계8동,1211,225,986
노원구 상계9동,171,109,62
노원구 월계1동,3493,991,2502
노원구 월계2동,336,56,280
노원구 월계3동,1298,376,922
노원구 중계1동,776,217,559
노원구 중계2.3동,2338,1207,1131
노원구 중계4동,306,33,273
노원구 중계본동,474,26,448
노원구 하계1동,2295,926,1369
노원구 하계2동,1273,468,805
도봉구 도봉제1동,6884,981,5903
도봉구 도봉제2동,1183,1040,143
도봉구 방학제1동,3223,1277,1946
도봉구 방학제2동,340,162,178
도봉구 방학제3동,1956,196,1760
도봉구 쌍문제1동,406,23,383
도봉구 쌍문제2동,5850,1678,4172
도봉구 쌍문제3동,2101,494,1607
도봉구 쌍문제4동,1394,82,1312
도봉구 창제1동,3986,801,3185
도봉구 창제2동,1073,349,724
도봉구 창제3동,1571,237,1334
도봉구 창제4동,475,102,373
도봉구 창제5동,338,439,-101
동대문구 답십리제1동,1504,536,968
동대문구 답십리제2동,3191,973,2218
동대문구 면목제5동,108,0,108
동대문구 용신동,3013,6071,-3058
동대문구 이문제1동,1736,973,763
동대문구 이문제2동,698,402,296
동대문구 장안제1동,1569,1080,489
동대문구 장안제2동,1265,529,736
동대문구 전농제1동,1578,2218,-640
동대문구 전농제2동,1142,394,748
동대문구 제기동,5779,5771,8
동대문구 청량리동,4671,4500,171
동대문구 회기동,658,1041,-383
동대문구 휘경제1동,3064,2200,864
동대문구 휘경제2동,525,965,-440
동작구 노량진제1동,2692,3401,-709
동작구 노량진제2동,1658,1073,585
동작구 대방동,1009,896,113
동작구 사당제1동,351,129,222
동작구 사당제2동,13,372,-359
동작구 사당제3동,0,0,0
동작구 사당제4동,0,0,0
동작구 사당제5동,0,0,0
동작구 상도제1동,1870,597,1273
동작구 상도제2동,1678,762,916
동작구 상도제3동,1517,224,1293
동작구 상도제4동,797,49,748
동작구 신대방제1동,1262,697,565
동작구 신대방제2동,1782,782,1000
동작구 흑석동,569,426,143
마포구 공덕동,800,372,428
마포구 대흥동,1178,775,403
마포구 도화동,212,161,51
마포구 망원제1동,314,9,305
마포구 망원제2동,754,152,602
마포구 상암동,1847,827,1020
마포구 서강동,120,225,-105
마포구 서교동,3120,3351,-231
마포구 성산제1동,1147,485,662
마포구 성산제2동,1725,373,1352
마포구 신수동,0,0,0
마포구 아현동,2067,1478,589
마포구 연남동,1641,1724,-83
마포구 염리동,133,489,-356
마포구 용강동,539,621,-82
마포구 합정동,942,578,364
서대문구 남가좌제1동,3276,1394,1882
서대문구 남가좌제2동,1498,207,1291
서대문구 북가좌제1동,1392,1461,-69
서대문구 북가좌제2동,4014,547,3467
서대문구 북아현동,493,159,334
서대문구 신촌동,1225,3702,-2477
서대문구 연희동,3675,2735,940
서대문구 천연동,3945,5619,-1674
서대문구 충현동,1353,5013,-3660
서대문구 홍은제1동,1338,833,505
서대문구 홍은제2동,1776,444,1332
서대문구 홍제제1동,2961,725,2236
서대문구 홍제제2동,739,302,437
서대문구 홍제제3동,898,191,707
서초구 내곡동,610,544,66
서초구 반포1동,593,1077,-484
서초구 반포2동,68,102,-34
서초구 반포3동,248,280,-32
서초구 반포4동,656,925,-269
서초구 반포본동,770,998,-228
서초구 방배1동,485,296,189
서초구 방배2동,4301,2425,1876
서초구 방배3동,311,648,-337
서초구 방배4동,1307,559,748
서초구 방배본동,454,579,-125
서초구 서초1동,404,497,-93
서초구 서초2동,548,1136,-588
서초구 서초3동,575,981,-406
서초구 서초4동,474,567,-93
서초구 양재1동,764,983,-219
서초구 양재2동,1417,513,904
서초구 잠원동,835,1583,-748
성동구 금호1가동,108,9,99
성동구 금호2.3가동,820,69,751
성동구 금호4가동,729,350,379
성동구 마장동,1472,1967,-495
성동구 사근동,426,690,-264
성동구 성수1가제1동,995,1294,-299
성동구 성수1가제2동,934,894,40
성동구 성수2가제1동,1198,230,968
성동구 성수2가제3동,225,490,-265
성동구 송정동,571,212,359
성동구 옥수동,201,108,93
성동구 왕십리도선동,790,974,-184
성동구 왕십리제2동,1106,747,359
성동구 용답동,314,382,-68
성동구 응봉동,111,163,-52
성동구 행당제1동,494,1218,-724
성동구 행당제2동,2213,1300,913
성북구 길음제1동,4845,4719,126
성북구 길음제2동,1745,2645,-900
성북구 돈암제1동,5097,3146,1951
성북구 돈암제2동,595,72,523
성북구 동선동,2248,2710,-462
성북구 보문동,1413,962,451
성북구 삼선동,1700,1479,221
성북구 석관동,3403,1032,2371
성북구 성북동,4364,2990,1374
성북구 안암동,686,1922,-1236
성북구 월곡제1동,1253,1661,-408
성북구 월곡제2동,1463,393,1070
성북구 장위제1동,2433,209,2224
성북구 장위제2동,2315,502,1813
성북구 장위제3동,2210,1145,1065
성북구 정릉제1동,1769,555,1214
성북구 정릉제2동,2084,417,1667
성북구 정릉제3동,593,846,-253
성북구 정릉제4동,3812,88,3724
성북구 종암동,5481,4196,1285
송파구 가락1동,43,155,-112
송파구 가락2동,1372,911,461
송파구 가락본동,2865,2788,77
송파구 거여1동,750,39,711
송파구 거여2동,875,12,863
송파구 마천1동,1916,25,1891
송파구 마천2동,2031,146,1885
송파구 문정1동,523,63,460
송파구 문정2동,2687,2158,529
송파구 방이1동,264,125,139
송파구 방이2동,742,542,200
송파구 삼전동,751,245,506
송파구 석촌동,1056,960,96
송파구 송파1동,1561,613,948
송파구 송파2동,749,347,402
송파구 오금동,1313,335,978
송파구 오륜동,139,206,-67
송파구 위례동,2516,1082,1434
송파구 잠실2동,684,518,166
송파구 잠실3동,3758,2780,978
송파구 잠실4동,63,184,-121
송파구 잠실6동,429,1664,-1235
송파구 잠실7동,580,828,-248
송파구 잠실본동,512,745,-233
송파구 장지동,2182,347,1835
송파구 풍납1동,1114,239,875
송파구 풍납2동,463,442,21
양천구 목1동,2181,1943,238
양천구 목2동,1475,570,905
양천구 목3동,1944,1361,583
양천구 목4동,2261,532,1729
양천구 목5동,175,809,-634
양천구 신월1동,1870,310,1560
양천구 신월2동,2016,325,1691
양천구 신월3동,1920,484,1436
양천구 신월4동,1358,209,1149
양천구 신월5동,1389,583,806
양천구 신월6동,1928,410,1518
양천구 신월7동,3241,564,2677
양천구 신정1동,707,196,511
양천구 신정2동,203,40,163
양천구 신정3동,4030,1549,2481
양천구 신정4동,3048,2070,978
양천구 신정6동,192,218,-26
양천구 신정7동,333,197,136
영등포구 당산제1동,1100,1745,-645
영등포구 당산제2동,705,958,-253
영등포구 대림제1동,2272,2312,-40
영등포구 대림제2동,1213,1532,-319
영등포구 대림제3동,523,43,480
영등포구 도림동,380,247,133
영등포구 문래동,1811,3007,-1196
영등포구 신길제1동,1438,1681,-243
영등포구 신길제3동,2514,1358,1156
영등포구 신길제4동,1191,791,400
영등포구 신길제5동,2025,808,1217
영등포구 신길제6동,480,381,99
영등포구 신길제7동,47,18,29
영등포구 양평제1동,544,711,-167
영등포구 양평제2동,641,1162,-521
영등포구 여의동,2033,6652,-4619
영등포구 영등포동,2301,5033,-2732
영등포구 영등포본동,2546,2957,-411
용산구 남영동,1781,2234,-453
용산구 보광동,565,111,454
용산구 서빙고동,362,240,122
용산구 용문동,0,0,0
용산구 용산2가동,670,226,444
용산구 원효로제1동,317,259,58
용산구 원효로제2동,112,95,17
용산구 이촌제1동,35,247,-212
용산구 이촌제2동,0,0,0
용산구 이태원제1동,960,705,255
용산구 이태원제2동,217,125,92
용산구 청파동,381,145,236
용산구 필동,0,0,0
용산구 한강로동,885,2702,-1817
용산구 한남동,1547,1844,-297
용산구 효창동,353,106,247
용산구 후암동,0,0,0
은평구 갈현제1동,2476,276,2200
은평구 갈현제2동,1929,234,1695
은평구 구산동,3990,347,3643
은평구 녹번동,2487,973,1514
은평구 대조동,5179,1390,3789
은평구 불광제1동,1585,824,761
은평구 불광제2동,5083,884,4199
은평구 수색동,1375,369,1006
은평구 신사제1동,3290,510,2780
은평구 신사제2동,1485,245,1240
은평구 역촌동,5140,355,4785
은평구 응암제1동,4028,1295,2733
은평구 응암제2동,545,46,499
은평구 응암제3동,2811,581,2230
은평구 증산동,1648,761,887
은평구 진관동,3885,952,2933
종로구 가회동,0,0,0
종로구 교남동,70,30,40
종로구 무악동,28,35,-7
종로구 부암동,667,266,401
종로구 사직동,2803,6079,-3276
종로구 삼청동,77,807,-730
종로구 숭인제1동,0,0,0
종로구 숭인제2동,3182,3271,-89
종로구 이화동,469,326,143
종로구 종로1.2.3.4가동,7038,18496,-11458
종로구 종로5.6가동,1392,1511,-119
종로구 창신제1동,2880,1174,1706
종로구 창신제2동,2754,1179,1575
종로구 창신제3동,83,53,30
종로구 청운효자동,254,403,-149
종로구 충현동,388,310,78
종로구 평창동,667,368,299
종로구 혜화동,2014,3664,-1650
중구 광희동,4135,2679,1456
중구 다산동,849,330,519
중구 동화동,0,0,0
중구 명동,857,4599,-3742
중구 소공동,1918,6047,-4129
중구 신당동,1327,648,679
중구 신당제5동,243,203,40
중구 약수동,336,62,274
중구 을지로동,400,2246,-1846
중구 장충동,48,173,-125
중구 중림동,128,322,-194
중구 청구동,0,0,0
중구 필동,496,1111,-615
중구 황학동,630,312,318
중구 회현동,3201,5351,-2150
중랑구 망우본동,4466,2018,2448
중랑구 망우제3동,1659,197,1462
중랑구 면목본동,4488,947,3541
중랑구 면목제2동,2016,668,1348
중랑구 면목제3.8동,3164,749,2415
중랑구 면목제4동,2254,1050,1204
중랑구 면목제5동,1445,572,873
중랑구 면목제7동,2019,525,1494
중랑구 묵제1동,1679,640,1039
중랑구 묵제2동,2369,870,1499
중랑구 상봉제1동,2519,1406,1113
중랑구 상봉제2동,1703,1359,344
중랑구 신내1동,4095,504,3591
중랑구 신내2동,1860,492,1368
중랑구 중화제1동,859,369,490
중랑구 중화제2동,5899,2526,3373
NA,98287,21863,76424
