dong,insum,outsum,diff
강남구 개포1동,28,13,15
강남구 개포2동,1542,507,1035
강남구 개포4동,256,35,221
강남구 논현1동,3808,2149,1659
강남구 논현2동,1524,1103,421
강남구 대치1동,330,457,-127
강남구 대치2동,1117,1488,-371
강남구 대치4동,1830,1245,585
강남구 도곡1동,531,841,-310
강남구 도곡2동,271,129,142
강남구 삼성1동,862,2004,-1142
강남구 삼성2동,1148,1047,101
강남구 세곡동,1999,636,1363
강남구 수서동,1326,896,430
강남구 신사동,1277,1992,-715
강남구 압구정동,1873,2685,-812
강남구 역삼1동,6292,4137,2155
강남구 역삼2동,1094,764,330
강남구 일원1동,524,74,450
강남구 일원2동,21,75,-54
강남구 일원본동,406,381,25
강남구 청담동,1583,1832,-249
강동구 강일동,2827,503,2324
강동구 고덕제1동,319,56,263
강동구 고덕제2동,1126,260,866
강동구 길동,2090,803,1287
강동구 둔촌제1동,0,0,0
강동구 둔촌제2동,457,398,59
강동구 명일제1동,920,422,498
강동구 명일제2동,755,498,257
강동구 상일동,1261,621,640
강동구 성내제1동,150,95,55
강동구 성내제2동,575,726,-151
강동구 성내제3동,1569,661,908
강동구 암사제1동,389,35,354
강동구 암사제2동,528,154,374
강동구 암사제3동,246,7,239
강동구 천호제1동,605,152,453
강동구 천호제2동,588,306,282
강동구 천호제3동,1625,506,1119
강북구 미아동,3917,1535,2382
강북구 번1동,3320,2697,623
강북구 번2동,922,189,733
강북구 번3동,2757,583,2174
강북구 삼각산동,1657,81,1576
강북구 삼양동,4639,705,3934
강북구 송중동,1817,1900,-83
강북구 송천동,11019,3894,7125
강북구 수유1동,8396,2406,5990
강북구 수유2동,3511,419,3092
강북구 수유3동,10136,5928,4208
강북구 우이동,5662,539,5123
강북구 월곡제1동,1049,248,801
강북구 인수동,4171,456,3715
강서구 가양제1동,804,449,355
강서구 가양제2동,440,151,289
강서구 가양제3동,522,200,322
강서구 공항동,2006,1984,22
강서구 등촌제1동,860,1209,-349
강서구 등촌제2동,1341,883,458
강서구 등촌제3동,1128,962,166
강서구 발산제1동,3417,1669,1748
강서구 방화제1동,2562,551,2011
강서구 방화제2동,3293,1230,2063
강서구 방화제3동,1189,0,1189
강서구 염창동,234,145,89
강서구 우장산동,1513,1030,483
강서구 화곡본동,2288,448,1840
강서구 화곡제1동,6560,2249,4311
강서구 화곡제2동,1524,310,1214
강서구 화곡제3동,701,639,62
강서구 화곡제4동,973,530,443
강서구 화곡제6동,4875,2466,2409
강서구 화곡제8동,2432,565,1867
관악구 낙성대동,3612,2770,842
관악구 난곡동,5971,249,5722
관악구 난향동,2168,628,1540
관악구 남현동,2370,1693,677
관악구 대학동,2668,1088,1580
관악구 미성동,3216,2476,740
관악구 보라매동,1456,681,775
관악구 삼성동,2768,685,2083
관악구 서림동,352,138,214
관악구 서원동,1331,568,763
관악구 성현동,1431,298,1133
관악구 신림동,4473,2756,1717
관악구 신사동,2760,1335,1425
관악구 신원동,0,0,0
관악구 은천동,2608,716,1892
관악구 인헌동,902,387,515
관악구 조원동,4410,4259,151
관악구 중앙동,495,755,-260
관악구 청룡동,1577,2533,-956
관악구 청림동,273,66,207
관악구 행운동,2422,2401,21
광진구 광장동,506,245,261
광진구 구의제1동,863,504,359
광진구 구의제2동,2198,1244,954
광진구 구의제3동,0,0,0
광진구 군자동,1466,891,575
광진구 능동,1990,1347,643
광진구 자양제1동,107,317,-210
광진구 자양제2동,2945,569,2376
광진구 자양제3동,487,62,425
광진구 자양제4동,2613,1811,802
광진구 중곡제1동,1811,970,841
광진구 중곡제2동,2121,1421,700
광진구 중곡제3동,1602,596,1006
광진구 중곡제4동,432,227,205
광진구 화양동,1528,1273,255
구로구 가리봉동,3511,4432,-921
구로구 개봉제1동,3631,1527,2104
구로구 개봉제2동,2765,1464,1301
구로구 개봉제3동,800,360,440
구로구 고척제1동,2835,1566,1269
구로구 고척제2동,3357,446,2911
구로구 구로제1동,665,847,-182
구로구 구로제2동,3317,3796,-479
구로구 구로제3동,2832,3403,-571
구로구 구로제4동,5660,1985,3675
구로구 구로제5동,2691,2121,570
구로구 수궁동,3387,1108,2279
구로구 신도림동,2233,5030,-2797
구로구 오류제1동,2625,1323,1302
구로구 오류제2동,1067,70,997
구로구 항동,21,15,6
금천구 가산동,3449,3212,237
금천구 독산제1동,3476,1694,1782
금천구 독산제2동,6266,1824,4442
금천구 독산제3동,6135,4007,2128
금천구 독산제4동,4382,1695,2687
금천구 미성동,0,0,0
금천구 시흥제1동,2455,1432,1023
금천구 시흥제2동,590,115,475
금천구 시흥제3동,1678,905,773
금천구 시흥제4동,3534,532,3002
금천구 시흥제5동,6019,1183,4836
노원구 공릉1동,3327,2034,1293
노원구 공릉2동,1298,764,534
노원구 상계10동,1852,1013,839
노원구 상계1동,1724,394,1330
노원구 상계2동,1887,332,1555
노원구 상계3.4동,1406,92,1314
노원구 상계5동,1024,42,982
노원구 상계6.7동,2628,1514,1114
노원구 상계8동,1355,322,1033
노원구 상계9동,108,116,-8
노원구 월계1동,3819,1260,2559
노원구 월계2동,412,17,395
노원구 월계3동,1425,343,1082
노원구 중계1동,654,289,365
노원구 중계2.3동,2435,1356,1079
노원구 중계4동,424,57,367
노원구 중계본동,497,45,452
노원구 하계1동,2535,1147,1388
노원구 하계2동,1573,577,996
도봉구 도봉제1동,6951,1345,5606
도봉구 도봉제2동,1410,1211,199
도봉구 방학제1동,3385,1593,1792
도봉구 방학제2동,253,181,72
도봉구 방학제3동,2155,211,1944
도봉구 쌍문제1동,389,14,375
도봉구 쌍문제2동,5602,1595,4007
도봉구 쌍문제3동,2192,465,1727
도봉구 쌍문제4동,1353,116,1237
도봉구 창제1동,3783,989,2794
도봉구 창제2동,986,406,580
도봉구 창제3동,1437,287,1150
도봉구 창제4동,445,218,227
도봉구 창제5동,344,564,-220
동대문구 답십리제1동,1427,577,850
동대문구 답십리제2동,3591,1153,2438
동대문구 면목제5동,86,0,86
동대문구 용신동,2829,6034,-3205
동대문구 이문제1동,1902,1295,607
동대문구 이문제2동,812,408,404
동대문구 장안제1동,1794,1274,520
동대문구 장안제2동,1543,470,1073
동대문구 전농제1동,1791,2284,-493
동대문구 전농제2동,1178,466,712
동대문구 제기동,5467,5147,320
동대문구 청량리동,4875,4232,643
동대문구 회기동,674,1056,-382
동대문구 휘경제1동,3236,2254,982
동대문구 휘경제2동,585,1189,-604
동작구 노량진제1동,2675,2990,-315
동작구 노량진제2동,1683,1228,455
동작구 대방동,1365,900,465
동작구 사당제1동,362,224,138
동작구 사당제2동,15,258,-243
동작구 사당제3동,6,0,6
동작구 사당제4동,0,0,0
동작구 사당제5동,0,0,0
동작구 상도제1동,1811,740,1071
동작구 상도제2동,1641,903,738
동작구 상도제3동,1630,279,1351
동작구 상도제4동,649,93,556
동작구 신대방제1동,979,608,371
동작구 신대방제2동,1749,834,915
동작구 흑석동,522,369,153
마포구 공덕동,917,490,427
마포구 대흥동,1334,1105,229
마포구 도화동,297,241,56
마포구 망원제1동,320,24,296
마포구 망원제2동,754,226,528
마포구 상암동,1836,1049,787
마포구 서강동,231,248,-17
마포구 서교동,5606,3950,1656
마포구 성산제1동,1190,617,573
마포구 성산제2동,1770,376,1394
마포구 신수동,0,0,0
마포구 아현동,1898,1580,318
마포구 연남동,2314,2115,199
마포구 염리동,122,515,-393
마포구 용강동,511,641,-130
마포구 합정동,1119,646,473
서대문구 남가좌제1동,3347,1648,1699
서대문구 남가좌제2동,1480,192,1288
서대문구 북가좌제1동,1445,1325,120
서대문구 북가좌제2동,3960,616,3344
서대문구 북아현동,510,254,256
서대문구 신촌동,1952,4164,-2212
서대문구 연희동,4077,2938,1139
서대문구 천연동,3936,5608,-1672
서대문구 충현동,1338,4927,-3589
서대문구 홍은제1동,1394,1179,215
서대문구 홍은제2동,1926,594,1332
서대문구 홍제제1동,3046,944,2102
서대문구 홍제제2동,913,402,511
서대문구 홍제제3동,1034,263,771
서초구 내곡동,776,761,15
서초구 반포1동,673,1033,-360
서초구 반포2동,81,189,-108
서초구 반포3동,450,502,-52
서초구 반포4동,748,973,-225
서초구 반포본동,817,994,-177
서초구 방배1동,552,211,341
서초구 방배2동,3987,1990,1997
서초구 방배3동,390,852,-462
서초구 방배4동,1439,593,846
서초구 방배본동,563,643,-80
서초구 서초1동,553,562,-9
서초구 서초2동,605,1131,-526
서초구 서초3동,954,1273,-319
서초구 서초4동,988,610,378
서초구 양재1동,853,978,-125
서초구 양재2동,1426,481,945
서초구 잠원동,975,1631,-656
성동구 금호1가동,120,7,113
성동구 금호2.3가동,736,107,629
성동구 금호4가동,823,427,396
성동구 마장동,1586,1647,-61
성동구 사근동,467,579,-112
성동구 성수1가제1동,977,1228,-251
성동구 성수1가제2동,1046,1131,-85
성동구 성수2가제1동,1263,261,1002
성동구 성수2가제3동,307,491,-184
성동구 송정동,525,173,352
성동구 옥수동,167,122,45
성동구 왕십리도선동,794,906,-112
성동구 왕십리제2동,1061,872,189
성동구 용답동,298,340,-42
성동구 응봉동,260,172,88
성동구 행당제1동,524,1164,-640
성동구 행당제2동,2399,1349,1050
성북구 길음제1동,5200,4888,312
성북구 길음제2동,1739,2636,-897
성북구 돈암제1동,4682,3111,1571
성북구 돈암제2동,597,123,474
성북구 동선동,2623,2805,-182
성북구 보문동,1192,856,336
성북구 삼선동,1855,1476,379
성북구 석관동,3551,1261,2290
성북구 성북동,4267,3114,1153
성북구 안암동,822,2022,-1200
성북구 월곡제1동,1272,1519,-247
성북구 월곡제2동,1526,462,1064
성북구 장위제1동,2272,353,1919
성북구 장위제2동,2350,578,1772
성북구 장위제3동,2385,1178,1207
성북구 정릉제1동,1964,616,1348
성북구 정릉제2동,2168,476,1692
성북구 정릉제3동,528,916,-388
성북구 정릉제4동,4015,176,3839
성북구 종암동,5001,3994,1007
송파구 가락1동,44,197,-153
송파구 가락2동,1406,871,535
송파구 가락본동,3140,2690,450
송파구 거여1동,848,114,734
송파구 거여2동,744,11,733
송파구 마천1동,1958,61,1897
송파구 마천2동,1588,68,1520
송파구 문정1동,460,99,361
송파구 문정2동,2740,2454,286
송파구 방이1동,284,140,144
송파구 방이2동,678,558,120
송파구 삼전동,776,295,481
송파구 석촌동,1209,1302,-93
송파구 송파1동,1720,578,1142
송파구 송파2동,757,445,312
송파구 오금동,1399,374,1025
송파구 오륜동,347,221,126
송파구 위례동,2743,1043,1700
송파구 잠실2동,825,613,212
송파구 잠실3동,3811,2767,1044
송파구 잠실4동,155,148,7
송파구 잠실6동,518,1756,-1238
송파구 잠실7동,652,908,-256
송파구 잠실본동,723,1006,-283
송파구 장지동,2561,453,2108
송파구 풍납1동,1196,244,952
송파구 풍납2동,989,463,526
양천구 목1동,2286,2282,4
양천구 목2동,1748,839,909
양천구 목3동,2233,1731,502
양천구 목4동,2131,691,1440
양천구 목5동,164,693,-529
양천구 신월1동,1824,292,1532
양천구 신월2동,1853,576,1277
양천구 신월3동,1807,629,1178
양천구 신월4동,1479,339,1140
양천구 신월5동,1553,559,994
양천구 신월6동,1655,403,1252
양천구 신월7동,3251,720,2531
양천구 신정1동,662,244,418
양천구 신정2동,250,14,236
양천구 신정3동,4099,1728,2371
양천구 신정4동,3588,2269,1319
양천구 신정6동,259,240,19
양천구 신정7동,317,217,100
영등포구 당산제1동,1192,1910,-718
영등포구 당산제2동,730,1226,-496
영등포구 대림제1동,2059,1709,350
영등포구 대림제2동,1562,1335,227
영등포구 대림제3동,200,40,160
영등포구 도림동,571,292,279
영등포구 문래동,1891,2724,-833
영등포구 신길제1동,1873,1832,41
영등포구 신길제3동,2308,1502,806
영등포구 신길제4동,1006,703,303
영등포구 신길제5동,1921,733,1188
영등포구 신길제6동,377,228,149
영등포구 신길제7동,164,242,-78
영등포구 양평제1동,651,741,-90
영등포구 양평제2동,708,1105,-397
영등포구 여의동,1639,6138,-4499
영등포구 영등포동,3296,5962,-2666
영등포구 영등포본동,2513,2665,-152
용산구 남영동,1893,2675,-782
용산구 보광동,585,250,335
용산구 서빙고동,408,299,109
용산구 용문동,0,0,0
용산구 용산2가동,630,397,233
용산구 원효로제1동,412,367,45
용산구 원효로제2동,165,87,78
용산구 이촌제1동,30,168,-138
용산구 이촌제2동,0,0,0
용산구 이태원제1동,2593,1157,1436
용산구 이태원제2동,103,137,-34
용산구 청파동,528,239,289
용산구 필동,0,0,0
용산구 한강로동,1174,2861,-1687
용산구 한남동,2223,2509,-286
용산구 효창동,355,116,239
용산구 후암동,0,0,0
은평구 갈현제1동,2536,351,2185
은평구 갈현제2동,2368,252,2116
은평구 구산동,4304,265,4039
은평구 녹번동,2693,1198,1495
은평구 대조동,5665,1545,4120
은평구 불광제1동,1646,1116,530
은평구 불광제2동,5856,1063,4793
은평구 수색동,1256,337,919
은평구 신사제1동,3562,682,2880
은평구 신사제2동,1819,493,1326
은평구 역촌동,5214,497,4717
은평구 응암제1동,3637,1550,2087
은평구 응암제2동,590,78,512
은평구 응암제3동,3010,811,2199
은평구 증산동,1772,669,1103
은평구 진관동,4318,1270,3048
종로구 가회동,0,0,0
종로구 교남동,56,72,-16
종로구 무악동,41,46,-5
종로구 부암동,767,335,432
종로구 사직동,2953,5867,-2914
종로구 삼청동,148,793,-645
종로구 숭인제1동,0,0,0
종로구 숭인제2동,2982,3340,-358
종로구 이화동,502,399,103
종로구 종로1.2.3.4가동,8049,18560,-10511
종로구 종로5.6가동,1516,1654,-138
종로구 창신제1동,2345,1245,1100
종로구 창신제2동,2874,1263,1611
종로구 창신제3동,112,37,75
종로구 청운효자동,310,511,-201
종로구 충현동,289,262,27
종로구 평창동,827,457,370
종로구 혜화동,2497,3803,-1306
중구 광희동,4822,2755,2067
중구 다산동,848,501,347
중구 동화동,0,0,0
중구 명동,1278,5054,-3776
중구 소공동,2520,5862,-3342
중구 신당동,1082,565,517
중구 신당제5동,318,234,84
중구 약수동,318,98,220
중구 을지로동,578,2248,-1670
중구 장충동,114,212,-98
중구 중림동,221,408,-187
중구 청구동,0,0,0
중구 필동,501,1065,-564
중구 황학동,639,247,392
중구 회현동,3870,6336,-2466
중랑구 망우본동,4197,2148,2049
중랑구 망우제3동,1432,232,1200
중랑구 면목본동,4059,951,3108
중랑구 면목제2동,1959,748,1211
중랑구 면목제3.8동,2968,872,2096
중랑구 면목제4동,2213,884,1329
중랑구 면목제5동,1478,586,892
중랑구 면목제7동,1760,598,1162
중랑구 묵제1동,1659,826,833
중랑구 묵제2동,2426,805,1621
중랑구 상봉제1동,2860,1491,1369
중랑구 상봉제2동,1690,1534,156
중랑구 신내1동,4298,769,3529
중랑구 신내2동,1941,697,1244
중랑구 중화제1동,976,489,487
중랑구 중화제2동,5474,2479,2995
NA,89734,22483,67251
