dong,insum,outsum,diff
강남구 개포1동,918,752,166
강남구 개포2동,13126,9932,3194
강남구 개포4동,7665,5348,2317
강남구 논현1동,21452,21928,-476
강남구 논현2동,12703,16572,-3869
강남구 대치1동,11657,14552,-2895
강남구 대치2동,17679,22623,-4944
강남구 대치4동,16040,17703,-1663
강남구 도곡1동,14331,13861,470
강남구 도곡2동,5183,4975,208
강남구 삼성1동,20991,21441,-450
강남구 삼성2동,12101,12006,95
강남구 세곡동,19970,11839,8131
강남구 수서동,11374,14494,-3120
강남구 신사동,11569,15305,-3736
강남구 압구정동,20996,26429,-5433
강남구 역삼1동,44154,42807,1347
강남구 역삼2동,16266,14932,1334
강남구 일원1동,6730,5687,1043
강남구 일원2동,2712,2039,673
강남구 일원본동,9958,6322,3636
강남구 청담동,19407,21747,-2340
강동구 강일동,12080,7064,5016
강동구 고덕제1동,4773,3903,870
강동구 고덕제2동,6935,8735,-1800
강동구 길동,10013,7629,2384
강동구 둔촌제1동,139,243,-104
강동구 둔촌제2동,6376,5936,440
강동구 명일제1동,9442,10598,-1156
강동구 명일제2동,7609,6709,900
강동구 상일동,10467,8279,2188
강동구 성내제1동,5709,4049,1660
강동구 성내제2동,5394,6925,-1531
강동구 성내제3동,8058,8170,-112
강동구 암사제1동,7976,4617,3359
강동구 암사제2동,2020,4082,-2062
강동구 암사제3동,1672,653,1019
강동구 천호제1동,3691,3946,-255
강동구 천호제2동,11461,15022,-3561
강동구 천호제3동,5890,7138,-1248
강북구 미아동,12817,12446,371
강북구 번1동,21912,23446,-1534
강북구 번2동,7863,6513,1350
강북구 번3동,15760,9326,6434
강북구 삼각산동,4620,3771,849
강북구 삼양동,12595,8853,3742
강북구 송중동,34480,33500,980
강북구 송천동,22899,22418,481
강북구 수유1동,15707,12529,3178
강북구 수유2동,10828,7320,3508
강북구 수유3동,23056,32622,-9566
강북구 우이동,12356,9443,2913
강북구 월곡제1동,1647,2024,-377
강북구 인수동,12127,8567,3560
강서구 가양제1동,10118,8706,1412
강서구 가양제2동,2832,1891,941
강서구 가양제3동,2544,1986,558
강서구 공항동,9144,8109,1035
강서구 등촌제1동,11989,14130,-2141
강서구 등촌제2동,6774,4437,2337
강서구 등촌제3동,13380,17229,-3849
강서구 발산제1동,18777,16212,2565
강서구 방화제1동,8373,8769,-396
강서구 방화제2동,6105,6936,-831
강서구 방화제3동,1881,1329,552
강서구 염창동,7921,5725,2196
강서구 우장산동,12234,12343,-109
강서구 화곡본동,8064,5412,2652
강서구 화곡제1동,21676,23381,-1705
강서구 화곡제2동,6780,4122,2658
강서구 화곡제3동,6516,7701,-1185
강서구 화곡제4동,6613,5003,1610
강서구 화곡제6동,16406,11676,4730
강서구 화곡제8동,9023,9559,-536
관악구 낙성대동,18263,28602,-10339
관악구 난곡동,14969,7454,7515
관악구 난향동,7784,4029,3755
관악구 남현동,8933,8736,197
관악구 대학동,22782,26259,-3477
관악구 미성동,18453,15067,3386
관악구 보라매동,13018,11494,1524
관악구 삼성동,15372,13868,1504
관악구 서림동,17997,7635,10362
관악구 서원동,23321,33808,-10487
관악구 성현동,12184,7858,4326
관악구 신림동,23696,31408,-7712
관악구 신사동,8796,7705,1091
관악구 신원동,3979,3719,260
관악구 은천동,15017,14127,890
관악구 인헌동,7402,6104,1298
관악구 조원동,15211,27107,-11896
관악구 중앙동,4730,3802,928
관악구 청룡동,18385,14948,3437
관악구 청림동,4613,2668,1945
관악구 행운동,22422,21056,1366
광진구 광장동,4649,3939,710
광진구 구의제1동,8565,7648,917
광진구 구의제2동,8945,8681,264
광진구 구의제3동,5548,8280,-2732
광진구 군자동,9749,8892,857
광진구 능동,6189,6832,-643
광진구 자양제1동,3119,2330,789
광진구 자양제2동,13368,10090,3278
광진구 자양제3동,3974,3340,634
광진구 자양제4동,11132,11675,-543
광진구 중곡제1동,5368,4096,1272
광진구 중곡제2동,7655,6776,879
광진구 중곡제3동,6835,3969,2866
광진구 중곡제4동,4926,4003,923
광진구 화양동,8096,10450,-2354
구로구 가리봉동,6592,8360,-1768
구로구 개봉제1동,21333,20428,905
구로구 개봉제2동,13122,12973,149
구로구 개봉제3동,6329,4134,2195
구로구 고척제1동,14766,11992,2774
구로구 고척제2동,14437,9402,5035
구로구 구로제1동,7643,5732,1911
구로구 구로제2동,22847,21676,1171
구로구 구로제3동,21680,27682,-6002
구로구 구로제4동,14692,13492,1200
구로구 구로제5동,15362,18532,-3170
구로구 수궁동,15263,14110,1153
구로구 신도림동,16233,22407,-6174
구로구 오류제1동,9760,8048,1712
구로구 오류제2동,8643,7855,788
구로구 항동,3350,1446,1904
금천구 가산동,22567,26508,-3941
금천구 독산제1동,21618,23639,-2021
금천구 독산제2동,13054,8521,4533
금천구 독산제3동,15685,12309,3376
금천구 독산제4동,9788,6045,3743
금천구 미성동,127,101,26
금천구 시흥제1동,20801,25024,-4223
금천구 시흥제2동,9539,6659,2880
금천구 시흥제3동,6545,5839,706
금천구 시흥제4동,8405,3283,5122
금천구 시흥제5동,14953,8433,6520
노원구 공릉1동,12284,12114,170
노원구 공릉2동,14234,13456,778
노원구 상계10동,5510,5052,458
노원구 상계1동,10615,9278,1337
노원구 상계2동,8870,16333,-7463
노원구 상계3.4동,3188,2456,732
노원구 상계5동,7897,7324,573
노원구 상계6.7동,17102,17465,-363
노원구 상계8동,5307,3143,2164
노원구 상계9동,5148,3832,1316
노원구 월계1동,21373,20526,847
노원구 월계2동,10126,6798,3328
노원구 월계3동,8576,8157,419
노원구 중계1동,7443,6720,723
노원구 중계2.3동,9757,11641,-1884
노원구 중계4동,5550,6399,-849
노원구 중계본동,8786,6690,2096
노원구 하계1동,13519,10776,2743
노원구 하계2동,7948,7955,-7
도봉구 도봉제1동,11495,8577,2918
도봉구 도봉제2동,8256,10451,-2195
도봉구 방학제1동,12883,12152,731
도봉구 방학제2동,6194,4616,1578
도봉구 방학제3동,11163,5210,5953
도봉구 쌍문제1동,9616,7030,2586
도봉구 쌍문제2동,12130,10542,1588
도봉구 쌍문제3동,8656,12356,-3700
도봉구 쌍문제4동,8452,4483,3969
도봉구 창제1동,13968,15193,-1225
도봉구 창제2동,7770,6424,1346
도봉구 창제3동,9042,5859,3183
도봉구 창제4동,12585,15125,-2540
도봉구 창제5동,9420,10537,-1117
동대문구 답십리제1동,11619,11327,292
동대문구 답십리제2동,13083,9802,3281
동대문구 면목제5동,511,212,299
동대문구 용신동,36509,38975,-2466
동대문구 이문제1동,7874,8759,-885
동대문구 이문제2동,4207,3351,856
동대문구 장안제1동,17437,19459,-2022
동대문구 장안제2동,14658,11490,3168
동대문구 전농제1동,15447,17278,-1831
동대문구 전농제2동,13224,7685,5539
동대문구 제기동,27323,27277,46
동대문구 청량리동,22729,28536,-5807
동대문구 회기동,9403,9832,-429
동대문구 휘경제1동,18194,17070,1124
동대문구 휘경제2동,11362,8783,2579
동작구 노량진제1동,24461,33831,-9370
동작구 노량진제2동,15033,12219,2814
동작구 대방동,29985,24204,5781
동작구 사당제1동,8107,8951,-844
동작구 사당제2동,14145,12397,1748
동작구 사당제3동,7524,4921,2603
동작구 사당제4동,1634,1617,17
동작구 사당제5동,6595,4054,2541
동작구 상도제1동,30624,28425,2199
동작구 상도제2동,15143,14586,557
동작구 상도제3동,11465,8421,3044
동작구 상도제4동,11231,6273,4958
동작구 신대방제1동,6821,7939,-1118
동작구 신대방제2동,19601,14635,4966
동작구 흑석동,20667,15512,5155
마포구 공덕동,11462,9593,1869
마포구 대흥동,15064,15878,-814
마포구 도화동,4785,5293,-508
마포구 망원제1동,8569,5765,2804
마포구 망원제2동,5251,4109,1142
마포구 상암동,27337,28683,-1346
마포구 서강동,6974,6389,585
마포구 서교동,44230,68358,-24128
마포구 성산제1동,10227,7513,2714
마포구 성산제2동,18828,13538,5290
마포구 신수동,4131,3055,1076
마포구 아현동,16589,13727,2862
마포구 연남동,8559,7883,676
마포구 염리동,2528,2581,-53
마포구 용강동,10831,9357,1474
마포구 합정동,7557,13087,-5530
서대문구 남가좌제1동,10644,7348,3296
서대문구 남가좌제2동,14658,9958,4700
서대문구 북가좌제1동,4694,4952,-258
서대문구 북가좌제2동,13885,8593,5292
서대문구 북아현동,8296,8607,-311
서대문구 신촌동,45254,53117,-7863
서대문구 연희동,34422,32834,1588
서대문구 천연동,19332,15774,3558
서대문구 충현동,19462,20389,-927
서대문구 홍은제1동,13301,10060,3241
서대문구 홍은제2동,24193,16200,7993
서대문구 홍제제1동,20028,21553,-1525
서대문구 홍제제2동,9515,7650,1865
서대문구 홍제제3동,11156,10165,991
서초구 내곡동,9731,7101,2630
서초구 반포1동,16265,12165,4100
서초구 반포2동,4654,4221,433
서초구 반포3동,12214,13750,-1536
서초구 반포4동,17460,23698,-6238
서초구 반포본동,7847,7548,299
서초구 방배1동,10738,10559,179
서초구 방배2동,11540,13011,-1471
서초구 방배3동,11872,7972,3900
서초구 방배4동,12203,12783,-580
서초구 방배본동,8851,7005,1846
서초구 서초1동,9910,10458,-548
서초구 서초2동,17391,23152,-5761
서초구 서초3동,22219,23646,-1427
서초구 서초4동,17305,20824,-3519
서초구 양재1동,39144,35952,3192
서초구 양재2동,17757,17843,-86
서초구 잠원동,13027,14066,-1039
성동구 금호1가동,6413,4411,2002
성동구 금호2.3가동,10286,9657,629
성동구 금호4가동,5408,4044,1364
성동구 마장동,7600,7568,32
성동구 사근동,4126,4312,-186
성동구 성수1가제1동,4361,4471,-110
성동구 성수1가제2동,2994,4120,-1126
성동구 성수2가제1동,4469,3622,847
성동구 성수2가제3동,3913,4559,-646
성동구 송정동,4197,2187,2010
성동구 옥수동,9441,9264,177
성동구 왕십리도선동,7899,7175,724
성동구 왕십리제2동,7231,7252,-21
성동구 용답동,6849,6989,-140
성동구 응봉동,6073,3671,2402
성동구 행당제1동,8508,12997,-4489
성동구 행당제2동,8585,6736,1849
성북구 길음제1동,16355,15883,472
성북구 길음제2동,8831,15494,-6663
성북구 돈암제1동,14251,10649,3602
성북구 돈암제2동,7133,3369,3764
성북구 동선동,15704,20528,-4824
성북구 보문동,8028,5896,2132
성북구 삼선동,23716,22281,1435
성북구 석관동,8252,7700,552
성북구 성북동,17292,17736,-444
성북구 안암동,10262,10953,-691
성북구 월곡제1동,12451,11443,1008
성북구 월곡제2동,7018,7177,-159
성북구 장위제1동,10468,7506,2962
성북구 장위제2동,8786,7610,1176
성북구 장위제3동,6048,3973,2075
성북구 정릉제1동,10454,9428,1026
성북구 정릉제2동,15717,10324,5393
성북구 정릉제3동,5836,7002,-1166
성북구 정릉제4동,15572,12438,3134
성북구 종암동,23074,17723,5351
송파구 가락1동,2942,2684,258
송파구 가락2동,12254,9265,2989
송파구 가락본동,12108,11137,971
송파구 거여1동,3244,2355,889
송파구 거여2동,981,498,483
송파구 마천1동,4936,3090,1846
송파구 마천2동,8661,6223,2438
송파구 문정1동,3726,3432,294
송파구 문정2동,9836,16643,-6807
송파구 방이1동,5151,3603,1548
송파구 방이2동,8753,10747,-1994
송파구 삼전동,10503,6712,3791
송파구 석촌동,13086,12904,182
송파구 송파1동,8925,9898,-973
송파구 송파2동,4637,3383,1254
송파구 오금동,12010,9909,2101
송파구 오륜동,4700,5357,-657
송파구 위례동,8119,5641,2478
송파구 잠실2동,3089,5951,-2862
송파구 잠실3동,17482,25540,-8058
송파구 잠실4동,685,654,31
송파구 잠실6동,7250,14199,-6949
송파구 잠실7동,3946,3920,26
송파구 잠실본동,15090,12147,2943
송파구 장지동,8714,4409,4305
송파구 풍납1동,4043,2888,1155
송파구 풍납2동,8213,6816,1397
양천구 목1동,18463,26460,-7997
양천구 목2동,15286,12798,2488
양천구 목3동,15076,13708,1368
양천구 목4동,12942,7572,5370
양천구 목5동,15265,14918,347
양천구 신월1동,5361,2461,2900
양천구 신월2동,6588,6422,166
양천구 신월3동,5172,3632,1540
양천구 신월4동,6544,4848,1696
양천구 신월5동,5723,4616,1107
양천구 신월6동,4759,3014,1745
양천구 신월7동,10675,7549,3126
양천구 신정1동,6834,8661,-1827
양천구 신정2동,4982,3022,1960
양천구 신정3동,22753,15496,7257
양천구 신정4동,15652,20128,-4476
양천구 신정6동,4950,3410,1540
양천구 신정7동,6793,5365,1428
영등포구 당산제1동,8534,9370,-836
영등포구 당산제2동,17141,20004,-2863
영등포구 대림제1동,9875,6897,2978
영등포구 대림제2동,2953,4408,-1455
영등포구 대림제3동,9594,8167,1427
영등포구 도림동,7585,5339,2246
영등포구 문래동,10323,13423,-3100
영등포구 신길제1동,7344,5152,2192
영등포구 신길제3동,10063,7112,2951
영등포구 신길제4동,3648,2516,1132
영등포구 신길제5동,6122,5897,225
영등포구 신길제6동,8583,7238,1345
영등포구 신길제7동,8488,6173,2315
영등포구 양평제1동,6854,5828,1026
영등포구 양평제2동,10108,7925,2183
영등포구 여의동,37323,46874,-9551
영등포구 영등포동,30786,46327,-15541
영등포구 영등포본동,9899,12788,-2889
용산구 남영동,21363,23131,-1768
용산구 보광동,7635,3966,3669
용산구 서빙고동,8905,6728,2177
용산구 용문동,3159,2729,430
용산구 용산2가동,8838,8141,697
용산구 원효로제1동,8843,8305,538
용산구 원효로제2동,6930,4103,2827
용산구 이촌제1동,8483,7843,640
용산구 이촌제2동,3371,1615,1756
용산구 이태원제1동,8325,9049,-724
용산구 이태원제2동,5831,4022,1809
용산구 청파동,10941,8885,2056
용산구 필동,689,696,-7
용산구 한강로동,22043,28812,-6769
용산구 한남동,26481,25902,579
용산구 효창동,5706,3943,1763
용산구 후암동,7951,5785,2166
은평구 갈현제1동,9207,6242,2965
은평구 갈현제2동,10804,8792,2012
은평구 구산동,12302,4939,7363
은평구 녹번동,15845,12678,3167
은평구 대조동,17962,27743,-9781
은평구 불광제1동,16349,14163,2186
은평구 불광제2동,14123,14048,75
은평구 수색동,7023,6390,633
은평구 신사제1동,11371,11735,-364
은평구 신사제2동,11028,9518,1510
은평구 역촌동,16542,10898,5644
은평구 응암제1동,16134,20705,-4571
은평구 응암제2동,7876,4489,3387
은평구 응암제3동,11490,10239,1251
은평구 증산동,10914,10961,-47
은평구 진관동,24022,22557,1465
종로구 가회동,2611,3104,-493
종로구 교남동,5310,3294,2016
종로구 무악동,2873,1945,928
종로구 부암동,9790,7997,1793
종로구 사직동,24851,35020,-10169
종로구 삼청동,3407,5252,-1845
종로구 숭인제1동,843,816,27
종로구 숭인제2동,9126,12011,-2885
종로구 이화동,10619,11972,-1353
종로구 종로1.2.3.4가동,61761,93782,-32021
종로구 종로5.6가동,12521,17288,-4767
종로구 창신제1동,9599,8068,1531
종로구 창신제2동,4604,7904,-3300
종로구 창신제3동,2905,2170,735
종로구 청운효자동,8225,6915,1310
종로구 충현동,2283,926,1357
종로구 평창동,11668,8883,2785
종로구 혜화동,15394,18942,-3548
중구 광희동,11615,16652,-5037
중구 다산동,5423,4711,712
중구 동화동,1290,1156,134
중구 명동,19631,27359,-7728
중구 소공동,24551,34400,-9849
중구 신당동,6698,4809,1889
중구 신당제5동,6512,6865,-353
중구 약수동,3974,3114,860
중구 을지로동,3995,6833,-2838
중구 장충동,3582,3986,-404
중구 중림동,5256,4209,1047
중구 청구동,3003,2426,577
중구 필동,3676,3795,-119
중구 황학동,5301,4998,303
중구 회현동,27021,33928,-6907
중랑구 망우본동,19166,14823,4343
중랑구 망우제3동,5401,3584,1817
중랑구 면목본동,13819,15705,-1886
중랑구 면목제2동,6109,4324,1785
중랑구 면목제3.8동,12167,11571,596
중랑구 면목제4동,5798,4534,1264
중랑구 면목제5동,5086,2993,2093
중랑구 면목제7동,4166,4445,-279
중랑구 묵제1동,8300,9053,-753
중랑구 묵제2동,3715,2665,1050
중랑구 상봉제1동,8141,7849,292
중랑구 상봉제2동,12735,15391,-2656
중랑구 신내1동,15655,11366,4289
중랑구 신내2동,13333,10628,2705
중랑구 중화제1동,4528,5753,-1225
중랑구 중화제2동,11957,10652,1305
NA,311469,270628,40841
