ID,insum,outsum,diff
100000001,574,724,-150
100000002,2976,2344,632
100000003,3286,3656,-370
100000004,630,1042,-412
100000005,1719,3521,-1802
100000006,500,173,327
100000007,1832,602,1230
100000008,140,320,-180
100000009,676,232,444
100000010,181,66,115
100000011,445,112,333
100000012,66,560,-494
100000013,47,168,-121
100000014,316,224,92
100000015,1177,1701,-524
100000016,562,918,-356
100000017,406,561,-155
100000018,820,454,366
100000019,2602,1637,965
100000020,1086,4515,-3429
100000021,3020,1743,1277
100000022,755,2171,-1416
100000023,2320,1306,1014
100000025,524,1218,-694
100000028,647,859,-212
100000029,84,360,-276
100000030,67,45,22
100000031,2235,4735,-2500
100000032,1262,2745,-1483
100000033,727,1963,-1236
100000034,149,593,-444
100000035,686,1120,-434
100000036,885,1199,-314
100000037,510,329,181
100000038,1720,713,1007
100000039,382,229,153
100000040,178,124,54
100000041,1090,441,649
100000042,759,355,404
100000043,519,343,176
100000044,218,438,-220
100000045,295,563,-268
100000046,409,428,-19
100000047,199,276,-77
100000048,252,393,-141
100000049,1052,884,168
100000051,363,540,-177
100000053,110,5,105
100000054,250,18,232
100000055,566,263,303
100000056,408,397,11
100000057,1545,460,1085
100000058,662,693,-31
100000059,7,133,-126
100000060,367,210,157
100000061,1834,354,1480
100000062,1509,456,1053
100000063,732,248,484
100000064,988,298,690
100000065,238,486,-248
100000066,154,422,-268
100000067,351,476,-125
100000068,291,1019,-728
100000069,222,732,-510
100000072,179,420,-241
100000073,761,696,65
100000075,565,179,386
100000076,1365,2532,-1167
100000077,102,299,-197
100000078,20,34,-14
100000079,25,43,-18
100000080,18,50,-32
100000081,82,197,-115
100000102,2578,3111,-533
100000103,1492,1199,293
100000104,2106,2254,-148
100000105,1191,1523,-332
100000106,1320,2584,-1264
100000107,234,1136,-902
100000108,412,653,-241
100000109,1100,1159,-59
100000116,592,790,-198
100000117,49,120,-71
100000118,778,1171,-393
100000119,466,781,-315
100000121,177,322,-145
100000122,1244,971,273
100000123,1210,2488,-1278
100000124,2795,3872,-1077
100000125,2641,1502,1139
100000126,409,465,-56
100000127,1040,358,682
100000128,1244,1669,-425
100000129,274,455,-181
100000130,328,287,41
100000131,1031,1667,-636
100000132,693,1851,-1158
100000133,2157,1557,600
100000135,441,1070,-629
100000139,212,376,-164
100000140,152,333,-181
100000142,429,382,47
100000143,937,353,584
100000144,1730,469,1261
100000147,970,2885,-1915
100000150,41,411,-370
100000151,643,1340,-697
100000153,330,484,-154
100000154,23,289,-266
100000155,23,59,-36
100000156,296,450,-154
100000157,268,170,98
100000158,235,156,79
100000159,217,434,-217
100000165,726,692,34
100000169,101,789,-688
100000174,236,689,-453
100000179,81,454,-373
100000180,785,1227,-442
100000181,388,301,87
100000188,39,121,-82
100000189,703,311,392
100000190,459,1105,-646
100000191,561,654,-93
100000192,33,82,-49
100000193,254,152,102
100000330,606,778,-172
100000355,139,577,-438
100000362,2648,1443,1205
100000363,3952,3802,150
100000364,73,180,-107
100000365,4403,7114,-2711
100000366,2395,1839,556
100000367,4068,5456,-1388
100000368,2365,853,1512
100000369,518,1938,-1420
100000370,135,818,-683
100000376,60,159,-99
100000379,1430,1309,121
100000380,3429,4224,-795
100000384,4127,5288,-1161
100000385,2091,3218,-1127
100000386,3833,5516,-1683
100000387,2831,4866,-2035
100000388,3312,5839,-2527
100000389,4006,5791,-1785
100000390,5458,5755,-297
100000391,3566,7719,-4153
100000392,1748,3648,-1900
100000393,1578,4522,-2944
100000394,3995,7074,-3079
100000395,2768,4604,-1836
100000396,4143,2969,1174
100000397,2707,6809,-4102
100000398,6528,5214,1314
100000413,9,7,2
100900002,13,17,-4
100900003,259,188,71
100900004,9,474,-465
100900005,81,23,58
100900006,28,45,-17
100900007,196,5,191
100900008,8,223,-215
100900009,62,143,-81
100900010,62,31,31
100900011,169,135,34
100900012,0,61,-61
100900013,648,23,625
100900014,4,5,-1
100900015,47,51,-4
100900016,7,18,-11
100900017,678,49,629
100900018,0,13,-13
100900019,26,91,-65
100900020,253,5,248
100900021,298,3,295
100900022,13,28,-15
100900023,0,20,-20
100900024,291,3,288
100900025,12,11,1
100900026,104,84,20
100900027,405,1795,-1390
100900028,135,164,-29
100900029,24,3,21
100900030,3,74,-71
100900031,601,26,575
100900032,250,1,249
100900033,142,199,-57
100900034,715,2,713
100900035,204,0,204
100900036,5,0,5
100900037,104,94,10
100900038,82,50,32
100900039,153,183,-30
100900040,406,290,116
100900041,639,300,339
100900042,1343,974,369
100900043,0,6,-6
100900044,992,453,539
100900045,75,1,74
100900046,739,11,728
100900047,448,159,289
100900048,97,90,7
100900049,66,88,-22
100900050,2,5,-3
100900051,19,73,-54
100900052,215,59,156
100900053,395,19,376
100900054,13,21,-8
100900055,146,629,-483
100900056,34,55,-21
100900057,999,1133,-134
100900058,181,58,123
100900059,104,3,101
100900060,203,9,194
100900061,276,122,154
100900062,24,9,15
100900063,174,530,-356
100900064,532,29,503
100900065,65,134,-69
100900066,100,180,-80
100900067,4,7,-3
100900068,154,63,91
100900069,885,8,877
100900070,352,1,351
100900071,478,129,349
100900072,11,18,-7
100900073,125,245,-120
100900074,1,4,-3
100900075,934,249,685
100900076,2,29,-27
100900077,17,33,-16
100900078,56,241,-185
100900079,10,9,1
100900080,43,92,-49
100900081,40,129,-89
100900082,160,236,-76
100900083,5,10,-5
100900085,10,235,-225
100900086,116,607,-491
100900088,133,264,-131
100900089,2,8,-6
100900090,94,408,-314
100900091,3,17,-14
100900092,124,203,-79
100900093,281,209,72
100900094,141,179,-38
100900095,0,16,-16
100900096,33,124,-91
100900097,0,4,-4
100900098,21,15,6
100900099,16,301,-285
100900100,2,460,-458
100900101,172,50,122
100900102,28,103,-75
100900103,6,20,-14
100900104,4,118,-114
100900105,20,386,-366
100900106,30,3,27
100900107,1095,617,478
100900108,10,50,-40
100900109,14,22,-8
100900110,0,10,-10
100900111,26,156,-130
100900112,3,13,-10
100900113,15,21,-6
100900114,8,10,-2
100900115,13,10,3
100900116,689,560,129
100900117,201,790,-589
100900118,57,131,-74
100900119,8,12,-4
100900120,9,8,1
100900121,279,405,-126
100900122,62,122,-60
100900123,73,125,-52
100900124,2,33,-31
100900125,9,42,-33
100900126,185,160,25
100900127,2,13,-11
100900128,78,150,-72
100900129,1,155,-154
100900131,43,159,-116
100900133,57,39,18
100900134,2,4,-2
100900135,2,176,-174
100900137,205,121,84
100900138,319,338,-19
100900139,3,2,1
100900140,0,215,-215
100900141,1,496,-495
100900142,1,16,-15
100900143,494,311,183
100900144,7,12,-5
100900145,70,151,-81
100900146,1,34,-33
100900147,12,374,-362
100900148,29,257,-228
100900149,27,211,-184
100900150,3,27,-24
100900151,66,243,-177
100900152,91,5,86
100900153,1,110,-109
100900154,7,64,-57
100900155,5,3,2
100900156,19,3,16
100900157,8,310,-302
100900159,1,19,-18
100900160,25,4,21
100900161,17,3,14
100900162,10,437,-427
100900163,90,87,3
100900164,50,26,24
100900165,20,34,-14
100900166,14,2,12
100900167,12,40,-28
100900168,17,119,-102
100900169,80,623,-543
100900170,19,3,16
100900171,9,297,-288
100900172,0,9,-9
100900173,12,134,-122
100900174,78,24,54
100900176,1106,145,961
100900177,416,227,189
100900178,141,90,51
100900179,227,281,-54
100900180,3,9,-6
100900181,45,76,-31
100900182,38,40,-2
100900184,14,91,-77
100900186,468,291,177
100900187,5,51,-46
100900188,28,7,21
100900189,1160,191,969
100900191,502,879,-377
100900192,159,397,-238
100900195,112,104,8
100900197,6,16,-10
100900198,37,99,-62
100900199,0,0,0
100900200,453,269,184
100900201,40,324,-284
100900202,21,2,19
100900203,1,131,-130
100900204,174,460,-286
100900205,123,491,-368
100900206,218,63,155
100900207,222,113,109
100900210,38,210,-172
100900211,272,176,96
100900213,99,54,45
100900214,467,145,322
100900215,21,39,-18
100900217,48,93,-45
101000001,1923,1826,97
101000002,4690,4965,-275
101000003,336,706,-370
101000004,4474,4623,-149
101000005,2842,3456,-614
101000006,3792,4970,-1178
101000007,2153,2931,-778
101000008,1787,1636,151
101000009,2078,598,1480
101000010,682,505,177
101000011,909,329,580
101000012,586,490,96
101000013,489,767,-278
101000014,310,365,-55
101000015,1161,690,471
101000016,310,358,-48
101000017,405,335,70
101000018,1594,1787,-193
101000020,1244,718,526
101000021,705,242,463
101000022,92,99,-7
101000023,990,440,550
101000025,255,318,-63
101000026,164,18,146
101000027,1841,2369,-528
101000028,740,264,476
101000029,198,1238,-1040
101000030,987,166,821
101000031,362,710,-348
101000032,3318,3837,-519
101000033,1666,2903,-1237
101000034,1186,1421,-235
101000035,578,245,333
101000036,1421,931,490
101000037,1612,1784,-172
101000039,1417,2734,-1317
101000040,1904,3621,-1717
101000041,2969,5435,-2466
101000042,202,834,-632
101000043,3271,5547,-2276
101000045,621,867,-246
101000046,1490,1747,-257
101000047,1176,3579,-2403
101000048,463,404,59
101000049,492,1471,-979
101000050,882,1611,-729
101000051,989,2161,-1172
101000052,1056,949,107
101000053,666,955,-289
101000054,1307,727,580
101000055,876,1197,-321
101000056,29,100,-71
101000057,1063,1173,-110
101000058,681,1085,-404
101000059,1685,1847,-162
101000060,1597,695,902
101000061,547,1148,-601
101000062,425,677,-252
101000063,387,1044,-657
101000064,741,936,-195
101000065,291,546,-255
101000066,608,1022,-414
101000067,663,908,-245
101000068,158,396,-238
101000069,169,72,97
101000070,700,951,-251
101000071,1444,779,665
101000072,512,2304,-1792
101000073,694,1005,-311
101000074,2749,3368,-619
101000075,2239,3839,-1600
101000077,1340,969,371
101000078,727,1274,-547
101000079,1227,677,550
101000080,923,643,280
101000081,1323,1263,60
101000082,1917,2017,-100
101000083,2021,1738,283
101000084,860,609,251
101000085,1149,883,266
101000086,839,883,-44
101000087,615,652,-37
101000088,946,951,-5
101000089,709,1295,-586
101000090,1294,862,432
101000091,375,421,-46
101000092,949,556,393
101000093,1210,612,598
101000094,801,727,74
101000095,481,410,71
101000096,395,337,58
101000097,385,355,30
101000098,346,509,-163
101000099,486,846,-360
101000100,595,714,-119
101000101,178,294,-116
101000102,558,468,90
101000103,520,487,33
101000104,276,603,-327
101000105,298,386,-88
101000106,379,795,-416
101000107,252,343,-91
101000108,414,167,247
101000109,424,77,347
101000110,27,196,-169
101000111,43,137,-94
101000113,216,518,-302
101000114,3922,6557,-2635
101000115,67,45,22
101000116,62,67,-5
101000117,984,148,836
101000119,53,54,-1
101000120,121,70,51
101000121,51,52,-1
101000122,78,113,-35
101000123,37,75,-38
101000124,1139,313,826
101000125,113,295,-182
101000128,240,462,-222
101000130,122,192,-70
101000131,849,372,477
101000132,696,512,184
101000135,27,47,-20
101000136,249,154,95
101000137,32,313,-281
101000141,836,2785,-1949
101000147,755,315,440
101000148,451,15,436
101000149,94,212,-118
101000150,90,276,-186
101000151,218,35,183
101000152,191,236,-45
101000153,354,145,209
101000154,313,501,-188
101000155,316,130,186
101000156,19,263,-244
101000157,18,24,-6
101000160,31,20,11
101000163,139,365,-226
101000164,266,201,65
101000165,264,268,-4
101000166,167,234,-67
101000168,634,326,308
101000252,1805,782,1023
101000254,106,61,45
101000258,64,12,52
101000261,129,38,91
101000262,1308,2416,-1108
101000263,182,817,-635
101000265,77,589,-512
101000266,218,213,5
101000269,13,18,-5
101000290,680,1951,-1271
101000293,15,21,-6
101000294,482,371,111
101000295,136,261,-125
101000301,411,401,10
101000304,1877,1977,-100
101000305,2283,926,1357
101000328,95,364,-269
101900001,11,38,-27
101900002,0,5,-5
101900003,47,96,-49
101900004,3,63,-60
101900005,1666,2220,-554
101900006,916,76,840
101900007,600,138,462
101900008,47,190,-143
101900009,30,339,-309
101900010,502,660,-158
101900011,105,566,-461
101900012,212,93,119
101900013,347,103,244
101900017,7,108,-101
101900018,667,210,457
101900019,153,94,59
101900020,42,18,24
101900021,4,18,-14
101900022,136,576,-440
101900023,104,82,22
101900026,90,28,62
101900027,21,97,-76
102000001,2698,3653,-955
102000002,1859,618,1241
102000003,1904,5144,-3240
102000004,2814,1867,947
102000005,959,2063,-1104
102000006,594,1333,-739
102000007,1260,3432,-2172
102000008,2563,1328,1235
102000009,4695,6473,-1778
102000010,3211,2532,679
102000011,2898,2375,523
102000012,2460,2125,335
102000018,1838,2098,-260
102000019,1578,1335,243
102000026,142,345,-203
102000029,197,138,59
102000030,100,228,-128
102000031,46,84,-38
102000032,466,204,262
102000033,318,271,47
102000034,363,312,51
102000035,783,463,320
102000036,18,196,-178
102000037,109,45,64
102000038,119,265,-146
102000039,106,74,32
102000040,247,215,32
102000041,135,395,-260
102000042,140,371,-231
102000043,144,157,-13
102000044,256,456,-200
102000045,499,594,-95
102000046,827,500,327
102000047,583,551,32
102000048,304,618,-314
102000049,752,625,127
102000050,709,857,-148
102000051,313,523,-210
102000052,803,545,258
102000053,662,794,-132
102000054,609,791,-182
102000055,1083,327,756
102000056,884,455,429
102000057,996,391,605
102000058,789,681,108
102000059,1135,941,194
102000060,776,676,100
102000061,1213,1067,146
102000062,1578,786,792
102000063,872,942,-70
102000064,468,493,-25
102000065,38,145,-107
102000066,744,521,223
102000067,1687,2037,-350
102000068,6841,1910,4931
102000069,87,1879,-1792
102000070,921,27,894
102000071,5120,6162,-1042
102000072,2075,2711,-636
102000073,645,679,-34
102000074,472,722,-250
102000075,132,204,-72
102000076,189,213,-24
102000077,536,461,75
102000078,700,393,307
102000079,170,133,37
102000080,177,142,35
102000081,204,684,-480
102000082,458,291,167
102000083,583,183,400
102000084,350,174,176
102000085,1411,599,812
102000086,961,612,349
102000087,682,956,-274
102000088,274,206,68
102000089,1092,346,746
102000090,255,711,-456
102000091,993,492,501
102000092,205,413,-208
102000093,381,501,-120
102000094,757,515,242
102000095,694,893,-199
102000096,426,594,-168
102000097,501,540,-39
102000098,462,563,-101
102000099,543,702,-159
102000100,290,1017,-727
102000101,430,579,-149
102000102,217,823,-606
102000103,1036,225,811
102000104,487,187,300
102000105,248,337,-89
102000106,669,364,305
102000107,1179,349,830
102000108,492,127,365
102000109,459,359,100
102000110,939,554,385
102000111,8,175,-167
102000112,94,87,7
102000113,18,24,-6
102000114,508,273,235
102000115,158,266,-108
102000116,215,358,-143
102000117,124,435,-311
102000118,670,1069,-399
102000119,1039,781,258
102000120,167,439,-272
102000121,878,429,449
102000122,636,814,-178
102000123,855,806,49
102000124,1029,913,116
102000125,521,738,-217
102000126,555,529,26
102000127,989,504,485
102000128,633,646,-13
102000129,1142,460,682
102000130,574,614,-40
102000131,1273,660,613
102000132,430,1033,-603
102000133,1966,1146,820
102000134,714,433,281
102000135,498,649,-151
102000136,714,498,216
102000137,470,737,-267
102000138,132,305,-173
102000139,48,244,-196
102000140,99,364,-265
102000141,177,401,-224
102000142,244,198,46
102000143,141,197,-56
102000144,327,214,113
102000145,329,275,54
102000146,336,214,122
102000147,447,328,119
102000148,165,497,-332
102000149,134,170,-36
102000150,410,97,313
102000151,88,109,-21
102000152,133,90,43
102000153,700,495,205
102000154,186,363,-177
102000155,56,291,-235
102000156,222,136,86
102000157,61,356,-295
102000158,316,385,-69
102000159,584,529,55
102000161,1429,1366,63
102000162,85,116,-31
102000163,80,430,-350
102000164,535,799,-264
102000165,210,97,113
102000166,46,141,-95
102000167,186,164,22
102000168,238,131,107
102000169,63,342,-279
102000170,346,116,230
102000171,103,125,-22
102000172,50,230,-180
102000173,367,210,157
102000174,56,45,11
102000175,86,60,26
102000176,62,13,49
102000178,321,232,89
102000179,460,161,299
102000180,942,265,677
102000181,671,386,285
102000182,463,293,170
102000183,1425,1043,382
102000184,1658,470,1188
102000185,2425,781,1644
102000186,1189,1006,183
102000187,653,855,-202
102000188,926,899,27
102000189,1372,386,986
102000190,403,1747,-1344
102000191,839,322,517
102000192,1096,1180,-84
102000193,62,56,6
102000194,46,89,-43
102000195,367,256,111
102000196,163,162,1
102000197,654,166,488
102000198,149,357,-208
102000199,945,134,811
102000200,205,536,-331
102000201,977,286,691
102000202,5,62,-57
102000203,314,118,196
102000204,436,365,71
102000205,933,262,671
102000206,651,269,382
102000207,514,314,200
102000208,317,237,80
102000209,61,29,32
102000210,388,243,145
102000211,477,103,374
102000212,306,4,302
102000213,6,112,-106
102000214,299,17,282
102000215,7,152,-145
102000216,63,70,-7
102000217,6,74,-68
102000218,208,140,68
102000219,197,148,49
102000225,376,439,-63
102000226,689,696,-7
102000227,102,0,102
102000228,0,45,-45
102000229,42,52,-10
102000230,212,220,-8
102000231,245,264,-19
102000232,47,126,-79
102000233,343,341,2
102000234,49,854,-805
102000236,144,72,72
102000237,367,90,277
102000238,115,172,-57
102000240,342,538,-196
102000241,92,109,-17
102000243,34,30,4
102000245,8,109,-101
102000246,5,24,-19
102000247,246,384,-138
102000248,253,543,-290
102000249,111,54,57
102000250,45,195,-150
102000254,145,138,7
102000266,15,324,-309
102000271,8,0,8
102000286,251,253,-2
102000297,1351,692,659
102000301,0,0,0
102000303,0,0,0
102000307,0,2,-2
102900001,903,499,404
102900002,402,26,376
102900003,72,105,-33
102900005,379,189,190
102900006,417,99,318
102900007,481,17,464
102900008,191,21,170
102900009,464,221,243
102900010,152,610,-458
102900011,1002,375,627
102900012,342,52,290
102900013,32,35,-3
102900015,458,387,71
102900016,55,54,1
102900017,173,251,-78
102900018,44,83,-39
102900019,352,307,45
102900020,111,29,82
102900021,35,60,-25
102900022,355,158,197
102900023,13,31,-18
102900024,38,36,2
102900025,160,87,73
102900026,305,1610,-1305
102900027,57,42,15
102900028,146,629,-483
102900029,138,182,-44
102900030,322,275,47
102900031,183,83,100
102900032,82,81,1
102900033,84,121,-37
102900034,446,45,401
102900035,147,143,4
102900036,246,220,26
102900037,448,203,245
102900038,522,243,279
102900039,22,385,-363
102900040,146,202,-56
102900041,97,119,-22
102900042,167,163,4
102900043,135,114,21
102900044,367,1030,-663
102900045,155,291,-136
102900046,128,142,-14
102900047,82,355,-273
102900048,437,272,165
102900049,70,226,-156
102900050,157,236,-79
102900051,118,161,-43
102900052,37,63,-26
102900053,239,400,-161
102900054,636,925,-289
102900055,100,197,-97
102900056,92,237,-145
102900057,7,39,-32
102900058,306,67,239
102900059,37,61,-24
102900060,77,284,-207
102900061,174,240,-66
102900062,215,439,-224
102900063,1152,271,881
102900064,78,321,-243
102900065,820,486,334
102900066,253,13,240
102900068,95,83,12
102900070,138,306,-168
102900072,2,38,-36
102900073,120,4,116
102900075,16,46,-30
102900076,70,122,-52
102900077,28,28,0
102900078,15,54,-39
102900079,191,9,182
102900080,388,38,350
102900081,70,188,-118
102900082,10,153,-143
102900083,133,8,125
102900084,5,24,-19
102900085,223,112,111
102900086,20,65,-45
102900087,108,78,30
102900088,38,16,22
102900089,177,128,49
102900090,0,184,-184
102900091,152,0,152
102900092,469,433,36
102900093,205,181,24
102900094,5,112,-107
102900095,99,0,99
102900096,56,9,47
102900097,1,71,-70
102900098,8,8,0
103000001,1800,1708,92
103000002,1705,1995,-290
103000003,2446,2502,-56
103000004,625,470,155
103000005,1344,2352,-1008
103000006,625,1166,-541
103000007,354,528,-174
103000008,706,461,245
103000009,1166,777,389
103000010,112,48,64
103000011,1149,775,374
103000012,1187,1137,50
103000013,2076,1227,849
103000014,1092,2001,-909
103000015,993,480,513
103000016,430,1077,-647
103000017,168,323,-155
103000018,388,182,206
103000019,330,204,126
103000020,1436,949,487
103000021,1368,1499,-131
103000022,578,659,-81
103000023,579,1434,-855
103000024,47,85,-38
103000025,97,516,-419
103000026,493,83,410
103000027,238,503,-265
103000028,220,239,-19
103000029,115,202,-87
103000030,963,865,98
103000031,719,1586,-867
103000032,1625,1211,414
103000033,2237,2094,143
103000034,924,807,117
103000035,339,995,-656
103000036,263,371,-108
103000037,369,422,-53
103000038,409,854,-445
103000039,392,225,167
103000040,440,422,18
103000041,1175,1139,36
103000042,1157,299,858
103000043,567,519,48
103000044,276,93,183
103000046,350,306,44
103000047,501,337,164
103000048,182,104,78
103000049,73,64,9
103000050,510,212,298
103000051,512,289,223
103000052,533,194,339
103000053,217,351,-134
103000054,1985,1059,926
103000055,1566,1438,128
103000056,621,742,-121
103000057,582,140,442
103000058,455,561,-106
103000059,500,453,47
103000060,528,374,154
103000061,362,606,-244
103000062,785,302,483
103000063,697,671,26
103000064,137,88,49
103000065,2,239,-237
103000066,163,9,154
103000069,406,197,209
103000070,828,426,402
103000071,1059,414,645
103000072,119,394,-275
103000073,556,107,449
103000074,554,88,466
103000075,109,358,-249
103000076,294,315,-21
103000077,14,181,-167
103000078,604,571,33
103000079,356,465,-109
103000080,436,330,106
103000081,297,806,-509
103000082,368,180,188
103000083,62,208,-146
103000084,72,9,63
103000085,1,71,-70
103000086,329,320,9
103000087,121,443,-322
103000088,177,230,-53
103000089,213,333,-120
103000090,2079,834,1245
103000091,518,374,144
103000092,185,191,-6
103000093,243,278,-35
103000094,165,65,100
103000095,84,260,-176
103000096,377,29,348
103000097,67,551,-484
103000098,494,150,344
103000099,205,521,-316
103000100,124,404,-280
103000101,693,85,608
103000102,89,304,-215
103000103,560,101,459
103000104,53,71,-18
103000105,130,72,58
103000106,7,136,-129
103000107,168,55,113
103000108,660,445,215
103000109,359,374,-15
103000110,360,429,-69
103000111,329,320,9
103000112,266,160,106
103000113,418,404,14
103000114,945,427,518
103000115,531,334,197
103000116,613,298,315
103000117,343,271,72
103000118,358,385,-27
103000119,687,340,347
103000120,31,71,-40
103000121,96,221,-125
103000122,293,343,-50
103000125,12,80,-68
103000126,522,2,520
103000127,1,75,-74
103000128,135,2,133
103000129,1,67,-66
103000130,65,24,41
103000131,87,68,19
103000132,84,97,-13
103000133,12,60,-48
103000134,258,691,-433
103000135,402,179,223
103000136,451,375,76
103000137,311,431,-120
103000138,455,542,-87
103000139,2,70,-68
103000140,129,20,109
103000141,29,109,-80
103000142,91,76,15
103000143,39,179,-140
103000144,127,49,78
103000145,11,76,-65
103000150,90,31,59
103000152,144,154,-10
103000153,162,138,24
103000156,12,172,-160
103000157,294,0,294
103000159,125,57,68
103000162,37,10,27
103000163,5,23,-18
103000164,8,6,2
103000165,46,113,-67
103000166,134,260,-126
103000167,152,82,70
103000168,94,118,-24
103000169,148,312,-164
103000170,815,225,590
103000171,25,42,-17
103000172,514,140,374
103000173,518,273,245
103000174,197,184,13
103000175,259,150,109
103000176,680,545,135
103000177,345,249,96
103000178,154,251,-97
103000179,144,18,126
103000183,167,9,158
103000185,135,32,103
103000186,154,81,73
103000187,567,187,380
103000188,9,64,-55
103000189,554,379,175
103000191,399,411,-12
103000292,627,1273,-646
103000293,548,1909,-1361
103000295,52,81,-29
103000296,128,2,126
103000297,9,67,-58
103000504,76,15,61
103000505,3,14,-11
103000506,0,146,-146
103000507,182,1,181
103000508,62,62,0
103000509,156,417,-261
103900001,14,96,-82
103900002,607,94,513
103900003,825,214,611
103900004,70,0,70
103900005,1,77,-76
103900006,4,1,3
103900007,149,6,143
103900008,8,1,7
103900009,242,372,-130
103900010,132,254,-122
103900011,323,88,235
103900012,7,26,-19
103900013,73,23,50
103900014,95,12,83
103900015,72,9,63
103900016,222,133,89
103900017,24,58,-34
103900018,353,147,206
103900019,59,402,-343
103900020,198,387,-189
103900021,251,104,147
103900022,852,419,433
103900023,117,0,117
103900024,55,223,-168
103900025,17,26,-9
103900026,116,0,116
103900027,604,179,425
103900028,23,215,-192
103900029,900,125,775
103900030,254,62,192
103900031,48,6,42
103900032,87,74,13
103900033,83,9,74
103900034,59,51,8
103900035,65,21,44
103900036,22,50,-28
103900037,94,57,37
103900038,74,224,-150
103900039,86,189,-103
103900040,6,90,-84
103900041,57,34,23
103900042,63,122,-59
103900043,189,43,146
103900044,47,206,-159
103900045,310,109,201
103900047,76,11,65
103900048,18,21,-3
103900049,121,693,-572
103900050,9,142,-133
103900051,0,35,-35
103900052,161,182,-21
103900053,290,266,24
103900054,100,171,-71
103900055,312,150,162
103900056,46,50,-4
103900057,41,72,-31
103900058,261,263,-2
103900059,0,21,-21
103900060,53,112,-59
103900061,165,23,142
103900062,297,88,209
103900063,4,0,4
103900064,152,2,150
103900065,522,298,224
103900066,136,24,112
103900067,161,4,157
103900068,3,0,3
103900069,57,23,34
103900070,106,100,6
103900071,13,56,-43
103900072,30,103,-73
103900073,46,39,7
103900074,59,89,-30
103900075,251,58,193
103900076,509,248,261
103900077,19,108,-89
103900078,233,78,155
103900079,125,110,15
103900080,11,22,-11
103900081,35,39,-4
103900082,20,97,-77
103900083,655,960,-305
103900084,64,103,-39
103900085,51,101,-50
103900086,709,283,426
103900088,288,526,-238
103900089,59,112,-53
103900090,2,43,-41
103900091,804,152,652
103900092,574,245,329
103900093,50,175,-125
103900094,14,62,-48
103900095,237,123,114
103900096,28,87,-59
103900097,5,242,-237
103900098,190,92,98
103900099,56,67,-11
103900100,224,173,51
103900101,74,637,-563
103900102,7,16,-9
103900104,1,10,-9
103900105,64,135,-71
103900106,0,86,-86
103900107,123,85,38
103900108,55,132,-77
103900109,130,42,88
103900110,190,22,168
103900111,114,330,-216
103900112,51,66,-15
103900113,73,180,-107
103900114,242,161,81
103900115,177,156,21
103900116,1959,2034,-75
103900117,91,37,54
103900119,42,98,-56
103900120,79,62,17
103900122,157,126,31
103900123,701,478,223
103900124,45,208,-163
103900125,115,45,70
103900126,460,224,236
103900127,194,202,-8
103900128,134,54,80
103900131,29,69,-40
103900133,806,60,746
103900134,2,14,-12
103900135,2,4,-2
103900137,1,13,-12
103900138,78,66,12
103900139,184,1779,-1595
103900140,2,150,-148
103900141,187,54,133
103900142,192,82,110
103900143,63,0,63
103900144,0,17,-17
103900145,117,145,-28
103900146,227,168,59
103900147,273,73,200
103900148,226,147,79
103900149,266,248,18
103900150,2859,3502,-643
103900151,22,129,-107
103900152,582,199,383
103900153,4,1,3
103900154,427,1535,-1108
103900155,29,112,-83
103900156,93,67,26
103900157,69,66,3
103900158,116,62,54
103900159,149,37,112
103900160,45,43,2
103900161,86,137,-51
103900162,70,77,-7
103900163,4,292,-288
103900167,7,80,-73
103900168,80,38,42
103900169,33,28,5
103900170,0,51,-51
103900171,2,25,-23
103900172,4,12,-8
103900173,18,25,-7
103900174,217,34,183
103900175,27,61,-34
103900176,9,44,-35
103900177,14,50,-36
103900178,43,30,13
103900179,88,43,45
103900180,16,44,-28
103900181,62,19,43
103900182,19,12,7
103900184,251,120,131
103900185,84,364,-280
103900187,11,79,-68
103900188,46,47,-1
103900189,133,3,130
103900190,74,28,46
103900191,17,39,-22
103900192,16,74,-58
103900193,76,107,-31
103900194,44,95,-51
103900195,8,84,-76
103900196,44,23,21
103900197,8,10,-2
103900198,12,23,-11
103900199,113,50,63
103900200,144,65,79
103900201,87,112,-25
103900202,9,48,-39
103900203,24,18,6
103900204,1,58,-57
103900207,1,24,-23
103900208,92,0,92
103900209,5,52,-47
103900210,28,20,8
103900211,545,187,358
103900212,132,173,-41
103900213,66,157,-91
103900214,175,135,40
103900215,172,223,-51
103900216,8,167,-159
103900217,293,24,269
103900218,0,147,-147
103900219,98,86,12
103900233,18,6,12
103900235,12,28,-16
103900236,16,4,12
103900242,3,4,-1
103900243,1,0,1
103900244,76,85,-9
103900245,72,104,-32
103900246,43,20,23
103900247,34,45,-11
103900248,1,34,-33
103900249,5,58,-53
103900250,20,26,-6
103900251,0,18,-18
103900253,8,53,-45
103900254,2,15,-13
103900255,2,9,-7
103900256,11,12,-1
103900257,46,54,-8
103900258,7,1,6
103900259,22,8,14
103900261,5,1,4
103900262,6,2,4
103900263,9,19,-10
103900264,24,14,10
103900265,17,2,15
103900266,4,52,-48
103900267,9,40,-31
103900268,12,27,-15
103900269,132,12,120
103900270,65,53,12
103900271,18,51,-33
103900272,48,30,18
103900273,41,21,20
103900274,110,4,106
103900275,43,7,36
103900276,5,21,-16
103900277,2,28,-26
103900278,4,22,-18
103900279,1,30,-29
103900280,1,33,-32
104000001,1896,1758,138
104000002,1281,1440,-159
104000003,1701,1325,376
104000004,1802,1659,143
104000005,1288,1270,18
104000006,2112,1753,359
104000007,2712,2889,-177
104000008,181,127,54
104000009,159,65,94
104000010,146,242,-96
104000011,249,152,97
104000012,86,154,-68
104000013,214,203,11
104000014,170,351,-181
104000015,206,97,109
104000016,342,197,145
104000018,666,134,532
104000019,596,204,392
104000020,111,214,-103
104000021,211,251,-40
104000022,91,194,-103
104000023,769,310,459
104000024,176,206,-30
104000026,46,204,-158
104000027,239,112,127
104000028,279,188,91
104000029,279,187,92
104000030,238,136,102
104000031,1164,305,859
104000032,153,114,39
104000033,585,394,191
104000034,251,136,115
104000035,840,299,541
104000036,704,374,330
104000037,236,98,138
104000038,444,260,184
104000039,180,124,56
104000040,131,239,-108
104000041,511,220,291
104000042,151,197,-46
104000043,114,220,-106
104000044,188,263,-75
104000045,584,525,59
104000046,582,861,-279
104000047,460,640,-180
104000048,697,747,-50
104000049,410,218,192
104000050,88,415,-327
104000051,72,367,-295
104000052,1200,1203,-3
104000053,787,331,456
104000054,467,191,276
104000055,2572,1669,903
104000056,593,160,433
104000057,97,203,-106
104000058,545,545,0
104000059,421,643,-222
104000060,755,947,-192
104000061,804,632,172
104000062,243,52,191
104000064,348,215,133
104000065,137,548,-411
104000069,563,1003,-440
104000070,55,377,-322
104000071,73,189,-116
104000072,391,105,286
104000075,60,170,-110
104000076,347,67,280
104000082,1771,2544,-773
104000083,577,147,430
104000084,79,300,-221
104000085,225,205,20
104000086,160,289,-129
104000087,250,1201,-951
104000090,711,591,120
104000092,1027,974,53
104000094,641,778,-137
104000095,1404,887,517
104000096,1219,84,1135
104000097,1438,454,984
104000098,1922,465,1457
104000100,1297,440,857
104000101,934,951,-17
104000106,26,441,-415
104000107,462,243,219
104000108,166,307,-141
104000109,208,106,102
104000110,541,706,-165
104000111,1727,1811,-84
104000112,880,391,489
104000116,7,473,-466
104000117,158,273,-115
104000118,662,120,542
104000119,515,171,344
104000120,205,351,-146
104000121,130,444,-314
104000122,648,589,59
104000123,560,541,19
104000124,396,986,-590
104000125,1868,3405,-1537
104000126,283,288,-5
104000127,878,1163,-285
104000128,444,228,216
104000129,290,15,275
104000130,5,140,-135
104000131,297,261,36
104000132,205,261,-56
104000133,1090,581,509
104000134,667,1093,-426
104000135,306,1336,-1030
104000136,501,2572,-2071
104000137,1111,297,814
104000138,567,230,337
104000139,2748,1769,979
104000141,573,612,-39
104000142,468,347,121
104000143,447,225,222
104000144,58,168,-110
104000145,362,157,205
104000146,194,337,-143
104000147,95,225,-130
104000148,297,141,156
104000149,127,147,-20
104000150,790,305,485
104000151,210,202,8
104000152,473,286,187
104000153,552,376,176
104000154,521,334,187
104000155,317,446,-129
104000157,736,854,-118
104000158,184,346,-162
104000159,605,336,269
104000160,1228,1455,-227
104000161,117,157,-40
104000162,44,76,-32
104000165,536,630,-94
104000167,577,991,-414
104000168,494,8,486
104000169,84,29,55
104000170,209,402,-193
104000248,257,369,-112
104000251,32,122,-90
104000272,0,0,0
104000273,0,0,0
104000274,0,0,0
104000275,0,0,0
104000279,485,321,164
104000290,90,166,-76
104000291,402,780,-378
104000293,643,532,111
104000294,34,0,34
104000295,451,573,-122
104000296,317,534,-217
104000297,542,1305,-763
104000298,1302,611,691
104000299,518,897,-379
104900001,107,214,-107
104900002,68,144,-76
104900003,53,170,-117
104900004,75,134,-59
104900005,277,196,81
104900006,286,52,234
104900007,251,179,72
104900009,118,174,-56
104900010,41,47,-6
104900011,35,8,27
104900012,154,20,134
104900013,117,11,106
104900014,1387,212,1175
104900015,59,6,53
104900016,205,120,85
104900017,110,93,17
104900018,13,96,-83
104900019,161,2605,-2444
104900020,23,163,-140
104900021,1,78,-77
104900022,9,54,-45
104900023,1,24,-23
104900024,17,49,-32
104900025,49,91,-42
104900026,0,28,-28
104900027,465,246,219
104900028,13,59,-46
104900029,28,28,0
104900030,360,165,195
104900031,56,145,-89
104900032,38,77,-39
104900033,103,171,-68
104900034,294,130,164
104900035,313,144,169
104900036,185,57,128
104900037,146,127,19
104900038,170,737,-567
104900039,303,343,-40
104900040,359,60,299
104900041,257,100,157
104900042,146,130,16
104900043,19,147,-128
104900044,570,139,431
104900045,434,52,382
104900046,166,70,96
104900047,357,91,266
104900048,306,53,253
104900049,52,35,17
104900050,225,59,166
104900051,216,30,186
104900052,53,2,51
104900053,342,78,264
104900054,161,23,138
104900055,113,0,113
104900056,171,18,153
104900057,57,3,54
104900058,452,278,174
104900059,115,94,21
104900060,0,284,-284
104900061,118,231,-113
104900063,0,84,-84
104900064,0,44,-44
104900065,1,161,-160
104900066,3,82,-79
104900067,4,203,-199
104900068,20,83,-63
104900070,123,151,-28
104900071,0,267,-267
104900072,38,204,-166
104900073,39,79,-40
104900074,51,134,-83
104900075,28,18,10
104900076,101,134,-33
104900077,431,208,223
104900078,176,235,-59
104900079,89,358,-269
104900080,83,346,-263
104900082,11,270,-259
104900085,0,79,-79
104900087,197,9,188
104900089,232,0,232
104900090,746,588,158
104900091,570,321,249
104900093,162,280,-118
104900097,1252,1704,-452
104900098,102,23,79
104900099,64,403,-339
104900100,188,147,41
104900102,48,53,-5
104900103,309,39,270
104900104,1614,1448,166
104900106,89,71,18
104900107,100,90,10
104900108,19,100,-81
104900109,101,127,-26
104900110,12,33,-21
104900111,142,114,28
104900112,196,308,-112
104900113,609,191,418
104900114,284,223,61
104900115,523,200,323
104900116,216,80,136
104900118,17,17,0
104900119,0,31,-31
104900120,7,167,-160
104900121,0,27,-27
104900122,3,19,-16
104900123,48,5,43
104900124,48,0,48
104900125,363,5,358
104900126,43,39,4
104900127,18,54,-36
104900128,101,134,-33
104900129,765,1573,-808
105000001,2066,1173,893
105000002,1774,1099,675
105000003,2178,3238,-1060
105000004,482,593,-111
105000005,777,876,-99
105000006,1166,1258,-92
105000007,1076,1302,-226
105000008,1039,2997,-1958
105000009,2022,2291,-269
105000010,2170,1128,1042
105000011,3097,2295,802
105000012,2738,1657,1081
105000013,802,959,-157
105000014,1699,2056,-357
105000015,6869,11724,-4855
105000016,1255,1193,62
105000017,1228,578,650
105000018,752,1186,-434
105000019,781,668,113
105000020,104,364,-260
105000021,158,82,76
105000022,176,107,69
105000023,373,215,158
105000028,52,71,-19
105000029,452,945,-493
105000030,2404,1427,977
105000033,677,1131,-454
105000034,121,743,-622
105000037,467,175,292
105000038,1094,1362,-268
105000039,1422,962,460
105000040,793,1172,-379
105000041,337,763,-426
105000042,1920,1365,555
105000043,973,1309,-336
105000044,581,404,177
105000045,281,448,-167
105000046,936,286,650
105000047,438,634,-196
105000048,427,159,268
105000049,176,284,-108
105000050,555,269,286
105000051,124,265,-141
105000052,565,504,61
105000053,67,96,-29
105000054,335,546,-211
105000055,547,163,384
105000056,1237,1231,6
105000057,1073,472,601
105000058,940,755,185
105000059,689,420,269
105000060,307,397,-90
105000061,668,363,305
105000062,446,461,-15
105000063,233,281,-48
105000064,1295,539,756
105000065,268,311,-43
105000066,714,706,8
105000067,1234,625,609
105000068,272,554,-282
105000069,1092,1644,-552
105000070,366,778,-412
105000071,143,833,-690
105000072,741,1983,-1242
105000073,695,483,212
105000074,660,488,172
105000075,329,485,-156
105000076,822,609,213
105000077,1452,845,607
105000078,778,869,-91
105000079,874,2293,-1419
105000080,1263,1057,206
105000081,1813,989,824
105000082,717,1516,-799
105000083,2876,3005,-129
105000084,633,524,109
105000085,1594,1733,-139
105000086,414,643,-229
105000087,875,1124,-249
105000088,977,1238,-261
105000089,1613,1352,261
105000090,775,514,261
105000091,710,928,-218
105000092,411,630,-219
105000093,229,279,-50
105000094,188,198,-10
105000095,64,284,-220
105000096,879,986,-107
105000097,652,526,126
105000098,811,516,295
105000099,506,498,8
105000100,1112,833,279
105000101,1542,1114,428
105000102,1149,965,184
105000103,1002,1313,-311
105000104,2133,721,1412
105000105,947,1228,-281
105000106,1253,968,285
105000107,1163,591,572
105000108,1327,888,439
105000109,1505,887,618
105000110,581,368,213
105000111,702,410,292
105000112,905,350,555
105000113,353,515,-162
105000114,1544,1020,524
105000115,259,1063,-804
105000116,709,374,335
105000117,681,482,199
105000118,565,279,286
105000119,511,402,109
105000120,866,367,499
105000121,636,544,92
105000122,310,497,-187
105000123,834,602,232
105000124,1610,536,1074
105000125,692,980,-288
105000126,1680,844,836
105000127,1710,1141,569
105000128,582,616,-34
105000129,720,183,537
105000130,172,2295,-2123
105000131,454,186,268
105000132,773,582,191
105000133,479,542,-63
105000134,720,444,276
105000135,330,286,44
105000136,109,153,-44
105000137,476,151,325
105000138,166,188,-22
105000139,672,470,202
105000140,372,306,66
105000141,279,292,-13
105000142,193,286,-93
105000143,149,363,-214
105000144,181,481,-300
105000145,657,195,462
105000146,308,524,-216
105000147,541,214,327
105000148,875,424,451
105000149,1996,1508,488
105000150,1269,707,562
105000151,412,243,169
105000152,111,287,-176
105000153,523,412,111
105000154,421,343,78
105000155,293,659,-366
105000156,496,390,106
105000157,525,874,-349
105000158,1409,560,849
105000159,175,647,-472
105000160,1800,457,1343
105000161,519,554,-35
105000162,435,1423,-988
105000163,640,500,140
105000164,157,187,-30
105000165,420,4312,-3892
105000166,2758,911,1847
105000167,893,1426,-533
105000168,450,317,133
105000169,562,164,398
105000170,228,868,-640
105000171,820,132,688
105000172,129,16,113
105000173,259,40,219
105000174,63,36,27
105000175,75,61,14
105000176,374,75,299
105000177,301,190,111
105000178,224,211,13
105000179,593,112,481
105000180,173,65,108
105000181,90,128,-38
105000182,29,44,-15
105000183,1357,1654,-297
105000184,965,685,280
105000185,848,878,-30
105000186,343,489,-146
105000187,646,155,491
105000188,179,101,78
105000189,81,290,-209
105000190,252,211,41
105000191,308,176,132
105000192,347,64,283
105000193,60,68,-8
105000194,333,90,243
105000195,282,398,-116
105000196,67,220,-153
105000197,194,360,-166
105000198,274,171,103
105000199,126,438,-312
105000200,170,277,-107
105000201,87,33,54
105000203,4,110,-106
105000204,74,51,23
105000205,61,131,-70
105000207,250,156,94
105000208,162,428,-266
105000209,193,223,-30
105000212,948,598,350
105000213,103,135,-32
105000214,152,155,-3
105000215,315,117,198
105000216,160,212,-52
105000217,134,160,-26
105000218,1177,713,464
105000221,147,123,24
105000222,511,212,299
105000223,251,171,80
105000226,73,90,-17
105000227,61,67,-6
105000228,133,1429,-1296
105000229,102,405,-303
105000231,327,255,72
105000233,721,517,204
105000234,404,736,-332
105000235,372,431,-59
105000237,666,45,621
105000243,40,26,14
105000248,36,59,-23
105000262,286,518,-232
105000269,196,142,54
105000270,437,41,396
105000271,0,116,-116
105000282,45,20,25
105000287,320,60,260
105000288,568,302,266
105000289,1476,1482,-6
105000290,21,16,5
105000402,1845,2982,-1137
105000426,296,534,-238
105000438,2247,1141,1106
105000446,5134,3405,1729
105000447,2696,1455,1241
105000454,503,322,181
105000455,153,114,39
105000474,57,0,57
105000477,349,434,-85
105000478,1565,3799,-2234
105000479,88,90,-2
105000480,5647,5712,-65
105000481,3309,2642,667
105000482,2834,4458,-1624
105000483,1403,1663,-260
105000484,1186,1840,-654
105000485,1103,2553,-1450
105000486,1885,1636,249
105000488,5552,2736,2816
105000489,732,528,204
105000549,61,81,-20
105000550,346,955,-609
105000551,38,91,-53
105000552,1525,941,584
105000555,659,791,-132
105900001,6,1315,-1309
105900002,539,508,31
105900003,10,71,-61
105900004,142,118,24
105900005,6,139,-133
105900006,11,109,-98
105900007,41,27,14
105900008,37,339,-302
105900009,25,12,13
105900011,92,21,71
105900012,493,174,319
105900013,5,34,-29
105900014,8,49,-41
105900015,131,222,-91
105900016,443,250,193
105900017,1141,30,1111
105900018,133,123,10
105900019,41,438,-397
105900020,33,55,-22
105900021,17,196,-179
105900022,193,145,48
105900023,9,58,-49
105900024,4,82,-78
105900025,154,13,141
105900026,137,11,126
105900027,6569,5320,1249
105900028,542,407,135
105900029,1186,287,899
105900030,165,160,5
105900031,248,173,75
105900032,80,114,-34
105900033,79,86,-7
105900034,179,179,0
105900035,167,160,7
105900036,133,83,50
105900037,107,45,62
105900038,151,170,-19
105900039,115,89,26
105900040,49,76,-27
105900041,157,200,-43
105900042,38,92,-54
105900043,858,52,806
105900044,4,187,-183
105900045,5,504,-499
105900046,8,201,-193
105900047,7,26,-19
105900048,77,298,-221
105900050,4137,3261,876
105900051,23,883,-860
105900052,441,186,255
105900053,1580,2139,-559
105900054,227,123,104
105900056,496,312,184
105900057,31,84,-53
105900058,15,12,3
105900059,1,26,-25
106000001,2559,1984,575
106000002,1148,3325,-2177
106000003,2108,2780,-672
106000004,1116,1754,-638
106000005,3062,3486,-424
106000006,3669,1931,1738
106000007,363,431,-68
106000008,323,237,86
106000009,517,269,248
106000010,410,393,17
106000011,879,846,33
106000012,594,685,-91
106000013,1558,1422,136
106000014,1218,949,269
106000015,1369,866,503
106000016,904,1069,-165
106000017,513,548,-35
106000018,476,266,210
106000019,353,285,68
106000020,309,192,117
106000021,281,297,-16
106000022,263,141,122
106000023,508,193,315
106000024,431,266,165
106000025,115,153,-38
106000026,64,118,-54
106000027,1099,855,244
106000028,467,213,254
106000029,528,541,-13
106000030,271,401,-130
106000034,159,315,-156
106000035,736,1541,-805
106000036,116,336,-220
106000037,1126,807,319
106000038,154,73,81
106000039,61,54,7
106000040,86,659,-573
106000041,496,447,49
106000043,359,165,194
106000046,291,79,212
106000047,23,384,-361
106000049,823,207,616
106000050,155,359,-204
106000051,597,375,222
106000052,83,283,-200
106000053,334,78,256
106000054,275,249,26
106000055,881,565,316
106000056,201,186,15
106000057,320,197,123
106000058,137,71,66
106000059,263,222,41
106000060,228,326,-98
106000061,168,367,-199
106000062,78,347,-269
106000063,637,410,227
106000064,30,266,-236
106000065,324,223,101
106000066,73,210,-137
106000067,362,90,272
106000068,44,388,-344
106000069,231,46,185
106000070,353,410,-57
106000071,778,206,572
106000072,1636,1028,608
106000073,969,2521,-1552
106000074,431,526,-95
106000075,269,1036,-767
106000076,1299,1338,-39
106000077,2101,890,1211
106000078,942,609,333
106000079,554,590,-36
106000080,1004,418,586
106000081,622,740,-118
106000082,1581,590,991
106000083,338,1041,-703
106000084,852,471,381
106000085,869,1129,-260
106000086,485,604,-119
106000087,698,405,293
106000088,322,499,-177
106000089,720,211,509
106000090,217,434,-217
106000091,257,276,-19
106000092,497,166,331
106000093,272,83,189
106000094,69,185,-116
106000095,703,440,263
106000096,662,386,276
106000097,918,434,484
106000098,698,619,79
106000099,188,358,-170
106000100,872,166,706
106000101,527,159,368
106000102,115,361,-246
106000103,213,230,-17
106000104,599,307,292
106000105,392,289,103
106000106,563,308,255
106000107,110,155,-45
106000108,266,165,101
106000109,155,155,0
106000110,203,174,29
106000111,117,195,-78
106000112,193,409,-216
106000113,338,381,-43
106000114,313,470,-157
106000115,150,206,-56
106000116,236,132,104
106000117,729,365,364
106000118,922,1109,-187
106000119,710,459,251
106000120,680,1046,-366
106000121,198,124,74
106000122,112,90,22
106000123,385,68,317
106000124,37,113,-76
106000125,15,111,-96
106000126,275,51,224
106000127,775,467,308
106000128,701,93,608
106000129,357,280,77
106000130,641,188,453
106000131,116,480,-364
106000132,380,133,247
106000133,758,761,-3
106000134,319,1398,-1079
106000135,131,287,-156
106000136,452,761,-309
106000137,57,346,-289
106000138,946,86,860
106000139,30,42,-12
106000140,48,25,23
106000141,101,30,71
106000142,73,31,42
106000143,15,24,-9
106000144,23,51,-28
106000145,227,131,96
106000146,351,113,238
106000147,270,226,44
106000148,310,439,-129
106000149,412,216,196
106000150,365,1314,-949
106000151,2060,494,1566
106000152,642,1485,-843
106000153,81,1225,-1144
106000154,696,123,573
106000155,112,206,-94
106000156,786,178,608
106000157,492,1183,-691
106000158,1297,716,581
106000159,1653,1410,243
106000160,326,2167,-1841
106000161,928,214,714
106000162,259,693,-434
106000163,305,203,102
106000164,372,172,200
106000165,172,254,-82
106000166,660,242,418
106000167,332,461,-129
106000168,490,173,317
106000169,227,301,-74
106000170,657,161,496
106000171,170,707,-537
106000172,2187,886,1301
106000173,848,1574,-726
106000174,925,271,654
106000175,185,442,-257
106000176,1279,588,691
106000177,576,1311,-735
106000178,2470,1133,1337
106000179,689,1184,-495
106000180,618,686,-68
106000181,796,1001,-205
106000182,1290,448,842
106000183,1173,323,850
106000184,1633,331,1302
106000185,944,812,132
106000186,561,105,456
106000187,164,824,-660
106000188,0,1,-1
106000189,6,27,-21
106000190,25,3,22
106000191,529,137,392
106000192,0,7,-7
106000193,272,169,103
106000194,103,260,-157
106000195,332,143,189
106000196,107,360,-253
106000197,507,204,303
106000198,144,176,-32
106000199,508,596,-88
106000200,100,184,-84
106000201,386,2436,-2050
106000202,1727,420,1307
106000203,27,103,-76
106000204,69,9,60
106000205,4,85,-81
106000206,47,16,31
106000207,22,303,-281
106000208,1197,126,1071
106000209,1196,289,907
106000210,221,474,-253
106000211,207,675,-468
106000212,647,353,294
106000213,321,1312,-991
106000214,1305,627,678
106000215,202,278,-76
106000216,344,238,106
106000217,209,197,12
106000218,347,211,136
106000219,114,185,-71
106000220,357,146,211
106000221,241,126,115
106000222,48,50,-2
106000223,205,98,107
106000224,209,82,127
106000225,72,89,-17
106000226,92,125,-33
106000228,40,58,-18
106000229,51,400,-349
106000231,727,87,640
106000232,52,193,-141
106000233,469,66,403
106000234,45,150,-105
106000235,911,97,814
106000236,242,60,182
106000237,16,10,6
106000238,213,22,191
106000239,1,90,-89
106000240,24,7,17
106000241,7,307,-300
106000242,150,34,116
106000249,53,23,30
106000250,74,416,-342
106000251,88,22,66
106000252,20,49,-29
106000253,44,51,-7
106000254,28,30,-2
106000255,22,115,-93
106000256,28,29,-1
106000257,118,129,-11
106000258,354,13,341
106000259,9,51,-42
106000260,30,4,26
106000261,1,54,-53
106000262,59,11,48
106000263,10,41,-31
106000264,168,17,151
106000265,7,90,-83
106000266,61,34,27
106000267,7,50,-43
106000268,293,61,232
106000269,27,32,-5
106000270,160,299,-139
106000271,84,104,-20
106000272,138,48,90
106000273,8,183,-175
106000274,87,28,59
106000275,122,191,-69
106000276,103,30,73
106000277,90,193,-103
106000278,105,20,85
106000279,5,22,-17
106000280,44,46,-2
106000281,67,46,21
106000282,43,47,-4
106000283,90,30,60
106000284,63,62,1
106000285,98,75,23
106000286,75,77,-2
106000287,94,54,40
106000288,77,99,-22
106000289,66,27,39
106000290,40,54,-14
106000291,87,51,36
106000292,50,86,-36
106000293,78,68,10
106000294,96,73,23
106000295,41,42,-1
106000296,29,52,-23
106000297,47,162,-115
106000298,77,36,41
106000299,46,103,-57
106000300,60,53,7
106000301,44,76,-32
106000303,17,57,-40
106000304,24,37,-13
106000305,33,53,-20
106000306,47,26,21
106000307,40,26,14
106000308,27,56,-29
106000309,30,37,-7
106000310,256,316,-60
106000311,279,132,147
106000312,90,90,0
106000313,199,115,84
106000318,53,333,-280
106000319,770,215,555
106000320,3,54,-51
106000321,261,96,165
106000322,150,69,81
106000324,10,78,-68
106000325,1398,770,628
106000326,681,1001,-320
106000327,171,78,93
106000328,27,93,-66
106000329,52,155,-103
106000330,41,63,-22
106000428,74,128,-54
106000429,142,235,-93
106000430,280,825,-545
106000431,1972,336,1636
106000432,1032,1706,-674
106000433,2126,1152,974
106000434,2595,1332,1263
106000435,915,1688,-773
106000436,10,91,-81
106000437,180,39,141
106000438,357,168,189
106000439,72,237,-165
106000440,193,231,-38
106000441,2,1,1
106000442,144,17,127
106000443,139,140,-1
106000450,1,103,-102
106000451,21,71,-50
106000454,2,171,-169
106000455,3,92,-89
106000456,57,27,30
106000457,18,372,-354
106000458,904,48,856
106000459,135,116,19
106000460,1358,17,1341
106000461,111,440,-329
106000462,1,28,-27
106000463,4,6,-2
106000464,1,182,-181
106000465,636,3,633
106000466,7,212,-205
106000467,172,274,-102
106000468,68,105,-37
106000469,77,5,72
106000470,191,1377,-1186
106000471,12,238,-226
106000472,144,8,136
106000473,22,4,18
106000474,248,232,16
106000475,273,103,170
106000476,115,169,-54
106000477,20,53,-33
106000480,0,242,-242
106900001,0,4,-4
106900002,0,222,-222
106900003,151,519,-368
106900004,0,17,-17
106900006,0,5,-5
106900007,0,9,-9
106900008,330,92,238
106900009,285,154,131
106900010,219,168,51
106900012,837,1745,-908
106900013,386,159,227
106900014,27,4,23
106900015,7,1,6
106900016,299,13,286
106900017,5,0,5
106900018,1,0,1
106900019,38,1,37
106900020,1169,1320,-151
106900021,173,134,39
106900022,765,1,764
106900023,25,140,-115
106900024,454,66,388
106900025,33,394,-361
106900026,2,254,-252
106900027,670,4,666
107000001,2548,4031,-1483
107000002,1713,2917,-1204
107000003,4916,4781,135
107000004,2944,2354,590
107000005,4765,4322,443
107000006,2784,1842,942
107000007,4173,7072,-2899
107000008,4986,3669,1317
107000009,6532,6114,418
107000010,5530,4446,1084
107000011,643,786,-143
107000012,2483,1745,738
107000013,79,47,32
107000014,50,102,-52
107000015,358,396,-38
107000016,659,437,222
107000017,928,1295,-367
107000018,6,1039,-1033
107000020,662,1227,-565
107000021,827,350,477
107000022,506,1065,-559
107000023,1319,171,1148
107000024,426,854,-428
107000025,177,286,-109
107000026,202,267,-65
107000027,1182,606,576
107000028,992,624,368
107000029,2880,2191,689
107000030,1702,1622,80
107000031,3675,1852,1823
107000032,284,669,-385
107000033,1704,2153,-449
107000034,2424,961,1463
107000035,280,164,116
107000036,265,895,-630
107000037,57,512,-455
107000038,151,166,-15
107000039,676,572,104
107000040,162,192,-30
107000041,1219,604,615
107000042,517,1569,-1052
107000043,1422,961,461
107000044,335,203,132
107000045,65,217,-152
107000046,648,331,317
107000047,310,533,-223
107000048,531,190,341
107000049,493,538,-45
107000050,889,435,454
107000051,160,252,-92
107000052,893,876,17
107000053,288,230,58
107000054,58,183,-125
107000055,318,119,199
107000056,337,539,-202
107000057,992,163,829
107000058,1671,1985,-314
107000059,1278,1993,-715
107000060,3782,4003,-221
107000061,3361,2006,1355
107000062,4110,2136,1974
107000063,3028,2603,425
107000064,3698,1918,1780
107000065,2440,2619,-179
107000066,1411,2442,-1031
107000067,887,1027,-140
107000068,892,690,202
107000069,886,503,383
107000070,849,5,844
107000071,3034,43,2991
107000072,22,1345,-1323
107000073,700,454,246
107000074,117,538,-421
107000075,1402,408,994
107000076,338,801,-463
107000077,2968,1262,1706
107000078,1690,1714,-24
107000079,2340,935,1405
107000080,692,1663,-971
107000081,1794,441,1353
107000082,476,765,-289
107000083,1165,379,786
107000084,238,760,-522
107000085,2103,2304,-201
107000086,2373,2059,314
107000087,2543,1541,1002
107000088,2385,2245,140
107000089,1370,1314,56
107000090,802,628,174
107000091,1391,650,741
107000092,704,621,83
107000093,1056,602,454
107000094,713,750,-37
107000095,820,488,332
107000096,380,412,-32
107000097,687,245,442
107000098,403,284,119
107000099,355,211,144
107000100,206,187,19
107000101,61,126,-65
107000102,150,197,-47
107000103,203,138,65
107000104,141,169,-28
107000105,389,78,311
107000106,167,180,-13
107000107,468,140,328
107000108,93,298,-205
107000109,552,119,433
107000110,31,202,-171
107000111,335,34,301
107000112,38,154,-116
107000113,588,107,481
107000114,92,302,-210
107000115,555,157,398
107000116,93,430,-337
107000117,115,692,-577
107000118,95,108,-13
107000119,940,1365,-425
107000120,691,411,280
107000121,820,480,340
107000122,852,477,375
107000123,418,342,76
107000124,476,461,15
107000125,926,356,570
107000126,874,394,480
107000129,155,313,-158
107000130,646,206,440
107000131,306,326,-20
107000132,451,261,190
107000133,322,95,227
107000134,178,0,178
107000135,2,235,-233
107000136,546,5,541
107000137,13,326,-313
107000138,140,31,109
107000139,24,412,-388
107000140,1309,89,1220
107000141,95,491,-396
107000142,420,65,355
107000143,62,396,-334
107000144,461,386,75
107000145,93,284,-191
107000146,164,218,-54
107000147,2337,601,1736
107000150,316,1991,-1675
107000151,14,60,-46
107000152,358,1241,-883
107000153,64,220,-156
107000154,105,241,-136
107000155,704,22,682
107000156,1015,24,991
107000157,22,608,-586
107000158,545,7,538
107000159,25,402,-377
107000160,1124,100,1024
107000161,49,608,-559
107000162,191,368,-177
107000163,126,5,121
107000164,665,0,665
107000165,1250,7,1243
107000166,23,519,-496
107000167,608,129,479
107000168,826,425,401
107000169,392,411,-19
107000170,2074,537,1537
107000171,472,787,-315
107000172,1082,1219,-137
107000173,433,446,-13
107000174,974,4447,-3473
107000175,3181,860,2321
107000176,0,0,0
107000177,3,0,3
107000178,14,12,2
107000179,226,1022,-796
107000180,1351,187,1164
107000181,377,558,-181
107000182,1831,648,1183
107000183,135,416,-281
107000184,1065,480,585
107000185,377,762,-385
107000186,1083,351,732
107000187,1057,736,321
107000188,502,372,130
107000189,349,661,-312
107000190,510,424,86
107000191,576,548,28
107000192,1385,412,973
107000193,364,366,-2
107000194,553,392,161
107000197,815,255,560
107000198,262,507,-245
107000199,632,400,232
107000200,393,466,-73
107000201,355,223,132
107000202,249,315,-66
107000203,723,787,-64
107000204,790,886,-96
107000205,1271,750,521
107000206,408,1113,-705
107000207,386,948,-562
107000208,535,474,61
107000209,890,1037,-147
107000210,286,168,118
107000211,1,42,-41
107000212,29,225,-196
107000213,3,14,-11
107000214,29,97,-68
107000215,399,203,196
107000216,360,221,139
107000217,130,91,39
107000219,95,155,-60
107000220,166,87,79
107000222,203,289,-86
107000224,358,74,284
107000225,142,196,-54
107000226,447,79,368
107000227,71,124,-53
107000228,81,363,-282
107000229,33,42,-9
107000230,752,322,430
107000231,754,1371,-617
107000232,110,13,97
107000233,521,663,-142
107000234,2,59,-57
107000235,78,11,67
107000236,15,326,-311
107000237,56,0,56
107000238,38,0,38
107000239,1537,347,1190
107000240,78,348,-270
107000243,0,37,-37
107000244,3,43,-40
107000246,1,750,-749
107000249,1,897,-896
107000251,5,294,-289
107000252,1,449,-448
107000255,194,104,90
107000257,0,295,-295
107000258,0,129,-129
107000259,1,85,-84
107000260,1366,28,1338
107000262,2,203,-201
107000263,257,3,254
107000266,3,9,-6
107000267,44,61,-17
107000268,59,81,-22
107000269,88,1,87
107000270,143,43,100
107000271,3,58,-55
107000272,84,10,74
107000273,4,165,-161
107000274,639,217,422
107000275,5,857,-852
107000280,762,22,740
107000281,18,327,-309
107000282,25,406,-381
107000290,16,30,-14
107000291,9,8,1
107000292,0,116,-116
107000293,24,2,22
107000294,0,42,-42
107000295,21,0,21
107000296,0,11,-11
107000444,227,6,221
107000496,0,2,-2
107000497,1059,1231,-172
107000500,267,174,93
107000501,68,89,-21
107000502,101,168,-67
107000505,231,456,-225
107000506,0,1,-1
107000508,9,261,-252
107000509,171,418,-247
107000510,18,26,-8
107000514,33,286,-253
107000515,7,63,-56
107000516,352,254,98
107000518,986,1400,-414
107000519,782,495,287
107000520,67,38,29
107000521,512,180,332
107000522,897,318,579
107900001,70,59,11
107900002,48,5,43
107900003,187,6,181
107900004,48,0,48
107900005,1333,16,1317
107900006,189,0,189
107900007,367,23,344
107900008,48,4,44
107900009,78,4,74
107900010,44,3,41
107900012,285,70,215
107900013,169,19,150
107900014,37,0,37
107900015,1050,10,1040
107900016,206,60,146
107900017,25,1,24
107900018,93,191,-98
107900019,35,15,20
107900020,38,6,32
107900021,88,44,44
107900023,3,2,1
107900024,0,1,-1
107900025,159,189,-30
107900026,62,21,41
107900027,11,22,-11
107900028,124,39,85
107900030,134,28,106
107900031,69,59,10
107900032,13,2,11
107900033,10,6,4
107900034,249,25,224
107900035,792,50,742
107900036,59,32,27
107900037,0,4,-4
107900038,82,215,-133
107900039,33,29,4
107900040,31,118,-87
107900041,3,1,2
107900043,60,72,-12
107900044,6,7,-1
107900045,121,47,74
107900046,143,162,-19
107900047,34,3,31
107900048,227,23,204
107900049,197,786,-589
107900050,87,131,-44
107900051,67,24,43
107900052,34,32,2
107900053,52,47,5
107900055,536,208,328
107900056,85,52,33
107900057,1,0,1
107900058,19,277,-258
107900060,11,42,-31
107900061,7,10,-3
107900063,79,109,-30
107900064,241,174,67
107900065,210,3,207
107900066,45,1,44
107900067,0,0,0
107900068,96,448,-352
107900069,26,1731,-1705
107900070,124,49,75
107900071,25,345,-320
107900072,153,84,69
107900073,167,35,132
107900074,348,263,85
107900076,141,47,94
107900077,76,0,76
107900078,140,41,99
107900079,9,15,-6
107900080,175,499,-324
107900081,40,65,-25
107900082,5,8,-3
107900083,276,136,140
107900084,88,125,-37
107900086,37,159,-122
107900087,322,146,176
107900088,58,7,51
107900089,162,571,-409
107900090,401,2157,-1756
107900091,148,160,-12
107900092,955,246,709
107900093,39,38,1
107900095,1719,1776,-57
107900097,17,47,-30
107900098,75,140,-65
107900100,543,1063,-520
107900101,527,110,417
107900102,21,8,13
107900103,52,104,-52
107900104,116,8,108
107900105,3,89,-86
107900106,3,427,-424
107900107,791,388,403
107900108,111,127,-16
107900109,1344,30,1314
107900110,54,30,24
107900111,5,333,-328
107900112,73,350,-277
107900113,217,48,169
107900114,160,66,94
107900115,1,22,-21
107900116,179,89,90
107900117,214,151,63
107900118,58,71,-13
107900119,76,217,-141
107900120,28,31,-3
107900121,1,62,-61
107900122,1,63,-62
107900123,2,50,-48
107900124,5,19,-14
107900125,14,133,-119
107900126,6,54,-48
107900127,309,254,55
107900128,56,75,-19
107900129,53,13,40
107900130,61,11,50
107900131,234,240,-6
107900132,79,158,-79
107900133,2,30,-28
107900134,26,92,-66
107900135,6,93,-87
107900136,21,28,-7
107900137,97,108,-11
107900138,59,28,31
107900139,51,34,17
107900141,33,19,14
107900142,56,347,-291
107900143,47,10,37
107900144,3,86,-83
107900145,6,42,-36
107900146,55,117,-62
107900147,30,28,2
107900148,95,75,20
107900149,425,113,312
107900150,41,247,-206
107900151,35,60,-25
107900152,7,96,-89
107900153,68,275,-207
107900154,49,15,34
107900155,86,43,43
107900156,0,135,-135
107900157,36,36,0
107900158,775,22,753
107900159,33,353,-320
107900160,107,101,6
107900161,39,74,-35
107900162,0,63,-63
107900163,21,35,-14
107900164,11,27,-16
107900165,11,107,-96
107900166,17,105,-88
107900167,10,25,-15
107900168,23,26,-3
107900169,5,113,-108
107900171,8,488,-480
107900172,0,158,-158
107900173,18,75,-57
107900174,170,5,165
107900175,9,33,-24
107900176,29,15,14
107900177,1,107,-106
107900178,3,82,-79
107900179,26,72,-46
107900180,273,570,-297
107900181,286,250,36
107900182,1,498,-497
107900183,37,122,-85
107900184,88,86,2
107900185,148,1,147
107900186,28,43,-15
107900187,5,53,-48
107900188,302,108,194
107900189,22,47,-25
107900190,35,122,-87
107900191,52,81,-29
107900193,4,42,-38
107900194,186,8,178
107900195,909,218,691
107900196,47,47,0
107900197,376,340,36
107900199,3,385,-382
107900201,78,55,23
107900203,18,35,-17
107900204,142,159,-17
107900205,151,219,-68
107900206,818,210,608
107900207,10,276,-266
107900208,9,213,-204
107900209,157,93,64
107900210,41,50,-9
107900213,344,384,-40
107900214,7,41,-34
107900215,102,295,-193
107900216,110,41,69
107900217,28,75,-47
107900218,31,793,-762
107900219,30,55,-25
107900220,95,221,-126
107900221,104,133,-29
107900223,78,270,-192
107900224,89,331,-242
107900225,5,296,-291
107900226,64,54,10
107900227,79,235,-156
107900228,28,54,-26
107900229,0,103,-103
107900230,16,37,-21
107900231,14,116,-102
107900232,105,59,46
107900233,5,52,-47
107900234,106,68,38
107900235,20,72,-52
107900236,124,34,90
107900237,42,212,-170
107900238,18,45,-27
107900239,350,440,-90
107900240,19,62,-43
107900241,7,27,-20
107900242,19,83,-64
107900243,2,34,-32
107900244,289,3,286
107900245,641,32,609
107900246,281,16,265
107900248,557,141,416
107900249,792,31,761
107900250,2,217,-215
107900251,40,633,-593
107900252,968,22,946
107900253,202,4,198
107900254,58,186,-128
107900255,148,80,68
107900256,663,729,-66
107900257,180,109,71
107900258,77,142,-65
107900259,61,1863,-1802
107900261,0,153,-153
107900262,35,61,-26
107900264,347,7,340
107900265,102,83,19
107900267,213,7,206
107900268,1,2,-1
107900269,0,1,-1
107900270,0,0,0
107900271,1,15,-14
107900272,29,21,8
107900273,41,46,-5
107900274,135,0,135
107900275,26,0,26
107900276,0,58,-58
107900277,0,86,-86
107900278,246,177,69
107900279,43,80,-37
107900280,1497,1367,130
107900281,452,2692,-2240
107900282,29,461,-432
107900283,522,430,92
107900284,506,302,204
107900285,102,36,66
107900286,74,61,13
107900287,216,142,74
107900290,0,143,-143
107900291,431,25,406
107900292,86,79,7
107900293,67,197,-130
107900295,44,20,24
107900297,2,190,-188
107900298,490,407,83
107900299,1807,2153,-346
107900300,66,221,-155
107900301,583,647,-64
107900302,85,33,52
107900303,207,150,57
107900304,360,211,149
107900305,283,2,281
107900306,7,29,-22
107900307,28,188,-160
107900308,192,110,82
107900309,57,1,56
107900310,276,7,269
107900311,5,447,-442
107900312,51,0,51
107900313,0,127,-127
107900314,0,26,-26
107900315,0,36,-36
107900316,39,0,39
107900317,80,6,74
107900318,12,93,-81
107900319,2,71,-69
107900320,1,75,-74
107900321,114,1,113
107900322,0,42,-42
107900323,7,75,-68
107900324,90,1,89
107900325,87,1,86
107900326,247,110,137
107900327,1,46,-45
107900328,56,2,54
107900329,35,64,-29
107900330,4,126,-122
107900331,232,12,220
107900332,289,20,269
107900333,68,18,50
107900334,4,78,-74
107900335,30,53,-23
107900336,33,73,-40
107900337,447,736,-289
107900338,3,80,-77
107900339,0,7,-7
107900340,0,54,-54
107900341,56,0,56
107900342,121,73,48
107900343,44,2,42
107900344,3,21,-18
107900345,47,18,29
107900346,13,0,13
107900347,15,2,13
107900348,0,0,0
107900349,13,6,7
107900350,3,117,-114
107900351,2,85,-83
107900352,0,16,-16
107900353,12,5,7
107900354,6,23,-17
108000001,2719,2862,-143
108000002,1330,1397,-67
108000003,2778,2913,-135
108000004,7921,8874,-953
108000005,5907,5075,832
108000006,4704,4435,269
108000007,4235,3047,1188
108000008,2865,3585,-720
108000009,3262,3756,-494
108000010,2243,2615,-372
108000011,9805,9406,399
108000012,9138,8657,481
108000014,422,734,-312
108000015,788,180,608
108000016,246,624,-378
108000017,856,280,576
108000018,1556,564,992
108000019,1086,673,413
108000020,1075,414,661
108000021,249,1042,-793
108000022,292,771,-479
108000023,1094,150,944
108000024,201,234,-33
108000025,288,180,108
108000026,694,212,482
108000027,704,307,397
108000028,601,129,472
108000029,498,256,242
108000030,483,139,344
108000031,122,321,-199
108000032,1563,492,1071
108000033,644,635,9
108000034,1592,351,1241
108000035,525,1157,-632
108000036,276,572,-296
108000037,1597,304,1293
108000038,2280,438,1842
108000039,332,1059,-727
108000040,1643,816,827
108000041,510,1311,-801
108000042,327,155,172
108000043,264,124,140
108000044,512,115,397
108000045,232,226,6
108000046,1247,228,1019
108000047,390,478,-88
108000048,137,200,-63
108000049,767,159,608
108000050,55,256,-201
108000051,367,150,217
108000052,135,374,-239
108000053,393,192,201
108000054,303,738,-435
108000055,929,578,351
108000056,623,934,-311
108000057,489,1131,-642
108000058,1517,2981,-1464
108000059,1909,1286,623
108000060,187,368,-181
108000061,122,160,-38
108000062,830,513,317
108000063,400,289,111
108000064,252,201,51
108000065,390,279,111
108000066,1117,593,524
108000067,1564,510,1054
108000068,695,260,435
108000069,186,564,-378
108000070,1702,512,1190
108000071,463,842,-379
108000072,1526,797,729
108000073,906,1017,-111
108000074,508,296,212
108000075,292,421,-129
108000076,692,435,257
108000077,483,371,112
108000078,1862,865,997
108000079,577,832,-255
108000080,1242,353,889
108000081,471,739,-268
108000082,617,1040,-423
108000083,1687,774,913
108000084,306,635,-329
108000085,800,379,421
108000086,505,361,144
108000087,116,1832,-1716
108000088,178,5,173
108000089,284,244,40
108000090,419,134,285
108000091,272,337,-65
108000092,139,53,86
108000093,153,261,-108
108000094,516,69,447
108000095,156,179,-23
108000096,357,128,229
108000097,174,250,-76
108000098,1579,781,798
108000099,212,45,167
108000100,61,176,-115
108000101,1064,1377,-313
108000102,1278,2731,-1453
108000106,581,1,580
108000107,0,503,-503
108000108,459,38,421
108000109,4,519,-515
108000110,220,247,-27
108000111,121,357,-236
108000112,52,123,-71
108000113,289,130,159
108000115,250,269,-19
108000117,475,365,110
108000118,55,195,-140
108000119,359,196,163
108000120,125,668,-543
108000121,120,271,-151
108000122,552,248,304
108000123,648,98,550
108000124,284,290,-6
108000125,384,157,227
108000126,107,220,-113
108000127,489,193,296
108000128,633,207,426
108000129,222,480,-258
108000130,407,178,229
108000131,700,477,223
108000132,1100,769,331
108000133,928,488,440
108000134,338,288,50
108000135,1004,379,625
108000136,256,442,-186
108000137,466,145,321
108000138,376,426,-50
108000139,472,157,315
108000140,95,19,76
108000141,42,40,2
108000142,44,30,14
108000143,51,14,37
108000144,27,4,23
108000145,40,7,33
108000146,66,4,62
108000147,21,16,5
108000148,56,8,48
108000149,12,4,8
108000150,27,5,22
108000151,7,4,3
108000152,123,234,-111
108000153,683,88,595
108000154,22,3,19
108000155,30,16,14
108000156,167,82,85
108000157,138,1013,-875
108000158,48,639,-591
108000159,272,126,146
108000160,1429,830,599
108000161,1219,2134,-915
108000165,2,212,-210
108000172,2,222,-220
108000173,845,1612,-767
108000175,596,93,503
108000178,301,257,44
108000179,103,745,-642
108000181,50,19,31
108000182,68,9,59
108000183,7,4,3
108000184,535,2027,-1492
108000185,200,194,6
108000186,140,30,110
108000187,92,234,-142
108000188,546,136,410
108000189,333,1071,-738
108000190,14,92,-78
108000192,178,283,-105
108000193,361,34,327
108000194,33,5,28
108000195,3,556,-553
108000196,131,128,3
108000198,436,131,305
108000199,0,219,-219
108000200,358,175,183
108000203,140,264,-124
108000204,116,52,64
108000205,118,182,-64
108000339,640,263,377
108000364,69,172,-103
108000365,31,209,-178
108000367,116,192,-76
108000368,7,32,-25
108000369,341,143,198
108000371,3,400,-397
108000372,457,2,455
108000373,160,72,88
108000376,96,37,59
108000377,456,175,281
108000378,7114,8720,-1606
108000379,20,147,-127
108000381,78,13,65
108000382,81,0,81
108000383,0,129,-129
108900001,55,418,-363
108900002,149,65,84
108900003,260,370,-110
108900004,70,339,-269
108900005,50,422,-372
108900006,592,119,473
108900007,342,133,209
108900008,109,112,-3
108900009,106,108,-2
108900010,311,114,197
108900011,664,293,371
108900012,363,250,113
108900013,150,184,-34
108900014,19,89,-70
108900015,0,120,-120
108900016,0,134,-134
108900017,212,392,-180
108900018,141,213,-72
108900019,40,293,-253
108900020,52,98,-46
108900021,138,136,2
108900022,114,11,103
108900023,9,29,-20
108900024,40,39,1
108900025,157,66,91
108900026,19,62,-43
108900027,0,32,-32
108900028,70,123,-53
108900029,60,128,-68
108900030,0,64,-64
108900031,96,154,-58
108900032,10,106,-96
108900033,0,72,-72
108900034,0,76,-76
108900035,215,577,-362
108900036,150,179,-29
108900037,38,155,-117
108900038,0,194,-194
108900039,0,199,-199
108900040,6,60,-54
108900041,2973,2865,108
108900042,4,317,-313
108900043,45,308,-263
108900044,1,202,-201
108900045,62,268,-206
108900046,36,316,-280
108900047,1,125,-124
108900048,72,438,-366
108900049,1243,1342,-99
108900050,2,124,-122
108900051,0,92,-92
108900052,31,86,-55
108900053,50,203,-153
108900054,50,134,-84
108900055,26,261,-235
108900056,0,65,-65
108900057,3,67,-64
108900058,36,138,-102
108900059,509,48,461
108900060,73,140,-67
108900061,57,27,30
108900062,9,134,-125
108900063,11,112,-101
108900064,232,39,193
108900065,5,80,-75
108900066,435,103,332
108900067,7,86,-79
108900068,11,66,-55
108900069,56,35,21
108900070,31,65,-34
108900071,115,49,66
108900072,1164,448,716
108900073,32,144,-112
108900074,232,111,121
108900075,38,45,-7
108900076,370,43,327
108900077,73,212,-139
108900078,52,57,-5
108900079,392,121,271
108900080,23,670,-647
108900081,36,196,-160
108900082,126,46,80
108900083,10,206,-196
108900084,330,136,194
108900085,1019,114,905
108900086,140,132,8
108900087,75,123,-48
108900088,847,311,536
108900089,21,123,-102
108900090,55,113,-58
108900091,109,51,58
108900092,430,213,217
108900093,107,83,24
108900094,180,56,124
108900095,29,145,-116
108900096,186,3,183
108900097,278,138,140
108900098,1060,662,398
108900099,303,119,184
108900100,77,80,-3
108900101,169,218,-49
108900102,89,1009,-920
108900103,93,117,-24
108900104,83,230,-147
108900105,5,1138,-1133
108900106,528,166,362
108900108,301,37,264
108900109,390,54,336
108900110,204,159,45
108900111,401,288,113
108900112,273,25,248
108900113,22,85,-63
108900114,69,6,63
108900115,111,68,43
108900116,48,15,33
108900117,208,18,190
108900118,647,23,624
108900119,336,17,319
108900120,269,242,27
108900121,270,101,169
108900122,125,19,106
108900123,139,104,35
108900124,428,171,257
108900125,420,4,416
108900126,93,35,58
108900127,189,30,159
108900128,128,41,87
108900129,731,125,606
108900130,346,1,345
108900131,361,4,357
108900132,441,56,385
108900133,247,51,196
108900134,399,157,242
108900135,201,16,185
108900136,46,0,46
108900137,144,4,140
108900138,772,47,725
108900139,554,52,502
108900140,369,121,248
108900141,296,12,284
108900142,77,7,70
108900143,110,0,110
108900144,88,2,86
108900145,200,8,192
108900146,64,1,63
108900147,247,0,247
108900148,51,20,31
108900149,367,140,227
108900150,198,11,187
108900151,114,28,86
108900152,215,11,204
108900153,202,134,68
108900154,3942,338,3604
108900155,208,59,149
108900156,97,4,93
108900157,15,231,-216
108900158,349,20,329
108900159,3,88,-85
108900160,14,138,-124
108900161,14,161,-147
108900162,90,0,90
108900163,8,281,-273
108900164,39,45,-6
108900165,107,53,54
108900167,751,6716,-5965
108900168,3770,2244,1526
108900169,35,82,-47
108900171,3240,2613,627
108900172,148,46,102
108900173,83,232,-149
108900174,865,458,407
108900176,109,274,-165
108900177,2494,4595,-2101
108900178,2156,3050,-894
108900179,382,1741,-1359
108900180,148,209,-61
108900182,37,291,-254
108900183,214,148,66
108900184,444,155,289
108900185,86,192,-106
108900186,66,193,-127
108900187,401,35,366
108900188,751,38,713
108900189,370,106,264
108900190,76,1291,-1215
108900191,162,28,134
108900192,85,175,-90
108900193,49,34,15
108900194,13,168,-155
108900195,71,119,-48
108900196,30,131,-101
108900198,3,189,-186
108900199,195,210,-15
108900200,513,303,210
108900201,372,1002,-630
108900203,409,117,292
108900204,331,15,316
108900205,146,25,121
108900206,391,60,331
108900207,177,102,75
108900208,9,170,-161
108900209,144,315,-171
108900210,153,154,-1
108900211,138,417,-279
108900212,281,1101,-820
108900215,55,215,-160
108900216,217,223,-6
108900217,104,0,104
108900218,57,17,40
108900219,60,9,51
108900220,50,14,36
108900221,21,131,-110
108900222,214,23,191
108900223,11,97,-86
108900224,17,120,-103
108900225,0,95,-95
108900226,16,4,12
108900227,89,346,-257
108900230,119,146,-27
108900231,15,122,-107
108900232,1,132,-131
108900233,318,104,214
108900234,294,118,176
108900235,123,267,-144
108900236,16,159,-143
108900237,52,103,-51
108900240,75,80,-5
108900241,34,42,-8
108900245,16,1162,-1146
108900249,106,22,84
108900250,175,70,105
108900257,205,181,24
108900258,7,106,-99
108900259,21,28,-7
108900260,2,38,-36
108900261,37,61,-24
108900262,89,87,2
108900263,21,87,-66
108900264,260,207,53
108900265,449,339,110
108900266,336,634,-298
108900267,7,160,-153
108900268,2,8,-6
108900269,92,12,80
108900270,77,10,67
108900271,66,26,40
108900272,192,12,180
108900273,432,662,-230
108900274,58,30,28
109000001,1713,1597,116
109000002,728,1482,-754
109000003,2175,345,1830
109000004,423,1277,-854
109000005,2016,471,1545
109000006,574,1257,-683
109000007,1440,465,975
109000008,522,1156,-634
109000009,2953,1051,1902
109000010,829,2381,-1552
109000011,2964,1563,1401
109000012,1486,1947,-461
109000013,3300,2580,720
109000014,1560,1545,15
109000015,3050,6676,-3626
109000016,3724,1845,1879
109000017,2203,908,1295
109000018,782,1572,-790
109000019,2239,1175,1064
109000020,824,1170,-346
109000023,201,23,178
109000024,20,101,-81
109000025,263,369,-106
109000026,332,230,102
109000027,102,298,-196
109000028,103,68,35
109000029,79,178,-99
109000030,42,321,-279
109000031,173,139,34
109000032,114,327,-213
109000033,249,132,117
109000034,56,43,13
109000035,5,36,-31
109000036,95,242,-147
109000037,230,1419,-1189
109000038,331,251,80
109000039,784,729,55
109000040,2493,8557,-6064
109000041,1434,1394,40
109000042,419,1056,-637
109000044,394,59,335
109000045,105,236,-131
109000046,350,78,272
109000047,58,280,-222
109000048,566,171,395
109000049,172,384,-212
109000050,316,195,121
109000051,198,154,44
109000052,500,411,89
109000053,200,83,117
109000054,330,262,68
109000055,280,229,51
109000056,287,219,68
109000057,666,320,346
109000058,501,151,350
109000059,382,1022,-640
109000060,192,172,20
109000061,426,971,-545
109000062,99,322,-223
109000063,179,97,82
109000064,231,110,121
109000065,164,152,12
109000066,349,34,315
109000067,50,135,-85
109000068,883,5,878
109000069,473,27,446
109000070,22,1449,-1427
109000071,345,50,295
109000072,59,233,-174
109000073,44,61,-17
109000074,21,118,-97
109000075,48,205,-157
109000076,113,200,-87
109000077,186,146,40
109000078,74,97,-23
109000079,78,90,-12
109000080,245,60,185
109000081,124,212,-88
109000082,657,123,534
109000083,196,275,-79
109000088,122,333,-211
109000089,274,52,222
109000090,92,252,-160
109000091,282,140,142
109000092,244,250,-6
109000093,227,168,59
109000094,594,1,593
109000095,80,227,-147
109000096,626,216,410
109000097,79,105,-26
109000098,47,107,-60
109000099,697,174,523
109000100,147,446,-299
109000101,1396,416,980
109000102,311,557,-246
109000103,371,308,63
109000104,1566,375,1191
109000105,362,621,-259
109000106,1610,540,1070
109000107,487,991,-504
109000108,1576,418,1158
109000109,329,888,-559
109000110,993,486,507
109000111,542,1132,-590
109000112,294,76,218
109000113,324,181,143
109000114,120,248,-128
109000115,786,18,768
109000116,4,184,-180
109000117,231,40,191
109000118,13,181,-168
109000119,1301,122,1179
109000120,172,414,-242
109000121,555,31,524
109000122,110,346,-236
109000123,35,27,8
109000124,678,234,444
109000125,749,198,551
109000126,423,447,-24
109000127,929,123,806
109000128,383,663,-280
109000129,2146,639,1507
109000130,459,738,-279
109000131,760,569,191
109000132,544,994,-450
109000133,252,497,-245
109000134,625,830,-205
109000135,614,980,-366
109000136,209,210,-1
109000137,264,288,-24
109000138,437,160,277
109000139,467,267,200
109000140,254,199,55
109000141,465,251,214
109000142,121,342,-221
109000143,83,51,32
109000145,122,199,-77
109000146,33,80,-47
109000148,1818,1916,-98
109000149,9,62,-53
109000150,48,248,-200
109000155,752,511,241
109000156,691,363,328
109000158,68,162,-94
109000159,64,217,-153
109000160,843,116,727
109000161,355,596,-241
109000162,1695,487,1208
109000163,943,1069,-126
109000164,1027,1504,-477
109000165,1173,380,793
109000166,659,113,546
109000167,93,281,-188
109000170,26,28,-2
109000171,44,56,-12
109000172,27,74,-47
109000173,29,57,-28
109000174,83,27,56
109000175,30,47,-17
109000176,253,127,126
109000177,21,75,-54
109000178,878,260,618
109000179,2445,4607,-2162
109000180,2836,2860,-24
109000181,21,12,9
109000182,60,16,44
109000183,72,14,58
109000184,41,19,22
109000185,14,9,5
109000188,429,928,-499
109000189,2179,594,1585
109000190,458,265,193
109000191,314,289,25
109000192,413,150,263
109000193,162,133,29
109000194,267,69,198
109000195,123,174,-51
109000196,235,93,142
109000197,182,192,-10
109000198,289,53,236
109000199,108,274,-166
109000206,160,36,124
109000207,87,13,74
109000208,74,68,6
109000209,107,60,47
109000210,108,344,-236
109000211,617,326,291
109000214,358,139,219
109000215,136,46,90
109000216,268,185,83
109000217,171,131,40
109000218,442,190,252
109000221,292,619,-327
109000222,761,190,571
109000223,309,305,4
109000224,39,60,-21
109000225,83,25,58
109000226,40,95,-55
109000227,1045,452,593
109000228,4,1576,-1572
109000231,2,154,-152
109000232,417,184,233
109000236,204,400,-196
109000241,1761,1251,510
109000242,1321,816,505
109000293,16,70,-54
109000361,86,154,-68
109000364,126,344,-218
109000396,3,264,-261
109000397,599,9,590
109000399,92,236,-144
109000400,73,133,-60
109000403,49,727,-678
109000406,262,6,256
109000407,193,138,55
109000408,1,193,-192
109000410,720,135,585
109000411,187,17,170
109900001,70,0,70
109900002,888,30,858
109900003,225,0,225
109900004,537,65,472
109900005,19,2,17
109900006,406,106,300
109900007,768,253,515
109900008,0,13,-13
109900009,87,263,-176
109900010,507,6,501
109900011,92,44,48
109900012,287,171,116
109900013,299,158,141
109900014,350,44,306
109900015,327,197,130
109900016,145,11,134
109900017,151,189,-38
109900018,222,26,196
109900019,308,41,267
109900020,30,33,-3
109900021,28,10,18
109900022,93,138,-45
109900023,19,5,14
109900024,28,4,24
109900025,16,36,-20
109900026,0,112,-112
109900027,30,15,15
109900028,484,929,-445
109900029,2,151,-149
109900030,35,2,33
109900031,1,113,-112
109900032,5,187,-182
109900033,8,338,-330
109900034,43,0,43
109900035,19,22,-3
109900036,37,35,2
109900037,25,251,-226
109900038,94,171,-77
109900039,10,0,10
109900040,24,287,-263
109900041,45,162,-117
109900042,32,319,-287
109900044,145,141,4
109900045,76,50,26
109900046,30,40,-10
109900047,224,229,-5
109900048,0,73,-73
109900049,13,25,-12
109900050,0,74,-74
109900051,0,33,-33
109900052,47,134,-87
109900053,1,107,-106
109900054,711,141,570
109900055,59,161,-102
109900056,15,178,-163
109900057,2,62,-60
109900058,0,43,-43
109900059,891,85,806
109900060,530,72,458
109900061,36,172,-136
109900062,0,60,-60
109900063,6,331,-325
109900064,444,105,339
109900065,30,104,-74
109900066,190,416,-226
109900067,1,116,-115
109900068,70,8,62
109900069,3,40,-37
109900070,20,171,-151
109900071,0,18,-18
109900072,9,85,-76
109900073,342,198,144
109900074,16,18,-2
109900075,38,20,18
109900076,10,71,-61
109900077,33,48,-15
109900078,53,161,-108
109900080,71,160,-89
109900081,15,193,-178
109900082,38,178,-140
109900083,25,42,-17
109900084,37,66,-29
109900085,172,378,-206
109900086,88,369,-281
109900087,222,418,-196
109900089,588,158,430
109900090,414,634,-220
109900091,293,56,237
109900092,268,12,256
109900093,869,139,730
109900094,68,78,-10
109900095,121,112,9
109900096,21,3,18
109900097,140,1,139
109900098,446,40,406
109900099,200,2,198
109900100,41,0,41
109900101,570,10,560
109900102,417,21,396
109900103,34,29,5
109900104,613,263,350
109900105,461,12,449
109900106,297,42,255
109900107,411,38,373
109900108,101,174,-73
109900109,52,108,-56
109900110,83,165,-82
109900111,205,450,-245
109900112,198,257,-59
109900113,681,502,179
109900114,951,918,33
109900115,147,52,95
109900117,1051,58,993
109900118,123,257,-134
109900119,398,211,187
109900120,45,34,11
109900121,253,436,-183
109900122,397,7,390
109900123,9,81,-72
109900124,43,225,-182
109900125,1,111,-110
109900126,264,58,206
109900128,301,24,277
109900130,3174,2361,813
109900131,31,102,-71
109900132,13,86,-73
109900133,78,165,-87
109900134,58,66,-8
109900135,221,36,185
109900136,44,93,-49
109900137,107,118,-11
109900140,211,85,126
109900142,1283,172,1111
109900145,4,415,-411
109900146,284,31,253
109900148,36,78,-42
109900149,13,48,-35
109900150,9,65,-56
109900151,3,28,-25
109900152,0,20,-20
109900153,0,48,-48
109900154,66,0,66
109900155,64,10,54
109900157,35,138,-103
109900158,62,96,-34
109900159,128,30,98
109900160,147,47,100
109900161,210,70,140
109900162,199,97,102
109900163,324,227,97
109900164,59,109,-50
109900165,239,1,238
109900166,1,80,-79
109900167,96,250,-154
109900168,196,333,-137
109900169,203,126,77
109900170,147,868,-721
109900171,186,67,119
109900172,194,141,53
109900173,1270,1866,-596
109900174,40,82,-42
109900175,117,65,52
109900176,105,116,-11
109900177,40,113,-73
109900178,15,67,-52
109900179,47,5,42
109900180,2,14,-12
110000001,605,384,221
110000002,398,577,-179
110000003,583,562,21
110000004,393,517,-124
110000005,243,1274,-1031
110000006,225,254,-29
110000007,81,70,11
110000008,14,49,-35
110000009,53,20,33
110000010,32,51,-19
110000011,46,54,-8
110000012,448,235,213
110000013,26,423,-397
110000014,372,225,147
110000015,181,458,-277
110000016,149,1244,-1095
110000017,1804,201,1603
110000018,1314,199,1115
110000019,2,56,-54
110000020,275,162,113
110000021,331,345,-14
110000022,822,150,672
110000023,2,83,-81
110000024,447,253,194
110000025,414,8,406
110000026,9,137,-128
110000027,763,536,227
110000028,776,454,322
110000029,335,346,-11
110000030,191,236,-45
110000031,205,265,-60
110000032,603,304,299
110000033,218,78,140
110000034,404,392,12
110000035,594,326,268
110000036,807,353,454
110000037,161,199,-38
110000038,225,419,-194
110000039,657,2581,-1924
110000040,246,202,44
110000041,247,1247,-1000
110000042,50,305,-255
110000043,625,221,404
110000044,59,314,-255
110000045,277,80,197
110000046,3,23,-20
110000047,14,30,-16
110000048,9,14,-5
110000049,13,8,5
110000050,6,63,-57
110000051,15,9,6
110000052,22,32,-10
110000053,136,38,98
110000054,137,278,-141
110000055,270,64,206
110000056,76,94,-18
110000057,318,396,-78
110000058,830,299,531
110000059,956,333,623
110000060,928,737,191
110000061,622,463,159
110000062,544,674,-130
110000063,60,160,-100
110000064,48,23,25
110000065,81,70,11
110000066,70,18,52
110000067,68,79,-11
110000068,266,75,191
110000069,323,34,289
110000071,210,43,167
110000073,16,7,9
110000075,8,70,-62
110000076,224,308,-84
110000077,246,777,-531
110000078,47,32,15
110000080,222,432,-210
110000081,68,160,-92
110000082,22,290,-268
110000083,197,418,-221
110000084,1095,747,348
110000085,827,1052,-225
110000086,900,1846,-946
110000087,10,41,-31
110000088,104,122,-18
110000089,201,44,157
110000090,96,136,-40
110000091,559,164,395
110000092,15,39,-24
110000093,33,18,15
110000094,334,142,192
110000095,124,507,-383
110000096,998,1430,-432
110000097,938,1164,-226
110000098,1621,530,1091
110000099,503,1161,-658
110000100,932,260,672
110000101,42,134,-92
110000102,75,14,61
110000104,340,125,215
110000105,43,205,-162
110000106,497,440,57
110000107,190,204,-14
110000108,95,103,-8
110000109,164,193,-29
110000110,1509,3880,-2371
110000111,2905,2212,693
110000112,565,923,-358
110000113,199,2003,-1804
110000114,156,560,-404
110000115,315,200,115
110000116,32,44,-12
110000117,228,137,91
110000118,400,104,296
110000119,228,163,65
110000120,261,80,181
110000121,52,282,-230
110000122,364,384,-20
110000123,569,530,39
110000124,2,527,-525
110000125,845,4,841
110000126,259,29,230
110000127,960,53,907
110000128,41,799,-758
110000129,2,320,-318
110000130,200,179,21
110000131,69,161,-92
110000132,0,379,-379
110000133,54,318,-264
110000134,21,278,-257
110000135,135,29,106
110000136,64,167,-103
110000137,470,398,72
110000138,646,422,224
110000139,732,519,213
110000140,671,723,-52
110000143,376,285,91
110000144,3834,1683,2151
110000145,1675,1078,597
110000146,1577,990,587
110000147,393,499,-106
110000148,381,138,243
110000151,754,839,-85
110000152,644,320,324
110000153,242,24,218
110000154,32,21,11
110000155,1205,3049,-1844
110000156,912,2020,-1108
110000157,1537,1926,-389
110000160,285,162,123
110000161,157,139,18
110000166,564,86,478
110000167,759,459,300
110000168,888,463,425
110000169,672,300,372
110000170,117,53,64
110000171,551,104,447
110000172,117,483,-366
110000173,786,676,110
110000174,118,434,-316
110000175,565,42,523
110000176,98,312,-214
110000177,189,652,-463
110000178,315,1204,-889
110000179,552,241,311
110000180,201,143,58
110000181,453,274,179
110000182,252,78,174
110000183,4439,5278,-839
110000184,218,1811,-1593
110000185,550,482,68
110000186,499,555,-56
110000191,1036,138,898
110000192,483,13,470
110000193,950,12,938
110000194,11,475,-464
110000195,484,169,315
110000196,330,150,180
110000197,84,95,-11
110000198,95,47,48
110000199,57,128,-71
110000200,912,321,591
110000201,756,852,-96
110000202,1008,516,492
110000203,471,460,11
110000204,4,120,-116
110000205,125,34,91
110000206,345,567,-222
110000207,1088,256,832
110000208,185,177,8
110000209,84,432,-348
110000210,1144,285,859
110000211,645,329,316
110000212,371,856,-485
110000213,219,45,174
110000214,289,66,223
110000215,144,164,-20
110000216,103,166,-63
110000217,386,83,303
110000218,167,165,2
110000219,339,43,296
110000220,79,127,-48
110000221,331,30,301
110000222,55,125,-70
110000223,2,103,-101
110000224,40,3,37
110000225,185,534,-349
110000226,196,51,145
110000227,653,669,-16
110000228,175,118,57
110000229,1,117,-116
110000230,419,338,81
110000231,136,126,10
110000232,268,167,101
110000233,235,177,58
110000234,424,477,-53
110000235,620,714,-94
110000236,564,350,214
110000237,1626,819,807
110000238,854,977,-123
110000239,1634,783,851
110000240,0,38,-38
110000242,0,10,-10
110000243,107,65,42
110000244,97,190,-93
110000245,22,224,-202
110000246,701,307,394
110000247,834,2679,-1845
110000248,1222,947,275
110000249,72,6,66
110000250,28,94,-66
110000251,316,272,44
110000252,202,107,95
110000253,1217,466,751
110000254,481,623,-142
110000255,146,629,-483
110000256,324,217,107
110000257,440,241,199
110000258,4,214,-210
110000259,115,22,93
110000260,35,91,-56
110000263,504,91,413
110000264,327,221,106
110000265,857,1285,-428
110000266,947,1833,-886
110000267,37,109,-72
110000268,227,291,-64
110000269,6,57,-51
110000270,91,2,89
110000271,885,197,688
110000272,968,819,149
110000273,1649,1074,575
110000274,164,1384,-1220
110000275,978,449,529
110000276,306,287,19
110000277,350,199,151
110000278,297,441,-144
110000279,681,526,155
110000280,445,238,207
110000281,40,226,-186
110000282,165,13,152
110000283,24,69,-45
110000284,26,21,5
110000285,2,458,-456
110000286,4,0,4
110000287,60,1,59
110000288,5,65,-60
110000289,375,1819,-1444
110000290,505,475,30
110000291,2562,868,1694
110000292,959,3631,-2672
110000293,605,467,138
110000294,980,760,220
110000295,117,452,-335
110000296,389,184,205
110000297,1683,283,1400
110000298,113,365,-252
110000299,118,55,63
110000301,216,22,194
110000302,362,512,-150
110000303,340,15,325
110000304,188,159,29
110000305,1022,22,1000
110000306,170,744,-574
110000307,1375,12,1363
110000308,485,14,471
110000309,6,462,-456
110000310,653,57,596
110000311,9,399,-390
110000312,348,125,223
110000313,1678,2268,-590
110000314,0,160,-160
110000315,2053,1878,175
110000316,377,862,-485
110000317,281,440,-159
110000318,4,29,-25
110000319,14,29,-15
110000320,41,21,20
110000321,22,35,-13
110000322,236,197,39
110000323,434,113,321
110000324,2049,1284,765
110000325,1697,2419,-722
110000327,366,219,147
110000328,138,299,-161
110000333,852,541,311
110000334,691,891,-200
110000335,604,362,242
110000336,541,546,-5
110000337,1052,384,668
110000338,462,136,326
110000339,241,163,78
110000340,34,152,-118
110000341,392,357,35
110000342,126,3,123
110000343,0,10,-10
110000344,640,158,482
110000345,597,168,429
110000346,1435,1209,226
110000347,912,533,379
110000348,16,17,-1
110000349,7,7,0
110000350,45,4,41
110000351,888,500,388
110000352,661,1037,-376
110000353,1507,421,1086
110000354,892,2226,-1334
110000355,97,53,44
110000356,464,15,449
110000357,399,13,386
110000361,28,26,2
110000362,91,26,65
110000363,451,57,394
110000364,242,158,84
110000365,134,0,134
110000366,0,69,-69
110000367,298,110,188
110000368,4,55,-51
110000369,87,1,86
110000373,5,165,-160
110000374,128,8,120
110000375,150,635,-485
110000376,41,29,12
110000377,65,301,-236
110000378,16,311,-295
110000379,1471,1435,36
110000380,62,11,51
110000383,3,957,-954
110000384,1040,589,451
110000385,0,151,-151
110000387,120,9,111
110000388,34,106,-72
110000389,810,5,805
110000391,645,159,486
110000396,181,77,104
110000397,118,66,52
110000398,5,17,-12
110000399,110,3,107
110000587,181,66,115
110000589,183,75,108
110000640,150,14,136
110000652,20,177,-157
110000653,307,261,46
110000654,26,711,-685
110000656,0,246,-246
110000674,20,11,9
110000675,13,6,7
110000676,2,14,-12
110000679,124,891,-767
110000682,75,97,-22
110000683,190,337,-147
110000684,4,17,-13
110000685,6,11,-5
110000686,4,25,-21
110000687,36,5,31
110000688,40,751,-711
110000689,42,20,22
110000692,18,71,-53
110000693,37,207,-170
110000694,0,84,-84
110000695,259,417,-158
110000696,45,54,-9
110900001,242,25,217
110900002,392,105,287
110900003,791,237,554
110900004,415,65,350
110900005,1362,1983,-621
110900006,71,20,51
110900007,118,43,75
110900008,7,35,-28
110900009,409,156,253
110900010,13,26,-13
110900011,22,42,-20
110900012,17,71,-54
110900013,796,108,688
110900014,241,14,227
110900015,295,617,-322
110900016,44,78,-34
110900017,404,33,371
110900018,351,31,320
110900019,262,24,238
110900020,111,112,-1
110900021,70,282,-212
110900022,46,148,-102
110900023,47,279,-232
110900024,23,153,-130
110900025,0,23,-23
110900027,56,132,-76
110900028,36,82,-46
110900029,10,166,-156
110900030,44,121,-77
110900031,3,132,-129
110900032,0,47,-47
110900033,47,93,-46
110900035,34,385,-351
110900036,63,11,52
110900037,78,23,55
110900038,411,154,257
110900039,1,188,-187
110900040,210,26,184
110900041,13,44,-31
110900042,107,44,63
110900043,5,34,-29
110900044,160,14,146
110900045,32,205,-173
110900046,13,89,-76
110900047,291,230,61
110900049,51,83,-32
110900050,20,3,17
110900051,41,112,-71
110900052,0,91,-91
110900053,85,19,66
110900054,43,111,-68
110900055,21,1,20
110900056,14,93,-79
110900057,6,44,-38
110900058,196,105,91
110900059,410,254,156
110900060,346,67,279
110900061,16,37,-21
110900062,144,108,36
110900063,39,125,-86
110900064,8,1,7
110900065,216,95,121
110900066,7,56,-49
110900067,150,581,-431
110900068,166,152,14
110900069,3,14,-11
110900070,88,38,50
110900071,246,538,-292
110900073,0,12,-12
110900074,319,72,247
110900075,425,60,365
110900077,752,417,335
110900078,28,25,3
110900079,1402,1128,274
110900080,106,44,62
110900081,4,21,-17
110900082,111,51,60
110900083,120,53,67
110900084,91,44,47
110900085,24,151,-127
110900086,65,278,-213
110900087,299,54,245
110900088,6,3,3
110900090,37,49,-12
110900091,0,30,-30
110900093,193,64,129
110900095,36,30,6
110900097,9,16,-7
110900098,17,42,-25
110900099,51,233,-182
110900100,0,18,-18
110900102,47,9,38
110900105,527,130,397
110900108,22,24,-2
110900111,324,161,163
110900112,781,6,775
110900113,252,50,202
110900115,2,38,-36
110900116,700,754,-54
110900118,43,2637,-2594
110900119,1520,193,1327
110900120,17,55,-38
110900121,128,0,128
110900122,355,147,208
110900125,360,358,2
110900127,456,1049,-593
110900128,227,242,-15
110900129,257,810,-553
110900130,538,531,7
110900131,220,28,192
110900132,295,58,237
110900133,111,113,-2
110900135,47,137,-90
110900136,314,9,305
110900137,27,2,25
110900138,298,225,73
110900139,4,116,-112
110900140,22,4,18
110900141,19,159,-140
110900142,52,88,-36
110900143,140,58,82
110900144,3,280,-277
110900145,144,64,80
110900146,203,189,14
110900147,78,233,-155
110900148,5,167,-162
110900149,1,40,-39
110900150,59,9,50
110900151,10,37,-27
110900152,37,109,-72
110900153,186,59,127
111000001,527,338,189
111000002,505,353,152
111000003,1118,521,597
111000004,282,563,-281
111000005,930,933,-3
111000006,626,1131,-505
111000007,3438,2364,1074
111000008,1257,2262,-1005
111000009,252,550,-298
111000010,694,202,492
111000011,231,700,-469
111000012,432,322,110
111000013,300,719,-419
111000014,1138,421,717
111000017,71,633,-562
111000018,145,227,-82
111000020,603,1358,-755
111000021,49,69,-20
111000023,49,76,-27
111000025,2923,2607,316
111000029,87,105,-18
111000030,41,76,-35
111000031,1389,848,541
111000032,454,228,226
111000033,153,181,-28
111000034,67,235,-168
111000037,915,423,492
111000038,2372,1412,960
111000039,1478,1367,111
111000040,1517,1274,243
111000041,926,789,137
111000042,1554,1500,54
111000043,1456,3014,-1558
111000044,1289,945,344
111000045,2112,1846,266
111000046,1473,1297,176
111000047,2011,3390,-1379
111000049,321,305,16
111000050,899,795,104
111000051,449,653,-204
111000052,455,1097,-642
111000053,278,565,-287
111000054,286,530,-244
111000055,813,1139,-326
111000056,149,245,-96
111000057,101,264,-163
111000058,438,60,378
111000059,615,203,412
111000060,3162,625,2537
111000061,470,237,233
111000062,787,284,503
111000063,1478,810,668
111000064,660,421,239
111000065,947,628,319
111000066,481,287,194
111000067,523,385,138
111000068,492,536,-44
111000069,1291,1417,-126
111000070,663,609,54
111000071,181,355,-174
111000072,1124,442,682
111000073,280,737,-457
111000074,1271,1276,-5
111000075,758,391,367
111000076,440,423,17
111000077,1336,1220,116
111000078,2078,982,1096
111000079,880,488,392
111000080,365,420,-55
111000081,1123,2993,-1870
111000082,549,415,134
111000084,726,398,328
111000085,592,694,-102
111000086,1393,714,679
111000087,547,295,252
111000088,2795,1823,972
111000089,606,524,82
111000090,519,975,-456
111000091,608,252,356
111000092,1182,633,549
111000093,618,893,-275
111000094,1417,746,671
111000095,473,1736,-1263
111000096,867,5657,-4790
111000097,2771,1126,1645
111000098,555,785,-230
111000099,427,941,-514
111000100,296,741,-445
111000101,277,374,-97
111000102,259,326,-67
111000104,557,92,465
111000107,98,503,-405
111000109,732,131,601
111000110,1159,490,669
111000111,2245,376,1869
111000112,1744,397,1347
111000113,807,1343,-536
111000114,1498,3051,-1553
111000115,3114,889,2225
111000116,687,614,73
111000117,271,695,-424
111000118,1088,564,524
111000119,1037,637,400
111000120,468,382,86
111000121,246,536,-290
111000122,517,710,-193
111000123,819,1192,-373
111000124,354,1216,-862
111000125,188,629,-441
111000126,99,491,-392
111000127,800,87,713
111000128,1652,232,1420
111000129,2518,314,2204
111000130,2004,447,1557
111000131,1683,377,1306
111000132,1543,881,662
111000133,166,78,88
111000134,118,62,56
111000135,38,96,-58
111000136,269,222,47
111000138,13,7,6
111000140,0,2,-2
111000141,151,249,-98
111000142,9,211,-202
111000143,5,334,-329
111000144,12,1236,-1224
111000145,213,3,210
111000146,99,4,95
111000147,116,13,103
111000148,86,80,6
111000149,1,7,-6
111000150,9,5,4
111000151,6,12,-6
111000153,357,609,-252
111000154,402,188,214
111000155,87,119,-32
111000156,382,426,-44
111000157,172,685,-513
111000158,580,573,7
111000159,2139,658,1481
111000160,384,316,68
111000161,17,385,-368
111000162,32,77,-45
111000163,576,416,160
111000164,340,1849,-1509
111000165,619,262,357
111000166,829,206,623
111000167,121,230,-109
111000168,116,284,-168
111000169,251,363,-112
111000170,291,267,24
111000171,345,312,33
111000172,144,177,-33
111000173,349,384,-35
111000174,205,143,62
111000175,57,187,-130
111000176,294,71,223
111000177,369,120,249
111000178,1223,166,1057
111000179,197,90,107
111000180,196,393,-197
111000181,1192,192,1000
111000182,164,147,17
111000183,245,206,39
111000184,266,169,97
111000185,263,220,43
111000186,276,160,116
111000187,116,117,-1
111000188,251,276,-25
111000189,496,362,134
111000190,182,215,-33
111000191,157,167,-10
111000192,140,273,-133
111000193,218,149,69
111000194,47,169,-122
111000195,88,151,-63
111000196,67,111,-44
111000197,507,82,425
111000198,474,55,419
111000199,242,80,162
111000200,445,255,190
111000201,621,145,476
111000202,282,162,120
111000203,316,209,107
111000204,324,1117,-793
111000213,125,262,-137
111000214,1075,777,298
111000215,844,792,52
111000217,1415,622,793
111000218,1015,837,178
111000219,303,139,164
111000220,759,398,361
111000221,323,134,189
111000224,29,182,-153
111000225,295,186,109
111000226,59,1,58
111000227,16,13,3
111000228,17,458,-441
111000229,41,1000,-959
111000230,152,173,-21
111000231,858,348,510
111000232,542,453,89
111000233,1156,465,691
111000234,119,371,-252
111000239,48,78,-30
111000240,36,176,-140
111000241,24,133,-109
111000242,195,46,149
111000243,111,247,-136
111000244,479,50,429
111000245,955,220,735
111000246,483,123,360
111000247,343,381,-38
111000248,587,285,302
111000249,390,296,94
111000250,40,44,-4
111000251,45,34,11
111000253,12,10,2
111000255,41,5,36
111000257,47,6,41
111000260,58,647,-589
111000261,1183,66,1117
111000271,32,187,-155
111000273,1784,737,1047
111000274,1041,1711,-670
111000275,189,26,163
111000276,213,832,-619
111000277,146,240,-94
111000278,515,160,355
111000291,557,5497,-4940
111000298,445,136,309
111000299,641,145,496
111000300,82,346,-264
111000302,313,54,259
111000303,55,122,-67
111000312,18,69,-51
111000315,8,68,-60
111000320,182,386,-204
111000321,356,114,242
111000322,217,258,-41
111000323,232,22,210
111000324,245,131,114
111000325,46,67,-21
111000326,186,174,12
111000327,328,193,135
111000328,207,341,-134
111000329,0,14,-14
111000330,40,8,32
111000331,22,2,20
111000332,380,947,-567
111000334,260,668,-408
111000335,789,158,631
111000337,1222,150,1072
111000338,79,54,25
111000339,543,101,442
111000340,81,315,-234
111000341,1098,412,686
111000342,84,850,-766
111000344,858,501,357
111000345,133,69,64
111000346,20,147,-127
111000347,105,4,101
111000350,132,86,46
111000351,91,216,-125
111000352,177,48,129
111000353,100,115,-15
111000354,472,60,412
111000355,354,298,56
111000358,134,520,-386
111000360,194,268,-74
111000361,119,116,3
111000546,649,311,338
111000547,383,221,162
111000548,136,256,-120
111000549,253,133,120
111000550,52,778,-726
111000551,467,140,327
111000552,458,154,304
111000907,418,1,417
111000908,35,0,35
111000916,1652,134,1518
111000917,20,242,-222
111000918,192,311,-119
111000920,469,11,458
111000921,3,106,-103
111000922,509,144,365
111000924,20,286,-266
111000925,2455,1460,995
111000926,715,943,-228
111000927,2083,3308,-1225
111000928,2661,1773,888
111000929,1280,849,431
111000930,607,1168,-561
111000931,1628,2004,-376
111000932,2451,1163,1288
111000933,2414,1871,543
111000934,1148,1614,-466
111000935,1559,724,835
111000936,869,1091,-222
111000937,951,973,-22
111000938,978,728,250
111000939,553,33,520
111000940,452,75,377
111000941,334,227,107
111000943,466,215,251
111000944,125,148,-23
111000945,48,807,-759
111001109,395,395,0
111001110,155,311,-156
111001111,73,4,69
111001112,71,4,67
111001113,1,105,-104
111001114,515,147,368
111001115,32,604,-572
111001116,2170,3163,-993
111001117,304,1941,-1637
111001120,85,148,-63
111001121,112,102,10
111001122,201,181,20
111001123,248,46,202
111001124,74,67,7
111001125,3,152,-149
111900001,12,67,-55
111900002,38,306,-268
111900003,0,164,-164
111900004,34,67,-33
111900006,23,48,-25
111900007,109,5,104
111900008,211,2,209
111900009,203,103,100
111900010,218,239,-21
111900012,36,56,-20
111900013,53,33,20
111900014,2183,3842,-1659
111900015,0,38,-38
111900016,0,30,-30
111900017,0,45,-45
111900018,129,5,124
111900019,2,97,-95
111900020,0,28,-28
111900021,17,38,-21
111900022,7,35,-28
111900023,40,43,-3
111900024,14,37,-23
111900025,0,25,-25
111900026,0,29,-29
111900027,4,62,-58
111900028,0,112,-112
111900029,3,28,-25
111900030,19,188,-169
111900031,0,19,-19
111900032,1,161,-160
111900033,4,41,-37
111900034,185,277,-92
111900035,73,114,-41
111900036,0,122,-122
111900038,177,388,-211
111900039,30,215,-185
111900040,0,184,-184
111900042,15,115,-100
111900043,0,146,-146
111900044,198,136,62
111900046,39,86,-47
111900048,227,238,-11
111900049,23,126,-103
111900050,96,26,70
111900051,1,144,-143
111900052,197,219,-22
111900053,491,1447,-956
111900054,130,2,128
111900055,13,163,-150
111900056,97,304,-207
111900057,101,17,84
111900058,497,248,249
111900059,910,485,425
111900060,276,1,275
111900061,5,114,-109
111900062,23,43,-20
111900063,284,228,56
111900064,59,101,-42
111900065,66,21,45
111900066,117,133,-16
111900067,7,219,-212
111900068,27,34,-7
111900069,78,22,56
111900070,178,75,103
111900071,0,117,-117
111900072,30,20,10
111900073,975,156,819
111900074,18,95,-77
111900075,60,21,39
111900076,204,45,159
111900077,25,1,24
111900078,267,30,237
111900079,37,30,7
111900080,175,227,-52
111900082,161,31,130
111900083,169,18,151
111900084,113,6,107
111900085,33,151,-118
111900086,60,6,54
111900087,65,0,65
111900088,590,12,578
111900089,119,3,116
111900090,53,28,25
111900091,219,2,217
111900092,99,0,99
111900093,439,6,433
111900094,143,0,143
111900095,242,25,217
111900096,167,0,167
111900097,43,0,43
111900098,282,2,280
111900099,65,0,65
111900100,142,1,141
111900101,104,35,69
111900102,527,231,296
111900103,33,70,-37
111900104,116,55,61
111900105,209,194,15
111900106,506,21,485
111900110,870,250,620
111900111,126,60,66
111900112,294,2554,-2260
111900113,164,104,60
111900118,330,85,245
111900119,273,137,136
111900122,93,69,24
111900123,24,26,-2
111900124,26,57,-31
111900125,497,46,451
111900126,228,0,228
111900127,1,298,-297
111900128,1,253,-252
111900129,238,3,235
111900130,204,40,164
111900131,535,2,533
111900132,15,419,-404
111900133,11,148,-137
111900134,5,104,-99
111900135,12,28,-16
111900136,56,106,-50
111900137,55,34,21
111900138,25,36,-11
111900139,28,61,-33
111900140,80,17,63
111900141,49,4,45
111900142,100,32,68
111900143,14,109,-95
111900144,0,33,-33
111900145,0,186,-186
111900146,0,81,-81
111900147,125,226,-101
111900148,9,330,-321
111900149,3,141,-138
111900150,6,75,-69
111900151,1,10,-9
111900152,54,110,-56
111900153,577,565,12
111900154,12,256,-244
111900155,41,93,-52
111900156,62,73,-11
111900157,117,18,99
111900158,459,63,396
111900159,282,27,255
111900160,314,0,314
111900161,246,1,245
111900162,104,134,-30
111900163,28,124,-96
111900164,85,34,51
111901113,543,68,475
111901114,263,170,93
111901115,100,4,96
111901116,41,0,41
111901117,20,44,-24
111901118,42,288,-246
111901119,312,49,263
111901121,71,104,-33
111901122,2,241,-239
111901123,304,144,160
111901124,227,3,224
111901125,470,148,322
111901127,273,595,-322
111901128,7,40,-33
111901129,7,82,-75
111901130,2,85,-83
111901131,7,154,-147
111901132,62,21,41
111901133,39,1,38
111901134,46,4,42
111901135,17,8,9
111901136,29,43,-14
111901137,0,33,-33
111901138,116,22,94
111901139,25,15,10
111901140,2,34,-32
111901141,3,78,-75
111901142,0,50,-50
111901143,1,53,-52
111901144,43,40,3
111901145,109,262,-153
111901146,185,10,175
111901147,37,36,1
111901148,3,11,-8
112000001,1680,516,1164
112000002,512,1347,-835
112000003,1474,895,579
112000004,563,440,123
112000005,3201,3037,164
112000006,1332,889,443
112000007,3177,1907,1270
112000008,2054,3150,-1096
112000009,1827,1576,251
112000010,2378,2728,-350
112000011,1032,944,88
112000012,2813,3703,-890
112000013,2295,2362,-67
112000014,1729,2138,-409
112000015,2750,2670,80
112000016,2576,1514,1062
112000017,1070,2443,-1373
112000024,1582,544,1038
112000026,1758,1926,-168
112000027,584,595,-11
112000028,667,895,-228
112000029,475,611,-136
112000030,100,42,58
112000031,1081,3622,-2541
112000032,143,21,122
112000033,1221,1705,-484
112000034,155,32,123
112000035,70,331,-261
112000036,437,792,-355
112000037,809,610,199
112000038,1129,913,216
112000039,94,48,46
112000040,33,120,-87
112000041,278,260,18
112000042,667,314,353
112000050,983,1032,-49
112000051,829,1201,-372
112000054,1063,984,79
112000057,375,254,121
112000058,175,346,-171
112000059,391,550,-159
112000061,1638,1099,539
112000062,840,738,102
112000063,596,1894,-1298
112000064,2007,3314,-1307
112000065,994,1438,-444
112000066,2846,1329,1517
112000067,465,423,42
112000068,2682,2252,430
112000069,315,1076,-761
112000070,1389,744,645
112000071,735,1508,-773
112000072,2192,683,1509
112000073,1258,1405,-147
112000074,1259,887,372
112000075,1174,957,217
112000076,2480,1691,789
112000077,695,314,381
112000078,1512,476,1036
112000079,1171,903,268
112000080,617,508,109
112000081,938,1686,-748
112000082,1050,519,531
112000083,430,688,-258
112000084,1020,530,490
112000085,1055,459,596
112000086,1398,633,765
112000087,526,220,306
112000088,749,258,491
112000089,210,172,38
112000090,153,155,-2
112000091,421,556,-135
112000092,1803,660,1143
112000093,1133,470,663
112000094,656,575,81
112000095,502,501,1
112000096,527,406,121
112000097,1182,593,589
112000098,654,518,136
112000099,688,1485,-797
112000100,1890,590,1300
112000101,530,497,33
112000102,1382,342,1040
112000103,276,545,-269
112000105,409,705,-296
112000106,1569,303,1266
112000107,47,113,-66
112000108,216,927,-711
112000109,190,45,145
112000110,1616,441,1175
112000111,521,1847,-1326
112000112,2250,384,1866
112000113,590,958,-368
112000114,1985,617,1368
112000115,293,268,25
112000116,488,576,-88
112000117,842,530,312
112000118,701,473,228
112000119,302,400,-98
112000120,40,192,-152
112000121,126,207,-81
112000122,270,101,169
112000123,701,109,592
112000124,374,63,311
112000125,206,202,4
112000126,250,209,41
112000127,1233,1942,-709
112000128,418,458,-40
112000129,113,73,40
112000130,176,71,105
112000131,47,119,-72
112000132,143,167,-24
112000133,368,82,286
112000134,319,203,116
112000135,1311,527,784
112000136,920,814,106
112000137,1157,1094,63
112000138,1035,621,414
112000139,505,612,-107
112000140,534,834,-300
112000141,901,333,568
112000142,135,308,-173
112000143,1048,180,868
112000144,207,580,-373
112000145,2290,418,1872
112000146,452,984,-532
112000147,2231,1330,901
112000148,1059,1228,-169
112000149,328,304,24
112000150,242,331,-89
112000151,262,166,96
112000152,392,306,86
112000153,122,143,-21
112000154,138,148,-10
112000155,118,84,34
112000157,415,407,8
112000158,257,245,12
112000159,620,198,422
112000167,258,97,161
112000169,252,351,-99
112000173,721,180,541
112000175,424,195,229
112000176,1256,1363,-107
112000177,587,191,396
112000178,69,194,-125
112000179,192,69,123
112000180,219,193,26
112000181,986,1064,-78
112000182,1211,679,532
112000183,18,20,-2
112000184,402,159,243
112000185,549,321,228
112000187,3039,1687,1352
112000195,97,9,88
112000196,188,1,187
112000197,116,106,10
112000198,34,215,-181
112000199,633,570,63
112000202,377,0,377
112000216,40,185,-145
112000230,118,7,111
112000231,5,103,-98
112000256,50,168,-118
112000313,42,54,-12
112000314,63,30,33
112000337,196,407,-211
112000352,184,270,-86
112000392,1073,867,206
112000398,1438,646,792
112000399,1189,1928,-739
112000400,1246,1285,-39
112000401,1770,931,839
112000402,2737,2792,-55
112000403,1163,2796,-1633
112000404,1041,754,287
112000405,1871,2325,-454
112000406,1832,1075,757
112000407,6382,6330,52
112000408,4452,2989,1463
112000409,1178,2163,-985
112000410,326,246,80
112000411,1969,1491,478
112000412,866,404,462
112000413,4044,5657,-1613
112000414,80,43,37
112000415,71,27,44
112000416,2488,1072,1416
112000417,234,56,178
112000421,60,62,-2
112000422,275,125,150
112000424,964,2323,-1359
112000425,286,358,-72
112000426,122,238,-116
112000427,1,8,-7
112000428,237,197,40
112000429,1522,1398,124
112000430,2105,2123,-18
112000431,77,99,-22
112000432,460,529,-69
112000433,224,523,-299
112000437,39,92,-53
112900001,83,1,82
112900002,460,434,26
112900003,61,180,-119
112900004,42,116,-74
112900005,295,107,188
112900006,11,150,-139
112900007,66,147,-81
112900008,0,43,-43
112900009,320,110,210
112900010,415,419,-4
112900011,82,107,-25
112900012,0,26,-26
112900013,12,112,-100
112900014,1,137,-136
112900015,273,429,-156
112900016,2,168,-166
112900017,22,97,-75
112900018,1,87,-86
112900019,19,115,-96
112900020,285,618,-333
112900021,2,104,-102
112900022,9,34,-25
112900023,1,43,-42
112900024,26,107,-81
112900025,62,192,-130
112900026,5,81,-76
112900027,2,415,-413
112900028,20,72,-52
112900029,6,247,-241
112900030,46,69,-23
112900031,4,214,-210
112900032,151,159,-8
112900034,1,30,-29
112900035,4,198,-194
112900036,23,99,-76
112900037,150,162,-12
112900038,663,84,579
112900039,6,169,-163
112900040,6,337,-331
112900041,496,1058,-562
112900042,42,166,-124
112900043,58,44,14
112900044,345,273,72
112900045,142,203,-61
112900046,138,61,77
112900047,17,16,1
112900049,261,51,210
112900050,20,315,-295
112900051,140,290,-150
112900052,3,386,-383
112900053,139,101,38
112900054,113,58,55
112900055,58,26,32
112900056,343,186,157
112900057,20,260,-240
112900058,250,302,-52
112900059,71,131,-60
112900060,26,87,-61
112900061,97,64,33
112900062,46,53,-7
112900063,61,20,41
112900064,111,177,-66
112900065,31,54,-23
112900066,192,221,-29
112900067,162,72,90
112900068,40,53,-13
112900069,960,747,213
112900071,28,2,26
112900072,91,2186,-2095
112900073,274,112,162
112900074,82,281,-199
112900075,721,807,-86
112900076,43,32,11
112900078,320,445,-125
112900079,168,27,141
112900080,59,3,56
112900081,31,240,-209
112900082,507,22,485
112900083,130,87,43
112900084,210,137,73
112900086,126,2,124
112900087,849,149,700
112900088,144,13,131
112900089,757,36,721
112900090,72,36,36
112900091,256,5,251
112900092,100,318,-218
112900093,1014,25,989
112900095,50,0,50
112900096,476,184,292
112900097,48,157,-109
112900098,137,4,133
112900099,684,34,650
112900100,79,0,79
112900101,352,3,349
112900102,90,14,76
112900103,197,6,191
112900104,113,5,108
112900105,18,0,18
112900106,335,113,222
112900107,5,2,3
112900108,5,0,5
112900109,120,0,120
112900110,1460,27,1433
112900111,640,1,639
112900112,325,0,325
112900113,0,7,-7
112900114,189,8,181
112900115,1478,2,1476
112900116,127,26,101
112900117,50,20,30
112900118,19,54,-35
112900119,170,3,167
112900120,404,213,191
112900121,34,110,-76
112900122,7,60,-53
112900123,86,22,64
112900124,18,48,-30
112900125,39,356,-317
112900126,117,115,2
112900127,328,109,219
112900128,119,407,-288
112900129,0,406,-406
112900130,148,71,77
112900131,19,175,-156
112900132,99,203,-104
112900133,14,561,-547
112900134,2,99,-97
112900135,64,35,29
112900137,2,262,-260
112900138,4,102,-98
112900139,141,617,-476
112900141,712,24,688
112900142,103,181,-78
112900143,18,226,-208
112900144,2,181,-179
112900145,33,331,-298
112900146,0,503,-503
112900147,2,668,-666
112900148,51,3,48
112900149,243,308,-65
112900151,10,27,-17
112900152,1874,436,1438
112900153,972,1981,-1009
112900154,2,41,-39
112900155,132,35,97
112900156,332,520,-188
112900157,336,55,281
112900158,69,7,62
112900159,177,131,46
112900160,29,169,-140
112900161,137,36,101
112900162,25,19,6
112900163,48,39,9
112900164,38,164,-126
112900165,62,24,38
112900166,11,98,-87
112900167,1,59,-58
112900168,4,6,-2
112900169,11,10,1
112900170,208,117,91
112900172,33,16,17
112900173,134,66,68
112900174,263,60,203
112900175,104,182,-78
112900176,18,67,-49
112900177,198,47,151
112900178,663,2203,-1540
112900179,14,231,-217
112900180,1655,695,960
112900181,551,6,545
112900182,53,462,-409
112900183,88,268,-180
112900184,311,495,-184
112900185,139,485,-346
112900186,709,873,-164
112900187,76,438,-362
112900188,546,1057,-511
112900189,7,4,3
112900190,21,13,8
112900192,620,684,-64
112900193,1009,370,639
112900194,85,45,40
112900195,977,35,942
112900196,221,258,-37
112900197,143,212,-69
112900199,696,297,399
112900200,496,176,320
112900201,180,92,88
112900202,437,423,14
112900203,233,152,81
112900204,646,450,196
112900205,5,24,-19
112900206,28,71,-43
112900207,18,0,18
112900208,91,258,-167
112900209,272,234,38
112900210,0,20,-20
112900211,62,11,51
112900212,2,50,-48
112900213,63,7,56
112900214,23,13,10
112900215,12,95,-83
112900216,17,29,-12
112900217,0,48,-48
112900218,71,9,62
112900219,85,4,81
112900220,17,0,17
112900221,33,94,-61
112900222,3,25,-22
112900223,834,25,809
112900224,329,265,64
112900225,401,220,181
112900226,166,328,-162
112900227,762,551,211
112900228,62,23,39
112900229,236,36,200
112900230,4053,2606,1447
112900232,220,233,-13
112900233,26,94,-68
112900234,12,35,-23
112900235,38,20,18
112900236,280,14,266
112900237,244,120,124
112900238,9,16,-7
112900239,445,392,53
112900240,0,4,-4
112900241,6,4,2
112900242,0,5,-5
112900243,0,10,-10
112900244,0,7,-7
112900245,0,2,-2
112900246,1,1,0
112900247,13,7,6
112900248,0,3,-3
112900249,6,0,6
112900250,5,4,1
112900251,9,1,8
112900252,7,2,5
112900253,1,1,0
112900254,6,0,6
112900255,1,2,-1
112900256,1,7,-6
112900257,2,8,-6
113000001,4680,3703,977
113000002,2767,2498,269
113000003,1357,1143,214
113000004,951,1791,-840
113000005,1417,778,639
113000006,767,1032,-265
113000007,1807,831,976
113000008,1339,1135,204
113000009,1018,509,509
113000010,896,842,54
113000011,682,838,-156
113000012,1553,528,1025
113000013,846,505,341
113000014,885,876,9
113000015,263,151,112
113000016,260,676,-416
113000017,24,192,-168
113000018,282,28,254
113000019,156,204,-48
113000020,449,64,385
113000021,1059,340,719
113000022,616,715,-99
113000025,99,180,-81
113000026,412,419,-7
113000027,446,607,-161
113000028,508,509,-1
113000029,675,528,147
113000030,187,419,-232
113000031,139,262,-123
113000032,177,246,-69
113000033,174,379,-205
113000034,203,235,-32
113000035,35,21,14
113000036,11,47,-36
113000037,40,22,18
113000038,13,80,-67
113000039,64,210,-146
113000040,69,49,20
113000042,583,412,171
113000051,740,1731,-991
113000052,1447,480,967
113000053,333,252,81
113000054,335,557,-222
113000055,1065,405,660
113000056,985,518,467
113000058,502,684,-182
113000059,798,370,428
113000060,236,378,-142
113000061,362,657,-295
113000062,465,276,189
113000063,196,54,142
113000064,64,153,-89
113000065,164,435,-271
113000066,648,80,568
113000067,2127,680,1447
113000068,329,674,-345
113000069,605,528,77
113000070,2324,726,1598
113000071,481,377,104
113000072,753,301,452
113000073,288,1007,-719
113000074,801,330,471
113000075,1379,698,681
113000076,468,1810,-1342
113000077,871,576,295
113000078,425,1726,-1301
113000079,418,716,-298
113000080,464,669,-205
113000081,667,706,-39
113000082,829,638,191
113000083,392,723,-331
113000084,1142,938,204
113000085,571,530,41
113000086,759,871,-112
113000087,658,723,-65
113000088,1801,1044,757
113000089,736,1169,-433
113000090,177,580,-403
113000091,298,306,-8
113000094,1058,170,888
113000095,184,435,-251
113000096,83,479,-396
113000097,807,344,463
113000098,92,29,63
113000099,775,351,424
113000100,98,257,-159
113000101,218,452,-234
113000102,506,510,-4
113000103,1240,262,978
113000104,358,1625,-1267
113000105,616,289,327
113000106,266,274,-8
113000107,740,539,201
113000108,499,609,-110
113000109,405,995,-590
113000110,1518,316,1202
113000111,125,421,-296
113000112,293,234,59
113000113,846,221,625
113000114,209,1049,-840
113000116,443,226,217
113000117,536,68,468
113000118,42,337,-295
113000119,265,234,31
113000120,45,189,-144
113000121,352,644,-292
113000124,203,94,109
113000125,42,648,-606
113000127,1224,177,1047
113000128,515,385,130
113000129,389,582,-193
113000133,1191,973,218
113000134,4,1046,-1042
113000135,3435,4058,-623
113000137,992,2973,-1981
113000139,200,194,6
113000140,64,217,-153
113000141,114,117,-3
113000142,195,726,-531
113000143,173,126,47
113000144,198,350,-152
113000145,47,104,-57
113000146,85,27,58
113000147,145,47,98
113000148,125,70,55
113000149,93,90,3
113000150,436,193,243
113000151,40,35,5
113000152,35,91,-56
113000153,883,433,450
113000154,573,1267,-694
113000155,303,608,-305
113000156,86,240,-154
113000157,179,555,-376
113000158,594,214,380
113000159,779,525,254
113000160,447,625,-178
113000161,281,256,25
113000162,822,229,593
113000163,148,32,116
113000164,16,41,-25
113000166,167,70,97
113000167,49,46,3
113000168,46,79,-33
113000169,170,40,130
113000170,73,99,-26
113000171,33,53,-20
113000172,213,39,174
113000173,65,32,33
113000174,77,214,-137
113000175,285,53,232
113000176,444,100,344
113000177,83,237,-154
113000178,105,162,-57
113000179,243,137,106
113000180,569,779,-210
113000181,1066,598,468
113000182,89,304,-215
113000183,90,417,-327
113000184,39,63,-24
113000189,257,595,-338
113000190,373,348,25
113000192,699,2536,-1837
113000193,1879,2058,-179
113000194,614,914,-300
113000195,1099,1182,-83
113000196,158,54,104
113000197,1008,916,92
113000198,69,175,-106
113000199,1112,238,874
113000201,200,281,-81
113000202,3256,761,2495
113000203,90,120,-30
113000204,594,2348,-1754
113000205,14,9,5
113000206,8,27,-19
113000207,69,10,59
113000208,32,38,-6
113000209,9,8,1
113000210,2,27,-25
113000211,103,218,-115
113000212,51,15,36
113000213,22,97,-75
113000214,162,189,-27
113000234,138,416,-278
113000410,63,180,-117
113000411,1409,2597,-1188
113000412,3285,1541,1744
113000413,1162,2542,-1380
113000414,2932,9504,-6572
113000415,1558,1754,-196
113000416,3971,2723,1248
113000417,1845,1870,-25
113000418,2993,2644,349
113000419,1381,1852,-471
113000420,2881,4896,-2015
113000421,3313,5692,-2379
113000422,7103,8019,-916
113000423,1342,4499,-3157
113000424,1671,7252,-5581
113000425,7,88,-81
113000428,21,8,13
113000430,2,38,-36
113000432,1824,131,1693
113000433,53,427,-374
113000434,28,61,-33
113000435,18,212,-194
113000436,25,471,-446
113000437,1154,18,1136
113000438,274,14,260
113000439,35,47,-12
113000440,134,21,113
113000441,251,153,98
113000442,144,77,67
113000443,268,81,187
113000444,231,94,137
113000445,90,70,20
113000446,33,76,-43
113000448,184,141,43
113000449,111,643,-532
113000450,357,1430,-1073
113000451,1087,198,889
113000452,138,368,-230
113000453,59,368,-309
113000454,283,110,173
113000455,15,436,-421
113000456,2040,1842,198
113000468,730,74,656
113000469,45,70,-25
113000470,285,13,272
113000471,21,249,-228
113000472,116,199,-83
113000474,692,442,250
113000475,985,994,-9
113000476,1225,1346,-121
113000477,2803,1363,1440
113000478,2395,2709,-314
113000479,69,71,-2
113000483,0,0,0
113000484,0,0,0
113000485,0,0,0
113000486,0,0,0
113000487,0,0,0
113000488,0,0,0
113000489,0,0,0
113000490,0,0,0
113000491,4,0,4
113000492,1,0,1
113000493,0,0,0
113000495,97,143,-46
113000496,120,51,69
113000497,0,0,0
113000499,0,0,0
113900001,2,190,-188
113900002,1,46,-45
113900003,0,39,-39
113900004,1,55,-54
113900005,0,58,-58
113900006,4,5,-1
113900007,51,19,32
113900008,21,0,21
113900009,30,0,30
113900010,41,0,41
113900011,59,1,58
113900012,24,0,24
113900013,68,4,64
113900014,481,2,479
113900015,0,32,-32
113900016,21,0,21
113900017,1,38,-37
113900018,267,247,20
113900019,160,48,112
113900020,141,6,135
113900022,35,1,34
113900023,37,0,37
113900024,55,18,37
113900025,164,15,149
113900026,36,1,35
113900027,4,29,-25
113900028,21,258,-237
113900029,77,101,-24
113900030,225,3,222
113900031,12,1,11
113900032,35,0,35
113900033,100,61,39
113900035,48,0,48
113900036,21,33,-12
113900037,123,254,-131
113900038,43,97,-54
113900039,140,29,111
113900040,12,23,-11
113900041,10,2,8
113900042,105,34,71
113900043,104,81,23
113900044,166,336,-170
113900045,76,3,73
113900046,170,384,-214
113900047,26,84,-58
113900048,107,90,17
113900049,270,271,-1
113900050,199,200,-1
113900051,219,217,2
113900052,81,63,18
113900053,533,574,-41
113900054,11,6,5
113900055,53,247,-194
113900056,44,115,-71
113900057,9,37,-28
113900058,64,60,4
113900059,226,153,73
113900060,73,98,-25
113900061,399,219,180
113900062,72,16,56
113900063,70,58,12
113900064,30,70,-40
113900065,339,12,327
113900066,335,141,194
113900067,130,105,25
113900068,437,420,17
113900069,50,30,20
113900070,120,263,-143
113900071,60,28,32
113900072,47,108,-61
113900073,257,250,7
113900074,116,173,-57
113900075,920,1126,-206
113900076,133,10,123
113900077,44,129,-85
113900078,25,40,-15
113900079,1,22,-21
113900080,447,176,271
113900081,42,121,-79
113900082,84,150,-66
113900083,303,150,153
113900084,206,120,86
113900085,46,110,-64
113900086,44,10,34
113900087,84,66,18
113900088,76,69,7
113900089,253,32,221
113900090,532,308,224
113900091,12,12,0
113900092,12,48,-36
113900093,47,657,-610
113900094,384,195,189
113900095,111,126,-15
113900096,222,70,152
113900097,39,52,-13
113900098,573,84,489
113900099,1,28,-27
113900100,1,5,-4
113900101,9,61,-52
113900102,59,141,-82
113900103,241,213,28
113900104,97,177,-80
113900105,137,71,66
113900106,0,20,-20
113900107,0,7,-7
113900108,152,213,-61
113900109,272,188,84
113900110,41,8,33
113900111,142,66,76
113900112,123,37,86
113900113,926,355,571
113900114,1,28,-27
113900115,2,35,-33
113900116,75,102,-27
113900117,63,24,39
113900118,193,325,-132
113900119,134,365,-231
113900120,65,43,22
113900121,76,51,25
113900122,272,1711,-1439
113900123,403,158,245
113900124,0,43,-43
113900125,458,93,365
113900126,100,34,66
113900127,322,535,-213
113900128,90,42,48
113900129,7,166,-159
113900130,2,82,-80
113900131,227,44,183
113900132,29,47,-18
113900133,11,46,-35
113900135,302,162,140
113900136,73,50,23
113900137,302,282,20
113900138,48,193,-145
113900139,145,142,3
113900140,85,278,-193
113900141,406,131,275
113900142,135,31,104
113900143,7,27,-20
113900144,70,147,-77
113900145,293,102,191
113900146,171,38,133
113900148,57,303,-246
113900149,111,50,61
113900150,205,276,-71
113900151,326,105,221
113900152,53,30,23
113900153,138,474,-336
113900154,4,106,-102
113900155,131,181,-50
113900156,135,211,-76
113900157,41,251,-210
113900158,154,347,-193
113900159,11,205,-194
113900160,581,279,302
113900161,48,194,-146
113900162,170,568,-398
113900163,133,205,-72
113900164,258,29,229
113900165,424,210,214
113900166,74,135,-61
113900167,264,29,235
113900168,60,45,15
113900169,114,228,-114
113900171,183,67,116
113900172,2,69,-67
113900173,11,219,-208
113900174,398,341,57
113900175,257,96,161
113900176,192,300,-108
113900177,250,135,115
113900178,268,91,177
113900179,10,164,-154
113900180,151,51,100
113900181,556,66,490
113900182,601,624,-23
113900183,61,60,1
113900184,6,143,-137
113900185,140,46,94
113900186,46,20,26
113900187,46,104,-58
113900188,47,92,-45
113900189,203,95,108
113900190,154,102,52
113900191,112,108,4
113900192,5,463,-458
113900193,12,117,-105
113900194,934,597,337
113900195,155,219,-64
113900196,6,95,-89
113900197,0,80,-80
113900198,33,266,-233
113900199,119,427,-308
113900200,10,132,-122
113900201,0,70,-70
113900202,24,203,-179
113900203,0,39,-39
113900204,20,274,-254
113900205,5,122,-117
113900206,7,106,-99
113900207,0,20,-20
113900208,0,44,-44
113900209,0,59,-59
113900210,354,506,-152
113900211,127,67,60
113900212,168,272,-104
113900214,223,240,-17
113900215,45,54,-9
113900216,188,335,-147
113900217,76,106,-30
113900218,115,69,46
113900219,90,200,-110
113900220,96,112,-16
113900221,287,196,91
113900222,115,358,-243
113900223,127,299,-172
113900224,51,49,2
113900225,269,131,138
113900226,268,72,196
113900227,250,203,47
113900228,183,457,-274
113900229,55,605,-550
113900230,2043,2649,-606
113900231,135,95,40
113900232,93,67,26
113900233,120,40,80
113900234,288,360,-72
113900235,98,23,75
113900236,183,165,18
113900237,134,6,128
113900238,159,527,-368
113900239,43,103,-60
113900240,8,203,-195
113900241,129,47,82
113900242,24,116,-92
113900243,55,274,-219
113900244,149,121,28
113900245,680,234,446
113900246,16,22,-6
113900247,111,383,-272
113900248,1546,1525,21
113900249,451,404,47
113900250,46,122,-76
113900251,648,79,569
113900252,464,10,454
113900253,471,65,406
113900254,624,89,535
113900255,368,25,343
113900256,252,10,242
113900257,17,253,-236
113900258,40,161,-121
113900259,509,94,415
113900260,205,8,197
113900261,25,50,-25
113900262,110,304,-194
113900263,95,406,-311
113900264,1,267,-266
113900265,96,218,-122
113900266,38,93,-55
113900267,78,358,-280
113900268,324,302,22
113900269,58,112,-54
113900270,198,482,-284
113900271,559,561,-2
113900273,25,7,18
113900274,65,32,33
113900275,17,57,-40
113900276,1,64,-63
113900277,124,5,119
113900278,149,134,15
113900279,32,50,-18
113900280,1149,390,759
113900281,432,1020,-588
113900282,361,448,-87
113900283,339,420,-81
113900284,717,105,612
113900285,121,17,104
113900286,15,48,-33
113900287,57,31,26
113900288,2,74,-72
113900289,356,74,282
113900290,107,235,-128
113900291,55,95,-40
113900292,10,0,10
113900293,1,176,-175
113900294,426,26,400
113900295,258,266,-8
113900296,1022,335,687
113900297,2229,39,2190
113900298,20,1003,-983
113900299,103,56,47
113900300,2546,2730,-184
113900301,492,303,189
113900302,1342,753,589
113900303,233,469,-236
113900304,0,40,-40
113900305,85,0,85
113900306,54,0,54
113900307,6,0,6
113900308,51,85,-34
113900309,0,305,-305
113900310,0,2,-2
113900311,4,1,3
113900312,123,146,-23
113900313,12,2,10
114000001,823,1461,-638
114000002,210,198,12
114000003,46,182,-136
114000004,347,218,129
114000005,250,200,50
114000006,1491,1182,309
114000007,579,805,-226
114000008,896,1617,-721
114000009,698,176,522
114000011,2337,1498,839
114000012,2336,1099,1237
114000013,1524,932,592
114000014,396,124,272
114000015,1734,208,1526
114000016,226,117,109
114000017,81,253,-172
114000018,87,15,72
114000026,1823,654,1169
114000027,3017,1330,1687
114000028,1763,2215,-452
114000038,218,87,131
114000039,38,29,9
114000040,107,164,-57
114000042,216,112,104
114000043,38,28,10
114000044,201,26,175
114000045,38,59,-21
114000046,2159,3177,-1018
114000047,2,40,-38
114000048,53,21,32
114000049,1156,1149,7
114000050,1298,1458,-160
114000051,2090,1649,441
114000052,2955,1468,1487
114000053,83,470,-387
114000054,144,511,-367
114000055,114,20,94
114000056,338,938,-600
114000057,3078,1490,1588
114000058,171,1205,-1034
114000059,103,327,-224
114000060,436,622,-186
114000061,1940,2611,-671
114000062,1050,1604,-554
114000063,1188,1044,144
114000064,2449,2688,-239
114000065,994,1472,-478
114000066,318,387,-69
114000067,18,651,-633
114000068,402,517,-115
114000069,874,427,447
114000070,1655,1293,362
114000071,602,291,311
114000072,447,144,303
114000073,10,33,-23
114000074,52,16,36
114000075,50,36,14
114000076,10,36,-26
114000077,2,11,-9
114000078,230,252,-22
114000079,162,19,143
114000080,48,78,-30
114000081,59,50,9
114000082,47,229,-182
114000083,62,126,-64
114000084,294,66,228
114000085,71,291,-220
114000086,190,184,6
114000087,127,65,62
114000088,42,24,18
114000089,336,195,141
114000090,829,763,66
114000091,1104,634,470
114000092,748,353,395
114000093,1064,575,489
114000094,301,228,73
114000095,233,126,107
114000096,72,200,-128
114000097,104,221,-117
114000098,524,73,451
114000099,538,190,348
114000100,1301,367,934
114000101,395,222,173
114000102,530,226,304
114000103,82,176,-94
114000104,30,108,-78
114000105,165,77,88
114000106,489,1012,-523
114000107,396,71,325
114000108,738,612,126
114000109,486,1067,-581
114000110,442,722,-280
114000111,1512,818,694
114000112,441,1058,-617
114000113,968,480,488
114000114,918,703,215
114000115,1598,897,701
114000116,657,1817,-1160
114000117,2940,517,2423
114000118,2378,405,1973
114000119,1759,396,1363
114000120,456,478,-22
114000121,319,543,-224
114000122,281,222,59
114000123,1779,313,1466
114000124,802,184,618
114000125,637,751,-114
114000126,1528,194,1334
114000127,276,97,179
114000128,796,197,599
114000130,350,296,54
114000131,278,116,162
114000132,469,290,179
114000133,636,720,-84
114000134,61,38,23
114000138,36,110,-74
114000139,335,261,74
114000144,622,426,196
114000145,53,76,-23
114000146,55,101,-46
114000147,1113,1622,-509
114000148,1176,1557,-381
114000149,245,251,-6
114000150,298,406,-108
114000151,472,1172,-700
114000152,116,32,84
114000153,528,1584,-1056
114000154,579,397,182
114000155,1140,1858,-718
114000156,624,505,119
114000157,199,718,-519
114000158,792,612,180
114000159,105,307,-202
114000160,61,303,-242
114000161,901,2450,-1549
114000162,779,2220,-1441
114000163,16,40,-24
114000165,488,281,207
114000166,574,320,254
114000167,1785,1108,677
114000168,384,427,-43
114000169,974,1164,-190
114000170,832,980,-148
114000171,1043,4143,-3100
114000174,112,285,-173
114000176,259,308,-49
114000177,1006,500,506
114000178,40,52,-12
114000179,893,602,291
114000180,244,434,-190
114000181,1368,3235,-1867
114000182,1174,1584,-410
114000183,541,640,-99
114000184,1522,563,959
114000185,1067,565,502
114000189,1006,135,871
114000190,2590,409,2181
114000191,55,125,-70
114000192,135,680,-545
114000193,341,1179,-838
114000194,990,494,496
114000195,168,44,124
114000196,1,89,-88
114000197,1322,14,1308
114000198,586,263,323
114000199,1247,1453,-206
114000200,441,768,-327
114000201,112,460,-348
114000202,800,399,401
114000203,426,330,96
114000204,111,266,-155
114000205,120,749,-629
114000206,453,888,-435
114000207,406,848,-442
114000208,312,1157,-845
114000209,328,1055,-727
114000210,170,605,-435
114000211,998,1137,-139
114000212,654,606,48
114000213,1089,320,769
114000214,69,102,-33
114000215,154,65,89
114000216,1300,243,1057
114000217,306,163,143
114000218,119,121,-2
114000219,1197,141,1056
114000220,21,387,-366
114000221,685,137,548
114000222,85,434,-349
114000223,559,138,421
114000224,46,379,-333
114000225,291,361,-70
114000226,215,189,26
114000227,634,332,302
114000228,601,398,203
114000229,1096,705,391
114000230,1179,636,543
114000231,703,927,-224
114000232,563,106,457
114000233,1715,98,1617
114000234,817,528,289
114000235,845,787,58
114000236,0,270,-270
114000237,76,423,-347
114000238,142,157,-15
114000239,135,650,-515
114000240,600,669,-69
114000241,205,551,-346
114000242,561,525,36
114000243,1442,641,801
114000244,758,221,537
114000245,324,576,-252
114000246,98,43,55
114000247,798,369,429
114000248,1008,364,644
114000249,430,352,78
114000250,548,513,35
114000251,436,157,279
114000252,55,26,29
114000253,37,88,-51
114000254,46,30,16
114000255,353,145,208
114000256,580,2103,-1523
114000257,250,607,-357
114000258,327,224,103
114000259,101,138,-37
114000260,0,31,-31
114000261,40,27,13
114000262,220,70,150
114000263,5,2,3
114000264,1039,256,783
114000265,0,0,0
114000267,5,1227,-1222
114000268,1,645,-644
114000270,102,2,100
114000271,262,27,235
114000283,1265,301,964
114000285,12,100,-88
114000288,92,230,-138
114000289,1091,103,988
114000293,149,316,-167
114000294,101,190,-89
114000395,1181,19,1162
114000396,522,448,74
114000402,642,156,486
114000403,256,198,58
114000405,212,215,-3
114000423,320,197,123
114000424,414,134,280
114000425,833,168,665
114000426,243,613,-370
114000427,49,58,-9
114000428,126,163,-37
114000429,7,102,-95
114000432,92,45,47
114000434,22,42,-20
114000435,6,93,-87
114900001,558,411,147
114900002,560,141,419
114900003,645,624,21
114900004,186,387,-201
114900005,575,365,210
114900006,99,93,6
114900007,311,30,281
114900008,146,76,70
114900010,1095,1389,-294
114900011,186,113,73
114900013,198,111,87
114900015,65,436,-371
114900018,754,29,725
114900020,158,71,87
114900022,2,368,-366
114900024,280,101,179
114900025,448,127,321
114900026,68,127,-59
114900027,189,125,64
114900029,30,13,17
114900030,255,142,113
114900031,315,11,304
114900032,330,15,315
114900033,425,829,-404
114900034,25,112,-87
114900035,102,171,-69
114900036,124,266,-142
114900037,124,78,46
114900038,117,306,-189
114900039,376,187,189
114900040,57,72,-15
114900041,744,181,563
114900042,864,303,561
114900043,363,135,228
114900044,128,45,83
114900046,36,78,-42
114900047,189,1828,-1639
114900048,94,148,-54
114900049,17,71,-54
114900050,39,150,-111
114900051,38,227,-189
114900052,101,255,-154
114900053,110,171,-61
114900054,40,56,-16
114900057,227,9,218
114900058,0,38,-38
114900059,79,72,7
114900060,445,601,-156
114900061,110,90,20
114900062,195,222,-27
114900063,53,88,-35
114900064,1369,202,1167
114900065,387,431,-44
114900067,33,270,-237
114900068,59,86,-27
114900069,132,54,78
114900070,515,174,341
114900072,4,193,-189
114900073,0,99,-99
114900074,648,248,400
114900075,320,10,310
114900076,7,240,-233
114900080,955,151,804
114900082,1917,1919,-2
114900083,641,785,-144
114900090,361,157,204
114900091,69,122,-53
114900095,178,82,96
114900096,276,442,-166
114900097,140,1,139
114900098,8,94,-86
114900099,192,8,184
115000001,3150,1810,1340
115000002,3182,3686,-504
115000003,3097,1469,1628
115000004,3580,4801,-1221
115000005,1169,1357,-188
115000006,897,1139,-242
115000007,209,147,62
115000008,332,396,-64
115000009,186,157,29
115000010,215,170,45
115000013,53,190,-137
115000015,41,254,-213
115000016,41,209,-168
115000019,25,351,-326
115000020,81,690,-609
115000021,176,308,-132
115000022,416,235,181
115000023,215,480,-265
115000024,685,313,372
115000025,811,639,172
115000026,129,232,-103
115000027,261,292,-31
115000028,147,497,-350
115000029,479,73,406
115000030,500,874,-374
115000031,1036,190,846
115000032,8,217,-209
115000033,125,42,83
115000034,44,827,-783
115000035,876,50,826
115000036,2,210,-208
115000037,473,19,454
115000038,57,109,-52
115000039,2509,2660,-151
115000040,3273,2154,1119
115000041,1143,2936,-1793
115000042,669,442,227
115000043,3182,1874,1308
115000044,2820,2138,682
115000045,1873,880,993
115000046,2250,1594,656
115000047,1960,938,1022
115000048,1290,1218,72
115000049,1252,1847,-595
115000050,2560,1103,1457
115000051,1193,2556,-1363
115000052,1313,1158,155
115000053,1452,1528,-76
115000054,395,660,-265
115000055,122,620,-498
115000056,134,377,-243
115000057,588,759,-171
115000058,488,254,234
115000059,146,105,41
115000061,89,83,6
115000062,171,180,-9
115000063,390,167,223
115000064,193,52,141
115000065,46,378,-332
115000067,136,12,124
115000069,41,185,-144
115000070,25,541,-516
115000071,43,8,35
115000072,2,55,-53
115000073,974,52,922
115000075,71,46,25
115000076,1862,1530,332
115000077,1600,1089,511
115000078,1157,768,389
115000079,1028,919,109
115000080,2008,1161,847
115000081,295,505,-210
115000082,3272,2611,661
115000083,1505,1000,505
115000084,2078,774,1304
115000085,632,485,147
115000086,1037,481,556
115000087,308,1000,-692
115000088,1342,494,848
115000089,987,877,110
115000090,428,711,-283
115000091,196,521,-325
115000092,587,344,243
115000093,386,1,385
115000094,3773,4828,-1055
115000095,2608,4513,-1905
115000096,606,749,-143
115000097,973,689,284
115000098,1000,457,543
115000099,2036,1528,508
115000100,962,248,714
115000101,349,908,-559
115000102,351,185,166
115000103,221,360,-139
115000105,85,96,-11
115000106,548,224,324
115000107,185,216,-31
115000108,1767,1439,328
115000109,2583,3912,-1329
115000110,989,1523,-534
115000111,507,901,-394
115000112,586,764,-178
115000113,496,598,-102
115000114,1188,491,697
115000116,2304,1745,559
115000117,2120,2123,-3
115000118,1662,1373,289
115000119,1353,1536,-183
115000120,437,1098,-661
115000121,759,565,194
115000122,1111,1112,-1
115000123,684,1642,-958
115000124,481,783,-302
115000125,263,427,-164
115000126,78,224,-146
115000127,260,55,205
115000128,267,629,-362
115000129,215,338,-123
115000130,364,366,-2
115000131,809,205,604
115000132,415,158,257
115000133,673,145,528
115000134,434,127,307
115000135,168,106,62
115000136,249,187,62
115000137,108,90,18
115000138,363,208,155
115000139,183,113,70
115000140,330,164,166
115000141,183,132,51
115000142,116,115,1
115000143,776,465,311
115000144,464,53,411
115000145,167,156,11
115000146,416,285,131
115000147,243,272,-29
115000148,186,484,-298
115000149,523,171,352
115000150,471,331,140
115000151,1028,382,646
115000152,464,435,29
115000153,911,379,532
115000154,766,193,573
115000155,482,471,11
115000156,771,582,189
115000157,338,569,-231
115000158,278,389,-111
115000159,416,468,-52
115000160,375,309,66
115000161,110,331,-221
115000162,469,628,-159
115000163,420,532,-112
115000164,559,455,104
115000165,226,400,-174
115000167,145,48,97
115000168,293,216,77
115000169,310,329,-19
115000170,79,111,-32
115000171,194,188,6
115000172,633,466,167
115000173,229,499,-270
115000174,62,262,-200
115000175,116,108,8
115000176,79,99,-20
115000177,123,118,5
115000178,6,112,-106
115000179,21,23,-2
115000180,102,334,-232
115000181,611,80,531
115000182,895,188,707
115000183,318,381,-63
115000186,582,169,413
115000187,183,463,-280
115000188,299,338,-39
115000189,159,378,-219
115000190,557,292,265
115000191,95,412,-317
115000194,112,129,-17
115000195,170,236,-66
115000196,184,54,130
115000197,138,146,-8
115000198,376,119,257
115000199,395,86,309
115000200,333,79,254
115000201,146,165,-19
115000206,281,43,238
115000207,179,162,17
115000208,223,316,-93
115000209,529,226,303
115000210,164,72,92
115000211,189,187,2
115000212,965,224,741
115000224,279,42,237
115000225,44,80,-36
115000229,97,93,4
115000230,106,208,-102
115000231,197,736,-539
115000232,1532,263,1269
115000233,139,124,15
115000234,23,222,-199
115000241,90,116,-26
115000242,118,113,5
115000243,46,85,-39
115000244,8,62,-54
115000246,40,13,27
115000247,40,15,25
115000248,37,15,22
115000249,23,15,8
115000250,221,25,196
115000251,200,63,137
115000252,65,126,-61
115000253,13,291,-278
115000258,249,81,168
115000259,174,83,91
115000261,27,9,18
115000262,11,26,-15
115000263,9,34,-25
115000264,22,19,3
115000267,64,40,24
115000268,39,87,-48
115000269,81,55,26
115000270,7,11,-4
115000272,60,94,-34
115000273,393,16,377
115000280,1263,245,1018
115000281,212,647,-435
115000282,582,803,-221
115000284,191,100,91
115000296,851,9,842
115000297,140,170,-30
115000298,48,384,-336
115000300,178,91,87
115000302,674,70,604
115000303,665,47,618
115000304,652,42,610
115000305,88,295,-207
115000306,147,162,-15
115000307,114,118,-4
115000308,11,4,7
115000309,14,50,-36
115000310,970,405,565
115000311,932,716,216
115000313,57,280,-223
115000314,476,120,356
115000315,557,511,46
115000316,49,108,-59
115000317,145,284,-139
115000318,642,207,435
115000319,54,190,-136
115000320,16,246,-230
115000321,217,8,209
115000322,51,124,-73
115000449,110,96,14
115000557,0,1118,-1118
115000558,357,79,278
115000587,464,217,247
115000588,1516,1648,-132
115000589,2808,1676,1132
115000590,1009,1138,-129
115000591,1193,581,612
115000592,381,1432,-1051
115000593,1142,517,625
115000594,429,2092,-1663
115000609,156,194,-38
115000617,618,2233,-1615
115000624,214,27,187
115000633,339,1185,-846
115000634,2145,575,1570
115000635,449,74,375
115000638,337,375,-38
115000641,52,117,-65
115000642,224,201,23
115000643,103,277,-174
115000644,81,212,-131
115000646,606,1269,-663
115000647,180,282,-102
115000648,1616,939,677
115000893,1594,1285,309
115000894,109,628,-519
115000895,221,547,-326
115000896,758,368,390
115000897,382,107,275
115000898,374,196,178
115000899,178,823,-645
115000900,39,245,-206
115000901,40,97,-57
115000912,318,61,257
115000913,3,12,-9
115000915,11,0,11
115000916,4,1,3
115000917,0,4,-4
115000918,27,394,-367
115000919,7,9,-2
115000920,20,38,-18
115000921,234,52,182
115000922,519,671,-152
115000923,177,883,-706
115000925,121,96,25
115000927,37,57,-20
115000933,126,171,-45
115000934,183,114,69
115000935,101,46,55
115000936,27,626,-599
115000937,408,93,315
115000938,53,208,-155
115000939,67,128,-61
115000940,27,32,-5
115000941,1,20,-19
115000942,12,130,-118
115000943,12,22,-10
115000944,2,15,-13
115900001,90,15,75
115900002,74,66,8
115900003,172,42,130
115900004,0,29,-29
115900005,179,5,174
115900006,152,98,54
115900008,72,11,61
115900009,70,137,-67
115900010,315,69,246
115900011,309,137,172
115900012,170,36,134
115900013,229,116,113
115900014,103,81,22
115900015,120,35,85
115900016,109,29,80
115900017,15,7,8
115900018,106,29,77
115900019,61,7,54
115900020,171,6,165
115900021,540,254,286
115900022,663,11,652
115900023,4,3,1
115900025,19,214,-195
115900026,526,125,401
115900027,1,141,-140
115900028,337,40,297
115900029,11,192,-181
115900030,37,22,15
115900031,160,218,-58
115900032,352,450,-98
115900033,0,41,-41
115900034,16,156,-140
115900035,32,14,18
115900036,38,807,-769
115900037,26,142,-116
115900038,40,9,31
115900039,172,83,89
115900041,235,586,-351
115900042,39,9,30
115900043,87,50,37
115900044,140,207,-67
115900046,303,110,193
115900047,130,132,-2
115900049,132,130,2
115900051,4,10,-6
115900052,12,88,-76
115900053,216,113,103
115900054,250,21,229
115900055,23,64,-41
115900056,157,131,26
115900057,6,9,-3
115900058,20,41,-21
115900060,43,70,-27
115900061,272,3,269
115900062,17,122,-105
115900063,60,11,49
115900064,133,164,-31
115900065,117,43,74
115900066,77,60,17
115900067,4,176,-172
115900068,1404,915,489
115900069,30,119,-89
115900070,181,96,85
115900071,0,170,-170
115900072,30,95,-65
115900073,51,98,-47
115900074,1,142,-141
115900075,25,127,-102
115900076,5,38,-33
115900077,5,125,-120
115900078,37,102,-65
115900079,209,8,201
115900080,228,130,98
115900081,18,45,-27
115900082,99,59,40
115900084,520,13,507
115900085,23,44,-21
115900086,838,398,440
115900088,6,59,-53
115900089,298,376,-78
115900090,387,11,376
115900091,6,19,-13
115900092,43,56,-13
115900093,15,7,8
115900094,1,88,-87
115900096,2,6,-4
115900097,10,131,-121
115900098,169,163,6
115900099,81,21,60
115900100,15,223,-208
115900101,168,108,60
115900102,62,33,29
115900103,277,94,183
115900104,86,58,28
115900105,238,270,-32
115900106,73,12,61
115900107,89,53,36
115900108,137,28,109
115900109,20,162,-142
115900110,1,6,-5
115900111,0,56,-56
115900112,49,424,-375
115900113,84,11,73
115900114,2,64,-62
115900115,95,134,-39
115900116,58,398,-340
115900117,58,8,50
115900118,5,148,-143
115900119,110,128,-18
115900120,28,143,-115
115900121,194,121,73
115900124,215,604,-389
115900125,297,51,246
115900126,530,57,473
115900127,645,33,612
115900128,15,52,-37
115900129,547,45,502
115900130,16,229,-213
115900131,415,18,397
115900132,634,7,627
115900134,266,8,258
115900135,287,841,-554
115900137,29,2,27
115900139,24,65,-41
115900140,251,39,212
115900141,1,26,-25
115900142,4,38,-34
115900143,218,216,2
115900144,122,119,3
115900146,12,46,-34
115900147,170,213,-43
115900148,33,3,30
115900149,78,7,71
115900150,67,9,58
115900151,9,96,-87
115900152,140,182,-42
115900153,143,110,33
115900154,332,260,72
115900155,0,14,-14
115900156,567,702,-135
115900157,166,385,-219
115900158,10,3,7
115900159,120,141,-21
115900160,3,6,-3
115900161,43,69,-26
115900163,183,63,120
115900164,599,15,584
115900166,149,90,59
115900168,117,90,27
115900171,92,314,-222
115900172,48,95,-47
115900173,195,62,133
115900174,151,173,-22
115900175,104,151,-47
115900178,5,226,-221
115900179,280,11,269
115900180,24,87,-63
115900181,157,91,66
115900182,437,94,343
115900183,41,42,-1
115900184,669,6,663
115900187,16,108,-92
115900189,0,193,-193
115900190,152,984,-832
115900191,21,152,-131
115900192,12,92,-80
115900193,119,78,41
115900194,632,55,577
115900195,327,1967,-1640
115900198,193,216,-23
115900199,196,110,86
115900200,137,191,-54
115900201,248,247,1
115900202,1,90,-89
115900203,1,19,-18
115900204,0,3,-3
115900205,74,16,58
115900206,228,107,121
115900207,38,14,24
115900208,89,50,39
115900209,5,80,-75
115900210,5,114,-109
115900211,1,113,-112
115900212,146,98,48
115900213,62,113,-51
115900214,531,104,427
115900215,47,139,-92
115900216,3,72,-69
115900217,1,39,-38
115900218,0,16,-16
115900219,107,3,104
115900220,196,9,187
115900221,84,5,79
115900222,59,40,19
115900223,5,353,-348
115900224,499,1096,-597
115900225,35,52,-17
115900226,33,44,-11
115900227,9,46,-37
115900228,6,46,-40
115900229,5,26,-21
115900230,21,80,-59
115900231,106,2,104
115900232,42,2,40
115900233,70,3,67
115900234,65,30,35
115900235,29,43,-14
115900236,77,24,53
115900237,30,17,13
115900238,33,8,25
115900239,24,13,11
115900240,4,23,-19
115900241,189,67,122
115900242,174,286,-112
115900243,2,8,-6
115900244,8,9,-1
115900245,46,1,45
115900246,4,14,-10
115900247,19,11,8
115900248,7,7,0
115900249,11,5,6
115900250,5,11,-6
115900251,3,7,-4
115900252,1,1,0
115900253,6,10,-4
115900254,5,18,-13
115900255,0,13,-13
115900256,9,14,-5
115900257,7,4,3
115900258,0,1,-1
115900259,4,2,2
115900260,2,1,1
115900261,6,1,5
115900262,0,0,0
115900263,15,1,14
115900264,8,3,5
115900265,2,5,-3
115900266,1,16,-15
115900267,10,20,-10
115900268,6,6,0
115900269,508,207,301
115900270,326,120,206
115900271,143,0,143
115900272,23,4,19
115900273,5,13,-8
115900274,1,4,-3
115900275,0,7,-7
115900276,0,11,-11
115900277,0,23,-23
115900278,38,59,-21
115900279,10,178,-168
115900280,14,442,-428
115900281,190,249,-59
115900282,3,11,-8
115900283,7,10,-3
115900284,20,8,12
116000001,4755,2467,2288
116000002,3364,9369,-6005
116000003,1105,1018,87
116000004,2264,3234,-970
116000005,1135,1984,-849
116000006,2016,2136,-120
116000007,1703,1804,-101
116000008,2926,1848,1078
116000009,925,1131,-206
116000010,1997,1206,791
116000011,584,1038,-454
116000012,1489,1028,461
116000013,4275,2706,1569
116000014,5648,9633,-3985
116000015,118,1075,-957
116000016,3295,3049,246
116000017,20,551,-531
116000018,444,248,196
116000019,856,203,653
116000020,455,515,-60
116000021,415,223,192
116000022,289,238,51
116000023,913,654,259
116000024,444,539,-95
116000025,631,658,-27
116000026,1201,1870,-669
116000027,570,478,92
116000028,328,624,-296
116000029,337,508,-171
116000030,461,426,35
116000031,119,204,-85
116000032,266,110,156
116000033,286,345,-59
116000034,527,581,-54
116000035,268,403,-135
116000036,914,1254,-340
116000037,479,353,126
116000038,187,437,-250
116000039,332,453,-121
116000040,464,442,22
116000041,128,439,-311
116000042,481,270,211
116000043,93,349,-256
116000044,3,27,-24
116000045,1163,976,187
116000046,809,1093,-284
116000047,1201,1592,-391
116000048,1364,1208,156
116000049,1051,2001,-950
116000050,1059,927,132
116000051,4638,1831,2807
116000052,4436,3159,1277
116000053,1496,517,979
116000054,719,1679,-960
116000055,591,544,47
116000056,760,691,69
116000057,1583,929,654
116000058,1977,1701,276
116000059,1772,2842,-1070
116000060,1339,690,649
116000061,471,769,-298
116000062,392,182,210
116000063,380,948,-568
116000066,203,496,-293
116000067,140,291,-151
116000068,217,247,-30
116000069,193,220,-27
116000078,450,833,-383
116000080,1451,669,782
116000082,1,14,-13
116000083,1442,318,1124
116000084,1264,1962,-698
116000085,1684,1503,181
116000086,1069,679,390
116000087,1941,1442,499
116000088,581,529,52
116000089,177,53,124
116000090,111,116,-5
116000091,219,297,-78
116000093,630,460,170
116000094,543,377,166
116000095,712,392,320
116000096,588,1090,-502
116000097,751,406,345
116000098,53,4989,-4936
116000099,3385,155,3230
116000100,182,25,157
116000101,801,338,463
116000102,252,646,-394
116000103,355,221,134
116000104,181,689,-508
116000105,1018,121,897
116000106,507,619,-112
116000107,2322,211,2111
116000108,204,145,59
116000111,128,36,92
116000113,129,86,43
116000114,34,86,-52
116000115,274,102,172
116000116,211,221,-10
116000117,1141,1333,-192
116000118,1425,758,667
116000119,2993,1418,1575
116000120,2475,2228,247
116000121,738,479,259
116000122,786,743,43
116000123,993,338,655
116000124,333,502,-169
116000125,2293,686,1607
116000126,197,739,-542
116000127,725,687,38
116000128,1451,650,801
116000129,1074,193,881
116000130,488,474,14
116000133,1098,610,488
116000134,1289,898,391
116000135,2094,1031,1063
116000136,679,1165,-486
116000137,963,525,438
116000138,582,568,14
116000139,1075,1536,-461
116000140,135,109,26
116000141,270,330,-60
116000142,2082,1491,591
116000143,1468,1356,112
116000144,1117,1151,-34
116000145,1492,771,721
116000146,616,89,527
116000147,181,107,74
116000148,532,499,33
116000149,625,589,36
116000151,392,322,70
116000153,85,224,-139
116000155,107,204,-97
116000156,365,635,-270
116000157,74,20,54
116000158,275,204,71
116000159,13,10,3
116000160,21,26,-5
116000161,4,49,-45
116000162,51,64,-13
116000163,38,20,18
116000164,8,17,-9
116000177,336,117,219
116000194,80,269,-189
116000195,1028,400,628
116000196,6,4,2
116000197,14,9,5
116000198,1539,716,823
116000200,415,407,8
116000201,441,443,-2
116000202,10,126,-116
116000203,0,65,-65
116000204,11,34,-23
116000205,0,91,-91
116000206,8,93,-85
116000207,8,31,-23
116000233,168,292,-124
116000287,109,219,-110
116000288,291,153,138
116000292,47,67,-20
116000296,8,103,-95
116000297,113,10,103
116000304,161,25,136
116000305,18,29,-11
116000346,113,50,63
116000352,123,21,102
116000354,20,16,4
116000357,7,36,-29
116000358,331,57,274
116000361,67,10,57
116000372,2561,3676,-1115
116000381,136,2,134
116000388,1,27,-26
116000389,686,442,244
116000445,384,245,139
116000446,518,271,247
116000447,16,432,-416
116000448,429,122,307
116000563,513,650,-137
116000565,45,223,-178
116000568,48,331,-283
116000579,15,95,-80
116000584,20,2,18
116000585,35,21,14
116000586,40,49,-9
116000587,314,369,-55
116000589,54,44,10
116000590,74,35,39
116000591,286,140,146
116000592,7,53,-46
116000593,0,11,-11
116000594,599,197,402
116000595,635,67,568
116000596,74,4,70
116000597,439,112,327
116000598,23,79,-56
116000602,33,139,-106
116000605,166,84,82
116000606,47,255,-208
116000607,5,29,-24
116000609,95,797,-702
116000611,120,252,-132
116000612,788,1464,-676
116000613,550,288,262
116000614,305,315,-10
116000615,2,226,-224
116000616,39,47,-8
116000617,87,12,75
116000618,2,27,-25
116000619,31,44,-13
116000620,157,95,62
116000621,53,98,-45
116000622,46,95,-49
116000624,203,71,132
116000627,39,11,28
116000628,50,180,-130
116000629,21,191,-170
116000630,367,31,336
116000631,190,28,162
116000632,822,40,782
116000633,129,105,24
116000634,353,60,293
116000635,1585,1771,-186
116000636,408,894,-486
116000637,383,39,344
116000638,127,155,-28
116000640,3,2,1
116000641,19,39,-20
116000644,23,139,-116
116900001,154,108,46
116900002,169,0,169
116900003,33,24,9
116900004,55,64,-9
116900005,190,32,158
116900006,51,85,-34
116900007,97,140,-43
116900008,373,128,245
116900009,17,2,15
116900010,1,505,-504
116900011,25,22,3
116900012,188,140,48
116900013,1,69,-68
116900014,150,80,70
116900015,472,31,441
116900016,168,1,167
116900017,1,242,-241
116900018,77,50,27
116900019,3,182,-179
116900020,390,922,-532
116900023,144,11,133
116900024,547,35,512
116900025,1024,388,636
116900026,97,314,-217
116900027,36,32,4
116900028,2,46,-44
116900029,0,35,-35
116900031,1,4,-3
116900032,4,133,-129
116900033,20,13,7
116900034,4,35,-31
116900035,139,96,43
116900036,2,102,-100
116900038,16,0,16
116900041,37,5,32
116900042,281,144,137
116900043,22,43,-21
116900047,19,134,-115
116900049,36,166,-130
116900050,97,280,-183
116900051,134,73,61
116900052,82,33,49
116900055,0,9,-9
116900057,7,97,-90
116900058,21,218,-197
116900059,0,71,-71
116900060,132,120,12
116900062,0,20,-20
116900064,60,215,-155
116900065,25,60,-35
116900067,83,57,26
116900068,82,136,-54
116900070,3,1,2
116900072,19,155,-136
116900073,10,54,-44
116900074,1,24,-23
116900076,13,35,-22
116900077,15,74,-59
116900078,148,46,102
116900079,41,122,-81
116900080,7,13,-6
116900081,285,664,-379
116900082,340,623,-283
116900083,27,11,16
116900084,74,37,37
116900085,22,91,-69
116900086,28,121,-93
116900088,290,68,222
116900090,75,17,58
116900091,326,20,306
116900092,60,442,-382
116900093,1330,1204,126
116900094,2228,3127,-899
116900095,202,105,97
116900096,105,337,-232
116900097,1450,2346,-896
116900098,567,266,301
116900099,332,530,-198
116900100,805,37,768
116900101,206,317,-111
116900103,2,0,2
116900104,47,69,-22
116900105,288,124,164
116900106,1907,173,1734
116900107,1466,1807,-341
116900110,8,0,8
116900111,487,280,207
116900112,211,450,-239
116900113,886,1403,-517
116900116,54,529,-475
116900117,123,64,59
116900118,562,679,-117
116900120,345,42,303
116900121,104,13,91
116900122,777,291,486
116900123,203,330,-127
116900124,112,566,-454
116900125,402,95,307
116900126,43,419,-376
116900128,3,24,-21
116900129,2,207,-205
116900130,439,2808,-2369
116900131,75,248,-173
116900132,58,68,-10
116900133,112,78,34
116900134,210,135,75
116900136,158,143,15
116900137,186,122,64
116900138,122,122,0
116900139,148,250,-102
116900140,165,86,79
116900141,499,281,218
116900142,3,71,-68
116900143,269,219,50
116900144,27,78,-51
116900145,46,106,-60
116900147,235,581,-346
116900148,3,17,-14
116900149,35,224,-189
116900150,12,8,4
116900151,39,13,26
116900153,140,73,67
116900154,252,425,-173
116900155,41,58,-17
116900157,511,117,394
116900158,109,257,-148
116900159,35,257,-222
116900160,662,679,-17
116900161,2893,5374,-2481
116900162,15,51,-36
116900163,139,58,81
116900164,53,68,-15
116900165,229,228,1
116900166,44,32,12
116900167,358,41,317
116900168,320,42,278
116900169,296,646,-350
116900170,273,417,-144
116900171,30,53,-23
116900172,124,363,-239
116900173,194,25,169
116900174,53,59,-6
116900175,195,237,-42
116900178,28,57,-29
116900179,42,301,-259
116900180,73,16,57
116900182,474,155,319
116900183,103,67,36
116900185,27,47,-20
116900186,81,92,-11
116900187,36,43,-7
116900188,105,23,82
116900189,38,1,37
116900191,290,400,-110
116900192,231,99,132
116900194,137,1306,-1169
116900195,25,23,2
116900196,13,54,-41
116900197,86,2,84
116900198,70,195,-125
116900200,70,17,53
116900201,68,3,65
116900202,59,14,45
116900203,163,8,155
116900204,36,81,-45
116900206,8,5,3
116900207,41,19,22
116900208,19,36,-17
116900209,24,51,-27
116900210,466,222,244
116900211,212,4,208
116900212,65,24,41
116900213,150,82,68
116900214,163,80,83
116900215,30,51,-21
116900216,237,149,88
116900218,1,113,-112
116900219,873,209,664
116900220,98,226,-128
116900221,94,208,-114
116900222,296,263,33
116900223,82,195,-113
116900226,58,32,26
116900227,186,56,130
116900228,232,89,143
116900230,43,117,-74
116900231,46,177,-131
116900232,18,202,-184
116900233,258,84,174
116900234,18,9,9
116900235,123,158,-35
116900238,1017,219,798
116900239,7,1088,-1081
116900240,2749,2037,712
116900241,52,40,12
116900242,334,460,-126
116900243,0,14,-14
116900245,23,21,2
116900246,101,11,90
116900247,890,23,867
116900248,54,33,21
116900249,363,69,294
116900250,425,30,395
116900251,320,533,-213
116900252,189,489,-300
116900253,120,57,63
116900254,32,53,-21
116900255,75,58,17
116900256,340,78,262
116900257,30,238,-208
116900258,3,96,-93
116900259,241,6,235
116900260,2,26,-24
116900261,45,1,44
116900262,99,93,6
116900263,1,13,-12
116900264,45,44,1
116900265,44,1,43
116900266,22,11,11
116900267,1,1,0
116900268,95,90,5
116900269,231,447,-216
116900271,494,272,222
116900272,210,176,34
116900273,120,126,-6
116900274,148,50,98
116900275,142,60,82
116900276,374,174,200
116900277,248,33,215
116900278,9,5,4
116900279,3,13,-10
116900280,25,14,11
116900281,2520,3853,-1333
116900282,3,36,-33
116900283,12,29,-17
116900284,14,122,-108
116900285,125,180,-55
116900286,123,19,104
116900287,4,11,-7
116900288,72,75,-3
116900289,22,3,19
116900290,4,16,-12
116900291,40,12,28
116900292,0,26,-26
116900293,65,24,41
116900294,15,84,-69
116900295,111,91,20
116900296,63,74,-11
116900297,4,88,-84
116900298,45,73,-28
116900299,11,54,-43
116900300,5,112,-107
116900301,37,132,-95
116900302,20,72,-52
116900303,70,63,7
116900304,0,131,-131
116900305,23,36,-13
116900306,182,32,150
116900307,30,1,29
116900308,0,58,-58
116900309,64,67,-3
117000001,1748,1389,359
117000002,1254,2488,-1234
117000003,4771,2378,2393
117000004,2128,3183,-1055
117000005,2218,1451,767
117000006,951,1912,-961
117000007,3499,955,2544
117000008,696,2018,-1322
117000009,3669,1534,2135
117000010,1534,2250,-716
117000011,1931,1145,786
117000012,902,742,160
117000013,1593,594,999
117000014,898,1549,-651
117000015,1759,923,836
117000016,198,164,34
117000017,125,87,38
117000018,92,567,-475
117000019,67,44,23
117000020,311,1140,-829
117000021,798,647,151
117000022,226,173,53
117000023,67,284,-217
117000024,168,217,-49
117000025,280,900,-620
117000026,1396,1421,-25
117000027,933,2505,-1572
117000028,837,1527,-690
117000030,213,252,-39
117000031,244,231,13
117000032,1073,940,133
117000033,1037,540,497
117000034,397,208,189
117000035,270,254,16
117000036,295,239,56
117000037,241,152,89
117000038,129,391,-262
117000039,346,164,182
117000040,220,574,-354
117000041,1022,161,861
117000044,6,358,-352
117000045,394,82,312
117000046,265,591,-326
117000047,717,478,239
117000048,1256,526,730
117000049,91,341,-250
117000050,80,893,-813
117000051,1940,60,1880
117000052,49,150,-101
117000053,487,32,455
117000054,1439,10,1429
117000055,9,1426,-1417
117000056,573,23,550
117000057,284,1357,-1073
117000060,327,678,-351
117000061,1530,632,898
117000062,185,428,-243
117000063,1322,737,585
117000064,348,417,-69
117000066,474,537,-63
117000067,80,411,-331
117000074,67,132,-65
117000076,51,26,25
117000077,93,123,-30
117000078,79,476,-397
117000079,308,163,145
117000080,0,216,-216
117000081,713,103,610
117000082,16,44,-28
117000083,88,4,84
117000084,109,0,109
117000085,222,645,-423
117000086,565,222,343
117000087,74,321,-247
117000088,210,114,96
117000089,1518,174,1344
117000090,226,740,-514
117000091,779,217,562
117000092,307,751,-444
117000093,1141,580,561
117000094,937,1496,-559
117000095,3071,602,2469
117000096,558,1283,-725
117000097,1443,670,773
117000098,1597,2330,-733
117000099,3289,973,2316
117000100,159,272,-113
117000101,102,502,-400
117000102,1542,489,1053
117000103,482,908,-426
117000104,1167,469,698
117000105,580,776,-196
117000106,1043,559,484
117000107,415,968,-553
117000108,1624,743,881
117000109,839,1364,-525
117000110,1229,1025,204
117000111,2667,2952,-285
117000112,2703,1101,1602
117000113,127,101,26
117000114,168,89,79
117000115,49,64,-15
117000116,115,124,-9
117000117,956,776,180
117000118,237,98,139
117000119,138,183,-45
117000120,126,437,-311
117000121,28,612,-584
117000122,239,629,-390
117000123,1065,42,1023
117000124,107,85,22
117000125,124,163,-39
117000126,29,11,18
117000127,109,179,-70
117000128,161,557,-396
117000129,185,773,-588
117000130,150,2,148
117000131,0,100,-100
117000132,2445,16,2429
117000133,1728,65,1663
117000134,0,77,-77
117000135,3,105,-102
117000136,1,16,-15
117000137,75,116,-41
117000138,1,466,-465
117000140,304,828,-524
117000141,1532,434,1098
117000181,252,171,81
117000182,544,544,0
117000195,108,463,-355
117000196,222,159,63
117000225,68,55,13
117000226,4,106,-102
117000276,288,18,270
117000277,1,121,-120
117000310,958,1452,-494
117000315,53,509,-456
117000320,66,0,66
117000906,314,18,296
117000907,14,126,-112
117000909,33,33,0
117000910,138,132,6
117000911,49,84,-35
117000915,6,237,-231
117000916,58,6,52
117000917,998,24,974
117000918,80,39,41
117000919,6,42,-36
117000920,1,656,-655
117000921,0,438,-438
117000922,17,50,-33
117000924,296,537,-241
117000926,435,124,311
117000927,442,804,-362
117000928,0,84,-84
117000929,166,162,4
117000930,213,7,206
117000931,113,120,-7
117900002,65,231,-166
117900003,367,347,20
117900005,5,78,-73
117900006,2,64,-62
117900007,93,47,46
117900008,2,21,-19
117900010,193,46,147
117900011,19,145,-126
117900012,35,56,-21
117900013,0,81,-81
117900014,382,99,283
117900015,8,39,-31
117900016,691,622,69
117900017,440,231,209
117900018,127,127,0
117900019,519,157,362
117900020,45,380,-335
117900021,13,41,-28
117900022,15,3,12
117900023,693,75,618
117900024,38,43,-5
117900025,29,3,26
117900026,330,113,217
117900028,31,17,14
117900029,214,251,-37
117900030,406,208,198
117900031,110,115,-5
117900032,934,588,346
117900033,249,213,36
117900034,45,21,24
117900035,230,86,144
117900036,187,160,27
117900037,158,57,101
117900038,33,114,-81
117900039,3,31,-28
117900040,104,168,-64
117900041,0,23,-23
117900042,2139,196,1943
117900043,14,22,-8
117900044,13,2338,-2325
117900045,113,82,31
117900048,344,182,162
117900049,175,262,-87
117900050,3,101,-98
117900051,8,1,7
117900052,44,314,-270
117900053,1467,311,1156
117900054,0,22,-22
117900055,410,169,241
117900056,60,61,-1
117900057,707,694,13
117900058,33,23,10
117900059,138,46,92
117900060,2164,2495,-331
117900061,9,201,-192
117900063,261,106,155
117900065,415,593,-178
117900066,13,56,-43
117900067,446,82,364
117900069,607,117,490
117900070,95,46,49
117900071,69,64,5
117900073,450,118,332
117900074,72,89,-17
117900075,51,48,3
117900076,31,29,2
117900077,364,92,272
117900078,210,698,-488
117900080,114,32,82
117900081,280,256,24
117900082,361,308,53
117900083,310,221,89
117900086,134,21,113
117900087,125,27,98
117900088,1848,1129,719
117900089,1785,598,1187
117900090,342,204,138
117900091,69,95,-26
117900092,57,27,30
117900093,102,19,83
117900094,39,19,20
117900095,328,280,48
117900096,66,150,-84
117900097,206,48,158
117900098,27,7,20
117900099,151,134,17
117900100,255,2,253
117900101,342,1463,-1121
117900102,79,18,61
117900103,50,3,47
117900104,10,154,-144
117900105,86,119,-33
117900106,98,18,80
117900107,36,0,36
117900109,522,269,253
117900110,126,0,126
117900111,394,26,368
117900112,40,8,32
117900113,1186,1105,81
117900114,22,0,22
117900115,87,56,31
117900116,587,533,54
117900117,486,160,326
117900118,81,0,81
117900119,148,76,72
117900120,227,23,204
117900121,97,42,55
117900122,908,2874,-1966
117900123,445,282,163
117900124,513,432,81
117900125,1149,1682,-533
117900126,141,353,-212
117900127,309,179,130
117900128,282,312,-30
117900129,47,2,45
117900130,460,293,167
117900131,0,90,-90
117900132,10,63,-53
117900133,10,61,-51
117900134,39,177,-138
117900135,16,70,-54
117900136,0,15,-15
117900137,21,126,-105
117900138,0,21,-21
117900139,76,46,30
117900140,1829,270,1559
117900141,85,138,-53
117900142,92,32,60
117900144,45,383,-338
117900145,22,34,-12
117900146,119,136,-17
117900147,37,35,2
117900148,1262,1402,-140
117900149,67,84,-17
117900150,22,31,-9
117900151,45,46,-1
117900152,46,37,9
117900153,11,79,-68
117900154,326,338,-12
117900156,560,579,-19
117900157,82,338,-256
117900158,228,108,120
117900160,638,629,9
117900161,1416,1083,333
117900162,366,286,80
117900163,28,176,-148
117900165,3,6,-3
117900166,88,420,-332
117900168,41,146,-105
117900169,1,79,-78
117900170,2,13,-11
117900171,2,8,-6
117900172,13,18,-5
117900173,89,59,30
117900174,17,34,-17
117900175,6,11,-5
117900176,12,16,-4
117900177,15,12,3
117900178,79,22,57
117900180,191,40,151
117900181,23,292,-269
117900182,1,26,-25
117900183,38,128,-90
117900184,7,35,-28
117900185,47,24,23
117900186,36,13,23
117900187,17,2,15
117900188,114,30,84
117900189,42,18,24
117900190,25,0,25
117900191,65,2,63
117900192,228,3,225
117900193,11,33,-22
117900194,7,1,6
117900195,11,39,-28
117900196,11,25,-14
117900207,98,139,-41
117900208,11,26,-15
117900209,117,110,7
117900210,83,108,-25
117900211,1,75,-74
117900212,88,114,-26
117900213,24,5,19
117900214,8,9,-1
117900215,21,34,-13
117900216,16,20,-4
117900217,32,187,-155
117900218,101,67,34
117900219,10,72,-62
117900220,68,81,-13
117900222,163,162,1
117900223,71,217,-146
118000001,494,927,-433
118000002,340,1064,-724
118000003,1734,2779,-1045
118000004,1641,1538,103
118000005,2277,3982,-1705
118000006,2147,6147,-4000
118000007,3631,3568,63
118000008,1840,2654,-814
118000009,1027,2149,-1122
118000010,4774,2710,2064
118000011,1136,1467,-331
118000012,807,1161,-354
118000013,1646,1416,230
118000014,1501,1296,205
118000016,175,156,19
118000017,327,275,52
118000018,244,216,28
118000019,1402,1248,154
118000020,724,2465,-1741
118000021,480,2542,-2062
118000022,1000,710,290
118000023,525,216,309
118000024,707,1176,-469
118000027,6932,9009,-2077
118000029,461,606,-145
118000032,387,2580,-2193
118000033,2114,4815,-2701
118000034,3174,1962,1212
118000035,1524,2254,-730
118000036,660,987,-327
118000037,547,684,-137
118000038,189,49,140
118000039,66,120,-54
118000040,1249,914,335
118000041,1930,983,947
118000045,351,127,224
118000046,693,717,-24
118000047,557,1080,-523
118000048,1611,1592,19
118000051,1256,1616,-360
118000052,714,810,-96
118000053,252,288,-36
118000054,1117,577,540
118000055,898,904,-6
118000056,192,415,-223
118000057,138,295,-157
118000058,2464,1787,677
118000059,1265,1175,90
118000060,850,357,493
118000061,946,866,80
118000062,397,363,34
118000063,272,684,-412
118000064,550,923,-373
118000065,1907,1704,203
118000066,764,1458,-694
118000067,422,467,-45
118000068,1061,4201,-3140
118000069,1439,811,628
118000070,3245,1476,1769
118000071,2052,5775,-3723
118000072,988,1187,-199
118000073,619,661,-42
118000074,359,447,-88
118000075,430,172,258
118000076,1357,2248,-891
118000077,904,960,-56
118000078,1178,1795,-617
118000079,107,362,-255
118000080,766,721,45
118000081,1415,1166,249
118000082,242,849,-607
118000083,1225,1398,-173
118000084,2128,1351,777
118000086,211,398,-187
118000087,2629,2005,624
118000088,1095,1319,-224
118000089,2519,1841,678
118000090,854,2112,-1258
118000091,722,2289,-1567
118000092,741,494,247
118000093,58,648,-590
118000096,470,497,-27
118000097,637,598,39
118000098,245,129,116
118000099,612,400,212
118000101,1010,221,789
118000102,412,707,-295
118000107,837,350,487
118000108,415,1742,-1327
118000110,0,16,-16
118000111,1,108,-107
118000112,410,4,406
118000113,2,248,-246
118000114,400,12,388
118000115,9,8,1
118000116,22,2,20
118000117,678,551,127
118000118,706,925,-219
118000119,749,902,-153
118000120,1227,784,443
118000121,68,456,-388
118000122,968,242,726
118000123,23,215,-192
118000125,1000,653,347
118000126,575,1203,-628
118000127,1053,590,463
118000128,357,806,-449
118000129,692,296,396
118000130,1411,1812,-401
118000131,215,312,-97
118000132,2127,1656,471
118000133,855,280,575
118000135,458,377,81
118000136,109,296,-187
118000137,401,56,345
118000138,321,317,4
118000139,448,56,392
118000140,1753,3503,-1750
118000141,1697,1130,567
118000142,1490,952,538
118000143,1734,931,803
118000144,746,486,260
118000145,1146,917,229
118000146,889,358,531
118000147,692,832,-140
118000148,402,727,-325
118000149,746,597,149
118000150,403,191,212
118000151,453,283,170
118000153,1125,756,369
118000154,1044,937,107
118000155,1260,974,286
118000156,1364,1632,-268
118000157,368,297,71
118000158,165,347,-182
118000159,16,106,-90
118000160,470,261,209
118000161,425,398,27
118000162,1214,622,592
118000163,649,485,164
118000164,1323,974,349
118000168,574,563,11
118000169,733,544,189
118000170,2426,2612,-186
118000171,310,359,-49
118000172,81,174,-93
118000173,572,924,-352
118000175,247,267,-20
118000176,206,339,-133
118000177,150,385,-235
118000178,41,39,2
118000179,581,911,-330
118000180,582,476,106
118000181,542,170,372
118000182,197,185,12
118000183,130,223,-93
118000184,785,422,363
118000185,572,947,-375
118000186,609,746,-137
118000187,1086,366,720
118000188,519,72,447
118000189,566,311,255
118000190,6,9,-3
118000191,14,22,-8
118000192,26,102,-76
118000193,21,146,-125
118000194,754,594,160
118000195,274,1031,-757
118000196,200,176,24
118000197,95,118,-23
118000198,339,633,-294
118000199,359,292,67
118000200,43,199,-156
118000201,293,556,-263
118000202,56,43,13
118000203,440,530,-90
118000204,61,425,-364
118000205,77,257,-180
118000206,149,164,-15
118000207,1,41,-40
118000208,1073,952,121
118000209,1515,905,610
118000210,61,28,33
118000211,20,22,-2
118000213,483,1774,-1291
118000214,320,475,-155
118000215,250,93,157
118000216,2094,1060,1034
118000217,21,65,-44
118000218,68,72,-4
118000219,331,163,168
118000220,2,38,-36
118000221,212,227,-15
118000222,48,8,40
118000223,22,25,-3
118000224,89,55,34
118000225,77,379,-302
118000226,658,181,477
118000227,376,284,92
118000228,67,187,-120
118000229,104,117,-13
118000230,101,130,-29
118000231,86,145,-59
118000232,604,352,252
118000233,917,445,472
118000234,354,100,254
118000236,205,209,-4
118000237,69,186,-117
118000238,204,83,121
118000239,214,188,26
118000240,136,85,51
118000241,174,83,91
118000242,363,214,149
118000243,194,148,46
118000244,42,58,-16
118000246,0,23,-23
118000255,56,193,-137
118000256,185,145,40
118000259,6,44,-38
118000260,192,61,131
118000261,33,16,17
118000263,64,137,-73
118000266,89,149,-60
118000267,0,101,-101
118000268,204,0,204
118000270,92,12,80
118000271,130,151,-21
118000272,74,27,47
118000273,101,39,62
118000274,87,190,-103
118000276,405,172,233
118000295,7,96,-89
118000298,91,130,-39
118000299,68,58,10
118000301,0,38,-38
118000302,83,41,42
118000311,535,44,491
118000312,216,108,108
118000313,23,38,-15
118000314,94,25,69
118000315,23,15,8
118000316,557,327,230
118000325,53,23,30
118000326,32,27,5
118000331,23,21,2
118000332,13,22,-9
118000333,26,30,-4
118000335,317,1,316
118000336,0,90,-90
118000407,150,48,102
118000457,4,26,-22
118000465,1167,2721,-1554
118000480,26,44,-18
118000489,13,315,-302
118000490,3,107,-104
118000492,255,145,110
118000510,25,12,13
118000514,91,215,-124
118000515,489,556,-67
118000517,184,112,72
118000524,116,237,-121
118000525,447,538,-91
118000530,23,63,-40
118000531,213,197,16
118000532,197,175,22
118000533,257,91,166
118000534,435,256,179
118000535,256,99,157
118000536,176,967,-791
118000537,20,90,-70
118000538,20,59,-39
118000539,7,64,-57
118000540,188,86,102
118000541,140,23,117
118000542,63,100,-37
118000543,110,137,-27
118000546,30,10,20
118000553,0,0,0
118000560,1071,1606,-535
118000562,26,74,-48
118000563,839,769,70
118000576,135,111,24
118000577,120,104,16
118000578,110,77,33
118000579,351,805,-454
118000583,0,3,-3
118000595,184,75,109
118000596,0,59,-59
118000597,105,75,30
118000598,2,0,2
118000599,57,30,27
118000600,3,5,-2
118000601,4,0,4
118000602,0,4,-4
118000603,0,7,-7
118000605,39,75,-36
118900001,286,1156,-870
118900002,491,532,-41
118900003,344,8,336
118900004,52,30,22
118900005,70,5,65
118900006,144,7,137
118900007,7,1,6
118900008,902,66,836
118900009,41,52,-11
118900010,42,10,32
118900011,159,19,140
118900012,299,177,122
118900013,401,155,246
118900015,186,64,122
118900016,4,5,-1
118900017,178,270,-92
118900018,853,28,825
118900019,38,17,21
118900020,114,142,-28
118900021,121,247,-126
118900022,95,73,22
118900023,123,66,57
118900024,87,122,-35
118900025,38,12,26
118900026,73,52,21
118900027,288,205,83
118900028,182,83,99
118900029,317,379,-62
118900030,363,53,310
118900031,92,62,30
118900032,165,125,40
118900033,315,418,-103
118900034,146,33,113
118900035,94,108,-14
118900036,860,493,367
118900037,290,266,24
118900038,297,94,203
118900039,374,113,261
118900040,168,146,22
118900041,442,149,293
118900042,126,72,54
118900045,210,113,97
118900046,561,325,236
118900047,318,163,155
118900048,133,192,-59
118900049,37,43,-6
118900050,30,13,17
118900051,65,104,-39
118900052,208,207,1
118900053,25,82,-57
118900054,113,25,88
118900055,78,37,41
118900056,28,292,-264
118900057,554,369,185
118900058,432,276,156
118900059,27,72,-45
118900060,56,64,-8
118900062,543,147,396
118900064,244,420,-176
118900065,50,132,-82
118900066,70,58,12
118900067,2387,2929,-542
118900068,3,184,-181
118900069,347,124,223
118900071,7,46,-39
118900072,391,207,184
118900073,174,64,110
118900074,159,67,92
118900075,53,23,30
118900076,165,94,71
118900077,178,106,72
118900078,14,2,12
118900079,35,102,-67
118900080,31,101,-70
118900081,81,20,61
118900082,630,111,519
118900083,23,8,15
118900084,16,8,8
118900085,441,382,59
118900086,28,88,-60
118900087,17,184,-167
118900088,0,7,-7
118900089,39,20,19
118900090,370,189,181
118900091,134,168,-34
118900092,136,55,81
118900093,91,18,73
118900096,45,83,-38
118900097,185,274,-89
118900099,83,145,-62
118900100,77,120,-43
118900101,109,191,-82
118900102,26,45,-19
118900103,31,83,-52
118900104,215,97,118
118900105,116,87,29
118900107,86,45,41
118900108,90,46,44
118900110,954,723,231
118900111,386,305,81
118900112,77,123,-46
118900113,79,187,-108
118900114,22,48,-26
118900115,91,292,-201
118900116,80,141,-61
118900117,104,113,-9
118900118,278,198,80
118900119,113,114,-1
118900120,66,218,-152
118900121,18,74,-56
118900122,10,715,-705
118900123,114,94,20
118900124,71,97,-26
118900126,23,269,-246
118900129,172,146,26
118900130,81,181,-100
118900131,187,109,78
118900132,207,173,34
118900133,12,76,-64
118900135,128,121,7
118900136,160,249,-89
118900137,7,29,-22
118900139,140,151,-11
118900140,363,283,80
118900141,63,64,-1
118900144,88,192,-104
118900145,28,58,-30
118900146,322,462,-140
118900147,158,112,46
118900148,60,36,24
118900150,124,424,-300
118900152,475,425,50
118900157,43,107,-64
118900158,89,25,64
118900159,0,86,-86
118900161,66,13,53
118900163,56,73,-17
118900164,0,56,-56
118900165,58,65,-7
118900166,28,3,25
118900167,58,130,-72
118900168,14,120,-106
118900169,109,131,-22
118900170,125,42,83
118900171,24,38,-14
118900174,50,37,13
118900175,347,350,-3
118900176,118,192,-74
118900177,65,23,42
118900178,42,115,-73
118900179,8,23,-15
118900181,71,53,18
118900182,60,48,12
118900183,18,82,-64
118900184,233,104,129
118900185,74,37,37
118900186,55,97,-42
118900187,188,192,-4
118900188,208,141,67
118900189,28,544,-516
118900190,13,145,-132
118900191,169,24,145
118900192,212,7,205
118900193,465,2,463
118900195,172,305,-133
118900196,22,102,-80
118900197,159,37,122
118900198,25,13,12
118900199,87,20,67
118900200,11,14,-3
118900201,21,25,-4
118900202,17,30,-13
118900203,12,6,6
118900204,11,15,-4
118900205,1,7,-6
118900206,4,17,-13
119000001,1055,1535,-480
119000002,3212,3369,-157
119000003,2295,634,1661
119000004,1795,976,819
119000005,1410,1476,-66
119000006,2564,1096,1468
119000007,2459,2153,306
119000008,1429,1025,404
119000009,2300,3641,-1341
119000010,3471,2915,556
119000011,2226,2147,79
119000012,1368,2430,-1062
119000013,1979,1247,732
119000014,1052,1702,-650
119000019,200,80,120
119000020,2168,1068,1100
119000021,3843,2008,1835
119000022,1367,1975,-608
119000023,239,177,62
119000024,1210,9528,-8318
119000025,2936,792,2144
119000026,55,377,-322
119000027,141,279,-138
119000028,1131,483,648
119000029,75,187,-112
119000030,421,553,-132
119000031,636,392,244
119000032,1301,1568,-267
119000033,1819,924,895
119000034,799,538,261
119000035,26,208,-182
119000036,1512,443,1069
119000037,926,730,196
119000038,104,350,-246
119000039,342,216,126
119000040,526,448,78
119000041,375,786,-411
119000048,1849,1467,382
119000049,1652,1140,512
119000050,1036,1196,-160
119000051,1374,711,663
119000052,1079,1838,-759
119000053,1340,816,524
119000054,2545,1466,1079
119000055,3819,1881,1938
119000056,2263,1338,925
119000057,1177,1002,175
119000058,1414,1056,358
119000059,879,980,-101
119000060,1269,783,486
119000061,865,467,398
119000062,833,894,-61
119000063,439,262,177
119000064,582,603,-21
119000065,1360,2150,-790
119000066,1602,815,787
119000067,1368,1056,312
119000068,1299,714,585
119000069,1237,1209,28
119000070,2221,567,1654
119000071,288,422,-134
119000072,2984,1744,1240
119000073,2747,5139,-2392
119000074,1080,1102,-22
119000075,2143,1477,666
119000076,187,652,-465
119000077,408,317,91
119000078,313,115,198
119000079,125,393,-268
119000080,387,119,268
119000081,258,244,14
119000082,717,142,575
119000083,554,271,283
119000084,278,316,-38
119000085,363,125,238
119000086,221,297,-76
119000087,915,475,440
119000088,305,149,156
119000089,42,137,-95
119000090,93,75,18
119000091,67,279,-212
119000092,253,153,100
119000093,2373,1507,866
119000094,2769,3434,-665
119000095,1704,1652,52
119000097,1384,808,576
119000098,804,2306,-1502
119000099,1740,909,831
119000100,3249,2326,923
119000101,2823,1068,1755
119000102,591,836,-245
119000103,1149,391,758
119000104,1356,743,613
119000105,752,1795,-1043
119000106,265,541,-276
119000107,847,412,435
119000108,326,457,-131
119000109,90,395,-305
119000110,217,283,-66
119000111,16,429,-413
119000112,105,69,36
119000113,1076,225,851
119000114,801,813,-12
119000115,102,105,-3
119000116,81,74,7
119000117,110,256,-146
119000118,2,1,1
119000123,3236,1392,1844
119000124,574,134,440
119000125,3202,456,2746
119000126,1070,419,651
119000127,523,290,233
119000128,13,1,12
119000131,851,324,527
119000132,1,0,1
119000133,0,7,-7
119000134,1112,419,693
119000135,140,129,11
119000136,235,87,148
119000137,213,169,44
119000138,470,129,341
119000139,216,123,93
119000140,292,246,46
119000284,837,1715,-878
119000285,1383,1242,141
119000286,3691,3006,685
119000287,1095,1191,-96
119000288,1432,686,746
119000289,1047,1393,-346
119000290,183,214,-31
119000291,7,140,-133
119000293,83,74,9
119000294,54,17,37
119000295,751,202,549
119000296,210,105,105
119000302,1091,887,204
119000303,24,79,-55
119000310,0,0,0
119000314,992,7906,-6914
119000315,1,174,-173
119000316,144,49,95
119000317,87,105,-18
119900001,186,1102,-916
119900002,133,223,-90
119900003,26,435,-409
119900004,201,1146,-945
119900005,184,64,120
119900006,146,341,-195
119900007,768,213,555
119900008,48,40,8
119900009,507,360,147
119900010,587,611,-24
119900011,28,94,-66
119900012,19,107,-88
119900013,1455,944,511
119900014,369,165,204
119900015,132,41,91
119900016,39,32,7
119900017,61,40,21
119900018,1223,806,417
119900019,36,7,29
119900020,162,150,12
119900021,148,64,84
119900022,69,772,-703
119900023,349,1460,-1111
119900025,175,17,158
119900026,503,132,371
119900027,73,8,65
119900028,174,116,58
119900029,3,2,1
119900030,454,278,176
119900031,30,376,-346
119900033,1316,260,1056
119900034,446,81,365
119900037,143,21,122
119900038,35,352,-317
119900039,60,9,51
119900040,53,6,47
119900041,146,9,137
119900042,275,89,186
119900043,71,72,-1
119900044,161,817,-656
119900046,150,29,121
119900047,276,91,185
119900048,28,20,8
119900049,186,22,164
119900050,93,142,-49
119900051,535,13,522
119900052,54,19,35
119900053,209,80,129
119900054,149,5,144
119900055,1143,366,777
119900057,236,35,201
119900058,169,5,164
119900059,63,27,36
119900060,289,24,265
119900062,75,10,65
119900063,7,48,-41
119900065,186,16,170
119900066,0,0,0
119900067,51,9,42
119900068,517,5,512
119900069,152,38,114
119900070,874,4,870
119900071,650,20,630
119900073,941,399,542
119900074,18,34,-16
119900075,2124,1752,372
119900076,684,154,530
119900077,849,459,390
119900078,568,478,90
119900079,258,94,164
119900080,1330,712,618
119900081,377,79,298
119900082,1287,121,1166
119900083,218,77,141
119900084,435,245,190
119900085,43,51,-8
119900087,552,308,244
119900088,38,28,10
119900089,31,263,-232
119900090,121,48,73
119900091,31,380,-349
119900092,74,237,-163
119900093,824,175,649
119900094,25,82,-57
119900095,139,87,52
119900096,18,90,-72
119900097,353,152,201
119900098,37,32,5
119900099,29,118,-89
119900100,1127,1897,-770
119900101,102,870,-768
119900102,51,127,-76
119900103,42,176,-134
119900104,50,90,-40
119900105,588,1813,-1225
119900106,14,84,-70
119900107,163,1231,-1068
119900108,1880,490,1390
119900109,12,98,-86
119900110,483,310,173
119900111,81,144,-63
119900112,706,416,290
119900113,39,130,-91
119900114,231,529,-298
119900115,297,471,-174
119900116,109,288,-179
119900117,249,322,-73
119900118,93,425,-332
119900119,185,134,51
119900120,505,335,170
119900121,425,438,-13
119900122,269,184,85
119900123,182,253,-71
119900124,198,419,-221
119900125,38,175,-137
119900126,2037,224,1813
119900127,1033,683,350
119900128,365,260,105
119900129,267,205,62
119900130,4,113,-109
119900131,28,131,-103
119900132,3,125,-122
119900133,45,63,-18
119900134,745,158,587
119900135,0,175,-175
119900136,136,207,-71
119900138,231,348,-117
119900139,14,105,-91
119900140,9,73,-64
119900141,74,635,-561
119900142,8,29,-21
119900143,15,131,-116
119900144,831,151,680
119900145,66,89,-23
119900146,150,126,24
119900147,3,133,-130
119900148,197,62,135
119900149,485,3598,-3113
119900150,84,106,-22
119900151,1044,576,468
119900152,88,145,-57
119900153,181,50,131
119900154,26,112,-86
119900155,51,26,25
119900156,16,5,11
119900157,168,139,29
119900158,179,54,125
119900159,4,585,-581
119900160,10,72,-62
119900161,164,101,63
119900162,872,868,4
119900163,79,141,-62
119900164,1,4,-3
119900165,124,80,44
119900166,107,46,61
119900167,47,44,3
119900168,766,385,381
119900169,42,233,-191
119900170,169,152,17
119900171,743,234,509
119900172,115,22,93
119900173,2,176,-174
119900174,10,86,-76
119900175,1254,396,858
119900177,10,95,-85
119900178,6,76,-70
119900179,87,418,-331
119900180,932,602,330
119900181,47,72,-25
119900182,9,149,-140
119900183,97,415,-318
119900184,1080,357,723
119900185,49,207,-158
119900186,21,864,-843
119900187,13,225,-212
119900188,109,198,-89
119900189,276,372,-96
119900190,78,246,-168
119900191,190,252,-62
119900192,45,97,-52
119900193,385,116,269
119900194,30,83,-53
119900195,56,151,-95
119900196,629,258,371
119900197,212,152,60
119900198,121,152,-31
119900199,138,15,123
119900200,578,515,63
119900201,228,143,85
119900202,116,233,-117
119900203,178,477,-299
119900204,312,208,104
119900205,672,303,369
119900206,241,108,133
119900208,160,98,62
119900209,502,1222,-720
119900210,43,30,13
119900211,77,7,70
119900212,296,187,109
119900213,10,67,-57
119900214,31,46,-15
119900215,45,44,1
119900216,38,32,6
119900217,11,36,-25
119900218,7,37,-30
119900219,8,43,-35
119900220,2,46,-44
119900221,13,101,-88
119900222,9,91,-82
119900223,3,26,-23
119900224,14,8,6
119900225,431,32,399
119900226,339,1526,-1187
119900227,518,231,287
119900228,37,163,-126
119900229,271,260,11
119900230,833,343,490
119900231,292,87,205
119900232,135,77,58
119900233,58,4,54
119900234,35,44,-9
119900235,11,29,-18
119900236,18,110,-92
119900237,46,446,-400
119900238,16,35,-19
119900240,88,55,33
119900241,117,154,-37
119900242,960,1151,-191
119900244,499,835,-336
119900245,93,140,-47
119900246,200,490,-290
119900247,19,110,-91
119900248,52,219,-167
119900249,178,97,81
119900253,1120,313,807
119900254,83,641,-558
119900255,128,504,-376
119900256,730,486,244
119900257,88,8,80
119900258,168,4,164
119900259,19,53,-34
119900260,140,9,131
119900261,249,82,167
119900262,1,117,-116
119900263,986,207,779
119900264,148,93,55
119900265,305,227,78
119900266,342,125,217
119900267,225,283,-58
119900268,228,62,166
119900269,752,554,198
119900271,28,66,-38
119900272,337,209,128
119900275,165,43,122
119900276,61,3,58
119900277,11,6,5
119900278,133,76,57
119900279,109,221,-112
119900280,410,109,301
119900281,2,224,-222
119900282,40,97,-57
119900283,9,125,-116
119900284,42,102,-60
119900285,18,46,-28
119900286,2,8,-6
119900288,0,15,-15
119900289,1,14,-13
119900290,8,14,-6
119900291,0,40,-40
119900292,69,47,22
119900293,19,5,14
119900294,27,1,26
119900295,0,0,0
119900296,0,0,0
119900299,51,88,-37
119900300,205,87,118
119900301,115,98,17
119900302,99,80,19
119900303,254,82,172
119900304,163,19,144
119900305,5,66,-61
119900306,20,2,18
119900307,52,50,2
119900308,3,30,-27
119900309,36,165,-129
119900310,162,142,20
119900311,96,41,55
119900312,90,46,44
119900313,191,177,14
119900314,160,339,-179
119900315,1984,1141,843
119900318,16,35,-19
119900319,0,181,-181
119900320,350,386,-36
119900321,69,7,62
119900322,16,69,-53
119900323,0,89,-89
119900324,3,35,-32
119900325,218,215,3
119900326,35,56,-21
120000001,5114,13406,-8292
120000002,1982,1673,309
120000003,2042,1034,1008
120000004,1927,1236,691
120000005,2235,1411,824
120000006,881,876,5
120000007,2143,2454,-311
120000008,719,866,-147
120000009,1539,736,803
120000010,1408,1587,-179
120000011,744,1018,-274
120000012,1192,1500,-308
120000013,2400,1948,452
120000014,504,987,-483
120000015,1792,1050,742
120000016,3110,1751,1359
120000017,2684,2351,333
120000018,2583,10214,-7631
120000019,817,1239,-422
120000020,2165,2690,-525
120000021,1424,1838,-414
120000022,2035,3309,-1274
120000023,944,1266,-322
120000024,915,1802,-887
120000025,2079,1357,722
120000026,1980,1210,770
120000027,1848,1565,283
120000028,556,1381,-825
120000029,956,981,-25
120000030,533,644,-111
120000031,1415,3934,-2519
120000032,4604,2626,1978
120000033,3738,1290,2448
120000034,1840,1088,752
120000035,1954,1303,651
120000036,2593,3849,-1256
120000037,515,1258,-743
120000038,3260,2734,526
120000039,541,582,-41
120000040,167,391,-224
120000041,647,674,-27
120000042,1411,1379,32
120000043,3555,965,2590
120000044,4649,1203,3446
120000045,5443,780,4663
120000046,3381,2051,1330
120000047,580,4887,-4307
120000048,4662,3010,1652
120000049,2807,2022,785
120000050,2913,2410,503
120000051,2118,3068,-950
120000052,4884,1700,3184
120000053,1203,1242,-39
120000054,1111,2114,-1003
120000055,1354,2873,-1519
120000056,3806,2663,1143
120000057,3206,882,2324
120000058,1281,1192,89
120000059,8,1277,-1269
120000061,98,342,-244
120000062,108,247,-139
120000063,912,1513,-601
120000064,163,605,-442
120000065,428,813,-385
120000066,183,367,-184
120000067,39,321,-282
120000068,189,450,-261
120000069,493,447,46
120000070,93,371,-278
120000071,600,78,522
120000072,832,245,587
120000073,752,82,670
120000074,125,75,50
120000075,861,215,646
120000076,2000,303,1697
120000077,1566,541,1025
120000078,2433,1077,1356
120000079,300,186,114
120000080,151,179,-28
120000081,337,117,220
120000082,348,261,87
120000083,108,732,-624
120000084,273,184,89
120000085,270,312,-42
120000086,244,261,-17
120000087,171,222,-51
120000088,634,660,-26
120000089,814,422,392
120000090,614,391,223
120000091,1095,673,422
120000092,988,424,564
120000093,449,376,73
120000094,190,599,-409
120000095,757,236,521
120000096,208,383,-175
120000098,851,512,339
120000099,373,466,-93
120000100,601,522,79
120000101,455,272,183
120000102,483,704,-221
120000103,1266,764,502
120000104,1609,483,1126
120000105,2852,626,2226
120000106,2349,570,1779
120000107,3768,525,3243
120000108,1292,107,1185
120000109,1054,46,1008
120000110,52,592,-540
120000111,93,614,-521
120000112,551,1380,-829
120000113,555,1050,-495
120000114,772,1479,-707
120000115,216,1229,-1013
120000116,557,1100,-543
120000117,642,722,-80
120000118,35,36,-1
120000119,13,47,-34
120000120,79,91,-12
120000121,15,39,-24
120000122,166,353,-187
120000123,2427,5401,-2974
120000124,381,216,165
120000125,570,402,168
120000126,327,773,-446
120000127,1588,824,764
120000128,1899,3034,-1135
120000129,177,216,-39
120000130,602,333,269
120000131,350,442,-92
120000134,321,409,-88
120000135,600,399,201
120000137,204,478,-274
120000138,954,228,726
120000139,228,319,-91
120000140,822,239,583
120000141,476,215,261
120000142,742,330,412
120000143,0,66,-66
120000144,130,3,127
120000145,383,1,382
120000146,692,799,-107
120000149,460,640,-180
120000150,1620,8818,-7198
120000151,303,343,-40
120000152,453,148,305
120000153,186,327,-141
120000154,498,428,70
120000155,132,193,-61
120000156,414,1022,-608
120000157,847,447,400
120000158,759,531,228
120000159,1497,1531,-34
120000160,1923,1234,689
120000161,2036,1510,526
120000162,72,226,-154
120000163,659,644,15
120000164,559,219,340
120000165,581,360,221
120000166,1221,317,904
120000167,228,185,43
120000168,22,550,-528
120000169,46,1909,-1863
120000170,33,1332,-1299
120000171,16,506,-490
120000172,15,363,-348
120000173,704,1664,-960
120000174,130,76,54
120000175,161,64,97
120000176,117,50,67
120000177,794,67,727
120000178,26,27,-1
120000179,113,50,63
120000180,308,71,237
120000181,73,1100,-1027
120000182,45,475,-430
120000183,10,262,-252
120000184,173,998,-825
120000186,47,848,-801
120000187,29,334,-305
120000188,59,514,-455
120000190,275,125,150
120000191,389,106,283
120000192,424,38,386
120000193,224,15,209
120000195,32,3,29
120000196,144,30,114
120000197,41,46,-5
120000198,164,45,119
120000199,142,1,141
120000200,119,1,118
120000201,18,31,-13
120000202,1,30,-29
120000203,51,122,-71
120000207,1,35,-34
120000208,25,119,-94
120000209,3,31,-28
120000210,45,51,-6
120000211,191,6,185
120000212,262,2,260
120000213,144,132,12
120000214,0,160,-160
120000215,7,104,-97
120000216,133,23,110
120000217,339,798,-459
120000218,90,442,-352
120000219,3,211,-208
120000220,24,647,-623
120000225,1823,4,1819
120000226,447,5,442
120000227,810,57,753
120000228,7723,3093,4630
120000230,408,11,397
120000231,1413,1206,207
120000233,406,8,398
120000235,279,431,-152
120000236,857,13,844
120000237,3,657,-654
120000238,3,1077,-1074
120000241,1050,3120,-2070
120000412,360,12,348
120000413,297,115,182
120000414,161,3,158
120000415,1,44,-43
120000416,83,7,76
120000417,5,39,-34
120000418,189,7,182
120000419,4,107,-103
120000420,25,11,14
120000421,5423,4025,1398
120000422,69,1044,-975
120000423,4,61,-57
120000424,97,97,0
120000436,80,602,-522
120000437,114,107,7
120000438,1081,215,866
120000439,226,495,-269
120000443,190,2,188
120000444,1213,222,991
120000445,1465,750,715
120000446,529,130,399
120000447,139,0,139
120000449,176,1,175
120000450,9,105,-96
120000451,115,162,-47
120000452,491,5,486
120000453,0,140,-140
120000454,57,48,9
120000455,79,34,45
120000456,1617,3244,-1627
120000457,559,363,196
120000458,368,382,-14
120000459,60,57,3
120000665,668,186,482
120000668,117,819,-702
120000669,117,91,26
120000670,89,753,-664
120000671,1378,423,955
120000672,63,408,-345
120900001,70,108,-38
120900002,188,507,-319
120900003,169,20,149
120900004,20,84,-64
120900005,27,382,-355
120900006,442,177,265
120900007,147,41,106
120900008,282,571,-289
120900009,461,18,443
120900010,470,112,358
120900011,139,199,-60
120900012,105,1215,-1110
120900013,316,148,168
120900014,31,222,-191
120900015,742,94,648
120900016,778,53,725
120900017,1270,88,1182
120900018,111,204,-93
120900019,527,379,148
120900020,579,1315,-736
120900021,602,199,403
120900022,22,181,-159
120900023,322,52,270
120900024,1717,391,1326
120900025,910,819,91
120900026,163,105,58
120900027,782,13,769
120900028,441,131,310
120900029,89,523,-434
120900030,1356,754,602
120900031,283,104,179
120900032,1187,55,1132
120900033,1026,84,942
120900034,14,2094,-2080
120900035,29,65,-36
120900037,203,5,198
120900038,77,339,-262
120900039,145,54,91
120900040,398,3,395
120900041,55,24,31
120900042,641,17,624
120900043,133,58,75
120900044,12,257,-245
120900045,126,47,79
120900046,685,4,681
120900047,169,129,40
120900048,167,30,137
120900049,479,2,477
120900050,1002,1300,-298
120900051,333,61,272
120900052,701,5,696
120900053,321,62,259
120900054,995,370,625
120900055,437,14,423
120900056,582,27,555
120900057,148,19,129
120900058,584,1,583
120900059,91,2,89
120900060,60,29,31
120900061,135,163,-28
120900062,265,3,262
120900063,746,8,738
120900064,717,2,715
120900065,626,1,625
120900066,315,125,190
120900067,171,92,79
120900068,282,0,282
120900069,283,9,274
120900071,23,0,23
120900072,826,2,824
120900073,592,66,526
120900074,750,49,701
120900076,384,1,383
120900077,1422,316,1106
120900078,774,413,361
120900079,928,74,854
120900080,904,718,186
120900081,855,479,376
120900082,370,357,13
120900083,104,5,99
120900084,402,483,-81
120900085,59,142,-83
120900086,76,339,-263
120900087,412,324,88
120900088,153,495,-342
120900089,1623,2836,-1213
120900090,303,46,257
120900091,533,876,-343
120900092,714,328,386
120900093,894,123,771
120900094,280,158,122
120900095,256,4,252
120900096,61,154,-93
120900097,518,392,126
120900098,172,84,88
120900099,57,52,5
120900100,88,132,-44
120900101,365,130,235
120900102,31,81,-50
120900103,44,197,-153
120900104,17,47,-30
120900105,43,239,-196
120900106,740,224,516
120900107,151,110,41
120900108,13,249,-236
120900109,36,273,-237
120900110,7,351,-344
120900111,146,170,-24
120900112,24,373,-349
120900113,22,432,-410
120900114,26,98,-72
120900115,113,218,-105
120900116,380,216,164
120900117,6,216,-210
120900118,36,372,-336
120900119,4851,2543,2308
120900120,67,272,-205
120900121,128,278,-150
120900122,515,214,301
120900123,2,141,-139
120900124,4,281,-277
120900125,5,306,-301
120900126,1039,600,439
120900127,14,230,-216
120900128,890,884,6
120900129,22,176,-154
120900130,3,259,-256
120900131,117,48,69
120900132,938,113,825
120900133,104,422,-318
120900134,470,239,231
120900135,2,311,-309
120900136,44,72,-28
120900137,214,57,157
120900138,24,164,-140
120900139,3,366,-363
120900140,5,69,-64
120900141,145,147,-2
120900142,9,179,-170
120900143,1,439,-438
120900144,1,89,-88
120900145,186,506,-320
120900146,1,505,-504
120900147,4,334,-330
120900148,83,141,-58
120900149,0,127,-127
120900150,50,270,-220
120900151,1,330,-329
120900152,0,22,-22
120900153,72,69,3
120900154,0,113,-113
120900155,186,496,-310
120900156,77,217,-140
120900157,89,211,-122
120900158,77,371,-294
120900159,155,266,-111
120900160,38,519,-481
120900161,26,264,-238
120900162,46,390,-344
120900163,129,634,-505
120900164,7,84,-77
120900165,4,421,-417
120900166,94,378,-284
120900167,231,102,129
120900169,70,172,-102
120900170,530,2607,-2077
120900171,615,188,427
120900172,289,1059,-770
120900173,0,16,-16
120900174,11,64,-53
120900175,182,125,57
120900176,16,305,-289
120900177,1,983,-982
120900178,0,363,-363
120900179,458,340,118
120900180,39,154,-115
120900181,34,25,9
120900182,18,270,-252
120900183,358,63,295
120900184,205,60,145
120900185,20,342,-322
120900186,1,198,-197
120900187,462,831,-369
120900188,189,8,181
120900189,62,1484,-1422
120900190,98,3,95
120900191,20,9,11
120900192,4559,7469,-2910
120900194,71,84,-13
120900195,65,219,-154
120900196,692,22,670
120900197,675,158,517
120900198,205,365,-160
120900199,328,474,-146
120900200,48,152,-104
120900201,316,94,222
120900202,3,86,-83
120900203,32,77,-45
120900204,74,132,-58
120900205,39,14,25
120900206,21,24,-3
120900207,64,777,-713
121000001,421,840,-419
121000002,1706,1195,511
121000003,2008,1314,694
121000004,1752,2533,-781
121000005,1292,2008,-716
121000006,2405,1734,671
121000007,1603,2465,-862
121000008,3726,3183,543
121000009,3096,4535,-1439
121000010,5611,4988,623
121000011,4960,8547,-3587
121000012,9369,7209,2160
121000013,3792,4857,-1065
121000014,4117,4059,58
121000015,3193,5674,-2481
121000016,2952,2649,303
121000017,1524,2306,-782
121000018,2109,1289,820
121000019,8078,7730,348
121000020,7992,13003,-5011
121000021,1843,1614,229
121000022,2117,2353,-236
121000023,2183,1459,724
121000024,3526,3631,-105
121000025,362,1124,-762
121000026,255,143,112
121000027,1006,986,20
121000028,571,380,191
121000029,681,489,192
121000030,622,391,231
121000031,477,529,-52
121000032,165,112,53
121000034,246,138,108
121000035,124,134,-10
121000036,644,584,60
121000037,445,413,32
121000038,339,741,-402
121000039,166,265,-99
121000041,413,316,97
121000042,234,241,-7
121000043,486,482,4
121000044,1053,851,202
121000045,344,210,134
121000046,603,747,-144
121000047,27,60,-33
121000049,865,447,418
121000050,176,933,-757
121000051,485,202,283
121000052,251,549,-298
121000053,253,103,150
121000054,41,295,-254
121000055,701,963,-262
121000056,558,761,-203
121000057,265,350,-85
121000058,216,180,36
121000059,1753,1003,750
121000060,486,884,-398
121000061,126,293,-167
121000062,136,345,-209
121000063,781,744,37
121000064,522,796,-274
121000065,190,375,-185
121000066,450,429,21
121000067,364,450,-86
121000068,505,358,147
121000069,205,693,-488
121000070,1227,895,332
121000071,1145,995,150
121000072,1098,528,570
121000073,949,828,121
121000074,96,144,-48
121000075,31,245,-214
121000076,278,252,26
121000077,100,134,-34
121000078,65,161,-96
121000080,1273,496,777
121000081,2426,2548,-122
121000082,82,176,-94
121000083,95,97,-2
121000084,152,158,-6
121000085,176,336,-160
121000086,351,403,-52
121000087,71,180,-109
121000088,334,371,-37
121000089,235,362,-127
121000090,260,262,-2
121000091,956,823,133
121000092,152,72,80
121000093,151,175,-24
121000094,317,505,-188
121000095,282,499,-217
121000096,2234,1631,603
121000097,452,1828,-1376
121000098,465,501,-36
121000099,683,422,261
121000100,811,190,621
121000101,305,143,162
121000102,280,129,151
121000103,183,140,43
121000104,238,86,152
121000105,458,168,290
121000106,361,207,154
121000107,1446,2104,-658
121000109,869,779,90
121000110,165,585,-420
121000114,2193,1580,613
121000115,964,549,415
121000116,249,652,-403
121000117,373,199,174
121000118,1288,141,1147
121000119,200,302,-102
121000120,204,253,-49
121000121,415,896,-481
121000123,887,472,415
121000127,118,66,52
121000128,790,214,576
121000129,745,320,425
121000130,542,394,148
121000131,950,1270,-320
121000132,829,1321,-492
121000135,220,291,-71
121000136,969,809,160
121000137,337,259,78
121000138,695,1055,-360
121000139,418,311,107
121000141,180,103,77
121000142,438,657,-219
121000143,102,29,73
121000144,519,1238,-719
121000145,483,529,-46
121000146,1056,802,254
121000147,859,400,459
121000148,798,666,132
121000149,1451,1035,416
121000152,341,263,78
121000153,1272,463,809
121000154,850,378,472
121000155,1140,759,381
121000156,329,729,-400
121000157,629,1038,-409
121000158,342,322,20
121000159,238,251,-13
121000160,244,262,-18
121000161,229,193,36
121000162,103,107,-4
121000165,813,1645,-832
121000166,18,315,-297
121000168,324,183,141
121000169,82,91,-9
121000170,271,58,213
121000171,41,103,-62
121000172,604,424,180
121000173,980,1058,-78
121000174,340,373,-33
121000175,1044,263,781
121000176,280,216,64
121000177,604,343,261
121000178,59,37,22
121000179,37,38,-1
121000181,379,325,54
121000182,104,220,-116
121000183,105,51,54
121000184,34,67,-33
121000185,41,172,-131
121000186,192,387,-195
121000187,161,111,50
121000188,169,82,87
121000192,641,259,382
121000193,436,327,109
121000194,1375,1496,-121
121000195,156,682,-526
121000196,451,208,243
121000197,150,432,-282
121000198,167,176,-9
121000199,64,136,-72
121000200,430,78,352
121000201,7,93,-86
121000202,683,87,596
121000203,583,1170,-587
121000204,2401,651,1750
121000205,90,145,-55
121000206,148,72,76
121000207,1632,763,869
121000208,5,246,-241
121000209,374,113,261
121000210,562,221,341
121000211,250,66,184
121000212,480,199,281
121000213,7114,2015,5099
121000214,582,1420,-838
121000215,601,825,-224
121000216,413,444,-31
121000217,2461,2487,-26
121000218,229,1101,-872
121000219,1111,489,622
121000220,96,46,50
121000221,83,258,-175
121000222,1671,1869,-198
121000223,267,425,-158
121000224,131,230,-99
121000225,661,1609,-948
121000226,2647,924,1723
121000227,10,135,-125
121000228,20,358,-338
121000229,227,289,-62
121000230,60,1125,-1065
121000231,999,35,964
121000232,272,235,37
121000233,444,238,206
121000234,14,35,-21
121000235,38,37,1
121000236,9,41,-32
121000237,36,4,32
121000238,2,47,-45
121000239,46,1,45
121000240,9,119,-110
121000241,78,6,72
121000242,46,402,-356
121000243,144,70,74
121000244,7,77,-70
121000245,52,15,37
121000246,2,59,-57
121000247,91,6,85
121000248,386,491,-105
121000249,54,152,-98
121000250,425,208,217
121000251,5,209,-204
121000252,83,59,24
121000253,321,201,120
121000254,621,121,500
121000255,99,137,-38
121000256,236,145,91
121000257,28,66,-38
121000258,85,53,32
121000259,23,53,-30
121000260,44,59,-15
121000261,52,40,12
121000262,832,396,436
121000263,459,273,186
121000271,341,920,-579
121000273,27,4,23
121000274,6,39,-33
121000275,3,5,-2
121000276,13,14,-1
121000278,54,31,23
121000279,30,10,20
121000280,15,52,-37
121000289,170,13,157
121000290,702,742,-40
121000294,148,61,87
121000297,485,874,-389
121000299,78,349,-271
121000300,643,445,198
121000302,41,616,-575
121000303,399,184,215
121000304,298,74,224
121000305,154,37,117
121000306,118,127,-9
121000308,137,199,-62
121000309,238,295,-57
121000310,84,227,-143
121000311,56,455,-399
121000312,236,216,20
121000313,197,317,-120
121000314,49,74,-25
121000315,21,105,-84
121000530,1254,891,363
121000531,1351,1004,347
121000532,4480,5865,-1385
121000533,2419,2656,-237
121000918,29,46,-17
121000919,34,51,-17
121000938,37,148,-111
121000939,26,178,-152
121000956,1315,878,437
121000957,4,7,-3
121000958,35,38,-3
121000959,699,384,315
121000960,1001,1285,-284
121000961,250,46,204
121000962,313,348,-35
121000973,0,154,-154
121000976,10,125,-115
121000979,259,95,164
121000981,232,91,141
121000982,309,81,228
121000983,364,205,159
121000984,26,42,-16
121000985,579,241,338
121000986,411,102,309
121000987,160,373,-213
121000988,771,80,691
121001302,137,78,59
121001308,3,11,-8
121001309,19,318,-299
121001313,143,70,73
121001314,1241,1482,-241
121001315,3775,2479,1296
121900001,124,113,11
121900002,27,20,7
121900003,302,18,284
121900004,60,186,-126
121900005,10,5,5
121900006,76,22,54
121900007,1302,1281,21
121900008,160,308,-148
121900009,358,7,351
121900010,176,3,173
121900011,335,144,191
121900012,3,1,2
121900013,642,82,560
121900014,892,262,630
121900015,155,115,40
121900016,7,27,-20
121900017,762,239,523
121900018,325,7,318
121900019,343,141,202
121900020,20,0,20
121900021,739,22,717
121900022,222,222,0
121900023,116,168,-52
121900024,242,68,174
121900025,475,284,191
121900026,222,20,202
121900027,367,121,246
121900028,170,11,159
121900029,106,171,-65
121900030,319,425,-106
121900031,640,4439,-3799
121900032,70,44,26
121900033,133,197,-64
121900034,233,70,163
121900035,1897,1644,253
121900036,65,270,-205
121900037,89,699,-610
121900038,22,64,-42
121900039,272,44,228
121900040,54,62,-8
121900041,99,151,-52
121900042,294,124,170
121900043,15,5,10
121900044,72,38,34
121900046,173,259,-86
121900047,116,54,62
121900048,48,65,-17
121900050,26,45,-19
121900051,118,87,31
121900052,104,23,81
121900053,366,204,162
121900054,334,764,-430
121900055,9,14,-5
121900058,291,91,200
121900059,281,125,156
121900060,112,269,-157
121900061,127,120,7
121900062,94,109,-15
121900063,1164,316,848
121900064,263,331,-68
121900066,49,12,37
121900067,36,33,3
121900069,137,80,57
121900070,147,122,25
121900071,366,217,149
121900072,54,66,-12
121900073,157,229,-72
121900074,372,749,-377
121900075,312,592,-280
121900076,396,309,87
121900077,15,10,5
121900078,49,32,17
121900079,0,0,0
121900080,693,299,394
121900082,75,44,31
121900084,20,70,-50
121900085,2,8,-6
121900086,20,54,-34
121900087,101,96,5
121900088,1067,1811,-744
121900089,191,150,41
121900090,81,44,37
121900091,71,44,27
121900092,38,93,-55
121900093,75,46,29
121900094,22,9,13
121900095,281,110,171
121900096,721,454,267
121900097,564,169,395
121900098,12,6,6
121900099,171,43,128
121900100,83,369,-286
121900101,92,97,-5
121900102,6,98,-92
121900103,296,125,171
121900104,1248,267,981
121900105,287,147,140
121900106,6,12,-6
121900107,44,18,26
121900108,0,15,-15
121900109,148,102,46
121900110,493,369,124
121900111,548,186,362
121900112,89,91,-2
121900113,48,369,-321
121900114,63,56,7
121900117,144,152,-8
121900118,1216,669,547
121900119,263,50,213
121900120,45,871,-826
121900121,398,23,375
121900122,25,36,-11
121900123,155,246,-91
121900124,138,108,30
121900125,1200,745,455
121900127,3,65,-62
121900128,49,52,-3
121900129,267,126,141
121900130,94,162,-68
121900131,144,73,71
121900132,37,44,-7
121900133,47,924,-877
121900134,19,117,-98
121900135,2201,285,1916
121900136,459,159,300
121900137,35,215,-180
121900138,63,72,-9
121900139,236,660,-424
121900140,63,131,-68
121900141,86,18,68
121900142,122,78,44
121900143,9,128,-119
121900144,97,217,-120
121900145,132,237,-105
121900146,378,506,-128
121900147,74,241,-167
121900148,119,226,-107
121900149,219,342,-123
121900150,24,126,-102
121900151,55,221,-166
121900152,76,73,3
121900153,40,469,-429
121900154,9,228,-219
121900155,2,109,-107
121900156,109,111,-2
121900157,2,208,-206
121900158,64,65,-1
121900159,3,188,-185
121900160,21,214,-193
121900161,187,319,-132
121900162,67,146,-79
121900163,234,265,-31
121900164,283,147,136
121900165,222,98,124
121900166,114,118,-4
121900167,77,96,-19
121900168,127,193,-66
121900169,2,128,-126
121900170,7,139,-132
121900171,590,391,199
121900172,480,139,341
121900173,486,201,285
121900174,31,38,-7
121900175,122,133,-11
121900176,332,1084,-752
121900177,160,77,83
121900178,40,37,3
121900179,398,224,174
121900180,1749,3984,-2235
121900182,552,327,225
121900183,605,1015,-410
121900184,59,499,-440
121900186,2,310,-308
121900187,15,130,-115
121900188,304,298,6
121900189,34,66,-32
121900190,186,279,-93
121900191,141,190,-49
121900192,242,886,-644
121900193,54,107,-53
121900194,2,235,-233
121900195,32,49,-17
121900196,530,682,-152
121900197,210,730,-520
121900198,989,896,93
121900199,5,39,-34
121900200,42,161,-119
121900201,527,565,-38
121900202,78,536,-458
121900203,107,902,-795
121900204,481,1062,-581
121900205,24,80,-56
121900206,25,27,-2
121900207,68,20,48
121900208,126,222,-96
121900209,55,33,22
121900210,1184,953,231
121900211,237,245,-8
121900212,126,82,44
121900213,208,35,173
121900214,8,352,-344
121900215,46,95,-49
121900216,37,258,-221
121900217,125,139,-14
121900218,137,356,-219
121900220,85,17,68
121900221,191,378,-187
121900222,153,65,88
121900223,120,21,99
121900224,52,22,30
121900225,96,75,21
121900226,199,74,125
121900227,287,372,-85
121900228,98,156,-58
121900230,38,202,-164
121900231,76,1301,-1225
121900232,123,222,-99
121900233,145,134,11
121900234,277,124,153
121900235,459,112,347
121900236,231,109,122
121900237,145,254,-109
121900238,149,228,-79
121900239,184,31,153
121900240,225,92,133
121900241,63,31,32
121900242,8,0,8
121900243,20,0,20
121900244,22,4,18
121900245,177,38,139
121900246,2536,213,2323
121900247,186,187,-1
121900248,800,834,-34
121900250,132,248,-116
121900251,305,31,274
121900252,362,141,221
121900253,143,815,-672
121900254,325,203,122
121900255,310,61,249
121900258,2520,1416,1104
121900259,244,405,-161
121900260,130,79,51
121900261,177,446,-269
121900262,305,682,-377
121900263,270,159,111
121900264,883,826,57
121900265,278,138,140
121900266,549,89,460
121900267,63,40,23
121900269,140,729,-589
121900270,20,134,-114
121900271,28,80,-52
121900273,403,1322,-919
121900274,259,169,90
121900277,282,687,-405
121900278,72,575,-503
121900279,130,134,-4
121900280,96,327,-231
121900281,167,415,-248
121900284,62,4,58
121900286,101,46,55
121900287,9,25,-16
121900288,2,0,2
121900290,162,433,-271
121900291,308,657,-349
121900292,94,84,10
121900293,687,2155,-1468
121900294,193,2,191
121900295,159,103,56
121900296,63,111,-48
121900298,176,726,-550
121900299,0,3,-3
121900300,68,8,60
121900301,89,3,86
121900302,3,46,-43
121900303,270,180,90
121900304,1,15,-14
121900305,3,4,-1
121900306,142,0,142
121900307,79,8,71
121900308,18,145,-127
121900309,1,77,-76
121900310,13,172,-159
121900311,398,13,385
121900312,248,13,235
121900313,289,19,270
121900314,5,31,-26
121900315,12,0,12
121900316,0,2,-2
121900317,17,4,13
121900318,1,6,-5
121900319,22,104,-82
121900320,34,32,2
121900321,14,0,14
121900322,2,13,-11
121900323,15,21,-6
121900324,0,23,-23
121900325,12,0,12
121900326,4,8,-4
121900327,3,22,-19
121900328,2,11,-9
121900329,1,74,-73
121900330,1,80,-79
121900331,47,35,12
121900332,55,10,45
121900333,22,0,22
121900334,53,39,14
122000001,1100,3569,-2469
122000002,1992,884,1108
122000003,1085,2153,-1068
122000004,1659,1094,565
122000005,2081,1710,371
122000006,1000,839,161
122000007,561,1257,-696
122000008,1423,2777,-1354
122000009,246,369,-123
122000010,1716,2223,-507
122000011,3000,1431,1569
122000012,735,1728,-993
122000013,668,937,-269
122000014,1601,840,761
122000015,860,907,-47
122000016,344,666,-322
122000017,943,893,50
122000018,1208,1182,26
122000019,694,781,-87
122000020,167,215,-48
122000021,113,342,-229
122000022,745,834,-89
122000023,526,1155,-629
122000024,432,1425,-993
122000025,678,1744,-1066
122000026,447,1123,-676
122000027,494,1065,-571
122000028,779,448,331
122000029,300,455,-155
122000030,157,132,25
122000031,150,323,-173
122000032,1829,1501,328
122000033,336,1441,-1105
122000034,384,539,-155
122000035,188,597,-409
122000036,377,360,17
122000037,298,181,117
122000038,199,287,-88
122000039,476,341,135
122000040,163,207,-44
122000041,380,520,-140
122000042,278,339,-61
122000043,86,105,-19
122000044,121,119,2
122000045,1006,403,603
122000046,584,501,83
122000047,140,194,-54
122000048,2298,3046,-748
122000049,4083,2601,1482
122000050,983,606,377
122000051,204,362,-158
122000052,306,434,-128
122000053,160,763,-603
122000054,1487,1384,103
122000055,1420,2625,-1205
122000056,2335,2515,-180
122000057,1864,2848,-984
122000058,962,1371,-409
122000059,1181,1974,-793
122000060,304,678,-374
122000061,227,494,-267
122000062,473,201,272
122000063,612,729,-117
122000064,2172,3407,-1235
122000065,1991,1875,116
122000066,703,897,-194
122000067,1166,928,238
122000068,1283,833,450
122000069,590,584,6
122000070,665,892,-227
122000071,1517,761,756
122000072,459,419,40
122000073,236,759,-523
122000074,2130,1090,1040
122000075,615,820,-205
122000076,3227,1172,2055
122000077,645,1040,-395
122000078,887,2728,-1841
122000079,480,1253,-773
122000080,425,367,58
122000081,131,164,-33
122000082,312,965,-653
122000083,1590,836,754
122000084,1631,694,937
122000085,243,536,-293
122000086,1751,3751,-2000
122000087,213,309,-96
122000088,219,367,-148
122000089,3129,1649,1480
122000090,118,442,-324
122000091,85,120,-35
122000092,58,20,38
122000093,1303,2035,-732
122000094,3348,2089,1259
122000095,781,2748,-1967
122000096,641,1277,-636
122000098,1514,2248,-734
122000099,944,637,307
122000100,611,407,204
122000101,230,369,-139
122000102,1441,762,679
122000103,1367,1153,214
122000104,431,117,314
122000105,323,179,144
122000106,379,585,-206
122000107,902,426,476
122000108,345,578,-233
122000109,363,225,138
122000110,376,444,-68
122000111,2113,1215,898
122000112,912,1000,-88
122000113,436,489,-53
122000114,1890,1468,422
122000115,1266,919,347
122000116,403,462,-59
122000117,1571,313,1258
122000118,450,604,-154
122000119,2044,1559,485
122000120,920,2724,-1804
122000121,913,1888,-975
122000122,458,1064,-606
122000123,1059,1252,-193
122000124,618,441,177
122000125,444,484,-40
122000126,365,678,-313
122000127,527,768,-241
122000128,311,442,-131
122000129,394,1267,-873
122000130,2071,1120,951
122000131,792,820,-28
122000132,194,297,-103
122000133,804,702,102
122000134,786,660,126
122000135,487,478,9
122000136,660,552,108
122000137,1365,661,704
122000139,703,2478,-1775
122000140,531,529,2
122000141,2221,886,1335
122000142,139,751,-612
122000143,266,323,-57
122000144,900,860,40
122000145,589,638,-49
122000146,442,1271,-829
122000147,445,383,62
122000148,790,1487,-697
122000149,1387,1214,173
122000150,887,810,77
122000151,123,293,-170
122000152,206,323,-117
122000153,292,314,-22
122000154,238,194,44
122000155,1063,1896,-833
122000156,1982,2379,-397
122000157,825,2135,-1310
122000158,235,499,-264
122000159,427,1021,-594
122000160,1750,1684,66
122000161,746,759,-13
122000162,1025,1306,-281
122000163,219,78,141
122000164,39,94,-55
122000165,570,579,-9
122000166,525,798,-273
122000167,222,231,-9
122000168,127,548,-421
122000169,302,143,159
122000170,300,162,138
122000171,44,66,-22
122000172,1223,1026,197
122000173,943,1907,-964
122000174,1644,855,789
122000175,589,253,336
122000176,268,798,-530
122000177,983,1276,-293
122000178,2063,1942,121
122000179,1213,1829,-616
122000180,1068,1094,-26
122000181,1112,2235,-1123
122000182,1049,1230,-181
122000183,1551,751,800
122000184,2057,2024,33
122000185,1082,1726,-644
122000186,374,745,-371
122000187,1413,735,678
122000188,257,223,34
122000189,165,258,-93
122000190,662,944,-282
122000191,665,615,50
122000192,839,253,586
122000193,383,499,-116
122000194,353,163,190
122000195,113,381,-268
122000196,884,435,449
122000197,359,541,-182
122000198,374,763,-389
122000199,277,283,-6
122000200,646,493,153
122000201,975,1329,-354
122000202,808,1312,-504
122000203,1991,1101,890
122000204,976,1295,-319
122000205,751,899,-148
122000206,1821,634,1187
122000207,1618,963,655
122000208,1710,1072,638
122000209,1323,349,974
122000210,1420,966,454
122000211,1003,821,182
122000212,667,427,240
122000213,788,1069,-281
122000214,1564,1374,190
122000215,1601,1374,227
122000217,1389,1157,232
122000218,568,63,505
122000219,660,602,58
122000220,244,539,-295
122000221,57,283,-226
122000222,470,145,325
122000223,1166,401,765
122000225,805,252,553
122000226,1198,1129,69
122000227,158,1599,-1441
122000228,230,242,-12
122000229,55,408,-353
122000230,76,253,-177
122000231,194,520,-326
122000232,432,500,-68
122000233,1,64,-63
122000234,285,45,240
122000235,424,75,349
122000236,950,48,902
122000237,97,82,15
122000238,300,247,53
122000239,539,158,381
122000240,967,477,490
122000241,1423,412,1011
122000242,514,85,429
122000243,289,53,236
122000244,57,217,-160
122000245,80,99,-19
122000246,353,143,210
122000247,448,362,86
122000248,661,887,-226
122000249,1003,770,233
122000250,1586,930,656
122000251,137,441,-304
122000252,350,110,240
122000253,39,179,-140
122000254,264,93,171
122000255,576,814,-238
122000256,234,391,-157
122000257,127,150,-23
122000258,269,181,88
122000259,17,243,-226
122000260,3,40,-37
122000261,4,186,-182
122000262,0,29,-29
122000263,232,297,-65
122000264,965,269,696
122000265,1663,699,964
122000266,2732,510,2222
122000267,159,100,59
122000268,136,243,-107
122000269,670,249,421
122000270,425,139,286
122000271,189,781,-592
122000272,285,659,-374
122000273,333,239,94
122000274,149,131,18
122000275,57,131,-74
122000276,653,346,307
122000277,934,1048,-114
122000278,1548,420,1128
122000279,199,205,-6
122000280,715,403,312
122000281,681,596,85
122000282,229,318,-89
122000283,256,125,131
122000284,210,70,140
122000285,274,41,233
122000286,43,103,-60
122000287,962,991,-29
122000288,412,214,198
122000291,1776,488,1288
122000293,146,140,6
122000294,104,232,-128
122000295,1085,131,954
122000296,45,360,-315
122000297,1405,2584,-1179
122000299,341,294,47
122000300,362,491,-129
122000301,4701,2427,2274
122000302,416,1683,-1267
122000303,1851,898,953
122000304,65,153,-88
122000305,878,102,776
122000306,28,326,-298
122000307,73,100,-27
122000309,29,53,-24
122000310,10,90,-80
122000311,92,100,-8
122000312,98,140,-42
122000313,92,56,36
122000314,82,162,-80
122000315,199,52,147
122000316,748,191,557
122000317,1306,213,1093
122000318,198,701,-503
122000319,115,213,-98
122000320,257,602,-345
122000321,60,121,-61
122000322,1249,1539,-290
122000323,803,1998,-1195
122000324,976,1034,-58
122000325,760,1819,-1059
122000326,106,61,45
122000327,314,487,-173
122000328,401,360,41
122000330,1348,765,583
122000332,155,273,-118
122000333,16,41,-25
122000337,880,513,367
122000338,476,284,192
122000340,224,758,-534
122000342,919,590,329
122000343,356,531,-175
122000344,91,13,78
122000345,23,22,1
122000346,267,206,61
122000348,664,451,213
122000349,59,366,-307
122000351,146,140,6
122000352,258,103,155
122000353,94,60,34
122000355,144,206,-62
122000356,642,1025,-383
122000357,93,17,76
122000358,0,29,-29
122000359,0,34,-34
122000360,1,21,-20
122000362,7,42,-35
122000364,166,233,-67
122000365,1,22,-21
122000366,8,12,-4
122000368,343,456,-113
122000370,40,11,29
122000371,26,1,25
122000372,7,3,4
122000381,98,254,-156
122000382,76,149,-73
122000384,1476,830,646
122000385,103,32,71
122000386,189,1153,-964
122000387,328,520,-192
122000388,965,594,371
122000389,176,641,-465
122000390,246,222,24
122000391,177,201,-24
122000392,140,106,34
122000393,37,92,-55
122000394,469,150,319
122000395,83,73,10
122000396,177,59,118
122000397,24,25,-1
122000398,24,33,-9
122000399,125,55,70
122000400,79,523,-444
122000401,107,55,52
122000402,300,90,210
122000403,355,374,-19
122000404,138,128,10
122000408,422,653,-231
122000503,11,95,-84
122000524,137,143,-6
122000544,80,1427,-1347
122000616,225,2,223
122000640,64,41,23
122000641,128,156,-28
122000642,940,570,370
122000643,68,129,-61
122000644,55,20,35
122000645,95,155,-60
122000651,657,990,-333
122000664,75,15,60
122000665,926,377,549
122000666,504,780,-276
122000673,21,119,-98
122000674,171,53,118
122000675,1547,471,1076
122000686,639,551,88
122000687,1516,209,1307
122000688,217,351,-134
122000689,723,250,473
122000690,2061,234,1827
122000691,675,774,-99
122000692,1108,208,900
122000693,350,782,-432
122000695,337,237,100
122000696,477,106,371
122000698,348,254,94
122000699,129,35,94
122000701,1173,236,937
122000702,337,577,-240
122000703,172,49,123
122000712,0,0,0
122000717,45,44,1
122000718,237,622,-385
122000719,91,51,40
122000720,470,101,369
122000724,116,16,100
122900001,39,7,32
122900002,619,4231,-3612
122900003,353,41,312
122900004,1181,70,1111
122900005,156,69,87
122900006,400,573,-173
122900007,74,78,-4
122900008,335,118,217
122900009,481,336,145
122900010,167,88,79
122900012,148,290,-142
122900014,120,167,-47
122900015,634,772,-138
122900016,103,204,-101
122900017,221,512,-291
122900018,106,16,90
122900019,5,100,-95
122900020,114,304,-190
122900021,54,292,-238
122900022,910,596,314
122900023,541,128,413
122900024,109,92,17
122900025,8,215,-207
122900026,14,162,-148
122900027,34,400,-366
122900028,129,151,-22
122900029,3131,1954,1177
122900030,875,402,473
122900031,39,173,-134
122900032,83,325,-242
122900033,176,118,58
122900034,2848,3479,-631
122900035,7,13,-6
122900036,87,52,35
122900037,248,69,179
122900038,55,2061,-2006
122900039,101,453,-352
122900040,199,347,-148
122900041,282,169,113
122900042,128,194,-66
122900043,297,169,128
122900044,71,274,-203
122900045,76,93,-17
122900046,137,209,-72
122900047,126,181,-55
122900048,33,172,-139
122900049,1039,137,902
122900051,94,125,-31
122900052,89,71,18
122900053,30,34,-4
122900055,229,88,141
122900057,150,42,108
122900061,421,177,244
122900062,413,542,-129
122900063,125,168,-43
122900064,625,222,403
122900065,456,206,250
122900066,544,314,230
122900067,709,422,287
122900068,107,208,-101
122900069,244,1007,-763
122900070,210,44,166
122900071,92,206,-114
122900072,4,205,-201
122900073,12,105,-93
122900074,780,293,487
122900075,1,70,-69
122900076,3,111,-108
122900077,2,86,-84
122900078,151,37,114
122900080,25,51,-26
122900081,127,135,-8
122900082,794,161,633
122900083,74,131,-57
122900084,7,101,-94
122900086,10,76,-66
122900087,237,276,-39
122900088,63,210,-147
122900089,18,111,-93
122900090,9,180,-171
122900091,201,1,200
122900092,0,102,-102
122900093,1,93,-92
122900094,2,84,-82
122900095,162,10,152
122900096,282,47,235
122900097,25,28,-3
122900098,42,82,-40
122900099,52,13,39
122900100,144,372,-228
122900101,331,212,119
122900102,21,24,-3
122900103,107,6,101
122900104,171,12,159
122900105,5,13,-8
122900106,6,18,-12
122900107,6,43,-37
122900108,0,48,-48
123000001,764,400,364
123000002,1875,4063,-2188
123000003,2903,3104,-201
123000004,1901,2751,-850
123000005,2131,2220,-89
123000006,1597,1424,173
123000007,3104,2152,952
123000008,1848,1903,-55
123000009,3460,1902,1558
123000010,2329,2396,-67
123000011,1413,752,661
123000012,420,1657,-1237
123000013,2601,700,1901
123000014,529,2288,-1759
123000015,1457,832,625
123000016,2001,2648,-647
123000017,2512,1529,983
123000018,49,75,-26
123000019,344,91,253
123000020,210,42,168
123000021,117,177,-60
123000022,278,1331,-1053
123000023,1338,1443,-105
123000024,1293,470,823
123000025,248,76,172
123000026,16,65,-49
123000027,84,471,-387
123000028,1200,676,524
123000029,690,936,-246
123000030,217,156,61
123000031,217,135,82
123000032,322,81,241
123000033,221,35,186
123000034,833,576,257
123000035,360,275,85
123000036,213,732,-519
123000037,172,151,21
123000038,44,155,-111
123000039,325,1202,-877
123000040,480,224,256
123000041,851,972,-121
123000042,541,618,-77
123000043,1666,8109,-6443
123000044,2290,1687,603
123000045,2997,1717,1280
123000046,337,1006,-669
123000047,1048,839,209
123000048,58,731,-673
123000049,3684,6663,-2979
123000050,1476,1190,286
123000051,90,161,-71
123000052,609,2593,-1984
123000053,1860,2359,-499
123000054,1172,1027,145
123000055,1250,2297,-1047
123000056,778,956,-178
123000057,4069,4321,-252
123000058,530,838,-308
123000059,236,371,-135
123000060,766,283,483
123000061,382,491,-109
123000063,705,748,-43
123000064,830,167,663
123000065,2696,1623,1073
123000066,428,403,25
123000067,675,345,330
123000068,1565,1765,-200
123000069,3824,1690,2134
123000070,162,422,-260
123000071,1178,604,574
123000072,844,430,414
123000073,1335,557,778
123000074,820,587,233
123000075,321,953,-632
123000076,560,331,229
123000077,1495,1355,140
123000078,1561,1097,464
123000079,1364,1138,226
123000080,1585,881,704
123000081,107,242,-135
123000082,229,551,-322
123000083,757,238,519
123000084,537,359,178
123000085,287,42,245
123000086,528,80,448
123000087,323,144,179
123000088,900,418,482
123000089,502,720,-218
123000090,1012,568,444
123000091,1138,955,183
123000092,589,784,-195
123000094,369,156,213
123000095,506,420,86
123000096,702,240,462
123000097,439,370,69
123000098,640,293,347
123000099,532,405,127
123000100,354,594,-240
123000101,396,415,-19
123000102,311,527,-216
123000104,301,361,-60
123000105,360,317,43
123000106,312,342,-30
123000107,222,343,-121
123000108,355,796,-441
123000111,788,311,477
123000112,988,361,627
123000113,364,582,-218
123000114,278,542,-264
123000115,207,159,48
123000116,36,62,-26
123000117,1304,955,349
123000118,304,483,-179
123000119,195,504,-309
123000120,241,387,-146
123000121,341,336,5
123000122,206,155,51
123000123,359,355,4
123000124,292,298,-6
123000125,883,969,-86
123000126,796,3099,-2303
123000127,441,423,18
123000128,219,146,73
123000129,590,134,456
123000130,629,57,572
123000131,777,655,122
123000132,208,321,-113
123000133,152,177,-25
123000134,185,113,72
123000135,1802,788,1014
123000136,152,386,-234
123000137,80,136,-56
123000138,66,178,-112
123000139,445,60,385
123000140,90,364,-274
123000141,521,115,406
123000142,637,567,70
123000143,777,1085,-308
123000144,18,20,-2
123000145,106,187,-81
123000146,14,54,-40
123000147,43,76,-33
123000149,213,244,-31
123000150,85,152,-67
123000151,148,313,-165
123000152,68,370,-302
123000153,187,556,-369
123000154,916,1378,-462
123000155,1410,962,448
123000156,20,76,-56
123000157,480,609,-129
123000158,417,578,-161
123000159,2147,2144,3
123000160,835,631,204
123000161,1306,895,411
123000162,978,1276,-298
123000163,438,82,356
123000164,1358,253,1105
123000165,300,755,-455
123000166,26,83,-57
123000167,106,145,-39
123000168,212,126,86
123000169,776,107,669
123000170,93,70,23
123000171,786,13,773
123000172,100,290,-190
123000173,425,254,171
123000174,839,410,429
123000175,366,651,-285
123000176,780,176,604
123000177,268,504,-236
123000178,626,112,514
123000179,27,323,-296
123000180,1330,241,1089
123000181,219,723,-504
123000182,197,170,27
123000183,159,405,-246
123000184,64,230,-166
123000185,614,237,377
123000186,1,263,-262
123000187,519,8,511
123000188,165,0,165
123000189,155,113,42
123000190,79,69,10
123000192,19,218,-199
123000193,60,463,-403
123000194,296,180,116
123000195,238,33,205
123000196,296,12,284
123000197,59,77,-18
123000198,44,714,-670
123000199,12,479,-467
123000200,509,6,503
123000201,1068,16,1052
123000202,22,459,-437
123000203,855,59,796
123000204,60,551,-491
123000205,293,838,-545
123000206,1898,247,1651
123000207,42,490,-448
123000208,438,213,225
123000209,1817,557,1260
123000210,324,1129,-805
123000211,303,1079,-776
123000212,2589,306,2283
123000213,473,73,400
123000215,43,128,-85
123000216,117,452,-335
123000217,148,34,114
123000218,38,475,-437
123000219,455,41,414
123000220,355,86,269
123000221,127,60,67
123000222,378,182,196
123000223,418,145,273
123000224,352,221,131
123000225,236,49,187
123000226,71,211,-140
123000227,65,153,-88
123000228,316,44,272
123000229,568,789,-221
123000232,86,391,-305
123000233,563,92,471
123000234,105,336,-231
123000235,985,186,799
123000236,182,344,-162
123000237,237,101,136
123000238,62,224,-162
123000239,324,559,-235
123000240,45,428,-383
123000241,229,60,169
123000242,157,123,34
123000243,566,626,-60
123000244,672,531,141
123000245,30,114,-84
123000249,165,393,-228
123000252,703,231,472
123000253,1152,375,777
123000254,607,542,65
123000255,901,662,239
123000256,14,130,-116
123000257,1632,1112,520
123000258,778,477,301
123000259,271,282,-11
123000260,428,197,231
123000261,213,69,144
123000262,90,99,-9
123000263,450,59,391
123000264,178,78,100
123000265,25,101,-76
123000266,451,452,-1
123000267,452,268,184
123000268,29,42,-13
123000269,34,60,-26
123000270,33,25,8
123000271,38,61,-23
123000272,593,244,349
123000273,234,597,-363
123000274,843,423,420
123000275,197,501,-304
123000278,1481,1729,-248
123000279,125,57,68
123000280,253,187,66
123000281,211,84,127
123000282,106,176,-70
123000283,134,48,86
123000284,37,48,-11
123000286,165,274,-109
123000287,448,251,197
123000288,1225,862,363
123000289,224,968,-744
123000291,214,533,-319
123000294,118,140,-22
123000295,699,809,-110
123000296,600,345,255
123000297,580,300,280
123000298,605,205,400
123000299,88,95,-7
123000300,947,676,271
123000301,124,210,-86
123000302,67,87,-20
123000303,124,182,-58
123000305,498,532,-34
123000306,120,40,80
123000309,25,38,-13
123000310,52,28,24
123000311,0,47,-47
123000312,272,357,-85
123000313,453,222,231
123000315,146,129,17
123000316,505,132,373
123000317,197,85,112
123000318,56,128,-72
123000329,2,16,-14
123000337,421,459,-38
123000338,252,153,99
123000339,267,77,190
123000340,80,168,-88
123000342,9,34,-25
123000343,33,10,23
123000344,640,233,407
123000345,256,357,-101
123000346,348,41,307
123000352,722,611,111
123000353,42,74,-32
123000354,152,3,149
123000355,0,130,-130
123000356,275,5,270
123000357,0,77,-77
123000359,0,64,-64
123000360,181,60,121
123000361,92,142,-50
123000362,309,65,244
123000363,106,101,5
123000364,362,406,-44
123000365,14,260,-246
123000366,257,1654,-1397
123000367,207,560,-353
123000370,15,128,-113
123000371,411,21,390
123000372,251,26,225
123000373,2,161,-159
123000374,5,79,-74
123000375,319,22,297
123000376,630,463,167
123000377,457,15,442
123000378,9,125,-116
123000379,1,106,-105
123000380,19,287,-268
123000381,54,80,-26
123000382,468,80,388
123000383,61,831,-770
123000384,299,100,199
123000385,119,415,-296
123000436,27,815,-788
123000507,73,151,-78
123000508,92,670,-578
123000517,184,22,162
123000518,14,176,-162
123000519,127,46,81
123000520,32,120,-88
123000521,271,54,217
123000522,91,213,-122
123000541,7,0,7
123000542,1,1,0
123000565,774,32,742
123000566,192,210,-18
123000567,48,101,-53
123000573,48,321,-273
123000574,691,63,628
123000575,1134,482,652
123000576,772,675,97
123000577,33,463,-430
123000578,231,47,184
123000579,833,4330,-3497
123000580,145,33,112
123000582,396,38,358
123000583,17,173,-156
123000584,102,172,-70
123000585,0,30,-30
123000586,84,18,66
123000596,58,78,-20
123000597,49,112,-63
123000602,50,7,43
123000603,740,321,419
123000604,450,272,178
123000605,510,54,456
123000606,0,310,-310
123000609,13,244,-231
123000610,109,73,36
123000613,45,129,-84
123000614,186,26,160
123000615,31,85,-54
123000616,543,69,474
123000617,87,132,-45
123000618,70,331,-261
123000619,372,55,317
123000620,20,237,-217
123000622,398,21,377
123000624,126,68,58
123000630,1059,330,729
123000631,161,496,-335
123000632,434,414,20
123000633,0,72,-72
123000634,31,160,-129
123000635,50,65,-15
123000636,42,260,-218
123000637,93,16,77
123000638,408,24,384
123000639,550,3512,-2962
123000640,27,306,-279
123000648,321,59,262
123000649,43,218,-175
123900001,703,27,676
123900002,16,984,-968
123900003,156,248,-92
123900005,175,119,56
123900006,232,44,188
124000001,1634,128,1506
124000002,55,899,-844
124000003,891,126,765
124000004,54,293,-239
124000005,994,498,496
124000006,140,545,-405
124000007,244,82,162
124000008,8,283,-275
124000009,587,190,397
124000010,183,211,-28
124000011,1044,210,834
124000012,202,275,-73
124000017,161,111,50
124000018,96,39,57
124000019,119,99,20
124000020,28,83,-55
124000021,60,61,-1
124000022,75,130,-55
124000023,954,1075,-121
124000024,837,272,565
124000025,969,1302,-333
124000026,676,743,-67
124000027,3337,3839,-502
124000028,1049,2666,-1617
124000030,1592,991,601
124000031,955,3250,-2295
124000032,1094,478,616
124000033,673,523,150
124000034,580,465,115
124000035,333,222,111
124000036,104,317,-213
124000037,444,1163,-719
124000038,34,98,-64
124000039,512,329,183
124000040,367,839,-472
124000041,375,108,267
124000042,88,291,-203
124000043,106,143,-37
124000044,65,116,-51
124000045,808,395,413
124000046,266,427,-161
124000047,1537,600,937
124000048,830,552,278
124000049,1577,464,1113
124000050,673,830,-157
124000051,926,350,576
124000052,455,463,-8
124000053,421,1378,-957
124000054,553,261,292
124000055,1012,2489,-1477
124000056,1230,768,462
124000057,946,437,509
124000058,316,709,-393
124000059,491,937,-446
124000060,603,328,275
124000061,1020,4965,-3945
124000062,2706,1257,1449
124000063,811,974,-163
124000064,1235,756,479
124000065,60,382,-322
124000066,229,91,138
124000067,210,111,99
124000068,52,113,-61
124000069,726,107,619
124000070,282,333,-51
124000071,185,112,73
124000072,119,216,-97
124000073,813,151,662
124000074,220,402,-182
124000075,274,17,257
124000076,10,67,-57
124000077,839,582,257
124000078,1967,1223,744
124000079,241,778,-537
124000080,554,160,394
124000081,178,278,-100
124000082,35,104,-69
124000083,34,47,-13
124000084,55,433,-378
124000085,61,39,22
124000086,37,111,-74
124000087,88,78,10
124000088,152,403,-251
124000089,705,204,501
124000090,117,167,-50
124000091,403,90,313
124000092,118,359,-241
124000093,83,179,-96
124000094,92,419,-327
124000095,92,82,10
124000096,131,143,-12
124000097,91,82,9
124000098,40,49,-9
124000099,261,70,191
124000100,47,83,-36
124000101,66,103,-37
124000102,54,27,27
124000103,106,125,-19
124000104,63,24,39
124000105,80,53,27
124000106,118,25,93
124000107,15,130,-115
124000108,33,8,25
124000109,127,81,46
124000110,103,63,40
124000111,185,123,62
124000112,624,410,214
124000113,80,91,-11
124000114,316,222,94
124000115,287,374,-87
124000116,101,151,-50
124000117,31,63,-32
124000118,34,57,-23
124000119,644,322,322
124000120,343,370,-27
124000121,1015,561,454
124000122,380,874,-494
124000123,782,439,343
124000124,275,702,-427
124000125,317,346,-29
124000126,188,401,-213
124000127,682,335,347
124000128,369,496,-127
124000129,1669,1106,563
124000130,556,404,152
124000131,634,463,171
124000132,612,475,137
124000133,714,583,131
124000134,721,352,369
124000135,1231,1600,-369
124000136,545,566,-21
124000137,814,756,58
124000138,1054,878,176
124000139,620,49,571
124000140,40,283,-243
124000141,419,29,390
124000142,51,206,-155
124000143,76,16,60
124000144,16,63,-47
124000145,126,60,66
124000146,36,36,0
124000148,16,107,-91
124000149,970,353,617
124000150,202,403,-201
124000151,757,369,388
124000152,471,724,-253
124000153,594,975,-381
124000154,322,599,-277
124000155,1068,809,259
124000156,946,922,24
124000169,169,324,-155
124000170,284,275,9
124000171,220,202,18
124000172,253,290,-37
124000173,435,153,282
124000174,330,314,16
124000175,7,41,-34
124000176,60,15,45
124000177,9,35,-26
124000178,32,50,-18
124000190,47,51,-4
124000191,67,144,-77
124000192,981,333,648
124000193,338,674,-336
124000194,254,255,-1
124000195,298,555,-257
124000196,607,470,137
124000197,39,37,2
124000198,29,43,-14
124000201,228,430,-202
124000202,471,266,205
124000203,462,214,248
124000204,911,182,729
124000205,109,240,-131
124000206,783,229,554
124000207,0,38,-38
124000209,126,210,-84
124000210,543,160,383
124000211,650,4,646
124000212,1,196,-195
124000213,537,143,394
124000214,359,285,74
124000215,373,21,352
124000216,2,174,-172
124000329,133,751,-618
124000338,91,344,-253
124000339,1078,89,989
124000341,1456,86,1370
124000344,18,1,17
124000357,1047,1938,-891
124000358,748,1158,-410
124000359,1040,524,516
124000360,753,362,391
124000361,1671,786,885
124000362,769,1145,-376
124000363,190,211,-21
124000364,352,408,-56
124000365,542,649,-107
124000366,1009,591,418
124000367,82,251,-169
124000368,384,464,-80
124000369,112,62,50
124000370,52,398,-346
124000402,18,20,-2
124000403,134,14,120
124000404,4,59,-55
124000405,700,568,132
124000406,480,461,19
124000407,2,27,-25
124000411,7,149,-142
124000412,385,5,380
124000413,124,19,105
124000414,66,64,2
124000415,23,43,-20
124000416,126,102,24
124000417,189,69,120
124000418,165,97,68
124000419,95,58,37
124000420,90,50,40
124000421,56,80,-24
124000422,13,11,2
124000423,107,27,80
124000424,4,65,-61
124000425,149,44,105
124000426,9,83,-74
124000427,121,7,114
124000428,6,46,-40
124000429,75,56,19
124000430,486,242,244
124000431,268,265,3
124000432,200,378,-178
124000439,15,2,13
124000443,0,5,-5
124000445,162,957,-795
124000446,682,121,561
124900001,660,375,285
124900002,158,147,11
124900003,880,422,458
124900004,703,220,483
124900005,161,84,77
124900006,808,199,609
124900008,926,514,412
124900009,186,332,-146
124900010,204,211,-7
124900011,480,214,266
124900012,361,91,270
124900013,415,114,301
124900014,298,52,246
124900015,146,294,-148
124900016,95,89,6
124900017,338,1633,-1295
124900018,85,4,81
124900020,48,48,0
124900021,324,23,301
124900022,37,2,35
124900024,318,1,317
124900026,65,10,55
124900027,109,458,-349
124900028,254,74,180
124900029,14,423,-409
124900030,19,57,-38
124900031,25,146,-121
124900032,106,184,-78
124900033,65,204,-139
124900034,5,67,-62
124900035,120,284,-164
124900036,0,28,-28
124900037,164,154,10
124900038,178,201,-23
124900039,3,34,-31
124900040,87,88,-1
124900041,202,525,-323
124900042,72,2,70
124900043,441,479,-38
124900044,88,0,88
124900045,457,819,-362
124900046,354,136,218
124900047,111,115,-4
124900048,161,74,87
124900050,126,135,-9
124900052,105,206,-101
124900053,117,194,-77
124900054,762,322,440
124900055,1,120,-119
124900057,3,31,-28
124900060,56,140,-84
124900061,103,4,99
124900062,218,23,195
124900066,0,19,-19
124900067,3,82,-79
124900068,203,472,-269
124900070,54,33,21
124900072,164,43,121
124900075,229,153,76
124900076,20,1073,-1053
124900077,19,91,-72
124900078,41,9,32
124900079,280,113,167
124900080,278,317,-39
124900081,1020,268,752
124900082,286,478,-192
124900083,257,292,-35
124900085,571,541,30
124900086,43,1000,-957
124900087,366,97,269
124900088,304,88,216
124900089,644,21,623
124900090,332,179,153
124900091,228,135,93
124900092,190,91,99
124900093,324,164,160
124900094,364,205,159
124900095,87,402,-315
124900096,341,255,86
124900097,272,60,212
124900098,102,207,-105
124900099,306,356,-50
124900100,301,60,241
124900101,50,286,-236
124900102,233,5,228
124900103,98,78,20
124900104,78,62,16
124900105,73,46,27
124900106,334,57,277
124900107,96,21,75
124900108,106,63,43
124900111,1,62,-61
124900112,49,217,-168
124900113,55,223,-168
124900114,100,100,0
124900115,42,35,7
124900116,219,166,53
124900117,158,124,34
124900118,125,297,-172
124900119,316,163,153
124900120,42,205,-163
124900121,87,348,-261
124900122,153,137,16
124900123,208,115,93
124900124,112,291,-179
204000001,139,3,136
204000002,4,2,2
204000003,13,2,11
204000004,3,2,1
204000005,531,411,120
204000006,1011,906,105
204000011,4,21,-17
204000012,25,92,-67
204000019,533,321,212
204000020,525,323,202
204000021,697,512,185
204000022,426,323,103
204000023,459,399,60
204000031,49,10,39
204000032,252,17,235
204000034,27,80,-53
204000035,1,7,-6
204000036,9,11,-2
204000037,0,16,-16
204000038,1,13,-12
204000039,1,13,-12
204000040,4,9,-5
204000041,7,17,-10
204000042,34,9,25
204000043,43,2,41
204000044,21,1,20
204000045,53,1,52
204000046,9,1,8
204000057,6,4,2
204000062,66,34,32
204000068,24,164,-140
204000069,63,244,-181
204000070,54,30,24
204000080,27,44,-17
204000085,1399,945,454
204000086,1663,1005,658
204000087,45,9,36
204000088,8,56,-48
204000090,62,169,-107
204000093,386,72,314
204000096,859,666,193
204000097,344,12,332
204000099,759,1194,-435
204000100,1093,1462,-369
204000105,1402,743,659
204000110,308,568,-260
204000111,370,345,25
204000112,481,364,117
204000113,245,418,-173
204000114,603,557,46
204000115,475,203,272
204000116,361,299,62
204000119,1504,1873,-369
204000132,605,284,321
204000133,792,168,624
204000134,165,74,91
204000135,477,43,434
204000136,531,130,401
204000138,326,427,-101
204000140,238,89,149
204000141,169,51,118
204000144,8,22,-14
204000145,375,75,300
204000146,17,172,-155
204000147,11,96,-85
204000148,169,18,151
204000154,16,3,13
204000155,1,7,-6
204000177,54,24,30
204000179,94,4,90
204000180,0,34,-34
204000222,2,3,-1
204000235,17,8,9
204000236,50,107,-57
204000238,22,13,9
204000240,283,71,212
204000263,486,563,-77
204000268,718,429,289
204000308,82,3,79
204000317,9,47,-38
204000322,10,45,-35
204000323,6,1,5
204000328,183,72,111
204000329,66,101,-35
204000330,190,24,166
204000331,49,74,-25
205000001,617,891,-274
205000013,7,69,-62
205000014,16,61,-45
205000015,42,97,-55
205000016,9,82,-73
205000017,33,51,-18
205000022,256,492,-236
205000025,928,627,301
205000029,206,13,193
205000045,108,586,-478
205000046,92,379,-287
205000047,46,305,-259
205000048,342,562,-220
205000049,131,487,-356
205000050,390,218,172
205000059,0,112,-112
205000060,0,55,-55
205000061,4,77,-73
205000062,0,122,-122
205000063,21,157,-136
205000064,15,60,-45
205000065,45,342,-297
205000066,79,309,-230
205000067,14,505,-491
205000069,130,20,110
205000082,156,164,-8
205000110,46,171,-125
205000111,155,151,4
205000112,136,153,-17
205000113,193,276,-83
205000121,222,23,199
205000123,19,131,-112
205000126,381,56,325
205000127,633,93,540
205000128,337,40,297
205000129,603,44,559
205000130,114,15,99
205000131,56,7,49
205000132,117,5,112
205000133,60,1,59
205000134,222,0,222
205000137,59,139,-80
205000138,98,298,-200
205000139,23,91,-68
205000144,49,62,-13
205000145,302,151,151
205000151,105,16,89
205000152,142,26,116
205000153,185,26,159
205000154,97,32,65
205000155,105,9,96
205000207,1,96,-95
205000233,24,3,21
205000234,0,0,0
205000243,0,1,-1
205000244,0,3,-3
205000245,9,88,-79
205000249,2,7,-5
205000250,3,1,2
205000264,5,49,-44
206000027,6,4,2
206000028,5,5,0
206000043,4,28,-24
206000053,4,3,1
206000054,2,15,-13
206000055,1,5,-4
206000075,8,14,-6
206000076,15,20,-5
206000077,19,7,12
206000078,40,12,28
206000079,19,6,13
206000082,303,37,266
206000100,21,236,-215
206000103,3,15,-12
206000104,13,24,-11
206000105,8,2,6
206000106,2,16,-14
206000108,433,18,415
206000125,62,0,62
206000157,29,297,-268
206000170,2,70,-68
206000171,4,133,-129
206000172,5,152,-147
206000173,0,83,-83
206000174,5,15,-10
206000175,2,31,-29
206000176,15,63,-48
206000177,0,68,-68
206000178,2,89,-87
206000179,3,43,-40
206000180,13,42,-29
206000181,4,55,-51
206000182,4,54,-50
206000183,10,120,-110
206000184,3,112,-109
206000185,5,43,-38
206000186,72,319,-247
206000223,14,72,-58
206000226,7,2,5
206000227,15,1,14
206000237,48,158,-110
206000238,10,187,-177
206000239,115,826,-711
206000240,0,34,-34
206000241,1,30,-29
206000242,10,49,-39
206000243,1,57,-56
206000244,31,178,-147
206000245,681,64,617
206000246,247,22,225
206000247,250,3,247
206000248,352,14,338
206000252,47,29,18
206000258,21,32,-11
206000315,28,7,21
206000317,450,80,370
206000318,565,53,512
206000319,1606,68,1538
206000320,236,38,198
206000321,216,4,212
206000322,509,12,497
206000323,214,14,200
206000324,195,11,184
206000325,150,23,127
206000326,168,6,162
206000327,73,7,66
206000328,192,5,187
206000329,285,8,277
206000330,58,2,56
206000331,188,3,185
206000332,57,2,55
206000333,663,5,658
206000334,286,4,282
206000335,0,17,-17
206000361,2,98,-96
206000392,2,3,-1
206000405,125,1,124
206000441,55,14,41
206000498,39,5,34
206000515,61,37,24
206000530,306,56,250
206000531,196,200,-4
206000532,1154,316,838
206000535,85,1038,-953
206000536,8,55,-47
206000537,30,69,-39
206000613,1250,201,1049
207000001,100,494,-394
207000002,65,298,-233
207000003,109,107,2
207000007,1039,241,798
207000008,110,5,105
207000009,33,41,-8
207000010,275,178,97
207000012,345,166,179
207000015,172,556,-384
207000019,178,45,133
207000021,465,198,267
207000022,196,130,66
207000023,217,49,168
207000024,3,13,-10
207000025,20,47,-27
207000026,92,43,49
207000027,24,55,-31
207000028,69,131,-62
207000029,173,283,-110
207000033,125,446,-321
207000034,208,121,87
207000039,448,72,376
207000040,484,36,448
207000041,110,30,80
207000042,198,34,164
207000043,173,114,59
207000051,114,131,-17
207000052,110,92,18
207000053,317,370,-53
207000054,44,55,-11
207000055,151,97,54
207000056,289,210,79
207000057,93,139,-46
207000058,185,167,18
207000059,79,243,-164
207000060,84,116,-32
207000061,126,522,-396
207000062,366,22,344
207000063,388,65,323
207000064,280,66,214
207000065,330,177,153
207000066,233,122,111
207000067,37,54,-17
207000068,105,46,59
207000069,599,246,353
207000082,6,90,-84
207000083,62,152,-90
207000084,268,185,83
207000085,183,10,173
207000086,243,8,235
207000106,31,19,12
207000107,81,13,68
207000108,65,10,55
207000109,64,4,60
207000110,48,64,-16
207000111,60,74,-14
207000112,106,558,-452
207000114,18,31,-13
207000115,27,51,-24
207000116,20,274,-254
207000117,8,52,-44
207000118,1,42,-41
207000119,28,42,-14
207000123,157,25,132
207000124,73,23,50
207000125,68,38,30
207000126,50,38,12
207000134,92,62,30
207000135,39,90,-51
207000148,92,284,-192
207000149,46,26,20
207000152,90,304,-214
207000153,515,846,-331
207000154,289,131,158
207000159,77,95,-18
207000160,96,184,-88
207000238,0,124,-124
207000242,6,81,-75
207000248,22,23,-1
207000249,115,12,103
207000250,357,48,309
207000251,95,61,34
207000252,47,71,-24
207000278,96,79,17
207000279,26,78,-52
207000280,583,40,543
207000281,72,370,-298
207000282,68,87,-19
207000283,34,110,-76
207000284,17,268,-251
207000285,26,50,-24
207000291,12,63,-51
207000304,127,38,89
207000306,64,253,-189
207000310,102,48,54
207000353,203,1,202
207000356,8,32,-24
207000357,8,22,-14
207000358,6,14,-8
207000415,7,112,-105
207000417,40,1,39
207000418,90,79,11
207000438,0,1,-1
207000439,502,671,-169
207000446,153,2,151
207000460,40,3,37
207000466,142,109,33
207000467,268,61,207
207000468,34,109,-75
207000476,9,37,-28
207000477,676,43,633
207000478,4,49,-45
207000523,0,8,-8
207000524,55,0,55
207000527,122,140,-18
207000530,503,5,498
207000531,297,11,286
207000532,62,25,37
207000534,227,30,197
207000535,33,236,-203
207000537,11,61,-50
207000540,8,109,-101
207000541,1,170,-169
207000548,8,131,-123
207000549,273,13,260
207000561,160,187,-27
207000562,28,102,-74
207000567,131,156,-25
207000568,175,28,147
207000569,486,302,184
207000584,199,136,63
207000585,34,242,-208
207000587,122,21,101
207000616,0,68,-68
207000617,169,0,169
207000624,34,44,-10
207000631,11,55,-44
207900008,214,50,164
208000001,492,879,-387
208000002,652,384,268
208000003,1083,264,819
208000004,798,524,274
208000005,3,9,-6
208000019,537,588,-51
208000020,160,356,-196
208000021,194,252,-58
208000022,890,283,607
208000028,575,894,-319
208000033,496,310,186
208000034,755,934,-179
208000037,159,15,144
208000040,125,98,27
208000041,560,393,167
208000042,593,410,183
208000047,176,143,33
208000064,1509,1123,386
208000066,1198,1977,-779
208000070,313,252,61
208000071,460,418,42
208000072,412,709,-297
208000080,267,247,20
208000081,320,90,230
208000082,329,170,159
208000083,116,246,-130
208000084,6,13,-7
208000085,566,411,155
208000086,456,736,-280
208000087,354,457,-103
208000089,926,256,670
208000090,925,345,580
208000093,191,130,61
208000094,436,266,170
208000095,486,325,161
208000104,783,591,192
208000105,516,645,-129
208000114,97,309,-212
208000115,344,214,130
208000116,552,807,-255
208000117,169,116,53
208000118,105,136,-31
208000155,529,714,-185
208000158,1088,2781,-1693
208000186,1925,3209,-1284
208000204,563,789,-226
208000205,1010,642,368
208000282,2970,2142,828
209000004,363,147,216
209000005,33,13,20
209000006,373,164,209
209000007,212,247,-35
209000010,246,110,136
209000011,112,180,-68
209000012,98,98,0
209000013,147,150,-3
209000014,216,388,-172
209000025,331,50,281
209000026,671,88,583
209000027,310,396,-86
209000028,279,284,-5
209000029,293,364,-71
209000030,303,623,-320
209000031,1452,1015,437
209000034,161,174,-13
209000035,131,147,-16
209000036,202,70,132
209000037,301,125,176
209000038,146,101,45
209000039,47,103,-56
209000040,270,366,-96
209000041,175,288,-113
209000042,222,229,-7
209000043,529,607,-78
209000044,219,628,-409
209000045,896,284,612
209000046,473,323,150
209000047,316,125,191
209000048,539,219,320
209000049,82,78,4
209000050,137,62,75
209000051,248,159,89
209000052,110,134,-24
209000062,49,58,-9
209000063,30,26,4
209000064,30,43,-13
209000065,71,19,52
209000066,60,12,48
209000067,76,25,51
209000080,24,153,-129
209000082,69,23,46
209000091,14,70,-56
209000093,41,27,14
209000094,96,135,-39
209000110,43,75,-32
209000111,438,1313,-875
209000112,850,401,449
209000113,1346,395,951
209000114,657,381,276
209000115,50,80,-30
209000116,328,208,120
209000118,23,33,-10
209000119,7,7,0
209000121,88,260,-172
209000135,63,139,-76
209000142,656,1200,-544
209000143,32,51,-19
209000144,44,80,-36
209000229,218,95,123
209000240,32,124,-92
209000259,76,73,3
209000260,40,585,-545
209000261,2,234,-232
209000262,2,205,-203
209000263,2,158,-156
209000264,1,178,-177
209000265,277,0,277
209000266,84,0,84
209000267,841,6,835
209000268,511,50,461
210000037,50,13,37
210000047,67,11,56
210000048,83,6,77
210000049,34,4,30
210000052,58,24,34
210000053,25,30,-5
210000054,27,49,-22
210000070,108,3,105
210000071,66,0,66
210000072,19,0,19
210000073,0,18,-18
210000074,1,69,-68
210000075,0,74,-74
210000076,8,109,-101
210000077,7,46,-39
210000078,18,43,-25
210000079,20,6,14
210000080,53,52,1
210000081,117,25,92
210000082,93,3,90
210000083,60,3,57
210000084,35,1,34
210000085,0,39,-39
210000086,0,52,-52
210000099,42,143,-101
210000100,36,122,-86
210000101,49,122,-73
210000105,25,152,-127
210000159,0,132,-132
210000163,74,147,-73
210000164,183,173,10
210000168,106,33,73
210000187,0,23,-23
210000188,0,16,-16
210000214,39,0,39
210000219,36,59,-23
210000220,109,11,98
210000232,2,12,-10
210000233,18,41,-23
210000234,25,89,-64
210000235,51,35,16
210000245,1,35,-34
210000246,18,3,15
210000258,9,87,-78
210000259,186,40,146
210000282,44,173,-129
210000285,1,101,-100
210000286,16,132,-116
210000290,5,8,-3
210000295,44,83,-39
210000296,33,23,10
210000320,145,41,104
210000321,111,31,80
210000338,56,45,11
210000339,171,830,-659
210000340,91,249,-158
210000341,206,238,-32
210000342,195,154,41
210000343,147,144,3
210000344,99,90,9
210000345,136,178,-42
210000346,53,109,-56
210000347,36,44,-8
210000348,84,24,60
210000349,46,27,19
210000350,117,52,65
210000351,178,64,114
210000352,51,29,22
210000353,26,39,-13
210000354,57,35,22
210000355,39,40,-1
210000356,12,37,-25
210000357,38,28,10
210000358,159,105,54
210000359,73,67,6
210000360,153,82,71
210000361,118,110,8
210000362,193,121,72
210000363,361,193,168
210000364,70,107,-37
210000365,105,30,75
210000366,95,48,47
210000367,59,25,34
210000368,99,26,73
210000369,13,13,0
210000370,44,18,26
210000372,10,17,-7
210000373,15,13,2
210000374,29,17,12
210000375,26,24,2
210000376,32,74,-42
210000404,33,71,-38
210000439,31,25,6
210000472,51,0,51
210000482,34,85,-51
210000564,122,146,-24
210000567,0,27,-27
210000568,185,1,184
211000092,28,37,-9
211000094,19,8,11
211000169,155,7,148
211000172,12,161,-149
211000209,0,15,-15
211000226,17,22,-5
211000270,33,8,25
211000275,11,9,2
211000276,72,13,59
211000279,28,16,12
211000281,79,24,55
211507980,1,41,-40
211977296,37,2,35
212000003,89,19,70
212000004,11,30,-19
212000005,14,23,-9
212000006,26,36,-10
212000008,153,108,45
212000009,20,85,-65
212000012,66,57,9
212000013,45,42,3
212000014,189,103,86
212000015,223,130,93
212000016,405,354,51
212000027,472,241,231
212000028,287,238,49
212000029,178,133,45
212000030,29,13,16
212000031,48,21,27
212000048,22,117,-95
212000049,24,143,-119
212000050,20,11,9
212000051,145,92,53
212000052,130,128,2
212000053,291,262,29
212000054,320,46,274
212000055,279,99,180
212000056,9,10,-1
212000057,14,20,-6
212000058,97,15,82
212000070,82,96,-14
212000077,117,248,-131
212000099,215,151,64
212000108,157,76,81
212000111,199,52,147
212000120,73,45,28
212000138,119,18,101
212000156,1,79,-78
212000158,6,19,-13
212000159,475,39,436
212000160,691,139,552
212000161,62,5,57
212000310,39,18,21
212000311,11,27,-16
212000374,51,9,42
213000001,29,278,-249
213000005,360,100,260
213000006,627,238,389
213000007,49,12,37
213000009,400,318,82
213000010,189,238,-49
213000011,193,92,101
213000012,154,157,-3
213000014,73,8,65
213000015,273,6,267
213000016,407,1,406
213000017,96,0,96
213000018,4,79,-75
213000019,1,88,-87
213000020,118,268,-150
213000021,7,75,-68
213000023,304,163,141
213000033,267,1128,-861
213000034,406,166,240
213000035,84,144,-60
213000045,154,196,-42
213000046,178,115,63
213000047,365,887,-522
213000056,117,24,93
213000069,57,1,56
213000073,6,45,-39
213000074,55,265,-210
213000075,400,10,390
213000076,27,0,27
213000085,8,35,-27
213000086,14,93,-79
213000091,231,10,221
213000092,47,7,40
213000099,151,898,-747
213000100,903,223,680
213000101,445,69,376
213000102,382,123,259
213000103,644,569,75
213000104,53,255,-202
213000105,7,147,-140
213000106,39,73,-34
213000107,158,276,-118
213000108,30,238,-208
213000109,13,123,-110
213000110,14,60,-46
213000111,4,45,-41
213000112,109,79,30
213000115,38,3,35
213000116,49,209,-160
213000117,6,391,-385
213000118,468,203,265
213000119,55,379,-324
213000120,78,254,-176
213000122,130,273,-143
213000123,236,638,-402
213000124,121,925,-804
213000125,121,39,82
213000126,42,90,-48
213000127,90,188,-98
213000128,213,770,-557
213000129,212,701,-489
213000130,624,354,270
213000132,452,93,359
213000133,556,81,475
213000134,811,18,793
213000136,414,12,402
213000137,505,54,451
213000139,194,15,179
213000147,33,6,27
213000148,13,7,6
213000149,13,4,9
213000150,0,116,-116
213000151,0,128,-128
213000152,1,82,-81
213000153,0,95,-95
213000154,39,451,-412
213000155,47,208,-161
213000156,158,330,-172
213000157,856,283,573
213000158,386,671,-285
213000159,490,334,156
213000163,907,104,803
213000165,697,250,447
213000171,0,48,-48
213000172,5,154,-149
213000173,5,90,-85
213000174,3,85,-82
213000175,12,32,-20
213000176,46,30,16
213000177,101,8,93
213000178,209,6,203
213000179,229,2,227
213000180,168,2,166
213000184,78,287,-209
213000188,308,99,209
213000189,366,27,339
213000190,664,547,117
213000191,334,242,92
213000192,214,180,34
213000193,418,165,253
213000194,2,81,-79
213000195,41,326,-285
213000196,313,971,-658
213000197,458,335,123
213000198,29,3,26
213000200,80,511,-431
213000201,47,36,11
213000202,9,351,-342
213000203,1823,467,1356
213000204,619,59,560
213000205,297,54,243
213000206,377,16,361
213000207,70,7,63
213000208,33,3,30
213000209,116,5,111
213000210,199,0,199
213000211,7,13,-6
213000212,10,29,-19
213000213,14,44,-30
213000218,216,257,-41
213000219,451,15,436
213000220,330,5,325
213000223,171,174,-3
213000224,17,45,-28
213000225,79,9,70
213000226,38,11,27
213000227,717,150,567
213000228,396,61,335
213000229,97,8,89
213000230,325,19,306
213000232,34,599,-565
213000233,10,854,-844
213000234,6,40,-34
213000293,14,91,-77
213000294,61,21,40
213000295,7,72,-65
213000296,35,15,20
213000297,4,57,-53
213000298,9,77,-68
213000299,60,27,33
213000300,6,7,-1
213000303,1,23,-22
213000304,1,3,-2
213000305,2,17,-15
213000306,38,39,-1
213000307,60,45,15
213000308,106,124,-18
213000309,120,42,78
213000310,352,161,191
213000311,202,574,-372
213000315,67,66,1
213000316,119,56,63
213000322,90,49,41
213000323,94,48,46
213000324,51,23,28
213000325,55,41,14
213000326,37,10,27
213000327,42,19,23
213000328,33,121,-88
213000329,88,9,79
213000340,163,255,-92
213000341,504,86,418
213000346,169,265,-96
213000347,457,432,25
213000348,8,151,-143
213000349,18,13,5
213000350,268,588,-320
213000366,71,175,-104
213000367,232,21,211
213000379,25,43,-18
213000386,20,180,-160
213000406,69,274,-205
213000417,1026,287,739
213000425,200,29,171
213000426,130,39,91
213000427,69,117,-48
213000428,52,72,-20
213000429,13,3,10
213000430,69,262,-193
213000431,30,1,29
213000432,4,17,-13
213000433,18,91,-73
213000434,82,83,-1
213000435,115,43,72
213000436,81,45,36
213000437,1,4,-3
213000438,116,40,76
213000439,42,13,29
213000440,9,224,-215
213000441,1,1,0
213000442,2,31,-29
213000443,334,224,110
213000444,55,28,27
213000445,0,40,-40
213000446,1,19,-18
213000447,2,29,-27
213000448,4,104,-100
213000449,378,5,373
213000450,7,23,-16
213000451,236,68,168
213000452,12,11,1
213000453,29,175,-146
213000455,120,1,119
213000456,1,174,-173
213000481,12,6,6
213000482,29,0,29
213000489,201,44,157
213000491,2,130,-128
213000492,80,0,80
213000493,2,92,-90
213000494,237,70,167
213000495,0,29,-29
213000496,364,117,247
213000497,44,160,-116
213000498,143,103,40
213000499,160,198,-38
213000500,496,53,443
213000501,134,37,97
213000502,133,143,-10
213000503,0,58,-58
213000504,9,42,-33
213000505,5,6,-1
213000506,0,9,-9
213000507,0,94,-94
213900244,35,0,35
213900245,0,22,-22
218000003,45,15,30
218000004,15,13,2
218000005,23,29,-6
218000006,43,22,21
218000007,9,4,5
218000012,97,97,0
218000013,97,130,-33
218000014,261,310,-49
218000019,411,374,37
218000020,135,260,-125
218000021,15,20,-5
218000022,9,11,-2
218000023,2,5,-3
218000024,0,2,-2
218000025,3,15,-12
218000026,4,14,-10
218000027,0,0,0
218000028,3,3,0
218000029,2,1,1
218000030,10,20,-10
218000031,16,10,6
218000032,0,9,-9
218000040,0,0,0
218000046,30,37,-7
218000047,10,74,-64
218000048,52,38,14
218000049,58,52,6
218000050,226,110,116
218000051,68,101,-33
218000052,0,39,-39
218000053,4,5,-1
218000054,0,50,-50
218000055,4,6,-2
218000056,9,15,-6
218000057,2,17,-15
218000064,2,6,-4
218000065,71,27,44
218000066,14,16,-2
218000067,51,61,-10
218000068,78,44,34
218000069,211,74,137
218000070,178,139,39
218000071,107,110,-3
218000072,115,157,-42
218000078,761,396,365
218000079,101,51,50
218000080,119,57,62
218000081,410,127,283
218000082,65,59,6
218000083,71,61,10
218000084,120,73,47
218000085,105,192,-87
218000086,59,71,-12
218000087,139,85,54
218000090,7,79,-72
218000091,802,335,467
218000092,76,104,-28
218000093,76,48,28
218000094,313,386,-73
218000099,171,521,-350
218000100,213,192,21
218000101,296,88,208
218000102,343,105,238
218000103,67,50,17
218000104,51,19,32
218000105,16,15,1
218000106,14,5,9
218000107,31,28,3
218000108,2,12,-10
218000112,33,26,7
218000117,41,40,1
218000134,497,273,224
218000135,28,53,-25
218000136,135,64,71
218000137,197,105,92
218000138,62,56,6
218000139,207,187,20
218000140,426,173,253
218000141,92,52,40
218000142,228,125,103
218000143,54,204,-150
218000144,19,74,-55
218000145,366,187,179
218000146,73,110,-37
218000151,4,4,0
218000152,60,28,32
218000153,12,3,9
218000154,4,2,2
218000155,20,1,19
218000156,72,6,66
218000157,31,7,24
218000158,13,8,5
218000159,1,2,-1
218000160,1,0,1
218000161,29,6,23
218000162,24,3,21
218000163,14,1,13
218000164,47,2,45
218000165,62,20,42
218000170,4,16,-12
218000171,17,6,11
218000172,7,8,-1
218000173,6,14,-8
218000174,13,8,5
218000176,147,44,103
218000177,227,140,87
218000178,59,140,-81
218000179,74,33,41
218000180,70,23,47
218000181,118,19,99
218000187,3,27,-24
218000188,17,28,-11
218000189,20,37,-17
218000190,9,7,2
218000191,135,37,98
218000192,187,82,105
218000193,278,194,84
218000194,73,149,-76
218000195,97,23,74
218000196,281,152,129
218000197,351,137,214
218000198,22,65,-43
218000199,25,18,7
218000200,39,25,14
218000201,15,10,5
218000202,37,242,-205
218000207,5,14,-9
218000208,15,12,3
218000211,20,15,5
218000212,1,7,-6
218000213,57,38,19
218000214,4,11,-7
218000215,17,26,-9
218000217,4,40,-36
218000218,103,30,73
218000219,11,12,-1
218000220,33,321,-288
218000221,358,121,237
218000222,5,23,-18
218000223,20,210,-190
218000224,7,153,-146
218000225,137,25,112
218000226,113,47,66
218000230,1,6,-5
218000232,30,28,2
218000239,84,2,82
218000240,18,5,13
218000241,14,0,14
218000242,3,1,2
218000243,12,1,11
218000244,18,2,16
218000245,11,4,7
218000246,0,0,0
218000247,0,0,0
218000248,0,10,-10
218000249,0,8,-8
218000250,2,15,-13
218000251,4,33,-29
218000252,0,149,-149
218000253,0,145,-145
218000254,8,42,-34
218000255,0,35,-35
218000256,6,78,-72
218000267,191,641,-450
218000268,7,16,-9
218000269,6,7,-1
218000270,93,31,62
218000271,18,27,-9
218000273,14,2,12
218000274,14,1,13
218000275,23,25,-2
218000276,8,10,-2
218000278,22,19,3
218000279,76,24,52
218000280,6,14,-8
218000281,22,14,8
218000282,336,470,-134
218000284,58,7,51
218000301,81,97,-16
218000302,83,52,31
218000303,9,45,-36
218000316,527,507,20
218000317,1168,450,718
218000318,716,352,364
218000319,739,500,239
218000320,663,400,263
218000338,27,19,8
218000345,66,41,25
218000346,26,138,-112
218000459,34,100,-66
218000490,26,36,-10
218000501,83,26,57
218000502,49,34,15
218000503,82,17,65
218000504,128,27,101
218000505,38,71,-33
218000506,28,135,-107
218000508,16,1,15
218000510,118,11,107
218000520,57,68,-11
218000521,6,15,-9
218000522,0,101,-101
218000523,107,2,105
218000524,8,219,-211
218000525,70,17,53
218000526,18,134,-116
218000529,28,74,-46
218000530,18,1,17
218000531,3,9,-6
218000532,31,7,24
218000534,185,12,173
218000537,16,34,-18
218000538,91,220,-129
218000540,71,80,-9
218000543,113,36,77
218000544,11,66,-55
218000545,90,29,61
218000546,32,51,-19
218000547,94,93,1
218000548,121,75,46
218000549,358,334,24
218000550,125,193,-68
218000551,62,474,-412
218000552,197,39,158
218000553,38,102,-64
218000554,21,26,-5
218000555,42,37,5
218000556,141,120,21
218000557,290,94,196
218000558,71,0,71
218000559,0,30,-30
218000560,0,19,-19
218000561,9,1,8
218000562,23,117,-94
218000563,155,28,127
218000564,4,70,-66
218000565,82,61,21
218000566,90,24,66
218000567,1,70,-69
218000568,7,4,3
218000569,3,166,-163
218000570,32,8,24
218000571,2,106,-104
218000572,104,1,103
218000573,4,141,-137
218000574,33,17,16
218000575,78,0,78
218000576,1,52,-51
218000577,61,2,59
218000578,0,60,-60
218000579,7,10,-3
218000581,7,39,-32
218000582,40,3,37
218000583,7,0,7
218000584,0,12,-12
218000585,25,0,25
218000586,12,31,-19
218000587,2,4,-2
218000588,1,7,-6
218000589,0,10,-10
218000590,0,1,-1
218000591,2,2,0
218000592,2,4,-2
218000593,3,3,0
218000594,0,0,0
218000597,0,2,-2
218000598,0,0,0
218000599,0,0,0
218000600,1,1,0
218000601,0,1,-1
218000602,0,3,-3
218000603,0,3,-3
218000604,6,1,5
218000605,0,34,-34
218000606,56,5,51
218000607,11,28,-17
218000608,62,15,47
218000609,14,24,-10
218000610,36,3,33
218000611,13,1,12
218000612,0,10,-10
218000613,46,0,46
218000614,2,49,-47
218000615,117,2,115
218000616,1,115,-114
218000617,11,0,11
218000618,1,10,-9
218000619,24,10,14
218000620,11,5,6
218000621,0,2,-2
218000622,0,25,-25
218000623,8,0,8
218000624,3,11,-8
218000625,3,1,2
218000626,0,5,-5
218000628,125,29,96
218000631,33,8,25
218000632,2,105,-103
218000633,84,0,84
218000634,2,18,-16
218000635,7,8,-1
218000636,681,520,161
218000637,880,298,582
218000638,244,26,218
218000639,17,68,-51
218000640,339,27,312
218000641,63,126,-63
218000652,35,18,17
218000653,146,49,97
218000663,10,120,-110
218000675,29,32,-3
218000676,5,8,-3
218000677,20,2,18
218000680,158,153,5
218000681,343,111,232
218000691,187,106,81
218000693,294,91,203
218000703,5,12,-7
218000718,117,424,-307
218000719,159,328,-169
218000720,8,156,-148
218000721,53,14,39
218000725,7,3,4
218001147,2,46,-44
218001214,5,37,-32
218001258,105,2,103
218001329,73,70,3
218001330,96,51,45
218001351,20,6,14
218001352,7,20,-13
218001353,12,2,10
218001354,1,13,-12
218001355,12,66,-54
218001356,412,20,392
218001357,27,78,-51
218001358,307,13,294
218001361,319,1,318
218001362,2,55,-53
219000001,28,15,13
219000002,28,33,-5
219000003,47,25,22
219000004,33,29,4
219000017,55,27,28
219000020,144,22,122
219000022,117,5,112
219000023,83,1,82
219000029,0,36,-36
219000034,28,17,11
219000039,63,80,-17
219000040,58,36,22
219000041,100,20,80
219000051,0,19,-19
219000052,0,11,-11
219000053,1,54,-53
219000054,12,60,-48
219000055,192,0,192
219000056,8,1,7
219000057,57,0,57
219000062,15,27,-12
219000063,75,11,64
219000064,1,44,-43
219000110,344,67,277
219000111,59,40,19
219000112,160,38,122
219000113,141,49,92
219000114,105,34,71
219000116,71,29,42
219000117,134,36,98
219000118,92,37,55
219000123,117,42,75
219000124,32,38,-6
219000125,3,10,-7
219000126,41,90,-49
219000127,0,5,-5
219000128,9,59,-50
219000129,24,82,-58
219000130,172,384,-212
219000131,428,700,-272
219000133,34,50,-16
219000134,10,16,-6
219000135,20,59,-39
219000136,66,140,-74
219000138,62,14,48
219000139,44,25,19
219000140,59,1,58
219000141,24,40,-16
219000142,13,38,-25
219000143,9,31,-22
219000145,16,42,-26
219000146,5,14,-9
219000147,5,14,-9
219000148,0,12,-12
219000149,3,31,-28
219000150,2,24,-22
219000151,1,18,-17
219000157,160,93,67
219000158,89,112,-23
219000161,80,4,76
219000163,780,304,476
219000166,95,124,-29
219000167,100,97,3
219000168,240,68,172
219000174,385,96,289
219000175,104,4,100
219000176,101,6,95
219000177,47,2,45
219000178,42,1,41
219000179,15,13,2
219000180,29,36,-7
219000182,99,14,85
219000183,65,9,56
219000184,81,9,72
219000185,0,28,-28
219000186,88,8,80
219000187,19,35,-16
219000189,31,149,-118
219000190,73,175,-102
219000191,290,894,-604
219000192,162,97,65
219000193,116,107,9
219000195,0,31,-31
219000196,3,50,-47
219000198,9,53,-44
219000199,32,126,-94
219000200,29,105,-76
219000201,43,123,-80
219000203,30,80,-50
219000204,95,153,-58
219000205,56,159,-103
219000207,88,151,-63
219000209,33,40,-7
219000210,27,46,-19
219000213,6,86,-80
219000239,142,167,-25
219000240,165,272,-107
219000241,107,72,35
219000242,45,63,-18
219000243,51,145,-94
219000244,11,53,-42
219000245,15,12,3
219000246,22,24,-2
219000247,182,27,155
219000248,319,281,38
219000249,138,48,90
219000250,122,54,68
219000251,490,186,304
219000252,181,133,48
219000253,264,50,214
219000255,129,96,33
219000256,203,52,151
219000257,69,0,69
219000262,54,72,-18
219000263,29,68,-39
219000267,1,30,-29
219000268,2,6,-4
219000269,4,1,3
219000270,3,0,3
219000271,77,2,75
219000278,1,6,-5
219000279,0,2,-2
219000283,0,11,-11
219000295,10,53,-43
219000296,53,206,-153
219000297,18,52,-34
219000298,15,37,-22
219000299,330,36,294
219000300,24,97,-73
219000301,122,216,-94
219000302,32,151,-119
219000307,24,20,4
219000308,45,49,-4
219000311,145,58,87
219000312,439,128,311
219000313,311,43,268
219000314,40,182,-142
219000315,311,27,284
219000316,440,41,399
219000317,92,14,78
219000320,0,41,-41
219000321,0,18,-18
219000323,0,38,-38
219000325,3,5,-2
219000326,63,30,33
219000327,59,14,45
219000328,26,51,-25
219000329,229,94,135
219000330,36,21,15
219000331,36,35,1
219000332,137,45,92
219000333,28,1,27
219000335,48,2,46
219000337,18,0,18
219000338,27,2,25
219000344,12,41,-29
219000345,37,43,-6
219000346,27,69,-42
219000348,159,49,110
219000349,56,102,-46
219000350,106,223,-117
219000351,3,5,-2
219000352,303,54,249
219000353,88,41,47
219000354,193,50,143
219000355,164,35,129
219000356,466,1127,-661
219000363,95,65,30
219000364,58,38,20
219000365,115,16,99
219000366,131,287,-156
219000368,243,511,-268
219000370,623,561,62
219000371,6,27,-21
219000382,4,22,-18
219000383,276,887,-611
219000385,273,315,-42
219000386,455,961,-506
219000387,1,14,-13
219000390,2,1,1
219000391,2,0,2
219000397,42,34,8
219000398,50,55,-5
219000401,8,71,-63
219000402,20,56,-36
219000403,108,217,-109
219000404,11,72,-61
219000407,6,17,-11
219000409,31,42,-11
219000410,71,26,45
219000411,41,10,31
219000446,55,199,-144
219000447,0,23,-23
219000448,6,4,2
219000452,74,51,23
219000453,47,164,-117
219000454,122,193,-71
219000556,247,73,174
219000558,138,81,57
219000590,20,84,-64
219000591,123,58,65
219000592,74,177,-103
219000595,3,4,-1
219000635,169,14,155
219000636,29,26,3
219000657,7,27,-20
219000658,33,65,-32
219000673,0,12,-12
219000676,6,3,3
219000679,22,4,18
219000684,60,5,55
219000685,0,27,-27
219000686,0,3,-3
219000688,0,35,-35
219000689,18,116,-98
219000690,120,17,103
219000691,32,112,-80
219000692,133,21,112
219000693,1,7,-6
219000694,8,0,8
219000695,23,0,23
219000698,24,1,23
219000699,0,6,-6
219000727,1,45,-44
219000728,73,2,71
219000770,35,0,35
219000771,0,26,-26
219000788,248,155,93
219001150,1,24,-23
219001151,1,4,-3
219001166,16,39,-23
219001167,1,55,-54
219001178,16,0,16
220000001,38,49,-11
220000002,8,86,-78
220000003,223,132,91
220000004,333,199,134
220000005,576,1528,-952
220000006,123,548,-425
220000007,347,243,104
220000008,323,312,11
220000009,236,256,-20
220000010,106,65,41
220000011,282,1941,-1659
220000012,42,167,-125
220000014,99,31,68
220000015,29,225,-196
220000017,29,103,-74
220000018,2722,1176,1546
220000019,52,233,-181
220000020,297,127,170
220000021,584,138,446
220000022,706,221,485
220000023,255,108,147
220000024,984,264,720
220000025,663,1307,-644
220000026,198,389,-191
220000027,14,65,-51
220000028,29,42,-13
220000029,54,60,-6
220000030,41,42,-1
220000031,361,240,121
220000064,31,672,-641
221000046,4,0,4
221000047,0,6,-6
221000048,0,0,0
221000049,0,9,-9
221000050,14,0,14
221000055,27,36,-9
221000057,54,15,39
221000068,262,94,168
221000069,211,39,172
221000070,138,18,120
221000071,79,3,76
221000072,128,12,116
221000073,108,19,89
221000074,0,12,-12
221000075,9,8,1
221000076,6,11,-5
221000077,18,33,-15
221000081,11,4,7
221000082,61,4,57
221000083,11,1,10
221000084,4,4,0
221000085,8,30,-22
221000086,11,74,-63
221000087,4,87,-83
221000088,14,112,-98
221000089,28,199,-171
221000090,73,364,-291
221000098,99,13,86
221000099,125,4,121
221000100,84,4,80
221000101,159,16,143
221000102,119,11,108
221000109,0,104,-104
221000110,4,38,-34
221000111,18,138,-120
221000112,7,78,-71
221000113,12,74,-62
221000114,11,80,-69
221000120,24,31,-7
221000121,4,31,-27
221000122,24,34,-10
221000123,6,10,-4
221000124,29,74,-45
221000155,107,12,95
221000156,32,26,6
221000175,9,19,-10
221000176,0,3,-3
221000182,39,4,35
221000241,447,180,267
221000242,108,267,-159
221000243,459,154,305
221000244,256,311,-55
221000245,77,65,12
221000246,32,183,-151
221000247,86,73,13
221000248,115,77,38
221000267,46,337,-291
221000325,32,50,-18
221000331,15,34,-19
221000338,12,16,-4
221000378,189,44,145
221000381,30,32,-2
222000282,4,6,-2
222000296,0,10,-10
222000568,246,25,221
222000569,188,37,151
222000570,113,33,80
222000571,347,17,330
222000577,8,75,-67
222000578,29,125,-96
222000579,24,85,-61
222000580,50,345,-295
222000599,0,82,-82
222000600,1,175,-174
222000601,1,570,-569
222000603,10,35,-25
222000604,2,60,-58
222000605,25,36,-11
222000606,1,20,-19
222000607,4,9,-5
222000608,21,17,4
222000609,47,97,-50
222000616,422,30,392
222000617,3,19,-16
222000618,6,3,3
222000620,9,8,1
222000621,19,13,6
222000623,471,7,464
222000624,397,2,395
222000625,492,11,481
222000636,51,3,48
222000686,13,14,-1
222000687,50,30,20
222001066,191,0,191
222001067,18,0,18
222001068,60,7,53
222001069,69,31,38
222001082,40,18,22
222001083,23,17,6
222001084,0,45,-45
222001085,1,111,-110
222001111,57,67,-10
222001112,180,16,164
222001313,25,9,16
222001314,7,75,-68
222001464,143,31,112
222001465,15,51,-36
222001484,122,38,84
222001485,26,52,-26
222001494,465,120,345
222001495,101,109,-8
222001496,358,93,265
222001497,149,181,-32
222001502,20,60,-40
222001503,101,33,68
222001504,20,200,-180
222001505,322,13,309
222001506,41,281,-240
222001507,252,10,242
222001510,496,17,479
222001511,43,132,-89
222001514,530,153,377
222001515,143,279,-136
222001518,301,56,245
222001519,57,85,-28
222001527,173,38,135
222001528,43,101,-58
222001529,280,38,242
222001530,67,95,-28
222001533,145,150,-5
222001534,320,59,261
222001535,221,211,10
222001536,86,126,-40
222001537,286,45,241
222001538,58,231,-173
222001563,743,64,679
222001564,64,181,-117
222001568,150,148,2
222001576,0,6,-6
222001579,0,9,-9
222001583,25,48,-23
222001584,77,17,60
222001596,360,702,-342
222001597,1012,254,758
222001626,0,67,-67
222001650,27,99,-72
222001651,40,311,-271
222001914,156,53,103
222001915,36,105,-69
222001968,371,269,102
222001969,283,307,-24
222001970,118,143,-25
222001971,23,4,19
222001972,2,5,-3
225000001,321,161,160
225000002,538,156,382
225000003,612,59,553
225000004,330,120,210
225000005,73,32,41
225000006,1,86,-85
225000007,727,803,-76
225000010,213,20,193
225000011,203,708,-505
225000012,183,425,-242
225000013,56,57,-1
225000014,483,70,413
225000015,83,101,-18
225000021,529,94,435
225000027,145,264,-119
225000032,492,81,411
225000042,68,323,-255
225000049,36,33,3
225000050,81,13,68
225000053,3,183,-180
225000058,409,162,247
225000067,137,93,44
225000068,52,180,-128
225000069,59,256,-197
225000070,113,183,-70
225000071,21,97,-76
225000075,15,346,-331
225000076,22,98,-76
225000078,29,22,7
225000085,84,107,-23
225000086,212,42,170
225000087,111,13,98
225000088,8,101,-93
225000089,126,732,-606
225000090,42,277,-235
225000091,121,74,47
225000092,20,53,-33
225000093,159,154,5
225000094,7,106,-99
225000095,272,266,6
225000096,198,259,-61
225000098,642,211,431
225000099,281,109,172
225000100,311,92,219
225000104,100,243,-143
225000110,5,209,-204
225000111,129,527,-398
225000112,172,621,-449
225000113,134,328,-194
225000114,56,144,-88
225000115,772,394,378
225000116,533,142,391
225000117,497,203,294
225000118,786,132,654
225000119,215,70,145
225000120,592,26,566
225000121,184,11,173
225000123,385,10,375
225000125,402,105,297
225000126,500,108,392
225000127,391,1024,-633
225000128,301,667,-366
225000132,332,13,319
225000133,165,32,133
225000134,380,100,280
225000135,57,6,51
225000136,249,2,247
225000137,171,24,147
225000138,301,66,235
225000143,31,78,-47
225000144,3,170,-167
225000145,46,15,31
225000146,30,47,-17
225000147,20,115,-95
225000148,24,69,-45
225000149,54,184,-130
225000151,22,91,-69
225000155,284,186,98
225000156,123,543,-420
225000157,172,214,-42
225000158,41,136,-95
225000171,0,92,-92
225000180,14,2,12
225000181,0,34,-34
225000182,65,8,57
225000185,1,255,-254
225000187,25,236,-211
225000191,46,5,41
225000194,0,8,-8
225000208,0,31,-31
225000209,88,10,78
225000210,2,144,-142
225000217,0,8,-8
225000218,13,1,12
225000223,0,42,-42
225000224,29,1,28
225000225,0,14,-14
225000226,11,1,10
225000227,29,57,-28
225000228,9,5,4
225000229,0,41,-41
225000230,19,1,18
225000231,1,36,-35
225000232,89,0,89
225000241,46,1,45
225000242,3,35,-32
225000249,1,0,1
225000250,47,291,-244
225000251,260,32,228
225000256,0,0,0
225000257,0,0,0
226000042,152,211,-59
226000043,45,190,-145
226000044,67,234,-167
226000045,42,133,-91
226000046,360,54,306
226000047,347,68,279
226000048,326,55,271
226000049,198,148,50
226000070,0,15,-15
226000071,0,26,-26
226000072,0,15,-15
226000073,0,2,-2
226000074,0,5,-5
226000084,0,22,-22
226000085,1,5,-4
226000086,6,8,-2
226000087,2,10,-8
226000088,23,15,8
226000090,84,107,-23
226000091,10,35,-25
226000092,4,8,-4
226000093,14,4,10
226000094,16,3,13
226000095,20,7,13
226000105,6,0,6
226000106,6,0,6
226000107,4,0,4
226000108,25,0,25
226000109,61,0,61
226000124,104,52,52
226000134,679,328,351
226000135,1289,378,911
226000136,424,291,133
226000137,4,187,-183
226000138,12,91,-79
226000139,1,8,-7
226000156,196,6,190
226000157,151,8,143
226000163,88,64,24
226000202,10,140,-130
226000231,344,7,337
226000232,44,6,38
227000033,355,46,309
227000036,368,36,332
227000037,341,19,322
227000038,87,14,73
227000084,2,47,-45
227000085,0,36,-36
227000088,22,1,21
227000089,76,3,73
227000090,32,0,32
227000091,13,0,13
227000092,44,2,42
227000093,102,4,98
227000094,17,1,16
227000130,14,91,-77
227000131,9,101,-92
227000132,3,131,-128
227000133,11,103,-92
227000134,10,183,-173
227000152,0,3,-3
227000153,0,46,-46
227000154,0,32,-32
227000155,0,13,-13
227000156,0,7,-7
227000165,5,47,-42
227000196,303,113,190
227000199,344,208,136
227000230,15,197,-182
227000232,429,7,422
227000242,35,289,-254
227000243,391,66,325
227000245,17,227,-210
227000246,98,214,-116
227000247,377,63,314
227000248,127,45,82
227000249,21,104,-83
227000250,297,150,147
227000251,66,182,-116
227000252,23,134,-111
227000253,166,18,148
227000262,388,38,350
227000266,1047,21,1026
227000267,21,624,-603
227000282,8,77,-69
227000284,538,18,520
227000286,1,27,-26
227000287,14,44,-30
227000291,14,231,-217
227000484,140,10,130
227000485,19,493,-474
227000655,169,5,164
227000656,483,28,455
227000657,92,8,84
227000661,220,18,202
227000680,109,72,37
229000265,8,8,0
229000296,0,13,-13
229000297,1,7,-6
229000298,0,64,-64
229000320,6,2,4
229000321,24,3,21
229000412,22,54,-32
229000414,0,43,-43
229000415,14,2,12
229000416,0,4,-4
229000417,1,10,-9
229000419,65,186,-121
229000440,267,60,207
229000442,15,1,14
229000443,6,3,3
229000444,0,17,-17
229000445,53,3,50
229000446,71,4,67
229000491,1,10,-9
229000492,4,38,-34
229000493,1,17,-16
229000494,12,0,12
229000495,86,1,85
229000496,53,2,51
229000507,0,35,-35
229000508,1,10,-9
229000509,2,37,-35
229000510,0,23,-23
229000511,2,17,-15
229000512,0,8,-8
229000513,0,5,-5
229000514,0,2,-2
229000517,0,4,-4
229000518,15,5,10
229000519,1,5,-4
229000520,7,14,-7
229000521,34,6,28
229000522,1,5,-4
229000523,13,1,12
229000524,4,4,0
229000527,1,0,1
229000528,4,0,4
229000529,2,0,2
229000530,31,1,30
229000531,27,1,26
229000532,15,0,15
229000533,31,0,31
229000534,23,1,22
229000564,58,0,58
229000565,16,0,16
229000566,0,4,-4
229000567,0,9,-9
229000582,42,2,40
229000583,2,1,1
229000584,0,24,-24
229000585,1,29,-28
229000718,0,1,-1
229000719,0,0,0
229000720,0,5,-5
229000721,0,0,0
229000722,0,1,-1
229000723,0,1,-1
229000724,0,0,0
229000725,0,1,-1
229000738,2,0,2
229000739,0,0,0
229000740,1,0,1
229000741,16,0,16
229000742,9,0,9
229000743,5,0,5
229000744,2,0,2
229000745,5,0,5
229000746,10,1,9
229000847,55,0,55
229000848,21,0,21
229000849,83,0,83
229000851,20,0,20
229000854,1,13,-12
229000856,0,34,-34
229000857,0,11,-11
229000858,0,12,-12
229000919,11,39,-28
229000930,4,152,-148
229000937,72,10,62
229000966,36,14,22
229000981,14,21,-7
229000985,12,13,-1
229000986,1,5,-4
229000987,1,1,0
229000988,1,6,-5
229000989,14,2,12
229000990,0,1,-1
229000991,0,1,-1
229000992,24,1,23
229000993,97,10,87
229000998,7,22,-15
229000999,32,6,26
229001034,0,6,-6
229001035,3,2,1
229001037,36,3,33
229001042,7,2,5
229001047,2,34,-32
229001050,25,23,2
229001168,0,16,-16
229001200,21,2,19
229001338,2,9,-7
229001394,144,2,142
229001422,91,21,70
229001423,19,53,-34
229001431,40,26,14
229001432,30,37,-7
229001444,175,46,129
229001445,13,91,-78
229001479,27,1,26
229001503,157,54,103
229001504,81,52,29
229001505,92,12,80
229001506,45,53,-8
229001509,26,7,19
229001545,61,5,56
229001546,6,62,-56
229001553,57,9,48
229001554,32,42,-10
229001559,3,10,-7
229001560,1,16,-15
229001630,41,4,37
229001631,4,9,-5
229001635,0,7,-7
229001636,1,0,1
229001658,0,67,-67
229001659,53,0,53
229001660,13,6,7
229001661,3,13,-10
229001662,17,0,17
229001663,1,12,-11
229002584,107,114,-7
229002831,68,80,-12
229002841,3,10,-7
229002842,20,8,12
229002843,38,4,34
229002844,33,28,5
229002845,7,44,-37
229002846,12,19,-7
229002847,0,19,-19
229002848,10,13,-3
229002849,1,47,-46
229002850,7,0,7
229002851,16,67,-51
229002852,118,13,105
229002853,114,11,103
229002854,23,54,-31
229002855,11,17,-6
229002856,26,14,12
229002857,6,89,-83
229002858,9,13,-4
229002859,13,57,-44
229002860,72,12,60
229002861,60,14,46
229002862,19,14,5
229002863,39,5,34
229002864,23,16,7
229002865,9,8,1
229002866,7,11,-4
229002867,1,25,-24
229002868,2,18,-16
229002869,8,76,-68
229002870,53,16,37
235000066,230,49,181
235000067,88,71,17
235000072,18,61,-43
235000073,87,207,-120
235000074,24,28,-4
235000080,11,49,-38
235000081,94,56,38
235000082,101,19,82
235000083,210,40,170
235000084,34,38,-4
235000085,136,39,97
235000089,32,16,16
235000092,34,75,-41
235000093,7,0,7
235000097,3,14,-11
235000098,79,8,71
235000099,22,21,1
235000116,48,12,36
235000117,417,12,405
235000133,7,448,-441
235000134,14,153,-139
235000206,8,4,4
235000207,6,7,-1
235000208,0,4,-4
235000209,7,1,6
235000210,5,1,4
235000212,4,9,-5
235000213,1,2,-1
235000220,2,2,0
235000221,76,20,56
235000238,15,85,-70
235000239,1,23,-22
235000242,282,572,-290
235000245,335,126,209
235000246,14,62,-48
235000284,10,102,-92
235000295,53,10,43
235000305,195,14,181
235000306,206,6,200
235000307,18,1,17
235000308,23,0,23
235000309,43,1,42
235000310,29,0,29
235000311,50,7,43
235000322,0,26,-26
235000323,0,17,-17
235000324,0,23,-23
235000325,0,8,-8
235000326,2,65,-63
235000351,4,54,-50
235000352,11,18,-7
235000353,7,10,-3
235000354,8,37,-29
235000355,6,68,-62
235000356,44,9,35
235000357,21,4,17
235000358,28,11,17
235000359,15,8,7
235000360,27,11,16
235000361,35,12,23
235000381,105,64,41
235000382,138,25,113
235000390,12,3,9
235000391,154,8,146
235000392,212,235,-23
235000393,156,123,33
235000395,158,15,143
235000396,481,32,449
235000400,37,55,-18
235000401,13,109,-96
235000405,66,111,-45
235000406,33,129,-96
235000407,22,35,-13
235000409,96,63,33
235000410,23,156,-133
235000411,1,34,-33
235000485,0,8,-8
235000486,2,0,2
235000549,70,46,24
235000550,94,64,30
235000599,160,30,130
235000600,6,8,-2
235000601,12,13,-1
235000602,80,30,50
235000614,0,5,-5
235000648,1,20,-19
235000649,36,3,33
235000685,2,1,1
235000815,21,110,-89
235000834,0,13,-13
235000855,31,32,-1
235000862,22,49,-27
235000891,0,13,-13
235000892,9,1,8
235000901,52,29,23
235000907,6,11,-5
235001010,72,25,47
235001029,237,220,17
235001030,336,155,181
235001078,96,63,33
235001079,46,45,1
235001147,4,29,-25
235001166,9,38,-29
235001167,52,21,31
235001169,20,218,-198
235001188,1,5,-4
235001189,3,0,3
235001197,7,12,-5
235001200,49,49,0
235001207,116,36,80
235001210,14,74,-60
235001215,4,75,-71
235001239,2,10,-8
235001244,0,2,-2
235016267,0,25,-25
277101746,0,2,-2
277102712,0,0,0
277103813,0,0,0
277103898,0,1,-1
277104249,0,1,-1
277104250,0,4,-4
277104251,0,6,-6
277104252,0,1,-1
990011530,0,168,-168
990014944,0,223,-223
990015176,26,1,25
990015618,0,80,-80
990016032,0,182,-182
990032570,4,10,-6
990070001,48,1,47
990070103,0,1,-1
990070601,0,29,-29
990070751,970,2,968
990070766,0,176,-176
990071180,408,115,293
990071343,9,1,8
990071387,0,6,-6
990071823,342,7,335
990072600,3,941,-938
990072964,7,247,-240
990073285,0,1,-1
990074393,0,399,-399
990074870,1284,6,1278
990075106,695,4,691
990075746,410,9,401
990076437,1540,3,1537
990076458,6,271,-265
997000007,279,18,261
997000041,1,137,-136
997000058,48,0,48
997000062,18,2,16
997000069,0,5,-5
997000070,0,16,-16
997000100,37,0,37
997000141,0,308,-308
997000198,39,603,-564
998000475,0,2,-2
998000736,0,70,-70
998000965,0,12,-12
998001031,0,64,-64
998001700,0,0,0
998001899,0,0,0
998001900,3,0,3
998003073,595,0,595
998101900,0,0,0
998102850,2,193,-191
998501927,402,688,-286
998501929,138,43,95
998501930,41,0,41
998501931,78,4,74
998501932,4,0,4
998501933,80,40,40
998501937,6,1,5
998501944,8,0,8
998501950,0,103,-103
998501970,43,4,39
998501971,0,64,-64
998501973,0,15,-15
998501974,0,127,-127
998501975,102,0,102
998501976,182,0,182
998501977,0,17,-17
998501978,7,1,6
998501979,0,9,-9
998501980,68,2,66
998501981,29,0,29
998501982,0,97,-97
998501983,0,40,-40
998502006,0,0,0
998502024,0,1,-1
998502032,0,3,-3
998502062,6,0,6
998502063,0,0,0
998502173,5,0,5
998502269,0,4,-4
998502546,0,105,-105
998502578,3,0,3
998502599,29,182,-153
998601159,0,44,-44
998601292,0,5,-5
999033574,0,167,-167
999800001,64,22,42
999800002,0,3,-3
999800003,5,0,5
999800004,0,1,-1
999800005,0,2,-2
