ID,insum,outsum,diff
100000001,557,431,126
100000002,1808,414,1394
100000003,5349,1602,3747
100000004,1375,569,806
100000005,1360,1713,-353
100000006,365,70,295
100000007,1042,310,732
100000008,128,433,-305
100000009,206,114,92
100000010,15,25,-10
100000011,463,58,405
100000012,58,556,-498
100000013,39,166,-127
100000014,217,291,-74
100000015,1124,927,197
100000016,838,942,-104
100000017,525,804,-279
100000018,1163,454,709
100000019,4695,1373,3322
100000020,1470,2517,-1047
100000021,5541,1543,3998
100000022,1622,634,988
100000023,5046,623,4423
100000025,1865,297,1568
100000028,1510,552,958
100000029,275,199,76
100000030,499,31,468
100000031,3540,3184,356
100000032,2099,1980,119
100000033,606,1309,-703
100000034,597,208,389
100000035,1568,527,1041
100000036,2526,768,1758
100000037,336,306,30
100000038,837,602,235
100000039,465,122,343
100000040,177,68,109
100000041,524,250,274
100000042,454,218,236
100000043,594,228,366
100000044,332,643,-311
100000045,487,1153,-666
100000046,647,1119,-472
100000047,308,713,-405
100000048,513,525,-12
100000049,1357,2245,-888
100000051,401,985,-584
100000053,21,4,17
100000054,116,17,99
100000055,286,223,63
100000056,152,476,-324
100000057,1058,612,446
100000058,753,1165,-412
100000059,2,71,-69
100000060,193,231,-38
100000061,1118,398,720
100000062,910,361,549
100000063,275,212,63
100000064,599,259,340
100000065,349,937,-588
100000066,117,830,-713
100000067,197,781,-584
100000068,393,1467,-1074
100000069,212,1614,-1402
100000072,393,754,-361
100000073,929,1002,-73
100000075,480,279,201
100000076,1808,1149,659
100000077,542,143,399
100000078,53,17,36
100000079,32,23,9
100000080,6,12,-6
100000081,67,28,39
100000102,2163,939,1224
100000103,1925,307,1618
100000104,3820,665,3155
100000105,2993,520,2473
100000106,1858,1086,772
100000107,430,256,174
100000108,600,631,-31
100000109,2627,779,1848
100000116,1158,283,875
100000117,24,12,12
100000118,774,648,126
100000119,516,511,5
100000121,153,557,-404
100000122,625,362,263
100000123,2748,2861,-113
100000124,5177,3811,1366
100000125,2260,442,1818
100000126,529,152,377
100000127,1458,260,1198
100000128,562,460,102
100000129,387,281,106
100000130,204,463,-259
100000131,2814,1965,849
100000132,1361,1156,205
100000133,6499,2094,4405
100000135,285,405,-120
100000139,133,289,-156
100000140,73,108,-35
100000142,258,485,-227
100000143,1518,750,768
100000144,3642,908,2734
100000147,766,1587,-821
100000150,14,386,-372
100000151,466,435,31
100000153,193,176,17
100000154,60,42,18
100000155,6,16,-10
100000156,32,37,-5
100000157,35,331,-296
100000158,30,100,-70
100000159,393,333,60
100000165,843,515,328
100000169,638,405,233
100000174,1561,364,1197
100000179,60,505,-445
100000180,1557,770,787
100000181,63,234,-171
100000188,91,291,-200
100000189,580,262,318
100000190,369,287,82
100000191,351,283,68
100000192,80,76,4
100000193,84,97,-13
100000330,1698,381,1317
100000355,185,397,-212
100000362,2818,2210,608
100000363,1642,2447,-805
100000364,269,117,152
100000365,2407,5430,-3023
100000366,2606,1412,1194
100000367,1876,2861,-985
100000368,1811,1426,385
100000369,790,823,-33
100000370,65,243,-178
100000376,81,79,2
100000379,2277,677,1600
100000380,2945,1101,1844
100000384,4563,1896,2667
100000385,5278,2215,3063
100000386,6738,2098,4640
100000387,6161,2375,3786
100000388,8128,2631,5497
100000389,7860,2487,5373
100000390,8105,1965,6140
100000391,5151,2524,2627
100000392,2818,831,1987
100000393,972,951,21
100000394,5514,2062,3452
100000395,2656,807,1849
100000396,4029,1119,2910
100000397,2284,1349,935
100000398,8288,5522,2766
100000413,21,6,15
100000414,716,345,371
100900002,4,61,-57
100900003,254,56,198
100900004,17,571,-554
100900005,76,4,72
100900006,4,185,-181
100900007,313,5,308
100900008,2,394,-392
100900009,10,26,-16
100900010,36,104,-68
100900011,26,274,-248
100900012,0,264,-264
100900013,333,6,327
100900014,0,7,-7
100900015,116,63,53
100900016,0,40,-40
100900017,332,46,286
100900018,0,14,-14
100900019,3,47,-44
100900020,185,0,185
100900021,155,2,153
100900022,5,7,-2
100900023,0,22,-22
100900024,721,0,721
100900025,5,4,1
100900026,20,109,-89
100900027,357,1080,-723
100900028,65,104,-39
100900029,99,6,93
100900030,4,9,-5
100900031,227,50,177
100900032,98,1,97
100900033,136,50,86
100900034,211,0,211
100900035,512,0,512
100900036,10,1,9
100900037,25,208,-183
100900038,63,21,42
100900039,238,590,-352
100900040,95,775,-680
100900041,123,908,-785
100900042,343,158,185
100900043,1,8,-7
100900044,2135,259,1876
100900045,40,0,40
100900046,483,6,477
100900047,677,57,620
100900048,108,9,99
100900049,44,222,-178
100900050,0,15,-15
100900051,40,40,0
100900052,67,14,53
100900053,123,9,114
100900054,3,106,-103
100900055,89,222,-133
100900056,111,216,-105
100900057,239,386,-147
100900058,91,15,76
100900059,22,0,22
100900060,40,7,33
100900061,282,125,157
100900062,3,61,-58
100900063,68,227,-159
100900064,286,10,276
100900065,35,43,-8
100900066,29,38,-9
100900067,3,9,-6
100900068,120,88,32
100900069,310,2,308
100900070,78,2,76
100900071,533,141,392
100900072,0,75,-75
100900073,40,467,-427
100900074,0,0,0
100900075,2045,155,1890
100900076,13,30,-17
100900077,2,119,-117
100900078,46,181,-135
100900079,5,32,-27
100900080,5,123,-118
100900081,18,53,-35
100900082,64,721,-657
100900083,5,34,-29
100900085,12,38,-26
100900086,94,337,-243
100900088,25,661,-636
100900089,7,33,-26
100900090,62,199,-137
100900091,0,19,-19
100900092,126,79,47
100900093,65,168,-103
100900094,39,575,-536
100900095,1,41,-40
100900096,11,36,-25
100900097,0,2,-2
100900098,10,41,-31
100900099,18,371,-353
100900100,5,159,-154
100900101,288,14,274
100900102,37,14,23
100900103,1,18,-17
100900104,12,99,-87
100900105,6,61,-55
100900106,28,1,27
100900107,1283,281,1002
100900108,1,8,-7
100900109,3,26,-23
100900110,1,35,-34
100900111,55,93,-38
100900112,0,3,-3
100900113,1,24,-23
100900114,1,20,-19
100900115,0,13,-13
100900116,489,304,185
100900117,127,365,-238
100900118,11,72,-61
100900119,2,25,-23
100900120,0,28,-28
100900121,134,255,-121
100900122,115,94,21
100900123,69,69,0
100900124,3,5,-2
100900125,12,52,-40
100900126,74,118,-44
100900127,0,4,-4
100900128,43,80,-37
100900129,1,67,-66
100900131,33,111,-78
100900133,18,44,-26
100900134,2,1,1
100900135,0,80,-80
100900137,184,171,13
100900138,277,212,65
100900139,1,7,-6
100900140,1,639,-638
100900141,0,228,-228
100900142,1,2,-1
100900143,676,191,485
100900144,14,6,8
100900145,27,87,-60
100900146,13,8,5
100900147,4,125,-121
100900148,36,892,-856
100900149,18,74,-56
100900150,6,17,-11
100900151,68,447,-379
100900152,65,1,64
100900153,2,107,-105
100900154,3,12,-9
100900155,11,5,6
100900156,12,1,11
100900157,1,78,-77
100900159,0,11,-11
100900160,6,9,-3
100900161,109,4,105
100900162,3,125,-122
100900163,118,159,-41
100900164,28,15,13
100900165,19,30,-11
100900166,19,1,18
100900167,11,55,-44
100900168,12,87,-75
100900169,142,831,-689
100900170,14,8,6
100900171,5,667,-662
100900172,0,5,-5
100900173,2,485,-483
100900174,227,84,143
100900176,830,64,766
100900177,680,106,574
100900178,293,97,196
100900179,57,23,34
100900180,1,3,-2
100900181,48,8,40
100900182,4,12,-8
100900184,0,116,-116
100900186,897,400,497
100900187,17,129,-112
100900188,15,4,11
100900189,457,98,359
100900191,856,540,316
100900192,194,161,33
100900195,54,95,-41
100900197,21,120,-99
100900198,17,185,-168
100900199,14,12,2
100900200,442,279,163
100900201,41,638,-597
100900202,2,0,2
100900203,0,31,-31
100900204,238,110,128
100900205,80,201,-121
100900206,37,20,17
100900207,101,59,42
100900210,52,552,-500
100900211,177,56,121
100900213,21,8,13
100900214,688,54,634
100900215,4,18,-14
100900217,73,35,38
101000001,3607,2171,1436
101000002,3458,2712,746
101000003,644,1383,-739
101000004,1181,2525,-1344
101000005,2902,3285,-383
101000006,1694,4141,-2447
101000007,1045,1175,-130
101000008,9113,3701,5412
101000009,1131,1737,-606
101000010,574,1193,-619
101000011,1610,471,1139
101000012,1793,339,1454
101000013,377,573,-196
101000014,451,460,-9
101000015,656,605,51
101000016,309,250,59
101000017,497,384,113
101000018,4576,1845,2731
101000020,4506,1335,3171
101000021,947,166,781
101000022,218,35,183
101000023,1360,586,774
101000025,18,68,-50
101000026,375,19,356
101000027,1062,727,335
101000028,885,167,718
101000029,25,477,-452
101000030,580,31,549
101000031,405,75,330
101000032,4684,1442,3242
101000033,1933,1310,623
101000034,2260,731,1529
101000035,1193,288,905
101000036,1499,310,1189
101000037,4328,766,3562
101000039,3323,796,2527
101000040,3988,2404,1584
101000041,11979,2271,9708
101000042,618,404,214
101000043,6794,1428,5366
101000045,1562,220,1342
101000046,1602,452,1150
101000047,733,614,119
101000048,522,642,-120
101000049,770,757,13
101000050,1618,405,1213
101000051,2144,757,1387
101000052,1396,354,1042
101000053,745,1029,-284
101000054,1123,993,130
101000055,1248,641,607
101000056,45,52,-7
101000057,2684,420,2264
101000058,1793,529,1264
101000059,2983,1249,1734
101000060,1710,221,1489
101000061,893,708,185
101000062,1054,275,779
101000063,461,343,118
101000064,1214,281,933
101000065,206,237,-31
101000066,249,185,64
101000067,673,247,426
101000068,346,172,174
101000069,211,29,182
101000070,1235,572,663
101000071,1550,527,1023
101000072,683,2459,-1776
101000073,454,344,110
101000074,3064,2090,974
101000075,5181,3479,1702
101000077,760,1096,-336
101000078,509,899,-390
101000079,334,649,-315
101000080,372,390,-18
101000081,887,981,-94
101000082,2786,2038,748
101000083,1363,1192,171
101000084,1204,1084,120
101000085,1498,732,766
101000086,1103,970,133
101000087,756,1026,-270
101000088,739,701,38
101000089,628,1103,-475
101000090,1983,1296,687
101000091,273,1722,-1449
101000092,636,812,-176
101000093,1190,568,622
101000094,349,887,-538
101000095,207,563,-356
101000096,168,525,-357
101000097,279,262,17
101000098,323,365,-42
101000099,814,877,-63
101000100,797,386,411
101000101,256,278,-22
101000102,833,203,630
101000103,666,323,343
101000104,223,241,-18
101000105,839,161,678
101000106,620,401,219
101000107,140,260,-120
101000108,1141,249,892
101000109,92,65,27
101000110,16,551,-535
101000111,79,183,-104
101000113,210,500,-290
101000114,5017,1412,3605
101000115,56,118,-62
101000116,109,130,-21
101000117,252,236,16
101000119,132,34,98
101000120,174,6,168
101000121,64,12,52
101000122,58,19,39
101000123,15,29,-14
101000124,152,317,-165
101000125,88,333,-245
101000128,733,350,383
101000130,435,493,-58
101000131,352,689,-337
101000132,385,1739,-1354
101000135,35,10,25
101000136,133,91,42
101000137,27,133,-106
101000141,1822,1190,632
101000147,811,589,222
101000148,2224,17,2207
101000149,104,44,60
101000150,31,967,-936
101000151,61,59,2
101000152,296,235,61
101000153,431,271,160
101000154,86,1516,-1430
101000155,120,101,19
101000156,17,209,-192
101000157,44,21,23
101000160,28,59,-31
101000163,87,87,0
101000164,448,288,160
101000165,170,282,-112
101000166,216,286,-70
101000168,487,256,231
101000252,919,547,372
101000254,362,20,342
101000258,37,9,28
101000261,47,171,-124
101000262,632,724,-92
101000263,158,419,-261
101000265,26,508,-482
101000266,315,133,182
101000269,80,4,76
101000290,1450,1801,-351
101000293,12,69,-57
101000294,414,435,-21
101000295,156,379,-223
101000301,743,156,587
101000304,1352,1990,-638
101000305,1961,1292,669
101000328,100,314,-214
101900001,48,77,-29
101900002,0,10,-10
101900003,107,89,18
101900004,8,31,-23
101900005,4264,746,3518
101900006,670,122,548
101900007,335,15,320
101900008,74,186,-112
101900009,21,315,-294
101900010,846,357,489
101900011,107,893,-786
101900012,84,194,-110
101900013,995,58,937
101900017,12,77,-65
101900018,1273,119,1154
101900019,241,81,160
101900020,139,49,90
101900021,0,39,-39
101900022,55,1272,-1217
101900023,58,238,-180
101900026,90,31,59
101900027,5,74,-69
102000001,1101,1652,-551
102000002,587,311,276
102000003,3001,3376,-375
102000004,5005,1473,3532
102000005,1268,1634,-366
102000006,4571,1517,3054
102000007,1241,2664,-1423
102000008,3130,1314,1816
102000009,3930,4863,-933
102000010,4283,2094,2189
102000011,2724,2627,97
102000012,7309,4598,2711
102000018,2068,1499,569
102000019,2560,1056,1504
102000026,151,475,-324
102000029,295,167,128
102000030,64,207,-143
102000031,16,200,-184
102000032,174,317,-143
102000033,119,323,-204
102000034,378,281,97
102000035,769,466,303
102000036,2,189,-187
102000038,31,17,14
102000039,104,46,58
102000040,352,86,266
102000041,80,142,-62
102000042,89,53,36
102000043,269,155,114
102000044,344,409,-65
102000045,582,850,-268
102000046,634,471,163
102000047,455,887,-432
102000048,83,383,-300
102000049,642,478,164
102000050,739,790,-51
102000051,274,393,-119
102000052,794,671,123
102000053,504,548,-44
102000054,244,720,-476
102000055,600,1064,-464
102000056,453,1360,-907
102000057,836,450,386
102000058,849,1954,-1105
102000059,842,1114,-272
102000060,844,769,75
102000061,974,2250,-1276
102000062,663,1098,-435
102000063,814,1309,-495
102000064,449,551,-102
102000065,23,81,-58
102000066,736,962,-226
102000067,1401,1701,-300
102000068,9144,2560,6584
102000069,31,1909,-1878
102000070,1948,55,1893
102000071,6312,8027,-1715
102000072,2439,4482,-2043
102000073,670,1008,-338
102000074,411,624,-213
102000075,157,299,-142
102000076,187,464,-277
102000077,240,1354,-1114
102000078,378,631,-253
102000079,47,266,-219
102000080,27,46,-19
102000081,219,734,-515
102000082,731,555,176
102000083,192,689,-497
102000084,102,369,-267
102000085,1352,1182,170
102000086,791,915,-124
102000087,487,2217,-1730
102000088,166,284,-118
102000089,685,403,282
102000090,346,891,-545
102000091,1220,411,809
102000092,348,603,-255
102000093,639,519,120
102000094,926,496,430
102000095,600,653,-53
102000096,769,560,209
102000097,785,718,67
102000098,510,686,-176
102000099,616,372,244
102000100,852,675,177
102000101,1097,257,840
102000102,251,1591,-1340
102000103,927,262,665
102000104,876,302,574
102000105,143,750,-607
102000106,485,817,-332
102000107,323,387,-64
102000108,329,209,120
102000109,403,557,-154
102000110,235,612,-377
102000111,320,1209,-889
102000112,144,52,92
102000113,5,20,-15
102000114,871,586,285
102000115,161,144,17
102000116,279,191,88
102000117,141,379,-238
102000118,1427,756,671
102000119,2494,368,2126
102000120,135,321,-186
102000121,533,638,-105
102000122,318,503,-185
102000123,1116,712,404
102000124,627,601,26
102000125,766,638,128
102000126,444,501,-57
102000127,675,632,43
102000128,388,718,-330
102000129,716,833,-117
102000130,288,551,-263
102000131,758,510,248
102000132,471,554,-83
102000133,830,2026,-1196
102000134,328,578,-250
102000135,1018,500,518
102000136,880,284,596
102000137,789,636,153
102000138,218,335,-117
102000139,63,291,-228
102000140,246,204,42
102000141,119,438,-319
102000142,99,344,-245
102000143,58,473,-415
102000144,100,375,-275
102000145,205,394,-189
102000146,197,281,-84
102000147,224,219,5
102000148,141,175,-34
102000149,86,490,-404
102000150,133,181,-48
102000151,95,306,-211
102000152,80,138,-58
102000153,561,205,356
102000154,373,501,-128
102000155,52,171,-119
102000156,390,33,357
102000157,91,84,7
102000158,279,157,122
102000159,1318,185,1133
102000161,4166,1046,3120
102000162,398,147,251
102000163,66,271,-205
102000164,1040,536,504
102000165,229,81,148
102000166,64,116,-52
102000167,150,134,16
102000168,151,102,49
102000169,49,314,-265
102000170,449,88,361
102000171,125,74,51
102000172,59,194,-135
102000173,206,151,55
102000174,41,33,8
102000175,90,121,-31
102000176,15,38,-23
102000178,157,484,-327
102000179,148,169,-21
102000180,380,474,-94
102000181,225,669,-444
102000182,298,625,-327
102000183,837,1889,-1052
102000184,343,282,61
102000185,1321,1648,-327
102000186,716,1294,-578
102000187,468,1738,-1270
102000188,461,1317,-856
102000189,2880,1572,1308
102000190,474,1635,-1161
102000191,1084,438,646
102000192,578,749,-171
102000193,14,191,-177
102000194,30,145,-115
102000195,252,537,-285
102000196,76,561,-485
102000197,279,546,-267
102000198,108,1030,-922
102000199,341,326,15
102000200,171,1274,-1103
102000201,316,448,-132
102000202,1,154,-153
102000203,134,259,-125
102000204,220,986,-766
102000205,427,592,-165
102000206,470,566,-96
102000207,617,339,278
102000208,235,473,-238
102000209,36,38,-2
102000210,241,561,-320
102000211,117,393,-276
102000212,73,28,45
102000213,2,323,-321
102000214,76,23,53
102000215,2,583,-581
102000216,39,25,14
102000217,5,161,-156
102000218,84,60,24
102000219,256,360,-104
102000225,713,632,81
102000226,3009,392,2617
102000227,91,2,89
102000228,0,77,-77
102000229,21,13,8
102000230,209,608,-399
102000231,481,457,24
102000232,11,139,-128
102000233,661,726,-65
102000234,58,1046,-988
102000236,290,114,176
102000237,446,141,305
102000238,223,327,-104
102000240,498,469,29
102000241,130,90,40
102000243,12,86,-74
102000245,12,95,-83
102000246,9,18,-9
102000247,1277,797,480
102000248,724,896,-172
102000249,235,411,-176
102000250,48,405,-357
102000254,56,390,-334
102000266,64,121,-57
102000271,18,0,18
102000286,339,280,59
102000297,1363,836,527
102000303,0,0,0
102000305,0,0,0
102000307,0,0,0
102900001,856,828,28
102900002,174,19,155
102900003,20,257,-237
102900005,139,323,-184
102900006,287,237,50
102900007,238,14,224
102900008,133,96,37
102900009,352,132,220
102900010,409,492,-83
102900011,1699,247,1452
102900012,236,38,198
102900013,16,117,-101
102900015,707,198,509
102900016,21,136,-115
102900017,57,564,-507
102900018,19,170,-151
102900019,173,364,-191
102900020,32,36,-4
102900021,5,86,-81
102900022,315,43,272
102900023,25,35,-10
102900024,23,8,15
102900025,232,66,166
102900026,444,858,-414
102900027,9,29,-20
102900028,59,353,-294
102900029,112,70,42
102900030,206,136,70
102900031,78,129,-51
102900032,26,80,-54
102900033,55,222,-167
102900034,169,128,41
102900035,26,408,-382
102900036,122,580,-458
102900037,82,704,-622
102900038,313,495,-182
102900039,8,283,-275
102900040,61,165,-104
102900041,29,128,-99
102900042,94,341,-247
102900043,51,232,-181
102900044,370,1693,-1323
102900045,41,478,-437
102900046,64,276,-212
102900047,50,648,-598
102900048,402,684,-282
102900049,47,263,-216
102900050,137,320,-183
102900051,142,151,-9
102900053,218,708,-490
102900054,810,549,261
102900055,42,85,-43
102900056,143,409,-266
102900057,3,31,-28
102900058,288,30,258
102900059,12,43,-31
102900060,59,394,-335
102900061,68,425,-357
102900062,43,1319,-1276
102900063,406,365,41
102900064,72,304,-232
102900065,1630,602,1028
102900066,187,44,143
102900068,77,70,7
102900070,73,571,-498
102900072,11,24,-13
102900073,76,6,70
102900075,42,31,11
102900076,249,45,204
102900077,25,25,0
102900078,35,40,-5
102900079,124,5,119
102900080,195,16,179
102900081,73,199,-126
102900082,2,213,-211
102900083,294,5,289
102900084,1,18,-17
102900085,126,43,83
102900086,2,13,-11
102900087,34,65,-31
102900088,11,20,-9
102900089,201,73,128
102900090,0,331,-331
102900091,71,1,70
102900092,90,817,-727
102900094,1,23,-22
102900095,47,1,46
102900096,36,12,24
102900097,4,109,-105
103000001,1810,2215,-405
103000002,1721,1756,-35
103000003,2488,2079,409
103000004,784,499,285
103000005,1584,1916,-332
103000006,430,1061,-631
103000007,434,711,-277
103000008,583,649,-66
103000009,529,623,-94
103000010,158,157,1
103000011,1415,844,571
103000012,772,1046,-274
103000013,5229,1653,3576
103000014,1072,1325,-253
103000015,2011,749,1262
103000016,516,715,-199
103000017,104,267,-163
103000018,792,268,524
103000019,127,120,7
103000020,1499,1049,450
103000021,1130,1246,-116
103000022,898,931,-33
103000023,374,1008,-634
103000024,117,177,-60
103000025,49,286,-237
103000026,1616,141,1475
103000027,220,344,-124
103000028,660,359,301
103000029,350,136,214
103000030,1577,476,1101
103000031,1318,1188,130
103000032,1732,1571,161
103000033,1950,1871,79
103000034,1117,638,479
103000035,323,782,-459
103000036,395,324,71
103000037,437,343,94
103000038,361,598,-237
103000039,192,445,-253
103000040,195,1047,-852
103000041,1202,2785,-1583
103000042,554,661,-107
103000043,280,1101,-821
103000044,113,248,-135
103000046,201,335,-134
103000047,395,590,-195
103000048,98,132,-34
103000049,67,164,-97
103000050,597,629,-32
103000051,265,423,-158
103000052,548,324,224
103000053,95,381,-286
103000054,1394,1010,384
103000055,1132,1401,-269
103000056,443,2470,-2027
103000057,367,235,132
103000058,219,895,-676
103000059,169,606,-437
103000060,566,759,-193
103000061,322,619,-297
103000062,784,771,13
103000063,422,466,-44
103000064,81,289,-208
103000065,0,345,-345
103000066,95,4,91
103000069,163,297,-134
103000070,527,1076,-549
103000071,514,281,233
103000072,70,901,-831
103000073,324,93,231
103000074,311,50,261
103000075,79,744,-665
103000076,143,137,6
103000077,19,299,-280
103000078,1163,332,831
103000079,1307,371,936
103000080,1217,145,1072
103000081,446,543,-97
103000082,304,137,167
103000083,54,298,-244
103000084,114,6,108
103000085,1,92,-91
103000086,631,262,369
103000087,98,236,-138
103000088,348,179,169
103000089,199,293,-94
103000090,1355,903,452
103000091,474,299,175
103000092,166,222,-56
103000093,283,489,-206
103000094,197,111,86
103000095,23,346,-323
103000096,748,73,675
103000097,35,569,-534
103000098,881,81,800
103000099,279,482,-203
103000100,51,834,-783
103000101,384,94,290
103000102,75,632,-557
103000103,328,139,189
103000104,37,144,-107
103000105,80,124,-44
103000106,7,93,-86
103000107,196,49,147
103000108,814,538,276
103000109,378,336,42
103000110,369,370,-1
103000111,393,216,177
103000112,184,188,-4
103000113,522,442,80
103000114,1017,245,772
103000115,380,495,-115
103000116,268,463,-195
103000117,229,457,-228
103000118,1182,949,233
103000119,1700,647,1053
103000120,45,78,-33
103000121,194,521,-327
103000122,228,202,26
103000125,3,565,-562
103000126,245,5,240
103000127,1,281,-280
103000128,78,1,77
103000129,1,151,-150
103000130,35,20,15
103000131,232,76,156
103000132,35,132,-97
103000133,4,146,-142
103000134,589,409,180
103000135,720,190,530
103000136,577,294,283
103000137,459,447,12
103000138,691,543,148
103000139,6,58,-52
103000140,129,27,102
103000141,24,85,-61
103000142,103,68,35
103000143,55,157,-102
103000144,152,48,104
103000145,32,25,7
103000150,60,54,6
103000152,289,138,151
103000153,152,115,37
103000156,0,511,-511
103000157,201,1,200
103000159,40,22,18
103000162,78,5,73
103000163,2,16,-14
103000164,16,13,3
103000165,126,447,-321
103000166,109,117,-8
103000167,134,136,-2
103000168,37,113,-76
103000169,112,235,-123
103000170,342,375,-33
103000171,33,47,-14
103000172,192,305,-113
103000173,255,801,-546
103000174,112,320,-208
103000175,112,509,-397
103000176,589,221,368
103000177,632,416,216
103000178,363,239,124
103000179,103,22,81
103000183,37,27,10
103000185,33,87,-54
103000186,49,100,-51
103000187,177,673,-496
103000188,6,74,-68
103000189,916,921,-5
103000191,376,504,-128
103000292,2164,945,1219
103000293,1141,959,182
103000295,78,69,9
103000296,414,1,413
103000297,19,4,15
103000504,213,13,200
103000505,7,5,2
103000506,1,156,-155
103000507,88,2,86
103000508,29,14,15
103000509,820,731,89
103900001,0,321,-321
103900002,1606,129,1477
103900003,935,13,922
103900004,33,0,33
103900005,2,250,-248
103900006,0,0,0
103900007,10,0,10
103900008,4,1,3
103900010,97,234,-137
103900012,3,15,-12
103900014,11,14,-3
103900015,18,14,4
103900017,13,85,-72
103900018,567,119,448
103900019,21,138,-117
103900020,162,234,-72
103900021,667,37,630
103900022,685,555,130
103900023,43,1,42
103900024,74,484,-410
103900025,6,31,-25
103900026,18,0,18
103900027,359,258,101
103900028,89,230,-141
103900029,660,103,557
103900030,173,20,153
103900031,27,10,17
103900032,30,34,-4
103900033,43,3,40
103900034,17,195,-178
103900035,38,71,-33
103900036,26,11,15
103900037,39,24,15
103900038,62,81,-19
103900039,14,521,-507
103900040,4,165,-161
103900041,39,15,24
103900042,25,501,-476
103900043,64,88,-24
103900044,163,116,47
103900045,124,182,-58
103900047,38,36,2
103900048,40,11,29
103900049,193,1171,-978
103900050,0,67,-67
103900051,0,44,-44
103900052,68,666,-598
103900053,64,890,-826
103900054,22,584,-562
103900055,232,206,26
103900056,25,41,-16
103900057,12,251,-239
103900058,69,687,-618
103900059,0,1,-1
103900060,18,187,-169
103900061,59,35,24
103900062,101,44,57
103900063,2,0,2
103900064,29,1,28
103900065,802,139,663
103900066,40,5,35
103900067,54,4,50
103900068,1,0,1
103900069,19,4,15
103900070,98,258,-160
103900071,10,173,-163
103900072,8,329,-321
103900073,13,7,6
103900074,32,80,-48
103900075,85,74,11
103900076,230,786,-556
103900077,51,33,18
103900078,95,77,18
103900079,100,184,-84
103900080,9,15,-6
103900081,130,12,118
103900082,4,105,-101
103900083,1615,336,1279
103900084,40,119,-79
103900085,70,92,-22
103900086,210,230,-20
103900088,413,172,241
103900089,71,176,-105
103900090,0,196,-196
103900091,669,200,469
103900092,293,467,-174
103900093,31,280,-249
103900094,7,128,-121
103900095,174,127,47
103900096,11,221,-210
103900097,5,431,-426
103900098,96,72,24
103900099,20,204,-184
103900100,123,363,-240
103900101,34,919,-885
103900102,1,26,-25
103900104,0,34,-34
103900105,63,152,-89
103900106,0,29,-29
103900107,45,234,-189
103900108,19,402,-383
103900109,25,57,-32
103900110,116,29,87
103900111,34,718,-684
103900112,4,58,-54
103900113,117,160,-43
103900114,429,313,116
103900115,188,71,117
103900116,6310,1262,5048
103900117,229,87,142
103900119,23,30,-7
103900120,19,93,-74
103900122,13,321,-308
103900123,1195,381,814
103900124,14,569,-555
103900125,49,77,-28
103900126,274,438,-164
103900127,112,560,-448
103900128,161,343,-182
103900131,6,161,-155
103900133,533,11,522
103900134,0,0,0
103900135,4,5,-1
103900137,0,27,-27
103900138,29,400,-371
103900139,780,899,-119
103900140,3,29,-26
103900141,179,51,128
103900142,69,245,-176
103900143,7,1,6
103900144,0,52,-52
103900145,126,293,-167
103900146,213,362,-149
103900147,173,81,92
103900148,171,453,-282
103900149,57,783,-726
103900150,6450,1610,4840
103900151,26,152,-126
103900152,113,611,-498
103900153,4,1,3
103900154,876,751,125
103900155,8,166,-158
103900156,11,146,-135
103900157,8,231,-223
103900158,40,203,-163
103900159,39,58,-19
103900160,28,10,18
103900161,53,175,-122
103900162,152,579,-427
103900163,4,373,-369
103900167,4,66,-62
103900168,67,111,-44
103900169,43,34,9
103900170,0,99,-99
103900171,1,66,-65
103900172,3,34,-31
103900173,6,9,-3
103900174,26,72,-46
103900175,42,29,13
103900176,6,11,-5
103900177,8,47,-39
103900178,8,73,-65
103900179,21,212,-191
103900180,2,94,-92
103900181,48,22,26
103900182,26,8,18
103900184,506,19,487
103900185,178,99,79
103900187,101,38,63
103900188,19,8,11
103900189,47,3,44
103900190,12,28,-16
103900191,22,42,-20
103900192,12,51,-39
103900193,119,93,26
103900194,16,309,-293
103900195,3,42,-39
103900196,27,10,17
103900197,4,25,-21
103900198,22,49,-27
103900199,83,86,-3
103900200,89,177,-88
103900201,46,197,-151
103900202,6,42,-36
103900203,19,16,3
103900204,6,173,-167
103900207,0,175,-175
103900208,16,0,16
103900209,2,106,-104
103900210,16,23,-7
103900211,279,548,-269
103900212,101,557,-456
103900213,90,187,-97
103900214,201,73,128
103900215,586,181,405
103900216,11,391,-380
103900217,246,6,240
103900218,33,272,-239
103900219,76,316,-240
103900233,22,1,21
103900235,20,8,12
103900236,17,3,14
103900242,8,7,1
103900243,6,2,4
103900244,42,269,-227
103900245,68,194,-126
103900246,49,20,29
103900247,31,104,-73
103900248,0,18,-18
103900249,7,26,-19
103900250,20,26,-6
103900251,0,44,-44
103900253,36,47,-11
103900254,4,13,-9
103900255,25,12,13
103900256,32,20,12
103900257,112,99,13
103900258,10,1,9
103900259,64,9,55
103900261,6,0,6
103900262,24,1,23
103900263,52,30,22
103900264,33,14,19
103900265,28,4,24
103900266,0,39,-39
103900267,1,42,-41
103900268,5,116,-111
103900269,109,29,80
103900270,12,145,-133
103900271,8,144,-136
103900272,44,76,-32
103900273,6,63,-57
103900274,28,11,17
103900275,14,8,6
103900276,1,98,-97
103900277,1,114,-113
103900278,7,38,-31
103900279,0,12,-12
103900280,1,169,-168
104000001,1607,1918,-311
104000002,1120,2295,-1175
104000003,1711,1970,-259
104000004,2574,2271,303
104000005,826,1542,-716
104000006,2178,2778,-600
104000007,3314,3128,186
104000008,191,512,-321
104000009,74,84,-10
104000010,158,149,9
104000011,707,419,288
104000012,89,427,-338
104000013,79,110,-31
104000014,209,654,-445
104000015,199,155,44
104000016,445,412,33
104000018,495,142,353
104000019,368,108,260
104000020,246,837,-591
104000021,218,624,-406
104000022,155,259,-104
104000023,361,280,81
104000024,205,336,-131
104000026,49,308,-259
104000027,149,455,-306
104000028,268,237,31
104000029,461,565,-104
104000030,156,216,-60
104000031,473,212,261
104000032,224,372,-148
104000033,394,300,94
104000034,262,397,-135
104000035,504,437,67
104000036,343,665,-322
104000037,207,339,-132
104000038,149,410,-261
104000039,117,464,-347
104000040,399,410,-11
104000041,508,383,125
104000042,174,444,-270
104000043,158,431,-273
104000044,179,865,-686
104000045,743,1337,-594
104000046,1280,1484,-204
104000047,544,1322,-778
104000048,908,1979,-1071
104000049,250,263,-13
104000050,160,481,-321
104000051,69,602,-533
104000052,1118,1347,-229
104000053,464,691,-227
104000054,191,401,-210
104000055,2827,2581,246
104000056,1752,226,1526
104000057,194,720,-526
104000058,461,668,-207
104000059,434,1120,-686
104000060,448,927,-479
104000061,736,1099,-363
104000062,246,295,-49
104000064,517,208,309
104000065,79,250,-171
104000069,1517,617,900
104000070,73,247,-174
104000071,195,416,-221
104000072,519,449,70
104000075,26,267,-241
104000076,307,17,290
104000082,1540,1892,-352
104000083,514,155,359
104000084,79,389,-310
104000085,182,137,45
104000086,158,376,-218
104000087,364,733,-369
104000090,465,1511,-1046
104000092,598,2741,-2143
104000094,557,2059,-1502
104000095,1114,1249,-135
104000096,633,453,180
104000097,910,984,-74
104000098,1036,1268,-232
104000100,817,567,250
104000101,755,2292,-1537
104000106,213,549,-336
104000107,473,481,-8
104000108,303,486,-183
104000109,195,56,139
104000110,669,824,-155
104000111,4509,1263,3246
104000112,2090,436,1654
104000116,1,1180,-1179
104000117,85,776,-691
104000118,228,242,-14
104000119,311,239,72
104000120,179,858,-679
104000121,193,539,-346
104000122,418,618,-200
104000123,789,1165,-376
104000124,1110,2172,-1062
104000125,4017,2258,1759
104000126,208,325,-117
104000127,1316,3316,-2000
104000128,686,457,229
104000129,330,21,309
104000130,8,157,-149
104000131,790,695,95
104000132,792,1128,-336
104000133,802,696,106
104000134,600,1283,-683
104000135,293,831,-538
104000136,573,1827,-1254
104000137,1468,210,1258
104000138,1041,264,777
104000139,7709,2515,5194
104000141,1040,1863,-823
104000142,587,1080,-493
104000143,353,786,-433
104000144,54,190,-136
104000145,261,154,107
104000146,352,562,-210
104000147,84,404,-320
104000148,119,125,-6
104000149,123,445,-322
104000150,459,432,27
104000151,212,668,-456
104000152,375,682,-307
104000153,263,375,-112
104000154,901,627,274
104000155,215,403,-188
104000157,886,1777,-891
104000158,231,179,52
104000159,332,270,62
104000160,1375,1114,261
104000161,214,141,73
104000162,37,132,-95
104000165,1423,930,493
104000167,355,506,-151
104000168,373,3,370
104000169,34,27,7
104000170,641,284,357
104000248,187,863,-676
104000251,63,259,-196
104000272,0,0,0
104000273,0,0,0
104000274,0,0,0
104000275,0,0,0
104000279,3465,1141,2324
104000290,31,301,-270
104000291,565,1100,-535
104000293,478,646,-168
104000294,5,0,5
104000295,383,647,-264
104000296,242,620,-378
104000297,752,1349,-597
104000298,1538,939,599
104000299,562,1164,-602
104000302,105,164,-59
104000303,176,151,25
104900001,82,381,-299
104900002,11,85,-74
104900003,32,296,-264
104900004,48,312,-264
104900005,99,122,-23
104900006,114,72,42
104900007,142,236,-94
104900009,70,416,-346
104900010,19,15,4
104900011,0,0,0
104900012,90,9,81
104900013,57,5,52
104900014,3276,254,3022
104900015,79,3,76
104900016,82,277,-195
104900017,41,156,-115
104900018,3,153,-150
104900019,181,1039,-858
104900020,28,224,-196
104900021,2,246,-244
104900022,4,107,-103
104900023,0,128,-128
104900024,17,123,-106
104900025,21,293,-272
104900026,2,139,-137
104900027,145,170,-25
104900028,10,88,-78
104900029,36,64,-28
104900030,178,116,62
104900031,89,184,-95
104900032,43,103,-60
104900033,55,109,-54
104900034,156,65,91
104900035,165,70,95
104900036,62,40,22
104900037,94,264,-170
104900038,417,169,248
104900039,699,95,604
104900040,158,52,106
104900041,134,95,39
104900042,41,296,-255
104900043,11,35,-24
104900044,228,132,96
104900045,219,43,176
104900046,37,96,-59
104900047,134,87,47
104900048,68,47,21
104900049,1,2,-1
104900050,63,36,27
104900051,99,28,71
104900052,24,2,22
104900053,183,33,150
104900054,39,22,17
104900055,53,0,53
104900056,89,13,76
104900057,10,1,9
104900058,223,105,118
104900059,17,24,-7
104900061,152,544,-392
104900063,42,146,-104
104900064,1,98,-97
104900065,0,101,-101
104900066,3,163,-160
104900067,2,201,-199
104900068,8,222,-214
104900070,51,237,-186
104900071,1,667,-666
104900072,23,156,-133
104900073,29,312,-283
104900074,36,203,-167
104900075,32,65,-33
104900076,36,417,-381
104900077,1177,65,1112
104900078,117,781,-664
104900079,71,137,-66
104900080,28,526,-498
104900082,6,218,-212
104900085,4,251,-247
104900089,27,0,27
104900091,302,693,-391
104900093,176,511,-335
104900097,2858,1089,1769
104900098,35,35,0
104900099,53,305,-252
104900100,516,117,399
104900102,19,184,-165
104900103,377,80,297
104900106,40,100,-60
104900107,29,321,-292
104900108,6,311,-305
104900109,38,111,-73
104900110,7,49,-42
104900111,67,76,-9
104900112,158,791,-633
104900113,363,458,-95
104900114,133,638,-505
104900115,230,457,-227
104900116,74,282,-208
104900118,9,47,-38
104900119,1,14,-13
104900120,104,53,51
104900121,0,93,-93
104900122,1,74,-73
104900123,5,3,2
104900124,8,0,8
104900125,177,113,64
104900126,56,54,2
104900127,18,11,7
104900128,37,119,-82
104900129,2126,700,1426
105000001,1836,1473,363
105000002,1607,1440,167
105000003,2144,3119,-975
105000004,367,903,-536
105000005,448,913,-465
105000006,694,1182,-488
105000007,704,1093,-389
105000008,674,1516,-842
105000009,918,2041,-1123
105000010,2125,1806,319
105000011,1243,1742,-499
105000012,3075,2808,267
105000013,418,784,-366
105000014,1011,1689,-678
105000015,7215,4043,3172
105000016,3101,1229,1872
105000017,1373,859,514
105000018,947,775,172
105000019,1253,820,433
105000020,164,316,-152
105000021,234,111,123
105000022,109,16,93
105000023,324,172,152
105000028,69,127,-58
105000029,252,769,-517
105000030,3059,2830,229
105000031,5,12,-7
105000033,1122,2047,-925
105000034,115,420,-305
105000037,547,550,-3
105000038,1045,1049,-4
105000039,2668,1649,1019
105000040,404,580,-176
105000041,428,1184,-756
105000042,1728,886,842
105000043,1778,1931,-153
105000044,237,279,-42
105000045,195,826,-631
105000046,470,309,161
105000047,300,1271,-971
105000048,294,165,129
105000049,220,628,-408
105000050,301,303,-2
105000051,209,481,-272
105000052,385,761,-376
105000053,93,148,-55
105000054,140,902,-762
105000055,270,347,-77
105000056,574,2196,-1622
105000057,869,1038,-169
105000058,1051,1307,-256
105000059,399,427,-28
105000060,381,657,-276
105000061,311,368,-57
105000062,613,1154,-541
105000063,319,705,-386
105000064,624,523,101
105000065,369,1102,-733
105000066,848,1977,-1129
105000067,554,482,72
105000068,568,1004,-436
105000069,2418,534,1884
105000070,676,757,-81
105000071,171,364,-193
105000072,864,921,-57
105000073,569,375,194
105000074,675,904,-229
105000075,366,676,-310
105000076,1091,950,141
105000077,1610,599,1011
105000078,1091,928,163
105000079,1320,1608,-288
105000080,1117,630,487
105000081,856,539,317
105000082,382,347,35
105000083,663,528,135
105000084,444,982,-538
105000085,948,755,193
105000086,555,863,-308
105000087,2162,1667,495
105000088,1023,1222,-199
105000089,2429,1801,628
105000090,801,746,55
105000091,1458,1577,-119
105000092,365,936,-571
105000093,208,176,32
105000094,187,152,35
105000095,86,331,-245
105000096,768,532,236
105000097,571,467,104
105000098,488,419,69
105000099,699,1155,-456
105000100,590,982,-392
105000101,1287,1918,-631
105000102,1040,1424,-384
105000103,1081,1737,-656
105000104,1120,1014,106
105000105,624,1649,-1025
105000106,661,1312,-651
105000107,716,819,-103
105000108,644,1629,-985
105000109,812,1323,-511
105000110,432,754,-322
105000111,459,452,7
105000112,682,848,-166
105000113,264,523,-259
105000114,3197,826,2371
105000115,221,719,-498
105000116,377,394,-17
105000117,552,1438,-886
105000118,150,320,-170
105000119,339,1233,-894
105000120,362,486,-124
105000121,631,1127,-496
105000122,241,378,-137
105000123,851,1353,-502
105000124,860,794,66
105000125,352,1743,-1391
105000126,1341,2129,-788
105000127,1706,1719,-13
105000128,393,1441,-1048
105000129,550,333,217
105000130,70,814,-744
105000131,487,258,229
105000132,370,312,58
105000133,190,940,-750
105000134,396,444,-48
105000135,336,595,-259
105000136,86,293,-207
105000137,196,222,-26
105000138,192,332,-140
105000139,842,894,-52
105000140,140,479,-339
105000141,155,595,-440
105000142,51,507,-456
105000143,141,664,-523
105000144,216,669,-453
105000145,346,486,-140
105000146,375,686,-311
105000147,326,328,-2
105000148,675,660,15
105000149,1427,1575,-148
105000150,1624,1254,370
105000151,302,298,4
105000152,143,577,-434
105000153,426,363,63
105000154,543,888,-345
105000155,195,483,-288
105000156,673,828,-155
105000157,809,1933,-1124
105000158,1212,768,444
105000159,318,1380,-1062
105000160,1056,537,519
105000161,605,2023,-1418
105000162,445,1023,-578
105000163,1327,1239,88
105000164,230,311,-81
105000165,1364,2855,-1491
105000166,7339,268,7071
105000167,2722,947,1775
105000168,133,959,-826
105000169,193,366,-173
105000170,59,1055,-996
105000171,716,229,487
105000172,35,53,-18
105000173,47,28,19
105000174,16,29,-13
105000175,42,140,-98
105000176,113,60,53
105000177,71,110,-39
105000178,67,657,-590
105000179,117,105,12
105000180,69,100,-31
105000181,48,484,-436
105000182,18,35,-17
105000183,2376,1031,1345
105000184,1239,715,524
105000185,935,571,364
105000186,329,910,-581
105000187,419,182,237
105000188,126,74,52
105000189,121,501,-380
105000190,178,260,-82
105000191,270,370,-100
105000192,105,60,45
105000193,46,133,-87
105000194,211,89,122
105000195,177,899,-722
105000196,33,106,-73
105000197,158,562,-404
105000198,499,181,318
105000199,228,185,43
105000200,47,143,-96
105000201,66,20,46
105000203,5,305,-300
105000204,54,87,-33
105000205,58,229,-171
105000207,503,176,327
105000208,178,290,-112
105000209,183,316,-133
105000211,84,19,65
105000212,695,1362,-667
105000213,136,138,-2
105000214,34,224,-190
105000215,147,267,-120
105000216,26,280,-254
105000217,80,274,-194
105000218,537,955,-418
105000221,117,235,-118
105000222,147,42,105
105000223,82,159,-77
105000226,17,413,-396
105000227,19,175,-156
105000228,252,584,-332
105000229,49,172,-123
105000231,155,210,-55
105000233,478,540,-62
105000234,405,1210,-805
105000235,154,372,-218
105000237,457,54,403
105000243,14,47,-33
105000248,37,42,-5
105000262,149,1521,-1372
105000269,82,146,-64
105000270,215,89,126
105000271,1,241,-240
105000282,75,27,48
105000287,231,122,109
105000288,317,391,-74
105000289,749,606,143
105000290,6,1,5
105000402,3580,1269,2311
105000426,304,430,-126
105000438,622,452,170
105000440,10,26,-16
105000446,12034,4003,8031
105000447,6825,1784,5041
105000454,111,851,-740
105000455,248,219,29
105000474,13,0,13
105000477,122,351,-229
105000478,1086,1649,-563
105000479,72,114,-42
105000480,1338,1371,-33
105000481,1701,1637,64
105000482,3478,2228,1250
105000483,835,1020,-185
105000484,1743,2183,-440
105000485,756,1154,-398
105000486,2603,1869,734
105000488,3097,2296,801
105000489,413,622,-209
105000549,42,126,-84
105000550,372,1080,-708
105000551,25,72,-47
105000552,3160,1460,1700
105000555,817,555,262
105000556,24,23,1
105000557,49,298,-249
105900001,8,902,-894
105900002,1471,255,1216
105900003,16,80,-64
105900004,166,76,90
105900005,3,225,-222
105900006,6,24,-18
105900007,56,11,45
105900008,30,670,-640
105900009,10,14,-4
105900011,60,49,11
105900012,150,119,31
105900013,0,10,-10
105900014,5,58,-53
105900015,118,226,-108
105900016,116,473,-357
105900017,470,37,433
105900018,146,269,-123
105900019,18,406,-388
105900020,21,25,-4
105900021,6,221,-215
105900022,95,250,-155
105900023,2,102,-100
105900024,1,107,-106
105900025,36,15,21
105900026,136,19,117
105900027,3301,2248,1053
105900028,181,125,56
105900029,1565,252,1313
105900030,140,227,-87
105900031,375,145,230
105900032,44,109,-65
105900033,44,96,-52
105900034,73,181,-108
105900035,102,138,-36
105900036,22,96,-74
105900037,36,54,-18
105900038,60,266,-206
105900039,40,112,-72
105900040,25,57,-32
105900041,115,355,-240
105900042,20,117,-97
105900043,1380,25,1355
105900044,1,115,-114
105900045,5,390,-385
105900046,1,125,-124
105900047,0,26,-26
105900048,62,417,-355
105900050,1538,399,1139
105900051,4,999,-995
105900052,245,27,218
105900053,3020,975,2045
105900054,209,210,-1
105900056,640,93,547
105900057,16,144,-128
105900058,9,40,-31
105900059,0,29,-29
106000001,2964,1183,1781
106000002,2158,3589,-1431
106000003,2485,2010,475
106000004,1978,2110,-132
106000005,1819,3873,-2054
106000006,4010,3702,308
106000007,421,390,31
106000008,432,261,171
106000009,336,265,71
106000010,349,616,-267
106000011,448,726,-278
106000012,437,1116,-679
106000013,1214,1344,-130
106000014,1254,1644,-390
106000015,983,856,127
106000016,1466,2748,-1282
106000017,594,550,44
106000018,442,602,-160
106000019,223,385,-162
106000020,177,453,-276
106000021,184,423,-239
106000022,232,313,-81
106000023,424,357,67
106000024,461,868,-407
106000025,68,181,-113
106000026,122,509,-387
106000027,530,1071,-541
106000028,390,698,-308
106000029,654,1325,-671
106000030,711,242,469
106000034,85,481,-396
106000035,602,826,-224
106000036,325,301,24
106000037,1358,1375,-17
106000038,356,57,299
106000039,106,32,74
106000040,142,712,-570
106000041,569,195,374
106000043,443,56,387
106000046,268,28,240
106000047,37,299,-262
106000049,336,123,213
106000050,148,788,-640
106000051,342,233,109
106000052,53,552,-499
106000053,123,68,55
106000054,246,342,-96
106000055,450,688,-238
106000056,260,448,-188
106000057,104,163,-59
106000058,132,163,-31
106000059,97,210,-113
106000060,445,557,-112
106000061,161,362,-201
106000062,105,652,-547
106000063,411,370,41
106000064,26,396,-370
106000065,154,143,11
106000066,71,389,-318
106000067,154,74,80
106000068,31,530,-499
106000069,75,97,-22
106000070,251,628,-377
106000071,510,277,233
106000072,3978,1237,2741
106000073,1668,1731,-63
106000074,267,581,-314
106000075,167,802,-635
106000076,1098,1213,-115
106000077,2327,1110,1217
106000078,437,815,-378
106000079,404,867,-463
106000080,835,819,16
106000081,388,864,-476
106000082,1873,859,1014
106000083,214,955,-741
106000084,739,595,144
106000085,1140,942,198
106000086,411,523,-112
106000087,632,568,64
106000088,300,562,-262
106000089,618,470,148
106000090,181,529,-348
106000091,214,647,-433
106000092,466,208,258
106000093,214,61,153
106000094,82,420,-338
106000095,264,1204,-940
106000096,539,617,-78
106000097,552,1408,-856
106000098,314,976,-662
106000099,108,803,-695
106000100,646,219,427
106000101,990,254,736
106000102,186,471,-285
106000103,133,573,-440
106000104,611,340,271
106000105,335,783,-448
106000106,348,410,-62
106000107,63,541,-478
106000108,176,392,-216
106000109,61,482,-421
106000110,112,277,-165
106000111,67,623,-556
106000112,91,348,-257
106000113,1005,685,320
106000114,278,359,-81
106000115,158,571,-413
106000116,105,203,-98
106000117,630,458,172
106000118,667,864,-197
106000119,1453,819,634
106000120,563,693,-130
106000121,122,167,-45
106000122,32,314,-282
106000123,143,301,-158
106000124,29,364,-335
106000125,15,373,-358
106000126,95,247,-152
106000127,399,911,-512
106000128,393,385,8
106000129,315,691,-376
106000130,381,447,-66
106000131,96,649,-553
106000132,890,133,757
106000133,3921,899,3022
106000134,772,973,-201
106000135,221,1028,-807
106000136,448,468,-20
106000137,73,1532,-1459
106000138,613,41,572
106000139,35,166,-131
106000140,25,95,-70
106000141,22,94,-72
106000142,27,59,-32
106000143,24,126,-102
106000144,31,68,-37
106000145,96,376,-280
106000146,161,171,-10
106000147,404,1013,-609
106000148,615,1007,-392
106000149,394,778,-384
106000150,273,1477,-1204
106000151,5125,700,4425
106000152,1147,906,241
106000153,113,1192,-1079
106000154,1378,201,1177
106000155,36,137,-101
106000156,351,230,121
106000157,414,1454,-1040
106000158,2813,602,2211
106000159,4268,1078,3190
106000160,196,1298,-1102
106000161,1176,453,723
106000162,90,490,-400
106000163,190,583,-393
106000164,197,253,-56
106000165,147,771,-624
106000166,285,250,35
106000167,186,1413,-1227
106000168,215,220,-5
106000169,94,813,-719
106000170,243,195,48
106000171,61,875,-814
106000172,1801,729,1072
106000173,557,2456,-1899
106000174,575,254,321
106000175,227,1039,-812
106000176,895,552,343
106000177,492,1991,-1499
106000178,1951,1326,625
106000179,796,1786,-990
106000180,602,1804,-1202
106000181,262,1876,-1614
106000182,337,630,-293
106000183,485,994,-509
106000184,306,976,-670
106000185,261,724,-463
106000186,634,131,503
106000187,126,587,-461
106000188,0,3,-3
106000189,3,62,-59
106000190,7,2,5
106000191,425,127,298
106000192,1,10,-9
106000193,273,94,179
106000194,90,225,-135
106000195,189,51,138
106000196,60,288,-228
106000197,143,258,-115
106000198,103,247,-144
106000199,771,384,387
106000200,286,107,179
106000201,332,899,-567
106000202,6212,428,5784
106000203,182,193,-11
106000204,35,3,32
106000205,16,118,-102
106000206,35,9,26
106000207,39,815,-776
106000208,408,55,353
106000209,619,244,375
106000210,201,1211,-1010
106000211,295,1417,-1122
106000212,465,123,342
106000213,501,1267,-766
106000214,1945,326,1619
106000215,188,480,-292
106000216,220,279,-59
106000217,290,380,-90
106000218,361,258,103
106000219,144,280,-136
106000220,370,225,145
106000221,70,272,-202
106000222,33,120,-87
106000223,59,102,-43
106000224,92,285,-193
106000225,36,75,-39
106000226,89,272,-183
106000228,35,110,-75
106000229,80,739,-659
106000231,369,114,255
106000232,66,381,-315
106000233,225,112,113
106000234,64,158,-94
106000235,202,37,165
106000236,104,40,64
106000237,0,10,-10
106000238,10,4,6
106000239,2,73,-71
106000240,13,1,12
106000241,9,608,-599
106000242,139,11,128
106000249,34,56,-22
106000250,45,390,-345
106000251,36,18,18
106000252,36,118,-82
106000253,16,41,-25
106000254,18,74,-56
106000255,15,93,-78
106000256,49,85,-36
106000257,54,258,-204
106000258,151,9,142
106000259,3,35,-32
106000260,11,6,5
106000261,1,63,-62
106000262,17,15,2
106000263,1,56,-55
106000264,103,7,96
106000265,10,90,-80
106000266,86,13,73
106000267,5,85,-80
106000268,408,32,376
106000269,66,53,13
106000270,140,247,-107
106000271,34,144,-110
106000272,68,35,33
106000273,6,154,-148
106000274,123,26,97
106000275,113,156,-43
106000276,79,34,45
106000277,118,118,0
106000278,197,37,160
106000279,5,66,-61
106000280,15,143,-128
106000281,83,99,-16
106000282,68,51,17
106000283,64,97,-33
106000284,30,77,-47
106000285,85,124,-39
106000286,50,141,-91
106000287,41,103,-62
106000288,63,123,-60
106000289,55,81,-26
106000290,43,78,-35
106000291,47,113,-66
106000292,55,143,-88
106000293,68,78,-10
106000294,103,128,-25
106000295,22,38,-16
106000296,40,96,-56
106000297,49,212,-163
106000298,131,45,86
106000299,52,122,-70
106000300,32,81,-49
106000301,36,98,-62
106000303,8,63,-55
106000304,40,27,13
106000305,18,35,-17
106000306,62,77,-15
106000307,11,5,6
106000308,18,184,-166
106000309,12,60,-48
106000310,125,500,-375
106000311,185,103,82
106000312,46,162,-116
106000313,85,193,-108
106000318,157,125,32
106000319,368,52,316
106000320,0,17,-17
106000321,250,58,192
106000322,45,205,-160
106000324,13,142,-129
106000325,863,713,150
106000326,1642,2285,-643
106000327,66,160,-94
106000328,27,67,-40
106000329,148,290,-142
106000330,28,40,-12
106000428,24,173,-149
106000429,59,546,-487
106000430,234,1247,-1013
106000431,796,226,570
106000432,1295,2462,-1167
106000433,1220,665,555
106000434,2006,715,1291
106000435,1577,2173,-596
106000436,9,277,-268
106000437,130,18,112
106000438,73,83,-10
106000439,26,422,-396
106000440,190,464,-274
106000441,1,0,1
106000442,106,3,103
106000443,83,570,-487
106000450,10,208,-198
106000451,19,17,2
106000454,2,113,-111
106000455,14,155,-141
106000456,58,6,52
106000457,3,1076,-1073
106000458,238,200,38
106000459,65,386,-321
106000460,353,41,312
106000461,30,1791,-1761
106000462,0,11,-11
106000463,1,24,-23
106000464,3,644,-641
106000465,192,1,191
106000466,4,728,-724
106000467,487,424,63
106000468,23,132,-109
106000469,260,3,257
106000470,168,1153,-985
106000471,25,637,-612
106000472,86,8,78
106000473,27,24,3
106000474,282,815,-533
106000475,303,204,99
106000476,137,140,-3
106000477,25,142,-117
106000480,2,104,-102
106900001,0,18,-18
106900002,1,545,-544
106900003,284,815,-531
106900004,1,73,-72
106900006,0,25,-25
106900007,0,15,-15
106900008,93,311,-218
106900009,120,536,-416
106900010,108,308,-200
106900012,1941,1071,870
106900013,323,45,278
106900014,14,0,14
106900015,15,1,14
106900016,103,1,102
106900017,3,0,3
106900018,0,1,-1
106900019,13,2,11
106900020,2714,555,2159
106900021,31,100,-69
106900022,172,0,172
106900023,1,242,-241
106900024,223,11,212
106900025,23,578,-555
106900026,1,928,-927
106900027,282,0,282
107000001,2917,1287,1630
107000002,3954,2320,1634
107000003,2993,3638,-645
107000004,4164,4926,-762
107000005,1672,3004,-1332
107000006,2810,5438,-2628
107000007,3505,5250,-1745
107000008,12432,8791,3641
107000009,3467,3803,-336
107000010,10859,10969,-110
107000011,1375,1025,350
107000012,3743,3281,462
107000013,161,221,-60
107000014,23,276,-253
107000015,284,787,-503
107000016,244,1158,-914
107000017,2103,739,1364
107000018,4,246,-242
107000020,1251,314,937
107000021,676,791,-115
107000022,530,1220,-690
107000023,1046,302,744
107000024,271,1788,-1517
107000025,109,307,-198
107000026,139,659,-520
107000027,724,704,20
107000028,879,1692,-813
107000029,1215,1346,-131
107000030,2780,3001,-221
107000031,1782,1466,316
107000032,257,798,-541
107000033,3322,3330,-8
107000034,4446,1840,2606
107000035,283,176,107
107000036,345,855,-510
107000037,62,502,-440
107000038,196,159,37
107000039,425,412,13
107000040,97,247,-150
107000041,956,490,466
107000042,577,1437,-860
107000043,2599,814,1785
107000044,659,380,279
107000045,78,273,-195
107000046,350,296,54
107000047,302,813,-511
107000048,444,301,143
107000049,421,699,-278
107000050,657,422,235
107000051,484,275,209
107000052,762,589,173
107000053,229,154,75
107000054,45,234,-189
107000055,256,175,81
107000056,441,696,-255
107000057,2226,216,2010
107000058,1992,1669,323
107000059,2166,2756,-590
107000060,2487,4080,-1593
107000061,4674,3597,1077
107000062,2033,2159,-126
107000063,3047,5821,-2774
107000064,1828,1442,386
107000065,2575,5247,-2672
107000066,934,1372,-438
107000067,499,798,-299
107000068,1057,493,564
107000069,356,288,68
107000070,244,3,241
107000071,1350,19,1331
107000072,43,2737,-2694
107000073,232,135,97
107000074,107,1316,-1209
107000075,672,249,423
107000076,608,1209,-601
107000077,1726,462,1264
107000078,1335,2758,-1423
107000079,1246,432,814
107000080,1057,3142,-2085
107000081,756,421,335
107000082,370,1948,-1578
107000083,573,229,344
107000084,608,2835,-2227
107000085,2303,2563,-260
107000086,3790,2646,1144
107000087,1921,1447,474
107000088,2181,2851,-670
107000089,1032,1381,-349
107000090,669,982,-313
107000091,692,879,-187
107000092,580,978,-398
107000093,768,710,58
107000094,1032,1581,-549
107000095,288,492,-204
107000096,527,1034,-507
107000097,318,249,69
107000098,350,883,-533
107000099,333,185,148
107000100,228,295,-67
107000101,34,135,-101
107000102,292,337,-45
107000103,210,161,49
107000104,287,337,-50
107000105,258,93,165
107000106,111,297,-186
107000107,321,155,166
107000108,95,893,-798
107000109,235,127,108
107000110,60,661,-601
107000111,128,27,101
107000112,22,457,-435
107000113,258,92,166
107000114,74,869,-795
107000115,288,73,215
107000116,64,1021,-957
107000117,84,213,-129
107000118,134,270,-136
107000119,1642,974,668
107000120,2815,360,2455
107000121,357,642,-285
107000122,752,693,59
107000123,237,775,-538
107000124,354,839,-485
107000125,446,789,-343
107000126,528,1067,-539
107000129,118,1145,-1027
107000130,222,180,42
107000131,196,733,-537
107000132,236,234,2
107000133,570,138,432
107000134,134,2,132
107000135,9,177,-168
107000136,764,6,758
107000137,4,310,-306
107000138,261,14,247
107000139,12,237,-225
107000140,623,45,578
107000141,82,719,-637
107000142,186,52,134
107000143,26,747,-721
107000144,164,266,-102
107000145,109,499,-390
107000146,97,153,-56
107000147,3932,947,2985
107000150,713,1366,-653
107000151,37,40,-3
107000152,463,393,70
107000153,465,595,-130
107000154,196,100,96
107000155,376,18,358
107000156,542,31,511
107000157,23,2427,-2404
107000158,314,17,297
107000159,43,1589,-1546
107000160,407,76,331
107000161,76,2060,-1984
107000162,139,256,-117
107000163,23,6,17
107000164,134,0,134
107000165,301,1,300
107000166,35,1446,-1411
107000167,216,260,-44
107000168,470,248,222
107000169,1005,1092,-87
107000170,731,384,347
107000171,424,2032,-1608
107000172,464,584,-120
107000173,596,1642,-1046
107000174,658,2088,-1430
107000175,9560,1862,7698
107000176,1,0,1
107000177,0,1,-1
107000178,8,60,-52
107000179,130,3130,-3000
107000180,586,293,293
107000181,253,1563,-1310
107000182,956,885,71
107000183,84,989,-905
107000184,538,739,-201
107000185,228,1250,-1022
107000186,476,264,212
107000187,686,1061,-375
107000188,322,373,-51
107000189,260,760,-500
107000190,296,728,-432
107000191,505,1205,-700
107000192,875,868,7
107000193,275,277,-2
107000194,819,618,201
107000197,479,160,319
107000198,276,843,-567
107000199,418,615,-197
107000200,925,400,525
107000201,238,189,49
107000202,185,343,-158
107000203,519,311,208
107000204,602,405,197
107000205,1827,862,965
107000206,541,665,-124
107000207,603,866,-263
107000208,938,275,663
107000209,1772,516,1256
107000210,1012,251,761
107000211,4,8,-4
107000212,5,216,-211
107000213,11,21,-10
107000214,14,101,-87
107000215,204,449,-245
107000216,170,437,-267
107000217,79,110,-31
107000219,55,79,-24
107000220,55,266,-211
107000222,212,633,-421
107000224,221,39,182
107000225,104,579,-475
107000226,190,64,126
107000227,57,432,-375
107000228,70,133,-63
107000229,237,108,129
107000230,886,578,308
107000231,2351,483,1868
107000232,59,62,-3
107000233,1750,538,1212
107000234,0,8,-8
107000235,43,2,41
107000236,17,442,-425
107000237,5,0,5
107000238,12,1,11
107000239,5198,352,4846
107000240,30,1273,-1243
107000243,0,30,-30
107000244,2,60,-58
107000246,2,1380,-1378
107000249,4,979,-975
107000251,1,243,-242
107000252,3,1385,-1382
107000255,697,43,654
107000257,1,628,-627
107000258,2,166,-164
107000259,4,231,-227
107000260,147,2,145
107000262,15,835,-820
107000263,101,1,100
107000266,1,3,-2
107000267,52,139,-87
107000268,144,190,-46
107000269,96,23,73
107000270,1,13,-12
107000271,4,1191,-1187
107000272,2,299,-297
107000273,3,276,-273
107000274,604,6,598
107000275,460,927,-467
107000280,343,13,330
107000281,15,1201,-1186
107000282,21,1480,-1459
107000290,4,49,-45
107000291,6,12,-6
107000292,7,57,-50
107000293,63,3,60
107000294,0,38,-38
107000295,13,4,9
107000296,0,10,-10
107000444,179,5,174
107000496,1,18,-17
107000497,1041,3013,-1972
107000500,173,380,-207
107000501,72,196,-124
107000502,175,343,-168
107000505,566,772,-206
107000506,0,38,-38
107000508,2,714,-712
107000509,172,561,-389
107000510,11,19,-8
107000514,8,182,-174
107000515,10,329,-319
107000516,130,113,17
107000518,556,461,95
107000519,3930,1195,2735
107000520,36,4,32
107000521,321,508,-187
107000522,413,762,-349
107900001,19,245,-226
107900002,18,1,17
107900003,119,56,63
107900004,1,1,0
107900005,343,0,343
107900006,24,1,23
107900007,110,16,94
107900008,43,53,-10
107900009,89,2,87
107900010,5,1,4
107900012,128,5,123
107900013,168,51,117
107900014,12,5,7
107900015,293,2,291
107900016,473,84,389
107900017,4,4,0
107900018,42,27,15
107900019,8,72,-64
107900020,40,6,34
107900021,21,156,-135
107900023,0,1,-1
107900024,1,31,-30
107900025,161,291,-130
107900026,14,122,-108
107900027,36,65,-29
107900028,14,89,-75
107900030,115,6,109
107900031,29,214,-185
107900032,4,2,2
107900033,10,6,4
107900034,183,6,177
107900035,364,15,349
107900036,14,19,-5
107900037,1,43,-42
107900038,143,76,67
107900039,7,70,-63
107900040,24,79,-55
107900041,0,0,0
107900043,59,201,-142
107900044,5,2,3
107900045,29,17,12
107900046,43,65,-22
107900047,7,80,-73
107900048,62,9,53
107900049,204,787,-583
107900050,89,334,-245
107900051,33,84,-51
107900052,8,9,-1
107900053,9,95,-86
107900055,286,143,143
107900056,42,15,27
107900057,0,0,0
107900058,34,619,-585
107900060,2,56,-54
107900061,16,2,14
107900063,63,129,-66
107900064,201,35,166
107900065,56,6,50
107900066,4,1,3
107900067,0,0,0
107900068,76,185,-109
107900069,17,537,-520
107900070,38,12,26
107900071,14,770,-756
107900072,26,150,-124
107900073,43,116,-73
107900074,870,87,783
107900076,84,47,37
107900077,10,0,10
107900079,7,15,-8
107900080,52,148,-96
107900081,5,49,-44
107900082,15,10,5
107900083,181,84,97
107900084,40,72,-32
107900086,68,90,-22
107900087,312,58,254
107900088,3,4,-1
107900089,186,717,-531
107900090,327,757,-430
107900091,94,476,-382
107900093,28,72,-44
107900095,2382,774,1608
107900097,12,35,-23
107900098,32,136,-104
107900100,913,503,410
107900101,994,128,866
107900102,5,1,4
107900103,36,183,-147
107900104,96,4,92
107900105,0,583,-583
107900106,6,1465,-1459
107900107,838,144,694
107900108,228,57,171
107900109,329,3,326
107900110,3,93,-90
107900111,11,1220,-1209
107900112,50,230,-180
107900113,55,121,-66
107900114,81,224,-143
107900115,0,30,-30
107900116,28,228,-200
107900117,194,423,-229
107900118,63,126,-63
107900119,19,82,-63
107900120,14,2,12
107900121,3,111,-108
107900122,0,35,-35
107900123,0,10,-10
107900124,6,56,-50
107900125,14,103,-89
107900126,1,49,-48
107900127,262,72,190
107900128,62,53,9
107900129,18,51,-33
107900130,14,11,3
107900131,503,45,458
107900132,85,380,-295
107900133,0,48,-48
107900134,23,9,14
107900135,5,195,-190
107900136,51,28,23
107900137,64,89,-25
107900138,41,22,19
107900139,7,31,-24
107900141,20,43,-23
107900142,59,1012,-953
107900143,13,28,-15
107900144,1,130,-129
107900145,5,84,-79
107900146,50,94,-44
107900147,38,12,26
107900148,96,128,-32
107900149,1433,196,1237
107900150,64,743,-679
107900151,5,85,-80
107900152,8,194,-186
107900153,125,137,-12
107900154,20,5,15
107900155,24,15,9
107900156,4,478,-474
107900157,27,78,-51
107900158,233,9,224
107900159,22,935,-913
107900160,13,168,-155
107900161,5,309,-304
107900162,0,19,-19
107900163,24,35,-11
107900164,2,20,-18
107900165,40,64,-24
107900166,11,306,-295
107900167,4,10,-6
107900168,9,27,-18
107900169,1,179,-178
107900171,3,1877,-1874
107900172,0,309,-309
107900173,7,201,-194
107900174,33,2,31
107900175,6,5,1
107900176,6,22,-16
107900177,0,22,-22
107900178,0,211,-211
107900179,4,139,-135
107900180,941,205,736
107900181,200,454,-254
107900182,6,1630,-1624
107900183,17,358,-341
107900184,32,210,-178
107900185,42,2,40
107900186,6,35,-29
107900187,1,99,-98
107900188,665,55,610
107900189,3,115,-112
107900190,95,46,49
107900191,24,140,-116
107900193,4,19,-15
107900194,80,1,79
107900195,3704,298,3406
107900196,44,83,-39
107900197,731,142,589
107900199,2,1204,-1202
107900201,34,106,-72
107900203,29,49,-20
107900204,182,174,8
107900206,187,104,83
107900207,0,722,-722
107900208,6,758,-752
107900209,246,85,161
107900210,59,113,-54
107900213,258,285,-27
107900214,1,158,-157
107900215,176,235,-59
107900216,59,55,4
107900217,6,58,-52
107900218,23,1675,-1652
107900219,14,129,-115
107900220,100,77,23
107900221,176,235,-59
107900223,56,622,-566
107900224,123,242,-119
107900225,1,790,-789
107900226,62,90,-28
107900227,58,424,-366
107900228,6,88,-82
107900229,1,257,-256
107900230,10,136,-126
107900231,7,225,-218
107900232,15,226,-211
107900233,4,148,-144
107900234,38,144,-106
107900235,16,91,-75
107900236,35,78,-43
107900237,81,403,-322
107900238,3,103,-100
107900239,1413,348,1065
107900240,3,184,-181
107900241,7,96,-89
107900242,9,418,-409
107900243,2,40,-38
107900244,138,7,131
107900245,119,22,97
107900246,46,6,40
107900248,88,197,-109
107900249,252,3,249
107900250,1,450,-449
107900251,54,1197,-1143
107900252,307,5,302
107900253,69,4,65
107900254,46,246,-200
107900255,339,29,310
107900256,907,409,498
107900257,88,37,51
107900258,54,190,-136
107900259,77,561,-484
107900261,1,357,-356
107900262,65,110,-45
107900264,90,4,86
107900265,41,193,-152
107900267,72,15,57
107900268,38,12,26
107900269,0,9,-9
107900270,1,0,1
107900271,1,2,-1
107900272,101,3,98
107900273,42,63,-21
107900274,20,0,20
107900275,5,0,5
107900276,2,44,-42
107900277,1,166,-165
107900278,88,325,-237
107900279,95,71,24
107900280,1456,902,554
107900281,3104,866,2238
107900282,45,151,-106
107900283,1100,267,833
107900284,176,782,-606
107900285,21,137,-116
107900286,108,55,53
107900287,81,119,-38
107900290,0,38,-38
107900291,256,6,250
107900292,63,290,-227
107900293,35,567,-532
107900295,37,117,-80
107900297,1,206,-205
107900298,630,943,-313
107900299,3743,1196,2547
107900301,274,241,33
107900302,62,11,51
107900303,41,367,-326
107900304,57,502,-445
107900305,111,7,104
107900306,14,5,9
107900307,20,297,-277
107900308,179,20,159
107900309,7,0,7
107900310,0,0,0
107900311,202,95,107
107900312,0,0,0
107900313,1,59,-58
107900314,0,37,-37
107900315,0,39,-39
107900316,20,1,19
107900317,25,6,19
107900318,6,117,-111
107900319,0,203,-203
107900320,0,149,-149
107900321,27,3,24
107900322,3,202,-199
107900323,3,121,-118
107900324,78,1,77
107900325,36,0,36
107900326,68,339,-271
107900327,11,1,10
107900328,0,0,0
107900329,0,0,0
107900330,2,494,-492
107900331,82,14,68
107900332,102,58,44
107900333,38,10,28
107900334,3,260,-257
107900335,47,41,6
107900336,12,23,-11
107900337,1302,383,919
107900338,1,138,-137
107900339,1,12,-11
107900340,0,40,-40
107900341,7,0,7
107900342,69,119,-50
107900343,5,0,5
107900344,1,130,-129
107900345,57,23,34
107900346,9,1,8
107900347,19,3,16
107900348,2,2,0
107900349,8,7,1
107900350,38,252,-214
107900351,1,203,-202
107900352,1,64,-63
107900353,3,2,1
107900354,6,72,-66
108000001,1902,2299,-397
108000002,1918,2821,-903
108000003,2040,1381,659
108000004,14187,13756,431
108000005,4010,2426,1584
108000006,4766,5886,-1120
108000007,3022,2401,621
108000008,4276,5328,-1052
108000009,1959,2162,-203
108000010,2309,4738,-2429
108000011,8107,5890,2217
108000012,18331,14586,3745
108000014,532,369,163
108000015,344,239,105
108000016,132,523,-391
108000017,525,277,248
108000018,788,385,403
108000019,1185,466,719
108000020,796,317,479
108000021,305,1431,-1126
108000022,340,1281,-941
108000023,651,127,524
108000024,131,692,-561
108000025,103,41,62
108000026,322,665,-343
108000027,293,514,-221
108000028,212,231,-19
108000029,193,994,-801
108000030,245,199,46
108000031,128,512,-384
108000032,693,350,343
108000033,459,1261,-802
108000034,866,305,561
108000035,686,2338,-1652
108000036,249,1367,-1118
108000037,900,241,659
108000038,1167,301,866
108000039,453,2780,-2327
108000040,959,487,472
108000041,502,2570,-2068
108000042,82,258,-176
108000043,104,409,-305
108000044,180,173,7
108000045,133,470,-337
108000046,679,203,476
108000047,237,1132,-895
108000048,71,723,-652
108000049,309,212,97
108000050,169,874,-705
108000051,132,73,59
108000052,211,806,-595
108000053,185,72,113
108000054,425,912,-487
108000055,467,255,212
108000056,1122,1275,-153
108000057,353,508,-155
108000058,1549,1920,-371
108000059,3466,1709,1757
108000060,117,337,-220
108000061,290,550,-260
108000062,356,296,60
108000063,254,530,-276
108000064,94,203,-109
108000065,392,567,-175
108000066,1301,505,796
108000067,986,362,624
108000068,430,247,183
108000069,156,1115,-959
108000070,806,529,277
108000071,446,1907,-1461
108000072,891,596,295
108000073,1183,1845,-662
108000074,180,254,-74
108000075,310,744,-434
108000076,401,352,49
108000077,523,819,-296
108000078,1231,1100,131
108000079,508,1263,-755
108000080,528,384,144
108000081,652,3018,-2366
108000082,833,1486,-653
108000083,1075,568,507
108000084,284,1237,-953
108000085,305,218,87
108000086,772,724,48
108000087,130,871,-741
108000088,408,126,282
108000089,185,225,-40
108000091,64,577,-513
108000092,43,79,-36
108000093,62,983,-921
108000094,359,122,237
108000095,94,499,-405
108000096,153,115,38
108000097,76,609,-533
108000098,537,1294,-757
108000099,416,221,195
108000100,52,317,-265
108000101,475,812,-337
108000102,1055,1639,-584
108000106,845,0,845
108000107,7,590,-583
108000108,312,28,284
108000109,1,781,-780
108000110,112,199,-87
108000111,84,705,-621
108000112,31,77,-46
108000113,421,251,170
108000115,441,327,114
108000117,582,211,371
108000118,314,571,-257
108000119,591,399,192
108000120,82,454,-372
108000121,153,558,-405
108000122,212,306,-94
108000123,301,279,22
108000124,129,309,-180
108000125,137,401,-264
108000126,52,537,-485
108000127,146,368,-222
108000128,239,752,-513
108000129,145,1218,-1073
108000130,151,283,-132
108000131,462,188,274
108000132,1401,1221,180
108000133,496,357,139
108000134,696,844,-148
108000135,502,260,242
108000136,769,1843,-1074
108000137,204,316,-112
108000138,230,1107,-877
108000139,101,389,-288
108000140,23,15,8
108000141,13,171,-158
108000142,27,128,-101
108000143,14,722,-708
108000144,115,50,65
108000145,11,36,-25
108000146,291,49,242
108000147,25,70,-45
108000148,109,51,58
108000149,25,48,-23
108000150,14,6,8
108000151,166,40,126
108000152,58,657,-599
108000153,141,90,51
108000154,47,18,29
108000155,19,10,9
108000156,731,441,290
108000157,94,357,-263
108000158,68,411,-343
108000159,526,120,406
108000160,4972,585,4387
108000161,3498,879,2619
108000165,0,81,-81
108000172,0,185,-185
108000173,2628,931,1697
108000175,197,86,111
108000178,259,391,-132
108000179,174,402,-228
108000181,43,33,10
108000182,291,70,221
108000183,32,363,-331
108000184,1176,1272,-96
108000185,57,608,-551
108000186,96,647,-551
108000187,57,784,-727
108000188,124,241,-117
108000189,2227,2470,-243
108000190,53,195,-142
108000192,79,740,-661
108000193,527,22,505
108000194,12,12,0
108000195,1,1189,-1188
108000196,112,133,-21
108000198,371,416,-45
108000199,0,107,-107
108000200,124,701,-577
108000203,48,912,-864
108000204,62,26,36
108000205,323,557,-234
108000339,1310,254,1056
108000364,385,454,-69
108000365,50,400,-350
108000367,74,321,-247
108000368,3,48,-45
108000369,1395,111,1284
108000371,5,572,-567
108000372,273,3,270
108000373,69,122,-53
108000376,56,17,39
108000377,232,393,-161
108000378,7132,6234,898
108000379,21,162,-141
108000381,33,8,25
108000382,63,0,63
108000383,0,91,-91
108900001,97,1126,-1029
108900002,110,19,91
108900003,354,1079,-725
108900004,255,149,106
108900007,74,101,-27
108900008,29,100,-71
108900009,14,86,-72
108900010,87,95,-8
108900011,136,310,-174
108900012,105,355,-250
108900013,77,247,-170
108900014,1,52,-51
108900015,3,15,-12
108900016,0,172,-172
108900017,81,130,-49
108900018,53,524,-471
108900019,11,1450,-1439
108900020,30,312,-282
108900021,50,277,-227
108900022,20,0,20
108900023,10,23,-13
108900024,6,123,-117
108900025,28,157,-129
108900026,10,68,-58
108900027,0,73,-73
108900028,18,498,-480
108900029,24,191,-167
108900030,0,106,-106
108900031,34,637,-603
108900032,5,217,-212
108900033,0,58,-58
108900034,1,291,-290
108900035,137,1900,-1763
108900038,1,366,-365
108900039,0,593,-593
108900040,2,105,-103
108900041,4638,1469,3169
108900042,1,207,-206
108900043,14,448,-434
108900044,2,726,-724
108900045,13,676,-663
108900046,31,1000,-969
108900047,5,68,-63
108900048,50,1081,-1031
108900049,5310,533,4777
108900050,0,346,-346
108900051,0,221,-221
108900052,21,291,-270
108900053,74,84,-10
108900054,26,209,-183
108900055,45,423,-378
108900056,0,174,-174
108900057,2,180,-178
108900058,7,430,-423
108900059,158,6,152
108900060,31,85,-54
108900061,31,10,21
108900062,8,345,-337
108900063,8,421,-413
108900064,50,52,-2
108900065,2,353,-351
108900066,101,55,46
108900067,12,271,-259
108900068,0,283,-283
108900069,15,116,-101
108900070,22,153,-131
108900071,39,46,-7
108900072,2065,192,1873
108900073,11,523,-512
108900074,42,417,-375
108900075,25,44,-19
108900076,98,63,35
108900077,169,586,-417
108900078,13,227,-214
108900079,704,163,541
108900080,9,210,-201
108900081,58,246,-188
108900082,15,131,-116
108900083,6,99,-93
108900085,2156,122,2034
108900086,31,344,-313
108900087,116,184,-68
108900088,407,176,231
108900089,7,47,-40
108900090,5,429,-424
108900091,96,116,-20
108900092,209,213,-4
108900093,59,60,-1
108900094,151,41,110
108900095,42,646,-604
108900096,443,20,423
108900097,166,188,-22
108900098,3006,251,2755
108900099,214,332,-118
108900100,76,137,-61
108900101,88,28,60
108900102,85,341,-256
108900103,33,51,-18
108900105,2,431,-429
108900106,180,535,-355
108900108,112,30,82
108900109,173,20,153
108900110,65,535,-470
108900111,155,816,-661
108900113,18,22,-4
108900114,34,9,25
108900115,27,45,-18
108900116,31,3,28
108900117,53,11,42
108900118,155,1,154
108900119,71,30,41
108900120,94,52,42
108900121,176,25,151
108900122,62,20,42
108900123,41,27,14
108900124,187,97,90
108900125,123,2,121
108900126,27,9,18
108900127,44,7,37
108900128,62,11,51
108900129,318,64,254
108900130,97,1,96
108900131,147,4,143
108900132,165,31,134
108900133,68,17,51
108900134,96,283,-187
108900135,50,4,46
108900136,2,0,2
108900137,48,1,47
108900138,160,11,149
108900140,81,214,-133
108900141,118,9,109
108900142,43,4,39
108900143,5,0,5
108900144,15,0,15
108900145,81,3,78
108900146,17,1,16
108900147,57,1,56
108900148,52,33,19
108900150,107,1,106
108900151,39,2,37
108900152,8,1,7
108900153,62,513,-451
108900154,2235,355,1880
108900156,26,8,18
108900157,3,652,-649
108900158,96,23,73
108900159,2,372,-370
108900160,8,270,-262
108900161,1,432,-431
108900162,36,0,36
108900163,8,102,-94
108900164,24,69,-45
108900168,9315,1304,8011
108900169,17,108,-91
108900171,8037,1260,6777
108900172,73,29,44
108900173,154,322,-168
108900174,251,353,-102
108900176,92,604,-512
108900177,8536,1769,6767
108900178,4931,1281,3650
108900180,27,115,-88
108900183,162,159,3
108900184,186,104,82
108900185,38,289,-251
108900186,17,282,-265
108900189,122,90,32
108900190,41,3091,-3050
108900192,34,224,-190
108900195,28,440,-412
108900196,9,706,-697
108900199,130,286,-156
108900200,214,240,-26
108900201,198,1043,-845
108900203,242,21,221
108900204,182,4,178
108900205,111,7,104
108900206,109,15,94
108900207,100,20,80
108900208,14,338,-324
108900209,219,615,-396
108900210,97,146,-49
108900211,58,224,-166
108900212,641,497,144
108900215,101,685,-584
108900216,332,43,289
108900217,14,0,14
108900218,76,2,74
108900221,31,70,-39
108900224,13,66,-53
108900225,0,164,-164
108900227,50,79,-29
108900230,315,253,62
108900232,1,441,-440
108900233,126,40,86
108900234,120,48,72
108900235,131,536,-405
108900236,15,324,-309
108900240,30,72,-42
108900241,7,15,-8
108900245,5,395,-390
108900250,52,99,-47
108900258,13,259,-246
108900259,16,70,-54
108900260,9,124,-115
108900261,180,163,17
108900262,189,113,76
108900263,75,273,-198
108900264,356,224,132
108900265,1359,207,1152
108900266,1174,185,989
108900267,3,48,-45
108900268,0,4,-4
108900269,20,3,17
108900270,20,4,16
108900271,4,5,-1
108900272,67,1,66
108900273,934,334,600
108900274,14,47,-33
109000001,2667,798,1869
109000002,3010,884,2126
109000003,1464,453,1011
109000004,356,2190,-1834
109000005,1107,635,472
109000006,491,1991,-1500
109000007,725,575,150
109000008,315,1809,-1494
109000009,1971,860,1111
109000010,968,3149,-2181
109000011,1503,1022,481
109000012,1283,4018,-2735
109000013,1769,1350,419
109000014,1053,3520,-2467
109000015,3515,3842,-327
109000016,8979,3883,5096
109000017,1268,840,428
109000018,1245,3778,-2533
109000019,1739,928,811
109000020,1240,2666,-1426
109000023,172,9,163
109000024,6,137,-131
109000025,301,251,50
109000026,662,231,431
109000027,49,201,-152
109000028,72,84,-12
109000029,109,126,-17
109000030,59,507,-448
109000031,70,65,5
109000032,39,524,-485
109000033,158,65,93
109000034,40,57,-17
109000035,32,26,6
109000036,52,374,-322
109000037,134,648,-514
109000038,429,279,150
109000039,520,254,266
109000040,2947,2099,848
109000041,5389,1062,4327
109000042,710,873,-163
109000044,139,180,-41
109000045,89,541,-452
109000046,140,63,77
109000047,32,451,-419
109000048,1009,406,603
109000049,203,450,-247
109000050,419,544,-125
109000051,210,264,-54
109000052,302,1804,-1502
109000053,492,260,232
109000054,113,616,-503
109000055,89,119,-30
109000056,130,472,-342
109000057,238,223,15
109000058,936,365,571
109000059,236,324,-88
109000060,328,189,139
109000061,1381,383,998
109000062,72,184,-112
109000063,141,165,-24
109000064,62,129,-67
109000065,54,286,-232
109000066,188,111,77
109000067,24,361,-337
109000068,292,5,287
109000069,516,12,504
109000070,14,735,-721
109000071,214,43,171
109000072,112,619,-507
109000073,24,48,-24
109000074,39,213,-174
109000075,57,360,-303
109000076,91,125,-34
109000077,337,314,23
109000078,38,95,-57
109000079,123,260,-137
109000080,108,106,2
109000081,55,587,-532
109000082,238,224,14
109000083,107,832,-725
109000088,94,450,-356
109000089,199,20,179
109000090,112,500,-388
109000091,119,71,48
109000092,302,551,-249
109000093,112,155,-43
109000094,156,2,154
109000095,60,711,-651
109000096,291,173,118
109000097,55,85,-30
109000098,44,64,-20
109000099,392,293,99
109000100,115,464,-349
109000101,497,709,-212
109000102,191,785,-594
109000103,365,560,-195
109000104,587,442,145
109000105,305,1418,-1113
109000106,907,426,481
109000107,316,1834,-1518
109000108,909,331,578
109000109,286,1833,-1547
109000110,642,302,340
109000111,646,2130,-1484
109000112,266,109,157
109000113,131,109,22
109000114,79,380,-301
109000115,793,98,695
109000116,9,417,-408
109000117,64,121,-57
109000118,5,264,-259
109000119,351,417,-66
109000120,85,1173,-1088
109000121,247,121,126
109000122,56,1218,-1162
109000123,21,300,-279
109000124,273,284,-11
109000125,280,311,-31
109000126,262,973,-711
109000127,501,241,260
109000128,255,2400,-2145
109000129,933,291,642
109000130,810,3843,-3033
109000131,824,439,385
109000132,840,3181,-2341
109000133,200,884,-684
109000134,500,1315,-815
109000135,729,1286,-557
109000136,198,373,-175
109000137,112,294,-182
109000138,223,455,-232
109000139,188,409,-221
109000140,103,853,-750
109000141,275,447,-172
109000142,107,513,-406
109000143,37,58,-21
109000145,18,120,-102
109000146,60,45,15
109000148,3418,654,2764
109000149,16,20,-4
109000150,78,199,-121
109000155,226,428,-202
109000156,872,808,64
109000158,18,157,-139
109000159,31,538,-507
109000160,321,211,110
109000161,134,1182,-1048
109000162,994,906,88
109000163,590,1603,-1013
109000164,610,2330,-1720
109000165,629,508,121
109000166,268,47,221
109000167,31,775,-744
109000170,48,44,4
109000171,66,48,18
109000172,41,53,-12
109000173,19,66,-47
109000174,25,60,-35
109000175,87,455,-368
109000176,167,229,-62
109000177,13,106,-93
109000178,325,409,-84
109000179,6654,1933,4721
109000180,3918,2364,1554
109000181,9,22,-13
109000182,17,35,-18
109000183,14,31,-17
109000184,47,42,5
109000185,23,100,-77
109000188,285,2741,-2456
109000189,1376,733,643
109000190,248,474,-226
109000191,123,657,-534
109000192,133,224,-91
109000193,99,434,-335
109000194,61,115,-54
109000195,45,457,-412
109000196,121,78,43
109000197,110,491,-381
109000198,190,53,137
109000199,37,477,-440
109000206,125,8,117
109000207,83,17,66
109000208,39,48,-9
109000209,131,96,35
109000210,180,577,-397
109000211,226,285,-59
109000214,184,1521,-1337
109000215,63,62,1
109000216,181,90,91
109000217,84,65,19
109000218,164,87,77
109000221,203,1151,-948
109000222,626,119,507
109000223,154,250,-96
109000224,37,339,-302
109000225,99,75,24
109000226,62,488,-426
109000227,491,1301,-810
109000228,1,252,-251
109000231,1,548,-547
109000232,171,389,-218
109000236,141,753,-612
109000241,1260,1923,-663
109000242,871,1252,-381
109000293,42,135,-93
109000361,86,261,-175
109000364,108,539,-431
109000396,1,902,-901
109000397,231,6,225
109000399,149,626,-477
109000400,38,313,-275
109000403,35,373,-338
109000406,263,7,256
109000407,125,222,-97
109000408,3,891,-888
109000410,417,139,278
109000411,88,21,67
109000412,1,84,-83
109900001,32,0,32
109900002,283,5,278
109900003,89,0,89
109900005,9,5,4
109900006,141,258,-117
109900007,248,963,-715
109900008,0,27,-27
109900009,81,859,-778
109900010,187,21,166
109900011,38,31,7
109900012,141,88,53
109900013,156,60,96
109900014,169,42,127
109900015,331,113,218
109900016,38,46,-8
109900017,59,65,-6
109900018,84,110,-26
109900019,41,60,-19
109900020,7,12,-5
109900021,4,8,-4
109900022,64,344,-280
109900023,5,1,4
109900024,4,0,4
109900025,8,29,-21
109900027,18,3,15
109900028,2345,423,1922
109900029,2,695,-693
109900030,13,4,9
109900031,0,58,-58
109900032,1,281,-280
109900033,1,486,-485
109900034,11,0,11
109900035,1,25,-24
109900036,5,72,-67
109900037,13,575,-562
109900038,74,192,-118
109900039,1,0,1
109900040,7,661,-654
109900041,27,512,-485
109900042,10,421,-411
109900044,47,283,-236
109900045,38,26,12
109900046,50,61,-11
109900047,222,324,-102
109900048,1,65,-64
109900049,3,24,-21
109900050,0,419,-419
109900051,0,68,-68
109900052,27,268,-241
109900053,2,632,-630
109900054,211,126,85
109900055,14,206,-192
109900056,16,108,-92
109900057,6,262,-256
109900058,1,143,-142
109900060,238,163,75
109900061,78,245,-167
109900062,1,303,-302
109900064,171,255,-84
109900065,96,77,19
109900066,216,1024,-808
109900067,0,529,-529
109900068,8,3,5
109900069,0,29,-29
109900071,4,27,-23
109900072,6,117,-111
109900073,102,864,-762
109900074,3,32,-29
109900075,9,18,-9
109900076,34,526,-492
109900077,26,27,-1
109900078,77,268,-191
109900080,79,305,-226
109900081,4,67,-63
109900082,23,465,-442
109900083,4,35,-31
109900084,48,129,-81
109900085,88,1096,-1008
109900086,74,202,-128
109900087,236,328,-92
109900089,235,64,171
109900092,228,6,222
109900093,284,68,216
109900094,24,76,-52
109900095,95,219,-124
109900096,9,0,9
109900097,38,3,35
109900098,125,11,114
109900099,88,0,88
109900100,9,0,9
109900101,182,5,177
109900102,236,17,219
109900103,6,25,-19
109900104,169,1192,-1023
109900105,225,24,201
109900106,108,54,54
109900107,201,58,143
109900108,57,510,-453
109900109,15,184,-169
109900111,189,1223,-1034
109900114,328,297,31
109900115,74,71,3
109900117,347,62,285
109900121,216,143,73
109900123,1,191,-190
109900125,1,232,-231
109900126,75,180,-105
109900130,11869,876,10993
109900131,58,131,-73
109900132,31,147,-116
109900134,27,36,-9
109900135,391,59,332
109900137,32,367,-335
109900140,92,318,-226
109900149,23,47,-24
109900150,7,80,-73
109900151,0,48,-48
109900152,0,25,-25
109900153,0,38,-38
109900154,5,0,5
109900155,16,8,8
109900157,27,258,-231
109900159,51,11,40
109900161,108,32,76
109900162,78,59,19
109900163,549,196,353
109900164,17,225,-208
109900165,98,4,94
109900166,0,164,-164
109900167,94,477,-383
109900168,89,661,-572
109900169,64,129,-65
109900170,171,356,-185
109900171,63,59,4
109900172,80,108,-28
109900173,3931,941,2990
109900174,34,128,-94
109900175,25,53,-28
109900176,37,156,-119
109900177,15,312,-297
109900178,1,116,-115
109900179,1,34,-33
109900180,2,4,-2
110000001,540,449,91
110000002,458,401,57
110000003,703,574,129
110000004,357,371,-14
110000005,646,1046,-400
110000006,651,326,325
110000007,101,166,-65
110000008,8,55,-47
110000009,19,38,-19
110000010,24,59,-35
110000011,28,95,-67
110000012,658,359,299
110000013,20,291,-271
110000014,512,353,159
110000015,216,455,-239
110000016,193,760,-567
110000017,3545,234,3311
110000018,2810,411,2399
110000019,8,142,-134
110000020,387,164,223
110000021,491,277,214
110000022,372,92,280
110000023,3,148,-145
110000024,459,387,72
110000025,77,0,77
110000026,3,547,-544
110000027,353,170,183
110000028,493,494,-1
110000029,392,857,-465
110000030,179,252,-73
110000031,135,528,-393
110000032,482,434,48
110000033,67,66,1
110000034,135,716,-581
110000035,259,961,-702
110000036,344,661,-317
110000037,69,647,-578
110000038,137,439,-302
110000039,466,1292,-826
110000040,667,422,245
110000041,166,486,-320
110000042,98,313,-215
110000043,408,162,246
110000044,82,80,2
110000045,508,74,434
110000046,13,13,0
110000047,12,9,3
110000048,8,2,6
110000049,18,3,15
110000050,2,7,-5
110000051,29,5,24
110000052,36,23,13
110000053,134,6,128
110000054,78,178,-100
110000055,233,31,202
110000056,137,36,101
110000057,209,803,-594
110000058,463,449,14
110000059,482,494,-12
110000060,337,620,-283
110000061,688,784,-96
110000062,549,534,15
110000063,14,88,-74
110000064,35,117,-82
110000065,27,79,-52
110000066,30,33,-3
110000067,80,277,-197
110000068,104,632,-528
110000069,85,80,5
110000071,44,141,-97
110000073,0,12,-12
110000075,6,71,-65
110000076,178,140,38
110000077,370,366,4
110000078,7,54,-47
110000080,189,481,-292
110000081,11,194,-183
110000082,15,171,-156
110000083,176,545,-369
110000084,510,371,139
110000085,2636,1203,1433
110000086,1064,689,375
110000087,5,55,-50
110000088,16,182,-166
110000089,165,128,37
110000090,31,247,-216
110000091,1827,273,1554
110000092,10,68,-58
110000093,25,3,22
110000094,325,206,119
110000095,51,412,-361
110000096,3707,1394,2313
110000097,579,732,-153
110000098,1126,367,759
110000099,599,1020,-421
110000100,232,874,-642
110000101,31,484,-453
110000102,42,35,7
110000104,54,60,-6
110000105,36,212,-176
110000106,346,183,163
110000107,361,371,-10
110000108,97,35,62
110000109,242,206,36
110000110,3713,488,3225
110000111,4143,1170,2973
110000112,1365,320,1045
110000113,534,756,-222
110000114,66,275,-209
110000115,171,248,-77
110000116,38,44,-6
110000117,105,527,-422
110000118,216,280,-64
110000119,99,349,-250
110000120,243,162,81
110000121,77,208,-131
110000122,1473,477,996
110000123,276,289,-13
110000124,3,655,-652
110000125,594,3,591
110000126,185,13,172
110000127,313,26,287
110000128,21,1041,-1020
110000129,3,701,-698
110000130,87,61,26
110000131,89,676,-587
110000132,0,789,-789
110000133,36,225,-189
110000134,17,245,-228
110000135,141,31,110
110000136,30,238,-208
110000137,256,646,-390
110000138,321,861,-540
110000139,421,1452,-1031
110000140,539,308,231
110000143,596,307,289
110000144,3507,797,2710
110000145,844,543,301
110000146,1195,546,649
110000147,179,598,-419
110000148,213,351,-138
110000151,810,1140,-330
110000152,2582,403,2179
110000153,31,124,-93
110000154,2,8,-6
110000155,1019,1495,-476
110000156,608,938,-330
110000157,863,1242,-379
110000160,228,395,-167
110000161,90,441,-351
110000166,120,121,-1
110000167,367,310,57
110000168,540,268,272
110000169,414,235,179
110000170,82,51,31
110000171,427,153,274
110000172,105,736,-631
110000173,1122,1130,-8
110000174,58,1451,-1393
110000175,250,78,172
110000176,26,193,-167
110000177,101,635,-534
110000178,387,546,-159
110000179,1298,305,993
110000180,54,357,-303
110000181,139,262,-123
110000182,412,217,195
110000183,10249,3690,6559
110000184,572,1271,-699
110000185,733,459,274
110000186,529,496,33
110000191,239,343,-104
110000192,171,2,169
110000193,184,3,181
110000194,7,1359,-1352
110000195,137,384,-247
110000196,179,489,-310
110000197,21,217,-196
110000198,53,68,-15
110000199,30,83,-53
110000200,1065,528,537
110000201,303,363,-60
110000202,787,332,455
110000203,538,852,-314
110000204,1,354,-353
110000205,61,88,-27
110000206,502,1651,-1149
110000207,281,329,-48
110000208,74,87,-13
110000209,83,796,-713
110000210,351,577,-226
110000211,377,674,-297
110000212,294,708,-414
110000213,57,75,-18
110000214,81,89,-8
110000215,75,528,-453
110000216,39,569,-530
110000217,119,171,-52
110000218,63,453,-390
110000219,121,60,61
110000220,13,419,-406
110000221,94,75,19
110000222,12,351,-339
110000223,3,94,-91
110000224,123,14,109
110000225,118,435,-317
110000226,85,41,44
110000227,399,305,94
110000228,363,293,70
110000229,1,243,-242
110000230,404,595,-191
110000231,104,151,-47
110000232,93,160,-67
110000233,124,205,-81
110000234,405,319,86
110000235,917,672,245
110000236,229,906,-677
110000237,868,938,-70
110000238,589,1094,-505
110000239,834,1116,-282
110000240,1,98,-97
110000242,0,17,-17
110000243,43,210,-167
110000244,66,346,-280
110000245,38,435,-397
110000246,292,595,-303
110000247,1367,1513,-146
110000248,2304,455,1849
110000249,91,7,84
110000250,11,182,-171
110000251,82,397,-315
110000252,133,242,-109
110000253,760,360,400
110000254,629,1380,-751
110000255,141,1262,-1121
110000256,281,155,126
110000257,418,194,224
110000258,3,523,-520
110000259,54,33,21
110000260,2,426,-424
110000263,611,70,541
110000264,131,595,-464
110000265,649,1064,-415
110000266,1187,1489,-302
110000267,5,120,-115
110000268,171,491,-320
110000269,1,96,-95
110000270,24,1,23
110000271,2081,211,1870
110000272,649,786,-137
110000273,1923,928,995
110000274,137,667,-530
110000275,2930,301,2629
110000276,99,278,-179
110000277,72,387,-315
110000278,171,761,-590
110000279,447,575,-128
110000280,126,358,-232
110000281,14,144,-130
110000282,140,41,99
110000283,35,54,-19
110000284,30,37,-7
110000285,1,185,-184
110000286,10,0,10
110000287,22,0,22
110000288,1,55,-54
110000289,370,917,-547
110000290,1157,513,644
110000291,2855,441,2414
110000292,1025,2854,-1829
110000293,330,2134,-1804
110000294,373,739,-366
110000295,1427,1591,-164
110000296,178,275,-97
110000297,2268,228,2040
110000298,414,429,-15
110000299,587,17,570
110000301,158,6,152
110000302,168,1364,-1196
110000303,168,1,167
110000304,77,249,-172
110000305,352,2,350
110000306,95,1265,-1170
110000307,524,2,522
110000308,192,4,188
110000309,36,1240,-1204
110000310,350,47,303
110000311,48,2195,-2147
110000312,415,35,380
110000313,2526,1712,814
110000314,0,231,-231
110000315,2144,1267,877
110000316,521,994,-473
110000317,370,264,106
110000318,3,110,-107
110000319,4,11,-7
110000320,28,52,-24
110000321,8,36,-28
110000322,107,529,-422
110000323,210,202,8
110000324,4328,546,3782
110000325,1677,1691,-14
110000327,259,143,116
110000328,329,525,-196
110000333,434,397,37
110000334,423,872,-449
110000335,819,450,369
110000336,334,1253,-919
110000337,661,447,214
110000338,126,214,-88
110000339,74,220,-146
110000340,15,152,-137
110000341,211,782,-571
110000342,258,1,257
110000343,2,34,-32
110000344,36,146,-110
110000345,49,58,-9
110000346,1851,991,860
110000347,742,557,185
110000348,4,37,-33
110000349,3,16,-13
110000350,26,3,23
110000351,395,753,-358
110000352,366,1164,-798
110000353,3087,676,2411
110000354,1050,1833,-783
110000355,38,49,-11
110000356,514,6,508
110000357,158,8,150
110000361,4,91,-87
110000362,10,55,-45
110000363,113,104,9
110000364,82,311,-229
110000365,119,0,119
110000366,1,75,-74
110000367,229,191,38
110000368,0,63,-63
110000369,19,0,19
110000373,5,293,-288
110000374,23,4,19
110000375,140,600,-460
110000376,21,126,-105
110000377,69,363,-294
110000378,27,245,-218
110000379,3636,899,2737
110000380,37,16,21
110000383,1,772,-771
110000384,1808,455,1353
110000385,4,537,-533
110000387,38,9,29
110000388,25,208,-183
110000389,267,1,266
110000391,146,341,-195
110000396,40,93,-53
110000397,30,207,-177
110000398,0,29,-29
110000399,99,3,96
110000587,29,65,-36
110000589,136,193,-57
110000640,76,131,-55
110000652,22,138,-116
110000653,98,486,-388
110000654,5,25,-20
110000656,2,616,-614
110000674,20,8,12
110000675,25,6,19
110000676,5,46,-41
110000679,704,398,306
110000682,87,72,15
110000683,298,461,-163
110000684,1,75,-74
110000685,3,3,0
110000686,2,26,-24
110000687,8,1,7
110000688,33,333,-300
110000689,18,55,-37
110000692,52,262,-210
110000693,107,218,-111
110000694,0,80,-80
110000695,135,971,-836
110000696,125,124,1
110000698,321,1040,-719
110000699,1801,592,1209
110900001,160,11,149
110900002,163,163,0
110900003,227,1081,-854
110900004,138,193,-55
110900005,3894,839,3055
110900006,35,7,28
110900007,46,2,44
110900008,17,58,-41
110900009,209,34,175
110900010,12,74,-62
110900011,2,83,-81
110900012,3,120,-117
110900013,370,98,272
110900014,81,11,70
110900015,837,293,544
110900016,6,183,-177
110900017,107,42,65
110900018,184,28,156
110900019,62,18,44
110900020,17,558,-541
110900021,48,590,-542
110900022,47,419,-372
110900023,51,536,-485
110900024,18,477,-459
110900025,1,28,-27
110900027,18,274,-256
110900028,9,138,-129
110900029,21,485,-464
110900030,3,324,-321
110900031,7,161,-154
110900032,0,96,-96
110900033,21,291,-270
110900035,23,336,-313
110900036,38,27,11
110900037,24,29,-5
110900038,1263,167,1096
110900039,1,220,-219
110900040,125,31,94
110900041,0,129,-129
110900042,36,47,-11
110900043,1,164,-163
110900044,203,14,189
110900045,23,590,-567
110900046,133,249,-116
110900047,691,63,628
110900049,15,26,-11
110900050,7,5,2
110900051,22,198,-176
110900052,5,178,-173
110900053,30,27,3
110900054,10,348,-338
110900055,9,0,9
110900056,43,110,-67
110900057,6,270,-264
110900058,60,226,-166
110900059,387,713,-326
110900060,199,68,131
110900061,17,44,-27
110900062,55,246,-191
110900063,14,83,-69
110900064,7,0,7
110900065,395,85,310
110900066,3,60,-57
110900067,484,327,157
110900068,178,274,-96
110900069,2,32,-30
110900070,79,49,30
110900071,195,178,17
110900073,1,26,-25
110900074,148,71,77
110900075,142,42,100
110900077,193,271,-78
110900078,4,148,-144
110900079,2525,464,2061
110900080,52,33,19
110900081,2,151,-149
110900082,40,222,-182
110900083,43,20,23
110900084,16,222,-206
110900085,20,330,-310
110900086,47,92,-45
110900087,85,36,49
110900088,6,0,6
110900090,9,11,-2
110900091,0,38,-38
110900093,126,55,71
110900095,13,33,-20
110900097,5,16,-11
110900098,9,111,-102
110900099,31,570,-539
110900100,0,23,-23
110900102,11,24,-13
110900105,570,359,211
110900108,9,141,-132
110900111,296,64,232
110900112,318,3,315
110900113,451,22,429
110900115,0,103,-103
110900116,306,2460,-2154
110900118,150,1072,-922
110900119,5371,194,5177
110900120,3,146,-143
110900121,24,0,24
110900122,101,103,-2
110900125,142,168,-26
110900127,315,490,-175
110900128,408,227,181
110900129,278,205,73
110900130,1096,220,876
110900131,45,30,15
110900132,117,33,84
110900133,23,305,-282
110900135,56,466,-410
110900136,178,5,173
110900138,0,0,0
110900139,4,0,4
110900140,0,0,0
110900141,306,131,175
110900142,33,201,-168
110900143,57,40,17
110900144,1,719,-718
110900145,44,12,32
110900146,227,26,201
110900147,215,229,-14
110900148,1,292,-291
110900149,1,59,-58
110900150,11,24,-13
110900151,2,67,-65
110900152,13,395,-382
110900153,45,19,26
111000001,262,354,-92
111000002,501,757,-256
111000003,511,502,9
111000004,397,1299,-902
111000005,885,621,264
111000006,630,1579,-949
111000007,3423,1531,1892
111000008,3589,2905,684
111000009,244,825,-581
111000010,399,213,186
111000011,299,827,-528
111000012,447,237,210
111000013,272,1146,-874
111000014,596,453,143
111000017,85,418,-333
111000018,188,346,-158
111000020,1657,1296,361
111000021,94,123,-29
111000023,68,147,-79
111000025,6600,1737,4863
111000029,58,93,-35
111000030,21,69,-48
111000031,1624,538,1086
111000032,466,166,300
111000033,224,116,108
111000034,252,138,114
111000037,870,519,351
111000038,3367,2292,1075
111000039,1276,2094,-818
111000040,1175,2375,-1200
111000041,1403,1432,-29
111000042,4963,2360,2603
111000043,1531,1219,312
111000044,858,499,359
111000045,1033,1250,-217
111000046,714,948,-234
111000047,1355,1810,-455
111000049,324,506,-182
111000050,1679,1630,49
111000051,302,1089,-787
111000052,431,1315,-884
111000053,323,1056,-733
111000054,189,1019,-830
111000055,170,747,-577
111000056,319,811,-492
111000057,81,744,-663
111000058,94,82,12
111000059,190,248,-58
111000060,1836,521,1315
111000061,205,236,-31
111000062,428,189,239
111000063,1276,560,716
111000064,330,476,-146
111000065,639,588,51
111000066,227,199,28
111000067,297,550,-253
111000068,220,529,-309
111000069,1250,1554,-304
111000070,2215,1069,1146
111000071,166,658,-492
111000072,416,224,192
111000073,141,480,-339
111000074,1042,1133,-91
111000075,384,642,-258
111000076,183,661,-478
111000077,816,1051,-235
111000078,1527,978,549
111000079,1116,623,493
111000080,312,496,-184
111000081,1998,2324,-326
111000082,432,626,-194
111000084,422,435,-13
111000085,685,1515,-830
111000086,2874,1207,1667
111000087,595,788,-193
111000088,5436,1491,3945
111000089,405,715,-310
111000090,896,1317,-421
111000091,466,644,-178
111000092,631,1027,-396
111000093,369,614,-245
111000094,1270,652,618
111000095,796,1339,-543
111000096,2272,4831,-2559
111000097,5668,944,4724
111000098,705,1245,-540
111000099,312,2486,-2174
111000100,263,2501,-2238
111000101,305,870,-565
111000102,90,808,-718
111000104,151,162,-11
111000107,39,727,-688
111000109,189,204,-15
111000110,521,484,37
111000111,819,397,422
111000112,754,227,527
111000113,439,413,26
111000114,1215,958,257
111000115,6784,741,6043
111000116,687,598,89
111000117,425,704,-279
111000118,1181,812,369
111000119,560,1356,-796
111000120,219,395,-176
111000121,147,420,-273
111000122,315,959,-644
111000123,396,1226,-830
111000124,313,3678,-3365
111000125,158,2563,-2405
111000126,587,2215,-1628
111000127,389,163,226
111000128,623,341,282
111000129,1082,416,666
111000130,918,525,393
111000131,627,447,180
111000132,456,303,153
111000133,43,107,-64
111000134,68,115,-47
111000135,16,88,-72
111000136,180,222,-42
111000138,2,3,-1
111000140,0,4,-4
111000141,151,177,-26
111000142,4,117,-113
111000143,4,76,-72
111000144,9,102,-93
111000145,300,2,298
111000146,25,9,16
111000147,255,29,226
111000148,77,80,-3
111000149,3,28,-25
111000150,3,5,-2
111000151,2,16,-14
111000153,474,464,10
111000154,694,162,532
111000155,94,133,-39
111000156,309,270,39
111000157,125,328,-203
111000158,652,431,221
111000159,2414,520,1894
111000160,140,379,-239
111000161,13,231,-218
111000162,6,151,-145
111000163,328,685,-357
111000164,690,1699,-1009
111000165,1061,370,691
111000166,1215,266,949
111000167,152,420,-268
111000168,185,430,-245
111000169,254,461,-207
111000170,395,374,21
111000171,390,937,-547
111000172,94,819,-725
111000173,126,1556,-1430
111000174,85,584,-499
111000175,25,247,-222
111000176,96,168,-72
111000177,130,259,-129
111000178,462,339,123
111000179,102,221,-119
111000180,123,339,-216
111000181,411,267,144
111000182,95,136,-41
111000183,146,200,-54
111000184,204,193,11
111000185,192,418,-226
111000186,158,282,-124
111000187,53,250,-197
111000188,108,426,-318
111000189,1702,484,1218
111000190,168,543,-375
111000191,98,467,-369
111000192,154,714,-560
111000193,363,398,-35
111000194,15,491,-476
111000195,60,494,-434
111000196,30,358,-328
111000197,171,170,1
111000198,269,121,148
111000199,65,155,-90
111000200,76,323,-247
111000201,206,189,17
111000202,130,188,-58
111000203,164,169,-5
111000204,289,373,-84
111000213,112,347,-235
111000214,1101,1689,-588
111000215,651,1410,-759
111000217,609,708,-99
111000218,620,722,-102
111000219,332,241,91
111000220,2523,375,2148
111000221,621,109,512
111000224,130,339,-209
111000225,192,142,50
111000226,120,0,120
111000227,28,1,27
111000228,8,156,-148
111000229,18,253,-235
111000230,143,463,-320
111000231,437,1322,-885
111000232,219,741,-522
111000233,256,639,-383
111000234,43,212,-169
111000239,115,158,-43
111000240,7,76,-69
111000241,37,372,-335
111000242,47,55,-8
111000243,52,859,-807
111000244,103,62,41
111000245,418,506,-88
111000246,120,646,-526
111000247,143,1099,-956
111000248,259,392,-133
111000249,321,883,-562
111000250,18,118,-100
111000251,9,130,-121
111000253,5,7,-2
111000255,24,9,15
111000257,24,11,13
111000260,32,861,-829
111000261,303,57,246
111000271,54,312,-258
111000273,6106,1416,4690
111000274,860,1364,-504
111000275,80,81,-1
111000276,1685,4203,-2518
111000277,100,353,-253
111000278,343,196,147
111000291,427,2115,-1688
111000298,213,249,-36
111000299,378,68,310
111000300,48,613,-565
111000302,192,69,123
111000303,50,284,-234
111000312,59,49,10
111000315,27,286,-259
111000320,225,574,-349
111000321,129,53,76
111000322,150,510,-360
111000323,84,13,71
111000324,250,311,-61
111000325,17,47,-30
111000326,53,321,-268
111000327,252,591,-339
111000328,138,329,-191
111000329,1,17,-16
111000330,19,5,14
111000331,12,1,11
111000332,204,971,-767
111000334,359,1541,-1182
111000335,222,135,87
111000337,299,347,-48
111000338,27,109,-82
111000339,124,607,-483
111000340,58,852,-794
111000341,510,198,312
111000342,71,504,-433
111000344,489,525,-36
111000345,241,25,216
111000346,39,86,-47
111000347,28,2,26
111000350,135,156,-21
111000351,58,201,-143
111000352,118,103,15
111000353,72,230,-158
111000354,403,125,278
111000355,436,532,-96
111000358,78,1864,-1786
111000360,70,927,-857
111000361,57,457,-400
111000546,193,596,-403
111000547,135,768,-633
111000548,36,165,-129
111000549,130,456,-326
111000550,80,298,-218
111000551,682,127,555
111000552,282,35,247
111000907,193,6,187
111000908,11,2,9
111000916,463,181,282
111000917,19,369,-350
111000918,88,1180,-1092
111000920,179,14,165
111000921,2,391,-389
111000922,141,299,-158
111000924,41,1388,-1347
111000925,1088,1273,-185
111000926,721,2790,-2069
111000927,2203,2446,-243
111000928,4927,3244,1683
111000929,597,682,-85
111000930,706,2243,-1537
111000931,1044,1155,-111
111000932,2628,2054,574
111000933,2416,1348,1068
111000934,2096,2373,-277
111000935,591,859,-268
111000936,684,2127,-1443
111000937,571,851,-280
111000938,1336,2529,-1193
111000939,147,46,101
111000940,171,252,-81
111000941,105,644,-539
111000943,157,246,-89
111000944,56,614,-558
111000945,58,2289,-2231
111001109,229,125,104
111001110,160,613,-453
111001111,14,0,14
111001112,71,1,70
111001113,0,117,-117
111001114,1298,76,1222
111001115,157,274,-117
111001116,5153,1326,3827
111001117,705,626,79
111001120,68,315,-247
111001121,113,393,-280
111001122,152,672,-520
111001123,54,153,-99
111001124,64,393,-329
111001125,1,28,-27
111001126,0,0,0
111001127,1,82,-81
111001128,222,541,-319
111900001,2,238,-236
111900002,1,684,-683
111900003,0,401,-401
111900004,20,130,-110
111900006,5,8,-3
111900007,43,1,42
111900008,27,0,27
111900009,29,2,27
111900010,187,443,-256
111900012,78,85,-7
111900013,6,36,-30
111900014,7110,1368,5742
111900015,0,72,-72
111900016,1,161,-160
111900017,1,153,-152
111900018,25,2,23
111900019,0,77,-77
111900020,2,39,-37
111900021,19,72,-53
111900022,14,45,-31
111900023,116,73,43
111900024,4,86,-82
111900025,0,28,-28
111900026,0,105,-105
111900027,10,192,-182
111900028,2,458,-456
111900029,0,94,-94
111900030,30,310,-280
111900032,2,483,-481
111900033,3,82,-79
111900034,157,667,-510
111900035,16,226,-210
111900036,2,403,-401
111900038,222,525,-303
111900039,39,432,-393
111900040,1,752,-751
111900042,27,73,-46
111900043,1,507,-506
111900044,215,224,-9
111900046,64,203,-139
111900048,74,977,-903
111900049,28,279,-251
111900050,38,7,31
111900051,1,281,-280
111900052,313,467,-154
111900053,1393,315,1078
111900054,49,0,49
111900055,27,703,-676
111900056,158,59,99
111900057,27,72,-45
111900058,116,864,-748
111900059,2147,199,1948
111900060,150,3,147
111900061,7,327,-320
111900062,7,10,-3
111900063,76,151,-75
111900064,116,271,-155
111900065,25,11,14
111900066,66,60,6
111900067,2,264,-262
111900068,17,9,8
111900069,12,13,-1
111900070,25,131,-106
111900071,1,261,-260
111900072,9,9,0
111900073,204,49,155
111900074,12,157,-145
111900075,17,5,12
111900076,17,24,-7
111900077,3,0,3
111900078,59,9,50
111900079,18,3,15
111900080,140,83,57
111900082,58,12,46
111900083,25,4,21
111900084,21,2,19
111900085,16,37,-21
111900086,42,1,41
111900087,15,0,15
111900088,140,2,138
111900089,10,0,10
111900090,38,5,33
111900091,95,6,89
111900092,27,0,27
111900093,97,0,97
111900094,11,0,11
111900095,76,3,73
111900096,40,2,38
111900097,1,0,1
111900098,38,0,38
111900099,20,0,20
111900100,47,1,46
111900101,38,4,34
111900102,85,753,-668
111900103,32,33,-1
111900104,70,48,22
111900105,141,71,70
111900106,1217,30,1187
111900110,2709,180,2529
111900111,12,218,-206
111900112,559,752,-193
111900113,290,97,193
111900118,131,33,98
111900119,145,62,83
111900122,54,15,39
111900123,9,4,5
111900124,26,104,-78
111900125,141,3,138
111900126,84,0,84
111900127,0,660,-660
111900128,2,565,-563
111900129,62,3,59
111900130,35,2,33
111900131,115,0,115
111900132,17,1316,-1299
111900133,6,275,-269
111900134,20,390,-370
111900135,4,11,-7
111900136,58,74,-16
111900137,34,51,-17
111900138,12,66,-54
111900139,6,157,-151
111900140,21,10,11
111900141,17,4,13
111900142,19,10,9
111900143,11,114,-103
111900144,5,119,-114
111900145,1,696,-695
111900146,4,375,-371
111900147,150,619,-469
111900148,18,888,-870
111900149,4,424,-420
111900150,15,156,-141
111900151,1,8,-7
111900152,85,33,52
111900153,1448,168,1280
111900154,4,115,-111
111900155,42,33,9
111900156,19,18,1
111900157,21,2,19
111900158,162,12,150
111900159,77,5,72
111900160,77,1,76
111900161,38,0,38
111900162,65,72,-7
111900163,34,216,-182
111900164,63,18,45
111901113,85,344,-259
111901114,41,298,-257
111901115,13,0,13
111901116,15,1,14
111901117,9,12,-3
111901118,97,40,57
111901119,975,43,932
111901121,123,331,-208
111901122,0,573,-573
111901123,42,447,-405
111901124,47,1,46
111901125,92,211,-119
111901127,610,64,546
111901128,2,46,-44
111901129,1,138,-137
111901130,2,227,-225
111901131,1,317,-316
111901132,77,4,73
111901133,18,0,18
111901134,26,0,26
111901135,6,6,0
111901138,51,32,19
111901139,11,66,-55
111901140,8,132,-124
111901141,3,189,-186
111901142,3,179,-176
111901143,0,75,-75
111901144,20,26,-6
111901145,128,102,26
111901146,218,5,213
111901147,931,49,882
111901148,11,10,1
111901149,9,2,7
111901150,3,0,3
111901151,0,0,0
111901152,2,20,-18
112000001,833,629,204
112000002,564,2108,-1544
112000003,299,749,-450
112000004,364,1617,-1253
112000005,1272,1240,32
112000006,1055,1576,-521
112000007,1103,994,109
112000008,1610,2523,-913
112000009,3561,3252,309
112000010,1372,1735,-363
112000011,1218,2099,-881
112000012,3241,1247,1994
112000013,3949,2731,1218
112000014,1661,549,1112
112000015,2333,1728,605
112000016,2686,669,2017
112000017,1420,951,469
112000024,1882,476,1406
112000026,3942,4617,-675
112000027,586,322,264
112000028,1518,1513,5
112000029,202,396,-194
112000030,173,80,93
112000031,944,1599,-655
112000032,358,38,320
112000033,1249,631,618
112000034,165,26,139
112000035,49,156,-107
112000036,585,392,193
112000037,613,652,-39
112000038,652,686,-34
112000039,19,68,-49
112000040,98,283,-185
112000041,367,413,-46
112000042,824,240,584
112000050,534,948,-414
112000051,430,549,-119
112000054,1146,2234,-1088
112000057,317,244,73
112000058,232,323,-91
112000059,431,355,76
112000061,4627,1123,3504
112000062,1915,426,1489
112000063,1494,575,919
112000064,4440,4998,-558
112000065,2275,2461,-186
112000066,2559,797,1762
112000067,677,575,102
112000068,1478,958,520
112000069,490,1683,-1193
112000070,1161,505,656
112000071,517,2813,-2296
112000072,758,663,95
112000073,1040,1523,-483
112000074,854,637,217
112000075,785,825,-40
112000076,2312,2556,-244
112000077,301,645,-344
112000078,651,578,73
112000079,695,1106,-411
112000080,296,797,-501
112000081,922,1479,-557
112000082,725,474,251
112000083,430,1339,-909
112000084,660,528,132
112000085,768,1160,-392
112000086,975,1494,-519
112000087,208,858,-650
112000088,186,670,-484
112000089,120,281,-161
112000090,110,371,-261
112000091,511,1117,-606
112000092,826,762,64
112000093,1177,1026,151
112000094,223,650,-427
112000095,327,589,-262
112000096,214,563,-349
112000097,497,349,148
112000098,464,1414,-950
112000099,394,450,-56
112000100,694,713,-19
112000101,290,931,-641
112000102,482,446,36
112000103,171,1329,-1158
112000105,494,2411,-1917
112000106,726,401,325
112000107,38,131,-93
112000108,160,1888,-1728
112000109,68,101,-33
112000110,881,420,461
112000111,1030,3486,-2456
112000112,1870,380,1490
112000113,799,1975,-1176
112000114,1119,680,439
112000115,156,526,-370
112000116,263,990,-727
112000117,474,864,-390
112000118,561,786,-225
112000119,249,1013,-764
112000120,63,313,-250
112000121,50,681,-631
112000122,119,112,7
112000123,237,114,123
112000124,184,44,140
112000125,73,110,-37
112000126,98,738,-640
112000127,1852,919,933
112000128,1040,385,655
112000129,48,96,-48
112000130,56,54,2
112000131,25,364,-339
112000132,54,332,-278
112000133,128,260,-132
112000134,329,364,-35
112000135,544,519,25
112000136,739,1173,-434
112000137,885,1042,-157
112000138,1179,1046,133
112000139,632,219,413
112000140,876,920,-44
112000141,234,167,67
112000142,125,931,-806
112000143,389,185,204
112000144,194,1771,-1577
112000145,1038,579,459
112000146,499,2337,-1838
112000147,1072,1215,-143
112000148,1326,2289,-963
112000149,131,799,-668
112000150,87,693,-606
112000151,266,528,-262
112000152,138,340,-202
112000153,236,244,-8
112000154,91,152,-61
112000155,121,68,53
112000157,448,345,103
112000158,120,666,-546
112000159,148,268,-120
112000167,96,33,63
112000169,242,285,-43
112000173,253,154,99
112000175,151,298,-147
112000176,4066,1273,2793
112000177,206,58,148
112000178,27,381,-354
112000179,113,153,-40
112000180,179,240,-61
112000181,806,1790,-984
112000182,389,1791,-1402
112000183,21,39,-18
112000184,156,486,-330
112000185,146,512,-366
112000187,1769,1618,151
112000195,68,4,64
112000196,51,2,49
112000197,27,65,-38
112000198,15,313,-298
112000199,640,682,-42
112000202,136,0,136
112000216,33,137,-104
112000230,32,1,31
112000231,3,301,-298
112000256,21,126,-105
112000313,88,106,-18
112000314,5,13,-8
112000337,131,412,-281
112000352,151,136,15
112000392,1474,951,523
112000398,594,596,-2
112000399,2391,1154,1237
112000400,1130,3018,-1888
112000401,2764,3272,-508
112000402,918,1424,-506
112000403,1488,1299,189
112000404,231,449,-218
112000405,909,1734,-825
112000406,3773,3550,223
112000407,2724,3864,-1140
112000408,6674,6016,658
112000409,2410,5580,-3170
112000410,179,68,111
112000411,4767,577,4190
112000412,828,187,641
112000413,8785,1777,7008
112000414,77,104,-27
112000415,74,54,20
112000416,1080,995,85
112000417,108,54,54
112000421,29,136,-107
112000422,178,440,-262
112000424,2288,1154,1134
112000425,284,1490,-1206
112000426,73,228,-155
112000427,1,10,-9
112000428,68,449,-381
112000429,1484,2128,-644
112000430,1449,2437,-988
112000431,34,84,-50
112000432,433,2358,-1925
112000433,419,496,-77
112000437,14,359,-345
112900001,22,1,21
112900002,87,1302,-1215
112900003,9,300,-291
112900004,5,305,-300
112900005,66,213,-147
112900007,8,145,-137
112900008,9,6,3
112900009,290,64,226
112900010,134,616,-482
112900011,344,221,123
112900012,0,30,-30
112900013,0,137,-137
112900014,2,270,-268
112900015,253,816,-563
112900016,2,261,-259
112900017,20,183,-163
112900018,51,826,-775
112900019,33,95,-62
112900020,315,1279,-964
112900021,9,422,-413
112900022,3,64,-61
112900023,1,274,-273
112900024,16,223,-207
112900025,50,185,-135
112900026,6,243,-237
112900027,5,1392,-1387
112900028,13,117,-104
112900029,5,643,-638
112900030,231,178,53
112900031,7,536,-529
112900032,63,203,-140
112900034,1,37,-36
112900035,3,479,-476
112900036,22,108,-86
112900037,153,109,44
112900038,174,85,89
112900039,17,324,-307
112900040,1,211,-210
112900041,964,437,527
112900042,21,462,-441
112900043,21,49,-28
112900044,634,259,375
112900045,471,269,202
112900046,242,72,170
112900047,15,15,0
112900049,44,68,-24
112900050,58,402,-344
112900051,222,620,-398
112900052,2,1017,-1015
112900053,281,65,216
112900054,216,14,202
112900055,82,8,74
112900056,127,103,24
112900057,8,736,-728
112900058,228,82,146
112900059,76,99,-23
112900060,5,188,-183
112900061,51,124,-73
112900062,55,115,-60
112900063,101,3,98
112900064,102,185,-83
112900065,16,12,4
112900066,100,54,46
112900067,402,119,283
112900068,24,15,9
112900069,2214,305,1909
112900071,16,1,15
112900072,150,517,-367
112900073,116,20,96
112900074,21,64,-43
112900075,1845,335,1510
112900076,62,7,55
112900078,113,160,-47
112900079,89,8,81
112900080,28,1,27
112900081,28,91,-63
112900082,158,9,149
112900083,30,24,6
112900084,48,21,27
112900086,9,0,9
112900087,207,46,161
112900088,28,5,23
112900089,225,10,215
112900090,11,6,5
112900091,62,2,60
112900092,84,101,-17
112900093,626,12,614
112900095,8,0,8
112900096,167,70,97
112900097,14,374,-360
112900098,51,0,51
112900099,280,4,276
112900100,20,0,20
112900101,102,1,101
112900102,72,0,72
112900103,62,1,61
112900104,199,7,192
112900105,4,0,4
112900106,229,41,188
112900107,0,0,0
112900108,20,1,19
112900109,12,16,-4
112900110,289,5,284
112900111,250,1,249
112900112,91,2,89
112900113,0,13,-13
112900114,29,33,-4
112900115,259,0,259
112900116,28,2,26
112900117,142,106,36
112900118,34,63,-29
112900119,27,9,18
112900120,622,155,467
112900121,250,133,117
112900122,8,124,-116
112900123,106,9,97
112900124,3,129,-126
112900125,45,206,-161
112900126,89,216,-127
112900127,165,27,138
112900128,416,748,-332
112900129,1,801,-800
112900130,109,56,53
112900131,32,292,-260
112900132,34,428,-394
112900133,22,1098,-1076
112900134,1,245,-244
112900135,38,29,9
112900137,5,696,-691
112900138,1,414,-413
112900139,162,1083,-921
112900141,245,14,231
112900142,69,67,2
112900143,31,612,-581
112900144,6,1262,-1256
112900145,39,361,-322
112900146,8,1401,-1393
112900147,7,2547,-2540
112900148,14,0,14
112900149,108,491,-383
112900151,9,37,-28
112900152,4820,729,4091
112900153,1306,741,565
112900154,0,82,-82
112900155,56,12,44
112900156,172,1650,-1478
112900157,59,106,-47
112900158,7,13,-6
112900159,109,67,42
112900160,23,229,-206
112900161,45,31,14
112900162,32,12,20
112900163,83,16,67
112900164,13,78,-65
112900165,107,19,88
112900166,10,38,-28
112900167,2,16,-14
112900168,0,2,-2
112900169,3,11,-8
112900170,21,96,-75
112900172,61,6,55
112900173,198,60,138
112900174,156,8,148
112900175,92,60,32
112900176,4,6,-2
112900177,119,14,105
112900178,370,941,-571
112900179,32,514,-482
112900180,553,1877,-1324
112900181,159,13,146
112900182,31,1349,-1318
112900183,92,173,-81
112900184,323,217,106
112900185,157,290,-133
112900186,1080,429,651
112900187,37,227,-190
112900188,444,158,286
112900189,5,26,-21
112900190,5,39,-34
112900192,234,186,48
112900193,581,138,443
112900194,18,86,-68
112900195,360,17,343
112900196,137,480,-343
112900197,93,319,-226
112900199,106,300,-194
112900200,201,174,27
112900201,39,60,-21
112900202,115,804,-689
112900203,55,296,-241
112900204,635,211,424
112900205,6,14,-8
112900206,1,43,-42
112900207,3,0,3
112900208,69,47,22
112900209,364,342,22
112900210,0,2,-2
112900211,29,36,-7
112900212,1,43,-42
112900213,5,5,0
112900214,15,2,13
112900215,8,230,-222
112900216,23,35,-12
112900217,0,67,-67
112900218,28,1,27
112900219,48,21,27
112900220,22,0,22
112900221,1,158,-157
112900222,0,17,-17
112900223,241,8,233
112900224,93,780,-687
112900225,137,578,-441
112900226,100,138,-38
112900227,118,846,-728
112900228,26,19,7
112900229,42,62,-20
112900230,6313,1897,4416
112900232,151,75,76
112900233,24,186,-162
112900234,5,161,-156
112900235,31,16,15
112900236,109,5,104
112900237,23,414,-391
112900238,2,59,-57
112900239,394,234,160
112900240,4,146,-142
112900241,5,181,-176
112900242,6,250,-244
112900243,1,260,-259
112900244,2,147,-145
112900245,0,31,-31
112900246,4,8,-4
112900247,164,16,148
112900248,19,1,18
112900249,34,4,30
112900250,22,46,-24
112900251,7,14,-7
112900252,16,35,-19
112900253,12,39,-27
112900254,2,7,-5
112900255,0,21,-21
112900256,0,24,-24
112900257,4,14,-10
112900258,14,32,-18
113000001,3669,4136,-467
113000002,2976,3031,-55
113000003,1519,1645,-126
113000004,1781,1781,0
113000005,980,793,187
113000006,791,1037,-246
113000007,1107,1150,-43
113000008,972,1489,-517
113000009,478,768,-290
113000010,661,1271,-610
113000011,560,1421,-861
113000012,641,642,-1
113000013,709,411,298
113000014,1405,1251,154
113000015,353,168,185
113000016,194,238,-44
113000017,6,224,-218
113000018,171,31,140
113000019,21,231,-210
113000020,87,15,72
113000021,805,574,231
113000022,414,1116,-702
113000025,44,196,-152
113000026,161,329,-168
113000027,705,301,404
113000028,621,337,284
113000029,535,480,55
113000030,451,519,-68
113000031,330,231,99
113000032,226,181,45
113000033,243,236,7
113000034,360,262,98
113000035,29,28,1
113000036,20,32,-12
113000037,41,12,29
113000038,15,48,-33
113000039,50,413,-363
113000040,49,73,-24
113000042,609,495,114
113000051,470,1491,-1021
113000052,1970,828,1142
113000053,227,489,-262
113000054,117,600,-483
113000055,604,1025,-421
113000056,432,1419,-987
113000058,489,905,-416
113000059,1064,529,535
113000060,112,661,-549
113000061,594,648,-54
113000062,959,125,834
113000063,77,165,-88
113000064,15,372,-357
113000065,90,1156,-1066
113000066,261,106,155
113000067,857,961,-104
113000068,359,1933,-1574
113000069,337,1338,-1001
113000070,755,649,106
113000071,197,645,-448
113000072,284,374,-90
113000073,436,1223,-787
113000074,783,263,520
113000075,1616,375,1241
113000076,1063,1476,-413
113000077,1125,320,805
113000078,798,1161,-363
113000079,532,482,50
113000080,572,457,115
113000081,579,620,-41
113000082,739,496,243
113000083,405,511,-106
113000084,1248,923,325
113000085,589,429,160
113000086,832,982,-150
113000087,832,674,158
113000088,1578,965,613
113000089,746,1015,-269
113000090,208,322,-114
113000091,650,241,409
113000094,637,151,486
113000095,236,1033,-797
113000096,164,869,-705
113000097,501,239,262
113000098,54,29,25
113000099,754,206,548
113000100,117,424,-307
113000101,335,513,-178
113000102,369,226,143
113000103,2018,456,1562
113000104,269,1913,-1644
113000105,336,353,-17
113000106,237,559,-322
113000107,399,748,-349
113000108,682,1438,-756
113000109,347,2620,-2273
113000110,1170,459,711
113000111,145,537,-392
113000112,303,361,-58
113000113,1515,321,1194
113000114,303,830,-527
113000116,515,261,254
113000117,616,96,520
113000118,114,187,-73
113000119,143,292,-149
113000120,31,165,-134
113000121,335,743,-408
113000124,95,109,-14
113000125,26,368,-342
113000127,3196,397,2799
113000128,344,285,59
113000129,349,1058,-709
113000133,3461,679,2782
113000134,3,699,-696
113000135,2324,1968,356
113000137,1793,1144,649
113000139,294,133,161
113000140,104,188,-84
113000141,260,52,208
113000142,609,646,-37
113000143,196,152,44
113000144,260,544,-284
113000145,27,105,-78
113000146,70,75,-5
113000147,102,106,-4
113000148,45,125,-80
113000149,44,84,-40
113000150,337,308,29
113000151,80,43,37
113000152,48,125,-77
113000153,1500,343,1157
113000154,406,828,-422
113000155,129,232,-103
113000156,111,288,-177
113000157,225,451,-226
113000158,344,153,191
113000159,553,380,173
113000160,473,827,-354
113000161,172,511,-339
113000162,296,253,43
113000163,36,46,-10
113000164,15,78,-63
113000166,70,56,14
113000167,12,181,-169
113000168,70,209,-139
113000169,79,45,34
113000170,51,54,-3
113000171,55,89,-34
113000172,168,45,123
113000173,25,7,18
113000174,114,540,-426
113000175,188,89,99
113000176,251,92,159
113000177,110,416,-306
113000178,166,455,-289
113000179,186,95,91
113000180,398,1389,-991
113000181,635,966,-331
113000182,166,247,-81
113000183,180,511,-331
113000184,26,92,-66
113000189,344,466,-122
113000190,1188,312,876
113000192,2422,942,1480
113000193,4583,847,3736
113000194,2221,880,1341
113000195,2137,379,1758
113000196,100,95,5
113000197,1147,658,489
113000198,15,260,-245
113000199,519,281,238
113000201,620,185,435
113000202,2893,2002,891
113000203,473,122,351
113000204,1762,901,861
113000205,17,14,3
113000206,2,23,-21
113000207,38,12,26
113000208,24,19,5
113000209,11,13,-2
113000210,4,23,-19
113000211,316,152,164
113000212,207,18,189
113000213,16,98,-82
113000214,72,207,-135
113000234,155,1189,-1034
113000410,27,77,-50
113000411,1909,3306,-1397
113000412,8415,1498,6917
113000413,3792,1811,1981
113000414,8097,6803,1294
113000415,2291,1892,399
113000416,8443,2729,5714
113000417,2747,2015,732
113000418,2817,1972,845
113000419,1293,1221,72
113000420,2914,2439,475
113000421,2955,3313,-358
113000422,13153,5581,7572
113000423,2103,2669,-566
113000424,3675,5539,-1864
113000425,2,60,-58
113000428,31,8,23
113000430,6,13,-7
113000432,1050,108,942
113000433,78,904,-826
113000434,17,309,-292
113000435,7,734,-727
113000436,48,1385,-1337
113000437,270,16,254
113000438,75,19,56
113000439,7,138,-131
113000440,70,21,49
113000441,96,231,-135
113000442,91,253,-162
113000443,33,271,-238
113000444,82,342,-260
113000445,24,119,-95
113000446,19,96,-77
113000448,308,85,223
113000449,216,879,-663
113000450,587,2420,-1833
113000451,1806,105,1701
113000452,396,366,30
113000453,187,243,-56
113000454,1155,46,1109
113000455,96,100,-4
113000456,2940,1436,1504
113000468,2402,265,2137
113000469,173,57,116
113000470,420,58,362
113000471,8,301,-293
113000472,75,227,-152
113000474,270,591,-321
113000475,1146,1658,-512
113000476,594,1379,-785
113000477,1465,1623,-158
113000478,2973,5413,-2440
113000479,23,285,-262
113000484,0,0,0
113000485,0,0,0
113000486,0,0,0
113000487,0,0,0
113000488,0,0,0
113000489,0,0,0
113000490,0,0,0
113000491,2,0,2
113000492,1,0,1
113000493,0,0,0
113000495,174,162,12
113000496,52,56,-4
113000497,0,0,0
113000499,0,0,0
113900001,5,129,-124
113900002,1,159,-158
113900003,0,133,-133
113900004,0,46,-46
113900005,3,36,-33
113900006,0,54,-54
113900007,67,2,65
113900008,79,0,79
113900009,352,1,351
113900010,225,1,224
113900011,78,3,75
113900012,11,1,10
113900013,898,7,891
113900014,380,0,380
113900015,4,34,-30
113900016,5,0,5
113900017,0,57,-57
113900018,328,52,276
113900019,41,39,2
113900020,38,0,38
113900022,5,0,5
113900023,3,0,3
113900024,21,80,-59
113900025,245,9,236
113900026,18,0,18
113900027,2,93,-91
113900028,15,333,-318
113900029,31,289,-258
113900030,105,1,104
113900031,2,0,2
113900032,3,0,3
113900033,53,65,-12
113900035,29,1,28
113900036,12,107,-95
113900037,24,586,-562
113900038,91,85,6
113900039,71,10,61
113900040,1,0,1
113900041,3,0,3
113900042,62,35,27
113900043,124,74,50
113900044,94,66,28
113900045,17,2,15
113900046,147,654,-507
113900047,18,148,-130
113900048,218,33,185
113900049,666,143,523
113900050,100,357,-257
113900051,110,322,-212
113900052,140,114,26
113900053,311,209,102
113900054,6,0,6
113900055,81,486,-405
113900056,36,107,-71
113900057,11,82,-71
113900058,24,172,-148
113900059,90,286,-196
113900060,81,170,-89
113900061,609,244,365
113900062,50,3,47
113900063,37,90,-53
113900064,17,124,-107
113900065,285,21,264
113900066,169,323,-154
113900067,35,263,-228
113900068,280,234,46
113900069,20,5,15
113900070,153,432,-279
113900071,36,62,-26
113900072,26,124,-98
113900073,78,300,-222
113900074,25,358,-333
113900075,664,609,55
113900076,95,1,94
113900077,16,188,-172
113900078,20,30,-10
113900079,2,37,-35
113900080,233,92,141
113900081,17,159,-142
113900082,81,153,-72
113900083,90,574,-484
113900084,169,70,99
113900085,32,274,-242
113900086,7,14,-7
113900087,13,191,-178
113900088,38,50,-12
113900089,224,35,189
113900090,265,181,84
113900091,8,7,1
113900092,30,36,-6
113900093,44,362,-318
113900094,145,432,-287
113900095,37,58,-21
113900096,68,54,14
113900097,0,78,-78
113900098,266,46,220
113900099,0,37,-37
113900100,0,0,0
113900101,17,36,-19
113900102,83,68,15
113900103,151,151,0
113900104,48,103,-55
113900105,35,354,-319
113900106,1,61,-60
113900107,0,2,-2
113900108,129,144,-15
113900109,246,77,169
113900110,19,12,7
113900111,58,77,-19
113900112,52,75,-23
113900113,382,342,40
113900114,0,69,-69
113900115,1,27,-26
113900116,76,84,-8
113900117,63,10,53
113900118,146,166,-20
113900119,236,223,13
113900120,55,12,43
113900121,39,42,-3
113900122,197,852,-655
113900123,269,135,134
113900124,1,16,-15
113900125,1188,114,1074
113900126,89,20,69
113900127,89,274,-185
113900128,61,47,14
113900129,5,50,-45
113900130,0,2,-2
113900131,76,57,19
113900132,24,20,4
113900133,15,20,-5
113900135,138,411,-273
113900136,59,47,12
113900137,242,151,91
113900138,28,77,-49
113900139,399,84,315
113900140,379,121,258
113900141,185,431,-246
113900142,46,48,-2
113900143,11,10,1
113900144,201,89,112
113900145,160,149,11
113900146,28,32,-4
113900148,98,145,-47
113900149,85,40,45
113900150,858,357,501
113900151,141,192,-51
113900152,19,41,-22
113900153,281,342,-61
113900154,1,60,-59
113900155,155,70,85
113900156,184,447,-263
113900157,12,176,-164
113900158,262,127,135
113900159,9,166,-157
113900160,329,564,-235
113900161,53,154,-101
113900162,374,321,53
113900163,173,170,3
113900164,151,34,117
113900165,535,513,22
113900166,152,108,44
113900167,126,37,89
113900168,109,93,16
113900169,148,345,-197
113900171,43,33,10
113900172,6,151,-145
113900173,23,589,-566
113900174,321,572,-251
113900175,243,62,181
113900176,123,534,-411
113900177,218,137,81
113900178,186,91,95
113900179,19,702,-683
113900180,139,95,44
113900181,277,98,179
113900182,346,829,-483
113900183,13,45,-32
113900184,12,584,-572
113900185,145,64,81
113900186,9,29,-20
113900187,22,82,-60
113900188,46,92,-46
113900189,145,40,105
113900190,235,74,161
113900191,37,150,-113
113900192,2060,953,1107
113900193,18,293,-275
113900194,1768,810,958
113900195,277,391,-114
113900196,0,77,-77
113900197,2,299,-297
113900198,13,119,-106
113900199,130,521,-391
113900200,18,172,-154
113900201,1,208,-207
113900202,25,171,-146
113900203,11,239,-228
113900204,26,512,-486
113900205,2,68,-66
113900206,3,129,-126
113900207,0,36,-36
113900208,0,30,-30
113900209,1,36,-35
113900210,386,364,22
113900211,106,20,86
113900212,96,506,-410
113900214,262,250,12
113900215,28,115,-87
113900216,18,1149,-1131
113900217,10,320,-310
113900218,71,43,28
113900219,66,473,-407
113900220,83,52,31
113900221,196,131,65
113900222,1366,360,1006
113900223,75,967,-892
113900224,109,58,51
113900225,482,151,331
113900226,176,68,108
113900227,193,93,100
113900228,295,191,104
113900229,30,365,-335
113900230,3565,1067,2498
113900231,71,158,-87
113900232,50,75,-25
113900233,18,58,-40
113900234,101,325,-224
113900235,41,27,14
113900236,43,303,-260
113900237,63,1,62
113900238,115,218,-103
113900239,47,46,1
113900240,5,61,-56
113900241,62,32,30
113900242,38,94,-56
113900243,76,281,-205
113900244,399,136,263
113900245,896,212,684
113900246,5,4,1
113900247,111,170,-59
113900248,2902,812,2090
113900249,1024,184,840
113900250,35,111,-76
113900251,235,202,33
113900252,259,9,250
113900253,352,20,332
113900254,410,42,368
113900255,130,12,118
113900256,178,21,157
113900257,15,731,-716
113900258,11,520,-509
113900259,176,204,-28
113900260,60,1,59
113900261,13,121,-108
113900262,80,675,-595
113900263,75,383,-308
113900264,1,536,-535
113900265,127,229,-102
113900266,27,212,-185
113900267,72,470,-398
113900268,101,262,-161
113900269,30,83,-53
113900270,178,383,-205
113900271,364,1112,-748
113900273,277,10,267
113900274,21,7,14
113900275,26,53,-27
113900276,0,225,-225
113900277,56,4,52
113900278,184,101,83
113900279,68,58,10
113900280,916,669,247
113900281,201,547,-346
113900282,501,243,258
113900283,190,261,-71
113900284,423,98,325
113900285,42,14,28
113900286,8,98,-90
113900287,17,17,0
113900288,1,68,-67
113900289,1279,48,1231
113900290,333,72,261
113900291,112,113,-1
113900292,0,3,-3
113900293,3,199,-196
113900294,161,15,146
113900295,237,186,51
113900296,1054,97,957
113900297,547,29,518
113900298,4,1292,-1288
113900299,7,42,-35
113900300,3248,873,2375
113900301,694,198,496
113900302,2087,481,1606
113900303,442,135,307
113900304,1,163,-162
113900305,25,0,25
113900306,6,0,6
113900307,18,0,18
113900308,69,75,-6
113900309,0,726,-726
113900310,0,30,-30
113900311,7,0,7
113900312,70,62,8
113900313,3,2,1
113900314,3,33,-30
113900315,47,1,46
114000001,725,2814,-2089
114000002,101,452,-351
114000003,144,1287,-1143
114000004,149,398,-249
114000005,120,251,-131
114000006,2015,1367,648
114000007,426,1206,-780
114000008,1138,744,394
114000009,227,185,42
114000011,1666,3063,-1397
114000012,1113,2612,-1499
114000013,950,2065,-1115
114000014,373,565,-192
114000015,653,432,221
114000016,146,418,-272
114000017,54,136,-82
114000018,442,64,378
114000026,679,1494,-815
114000027,1266,2030,-764
114000028,1215,1692,-477
114000038,82,103,-21
114000039,92,293,-201
114000040,35,109,-74
114000042,55,154,-99
114000043,80,242,-162
114000044,149,194,-45
114000045,33,73,-40
114000046,1781,3470,-1689
114000047,13,54,-41
114000048,70,156,-86
114000049,1162,871,291
114000050,1263,893,370
114000051,2570,1157,1413
114000052,2280,933,1347
114000053,28,466,-438
114000054,65,1329,-1264
114000055,153,17,136
114000056,992,400,592
114000057,7613,2067,5546
114000058,402,442,-40
114000059,226,133,93
114000060,583,536,47
114000061,3017,1047,1970
114000062,2675,566,2109
114000063,3075,1354,1721
114000064,7386,1893,5493
114000065,1465,1705,-240
114000066,277,581,-304
114000067,17,295,-278
114000068,344,367,-23
114000069,482,374,108
114000070,1898,982,916
114000071,328,421,-93
114000072,149,318,-169
114000073,6,114,-108
114000074,8,23,-15
114000075,37,146,-109
114000076,4,181,-177
114000077,7,75,-68
114000078,54,1107,-1053
114000079,65,26,39
114000080,42,85,-43
114000081,24,99,-75
114000082,43,593,-550
114000083,23,229,-206
114000084,77,53,24
114000085,74,703,-629
114000086,77,642,-565
114000087,27,234,-207
114000088,17,28,-11
114000089,1452,363,1089
114000090,421,410,11
114000091,1198,278,920
114000092,669,191,478
114000093,615,484,131
114000094,256,311,-55
114000095,76,67,9
114000096,54,556,-502
114000097,88,909,-821
114000098,165,45,120
114000099,132,1040,-908
114000100,443,610,-167
114000101,172,1143,-971
114000102,146,218,-72
114000103,91,479,-388
114000104,2,263,-261
114000105,28,32,-4
114000106,700,270,430
114000107,69,99,-30
114000108,3490,1113,2377
114000109,275,565,-290
114000110,387,1724,-1337
114000111,530,350,180
114000112,234,2680,-2446
114000113,507,326,181
114000114,862,2048,-1186
114000115,1216,504,712
114000116,293,679,-386
114000117,1014,249,765
114000118,1084,240,844
114000119,672,227,445
114000120,365,1091,-726
114000121,283,455,-172
114000122,276,227,49
114000123,571,231,340
114000124,277,276,1
114000125,707,1897,-1190
114000126,618,151,467
114000127,59,159,-100
114000128,518,475,43
114000130,240,379,-139
114000131,98,26,72
114000132,558,628,-70
114000133,882,1060,-178
114000134,14,185,-171
114000138,30,143,-113
114000139,252,116,136
114000144,393,274,119
114000145,76,146,-70
114000146,68,287,-219
114000147,581,743,-162
114000148,1930,886,1044
114000149,217,184,33
114000150,1760,638,1122
114000151,1686,768,918
114000152,156,13,143
114000153,1413,1300,113
114000154,742,595,147
114000155,880,1180,-300
114000156,596,288,308
114000157,172,660,-488
114000158,2129,527,1602
114000159,179,274,-95
114000160,140,166,-26
114000161,1366,902,464
114000162,597,672,-75
114000163,1,126,-125
114000165,147,100,47
114000166,553,212,341
114000167,3864,1111,2753
114000168,463,320,143
114000169,1479,603,876
114000170,700,483,217
114000171,468,1203,-735
114000174,155,407,-252
114000176,568,499,69
114000177,2287,634,1653
114000178,24,46,-22
114000179,822,565,257
114000180,518,591,-73
114000181,1026,1545,-519
114000182,4869,1918,2951
114000183,748,936,-188
114000184,6716,1549,5167
114000185,657,626,31
114000189,219,40,179
114000190,941,132,809
114000191,12,26,-14
114000192,287,1427,-1140
114000193,846,2595,-1749
114000194,774,1352,-578
114000195,60,6,54
114000196,2,344,-342
114000197,482,104,378
114000198,960,326,634
114000199,1663,835,828
114000200,535,2366,-1831
114000201,131,1172,-1041
114000202,630,910,-280
114000203,419,1211,-792
114000204,81,441,-360
114000205,181,1677,-1496
114000206,277,1063,-786
114000207,554,2200,-1646
114000208,348,3431,-3083
114000209,582,3278,-2696
114000210,285,1629,-1344
114000211,626,1197,-571
114000212,339,701,-362
114000213,823,455,368
114000214,86,162,-76
114000215,81,60,21
114000216,563,249,314
114000217,85,272,-187
114000218,68,303,-235
114000219,526,309,217
114000220,10,1636,-1626
114000221,255,91,164
114000222,142,1199,-1057
114000223,210,49,161
114000224,82,708,-626
114000225,156,552,-396
114000226,44,208,-164
114000227,535,414,121
114000228,381,827,-446
114000229,415,1164,-749
114000230,982,1343,-361
114000231,518,1132,-614
114000232,294,92,202
114000233,1070,91,979
114000234,813,874,-61
114000235,525,1711,-1186
114000236,0,545,-545
114000237,48,1068,-1020
114000238,46,163,-117
114000239,126,1330,-1204
114000240,411,543,-132
114000241,236,997,-761
114000242,786,893,-107
114000243,765,693,72
114000244,413,332,81
114000245,229,494,-265
114000246,103,34,69
114000247,377,564,-187
114000248,525,456,69
114000249,366,455,-89
114000250,252,948,-696
114000251,152,333,-181
114000252,31,90,-59
114000253,28,215,-187
114000254,5,89,-84
114000255,386,89,297
114000256,2158,494,1664
114000257,689,1752,-1063
114000258,116,437,-321
114000259,28,232,-204
114000260,0,33,-33
114000261,22,24,-2
114000262,21,167,-146
114000263,12,1,11
114000264,240,491,-251
114000265,0,6,-6
114000267,2,1123,-1121
114000268,2,2252,-2250
114000270,75,3,72
114000271,237,70,167
114000283,432,403,29
114000285,40,290,-250
114000288,44,381,-337
114000289,675,190,485
114000293,56,331,-275
114000294,108,270,-162
114000395,792,36,756
114000396,165,263,-98
114000402,213,321,-108
114000403,153,620,-467
114000405,78,603,-525
114000423,68,487,-419
114000424,90,193,-103
114000425,180,485,-305
114000426,140,392,-252
114000427,29,109,-80
114000428,321,62,259
114000429,7,164,-157
114000432,51,115,-64
114000434,19,88,-69
114000435,0,102,-102
114900001,244,1557,-1313
114900002,235,38,197
114900003,206,2156,-1950
114900004,103,124,-21
114900005,189,868,-679
114900006,12,34,-22
114900007,52,4,48
114900008,51,24,27
114900010,2368,1125,1243
114900011,35,59,-24
114900013,56,56,0
114900018,514,50,464
114900020,51,50,1
114900022,4,600,-596
114900025,136,228,-92
114900026,51,44,7
114900029,68,11,57
114900030,104,211,-107
114900031,136,27,109
114900032,125,37,88
114900034,32,198,-166
114900035,135,211,-76
114900036,197,1138,-941
114900039,325,726,-401
114900040,45,234,-189
114900041,259,640,-381
114900042,382,887,-505
114900044,56,14,42
114900047,160,1043,-883
114900048,50,288,-238
114900049,28,314,-286
114900050,29,619,-590
114900051,10,576,-566
114900052,46,186,-140
114900053,26,206,-180
114900054,35,121,-86
114900057,110,5,105
114900058,0,71,-71
114900059,44,13,31
114900063,38,260,-222
114900064,527,747,-220
114900065,139,641,-502
114900067,26,295,-269
114900068,58,352,-294
114900069,208,158,50
114900070,173,637,-464
114900072,10,201,-191
114900073,1,134,-133
114900074,147,995,-848
114900075,54,3,51
114900076,3,274,-271
114900080,3300,355,2945
114900082,3161,1000,2161
114900083,515,691,-176
114900090,106,102,4
114900091,152,172,-20
114900097,38,0,38
114900098,4,192,-188
114900099,43,1,42
115000001,8396,5302,3094
115000002,2166,2305,-139
115000003,3023,4076,-1053
115000004,1765,3445,-1680
115000005,902,2739,-1837
115000006,442,1119,-677
115000007,88,141,-53
115000008,308,387,-79
115000009,124,328,-204
115000010,218,66,152
115000013,65,114,-49
115000015,131,175,-44
115000016,44,202,-158
115000019,16,314,-298
115000020,159,255,-96
115000021,237,363,-126
115000022,297,241,56
115000023,226,334,-108
115000024,843,447,396
115000025,545,316,229
115000026,92,281,-189
115000027,153,161,-8
115000028,81,518,-437
115000029,223,103,120
115000030,218,721,-503
115000031,624,102,522
115000032,6,293,-287
115000033,171,14,157
115000034,113,764,-651
115000035,590,51,539
115000036,0,344,-344
115000037,202,2,200
115000038,53,164,-111
115000039,2580,1549,1031
115000040,5803,3101,2702
115000041,755,1846,-1091
115000042,413,538,-125
115000043,2047,2065,-18
115000044,2281,3894,-1613
115000045,1436,2777,-1341
115000046,984,2292,-1308
115000047,1031,1909,-878
115000048,1060,2741,-1681
115000049,1230,2317,-1087
115000050,2152,1571,581
115000051,1847,1358,489
115000052,2849,1544,1305
115000053,1181,1021,160
115000054,627,1175,-548
115000055,125,304,-179
115000056,135,252,-117
115000057,312,451,-139
115000058,149,109,40
115000059,152,147,5
115000061,110,91,19
115000062,107,285,-178
115000063,189,286,-97
115000064,164,150,14
115000065,23,241,-218
115000067,173,19,154
115000069,22,272,-250
115000070,25,500,-475
115000071,67,10,57
115000072,16,44,-28
115000073,1110,30,1080
115000075,33,54,-21
115000076,2764,2968,-204
115000077,898,3474,-2576
115000078,468,1779,-1311
115000079,613,2160,-1547
115000080,1078,2524,-1446
115000081,339,656,-317
115000082,1990,2280,-290
115000083,1307,3167,-1860
115000084,711,999,-288
115000085,328,949,-621
115000086,430,783,-353
115000087,441,1297,-856
115000088,1165,459,706
115000089,1166,1217,-51
115000090,647,510,137
115000091,242,1165,-923
115000092,245,307,-62
115000093,283,1,282
115000094,7226,3655,3571
115000095,5901,3414,2487
115000096,395,2080,-1685
115000097,419,739,-320
115000098,430,744,-314
115000099,1178,3485,-2307
115000100,441,415,26
115000101,266,1452,-1186
115000102,299,146,153
115000103,284,774,-490
115000105,29,242,-213
115000106,214,205,9
115000107,91,573,-482
115000108,3417,2507,910
115000109,5290,1988,3302
115000110,867,579,288
115000111,452,1160,-708
115000112,295,390,-95
115000113,448,587,-139
115000114,1179,585,594
115000116,2503,1051,1452
115000117,2795,1350,1445
115000118,1161,1098,63
115000119,1409,1187,222
115000120,421,571,-150
115000121,1379,553,826
115000122,2957,685,2272
115000123,1337,871,466
115000124,821,612,209
115000125,248,341,-93
115000126,57,165,-108
115000127,230,72,158
115000128,930,553,377
115000129,167,152,15
115000130,189,1008,-819
115000131,237,219,18
115000132,70,504,-434
115000133,168,350,-182
115000134,123,204,-81
115000135,80,254,-174
115000136,83,171,-88
115000137,45,171,-126
115000138,111,185,-74
115000139,110,227,-117
115000140,107,163,-56
115000141,87,301,-214
115000142,65,305,-240
115000143,233,465,-232
115000144,355,79,276
115000145,197,465,-268
115000146,156,157,-1
115000147,301,504,-203
115000148,186,1362,-1176
115000149,293,197,96
115000150,475,1196,-721
115000151,426,312,114
115000152,374,1650,-1276
115000153,473,308,165
115000154,287,235,52
115000155,335,1200,-865
115000156,695,407,288
115000157,604,792,-188
115000158,411,288,123
115000159,646,262,384
115000160,426,178,248
115000161,188,427,-239
115000162,578,380,198
115000163,575,562,13
115000164,421,444,-23
115000165,322,294,28
115000167,82,77,5
115000168,428,166,262
115000169,469,221,248
115000170,122,133,-11
115000171,167,126,41
115000172,1530,369,1161
115000173,173,177,-4
115000174,37,203,-166
115000175,94,76,18
115000176,48,33,15
115000177,48,31,17
115000178,23,218,-195
115000179,23,16,7
115000180,30,553,-523
115000181,214,85,129
115000182,287,301,-14
115000183,129,900,-771
115000186,391,195,196
115000187,111,578,-467
115000188,285,306,-21
115000189,166,398,-232
115000190,461,360,101
115000191,150,281,-131
115000194,112,78,34
115000195,242,154,88
115000196,36,114,-78
115000197,118,375,-257
115000198,113,206,-93
115000199,78,292,-214
115000200,148,100,48
115000201,91,312,-221
115000206,100,44,56
115000207,28,286,-258
115000208,491,620,-129
115000209,414,93,321
115000210,74,112,-38
115000211,137,174,-37
115000212,1173,221,952
115000224,123,34,89
115000225,60,33,27
115000229,231,111,120
115000230,80,313,-233
115000231,239,2642,-2403
115000232,617,351,266
115000233,34,165,-131
115000234,9,200,-191
115000241,21,283,-262
115000242,47,295,-248
115000243,51,233,-182
115000244,5,108,-103
115000246,26,3,23
115000247,8,9,-1
115000248,7,5,2
115000249,33,7,26
115000250,186,34,152
115000251,91,107,-16
115000252,33,166,-133
115000253,4,176,-172
115000258,129,216,-87
115000259,228,98,130
115000261,9,26,-17
115000262,6,19,-13
115000263,2,29,-27
115000264,9,24,-15
115000267,31,51,-20
115000268,22,100,-78
115000269,51,35,16
115000270,1,7,-6
115000272,20,119,-99
115000273,193,22,171
115000280,2550,70,2480
115000281,574,184,390
115000282,456,315,141
115000284,186,72,114
115000296,587,19,568
115000297,101,71,30
115000298,48,142,-94
115000300,40,161,-121
115000302,185,158,27
115000303,274,125,149
115000304,292,62,230
115000305,49,1087,-1038
115000306,80,580,-500
115000307,42,336,-294
115000308,34,12,22
115000310,492,1057,-565
115000311,419,1195,-776
115000313,112,706,-594
115000314,175,53,122
115000315,1135,352,783
115000316,49,76,-27
115000317,105,562,-457
115000318,354,173,181
115000319,37,248,-211
115000320,13,107,-94
115000321,344,0,344
115000322,41,249,-208
115000449,192,69,123
115000557,39,392,-353
115000558,204,69,135
115000587,205,229,-24
115000588,1717,3643,-1926
115000589,2026,2474,-448
115000590,573,1618,-1045
115000591,849,631,218
115000592,458,1506,-1048
115000593,1062,451,611
115000594,720,1430,-710
115000609,67,151,-84
115000617,1719,1335,384
115000624,118,79,39
115000633,299,1297,-998
115000634,1813,551,1262
115000635,204,120,84
115000638,1125,503,622
115000641,104,116,-12
115000642,331,259,72
115000643,75,400,-325
115000644,148,365,-217
115000646,489,704,-215
115000647,103,301,-198
115000648,854,1446,-592
115000893,3026,768,2258
115000894,68,886,-818
115000895,353,736,-383
115000896,1224,259,965
115000897,391,59,332
115000898,389,148,241
115000899,904,886,18
115000900,79,317,-238
115000901,85,93,-8
115000912,204,53,151
115000913,2,16,-14
115000915,58,2,56
115000916,4,0,4
115000917,0,2,-2
115000918,64,169,-105
115000919,23,1,22
115000920,17,22,-5
115000921,1210,54,1156
115000922,1176,386,790
115000923,384,762,-378
115000925,22,62,-40
115000927,22,37,-15
115000933,393,118,275
115000934,69,144,-75
115000935,36,96,-60
115000936,46,269,-223
115000937,1238,118,1120
115000938,251,146,105
115000939,323,143,180
115000940,2,12,-10
115000941,15,12,3
115000942,58,47,11
115000943,68,14,54
115000944,5,2,3
115900001,24,81,-57
115900002,61,120,-59
115900003,74,95,-21
115900004,0,46,-46
115900005,62,2,60
115900006,30,424,-394
115900008,22,27,-5
115900009,37,253,-216
115900010,51,129,-78
115900011,109,248,-139
115900012,33,98,-65
115900013,220,121,99
115900014,111,111,0
115900015,32,120,-88
115900016,26,21,5
115900017,0,0,0
115900018,111,67,44
115900019,124,12,112
115900020,39,0,39
115900021,1427,94,1333
115900022,2552,5,2547
115900023,1,5,-4
115900025,33,119,-86
115900026,650,340,310
115900027,0,317,-317
115900028,491,49,442
115900029,1,508,-507
115900030,24,14,10
115900031,212,105,107
115900032,149,590,-441
115900033,0,20,-20
115900034,11,533,-522
115900035,10,97,-87
115900036,250,222,28
115900037,13,425,-412
115900038,6,7,-1
115900039,63,329,-266
115900041,282,252,30
115900042,5,6,-1
115900043,22,147,-125
115900044,167,148,19
115900046,110,252,-142
115900047,62,46,16
115900049,77,210,-133
115900051,0,39,-39
115900052,10,330,-320
115900053,109,279,-170
115900054,72,27,45
115900055,12,154,-142
115900056,65,397,-332
115900057,12,4,8
115900058,29,51,-22
115900060,70,107,-37
115900061,69,0,69
115900062,10,346,-336
115900063,36,11,25
115900064,125,164,-39
115900065,36,132,-96
115900066,121,175,-54
115900067,2,961,-959
115900068,3557,142,3415
115900069,26,140,-114
115900070,69,238,-169
115900071,0,635,-635
115900072,56,211,-155
115900073,29,31,-2
115900074,8,390,-382
115900075,7,292,-285
115900076,6,113,-107
115900077,2,309,-307
115900078,23,122,-99
115900079,47,3,44
115900080,468,204,264
115900081,4,85,-81
115900082,191,122,69
115900084,123,16,107
115900085,40,40,0
115900086,1324,391,933
115900088,25,36,-11
115900089,115,726,-611
115900090,104,16,88
115900091,1,7,-6
115900092,27,273,-246
115900093,2,34,-32
115900094,1,428,-427
115900096,3,18,-15
115900097,8,480,-472
115900098,43,527,-484
115900099,15,92,-77
115900100,6,515,-509
115900101,82,453,-371
115900102,13,79,-66
115900103,158,221,-63
115900104,14,140,-126
115900105,51,683,-632
115900106,23,12,11
115900107,12,270,-258
115900108,20,26,-6
115900109,27,363,-336
115900110,0,11,-11
115900111,3,56,-53
115900112,12,734,-722
115900113,43,21,22
115900114,3,158,-155
115900115,15,101,-86
115900116,63,836,-773
115900117,39,12,27
115900118,5,475,-470
115900119,74,56,18
115900120,17,279,-262
115900121,39,209,-170
115900124,122,233,-111
115900125,106,21,85
115900126,257,23,234
115900127,199,28,171
115900128,5,105,-100
115900129,294,18,276
115900130,20,169,-149
115900131,84,8,76
115900132,98,3,95
115900134,111,16,95
115900135,501,396,105
115900137,4,1,3
115900139,39,87,-48
115900140,82,4,78
115900141,8,47,-39
115900142,6,15,-9
115900143,72,303,-231
115900144,51,230,-179
115900146,6,174,-168
115900147,129,123,6
115900148,5,0,5
115900149,22,18,4
115900150,10,81,-71
115900151,5,54,-49
115900152,29,327,-298
115900153,32,202,-170
115900154,417,209,208
115900155,0,87,-87
115900156,273,420,-147
115900157,47,325,-278
115900158,25,8,17
115900159,26,168,-142
115900160,10,2,8
115900161,17,148,-131
115900163,54,72,-18
115900164,124,4,120
115900166,92,223,-131
115900168,30,117,-87
115900171,69,237,-168
115900172,23,86,-63
115900173,67,140,-73
115900174,201,163,38
115900175,45,143,-98
115900178,2,664,-662
115900179,123,4,119
115900180,73,350,-277
115900181,75,258,-183
115900182,166,323,-157
115900183,63,16,47
115900184,1364,11,1353
115900187,5,96,-91
115900189,0,61,-61
115900190,123,401,-278
115900191,38,431,-393
115900192,3,56,-53
115900193,48,55,-7
115900194,161,26,135
115900195,316,533,-217
115900198,116,165,-49
115900199,126,235,-109
115900200,226,302,-76
115900201,235,133,102
115900202,0,9,-9
115900203,3,7,-4
115900204,0,3,-3
115900205,27,2,25
115900206,47,118,-71
115900207,6,29,-23
115900208,73,364,-291
115900209,2,144,-142
115900210,2,124,-122
115900211,3,199,-196
115900212,47,187,-140
115900213,39,30,9
115900214,103,180,-77
115900215,7,21,-14
115900216,5,80,-75
115900217,0,75,-75
115900218,1,60,-59
115900219,36,0,36
115900220,44,17,27
115900221,35,7,28
115900222,16,6,10
115900223,6,64,-58
115900224,1512,267,1245
115900225,57,25,32
115900226,17,22,-5
115900227,4,30,-26
115900228,7,38,-31
115900229,2,61,-59
115900230,25,76,-51
115900231,53,1,52
115900232,20,2,18
115900233,28,3,25
115900234,20,14,6
115900235,1,17,-16
115900236,13,14,-1
115900237,4,21,-17
115900238,5,8,-3
115900239,5,39,-34
115900240,5,63,-58
115900241,74,48,26
115900242,224,137,87
115900243,2,4,-2
115900244,1,9,-8
115900245,9,5,4
115900246,4,0,4
115900247,9,3,6
115900248,2,4,-2
115900249,2,9,-7
115900250,0,4,-4
115900251,1,2,-1
115900252,0,0,0
115900253,3,1,2
115900254,3,12,-9
115900255,1,9,-8
115900256,17,9,8
115900257,3,4,-1
115900258,0,0,0
115900259,1,0,1
115900260,7,4,3
115900261,2,3,-1
115900262,0,0,0
115900263,3,4,-1
115900264,3,4,-1
115900265,2,1,1
115900266,2,1,1
115900267,1,3,-2
115900268,2,9,-7
115900269,167,282,-115
115900270,108,720,-612
115900271,25,1,24
115900272,13,0,13
115900273,4,4,0
115900274,2,17,-15
115900275,0,30,-30
115900276,0,44,-44
115900277,0,156,-156
115900278,6,88,-82
115900279,7,129,-122
115900280,10,108,-98
115900281,545,113,432
115900282,14,9,5
115900283,12,2,10
115900284,4,6,-2
116000001,16018,4336,11682
116000002,3020,3859,-839
116000003,1273,1804,-531
116000004,1214,1211,3
116000005,2288,3128,-840
116000006,1563,854,709
116000007,2480,3944,-1464
116000008,1831,1176,655
116000009,1418,2756,-1338
116000010,1061,719,342
116000011,760,2004,-1244
116000012,554,466,88
116000013,10315,2241,8074
116000014,18922,5786,13136
116000015,415,611,-196
116000016,5668,1360,4308
116000017,43,361,-318
116000018,576,309,267
116000019,341,195,146
116000020,327,994,-667
116000021,189,205,-16
116000022,237,462,-225
116000023,488,369,119
116000024,491,1318,-827
116000025,466,395,71
116000026,1307,1941,-634
116000027,261,359,-98
116000028,319,389,-70
116000029,633,398,235
116000030,332,264,68
116000031,91,163,-72
116000032,263,179,84
116000033,245,434,-189
116000034,402,726,-324
116000035,239,414,-175
116000036,1671,382,1289
116000037,606,316,290
116000038,474,195,279
116000039,686,180,506
116000040,739,124,615
116000041,295,339,-44
116000042,313,138,175
116000043,79,425,-346
116000044,7,127,-120
116000045,1033,710,323
116000046,922,726,196
116000047,1594,1313,281
116000048,1460,1156,304
116000049,716,1341,-625
116000050,1012,1036,-24
116000051,2338,1165,1173
116000052,2809,2708,101
116000053,1026,938,88
116000054,433,1529,-1096
116000055,329,1008,-679
116000056,501,873,-372
116000057,2163,1595,568
116000058,2526,1275,1251
116000059,2583,3455,-872
116000060,2627,642,1985
116000061,389,660,-271
116000062,602,224,378
116000063,395,865,-470
116000066,186,343,-157
116000067,225,553,-328
116000068,151,199,-48
116000069,184,341,-157
116000078,229,868,-639
116000080,912,925,-13
116000082,8,66,-58
116000083,745,283,462
116000084,1756,3655,-1899
116000085,1331,827,504
116000086,2232,1502,730
116000087,866,900,-34
116000088,594,1138,-544
116000089,135,94,41
116000090,100,140,-40
116000091,136,113,23
116000093,394,673,-279
116000094,306,631,-325
116000095,366,583,-217
116000096,450,852,-402
116000097,282,705,-423
116000098,277,2836,-2559
116000099,8839,263,8576
116000100,105,6,99
116000101,264,1764,-1500
116000102,165,1359,-1194
116000103,291,213,78
116000104,100,1690,-1590
116000105,497,192,305
116000106,267,1318,-1051
116000107,1065,428,637
116000108,94,137,-43
116000111,30,26,4
116000113,39,46,-7
116000114,30,115,-85
116000115,102,77,25
116000116,157,490,-333
116000117,807,1564,-757
116000118,721,1127,-406
116000119,1398,1518,-120
116000120,1818,3868,-2050
116000121,382,340,42
116000122,1182,2335,-1153
116000123,312,393,-81
116000124,216,930,-714
116000125,1289,408,881
116000126,183,1378,-1195
116000127,851,1459,-608
116000128,666,495,171
116000129,445,161,284
116000130,187,158,29
116000133,305,888,-583
116000134,1009,2880,-1871
116000135,818,1020,-202
116000136,636,2576,-1940
116000137,455,411,44
116000138,894,257,637
116000139,989,1675,-686
116000140,93,214,-121
116000141,239,1025,-786
116000142,3475,3789,-314
116000143,1559,1151,408
116000144,955,2777,-1822
116000145,1132,1255,-123
116000146,191,433,-242
116000147,203,92,111
116000148,197,346,-149
116000149,254,432,-178
116000151,401,994,-593
116000153,29,400,-371
116000155,213,154,59
116000156,367,1096,-729
116000157,17,21,-4
116000158,294,230,64
116000159,11,15,-4
116000160,9,97,-88
116000161,2,64,-62
116000162,44,55,-11
116000163,2,13,-11
116000164,0,12,-12
116000177,37,81,-44
116000194,24,298,-274
116000195,1279,612,667
116000196,3,6,-3
116000197,3,15,-12
116000198,2315,791,1524
116000200,527,162,365
116000201,528,565,-37
116000202,2,289,-287
116000203,6,78,-72
116000204,7,40,-33
116000205,0,125,-125
116000206,0,55,-55
116000207,0,30,-30
116000233,103,632,-529
116000287,62,679,-617
116000288,65,247,-182
116000292,23,146,-123
116000296,11,252,-241
116000297,42,12,30
116000304,25,18,7
116000305,28,76,-48
116000346,52,128,-76
116000352,70,25,45
116000354,31,9,22
116000357,7,6,1
116000358,98,35,63
116000361,699,2,697
116000372,8416,1729,6687
116000381,80,1,79
116000388,0,23,-23
116000389,465,414,51
116000445,147,833,-686
116000446,171,1255,-1084
116000447,18,406,-388
116000448,541,278,263
116000563,847,512,335
116000565,64,380,-316
116000568,39,65,-26
116000579,20,97,-77
116000583,42,71,-29
116000584,9,1,8
116000585,2,20,-18
116000586,222,107,115
116000587,206,382,-176
116000589,28,63,-35
116000590,44,54,-10
116000591,59,270,-211
116000592,7,139,-132
116000593,0,47,-47
116000594,131,570,-439
116000595,334,127,207
116000596,33,5,28
116000597,94,38,56
116000598,8,198,-190
116000605,180,153,27
116000606,25,167,-142
116000607,7,57,-50
116000609,140,535,-395
116000611,43,624,-581
116000612,518,1468,-950
116000613,198,254,-56
116000614,348,872,-524
116000615,1,100,-99
116000616,24,139,-115
116000617,50,125,-75
116000618,1,175,-174
116000619,16,31,-15
116000620,53,296,-243
116000621,17,47,-30
116000622,20,90,-70
116000624,44,57,-13
116000627,18,127,-109
116000628,27,634,-607
116000629,12,374,-362
116000630,115,29,86
116000631,41,51,-10
116000632,200,125,75
116000633,57,420,-363
116000634,156,279,-123
116000635,2762,1140,1622
116000636,1701,837,864
116000637,174,143,31
116000638,39,499,-460
116000639,32,2,30
116000640,13,6,7
116000641,33,172,-139
116000643,0,185,-185
116000644,13,1223,-1210
116000645,5,18,-13
116900001,137,151,-14
116900002,254,2,252
116900003,5,75,-70
116900004,13,15,-2
116900005,136,42,94
116900006,133,126,7
116900007,87,187,-100
116900008,145,451,-306
116900009,5,0,5
116900010,283,2031,-1748
116900011,9,30,-21
116900012,91,207,-116
116900013,4,144,-140
116900014,46,441,-395
116900015,101,72,29
116900016,77,0,77
116900017,3,748,-745
116900018,24,34,-10
116900019,3,362,-359
116900020,1390,246,1144
116900023,54,3,51
116900024,194,61,133
116900025,262,1129,-867
116900026,112,602,-490
116900027,11,42,-31
116900028,2,118,-116
116900029,0,13,-13
116900031,14,12,2
116900032,3,442,-439
116900033,2,8,-6
116900034,7,91,-84
116900035,36,197,-161
116900036,1,90,-89
116900038,3,1,2
116900041,27,15,12
116900042,882,134,748
116900043,2,60,-58
116900047,64,39,25
116900049,37,288,-251
116900050,60,421,-361
116900051,21,279,-258
116900052,118,77,41
116900055,0,4,-4
116900057,5,257,-252
116900058,11,329,-318
116900059,0,163,-163
116900060,107,187,-80
116900062,0,3,-3
116900064,30,1158,-1128
116900065,2,88,-86
116900067,48,110,-62
116900068,57,333,-276
116900070,5,1,4
116900072,10,495,-485
116900073,2,207,-205
116900074,2,30,-28
116900076,6,41,-35
116900077,9,265,-256
116900078,218,123,95
116900079,11,411,-400
116900080,2,17,-15
116900081,249,1334,-1085
116900082,126,731,-605
116900083,42,64,-22
116900084,158,33,125
116900085,14,116,-102
116900086,20,255,-235
116900088,347,40,307
116900090,98,62,36
116900091,95,96,-1
116900092,40,834,-794
116900093,1263,1624,-361
116900094,5263,1776,3487
116900095,204,199,5
116900096,74,121,-47
116900097,3610,1371,2239
116900098,721,148,573
116900099,474,329,145
116900100,296,5,291
116900101,207,563,-356
116900103,2,0,2
116900104,46,56,-10
116900105,140,28,112
116900106,332,10,322
116900107,4085,858,3227
116900110,16,0,16
116900111,148,974,-826
116900112,118,919,-801
116900113,2572,700,1872
116900116,90,206,-116
116900117,20,82,-62
116900118,893,452,441
116900120,93,124,-31
116900121,23,24,-1
116900122,211,1081,-870
116900123,76,1018,-942
116900124,77,759,-682
116900125,122,236,-114
116900126,168,357,-189
116900128,0,29,-29
116900129,1,318,-317
116900130,911,1399,-488
116900131,43,154,-111
116900132,14,58,-44
116900133,60,70,-10
116900134,114,206,-92
116900136,71,138,-67
116900137,165,169,-4
116900138,95,216,-121
116900139,43,362,-319
116900140,76,88,-12
116900141,330,258,72
116900142,6,19,-13
116900143,122,415,-293
116900144,4,33,-29
116900145,53,305,-252
116900147,585,209,376
116900148,1,27,-26
116900149,13,89,-76
116900150,2,2,0
116900151,52,11,41
116900153,39,52,-13
116900154,533,123,410
116900155,47,28,19
116900157,169,343,-174
116900158,44,65,-21
116900159,26,156,-130
116900160,399,150,249
116900161,8916,2906,6010
116900162,11,139,-128
116900163,63,140,-77
116900164,41,25,16
116900165,141,59,82
116900166,4,113,-109
116900167,182,53,129
116900168,75,60,15
116900169,728,160,568
116900170,160,133,27
116900171,9,164,-155
116900172,187,89,98
116900173,41,27,14
116900174,15,26,-11
116900175,94,52,42
116900178,10,191,-181
116900179,58,95,-37
116900180,54,25,29
116900182,205,177,28
116900183,68,71,-3
116900185,16,11,5
116900186,66,331,-265
116900187,9,10,-1
116900188,56,7,49
116900189,6,1,5
116900191,217,288,-71
116900192,138,176,-38
116900194,45,457,-412
116900195,20,12,8
116900196,11,113,-102
116900197,35,5,30
116900198,161,114,47
116900200,17,73,-56
116900201,36,1,35
116900202,76,35,41
116900203,38,1,37
116900204,30,35,-5
116900206,13,51,-38
116900207,23,22,1
116900208,3,158,-155
116900209,3,153,-150
116900210,199,172,27
116900211,126,5,121
116900212,13,88,-75
116900213,116,201,-85
116900214,53,110,-57
116900215,27,83,-56
116900216,130,377,-247
116900218,8,301,-293
116900219,585,253,332
116900220,42,115,-73
116900221,31,164,-133
116900222,230,223,7
116900223,45,122,-77
116900226,11,69,-58
116900227,62,68,-6
116900228,143,282,-139
116900230,49,408,-359
116900231,6,510,-504
116900232,2,574,-572
116900233,133,68,65
116900234,3,9,-6
116900235,269,419,-150
116900238,1267,314,953
116900239,17,639,-622
116900240,6023,1993,4030
116900241,16,128,-112
116900242,1288,208,1080
116900243,2,48,-46
116900245,9,8,1
116900246,31,10,21
116900247,243,7,236
116900248,51,14,37
116900249,70,65,5
116900250,104,35,69
116900251,327,142,185
116900252,23,912,-889
116900254,1,81,-80
116900255,32,36,-4
116900256,141,90,51
116900257,3,701,-698
116900258,5,417,-412
116900259,44,2,42
116900260,1,156,-155
116900261,13,0,13
116900262,35,120,-85
116900263,0,23,-23
116900264,26,17,9
116900265,9,0,9
116900266,8,57,-49
116900267,4,1,3
116900268,14,0,14
116900269,233,426,-193
116900271,1629,61,1568
116900272,489,533,-44
116900273,293,46,247
116900274,43,59,-16
116900275,66,142,-76
116900276,271,34,237
116900277,601,13,588
116900278,5,14,-9
116900279,0,11,-11
116900280,7,23,-16
116900281,7011,1599,5412
116900282,1,154,-153
116900283,14,193,-179
116900284,8,278,-270
116900285,355,186,169
116900286,168,8,160
116900287,2,73,-71
116900288,30,180,-150
116900289,5,32,-27
116900290,2,35,-33
116900291,0,13,-13
116900292,0,1,-1
116900293,7,86,-79
116900294,20,102,-82
116900295,114,25,89
116900296,58,72,-14
116900297,2,45,-43
116900298,100,41,59
116900299,48,30,18
116900300,1,60,-59
116900301,60,76,-16
116900302,53,44,9
116900303,334,38,296
116900304,0,83,-83
116900305,10,37,-27
116900306,42,248,-206
116900307,23,0,23
116900308,0,233,-233
116900309,12,102,-90
116900310,18,47,-29
117000001,689,774,-85
117000002,2324,3307,-983
117000003,4871,1792,3079
117000004,3470,4556,-1086
117000005,1422,1148,274
117000006,997,4327,-3330
117000007,1754,982,772
117000008,1019,4352,-3333
117000009,3037,1180,1857
117000010,2313,4091,-1778
117000011,1037,1594,-557
117000012,1017,1825,-808
117000013,917,1125,-208
117000014,759,2428,-1669
117000015,2691,941,1750
117000016,532,68,464
117000017,435,153,282
117000018,109,229,-120
117000019,186,15,171
117000020,768,684,84
117000021,3404,557,2847
117000022,720,50,670
117000023,826,143,683
117000024,369,61,308
117000025,745,368,377
117000026,3145,588,2557
117000027,2924,1359,1565
117000028,3534,555,2979
117000030,694,659,35
117000031,304,218,86
117000032,1821,1323,498
117000033,830,635,195
117000034,319,290,29
117000035,212,240,-28
117000036,345,311,34
117000037,213,170,43
117000038,263,449,-186
117000039,327,274,53
117000040,80,1333,-1253
117000041,365,114,251
117000044,23,1350,-1327
117000045,307,39,268
117000046,400,1063,-663
117000047,674,384,290
117000048,1651,1279,372
117000049,120,329,-209
117000050,45,1809,-1764
117000051,709,84,625
117000052,25,967,-942
117000053,427,72,355
117000054,913,4,909
117000055,116,3414,-3298
117000056,286,13,273
117000057,594,2234,-1640
117000060,323,1564,-1241
117000061,1070,591,479
117000062,114,576,-462
117000063,1204,508,696
117000064,787,793,-6
117000066,780,533,247
117000067,93,207,-114
117000074,129,139,-10
117000076,68,29,39
117000077,57,71,-14
117000078,84,447,-363
117000079,233,149,84
117000080,1,353,-352
117000081,554,97,457
117000082,18,148,-130
117000083,219,301,-82
117000084,287,0,287
117000085,138,416,-278
117000086,970,715,255
117000087,65,460,-395
117000088,234,155,79
117000089,882,285,597
117000090,182,1618,-1436
117000091,346,238,108
117000092,264,1745,-1481
117000093,567,534,33
117000094,585,2534,-1949
117000095,1616,606,1010
117000096,532,2520,-1988
117000097,647,1030,-383
117000098,2335,5716,-3381
117000099,1725,637,1088
117000100,96,141,-45
117000101,181,1405,-1224
117000102,856,400,456
117000103,699,1960,-1261
117000104,738,447,291
117000105,705,1830,-1125
117000106,690,629,61
117000107,360,1705,-1345
117000108,826,763,63
117000109,1782,3055,-1273
117000110,786,548,238
117000111,2707,4211,-1504
117000112,1764,1678,86
117000113,61,405,-344
117000114,101,115,-14
117000115,35,177,-142
117000116,37,231,-194
117000117,1077,341,736
117000118,284,144,140
117000119,791,61,730
117000120,227,98,129
117000121,141,413,-272
117000122,623,820,-197
117000123,1692,15,1677
117000124,753,25,728
117000125,398,31,367
117000126,90,33,57
117000127,127,247,-120
117000128,413,417,-4
117000129,788,359,429
117000130,63,0,63
117000131,0,261,-261
117000132,927,71,856
117000133,500,153,347
117000134,1,46,-45
117000135,8,23,-15
117000136,0,52,-52
117000137,47,53,-6
117000138,2,528,-526
117000140,482,1899,-1417
117000141,1025,568,457
117000181,977,432,545
117000182,151,109,42
117000195,99,1293,-1194
117000196,73,53,20
117000225,189,3,186
117000226,7,72,-65
117000276,100,4,96
117000277,0,688,-688
117000310,2011,2632,-621
117000315,41,724,-683
117000320,75,0,75
117000906,119,1,118
117000907,12,471,-459
117000909,95,23,72
117000910,161,126,35
117000911,80,186,-106
117000915,6,677,-671
117000916,1,0,1
117000917,368,21,347
117000918,21,39,-18
117000919,11,167,-156
117000920,6,1618,-1612
117000921,5,2559,-2554
117000922,65,103,-38
117000924,405,508,-103
117000926,1236,76,1160
117000927,1923,279,1644
117000928,0,307,-307
117000929,87,732,-645
117000930,192,270,-78
117000931,604,69,535
117900002,135,299,-164
117900003,653,250,403
117900005,5,5,0
117900006,0,19,-19
117900007,71,190,-119
117900008,0,49,-49
117900010,241,171,70
117900011,16,4,12
117900012,39,187,-148
117900013,0,339,-339
117900014,725,282,443
117900015,17,252,-235
117900016,1229,327,902
117900017,618,776,-158
117900018,215,45,170
117900019,174,772,-598
117900020,44,192,-148
117900021,29,114,-85
117900023,694,129,565
117900024,56,122,-66
117900025,20,9,11
117900026,171,666,-495
117900028,57,2,55
117900029,137,1384,-1247
117900031,143,82,61
117900032,468,344,124
117900033,113,1043,-930
117900034,45,47,-2
117900035,131,50,81
117900036,102,805,-703
117900037,32,106,-74
117900038,19,459,-440
117900039,1,96,-95
117900040,60,546,-486
117900041,6,66,-60
117900042,4523,387,4136
117900043,26,60,-34
117900044,117,3280,-3163
117900045,89,64,25
117900048,89,370,-281
117900049,105,940,-835
117900050,8,49,-41
117900051,73,2,71
117900052,62,161,-99
117900053,604,694,-90
117900054,2,5,-3
117900055,123,155,-32
117900056,354,41,313
117900057,672,1326,-654
117900058,94,13,81
117900059,242,58,184
117900060,437,5921,-5484
117900061,14,170,-156
117900063,121,285,-164
117900065,703,1127,-424
117900066,5,31,-26
117900067,223,364,-141
117900069,419,526,-107
117900070,213,1,212
117900071,50,112,-62
117900073,190,432,-242
117900074,217,2,215
117900075,32,68,-36
117900076,17,73,-56
117900077,136,97,39
117900078,148,298,-150
117900080,135,43,92
117900081,493,411,82
117900082,204,175,29
117900083,169,825,-656
117900086,39,29,10
117900087,33,28,5
117900088,2438,1566,872
117900089,883,222,661
117900090,368,1094,-726
117900091,117,121,-4
117900092,56,36,20
117900093,21,80,-59
117900094,16,6,10
117900095,346,1160,-814
117900096,18,196,-178
117900097,62,80,-18
117900098,5,3,2
117900099,123,478,-355
117900100,74,0,74
117900101,301,799,-498
117900102,24,63,-39
117900103,11,0,11
117900104,16,117,-101
117900105,100,208,-108
117900106,47,42,5
117900107,8,0,8
117900109,187,230,-43
117900110,17,0,17
117900111,176,8,168
117900112,35,12,23
117900113,3719,1238,2481
117900114,6,0,6
117900115,359,19,340
117900116,841,689,152
117900117,178,283,-105
117900118,3,0,3
117900119,24,273,-249
117900120,34,117,-83
117900121,35,11,24
117900122,934,1216,-282
117900123,476,889,-413
117900124,566,495,71
117900125,922,681,241
117900126,242,527,-285
117900127,221,614,-393
117900128,123,1012,-889
117900129,16,0,16
117900130,610,259,351
117900131,1,133,-132
117900132,3,102,-99
117900133,2,125,-123
117900134,52,160,-108
117900135,10,287,-277
117900136,0,67,-67
117900137,47,330,-283
117900138,1,65,-64
117900139,40,169,-129
117900140,5844,23,5821
117900141,146,268,-122
117900142,191,11,180
117900144,72,107,-35
117900145,52,7,45
117900146,159,65,94
117900147,22,39,-17
117900148,2517,899,1618
117900149,20,157,-137
117900150,5,77,-72
117900151,22,142,-120
117900152,104,67,37
117900153,12,113,-101
117900154,307,809,-502
117900156,519,660,-141
117900157,50,364,-314
117900158,71,65,6
117900160,290,241,49
117900161,2125,2295,-170
117900162,193,431,-238
117900163,84,10,74
117900165,0,7,-7
117900166,87,142,-55
117900168,86,112,-26
117900169,1,63,-62
117900170,0,25,-25
117900171,0,16,-16
117900172,14,23,-9
117900173,94,46,48
117900174,22,26,-4
117900175,0,25,-25
117900176,8,43,-35
117900177,19,38,-19
117900178,95,26,69
117900180,171,19,152
117900181,111,145,-34
117900182,0,25,-25
117900183,17,137,-120
117900184,21,40,-19
117900185,6,29,-23
117900186,10,20,-10
117900187,7,8,-1
117900188,124,23,101
117900189,48,14,34
117900190,7,0,7
117900191,40,0,40
117900192,41,0,41
117900193,0,24,-24
117900194,2,1,1
117900195,14,23,-9
117900196,8,16,-8
117900207,118,61,57
117900208,9,32,-23
117900209,137,144,-7
117900210,84,100,-16
117900211,1,126,-125
117900212,57,127,-70
117900213,9,2,7
117900214,2,41,-39
117900215,29,65,-36
117900216,51,33,18
117900217,208,54,154
117900218,263,174,89
117900219,10,29,-19
117900220,73,32,41
117900222,190,231,-41
117900223,133,169,-36
118000001,605,441,164
118000002,1169,1530,-361
118000003,1569,1078,491
118000004,2728,1750,978
118000005,5701,1798,3903
118000006,7276,5768,1508
118000007,5189,1941,3248
118000008,4604,2262,2342
118000009,4412,2241,2171
118000010,1937,2827,-890
118000011,731,2505,-1774
118000012,671,2505,-1834
118000013,2246,2558,-312
118000014,2151,3442,-1291
118000016,169,395,-226
118000017,137,286,-149
118000018,192,556,-364
118000019,1483,1166,317
118000020,855,1070,-215
118000021,500,1412,-912
118000022,1332,427,905
118000023,916,261,655
118000024,1321,562,759
118000027,17659,4776,12883
118000029,1057,446,611
118000032,1458,1420,38
118000033,1962,1693,269
118000034,4191,1536,2655
118000035,1315,1154,161
118000036,931,778,153
118000037,479,823,-344
118000038,86,136,-50
118000039,54,401,-347
118000040,1227,2105,-878
118000041,1610,1298,312
118000045,519,40,479
118000046,2014,416,1598
118000047,1626,410,1216
118000048,3289,859,2430
118000051,1713,697,1016
118000052,1055,479,576
118000053,303,322,-19
118000054,1279,977,302
118000055,974,1394,-420
118000056,154,181,-27
118000057,121,283,-162
118000058,3043,902,2141
118000059,1977,602,1375
118000060,479,647,-168
118000061,558,935,-377
118000062,435,208,227
118000063,274,357,-83
118000064,730,896,-166
118000065,4449,1289,3160
118000066,704,937,-233
118000067,1050,647,403
118000068,1602,2823,-1221
118000069,3334,938,2396
118000070,6727,1003,5724
118000071,3276,4008,-732
118000072,1818,873,945
118000073,2848,362,2486
118000074,258,462,-204
118000075,579,221,358
118000076,1156,1074,82
118000077,1180,907,273
118000078,1496,1354,142
118000079,184,221,-37
118000080,1000,688,312
118000081,1187,911,276
118000082,248,571,-323
118000083,1838,876,962
118000084,1986,1170,816
118000086,164,439,-275
118000087,5818,2147,3671
118000088,1554,1431,123
118000089,3669,1845,1824
118000090,1937,2133,-196
118000091,666,1026,-360
118000092,992,316,676
118000093,96,512,-416
118000096,309,385,-76
118000097,478,392,86
118000098,176,202,-26
118000099,268,817,-549
118000101,520,414,106
118000102,250,1320,-1070
118000107,3407,342,3065
118000108,457,962,-505
118000110,2,28,-26
118000111,3,849,-846
118000112,189,1,188
118000113,4,1239,-1235
118000114,123,4,119
118000115,10,11,-1
118000116,22,1,21
118000117,1101,775,326
118000118,661,593,68
118000119,517,866,-349
118000120,1143,1274,-131
118000121,71,471,-400
118000122,1011,206,805
118000123,30,212,-182
118000125,1450,1217,233
118000126,533,1238,-705
118000127,1373,434,939
118000128,1149,1236,-87
118000129,516,196,320
118000130,2170,3245,-1075
118000131,421,1056,-635
118000132,1675,1210,465
118000133,429,407,22
118000135,302,220,82
118000136,84,570,-486
118000137,519,77,442
118000138,199,771,-572
118000139,100,115,-15
118000140,1712,2386,-674
118000141,1121,1692,-571
118000142,863,1809,-946
118000143,964,824,140
118000144,1220,867,353
118000145,876,1686,-810
118000146,754,1257,-503
118000147,431,1499,-1068
118000148,372,1408,-1036
118000149,454,1141,-687
118000150,138,300,-162
118000151,159,387,-228
118000153,492,861,-369
118000154,732,1552,-820
118000155,503,1010,-507
118000156,1719,1843,-124
118000157,267,335,-68
118000158,115,343,-228
118000159,4,72,-68
118000160,231,359,-128
118000161,256,702,-446
118000162,619,779,-160
118000163,344,516,-172
118000164,1816,1129,687
118000168,843,133,710
118000169,730,1647,-917
118000170,3254,5854,-2600
118000171,163,496,-333
118000172,89,244,-155
118000173,616,1069,-453
118000175,173,241,-68
118000176,128,300,-172
118000177,117,395,-278
118000178,88,38,50
118000179,1311,584,727
118000180,513,643,-130
118000181,293,97,196
118000182,292,228,64
118000183,389,316,73
118000184,354,940,-586
118000185,748,514,234
118000186,379,607,-228
118000187,560,856,-296
118000188,350,197,153
118000189,145,752,-607
118000190,7,8,-1
118000191,15,24,-9
118000192,654,277,377
118000193,69,202,-133
118000194,1615,809,806
118000195,836,422,414
118000196,364,96,268
118000197,202,58,144
118000198,708,333,375
118000199,619,263,356
118000200,41,200,-159
118000201,499,244,255
118000202,41,43,-2
118000203,1610,262,1348
118000204,153,191,-38
118000205,288,196,92
118000206,120,170,-50
118000207,0,127,-127
118000208,720,1226,-506
118000209,963,2047,-1084
118000210,26,18,8
118000211,20,21,-1
118000213,682,742,-60
118000214,564,310,254
118000215,154,409,-255
118000216,882,2698,-1816
118000217,15,97,-82
118000218,28,93,-65
118000219,369,309,60
118000220,1,21,-20
118000221,37,183,-146
118000222,31,23,8
118000223,16,19,-3
118000224,163,52,111
118000225,128,959,-831
118000226,651,68,583
118000227,810,237,573
118000228,108,85,23
118000229,181,19,162
118000230,53,277,-224
118000231,43,164,-121
118000232,366,903,-537
118000233,519,742,-223
118000234,143,238,-95
118000236,183,339,-156
118000237,34,532,-498
118000238,62,278,-216
118000239,183,219,-36
118000240,518,54,464
118000241,54,232,-178
118000242,143,522,-379
118000243,52,195,-143
118000244,22,168,-146
118000246,45,10,35
118000255,61,157,-96
118000256,71,198,-127
118000259,3,16,-13
118000260,40,87,-47
118000261,7,56,-49
118000263,52,162,-110
118000266,88,359,-271
118000267,1,69,-68
118000268,160,3,157
118000270,26,22,4
118000271,171,244,-73
118000272,16,21,-5
118000273,82,62,20
118000274,73,247,-174
118000276,154,230,-76
118000295,0,50,-50
118000298,134,369,-235
118000299,79,216,-137
118000301,0,62,-62
118000302,66,111,-45
118000311,113,112,1
118000312,124,169,-45
118000313,20,136,-116
118000314,41,108,-67
118000315,7,58,-51
118000316,320,537,-217
118000325,20,72,-52
118000326,14,26,-12
118000331,19,46,-27
118000332,12,28,-16
118000333,14,70,-56
118000335,85,0,85
118000336,0,363,-363
118000407,43,54,-11
118000457,2,36,-34
118000465,4024,2043,1981
118000480,20,137,-117
118000489,17,98,-81
118000490,64,411,-347
118000492,118,151,-33
118000510,64,8,56
118000514,151,307,-156
118000515,464,373,91
118000517,332,171,161
118000524,601,127,474
118000525,533,697,-164
118000530,5,69,-64
118000531,107,236,-129
118000532,162,260,-98
118000533,291,136,155
118000534,552,417,135
118000535,99,70,29
118000536,842,449,393
118000537,16,52,-36
118000538,19,106,-87
118000539,7,47,-40
118000540,198,196,2
118000541,94,104,-10
118000542,39,127,-88
118000543,133,186,-53
118000546,18,20,-2
118000553,0,3,-3
118000557,0,0,0
118000560,2833,588,2245
118000562,8,418,-410
118000563,1503,1094,409
118000576,164,235,-71
118000577,136,123,13
118000578,174,128,46
118000579,782,722,60
118000583,0,0,0
118000595,87,61,26
118000596,0,72,-72
118000597,102,123,-21
118000598,1,1,0
118000599,45,42,3
118000600,1,12,-11
118000601,0,0,0
118000602,1,11,-10
118000603,0,81,-81
118000605,30,723,-693
118000606,6,33,-27
118900001,949,573,376
118900002,922,416,506
118900003,57,15,42
118900004,23,53,-30
118900005,27,4,23
118900006,43,1,42
118900007,15,13,2
118900008,889,22,867
118900009,14,12,2
118900010,27,0,27
118900011,62,13,49
118900012,246,185,61
118900013,522,25,497
118900015,43,20,23
118900016,1,54,-53
118900017,128,186,-58
118900018,1057,14,1043
118900019,49,12,37
118900020,97,111,-14
118900021,88,227,-139
118900022,80,88,-8
118900023,52,79,-27
118900024,24,152,-128
118900025,21,16,5
118900026,23,86,-63
118900027,315,169,146
118900028,75,116,-41
118900029,59,382,-323
118900030,81,46,35
118900031,66,126,-60
118900032,64,199,-135
118900033,205,655,-450
118900034,31,12,19
118900035,67,285,-218
118900036,505,568,-63
118900037,136,259,-123
118900038,142,278,-136
118900039,147,207,-60
118900040,128,131,-3
118900041,170,229,-59
118900042,120,105,15
118900045,137,130,7
118900046,582,122,460
118900047,777,176,601
118900048,114,173,-59
118900049,19,23,-4
118900050,5,122,-117
118900051,97,48,49
118900052,85,238,-153
118900053,14,42,-28
118900054,75,92,-17
118900055,4,141,-137
118900056,20,124,-104
118900057,181,250,-69
118900058,225,403,-178
118900059,13,57,-44
118900060,17,122,-105
118900062,44,184,-140
118900064,565,290,275
118900065,8,121,-113
118900066,29,118,-89
118900067,5728,2102,3626
118900068,1,130,-129
118900069,221,203,18
118900071,1,50,-49
118900072,214,325,-111
118900073,45,76,-31
118900074,55,147,-92
118900075,40,59,-19
118900076,119,43,76
118900077,152,138,14
118900078,24,0,24
118900079,54,151,-97
118900080,4,54,-50
118900081,37,16,21
118900082,356,141,215
118900083,6,11,-5
118900084,4,19,-15
118900085,327,844,-517
118900086,13,43,-30
118900087,12,118,-106
118900088,1,14,-13
118900089,17,5,12
118900090,200,355,-155
118900091,96,94,2
118900092,39,84,-45
118900093,99,14,85
118900096,77,45,32
118900097,120,751,-631
118900099,41,201,-160
118900100,82,190,-108
118900101,10,344,-334
118900102,7,39,-32
118900103,14,26,-12
118900104,36,82,-46
118900105,76,65,11
118900107,82,63,19
118900108,41,41,0
118900110,1142,275,867
118900111,181,612,-431
118900112,25,73,-48
118900113,85,456,-371
118900114,10,57,-47
118900115,39,255,-216
118900116,59,118,-59
118900117,36,104,-68
118900118,110,382,-272
118900119,137,290,-153
118900120,49,296,-247
118900121,4,265,-261
118900122,6,309,-303
118900123,63,185,-122
118900124,40,132,-92
118900126,19,181,-162
118900129,103,111,-8
118900130,48,90,-42
118900131,67,273,-206
118900132,189,114,75
118900133,18,35,-17
118900135,54,168,-114
118900136,130,776,-646
118900137,2,16,-14
118900139,120,607,-487
118900140,263,832,-569
118900141,19,227,-208
118900144,91,616,-525
118900145,6,144,-138
118900146,89,757,-668
118900147,161,104,57
118900148,14,48,-34
118900150,453,390,63
118900152,255,698,-443
118900157,109,103,6
118900158,28,113,-85
118900159,0,187,-187
118900161,63,6,57
118900163,211,54,157
118900164,5,91,-86
118900165,26,164,-138
118900166,8,3,5
118900167,37,128,-91
118900168,4,28,-24
118900169,38,307,-269
118900170,14,49,-35
118900171,0,13,-13
118900174,20,24,-4
118900175,126,295,-169
118900176,34,139,-105
118900177,12,54,-42
118900178,12,43,-31
118900179,5,30,-25
118900181,59,74,-15
118900182,33,26,7
118900183,2,39,-37
118900184,99,19,80
118900185,62,157,-95
118900186,41,85,-44
118900187,113,247,-134
118900188,105,249,-144
118900189,12,271,-259
118900190,2,545,-543
118900191,103,16,87
118900192,76,16,60
118900193,143,7,136
118900195,217,746,-529
118900196,12,131,-119
118900197,52,103,-51
118900198,3,56,-53
118900199,5,59,-54
118900200,7,3,4
118900201,7,4,3
118900202,9,50,-41
118900203,8,35,-27
118900204,1,27,-26
118900205,4,20,-16
118900206,0,18,-18
119000001,644,830,-186
119000002,1517,2286,-769
119000003,887,1453,-566
119000004,1105,1152,-47
119000005,1181,1303,-122
119000006,1333,1395,-62
119000007,1868,2149,-281
119000008,1191,1809,-618
119000009,2642,2030,612
119000010,6922,3220,3702
119000011,3978,1528,2450
119000012,4088,2279,1809
119000013,1749,1012,737
119000014,2299,3333,-1034
119000019,142,136,6
119000020,947,1044,-97
119000021,2316,1596,720
119000022,2627,1380,1247
119000023,207,143,64
119000024,1851,4126,-2275
119000025,5851,337,5514
119000026,205,216,-11
119000027,3448,579,2869
119000028,1860,1068,792
119000029,112,200,-88
119000030,281,702,-421
119000031,492,743,-251
119000032,1688,1840,-152
119000033,1193,1374,-181
119000034,755,999,-244
119000035,29,407,-378
119000036,606,1149,-543
119000037,697,2318,-1621
119000038,56,1292,-1236
119000039,85,260,-175
119000040,814,316,498
119000041,761,946,-185
119000048,2971,4034,-1063
119000049,1011,3752,-2741
119000050,1411,2217,-806
119000051,1554,809,745
119000052,1963,2651,-688
119000053,1272,975,297
119000054,1338,1948,-610
119000055,1558,2905,-1347
119000056,1313,1792,-479
119000057,1190,2983,-1793
119000058,1249,2331,-1082
119000059,661,1423,-762
119000060,820,687,133
119000061,677,761,-84
119000062,878,1060,-182
119000063,201,285,-84
119000064,1035,1348,-313
119000065,1553,2681,-1128
119000066,1187,802,385
119000067,1471,2604,-1133
119000068,856,842,14
119000069,1105,2389,-1284
119000070,1239,1101,138
119000071,487,792,-305
119000072,5409,3201,2208
119000073,4023,4362,-339
119000074,1037,3783,-2746
119000075,587,2277,-1690
119000076,434,767,-333
119000077,505,438,67
119000078,260,421,-161
119000079,70,788,-718
119000080,111,162,-51
119000081,121,289,-168
119000082,254,214,40
119000083,197,284,-87
119000084,253,525,-272
119000085,507,291,216
119000086,190,323,-133
119000087,1499,919,580
119000088,217,197,20
119000089,47,122,-75
119000090,150,110,40
119000091,119,286,-167
119000092,521,162,359
119000093,3544,3656,-112
119000094,1738,4512,-2774
119000095,1101,2876,-1775
119000097,3605,1532,2073
119000098,594,1631,-1037
119000099,2151,2206,-55
119000100,1784,1866,-82
119000101,1836,2212,-376
119000102,517,621,-104
119000103,1011,419,592
119000104,2642,1093,1549
119000105,405,748,-343
119000106,487,1901,-1414
119000107,308,447,-139
119000108,205,1497,-1292
119000109,94,245,-151
119000110,272,329,-57
119000111,18,418,-400
119000112,133,62,71
119000113,2086,215,1871
119000114,478,400,78
119000115,147,210,-63
119000116,84,66,18
119000117,68,247,-179
119000118,2,3,-1
119000123,2350,604,1746
119000124,256,217,39
119000125,1335,1112,223
119000126,383,1068,-685
119000127,41,537,-496
119000128,26,1,25
119000131,611,1691,-1080
119000132,1,1,0
119000133,0,13,-13
119000134,2456,472,1984
119000135,66,228,-162
119000136,96,316,-220
119000137,81,618,-537
119000138,145,434,-289
119000139,122,240,-118
119000140,52,197,-145
119000284,1142,2504,-1362
119000285,2237,1948,289
119000286,5362,4247,1115
119000287,1362,1971,-609
119000288,1351,1625,-274
119000289,1994,3400,-1406
119000290,151,756,-605
119000291,5,345,-340
119000293,55,158,-103
119000294,23,47,-24
119000295,2324,1023,1301
119000296,106,92,14
119000302,4072,1252,2820
119000303,45,157,-112
119000314,644,2467,-1823
119000315,3,715,-712
119000316,33,102,-69
119000317,22,547,-525
119000319,148,433,-285
119900001,78,555,-477
119900002,39,261,-222
119900003,27,1177,-1150
119900004,295,244,51
119900005,45,129,-84
119900006,129,237,-108
119900007,420,70,350
119900008,35,21,14
119900009,252,517,-265
119900010,646,812,-166
119900011,28,30,-2
119900012,3,20,-17
119900013,1179,459,720
119900014,448,189,259
119900015,80,10,70
119900016,11,56,-45
119900017,2,29,-27
119900018,1296,173,1123
119900019,26,8,18
119900020,51,102,-51
119900021,67,57,10
119900022,93,174,-81
119900023,755,483,272
119900025,40,16,24
119900026,612,32,580
119900027,2,14,-12
119900028,170,30,140
119900029,0,5,-5
119900030,342,375,-33
119900031,17,147,-130
119900033,1599,121,1478
119900034,76,119,-43
119900037,61,12,49
119900038,20,96,-76
119900039,32,4,28
119900040,29,3,26
119900041,29,52,-23
119900042,44,121,-77
119900043,40,160,-120
119900044,124,222,-98
119900046,31,66,-35
119900047,100,69,31
119900049,25,8,17
119900050,21,29,-8
119900051,320,7,313
119900052,27,43,-16
119900053,38,196,-158
119900054,41,2,39
119900055,526,262,264
119900057,47,66,-19
119900058,104,2,102
119900059,58,31,27
119900060,96,4,92
119900061,72,2,70
119900062,12,13,-1
119900063,3,14,-11
119900065,110,4,106
119900067,22,11,11
119900068,144,2,142
119900069,27,7,20
119900070,217,0,217
119900071,172,12,160
119900073,1357,302,1055
119900074,10,10,0
119900075,5755,1306,4449
119900076,27,82,-55
119900077,225,1355,-1130
119900078,148,638,-490
119900079,49,390,-341
119900080,259,407,-148
119900081,165,5,160
119900082,369,77,292
119900083,249,55,194
119900084,365,112,253
119900085,110,42,68
119900086,84,1101,-1017
119900087,181,101,80
119900088,25,29,-4
119900089,4,523,-519
119900090,125,28,97
119900091,32,1222,-1190
119900092,2,308,-306
119900093,398,62,336
119900094,14,172,-158
119900095,123,53,70
119900096,11,71,-60
119900097,374,153,221
119900098,9,33,-24
119900099,13,178,-165
119900100,2613,1441,1172
119900101,132,727,-595
119900102,25,271,-246
119900103,9,393,-384
119900104,12,168,-156
119900105,406,1034,-628
119900106,8,242,-234
119900107,269,3752,-3483
119900108,1862,627,1235
119900109,25,227,-202
119900110,329,700,-371
119900111,50,608,-558
119900112,2950,336,2614
119900113,44,484,-440
119900114,100,1991,-1891
119900115,69,1320,-1251
119900116,104,194,-90
119900117,88,918,-830
119900118,12,1266,-1254
119900119,71,300,-229
119900120,479,625,-146
119900121,94,1506,-1412
119900122,194,366,-172
119900123,116,247,-131
119900124,90,989,-899
119900125,30,446,-416
119900126,4657,158,4499
119900127,2626,756,1870
119900128,173,792,-619
119900129,65,895,-830
119900130,33,273,-240
119900131,11,303,-292
119900132,0,433,-433
119900133,18,28,-10
119900134,2307,215,2092
119900135,0,483,-483
119900136,124,510,-386
119900138,360,489,-129
119900139,11,36,-25
119900140,0,178,-178
119900141,89,316,-227
119900142,0,6,-6
119900143,16,223,-207
119900144,2095,166,1929
119900145,51,211,-160
119900146,124,76,48
119900147,3,87,-84
119900148,63,27,36
119900149,1517,1438,79
119900150,140,164,-24
119900151,1161,622,539
119900152,31,447,-416
119900153,44,51,-7
119900154,15,1260,-1245
119900155,9,19,-10
119900156,9,3,6
119900157,32,261,-229
119900158,47,37,10
119900159,7,1988,-1981
119900160,10,236,-226
119900161,195,256,-61
119900162,466,460,6
119900163,72,68,4
119900164,0,0,0
119900165,75,246,-171
119900166,35,14,21
119900167,67,116,-49
119900168,263,324,-61
119900169,95,179,-84
119900170,82,71,11
119900171,391,423,-32
119900172,41,3,38
119900173,8,593,-585
119900174,8,273,-265
119900175,483,641,-158
119900177,13,258,-245
119900178,1,176,-175
119900179,35,154,-119
119900180,497,509,-12
119900181,20,22,-2
119900182,3,441,-438
119900183,201,1144,-943
119900184,2714,438,2276
119900185,14,46,-32
119900186,23,218,-195
119900187,4,592,-588
119900188,13,299,-286
119900189,290,148,142
119900190,21,73,-52
119900191,180,104,76
119900192,3,219,-216
119900193,104,186,-82
119900194,3,17,-14
119900195,10,192,-182
119900196,1690,461,1229
119900197,78,107,-29
119900198,68,518,-450
119900199,90,12,78
119900200,174,460,-286
119900201,271,140,131
119900202,109,67,42
119900203,83,263,-180
119900204,66,257,-191
119900205,183,621,-438
119900206,47,124,-77
119900208,80,120,-40
119900209,232,456,-224
119900210,11,38,-27
119900211,51,9,42
119900212,135,790,-655
119900213,5,44,-39
119900214,4,83,-79
119900215,10,79,-69
119900216,9,96,-87
119900217,2,59,-57
119900218,8,61,-53
119900219,3,90,-87
119900220,5,106,-101
119900221,13,338,-325
119900222,11,252,-241
119900223,22,88,-66
119900224,10,24,-14
119900225,944,21,923
119900226,743,703,40
119900227,1151,263,888
119900228,28,219,-191
119900229,162,302,-140
119900230,1127,530,597
119900231,83,173,-90
119900232,113,35,78
119900233,9,1,8
119900234,8,31,-23
119900235,9,10,-1
119900236,9,154,-145
119900237,10,419,-409
119900238,2,81,-79
119900240,24,124,-100
119900241,96,212,-116
119900242,1168,734,434
119900244,615,986,-371
119900245,23,89,-66
119900246,162,186,-24
119900247,13,32,-19
119900248,25,40,-15
119900249,106,75,31
119900253,4011,246,3765
119900254,29,177,-148
119900255,44,427,-383
119900256,125,1354,-1229
119900257,11,0,11
119900258,18,2,16
119900259,2,231,-229
119900260,38,1,37
119900261,93,175,-82
119900262,2,353,-351
119900263,700,316,384
119900264,35,191,-156
119900265,120,358,-238
119900266,95,248,-153
119900267,95,241,-146
119900268,91,234,-143
119900269,239,1322,-1083
119900271,6,63,-57
119900272,78,32,46
119900275,60,12,48
119900276,15,4,11
119900277,2,2,0
119900278,173,47,126
119900279,90,107,-17
119900280,1017,164,853
119900281,0,37,-37
119900282,27,18,9
119900283,1,346,-345
119900284,47,126,-79
119900285,22,73,-51
119900286,6,13,-7
119900288,4,32,-28
119900289,0,27,-27
119900290,2,30,-28
119900291,0,16,-16
119900292,16,9,7
119900293,9,59,-50
119900294,12,60,-48
119900295,5,52,-47
119900296,14,240,-226
119900297,1,26,-25
119900298,0,1,-1
119900299,13,271,-258
119900300,77,191,-114
119900301,39,15,24
119900302,20,34,-14
119900303,96,161,-65
119900304,39,21,18
119900305,9,66,-57
119900306,10,0,10
119900307,24,123,-99
119900308,3,8,-5
119900309,2,23,-21
119900310,171,229,-58
119900311,24,183,-159
119900312,21,71,-50
119900313,91,290,-199
119900314,59,194,-135
119900315,467,2726,-2259
119900318,7,16,-9
119900319,1,424,-423
119900320,49,879,-830
119900321,15,1,14
120000001,7025,7684,-659
120000002,1759,3226,-1467
120000003,3429,1840,1589
120000004,2557,2372,185
120000005,4120,1843,2277
120000006,1335,1262,73
120000007,2730,1672,1058
120000008,1028,1363,-335
120000009,3139,328,2811
120000010,1574,2481,-907
120000011,990,2194,-1204
120000012,1184,2619,-1435
120000013,1777,2791,-1014
120000014,618,1586,-968
120000015,2211,1915,296
120000016,2385,2404,-19
120000017,1715,1660,55
120000018,4462,6230,-1768
120000019,581,1018,-437
120000020,2503,2037,466
120000021,1786,1574,212
120000022,2511,2809,-298
120000023,771,1480,-709
120000024,1242,2040,-798
120000025,1639,2054,-415
120000026,547,1878,-1331
120000027,955,1560,-605
120000028,440,239,201
120000029,1874,354,1520
120000030,125,580,-455
120000031,1488,4352,-2864
120000032,9604,2988,6616
120000033,2225,1668,557
120000034,1013,2174,-1161
120000035,1042,2684,-1642
120000036,1850,3508,-1658
120000037,484,809,-325
120000038,9322,2271,7051
120000039,775,1249,-474
120000040,70,154,-84
120000041,354,1384,-1030
120000042,1132,4530,-3398
120000043,3179,2641,538
120000044,1889,992,897
120000045,2522,928,1594
120000046,1775,2768,-993
120000047,1784,2254,-470
120000048,7231,3550,3681
120000049,3289,2673,616
120000050,2573,4601,-2028
120000051,3267,3962,-695
120000052,13560,2451,11109
120000053,830,3808,-2978
120000054,1217,7133,-5916
120000055,909,4610,-3701
120000056,2407,4372,-1965
120000057,1165,794,371
120000058,354,224,130
120000059,20,988,-968
120000061,62,620,-558
120000062,203,256,-53
120000063,1607,3187,-1580
120000064,306,1979,-1673
120000065,361,2024,-1663
120000066,145,554,-409
120000067,18,585,-567
120000068,86,1219,-1133
120000069,372,1619,-1247
120000070,76,2049,-1973
120000071,293,182,111
120000072,190,393,-203
120000073,242,153,89
120000074,66,54,12
120000075,197,192,5
120000076,674,369,305
120000077,892,408,484
120000078,3029,747,2282
120000079,156,841,-685
120000080,188,276,-88
120000081,159,186,-27
120000082,125,229,-104
120000083,92,304,-212
120000084,414,510,-96
120000085,245,505,-260
120000086,252,940,-688
120000087,187,1508,-1321
120000088,447,1390,-943
120000089,703,529,174
120000090,314,506,-192
120000091,452,774,-322
120000092,699,567,132
120000093,146,436,-290
120000094,81,388,-307
120000095,639,723,-84
120000096,168,1322,-1154
120000098,483,1124,-641
120000099,159,757,-598
120000100,407,957,-550
120000101,338,500,-162
120000102,291,466,-175
120000103,596,332,264
120000104,1004,211,793
120000105,1281,288,993
120000106,970,320,650
120000107,1364,386,978
120000108,423,100,323
120000109,497,40,457
120000110,33,783,-750
120000111,107,1429,-1322
120000112,474,4530,-4056
120000113,487,3465,-2978
120000114,564,3027,-2463
120000115,396,2697,-2301
120000116,498,2287,-1789
120000117,1265,1997,-732
120000118,42,41,1
120000119,39,48,-9
120000120,48,65,-17
120000121,35,53,-18
120000122,310,287,23
120000123,6677,3203,3474
120000124,267,461,-194
120000125,240,680,-440
120000126,219,661,-442
120000127,2049,567,1482
120000128,4882,1682,3200
120000129,299,298,1
120000130,531,653,-122
120000131,198,443,-245
120000134,231,1566,-1335
120000135,132,244,-112
120000137,87,2650,-2563
120000138,237,474,-237
120000139,99,1284,-1185
120000140,225,647,-422
120000141,86,568,-482
120000142,176,587,-411
120000143,2,112,-110
120000144,21,1,20
120000145,132,4,128
120000146,2187,926,1261
120000149,568,882,-314
120000150,4982,6674,-1692
120000151,365,520,-155
120000152,238,294,-56
120000153,129,760,-631
120000154,462,541,-79
120000155,68,218,-150
120000156,2943,409,2534
120000157,723,639,84
120000158,802,1327,-525
120000159,2615,2552,63
120000160,1568,1127,441
120000161,1232,3099,-1867
120000162,69,244,-175
120000163,181,974,-793
120000164,231,937,-706
120000165,175,1028,-853
120000166,475,573,-98
120000167,12,33,-21
120000168,4,91,-87
120000169,91,281,-190
120000170,123,186,-63
120000171,39,64,-25
120000172,13,35,-22
120000173,2453,210,2243
120000174,616,6,610
120000175,560,12,548
120000176,278,52,226
120000177,1102,345,757
120000178,148,10,138
120000179,422,22,400
120000180,418,32,386
120000181,126,112,14
120000182,84,112,-28
120000183,7,188,-181
120000184,77,1059,-982
120000186,100,63,37
120000187,72,42,30
120000188,219,63,156
120000190,1285,16,1269
120000191,1845,19,1826
120000192,1965,16,1949
120000193,489,3,486
120000195,93,3,90
120000196,254,25,229
120000197,79,98,-19
120000198,80,162,-82
120000199,19,1,18
120000200,35,0,35
120000201,10,14,-4
120000202,0,62,-62
120000203,28,432,-404
120000207,1,99,-98
120000208,11,416,-405
120000209,2,175,-173
120000210,169,83,86
120000211,33,0,33
120000212,54,1,53
120000213,60,466,-406
120000214,1,548,-547
120000215,0,195,-195
120000216,27,3,24
120000217,774,1332,-558
120000218,274,1490,-1216
120000219,10,849,-839
120000220,11,3431,-3420
120000225,465,2,463
120000226,110,2,108
120000227,412,24,388
120000228,7639,1528,6111
120000230,108,4,104
120000231,491,2467,-1976
120000233,95,15,80
120000235,77,784,-707
120000236,372,3,369
120000237,5,2746,-2741
120000238,0,135,-135
120000241,885,2725,-1840
120000412,556,5,551
120000413,91,569,-478
120000414,47,1,46
120000415,2,315,-313
120000416,32,5,27
120000417,0,136,-136
120000418,41,8,33
120000419,8,435,-427
120000420,50,25,25
120000421,14546,6148,8398
120000422,210,340,-130
120000423,1,45,-44
120000424,23,223,-200
120000436,108,361,-253
120000437,197,191,6
120000438,5297,391,4906
120000439,111,224,-113
120000443,86,0,86
120000444,627,586,41
120000445,1232,1246,-14
120000446,971,297,674
120000447,76,2,74
120000449,43,10,33
120000450,4,518,-514
120000451,64,265,-201
120000452,35,0,35
120000453,0,436,-436
120000454,69,16,53
120000455,47,62,-15
120000456,4061,2958,1103
120000457,2418,1969,449
120000458,570,1358,-788
120000459,42,118,-76
120000665,956,91,865
120000668,68,154,-86
120000669,76,490,-414
120000670,234,614,-380
120000671,562,224,338
120000672,103,519,-416
120900001,45,24,21
120900002,202,141,61
120900003,111,16,95
120900004,2,27,-25
120900005,8,3001,-2993
120900006,119,192,-73
120900007,33,173,-140
120900008,91,1255,-1164
120900009,312,51,261
120900010,173,41,132
120900011,352,92,260
120900012,993,552,441
120900013,181,30,151
120900014,3,759,-756
120900015,303,77,226
120900016,325,56,269
120900017,3728,65,3663
120900018,14,431,-417
120900019,318,73,245
120900020,509,494,15
120900021,354,38,316
120900022,22,414,-392
120900023,72,39,33
120900024,1182,420,762
120900025,2029,682,1347
120900026,77,137,-60
120900027,478,88,390
120900028,142,21,121
120900029,87,174,-87
120900030,567,399,168
120900031,96,41,55
120900032,362,146,216
120900033,414,27,387
120900034,23,1282,-1259
120900035,24,35,-11
120900037,43,7,36
120900038,31,126,-95
120900039,54,11,43
120900040,89,2,87
120900041,110,24,86
120900042,95,61,34
120900043,9,7,2
120900044,2,398,-396
120900045,76,97,-21
120900046,144,5,139
120900047,81,33,48
120900048,44,9,35
120900049,137,0,137
120900050,4391,949,3442
120900051,115,111,4
120900052,214,1,213
120900053,62,50,12
120900054,1290,733,557
120900055,107,7,100
120900056,217,2,215
120900057,69,8,61
120900058,127,0,127
120900059,39,0,39
120900060,25,22,3
120900061,216,307,-91
120900062,63,2,61
120900063,220,1,219
120900064,118,0,118
120900065,164,4,160
120900066,50,301,-251
120900067,164,40,124
120900068,43,1,42
120900069,84,65,19
120900071,2,0,2
120900072,239,2,237
120900073,170,102,68
120900074,154,2,152
120900076,103,0,103
120900077,3218,175,3043
120900078,219,1063,-844
120900079,147,72,75
120900080,290,3094,-2804
120900081,430,143,287
120900082,498,214,284
120900083,21,3,18
120900084,126,183,-57
120900085,141,81,60
120900086,130,150,-20
120900087,165,74,91
120900088,102,145,-43
120900089,5257,997,4260
120900090,48,203,-155
120900091,306,224,82
120900092,800,799,1
120900093,4896,262,4634
120900094,480,179,301
120900095,248,30,218
120900096,5,82,-77
120900097,445,1155,-710
120900098,230,192,38
120900099,32,77,-45
120900100,28,475,-447
120900101,538,355,183
120900102,15,67,-52
120900103,31,133,-102
120900104,13,46,-33
120900105,14,979,-965
120900106,1292,609,683
120900107,426,138,288
120900108,3,1274,-1271
120900109,29,906,-877
120900110,66,667,-601
120900111,90,449,-359
120900112,4,1833,-1829
120900113,16,1065,-1049
120900114,34,246,-212
120900115,122,150,-28
120900116,87,776,-689
120900117,0,711,-711
120900118,8,1227,-1219
120900119,3420,3159,261
120900120,39,787,-748
120900121,88,432,-344
120900122,94,830,-736
120900123,0,671,-671
120900124,3,1056,-1053
120900125,1,1194,-1193
120900126,1270,783,487
120900127,2,782,-780
120900128,861,984,-123
120900129,34,477,-443
120900130,0,190,-190
120900131,14,51,-37
120900132,374,388,-14
120900133,154,1317,-1163
120900134,398,537,-139
120900135,4,899,-895
120900136,20,17,3
120900137,55,125,-70
120900138,14,230,-216
120900139,4,1031,-1027
120900140,4,44,-40
120900141,36,73,-37
120900142,25,1048,-1023
120900143,1,1221,-1220
120900144,0,237,-237
120900145,71,1042,-971
120900146,1,1240,-1239
120900147,7,291,-284
120900148,62,110,-48
120900149,1,410,-409
120900150,12,727,-715
120900151,9,838,-829
120900152,97,25,72
120900153,11,73,-62
120900154,2,440,-438
120900155,86,1405,-1319
120900156,53,540,-487
120900157,22,290,-268
120900158,15,636,-621
120900159,61,634,-573
120900160,21,428,-407
120900161,16,962,-946
120900162,14,944,-930
120900163,12,116,-104
120900164,0,0,0
120900165,1,2,-1
120900166,15,74,-59
120900167,163,49,114
120900169,25,558,-533
120900170,2781,1093,1688
120900171,1068,318,750
120900172,972,152,820
120900173,4,78,-74
120900174,3,88,-85
120900175,224,193,31
120900176,5,166,-161
120900177,2,444,-442
120900178,12,131,-119
120900179,845,456,389
120900180,88,64,24
120900181,18,62,-44
120900182,9,335,-326
120900183,498,54,444
120900184,160,53,107
120900185,4,356,-352
120900186,1,670,-669
120900187,170,613,-443
120900188,35,10,25
120900189,106,432,-326
120900190,15,7,8
120900191,0,25,-25
120900192,14593,2228,12365
120900194,12,57,-45
120900195,78,308,-230
120900196,351,43,308
120900197,281,34,247
120900198,161,703,-542
120900199,131,153,-22
120900200,102,95,7
120900201,630,161,469
120900202,35,263,-228
120900203,12,46,-34
120900204,215,395,-180
120900205,42,62,-20
120900206,7,9,-2
120900207,36,1216,-1180
121000001,945,940,5
121000002,1839,1085,754
121000003,3812,1724,2088
121000004,2186,3024,-838
121000005,1730,2289,-559
121000006,2446,1046,1400
121000007,2705,2483,222
121000008,4907,2566,2341
121000009,5690,4496,1194
121000010,8148,3293,4855
121000011,8133,9138,-1005
121000012,13096,6342,6754
121000013,5034,6125,-1091
121000014,6329,5294,1035
121000015,4173,5496,-1323
121000016,4232,3039,1193
121000017,1278,2774,-1496
121000018,1613,1332,281
121000019,19732,7696,12036
121000020,11726,6524,5202
121000021,2332,2652,-320
121000022,987,1345,-358
121000023,3275,2698,577
121000024,1974,2268,-294
121000025,485,689,-204
121000026,261,96,165
121000027,1120,685,435
121000028,574,373,201
121000029,642,637,5
121000030,324,300,24
121000031,420,475,-55
121000032,189,63,126
121000034,241,131,110
121000035,175,91,84
121000036,1019,725,294
121000037,560,523,37
121000038,535,363,172
121000039,261,237,24
121000041,308,395,-87
121000042,164,282,-118
121000043,777,548,229
121000044,1764,640,1124
121000045,175,250,-75
121000046,211,618,-407
121000047,155,290,-135
121000049,1671,625,1046
121000050,264,887,-623
121000051,527,325,202
121000052,224,495,-271
121000053,324,74,250
121000054,39,209,-170
121000055,1189,925,264
121000056,704,926,-222
121000057,113,230,-117
121000058,346,69,277
121000059,1665,752,913
121000060,348,575,-227
121000061,94,135,-41
121000062,66,186,-120
121000063,567,407,160
121000064,513,566,-53
121000065,410,323,87
121000066,450,389,61
121000067,864,253,611
121000068,434,229,205
121000069,293,278,15
121000070,1549,1108,441
121000071,807,724,83
121000072,963,637,326
121000073,680,525,155
121000074,70,126,-56
121000075,21,35,-14
121000076,1040,274,766
121000077,86,66,20
121000078,98,95,3
121000080,2494,562,1932
121000081,2124,1744,380
121000082,115,238,-123
121000083,204,155,49
121000084,167,88,79
121000085,344,360,-16
121000086,138,849,-711
121000087,60,227,-167
121000088,347,518,-171
121000089,317,187,130
121000090,269,276,-7
121000091,1475,641,834
121000092,133,86,47
121000093,123,205,-82
121000094,445,393,52
121000095,262,416,-154
121000096,1893,1590,303
121000097,1130,1346,-216
121000098,261,1296,-1035
121000099,297,811,-514
121000100,414,591,-177
121000101,130,256,-126
121000102,71,429,-358
121000103,51,324,-273
121000104,125,156,-31
121000105,175,199,-24
121000106,90,341,-251
121000107,2020,3350,-1330
121000109,1267,1004,263
121000110,281,459,-178
121000114,2236,1974,262
121000115,684,709,-25
121000116,674,1101,-427
121000117,930,266,664
121000118,1044,220,824
121000119,195,267,-72
121000120,168,398,-230
121000121,358,774,-416
121000123,1221,514,707
121000127,104,153,-49
121000128,548,454,94
121000129,349,422,-73
121000130,293,913,-620
121000131,1687,932,755
121000132,1098,898,200
121000135,329,158,171
121000136,782,372,410
121000137,407,140,267
121000138,630,582,48
121000139,367,92,275
121000141,159,91,68
121000142,697,464,233
121000143,133,13,120
121000144,949,795,154
121000145,371,1177,-806
121000146,876,727,149
121000147,406,437,-31
121000148,535,1013,-478
121000149,1477,980,497
121000152,295,480,-185
121000153,1322,465,857
121000154,619,510,109
121000155,867,919,-52
121000156,246,863,-617
121000157,1250,1661,-411
121000158,304,565,-261
121000159,117,537,-420
121000160,199,691,-492
121000161,72,322,-250
121000162,12,249,-237
121000165,1417,1310,107
121000166,30,516,-486
121000168,224,331,-107
121000169,39,132,-93
121000170,156,72,84
121000171,35,117,-82
121000172,388,364,24
121000173,1019,555,464
121000174,134,326,-192
121000175,364,497,-133
121000176,234,267,-33
121000177,543,565,-22
121000178,93,34,59
121000179,102,88,14
121000181,359,291,68
121000182,81,120,-39
121000183,19,56,-37
121000184,48,61,-13
121000185,16,123,-107
121000186,97,224,-127
121000187,89,254,-165
121000188,51,259,-208
121000192,453,268,185
121000193,416,363,53
121000194,2233,1646,587
121000195,268,923,-655
121000196,616,165,451
121000197,201,666,-465
121000198,198,42,156
121000199,128,500,-372
121000200,273,65,208
121000201,11,221,-210
121000202,559,62,497
121000203,585,2432,-1847
121000204,1420,436,984
121000205,176,224,-48
121000206,108,11,97
121000207,1140,449,691
121000208,5,427,-422
121000209,160,474,-314
121000210,151,576,-425
121000211,110,110,0
121000212,198,779,-581
121000213,8312,2084,6228
121000214,771,1359,-588
121000215,1044,682,362
121000216,325,329,-4
121000217,3682,1982,1700
121000218,412,1516,-1104
121000219,1252,271,981
121000220,335,99,236
121000221,126,211,-85
121000222,2518,1979,539
121000223,570,425,145
121000224,250,109,141
121000225,1336,745,591
121000226,2286,553,1733
121000227,11,245,-234
121000228,16,903,-887
121000229,82,515,-433
121000230,76,1887,-1811
121000231,367,18,349
121000232,351,163,188
121000233,353,264,89
121000234,11,28,-17
121000235,31,49,-18
121000236,1,33,-32
121000237,55,33,22
121000238,4,75,-71
121000239,13,9,4
121000240,10,205,-195
121000241,67,11,56
121000242,50,132,-82
121000243,562,58,504
121000244,2,62,-60
121000245,10,12,-2
121000246,0,63,-63
121000247,6,4,2
121000248,438,543,-105
121000249,82,194,-112
121000250,194,68,126
121000251,8,553,-545
121000252,38,18,20
121000253,185,525,-340
121000254,374,237,137
121000255,128,132,-4
121000256,186,113,73
121000257,54,63,-9
121000258,72,103,-31
121000259,18,27,-9
121000260,69,111,-42
121000261,27,46,-19
121000262,729,537,192
121000263,395,389,6
121000271,235,1908,-1673
121000273,92,8,84
121000274,4,31,-27
121000275,1,18,-17
121000276,0,4,-4
121000278,32,51,-19
121000279,33,16,17
121000280,37,43,-6
121000289,224,31,193
121000290,1059,621,438
121000294,57,218,-161
121000297,775,745,30
121000299,57,290,-233
121000300,492,421,71
121000302,83,605,-522
121000303,356,347,9
121000304,367,27,340
121000305,98,51,47
121000306,33,89,-56
121000308,142,284,-142
121000309,275,475,-200
121000310,36,360,-324
121000311,57,639,-582
121000312,193,146,47
121000313,406,393,13
121000314,263,359,-96
121000315,46,79,-33
121000530,675,1306,-631
121000531,812,1289,-477
121000532,4375,3325,1050
121000533,1902,1975,-73
121000918,14,220,-206
121000919,2,31,-29
121000938,314,180,134
121000939,345,155,190
121000956,453,1399,-946
121000957,1,7,-6
121000958,69,35,34
121000959,291,1037,-746
121000960,1524,2197,-673
121000961,124,31,93
121000962,287,715,-428
121000973,13,411,-398
121000976,5,130,-125
121000979,220,41,179
121000981,234,86,148
121000982,151,242,-91
121000983,270,456,-186
121000984,7,25,-18
121000985,277,686,-409
121000986,131,383,-252
121000987,170,1689,-1519
121000988,349,107,242
121001302,270,106,164
121001308,2,7,-5
121001309,50,50,0
121001313,53,371,-318
121001314,3779,3594,185
121001315,3571,1472,2099
121001326,333,340,-7
121900001,53,144,-91
121900002,29,12,17
121900003,310,7,303
121900004,69,280,-211
121900005,2,1,1
121900006,33,14,19
121900007,1585,1574,11
121900008,289,52,237
121900009,394,14,380
121900010,241,3,238
121900011,123,361,-238
121900012,1,1,0
121900013,1128,39,1089
121900014,760,350,410
121900015,109,128,-19
121900016,6,37,-31
121900017,192,445,-253
121900018,223,4,219
121900019,170,188,-18
121900020,14,0,14
121900021,770,17,753
121900022,118,98,20
121900023,61,320,-259
121900024,276,57,219
121900025,240,248,-8
121900026,166,11,155
121900027,105,101,4
121900028,208,12,196
121900029,56,151,-95
121900030,424,352,72
121900031,986,3576,-2590
121900032,39,63,-24
121900033,131,75,56
121900034,185,42,143
121900035,1863,1213,650
121900036,46,342,-296
121900037,136,471,-335
121900038,33,82,-49
121900039,255,17,238
121900040,17,59,-42
121900041,62,128,-66
121900042,209,86,123
121900043,2,5,-3
121900044,135,19,116
121900046,137,137,0
121900047,84,67,17
121900048,5,115,-110
121900050,6,39,-33
121900051,80,150,-70
121900052,55,24,31
121900053,182,194,-12
121900054,540,538,2
121900055,0,8,-8
121900058,55,201,-146
121900059,173,83,90
121900060,49,264,-215
121900062,68,41,27
121900063,636,232,404
121900064,79,583,-504
121900066,47,31,16
121900067,10,17,-7
121900069,117,71,46
121900070,161,61,100
121900071,78,192,-114
121900072,8,185,-177
121900073,175,150,25
121900074,515,329,186
121900075,511,231,280
121900076,205,549,-344
121900078,13,32,-19
121900079,0,0,0
121900080,350,310,40
121900082,17,65,-48
121900084,4,169,-165
121900086,11,34,-23
121900087,181,80,101
121900088,1539,1389,150
121900089,54,316,-262
121900090,5,76,-71
121900091,4,49,-45
121900092,69,98,-29
121900093,44,55,-11
121900094,11,5,6
121900095,141,74,67
121900096,1027,371,656
121900097,168,79,89
121900098,0,0,0
121900099,157,72,85
121900100,99,123,-24
121900101,62,82,-20
121900102,4,94,-90
121900103,303,183,120
121900104,651,229,422
121900105,75,78,-3
121900106,0,0,0
121900107,8,33,-25
121900108,0,11,-11
121900109,264,156,108
121900110,95,1036,-941
121900111,594,84,510
121900112,76,73,3
121900113,22,171,-149
121900114,3,28,-25
121900117,66,15,51
121900118,1736,223,1513
121900119,74,74,0
121900120,11,1053,-1042
121900121,313,28,285
121900122,15,20,-5
121900123,145,341,-196
121900124,82,152,-70
121900125,615,773,-158
121900127,13,81,-68
121900128,37,118,-81
121900129,891,82,809
121900130,101,211,-110
121900131,155,93,62
121900132,26,89,-63
121900133,97,279,-182
121900134,13,80,-67
121900135,1811,179,1632
121900136,130,435,-305
121900137,17,217,-200
121900138,41,153,-112
121900139,282,395,-113
121900140,17,120,-103
121900141,44,11,33
121900142,50,77,-27
121900143,9,88,-79
121900144,175,220,-45
121900145,79,72,7
121900146,489,504,-15
121900147,63,124,-61
121900148,77,166,-89
121900149,225,504,-279
121900150,57,114,-57
121900151,33,167,-134
121900152,37,105,-68
121900153,65,337,-272
121900154,16,110,-94
121900155,1,47,-46
121900156,98,68,30
121900157,0,369,-369
121900158,34,88,-54
121900159,3,187,-184
121900160,4,183,-179
121900161,407,241,166
121900162,127,83,44
121900163,75,687,-612
121900164,273,141,132
121900165,85,152,-67
121900166,75,151,-76
121900167,73,47,26
121900168,172,93,79
121900169,0,316,-316
121900170,5,123,-118
121900171,398,352,46
121900172,221,153,68
121900173,659,84,575
121900174,16,27,-11
121900175,92,147,-55
121900176,393,1487,-1094
121900177,108,38,70
121900178,15,55,-40
121900179,143,93,50
121900180,4197,1860,2337
121900182,439,221,218
121900183,292,380,-88
121900184,37,386,-349
121900186,0,243,-243
121900187,18,89,-71
121900188,450,287,163
121900189,15,70,-55
121900190,134,408,-274
121900191,21,121,-100
121900192,255,480,-225
121900193,20,173,-153
121900194,10,126,-116
121900195,63,53,10
121900196,640,614,26
121900197,278,1817,-1539
121900198,913,794,119
121900199,2,17,-15
121900200,53,153,-100
121900201,929,496,433
121900202,82,172,-90
121900203,158,540,-382
121900204,875,577,298
121900205,24,63,-39
121900206,0,4,-4
121900207,99,15,84
121900208,146,279,-133
121900209,11,20,-9
121900210,843,759,84
121900211,231,501,-270
121900212,101,69,32
121900213,64,62,2
121900214,1,229,-228
121900215,25,43,-18
121900216,18,59,-41
121900217,116,58,58
121900218,235,292,-57
121900220,105,6,99
121900221,173,429,-256
121900222,60,128,-68
121900223,72,51,21
121900224,36,40,-4
121900225,114,72,42
121900226,122,164,-42
121900227,69,277,-208
121900228,153,230,-77
121900230,77,65,12
121900231,267,265,2
121900232,171,298,-127
121900233,180,170,10
121900234,112,313,-201
121900235,163,240,-77
121900236,202,98,104
121900237,101,189,-88
121900238,119,108,11
121900239,94,27,67
121900240,113,67,46
121900241,13,51,-38
121900242,3,0,3
121900243,1,0,1
121900244,2,0,2
121900245,95,76,19
121900246,1014,247,767
121900248,962,547,415
121900250,249,251,-2
121900251,278,17,261
121900252,472,74,398
121900253,147,792,-645
121900254,408,176,232
121900255,163,61,102
121900258,1758,1135,623
121900259,214,302,-88
121900260,13,116,-103
121900261,84,257,-173
121900262,267,570,-303
121900263,79,216,-137
121900264,1546,817,729
121900265,72,228,-156
121900266,139,213,-74
121900267,21,24,-3
121900269,51,172,-121
121900270,3,90,-87
121900271,26,102,-76
121900273,348,1098,-750
121900274,120,170,-50
121900277,253,1238,-985
121900278,92,669,-577
121900279,159,258,-99
121900280,139,206,-67
121900281,245,75,170
121900284,68,21,47
121900286,57,131,-74
121900287,7,5,2
121900288,4,1,3
121900290,154,216,-62
121900291,375,410,-35
121900292,150,65,85
121900293,689,2633,-1944
121900294,162,1,161
121900295,53,168,-115
121900296,46,13,33
121900298,302,412,-110
121900299,0,0,0
121900300,30,0,30
121900301,29,5,24
121900302,1,53,-52
121900303,250,397,-147
121900304,0,7,-7
121900305,0,3,-3
121900306,57,5,52
121900307,22,0,22
121900308,20,349,-329
121900309,12,238,-226
121900310,19,428,-409
121900311,173,20,153
121900312,66,21,45
121900313,161,11,150
121900314,2,47,-45
121900315,7,0,7
121900316,0,16,-16
121900317,1,0,1
121900318,0,9,-9
121900319,9,37,-28
121900320,50,80,-30
121900321,1,1,0
121900322,1,15,-14
121900323,17,3,14
121900324,6,42,-36
121900325,0,0,0
121900326,3,14,-11
121900327,4,34,-30
121900328,0,18,-18
121900329,2,227,-225
121900330,3,32,-29
121900331,41,9,32
121900332,55,17,38
121900333,8,0,8
121900334,119,35,84
122000001,2154,2997,-843
122000002,4948,1237,3711
122000003,1856,1088,768
122000004,2828,849,1979
122000005,2555,806,1749
122000006,2014,445,1569
122000007,1236,1026,210
122000008,5338,2972,2366
122000009,503,199,304
122000010,1712,1813,-101
122000011,2474,699,1775
122000012,1113,782,331
122000013,1922,1051,871
122000014,1271,1727,-456
122000015,1181,663,518
122000016,392,676,-284
122000017,882,870,12
122000018,1147,984,163
122000019,647,1221,-574
122000020,150,169,-19
122000021,432,340,92
122000022,975,1193,-218
122000023,448,2187,-1739
122000024,960,647,313
122000025,1417,851,566
122000026,1946,554,1392
122000027,536,4165,-3629
122000028,659,280,379
122000029,276,189,87
122000030,349,100,249
122000031,106,171,-65
122000032,1248,2459,-1211
122000033,810,669,141
122000034,471,460,11
122000035,339,691,-352
122000036,382,531,-149
122000037,245,262,-17
122000038,224,348,-124
122000039,550,433,117
122000040,318,279,39
122000041,348,477,-129
122000042,246,365,-119
122000043,111,87,24
122000044,83,103,-20
122000045,1047,460,587
122000046,673,701,-28
122000047,242,147,95
122000048,2387,3363,-976
122000049,4188,1767,2421
122000050,1352,506,846
122000051,383,608,-225
122000052,403,235,168
122000053,123,385,-262
122000054,1974,1455,519
122000055,2169,1789,380
122000056,7373,2831,4542
122000057,3885,2122,1763
122000058,4276,1192,3084
122000059,3337,1138,2199
122000060,894,389,505
122000061,541,275,266
122000062,1275,359,916
122000063,1466,378,1088
122000064,2847,2921,-74
122000065,4975,2398,2577
122000066,499,426,73
122000067,1291,1196,95
122000068,773,1119,-346
122000069,752,546,206
122000070,427,2578,-2151
122000071,684,1333,-649
122000072,321,223,98
122000073,554,357,197
122000074,1384,893,491
122000075,348,1009,-661
122000076,1369,834,535
122000077,1240,548,692
122000078,3138,1522,1616
122000079,1701,562,1139
122000080,1014,268,746
122000081,151,235,-84
122000082,874,500,374
122000083,1033,3280,-2247
122000084,639,552,87
122000085,141,1112,-971
122000086,1829,4317,-2488
122000087,331,128,203
122000088,135,265,-130
122000089,4913,2246,2667
122000090,174,276,-102
122000091,243,74,169
122000092,139,10,129
122000093,1345,851,494
122000094,6466,1113,5353
122000095,2910,1651,1259
122000096,2421,1081,1340
122000098,2983,1112,1871
122000099,2488,518,1970
122000100,1129,526,603
122000101,203,652,-449
122000102,1303,861,442
122000103,1272,1110,162
122000104,204,143,61
122000105,218,259,-41
122000106,352,460,-108
122000107,712,378,334
122000108,325,783,-458
122000109,275,283,-8
122000110,262,450,-188
122000111,2121,794,1327
122000112,527,1049,-522
122000113,430,531,-101
122000114,2972,1185,1787
122000115,1316,1071,245
122000116,325,353,-28
122000117,786,270,516
122000118,261,405,-144
122000119,2804,1112,1692
122000120,2209,1761,448
122000121,2796,1544,1252
122000122,683,797,-114
122000123,1915,940,975
122000124,1132,276,856
122000125,313,241,72
122000126,521,545,-24
122000127,1173,596,577
122000128,559,640,-81
122000129,249,572,-323
122000130,1869,409,1460
122000131,1327,461,866
122000132,676,270,406
122000133,795,1458,-663
122000134,335,400,-65
122000135,615,641,-26
122000136,328,203,125
122000137,666,560,106
122000139,1375,1878,-503
122000140,1021,385,636
122000141,3738,663,3075
122000142,511,412,99
122000143,396,175,221
122000144,1564,659,905
122000145,1110,479,631
122000146,443,641,-198
122000147,691,295,396
122000148,2833,844,1989
122000149,1846,856,990
122000150,951,623,328
122000151,259,264,-5
122000152,432,201,231
122000153,366,256,110
122000154,219,118,101
122000155,1292,1613,-321
122000156,1881,1346,535
122000157,1930,964,966
122000158,252,351,-99
122000159,793,1077,-284
122000160,3381,704,2677
122000161,984,394,590
122000162,1855,886,969
122000163,222,48,174
122000164,25,51,-26
122000165,642,601,41
122000166,842,925,-83
122000167,187,194,-7
122000168,145,389,-244
122000169,401,178,223
122000170,195,233,-38
122000171,34,46,-12
122000172,1210,1371,-161
122000173,1209,1896,-687
122000174,1707,683,1024
122000175,1181,247,934
122000176,237,554,-317
122000177,1211,1028,183
122000178,2522,1837,685
122000179,1628,2435,-807
122000180,1527,693,834
122000181,1466,2121,-655
122000182,1716,880,836
122000183,1409,898,511
122000184,2257,1346,911
122000185,1198,939,259
122000186,465,665,-200
122000187,1508,907,601
122000188,376,178,198
122000189,211,285,-74
122000190,1015,845,170
122000191,738,304,434
122000192,835,290,545
122000193,287,541,-254
122000194,590,122,468
122000195,136,393,-257
122000196,676,481,195
122000197,399,468,-69
122000198,463,829,-366
122000199,350,236,114
122000200,1220,463,757
122000201,1249,1400,-151
122000202,922,976,-54
122000203,1777,1297,480
122000204,1093,1498,-405
122000205,1411,808,603
122000206,1986,612,1374
122000207,940,995,-55
122000208,1548,1289,259
122000209,1887,282,1605
122000210,1433,1575,-142
122000211,914,953,-39
122000212,507,305,202
122000213,684,908,-224
122000214,1304,1288,16
122000215,1506,1092,414
122000217,1834,1124,710
122000218,618,37,581
122000219,1274,850,424
122000220,351,658,-307
122000221,124,314,-190
122000222,504,74,430
122000223,1012,614,398
122000225,545,213,332
122000226,888,1505,-617
122000227,333,1566,-1233
122000228,271,342,-71
122000229,35,322,-287
122000230,49,601,-552
122000231,183,651,-468
122000232,447,887,-440
122000233,0,107,-107
122000234,71,195,-124
122000235,402,209,193
122000236,419,108,311
122000237,81,52,29
122000238,82,120,-38
122000239,335,62,273
122000240,720,230,490
122000241,597,391,206
122000242,229,93,136
122000243,103,83,20
122000244,54,526,-472
122000245,50,182,-132
122000246,117,156,-39
122000247,364,839,-475
122000248,1176,1645,-469
122000249,299,384,-85
122000250,1106,559,547
122000251,210,223,-13
122000252,429,41,388
122000253,66,193,-127
122000254,97,66,31
122000255,453,1552,-1099
122000256,335,1342,-1007
122000257,87,336,-249
122000258,66,150,-84
122000259,15,760,-745
122000260,127,752,-625
122000261,1,184,-183
122000262,2,56,-54
122000263,81,112,-31
122000264,477,376,101
122000265,1603,618,985
122000266,3876,429,3447
122000267,57,140,-83
122000268,64,371,-307
122000269,532,227,305
122000270,756,98,658
122000271,250,923,-673
122000272,250,938,-688
122000273,291,521,-230
122000274,59,297,-238
122000275,66,239,-173
122000276,222,501,-279
122000277,518,1087,-569
122000278,421,850,-429
122000279,105,452,-347
122000280,544,673,-129
122000281,369,558,-189
122000282,73,74,-1
122000283,330,46,284
122000284,81,85,-4
122000285,328,87,241
122000286,58,143,-85
122000287,629,930,-301
122000288,174,192,-18
122000291,605,308,297
122000293,365,259,106
122000294,69,151,-82
122000295,1136,151,985
122000296,42,442,-400
122000297,2706,1868,838
122000299,249,373,-124
122000300,477,458,19
122000301,12903,2376,10527
122000302,803,537,266
122000303,4010,1091,2919
122000304,32,122,-90
122000305,530,773,-243
122000306,21,788,-767
122000307,83,104,-21
122000309,55,82,-27
122000310,31,21,10
122000311,103,66,37
122000312,98,27,71
122000313,27,33,-6
122000314,118,195,-77
122000315,166,10,156
122000316,206,149,57
122000317,567,160,407
122000318,217,231,-14
122000319,316,454,-138
122000320,367,2368,-2001
122000321,46,293,-247
122000322,2585,2196,389
122000323,1321,1278,43
122000324,1321,1157,164
122000325,827,793,34
122000326,23,131,-108
122000327,155,381,-226
122000328,939,696,243
122000330,1513,569,944
122000333,5,221,-216
122000337,564,1757,-1193
122000338,302,513,-211
122000340,335,236,99
122000342,2291,920,1371
122000343,373,1485,-1112
122000344,31,24,7
122000345,55,122,-67
122000346,247,516,-269
122000348,326,707,-381
122000349,120,522,-402
122000351,128,210,-82
122000352,204,77,127
122000353,46,128,-82
122000355,98,124,-26
122000356,1399,598,801
122000357,27,24,3
122000358,0,93,-93
122000359,0,25,-25
122000360,0,49,-49
122000362,8,114,-106
122000364,70,374,-304
122000365,1,27,-26
122000366,5,7,-2
122000368,381,728,-347
122000370,21,45,-24
122000371,3,0,3
122000372,4,0,4
122000381,34,318,-284
122000382,55,269,-214
122000384,3866,1815,2051
122000385,21,0,21
122000386,484,579,-95
122000387,399,491,-92
122000388,1224,300,924
122000389,173,691,-518
122000390,273,216,57
122000391,214,97,117
122000392,140,181,-41
122000393,94,487,-393
122000394,241,257,-16
122000395,85,196,-111
122000396,182,117,65
122000397,28,72,-44
122000398,19,59,-40
122000399,45,80,-35
122000400,160,199,-39
122000401,79,99,-20
122000402,131,84,47
122000403,231,1028,-797
122000404,63,352,-289
122000408,813,945,-132
122000503,4,70,-66
122000524,178,58,120
122000544,32,1839,-1807
122000614,503,203,300
122000616,476,2,474
122000640,18,207,-189
122000641,53,451,-398
122000642,731,1213,-482
122000643,7,119,-112
122000644,198,47,151
122000645,71,137,-66
122000651,1784,521,1263
122000664,132,29,103
122000665,878,474,404
122000666,406,967,-561
122000673,12,370,-358
122000674,99,41,58
122000675,961,969,-8
122000686,189,1307,-1118
122000687,522,303,219
122000688,115,833,-718
122000689,263,564,-301
122000690,385,745,-360
122000691,269,2799,-2530
122000692,695,303,392
122000693,325,1651,-1326
122000695,72,295,-223
122000696,137,333,-196
122000698,194,1235,-1041
122000699,103,51,52
122000701,798,351,447
122000702,394,2176,-1782
122000703,86,41,45
122000712,0,0,0
122000717,653,133,520
122000718,1197,781,416
122000719,52,41,11
122000720,166,260,-94
122000724,249,345,-96
122900001,31,2,29
122900002,730,1483,-753
122900003,212,22,190
122900004,392,17,375
122900005,26,27,-1
122900006,458,156,302
122900007,41,6,35
122900008,527,61,466
122900009,437,209,228
122900010,125,135,-10
122900012,196,218,-22
122900014,77,244,-167
122900015,1788,228,1560
122900016,87,261,-174
122900017,409,550,-141
122900018,143,6,137
122900020,263,258,5
122900021,40,508,-468
122900022,270,751,-481
122900023,98,223,-125
122900024,76,97,-21
122900025,15,97,-82
122900026,133,243,-110
122900027,41,629,-588
122900028,72,115,-43
122900029,3833,2062,1771
122900030,1150,311,839
122900031,83,100,-17
122900032,78,148,-70
122900033,124,144,-20
122900034,3071,3440,-369
122900035,8,3,5
122900036,14,100,-86
122900037,197,108,89
122900038,95,1368,-1273
122900039,66,295,-229
122900040,192,292,-100
122900041,114,158,-44
122900042,116,263,-147
122900043,293,168,125
122900044,72,234,-162
122900045,73,87,-14
122900046,47,57,-10
122900047,188,101,87
122900048,31,107,-76
122900049,1606,124,1482
122900051,130,73,57
122900052,29,101,-72
122900053,12,12,0
122900055,213,82,131
122900057,210,16,194
122900061,255,107,148
122900062,212,335,-123
122900063,115,302,-187
122900064,957,502,455
122900065,233,96,137
122900066,295,170,125
122900067,1368,587,781
122900069,117,939,-822
122900070,150,21,129
122900071,70,424,-354
122900073,33,214,-181
122900074,112,549,-437
122900075,0,45,-45
122900076,7,206,-199
122900077,1,151,-150
122900078,34,181,-147
122900080,47,7,40
122900081,106,117,-11
122900082,490,202,288
122900083,182,117,65
122900084,2,210,-208
122900086,1,13,-12
122900087,108,492,-384
122900088,52,49,3
122900089,31,274,-243
122900090,3,797,-794
122900091,107,0,107
122900092,0,129,-129
122900093,2,364,-362
122900094,3,219,-216
122900095,57,3,54
122900096,107,402,-295
122900097,17,17,0
122900098,104,78,26
122900099,20,3,17
122900100,270,132,138
122900101,528,143,385
122900102,13,4,9
122900103,56,10,46
122900104,42,2,40
122900105,3,3,0
122900106,0,51,-51
122900107,1,172,-171
122900108,2,182,-180
122900109,43,160,-117
123000001,1768,366,1402
123000002,5196,2077,3119
123000003,3110,2245,865
123000004,3097,4013,-916
123000005,2120,2050,70
123000006,2675,2932,-257
123000007,2879,2017,862
123000008,2199,3524,-1325
123000009,3769,2752,1017
123000010,3229,3953,-724
123000011,3098,854,2244
123000012,1080,2316,-1236
123000013,2610,812,1798
123000014,1306,3650,-2344
123000015,4279,683,3596
123000016,5704,2521,3183
123000017,2550,1095,1455
123000018,25,56,-31
123000019,67,296,-229
123000020,85,86,-1
123000021,67,160,-93
123000022,361,1338,-977
123000023,990,910,80
123000024,692,446,246
123000025,126,89,37
123000026,14,145,-131
123000027,467,254,213
123000028,697,178,519
123000029,988,381,607
123000030,88,728,-640
123000031,50,378,-328
123000032,76,344,-268
123000033,166,63,103
123000034,490,408,82
123000035,176,203,-27
123000036,496,572,-76
123000037,150,212,-62
123000038,76,173,-97
123000039,455,712,-257
123000040,1036,244,792
123000041,1183,681,502
123000042,975,465,510
123000043,3223,3711,-488
123000044,5723,1546,4177
123000045,9607,1411,8196
123000046,788,495,293
123000047,2105,1002,1103
123000048,32,303,-271
123000049,6537,3197,3340
123000050,624,844,-220
123000051,81,143,-62
123000052,428,1805,-1377
123000053,1646,2251,-605
123000054,839,965,-126
123000055,676,886,-210
123000056,1002,1667,-665
123000057,16320,4270,12050
123000058,511,553,-42
123000059,339,374,-35
123000060,537,287,250
123000061,132,717,-585
123000063,563,560,3
123000064,587,141,446
123000065,6312,3058,3254
123000066,915,634,281
123000067,284,583,-299
123000068,2560,2948,-388
123000069,7004,3057,3947
123000070,255,740,-485
123000071,473,937,-464
123000072,632,1419,-787
123000073,517,827,-310
123000074,721,1984,-1263
123000075,270,654,-384
123000076,306,1109,-803
123000077,1911,3726,-1815
123000078,807,1527,-720
123000079,901,1758,-857
123000080,1484,2483,-999
123000081,175,645,-470
123000082,383,1052,-669
123000083,628,103,525
123000084,325,792,-467
123000085,72,119,-47
123000086,153,470,-317
123000087,72,533,-461
123000088,590,1224,-634
123000089,334,1290,-956
123000090,930,1072,-142
123000091,1393,1287,106
123000092,1170,1057,113
123000094,292,197,95
123000095,170,533,-363
123000096,301,360,-59
123000097,199,1121,-922
123000098,408,460,-52
123000099,480,790,-310
123000100,367,463,-96
123000101,483,411,72
123000102,571,473,98
123000104,640,422,218
123000105,475,565,-90
123000106,501,307,194
123000107,391,529,-138
123000108,785,1169,-384
123000111,443,181,262
123000112,497,521,-24
123000113,434,1615,-1181
123000114,331,415,-84
123000115,137,241,-104
123000116,19,164,-145
123000117,894,1905,-1011
123000118,327,885,-558
123000119,194,956,-762
123000120,385,852,-467
123000121,350,525,-175
123000122,363,285,78
123000123,326,526,-200
123000124,652,484,168
123000125,1009,614,395
123000126,1548,1713,-165
123000127,1359,822,537
123000128,232,382,-150
123000129,288,144,144
123000130,310,63,247
123000131,603,401,202
123000132,342,544,-202
123000133,363,356,7
123000134,481,185,296
123000135,880,883,-3
123000136,173,1196,-1023
123000137,56,403,-347
123000138,45,452,-407
123000139,214,102,112
123000140,108,546,-438
123000141,658,63,595
123000142,905,897,8
123000143,1032,2542,-1510
123000144,11,11,0
123000145,139,154,-15
123000146,47,115,-68
123000147,45,75,-30
123000149,265,304,-39
123000150,148,201,-53
123000151,232,362,-130
123000152,33,306,-273
123000153,152,373,-221
123000154,1578,1295,283
123000155,2220,777,1443
123000156,49,64,-15
123000157,506,754,-248
123000158,608,489,119
123000159,2209,1227,982
123000160,553,451,102
123000161,1047,713,334
123000162,327,1106,-779
123000163,154,44,110
123000164,570,201,369
123000165,261,1806,-1545
123000166,12,146,-134
123000167,59,269,-210
123000168,148,323,-175
123000169,279,65,214
123000170,33,321,-288
123000171,173,36,137
123000172,150,611,-461
123000173,329,105,224
123000174,590,137,453
123000175,801,1146,-345
123000176,578,93,485
123000177,276,939,-663
123000178,328,62,266
123000179,15,685,-670
123000180,779,255,524
123000181,183,1329,-1146
123000182,160,490,-330
123000183,142,140,2
123000184,59,707,-648
123000185,289,351,-62
123000186,44,702,-658
123000187,273,6,267
123000188,183,27,156
123000189,31,11,20
123000190,25,137,-112
123000192,31,480,-449
123000193,38,592,-554
123000194,202,107,95
123000195,166,12,154
123000196,134,19,115
123000197,33,29,4
123000198,9,201,-192
123000199,7,493,-486
123000200,211,14,197
123000201,501,23,478
123000202,34,1247,-1213
123000203,422,55,367
123000204,66,1122,-1056
123000205,256,1672,-1416
123000206,795,102,693
123000207,92,1040,-948
123000208,237,141,96
123000209,1277,333,944
123000210,447,1708,-1261
123000211,508,2471,-1963
123000212,1103,302,801
123000213,292,49,243
123000215,186,115,71
123000216,165,594,-429
123000217,161,26,135
123000218,105,308,-203
123000219,960,25,935
123000220,350,69,281
123000221,146,134,12
123000222,224,417,-193
123000223,77,570,-493
123000224,216,687,-471
123000225,263,99,164
123000226,96,369,-273
123000227,64,317,-253
123000228,186,55,131
123000229,1181,1766,-585
123000232,68,467,-399
123000233,353,144,209
123000234,112,589,-477
123000235,289,309,-20
123000236,116,819,-703
123000237,171,50,121
123000238,51,598,-547
123000239,314,1960,-1646
123000240,25,201,-176
123000241,801,133,668
123000242,47,127,-80
123000243,318,1095,-777
123000244,573,430,143
123000245,56,143,-87
123000249,361,613,-252
123000252,418,113,305
123000253,389,304,85
123000254,297,965,-668
123000255,574,533,41
123000256,30,194,-164
123000257,2773,2149,624
123000258,875,1091,-216
123000259,140,320,-180
123000260,241,584,-343
123000261,77,121,-44
123000262,64,271,-207
123000263,287,96,191
123000264,195,38,157
123000265,32,138,-106
123000266,330,628,-298
123000267,207,233,-26
123000268,22,70,-48
123000269,36,22,14
123000270,34,26,8
123000271,17,90,-73
123000272,749,213,536
123000273,135,354,-219
123000274,968,333,635
123000275,176,886,-710
123000278,3005,2288,717
123000279,46,106,-60
123000280,245,306,-61
123000281,132,63,69
123000282,61,243,-182
123000283,72,26,46
123000284,41,132,-91
123000286,172,186,-14
123000287,405,188,217
123000288,712,439,273
123000289,418,600,-182
123000291,237,717,-480
123000294,253,236,17
123000295,616,931,-315
123000296,243,530,-287
123000297,232,1134,-902
123000298,222,563,-341
123000299,67,480,-413
123000300,663,577,86
123000301,67,135,-68
123000302,49,199,-150
123000303,66,88,-22
123000305,876,812,64
123000306,49,269,-220
123000309,23,66,-43
123000310,50,16,34
123000311,10,208,-198
123000312,879,1079,-200
123000313,143,243,-100
123000315,54,325,-271
123000316,1820,201,1619
123000317,167,49,118
123000318,27,284,-257
123000329,12,17,-5
123000337,185,248,-63
123000338,368,81,287
123000339,70,297,-227
123000340,114,424,-310
123000342,9,227,-218
123000343,49,1,48
123000344,894,337,557
123000345,283,490,-207
123000346,154,111,43
123000352,1702,614,1088
123000353,10,164,-154
123000354,241,5,236
123000355,1,461,-460
123000356,72,8,64
123000357,3,268,-265
123000359,4,242,-238
123000360,145,24,121
123000361,502,243,259
123000362,107,118,-11
123000363,55,205,-150
123000364,323,216,107
123000365,19,186,-167
123000366,213,896,-683
123000367,337,1151,-814
123000370,45,292,-247
123000371,388,15,373
123000372,94,18,76
123000373,4,252,-248
123000374,5,212,-207
123000375,150,11,139
123000376,629,479,150
123000377,160,12,148
123000378,5,348,-343
123000379,3,258,-255
123000380,20,100,-80
123000381,135,37,98
123000382,985,22,963
123000383,219,715,-496
123000384,339,74,265
123000385,355,864,-509
123000436,28,565,-537
123000507,189,363,-174
123000508,138,322,-184
123000517,195,9,186
123000518,26,204,-178
123000519,112,70,42
123000520,56,184,-128
123000521,221,99,122
123000522,139,522,-383
123000541,3,1,2
123000542,0,26,-26
123000565,241,14,227
123000566,43,849,-806
123000567,226,258,-32
123000573,27,1095,-1068
123000574,213,83,130
123000575,916,1179,-263
123000576,495,1964,-1469
123000577,58,423,-365
123000578,551,63,488
123000579,6218,2833,3385
123000580,96,87,9
123000582,166,20,146
123000583,4,395,-391
123000584,96,197,-101
123000585,0,111,-111
123000586,79,3,76
123000596,106,129,-23
123000597,71,86,-15
123000602,14,2,12
123000603,190,854,-664
123000604,305,1186,-881
123000605,551,6,545
123000606,1,215,-214
123000609,11,321,-310
123000610,117,69,48
123000613,57,186,-129
123000614,122,36,86
123000615,36,280,-244
123000616,194,46,148
123000617,62,527,-465
123000618,87,591,-504
123000619,447,19,428
123000620,26,556,-530
123000622,202,13,189
123000624,142,119,23
123000630,498,440,58
123000631,177,2295,-2118
123000632,1185,1292,-107
123000633,0,258,-258
123000634,73,36,37
123000635,204,78,126
123000636,9,577,-568
123000637,146,36,110
123000638,320,125,195
123000639,927,1849,-922
123000640,55,1023,-968
123000648,162,93,69
123000649,33,654,-621
123000650,23,92,-69
123000651,9,133,-124
123000652,31,17,14
123000653,6,142,-136
123000654,38,165,-127
123900001,1193,33,1160
123900002,6,852,-846
123900003,294,612,-318
123900005,103,97,6
123900006,139,26,113
124000001,1107,29,1078
124000002,57,1459,-1402
124000003,278,58,220
124000004,46,572,-526
124000005,502,148,354
124000006,185,1208,-1023
124000007,483,73,410
124000008,16,406,-390
124000009,219,214,5
124000010,115,600,-485
124000011,516,227,289
124000012,191,800,-609
124000017,73,72,1
124000018,59,93,-34
124000019,87,105,-18
124000020,44,223,-179
124000021,47,54,-7
124000022,79,235,-156
124000023,557,93,464
124000024,832,695,137
124000025,573,212,361
124000026,824,571,253
124000027,1660,426,1234
124000028,2673,992,1681
124000031,690,714,-24
124000032,3691,1110,2581
124000033,616,301,315
124000034,1101,1445,-344
124000035,130,105,25
124000036,545,750,-205
124000037,228,344,-116
124000038,34,92,-58
124000039,823,241,582
124000040,589,466,123
124000041,169,53,116
124000042,50,346,-296
124000043,27,72,-45
124000044,46,287,-241
124000045,192,271,-79
124000046,134,658,-524
124000047,467,568,-101
124000048,417,1546,-1129
124000049,735,520,215
124000050,413,2293,-1880
124000051,263,401,-138
124000052,410,1479,-1069
124000053,316,699,-383
124000054,751,953,-202
124000055,856,1077,-221
124000056,3222,1410,1812
124000057,616,362,254
124000058,361,1422,-1061
124000059,370,498,-128
124000060,1197,952,245
124000061,1013,2134,-1121
124000062,7152,1650,5502
124000063,1260,1561,-301
124000064,3157,2057,1100
124000065,313,341,-28
124000066,349,35,314
124000067,52,227,-175
124000068,22,112,-90
124000069,249,264,-15
124000070,144,457,-313
124000071,117,99,18
124000072,210,455,-245
124000073,540,112,428
124000074,174,744,-570
124000075,73,33,40
124000076,8,234,-226
124000077,1341,585,756
124000078,1515,441,1074
124000079,465,736,-271
124000080,195,90,105
124000081,130,693,-563
124000082,40,91,-51
124000083,42,190,-148
124000084,74,174,-100
124000085,68,53,15
124000086,29,72,-43
124000087,132,28,104
124000088,67,307,-240
124000089,279,317,-38
124000090,60,461,-401
124000091,291,154,137
124000092,113,787,-674
124000093,62,41,21
124000094,172,324,-152
124000095,56,50,6
124000096,59,289,-230
124000097,38,62,-24
124000098,65,178,-113
124000099,106,82,24
124000100,23,105,-82
124000101,35,79,-44
124000102,90,105,-15
124000103,38,53,-15
124000104,66,117,-51
124000105,68,44,24
124000106,147,156,-9
124000107,8,64,-56
124000108,66,52,14
124000109,97,37,60
124000110,120,106,14
124000111,157,99,58
124000112,346,704,-358
124000113,32,70,-38
124000114,170,602,-432
124000115,215,828,-613
124000116,62,62,0
124000117,67,69,-2
124000118,14,67,-53
124000119,711,443,268
124000120,414,522,-108
124000121,2356,645,1711
124000122,518,987,-469
124000123,591,294,297
124000124,363,736,-373
124000125,252,264,-12
124000126,280,399,-119
124000127,502,317,185
124000128,451,750,-299
124000129,1384,1080,304
124000130,622,539,83
124000131,721,382,339
124000132,696,700,-4
124000133,551,639,-88
124000134,619,675,-56
124000135,1222,1070,152
124000136,803,1015,-212
124000137,899,428,471
124000138,900,897,3
124000139,536,65,471
124000140,79,604,-525
124000141,253,37,216
124000142,33,718,-685
124000143,38,4,34
124000144,2,150,-148
124000145,32,52,-20
124000146,7,119,-112
124000148,6,40,-34
124000149,551,237,314
124000150,461,455,6
124000151,437,204,233
124000152,606,976,-370
124000153,834,427,407
124000154,596,762,-166
124000155,809,550,259
124000156,1263,945,318
124000169,178,228,-50
124000170,595,377,218
124000171,146,202,-56
124000172,287,560,-273
124000173,172,298,-126
124000174,241,657,-416
124000175,9,131,-122
124000176,17,12,5
124000177,7,52,-45
124000178,9,20,-11
124000185,23,12,11
124000186,2,82,-80
124000187,8,122,-114
124000188,16,4,12
124000190,182,30,152
124000191,506,90,416
124000192,1918,250,1668
124000193,393,943,-550
124000194,432,495,-63
124000195,141,309,-168
124000196,958,1130,-172
124000197,29,78,-49
124000198,22,38,-16
124000201,224,1279,-1055
124000202,361,110,251
124000203,95,1024,-929
124000204,265,494,-229
124000205,35,704,-669
124000206,115,388,-273
124000207,0,41,-41
124000209,83,407,-324
124000210,215,157,58
124000211,105,1,104
124000212,1,652,-651
124000213,171,425,-254
124000214,101,677,-576
124000215,82,7,75
124000216,2,616,-614
124000329,57,2522,-2465
124000338,30,1209,-1179
124000339,235,86,149
124000341,354,88,266
124000344,47,42,5
124000357,967,2041,-1074
124000358,910,1714,-804
124000359,594,477,117
124000360,252,352,-100
124000361,815,582,233
124000362,1196,1394,-198
124000363,222,582,-360
124000364,446,1054,-608
124000365,622,1322,-700
124000366,2309,1419,890
124000367,110,479,-369
124000368,201,143,58
124000369,53,70,-17
124000370,50,526,-476
124000402,14,8,6
124000403,26,9,17
124000404,2,89,-87
124000405,682,484,198
124000406,725,698,27
124000407,0,29,-29
124000411,7,403,-396
124000412,142,22,120
124000413,263,51,212
124000414,26,73,-47
124000415,32,210,-178
124000416,102,395,-293
124000417,75,125,-50
124000418,57,106,-49
124000419,56,181,-125
124000420,23,43,-20
124000421,24,348,-324
124000422,14,6,8
124000423,78,39,39
124000424,0,164,-164
124000425,37,5,32
124000426,6,215,-209
124000427,28,5,23
124000428,11,44,-33
124000429,18,49,-31
124000430,420,502,-82
124000431,202,559,-357
124000432,67,775,-708
124000439,17,7,10
124000443,0,0,0
124000445,174,402,-228
124000446,2927,104,2823
124000447,12,54,-42
124000448,23,2,21
124000449,74,7,67
124000450,7,616,-609
124000451,2,377,-375
124000452,408,75,333
124000453,2325,1943,382
124000454,3153,3433,-280
124000457,8,126,-118
124000458,4,232,-228
124900001,260,243,17
124900002,61,506,-445
124900003,415,506,-91
124900004,224,304,-80
124900005,123,177,-54
124900006,274,303,-29
124900008,882,342,540
124900009,81,105,-24
124900010,64,25,39
124900011,140,108,32
124900012,198,68,130
124900013,161,95,66
124900014,84,60,24
124900015,69,104,-35
124900016,22,33,-11
124900017,507,314,193
124900018,3,5,-2
124900020,26,32,-6
124900021,63,14,49
124900022,17,7,10
124900024,90,1,89
124900026,57,4,53
124900027,38,130,-92
124900028,411,82,329
124900029,4,244,-240
124900030,1,94,-93
124900031,11,294,-283
124900032,184,134,50
124900033,54,296,-242
124900034,5,91,-86
124900035,101,316,-215
124900036,1,32,-31
124900037,73,271,-198
124900038,188,346,-158
124900039,1,20,-19
124900040,43,70,-27
124900041,172,1384,-1212
124900042,23,0,23
124900043,239,1210,-971
124900044,32,0,32
124900045,432,682,-250
124900047,80,148,-68
124900048,98,117,-19
124900050,90,256,-166
124900052,86,298,-212
124900053,34,235,-201
124900054,2837,216,2621
124900055,1,88,-87
124900057,26,189,-163
124900060,42,166,-124
124900061,40,2,38
124900062,61,42,19
124900066,0,13,-13
124900067,8,131,-123
124900068,151,140,11
124900070,12,23,-11
124900072,44,25,19
124900075,39,117,-78
124900076,10,329,-319
124900077,16,50,-34
124900078,34,3,31
124900079,521,40,481
124900080,139,786,-647
124900081,387,204,183
124900082,261,1074,-813
124900083,122,566,-444
124900085,1051,112,939
124900086,18,491,-473
124900087,515,34,481
124900088,533,92,441
124900089,1295,12,1283
124900090,118,172,-54
124900091,132,578,-446
124900092,105,433,-328
124900093,95,115,-20
124900094,124,160,-36
124900095,73,224,-151
124900096,332,96,236
124900097,152,33,119
124900098,87,385,-298
124900099,388,267,121
124900100,140,11,129
124900101,47,282,-235
124900102,85,7,78
124900103,57,362,-305
124900104,14,232,-218
124900105,56,185,-129
124900106,147,27,120
124900107,31,8,23
124900108,102,20,82
124900111,0,64,-64
124900112,20,735,-715
124900113,53,100,-47
124900114,132,66,66
124900115,31,23,8
124900116,53,74,-21
124900117,722,80,642
124900118,115,115,0
124900119,241,83,158
124900120,18,274,-256
124900121,89,143,-54
124900122,357,154,203
124900123,279,40,239
124900124,105,180,-75
124900125,87,3,84
124900126,2,510,-508
204000001,57,28,29
204000002,8,28,-20
204000003,24,1,23
204000004,11,2,9
204000005,356,394,-38
204000006,579,1000,-421
204000011,11,49,-38
204000012,39,98,-59
204000019,440,422,18
204000020,283,761,-478
204000021,1938,750,1188
204000022,344,386,-42
204000023,330,1030,-700
204000031,87,17,70
204000032,524,26,498
204000034,25,244,-219
204000035,1,3,-2
204000036,10,31,-21
204000037,6,19,-13
204000038,0,41,-41
204000039,2,54,-52
204000040,3,46,-43
204000041,4,60,-56
204000042,13,8,5
204000043,11,8,3
204000044,5,2,3
204000045,20,4,16
204000046,10,3,7
204000057,3,30,-27
204000062,12,226,-214
204000068,20,169,-149
204000069,19,229,-210
204000070,19,64,-45
204000080,34,42,-8
204000085,1165,1368,-203
204000086,2646,1807,839
204000087,57,22,35
204000088,4,97,-93
204000090,23,393,-370
204000093,113,116,-3
204000096,473,556,-83
204000097,167,67,100
204000099,713,1069,-356
204000100,691,900,-209
204000105,1595,1398,197
204000110,514,1238,-724
204000111,273,773,-500
204000112,839,918,-79
204000113,333,833,-500
204000114,419,425,-6
204000115,290,340,-50
204000116,1179,524,655
204000119,1203,1425,-222
204000132,312,192,120
204000133,439,266,173
204000134,114,114,0
204000135,435,95,340
204000136,182,230,-48
204000138,130,325,-195
204000140,84,75,9
204000141,76,52,24
204000144,7,18,-11
204000145,421,26,395
204000146,17,421,-404
204000147,38,123,-85
204000148,254,10,244
204000154,9,1,8
204000155,0,2,-2
204000177,54,49,5
204000179,10,8,2
204000180,0,48,-48
204000222,3,22,-19
204000235,2,8,-6
204000236,80,264,-184
204000238,13,17,-4
204000240,314,73,241
204000263,426,1278,-852
204000268,821,488,333
204000308,96,12,84
204000317,11,75,-64
204000322,3,34,-31
204000323,25,15,10
204000328,162,84,78
204000329,106,156,-50
204000330,155,119,36
204000331,104,165,-61
205000001,917,1157,-240
205000013,14,89,-75
205000014,7,65,-58
205000015,30,187,-157
205000016,22,136,-114
205000017,10,97,-87
205000022,266,505,-239
205000025,1331,887,444
205000029,131,6,125
205000045,78,181,-103
205000046,70,511,-441
205000047,27,560,-533
205000048,158,1077,-919
205000049,156,652,-496
205000050,1174,261,913
205000059,0,240,-240
205000060,1,57,-56
205000061,2,62,-60
205000062,4,79,-75
205000063,6,48,-42
205000064,8,111,-103
205000065,71,674,-603
205000066,87,735,-648
205000067,21,1014,-993
205000069,232,18,214
205000082,92,195,-103
205000110,70,183,-113
205000111,164,235,-71
205000112,80,101,-21
205000113,112,171,-59
205000121,152,58,94
205000123,61,148,-87
205000126,261,126,135
205000127,553,170,383
205000128,478,104,374
205000129,397,108,289
205000130,501,43,458
205000131,511,10,501
205000132,447,0,447
205000133,179,1,178
205000134,132,0,132
205000137,95,126,-31
205000138,224,259,-35
205000139,12,89,-77
205000144,66,59,7
205000145,206,148,58
205000151,84,36,48
205000152,96,45,51
205000153,124,39,85
205000154,51,74,-23
205000155,38,7,31
205000207,10,152,-142
205000233,15,0,15
205000234,0,2,-2
205000243,0,0,0
205000244,0,4,-4
205000245,17,306,-289
205000249,0,47,-47
205000250,5,1,4
205000264,0,81,-81
206000027,2,3,-1
206000028,4,2,2
206000043,10,148,-138
206000053,4,7,-3
206000054,5,16,-11
206000055,0,28,-28
206000075,4,4,0
206000076,12,7,5
206000077,15,4,11
206000078,17,6,11
206000079,16,6,10
206000082,314,10,304
206000100,58,594,-536
206000103,7,26,-19
206000104,5,33,-28
206000105,13,23,-10
206000106,20,18,2
206000125,33,0,33
206000157,76,627,-551
206000170,2,247,-245
206000171,2,233,-231
206000172,5,1212,-1207
206000173,0,468,-468
206000174,8,167,-159
206000175,2,236,-234
206000176,7,494,-487
206000177,0,289,-289
206000178,4,226,-222
206000179,4,129,-125
206000180,14,226,-212
206000181,12,381,-369
206000182,17,369,-352
206000183,19,1084,-1065
206000184,8,473,-465
206000185,2,447,-445
206000186,90,2063,-1973
206000223,3,454,-451
206000226,8,0,8
206000227,14,1,13
206000237,27,438,-411
206000238,25,813,-788
206000239,485,2339,-1854
206000240,0,61,-61
206000241,0,116,-116
206000242,12,685,-673
206000243,3,589,-586
206000244,58,1266,-1208
206000245,262,37,225
206000246,64,6,58
206000247,59,8,51
206000248,189,14,175
206000252,54,14,40
206000258,21,31,-10
206000315,17,8,9
206000317,247,76,171
206000318,189,45,144
206000319,328,60,268
206000320,25,22,3
206000321,40,8,32
206000322,159,5,154
206000323,78,11,67
206000324,53,5,48
206000325,106,15,91
206000326,63,9,54
206000327,162,10,152
206000328,46,4,42
206000329,80,7,73
206000330,17,1,16
206000331,69,4,65
206000332,11,8,3
206000333,204,6,198
206000334,100,3,97
206000335,0,17,-17
206000361,5,177,-172
206000392,2,43,-41
206000405,117,1,116
206000441,10,8,2
206000498,20,2,18
206000515,80,23,57
206000530,111,48,63
206000531,122,48,74
206000532,3430,64,3366
206000535,413,2160,-1747
206000536,23,333,-310
206000537,11,198,-187
206000613,1107,127,980
206000784,338,22,316
207000001,154,387,-233
207000002,68,325,-257
207000003,121,202,-81
207000007,424,239,185
207000008,44,9,35
207000009,76,55,21
207000010,557,773,-216
207000012,123,182,-59
207000015,365,2027,-1662
207000019,168,55,113
207000021,392,156,236
207000022,65,84,-19
207000023,52,32,20
207000024,2,2,0
207000025,8,39,-31
207000026,112,42,70
207000027,21,47,-26
207000028,55,198,-143
207000029,287,392,-105
207000033,158,159,-1
207000034,194,43,151
207000039,163,91,72
207000040,100,144,-44
207000041,32,34,-2
207000042,108,72,36
207000043,134,150,-16
207000051,89,403,-314
207000052,21,263,-242
207000053,360,699,-339
207000054,10,189,-179
207000055,65,213,-148
207000056,193,555,-362
207000057,82,333,-251
207000058,62,509,-447
207000059,48,1021,-973
207000060,24,360,-336
207000061,102,137,-35
207000062,129,42,87
207000063,133,132,1
207000064,229,146,83
207000065,176,156,20
207000066,76,135,-59
207000067,30,99,-69
207000068,60,70,-10
207000069,519,276,243
207000082,49,571,-522
207000083,68,502,-434
207000084,72,116,-44
207000085,127,12,115
207000086,58,7,51
207000106,30,27,3
207000107,21,7,14
207000108,33,6,27
207000109,21,10,11
207000110,30,47,-17
207000111,49,63,-14
207000112,142,241,-99
207000114,17,40,-23
207000115,10,69,-59
207000116,14,240,-226
207000117,10,117,-107
207000118,14,115,-101
207000119,6,142,-136
207000123,122,19,103
207000124,61,16,45
207000125,39,19,20
207000126,85,26,59
207000134,30,294,-264
207000135,30,452,-422
207000148,36,159,-123
207000149,81,36,45
207000152,132,391,-259
207000153,1030,833,197
207000154,478,114,364
207000159,66,393,-327
207000160,124,914,-790
207000238,0,105,-105
207000242,0,143,-143
207000248,25,15,10
207000249,131,63,68
207000250,636,66,570
207000251,96,64,32
207000252,46,48,-2
207000278,27,55,-28
207000279,9,303,-294
207000280,190,59,131
207000281,65,1699,-1634
207000282,125,37,88
207000283,127,233,-106
207000284,56,81,-25
207000285,203,33,170
207000291,9,109,-100
207000304,58,41,17
207000306,47,416,-369
207000310,25,41,-16
207000353,166,2,164
207000356,3,18,-15
207000357,10,4,6
207000358,4,9,-5
207000415,9,143,-134
207000417,15,1,14
207000418,98,144,-46
207000438,0,0,0
207000439,878,236,642
207000446,104,1,103
207000460,7,9,-2
207000466,141,151,-10
207000467,70,86,-16
207000468,20,786,-766
207000476,2,70,-68
207000477,188,106,82
207000478,1,3,-2
207000523,0,4,-4
207000524,53,6,47
207000527,88,145,-57
207000530,119,12,107
207000531,132,5,127
207000532,29,13,16
207000534,600,51,549
207000535,48,199,-151
207000537,20,119,-99
207000540,4,159,-155
207000541,1,265,-264
207000548,7,239,-232
207000549,145,9,136
207000561,77,70,7
207000562,23,175,-152
207000567,153,295,-142
207000568,55,99,-44
207000569,172,1188,-1016
207000584,314,156,158
207000585,48,147,-99
207000587,55,24,31
207000616,2,232,-230
207000617,85,0,85
207000624,62,32,30
207000631,3,69,-66
207900008,117,486,-369
208000001,343,535,-192
208000002,397,479,-82
208000003,637,637,0
208000004,915,798,117
208000005,15,19,-4
208000019,292,757,-465
208000020,185,384,-199
208000021,111,487,-376
208000022,424,783,-359
208000028,1092,862,230
208000033,352,694,-342
208000034,983,1420,-437
208000037,350,29,321
208000040,64,122,-58
208000041,764,359,405
208000042,393,428,-35
208000047,71,347,-276
208000064,2264,1161,1103
208000066,1097,753,344
208000070,195,433,-238
208000071,235,714,-479
208000072,211,1067,-856
208000080,155,380,-225
208000081,137,213,-76
208000082,177,332,-155
208000083,81,421,-340
208000084,27,5,22
208000085,872,553,319
208000086,407,844,-437
208000087,300,767,-467
208000089,595,632,-37
208000090,439,1012,-573
208000093,69,96,-27
208000094,248,509,-261
208000095,444,269,175
208000104,652,902,-250
208000105,419,900,-481
208000114,42,113,-71
208000115,417,334,83
208000116,178,709,-531
208000117,57,98,-41
208000118,79,92,-13
208000155,387,852,-465
208000158,1563,2068,-505
208000186,2501,1749,752
208000204,305,757,-452
208000205,758,1232,-474
208000282,3268,1069,2199
209000004,116,167,-51
209000005,17,42,-25
209000006,518,56,462
209000007,266,176,90
209000010,474,158,316
209000011,145,183,-38
209000012,95,200,-105
209000013,144,593,-449
209000014,718,1585,-867
209000025,252,31,221
209000026,402,69,333
209000027,372,1216,-844
209000028,286,1135,-849
209000029,655,988,-333
209000030,597,1633,-1036
209000031,3460,2405,1055
209000034,112,138,-26
209000035,106,150,-44
209000036,82,85,-3
209000037,148,154,-6
209000038,66,155,-89
209000039,21,141,-120
209000040,218,409,-191
209000041,141,303,-162
209000042,171,318,-147
209000043,459,564,-105
209000044,154,473,-319
209000045,845,347,498
209000046,266,473,-207
209000047,251,186,65
209000048,315,206,109
209000049,109,154,-45
209000050,161,326,-165
209000051,259,487,-228
209000052,143,406,-263
209000062,48,173,-125
209000063,34,169,-135
209000064,19,171,-152
209000065,16,29,-13
209000066,26,34,-8
209000067,44,73,-29
209000080,21,176,-155
209000082,41,30,11
209000091,48,86,-38
209000093,67,28,39
209000094,211,89,122
209000110,13,52,-39
209000111,275,1004,-729
209000112,617,479,138
209000113,983,379,604
209000114,157,285,-128
209000115,59,239,-180
209000116,983,612,371
209000118,19,39,-20
209000119,44,6,38
209000121,130,676,-546
209000135,32,65,-33
209000142,628,873,-245
209000143,73,66,7
209000144,57,45,12
209000229,109,176,-67
209000240,43,519,-476
209000259,87,142,-55
209000260,38,719,-681
209000261,12,498,-486
209000262,1,473,-472
209000263,1,112,-111
209000264,2,48,-46
209000265,395,7,388
209000266,73,1,72
209000267,283,5,278
209000268,338,26,312
210000037,55,20,35
210000047,32,21,11
210000048,23,17,6
210000049,56,19,37
210000052,19,157,-138
210000053,12,104,-92
210000054,38,124,-86
210000070,30,2,28
210000071,34,0,34
210000072,18,0,18
210000073,0,18,-18
210000074,1,102,-101
210000075,1,37,-36
210000076,5,135,-130
210000077,22,35,-13
210000078,57,37,20
210000079,20,6,14
210000080,117,28,89
210000081,76,2,74
210000082,41,0,41
210000083,80,0,80
210000084,17,0,17
210000085,0,85,-85
210000086,1,120,-119
210000099,30,208,-178
210000100,21,203,-182
210000101,58,249,-191
210000105,27,209,-182
210000159,0,107,-107
210000163,188,230,-42
210000164,336,88,248
210000168,165,20,145
210000187,0,6,-6
210000188,0,20,-20
210000214,95,0,95
210000219,24,56,-32
210000220,21,64,-43
210000232,1,25,-24
210000233,20,69,-49
210000234,20,145,-125
210000235,15,123,-108
210000245,2,36,-34
210000246,33,5,28
210000258,7,95,-88
210000259,191,24,167
210000282,45,189,-144
210000285,0,88,-88
210000286,7,148,-141
210000290,7,11,-4
210000295,27,216,-189
210000296,35,76,-41
210000320,100,116,-16
210000321,61,65,-4
210000338,95,121,-26
210000339,428,695,-267
210000340,122,243,-121
210000341,120,227,-107
210000342,115,201,-86
210000343,122,232,-110
210000344,241,101,140
210000345,288,203,85
210000346,73,140,-67
210000347,238,33,205
210000348,152,20,132
210000349,120,15,105
210000350,68,56,12
210000351,77,122,-45
210000352,21,99,-78
210000353,26,103,-77
210000354,40,134,-94
210000355,66,99,-33
210000356,67,57,10
210000357,33,42,-9
210000358,346,92,254
210000359,88,43,45
210000360,110,97,13
210000361,102,128,-26
210000362,140,127,13
210000363,721,107,614
210000364,73,72,1
210000365,75,41,34
210000366,61,48,13
210000367,47,22,25
210000368,124,20,104
210000369,29,23,6
210000370,28,38,-10
210000372,64,21,43
210000373,100,21,79
210000374,73,38,35
210000375,25,87,-62
210000376,58,165,-107
210000404,89,110,-21
210000439,36,38,-2
210000472,54,5,49
210000482,101,55,46
210000564,493,147,346
210000567,2,22,-20
210000568,466,3,463
211000092,20,52,-32
211000094,6,9,-3
211000169,164,6,158
211000172,8,208,-200
211000209,0,7,-7
211000226,7,37,-30
211000270,18,4,14
211000275,9,22,-13
211000276,31,51,-20
211000279,5,74,-69
211000281,23,73,-50
211000302,9,72,-63
211507980,3,13,-10
211977296,6,2,4
212000003,102,41,61
212000004,118,21,97
212000005,25,28,-3
212000006,29,100,-71
212000008,115,233,-118
212000009,14,134,-120
212000012,52,72,-20
212000013,6,37,-31
212000014,167,154,13
212000015,177,209,-32
212000016,311,489,-178
212000027,255,348,-93
212000028,194,335,-141
212000029,149,224,-75
212000030,9,27,-18
212000031,39,71,-32
212000048,18,75,-57
212000049,2,45,-43
212000050,8,12,-4
212000051,132,196,-64
212000052,82,349,-267
212000053,240,508,-268
212000054,76,135,-59
212000055,147,234,-87
212000056,12,41,-29
212000057,7,33,-26
212000058,289,30,259
212000070,72,315,-243
212000077,68,643,-575
212000099,147,202,-55
212000108,169,178,-9
212000111,120,139,-19
212000120,143,133,10
212000138,85,21,64
212000156,1,87,-86
212000158,4,13,-9
212000159,172,55,117
212000160,312,164,148
212000161,27,10,17
212000310,28,22,6
212000311,2,73,-71
212000374,11,10,1
213000001,35,659,-624
213000005,180,87,93
213000006,858,161,697
213000007,63,7,56
213000009,449,172,277
213000010,111,124,-13
213000011,174,87,87
213000014,26,12,14
213000015,88,4,84
213000016,163,0,163
213000017,29,0,29
213000018,2,222,-220
213000019,1,175,-174
213000020,102,263,-161
213000021,2,85,-83
213000023,188,168,20
213000033,168,604,-436
213000034,375,218,157
213000035,64,176,-112
213000045,106,251,-145
213000046,104,192,-88
213000047,474,612,-138
213000056,72,15,57
213000069,34,6,28
213000073,0,15,-15
213000074,153,269,-116
213000075,303,9,294
213000076,11,2,9
213000085,1,33,-32
213000086,6,226,-220
213000091,28,6,22
213000092,25,6,19
213000099,132,834,-702
213000100,1046,164,882
213000101,158,154,4
213000102,176,436,-260
213000103,534,721,-187
213000104,37,521,-484
213000105,0,18,-18
213000106,7,160,-153
213000107,97,465,-368
213000108,3,151,-148
213000109,11,456,-445
213000110,9,207,-198
213000111,4,63,-59
213000112,40,32,8
213000115,22,9,13
213000116,127,771,-644
213000117,4,1092,-1088
213000118,159,264,-105
213000119,40,564,-524
213000120,60,477,-417
213000122,233,1017,-784
213000123,649,1348,-699
213000124,60,1484,-1424
213000125,89,13,76
213000126,65,77,-12
213000127,192,117,75
213000128,603,591,12
213000129,382,344,38
213000130,178,160,18
213000132,181,67,114
213000133,195,80,115
213000134,487,22,465
213000136,283,6,277
213000137,355,74,281
213000139,454,14,440
213000147,34,2,32
213000148,9,6,3
213000149,22,1,21
213000150,0,50,-50
213000151,0,51,-51
213000152,3,51,-48
213000153,2,25,-23
213000154,16,264,-248
213000155,17,345,-328
213000156,54,730,-676
213000157,722,570,152
213000158,183,495,-312
213000159,272,598,-326
213000163,220,75,145
213000165,489,142,347
213000171,11,209,-198
213000172,26,389,-363
213000173,3,161,-158
213000174,0,73,-73
213000175,7,104,-97
213000176,6,71,-65
213000177,7,12,-5
213000178,37,6,31
213000179,109,47,62
213000180,88,77,11
213000184,27,84,-57
213000188,128,66,62
213000189,139,21,118
213000190,570,723,-153
213000191,127,592,-465
213000192,99,708,-609
213000193,1618,315,1303
213000194,0,27,-27
213000195,8,557,-549
213000196,128,905,-777
213000197,239,270,-31
213000198,20,1,19
213000200,145,1623,-1478
213000201,204,101,103
213000202,11,1102,-1091
213000203,2900,327,2573
213000204,523,25,498
213000205,116,45,71
213000206,209,44,165
213000207,71,18,53
213000208,184,1,183
213000209,58,2,56
213000210,252,2,250
213000211,0,3,-3
213000212,4,17,-13
213000213,1,18,-17
213000218,115,790,-675
213000219,263,10,253
213000220,316,16,300
213000223,171,124,47
213000224,28,19,9
213000225,43,2,41
213000226,61,4,57
213000227,413,130,283
213000228,128,46,82
213000229,409,18,391
213000230,306,27,279
213000232,57,473,-416
213000233,0,13,-13
213000234,4,32,-28
213000293,12,36,-24
213000294,106,2,104
213000295,10,67,-57
213000296,51,23,28
213000297,14,84,-70
213000298,11,80,-69
213000299,44,35,9
213000300,18,5,13
213000303,13,28,-15
213000304,0,0,0
213000305,4,6,-2
213000306,83,25,58
213000307,216,83,133
213000308,80,262,-182
213000309,173,47,126
213000310,120,80,40
213000311,437,777,-340
213000315,79,124,-45
213000316,49,57,-8
213000322,33,46,-13
213000323,6,30,-24
213000340,119,1480,-1361
213000341,202,102,100
213000346,125,65,60
213000347,683,126,557
213000348,11,179,-168
213000349,57,11,46
213000350,488,2069,-1581
213000366,29,297,-268
213000367,88,44,44
213000379,127,259,-132
213000386,10,330,-320
213000406,112,481,-369
213000417,787,328,459
213000425,59,41,18
213000426,37,60,-23
213000427,15,367,-352
213000428,13,256,-243
213000429,12,1,11
213000430,70,1097,-1027
213000431,192,3,189
213000432,2,8,-6
213000433,22,100,-78
213000434,49,111,-62
213000435,42,103,-61
213000439,28,26,2
213000441,0,0,0
213000443,292,311,-19
213000445,0,96,-96
213000446,0,5,-5
213000447,3,23,-20
213000448,5,42,-37
213000449,75,1,74
213000450,6,33,-27
213000451,122,51,71
213000452,11,21,-10
213000453,44,331,-287
213000455,397,66,331
213000456,0,261,-261
213000481,17,10,7
213000482,53,2,51
213000489,477,48,429
213000491,2,82,-80
213000492,149,1,148
213000493,0,63,-63
213000494,113,87,26
213000495,0,155,-155
213000496,141,184,-43
213000497,77,335,-258
213000498,49,284,-235
213000499,65,471,-406
213000500,175,53,122
213000501,56,29,27
213000502,126,44,82
213000504,45,275,-230
213000505,4,12,-8
213000506,0,4,-4
213000507,56,224,-168
213900244,9,0,9
213900245,0,30,-30
218000003,9,22,-13
218000004,24,13,11
218000005,15,16,-1
218000006,63,18,45
218000007,7,8,-1
218000012,245,95,150
218000013,76,106,-30
218000014,373,324,49
218000019,672,375,297
218000020,251,412,-161
218000040,8,1,7
218000046,32,180,-148
218000047,6,275,-269
218000048,100,290,-190
218000049,90,206,-116
218000050,222,379,-157
218000051,45,412,-367
218000052,4,134,-130
218000053,5,19,-14
218000054,56,45,11
218000055,15,25,-10
218000056,15,35,-20
218000057,3,43,-40
218000064,1,4,-3
218000065,10,31,-21
218000066,10,41,-31
218000067,14,98,-84
218000068,44,64,-20
218000069,102,176,-74
218000070,100,250,-150
218000071,159,227,-68
218000072,224,214,10
218000078,512,1257,-745
218000079,53,60,-7
218000080,39,46,-7
218000081,198,204,-6
218000082,15,76,-61
218000083,27,55,-28
218000084,47,140,-93
218000085,79,404,-325
218000086,18,170,-152
218000087,125,249,-124
218000090,6,102,-96
218000091,716,467,249
218000092,35,180,-145
218000093,45,88,-43
218000094,447,755,-308
218000099,216,354,-138
218000100,165,232,-67
218000101,104,126,-22
218000102,139,234,-95
218000103,49,198,-149
218000104,41,39,2
218000105,18,6,12
218000106,15,10,5
218000107,27,106,-79
218000108,5,68,-63
218000112,50,7,43
218000117,30,29,1
218000134,316,739,-423
218000135,16,91,-75
218000136,176,27,149
218000137,92,108,-16
218000138,13,102,-89
218000139,97,345,-248
218000140,179,217,-38
218000141,45,80,-35
218000142,110,97,13
218000143,48,87,-39
218000144,19,48,-29
218000145,147,317,-170
218000146,27,104,-77
218000151,9,19,-10
218000152,67,56,11
218000170,3,17,-14
218000171,40,7,33
218000172,23,11,12
218000173,70,18,52
218000174,13,3,10
218000176,55,15,40
218000177,186,74,112
218000178,56,101,-45
218000179,69,51,18
218000180,34,17,17
218000181,97,25,72
218000187,3,13,-10
218000188,13,60,-47
218000189,16,72,-56
218000190,0,6,-6
218000191,65,139,-74
218000192,82,521,-439
218000193,294,585,-291
218000194,52,577,-525
218000195,106,61,45
218000196,150,206,-56
218000197,110,261,-151
218000198,7,148,-141
218000199,32,27,5
218000200,103,42,61
218000201,10,8,2
218000202,149,138,11
218000207,9,59,-50
218000208,38,64,-26
218000211,63,15,48
218000213,129,49,80
218000214,6,8,-2
218000215,55,63,-8
218000217,3,119,-116
218000218,125,78,47
218000219,31,20,11
218000220,120,240,-120
218000221,729,138,591
218000222,44,24,20
218000223,14,104,-90
218000224,1,34,-33
218000225,133,8,125
218000226,60,38,22
218000232,42,98,-56
218000239,72,4,68
218000240,5,1,4
218000241,5,0,5
218000242,142,0,142
218000243,33,1,32
218000244,15,4,11
218000245,15,0,15
218000246,1,0,1
218000247,0,0,0
218000248,0,23,-23
218000249,1,2,-1
218000250,6,8,-2
218000251,19,12,7
218000252,2,21,-19
218000253,13,17,-4
218000254,0,4,-4
218000255,0,4,-4
218000256,5,49,-44
218000267,1075,1134,-59
218000268,3,51,-48
218000269,27,9,18
218000270,36,60,-24
218000271,40,67,-27
218000273,18,7,11
218000274,14,10,4
218000275,6,41,-35
218000276,7,57,-50
218000278,14,35,-21
218000279,18,65,-47
218000280,5,63,-58
218000281,25,19,6
218000282,503,241,262
218000284,104,21,83
218000301,61,53,8
218000302,40,22,18
218000303,52,65,-13
218000316,516,921,-405
218000317,486,961,-475
218000318,225,696,-471
218000319,472,1739,-1267
218000320,470,707,-237
218000338,48,20,28
218000345,120,61,59
218000346,51,159,-108
218000459,64,281,-217
218000490,11,74,-63
218000501,41,19,22
218000502,68,132,-64
218000503,45,8,37
218000504,107,5,102
218000505,44,206,-162
218000506,18,132,-114
218000508,26,1,25
218000510,92,6,86
218000520,62,86,-24
218000521,4,78,-74
218000522,0,111,-111
218000523,103,5,98
218000524,41,12,29
218000525,126,7,119
218000526,46,80,-34
218000529,50,352,-302
218000531,3,6,-3
218000532,23,23,0
218000534,61,22,39
218000537,12,37,-25
218000538,80,105,-25
218000540,306,51,255
218000543,80,31,49
218000544,39,111,-72
218000545,16,41,-25
218000546,37,119,-82
218000547,41,70,-29
218000548,110,204,-94
218000549,209,127,82
218000550,246,487,-241
218000551,196,398,-202
218000552,363,22,341
218000553,65,83,-18
218000554,23,28,-5
218000555,14,40,-26
218000556,111,560,-449
218000557,215,148,67
218000558,23,0,23
218000559,0,7,-7
218000560,0,8,-8
218000561,21,0,21
218000562,12,119,-107
218000563,136,20,116
218000564,14,131,-117
218000565,159,13,146
218000566,389,20,369
218000568,4,4,0
218000569,17,94,-77
218000570,250,12,238
218000571,1,88,-87
218000572,89,0,89
218000573,21,297,-276
218000574,160,55,105
218000575,93,0,93
218000576,0,25,-25
218000577,11,1,10
218000578,0,88,-88
218000579,54,2,52
218000581,0,57,-57
218000582,2,3,-1
218000583,1,0,1
218000584,0,18,-18
218000585,4,2,2
218000586,2,27,-25
218000587,0,1,-1
218000588,0,0,0
218000589,0,1,-1
218000590,0,1,-1
218000591,3,3,0
218000592,13,0,13
218000593,10,0,10
218000594,2,0,2
218000597,0,0,0
218000598,0,0,0
218000599,0,0,0
218000600,1,0,1
218000601,0,0,0
218000602,0,2,-2
218000603,0,5,-5
218000604,17,0,17
218000605,1,18,-17
218000606,46,0,46
218000607,7,29,-22
218000608,74,16,58
218000609,0,22,-22
218000610,50,3,47
218000611,30,0,30
218000612,0,13,-13
218000613,21,7,14
218000614,2,36,-34
218000615,118,4,114
218000616,1,120,-119
218000617,7,3,4
218000618,0,15,-15
218000619,11,18,-7
218000620,0,27,-27
218000621,0,2,-2
218000622,0,6,-6
218000623,5,1,4
218000624,0,11,-11
218000625,8,1,7
218000626,1,9,-8
218000628,79,13,66
218000631,24,21,3
218000632,2,168,-166
218000633,28,0,28
218000634,0,21,-21
218000635,2,7,-5
218000636,484,1493,-1009
218000637,422,543,-121
218000638,72,55,17
218000639,8,283,-275
218000640,38,16,22
218000641,70,464,-394
218000652,108,102,6
218000653,118,29,89
218000663,1,90,-89
218000675,38,52,-14
218000680,162,689,-527
218000681,263,85,178
218000691,109,523,-414
218000693,86,113,-27
218000718,799,421,378
218000719,1260,110,1150
218000720,14,139,-125
218000721,34,7,27
218001147,3,553,-550
218001214,19,23,-4
218001258,90,6,84
218001329,140,89,51
218001330,159,152,7
218001351,18,19,-1
218001352,2,29,-27
218001353,4,14,-10
218001354,3,19,-16
218001355,53,510,-457
218001356,115,5,110
218001357,18,355,-337
218001358,108,10,98
218001361,135,16,119
218001362,2,558,-556
219000001,13,47,-34
219000002,22,43,-21
219000003,23,21,2
219000004,29,35,-6
219000017,103,10,93
219000020,48,17,31
219000022,68,2,66
219000023,51,1,50
219000029,1,82,-81
219000034,29,11,18
219000039,11,36,-25
219000040,10,16,-6
219000041,58,30,28
219000051,0,58,-58
219000052,0,35,-35
219000053,1,283,-282
219000055,45,0,45
219000056,16,0,16
219000057,43,0,43
219000062,13,326,-313
219000063,37,8,29
219000064,9,46,-37
219000110,207,32,175
219000111,62,27,35
219000112,120,32,88
219000113,84,17,67
219000114,179,28,151
219000116,53,23,30
219000117,104,82,22
219000118,93,69,24
219000123,254,103,151
219000124,47,38,9
219000125,9,14,-5
219000126,65,134,-69
219000127,0,4,-4
219000128,23,102,-79
219000129,19,100,-81
219000130,804,765,39
219000131,677,711,-34
219000133,67,21,46
219000134,4,16,-12
219000135,32,39,-7
219000136,85,114,-29
219000138,74,13,61
219000139,7,37,-30
219000140,18,0,18
219000141,2,95,-93
219000142,9,89,-80
219000143,9,103,-94
219000145,8,33,-25
219000146,12,59,-47
219000147,0,58,-58
219000148,0,50,-50
219000149,31,195,-164
219000150,1,130,-129
219000151,4,97,-93
219000157,126,120,6
219000158,94,209,-115
219000161,170,9,161
219000163,1147,370,777
219000166,66,173,-107
219000167,59,256,-197
219000168,252,64,188
219000174,188,61,127
219000175,44,1,43
219000176,34,5,29
219000177,7,5,2
219000178,18,1,17
219000179,2,4,-2
219000180,45,9,36
219000182,60,6,54
219000183,28,42,-14
219000184,40,8,32
219000185,1,72,-71
219000186,16,45,-29
219000187,24,92,-68
219000189,168,118,50
219000190,108,215,-107
219000191,1400,754,646
219000192,121,91,30
219000193,561,141,420
219000195,0,67,-67
219000196,1,120,-119
219000198,31,147,-116
219000199,131,178,-47
219000200,28,193,-165
219000201,84,237,-153
219000203,37,115,-78
219000204,83,194,-111
219000205,59,171,-112
219000207,258,212,46
219000209,24,84,-60
219000210,85,135,-50
219000213,5,353,-348
219000239,114,221,-107
219000240,146,295,-149
219000241,71,279,-208
219000242,48,210,-162
219000243,32,363,-331
219000244,18,148,-130
219000245,86,62,24
219000246,24,12,12
219000247,40,23,17
219000248,312,215,97
219000249,73,57,16
219000250,140,79,61
219000251,271,105,166
219000252,147,117,30
219000253,247,35,212
219000255,59,51,8
219000256,87,90,-3
219000257,52,1,51
219000262,66,263,-197
219000263,33,188,-155
219000267,3,177,-174
219000268,1,3,-2
219000269,4,0,4
219000270,2,0,2
219000271,59,4,55
219000278,0,15,-15
219000279,1,0,1
219000283,0,14,-14
219000295,3,97,-94
219000296,40,532,-492
219000297,10,136,-126
219000298,9,173,-164
219000299,321,40,281
219000300,11,312,-301
219000301,179,253,-74
219000302,24,191,-167
219000307,12,51,-39
219000308,25,21,4
219000311,110,33,77
219000312,316,32,284
219000313,113,32,81
219000314,89,529,-440
219000315,113,24,89
219000316,185,27,158
219000317,30,11,19
219000320,0,57,-57
219000321,3,12,-9
219000323,2,82,-80
219000325,0,24,-24
219000326,39,124,-85
219000327,32,30,2
219000328,22,34,-12
219000329,169,80,89
219000330,33,13,20
219000331,22,14,8
219000332,44,77,-33
219000333,1,2,-1
219000335,40,4,36
219000337,4,2,2
219000338,41,2,39
219000344,15,98,-83
219000345,47,106,-59
219000346,18,163,-145
219000348,78,180,-102
219000349,28,327,-299
219000350,16,69,-53
219000351,7,1,6
219000352,144,44,100
219000353,63,41,22
219000354,72,130,-58
219000355,76,28,48
219000356,1468,453,1015
219000363,308,25,283
219000364,97,10,87
219000365,87,14,73
219000366,212,136,76
219000368,250,288,-38
219000370,874,223,651
219000371,15,24,-9
219000382,6,5,1
219000383,671,585,86
219000385,490,389,101
219000386,823,1179,-356
219000387,0,0,0
219000390,10,1,9
219000391,3,0,3
219000397,64,73,-9
219000398,38,28,10
219000401,3,98,-95
219000402,35,97,-62
219000403,42,141,-99
219000404,12,70,-58
219000407,3,18,-15
219000409,32,40,-8
219000410,39,30,9
219000411,54,12,42
219000446,210,411,-201
219000447,2,22,-20
219000448,2,2,0
219000452,96,41,55
219000453,57,103,-46
219000454,270,155,115
219000556,116,53,63
219000558,102,354,-252
219000590,10,173,-163
219000591,27,37,-10
219000592,96,393,-297
219000595,0,39,-39
219000635,51,15,36
219000636,10,70,-60
219000657,10,18,-8
219000658,7,34,-27
219000673,0,5,-5
219000676,1,1,0
219000679,26,10,16
219000684,37,3,34
219000685,5,131,-126
219000686,1,2,-1
219000688,0,74,-74
219000689,41,178,-137
219000690,143,17,126
219000691,80,107,-27
219000692,116,20,96
219000693,0,23,-23
219000694,4,0,4
219000695,17,2,15
219000698,14,0,14
219000699,0,10,-10
219000727,3,230,-227
219000728,75,1,74
219000770,7,4,3
219000771,0,31,-31
219000788,298,365,-67
219001150,0,6,-6
219001151,0,7,-7
219001166,44,9,35
219001167,2,57,-55
219001178,14,0,14
220000001,18,24,-6
220000002,20,143,-123
220000003,326,201,125
220000004,527,502,25
220000005,1472,1262,210
220000006,287,956,-669
220000007,257,770,-513
220000008,246,1029,-783
220000009,232,735,-503
220000010,208,119,89
220000011,523,2383,-1860
220000012,103,180,-77
220000014,26,40,-14
220000015,31,168,-137
220000017,35,276,-241
220000018,4661,947,3714
220000019,54,214,-160
220000020,199,241,-42
220000021,425,169,256
220000022,319,481,-162
220000023,134,154,-20
220000024,1258,326,932
220000025,472,382,90
220000026,168,108,60
220000027,33,84,-51
220000028,22,25,-3
220000029,718,502,216
220000030,223,146,77
220000031,132,258,-126
220000064,21,725,-704
221000046,4,0,4
221000047,0,1,-1
221000048,0,0,0
221000049,0,15,-15
221000050,4,0,4
221000055,33,37,-4
221000068,277,68,209
221000069,216,46,170
221000070,141,19,122
221000071,45,7,38
221000072,98,14,84
221000073,137,41,96
221000074,2,29,-27
221000075,20,15,5
221000076,10,35,-25
221000077,51,62,-11
221000081,64,3,61
221000082,25,7,18
221000083,11,2,9
221000084,3,5,-2
221000085,8,48,-40
221000086,8,97,-89
221000087,2,119,-117
221000088,11,156,-145
221000089,17,186,-169
221000090,88,324,-236
221000098,86,6,80
221000099,116,13,103
221000100,35,2,33
221000101,268,8,260
221000103,10,35,-25
221000104,4,74,-70
221000107,34,4,30
221000108,27,12,15
221000111,21,172,-151
221000112,2,126,-124
221000113,10,161,-151
221000114,14,128,-114
221000120,6,31,-25
221000121,0,15,-15
221000122,7,12,-5
221000123,4,46,-42
221000124,21,251,-230
221000155,34,5,29
221000156,41,26,15
221000175,0,5,-5
221000176,2,1,1
221000182,36,7,29
221000241,528,164,364
221000242,128,254,-126
221000243,341,81,260
221000244,107,384,-277
221000245,57,106,-49
221000246,13,267,-254
221000247,66,119,-53
221000248,57,161,-104
221000267,42,711,-669
221000325,48,34,14
221000331,1,89,-88
221000338,3,15,-12
221000378,109,11,98
221000381,36,140,-104
222000282,0,7,-7
222000296,2,13,-11
222000568,153,6,147
222000569,76,14,62
222000570,68,10,58
222000571,106,14,92
222000577,4,276,-272
222000578,25,237,-212
222000579,32,177,-145
222000580,109,893,-784
222000599,2,145,-143
222000600,3,291,-288
222000601,9,790,-781
222000603,27,31,-4
222000604,8,32,-24
222000605,4,9,-5
222000606,3,7,-4
222000607,0,1,-1
222000608,5,12,-7
222000609,37,425,-388
222000616,99,56,43
222000617,1,11,-10
222000618,3,1,2
222000620,86,5,81
222000621,76,10,66
222000623,328,3,325
222000624,170,2,168
222000625,237,32,205
222000636,32,2,30
222000686,12,8,4
222000687,10,27,-17
222001066,192,2,190
222001067,2,13,-11
222001068,12,34,-22
222001069,9,30,-21
222001082,5,43,-38
222001083,3,59,-56
222001084,0,31,-31
222001085,0,71,-71
222001111,17,290,-273
222001112,24,57,-33
222001313,5,2,3
222001314,0,84,-84
222001464,140,33,107
222001465,47,342,-295
222001484,65,47,18
222001485,17,92,-75
222001494,146,86,60
222001495,44,567,-523
222001496,133,58,75
222001497,81,767,-686
222001503,42,48,-6
222001504,20,164,-144
222001505,155,10,145
222001506,22,199,-177
222001507,137,10,127
222001510,121,21,100
222001514,322,92,230
222001518,114,37,77
222001519,55,461,-406
222001527,150,37,113
222001529,68,40,28
222001530,13,288,-275
222001533,105,506,-401
222001534,100,28,72
222001535,62,100,-38
222001536,68,524,-456
222001537,140,27,113
222001538,136,979,-843
222001563,224,71,153
222001564,17,542,-525
222001568,150,104,46
222001576,0,0,0
222001579,0,3,-3
222001583,21,230,-209
222001584,39,26,13
222001596,556,2220,-1664
222001597,1039,199,840
222001626,0,141,-141
222001650,46,57,-11
222001651,53,114,-61
222001914,123,39,84
222001915,65,417,-352
222001968,373,149,224
222001969,340,1128,-788
222001970,55,231,-176
222001971,5,27,-22
222001972,1,15,-14
225000001,256,104,152
225000002,179,80,99
225000003,163,62,101
225000004,152,183,-31
225000005,19,45,-26
225000006,1,153,-152
225000007,3279,944,2335
225000010,132,10,122
225000011,498,659,-161
225000012,107,379,-272
225000013,77,130,-53
225000014,560,55,505
225000015,69,246,-177
225000021,387,151,236
225000027,207,517,-310
225000032,443,138,305
225000042,58,703,-645
225000049,23,86,-63
225000050,23,11,12
225000053,5,194,-189
225000058,547,105,442
225000067,106,188,-82
225000068,58,570,-512
225000069,199,487,-288
225000070,45,518,-473
225000071,12,319,-307
225000075,31,723,-692
225000076,47,124,-77
225000078,40,21,19
225000085,26,62,-36
225000086,93,35,58
225000087,103,12,91
225000088,9,152,-143
225000089,325,568,-243
225000090,19,374,-355
225000091,83,210,-127
225000092,44,76,-32
225000093,106,392,-286
225000094,14,527,-513
225000095,238,556,-318
225000096,125,442,-317
225000098,328,109,219
225000099,149,70,79
225000100,69,94,-25
225000104,42,464,-422
225000110,6,379,-373
225000111,169,1025,-856
225000112,211,945,-734
225000113,99,679,-580
225000114,41,325,-284
225000115,2733,538,2195
225000116,829,93,736
225000117,758,305,453
225000118,579,236,343
225000119,119,44,75
225000120,309,64,245
225000121,164,42,122
225000123,669,14,655
225000125,234,300,-66
225000126,1030,219,811
225000127,895,407,488
225000128,287,351,-64
225000132,173,28,145
225000133,163,25,138
225000134,360,72,288
225000135,13,13,0
225000136,95,12,83
225000137,97,37,60
225000138,259,29,230
225000143,93,147,-54
225000144,0,320,-320
225000145,25,24,1
225000146,33,135,-102
225000147,16,376,-360
225000148,10,234,-224
225000149,59,485,-426
225000151,17,300,-283
225000155,236,346,-110
225000156,202,550,-348
225000157,105,375,-270
225000158,71,415,-344
225000171,2,156,-154
225000180,19,5,14
225000181,2,40,-38
225000182,67,3,64
225000185,7,306,-299
225000187,63,339,-276
225000191,88,2,86
225000194,0,9,-9
225000208,0,53,-53
225000209,38,10,28
225000210,5,177,-172
225000217,0,14,-14
225000218,4,1,3
225000223,1,46,-45
225000224,396,0,396
225000225,0,7,-7
225000226,50,1,49
225000227,18,50,-32
225000228,5,6,-1
225000229,0,70,-70
225000230,25,0,25
225000231,0,97,-97
225000232,56,1,55
225000241,67,0,67
225000242,2,53,-51
225000249,8,0,8
225000250,50,920,-870
225000251,196,21,175
226000042,220,272,-52
226000043,145,291,-146
226000044,172,634,-462
226000045,168,686,-518
226000046,279,55,224
226000047,255,66,189
226000048,251,62,189
226000049,172,76,96
226000070,0,19,-19
226000071,0,60,-60
226000072,0,20,-20
226000073,0,8,-8
226000074,0,4,-4
226000084,1,24,-23
226000085,3,47,-44
226000086,2,14,-12
226000087,3,3,0
226000088,3,12,-9
226000090,91,37,54
226000091,25,12,13
226000092,0,0,0
226000093,37,0,37
226000094,13,1,12
226000095,190,0,190
226000105,17,0,17
226000106,4,1,3
226000107,6,0,6
226000108,21,0,21
226000109,32,0,32
226000124,106,53,53
226000134,268,309,-41
226000135,670,471,199
226000136,145,253,-108
226000137,1,259,-258
226000138,10,283,-273
226000139,3,60,-57
226000156,45,0,45
226000157,48,8,40
226000163,149,471,-322
226000202,12,560,-548
226000231,177,11,166
226000232,22,13,9
227000033,266,32,234
227000036,15,2,13
227000037,78,17,61
227000038,144,26,118
227000049,1,9,-8
227000050,0,53,-53
227000055,22,0,22
227000056,10,0,10
227000084,3,24,-21
227000085,1,30,-29
227000088,43,1,42
227000089,45,7,38
227000090,26,1,25
227000091,15,1,14
227000093,26,0,26
227000094,0,0,0
227000130,20,63,-43
227000131,5,308,-303
227000132,14,265,-251
227000133,13,293,-280
227000134,16,363,-347
227000152,0,3,-3
227000153,0,19,-19
227000155,0,9,-9
227000156,0,7,-7
227000165,2,31,-29
227000196,125,317,-192
227000199,108,370,-262
227000230,28,335,-307
227000232,122,8,114
227000241,122,23,99
227000242,52,387,-335
227000243,253,29,224
227000245,12,324,-312
227000246,49,398,-349
227000247,126,48,78
227000248,106,22,84
227000249,6,195,-189
227000250,372,103,269
227000251,161,380,-219
227000252,9,377,-368
227000253,31,9,22
227000262,140,19,121
227000266,349,14,335
227000267,32,1521,-1489
227000282,2,39,-37
227000284,37,1,36
227000286,0,17,-17
227000287,3,36,-33
227000291,2,111,-109
227000484,63,11,52
227000485,7,193,-186
227000655,37,8,29
227000656,93,11,82
227000657,27,1,26
227000661,131,5,126
227000680,94,23,71
229000265,7,36,-29
229000296,1,6,-5
229000297,1,59,-58
229000298,8,97,-89
229000320,6,10,-4
229000321,16,5,11
229000412,7,38,-31
229000414,7,43,-36
229000415,13,2,11
229000416,1,5,-4
229000417,0,12,-12
229000419,76,226,-150
229000440,135,80,55
229000442,8,2,6
229000443,1,0,1
229000444,1,28,-27
229000445,21,3,18
229000446,56,21,35
229000847,14,0,14
229000848,7,1,6
229000849,61,0,61
229000851,6,0,6
229000854,1,58,-57
229000856,0,158,-158
229000857,0,38,-38
229000858,0,121,-121
229000919,3,59,-56
229000930,1,156,-155
229000937,54,23,31
229000966,48,20,28
229000981,13,66,-53
229000985,2,31,-29
229000986,1,10,-9
229000987,0,0,0
229000988,1,8,-7
229000989,2,2,0
229000990,0,0,0
229000991,0,0,0
229000992,2,2,0
229000993,109,13,96
229000998,14,46,-32
229000999,50,22,28
229001034,0,14,-14
229001035,4,1,3
229001037,27,14,13
229001042,3,10,-7
229001047,1,39,-38
229001050,30,33,-3
229001200,15,0,15
229001338,30,12,18
229001394,181,2,179
229001422,75,21,54
229001423,21,96,-75
229001431,26,36,-10
229001432,15,79,-64
229001444,82,65,17
229001445,20,152,-132
229001503,111,80,31
229001504,61,142,-81
229001505,52,56,-4
229001506,43,130,-87
229001509,38,22,16
229001545,54,6,48
229001546,8,61,-53
229001553,24,10,14
229001554,7,68,-61
229001559,1,11,-10
229001560,1,26,-25
229001630,47,9,38
229001631,5,37,-32
229001635,0,4,-4
229001636,0,3,-3
229001658,1,70,-69
229001659,72,3,69
229001660,4,4,0
229001661,0,16,-16
229001662,19,0,19
229001663,0,19,-19
229002584,86,122,-36
229002831,142,84,58
229002841,3,16,-13
229002842,1,24,-23
229002843,25,10,15
229002844,34,29,5
229002845,119,34,85
229002846,26,70,-44
229002847,0,1,-1
229002848,0,5,-5
229002849,3,41,-38
229002850,3,1,2
229002851,28,59,-31
229002852,32,14,18
229002853,46,12,34
229002854,26,24,2
229002855,4,51,-47
229002856,8,5,3
229002857,0,42,-42
229002858,1,2,-1
229002859,23,18,5
229002860,49,5,44
229002861,8,8,0
229002862,4,22,-18
229002863,2,28,-26
229002864,7,21,-14
229002865,29,7,22
229002866,34,15,19
229002867,3,6,-3
229002868,8,9,-1
229002869,3,137,-134
229002870,8,2,6
235000066,264,92,172
235000067,71,110,-39
235000072,9,26,-17
235000073,31,125,-94
235000074,9,59,-50
235000080,6,103,-97
235000081,32,112,-80
235000082,74,44,30
235000083,61,66,-5
235000084,14,25,-11
235000085,34,47,-13
235000089,11,25,-14
235000092,4,94,-90
235000093,2,2,0
235000097,1,3,-2
235000098,38,11,27
235000099,16,26,-10
235000116,17,26,-9
235000117,552,3,549
235000133,12,107,-95
235000134,1,51,-50
235000206,1,1,0
235000207,2,5,-3
235000208,2,1,1
235000209,3,1,2
235000210,0,0,0
235000212,0,9,-9
235000213,0,3,-3
235000220,0,2,-2
235000238,10,11,-1
235000239,1,0,1
235000242,160,146,14
235000245,865,152,713
235000246,3,38,-35
235000284,1,138,-137
235000295,103,3,100
235000305,77,26,51
235000306,32,3,29
235000307,8,0,8
235000308,39,1,38
235000309,23,2,21
235000310,14,0,14
235000311,40,4,36
235000322,0,23,-23
235000323,4,54,-50
235000324,1,15,-14
235000325,0,14,-14
235000326,9,360,-351
235000351,3,92,-89
235000352,13,49,-36
235000353,2,25,-23
235000354,2,38,-36
235000355,17,38,-21
235000356,17,10,7
235000357,18,9,9
235000358,19,16,3
235000359,5,3,2
235000360,25,6,19
235000361,49,6,43
235000381,24,324,-300
235000382,57,43,14
235000390,16,1,15
235000391,42,16,26
235000392,51,93,-42
235000393,47,50,-3
235000395,30,12,18
235000396,95,48,47
235000400,33,78,-45
235000401,14,176,-162
235000405,43,271,-228
235000406,9,169,-160
235000407,48,90,-42
235000409,227,135,92
235000410,20,203,-183
235000411,0,54,-54
235000485,0,3,-3
235000486,0,0,0
235000549,13,34,-21
235000550,28,119,-91
235000599,23,53,-30
235000600,4,5,-1
235000601,10,41,-31
235000602,36,148,-112
235000614,1,3,-2
235000648,0,15,-15
235000649,14,0,14
235000685,0,2,-2
235000815,0,14,-14
235000834,0,10,-10
235000855,21,32,-11
235000862,16,173,-157
235000891,0,7,-7
235000892,40,16,24
235000901,25,65,-40
235000907,1,9,-8
235001010,16,36,-20
235001029,370,310,60
235001030,191,84,107
235001078,56,28,28
235001079,46,91,-45
235001147,17,30,-13
235001166,24,85,-61
235001167,3,40,-37
235001169,31,324,-293
235001188,0,11,-11
235001189,1,4,-3
235001197,9,30,-21
235001200,19,7,12
235001207,126,39,87
235001210,26,371,-345
235001215,15,207,-192
235001239,0,22,-22
235001244,0,6,-6
235016267,0,27,-27
277102712,0,0,0
277103813,0,0,0
277103814,0,0,0
277104249,0,3,-3
277104250,0,16,-16
277104251,0,5,-5
277104252,0,6,-6
990011530,0,210,-210
990014944,1,424,-423
990015176,13,0,13
990016032,1,283,-282
990032570,2,42,-40
990070001,44,3,41
990070103,0,2,-2
990070601,0,27,-27
990070751,176,73,103
990070766,2,854,-852
990071180,312,192,120
990071343,41,1,40
990071387,1,11,-10
990071823,32,2,30
990072600,0,631,-631
990072964,1,502,-501
990073285,0,3,-3
990074393,1,1016,-1015
990074870,316,0,316
990075106,281,5,276
990075746,100,0,100
990076437,341,2,339
990076458,5,1580,-1575
997000007,93,5,88
997000041,1,90,-89
997000058,7,0,7
997000062,21,0,21
997000069,0,8,-8
997000070,1,60,-59
997000100,3,0,3
997000141,0,505,-505
997000198,544,379,165
998000475,0,7,-7
998000736,1,315,-314
998000965,0,3,-3
998001031,0,41,-41
998001700,0,31,-31
998001899,0,0,0
998001900,2,2,0
998003073,539,2,537
998101900,0,0,0
998102850,1,70,-69
998501927,318,241,77
998501929,44,2,42
998501930,31,0,31
998501931,62,13,49
998501932,5,0,5
998501933,18,0,18
998501937,21,2,19
998501944,1,1,0
998501950,0,22,-22
998501970,11,2,9
998501971,0,50,-50
998501973,0,79,-79
998501974,0,269,-269
998501975,145,33,112
998501976,58,10,48
998501977,1,67,-66
998501978,6,0,6
998501979,0,4,-4
998501980,54,0,54
998501981,11,5,6
998501982,0,76,-76
998501983,0,0,0
998502006,0,1,-1
998502024,0,3,-3
998502032,0,0,0
998502062,7,1,6
998502063,0,0,0
998502173,46,2,44
998502269,0,8,-8
998502546,1,107,-106
998502578,1,2,-1
998502599,54,182,-128
998502621,0,1,-1
998601159,1,211,-210
998601292,2,34,-32
999033574,2,816,-814
999800001,15,4,11
999800002,0,2,-2
999800003,3,0,3
999800004,0,1,-1
999800005,0,8,-8
