ID,insum,outsum,diff
100000001,443,704,-261
100000002,3559,1579,1980
100000003,3983,3153,830
100000004,1130,811,319
100000005,1768,3636,-1868
100000006,442,118,324
100000007,1284,633,651
100000008,221,471,-250
100000009,376,236,140
100000010,89,68,21
100000011,1457,143,1314
100000012,165,909,-744
100000013,42,194,-152
100000014,335,307,28
100000015,1468,1761,-293
100000016,1034,1193,-159
100000017,552,604,-52
100000018,1222,554,668
100000019,3936,1852,2084
100000020,1484,4510,-3026
100000021,4170,2022,2148
100000022,1416,1596,-180
100000023,4441,1380,3061
100000025,1537,994,543
100000028,1710,781,929
100000029,129,213,-84
100000030,282,37,245
100000031,3581,4898,-1317
100000032,2053,2632,-579
100000033,674,1764,-1090
100000034,448,389,59
100000035,1307,1112,195
100000036,1914,1181,733
100000037,656,429,227
100000038,1817,815,1002
100000039,578,179,399
100000040,166,152,14
100000041,1044,448,596
100000042,1201,532,669
100000043,1110,550,560
100000044,530,833,-303
100000045,654,1356,-702
100000046,679,825,-146
100000047,264,508,-244
100000048,360,571,-211
100000049,1516,1737,-221
100000051,456,828,-372
100000053,417,8,409
100000054,728,59,669
100000055,1708,312,1396
100000056,704,377,327
100000057,1811,611,1200
100000058,886,1014,-128
100000059,24,94,-70
100000060,337,296,41
100000061,1964,429,1535
100000062,1644,481,1163
100000063,702,210,492
100000064,1431,277,1154
100000065,465,691,-226
100000066,186,534,-348
100000067,478,633,-155
100000068,531,1456,-925
100000069,290,1232,-942
100000072,293,735,-442
100000073,878,959,-81
100000075,677,268,409
100000076,1997,2124,-127
100000077,372,124,248
100000078,34,26,8
100000079,49,52,-3
100000080,19,76,-57
100000081,144,211,-67
100000102,2365,1742,623
100000103,3388,1214,2174
100000104,3581,2195,1386
100000105,2951,1272,1679
100000106,1974,1874,100
100000107,474,802,-328
100000108,806,860,-54
100000109,2931,1240,1691
100000116,1555,1002,553
100000117,87,125,-38
100000118,1654,1130,524
100000119,648,709,-61
100000121,261,393,-132
100000122,688,745,-57
100000123,2547,3215,-668
100000124,5733,4729,1004
100000125,2784,1050,1734
100000126,665,302,363
100000127,1296,271,1025
100000128,2022,1636,386
100000129,340,346,-6
100000130,361,410,-49
100000131,1870,2017,-147
100000132,909,2128,-1219
100000133,4226,1926,2300
100000135,571,919,-348
100000139,479,325,154
100000140,466,373,93
100000142,466,485,-19
100000143,1309,556,753
100000144,3093,674,2419
100000147,1060,2382,-1322
100000150,41,367,-326
100000151,965,1027,-62
100000153,220,310,-90
100000154,91,171,-80
100000155,31,66,-35
100000156,475,384,91
100000157,132,114,18
100000158,325,113,212
100000159,393,470,-77
100000165,1617,754,863
100000169,245,510,-265
100000174,639,500,139
100000179,107,452,-345
100000180,1344,1224,120
100000181,600,161,439
100000188,90,176,-86
100000189,771,329,442
100000190,1157,1026,131
100000191,643,462,181
100000192,60,141,-81
100000193,269,176,93
100000330,1335,800,535
100000355,286,526,-240
100000362,5071,3004,2067
100000363,3435,4201,-766
100000364,308,281,27
100000365,5205,5941,-736
100000366,6616,3113,3503
100000367,5267,5254,13
100000368,2944,1656,1288
100000369,817,1631,-814
100000370,136,676,-540
100000376,98,114,-16
100000379,1871,1171,700
100000380,4138,2969,1169
100000384,4907,4317,590
100000385,4143,3414,729
100000386,7878,4143,3735
100000387,5244,4612,632
100000388,7385,5289,2096
100000389,6255,5387,868
100000390,7600,5797,1803
100000391,5803,6140,-337
100000392,4217,3405,812
100000393,3005,4065,-1060
100000394,8531,8038,493
100000395,5363,3689,1674
100000396,10001,3862,6139
100000397,6413,6307,106
100000398,10778,8161,2617
100000413,9,8,1
100900002,9,28,-19
100900003,240,191,49
100900004,16,492,-476
100900005,85,10,75
100900006,30,85,-55
100900007,285,11,274
100900008,4,301,-297
100900009,57,139,-82
100900010,64,96,-32
100900011,113,178,-65
100900012,0,171,-171
100900013,573,16,557
100900014,4,14,-10
100900015,97,62,35
100900016,0,35,-35
100900017,487,62,425
100900018,0,14,-14
100900019,29,100,-71
100900020,233,7,226
100900021,337,6,331
100900022,5,27,-22
100900023,2,31,-29
100900024,563,0,563
100900025,7,18,-11
100900026,100,110,-10
100900027,411,1709,-1298
100900028,91,113,-22
100900029,54,6,48
100900030,3,56,-53
100900031,453,44,409
100900032,164,0,164
100900033,189,174,15
100900034,322,4,318
100900035,374,0,374
100900036,10,1,9
100900037,88,145,-57
100900038,112,28,84
100900039,270,604,-334
100900040,359,559,-200
100900041,750,552,198
100900042,1188,575,613
100900043,0,13,-13
100900044,1641,381,1260
100900045,52,3,49
100900046,752,26,726
100900047,720,196,524
100900048,138,45,93
100900049,57,157,-100
100900050,3,8,-5
100900051,26,78,-52
100900052,239,38,201
100900053,342,32,310
100900054,10,46,-36
100900055,227,452,-225
100900056,106,163,-57
100900057,688,1076,-388
100900058,198,55,143
100900059,108,5,103
100900060,149,18,131
100900061,345,185,160
100900062,4,30,-26
100900063,162,470,-308
100900064,540,22,518
100900065,69,85,-16
100900066,124,180,-56
100900067,6,11,-5
100900068,60,96,-36
100900069,334,8,326
100900070,253,5,248
100900071,706,188,518
100900072,0,38,-38
100900073,112,303,-191
100900074,8,12,-4
100900075,1169,272,897
100900076,14,34,-20
100900077,34,84,-50
100900078,87,222,-135
100900079,2,19,-17
100900080,50,163,-113
100900081,21,91,-70
100900082,97,462,-365
100900083,10,10,0
100900085,9,195,-186
100900086,114,469,-355
100900088,102,453,-351
100900089,4,11,-7
100900090,96,264,-168
100900091,3,22,-19
100900092,143,136,7
100900093,200,235,-35
100900094,92,371,-279
100900095,3,25,-22
100900096,29,106,-77
100900097,2,7,-5
100900098,17,18,-1
100900099,28,479,-451
100900100,9,328,-319
100900101,279,55,224
100900102,29,56,-27
100900103,16,37,-21
100900104,8,125,-117
100900105,9,297,-288
100900106,50,9,41
100900107,1382,716,666
100900108,9,22,-13
100900109,37,36,1
100900110,5,40,-35
100900111,46,140,-94
100900112,2,24,-22
100900113,14,12,2
100900114,22,10,12
100900115,5,39,-34
100900116,638,440,198
100900117,264,615,-351
100900118,7,52,-45
100900119,12,18,-6
100900120,3,13,-10
100900121,204,333,-129
100900122,141,187,-46
100900123,46,112,-66
100900124,12,12,0
100900125,11,79,-68
100900126,122,142,-20
100900127,21,4,17
100900128,54,109,-55
100900129,0,125,-125
100900131,45,197,-152
100900133,34,22,12
100900134,0,5,-5
100900135,1,103,-102
100900137,261,164,97
100900138,386,376,10
100900139,9,1,8
100900140,8,390,-382
100900141,1,413,-412
100900142,0,23,-23
100900143,650,343,307
100900144,20,4,16
100900145,55,163,-108
100900146,2,32,-30
100900147,18,281,-263
100900148,58,551,-493
100900149,39,163,-124
100900150,4,61,-57
100900151,146,344,-198
100900152,95,2,93
100900153,4,99,-95
100900154,4,32,-28
100900155,6,26,-20
100900156,15,1,14
100900157,9,136,-127
100900159,0,14,-14
100900160,14,9,5
100900161,69,6,63
100900162,14,202,-188
100900163,243,233,10
100900164,48,28,20
100900165,4,28,-24
100900166,19,5,14
100900167,20,44,-24
100900168,23,92,-69
100900169,125,654,-529
100900170,31,4,27
100900171,15,340,-325
100900172,0,20,-20
100900173,13,333,-320
100900174,191,35,156
100900176,1207,120,1087
100900177,504,219,285
100900178,162,134,28
100900179,91,145,-54
100900180,17,4,13
100900181,85,75,10
100900182,50,30,20
100900184,12,141,-129
100900186,398,382,16
100900187,17,68,-51
100900188,24,8,16
100900189,627,206,421
100900191,984,840,144
100900192,402,351,51
100900195,99,73,26
100900197,33,55,-22
100900198,19,160,-141
100900199,4,15,-11
100900200,438,381,57
100900201,37,373,-336
100900202,83,0,83
100900203,0,171,-171
100900204,160,256,-96
100900205,173,427,-254
100900206,100,57,43
100900207,230,102,128
100900210,63,379,-316
100900211,354,125,229
100900213,87,27,60
100900214,609,109,500
100900215,5,35,-30
100900217,95,90,5
101000001,3138,1638,1500
101000002,3908,3648,260
101000003,491,1062,-571
101000004,6722,5353,1369
101000005,3240,3554,-314
101000006,5022,5060,-38
101000007,2095,2489,-394
101000008,3450,2496,954
101000009,1673,1339,334
101000010,831,1022,-191
101000011,1263,550,713
101000012,1329,673,656
101000013,553,880,-327
101000014,434,570,-136
101000015,936,684,252
101000016,259,325,-66
101000017,499,423,76
101000018,3747,1993,1754
101000020,2587,908,1679
101000021,847,398,449
101000022,149,77,72
101000023,1660,600,1060
101000025,192,251,-59
101000026,376,25,351
101000027,1829,1857,-28
101000028,1007,229,778
101000029,219,1550,-1331
101000030,1916,117,1799
101000031,862,487,375
101000032,9146,4062,5084
101000033,2440,2640,-200
101000034,2288,1347,941
101000035,839,316,523
101000036,2038,794,1244
101000037,3290,1537,1753
101000039,2470,2018,452
101000040,3468,3124,344
101000041,9011,6136,2875
101000042,494,967,-473
101000043,7140,5434,1706
101000045,1597,791,806
101000046,4146,1469,2677
101000047,2459,2717,-258
101000048,651,509,142
101000049,736,1421,-685
101000050,1940,1471,469
101000051,1940,2028,-88
101000052,1619,902,717
101000053,1489,1516,-27
101000054,2032,1259,773
101000055,1420,1199,221
101000056,57,98,-41
101000057,2319,1051,1268
101000058,1347,984,363
101000059,2532,1841,691
101000060,1844,584,1260
101000061,866,1135,-269
101000062,915,676,239
101000063,681,861,-180
101000064,1338,986,352
101000065,485,402,83
101000066,1091,859,232
101000067,1431,999,432
101000068,345,380,-35
101000069,345,115,230
101000070,1513,921,592
101000071,1646,865,781
101000072,736,2378,-1642
101000073,821,743,78
101000074,5759,2898,2861
101000075,4994,4374,620
101000077,1223,965,258
101000078,865,2040,-1175
101000079,763,396,367
101000080,677,506,171
101000081,1811,1397,414
101000082,3348,3168,180
101000083,2422,2060,362
101000084,1221,878,343
101000085,1420,1107,313
101000086,972,995,-23
101000087,909,962,-53
101000088,1042,1072,-30
101000089,978,1420,-442
101000090,1639,1242,397
101000091,399,861,-462
101000092,936,1046,-110
101000093,1277,798,479
101000094,788,919,-131
101000095,361,591,-230
101000096,314,525,-211
101000097,354,384,-30
101000098,371,423,-52
101000099,1164,932,232
101000100,1120,757,363
101000101,327,372,-45
101000102,817,417,400
101000103,943,479,464
101000104,273,530,-257
101000105,670,445,225
101000106,927,703,224
101000107,207,271,-64
101000108,699,280,419
101000109,277,69,208
101000110,29,354,-325
101000111,150,237,-87
101000113,162,442,-280
101000114,8720,5038,3682
101000115,344,267,77
101000116,218,227,-9
101000117,1437,389,1048
101000119,44,49,-5
101000120,141,34,107
101000121,107,68,39
101000122,147,93,54
101000123,58,126,-68
101000124,655,212,443
101000125,256,424,-168
101000128,397,318,79
101000130,247,267,-20
101000131,641,528,113
101000132,525,772,-247
101000135,52,35,17
101000136,545,157,388
101000137,25,331,-306
101000141,1452,2131,-679
101000147,762,526,236
101000148,1011,19,992
101000149,467,608,-141
101000150,70,628,-558
101000151,131,56,75
101000152,221,255,-34
101000153,394,252,142
101000154,208,889,-681
101000155,217,127,90
101000156,32,226,-194
101000157,40,19,21
101000160,83,63,20
101000163,243,273,-30
101000164,469,286,183
101000165,218,338,-120
101000166,238,291,-53
101000168,740,311,429
101000252,1647,899,748
101000254,388,73,315
101000258,25,7,18
101000261,171,48,123
101000262,858,1537,-679
101000263,229,688,-459
101000265,81,672,-591
101000266,287,302,-15
101000269,36,15,21
101000290,1021,1978,-957
101000293,58,62,-4
101000294,498,352,146
101000295,129,511,-382
101000301,879,356,523
101000304,1662,2014,-352
101000305,2554,1261,1293
101000328,142,409,-267
101900001,39,102,-63
101900002,0,16,-16
101900003,59,87,-28
101900004,9,90,-81
101900005,3276,1700,1576
101900006,720,41,679
101900007,601,214,387
101900008,67,229,-162
101900009,36,297,-261
101900010,905,688,217
101900011,211,803,-592
101900012,162,203,-41
101900013,870,150,720
101900017,12,136,-124
101900018,1006,175,831
101900019,269,120,149
101900020,56,28,28
101900021,2,48,-46
101900022,109,976,-867
101900023,79,205,-126
101900026,101,40,61
101900027,7,84,-77
102000001,2069,3259,-1190
102000002,2216,923,1293
102000003,2847,5100,-2253
102000004,5618,2544,3074
102000005,1082,1695,-613
102000006,1117,1530,-413
102000007,1354,3427,-2073
102000008,3875,1389,2486
102000009,4916,6520,-1604
102000010,4905,2858,2047
102000011,2670,2260,410
102000012,2986,2641,345
102000018,2411,2166,245
102000019,1879,1356,523
102000026,192,416,-224
102000029,222,180,42
102000030,91,269,-178
102000031,62,121,-59
102000032,351,233,118
102000033,215,326,-111
102000034,415,281,134
102000035,809,589,220
102000036,14,208,-194
102000037,122,54,68
102000038,151,307,-156
102000039,243,60,183
102000040,542,246,296
102000041,202,349,-147
102000042,181,220,-39
102000043,357,177,180
102000044,263,307,-44
102000045,632,844,-212
102000046,874,501,373
102000047,637,899,-262
102000048,244,515,-271
102000049,898,576,322
102000050,947,1239,-292
102000051,384,563,-179
102000052,1140,657,483
102000053,784,884,-100
102000054,548,939,-391
102000055,1006,701,305
102000056,627,984,-357
102000057,1225,567,658
102000058,971,1345,-374
102000059,1301,1250,51
102000060,1058,824,234
102000061,1311,1616,-305
102000062,1237,927,310
102000063,973,1119,-146
102000064,608,738,-130
102000065,42,178,-136
102000066,888,878,10
102000067,1668,2577,-909
102000068,7330,2328,5002
102000069,52,1556,-1504
102000070,1495,38,1457
102000071,6618,7619,-1001
102000072,2912,3506,-594
102000073,1240,1214,26
102000074,741,916,-175
102000075,142,420,-278
102000076,254,582,-328
102000077,481,918,-437
102000078,826,925,-99
102000079,203,266,-63
102000080,263,247,16
102000081,385,831,-446
102000082,829,327,502
102000083,475,264,211
102000084,258,223,35
102000085,1312,877,435
102000086,921,759,162
102000087,710,1465,-755
102000088,254,248,6
102000089,929,375,554
102000090,461,1043,-582
102000091,1165,434,731
102000092,401,713,-312
102000093,837,866,-29
102000094,999,577,422
102000095,901,1088,-187
102000096,740,755,-15
102000097,724,764,-40
102000098,541,756,-215
102000099,849,722,127
102000100,850,1198,-348
102000101,1117,777,340
102000102,363,1324,-961
102000103,1000,310,690
102000104,588,328,260
102000105,210,499,-289
102000106,719,571,148
102000107,915,514,401
102000108,433,189,244
102000109,399,548,-149
102000110,848,1142,-294
102000111,18,265,-247
102000112,145,84,61
102000113,12,33,-21
102000114,685,329,356
102000115,224,215,9
102000116,358,325,33
102000117,294,388,-94
102000118,1171,1046,125
102000119,1804,627,1177
102000120,163,320,-157
102000121,750,328,422
102000122,533,745,-212
102000123,948,820,128
102000124,848,905,-57
102000125,598,625,-27
102000126,529,549,-20
102000127,910,520,390
102000128,591,745,-154
102000129,1136,616,520
102000130,507,494,13
102000131,1014,453,561
102000132,341,498,-157
102000133,1453,1575,-122
102000134,659,622,37
102000135,590,637,-47
102000136,758,507,251
102000137,717,565,152
102000138,221,298,-77
102000139,60,263,-203
102000140,243,294,-51
102000141,199,362,-163
102000142,239,339,-100
102000143,156,364,-208
102000144,189,304,-115
102000145,327,401,-74
102000146,338,256,82
102000147,365,300,65
102000148,204,366,-162
102000149,115,297,-182
102000150,288,86,202
102000151,86,268,-182
102000152,150,149,1
102000153,1111,466,645
102000154,266,565,-299
102000155,108,268,-160
102000156,294,117,177
102000157,130,319,-189
102000158,556,465,91
102000159,801,366,435
102000161,2816,1549,1267
102000162,158,138,20
102000163,84,433,-349
102000164,825,892,-67
102000165,216,138,78
102000166,35,142,-107
102000167,151,151,0
102000168,221,104,117
102000169,115,315,-200
102000170,429,122,307
102000171,178,136,42
102000172,135,299,-164
102000173,418,225,193
102000174,60,61,-1
102000175,114,94,20
102000176,57,36,21
102000178,267,381,-114
102000179,276,243,33
102000180,655,352,303
102000181,550,558,-8
102000182,485,455,30
102000183,1358,1419,-61
102000184,1510,737,773
102000185,2150,1173,977
102000186,1055,1685,-630
102000187,635,1342,-707
102000188,751,1070,-319
102000189,1854,686,1168
102000190,546,2138,-1592
102000191,1018,440,578
102000192,922,1145,-223
102000193,57,121,-64
102000194,56,84,-28
102000195,400,349,51
102000196,182,327,-145
102000197,544,256,288
102000198,168,598,-430
102000199,785,249,536
102000200,269,744,-475
102000201,759,320,439
102000202,4,85,-81
102000203,344,158,186
102000204,344,475,-131
102000205,875,288,587
102000206,537,469,68
102000207,506,372,134
102000208,308,392,-84
102000209,49,46,3
102000210,303,294,9
102000211,366,208,158
102000212,206,11,195
102000213,8,278,-270
102000214,189,9,180
102000215,1,307,-306
102000216,25,45,-20
102000217,8,103,-95
102000218,222,106,116
102000219,380,233,147
102000225,642,530,112
102000226,3315,1457,1858
102000227,115,2,113
102000228,0,74,-74
102000229,29,53,-24
102000230,180,349,-169
102000231,267,302,-35
102000232,29,153,-124
102000233,301,535,-234
102000234,94,964,-870
102000236,239,78,161
102000237,407,102,305
102000238,159,182,-23
102000240,547,540,7
102000241,125,110,15
102000243,12,53,-41
102000245,30,131,-101
102000246,9,40,-31
102000247,1020,864,156
102000248,552,912,-360
102000249,156,125,31
102000250,134,365,-231
102000254,84,215,-131
102000266,28,208,-180
102000271,26,0,26
102000286,375,304,71
102000297,1516,760,756
102000299,0,0,0
102000301,0,0,0
102000303,0,0,0
102000305,0,5,-5
102000307,0,24,-24
102900001,1105,1001,104
102900002,295,50,245
102900003,39,196,-157
102900005,285,291,-6
102900006,479,118,361
102900007,340,39,301
102900008,217,67,150
102900009,605,298,307
102900010,612,831,-219
102900011,1608,243,1365
102900012,375,87,288
102900013,23,89,-66
102900015,491,404,87
102900016,51,87,-36
102900017,154,516,-362
102900018,25,137,-112
102900019,290,265,25
102900020,137,21,116
102900021,26,73,-47
102900022,604,161,443
102900023,32,32,0
102900024,43,30,13
102900025,214,96,118
102900026,291,1527,-1236
102900027,66,61,5
102900028,115,641,-526
102900029,175,135,40
102900030,281,225,56
102900031,160,151,9
102900032,59,73,-14
102900033,96,152,-56
102900034,333,101,232
102900035,99,238,-139
102900036,269,432,-163
102900037,230,445,-215
102900038,385,396,-11
102900039,23,448,-425
102900040,101,210,-109
102900041,73,148,-75
102900042,151,248,-97
102900043,146,243,-97
102900044,427,1687,-1260
102900045,89,443,-354
102900046,139,227,-88
102900047,98,459,-361
102900048,562,514,48
102900049,165,334,-169
102900050,215,247,-32
102900051,159,170,-11
102900053,349,512,-163
102900054,551,764,-213
102900055,75,143,-68
102900056,161,388,-227
102900057,12,57,-45
102900058,260,55,205
102900059,36,56,-20
102900060,108,368,-260
102900061,159,448,-289
102900062,183,817,-634
102900063,908,349,559
102900064,113,293,-180
102900065,1566,446,1120
102900066,322,22,300
102900068,117,71,46
102900070,164,459,-295
102900072,21,42,-21
102900073,172,14,158
102900075,43,50,-7
102900076,140,95,45
102900077,69,49,20
102900078,43,68,-25
102900079,152,13,139
102900080,322,42,280
102900081,113,212,-99
102900082,18,182,-164
102900083,190,9,181
102900084,7,27,-20
102900085,357,151,206
102900086,22,49,-27
102900087,78,69,9
102900088,38,34,4
102900089,207,103,104
102900090,2,237,-235
102900091,104,0,104
102900092,242,651,-409
102900094,5,63,-58
102900095,47,1,46
102900096,50,14,36
102900097,1,95,-94
103000001,2155,2646,-491
103000002,1821,2291,-470
103000003,3259,2538,721
103000004,839,671,168
103000005,1526,2231,-705
103000006,630,1261,-631
103000007,321,675,-354
103000008,841,633,208
103000009,960,942,18
103000010,110,122,-12
103000011,1479,1247,232
103000012,1184,1310,-126
103000013,3377,1882,1495
103000014,1185,2136,-951
103000015,1461,650,811
103000016,448,1041,-593
103000017,244,284,-40
103000018,608,360,248
103000019,265,209,56
103000020,2450,1440,1010
103000021,1620,1517,103
103000022,772,1111,-339
103000023,531,1360,-829
103000024,79,154,-75
103000025,97,512,-415
103000026,1033,115,918
103000027,319,469,-150
103000028,294,355,-61
103000029,186,243,-57
103000030,1418,871,547
103000031,1195,1410,-215
103000032,1955,1704,251
103000033,2379,2366,13
103000034,1293,1099,194
103000035,379,1149,-770
103000036,394,496,-102
103000037,651,517,134
103000038,426,856,-430
103000039,407,410,-3
103000040,482,823,-341
103000041,1611,2145,-534
103000042,1097,524,573
103000043,475,862,-387
103000044,240,162,78
103000046,262,400,-138
103000047,555,674,-119
103000048,155,147,8
103000049,113,157,-44
103000050,511,377,134
103000051,288,486,-198
103000052,761,341,420
103000053,160,523,-363
103000054,2548,1464,1084
103000055,1909,2201,-292
103000056,634,1534,-900
103000057,613,274,339
103000058,457,793,-336
103000059,352,662,-310
103000060,713,648,65
103000061,411,872,-461
103000062,944,481,463
103000063,606,702,-96
103000064,177,185,-8
103000065,5,378,-373
103000066,172,7,165
103000069,320,342,-22
103000070,991,760,231
103000071,986,377,609
103000072,106,590,-484
103000073,438,116,322
103000074,482,90,392
103000075,88,510,-422
103000076,357,318,39
103000077,82,385,-303
103000078,1102,495,607
103000079,686,733,-47
103000080,1147,386,761
103000081,548,1100,-552
103000082,458,187,271
103000083,113,285,-172
103000084,99,3,96
103000085,2,135,-133
103000086,615,374,241
103000087,103,461,-358
103000088,302,277,25
103000089,236,331,-95
103000090,1520,763,757
103000091,628,401,227
103000092,223,281,-58
103000093,281,345,-64
103000094,171,79,92
103000095,48,289,-241
103000096,513,89,424
103000097,64,684,-620
103000098,832,152,680
103000099,317,512,-195
103000100,79,607,-528
103000101,674,107,567
103000102,84,484,-400
103000103,562,189,373
103000104,50,97,-47
103000105,124,119,5
103000106,6,124,-118
103000107,236,51,185
103000108,531,475,56
103000109,337,272,65
103000110,449,356,93
103000111,478,413,65
103000112,322,193,129
103000113,542,569,-27
103000114,1082,402,680
103000115,385,422,-37
103000116,568,340,228
103000117,331,481,-150
103000118,788,614,174
103000119,1055,612,443
103000120,76,105,-29
103000121,712,1391,-679
103000122,634,1103,-469
103000125,8,228,-220
103000126,479,3,476
103000127,4,123,-119
103000128,149,1,148
103000129,5,96,-91
103000130,57,26,31
103000131,90,88,2
103000132,82,105,-23
103000133,8,56,-48
103000134,718,690,28
103000135,515,336,179
103000136,742,416,326
103000137,449,559,-110
103000138,814,724,90
103000139,4,67,-63
103000140,142,24,118
103000141,34,131,-97
103000142,101,64,37
103000143,41,193,-152
103000144,189,55,134
103000145,18,85,-67
103000150,72,51,21
103000152,198,255,-57
103000153,208,182,26
103000156,2,226,-224
103000157,256,5,251
103000159,154,46,108
103000162,107,63,44
103000163,30,111,-81
103000164,60,17,43
103000165,98,230,-132
103000166,208,245,-37
103000167,142,77,65
103000168,79,142,-63
103000169,184,323,-139
103000170,739,407,332
103000171,62,82,-20
103000172,363,277,86
103000173,415,416,-1
103000174,135,291,-156
103000175,243,256,-13
103000176,673,459,214
103000177,477,415,62
103000178,229,302,-73
103000179,165,40,125
103000183,69,18,51
103000185,75,46,29
103000186,99,157,-58
103000187,383,326,57
103000188,8,61,-53
103000189,680,653,27
103000191,524,473,51
103000292,1367,1120,247
103000293,724,1668,-944
103000295,60,88,-28
103000296,241,9,232
103000297,23,16,7
103000504,66,21,45
103000505,13,6,7
103000506,3,211,-208
103000507,212,10,202
103000508,39,37,2
103000509,182,566,-384
103900001,1,169,-168
103900002,1077,183,894
103900003,1245,62,1183
103900004,90,0,90
103900005,3,143,-140
103900006,2,2,0
103900007,59,0,59
103900008,7,0,7
103900009,217,487,-270
103900010,126,292,-166
103900011,210,163,47
103900012,8,16,-8
103900013,70,87,-17
103900014,24,9,15
103900015,38,14,24
103900016,242,164,78
103900017,24,73,-49
103900018,685,153,532
103900019,38,260,-222
103900020,185,362,-177
103900021,470,68,402
103900022,1018,676,342
103900023,134,2,132
103900024,57,251,-194
103900025,21,43,-22
103900026,65,0,65
103900027,690,248,442
103900028,18,246,-228
103900029,905,140,765
103900030,240,100,140
103900031,23,2,21
103900032,63,46,17
103900033,82,14,68
103900034,37,140,-103
103900035,50,35,15
103900036,39,24,15
103900037,52,49,3
103900038,89,142,-53
103900039,66,323,-257
103900040,8,166,-158
103900041,30,37,-7
103900042,46,288,-242
103900043,118,43,75
103900044,76,180,-104
103900045,265,130,135
103900047,51,26,25
103900048,48,39,9
103900049,141,942,-801
103900050,13,124,-111
103900051,1,37,-36
103900052,164,296,-132
103900053,149,567,-418
103900054,89,310,-221
103900055,369,164,205
103900056,27,57,-30
103900057,28,162,-134
103900058,221,549,-328
103900059,0,7,-7
103900060,30,170,-140
103900061,150,37,113
103900062,201,56,145
103900063,7,0,7
103900064,78,4,74
103900065,776,324,452
103900066,116,16,100
103900067,123,3,120
103900068,7,0,7
103900069,57,33,24
103900070,126,177,-51
103900071,19,88,-69
103900072,12,206,-194
103900073,31,36,-5
103900074,95,78,17
103900075,168,66,102
103900076,401,436,-35
103900077,32,103,-71
103900078,225,96,129
103900079,108,145,-37
103900080,18,42,-24
103900081,73,29,44
103900082,7,99,-92
103900083,1198,671,527
103900084,95,96,-1
103900085,56,104,-48
103900086,419,284,135
103900088,282,532,-250
103900089,61,95,-34
103900090,5,82,-77
103900091,1220,311,909
103900092,497,294,203
103900093,84,263,-179
103900094,16,97,-81
103900095,206,159,47
103900096,19,179,-160
103900097,6,566,-560
103900098,154,94,60
103900099,62,115,-53
103900100,183,328,-145
103900101,76,946,-870
103900102,4,34,-30
103900104,0,26,-26
103900105,100,188,-88
103900106,0,36,-36
103900107,77,186,-109
103900108,66,282,-216
103900109,110,79,31
103900110,125,29,96
103900111,73,482,-409
103900112,30,56,-26
103900113,112,210,-98
103900114,310,232,78
103900115,231,170,61
103900116,4152,2081,2071
103900117,171,73,98
103900119,22,51,-29
103900120,58,93,-35
103900122,90,222,-132
103900123,1168,562,606
103900124,51,428,-377
103900125,98,82,16
103900126,363,403,-40
103900127,165,277,-112
103900128,115,129,-14
103900131,36,93,-57
103900133,802,40,762
103900134,0,6,-6
103900135,7,10,-3
103900137,0,17,-17
103900138,84,251,-167
103900139,269,1459,-1190
103900140,5,103,-98
103900141,225,58,167
103900142,97,98,-1
103900143,75,2,73
103900144,0,33,-33
103900145,160,189,-29
103900146,226,165,61
103900147,254,114,140
103900148,163,227,-64
103900149,224,489,-265
103900150,4578,2639,1939
103900151,30,86,-56
103900152,409,377,32
103900153,6,6,0
103900154,702,1212,-510
103900155,53,150,-97
103900156,54,151,-97
103900157,56,139,-83
103900158,55,78,-23
103900159,134,49,85
103900160,71,26,45
103900161,95,172,-77
103900162,57,116,-59
103900163,9,406,-397
103900167,13,78,-65
103900168,71,73,-2
103900169,37,27,10
103900170,0,95,-95
103900171,1,47,-46
103900172,6,20,-14
103900173,8,16,-8
103900174,135,54,81
103900175,36,43,-7
103900176,6,36,-30
103900177,8,73,-65
103900178,36,43,-7
103900179,40,110,-70
103900180,14,82,-68
103900181,69,30,39
103900182,37,21,16
103900184,456,63,393
103900185,158,271,-113
103900187,25,53,-28
103900188,44,15,29
103900189,77,2,75
103900190,50,38,12
103900191,51,46,5
103900192,14,83,-69
103900193,116,149,-33
103900194,50,206,-156
103900195,6,101,-95
103900196,16,35,-19
103900197,15,32,-17
103900198,7,38,-31
103900199,108,34,74
103900200,108,99,9
103900201,147,161,-14
103900202,7,43,-36
103900203,30,18,12
103900204,0,68,-68
103900207,3,83,-80
103900208,93,4,89
103900209,3,86,-83
103900210,29,28,1
103900211,389,257,132
103900212,102,317,-215
103900213,62,266,-204
103900214,258,170,88
103900215,524,421,103
103900216,9,324,-315
103900217,341,31,310
103900218,15,407,-392
103900219,180,266,-86
103900233,43,3,40
103900235,38,12,26
103900236,26,1,25
103900242,13,25,-12
103900243,18,12,6
103900244,102,198,-96
103900245,75,166,-91
103900246,29,32,-3
103900247,25,97,-72
103900248,33,89,-56
103900249,28,35,-7
103900250,36,13,23
103900251,1,40,-39
103900253,26,80,-54
103900254,3,36,-33
103900255,2,23,-21
103900256,11,49,-38
103900257,180,131,49
103900258,38,1,37
103900259,55,6,49
103900261,6,6,0
103900262,13,3,10
103900263,35,39,-4
103900264,74,49,25
103900265,148,47,101
103900266,1,55,-54
103900267,5,62,-57
103900268,23,67,-44
103900269,165,37,128
103900270,54,158,-104
103900271,17,96,-79
103900272,63,74,-11
103900273,23,31,-8
103900274,89,5,84
103900275,26,9,17
103900276,1,44,-43
103900277,6,42,-36
103900278,4,31,-27
103900279,1,38,-37
103900280,0,51,-51
104000001,1937,1642,295
104000002,1484,2373,-889
104000003,1841,1757,84
104000004,2316,2319,-3
104000005,1170,1441,-271
104000006,3028,2304,724
104000007,3869,3848,21
104000008,201,327,-126
104000009,192,119,73
104000010,156,245,-89
104000011,436,317,119
104000012,147,312,-165
104000013,213,166,47
104000014,201,605,-404
104000015,281,145,136
104000016,528,365,163
104000018,676,149,527
104000019,628,170,458
104000020,151,648,-497
104000021,230,616,-386
104000022,131,259,-128
104000023,553,315,238
104000024,231,329,-98
104000026,47,328,-281
104000027,230,284,-54
104000028,312,216,96
104000029,341,457,-116
104000030,252,199,53
104000031,988,329,659
104000032,184,250,-66
104000033,579,456,123
104000034,274,231,43
104000035,694,338,356
104000036,658,506,152
104000037,231,214,17
104000038,390,259,131
104000039,182,271,-89
104000040,286,360,-74
104000041,480,285,195
104000042,205,321,-116
104000043,220,339,-119
104000044,221,471,-250
104000045,992,963,29
104000046,1066,1391,-325
104000047,765,1032,-267
104000048,912,1484,-572
104000049,370,272,98
104000050,136,458,-322
104000051,64,460,-396
104000052,1065,1362,-297
104000053,666,448,218
104000054,516,406,110
104000055,3317,2112,1205
104000056,1070,156,914
104000057,132,422,-290
104000058,621,592,29
104000059,436,867,-431
104000060,999,992,7
104000061,1084,1009,75
104000062,333,134,199
104000064,362,232,130
104000065,245,595,-350
104000069,1027,906,121
104000070,55,389,-334
104000071,79,338,-259
104000072,383,135,248
104000075,48,210,-162
104000076,377,67,310
104000082,1974,2886,-912
104000083,671,152,519
104000084,108,500,-392
104000085,246,223,23
104000086,137,436,-299
104000087,353,1370,-1017
104000090,605,1105,-500
104000092,902,1893,-991
104000094,668,1309,-641
104000095,1515,1157,358
104000096,1172,159,1013
104000097,1206,742,464
104000098,1633,897,736
104000100,1260,524,736
104000101,1025,1351,-326
104000106,39,511,-472
104000107,540,479,61
104000108,245,393,-148
104000109,278,60,218
104000110,688,894,-206
104000111,3044,1725,1319
104000112,1740,466,1274
104000116,4,752,-748
104000117,118,458,-340
104000118,465,190,275
104000119,402,182,220
104000120,195,515,-320
104000121,119,618,-499
104000122,581,629,-48
104000123,685,1090,-405
104000124,861,2031,-1170
104000125,2392,3294,-902
104000126,372,324,48
104000127,1305,2921,-1616
104000128,557,374,183
104000129,357,31,326
104000130,14,272,-258
104000131,645,488,157
104000132,421,501,-80
104000133,1106,765,341
104000134,763,1348,-585
104000135,399,1617,-1218
104000136,865,3255,-2390
104000137,1480,352,1128
104000138,708,241,467
104000139,5295,2609,2686
104000141,1023,1194,-171
104000142,590,677,-87
104000143,484,542,-58
104000144,71,154,-83
104000145,365,188,177
104000146,250,507,-257
104000147,105,265,-160
104000148,259,139,120
104000149,140,315,-175
104000150,673,378,295
104000151,311,418,-107
104000152,398,443,-45
104000153,476,445,31
104000154,840,553,287
104000155,386,472,-86
104000157,852,1117,-265
104000158,376,438,-62
104000159,645,405,240
104000160,1600,1762,-162
104000161,128,162,-34
104000162,65,121,-56
104000165,988,898,90
104000167,545,731,-186
104000168,384,4,380
104000169,70,43,27
104000170,471,510,-39
104000248,283,580,-297
104000251,68,219,-151
104000272,0,0,0
104000273,0,0,0
104000274,0,0,0
104000275,0,0,0
104000279,643,364,279
104000290,70,252,-182
104000291,572,1005,-433
104000293,560,611,-51
104000294,31,0,31
104000295,557,581,-24
104000296,289,649,-360
104000297,699,1486,-787
104000298,1724,678,1046
104000299,625,1195,-570
104900001,210,355,-145
104900002,38,144,-106
104900003,48,247,-199
104900004,83,260,-177
104900005,181,173,8
104900006,229,69,160
104900007,240,139,101
104900009,125,290,-165
104900010,52,39,13
104900011,11,3,8
104900012,243,23,220
104900013,114,13,101
104900014,2300,254,2046
104900015,61,3,58
104900016,184,145,39
104900017,129,135,-6
104900018,12,150,-138
104900019,312,2016,-1704
104900020,37,209,-172
104900021,2,122,-120
104900022,8,90,-82
104900023,2,65,-63
104900024,22,79,-57
104900025,71,177,-106
104900026,1,82,-81
104900027,369,255,114
104900028,14,75,-61
104900029,40,90,-50
104900030,381,191,190
104900031,88,165,-77
104900032,34,97,-63
104900033,122,231,-109
104900034,331,135,196
104900035,282,150,132
104900036,200,78,122
104900037,83,157,-74
104900038,358,483,-125
104900039,621,334,287
104900040,465,125,340
104900041,199,143,56
104900042,107,145,-38
104900043,13,122,-109
104900044,497,172,325
104900045,364,45,319
104900046,87,72,15
104900047,294,116,178
104900048,216,49,167
104900049,24,43,-19
104900050,179,57,122
104900051,251,52,199
104900052,37,3,34
104900053,411,114,297
104900054,105,19,86
104900055,84,1,83
104900056,122,28,94
104900057,29,4,25
104900058,441,142,299
104900059,224,81,143
104900060,1,326,-325
104900061,186,403,-217
104900063,0,78,-78
104900064,0,68,-68
104900065,0,148,-148
104900066,0,89,-89
104900067,6,274,-268
104900068,19,183,-164
104900070,177,206,-29
104900071,2,330,-328
104900072,39,237,-198
104900073,38,134,-96
104900074,40,153,-113
104900075,31,31,0
104900076,80,271,-191
104900077,595,183,412
104900078,191,394,-203
104900079,64,368,-304
104900080,69,427,-358
104900082,15,390,-375
104900085,2,172,-170
104900087,220,3,217
104900089,140,0,140
104900090,569,603,-34
104900091,467,485,-18
104900093,218,443,-225
104900097,1882,1569,313
104900098,76,32,44
104900099,117,375,-258
104900100,304,198,106
104900102,30,113,-83
104900103,330,48,282
104900104,2306,1610,696
104900106,62,89,-27
104900107,96,174,-78
104900108,17,137,-120
104900109,99,106,-7
104900110,3,41,-38
104900111,70,61,9
104900112,215,580,-365
104900113,531,272,259
104900114,301,380,-79
104900115,499,325,174
104900116,212,174,38
104900118,12,31,-19
104900119,6,34,-28
104900120,32,181,-149
104900121,0,59,-59
104900122,8,67,-59
104900123,31,13,18
104900124,27,0,27
104900125,395,7,388
104900126,52,40,12
104900127,30,43,-13
104900128,84,169,-85
104900129,1349,1344,5
105000001,2148,1369,779
105000002,1916,1450,466
105000003,2876,2970,-94
105000004,439,882,-443
105000005,624,840,-216
105000006,1165,1447,-282
105000007,1025,1178,-153
105000008,1551,2394,-843
105000009,1810,2488,-678
105000010,2601,2005,596
105000011,2577,2154,423
105000012,3225,2795,430
105000013,727,878,-151
105000014,1295,1958,-663
105000015,7767,10563,-2796
105000016,2726,1968,758
105000017,1718,743,975
105000018,1018,1250,-232
105000019,1027,642,385
105000020,181,340,-159
105000021,237,77,160
105000022,276,75,201
105000023,435,392,43
105000028,61,82,-21
105000029,509,969,-460
105000030,3442,2407,1035
105000031,2,6,-4
105000033,819,1613,-794
105000034,109,675,-566
105000037,549,260,289
105000038,1423,1366,57
105000039,2127,1395,732
105000040,678,909,-231
105000041,341,926,-585
105000042,2312,1318,994
105000043,1550,1632,-82
105000044,439,374,65
105000045,313,646,-333
105000046,851,315,536
105000047,439,1066,-627
105000048,478,188,290
105000049,158,388,-230
105000050,559,269,290
105000051,142,435,-293
105000052,451,664,-213
105000053,154,143,11
105000054,235,661,-426
105000055,494,251,243
105000056,1028,1599,-571
105000057,915,678,237
105000058,1078,971,107
105000059,580,493,87
105000060,385,579,-194
105000061,494,431,63
105000062,563,734,-171
105000063,239,468,-229
105000064,1065,747,318
105000065,319,534,-215
105000066,991,1243,-252
105000067,1197,656,541
105000068,461,718,-257
105000069,1490,1274,216
105000070,573,739,-166
105000071,194,601,-407
105000072,803,1568,-765
105000073,699,487,212
105000074,1054,749,305
105000075,444,740,-296
105000076,1157,910,247
105000077,2342,882,1460
105000078,1064,1224,-160
105000079,1319,3026,-1707
105000080,1733,1117,616
105000081,3972,1356,2616
105000082,1078,1526,-448
105000083,4526,3086,1440
105000084,593,786,-193
105000085,1406,1592,-186
105000086,467,786,-319
105000087,1200,1617,-417
105000088,1243,1233,10
105000089,2373,1678,695
105000090,882,687,195
105000091,1066,1244,-178
105000092,600,740,-140
105000093,245,201,44
105000094,218,169,49
105000095,104,370,-266
105000096,1020,804,216
105000097,1061,712,349
105000098,785,592,193
105000099,880,614,266
105000100,992,824,168
105000101,1609,1507,102
105000102,1148,1090,58
105000103,1038,1625,-587
105000104,1638,825,813
105000105,796,1721,-925
105000106,1111,1385,-274
105000107,1081,955,126
105000108,1150,1301,-151
105000109,1373,1359,14
105000110,631,494,137
105000111,529,653,-124
105000112,1158,581,577
105000113,288,660,-372
105000114,2362,963,1399
105000115,308,888,-580
105000116,606,375,231
105000117,801,896,-95
105000118,387,337,50
105000119,478,789,-311
105000120,755,482,273
105000121,664,871,-207
105000122,311,570,-259
105000123,980,1055,-75
105000124,1507,625,882
105000125,645,1611,-966
105000126,1554,1456,98
105000127,1934,1611,323
105000128,525,869,-344
105000129,563,290,273
105000130,308,2382,-2074
105000131,625,379,246
105000132,650,504,146
105000133,457,776,-319
105000134,538,455,83
105000135,395,445,-50
105000136,105,306,-201
105000137,359,197,162
105000138,187,327,-140
105000139,992,874,118
105000140,295,468,-173
105000141,271,501,-230
105000142,140,395,-255
105000143,197,606,-409
105000144,247,715,-468
105000145,539,374,165
105000146,380,875,-495
105000147,504,314,190
105000148,1152,543,609
105000149,1698,1602,96
105000150,1867,1314,553
105000151,392,284,108
105000152,168,455,-287
105000153,414,539,-125
105000154,541,390,151
105000155,253,730,-477
105000156,751,506,245
105000157,609,1186,-577
105000158,1389,604,785
105000159,194,720,-526
105000160,1390,426,964
105000161,510,731,-221
105000162,423,1183,-760
105000163,826,672,154
105000164,212,229,-17
105000165,725,3587,-2862
105000166,3592,634,2958
105000167,1658,1000,658
105000168,301,492,-191
105000169,365,316,49
105000170,203,954,-751
105000171,789,184,605
105000172,142,17,125
105000173,139,27,112
105000174,51,27,24
105000175,46,102,-56
105000176,278,104,174
105000177,283,156,127
105000178,109,315,-206
105000179,363,110,253
105000180,150,101,49
105000181,84,180,-96
105000182,33,40,-7
105000183,1608,1345,263
105000184,1198,777,421
105000185,1182,774,408
105000186,361,548,-187
105000187,712,155,557
105000188,273,96,177
105000189,178,322,-144
105000190,271,246,25
105000191,329,274,55
105000192,187,52,135
105000193,108,93,15
105000194,380,80,300
105000195,277,663,-386
105000196,75,201,-126
105000197,242,589,-347
105000198,531,313,218
105000199,240,620,-380
105000200,117,220,-103
105000201,84,29,55
105000203,12,194,-182
105000204,88,59,29
105000205,89,203,-114
105000207,403,156,247
105000208,175,441,-266
105000209,175,300,-125
105000211,99,4,95
105000212,975,935,40
105000213,153,143,10
105000214,115,143,-28
105000215,249,164,85
105000216,113,227,-114
105000217,119,264,-145
105000218,959,978,-19
105000221,112,138,-26
105000222,438,69,369
105000223,211,126,85
105000226,83,153,-70
105000227,51,90,-39
105000228,225,1371,-1146
105000229,108,392,-284
105000231,319,306,13
105000233,724,521,203
105000234,445,1024,-579
105000235,268,462,-194
105000237,496,69,427
105000243,18,36,-18
105000248,38,74,-36
105000262,267,1038,-771
105000269,127,185,-58
105000270,452,30,422
105000271,2,178,-176
105000282,58,45,13
105000287,339,72,267
105000288,452,304,148
105000289,2940,1791,1149
105000290,15,3,12
105000402,3031,2836,195
105000426,478,520,-42
105000438,4060,1659,2401
105000440,10,5,5
105000446,9391,4806,4585
105000447,5955,2528,3427
105000454,316,571,-255
105000455,261,171,90
105000474,26,6,20
105000477,245,442,-197
105000478,1306,3093,-1787
105000479,113,117,-4
105000480,9197,5781,3416
105000481,4333,2548,1785
105000482,4871,7774,-2903
105000483,1363,1442,-79
105000484,1991,2970,-979
105000485,1363,2452,-1089
105000486,3357,2273,1084
105000488,10131,5214,4917
105000489,778,701,77
105000549,115,105,10
105000550,507,1362,-855
105000551,46,85,-39
105000552,2537,1684,853
105000555,1038,780,258
105000556,36,21,15
105000557,20,96,-76
105900001,11,930,-919
105900002,818,470,348
105900003,6,105,-99
105900004,180,101,79
105900005,4,147,-143
105900006,13,64,-51
105900007,41,28,13
105900008,79,518,-439
105900009,13,16,-3
105900011,128,31,97
105900012,333,78,255
105900013,6,30,-24
105900014,16,41,-25
105900015,113,277,-164
105900016,295,417,-122
105900017,769,22,747
105900018,137,159,-22
105900019,49,256,-207
105900020,34,39,-5
105900021,27,108,-81
105900022,165,130,35
105900023,2,81,-79
105900024,2,77,-75
105900025,135,23,112
105900026,168,17,151
105900027,4652,4888,-236
105900028,471,209,262
105900029,1163,270,893
105900030,140,168,-28
105900031,247,168,79
105900032,62,110,-48
105900033,89,100,-11
105900034,118,130,-12
105900035,103,99,4
105900036,66,62,4
105900037,57,62,-5
105900038,167,201,-34
105900039,105,103,2
105900040,74,97,-23
105900041,118,137,-19
105900042,36,111,-75
105900043,925,58,867
105900044,9,204,-195
105900045,3,524,-521
105900046,5,150,-145
105900047,12,28,-16
105900048,107,386,-279
105900050,4168,2233,1935
105900051,52,717,-665
105900052,368,188,180
105900053,2218,1819,399
105900054,271,156,115
105900056,476,247,229
105900057,19,67,-48
105900058,12,25,-13
105900059,0,26,-26
106000001,3820,1962,1858
106000002,1942,4425,-2483
106000003,2451,2942,-491
106000004,1496,2453,-957
106000005,2732,4490,-1758
106000006,4926,3845,1081
106000007,400,533,-133
106000008,388,242,146
106000009,471,383,88
106000010,443,465,-22
106000011,872,834,38
106000012,706,1140,-434
106000013,1374,1558,-184
106000014,1362,1417,-55
106000015,1288,877,411
106000016,1078,1901,-823
106000017,434,588,-154
106000018,559,486,73
106000019,304,309,-5
106000020,238,303,-65
106000021,277,354,-77
106000022,276,205,71
106000023,499,267,232
106000024,482,532,-50
106000025,111,144,-33
106000026,81,238,-157
106000027,1004,1075,-71
106000028,517,452,65
106000029,753,1299,-546
106000030,537,367,170
106000034,170,520,-350
106000035,886,1509,-623
106000036,167,342,-175
106000037,1691,1289,402
106000038,375,124,251
106000039,145,87,58
106000040,111,705,-594
106000041,607,379,228
106000043,532,220,312
106000046,312,68,244
106000047,43,350,-307
106000049,864,174,690
106000050,255,554,-299
106000051,608,342,266
106000052,77,492,-415
106000053,287,98,189
106000054,299,387,-88
106000055,914,888,26
106000056,210,339,-129
106000057,270,239,31
106000058,109,156,-47
106000059,193,252,-59
106000060,290,473,-183
106000061,160,389,-229
106000062,124,452,-328
106000063,501,470,31
106000064,30,333,-303
106000065,251,244,7
106000066,95,280,-185
106000067,252,91,161
106000068,47,508,-461
106000069,167,63,104
106000070,399,623,-224
106000071,913,251,662
106000072,2169,1360,809
106000073,1478,2435,-957
106000074,485,585,-100
106000075,267,1308,-1041
106000076,1607,1859,-252
106000077,3207,1314,1893
106000078,751,903,-152
106000079,582,777,-195
106000080,1020,569,451
106000081,469,986,-517
106000082,1992,796,1196
106000083,375,1289,-914
106000084,981,636,345
106000085,1256,1254,2
106000086,587,771,-184
106000087,796,559,237
106000088,382,649,-267
106000089,777,387,390
106000090,221,484,-263
106000091,221,467,-246
106000092,512,219,293
106000093,243,109,134
106000094,83,218,-135
106000095,579,635,-56
106000096,630,556,74
106000097,773,740,33
106000098,587,769,-182
106000099,184,535,-351
106000100,792,215,577
106000101,578,247,331
106000102,95,468,-373
106000103,211,397,-186
106000104,563,407,156
106000105,417,655,-238
106000106,481,423,58
106000107,125,367,-242
106000108,290,270,20
106000109,131,250,-119
106000110,234,268,-34
106000111,195,345,-150
106000112,204,407,-203
106000113,549,476,73
106000114,395,449,-54
106000115,209,405,-196
106000116,294,181,113
106000117,828,588,240
106000118,936,1058,-122
106000119,1219,829,390
106000120,662,885,-223
106000121,147,143,4
106000122,68,218,-150
106000123,343,132,211
106000124,71,210,-139
106000125,45,220,-175
106000126,233,116,117
106000127,779,666,113
106000128,550,193,357
106000129,420,476,-56
106000130,572,282,290
106000131,119,658,-539
106000132,472,155,317
106000133,1470,929,541
106000134,525,1122,-597
106000135,223,548,-325
106000136,528,756,-228
106000137,71,630,-559
106000138,768,70,698
106000139,33,108,-75
106000140,37,72,-35
106000141,84,64,20
106000142,60,58,2
106000143,72,48,24
106000144,50,43,7
106000145,214,216,-2
106000146,257,122,135
106000147,360,399,-39
106000148,523,630,-107
106000149,515,322,193
106000150,355,1504,-1149
106000151,2932,694,2238
106000152,1044,1432,-388
106000153,63,1320,-1257
106000154,1014,180,834
106000155,118,193,-75
106000156,630,256,374
106000157,552,1391,-839
106000158,1840,778,1062
106000159,2286,1437,849
106000160,278,1839,-1561
106000161,1207,292,915
106000162,182,669,-487
106000163,276,343,-67
106000164,279,267,12
106000165,145,467,-322
106000166,514,270,244
106000167,297,729,-432
106000168,378,216,162
106000169,155,468,-313
106000170,592,215,377
106000171,162,952,-790
106000172,2156,1101,1055
106000173,882,2117,-1235
106000174,795,336,459
106000175,247,703,-456
106000176,1041,575,466
106000177,562,1727,-1165
106000178,2435,1303,1132
106000179,946,1699,-753
106000180,642,988,-346
106000181,508,1214,-706
106000182,929,486,443
106000183,1021,474,547
106000184,1228,484,744
106000185,710,856,-146
106000186,682,97,585
106000187,189,808,-619
106000188,0,3,-3
106000189,7,37,-30
106000190,18,1,17
106000191,492,147,345
106000192,6,16,-10
106000193,357,154,203
106000194,102,289,-187
106000195,247,80,167
106000196,83,246,-163
106000197,400,157,243
106000198,124,208,-84
106000199,510,483,27
106000200,126,155,-29
106000201,341,1746,-1405
106000202,2589,425,2164
106000203,42,144,-102
106000204,100,9,91
106000205,28,115,-87
106000206,112,17,95
106000207,50,542,-492
106000208,1161,152,1009
106000209,1007,364,643
106000210,308,813,-505
106000211,282,982,-700
106000212,620,369,251
106000213,641,1431,-790
106000214,2203,575,1628
106000215,186,428,-242
106000216,320,308,12
106000217,281,396,-115
106000218,424,392,32
106000219,99,296,-197
106000220,334,238,96
106000221,137,216,-79
106000222,61,87,-26
106000223,169,91,78
106000224,198,169,29
106000225,55,77,-22
106000226,104,241,-137
106000228,58,105,-47
106000229,82,532,-450
106000231,641,76,565
106000232,52,279,-227
106000233,485,58,427
106000234,70,149,-79
106000235,233,60,173
106000236,81,67,14
106000237,3,9,-6
106000238,26,13,13
106000239,2,82,-80
106000240,37,6,31
106000241,17,531,-514
106000242,255,27,228
106000249,55,67,-12
106000250,71,374,-303
106000251,61,33,28
106000252,12,49,-37
106000253,27,42,-15
106000254,42,27,15
106000255,12,118,-106
106000256,46,43,3
106000257,132,132,0
106000258,143,15,128
106000259,8,44,-36
106000260,18,1,17
106000261,6,44,-38
106000262,68,11,57
106000263,11,45,-34
106000264,153,11,142
106000265,10,89,-79
106000266,111,15,96
106000267,3,61,-58
106000268,476,29,447
106000269,57,39,18
106000270,145,409,-264
106000271,81,158,-77
106000272,150,30,120
106000273,8,203,-195
106000274,137,39,98
106000275,113,207,-94
106000276,142,33,109
106000277,88,214,-126
106000278,147,24,123
106000279,12,29,-17
106000280,66,76,-10
106000281,72,51,21
106000282,42,55,-13
106000283,112,57,55
106000284,62,84,-22
106000285,87,75,12
106000286,77,128,-51
106000287,92,70,22
106000288,51,128,-77
106000289,74,51,23
106000290,54,80,-26
106000291,76,78,-2
106000292,78,85,-7
106000293,123,76,47
106000294,126,101,25
106000295,62,40,22
106000296,32,81,-49
106000297,50,172,-122
106000298,108,62,46
106000299,44,117,-73
106000300,56,80,-24
106000301,63,114,-51
106000303,20,66,-46
106000304,27,25,2
106000305,25,34,-9
106000306,32,23,9
106000307,58,22,36
106000308,19,76,-57
106000309,10,42,-32
106000310,245,434,-189
106000311,288,149,139
106000312,80,140,-60
106000313,148,166,-18
106000318,73,303,-230
106000319,820,140,680
106000320,3,78,-75
106000321,238,65,173
106000322,206,132,74
106000324,19,112,-93
106000325,1252,767,485
106000326,818,1490,-672
106000327,134,94,40
106000328,17,96,-79
106000329,47,189,-142
106000330,60,59,1
106000428,82,213,-131
106000429,125,381,-256
106000430,331,1151,-820
106000431,1599,371,1228
106000432,1887,2542,-655
106000433,2033,1261,772
106000434,2455,1089,1366
106000435,1281,2063,-782
106000436,7,121,-114
106000437,255,29,226
106000438,343,131,212
106000439,45,252,-207
106000440,160,353,-193
106000441,2,0,2
106000442,128,13,115
106000443,152,307,-155
106000450,0,129,-129
106000451,26,24,2
106000454,0,81,-81
106000455,24,169,-145
106000456,102,23,79
106000457,14,756,-742
106000458,565,69,496
106000459,135,261,-126
106000460,1267,13,1254
106000461,92,841,-749
106000462,0,22,-22
106000463,1,26,-25
106000464,7,310,-303
106000465,526,2,524
106000466,3,423,-420
106000467,297,382,-85
106000468,64,88,-24
106000469,106,3,103
106000470,269,1335,-1066
106000471,16,429,-413
106000472,185,11,174
106000473,37,16,21
106000474,286,506,-220
106000475,205,157,48
106000476,166,166,0
106000477,36,107,-71
106000480,0,236,-236
106900001,0,9,-9
106900002,1,357,-356
106900003,191,627,-436
106900004,0,23,-23
106900006,0,4,-4
106900007,0,7,-7
106900008,244,201,43
106900009,233,223,10
106900010,195,269,-74
106900012,1295,1353,-58
106900013,328,141,187
106900014,19,2,17
106900015,14,1,13
106900016,242,10,232
106900017,5,0,5
106900018,1,0,1
106900019,17,3,14
106900020,1810,1183,627
106900021,158,119,39
106900022,562,2,560
106900023,79,240,-161
106900024,348,47,301
106900025,42,472,-430
106900026,1,491,-490
106900027,529,0,529
107000001,3330,2806,524
107000002,3006,4480,-1474
107000003,4225,5296,-1071
107000004,4261,4252,9
107000005,3447,4383,-936
107000006,3570,3975,-405
107000007,4510,8301,-3791
107000008,9894,7682,2212
107000009,5830,6312,-482
107000010,8713,8758,-45
107000011,1130,1218,-88
107000012,3904,2954,950
107000013,67,95,-28
107000014,37,349,-312
107000015,656,847,-191
107000016,531,748,-217
107000017,1953,1042,911
107000018,13,525,-512
107000020,1193,794,399
107000021,1120,445,675
107000022,700,1008,-308
107000023,1416,237,1179
107000024,483,1227,-744
107000025,181,311,-130
107000026,228,507,-279
107000027,1309,853,456
107000028,1180,1320,-140
107000029,2699,2147,552
107000030,2296,2688,-392
107000031,3442,2199,1243
107000032,517,905,-388
107000033,2308,3175,-867
107000034,2483,1425,1058
107000035,236,169,67
107000036,326,933,-607
107000037,65,612,-547
107000038,200,206,-6
107000039,669,609,60
107000040,157,287,-130
107000041,1082,596,486
107000042,644,1729,-1085
107000043,1932,1024,908
107000044,439,340,99
107000045,59,261,-202
107000046,583,356,227
107000047,393,721,-328
107000048,590,270,320
107000049,596,786,-190
107000050,1075,485,590
107000051,348,398,-50
107000052,1034,891,143
107000053,307,175,132
107000054,44,327,-283
107000055,361,114,247
107000056,466,741,-275
107000057,1184,216,968
107000058,1863,1821,42
107000059,1735,2931,-1196
107000060,3445,4383,-938
107000061,4482,3009,1473
107000062,3457,2541,916
107000063,3725,4554,-829
107000064,3539,1850,1689
107000065,3303,4254,-951
107000066,1489,1985,-496
107000067,966,931,35
107000068,1139,556,583
107000069,685,386,299
107000070,1590,30,1560
107000071,2640,56,2584
107000072,40,2322,-2282
107000073,758,328,430
107000074,167,874,-707
107000075,1420,458,962
107000076,589,1223,-634
107000077,3032,1420,1612
107000078,2749,3077,-328
107000079,2263,962,1301
107000080,1103,2846,-1743
107000081,1277,635,642
107000082,545,1564,-1019
107000083,1079,413,666
107000084,292,1428,-1136
107000085,2706,2880,-174
107000086,3131,3202,-71
107000087,2307,1721,586
107000088,2919,3283,-364
107000089,1363,1512,-149
107000090,946,1133,-187
107000091,1255,713,542
107000092,702,1039,-337
107000093,1048,646,402
107000094,918,1093,-175
107000095,596,606,-10
107000096,523,672,-149
107000097,526,359,167
107000098,513,528,-15
107000099,324,309,15
107000100,233,247,-14
107000101,61,159,-98
107000102,178,270,-92
107000103,270,181,89
107000104,168,271,-103
107000105,327,134,193
107000106,140,250,-110
107000107,599,149,450
107000108,90,511,-421
107000109,721,165,556
107000110,83,564,-481
107000111,240,42,198
107000112,46,278,-232
107000113,510,116,394
107000114,88,475,-387
107000115,457,107,350
107000116,108,667,-559
107000117,136,507,-371
107000118,138,165,-27
107000119,1152,1352,-200
107000120,1090,418,672
107000121,818,676,142
107000122,1047,858,189
107000123,376,554,-178
107000124,484,885,-401
107000125,800,515,285
107000126,885,721,164
107000129,239,609,-370
107000130,535,200,335
107000131,342,534,-192
107000132,522,273,249
107000133,865,91,774
107000134,255,2,253
107000135,5,239,-234
107000136,714,5,709
107000137,17,361,-344
107000138,283,28,255
107000139,24,302,-278
107000140,1085,114,971
107000141,123,587,-464
107000142,437,103,334
107000143,103,557,-454
107000144,423,399,24
107000145,180,445,-265
107000146,173,310,-137
107000147,3721,983,2738
107000150,491,1818,-1327
107000151,41,111,-70
107000152,386,1047,-661
107000153,181,344,-163
107000154,215,199,16
107000155,633,13,620
107000156,911,17,894
107000157,38,1196,-1158
107000158,477,16,461
107000159,47,838,-791
107000160,771,82,689
107000161,74,1102,-1028
107000162,218,282,-64
107000163,286,6,280
107000164,532,4,528
107000165,834,2,832
107000166,45,989,-944
107000167,553,271,282
107000168,991,400,591
107000169,648,882,-234
107000170,1592,687,905
107000171,428,1502,-1074
107000172,829,1211,-382
107000173,556,652,-96
107000174,876,3689,-2813
107000175,5025,1400,3625
107000176,1,3,-2
107000177,4,3,1
107000178,17,52,-35
107000179,191,1981,-1790
107000180,1169,270,899
107000181,431,1132,-701
107000182,1617,783,834
107000183,123,744,-621
107000184,918,657,261
107000185,343,1198,-855
107000186,931,361,570
107000187,1141,1201,-60
107000188,510,541,-31
107000189,334,925,-591
107000190,477,568,-91
107000191,720,1119,-399
107000192,1391,573,818
107000193,345,403,-58
107000194,824,554,270
107000197,806,264,542
107000198,305,735,-430
107000199,558,526,32
107000200,521,496,25
107000201,379,217,162
107000202,301,477,-176
107000203,962,659,303
107000204,1176,849,327
107000205,1755,773,982
107000206,757,1003,-246
107000207,534,861,-327
107000208,833,412,421
107000209,1709,1125,584
107000210,714,362,352
107000211,8,41,-33
107000212,5,260,-255
107000213,2,25,-23
107000214,10,121,-111
107000215,336,248,88
107000216,319,280,39
107000217,139,116,23
107000219,82,161,-79
107000220,189,184,5
107000222,249,581,-332
107000224,351,100,251
107000225,114,362,-248
107000226,317,77,240
107000227,83,184,-101
107000228,60,198,-138
107000229,141,78,63
107000230,891,447,444
107000231,1487,1462,25
107000232,172,63,109
107000233,1297,750,547
107000234,0,53,-53
107000235,64,9,55
107000236,10,254,-244
107000237,22,3,19
107000238,17,0,17
107000239,2213,421,1792
107000240,99,758,-659
107000243,0,44,-44
107000244,6,47,-41
107000246,4,872,-868
107000249,1,867,-866
107000251,1,353,-352
107000252,1,806,-805
107000255,280,83,197
107000257,2,367,-365
107000258,0,117,-117
107000259,2,125,-123
107000260,520,1,519
107000262,14,402,-388
107000263,215,0,215
107000266,6,16,-10
107000267,61,94,-33
107000268,123,161,-38
107000269,523,64,459
107000270,4,10,-6
107000271,7,480,-473
107000272,19,120,-101
107000273,7,211,-204
107000274,658,162,496
107000275,42,612,-570
107000280,680,21,659
107000281,42,700,-658
107000282,15,671,-656
107000290,7,30,-23
107000291,16,8,8
107000292,3,62,-59
107000293,40,5,35
107000294,0,27,-27
107000295,32,0,32
107000296,0,40,-40
107000444,220,3,217
107000496,5,31,-26
107000497,1428,1906,-478
107000500,239,207,32
107000501,102,134,-32
107000502,130,217,-87
107000505,348,763,-415
107000506,2,17,-15
107000508,6,484,-478
107000509,174,700,-526
107000510,24,22,2
107000514,56,391,-335
107000515,12,126,-114
107000516,201,227,-26
107000518,912,953,-41
107000519,1453,839,614
107000520,57,20,37
107000521,528,334,194
107000522,681,452,229
107900001,59,131,-72
107900002,38,5,33
107900003,406,17,389
107900004,5,0,5
107900005,894,4,890
107900006,119,2,117
107900007,225,26,199
107900008,53,10,43
107900009,101,6,95
107900010,43,1,42
107900012,289,34,255
107900013,191,42,149
107900014,30,3,27
107900015,708,7,701
107900016,268,49,219
107900017,8,2,6
107900018,53,105,-52
107900019,8,27,-19
107900020,44,11,33
107900021,64,95,-31
107900023,4,0,4
107900024,0,14,-14
107900025,166,186,-20
107900026,49,37,12
107900027,13,20,-7
107900028,63,55,8
107900030,123,18,105
107900031,63,101,-38
107900032,22,4,18
107900033,22,3,19
107900034,299,18,281
107900035,614,37,577
107900036,56,11,45
107900037,0,38,-38
107900038,175,207,-32
107900039,11,25,-14
107900040,55,61,-6
107900041,5,3,2
107900043,15,73,-58
107900044,6,8,-2
107900045,105,32,73
107900046,106,132,-26
107900047,40,67,-27
107900048,126,7,119
107900049,329,733,-404
107900050,150,221,-71
107900051,85,42,43
107900052,29,31,-2
107900053,29,72,-43
107900055,513,198,315
107900056,90,43,47
107900057,4,0,4
107900058,36,418,-382
107900060,39,39,0
107900061,17,7,10
107900063,73,110,-37
107900064,199,102,97
107900065,108,10,98
107900066,22,13,9
107900067,1,0,1
107900068,153,298,-145
107900069,49,1409,-1360
107900070,101,22,79
107900071,11,530,-519
107900072,65,106,-41
107900073,113,79,34
107900074,691,254,437
107900076,93,50,43
107900077,59,4,55
107900079,7,16,-9
107900080,271,414,-143
107900081,38,114,-76
107900082,26,13,13
107900083,290,213,77
107900084,86,117,-31
107900086,45,95,-50
107900087,644,167,477
107900088,19,3,16
107900089,162,740,-578
107900090,405,1582,-1177
107900091,217,309,-92
107900093,60,66,-6
107900095,3150,1882,1268
107900097,22,66,-44
107900098,52,201,-149
107900100,703,964,-261
107900101,813,177,636
107900102,43,6,37
107900103,44,122,-78
107900104,211,3,208
107900105,2,303,-301
107900106,3,897,-894
107900107,699,377,322
107900108,251,148,103
107900109,982,9,973
107900110,15,62,-47
107900111,9,631,-622
107900112,92,278,-186
107900113,170,71,99
107900114,139,113,26
107900115,7,31,-24
107900116,132,92,40
107900117,418,277,141
107900118,57,124,-67
107900119,58,161,-103
107900120,32,29,3
107900121,0,88,-88
107900122,1,69,-68
107900123,3,37,-34
107900124,4,14,-10
107900125,41,177,-136
107900126,8,48,-40
107900127,321,233,88
107900128,96,65,31
107900129,33,16,17
107900130,42,15,27
107900131,534,247,287
107900132,95,211,-116
107900133,1,68,-67
107900134,20,78,-58
107900135,4,162,-158
107900136,28,27,1
107900137,80,64,16
107900138,33,27,6
107900139,19,29,-10
107900141,23,29,-6
107900142,65,484,-419
107900143,43,28,15
107900144,4,179,-175
107900145,6,59,-53
107900146,24,71,-47
107900147,39,33,6
107900148,118,97,21
107900149,508,195,313
107900150,79,492,-413
107900151,21,108,-87
107900152,6,108,-102
107900153,111,217,-106
107900154,41,32,9
107900155,53,43,10
107900156,0,325,-325
107900157,42,63,-21
107900158,541,24,517
107900159,32,590,-558
107900160,84,206,-122
107900161,26,120,-94
107900162,0,42,-42
107900163,38,23,15
107900164,11,36,-25
107900165,21,58,-37
107900166,13,166,-153
107900167,18,26,-8
107900168,27,28,-1
107900169,1,162,-161
107900171,1,811,-810
107900172,4,299,-295
107900173,6,92,-86
107900174,106,8,98
107900175,22,32,-10
107900176,35,35,0
107900177,0,80,-80
107900178,0,137,-137
107900179,20,99,-79
107900180,455,325,130
107900181,269,224,45
107900182,2,803,-801
107900183,34,211,-177
107900184,71,163,-92
107900185,91,4,87
107900186,19,28,-9
107900187,0,109,-109
107900188,561,151,410
107900189,10,106,-96
107900190,51,100,-49
107900191,46,86,-40
107900193,6,30,-24
107900194,204,7,197
107900195,2006,316,1690
107900196,30,71,-41
107900197,686,333,353
107900199,6,800,-794
107900201,69,97,-28
107900203,45,60,-15
107900204,201,176,25
107900206,937,194,743
107900207,3,520,-517
107900208,6,445,-439
107900209,398,114,284
107900210,77,106,-29
107900213,516,345,171
107900214,10,126,-116
107900215,117,240,-123
107900216,248,68,180
107900217,17,69,-52
107900218,15,1127,-1112
107900219,32,73,-41
107900220,241,241,0
107900221,118,175,-57
107900223,50,361,-311
107900224,86,251,-165
107900225,10,531,-521
107900226,102,81,21
107900227,112,357,-245
107900228,14,81,-67
107900229,1,166,-165
107900230,13,66,-53
107900231,13,172,-159
107900232,49,123,-74
107900233,7,105,-98
107900234,68,67,1
107900235,13,83,-70
107900236,64,45,19
107900237,60,340,-280
107900238,15,93,-78
107900239,778,392,386
107900240,20,89,-69
107900241,7,53,-46
107900242,35,224,-189
107900243,4,78,-74
107900244,268,3,265
107900245,617,44,573
107900246,157,8,149
107900248,125,273,-148
107900249,468,23,445
107900250,2,338,-336
107900251,72,1088,-1016
107900252,654,12,642
107900253,103,1,102
107900254,58,201,-143
107900255,220,94,126
107900256,735,556,179
107900257,125,71,54
107900258,68,167,-99
107900259,62,1596,-1534
107900261,1,180,-179
107900262,54,67,-13
107900264,160,15,145
107900265,99,121,-22
107900267,190,18,172
107900268,27,5,22
107900269,0,9,-9
107900270,1,0,1
107900271,3,34,-31
107900272,114,14,100
107900273,55,140,-85
107900274,69,0,69
107900275,23,0,23
107900276,0,91,-91
107900277,3,189,-186
107900278,210,264,-54
107900279,96,173,-77
107900280,1343,1631,-288
107900281,899,1737,-838
107900282,38,260,-222
107900283,735,420,315
107900284,425,508,-83
107900285,74,50,24
107900286,153,64,89
107900287,161,178,-17
107900290,1,74,-73
107900291,363,18,345
107900292,86,198,-112
107900293,66,438,-372
107900295,49,55,-6
107900297,1,243,-242
107900298,824,721,103
107900299,2309,1767,542
107900301,367,525,-158
107900302,72,34,38
107900303,148,249,-101
107900304,250,371,-121
107900305,203,11,192
107900306,7,19,-12
107900307,54,231,-177
107900308,149,78,71
107900309,69,3,66
107900310,358,1,357
107900311,0,336,-336
107900312,40,2,38
107900313,0,144,-144
107900314,0,38,-38
107900315,0,32,-32
107900316,21,1,20
107900317,65,3,62
107900318,8,98,-90
107900319,4,144,-140
107900320,2,113,-111
107900321,126,1,125
107900322,0,140,-140
107900323,0,126,-126
107900324,110,0,110
107900325,79,0,79
107900326,279,176,103
107900327,0,62,-62
107900328,131,0,131
107900329,86,63,23
107900330,5,252,-247
107900331,158,22,136
107900332,166,38,128
107900333,37,9,28
107900334,11,153,-142
107900335,49,30,19
107900336,36,50,-14
107900337,871,602,269
107900338,5,213,-208
107900339,0,15,-15
107900340,1,40,-39
107900341,55,2,53
107900342,92,89,3
107900343,32,3,29
107900344,8,51,-43
107900345,94,22,72
107900346,27,0,27
107900347,26,3,23
107900348,0,3,-3
107900349,13,8,5
107900350,26,173,-147
107900351,1,154,-153
107900352,7,21,-14
107900353,5,11,-6
107900354,73,48,25
108000001,2717,3450,-733
108000002,1909,2387,-478
108000003,3097,3113,-16
108000004,11101,13908,-2807
108000005,7330,6045,1285
108000006,7924,7719,205
108000007,4627,3838,789
108000008,3987,6463,-2476
108000009,2835,3903,-1068
108000010,2596,4124,-1528
108000011,10247,10866,-619
108000012,15557,14342,1215
108000014,1416,717,699
108000015,722,286,436
108000016,275,667,-392
108000017,945,370,575
108000018,1557,570,987
108000019,1982,755,1227
108000020,1387,491,896
108000021,392,1551,-1159
108000022,411,1302,-891
108000023,1186,198,988
108000024,373,488,-115
108000025,283,257,26
108000026,704,344,360
108000027,650,645,5
108000028,677,284,393
108000029,433,805,-372
108000030,588,198,390
108000031,292,599,-307
108000032,1341,549,792
108000033,681,1118,-437
108000034,1327,451,876
108000035,556,1967,-1411
108000036,282,838,-556
108000037,1365,315,1050
108000038,2071,527,1544
108000039,488,1680,-1192
108000040,1553,876,677
108000041,569,2022,-1453
108000042,213,204,9
108000043,144,252,-108
108000044,431,213,218
108000045,265,480,-215
108000046,1067,322,745
108000047,322,789,-467
108000048,189,348,-159
108000049,756,261,495
108000050,117,472,-355
108000051,285,95,190
108000052,209,575,-366
108000053,327,172,155
108000054,464,807,-343
108000055,808,431,377
108000056,1295,1127,168
108000057,459,928,-469
108000058,1841,3383,-1542
108000059,3039,1871,1168
108000060,207,548,-341
108000061,324,431,-107
108000062,570,492,78
108000063,348,428,-80
108000064,165,209,-44
108000065,371,466,-95
108000066,1360,661,699
108000067,1404,529,875
108000068,532,394,138
108000069,172,870,-698
108000070,1439,752,687
108000071,579,1355,-776
108000072,1554,1140,414
108000073,1144,1731,-587
108000074,536,425,111
108000075,288,877,-589
108000076,667,571,96
108000077,620,601,19
108000078,1779,1261,518
108000079,797,1472,-675
108000080,942,546,396
108000081,467,1472,-1005
108000082,956,1610,-654
108000083,1420,905,515
108000084,368,1052,-684
108000085,544,453,91
108000086,656,657,-1
108000087,144,1602,-1458
108000088,698,178,520
108000089,311,289,22
108000091,216,415,-199
108000092,106,80,26
108000093,161,439,-278
108000094,409,103,306
108000095,164,298,-134
108000096,214,125,89
108000097,110,338,-228
108000098,1344,1134,210
108000099,1323,410,913
108000100,117,377,-260
108000101,890,1294,-404
108000102,1523,2891,-1368
108000106,902,0,902
108000107,3,631,-628
108000108,958,59,899
108000109,6,641,-635
108000110,195,286,-91
108000111,138,447,-309
108000112,66,160,-94
108000113,447,212,235
108000115,274,204,70
108000117,586,266,320
108000118,535,1495,-960
108000119,621,296,325
108000120,159,592,-433
108000121,211,404,-193
108000122,400,267,133
108000123,631,201,430
108000124,227,438,-211
108000125,320,229,91
108000126,172,387,-215
108000127,448,246,202
108000128,500,477,23
108000129,306,962,-656
108000130,335,166,169
108000131,906,560,346
108000132,2052,1283,769
108000133,711,470,241
108000134,470,471,-1
108000135,841,343,498
108000136,303,839,-536
108000137,434,266,168
108000138,319,800,-481
108000139,507,313,194
108000140,123,25,98
108000141,27,65,-38
108000142,43,66,-23
108000143,64,324,-260
108000144,385,30,355
108000145,34,15,19
108000146,450,39,411
108000147,27,22,5
108000148,389,72,317
108000149,21,11,10
108000150,21,14,7
108000151,573,105,468
108000152,122,427,-305
108000153,408,123,285
108000154,51,9,42
108000155,32,13,19
108000156,810,385,425
108000157,141,802,-661
108000158,56,640,-584
108000159,444,200,244
108000160,2551,949,1602
108000161,1991,1986,5
108000165,4,113,-109
108000172,7,251,-244
108000173,1653,1725,-72
108000175,426,141,285
108000178,309,273,36
108000179,121,695,-574
108000181,81,24,57
108000182,248,111,137
108000183,156,667,-511
108000184,845,1817,-972
108000185,198,397,-199
108000186,309,373,-64
108000187,101,474,-373
108000188,449,175,274
108000189,1752,6094,-4342
108000190,57,106,-49
108000192,213,605,-392
108000193,802,16,786
108000194,48,9,39
108000195,0,934,-934
108000196,125,184,-59
108000198,559,316,243
108000199,2,269,-267
108000200,283,354,-71
108000203,115,566,-451
108000204,123,64,59
108000205,298,420,-122
108000339,1052,375,677
108000364,234,599,-365
108000365,72,312,-240
108000367,168,274,-106
108000368,6,42,-36
108000369,908,146,762
108000371,9,513,-504
108000372,785,20,765
108000373,257,215,42
108000376,96,25,71
108000377,388,297,91
108000378,8258,9245,-987
108000379,21,189,-168
108000381,61,7,54
108000382,208,3,205
108000383,1,156,-155
108900001,87,986,-899
108900002,148,53,95
108900003,284,623,-339
108900004,1457,458,999
108900007,199,243,-44
108900008,83,167,-84
108900009,75,93,-18
108900010,221,177,44
108900011,437,388,49
108900012,219,406,-187
108900013,143,260,-117
108900014,16,125,-109
108900015,0,55,-55
108900016,2,223,-221
108900017,239,388,-149
108900018,132,247,-115
108900019,31,564,-533
108900020,36,155,-119
108900021,91,191,-100
108900022,76,2,74
108900023,18,25,-7
108900024,41,108,-67
108900025,63,100,-37
108900026,11,98,-87
108900027,2,80,-78
108900028,80,298,-218
108900029,61,165,-104
108900030,0,80,-80
108900031,116,301,-185
108900032,9,176,-167
108900033,0,109,-109
108900034,2,198,-196
108900035,308,1286,-978
108900038,1,245,-244
108900039,0,344,-344
108900040,4,116,-112
108900041,4120,2614,1506
108900042,12,264,-252
108900043,50,295,-245
108900044,3,383,-380
108900045,52,453,-401
108900046,56,560,-504
108900047,1,119,-118
108900048,98,783,-685
108900049,2867,863,2004
108900050,1,201,-200
108900051,2,200,-198
108900052,34,179,-145
108900053,64,101,-37
108900054,50,162,-112
108900055,48,297,-249
108900056,0,130,-130
108900057,0,106,-106
108900058,36,246,-210
108900059,315,33,282
108900060,74,87,-13
108900061,79,23,56
108900062,7,176,-169
108900063,11,232,-221
108900064,138,64,74
108900065,17,170,-153
108900066,296,121,175
108900067,18,146,-128
108900068,5,114,-109
108900069,46,92,-46
108900070,38,98,-60
108900071,68,56,12
108900072,1538,639,899
108900073,43,176,-133
108900074,123,264,-141
108900075,66,33,33
108900076,267,67,200
108900077,174,391,-217
108900078,26,138,-112
108900079,914,146,768
108900080,30,655,-625
108900081,80,161,-81
108900082,78,123,-45
108900083,29,270,-241
108900085,1815,147,1668
108900086,88,244,-156
108900087,124,168,-44
108900088,827,331,496
108900089,12,134,-122
108900090,43,248,-205
108900091,105,75,30
108900092,422,312,110
108900093,85,83,2
108900094,157,65,92
108900095,48,271,-223
108900096,306,19,287
108900097,211,187,24
108900098,1742,562,1180
108900099,309,211,98
108900100,89,102,-13
108900101,153,129,24
108900102,92,711,-619
108900103,70,147,-77
108900105,5,908,-903
108900106,375,303,72
108900108,423,69,354
108900109,243,52,191
108900110,215,344,-129
108900111,391,464,-73
108900113,34,54,-20
108900114,42,12,30
108900115,51,46,5
108900116,48,21,27
108900117,150,17,133
108900118,445,9,436
108900119,228,22,206
108900120,230,134,96
108900121,219,94,125
108900122,130,25,105
108900123,93,137,-44
108900124,363,154,209
108900125,360,0,360
108900126,66,14,52
108900127,156,26,130
108900128,84,37,47
108900129,599,118,481
108900130,240,3,237
108900131,306,5,301
108900132,418,65,353
108900133,149,62,87
108900134,263,187,76
108900135,115,6,109
108900136,32,3,29
108900137,118,2,116
108900138,649,37,612
108900140,226,196,30
108900141,264,7,257
108900142,115,7,108
108900143,34,0,34
108900144,56,0,56
108900145,149,5,144
108900146,58,0,58
108900147,206,1,205
108900148,71,23,48
108900150,201,8,193
108900151,351,5,346
108900152,249,6,243
108900153,134,334,-200
108900154,3704,495,3209
108900156,59,10,49
108900157,27,387,-360
108900158,379,34,345
108900159,9,231,-222
108900160,6,237,-231
108900161,4,337,-333
108900162,69,0,69
108900163,10,167,-157
108900164,55,79,-24
108900168,6483,2223,4260
108900169,53,63,-10
108900171,4562,2430,2132
108900172,183,43,140
108900173,148,293,-145
108900174,723,594,129
108900176,110,380,-270
108900177,4037,3638,399
108900178,3109,2630,479
108900180,97,224,-127
108900183,184,197,-13
108900184,310,131,179
108900185,97,272,-175
108900186,26,293,-267
108900189,284,141,143
108900190,48,2283,-2235
108900192,78,169,-91
108900195,93,254,-161
108900196,24,253,-229
108900199,218,299,-81
108900200,727,316,411
108900201,470,1252,-782
108900203,384,85,299
108900204,239,24,215
108900205,137,20,117
108900206,357,40,317
108900207,146,71,75
108900208,23,245,-222
108900209,235,432,-197
108900210,183,159,24
108900211,166,378,-212
108900212,636,1153,-517
108900215,84,329,-245
108900216,590,154,436
108900217,132,1,131
108900218,125,69,56
108900221,41,138,-97
108900224,29,154,-125
108900225,1,130,-129
108900227,97,235,-138
108900230,189,195,-6
108900232,1,224,-223
108900233,241,120,121
108900234,215,140,75
108900235,132,382,-250
108900236,33,221,-188
108900240,152,72,80
108900241,24,24,0
108900245,11,979,-968
108900250,201,112,89
108900258,6,187,-181
108900259,40,52,-12
108900260,7,73,-66
108900261,75,108,-33
108900262,163,149,14
108900263,54,116,-62
108900264,625,239,386
108900265,650,274,376
108900266,719,459,260
108900267,5,89,-84
108900268,8,5,3
108900269,72,27,45
108900270,60,10,50
108900271,28,21,7
108900272,230,8,222
108900273,933,633,300
108900274,58,75,-17
109000001,3026,1176,1850
109000002,1572,1502,70
109000003,2285,429,1856
109000004,428,1820,-1392
109000005,2428,621,1807
109000006,696,1876,-1180
109000007,1118,569,549
109000008,447,1621,-1174
109000009,3194,1219,1975
109000010,1418,3257,-1839
109000011,2679,1998,681
109000012,1601,2873,-1272
109000013,2667,2325,342
109000014,1502,2577,-1075
109000015,3338,5741,-2403
109000016,5505,3224,2281
109000017,1971,1226,745
109000018,964,2549,-1585
109000019,2398,1245,1153
109000020,951,1754,-803
109000023,240,40,200
109000024,14,188,-174
109000025,298,374,-76
109000026,637,303,334
109000027,83,276,-193
109000028,143,81,62
109000029,80,150,-70
109000030,77,404,-327
109000031,167,187,-20
109000032,80,343,-263
109000033,257,175,82
109000034,65,48,17
109000035,27,82,-55
109000036,64,327,-263
109000037,221,863,-642
109000038,508,304,204
109000039,698,529,169
109000040,3164,6045,-2881
109000041,2522,1370,1152
109000042,546,1020,-474
109000044,310,78,232
109000045,118,240,-122
109000046,311,79,232
109000047,76,362,-286
109000048,692,180,512
109000049,237,471,-234
109000050,305,201,104
109000051,260,225,35
109000052,427,695,-268
109000053,168,48,120
109000054,94,335,-241
109000055,152,191,-39
109000056,333,224,109
109000057,352,401,-49
109000058,943,174,769
109000059,802,1257,-455
109000060,362,366,-4
109000061,862,731,131
109000062,85,296,-211
109000063,169,158,11
109000064,143,171,-28
109000065,108,135,-27
109000066,295,87,208
109000067,41,263,-222
109000068,3887,24,3863
109000069,1022,36,986
109000070,7,1150,-1143
109000071,342,87,255
109000072,74,335,-261
109000073,60,91,-31
109000074,34,153,-119
109000075,90,303,-213
109000076,99,199,-100
109000077,252,282,-30
109000078,93,186,-93
109000079,149,151,-2
109000080,147,118,29
109000081,82,437,-355
109000082,513,187,326
109000083,230,516,-286
109000088,82,382,-300
109000089,228,40,188
109000090,156,303,-147
109000091,257,146,111
109000092,240,362,-122
109000093,210,185,25
109000094,410,2,408
109000095,122,316,-194
109000096,475,313,162
109000097,82,145,-63
109000098,59,125,-66
109000099,1118,355,763
109000100,290,682,-392
109000101,1299,559,740
109000102,301,635,-334
109000103,429,538,-109
109000104,1222,549,673
109000105,435,905,-470
109000106,1562,695,867
109000107,483,1532,-1049
109000108,1366,483,883
109000109,425,1483,-1058
109000110,986,493,493
109000111,761,1606,-845
109000112,314,144,170
109000113,297,142,155
109000114,121,283,-162
109000115,1084,115,969
109000116,14,220,-206
109000117,191,71,120
109000118,11,249,-238
109000119,941,238,703
109000120,150,555,-405
109000121,344,55,289
109000122,103,489,-386
109000123,31,49,-18
109000124,529,354,175
109000125,629,295,334
109000126,336,541,-205
109000127,650,188,462
109000128,350,1146,-796
109000129,1532,670,862
109000130,468,1663,-1195
109000131,606,433,173
109000132,562,1527,-965
109000133,421,902,-481
109000134,744,1190,-446
109000135,991,1350,-359
109000136,283,252,31
109000137,300,317,-17
109000138,399,245,154
109000139,330,407,-77
109000140,129,275,-146
109000141,333,367,-34
109000142,124,372,-248
109000143,82,107,-25
109000145,131,384,-253
109000146,105,92,13
109000148,2540,844,1696
109000149,20,58,-38
109000150,145,192,-47
109000155,632,466,166
109000156,942,545,397
109000158,70,247,-177
109000159,88,358,-270
109000160,759,173,586
109000161,250,840,-590
109000162,1329,552,777
109000163,908,1472,-564
109000164,1074,2203,-1129
109000165,1032,514,518
109000166,592,113,479
109000167,133,391,-258
109000170,39,60,-21
109000171,62,35,27
109000172,42,72,-30
109000173,22,91,-69
109000174,73,51,22
109000175,47,90,-43
109000176,250,262,-12
109000177,33,116,-83
109000178,474,294,180
109000179,3727,3640,87
109000180,3748,2651,1097
109000181,19,38,-19
109000182,38,34,4
109000183,46,38,8
109000184,50,12,38
109000185,27,38,-11
109000188,365,1451,-1086
109000189,1628,742,886
109000190,435,337,98
109000191,296,365,-69
109000192,265,140,125
109000193,152,247,-95
109000194,223,88,135
109000195,106,276,-170
109000196,218,89,129
109000197,158,311,-153
109000198,299,64,235
109000199,120,392,-272
109000206,176,27,149
109000207,75,21,54
109000208,60,41,19
109000209,124,155,-31
109000210,178,435,-257
109000211,405,409,-4
109000214,420,347,73
109000215,106,80,26
109000216,180,245,-65
109000217,144,91,53
109000218,223,183,40
109000221,507,911,-404
109000222,886,289,597
109000223,243,259,-16
109000224,44,140,-96
109000225,70,55,15
109000226,57,167,-110
109000227,686,764,-78
109000228,3,1090,-1087
109000231,3,226,-223
109000232,286,261,25
109000236,211,639,-428
109000241,1966,1901,65
109000242,1819,1251,568
109000293,15,66,-51
109000361,143,284,-141
109000364,170,423,-253
109000396,3,407,-404
109000397,351,5,346
109000399,154,424,-270
109000400,80,222,-142
109000403,97,680,-583
109000406,399,7,392
109000407,257,168,89
109000408,0,321,-321
109000410,799,311,488
109000411,181,35,146
109900001,53,1,52
109900002,813,18,795
109900003,178,0,178
109900004,845,107,738
109900005,23,1,22
109900006,308,145,163
109900007,539,391,148
109900008,1,30,-29
109900009,105,395,-290
109900010,471,13,458
109900011,90,59,31
109900012,179,197,-18
109900013,314,143,171
109900014,393,34,359
109900015,379,204,175
109900016,129,16,113
109900017,147,256,-109
109900018,201,46,155
109900019,188,36,152
109900020,25,53,-28
109900021,38,29,9
109900022,108,143,-35
109900023,12,10,2
109900024,24,2,22
109900025,36,38,-2
109900026,1,94,-93
109900027,64,52,12
109900028,1176,729,447
109900029,6,231,-225
109900030,26,5,21
109900031,0,81,-81
109900032,11,288,-277
109900033,1,400,-399
109900034,36,1,35
109900035,5,12,-7
109900036,10,62,-52
109900037,20,472,-452
109900038,37,238,-201
109900039,11,0,11
109900040,22,408,-386
109900041,65,254,-189
109900042,18,358,-340
109900044,73,196,-123
109900045,307,117,190
109900046,57,106,-49
109900047,218,242,-24
109900048,2,82,-80
109900049,5,31,-26
109900050,0,146,-146
109900051,1,47,-46
109900052,78,234,-156
109900053,1,221,-220
109900054,464,191,273
109900055,42,230,-188
109900056,40,154,-114
109900057,12,139,-127
109900058,2,66,-64
109900059,551,117,434
109900060,401,111,290
109900061,48,230,-182
109900062,2,129,-127
109900063,6,310,-304
109900064,462,192,270
109900065,70,142,-72
109900066,310,710,-400
109900067,2,212,-210
109900068,46,10,36
109900069,4,48,-44
109900070,19,282,-263
109900071,6,29,-23
109900072,24,147,-123
109900073,322,335,-13
109900074,15,41,-26
109900075,17,17,0
109900076,9,250,-241
109900077,47,57,-10
109900078,109,156,-47
109900080,64,212,-148
109900081,22,219,-197
109900082,22,247,-225
109900083,29,59,-30
109900084,59,118,-59
109900085,177,507,-330
109900086,130,256,-126
109900087,305,402,-97
109900089,558,245,313
109900090,370,782,-412
109900091,248,78,170
109900092,380,24,356
109900093,736,132,604
109900094,84,100,-16
109900095,89,122,-33
109900096,16,6,10
109900097,62,1,61
109900098,358,32,326
109900099,139,0,139
109900100,37,0,37
109900101,319,9,310
109900102,515,18,497
109900103,39,24,15
109900104,443,580,-137
109900105,447,37,410
109900106,272,60,212
109900107,288,51,237
109900108,86,210,-124
109900109,34,117,-83
109900110,81,247,-166
109900111,225,644,-419
109900112,213,405,-192
109900113,556,402,154
109900114,943,557,386
109900115,124,77,47
109900117,666,98,568
109900118,215,362,-147
109900119,567,276,291
109900120,62,56,6
109900121,284,437,-153
109900122,421,7,414
109900123,17,110,-93
109900124,33,440,-407
109900125,3,107,-104
109900126,283,83,200
109900128,172,36,136
109900130,4878,1947,2931
109900131,42,113,-71
109900132,27,122,-95
109900133,84,232,-148
109900134,83,81,2
109900135,401,52,349
109900136,38,110,-72
109900137,80,220,-140
109900140,193,128,65
109900142,914,218,696
109900145,5,459,-454
109900146,432,52,380
109900148,55,66,-11
109900149,46,68,-22
109900150,11,113,-102
109900151,7,55,-48
109900152,2,32,-30
109900153,0,65,-65
109900154,60,1,59
109900155,96,27,69
109900157,41,176,-135
109900158,42,131,-89
109900159,150,27,123
109900160,154,23,131
109900161,215,50,165
109900162,159,98,61
109900163,517,216,301
109900164,34,183,-149
109900165,217,3,214
109900166,1,119,-118
109900167,140,370,-230
109900168,188,477,-289
109900169,144,143,1
109900170,223,601,-378
109900171,126,74,52
109900172,132,169,-37
109900173,2241,1793,448
109900174,39,83,-44
109900175,35,66,-31
109900176,73,96,-23
109900177,23,154,-131
109900178,9,124,-115
109900179,82,20,62
109900180,8,21,-13
110000001,811,509,302
110000002,576,699,-123
110000003,861,645,216
110000004,542,606,-64
110000005,350,1282,-932
110000006,258,313,-55
110000007,108,94,14
110000008,13,32,-19
110000009,52,23,29
110000010,42,50,-8
110000011,56,58,-2
110000012,457,364,93
110000013,36,461,-425
110000014,542,352,190
110000015,207,408,-201
110000016,207,1252,-1045
110000017,2051,224,1827
110000018,1816,341,1475
110000019,10,87,-77
110000020,306,186,120
110000021,375,314,61
110000022,465,141,324
110000023,11,114,-103
110000024,535,263,272
110000025,354,3,351
110000026,3,223,-220
110000027,940,518,422
110000028,649,523,126
110000029,443,562,-119
110000030,198,274,-76
110000031,256,401,-145
110000032,564,333,231
110000033,366,64,302
110000034,387,455,-68
110000035,703,332,371
110000036,587,448,139
110000037,178,264,-86
110000038,221,442,-221
110000039,576,2057,-1481
110000040,219,258,-39
110000041,202,1044,-842
110000042,82,224,-142
110000043,562,220,342
110000044,57,195,-138
110000045,471,94,377
110000046,17,18,-1
110000047,97,23,74
110000048,12,24,-12
110000049,93,25,68
110000050,16,28,-12
110000051,55,12,43
110000052,46,32,14
110000053,72,9,63
110000054,141,229,-88
110000055,513,37,476
110000056,227,95,132
110000057,328,492,-164
110000058,920,376,544
110000059,759,443,316
110000060,585,830,-245
110000061,644,656,-12
110000062,603,896,-293
110000063,23,90,-67
110000064,94,44,50
110000065,51,46,5
110000066,36,24,12
110000067,77,137,-60
110000068,263,107,156
110000069,127,68,59
110000071,105,75,30
110000073,8,17,-9
110000075,14,83,-69
110000076,227,233,-6
110000077,291,678,-387
110000078,29,34,-5
110000080,240,545,-305
110000081,41,219,-178
110000082,50,285,-235
110000083,198,509,-311
110000084,950,614,336
110000085,1630,1363,267
110000086,1099,1673,-574
110000087,8,54,-46
110000088,57,181,-124
110000089,174,70,104
110000090,73,147,-74
110000091,763,254,509
110000092,22,45,-23
110000093,34,8,26
110000094,385,180,205
110000095,149,492,-343
110000096,1686,1672,14
110000097,964,979,-15
110000098,1668,530,1138
110000099,572,1275,-703
110000100,643,315,328
110000101,24,268,-244
110000102,63,53,10
110000104,353,134,219
110000105,72,282,-210
110000106,471,337,134
110000107,252,260,-8
110000108,110,55,55
110000109,213,261,-48
110000110,2230,3756,-1526
110000111,4034,2255,1779
110000112,1155,1047,108
110000113,315,1658,-1343
110000114,142,456,-314
110000115,247,250,-3
110000116,38,36,2
110000117,124,227,-103
110000118,303,107,196
110000119,159,259,-100
110000120,317,107,210
110000121,77,280,-203
110000122,382,485,-103
110000123,454,546,-92
110000124,1,741,-740
110000125,918,6,912
110000126,280,23,257
110000127,978,44,934
110000128,39,1062,-1023
110000129,5,435,-430
110000130,289,159,130
110000131,82,270,-188
110000132,3,610,-607
110000133,29,295,-266
110000134,12,272,-260
110000135,157,32,125
110000136,42,236,-194
110000137,450,484,-34
110000138,683,590,93
110000139,658,864,-206
110000140,801,589,212
110000143,457,314,143
110000144,4761,1546,3215
110000145,2030,842,1188
110000146,1469,525,944
110000147,283,431,-148
110000148,462,205,257
110000151,847,764,83
110000152,643,350,293
110000153,60,36,24
110000154,16,29,-13
110000155,1287,3865,-2578
110000156,1033,2231,-1198
110000157,1583,1677,-94
110000160,278,177,101
110000161,132,167,-35
110000166,380,82,298
110000167,654,521,133
110000168,824,378,446
110000169,805,291,514
110000170,85,57,28
110000171,538,129,409
110000172,134,629,-495
110000173,937,917,20
110000174,145,649,-504
110000175,467,36,431
110000176,53,224,-171
110000177,118,646,-528
110000178,318,992,-674
110000179,996,302,694
110000180,183,200,-17
110000181,276,345,-69
110000182,330,109,221
110000183,6231,4527,1704
110000184,278,1601,-1323
110000185,695,584,111
110000186,641,547,94
110000191,793,305,488
110000192,390,10,380
110000193,840,10,830
110000194,9,994,-985
110000195,383,269,114
110000196,309,237,72
110000197,68,120,-52
110000198,137,65,72
110000199,108,107,1
110000200,965,391,574
110000201,573,852,-279
110000202,1111,587,524
110000203,689,637,52
110000204,10,180,-170
110000205,84,42,42
110000206,587,1067,-480
110000207,756,355,401
110000208,167,187,-20
110000209,117,690,-573
110000210,880,430,450
110000211,633,510,123
110000212,314,824,-510
110000213,117,66,51
110000214,213,71,142
110000215,188,265,-77
110000216,101,247,-146
110000217,202,130,72
110000218,116,208,-92
110000219,223,74,149
110000220,80,250,-170
110000221,244,51,193
110000222,68,185,-117
110000223,6,118,-112
110000224,80,9,71
110000225,200,585,-385
110000226,234,65,169
110000227,522,505,17
110000228,247,161,86
110000229,1,230,-229
110000230,471,496,-25
110000231,129,184,-55
110000232,121,185,-64
110000233,148,225,-77
110000234,515,446,69
110000235,783,822,-39
110000236,395,656,-261
110000237,1602,1065,537
110000238,1009,1191,-182
110000239,1597,1054,543
110000240,0,59,-59
110000242,0,18,-18
110000243,80,136,-56
110000244,147,258,-111
110000245,36,322,-286
110000246,675,401,274
110000247,1042,3712,-2670
110000248,1555,1024,531
110000249,69,15,54
110000250,23,156,-133
110000251,206,373,-167
110000252,125,127,-2
110000253,1154,564,590
110000254,520,797,-277
110000255,196,656,-460
110000256,346,243,103
110000257,600,346,254
110000258,7,284,-277
110000259,93,15,78
110000260,14,154,-140
110000263,432,102,330
110000264,301,414,-113
110000265,836,1426,-590
110000266,1522,2270,-748
110000267,20,125,-105
110000268,291,352,-61
110000269,1,50,-49
110000270,29,4,25
110000271,1118,207,911
110000272,1091,764,327
110000273,2918,1314,1604
110000274,164,1028,-864
110000275,1429,426,1003
110000276,243,262,-19
110000277,252,257,-5
110000278,235,527,-292
110000279,676,567,109
110000280,371,347,24
110000281,35,274,-239
110000282,261,29,232
110000283,54,93,-39
110000284,55,56,-1
110000285,3,448,-445
110000286,31,0,31
110000287,61,1,60
110000288,3,85,-82
110000289,320,1360,-1040
110000290,730,445,285
110000291,3305,999,2306
110000292,1098,3083,-1985
110000293,503,495,8
110000294,782,858,-76
110000295,78,561,-483
110000296,322,264,58
110000297,1718,246,1472
110000298,187,502,-315
110000299,227,61,166
110000301,202,13,189
110000302,314,748,-434
110000303,310,4,306
110000304,163,197,-34
110000305,876,20,856
110000306,162,866,-704
110000307,1386,8,1378
110000308,417,5,412
110000309,2,559,-557
110000310,571,47,524
110000311,24,485,-461
110000312,369,87,282
110000313,1767,2563,-796
110000314,1,188,-187
110000315,2870,2208,662
110000316,384,1008,-624
110000317,324,262,62
110000318,1,43,-42
110000319,13,22,-9
110000320,49,29,20
110000321,6,25,-19
110000322,280,235,45
110000323,253,119,134
110000324,2422,1329,1093
110000325,2189,2050,139
110000327,393,173,220
110000328,157,270,-113
110000333,577,443,134
110000334,674,1059,-385
110000335,606,364,242
110000336,531,853,-322
110000337,992,445,547
110000338,434,150,284
110000339,236,183,53
110000340,65,118,-53
110000341,361,395,-34
110000342,391,6,385
110000343,3,24,-21
110000344,44,120,-76
110000345,77,81,-4
110000346,2106,1512,594
110000347,1022,611,411
110000348,27,17,10
110000349,14,16,-2
110000350,48,10,38
110000351,777,627,150
110000352,625,1146,-521
110000353,2033,631,1402
110000354,794,2033,-1239
110000355,75,58,17
110000356,437,9,428
110000357,235,9,226
110000361,15,35,-20
110000362,59,12,47
110000363,317,113,204
110000364,136,289,-153
110000365,116,0,116
110000366,0,73,-73
110000367,296,175,121
110000368,2,47,-45
110000369,31,5,26
110000373,3,295,-292
110000374,99,9,90
110000375,110,660,-550
110000376,29,90,-61
110000377,92,355,-263
110000378,20,273,-253
110000379,2149,1189,960
110000380,74,11,63
110000383,2,736,-734
110000384,1906,704,1202
110000385,1,173,-172
110000387,71,21,50
110000388,22,185,-163
110000389,700,7,693
110000391,425,267,158
110000396,111,105,6
110000397,125,114,11
110000398,5,49,-44
110000399,119,1,118
110000587,67,32,35
110000589,187,120,67
110000640,121,32,89
110000652,13,129,-116
110000653,218,328,-110
110000654,181,209,-28
110000656,1,548,-547
110000674,28,6,22
110000675,13,11,2
110000676,1,17,-16
110000679,310,920,-610
110000682,68,137,-69
110000683,219,412,-193
110000684,3,31,-28
110000685,5,19,-14
110000686,3,23,-20
110000687,18,2,16
110000688,45,632,-587
110000689,26,18,8
110000692,42,78,-36
110000693,49,181,-132
110000694,0,139,-139
110000695,133,411,-278
110000696,52,73,-21
110900001,253,17,236
110900002,351,143,208
110900003,611,385,226
110900004,345,124,221
110900005,1978,1515,463
110900006,35,5,30
110900007,111,17,94
110900008,7,72,-65
110900009,309,96,213
110900010,5,51,-46
110900011,19,86,-67
110900012,11,59,-48
110900013,736,98,638
110900014,130,13,117
110900015,371,461,-90
110900016,21,82,-61
110900017,320,17,303
110900018,353,55,298
110900019,132,14,118
110900020,41,161,-120
110900021,42,392,-350
110900022,60,207,-147
110900023,74,336,-262
110900024,14,306,-292
110900025,1,26,-25
110900027,32,182,-150
110900028,24,108,-84
110900029,24,236,-212
110900030,30,189,-159
110900031,4,127,-123
110900032,0,59,-59
110900033,40,95,-55
110900035,16,432,-416
110900036,76,11,65
110900037,39,11,28
110900038,680,134,546
110900039,18,196,-178
110900040,161,33,128
110900041,7,86,-79
110900042,102,47,55
110900043,2,96,-94
110900044,144,21,123
110900045,50,351,-301
110900046,38,205,-167
110900047,389,180,209
110900049,40,51,-11
110900050,15,10,5
110900051,37,186,-149
110900052,1,96,-95
110900053,68,21,47
110900054,36,159,-123
110900055,24,2,22
110900056,37,98,-61
110900057,2,98,-96
110900058,188,147,41
110900059,514,380,134
110900060,349,93,256
110900061,23,43,-20
110900062,127,205,-78
110900063,35,61,-26
110900064,18,0,18
110900065,376,123,253
110900066,7,52,-45
110900067,239,422,-183
110900068,181,193,-12
110900069,6,19,-13
110900070,82,63,19
110900071,197,341,-144
110900073,0,30,-30
110900074,280,61,219
110900075,291,66,225
110900077,573,544,29
110900078,13,20,-7
110900079,1832,1215,617
110900080,112,78,34
110900081,0,20,-20
110900082,95,78,17
110900083,103,60,43
110900084,21,32,-11
110900085,28,210,-182
110900086,55,312,-257
110900087,232,47,185
110900088,14,1,13
110900090,29,31,-2
110900091,0,46,-46
110900093,140,89,51
110900095,36,31,5
110900097,16,11,5
110900098,19,72,-53
110900099,37,286,-249
110900100,0,21,-21
110900102,58,22,36
110900105,342,191,151
110900108,6,56,-50
110900111,350,113,237
110900112,676,7,669
110900113,526,30,496
110900115,3,50,-47
110900116,511,1296,-785
110900118,87,2033,-1946
110900119,2543,286,2257
110900120,11,117,-106
110900121,110,3,107
110900122,352,203,149
110900125,301,380,-79
110900127,518,1138,-620
110900128,379,412,-33
110900129,373,770,-397
110900130,905,583,322
110900131,136,38,98
110900132,209,26,183
110900133,38,170,-132
110900135,43,227,-184
110900136,207,21,186
110900138,0,0,0
110900139,8,0,8
110900140,0,0,0
110900141,317,127,190
110900142,38,118,-80
110900143,117,64,53
110900144,2,585,-583
110900145,146,29,117
110900146,270,92,178
110900147,139,241,-102
110900148,5,304,-299
110900149,6,57,-51
110900150,47,26,21
110900151,4,61,-57
110900152,30,191,-161
110900153,133,40,93
111000001,458,527,-69
111000002,860,597,263
111000003,861,561,300
111000004,403,830,-427
111000005,1026,935,91
111000006,822,1461,-639
111000007,3336,2406,930
111000008,1806,2859,-1053
111000009,376,708,-332
111000010,768,223,545
111000011,387,883,-496
111000012,786,302,484
111000013,321,899,-578
111000014,1506,576,930
111000017,140,856,-716
111000018,254,379,-125
111000020,736,2442,-1706
111000021,56,86,-30
111000023,85,78,7
111000025,3243,2813,430
111000029,96,94,2
111000030,41,96,-55
111000031,1677,1151,526
111000032,448,321,127
111000033,254,348,-94
111000034,182,124,58
111000037,1341,1098,243
111000038,3279,2200,1079
111000039,1768,2049,-281
111000040,1670,2045,-375
111000041,1650,1722,-72
111000042,2663,2414,249
111000043,1546,2508,-962
111000044,1501,961,540
111000045,1927,1833,94
111000046,1259,1534,-275
111000047,1868,2914,-1046
111000049,370,388,-18
111000050,1195,1208,-13
111000051,381,932,-551
111000052,515,1450,-935
111000053,319,749,-430
111000054,294,706,-412
111000055,1080,1442,-362
111000056,142,427,-285
111000057,80,410,-330
111000058,360,82,278
111000059,340,275,65
111000060,3102,1083,2019
111000061,356,351,5
111000062,595,297,298
111000063,1427,716,711
111000064,431,416,15
111000065,922,705,217
111000066,345,263,82
111000067,370,580,-210
111000068,534,983,-449
111000069,1485,1887,-402
111000070,1195,961,234
111000071,256,623,-367
111000072,963,445,518
111000073,293,705,-412
111000074,1418,1452,-34
111000075,973,523,450
111000076,417,484,-67
111000077,1640,1647,-7
111000078,2460,1454,1006
111000079,1238,822,416
111000080,492,589,-97
111000081,1330,3131,-1801
111000082,575,590,-15
111000084,738,474,264
111000085,929,1301,-372
111000086,2152,1019,1133
111000087,606,666,-60
111000088,3808,1967,1841
111000089,664,725,-61
111000090,929,1271,-342
111000091,691,478,213
111000092,1118,786,332
111000093,483,945,-462
111000094,1329,888,441
111000095,548,1896,-1348
111000096,1591,6250,-4659
111000097,3803,1634,2169
111000098,819,1086,-267
111000099,531,1614,-1083
111000100,286,1326,-1040
111000101,363,635,-272
111000102,212,361,-149
111000104,524,134,390
111000107,70,463,-393
111000109,363,210,153
111000110,1167,592,575
111000111,1830,526,1304
111000112,1372,623,749
111000113,898,1409,-511
111000114,2223,3047,-824
111000115,5002,1148,3854
111000116,797,791,6
111000117,409,775,-366
111000118,1231,771,460
111000119,834,915,-81
111000120,393,552,-159
111000121,245,662,-417
111000122,537,986,-449
111000123,873,2323,-1450
111000124,396,2056,-1660
111000125,216,1242,-1026
111000126,97,827,-730
111000127,736,189,547
111000128,1266,276,990
111000129,1971,461,1510
111000130,1498,575,923
111000131,1148,535,613
111000132,1123,646,477
111000133,179,129,50
111000134,123,82,41
111000135,36,118,-82
111000136,320,309,11
111000138,12,8,4
111000140,10,14,-4
111000141,233,369,-136
111000142,10,120,-110
111000143,7,128,-121
111000144,53,404,-351
111000145,2645,32,2613
111000146,181,15,166
111000147,447,70,377
111000148,182,62,120
111000149,5,36,-31
111000150,36,8,28
111000151,2,33,-31
111000153,551,613,-62
111000154,776,153,623
111000155,77,135,-58
111000156,341,517,-176
111000157,280,884,-604
111000158,732,539,193
111000159,1950,691,1259
111000160,466,276,190
111000161,12,251,-239
111000162,99,164,-65
111000163,730,855,-125
111000164,650,3233,-2583
111000165,915,441,474
111000166,2095,417,1678
111000167,153,413,-260
111000168,193,339,-146
111000169,308,571,-263
111000170,530,366,164
111000171,478,529,-51
111000172,197,357,-160
111000173,354,721,-367
111000174,172,304,-132
111000175,58,274,-216
111000176,260,127,133
111000177,289,228,61
111000178,965,244,721
111000179,163,136,27
111000180,164,408,-244
111000181,765,215,550
111000182,151,173,-22
111000183,197,297,-100
111000184,286,190,96
111000185,318,374,-56
111000186,265,246,19
111000187,101,204,-103
111000188,165,315,-150
111000189,961,513,448
111000190,180,316,-136
111000191,169,342,-173
111000192,202,494,-292
111000193,243,226,17
111000194,56,275,-219
111000195,126,256,-130
111000196,50,168,-118
111000197,317,126,191
111000198,419,110,309
111000199,145,136,9
111000200,292,282,10
111000201,499,190,309
111000202,194,144,50
111000203,236,190,46
111000204,466,807,-341
111000213,206,431,-225
111000214,1246,1205,41
111000215,992,1210,-218
111000217,1271,805,466
111000218,881,873,8
111000219,417,197,220
111000220,1324,536,788
111000221,806,111,695
111000224,54,295,-241
111000225,393,298,95
111000226,99,2,97
111000227,26,9,17
111000228,28,248,-220
111000229,27,606,-579
111000230,216,281,-65
111000231,954,636,318
111000232,369,743,-374
111000233,767,629,138
111000234,101,302,-201
111000239,123,109,14
111000240,32,147,-115
111000241,47,231,-184
111000242,131,34,97
111000243,69,390,-321
111000244,336,78,258
111000245,872,367,505
111000246,428,328,100
111000247,249,676,-427
111000248,504,470,34
111000249,353,496,-143
111000250,40,57,-17
111000251,36,70,-34
111000253,12,10,2
111000255,20,4,16
111000257,31,23,8
111000260,55,822,-767
111000261,1099,88,1011
111000271,60,267,-207
111000273,2728,1391,1337
111000274,1012,1709,-697
111000275,126,59,67
111000276,235,1550,-1315
111000277,126,361,-235
111000278,528,210,318
111000291,634,3791,-3157
111000298,435,159,276
111000299,531,116,415
111000300,78,443,-365
111000302,238,52,186
111000303,68,182,-114
111000312,40,60,-20
111000315,9,115,-106
111000320,252,608,-356
111000321,218,106,112
111000322,378,387,-9
111000323,134,20,114
111000324,297,283,14
111000325,20,52,-32
111000326,181,303,-122
111000327,385,360,25
111000328,199,410,-211
111000329,3,46,-43
111000330,56,11,45
111000331,22,2,20
111000332,470,1162,-692
111000334,334,983,-649
111000335,714,267,447
111000337,984,404,580
111000338,59,120,-61
111000339,545,264,281
111000340,93,402,-309
111000341,964,752,212
111000342,406,972,-566
111000344,845,634,211
111000345,368,87,281
111000346,43,116,-73
111000347,127,26,101
111000350,187,99,88
111000351,147,243,-96
111000352,169,95,74
111000353,86,209,-123
111000354,368,91,277
111000355,273,418,-145
111000358,160,874,-714
111000360,195,488,-293
111000361,122,199,-77
111000546,455,510,-55
111000547,340,298,42
111000548,71,317,-246
111000549,235,227,8
111000550,87,642,-555
111000551,639,150,489
111000552,2763,207,2556
111000907,420,7,413
111000908,33,0,33
111000916,1238,293,945
111000917,35,395,-360
111000918,199,652,-453
111000920,415,36,379
111000921,5,156,-151
111000922,323,260,63
111000924,47,471,-424
111000925,1850,1686,164
111000926,762,1493,-731
111000927,2471,3738,-1267
111000928,3560,3384,176
111000929,882,992,-110
111000930,612,2161,-1549
111000931,1695,2361,-666
111000932,3467,2186,1281
111000933,3054,1889,1165
111000934,1889,3351,-1462
111000935,1101,840,261
111000936,944,1910,-966
111000937,791,1242,-451
111000938,1337,1532,-195
111000939,385,71,314
111000940,288,131,157
111000941,257,307,-50
111000943,274,195,79
111000944,121,266,-145
111000945,66,1111,-1045
111001109,455,266,189
111001110,108,457,-349
111001111,67,15,52
111001112,184,8,176
111001113,2,203,-201
111001114,806,112,694
111001115,96,374,-278
111001116,4013,3402,611
111001117,596,2769,-2173
111001120,81,203,-122
111001121,174,192,-18
111001122,200,404,-204
111001123,197,112,85
111001124,64,179,-115
111001125,2,93,-91
111001126,13,77,-64
111900001,2,63,-61
111900002,6,477,-471
111900003,1,246,-245
111900004,43,74,-31
111900006,7,24,-17
111900007,108,6,102
111900008,121,4,117
111900009,100,49,51
111900010,360,452,-92
111900012,36,81,-45
111900013,17,59,-42
111900014,4288,2766,1522
111900015,0,42,-42
111900016,0,99,-99
111900017,1,85,-84
111900018,155,4,151
111900019,5,72,-67
111900020,0,47,-47
111900021,42,85,-43
111900022,10,69,-59
111900023,83,106,-23
111900024,11,50,-39
111900025,0,24,-24
111900026,1,92,-91
111900027,1,131,-130
111900028,1,311,-310
111900029,2,70,-68
111900030,30,311,-281
111900031,4,12,-8
111900032,1,326,-325
111900033,7,73,-66
111900034,291,396,-105
111900035,22,133,-111
111900036,1,240,-239
111900038,304,526,-222
111900039,29,353,-324
111900040,4,410,-406
111900042,8,107,-99
111900043,3,274,-271
111900044,327,173,154
111900046,39,123,-84
111900048,183,559,-376
111900049,43,185,-142
111900050,74,25,49
111900051,1,147,-146
111900052,434,381,53
111900053,889,931,-42
111900054,92,4,88
111900055,31,333,-302
111900056,127,238,-111
111900057,78,29,49
111900058,280,472,-192
111900059,1327,401,926
111900060,271,2,269
111900061,10,181,-171
111900062,5,72,-67
111900063,373,174,199
111900064,127,225,-98
111900065,47,15,32
111900066,91,95,-4
111900067,1,272,-271
111900068,26,26,0
111900069,51,25,26
111900070,88,93,-5
111900071,1,160,-159
111900072,28,14,14
111900073,608,124,484
111900074,11,128,-117
111900075,60,6,54
111900076,118,54,64
111900077,21,0,21
111900078,156,17,139
111900079,35,19,16
111900080,218,252,-34
111900082,85,32,53
111900083,107,9,98
111900084,69,3,66
111900085,25,96,-71
111900086,23,4,19
111900087,73,0,73
111900088,404,5,399
111900089,76,3,73
111900090,64,20,44
111900091,209,3,206
111900092,66,1,65
111900093,263,5,258
111900094,98,1,97
111900095,133,20,113
111900096,106,2,104
111900097,47,0,47
111900098,169,0,169
111900099,47,0,47
111900100,63,2,61
111900101,62,20,42
111900102,282,366,-84
111900103,69,63,6
111900104,111,52,59
111900105,225,139,86
111900106,652,45,607
111900110,1299,309,990
111900111,182,111,71
111900112,400,1568,-1168
111900113,209,86,123
111900118,246,79,167
111900119,276,154,122
111900122,115,74,41
111900123,21,17,4
111900124,31,64,-33
111900125,332,35,297
111900126,231,2,229
111900127,3,583,-580
111900128,1,380,-379
111900129,273,22,251
111900130,213,30,183
111900131,389,1,388
111900132,34,662,-628
111900133,7,279,-272
111900134,7,166,-159
111900135,12,16,-4
111900136,63,125,-62
111900137,75,67,8
111900138,9,72,-63
111900139,14,92,-78
111900140,94,15,79
111900141,92,17,75
111900142,71,28,43
111900143,24,122,-98
111900144,0,78,-78
111900145,1,303,-302
111900146,1,162,-161
111900147,93,302,-209
111900148,13,467,-454
111900149,4,202,-198
111900150,7,114,-107
111900151,1,18,-17
111900152,65,79,-14
111900153,1135,379,756
111900154,9,159,-150
111900155,42,49,-7
111900156,31,43,-12
111900157,88,29,59
111900158,378,55,323
111900159,174,11,163
111900160,185,0,185
111900161,135,1,134
111900162,60,132,-72
111900163,44,173,-129
111900164,102,47,55
111901113,292,120,172
111901114,148,237,-89
111901115,35,0,35
111901116,24,5,19
111901117,19,18,1
111901118,44,133,-89
111901119,617,29,588
111901121,226,174,52
111901122,4,412,-408
111901123,103,292,-189
111901124,125,2,123
111901125,280,166,114
111901127,381,287,94
111901128,11,44,-33
111901129,4,75,-71
111901130,6,128,-122
111901131,4,177,-173
111901132,48,16,32
111901133,27,2,25
111901134,49,7,42
111901135,18,5,13
111901136,3,19,-16
111901137,0,3,-3
111901138,186,37,149
111901139,18,19,-1
111901140,8,66,-58
111901141,10,82,-72
111901142,9,63,-54
111901143,1,76,-75
111901144,40,42,-2
111901145,107,238,-131
111901146,408,23,385
111901147,314,106,208
111901148,29,58,-29
111901149,5,5,0
112000001,1595,625,970
112000002,631,1906,-1275
112000003,914,813,101
112000004,528,791,-263
112000005,2626,3070,-444
112000006,2142,1736,406
112000007,2154,1621,533
112000008,1890,3258,-1368
112000009,2926,2613,313
112000010,2220,2551,-331
112000011,1467,1385,82
112000012,3362,3161,201
112000013,4241,2452,1789
112000014,2595,1371,1224
112000015,3362,2509,853
112000016,3539,998,2541
112000017,1594,1755,-161
112000024,2162,1107,1055
112000026,3154,4248,-1094
112000027,748,516,232
112000028,1315,1374,-59
112000029,357,592,-235
112000030,145,70,75
112000031,1034,3564,-2530
112000032,416,62,354
112000033,1590,1342,248
112000034,265,41,224
112000035,91,280,-189
112000036,757,642,115
112000037,798,511,287
112000038,1120,633,487
112000039,63,52,11
112000040,116,236,-120
112000041,489,406,83
112000042,976,407,569
112000050,1103,1152,-49
112000051,823,967,-144
112000054,1666,1705,-39
112000057,399,331,68
112000058,267,493,-226
112000059,411,627,-216
112000061,2678,1865,813
112000062,1276,496,780
112000063,981,1273,-292
112000064,3459,4564,-1105
112000065,1620,2041,-421
112000066,3084,1340,1744
112000067,738,657,81
112000068,2770,2203,567
112000069,620,1543,-923
112000070,1720,782,938
112000071,844,2178,-1334
112000072,1887,795,1092
112000073,1428,1963,-535
112000074,1374,1000,374
112000075,1313,1114,199
112000076,3040,2257,783
112000077,503,403,100
112000078,1529,593,936
112000079,1160,1011,149
112000080,668,658,10
112000081,1302,1961,-659
112000082,1330,809,521
112000083,587,1091,-504
112000084,1010,832,178
112000085,877,762,115
112000086,1465,1213,252
112000087,409,419,-10
112000088,574,544,30
112000089,302,236,66
112000090,261,276,-15
112000091,610,962,-352
112000092,1679,1135,544
112000093,1427,869,558
112000094,601,858,-257
112000095,523,760,-237
112000096,479,618,-139
112000097,897,539,358
112000098,822,789,33
112000099,484,1272,-788
112000100,1319,742,577
112000101,508,854,-346
112000102,905,486,419
112000103,256,916,-660
112000105,527,1319,-792
112000106,1381,430,951
112000107,58,132,-74
112000108,239,1282,-1043
112000109,145,79,66
112000110,1623,492,1131
112000111,885,2506,-1621
112000112,3096,597,2499
112000113,674,1438,-764
112000114,1973,780,1193
112000115,249,292,-43
112000116,406,831,-425
112000117,839,751,88
112000118,999,816,183
112000119,434,764,-330
112000120,74,311,-237
112000121,107,380,-273
112000122,263,134,129
112000123,541,187,354
112000124,315,91,224
112000125,216,234,-18
112000126,169,402,-233
112000127,1788,1525,263
112000128,734,481,253
112000129,120,85,35
112000130,182,74,108
112000131,34,253,-219
112000132,81,214,-133
112000133,344,164,180
112000134,281,293,-12
112000135,865,594,271
112000136,859,1131,-272
112000137,1253,1245,8
112000138,1215,1111,104
112000139,787,473,314
112000140,1030,984,46
112000141,532,289,243
112000142,185,492,-307
112000143,854,219,635
112000144,299,1125,-826
112000145,1857,509,1348
112000146,459,1771,-1312
112000147,2272,1738,534
112000148,1716,1952,-236
112000149,390,478,-88
112000150,190,483,-293
112000151,308,312,-4
112000152,247,383,-136
112000153,172,260,-88
112000154,99,132,-33
112000155,101,70,31
112000157,558,446,112
112000158,229,335,-106
112000159,391,296,95
112000167,271,72,199
112000169,284,364,-80
112000173,538,193,345
112000175,343,312,31
112000176,2508,1939,569
112000177,450,139,311
112000178,74,311,-237
112000179,170,91,79
112000180,182,311,-129
112000181,1294,1701,-407
112000182,937,1389,-452
112000183,35,74,-39
112000184,355,289,66
112000185,438,479,-41
112000187,3453,2050,1403
112000195,118,15,103
112000196,227,2,225
112000197,174,137,37
112000198,41,202,-161
112000199,847,838,9
112000202,321,1,320
112000216,54,284,-230
112000230,84,4,80
112000231,1,152,-151
112000256,63,187,-124
112000313,72,112,-40
112000314,48,39,9
112000337,245,477,-232
112000352,267,344,-77
112000392,975,1139,-164
112000398,1037,774,263
112000399,1250,1442,-192
112000400,1461,2590,-1129
112000401,2754,2123,631
112000402,2248,2453,-205
112000403,1534,2333,-799
112000404,573,695,-122
112000405,1603,2441,-838
112000406,3202,2373,829
112000407,5807,6770,-963
112000408,7129,6458,671
112000409,1511,4346,-2835
112000410,386,206,180
112000411,3127,1260,1867
112000412,1370,511,859
112000413,6794,4202,2592
112000414,66,73,-7
112000415,108,30,78
112000416,2035,1241,794
112000417,267,59,208
112000421,34,94,-60
112000422,394,254,140
112000424,1805,2059,-254
112000425,409,750,-341
112000426,80,247,-167
112000427,0,11,-11
112000428,217,279,-62
112000429,1999,2184,-185
112000430,2206,2408,-202
112000431,63,121,-58
112000432,581,979,-398
112000433,316,636,-320
112000437,48,191,-143
112900001,39,2,37
112900002,315,790,-475
112900003,68,322,-254
112900004,54,261,-207
112900005,181,203,-22
112900006,8,264,-256
112900007,35,232,-197
112900008,3,37,-34
112900009,352,73,279
112900010,406,775,-369
112900011,118,228,-110
112900012,0,65,-65
112900013,3,117,-114
112900014,2,189,-187
112900015,378,560,-182
112900016,8,209,-201
112900017,36,160,-124
112900018,2,234,-232
112900019,28,108,-80
112900020,358,888,-530
112900021,5,242,-237
112900022,22,77,-55
112900023,0,153,-153
112900024,22,207,-185
112900025,78,257,-179
112900026,6,153,-147
112900027,4,943,-939
112900028,20,118,-98
112900029,9,503,-494
112900030,111,138,-27
112900031,7,369,-362
112900032,148,202,-54
112900034,2,43,-41
112900035,5,317,-312
112900036,27,105,-78
112900037,155,137,18
112900038,395,122,273
112900039,21,272,-251
112900040,7,272,-265
112900041,548,780,-232
112900042,35,254,-219
112900043,19,25,-6
112900044,434,403,31
112900045,275,272,3
112900046,135,52,83
112900047,12,21,-9
112900049,187,69,118
112900050,33,418,-385
112900051,304,415,-111
112900052,7,690,-683
112900053,174,84,90
112900054,186,39,147
112900055,119,32,87
112900056,305,148,157
112900057,36,440,-404
112900058,295,306,-11
112900059,90,93,-3
112900060,25,124,-99
112900061,69,85,-16
112900062,99,119,-20
112900063,180,20,160
112900064,171,171,0
112900065,45,21,24
112900066,145,106,39
112900067,290,138,152
112900068,46,46,0
112900069,1423,683,740
112900071,30,11,19
112900072,111,1360,-1249
112900073,198,66,132
112900074,58,243,-185
112900075,1016,669,347
112900076,99,27,72
112900078,307,317,-10
112900079,187,29,158
112900080,71,10,61
112900081,51,136,-85
112900082,508,12,496
112900083,94,90,4
112900084,227,120,107
112900086,94,0,94
112900087,487,90,397
112900088,72,17,55
112900089,695,42,653
112900090,34,9,25
112900091,202,4,198
112900092,119,232,-113
112900093,1033,24,1009
112900095,40,0,40
112900096,410,136,274
112900097,48,206,-158
112900098,111,0,111
112900099,578,7,571
112900100,66,0,66
112900101,294,9,285
112900102,102,4,98
112900103,188,13,175
112900104,140,3,137
112900105,14,0,14
112900106,333,110,223
112900107,6,0,6
112900108,36,1,35
112900109,101,0,101
112900110,1032,13,1019
112900111,590,10,580
112900112,253,1,252
112900113,0,16,-16
112900114,121,19,102
112900115,1083,3,1080
112900116,162,21,141
112900117,105,54,51
112900118,23,71,-48
112900119,140,3,137
112900120,657,212,445
112900121,90,191,-101
112900122,15,79,-64
112900123,105,13,92
112900124,10,82,-72
112900125,48,361,-313
112900126,148,174,-26
112900127,323,113,210
112900128,229,611,-382
112900129,2,667,-665
112900130,237,69,168
112900131,38,219,-181
112900132,114,304,-190
112900133,28,884,-856
112900134,0,203,-203
112900135,64,50,14
112900137,0,409,-409
112900138,4,217,-213
112900139,191,935,-744
112900141,548,36,512
112900142,79,138,-59
112900143,33,412,-379
112900144,1,206,-205
112900145,36,475,-439
112900146,5,889,-884
112900147,2,1375,-1373
112900148,52,0,52
112900149,259,365,-106
112900151,15,72,-57
112900152,2866,761,2105
112900153,1758,1854,-96
112900154,2,111,-109
112900155,218,55,163
112900156,216,971,-755
112900157,386,98,288
112900158,39,14,25
112900159,173,91,82
112900160,77,190,-113
112900161,112,45,67
112900162,18,11,7
112900163,91,45,46
112900164,30,149,-119
112900165,64,28,36
112900166,15,57,-42
112900167,2,51,-49
112900168,4,4,0
112900169,8,26,-18
112900170,75,78,-3
112900172,57,8,49
112900173,146,80,66
112900174,211,42,169
112900175,139,131,8
112900176,9,59,-50
112900177,185,54,131
112900178,702,1644,-942
112900179,42,385,-343
112900180,1326,1159,167
112900181,404,13,391
112900182,57,905,-848
112900183,119,279,-160
112900184,311,289,22
112900185,189,497,-308
112900186,957,777,180
112900187,62,515,-453
112900188,700,289,411
112900189,4,20,-16
112900190,7,39,-32
112900192,470,557,-87
112900193,967,288,679
112900194,40,61,-21
112900195,748,30,718
112900196,208,261,-53
112900197,192,310,-118
112900199,517,429,88
112900200,346,176,170
112900201,118,89,29
112900202,282,626,-344
112900203,207,210,-3
112900204,896,532,364
112900205,18,9,9
112900206,53,108,-55
112900207,18,0,18
112900208,103,248,-145
112900209,505,339,166
112900210,0,23,-23
112900211,65,41,24
112900212,5,81,-76
112900213,94,44,50
112900214,26,13,13
112900215,10,143,-133
112900216,12,54,-42
112900217,2,61,-59
112900218,49,15,34
112900219,69,9,60
112900220,6,0,6
112900221,44,94,-50
112900222,0,21,-21
112900223,875,17,858
112900224,212,352,-140
112900225,293,307,-14
112900226,183,250,-67
112900227,465,947,-482
112900228,35,36,-1
112900229,177,57,120
112900230,5005,2990,2015
112900232,162,256,-94
112900233,68,128,-60
112900234,16,80,-64
112900235,108,39,69
112900236,181,12,169
112900237,193,198,-5
112900238,2,35,-33
112900239,659,363,296
112900240,6,61,-55
112900241,3,58,-55
112900242,4,101,-97
112900243,5,82,-77
112900244,2,20,-18
112900245,0,27,-27
112900246,1,11,-10
112900247,66,29,37
112900248,14,1,13
112900249,23,9,14
112900250,38,20,18
112900251,52,15,37
112900252,27,14,13
112900253,51,2,49
112900254,13,5,8
112900255,1,20,-19
112900256,7,35,-28
112900257,11,37,-26
112900258,0,2,-2
113000001,4844,3754,1090
113000002,3244,3084,160
113000003,1600,1388,212
113000004,1607,2064,-457
113000005,1415,746,669
113000006,864,1190,-326
113000007,1958,993,965
113000008,1504,1534,-30
113000009,806,672,134
113000010,997,1101,-104
113000011,492,1276,-784
113000012,1378,625,753
113000013,1450,693,757
113000014,1585,1356,229
113000015,531,215,316
113000016,315,912,-597
113000017,50,277,-227
113000018,353,47,306
113000019,107,304,-197
113000020,465,71,394
113000021,1120,515,605
113000022,524,816,-292
113000025,159,396,-237
113000026,309,332,-23
113000027,562,423,139
113000028,764,356,408
113000029,660,647,13
113000030,407,564,-157
113000031,289,353,-64
113000032,258,339,-81
113000033,258,427,-169
113000034,308,339,-31
113000035,28,31,-3
113000036,9,44,-35
113000037,51,25,26
113000038,13,36,-23
113000039,59,278,-219
113000040,45,78,-33
113000042,639,522,117
113000051,745,2044,-1299
113000052,1638,697,941
113000053,335,326,9
113000054,330,626,-296
113000055,1004,568,436
113000056,744,813,-69
113000058,745,805,-60
113000059,993,576,417
113000060,190,427,-237
113000061,453,628,-175
113000062,697,187,510
113000063,148,73,75
113000064,24,232,-208
113000065,94,680,-586
113000066,544,96,448
113000067,1667,1108,559
113000068,307,1046,-739
113000069,516,938,-422
113000070,1976,912,1064
113000071,341,487,-146
113000072,671,396,275
113000073,401,1131,-730
113000074,830,311,519
113000075,1805,626,1179
113000076,567,1582,-1015
113000077,988,515,473
113000078,629,1918,-1289
113000079,732,687,45
113000080,655,518,137
113000081,622,704,-82
113000082,927,656,271
113000083,494,847,-353
113000084,1380,1073,307
113000085,715,652,63
113000086,1040,1072,-32
113000087,724,855,-131
113000088,2148,1215,933
113000089,830,1404,-574
113000090,243,454,-211
113000091,433,316,117
113000094,909,157,752
113000095,197,606,-409
113000096,109,568,-459
113000097,777,368,409
113000098,87,25,62
113000099,622,274,348
113000100,115,306,-191
113000101,298,468,-170
113000102,505,387,118
113000103,2012,472,1540
113000104,431,1738,-1307
113000105,601,315,286
113000106,293,455,-162
113000107,682,700,-18
113000108,515,1078,-563
113000109,471,1465,-994
113000110,1118,368,750
113000111,174,405,-231
113000112,313,359,-46
113000113,1200,393,807
113000114,289,1148,-859
113000116,499,275,224
113000117,603,107,496
113000118,108,401,-293
113000119,291,234,57
113000120,52,200,-148
113000121,485,528,-43
113000124,151,91,60
113000125,45,569,-524
113000127,2278,286,1992
113000128,345,496,-151
113000129,411,556,-145
113000133,1630,1451,179
113000134,6,821,-815
113000135,3368,3764,-396
113000137,1604,2681,-1077
113000139,297,138,159
113000140,109,210,-101
113000141,171,150,21
113000142,415,868,-453
113000143,214,174,40
113000144,254,578,-324
113000145,68,120,-52
113000146,131,59,72
113000147,144,113,31
113000148,126,114,12
113000149,87,98,-11
113000150,380,295,85
113000151,75,61,14
113000152,22,56,-34
113000153,1106,438,668
113000154,700,1156,-456
113000155,259,409,-150
113000156,123,356,-233
113000157,283,863,-580
113000158,652,230,422
113000159,685,675,10
113000160,617,930,-313
113000161,202,351,-149
113000162,620,363,257
113000163,56,67,-11
113000164,24,81,-57
113000166,146,83,63
113000167,44,124,-80
113000168,58,140,-82
113000169,155,71,84
113000170,73,75,-2
113000171,53,76,-23
113000172,187,60,127
113000173,40,22,18
113000174,92,433,-341
113000175,311,121,190
113000176,495,146,349
113000177,149,436,-287
113000178,201,293,-92
113000179,249,226,23
113000180,471,927,-456
113000181,1131,786,345
113000182,154,300,-146
113000183,124,543,-419
113000184,7,97,-90
113000189,332,670,-338
113000190,858,535,323
113000192,1652,1514,138
113000193,3470,1142,2328
113000194,1601,992,609
113000195,1924,748,1176
113000196,190,55,135
113000197,1071,855,216
113000198,64,227,-163
113000199,985,237,748
113000201,199,213,-14
113000202,2337,840,1497
113000203,240,96,144
113000204,1315,1487,-172
113000205,14,23,-9
113000206,9,23,-14
113000207,76,15,61
113000208,36,26,10
113000209,17,20,-3
113000210,5,31,-26
113000211,170,220,-50
113000212,137,25,112
113000213,22,126,-104
113000214,155,243,-88
113000234,171,727,-556
113000410,207,179,28
113000411,2329,3791,-1462
113000412,6311,2595,3716
113000413,2404,2706,-302
113000414,6221,10640,-4419
113000415,1947,2709,-762
113000416,7600,3864,3736
113000417,2138,2541,-403
113000418,3622,2662,960
113000419,1337,1551,-214
113000420,3669,4821,-1152
113000421,3577,5225,-1648
113000422,9945,9683,262
113000423,1726,4469,-2743
113000424,2991,8282,-5291
113000425,5,67,-62
113000428,73,82,-9
113000430,22,146,-124
113000432,1902,163,1739
113000433,120,637,-517
113000434,19,112,-93
113000435,42,416,-374
113000436,38,850,-812
113000437,841,23,818
113000438,229,12,217
113000439,12,92,-80
113000440,95,30,65
113000441,210,144,66
113000442,97,126,-29
113000443,178,140,38
113000444,139,130,9
113000445,126,67,59
113000446,39,71,-32
113000448,146,110,36
113000449,126,708,-582
113000450,345,1569,-1224
113000451,853,157,696
113000452,298,375,-77
113000453,95,285,-190
113000454,622,98,524
113000455,58,240,-182
113000456,3093,2221,872
113000468,1298,189,1109
113000469,64,57,7
113000470,287,27,260
113000471,12,336,-324
113000472,83,300,-217
113000474,539,508,31
113000475,1198,1435,-237
113000476,1045,1497,-452
113000477,2552,1794,758
113000478,3387,4956,-1569
113000479,62,156,-94
113000485,3,0,3
113000486,8,0,8
113000487,0,1,-1
113000488,2,0,2
113000489,0,0,0
113000490,0,12,-12
113000491,2,0,2
113000492,0,3,-3
113000493,0,1,-1
113000495,164,159,5
113000496,141,89,52
113000497,0,0,0
113000499,0,0,0
113900001,3,110,-107
113900002,1,47,-46
113900003,0,28,-28
113900004,1,24,-23
113900005,0,41,-41
113900006,0,8,-8
113900007,51,13,38
113900008,34,0,34
113900009,136,0,136
113900010,73,3,70
113900011,40,1,39
113900012,14,7,7
113900013,225,2,223
113900014,488,4,484
113900015,3,53,-50
113900016,26,0,26
113900017,8,37,-29
113900018,313,142,171
113900019,138,43,95
113900020,134,1,133
113900022,15,0,15
113900023,20,1,19
113900024,40,41,-1
113900025,180,12,168
113900026,62,0,62
113900027,3,36,-33
113900028,27,360,-333
113900029,45,149,-104
113900030,154,5,149
113900031,4,1,3
113900032,10,1,9
113900033,47,49,-2
113900035,64,0,64
113900036,35,98,-63
113900037,146,338,-192
113900038,72,101,-29
113900039,106,24,82
113900040,16,14,2
113900041,5,7,-2
113900042,68,33,35
113900043,129,105,24
113900044,383,272,111
113900045,44,2,42
113900046,184,489,-305
113900047,41,72,-31
113900048,174,72,102
113900049,390,205,185
113900050,201,215,-14
113900051,205,316,-111
113900052,123,111,12
113900053,511,425,86
113900054,26,2,24
113900055,114,318,-204
113900056,44,194,-150
113900057,10,43,-33
113900058,49,94,-45
113900059,164,268,-104
113900060,83,207,-124
113900061,786,167,619
113900062,55,11,44
113900063,52,90,-38
113900064,21,80,-59
113900065,384,14,370
113900066,253,212,41
113900067,94,153,-59
113900068,374,295,79
113900069,82,19,63
113900070,139,344,-205
113900071,32,55,-23
113900072,66,139,-73
113900073,170,269,-99
113900074,42,234,-192
113900075,1121,864,257
113900076,101,7,94
113900077,32,134,-102
113900078,41,42,-1
113900079,0,18,-18
113900080,376,191,185
113900081,50,125,-75
113900082,70,144,-74
113900083,193,319,-126
113900084,193,71,122
113900085,43,240,-197
113900086,21,12,9
113900087,50,107,-57
113900088,58,102,-44
113900089,360,45,315
113900090,472,386,86
113900091,22,7,15
113900092,31,57,-26
113900093,80,537,-457
113900094,338,289,49
113900095,110,89,21
113900096,201,45,156
113900097,28,63,-35
113900098,439,68,371
113900099,3,32,-29
113900100,0,1,-1
113900101,12,37,-25
113900102,96,126,-30
113900103,330,228,102
113900104,133,177,-44
113900105,79,159,-80
113900106,1,43,-42
113900107,0,24,-24
113900108,195,192,3
113900109,342,158,184
113900110,21,14,7
113900111,195,137,58
113900112,78,62,16
113900113,615,331,284
113900114,1,66,-65
113900115,3,69,-66
113900116,76,101,-25
113900117,75,8,67
113900118,153,195,-42
113900119,134,439,-305
113900120,48,40,8
113900121,38,58,-20
113900122,244,1371,-1127
113900123,320,218,102
113900124,1,72,-71
113900125,775,83,692
113900126,112,75,37
113900127,217,569,-352
113900128,151,49,102
113900129,9,144,-135
113900130,5,26,-21
113900131,213,83,130
113900132,41,63,-22
113900133,19,76,-57
113900135,254,355,-101
113900136,135,69,66
113900137,290,243,47
113900138,38,105,-67
113900139,197,120,77
113900140,215,257,-42
113900141,375,265,110
113900142,107,92,15
113900143,10,27,-17
113900144,165,165,0
113900145,294,118,176
113900146,115,44,71
113900148,133,251,-118
113900149,139,55,84
113900150,592,351,241
113900151,335,153,182
113900152,7,53,-46
113900153,303,362,-59
113900154,1,88,-87
113900155,139,146,-7
113900156,186,296,-110
113900157,24,234,-210
113900158,278,259,19
113900159,19,220,-201
113900160,316,395,-79
113900161,32,185,-153
113900162,379,563,-184
113900163,209,245,-36
113900164,178,60,118
113900165,514,377,137
113900166,134,109,25
113900167,192,47,145
113900168,68,91,-23
113900169,170,276,-106
113900171,133,85,48
113900172,6,112,-106
113900173,19,444,-425
113900174,385,460,-75
113900175,306,121,185
113900176,252,424,-172
113900177,386,152,234
113900178,173,95,78
113900179,23,331,-308
113900180,139,107,32
113900181,454,106,348
113900182,598,748,-150
113900183,45,70,-25
113900184,19,501,-482
113900185,223,79,144
113900186,39,22,17
113900187,49,125,-76
113900188,30,87,-57
113900189,206,106,100
113900190,222,102,120
113900191,120,178,-58
113900192,4,312,-308
113900193,22,163,-141
113900194,1374,1047,327
113900195,221,334,-113
113900196,4,104,-100
113900197,0,140,-140
113900198,22,182,-160
113900199,133,635,-502
113900200,16,186,-170
113900201,1,129,-128
113900202,30,252,-222
113900203,0,77,-77
113900204,66,420,-354
113900205,17,118,-101
113900206,6,140,-134
113900207,0,46,-46
113900208,1,61,-60
113900209,0,84,-84
113900210,469,572,-103
113900211,129,47,82
113900212,100,308,-208
113900214,363,287,76
113900215,76,95,-19
113900216,79,612,-533
113900217,50,206,-156
113900218,179,59,120
113900219,91,303,-212
113900220,146,92,54
113900221,379,135,244
113900222,218,415,-197
113900223,98,649,-551
113900224,53,54,-1
113900225,432,166,266
113900226,281,78,203
113900227,303,218,85
113900228,236,302,-66
113900229,52,516,-464
113900230,3064,2572,492
113900231,123,134,-11
113900232,66,55,11
113900233,48,69,-21
113900234,236,311,-75
113900235,74,26,48
113900236,103,276,-173
113900237,115,4,111
113900238,154,449,-295
113900239,51,72,-21
113900240,1,155,-154
113900241,86,41,45
113900242,33,92,-59
113900243,101,349,-248
113900244,291,173,118
113900245,1046,195,851
113900246,12,33,-21
113900247,176,402,-226
113900248,2022,1333,689
113900249,626,270,356
113900250,42,151,-109
113900251,578,169,409
113900252,394,13,381
113900253,551,39,512
113900254,703,127,576
113900255,312,12,300
113900256,313,23,290
113900257,46,440,-394
113900258,16,312,-296
113900259,474,130,344
113900260,169,9,160
113900261,19,74,-55
113900262,100,398,-298
113900263,179,525,-346
113900264,10,334,-324
113900265,102,195,-93
113900266,26,150,-124
113900267,64,379,-315
113900268,201,393,-192
113900269,69,97,-28
113900270,304,553,-249
113900271,611,827,-216
113900273,42,16,26
113900274,42,34,8
113900275,18,51,-33
113900276,3,117,-114
113900277,105,6,99
113900278,201,137,64
113900279,62,56,6
113900280,1167,477,690
113900281,618,1190,-572
113900282,531,544,-13
113900283,325,445,-120
113900284,656,267,389
113900285,98,59,39
113900286,14,75,-61
113900287,36,23,13
113900288,6,113,-107
113900289,690,75,615
113900290,268,141,127
113900291,68,162,-94
113900292,3,1,2
113900293,2,172,-170
113900294,337,18,319
113900295,256,265,-9
113900296,1489,383,1106
113900297,1955,51,1904
113900298,10,1419,-1409
113900299,40,149,-109
113900300,3620,2096,1524
113900301,578,267,311
113900302,2034,884,1150
113900303,385,325,60
113900304,0,109,-109
113900305,80,0,80
113900306,26,0,26
113900307,35,0,35
113900308,63,90,-27
113900309,3,829,-826
113900310,0,3,-3
113900311,9,0,9
113900312,196,178,18
113900313,13,5,8
114000001,847,2315,-1468
114000002,188,219,-31
114000003,33,188,-155
114000004,236,263,-27
114000005,205,150,55
114000006,1941,1545,396
114000007,487,756,-269
114000008,905,1175,-270
114000009,480,154,326
114000011,2335,2236,99
114000012,1926,1448,478
114000013,1326,1088,238
114000014,369,184,185
114000015,1348,313,1035
114000016,182,295,-113
114000017,58,176,-118
114000018,168,51,117
114000026,1468,1031,437
114000027,2240,1667,573
114000028,2107,2241,-134
114000038,231,92,139
114000039,85,38,47
114000040,58,161,-103
114000042,165,187,-22
114000043,57,89,-32
114000044,151,20,131
114000045,52,37,15
114000046,3016,3539,-523
114000047,10,43,-33
114000048,49,38,11
114000049,1051,1127,-76
114000050,1199,1682,-483
114000051,2228,1375,853
114000052,3636,1159,2477
114000053,41,439,-398
114000054,213,543,-330
114000055,170,45,125
114000056,1016,707,309
114000057,4132,1781,2351
114000058,434,1039,-605
114000059,171,227,-56
114000060,590,626,-36
114000061,2532,2053,479
114000062,1895,1049,846
114000063,2628,1324,1304
114000064,5049,2783,2266
114000065,1646,1925,-279
114000066,375,526,-151
114000067,25,515,-490
114000068,400,485,-85
114000069,669,371,298
114000070,1775,1541,234
114000071,497,362,135
114000072,226,162,64
114000073,26,52,-26
114000074,40,12,28
114000075,40,56,-16
114000076,16,101,-85
114000077,7,32,-25
114000078,251,371,-120
114000079,94,18,76
114000080,40,61,-21
114000081,56,62,-6
114000082,19,327,-308
114000083,78,153,-75
114000084,247,85,162
114000085,74,334,-260
114000086,122,253,-131
114000087,78,120,-42
114000088,33,31,2
114000089,625,293,332
114000090,731,634,97
114000091,983,639,344
114000092,706,344,362
114000093,981,570,411
114000094,302,300,2
114000095,178,149,29
114000096,99,324,-225
114000097,111,508,-397
114000098,453,79,374
114000099,458,365,93
114000100,1033,597,436
114000101,328,602,-274
114000102,440,284,156
114000103,164,286,-122
114000104,7,162,-155
114000105,83,47,36
114000106,536,672,-136
114000107,211,105,106
114000108,1098,902,196
114000109,391,884,-493
114000110,536,1332,-796
114000111,1298,603,695
114000112,563,1835,-1272
114000113,1102,476,626
114000114,1227,1188,39
114000115,1616,892,724
114000116,531,1113,-582
114000117,2135,378,1757
114000118,1854,426,1428
114000119,1268,409,859
114000120,533,721,-188
114000121,344,606,-262
114000122,426,255,171
114000123,1467,314,1153
114000124,725,216,509
114000125,699,1067,-368
114000126,1312,160,1152
114000127,156,124,32
114000128,746,313,433
114000130,498,469,29
114000131,262,73,189
114000132,388,372,16
114000133,662,947,-285
114000134,73,97,-24
114000138,26,159,-133
114000139,366,201,165
114000144,675,392,283
114000145,47,117,-70
114000146,99,176,-77
114000147,1193,1470,-277
114000148,1836,1574,262
114000149,281,272,9
114000150,545,479,66
114000151,541,1031,-490
114000152,85,31,54
114000153,553,1585,-1032
114000154,604,545,59
114000155,987,1722,-735
114000156,720,469,251
114000157,272,835,-563
114000158,1227,606,621
114000159,183,341,-158
114000160,89,342,-253
114000161,1091,2538,-1447
114000162,932,1955,-1023
114000163,12,81,-69
114000165,420,263,157
114000166,618,278,340
114000167,2312,1293,1019
114000168,682,634,48
114000169,1209,1020,189
114000170,913,942,-29
114000171,875,2388,-1513
114000174,138,452,-314
114000176,502,422,80
114000177,1689,836,853
114000178,42,52,-10
114000179,1113,696,417
114000180,388,755,-367
114000181,1456,2920,-1464
114000182,2520,2052,468
114000183,770,924,-154
114000184,3117,1023,2094
114000185,903,706,197
114000189,679,104,575
114000190,2000,224,1776
114000191,51,73,-22
114000192,248,1260,-1012
114000193,672,2696,-2024
114000194,994,830,164
114000195,121,45,76
114000196,2,202,-200
114000197,919,47,872
114000198,661,328,333
114000199,1737,1441,296
114000200,530,1201,-671
114000201,122,644,-522
114000202,812,477,335
114000203,435,498,-63
114000204,217,403,-186
114000205,150,1180,-1030
114000206,425,1085,-660
114000207,498,1468,-970
114000208,385,2145,-1760
114000209,492,1882,-1390
114000210,236,1082,-846
114000211,808,1213,-405
114000212,547,618,-71
114000213,1100,473,627
114000214,110,160,-50
114000215,191,84,107
114000216,1232,210,1022
114000217,271,144,127
114000218,89,222,-133
114000219,1018,166,852
114000220,13,683,-670
114000221,572,99,473
114000222,135,742,-607
114000223,428,123,305
114000224,57,428,-371
114000225,200,561,-361
114000226,163,190,-27
114000227,654,449,205
114000228,619,705,-86
114000229,942,1080,-138
114000230,1295,1142,153
114000231,664,1076,-412
114000232,502,110,392
114000233,1459,133,1326
114000234,1087,832,255
114000235,934,1256,-322
114000236,0,367,-367
114000237,76,699,-623
114000238,121,129,-8
114000239,144,941,-797
114000240,673,649,24
114000241,305,953,-648
114000242,773,758,15
114000243,1138,801,337
114000244,449,356,93
114000245,295,552,-257
114000246,151,32,119
114000247,481,604,-123
114000248,903,473,430
114000249,391,358,33
114000250,434,712,-278
114000251,329,240,89
114000252,92,52,40
114000253,31,88,-57
114000254,21,50,-29
114000255,365,155,210
114000256,1455,1591,-136
114000257,299,1016,-717
114000258,198,347,-149
114000259,54,157,-103
114000260,0,26,-26
114000261,42,13,29
114000262,119,99,20
114000263,9,4,5
114000264,696,267,429
114000265,0,1,-1
114000267,2,1138,-1136
114000268,7,1233,-1226
114000270,100,5,95
114000271,282,45,237
114000283,866,333,533
114000285,37,189,-152
114000288,93,220,-127
114000289,914,99,815
114000293,114,343,-229
114000294,211,212,-1
114000395,1196,76,1120
114000396,477,362,115
114000402,382,277,105
114000403,238,253,-15
114000405,116,334,-218
114000423,315,276,39
114000424,302,92,210
114000425,677,266,411
114000426,329,745,-416
114000427,62,93,-31
114000428,235,152,83
114000429,13,163,-150
114000432,85,94,-9
114000434,25,57,-32
114000435,0,117,-117
114900001,468,736,-268
114900002,346,64,282
114900003,433,913,-480
114900004,182,405,-223
114900005,455,584,-129
114900006,83,56,27
114900007,136,16,120
114900008,104,62,42
114900010,1453,1541,-88
114900011,159,100,59
114900013,161,128,33
114900015,63,398,-335
114900018,606,21,585
114900020,181,60,121
114900022,35,482,-447
114900024,228,113,115
114900025,381,161,220
114900026,58,118,-60
114900027,166,169,-3
114900029,91,19,72
114900030,276,166,110
114900031,330,42,288
114900032,343,27,316
114900033,653,552,101
114900034,54,150,-96
114900035,125,238,-113
114900036,203,440,-237
114900037,113,164,-51
114900038,105,410,-305
114900039,366,363,3
114900040,68,95,-27
114900041,584,432,152
114900042,577,539,38
114900043,448,184,264
114900044,134,24,110
114900046,29,71,-42
114900047,213,1504,-1291
114900048,114,251,-137
114900049,25,158,-133
114900050,61,288,-227
114900051,14,280,-266
114900052,29,189,-160
114900053,50,305,-255
114900054,29,101,-72
114900057,196,2,194
114900058,0,67,-67
114900059,57,39,18
114900060,1084,658,426
114900061,101,125,-24
114900062,229,269,-40
114900063,34,164,-130
114900064,1119,366,753
114900065,279,539,-260
114900067,33,384,-351
114900068,52,166,-114
114900069,178,105,73
114900070,387,320,67
114900072,5,246,-241
114900073,0,98,-98
114900074,516,476,40
114900075,243,2,241
114900076,3,255,-252
114900080,1401,296,1105
114900082,2570,1640,930
114900083,977,941,36
114900090,230,172,58
114900091,122,167,-45
114900095,257,120,137
114900096,295,409,-114
114900097,143,5,138
114900098,2,208,-206
114900099,190,2,188
115000001,5304,3621,1683
115000002,3137,3252,-115
115000003,4285,2905,1380
115000004,3158,4555,-1397
115000005,1442,1894,-452
115000006,800,1311,-511
115000007,148,157,-9
115000008,404,485,-81
115000009,148,191,-43
115000010,228,165,63
115000013,80,183,-103
115000015,140,336,-196
115000016,71,175,-104
115000019,25,415,-390
115000020,138,592,-454
115000021,284,419,-135
115000022,495,377,118
115000023,344,515,-171
115000024,969,475,494
115000025,692,611,81
115000026,111,383,-272
115000027,221,248,-27
115000028,202,787,-585
115000029,450,71,379
115000030,637,1100,-463
115000031,1235,176,1059
115000032,6,273,-267
115000033,180,33,147
115000034,64,927,-863
115000035,980,77,903
115000036,2,358,-356
115000037,583,9,574
115000038,51,162,-111
115000039,2920,2808,112
115000040,4765,2691,2074
115000041,953,2514,-1561
115000042,713,506,207
115000043,3246,1827,1419
115000044,3247,3531,-284
115000045,2087,1637,450
115000046,1619,1988,-369
115000047,1781,1248,533
115000048,1299,2067,-768
115000049,1514,3236,-1722
115000050,2582,1575,1007
115000051,1539,2292,-753
115000052,2009,1651,358
115000053,1401,1372,29
115000054,666,1202,-536
115000055,153,529,-376
115000056,261,484,-223
115000057,670,962,-292
115000058,503,232,271
115000059,233,168,65
115000061,270,129,141
115000062,185,226,-41
115000063,257,284,-27
115000064,196,70,126
115000065,28,362,-334
115000067,192,16,176
115000069,87,313,-226
115000070,45,775,-730
115000071,156,24,132
115000072,4,79,-75
115000073,1165,69,1096
115000075,103,56,47
115000076,2721,2339,382
115000077,1506,1864,-358
115000078,966,1194,-228
115000079,995,1342,-347
115000080,1786,2076,-290
115000081,427,878,-451
115000082,3134,3041,93
115000083,1929,2072,-143
115000084,1639,1031,608
115000085,609,863,-254
115000086,806,632,174
115000087,410,1407,-997
115000088,1568,573,995
115000089,1208,1118,90
115000090,425,606,-181
115000091,198,817,-619
115000092,481,290,191
115000093,447,1,446
115000094,5636,4540,1096
115000095,3825,4551,-726
115000096,638,1256,-618
115000097,701,801,-100
115000098,848,655,193
115000099,2045,2381,-336
115000100,844,316,528
115000101,321,1284,-963
115000102,313,190,123
115000103,275,588,-313
115000105,60,157,-97
115000106,498,220,278
115000107,145,369,-224
115000108,2845,2229,616
115000109,3287,3210,77
115000110,1230,1166,64
115000111,589,1683,-1094
115000112,537,600,-63
115000113,481,789,-308
115000114,1447,651,796
115000116,3426,1931,1495
115000117,3310,2814,496
115000118,1691,1352,339
115000119,1515,2060,-545
115000120,395,1061,-666
115000121,1467,815,652
115000122,3802,1337,2465
115000123,1230,1830,-600
115000124,1119,914,205
115000125,402,479,-77
115000126,131,262,-131
115000127,423,87,336
115000128,445,647,-202
115000129,379,279,100
115000130,321,735,-414
115000131,803,242,561
115000132,170,322,-152
115000133,479,212,267
115000134,159,179,-20
115000135,216,116,100
115000136,245,244,1
115000137,99,175,-76
115000138,274,307,-33
115000139,213,224,-11
115000140,333,249,84
115000141,154,228,-74
115000142,171,234,-63
115000143,600,532,68
115000144,559,76,483
115000145,247,278,-31
115000146,278,229,49
115000147,439,451,-12
115000148,205,883,-678
115000149,459,193,266
115000150,632,723,-91
115000151,935,406,529
115000152,596,840,-244
115000153,783,400,383
115000154,660,241,419
115000155,700,842,-142
115000156,985,593,392
115000157,719,682,37
115000158,454,284,170
115000159,625,432,193
115000160,449,300,149
115000161,157,435,-278
115000162,637,624,13
115000163,441,612,-171
115000164,655,536,119
115000165,319,472,-153
115000167,158,55,103
115000168,530,290,240
115000169,578,267,311
115000170,143,124,19
115000171,260,190,70
115000172,966,593,373
115000173,318,350,-32
115000174,109,282,-173
115000175,192,106,86
115000176,139,111,28
115000177,92,140,-48
115000178,55,175,-120
115000179,42,20,22
115000180,112,445,-333
115000181,536,94,442
115000182,673,261,412
115000183,258,721,-463
115000186,663,243,420
115000187,185,661,-476
115000188,370,460,-90
115000189,171,407,-236
115000190,643,318,325
115000191,159,399,-240
115000194,113,130,-17
115000195,239,237,2
115000196,108,80,28
115000197,212,180,32
115000198,245,155,90
115000199,274,127,147
115000200,238,93,145
115000201,128,250,-122
115000206,262,40,222
115000207,99,238,-139
115000208,298,583,-285
115000209,509,228,281
115000210,105,101,4
115000211,195,197,-2
115000212,1406,253,1153
115000224,476,53,423
115000225,27,96,-69
115000229,148,154,-6
115000230,79,335,-256
115000231,250,1575,-1325
115000232,1262,256,1006
115000233,113,152,-39
115000234,26,264,-238
115000241,70,184,-114
115000242,109,290,-181
115000243,43,180,-137
115000244,10,80,-70
115000246,18,17,1
115000247,24,12,12
115000248,22,15,7
115000249,23,9,14
115000250,224,41,183
115000251,211,120,91
115000252,91,208,-117
115000253,11,363,-352
115000258,290,148,142
115000259,258,137,121
115000261,18,18,0
115000262,5,28,-23
115000263,19,36,-17
115000264,24,37,-13
115000267,50,67,-17
115000268,22,131,-109
115000269,123,71,52
115000270,4,27,-23
115000272,61,142,-81
115000273,275,32,243
115000280,1373,119,1254
115000281,360,468,-108
115000282,656,439,217
115000284,405,160,245
115000296,1115,11,1104
115000297,178,85,93
115000298,120,308,-188
115000300,191,153,38
115000302,547,136,411
115000303,558,96,462
115000304,519,73,446
115000305,79,449,-370
115000306,154,248,-94
115000307,89,149,-60
115000308,24,18,6
115000309,11,18,-7
115000310,836,881,-45
115000311,717,971,-254
115000313,92,450,-358
115000314,388,99,289
115000315,920,432,488
115000316,53,109,-56
115000317,147,383,-236
115000318,598,280,318
115000319,36,315,-279
115000320,10,238,-228
115000321,302,13,289
115000322,32,181,-149
115000449,196,174,22
115000557,3,862,-859
115000558,426,94,332
115000587,389,256,133
115000588,2000,2397,-397
115000589,2916,2100,816
115000590,863,1083,-220
115000591,1068,548,520
115000592,572,1526,-954
115000593,1126,469,657
115000594,983,2117,-1134
115000609,169,203,-34
115000617,1504,2374,-870
115000624,227,61,166
115000633,335,1724,-1389
115000634,2211,756,1455
115000635,463,126,337
115000638,574,745,-171
115000641,55,128,-73
115000642,282,242,40
115000643,106,369,-263
115000644,187,352,-165
115000646,702,1415,-713
115000647,162,392,-230
115000648,1393,1733,-340
115000893,2777,1457,1320
115000894,103,1077,-974
115000895,471,771,-300
115000896,1202,352,850
115000897,436,114,322
115000898,585,227,358
115000899,433,908,-475
115000900,148,320,-172
115000901,41,98,-57
115000912,368,93,275
115000913,1,27,-26
115000915,33,0,33
115000916,6,0,6
115000917,0,18,-18
115000918,61,234,-173
115000919,11,12,-1
115000920,86,38,48
115000921,435,84,351
115000922,1056,627,429
115000923,500,887,-387
115000925,131,43,88
115000927,46,58,-12
115000933,207,192,15
115000934,144,167,-23
115000935,96,69,27
115000936,33,469,-436
115000937,726,121,605
115000938,142,159,-17
115000939,173,179,-6
115000940,19,19,0
115000941,19,10,9
115000942,24,93,-69
115000943,26,18,8
115000944,27,12,15
115900001,76,30,46
115900002,73,82,-9
115900003,125,110,15
115900004,3,38,-35
115900005,125,5,120
115900006,118,180,-62
115900008,50,9,41
115900009,59,167,-108
115900010,184,136,48
115900011,240,193,47
115900012,116,47,69
115900013,273,117,156
115900014,103,146,-43
115900015,91,68,23
115900016,98,40,58
115900017,8,5,3
115900018,128,52,76
115900019,151,9,142
115900020,37,2,35
115900021,1047,114,933
115900022,1105,16,1089
115900023,45,6,39
115900025,37,176,-139
115900026,702,152,550
115900027,1,164,-163
115900028,549,50,499
115900029,19,260,-241
115900030,26,29,-3
115900031,285,222,63
115900032,356,545,-189
115900033,0,43,-43
115900034,22,263,-241
115900035,20,18,2
115900036,62,529,-467
115900037,59,295,-236
115900038,24,9,15
115900039,129,177,-48
115900041,430,411,19
115900042,51,14,37
115900043,130,79,51
115900044,148,182,-34
115900046,158,203,-45
115900047,189,80,109
115900049,108,166,-58
115900051,1,41,-40
115900052,20,202,-182
115900053,186,134,52
115900054,170,55,115
115900055,10,135,-125
115900056,182,181,1
115900057,13,5,8
115900058,27,55,-28
115900060,76,112,-36
115900061,228,0,228
115900062,24,240,-216
115900063,68,8,60
115900064,122,224,-102
115900065,129,85,44
115900066,176,92,84
115900067,10,518,-508
115900068,2514,622,1892
115900069,41,182,-141
115900070,193,113,80
115900071,2,291,-289
115900072,50,139,-89
115900073,46,72,-26
115900074,0,227,-227
115900075,19,145,-126
115900076,2,40,-38
115900077,11,218,-207
115900078,25,86,-61
115900079,156,26,130
115900080,385,181,204
115900081,10,61,-51
115900082,105,148,-43
115900084,341,27,314
115900085,49,88,-39
115900086,1218,497,721
115900088,5,55,-50
115900089,295,630,-335
115900090,287,27,260
115900091,2,23,-21
115900092,13,156,-143
115900093,6,19,-13
115900094,3,252,-249
115900096,5,22,-17
115900097,9,314,-305
115900098,125,276,-151
115900099,57,26,31
115900100,7,433,-426
115900101,135,213,-78
115900102,44,51,-7
115900103,226,132,94
115900104,42,89,-47
115900105,158,413,-255
115900106,32,28,4
115900107,45,75,-30
115900108,79,42,37
115900109,43,270,-227
115900110,2,21,-19
115900111,0,58,-58
115900112,30,638,-608
115900113,55,19,36
115900114,0,92,-92
115900115,52,173,-121
115900116,72,653,-581
115900117,58,13,45
115900118,2,206,-204
115900119,86,86,0
115900120,32,216,-184
115900121,114,155,-41
115900124,161,480,-319
115900125,226,39,187
115900126,505,80,425
115900127,544,33,511
115900128,9,111,-102
115900129,646,48,598
115900130,19,242,-223
115900131,223,26,197
115900132,496,4,492
115900134,252,14,238
115900135,434,989,-555
115900137,38,6,32
115900139,33,38,-5
115900140,172,21,151
115900141,15,28,-13
115900142,11,20,-9
115900143,142,246,-104
115900144,65,129,-64
115900146,4,63,-59
115900147,172,175,-3
115900148,101,1,100
115900149,69,21,48
115900150,63,25,38
115900151,21,76,-55
115900152,79,251,-172
115900153,118,160,-42
115900154,372,302,70
115900155,2,53,-51
115900156,565,679,-114
115900157,127,375,-248
115900158,18,9,9
115900159,116,187,-71
115900160,13,10,3
115900161,64,165,-101
115900163,130,123,7
115900164,419,24,395
115900166,215,98,117
115900168,60,118,-58
115900171,108,333,-225
115900172,66,84,-18
115900173,249,109,140
115900174,190,203,-13
115900175,119,213,-94
115900178,13,455,-442
115900179,175,9,166
115900180,20,120,-100
115900181,135,152,-17
115900182,317,132,185
115900183,57,26,31
115900184,1507,15,1492
115900187,8,111,-103
115900189,1,213,-212
115900190,232,1189,-957
115900191,34,250,-216
115900192,6,88,-82
115900193,81,93,-12
115900194,602,47,555
115900195,464,1546,-1082
115900198,178,237,-59
115900199,119,125,-6
115900200,216,247,-31
115900201,411,345,66
115900202,3,29,-26
115900203,6,16,-10
115900204,0,15,-15
115900205,88,40,48
115900206,130,121,9
115900207,27,31,-4
115900208,158,129,29
115900209,4,128,-124
115900210,1,125,-124
115900211,5,167,-162
115900212,128,206,-78
115900213,105,48,57
115900214,387,177,210
115900215,27,85,-58
115900216,4,102,-98
115900217,3,31,-28
115900218,1,18,-17
115900219,85,4,81
115900220,150,6,144
115900221,47,22,25
115900222,27,27,0
115900223,8,306,-298
115900224,804,727,77
115900225,49,21,28
115900226,18,36,-18
115900227,4,24,-20
115900228,15,24,-9
115900229,10,45,-35
115900230,33,98,-65
115900231,75,2,73
115900232,76,2,74
115900233,43,14,29
115900234,37,22,15
115900235,30,30,0
115900236,39,26,13
115900237,11,27,-16
115900238,18,9,9
115900239,16,18,-2
115900240,13,36,-23
115900241,183,112,71
115900242,200,261,-61
115900243,7,4,3
115900244,8,9,-1
115900245,25,11,14
115900246,4,4,0
115900247,22,12,10
115900248,13,10,3
115900249,2,4,-2
115900250,4,16,-12
115900251,1,5,-4
115900252,4,3,1
115900253,9,9,0
115900254,12,20,-8
115900255,15,11,4
115900256,17,24,-7
115900257,6,4,2
115900258,0,0,0
115900259,5,2,3
115900260,18,0,18
115900261,4,2,2
115900262,2,0,2
115900263,11,1,10
115900264,11,2,9
115900265,0,10,-10
115900266,3,25,-22
115900267,15,16,-1
115900268,12,8,4
115900269,282,272,10
115900270,353,254,99
115900271,72,0,72
115900272,22,3,19
115900273,11,11,0
115900274,1,2,-1
115900275,1,22,-21
115900276,0,13,-13
115900277,0,41,-41
115900278,30,58,-28
115900279,12,123,-111
115900280,10,247,-237
115900281,327,172,155
115900282,13,5,8
115900283,2,17,-15
115900284,21,10,11
116000001,9714,4117,5597
116000002,3917,7870,-3953
116000003,1376,1406,-30
116000004,1889,2491,-602
116000005,2206,2761,-555
116000006,2259,1696,563
116000007,2264,2950,-686
116000008,2798,1719,1079
116000009,1644,2373,-729
116000010,1813,1231,582
116000011,767,1829,-1062
116000012,1170,835,335
116000013,7540,3495,4045
116000014,9911,7765,2146
116000015,235,971,-736
116000016,4345,2271,2074
116000017,21,487,-466
116000018,549,193,356
116000019,499,249,250
116000020,460,570,-110
116000021,301,261,40
116000022,321,191,130
116000023,690,529,161
116000024,564,632,-68
116000025,634,636,-2
116000026,1533,1942,-409
116000027,613,526,87
116000028,354,545,-191
116000029,551,591,-40
116000030,701,383,318
116000031,131,349,-218
116000032,362,171,191
116000033,233,426,-193
116000034,458,689,-231
116000035,240,522,-282
116000036,1649,896,753
116000037,643,422,221
116000038,391,355,36
116000039,580,277,303
116000040,606,241,365
116000041,126,369,-243
116000042,512,233,279
116000043,80,524,-444
116000044,26,110,-84
116000045,1370,930,440
116000046,909,1256,-347
116000047,1258,1750,-492
116000048,1256,1448,-192
116000049,920,2333,-1413
116000050,1129,1076,53
116000051,5403,2188,3215
116000052,4997,4153,844
116000053,1546,736,810
116000054,567,1982,-1415
116000055,509,786,-277
116000056,606,834,-228
116000057,2085,1343,742
116000058,1933,1675,258
116000059,2200,3248,-1048
116000060,1576,802,774
116000061,596,639,-43
116000062,641,217,424
116000063,571,780,-209
116000066,236,496,-260
116000067,192,371,-179
116000068,201,289,-88
116000069,193,330,-137
116000078,405,898,-493
116000080,1379,942,437
116000082,3,52,-49
116000083,1318,314,1004
116000084,1943,3833,-1890
116000085,1863,1420,443
116000086,1732,1306,426
116000087,1460,1169,291
116000088,625,897,-272
116000089,142,64,78
116000090,112,141,-29
116000091,183,232,-49
116000093,424,225,199
116000094,516,560,-44
116000095,623,356,267
116000096,511,1027,-516
116000097,610,498,112
116000098,113,3645,-3532
116000099,3954,192,3762
116000100,187,15,172
116000101,622,619,3
116000102,193,938,-745
116000103,396,228,168
116000104,166,966,-800
116000105,828,128,700
116000106,340,629,-289
116000107,1367,280,1087
116000108,89,139,-50
116000111,161,42,119
116000113,94,97,-3
116000114,60,159,-99
116000115,223,79,144
116000116,240,447,-207
116000117,1089,1802,-713
116000118,1274,1039,235
116000119,2642,1866,776
116000120,2533,3681,-1148
116000121,696,474,222
116000122,1078,1478,-400
116000123,726,305,421
116000124,309,849,-540
116000125,2013,629,1384
116000126,188,1390,-1202
116000127,791,1130,-339
116000128,1173,700,473
116000129,1018,211,807
116000130,424,340,84
116000133,663,698,-35
116000134,1654,1870,-216
116000135,1835,1288,547
116000136,905,1838,-933
116000137,803,536,267
116000138,708,516,192
116000139,1517,1607,-90
116000140,111,172,-61
116000141,296,554,-258
116000142,2445,2634,-189
116000143,1510,1343,167
116000144,1245,1856,-611
116000145,1385,969,416
116000146,365,224,141
116000147,174,90,84
116000148,367,466,-99
116000149,464,431,33
116000151,583,451,132
116000153,108,369,-261
116000155,162,182,-20
116000156,311,881,-570
116000157,73,19,54
116000158,253,265,-12
116000159,12,7,5
116000160,16,32,-16
116000161,6,62,-56
116000162,49,57,-8
116000163,22,7,15
116000164,6,13,-7
116000177,117,71,46
116000194,73,369,-296
116000195,1147,648,499
116000196,0,0,0
116000197,0,0,0
116000198,1985,826,1159
116000200,561,261,300
116000201,496,542,-46
116000202,9,193,-184
116000203,0,88,-88
116000204,13,85,-72
116000205,0,122,-122
116000206,4,85,-81
116000207,6,32,-26
116000233,153,351,-198
116000287,99,405,-306
116000288,219,152,67
116000292,99,140,-41
116000296,23,262,-239
116000297,105,36,69
116000304,71,29,42
116000305,27,47,-20
116000346,0,2,-2
116000352,0,0,0
116000354,0,0,0
116000357,0,0,0
116000358,246,42,204
116000361,321,4,317
116000372,4709,2926,1783
116000381,78,0,78
116000388,0,39,-39
116000389,651,462,189
116000445,249,424,-175
116000446,410,457,-47
116000447,17,454,-437
116000448,411,140,271
116000563,622,629,-7
116000565,39,312,-273
116000568,30,186,-156
116000579,26,98,-72
116000583,16,12,4
116000584,10,7,3
116000585,21,6,15
116000586,61,89,-28
116000587,436,558,-122
116000589,47,76,-29
116000590,54,48,6
116000591,196,206,-10
116000592,23,77,-54
116000593,0,14,-14
116000594,351,345,6
116000595,476,152,324
116000596,57,7,50
116000597,369,69,300
116000598,27,144,-117
116000605,232,83,149
116000606,56,186,-130
116000607,7,49,-42
116000609,141,649,-508
116000611,116,475,-359
116000612,618,1430,-812
116000613,429,313,116
116000614,390,481,-91
116000615,1,296,-295
116000616,49,55,-6
116000617,51,22,29
116000618,2,69,-67
116000619,39,53,-14
116000620,54,63,-9
116000621,44,74,-30
116000622,54,141,-87
116000624,133,80,53
116000627,43,49,-6
116000628,69,390,-321
116000629,53,260,-207
116000630,395,22,373
116000631,177,41,136
116000632,588,70,518
116000633,127,184,-57
116000634,351,167,184
116000635,2567,1745,822
116000636,879,938,-59
116000637,420,54,366
116000638,81,285,-204
116000640,14,8,6
116000641,66,143,-77
116000644,24,512,-488
116900001,157,123,34
116900002,202,1,201
116900003,17,38,-21
116900004,54,64,-10
116900005,231,43,188
116900006,136,129,7
116900007,86,122,-36
116900008,363,288,75
116900009,12,5,7
116900010,0,923,-923
116900011,12,21,-9
116900012,99,98,1
116900013,7,127,-120
116900014,42,151,-109
116900015,258,37,221
116900016,145,2,143
116900017,1,419,-418
116900018,37,34,3
116900019,2,198,-196
116900020,788,702,86
116900023,51,15,36
116900024,415,59,356
116900025,698,630,68
116900026,94,470,-376
116900027,27,31,-4
116900028,3,63,-60
116900029,1,31,-30
116900031,1,9,-8
116900032,40,293,-253
116900033,16,13,3
116900034,24,60,-36
116900035,123,126,-3
116900036,3,82,-79
116900038,13,3,10
116900041,34,23,11
116900042,551,260,291
116900043,7,39,-32
116900047,43,108,-65
116900049,19,244,-225
116900050,139,359,-220
116900051,98,148,-50
116900052,159,48,111
116900055,0,5,-5
116900057,7,138,-131
116900058,12,309,-297
116900059,0,86,-86
116900060,171,128,43
116900062,0,11,-11
116900064,53,511,-458
116900065,23,100,-77
116900067,99,67,32
116900068,112,130,-18
116900070,3,2,1
116900072,26,253,-227
116900073,8,73,-65
116900074,8,24,-16
116900076,6,25,-19
116900077,4,101,-97
116900078,224,66,158
116900079,43,153,-110
116900080,18,19,-1
116900081,314,942,-628
116900082,388,644,-256
116900083,58,26,32
116900084,174,49,125
116900085,81,176,-95
116900086,37,119,-82
116900088,276,70,206
116900090,139,28,111
116900091,322,19,303
116900092,84,575,-491
116900093,1384,1451,-67
116900094,3116,2587,529
116900095,150,88,62
116900096,73,248,-175
116900097,2346,1944,402
116900098,677,286,391
116900099,611,484,127
116900100,658,30,628
116900101,246,351,-105
116900103,3,0,3
116900104,54,52,2
116900105,149,79,70
116900106,1253,97,1156
116900107,2787,2007,780
116900110,6,1,5
116900111,340,386,-46
116900112,200,594,-394
116900113,1202,1141,61
116900116,77,362,-285
116900117,77,120,-43
116900118,626,727,-101
116900120,363,59,304
116900121,93,34,59
116900122,542,518,24
116900123,150,552,-402
116900124,194,865,-671
116900125,260,145,115
116900126,129,466,-337
116900128,0,39,-39
116900129,3,240,-237
116900130,435,2189,-1754
116900131,63,274,-211
116900132,52,106,-54
116900133,109,111,-2
116900134,175,209,-34
116900136,137,137,0
116900137,223,130,93
116900138,185,134,51
116900139,120,369,-249
116900140,135,125,10
116900141,608,389,219
116900142,4,50,-46
116900143,209,378,-169
116900144,28,56,-28
116900145,101,192,-91
116900147,428,368,60
116900148,4,37,-33
116900149,35,191,-156
116900150,9,15,-6
116900151,44,12,32
116900153,69,56,13
116900154,433,374,59
116900155,47,61,-14
116900157,505,213,292
116900158,190,209,-19
116900159,88,178,-90
116900160,845,546,299
116900161,4376,4097,279
116900162,13,79,-66
116900163,118,113,5
116900164,65,56,9
116900165,185,191,-6
116900166,17,58,-41
116900167,315,53,262
116900168,267,71,196
116900169,519,372,147
116900170,204,478,-274
116900171,29,102,-73
116900172,137,208,-71
116900173,181,25,156
116900174,48,44,4
116900175,124,124,0
116900178,28,110,-82
116900179,92,222,-130
116900180,87,24,63
116900182,332,179,153
116900183,120,120,0
116900185,33,72,-39
116900186,68,137,-69
116900187,56,52,4
116900188,128,49,79
116900189,102,0,102
116900191,329,509,-180
116900192,184,107,77
116900194,131,1000,-869
116900195,47,35,12
116900196,23,97,-74
116900197,59,3,56
116900198,168,156,12
116900200,54,18,36
116900201,65,3,62
116900202,115,40,75
116900203,85,2,83
116900204,38,59,-21
116900206,1,17,-16
116900207,29,23,6
116900208,8,72,-64
116900209,18,80,-62
116900210,375,214,161
116900211,115,5,110
116900212,25,37,-12
116900213,152,124,28
116900214,166,156,10
116900215,22,64,-42
116900216,196,173,23
116900218,3,174,-171
116900219,1285,330,955
116900220,66,168,-102
116900221,62,224,-162
116900222,312,284,28
116900223,71,181,-110
116900226,60,53,7
116900227,106,52,54
116900228,179,167,12
116900230,51,203,-152
116900231,28,286,-258
116900232,5,323,-318
116900233,182,70,112
116900234,16,1,15
116900235,119,301,-182
116900238,1369,260,1109
116900239,46,1282,-1236
116900240,3847,2241,1606
116900241,44,86,-42
116900242,765,410,355
116900243,1,17,-16
116900245,16,14,2
116900246,78,28,50
116900247,506,7,499
116900248,85,25,60
116900249,212,78,134
116900250,250,32,218
116900251,371,263,108
116900252,108,560,-452
116900253,107,55,52
116900254,20,111,-91
116900255,54,59,-5
116900256,208,102,106
116900257,23,319,-296
116900258,4,189,-185
116900259,161,7,154
116900260,1,113,-112
116900261,50,1,49
116900262,156,137,19
116900263,0,15,-15
116900264,55,33,22
116900265,35,0,35
116900266,11,25,-14
116900267,2,3,-1
116900268,77,31,46
116900269,204,435,-231
116900271,901,193,708
116900272,337,233,104
116900273,128,71,57
116900274,91,64,27
116900275,119,94,25
116900276,338,120,218
116900277,381,35,346
116900278,3,4,-1
116900279,2,18,-16
116900280,31,22,9
116900281,4114,2720,1394
116900282,4,49,-45
116900283,14,63,-49
116900284,19,161,-142
116900285,212,145,67
116900286,175,11,164
116900287,9,25,-16
116900288,54,117,-63
116900289,3,4,-1
116900290,3,12,-9
116900291,14,8,6
116900292,0,16,-16
116900293,31,56,-25
116900294,18,93,-75
116900295,85,34,51
116900296,43,48,-5
116900297,8,75,-67
116900298,70,40,30
116900299,16,50,-34
116900300,0,66,-66
116900301,40,89,-49
116900302,76,65,11
116900303,262,88,174
116900304,0,168,-168
116900305,20,52,-32
116900306,139,78,61
116900307,40,0,40
116900308,0,77,-77
116900309,69,116,-47
117000001,1467,1131,336
117000002,1586,3648,-2062
117000003,5302,2528,2774
117000004,3276,4238,-962
117000005,1611,1529,82
117000006,1177,2856,-1679
117000007,2933,1018,1915
117000008,994,3205,-2211
117000009,4148,1718,2430
117000010,2531,3653,-1122
117000011,1673,1567,106
117000012,1011,1188,-177
117000013,1724,803,921
117000014,992,1882,-890
117000015,2072,1137,935
117000016,280,73,207
117000017,374,93,281
117000018,149,463,-314
117000019,79,26,53
117000020,361,962,-601
117000021,1718,616,1102
117000022,416,78,338
117000023,352,208,144
117000024,250,177,73
117000025,466,867,-401
117000026,2318,962,1356
117000027,2204,3556,-1352
117000028,3381,1260,2121
117000030,454,374,80
117000031,311,221,90
117000032,1635,894,741
117000033,966,604,362
117000034,305,303,2
117000035,259,228,31
117000036,355,303,52
117000037,214,182,32
117000038,164,466,-302
117000039,355,178,177
117000040,182,882,-700
117000041,794,173,621
117000044,20,794,-774
117000045,483,100,383
117000046,325,658,-333
117000047,785,555,230
117000048,1783,981,802
117000049,100,517,-417
117000050,98,1575,-1477
117000051,1697,143,1554
117000052,60,281,-221
117000053,514,48,466
117000054,1574,7,1567
117000055,9,2554,-2545
117000056,616,16,600
117000057,513,1983,-1470
117000060,400,1282,-882
117000061,1160,668,492
117000062,245,633,-388
117000063,1356,870,486
117000064,737,743,-6
117000066,812,756,56
117000067,127,442,-315
117000074,141,198,-57
117000076,48,36,12
117000077,146,105,41
117000078,70,524,-454
117000079,276,230,46
117000080,1,306,-305
117000081,838,102,736
117000082,14,72,-58
117000083,155,7,148
117000084,201,4,197
117000085,182,585,-403
117000086,714,403,311
117000087,101,446,-345
117000088,236,142,94
117000089,1190,200,990
117000090,220,1024,-804
117000091,613,224,389
117000092,320,1057,-737
117000093,922,628,294
117000094,1251,2678,-1427
117000095,3119,795,2324
117000096,507,2043,-1536
117000097,1126,1036,90
117000098,2116,3893,-1777
117000099,2470,1089,1381
117000100,126,212,-86
117000101,191,974,-783
117000102,1245,716,529
117000103,585,1502,-917
117000104,969,530,439
117000105,746,1320,-574
117000106,872,626,246
117000107,504,1704,-1200
117000108,1163,853,310
117000109,1505,2217,-712
117000110,1038,841,197
117000111,3169,3732,-563
117000112,2390,1498,892
117000113,90,290,-200
117000114,162,127,35
117000115,72,94,-22
117000116,126,194,-68
117000117,1201,759,442
117000118,227,105,122
117000119,235,129,106
117000120,152,357,-205
117000121,114,756,-642
117000122,274,589,-315
117000123,1416,35,1381
117000124,780,37,743
117000125,346,81,265
117000126,121,15,106
117000127,202,272,-70
117000128,464,618,-154
117000129,354,506,-152
117000130,169,44,125
117000131,0,96,-96
117000132,1718,16,1702
117000133,1187,61,1126
117000134,1,66,-65
117000135,3,47,-44
117000136,1,21,-20
117000137,60,133,-73
117000138,3,563,-560
117000140,375,1238,-863
117000141,1158,498,660
117000181,447,502,-55
117000182,324,344,-20
117000195,202,902,-700
117000196,164,108,56
117000225,159,15,144
117000226,8,153,-145
117000276,228,10,218
117000277,2,337,-335
117000310,1596,1871,-275
117000315,42,631,-589
117000320,107,0,107
117000906,250,4,246
117000907,8,249,-241
117000909,38,25,13
117000910,176,127,49
117000911,79,179,-100
117000915,2,419,-417
117000916,25,3,22
117000917,799,39,760
117000918,47,51,-4
117000919,10,84,-74
117000920,4,915,-911
117000921,4,1044,-1040
117000922,36,94,-58
117000924,313,696,-383
117000926,748,71,677
117000927,1528,729,799
117000928,0,104,-104
117000929,188,282,-94
117000930,148,15,133
117000931,419,136,283
117900002,126,340,-214
117900003,609,340,269
117900005,10,46,-36
117900006,0,39,-39
117900007,119,78,41
117900008,0,25,-25
117900010,195,66,129
117900011,133,83,50
117900012,51,67,-16
117900013,1,185,-184
117900014,471,124,347
117900015,9,79,-70
117900016,875,568,307
117900017,396,302,94
117900018,270,85,185
117900019,297,239,58
117900020,65,404,-339
117900021,24,63,-39
117900022,9,3,6
117900023,603,103,500
117900024,97,58,39
117900025,40,9,31
117900026,235,224,11
117900028,44,3,41
117900029,180,507,-327
117900030,439,270,169
117900031,164,99,65
117900032,695,415,280
117900033,149,414,-265
117900034,46,42,4
117900035,156,67,89
117900036,151,300,-149
117900037,108,50,58
117900038,10,235,-225
117900039,5,43,-38
117900040,105,317,-212
117900041,7,35,-28
117900042,2761,232,2529
117900043,37,50,-13
117900044,3,2165,-2162
117900045,209,96,113
117900048,224,293,-69
117900049,179,343,-164
117900050,7,64,-57
117900051,27,2,25
117900052,31,187,-156
117900053,1325,606,719
117900054,3,35,-32
117900055,130,141,-11
117900056,289,48,241
117900057,1113,1008,105
117900058,239,29,210
117900059,238,77,161
117900060,1730,4182,-2452
117900061,19,181,-162
117900063,248,159,89
117900065,541,993,-452
117900066,8,60,-52
117900067,317,139,178
117900069,518,234,284
117900070,237,23,214
117900071,66,103,-37
117900073,348,263,85
117900074,176,33,143
117900075,47,69,-22
117900076,16,64,-48
117900077,262,62,200
117900078,246,680,-434
117900080,87,35,52
117900081,412,353,59
117900082,316,346,-30
117900083,223,311,-88
117900086,99,24,75
117900087,140,28,112
117900088,3077,1991,1086
117900089,1727,636,1091
117900090,307,367,-60
117900091,127,192,-65
117900092,50,28,22
117900093,44,43,1
117900094,52,15,37
117900095,253,294,-41
117900096,94,202,-108
117900097,105,50,55
117900098,23,8,15
117900099,118,138,-20
117900100,131,1,130
117900101,262,1280,-1018
117900102,50,36,14
117900103,53,0,53
117900104,40,79,-39
117900105,95,112,-17
117900106,81,23,58
117900107,35,1,34
117900109,450,320,130
117900110,102,2,100
117900111,240,3,237
117900112,41,16,25
117900113,2538,1036,1502
117900114,17,0,17
117900115,278,48,230
117900116,795,819,-24
117900117,381,291,90
117900118,29,1,28
117900119,104,201,-97
117900120,166,69,97
117900121,40,9,31
117900122,1095,2401,-1306
117900123,572,348,224
117900124,601,636,-35
117900125,1561,1621,-60
117900126,193,438,-245
117900127,382,385,-3
117900128,329,423,-94
117900129,61,1,60
117900130,572,382,190
117900131,1,103,-102
117900132,13,96,-83
117900133,16,126,-110
117900134,26,183,-157
117900135,23,168,-145
117900136,0,38,-38
117900137,38,260,-222
117900138,0,50,-50
117900139,103,119,-16
117900140,2596,216,2380
117900141,276,202,74
117900142,106,13,93
117900144,71,139,-68
117900145,129,27,102
117900146,199,167,32
117900147,46,40,6
117900148,2154,1091,1063
117900149,128,225,-97
117900150,40,37,3
117900151,29,64,-35
117900152,130,46,84
117900153,14,78,-64
117900154,329,500,-171
117900156,835,786,49
117900157,71,411,-340
117900158,136,75,61
117900160,495,613,-118
117900161,2422,1823,599
117900162,284,393,-109
117900163,73,69,4
117900165,1,17,-16
117900166,69,462,-393
117900168,21,140,-119
117900169,1,66,-65
117900170,0,34,-34
117900171,0,18,-18
117900172,12,18,-6
117900173,134,71,63
117900174,21,32,-11
117900175,5,28,-23
117900176,14,23,-9
117900177,15,24,-9
117900178,76,34,42
117900180,218,35,183
117900181,80,232,-152
117900182,5,22,-17
117900183,40,142,-102
117900184,12,64,-52
117900185,30,48,-18
117900186,29,5,24
117900187,15,7,8
117900188,114,72,42
117900189,53,32,21
117900190,22,3,19
117900191,91,0,91
117900192,198,0,198
117900193,11,82,-71
117900194,7,6,1
117900195,5,53,-48
117900196,18,31,-13
117900207,149,95,54
117900208,21,22,-1
117900209,152,129,23
117900210,97,183,-86
117900211,4,140,-136
117900212,85,114,-29
117900213,15,11,4
117900214,6,22,-16
117900215,19,33,-14
117900216,22,23,-1
117900217,113,243,-130
117900218,131,132,-1
117900219,6,74,-68
117900220,95,112,-17
117900222,167,224,-57
117900223,142,253,-111
118000001,603,720,-117
118000002,915,1657,-742
118000003,1907,2307,-400
118000004,3344,2466,878
118000005,4230,4237,-7
118000006,5221,8632,-3411
118000007,4758,2995,1763
118000008,5234,3261,1973
118000009,1712,2281,-569
118000010,4450,3573,877
118000011,1009,1588,-579
118000012,1002,1563,-561
118000013,2060,2041,19
118000014,1548,2074,-526
118000016,145,366,-221
118000017,387,324,63
118000018,324,434,-110
118000019,2151,1238,913
118000020,1293,2708,-1415
118000021,674,2580,-1906
118000022,1498,676,822
118000023,911,228,683
118000024,1283,862,421
118000027,11972,9836,2136
118000029,845,577,268
118000032,1083,2923,-1840
118000033,2776,4324,-1548
118000034,4695,2209,2486
118000035,1409,2207,-798
118000036,873,954,-81
118000037,692,673,19
118000038,113,48,65
118000039,96,139,-43
118000040,1271,1064,207
118000041,1687,1004,683
118000045,427,141,286
118000046,1321,440,881
118000047,878,552,326
118000048,3524,1538,1986
118000051,1513,971,542
118000052,889,351,538
118000053,489,499,-10
118000054,1261,1391,-130
118000055,1202,1700,-498
118000056,241,298,-57
118000057,223,401,-178
118000058,3349,953,2396
118000059,1524,679,845
118000060,833,431,402
118000061,915,1037,-122
118000062,572,272,300
118000063,268,430,-162
118000064,661,908,-247
118000065,3802,1457,2345
118000066,541,1095,-554
118000067,1229,764,465
118000068,1813,3436,-1623
118000069,2762,885,1877
118000070,4426,1540,2886
118000071,2852,5019,-2167
118000072,1640,1068,572
118000073,2490,475,2015
118000074,428,636,-208
118000075,618,209,409
118000076,1263,1748,-485
118000077,1278,1107,171
118000078,1419,1714,-295
118000079,218,315,-97
118000080,1024,872,152
118000081,1638,999,639
118000082,246,965,-719
118000083,1304,1356,-52
118000084,2666,1164,1502
118000086,363,474,-111
118000087,4231,2339,1892
118000088,1594,1547,47
118000089,2738,1786,952
118000090,1416,2125,-709
118000091,718,1735,-1017
118000092,885,421,464
118000093,89,550,-461
118000096,463,521,-58
118000097,692,578,114
118000098,263,157,106
118000099,412,538,-126
118000101,813,295,518
118000102,323,1088,-765
118000107,1241,429,812
118000108,562,1419,-857
118000110,2,20,-18
118000111,2,223,-221
118000112,369,2,367
118000113,2,393,-391
118000114,275,5,270
118000115,15,9,6
118000116,27,0,27
118000117,1166,743,423
118000118,736,763,-27
118000119,770,904,-134
118000120,1252,1055,197
118000121,125,634,-509
118000122,1353,295,1058
118000123,59,257,-198
118000125,1557,712,845
118000126,705,1182,-477
118000127,1290,541,749
118000128,634,1040,-406
118000129,1089,584,505
118000130,2073,2807,-734
118000131,1102,1005,97
118000132,2082,1553,529
118000133,876,448,428
118000135,482,366,116
118000136,111,393,-282
118000137,570,110,460
118000138,336,494,-158
118000139,385,128,257
118000140,1901,3051,-1150
118000141,1615,1563,52
118000142,1398,1242,156
118000143,1499,939,560
118000144,845,705,140
118000145,1274,1731,-457
118000146,950,772,178
118000147,650,1372,-722
118000148,418,986,-568
118000149,717,876,-159
118000150,310,280,30
118000151,343,330,13
118000153,1041,982,59
118000154,1105,1307,-202
118000155,933,1142,-209
118000156,1541,1818,-277
118000157,419,387,32
118000158,162,366,-204
118000159,14,79,-65
118000160,408,306,102
118000161,386,669,-283
118000162,1257,677,580
118000163,652,575,77
118000164,1510,1114,396
118000168,845,378,467
118000169,955,1041,-86
118000170,3641,4380,-739
118000171,249,571,-322
118000172,92,232,-140
118000173,738,852,-114
118000175,185,264,-79
118000176,162,292,-130
118000177,151,398,-247
118000178,50,45,5
118000179,924,740,184
118000180,639,498,141
118000181,628,226,402
118000182,226,204,22
118000183,178,250,-72
118000184,675,544,131
118000185,807,853,-46
118000186,661,827,-166
118000187,942,506,436
118000188,510,154,356
118000189,370,566,-196
118000190,9,12,-3
118000191,25,22,3
118000192,530,875,-345
118000193,574,576,-2
118000194,1052,801,251
118000195,959,774,185
118000196,368,148,220
118000197,289,82,207
118000198,535,521,14
118000199,592,312,280
118000200,65,147,-82
118000201,355,337,18
118000202,38,36,2
118000203,1346,486,860
118000204,130,257,-127
118000205,174,228,-54
118000206,151,144,7
118000207,0,47,-47
118000208,1088,1274,-186
118000209,1467,1495,-28
118000210,70,33,37
118000211,12,29,-17
118000213,706,942,-236
118000214,591,418,173
118000215,233,186,47
118000216,1204,2328,-1124
118000217,21,117,-96
118000218,56,96,-40
118000219,298,275,23
118000220,1,37,-36
118000221,127,231,-104
118000222,64,15,49
118000223,25,41,-16
118000224,133,92,41
118000225,75,497,-422
118000226,700,136,564
118000227,680,291,389
118000228,99,174,-75
118000229,179,47,132
118000230,137,151,-14
118000231,63,176,-113
118000232,632,658,-26
118000233,752,650,102
118000234,357,124,233
118000236,274,227,47
118000237,82,257,-175
118000238,194,143,51
118000239,186,195,-9
118000240,314,141,173
118000241,97,152,-55
118000242,220,612,-392
118000243,181,135,46
118000244,30,135,-105
118000246,0,26,-26
118000255,67,230,-163
118000256,116,228,-112
118000259,11,48,-37
118000260,124,54,70
118000261,21,40,-19
118000263,70,135,-65
118000266,123,191,-68
118000267,0,79,-79
118000268,243,0,243
118000270,76,23,53
118000271,145,275,-130
118000272,48,36,12
118000273,115,72,43
118000274,124,210,-86
118000276,329,227,102
118000295,4,94,-90
118000298,87,240,-153
118000299,35,145,-110
118000301,0,37,-37
118000302,66,82,-16
118000311,384,74,310
118000312,209,141,68
118000313,34,102,-68
118000314,53,45,8
118000315,24,53,-29
118000316,534,375,159
118000325,21,43,-22
118000326,24,19,5
118000331,25,58,-33
118000332,7,33,-26
118000333,47,61,-14
118000335,232,0,232
118000336,0,178,-178
118000407,97,42,55
118000457,4,30,-26
118000465,3028,3286,-258
118000480,27,89,-62
118000489,115,327,-212
118000490,121,337,-216
118000492,223,124,99
118000510,44,14,30
118000514,138,189,-51
118000515,536,417,119
118000517,321,152,169
118000524,325,222,103
118000525,726,660,66
118000530,24,66,-42
118000531,224,265,-41
118000532,136,256,-120
118000533,255,106,149
118000534,411,374,37
118000535,219,106,113
118000536,611,978,-367
118000537,15,86,-71
118000538,17,35,-18
118000539,15,64,-49
118000540,201,83,118
118000541,123,60,63
118000542,71,127,-56
118000543,175,108,67
118000546,49,18,31
118000553,0,1,-1
118000557,0,0,0
118000560,2008,1465,543
118000562,17,91,-74
118000563,1347,1023,324
118000576,147,132,15
118000577,137,159,-22
118000578,160,106,54
118000579,460,820,-360
118000583,0,0,0
118000595,160,66,94
118000596,0,49,-49
118000597,124,109,15
118000598,6,0,6
118000599,35,26,9
118000600,2,7,-5
118000601,11,0,11
118000602,2,5,-3
118000603,0,16,-16
118000605,68,279,-211
118900001,488,1035,-547
118900002,618,557,61
118900003,205,8,197
118900004,24,40,-16
118900005,71,4,67
118900006,98,10,88
118900007,12,0,12
118900008,1000,35,965
118900009,29,21,8
118900010,61,3,58
118900011,120,16,104
118900012,296,146,150
118900013,307,78,229
118900015,133,45,88
118900016,7,5,2
118900017,264,336,-72
118900018,564,20,544
118900019,47,18,29
118900020,182,138,44
118900021,96,192,-96
118900022,102,77,25
118900023,134,88,46
118900024,98,104,-6
118900025,43,17,26
118900026,48,50,-2
118900027,289,182,107
118900028,131,110,21
118900029,221,234,-13
118900030,207,64,143
118900031,89,106,-17
118900032,138,134,4
118900033,314,272,42
118900034,149,19,130
118900035,87,199,-112
118900036,838,601,237
118900037,347,185,162
118900038,269,171,98
118900039,328,154,174
118900040,149,142,7
118900041,365,120,245
118900042,170,86,84
118900045,220,122,98
118900046,816,287,529
118900047,392,202,190
118900048,130,137,-7
118900049,46,29,17
118900050,21,85,-64
118900051,89,87,2
118900052,272,166,106
118900053,25,81,-56
118900054,90,40,50
118900055,68,83,-15
118900056,90,245,-155
118900057,452,320,132
118900058,343,222,121
118900059,12,62,-50
118900060,60,129,-69
118900062,366,143,223
118900064,450,423,27
118900065,50,127,-77
118900066,53,80,-27
118900067,2938,2276,662
118900068,26,174,-148
118900069,251,151,100
118900071,3,62,-59
118900072,343,250,93
118900073,76,95,-19
118900074,122,148,-26
118900075,32,44,-12
118900076,113,67,46
118900077,119,126,-7
118900078,37,5,32
118900079,23,116,-93
118900080,14,120,-106
118900081,72,32,40
118900082,377,110,267
118900083,22,9,13
118900084,8,16,-8
118900085,493,753,-260
118900086,24,55,-31
118900087,10,120,-110
118900088,1,6,-5
118900089,30,16,14
118900090,339,325,14
118900091,119,134,-15
118900092,81,99,-18
118900093,131,15,116
118900096,78,91,-13
118900097,203,348,-145
118900099,36,121,-85
118900100,107,195,-88
118900101,69,252,-183
118900102,28,70,-42
118900103,34,72,-38
118900104,151,118,33
118900105,208,105,103
118900107,136,68,68
118900108,91,88,3
118900110,1132,539,593
118900111,270,363,-93
118900112,39,113,-74
118900113,73,318,-245
118900114,13,59,-46
118900115,78,252,-174
118900116,113,157,-44
118900117,57,170,-113
118900118,229,247,-18
118900119,103,142,-39
118900120,49,234,-185
118900121,3,148,-145
118900122,12,550,-538
118900123,115,134,-19
118900124,38,136,-98
118900126,21,224,-203
118900129,152,157,-5
118900130,55,134,-79
118900131,102,145,-43
118900132,233,173,60
118900133,28,92,-64
118900135,214,214,0
118900136,137,364,-227
118900137,4,28,-24
118900139,99,211,-112
118900140,337,417,-80
118900141,83,87,-4
118900144,100,301,-201
118900145,13,76,-63
118900146,274,520,-246
118900147,192,105,87
118900148,47,48,-1
118900150,102,359,-257
118900152,350,619,-269
118900157,67,105,-38
118900158,63,45,18
118900159,0,114,-114
118900161,75,7,68
118900163,111,91,20
118900164,6,59,-53
118900165,42,118,-76
118900166,32,0,32
118900167,54,81,-27
118900168,5,124,-119
118900169,90,205,-115
118900170,85,88,-3
118900171,29,33,-4
118900174,53,43,10
118900175,227,315,-88
118900176,100,221,-121
118900177,57,68,-11
118900178,40,178,-138
118900179,5,26,-21
118900181,86,83,3
118900182,72,31,41
118900183,20,99,-79
118900184,210,61,149
118900185,43,76,-33
118900186,72,61,11
118900187,183,179,4
118900188,245,175,70
118900189,25,588,-563
118900190,3,172,-169
118900191,67,45,22
118900192,159,9,150
118900193,328,7,321
118900195,246,435,-189
118900196,25,104,-79
118900197,72,24,48
118900198,18,15,3
118900199,52,31,21
118900200,21,13,8
118900201,28,31,-3
118900202,16,49,-33
118900203,11,28,-17
118900204,15,36,-21
118900205,1,8,-7
118900206,6,13,-7
119000001,1006,1161,-155
119000002,2896,2226,670
119000003,1534,859,675
119000004,1536,1009,527
119000005,1253,1356,-103
119000006,2085,1328,757
119000007,2408,2397,11
119000008,1574,1600,-26
119000009,2963,3193,-230
119000010,5566,3767,1799
119000011,3174,2046,1128
119000012,2498,2879,-381
119000013,1939,1334,605
119000014,1763,2728,-965
119000019,176,129,47
119000020,1582,1089,493
119000021,3017,1717,1300
119000022,1627,1610,17
119000023,249,200,49
119000024,1348,7043,-5695
119000025,5253,1184,4069
119000026,103,291,-188
119000027,261,345,-84
119000028,1625,933,692
119000029,92,249,-157
119000030,471,858,-387
119000031,742,691,51
119000032,1537,2068,-531
119000033,1831,1121,710
119000034,771,870,-99
119000035,25,261,-236
119000036,1347,680,667
119000037,878,1401,-523
119000038,105,707,-602
119000039,262,234,28
119000040,720,415,305
119000041,618,1034,-416
119000048,2816,2770,46
119000049,1537,2056,-519
119000050,1344,1683,-339
119000051,1476,891,585
119000052,1489,2419,-930
119000053,1734,1004,730
119000054,2604,2888,-284
119000055,3298,2814,484
119000056,1880,1735,145
119000057,1270,1648,-378
119000058,1583,1495,88
119000059,1060,1275,-215
119000060,1233,926,307
119000061,888,723,165
119000062,967,1109,-142
119000063,388,424,-36
119000064,758,974,-216
119000065,1741,2866,-1125
119000066,1571,966,605
119000067,1661,1902,-241
119000068,1245,933,312
119000069,1212,1872,-660
119000070,1914,879,1035
119000071,470,622,-152
119000072,4034,2440,1594
119000073,3414,5099,-1685
119000074,1026,2013,-987
119000075,1499,1778,-279
119000076,357,659,-302
119000077,519,407,112
119000078,313,197,116
119000079,85,524,-439
119000080,393,192,201
119000081,262,302,-40
119000082,680,175,505
119000083,469,331,138
119000084,251,383,-132
119000085,404,167,237
119000086,193,325,-132
119000087,1404,812,592
119000088,399,230,169
119000089,47,157,-110
119000090,137,155,-18
119000091,134,301,-167
119000092,383,206,177
119000093,3145,2436,709
119000094,2437,4665,-2228
119000095,1453,2197,-744
119000097,2024,1312,712
119000098,696,1929,-1233
119000099,2145,1492,653
119000100,2668,2358,310
119000101,2848,1512,1336
119000102,856,909,-53
119000103,1409,489,920
119000104,2041,1133,908
119000105,764,1505,-741
119000106,350,1071,-721
119000107,656,371,285
119000108,348,838,-490
119000109,110,313,-203
119000110,307,254,53
119000111,33,519,-486
119000112,138,75,63
119000113,1734,208,1526
119000114,667,616,51
119000115,103,101,2
119000116,96,69,27
119000117,83,281,-198
119000118,4,2,2
119000123,3739,1173,2566
119000124,482,194,288
119000125,2889,718,2171
119000126,898,592,306
119000127,463,424,39
119000128,18,1,17
119000131,728,573,155
119000132,3,0,3
119000133,3,3,0
119000134,1714,531,1183
119000135,124,175,-51
119000136,196,206,-10
119000137,159,304,-145
119000138,285,247,38
119000139,221,200,21
119000140,154,328,-174
119000284,1141,2305,-1164
119000285,1995,1982,13
119000286,6196,4837,1359
119000287,944,1716,-772
119000288,1549,1059,490
119000289,1785,2322,-537
119000290,210,353,-143
119000291,4,241,-237
119000293,79,128,-49
119000294,50,30,20
119000295,948,311,637
119000296,187,122,65
119000302,2236,1168,1068
119000303,64,118,-54
119000304,0,0,0
119000310,0,0,0
119000314,1266,7526,-6260
119000315,0,389,-389
119000316,86,117,-31
119000317,74,230,-156
119900001,147,948,-801
119900002,133,214,-81
119900003,59,907,-848
119900004,304,835,-531
119900005,100,116,-16
119900006,150,290,-140
119900007,991,159,832
119900008,37,31,6
119900009,525,557,-32
119900010,517,740,-223
119900011,15,65,-50
119900012,19,75,-56
119900013,1408,792,616
119900014,377,164,213
119900015,95,33,62
119900016,30,63,-33
119900017,57,33,24
119900018,1741,576,1165
119900019,22,6,16
119900020,181,214,-33
119900021,99,61,38
119900022,105,526,-421
119900023,515,1202,-687
119900025,143,23,120
119900026,620,124,496
119900027,34,19,15
119900028,234,91,143
119900029,1,4,-3
119900030,395,358,37
119900031,52,300,-248
119900033,1767,205,1562
119900034,315,98,217
119900037,155,28,127
119900038,37,239,-202
119900039,30,9,21
119900040,97,13,84
119900041,56,19,37
119900042,49,96,-47
119900043,79,117,-38
119900044,178,645,-467
119900046,97,48,49
119900047,193,60,133
119900048,95,38,57
119900049,118,8,110
119900050,62,74,-12
119900051,644,11,633
119900052,37,34,3
119900053,178,138,40
119900054,89,11,78
119900055,977,421,556
119900057,154,46,108
119900058,191,3,188
119900059,68,38,30
119900060,179,21,158
119900061,174,11,163
119900062,45,15,30
119900063,7,35,-28
119900065,196,20,176
119900066,4,0,4
119900067,96,27,69
119900068,378,1,377
119900069,80,5,75
119900070,598,1,597
119900071,417,8,409
119900073,1400,501,899
119900074,42,15,27
119900075,3885,2142,1743
119900076,389,365,24
119900077,632,863,-231
119900078,586,937,-351
119900079,524,198,326
119900080,275,237,38
119900081,392,74,318
119900082,741,79,662
119900083,333,164,169
119900084,549,241,308
119900085,54,81,-27
119900086,379,890,-511
119900087,535,290,245
119900088,18,42,-24
119900089,23,385,-362
119900090,123,51,72
119900091,35,700,-665
119900092,23,277,-254
119900093,877,172,705
119900094,57,133,-76
119900095,185,95,90
119900096,31,98,-67
119900097,537,110,427
119900098,32,41,-9
119900099,39,181,-142
119900100,1876,1864,12
119900101,120,837,-717
119900102,83,201,-118
119900103,33,247,-214
119900104,39,161,-122
119900105,525,1256,-731
119900106,25,123,-98
119900107,270,2210,-1940
119900108,1555,488,1067
119900109,50,143,-93
119900110,575,461,114
119900111,77,257,-180
119900112,1274,452,822
119900113,80,223,-143
119900114,162,818,-656
119900115,206,921,-715
119900116,84,312,-228
119900117,290,481,-191
119900118,70,694,-624
119900119,156,161,-5
119900120,520,327,193
119900121,305,864,-559
119900122,627,333,294
119900123,145,195,-50
119900124,187,731,-544
119900125,45,233,-188
119900126,2757,249,2508
119900127,1717,997,720
119900128,337,509,-172
119900129,200,358,-158
119900130,13,178,-165
119900131,39,181,-142
119900132,2,211,-209
119900133,60,69,-9
119900134,1380,195,1185
119900135,3,314,-311
119900136,157,279,-122
119900138,291,438,-147
119900139,21,78,-57
119900140,1,118,-117
119900141,115,570,-455
119900142,13,31,-18
119900143,6,153,-147
119900144,1456,215,1241
119900145,84,108,-24
119900146,118,178,-60
119900147,0,116,-116
119900148,101,69,32
119900149,948,2610,-1662
119900150,137,153,-16
119900151,1094,479,615
119900152,109,279,-170
119900153,123,66,57
119900154,17,365,-348
119900155,26,41,-15
119900156,23,13,10
119900157,119,194,-75
119900158,130,68,62
119900159,2,1089,-1087
119900160,30,108,-78
119900161,151,160,-9
119900162,624,748,-124
119900163,101,142,-41
119900164,0,5,-5
119900165,142,193,-51
119900166,78,41,37
119900167,69,65,4
119900168,692,368,324
119900169,64,268,-204
119900170,174,267,-93
119900171,885,333,552
119900172,118,21,97
119900173,5,295,-290
119900174,4,128,-124
119900175,882,611,271
119900177,26,205,-179
119900178,4,111,-107
119900179,68,369,-301
119900180,657,690,-33
119900181,61,98,-37
119900182,10,234,-224
119900183,154,592,-438
119900184,1674,467,1207
119900185,29,131,-102
119900186,49,512,-463
119900187,13,257,-244
119900188,74,326,-252
119900189,406,364,42
119900190,55,175,-120
119900191,276,139,137
119900192,50,178,-128
119900193,225,160,65
119900194,29,75,-46
119900195,28,140,-112
119900196,853,332,521
119900197,115,109,6
119900198,109,216,-107
119900199,144,8,136
119900200,407,542,-135
119900201,270,144,126
119900202,81,169,-88
119900203,134,393,-259
119900204,237,261,-24
119900205,514,471,43
119900206,135,153,-18
119900208,135,133,2
119900209,382,869,-487
119900210,35,24,11
119900211,82,9,73
119900212,145,287,-142
119900213,13,62,-49
119900214,22,81,-59
119900215,67,86,-19
119900216,13,95,-82
119900217,12,81,-69
119900218,20,84,-64
119900219,6,100,-94
119900220,8,82,-74
119900221,32,226,-194
119900222,11,158,-147
119900223,11,64,-53
119900224,10,20,-10
119900225,848,38,810
119900226,450,1263,-813
119900227,879,209,670
119900228,24,176,-152
119900229,410,362,48
119900230,1202,458,744
119900231,145,124,21
119900232,222,105,117
119900233,20,2,18
119900234,19,39,-20
119900235,44,30,14
119900236,23,150,-127
119900237,31,224,-193
119900238,2,60,-58
119900240,101,134,-33
119900241,152,256,-104
119900242,882,1302,-420
119900244,451,1047,-596
119900245,106,151,-45
119900246,279,455,-176
119900247,24,109,-85
119900248,72,176,-104
119900249,185,55,130
119900253,2158,251,1907
119900254,69,481,-412
119900255,47,471,-424
119900256,385,586,-201
119900257,45,6,39
119900258,90,4,86
119900259,22,93,-71
119900260,60,7,53
119900261,300,97,203
119900262,0,188,-188
119900263,821,337,484
119900264,85,127,-42
119900265,255,309,-54
119900266,230,219,11
119900267,308,511,-203
119900268,109,157,-48
119900269,619,815,-196
119900271,20,67,-47
119900272,276,103,173
119900275,86,20,66
119900276,66,6,60
119900277,8,9,-1
119900278,155,75,80
119900279,86,162,-76
119900280,652,145,507
119900281,1,145,-144
119900282,32,64,-32
119900283,8,192,-184
119900284,47,160,-113
119900285,27,40,-13
119900286,2,11,-9
119900288,3,26,-23
119900289,2,25,-23
119900290,8,15,-7
119900291,3,55,-52
119900292,29,43,-14
119900293,19,68,-49
119900294,18,40,-22
119900295,25,48,-23
119900296,15,216,-201
119900297,2,22,-20
119900298,9,6,3
119900299,33,111,-78
119900300,120,91,29
119900301,24,16,8
119900302,40,27,13
119900303,114,99,15
119900304,97,22,75
119900305,16,99,-83
119900306,20,0,20
119900307,56,63,-7
119900308,3,21,-18
119900309,26,113,-87
119900310,211,264,-53
119900311,56,87,-31
119900312,75,77,-2
119900313,261,222,39
119900314,130,266,-136
119900315,1403,1603,-200
119900318,9,42,-33
119900319,2,162,-160
119900320,90,392,-302
119900321,46,1,45
120000001,4868,10813,-5945
120000002,2252,2906,-654
120000003,3081,1759,1322
120000004,2706,2143,563
120000005,4164,1956,2208
120000006,1128,1266,-138
120000007,3259,2694,565
120000008,948,1308,-360
120000009,2900,920,1980
120000010,1438,2438,-1000
120000011,881,1647,-766
120000012,1474,2384,-910
120000013,2423,2298,125
120000014,574,1207,-633
120000015,2104,1374,730
120000016,3037,2134,903
120000017,2037,1886,151
120000018,3497,8682,-5185
120000019,875,1197,-322
120000020,2562,2719,-157
120000021,1606,1912,-306
120000022,2473,3379,-906
120000023,1000,1469,-469
120000024,1296,2251,-955
120000025,2086,1802,284
120000026,1399,1695,-296
120000027,1761,2094,-333
120000028,1102,1140,-38
120000029,3641,779,2862
120000030,214,817,-603
120000031,1495,4669,-3174
120000032,6859,4176,2683
120000033,4537,1799,2738
120000034,1420,1533,-113
120000035,1487,1667,-180
120000036,2304,4381,-2077
120000037,662,1234,-572
120000038,5508,2797,2711
120000039,544,672,-128
120000040,81,237,-156
120000041,2271,1286,985
120000042,1556,1995,-439
120000043,3837,1685,2152
120000044,3940,1457,2483
120000045,4326,987,3339
120000046,2327,2217,110
120000047,966,3834,-2868
120000048,6198,3645,2553
120000049,2521,2427,94
120000050,3260,3558,-298
120000051,2684,3598,-914
120000052,7362,2122,5240
120000053,1149,2433,-1284
120000054,1209,3830,-2621
120000055,1652,4380,-2728
120000056,3482,3176,306
120000057,2235,743,1492
120000058,5221,753,4468
120000059,22,1588,-1566
120000061,104,443,-339
120000062,167,280,-113
120000063,1574,2366,-792
120000064,219,945,-726
120000065,488,1360,-872
120000066,256,489,-233
120000067,127,450,-323
120000068,185,804,-619
120000069,468,856,-388
120000070,79,608,-529
120000071,398,114,284
120000072,601,428,173
120000073,718,82,636
120000074,280,104,176
120000075,853,312,541
120000076,1380,400,980
120000077,1420,592,828
120000078,2740,1147,1593
120000079,290,336,-46
120000080,200,248,-48
120000081,317,206,111
120000082,211,272,-61
120000083,130,588,-458
120000084,322,300,22
120000085,214,285,-71
120000086,210,454,-244
120000087,148,574,-426
120000088,550,959,-409
120000089,861,595,266
120000090,543,429,114
120000091,692,800,-108
120000092,1012,458,554
120000093,278,355,-77
120000094,182,633,-451
120000095,825,487,338
120000096,197,615,-418
120000098,811,694,117
120000099,325,771,-446
120000100,699,984,-285
120000101,350,414,-64
120000102,400,674,-274
120000103,1240,675,565
120000104,1292,411,881
120000105,2429,626,1803
120000106,1743,612,1131
120000107,2735,552,2183
120000108,924,115,809
120000109,992,76,916
120000110,78,803,-725
120000111,89,977,-888
120000112,681,2512,-1831
120000113,538,1831,-1293
120000114,982,2542,-1560
120000115,273,2136,-1863
120000116,657,1858,-1201
120000117,1088,1280,-192
120000118,38,26,12
120000119,17,67,-50
120000120,69,71,-2
120000121,24,58,-34
120000122,225,315,-90
120000123,4468,3896,572
120000124,324,267,57
120000125,381,579,-198
120000126,382,711,-329
120000127,2532,752,1780
120000128,3182,3094,88
120000129,240,247,-7
120000130,654,462,192
120000131,238,561,-323
120000134,376,902,-526
120000135,407,367,40
120000137,179,981,-802
120000138,582,336,246
120000139,214,619,-405
120000140,546,393,153
120000141,212,406,-194
120000142,402,474,-72
120000143,1,80,-79
120000144,74,2,72
120000145,321,3,318
120000146,1224,835,389
120000149,550,892,-342
120000150,2703,9327,-6624
120000151,324,422,-98
120000152,311,172,139
120000153,227,503,-276
120000154,416,387,29
120000155,114,237,-123
120000156,866,780,86
120000157,815,492,323
120000158,678,765,-87
120000159,1910,2440,-530
120000160,2045,1214,831
120000161,1652,1961,-309
120000162,79,258,-179
120000163,518,970,-452
120000164,439,269,170
120000165,440,730,-290
120000166,1298,457,841
120000167,34,88,-54
120000168,4,221,-217
120000169,31,800,-769
120000170,24,413,-389
120000171,8,146,-138
120000172,56,130,-74
120000173,3281,696,2585
120000174,495,34,461
120000175,323,34,289
120000176,331,30,301
120000177,906,108,798
120000178,56,16,40
120000179,238,19,219
120000180,328,44,284
120000181,48,385,-337
120000182,62,209,-147
120000183,4,122,-118
120000184,54,606,-552
120000186,97,205,-108
120000187,42,156,-114
120000188,127,200,-73
120000190,953,30,923
120000191,726,59,667
120000192,729,13,716
120000193,326,5,321
120000195,63,5,58
120000196,240,31,209
120000197,82,84,-2
120000198,121,67,54
120000199,88,0,88
120000200,82,1,81
120000201,13,23,-10
120000202,0,43,-43
120000203,24,208,-184
120000207,1,47,-46
120000208,15,188,-173
120000209,7,56,-49
120000210,70,65,5
120000211,111,2,109
120000212,145,0,145
120000213,95,252,-157
120000214,1,237,-236
120000215,6,119,-113
120000216,43,13,30
120000217,479,846,-367
120000218,144,595,-451
120000219,3,396,-393
120000220,2,1312,-1310
120000225,1250,10,1240
120000226,293,1,292
120000227,640,30,610
120000228,5949,2326,3623
120000230,263,6,257
120000231,861,1770,-909
120000233,200,20,180
120000235,221,673,-452
120000236,744,2,742
120000237,3,1149,-1146
120000238,1,346,-345
120000241,933,2855,-1922
120000412,951,13,938
120000413,221,212,9
120000414,116,3,113
120000415,2,145,-143
120000416,97,6,91
120000417,21,84,-63
120000418,97,14,83
120000419,10,279,-269
120000420,52,32,20
120000421,9572,5727,3845
120000422,115,950,-835
120000423,3,50,-47
120000424,72,137,-65
120000436,142,513,-371
120000437,130,103,27
120000438,2380,264,2116
120000439,177,420,-243
120000443,202,1,201
120000444,1191,454,737
120000445,1271,924,347
120000446,615,162,453
120000447,173,3,170
120000449,114,7,107
120000450,3,216,-213
120000451,69,129,-60
120000452,100,1,99
120000453,0,196,-196
120000454,59,40,19
120000455,73,66,7
120000456,1912,2847,-935
120000457,873,483,390
120000458,381,590,-209
120000459,52,44,8
120000665,609,201,408
120000668,152,533,-381
120000669,36,146,-110
120000670,315,546,-231
120000671,992,361,631
120000672,92,505,-413
120900001,53,95,-42
120900002,340,377,-37
120900003,262,23,239
120900004,17,44,-27
120900005,69,637,-568
120900006,269,154,115
120900007,127,70,57
120900008,206,1062,-856
120900009,500,31,469
120900010,285,75,210
120900011,179,146,33
120900012,331,828,-497
120900013,226,54,172
120900014,4,434,-430
120900015,464,75,389
120900016,593,43,550
120900017,2061,105,1956
120900018,87,380,-293
120900019,479,336,143
120900020,694,1006,-312
120900021,595,199,396
120900022,52,276,-224
120900023,201,24,177
120900024,1580,461,1119
120900025,1489,904,585
120900026,171,154,17
120900027,672,27,645
120900028,278,83,195
120900029,179,362,-183
120900030,837,547,290
120900031,230,73,157
120900032,761,93,668
120900033,756,57,699
120900034,29,2071,-2042
120900035,25,76,-51
120900037,141,6,135
120900038,60,213,-153
120900039,62,33,29
120900040,188,2,186
120900041,127,21,106
120900042,334,36,298
120900043,42,24,18
120900044,11,338,-327
120900045,113,88,25
120900046,331,4,327
120900047,107,72,35
120900048,84,16,68
120900049,335,1,334
120900050,1715,1001,714
120900051,278,112,166
120900052,485,3,482
120900053,226,56,170
120900054,1500,438,1062
120900055,327,4,323
120900056,350,12,338
120900057,96,14,82
120900058,387,1,386
120900059,64,3,61
120900060,62,21,41
120900061,251,172,79
120900062,207,1,206
120900063,422,7,415
120900064,426,1,425
120900065,353,1,352
120900066,245,257,-12
120900067,141,58,83
120900068,174,0,174
120900069,154,49,105
120900071,9,0,9
120900072,563,6,557
120900073,371,121,250
120900074,516,21,495
120900076,237,2,235
120900077,2253,257,1996
120900078,682,1021,-339
120900079,629,142,487
120900080,521,1721,-1200
120900081,505,710,-205
120900082,497,383,114
120900083,98,6,92
120900084,216,325,-109
120900085,65,103,-38
120900086,118,242,-124
120900087,354,278,76
120900088,125,265,-140
120900089,2966,1932,1034
120900090,153,102,51
120900091,600,647,-47
120900092,1408,440,968
120900093,1813,166,1647
120900094,445,159,286
120900095,308,24,284
120900096,44,174,-130
120900097,510,532,-22
120900098,300,129,171
120900099,96,59,37
120900100,84,241,-157
120900101,689,253,436
120900102,29,83,-54
120900103,67,186,-119
120900104,21,49,-28
120900105,47,359,-312
120900106,1422,535,887
120900107,243,130,113
120900108,3,469,-466
120900109,55,512,-457
120900110,9,715,-706
120900111,142,318,-176
120900112,15,675,-660
120900113,21,748,-727
120900114,41,129,-88
120900115,161,224,-63
120900116,203,264,-61
120900117,3,437,-434
120900118,10,698,-688
120900119,2879,4255,-1376
120900120,53,437,-384
120900121,102,452,-350
120900122,378,386,-8
120900123,1,365,-364
120900124,4,559,-555
120900125,6,621,-615
120900126,1690,1199,491
120900127,8,410,-402
120900128,1350,1438,-88
120900129,87,250,-163
120900130,1,320,-319
120900131,53,60,-7
120900132,653,250,403
120900133,124,728,-604
120900134,948,393,555
120900135,9,492,-483
120900136,58,109,-51
120900137,157,105,52
120900138,36,190,-154
120900139,6,496,-490
120900140,8,40,-32
120900141,149,210,-61
120900142,14,440,-426
120900143,1,638,-637
120900144,0,99,-99
120900145,105,774,-669
120900146,0,984,-984
120900147,2,378,-376
120900148,63,121,-58
120900149,0,235,-235
120900150,31,512,-481
120900151,1,594,-593
120900152,1,42,-41
120900153,16,50,-34
120900154,0,202,-202
120900155,139,1005,-866
120900156,39,333,-294
120900157,84,184,-100
120900158,40,528,-488
120900159,173,290,-117
120900160,16,589,-573
120900161,30,404,-374
120900162,46,464,-418
120900163,51,491,-440
120900164,4,13,-9
120900165,28,69,-41
120900166,72,310,-238
120900167,297,129,168
120900169,48,332,-284
120900170,1256,2070,-814
120900171,994,259,735
120900172,681,676,5
120900173,0,79,-79
120900174,6,96,-90
120900175,262,117,145
120900176,11,283,-272
120900177,1,749,-748
120900178,1,328,-327
120900179,1098,450,648
120900180,83,128,-45
120900181,143,66,77
120900182,22,355,-333
120900183,378,72,306
120900184,174,39,135
120900185,5,191,-186
120900186,1,400,-399
120900187,372,828,-456
120900188,129,14,115
120900189,71,763,-692
120900190,52,5,47
120900191,3,22,-19
120900192,8702,4779,3923
120900194,39,57,-18
120900195,78,201,-123
120900196,646,27,619
120900197,457,89,368
120900198,289,475,-186
120900199,226,359,-133
120900200,61,90,-29
120900201,399,154,245
120900202,1,164,-163
120900203,22,85,-63
120900204,153,232,-79
120900205,60,65,-5
120900206,13,30,-17
120900207,70,1145,-1075
121000001,678,848,-170
121000002,1929,1000,929
121000003,2233,1538,695
121000004,2541,2712,-171
121000005,1614,2137,-523
121000006,3144,1425,1719
121000007,2248,2357,-109
121000008,4471,2665,1806
121000009,4365,4535,-170
121000010,7077,4223,2854
121000011,7055,10076,-3021
121000012,13933,8388,5545
121000013,4481,6031,-1550
121000014,5971,5045,926
121000015,3385,6324,-2939
121000016,4464,3096,1368
121000017,1587,3220,-1633
121000018,2209,1377,832
121000019,14587,10434,4153
121000020,10528,12009,-1481
121000021,2505,2404,101
121000022,1892,2263,-371
121000023,3021,2507,514
121000024,3653,4199,-546
121000025,471,1174,-703
121000026,287,133,154
121000027,1443,951,492
121000028,625,389,236
121000029,800,491,309
121000030,441,286,155
121000031,608,568,40
121000032,155,80,75
121000034,536,164,372
121000035,132,98,34
121000036,1117,691,426
121000037,492,377,115
121000038,423,757,-334
121000039,195,329,-134
121000041,474,379,95
121000042,245,285,-40
121000043,562,421,141
121000044,1174,671,503
121000045,341,198,143
121000046,473,612,-139
121000047,100,75,25
121000049,1528,478,1050
121000050,313,929,-616
121000051,711,222,489
121000052,276,459,-183
121000053,304,91,213
121000054,39,318,-279
121000055,925,928,-3
121000056,689,901,-212
121000057,378,405,-27
121000058,443,249,194
121000059,1704,1119,585
121000060,510,866,-356
121000061,157,222,-65
121000062,479,312,167
121000063,613,613,0
121000064,541,667,-126
121000065,432,435,-3
121000066,664,462,202
121000067,810,470,340
121000068,644,313,331
121000069,569,612,-43
121000070,1817,1010,807
121000071,1185,1045,140
121000072,922,609,313
121000073,762,747,15
121000074,59,136,-77
121000075,62,279,-217
121000076,1303,412,891
121000077,151,186,-35
121000078,106,165,-59
121000080,2032,502,1530
121000081,2275,2414,-139
121000082,121,255,-134
121000083,206,125,81
121000084,119,123,-4
121000085,291,362,-71
121000086,167,627,-460
121000087,46,236,-190
121000088,402,442,-40
121000089,324,281,43
121000090,328,292,36
121000091,1414,778,636
121000092,181,55,126
121000093,160,196,-36
121000094,548,590,-42
121000095,374,424,-50
121000096,1905,2034,-129
121000097,780,1764,-984
121000098,503,854,-351
121000099,678,606,72
121000100,816,380,436
121000101,299,231,68
121000102,228,216,12
121000103,265,211,54
121000104,221,115,106
121000105,320,169,151
121000106,291,248,43
121000107,1783,2849,-1066
121000109,1262,973,289
121000110,275,635,-360
121000114,2334,1886,448
121000115,810,643,167
121000116,261,753,-492
121000117,834,184,650
121000118,1201,205,996
121000119,308,354,-46
121000120,162,318,-156
121000121,460,730,-270
121000123,1123,531,592
121000127,96,66,30
121000128,876,328,548
121000129,605,466,139
121000130,446,656,-210
121000131,2231,1433,798
121000132,1369,1386,-17
121000135,260,380,-120
121000136,1830,745,1085
121000137,434,223,211
121000138,1082,814,268
121000139,621,239,382
121000141,166,68,98
121000142,611,677,-66
121000143,108,31,77
121000144,889,1533,-644
121000145,479,864,-385
121000146,985,636,349
121000147,919,332,587
121000148,751,896,-145
121000149,1748,1210,538
121000152,497,450,47
121000153,1390,487,903
121000154,763,474,289
121000155,1104,976,128
121000156,378,846,-468
121000157,900,1584,-684
121000158,337,484,-147
121000159,172,359,-187
121000160,296,380,-84
121000161,180,233,-53
121000162,82,183,-101
121000165,1265,1629,-364
121000166,16,424,-408
121000168,325,154,171
121000169,49,154,-105
121000170,229,73,156
121000171,63,136,-73
121000172,536,444,92
121000173,933,866,67
121000174,280,351,-71
121000175,841,352,489
121000176,325,221,104
121000177,985,497,488
121000178,118,61,57
121000179,60,53,7
121000181,433,428,5
121000182,106,190,-84
121000183,67,68,-1
121000184,53,70,-17
121000185,48,130,-82
121000186,167,330,-163
121000187,130,121,9
121000188,127,149,-22
121000192,741,323,418
121000193,492,419,73
121000194,1859,1712,147
121000195,286,775,-489
121000196,784,259,525
121000197,155,455,-300
121000198,168,89,79
121000199,103,200,-97
121000200,438,74,364
121000201,11,168,-157
121000202,655,79,576
121000203,858,1750,-892
121000204,2139,647,1492
121000205,134,183,-49
121000206,96,21,75
121000207,1529,328,1201
121000208,7,245,-238
121000209,389,262,127
121000210,486,297,189
121000211,267,105,162
121000212,378,378,0
121000213,6568,2423,4145
121000214,545,2219,-1674
121000215,872,693,179
121000216,474,641,-167
121000217,3800,2439,1361
121000218,503,1461,-958
121000219,1291,393,898
121000220,201,57,144
121000221,114,172,-58
121000222,2216,2051,165
121000223,895,378,517
121000224,379,194,185
121000225,1835,1421,414
121000226,2448,1080,1368
121000227,13,171,-158
121000228,12,444,-432
121000229,200,261,-61
121000230,46,1250,-1204
121000231,775,31,744
121000232,459,289,170
121000233,506,335,171
121000234,50,52,-2
121000235,112,123,-11
121000236,15,39,-24
121000237,97,35,62
121000238,13,68,-55
121000239,99,26,73
121000240,9,160,-151
121000241,90,21,69
121000242,93,356,-263
121000243,878,306,572
121000244,30,94,-64
121000245,165,45,120
121000246,10,88,-78
121000247,104,11,93
121000248,2104,524,1580
121000249,103,150,-47
121000250,411,152,259
121000251,31,288,-257
121000252,94,64,30
121000253,512,377,135
121000254,604,187,417
121000255,228,115,113
121000256,311,130,181
121000257,101,76,25
121000258,143,74,69
121000259,90,69,21
121000260,239,114,125
121000261,255,47,208
121000262,681,615,66
121000263,353,372,-19
121000271,197,1217,-1020
121000273,53,4,49
121000274,5,25,-20
121000275,2,16,-14
121000276,10,9,1
121000278,19,27,-8
121000279,23,12,11
121000280,27,26,1
121000289,206,25,181
121000290,993,702,291
121000294,130,78,52
121000297,1102,924,178
121000299,249,393,-144
121000300,740,471,269
121000302,102,995,-893
121000303,435,323,112
121000304,399,40,359
121000305,171,34,137
121000306,102,85,17
121000308,163,281,-118
121000309,311,392,-81
121000310,88,300,-212
121000311,62,719,-657
121000312,213,196,17
121000313,254,394,-140
121000314,177,126,51
121000315,58,138,-80
121000530,1183,974,209
121000531,1143,1230,-87
121000532,5640,5872,-232
121000533,2733,2668,65
121000918,93,147,-54
121000919,66,61,5
121000938,287,526,-239
121000939,443,380,63
121000956,1028,864,164
121000957,25,12,13
121000958,59,35,24
121000959,564,493,71
121000960,1526,1473,53
121000961,224,187,37
121000962,244,526,-282
121000963,0,0,0
121000973,2,120,-118
121000976,8,163,-155
121000979,338,129,209
121000981,539,419,120
121000982,321,117,204
121000983,381,306,75
121000984,25,52,-27
121000985,515,314,201
121000986,256,202,54
121000987,221,720,-499
121000988,619,93,526
121001302,260,100,160
121001308,4,7,-3
121001309,77,54,23
121001313,311,159,152
121001314,1888,2342,-454
121001315,3817,1752,2065
121001326,34,44,-10
121900001,89,116,-27
121900002,45,28,17
121900003,336,12,324
121900004,115,221,-106
121900005,35,11,24
121900006,116,16,100
121900007,1232,1953,-721
121900008,903,304,599
121900009,338,8,330
121900010,231,4,227
121900011,102,225,-123
121900012,5,0,5
121900013,1345,99,1246
121900014,941,308,633
121900015,145,140,5
121900016,7,29,-22
121900017,333,314,19
121900018,227,3,224
121900019,317,148,169
121900020,37,2,35
121900021,683,28,655
121900022,241,198,43
121900023,75,139,-64
121900024,268,83,185
121900025,479,262,217
121900026,300,37,263
121900027,201,81,120
121900028,160,12,148
121900029,54,65,-11
121900030,392,461,-69
121900031,769,4323,-3554
121900032,47,76,-29
121900033,143,142,1
121900034,266,53,213
121900035,1686,1568,118
121900036,50,203,-153
121900037,109,573,-464
121900038,29,153,-124
121900039,338,42,296
121900040,75,71,4
121900041,60,125,-65
121900042,235,98,137
121900043,2,6,-4
121900044,138,40,98
121900046,164,173,-9
121900047,120,63,57
121900048,46,92,-46
121900050,29,26,3
121900051,110,129,-19
121900052,111,50,61
121900053,325,218,107
121900054,352,712,-360
121900055,3,10,-7
121900058,162,116,46
121900059,270,116,154
121900060,117,234,-117
121900061,246,103,143
121900062,109,66,43
121900063,887,280,607
121900064,198,425,-227
121900066,28,17,11
121900067,31,43,-12
121900069,203,82,121
121900070,122,64,58
121900071,249,173,76
121900072,37,120,-83
121900073,153,136,17
121900074,517,742,-225
121900075,309,335,-26
121900076,246,343,-97
121900077,6,19,-13
121900078,61,18,43
121900079,0,0,0
121900080,813,264,549
121900082,42,73,-31
121900084,15,143,-128
121900085,2,10,-8
121900086,15,25,-10
121900087,106,86,20
121900088,1419,2471,-1052
121900089,114,256,-142
121900090,24,80,-56
121900091,49,60,-11
121900092,64,60,4
121900093,77,46,31
121900094,11,10,1
121900095,226,91,135
121900096,1068,457,611
121900097,371,113,258
121900098,4,4,0
121900099,192,41,151
121900100,214,339,-125
121900101,88,70,18
121900102,9,86,-77
121900103,475,182,293
121900104,1245,369,876
121900105,182,134,48
121900106,3,9,-6
121900107,33,16,17
121900108,1,13,-12
121900109,221,142,79
121900110,295,699,-404
121900111,805,123,682
121900112,135,106,29
121900113,60,243,-183
121900117,115,37,78
121900118,1479,499,980
121900119,156,101,55
121900120,39,951,-912
121900121,367,30,337
121900122,35,33,2
121900123,134,353,-219
121900124,119,109,10
121900125,1031,772,259
121900127,15,67,-52
121900128,51,63,-12
121900129,540,206,334
121900130,98,185,-87
121900131,175,58,117
121900132,45,59,-14
121900133,114,672,-558
121900134,29,169,-140
121900135,1565,278,1287
121900136,262,270,-8
121900137,45,278,-233
121900138,104,107,-3
121900139,339,386,-47
121900140,71,161,-90
121900141,67,36,31
121900142,92,91,1
121900143,7,117,-110
121900144,118,230,-112
121900145,132,159,-27
121900146,451,583,-132
121900147,60,164,-104
121900148,155,208,-53
121900149,226,461,-235
121900150,84,152,-68
121900151,63,217,-154
121900152,59,108,-49
121900153,83,607,-524
121900154,17,198,-181
121900155,2,108,-106
121900156,161,101,60
121900157,0,278,-278
121900158,82,81,1
121900159,1,183,-182
121900160,39,182,-143
121900161,344,255,89
121900162,69,105,-36
121900163,208,432,-224
121900164,309,134,175
121900165,206,122,84
121900166,138,88,50
121900167,99,77,22
121900168,132,211,-79
121900169,7,147,-140
121900170,7,162,-155
121900171,525,371,154
121900172,446,219,227
121900173,749,243,506
121900174,29,41,-12
121900175,84,161,-77
121900176,396,1211,-815
121900177,134,61,73
121900178,42,48,-6
121900179,241,114,127
121900180,2846,2999,-153
121900182,491,178,313
121900183,627,705,-78
121900184,70,311,-241
121900186,7,177,-170
121900187,24,126,-102
121900188,358,321,37
121900189,39,92,-53
121900190,196,422,-226
121900191,78,151,-73
121900192,283,556,-273
121900193,34,98,-64
121900194,5,87,-82
121900195,52,70,-18
121900196,595,750,-155
121900197,223,1113,-890
121900198,923,679,244
121900199,5,54,-49
121900200,73,221,-148
121900201,697,617,80
121900202,95,478,-383
121900203,167,595,-428
121900204,692,792,-100
121900205,27,60,-33
121900206,18,18,0
121900207,99,36,63
121900208,128,157,-29
121900209,60,26,34
121900210,891,703,188
121900211,254,360,-106
121900212,119,109,10
121900213,140,52,88
121900214,9,332,-323
121900215,44,60,-16
121900216,22,110,-88
121900217,203,133,70
121900218,169,265,-96
121900220,77,6,71
121900221,178,459,-281
121900222,122,116,6
121900223,140,38,102
121900224,63,24,39
121900225,93,67,26
121900226,207,397,-190
121900227,199,310,-111
121900228,169,243,-74
121900230,94,137,-43
121900231,298,1028,-730
121900232,181,390,-209
121900233,118,156,-38
121900234,215,200,15
121900235,327,139,188
121900236,245,127,118
121900237,176,207,-31
121900238,150,218,-68
121900239,151,24,127
121900240,232,91,141
121900241,36,40,-4
121900242,38,53,-15
121900245,166,46,120
121900246,1334,158,1176
121900247,146,149,-3
121900248,1039,845,194
121900250,221,222,-1
121900251,253,17,236
121900252,426,110,316
121900253,193,815,-622
121900254,486,154,332
121900255,229,68,161
121900258,2281,1860,421
121900259,314,471,-157
121900260,106,134,-28
121900261,183,413,-230
121900262,280,639,-359
121900263,146,216,-70
121900264,1514,1039,475
121900265,171,215,-44
121900266,306,124,182
121900267,66,22,44
121900269,143,466,-323
121900270,15,163,-148
121900271,21,108,-87
121900273,441,1207,-766
121900274,183,210,-27
121900277,411,723,-312
121900278,119,754,-635
121900279,89,127,-38
121900280,98,225,-127
121900281,279,295,-16
121900284,41,7,34
121900286,156,92,64
121900287,14,17,-3
121900288,1,1,0
121900290,200,221,-21
121900291,333,476,-143
121900292,135,148,-13
121900293,937,2223,-1286
121900294,232,0,232
121900295,157,235,-78
121900296,47,92,-45
121900298,194,569,-375
121900299,0,2,-2
121900300,215,12,203
121900301,75,4,71
121900302,0,22,-22
121900303,306,260,46
121900304,4,54,-50
121900305,4,4,0
121900306,218,2,216
121900307,66,7,59
121900308,21,205,-184
121900309,10,187,-177
121900310,36,419,-383
121900311,416,24,392
121900312,272,17,255
121900313,303,45,258
121900314,4,40,-36
121900315,29,0,29
121900316,0,11,-11
121900317,13,13,0
121900318,0,17,-17
121900319,42,66,-24
121900320,39,54,-15
121900321,4,2,2
121900322,1,28,-27
121900323,23,9,14
121900324,7,46,-39
121900325,14,4,10
121900326,3,15,-12
121900327,9,35,-26
121900328,0,23,-23
121900329,1,215,-214
121900330,0,37,-37
121900331,21,49,-28
121900332,56,40,16
121900333,24,1,23
121900334,40,46,-6
122000001,1686,3887,-2201
122000002,3294,1345,1949
122000003,1690,2241,-551
122000004,2455,1387,1068
122000005,1822,1708,114
122000006,1604,792,812
122000007,1010,1580,-570
122000008,3241,4260,-1019
122000009,354,340,14
122000010,2012,2495,-483
122000011,2897,1270,1627
122000012,1123,1277,-154
122000013,1062,793,269
122000014,1297,1017,280
122000015,1282,1022,260
122000016,585,831,-246
122000017,1059,925,134
122000018,1304,1163,141
122000019,698,944,-246
122000020,167,219,-52
122000021,247,453,-206
122000022,1080,884,196
122000023,628,1293,-665
122000024,718,989,-271
122000025,1361,1383,-22
122000026,1195,948,247
122000027,523,2013,-1490
122000028,843,416,427
122000029,438,390,48
122000030,357,137,220
122000031,178,274,-96
122000032,1593,1780,-187
122000033,634,1049,-415
122000034,727,583,144
122000035,283,686,-403
122000036,511,434,77
122000037,339,195,144
122000038,281,293,-12
122000039,617,359,258
122000040,267,275,-8
122000041,432,486,-54
122000042,254,395,-141
122000043,142,91,51
122000044,156,155,1
122000045,1176,433,743
122000046,597,651,-54
122000047,273,235,38
122000048,2829,3613,-784
122000049,4543,2911,1632
122000050,1222,747,475
122000051,306,312,-6
122000052,478,372,106
122000053,164,755,-591
122000054,2200,1805,395
122000055,2138,2778,-640
122000056,4349,3100,1249
122000057,2946,3176,-230
122000058,2362,1059,1303
122000059,2774,1499,1275
122000060,744,570,174
122000061,513,421,92
122000062,1530,334,1196
122000063,1056,663,393
122000064,3052,2277,775
122000065,3705,1982,1723
122000066,1274,774,500
122000067,1210,1006,204
122000068,963,908,55
122000069,704,476,228
122000070,644,1356,-712
122000071,1014,959,55
122000072,288,367,-79
122000073,437,557,-120
122000074,2518,1526,992
122000075,610,948,-338
122000076,1925,966,959
122000077,1011,726,285
122000078,2330,2186,144
122000079,1012,1065,-53
122000080,764,326,438
122000081,193,234,-41
122000082,856,696,160
122000083,1175,1718,-543
122000084,899,674,225
122000085,261,805,-544
122000086,1635,3439,-1804
122000087,316,167,149
122000088,245,296,-51
122000089,4330,1798,2532
122000090,192,309,-117
122000091,214,49,165
122000092,122,12,110
122000093,1582,1398,184
122000094,4492,1817,2675
122000095,1915,2599,-684
122000096,1509,1392,117
122000098,2549,1774,775
122000099,1642,490,1152
122000100,745,383,362
122000101,355,472,-117
122000102,1504,1014,490
122000103,1691,1698,-7
122000104,312,138,174
122000105,360,223,137
122000106,353,527,-174
122000107,763,341,422
122000108,374,661,-287
122000109,435,259,176
122000110,336,518,-182
122000111,2405,1152,1253
122000112,779,1185,-406
122000113,580,493,87
122000114,2511,1150,1361
122000115,1859,1053,806
122000116,427,351,76
122000117,900,288,612
122000118,426,536,-110
122000119,2211,1717,494
122000120,1393,2615,-1222
122000121,1345,1975,-630
122000122,604,1196,-592
122000123,1384,1394,-10
122000124,758,367,391
122000125,560,540,20
122000126,506,812,-306
122000127,825,933,-108
122000128,373,532,-159
122000129,457,940,-483
122000130,2269,1124,1145
122000131,913,790,123
122000132,384,334,50
122000133,825,960,-135
122000134,683,600,83
122000135,632,523,109
122000136,624,555,69
122000137,1221,706,515
122000139,1225,2419,-1194
122000140,972,563,409
122000141,2521,689,1832
122000142,316,538,-222
122000143,347,376,-29
122000144,979,860,119
122000145,877,536,341
122000146,426,742,-316
122000147,700,317,383
122000148,2114,1659,455
122000149,1692,1212,480
122000150,984,699,285
122000151,187,242,-55
122000152,344,317,27
122000153,302,233,69
122000154,222,144,78
122000155,1302,1884,-582
122000156,2174,2100,74
122000157,1834,1593,241
122000158,297,447,-150
122000159,616,1089,-473
122000160,2130,1787,343
122000161,849,760,89
122000162,1509,1324,185
122000163,235,81,154
122000164,33,76,-43
122000165,843,556,287
122000166,1007,838,169
122000167,238,188,50
122000168,201,435,-234
122000169,454,121,333
122000170,242,222,20
122000171,42,91,-49
122000172,1153,1264,-111
122000173,1216,1982,-766
122000174,2071,711,1360
122000175,1158,283,875
122000176,377,706,-329
122000177,1188,1215,-27
122000178,2374,1752,622
122000179,1244,2035,-791
122000180,1702,1238,464
122000181,1735,2657,-922
122000182,1854,1279,575
122000183,1611,819,792
122000184,2903,1982,921
122000185,1459,1428,31
122000186,418,645,-227
122000187,1513,725,788
122000188,310,152,158
122000189,168,231,-63
122000190,912,805,107
122000191,814,615,199
122000192,937,222,715
122000193,322,571,-249
122000194,482,172,310
122000195,149,484,-335
122000196,952,561,391
122000197,419,412,7
122000198,406,688,-282
122000199,299,268,31
122000200,1042,505,537
122000201,1518,1381,137
122000202,1138,1162,-24
122000203,1727,1086,641
122000204,1130,1474,-344
122000205,1118,1154,-36
122000206,1721,592,1129
122000207,1711,780,931
122000208,1776,880,896
122000209,1564,304,1260
122000210,1599,1332,267
122000211,1149,898,251
122000212,706,382,324
122000213,947,1019,-72
122000214,1560,1423,137
122000215,1615,1505,110
122000217,1598,1244,354
122000218,678,89,589
122000219,907,761,146
122000220,307,500,-193
122000221,57,293,-236
122000222,545,104,441
122000223,1056,396,660
122000225,599,199,400
122000226,1605,1303,302
122000227,225,1938,-1713
122000228,276,227,49
122000229,35,372,-337
122000230,55,338,-283
122000231,266,635,-369
122000232,557,697,-140
122000233,1,96,-95
122000234,385,116,269
122000235,552,103,449
122000236,790,90,700
122000237,144,63,81
122000238,240,213,27
122000239,439,148,291
122000240,920,588,332
122000241,1117,437,680
122000242,440,108,332
122000243,182,32,150
122000244,59,303,-244
122000245,75,157,-82
122000246,280,148,132
122000247,374,445,-71
122000248,803,1276,-473
122000249,836,642,194
122000250,1571,887,684
122000251,202,428,-226
122000252,483,109,374
122000253,36,183,-147
122000254,308,93,215
122000255,592,1182,-590
122000256,360,809,-449
122000257,162,221,-59
122000258,192,240,-48
122000259,43,309,-266
122000260,7,56,-49
122000261,4,185,-181
122000262,0,72,-72
122000263,341,104,237
122000264,892,277,615
122000265,1891,744,1147
122000266,3690,614,3076
122000267,100,73,27
122000268,119,266,-147
122000269,713,264,449
122000270,566,122,444
122000271,318,804,-486
122000272,309,767,-458
122000273,373,324,49
122000274,165,165,0
122000275,48,160,-112
122000276,549,336,213
122000277,990,1097,-107
122000278,1391,612,779
122000279,186,358,-172
122000280,728,495,233
122000281,757,564,193
122000282,285,208,77
122000283,627,100,527
122000284,220,50,170
122000285,514,100,414
122000286,149,159,-10
122000287,1003,1099,-96
122000288,463,233,230
122000291,1289,577,712
122000293,192,209,-17
122000294,145,174,-29
122000295,1304,179,1125
122000296,34,590,-556
122000297,1725,2169,-444
122000299,377,274,103
122000300,497,480,17
122000301,6912,3081,3831
122000302,816,1064,-248
122000303,2821,1164,1657
122000304,114,223,-109
122000305,903,199,704
122000306,37,593,-556
122000307,180,155,25
122000309,89,49,40
122000310,31,98,-67
122000311,277,126,151
122000312,182,113,69
122000313,120,58,62
122000314,98,184,-86
122000315,173,59,114
122000316,587,184,403
122000317,1110,274,836
122000318,252,593,-341
122000319,238,335,-97
122000320,371,1085,-714
122000321,144,153,-9
122000322,2143,1902,241
122000323,1547,1860,-313
122000324,1119,1068,51
122000325,715,1258,-543
122000326,60,80,-20
122000327,361,571,-210
122000328,668,448,220
122000330,1369,554,815
122000332,229,367,-138
122000333,16,93,-77
122000337,742,915,-173
122000338,306,260,46
122000340,339,374,-35
122000342,1103,745,358
122000343,351,755,-404
122000344,55,19,36
122000345,44,36,8
122000346,286,352,-66
122000348,526,539,-13
122000349,69,450,-381
122000351,127,180,-53
122000352,417,111,306
122000353,79,81,-2
122000355,139,193,-54
122000356,1189,984,205
122000357,79,16,63
122000358,0,27,-27
122000359,0,22,-22
122000360,2,39,-37
122000362,2,65,-63
122000364,100,239,-139
122000365,4,25,-21
122000366,4,2,2
122000368,321,507,-186
122000370,24,49,-25
122000371,37,1,36
122000372,3,0,3
122000381,45,272,-227
122000382,76,152,-76
122000384,2178,1117,1061
122000385,64,0,64
122000386,432,808,-376
122000387,392,422,-30
122000388,1060,540,520
122000389,140,476,-336
122000390,313,176,137
122000391,390,171,219
122000392,174,143,31
122000393,173,135,38
122000394,538,202,336
122000395,124,156,-32
122000396,265,127,138
122000397,93,51,42
122000398,59,54,5
122000399,116,70,46
122000400,152,367,-215
122000401,128,81,47
122000402,193,105,88
122000403,408,626,-218
122000404,130,193,-63
122000408,922,1129,-207
122000503,9,56,-47
122000524,160,92,68
122000544,58,1747,-1689
122000616,337,0,337
122000640,90,109,-19
122000641,117,275,-158
122000642,1147,926,221
122000643,38,123,-85
122000644,111,30,81
122000645,116,124,-8
122000651,1308,700,608
122000664,170,42,128
122000665,982,382,600
122000666,568,863,-295
122000673,40,208,-168
122000674,155,64,91
122000675,1674,829,845
122000686,292,720,-428
122000687,974,255,719
122000688,217,472,-255
122000689,749,413,336
122000690,1485,430,1055
122000691,540,1351,-811
122000692,981,312,669
122000693,323,1061,-738
122000695,260,268,-8
122000696,340,186,154
122000698,302,402,-100
122000699,194,37,157
122000701,998,280,718
122000702,421,1027,-606
122000703,137,64,73
122000712,0,0,0
122000717,125,38,87
122000718,313,524,-211
122000719,155,125,30
122000720,354,192,162
122000724,147,170,-23
122900001,29,2,27
122900002,1165,3831,-2666
122900003,295,68,227
122900004,426,28,398
122900005,99,36,63
122900006,907,145,762
122900007,120,52,68
122900008,617,60,557
122900009,511,280,231
122900010,230,111,119
122900012,219,261,-42
122900014,105,203,-98
122900015,1201,549,652
122900016,105,218,-113
122900017,349,462,-113
122900018,116,22,94
122900019,4,110,-106
122900020,382,338,44
122900021,26,385,-359
122900022,658,624,34
122900023,408,219,189
122900024,155,75,80
122900025,13,207,-194
122900026,39,253,-214
122900027,39,513,-474
122900028,129,160,-31
122900029,3349,2233,1116
122900030,800,532,268
122900031,69,214,-145
122900032,69,260,-191
122900033,242,107,135
122900034,3090,3714,-624
122900035,18,26,-8
122900036,60,98,-38
122900037,290,94,196
122900038,108,2006,-1898
122900039,77,503,-426
122900040,234,341,-107
122900041,282,224,58
122900042,126,231,-105
122900043,286,171,115
122900044,112,304,-192
122900045,65,82,-17
122900046,253,163,90
122900047,114,135,-21
122900048,59,171,-112
122900049,1105,108,997
122900051,70,83,-13
122900052,101,179,-78
122900053,14,22,-8
122900055,225,97,128
122900057,187,57,130
122900061,298,151,147
122900062,439,553,-114
122900063,102,212,-110
122900064,948,321,627
122900065,426,189,237
122900066,466,300,166
122900067,797,605,192
122900068,16,65,-49
122900069,229,1117,-888
122900070,313,41,272
122900071,102,355,-253
122900072,18,378,-360
122900073,18,199,-181
122900074,604,508,96
122900075,0,56,-56
122900076,4,165,-161
122900077,0,123,-123
122900078,153,102,51
122900080,35,30,5
122900081,173,139,34
122900082,604,163,441
122900083,176,124,52
122900084,5,157,-152
122900086,9,75,-66
122900087,211,392,-181
122900088,33,134,-101
122900089,13,70,-57
122900090,17,350,-333
122900091,163,1,162
122900092,0,122,-122
122900093,0,192,-192
122900094,3,161,-158
122900095,141,12,129
122900096,369,87,282
122900097,26,26,0
122900098,53,68,-15
122900099,58,16,42
122900100,257,118,139
122900101,417,182,235
122900102,20,43,-23
122900103,141,9,132
122900104,107,8,99
122900105,10,30,-20
122900106,3,46,-43
122900107,3,102,-99
122900108,9,153,-144
123000001,1560,351,1209
123000002,3191,3745,-554
123000003,3191,3103,88
123000004,2919,3581,-662
123000005,2222,2523,-301
123000006,1992,2151,-159
123000007,3112,2482,630
123000008,2370,2638,-268
123000009,4215,2399,1816
123000010,3005,3155,-150
123000011,2528,703,1825
123000012,816,1932,-1116
123000013,3017,814,2203
123000014,885,2751,-1866
123000015,3065,982,2083
123000016,3275,3138,137
123000017,2643,1580,1063
123000018,71,116,-45
123000019,235,143,92
123000020,128,54,74
123000021,57,183,-126
123000022,280,1902,-1622
123000023,1309,1268,41
123000024,1244,604,640
123000025,252,147,105
123000026,20,58,-38
123000027,263,327,-64
123000028,1422,270,1152
123000029,1588,638,950
123000030,216,261,-45
123000031,139,187,-48
123000032,252,151,101
123000033,206,69,137
123000034,1029,886,143
123000035,253,293,-40
123000036,263,696,-433
123000037,192,246,-54
123000038,82,208,-126
123000039,312,1099,-787
123000040,679,282,397
123000041,1036,927,109
123000042,891,516,375
123000043,2516,6723,-4207
123000044,3733,1855,1878
123000045,5955,2400,3555
123000046,708,1262,-554
123000047,1891,818,1073
123000048,59,626,-567
123000049,5319,6850,-1531
123000050,1128,1100,28
123000051,87,170,-83
123000052,577,2774,-2197
123000053,2018,2936,-918
123000054,1104,1043,61
123000055,856,1442,-586
123000056,1040,1474,-434
123000057,9250,5677,3573
123000058,561,766,-205
123000059,446,456,-10
123000060,726,286,440
123000061,221,610,-389
123000063,586,819,-233
123000064,849,215,634
123000065,3783,2214,1569
123000066,528,417,111
123000067,610,485,125
123000068,2044,2403,-359
123000069,5351,2683,2668
123000070,262,551,-289
123000071,847,837,10
123000072,1016,719,297
123000073,833,699,134
123000074,764,1043,-279
123000075,287,803,-516
123000076,575,515,60
123000077,1929,2304,-375
123000078,1400,1529,-129
123000079,1092,1717,-625
123000080,1866,1473,393
123000081,154,316,-162
123000082,320,759,-439
123000083,658,198,460
123000084,513,520,-7
123000085,200,66,134
123000086,429,153,276
123000087,196,226,-30
123000088,894,691,203
123000089,468,1075,-607
123000090,961,806,155
123000091,1381,1153,228
123000092,790,990,-200
123000094,408,189,219
123000095,363,586,-223
123000096,504,309,195
123000097,324,509,-185
123000098,613,463,150
123000099,510,631,-121
123000100,518,605,-87
123000101,535,544,-9
123000102,553,590,-37
123000104,301,348,-47
123000105,521,365,156
123000106,387,305,82
123000107,364,482,-118
123000108,647,970,-323
123000111,697,283,414
123000112,774,487,287
123000113,464,946,-482
123000114,374,564,-190
123000115,193,210,-17
123000116,22,92,-70
123000117,1250,1327,-77
123000118,396,585,-189
123000119,220,682,-462
123000120,271,683,-412
123000121,416,437,-21
123000122,275,251,24
123000123,363,528,-165
123000124,477,479,-2
123000125,879,970,-91
123000126,1156,2798,-1642
123000127,778,542,236
123000128,259,265,-6
123000129,466,165,301
123000130,483,61,422
123000131,699,556,143
123000132,296,486,-190
123000133,235,307,-72
123000134,281,127,154
123000135,1651,1010,641
123000136,232,632,-400
123000137,132,233,-101
123000138,63,323,-260
123000139,294,108,186
123000140,100,585,-485
123000141,607,97,510
123000142,926,900,26
123000143,1250,1796,-546
123000144,25,24,1
123000145,170,69,101
123000146,51,76,-25
123000147,102,59,43
123000149,276,345,-69
123000150,175,179,-4
123000151,358,433,-75
123000152,54,322,-268
123000153,139,476,-337
123000154,1237,1517,-280
123000155,1815,1025,790
123000156,38,80,-42
123000157,528,670,-142
123000158,527,680,-153
123000159,2484,1911,573
123000160,653,574,79
123000161,1250,893,357
123000162,768,1348,-580
123000163,384,71,313
123000164,1245,386,859
123000165,386,1240,-854
123000166,29,111,-82
123000167,115,259,-144
123000168,215,199,16
123000169,601,124,477
123000170,75,153,-78
123000171,507,23,484
123000172,143,467,-324
123000173,419,234,185
123000174,783,347,436
123000175,476,999,-523
123000176,669,195,474
123000177,217,727,-510
123000178,749,109,640
123000179,38,464,-426
123000180,1282,255,1027
123000181,298,1272,-974
123000182,123,328,-205
123000183,129,508,-379
123000184,78,462,-384
123000185,458,262,196
123000186,2,514,-512
123000187,468,3,465
123000188,146,0,146
123000189,141,147,-6
123000190,52,68,-16
123000192,26,380,-354
123000193,85,928,-843
123000194,420,306,114
123000195,227,37,190
123000196,262,27,235
123000197,58,123,-65
123000198,62,437,-375
123000199,6,530,-524
123000200,474,12,462
123000201,920,27,893
123000202,13,847,-834
123000203,848,59,789
123000204,72,929,-857
123000205,458,1457,-999
123000206,1942,236,1706
123000207,89,755,-666
123000208,359,160,199
123000209,1898,610,1288
123000210,439,1946,-1507
123000211,507,2088,-1581
123000212,2333,468,1865
123000213,690,109,581
123000215,140,167,-27
123000216,165,460,-295
123000217,149,37,112
123000218,58,452,-394
123000219,690,53,637
123000220,401,51,350
123000221,200,101,99
123000222,343,239,104
123000223,243,231,12
123000224,297,385,-88
123000225,182,46,136
123000226,63,238,-175
123000227,103,254,-151
123000228,216,62,154
123000229,1153,1341,-188
123000232,58,447,-389
123000233,531,162,369
123000234,100,465,-365
123000235,671,245,426
123000236,207,512,-305
123000237,235,61,174
123000238,84,336,-252
123000239,425,959,-534
123000240,40,323,-283
123000241,494,91,403
123000242,94,156,-62
123000243,686,834,-148
123000244,797,691,106
123000245,38,197,-159
123000249,286,489,-203
123000252,707,163,544
123000253,825,477,348
123000254,519,668,-149
123000255,915,799,116
123000256,29,186,-157
123000257,2238,1631,607
123000258,735,685,50
123000259,244,353,-109
123000260,345,341,4
123000261,146,120,26
123000262,106,194,-88
123000263,301,108,193
123000264,141,70,71
123000265,75,134,-59
123000266,406,575,-169
123000267,424,270,154
123000268,44,61,-17
123000269,56,75,-19
123000270,34,73,-39
123000271,88,67,21
123000272,599,256,343
123000273,221,424,-203
123000274,1060,501,559
123000275,292,665,-373
123000278,2152,2011,141
123000279,101,71,30
123000280,309,205,104
123000281,296,69,227
123000282,121,242,-121
123000283,114,80,34
123000284,38,87,-49
123000286,236,293,-57
123000287,548,215,333
123000288,1307,576,731
123000289,423,636,-213
123000291,247,674,-427
123000294,202,255,-53
123000295,870,741,129
123000296,561,373,188
123000297,555,492,63
123000298,520,362,158
123000299,50,194,-144
123000300,676,822,-146
123000301,103,186,-83
123000302,66,136,-70
123000303,86,110,-24
123000305,703,790,-87
123000306,105,118,-13
123000309,42,72,-30
123000310,51,61,-10
123000311,0,67,-67
123000312,393,624,-231
123000313,369,236,133
123000315,55,260,-205
123000316,989,223,766
123000317,235,58,177
123000318,36,193,-157
123000329,6,14,-8
123000337,1401,315,1086
123000338,460,61,399
123000339,182,128,54
123000340,133,316,-183
123000342,11,94,-83
123000343,23,4,19
123000344,1028,337,691
123000345,331,431,-100
123000346,277,62,215
123000352,996,665,331
123000353,21,100,-79
123000354,251,7,244
123000355,0,357,-357
123000356,272,7,265
123000357,0,110,-110
123000359,10,121,-111
123000360,212,44,168
123000361,258,254,4
123000362,263,85,178
123000363,98,160,-62
123000364,368,372,-4
123000365,18,281,-263
123000366,290,1518,-1228
123000367,245,762,-517
123000370,29,127,-98
123000371,167,9,158
123000372,256,9,247
123000373,3,276,-273
123000374,9,136,-127
123000375,255,21,234
123000376,809,554,255
123000377,220,18,202
123000378,17,176,-159
123000379,2,167,-165
123000380,40,283,-243
123000381,122,47,75
123000382,888,64,824
123000383,140,956,-816
123000384,351,98,253
123000385,224,409,-185
123000436,31,687,-656
123000507,175,291,-116
123000508,221,752,-531
123000517,265,41,224
123000518,27,243,-216
123000519,136,57,79
123000520,61,179,-118
123000521,293,78,215
123000522,139,303,-164
123000541,9,4,5
123000542,0,21,-21
123000565,677,36,641
123000566,206,460,-254
123000567,84,172,-88
123000573,33,538,-505
123000574,541,40,501
123000575,1107,838,269
123000576,516,1023,-507
123000577,40,519,-479
123000578,426,58,368
123000579,2529,3792,-1263
123000580,142,40,102
123000582,251,36,215
123000583,12,246,-234
123000584,156,205,-49
123000585,0,71,-71
123000586,50,0,50
123000596,93,74,19
123000597,48,117,-69
123000602,23,3,20
123000603,511,523,-12
123000604,356,565,-209
123000605,691,130,561
123000606,3,287,-284
123000609,15,224,-209
123000610,202,73,129
123000613,30,161,-131
123000614,170,25,145
123000615,110,122,-12
123000616,382,25,357
123000617,57,181,-124
123000618,49,401,-352
123000619,450,34,416
123000620,32,223,-191
123000622,292,13,279
123000624,107,40,67
123000630,960,319,641
123000631,240,1091,-851
123000632,617,703,-86
123000633,0,153,-153
123000634,53,77,-24
123000635,106,90,16
123000636,41,356,-315
123000637,158,23,135
123000638,468,32,436
123000639,728,2883,-2155
123000640,20,591,-571
123000648,264,144,120
123000649,54,392,-338
123900001,875,40,835
123900002,26,1040,-1014
123900003,326,331,-5
123900005,169,130,39
123900006,179,23,156
124000001,1632,146,1486
124000002,74,1280,-1206
124000003,688,136,552
124000004,76,411,-335
124000005,820,306,514
124000006,169,796,-627
124000007,389,78,311
124000008,15,416,-401
124000009,518,177,341
124000010,135,447,-312
124000011,781,264,517
124000012,219,491,-272
124000017,161,112,49
124000018,114,68,46
124000019,123,131,-8
124000020,45,135,-90
124000021,100,85,15
124000022,93,164,-71
124000023,1255,1214,41
124000024,995,418,577
124000025,1096,1474,-378
124000026,812,829,-17
124000027,3849,4239,-390
124000028,1808,3870,-2062
124000030,2678,1250,1428
124000031,1437,2321,-884
124000032,2257,909,1348
124000033,758,457,301
124000034,681,892,-211
124000035,233,190,43
124000036,110,479,-369
124000037,322,1112,-790
124000038,34,105,-71
124000039,827,465,362
124000040,474,972,-498
124000041,307,70,237
124000042,53,317,-264
124000043,114,91,23
124000044,64,141,-77
124000045,625,416,209
124000046,291,591,-300
124000047,1151,676,475
124000048,758,910,-152
124000049,1436,597,839
124000050,661,1481,-820
124000051,723,420,303
124000052,566,767,-201
124000053,410,1182,-772
124000054,861,405,456
124000055,1323,1984,-661
124000056,1724,1421,303
124000057,840,487,353
124000058,459,1209,-750
124000059,471,1024,-553
124000060,1212,561,651
124000061,1220,4399,-3179
124000062,5355,1950,3405
124000063,1264,1691,-427
124000064,1962,1273,689
124000065,107,338,-231
124000066,245,83,162
124000067,181,133,48
124000068,68,135,-67
124000069,594,190,404
124000070,219,480,-261
124000071,117,77,40
124000072,155,386,-231
124000073,727,169,558
124000074,187,612,-425
124000075,228,17,211
124000076,4,117,-113
124000077,1655,651,1004
124000078,2494,1268,1226
124000079,265,1072,-807
124000080,358,179,179
124000081,185,401,-216
124000082,68,124,-56
124000083,94,99,-5
124000084,102,336,-234
124000085,163,68,95
124000086,66,75,-9
124000087,87,79,8
124000088,133,227,-94
124000089,639,272,367
124000090,84,269,-185
124000091,435,133,302
124000092,78,429,-351
124000093,105,92,13
124000094,97,345,-248
124000095,80,90,-10
124000096,116,170,-54
124000097,73,115,-42
124000098,60,133,-73
124000099,158,80,78
124000100,38,69,-31
124000101,74,84,-10
124000102,83,64,19
124000103,70,77,-7
124000104,79,62,17
124000105,66,77,-11
124000106,122,66,56
124000107,16,142,-126
124000108,43,20,23
124000109,92,100,-8
124000110,240,113,127
124000111,165,135,30
124000112,534,603,-69
124000113,74,76,-2
124000114,246,402,-156
124000115,379,606,-227
124000116,110,114,-4
124000117,34,77,-43
124000118,36,65,-29
124000119,654,392,262
124000120,347,346,1
124000121,1836,847,989
124000122,450,972,-522
124000123,810,397,413
124000124,385,1002,-617
124000125,277,425,-148
124000126,244,609,-365
124000127,702,303,399
124000128,511,741,-230
124000129,1719,1290,429
124000130,695,572,123
124000131,860,515,345
124000132,749,664,85
124000133,632,587,45
124000134,729,475,254
124000135,1317,1424,-107
124000136,727,899,-172
124000137,929,537,392
124000138,1114,999,115
124000139,468,34,434
124000140,28,332,-304
124000141,425,16,409
124000142,24,288,-264
124000143,101,9,92
124000144,10,145,-135
124000145,103,22,81
124000146,24,59,-35
124000148,25,126,-101
124000149,862,397,465
124000150,249,537,-288
124000151,679,352,327
124000152,720,1014,-294
124000153,462,524,-62
124000154,251,518,-267
124000155,1069,795,274
124000156,1561,790,771
124000169,172,267,-95
124000170,364,363,1
124000171,221,150,71
124000172,287,372,-85
124000173,385,155,230
124000174,300,446,-146
124000175,3,95,-92
124000176,25,10,15
124000177,4,35,-31
124000178,32,36,-4
124000190,109,36,73
124000191,127,103,24
124000192,1830,322,1508
124000193,276,769,-493
124000194,398,382,16
124000195,184,529,-345
124000196,999,934,65
124000197,26,34,-8
124000198,26,38,-12
124000201,293,675,-382
124000202,483,239,244
124000203,376,498,-122
124000204,691,248,443
124000205,122,388,-266
124000206,597,269,328
124000207,1,36,-35
124000209,166,387,-221
124000210,358,117,241
124000211,473,4,469
124000212,0,287,-287
124000213,374,234,140
124000214,270,385,-115
124000215,342,32,310
124000216,1,326,-325
124000329,101,1081,-980
124000338,94,551,-457
124000339,788,101,687
124000341,1127,52,1075
124000344,41,0,41
124000357,852,1948,-1096
124000358,782,1203,-421
124000359,930,759,171
124000360,767,508,259
124000361,1774,869,905
124000362,1189,1643,-454
124000363,228,296,-68
124000364,603,722,-119
124000365,610,977,-367
124000366,1283,765,518
124000367,98,355,-257
124000368,454,340,114
124000369,229,155,74
124000370,126,593,-467
124000402,37,5,32
124000403,98,8,90
124000404,9,115,-106
124000405,824,630,194
124000406,624,679,-55
124000407,1,47,-46
124000411,6,239,-233
124000412,384,10,374
124000413,267,25,242
124000414,58,79,-21
124000415,44,96,-52
124000416,159,190,-31
124000417,105,71,34
124000418,163,97,66
124000419,75,89,-14
124000420,67,56,11
124000421,22,164,-142
124000422,22,17,5
124000423,99,23,76
124000424,9,117,-108
124000425,153,8,145
124000426,14,172,-158
124000427,109,9,100
124000428,11,36,-25
124000429,67,44,23
124000430,570,433,137
124000431,256,337,-81
124000432,144,569,-425
124000439,6,3,3
124000443,0,3,-3
124000445,578,867,-289
124000446,1331,102,1229
124000447,12,87,-75
124900001,457,315,142
124900002,118,246,-128
124900003,897,491,406
124900004,584,329,255
124900005,194,114,80
124900006,573,317,256
124900008,1058,516,542
124900009,155,309,-154
124900010,139,104,35
124900011,374,172,202
124900012,310,88,222
124900013,394,132,262
124900014,282,62,220
124900015,109,290,-181
124900016,42,88,-46
124900017,489,979,-490
124900018,49,13,36
124900020,63,45,18
124900021,225,37,188
124900022,73,13,60
124900024,213,17,196
124900026,228,58,170
124900027,92,331,-239
124900028,285,59,226
124900029,13,425,-412
124900030,6,54,-48
124900031,28,214,-186
124900032,134,182,-48
124900033,85,185,-100
124900034,1,60,-59
124900035,174,292,-118
124900036,1,50,-49
124900037,144,174,-30
124900038,241,349,-108
124900039,2,44,-42
124900040,104,53,51
124900041,219,992,-773
124900042,149,1,148
124900043,400,891,-491
124900044,75,2,73
124900045,499,986,-487
124900047,129,132,-3
124900048,157,89,68
124900050,152,205,-53
124900052,80,264,-184
124900053,99,318,-219
124900054,1117,340,777
124900055,1,131,-130
124900057,10,28,-18
124900060,42,154,-112
124900061,68,11,57
124900062,129,30,99
124900066,0,15,-15
124900067,6,98,-92
124900068,196,381,-185
124900070,56,28,28
124900072,107,41,66
124900075,142,188,-46
124900076,36,867,-831
124900077,16,68,-52
124900078,82,27,55
124900079,466,120,346
124900080,213,538,-325
124900081,794,294,500
124900082,307,770,-463
124900083,212,428,-216
124900085,1050,437,613
124900086,75,1200,-1125
124900087,638,100,538
124900088,670,104,566
124900089,1209,34,1175
124900090,270,184,86
124900091,225,261,-36
124900092,152,189,-37
124900093,265,110,155
124900094,233,210,23
124900095,61,366,-305
124900096,371,165,206
124900097,278,54,224
124900098,126,287,-161
124900099,483,347,136
124900100,243,29,214
124900101,50,353,-303
124900102,189,19,170
124900103,142,149,-7
124900104,55,125,-70
124900105,59,82,-23
124900106,292,31,261
124900107,61,9,52
124900108,165,71,94
124900111,0,123,-123
124900112,31,365,-334
124900113,89,259,-170
124900114,158,114,44
124900115,53,32,21
124900116,126,105,21
124900117,241,111,130
124900118,206,170,36
124900119,292,136,156
124900120,45,290,-245
124900121,105,286,-181
124900122,232,133,99
124900123,275,120,155
124900124,109,329,-220
204000001,77,11,66
204000002,15,7,8
204000003,12,2,10
204000004,5,0,5
204000005,650,576,74
204000006,1150,1171,-21
204000011,9,33,-24
204000012,74,109,-35
204000019,586,469,117
204000020,545,442,103
204000021,1061,619,442
204000022,499,387,112
204000023,437,846,-409
204000031,106,24,82
204000032,595,39,556
204000034,24,152,-128
204000035,0,2,-2
204000036,8,16,-8
204000037,4,13,-9
204000038,0,11,-11
204000039,6,17,-11
204000040,4,10,-6
204000041,6,23,-17
204000042,16,14,2
204000043,33,4,29
204000044,30,2,28
204000045,28,3,25
204000046,21,3,18
204000057,0,7,-7
204000062,19,45,-26
204000068,32,202,-170
204000069,38,303,-265
204000070,68,73,-5
204000080,19,72,-53
204000085,1852,1844,8
204000086,2508,1757,751
204000087,37,3,34
204000088,7,70,-63
204000090,34,210,-176
204000093,268,56,212
204000096,683,1100,-417
204000097,266,16,250
204000099,951,1309,-358
204000100,1194,1916,-722
204000105,2151,1274,877
204000110,396,857,-461
204000111,382,498,-116
204000112,863,540,323
204000113,371,562,-191
204000114,576,424,152
204000115,426,261,165
204000116,620,366,254
204000119,1665,2403,-738
204000132,582,281,301
204000133,741,275,466
204000134,173,97,76
204000135,558,83,475
204000136,982,216,766
204000138,355,352,3
204000140,228,154,74
204000141,177,62,115
204000144,22,19,3
204000145,409,22,387
204000146,16,263,-247
204000147,52,177,-125
204000148,251,26,225
204000154,7,6,1
204000155,7,4,3
204000177,74,28,46
204000179,19,7,12
204000180,0,33,-33
204000222,2,4,-2
204000235,11,12,-1
204000236,61,225,-164
204000238,15,21,-6
204000240,292,48,244
204000263,640,944,-304
204000268,1071,740,331
204000308,135,18,117
204000317,4,56,-52
204000322,5,32,-27
204000323,20,7,13
204000328,144,48,96
204000329,77,138,-61
204000330,166,32,134
204000331,51,107,-56
205000001,905,1666,-761
205000013,7,76,-69
205000014,11,73,-62
205000015,27,159,-132
205000016,10,146,-136
205000017,27,57,-30
205000022,313,838,-525
205000025,1190,1095,95
205000029,187,6,181
205000045,155,385,-230
205000046,95,475,-380
205000047,42,368,-326
205000048,318,950,-632
205000049,150,790,-640
205000050,660,320,340
205000059,0,241,-241
205000060,0,92,-92
205000061,4,50,-46
205000062,1,58,-57
205000063,35,67,-32
205000064,22,57,-35
205000065,54,417,-363
205000066,102,649,-547
205000067,34,728,-694
205000069,199,16,183
205000082,144,157,-13
205000110,74,257,-183
205000111,178,222,-44
205000112,179,159,20
205000113,186,319,-133
205000121,195,74,121
205000123,23,163,-140
205000126,418,81,337
205000127,712,240,472
205000128,484,95,389
205000129,554,120,434
205000130,284,31,253
205000131,184,8,176
205000132,352,4,348
205000133,198,3,195
205000134,303,2,301
205000137,63,155,-92
205000138,104,255,-151
205000139,19,105,-86
205000144,76,52,24
205000145,243,155,88
205000151,117,36,81
205000152,128,29,99
205000153,198,42,156
205000154,88,34,54
205000155,127,9,118
205000207,13,167,-154
205000233,27,2,25
205000234,0,2,-2
205000243,0,0,0
205000244,3,5,-2
205000245,12,127,-115
205000249,2,25,-23
205000250,7,0,7
205000264,2,74,-72
206000027,5,3,2
206000028,2,2,0
206000043,3,38,-35
206000053,2,3,-1
206000054,1,16,-15
206000055,0,15,-15
206000075,5,18,-13
206000076,12,11,1
206000077,6,7,-1
206000078,28,4,24
206000079,8,12,-4
206000082,341,25,316
206000100,26,343,-317
206000103,12,12,0
206000104,6,23,-17
206000105,10,10,0
206000106,5,29,-24
206000125,34,0,34
206000157,47,424,-377
206000170,1,145,-144
206000171,2,151,-149
206000172,3,287,-284
206000173,1,151,-150
206000174,5,57,-52
206000175,5,84,-79
206000176,10,161,-151
206000177,1,97,-96
206000178,5,120,-115
206000179,1,50,-49
206000180,3,76,-73
206000181,8,86,-78
206000182,14,122,-108
206000183,14,386,-372
206000184,8,184,-176
206000185,4,108,-104
206000186,81,707,-626
206000223,5,154,-149
206000226,10,1,9
206000227,9,0,9
206000237,20,233,-213
206000238,30,446,-416
206000239,179,1452,-1273
206000240,1,37,-36
206000241,0,71,-71
206000242,6,165,-159
206000243,6,116,-110
206000244,41,342,-301
206000245,558,42,516
206000246,122,10,112
206000247,149,2,147
206000248,205,13,192
206000252,76,46,30
206000258,18,39,-21
206000315,22,6,16
206000317,420,68,352
206000318,410,57,353
206000319,938,60,878
206000320,115,32,83
206000321,139,6,133
206000322,225,19,206
206000323,121,9,112
206000324,103,6,97
206000325,117,12,105
206000326,123,8,115
206000327,176,8,168
206000328,114,0,114
206000329,178,2,176
206000330,43,11,32
206000331,124,1,123
206000332,28,4,24
206000333,397,4,393
206000334,169,1,168
206000335,0,18,-18
206000361,1,137,-136
206000392,0,21,-21
206000405,91,0,91
206000441,20,10,10
206000498,23,3,20
206000515,86,36,50
206000530,208,55,153
206000531,147,118,29
206000532,1308,201,1107
206000535,132,1401,-1269
206000536,17,115,-98
206000537,20,123,-103
206000613,1137,148,989
206000784,412,26,386
207000001,141,523,-382
207000002,85,269,-184
207000003,127,148,-21
207000007,759,249,510
207000008,110,14,96
207000009,60,31,29
207000010,368,336,32
207000012,267,221,46
207000015,237,1112,-875
207000019,203,86,117
207000021,498,139,359
207000022,152,104,48
207000023,177,35,142
207000024,2,10,-8
207000025,36,62,-26
207000026,71,41,30
207000027,15,59,-44
207000028,47,138,-91
207000029,171,365,-194
207000033,213,375,-162
207000034,310,61,249
207000039,278,126,152
207000040,260,67,193
207000041,88,26,62
207000042,198,68,130
207000043,229,212,17
207000051,102,188,-86
207000052,14,106,-92
207000053,413,527,-114
207000054,40,103,-63
207000055,132,86,46
207000056,253,295,-42
207000057,119,252,-133
207000058,127,277,-150
207000059,102,407,-305
207000060,63,159,-96
207000061,160,424,-264
207000062,270,52,218
207000063,269,113,156
207000064,320,127,193
207000065,322,187,135
207000066,196,154,42
207000067,43,88,-45
207000068,124,74,50
207000069,619,353,266
207000082,8,191,-183
207000083,69,215,-146
207000084,190,221,-31
207000085,164,10,154
207000086,131,6,125
207000106,45,25,20
207000107,52,15,37
207000108,47,11,36
207000109,61,19,42
207000110,44,80,-36
207000111,75,76,-1
207000112,152,444,-292
207000114,12,29,-17
207000115,21,85,-64
207000116,25,308,-283
207000117,10,100,-90
207000118,8,73,-65
207000119,48,63,-15
207000123,206,25,181
207000124,49,30,19
207000125,52,39,13
207000126,54,69,-15
207000134,75,118,-43
207000135,26,159,-133
207000148,48,232,-184
207000149,48,42,6
207000152,87,295,-208
207000153,683,1076,-393
207000154,388,135,253
207000159,103,167,-64
207000160,148,351,-203
207000238,2,111,-109
207000242,10,126,-116
207000248,21,14,7
207000249,140,36,104
207000250,465,58,407
207000251,92,70,22
207000252,62,55,7
207000278,61,83,-22
207000279,21,126,-105
207000280,430,63,367
207000281,116,760,-644
207000282,198,84,114
207000283,168,224,-56
207000284,122,148,-26
207000285,108,67,41
207000291,11,85,-74
207000304,133,61,72
207000306,71,323,-252
207000310,92,83,9
207000353,292,4,288
207000356,31,32,-1
207000357,16,11,5
207000358,8,13,-5
207000415,2,175,-173
207000417,47,4,43
207000418,95,120,-25
207000438,0,3,-3
207000439,887,532,355
207000446,171,20,151
207000460,26,6,20
207000466,170,133,37
207000467,170,101,69
207000468,39,275,-236
207000476,7,29,-22
207000477,543,45,498
207000478,4,38,-34
207000523,1,17,-16
207000524,86,0,86
207000527,101,176,-75
207000530,475,7,468
207000531,280,13,267
207000532,91,20,71
207000534,394,41,353
207000535,39,263,-224
207000537,9,72,-63
207000540,5,137,-132
207000541,3,203,-200
207000548,3,164,-161
207000549,243,11,232
207000561,152,127,25
207000562,50,145,-95
207000567,137,246,-109
207000568,155,51,104
207000569,291,465,-174
207000584,289,156,133
207000585,50,270,-220
207000587,107,26,81
207000616,0,141,-141
207000617,128,0,128
207000624,32,34,-2
207000631,9,58,-49
207900008,175,82,93
208000001,517,813,-296
208000002,565,414,151
208000003,1044,417,627
208000004,1102,563,539
208000005,8,15,-7
208000019,498,883,-385
208000020,145,471,-326
208000021,214,267,-53
208000022,990,448,542
208000028,1242,734,508
208000033,596,481,115
208000034,937,1149,-212
208000037,211,16,195
208000040,145,201,-56
208000041,979,514,465
208000042,1678,597,1081
208000047,149,209,-60
208000064,2050,1346,704
208000066,1581,2157,-576
208000070,317,302,15
208000071,376,731,-355
208000072,322,1128,-806
208000080,283,275,8
208000081,320,115,205
208000082,313,229,84
208000083,131,408,-277
208000084,32,13,19
208000085,804,606,198
208000086,435,1059,-624
208000087,336,721,-385
208000089,993,361,632
208000090,860,566,294
208000093,175,161,14
208000094,509,389,120
208000095,603,353,250
208000104,705,817,-112
208000105,516,940,-424
208000114,60,271,-211
208000115,420,298,122
208000116,470,874,-404
208000117,173,177,-4
208000118,86,135,-49
208000155,771,898,-127
208000158,1147,3043,-1896
208000186,3341,4188,-847
208000204,597,836,-239
208000205,1120,938,182
208000282,5323,2817,2506
209000004,253,140,113
209000005,39,34,5
209000006,392,128,264
209000007,203,244,-41
209000010,411,104,307
209000011,116,207,-91
209000012,129,116,13
209000013,216,230,-14
209000014,537,704,-167
209000025,221,44,177
209000026,491,105,386
209000027,471,621,-150
209000028,291,472,-181
209000029,444,487,-43
209000030,565,963,-398
209000031,1751,1584,167
209000034,169,205,-36
209000035,117,171,-54
209000036,167,99,68
209000037,222,215,7
209000038,97,165,-68
209000039,59,129,-70
209000040,233,480,-247
209000041,131,419,-288
209000042,193,306,-113
209000043,627,735,-108
209000044,178,698,-520
209000045,1431,494,937
209000046,671,488,183
209000047,416,213,203
209000048,603,292,311
209000049,99,131,-32
209000050,269,169,100
209000051,338,340,-2
209000052,170,320,-150
209000062,28,66,-38
209000063,60,71,-11
209000064,43,71,-28
209000065,78,23,55
209000066,59,34,25
209000067,63,34,29
209000080,25,165,-140
209000082,68,36,32
209000091,34,90,-56
209000093,41,28,13
209000094,192,165,27
209000110,40,104,-64
209000111,357,877,-520
209000112,565,355,210
209000113,970,363,607
209000114,431,278,153
209000115,77,151,-74
209000116,616,448,168
209000118,26,40,-14
209000119,62,14,48
209000121,133,425,-292
209000135,76,163,-87
209000142,502,891,-389
209000143,74,60,14
209000144,31,103,-72
209000229,292,155,137
209000240,35,266,-231
209000259,150,92,58
209000260,26,774,-748
209000261,2,410,-408
209000262,0,334,-334
209000263,2,164,-162
209000264,0,99,-99
209000265,499,3,496
209000266,86,2,84
209000267,655,9,646
209000268,537,37,500
210000037,57,19,38
210000047,60,13,47
210000048,82,18,64
210000049,33,9,24
210000052,40,56,-16
210000053,29,48,-19
210000054,48,55,-7
210000070,135,3,132
210000071,50,0,50
210000072,22,0,22
210000073,1,20,-19
210000074,0,107,-107
210000075,2,94,-92
210000076,13,169,-156
210000077,23,28,-5
210000078,33,26,7
210000079,16,13,3
210000080,98,56,42
210000081,170,21,149
210000082,120,2,118
210000083,45,1,44
210000084,25,0,25
210000085,0,58,-58
210000086,1,86,-85
210000099,31,240,-209
210000100,47,176,-129
210000101,61,182,-121
210000105,27,165,-138
210000159,0,126,-126
210000163,124,190,-66
210000164,210,167,43
210000168,146,26,120
210000187,0,17,-17
210000188,0,17,-17
210000214,50,0,50
210000219,19,46,-27
210000220,95,39,56
210000232,2,20,-18
210000233,28,51,-23
210000234,31,117,-86
210000235,29,60,-31
210000245,5,27,-22
210000246,36,14,22
210000258,6,84,-78
210000259,304,63,241
210000282,114,241,-127
210000285,0,102,-102
210000286,12,143,-131
210000290,6,9,-3
210000295,44,108,-64
210000296,36,39,-3
210000320,119,36,83
210000321,115,49,66
210000338,36,65,-29
210000339,335,1087,-752
210000340,129,331,-202
210000341,226,234,-8
210000342,192,170,22
210000343,128,175,-47
210000344,214,73,141
210000345,131,161,-30
210000346,66,83,-17
210000347,98,34,64
210000348,163,14,149
210000349,65,24,41
210000350,98,69,29
210000351,149,111,38
210000352,42,77,-35
210000353,35,92,-57
210000354,54,70,-16
210000355,50,80,-30
210000356,47,41,6
210000357,80,24,56
210000358,226,104,122
210000359,81,78,3
210000360,156,92,64
210000361,171,126,45
210000362,241,130,111
210000363,684,160,524
210000364,84,126,-42
210000365,110,70,40
210000366,94,45,49
210000367,110,27,83
210000368,152,40,112
210000369,12,14,-2
210000370,28,58,-30
210000372,18,38,-20
210000373,33,15,18
210000374,64,18,46
210000375,24,68,-44
210000376,64,102,-38
210000404,48,109,-61
210000439,22,39,-17
210000472,85,5,80
210000482,46,71,-25
210000564,333,256,77
210000567,1,31,-30
210000568,244,2,242
211000092,44,66,-22
211000094,29,6,23
211000169,208,11,197
211000172,8,191,-183
211000209,0,10,-10
211000226,11,14,-3
211000270,21,1,20
211000275,25,13,12
211000276,71,13,58
211000279,9,29,-20
211000281,42,17,25
211000302,25,47,-22
211507980,1,42,-41
211977296,60,6,54
212000003,124,47,77
212000004,56,30,26
212000005,28,26,2
212000006,30,39,-9
212000008,154,197,-43
212000009,20,103,-83
212000012,69,72,-3
212000013,39,39,0
212000014,255,163,92
212000015,267,225,42
212000016,380,494,-114
212000027,436,343,93
212000028,297,344,-47
212000029,209,243,-34
212000030,41,29,12
212000031,50,32,18
212000048,44,154,-110
212000049,31,82,-51
212000050,26,14,12
212000051,153,173,-20
212000052,177,242,-65
212000053,380,534,-154
212000054,200,109,91
212000055,196,197,-1
212000056,18,32,-14
212000057,26,42,-16
212000058,218,31,187
212000070,105,171,-66
212000077,111,647,-536
212000099,199,280,-81
212000108,117,145,-28
212000111,173,108,65
212000120,133,59,74
212000138,131,22,109
212000156,9,112,-103
212000158,13,21,-8
212000159,298,50,248
212000160,532,260,272
212000161,87,10,77
212000310,62,18,44
212000311,19,37,-18
212000374,25,9,16
213000001,21,289,-268
213000005,285,109,176
213000006,837,287,550
213000007,228,9,219
213000009,659,497,162
213000010,143,275,-132
213000011,173,99,74
213000012,114,293,-179
213000014,69,3,66
213000015,214,4,210
213000016,295,0,295
213000017,108,5,103
213000018,2,143,-141
213000019,2,154,-152
213000020,94,337,-243
213000021,2,116,-114
213000023,284,160,124
213000033,314,1422,-1108
213000034,776,215,561
213000035,102,229,-127
213000045,155,216,-61
213000046,230,161,69
213000047,635,1120,-485
213000056,90,37,53
213000069,138,0,138
213000073,1,33,-32
213000074,59,284,-225
213000075,416,13,403
213000076,50,9,41
213000085,11,28,-17
213000086,8,153,-145
213000091,146,13,133
213000092,129,5,124
213000099,170,1044,-874
213000100,1052,189,863
213000101,350,126,224
213000102,285,206,79
213000103,641,697,-56
213000104,48,259,-211
213000105,3,147,-144
213000106,16,117,-101
213000107,169,488,-319
213000108,30,451,-421
213000109,5,234,-229
213000110,6,78,-72
213000111,28,73,-45
213000112,217,88,129
213000115,70,10,60
213000116,47,368,-321
213000117,14,523,-509
213000118,361,213,148
213000119,53,588,-535
213000120,107,418,-311
213000122,155,464,-309
213000123,318,1214,-896
213000124,145,1041,-896
213000125,104,17,87
213000126,49,102,-53
213000127,99,194,-95
213000128,425,976,-551
213000129,259,421,-162
213000130,362,246,116
213000132,262,84,178
213000133,497,113,384
213000134,588,32,556
213000136,386,29,357
213000137,579,96,483
213000139,365,25,340
213000147,103,9,94
213000148,38,9,29
213000149,74,8,66
213000150,0,118,-118
213000151,8,98,-90
213000152,3,78,-75
213000153,8,110,-102
213000154,35,162,-127
213000155,33,191,-158
213000156,108,469,-361
213000157,489,395,94
213000158,310,796,-486
213000159,451,473,-22
213000163,629,83,546
213000165,648,192,456
213000171,0,105,-105
213000172,3,240,-237
213000173,4,244,-240
213000174,2,140,-138
213000175,13,78,-65
213000176,21,27,-6
213000177,40,5,35
213000178,93,1,92
213000179,168,1,167
213000180,120,0,120
213000184,68,377,-309
213000188,224,92,132
213000189,239,39,200
213000190,763,682,81
213000191,243,353,-110
213000192,198,386,-188
213000193,776,216,560
213000194,3,65,-62
213000195,13,348,-335
213000196,184,1083,-899
213000197,354,541,-187
213000198,92,2,90
213000200,128,835,-707
213000201,61,56,5
213000202,9,485,-476
213000203,2896,540,2356
213000204,520,95,425
213000205,218,111,107
213000206,376,104,272
213000207,244,17,227
213000208,138,4,134
213000209,241,4,237
213000210,560,4,556
213000211,9,25,-16
213000212,21,39,-18
213000213,37,63,-26
213000218,245,550,-305
213000219,351,23,328
213000220,269,9,260
213000223,229,216,13
213000224,73,57,16
213000225,94,11,83
213000226,92,15,77
213000227,693,238,455
213000228,310,122,188
213000229,388,43,345
213000230,478,26,452
213000232,94,865,-771
213000233,11,78,-67
213000234,4,38,-34
213000293,22,61,-39
213000294,168,23,145
213000295,32,73,-41
213000296,81,23,58
213000297,6,84,-78
213000298,21,125,-104
213000299,78,70,8
213000300,57,8,49
213000303,25,18,7
213000304,6,5,1
213000305,15,15,0
213000306,43,26,17
213000307,125,92,33
213000308,74,145,-71
213000309,96,82,14
213000310,362,121,241
213000311,326,557,-231
213000315,63,92,-29
213000316,96,73,23
213000322,65,119,-54
213000323,72,33,39
213000324,45,28,17
213000325,49,65,-16
213000326,19,18,1
213000327,26,36,-10
213000328,25,143,-118
213000329,91,19,72
213000340,160,510,-350
213000341,395,81,314
213000346,173,202,-29
213000347,707,327,380
213000348,11,82,-71
213000349,47,17,30
213000350,291,933,-642
213000366,68,222,-154
213000367,267,31,236
213000379,106,63,43
213000386,28,216,-188
213000406,65,299,-234
213000417,1042,471,571
213000425,125,26,99
213000426,109,71,38
213000427,44,218,-174
213000428,28,147,-119
213000429,33,7,26
213000430,87,642,-555
213000431,268,3,265
213000432,8,88,-80
213000433,12,114,-102
213000434,68,87,-19
213000435,70,48,22
213000436,20,52,-32
213000437,1,10,-9
213000438,154,58,96
213000439,43,17,26
213000440,6,273,-267
213000441,4,2,2
213000442,1,38,-37
213000443,421,307,114
213000444,29,39,-10
213000445,0,60,-60
213000446,4,92,-88
213000447,9,57,-48
213000448,6,135,-129
213000449,224,5,219
213000450,18,41,-23
213000451,129,51,78
213000452,18,20,-2
213000453,37,210,-173
213000455,619,5,614
213000456,0,294,-294
213000481,39,12,27
213000482,99,5,94
213000489,276,66,210
213000491,2,185,-183
213000492,293,30,263
213000493,0,95,-95
213000494,182,93,89
213000495,0,91,-91
213000496,367,121,246
213000497,51,245,-194
213000498,84,153,-69
213000499,156,392,-236
213000500,333,62,271
213000501,90,20,70
213000502,293,75,218
213000503,9,74,-65
213000504,4,89,-85
213000505,6,14,-8
213000506,0,11,-11
213000507,5,180,-175
213900244,42,0,42
213900245,0,47,-47
218000003,32,27,5
218000004,47,22,25
218000005,30,28,2
218000006,34,28,6
218000007,17,10,7
218000012,157,160,-3
218000013,145,130,15
218000014,366,423,-57
218000019,710,607,103
218000020,219,378,-159
218000021,25,25,0
218000022,5,13,-8
218000023,4,13,-9
218000024,5,8,-3
218000025,15,11,4
218000026,6,21,-15
218000027,0,9,-9
218000028,5,3,2
218000029,5,1,4
218000030,12,10,2
218000031,1,8,-7
218000032,1,7,-6
218000040,8,0,8
218000046,46,60,-14
218000047,10,96,-86
218000048,58,48,10
218000049,67,47,20
218000050,180,132,48
218000051,36,135,-99
218000052,2,57,-55
218000053,2,5,-3
218000054,12,22,-10
218000055,3,16,-13
218000056,19,19,0
218000057,1,15,-14
218000064,2,8,-6
218000065,97,39,58
218000066,10,60,-50
218000067,59,79,-20
218000068,76,82,-6
218000069,158,110,48
218000070,227,206,21
218000071,196,164,32
218000072,237,176,61
218000078,764,711,53
218000079,67,90,-23
218000080,83,67,16
218000081,292,230,62
218000082,33,74,-41
218000083,69,47,22
218000084,112,107,5
218000085,130,274,-144
218000086,55,88,-33
218000087,224,136,88
218000090,15,93,-78
218000091,824,377,447
218000092,63,138,-75
218000093,87,69,18
218000094,454,608,-154
218000099,232,654,-422
218000100,231,293,-62
218000101,279,129,150
218000102,312,226,86
218000103,52,107,-55
218000104,106,32,74
218000105,19,16,3
218000106,11,8,3
218000107,58,46,12
218000108,13,41,-28
218000112,55,17,38
218000117,74,60,14
218000134,508,512,-4
218000135,36,102,-66
218000136,167,132,35
218000137,239,213,26
218000138,36,123,-87
218000139,170,316,-146
218000140,386,251,135
218000141,100,54,46
218000142,225,142,83
218000143,135,213,-78
218000144,84,72,12
218000145,333,283,50
218000146,68,189,-121
218000151,2,12,-10
218000152,110,40,70
218000153,7,0,7
218000154,10,0,10
218000155,14,2,12
218000156,34,13,21
218000157,10,10,0
218000158,8,3,5
218000159,2,6,-4
218000160,8,2,6
218000161,18,5,13
218000162,21,6,15
218000163,6,4,2
218000164,40,3,37
218000165,28,21,7
218000170,5,37,-32
218000171,33,8,25
218000172,45,12,33
218000173,57,15,42
218000174,13,13,0
218000176,94,44,50
218000177,190,143,47
218000178,38,148,-110
218000179,48,67,-19
218000180,66,33,33
218000181,115,47,68
218000187,9,13,-4
218000188,34,42,-8
218000189,26,43,-17
218000190,31,16,15
218000191,115,34,81
218000192,164,163,1
218000193,274,329,-55
218000194,66,261,-195
218000195,89,63,26
218000196,276,257,19
218000197,299,274,25
218000198,35,183,-148
218000199,47,70,-23
218000200,81,28,53
218000201,18,12,6
218000202,64,190,-126
218000207,9,16,-7
218000208,54,42,12
218000211,80,17,63
218000212,1,5,-4
218000213,84,55,29
218000214,4,17,-13
218000215,30,42,-12
218000217,5,67,-62
218000218,118,38,80
218000219,27,19,8
218000220,82,220,-138
218000221,620,141,479
218000222,17,32,-15
218000223,31,260,-229
218000224,16,136,-120
218000225,92,25,67
218000226,77,54,23
218000230,1,11,-10
218000232,31,60,-29
218000239,417,16,401
218000240,71,7,64
218000241,85,0,85
218000242,201,11,190
218000243,194,5,189
218000244,110,18,92
218000245,15,1,14
218000246,19,2,17
218000247,11,0,11
218000248,0,16,-16
218000249,1,5,-4
218000250,3,4,-1
218000251,2,12,-10
218000252,6,40,-34
218000253,16,45,-29
218000254,1,32,-31
218000255,5,17,-12
218000256,11,109,-98
218000267,426,927,-501
218000268,26,68,-42
218000269,17,13,4
218000270,102,43,59
218000271,62,50,12
218000273,8,4,4
218000274,16,18,-2
218000275,23,50,-27
218000276,6,41,-35
218000278,31,25,6
218000279,57,42,15
218000280,3,55,-52
218000281,21,21,0
218000282,499,364,135
218000284,87,10,77
218000301,73,138,-65
218000302,109,71,38
218000303,52,61,-9
218000316,637,916,-279
218000317,885,1005,-120
218000318,556,762,-206
218000319,930,988,-58
218000320,684,629,55
218000338,75,36,39
218000345,103,56,47
218000346,30,139,-109
218000459,38,145,-107
218000490,50,39,11
218000501,88,41,47
218000502,30,69,-39
218000503,92,16,76
218000504,142,28,114
218000505,40,166,-126
218000506,26,259,-233
218000508,1,9,-8
218000510,133,14,119
218000520,107,76,31
218000521,4,45,-41
218000522,2,137,-135
218000523,141,4,137
218000524,50,191,-141
218000525,208,16,192
218000526,33,133,-100
218000529,68,127,-59
218000530,9,2,7
218000531,17,13,4
218000532,24,16,8
218000534,142,16,126
218000537,51,48,3
218000538,108,191,-83
218000540,206,63,143
218000543,94,48,46
218000544,56,72,-16
218000545,53,39,14
218000546,43,41,2
218000547,56,140,-84
218000548,197,107,90
218000549,360,325,35
218000550,226,231,-5
218000551,128,677,-549
218000552,393,38,355
218000553,106,158,-52
218000554,42,36,6
218000555,27,41,-14
218000556,179,155,24
218000557,203,187,16
218000558,111,0,111
218000559,1,44,-43
218000560,0,36,-36
218000561,26,0,26
218000562,30,178,-148
218000563,267,12,255
218000564,4,154,-150
218000565,237,28,209
218000566,578,36,542
218000567,1,89,-88
218000568,46,4,42
218000569,13,131,-118
218000570,192,18,174
218000571,3,104,-101
218000572,192,2,190
218000573,12,198,-186
218000574,253,49,204
218000575,117,2,115
218000576,0,75,-75
218000577,82,3,79
218000578,0,63,-63
218000579,27,18,9
218000581,3,43,-40
218000582,47,5,42
218000583,10,0,10
218000584,0,22,-22
218000585,25,2,23
218000586,16,44,-28
218000587,5,4,1
218000588,3,2,1
218000589,3,5,-2
218000590,13,0,13
218000591,10,2,8
218000592,33,1,32
218000593,3,0,3
218000594,0,0,0
218000597,1,1,0
218000598,0,0,0
218000599,3,0,3
218000600,3,1,2
218000601,0,0,0
218000602,1,4,-3
218000603,0,7,-7
218000604,8,0,8
218000605,0,40,-40
218000606,85,1,84
218000607,22,52,-30
218000608,60,15,45
218000609,8,66,-58
218000610,59,12,47
218000611,13,1,12
218000612,1,14,-13
218000613,42,0,42
218000614,0,36,-36
218000615,157,0,157
218000616,4,153,-149
218000617,43,0,43
218000618,0,19,-19
218000619,14,26,-12
218000620,5,6,-1
218000621,0,2,-2
218000622,0,10,-10
218000623,73,2,71
218000624,8,16,-8
218000625,21,5,16
218000626,0,6,-6
218000628,137,18,119
218000631,44,27,17
218000632,12,53,-41
218000633,101,4,97
218000634,9,14,-5
218000635,25,15,10
218000636,686,978,-292
218000637,782,421,361
218000638,142,24,118
218000639,9,173,-164
218000640,273,19,254
218000641,60,206,-146
218000652,58,48,10
218000653,94,51,43
218000663,9,221,-212
218000675,235,48,187
218000676,2,13,-11
218000677,7,1,6
218000680,183,284,-101
218000681,349,186,163
218000691,196,162,34
218000693,229,182,47
218000703,3,23,-20
218000718,416,893,-477
218000719,657,444,213
218000720,45,326,-281
218000721,522,32,490
218000725,8,5,3
218001147,3,109,-106
218001214,5,32,-27
218001258,125,3,122
218001329,129,164,-35
218001330,141,72,69
218001351,35,22,13
218001352,19,17,2
218001353,18,12,6
218001354,5,24,-19
218001355,10,182,-172
218001356,371,21,350
218001357,60,160,-100
218001358,233,21,212
218001361,183,8,175
218001362,0,147,-147
219000001,43,31,12
219000002,62,39,23
219000003,59,35,24
219000004,50,46,4
219000017,96,32,64
219000020,93,32,61
219000022,102,3,99
219000023,89,3,86
219000029,1,76,-75
219000034,52,19,33
219000039,102,97,5
219000040,41,47,-6
219000041,92,24,68
219000051,0,30,-30
219000052,1,25,-24
219000053,2,96,-94
219000054,25,76,-51
219000055,187,0,187
219000056,12,1,11
219000057,70,0,70
219000062,12,51,-39
219000063,84,9,75
219000064,4,55,-51
219000110,480,42,438
219000111,85,18,67
219000112,162,50,112
219000113,93,38,55
219000114,141,70,71
219000116,74,47,27
219000117,117,45,72
219000118,120,33,87
219000123,187,79,108
219000124,83,42,41
219000125,11,8,3
219000126,88,85,3
219000127,0,11,-11
219000128,20,112,-92
219000129,29,79,-50
219000130,423,452,-29
219000131,671,791,-120
219000133,81,45,36
219000134,7,15,-8
219000135,43,37,6
219000136,91,182,-91
219000138,56,21,35
219000139,18,40,-22
219000140,31,3,28
219000141,18,87,-69
219000142,8,77,-69
219000143,15,112,-97
219000145,12,48,-36
219000146,5,17,-12
219000147,10,30,-20
219000148,4,27,-23
219000149,6,62,-56
219000150,3,62,-59
219000151,4,24,-20
219000157,136,148,-12
219000158,167,229,-62
219000161,72,15,57
219000163,1422,440,982
219000166,122,173,-51
219000167,179,137,42
219000168,221,83,138
219000174,401,123,278
219000175,57,3,54
219000176,99,4,95
219000177,15,2,13
219000178,34,3,31
219000179,12,2,10
219000180,24,25,-1
219000182,169,38,131
219000183,76,35,41
219000184,115,16,99
219000185,0,40,-40
219000186,38,27,11
219000187,22,52,-30
219000189,102,163,-61
219000190,76,229,-153
219000191,844,1227,-383
219000192,171,103,68
219000193,207,131,76
219000195,2,39,-37
219000196,2,115,-113
219000198,18,79,-61
219000199,39,192,-153
219000200,25,138,-113
219000201,50,190,-140
219000203,20,125,-105
219000204,126,214,-88
219000205,28,125,-97
219000207,124,226,-102
219000209,34,60,-26
219000210,67,83,-16
219000213,15,120,-105
219000239,175,321,-146
219000240,211,342,-131
219000241,153,135,18
219000242,122,142,-20
219000243,120,185,-65
219000244,25,83,-58
219000245,37,30,7
219000246,43,19,24
219000247,121,29,92
219000248,514,283,231
219000249,155,129,26
219000250,113,82,31
219000251,426,189,237
219000252,208,137,71
219000253,357,74,283
219000255,91,95,-4
219000256,165,63,102
219000257,115,0,115
219000262,90,138,-48
219000263,62,144,-82
219000267,0,83,-83
219000268,10,7,3
219000269,2,3,-1
219000270,7,0,7
219000271,108,3,105
219000278,1,5,-4
219000279,0,6,-6
219000283,0,6,-6
219000295,6,80,-74
219000296,50,350,-300
219000297,19,111,-92
219000298,14,132,-118
219000299,370,57,313
219000300,34,171,-137
219000301,221,336,-115
219000302,33,191,-158
219000307,50,28,22
219000308,28,21,7
219000311,199,52,147
219000312,568,107,461
219000313,207,30,177
219000314,68,365,-297
219000315,260,28,232
219000316,416,57,359
219000317,71,11,60
219000320,0,96,-96
219000321,1,23,-22
219000323,2,51,-49
219000325,5,16,-11
219000326,51,69,-18
219000327,66,15,51
219000328,16,46,-30
219000329,344,104,240
219000330,35,29,6
219000331,48,53,-5
219000332,84,50,34
219000333,16,2,14
219000335,38,0,38
219000337,11,0,11
219000338,91,2,89
219000344,18,42,-24
219000345,40,68,-28
219000346,30,92,-62
219000348,106,53,53
219000349,47,134,-87
219000350,133,191,-58
219000351,5,8,-3
219000352,472,65,407
219000353,86,65,21
219000354,131,101,30
219000355,129,72,57
219000356,1206,1222,-16
219000363,190,70,120
219000364,80,39,41
219000365,143,11,132
219000366,255,229,26
219000368,388,505,-117
219000370,1095,488,607
219000371,15,36,-21
219000382,43,16,27
219000383,768,891,-123
219000385,387,410,-23
219000386,662,1257,-595
219000387,3,13,-10
219000390,6,3,3
219000391,0,1,-1
219000397,70,47,23
219000398,84,42,42
219000401,12,66,-54
219000402,28,70,-42
219000403,138,329,-191
219000404,34,147,-113
219000407,6,34,-28
219000409,49,53,-4
219000410,61,24,37
219000411,62,8,54
219000446,128,262,-134
219000447,4,29,-25
219000448,12,8,4
219000452,153,78,75
219000453,106,131,-25
219000454,153,254,-101
219000556,271,95,176
219000558,158,183,-25
219000590,30,131,-101
219000591,57,66,-9
219000592,106,266,-160
219000595,1,17,-16
219000635,136,36,100
219000636,31,94,-63
219000657,43,17,26
219000658,18,74,-56
219000673,0,15,-15
219000676,15,5,10
219000679,29,7,22
219000684,99,1,98
219000685,1,34,-33
219000686,2,4,-2
219000688,0,63,-63
219000689,16,202,-186
219000690,124,12,112
219000691,56,174,-118
219000692,122,33,89
219000693,0,22,-22
219000694,7,0,7
219000695,15,2,13
219000698,9,0,9
219000699,0,12,-12
219000727,7,81,-74
219000728,37,1,36
219000770,76,0,76
219000771,2,28,-26
219000788,485,146,339
219001150,0,26,-26
219001151,0,2,-2
219001166,41,35,6
219001167,3,73,-70
219001178,22,1,21
220000001,45,46,-1
220000002,4,85,-81
220000003,248,161,87
220000004,497,347,150
220000005,1263,1222,41
220000006,230,632,-402
220000007,345,411,-66
220000008,307,830,-523
220000009,200,330,-130
220000010,271,126,145
220000011,438,2292,-1854
220000012,120,254,-134
220000014,134,49,85
220000015,91,135,-44
220000017,54,157,-103
220000018,2823,1350,1473
220000019,67,191,-124
220000020,299,216,83
220000021,613,159,454
220000022,576,308,268
220000023,275,116,159
220000024,1081,276,805
220000025,534,748,-214
220000026,215,191,24
220000027,41,68,-27
220000028,37,30,7
220000029,99,119,-20
220000030,112,85,27
220000031,260,213,47
220000064,17,641,-624
221000046,11,1,10
221000047,0,2,-2
221000048,0,2,-2
221000049,0,7,-7
221000050,40,16,24
221000055,26,50,-24
221000057,78,6,72
221000068,216,132,84
221000069,244,62,182
221000070,159,26,133
221000071,72,12,60
221000072,150,11,139
221000073,128,36,92
221000074,1,18,-17
221000075,19,25,-6
221000076,10,21,-11
221000077,19,79,-60
221000081,38,4,34
221000082,54,10,44
221000083,62,4,58
221000084,8,3,5
221000085,10,76,-66
221000086,18,93,-75
221000087,6,119,-113
221000088,12,151,-139
221000089,31,216,-185
221000090,106,386,-280
221000098,85,8,77
221000099,139,10,129
221000100,90,5,85
221000101,204,12,192
221000102,105,13,92
221000109,4,107,-103
221000110,10,97,-87
221000111,15,207,-192
221000112,7,137,-130
221000113,8,133,-125
221000114,12,190,-178
221000120,32,23,9
221000121,6,21,-15
221000122,24,26,-2
221000123,16,22,-6
221000124,29,97,-68
221000155,75,6,69
221000156,61,27,34
221000175,4,15,-11
221000176,4,1,3
221000182,32,5,27
221000241,751,231,520
221000242,146,370,-224
221000243,603,127,476
221000244,249,447,-198
221000245,96,133,-37
221000246,28,231,-203
221000247,87,143,-56
221000248,96,169,-73
221000267,39,436,-397
221000325,71,51,20
221000331,21,40,-19
221000338,18,21,-3
221000378,176,26,150
221000381,41,34,7
222000282,16,2,14
222000296,10,34,-24
222000568,268,22,246
222000569,171,32,139
222000570,121,20,101
222000571,221,15,206
222000577,10,109,-99
222000578,26,162,-136
222000579,33,107,-74
222000580,81,578,-497
222000599,0,105,-105
222000600,1,307,-306
222000601,7,762,-755
222000603,12,48,-36
222000604,13,33,-20
222000605,12,16,-4
222000606,1,8,-7
222000607,5,2,3
222000608,20,9,11
222000609,102,116,-14
222000616,269,46,223
222000617,16,13,3
222000618,22,7,15
222000620,11,9,2
222000621,67,19,48
222000623,528,8,520
222000624,343,3,340
222000625,486,20,466
222000636,48,4,44
222000686,35,10,25
222000687,33,33,0
222001066,147,2,145
222001067,8,3,5
222001068,21,20,1
222001069,32,30,2
222001082,4,20,-16
222001083,11,34,-23
222001084,0,35,-35
222001085,0,65,-65
222001111,31,115,-84
222001112,62,15,47
222001313,66,7,59
222001314,23,92,-69
222001464,136,54,82
222001465,32,104,-72
222001484,99,88,11
222001485,43,44,-1
222001494,371,138,233
222001495,195,201,-6
222001496,243,135,108
222001497,117,288,-171
222001502,8,92,-84
222001503,66,41,25
222001504,22,224,-202
222001505,205,16,189
222001506,39,269,-230
222001507,208,21,187
222001510,294,22,272
222001511,37,249,-212
222001514,410,148,262
222001515,183,347,-164
222001518,203,47,156
222001519,59,137,-78
222001527,119,41,78
222001528,61,126,-65
222001529,172,28,144
222001530,27,125,-98
222001533,131,208,-77
222001534,181,51,130
222001535,128,215,-87
222001536,98,166,-68
222001537,181,42,139
222001538,85,339,-254
222001563,519,61,458
222001564,50,428,-378
222001568,460,133,327
222001576,1,0,1
222001579,0,8,-8
222001583,40,97,-57
222001584,101,32,69
222001596,402,806,-404
222001597,1208,249,959
222001626,0,84,-84
222001650,85,56,29
222001651,113,117,-4
222001914,154,46,108
222001915,51,171,-120
222001968,357,281,76
222001969,339,524,-185
222001970,158,177,-19
222001971,10,8,2
222001972,1,14,-13
225000001,314,128,186
225000002,478,127,351
225000003,542,55,487
225000004,273,160,113
225000005,80,36,44
225000006,1,145,-144
225000007,1041,1087,-46
225000010,271,13,258
225000011,279,672,-393
225000012,189,387,-198
225000013,97,100,-3
225000014,573,60,513
225000015,68,152,-84
225000021,458,118,340
225000027,188,441,-253
225000032,510,83,427
225000042,56,516,-460
225000049,18,44,-26
225000050,51,15,36
225000053,8,257,-249
225000058,502,115,387
225000067,160,148,12
225000068,77,227,-150
225000069,105,349,-244
225000070,75,257,-182
225000071,33,109,-76
225000075,19,595,-576
225000076,49,99,-50
225000078,37,28,9
225000085,35,137,-102
225000086,188,57,131
225000087,188,7,181
225000088,6,125,-119
225000089,250,753,-503
225000090,43,299,-256
225000091,151,100,51
225000092,35,55,-20
225000093,115,237,-122
225000094,10,208,-198
225000095,247,301,-54
225000096,379,401,-22
225000098,463,258,205
225000099,240,141,99
225000100,243,105,138
225000104,99,340,-241
225000110,12,276,-264
225000111,181,802,-621
225000112,244,901,-657
225000113,190,413,-223
225000114,50,168,-118
225000115,1141,506,635
225000116,895,178,717
225000117,726,191,535
225000118,717,210,507
225000119,136,57,79
225000120,548,26,522
225000121,270,19,251
225000123,479,11,468
225000125,303,145,158
225000126,635,139,496
225000127,552,645,-93
225000128,452,496,-44
225000132,203,28,175
225000133,187,13,174
225000134,497,120,377
225000135,32,11,21
225000136,195,17,178
225000137,162,39,123
225000138,310,57,253
225000143,50,147,-97
225000144,1,284,-283
225000145,25,26,-1
225000146,33,89,-56
225000147,19,176,-157
225000148,7,175,-168
225000149,34,356,-322
225000151,33,138,-105
225000155,383,401,-18
225000156,125,627,-502
225000157,185,317,-132
225000158,60,177,-117
225000171,4,115,-111
225000180,66,12,54
225000181,1,68,-67
225000182,76,11,65
225000185,1,269,-268
225000187,26,196,-170
225000191,118,6,112
225000194,0,9,-9
225000208,0,25,-25
225000209,49,9,40
225000210,4,165,-161
225000217,1,25,-24
225000218,12,2,10
225000223,0,48,-48
225000224,64,2,62
225000225,0,66,-66
225000226,34,0,34
225000227,31,99,-68
225000228,7,13,-6
225000229,0,59,-59
225000230,15,0,15
225000231,0,70,-70
225000232,116,1,115
225000241,91,0,91
225000242,0,38,-38
225000249,20,0,20
225000250,31,643,-612
225000251,249,20,229
226000042,287,353,-66
226000043,43,294,-251
226000044,98,445,-347
226000045,61,298,-237
226000046,242,69,173
226000047,283,93,190
226000048,262,80,182
226000049,203,147,56
226000070,0,25,-25
226000071,0,33,-33
226000072,0,5,-5
226000073,0,5,-5
226000074,0,2,-2
226000084,2,45,-43
226000085,4,13,-9
226000086,4,11,-7
226000087,4,9,-5
226000088,19,14,5
226000090,89,66,23
226000091,11,27,-16
226000092,7,4,3
226000093,53,1,52
226000094,19,2,17
226000095,29,2,27
226000105,11,3,8
226000106,7,0,7
226000107,6,0,6
226000108,27,0,27
226000109,49,2,47
226000124,93,60,33
226000134,465,275,190
226000135,842,431,411
226000136,324,294,30
226000137,5,300,-295
226000138,7,176,-169
226000139,0,14,-14
226000156,159,5,154
226000157,115,14,101
226000163,64,40,24
226000202,2,204,-202
226000231,294,1,293
226000232,47,8,39
227000033,304,79,225
227000036,246,46,200
227000037,238,32,206
227000038,359,54,305
227000049,1,21,-20
227000050,1,34,-33
227000055,94,4,90
227000056,23,1,22
227000084,1,93,-92
227000085,0,52,-52
227000088,47,7,40
227000089,166,2,164
227000090,49,3,46
227000091,31,0,31
227000093,214,1,213
227000094,31,0,31
227000130,29,66,-37
227000131,8,202,-194
227000132,5,175,-170
227000133,12,146,-134
227000134,15,278,-263
227000152,0,11,-11
227000153,0,67,-67
227000155,5,12,-7
227000156,0,20,-20
227000165,5,29,-24
227000196,231,178,53
227000199,225,392,-167
227000230,14,328,-314
227000232,360,26,334
227000242,80,435,-355
227000243,378,113,265
227000245,22,289,-267
227000246,116,457,-341
227000247,312,99,213
227000248,165,34,131
227000249,43,196,-153
227000250,482,196,286
227000251,153,218,-65
227000252,14,291,-277
227000253,121,21,100
227000262,330,60,270
227000266,892,20,872
227000267,25,1144,-1119
227000282,4,90,-86
227000284,357,16,341
227000286,3,66,-63
227000287,4,65,-61
227000291,5,397,-392
227000484,284,14,270
227000485,18,769,-751
227000655,96,8,88
227000656,421,18,403
227000657,53,6,47
227000661,297,14,283
227000680,166,47,119
229000265,10,18,-8
229000296,2,9,-7
229000297,2,26,-24
229000298,3,76,-73
229000320,3,8,-5
229000321,8,3,5
229000412,9,33,-24
229000414,5,34,-29
229000415,32,3,29
229000416,0,5,-5
229000417,1,4,-3
229000419,69,209,-140
229000440,290,55,235
229000442,23,2,21
229000443,8,1,7
229000444,5,14,-9
229000445,62,4,58
229000446,64,7,57
229000491,2,7,-5
229000492,5,45,-40
229000493,2,34,-32
229000494,26,3,23
229000495,71,3,68
229000496,27,7,20
229000507,0,29,-29
229000508,0,23,-23
229000509,0,33,-33
229000510,1,12,-11
229000511,0,14,-14
229000512,0,15,-15
229000513,0,5,-5
229000514,0,1,-1
229000517,0,6,-6
229000518,10,11,-1
229000519,1,8,-7
229000520,10,16,-6
229000521,42,6,36
229000522,10,8,2
229000523,10,4,6
229000524,3,5,-2
229000527,0,0,0
229000528,2,0,2
229000529,4,0,4
229000530,27,0,27
229000531,16,2,14
229000532,12,0,12
229000533,31,0,31
229000534,41,0,41
229000564,32,0,32
229000565,5,0,5
229000566,0,6,-6
229000567,0,16,-16
229000582,52,3,49
229000583,4,2,2
229000584,0,17,-17
229000585,0,29,-29
229000718,0,5,-5
229000719,0,2,-2
229000720,0,12,-12
229000721,1,5,-4
229000722,0,5,-5
229000723,0,3,-3
229000724,0,1,-1
229000725,0,5,-5
229000738,3,0,3
229000739,0,0,0
229000740,3,0,3
229000741,6,0,6
229000742,4,0,4
229000743,8,0,8
229000744,0,0,0
229000745,1,0,1
229000746,8,0,8
229000847,38,1,37
229000848,5,2,3
229000849,41,1,40
229000851,27,2,25
229000854,0,15,-15
229000856,1,49,-48
229000857,0,24,-24
229000858,0,34,-34
229000919,10,72,-62
229000930,3,196,-193
229000937,81,17,64
229000966,40,29,11
229000981,16,36,-20
229000985,4,27,-23
229000986,2,3,-1
229000987,1,1,0
229000988,2,6,-4
229000989,5,5,0
229000990,0,0,0
229000991,7,2,5
229000992,14,4,10
229000993,126,19,107
229000998,8,41,-33
229000999,41,22,19
229001034,0,9,-9
229001035,7,2,5
229001037,40,5,35
229001042,10,20,-10
229001047,5,35,-30
229001050,42,31,11
229001168,0,8,-8
229001200,20,2,18
229001338,19,16,3
229001394,146,6,140
229001422,81,18,63
229001423,22,133,-111
229001431,44,38,6
229001432,34,89,-55
229001444,125,40,85
229001445,11,116,-105
229001479,11,2,9
229001503,142,91,51
229001504,136,136,0
229001505,112,40,72
229001506,35,128,-93
229001509,41,17,24
229001545,78,2,76
229001546,9,85,-76
229001553,76,11,65
229001554,43,74,-31
229001559,0,4,-4
229001560,4,19,-15
229001630,34,11,23
229001631,4,21,-17
229001635,0,21,-21
229001636,19,0,19
229001658,0,76,-76
229001659,48,15,33
229001660,14,5,9
229001661,5,12,-7
229001662,39,0,39
229001663,0,17,-17
229002584,139,124,15
229002831,124,95,29
229002841,5,10,-5
229002842,7,21,-14
229002843,58,7,51
229002844,25,53,-28
229002845,28,56,-28
229002846,46,21,25
229002847,0,3,-3
229002848,6,4,2
229002849,3,53,-50
229002850,6,1,5
229002851,24,125,-101
229002852,202,24,178
229002853,131,9,122
229002854,24,27,-3
229002855,6,9,-3
229002856,43,17,26
229002857,4,70,-66
229002858,19,12,7
229002859,16,36,-20
229002860,229,12,217
229002861,83,25,58
229002862,54,11,43
229002863,18,8,10
229002864,25,21,4
229002865,21,7,14
229002866,34,13,21
229002867,6,20,-14
229002868,15,13,2
229002869,13,75,-62
229002870,65,14,51
235000066,388,92,296
235000067,119,84,35
235000072,15,73,-58
235000073,50,268,-218
235000074,17,60,-43
235000080,34,78,-44
235000081,132,122,10
235000082,175,74,101
235000083,174,109,65
235000084,40,73,-33
235000085,119,63,56
235000089,30,26,4
235000092,17,124,-107
235000093,3,4,-1
235000097,6,7,-1
235000098,62,12,50
235000099,27,23,4
235000116,95,15,80
235000117,622,14,608
235000133,5,339,-334
235000134,8,152,-144
235000206,10,3,7
235000207,14,2,12
235000208,12,4,8
235000209,11,3,8
235000210,14,2,12
235000212,6,20,-14
235000213,2,2,0
235000220,2,7,-5
235000221,65,10,55
235000238,18,65,-47
235000239,0,10,-10
235000242,291,455,-164
235000245,506,117,389
235000246,10,50,-40
235000284,7,102,-95
235000295,155,8,147
235000305,249,22,227
235000306,167,14,153
235000307,23,0,23
235000308,19,6,13
235000309,62,0,62
235000310,30,0,30
235000311,148,8,140
235000322,0,30,-30
235000323,1,23,-22
235000324,0,32,-32
235000325,0,10,-10
235000326,7,116,-109
235000351,5,62,-57
235000352,5,22,-17
235000353,4,17,-13
235000354,2,21,-19
235000355,8,35,-27
235000356,165,6,159
235000357,33,4,29
235000358,175,3,172
235000359,20,11,9
235000360,86,17,69
235000361,70,6,64
235000381,76,119,-43
235000382,136,43,93
235000390,13,5,8
235000391,213,20,193
235000392,133,230,-97
235000393,133,129,4
235000395,91,33,58
235000396,382,57,325
235000400,87,64,23
235000401,19,110,-91
235000405,77,201,-124
235000406,47,213,-166
235000407,48,58,-10
235000409,123,91,32
235000410,44,218,-174
235000411,0,62,-62
235000485,0,10,-10
235000486,7,1,6
235000549,72,103,-31
235000550,96,150,-54
235000599,70,70,0
235000600,15,7,8
235000601,15,28,-13
235000602,61,66,-5
235000614,0,0,0
235000648,0,7,-7
235000649,25,2,23
235000685,6,6,0
235000815,10,31,-21
235000834,0,3,-3
235000855,32,63,-31
235000862,29,91,-62
235000891,0,10,-10
235000892,19,5,14
235000901,59,60,-1
235000907,4,10,-6
235001010,47,60,-13
235001029,438,349,89
235001030,330,290,40
235001078,74,97,-23
235001079,64,65,-1
235001147,11,50,-39
235001166,11,67,-56
235001167,26,36,-10
235001169,25,230,-205
235001188,4,5,-1
235001189,3,1,2
235001197,25,31,-6
235001200,33,30,3
235001207,244,30,214
235001210,46,97,-51
235001215,38,131,-93
235001239,1,38,-37
235001244,0,3,-3
235016267,0,38,-38
277101746,0,0,0
277102712,3,0,3
277103813,0,0,0
277103814,0,0,0
277103898,0,0,0
277104249,0,6,-6
277104250,0,6,-6
277104251,0,9,-9
277104252,0,8,-8
990011530,0,151,-151
990014944,2,453,-451
990015176,53,51,2
990015618,2,101,-99
990016032,1,267,-266
990032570,1,24,-23
990070001,38,2,36
990070103,0,4,-4
990070601,0,35,-35
990070751,508,12,496
990070766,0,300,-300
990071180,409,204,205
990071343,21,1,20
990071387,3,9,-6
990071823,696,9,687
990072600,1,773,-772
990072964,0,285,-285
990073285,0,4,-4
990074393,0,522,-522
990074870,1367,6,1361
990075106,1924,13,1911
990075746,499,4,495
990076437,826,1,825
990076458,1,540,-539
997000007,791,14,777
997000041,0,122,-122
997000058,36,0,36
997000062,43,1,42
997000069,0,6,-6
997000070,0,26,-26
997000100,25,0,25
997000141,2,1084,-1082
997000198,410,1528,-1118
998000475,2,38,-36
998000736,0,153,-153
998000965,0,12,-12
998001031,0,63,-63
998001700,0,10,-10
998001899,0,3,-3
998001900,19,2,17
998003073,725,4,721
998101900,0,0,0
998102850,6,205,-199
998501927,1128,582,546
998501929,104,3,101
998501930,44,0,44
998501931,173,6,167
998501932,2,0,2
998501933,38,1,37
998501937,3,0,3
998501944,1,0,1
998501950,0,14,-14
998501970,26,2,24
998501971,2,74,-72
998501973,0,46,-46
998501974,0,250,-250
998501975,109,1,108
998501976,93,0,93
998501977,0,23,-23
998501978,36,0,36
998501979,0,16,-16
998501980,144,1,143
998501981,29,1,28
998501982,0,70,-70
998501983,0,1,-1
998502024,0,17,-17
998502032,0,4,-4
998502062,9,0,9
998502063,0,0,0
998502173,28,0,28
998502269,0,3,-3
998502546,1,126,-125
998502578,2,3,-1
998502599,78,90,-12
998601159,0,94,-94
998601292,1,13,-12
999033574,2,329,-327
999800001,44,3,41
999800002,0,3,-3
999800003,1,2,-1
999800004,0,2,-2
999800005,0,7,-7
