ID,insum,outsum,diff
100000001,1142,691,451
100000002,5354,10991,-5637
100000003,4801,8034,-3233
100000004,242,1580,-1338
100000005,3701,4907,-1206
100000006,702,393,309
100000007,3064,907,2157
100000008,74,1022,-948
100000009,460,686,-226
100000010,19,271,-252
100000011,424,100,324
100000012,43,397,-354
100000013,6,225,-219
100000014,167,1069,-902
100000015,1597,2256,-659
100000016,353,3157,-2804
100000017,316,4079,-3763
100000018,945,704,241
100000019,4043,3748,295
100000020,1716,6876,-5160
100000021,7811,1753,6058
100000022,957,6187,-5230
100000023,5647,3535,2112
100000025,656,2527,-1871
100000028,516,4340,-3824
100000029,25,1900,-1875
100000030,36,51,-15
100000031,2407,10772,-8365
100000032,3286,7751,-4465
100000033,1459,5193,-3734
100000034,237,2438,-2201
100000035,860,2175,-1315
100000036,746,2468,-1722
100000037,916,443,473
100000038,3036,1144,1892
100000039,319,527,-208
100000040,626,211,415
100000041,1624,732,892
100000042,1371,331,1040
100000043,701,354,347
100000044,226,462,-236
100000045,271,594,-323
100000046,496,792,-296
100000047,146,432,-286
100000048,141,508,-367
100000049,1451,1420,31
100000051,687,585,102
100000053,45,2,43
100000054,309,13,296
100000055,660,239,421
100000056,308,693,-385
100000057,1909,686,1223
100000058,909,648,261
100000059,69,303,-234
100000060,742,449,293
100000061,1960,719,1241
100000062,1552,955,597
100000063,963,435,528
100000064,1356,792,564
100000065,341,937,-596
100000066,225,526,-301
100000067,196,941,-745
100000068,439,1964,-1525
100000069,236,1400,-1164
100000072,190,442,-252
100000073,1147,997,150
100000075,1284,292,992
100000076,1778,6878,-5100
100000077,115,905,-790
100000078,18,80,-62
100000079,6,115,-109
100000080,3,83,-80
100000081,30,140,-110
100000102,3538,10852,-7314
100000103,2349,2670,-321
100000104,7514,2632,4882
100000105,1140,3297,-2157
100000106,821,6087,-5266
100000107,82,1919,-1837
100000108,257,2189,-1932
100000109,419,3021,-2602
100000116,318,834,-516
100000117,42,158,-116
100000118,432,1364,-932
100000119,1040,1389,-349
100000121,247,862,-615
100000122,598,6038,-5440
100000123,1195,3554,-2359
100000124,2190,2989,-799
100000125,14672,3202,11470
100000126,637,2468,-1831
100000127,1591,2761,-1170
100000128,358,5120,-4762
100000129,461,1686,-1225
100000130,871,253,618
100000131,748,1691,-943
100000132,1554,1844,-290
100000133,1418,864,554
100000135,958,1545,-587
100000139,135,749,-614
100000140,52,131,-79
100000142,564,933,-369
100000143,1855,400,1455
100000144,1547,526,1021
100000147,2221,5753,-3532
100000150,98,715,-617
100000151,308,3049,-2741
100000153,78,940,-862
100000154,18,1476,-1458
100000155,3,129,-126
100000156,114,268,-154
100000157,165,203,-38
100000158,260,189,71
100000159,223,3812,-3589
100000165,763,708,55
100000169,35,2806,-2771
100000174,276,1598,-1322
100000179,162,1654,-1492
100000180,623,2669,-2046
100000181,322,542,-220
100000188,68,273,-205
100000189,833,450,383
100000190,638,2239,-1601
100000191,1356,995,361
100000192,22,184,-162
100000193,410,201,209
100000330,657,1300,-643
100000355,269,622,-353
100000362,2306,954,1352
100000363,6946,9557,-2611
100000364,79,238,-159
100000365,7125,10498,-3373
100000366,1820,1259,561
100000367,7146,8114,-968
100000368,2138,1516,622
100000369,737,3123,-2386
100000370,479,1588,-1109
100000376,46,452,-406
100000379,840,7029,-6189
100000380,3260,15354,-12094
100000384,6504,11015,-4511
100000385,1858,7836,-5978
100000386,1886,10523,-8637
100000387,6032,12774,-6742
100000388,2034,5158,-3124
100000389,5884,10213,-4329
100000390,3047,4260,-1213
100000391,2470,9515,-7045
100000392,717,3506,-2789
100000393,781,5908,-5127
100000394,2335,7372,-5037
100000395,1070,6913,-5843
100000396,1080,2376,-1296
100000397,1875,8740,-6865
100000398,6198,4439,1759
100000413,3,1,2
100900002,4,15,-11
100900003,753,420,333
100900004,19,1292,-1273
100900005,209,5,204
100900006,24,12,12
100900007,227,3,224
100900008,1,581,-580
100900009,58,47,11
100900010,72,5,67
100900011,273,70,203
100900012,3,172,-169
100900013,1370,5,1365
100900014,6,0,6
100900015,54,83,-29
100900016,18,51,-33
100900017,1559,73,1486
100900018,6,7,-1
100900019,48,66,-18
100900020,703,5,698
100900021,526,4,522
100900022,1,17,-16
100900023,1,44,-43
100900024,380,1,379
100900025,10,2,8
100900026,157,103,54
100900027,577,3545,-2968
100900028,65,757,-692
100900029,51,10,41
100900030,2,553,-551
100900031,1124,44,1080
100900032,710,3,707
100900033,96,863,-767
100900034,1978,1,1977
100900035,293,1,292
100900036,15,1,14
100900037,191,61,130
100900038,17,369,-352
100900039,271,167,104
100900040,796,250,546
100900041,1604,295,1309
100900042,224,4425,-4201
100900043,0,106,-106
100900044,1269,1283,-14
100900045,10,1,9
100900046,1380,13,1367
100900047,797,98,699
100900048,143,30,113
100900049,50,72,-22
100900050,16,69,-53
100900051,14,279,-265
100900052,464,12,452
100900053,901,38,863
100900054,26,51,-25
100900055,829,1798,-969
100900056,20,67,-47
100900057,3664,491,3173
100900058,151,66,85
100900059,138,2,136
100900060,219,10,209
100900061,114,253,-139
100900062,9,31,-22
100900063,299,1249,-950
100900064,780,16,764
100900065,70,227,-157
100900066,254,129,125
100900067,9,0,9
100900068,131,145,-14
100900069,121,9,112
100900070,886,4,882
100900071,183,154,29
100900072,2,30,-28
100900073,220,401,-181
100900074,1,16,-15
100900075,2634,129,2505
100900076,8,16,-8
100900077,77,4,73
100900078,293,229,64
100900079,2,51,-49
100900080,123,79,44
100900081,11,172,-161
100900082,410,109,301
100900083,8,136,-128
100900085,4,823,-819
100900086,67,436,-369
100900088,276,118,158
100900089,3,25,-22
100900090,124,2246,-2122
100900091,0,3,-3
100900092,91,138,-47
100900093,374,713,-339
100900094,233,102,131
100900095,9,55,-46
100900096,22,560,-538
100900097,5,0,5
100900098,10,37,-27
100900099,17,826,-809
100900100,6,398,-392
100900101,252,59,193
100900102,3,91,-88
100900103,5,21,-16
100900104,11,240,-229
100900105,21,862,-841
100900106,6,5,1
100900107,3791,956,2835
100900108,7,37,-30
100900109,3,62,-59
100900110,1,25,-24
100900111,16,272,-256
100900112,6,18,-12
100900113,17,17,0
100900114,9,18,-9
100900115,15,64,-49
100900116,1358,513,845
100900117,294,1299,-1005
100900118,4,108,-104
100900119,4,18,-14
100900120,9,9,0
100900121,492,375,117
100900122,68,93,-25
100900123,317,62,255
100900124,1,13,-12
100900125,7,53,-46
100900126,891,140,751
100900127,9,3,6
100900128,73,1261,-1188
100900129,1,377,-376
100900131,8,102,-94
100900133,129,32,97
100900134,3,9,-6
100900135,2,1198,-1196
100900137,396,278,118
100900138,450,640,-190
100900139,2,12,-10
100900140,8,231,-223
100900141,6,976,-970
100900142,1,3,-2
100900143,354,1213,-859
100900144,2,8,-6
100900145,79,259,-180
100900146,4,33,-29
100900147,19,3272,-3253
100900148,74,190,-116
100900149,30,746,-716
100900150,6,28,-22
100900151,89,463,-374
100900152,242,7,235
100900153,5,286,-281
100900154,4,382,-378
100900155,6,5,1
100900156,34,0,34
100900157,8,383,-375
100900159,3,106,-103
100900160,60,3,57
100900161,36,1,35
100900162,4,227,-223
100900163,71,88,-17
100900164,188,33,155
100900165,33,63,-30
100900166,14,0,14
100900167,16,37,-21
100900168,6,92,-86
100900169,62,1643,-1581
100900170,7,14,-7
100900171,25,634,-609
100900172,2,144,-142
100900173,10,120,-110
100900174,79,20,59
100900176,2180,587,1593
100900177,660,325,335
100900178,128,212,-84
100900179,335,554,-219
100900180,0,1,-1
100900181,13,40,-27
100900182,47,6,41
100900184,36,79,-43
100900186,522,241,281
100900187,80,102,-22
100900188,24,4,20
100900189,2915,148,2767
100900191,509,1078,-569
100900192,184,529,-345
100900195,122,1191,-1069
100900197,57,107,-50
100900198,50,60,-10
100900199,5,5,0
100900200,1025,295,730
100900201,101,790,-689
100900202,21,0,21
100900203,0,95,-95
100900204,47,1280,-1233
100900205,260,673,-413
100900206,202,238,-36
100900207,331,169,162
100900210,92,133,-41
100900211,798,117,681
100900213,201,28,173
100900214,310,204,106
100900215,170,31,139
100900217,260,191,69
101000001,2084,2435,-351
101000002,8583,9400,-817
101000003,487,861,-374
101000004,10804,11490,-686
101000006,12814,11567,1247
101000007,4750,5924,-1174
101000008,1955,3008,-1053
101000009,3527,941,2586
101000010,1410,1229,181
101000011,2127,633,1494
101000012,390,863,-473
101000013,648,1632,-984
101000014,344,506,-162
101000015,2659,2067,592
101000016,243,1100,-857
101000017,406,705,-299
101000018,1522,12521,-10999
101000020,1684,2099,-415
101000021,567,1458,-891
101000022,26,268,-242
101000023,1153,1246,-93
101000025,515,870,-355
101000026,351,28,323
101000027,1770,5127,-3357
101000028,1443,434,1009
101000029,83,1493,-1410
101000030,1021,148,873
101000031,95,693,-598
101000032,1714,4888,-3174
101000033,1206,8791,-7585
101000034,777,4478,-3701
101000035,404,913,-509
101000036,479,4121,-3642
101000037,1150,6226,-5076
101000039,1832,5594,-3762
101000040,3180,8350,-5170
101000041,2355,7188,-4833
101000042,51,1185,-1134
101000043,3703,9880,-6177
101000045,241,1097,-856
101000046,1118,2100,-982
101000047,937,4298,-3361
101000048,622,710,-88
101000049,528,2854,-2326
101000050,553,2499,-1946
101000051,521,2277,-1756
101000052,2174,2349,-175
101000053,423,2094,-1671
101000054,2803,1078,1725
101000055,1450,2212,-762
101000056,25,193,-168
101000057,761,4154,-3393
101000058,841,3039,-2198
101000059,2540,3834,-1294
101000060,3027,2021,1006
101000061,316,3094,-2778
101000062,285,954,-669
101000063,157,2304,-2147
101000064,319,2078,-1759
101000065,216,1638,-1422
101000066,361,2163,-1802
101000067,196,986,-790
101000068,102,440,-338
101000069,237,111,126
101000070,392,858,-466
101000071,5393,1990,3403
101000072,734,2859,-2125
101000073,379,1386,-1007
101000074,1706,3857,-2151
101000075,1863,3065,-1202
101000077,1842,1929,-87
101000078,640,1460,-820
101000079,657,1043,-386
101000080,637,1077,-440
101000081,1822,1758,64
101000082,2259,2011,248
101000083,3712,2946,766
101000084,1112,629,483
101000085,1837,1718,119
101000086,824,1424,-600
101000087,1036,1034,2
101000088,2150,1441,709
101000089,1398,2165,-767
101000090,2059,722,1337
101000091,751,445,306
101000092,2694,643,2051
101000093,2082,721,1361
101000094,1206,905,301
101000095,758,560,198
101000096,939,419,520
101000097,477,1508,-1031
101000098,456,1621,-1165
101000099,595,1544,-949
101000100,955,1990,-1035
101000101,247,1888,-1641
101000102,365,2475,-2110
101000103,415,1671,-1256
101000104,450,1071,-621
101000105,190,930,-740
101000106,176,3835,-3659
101000107,326,827,-501
101000108,774,127,647
101000109,1161,216,945
101000110,35,229,-194
101000111,65,239,-174
101000113,137,1338,-1201
101000114,1652,6823,-5171
101000115,22,32,-10
101000116,23,50,-27
101000117,1895,416,1479
101000119,23,125,-102
101000120,87,219,-132
101000121,13,54,-41
101000122,80,60,20
101000123,17,56,-39
101000124,400,459,-59
101000125,108,209,-101
101000128,117,1896,-1779
101000130,171,226,-55
101000131,2144,487,1657
101000132,1107,607,500
101000135,24,49,-25
101000136,112,149,-37
101000137,16,768,-752
101000141,611,6388,-5777
101000147,1934,450,1484
101000148,1065,13,1052
101000149,40,125,-85
101000150,271,256,15
101000151,584,70,514
101000152,440,513,-73
101000153,402,272,130
101000154,597,816,-219
101000155,701,265,436
101000156,43,924,-881
101000157,61,396,-335
101000160,11,27,-16
101000163,53,817,-764
101000164,309,139,170
101000165,347,681,-334
101000166,176,301,-125
101000168,1311,853,458
101000252,3585,1350,2235
101000254,55,41,14
101000258,38,7,31
101000261,43,120,-77
101000262,3296,8522,-5226
101000263,398,1486,-1088
101000265,130,770,-640
101000266,518,366,152
101000269,4,43,-39
101000290,360,4142,-3782
101000293,9,84,-75
101000294,948,994,-46
101000295,445,243,202
101000301,233,1124,-891
101000304,3209,6375,-3166
101000305,3695,2742,953
101000328,145,1604,-1459
101900001,25,26,-1
101900002,0,2,-2
101900003,52,414,-362
101900004,2,408,-406
101900005,1495,5062,-3567
101900006,2867,179,2688
101900007,697,364,333
101900008,63,711,-648
101900009,58,571,-513
101900010,587,1015,-428
101900011,62,1930,-1868
101900012,860,68,792
101900013,811,121,690
101900017,12,143,-131
101900018,1440,424,1016
101900019,26,154,-128
101900020,177,121,56
101900021,2,52,-50
101900022,205,1328,-1123
101900023,236,248,-12
101900026,140,44,96
101900027,27,107,-80
102000001,4568,9297,-4729
102000002,2768,7293,-4525
102000003,2563,6408,-3845
102000004,7519,4867,2652
102000005,2360,4426,-2066
102000006,1012,1806,-794
102000007,3040,4827,-1787
102000008,6843,2161,4682
102000009,10673,9920,753
102000010,4883,3009,1874
102000011,6611,6205,406
102000012,4318,3067,1251
102000018,4558,4276,282
102000019,3916,2238,1678
102000026,1158,446,712
102000029,426,466,-40
102000030,175,505,-330
102000031,138,246,-108
102000032,1024,629,395
102000033,635,341,294
102000034,656,475,181
102000035,1162,637,525
102000036,46,258,-212
102000037,234,62,172
102000038,130,622,-492
102000039,77,333,-256
102000040,317,467,-150
102000041,54,867,-813
102000042,48,518,-470
102000043,84,917,-833
102000044,584,1840,-1256
102000045,1130,1611,-481
102000046,2113,1222,891
102000047,1452,1065,387
102000048,907,640,267
102000049,1276,1550,-274
102000050,2443,1836,607
102000051,204,966,-762
102000052,1634,1903,-269
102000053,1211,2138,-927
102000054,1149,1118,31
102000055,1640,182,1458
102000056,3078,338,2740
102000057,2744,738,2006
102000058,1129,860,269
102000059,1164,2006,-842
102000060,1139,1169,-30
102000061,2275,2003,272
102000062,3000,1119,1881
102000063,1591,1774,-183
102000064,849,836,13
102000065,43,150,-107
102000066,1130,1059,71
102000067,7974,5440,2534
102000068,10667,4631,6036
102000069,81,2439,-2358
102000070,2315,46,2269
102000071,8436,14410,-5974
102000072,3131,5048,-1917
102000073,1241,652,589
102000074,977,1527,-550
102000075,233,286,-53
102000076,573,155,418
102000077,1111,302,809
102000078,1899,293,1606
102000079,238,56,182
102000080,490,209,281
102000081,230,1050,-820
102000082,705,589,116
102000083,1484,307,1177
102000084,825,239,586
102000085,2295,855,1440
102000086,2071,910,1161
102000087,910,1277,-367
102000088,510,361,149
102000089,1806,344,1462
102000090,350,1287,-937
102000091,1082,633,449
102000092,364,676,-312
102000093,1598,928,670
102000094,478,325,153
102000095,865,1295,-430
102000096,431,457,-26
102000097,768,390,378
102000098,352,465,-113
102000099,746,872,-126
102000100,276,903,-627
102000101,291,448,-157
102000102,445,1592,-1147
102000103,5053,551,4502
102000104,1069,598,471
102000105,423,648,-225
102000106,1158,634,524
102000107,3176,251,2925
102000108,915,439,476
102000109,1718,795,923
102000110,2057,892,1165
102000111,14,878,-864
102000112,110,205,-95
102000113,43,109,-66
102000114,1904,474,1430
102000115,351,620,-269
102000116,336,936,-600
102000117,71,1448,-1377
102000118,1145,2313,-1168
102000119,951,1854,-903
102000120,253,872,-619
102000121,1147,402,745
102000122,514,1151,-637
102000123,1107,795,312
102000124,1583,1434,149
102000125,420,756,-336
102000126,480,827,-347
102000127,1187,635,552
102000128,662,1078,-416
102000129,1608,570,1038
102000130,678,887,-209
102000131,827,701,126
102000132,263,789,-526
102000133,4642,2424,2218
102000134,1249,1002,247
102000135,688,813,-125
102000136,1018,506,512
102000137,548,538,10
102000138,526,294,232
102000139,108,590,-482
102000140,161,683,-522
102000141,221,442,-221
102000142,490,369,121
102000143,443,300,143
102000144,472,274,198
102000145,657,356,301
102000146,744,402,342
102000147,624,452,172
102000148,491,978,-487
102000149,582,165,417
102000150,914,91,823
102000151,143,101,42
102000152,353,257,96
102000153,1034,941,93
102000154,185,462,-277
102000155,74,719,-645
102000156,374,299,75
102000157,136,1841,-1705
102000158,277,603,-326
102000159,2955,1588,1367
102000161,4140,2843,1297
102000162,205,362,-157
102000163,193,467,-274
102000164,858,855,3
102000165,219,512,-293
102000166,84,368,-284
102000167,191,426,-235
102000168,279,301,-22
102000169,228,785,-557
102000170,1197,187,1010
102000171,100,185,-85
102000172,14,450,-436
102000173,477,439,38
102000174,221,89,132
102000175,79,102,-23
102000176,32,63,-31
102000178,305,797,-492
102000179,574,429,145
102000180,1744,265,1479
102000181,1487,394,1093
102000182,676,366,310
102000183,2483,1164,1319
102000184,2517,676,1841
102000185,3634,750,2884
102000186,2799,1083,1716
102000187,1314,1202,112
102000188,1920,1947,-27
102000189,2538,574,1964
102000190,728,2814,-2086
102000191,1111,327,784
102000192,2697,2073,624
102000193,232,210,22
102000194,40,653,-613
102000195,840,566,274
102000196,346,488,-142
102000197,1547,220,1327
102000198,298,466,-168
102000199,1839,145,1694
102000200,448,751,-303
102000201,1911,525,1386
102000202,22,268,-246
102000203,918,214,704
102000204,1265,803,462
102000205,1490,953,537
102000206,887,572,315
102000207,938,645,293
102000208,689,1298,-609
102000209,64,327,-263
102000210,932,588,344
102000211,1029,405,624
102000212,843,5,838
102000213,9,240,-231
102000214,929,14,915
102000215,13,258,-245
102000216,192,198,-6
102000217,32,110,-78
102000218,301,459,-158
102000219,280,170,110
102000225,318,711,-393
102000226,238,240,-2
102000227,172,4,168
102000228,1,257,-256
102000229,90,88,2
102000230,549,304,245
102000231,454,435,19
102000232,187,278,-91
102000233,2071,430,1641
102000234,136,1065,-929
102000236,495,52,443
102000237,1204,1122,82
102000238,325,487,-162
102000240,470,1033,-563
102000241,260,82,178
102000243,17,36,-19
102000245,8,90,-82
102000246,13,139,-126
102000247,278,389,-111
102000248,203,835,-632
102000249,191,124,67
102000250,186,133,53
102000254,310,141,169
102000266,4,401,-397
102000271,83,0,83
102000286,582,371,211
102000297,3531,1554,1977
102000299,0,0,0
102000301,0,0,0
102000305,0,0,0
102000307,0,11,-11
102900001,1074,522,552
102900002,332,69,263
102900003,203,194,9
102900005,700,246,454
102900006,865,64,801
102900007,1221,12,1209
102900008,397,34,363
102900009,225,567,-342
102900010,129,1266,-1137
102900011,1143,762,381
102900012,616,253,363
102900013,133,12,121
102900015,1036,827,209
102900016,107,25,82
102900017,460,178,282
102900018,130,52,78
102900019,704,984,-280
102900020,472,39,433
102900021,63,20,43
102900022,84,63,21
102900023,38,49,-11
102900024,73,45,28
102900025,73,50,23
102900026,771,2999,-2228
102900027,94,84,10
102900028,242,1518,-1276
102900029,120,586,-466
102900030,572,471,101
102900031,450,160,290
102900032,234,72,162
102900033,137,261,-124
102900034,932,18,914
102900035,274,283,-9
102900036,694,196,498
102900037,478,267,211
102900038,533,199,334
102900039,12,1163,-1151
102900040,398,386,12
102900041,212,187,25
102900042,539,133,406
102900043,512,92,420
102900044,616,1363,-747
102900045,374,339,35
102900046,249,102,147
102900047,185,857,-672
102900048,849,262,587
102900049,79,308,-229
102900050,195,559,-364
102900051,255,542,-287
102900053,386,825,-439
102900054,230,2065,-1835
102900055,247,578,-331
102900056,124,407,-283
102900057,3,99,-96
102900058,623,83,540
102900059,32,15,17
102900060,174,553,-379
102900061,353,479,-126
102900062,498,524,-26
102900063,2823,373,2450
102900064,98,778,-680
102900065,834,200,634
102900066,643,17,626
102900068,73,327,-254
102900070,313,578,-265
102900072,20,107,-87
102900073,95,4,91
102900075,13,78,-65
102900076,84,140,-56
102900077,25,35,-10
102900078,60,27,33
102900079,425,4,421
102900080,498,17,481
102900081,66,158,-92
102900082,34,210,-176
102900083,149,9,140
102900084,9,44,-35
102900085,194,58,136
102900086,26,101,-75
102900087,307,133,174
102900088,81,45,36
102900089,260,399,-139
102900090,1,324,-323
102900091,387,6,381
102900092,870,88,782
102900094,3,249,-246
102900095,93,1,92
102900096,100,6,94
102900097,16,31,-15
103000001,2493,4237,-1744
103000002,3067,4924,-1857
103000003,3638,3934,-296
103000004,894,863,31
103000005,2006,6586,-4580
103000006,1573,2125,-552
103000007,807,445,362
103000008,1320,2037,-717
103000009,3454,2233,1221
103000010,429,169,260
103000011,1335,776,559
103000012,1259,2248,-989
103000013,4318,2645,1673
103000014,1530,4921,-3391
103000015,3639,1476,2163
103000016,883,3457,-2574
103000017,316,1208,-892
103000018,799,248,551
103000019,555,826,-271
103000020,1795,2476,-681
103000021,2087,5284,-3197
103000022,1016,1964,-948
103000023,1519,4279,-2760
103000024,103,61,42
103000025,132,1625,-1493
103000026,448,116,332
103000027,230,662,-432
103000028,166,264,-98
103000029,94,294,-200
103000030,2875,1621,1254
103000031,811,3537,-2726
103000032,2410,1557,853
103000033,3223,3584,-361
103000034,1497,939,558
103000035,207,1564,-1357
103000036,300,257,43
103000037,680,401,279
103000038,545,1032,-487
103000039,1264,342,922
103000040,672,593,79
103000041,3498,1441,2057
103000042,2727,216,2511
103000043,1168,682,486
103000044,441,124,317
103000046,349,713,-364
103000047,857,358,499
103000048,371,211,160
103000049,47,143,-96
103000050,994,274,720
103000051,730,621,109
103000052,1142,311,831
103000053,262,286,-24
103000054,2440,491,1949
103000055,1803,1392,411
103000056,1291,713,578
103000057,2015,107,1908
103000058,1080,448,632
103000059,1157,682,475
103000060,1048,233,815
103000061,877,803,74
103000062,808,247,561
103000063,1252,768,484
103000064,240,90,150
103000065,4,334,-330
103000066,369,12,357
103000069,523,414,109
103000070,935,434,501
103000071,2378,937,1441
103000072,146,647,-501
103000073,1813,129,1684
103000074,1348,144,1204
103000075,191,556,-365
103000076,503,1312,-809
103000077,10,426,-416
103000078,1547,2261,-714
103000079,695,1328,-633
103000080,558,564,-6
103000081,422,1101,-679
103000082,865,280,585
103000083,240,634,-394
103000084,125,6,119
103000085,2,182,-180
103000086,457,894,-437
103000087,172,798,-626
103000088,305,602,-297
103000089,440,1333,-893
103000090,5999,1530,4469
103000091,1855,673,1182
103000092,540,348,192
103000093,456,936,-480
103000094,569,233,336
103000095,165,567,-402
103000096,768,93,675
103000097,127,1017,-890
103000098,734,238,496
103000099,120,1164,-1044
103000100,169,554,-385
103000101,2045,149,1896
103000102,76,372,-296
103000103,1095,176,919
103000104,158,85,73
103000105,424,125,299
103000106,7,156,-149
103000107,397,185,212
103000108,2590,2033,557
103000109,939,1118,-179
103000110,1036,1048,-12
103000111,451,1267,-816
103000112,361,924,-563
103000113,197,2919,-2722
103000114,2185,2835,-650
103000115,1328,1176,152
103000116,895,465,430
103000117,433,496,-63
103000118,592,420,172
103000119,1974,612,1362
103000120,80,1000,-920
103000121,106,155,-49
103000122,545,617,-72
103000125,38,91,-53
103000126,1415,1,1414
103000127,3,80,-77
103000128,281,2,279
103000129,3,128,-125
103000130,110,70,40
103000131,71,160,-89
103000132,47,116,-69
103000133,27,79,-52
103000134,319,1610,-1291
103000135,1087,242,845
103000136,673,890,-217
103000137,492,904,-412
103000138,536,961,-425
103000139,0,136,-136
103000140,293,42,251
103000141,55,257,-202
103000142,176,163,13
103000143,103,258,-155
103000144,245,228,17
103000145,10,218,-208
103000150,113,68,45
103000152,225,641,-416
103000153,285,549,-264
103000156,28,164,-136
103000157,778,3,775
103000159,523,38,485
103000162,55,20,35
103000163,9,21,-12
103000164,8,12,-4
103000165,112,169,-57
103000166,487,1102,-615
103000167,490,427,63
103000168,275,209,66
103000169,232,1070,-838
103000170,1583,291,1292
103000171,24,217,-193
103000172,1217,125,1092
103000173,1691,226,1465
103000174,599,283,316
103000175,585,133,452
103000176,1137,1434,-297
103000177,267,574,-307
103000178,95,264,-169
103000179,181,30,151
103000183,592,6,586
103000185,304,95,209
103000186,416,111,305
103000187,1677,214,1463
103000188,65,86,-21
103000189,818,1278,-460
103000191,524,367,157
103000292,754,3058,-2304
103000293,1144,5544,-4400
103000295,99,207,-108
103000296,101,6,95
103000297,0,23,-23
103000504,20,12,8
103000505,7,52,-45
103000506,2,215,-213
103000507,288,2,286
103000508,118,93,25
103000509,383,888,-505
103900001,30,43,-13
103900002,837,64,773
103900003,1072,185,887
103900004,211,3,208
103900005,0,208,-208
103900006,2,9,-7
103900007,271,3,268
103900008,68,0,68
103900009,556,222,334
103900010,475,135,340
103900011,704,59,645
103900012,7,57,-50
103900013,150,23,127
103900014,191,43,148
103900015,160,13,147
103900016,181,127,54
103900017,154,80,74
103900018,329,102,227
103900019,38,594,-556
103900020,611,520,91
103900021,117,78,39
103900022,669,620,49
103900023,362,4,358
103900024,92,371,-279
103900025,9,15,-6
103900026,10,0,10
103900027,466,390,76
103900028,107,535,-428
103900029,1847,187,1660
103900030,414,247,167
103900031,88,1,87
103900032,221,230,-9
103900033,69,83,-14
103900034,90,39,51
103900035,81,23,58
103900036,48,91,-43
103900037,218,41,177
103900038,151,359,-208
103900039,403,138,265
103900040,33,106,-73
103900041,95,37,58
103900042,227,55,172
103900043,441,88,353
103900044,36,1103,-1067
103900045,380,135,245
103900047,305,15,290
103900048,14,110,-96
103900049,129,1635,-1506
103900050,25,258,-233
103900051,1,75,-74
103900052,284,608,-324
103900053,667,192,475
103900054,521,179,342
103900055,782,229,553
103900056,136,50,86
103900057,506,76,430
103900058,643,211,432
103900059,0,115,-115
103900060,175,103,72
103900061,421,23,398
103900062,1324,445,879
103900063,5,0,5
103900064,334,5,329
103900065,277,320,-43
103900066,336,70,266
103900067,395,9,386
103900068,3,0,3
103900069,162,8,154
103900070,194,91,103
103900071,38,60,-22
103900072,109,111,-2
103900073,48,52,-4
103900074,261,13,248
103900075,459,77,382
103900076,1032,247,785
103900077,35,271,-236
103900078,529,124,405
103900079,121,262,-141
103900080,3,29,-26
103900081,46,36,10
103900082,92,182,-90
103900083,3270,2976,294
103900084,32,589,-557
103900085,71,110,-39
103900086,2317,396,1921
103900088,346,587,-241
103900089,83,268,-185
103900090,0,105,-105
103900091,737,156,581
103900092,943,2005,-1062
103900093,94,800,-706
103900094,9,53,-44
103900095,212,831,-619
103900096,220,60,160
103900097,27,203,-176
103900098,569,125,444
103900099,598,54,544
103900100,403,121,282
103900101,492,1200,-708
103900102,1,59,-58
103900104,0,33,-33
103900105,58,99,-41
103900106,1,542,-541
103900107,320,26,294
103900108,115,151,-36
103900109,272,17,255
103900110,540,31,509
103900111,279,204,75
103900112,35,158,-123
103900113,146,255,-109
103900114,1918,259,1659
103900115,193,314,-121
103900116,2134,4477,-2343
103900117,38,66,-28
103900119,12,256,-244
103900120,213,48,165
103900122,443,94,349
103900123,719,1329,-610
103900124,75,346,-271
103900125,155,36,119
103900126,923,158,765
103900127,170,197,-27
103900128,180,40,140
103900131,54,77,-23
103900133,1209,24,1185
103900134,0,28,-28
103900135,0,9,-9
103900137,0,7,-7
103900138,460,28,432
103900139,386,5507,-5121
103900140,8,672,-664
103900141,239,59,180
103900142,666,61,605
103900143,515,5,510
103900144,1,15,-14
103900145,210,277,-67
103900146,362,165,197
103900147,647,90,557
103900148,577,105,472
103900149,417,183,234
103900150,5112,7925,-2813
103900151,6,160,-154
103900152,1874,189,1685
103900153,31,31,0
103900154,327,3826,-3499
103900155,27,171,-144
103900156,60,77,-17
103900157,373,72,301
103900158,430,86,344
103900159,693,31,662
103900160,111,22,89
103900161,54,190,-136
103900162,55,58,-3
103900163,27,421,-394
103900167,3,106,-103
103900168,90,130,-40
103900169,17,46,-29
103900170,7,60,-53
103900171,14,25,-11
103900172,1,7,-6
103900173,33,35,-2
103900174,590,15,575
103900175,67,200,-133
103900176,28,34,-6
103900177,21,19,2
103900178,150,15,135
103900179,113,39,74
103900180,6,45,-39
103900181,12,174,-162
103900182,19,43,-24
103900184,364,109,255
103900185,114,1369,-1255
103900187,10,273,-263
103900188,237,139,98
103900189,155,7,148
103900190,221,32,189
103900191,36,57,-21
103900192,26,102,-76
103900193,66,133,-67
103900194,83,113,-30
103900195,3,229,-226
103900196,115,57,58
103900197,18,43,-25
103900198,4,44,-40
103900199,197,73,124
103900200,375,78,297
103900201,98,91,7
103900202,4,66,-62
103900203,70,82,-12
103900204,0,50,-50
103900207,0,9,-9
103900208,177,0,177
103900209,5,67,-62
103900210,41,59,-18
103900211,1501,157,1344
103900212,284,130,154
103900213,12,602,-590
103900214,273,853,-580
103900215,210,678,-468
103900216,14,195,-181
103900217,594,188,406
103900218,4,546,-542
103900219,495,281,214
103900233,627,59,568
103900235,23,546,-523
103900236,33,23,10
103900242,4,1,3
103900243,3,3,0
103900244,115,181,-66
103900245,209,131,78
103900246,25,76,-51
103900247,31,93,-62
103900248,3,151,-148
103900249,10,89,-79
103900250,213,159,54
103900251,1,132,-131
103900253,5,157,-152
103900254,14,105,-91
103900255,2,71,-69
103900256,69,64,5
103900257,433,539,-106
103900258,52,43,9
103900259,69,139,-70
103900261,142,2,140
103900262,79,11,68
103900263,56,207,-151
103900264,17,1,16
103900265,33,5,28
103900266,4,157,-153
103900267,2,86,-84
103900268,54,50,4
103900269,453,17,436
103900270,127,91,36
103900271,71,62,9
103900272,128,18,110
103900273,300,10,290
103900274,566,8,558
103900275,327,20,307
103900276,8,26,-18
103900277,21,10,11
103900278,1,20,-19
103900279,1,150,-149
103900280,8,23,-15
104000001,4918,3160,1758
104000002,2378,2595,-217
104000003,3732,2284,1448
104000004,3265,2859,406
104000005,3474,2629,845
104000006,4248,2624,1624
104000007,5603,4058,1545
104000008,254,273,-19
104000009,239,213,26
104000010,219,908,-689
104000011,358,179,179
104000012,179,223,-44
104000013,354,656,-302
104000014,332,357,-25
104000015,717,322,395
104000016,411,319,92
104000018,930,418,512
104000019,729,617,112
104000020,97,283,-186
104000021,574,257,317
104000022,472,467,5
104000023,1684,767,917
104000024,475,500,-25
104000026,154,165,-11
104000027,474,308,166
104000028,558,522,36
104000029,576,387,189
104000030,499,576,-77
104000031,1933,428,1505
104000032,186,118,68
104000033,1253,730,523
104000034,280,146,134
104000035,1644,456,1188
104000036,1695,505,1190
104000037,241,127,114
104000038,491,552,-61
104000039,331,91,240
104000040,197,842,-645
104000041,803,707,96
104000042,294,259,35
104000043,265,327,-62
104000044,507,530,-23
104000045,998,674,324
104000046,748,850,-102
104000047,805,939,-134
104000048,1110,848,262
104000049,1146,435,711
104000050,186,1046,-860
104000051,401,1106,-705
104000052,3216,3089,127
104000053,1948,594,1354
104000054,700,220,480
104000055,3354,2768,586
104000056,974,438,536
104000057,743,480,263
104000058,1801,1050,751
104000059,1152,1360,-208
104000060,1602,2155,-553
104000061,1375,957,418
104000062,856,282,574
104000064,1127,415,712
104000065,134,812,-678
104000069,571,2558,-1987
104000070,135,822,-687
104000071,546,385,161
104000072,1048,397,651
104000075,249,304,-55
104000076,1003,85,918
104000082,2577,6969,-4392
104000083,935,290,645
104000084,205,390,-185
104000085,926,493,433
104000086,398,687,-289
104000087,402,2285,-1883
104000090,1800,867,933
104000092,2423,1339,1084
104000094,1138,908,230
104000095,4967,2077,2890
104000096,3942,98,3844
104000097,4185,694,3491
104000098,5754,672,5082
104000100,3496,1241,2255
104000101,2780,2008,772
104000106,107,898,-791
104000107,940,219,721
104000108,371,272,99
104000109,583,246,337
104000110,976,1599,-623
104000111,2832,5686,-2854
104000112,835,580,255
104000116,1,633,-632
104000117,512,446,66
104000118,2350,177,2173
104000119,1318,344,974
104000120,302,385,-83
104000121,371,543,-172
104000122,1151,687,464
104000123,1391,774,617
104000124,373,1314,-941
104000125,2823,7034,-4211
104000126,760,701,59
104000127,1794,1572,222
104000128,1026,134,892
104000129,706,24,682
104000130,6,311,-305
104000131,389,699,-310
104000132,574,864,-290
104000133,2049,719,1330
104000134,1521,1763,-242
104000135,895,1675,-780
104000136,951,3088,-2137
104000137,2962,412,2550
104000138,2121,421,1700
104000139,2804,2928,-124
104000141,1219,519,700
104000142,1137,380,757
104000143,1243,323,920
104000144,271,475,-204
104000145,398,239,159
104000146,220,650,-430
104000147,214,323,-109
104000148,513,246,267
104000149,287,71,216
104000150,1407,663,744
104000151,422,128,294
104000152,881,142,739
104000153,993,832,161
104000154,667,165,502
104000155,564,1197,-633
104000157,2520,1133,1387
104000158,122,468,-346
104000159,1104,1041,63
104000160,2191,3157,-966
104000161,436,146,290
104000162,141,197,-56
104000165,1303,819,484
104000167,1018,2239,-1221
104000168,1473,14,1459
104000169,235,118,117
104000170,272,386,-114
104000248,586,950,-364
104000251,109,276,-167
104000272,0,0,0
104000273,0,0,0
104000274,0,0,0
104000275,0,0,0
104000279,689,481,208
104000290,141,515,-374
104000291,782,2096,-1314
104000293,2528,2025,503
104000294,173,1,172
104000295,1054,1094,-40
104000296,795,713,82
104000297,1007,2326,-1319
104000298,1752,813,939
104000299,1628,1064,564
104000302,160,137,23
104000303,136,172,-36
104900001,174,333,-159
104900002,73,394,-321
104900003,100,167,-67
104900004,71,101,-30
104900005,796,315,481
104900006,1154,84,1070
104900007,862,123,739
104900009,140,139,1
104900010,205,20,185
104900011,14,38,-24
104900012,186,25,161
104900013,71,5,66
104900014,1342,363,979
104900015,140,3,137
104900016,227,186,41
104900017,157,257,-100
104900018,18,119,-101
104900019,187,7143,-6956
104900020,120,345,-225
104900021,1,17,-16
104900022,7,560,-553
104900023,0,10,-10
104900024,32,734,-702
104900025,92,181,-89
104900026,1,52,-51
104900027,770,368,402
104900028,25,281,-256
104900029,29,29,0
104900030,758,204,554
104900031,30,345,-315
104900032,111,70,41
104900033,233,243,-10
104900034,387,226,161
104900035,445,318,127
104900036,550,33,517
104900037,338,139,199
104900038,138,2727,-2589
104900039,416,315,101
104900040,769,62,707
104900041,534,168,366
104900042,256,267,-11
104900043,71,563,-492
104900044,1221,123,1098
104900045,360,73,287
104900046,842,127,715
104900047,536,130,406
104900048,640,86,554
104900049,128,32,96
104900050,818,82,736
104900051,385,59,326
104900052,277,2,275
104900053,882,91,791
104900054,378,46,332
104900055,426,0,426
104900056,442,17,425
104900057,100,0,100
104900058,565,433,132
104900059,147,126,21
104900060,0,309,-309
104900061,123,167,-44
104900063,15,599,-584
104900064,0,139,-139
104900065,1,387,-386
104900066,4,69,-65
104900067,5,296,-291
104900068,139,203,-64
104900070,66,192,-126
104900071,1,530,-529
104900072,53,139,-86
104900073,153,108,45
104900074,85,74,11
104900075,57,17,40
104900076,194,88,106
104900077,332,180,152
104900078,187,129,58
104900079,137,1994,-1857
104900080,142,183,-41
104900082,8,393,-385
104900085,14,213,-199
104900087,478,4,474
104900089,579,3,576
104900090,1882,932,950
104900091,504,443,61
104900093,178,256,-78
104900097,1543,5090,-3547
104900098,496,55,441
104900099,198,1588,-1390
104900100,438,202,236
104900102,83,119,-36
104900103,349,58,291
104900104,1751,1885,-134
104900106,641,158,483
104900107,96,271,-175
104900108,40,97,-57
104900109,234,251,-17
104900110,24,94,-70
104900111,686,89,597
104900112,597,341,256
104900113,1286,237,1049
104900114,1095,383,712
104900115,1397,167,1230
104900116,1025,138,887
104900118,24,35,-11
104900119,0,59,-59
104900120,26,1737,-1711
104900121,0,15,-15
104900122,3,37,-34
104900123,257,21,236
104900124,96,0,96
104900125,507,5,502
104900126,30,27,3
104900127,13,26,-13
104900128,172,175,-3
104900129,1064,4268,-3204
105000001,5494,1787,3707
105000002,3559,3156,403
105000003,3766,6658,-2892
105000004,1528,1269,259
105000005,2322,2471,-149
105000006,1501,3696,-2195
105000007,2227,4384,-2157
105000008,1159,5461,-4302
105000009,4057,5515,-1458
105000010,3599,1436,2163
105000011,4197,4641,-444
105000012,2937,2216,721
105000013,1844,2246,-402
105000014,5353,5110,243
105000015,9697,18957,-9260
105000016,1112,944,168
105000017,1872,985,887
105000018,971,2513,-1542
105000019,1333,1408,-75
105000020,90,899,-809
105000021,495,265,230
105000022,129,269,-140
105000023,1828,295,1533
105000028,42,103,-61
105000029,827,1876,-1049
105000030,4110,2319,1791
105000031,8,22,-14
105000033,1501,1346,155
105000034,225,1945,-1720
105000037,944,317,627
105000038,1566,2278,-712
105000039,1152,922,230
105000040,1080,1631,-551
105000041,369,735,-366
105000042,2796,1856,940
105000043,1018,1116,-98
105000044,1065,439,626
105000045,270,349,-79
105000046,1882,368,1514
105000047,891,464,427
105000048,1653,426,1227
105000049,309,393,-84
105000050,1433,732,701
105000051,245,379,-134
105000052,984,1822,-838
105000053,306,259,47
105000054,661,1958,-1297
105000055,916,374,542
105000056,2367,2257,110
105000057,2159,903,1256
105000058,1783,1227,556
105000059,1800,1270,530
105000060,696,624,72
105000061,2521,1025,1496
105000062,860,698,162
105000063,531,553,-22
105000064,3707,1139,2568
105000065,579,820,-241
105000066,1195,1981,-786
105000067,2628,1905,723
105000068,476,1305,-829
105000069,1916,3431,-1515
105000070,832,2095,-1263
105000071,276,3247,-2971
105000072,2331,10402,-8071
105000073,1763,1481,282
105000074,653,749,-96
105000075,763,928,-165
105000076,1739,1697,42
105000077,3234,1178,2056
105000078,1059,1779,-720
105000079,1021,3051,-2030
105000080,2509,3337,-828
105000081,1361,1646,-285
105000082,913,2261,-1348
105000083,2094,3008,-914
105000084,837,1096,-259
105000085,3159,2871,288
105000086,1215,1310,-95
105000087,4039,3184,855
105000088,2757,4360,-1603
105000089,2371,2034,337
105000090,592,590,2
105000091,946,999,-53
105000092,837,1135,-298
105000093,479,614,-135
105000094,331,294,37
105000095,344,1312,-968
105000096,2016,3802,-1786
105000097,513,925,-412
105000098,2133,2475,-342
105000099,723,1883,-1160
105000100,2702,1294,1408
105000101,4433,1454,2979
105000102,2637,1655,982
105000103,1942,2387,-445
105000104,3252,1552,1700
105000105,1890,2002,-112
105000106,2482,1194,1288
105000107,2230,852,1378
105000108,2122,1160,962
105000109,4407,1186,3221
105000110,1395,644,751
105000111,2388,624,1764
105000112,1390,618,772
105000113,883,1316,-433
105000114,2021,1930,91
105000115,512,3143,-2631
105000116,1764,1147,617
105000117,1387,778,609
105000118,1657,657,1000
105000119,856,548,308
105000120,2317,686,1631
105000121,1364,594,770
105000122,604,809,-205
105000123,663,792,-129
105000124,3106,1078,2028
105000125,1665,1629,36
105000126,2980,2049,931
105000127,4120,2243,1877
105000128,1156,2341,-1185
105000129,2107,570,1537
105000130,262,4395,-4133
105000131,631,189,442
105000132,2136,1049,1087
105000133,555,867,-312
105000134,1888,719,1169
105000135,446,644,-198
105000136,134,182,-48
105000137,936,272,664
105000138,262,153,109
105000139,938,568,370
105000140,720,384,336
105000141,653,348,305
105000142,431,586,-155
105000143,165,633,-468
105000144,473,716,-243
105000145,1091,435,656
105000146,555,778,-223
105000147,985,698,287
105000148,1248,1385,-137
105000149,3801,2785,1016
105000150,1649,959,690
105000151,1151,659,492
105000152,207,849,-642
105000153,1552,698,854
105000154,740,791,-51
105000155,915,624,291
105000156,394,960,-566
105000157,978,1518,-540
105000158,4333,1138,3195
105000159,549,932,-383
105000160,5368,1261,4107
105000161,1009,1012,-3
105000162,1037,4700,-3663
105000163,1578,1309,269
105000164,139,605,-466
105000165,1698,16428,-14730
105000166,6538,1985,4553
105000167,1875,4390,-2515
105000168,564,633,-69
105000169,1877,158,1719
105000170,474,1501,-1027
105000171,2244,293,1951
105000172,383,41,342
105000173,496,52,444
105000174,136,54,82
105000175,167,57,110
105000176,779,187,592
105000177,733,505,228
105000178,470,286,184
105000179,1289,126,1163
105000180,509,79,430
105000181,325,169,156
105000182,113,93,20
105000183,3000,3312,-312
105000184,501,1186,-685
105000185,774,1458,-684
105000186,676,872,-196
105000187,916,508,408
105000188,189,774,-585
105000189,141,999,-858
105000190,297,714,-417
105000191,563,730,-167
105000192,590,109,481
105000193,148,297,-149
105000194,1472,159,1313
105000195,453,783,-330
105000196,161,569,-408
105000197,270,615,-345
105000198,428,141,287
105000199,105,1255,-1150
105000200,166,486,-320
105000201,164,46,118
105000203,62,126,-64
105000204,98,62,36
105000205,113,114,-1
105000207,275,107,168
105000208,261,514,-253
105000209,267,174,93
105000211,692,14,678
105000212,1742,648,1094
105000213,48,182,-134
105000214,140,228,-88
105000215,321,184,137
105000216,488,145,343
105000217,389,193,196
105000218,2919,1325,1594
105000221,227,448,-221
105000222,586,814,-228
105000223,854,625,229
105000226,240,122,118
105000227,101,156,-55
105000228,125,1898,-1773
105000229,292,1499,-1207
105000231,591,321,270
105000233,1601,1231,370
105000234,575,825,-250
105000235,709,1205,-496
105000237,2350,209,2141
105000243,92,63,29
105000248,72,152,-80
105000262,717,484,233
105000269,190,125,65
105000270,1110,40,1070
105000271,1,282,-281
105000282,132,129,3
105000287,323,116,207
105000288,1216,648,568
105000289,644,1689,-1045
105000290,50,47,3
105000402,2227,5463,-3236
105000426,467,624,-157
105000438,904,1382,-478
105000440,30,19,11
105000446,7790,3643,4147
105000447,2098,1405,693
105000454,1160,173,987
105000455,225,145,80
105000474,228,5,223
105000477,1535,764,771
105000478,3606,7747,-4141
105000479,89,314,-225
105000480,5156,9819,-4663
105000481,6691,6894,-203
105000482,2421,2935,-514
105000483,3236,5035,-1799
105000484,1768,2026,-258
105000485,1318,4539,-3221
105000486,2197,2617,-420
105000488,3194,1740,1454
105000489,2340,1490,850
105000549,87,683,-596
105000550,388,1143,-755
105000551,24,188,-164
105000552,3057,1297,1760
105000555,1398,2565,-1167
105000556,113,51,62
105000557,123,254,-131
105900001,12,3300,-3288
105900002,862,1873,-1011
105900003,24,243,-219
105900004,194,72,122
105900005,70,421,-351
105900006,10,77,-67
105900007,80,42,38
105900008,222,279,-57
105900009,78,13,65
105900011,186,86,100
105900012,691,103,588
105900013,8,30,-22
105900014,0,70,-70
105900015,78,268,-190
105900016,923,191,732
105900017,2551,30,2521
105900018,139,187,-48
105900019,143,266,-123
105900020,71,106,-35
105900021,72,483,-411
105900022,309,222,87
105900023,14,161,-147
105900024,5,235,-230
105900025,403,3,400
105900026,305,4,301
105900027,16551,4809,11742
105900028,171,1259,-1088
105900029,2115,334,1781
105900030,261,377,-116
105900031,605,193,412
105900032,190,126,64
105900033,126,116,10
105900034,744,284,460
105900035,563,270,293
105900036,190,64,126
105900037,316,53,263
105900038,170,308,-138
105900039,279,89,190
105900040,128,146,-18
105900041,256,271,-15
105900042,190,366,-176
105900043,1303,23,1280
105900044,12,751,-739
105900045,3,1980,-1977
105900046,2,306,-304
105900047,8,129,-121
105900048,159,594,-435
105900050,1381,9209,-7828
105900051,89,1383,-1294
105900052,1519,141,1378
105900053,3798,5116,-1318
105900054,307,254,53
105900056,505,806,-301
105900057,3,88,-85
105900058,53,27,26
105900059,1,143,-142
106000001,2197,3396,-1199
106000002,1149,3434,-2285
106000003,4702,6196,-1494
106000004,2246,2564,-318
106000005,5445,5762,-317
106000006,5524,1932,3592
106000007,719,489,230
106000008,529,344,185
106000009,565,295,270
106000010,284,457,-173
106000011,2777,1393,1384
106000012,1354,1181,173
106000013,2961,2297,664
106000014,1692,1394,298
106000015,3114,1627,1487
106000016,1648,1505,143
106000017,716,1341,-625
106000018,709,538,171
106000019,575,709,-134
106000020,536,450,86
106000021,533,687,-154
106000022,456,220,236
106000023,938,788,150
106000024,682,624,58
106000025,204,248,-44
106000026,159,346,-187
106000027,2300,2276,24
106000028,1144,333,811
106000029,1172,878,294
106000030,306,801,-495
106000034,127,534,-407
106000035,1201,2587,-1386
106000036,203,442,-239
106000037,1570,1641,-71
106000038,74,242,-168
106000039,54,212,-158
106000040,143,1064,-921
106000041,1013,592,421
106000043,557,321,236
106000046,712,113,599
106000047,79,572,-493
106000049,1855,367,1488
106000050,361,868,-507
106000051,1546,764,782
106000052,337,400,-63
106000053,642,224,418
106000054,386,333,53
106000055,1237,978,259
106000056,440,290,150
106000057,845,320,525
106000058,258,131,127
106000059,612,472,140
106000060,422,385,37
106000061,333,1064,-731
106000062,211,356,-145
106000063,1468,1188,280
106000064,16,432,-416
106000065,794,279,515
106000066,162,609,-447
106000067,996,175,821
106000068,163,710,-547
106000069,562,158,404
106000070,501,680,-179
106000071,1214,405,809
106000072,4594,1906,2688
106000073,2241,8457,-6216
106000074,1206,1011,195
106000075,699,1361,-662
106000076,1859,1915,-56
106000077,1924,1045,879
106000078,1993,780,1213
106000079,1299,1103,196
106000080,1848,649,1199
106000081,1492,1159,333
106000082,1983,770,1213
106000083,595,1251,-656
106000084,1195,523,672
106000085,1870,1386,484
106000086,670,789,-119
106000087,1089,468,621
106000088,658,785,-127
106000089,1759,272,1487
106000090,558,850,-292
106000091,231,550,-319
106000092,2037,519,1518
106000093,889,176,713
106000094,139,382,-243
106000095,1620,1102,518
106000096,1941,675,1266
106000097,2097,1218,879
106000098,1924,916,1008
106000099,244,552,-308
106000100,2102,236,1866
106000101,1318,385,933
106000102,153,651,-498
106000103,358,860,-502
106000104,1585,530,1055
106000105,580,772,-192
106000106,1432,395,1037
106000107,233,322,-89
106000108,928,144,784
106000109,409,165,244
106000110,810,199,611
106000111,228,206,22
106000112,435,1376,-941
106000113,762,540,222
106000114,868,1874,-1006
106000115,467,403,64
106000116,626,267,359
106000117,1004,550,454
106000118,2111,1626,485
106000119,1132,740,392
106000120,1529,2368,-839
106000121,650,330,320
106000122,415,135,280
106000123,1467,174,1293
106000124,452,163,289
106000125,143,221,-78
106000126,708,167,541
106000127,2812,885,1927
106000128,1852,372,1480
106000129,1324,697,627
106000130,1796,561,1235
106000131,193,1277,-1084
106000132,1398,290,1108
106000133,3108,3185,-77
106000134,653,5133,-4480
106000135,247,1001,-754
106000136,1347,2484,-1137
106000137,173,1317,-1144
106000138,3948,189,3759
106000139,186,168,18
106000140,65,133,-68
106000141,209,74,135
106000142,186,185,1
106000143,44,39,5
106000144,122,261,-139
106000145,1073,104,969
106000146,648,193,455
106000147,929,732,197
106000148,1230,815,415
106000149,1234,677,557
106000150,1392,3623,-2231
106000151,4825,739,4086
106000152,1225,4380,-3155
106000153,141,2352,-2211
106000154,1505,169,1336
106000155,324,475,-151
106000156,2250,239,2011
106000157,994,2395,-1401
106000158,2041,695,1346
106000159,4185,4250,-65
106000160,1007,6666,-5659
106000161,1422,223,1199
106000162,547,2238,-1691
106000163,619,285,334
106000164,1188,360,828
106000165,342,678,-336
106000166,1809,460,1349
106000167,689,1528,-839
106000168,1576,459,1117
106000169,401,499,-98
106000170,1623,287,1336
106000171,352,1580,-1228
106000172,2956,2306,650
106000173,955,4387,-3432
106000174,2102,495,1607
106000175,284,591,-307
106000176,3491,1134,2357
106000177,1090,2104,-1014
106000178,3697,1600,2097
106000179,763,1870,-1107
106000180,1018,707,311
106000181,2180,1445,735
106000182,2854,669,2185
106000183,2904,387,2517
106000184,2109,619,1490
106000185,2473,2134,339
106000186,580,62,518
106000187,102,1826,-1724
106000188,0,2,-2
106000189,22,35,-13
106000190,55,3,52
106000191,881,96,785
106000192,2,17,-15
106000193,437,281,156
106000194,131,417,-286
106000195,185,240,-55
106000196,62,498,-436
106000197,1083,289,794
106000198,275,198,77
106000199,969,1574,-605
106000200,457,312,145
106000201,547,8364,-7817
106000202,4566,869,3697
106000203,58,460,-402
106000204,126,2,124
106000205,39,221,-182
106000206,163,17,146
106000207,39,218,-179
106000208,2803,195,2608
106000209,2920,544,2376
106000210,438,772,-334
106000211,238,1217,-979
106000212,1866,498,1368
106000213,326,1219,-893
106000214,1802,553,1249
106000215,442,512,-70
106000216,1214,694,520
106000217,311,476,-165
106000218,498,242,256
106000219,288,339,-51
106000220,829,280,549
106000221,569,101,468
106000222,164,104,60
106000223,756,229,527
106000224,614,127,487
106000225,198,195,3
106000226,118,218,-100
106000228,122,214,-92
106000229,265,655,-390
106000231,1917,192,1725
106000232,150,425,-275
106000233,622,358,264
106000234,107,696,-589
106000235,420,608,-188
106000236,104,455,-351
106000237,1,53,-52
106000238,25,79,-54
106000239,3,164,-161
106000240,56,6,50
106000241,18,791,-773
106000242,609,29,580
106000249,155,67,88
106000250,86,907,-821
106000251,216,20,196
106000252,36,121,-85
106000253,84,66,18
106000254,138,32,106
106000255,68,199,-131
106000256,158,31,127
106000257,200,174,26
106000258,136,222,-86
106000259,14,319,-305
106000260,60,15,45
106000261,24,106,-82
106000262,146,39,107
106000263,61,94,-33
106000264,302,20,282
106000265,99,150,-51
106000266,193,44,149
106000267,7,128,-121
106000268,413,108,305
106000269,79,59,20
106000270,118,238,-120
106000271,113,168,-55
106000272,169,72,97
106000273,10,272,-262
106000274,169,57,112
106000275,291,233,58
106000276,42,22,20
106000277,152,268,-116
106000278,173,16,157
106000279,21,17,4
106000280,174,42,132
106000281,113,41,72
106000282,96,77,19
106000283,201,72,129
106000284,204,82,122
106000285,101,139,-38
106000286,197,107,90
106000287,103,107,-4
106000288,160,156,4
106000289,188,68,120
106000290,118,60,58
106000291,193,66,127
106000292,282,108,174
106000293,152,82,70
106000294,134,64,70
106000295,51,51,0
106000296,20,71,-51
106000297,74,288,-214
106000298,94,192,-98
106000299,67,58,9
106000300,88,107,-19
106000301,100,185,-85
106000303,115,76,39
106000304,111,22,89
106000305,150,53,97
106000306,53,54,-1
106000307,223,13,210
106000308,78,89,-11
106000309,37,48,-11
106000310,560,418,142
106000311,762,223,539
106000312,254,179,75
106000313,666,224,442
106000318,148,431,-283
106000319,2844,479,2365
106000320,7,113,-106
106000321,183,264,-81
106000322,614,71,543
106000324,52,129,-77
106000325,2730,849,1881
106000326,1046,1276,-230
106000327,553,116,437
106000328,13,223,-210
106000329,65,515,-450
106000330,23,101,-78
106000428,104,394,-290
106000429,179,343,-164
106000430,447,1648,-1201
106000431,3045,644,2401
106000432,1222,3107,-1885
106000433,3206,1691,1515
106000434,5039,1409,3630
106000435,1589,2398,-809
106000436,15,226,-211
106000437,849,80,769
106000438,249,474,-225
106000439,68,1422,-1354
106000440,224,391,-167
106000441,1,0,1
106000442,1008,7,1001
106000443,421,182,239
106000450,3,104,-101
106000451,29,204,-175
106000454,4,266,-262
106000455,14,141,-127
106000456,191,25,166
106000457,74,632,-558
106000458,1526,132,1394
106000459,815,120,695
106000460,2468,81,2387
106000461,497,247,250
106000462,1,80,-79
106000463,3,12,-9
106000464,0,1013,-1013
106000465,1195,8,1187
106000466,0,410,-410
106000467,376,379,-3
106000468,249,198,51
106000469,228,0,228
106000470,244,3593,-3349
106000471,7,331,-324
106000472,236,21,215
106000473,103,8,95
106000474,724,737,-13
106000475,1107,318,789
106000476,336,374,-38
106000477,113,85,28
106000480,2,1376,-1374
106900001,0,9,-9
106900002,0,195,-195
106900003,88,1390,-1302
106900004,0,15,-15
106900006,0,13,-13
106900007,0,6,-6
106900008,1361,107,1254
106900009,963,143,820
106900010,665,449,216
106900012,1761,4867,-3106
106900013,988,269,719
106900014,137,9,128
106900015,24,2,22
106900016,677,25,652
106900017,13,2,11
106900018,34,1,33
106900019,273,9,264
106900020,1928,4383,-2455
106900021,286,171,115
106900022,2041,5,2036
106900023,122,217,-95
106900024,925,80,845
106900025,41,495,-454
106900026,1,213,-212
106900027,1316,13,1303
107000001,3884,5462,-1578
107000002,1615,2038,-423
107000003,11246,9032,2214
107000004,3627,1633,1994
107000005,11590,8222,3368
107000006,3711,1766,1945
107000007,7957,9732,-1775
107000008,4205,2671,1534
107000009,12247,8770,3477
107000010,5668,3525,2143
107000011,731,1031,-300
107000012,2627,2182,445
107000013,196,39,157
107000014,178,91,87
107000015,717,481,236
107000016,1254,488,766
107000017,582,1677,-1095
107000018,3,1537,-1534
107000020,635,1460,-825
107000021,1187,431,756
107000022,1163,1748,-585
107000023,2472,262,2210
107000024,555,2227,-1672
107000025,513,270,243
107000026,433,494,-61
107000027,2584,708,1876
107000028,1303,720,583
107000029,5595,3744,1851
107000030,2257,1551,706
107000031,7815,2855,4960
107000032,347,891,-544
107000033,2390,4677,-2287
107000034,3981,1242,2739
107000035,677,366,311
107000036,442,1852,-1410
107000037,171,849,-678
107000038,398,234,164
107000039,1386,1311,75
107000040,442,187,255
107000041,1238,1023,215
107000042,451,2539,-2088
107000043,1900,1178,722
107000044,416,369,47
107000045,95,464,-369
107000046,999,478,521
107000047,691,1019,-328
107000048,853,451,402
107000049,617,983,-366
107000050,1051,604,447
107000051,339,424,-85
107000052,1552,2472,-920
107000053,476,861,-385
107000054,57,218,-161
107000055,636,300,336
107000056,506,443,63
107000057,1933,183,1750
107000058,2320,4173,-1853
107000059,2925,3079,-154
107000060,6834,7639,-805
107000061,4709,2836,1873
107000062,8235,4746,3489
107000063,4446,3051,1395
107000064,7353,5213,2140
107000065,3050,5224,-2174
107000066,1997,3776,-1779
107000067,1993,1817,176
107000068,867,1314,-447
107000069,1647,970,677
107000070,1462,57,1405
107000071,5836,52,5784
107000072,6,1019,-1013
107000073,1336,1083,253
107000074,105,532,-427
107000075,2674,360,2314
107000076,209,716,-507
107000077,4205,732,3473
107000078,731,1291,-560
107000079,3741,941,2800
107000080,422,1437,-1015
107000081,4191,821,3370
107000082,853,685,168
107000083,2014,1032,982
107000084,205,619,-414
107000085,4006,3861,145
107000086,3302,2287,1015
107000087,5198,3803,1395
107000088,3121,4531,-1410
107000089,3062,3723,-661
107000090,1985,1224,761
107000091,2544,1840,704
107000092,1394,908,486
107000093,1974,1752,222
107000094,1176,1177,-1
107000095,1747,963,784
107000096,1078,559,519
107000097,1632,631,1001
107000098,720,533,187
107000099,679,487,192
107000100,341,384,-43
107000101,206,334,-128
107000102,374,397,-23
107000103,652,428,224
107000104,182,423,-241
107000105,960,333,627
107000106,182,325,-143
107000107,1400,298,1102
107000108,232,549,-317
107000109,1620,280,1340
107000110,273,301,-28
107000111,1015,146,869
107000112,45,185,-140
107000113,1721,170,1551
107000114,94,357,-263
107000115,1495,1278,217
107000116,84,644,-560
107000117,234,5336,-5102
107000118,79,179,-100
107000119,1834,1691,143
107000120,970,1598,-628
107000121,1271,862,409
107000122,925,809,116
107000123,699,691,8
107000124,870,369,501
107000125,1814,511,1303
107000126,2690,282,2408
107000129,321,442,-121
107000130,1157,314,843
107000131,294,345,-51
107000132,748,456,292
107000133,390,229,161
107000134,265,0,265
107000135,0,380,-380
107000136,683,1,682
107000137,31,660,-629
107000138,135,18,117
107000139,5,674,-669
107000140,2303,67,2236
107000141,135,986,-851
107000142,653,64,589
107000143,30,814,-784
107000144,886,890,-4
107000145,131,554,-423
107000146,278,386,-108
107000147,5394,767,4627
107000150,407,5928,-5521
107000151,10,35,-25
107000152,1252,3545,-2293
107000153,124,245,-121
107000154,22,326,-304
107000155,1260,8,1252
107000156,1610,28,1582
107000157,38,400,-362
107000158,1663,23,1640
107000159,11,492,-481
107000160,2787,231,2556
107000161,34,376,-342
107000162,444,1054,-610
107000163,306,4,302
107000164,1299,0,1299
107000165,2107,4,2103
107000166,29,233,-204
107000167,1427,273,1154
107000168,1527,748,779
107000169,325,378,-53
107000170,4885,851,4034
107000171,777,872,-95
107000172,2253,2725,-472
107000173,470,394,76
107000174,1673,8763,-7090
107000175,3541,742,2799
107000176,0,1,-1
107000177,13,1,12
107000178,82,6,76
107000179,404,1152,-748
107000180,2897,160,2737
107000181,425,633,-208
107000182,2982,651,2331
107000183,315,477,-162
107000184,2201,640,1561
107000185,375,997,-622
107000186,1392,511,881
107000187,1461,1344,117
107000188,848,327,521
107000189,1052,938,114
107000190,1090,501,589
107000191,1346,1488,-142
107000192,2199,694,1505
107000193,520,787,-267
107000194,904,818,86
107000197,1242,285,957
107000198,301,543,-242
107000199,1506,976,530
107000200,1543,1054,489
107000201,633,555,78
107000202,471,630,-159
107000203,515,1917,-1402
107000204,436,2089,-1653
107000205,1066,907,159
107000206,393,1210,-817
107000207,552,1170,-618
107000208,463,633,-170
107000209,495,961,-466
107000210,182,186,-4
107000211,1,55,-54
107000212,6,147,-141
107000213,16,18,-2
107000214,41,59,-18
107000215,806,223,583
107000216,810,242,568
107000217,283,159,124
107000219,116,290,-174
107000220,213,125,88
107000222,340,256,84
107000224,627,138,489
107000225,205,331,-126
107000226,741,158,583
107000227,272,163,109
107000228,414,832,-418
107000229,135,275,-140
107000230,2507,1008,1499
107000231,507,1534,-1027
107000232,240,44,196
107000233,221,741,-520
107000234,12,95,-83
107000235,76,56,20
107000236,20,761,-741
107000237,68,0,68
107000238,51,8,43
107000239,1850,889,961
107000240,239,364,-125
107000243,0,88,-88
107000244,23,98,-75
107000246,4,446,-442
107000249,3,501,-498
107000251,3,306,-303
107000252,0,398,-398
107000255,413,557,-144
107000257,2,833,-831
107000258,3,310,-307
107000259,12,181,-169
107000260,2887,64,2823
107000262,12,207,-195
107000263,681,5,676
107000266,39,36,3
107000267,35,128,-93
107000268,306,42,264
107000269,118,1,117
107000270,465,101,364
107000271,2,0,2
107000272,254,0,254
107000273,5,150,-145
107000274,451,51,400
107000275,143,934,-791
107000280,2250,18,2232
107000281,32,411,-379
107000282,17,423,-406
107000290,5,50,-45
107000291,47,11,36
107000292,3,402,-399
107000293,27,40,-13
107000294,0,64,-64
107000295,73,14,59
107000296,0,17,-17
107000444,308,6,302
107000496,23,3,20
107000497,845,1335,-490
107000500,609,538,71
107000501,161,360,-199
107000502,397,874,-477
107000505,598,918,-320
107000506,0,0,0
107000508,2,196,-194
107000509,149,778,-629
107000510,70,44,26
107000514,70,522,-452
107000515,34,52,-18
107000516,757,455,302
107000518,2873,4328,-1455
107000519,1260,559,701
107000520,249,62,187
107000521,1409,302,1107
107000522,2391,397,1994
107900001,175,57,118
107900002,73,8,65
107900003,886,11,875
107900004,4,8,-4
107900005,3951,10,3941
107900006,229,14,215
107900007,499,50,449
107900008,19,18,1
107900009,174,22,152
107900010,97,13,84
107900012,622,73,549
107900013,321,30,291
107900014,231,5,226
107900015,2428,49,2379
107900016,537,54,483
107900017,92,3,89
107900018,71,505,-434
107900019,28,13,15
107900020,11,74,-63
107900021,282,74,208
107900023,10,5,5
107900024,1,15,-14
107900025,348,80,268
107900026,114,34,80
107900027,14,182,-168
107900028,419,40,379
107900030,380,34,346
107900031,154,82,72
107900032,76,2,74
107900033,39,13,26
107900034,286,23,263
107900035,2777,138,2639
107900036,61,37,24
107900037,0,5,-5
107900038,28,346,-318
107900039,47,21,26
107900040,6,216,-210
107900041,2,2,0
107900043,107,124,-17
107900044,11,25,-14
107900045,159,84,75
107900046,651,515,136
107900047,112,5,107
107900048,375,30,345
107900049,441,1412,-971
107900050,48,200,-152
107900051,82,20,62
107900052,23,148,-125
107900053,193,50,143
107900055,365,289,76
107900056,146,208,-62
107900057,11,0,11
107900058,15,427,-412
107900060,9,111,-102
107900061,2,10,-8
107900063,145,213,-68
107900064,206,851,-645
107900065,769,19,750
107900066,30,15,15
107900067,0,0,0
107900068,79,1102,-1023
107900069,14,4855,-4841
107900070,238,195,43
107900071,13,363,-350
107900072,277,79,198
107900073,157,126,31
107900074,233,556,-323
107900076,238,33,205
107900077,208,7,201
107900079,31,33,-2
107900080,117,1015,-898
107900081,96,60,36
107900082,2,6,-4
107900083,606,209,397
107900084,202,148,54
107900086,55,395,-340
107900087,287,57,230
107900088,157,14,143
107900089,347,669,-322
107900090,421,2281,-1860
107900091,143,156,-13
107900093,75,62,13
107900095,1415,1418,-3
107900097,36,85,-49
107900098,163,461,-298
107900100,446,1907,-1461
107900101,351,51,300
107900102,71,4,67
107900103,106,124,-18
107900104,378,2,376
107900105,0,86,-86
107900106,3,384,-381
107900107,1081,316,765
107900108,242,58,184
107900109,2851,54,2797
107900110,103,22,81
107900111,13,292,-279
107900112,121,889,-768
107900113,248,62,186
107900114,438,73,365
107900115,0,8,-8
107900116,470,28,442
107900117,238,215,23
107900118,17,140,-123
107900119,109,258,-149
107900120,103,37,66
107900121,5,148,-143
107900122,0,221,-221
107900123,36,172,-136
107900124,12,55,-43
107900125,17,230,-213
107900126,73,115,-42
107900127,553,191,362
107900128,66,80,-14
107900129,203,7,196
107900130,145,20,125
107900131,50,224,-174
107900132,33,261,-228
107900133,1,36,-35
107900134,29,98,-69
107900135,3,51,-48
107900136,31,13,18
107900137,69,131,-62
107900138,298,17,281
107900139,170,35,135
107900141,12,24,-12
107900142,22,545,-523
107900143,20,26,-6
107900144,0,24,-24
107900145,11,37,-26
107900146,62,77,-15
107900147,35,26,9
107900148,227,118,109
107900149,453,43,410
107900150,13,230,-217
107900151,37,20,17
107900152,16,93,-77
107900153,92,266,-174
107900154,53,56,-3
107900155,160,61,99
107900156,0,82,-82
107900157,21,76,-55
107900158,2059,79,1980
107900159,33,322,-289
107900160,186,58,128
107900161,215,58,157
107900162,3,48,-45
107900163,3,63,-60
107900164,26,30,-4
107900165,17,376,-359
107900166,60,47,13
107900167,5,107,-102
107900168,208,15,193
107900169,2,1965,-1963
107900171,33,294,-261
107900172,0,170,-170
107900173,79,52,27
107900174,302,0,302
107900175,4,155,-151
107900176,144,14,130
107900177,0,110,-110
107900178,0,129,-129
107900179,16,100,-84
107900180,375,1695,-1320
107900181,223,262,-39
107900182,2,289,-287
107900183,71,41,30
107900184,152,235,-83
107900185,251,11,240
107900186,31,22,9
107900187,0,103,-103
107900188,572,75,497
107900189,37,104,-67
107900190,34,161,-127
107900191,73,177,-104
107900193,3,100,-97
107900194,191,46,145
107900195,1621,149,1472
107900196,204,17,187
107900197,162,299,-137
107900199,1,669,-668
107900201,181,100,81
107900203,53,37,16
107900204,240,213,27
107900206,222,792,-570
107900207,1,226,-225
107900208,4,232,-228
107900209,223,110,113
107900210,35,57,-22
107900213,355,402,-47
107900214,6,71,-65
107900215,238,508,-270
107900216,14,33,-19
107900217,79,77,2
107900218,4,906,-902
107900219,71,44,27
107900220,38,159,-121
107900221,156,256,-100
107900223,270,174,96
107900224,120,415,-295
107900225,3,390,-387
107900226,26,79,-53
107900227,70,323,-253
107900228,89,152,-63
107900229,1,35,-34
107900230,48,20,28
107900231,54,78,-24
107900232,322,45,277
107900233,5,45,-40
107900234,384,128,256
107900235,12,128,-116
107900236,904,71,833
107900237,5,325,-320
107900238,76,28,48
107900239,212,757,-545
107900240,79,34,45
107900241,7,25,-18
107900242,18,55,-37
107900243,0,26,-26
107900244,404,2,402
107900245,1385,38,1347
107900246,316,37,279
107900248,499,104,395
107900249,1648,243,1405
107900250,0,205,-205
107900251,15,700,-685
107900252,877,57,820
107900253,270,33,237
107900254,79,147,-68
107900255,133,47,86
107900256,459,1317,-858
107900257,395,200,195
107900258,261,67,194
107900259,30,5295,-5265
107900261,4,173,-169
107900262,65,39,26
107900264,447,12,435
107900265,175,83,92
107900267,641,8,633
107900268,19,1,18
107900269,1,24,-23
107900270,1,1,0
107900271,0,87,-87
107900272,17,35,-18
107900273,77,123,-46
107900274,132,0,132
107900275,101,0,101
107900276,0,9,-9
107900277,0,47,-47
107900278,653,140,513
107900279,41,61,-20
107900280,2521,1274,1247
107900281,1057,10420,-9363
107900282,21,1334,-1313
107900283,923,1294,-371
107900284,1076,396,680
107900285,230,28,202
107900286,52,60,-8
107900287,713,140,573
107900290,3,953,-950
107900291,721,26,695
107900292,326,109,217
107900293,174,186,-12
107900295,60,48,12
107900297,2,367,-365
107900298,629,754,-125
107900299,2407,3979,-1572
107900301,1078,949,129
107900302,204,43,161
107900303,650,310,340
107900304,736,85,651
107900305,298,13,285
107900306,3,64,-61
107900307,7,209,-202
107900308,245,195,50
107900309,63,0,63
107900310,47,0,47
107900311,6,251,-245
107900312,57,0,57
107900313,5,150,-145
107900314,1,150,-149
107900315,0,54,-54
107900316,13,0,13
107900317,82,6,76
107900318,5,305,-300
107900319,5,28,-23
107900320,0,45,-45
107900321,355,9,346
107900322,4,55,-51
107900323,12,57,-45
107900324,160,3,157
107900325,296,1,295
107900326,818,107,711
107900327,0,127,-127
107900328,18,1,17
107900329,55,495,-440
107900330,3,55,-52
107900331,838,31,807
107900332,640,12,628
107900333,145,21,124
107900334,4,57,-53
107900335,48,54,-6
107900336,26,74,-48
107900337,548,1271,-723
107900338,4,219,-215
107900339,2,6,-4
107900340,4,109,-105
107900341,100,1,99
107900342,192,122,70
107900343,46,2,44
107900344,25,37,-12
107900345,81,37,44
107900346,29,8,21
107900347,25,2,23
107900348,0,7,-7
107900349,70,7,63
107900350,9,202,-193
107900351,3,27,-24
107900352,1,38,-37
107900353,52,35,17
107900354,7,29,-22
108000001,6394,5484,910
108000002,1786,1569,217
108000003,3823,4403,-580
108000004,10117,10213,-96
108000005,8962,6981,1981
108000006,3694,3977,-283
108000007,7234,7252,-18
108000008,3344,4475,-1131
108000009,7516,6932,584
108000010,2343,4471,-2128
108000011,15748,12830,2918
108000012,9712,8126,1586
108000014,864,1593,-729
108000015,1267,273,994
108000016,308,520,-212
108000017,1659,503,1156
108000018,2138,718,1420
108000019,1115,854,261
108000020,1348,455,893
108000021,223,1418,-1195
108000022,450,718,-268
108000023,2565,315,2250
108000024,648,240,408
108000025,637,154,483
108000026,1361,273,1088
108000027,1317,239,1078
108000028,1436,249,1187
108000029,810,460,350
108000030,589,395,194
108000031,276,739,-463
108000032,3572,795,2777
108000033,668,664,4
108000034,2833,599,2234
108000035,587,1455,-868
108000036,405,715,-310
108000037,3635,472,3163
108000038,5281,465,4816
108000039,488,1231,-743
108000040,3431,1166,2265
108000041,454,1839,-1385
108000042,636,126,510
108000043,297,239,58
108000044,971,98,873
108000045,335,195,140
108000046,2662,514,2148
108000047,357,467,-110
108000048,64,160,-96
108000049,1113,202,911
108000050,208,400,-192
108000051,571,342,229
108000052,208,448,-240
108000053,593,472,121
108000054,293,1028,-735
108000055,1350,874,476
108000056,923,1688,-765
108000057,971,1807,-836
108000058,2129,6324,-4195
108000059,2175,1451,724
108000060,409,1290,-881
108000061,369,465,-96
108000062,1770,845,925
108000063,582,449,133
108000064,529,392,137
108000065,689,398,291
108000066,2609,1764,845
108000067,3799,1187,2612
108000068,1528,675,853
108000069,289,585,-296
108000070,2924,1197,1727
108000071,678,1174,-496
108000072,1829,945,884
108000073,963,1012,-49
108000074,935,821,114
108000075,518,432,86
108000076,1233,719,514
108000077,605,562,43
108000078,3203,988,2215
108000079,575,750,-175
108000080,2506,507,1999
108000081,794,687,107
108000082,639,1285,-646
108000083,2851,1116,1735
108000084,547,907,-360
108000085,2079,785,1294
108000086,524,432,92
108000087,201,3351,-3150
108000088,1591,809,782
108000089,371,455,-84
108000091,193,675,-482
108000092,446,200,246
108000093,620,459,161
108000094,1423,173,1250
108000095,301,560,-259
108000096,785,405,380
108000097,257,436,-179
108000098,3329,1444,1885
108000099,1353,366,987
108000100,288,852,-564
108000101,1644,1762,-118
108000102,2031,4014,-1983
108000106,1196,7,1189
108000107,3,881,-878
108000108,991,48,943
108000109,4,470,-466
108000110,820,424,396
108000111,421,989,-568
108000112,107,234,-127
108000113,307,229,78
108000115,367,433,-66
108000117,413,387,26
108000118,327,3219,-2892
108000119,731,340,391
108000120,381,1450,-1069
108000121,404,507,-103
108000122,1349,690,659
108000123,1014,265,749
108000124,508,566,-58
108000125,1052,415,637
108000126,329,333,-4
108000127,974,463,511
108000128,1273,222,1051
108000129,500,488,12
108000130,863,405,458
108000131,898,293,605
108000132,439,722,-283
108000133,1596,480,1116
108000134,601,317,284
108000135,1394,967,427
108000136,529,524,5
108000137,797,188,609
108000138,724,609,115
108000139,963,264,699
108000140,816,20,796
108000141,99,30,69
108000142,112,42,70
108000143,65,215,-150
108000144,1261,69,1192
108000145,101,0,101
108000146,1309,101,1208
108000147,40,24,16
108000148,1264,125,1139
108000149,97,25,72
108000150,78,34,44
108000151,42,40,2
108000152,228,213,15
108000153,1503,180,1323
108000154,44,3,41
108000155,126,30,96
108000156,986,427,559
108000157,370,3432,-3062
108000158,104,1511,-1407
108000159,279,273,6
108000160,2281,1964,317
108000161,1723,6114,-4391
108000165,5,515,-510
108000172,3,333,-330
108000173,482,2861,-2379
108000175,1408,175,1233
108000178,474,374,100
108000179,183,1341,-1158
108000181,122,16,106
108000182,171,43,128
108000183,7,330,-323
108000184,782,4714,-3932
108000185,487,239,248
108000186,667,284,383
108000187,341,297,44
108000188,1586,182,1404
108000189,1512,20183,-18671
108000190,9,69,-60
108000192,411,170,241
108000193,312,12,300
108000194,25,30,-5
108000195,1,958,-957
108000196,280,312,-32
108000198,1338,73,1265
108000199,0,423,-423
108000200,802,226,576
108000203,447,289,158
108000204,260,110,150
108000205,106,307,-201
108000339,1088,505,583
108000364,185,566,-381
108000365,92,287,-195
108000367,243,179,64
108000368,12,83,-71
108000369,446,117,329
108000371,2,477,-475
108000372,990,7,983
108000373,220,81,139
108000376,258,39,219
108000377,1259,204,1055
108000378,10311,18755,-8444
108000379,15,320,-305
108000381,203,12,191
108000382,214,1,213
108000383,1,399,-398
108900001,11,343,-332
108900002,442,68,374
108900003,130,606,-476
108900004,437,509,-72
108900007,445,166,279
108900008,216,112,104
108900009,188,188,0
108900010,532,131,401
108900011,1112,284,828
108900012,575,317,258
108900013,192,492,-300
108900014,47,103,-56
108900015,0,235,-235
108900016,0,124,-124
108900017,183,747,-564
108900018,160,374,-214
108900019,28,390,-362
108900020,38,87,-49
108900021,149,127,22
108900022,125,16,109
108900023,28,139,-111
108900024,67,32,35
108900025,492,50,442
108900026,15,18,-3
108900027,0,27,-27
108900028,191,98,93
108900029,86,207,-121
108900030,0,31,-31
108900031,245,98,147
108900032,1,91,-90
108900033,0,43,-43
108900034,0,72,-72
108900035,401,312,89
108900038,0,75,-75
108900039,0,67,-67
108900040,6,55,-49
108900041,4824,3542,1282
108900042,1,333,-332
108900043,41,677,-636
108900044,0,96,-96
108900045,89,82,7
108900046,20,222,-202
108900047,1,301,-300
108900048,93,270,-177
108900049,1258,4126,-2868
108900050,7,46,-39
108900051,0,79,-79
108900052,34,54,-20
108900053,156,783,-627
108900054,57,87,-30
108900055,40,308,-268
108900056,0,56,-56
108900057,0,79,-79
108900058,71,62,9
108900059,1879,94,1785
108900060,69,170,-101
108900061,91,22,69
108900062,0,157,-157
108900063,21,72,-51
108900064,629,19,610
108900065,7,72,-65
108900066,598,236,362
108900067,4,187,-183
108900068,25,53,-28
108900069,189,20,169
108900070,42,33,9
108900071,154,64,90
108900072,1124,188,936
108900073,89,167,-78
108900074,770,81,689
108900075,19,15,4
108900076,630,23,607
108900077,56,261,-205
108900078,80,48,32
108900079,273,221,52
108900080,19,1368,-1349
108900081,114,340,-226
108900082,162,23,139
108900083,26,329,-303
108900085,1682,139,1543
108900086,307,61,246
108900087,79,229,-150
108900088,718,599,119
108900089,6,159,-153
108900090,167,48,119
108900091,69,78,-9
108900092,557,417,140
108900093,131,95,36
108900094,539,213,326
108900095,22,187,-165
108900096,269,14,255
108900097,498,128,370
108900098,1231,1390,-159
108900099,729,135,594
108900100,51,72,-21
108900101,274,790,-516
108900102,12,2219,-2207
108900103,286,267,19
108900105,9,3660,-3651
108900106,759,174,585
108900108,483,24,459
108900109,1379,142,1237
108900110,316,201,115
108900111,827,225,602
108900113,67,107,-40
108900114,350,42,308
108900115,273,182,91
108900116,106,9,97
108900117,600,25,575
108900118,1304,19,1285
108900119,677,35,642
108900120,619,271,348
108900121,288,86,202
108900122,384,66,318
108900123,451,85,366
108900124,1787,151,1636
108900125,1349,4,1345
108900126,272,62,210
108900127,442,91,351
108900128,352,62,290
108900129,2205,188,2017
108900130,1308,3,1305
108900131,1048,9,1039
108900132,1015,72,943
108900133,529,51,478
108900134,1236,145,1091
108900135,625,30,595
108900136,48,0,48
108900137,372,7,365
108900138,1893,113,1780
108900140,1140,65,1075
108900141,869,9,860
108900142,131,12,119
108900143,155,1,154
108900144,228,4,224
108900145,657,86,571
108900146,255,2,253
108900147,575,0,575
108900148,104,7,97
108900150,306,11,295
108900151,13,3,10
108900152,224,30,194
108900153,462,78,384
108900154,7674,659,7015
108900156,240,6,234
108900157,27,281,-254
108900158,1008,48,960
108900159,84,80,4
108900160,24,124,-100
108900161,25,166,-141
108900162,392,4,388
108900163,9,556,-547
108900164,111,76,35
108900168,3837,2744,1093
108900169,59,121,-62
108900171,2991,3675,-684
108900172,218,88,130
108900173,67,359,-292
108900174,1561,525,1036
108900176,76,287,-211
108900177,3170,12965,-9795
108900178,2458,7262,-4804
108900180,66,381,-315
108900183,247,378,-131
108900184,462,173,289
108900185,40,553,-513
108900186,55,447,-392
108900189,468,58,410
108900190,73,1611,-1538
108900192,86,136,-50
108900195,68,124,-56
108900196,27,402,-375
108900199,199,388,-189
108900200,681,590,91
108900201,318,987,-669
108900203,563,103,460
108900204,540,14,526
108900205,357,38,319
108900206,696,130,566
108900207,373,505,-132
108900208,13,321,-308
108900209,157,462,-305
108900210,96,105,-9
108900211,235,639,-404
108900212,110,2694,-2584
108900215,42,320,-278
108900216,322,739,-417
108900217,103,1,102
108900218,44,41,3
108900221,39,34,5
108900224,67,68,-1
108900225,1,163,-162
108900227,274,542,-268
108900230,71,254,-183
108900232,1,135,-134
108900233,664,216,448
108900234,371,268,103
108900235,178,285,-107
108900236,50,341,-291
108900240,180,102,78
108900241,88,38,50
108900245,7,2791,-2784
108900250,371,85,286
108900258,3,88,-85
108900259,37,32,5
108900260,22,17,5
108900261,29,52,-23
108900262,130,177,-47
108900263,24,217,-193
108900264,189,347,-158
108900265,902,823,79
108900266,148,2565,-2417
108900267,2,520,-518
108900268,14,32,-18
108900269,247,58,189
108900270,366,25,341
108900271,121,52,69
108900272,807,51,756
108900273,383,1402,-1019
108900274,174,28,146
109000001,5133,3843,1290
109000002,981,3839,-2858
109000003,5097,638,4459
109000004,793,2355,-1562
109000005,3463,786,2677
109000006,1168,1789,-621
109000007,3299,1122,2177
109000008,1064,1543,-479
109000009,5120,1766,3354
109000010,1050,3044,-1994
109000011,6677,3378,3299
109000012,2012,3514,-1502
109000013,7928,7208,720
109000014,2570,2101,469
109000015,4692,17780,-13088
109000016,5157,2273,2884
109000017,5199,2029,3170
109000018,2023,2064,-41
109000019,4190,2153,2037
109000020,1415,2850,-1435
109000023,481,13,468
109000024,9,239,-230
109000025,290,876,-586
109000026,853,219,634
109000027,84,524,-440
109000028,232,107,125
109000029,79,484,-405
109000030,25,430,-405
109000031,382,130,252
109000032,173,581,-408
109000033,580,308,272
109000034,153,90,63
109000035,29,56,-27
109000036,112,303,-191
109000037,472,4009,-3537
109000038,293,271,22
109000039,956,1057,-101
109000040,3896,20065,-16169
109000041,1384,3967,-2583
109000042,689,2532,-1843
109000044,695,141,554
109000045,85,426,-341
109000046,604,134,470
109000047,180,429,-249
109000048,501,669,-168
109000049,268,676,-408
109000050,394,552,-158
109000051,183,127,56
109000052,730,522,208
109000053,568,117,451
109000054,118,689,-571
109000055,441,562,-121
109000056,370,487,-117
109000057,1334,490,844
109000058,355,109,246
109000059,211,1575,-1364
109000060,119,719,-600
109000061,431,2008,-1577
109000062,178,551,-373
109000063,316,132,184
109000064,707,150,557
109000065,398,156,242
109000066,864,69,795
109000067,115,193,-78
109000068,860,20,840
109000069,754,6,748
109000070,141,1379,-1238
109000071,421,82,339
109000072,93,199,-106
109000073,46,114,-68
109000074,9,161,-152
109000075,122,349,-227
109000076,177,544,-367
109000077,377,194,183
109000078,233,225,8
109000079,229,113,116
109000080,521,109,412
109000081,303,433,-130
109000082,1598,177,1421
109000083,558,613,-55
109000088,168,198,-30
109000089,415,83,332
109000090,126,198,-72
109000091,623,156,467
109000092,305,253,52
109000093,473,208,265
109000094,1350,3,1347
109000095,281,341,-60
109000096,1391,241,1150
109000097,138,128,10
109000098,156,189,-33
109000099,1077,164,913
109000100,575,483,92
109000101,2847,487,2360
109000102,894,415,479
109000103,1057,576,481
109000104,3749,384,3365
109000105,759,661,98
109000106,2666,570,2096
109000107,723,1200,-477
109000108,2997,693,2304
109000109,607,946,-339
109000110,1839,690,1149
109000111,941,1618,-677
109000112,491,147,344
109000113,363,280,83
109000114,174,604,-430
109000115,1117,72,1045
109000116,14,314,-300
109000117,437,14,423
109000118,4,187,-183
109000119,2535,93,2442
109000120,536,354,182
109000121,760,43,717
109000122,350,268,82
109000123,50,59,-9
109000124,1499,301,1198
109000125,1248,383,865
109000126,842,409,433
109000127,2053,188,1865
109000128,875,552,323
109000129,4773,509,4264
109000130,608,695,-87
109000131,1002,804,198
109000132,372,1310,-938
109000133,223,368,-145
109000134,730,803,-73
109000135,673,1278,-605
109000136,364,248,116
109000137,502,467,35
109000138,708,153,555
109000139,924,523,401
109000140,288,202,86
109000141,975,479,496
109000142,289,569,-280
109000143,136,106,30
109000145,134,493,-359
109000146,36,85,-49
109000148,2303,1652,651
109000149,21,152,-131
109000150,142,287,-145
109000155,1464,935,529
109000156,1230,330,900
109000158,48,252,-204
109000159,122,619,-497
109000160,2263,269,1994
109000161,912,1268,-356
109000162,2965,585,2380
109000163,1903,1470,433
109000164,2312,1857,455
109000165,2357,674,1683
109000166,1911,136,1775
109000167,253,439,-186
109000170,70,53,17
109000171,148,57,91
109000172,21,79,-58
109000173,44,234,-190
109000174,336,51,285
109000175,67,137,-70
109000176,851,238,613
109000177,92,139,-47
109000178,1690,213,1477
109000179,3476,8342,-4866
109000180,3638,3421,217
109000181,15,6,9
109000182,142,12,130
109000183,84,27,57
109000184,57,7,50
109000185,72,25,47
109000188,458,1360,-902
109000189,4083,1432,2651
109000190,1193,479,714
109000191,413,323,90
109000192,937,173,764
109000193,411,182,229
109000194,458,81,377
109000195,241,103,138
109000196,354,40,314
109000197,207,251,-44
109000198,508,28,480
109000199,184,388,-204
109000206,196,38,158
109000207,259,39,220
109000208,94,174,-80
109000209,188,151,37
109000210,247,530,-283
109000211,1542,583,959
109000214,650,181,469
109000215,168,60,108
109000216,520,515,5
109000217,191,408,-217
109000218,393,427,-34
109000221,179,704,-525
109000222,892,285,607
109000223,911,570,341
109000224,116,78,38
109000225,332,22,310
109000226,112,214,-102
109000227,3277,474,2803
109000228,3,951,-948
109000231,1,112,-111
109000232,1280,71,1209
109000236,338,405,-67
109000241,2169,979,1190
109000242,1573,763,810
109000293,109,190,-81
109000361,157,201,-44
109000364,111,563,-452
109000396,1,417,-416
109000397,1086,22,1064
109000399,141,299,-158
109000400,136,132,4
109000403,20,1347,-1327
109000406,1332,129,1203
109000407,392,140,252
109000408,0,444,-444
109000410,1073,307,766
109000411,547,63,484
109900001,183,0,183
109900002,1483,15,1468
109900003,761,1,760
109900004,347,84,263
109900005,80,1,79
109900006,815,65,750
109900007,2077,122,1955
109900008,0,20,-20
109900009,118,276,-158
109900010,875,51,824
109900011,50,88,-38
109900012,550,312,238
109900013,566,196,370
109900014,520,99,421
109900015,139,75,64
109900016,256,10,246
109900017,334,297,37
109900018,258,40,218
109900019,250,53,197
109900020,130,103,27
109900021,88,17,71
109900022,294,218,76
109900023,42,2,40
109900024,31,0,31
109900025,10,61,-51
109900026,3,115,-112
109900027,72,34,38
109900028,573,3840,-3267
109900029,8,143,-135
109900030,78,5,73
109900031,1,490,-489
109900032,1,165,-164
109900033,3,578,-575
109900034,75,2,73
109900035,79,83,-4
109900036,26,74,-48
109900037,8,312,-304
109900038,87,291,-204
109900039,11,4,7
109900040,30,245,-215
109900041,64,201,-137
109900042,15,666,-651
109900044,117,216,-99
109900045,105,76,29
109900046,269,102,167
109900047,164,226,-62
109900048,0,75,-75
109900049,25,33,-8
109900050,0,22,-22
109900051,0,17,-17
109900052,37,107,-70
109900053,6,40,-34
109900054,1589,83,1506
109900055,131,145,-14
109900056,43,475,-432
109900057,2,46,-44
109900058,0,18,-18
109900059,2207,48,2159
109900060,1380,95,1285
109900061,24,118,-94
109900062,0,51,-51
109900063,2,479,-477
109900064,1117,136,981
109900065,132,102,30
109900066,194,466,-272
109900067,0,121,-121
109900068,57,12,45
109900069,2,8,-6
109900070,37,92,-55
109900071,5,2,3
109900072,22,113,-91
109900073,864,172,692
109900074,11,7,4
109900075,34,29,5
109900076,27,84,-57
109900077,67,35,32
109900078,92,170,-78
109900080,170,82,88
109900081,5,247,-242
109900082,83,135,-52
109900083,14,39,-25
109900084,59,136,-77
109900085,93,307,-214
109900086,166,1399,-1233
109900087,45,495,-450
109900089,1045,137,908
109900090,173,667,-494
109900091,840,107,733
109900092,321,71,250
109900093,1623,114,1509
109900094,116,135,-19
109900095,44,173,-129
109900096,215,12,203
109900097,255,12,243
109900098,763,46,717
109900099,659,4,655
109900100,86,0,86
109900101,1288,13,1275
109900102,711,19,692
109900103,18,72,-54
109900104,1654,105,1549
109900105,842,34,808
109900106,574,35,539
109900107,825,35,790
109900108,161,211,-50
109900109,68,151,-83
109900110,73,172,-99
109900111,79,269,-190
109900112,162,246,-84
109900113,1133,555,578
109900114,738,2069,-1331
109900115,256,120,136
109900117,2171,105,2066
109900118,117,183,-66
109900119,158,472,-314
109900120,143,23,120
109900121,210,397,-187
109900122,1122,7,1115
109900123,18,44,-26
109900124,56,130,-74
109900125,2,145,-143
109900126,636,56,580
109900128,472,52,420
109900130,2871,5418,-2547
109900131,20,123,-103
109900132,12,89,-77
109900133,89,245,-156
109900134,121,219,-98
109900135,289,39,250
109900136,84,137,-53
109900137,444,216,228
109900140,320,139,181
109900142,2879,180,2699
109900145,7,831,-824
109900146,180,70,110
109900148,32,77,-45
109900149,46,27,19
109900150,4,28,-24
109900151,26,20,6
109900152,0,22,-22
109900153,0,114,-114
109900154,47,0,47
109900155,105,40,65
109900157,27,97,-70
109900158,37,147,-110
109900159,270,64,206
109900160,187,52,135
109900161,333,84,249
109900162,209,137,72
109900163,487,191,296
109900164,63,210,-147
109900165,365,4,361
109900166,1,80,-79
109900167,271,294,-23
109900168,222,564,-342
109900169,334,197,137
109900170,374,1808,-1434
109900171,542,100,442
109900172,342,525,-183
109900173,1857,3520,-1663
109900174,54,131,-77
109900175,121,125,-4
109900176,326,126,200
109900177,48,84,-36
109900178,4,240,-236
109900179,19,36,-17
109900180,23,17,6
110000001,735,483,252
110000002,803,885,-82
110000003,674,931,-257
110000004,449,899,-450
110000005,376,2541,-2165
110000006,517,378,139
110000007,121,119,2
110000008,31,339,-308
110000009,54,43,11
110000010,74,141,-67
110000011,23,53,-30
110000012,874,223,651
110000013,80,1330,-1250
110000014,856,522,334
110000015,320,876,-556
110000016,362,2374,-2012
110000017,3916,450,3466
110000018,3222,316,2906
110000019,8,135,-127
110000020,1601,553,1048
110000021,215,585,-370
110000022,1271,88,1183
110000023,15,190,-175
110000024,530,403,127
110000025,1810,12,1798
110000026,10,327,-317
110000027,578,2691,-2113
110000028,1406,581,825
110000029,530,451,79
110000030,494,504,-10
110000031,325,213,112
110000032,1715,277,1438
110000033,206,360,-154
110000034,770,397,373
110000035,770,514,256
110000036,1744,434,1310
110000037,390,580,-190
110000038,503,780,-277
110000039,1350,7837,-6487
110000040,352,404,-52
110000041,438,3540,-3102
110000042,77,865,-788
110000043,836,442,394
110000044,38,1093,-1055
110000045,246,166,80
110000046,5,158,-153
110000047,8,184,-176
110000048,5,123,-118
110000049,12,33,-21
110000050,5,322,-317
110000051,33,12,21
110000052,76,36,40
110000053,26,17,9
110000054,154,1081,-927
110000055,125,202,-77
110000056,85,205,-120
110000057,379,505,-126
110000058,1095,467,628
110000059,806,552,254
110000060,1655,1053,602
110000061,496,646,-150
110000062,678,951,-273
110000063,53,434,-381
110000064,56,48,8
110000065,191,233,-42
110000066,170,37,133
110000067,62,89,-27
110000068,426,71,355
110000069,790,46,744
110000071,833,57,776
110000073,57,2,55
110000075,13,102,-89
110000076,497,645,-148
110000077,386,1995,-1609
110000078,184,23,161
110000080,251,419,-168
110000081,90,239,-149
110000082,47,350,-303
110000083,320,257,63
110000084,1851,1206,645
110000085,881,1080,-199
110000086,851,2778,-1927
110000087,33,90,-57
110000088,205,277,-72
110000089,625,52,573
110000090,139,208,-69
110000091,1026,126,900
110000092,19,36,-17
110000093,73,40,33
110000094,522,188,334
110000095,209,740,-531
110000096,1262,3090,-1828
110000097,854,2050,-1196
110000098,2504,882,1622
110000099,1220,1635,-415
110000100,2446,170,2276
110000101,202,169,33
110000102,119,43,76
110000104,569,249,320
110000105,62,268,-206
110000106,769,641,128
110000107,157,304,-147
110000108,156,195,-39
110000109,159,342,-183
110000110,1828,3823,-1995
110000111,3523,3214,309
110000112,227,1451,-1224
110000113,69,3999,-3930
110000114,793,966,-173
110000115,743,319,424
110000116,129,93,36
110000117,540,202,338
110000118,836,112,724
110000119,708,228,480
110000120,585,224,361
110000121,112,499,-387
110000122,303,342,-39
110000123,818,396,422
110000124,3,488,-485
110000125,1242,3,1239
110000126,297,16,281
110000127,1498,109,1389
110000128,28,539,-511
110000129,2,367,-365
110000130,490,267,223
110000131,46,359,-313
110000132,3,362,-359
110000133,49,593,-544
110000134,7,329,-322
110000135,261,33,228
110000136,80,314,-234
110000137,1123,367,756
110000138,1478,586,892
110000139,2150,416,1734
110000140,1103,868,235
110000143,469,391,78
110000144,1798,1949,-151
110000145,1619,1389,230
110000146,1424,856,568
110000147,503,1451,-948
110000148,1006,245,761
110000151,520,2363,-1843
110000152,477,840,-363
110000153,300,6,294
110000154,15,63,-48
110000155,409,2467,-2058
110000156,901,1741,-840
110000157,1156,2288,-1132
110000160,549,232,317
110000161,212,208,4
110000166,1203,110,1093
110000167,2430,914,1516
110000168,952,914,38
110000169,1006,414,592
110000170,307,147,160
110000171,956,121,835
110000172,658,572,86
110000173,661,735,-74
110000174,177,523,-346
110000175,1591,61,1530
110000176,55,953,-898
110000177,379,2039,-1660
110000178,859,3725,-2866
110000179,1310,382,928
110000180,558,285,273
110000181,1675,451,1224
110000182,296,109,187
110000183,5612,10625,-5013
110000184,338,4804,-4466
110000185,562,849,-287
110000186,508,1399,-891
110000191,1796,106,1690
110000192,871,16,855
110000193,1800,31,1769
110000194,2,763,-761
110000195,961,129,832
110000196,929,69,860
110000197,175,63,112
110000198,128,104,24
110000199,91,240,-149
110000200,785,661,124
110000201,1233,1579,-346
110000202,1342,743,599
110000203,397,600,-203
110000204,3,206,-203
110000205,529,30,499
110000206,568,741,-173
110000207,2123,274,1849
110000208,263,319,-56
110000209,48,594,-546
110000210,2057,671,1386
110000211,1118,850,268
110000212,682,1759,-1077
110000213,645,61,584
110000214,678,63,615
110000215,165,220,-55
110000216,186,148,38
110000217,1056,125,931
110000218,479,127,352
110000219,646,80,566
110000220,131,55,76
110000221,954,30,924
110000222,118,128,-10
110000223,12,146,-134
110000224,4,2,2
110000225,319,774,-455
110000226,527,66,461
110000227,920,1110,-190
110000228,591,124,467
110000229,1,146,-145
110000230,809,688,121
110000231,428,456,-28
110000232,171,247,-76
110000233,199,729,-530
110000234,470,1033,-563
110000235,1429,916,513
110000236,935,481,454
110000237,3664,1638,2026
110000238,1085,1576,-491
110000239,2821,912,1909
110000240,0,18,-18
110000242,1,11,-10
110000243,244,68,176
110000244,164,299,-135
110000245,73,281,-208
110000246,1535,385,1150
110000247,944,2868,-1924
110000248,928,988,-60
110000249,232,9,223
110000250,17,131,-114
110000251,699,222,477
110000252,459,181,278
110000253,2413,391,2022
110000254,593,494,99
110000255,104,600,-496
110000256,527,219,308
110000257,432,217,215
110000258,19,283,-264
110000259,403,54,349
110000260,100,84,16
110000263,531,11,520
110000264,891,271,620
110000265,1525,1904,-379
110000266,969,2139,-1170
110000267,48,71,-23
110000268,300,238,62
110000269,0,77,-77
110000270,168,2,166
110000271,2310,304,2006
110000272,1525,1198,327
110000273,1297,1082,215
110000274,202,3746,-3544
110000275,1576,935,641
110000276,386,1083,-697
110000277,335,293,42
110000278,430,709,-279
110000279,691,655,36
110000280,869,585,284
110000281,114,183,-69
110000282,169,39,130
110000283,15,54,-39
110000284,13,36,-23
110000285,1,327,-326
110000286,4,0,4
110000287,164,1,163
110000288,2,42,-40
110000289,513,3728,-3215
110000290,541,670,-129
110000291,3584,993,2591
110000292,977,8437,-7460
110000293,724,460,264
110000294,2233,2212,21
110000295,248,558,-310
110000296,988,327,661
110000297,2606,235,2371
110000298,103,502,-399
110000299,160,63,97
110000301,583,26,557
110000302,742,1454,-712
110000303,839,10,829
110000304,262,246,16
110000305,1823,22,1801
110000306,324,1017,-693
110000307,2797,8,2789
110000308,631,63,568
110000309,7,652,-645
110000310,1157,28,1129
110000311,4,537,-533
110000312,573,40,533
110000313,1754,1680,74
110000314,2,137,-135
110000315,1549,1536,13
110000316,556,862,-306
110000317,92,1573,-1481
110000318,3,90,-87
110000319,17,31,-14
110000320,37,75,-38
110000321,82,73,9
110000322,335,229,106
110000323,688,213,475
110000324,2838,1457,1381
110000325,1470,5472,-4002
110000327,376,153,223
110000328,89,433,-344
110000333,1726,1819,-93
110000334,455,1560,-1105
110000335,602,433,169
110000336,644,1596,-952
110000337,2251,812,1439
110000338,643,414,229
110000339,537,313,224
110000340,16,218,-202
110000341,1189,362,827
110000342,102,1,101
110000343,1,2,-1
110000344,66,1432,-1366
110000345,139,1307,-1168
110000346,1410,2141,-731
110000347,1846,862,984
110000348,30,10,20
110000349,21,48,-27
110000350,193,0,193
110000351,1670,608,1062
110000352,913,2598,-1685
110000353,2816,437,2379
110000354,1238,6457,-5219
110000355,272,30,242
110000356,715,5,710
110000357,902,14,888
110000361,28,25,3
110000362,181,14,167
110000363,1289,119,1170
110000364,431,425,6
110000365,216,1,215
110000366,0,136,-136
110000367,864,134,730
110000368,4,42,-38
110000369,173,7,166
110000373,3,488,-485
110000374,129,46,83
110000375,103,1315,-1212
110000376,49,88,-39
110000377,97,430,-333
110000378,15,389,-374
110000379,2275,3937,-1662
110000380,217,74,143
110000383,0,627,-627
110000384,1114,302,812
110000385,0,111,-111
110000387,149,4,145
110000388,96,135,-39
110000389,1528,112,1416
110000391,1304,273,1031
110000396,436,117,319
110000397,217,77,140
110000398,36,75,-39
110000399,367,0,367
110000587,315,396,-81
110000589,327,145,182
110000640,212,4,208
110000652,15,796,-781
110000653,605,266,339
110000654,7,362,-355
110000656,0,251,-251
110000674,24,18,6
110000675,34,18,16
110000676,0,23,-23
110000679,145,1199,-1054
110000682,134,319,-185
110000683,261,348,-87
110000684,2,61,-59
110000685,5,29,-24
110000686,3,103,-100
110000687,5,9,-4
110000688,35,1815,-1780
110000689,138,19,119
110000692,24,252,-228
110000693,40,839,-799
110000694,0,162,-162
110000695,159,732,-573
110000696,52,40,12
110900001,626,34,592
110900002,450,1182,-732
110900003,1889,226,1663
110900004,758,47,711
110900005,1353,7197,-5844
110900006,217,110,107
110900007,420,138,282
110900008,7,38,-31
110900009,405,711,-306
110900010,12,35,-23
110900011,54,142,-88
110900012,11,26,-15
110900013,1591,132,1459
110900014,446,36,410
110900015,337,751,-414
110900016,128,58,70
110900017,891,45,846
110900018,455,23,432
110900019,664,22,642
110900020,302,184,118
110900021,138,280,-142
110900022,72,106,-34
110900023,53,606,-553
110900024,110,134,-24
110900025,21,112,-91
110900027,111,116,-5
110900028,47,73,-26
110900029,26,85,-59
110900030,66,159,-93
110900031,3,267,-264
110900032,0,46,-46
110900033,26,195,-169
110900035,58,630,-572
110900036,280,3,277
110900037,377,8,369
110900038,550,152,398
110900039,19,299,-280
110900040,295,14,281
110900041,20,55,-35
110900042,171,69,102
110900043,1,41,-40
110900044,166,14,152
110900045,108,154,-46
110900046,16,111,-95
110900047,227,799,-572
110900049,155,145,10
110900050,75,2,73
110900051,40,133,-93
110900052,2,83,-81
110900053,324,16,308
110900054,31,127,-96
110900055,50,1,49
110900056,40,135,-95
110900057,4,67,-63
110900058,541,74,467
110900059,436,175,261
110900060,386,152,234
110900061,3,49,-46
110900062,359,67,292
110900063,52,82,-30
110900064,12,1,11
110900065,54,171,-117
110900066,4,68,-64
110900067,95,1059,-964
110900068,233,133,100
110900069,3,14,-11
110900070,310,38,272
110900071,213,1249,-1036
110900073,0,7,-7
110900074,880,71,809
110900075,735,61,674
110900077,1947,502,1445
110900078,310,13,297
110900079,1191,1665,-474
110900080,215,130,85
110900081,20,16,4
110900082,451,99,352
110900083,157,59,98
110900084,162,38,124
110900085,67,121,-54
110900086,79,343,-264
110900087,559,96,463
110900088,8,1,7
110900090,99,172,-73
110900091,6,13,-7
110900093,352,154,198
110900095,80,27,53
110900097,53,26,27
110900098,44,104,-60
110900099,61,306,-245
110900100,1,8,-7
110900102,86,18,68
110900105,1887,103,1784
110900108,54,31,23
110900111,1079,77,1002
110900112,808,7,801
110900113,317,183,134
110900115,14,109,-95
110900116,2081,651,1430
110900118,67,5100,-5033
110900119,1353,169,1184
110900120,201,39,162
110900121,101,1,100
110900122,742,249,493
110900125,474,1072,-598
110900127,196,1863,-1667
110900128,175,772,-597
110900129,158,1157,-999
110900130,355,742,-387
110900131,528,45,483
110900132,734,98,636
110900133,69,116,-47
110900135,62,151,-89
110900136,590,26,564
110900138,0,0,0
110900139,15,0,15
110900140,1,0,1
110900141,390,1053,-663
110900142,96,136,-40
110900143,351,23,328
110900144,0,205,-205
110900145,299,198,101
110900146,192,550,-358
110900147,95,375,-280
110900148,1,269,-268
110900149,8,134,-126
110900150,30,12,18
110900151,5,28,-23
110900152,57,49,8
110900153,279,74,205
111000001,2004,1296,708
111000002,1005,415,590
111000003,3681,1954,1727
111000004,1581,1746,-165
111000005,2082,2559,-477
111000006,1391,3147,-1756
111000007,5285,8553,-3268
111000008,4795,4067,728
111000009,659,1220,-561
111000010,1576,287,1289
111000011,189,975,-786
111000012,565,357,208
111000013,643,1234,-591
111000014,3191,606,2585
111000017,44,725,-681
111000018,116,349,-233
111000020,624,1015,-391
111000021,40,118,-78
111000023,199,116,83
111000025,3439,4445,-1006
111000029,149,101,48
111000030,62,48,14
111000031,1686,600,1086
111000032,485,338,147
111000033,151,145,6
111000034,61,278,-217
111000037,1515,560,955
111000038,1920,1767,153
111000039,2125,2219,-94
111000040,1734,1466,268
111000041,728,673,55
111000042,2990,2806,184
111000043,2685,8103,-5418
111000044,2210,958,1252
111000045,2498,1784,714
111000046,3189,2661,528
111000047,3852,8765,-4913
111000049,342,499,-157
111000050,780,485,295
111000051,777,831,-54
111000052,628,1548,-920
111000053,213,583,-370
111000054,307,657,-350
111000055,1333,1590,-257
111000056,256,803,-547
111000057,210,410,-200
111000058,1139,80,1059
111000059,971,339,632
111000060,7318,1139,6179
111000061,1242,555,687
111000062,1612,809,803
111000063,1768,1395,373
111000064,1447,635,812
111000065,1930,1148,782
111000066,975,519,456
111000067,2038,335,1703
111000068,1550,520,1030
111000069,1282,1611,-329
111000070,960,557,403
111000071,193,325,-132
111000072,2039,850,1189
111000073,322,2373,-2051
111000074,2409,1701,708
111000075,850,833,17
111000076,1163,897,266
111000077,898,811,87
111000078,1887,687,1200
111000079,820,855,-35
111000080,1072,643,429
111000081,1780,8280,-6500
111000082,1471,754,717
111000084,1152,463,689
111000085,1451,1045,406
111000086,2150,1160,990
111000087,981,460,521
111000088,5578,6454,-876
111000089,1087,628,459
111000090,602,931,-329
111000091,821,333,488
111000092,2742,878,1864
111000093,1359,1501,-142
111000094,2298,1707,591
111000095,1381,3692,-2311
111000096,1060,10405,-9345
111000097,2886,978,1908
111000098,369,700,-331
111000099,460,1053,-593
111000100,547,1051,-504
111000101,422,825,-403
111000102,235,401,-166
111000104,1196,239,957
111000107,130,611,-481
111000109,1253,252,1001
111000110,1897,833,1064
111000111,5955,363,5592
111000112,4063,360,3703
111000113,1045,3094,-2049
111000114,1249,7616,-6367
111000115,3452,1118,2334
111000116,1114,1031,83
111000117,337,1081,-744
111000118,982,846,136
111000119,2413,774,1639
111000120,883,922,-39
111000121,370,1243,-873
111000122,543,687,-144
111000123,1486,1537,-51
111000124,572,2119,-1547
111000125,323,1090,-767
111000126,173,612,-439
111000127,1923,165,1758
111000128,4563,397,4166
111000129,4868,597,4271
111000130,4568,470,4098
111000131,4756,587,4169
111000132,2912,2485,427
111000133,356,66,290
111000134,430,51,379
111000135,117,193,-76
111000136,609,327,282
111000138,68,12,56
111000140,5,0,5
111000141,202,543,-341
111000142,3,117,-114
111000143,3,317,-314
111000144,22,903,-881
111000145,93,10,83
111000146,113,10,103
111000147,111,41,70
111000148,189,111,78
111000149,7,26,-19
111000150,82,11,71
111000151,24,41,-17
111000153,592,445,147
111000154,428,311,117
111000155,183,211,-28
111000156,874,370,504
111000157,409,606,-197
111000158,1128,878,250
111000159,2749,1466,1283
111000160,357,362,-5
111000161,5,355,-350
111000162,7,77,-70
111000163,1279,797,482
111000164,518,3340,-2822
111000165,773,208,565
111000166,428,123,305
111000167,185,300,-115
111000168,262,336,-74
111000169,425,379,46
111000170,357,308,49
111000171,548,486,62
111000172,251,397,-146
111000173,382,979,-597
111000174,591,160,431
111000175,66,338,-272
111000176,718,42,676
111000177,1575,152,1423
111000178,2868,156,2712
111000179,705,102,603
111000180,455,481,-26
111000181,3381,273,3108
111000182,422,166,256
111000183,295,328,-33
111000184,543,202,341
111000185,681,339,342
111000186,379,296,83
111000187,331,141,190
111000188,754,351,403
111000189,361,356,5
111000190,387,191,196
111000191,245,153,92
111000192,194,305,-111
111000193,508,137,371
111000194,72,262,-190
111000195,136,400,-264
111000196,118,111,7
111000197,1392,154,1238
111000198,1226,151,1075
111000199,720,462,258
111000200,916,647,269
111000201,1321,133,1188
111000202,1024,137,887
111000203,921,352,569
111000204,494,2868,-2374
111000213,404,748,-344
111000214,1902,1217,685
111000215,1690,1118,572
111000217,2568,740,1828
111000218,2174,915,1259
111000219,651,566,85
111000220,756,653,103
111000221,293,78,215
111000224,29,139,-110
111000225,954,511,443
111000226,178,9,169
111000227,65,5,60
111000228,20,973,-953
111000229,47,1764,-1717
111000230,255,146,109
111000231,1507,283,1224
111000232,1223,701,522
111000233,2581,651,1930
111000234,349,1082,-733
111000239,96,102,-6
111000240,140,677,-537
111000241,161,187,-26
111000242,582,55,527
111000243,250,293,-43
111000244,1517,152,1365
111000245,1071,246,825
111000246,908,142,766
111000247,970,386,584
111000248,1133,197,936
111000249,774,232,542
111000250,124,39,85
111000251,86,59,27
111000253,81,26,55
111000255,155,11,144
111000257,93,21,72
111000260,48,767,-719
111000261,2023,92,1931
111000271,43,365,-322
111000273,3494,1544,1950
111000274,2168,3676,-1508
111000275,376,74,302
111000276,320,1005,-685
111000277,438,270,168
111000278,371,204,167
111000291,3164,16471,-13307
111000298,684,290,394
111000299,1010,189,821
111000300,94,715,-621
111000302,575,63,512
111000303,232,172,60
111000312,105,53,52
111000315,7,47,-40
111000320,180,221,-41
111000321,580,126,454
111000322,882,202,680
111000323,536,68,468
111000324,326,162,164
111000325,29,44,-15
111000326,606,542,64
111000327,618,288,330
111000328,925,1132,-207
111000329,1,80,-79
111000330,197,2,195
111000331,39,10,29
111000332,1271,1740,-469
111000334,225,1021,-796
111000335,1798,214,1584
111000337,2528,158,2370
111000338,189,132,57
111000339,1046,237,809
111000340,156,975,-819
111000341,2720,1536,1184
111000342,84,887,-803
111000344,1677,574,1103
111000345,86,141,-55
111000346,17,201,-184
111000347,288,0,288
111000350,289,92,197
111000351,186,440,-254
111000352,343,172,171
111000353,171,161,10
111000354,686,305,381
111000355,499,531,-32
111000358,130,785,-655
111000360,309,199,110
111000361,250,125,125
111000546,1423,750,673
111000547,704,578,126
111000548,363,234,129
111000549,304,195,109
111000550,60,1306,-1246
111000551,293,95,198
111000552,605,251,354
111000907,2226,11,2215
111000908,263,2,261
111000916,3676,185,3491
111000917,62,223,-161
111000918,294,403,-109
111000920,1387,19,1368
111000921,44,123,-79
111000922,1325,188,1137
111000924,42,337,-295
111000925,7211,2574,4637
111000926,1599,1736,-137
111000927,2537,5924,-3387
111000928,3695,1736,1959
111000929,2411,1243,1168
111000930,1567,1470,97
111000931,2126,2060,66
111000932,2368,1125,1243
111000933,4014,4618,-604
111000934,1462,1711,-249
111000935,4422,1696,2726
111000936,1536,1576,-40
111000937,1946,1941,5
111000938,1241,1074,167
111000939,1317,26,1291
111000940,1197,45,1152
111000941,490,340,150
111000943,913,229,684
111000944,283,189,94
111000945,438,923,-485
111001109,820,1438,-618
111001110,306,434,-128
111001111,233,17,216
111001112,154,10,144
111001113,5,1063,-1058
111001114,865,275,590
111001115,53,2259,-2206
111001116,2131,7829,-5698
111001117,511,3475,-2964
111001120,125,223,-98
111001121,221,90,131
111001122,390,200,190
111001123,676,223,453
111001124,194,93,101
111001125,7,557,-550
111001126,1,0,1
111001127,3,55,-52
111001128,2717,791,1926
111900001,1,41,-40
111900002,1,174,-173
111900003,0,121,-121
111900004,15,45,-30
111900006,32,132,-100
111900007,589,8,581
111900008,757,7,750
111900009,476,17,459
111900010,55,352,-297
111900012,19,69,-50
111900013,102,23,79
111900014,1740,10491,-8751
111900015,0,32,-32
111900016,1,27,-26
111900017,0,21,-21
111900018,162,2,160
111900019,2,144,-142
111900020,4,31,-27
111900021,26,27,-1
111900022,52,33,19
111900023,102,44,58
111900024,147,113,34
111900025,0,196,-196
111900026,0,20,-20
111900027,2,36,-34
111900028,0,51,-51
111900029,18,11,7
111900030,13,374,-361
111900031,47,30,17
111900032,0,56,-56
111900033,39,24,15
111900034,36,294,-258
111900035,100,405,-305
111900036,0,73,-73
111900038,92,244,-152
111900039,32,183,-151
111900040,0,131,-131
111900042,17,31,-14
111900043,1,81,-80
111900044,91,205,-114
111900046,14,93,-79
111900048,736,138,598
111900049,21,100,-79
111900050,329,18,311
111900051,1,46,-45
111900052,111,170,-59
111900053,657,3740,-3083
111900054,381,0,381
111900055,2,126,-124
111900056,126,586,-460
111900057,382,31,351
111900058,1080,291,789
111900059,1545,1050,495
111900060,397,4,393
111900061,3,52,-49
111900062,84,84,0
111900063,471,154,317
111900064,45,80,-35
111900065,541,32,509
111900066,197,237,-40
111900067,2,284,-282
111900068,47,176,-129
111900069,134,50,84
111900070,412,94,318
111900071,0,86,-86
111900072,76,83,-7
111900073,2467,301,2166
111900074,10,183,-173
111900075,164,10,154
111900076,654,115,539
111900077,68,3,65
111900078,891,72,819
111900079,53,87,-34
111900080,152,185,-33
111900082,398,79,319
111900083,500,99,401
111900084,277,5,272
111900085,130,124,6
111900086,161,16,145
111900087,60,0,60
111900088,1441,89,1352
111900089,249,6,243
111900090,117,140,-23
111900091,1384,16,1368
111900092,171,2,169
111900093,1074,30,1044
111900094,293,3,290
111900095,896,76,820
111900096,632,11,621
111900097,131,0,131
111900098,830,14,816
111900099,180,0,180
111900100,226,11,215
111900101,315,12,303
111900102,1399,325,1074
111900103,113,257,-144
111900104,180,122,58
111900105,118,311,-193
111900106,297,38,259
111900110,1755,377,1378
111900111,366,59,307
111900112,434,8798,-8364
111900113,282,72,210
111900118,1035,76,959
111900119,369,106,263
111900122,62,97,-35
111900123,8,32,-24
111900124,52,25,27
111900125,980,77,903
111900126,767,6,761
111900127,0,155,-155
111900128,8,229,-221
111900129,282,5,277
111900130,240,27,213
111900131,852,2,850
111900132,15,401,-386
111900133,9,109,-100
111900134,3,90,-87
111900135,8,32,-24
111900136,58,166,-108
111900137,61,18,43
111900138,25,72,-47
111900139,13,31,-18
111900140,272,55,217
111900141,227,11,216
111900142,150,29,121
111900143,100,90,10
111900144,0,28,-28
111900145,0,122,-122
111900146,0,72,-72
111900147,35,348,-313
111900148,29,370,-341
111900149,9,189,-180
111900150,26,67,-41
111900151,29,83,-54
111900152,127,95,32
111900153,500,736,-236
111900154,31,1210,-1179
111900155,142,399,-257
111900156,134,120,14
111900157,303,35,268
111900158,1242,145,1097
111900159,1052,153,899
111900160,738,1,737
111900161,784,0,784
111900162,276,658,-382
111900163,25,158,-133
111900164,335,36,299
111901113,1153,44,1109
111901114,599,418,181
111901115,609,4,605
111901116,95,6,89
111901117,18,174,-156
111901118,39,1150,-1111
111901119,248,63,185
111901121,24,71,-47
111901122,3,96,-93
111901123,847,62,785
111901124,671,4,667
111901125,1589,280,1309
111901127,685,2089,-1404
111901128,16,65,-49
111901129,5,198,-193
111901130,24,71,-47
111901131,2,460,-458
111901132,328,63,265
111901133,279,10,269
111901134,329,6,323
111901135,62,7,55
111901136,3,37,-34
111901138,17,29,-12
111901139,3,12,-9
111901140,2,49,-47
111901141,1,102,-101
111901142,14,38,-24
111901143,1,111,-110
111901144,76,82,-6
111901145,47,1046,-999
111901146,60,2,58
111901147,275,1474,-1199
111901148,7,158,-151
111901149,57,4,53
111901150,190,0,190
111901151,291,4,287
112000001,3196,1095,2101
112000002,1250,2330,-1080
112000003,4585,1656,2929
112000004,1477,400,1077
112000005,4972,6076,-1104
112000006,623,611,12
112000007,6806,4598,2208
112000008,4996,5491,-495
112000009,3683,1365,2318
112000010,6279,6414,-135
112000011,1823,1041,782
112000012,4228,6177,-1949
112000013,1814,2956,-1142
112000014,1026,4791,-3765
112000015,1180,3922,-2742
112000016,2556,4986,-2430
112000017,407,5320,-4913
112000024,746,245,501
112000026,1974,1431,543
112000027,667,1170,-503
112000028,724,1181,-457
112000029,709,721,-12
112000030,315,16,299
112000031,1730,4240,-2510
112000032,145,8,137
112000033,1700,5630,-3930
112000034,71,30,41
112000035,23,1567,-1544
112000036,163,2273,-2110
112000037,748,931,-183
112000038,1072,1794,-722
112000039,113,57,56
112000040,34,143,-109
112000041,189,217,-28
112000042,1162,291,871
112000050,1808,1404,404
112000051,1615,4243,-2628
112000054,1622,1692,-70
112000057,907,203,704
112000058,221,314,-93
112000059,861,609,252
112000061,3002,685,2317
112000062,536,1817,-1281
112000063,243,3625,-3382
112000064,2799,2834,-35
112000065,1126,2149,-1023
112000066,3513,1754,1759
112000067,570,520,50
112000068,3174,3265,-91
112000069,610,1665,-1055
112000070,1408,1647,-239
112000071,1356,1851,-495
112000072,2849,985,1864
112000073,1134,3998,-2864
112000074,1159,2494,-1335
112000075,1348,2091,-743
112000076,3294,3052,242
112000077,1530,346,1184
112000078,2994,739,2255
112000079,2671,1421,1250
112000080,972,622,350
112000081,900,1009,-109
112000082,1366,547,819
112000083,924,1069,-145
112000084,1315,518,797
112000085,2035,874,1161
112000086,2228,779,1449
112000087,1041,252,789
112000088,1749,343,1406
112000089,387,781,-394
112000090,451,281,170
112000091,816,423,393
112000092,2707,669,2038
112000093,2007,453,1554
112000094,1224,760,464
112000095,1170,381,789
112000096,1030,932,98
112000097,3330,727,2603
112000098,298,428,-130
112000099,782,2911,-2129
112000100,2960,811,2149
112000101,757,376,381
112000102,2361,521,1840
112000103,545,332,213
112000105,784,543,241
112000106,4687,427,4260
112000107,381,170,211
112000108,1407,755,652
112000109,672,131,541
112000110,3129,883,2246
112000111,437,2466,-2029
112000112,2590,581,2009
112000113,1051,952,99
112000114,3025,979,2046
112000115,576,351,225
112000116,732,671,61
112000117,1499,698,801
112000118,679,896,-217
112000119,477,629,-152
112000120,37,179,-142
112000121,463,206,257
112000122,734,186,548
112000123,1208,204,1004
112000124,857,184,673
112000125,549,487,62
112000126,1218,181,1037
112000127,2977,2984,-7
112000128,723,450,273
112000129,252,65,187
112000130,593,122,471
112000131,77,136,-59
112000132,266,181,85
112000133,612,71,541
112000134,1000,305,695
112000135,1839,948,891
112000136,973,1269,-296
112000137,2200,2747,-547
112000138,1539,1351,188
112000139,559,1103,-544
112000140,306,842,-536
112000141,1258,692,566
112000142,214,234,-20
112000143,1763,206,1557
112000144,457,408,49
112000145,3877,413,3464
112000146,648,923,-275
112000147,3269,1555,1714
112000148,878,1118,-240
112000149,636,526,110
112000150,968,201,767
112000151,500,167,333
112000152,1452,301,1151
112000153,189,168,21
112000154,281,740,-459
112000155,242,183,59
112000157,415,1602,-1187
112000158,418,204,214
112000159,1171,192,979
112000167,472,245,227
112000169,322,2295,-1973
112000173,1912,231,1681
112000175,686,255,431
112000176,857,1150,-293
112000177,1178,506,672
112000178,87,227,-140
112000179,783,57,726
112000180,1054,425,629
112000181,1142,686,456
112000182,2804,381,2423
112000183,41,8,33
112000184,642,202,440
112000185,2033,261,1772
112000187,5787,3369,2418
112000195,252,3,249
112000196,106,0,106
112000197,141,119,22
112000198,28,291,-263
112000199,710,597,113
112000202,1057,7,1050
112000216,47,160,-113
112000230,324,5,319
112000231,2,110,-108
112000256,70,782,-712
112000313,81,60,21
112000314,116,96,20
112000337,325,975,-650
112000352,109,391,-282
112000392,3541,711,2830
112000398,2782,743,2039
112000399,1383,10989,-9606
112000400,1281,967,314
112000401,1315,1039,276
112000402,5131,5809,-678
112000403,1548,11250,-9702
112000404,2750,2051,699
112000405,4804,5271,-467
112000406,3873,1511,2362
112000407,12799,8849,3950
112000408,4864,1884,2980
112000409,1848,1539,309
112000410,275,347,-72
112000411,1950,2076,-126
112000412,497,270,227
112000413,3606,6987,-3381
112000414,241,24,217
112000415,128,43,85
112000416,6115,1510,4605
112000417,456,187,269
112000421,103,69,34
112000422,263,223,40
112000424,1267,4489,-3222
112000425,514,403,111
112000426,627,1044,-417
112000427,0,8,-8
112000428,535,234,301
112000429,2758,2876,-118
112000430,3690,5960,-2270
112000431,156,320,-164
112000432,633,578,55
112000433,431,554,-123
112000437,76,58,18
112900001,93,2,91
112900002,992,155,837
112900003,82,96,-14
112900004,94,208,-114
112900005,623,108,515
112900006,64,76,-12
112900007,94,15,79
112900008,1,176,-175
112900009,691,333,358
112900010,658,203,455
112900011,124,394,-270
112900012,1,25,-24
112900013,3,459,-456
112900014,3,66,-63
112900015,72,347,-275
112900016,1,171,-170
112900017,167,108,59
112900018,400,57,343
112900019,36,152,-116
112900020,287,602,-315
112900021,3,172,-169
112900022,25,27,-2
112900023,15,19,-4
112900024,2,80,-78
112900025,225,115,110
112900026,0,11,-11
112900027,14,356,-342
112900028,19,106,-87
112900029,7,49,-42
112900030,37,16,21
112900031,2,317,-315
112900032,220,202,18
112900034,0,16,-16
112900035,0,118,-118
112900036,13,106,-93
112900037,755,376,379
112900038,890,84,806
112900039,6,111,-105
112900040,6,714,-708
112900041,648,908,-260
112900042,69,171,-102
112900043,54,55,-1
112900044,227,133,94
112900045,184,86,98
112900046,89,52,37
112900047,7,31,-24
112900049,638,45,593
112900050,29,289,-260
112900051,127,212,-85
112900052,4,306,-302
112900053,137,286,-149
112900054,176,105,71
112900055,92,30,62
112900056,472,265,207
112900057,85,229,-144
112900058,360,521,-161
112900059,133,1122,-989
112900060,75,46,29
112900061,136,174,-38
112900062,123,65,58
112900063,20,8,12
112900064,101,147,-46
112900065,14,27,-13
112900066,215,445,-230
112900067,416,36,380
112900068,32,141,-109
112900069,2233,1832,401
112900071,86,19,67
112900072,75,7633,-7558
112900073,447,323,124
112900074,172,588,-416
112900075,990,2516,-1526
112900076,56,32,24
112900078,261,940,-679
112900079,420,27,393
112900080,300,5,295
112900081,58,609,-551
112900082,637,47,590
112900083,318,276,42
112900084,527,348,179
112900086,279,1,278
112900087,2470,212,2258
112900088,396,9,387
112900089,718,23,695
112900090,72,130,-58
112900091,511,25,486
112900092,44,1506,-1462
112900093,1690,50,1640
112900095,160,0,160
112900096,997,209,788
112900097,85,123,-38
112900098,96,1,95
112900099,1578,39,1539
112900100,217,2,215
112900101,565,9,556
112900102,102,82,20
112900103,427,11,416
112900104,672,3,669
112900105,8,0,8
112900106,833,109,724
112900107,4,0,4
112900108,3,1,2
112900109,373,4,369
112900110,2039,61,1978
112900111,1359,8,1351
112900112,528,2,526
112900113,1,4,-3
112900114,807,8,799
112900115,2721,4,2717
112900116,170,38,132
112900117,137,25,112
112900118,23,64,-41
112900119,490,25,465
112900120,504,257,247
112900121,82,78,4
112900122,6,54,-48
112900123,877,69,808
112900124,4,22,-18
112900125,18,230,-212
112900126,69,81,-12
112900127,622,77,545
112900128,76,317,-241
112900129,0,543,-543
112900130,383,89,294
112900131,7,248,-241
112900132,175,393,-218
112900133,8,795,-787
112900134,1,470,-469
112900135,222,112,110
112900137,2,292,-290
112900138,11,49,-38
112900139,58,498,-440
112900141,812,19,793
112900142,87,593,-506
112900143,12,248,-236
112900144,0,707,-707
112900145,4,295,-291
112900146,3,381,-378
112900147,0,513,-513
112900148,46,1,45
112900149,161,333,-172
112900151,4,32,-28
112900152,2862,324,2538
112900153,183,6593,-6410
112900154,0,36,-36
112900155,182,11,171
112900156,1138,440,698
112900157,1000,62,938
112900158,105,2,103
112900159,138,477,-339
112900160,51,153,-102
112900161,263,20,243
112900162,6,25,-19
112900163,63,94,-31
112900164,87,236,-149
112900165,39,66,-27
112900166,22,161,-139
112900167,3,441,-438
112900168,6,2,4
112900169,5,24,-19
112900170,219,107,112
112900172,61,35,26
112900173,108,82,26
112900174,473,44,429
112900175,182,331,-149
112900176,28,36,-8
112900177,422,84,338
112900178,620,4790,-4170
112900179,23,268,-245
112900180,2638,1028,1610
112900181,1724,12,1712
112900182,69,258,-189
112900183,93,265,-172
112900184,372,355,17
112900185,117,576,-459
112900186,719,798,-79
112900187,53,460,-407
112900188,789,2792,-2003
112900189,6,12,-6
112900190,14,106,-92
112900192,426,426,0
112900193,735,248,487
112900194,93,8,85
112900195,453,39,414
112900196,586,333,253
112900197,68,276,-208
112900199,1012,137,875
112900200,632,69,563
112900201,146,228,-82
112900202,717,395,322
112900203,462,38,424
112900204,484,308,176
112900205,14,2,12
112900206,26,30,-4
112900207,44,0,44
112900208,49,936,-887
112900209,124,189,-65
112900210,3,2,1
112900211,75,1,74
112900212,1,34,-33
112900213,130,14,116
112900214,18,19,-1
112900215,8,27,-19
112900216,30,22,8
112900217,0,52,-52
112900218,131,15,116
112900219,179,1,178
112900220,1,0,1
112900221,36,35,1
112900222,0,53,-53
112900223,975,14,961
112900224,931,194,737
112900225,960,170,790
112900226,278,352,-74
112900227,1112,107,1005
112900228,210,29,181
112900229,583,6,577
112900230,9028,2251,6777
112900232,549,280,269
112900233,180,113,67
112900234,41,2,39
112900235,23,3,20
112900236,1245,10,1235
112900237,659,137,522
112900238,9,3,6
112900239,541,805,-264
112900240,12,23,-11
112900241,28,60,-32
112900242,6,66,-60
112900243,19,29,-10
112900244,15,45,-30
112900245,0,28,-28
112900246,2,15,-13
112900247,87,72,15
112900248,9,1,8
112900249,45,1,44
112900250,179,19,160
112900251,307,12,295
112900252,310,2,308
112900253,195,16,179
112900254,70,7,63
112900255,10,23,-13
112900256,6,52,-46
112900257,11,23,-12
112900258,90,3,87
113000001,6582,5072,1510
113000002,8467,4611,3856
113000003,3670,2065,1605
113000004,3468,2252,1216
113000005,3250,2057,1193
113000006,1959,1910,49
113000007,3835,2045,1790
113000008,3238,2347,891
113000009,2403,781,1622
113000010,2523,1385,1138
113000011,2273,1238,1035
113000012,1569,737,832
113000013,692,599,93
113000014,1300,1736,-436
113000015,167,182,-15
113000016,277,465,-188
113000017,35,695,-660
113000018,522,49,473
113000019,73,340,-267
113000020,246,110,136
113000021,2100,1354,746
113000022,1301,6076,-4775
113000025,173,343,-170
113000026,813,890,-77
113000027,778,1502,-724
113000028,400,2725,-2325
113000029,919,766,153
113000030,167,587,-420
113000031,247,288,-41
113000032,175,399,-224
113000033,308,432,-124
113000034,261,160,101
113000035,27,33,-6
113000036,5,83,-78
113000037,66,26,40
113000038,5,73,-68
113000039,31,305,-274
113000040,65,171,-106
113000042,1018,684,334
113000051,3354,3748,-394
113000052,3529,473,3056
113000053,978,511,467
113000054,1322,1370,-48
113000055,3404,588,2816
113000056,3008,1252,1756
113000058,445,1204,-759
113000059,722,286,436
113000060,649,892,-243
113000061,722,1000,-278
113000062,599,435,164
113000063,685,48,637
113000064,177,160,17
113000065,231,403,-172
113000066,1310,152,1158
113000067,4102,606,3496
113000068,751,333,418
113000069,866,348,518
113000070,2963,719,2244
113000071,975,370,605
113000072,1496,362,1134
113000073,594,1188,-594
113000074,970,485,485
113000075,1949,735,1214
113000076,522,4426,-3904
113000077,666,831,-165
113000078,446,1631,-1185
113000079,389,1074,-685
113000080,627,846,-219
113000081,1108,911,197
113000082,961,582,379
113000083,825,1157,-332
113000084,2181,914,1267
113000085,1071,885,186
113000086,1093,1906,-813
113000087,1105,1915,-810
113000088,2129,1684,445
113000089,1020,2099,-1079
113000090,138,1011,-873
113000091,278,614,-336
113000094,1986,613,1373
113000095,376,893,-517
113000096,204,1147,-943
113000097,1514,610,904
113000098,83,86,-3
113000099,1297,606,691
113000100,191,606,-415
113000101,186,1002,-816
113000102,787,772,15
113000103,5876,448,5428
113000104,874,3891,-3017
113000105,1364,655,709
113000106,952,330,622
113000107,1558,1426,132
113000108,1471,1040,431
113000109,772,1273,-501
113000110,10838,1382,9456
113000111,543,392,151
113000112,1194,401,793
113000113,3139,382,2757
113000114,379,942,-563
113000116,527,354,173
113000117,784,125,659
113000118,79,1021,-942
113000119,397,282,115
113000120,82,420,-338
113000121,343,861,-518
113000124,647,255,392
113000125,15,1664,-1649
113000127,1867,234,1633
113000128,1887,212,1675
113000129,383,654,-271
113000133,3695,510,3185
113000134,10,1916,-1906
113000135,5873,5184,689
113000137,954,2867,-1913
113000139,330,169,161
113000140,83,131,-48
113000141,68,118,-50
113000142,148,456,-308
113000143,282,134,148
113000144,243,226,17
113000145,141,176,-35
113000146,112,50,62
113000147,236,60,176
113000148,383,111,272
113000149,206,167,39
113000150,421,366,55
113000151,31,41,-10
113000152,86,266,-180
113000153,815,179,636
113000154,483,2145,-1662
113000155,404,840,-436
113000156,231,195,36
113000157,321,320,1
113000158,679,166,513
113000159,925,257,668
113000160,584,284,300
113000161,450,152,298
113000162,856,102,754
113000163,227,21,206
113000164,96,22,74
113000166,372,131,241
113000167,147,73,74
113000168,339,117,222
113000169,317,68,249
113000170,83,109,-26
113000171,30,127,-97
113000172,539,31,508
113000173,116,14,102
113000174,345,181,164
113000175,855,106,749
113000176,860,74,786
113000177,381,109,272
113000178,153,185,-32
113000179,432,109,323
113000180,876,2346,-1470
113000181,1689,1082,607
113000182,180,687,-507
113000183,384,908,-524
113000184,37,76,-39
113000189,324,765,-441
113000190,246,228,18
113000192,378,7232,-6854
113000193,1329,4299,-2970
113000194,1065,5798,-4733
113000195,1134,4469,-3335
113000196,469,183,286
113000197,1070,4649,-3579
113000198,215,477,-262
113000199,2382,312,2070
113000201,893,890,3
113000202,20494,2133,18361
113000203,110,982,-872
113000204,501,10756,-10255
113000205,32,11,21
113000206,0,72,-72
113000207,46,21,25
113000208,14,157,-143
113000209,11,26,-15
113000210,5,33,-28
113000211,73,378,-305
113000212,57,58,-1
113000213,21,81,-60
113000214,256,588,-332
113000234,480,776,-296
113000410,39,170,-131
113000411,1501,1931,-430
113000412,8852,1415,7437
113000413,1178,3101,-1923
113000414,4682,12918,-8236
113000415,2173,1313,860
113000416,2093,2059,34
113000417,952,1332,-380
113000418,6815,4003,2812
113000419,1870,1944,-74
113000420,3004,5230,-2226
113000421,6058,6621,-563
113000422,9446,10108,-662
113000423,1148,5831,-4683
113000424,2178,12427,-10249
113000425,67,136,-69
113000428,6,29,-23
113000430,3,158,-155
113000432,3584,216,3368
113000433,119,1227,-1108
113000434,18,111,-93
113000435,21,121,-100
113000436,38,1241,-1203
113000437,2119,65,2054
113000438,711,33,678
113000439,58,63,-5
113000440,261,81,180
113000441,255,261,-6
113000442,449,48,401
113000443,529,138,391
113000444,822,17,805
113000445,200,90,110
113000446,99,190,-91
113000448,1388,559,829
113000449,310,1388,-1078
113000450,2783,4818,-2035
113000451,6125,876,5249
113000452,124,872,-748
113000453,42,1350,-1308
113000454,553,426,127
113000455,37,3279,-3242
113000456,2071,2138,-67
113000468,967,76,891
113000469,34,112,-78
113000470,1024,14,1010
113000471,36,510,-474
113000472,94,327,-233
113000474,2402,1025,1377
113000475,1807,929,878
113000476,4775,2631,2144
113000477,6482,2393,4089
113000478,3083,3032,51
113000479,397,193,204
113000485,0,0,0
113000486,0,0,0
113000487,0,0,0
113000488,0,0,0
113000489,0,0,0
113000490,0,0,0
113000491,0,0,0
113000492,0,0,0
113000495,646,122,524
113000496,314,148,166
113000497,0,0,0
113000499,0,0,0
113900001,61,5048,-4987
113900002,27,201,-174
113900003,8,533,-525
113900004,11,855,-844
113900005,15,1234,-1219
113900006,7,221,-214
113900007,0,0,0
113900008,0,0,0
113900009,0,0,0
113900010,0,0,0
113900011,0,0,0
113900012,302,11,291
113900013,122,13,109
113900014,1194,4,1190
113900015,0,12,-12
113900016,20,0,20
113900017,1,49,-48
113900018,104,219,-115
113900019,260,23,237
113900020,213,15,198
113900022,137,1,136
113900023,80,0,80
113900024,106,41,65
113900025,390,17,373
113900026,79,0,79
113900027,24,89,-65
113900028,21,144,-123
113900029,236,101,135
113900030,700,9,691
113900031,73,3,70
113900032,54,0,54
113900033,96,42,54
113900035,53,1,52
113900036,101,63,38
113900037,218,314,-96
113900038,35,270,-235
113900039,298,18,280
113900040,16,28,-12
113900041,23,1,22
113900042,185,39,146
113900043,287,47,240
113900044,82,270,-188
113900045,97,2,95
113900046,169,1224,-1055
113900047,257,65,192
113900048,200,138,62
113900049,109,591,-482
113900050,319,576,-257
113900051,269,129,140
113900052,82,64,18
113900053,425,1115,-690
113900054,40,7,33
113900055,103,649,-546
113900056,138,19,119
113900057,14,45,-31
113900058,162,44,118
113900059,389,242,147
113900060,69,238,-169
113900061,720,104,616
113900062,127,15,112
113900063,248,24,224
113900064,30,28,2
113900065,819,38,781
113900066,1100,153,947
113900067,459,222,237
113900068,463,1259,-796
113900069,65,54,11
113900070,157,173,-16
113900071,202,32,170
113900072,50,41,9
113900073,850,442,408
113900074,435,436,-1
113900075,1199,3538,-2339
113900076,116,22,94
113900077,54,66,-12
113900078,73,7,66
113900079,0,11,-11
113900080,680,184,496
113900081,161,58,103
113900082,367,249,118
113900083,687,173,514
113900084,264,96,168
113900085,35,175,-140
113900086,134,31,103
113900087,98,70,28
113900088,211,134,77
113900089,626,48,578
113900090,476,322,154
113900091,10,12,-2
113900092,26,109,-83
113900093,81,2163,-2082
113900094,959,315,644
113900095,153,282,-129
113900096,307,99,208
113900097,41,198,-157
113900098,1255,261,994
113900099,1,20,-19
113900100,0,0,0
113900101,15,81,-66
113900102,75,176,-101
113900103,182,569,-387
113900104,251,410,-159
113900105,630,37,593
113900106,0,20,-20
113900107,0,0,0
113900108,58,348,-290
113900109,225,320,-95
113900110,35,11,24
113900111,429,70,359
113900112,287,23,264
113900113,1375,361,1014
113900114,1,11,-10
113900115,0,6,-6
113900116,19,226,-207
113900117,27,60,-33
113900118,85,1186,-1101
113900119,115,314,-199
113900120,143,53,90
113900121,212,73,139
113900122,533,5375,-4842
113900123,665,133,532
113900124,0,128,-128
113900125,1434,188,1246
113900126,64,59,5
113900127,389,857,-468
113900128,416,92,324
113900129,10,226,-216
113900130,0,123,-123
113900131,351,32,319
113900132,70,100,-30
113900133,9,29,-20
113900135,547,653,-106
113900136,59,32,27
113900137,341,303,38
113900138,17,91,-74
113900139,517,424,93
113900140,20,215,-195
113900141,1013,187,826
113900142,150,47,103
113900143,10,72,-62
113900144,82,463,-381
113900145,440,239,201
113900146,366,74,292
113900148,52,351,-299
113900149,208,372,-164
113900150,310,170,140
113900151,516,197,319
113900152,58,99,-41
113900153,72,353,-281
113900154,4,114,-110
113900155,48,220,-172
113900156,363,210,153
113900157,71,585,-514
113900158,77,277,-200
113900159,9,172,-163
113900160,448,307,141
113900161,131,345,-214
113900162,118,489,-371
113900163,296,144,152
113900164,493,40,453
113900165,499,464,35
113900166,20,64,-44
113900167,529,30,499
113900168,59,58,1
113900169,270,243,27
113900171,379,39,340
113900172,6,119,-113
113900173,17,211,-194
113900174,658,437,221
113900175,308,137,171
113900176,277,211,66
113900177,256,164,92
113900178,292,243,49
113900179,13,190,-177
113900180,191,116,75
113900181,1278,246,1032
113900182,684,329,355
113900183,86,34,52
113900184,16,340,-324
113900185,103,26,77
113900186,16,22,-6
113900187,15,64,-49
113900188,13,77,-64
113900189,421,276,145
113900190,150,80,70
113900191,26,106,-80
113900192,4,708,-704
113900193,6,86,-80
113900194,1388,364,1024
113900195,295,192,103
113900196,1,308,-307
113900197,5,59,-54
113900198,10,999,-989
113900199,29,306,-277
113900200,1,104,-103
113900201,0,75,-75
113900202,37,51,-14
113900203,1,43,-42
113900204,11,312,-301
113900205,9,37,-28
113900206,4,74,-70
113900207,0,38,-38
113900208,0,11,-11
113900209,0,14,-14
113900210,1200,844,356
113900211,185,76,109
113900212,450,300,150
113900214,169,434,-265
113900215,121,134,-13
113900216,274,278,-4
113900217,244,66,178
113900218,98,92,6
113900219,205,783,-578
113900220,103,255,-152
113900221,178,622,-444
113900222,211,1117,-906
113900223,422,240,182
113900224,65,58,7
113900225,655,75,580
113900226,429,118,311
113900227,263,307,-44
113900228,150,602,-452
113900229,45,1464,-1419
113900230,1577,3727,-2150
113900231,107,76,31
113900232,218,30,188
113900233,149,59,90
113900234,534,538,-4
113900235,155,47,108
113900236,355,87,268
113900237,243,27,216
113900238,128,808,-680
113900239,69,159,-90
113900240,2,182,-180
113900241,19,122,-103
113900242,47,351,-304
113900243,16,139,-123
113900244,102,147,-45
113900245,512,403,109
113900246,15,21,-6
113900247,99,583,-484
113900248,2281,2249,32
113900249,342,678,-336
113900250,35,796,-761
113900251,1445,64,1381
113900252,1412,28,1384
113900253,988,47,941
113900254,717,183,534
113900255,1308,21,1287
113900256,757,39,718
113900257,22,376,-354
113900258,41,209,-168
113900259,1214,50,1164
113900260,465,4,461
113900261,62,65,-3
113900262,234,219,15
113900263,10,253,-243
113900264,4,171,-167
113900265,120,705,-585
113900266,36,154,-118
113900267,46,1010,-964
113900268,306,363,-57
113900269,244,158,86
113900270,282,488,-206
113900271,632,350,282
113900273,6,18,-12
113900274,88,98,-10
113900275,3,286,-283
113900276,17,48,-31
113900277,252,1,251
113900278,114,134,-20
113900279,71,23,48
113900280,1064,636,428
113900281,171,1297,-1126
113900282,226,246,-20
113900283,487,616,-129
113900284,1770,321,1449
113900285,76,11,65
113900286,13,37,-24
113900287,197,23,174
113900288,1,192,-191
113900289,325,203,122
113900290,589,905,-316
113900291,73,60,13
113900292,1,13,-12
113900293,5,293,-288
113900294,1077,14,1063
113900295,407,281,126
113900296,2058,361,1697
113900297,2655,44,2611
113900298,67,2195,-2128
113900299,211,28,183
113900300,5467,5662,-195
113900301,444,1124,-680
113900302,1304,1111,193
113900303,118,1793,-1675
113900304,0,136,-136
113900305,317,1,316
113900306,196,2,194
113900307,14,0,14
113900308,48,50,-2
113900309,0,300,-300
113900310,0,16,-16
113900311,33,0,33
113900312,161,205,-44
113900313,9,1,8
113900314,0,10,-10
113900315,355,4,351
114000001,1112,1535,-423
114000002,570,251,319
114000003,617,478,139
114000004,848,257,591
114000005,759,151,608
114000006,1440,1581,-141
114000007,1045,1023,22
114000008,2063,2021,42
114000009,1840,400,1440
114000011,3707,2024,1683
114000012,5507,1586,3921
114000013,2877,1326,1551
114000014,981,235,746
114000015,2720,166,2554
114000016,579,43,536
114000017,123,1434,-1311
114000018,84,58,26
114000026,3812,1051,2761
114000027,4687,2637,2050
114000028,2437,5325,-2888
114000038,434,127,307
114000039,160,82,78
114000040,181,488,-307
114000042,211,252,-41
114000043,220,229,-9
114000044,533,53,480
114000045,31,29,2
114000046,1888,4533,-2645
114000047,27,175,-148
114000048,143,96,47
114000049,2060,1708,352
114000050,2129,1907,222
114000051,3866,2404,1462
114000052,3747,3157,590
114000053,48,785,-737
114000054,287,767,-480
114000055,578,68,510
114000056,111,1071,-960
114000057,3585,1583,2002
114000058,112,1532,-1420
114000059,26,1245,-1219
114000060,618,1304,-686
114000061,2730,3933,-1203
114000062,341,1272,-931
114000063,1051,1134,-83
114000064,1705,5706,-4001
114000065,1199,1848,-649
114000066,707,1071,-364
114000067,21,1482,-1461
114000068,399,1011,-612
114000069,977,548,429
114000070,3045,1788,1257
114000071,1174,887,287
114000072,867,196,671
114000073,10,23,-13
114000074,117,26,91
114000075,102,56,46
114000076,21,54,-33
114000077,3,25,-22
114000078,556,400,156
114000079,432,24,408
114000080,31,77,-46
114000081,80,170,-90
114000082,50,318,-268
114000083,111,37,74
114000084,276,141,135
114000085,97,236,-139
114000086,235,162,73
114000087,324,35,289
114000088,27,46,-19
114000089,588,230,358
114000090,958,1672,-714
114000091,966,1262,-296
114000092,496,596,-100
114000093,1546,586,960
114000094,731,447,284
114000095,309,266,43
114000096,38,192,-154
114000097,89,138,-49
114000098,743,178,565
114000099,1489,184,1305
114000100,1991,504,1487
114000101,609,302,307
114000102,1044,360,684
114000103,119,141,-22
114000104,24,157,-133
114000105,328,163,165
114000106,779,3130,-2351
114000107,663,193,470
114000108,1481,727,754
114000109,1266,5745,-4479
114000110,529,743,-214
114000111,3194,2233,961
114000112,446,1148,-702
114000113,3029,394,2635
114000114,398,1063,-665
114000115,3823,764,3059
114000116,1250,7077,-5827
114000117,6453,856,5597
114000118,5694,416,5278
114000119,4800,448,4352
114000120,793,751,42
114000121,871,688,183
114000122,557,600,-43
114000123,3429,534,2895
114000124,2373,554,1819
114000125,1602,1525,77
114000126,2968,346,2622
114000127,294,161,133
114000128,1430,252,1178
114000130,820,618,202
114000131,679,139,540
114000132,755,255,500
114000133,542,1169,-627
114000134,116,49,67
114000138,49,133,-84
114000139,531,799,-268
114000144,831,857,-26
114000145,73,36,37
114000146,126,21,105
114000147,1539,2968,-1429
114000148,960,2645,-1685
114000149,407,535,-128
114000150,474,1409,-935
114000151,1454,5325,-3871
114000152,98,54,44
114000153,754,4043,-3289
114000154,769,1287,-518
114000155,1011,5043,-4032
114000156,907,1435,-528
114000157,438,2417,-1979
114000158,1714,701,1013
114000159,154,587,-433
114000160,95,1154,-1059
114000161,995,2390,-1395
114000162,1628,3003,-1375
114000163,16,45,-29
114000165,583,539,44
114000166,390,535,-145
114000167,3007,1332,1675
114000168,402,259,143
114000169,1145,1118,27
114000170,1277,1118,159
114000171,1914,18579,-16665
114000174,109,334,-225
114000176,273,545,-272
114000177,646,293,353
114000178,88,55,33
114000179,1068,1372,-304
114000180,225,227,-2
114000181,1478,10801,-9323
114000182,912,2732,-1820
114000183,732,855,-123
114000184,2883,507,2376
114000185,1607,856,751
114000189,2316,138,2178
114000190,4927,428,4499
114000191,105,555,-450
114000192,214,770,-556
114000193,237,954,-717
114000194,2085,972,1113
114000195,311,351,-40
114000196,1,172,-171
114000197,3354,68,3286
114000198,736,382,354
114000199,1451,1657,-206
114000200,717,1109,-392
114000201,300,867,-567
114000202,1129,787,342
114000203,1169,896,273
114000204,107,700,-593
114000205,380,1239,-859
114000206,980,1492,-512
114000207,559,864,-305
114000208,541,1175,-634
114000209,456,1562,-1106
114000210,251,721,-470
114000211,1524,1589,-65
114000212,725,1435,-710
114000213,1804,409,1395
114000214,87,145,-58
114000215,212,175,37
114000216,2655,368,2287
114000217,579,191,388
114000218,652,135,517
114000219,2477,154,2323
114000220,51,725,-674
114000221,1735,189,1546
114000222,175,618,-443
114000223,1078,160,918
114000224,49,443,-394
114000225,448,300,148
114000226,270,251,19
114000227,1042,631,411
114000228,1284,641,643
114000229,2290,1435,855
114000230,1928,954,974
114000231,1355,1799,-444
114000232,1592,239,1353
114000233,3796,81,3715
114000234,1636,829,807
114000235,2215,1782,433
114000236,0,571,-571
114000237,207,666,-459
114000238,236,556,-320
114000239,210,1038,-828
114000240,1131,1954,-823
114000241,458,1048,-590
114000242,871,880,-9
114000243,3254,1193,2061
114000244,948,480,468
114000245,818,1454,-636
114000246,215,85,130
114000247,621,720,-99
114000248,2607,702,1905
114000249,631,665,-34
114000250,1022,311,711
114000251,442,272,170
114000252,75,25,50
114000253,49,116,-67
114000254,72,33,39
114000255,886,245,641
114000256,387,2006,-1619
114000257,1020,1246,-226
114000258,741,443,298
114000259,235,997,-762
114000260,1,43,-42
114000261,66,37,29
114000262,427,147,280
114000263,17,1,16
114000264,1960,519,1441
114000265,0,1,-1
114000267,5,3450,-3445
114000268,8,770,-762
114000270,476,29,447
114000271,475,128,347
114000283,2424,416,2008
114000285,27,83,-56
114000288,331,404,-73
114000289,2739,187,2552
114000293,362,620,-258
114000294,338,448,-110
114000395,2452,21,2431
114000396,651,687,-36
114000402,1725,283,1442
114000403,431,191,240
114000405,355,237,118
114000423,716,131,585
114000424,622,401,221
114000425,1762,125,1637
114000426,391,1150,-759
114000427,144,79,65
114000428,82,179,-97
114000429,12,156,-144
114000432,287,92,195
114000434,50,27,23
114000435,0,51,-51
114900001,1052,198,854
114900002,324,98,226
114900003,1150,292,858
114900004,303,697,-394
114900005,717,276,441
114900006,118,75,43
114900007,246,17,229
114900008,506,104,402
114900010,1163,2557,-1394
114900011,456,149,307
114900013,411,220,191
114900018,2257,93,2164
114900020,149,61,88
114900022,21,705,-684
114900025,816,119,697
114900026,231,117,114
114900029,293,21,272
114900030,336,164,172
114900031,1085,28,1057
114900032,652,15,637
114900034,38,18,20
114900035,140,496,-356
114900036,392,277,115
114900039,971,128,843
114900040,178,14,164
114900041,1714,133,1581
114900042,2387,172,2215
114900044,190,69,121
114900047,161,5660,-5499
114900048,19,127,-108
114900049,35,85,-50
114900050,151,111,40
114900051,20,134,-114
114900052,10,213,-203
114900053,43,274,-231
114900054,24,41,-17
114900057,244,29,215
114900058,0,39,-39
114900059,199,98,101
114900063,116,46,70
114900064,2987,129,2858
114900065,443,988,-545
114900067,20,241,-221
114900068,27,109,-82
114900069,163,16,147
114900070,755,110,645
114900072,1,150,-149
114900073,0,48,-48
114900074,1567,234,1333
114900075,278,10,268
114900076,2,123,-121
114900080,818,151,667
114900082,1949,3402,-1453
114900083,301,710,-409
114900090,873,175,698
114900091,73,72,1
114900097,170,1,169
114900098,6,402,-396
114900099,337,25,312
115000001,5583,3177,2406
115000002,5668,7650,-1982
115000003,4634,2592,2042
115000004,5810,8651,-2841
115000005,2670,3408,-738
115000006,1918,3003,-1085
115000007,699,413,286
115000008,686,1181,-495
115000009,949,554,395
115000010,399,445,-46
115000013,50,219,-169
115000015,48,457,-409
115000016,33,264,-231
115000019,40,784,-744
115000020,247,1392,-1145
115000021,302,426,-124
115000022,466,160,306
115000023,632,484,148
115000024,695,228,467
115000025,1133,671,462
115000026,191,235,-44
115000027,681,309,372
115000028,180,485,-305
115000029,1264,93,1171
115000030,465,709,-244
115000031,878,198,680
115000032,4,207,-203
115000033,296,29,267
115000034,132,1190,-1058
115000035,1044,175,869
115000036,1,408,-407
115000037,837,68,769
115000038,78,218,-140
115000039,3751,5461,-1710
115000040,4962,3088,1874
115000041,2791,6341,-3550
115000042,607,917,-310
115000043,4810,3685,1125
115000044,3317,3885,-568
115000045,3843,1138,2705
115000046,4531,4145,386
115000047,4370,2085,2285
115000048,4078,2030,2048
115000049,1498,4032,-2534
115000050,4376,1455,2921
115000051,2410,6931,-4521
115000052,1556,986,570
115000053,3740,3553,187
115000054,542,968,-426
115000055,175,1545,-1370
115000056,156,525,-369
115000057,766,2448,-1682
115000058,61,761,-700
115000059,196,475,-279
115000061,196,417,-221
115000062,419,534,-115
115000063,800,467,333
115000064,381,111,270
115000065,126,540,-414
115000067,590,23,567
115000069,135,334,-199
115000070,54,1460,-1406
115000071,108,45,63
115000072,4,81,-77
115000073,2071,99,1972
115000075,141,83,58
115000076,2908,2399,509
115000077,2724,1508,1216
115000078,2538,1018,1520
115000079,2605,1148,1457
115000080,5658,1243,4415
115000081,338,451,-113
115000082,8766,6703,2063
115000083,3044,980,2064
115000084,4403,1064,3339
115000085,1803,878,925
115000086,1898,1178,720
115000087,605,2206,-1601
115000088,1915,1143,772
115000089,1815,1204,611
115000090,480,1041,-561
115000091,524,511,13
115000092,1533,1678,-145
115000093,980,2,978
115000094,5304,10909,-5605
115000095,4470,11619,-7149
115000096,1684,890,794
115000097,3481,2315,1166
115000098,2824,551,2273
115000099,3702,1497,2205
115000100,2838,356,2482
115000101,825,1132,-307
115000102,794,265,529
115000103,504,509,-5
115000105,197,106,91
115000106,1672,774,898
115000107,300,271,29
115000108,2484,1831,653
115000109,3827,6414,-2587
115000110,1604,2543,-939
115000111,545,892,-347
115000112,848,760,88
115000113,538,550,-12
115000114,925,418,507
115000116,2518,1968,550
115000117,2029,2492,-463
115000118,2132,2234,-102
115000119,1660,2291,-631
115000120,827,1459,-632
115000121,600,663,-63
115000122,742,2082,-1340
115000123,1697,2015,-318
115000124,1200,1483,-283
115000125,516,1699,-1183
115000126,245,839,-594
115000127,578,187,391
115000128,582,1529,-947
115000129,256,1077,-821
115000130,675,596,79
115000131,1058,348,710
115000132,763,621,142
115000133,1372,261,1111
115000134,416,716,-300
115000135,243,205,38
115000136,348,517,-169
115000137,84,472,-388
115000138,403,279,124
115000139,398,281,117
115000140,709,269,440
115000141,414,92,322
115000142,530,121,409
115000143,1262,1320,-58
115000144,666,106,560
115000145,408,203,205
115000146,752,1315,-563
115000147,464,827,-363
115000148,489,850,-361
115000149,1062,259,803
115000150,894,632,262
115000151,1648,374,1274
115000152,1169,1953,-784
115000153,2030,528,1502
115000154,1320,276,1044
115000155,889,1768,-879
115000156,864,1229,-365
115000157,445,2551,-2106
115000158,251,800,-549
115000159,759,1187,-428
115000160,544,542,2
115000161,173,484,-311
115000162,481,1273,-792
115000163,670,792,-122
115000164,640,1229,-589
115000165,259,963,-704
115000167,143,352,-209
115000168,557,1161,-604
115000169,253,1744,-1491
115000170,92,323,-231
115000171,284,828,-544
115000172,996,1123,-127
115000173,506,1504,-998
115000174,62,969,-907
115000175,271,269,2
115000176,68,189,-121
115000177,41,243,-202
115000178,17,243,-226
115000179,24,120,-96
115000180,155,370,-215
115000181,1310,228,1082
115000182,2179,380,1799
115000183,526,608,-82
115000186,959,143,816
115000187,201,514,-313
115000188,772,559,213
115000189,452,332,120
115000190,1264,730,534
115000191,421,676,-255
115000194,136,147,-11
115000195,240,546,-306
115000196,439,134,305
115000197,496,178,318
115000198,887,185,702
115000199,981,107,874
115000200,686,276,410
115000201,376,220,156
115000206,601,19,582
115000207,596,430,166
115000208,550,894,-344
115000209,1040,739,301
115000210,204,189,15
115000211,557,261,296
115000212,1504,384,1120
115000224,287,119,168
115000225,173,78,95
115000229,311,66,245
115000230,206,480,-274
115000231,405,1344,-939
115000232,4787,495,4292
115000233,162,357,-195
115000234,59,504,-445
115000241,205,166,39
115000242,287,51,236
115000243,310,136,174
115000244,18,582,-564
115000246,96,19,77
115000247,55,38,17
115000248,176,31,145
115000249,56,15,41
115000250,318,43,275
115000251,720,85,635
115000252,259,374,-115
115000253,27,707,-680
115000258,868,69,799
115000259,364,86,278
115000261,93,42,51
115000262,28,97,-69
115000263,10,83,-73
115000264,11,36,-25
115000267,73,111,-38
115000268,45,117,-72
115000269,124,52,72
115000270,14,27,-13
115000272,77,77,0
115000273,768,37,731
115000280,1551,322,1229
115000281,301,926,-625
115000282,590,1285,-695
115000284,138,396,-258
115000296,483,9,474
115000297,118,446,-328
115000298,69,817,-748
115000300,220,145,75
115000302,1152,152,1000
115000303,1876,101,1775
115000304,1594,131,1463
115000305,105,437,-332
115000306,327,234,93
115000307,243,276,-33
115000308,39,40,-1
115000309,7,14,-7
115000310,3196,617,2579
115000311,2043,1320,723
115000313,233,449,-216
115000314,938,375,563
115000315,1795,1631,164
115000316,221,211,10
115000317,321,697,-376
115000318,1085,463,622
115000319,165,233,-68
115000320,37,805,-768
115000321,480,29,451
115000322,150,182,-32
115000449,140,234,-94
115000557,3,3140,-3137
115000558,157,304,-147
115000587,1081,374,707
115000588,2674,3479,-805
115000589,6862,4307,2555
115000590,1309,2402,-1093
115000591,1755,1558,197
115000592,585,2278,-1693
115000593,1930,1785,145
115000594,252,3458,-3206
115000609,404,401,3
115000617,581,2803,-2222
115000624,582,52,530
115000633,400,1374,-974
115000634,4117,812,3305
115000635,1052,200,852
115000638,579,347,232
115000641,58,614,-556
115000642,365,223,142
115000643,114,329,-215
115000644,182,267,-85
115000646,715,1470,-755
115000647,210,586,-376
115000648,4802,923,3879
115000893,3258,1648,1610
115000894,80,964,-884
115000895,353,1702,-1349
115000896,1994,865,1129
115000897,524,199,325
115000898,656,437,219
115000899,253,1973,-1720
115000900,75,1073,-998
115000901,81,233,-152
115000912,701,108,593
115000913,2,23,-21
115000915,15,1,14
115000916,2,1,1
115000917,0,25,-25
115000918,93,1090,-997
115000919,6,105,-99
115000920,7,135,-128
115000921,447,202,245
115000922,581,1856,-1275
115000923,73,3363,-3290
115000925,205,153,52
115000927,88,137,-49
115000933,55,1251,-1196
115000934,121,191,-70
115000935,273,67,206
115000936,148,1715,-1567
115000937,2366,803,1563
115000938,81,412,-331
115000939,51,325,-274
115000940,1,102,-101
115000941,0,64,-64
115000942,21,309,-288
115000943,9,393,-384
115000944,2,26,-24
115900001,425,18,407
115900002,114,124,-10
115900003,304,115,189
115900004,1,28,-27
115900005,300,28,272
115900006,158,209,-51
115900008,246,3,243
115900009,66,799,-733
115900010,822,132,690
115900011,456,262,194
115900012,487,7,480
115900013,399,233,166
115900014,200,102,98
115900015,374,28,346
115900016,112,65,47
115900017,62,20,42
115900018,207,42,165
115900019,71,31,40
115900020,170,1,169
115900021,573,474,99
115900022,1481,6,1475
115900023,6,8,-2
115900025,54,235,-181
115900026,587,172,415
115900027,0,302,-302
115900028,196,48,148
115900029,35,188,-153
115900030,42,49,-7
115900031,97,397,-300
115900032,455,1048,-593
115900033,0,85,-85
115900034,36,140,-104
115900035,76,47,29
115900036,44,4902,-4858
115900037,35,147,-112
115900038,137,21,116
115900039,309,83,226
115900041,133,1494,-1361
115900042,101,8,93
115900043,170,58,112
115900044,169,693,-524
115900046,1300,100,1200
115900047,90,246,-156
115900049,298,159,139
115900051,1,83,-82
115900052,39,106,-67
115900053,511,61,450
115900054,665,13,652
115900055,34,85,-51
115900056,336,90,246
115900057,23,21,2
115900058,7,40,-33
115900060,74,123,-49
115900061,513,0,513
115900062,85,75,10
115900063,47,4,43
115900064,412,329,83
115900065,278,84,194
115900066,45,51,-6
115900067,11,85,-74
115900068,1121,2156,-1035
115900069,83,191,-108
115900070,317,69,248
115900071,1,163,-162
115900072,26,71,-45
115900073,344,209,135
115900074,2,68,-66
115900075,61,153,-92
115900076,21,24,-3
115900077,15,54,-39
115900078,64,356,-292
115900079,641,12,629
115900080,244,172,72
115900081,50,11,39
115900082,190,398,-208
115900084,988,13,975
115900085,70,138,-68
115900086,1396,382,1014
115900088,6,83,-77
115900089,740,272,468
115900090,992,24,968
115900091,9,43,-34
115900092,139,31,108
115900093,4,17,-13
115900094,3,36,-33
115900096,22,5,17
115900097,34,89,-55
115900098,570,193,377
115900099,118,238,-120
115900100,41,253,-212
115900101,575,116,459
115900102,128,69,59
115900103,465,100,365
115900104,124,72,52
115900105,445,243,202
115900106,242,3,239
115900107,88,49,39
115900108,436,19,417
115900109,13,225,-212
115900110,70,1,69
115900111,3,55,-52
115900112,79,458,-379
115900113,101,45,56
115900114,6,47,-41
115900115,122,84,38
115900116,121,575,-454
115900117,217,8,209
115900118,2,37,-35
115900119,175,175,0
115900120,65,215,-150
115900121,381,108,273
115900124,347,1176,-829
115900125,955,88,867
115900126,1379,78,1301
115900127,1401,84,1317
115900128,1,299,-298
115900129,755,29,726
115900130,34,1355,-1321
115900131,604,41,563
115900132,1147,5,1142
115900134,581,17,564
115900135,1294,712,582
115900137,17,4,13
115900139,10,130,-120
115900140,713,45,668
115900141,2,111,-109
115900142,16,86,-70
115900143,370,305,65
115900144,425,170,255
115900146,10,119,-109
115900147,342,413,-71
115900148,45,67,-22
115900149,367,17,350
115900150,167,18,149
115900151,157,109,48
115900152,262,191,71
115900153,320,116,204
115900154,431,550,-119
115900155,1,35,-34
115900156,1213,1007,206
115900157,543,733,-190
115900158,13,10,3
115900159,345,296,49
115900160,2,4,-2
115900161,26,132,-106
115900163,491,92,399
115900164,1422,23,1399
115900166,109,145,-36
115900168,465,126,339
115900171,138,364,-226
115900172,81,270,-189
115900173,343,173,170
115900174,198,418,-220
115900175,338,100,238
115900178,35,94,-59
115900179,659,37,622
115900180,231,71,160
115900181,491,73,418
115900182,1138,36,1102
115900183,9,175,-166
115900184,737,31,706
115900187,17,453,-436
115900189,2,178,-176
115900190,188,1403,-1215
115900191,19,174,-155
115900192,64,239,-175
115900193,144,182,-38
115900194,1574,126,1448
115900195,578,4479,-3901
115900198,347,332,15
115900199,510,45,465
115900200,412,156,256
115900201,189,457,-268
115900202,0,282,-282
115900203,0,14,-14
115900204,1,17,-16
115900205,19,16,3
115900206,522,74,448
115900207,114,10,104
115900208,166,82,84
115900209,14,148,-134
115900210,3,257,-254
115900211,1,168,-167
115900212,359,176,183
115900213,138,224,-86
115900214,1240,175,1065
115900215,12,313,-301
115900216,0,52,-52
115900217,12,19,-7
115900218,2,42,-40
115900219,305,2,303
115900220,560,10,550
115900221,207,10,197
115900222,115,53,62
115900223,1,755,-754
115900224,864,3230,-2366
115900225,133,49,84
115900226,29,110,-81
115900227,19,146,-127
115900228,1,108,-107
115900229,2,63,-61
115900230,80,55,25
115900231,206,1,205
115900232,203,1,202
115900233,192,3,189
115900234,134,64,70
115900235,52,79,-27
115900236,21,261,-240
115900237,25,32,-7
115900238,25,50,-25
115900239,24,59,-35
115900240,37,78,-41
115900241,354,38,316
115900242,708,747,-39
115900243,21,11,10
115900244,27,17,10
115900245,140,29,111
115900246,8,7,1
115900247,16,9,7
115900248,7,5,2
115900249,7,7,0
115900250,30,19,11
115900251,18,5,13
115900252,19,1,18
115900253,68,7,61
115900254,20,29,-9
115900255,1,88,-87
115900256,102,247,-145
115900257,5,86,-81
115900258,0,1,-1
115900259,1,1,0
115900260,16,7,9
115900261,2,2,0
115900262,2,0,2
115900263,18,1,17
115900264,25,0,25
115900265,8,6,2
115900266,7,6,1
115900267,1,8,-7
115900268,0,31,-31
115900269,1162,194,968
115900270,547,117,430
115900271,419,0,419
115900272,79,14,65
115900273,5,63,-58
115900274,1,16,-15
115900275,0,7,-7
115900276,0,6,-6
115900277,0,33,-33
115900278,74,65,9
115900279,47,356,-309
115900280,28,1287,-1259
115900281,258,480,-222
115900282,87,68,19
115900283,69,3,66
115900284,21,8,13
116000001,9082,2203,6879
116000002,8115,19680,-11565
116000003,1440,1828,-388
116000004,6037,7676,-1639
116000005,1160,5399,-4239
116000006,4769,8389,-3620
116000007,2044,3150,-1106
116000008,8160,4354,3806
116000009,933,1058,-125
116000010,4814,2318,2496
116000011,845,1054,-209
116000012,3320,1633,1687
116000013,5646,8033,-2387
116000014,17811,34391,-16580
116000015,372,3165,-2793
116000016,6842,7610,-768
116000017,69,987,-918
116000018,723,628,95
116000019,2507,416,2091
116000020,918,1905,-987
116000021,1661,411,1250
116000022,1054,561,493
116000023,2195,1504,691
116000024,1062,1364,-302
116000025,1044,1019,25
116000026,1702,6984,-5282
116000027,499,1273,-774
116000028,558,1360,-802
116000029,469,449,20
116000030,701,946,-245
116000031,53,213,-160
116000032,526,153,373
116000033,1077,728,349
116000034,909,1104,-195
116000035,1065,379,686
116000036,457,4622,-4165
116000037,161,723,-562
116000038,75,1975,-1900
116000039,314,2112,-1798
116000040,644,2579,-1935
116000041,149,1689,-1540
116000042,1528,1693,-165
116000043,150,477,-327
116000044,9,35,-26
116000045,1598,1789,-191
116000046,1160,2910,-1750
116000047,3311,4121,-810
116000048,4841,1408,3433
116000049,2345,3208,-863
116000050,2268,1594,674
116000051,3877,3865,12
116000052,4209,3504,705
116000053,3395,1061,2334
116000054,1779,3237,-1458
116000055,1647,1460,187
116000056,2194,1569,625
116000057,4007,1514,2493
116000058,8314,4704,3610
116000059,3029,5328,-2299
116000060,4060,2276,1784
116000061,723,1407,-684
116000062,943,706,237
116000063,863,2659,-1796
116000066,688,806,-118
116000067,541,461,80
116000068,223,464,-241
116000069,526,255,271
116000078,794,1019,-225
116000080,2406,531,1875
116000082,8,18,-10
116000083,3042,465,2577
116000084,1490,1826,-336
116000085,2230,2473,-243
116000086,1019,677,342
116000087,4057,1975,2082
116000088,2035,777,1258
116000089,213,166,47
116000090,282,210,72
116000091,206,925,-719
116000093,905,257,648
116000094,1491,492,999
116000095,977,615,362
116000096,2699,4128,-1429
116000097,1305,614,691
116000098,121,17293,-17172
116000099,7058,571,6487
116000100,576,29,547
116000101,2327,759,1568
116000102,305,723,-418
116000103,679,432,247
116000104,202,1157,-955
116000105,2344,174,2170
116000106,432,2160,-1728
116000107,4047,681,3366
116000108,26,1011,-985
116000111,204,57,147
116000113,182,60,122
116000114,22,125,-103
116000115,437,94,343
116000116,363,187,176
116000117,1780,1418,362
116000118,2469,1030,1439
116000119,4067,1534,2533
116000120,2777,1986,791
116000121,1218,684,534
116000122,868,775,93
116000123,1869,542,1327
116000124,658,375,283
116000125,4827,537,4290
116000126,479,490,-11
116000127,1015,482,533
116000128,2802,823,1979
116000129,2070,135,1935
116000130,1611,817,794
116000133,2453,1075,1378
116000134,1980,1161,819
116000135,3831,1502,2329
116000136,1271,1508,-237
116000137,1530,888,642
116000138,2305,963,1342
116000139,2975,7375,-4400
116000140,283,434,-151
116000141,808,533,275
116000142,3883,1966,1917
116000143,3044,1163,1881
116000144,2808,2076,732
116000145,3033,919,2114
116000146,1492,137,1355
116000147,492,545,-53
116000148,1719,2128,-409
116000149,1321,1525,-204
116000151,830,1020,-190
116000153,251,372,-121
116000155,298,747,-449
116000156,1236,525,711
116000157,177,16,161
116000158,902,136,766
116000159,9,4,5
116000160,96,50,46
116000161,4,136,-132
116000162,193,488,-295
116000163,235,81,154
116000164,96,126,-30
116000177,157,1037,-880
116000194,82,408,-326
116000195,1843,748,1095
116000196,73,4,69
116000197,38,46,-8
116000198,2236,1514,722
116000200,1294,1201,93
116000201,890,807,83
116000202,17,226,-209
116000203,2,17,-15
116000204,5,21,-16
116000205,0,117,-117
116000206,2,235,-233
116000207,31,214,-183
116000233,276,621,-345
116000287,591,171,420
116000288,527,210,317
116000292,75,169,-94
116000296,36,76,-40
116000297,196,5,191
116000304,280,36,244
116000305,25,94,-69
116000346,267,197,70
116000352,131,151,-20
116000354,63,48,15
116000357,20,30,-10
116000358,763,226,537
116000361,356,3,353
116000372,5357,11890,-6533
116000381,202,0,202
116000388,5,47,-42
116000389,1226,491,735
116000445,1561,198,1363
116000446,981,245,736
116000447,59,753,-694
116000448,729,104,625
116000563,786,853,-67
116000565,50,251,-201
116000568,87,878,-791
116000579,29,136,-107
116000583,179,84,95
116000584,98,4,94
116000585,152,60,92
116000586,95,227,-132
116000587,490,286,204
116000589,54,74,-20
116000590,206,160,46
116000591,377,262,115
116000592,18,33,-15
116000593,0,33,-33
116000594,2185,154,2031
116000595,1399,61,1338
116000596,307,9,298
116000597,1011,457,554
116000598,26,136,-110
116000605,234,216,18
116000606,52,591,-539
116000607,3,187,-184
116000609,26,1829,-1803
116000611,321,138,183
116000612,2984,2093,891
116000613,882,445,437
116000614,835,281,554
116000615,2,996,-994
116000616,121,77,44
116000617,293,30,263
116000618,10,89,-79
116000619,25,138,-113
116000620,468,127,341
116000621,113,94,19
116000622,193,78,115
116000624,166,253,-87
116000627,168,54,114
116000628,126,195,-69
116000629,48,203,-155
116000630,1073,12,1061
116000631,706,30,676
116000632,2191,57,2134
116000633,561,203,358
116000634,654,90,564
116000635,3110,5652,-2542
116000636,797,3266,-2469
116000637,1205,20,1185
116000638,231,213,18
116000639,132,3,129
116000640,82,111,-29
116000641,36,64,-28
116000643,0,88,-88
116000644,73,193,-120
116000645,18,19,-1
116900001,741,171,570
116900002,403,1,402
116900003,89,14,75
116900004,69,127,-58
116900005,326,60,266
116900006,126,350,-224
116900007,345,447,-102
116900008,1412,95,1317
116900009,32,24,8
116900010,0,516,-516
116900011,16,60,-44
116900012,400,491,-91
116900013,7,34,-27
116900014,350,27,323
116900016,338,4,334
116900017,1,346,-345
116900018,181,171,10
116900019,2,131,-129
116900020,530,2933,-2403
116900023,49,21,28
116900025,2038,618,1420
116900026,50,634,-584
116900027,116,43,73
116900028,8,33,-25
116900029,0,225,-225
116900031,0,11,-11
116900032,2,80,-78
116900033,52,4,48
116900034,7,26,-19
116900035,257,319,-62
116900036,18,123,-105
116900038,36,3,33
116900041,189,5,184
116900042,245,201,44
116900043,46,84,-38
116900047,38,418,-380
116900049,24,372,-348
116900050,56,294,-238
116900051,615,15,600
116900052,333,73,260
116900055,0,22,-22
116900057,13,127,-114
116900058,14,337,-323
116900059,0,42,-42
116900060,184,678,-494
116900062,2,68,-66
116900064,142,242,-100
116900065,14,173,-159
116900067,154,47,107
116900068,227,165,62
116900070,5,11,-6
116900072,52,101,-49
116900073,7,79,-72
116900074,1,29,-28
116900076,17,167,-150
116900077,4,30,-26
116900078,119,29,90
116900079,52,175,-123
116900080,7,35,-28
116900081,230,730,-500
116900082,140,1298,-1158
116900083,3,4,-1
116900084,94,102,-8
116900085,6,87,-81
116900086,63,249,-186
116900088,361,19,342
116900090,25,15,10
116900091,1015,42,973
116900092,165,339,-174
116900093,5196,1511,3685
116900094,5730,8812,-3082
116900095,504,791,-287
116900096,146,526,-380
116900097,1379,6053,-4674
116900098,1350,580,770
116900099,261,1359,-1098
116900100,1470,142,1328
116900101,278,1060,-782
116900103,77,1,76
116900104,14,447,-433
116900105,408,267,141
116900106,4170,94,4076
116900107,1239,4449,-3210
116900110,20,0,20
116900111,1406,278,1128
116900112,290,323,-33
116900113,1156,3983,-2827
116900116,56,1624,-1568
116900117,375,272,103
116900118,2327,926,1401
116900120,620,59,561
116900121,373,47,326
116900122,1570,369,1201
116900123,1274,315,959
116900124,116,329,-213
116900125,824,86,738
116900126,143,1044,-901
116900128,0,67,-67
116900129,0,208,-208
116900130,1904,6373,-4469
116900131,90,337,-247
116900132,174,103,71
116900133,242,195,47
116900134,297,446,-149
116900136,342,222,120
116900137,353,190,163
116900138,143,145,-2
116900139,114,230,-116
116900140,204,89,115
116900141,448,167,281
116900142,8,69,-61
116900143,455,103,352
116900144,120,23,97
116900145,130,273,-143
116900147,169,3380,-3211
116900148,10,23,-13
116900149,47,338,-291
116900150,5,5,0
116900151,120,98,22
116900153,192,132,60
116900154,265,893,-628
116900155,135,164,-29
116900157,1394,61,1333
116900158,114,535,-421
116900159,105,891,-786
116900160,1145,582,563
116900161,5761,15558,-9797
116900162,43,127,-84
116900163,468,53,415
116900164,128,78,50
116900165,924,379,545
116900166,176,64,112
116900167,748,50,698
116900168,1117,40,1077
116900169,339,3223,-2884
116900170,868,470,398
116900171,123,90,33
116900172,165,901,-736
116900173,620,4,616
116900174,72,199,-127
116900175,412,872,-460
116900178,90,84,6
116900179,18,597,-579
116900180,107,15,92
116900182,1930,476,1454
116900183,406,171,235
116900185,38,47,-9
116900186,145,76,69
116900187,44,92,-48
116900188,180,14,166
116900189,32,2,30
116900191,157,357,-200
116900192,596,163,433
116900194,182,2298,-2116
116900195,94,7,87
116900196,58,33,25
116900197,239,18,221
116900198,44,529,-485
116900200,139,7,132
116900201,433,7,426
116900202,74,45,29
116900203,155,5,150
116900204,58,579,-521
116900206,18,2,16
116900207,9,213,-204
116900208,9,83,-74
116900209,29,45,-16
116900210,927,474,453
116900211,342,7,335
116900212,179,19,160
116900213,433,156,277
116900214,554,359,195
116900215,137,53,84
116900216,556,414,142
116900218,1,179,-178
116900219,408,235,173
116900220,210,453,-243
116900221,271,278,-7
116900222,546,330,216
116900223,54,222,-168
116900226,187,22,165
116900227,471,29,442
116900228,482,233,249
116900230,167,296,-129
116900233,1508,175,1333
116900234,43,13,30
116900235,262,153,109
116900238,729,189,540
116900239,81,785,-704
116900240,4961,5532,-571
116900241,177,31,146
116900242,769,1999,-1230
116900243,0,18,-18
116900245,71,67,4
116900246,128,22,106
116900247,1252,29,1223
116900248,48,42,6
116900249,824,25,799
116900250,934,62,872
116900251,366,1663,-1297
116900252,358,834,-476
116900254,65,170,-105
116900255,212,223,-11
116900256,1195,156,1039
116900257,53,546,-493
116900258,3,38,-35
116900259,455,29,426
116900260,1,28,-27
116900261,158,1,157
116900262,276,121,155
116900263,7,9,-2
116900264,175,140,35
116900265,299,1,298
116900266,43,18,25
116900267,18,0,18
116900268,44,163,-119
116900269,687,2530,-1843
116900271,1051,937,114
116900272,1002,617,385
116900273,65,1230,-1165
116900274,230,84,146
116900275,560,106,454
116900276,394,769,-375
116900277,190,69,121
116900278,0,5,-5
116900279,3,24,-21
116900280,105,16,89
116900281,3012,7303,-4291
116900282,1,30,-29
116900283,2,39,-37
116900284,7,111,-104
116900285,188,775,-587
116900286,91,6,85
116900287,3,23,-20
116900288,183,39,144
116900289,58,2,56
116900290,37,3,34
116900291,43,8,35
116900292,1,60,-59
116900293,77,3,74
116900294,23,153,-130
116900295,282,834,-552
116900296,113,552,-439
116900297,1,192,-191
116900298,106,350,-244
116900299,26,526,-500
116900300,3,125,-122
116900301,62,1122,-1060
116900302,14,355,-341
116900303,284,241,43
116900304,0,211,-211
116900305,80,76,4
116900306,548,69,479
116900307,180,0,180
116900308,1,79,-78
116900309,363,45,318
116900310,58,23,35
117000001,3790,6650,-2860
117000002,2339,6808,-4469
117000003,8103,6231,1872
117000004,2694,9470,-6776
117000005,6111,4353,1758
117000006,1258,3279,-2021
117000007,11016,2014,9002
117000008,1337,3709,-2372
117000009,6759,2432,4327
117000010,1421,2766,-1345
117000011,5051,2117,2934
117000012,2504,1329,1175
117000013,4233,2050,2183
117000014,2225,2917,-692
117000015,5092,2575,2517
117000016,454,857,-403
117000017,131,3223,-3092
117000018,153,1126,-973
117000019,117,160,-43
117000020,1539,2633,-1094
117000021,4692,1457,3235
117000022,328,907,-579
117000023,107,1328,-1221
117000024,111,1977,-1866
117000025,178,7835,-7657
117000026,2060,7167,-5107
117000027,2418,5359,-2941
117000028,1477,5203,-3726
117000030,590,762,-172
117000031,871,758,113
117000032,2094,3240,-1146
117000033,2619,1780,839
117000034,351,395,-44
117000035,593,1013,-420
117000036,803,672,131
117000037,595,523,72
117000038,492,1143,-651
117000039,511,662,-151
117000040,168,652,-484
117000041,1586,208,1378
117000044,24,954,-930
117000045,2142,466,1676
117000046,808,1793,-985
117000047,1710,1446,264
117000048,1668,1542,126
117000049,22,446,-424
117000050,667,1759,-1092
117000051,4041,50,3991
117000052,58,187,-129
117000053,1367,40,1327
117000054,2379,2,2377
117000055,17,1329,-1312
117000056,1005,20,985
117000057,1059,2222,-1163
117000060,776,1932,-1156
117000061,4052,3254,798
117000062,272,1903,-1631
117000063,2954,1366,1588
117000064,986,1081,-95
117000066,577,1125,-548
117000067,146,704,-558
117000074,16,289,-273
117000076,64,47,17
117000077,372,159,213
117000078,295,947,-652
117000079,568,367,201
117000080,3,803,-800
117000081,1337,254,1083
117000082,32,106,-74
117000083,209,14,195
117000084,365,1,364
117000085,918,1386,-468
117000086,1039,374,665
117000087,330,808,-478
117000088,467,189,278
117000089,4151,252,3899
117000090,454,835,-381
117000091,2063,339,1724
117000092,737,884,-147
117000093,3207,687,2520
117000094,1326,1603,-277
117000095,4344,837,3507
117000096,1278,1271,7
117000097,3668,1206,2462
117000098,1967,2300,-333
117000099,7168,1615,5553
117000100,379,365,14
117000101,205,685,-480
117000102,3898,824,3074
117000103,946,1191,-245
117000104,2781,837,1944
117000105,453,1201,-748
117000106,3241,861,2380
117000107,802,1534,-732
117000108,3532,1409,2123
117000109,1150,2327,-1177
117000110,2816,2967,-151
117000111,5893,6516,-623
117000112,5792,1666,4126
117000113,264,139,125
117000114,502,407,95
117000115,104,80,24
117000116,331,519,-188
117000117,2764,1816,948
117000118,748,924,-176
117000119,162,1432,-1270
117000120,61,3333,-3272
117000121,148,1824,-1676
117000122,3029,2627,402
117000123,6315,114,6201
117000124,86,632,-546
117000125,80,1808,-1728
117000126,64,209,-145
117000127,144,1668,-1524
117000128,194,3126,-2932
117000129,628,2614,-1986
117000130,639,1,638
117000131,0,245,-245
117000132,7271,35,7236
117000133,5186,17,5169
117000134,1,645,-644
117000135,12,334,-322
117000136,0,94,-94
117000137,431,214,217
117000138,1,1624,-1623
117000140,640,1129,-489
117000141,3413,841,2572
117000181,678,215,463
117000182,4537,1767,2770
117000195,215,562,-347
117000196,575,233,342
117000225,14,460,-446
117000226,5,499,-494
117000276,632,44,588
117000277,0,108,-108
117000310,1365,3629,-2264
117000315,747,1126,-379
117000320,116,0,116
117000906,907,17,890
117000907,3,223,-220
117000909,257,165,92
117000910,287,115,172
117000911,29,125,-96
117000915,4,144,-140
117000916,127,5,122
117000917,2496,82,2414
117000918,339,101,238
117000919,9,35,-26
117000920,4,1265,-1261
117000921,0,272,-272
117000922,62,124,-62
117000924,1525,1389,136
117000926,1658,1342,316
117000927,353,754,-401
117000928,0,228,-228
117000929,1520,204,1316
117000930,1138,22,1116
117000931,186,273,-87
117900002,90,1486,-1396
117900003,83,268,-185
117900005,16,399,-383
117900006,0,121,-121
117900007,274,120,154
117900008,0,14,-14
117900010,739,141,598
117900011,33,2196,-2163
117900012,145,57,88
117900013,0,333,-333
117900014,1442,372,1070
117900015,33,192,-159
117900016,1729,1543,186
117900017,1939,1673,266
117900018,692,1542,-850
117900019,1647,602,1045
117900020,45,380,-335
117900021,24,356,-332
117900023,5843,177,5666
117900024,162,271,-109
117900025,29,3,26
117900026,1027,360,667
117900028,131,7,124
117900029,720,1194,-474
117900030,786,665,121
117900031,688,1673,-985
117900032,1118,699,419
117900033,1274,854,420
117900034,156,70,86
117900035,253,1011,-758
117900036,851,453,398
117900037,324,76,248
117900038,87,101,-14
117900039,0,30,-30
117900040,250,129,121
117900041,1,21,-20
117900042,3699,1025,2674
117900043,4,36,-32
117900044,38,7858,-7820
117900045,668,147,521
117900048,456,365,91
117900049,885,873,12
117900050,27,1168,-1141
117900051,40,35,5
117900052,246,1080,-834
117900053,2532,291,2241
117900054,10,27,-17
117900055,4824,545,4279
117900056,71,429,-358
117900057,1708,980,728
117900058,44,322,-278
117900059,172,391,-219
117900060,4139,2729,1410
117900061,43,600,-557
117900063,1116,295,821
117900065,592,1404,-812
117900066,10,272,-262
117900067,1803,356,1447
117900069,2007,177,1830
117900070,56,794,-738
117900071,512,190,322
117900073,1523,266,1257
117900074,50,1335,-1285
117900075,212,111,101
117900076,179,327,-148
117900077,1008,194,814
117900078,790,758,32
117900080,397,67,330
117900081,226,316,-90
117900082,1012,414,598
117900083,1092,978,114
117900086,497,183,314
117900087,200,44,156
117900088,735,1262,-527
117900089,3881,602,3279
117900090,1434,896,538
117900091,162,114,48
117900092,275,187,88
117900093,187,69,118
117900094,130,57,73
117900095,1167,4595,-3428
117900096,450,1097,-647
117900097,197,59,138
117900098,95,20,75
117900099,587,2121,-1534
117900100,1089,3,1086
117900101,1862,3763,-1901
117900102,159,43,116
117900103,170,0,170
117900104,2,500,-498
117900105,130,319,-189
117900106,212,47,165
117900107,70,0,70
117900109,1435,417,1018
117900110,408,2,406
117900111,2078,196,1882
117900112,114,12,102
117900113,1505,3931,-2426
117900114,61,1,60
117900115,109,654,-545
117900116,870,830,40
117900117,1025,189,836
117900118,388,0,388
117900119,387,40,347
117900120,1653,125,1528
117900121,199,84,115
117900122,840,9115,-8275
117900123,2051,773,1278
117900124,260,834,-574
117900125,2114,1374,740
117900126,243,325,-82
117900127,1176,324,852
117900128,789,207,582
117900129,200,7,193
117900130,1133,689,444
117900131,3,166,-163
117900132,22,67,-45
117900133,46,41,5
117900134,80,203,-123
117900135,73,49,24
117900136,0,8,-8
117900137,105,227,-122
117900138,0,4,-4
117900139,115,146,-31
117900140,13229,1601,11628
117900141,76,555,-479
117900142,47,1185,-1138
117900144,50,3026,-2976
117900145,52,444,-392
117900146,561,530,31
117900147,297,241,56
117900148,5555,5624,-69
117900149,120,205,-85
117900150,140,99,41
117900151,87,435,-348
117900152,139,201,-62
117900153,15,315,-300
117900154,1105,1065,40
117900156,483,503,-20
117900157,73,809,-736
117900158,440,111,329
117900160,1148,890,258
117900161,1066,1016,50
117900162,1321,557,764
117900163,44,1822,-1778
117900165,0,37,-37
117900166,20,481,-461
117900168,23,270,-247
117900169,4,110,-106
117900170,0,71,-71
117900171,7,21,-14
117900172,18,40,-22
117900173,123,86,37
117900174,47,43,4
117900175,22,26,-4
117900176,55,11,44
117900177,75,30,45
117900178,112,34,78
117900180,304,61,243
117900181,98,639,-541
117900182,0,97,-97
117900183,172,247,-75
117900184,74,172,-98
117900185,54,18,36
117900186,105,61,44
117900187,38,17,21
117900188,335,120,215
117900189,144,59,85
117900190,55,0,55
117900191,184,0,184
117900192,405,1,404
117900193,66,141,-75
117900194,24,6,18
117900195,14,130,-116
117900196,47,31,16
117900207,101,174,-73
117900208,21,60,-39
117900209,338,97,241
117900210,178,114,64
117900211,2,82,-80
117900212,286,259,27
117900213,60,22,38
117900214,7,15,-8
117900215,197,19,178
117900216,40,113,-73
117900217,87,295,-208
117900218,147,230,-83
117900219,14,415,-401
117900220,14,782,-768
117900222,290,130,160
117900223,135,641,-506
118000001,821,5110,-4289
118000002,541,1328,-787
118000003,3279,9236,-5957
118000004,1393,13335,-11942
118000005,6311,3299,3012
118000006,10399,6427,3972
118000007,6503,17259,-10756
118000008,1260,10403,-9143
118000009,2156,4988,-2832
118000010,4703,5314,-611
118000011,3451,1371,2080
118000012,1669,2575,-906
118000013,4436,4691,-255
118000014,2750,2614,136
118000016,592,173,419
118000017,1195,422,773
118000018,603,205,398
118000019,1365,3026,-1661
118000020,643,2583,-1940
118000021,1007,4399,-3392
118000022,1304,760,544
118000023,578,436,142
118000024,567,1042,-475
118000027,18402,9138,9264
118000029,1073,720,353
118000032,290,2540,-2250
118000033,1877,5964,-4087
118000034,3715,5585,-1870
118000035,2744,3031,-287
118000036,1265,1722,-457
118000037,1238,3788,-2550
118000038,1197,139,1058
118000039,207,86,121
118000040,3029,2915,114
118000041,6167,2494,3673
118000045,236,339,-103
118000046,1754,2620,-866
118000047,786,4495,-3709
118000048,1887,7883,-5996
118000051,1432,7446,-6014
118000052,852,3002,-2150
118000053,642,1570,-928
118000054,5612,989,4623
118000055,5554,2394,3160
118000056,111,1039,-928
118000057,123,461,-338
118000058,2413,9406,-6993
118000059,1734,4847,-3113
118000060,1940,1100,840
118000061,1448,2170,-722
118000062,518,278,240
118000063,533,1409,-876
118000064,839,1998,-1159
118000065,2060,2847,-787
118000066,2682,6026,-3344
118000067,480,899,-419
118000068,1203,15513,-14310
118000069,1309,2172,-863
118000070,11318,3003,8315
118000071,6264,14364,-8100
118000072,821,6154,-5333
118000073,516,3043,-2527
118000074,758,1654,-896
118000075,727,508,219
118000076,2976,14792,-11816
118000077,1671,3921,-2250
118000078,2571,4776,-2205
118000079,353,676,-323
118000080,556,2599,-2043
118000081,2063,2895,-832
118000082,575,1865,-1290
118000083,1738,2715,-977
118000084,2478,3243,-765
118000086,243,1009,-766
118000087,7592,3818,3774
118000088,1453,2712,-1259
118000089,6310,4915,1395
118000090,1172,5821,-4649
118000091,1812,6176,-4364
118000092,1394,1072,322
118000093,183,993,-810
118000096,1282,1192,90
118000097,989,1265,-276
118000098,284,605,-321
118000099,1385,497,888
118000101,3005,455,2550
118000102,560,719,-159
118000107,5174,819,4355
118000108,1606,7279,-5673
118000110,2,74,-72
118000111,1,213,-212
118000112,2308,15,2293
118000113,12,474,-462
118000114,1541,36,1505
118000115,2,28,-26
118000116,108,1,107
118000117,848,2337,-1489
118000118,1773,3321,-1548
118000119,1758,3454,-1696
118000120,1622,1677,-55
118000121,14,1003,-989
118000122,941,469,472
118000123,160,432,-272
118000125,1375,3799,-2424
118000126,752,4511,-3759
118000127,1373,1903,-530
118000128,438,3880,-3442
118000129,2531,1578,953
118000130,3299,5107,-1808
118000131,607,1771,-1164
118000132,3870,3666,204
118000133,2522,1527,995
118000135,812,1736,-924
118000136,223,2291,-2068
118000137,643,426,217
118000138,761,653,108
118000139,840,292,548
118000140,7041,13410,-6369
118000141,4628,2186,2442
118000142,5230,2260,2970
118000143,4820,2121,2699
118000144,1188,651,537
118000145,1983,1262,721
118000146,2122,516,1606
118000147,1916,1048,868
118000148,1645,2028,-383
118000149,1454,412,1042
118000150,1161,774,387
118000151,1238,444,794
118000153,2710,1138,1572
118000154,2511,1606,905
118000155,3601,1134,2467
118000156,3347,5753,-2406
118000157,1217,477,740
118000158,658,802,-144
118000159,93,180,-87
118000160,1035,422,613
118000161,1011,441,570
118000162,2099,1440,659
118000163,1679,1493,186
118000164,3358,2143,1215
118000168,494,1553,-1059
118000169,1555,991,564
118000170,4132,3449,683
118000171,492,776,-284
118000172,123,313,-190
118000173,1465,2032,-567
118000175,328,453,-125
118000176,771,539,232
118000177,426,977,-551
118000178,67,32,35
118000179,1116,1121,-5
118000180,734,794,-60
118000181,769,190,579
118000182,526,274,252
118000183,351,378,-27
118000184,2308,601,1707
118000185,627,2581,-1954
118000186,474,1923,-1449
118000187,3813,538,3275
118000188,1330,36,1294
118000189,1773,565,1208
118000190,19,36,-17
118000191,9,43,-34
118000192,33,357,-324
118000193,6,197,-191
118000194,3234,1035,2199
118000195,263,10111,-9848
118000196,76,1691,-1615
118000197,90,408,-318
118000198,451,2856,-2405
118000199,370,2492,-2122
118000200,131,1442,-1311
118000201,99,1579,-1480
118000202,38,1016,-978
118000203,381,1904,-1523
118000204,56,979,-923
118000205,193,508,-315
118000206,360,788,-428
118000207,0,67,-67
118000208,2236,1894,342
118000209,3803,1113,2690
118000210,195,39,156
118000211,168,46,122
118000213,759,10476,-9717
118000214,479,1572,-1093
118000215,583,164,419
118000216,14444,3375,11069
118000217,18,54,-36
118000218,146,34,112
118000219,266,401,-135
118000220,71,74,-3
118000221,1188,1280,-92
118000222,112,12,100
118000223,101,41,60
118000224,299,77,222
118000225,360,3043,-2683
118000226,2056,254,1802
118000227,1995,1380,615
118000228,87,595,-508
118000229,63,1761,-1698
118000230,173,480,-307
118000231,63,886,-823
118000232,1817,303,1514
118000233,1891,727,1164
118000234,828,109,719
118000236,347,893,-546
118000237,202,204,-2
118000238,437,463,-26
118000239,488,907,-419
118000240,135,135,0
118000241,453,189,264
118000242,729,280,449
118000243,486,194,292
118000244,180,60,120
118000246,0,35,-35
118000255,70,447,-377
118000256,148,304,-156
118000259,27,160,-133
118000260,380,76,304
118000261,129,38,91
118000263,232,251,-19
118000266,313,309,4
118000267,0,764,-764
118000268,497,23,474
118000270,601,7,594
118000271,427,365,62
118000272,65,16,49
118000273,662,50,612
118000274,149,678,-529
118000276,481,214,267
118000295,85,233,-148
118000298,193,123,70
118000299,111,96,15
118000301,1,397,-396
118000302,221,55,166
118000311,2036,68,1968
118000312,785,138,647
118000313,107,50,57
118000314,320,23,297
118000315,58,18,40
118000316,1593,535,1058
118000325,130,56,74
118000326,63,47,16
118000331,61,14,47
118000332,31,46,-15
118000333,37,53,-16
118000335,1111,1,1110
118000336,3,230,-227
118000407,481,37,444
118000457,17,196,-179
118000465,700,3400,-2700
118000480,134,54,80
118000489,5,909,-904
118000490,18,509,-491
118000492,828,198,630
118000510,91,24,67
118000514,143,1025,-882
118000515,593,1940,-1347
118000517,635,296,339
118000524,114,628,-514
118000525,597,798,-201
118000530,18,298,-280
118000531,678,337,341
118000532,475,271,204
118000533,388,175,213
118000534,1143,597,546
118000535,527,162,365
118000536,87,758,-671
118000537,22,193,-171
118000538,58,195,-137
118000539,39,203,-164
118000540,211,510,-299
118000541,88,272,-184
118000542,193,756,-563
118000543,353,688,-335
118000546,62,39,23
118000553,0,0,0
118000560,1807,3920,-2113
118000562,96,169,-73
118000563,1801,1157,644
118000576,337,48,289
118000577,538,294,244
118000578,136,46,90
118000579,1157,3394,-2237
118000583,0,0,0
118000595,263,76,187
118000596,3,1070,-1067
118000597,471,145,326
118000598,9,1,8
118000599,372,92,280
118000600,7,13,-6
118000601,23,0,23
118000602,5,7,-2
118000603,0,32,-32
118000605,202,270,-68
118000606,41,22,19
118900001,891,1807,-916
118900002,1595,1180,415
118900003,848,74,774
118900004,276,112,164
118900005,152,9,143
118900006,314,6,308
118900007,1,2,-1
118900008,2122,81,2041
118900009,226,153,73
118900010,178,27,151
118900011,185,13,172
118900012,440,521,-81
118900013,2516,639,1877
118900015,377,40,337
118900016,6,3,3
118900017,48,482,-434
118900018,1489,35,1454
118900019,6,7,-1
118900020,25,359,-334
118900021,124,1613,-1489
118900022,154,25,129
118900023,78,324,-246
118900024,86,219,-133
118900025,22,61,-39
118900026,61,20,41
118900027,1041,289,752
118900028,340,132,208
118900029,302,784,-482
118900030,1059,128,931
118900031,152,51,101
118900032,384,138,246
118900033,516,1104,-588
118900034,333,180,153
118900035,156,128,28
118900036,1892,486,1406
118900037,477,1221,-744
118900038,857,81,776
118900039,1016,208,808
118900040,276,138,138
118900041,1178,652,526
118900042,145,50,95
118900045,264,228,36
118900046,339,425,-86
118900047,663,708,-45
118900048,288,1035,-747
118900049,299,32,267
118900050,231,28,203
118900051,102,372,-270
118900052,241,845,-604
118900053,23,193,-170
118900054,385,36,349
118900055,339,9,330
118900056,148,797,-649
118900057,1047,590,457
118900058,949,831,118
118900059,26,245,-219
118900060,144,111,33
118900062,516,195,321
118900064,376,876,-500
118900065,124,255,-131
118900066,223,85,138
118900067,5165,5551,-386
118900068,3,913,-910
118900069,834,412,422
118900071,9,6,3
118900072,1768,1328,440
118900073,493,164,329
118900074,504,86,418
118900075,504,21,483
118900076,364,424,-60
118900077,685,178,507
118900078,2,0,2
118900079,69,240,-171
118900080,121,61,60
118900081,71,155,-84
118900082,2992,349,2643
118900083,37,5,32
118900084,46,51,-5
118900085,466,433,33
118900086,62,195,-133
118900087,166,1407,-1241
118900088,0,2,-2
118900089,25,46,-21
118900090,462,206,256
118900091,227,368,-141
118900092,440,55,385
118900093,103,31,72
118900096,229,430,-201
118900097,481,568,-87
118900099,34,135,-101
118900100,68,335,-267
118900101,133,93,40
118900102,30,180,-150
118900103,15,173,-158
118900104,264,55,209
118900105,213,112,101
118900107,71,52,19
118900108,141,230,-89
118900110,2163,1628,535
118900111,1388,528,860
118900112,343,698,-355
118900113,154,432,-278
118900114,15,248,-233
118900115,148,486,-338
118900116,116,240,-124
118900117,106,148,-42
118900118,438,400,38
118900119,306,264,42
118900120,138,301,-163
118900121,35,226,-191
118900122,4,1147,-1143
118900123,194,339,-145
118900124,215,440,-225
118900126,61,384,-323
118900129,380,223,157
118900130,9,400,-391
118900131,721,129,592
118900132,404,276,128
118900133,14,373,-359
118900135,470,302,168
118900136,480,307,173
118900137,6,163,-157
118900139,782,286,496
118900140,969,464,505
118900141,262,146,116
118900144,516,291,225
118900145,50,283,-233
118900146,748,467,281
118900147,212,1381,-1169
118900148,110,86,24
118900150,186,795,-609
118900152,620,476,144
118900157,86,621,-535
118900158,342,34,308
118900159,0,254,-254
118900161,97,43,54
118900163,101,40,61
118900164,0,65,-65
118900165,86,41,45
118900166,8,0,8
118900167,111,20,91
118900168,42,153,-111
118900169,210,111,99
118900170,409,61,348
118900171,102,50,52
118900174,137,47,90
118900175,707,311,396
118900176,294,248,46
118900177,49,8,41
118900178,173,98,75
118900179,5,9,-4
118900181,314,52,262
118900182,42,43,-1
118900183,100,193,-93
118900184,279,100,179
118900185,259,44,215
118900186,66,323,-257
118900187,146,1257,-1111
118900188,377,423,-46
118900189,58,846,-788
118900190,94,222,-128
118900191,827,75,752
118900192,805,36,769
118900193,1554,14,1540
118900195,192,458,-266
118900196,62,211,-149
118900197,544,81,463
118900198,53,9,44
118900199,168,4,164
118900200,31,32,-1
118900201,76,76,0
118900202,4,72,-68
118900203,58,5,53
118900204,54,5,49
118900205,3,2,1
118900206,2,2,0
119000001,2066,2708,-642
119000002,4203,4103,100
119000003,4789,1247,3542
119000004,3514,3346,168
119000005,2854,3956,-1102
119000006,7093,2409,4684
119000007,5898,5509,389
119000008,2791,2625,166
119000009,2790,9825,-7035
119000010,5197,6098,-901
119000011,2406,2912,-506
119000012,1393,3914,-2521
119000013,3751,2181,1570
119000014,2094,2546,-452
119000019,340,176,164
119000020,3573,1908,1665
119000021,7298,4572,2726
119000022,1518,6003,-4485
119000023,261,515,-254
119000024,2345,31733,-29388
119000025,5204,1386,3818
119000026,38,829,-791
119000027,162,539,-377
119000028,2052,748,1304
119000029,57,209,-152
119000030,816,828,-12
119000031,1491,653,838
119000032,1677,1654,23
119000033,2399,1091,1308
119000034,1719,673,1046
119000035,22,217,-195
119000036,4640,440,4200
119000037,2425,739,1686
119000038,481,353,128
119000039,1230,709,521
119000040,1183,1488,-305
119000041,1071,2517,-1446
119000048,2533,1797,736
119000049,5175,2919,2256
119000050,1580,2768,-1188
119000051,3579,2256,1323
119000052,5711,3041,2670
119000053,3043,1500,1543
119000054,4619,1413,3206
119000055,8484,1730,6754
119000056,6483,1646,4837
119000057,2692,949,1743
119000058,2295,1256,1039
119000059,1432,1634,-202
119000060,2854,872,1982
119000061,1165,607,558
119000062,1194,923,271
119000063,997,1153,-156
119000064,1111,881,230
119000065,1445,3553,-2108
119000066,2328,1595,733
119000067,2124,1414,710
119000068,2737,1013,1724
119000069,2731,1406,1325
119000070,4216,648,3568
119000071,706,442,264
119000072,5499,2820,2679
119000073,4644,15394,-10750
119000074,2608,1597,1011
119000075,5697,2693,3004
119000076,184,634,-450
119000077,907,435,472
119000078,638,437,201
119000079,345,427,-82
119000080,1331,287,1044
119000081,340,780,-440
119000082,1451,364,1087
119000083,838,550,288
119000084,374,436,-62
119000085,827,131,696
119000086,264,1035,-771
119000087,907,297,610
119000088,308,124,184
119000089,112,203,-91
119000090,218,79,139
119000091,97,186,-89
119000092,306,273,33
119000093,5937,3340,2597
119000094,6567,7392,-825
119000095,4005,8788,-4783
119000097,2313,1014,1299
119000098,1717,9789,-8072
119000099,2468,1025,1443
119000100,7253,4184,3069
119000101,3424,1720,1704
119000102,467,1709,-1242
119000103,701,542,159
119000104,1879,960,919
119000105,1359,4496,-3137
119000106,518,764,-246
119000107,2007,858,1149
119000108,1084,913,171
119000109,188,596,-408
119000110,494,361,133
119000111,71,873,-802
119000112,189,156,33
119000113,890,350,540
119000114,2028,1830,198
119000115,148,271,-123
119000116,219,223,-4
119000117,242,457,-215
119000118,11,0,11
119000123,1938,5020,-3082
119000124,2109,297,1812
119000125,8763,641,8122
119000126,3368,644,2724
119000127,1524,446,1078
119000128,28,5,23
119000131,1939,236,1703
119000132,1,1,0
119000133,6,27,-21
119000134,1587,945,642
119000135,249,205,44
119000136,839,182,657
119000137,351,146,205
119000138,1426,67,1359
119000139,188,91,97
119000140,297,410,-113
119000284,1397,1849,-452
119000285,1926,1145,781
119000286,3574,3227,347
119000287,1374,1584,-210
119000288,3094,989,2105
119000289,1597,3013,-1416
119000290,264,338,-74
119000291,118,397,-279
119000293,192,183,9
119000294,93,68,25
119000295,3073,304,2769
119000296,372,174,198
119000302,3308,1431,1877
119000303,178,331,-153
119000304,0,0,0
119000314,2000,16789,-14789
119000315,1,97,-96
119000316,529,96,433
119000317,176,89,87
119900001,142,3150,-3008
119900002,406,313,93
119900003,45,363,-318
119900004,158,4222,-4064
119900005,442,119,323
119900006,96,710,-614
119900007,683,369,314
119900008,19,34,-15
119900009,649,312,337
119900010,852,430,422
119900011,33,414,-381
119900012,25,217,-192
119900013,1815,1656,159
119900014,553,116,437
119900015,753,61,692
119900016,54,96,-42
119900017,110,104,6
119900018,1058,2019,-961
119900019,117,6,111
119900020,118,214,-96
119900021,296,79,217
119900022,142,937,-795
119900023,592,5227,-4635
119900025,686,44,642
119900026,1010,142,868
119900027,15,22,-7
119900028,437,359,78
119900029,5,0,5
119900030,700,358,342
119900031,60,1873,-1813
119900033,890,273,617
119900034,1494,27,1467
119900037,463,12,451
119900038,33,681,-648
119900039,96,52,44
119900040,257,46,211
119900041,473,8,465
119900042,86,338,-252
119900043,280,92,188
119900044,233,904,-671
119900046,457,15,442
119900047,446,272,174
119900048,587,33,554
119900049,289,2,287
119900050,67,153,-86
119900051,2077,29,2048
119900052,250,15,235
119900053,489,191,298
119900054,843,14,829
119900055,1629,424,1205
119900057,572,7,565
119900058,548,2,546
119900059,101,34,67
119900060,381,45,336
119900061,601,4,597
119900062,183,5,178
119900063,5,149,-144
119900065,265,6,259
119900067,229,25,204
119900068,1116,6,1110
119900069,157,16,141
119900070,971,3,968
119900071,850,24,826
119900073,1475,306,1169
119900074,16,29,-13
119900075,1739,1702,37
119900076,1711,171,1540
119900077,1443,348,1095
119900078,1076,822,254
119900079,1498,82,1416
119900080,576,358,218
119900081,2004,73,1931
119900082,2720,220,2500
119900083,828,40,788
119900084,449,596,-147
119900085,57,30,27
119900086,607,509,98
119900087,301,1110,-809
119900088,39,33,6
119900089,33,153,-120
119900090,90,16,74
119900091,90,215,-125
119900092,30,436,-406
119900093,2873,181,2692
119900094,28,360,-332
119900095,136,89,47
119900096,34,79,-45
119900097,80,228,-148
119900098,57,22,35
119900099,25,114,-89
119900100,675,2758,-2083
119900101,181,1099,-918
119900102,71,153,-82
119900103,55,128,-73
119900104,17,76,-59
119900105,668,2153,-1485
119900106,7,86,-79
119900107,252,1218,-966
119900108,3250,613,2637
119900109,7,103,-96
119900110,756,474,282
119900111,338,89,249
119900112,932,1565,-633
119900113,58,230,-172
119900114,337,505,-168
119900115,793,261,532
119900116,138,614,-476
119900117,644,266,378
119900118,286,132,154
119900119,645,190,455
119900120,505,364,141
119900121,996,413,583
119900122,37,195,-158
119900123,184,325,-141
119900124,531,258,273
119900125,51,296,-245
119900126,2239,192,2047
119900127,640,374,266
119900128,719,605,114
119900129,458,167,291
119900130,6,158,-152
119900131,68,93,-25
119900132,2,79,-77
119900133,135,57,78
119900134,535,97,438
119900135,0,188,-188
119900136,129,180,-51
119900138,173,371,-198
119900139,15,170,-155
119900140,4,52,-48
119900141,50,1299,-1249
119900142,11,27,-16
119900143,23,182,-159
119900144,1208,236,972
119900145,87,193,-106
119900146,215,154,61
119900147,1,250,-249
119900148,486,29,457
119900149,499,9638,-9139
119900150,107,117,-10
119900151,2301,1258,1043
119900152,329,127,202
119900153,348,52,296
119900154,16,363,-347
119900155,54,6,48
119900156,25,1,24
119900157,379,133,246
119900158,256,88,168
119900159,26,351,-325
119900160,19,190,-171
119900161,196,90,106
119900162,1625,761,864
119900163,60,117,-57
119900164,0,8,-8
119900165,276,66,210
119900166,128,74,54
119900167,17,70,-53
119900168,2467,290,2177
119900169,41,442,-401
119900170,174,294,-120
119900171,932,357,575
119900172,41,25,16
119900173,11,153,-142
119900174,21,131,-110
119900175,3352,425,2927
119900177,29,85,-56
119900178,1,106,-105
119900179,328,1451,-1123
119900180,1950,740,1210
119900181,17,127,-110
119900182,1,116,-115
119900183,98,601,-503
119900184,581,346,235
119900185,101,598,-497
119900186,15,2366,-2351
119900187,3,193,-190
119900188,224,271,-47
119900189,117,424,-307
119900190,146,456,-310
119900191,174,660,-486
119900192,42,148,-106
119900193,852,219,633
119900194,25,56,-31
119900195,6,224,-218
119900196,259,106,153
119900197,492,223,269
119900198,168,254,-86
119900199,222,21,201
119900200,1115,524,591
119900201,237,135,102
119900202,50,380,-330
119900203,206,970,-764
119900204,386,321,65
119900205,1839,266,1573
119900206,448,199,249
119900208,164,152,12
119900209,752,3263,-2511
119900210,118,17,101
119900211,67,4,63
119900212,694,308,386
119900213,9,68,-59
119900214,236,30,206
119900215,85,20,65
119900216,33,17,16
119900217,5,13,-8
119900218,14,155,-141
119900219,20,59,-39
119900220,9,33,-24
119900221,39,50,-11
119900222,35,41,-6
119900223,12,14,-2
119900224,51,17,34
119900225,283,20,263
119900226,188,2858,-2670
119900227,213,163,50
119900228,16,231,-215
119900229,123,264,-141
119900230,802,163,639
119900231,421,101,320
119900232,203,130,73
119900233,92,9,83
119900234,5,201,-196
119900235,6,71,-65
119900236,23,235,-212
119900237,75,255,-180
119900238,3,122,-119
119900240,98,116,-18
119900241,279,161,118
119900242,2047,1489,558
119900244,727,1120,-393
119900245,393,332,61
119900246,160,597,-437
119900247,11,66,-55
119900248,57,771,-714
119900249,527,118,409
119900253,1398,316,1082
119900254,93,2271,-2178
119900255,154,664,-510
119900256,1048,264,784
119900257,144,1,143
119900258,264,18,246
119900259,30,59,-29
119900260,283,15,268
119900261,821,215,606
119900262,1,144,-143
119900263,2195,145,2050
119900264,306,65,241
119900265,704,335,369
119900266,799,174,625
119900267,149,246,-97
119900268,514,80,434
119900269,1815,532,1283
119900271,40,113,-73
119900272,146,265,-119
119900275,275,49,226
119900276,242,8,234
119900277,17,3,14
119900278,826,107,719
119900279,162,466,-304
119900280,693,51,642
119900281,1,506,-505
119900282,15,163,-148
119900283,55,65,-10
119900284,33,150,-117
119900285,10,92,-82
119900286,0,14,-14
119900288,3,7,-4
119900289,0,11,-11
119900290,2,3,-1
119900291,0,37,-37
119900292,47,161,-114
119900293,36,35,1
119900294,42,26,16
119900295,46,15,31
119900296,146,24,122
119900297,8,14,-6
119900298,3,5,-2
119900299,90,302,-212
119900300,334,372,-38
119900301,52,434,-382
119900302,50,454,-404
119900303,470,345,125
119900304,251,38,213
119900305,3,153,-150
119900306,21,7,14
119900307,66,68,-2
119900308,4,52,-48
119900309,42,435,-393
119900310,248,212,36
119900311,233,38,195
119900312,313,53,260
119900313,275,207,68
119900314,323,532,-209
119900315,3044,990,2054
119900318,36,145,-109
119900319,3,83,-80
119900320,571,303,268
119900321,431,25,406
120000001,11116,46733,-35617
120000002,3498,3450,48
120000003,2707,1187,1520
120000004,3898,1354,2544
120000005,2889,1559,1330
120000006,2265,1328,937
120000007,3643,6707,-3064
120000008,1567,1262,305
120000009,1865,1014,851
120000010,3382,3588,-206
120000011,1832,1605,227
120000012,2504,1988,516
120000013,6142,3963,2179
120000014,1689,2397,-708
120000015,4844,2816,2028
120000016,5604,3227,2377
120000017,6236,6560,-324
120000018,4591,26478,-21887
120000019,1779,2161,-382
120000020,2895,4363,-1468
120000021,2555,2519,36
120000022,2950,4165,-1215
120000023,1903,2317,-414
120000024,1377,2758,-1381
120000025,3713,2019,1694
120000026,5180,2674,2506
120000027,3427,2517,910
120000028,1030,2865,-1835
120000029,1643,2104,-461
120000030,188,1582,-1394
120000031,2158,7619,-5461
120000032,4981,3283,1698
120000033,4978,1631,3347
120000034,5040,1289,3751
120000035,5197,1944,3253
120000036,5408,6908,-1500
120000037,891,2706,-1815
120000038,4812,4781,31
120000039,895,2120,-1225
120000040,104,2641,-2537
120000041,677,1536,-859
120000042,2397,1839,558
120000043,5700,911,4789
120000044,8654,1324,7330
120000045,11927,912,11015
120000046,5906,4951,955
120000047,731,14119,-13388
120000048,13319,5765,7554
120000049,6132,6376,-244
120000050,5008,8641,-3633
120000051,2931,5898,-2967
120000052,7504,1408,6096
120000053,2197,1673,524
120000054,1835,2379,-544
120000055,1987,3500,-1513
120000056,5840,3745,2095
120000057,5685,1919,3766
120000058,1523,1886,-363
120000059,5,2304,-2299
120000061,217,1015,-798
120000062,222,422,-200
120000063,521,2131,-1610
120000064,469,788,-319
120000065,389,2256,-1867
120000066,113,379,-266
120000067,35,189,-154
120000068,439,301,138
120000069,1195,314,881
120000070,306,408,-102
120000071,1323,91,1232
120000072,1518,565,953
120000073,1595,56,1539
120000074,92,130,-38
120000075,1786,493,1293
120000076,4249,689,3560
120000077,3719,805,2914
120000078,2809,1434,1375
120000079,893,465,428
120000080,363,370,-7
120000081,442,199,243
120000082,752,409,343
120000083,119,1602,-1483
120000084,322,356,-34
120000085,322,465,-143
120000086,337,270,67
120000087,338,263,75
120000088,1145,1401,-256
120000089,1205,390,815
120000090,1153,536,617
120000091,1853,781,1072
120000092,1263,397,866
120000093,1247,531,716
120000094,638,1060,-422
120000095,1194,261,933
120000096,776,410,366
120000098,932,626,306
120000099,399,580,-181
120000100,935,622,313
120000101,1333,429,904
120000102,1678,1565,113
120000103,2632,1292,1340
120000104,3515,619,2896
120000105,5009,381,4628
120000106,5796,426,5370
120000107,9908,560,9348
120000108,3621,139,3482
120000109,1965,84,1881
120000110,74,834,-760
120000111,107,676,-569
120000112,591,1396,-805
120000113,791,1104,-313
120000114,582,1292,-710
120000115,369,1140,-771
120000116,572,1479,-907
120000117,699,1008,-309
120000118,206,124,82
120000119,46,76,-30
120000120,297,216,81
120000121,22,65,-43
120000122,575,773,-198
120000123,2566,15494,-12928
120000124,778,1812,-1034
120000125,2019,639,1380
120000126,569,3624,-3055
120000127,1170,2258,-1088
120000128,3043,7447,-4404
120000129,443,665,-222
120000130,1545,1153,392
120000131,906,760,146
120000134,488,387,101
120000135,1677,743,934
120000137,446,305,141
120000138,3248,157,3091
120000139,551,287,264
120000140,2458,133,2325
120000141,552,701,-149
120000142,1500,762,738
120000143,1,29,-28
120000144,264,17,247
120000145,1535,2,1533
120000146,1329,2868,-1539
120000149,753,778,-25
120000150,2129,17461,-15332
120000151,977,495,482
120000152,1458,186,1272
120000153,703,612,91
120000154,1160,1083,77
120000155,493,939,-446
120000156,997,4531,-3534
120000157,1753,729,1024
120000158,1580,712,868
120000159,3141,1731,1410
120000160,3057,2123,934
120000161,5389,3169,2220
120000162,268,575,-307
120000163,1430,686,744
120000164,950,151,799
120000165,1311,405,906
120000166,2289,365,1924
120000167,384,263,121
120000168,8,616,-608
120000169,113,2232,-2119
120000170,17,2829,-2812
120000171,3,874,-871
120000172,3,518,-515
120000173,150,1524,-1374
120000174,22,90,-68
120000175,25,163,-138
120000176,21,86,-65
120000177,752,109,643
120000178,6,21,-15
120000179,14,68,-54
120000180,27,40,-13
120000181,38,1473,-1435
120000182,8,1046,-1038
120000183,1,283,-282
120000184,245,1409,-1164
120000186,14,1907,-1893
120000187,21,931,-910
120000188,23,944,-921
120000190,43,92,-49
120000191,74,165,-91
120000192,79,36,43
120000193,54,2,52
120000195,4,0,4
120000196,20,10,10
120000197,13,12,1
120000198,548,41,507
120000199,836,0,836
120000200,602,2,600
120000201,141,219,-78
120000202,0,52,-52
120000203,444,137,307
120000207,0,53,-53
120000208,51,68,-17
120000209,39,16,23
120000210,675,473,202
120000211,430,4,426
120000212,472,1,471
120000213,268,72,196
120000214,0,43,-43
120000215,17,42,-25
120000216,366,37,329
120000217,255,902,-647
120000218,21,493,-472
120000219,0,262,-262
120000220,1,623,-622
120000225,4103,4,4099
120000226,851,28,823
120000227,1713,143,1570
120000228,12248,6757,5491
120000230,879,36,843
120000231,2628,669,1959
120000233,1156,16,1140
120000235,476,440,36
120000236,2433,1,2432
120000237,0,799,-799
120000238,2,708,-706
120000241,1713,6507,-4794
120000412,410,5,405
120000413,1382,278,1104
120000414,617,8,609
120000415,0,41,-41
120000416,264,11,253
120000417,66,413,-347
120000418,706,24,682
120000419,26,94,-68
120000420,338,100,238
120000421,9114,4632,4482
120000422,182,5124,-4942
120000423,1,208,-207
120000424,713,122,591
120000436,211,2054,-1843
120000437,90,131,-41
120000438,1851,286,1565
120000439,493,1089,-596
120000443,318,1,317
120000444,2838,599,2239
120000445,3445,2346,1099
120000446,3645,758,2887
120000447,1011,3,1008
120000449,497,11,486
120000450,42,143,-101
120000451,440,291,149
120000452,162,0,162
120000453,0,32,-32
120000454,142,221,-79
120000455,220,73,147
120000456,2204,8339,-6135
120000457,454,371,83
120000458,519,691,-172
120000459,358,156,202
120000665,83,504,-421
120000668,179,2773,-2594
120000669,543,191,352
120000670,84,913,-829
120000671,5195,1285,3910
120000672,79,485,-406
120900001,136,77,59
120900002,144,917,-773
120900003,284,12,272
120900004,28,401,-373
120900005,89,351,-262
120900006,1433,211,1222
120900007,353,74,279
120900008,840,329,511
120900009,487,35,452
120900010,1236,245,991
120900011,39,420,-381
120900012,29,1770,-1741
120900013,488,181,307
120900014,2,393,-391
120900015,1457,173,1284
120900016,3324,134,3190
120900017,2123,80,2043
120900018,356,189,167
120900019,657,532,125
120900020,490,883,-393
120900021,648,191,457
120900022,5,321,-316
120900023,589,85,504
120900024,1705,472,1233
120900025,1279,1002,277
120900026,153,146,7
120900027,616,45,571
120900028,979,254,725
120900029,37,1619,-1582
120900030,3941,768,3173
120900031,568,125,443
120900032,2390,110,2280
120900033,2320,117,2203
120900034,23,5987,-5964
120900035,73,56,17
120900037,656,22,634
120900038,312,716,-404
120900039,334,53,281
120900040,636,11,625
120900041,36,24,12
120900042,924,40,884
120900043,134,60,74
120900044,8,811,-803
120900045,198,37,161
120900046,1358,12,1346
120900047,294,262,32
120900048,401,42,359
120900049,1072,2,1070
120900050,1243,5150,-3907
120900051,509,105,404
120900052,1988,8,1980
120900053,830,37,793
120900054,869,437,432
120900055,1435,15,1420
120900056,1628,73,1555
120900057,673,33,640
120900058,1249,3,1246
120900059,319,8,311
120900060,177,24,153
120900061,352,244,108
120900062,862,1,861
120900063,2461,29,2432
120900064,1522,5,1517
120900065,1373,4,1369
120900066,1546,166,1380
120900067,451,166,285
120900068,600,0,600
120900069,1142,34,1108
120900071,37,1,36
120900072,2246,32,2214
120900073,2062,74,1988
120900074,2002,87,1915
120900076,1046,1,1045
120900077,1662,466,1196
120900078,1574,332,1242
120900079,2519,115,2404
120900080,2809,348,2461
120900081,3541,375,3166
120900082,295,633,-338
120900083,217,106,111
120900084,996,724,272
120900085,64,115,-51
120900086,67,1271,-1204
120900087,762,354,408
120900088,276,1131,-855
120900089,1975,6513,-4538
120900090,532,23,509
120900091,284,1015,-731
120900092,174,221,-47
120900093,1222,89,1133
120900094,302,224,78
120900095,417,20,397
120900096,141,131,10
120900097,910,499,411
120900098,108,169,-61
120900099,80,85,-5
120900100,90,193,-103
120900101,50,154,-104
120900102,137,56,81
120900103,170,241,-71
120900104,22,50,-28
120900105,54,592,-538
120900106,304,220,84
120900107,97,159,-62
120900108,70,230,-160
120900109,75,366,-291
120900110,10,183,-173
120900111,278,183,95
120900112,32,232,-200
120900113,46,460,-414
120900114,41,163,-122
120900115,181,395,-214
120900116,1460,153,1307
120900117,20,87,-67
120900118,51,149,-98
120900119,10321,2994,7327
120900120,116,795,-679
120900121,17,247,-230
120900122,1708,193,1515
120900123,18,89,-71
120900124,2,160,-158
120900125,7,352,-345
120900126,235,558,-323
120900127,36,150,-114
120900128,390,683,-293
120900129,22,126,-104
120900130,0,189,-189
120900131,256,261,-5
120900132,2336,157,2179
120900133,103,550,-447
120900134,198,204,-6
120900135,5,231,-226
120900136,64,237,-173
120900137,701,101,600
120900138,3,148,-145
120900139,2,169,-167
120900140,3,351,-348
120900141,239,354,-115
120900142,29,129,-100
120900143,1,172,-171
120900144,0,33,-33
120900145,164,857,-693
120900146,0,165,-165
120900147,3,27,-24
120900148,284,113,171
120900149,0,154,-154
120900150,143,213,-70
120900151,0,102,-102
120900152,1,5,-4
120900153,0,0,0
120900154,0,207,-207
120900155,346,285,61
120900156,642,181,461
120900157,0,0,0
120900158,134,247,-113
120900159,0,43,-43
120900160,38,442,-404
120900161,21,324,-303
120900162,44,508,-464
120900163,165,993,-828
120900164,1,56,-55
120900165,2,94,-92
120900166,78,1105,-1027
120900167,153,100,53
120900169,213,232,-19
120900170,274,7556,-7282
120900171,435,91,344
120900172,34,1908,-1874
120900173,4,124,-120
120900174,5,166,-161
120900175,243,155,88
120900176,43,554,-511
120900177,3,2963,-2960
120900178,1,1256,-1255
120900179,134,257,-123
120900180,57,370,-313
120900181,94,45,49
120900182,82,86,-4
120900183,1308,179,1129
120900184,539,125,414
120900185,1005,2782,-1777
120900186,0,131,-131
120900187,1019,722,297
120900188,689,23,666
120900189,79,7178,-7099
120900190,609,16,593
120900191,454,23,431
120900192,6005,24996,-18991
120900194,137,204,-67
120900195,90,260,-170
120900196,567,210,357
120900197,1025,185,840
120900198,126,336,-210
120900199,444,407,37
120900200,15,127,-112
120900201,170,93,77
120900202,0,112,-112
120900203,63,82,-19
120900204,89,166,-77
120900205,211,31,180
120900206,122,99,23
120900207,47,693,-646
121000001,1041,4070,-3029
121000002,2704,3200,-496
121000003,9656,2952,6704
121000004,2878,4287,-1409
121000005,3077,3877,-800
121000006,3343,3772,-429
121000007,3776,8589,-4813
121000008,4078,6968,-2890
121000009,6738,12003,-5265
121000010,7376,8075,-699
121000011,8116,9410,-1294
121000012,12553,5702,6851
121000013,8341,7159,1182
121000014,5955,5077,878
121000015,6600,9402,-2802
121000016,4750,5301,-551
121000017,2724,1836,888
121000018,4450,2466,1984
121000019,8698,8180,518
121000020,10573,15769,-5196
121000021,1975,1948,27
121000022,2630,3742,-1112
121000023,3039,1129,1910
121000024,5393,5449,-56
121000025,703,2224,-1521
121000026,614,326,288
121000027,2191,1868,323
121000028,1149,1234,-85
121000029,1141,930,211
121000030,1035,902,133
121000031,507,1453,-946
121000032,202,225,-23
121000034,523,1930,-1407
121000035,418,839,-421
121000036,1404,1842,-438
121000037,832,2581,-1749
121000038,366,1281,-915
121000039,238,598,-360
121000041,558,574,-16
121000042,180,515,-335
121000043,770,758,12
121000044,1904,1579,325
121000045,609,211,398
121000046,1007,1202,-195
121000047,54,97,-43
121000049,1303,905,398
121000050,395,2852,-2457
121000051,785,637,148
121000052,574,1891,-1317
121000053,756,436,320
121000054,147,899,-752
121000055,1286,4701,-3415
121000056,1384,1734,-350
121000057,232,653,-421
121000058,209,146,63
121000059,3788,1815,1973
121000060,547,1433,-886
121000061,28,533,-505
121000062,169,1883,-1714
121000063,1148,1705,-557
121000064,613,1189,-576
121000065,177,1021,-844
121000066,813,2149,-1336
121000067,565,1221,-656
121000068,530,703,-173
121000069,209,1768,-1559
121000070,1417,2535,-1118
121000071,2218,2959,-741
121000072,905,2711,-1806
121000073,1184,2495,-1311
121000074,77,651,-574
121000075,6,250,-244
121000076,438,660,-222
121000077,182,225,-43
121000078,198,399,-201
121000080,3918,915,3003
121000081,6219,4955,1264
121000082,103,625,-522
121000083,66,351,-285
121000084,295,418,-123
121000085,700,739,-39
121000086,1953,510,1443
121000087,89,260,-171
121000088,857,771,86
121000089,167,704,-537
121000090,276,601,-325
121000091,1626,1203,423
121000092,269,128,141
121000093,341,435,-94
121000094,348,1194,-846
121000095,197,1172,-975
121000096,8475,2450,6025
121000097,620,2994,-2374
121000098,831,588,243
121000099,1198,550,648
121000100,1337,197,1140
121000101,532,173,359
121000102,464,133,331
121000103,313,135,178
121000104,474,69,405
121000105,544,73,471
121000106,396,212,184
121000107,1860,3798,-1938
121000109,1594,1016,578
121000110,187,813,-626
121000114,5217,3147,2070
121000115,4940,934,4006
121000116,511,1294,-783
121000117,297,371,-74
121000118,2026,398,1628
121000119,370,340,30
121000120,630,481,149
121000121,479,3403,-2924
121000123,792,545,247
121000127,139,265,-126
121000128,1408,170,1238
121000129,1376,180,1196
121000130,679,697,-18
121000131,1290,868,422
121000132,697,948,-251
121000135,179,261,-82
121000136,951,2173,-1222
121000137,1772,535,1237
121000138,416,1643,-1227
121000139,198,601,-403
121000141,286,382,-96
121000142,639,882,-243
121000143,126,22,104
121000144,625,749,-124
121000145,1050,1093,-43
121000146,1336,2417,-1081
121000147,1552,761,791
121000148,1205,1250,-45
121000149,3091,3646,-555
121000152,326,552,-226
121000153,1960,620,1340
121000154,2421,862,1559
121000155,5373,1956,3417
121000156,578,1535,-957
121000157,1228,1439,-211
121000158,303,488,-185
121000159,291,605,-314
121000160,354,715,-361
121000161,383,419,-36
121000162,168,73,95
121000165,1374,2052,-678
121000166,65,776,-711
121000168,514,404,110
121000169,171,280,-109
121000170,306,80,226
121000171,145,397,-252
121000172,1782,2333,-551
121000173,2413,2048,365
121000174,1090,892,198
121000175,2619,1355,1264
121000176,813,572,241
121000177,1026,1218,-192
121000178,72,168,-96
121000179,61,91,-30
121000181,491,555,-64
121000182,228,748,-520
121000183,49,336,-287
121000184,24,517,-493
121000185,50,564,-514
121000186,455,1004,-549
121000187,373,115,258
121000188,576,95,481
121000192,966,651,315
121000193,930,514,416
121000194,3208,3147,61
121000195,432,2530,-2098
121000196,853,916,-63
121000197,149,2502,-2353
121000198,286,474,-188
121000199,169,818,-649
121000200,847,377,470
121000201,22,447,-425
121000202,684,272,412
121000203,846,2974,-2128
121000204,4265,744,3521
121000205,135,301,-166
121000206,120,141,-21
121000207,2939,709,2230
121000208,5,373,-368
121000209,1275,133,1142
121000210,929,510,419
121000211,743,193,550
121000212,462,917,-455
121000213,27436,4879,22557
121000214,2282,3139,-857
121000215,874,4058,-3184
121000216,780,1022,-242
121000217,4772,4913,-141
121000218,584,3812,-3228
121000219,2032,1442,590
121000220,346,149,197
121000221,300,964,-664
121000222,9108,5269,3839
121000223,253,1716,-1463
121000224,202,597,-395
121000225,870,8758,-7888
121000226,1115,3430,-2315
121000227,27,180,-153
121000228,54,1065,-1011
121000229,911,1046,-135
121000230,135,4888,-4753
121000231,2999,27,2972
121000232,826,485,341
121000233,1112,544,568
121000234,11,69,-58
121000235,80,128,-48
121000236,2,57,-55
121000237,25,33,-8
121000238,6,103,-97
121000239,87,5,82
121000240,14,226,-212
121000241,125,16,109
121000242,69,581,-512
121000243,150,59,91
121000244,3,42,-39
121000245,33,51,-18
121000246,3,80,-77
121000247,183,4,179
121000248,561,725,-164
121000249,164,617,-453
121000250,693,940,-247
121000251,34,361,-327
121000252,124,221,-97
121000253,663,1238,-575
121000254,1165,635,530
121000255,172,791,-619
121000256,400,628,-228
121000257,26,305,-279
121000258,50,394,-344
121000259,28,339,-311
121000260,35,645,-610
121000261,18,496,-478
121000262,4144,407,3737
121000263,454,644,-190
121000271,1898,2308,-410
121000273,49,38,11
121000274,16,372,-356
121000275,25,49,-24
121000276,9,110,-101
121000278,103,110,-7
121000279,46,216,-170
121000280,56,164,-108
121000289,885,34,851
121000290,2972,2376,596
121000294,340,59,281
121000297,430,1832,-1402
121000299,154,7888,-7734
121000300,2601,893,1708
121000302,14,925,-911
121000303,888,321,567
121000304,728,81,647
121000305,398,162,236
121000306,335,586,-251
121000308,56,341,-285
121000309,272,503,-231
121000310,134,545,-411
121000311,43,349,-306
121000312,982,689,293
121000313,503,282,221
121000314,24,39,-15
121000315,15,43,-28
121000530,2606,3223,-617
121000531,2879,2403,476
121000532,6280,6316,-36
121000533,3762,4674,-912
121000918,4,110,-106
121000919,25,85,-60
121000938,47,50,-3
121000939,19,243,-224
121000956,2054,2811,-757
121000957,2,57,-55
121000958,4,518,-514
121000959,2073,314,1759
121000960,2142,1774,368
121000961,708,41,667
121000962,442,434,8
121000963,0,0,0
121000973,1,332,-331
121000976,1,86,-85
121000979,837,234,603
121000981,595,144,451
121000982,820,338,482
121000983,869,213,656
121000984,5,97,-92
121000985,1296,774,522
121000986,916,388,528
121000987,445,1026,-581
121000988,1527,159,1368
121001302,334,188,146
121001308,1,86,-85
121001309,40,542,-502
121001313,362,119,243
121001314,2314,1676,638
121001315,7008,4676,2332
121001326,988,443,545
121900001,153,597,-444
121900002,64,359,-295
121900003,397,10,387
121900004,68,1519,-1451
121900005,16,9,7
121900006,198,30,168
121900007,3342,1954,1388
121900008,49,232,-183
121900009,1777,56,1721
121900010,339,10,329
121900011,208,95,113
121900012,9,0,9
121900013,220,101,119
121900014,5148,615,4533
121900015,159,279,-120
121900016,22,69,-47
121900017,863,1343,-480
121900018,883,6,877
121900019,961,207,754
121900020,106,2,104
121900021,1211,53,1158
121900022,286,295,-9
121900023,248,580,-332
121900024,899,34,865
121900025,786,1022,-236
121900026,637,188,449
121900027,442,314,128
121900028,443,26,417
121900029,95,745,-650
121900030,437,823,-386
121900031,2526,8143,-5617
121900032,247,123,124
121900033,169,482,-313
121900034,182,709,-527
121900035,12202,4897,7305
121900036,241,728,-487
121900037,96,1837,-1741
121900038,44,147,-103
121900039,328,35,293
121900040,65,94,-29
121900041,32,300,-268
121900042,532,206,326
121900043,0,1,-1
121900044,118,33,85
121900046,186,315,-129
121900047,242,161,81
121900048,81,103,-22
121900050,31,99,-68
121900051,199,468,-269
121900052,306,99,207
121900053,540,396,144
121900054,450,2881,-2431
121900055,10,31,-21
121900058,474,552,-78
121900059,343,189,154
121900060,184,811,-627
121900061,139,310,-171
121900062,85,61,24
121900063,2085,632,1453
121900064,560,1101,-541
121900066,103,33,70
121900067,80,62,18
121900069,188,338,-150
121900070,82,254,-172
121900071,971,503,468
121900072,121,282,-161
121900073,179,544,-365
121900074,470,506,-36
121900075,420,1239,-819
121900076,562,2700,-2138
121900078,164,48,116
121900079,0,1,-1
121900080,1140,307,833
121900082,104,163,-59
121900084,36,32,4
121900086,25,53,-28
121900087,56,217,-161
121900088,2047,2514,-467
121900089,502,285,217
121900090,15,63,-48
121900091,164,61,103
121900092,167,100,67
121900093,106,106,0
121900094,31,28,3
121900095,502,158,344
121900096,1079,1138,-59
121900097,1087,173,914
121900098,6,1,5
121900099,372,31,341
121900100,58,203,-145
121900101,100,167,-67
121900102,1,109,-108
121900103,397,538,-141
121900104,2784,683,2101
121900105,267,201,66
121900106,5,15,-10
121900107,178,15,163
121900108,0,20,-20
121900109,272,167,105
121900110,1007,809,198
121900111,982,611,371
121900112,160,267,-107
121900113,90,683,-593
121900114,68,96,-28
121900117,198,713,-515
121900118,4048,927,3121
121900119,211,71,140
121900120,326,903,-577
121900121,824,37,787
121900122,64,23,41
121900123,473,432,41
121900124,463,304,159
121900125,5924,2160,3764
121900127,12,193,-181
121900128,132,167,-35
121900129,353,68,285
121900130,140,812,-672
121900131,410,169,241
121900132,95,121,-26
121900133,21,660,-639
121900134,15,743,-728
121900135,7001,627,6374
121900136,360,367,-7
121900137,42,522,-480
121900138,44,436,-392
121900139,561,5452,-4891
121900140,62,105,-43
121900141,55,111,-56
121900142,87,52,35
121900143,60,82,-22
121900144,200,1085,-885
121900145,187,261,-74
121900146,436,965,-529
121900147,75,718,-643
121900148,492,680,-188
121900149,500,474,26
121900150,79,628,-549
121900151,31,635,-604
121900152,221,33,188
121900153,12,169,-157
121900154,20,790,-770
121900155,9,817,-808
121900156,168,324,-156
121900157,1,407,-406
121900158,152,158,-6
121900159,15,140,-125
121900160,41,270,-229
121900161,165,548,-383
121900162,103,382,-279
121900163,743,201,542
121900164,215,355,-140
121900165,212,302,-90
121900166,163,289,-126
121900167,49,73,-24
121900168,158,84,74
121900169,29,563,-534
121900170,10,156,-146
121900171,1018,1117,-99
121900172,913,705,208
121900173,1211,690,521
121900174,97,48,49
121900175,67,1551,-1484
121900176,670,3194,-2524
121900177,160,100,60
121900178,83,148,-65
121900179,415,628,-213
121900180,2183,7562,-5379
121900182,854,1552,-698
121900183,296,1977,-1681
121900184,35,1391,-1356
121900186,22,728,-706
121900187,32,206,-174
121900188,2162,131,2031
121900189,139,69,70
121900190,346,600,-254
121900191,78,1399,-1321
121900192,410,4029,-3619
121900193,58,562,-504
121900194,11,212,-201
121900195,16,50,-34
121900196,1773,1195,578
121900197,439,1369,-930
121900198,5879,4193,1686
121900199,1,10,-9
121900200,24,344,-320
121900201,1468,949,519
121900202,431,1524,-1093
121900203,73,1920,-1847
121900204,2856,1866,990
121900205,37,176,-139
121900206,27,160,-133
121900207,55,78,-23
121900208,94,952,-858
121900209,53,78,-25
121900210,3657,1536,2121
121900211,1952,677,1275
121900212,17,181,-164
121900213,713,31,682
121900214,1,576,-575
121900215,73,403,-330
121900216,30,612,-582
121900217,375,389,-14
121900218,116,969,-853
121900220,100,26,74
121900221,948,616,332
121900222,540,99,441
121900223,200,274,-74
121900224,136,185,-49
121900225,197,1244,-1047
121900226,302,40,262
121900227,359,4335,-3976
121900228,247,145,102
121900230,80,450,-370
121900231,49,1843,-1794
121900232,260,1020,-760
121900233,1000,247,753
121900234,262,736,-474
121900235,811,149,662
121900236,434,380,54
121900237,335,1721,-1386
121900238,287,838,-551
121900239,156,93,63
121900240,185,294,-109
121900241,57,35,22
121900242,58,0,58
121900243,9,1,8
121900244,20,2,18
121900245,806,64,742
121900246,10836,853,9983
121900248,2725,880,1845
121900250,104,491,-387
121900251,1038,26,1012
121900252,422,167,255
121900253,99,1774,-1675
121900254,262,558,-296
121900255,1061,313,748
121900258,7504,2105,5399
121900259,135,696,-561
121900260,141,175,-34
121900261,109,1095,-986
121900262,1230,1982,-752
121900263,341,216,125
121900264,1288,902,386
121900265,607,208,399
121900266,785,164,621
121900267,283,37,246
121900269,646,1355,-709
121900270,65,340,-275
121900271,56,289,-233
121900273,513,2668,-2155
121900274,602,345,257
121900277,264,1980,-1716
121900278,90,3224,-3134
121900279,275,315,-40
121900280,81,427,-346
121900281,99,715,-616
121900284,42,3,39
121900286,229,197,32
121900287,18,100,-82
121900288,2,2,0
121900290,231,2491,-2260
121900291,438,2371,-1933
121900292,175,246,-71
121900293,1137,11055,-9918
121900294,628,18,610
121900295,272,117,155
121900296,79,375,-296
121900298,133,1769,-1636
121900299,0,22,-22
121900300,40,6,34
121900301,44,6,38
121900302,8,105,-97
121900303,155,1279,-1124
121900304,35,21,14
121900305,46,29,17
121900306,559,0,559
121900307,229,24,205
121900308,19,284,-265
121900309,30,304,-274
121900310,2,222,-220
121900311,1051,18,1033
121900312,711,33,678
121900313,782,38,744
121900314,0,12,-12
121900315,121,1,120
121900316,0,20,-20
121900317,17,18,-1
121900318,0,7,-7
121900319,73,382,-309
121900320,151,33,118
121900321,35,6,29
121900322,5,16,-11
121900323,81,41,40
121900324,7,89,-82
121900325,52,0,52
121900326,6,7,-1
121900327,4,53,-49
121900328,3,44,-41
121900329,0,62,-62
121900330,1,141,-140
121900331,62,123,-61
121900332,104,27,77
121900333,139,7,132
121900334,114,46,68
122000001,1691,4374,-2683
122000002,2406,1052,1354
122000003,946,2661,-1715
122000004,1185,1302,-117
122000005,8465,2444,6021
122000006,591,1555,-964
122000007,661,1938,-1277
122000008,1048,3344,-2296
122000009,478,526,-48
122000010,2663,3059,-396
122000011,7579,2773,4806
122000012,871,5181,-4310
122000013,709,2708,-1999
122000014,7304,2508,4796
122000015,1252,1109,143
122000016,446,716,-270
122000017,1831,1727,104
122000018,4729,3261,1468
122000019,954,3745,-2791
122000020,218,905,-687
122000021,148,405,-257
122000022,1760,2495,-735
122000023,1562,3540,-1978
122000024,381,4509,-4128
122000025,631,4320,-3689
122000026,329,1174,-845
122000027,982,1066,-84
122000028,3643,1228,2415
122000029,296,2445,-2149
122000030,159,316,-157
122000031,339,929,-590
122000032,7419,4264,3155
122000033,430,5276,-4846
122000034,295,1498,-1203
122000035,218,539,-321
122000036,521,1455,-934
122000037,1743,313,1430
122000038,299,896,-597
122000039,624,1399,-775
122000040,193,589,-396
122000041,2526,1561,965
122000042,491,1479,-988
122000043,105,357,-252
122000044,81,227,-146
122000045,3218,1327,1891
122000046,1220,2410,-1190
122000047,72,410,-338
122000048,1898,4990,-3092
122000049,9189,5280,3909
122000050,694,1061,-367
122000051,222,696,-474
122000052,782,664,118
122000053,313,1550,-1237
122000054,2004,3615,-1611
122000055,1879,4431,-2552
122000056,3926,2321,1605
122000057,6102,3648,2454
122000058,679,1754,-1075
122000059,735,4050,-3315
122000060,252,1202,-950
122000061,145,938,-793
122000062,608,381,227
122000063,213,1463,-1250
122000064,2830,9228,-6398
122000065,2583,6675,-4092
122000066,343,2335,-1992
122000067,1524,3156,-1632
122000068,6923,2101,4822
122000069,2213,3097,-884
122000070,2556,2124,432
122000071,6367,1606,4761
122000072,2324,1131,1193
122000073,214,2471,-2257
122000074,3121,2926,195
122000075,1644,1362,282
122000076,11329,2972,8357
122000077,607,3222,-2615
122000078,441,3639,-3198
122000079,227,3955,-3728
122000080,626,874,-248
122000081,150,338,-188
122000082,311,1589,-1278
122000083,13817,1216,12601
122000084,7259,2499,4760
122000085,464,1758,-1294
122000086,5303,11565,-6262
122000087,332,221,111
122000088,38,300,-262
122000089,10528,4176,6352
122000090,1063,2402,-1339
122000091,168,1972,-1804
122000092,26,218,-192
122000093,1898,8550,-6652
122000094,10502,4418,6084
122000095,841,7861,-7020
122000096,571,4594,-4023
122000098,6059,5213,846
122000099,604,3636,-3032
122000100,888,992,-104
122000101,318,861,-543
122000102,7253,1926,5327
122000103,1482,4335,-2853
122000104,2826,206,2620
122000105,327,864,-537
122000106,751,2856,-2105
122000107,1701,608,1093
122000108,846,1169,-323
122000109,617,282,335
122000110,1056,703,353
122000111,4542,1979,2563
122000112,3028,2277,751
122000113,676,1231,-555
122000114,1713,5700,-3987
122000115,3091,1717,1374
122000116,306,638,-332
122000117,2086,555,1531
122000118,994,523,471
122000119,3619,1695,1924
122000120,788,3855,-3067
122000121,780,2243,-1463
122000122,306,758,-452
122000123,1136,1694,-558
122000124,654,556,98
122000125,417,625,-208
122000126,413,556,-143
122000127,368,654,-286
122000128,308,366,-58
122000129,524,2970,-2446
122000130,3461,1263,2198
122000131,1435,1234,201
122000132,317,561,-244
122000133,1008,928,80
122000134,1459,887,572
122000135,554,233,321
122000136,1003,593,410
122000137,3290,1349,1941
122000139,1070,5138,-4068
122000140,236,2589,-2353
122000141,9256,4899,4357
122000142,151,6236,-6085
122000143,321,639,-318
122000144,2212,2155,57
122000145,977,1853,-876
122000146,526,5330,-4804
122000147,495,1553,-1058
122000148,343,1976,-1633
122000149,2397,1204,1193
122000150,1950,1386,564
122000151,223,568,-345
122000152,477,622,-145
122000153,677,758,-81
122000154,383,276,107
122000155,1556,3614,-2058
122000156,14921,6673,8248
122000157,606,14474,-13868
122000158,434,1927,-1493
122000159,889,1817,-928
122000160,2101,2235,-134
122000161,1391,1116,275
122000162,1210,1196,14
122000163,747,199,548
122000164,77,366,-289
122000165,1668,2156,-488
122000166,797,3804,-3007
122000167,481,1025,-544
122000168,288,2389,-2101
122000169,514,518,-4
122000170,425,457,-32
122000171,42,100,-58
122000172,3429,1963,1466
122000173,2316,3968,-1652
122000174,1244,3387,-2143
122000175,866,675,191
122000176,575,2486,-1911
122000177,913,2179,-1266
122000178,8136,5134,3002
122000179,4652,4646,6
122000180,728,1245,-517
122000181,936,1904,-968
122000182,1917,1155,762
122000183,4024,1397,2627
122000184,3927,3902,25
122000185,1214,4582,-3368
122000186,1165,3614,-2449
122000187,2185,3105,-920
122000188,621,526,95
122000189,370,484,-114
122000190,667,2617,-1950
122000191,925,922,3
122000192,1388,821,567
122000193,686,1517,-831
122000194,586,570,16
122000195,148,2290,-2142
122000196,1079,467,612
122000197,452,1079,-627
122000198,614,3984,-3370
122000199,425,651,-226
122000200,1077,1083,-6
122000201,1774,4387,-2613
122000202,955,3185,-2230
122000203,2825,1891,934
122000204,1297,1598,-301
122000205,704,667,37
122000206,11666,1895,9771
122000207,1972,4164,-2192
122000208,2276,5533,-3257
122000209,2956,1338,1618
122000210,2250,5418,-3168
122000211,1400,3580,-2180
122000212,839,714,125
122000213,1230,2813,-1583
122000214,2311,2243,68
122000215,3829,2376,1453
122000217,1873,4312,-2439
122000218,1257,200,1057
122000219,2912,1462,1450
122000220,358,1079,-721
122000221,211,539,-328
122000222,761,175,586
122000223,782,854,-72
122000225,698,612,86
122000226,1438,1485,-47
122000227,258,1547,-1289
122000228,216,313,-97
122000229,12,375,-363
122000230,58,547,-489
122000231,279,585,-306
122000232,647,735,-88
122000233,0,60,-60
122000234,600,92,508
122000235,789,113,676
122000236,1897,77,1820
122000237,122,102,20
122000238,306,663,-357
122000239,891,332,559
122000240,1526,732,794
122000241,3424,775,2649
122000242,705,208,497
122000243,779,50,729
122000244,96,554,-458
122000245,199,102,97
122000246,571,287,284
122000247,804,440,364
122000248,2171,847,1324
122000249,2409,1536,873
122000250,3353,1547,1806
122000251,78,285,-207
122000252,178,54,124
122000253,69,115,-46
122000254,548,86,462
122000255,595,781,-186
122000256,251,578,-327
122000257,380,126,254
122000258,345,399,-54
122000259,48,415,-367
122000260,13,130,-117
122000261,12,480,-468
122000262,0,21,-21
122000263,263,404,-141
122000264,2391,734,1657
122000265,4607,1901,2706
122000266,5390,1074,4316
122000267,91,192,-101
122000268,236,688,-452
122000269,1290,578,712
122000270,919,564,355
122000271,302,5815,-5513
122000272,564,1833,-1269
122000273,718,902,-184
122000274,365,405,-40
122000275,46,263,-217
122000276,1754,580,1174
122000277,1372,2317,-945
122000278,2429,307,2122
122000279,253,298,-45
122000280,724,601,123
122000281,572,537,35
122000282,97,418,-321
122000283,319,233,86
122000284,97,134,-37
122000285,491,70,421
122000286,88,155,-67
122000287,2164,1450,714
122000288,737,360,377
122000291,4602,1169,3433
122000293,394,171,223
122000294,164,499,-335
122000295,1628,285,1343
122000296,58,1570,-1512
122000297,2551,5004,-2453
122000299,854,391,463
122000300,532,578,-46
122000301,12507,4523,7984
122000302,599,5299,-4700
122000303,2467,1158,1309
122000304,23,312,-289
122000305,2391,1078,1313
122000306,165,323,-158
122000307,129,156,-27
122000309,62,60,2
122000310,42,146,-104
122000311,45,207,-162
122000312,208,329,-121
122000313,28,162,-134
122000314,255,661,-406
122000315,407,80,327
122000316,1762,491,1271
122000317,3920,386,3534
122000318,325,1228,-903
122000319,241,544,-303
122000320,502,1319,-817
122000321,57,296,-239
122000322,2308,2710,-402
122000323,650,3554,-2904
122000324,2518,3659,-1141
122000325,900,5478,-4578
122000326,206,126,80
122000327,450,1963,-1513
122000328,582,1403,-821
122000330,3927,3909,18
122000332,422,739,-317
122000333,18,41,-23
122000337,1244,420,824
122000338,657,233,424
122000340,272,5939,-5667
122000342,2642,954,1688
122000343,712,539,173
122000344,153,10,143
122000345,13,21,-8
122000346,170,156,14
122000348,491,838,-347
122000349,40,731,-691
122000351,375,422,-47
122000352,207,259,-52
122000353,136,84,52
122000355,160,483,-323
122000356,309,3535,-3226
122000357,66,18,48
122000358,8,14,-6
122000359,0,28,-28
122000360,0,8,-8
122000362,2,36,-34
122000364,407,235,172
122000365,0,44,-44
122000366,22,17,5
122000368,557,915,-358
122000370,35,28,7
122000371,40,0,40
122000372,10,0,10
122000381,329,611,-282
122000382,57,316,-259
122000384,1283,1334,-51
122000385,84,0,84
122000386,174,2919,-2745
122000387,397,2993,-2596
122000388,1632,2710,-1078
122000389,377,2486,-2109
122000390,396,1491,-1095
122000391,152,1975,-1823
122000392,203,280,-77
122000393,76,479,-403
122000394,1063,326,737
122000395,243,201,42
122000396,548,146,402
122000397,40,127,-87
122000398,8,233,-225
122000399,107,60,47
122000400,18,2285,-2267
122000401,196,74,122
122000402,624,361,263
122000403,645,568,77
122000404,381,328,53
122000408,500,772,-272
122000503,5,140,-135
122000524,69,851,-782
122000544,54,3746,-3692
122000614,337,316,21
122000616,209,3,206
122000640,186,82,104
122000641,408,293,115
122000642,1962,726,1236
122000643,49,330,-281
122000644,301,80,221
122000645,55,268,-213
122000651,411,4316,-3905
122000664,267,226,41
122000665,2434,965,1469
122000666,541,971,-430
122000673,82,192,-110
122000674,743,466,277
122000675,3279,728,2551
122000686,501,4416,-3915
122000687,2665,449,2216
122000688,342,818,-476
122000689,1694,349,1345
122000690,4757,562,4195
122000691,1280,1229,51
122000692,1447,338,1109
122000693,382,968,-586
122000695,532,345,187
122000696,933,246,687
122000698,692,387,305
122000699,704,87,617
122000701,4223,271,3952
122000702,597,1596,-999
122000703,269,170,99
122000712,0,0,0
122000717,123,129,-6
122000718,717,5692,-4975
122000719,28,259,-231
122000720,1315,108,1207
122000724,333,259,74
122900001,28,41,-13
122900002,900,9124,-8224
122900003,802,40,762
122900004,2046,149,1897
122900005,19,107,-88
122900006,441,926,-485
122900007,123,385,-262
122900008,230,139,91
122900009,1434,455,979
122900010,285,146,139
122900012,206,505,-299
122900014,94,150,-56
122900015,1571,1224,347
122900016,185,245,-60
122900017,346,3258,-2912
122900018,307,13,294
122900019,36,350,-314
122900020,259,407,-148
122900021,127,547,-420
122900022,1808,1273,535
122900023,638,124,514
122900024,105,135,-30
122900025,14,323,-309
122900026,28,192,-164
122900027,38,931,-893
122900028,38,79,-41
122900029,12683,2635,10048
122900030,5538,679,4859
122900031,25,611,-586
122900032,1541,616,925
122900033,275,229,46
122900034,6786,5293,1493
122900035,123,79,44
122900036,41,82,-41
122900037,701,875,-174
122900038,132,3857,-3725
122900039,75,630,-555
122900040,321,2216,-1895
122900041,197,520,-323
122900042,199,367,-168
122900043,477,624,-147
122900044,195,486,-291
122900045,278,610,-332
122900046,147,471,-324
122900047,75,286,-211
122900048,26,352,-326
122900049,7087,230,6857
122900051,29,2159,-2130
122900052,208,69,139
122900053,33,25,8
122900055,344,88,256
122900057,362,53,309
122900061,749,76,673
122900062,753,1052,-299
122900063,292,172,120
122900064,1031,518,513
122900065,772,327,445
122900066,805,316,489
122900067,877,497,380
122900069,526,2476,-1950
122900070,486,53,433
122900071,101,408,-307
122900073,36,134,-98
122900074,1329,233,1096
122900075,2,333,-331
122900076,4,608,-604
122900077,2,52,-50
122900078,406,14,392
122900080,32,76,-44
122900081,133,388,-255
122900082,1565,132,1433
122900083,140,49,91
122900084,16,197,-181
122900086,15,119,-104
122900087,424,563,-139
122900088,54,1065,-1011
122900089,34,687,-653
122900090,9,342,-333
122900091,586,2,584
122900092,1,176,-175
122900093,0,90,-90
122900094,2,173,-171
122900095,324,40,284
122900096,952,527,425
122900097,122,143,-21
122900098,23,166,-143
122900099,158,48,110
122900100,92,882,-790
122900101,613,409,204
122900102,109,52,57
122900103,502,5,497
122900104,418,5,413
122900105,43,15,28
122900106,0,58,-58
122900107,4,66,-62
122900108,3,138,-135
122900109,636,159,477
123000001,819,1690,-871
123000002,2642,7987,-5345
123000003,6825,6246,579
123000004,4706,4478,228
123000005,4480,3035,1445
123000006,3885,2122,1763
123000007,5100,3336,1764
123000008,3411,3529,-118
123000009,5256,4613,643
123000010,3923,7172,-3249
123000011,2229,3392,-1163
123000012,1078,8514,-7436
123000013,7668,2604,5064
123000014,982,4670,-3688
123000015,3217,1563,1654
123000016,3621,3523,98
123000017,6770,2749,4021
123000018,192,178,14
123000019,1344,82,1262
123000020,716,33,683
123000021,389,476,-87
123000022,1183,3182,-1999
123000023,3228,4374,-1146
123000024,2708,1895,813
123000025,606,140,466
123000026,48,300,-252
123000027,41,1401,-1360
123000028,375,3041,-2666
123000029,430,1891,-1461
123000030,382,288,94
123000031,574,239,335
123000032,1057,238,819
123000033,618,390,228
123000034,1711,1242,469
123000035,535,799,-264
123000036,284,1928,-1644
123000037,316,181,135
123000038,71,586,-515
123000039,880,2150,-1270
123000040,536,237,299
123000041,649,2453,-1804
123000042,568,1628,-1060
123000043,1976,16697,-14721
123000044,3322,2898,424
123000045,4747,2814,1933
123000046,278,1486,-1208
123000047,577,1993,-1416
123000048,111,1949,-1838
123000049,6568,13254,-6686
123000050,3387,2307,1080
123000051,100,393,-293
123000052,1207,3898,-2691
123000053,3303,3095,208
123000054,3797,2572,1225
123000055,2973,7444,-4471
123000056,1559,756,803
123000057,5133,6893,-1760
123000058,991,2070,-1079
123000059,335,543,-208
123000060,1607,499,1108
123000061,380,681,-301
123000063,1975,1510,465
123000064,2433,468,1965
123000065,5120,3611,1509
123000066,658,683,-25
123000067,1860,744,1116
123000068,2411,2410,1
123000069,3597,1455,2142
123000070,214,782,-568
123000071,3402,1045,2357
123000072,1770,773,997
123000073,4457,1133,3324
123000074,2250,1656,594
123000075,608,2933,-2325
123000076,1165,557,608
123000077,3321,1673,1648
123000078,4940,1789,3151
123000079,4248,2303,1945
123000080,4378,1242,3136
123000081,425,615,-190
123000082,394,1046,-652
123000083,1977,272,1705
123000084,1494,784,710
123000085,913,168,745
123000086,1948,141,1807
123000087,672,282,390
123000088,2099,597,1502
123000089,2017,1643,374
123000090,2625,1041,1584
123000091,3203,2044,1159
123000092,1581,1907,-326
123000094,1355,275,1080
123000095,1620,1012,608
123000096,1992,566,1426
123000097,1457,441,1016
123000098,1901,704,1197
123000099,1598,505,1093
123000100,470,1206,-736
123000101,492,567,-75
123000102,995,1483,-488
123000104,654,724,-70
123000105,566,440,126
123000106,1008,589,419
123000107,428,391,37
123000108,688,1289,-601
123000111,1955,598,1357
123000112,2186,526,1660
123000113,616,686,-70
123000114,635,1029,-394
123000115,492,636,-144
123000116,115,181,-66
123000117,3112,1708,1404
123000118,880,523,357
123000119,372,603,-231
123000120,418,805,-387
123000121,1021,1174,-153
123000122,551,547,4
123000123,1035,774,261
123000124,714,404,310
123000125,1962,1364,598
123000126,1743,10560,-8817
123000127,533,685,-152
123000128,427,423,4
123000129,1654,349,1305
123000130,1822,147,1675
123000131,2368,1516,852
123000132,628,867,-239
123000133,338,471,-133
123000134,443,186,257
123000135,3316,1167,2149
123000136,283,503,-220
123000137,271,242,29
123000138,337,339,-2
123000139,1043,268,775
123000140,105,618,-513
123000141,883,175,708
123000142,1537,1111,426
123000143,1218,2843,-1625
123000144,11,48,-37
123000145,234,317,-83
123000146,15,259,-244
123000147,60,355,-295
123000149,415,539,-124
123000150,154,477,-323
123000151,229,733,-504
123000152,34,640,-606
123000153,188,1107,-919
123000154,1709,3067,-1358
123000155,2694,2345,349
123000156,51,125,-74
123000157,1179,1363,-184
123000158,859,1364,-505
123000159,4601,6818,-2217
123000160,2216,2769,-553
123000161,2198,1584,614
123000162,2834,2579,255
123000163,1388,304,1084
123000164,3539,231,3308
123000165,333,1256,-923
123000166,70,132,-62
123000167,231,404,-173
123000168,579,263,316
123000169,1850,246,1604
123000170,254,124,130
123000171,2190,18,2172
123000172,173,729,-556
123000173,995,532,463
123000174,1171,652,519
123000175,607,1136,-529
123000176,1511,428,1083
123000177,582,1000,-418
123000178,1767,266,1501
123000179,50,830,-780
123000180,2133,686,1447
123000181,107,692,-585
123000183,342,721,-379
123000184,82,710,-628
123000186,7,450,-443
123000187,1023,23,1000
123000188,852,3,849
123000189,472,225,247
123000190,78,100,-22
123000192,13,369,-356
123000193,23,619,-596
123000194,424,266,158
123000195,787,20,767
123000196,805,93,712
123000197,133,176,-43
123000198,80,341,-261
123000199,12,470,-458
123000200,1211,12,1199
123000201,2003,40,1963
123000202,20,436,-416
123000203,2102,46,2056
123000204,77,483,-406
123000205,144,583,-439
123000206,4441,226,4215
123000207,67,706,-639
123000208,1390,194,1196
123000209,2747,868,1879
123000210,179,1672,-1493
123000211,470,1621,-1151
123000212,6869,534,6335
123000213,1029,82,947
123000215,106,359,-253
123000216,223,1963,-1740
123000217,443,53,390
123000218,35,728,-693
123000219,1078,161,917
123000220,1010,150,860
123000221,270,387,-117
123000222,461,354,107
123000223,878,262,616
123000224,798,435,363
123000225,456,101,355
123000226,190,526,-336
123000227,74,236,-162
123000228,604,42,562
123000229,863,1415,-552
123000232,163,491,-328
123000233,1289,238,1051
123000234,179,676,-497
123000235,2115,360,1755
123000236,470,614,-144
123000237,715,194,521
123000238,87,403,-316
123000239,492,682,-190
123000240,147,1781,-1634
123000241,658,203,455
123000242,121,335,-214
123000243,1013,1192,-179
123000244,1069,567,502
123000245,40,238,-198
123000249,482,931,-449
123000252,1341,679,662
123000253,2253,1093,1160
123000254,1057,832,225
123000255,1503,1075,428
123000256,57,220,-163
123000257,2916,1061,1855
123000258,1477,791,686
123000259,896,635,261
123000260,1166,358,808
123000261,491,213,278
123000262,67,191,-124
123000263,811,68,743
123000264,256,102,154
123000265,28,170,-142
123000266,605,512,93
123000267,915,480,435
123000268,80,74,6
123000269,76,156,-80
123000270,41,116,-75
123000271,51,63,-12
123000272,1024,526,498
123000273,445,1793,-1348
123000274,1706,1473,233
123000275,265,1148,-883
123000278,2063,5572,-3509
123000279,470,129,341
123000280,448,436,12
123000281,567,348,219
123000282,149,559,-410
123000283,277,184,93
123000284,72,82,-10
123000286,125,843,-718
123000287,603,764,-161
123000288,836,1901,-1065
123000289,214,2376,-2162
123000291,189,1702,-1513
123000294,169,343,-174
123000295,856,1601,-745
123000296,1020,886,134
123000297,1410,538,872
123000298,2098,475,1623
123000299,260,186,74
123000300,3051,1798,1253
123000301,191,627,-436
123000302,298,190,108
123000303,146,733,-587
123000305,1509,1283,226
123000306,440,79,361
123000309,70,135,-65
123000310,71,108,-37
123000311,1,229,-228
123000312,997,787,210
123000313,1851,1365,486
123000315,309,468,-159
123000316,1285,1182,103
123000317,374,204,170
123000318,123,406,-283
123000329,15,21,-6
123000337,393,440,-47
123000338,97,263,-166
123000339,543,33,510
123000340,130,355,-225
123000342,5,171,-166
123000343,340,38,302
123000344,572,233,339
123000345,470,525,-55
123000346,1155,83,1072
123000352,2110,1258,852
123000353,134,179,-45
123000354,657,4,653
123000355,0,283,-283
123000356,752,14,738
123000357,17,136,-119
123000359,34,56,-22
123000360,319,428,-109
123000361,561,316,245
123000362,561,194,367
123000363,218,261,-43
123000364,773,819,-46
123000365,25,397,-372
123000366,441,4512,-4071
123000367,744,849,-105
123000370,39,618,-579
123000371,702,179,523
123000372,689,106,583
123000373,23,422,-399
123000374,4,85,-81
123000375,838,97,741
123000376,1576,1713,-137
123000377,914,31,883
123000378,10,292,-282
123000379,21,498,-477
123000380,41,430,-389
123000381,77,241,-164
123000382,954,207,747
123000383,194,1245,-1051
123000384,1283,432,851
123000385,327,1091,-764
123000436,72,1130,-1058
123000507,92,196,-104
123000508,291,1982,-1691
123000517,328,10,318
123000518,38,113,-75
123000519,363,93,270
123000520,73,122,-49
123000521,1026,121,905
123000522,229,261,-32
123000541,30,1,29
123000542,0,7,-7
123000565,1577,78,1499
123000566,908,167,741
123000567,242,81,161
123000573,75,704,-629
123000574,1303,67,1236
123000575,2723,465,2258
123000576,918,1068,-150
123000577,92,1139,-1047
123000578,696,239,457
123000579,1277,9982,-8705
123000580,238,165,73
123000582,804,26,778
123000583,18,419,-401
123000584,289,361,-72
123000585,0,48,-48
123000586,328,20,308
123000596,144,181,-37
123000597,98,301,-203
123000602,276,24,252
123000603,2045,1067,978
123000604,1556,411,1145
123000605,1282,36,1246
123000606,2,793,-791
123000609,39,567,-528
123000610,152,85,67
123000613,132,138,-6
123000614,449,74,375
123000615,140,156,-16
123000616,1242,60,1182
123000617,140,264,-124
123000618,37,736,-699
123000619,557,65,492
123000620,10,400,-390
123000622,631,33,598
123000624,465,92,373
123000630,3188,521,2667
123000631,498,694,-196
123000632,1355,1114,241
123000633,72,548,-476
123000634,69,931,-862
123000635,225,344,-119
123000636,405,945,-540
123000637,314,24,290
123000638,1242,59,1183
123000639,1281,9730,-8449
123000640,22,470,-448
123000648,1180,114,1066
123000649,35,583,-548
123000650,1351,705,646
123000651,240,473,-233
123900001,1477,116,1361
123900002,47,1990,-1943
123900003,115,689,-574
123900005,432,443,-11
123900006,982,254,728
124000001,2755,242,2513
124000002,36,1278,-1242
124000003,1919,237,1682
124000004,69,410,-341
124000005,1724,1806,-82
124000006,268,625,-357
124000007,1645,151,1494
124000008,7,568,-561
124000009,1155,751,404
124000010,439,398,41
124000011,1111,1046,65
124000012,248,263,-15
124000017,464,120,344
124000018,151,118,33
124000019,462,246,216
124000020,39,92,-53
124000021,253,207,46
124000022,69,172,-103
124000023,1983,2047,-64
124000024,1223,578,645
124000025,1626,1864,-238
124000026,1234,1026,208
124000027,3889,4096,-207
124000028,1669,3476,-1807
124000030,1306,522,784
124000031,1695,10384,-8689
124000032,2040,736,1304
124000033,1261,1240,21
124000034,633,925,-292
124000035,632,237,395
124000036,310,579,-269
124000037,316,1092,-776
124000038,8,182,-174
124000039,310,349,-39
124000040,167,823,-656
124000041,829,416,413
124000042,121,360,-239
124000043,199,194,5
124000044,72,330,-258
124000045,2495,386,2109
124000046,194,720,-526
124000047,3702,614,3088
124000048,1172,717,455
124000049,3115,533,2582
124000050,1139,1078,61
124000051,2147,486,1661
124000052,749,714,35
124000053,624,3709,-3085
124000054,654,362,292
124000055,1259,9029,-7770
124000056,1869,942,927
124000057,2398,451,1947
124000058,1228,1155,73
124000059,1978,1472,506
124000060,699,559,140
124000061,2033,8051,-6018
124000062,1795,1015,780
124000063,1636,852,784
124000064,1697,1115,582
124000065,31,576,-545
124000066,338,146,192
124000067,228,211,17
124000068,140,515,-375
124000069,845,141,704
124000070,510,227,283
124000071,209,170,39
124000072,187,266,-79
124000073,1240,146,1094
124000074,207,635,-428
124000075,706,41,665
124000076,51,120,-69
124000077,290,754,-464
124000078,1412,1268,144
124000079,218,1532,-1314
124000080,1409,211,1198
124000081,295,513,-218
124000082,159,267,-108
124000083,71,138,-67
124000084,48,1738,-1690
124000085,112,47,65
124000086,13,396,-383
124000087,125,239,-114
124000088,134,572,-438
124000089,920,319,601
124000090,371,317,54
124000091,1224,239,985
124000092,507,941,-434
124000093,168,147,21
124000094,121,515,-394
124000095,230,122,108
124000096,256,160,96
124000097,396,197,199
124000098,284,98,186
124000099,287,98,189
124000100,124,137,-13
124000101,259,286,-27
124000102,102,30,72
124000103,410,379,31
124000104,195,53,142
124000105,298,262,36
124000106,147,48,99
124000107,33,445,-412
124000108,90,18,72
124000109,241,147,94
124000110,73,89,-16
124000111,517,135,382
124000112,1198,648,550
124000113,288,157,131
124000114,643,497,146
124000115,337,779,-442
124000116,206,296,-90
124000117,43,111,-68
124000118,95,147,-52
124000119,1432,1637,-205
124000120,884,1173,-289
124000121,1211,890,321
124000122,523,1754,-1231
124000123,969,544,425
124000124,456,542,-86
124000125,541,411,130
124000126,344,323,21
124000127,1192,471,721
124000128,731,700,31
124000129,2011,1438,573
124000130,398,500,-102
124000131,954,955,-1
124000132,609,737,-128
124000133,1871,1093,778
124000134,1134,727,407
124000135,1925,2327,-402
124000136,681,923,-242
124000137,1250,1587,-337
124000138,919,1124,-205
124000139,925,445,480
124000140,22,1282,-1260
124000141,1396,62,1334
124000142,57,536,-479
124000143,133,17,116
124000144,6,165,-159
124000145,160,103,57
124000146,22,186,-164
124000148,6,88,-82
124000149,1504,313,1191
124000150,266,844,-578
124000151,1664,566,1098
124000152,1001,1086,-85
124000153,1174,821,353
124000154,584,570,14
124000155,1450,830,620
124000156,937,913,24
124000169,194,1094,-900
124000170,1462,996,466
124000171,461,891,-430
124000172,381,848,-467
124000173,1209,457,752
124000174,747,702,45
124000175,4,117,-113
124000176,45,36,9
124000177,15,62,-47
124000178,50,81,-31
124000185,88,6,82
124000186,1,28,-27
124000187,3,83,-80
124000188,196,7,189
124000190,178,109,69
124000191,149,599,-450
124000192,1459,841,618
124000193,217,4895,-4678
124000194,355,446,-91
124000195,565,606,-41
124000196,776,946,-170
124000197,67,50,17
124000198,113,102,11
124000201,63,694,-631
124000202,899,66,833
124000203,1076,172,904
124000204,2234,118,2116
124000205,160,281,-121
124000206,1681,92,1589
124000207,0,11,-11
124000209,231,213,18
124000210,1369,188,1181
124000211,1519,4,1515
124000212,0,162,-162
124000213,964,75,889
124000214,969,383,586
124000215,949,16,933
124000216,1,201,-200
124000329,6,418,-412
124000338,170,783,-613
124000339,2904,56,2848
124000341,3481,65,3416
124000344,97,26,71
124000357,1455,4295,-2840
124000358,817,2427,-1610
124000359,1465,1227,238
124000360,1546,862,684
124000361,2098,1381,717
124000362,1825,2904,-1079
124000363,552,317,235
124000364,736,695,41
124000365,903,1170,-267
124000366,3484,865,2619
124000367,72,358,-286
124000368,473,1618,-1145
124000369,49,151,-102
124000370,38,960,-922
124000402,44,39,5
124000403,306,49,257
124000404,8,43,-35
124000405,820,720,100
124000406,525,459,66
124000407,4,34,-30
124000411,5,367,-362
124000412,695,25,670
124000413,184,491,-307
124000414,198,135,63
124000415,107,34,73
124000416,235,156,79
124000417,540,189,351
124000418,578,51,527
124000419,159,54,105
124000420,292,52,240
124000421,104,68,36
124000422,28,20,8
124000423,142,69,73
124000424,7,43,-36
124000425,196,40,156
124000426,2,112,-110
124000427,342,5,337
124000428,5,731,-726
124000429,272,38,234
124000430,819,426,393
124000431,499,410,89
124000432,514,1105,-591
124000439,13,0,13
124000443,0,4,-4
124000445,224,5084,-4860
124000446,952,838,114
124000447,37,495,-458
124000448,261,8,253
124000449,466,10,456
124000450,7,88,-81
124000451,0,44,-44
124900001,1398,325,1073
124900002,286,221,65
124900003,1695,454,1241
124900004,1505,299,1206
124900005,206,46,160
124900006,1255,365,890
124900008,802,538,264
124900009,145,526,-381
124900010,292,158,134
124900011,1172,370,802
124900012,368,73,295
124900013,856,126,730
124900014,330,112,218
124900015,215,380,-165
124900016,122,242,-120
124900017,368,4236,-3868
124900018,196,6,190
124900020,326,60,266
124900021,457,110,347
124900022,66,0,66
124900024,894,5,889
124900026,52,31,21
124900027,139,378,-239
124900028,358,78,280
124900029,24,838,-814
124900030,6,70,-64
124900031,34,176,-142
124900032,431,225,206
124900033,132,200,-68
124900034,15,307,-292
124900035,114,220,-106
124900036,3,141,-138
124900037,156,180,-24
124900039,0,128,-128
124900040,140,96,44
124900042,52,4,48
124900043,770,700,70
124900044,108,4,104
124900045,423,932,-509
124900047,330,364,-34
124900048,438,78,360
124900050,288,110,178
124900052,91,183,-92
124900053,403,293,110
124900054,745,625,120
124900055,3,226,-223
124900057,0,146,-146
124900060,396,677,-281
124900061,168,6,162
124900062,316,7,309
124900066,0,31,-31
124900067,2,52,-50
124900068,174,838,-664
124900070,50,26,24
124900072,277,25,252
124900075,1344,194,1150
124900076,29,3775,-3746
124900077,50,122,-72
124900078,82,14,68
124900079,237,268,-31
124900080,634,316,318
124900081,1986,236,1750
124900082,722,950,-228
124900083,654,738,-84
124900085,1405,1196,209
124900086,29,1218,-1189
124900087,1003,126,877
124900088,284,274,10
124900089,588,6,582
124900090,817,299,518
124900091,474,250,224
124900092,395,235,160
124900093,913,231,682
124900094,1426,328,1098
124900095,181,894,-713
124900096,407,133,274
124900097,970,63,907
124900098,195,270,-75
124900099,179,651,-472
124900100,785,37,748
124900101,308,205,103
124900102,737,13,724
124900103,234,132,102
124900104,110,178,-68
124900105,178,169,9
124900106,392,33,359
124900107,169,30,139
124900108,243,139,104
124900111,0,78,-78
124900112,404,317,87
124900113,50,266,-216
124900114,72,276,-204
124900115,56,128,-72
124900116,460,623,-163
124900117,186,337,-151
124900118,115,2189,-2074
124900119,581,356,225
124900120,35,227,-192
124900121,53,668,-615
124900122,317,226,91
124900123,151,76,75
124900124,19,254,-235
204000001,387,24,363
204000002,53,27,26
204000003,12,14,-2
204000004,3,5,-2
204000005,639,623,16
204000006,1420,1633,-213
204000011,16,36,-20
204000012,92,104,-12
204000019,1704,402,1302
204000020,1782,1054,728
204000021,2594,1347,1247
204000022,1909,619,1290
204000023,1020,410,610
204000031,70,14,56
204000032,386,12,374
204000034,124,159,-35
204000035,1,6,-5
204000036,4,53,-49
204000037,0,57,-57
204000038,0,4,-4
204000039,9,20,-11
204000040,1,11,-10
204000041,8,84,-76
204000042,42,32,10
204000043,31,14,17
204000044,83,13,70
204000045,84,12,72
204000046,9,9,0
204000057,7,9,-2
204000062,37,32,5
204000068,61,1067,-1006
204000069,175,1078,-903
204000070,95,111,-16
204000080,226,94,132
204000085,1273,1205,68
204000086,2993,1477,1516
204000087,104,16,88
204000088,30,107,-77
204000090,396,303,93
204000093,822,127,695
204000096,2645,1125,1520
204000097,735,19,716
204000099,1438,3717,-2279
204000100,2166,1709,457
204000105,1917,890,1027
204000110,633,1267,-634
204000111,1071,753,318
204000112,713,918,-205
204000113,326,795,-469
204000114,1560,1791,-231
204000115,2229,1077,1152
204000116,891,1527,-636
204000119,3718,2628,1090
204000132,1208,840,368
204000133,1379,148,1231
204000134,397,52,345
204000135,949,32,917
204000136,645,416,229
204000138,467,1372,-905
204000140,508,179,329
204000141,240,62,178
204000144,4,38,-34
204000145,783,68,715
204000146,29,209,-180
204000147,44,545,-501
204000148,344,167,177
204000154,15,7,8
204000155,1,6,-5
204000177,78,185,-107
204000179,73,26,47
204000180,2,80,-78
204000222,4,7,-3
204000235,114,34,80
204000236,41,300,-259
204000238,5,46,-41
204000240,504,87,417
204000263,963,1351,-388
204000268,923,614,309
204000308,248,104,144
204000317,59,210,-151
204000322,85,173,-88
204000323,24,7,17
204000328,296,84,212
204000329,238,101,137
204000330,381,72,309
204000331,412,155,257
205000001,853,1228,-375
205000013,158,240,-82
205000014,190,156,34
205000015,250,71,179
205000016,139,212,-73
205000017,104,99,5
205000022,426,536,-110
205000025,1888,753,1135
205000029,625,42,583
205000045,381,294,87
205000046,380,476,-96
205000047,168,242,-74
205000048,659,473,186
205000049,274,493,-219
205000050,878,294,584
205000059,2,720,-718
205000060,3,1237,-1234
205000061,25,2394,-2369
205000062,9,1965,-1956
205000063,67,2095,-2028
205000064,153,552,-399
205000065,808,795,13
205000066,374,502,-128
205000067,200,554,-354
205000069,169,19,150
205000082,238,289,-51
205000110,125,208,-83
205000111,206,168,38
205000112,170,128,42
205000113,117,235,-118
205000121,274,110,164
205000123,193,222,-29
205000126,990,134,856
205000127,1258,163,1095
205000128,599,85,514
205000129,1227,84,1143
205000130,287,48,239
205000131,148,53,95
205000132,72,23,49
205000133,85,3,82
205000134,407,2,405
205000137,545,80,465
205000138,646,259,387
205000139,66,189,-123
205000144,157,115,42
205000145,333,334,-1
205000151,246,66,180
205000152,176,86,90
205000153,329,79,250
205000154,125,89,36
205000155,174,28,146
205000207,5,121,-116
205000233,25,0,25
205000234,0,0,0
205000243,0,1,-1
205000244,0,4,-4
205000245,22,296,-274
205000249,0,34,-34
205000250,8,0,8
205000264,50,123,-73
206000027,5,20,-15
206000028,9,15,-6
206000043,8,51,-43
206000053,5,7,-2
206000054,1,29,-28
206000055,1,21,-20
206000075,24,12,12
206000076,26,17,9
206000077,31,30,1
206000078,6,15,-9
206000079,21,9,12
206000082,366,132,234
206000100,28,715,-687
206000103,7,8,-1
206000104,16,41,-25
206000105,21,19,2
206000106,1,12,-11
206000125,207,1,206
206000157,30,394,-364
206000170,0,176,-176
206000171,15,229,-214
206000172,41,150,-109
206000173,1,115,-114
206000174,30,50,-20
206000175,2,62,-60
206000176,50,101,-51
206000177,0,41,-41
206000178,0,514,-514
206000179,5,394,-389
206000180,7,86,-79
206000181,4,31,-27
206000182,1,55,-54
206000183,16,81,-65
206000184,1,110,-109
206000185,19,50,-31
206000186,135,266,-131
206000223,22,539,-517
206000226,50,5,45
206000227,21,16,5
206000237,52,141,-89
206000238,55,270,-215
206000239,307,1686,-1379
206000240,0,60,-60
206000241,0,42,-42
206000242,16,173,-157
206000243,16,58,-42
206000244,103,186,-83
206000245,1455,157,1298
206000246,639,23,616
206000247,613,9,604
206000248,728,77,651
206000252,131,97,34
206000258,9,44,-35
206000315,107,19,88
206000317,595,143,452
206000318,819,69,750
206000319,2681,121,2560
206000320,659,53,606
206000321,618,11,607
206000322,1183,59,1124
206000323,420,18,402
206000324,470,46,424
206000325,254,37,217
206000326,342,43,299
206000327,122,68,54
206000328,265,27,238
206000329,602,16,586
206000330,99,11,88
206000331,425,10,415
206000332,63,1,62
206000333,1616,2,1614
206000334,840,2,838
206000335,0,34,-34
206000361,8,142,-134
206000392,0,11,-11
206000405,157,2,155
206000441,155,44,111
206000498,55,42,13
206000515,42,55,-13
206000530,422,129,293
206000531,219,354,-135
206000532,1115,599,516
206000535,132,3731,-3599
206000536,16,90,-74
206000537,23,167,-144
206000613,759,275,484
206000784,735,92,643
207000001,210,433,-223
207000002,196,614,-418
207000003,252,284,-32
207000007,2519,318,2201
207000008,409,36,373
207000009,195,65,130
207000010,515,322,193
207000012,713,232,481
207000015,395,697,-302
207000019,481,165,316
207000021,398,430,-32
207000022,399,194,205
207000023,304,102,202
207000024,7,36,-29
207000025,26,167,-141
207000026,133,51,82
207000027,22,87,-65
207000028,75,160,-85
207000029,217,536,-319
207000033,339,271,68
207000034,446,107,339
207000039,887,90,797
207000040,871,62,809
207000041,127,207,-80
207000042,305,106,199
207000043,314,226,88
207000051,203,340,-137
207000052,4,258,-254
207000053,444,403,41
207000054,65,92,-27
207000055,233,133,100
207000056,272,352,-80
207000057,154,149,5
207000058,267,264,3
207000059,165,223,-58
207000060,69,313,-244
207000061,98,1439,-1341
207000062,1032,62,970
207000063,1082,181,901
207000064,476,133,343
207000065,398,241,157
207000066,762,193,569
207000067,81,74,7
207000068,246,71,175
207000069,1042,298,744
207000082,36,195,-159
207000083,137,225,-88
207000084,840,476,364
207000085,482,100,382
207000086,673,10,663
207000106,124,67,57
207000107,210,31,179
207000108,191,4,187
207000109,184,16,168
207000110,83,150,-67
207000111,87,253,-166
207000112,113,1897,-1784
207000114,59,31,28
207000115,80,94,-14
207000116,51,432,-381
207000117,33,130,-97
207000118,9,99,-90
207000119,44,62,-18
207000123,426,22,404
207000124,180,36,144
207000125,90,31,59
207000126,71,68,3
207000134,359,195,164
207000135,75,360,-285
207000148,91,613,-522
207000149,99,16,83
207000152,132,606,-474
207000153,335,667,-332
207000154,621,287,334
207000159,245,134,111
207000160,326,241,85
207000238,0,247,-247
207000242,14,97,-83
207000248,39,54,-15
207000249,222,27,195
207000250,709,193,516
207000251,184,202,-18
207000252,41,54,-13
207000278,220,174,46
207000279,90,98,-8
207000280,1359,97,1262
207000281,272,337,-65
207000282,39,695,-656
207000283,24,212,-188
207000284,14,2103,-2089
207000285,83,82,1
207000291,32,98,-66
207000304,80,81,-1
207000306,79,367,-288
207000310,197,106,91
207000353,203,1,202
207000356,17,139,-122
207000357,6,24,-18
207000358,1,33,-32
207000415,17,110,-93
207000417,81,11,70
207000418,181,106,75
207000438,0,4,-4
207000439,484,321,163
207000446,361,5,356
207000460,248,29,219
207000466,170,142,28
207000467,644,79,565
207000468,126,201,-75
207000476,7,12,-5
207000477,791,23,768
207000478,0,38,-38
207000523,0,21,-21
207000524,189,2,187
207000527,328,193,135
207000530,1409,6,1403
207000531,508,23,485
207000532,138,55,83
207000534,203,31,172
207000535,23,463,-440
207000537,15,100,-85
207000540,6,143,-137
207000541,5,194,-189
207000548,10,451,-441
207000549,733,35,698
207000561,341,299,42
207000562,72,158,-86
207000567,92,160,-68
207000568,851,51,800
207000569,1746,139,1607
207000584,69,271,-202
207000585,26,362,-336
207000587,367,93,274
207000616,0,113,-113
207000617,114,0,114
207000624,128,51,77
207000631,42,226,-184
207900008,681,139,542
208000001,943,1823,-880
208000002,1383,1120,263
208000003,1106,632,474
208000004,1497,1806,-309
208000005,4,196,-192
208000019,1480,574,906
208000020,464,278,186
208000021,462,417,45
208000022,1101,456,645
208000028,1077,1540,-463
208000033,625,339,286
208000034,900,1416,-516
208000037,973,57,916
208000040,451,126,325
208000041,1139,640,499
208000042,1760,696,1064
208000047,183,190,-7
208000064,2452,2068,384
208000066,1520,1697,-177
208000070,871,544,327
208000071,1188,355,833
208000072,1148,789,359
208000080,424,1144,-720
208000081,694,190,504
208000082,919,288,631
208000083,399,274,125
208000084,16,142,-126
208000085,948,718,230
208000086,942,1440,-498
208000087,586,943,-357
208000089,1568,273,1295
208000090,1324,541,783
208000093,52,243,-191
208000094,742,290,452
208000095,1196,737,459
208000104,2167,522,1645
208000105,1102,1009,93
208000114,160,512,-352
208000115,656,503,153
208000116,1787,1664,123
208000117,45,189,-144
208000118,254,402,-148
208000155,904,1797,-893
208000158,2245,3311,-1066
208000186,1092,2621,-1529
208000204,1190,1436,-246
208000205,2401,965,1436
208000282,1180,1344,-164
209000004,1095,303,792
209000005,120,143,-23
209000006,499,384,115
209000007,621,864,-243
209000010,395,578,-183
209000011,185,377,-192
209000012,278,301,-23
209000013,443,287,156
209000014,802,500,302
209000025,866,154,712
209000026,1349,300,1049
209000027,413,355,58
209000028,363,281,82
209000029,630,2497,-1867
209000030,713,2956,-2243
209000031,5972,2144,3828
209000034,332,649,-317
209000035,281,634,-353
209000036,561,433,128
209000037,702,523,179
209000038,298,305,-7
209000039,165,174,-9
209000040,354,684,-330
209000041,263,587,-324
209000042,538,339,199
209000043,487,800,-313
209000044,347,923,-576
209000045,838,258,580
209000046,821,343,478
209000047,529,330,199
209000048,658,640,18
209000049,165,68,97
209000050,304,117,187
209000051,504,165,339
209000052,292,272,20
209000062,201,96,105
209000063,111,59,52
209000064,80,29,51
209000065,327,98,229
209000066,162,58,104
209000067,291,73,218
209000080,19,208,-189
209000082,117,66,51
209000091,74,112,-38
209000093,90,153,-63
209000094,99,245,-146
209000110,92,254,-162
209000111,557,2724,-2167
209000112,1531,1040,491
209000113,2686,2262,424
209000114,1187,1467,-280
209000115,156,150,6
209000116,785,406,379
209000118,25,191,-166
209000119,39,161,-122
209000121,178,550,-372
209000135,45,222,-177
209000142,1053,3700,-2647
209000143,54,251,-197
209000144,52,754,-702
209000229,288,106,182
209000240,84,311,-227
209000259,92,133,-41
209000260,48,686,-638
209000261,7,246,-239
209000262,9,160,-151
209000263,1,629,-628
209000264,0,227,-227
209000265,437,9,428
209000266,131,1,130
209000267,1717,8,1709
209000268,514,72,442
210000037,192,190,2
210000047,159,37,122
210000048,137,27,110
210000049,241,14,227
210000052,105,78,27
210000053,51,55,-4
210000054,39,74,-35
210000070,273,17,256
210000071,215,1,214
210000072,128,0,128
210000073,1,44,-43
210000074,0,118,-118
210000075,1,251,-250
210000076,26,276,-250
210000077,10,363,-353
210000078,36,403,-367
210000079,29,225,-196
210000080,46,513,-467
210000081,332,16,316
210000082,34,15,19
210000083,177,1,176
210000084,135,0,135
210000085,0,196,-196
210000086,5,114,-109
210000099,68,218,-150
210000100,128,148,-20
210000101,164,161,3
210000105,22,401,-379
210000159,1,337,-336
210000163,76,225,-149
210000164,465,316,149
210000168,787,115,672
210000187,0,46,-46
210000188,0,69,-69
210000214,6,0,6
210000219,78,84,-6
210000220,228,39,189
210000232,6,16,-10
210000233,11,38,-27
210000234,49,50,-1
210000235,119,42,77
210000245,0,106,-106
210000246,82,13,69
210000258,34,84,-50
210000259,461,128,333
210000282,67,306,-239
210000285,1,141,-140
210000286,25,84,-59
210000290,10,11,-1
210000295,77,230,-153
210000296,120,69,51
210000320,419,45,374
210000321,274,23,251
210000338,78,155,-77
210000339,146,849,-703
210000340,183,284,-101
210000341,352,313,39
210000342,330,201,129
210000343,197,268,-71
210000344,101,276,-175
210000345,181,504,-323
210000346,96,236,-140
210000347,59,361,-302
210000348,160,300,-140
210000349,65,125,-60
210000350,233,279,-46
210000351,303,112,191
210000352,49,60,-11
210000353,37,54,-17
210000354,60,66,-6
210000355,62,481,-419
210000356,12,501,-489
210000357,41,639,-598
210000358,852,554,298
210000359,127,1036,-909
210000360,377,875,-498
210000361,443,358,85
210000362,540,344,196
210000363,1241,397,844
210000364,547,219,328
210000365,388,90,298
210000366,415,79,336
210000367,262,45,217
210000368,372,47,325
210000369,55,301,-246
210000370,156,438,-282
210000372,86,130,-44
210000373,39,378,-339
210000374,109,429,-320
210000375,29,45,-16
210000376,95,521,-426
210000404,64,124,-60
210000439,103,36,67
210000472,81,2,79
210000482,118,176,-58
210000564,340,247,93
210000567,1,87,-86
210000568,269,1,268
211000092,85,23,62
211000094,19,13,6
211000169,334,4,330
211000172,23,164,-141
211000209,2,87,-85
211000226,40,44,-4
211000270,96,15,81
211000275,40,20,20
211000276,175,23,152
211000279,22,79,-57
211000281,176,18,158
211000302,71,57,14
211507980,0,143,-143
211977296,27,1,26
212000003,457,257,200
212000004,24,187,-163
212000005,17,233,-216
212000006,105,250,-145
212000008,326,288,38
212000009,112,132,-20
212000012,252,53,199
212000013,96,35,61
212000014,495,109,386
212000015,490,147,343
212000016,786,397,389
212000027,638,249,389
212000028,420,307,113
212000029,260,250,10
212000030,57,22,35
212000031,78,58,20
212000048,107,582,-475
212000049,20,283,-263
212000050,37,27,10
212000051,392,86,306
212000052,393,137,256
212000053,366,257,109
212000054,617,82,535
212000055,499,126,373
212000056,15,62,-47
212000057,3,54,-51
212000058,285,100,185
212000070,236,86,150
212000077,255,200,55
212000099,471,245,226
212000108,370,681,-311
212000111,510,135,375
212000120,295,303,-8
212000138,292,110,182
212000156,2,57,-55
212000158,7,44,-37
212000159,785,91,694
212000160,732,172,560
212000161,128,10,118
212000310,53,17,36
212000311,12,80,-68
212000374,69,8,61
213000001,28,502,-474
213000005,673,253,420
213000006,771,363,408
213000007,92,36,56
213000009,365,289,76
213000010,496,301,195
213000011,295,410,-115
213000012,293,262,31
213000014,170,48,122
213000015,496,15,481
213000016,753,2,751
213000017,159,0,159
213000018,1,64,-63
213000019,7,221,-214
213000020,100,156,-56
213000021,3,55,-52
213000023,528,515,13
213000033,512,1697,-1185
213000034,384,277,107
213000035,185,453,-268
213000045,249,363,-114
213000046,128,101,27
213000047,381,1037,-656
213000056,239,50,189
213000069,463,88,375
213000073,0,75,-75
213000074,129,746,-617
213000075,1040,4,1036
213000076,18,3,15
213000085,2,14,-12
213000086,16,137,-121
213000091,448,23,425
213000092,51,17,34
213000099,406,1317,-911
213000100,1123,585,538
213000101,1280,89,1191
213000102,1335,124,1211
213000103,848,426,422
213000104,52,291,-239
213000105,110,2249,-2139
213000106,63,227,-164
213000107,216,367,-151
213000108,35,289,-254
213000109,6,205,-199
213000110,13,142,-129
213000111,4,98,-94
213000112,42,88,-46
213000115,43,11,32
213000116,58,642,-584
213000117,4,471,-467
213000118,1765,422,1343
213000119,61,467,-406
213000120,123,247,-124
213000122,225,358,-133
213000123,239,420,-181
213000124,469,525,-56
213000125,202,70,132
213000126,89,272,-183
213000127,64,160,-96
213000128,126,573,-447
213000129,225,2532,-2307
213000130,1679,1206,473
213000132,1170,302,868
213000133,2094,175,1919
213000134,3138,18,3120
213000136,694,23,671
213000137,738,58,680
213000139,478,55,423
213000147,19,58,-39
213000148,24,90,-66
213000149,23,105,-82
213000150,0,979,-979
213000151,3,377,-374
213000152,1,464,-463
213000153,8,271,-263
213000154,170,495,-325
213000155,69,469,-400
213000156,182,434,-252
213000157,1447,259,1188
213000158,626,667,-41
213000159,797,495,302
213000163,2643,419,2224
213000165,772,427,345
213000171,0,39,-39
213000172,0,61,-61
213000173,2,53,-51
213000174,0,52,-52
213000175,306,117,189
213000176,99,46,53
213000177,154,5,149
213000178,359,7,352
213000179,407,4,403
213000180,428,1,427
213000184,102,490,-388
213000188,617,143,474
213000189,914,95,819
213000190,649,535,114
213000191,675,188,487
213000192,408,157,251
213000193,958,232,726
213000194,15,267,-252
213000195,72,346,-274
213000196,472,2522,-2050
213000197,707,1290,-583
213000198,18,6,12
213000200,100,514,-414
213000201,32,91,-59
213000202,14,620,-606
213000203,2031,375,1656
213000204,1430,49,1381
213000205,427,51,376
213000206,1140,46,1094
213000207,82,5,77
213000208,50,11,39
213000209,153,8,145
213000210,217,12,205
213000211,3,102,-99
213000212,34,151,-117
213000213,25,78,-53
213000218,498,560,-62
213000219,1679,120,1559
213000220,1710,18,1692
213000223,391,280,111
213000224,33,94,-61
213000225,86,27,59
213000226,76,27,49
213000227,1742,195,1547
213000228,1088,301,787
213000229,160,57,103
213000230,1134,26,1108
213000232,195,18,177
213000233,66,215,-149
213000234,3,58,-55
213000293,21,146,-125
213000294,112,147,-35
213000295,45,93,-48
213000296,170,31,139
213000297,4,94,-90
213000298,19,92,-73
213000299,198,22,176
213000300,8,7,1
213000303,12,34,-22
213000304,2,10,-8
213000305,2,81,-79
213000306,68,899,-831
213000307,99,764,-665
213000308,100,194,-94
213000309,342,88,254
213000310,348,192,156
213000311,136,697,-561
213000315,163,283,-120
213000316,411,199,212
213000322,153,34,119
213000323,208,134,74
213000324,140,71,69
213000325,61,174,-113
213000326,20,105,-85
213000327,268,216,52
213000328,194,68,126
213000329,198,163,35
213000340,188,406,-218
213000341,1555,93,1462
213000346,191,466,-275
213000347,561,1545,-984
213000348,1,192,-191
213000349,2,8,-6
213000350,281,1054,-773
213000366,101,186,-85
213000367,792,10,782
213000379,26,135,-109
213000386,33,25,8
213000406,548,87,461
213000417,2596,650,1946
213000425,842,321,521
213000426,466,418,48
213000427,88,60,28
213000428,72,195,-123
213000429,13,11,2
213000430,161,399,-238
213000431,12,2,10
213000432,1,36,-35
213000433,18,42,-24
213000434,274,139,135
213000435,330,160,170
213000436,66,61,5
213000437,137,126,11
213000438,239,112,127
213000439,63,37,26
213000440,231,188,43
213000441,2,1,1
213000442,235,166,69
213000443,872,553,319
213000444,73,77,-4
213000445,0,64,-64
213000446,0,11,-11
213000447,2,124,-122
213000448,10,263,-253
213000449,1359,10,1349
213000450,53,36,17
213000451,386,34,352
213000452,15,10,5
213000453,65,280,-215
213000455,184,52,132
213000456,0,302,-302
213000481,2,2,0
213000482,54,3,51
213000489,166,64,102
213000491,27,459,-432
213000492,129,0,129
213000493,4,271,-267
213000494,476,87,389
213000495,0,38,-38
213000496,643,225,418
213000497,136,140,-4
213000498,256,74,182
213000499,293,204,89
213000500,1276,87,1189
213000501,402,71,331
213000502,231,149,82
213000503,0,46,-46
213000504,13,51,-38
213000505,17,9,8
213000506,0,2,-2
213000507,1,57,-56
213900244,122,0,122
213900245,0,6,-6
218000003,70,80,-10
218000004,88,89,-1
218000005,60,66,-6
218000006,83,106,-23
218000007,25,21,4
218000012,365,374,-9
218000013,438,241,197
218000014,447,304,143
218000019,471,483,-12
218000020,462,426,36
218000040,5,31,-26
218000046,192,73,119
218000047,26,80,-54
218000048,60,33,27
218000049,49,41,8
218000050,194,88,106
218000051,89,127,-38
218000052,2,48,-46
218000053,4,45,-41
218000054,19,71,-52
218000055,10,53,-43
218000056,10,65,-55
218000057,0,47,-47
218000064,4,29,-25
218000065,127,46,81
218000066,15,99,-84
218000067,139,108,31
218000068,214,54,160
218000069,607,81,526
218000070,239,413,-174
218000071,281,309,-28
218000072,210,335,-125
218000078,1982,358,1624
218000079,441,77,364
218000080,228,124,104
218000081,859,101,758
218000082,207,60,147
218000083,154,95,59
218000084,303,74,229
218000085,313,114,199
218000086,178,47,131
218000087,252,86,166
218000090,111,296,-185
218000091,1774,858,916
218000092,251,244,7
218000093,157,69,88
218000094,598,620,-22
218000099,246,508,-262
218000100,563,246,317
218000101,452,225,227
218000102,703,278,425
218000103,149,111,38
218000104,152,29,123
218000105,38,22,16
218000106,39,7,32
218000107,80,54,26
218000108,18,39,-21
218000112,95,24,71
218000117,74,165,-91
218000134,1028,475,553
218000135,21,172,-151
218000136,187,155,32
218000137,215,167,48
218000138,66,133,-67
218000139,285,233,52
218000140,940,602,338
218000141,98,101,-3
218000142,233,195,38
218000143,41,507,-466
218000144,42,242,-200
218000145,724,393,331
218000146,220,120,100
218000151,11,34,-23
218000152,63,39,24
218000170,0,23,-23
218000171,54,16,38
218000172,8,6,2
218000173,4,17,-13
218000174,24,31,-7
218000176,305,110,195
218000177,337,172,165
218000178,83,98,-15
218000179,203,43,160
218000180,109,61,48
218000181,447,39,408
218000187,18,64,-46
218000188,34,40,-6
218000189,37,133,-96
218000190,10,14,-4
218000191,385,63,322
218000192,334,171,163
218000193,735,214,521
218000194,307,281,26
218000195,173,47,126
218000196,475,191,284
218000197,692,191,501
218000198,154,100,54
218000199,52,29,23
218000200,33,50,-17
218000201,11,27,-16
218000202,92,849,-757
218000207,16,16,0
218000208,60,163,-103
218000211,49,17,32
218000213,176,73,103
218000214,1,11,-10
218000215,58,81,-23
218000217,20,49,-29
218000218,136,24,112
218000219,3,319,-316
218000220,39,2052,-2013
218000221,595,350,245
218000222,1,192,-191
218000223,47,400,-353
218000224,1,94,-93
218000225,263,21,242
218000226,188,62,126
218000232,89,59,30
218000239,181,4,177
218000240,7,3,4
218000241,40,5,35
218000242,3,3,0
218000243,9,11,-2
218000244,17,2,15
218000245,82,8,74
218000246,1,2,-1
218000247,0,1,-1
218000248,0,23,-23
218000249,1,3,-2
218000250,4,6,-2
218000251,0,68,-68
218000252,2,139,-137
218000253,0,123,-123
218000254,0,45,-45
218000255,6,7,-1
218000256,7,61,-54
218000267,637,1258,-621
218000268,14,61,-47
218000269,7,49,-42
218000270,283,31,252
218000271,3,28,-25
218000273,55,2,53
218000274,9,4,5
218000275,123,106,17
218000276,26,30,-4
218000278,32,132,-100
218000279,128,55,73
218000280,2,25,-23
218000281,7,72,-65
218000282,895,1289,-394
218000284,96,1,95
218000301,73,110,-37
218000302,59,84,-25
218000303,35,91,-56
218000316,1866,1068,798
218000317,3208,927,2281
218000318,1766,682,1084
218000319,2290,601,1689
218000320,1927,851,1076
218000338,10,243,-233
218000345,205,309,-104
218000346,33,342,-309
218000459,25,134,-109
218000490,16,77,-61
218000501,144,37,107
218000502,192,71,121
218000503,219,18,201
218000504,214,43,171
218000505,52,133,-81
218000506,32,432,-400
218000508,0,5,-5
218000510,80,7,73
218000520,173,148,25
218000521,12,32,-20
218000522,0,654,-654
218000523,164,5,159
218000524,6,365,-359
218000525,104,67,37
218000526,3,214,-211
218000529,117,71,46
218000531,21,33,-12
218000532,65,6,59
218000534,377,26,351
218000537,15,121,-106
218000538,57,593,-536
218000540,170,94,76
218000543,241,158,83
218000544,68,142,-74
218000545,135,146,-11
218000546,77,73,4
218000547,177,247,-70
218000548,136,121,15
218000549,916,120,796
218000550,175,134,41
218000551,122,445,-323
218000552,268,347,-79
218000553,40,173,-133
218000554,31,44,-13
218000555,32,70,-38
218000556,263,130,133
218000557,707,310,397
218000558,55,0,55
218000559,0,34,-34
218000560,0,56,-56
218000561,13,0,13
218000562,28,178,-150
218000563,200,46,154
218000564,4,216,-212
218000565,84,55,29
218000566,43,14,29
218000567,0,84,-84
218000568,5,0,5
218000569,1,299,-298
218000570,24,9,15
218000571,0,146,-146
218000572,140,13,127
218000573,11,203,-192
218000574,52,66,-14
218000575,147,0,147
218000576,1,72,-71
218000577,123,3,120
218000578,0,251,-251
218000579,50,24,26
218000581,2,88,-86
218000582,54,4,50
218000583,10,0,10
218000584,0,22,-22
218000585,52,3,49
218000586,31,30,1
218000587,2,0,2
218000588,1,2,-1
218000589,1,23,-22
218000590,3,0,3
218000591,3,21,-18
218000592,4,8,-4
218000593,11,57,-46
218000594,1,15,-14
218000597,0,17,-17
218000598,0,9,-9
218000599,2,30,-28
218000600,1,16,-15
218000601,0,52,-52
218000602,0,8,-8
218000603,0,12,-12
218000604,11,0,11
218000605,0,260,-260
218000606,170,0,170
218000607,16,130,-114
218000608,103,29,74
218000609,5,111,-106
218000610,44,10,34
218000611,51,21,30
218000612,0,47,-47
218000613,45,1,44
218000614,0,64,-64
218000615,249,12,237
218000616,15,316,-301
218000617,8,14,-6
218000618,0,53,-53
218000619,33,19,14
218000620,29,103,-74
218000621,0,0,0
218000622,0,134,-134
218000623,24,8,16
218000624,2,196,-194
218000625,5,13,-8
218000626,0,15,-15
218000628,280,456,-176
218000631,61,17,44
218000632,0,174,-174
218000633,97,2,95
218000634,9,15,-6
218000635,1,18,-17
218000636,1516,513,1003
218000637,1580,461,1119
218000638,326,32,294
218000639,26,93,-67
218000640,599,90,509
218000641,215,160,55
218000652,47,34,13
218000653,226,53,173
218000663,22,59,-37
218000675,13,157,-144
218000680,356,227,129
218000681,580,327,253
218000691,344,169,175
218000693,599,159,440
218000718,19,130,-111
218000719,56,226,-170
218000720,1,266,-265
218000721,29,23,6
218001147,1,129,-128
218001214,34,72,-38
218001258,730,5,725
218001329,173,223,-50
218001330,116,171,-55
218001351,44,19,25
218001352,24,21,3
218001353,17,12,5
218001354,15,29,-14
218001355,12,105,-93
218001356,579,134,445
218001357,20,151,-131
218001358,567,18,549
218001361,710,1,709
218001362,0,38,-38
219000001,35,44,-9
219000002,49,81,-32
219000003,80,34,46
219000004,66,141,-75
219000017,82,360,-278
219000020,345,19,326
219000022,232,0,232
219000023,74,2,72
219000029,2,273,-271
219000034,87,105,-18
219000039,43,328,-285
219000040,47,96,-49
219000041,270,70,200
219000051,1,249,-248
219000052,0,197,-197
219000053,3,99,-96
219000054,2,10,-8
219000055,512,1,511
219000056,5,1,4
219000057,86,0,86
219000062,15,300,-285
219000063,225,37,188
219000064,13,69,-56
219000110,274,389,-115
219000111,142,131,11
219000112,264,75,189
219000113,453,84,369
219000114,288,66,222
219000116,237,80,157
219000117,200,67,133
219000118,181,41,140
219000123,272,125,147
219000124,88,46,42
219000125,43,13,30
219000126,93,190,-97
219000127,1,12,-11
219000128,30,199,-169
219000129,54,142,-88
219000130,225,940,-715
219000131,1076,1553,-477
219000133,55,69,-14
219000134,48,59,-11
219000135,34,145,-111
219000136,115,326,-211
219000138,125,39,86
219000139,126,14,112
219000140,115,1,114
219000141,68,78,-10
219000142,24,35,-11
219000143,13,30,-17
219000145,22,63,-41
219000146,2,25,-23
219000147,1,39,-38
219000148,3,36,-33
219000149,26,40,-14
219000150,3,45,-42
219000151,5,41,-36
219000157,317,267,50
219000158,303,308,-5
219000161,218,26,192
219000163,1150,336,814
219000166,223,226,-3
219000167,175,251,-76
219000168,269,150,119
219000174,774,190,584
219000175,244,8,236
219000176,296,8,288
219000177,81,3,78
219000178,95,0,95
219000179,116,3,113
219000180,147,25,122
219000182,259,5,254
219000183,176,14,162
219000184,199,9,190
219000185,6,50,-44
219000186,165,59,106
219000187,19,141,-122
219000189,84,293,-209
219000190,95,271,-176
219000191,181,2238,-2057
219000192,258,265,-7
219000193,588,278,310
219000195,3,209,-206
219000196,4,212,-208
219000198,36,84,-48
219000199,107,132,-25
219000200,152,149,3
219000201,103,172,-69
219000203,26,102,-76
219000204,75,382,-307
219000205,32,193,-161
219000207,127,192,-65
219000209,118,40,78
219000210,42,631,-589
219000213,13,314,-301
219000239,184,289,-105
219000240,296,655,-359
219000241,171,408,-237
219000242,72,363,-291
219000243,217,322,-105
219000244,19,182,-163
219000245,12,139,-127
219000246,39,45,-6
219000247,288,47,241
219000248,702,761,-59
219000249,299,278,21
219000250,293,173,120
219000251,779,441,338
219000252,317,238,79
219000253,432,69,363
219000255,278,153,125
219000256,544,199,345
219000257,234,2,232
219000262,77,209,-132
219000263,57,147,-90
219000267,19,119,-100
219000268,12,47,-35
219000269,13,2,11
219000270,52,0,52
219000271,533,10,523
219000278,2,50,-48
219000279,0,22,-22
219000283,0,54,-54
219000295,16,113,-97
219000296,120,368,-248
219000297,110,63,47
219000298,110,28,82
219000299,459,79,380
219000300,125,80,45
219000301,60,191,-131
219000302,40,113,-73
219000307,17,29,-12
219000308,116,116,0
219000311,261,102,159
219000312,584,159,425
219000313,696,93,603
219000314,218,114,104
219000315,548,26,522
219000316,893,93,800
219000317,298,13,285
219000320,3,248,-245
219000321,1,53,-52
219000323,0,100,-100
219000325,0,11,-11
219000326,44,75,-31
219000327,47,31,16
219000328,31,22,9
219000329,195,129,66
219000330,34,28,6
219000331,67,84,-17
219000332,364,178,186
219000333,112,14,98
219000335,94,4,90
219000337,24,1,23
219000338,52,0,52
219000344,13,87,-74
219000345,104,35,69
219000346,48,45,3
219000348,177,65,112
219000349,59,145,-86
219000350,62,393,-331
219000351,0,6,-6
219000352,96,154,-58
219000353,152,105,47
219000354,450,94,356
219000355,176,114,62
219000356,430,2330,-1900
219000363,125,133,-8
219000364,288,96,192
219000365,167,32,135
219000366,203,774,-571
219000368,359,668,-309
219000370,643,910,-267
219000371,22,24,-2
219000382,6,37,-31
219000383,306,1766,-1460
219000385,235,1090,-855
219000386,847,2190,-1343
219000387,0,27,-27
219000390,18,13,5
219000391,2,3,-1
219000397,34,18,16
219000398,65,63,2
219000401,42,112,-70
219000402,52,46,6
219000403,66,443,-377
219000404,42,128,-86
219000407,15,27,-12
219000409,131,81,50
219000410,277,83,194
219000411,202,33,169
219000446,161,452,-291
219000447,15,24,-9
219000448,5,19,-14
219000452,108,124,-16
219000453,49,316,-267
219000454,236,640,-404
219000556,488,307,181
219000558,116,176,-60
219000590,20,291,-271
219000591,253,351,-98
219000592,56,319,-263
219000595,11,10,1
219000635,384,93,291
219000636,157,186,-29
219000657,68,15,53
219000658,29,166,-137
219000673,0,49,-49
219000676,0,5,-5
219000679,21,29,-8
219000684,132,21,111
219000685,0,44,-44
219000686,2,2,0
219000688,0,65,-65
219000689,12,187,-175
219000690,263,13,250
219000691,64,125,-61
219000692,292,7,285
219000693,0,10,-10
219000694,12,0,12
219000695,112,8,104
219000698,36,0,36
219000699,0,201,-201
219000727,5,465,-460
219000728,178,6,172
219000770,27,6,21
219000771,6,109,-103
219000788,333,480,-147
219001150,0,40,-40
219001151,0,2,-2
219001166,86,70,16
219001167,7,70,-63
219001178,110,1,109
220000001,45,241,-196
220000002,8,215,-207
220000003,319,304,15
220000004,543,838,-295
220000005,666,2154,-1488
220000006,199,874,-675
220000007,703,235,468
220000008,388,446,-58
220000009,477,415,62
220000010,154,72,82
220000011,493,4464,-3971
220000012,46,580,-534
220000014,150,152,-2
220000015,83,556,-473
220000017,37,459,-422
220000018,9299,3539,5760
220000019,297,896,-599
220000020,689,228,461
220000021,1494,378,1116
220000022,1521,361,1160
220000023,471,234,237
220000024,1096,787,309
220000025,647,2280,-1633
220000026,468,1153,-685
220000027,33,440,-407
220000028,34,263,-229
220000029,50,84,-34
220000030,127,267,-140
220000031,839,824,15
220000064,60,2755,-2695
221000046,0,0,0
221000047,0,0,0
221000048,0,0,0
221000049,2,48,-46
221000050,9,0,9
221000055,43,126,-83
221000057,125,4,121
221000068,231,108,123
221000069,348,55,293
221000070,343,24,319
221000071,116,9,107
221000072,374,11,363
221000073,332,71,261
221000074,0,16,-16
221000075,8,54,-46
221000076,39,31,8
221000077,38,70,-32
221000081,19,12,7
221000082,120,3,117
221000083,15,8,7
221000084,2,5,-3
221000085,14,145,-131
221000086,4,74,-70
221000087,5,152,-147
221000088,8,157,-149
221000089,34,243,-209
221000090,47,469,-422
221000098,232,39,193
221000099,356,15,341
221000100,294,7,287
221000101,225,7,218
221000102,211,45,166
221000109,19,78,-59
221000110,10,53,-43
221000111,16,103,-87
221000112,0,108,-108
221000113,20,137,-117
221000114,13,146,-133
221000120,22,184,-162
221000121,3,46,-43
221000122,32,74,-42
221000123,29,55,-26
221000124,11,43,-32
221000155,104,50,54
221000156,194,69,125
221000175,11,25,-14
221000176,0,0,0
221000182,80,6,74
221000241,507,391,116
221000242,122,324,-202
221000243,721,313,408
221000244,304,729,-425
221000245,236,227,9
221000246,88,486,-398
221000247,202,217,-15
221000248,153,250,-97
221000267,68,804,-736
221000325,18,154,-136
221000331,4,106,-102
221000338,12,76,-64
221000378,431,76,355
221000381,62,83,-21
222000282,2,12,-10
222000296,2,61,-59
222000568,415,18,397
222000569,130,40,90
222000570,249,29,220
222000571,450,35,415
222000577,10,74,-64
222000578,8,99,-91
222000579,7,96,-89
222000580,31,663,-632
222000599,0,64,-64
222000600,0,71,-71
222000601,4,622,-618
222000603,14,188,-174
222000604,3,189,-186
222000605,16,76,-60
222000606,0,44,-44
222000607,7,21,-14
222000608,9,44,-35
222000609,34,59,-25
222000616,512,80,432
222000617,13,93,-80
222000618,4,39,-35
222000620,31,73,-42
222000621,38,53,-15
222000623,882,4,878
222000624,666,7,659
222000625,1420,11,1409
222000636,35,15,20
222000686,16,61,-45
222000687,70,46,24
222001066,513,2,511
222001067,51,1,50
222001068,179,14,165
222001069,155,61,94
222001082,18,7,11
222001083,107,6,101
222001084,0,65,-65
222001085,8,213,-205
222001111,103,79,24
222001112,330,133,197
222001313,5,28,-23
222001314,2,126,-124
222001464,459,128,331
222001465,46,173,-127
222001484,249,81,168
222001485,49,54,-5
222001494,885,307,578
222001495,160,102,58
222001496,552,171,381
222001497,278,281,-3
222001502,24,57,-33
222001503,297,49,248
222001504,14,276,-262
222001505,577,7,570
222001506,14,218,-204
222001507,236,13,223
222001510,1031,10,1021
222001511,55,157,-102
222001514,755,44,711
222001515,70,335,-265
222001518,544,16,528
222001519,93,100,-7
222001527,202,22,180
222001528,34,194,-160
222001529,413,29,384
222001530,101,68,33
222001533,192,131,61
222001534,618,57,561
222001535,632,458,174
222001536,83,138,-55
222001537,451,29,422
222001538,42,270,-228
222001563,1454,86,1368
222001564,92,245,-153
222001568,228,188,40
222001576,0,4,-4
222001579,0,31,-31
222001583,26,94,-68
222001584,233,84,149
222001596,544,1167,-623
222001597,1592,313,1279
222001626,0,57,-57
222001650,4,133,-129
222001651,11,335,-324
222001914,262,25,237
222001915,40,157,-117
222001968,824,337,487
222001969,340,495,-155
222001970,95,358,-263
222001971,77,6,71
222001972,9,10,-1
225000001,640,177,463
225000002,1225,355,870
225000003,1194,282,912
225000004,932,632,300
225000005,73,78,-5
225000006,0,532,-532
225000007,2451,1624,827
225000010,509,19,490
225000011,451,2656,-2205
225000012,421,1189,-768
225000013,203,259,-56
225000014,1131,342,789
225000015,189,263,-74
225000021,1306,168,1138
225000027,480,580,-100
225000032,935,168,767
225000042,154,582,-428
225000049,197,126,71
225000050,278,44,234
225000053,18,356,-338
225000058,1116,437,679
225000067,434,143,291
225000068,217,670,-453
225000069,113,684,-571
225000070,230,460,-230
225000071,89,126,-37
225000075,94,2877,-2783
225000076,112,439,-327
225000078,82,183,-101
225000085,272,105,167
225000086,657,138,519
225000087,384,17,367
225000088,55,295,-240
225000089,73,598,-525
225000090,116,936,-820
225000091,103,236,-133
225000092,61,201,-140
225000093,536,334,202
225000094,29,204,-175
225000095,547,401,146
225000096,144,401,-257
225000098,1197,222,975
225000099,642,207,435
225000100,839,175,664
225000104,218,498,-280
225000110,32,354,-322
225000111,394,685,-291
225000112,652,1033,-381
225000113,286,2283,-1997
225000114,194,928,-734
225000115,2415,823,1592
225000116,482,328,154
225000117,1058,402,656
225000118,1873,411,1462
225000119,580,140,440
225000120,1374,99,1275
225000121,267,21,246
225000123,972,44,928
225000125,957,387,570
225000126,1406,610,796
225000127,642,3482,-2840
225000128,608,1405,-797
225000132,958,52,906
225000133,469,53,416
225000134,1200,172,1028
225000135,219,13,206
225000136,1060,23,1037
225000137,619,163,456
225000138,1057,217,840
225000143,190,282,-92
225000144,27,348,-321
225000145,99,113,-14
225000146,190,209,-19
225000147,119,140,-21
225000148,10,83,-73
225000149,135,178,-43
225000151,84,103,-19
225000155,298,268,30
225000156,357,1291,-934
225000157,868,624,244
225000158,113,300,-187
225000171,14,214,-200
225000180,74,28,46
225000181,0,203,-203
225000182,115,23,92
225000185,14,480,-466
225000187,190,364,-174
225000191,82,3,79
225000194,0,12,-12
225000208,3,81,-78
225000209,218,21,197
225000210,25,280,-255
225000217,0,39,-39
225000218,33,3,30
225000223,2,777,-775
225000224,295,16,279
225000225,0,629,-629
225000226,35,12,23
225000227,259,618,-359
225000228,3,16,-13
225000229,0,346,-346
225000230,26,2,24
225000231,0,48,-48
225000232,357,0,357
225000241,61,1,60
225000242,0,69,-69
225000249,5,0,5
225000250,73,435,-362
225000251,1011,247,764
226000042,331,485,-154
226000043,106,385,-279
226000044,328,872,-544
226000045,147,467,-320
226000046,968,312,656
226000047,882,291,591
226000048,635,305,330
226000049,666,641,25
226000070,0,36,-36
226000071,1,182,-181
226000072,0,93,-93
226000073,0,39,-39
226000074,0,24,-24
226000084,0,83,-83
226000085,2,74,-72
226000086,0,57,-57
226000087,1,44,-43
226000088,13,37,-24
226000090,65,434,-369
226000091,17,176,-159
226000092,0,31,-31
226000093,29,1,28
226000094,5,3,2
226000095,45,51,-6
226000105,6,1,5
226000106,16,0,16
226000107,9,1,8
226000108,55,0,55
226000109,249,0,249
226000124,209,259,-50
226000134,1205,752,453
226000135,2374,956,1418
226000136,898,660,238
226000137,4,431,-427
226000138,68,96,-28
226000139,27,105,-78
226000156,713,13,700
226000157,532,38,494
226000163,120,379,-259
226000202,4,253,-249
226000231,1726,20,1706
226000232,86,6,80
227000033,573,50,523
227000036,923,20,903
227000037,735,68,667
227000038,264,74,190
227000049,0,259,-259
227000050,5,250,-245
227000055,89,4,85
227000056,22,0,22
227000084,11,153,-142
227000085,1,178,-177
227000088,32,5,27
227000089,58,1,57
227000090,14,1,13
227000091,36,2,34
227000093,133,0,133
227000094,6,1,5
227000130,121,312,-191
227000131,46,248,-202
227000132,86,140,-54
227000133,16,110,-94
227000134,101,140,-39
227000152,0,13,-13
227000153,0,149,-149
227000155,6,55,-49
227000156,1,29,-28
227000165,8,115,-107
227000196,620,104,516
227000199,906,221,685
227000230,26,181,-155
227000232,882,40,842
227000242,43,446,-403
227000243,355,30,325
227000245,35,189,-154
227000246,137,185,-48
227000247,643,28,615
227000248,258,197,61
227000249,34,600,-566
227000250,612,442,170
227000251,176,941,-765
227000252,44,145,-101
227000253,302,109,193
227000262,850,22,828
227000266,2031,25,2006
227000267,36,855,-819
227000282,9,126,-117
227000284,723,18,705
227000286,12,36,-24
227000287,18,28,-10
227000291,4,457,-453
227000484,201,9,192
227000485,22,553,-531
227000655,231,1,230
227000656,535,15,520
227000657,172,3,169
227000661,381,54,327
227000680,139,121,18
229000265,50,56,-6
229000296,1,47,-46
229000297,9,28,-19
229000298,10,122,-112
229000320,26,5,21
229000321,22,19,3
229000412,21,97,-76
229000414,7,69,-62
229000415,15,6,9
229000416,2,4,-2
229000417,7,2,5
229000419,41,176,-135
229000440,229,102,127
229000442,21,6,15
229000443,10,21,-11
229000444,2,29,-27
229000445,78,7,71
229000446,42,20,22
229000847,156,0,156
229000848,78,0,78
229000849,220,2,218
229000851,73,0,73
229000854,0,44,-44
229000856,2,84,-82
229000857,0,27,-27
229000858,0,45,-45
229000919,12,100,-88
229000930,30,255,-225
229000937,116,14,102
229000966,105,24,81
229000981,31,24,7
229000985,35,16,19
229000986,0,0,0
229000987,0,0,0
229000988,2,3,-1
229000989,7,25,-18
229000990,1,2,-1
229000991,0,1,-1
229000992,13,2,11
229000993,197,3,194
229000998,11,24,-13
229000999,96,5,91
229001034,0,29,-29
229001035,12,5,7
229001037,57,1,56
229001042,28,3,25
229001047,11,42,-31
229001050,41,47,-6
229001200,60,2,58
229001338,4,8,-4
229001394,292,5,287
229001422,263,22,241
229001423,21,108,-87
229001431,64,66,-2
229001432,33,97,-64
229001444,192,48,144
229001445,102,85,17
229001503,379,133,246
229001504,142,115,27
229001505,228,65,163
229001506,132,105,27
229001509,64,12,52
229001545,191,7,184
229001546,1,61,-60
229001553,187,40,147
229001554,24,83,-59
229001559,2,4,-2
229001560,5,55,-50
229001630,87,7,80
229001631,5,16,-11
229001635,0,32,-32
229001636,0,0,0
229001658,1,68,-67
229001659,69,4,65
229001660,2,40,-38
229001661,0,56,-56
229001662,26,1,25
229001663,0,178,-178
229002584,135,248,-113
229002831,82,57,25
229002841,8,45,-37
229002842,49,89,-40
229002843,41,42,-1
229002844,40,90,-50
229002845,1,86,-85
229002846,10,49,-39
229002847,3,42,-39
229002848,8,46,-38
229002849,1,55,-54
229002850,9,1,8
229002851,27,116,-89
229002852,126,42,84
229002853,91,102,-11
229002854,44,46,-2
229002855,24,130,-106
229002856,35,35,0
229002857,9,171,-162
229002858,4,10,-6
229002859,6,115,-109
229002860,38,65,-27
229002861,79,60,19
229002862,20,56,-36
229002863,14,17,-3
229002864,24,47,-23
229002865,10,12,-2
229002866,8,7,1
229002867,2,35,-33
229002868,10,7,3
229002869,8,84,-76
229002870,72,54,18
235000066,182,57,125
235000067,279,103,176
235000072,33,61,-28
235000073,104,428,-324
235000074,58,45,13
235000080,12,104,-92
235000081,228,110,118
235000082,502,56,446
235000083,392,71,321
235000084,47,65,-18
235000085,209,84,125
235000089,116,113,3
235000092,53,176,-123
235000093,7,7,0
235000097,2,2,0
235000098,161,3,158
235000099,33,72,-39
235000116,15,23,-8
235000117,756,25,731
235000133,37,856,-819
235000134,11,221,-210
235000206,6,9,-3
235000207,1,3,-2
235000208,1,0,1
235000209,2,5,-3
235000210,8,2,6
235000212,0,26,-26
235000213,0,6,-6
235000220,3,1,2
235000221,16,123,-107
235000238,10,366,-356
235000239,2,113,-111
235000242,352,1038,-686
235000245,381,248,133
235000246,16,74,-58
235000284,13,129,-116
235000295,130,42,88
235000305,279,49,230
235000306,329,21,308
235000307,45,1,44
235000308,40,2,38
235000309,114,1,113
235000310,32,0,32
235000311,93,162,-69
235000322,0,42,-42
235000323,1,40,-39
235000324,0,25,-25
235000325,15,15,0
235000326,20,44,-24
235000351,0,61,-61
235000352,33,68,-35
235000353,8,47,-39
235000354,3,48,-45
235000355,14,32,-18
235000356,75,1,74
235000357,78,11,67
235000358,64,4,60
235000359,15,5,10
235000360,83,17,66
235000361,110,2,108
235000381,259,93,166
235000382,205,215,-10
235000390,3,2,1
235000391,150,18,132
235000392,231,314,-83
235000393,104,397,-293
235000395,118,55,63
235000396,447,93,354
235000400,108,409,-301
235000401,74,337,-263
235000405,191,163,28
235000406,64,82,-18
235000407,98,87,11
235000409,205,100,105
235000410,80,158,-78
235000411,3,55,-52
235000485,0,27,-27
235000486,2,0,2
235000549,126,252,-126
235000550,105,170,-65
235000599,233,98,135
235000600,5,14,-9
235000601,6,21,-15
235000602,164,45,119
235000614,0,14,-14
235000648,1,39,-38
235000649,109,4,105
235000685,0,4,-4
235000815,2,30,-28
235000834,0,40,-40
235000855,69,71,-2
235000862,66,75,-9
235000891,0,65,-65
235000892,15,2,13
235000901,42,251,-209
235000907,2,8,-6
235001010,166,89,77
235001029,169,199,-30
235001030,172,159,13
235001078,79,181,-102
235001079,106,60,46
235001147,18,91,-73
235001166,19,51,-32
235001167,70,37,33
235001169,90,172,-82
235001188,0,5,-5
235001189,2,4,-2
235001197,5,32,-27
235001200,108,63,45
235001207,813,63,750
235001210,288,236,52
235001215,63,175,-112
235001239,1,51,-50
235001244,0,12,-12
235016267,1,316,-315
277102712,0,0,0
277103813,0,1,-1
277103814,0,0,0
277104249,0,1,-1
277104250,0,24,-24
277104251,0,8,-8
277104252,0,4,-4
990011530,0,584,-584
990014944,0,175,-175
990015176,190,0,190
990015618,0,49,-49
990016032,0,219,-219
990032570,0,23,-23
990070001,120,6,114
990070103,0,1,-1
990070601,0,11,-11
990070751,3063,1,3062
990070766,0,137,-137
990071180,900,513,387
990071343,75,2,73
990071387,0,14,-14
990071823,397,8,389
990072600,3,675,-672
990072964,1,140,-139
990073285,0,2,-2
990074393,1,441,-440
990074870,2391,16,2375
990075106,760,4,756
990075746,1028,7,1021
990076437,5031,7,5024
990076458,2,427,-425
997000007,627,43,584
997000041,0,217,-217
997000058,108,0,108
997000062,9,1,8
997000069,1,10,-9
997000070,0,12,-12
997000100,158,0,158
997000141,0,275,-275
997000198,60,282,-222
998000475,0,0,0
998000736,1,104,-103
998000965,0,29,-29
998001031,0,56,-56
998001700,0,59,-59
998001899,0,1,-1
998001900,17,1,16
998003073,1363,0,1363
998101900,0,0,0
998102850,1,103,-102
998501927,585,1381,-796
998501929,193,15,178
998501930,110,0,110
998501931,212,2,210
998501932,19,0,19
998501933,92,0,92
998501937,242,243,-1
998501944,7,0,7
998501950,0,4,-4
998501970,194,1,193
998501971,0,90,-90
998501973,0,9,-9
998501974,2,142,-140
998501975,208,2,206
998501976,782,22,760
998501977,20,33,-13
998501978,10,0,10
998501979,0,4,-4
998501980,313,1,312
998501981,71,1,70
998501982,0,164,-164
998501983,0,2,-2
998502006,0,0,0
998502024,1,29,-28
998502032,0,1,-1
998502062,13,0,13
998502063,0,0,0
998502173,38,0,38
998502269,0,5,-5
998502546,0,615,-615
998502578,0,0,0
998502599,61,660,-599
998502621,0,0,0
998601159,1,36,-35
998601292,0,23,-23
999033574,0,175,-175
999800001,33,2,31
999800002,0,3,-3
999800003,7,3,4
999800004,0,2,-2
999800005,0,27,-27
