ID,insum,outsum,diff
100000001,541,782,-241
100000002,2592,2193,399
100000003,4642,4147,495
100000004,1104,940,164
100000005,1897,4137,-2240
100000006,473,145,328
100000007,1589,635,954
100000008,268,589,-321
100000009,501,234,267
100000010,58,66,-8
100000011,776,125,651
100000012,105,776,-671
100000013,87,189,-102
100000014,517,323,194
100000015,1499,1677,-178
100000016,904,1217,-313
100000017,707,767,-60
100000018,1290,518,772
100000019,3178,1609,1569
100000020,1550,4861,-3311
100000021,4370,1871,2499
100000022,1351,1959,-608
100000023,3720,1392,2328
100000025,1308,1192,116
100000028,1502,996,506
100000029,270,322,-52
100000030,232,60,172
100000031,3416,4785,-1369
100000032,1898,2768,-870
100000033,743,1730,-987
100000034,402,519,-117
100000035,1442,1391,51
100000036,1711,1278,433
100000037,641,377,264
100000038,1903,848,1055
100000039,575,217,358
100000040,152,135,17
100000041,1153,504,649
100000042,1063,513,550
100000043,967,446,521
100000044,365,688,-323
100000045,476,1240,-764
100000046,1035,804,231
100000047,344,499,-155
100000048,372,477,-105
100000049,1353,1543,-190
100000051,461,803,-342
100000053,226,13,213
100000054,483,39,444
100000055,1438,217,1221
100000056,520,424,96
100000057,1690,571,1119
100000058,850,1020,-170
100000059,12,140,-128
100000060,338,297,41
100000061,2062,496,1566
100000062,1624,593,1031
100000063,753,225,528
100000064,1260,244,1016
100000065,401,700,-299
100000066,171,525,-354
100000067,380,675,-295
100000068,454,1455,-1001
100000069,261,1118,-857
100000072,256,686,-430
100000073,855,966,-111
100000075,618,260,358
100000076,1541,2016,-475
100000077,259,174,85
100000078,43,25,18
100000079,39,44,-5
100000080,31,70,-39
100000081,132,157,-25
100000102,2431,1985,446
100000103,2607,1444,1163
100000104,3406,2292,1114
100000105,2498,1335,1163
100000106,1843,2020,-177
100000107,513,784,-271
100000108,716,921,-205
100000109,2065,1089,976
100000116,1177,904,273
100000117,64,91,-27
100000118,1206,957,249
100000119,506,661,-155
100000121,212,418,-206
100000122,672,830,-158
100000123,2426,3562,-1136
100000124,4202,6208,-2006
100000125,3393,1852,1541
100000126,604,416,188
100000127,1242,314,928
100000128,1423,2175,-752
100000129,399,388,11
100000130,380,429,-49
100000131,2037,2229,-192
100000132,1064,2651,-1587
100000133,4033,2216,1817
100000135,624,1014,-390
100000139,381,288,93
100000140,364,336,28
100000142,464,474,-10
100000143,1183,497,686
100000144,2643,685,1958
100000147,1105,2611,-1506
100000150,61,332,-271
100000151,999,923,76
100000153,223,377,-154
100000154,45,240,-195
100000155,26,67,-41
100000156,437,538,-101
100000157,105,102,3
100000158,248,97,151
100000159,252,472,-220
100000165,1239,778,461
100000169,214,487,-273
100000174,575,481,94
100000179,95,498,-403
100000180,1160,1468,-308
100000181,499,216,283
100000188,77,213,-136
100000189,754,288,466
100000190,736,901,-165
100000191,711,597,114
100000192,54,85,-31
100000193,351,198,153
100000330,1031,686,345
100000355,236,553,-317
100000362,4043,2450,1593
100000363,3403,3896,-493
100000364,251,219,32
100000365,4811,5794,-983
100000366,4782,2668,2114
100000367,4619,5095,-476
100000368,2480,1407,1073
100000369,913,1643,-730
100000370,156,721,-565
100000376,93,151,-58
100000379,1997,1366,631
100000380,3600,3591,9
100000384,4990,4761,229
100000385,3777,3893,-116
100000386,6713,4473,2240
100000387,4772,4968,-196
100000388,6173,5948,225
100000389,6689,5788,901
100000390,7773,6040,1733
100000391,5651,7838,-2187
100000392,3493,3378,115
100000393,2573,4677,-2104
100000394,6850,6951,-101
100000395,4784,3771,1013
100000396,7472,3391,4081
100000397,4884,6512,-1628
100000398,8682,6815,1867
100000413,16,28,-12
100900002,9,27,-18
100900003,276,163,113
100900004,20,580,-560
100900005,103,18,85
100900006,39,74,-35
100900007,289,5,284
100900008,0,289,-289
100900009,120,135,-15
100900010,64,64,0
100900011,117,123,-6
100900012,0,141,-141
100900013,631,14,617
100900014,8,9,-1
100900015,70,62,8
100900016,4,40,-36
100900017,652,56,596
100900018,0,7,-7
100900019,22,116,-94
100900020,207,12,195
100900021,353,2,351
100900022,17,20,-3
100900023,1,28,-27
100900024,468,4,464
100900025,24,25,-1
100900026,103,67,36
100900027,535,1993,-1458
100900028,93,155,-62
100900029,44,8,36
100900030,2,77,-75
100900031,505,46,459
100900032,247,2,245
100900033,251,190,61
100900034,417,4,413
100900035,340,0,340
100900036,3,2,1
100900037,84,155,-71
100900038,89,53,36
100900039,205,461,-256
100900040,370,448,-78
100900041,650,475,175
100900042,1213,1559,-346
100900043,1,34,-33
100900044,1582,444,1138
100900045,17,0,17
100900046,919,16,903
100900047,691,225,466
100900048,176,43,133
100900049,73,138,-65
100900050,1,9,-8
100900051,45,104,-59
100900052,337,41,296
100900053,347,17,330
100900054,14,40,-26
100900055,173,519,-346
100900056,140,150,-10
100900057,1172,935,237
100900058,231,37,194
100900059,127,4,123
100900060,178,6,172
100900061,329,205,124
100900062,5,41,-36
100900063,213,549,-336
100900064,551,16,535
100900065,70,74,-4
100900066,145,175,-30
100900067,1,7,-6
100900068,111,73,38
100900069,242,5,237
100900070,309,6,303
100900071,748,235,513
100900072,5,26,-21
100900073,132,280,-148
100900074,3,5,-2
100900075,1217,323,894
100900076,9,27,-18
100900077,25,62,-37
100900078,65,274,-209
100900079,6,31,-25
100900080,33,117,-84
100900081,38,99,-61
100900082,117,399,-282
100900083,7,32,-25
100900085,20,325,-305
100900086,147,414,-267
100900088,138,387,-249
100900089,1,18,-17
100900090,110,421,-311
100900091,2,16,-14
100900092,175,147,28
100900093,208,190,18
100900094,129,388,-259
100900095,1,18,-17
100900096,29,114,-85
100900097,3,2,1
100900098,16,17,-1
100900099,30,414,-384
100900100,11,416,-405
100900101,236,33,203
100900102,48,103,-55
100900103,19,19,0
100900104,7,129,-122
100900105,32,332,-300
100900106,25,5,20
100900107,1531,684,847
100900108,4,38,-34
100900109,22,28,-6
100900110,1,19,-18
100900111,31,157,-126
100900112,10,20,-10
100900113,24,24,0
100900114,13,10,3
100900115,1,39,-38
100900116,636,539,97
100900117,266,755,-489
100900118,78,88,-10
100900119,11,11,0
100900120,10,13,-3
100900121,252,427,-175
100900122,143,151,-8
100900123,53,164,-111
100900124,13,3,10
100900125,8,49,-41
100900126,147,171,-24
100900127,0,4,-4
100900128,75,135,-60
100900129,0,151,-151
100900131,68,205,-137
100900133,32,46,-14
100900134,2,4,-2
100900135,0,146,-146
100900137,258,158,100
100900138,443,427,16
100900139,10,8,2
100900140,4,387,-383
100900141,2,419,-417
100900142,0,12,-12
100900143,640,389,251
100900144,25,6,19
100900145,115,172,-57
100900146,6,51,-45
100900147,10,315,-305
100900148,30,450,-420
100900149,21,220,-199
100900150,4,34,-30
100900151,93,382,-289
100900152,141,7,134
100900153,1,116,-115
100900154,7,72,-65
100900155,23,21,2
100900156,34,1,33
100900157,13,194,-181
100900159,1,30,-29
100900160,26,10,16
100900161,57,6,51
100900162,14,357,-343
100900163,139,142,-3
100900164,42,46,-4
100900165,11,25,-14
100900166,13,2,11
100900167,15,73,-58
100900168,28,116,-88
100900169,108,735,-627
100900170,43,8,35
100900171,22,366,-344
100900172,0,21,-21
100900173,10,251,-241
100900174,278,33,245
100900176,1099,169,930
100900177,527,217,310
100900178,213,111,102
100900179,262,331,-69
100900180,9,3,6
100900181,79,60,19
100900182,26,42,-16
100900184,13,111,-98
100900186,470,406,64
100900187,8,70,-62
100900188,31,8,23
100900189,979,199,780
100900191,852,858,-6
100900192,263,325,-62
100900195,112,112,0
100900197,58,56,2
100900198,24,143,-119
100900199,4,9,-5
100900200,457,400,57
100900201,37,461,-424
100900202,56,0,56
100900203,0,107,-107
100900204,163,527,-364
100900205,175,463,-288
100900206,149,83,66
100900207,229,106,123
100900210,57,337,-280
100900211,448,153,295
100900213,99,28,71
100900214,555,121,434
100900215,49,46,3
100900217,134,92,42
101000001,2970,1868,1102
101000002,4680,4339,341
101000003,381,1054,-673
101000004,5901,4955,946
101000005,2952,3840,-888
101000006,4423,4998,-575
101000007,2061,2956,-895
101000008,2468,2116,352
101000009,1973,1067,906
101000010,826,842,-16
101000011,1132,463,669
101000012,1007,552,455
101000013,561,943,-382
101000014,426,458,-32
101000015,978,720,258
101000016,384,405,-21
101000017,593,410,183
101000018,2989,2189,800
101000020,2411,880,1531
101000021,805,387,418
101000022,192,79,113
101000023,1309,627,682
101000025,200,327,-127
101000026,209,23,186
101000027,1773,2027,-254
101000028,757,220,537
101000029,220,1306,-1086
101000030,1382,123,1259
101000031,677,537,140
101000032,6206,3906,2300
101000033,2105,3111,-1006
101000034,1968,1436,532
101000035,787,316,471
101000036,1746,946,800
101000037,2773,1684,1089
101000039,2299,2180,119
101000040,2714,3084,-370
101000041,6421,5319,1102
101000042,369,940,-571
101000043,5305,5188,117
101000045,1206,827,379
101000046,2864,1492,1372
101000047,1979,2904,-925
101000048,623,553,70
101000049,691,1498,-807
101000050,1711,1632,79
101000051,1782,2234,-452
101000052,1385,920,465
101000053,982,1242,-260
101000054,1602,1035,567
101000055,1241,1171,70
101000056,69,110,-41
101000057,1688,1169,519
101000058,1164,1068,96
101000059,1894,1802,92
101000060,1583,625,958
101000061,910,1036,-126
101000062,859,672,187
101000063,505,871,-366
101000064,1020,903,117
101000065,423,402,21
101000066,912,842,70
101000067,1160,830,330
101000068,322,420,-98
101000069,348,99,249
101000070,1104,897,207
101000071,1585,792,793
101000072,722,2725,-2003
101000073,709,1001,-292
101000074,4607,3348,1259
101000075,4028,4441,-413
101000077,1556,1162,394
101000078,894,1942,-1048
101000079,599,471,128
101000080,456,425,31
101000081,1661,1438,223
101000082,2888,2590,298
101000083,2358,1918,440
101000084,1200,743,457
101000085,1393,1181,212
101000086,1078,1107,-29
101000087,895,953,-58
101000088,1186,1070,116
101000089,957,1317,-360
101000090,1840,1103,737
101000091,389,737,-348
101000092,918,770,148
101000093,1294,680,614
101000094,873,900,-27
101000095,386,543,-157
101000096,325,456,-131
101000097,525,447,78
101000098,331,478,-147
101000099,964,1024,-60
101000100,744,757,-13
101000101,357,338,19
101000102,702,467,235
101000103,879,510,369
101000104,329,605,-276
101000105,580,340,240
101000106,560,568,-8
101000107,255,335,-80
101000108,822,259,563
101000109,326,64,262
101000110,69,368,-299
101000111,76,207,-131
101000113,152,517,-365
101000114,6428,5058,1370
101000115,125,92,33
101000116,123,121,2
101000117,981,220,761
101000119,55,56,-1
101000120,126,49,77
101000121,75,64,11
101000122,113,75,38
101000123,46,92,-46
101000124,559,206,353
101000125,166,457,-291
101000128,353,356,-3
101000130,227,327,-100
101000131,652,457,195
101000132,547,701,-154
101000135,64,49,15
101000136,486,159,327
101000137,31,299,-268
101000141,1282,2293,-1011
101000147,752,407,345
101000148,716,24,692
101000149,106,165,-59
101000150,98,562,-464
101000151,175,55,120
101000152,243,237,6
101000153,525,261,264
101000154,267,796,-529
101000155,248,166,82
101000156,21,249,-228
101000157,35,15,20
101000160,13,61,-48
101000163,215,334,-119
101000164,366,274,92
101000165,259,323,-64
101000166,214,367,-153
101000168,719,410,309
101000252,1713,852,861
101000254,237,69,168
101000258,40,7,33
101000261,106,33,73
101000262,919,1829,-910
101000263,214,913,-699
101000265,86,567,-481
101000266,290,198,92
101000269,33,11,22
101000290,1057,1911,-854
101000293,18,46,-28
101000294,638,462,176
101000295,145,380,-235
101000301,655,380,275
101000304,1802,2225,-423
101000305,2630,1240,1390
101000328,105,372,-267
101900001,42,68,-26
101900002,0,11,-11
101900003,56,77,-21
101900004,3,67,-64
101900005,2873,2086,787
101900006,853,56,797
101900007,709,167,542
101900008,53,235,-182
101900009,38,326,-288
101900010,752,641,111
101900011,209,827,-618
101900012,212,166,46
101900013,635,139,496
101900017,8,110,-102
101900018,1078,275,803
101900019,202,116,86
101900020,61,32,29
101900021,1,28,-27
101900022,154,790,-636
101900023,132,151,-19
101900026,102,31,71
101900027,16,96,-80
102000001,2016,3674,-1658
102000002,2332,854,1478
102000003,2831,5884,-3053
102000004,5062,2536,2526
102000005,1176,1743,-567
102000006,1082,1582,-500
102000007,1478,3859,-2381
102000008,3184,1360,1824
102000009,5188,7117,-1929
102000010,4346,2873,1473
102000011,2742,2308,434
102000012,2946,2747,199
102000018,2550,2393,157
102000019,1845,1367,478
102000026,187,457,-270
102000029,280,219,61
102000030,110,293,-183
102000031,81,127,-46
102000032,428,282,146
102000033,241,323,-82
102000034,454,394,60
102000035,937,600,337
102000036,25,225,-200
102000037,137,70,67
102000038,175,313,-138
102000039,195,74,121
102000040,442,265,177
102000041,211,430,-219
102000042,187,356,-169
102000043,310,226,84
102000044,329,350,-21
102000045,825,729,96
102000046,936,540,396
102000047,745,906,-161
102000048,340,660,-320
102000049,989,669,320
102000050,1041,1076,-35
102000051,363,615,-252
102000052,1084,719,365
102000053,868,903,-35
102000054,526,781,-255
102000055,943,620,323
102000056,776,764,12
102000057,1113,491,622
102000058,985,1186,-201
102000059,1282,1245,37
102000060,1087,880,207
102000061,1486,1585,-99
102000062,1600,963,637
102000063,1032,1221,-189
102000064,523,604,-81
102000065,40,106,-66
102000066,801,866,-65
102000067,1703,2404,-701
102000068,7089,2233,4856
102000069,45,1605,-1560
102000070,1345,39,1306
102000071,5589,7515,-1926
102000072,2587,3323,-736
102000073,886,822,64
102000074,616,795,-179
102000075,83,232,-149
102000076,187,345,-158
102000077,506,780,-274
102000078,813,581,232
102000079,151,215,-64
102000080,262,182,80
102000081,299,666,-367
102000082,565,294,271
102000083,557,267,290
102000084,260,206,54
102000085,1615,872,743
102000086,1004,919,85
102000087,806,1414,-608
102000088,372,266,106
102000089,1053,337,716
102000090,408,934,-526
102000091,1122,528,594
102000092,332,589,-257
102000093,431,530,-99
102000094,861,637,224
102000095,965,1046,-81
102000096,847,808,39
102000097,674,749,-75
102000098,616,757,-141
102000099,817,731,86
102000100,673,1267,-594
102000101,1043,819,224
102000102,258,1145,-887
102000103,1150,451,699
102000104,585,308,277
102000105,247,490,-243
102000106,752,538,214
102000107,1083,463,620
102000108,574,194,380
102000109,356,442,-86
102000110,875,923,-48
102000111,3,187,-184
102000112,119,92,27
102000113,20,30,-10
102000114,602,296,306
102000115,195,278,-83
102000116,341,342,-1
102000117,213,449,-236
102000118,1018,1055,-37
102000119,1333,697,636
102000120,171,426,-255
102000121,937,498,439
102000122,617,870,-253
102000123,1096,1006,90
102000124,1178,1019,159
102000125,838,752,86
102000126,749,659,90
102000127,1152,606,546
102000128,677,941,-264
102000129,1255,644,611
102000130,550,645,-95
102000131,1526,579,947
102000132,481,917,-436
102000133,1596,1462,134
102000134,611,593,18
102000135,610,715,-105
102000136,864,516,348
102000137,885,879,6
102000138,240,443,-203
102000139,59,344,-285
102000140,216,318,-102
102000141,187,491,-304
102000142,280,333,-53
102000143,144,385,-241
102000144,269,310,-41
102000145,322,390,-68
102000146,419,312,107
102000147,524,406,118
102000148,228,438,-210
102000149,107,343,-236
102000150,324,100,224
102000151,90,232,-142
102000152,178,145,33
102000153,980,426,554
102000154,280,564,-284
102000155,116,311,-195
102000156,323,139,184
102000157,123,403,-280
102000158,514,532,-18
102000159,768,374,394
102000161,2788,1699,1089
102000162,154,155,-1
102000163,88,467,-379
102000164,880,1032,-152
102000165,412,191,221
102000166,78,138,-60
102000167,263,200,63
102000168,268,157,111
102000169,93,419,-326
102000170,456,225,231
102000171,182,239,-57
102000172,101,339,-238
102000173,406,257,149
102000174,63,67,-4
102000175,100,87,13
102000176,60,25,35
102000178,245,328,-83
102000179,338,189,149
102000180,780,347,433
102000181,674,451,223
102000182,471,428,43
102000183,1575,1379,196
102000184,1606,637,969
102000185,2392,1104,1288
102000186,1053,1442,-389
102000187,783,1173,-390
102000188,857,1114,-257
102000189,2004,653,1351
102000190,633,2360,-1727
102000191,987,428,559
102000192,973,1183,-210
102000193,54,124,-70
102000194,62,114,-52
102000195,368,387,-19
102000196,221,298,-77
102000197,527,361,166
102000198,230,596,-366
102000199,923,321,602
102000200,304,871,-567
102000201,950,388,562
102000202,2,70,-68
102000203,362,198,164
102000204,365,571,-206
102000205,972,333,639
102000206,568,531,37
102000207,577,427,150
102000208,398,432,-34
102000209,61,62,-1
102000210,318,334,-16
102000211,418,213,205
102000212,211,7,204
102000213,7,222,-215
102000214,228,7,221
102000215,13,296,-283
102000216,44,43,1
102000217,8,116,-108
102000218,234,145,89
102000219,274,214,60
102000225,567,496,71
102000226,1521,774,747
102000227,131,1,130
102000228,3,72,-69
102000229,34,49,-15
102000230,226,354,-128
102000231,230,294,-64
102000232,23,137,-114
102000233,425,556,-131
102000234,115,899,-784
102000236,209,74,135
102000237,412,117,295
102000238,160,234,-74
102000240,499,611,-112
102000241,182,128,54
102000243,19,78,-59
102000245,19,113,-94
102000246,8,23,-15
102000247,512,610,-98
102000248,367,659,-292
102000249,95,120,-25
102000250,62,313,-251
102000254,100,213,-113
102000266,58,340,-282
102000271,23,3,20
102000286,342,277,65
102000297,1585,913,672
102000301,0,0,0
102000303,0,0,0
102000307,0,0,0
102900001,1058,687,371
102900002,359,44,315
102900003,70,146,-76
102900005,374,274,100
102900006,510,148,362
102900007,447,20,427
102900008,260,47,213
102900009,522,324,198
102900010,334,708,-374
102900011,1570,306,1264
102900012,285,62,223
102900013,21,39,-18
102900015,590,413,177
102900016,79,93,-14
102900017,218,404,-186
102900018,64,87,-23
102900019,369,348,21
102900020,142,21,121
102900021,23,70,-47
102900022,493,151,342
102900023,31,39,-8
102900024,38,34,4
102900025,176,106,70
102900026,331,1732,-1401
102900027,91,57,34
102900028,129,648,-519
102900029,168,156,12
102900030,316,267,49
102900031,189,129,60
102900032,83,63,20
102900033,118,185,-67
102900034,521,86,435
102900035,158,254,-96
102900036,285,380,-95
102900037,259,372,-113
102900038,430,379,51
102900039,42,449,-407
102900040,155,229,-74
102900041,100,153,-53
102900042,203,238,-35
102900043,133,183,-50
102900044,484,1538,-1054
102900045,94,507,-413
102900046,133,196,-63
102900047,86,509,-423
102900048,589,476,113
102900049,137,237,-100
102900050,183,256,-73
102900051,231,182,49
102900052,55,83,-28
102900053,432,538,-106
102900054,577,1030,-453
102900055,93,202,-109
102900056,101,406,-305
102900057,5,55,-50
102900058,243,54,189
102900059,30,49,-19
102900060,117,396,-279
102900061,118,351,-233
102900062,213,755,-542
102900063,1135,381,754
102900064,124,278,-154
102900065,1171,430,741
102900066,300,25,275
102900068,113,64,49
102900070,166,420,-254
102900072,9,31,-22
102900073,108,13,95
102900075,8,45,-37
102900076,161,149,12
102900077,64,22,42
102900078,34,38,-4
102900079,162,9,153
102900080,329,26,303
102900081,73,215,-142
102900082,11,174,-163
102900083,194,20,174
102900084,11,39,-28
102900085,273,95,178
102900086,9,76,-67
102900087,81,112,-31
102900088,29,14,15
102900089,241,79,162
102900090,0,263,-263
102900091,177,4,173
102900092,397,609,-212
102900093,237,280,-43
102900094,5,105,-100
102900095,128,5,123
102900096,45,13,32
102900097,7,90,-83
102900098,33,14,19
103000001,2259,2231,28
103000002,1753,2070,-317
103000003,3022,2661,361
103000004,791,652,139
103000005,1536,2352,-816
103000006,621,1265,-644
103000007,351,575,-224
103000008,718,552,166
103000009,1081,897,184
103000010,133,87,46
103000011,1239,1108,131
103000012,1176,1304,-128
103000013,3382,1893,1489
103000014,1346,2207,-861
103000015,1437,574,863
103000016,422,1152,-730
103000017,179,303,-124
103000018,654,278,376
103000019,240,290,-50
103000020,2230,1237,993
103000021,1667,1551,116
103000022,738,888,-150
103000023,577,1370,-793
103000024,96,124,-28
103000025,89,608,-519
103000026,809,147,662
103000027,297,525,-228
103000028,324,367,-43
103000029,224,254,-30
103000030,1220,866,354
103000031,1020,1454,-434
103000032,1931,1536,395
103000033,2601,2311,290
103000034,1341,1041,300
103000035,411,1263,-852
103000036,385,438,-53
103000037,613,468,145
103000038,461,862,-401
103000039,345,292,53
103000040,451,718,-267
103000041,1394,1907,-513
103000042,1134,397,737
103000043,554,759,-205
103000044,235,146,89
103000046,352,343,9
103000047,552,533,19
103000048,152,193,-41
103000049,121,102,19
103000050,583,374,209
103000051,464,505,-41
103000052,791,337,454
103000053,162,913,-751
103000054,2314,1316,998
103000055,1721,1904,-183
103000056,675,1144,-469
103000057,560,220,340
103000058,635,737,-102
103000059,442,658,-216
103000060,798,633,165
103000061,370,905,-535
103000062,1015,471,544
103000063,669,741,-72
103000064,185,144,41
103000065,7,351,-344
103000066,212,9,203
103000069,522,325,197
103000070,810,618,192
103000071,1004,423,581
103000072,86,566,-480
103000073,599,92,507
103000074,590,83,507
103000075,97,471,-374
103000076,292,320,-28
103000077,35,240,-205
103000078,855,566,289
103000079,554,527,27
103000080,902,296,606
103000081,424,853,-429
103000082,379,189,190
103000083,85,288,-203
103000084,112,11,101
103000085,2,84,-82
103000086,489,349,140
103000087,148,456,-308
103000088,236,275,-39
103000089,282,418,-136
103000090,1634,684,950
103000091,630,384,246
103000092,238,244,-6
103000093,269,271,-2
103000094,170,73,97
103000095,70,255,-185
103000096,549,92,457
103000097,66,717,-651
103000098,690,175,515
103000099,247,557,-310
103000100,114,535,-421
103000101,674,95,579
103000102,77,397,-320
103000103,586,123,463
103000104,55,73,-18
103000105,91,47,44
103000106,4,124,-120
103000107,151,31,120
103000108,671,515,156
103000109,362,353,9
103000110,439,416,23
103000111,543,443,100
103000112,290,172,118
103000113,697,549,148
103000114,1133,414,719
103000115,477,453,24
103000116,566,328,238
103000117,412,415,-3
103000118,623,606,17
103000119,953,426,527
103000120,53,115,-62
103000121,226,470,-244
103000122,389,410,-21
103000125,25,184,-159
103000126,547,6,541
103000127,2,138,-136
103000128,154,5,149
103000129,1,100,-99
103000130,46,45,1
103000131,104,73,31
103000132,64,114,-50
103000133,14,78,-64
103000134,531,659,-128
103000135,455,250,205
103000136,699,428,271
103000137,483,577,-94
103000138,795,747,48
103000139,2,65,-63
103000140,108,27,81
103000141,73,121,-48
103000142,146,72,74
103000143,50,176,-126
103000144,182,64,118
103000145,27,84,-57
103000150,98,39,59
103000152,199,240,-41
103000153,206,109,97
103000156,4,246,-242
103000157,329,2,327
103000159,155,37,118
103000162,56,30,26
103000163,21,43,-22
103000164,13,13,0
103000165,81,245,-164
103000166,174,257,-83
103000167,181,103,78
103000168,89,143,-54
103000169,206,357,-151
103000170,768,334,434
103000171,45,68,-23
103000172,529,242,287
103000173,548,415,133
103000174,158,268,-110
103000175,217,266,-49
103000176,764,557,207
103000177,455,334,121
103000178,196,220,-24
103000179,168,39,129
103000183,112,6,106
103000185,62,27,35
103000186,115,142,-27
103000187,515,281,234
103000188,13,53,-40
103000189,702,670,32
103000191,525,580,-55
103000292,1221,1247,-26
103000293,807,1824,-1017
103000295,84,91,-7
103000296,204,1,203
103000297,26,57,-31
103000504,95,13,82
103000505,2,21,-19
103000506,3,166,-163
103000507,210,2,208
103000508,63,67,-4
103000509,177,517,-340
103900001,5,142,-137
103900002,839,146,693
103900003,1229,123,1106
103900004,110,0,110
103900005,4,138,-134
103900006,2,1,1
103900007,49,4,45
103900008,11,2,9
103900009,236,488,-252
103900010,130,333,-203
103900011,292,188,104
103900012,6,15,-9
103900013,72,62,10
103900014,88,16,72
103900015,46,13,33
103900016,266,173,93
103900017,31,86,-55
103900018,588,183,405
103900019,65,337,-272
103900020,192,400,-208
103900021,465,134,331
103900022,1116,613,503
103900023,138,2,136
103900024,61,365,-304
103900025,12,38,-26
103900026,105,0,105
103900027,653,220,433
103900028,17,211,-194
103900029,1053,155,898
103900030,224,71,153
103900031,26,5,21
103900032,64,62,2
103900033,113,15,98
103900034,27,85,-58
103900035,90,50,40
103900036,31,35,-4
103900037,106,76,30
103900038,122,195,-73
103900039,78,209,-131
103900040,5,130,-125
103900041,40,70,-30
103900042,52,283,-231
103900043,125,69,56
103900044,97,216,-119
103900045,301,169,132
103900047,69,19,50
103900048,31,39,-8
103900049,166,1075,-909
103900050,15,99,-84
103900051,0,36,-36
103900052,232,301,-69
103900053,238,466,-228
103900054,101,261,-160
103900055,406,197,209
103900056,68,46,22
103900057,33,169,-136
103900058,273,468,-195
103900059,0,22,-22
103900060,31,147,-116
103900061,147,58,89
103900062,265,79,186
103900063,7,0,7
103900064,117,8,109
103900065,781,404,377
103900066,139,33,106
103900067,142,8,134
103900068,24,0,24
103900069,53,18,35
103900070,146,282,-136
103900071,23,107,-84
103900072,8,163,-155
103900073,22,24,-2
103900074,74,67,7
103900075,196,69,127
103900076,417,420,-3
103900077,44,86,-42
103900078,361,99,262
103900079,162,140,22
103900080,14,48,-34
103900081,62,19,43
103900082,29,116,-87
103900083,1184,838,346
103900084,67,115,-48
103900085,79,123,-44
103900086,572,379,193
103900088,397,498,-101
103900089,59,127,-68
103900090,5,80,-75
103900091,1069,194,875
103900092,573,407,166
103900093,95,255,-160
103900094,9,89,-80
103900095,260,223,37
103900096,17,150,-133
103900097,18,370,-352
103900098,206,108,98
103900099,57,106,-49
103900100,174,273,-99
103900101,93,920,-827
103900102,0,44,-44
103900104,0,27,-27
103900105,69,151,-82
103900106,0,77,-77
103900107,119,160,-41
103900108,39,230,-191
103900109,76,61,15
103900110,180,52,128
103900111,117,432,-315
103900112,58,120,-62
103900113,134,202,-68
103900114,324,256,68
103900115,248,172,76
103900116,4023,2496,1527
103900117,135,70,65
103900119,33,63,-30
103900120,49,78,-29
103900122,70,298,-228
103900123,1035,482,553
103900124,57,364,-307
103900125,105,68,37
103900126,413,252,161
103900127,188,377,-189
103900128,150,124,26
103900131,33,99,-66
103900133,855,43,812
103900134,0,6,-6
103900135,0,5,-5
103900137,1,23,-22
103900138,76,152,-76
103900139,211,1643,-1432
103900140,7,90,-83
103900141,286,58,228
103900142,184,111,73
103900143,47,0,47
103900144,2,53,-51
103900145,201,230,-29
103900146,275,187,88
103900147,284,106,178
103900148,195,270,-75
103900149,311,450,-139
103900150,4374,3239,1135
103900151,30,146,-116
103900152,497,319,178
103900153,6,9,-3
103900154,622,1548,-926
103900155,42,181,-139
103900156,66,116,-50
103900157,44,131,-87
103900158,90,109,-19
103900159,129,51,78
103900160,57,40,17
103900161,83,140,-57
103900162,70,128,-58
103900163,11,379,-368
103900167,21,99,-78
103900168,65,90,-25
103900169,40,54,-14
103900170,1,67,-66
103900171,1,62,-61
103900172,8,17,-9
103900173,8,7,1
103900174,173,61,112
103900175,53,69,-16
103900176,10,25,-15
103900177,2,59,-57
103900178,43,38,5
103900179,45,106,-61
103900180,11,82,-71
103900181,41,31,10
103900182,44,18,26
103900184,361,112,249
103900185,99,275,-176
103900187,19,57,-38
103900188,40,28,12
103900189,133,4,129
103900190,77,51,26
103900191,26,51,-25
103900192,26,76,-50
103900193,171,156,15
103900194,48,211,-163
103900195,11,75,-64
103900196,113,40,73
103900197,11,8,3
103900198,13,35,-22
103900199,103,35,68
103900200,161,70,91
103900201,104,182,-78
103900202,19,51,-32
103900203,33,17,16
103900204,2,77,-75
103900207,5,83,-78
103900208,104,2,102
103900209,5,75,-70
103900210,40,35,5
103900211,496,275,221
103900212,128,320,-192
103900213,63,245,-182
103900214,267,187,80
103900215,425,343,82
103900216,6,287,-281
103900217,389,78,311
103900218,0,187,-187
103900219,114,186,-72
103900233,52,3,49
103900235,25,14,11
103900236,25,3,22
103900242,8,11,-3
103900243,2,6,-4
103900244,96,137,-41
103900245,86,133,-47
103900246,41,31,10
103900247,54,85,-31
103900248,12,56,-44
103900249,21,55,-34
103900250,34,23,11
103900251,11,30,-19
103900253,21,74,-53
103900254,5,15,-10
103900255,4,16,-12
103900256,25,30,-5
103900257,82,85,-3
103900258,25,7,18
103900259,62,7,55
103900261,8,9,-1
103900262,20,8,12
103900263,42,27,15
103900264,39,57,-18
103900265,34,10,24
103900266,0,71,-71
103900267,16,95,-79
103900268,21,38,-17
103900269,162,23,139
103900270,51,105,-54
103900271,22,73,-51
103900272,63,59,4
103900273,30,64,-34
103900274,57,4,53
103900275,31,6,25
103900276,8,38,-30
103900277,8,46,-38
103900278,9,34,-25
103900279,1,10,-9
103900280,1,68,-67
104000001,1853,1666,187
104000002,1354,2018,-664
104000003,1969,1800,169
104000004,2214,2231,-17
104000005,1413,1568,-155
104000006,2583,2131,452
104000007,3521,3455,66
104000008,221,255,-34
104000009,175,96,79
104000010,162,221,-59
104000011,384,232,152
104000012,151,302,-151
104000013,204,174,30
104000014,165,524,-359
104000015,317,107,210
104000016,532,289,243
104000018,769,177,592
104000019,495,165,330
104000020,115,396,-281
104000021,259,441,-182
104000022,122,211,-89
104000023,657,281,376
104000024,226,278,-52
104000026,45,304,-259
104000027,201,192,9
104000028,322,243,79
104000029,260,351,-91
104000030,225,234,-9
104000031,1132,341,791
104000032,183,216,-33
104000033,655,451,204
104000034,325,201,124
104000035,847,350,497
104000036,699,428,271
104000037,282,174,108
104000038,456,205,251
104000039,200,183,17
104000040,221,362,-141
104000041,684,274,410
104000042,224,252,-28
104000043,237,325,-88
104000044,215,467,-252
104000045,806,742,64
104000046,899,1145,-246
104000047,650,997,-347
104000048,986,1271,-285
104000049,538,253,285
104000050,153,539,-386
104000051,77,514,-437
104000052,1148,1405,-257
104000053,660,399,261
104000054,546,324,222
104000055,3459,2239,1220
104000056,973,187,786
104000057,145,351,-206
104000058,597,567,30
104000059,477,809,-332
104000060,970,1041,-71
104000061,1145,879,266
104000062,339,137,202
104000064,461,304,157
104000065,210,647,-437
104000069,868,1012,-144
104000070,55,508,-453
104000071,107,373,-266
104000072,515,168,347
104000075,62,210,-148
104000076,458,99,359
104000082,2106,2986,-880
104000083,699,187,512
104000084,93,508,-415
104000085,219,336,-117
104000086,195,365,-170
104000087,382,1582,-1200
104000090,673,874,-201
104000092,1170,1632,-462
104000094,725,1089,-364
104000095,1353,1113,240
104000096,1211,117,1094
104000097,1546,721,825
104000098,1836,783,1053
104000100,1400,509,891
104000101,1113,1267,-154
104000106,55,506,-451
104000107,585,392,193
104000108,210,409,-199
104000109,223,87,136
104000110,659,964,-305
104000111,2979,1968,1011
104000112,1593,478,1115
104000116,5,735,-730
104000117,134,465,-331
104000118,481,154,327
104000119,527,203,324
104000120,196,539,-343
104000121,158,597,-439
104000122,585,685,-100
104000123,626,878,-252
104000124,669,1599,-930
104000125,2498,3795,-1297
104000126,301,299,2
104000127,1163,2238,-1075
104000128,628,313,315
104000129,283,20,263
104000130,9,140,-131
104000131,545,409,136
104000132,394,435,-41
104000133,1307,823,484
104000134,818,1473,-655
104000135,464,1802,-1338
104000136,745,3673,-2928
104000137,1395,348,1047
104000138,794,237,557
104000139,4635,2538,2097
104000141,844,1113,-269
104000142,529,578,-49
104000143,463,461,2
104000144,93,190,-97
104000145,366,209,157
104000146,252,402,-150
104000147,115,228,-113
104000148,316,135,181
104000149,170,231,-61
104000150,824,443,381
104000151,291,341,-50
104000152,513,454,59
104000153,574,504,70
104000154,886,465,421
104000155,446,554,-108
104000157,907,1195,-288
104000158,323,383,-60
104000159,773,416,357
104000160,1608,1562,46
104000161,161,163,-2
104000162,73,137,-64
104000165,806,765,41
104000167,595,796,-201
104000168,469,7,462
104000169,110,32,78
104000170,455,572,-117
104000248,201,547,-346
104000251,52,174,-122
104000272,0,0,0
104000273,0,0,0
104000274,0,0,0
104000275,0,0,0
104000279,583,331,252
104000290,62,235,-173
104000291,592,954,-362
104000293,646,669,-23
104000294,40,0,40
104000295,507,639,-132
104000296,271,543,-272
104000297,674,1586,-912
104000298,1611,710,901
104000299,659,1083,-424
104900001,149,294,-145
104900002,36,167,-131
104900003,46,236,-190
104900004,94,219,-125
104900005,218,226,-8
104900006,282,99,183
104900007,248,165,83
104900009,113,278,-165
104900010,89,62,27
104900011,22,13,9
104900012,294,32,262
104900013,157,23,134
104900014,2117,304,1813
104900015,115,10,105
104900016,186,162,24
104900017,197,163,34
104900018,4,137,-133
104900019,251,2325,-2074
104900020,55,252,-197
104900021,2,92,-90
104900022,3,128,-125
104900023,0,42,-42
104900024,12,70,-58
104900025,67,201,-134
104900026,1,50,-49
104900027,420,270,150
104900028,26,86,-60
104900029,30,47,-17
104900030,481,241,240
104900031,67,213,-146
104900032,39,89,-50
104900033,179,210,-31
104900034,374,160,214
104900035,312,196,116
104900036,206,74,132
104900037,117,147,-30
104900038,373,700,-327
104900039,380,319,61
104900040,336,103,233
104900041,264,120,144
104900042,119,205,-86
104900043,15,116,-101
104900044,538,185,353
104900045,447,49,398
104900046,171,106,65
104900047,295,136,159
104900048,264,67,197
104900049,25,41,-16
104900050,237,103,134
104900051,275,51,224
104900052,57,1,56
104900053,408,108,300
104900054,155,49,106
104900055,84,0,84
104900056,148,18,130
104900057,29,1,28
104900058,705,340,365
104900059,201,75,126
104900060,0,302,-302
104900061,221,458,-237
104900063,0,110,-110
104900064,0,54,-54
104900065,3,180,-177
104900066,3,144,-141
104900067,6,292,-286
104900068,18,166,-148
104900070,160,252,-92
104900071,1,345,-344
104900072,43,252,-209
104900073,56,141,-85
104900074,56,217,-161
104900075,39,46,-7
104900076,70,219,-149
104900077,738,226,512
104900078,167,385,-218
104900079,97,422,-325
104900080,107,454,-347
104900082,18,349,-331
104900085,0,125,-125
104900087,492,3,489
104900089,195,1,194
104900090,743,662,81
104900091,626,493,133
104900093,218,462,-244
104900097,1950,1891,59
104900098,73,38,35
104900099,74,452,-378
104900100,335,212,123
104900102,29,118,-89
104900103,421,55,366
104900104,2386,1748,638
104900106,74,99,-25
104900107,113,164,-51
104900108,37,169,-132
104900109,109,182,-73
104900110,4,38,-34
104900111,131,96,35
104900112,239,500,-261
104900113,661,257,404
104900114,296,357,-61
104900115,569,323,246
104900116,227,139,88
104900118,19,46,-27
104900119,4,29,-25
104900120,38,185,-147
104900121,0,64,-64
104900122,2,31,-29
104900123,43,8,35
104900124,41,0,41
104900125,417,5,412
104900126,70,55,15
104900127,43,117,-74
104900128,109,116,-7
104900129,1205,1643,-438
105000001,2140,1260,880
105000002,2063,1465,598
105000003,2927,3255,-328
105000004,521,747,-226
105000005,746,895,-149
105000006,1222,1521,-299
105000007,1174,1253,-79
105000008,1408,2531,-1123
105000009,1939,2726,-787
105000010,2526,1692,834
105000011,2775,2485,290
105000012,3150,2388,762
105000013,934,918,16
105000014,1558,2259,-701
105000015,7697,11398,-3701
105000016,2197,1939,258
105000017,1486,753,733
105000018,1125,1233,-108
105000019,1061,719,342
105000020,140,346,-206
105000021,214,99,115
105000022,243,86,157
105000023,466,364,102
105000028,83,114,-31
105000029,494,1177,-683
105000030,3484,2204,1280
105000033,903,1575,-672
105000034,107,746,-639
105000037,538,215,323
105000038,1592,1622,-30
105000039,2218,1514,704
105000040,803,1127,-324
105000041,506,1023,-517
105000042,2458,1728,730
105000043,1378,1744,-366
105000044,580,377,203
105000045,285,643,-358
105000046,1160,296,864
105000047,461,922,-461
105000048,493,169,324
105000049,175,405,-230
105000050,565,325,240
105000051,111,312,-201
105000052,461,656,-195
105000053,94,129,-35
105000054,264,692,-428
105000055,596,306,290
105000056,1218,1613,-395
105000057,1110,628,482
105000058,1080,1035,45
105000059,705,497,208
105000060,397,511,-114
105000061,580,460,120
105000062,518,660,-142
105000063,238,466,-228
105000064,1232,647,585
105000065,359,435,-76
105000066,935,1216,-281
105000067,1352,661,691
105000068,342,749,-407
105000069,1483,1464,19
105000070,527,836,-309
105000071,218,653,-435
105000072,988,1877,-889
105000073,797,539,258
105000074,1123,689,434
105000075,424,777,-353
105000076,1087,859,228
105000077,2143,1015,1128
105000078,1162,1211,-49
105000079,1295,2683,-1388
105000080,1568,1103,465
105000081,2784,1180,1604
105000082,875,1560,-685
105000083,3631,2985,646
105000084,453,662,-209
105000085,1447,1629,-182
105000086,553,656,-103
105000087,1210,1415,-205
105000088,1134,1267,-133
105000089,2301,1758,543
105000090,865,682,183
105000091,1147,1352,-205
105000092,619,795,-176
105000093,285,216,69
105000094,206,184,22
105000095,96,365,-269
105000096,1008,891,117
105000097,755,694,61
105000098,748,575,173
105000099,822,643,179
105000100,1146,949,197
105000101,1677,1476,201
105000102,1199,1173,26
105000103,1233,1864,-631
105000104,1727,893,834
105000105,938,1550,-612
105000106,1240,1317,-77
105000107,1253,785,468
105000108,1348,1220,128
105000109,1312,1313,-1
105000110,682,489,193
105000111,700,571,129
105000112,1143,572,571
105000113,357,634,-277
105000114,2150,996,1154
105000115,292,1009,-717
105000116,694,380,314
105000117,842,764,78
105000118,504,344,160
105000119,572,693,-121
105000120,782,456,326
105000121,654,903,-249
105000122,399,624,-225
105000123,950,999,-49
105000124,1627,637,990
105000125,705,1438,-733
105000126,1777,1353,424
105000127,1996,1534,462
105000128,592,833,-241
105000129,641,277,364
105000130,380,2404,-2024
105000131,484,301,183
105000132,841,633,208
105000133,391,723,-332
105000134,649,552,97
105000135,423,413,10
105000136,158,265,-107
105000137,463,205,258
105000138,224,310,-86
105000139,919,781,138
105000140,378,460,-82
105000141,273,402,-129
105000142,193,422,-229
105000143,252,562,-310
105000144,237,683,-446
105000145,601,311,290
105000146,359,735,-376
105000147,618,245,373
105000148,1052,525,527
105000149,1991,1933,58
105000150,1657,1285,372
105000151,375,355,20
105000152,154,387,-233
105000153,526,638,-112
105000154,673,469,204
105000155,316,749,-433
105000156,726,534,192
105000157,762,1278,-516
105000158,1649,663,986
105000159,213,719,-506
105000160,1556,471,1085
105000161,587,792,-205
105000162,518,1408,-890
105000163,913,672,241
105000164,237,212,25
105000165,727,4177,-3450
105000166,3765,822,2943
105000167,1239,1169,70
105000168,414,479,-65
105000169,490,216,274
105000170,193,1144,-951
105000171,879,181,698
105000172,190,24,166
105000173,190,31,159
105000174,58,31,27
105000175,65,127,-62
105000176,316,71,245
105000177,251,146,105
105000178,152,391,-239
105000179,478,122,356
105000180,122,116,6
105000181,134,221,-87
105000182,43,30,13
105000183,1809,1757,52
105000184,963,854,109
105000185,1156,896,260
105000186,385,648,-263
105000187,719,185,534
105000188,238,134,104
105000189,127,416,-289
105000190,263,259,4
105000191,327,229,98
105000192,299,65,234
105000193,91,117,-26
105000194,303,99,204
105000195,325,647,-322
105000196,58,216,-158
105000197,230,477,-247
105000198,474,230,244
105000199,241,492,-251
105000200,139,220,-81
105000201,95,30,65
105000203,13,174,-161
105000204,90,71,19
105000205,110,204,-94
105000207,391,182,209
105000208,200,490,-290
105000209,205,302,-97
105000212,1005,884,121
105000213,174,154,20
105000214,128,177,-49
105000215,291,144,147
105000216,145,242,-97
105000217,141,226,-85
105000218,1213,966,247
105000221,167,132,35
105000222,565,129,436
105000223,267,142,125
105000226,110,191,-81
105000227,88,118,-30
105000228,195,1594,-1399
105000229,129,439,-310
105000231,360,336,24
105000233,814,606,208
105000234,482,996,-514
105000235,356,460,-104
105000237,663,69,594
105000243,21,34,-13
105000248,68,52,16
105000262,280,841,-561
105000269,142,137,5
105000270,393,38,355
105000271,0,218,-218
105000282,53,35,18
105000287,337,81,256
105000288,404,366,38
105000289,2389,1734,655
105000290,20,4,16
105000402,2678,3320,-642
105000426,447,605,-158
105000438,3087,1436,1651
105000446,8514,4619,3895
105000447,5263,2243,3020
105000454,457,517,-60
105000455,310,144,166
105000474,46,1,45
105000477,362,530,-168
105000478,1422,3540,-2118
105000479,106,113,-7
105000480,7335,5849,1486
105000481,4017,3053,964
105000482,4217,6177,-1960
105000483,1337,1590,-253
105000484,1880,2595,-715
105000485,1300,2700,-1400
105000486,2851,2137,714
105000488,7745,4099,3646
105000489,805,734,71
105000549,159,109,50
105000550,478,1254,-776
105000551,41,81,-40
105000552,2244,1374,870
105000555,865,768,97
105900001,11,1285,-1274
105900002,882,543,339
105900003,17,71,-54
105900004,191,102,89
105900005,4,128,-124
105900006,23,124,-101
105900007,67,34,33
105900008,74,447,-373
105900009,20,25,-5
105900011,119,38,81
105900012,449,117,332
105900013,4,35,-31
105900014,6,47,-41
105900015,110,324,-214
105900016,399,371,28
105900017,1026,45,981
105900018,156,125,31
105900019,45,292,-247
105900020,45,54,-9
105900021,33,228,-195
105900022,228,141,87
105900023,7,82,-75
105900024,8,159,-151
105900025,164,19,145
105900026,192,28,164
105900027,6672,5315,1357
105900028,554,267,287
105900029,1254,242,1012
105900030,169,202,-33
105900031,298,139,159
105900032,76,145,-69
105900033,95,97,-2
105900034,174,134,40
105900035,157,150,7
105900036,87,93,-6
105900037,65,56,9
105900038,144,209,-65
105900039,126,87,39
105900040,57,68,-11
105900041,168,184,-16
105900042,55,114,-59
105900043,998,59,939
105900044,6,178,-172
105900045,4,554,-550
105900046,6,251,-245
105900047,28,39,-11
105900048,72,368,-296
105900050,4402,3331,1071
105900051,45,871,-826
105900052,446,205,241
105900053,1995,2150,-155
105900054,241,132,109
105900056,571,355,216
105900057,59,104,-45
105900058,12,9,3
105900059,0,25,-25
106000001,3424,2117,1307
106000002,1989,4641,-2652
106000003,2322,2967,-645
106000004,1383,2128,-745
106000005,2781,4615,-1834
106000006,4661,2978,1683
106000007,447,520,-73
106000008,468,257,211
106000009,580,379,201
106000010,556,445,111
106000011,1022,883,139
106000012,765,1069,-304
106000013,1411,1752,-341
106000014,1683,1281,402
106000015,1449,1064,385
106000016,1103,1589,-486
106000017,467,554,-87
106000018,572,435,137
106000019,343,306,37
106000020,306,261,45
106000021,297,364,-67
106000022,314,166,148
106000023,567,244,323
106000024,446,441,5
106000025,98,152,-54
106000026,124,188,-64
106000027,1085,1142,-57
106000028,448,329,119
106000029,692,915,-223
106000030,460,445,15
106000034,213,447,-234
106000035,853,1593,-740
106000036,188,414,-226
106000037,1492,1210,282
106000038,336,88,248
106000039,125,79,46
106000040,124,772,-648
106000041,594,525,69
106000043,485,232,253
106000046,284,67,217
106000047,42,468,-426
106000049,868,131,737
106000050,277,523,-246
106000051,625,470,155
106000052,120,397,-277
106000053,292,106,186
106000054,354,308,46
106000055,907,813,94
106000056,268,305,-37
106000057,390,218,172
106000058,109,123,-14
106000059,265,267,-2
106000060,324,378,-54
106000061,223,458,-235
106000062,158,468,-310
106000063,632,493,139
106000064,37,357,-320
106000065,317,319,-2
106000066,90,276,-186
106000067,328,98,230
106000068,42,503,-461
106000069,159,60,99
106000070,387,636,-249
106000071,914,360,554
106000072,2204,1467,737
106000073,1413,2409,-996
106000074,495,577,-82
106000075,349,1113,-764
106000076,1620,1724,-104
106000077,2872,1223,1649
106000078,949,775,174
106000079,587,770,-183
106000080,1059,530,529
106000081,548,1029,-481
106000082,2071,777,1294
106000083,342,1347,-1005
106000084,1105,601,504
106000085,1137,1411,-274
106000086,583,772,-189
106000087,839,495,344
106000088,322,670,-348
106000089,888,322,566
106000090,274,507,-233
106000091,277,451,-174
106000092,569,227,342
106000093,275,92,183
106000094,72,227,-155
106000095,641,575,66
106000096,694,504,190
106000097,1055,699,356
106000098,718,721,-3
106000099,205,606,-401
106000100,1022,198,824
106000101,695,259,436
106000102,183,524,-341
106000103,268,441,-173
106000104,629,370,259
106000105,424,438,-14
106000106,478,398,80
106000107,159,270,-111
106000108,244,255,-11
106000109,182,244,-62
106000110,199,245,-46
106000111,189,301,-112
106000112,174,353,-179
106000113,455,404,51
106000114,407,453,-46
106000115,178,334,-156
106000116,227,185,42
106000117,957,533,424
106000118,992,1138,-146
106000119,1187,794,393
106000120,802,932,-130
106000121,157,101,56
106000122,122,116,6
106000123,435,119,316
106000124,40,117,-77
106000125,23,212,-189
106000126,253,95,158
106000127,680,679,1
106000128,640,159,481
106000129,453,461,-8
106000130,699,238,461
106000131,137,570,-433
106000132,497,139,358
106000133,1419,909,510
106000134,483,1253,-770
106000135,199,418,-219
106000136,522,771,-249
106000137,65,502,-437
106000138,800,82,718
106000139,46,92,-46
106000140,27,31,-4
106000141,81,52,29
106000142,78,66,12
106000143,18,42,-24
106000144,26,48,-22
106000145,175,198,-23
106000146,356,133,223
106000147,324,331,-7
106000148,451,633,-182
106000149,429,288,141
106000150,431,1458,-1027
106000151,2829,686,2143
106000152,931,1464,-533
106000153,93,1239,-1146
106000154,1092,172,920
106000155,85,221,-136
106000156,658,191,467
106000157,604,1259,-655
106000158,1656,787,869
106000159,2369,1460,909
106000160,376,2380,-2004
106000161,1236,291,945
106000162,233,743,-510
106000163,363,301,62
106000164,369,224,145
106000165,227,387,-160
106000166,595,241,354
106000167,334,689,-355
106000168,404,188,216
106000169,210,414,-204
106000170,669,164,505
106000171,155,1029,-874
106000172,2447,1193,1254
106000173,993,2214,-1221
106000174,956,384,572
106000175,294,701,-407
106000176,1185,682,503
106000177,622,1810,-1188
106000178,2731,1615,1116
106000179,922,1762,-840
106000180,757,926,-169
106000181,628,1326,-698
106000182,1093,645,448
106000183,1130,457,673
106000184,1599,498,1101
106000185,976,967,9
106000186,908,142,766
106000187,213,933,-720
106000188,1,1,0
106000189,25,38,-13
106000190,30,3,27
106000191,574,174,400
106000192,0,22,-22
106000193,421,180,241
106000194,163,324,-161
106000195,469,136,333
106000196,165,480,-315
106000197,502,275,227
106000198,151,201,-50
106000199,561,592,-31
106000200,169,195,-26
106000201,364,2151,-1787
106000202,2865,510,2355
106000203,40,139,-99
106000204,83,18,65
106000205,18,117,-99
106000206,72,23,49
106000207,28,627,-599
106000208,1289,152,1137
106000209,1260,324,936
106000210,457,761,-304
106000211,289,826,-537
106000212,678,363,315
106000213,521,1576,-1055
106000214,2103,661,1442
106000215,215,390,-175
106000216,266,267,-1
106000217,255,349,-94
106000218,400,372,28
106000219,98,213,-115
106000220,303,190,113
106000221,206,216,-10
106000222,55,81,-26
106000223,142,95,47
106000224,182,123,59
106000225,77,102,-25
106000226,100,196,-96
106000228,41,67,-26
106000229,72,615,-543
106000231,719,77,642
106000232,50,273,-223
106000233,480,96,384
106000234,70,177,-107
106000235,220,104,116
106000236,52,55,-3
106000237,2,10,-8
106000238,25,18,7
106000239,4,95,-91
106000240,35,3,32
106000241,8,430,-422
106000242,242,39,203
106000249,59,57,2
106000250,70,500,-430
106000251,76,18,58
106000252,21,61,-40
106000253,43,57,-14
106000254,55,43,12
106000255,26,137,-111
106000256,58,58,0
106000257,131,155,-24
106000258,145,14,131
106000259,1,22,-21
106000260,27,4,23
106000261,0,42,-42
106000262,70,3,67
106000263,7,39,-32
106000264,151,12,139
106000265,10,114,-104
106000266,124,25,99
106000267,1,56,-55
106000268,435,44,391
106000269,43,40,3
106000270,109,411,-302
106000271,71,186,-115
106000272,162,39,123
106000273,18,214,-196
106000274,131,40,91
106000275,119,268,-149
106000276,131,42,89
106000277,91,234,-143
106000278,143,21,122
106000279,19,26,-7
106000280,60,81,-21
106000281,104,48,56
106000282,67,65,2
106000283,113,65,48
106000284,49,99,-50
106000285,124,91,33
106000286,63,103,-40
106000287,94,62,32
106000288,72,140,-68
106000289,80,73,7
106000290,44,87,-43
106000291,85,65,20
106000292,72,85,-13
106000293,132,77,55
106000294,103,94,9
106000295,55,50,5
106000296,33,69,-36
106000297,47,207,-160
106000298,110,50,60
106000299,63,99,-36
106000300,30,73,-43
106000301,55,116,-61
106000303,15,69,-54
106000304,29,23,6
106000305,38,43,-5
106000306,30,50,-20
106000307,82,33,49
106000308,24,83,-59
106000309,16,54,-38
106000310,301,369,-68
106000311,310,146,164
106000312,91,112,-21
106000313,150,184,-34
106000318,56,355,-299
106000319,913,213,700
106000320,1,54,-53
106000321,214,90,124
106000322,134,97,37
106000324,12,82,-70
106000325,1391,783,608
106000326,860,1440,-580
106000327,117,74,43
106000328,41,103,-62
106000329,79,219,-140
106000330,30,62,-32
106000428,90,137,-47
106000429,131,339,-208
106000430,307,1003,-696
106000431,1811,413,1398
106000432,1475,2236,-761
106000433,2087,1338,749
106000434,2526,1395,1131
106000435,1227,2104,-877
106000436,8,126,-118
106000437,219,47,172
106000438,351,122,229
106000439,54,420,-366
106000440,186,344,-158
106000441,4,0,4
106000442,171,7,164
106000443,117,226,-109
106000450,6,112,-106
106000451,31,71,-40
106000454,7,60,-53
106000455,4,175,-171
106000456,100,34,66
106000457,11,590,-579
106000458,573,78,495
106000459,107,238,-131
106000460,1334,20,1314
106000461,135,786,-651
106000462,1,19,-18
106000463,4,22,-18
106000464,2,275,-273
106000465,711,4,707
106000466,0,372,-372
106000467,276,342,-66
106000468,86,119,-33
106000469,123,0,123
106000470,225,1262,-1037
106000471,24,373,-349
106000472,144,14,130
106000473,33,10,23
106000474,249,381,-132
106000475,225,132,93
106000476,116,218,-102
106000477,32,116,-84
106000480,0,242,-242
106900001,0,13,-13
106900002,4,290,-286
106900003,186,735,-549
106900004,0,15,-15
106900006,0,6,-6
106900007,1,6,-5
106900008,269,120,149
106900009,251,214,37
106900010,185,181,4
106900012,1020,1581,-561
106900013,451,137,314
106900014,17,3,14
106900015,10,3,7
106900016,255,10,245
106900017,4,1,3
106900018,1,0,1
106900019,35,3,32
106900020,1707,1187,520
106900021,148,68,80
106900022,657,4,653
106900023,67,220,-153
106900024,412,53,359
106900025,46,417,-371
106900026,0,382,-382
106900027,603,5,598
107000001,3319,3495,-176
107000002,2628,3912,-1284
107000003,4894,5594,-700
107000004,3623,3619,4
107000005,3843,4511,-668
107000006,3230,3167,63
107000007,4793,8135,-3342
107000008,8262,6286,1976
107000009,6391,6922,-531
107000010,7960,7341,619
107000011,903,976,-73
107000012,3431,2565,866
107000013,55,57,-2
107000014,65,131,-66
107000015,388,536,-148
107000016,650,592,58
107000017,1731,1179,552
107000018,15,792,-777
107000020,1010,1064,-54
107000021,1088,371,717
107000022,702,1272,-570
107000023,1511,186,1325
107000024,529,1194,-665
107000025,199,248,-49
107000026,199,373,-174
107000027,1264,840,424
107000028,1154,1024,130
107000029,2810,2283,527
107000030,2410,2257,153
107000031,3565,2139,1426
107000032,468,841,-373
107000033,2533,3371,-838
107000034,2608,1412,1196
107000035,269,225,44
107000036,274,1068,-794
107000037,69,700,-631
107000038,173,258,-85
107000039,776,805,-29
107000040,161,283,-122
107000041,1522,848,674
107000042,752,1670,-918
107000043,2328,1256,1072
107000044,534,296,238
107000045,91,263,-172
107000046,687,421,266
107000047,396,746,-350
107000048,706,244,462
107000049,634,696,-62
107000050,1122,481,641
107000051,270,328,-58
107000052,1051,947,104
107000053,312,152,160
107000054,65,236,-171
107000055,342,127,215
107000056,469,744,-275
107000057,1293,198,1095
107000058,2068,2304,-236
107000059,1827,2789,-962
107000060,3659,4539,-880
107000061,4421,2862,1559
107000062,3998,2715,1283
107000063,3621,3865,-244
107000064,3764,1915,1849
107000065,3053,3651,-598
107000066,1623,2410,-787
107000067,1098,1171,-73
107000068,1304,735,569
107000069,815,566,249
107000070,1131,5,1126
107000071,3086,35,3051
107000072,42,2185,-2143
107000073,688,316,372
107000074,111,728,-617
107000075,1491,510,981
107000076,574,1173,-599
107000077,3356,1490,1866
107000078,2228,2477,-249
107000079,2415,1080,1335
107000080,1045,2461,-1416
107000081,1633,551,1082
107000082,555,1280,-725
107000083,1181,413,768
107000084,273,1278,-1005
107000085,2417,2784,-367
107000086,3031,2877,154
107000087,2488,1709,779
107000088,2852,3064,-212
107000089,1334,1494,-160
107000090,932,880,52
107000091,1280,792,488
107000092,754,887,-133
107000093,1140,765,375
107000094,1008,1001,7
107000095,693,639,54
107000096,567,621,-54
107000097,598,335,263
107000098,595,535,60
107000099,390,244,146
107000100,244,266,-22
107000101,65,122,-57
107000102,198,282,-84
107000103,246,159,87
107000104,184,206,-22
107000105,360,134,226
107000106,234,203,31
107000107,522,196,326
107000108,185,429,-244
107000109,586,143,443
107000110,61,335,-274
107000111,300,54,246
107000112,51,266,-215
107000113,553,124,429
107000114,122,398,-276
107000115,531,141,390
107000116,103,594,-491
107000117,99,519,-420
107000118,137,148,-11
107000119,1184,1318,-134
107000120,994,416,578
107000121,960,662,298
107000122,1092,766,326
107000123,443,579,-136
107000124,480,710,-230
107000125,922,495,427
107000126,831,636,195
107000129,237,632,-395
107000130,569,214,355
107000131,375,453,-78
107000132,482,300,182
107000133,453,75,378
107000134,249,3,246
107000135,1,245,-244
107000136,659,4,655
107000137,19,403,-384
107000138,290,34,256
107000139,13,353,-340
107000140,1233,93,1140
107000141,87,586,-499
107000142,513,118,395
107000143,60,566,-506
107000144,468,402,66
107000145,120,473,-353
107000146,193,253,-60
107000147,2254,761,1493
107000150,557,2253,-1696
107000151,28,134,-106
107000152,365,1132,-767
107000153,129,332,-203
107000154,220,238,-18
107000155,745,13,732
107000156,942,29,913
107000157,24,959,-935
107000158,567,18,549
107000159,36,676,-640
107000160,990,135,855
107000161,92,943,-851
107000162,256,370,-114
107000163,170,1,169
107000164,662,4,658
107000165,876,14,862
107000166,45,848,-803
107000167,527,217,310
107000168,919,425,494
107000169,516,721,-205
107000170,2001,662,1339
107000171,583,1405,-822
107000172,970,1287,-317
107000173,587,744,-157
107000174,945,4337,-3392
107000175,4897,1358,3539
107000176,1,3,-2
107000177,2,3,-1
107000178,43,28,15
107000179,234,1656,-1422
107000180,1345,359,986
107000181,360,909,-549
107000182,1639,860,779
107000183,151,720,-569
107000184,1001,602,399
107000185,404,1084,-680
107000186,1029,390,639
107000187,1257,1085,172
107000188,574,601,-27
107000189,456,824,-368
107000190,556,643,-87
107000191,607,876,-269
107000192,1592,667,925
107000193,390,524,-134
107000194,801,590,211
107000197,980,258,722
107000198,296,589,-293
107000199,640,529,111
107000200,567,605,-38
107000201,367,294,73
107000202,313,403,-90
107000203,937,831,106
107000204,1045,1174,-129
107000205,1874,919,955
107000206,779,1317,-538
107000207,599,941,-342
107000208,811,554,257
107000209,1443,1121,322
107000210,615,330,285
107000211,4,40,-36
107000212,22,250,-228
107000213,7,21,-14
107000214,15,113,-98
107000215,353,251,102
107000216,426,295,131
107000217,119,114,5
107000219,100,180,-80
107000220,175,168,7
107000222,254,602,-348
107000224,411,104,307
107000225,205,317,-112
107000226,355,81,274
107000227,91,214,-123
107000228,57,244,-187
107000229,135,102,33
107000230,966,377,589
107000231,1202,1561,-359
107000232,125,24,101
107000233,1030,847,183
107000234,3,49,-46
107000235,73,8,65
107000236,13,436,-423
107000237,23,2,21
107000238,55,1,54
107000239,2253,487,1766
107000240,106,711,-605
107000243,0,27,-27
107000244,4,48,-44
107000246,2,805,-803
107000249,4,952,-948
107000251,0,247,-247
107000252,1,781,-780
107000255,307,86,221
107000257,1,305,-304
107000258,1,101,-100
107000259,4,138,-134
107000260,628,6,622
107000262,12,421,-409
107000263,229,4,225
107000266,8,5,3
107000267,69,118,-49
107000268,106,113,-7
107000269,488,57,431
107000270,2,13,-11
107000271,12,521,-509
107000272,17,97,-80
107000273,2,149,-147
107000274,958,255,703
107000275,40,1001,-961
107000280,796,33,763
107000281,41,675,-634
107000282,33,601,-568
107000290,7,24,-17
107000291,38,16,22
107000292,0,48,-48
107000293,87,4,83
107000294,0,44,-44
107000295,62,4,58
107000296,0,10,-10
107000444,200,3,197
107000496,1,11,-10
107000497,1256,1669,-413
107000500,329,303,26
107000501,150,113,37
107000502,183,258,-75
107000505,365,659,-294
107000506,0,34,-34
107000508,13,439,-426
107000509,237,614,-377
107000510,38,33,5
107000514,47,282,-235
107000515,10,130,-120
107000516,328,249,79
107000518,956,1226,-270
107000519,1472,689,783
107000520,130,33,97
107000521,516,315,201
107000522,738,440,298
107900001,56,109,-53
107900002,61,11,50
107900003,321,18,303
107900004,50,0,50
107900005,1241,4,1237
107900006,116,7,109
107900007,206,38,168
107900008,118,10,108
107900009,127,12,115
107900010,53,2,51
107900012,290,34,256
107900013,146,38,108
107900014,26,7,19
107900015,884,11,873
107900016,355,72,283
107900017,33,1,32
107900018,46,122,-76
107900019,19,45,-26
107900020,43,31,12
107900021,79,102,-23
107900023,3,3,0
107900024,0,17,-17
107900025,186,177,9
107900026,74,52,22
107900027,12,51,-39
107900028,88,52,36
107900030,154,28,126
107900031,48,58,-10
107900032,24,6,18
107900033,25,4,21
107900034,309,36,273
107900035,706,53,653
107900036,53,12,41
107900037,0,22,-22
107900038,93,246,-153
107900039,34,31,3
107900040,21,207,-186
107900041,1,4,-3
107900043,34,74,-40
107900044,8,10,-2
107900045,95,48,47
107900046,111,166,-55
107900047,19,34,-15
107900048,156,15,141
107900049,255,857,-602
107900050,91,248,-157
107900051,79,47,32
107900052,12,40,-28
107900053,38,65,-27
107900055,531,219,312
107900056,99,46,53
107900057,3,0,3
107900058,27,337,-310
107900060,30,28,2
107900061,17,8,9
107900063,102,102,0
107900064,248,124,124
107900065,156,11,145
107900066,19,2,17
107900067,0,0,0
107900068,78,479,-401
107900069,21,1615,-1594
107900070,119,36,83
107900071,18,492,-474
107900072,82,92,-10
107900073,106,69,37
107900074,537,278,259
107900076,99,46,53
107900077,84,1,83
107900078,139,48,91
107900079,9,20,-11
107900080,170,655,-485
107900081,33,54,-21
107900082,10,10,0
107900083,306,158,148
107900084,93,151,-58
107900086,60,142,-82
107900087,462,202,260
107900088,31,7,24
107900089,233,685,-452
107900090,492,1934,-1442
107900091,194,272,-78
107900092,1462,303,1159
107900093,63,44,19
107900095,2513,1791,722
107900097,23,60,-37
107900098,58,189,-131
107900100,819,1056,-237
107900101,692,152,540
107900102,21,10,11
107900103,39,149,-110
107900104,179,7,172
107900105,17,249,-232
107900106,11,724,-713
107900107,1044,462,582
107900108,205,121,84
107900109,1125,16,1109
107900110,38,61,-23
107900111,0,559,-559
107900112,78,315,-237
107900113,228,58,170
107900114,148,114,34
107900115,1,27,-26
107900116,143,105,38
107900117,322,275,47
107900118,59,90,-31
107900119,65,227,-162
107900120,28,42,-14
107900121,2,119,-117
107900122,1,72,-71
107900123,3,40,-37
107900124,9,33,-24
107900125,37,152,-115
107900126,13,42,-29
107900127,363,282,81
107900128,93,72,21
107900129,81,22,59
107900130,67,10,57
107900131,530,229,301
107900132,104,220,-116
107900133,0,82,-82
107900134,46,99,-53
107900135,5,143,-138
107900136,29,28,1
107900137,109,105,4
107900138,52,32,20
107900139,39,14,25
107900141,45,31,14
107900142,53,539,-486
107900143,44,19,25
107900144,1,86,-85
107900145,8,41,-33
107900146,32,103,-71
107900147,41,34,7
107900148,135,88,47
107900149,669,217,452
107900150,44,468,-424
107900151,36,87,-51
107900152,11,105,-94
107900153,102,282,-180
107900154,70,18,52
107900155,85,38,47
107900156,7,232,-225
107900157,42,56,-14
107900158,843,24,819
107900159,25,611,-586
107900160,108,153,-45
107900161,27,144,-117
107900162,0,71,-71
107900163,36,72,-36
107900164,4,38,-34
107900165,16,79,-63
107900166,8,142,-134
107900167,17,47,-30
107900168,33,44,-11
107900169,0,139,-139
107900171,7,905,-898
107900172,0,232,-232
107900173,14,100,-86
107900174,125,6,119
107900175,17,51,-34
107900176,14,36,-22
107900177,0,103,-103
107900178,3,124,-121
107900179,21,97,-76
107900180,453,534,-81
107900181,418,278,140
107900182,5,758,-753
107900183,38,207,-169
107900184,87,180,-93
107900185,132,7,125
107900186,24,30,-6
107900187,1,97,-96
107900188,532,109,423
107900189,16,82,-66
107900190,48,140,-92
107900191,44,80,-36
107900193,2,50,-48
107900194,174,15,159
107900195,1730,330,1400
107900196,82,100,-18
107900197,708,356,352
107900199,2,673,-671
107900201,61,82,-21
107900203,44,60,-16
107900204,185,162,23
107900205,185,311,-126
107900206,666,290,376
107900207,9,477,-468
107900208,10,409,-399
107900209,282,115,167
107900210,62,94,-32
107900213,424,403,21
107900214,33,87,-54
107900215,116,332,-216
107900216,124,48,76
107900217,34,86,-52
107900218,12,1050,-1038
107900219,17,80,-63
107900220,166,193,-27
107900221,175,199,-24
107900223,100,408,-308
107900224,86,314,-228
107900225,12,411,-399
107900226,69,81,-12
107900227,121,320,-199
107900228,15,85,-70
107900229,1,137,-136
107900230,12,71,-59
107900231,13,145,-132
107900232,71,90,-19
107900233,2,113,-111
107900234,61,73,-12
107900235,23,83,-60
107900236,80,48,32
107900237,49,357,-308
107900238,22,61,-39
107900239,689,437,252
107900240,43,109,-66
107900241,11,53,-42
107900242,28,178,-150
107900243,2,55,-53
107900244,289,5,284
107900245,514,44,470
107900246,224,16,208
107900248,349,231,118
107900249,618,25,593
107900250,5,395,-390
107900251,86,1115,-1029
107900252,893,19,874
107900253,183,5,178
107900254,42,171,-129
107900255,207,89,118
107900256,746,885,-139
107900257,165,87,78
107900258,113,145,-32
107900259,83,1679,-1596
107900261,3,248,-245
107900262,87,72,15
107900264,266,6,260
107900265,100,103,-3
107900267,279,23,256
107900268,22,6,16
107900269,0,2,-2
107900270,1,0,1
107900271,1,14,-13
107900272,90,11,79
107900273,41,48,-7
107900274,86,1,85
107900275,30,0,30
107900276,2,69,-67
107900277,0,133,-133
107900278,310,266,44
107900279,76,138,-62
107900280,1585,1538,47
107900281,1012,2278,-1266
107900282,34,464,-430
107900283,763,500,263
107900284,521,460,61
107900285,79,52,27
107900286,118,67,51
107900287,174,146,28
107900290,1,79,-78
107900291,379,24,355
107900292,93,156,-63
107900293,77,269,-192
107900295,33,54,-21
107900297,4,282,-278
107900298,561,594,-33
107900299,2332,2015,317
107900300,59,285,-226
107900301,434,640,-206
107900302,75,36,39
107900303,190,246,-56
107900304,254,297,-43
107900305,287,5,282
107900306,16,28,-12
107900307,44,225,-181
107900308,181,121,60
107900309,57,0,57
107900310,340,5,335
107900311,4,187,-183
107900312,54,4,50
107900313,1,107,-106
107900314,0,33,-33
107900315,3,41,-38
107900316,30,1,29
107900317,83,15,68
107900318,7,94,-87
107900319,2,91,-89
107900320,2,100,-98
107900321,130,4,126
107900322,1,64,-63
107900323,8,112,-104
107900324,165,0,165
107900325,97,0,97
107900326,305,183,122
107900327,1,47,-46
107900328,81,0,81
107900329,70,59,11
107900330,7,215,-208
107900331,199,24,175
107900332,227,29,198
107900333,62,15,47
107900334,15,129,-114
107900335,86,38,48
107900336,37,63,-26
107900337,827,815,12
107900338,4,129,-125
107900339,1,16,-15
107900340,0,50,-50
107900341,48,1,47
107900342,129,97,32
107900343,40,3,37
107900344,5,40,-35
107900345,94,22,72
107900346,19,2,17
107900347,24,2,22
107900348,9,2,7
107900349,18,6,12
107900350,20,184,-164
107900351,8,126,-118
107900352,4,25,-21
107900353,13,4,9
107900354,15,60,-45
108000001,2569,3407,-838
108000002,1711,2084,-373
108000003,3298,3150,148
108000004,10198,12369,-2171
108000005,6645,5624,1021
108000006,6702,6156,546
108000007,4569,3781,788
108000008,3886,5095,-1209
108000009,3351,3996,-645
108000010,2583,3694,-1111
108000011,10249,10852,-603
108000012,13617,12690,927
108000014,742,648,94
108000015,669,269,400
108000016,288,484,-196
108000017,966,353,613
108000018,1687,616,1071
108000019,1659,793,866
108000020,1275,534,741
108000021,304,1368,-1064
108000022,397,998,-601
108000023,1114,206,908
108000024,265,412,-147
108000025,262,235,27
108000026,594,356,238
108000027,661,393,268
108000028,525,209,316
108000029,499,425,74
108000030,519,244,275
108000031,219,504,-285
108000032,1463,638,825
108000033,763,877,-114
108000034,1477,490,987
108000035,678,1843,-1165
108000036,329,715,-386
108000037,1549,402,1147
108000038,2355,530,1825
108000039,465,1401,-936
108000040,1632,1001,631
108000041,624,1946,-1322
108000042,235,176,59
108000043,209,225,-16
108000044,412,169,243
108000045,264,359,-95
108000046,1264,269,995
108000047,394,799,-405
108000048,141,286,-145
108000049,800,247,553
108000050,104,335,-231
108000051,294,121,173
108000052,224,512,-288
108000053,329,212,117
108000054,438,769,-331
108000055,884,518,366
108000056,755,1114,-359
108000057,594,1097,-503
108000058,1678,3259,-1581
108000059,2521,1648,873
108000060,197,393,-196
108000061,127,232,-105
108000062,741,550,191
108000063,456,416,40
108000064,237,217,20
108000065,563,347,216
108000066,1136,697,439
108000067,1599,569,1030
108000068,670,323,347
108000069,154,793,-639
108000070,1678,676,1002
108000071,586,1169,-583
108000072,1549,1051,498
108000073,1289,1511,-222
108000074,551,390,161
108000075,331,680,-349
108000076,730,518,212
108000077,618,526,92
108000078,1903,1204,699
108000079,816,1223,-407
108000080,1095,488,607
108000081,492,1221,-729
108000082,883,1665,-782
108000083,1647,928,719
108000084,348,864,-516
108000085,710,411,299
108000086,737,518,219
108000087,130,1754,-1624
108000088,176,6,170
108000089,314,326,-12
108000090,392,200,192
108000091,342,414,-72
108000092,137,87,50
108000093,157,391,-234
108000094,470,83,387
108000095,120,282,-162
108000096,294,153,141
108000097,160,361,-201
108000098,1504,1048,456
108000099,227,64,163
108000100,66,192,-126
108000101,1041,1356,-315
108000102,1423,2752,-1329
108000106,737,2,735
108000107,0,650,-650
108000108,652,34,618
108000109,10,575,-565
108000110,158,310,-152
108000111,159,467,-308
108000112,54,108,-54
108000113,403,225,178
108000115,277,226,51
108000117,584,315,269
108000118,83,202,-119
108000119,508,320,188
108000120,189,698,-509
108000121,187,332,-145
108000122,481,279,202
108000123,549,164,385
108000124,279,384,-105
108000125,428,217,211
108000126,141,323,-182
108000127,548,262,286
108000128,568,409,159
108000129,252,767,-515
108000130,359,225,134
108000131,830,508,322
108000132,1719,1183,536
108000133,749,553,196
108000134,448,422,26
108000135,998,417,581
108000136,318,698,-380
108000137,468,257,211
108000138,410,769,-359
108000139,513,310,203
108000140,106,13,93
108000141,30,80,-50
108000142,68,55,13
108000143,31,14,17
108000144,43,10,33
108000145,35,10,25
108000146,37,4,33
108000147,25,17,8
108000148,62,9,53
108000149,30,14,16
108000150,27,3,24
108000151,17,12,5
108000152,106,352,-246
108000153,423,119,304
108000154,51,9,42
108000155,21,17,4
108000156,206,109,97
108000157,236,831,-595
108000158,104,784,-680
108000159,479,205,274
108000160,2354,1012,1342
108000161,1884,2157,-273
108000165,11,202,-191
108000172,8,260,-252
108000173,1479,1841,-362
108000175,531,104,427
108000178,359,294,65
108000179,134,814,-680
108000181,60,34,26
108000182,94,10,84
108000183,36,10,26
108000184,864,1997,-1133
108000185,256,372,-116
108000186,189,32,157
108000187,119,398,-279
108000188,521,189,332
108000189,476,1115,-639
108000190,44,85,-41
108000192,157,498,-341
108000193,688,42,646
108000194,85,26,59
108000195,1,719,-718
108000196,166,164,2
108000198,513,227,286
108000199,0,177,-177
108000200,373,309,64
108000203,140,502,-362
108000204,140,70,70
108000205,235,340,-105
108000339,1130,364,766
108000364,128,245,-117
108000365,71,230,-159
108000367,147,230,-83
108000368,10,47,-37
108000369,662,216,446
108000371,1,445,-444
108000372,528,3,525
108000373,255,120,135
108000376,83,31,52
108000377,431,190,241
108000378,8278,9245,-967
108000379,38,190,-152
108000381,61,14,47
108000382,129,7,122
108000383,0,155,-155
108900001,82,816,-734
108900002,157,35,122
108900003,247,575,-328
108900004,453,376,77
108900005,64,329,-265
108900006,673,189,484
108900007,243,181,62
108900008,90,119,-29
108900009,94,120,-26
108900010,254,154,100
108900011,484,333,151
108900012,332,317,15
108900013,156,199,-43
108900014,25,115,-90
108900015,0,58,-58
108900016,1,206,-205
108900017,258,385,-127
108900018,137,321,-184
108900019,40,465,-425
108900020,32,182,-150
108900021,104,161,-57
108900022,141,13,128
108900023,12,36,-24
108900024,31,99,-68
108900025,88,137,-49
108900026,26,74,-48
108900027,0,62,-62
108900028,86,242,-156
108900029,64,209,-145
108900030,1,83,-82
108900031,124,281,-157
108900032,9,193,-184
108900033,0,69,-69
108900034,0,167,-167
108900035,355,1011,-656
108900036,191,182,9
108900037,61,254,-193
108900038,0,240,-240
108900039,3,285,-282
108900040,6,82,-76
108900041,4097,2866,1231
108900042,7,294,-287
108900043,42,382,-340
108900044,2,305,-303
108900045,61,336,-275
108900046,40,515,-475
108900047,2,80,-78
108900048,104,652,-548
108900049,2213,1090,1123
108900050,0,172,-172
108900051,1,105,-104
108900052,24,137,-113
108900053,50,139,-89
108900054,67,146,-79
108900055,56,276,-220
108900056,0,124,-124
108900057,0,116,-116
108900058,28,284,-256
108900059,436,30,406
108900060,94,136,-42
108900061,67,24,43
108900062,4,158,-154
108900063,13,219,-206
108900064,187,54,133
108900065,12,149,-137
108900066,356,113,243
108900067,11,150,-139
108900068,6,113,-107
108900069,95,84,11
108900070,19,87,-68
108900071,100,60,40
108900072,1589,510,1079
108900073,30,260,-230
108900074,175,288,-113
108900075,42,46,-4
108900076,309,68,241
108900077,143,359,-216
108900078,29,105,-76
108900079,707,169,538
108900080,25,712,-687
108900081,49,203,-154
108900082,62,77,-15
108900083,39,206,-167
108900084,337,129,208
108900085,1639,135,1504
108900086,140,146,-6
108900087,89,148,-59
108900088,943,399,544
108900089,21,132,-111
108900090,43,254,-211
108900091,127,75,52
108900092,486,294,192
108900093,98,84,14
108900094,249,70,179
108900095,31,278,-247
108900096,329,13,316
108900097,270,173,97
108900098,1648,609,1039
108900099,340,181,159
108900100,87,112,-25
108900101,199,169,30
108900102,96,849,-753
108900103,99,166,-67
108900104,105,279,-174
108900105,8,1153,-1145
108900106,399,251,148
108900108,322,39,283
108900109,311,66,245
108900110,238,281,-43
108900111,441,360,81
108900112,261,28,233
108900113,31,58,-27
108900114,51,5,46
108900115,72,72,0
108900116,75,10,65
108900117,197,16,181
108900118,473,22,451
108900119,247,12,235
108900120,265,162,103
108900121,276,126,150
108900122,150,26,124
108900123,147,150,-3
108900124,439,201,238
108900125,383,9,374
108900126,101,33,68
108900127,185,28,157
108900128,104,28,76
108900129,603,172,431
108900130,272,2,270
108900131,362,7,355
108900132,462,54,408
108900133,215,72,143
108900134,320,194,126
108900135,162,8,154
108900136,72,0,72
108900137,128,1,127
108900138,656,34,622
108900139,491,76,415
108900140,289,201,88
108900141,373,12,361
108900142,90,4,86
108900143,76,1,75
108900144,68,0,68
108900145,145,10,135
108900146,60,0,60
108900147,239,1,238
108900148,65,33,32
108900149,588,269,319
108900150,320,11,309
108900151,149,11,138
108900152,210,10,200
108900153,142,220,-78
108900154,3880,396,3484
108900155,255,78,177
108900156,93,8,85
108900157,98,316,-218
108900158,299,34,265
108900159,8,205,-197
108900160,21,252,-231
108900161,7,309,-302
108900162,82,2,80
108900163,6,249,-243
108900164,57,83,-26
108900165,141,99,42
108900167,1188,5744,-4556
108900168,5635,2302,3333
108900169,52,97,-45
108900171,4970,2517,2453
108900172,172,53,119
108900173,117,317,-200
108900174,903,573,330
108900176,124,371,-247
108900177,3711,4262,-551
108900178,2807,2796,11
108900179,437,1544,-1107
108900180,100,244,-144
108900182,23,304,-281
108900183,163,182,-19
108900184,373,178,195
108900185,85,317,-232
108900186,77,326,-249
108900187,372,47,325
108900188,524,53,471
108900189,400,166,234
108900190,39,2017,-1978
108900191,173,32,141
108900192,65,187,-122
108900193,156,55,101
108900194,27,320,-293
108900195,203,177,26
108900196,34,247,-213
108900198,5,300,-295
108900199,242,321,-79
108900200,525,340,185
108900201,393,1147,-754
108900203,404,125,279
108900204,368,18,350
108900205,139,24,115
108900206,412,66,346
108900207,152,101,51
108900208,14,275,-261
108900209,183,509,-326
108900210,145,151,-6
108900211,158,526,-368
108900212,444,1188,-744
108900215,86,302,-216
108900216,440,140,300
108900217,88,2,86
108900218,78,17,61
108900219,85,2,83
108900220,58,13,45
108900221,55,113,-58
108900222,236,35,201
108900223,10,115,-105
108900224,19,147,-128
108900225,0,134,-134
108900226,18,2,16
108900227,100,297,-197
108900230,183,186,-3
108900231,22,132,-110
108900232,2,174,-172
108900233,321,97,224
108900234,348,149,199
108900235,171,437,-266
108900236,29,226,-197
108900237,66,146,-80
108900240,131,94,37
108900241,32,42,-10
108900245,8,1286,-1278
108900249,114,43,71
108900250,205,102,103
108900257,198,298,-100
108900258,17,141,-124
108900259,106,41,65
108900260,3,73,-70
108900261,55,126,-71
108900262,132,100,32
108900263,25,142,-117
108900264,448,240,208
108900265,638,313,325
108900266,580,542,38
108900267,23,117,-94
108900268,13,10,3
108900269,84,25,59
108900270,60,15,45
108900271,60,10,50
108900272,229,20,209
108900273,651,659,-8
108900274,44,37,7
109000001,2404,1441,963
109000002,1238,1242,-4
109000003,2347,429,1918
109000004,431,1691,-1260
109000005,2241,575,1666
109000006,593,1654,-1061
109000007,1357,597,760
109000008,397,1315,-918
109000009,3389,1225,2164
109000010,1312,2832,-1520
109000011,2955,2029,926
109000012,1706,2626,-920
109000013,3066,2640,426
109000014,1510,2511,-1001
109000015,3363,6355,-2992
109000016,4852,2883,1969
109000017,2139,1098,1041
109000018,777,2245,-1468
109000019,2480,1367,1113
109000020,915,1625,-710
109000023,248,38,210
109000024,20,173,-153
109000025,314,383,-69
109000026,594,266,328
109000027,89,255,-166
109000028,127,68,59
109000029,123,155,-32
109000030,63,494,-431
109000031,160,158,2
109000032,128,382,-254
109000033,303,168,135
109000034,71,43,28
109000035,18,56,-38
109000036,122,279,-157
109000037,215,1137,-922
109000038,448,288,160
109000039,779,540,239
109000040,3669,7135,-3466
109000041,2350,1607,743
109000042,441,1059,-618
109000044,334,78,256
109000045,148,305,-157
109000046,371,105,266
109000047,67,376,-309
109000048,789,224,565
109000049,272,554,-282
109000050,369,236,133
109000051,286,238,48
109000052,462,702,-240
109000053,196,59,137
109000054,336,350,-14
109000055,205,234,-29
109000056,324,361,-37
109000057,631,404,227
109000058,778,218,560
109000059,692,1236,-544
109000060,347,260,87
109000061,620,1032,-412
109000062,126,308,-182
109000063,194,125,69
109000064,238,169,69
109000065,103,148,-45
109000066,306,84,222
109000067,78,228,-150
109000068,2100,8,2092
109000069,843,34,809
109000070,13,1053,-1040
109000071,334,67,267
109000072,89,272,-183
109000073,58,66,-8
109000074,36,159,-123
109000075,58,333,-275
109000076,112,222,-110
109000077,329,226,103
109000078,115,144,-29
109000079,152,138,14
109000080,183,75,108
109000081,105,388,-283
109000082,576,151,425
109000083,284,481,-197
109000088,75,388,-313
109000089,268,54,214
109000090,147,359,-212
109000091,304,207,97
109000092,273,409,-136
109000093,179,239,-60
109000094,491,8,483
109000095,85,312,-227
109000096,600,271,329
109000097,74,120,-46
109000098,62,130,-68
109000099,963,290,673
109000100,214,436,-222
109000101,1480,581,899
109000102,347,588,-241
109000103,355,519,-164
109000104,1508,481,1027
109000105,388,908,-520
109000106,1816,735,1081
109000107,539,1667,-1128
109000108,1483,493,990
109000109,415,1379,-964
109000110,1318,565,753
109000111,821,1545,-724
109000112,412,131,281
109000113,446,190,256
109000114,188,377,-189
109000115,1060,23,1037
109000116,8,204,-196
109000117,204,58,146
109000118,6,264,-258
109000119,1275,221,1054
109000120,174,618,-444
109000121,435,32,403
109000122,118,580,-462
109000123,21,47,-26
109000124,602,426,176
109000125,665,350,315
109000126,387,605,-218
109000127,822,195,627
109000128,369,1106,-737
109000129,1984,822,1162
109000130,501,1318,-817
109000131,777,533,244
109000132,627,1423,-796
109000133,330,771,-441
109000134,627,1085,-458
109000135,995,1366,-371
109000136,274,274,0
109000137,216,402,-186
109000138,503,229,274
109000139,488,408,80
109000140,194,303,-109
109000141,459,412,47
109000142,128,452,-324
109000143,114,85,29
109000145,111,229,-118
109000146,67,105,-38
109000148,2688,1659,1029
109000149,14,44,-30
109000150,107,266,-159
109000155,761,484,277
109000156,737,549,188
109000158,72,204,-132
109000159,83,373,-290
109000160,696,157,539
109000161,312,819,-507
109000162,1744,617,1127
109000163,1001,1425,-424
109000164,1153,2124,-971
109000165,1136,400,736
109000166,712,115,597
109000167,93,458,-365
109000170,57,54,3
109000171,60,34,26
109000172,32,75,-43
109000173,39,90,-51
109000174,99,51,48
109000175,62,80,-18
109000176,258,200,58
109000177,28,109,-81
109000178,640,372,268
109000179,3517,4478,-961
109000180,4109,3289,820
109000181,20,17,3
109000182,27,16,11
109000183,44,16,28
109000184,39,13,26
109000185,27,28,-1
109000188,422,1413,-991
109000189,1955,864,1091
109000190,602,382,220
109000191,319,407,-88
109000192,367,198,169
109000193,175,195,-20
109000194,276,96,180
109000195,162,267,-105
109000196,317,125,192
109000197,250,309,-59
109000198,387,53,334
109000199,129,361,-232
109000206,167,31,136
109000207,109,26,83
109000208,89,71,18
109000209,176,115,61
109000210,181,447,-266
109000211,595,452,143
109000214,376,265,111
109000215,154,65,89
109000216,213,230,-17
109000217,254,111,143
109000218,283,180,103
109000221,408,920,-512
109000222,784,266,518
109000223,309,293,16
109000224,50,94,-44
109000225,69,30,39
109000226,57,156,-99
109000227,964,815,149
109000228,1,875,-874
109000231,2,218,-216
109000232,351,254,97
109000236,293,535,-242
109000241,1787,1671,116
109000242,1729,1094,635
109000293,45,89,-44
109000361,76,246,-170
109000364,258,492,-234
109000396,4,361,-357
109000397,503,5,498
109000399,101,359,-258
109000400,74,169,-95
109000403,97,775,-678
109000406,251,31,220
109000407,285,187,98
109000408,2,305,-303
109000410,1010,281,729
109000411,210,30,180
109900001,85,0,85
109900002,716,27,689
109900003,279,0,279
109900004,663,98,565
109900005,30,4,26
109900006,403,134,269
109900007,754,326,428
109900008,1,34,-33
109900009,113,404,-291
109900010,478,15,463
109900011,88,47,41
109900012,281,217,64
109900013,374,161,213
109900014,466,70,396
109900015,418,211,207
109900016,145,21,124
109900017,161,210,-49
109900018,249,61,188
109900019,293,50,243
109900020,39,49,-10
109900021,23,8,15
109900022,136,166,-30
109900023,21,6,15
109900024,29,27,2
109900025,24,52,-28
109900026,1,106,-105
109900027,63,31,32
109900028,939,786,153
109900029,5,193,-188
109900030,55,15,40
109900031,0,93,-93
109900032,13,251,-238
109900033,5,336,-331
109900034,29,9,20
109900035,11,14,-3
109900036,9,40,-31
109900037,21,356,-335
109900038,97,159,-62
109900039,11,1,10
109900040,32,350,-318
109900041,37,272,-235
109900042,24,366,-342
109900044,80,168,-88
109900045,153,73,80
109900046,63,70,-7
109900047,294,300,-6
109900048,2,82,-80
109900049,14,20,-6
109900050,2,103,-101
109900051,0,47,-47
109900052,96,229,-133
109900053,1,203,-202
109900054,519,210,309
109900055,56,224,-168
109900056,38,227,-189
109900057,6,103,-97
109900058,0,69,-69
109900059,626,102,524
109900060,373,129,244
109900061,67,227,-160
109900062,0,121,-121
109900063,13,437,-424
109900064,472,217,255
109900065,67,110,-43
109900066,294,645,-351
109900067,0,197,-197
109900068,71,1,70
109900069,4,32,-28
109900070,32,267,-235
109900071,1,26,-25
109900072,14,106,-92
109900073,370,322,48
109900074,8,47,-39
109900075,41,13,28
109900076,24,162,-138
109900077,42,48,-6
109900078,81,187,-106
109900080,77,277,-200
109900081,36,254,-218
109900082,30,250,-220
109900083,25,69,-44
109900084,48,122,-74
109900085,200,529,-329
109900086,159,315,-156
109900087,301,431,-130
109900089,604,225,379
109900090,447,800,-353
109900091,276,68,208
109900092,301,14,287
109900093,845,143,702
109900094,76,100,-24
109900095,169,160,9
109900096,25,6,19
109900097,68,4,64
109900098,362,46,316
109900099,167,0,167
109900100,35,0,35
109900101,398,17,381
109900102,464,15,449
109900103,37,39,-2
109900104,581,462,119
109900105,484,15,469
109900106,394,71,323
109900107,484,65,419
109900108,76,221,-145
109900109,52,93,-41
109900110,62,300,-238
109900111,236,577,-341
109900112,300,446,-146
109900113,711,538,173
109900114,944,981,-37
109900115,121,72,49
109900117,931,153,778
109900118,218,392,-174
109900119,480,294,186
109900120,60,17,43
109900121,390,510,-120
109900122,375,7,368
109900123,20,139,-119
109900124,31,295,-264
109900125,1,106,-105
109900126,247,75,172
109900128,264,39,225
109900130,4654,1914,2740
109900131,45,97,-52
109900132,22,110,-88
109900133,92,197,-105
109900134,83,108,-25
109900135,256,60,196
109900136,75,110,-35
109900137,110,254,-144
109900140,202,156,46
109900142,1220,233,987
109900145,1,378,-377
109900146,448,33,415
109900148,42,73,-31
109900149,31,65,-34
109900150,11,82,-71
109900151,7,38,-31
109900152,0,27,-27
109900153,0,35,-35
109900154,130,0,130
109900155,72,21,51
109900157,67,207,-140
109900158,35,120,-85
109900159,157,50,107
109900160,163,39,124
109900161,224,93,131
109900162,193,140,53
109900163,544,285,259
109900164,69,169,-100
109900165,274,6,268
109900166,3,106,-103
109900167,207,435,-228
109900168,189,511,-322
109900169,198,155,43
109900170,229,649,-420
109900171,153,78,75
109900172,205,230,-25
109900173,2173,2295,-122
109900174,29,103,-74
109900175,58,74,-16
109900176,128,178,-50
109900177,38,186,-148
109900178,17,120,-103
109900179,92,19,73
109900180,6,9,-3
110000001,753,490,263
110000002,546,630,-84
110000003,745,639,106
110000004,422,612,-190
110000005,387,1279,-892
110000006,255,278,-23
110000007,128,108,20
110000008,23,46,-23
110000009,46,28,18
110000010,29,52,-23
110000011,62,56,6
110000012,483,296,187
110000013,37,475,-438
110000014,427,355,72
110000015,270,595,-325
110000016,220,1254,-1034
110000017,1933,213,1720
110000018,1789,304,1485
110000019,8,106,-98
110000020,350,215,135
110000021,344,441,-97
110000022,754,185,569
110000023,9,129,-120
110000024,650,300,350
110000025,308,3,305
110000026,13,215,-202
110000027,885,779,106
110000028,682,563,119
110000029,512,604,-92
110000030,240,329,-89
110000031,281,359,-78
110000032,681,392,289
110000033,340,81,259
110000034,404,513,-109
110000035,844,486,358
110000036,702,634,68
110000037,207,399,-192
110000038,215,599,-384
110000039,545,2324,-1779
110000040,221,227,-6
110000041,274,1151,-877
110000042,70,276,-206
110000043,626,254,372
110000044,68,272,-204
110000045,647,90,557
110000046,4,23,-19
110000047,24,31,-7
110000048,13,31,-18
110000049,51,14,37
110000050,10,65,-55
110000051,21,13,8
110000052,18,31,-13
110000053,155,47,108
110000054,80,231,-151
110000055,444,57,387
110000056,231,77,154
110000057,330,447,-117
110000058,1092,480,612
110000059,832,431,401
110000060,718,933,-215
110000061,836,672,164
110000062,554,770,-216
110000063,33,87,-54
110000064,68,56,12
110000065,67,75,-8
110000066,40,42,-2
110000067,93,156,-63
110000068,374,154,220
110000069,251,73,178
110000071,179,107,72
110000073,12,12,0
110000075,7,77,-70
110000076,308,298,10
110000077,331,866,-535
110000078,48,40,8
110000080,242,588,-346
110000081,41,285,-244
110000082,52,354,-302
110000083,253,543,-290
110000084,1081,773,308
110000085,1537,1485,52
110000086,1145,2175,-1030
110000087,14,53,-39
110000088,71,205,-134
110000089,277,87,190
110000090,154,198,-44
110000091,828,248,580
110000092,18,47,-29
110000093,74,12,62
110000094,457,205,252
110000095,176,497,-321
110000096,1639,1586,53
110000097,977,968,9
110000098,1773,557,1216
110000099,659,1355,-696
110000100,813,373,440
110000101,39,283,-244
110000102,87,29,58
110000104,320,100,220
110000105,61,210,-149
110000106,609,437,172
110000107,298,324,-26
110000108,101,76,25
110000109,263,241,22
110000110,2549,4751,-2202
110000111,4607,2464,2143
110000112,1026,1405,-379
110000113,404,2189,-1785
110000114,154,588,-434
110000115,474,295,179
110000116,54,54,0
110000117,196,217,-21
110000118,334,155,179
110000119,170,205,-35
110000120,371,149,222
110000121,56,267,-211
110000122,342,497,-155
110000123,509,688,-179
110000124,1,644,-643
110000125,943,10,933
110000126,297,28,269
110000127,1092,88,1004
110000128,31,1018,-987
110000129,5,352,-347
110000130,356,239,117
110000131,72,319,-247
110000132,1,481,-480
110000133,41,386,-345
110000134,18,318,-300
110000135,188,39,149
110000136,79,213,-134
110000137,458,482,-24
110000138,756,515,241
110000139,747,966,-219
110000140,972,576,396
110000143,585,348,237
110000144,4823,1930,2893
110000145,1891,1137,754
110000146,1957,801,1156
110000147,392,540,-148
110000148,390,226,164
110000151,1016,1136,-120
110000152,731,381,350
110000153,134,34,100
110000154,34,43,-9
110000155,1582,4124,-2542
110000156,918,2442,-1524
110000157,1841,2025,-184
110000160,379,240,139
110000161,177,215,-38
110000166,550,94,456
110000167,794,562,232
110000168,977,494,483
110000169,900,337,563
110000170,99,119,-20
110000171,552,153,399
110000172,154,585,-431
110000173,808,798,10
110000174,161,649,-488
110000175,494,51,443
110000176,128,244,-116
110000177,196,697,-501
110000178,400,1233,-833
110000179,913,285,628
110000180,181,198,-17
110000181,381,408,-27
110000182,259,114,145
110000183,6448,5286,1162
110000184,338,1810,-1472
110000185,764,642,122
110000186,758,642,116
110000191,866,231,635
110000192,543,18,525
110000193,1138,9,1129
110000194,10,742,-732
110000195,403,232,171
110000196,358,263,95
110000197,147,140,7
110000198,198,67,131
110000199,98,109,-11
110000200,966,465,501
110000201,773,902,-129
110000202,1113,538,575
110000203,522,633,-111
110000204,8,209,-201
110000205,130,43,87
110000206,472,906,-434
110000207,919,358,561
110000208,199,182,17
110000209,150,655,-505
110000210,974,360,614
110000211,659,547,112
110000212,448,891,-443
110000213,186,95,91
110000214,245,114,131
110000215,205,269,-64
110000216,70,242,-172
110000217,239,138,101
110000218,125,211,-86
110000219,267,59,208
110000220,73,209,-136
110000221,261,77,184
110000222,76,162,-86
110000223,10,114,-104
110000224,38,9,29
110000225,269,582,-313
110000226,188,42,146
110000227,554,534,20
110000228,211,106,105
110000229,1,162,-161
110000230,456,527,-71
110000231,126,185,-59
110000232,248,191,57
110000233,206,197,9
110000234,601,573,28
110000235,793,978,-185
110000236,605,503,102
110000237,1804,1082,722
110000238,1199,1322,-123
110000239,1708,1001,707
110000240,0,50,-50
110000242,0,7,-7
110000243,134,103,31
110000244,119,328,-209
110000245,56,336,-280
110000246,806,437,369
110000247,1109,4810,-3701
110000248,1806,1551,255
110000249,64,9,55
110000250,24,191,-167
110000251,295,549,-254
110000252,210,144,66
110000253,1274,642,632
110000254,594,1175,-581
110000255,201,865,-664
110000256,375,231,144
110000257,613,364,249
110000258,10,347,-337
110000259,132,21,111
110000260,17,213,-196
110000263,499,118,381
110000264,273,396,-123
110000265,828,1494,-666
110000266,1570,2547,-977
110000267,26,166,-140
110000268,288,418,-130
110000269,2,50,-48
110000270,61,6,55
110000271,1067,196,871
110000272,1015,873,142
110000273,2979,1356,1623
110000274,174,1281,-1107
110000275,1499,442,1057
110000276,407,315,92
110000277,296,320,-24
110000278,363,601,-238
110000279,716,576,140
110000280,332,370,-38
110000281,37,235,-198
110000282,293,31,262
110000283,33,75,-42
110000284,43,37,6
110000285,3,535,-532
110000286,24,0,24
110000287,64,2,62
110000288,3,94,-91
110000289,421,1626,-1205
110000290,705,521,184
110000291,3819,1075,2744
110000292,1157,3527,-2370
110000293,559,507,52
110000294,774,909,-135
110000295,132,688,-556
110000296,356,278,78
110000297,2293,303,1990
110000298,236,482,-246
110000299,223,98,125
110000301,232,32,200
110000302,321,691,-370
110000303,298,9,289
110000304,168,209,-41
110000305,1042,22,1020
110000306,168,889,-721
110000307,1388,8,1380
110000308,502,8,494
110000309,5,486,-481
110000310,677,46,631
110000311,13,485,-472
110000312,435,117,318
110000313,2328,3392,-1064
110000314,2,273,-271
110000315,2692,2206,486
110000316,526,1200,-674
110000317,431,389,42
110000318,4,68,-64
110000319,5,24,-19
110000320,59,36,23
110000321,10,34,-24
110000322,288,268,20
110000323,352,143,209
110000324,2812,1644,1168
110000325,2182,2528,-346
110000327,495,325,170
110000328,209,374,-165
110000333,798,606,192
110000334,923,1201,-278
110000335,828,466,362
110000336,620,793,-173
110000337,1030,504,526
110000338,507,180,327
110000339,290,246,44
110000340,50,174,-124
110000341,426,401,25
110000342,395,4,391
110000343,2,16,-14
110000344,466,106,360
110000345,498,147,351
110000346,1961,1727,234
110000347,1005,637,368
110000348,17,13,4
110000349,15,14,1
110000350,48,9,39
110000351,900,634,266
110000352,688,1247,-559
110000353,1831,626,1205
110000354,1157,2353,-1196
110000355,118,85,33
110000356,594,9,585
110000357,353,15,338
110000361,41,42,-1
110000362,79,81,-2
110000363,337,112,225
110000364,177,290,-113
110000365,143,3,140
110000366,0,68,-68
110000367,361,122,239
110000368,1,46,-45
110000369,99,0,99
110000373,4,255,-251
110000374,136,18,118
110000375,116,921,-805
110000376,25,92,-67
110000377,80,383,-303
110000378,24,292,-268
110000379,2172,1530,642
110000380,57,12,45
110000383,2,866,-864
110000384,1453,835,618
110000385,0,169,-169
110000387,91,23,68
110000388,40,207,-167
110000389,789,2,787
110000391,582,245,337
110000396,148,140,8
110000397,145,123,22
110000398,7,37,-30
110000399,154,1,153
110000587,132,50,82
110000589,238,126,112
110000640,165,72,93
110000652,30,196,-166
110000653,295,315,-20
110000654,65,229,-164
110000656,0,430,-430
110000674,37,11,26
110000675,7,11,-4
110000676,5,24,-19
110000679,308,1168,-860
110000682,121,189,-68
110000683,308,512,-204
110000684,4,42,-38
110000685,10,9,1
110000686,3,27,-24
110000687,34,7,27
110000688,75,829,-754
110000689,34,23,11
110000692,54,101,-47
110000693,45,237,-192
110000694,0,140,-140
110000695,182,562,-380
110000696,65,63,2
110900001,245,18,227
110900002,292,139,153
110900003,727,457,270
110900004,431,142,289
110900005,1765,1713,52
110900006,54,19,35
110900007,139,24,115
110900008,4,44,-40
110900009,441,131,310
110900010,10,48,-38
110900011,19,77,-58
110900012,10,48,-38
110900013,954,138,816
110900014,205,12,193
110900015,414,621,-207
110900016,59,99,-40
110900017,383,30,353
110900018,421,42,379
110900019,192,16,176
110900020,76,191,-115
110900021,75,384,-309
110900022,96,238,-142
110900023,95,401,-306
110900024,30,291,-261
110900025,1,29,-28
110900027,32,197,-165
110900028,50,131,-81
110900029,30,260,-230
110900030,22,168,-146
110900031,1,103,-102
110900032,1,60,-59
110900033,38,140,-102
110900035,16,418,-402
110900036,79,13,66
110900037,66,21,45
110900038,763,251,512
110900039,7,236,-229
110900040,207,30,177
110900041,14,82,-68
110900042,83,38,45
110900043,4,112,-108
110900044,206,16,190
110900045,66,323,-257
110900046,35,244,-209
110900047,417,225,192
110900049,64,49,15
110900050,36,8,28
110900051,47,184,-137
110900052,5,123,-118
110900053,131,32,99
110900054,47,140,-93
110900055,31,2,29
110900056,57,94,-37
110900057,11,115,-104
110900058,224,144,80
110900059,548,443,105
110900060,529,115,414
110900061,22,47,-25
110900062,113,185,-72
110900063,43,169,-126
110900064,6,1,5
110900065,307,153,154
110900066,13,67,-54
110900067,236,546,-310
110900068,230,216,14
110900069,3,16,-13
110900070,80,58,22
110900071,296,528,-232
110900073,1,20,-19
110900074,283,77,206
110900075,366,62,304
110900077,645,519,126
110900078,44,30,14
110900079,1684,1381,303
110900080,104,67,37
110900081,2,36,-34
110900082,122,77,45
110900083,102,58,44
110900084,56,77,-21
110900085,46,213,-167
110900086,91,354,-263
110900087,339,86,253
110900088,16,2,14
110900090,38,42,-4
110900091,1,34,-33
110900093,211,98,113
110900095,48,34,14
110900097,9,18,-9
110900098,21,61,-40
110900099,66,327,-261
110900100,0,12,-12
110900102,55,9,46
110900105,551,205,346
110900108,6,43,-37
110900111,362,173,189
110900112,892,11,881
110900113,457,47,410
110900115,8,71,-63
110900116,562,1404,-842
110900118,75,2488,-2413
110900119,2762,260,2502
110900120,8,58,-50
110900121,188,1,187
110900122,527,190,337
110900125,388,461,-73
110900127,624,1283,-659
110900128,222,292,-70
110900129,358,840,-482
110900130,961,669,292
110900131,215,73,142
110900132,294,37,257
110900133,156,158,-2
110900135,57,265,-208
110900136,302,31,271
110900137,32,1,31
110900138,531,303,228
110900139,5,89,-84
110900140,44,3,41
110900141,22,123,-101
110900142,60,114,-54
110900143,164,81,83
110900144,5,465,-460
110900145,187,37,150
110900146,348,133,215
110900147,91,340,-249
110900148,5,271,-266
110900149,5,54,-49
110900150,71,18,53
110900151,2,78,-76
110900152,35,195,-160
110900153,125,40,85
111000001,456,442,14
111000002,645,497,148
111000003,949,569,380
111000004,427,788,-361
111000005,989,935,54
111000006,781,1329,-548
111000007,3674,2369,1305
111000008,1697,2479,-782
111000009,320,614,-294
111000010,705,194,511
111000011,304,913,-609
111000012,598,287,311
111000013,314,994,-680
111000014,1000,389,611
111000017,115,837,-722
111000018,229,352,-123
111000020,714,2168,-1454
111000021,60,96,-36
111000023,86,68,18
111000025,3093,3212,-119
111000029,70,90,-20
111000030,52,127,-75
111000031,1710,1034,676
111000032,416,330,86
111000033,270,288,-18
111000034,118,166,-48
111000037,1185,649,536
111000038,3416,1931,1485
111000039,1725,1785,-60
111000040,1625,1904,-279
111000041,1477,1202,275
111000042,2443,2007,436
111000043,1592,2853,-1261
111000044,1501,1083,418
111000045,1856,2050,-194
111000046,1389,1676,-287
111000047,2068,3402,-1334
111000049,465,429,36
111000050,1290,1160,130
111000051,530,884,-354
111000052,488,1576,-1088
111000053,339,736,-397
111000054,346,621,-275
111000055,872,1348,-476
111000056,144,344,-200
111000057,85,388,-303
111000058,359,67,292
111000059,415,228,187
111000060,3174,799,2375
111000061,504,292,212
111000062,650,306,344
111000063,1453,858,595
111000064,657,494,163
111000065,908,740,168
111000066,376,375,1
111000067,462,582,-120
111000068,544,910,-366
111000069,1426,1562,-136
111000070,1054,723,331
111000071,223,512,-289
111000072,1057,483,574
111000073,344,752,-408
111000074,1421,1417,4
111000075,913,557,356
111000076,486,548,-62
111000077,1500,1593,-93
111000078,2283,1268,1015
111000079,1110,718,392
111000080,441,544,-103
111000081,1425,3118,-1693
111000082,595,503,92
111000084,860,495,365
111000085,883,979,-96
111000086,1985,922,1063
111000087,655,552,103
111000088,3957,1967,1990
111000089,702,718,-16
111000090,839,1264,-425
111000091,709,426,283
111000092,1159,798,361
111000093,619,979,-360
111000094,1550,966,584
111000095,540,1971,-1431
111000096,1504,6169,-4665
111000097,3505,1368,2137
111000098,709,965,-256
111000099,600,1415,-815
111000100,360,1137,-777
111000101,375,635,-260
111000102,230,412,-182
111000104,554,174,380
111000107,117,534,-417
111000109,563,206,357
111000110,1228,576,652
111000111,1836,427,1409
111000112,1537,473,1064
111000113,886,1254,-368
111000114,1853,3077,-1224
111000115,4749,1102,3647
111000116,864,732,132
111000117,354,815,-461
111000118,1157,690,467
111000119,821,833,-12
111000120,359,448,-89
111000121,239,560,-321
111000122,507,842,-335
111000123,906,2000,-1094
111000124,426,1831,-1405
111000125,237,949,-712
111000126,100,571,-471
111000127,844,138,706
111000128,1805,263,1542
111000129,2232,392,1840
111000130,1965,521,1444
111000131,1433,448,985
111000132,1333,670,663
111000133,182,137,45
111000134,191,99,92
111000135,46,141,-95
111000136,348,329,19
111000138,11,6,5
111000140,0,4,-4
111000141,200,286,-86
111000142,12,100,-88
111000143,1,109,-108
111000144,17,255,-238
111000145,999,21,978
111000146,130,12,118
111000147,253,26,227
111000148,109,52,57
111000149,3,30,-27
111000150,13,5,8
111000151,2,11,-9
111000153,532,751,-219
111000154,714,216,498
111000155,106,165,-59
111000156,381,555,-174
111000157,185,845,-660
111000158,734,631,103
111000159,2026,666,1360
111000160,409,312,97
111000161,12,229,-217
111000162,101,135,-34
111000163,629,655,-26
111000164,600,2881,-2281
111000165,803,517,286
111000166,1561,379,1182
111000167,120,306,-186
111000168,209,425,-216
111000169,294,564,-270
111000170,411,348,63
111000171,514,486,28
111000172,180,303,-123
111000173,356,673,-317
111000174,212,281,-69
111000175,31,269,-238
111000176,305,87,218
111000177,245,196,49
111000178,1054,253,801
111000179,179,143,36
111000180,238,409,-171
111000181,943,214,729
111000182,188,199,-11
111000183,270,292,-22
111000184,339,232,107
111000185,336,334,2
111000186,256,225,31
111000187,148,147,1
111000188,255,340,-85
111000189,869,521,348
111000190,172,217,-45
111000191,140,239,-99
111000192,166,378,-212
111000193,272,227,45
111000194,46,285,-239
111000195,125,267,-142
111000196,98,181,-83
111000197,389,116,273
111000198,410,83,327
111000199,206,122,84
111000200,318,257,61
111000201,539,187,352
111000202,290,165,125
111000203,313,195,118
111000204,390,1021,-631
111000213,193,425,-232
111000214,1274,1201,73
111000215,1001,1055,-54
111000217,1205,841,364
111000218,1134,995,139
111000219,442,181,261
111000220,1155,469,686
111000221,692,88,604
111000224,51,228,-177
111000225,352,292,60
111000226,88,1,87
111000227,21,8,13
111000228,25,335,-310
111000229,48,729,-681
111000230,179,253,-74
111000231,875,576,299
111000232,549,684,-135
111000233,775,609,166
111000234,93,373,-280
111000239,95,117,-22
111000240,28,182,-154
111000241,51,281,-230
111000242,177,59,118
111000243,89,396,-307
111000244,481,89,392
111000245,1164,317,847
111000246,521,320,201
111000247,334,572,-238
111000248,595,383,212
111000249,440,474,-34
111000250,56,74,-18
111000251,75,67,8
111000253,11,9,2
111000255,34,20,14
111000257,63,19,44
111000260,49,866,-817
111000261,1167,71,1096
111000271,48,216,-168
111000273,2668,1061,1607
111000274,1008,1813,-805
111000275,121,40,81
111000276,237,1407,-1170
111000277,159,348,-189
111000278,578,213,365
111000291,567,4469,-3902
111000298,431,208,223
111000299,599,142,457
111000300,101,393,-292
111000302,200,66,134
111000303,53,195,-142
111000312,75,62,13
111000315,1,103,-102
111000320,239,608,-369
111000321,293,151,142
111000322,302,385,-83
111000323,180,34,146
111000324,342,232,110
111000325,36,57,-21
111000326,187,242,-55
111000327,407,350,57
111000328,257,422,-165
111000329,1,23,-22
111000330,73,7,66
111000331,8,4,4
111000332,457,1173,-716
111000334,282,1008,-726
111000335,848,228,620
111000337,1166,340,826
111000338,71,84,-13
111000339,551,225,326
111000340,170,445,-275
111000341,1029,539,490
111000342,155,729,-574
111000344,852,624,228
111000345,172,64,108
111000346,13,88,-75
111000347,120,10,110
111000350,149,113,36
111000351,111,276,-165
111000352,137,84,53
111000353,117,190,-73
111000354,398,157,241
111000355,270,541,-271
111000358,151,849,-698
111000360,180,460,-280
111000361,111,204,-93
111000546,711,432,279
111000547,313,348,-35
111000548,98,346,-248
111000549,257,215,42
111000550,84,870,-786
111000551,675,206,469
111000552,1222,138,1084
111000907,455,6,449
111000908,30,3,27
111000916,1472,255,1217
111000917,23,329,-306
111000918,183,476,-293
111000920,500,11,489
111000921,2,135,-133
111000922,542,242,300
111000924,68,482,-414
111000925,2051,1518,533
111000926,802,1272,-470
111000927,2723,3538,-815
111000928,3105,2588,517
111000929,1041,977,64
111000930,604,1756,-1152
111000931,1778,2220,-442
111000932,3271,1935,1336
111000933,2854,1898,956
111000934,1687,2831,-1144
111000935,1331,726,605
111000936,1025,1689,-664
111000937,852,1142,-290
111000938,1381,1237,144
111000939,460,31,429
111000940,406,118,288
111000941,282,357,-75
111000943,333,210,123
111000944,180,233,-53
111000945,72,1090,-1018
111001109,440,318,122
111001110,151,420,-269
111001111,88,10,78
111001112,121,2,119
111001113,0,135,-135
111001114,714,164,550
111001115,91,462,-371
111001116,3720,3295,425
111001117,526,2061,-1535
111001120,114,199,-85
111001121,174,185,-11
111001122,183,365,-182
111001123,246,61,185
111001124,79,153,-74
111001125,6,112,-106
111900001,7,87,-80
111900002,18,469,-451
111900003,2,226,-224
111900004,44,72,-28
111900006,15,40,-25
111900007,143,9,134
111900008,211,5,206
111900009,178,127,51
111900010,290,383,-93
111900012,45,88,-43
111900013,33,80,-47
111900014,3533,3418,115
111900015,0,46,-46
111900016,0,100,-100
111900017,0,87,-87
111900018,226,7,219
111900019,3,116,-113
111900020,2,31,-29
111900021,25,72,-47
111900022,16,50,-34
111900023,66,60,6
111900024,0,69,-69
111900025,0,28,-28
111900026,1,50,-49
111900027,2,84,-82
111900028,3,229,-226
111900029,0,73,-73
111900030,21,274,-253
111900031,0,13,-13
111900032,2,232,-230
111900033,7,66,-59
111900034,266,427,-161
111900035,24,133,-109
111900036,1,198,-197
111900038,239,523,-284
111900039,39,289,-250
111900040,0,326,-326
111900042,34,133,-99
111900043,3,229,-226
111900044,273,210,63
111900046,46,115,-69
111900048,226,382,-156
111900049,30,197,-167
111900050,110,28,82
111900051,2,154,-152
111900052,352,312,40
111900053,731,1222,-491
111900054,123,6,117
111900055,12,277,-265
111900056,138,214,-76
111900057,122,22,100
111900058,369,403,-34
111900059,1313,508,805
111900060,286,2,284
111900061,6,132,-126
111900062,15,32,-17
111900063,368,192,176
111900064,90,169,-79
111900065,52,12,40
111900066,127,126,1
111900067,1,202,-201
111900068,44,41,3
111900069,52,30,22
111900070,167,86,81
111900071,0,148,-148
111900072,51,30,21
111900073,669,154,515
111900074,12,120,-108
111900075,110,9,101
111900076,124,43,81
111900077,46,2,44
111900078,283,10,273
111900079,46,33,13
111900080,186,250,-64
111900082,94,35,59
111900083,127,13,114
111900084,88,7,81
111900085,35,98,-63
111900086,59,8,51
111900087,63,1,62
111900088,514,31,483
111900089,94,4,90
111900090,56,44,12
111900091,180,4,176
111900092,60,1,59
111900093,395,14,381
111900094,106,2,104
111900095,199,40,159
111900096,148,2,146
111900097,51,0,51
111900098,226,4,222
111900099,79,0,79
111900100,84,1,83
111900101,78,35,43
111900102,401,418,-17
111900103,83,68,15
111900104,150,61,89
111900105,292,180,112
111900106,675,41,634
111900110,1354,341,1013
111900111,210,124,86
111900112,414,2112,-1698
111900113,221,81,140
111900118,344,90,254
111900119,292,170,122
111900122,106,59,47
111900123,19,35,-16
111900124,31,87,-56
111900125,435,46,389
111900126,237,2,235
111900127,2,491,-489
111900128,3,322,-319
111900129,260,6,254
111900130,226,25,201
111900131,452,4,448
111900132,20,726,-706
111900133,11,233,-222
111900134,7,164,-157
111900135,15,45,-30
111900136,76,134,-58
111900137,69,31,38
111900138,15,44,-29
111900139,25,73,-48
111900140,88,23,65
111900141,39,12,27
111900142,73,25,48
111900143,23,155,-132
111900144,0,53,-53
111900145,1,294,-293
111900146,3,180,-177
111900147,98,301,-203
111900148,18,454,-436
111900149,5,201,-196
111900150,11,96,-85
111900151,1,19,-18
111900152,61,55,6
111900153,920,427,493
111900154,17,235,-218
111900155,42,75,-33
111900156,44,59,-15
111900157,87,16,71
111900158,479,58,421
111900159,224,22,202
111900160,229,0,229
111900161,170,0,170
111900162,54,127,-73
111900163,27,162,-135
111900164,102,63,39
111901113,360,150,210
111901114,271,203,68
111901115,85,0,85
111901116,22,2,20
111901117,18,26,-8
111901118,45,272,-227
111901119,528,71,457
111901121,138,130,8
111901122,4,318,-314
111901123,163,225,-62
111901124,158,0,158
111901125,360,148,212
111901127,428,449,-21
111901128,8,48,-40
111901129,4,98,-94
111901130,1,130,-129
111901131,7,144,-137
111901132,71,19,52
111901133,46,4,42
111901134,68,16,52
111901135,15,12,3
111901136,34,67,-33
111901137,2,41,-39
111901138,200,28,172
111901139,24,42,-18
111901140,16,67,-51
111901141,8,123,-115
111901142,3,106,-103
111901143,1,77,-76
111901144,30,52,-22
111901145,128,236,-108
111901146,324,21,303
111901147,48,22,26
111901148,4,5,-1
112000001,1552,631,921
112000002,518,1696,-1178
112000003,1213,937,276
112000004,531,672,-141
112000005,2748,2952,-204
112000006,1787,1439,348
112000007,2600,1879,721
112000008,2050,3106,-1056
112000009,2700,2177,523
112000010,2305,2932,-627
112000011,1362,1308,54
112000012,3376,3914,-538
112000013,3381,2516,865
112000014,2033,2090,-57
112000015,3109,3010,99
112000016,3404,1285,2119
112000017,1503,2387,-884
112000024,1794,903,891
112000026,2645,3333,-688
112000027,708,531,177
112000028,1107,1271,-164
112000029,450,614,-164
112000030,155,67,88
112000031,1071,4018,-2947
112000032,331,38,293
112000033,1344,1606,-262
112000034,322,60,262
112000035,69,316,-247
112000036,724,885,-161
112000037,608,591,17
112000038,971,809,162
112000039,82,78,4
112000040,78,239,-161
112000041,393,368,25
112000042,1044,405,639
112000050,1158,1104,54
112000051,810,1117,-307
112000054,1417,1454,-37
112000057,389,383,6
112000058,263,580,-317
112000059,467,608,-141
112000061,2387,1831,556
112000062,1447,683,764
112000063,844,1370,-526
112000064,3382,4386,-1004
112000065,1513,1973,-460
112000066,3346,1319,2027
112000067,723,629,94
112000068,2832,2195,637
112000069,618,1398,-780
112000070,1651,769,882
112000071,877,2063,-1186
112000072,2160,789,1371
112000073,1458,1930,-472
112000074,1420,1059,361
112000075,1218,1022,196
112000076,2792,2083,709
112000077,570,432,138
112000078,1632,522,1110
112000079,1275,1025,250
112000080,602,597,5
112000081,1239,1934,-695
112000082,1355,755,600
112000083,541,988,-447
112000084,1146,806,340
112000085,1031,743,288
112000086,1439,1158,281
112000087,414,324,90
112000088,830,521,309
112000089,270,220,50
112000090,199,287,-88
112000091,603,763,-160
112000092,1701,1017,684
112000093,1388,716,672
112000094,603,743,-140
112000095,552,655,-103
112000096,536,466,70
112000097,1079,718,361
112000098,916,875,41
112000099,662,1524,-862
112000100,1567,689,878
112000101,442,750,-308
112000102,1216,388,828
112000103,312,771,-459
112000105,467,1097,-630
112000106,1295,352,943
112000107,33,174,-141
112000108,230,1363,-1133
112000109,127,71,56
112000110,1759,649,1110
112000111,929,2768,-1839
112000112,3242,681,2561
112000113,841,1544,-703
112000114,2127,934,1193
112000115,314,352,-38
112000116,526,736,-210
112000117,861,678,183
112000118,867,710,157
112000119,485,557,-72
112000120,72,287,-215
112000121,135,339,-204
112000122,234,131,103
112000123,581,142,439
112000124,344,85,259
112000125,210,189,21
112000126,166,343,-177
112000127,1947,2091,-144
112000128,730,623,107
112000129,119,82,37
112000130,176,86,90
112000131,53,243,-190
112000132,105,252,-147
112000133,344,159,185
112000134,418,315,103
112000135,1143,611,532
112000136,839,1107,-268
112000137,1518,1512,6
112000138,1188,1156,32
112000139,867,537,330
112000140,1016,964,52
112000141,742,302,440
112000142,167,499,-332
112000143,992,181,811
112000144,263,938,-675
112000145,2092,536,1556
112000146,490,1462,-972
112000147,2263,1693,570
112000148,1581,1888,-307
112000149,435,494,-59
112000150,246,468,-222
112000151,314,290,24
112000152,388,311,77
112000153,191,178,13
112000154,121,185,-64
112000155,120,107,13
112000157,771,451,320
112000158,263,311,-48
112000159,360,280,80
112000167,373,72,301
112000169,338,406,-68
112000173,647,184,463
112000175,385,305,80
112000176,2350,1982,368
112000177,640,189,451
112000178,88,290,-202
112000179,263,95,168
112000180,239,304,-65
112000181,1144,1478,-334
112000182,1222,1227,-5
112000183,47,44,3
112000184,387,248,139
112000185,451,414,37
112000187,3412,2262,1150
112000195,86,19,67
112000196,173,4,169
112000197,124,141,-17
112000198,42,242,-200
112000199,1028,759,269
112000202,369,2,367
112000216,72,230,-158
112000230,74,9,65
112000231,3,156,-153
112000256,47,201,-154
112000313,43,85,-42
112000314,45,15,30
112000337,354,535,-181
112000352,302,319,-17
112000392,1095,1097,-2
112000398,1128,780,348
112000399,1332,1805,-473
112000400,1413,2226,-813
112000401,2185,1707,478
112000402,2444,2734,-290
112000403,1388,2562,-1174
112000404,759,722,37
112000405,1615,2381,-766
112000406,2820,1849,971
112000407,6326,6951,-625
112000408,6192,5378,814
112000409,1286,3537,-2251
112000410,430,236,194
112000411,3035,1499,1536
112000412,1240,496,744
112000413,5755,5157,598
112000414,74,77,-3
112000415,90,38,52
112000416,2258,1184,1074
112000417,286,77,209
112000421,54,119,-65
112000422,319,220,99
112000424,1686,2289,-603
112000425,391,582,-191
112000426,138,236,-98
112000427,2,9,-7
112000428,194,244,-50
112000429,2001,1973,28
112000430,2102,2263,-161
112000431,61,158,-97
112000432,596,900,-304
112000433,415,806,-391
112000437,49,137,-88
112900001,38,1,37
112900002,403,661,-258
112900003,68,298,-230
112900004,52,236,-184
112900005,208,164,44
112900006,6,295,-289
112900007,53,158,-105
112900008,1,21,-20
112900009,360,116,244
112900010,399,734,-335
112900011,167,172,-5
112900012,2,46,-44
112900013,14,127,-113
112900014,2,221,-219
112900015,375,631,-256
112900016,2,217,-215
112900017,37,130,-93
112900018,0,198,-198
112900019,28,145,-117
112900020,337,898,-561
112900021,5,191,-186
112900022,5,39,-34
112900023,0,113,-113
112900024,14,169,-155
112900025,72,210,-138
112900026,6,185,-179
112900027,4,738,-734
112900028,26,103,-77
112900029,16,322,-306
112900030,90,119,-29
112900031,12,374,-362
112900032,262,215,47
112900034,1,39,-38
112900035,2,300,-298
112900036,51,109,-58
112900037,126,119,7
112900038,643,168,475
112900039,12,228,-216
112900040,10,263,-253
112900041,617,992,-375
112900042,37,275,-238
112900043,34,46,-12
112900044,442,413,29
112900045,242,218,24
112900046,127,70,57
112900047,12,14,-2
112900049,209,83,126
112900050,32,403,-371
112900051,204,426,-222
112900052,3,685,-682
112900053,417,77,340
112900054,130,43,87
112900055,144,60,84
112900056,290,190,100
112900057,26,372,-346
112900058,376,344,32
112900059,126,138,-12
112900060,15,120,-105
112900061,91,96,-5
112900062,96,101,-5
112900063,113,17,96
112900064,162,161,1
112900065,15,34,-19
112900066,188,167,21
112900067,297,146,151
112900068,31,41,-10
112900069,1360,761,599
112900071,29,3,26
112900072,154,1699,-1545
112900073,281,61,220
112900074,68,245,-177
112900075,1051,745,306
112900076,53,39,14
112900078,292,317,-25
112900079,188,45,143
112900080,67,3,64
112900081,44,168,-124
112900082,479,22,457
112900083,100,98,2
112900084,196,118,78
112900086,93,4,89
112900087,695,150,545
112900088,190,21,169
112900089,897,31,866
112900090,33,23,10
112900091,275,8,267
112900092,163,322,-159
112900093,948,26,922
112900095,35,0,35
112900096,402,136,266
112900097,84,233,-149
112900098,146,4,142
112900099,715,25,690
112900100,72,0,72
112900101,322,2,320
112900102,183,32,151
112900103,191,17,174
112900104,147,5,142
112900105,11,0,11
112900106,397,83,314
112900107,16,0,16
112900108,29,2,27
112900109,104,0,104
112900110,1115,11,1104
112900111,623,5,618
112900112,283,1,282
112900113,2,13,-11
112900114,134,24,110
112900115,1206,4,1202
112900116,91,28,63
112900117,62,92,-30
112900118,32,68,-36
112900119,154,1,153
112900120,596,249,347
112900121,54,139,-85
112900122,16,62,-46
112900123,68,21,47
112900124,9,87,-78
112900125,44,504,-460
112900126,164,151,13
112900127,322,86,236
112900128,267,549,-282
112900129,2,664,-662
112900130,223,81,142
112900131,43,223,-180
112900132,88,291,-203
112900133,20,890,-870
112900134,2,194,-192
112900135,87,38,49
112900137,0,431,-431
112900138,5,195,-190
112900139,178,956,-778
112900141,749,49,700
112900142,67,171,-104
112900143,27,413,-386
112900144,1,207,-206
112900145,26,325,-299
112900146,9,668,-659
112900147,0,1114,-1114
112900148,43,0,43
112900149,257,544,-287
112900151,11,43,-32
112900152,2962,679,2283
112900153,1533,2082,-549
112900154,2,93,-91
112900155,167,26,141
112900156,301,953,-652
112900157,322,101,221
112900158,84,15,69
112900159,214,108,106
112900160,70,230,-160
112900161,137,44,93
112900162,26,14,12
112900163,85,37,48
112900164,22,150,-128
112900165,151,42,109
112900166,22,60,-38
112900167,4,67,-63
112900168,2,2,0
112900169,3,11,-8
112900170,87,53,34
112900172,39,18,21
112900173,165,105,60
112900174,256,39,217
112900175,117,151,-34
112900176,5,56,-51
112900177,192,76,116
112900178,690,1764,-1074
112900179,39,385,-346
112900180,1478,1269,209
112900181,550,13,537
112900182,46,688,-642
112900183,120,302,-182
112900184,431,445,-14
112900185,239,586,-347
112900186,1100,916,184
112900187,80,472,-392
112900188,534,522,12
112900189,8,11,-3
112900190,4,32,-28
112900192,535,667,-132
112900193,1131,358,773
112900194,64,79,-15
112900195,786,66,720
112900196,203,251,-48
112900197,194,357,-163
112900199,640,417,223
112900200,507,175,332
112900201,130,88,42
112900202,376,575,-199
112900203,219,173,46
112900204,825,528,297
112900205,4,5,-1
112900206,35,73,-38
112900207,12,0,12
112900208,72,250,-178
112900209,368,274,94
112900210,0,28,-28
112900211,69,26,43
112900212,1,81,-80
112900213,24,4,20
112900214,23,13,10
112900215,11,157,-146
112900216,17,64,-47
112900217,1,29,-28
112900218,52,14,38
112900219,58,21,37
112900220,0,1,-1
112900221,36,85,-49
112900222,0,21,-21
112900223,928,13,915
112900224,294,377,-83
112900225,462,266,196
112900226,203,311,-108
112900227,689,799,-110
112900228,42,26,16
112900229,236,38,198
112900230,5288,3460,1828
112900232,230,243,-13
112900233,46,125,-79
112900234,23,55,-32
112900235,74,25,49
112900236,275,12,263
112900237,180,168,12
112900238,1,21,-20
112900239,487,363,124
112900240,2,12,-10
112900241,3,6,-3
112900242,1,11,-10
112900243,1,12,-11
112900244,0,6,-6
112900245,1,7,-6
112900246,0,1,-1
112900247,13,6,7
112900248,1,0,1
112900249,6,0,6
112900250,6,0,6
112900251,11,4,7
112900252,8,1,7
112900253,3,1,2
112900254,3,1,2
112900255,0,10,-10
112900256,0,9,-9
112900257,2,2,0
113000001,4979,3645,1334
113000002,3188,2989,199
113000003,1689,1209,480
113000004,1358,1986,-628
113000005,1466,842,624
113000006,862,1102,-240
113000007,1999,1040,959
113000008,1408,1469,-61
113000009,999,593,406
113000010,845,1136,-291
113000011,661,1425,-764
113000012,1767,721,1046
113000013,1125,582,543
113000014,1323,1377,-54
113000015,278,192,86
113000016,331,753,-422
113000017,21,307,-286
113000018,347,42,305
113000019,190,305,-115
113000020,506,111,395
113000021,1152,436,716
113000022,663,992,-329
113000025,179,329,-150
113000026,443,494,-51
113000027,535,619,-84
113000028,655,416,239
113000029,716,696,20
113000030,356,513,-157
113000031,255,317,-62
113000032,277,280,-3
113000033,285,356,-71
113000034,294,368,-74
113000035,35,31,4
113000036,12,50,-38
113000037,36,33,3
113000038,14,46,-32
113000039,93,378,-285
113000040,101,94,7
113000042,783,469,314
113000051,823,1904,-1081
113000052,1496,687,809
113000053,329,338,-9
113000054,347,602,-255
113000055,1057,494,563
113000056,899,767,132
113000058,755,846,-91
113000059,949,582,367
113000060,274,485,-211
113000061,499,822,-323
113000062,617,211,406
113000063,182,86,96
113000064,40,233,-193
113000065,138,615,-477
113000066,627,119,508
113000067,1852,1163,689
113000068,341,1034,-693
113000069,581,945,-364
113000070,2378,983,1395
113000071,388,447,-59
113000072,776,444,332
113000073,335,1218,-883
113000074,989,401,588
113000075,1976,758,1218
113000076,627,1805,-1178
113000077,1085,659,426
113000078,814,2229,-1415
113000079,577,756,-179
113000080,566,686,-120
113000081,717,897,-180
113000082,1135,830,305
113000083,483,776,-293
113000084,1393,1147,246
113000085,743,678,65
113000086,1032,1222,-190
113000087,856,858,-2
113000088,2154,1284,870
113000089,788,1397,-609
113000090,208,518,-310
113000091,432,324,108
113000094,1122,209,913
113000095,193,690,-497
113000096,135,654,-519
113000097,946,384,562
113000098,111,41,70
113000099,880,354,526
113000100,118,318,-200
113000101,343,570,-227
113000102,564,479,85
113000103,1635,347,1288
113000104,469,1814,-1345
113000105,635,443,192
113000106,313,354,-41
113000107,788,648,140
113000108,562,1007,-445
113000109,431,1393,-962
113000110,1564,372,1192
113000111,125,529,-404
113000112,316,297,19
113000113,1198,309,889
113000114,221,1360,-1139
113000116,632,311,321
113000117,702,106,596
113000118,73,404,-331
113000119,288,302,-14
113000120,65,199,-134
113000121,473,860,-387
113000124,169,109,60
113000125,60,666,-606
113000127,2039,295,1744
113000128,468,534,-66
113000129,627,762,-135
113000133,1755,1409,346
113000134,13,881,-868
113000135,4082,3877,205
113000137,1612,3200,-1588
113000139,344,211,133
113000140,136,227,-91
113000141,195,244,-49
113000142,457,1023,-566
113000143,331,220,111
113000144,283,546,-263
113000145,67,126,-59
113000146,129,60,69
113000147,156,104,52
113000148,175,128,47
113000149,106,102,4
113000150,551,289,262
113000151,65,53,12
113000152,38,82,-44
113000153,1293,593,700
113000154,896,1465,-569
113000155,345,565,-220
113000156,148,373,-225
113000157,318,857,-539
113000158,650,282,368
113000159,975,715,260
113000160,624,1053,-429
113000161,286,421,-135
113000162,770,373,397
113000163,76,74,2
113000164,13,75,-62
113000166,158,103,55
113000167,18,88,-70
113000168,56,94,-38
113000169,183,38,145
113000170,101,96,5
113000171,55,81,-26
113000172,260,64,196
113000173,51,28,23
113000174,90,406,-316
113000175,371,87,284
113000176,528,113,415
113000177,119,436,-317
113000178,207,266,-59
113000179,247,152,95
113000180,634,862,-228
113000181,1073,798,275
113000182,169,386,-217
113000183,114,581,-467
113000184,8,102,-94
113000189,395,649,-254
113000190,803,559,244
113000192,1158,2181,-1023
113000193,3380,1595,1785
113000194,1279,1158,121
113000195,1985,1035,950
113000196,146,100,46
113000197,1071,1043,28
113000198,59,310,-251
113000199,1207,324,883
113000201,246,320,-74
113000202,3335,1046,2289
113000203,252,93,159
113000204,1073,2135,-1062
113000205,5,24,-19
113000206,8,38,-30
113000207,124,18,106
113000208,39,47,-8
113000209,17,19,-2
113000210,7,27,-20
113000211,161,198,-37
113000212,97,35,62
113000213,31,141,-110
113000214,181,238,-57
113000234,192,643,-451
113000410,140,237,-97
113000411,2206,4023,-1817
113000412,5231,2084,3147
113000413,2182,2785,-603
113000414,5238,11962,-6724
113000415,2024,2648,-624
113000416,7239,3824,3415
113000417,2280,2713,-433
113000418,3720,2981,739
113000419,1627,2168,-541
113000420,3763,5560,-1797
113000421,3707,5850,-2143
113000422,9683,9779,-96
113000423,2035,4901,-2866
113000424,2706,8127,-5421
113000425,2,77,-75
113000428,34,17,17
113000430,19,75,-56
113000432,1912,217,1695
113000433,98,659,-561
113000434,8,107,-99
113000435,37,461,-424
113000436,43,862,-819
113000437,957,17,940
113000438,391,15,376
113000439,13,74,-61
113000440,121,42,79
113000441,262,237,25
113000442,113,152,-39
113000443,252,180,72
113000444,143,171,-28
113000445,158,108,50
113000446,27,66,-39
113000448,198,141,57
113000449,175,784,-609
113000450,440,1636,-1196
113000451,957,137,820
113000452,299,392,-93
113000453,95,281,-186
113000454,625,100,525
113000455,29,316,-287
113000456,3014,2535,479
113000468,1258,122,1136
113000469,92,68,24
113000470,333,21,312
113000471,6,322,-316
113000472,79,278,-199
113000474,603,524,79
113000475,1203,1313,-110
113000476,1161,1532,-371
113000477,2628,1704,924
113000478,3226,4448,-1222
113000479,83,153,-70
113000483,0,0,0
113000484,0,0,0
113000485,0,0,0
113000486,2,0,2
113000487,0,2,-2
113000488,0,0,0
113000489,0,0,0
113000490,0,0,0
113000491,4,0,4
113000492,0,0,0
113000493,0,0,0
113000495,150,116,34
113000496,111,104,7
113000497,0,0,0
113000499,0,0,0
113900001,4,121,-117
113900002,2,55,-53
113900003,0,64,-64
113900004,3,56,-53
113900005,1,42,-41
113900006,7,15,-8
113900007,49,47,2
113900008,15,0,15
113900009,113,1,112
113900010,94,0,94
113900011,62,0,62
113900012,29,0,29
113900013,220,3,217
113900014,496,2,494
113900015,0,77,-77
113900016,51,0,51
113900017,5,50,-45
113900018,331,186,145
113900019,119,44,75
113900020,138,2,136
113900022,15,0,15
113900023,29,0,29
113900024,46,53,-7
113900025,267,15,252
113900026,42,2,40
113900027,3,47,-44
113900028,21,359,-338
113900029,52,148,-96
113900030,205,1,204
113900031,6,1,5
113900032,14,0,14
113900033,88,53,35
113900035,37,0,37
113900036,17,68,-51
113900037,136,323,-187
113900038,54,130,-76
113900039,113,24,89
113900040,6,12,-6
113900041,4,2,2
113900042,74,22,52
113900043,117,94,23
113900044,261,328,-67
113900045,61,1,60
113900046,198,527,-329
113900047,24,86,-62
113900048,135,113,22
113900049,444,256,188
113900050,197,254,-57
113900051,187,262,-75
113900052,120,106,14
113900053,657,540,117
113900054,35,2,33
113900055,94,320,-226
113900056,42,179,-137
113900057,7,85,-78
113900058,53,105,-52
113900059,238,292,-54
113900060,88,181,-93
113900061,733,269,464
113900062,83,11,72
113900063,88,114,-26
113900064,34,91,-57
113900065,287,14,273
113900066,272,203,69
113900067,142,173,-31
113900068,506,480,26
113900069,126,32,94
113900070,193,437,-244
113900071,56,62,-6
113900072,59,151,-92
113900073,225,244,-19
113900074,104,303,-199
113900075,1279,1068,211
113900076,130,18,112
113900077,47,174,-127
113900078,78,79,-1
113900079,0,52,-52
113900080,464,194,270
113900081,49,147,-98
113900082,71,174,-103
113900083,340,318,22
113900084,288,94,194
113900085,42,245,-203
113900086,38,11,27
113900087,66,102,-36
113900088,48,83,-35
113900089,303,36,267
113900090,566,425,141
113900091,12,7,5
113900092,41,78,-37
113900093,69,600,-531
113900094,434,356,78
113900095,139,128,11
113900096,301,82,219
113900097,32,70,-38
113900098,523,80,443
113900099,0,29,-29
113900100,1,3,-2
113900101,16,80,-64
113900102,109,132,-23
113900103,308,343,-35
113900104,110,215,-105
113900105,109,158,-49
113900106,1,35,-34
113900107,0,19,-19
113900108,191,203,-12
113900109,361,167,194
113900110,52,16,36
113900111,167,86,81
113900112,87,59,28
113900113,782,478,304
113900114,4,60,-56
113900115,0,67,-67
113900116,83,108,-25
113900117,86,24,62
113900118,178,296,-118
113900119,160,436,-276
113900120,53,61,-8
113900121,58,97,-39
113900122,296,1557,-1261
113900123,421,199,222
113900124,1,72,-71
113900125,731,101,630
113900126,177,38,139
113900127,269,670,-401
113900128,157,55,102
113900129,12,132,-120
113900130,0,45,-45
113900131,299,73,226
113900132,74,64,10
113900133,14,38,-24
113900135,252,274,-22
113900136,135,66,69
113900137,326,227,99
113900138,65,198,-133
113900139,257,127,130
113900140,176,269,-93
113900141,512,268,244
113900142,135,79,56
113900143,14,26,-12
113900144,163,184,-21
113900145,381,143,238
113900146,167,42,125
113900148,174,303,-129
113900149,139,59,80
113900150,538,431,107
113900151,347,169,178
113900152,47,45,2
113900153,261,491,-230
113900154,2,132,-130
113900155,140,171,-31
113900156,238,366,-128
113900157,40,245,-205
113900158,264,432,-168
113900159,7,249,-242
113900160,475,405,70
113900161,51,262,-211
113900162,380,690,-310
113900163,257,306,-49
113900164,251,50,201
113900165,643,447,196
113900166,186,158,28
113900167,235,49,186
113900168,79,63,16
113900169,190,378,-188
113900171,187,65,122
113900172,9,136,-127
113900173,39,376,-337
113900174,516,539,-23
113900175,322,107,215
113900176,280,465,-185
113900177,351,172,179
113900178,209,106,103
113900179,20,384,-364
113900180,137,68,69
113900181,534,116,418
113900182,725,863,-138
113900183,51,67,-16
113900184,5,264,-259
113900185,173,62,111
113900186,56,30,26
113900187,35,106,-71
113900188,33,118,-85
113900189,257,112,145
113900190,302,125,177
113900191,93,167,-74
113900192,2,509,-507
113900193,15,153,-138
113900194,1189,867,322
113900195,257,340,-83
113900196,7,149,-142
113900197,0,121,-121
113900198,29,217,-188
113900199,114,612,-498
113900200,16,238,-222
113900201,0,109,-109
113900202,53,286,-233
113900203,1,101,-100
113900204,34,429,-395
113900205,20,130,-110
113900206,5,125,-120
113900207,3,53,-50
113900208,4,56,-52
113900209,1,90,-89
113900210,588,641,-53
113900211,188,66,122
113900212,172,355,-183
113900214,405,314,91
113900215,113,133,-20
113900216,103,581,-478
113900217,80,157,-77
113900218,113,38,75
113900219,82,321,-239
113900220,144,115,29
113900221,407,204,203
113900222,205,455,-250
113900223,103,601,-498
113900224,66,82,-16
113900225,456,167,289
113900226,309,116,193
113900227,396,244,152
113900228,269,494,-225
113900229,69,618,-549
113900230,3066,3092,-26
113900231,124,138,-14
113900232,96,97,-1
113900233,89,73,16
113900234,298,446,-148
113900235,128,34,94
113900236,122,233,-111
113900237,146,13,133
113900238,208,526,-318
113900239,66,91,-25
113900240,7,175,-168
113900241,110,32,78
113900242,52,149,-97
113900243,116,356,-240
113900244,285,195,90
113900245,1112,278,834
113900246,14,24,-10
113900247,145,404,-259
113900248,2249,1594,655
113900249,618,291,327
113900250,48,117,-69
113900251,625,141,484
113900252,512,25,487
113900253,673,57,616
113900254,794,152,642
113900255,393,15,378
113900256,293,25,268
113900257,29,425,-396
113900258,28,311,-283
113900259,544,129,415
113900260,158,14,144
113900261,23,54,-31
113900262,125,434,-309
113900263,107,535,-428
113900264,7,367,-360
113900265,119,260,-141
113900266,41,183,-142
113900267,125,454,-329
113900268,269,443,-174
113900269,107,126,-19
113900270,252,590,-338
113900271,641,868,-227
113900273,28,10,18
113900274,37,25,12
113900275,29,62,-33
113900276,0,121,-121
113900277,120,2,118
113900278,246,163,83
113900279,54,54,0
113900280,1297,563,734
113900281,530,1329,-799
113900282,681,607,74
113900283,305,360,-55
113900284,674,155,519
113900285,133,73,60
113900286,15,64,-49
113900287,36,47,-11
113900288,5,112,-107
113900289,615,62,553
113900290,218,148,70
113900291,85,160,-75
113900292,19,4,15
113900293,9,189,-180
113900294,397,22,375
113900295,322,356,-34
113900296,1545,369,1176
113900297,2276,53,2223
113900298,16,1818,-1802
113900299,82,117,-35
113900300,3878,2739,1139
113900301,771,365,406
113900302,1836,902,934
113900303,347,375,-28
113900304,0,86,-86
113900305,104,0,104
113900306,47,0,47
113900307,17,0,17
113900308,86,101,-15
113900309,6,451,-445
113900310,1,9,-8
113900311,12,0,12
113900312,202,245,-43
113900313,17,5,12
114000001,819,1972,-1153
114000002,301,310,-9
114000003,39,236,-197
114000004,293,353,-60
114000005,214,232,-18
114000006,2315,2134,181
114000007,702,1135,-433
114000008,1390,1754,-364
114000009,610,245,365
114000011,2363,2086,277
114000012,2194,1479,715
114000013,1431,1224,207
114000014,434,241,193
114000015,1858,392,1466
114000016,225,263,-38
114000017,92,262,-170
114000018,153,36,117
114000026,1667,1065,602
114000027,2748,1858,890
114000028,2163,2244,-81
114000038,253,152,101
114000039,84,38,46
114000040,108,179,-71
114000042,147,126,21
114000043,57,62,-5
114000044,213,40,173
114000045,64,84,-20
114000046,3036,4369,-1333
114000047,10,51,-41
114000048,89,50,39
114000049,1333,1576,-243
114000050,1403,2167,-764
114000051,2664,2113,551
114000052,3289,1782,1507
114000053,77,596,-519
114000054,166,657,-491
114000055,176,32,144
114000056,817,883,-66
114000057,4094,1832,2262
114000058,404,1503,-1099
114000059,215,309,-94
114000060,568,840,-272
114000061,2938,2817,121
114000062,2153,1538,615
114000063,2394,1477,917
114000064,4982,3446,1536
114000065,1299,2197,-898
114000066,410,545,-135
114000067,34,780,-746
114000068,513,673,-160
114000069,883,525,358
114000070,2129,1639,490
114000071,675,502,173
114000072,344,152,192
114000073,17,55,-38
114000074,48,18,30
114000075,52,53,-1
114000076,26,80,-54
114000077,14,41,-27
114000078,290,501,-211
114000079,132,23,109
114000080,87,75,12
114000081,86,86,0
114000082,37,363,-326
114000083,80,200,-120
114000084,329,75,254
114000085,95,435,-340
114000086,214,329,-115
114000087,63,141,-78
114000088,44,40,4
114000089,702,310,392
114000090,847,894,-47
114000091,1459,914,545
114000092,923,598,325
114000093,1256,768,488
114000094,327,307,20
114000095,201,140,61
114000096,123,334,-211
114000097,131,440,-309
114000098,551,83,468
114000099,618,419,199
114000100,1297,513,784
114000101,387,549,-162
114000102,465,272,193
114000103,124,291,-167
114000104,16,209,-193
114000105,119,83,36
114000106,688,923,-235
114000107,301,117,184
114000108,1158,807,351
114000109,439,953,-514
114000110,534,1079,-545
114000111,1580,684,896
114000112,478,1471,-993
114000113,1202,506,696
114000114,1151,1038,113
114000115,1780,1072,708
114000116,767,1283,-516
114000117,2549,382,2167
114000118,2165,484,1681
114000119,1619,446,1173
114000120,481,659,-178
114000121,375,579,-204
114000122,313,268,45
114000123,1985,388,1597
114000124,826,236,590
114000125,719,926,-207
114000126,2203,211,1992
114000127,184,103,81
114000128,722,323,399
114000130,415,482,-67
114000131,286,87,199
114000132,567,450,117
114000133,833,1183,-350
114000134,87,133,-46
114000138,31,180,-149
114000139,433,292,141
114000144,742,558,184
114000145,74,161,-87
114000146,133,230,-97
114000147,1443,1811,-368
114000148,1564,1667,-103
114000149,359,220,139
114000150,556,647,-91
114000151,574,1206,-632
114000152,262,48,214
114000153,701,2150,-1449
114000154,770,704,66
114000155,1289,2029,-740
114000156,734,597,137
114000157,249,964,-715
114000158,1341,734,607
114000159,189,502,-313
114000160,107,425,-318
114000161,1156,2839,-1683
114000162,1013,2482,-1469
114000163,12,92,-80
114000165,588,285,303
114000166,738,430,308
114000167,2519,1449,1070
114000168,665,561,104
114000169,1284,1340,-56
114000170,980,1179,-199
114000171,962,2916,-1954
114000174,225,380,-155
114000176,424,484,-60
114000177,1467,789,678
114000178,21,42,-21
114000179,1124,680,444
114000180,447,632,-185
114000181,1477,3222,-1745
114000182,2214,2076,138
114000183,705,842,-137
114000184,2539,940,1599
114000185,962,698,264
114000189,971,133,838
114000190,2438,336,2102
114000191,45,72,-27
114000192,158,1029,-871
114000193,483,2084,-1601
114000194,1138,675,463
114000195,140,15,125
114000196,2,166,-164
114000197,1135,18,1117
114000198,667,291,376
114000199,1628,1462,166
114000200,517,1484,-967
114000201,129,684,-555
114000202,922,395,527
114000203,470,468,2
114000204,164,416,-252
114000205,171,1129,-958
114000206,501,1048,-547
114000207,592,1220,-628
114000208,394,1874,-1480
114000209,543,1761,-1218
114000210,227,917,-690
114000211,728,1187,-459
114000212,577,700,-123
114000213,1111,447,664
114000214,97,172,-75
114000215,244,71,173
114000216,1374,248,1126
114000217,340,175,165
114000218,108,190,-82
114000219,1121,228,893
114000220,22,811,-789
114000221,696,134,562
114000222,129,775,-646
114000223,460,107,353
114000224,122,423,-301
114000225,197,493,-296
114000226,191,200,-9
114000227,618,434,184
114000228,651,627,24
114000229,965,926,39
114000230,1377,972,405
114000231,757,1037,-280
114000232,567,109,458
114000233,1764,110,1654
114000234,927,717,210
114000235,917,1004,-87
114000236,2,326,-324
114000237,125,623,-498
114000238,98,144,-46
114000239,167,846,-679
114000240,621,636,-15
114000241,234,751,-517
114000242,752,668,84
114000243,1229,725,504
114000244,467,296,171
114000245,308,607,-299
114000246,104,37,67
114000247,404,438,-34
114000248,898,418,480
114000249,429,341,88
114000250,398,558,-160
114000251,338,217,121
114000252,85,44,41
114000253,35,110,-75
114000254,49,57,-8
114000255,534,183,351
114000256,1459,2260,-801
114000257,297,1027,-730
114000258,220,314,-94
114000259,68,200,-132
114000260,0,20,-20
114000261,28,25,3
114000262,150,102,48
114000263,7,0,7
114000264,963,351,612
114000265,0,0,0
114000267,0,1202,-1202
114000268,3,991,-988
114000270,78,1,77
114000271,308,49,259
114000283,1061,357,704
114000285,26,148,-122
114000288,97,314,-217
114000289,1136,124,1012
114000293,120,365,-245
114000294,153,241,-88
114000395,1047,33,1014
114000396,534,552,-18
114000402,384,254,130
114000403,246,307,-61
114000405,126,356,-230
114000423,277,301,-24
114000424,368,171,197
114000425,695,317,378
114000426,328,690,-362
114000427,79,56,23
114000428,213,237,-24
114000429,15,141,-126
114000432,99,86,13
114000434,29,91,-62
114000435,4,147,-143
114900001,713,776,-63
114900002,619,131,488
114900003,633,991,-358
114900004,224,387,-163
114900005,540,561,-21
114900006,104,60,44
114900007,345,23,322
114900008,144,85,59
114900010,1578,1777,-199
114900011,208,146,62
114900013,292,142,150
114900015,78,455,-377
114900018,598,24,574
114900020,229,98,131
114900022,51,479,-428
114900024,298,104,194
114900025,439,203,236
114900026,73,144,-71
114900027,188,225,-37
114900029,36,20,16
114900030,288,164,124
114900031,381,22,359
114900032,439,21,418
114900033,714,631,83
114900034,51,156,-105
114900035,129,260,-131
114900036,204,485,-281
114900037,123,155,-32
114900038,151,498,-347
114900039,444,457,-13
114900040,85,117,-32
114900041,679,431,248
114900042,732,592,140
114900043,471,221,250
114900044,123,28,95
114900046,42,97,-55
114900047,269,1746,-1477
114900048,118,185,-67
114900049,16,124,-108
114900050,33,338,-305
114900051,45,322,-277
114900052,76,226,-150
114900053,160,215,-55
114900054,46,90,-44
114900057,214,14,200
114900058,0,64,-64
114900059,141,51,90
114900060,937,875,62
114900061,157,140,17
114900062,201,359,-158
114900063,79,173,-94
114900064,1354,391,963
114900065,333,639,-306
114900067,112,366,-254
114900068,46,144,-98
114900069,141,107,34
114900070,572,298,274
114900072,12,294,-282
114900073,0,151,-151
114900074,671,408,263
114900075,276,8,268
114900076,21,300,-279
114900080,1599,338,1261
114900082,2823,2056,767
114900083,991,1055,-64
114900090,314,186,128
114900091,123,156,-33
114900095,268,107,161
114900096,499,598,-99
114900097,118,0,118
114900098,2,130,-128
114900099,265,8,257
115000001,4654,2879,1775
115000002,3288,3449,-161
115000003,4099,2476,1623
115000004,3382,5130,-1748
115000005,1295,1768,-473
115000006,747,1415,-668
115000007,154,175,-21
115000008,363,466,-103
115000009,150,199,-49
115000010,220,197,23
115000013,75,174,-99
115000015,100,332,-232
115000016,61,235,-174
115000019,32,374,-342
115000020,103,584,-481
115000021,222,437,-215
115000022,462,352,110
115000023,345,523,-178
115000024,844,422,422
115000025,686,646,40
115000026,193,355,-162
115000027,217,283,-66
115000028,172,717,-545
115000029,534,84,450
115000030,644,979,-335
115000031,1170,229,941
115000032,6,259,-253
115000033,165,30,135
115000034,74,1030,-956
115000035,1029,66,963
115000036,0,288,-288
115000037,462,12,450
115000038,71,175,-104
115000039,3219,3229,-10
115000040,4741,2576,2165
115000041,1299,3206,-1907
115000042,681,535,146
115000043,3469,2102,1367
115000044,2942,3091,-149
115000045,2172,1420,752
115000046,2099,1988,111
115000047,1981,1182,799
115000048,1418,1723,-305
115000049,1375,2466,-1091
115000050,2745,1495,1250
115000051,1412,2410,-998
115000052,1828,1470,358
115000053,1486,1429,57
115000054,519,961,-442
115000055,193,786,-593
115000056,198,424,-226
115000057,580,1223,-643
115000058,487,309,178
115000059,141,109,32
115000061,166,150,16
115000062,156,205,-49
115000063,261,263,-2
115000064,164,94,70
115000065,41,354,-313
115000067,142,28,114
115000069,95,270,-175
115000070,47,690,-643
115000071,131,14,117
115000072,3,93,-90
115000073,1068,55,1013
115000075,96,54,42
115000076,2508,2179,329
115000077,1824,1686,138
115000078,1256,1027,229
115000079,1151,1356,-205
115000080,1943,1788,155
115000081,445,739,-294
115000082,3394,3173,221
115000083,1747,1638,109
115000084,2066,970,1096
115000085,671,719,-48
115000086,1064,727,337
115000087,428,1286,-858
115000088,1640,607,1033
115000089,1277,1086,191
115000090,438,746,-308
115000091,199,732,-533
115000092,480,265,215
115000093,487,2,485
115000094,4986,4476,510
115000095,3731,4729,-998
115000096,690,1026,-336
115000097,857,725,132
115000098,980,585,395
115000099,2200,1977,223
115000100,933,318,615
115000101,332,1194,-862
115000102,401,189,212
115000103,245,464,-219
115000105,58,128,-70
115000106,527,302,225
115000107,132,297,-165
115000108,2650,1940,710
115000109,3366,3797,-431
115000110,1498,1474,24
115000111,641,1378,-737
115000112,802,767,35
115000113,701,728,-27
115000114,1422,654,768
115000116,3485,2257,1228
115000117,3187,2895,292
115000118,1867,1845,22
115000119,1571,2309,-738
115000120,478,1364,-886
115000121,1134,997,137
115000122,2999,1331,1668
115000123,1164,2166,-1002
115000124,852,948,-96
115000125,361,494,-133
115000126,116,247,-131
115000127,373,90,283
115000128,398,654,-256
115000129,240,319,-79
115000130,441,614,-173
115000131,775,233,542
115000132,292,270,22
115000133,501,201,300
115000134,212,245,-33
115000135,219,141,78
115000136,255,238,17
115000137,123,162,-39
115000138,262,256,6
115000139,198,200,-2
115000140,338,176,162
115000141,128,186,-58
115000142,162,204,-42
115000143,635,540,95
115000144,529,85,444
115000145,295,240,55
115000146,391,274,117
115000147,277,336,-59
115000148,248,818,-570
115000149,564,162,402
115000150,650,689,-39
115000151,1050,458,592
115000152,567,834,-267
115000153,938,484,454
115000154,769,292,477
115000155,570,742,-172
115000156,951,717,234
115000157,581,659,-78
115000158,411,332,79
115000159,660,557,103
115000160,473,337,136
115000161,143,406,-263
115000162,668,648,20
115000163,528,614,-86
115000164,576,554,22
115000165,290,531,-241
115000167,147,67,80
115000168,474,311,163
115000169,472,283,189
115000170,141,144,-3
115000171,257,281,-24
115000172,1037,521,516
115000173,310,473,-163
115000174,112,303,-191
115000175,158,135,23
115000176,127,163,-36
115000177,92,170,-78
115000178,17,186,-169
115000179,18,42,-24
115000180,151,467,-316
115000181,636,120,516
115000182,739,230,509
115000183,333,584,-251
115000186,623,221,402
115000187,197,632,-435
115000188,353,433,-80
115000189,206,397,-191
115000190,708,361,347
115000191,137,441,-304
115000194,140,162,-22
115000195,300,312,-12
115000196,127,91,36
115000197,165,212,-47
115000198,296,162,134
115000199,386,117,269
115000200,348,91,257
115000201,138,266,-128
115000206,301,39,262
115000207,158,270,-112
115000208,348,555,-207
115000209,516,262,254
115000210,128,104,24
115000211,225,204,21
115000212,1352,270,1082
115000224,412,57,355
115000225,59,73,-14
115000229,195,133,62
115000230,132,413,-281
115000231,259,1281,-1022
115000232,1372,226,1146
115000233,109,167,-58
115000234,24,247,-223
115000241,84,166,-82
115000242,110,197,-87
115000243,29,171,-142
115000244,12,76,-64
115000246,35,24,11
115000247,21,22,-1
115000248,29,34,-5
115000249,24,26,-2
115000250,247,40,207
115000251,258,85,173
115000252,82,169,-87
115000253,17,420,-403
115000258,297,132,165
115000259,285,116,169
115000261,23,19,4
115000262,8,16,-8
115000263,27,51,-24
115000264,23,37,-14
115000267,80,81,-1
115000268,32,82,-50
115000269,113,83,30
115000270,10,32,-22
115000272,65,153,-88
115000273,332,18,314
115000280,2005,209,1796
115000281,631,578,53
115000282,1141,605,536
115000284,307,199,108
115000296,1004,10,994
115000297,116,109,7
115000298,68,378,-310
115000300,243,146,97
115000302,648,108,540
115000303,695,129,566
115000304,696,45,651
115000305,93,540,-447
115000306,178,230,-52
115000307,96,191,-95
115000308,20,19,1
115000309,16,61,-45
115000310,838,669,169
115000311,901,975,-74
115000313,99,474,-375
115000314,448,132,316
115000315,971,490,481
115000316,61,93,-32
115000317,164,396,-232
115000318,708,299,409
115000319,34,269,-235
115000320,5,261,-256
115000321,295,8,287
115000322,48,166,-118
115000449,213,179,34
115000557,1,1087,-1086
115000558,429,120,309
115000587,433,276,157
115000588,1930,2269,-339
115000589,3038,2223,815
115000590,983,1192,-209
115000591,1340,727,613
115000592,520,1529,-1009
115000593,1238,556,682
115000594,723,2061,-1338
115000609,149,266,-117
115000617,1102,2443,-1341
115000624,266,52,214
115000633,356,1497,-1141
115000634,2230,709,1521
115000635,487,136,351
115000638,563,586,-23
115000641,53,114,-61
115000642,333,276,57
115000643,99,437,-338
115000644,169,351,-182
115000646,831,1533,-702
115000647,225,419,-194
115000648,1550,1516,34
115000893,2562,1557,1005
115000894,143,847,-704
115000895,346,627,-281
115000896,1040,354,686
115000897,539,108,431
115000898,600,220,380
115000899,389,927,-538
115000900,61,275,-214
115000901,65,109,-44
115000912,428,74,354
115000913,1,20,-19
115000915,15,0,15
115000916,8,1,7
115000917,0,11,-11
115000918,50,299,-249
115000919,10,28,-18
115000920,24,40,-16
115000921,446,55,391
115000922,898,793,105
115000923,397,915,-518
115000925,97,70,27
115000927,44,70,-26
115000933,227,210,17
115000934,134,133,1
115000935,134,76,58
115000936,57,510,-453
115000937,559,90,469
115000938,126,253,-127
115000939,104,178,-74
115000940,50,30,20
115000941,4,22,-18
115000942,25,127,-102
115000943,29,20,9
115000944,13,34,-21
115900001,68,39,29
115900002,109,97,12
115900003,222,88,134
115900004,1,45,-44
115900005,189,11,178
115900006,176,197,-21
115900008,75,11,64
115900009,90,183,-93
115900010,254,108,146
115900011,360,158,202
115900012,168,48,120
115900013,327,95,232
115900014,112,128,-16
115900015,73,52,21
115900016,57,22,35
115900017,15,8,7
115900018,140,41,99
115900019,108,18,90
115900020,72,5,67
115900021,908,154,754
115900022,1213,14,1199
115900023,62,10,52
115900025,39,272,-233
115900026,713,183,530
115900027,1,251,-250
115900028,468,35,433
115900029,9,222,-213
115900030,29,25,4
115900031,328,314,14
115900032,449,600,-151
115900033,1,41,-40
115900034,31,258,-227
115900035,48,45,3
115900036,66,677,-611
115900037,53,255,-202
115900038,35,12,23
115900039,196,169,27
115900041,382,571,-189
115900042,32,4,28
115900043,113,54,59
115900044,195,192,3
115900046,218,173,45
115900047,138,139,-1
115900049,127,162,-35
115900051,1,20,-19
115900052,7,164,-157
115900053,215,154,61
115900054,246,23,223
115900055,18,120,-102
115900056,177,209,-32
115900057,21,7,14
115900058,30,70,-40
115900060,56,101,-45
115900061,175,0,175
115900062,30,154,-124
115900063,69,12,57
115900064,142,209,-67
115900065,130,79,51
115900066,118,96,22
115900067,13,427,-414
115900068,2300,745,1555
115900069,51,210,-159
115900070,180,120,60
115900071,0,339,-339
115900072,37,133,-96
115900073,63,84,-21
115900074,0,213,-213
115900075,26,185,-159
115900076,3,43,-40
115900077,2,183,-181
115900078,46,118,-72
115900079,171,24,147
115900080,368,144,224
115900081,15,53,-38
115900082,147,125,22
115900084,349,14,335
115900085,30,58,-28
115900086,1209,534,675
115900088,9,60,-51
115900089,268,544,-276
115900090,349,12,337
115900091,5,31,-26
115900092,12,106,-94
115900093,7,13,-6
115900094,4,225,-221
115900096,6,1,5
115900097,18,269,-251
115900098,118,283,-165
115900099,117,47,70
115900100,5,362,-357
115900101,122,207,-85
115900102,84,64,20
115900103,319,145,174
115900104,60,103,-43
115900105,232,420,-188
115900106,68,27,41
115900107,87,73,14
115900108,118,53,65
115900109,54,316,-262
115900110,0,16,-16
115900111,1,55,-54
115900112,25,669,-644
115900113,45,51,-6
115900114,3,84,-81
115900115,45,187,-142
115900116,77,634,-557
115900117,76,26,50
115900118,1,218,-217
115900119,134,142,-8
115900120,29,219,-190
115900121,176,172,4
115900124,289,627,-338
115900125,286,48,238
115900126,576,98,478
115900127,635,54,581
115900128,10,96,-86
115900129,714,55,659
115900130,29,235,-206
115900131,306,22,284
115900132,476,4,472
115900134,376,9,367
115900135,383,1025,-642
115900137,31,12,19
115900139,29,72,-43
115900140,193,26,167
115900141,4,49,-45
115900142,10,45,-35
115900143,199,266,-67
115900144,90,183,-93
115900146,10,103,-93
115900147,185,197,-12
115900148,77,3,74
115900149,85,13,72
115900150,59,28,31
115900151,16,128,-112
115900152,104,250,-146
115900153,143,209,-66
115900154,366,322,44
115900155,0,37,-37
115900156,626,780,-154
115900157,165,404,-239
115900158,12,13,-1
115900159,140,179,-39
115900160,10,12,-2
115900161,31,126,-95
115900163,174,125,49
115900164,431,34,397
115900166,171,123,48
115900168,80,143,-63
115900171,112,398,-286
115900172,63,94,-31
115900173,236,114,122
115900174,245,200,45
115900175,130,179,-49
115900178,3,353,-350
115900179,209,3,206
115900180,59,97,-38
115900181,173,160,13
115900182,385,138,247
115900183,43,67,-24
115900184,1297,17,1280
115900187,13,102,-89
115900189,0,216,-216
115900190,277,1179,-902
115900191,32,266,-234
115900192,7,113,-106
115900193,243,121,122
115900194,729,63,666
115900195,578,1830,-1252
115900198,188,286,-98
115900199,162,213,-51
115900200,216,282,-66
115900201,413,277,136
115900202,3,52,-49
115900203,6,20,-14
115900204,0,5,-5
115900205,95,31,64
115900206,215,178,37
115900207,22,26,-4
115900208,110,136,-26
115900209,4,146,-142
115900210,3,131,-128
115900211,4,160,-156
115900212,135,222,-87
115900213,59,85,-26
115900214,471,170,301
115900215,27,128,-101
115900216,3,109,-106
115900217,14,40,-26
115900218,4,36,-32
115900219,99,9,90
115900220,128,27,101
115900221,95,13,82
115900222,50,30,20
115900223,6,355,-349
115900224,768,919,-151
115900225,47,49,-2
115900226,18,36,-18
115900227,18,39,-21
115900228,14,26,-12
115900229,16,40,-24
115900230,63,92,-29
115900231,130,4,126
115900232,52,2,50
115900233,62,5,57
115900234,37,26,11
115900235,25,30,-5
115900236,107,26,81
115900237,49,24,25
115900238,50,7,43
115900239,18,26,-8
115900240,9,38,-29
115900241,194,120,74
115900242,203,295,-92
115900243,7,12,-5
115900244,13,6,7
115900245,48,6,42
115900246,11,17,-6
115900247,43,17,26
115900248,19,4,15
115900249,6,8,-2
115900250,11,34,-23
115900251,3,11,-8
115900252,4,5,-1
115900253,8,7,1
115900254,4,33,-29
115900255,5,15,-10
115900256,30,28,2
115900257,7,8,-1
115900258,0,2,-2
115900259,8,1,7
115900260,14,1,13
115900261,2,21,-19
115900262,7,0,7
115900263,15,1,14
115900264,10,4,6
115900265,2,7,-5
115900266,1,8,-7
115900267,17,21,-4
115900268,7,11,-4
115900269,362,339,23
115900270,367,261,106
115900271,115,0,115
115900272,28,4,24
115900273,14,15,-1
115900274,1,6,-5
115900275,1,5,-4
115900276,0,20,-20
115900277,1,52,-51
115900278,28,93,-65
115900279,26,137,-111
115900280,19,346,-327
115900281,246,194,52
115900282,15,12,3
115900283,12,28,-16
115900284,19,8,11
116000001,8816,3722,5094
116000002,4295,8797,-4502
116000003,1472,1494,-22
116000004,2257,3190,-933
116000005,2252,2676,-424
116000006,2385,2142,243
116000007,2192,2760,-568
116000008,3034,2000,1034
116000009,1348,1868,-520
116000010,2045,1332,713
116000011,822,1417,-595
116000012,1363,954,409
116000013,6903,3344,3559
116000014,8325,9064,-739
116000015,209,1011,-802
116000016,4854,2763,2091
116000017,28,646,-618
116000018,616,270,346
116000019,544,203,341
116000020,605,773,-168
116000021,332,245,87
116000022,329,279,50
116000023,884,569,315
116000024,612,750,-138
116000025,661,627,34
116000026,1417,2143,-726
116000027,556,503,53
116000028,380,573,-193
116000029,466,493,-27
116000030,577,318,259
116000031,149,257,-108
116000032,309,114,195
116000033,253,352,-99
116000034,468,651,-183
116000035,276,461,-185
116000036,1428,1073,355
116000037,591,458,133
116000038,476,479,-3
116000039,552,336,216
116000040,683,293,390
116000041,180,351,-171
116000042,560,234,326
116000043,84,547,-463
116000044,7,61,-54
116000045,1214,948,266
116000046,816,1045,-229
116000047,1277,1560,-283
116000048,1413,1265,148
116000049,911,2371,-1460
116000050,1028,912,116
116000051,4524,2277,2247
116000052,4237,3829,408
116000053,1609,653,956
116000054,578,2111,-1533
116000055,517,691,-174
116000056,755,773,-18
116000057,1906,1216,690
116000058,2179,2152,27
116000059,2374,3242,-868
116000060,1772,861,911
116000061,670,842,-172
116000062,521,191,330
116000063,466,926,-460
116000066,272,494,-222
116000067,199,368,-169
116000068,241,330,-89
116000069,358,276,82
116000078,459,979,-520
116000080,1443,774,669
116000082,7,41,-34
116000083,1365,351,1014
116000084,1805,3134,-1329
116000085,1850,1744,106
116000086,1568,1022,546
116000087,1659,1384,275
116000088,671,793,-122
116000089,187,104,83
116000090,84,176,-92
116000091,311,190,121
116000093,866,397,469
116000094,543,508,35
116000095,661,555,106
116000096,536,1065,-529
116000097,668,555,113
116000098,147,4696,-4549
116000099,4356,198,4158
116000100,219,17,202
116000101,851,681,170
116000102,248,1002,-754
116000103,403,219,184
116000104,196,967,-771
116000105,988,166,822
116000106,378,527,-149
116000107,1619,284,1335
116000108,145,129,16
116000111,169,26,143
116000113,110,117,-7
116000114,44,108,-64
116000115,289,125,164
116000116,208,427,-219
116000117,1347,1651,-304
116000118,1299,934,365
116000119,2985,1796,1189
116000120,2543,3127,-584
116000121,777,537,240
116000122,994,1327,-333
116000123,912,383,529
116000124,342,825,-483
116000125,2588,692,1896
116000126,239,1248,-1009
116000127,853,981,-128
116000128,1548,812,736
116000129,1113,220,893
116000130,458,436,22
116000133,848,775,73
116000134,1573,1622,-49
116000135,2053,1297,756
116000136,941,1635,-694
116000137,931,642,289
116000138,691,672,19
116000139,1274,1832,-558
116000140,113,170,-57
116000141,303,516,-213
116000142,2321,2118,203
116000143,1494,1242,252
116000144,1203,1595,-392
116000145,1441,955,486
116000146,435,174,261
116000147,173,91,82
116000148,414,433,-19
116000149,772,708,64
116000151,477,460,17
116000153,88,284,-196
116000155,166,175,-9
116000156,786,888,-102
116000157,82,21,61
116000158,326,269,57
116000159,21,17,4
116000160,22,40,-18
116000161,6,78,-72
116000162,40,44,-4
116000163,16,6,10
116000164,4,10,-6
116000177,133,110,23
116000194,90,326,-236
116000195,1342,593,749
116000196,9,6,3
116000197,14,12,2
116000198,1961,788,1173
116000200,539,476,63
116000201,474,479,-5
116000202,6,275,-269
116000203,3,90,-87
116000204,17,61,-44
116000205,0,152,-152
116000206,0,78,-78
116000207,5,41,-36
116000233,210,382,-172
116000287,123,316,-193
116000288,250,152,98
116000292,45,98,-53
116000296,8,159,-151
116000297,137,32,105
116000304,82,55,27
116000305,41,57,-16
116000346,156,88,68
116000352,68,28,40
116000354,18,17,1
116000357,18,30,-12
116000358,390,54,336
116000361,177,9,168
116000372,4055,3647,408
116000381,93,0,93
116000388,0,39,-39
116000389,881,531,350
116000445,415,375,40
116000446,482,438,44
116000447,12,501,-489
116000448,454,164,290
116000563,815,560,255
116000565,54,345,-291
116000568,54,260,-206
116000579,40,99,-59
116000584,8,7,1
116000585,42,10,32
116000586,46,55,-9
116000587,352,406,-54
116000589,28,42,-14
116000590,72,51,21
116000591,211,172,39
116000592,4,73,-69
116000593,0,26,-26
116000594,454,401,53
116000595,504,109,395
116000596,57,3,54
116000597,469,91,378
116000598,21,153,-132
116000602,44,153,-109
116000605,144,108,36
116000606,73,215,-142
116000607,5,29,-24
116000609,159,670,-511
116000611,126,318,-192
116000612,700,1434,-734
116000613,570,263,307
116000614,347,379,-32
116000615,2,239,-237
116000616,36,28,8
116000617,43,26,17
116000618,2,64,-62
116000619,43,50,-7
116000620,86,95,-9
116000621,37,79,-42
116000622,42,108,-66
116000624,140,85,55
116000627,52,35,17
116000628,59,259,-200
116000629,31,217,-186
116000630,338,21,317
116000631,163,49,114
116000632,619,66,553
116000633,176,234,-58
116000634,402,136,266
116000635,2107,1740,367
116000636,656,942,-286
116000637,361,79,282
116000638,78,253,-175
116000640,5,8,-3
116000641,23,91,-68
116000644,16,353,-337
116900001,168,107,61
116900002,194,4,190
116900003,23,31,-8
116900004,41,45,-4
116900005,182,40,142
116900006,126,121,5
116900007,112,124,-12
116900008,417,215,202
116900009,15,1,14
116900010,1,905,-904
116900011,10,22,-12
116900012,150,157,-7
116900013,1,169,-168
116900014,110,153,-43
116900015,328,49,279
116900016,170,3,167
116900017,1,391,-390
116900018,95,59,36
116900019,7,199,-192
116900020,702,728,-26
116900023,29,16,13
116900024,490,38,452
116900025,820,589,231
116900026,120,447,-327
116900027,27,37,-10
116900028,4,69,-65
116900029,0,32,-32
116900031,1,2,-1
116900032,3,243,-240
116900033,11,7,4
116900034,7,45,-38
116900035,152,127,25
116900036,3,76,-73
116900038,35,5,30
116900041,33,4,29
116900042,435,185,250
116900043,10,49,-39
116900047,13,104,-91
116900049,26,254,-228
116900050,94,301,-207
116900051,110,122,-12
116900052,162,67,95
116900055,0,4,-4
116900057,15,162,-147
116900058,30,301,-271
116900059,3,102,-99
116900060,196,159,37
116900062,1,17,-16
116900064,82,444,-362
116900065,13,94,-81
116900067,81,63,18
116900068,91,158,-67
116900070,2,3,-1
116900072,33,237,-204
116900073,14,94,-80
116900074,1,43,-42
116900076,9,13,-4
116900077,5,82,-77
116900078,186,65,121
116900079,53,181,-128
116900080,8,16,-8
116900081,310,892,-582
116900082,367,700,-333
116900083,23,22,1
116900084,130,39,91
116900085,28,119,-91
116900086,41,113,-72
116900088,292,99,193
116900090,83,32,51
116900091,315,37,278
116900092,91,457,-366
116900093,1387,1561,-174
116900094,3104,2972,132
116900095,186,134,52
116900096,97,282,-185
116900097,1897,2131,-234
116900098,771,357,414
116900099,527,602,-75
116900100,618,35,583
116900101,299,382,-83
116900103,8,0,8
116900104,58,57,1
116900105,235,90,145
116900106,1509,124,1385
116900107,2290,1802,488
116900110,17,1,16
116900111,407,516,-109
116900112,261,688,-427
116900113,1523,1178,345
116900116,124,563,-439
116900117,95,95,0
116900118,563,772,-209
116900120,325,65,260
116900121,86,30,56
116900122,709,525,184
116900123,151,560,-409
116900124,161,618,-457
116900125,283,159,124
116900126,107,408,-301
116900128,1,36,-35
116900129,5,251,-246
116900130,562,2794,-2232
116900131,75,303,-228
116900132,47,108,-61
116900133,146,123,23
116900134,207,189,18
116900136,206,205,1
116900137,184,123,61
116900138,145,133,12
116900139,103,402,-299
116900140,146,131,15
116900141,600,414,186
116900142,0,75,-75
116900143,308,262,46
116900144,37,89,-52
116900145,99,183,-84
116900147,595,430,165
116900148,2,41,-39
116900149,56,199,-143
116900150,11,20,-9
116900151,49,11,38
116900153,92,47,45
116900154,330,415,-85
116900155,56,65,-9
116900157,459,222,237
116900158,104,260,-156
116900159,54,247,-193
116900160,750,730,20
116900161,4228,5120,-892
116900162,15,82,-67
116900163,134,120,14
116900164,95,70,25
116900165,214,242,-28
116900166,34,46,-12
116900167,344,67,277
116900168,268,51,217
116900169,472,523,-51
116900170,243,479,-236
116900171,33,119,-86
116900172,168,302,-134
116900173,130,33,97
116900174,40,58,-18
116900175,166,157,9
116900178,45,112,-67
116900179,78,304,-226
116900180,72,32,40
116900182,387,147,240
116900183,119,83,36
116900185,13,51,-38
116900186,52,149,-97
116900187,77,52,25
116900188,168,30,138
116900189,71,0,71
116900191,373,574,-201
116900192,237,87,150
116900194,121,1152,-1031
116900195,33,33,0
116900196,19,59,-40
116900197,101,17,84
116900198,124,198,-74
116900200,44,16,28
116900201,103,4,99
116900202,93,48,45
116900203,113,4,109
116900204,27,106,-79
116900206,22,21,1
116900207,15,41,-26
116900208,19,85,-66
116900209,43,81,-38
116900210,507,275,232
116900211,149,6,143
116900212,35,22,13
116900213,189,114,75
116900214,153,105,48
116900215,47,59,-12
116900216,212,195,17
116900218,10,189,-179
116900219,972,316,656
116900220,93,183,-90
116900221,93,289,-196
116900222,324,280,44
116900223,130,240,-110
116900226,87,45,42
116900227,152,55,97
116900228,255,172,83
116900230,62,159,-97
116900231,23,239,-216
116900232,6,284,-278
116900233,183,81,102
116900234,15,7,8
116900235,164,220,-56
116900238,1258,273,985
116900239,5,987,-982
116900240,3811,2252,1559
116900241,55,105,-50
116900242,481,456,25
116900243,1,20,-19
116900245,30,23,7
116900246,85,29,56
116900247,665,23,642
116900248,69,26,43
116900249,293,106,187
116900250,374,44,330
116900251,320,377,-57
116900252,135,609,-474
116900253,124,61,63
116900254,16,84,-68
116900255,92,61,31
116900256,322,99,223
116900257,21,272,-251
116900258,5,154,-149
116900259,216,6,210
116900260,1,91,-90
116900261,59,3,56
116900262,118,110,8
116900263,0,8,-8
116900264,39,22,17
116900265,30,1,29
116900266,13,46,-33
116900267,2,1,1
116900268,143,109,34
116900269,178,410,-232
116900271,1074,197,877
116900272,317,219,98
116900273,170,95,75
116900274,93,44,49
116900275,144,89,55
116900276,459,137,322
116900277,365,32,333
116900278,4,11,-7
116900279,1,17,-16
116900280,18,20,-2
116900281,3976,3154,822
116900282,8,70,-62
116900283,13,55,-42
116900284,24,138,-114
116900285,213,165,48
116900286,194,27,167
116900287,4,30,-26
116900288,83,61,22
116900289,12,9,3
116900290,2,15,-13
116900291,19,5,14
116900292,0,16,-16
116900293,34,40,-6
116900294,20,101,-81
116900295,116,54,62
116900296,67,64,3
116900297,9,87,-78
116900298,108,72,36
116900299,23,53,-30
116900300,9,72,-63
116900301,44,100,-56
116900302,56,54,2
116900303,261,63,198
116900304,1,175,-174
116900305,15,32,-17
116900306,109,81,28
116900307,41,1,40
116900308,1,101,-100
116900309,49,102,-53
117000001,1601,1289,312
117000002,1469,2955,-1486
117000003,5410,2962,2448
117000004,3145,3859,-714
117000005,1824,1719,105
117000006,1082,2655,-1573
117000007,3307,1098,2209
117000008,906,2753,-1847
117000009,4477,1800,2677
117000010,2288,3157,-869
117000011,1772,1387,385
117000012,1073,1005,68
117000013,1626,704,922
117000014,1002,1709,-707
117000015,1968,1087,881
117000016,313,119,194
117000017,229,88,141
117000018,122,413,-291
117000019,104,25,79
117000020,468,1016,-548
117000021,1342,507,835
117000022,362,89,273
117000023,215,185,30
117000024,210,183,27
117000025,467,813,-346
117000026,1869,1128,741
117000027,1898,3245,-1347
117000028,2216,1428,788
117000030,403,365,38
117000031,292,243,49
117000032,1228,830,398
117000033,901,495,406
117000034,277,242,35
117000035,303,244,59
117000036,321,268,53
117000037,200,186,14
117000038,175,469,-294
117000039,385,212,173
117000040,231,761,-530
117000041,817,117,700
117000044,17,648,-631
117000045,386,75,311
117000046,344,713,-369
117000047,721,538,183
117000048,1601,828,773
117000049,102,461,-359
117000050,117,1316,-1199
117000051,1973,83,1890
117000052,48,307,-259
117000053,483,42,441
117000054,1487,11,1476
117000055,8,2115,-2107
117000056,553,21,532
117000057,523,1817,-1294
117000060,349,1002,-653
117000061,1316,716,600
117000062,288,561,-273
117000063,1508,805,703
117000064,611,622,-11
117000066,792,696,96
117000067,103,491,-388
117000074,144,152,-8
117000076,98,37,61
117000077,133,175,-42
117000078,112,545,-433
117000079,353,252,101
117000080,3,262,-259
117000081,966,93,873
117000082,29,81,-52
117000083,154,4,150
117000084,161,1,160
117000085,285,640,-355
117000086,651,422,229
117000087,68,369,-301
117000088,209,176,33
117000089,1384,174,1210
117000090,247,875,-628
117000091,755,231,524
117000092,404,946,-542
117000093,961,704,257
117000094,1125,2169,-1044
117000095,2973,850,2123
117000096,571,1828,-1257
117000097,1283,959,324
117000098,2019,3234,-1215
117000099,3021,1076,1945
117000100,167,291,-124
117000101,186,757,-571
117000102,1334,638,696
117000103,609,1171,-562
117000104,1038,631,407
117000105,628,1169,-541
117000106,988,668,320
117000107,503,1311,-808
117000108,1331,761,570
117000109,1204,1628,-424
117000110,1218,907,311
117000111,3034,3465,-431
117000112,2734,1456,1278
117000113,249,205,44
117000114,183,98,85
117000115,93,107,-14
117000116,121,190,-69
117000117,1186,968,218
117000118,216,141,75
117000119,163,177,-14
117000120,211,430,-219
117000121,84,880,-796
117000122,255,566,-311
117000123,1427,35,1392
117000124,453,75,378
117000125,300,140,160
117000126,35,18,17
117000127,171,239,-68
117000128,370,624,-254
117000129,276,470,-194
117000130,105,1,104
117000131,0,110,-110
117000132,2781,14,2767
117000133,1331,33,1298
117000134,1,45,-44
117000135,4,57,-53
117000136,0,22,-22
117000137,76,134,-58
117000138,5,460,-455
117000140,384,1012,-628
117000141,1386,437,949
117000181,464,291,173
117000182,465,461,4
117000195,147,753,-606
117000196,246,121,125
117000225,138,31,107
117000226,5,138,-133
117000276,287,15,272
117000277,1,250,-249
117000310,1326,1793,-467
117000315,55,584,-529
117000320,76,1,75
117000906,321,7,314
117000907,14,241,-227
117000909,39,38,1
117000910,171,174,-3
117000911,75,139,-64
117000915,3,387,-384
117000916,35,2,33
117000917,1036,58,978
117000918,56,69,-13
117000919,4,49,-45
117000920,4,1009,-1005
117000921,3,969,-966
117000922,26,76,-50
117000924,336,626,-290
117000926,645,80,565
117000927,1057,852,205
117000928,0,122,-122
117000929,190,261,-71
117000930,194,11,183
117000931,274,124,150
117900002,72,325,-253
117900003,530,372,158
117900005,9,33,-24
117900006,0,69,-69
117900007,101,95,6
117900008,0,20,-20
117900010,166,60,106
117900011,44,102,-58
117900012,59,75,-16
117900013,0,152,-152
117900014,382,90,292
117900015,29,77,-48
117900016,957,641,316
117900017,385,193,192
117900018,182,127,55
117900019,383,208,175
117900020,81,425,-344
117900021,39,53,-14
117900022,33,8,25
117900023,619,145,474
117900024,44,54,-10
117900025,46,9,37
117900026,316,213,103
117900028,76,4,72
117900029,172,418,-246
117900030,526,289,237
117900031,160,92,68
117900032,942,484,458
117900033,218,389,-171
117900034,20,40,-20
117900035,243,74,169
117900036,169,277,-108
117900037,125,101,24
117900038,27,244,-217
117900039,3,48,-45
117900040,116,344,-228
117900041,6,38,-32
117900042,2564,259,2305
117900043,27,46,-19
117900044,22,2264,-2242
117900045,103,104,-1
117900048,322,216,106
117900049,183,326,-143
117900050,3,67,-64
117900051,10,1,9
117900052,38,336,-298
117900053,1405,460,945
117900054,0,24,-24
117900055,205,120,85
117900056,184,56,128
117900057,942,1062,-120
117900058,86,22,64
117900059,313,105,208
117900060,2126,3784,-1658
117900061,18,169,-151
117900063,339,149,190
117900065,611,945,-334
117900066,4,63,-59
117900067,326,143,183
117900069,532,214,318
117900070,165,43,122
117900071,87,105,-18
117900073,339,206,133
117900074,123,84,39
117900075,71,69,2
117900076,24,69,-45
117900077,386,134,252
117900078,251,735,-484
117900080,103,37,66
117900081,439,279,160
117900082,352,327,25
117900083,269,324,-55
117900086,119,23,96
117900087,118,41,77
117900088,2831,1678,1153
117900089,1835,694,1141
117900090,351,329,22
117900091,247,125,122
117900092,77,23,54
117900093,66,54,12
117900094,36,18,18
117900095,278,276,2
117900096,82,187,-105
117900097,247,130,117
117900098,24,8,16
117900099,163,160,3
117900100,179,3,176
117900101,359,1451,-1092
117900102,66,83,-17
117900103,64,5,59
117900104,19,109,-90
117900105,114,186,-72
117900106,100,48,52
117900107,34,2,32
117900109,475,294,181
117900110,107,0,107
117900111,328,33,295
117900112,51,23,28
117900113,2146,1348,798
117900114,18,1,17
117900115,204,50,154
117900116,748,667,81
117900117,460,287,173
117900118,67,0,67
117900119,146,144,2
117900120,159,30,129
117900121,98,55,43
117900122,1194,2882,-1688
117900123,544,348,196
117900124,681,549,132
117900125,1494,1884,-390
117900126,204,402,-198
117900127,399,340,59
117900128,323,457,-134
117900129,64,0,64
117900130,1051,305,746
117900131,1,85,-84
117900132,13,92,-79
117900133,7,108,-101
117900134,31,159,-128
117900135,26,122,-96
117900136,0,21,-21
117900137,25,212,-187
117900138,0,15,-15
117900139,170,115,55
117900140,2362,164,2198
117900141,206,162,44
117900142,65,58,7
117900144,52,179,-127
117900145,45,51,-6
117900146,204,114,90
117900147,103,48,55
117900148,2044,1362,682
117900149,117,151,-34
117900150,31,32,-1
117900151,24,41,-17
117900152,82,46,36
117900153,45,84,-39
117900154,351,527,-176
117900156,755,704,51
117900157,115,463,-348
117900158,229,138,91
117900160,587,701,-114
117900161,2058,1665,393
117900162,336,307,29
117900163,57,94,-37
117900165,0,7,-7
117900166,108,492,-384
117900168,25,152,-127
117900169,2,79,-77
117900170,1,18,-17
117900171,1,23,-22
117900172,12,27,-15
117900173,136,121,15
117900174,32,77,-45
117900175,9,28,-19
117900176,14,14,0
117900177,27,25,2
117900178,70,23,47
117900180,220,24,196
117900181,52,300,-248
117900182,8,43,-35
117900183,56,147,-91
117900184,13,42,-29
117900185,28,47,-19
117900186,42,12,30
117900187,21,12,9
117900188,128,48,80
117900189,63,34,29
117900190,28,1,27
117900191,81,0,81
117900192,196,4,192
117900193,4,68,-64
117900194,6,3,3
117900195,11,46,-35
117900196,10,29,-19
117900207,142,80,62
117900208,22,21,1
117900209,192,132,60
117900210,71,173,-102
117900211,3,138,-135
117900212,98,112,-14
117900213,33,13,20
117900214,1,27,-26
117900215,17,61,-44
117900216,11,22,-11
117900217,91,260,-169
117900218,141,112,29
117900219,4,91,-87
117900220,97,94,3
117900222,172,228,-56
117900223,128,271,-143
118000001,626,784,-158
118000002,652,1561,-909
118000003,2006,2681,-675
118000004,2464,2069,395
118000005,3615,4762,-1147
118000006,4347,8004,-3657
118000007,3932,3037,895
118000008,3895,2931,964
118000009,1419,3135,-1716
118000010,5839,3567,2272
118000011,1312,1846,-534
118000012,946,1553,-607
118000013,1943,2022,-79
118000014,1665,1931,-266
118000016,160,328,-168
118000017,368,333,35
118000018,271,425,-154
118000019,1793,1404,389
118000020,1180,3081,-1901
118000021,620,2873,-2253
118000022,1432,806,626
118000023,821,229,592
118000024,1366,1176,190
118000027,10864,11078,-214
118000029,694,636,58
118000032,942,3227,-2285
118000033,2582,5308,-2726
118000034,4407,2247,2160
118000035,1675,2632,-957
118000036,720,1075,-355
118000037,642,740,-98
118000038,162,57,105
118000039,75,162,-87
118000040,1389,1077,312
118000041,1862,1045,817
118000045,502,143,359
118000046,1234,535,699
118000047,776,770,6
118000048,2476,1594,882
118000051,3006,1638,1368
118000052,1864,900,964
118000053,291,411,-120
118000054,1245,973,272
118000055,1121,1191,-70
118000056,406,340,66
118000057,193,319,-126
118000058,2594,1724,870
118000059,1673,1182,491
118000060,905,465,440
118000061,1115,1053,62
118000062,527,334,193
118000063,339,622,-283
118000064,670,973,-303
118000065,3523,1435,2088
118000066,737,1325,-588
118000067,884,688,196
118000068,1485,3596,-2111
118000069,2535,989,1546
118000070,4467,1763,2704
118000071,2750,5206,-2456
118000072,1359,1116,243
118000073,2107,565,1542
118000074,359,499,-140
118000075,529,220,309
118000076,1397,2016,-619
118000077,1053,1141,-88
118000078,1475,1981,-506
118000079,231,339,-108
118000080,948,787,161
118000081,1653,1208,445
118000082,325,1166,-841
118000083,1452,1626,-174
118000084,2988,1487,1501
118000086,232,492,-260
118000087,3944,2273,1671
118000088,1681,1455,226
118000089,3004,1821,1183
118000090,1151,2286,-1135
118000091,899,1817,-918
118000092,932,506,426
118000093,102,580,-478
118000096,436,559,-123
118000097,779,607,172
118000098,272,154,118
118000099,454,581,-127
118000101,980,300,680
118000102,333,979,-646
118000107,1244,429,815
118000108,594,1492,-898
118000110,1,14,-13
118000111,1,200,-199
118000112,432,2,430
118000113,2,382,-380
118000114,290,12,278
118000115,13,11,2
118000116,34,0,34
118000117,1114,626,488
118000118,777,906,-129
118000119,817,993,-176
118000120,1526,1027,499
118000121,120,616,-496
118000122,1250,322,928
118000123,58,271,-213
118000125,1460,710,750
118000126,561,1300,-739
118000127,1757,593,1164
118000128,718,926,-208
118000129,782,303,479
118000130,1794,2464,-670
118000131,481,640,-159
118000132,2191,1559,632
118000133,807,297,510
118000135,517,309,208
118000136,139,412,-273
118000137,583,84,499
118000138,333,442,-109
118000139,375,72,303
118000140,1950,3365,-1415
118000141,1833,1566,267
118000142,1574,1225,349
118000143,1682,957,725
118000144,903,654,249
118000145,1175,1374,-199
118000146,915,574,341
118000147,673,1185,-512
118000148,398,840,-442
118000149,864,848,16
118000150,400,215,185
118000151,367,299,68
118000153,1260,967,293
118000154,1205,1244,-39
118000155,1123,1014,109
118000156,1408,1943,-535
118000157,470,336,134
118000158,156,336,-180
118000159,15,56,-41
118000160,379,257,122
118000161,397,614,-217
118000162,1369,653,716
118000163,773,659,114
118000164,1755,1152,603
118000168,884,482,402
118000169,956,830,126
118000170,3158,4076,-918
118000171,277,530,-253
118000172,78,246,-168
118000173,697,948,-251
118000175,245,283,-38
118000176,210,285,-75
118000177,174,420,-246
118000178,51,43,8
118000179,771,752,19
118000180,532,558,-26
118000181,572,163,409
118000182,175,184,-9
118000183,204,237,-33
118000184,713,450,263
118000185,787,792,-5
118000186,565,752,-187
118000187,1008,543,465
118000188,484,152,332
118000189,457,480,-23
118000190,8,11,-3
118000191,28,10,18
118000192,135,213,-78
118000193,70,280,-210
118000194,1053,777,276
118000195,969,883,86
118000196,355,207,148
118000197,205,138,67
118000198,388,562,-174
118000199,340,241,99
118000200,114,232,-118
118000201,377,440,-63
118000202,68,87,-19
118000203,919,481,438
118000204,132,319,-187
118000205,198,259,-61
118000206,161,142,19
118000207,2,35,-33
118000208,1098,1301,-203
118000209,1541,1352,189
118000210,65,28,37
118000211,31,32,-1
118000213,1219,1501,-282
118000214,565,488,77
118000215,273,113,160
118000216,1675,2136,-461
118000217,14,92,-78
118000218,51,112,-61
118000219,439,238,201
118000220,1,47,-46
118000221,186,266,-80
118000222,47,5,42
118000223,38,45,-7
118000224,133,103,30
118000225,106,437,-331
118000226,742,186,556
118000227,677,320,357
118000228,132,184,-52
118000229,260,59,201
118000230,102,140,-38
118000231,66,235,-169
118000232,637,560,77
118000233,946,651,295
118000234,415,161,254
118000236,355,298,57
118000237,98,318,-220
118000238,217,138,79
118000239,235,174,61
118000240,264,129,135
118000241,127,124,3
118000242,305,471,-166
118000243,216,199,17
118000244,28,85,-57
118000246,0,20,-20
118000255,56,239,-183
118000256,129,250,-121
118000259,29,43,-14
118000260,134,90,44
118000261,32,42,-10
118000263,72,152,-80
118000266,114,191,-77
118000267,0,96,-96
118000268,248,0,248
118000270,87,33,54
118000271,152,199,-47
118000272,111,28,83
118000273,103,45,58
118000274,81,174,-93
118000276,379,264,115
118000295,7,100,-93
118000298,63,196,-133
118000299,52,112,-60
118000301,0,46,-46
118000302,97,35,62
118000311,385,87,298
118000312,223,188,35
118000313,21,74,-53
118000314,66,54,12
118000315,17,27,-10
118000316,654,390,264
118000325,43,43,0
118000326,17,25,-8
118000331,12,30,-18
118000332,9,14,-5
118000333,15,50,-35
118000335,285,0,285
118000336,1,181,-180
118000407,135,58,77
118000457,5,28,-23
118000465,2702,3483,-781
118000480,29,79,-50
118000489,50,271,-221
118000490,22,191,-169
118000492,256,185,71
118000510,64,24,40
118000514,132,194,-62
118000515,572,479,93
118000517,295,182,113
118000524,230,173,57
118000525,574,549,25
118000530,24,45,-21
118000531,255,255,0
118000532,218,181,37
118000533,273,122,151
118000534,490,350,140
118000535,245,133,112
118000536,496,1211,-715
118000537,16,174,-158
118000538,20,35,-15
118000539,7,46,-39
118000540,197,99,98
118000541,140,55,85
118000542,68,124,-56
118000543,106,143,-37
118000546,41,23,18
118000553,0,0,0
118000560,1745,1731,14
118000562,32,100,-68
118000563,1204,931,273
118000576,166,154,12
118000577,142,155,-13
118000578,182,120,62
118000579,435,886,-451
118000583,0,0,0
118000595,214,67,147
118000596,1,50,-49
118000597,150,119,31
118000598,3,0,3
118000599,45,50,-5
118000600,2,8,-6
118000601,2,0,2
118000602,0,5,-5
118000603,0,25,-25
118000605,49,176,-127
118900001,480,1144,-664
118900002,580,682,-102
118900003,340,18,322
118900004,23,46,-23
118900005,66,7,59
118900006,175,7,168
118900007,7,1,6
118900008,1020,40,980
118900009,55,41,14
118900010,48,5,43
118900011,139,29,110
118900012,278,158,120
118900013,392,117,275
118900015,180,60,120
118900016,13,11,2
118900017,170,258,-88
118900018,667,30,637
118900019,26,33,-7
118900020,180,96,84
118900021,127,286,-159
118900022,101,94,7
118900023,153,79,74
118900024,89,92,-3
118900025,66,23,43
118900026,47,67,-20
118900027,341,169,172
118900028,195,123,72
118900029,270,273,-3
118900030,258,54,204
118900031,90,69,21
118900032,202,160,42
118900033,303,373,-70
118900034,128,19,109
118900035,118,105,13
118900036,1007,597,410
118900037,297,246,51
118900038,339,133,206
118900039,390,128,262
118900040,170,145,25
118900041,360,133,227
118900042,137,84,53
118900045,176,134,42
118900046,676,319,357
118900047,418,235,183
118900048,140,202,-62
118900049,51,37,14
118900050,54,73,-19
118900051,41,110,-69
118900052,298,200,98
118900053,30,74,-44
118900054,115,42,73
118900055,93,76,17
118900056,62,285,-223
118900057,651,344,307
118900058,341,290,51
118900059,17,66,-49
118900060,71,79,-8
118900062,354,131,223
118900064,503,494,9
118900065,48,124,-76
118900066,68,87,-19
118900067,3562,2805,757
118900068,13,183,-170
118900069,320,173,147
118900071,6,46,-40
118900072,371,245,126
118900073,97,87,10
118900074,120,163,-43
118900075,49,62,-13
118900076,168,114,54
118900077,198,149,49
118900078,39,6,33
118900079,70,156,-86
118900080,14,111,-97
118900081,56,35,21
118900082,678,143,535
118900083,53,5,48
118900084,13,22,-9
118900085,501,617,-116
118900086,41,81,-40
118900087,33,180,-147
118900088,0,12,-12
118900089,44,13,31
118900090,367,291,76
118900091,145,165,-20
118900092,100,110,-10
118900093,118,19,99
118900096,46,98,-52
118900097,234,330,-96
118900099,78,173,-95
118900100,93,191,-98
118900101,108,299,-191
118900102,37,84,-47
118900103,59,103,-44
118900104,208,93,115
118900105,197,72,125
118900107,148,55,93
118900108,87,75,12
118900110,1109,655,454
118900111,427,384,43
118900112,64,132,-68
118900113,90,269,-179
118900114,14,69,-55
118900115,91,356,-265
118900116,122,142,-20
118900117,91,128,-37
118900118,227,286,-59
118900119,133,142,-9
118900120,86,236,-150
118900121,13,127,-114
118900122,17,595,-578
118900123,119,166,-47
118900124,86,162,-76
118900126,17,273,-256
118900129,170,166,4
118900130,76,158,-82
118900131,142,146,-4
118900132,219,150,69
118900133,24,109,-85
118900135,175,168,7
118900136,198,438,-240
118900137,14,35,-21
118900139,128,259,-131
118900140,334,468,-134
118900141,96,97,-1
118900144,116,281,-165
118900145,57,91,-34
118900146,279,537,-258
118900147,204,111,93
118900148,70,39,31
118900150,135,438,-303
118900152,464,567,-103
118900157,65,144,-79
118900158,77,44,33
118900159,0,151,-151
118900161,57,7,50
118900163,90,104,-14
118900164,3,100,-97
118900165,59,123,-64
118900166,22,1,21
118900167,67,79,-12
118900168,10,142,-132
118900169,116,217,-101
118900170,136,100,36
118900171,52,54,-2
118900174,41,51,-10
118900175,362,355,7
118900176,132,208,-76
118900177,46,45,1
118900178,46,120,-74
118900179,0,19,-19
118900181,86,76,10
118900182,74,49,25
118900183,27,90,-63
118900184,234,99,135
118900185,111,75,36
118900186,74,56,18
118900187,188,191,-3
118900188,256,177,79
118900189,49,501,-452
118900190,13,235,-222
118900191,150,52,98
118900192,169,20,149
118900193,417,2,415
118900195,251,471,-220
118900196,27,82,-55
118900197,85,44,41
118900198,32,17,15
118900199,87,39,48
118900200,13,14,-1
118900201,31,34,-3
118900202,13,47,-34
118900203,4,16,-12
118900204,17,23,-6
118900205,3,12,-9
118900206,0,9,-9
119000001,1143,1444,-301
119000002,3743,2923,820
119000003,2212,884,1328
119000004,2159,1152,1007
119000005,1474,1653,-179
119000006,2321,1319,1002
119000007,2854,2657,197
119000008,1672,1484,188
119000009,2744,3760,-1016
119000010,4694,3437,1257
119000011,3527,2791,736
119000012,2738,2982,-244
119000013,2023,1282,741
119000014,1430,2199,-769
119000019,198,111,87
119000020,1860,1123,737
119000021,3684,2046,1638
119000022,2028,2011,17
119000023,281,213,68
119000024,1428,8510,-7082
119000025,5121,1061,4060
119000026,131,412,-281
119000027,224,343,-119
119000028,1519,750,769
119000029,105,252,-147
119000030,466,815,-349
119000031,689,518,171
119000032,1523,1969,-446
119000033,1940,1093,847
119000034,871,844,27
119000035,24,236,-212
119000036,1518,630,888
119000037,1015,1237,-222
119000038,122,636,-514
119000039,303,234,69
119000040,666,459,207
119000041,567,909,-342
119000048,2616,2532,84
119000049,1467,1834,-367
119000050,1470,1728,-258
119000051,1698,937,761
119000052,1744,2552,-808
119000053,1769,1111,658
119000054,2745,2446,299
119000055,3472,2731,741
119000056,2071,1781,290
119000057,1420,1425,-5
119000058,1643,1330,313
119000059,1106,1328,-222
119000060,1370,988,382
119000061,961,643,318
119000062,1113,1200,-87
119000063,437,318,119
119000064,796,802,-6
119000065,1708,2674,-966
119000066,1834,1023,811
119000067,1494,1619,-125
119000068,1357,970,387
119000069,1321,1786,-465
119000070,2158,836,1322
119000071,402,531,-129
119000072,4005,2472,1533
119000073,3614,5508,-1894
119000074,1153,1708,-555
119000075,1893,1757,136
119000076,277,726,-449
119000077,524,398,126
119000078,310,144,166
119000079,122,486,-364
119000080,324,187,137
119000081,241,377,-136
119000082,766,187,579
119000083,546,304,242
119000084,284,415,-131
119000085,434,189,245
119000086,199,327,-128
119000087,1314,757,557
119000088,377,225,152
119000089,68,170,-102
119000090,130,165,-35
119000091,92,358,-266
119000092,419,204,215
119000093,2936,2320,616
119000094,2641,4537,-1896
119000095,1498,2448,-950
119000097,1754,1152,602
119000098,679,2233,-1554
119000099,2003,1322,681
119000100,3131,2578,553
119000101,3372,1666,1706
119000102,782,1019,-237
119000103,1341,491,850
119000104,1880,980,900
119000105,973,1746,-773
119000106,323,1031,-708
119000107,723,414,309
119000108,354,742,-388
119000109,95,444,-349
119000110,422,315,107
119000111,27,529,-502
119000112,127,92,35
119000113,1677,262,1415
119000114,868,859,9
119000115,107,100,7
119000116,95,69,26
119000117,144,274,-130
119000118,2,0,2
119000123,3694,1944,1750
119000124,606,198,408
119000125,3092,644,2448
119000126,1042,587,455
119000127,462,412,50
119000128,12,3,9
119000131,874,543,331
119000132,2,3,-1
119000133,0,4,-4
119000134,1594,475,1119
119000135,138,148,-10
119000136,203,195,8
119000137,173,323,-150
119000138,459,222,237
119000139,259,191,68
119000140,199,336,-137
119000284,1142,2180,-1038
119000285,1716,1796,-80
119000286,5876,4809,1067
119000287,1033,1692,-659
119000288,1659,1138,521
119000289,1316,2205,-889
119000290,147,351,-204
119000291,8,180,-172
119000293,79,129,-50
119000294,45,26,19
119000295,1087,308,779
119000296,221,113,108
119000302,1907,1044,863
119000303,39,108,-69
119000310,0,0,0
119000314,1230,8161,-6931
119000315,3,283,-280
119000316,151,126,25
119000317,65,275,-210
119900001,242,1034,-792
119900002,165,213,-48
119900003,51,807,-756
119900004,314,975,-661
119900005,173,85,88
119900006,246,407,-161
119900007,1004,210,794
119900008,51,39,12
119900009,569,614,-45
119900010,682,797,-115
119900011,19,76,-57
119900012,14,94,-80
119900013,1673,947,726
119900014,487,225,262
119900015,77,32,45
119900016,57,62,-5
119900017,48,57,-9
119900018,1592,773,819
119900019,38,7,31
119900020,201,193,8
119900021,138,69,69
119900022,125,648,-523
119900023,387,1260,-873
119900025,180,35,145
119900026,560,137,423
119900027,13,19,-6
119900028,167,115,52
119900029,5,10,-5
119900030,530,420,110
119900031,58,390,-332
119900033,1829,346,1483
119900034,437,100,337
119900037,157,38,119
119900038,45,325,-280
119900039,79,19,60
119900040,80,7,73
119900041,112,30,82
119900042,102,131,-29
119900043,58,103,-45
119900044,220,799,-579
119900046,117,49,68
119900047,278,91,187
119900048,42,32,10
119900049,123,8,115
119900050,190,126,64
119900051,412,19,393
119900052,57,52,5
119900053,182,116,66
119900054,128,16,112
119900055,1232,434,798
119900057,194,33,161
119900058,193,8,185
119900059,99,46,53
119900060,258,22,236
119900062,87,23,64
119900063,20,45,-25
119900065,171,12,159
119900066,0,2,-2
119900067,90,13,77
119900068,441,1,440
119900069,105,47,58
119900070,759,3,756
119900071,556,17,539
119900073,1456,562,894
119900074,29,38,-9
119900075,3598,2271,1327
119900076,651,306,345
119900077,842,788,54
119900078,486,651,-165
119900079,445,156,289
119900080,1646,1166,480
119900081,334,33,301
119900082,1131,196,935
119900083,466,127,339
119900084,663,298,365
119900085,59,44,15
119900087,530,402,128
119900088,18,46,-28
119900089,71,404,-333
119900090,124,57,67
119900091,40,603,-563
119900092,140,314,-174
119900093,1098,220,878
119900094,63,164,-101
119900095,170,87,83
119900096,32,148,-116
119900097,409,178,231
119900098,28,34,-6
119900099,31,154,-123
119900100,1565,2132,-567
119900101,157,959,-802
119900102,32,180,-148
119900103,52,261,-209
119900104,47,155,-108
119900105,566,1731,-1165
119900106,15,131,-116
119900107,225,1988,-1763
119900108,2030,623,1407
119900109,20,139,-119
119900110,596,472,124
119900111,94,226,-132
119900112,1235,513,722
119900113,51,202,-151
119900114,236,887,-651
119900115,294,824,-530
119900116,135,414,-279
119900117,326,491,-165
119900118,78,586,-508
119900119,190,183,7
119900120,703,475,228
119900121,360,764,-404
119900122,370,314,56
119900123,212,239,-27
119900124,215,662,-447
119900125,62,239,-177
119900126,2940,374,2566
119900127,1614,814,800
119900128,467,613,-146
119900129,267,426,-159
119900130,18,189,-171
119900131,50,199,-149
119900132,1,167,-166
119900133,59,115,-56
119900134,1285,218,1067
119900135,1,295,-294
119900136,173,266,-93
119900138,336,434,-98
119900139,15,99,-84
119900140,3,111,-108
119900141,105,613,-508
119900142,11,43,-32
119900143,27,184,-157
119900144,1095,174,921
119900145,83,169,-86
119900146,122,255,-133
119900147,4,142,-138
119900148,178,76,102
119900149,779,3227,-2448
119900150,138,162,-24
119900151,1592,683,909
119900152,118,274,-156
119900153,113,55,58
119900154,12,208,-196
119900155,28,48,-20
119900156,19,13,6
119900157,104,221,-117
119900158,157,55,102
119900159,6,1027,-1021
119900160,36,143,-107
119900161,128,151,-23
119900162,870,950,-80
119900163,95,147,-52
119900164,2,3,-1
119900165,135,142,-7
119900166,95,40,55
119900167,58,96,-38
119900168,769,421,348
119900169,132,302,-170
119900170,204,266,-62
119900171,825,375,450
119900172,133,24,109
119900173,7,278,-271
119900174,8,150,-142
119900175,1105,562,543
119900177,28,174,-146
119900178,17,119,-102
119900179,103,406,-303
119900180,872,654,218
119900181,74,105,-31
119900182,10,300,-290
119900183,115,581,-466
119900184,1612,447,1165
119900185,47,175,-128
119900186,57,698,-641
119900187,28,389,-361
119900188,106,238,-132
119900189,453,405,48
119900190,86,257,-171
119900191,251,210,41
119900192,46,110,-64
119900193,333,152,181
119900194,25,87,-62
119900195,220,226,-6
119900196,1043,377,666
119900197,181,144,37
119900198,156,235,-79
119900199,164,35,129
119900200,496,594,-98
119900201,359,187,172
119900202,115,253,-138
119900203,186,543,-357
119900204,306,286,20
119900205,669,408,261
119900206,165,116,49
119900208,149,111,38
119900209,476,1211,-735
119900210,34,23,11
119900211,88,7,81
119900212,198,210,-12
119900213,6,58,-52
119900214,18,77,-59
119900215,42,53,-11
119900216,11,50,-39
119900217,11,50,-39
119900218,12,70,-58
119900219,6,75,-69
119900220,4,65,-61
119900221,12,218,-206
119900222,12,152,-140
119900223,21,62,-41
119900224,13,23,-10
119900225,685,33,652
119900226,499,1677,-1178
119900227,945,329,616
119900228,42,158,-116
119900229,264,328,-64
119900230,1267,511,756
119900231,215,169,46
119900232,198,93,105
119900233,68,7,61
119900234,16,62,-46
119900235,30,45,-15
119900236,39,217,-178
119900237,69,440,-371
119900238,8,62,-54
119900240,77,115,-38
119900241,155,175,-20
119900242,1221,1279,-58
119900244,576,1096,-520
119900245,131,179,-48
119900246,319,474,-155
119900247,31,104,-73
119900248,74,165,-91
119900249,199,76,123
119900253,1931,327,1604
119900254,96,608,-512
119900255,81,524,-443
119900256,543,714,-171
119900257,58,1,57
119900258,152,14,138
119900259,7,100,-93
119900260,120,8,112
119900261,187,120,67
119900262,1,170,-169
119900263,953,277,676
119900264,80,167,-87
119900265,326,307,19
119900266,354,203,151
119900267,257,490,-233
119900268,135,110,25
119900269,815,865,-50
119900271,36,96,-60
119900272,389,179,210
119900275,99,14,85
119900276,61,2,59
119900277,9,8,1
119900278,178,71,107
119900279,107,328,-221
119900280,581,163,418
119900281,1,181,-180
119900282,53,111,-58
119900283,11,170,-159
119900284,49,157,-108
119900285,17,41,-24
119900286,3,13,-10
119900288,7,13,-6
119900289,1,32,-31
119900290,3,33,-30
119900291,0,59,-59
119900292,34,25,9
119900293,30,4,26
119900294,25,1,24
119900295,0,0,0
119900296,0,0,0
119900299,114,157,-43
119900300,351,135,216
119900301,82,112,-30
119900302,101,57,44
119900303,315,141,174
119900304,165,42,123
119900305,9,79,-70
119900306,18,3,15
119900307,33,55,-22
119900308,4,14,-10
119900309,29,106,-77
119900310,290,231,59
119900311,77,91,-14
119900312,87,66,21
119900313,249,231,18
119900314,148,376,-228
119900315,1479,1712,-233
119900318,13,34,-21
119900319,1,213,-212
119900320,288,586,-298
119900321,84,0,84
119900322,13,51,-38
119900323,0,101,-101
119900324,1,49,-48
119900325,170,189,-19
119900326,52,58,-6
120000001,5289,12371,-7082
120000002,2542,2465,77
120000003,2934,1449,1485
120000004,2361,1785,576
120000005,3823,1828,1995
120000006,1160,1178,-18
120000007,3023,2624,399
120000008,860,1222,-362
120000009,2499,907,1592
120000010,1657,2173,-516
120000011,820,1489,-669
120000012,1271,2252,-981
120000013,2463,2381,82
120000014,542,1185,-643
120000015,2119,1316,803
120000016,3465,1997,1468
120000017,2371,2082,289
120000018,3334,10004,-6670
120000019,957,1277,-320
120000020,2655,2674,-19
120000021,1749,2166,-417
120000022,2668,3690,-1022
120000023,900,1390,-490
120000024,1296,2199,-903
120000025,2239,1898,341
120000026,1650,1609,41
120000027,1783,1857,-74
120000028,529,840,-311
120000029,2100,791,1309
120000030,296,801,-505
120000031,1858,4663,-2805
120000032,6673,3437,3236
120000033,3919,1554,2365
120000034,1595,1392,203
120000035,1823,1583,240
120000036,2454,4491,-2037
120000037,708,1477,-769
120000038,5325,3348,1977
120000039,552,668,-116
120000040,106,359,-253
120000041,1138,1343,-205
120000042,1543,2091,-548
120000043,4018,1419,2599
120000044,4626,1480,3146
120000045,4916,1021,3895
120000046,2623,2150,473
120000047,921,3855,-2934
120000048,5880,3685,2195
120000049,2890,2601,289
120000050,3385,3371,14
120000051,2540,3754,-1214
120000052,6975,2314,4661
120000053,1166,2015,-849
120000054,1140,3235,-2095
120000055,1534,3913,-2379
120000056,3735,3304,431
120000057,2735,723,2012
120000058,2662,687,1975
120000059,13,1424,-1411
120000061,96,433,-337
120000062,186,250,-64
120000063,1333,2107,-774
120000064,187,893,-706
120000065,445,1210,-765
120000066,499,499,0
120000067,71,506,-435
120000068,169,655,-486
120000069,450,939,-489
120000070,87,529,-442
120000071,511,109,402
120000072,795,341,454
120000073,828,192,636
120000074,144,146,-2
120000075,918,349,569
120000076,1831,446,1385
120000077,1583,627,956
120000078,2967,1160,1807
120000079,376,298,78
120000080,198,237,-39
120000081,365,164,201
120000082,224,331,-107
120000083,182,800,-618
120000084,329,278,51
120000085,247,297,-50
120000086,275,395,-120
120000087,137,473,-336
120000088,703,951,-248
120000089,955,529,426
120000090,706,496,210
120000091,756,904,-148
120000092,1188,550,638
120000093,406,409,-3
120000094,172,680,-508
120000095,859,420,439
120000096,246,585,-339
120000098,753,808,-55
120000099,479,704,-225
120000100,772,772,0
120000101,444,401,43
120000102,495,759,-264
120000103,1286,857,429
120000104,1626,450,1176
120000105,2603,712,1891
120000106,1942,645,1297
120000107,2980,604,2376
120000108,1181,119,1062
120000109,1030,73,957
120000110,57,750,-693
120000111,167,826,-659
120000112,682,2041,-1359
120000113,488,1504,-1016
120000114,910,2014,-1104
120000115,333,1638,-1305
120000116,618,1498,-880
120000117,902,1178,-276
120000118,55,22,33
120000119,23,61,-38
120000120,85,80,5
120000121,31,44,-13
120000122,212,272,-60
120000123,3484,4538,-1054
120000124,388,292,96
120000125,412,498,-86
120000126,339,831,-492
120000127,2277,892,1385
120000128,2801,3325,-524
120000129,221,283,-62
120000130,689,395,294
120000131,270,596,-326
120000134,321,838,-517
120000135,517,453,64
120000137,283,905,-622
120000138,863,425,438
120000139,293,540,-247
120000140,857,485,372
120000141,501,329,172
120000142,667,522,145
120000143,1,132,-131
120000144,111,6,105
120000145,387,1,386
120000146,1149,926,223
120000149,630,973,-343
120000150,2913,9553,-6640
120000151,364,401,-37
120000152,363,149,214
120000153,214,459,-245
120000154,537,408,129
120000155,121,213,-92
120000156,633,817,-184
120000157,783,601,182
120000158,766,724,42
120000159,1657,2253,-596
120000160,2239,1422,817
120000161,1737,1974,-237
120000162,89,280,-191
120000163,663,1011,-348
120000164,521,359,162
120000165,544,593,-49
120000166,1368,504,864
120000167,93,163,-70
120000168,18,553,-535
120000169,46,1580,-1534
120000170,49,814,-765
120000171,18,280,-262
120000172,24,183,-159
120000173,1872,785,1087
120000174,271,32,239
120000175,230,27,203
120000176,286,44,242
120000177,991,132,859
120000178,96,29,67
120000179,177,55,122
120000180,526,109,417
120000181,132,972,-840
120000182,82,467,-385
120000183,10,316,-306
120000184,153,1077,-924
120000186,49,373,-324
120000187,39,240,-201
120000188,115,305,-190
120000190,648,35,613
120000191,656,72,584
120000192,845,39,806
120000193,399,8,391
120000195,71,5,66
120000196,249,39,210
120000197,78,84,-6
120000198,137,76,61
120000199,124,0,124
120000200,102,2,100
120000201,15,20,-5
120000202,13,34,-21
120000203,37,133,-96
120000207,2,73,-71
120000208,9,175,-166
120000209,5,43,-38
120000210,61,64,-3
120000211,156,2,154
120000212,162,0,162
120000213,128,223,-95
120000214,0,219,-219
120000215,4,110,-106
120000216,62,16,46
120000217,539,1007,-468
120000218,146,609,-463
120000219,5,326,-321
120000220,13,1161,-1148
120000225,1430,7,1423
120000226,270,1,269
120000227,753,43,710
120000228,7481,3145,4336
120000230,390,15,375
120000231,1217,1576,-359
120000233,353,32,321
120000235,206,562,-356
120000236,860,8,852
120000237,2,974,-972
120000238,0,439,-439
120000241,1100,3080,-1980
120000412,722,4,718
120000413,195,231,-36
120000414,130,4,126
120000415,2,104,-102
120000416,70,5,65
120000417,13,47,-34
120000418,132,8,124
120000419,6,165,-159
120000420,22,24,-2
120000421,8445,5262,3183
120000422,142,1022,-880
120000423,4,53,-49
120000424,58,80,-22
120000436,148,489,-341
120000437,128,158,-30
120000438,1806,232,1574
120000439,221,442,-221
120000443,216,0,216
120000444,1239,367,872
120000445,1431,854,577
120000446,576,156,420
120000447,213,0,213
120000449,95,4,91
120000450,27,178,-151
120000451,119,195,-76
120000452,215,3,212
120000453,1,224,-223
120000454,76,38,38
120000455,92,54,38
120000456,1824,3242,-1418
120000457,838,485,353
120000458,443,583,-140
120000459,80,61,19
120000665,626,220,406
120000668,102,669,-567
120000669,50,102,-52
120000670,181,576,-395
120000671,1144,408,736
120000672,85,488,-403
120900001,42,112,-70
120900002,416,483,-67
120900003,188,13,175
120900004,8,74,-66
120900005,131,696,-565
120900006,384,178,206
120900007,146,74,72
120900008,257,929,-672
120900009,426,28,398
120900010,368,107,261
120900011,257,200,57
120900012,286,1179,-893
120900013,342,144,198
120900014,2,365,-363
120900015,649,78,571
120900016,687,59,628
120900017,2082,69,2013
120900018,120,332,-212
120900019,576,339,237
120900020,684,1227,-543
120900021,702,247,455
120900022,43,283,-240
120900023,234,28,206
120900024,1765,434,1331
120900025,1482,950,532
120900026,257,136,121
120900027,697,10,687
120900028,403,127,276
120900029,176,377,-201
120900030,1091,705,386
120900031,232,103,129
120900032,973,85,888
120900033,920,69,851
120900034,27,1915,-1888
120900035,30,66,-36
120900037,216,9,207
120900038,42,264,-222
120900039,88,47,41
120900040,286,4,282
120900041,118,31,87
120900042,495,31,464
120900043,88,41,47
120900044,19,310,-291
120900045,130,71,59
120900046,376,2,374
120900047,132,104,28
120900048,129,25,104
120900049,471,6,465
120900050,1586,1204,382
120900051,337,84,253
120900052,519,7,512
120900053,214,75,139
120900054,1427,560,867
120900055,362,6,356
120900056,422,14,408
120900057,184,15,169
120900058,504,0,504
120900059,80,1,79
120900060,52,40,12
120900061,220,188,32
120900062,219,3,216
120900063,488,6,482
120900064,548,0,548
120900065,477,3,474
120900066,312,167,145
120900067,254,139,115
120900068,237,0,237
120900069,244,45,199
120900071,24,0,24
120900072,656,7,649
120900073,461,120,341
120900074,551,16,535
120900076,310,1,309
120900077,2153,276,1877
120900078,748,541,207
120900079,668,77,591
120900080,625,1272,-647
120900081,742,547,195
120900082,463,362,101
120900083,80,1,79
120900084,286,447,-161
120900085,111,129,-18
120900086,100,252,-152
120900087,353,318,35
120900088,159,334,-175
120900089,2420,2456,-36
120900090,268,106,162
120900091,625,888,-263
120900092,1068,408,660
120900093,1710,127,1583
120900094,392,142,250
120900095,385,23,362
120900096,49,189,-140
120900097,584,548,36
120900098,268,129,139
120900099,90,69,21
120900100,107,185,-78
120900101,566,236,330
120900102,28,75,-47
120900103,58,236,-178
120900104,26,37,-11
120900105,21,397,-376
120900106,1162,409,753
120900107,256,158,98
120900108,5,515,-510
120900109,43,490,-447
120900110,7,460,-453
120900111,169,258,-89
120900112,14,720,-706
120900113,16,617,-601
120900114,46,140,-94
120900115,161,227,-66
120900116,317,294,23
120900117,5,368,-363
120900118,4,573,-569
120900119,4059,3573,486
120900120,80,429,-349
120900121,265,383,-118
120900122,451,352,99
120900123,0,319,-319
120900124,3,449,-446
120900125,4,431,-427
120900126,1391,886,505
120900127,21,415,-394
120900128,1051,1218,-167
120900129,42,232,-190
120900130,26,427,-401
120900131,30,65,-35
120900132,808,226,582
120900133,123,644,-521
120900134,700,359,341
120900135,6,382,-376
120900136,43,47,-4
120900137,212,93,119
120900138,33,205,-172
120900139,4,490,-486
120900140,3,60,-57
120900141,94,175,-81
120900142,18,403,-385
120900143,3,568,-565
120900144,1,147,-146
120900145,183,590,-407
120900146,1,805,-804
120900147,2,403,-401
120900148,101,98,3
120900149,1,208,-207
120900150,39,432,-393
120900151,1,437,-436
120900152,0,38,-38
120900153,41,107,-66
120900154,1,171,-170
120900155,174,830,-656
120900156,60,316,-256
120900157,67,222,-155
120900158,73,487,-414
120900159,102,457,-355
120900160,11,583,-572
120900161,17,451,-434
120900162,36,574,-538
120900163,47,630,-583
120900164,4,22,-18
120900165,13,99,-86
120900166,126,502,-376
120900167,286,147,139
120900169,94,237,-143
120900170,872,2185,-1313
120900171,918,268,650
120900172,612,1038,-426
120900173,0,36,-36
120900174,5,97,-92
120900175,249,129,120
120900176,18,303,-285
120900177,4,987,-983
120900178,2,395,-393
120900179,728,356,372
120900180,92,151,-59
120900181,75,52,23
120900182,36,208,-172
120900183,522,94,428
120900184,234,48,186
120900185,15,450,-435
120900186,3,318,-315
120900187,530,1031,-501
120900188,154,9,145
120900189,91,979,-888
120900190,63,5,58
120900191,7,13,-6
120900192,7386,6195,1191
120900194,45,66,-21
120900195,137,297,-160
120900196,747,39,708
120900197,621,145,476
120900198,191,460,-269
120900199,247,454,-207
120900200,43,120,-77
120900201,359,136,223
120900202,4,99,-95
120900203,31,84,-53
120900204,141,217,-76
120900205,51,50,1
120900206,15,37,-22
120900207,62,1013,-951
121000001,589,941,-352
121000002,1980,1078,902
121000003,2402,1696,706
121000004,2267,2836,-569
121000005,1515,2388,-873
121000006,3030,1574,1456
121000007,2147,2573,-426
121000008,4622,3181,1441
121000009,4534,5105,-571
121000010,7185,5105,2080
121000011,7622,10803,-3181
121000012,14166,9124,5042
121000013,4373,6063,-1690
121000014,5534,5206,328
121000015,3810,6092,-2282
121000016,3824,3056,768
121000017,1748,3017,-1269
121000018,2434,1636,798
121000019,12929,9846,3083
121000020,11025,13323,-2298
121000021,2655,2479,176
121000022,2087,2508,-421
121000023,3562,2329,1233
121000024,4357,4228,129
121000025,507,1248,-741
121000026,303,145,158
121000027,1468,1065,403
121000028,754,469,285
121000029,959,636,323
121000030,697,420,277
121000031,567,568,-1
121000032,214,98,116
121000034,438,175,263
121000035,113,124,-11
121000036,1011,732,279
121000037,501,441,60
121000038,506,940,-434
121000039,274,379,-105
121000041,534,476,58
121000042,259,329,-70
121000043,721,542,179
121000044,1173,847,326
121000045,435,296,139
121000046,681,835,-154
121000047,51,81,-30
121000049,1334,491,843
121000050,287,972,-685
121000051,550,289,261
121000052,426,550,-124
121000053,415,106,309
121000054,50,335,-285
121000055,968,1165,-197
121000056,669,942,-273
121000057,329,492,-163
121000058,354,260,94
121000059,2260,1213,1047
121000060,640,1007,-367
121000061,107,337,-230
121000062,186,368,-182
121000063,781,799,-18
121000064,612,871,-259
121000065,477,482,-5
121000066,728,560,168
121000067,584,698,-114
121000068,631,361,270
121000069,672,1095,-423
121000070,1660,1214,446
121000071,1201,1100,101
121000072,1170,792,378
121000073,912,986,-74
121000074,128,157,-29
121000075,43,602,-559
121000076,932,537,395
121000077,123,217,-94
121000078,81,170,-89
121000080,1875,584,1291
121000081,4177,2653,1524
121000082,84,283,-199
121000083,233,114,119
121000084,160,126,34
121000085,272,409,-137
121000086,247,594,-347
121000087,49,314,-265
121000088,393,522,-129
121000089,486,389,97
121000090,453,398,55
121000091,1452,857,595
121000092,195,72,123
121000093,138,182,-44
121000094,512,655,-143
121000095,275,580,-305
121000096,2225,2288,-63
121000097,874,2237,-1363
121000098,536,878,-342
121000099,648,649,-1
121000100,888,435,453
121000101,324,262,62
121000102,276,261,15
121000103,205,209,-4
121000104,197,152,45
121000105,428,267,161
121000106,337,301,36
121000107,1780,2745,-965
121000109,1094,978,116
121000110,441,598,-157
121000114,2517,1847,670
121000115,987,682,305
121000116,288,803,-515
121000117,702,218,484
121000118,1229,237,992
121000119,230,365,-135
121000120,237,364,-127
121000121,545,1036,-491
121000123,1438,629,809
121000127,179,63,116
121000128,827,335,492
121000129,690,448,242
121000130,524,668,-144
121000131,1826,1587,239
121000132,1387,1431,-44
121000135,410,322,88
121000136,1181,1049,132
121000137,520,254,266
121000138,844,1449,-605
121000139,512,490,22
121000141,147,141,6
121000142,676,904,-228
121000143,115,34,81
121000144,850,1472,-622
121000145,498,860,-362
121000146,1058,823,235
121000147,860,435,425
121000148,766,830,-64
121000149,1838,1145,693
121000152,365,393,-28
121000153,1533,516,1017
121000154,889,446,443
121000155,1494,1030,464
121000156,467,919,-452
121000157,1016,1522,-506
121000158,401,410,-9
121000159,209,367,-158
121000160,299,345,-46
121000161,204,256,-52
121000162,86,164,-78
121000165,1358,1658,-300
121000166,19,359,-340
121000168,279,213,66
121000169,81,167,-86
121000170,257,96,161
121000171,116,129,-13
121000172,565,494,71
121000173,976,967,9
121000174,365,402,-37
121000175,980,311,669
121000176,330,248,82
121000177,790,553,237
121000178,96,50,46
121000179,78,36,42
121000181,348,322,26
121000182,113,242,-129
121000183,74,79,-5
121000184,41,54,-13
121000185,42,169,-127
121000186,182,571,-389
121000187,165,137,28
121000188,174,161,13
121000192,842,371,471
121000193,592,482,110
121000194,2071,1847,224
121000195,232,760,-528
121000196,636,230,406
121000197,173,557,-384
121000198,151,102,49
121000199,96,271,-175
121000200,402,77,325
121000201,1,181,-180
121000202,743,103,640
121000203,705,1636,-931
121000204,2342,718,1624
121000205,168,246,-78
121000206,184,26,158
121000207,1893,318,1575
121000208,4,201,-197
121000209,401,223,178
121000210,602,246,356
121000211,217,93,124
121000212,419,420,-1
121000213,7099,2452,4647
121000214,784,1741,-957
121000215,869,889,-20
121000216,506,503,3
121000217,3460,2056,1404
121000218,297,1228,-931
121000219,1246,396,850
121000220,163,72,91
121000221,79,181,-102
121000222,2025,2006,19
121000223,511,399,112
121000224,263,244,19
121000225,938,1436,-498
121000226,2208,1016,1192
121000227,11,138,-127
121000228,15,423,-408
121000229,236,223,13
121000230,78,1184,-1106
121000231,786,20,766
121000232,390,322,68
121000233,479,308,171
121000234,31,34,-3
121000235,62,66,-4
121000236,7,20,-13
121000237,36,15,21
121000238,7,57,-50
121000239,53,3,50
121000240,7,156,-149
121000241,85,8,77
121000242,51,210,-159
121000243,534,167,367
121000244,15,69,-54
121000245,65,47,18
121000246,1,71,-70
121000247,92,6,86
121000248,1263,430,833
121000249,79,203,-124
121000250,363,136,227
121000251,10,344,-334
121000252,86,59,27
121000253,301,327,-26
121000254,530,169,361
121000255,170,181,-11
121000256,215,128,87
121000257,26,79,-53
121000258,90,65,25
121000259,85,63,22
121000260,83,92,-9
121000261,80,52,28
121000262,1042,676,366
121000263,507,338,169
121000271,283,1246,-963
121000273,23,5,18
121000274,21,33,-12
121000275,3,5,-2
121000276,6,13,-7
121000278,40,27,13
121000279,35,10,25
121000280,38,42,-4
121000289,178,7,171
121000290,1035,810,225
121000294,110,91,19
121000297,797,920,-123
121000299,163,387,-224
121000300,839,434,405
121000302,56,809,-753
121000303,362,319,43
121000304,453,44,409
121000305,190,53,137
121000306,100,116,-16
121000308,142,292,-150
121000309,383,405,-22
121000310,86,262,-176
121000311,77,665,-588
121000312,372,204,168
121000313,253,386,-133
121000314,103,100,3
121000315,46,133,-87
121000530,1250,1173,77
121000531,1229,1395,-166
121000532,5523,6546,-1023
121000533,2760,3096,-336
121000918,34,114,-80
121000919,48,68,-20
121000938,87,151,-64
121000939,94,111,-17
121000956,1256,950,306
121000957,6,11,-5
121000958,25,49,-24
121000959,664,607,57
121000960,1164,1532,-368
121000961,257,122,135
121000962,252,399,-147
121000973,3,150,-147
121000976,24,116,-92
121000979,357,125,232
121000981,382,256,126
121000982,290,137,153
121000983,355,311,44
121000984,25,81,-56
121000985,696,386,310
121000986,251,223,28
121000987,231,628,-397
121000988,743,92,651
121001302,224,96,128
121001308,3,4,-1
121001309,39,48,-9
121001313,151,157,-6
121001314,1615,2289,-674
121001315,4051,2558,1493
121900001,95,156,-61
121900002,33,18,15
121900003,399,15,384
121900004,111,322,-211
121900005,35,15,20
121900006,89,13,76
121900007,1792,1684,108
121900008,1067,977,90
121900009,487,8,479
121900010,255,4,251
121900011,266,290,-24
121900012,13,1,12
121900013,1170,133,1037
121900014,967,365,602
121900015,205,187,18
121900016,4,24,-20
121900017,490,350,140
121900018,319,6,313
121900019,430,208,222
121900020,42,1,41
121900021,835,18,817
121900022,317,237,80
121900023,150,266,-116
121900024,331,85,246
121900025,558,339,219
121900026,356,37,319
121900027,295,145,150
121900028,178,15,163
121900029,112,233,-121
121900030,446,439,7
121900031,892,5264,-4372
121900032,127,69,58
121900033,146,181,-35
121900034,236,96,140
121900035,2649,1747,902
121900036,82,246,-164
121900037,115,833,-718
121900038,36,108,-72
121900039,324,64,260
121900040,80,92,-12
121900041,118,202,-84
121900042,363,148,215
121900043,22,10,12
121900044,101,59,42
121900046,231,309,-78
121900047,134,70,64
121900048,54,116,-62
121900050,37,39,-2
121900051,171,187,-16
121900052,147,37,110
121900053,418,252,166
121900054,405,907,-502
121900055,18,11,7
121900058,242,144,98
121900059,452,172,280
121900060,97,356,-259
121900061,151,155,-4
121900062,139,91,48
121900063,1156,410,746
121900064,255,502,-247
121900066,62,16,46
121900067,38,49,-11
121900069,154,130,24
121900070,192,128,64
121900071,397,222,175
121900072,50,136,-86
121900073,251,200,51
121900074,542,781,-239
121900075,462,438,24
121900076,305,457,-152
121900077,30,25,5
121900078,77,31,46
121900079,0,1,-1
121900080,670,321,349
121900082,59,89,-30
121900084,25,129,-104
121900085,1,11,-10
121900086,18,38,-20
121900087,140,100,40
121900088,1640,2826,-1186
121900089,191,242,-51
121900090,30,83,-53
121900091,52,78,-26
121900092,73,66,7
121900093,62,57,5
121900094,9,7,2
121900095,244,141,103
121900096,1065,645,420
121900097,440,154,286
121900098,6,10,-4
121900099,248,59,189
121900100,215,369,-154
121900101,170,103,67
121900102,4,184,-180
121900103,429,173,256
121900104,1264,258,1006
121900105,198,133,65
121900106,8,11,-3
121900107,33,20,13
121900108,1,15,-14
121900109,261,98,163
121900110,404,584,-180
121900111,636,206,430
121900112,135,140,-5
121900113,44,300,-256
121900114,67,61,6
121900117,258,99,159
121900118,1559,552,1007
121900119,187,87,100
121900120,56,1015,-959
121900121,501,56,445
121900122,28,79,-51
121900123,208,367,-159
121900124,132,121,11
121900125,1914,1013,901
121900127,9,90,-81
121900128,82,78,4
121900129,558,195,363
121900130,98,235,-137
121900131,199,72,127
121900132,67,84,-17
121900133,55,821,-766
121900134,41,204,-163
121900135,2151,238,1913
121900136,275,288,-13
121900137,51,308,-257
121900138,62,158,-96
121900139,349,626,-277
121900140,68,123,-55
121900141,60,30,30
121900142,139,96,43
121900143,15,116,-101
121900144,128,240,-112
121900145,200,184,16
121900146,537,685,-148
121900147,51,160,-109
121900148,195,263,-68
121900149,265,543,-278
121900150,82,168,-86
121900151,94,222,-128
121900152,74,111,-37
121900153,77,529,-452
121900154,11,235,-224
121900155,3,229,-226
121900156,199,92,107
121900157,3,302,-299
121900158,85,103,-18
121900159,0,200,-200
121900160,13,200,-187
121900161,348,368,-20
121900162,87,164,-77
121900163,159,427,-268
121900164,328,225,103
121900165,253,161,92
121900166,170,151,19
121900167,110,110,0
121900168,143,256,-113
121900169,5,181,-176
121900170,11,141,-130
121900171,689,482,207
121900172,534,194,340
121900173,776,288,488
121900174,32,54,-22
121900175,130,181,-51
121900176,490,1227,-737
121900177,173,74,99
121900178,21,38,-17
121900179,310,193,117
121900180,2999,3484,-485
121900182,619,281,338
121900183,553,1202,-649
121900184,76,469,-393
121900186,3,294,-291
121900187,28,172,-144
121900188,458,386,72
121900189,38,79,-41
121900190,252,332,-80
121900191,140,183,-43
121900192,293,733,-440
121900193,49,137,-88
121900194,2,169,-167
121900195,84,92,-8
121900196,832,940,-108
121900197,248,1173,-925
121900198,1141,935,206
121900199,3,20,-17
121900200,67,265,-198
121900201,715,662,53
121900202,135,685,-550
121900203,174,937,-763
121900204,706,927,-221
121900205,33,75,-42
121900206,20,29,-9
121900207,125,27,98
121900208,136,265,-129
121900209,91,28,63
121900210,1263,937,326
121900211,258,378,-120
121900212,138,94,44
121900213,181,57,124
121900214,6,402,-396
121900215,31,84,-53
121900216,44,204,-160
121900217,240,151,89
121900218,189,364,-175
121900220,108,15,93
121900221,245,524,-279
121900222,154,130,24
121900223,161,44,117
121900224,96,20,76
121900225,91,103,-12
121900226,270,554,-284
121900227,194,454,-260
121900228,142,245,-103
121900230,124,348,-224
121900231,338,2623,-2285
121900232,193,273,-80
121900233,184,256,-72
121900234,259,218,41
121900235,470,155,315
121900236,275,133,142
121900237,170,248,-78
121900238,180,212,-32
121900239,210,29,181
121900240,172,99,73
121900241,39,51,-12
121900242,11,1,10
121900243,13,0,13
121900244,40,2,38
121900245,191,70,121
121900246,2015,264,1751
121900247,241,203,38
121900248,1090,1015,75
121900250,230,247,-17
121900251,334,43,291
121900252,479,119,360
121900253,241,920,-679
121900254,514,270,244
121900255,362,93,269
121900258,2924,1842,1082
121900259,309,491,-182
121900260,138,132,6
121900261,195,501,-306
121900262,302,774,-472
121900263,291,212,79
121900264,1430,1188,242
121900265,256,226,30
121900266,388,141,247
121900267,70,37,33
121900269,212,595,-383
121900270,38,164,-126
121900271,45,132,-87
121900273,493,1392,-899
121900274,302,231,71
121900277,449,821,-372
121900278,97,755,-658
121900279,104,158,-54
121900280,192,392,-200
121900281,383,696,-313
121900284,45,3,42
121900286,123,88,35
121900287,3,14,-11
121900288,1,1,0
121900290,176,320,-144
121900291,379,634,-255
121900292,129,125,4
121900293,892,2446,-1554
121900294,271,3,268
121900295,137,177,-40
121900296,53,207,-154
121900298,212,622,-410
121900299,0,3,-3
121900300,88,13,75
121900301,31,2,29
121900302,1,23,-22
121900303,255,238,17
121900304,1,14,-13
121900305,4,5,-1
121900306,137,0,137
121900307,83,18,65
121900308,24,271,-247
121900309,11,174,-163
121900310,42,350,-308
121900311,435,19,416
121900312,339,30,309
121900313,333,28,305
121900314,2,25,-23
121900315,12,0,12
121900316,0,20,-20
121900317,12,17,-5
121900318,1,12,-11
121900319,49,74,-25
121900320,37,44,-7
121900321,18,4,14
121900322,1,16,-15
121900323,13,15,-2
121900324,2,46,-44
121900325,14,1,13
121900326,1,19,-18
121900327,6,40,-34
121900328,0,11,-11
121900329,1,111,-110
121900330,0,25,-25
121900331,45,23,22
121900332,89,23,66
121900333,25,1,24
121900334,64,65,-1
122000001,1973,4192,-2219
122000002,3301,1363,1938
122000003,1909,2556,-647
122000004,2633,1381,1252
122000005,2274,1618,656
122000006,1668,1016,652
122000007,960,1529,-569
122000008,3094,4284,-1190
122000009,371,378,-7
122000010,2025,2820,-795
122000011,3033,1470,1563
122000012,1224,1602,-378
122000013,1446,849,597
122000014,1383,1142,241
122000015,1302,1060,242
122000016,555,823,-268
122000017,1123,919,204
122000018,1283,1217,66
122000019,721,980,-259
122000020,169,214,-45
122000021,260,459,-199
122000022,1091,886,205
122000023,606,1522,-916
122000024,732,1267,-535
122000025,974,1540,-566
122000026,1012,1016,-4
122000027,535,1740,-1205
122000028,875,473,402
122000029,425,449,-24
122000030,249,113,136
122000031,149,275,-126
122000032,1660,1688,-28
122000033,638,1256,-618
122000034,598,601,-3
122000035,302,718,-416
122000036,586,449,137
122000037,305,228,77
122000038,289,281,8
122000039,662,421,241
122000040,242,284,-42
122000041,470,473,-3
122000042,345,474,-129
122000043,129,112,17
122000044,129,161,-32
122000045,1180,475,705
122000046,688,707,-19
122000047,278,207,71
122000048,2883,3628,-745
122000049,4681,2838,1843
122000050,1175,782,393
122000051,284,310,-26
122000052,459,423,36
122000053,173,680,-507
122000054,2151,1747,404
122000055,2028,2688,-660
122000056,3920,2994,926
122000057,2885,3091,-206
122000058,2136,1283,853
122000059,2463,1731,732
122000060,612,612,0
122000061,459,500,-41
122000062,906,322,584
122000063,1061,673,388
122000064,2710,2573,137
122000065,3441,2098,1343
122000066,1121,863,258
122000067,1398,1137,261
122000068,1193,868,325
122000069,717,618,99
122000070,830,1235,-405
122000071,1407,1049,358
122000072,355,436,-81
122000073,390,723,-333
122000074,2459,1492,967
122000075,676,1010,-334
122000076,2380,1198,1182
122000077,1026,776,250
122000078,1966,2526,-560
122000079,938,1165,-227
122000080,672,393,279
122000081,188,254,-66
122000082,684,859,-175
122000083,1271,1518,-247
122000084,1270,727,543
122000085,286,972,-686
122000086,1927,4098,-2171
122000087,350,199,151
122000088,310,374,-64
122000089,4372,2031,2341
122000090,246,371,-125
122000091,176,80,96
122000092,150,31,119
122000093,1581,1702,-121
122000094,4445,2090,2355
122000095,1770,2938,-1168
122000096,1565,1540,25
122000098,2538,1973,565
122000099,1475,635,840
122000100,858,496,362
122000101,298,578,-280
122000102,1758,1212,546
122000103,1749,1596,153
122000104,418,174,244
122000105,568,277,291
122000106,498,605,-107
122000107,932,404,528
122000108,444,628,-184
122000109,493,258,235
122000110,474,508,-34
122000111,2459,1126,1333
122000112,780,1049,-269
122000113,571,635,-64
122000114,2440,1323,1117
122000115,1631,1126,505
122000116,454,510,-56
122000117,1146,416,730
122000118,538,869,-331
122000119,2925,2277,648
122000120,1857,4152,-2295
122000121,1892,2802,-910
122000122,722,1647,-925
122000123,1687,1643,44
122000124,1105,537,568
122000125,585,679,-94
122000126,712,1136,-424
122000127,1019,1300,-281
122000128,488,655,-167
122000129,462,1210,-748
122000130,2972,1458,1514
122000131,1404,1360,44
122000132,591,690,-99
122000133,896,1171,-275
122000134,894,775,119
122000135,671,717,-46
122000136,751,669,82
122000137,1288,762,526
122000139,1165,2941,-1776
122000140,785,744,41
122000141,3232,939,2293
122000142,350,774,-424
122000143,379,520,-141
122000144,1339,1451,-112
122000145,1230,878,352
122000146,816,1418,-602
122000147,703,547,156
122000148,1411,1796,-385
122000149,2021,1609,412
122000150,1063,997,66
122000151,255,358,-103
122000152,325,458,-133
122000153,346,366,-20
122000154,260,248,12
122000155,1317,2287,-970
122000156,2055,2408,-353
122000157,1247,2101,-854
122000158,382,708,-326
122000159,724,1674,-950
122000160,3219,2611,608
122000161,1056,956,100
122000162,1866,1752,114
122000163,225,71,154
122000164,48,74,-26
122000165,717,594,123
122000166,801,997,-196
122000167,202,235,-33
122000168,254,512,-258
122000169,381,143,238
122000170,361,211,150
122000171,29,93,-64
122000172,1532,1196,336
122000173,1198,2246,-1048
122000174,1911,858,1053
122000175,925,225,700
122000176,396,682,-286
122000177,1330,1437,-107
122000178,2582,1927,655
122000179,1511,2178,-667
122000180,1542,1194,348
122000181,1583,2743,-1160
122000182,1700,1419,281
122000183,1898,776,1122
122000184,2870,2177,693
122000185,1427,1686,-259
122000186,496,696,-200
122000187,1420,875,545
122000188,408,200,208
122000189,287,305,-18
122000190,872,903,-31
122000191,837,677,160
122000192,906,341,565
122000193,334,675,-341
122000194,446,166,280
122000195,147,507,-360
122000196,1000,553,447
122000197,451,691,-240
122000198,499,796,-297
122000199,322,310,12
122000200,911,549,362
122000201,1264,1429,-165
122000202,1115,1346,-231
122000203,2457,1181,1276
122000204,1505,1769,-264
122000205,1252,1375,-123
122000206,2080,915,1165
122000207,1638,1238,400
122000208,1841,1203,638
122000209,1665,409,1256
122000210,2024,1473,551
122000211,1237,1127,110
122000212,765,470,295
122000213,1030,1168,-138
122000214,1766,1536,230
122000215,1806,1442,364
122000217,1648,1288,360
122000218,671,76,595
122000219,1113,832,281
122000220,385,595,-210
122000221,75,358,-283
122000222,551,137,414
122000223,1303,532,771
122000225,648,284,364
122000226,1848,1590,258
122000227,310,2008,-1698
122000228,414,353,61
122000229,41,423,-382
122000230,172,413,-241
122000231,350,709,-359
122000232,640,860,-220
122000233,1,114,-113
122000234,407,82,325
122000235,536,121,415
122000236,1060,103,957
122000237,117,67,50
122000238,420,250,170
122000239,581,156,425
122000240,1099,654,445
122000241,1595,480,1115
122000242,718,137,581
122000243,317,45,272
122000244,84,385,-301
122000245,136,181,-45
122000246,349,143,206
122000247,451,608,-157
122000248,989,1464,-475
122000249,1078,695,383
122000250,2089,1041,1048
122000251,222,463,-241
122000252,489,106,383
122000253,75,244,-169
122000254,308,60,248
122000255,665,1310,-645
122000256,251,772,-521
122000257,210,228,-18
122000258,204,200,4
122000259,21,344,-323
122000260,7,47,-40
122000261,18,197,-179
122000262,3,65,-62
122000263,359,117,242
122000264,1247,362,885
122000265,2087,800,1287
122000266,3795,707,3088
122000267,159,115,44
122000268,130,337,-207
122000269,789,308,481
122000270,566,161,405
122000271,293,907,-614
122000272,360,925,-565
122000273,411,350,61
122000274,197,182,15
122000275,144,185,-41
122000276,677,521,156
122000277,1151,1494,-343
122000278,1494,661,833
122000279,275,417,-142
122000280,751,638,113
122000281,751,671,80
122000282,228,542,-314
122000283,303,149,154
122000284,209,66,143
122000285,347,113,234
122000286,68,173,-105
122000287,1042,1403,-361
122000288,471,271,200
122000291,1639,641,998
122000293,253,210,43
122000294,137,237,-100
122000295,1067,190,877
122000296,24,462,-438
122000297,1972,2383,-411
122000299,478,298,180
122000300,494,487,7
122000301,7232,2691,4541
122000302,521,1367,-846
122000303,2226,1142,1084
122000304,89,168,-79
122000305,957,156,801
122000306,38,484,-446
122000307,105,129,-24
122000309,68,58,10
122000310,23,138,-115
122000311,209,166,43
122000312,128,142,-14
122000313,148,80,68
122000314,111,171,-60
122000315,227,44,183
122000316,714,211,503
122000317,1431,256,1175
122000318,279,668,-389
122000319,146,281,-135
122000320,373,918,-545
122000321,97,154,-57
122000322,2058,1936,122
122000323,1415,2102,-687
122000324,915,1077,-162
122000325,810,1567,-757
122000326,95,76,19
122000327,463,763,-300
122000328,789,585,204
122000330,1886,846,1040
122000332,207,309,-102
122000333,9,97,-88
122000337,1094,1293,-199
122000338,414,377,37
122000340,342,525,-183
122000342,1500,805,695
122000343,392,958,-566
122000344,66,22,44
122000345,27,36,-9
122000346,316,356,-40
122000348,652,539,113
122000349,108,580,-472
122000351,109,164,-55
122000352,325,163,162
122000353,110,83,27
122000355,142,228,-86
122000356,1196,1076,120
122000357,108,22,86
122000358,1,66,-65
122000359,0,25,-25
122000360,0,59,-59
122000362,7,69,-62
122000364,136,301,-165
122000365,2,37,-35
122000366,11,3,8
122000368,414,540,-126
122000370,27,47,-20
122000371,16,0,16
122000372,4,1,3
122000381,74,325,-251
122000382,95,206,-111
122000384,2221,1043,1178
122000385,58,4,54
122000386,302,1125,-823
122000387,440,589,-149
122000388,1098,634,464
122000389,150,499,-349
122000390,281,256,25
122000391,283,198,85
122000392,208,166,42
122000393,67,149,-82
122000394,594,255,339
122000395,133,124,9
122000396,320,129,191
122000397,32,43,-11
122000398,45,39,6
122000399,111,60,51
122000400,126,534,-408
122000401,141,69,72
122000402,211,119,92
122000403,387,574,-187
122000404,181,219,-38
122000408,737,938,-201
122000503,14,97,-83
122000524,193,133,60
122000544,77,1857,-1780
122000616,273,1,272
122000640,81,101,-20
122000641,103,218,-115
122000642,989,793,196
122000643,43,121,-78
122000644,142,33,109
122000645,141,152,-11
122000651,1228,847,381
122000664,123,23,100
122000665,1164,501,663
122000666,750,1108,-358
122000673,23,218,-195
122000674,180,79,101
122000675,1566,675,891
122000686,419,859,-440
122000687,1293,302,991
122000688,293,432,-139
122000689,852,346,506
122000690,1674,410,1264
122000691,689,1220,-531
122000692,1260,381,879
122000693,405,1429,-1024
122000695,257,268,-11
122000696,375,216,159
122000698,329,461,-132
122000699,159,45,114
122000701,1243,303,940
122000702,516,924,-408
122000703,170,65,105
122000712,0,0,0
122000717,48,38,10
122000718,198,575,-377
122000719,85,68,17
122000720,414,211,203
122000724,151,25,126
122900001,39,13,26
122900002,1018,4326,-3308
122900003,340,65,275
122900004,1137,54,1083
122900005,114,83,31
122900006,439,611,-172
122900007,102,59,43
122900008,396,132,264
122900009,660,445,215
122900010,310,97,213
122900012,217,411,-194
122900014,139,226,-87
122900015,1259,782,477
122900016,104,186,-82
122900017,311,622,-311
122900018,159,12,147
122900019,6,102,-96
122900020,163,344,-181
122900021,25,324,-299
122900022,755,767,-12
122900023,499,189,310
122900024,112,108,4
122900025,15,320,-305
122900026,53,203,-150
122900027,54,488,-434
122900028,115,170,-55
122900029,3717,2479,1238
122900030,778,502,276
122900031,77,156,-79
122900032,95,314,-219
122900033,226,139,87
122900034,3728,4104,-376
122900035,11,26,-15
122900036,91,145,-54
122900037,363,91,272
122900038,96,2119,-2023
122900039,84,512,-428
122900040,232,461,-229
122900041,303,281,22
122900042,139,245,-106
122900043,359,231,128
122900044,134,278,-144
122900045,124,91,33
122900046,103,209,-106
122900047,148,169,-21
122900048,47,164,-117
122900049,1332,143,1189
122900051,69,130,-61
122900052,88,136,-48
122900053,29,27,2
122900055,351,95,256
122900057,217,78,139
122900061,374,158,216
122900062,556,556,0
122900063,171,236,-65
122900064,753,333,420
122900065,534,240,294
122900066,766,391,375
122900067,919,643,276
122900068,125,312,-187
122900069,292,964,-672
122900070,265,54,211
122900071,140,285,-145
122900072,11,363,-352
122900073,24,200,-176
122900074,764,482,282
122900075,3,57,-54
122900076,7,170,-163
122900077,1,134,-133
122900078,205,76,129
122900080,40,32,8
122900081,144,131,13
122900082,702,285,417
122900083,181,175,6
122900084,9,179,-170
122900086,10,80,-70
122900087,244,399,-155
122900088,40,202,-162
122900089,24,134,-110
122900090,10,333,-323
122900091,248,2,246
122900092,0,140,-140
122900093,1,185,-184
122900094,6,166,-160
122900095,146,8,138
122900096,265,101,164
122900097,15,38,-23
122900098,62,94,-32
122900099,48,14,34
122900100,122,248,-126
122900101,535,241,294
122900102,15,33,-18
122900103,106,12,94
122900104,140,9,131
122900105,13,8,5
122900106,3,52,-49
122900107,3,98,-95
122900108,4,121,-117
123000001,1214,397,817
123000002,2885,4051,-1166
123000003,3057,3126,-69
123000004,2506,3363,-857
123000005,2189,2275,-86
123000006,1932,1983,-51
123000007,3197,2310,887
123000008,2483,2617,-134
123000009,3833,2474,1359
123000010,2670,2773,-103
123000011,2183,765,1418
123000012,681,1854,-1173
123000013,2944,788,2156
123000014,748,2727,-1979
123000015,2604,974,1630
123000016,3288,3373,-85
123000017,2925,1555,1370
123000018,65,107,-42
123000019,270,112,158
123000020,167,60,107
123000021,113,174,-61
123000022,295,1593,-1298
123000023,1410,1544,-134
123000024,1390,559,831
123000025,263,117,146
123000026,26,88,-62
123000027,275,489,-214
123000028,1322,807,515
123000029,975,1211,-236
123000030,198,243,-45
123000031,243,199,44
123000032,367,137,230
123000033,258,106,152
123000034,907,691,216
123000035,341,303,38
123000036,212,779,-567
123000037,214,282,-68
123000038,57,207,-150
123000039,351,1169,-818
123000040,573,283,290
123000041,1117,959,158
123000042,924,599,325
123000043,2559,7851,-5292
123000044,3736,2320,1416
123000045,5559,2381,3178
123000046,568,1345,-777
123000047,1706,876,830
123000048,60,756,-696
123000049,5150,7549,-2399
123000050,1341,1293,48
123000051,99,182,-83
123000052,662,2956,-2294
123000053,2257,3150,-893
123000054,1305,1228,77
123000055,1288,1909,-621
123000056,1048,1448,-400
123000057,8426,5671,2755
123000058,598,943,-345
123000059,322,473,-151
123000060,797,375,422
123000061,198,629,-431
123000063,766,838,-72
123000064,875,256,619
123000065,3652,2143,1509
123000066,620,489,131
123000067,709,541,168
123000068,2308,2551,-243
123000069,5528,2567,2961
123000070,271,613,-342
123000071,985,796,189
123000072,966,733,233
123000073,1077,619,458
123000074,954,933,21
123000075,343,991,-648
123000076,717,555,162
123000077,1767,2130,-363
123000078,1474,1455,19
123000079,1382,1650,-268
123000080,1967,1325,642
123000081,152,356,-204
123000082,341,895,-554
123000083,848,261,587
123000084,566,499,67
123000085,216,63,153
123000086,475,115,360
123000087,225,195,30
123000088,991,588,403
123000089,515,916,-401
123000090,1089,755,334
123000091,1419,1293,126
123000092,957,1039,-82
123000094,480,209,271
123000095,458,590,-132
123000096,556,315,241
123000097,403,535,-132
123000098,733,444,289
123000099,646,601,45
123000100,462,615,-153
123000101,569,599,-30
123000102,474,559,-85
123000104,333,377,-44
123000105,488,401,87
123000106,458,355,103
123000107,378,454,-76
123000108,628,968,-340
123000111,716,293,423
123000112,1022,490,532
123000113,494,978,-484
123000114,349,617,-268
123000115,275,296,-21
123000116,44,101,-57
123000117,1410,1444,-34
123000118,381,720,-339
123000119,278,652,-374
123000120,287,712,-425
123000121,495,589,-94
123000122,370,230,140
123000123,474,468,6
123000124,474,457,17
123000125,987,1071,-84
123000126,1230,3485,-2255
123000127,624,525,99
123000128,226,242,-16
123000129,538,200,338
123000130,515,63,452
123000131,804,566,238
123000132,324,454,-130
123000133,213,297,-84
123000134,345,162,183
123000135,1969,1003,966
123000136,183,549,-366
123000137,101,177,-76
123000138,77,293,-216
123000139,433,114,319
123000140,137,618,-481
123000141,801,146,655
123000142,842,842,0
123000143,934,1600,-666
123000144,58,19,39
123000145,164,206,-42
123000146,56,81,-25
123000147,64,99,-35
123000149,277,332,-55
123000150,123,216,-93
123000151,254,404,-150
123000152,102,394,-292
123000153,276,522,-246
123000154,1284,1602,-318
123000155,1914,1065,849
123000156,42,135,-93
123000157,546,636,-90
123000158,586,694,-108
123000159,2486,2227,259
123000160,893,598,295
123000161,1691,961,730
123000162,1020,1375,-355
123000163,387,89,298
123000164,1271,320,951
123000165,368,1238,-870
123000166,40,114,-74
123000167,155,240,-85
123000168,197,206,-9
123000169,654,153,501
123000170,82,115,-33
123000171,632,24,608
123000172,207,390,-183
123000173,476,263,213
123000174,887,426,461
123000175,537,1038,-501
123000176,887,230,657
123000177,245,727,-482
123000178,690,156,534
123000179,53,428,-375
123000180,1335,315,1020
123000181,271,1083,-812
123000182,154,301,-147
123000183,187,479,-292
123000184,89,368,-279
123000185,528,303,225
123000186,5,472,-467
123000187,506,4,502
123000188,187,3,184
123000189,137,135,2
123000190,54,77,-23
123000192,27,388,-361
123000193,86,736,-650
123000194,373,312,61
123000195,299,45,254
123000196,346,32,314
123000197,51,96,-45
123000198,33,406,-373
123000199,12,458,-446
123000200,544,7,537
123000201,1038,15,1023
123000202,15,786,-771
123000203,909,63,846
123000204,68,821,-753
123000205,437,1194,-757
123000206,2148,255,1893
123000207,65,573,-508
123000208,453,203,250
123000209,1879,678,1201
123000210,404,1540,-1136
123000211,500,1895,-1395
123000212,2625,499,2126
123000213,576,117,459
123000215,101,165,-64
123000216,119,428,-309
123000217,219,43,176
123000218,64,526,-462
123000219,717,81,636
123000220,477,80,397
123000221,171,89,82
123000222,386,277,109
123000223,237,264,-27
123000224,383,353,30
123000225,226,58,168
123000226,64,296,-232
123000227,63,258,-195
123000228,218,57,161
123000229,920,1185,-265
123000232,77,449,-372
123000233,599,152,447
123000234,110,489,-379
123000235,861,250,611
123000236,231,521,-290
123000237,259,105,154
123000238,82,390,-308
123000239,405,1090,-685
123000240,60,361,-301
123000241,344,63,281
123000242,155,173,-18
123000243,619,655,-36
123000244,813,657,156
123000245,42,156,-114
123000249,247,462,-215
123000252,701,235,466
123000253,1037,466,571
123000254,570,851,-281
123000255,1139,938,201
123000256,43,234,-191
123000257,2252,1620,632
123000258,887,634,253
123000259,319,313,6
123000260,414,389,25
123000261,199,123,76
123000262,114,131,-17
123000263,428,119,309
123000264,210,86,124
123000265,33,123,-90
123000266,579,597,-18
123000267,542,303,239
123000268,38,52,-14
123000269,45,53,-8
123000270,21,40,-19
123000271,44,49,-5
123000272,625,243,382
123000273,211,491,-280
123000274,1056,478,578
123000275,270,623,-353
123000278,2104,2151,-47
123000279,123,90,33
123000280,351,323,28
123000281,385,107,278
123000282,130,249,-119
123000283,137,65,72
123000284,66,49,17
123000286,221,338,-117
123000287,491,251,240
123000288,1226,643,583
123000289,333,796,-463
123000291,264,797,-533
123000294,168,256,-88
123000295,816,692,124
123000296,557,315,242
123000297,667,510,157
123000298,682,384,298
123000299,47,152,-105
123000300,808,750,58
123000301,134,219,-85
123000302,65,135,-70
123000303,90,168,-78
123000305,734,660,74
123000306,128,119,9
123000309,52,49,3
123000310,51,22,29
123000311,1,69,-68
123000312,470,641,-171
123000313,395,310,85
123000315,134,299,-165
123000316,802,139,663
123000317,164,76,88
123000318,40,151,-111
123000329,6,7,-1
123000337,764,336,428
123000338,305,67,238
123000339,242,132,110
123000340,111,266,-155
123000342,65,101,-36
123000343,34,8,26
123000344,985,450,535
123000345,305,519,-214
123000346,287,41,246
123000352,1036,716,320
123000353,42,102,-60
123000354,221,9,212
123000355,1,233,-232
123000356,305,8,297
123000357,2,78,-76
123000359,1,138,-137
123000360,174,42,132
123000361,183,325,-142
123000362,325,96,229
123000363,82,149,-67
123000364,460,469,-9
123000365,10,281,-271
123000366,396,1652,-1256
123000367,309,865,-556
123000370,42,215,-173
123000371,314,24,290
123000372,230,16,214
123000373,6,282,-276
123000374,31,137,-106
123000375,332,54,278
123000376,871,620,251
123000377,297,21,276
123000378,3,193,-190
123000379,10,195,-185
123000380,30,312,-282
123000381,102,89,13
123000382,859,66,793
123000383,129,908,-779
123000384,494,91,403
123000385,133,416,-283
123000436,39,807,-768
123000507,104,179,-75
123000508,136,640,-504
123000517,287,27,260
123000518,19,190,-171
123000519,150,56,94
123000520,38,176,-138
123000521,300,84,216
123000522,147,257,-110
123000541,4,2,2
123000542,0,5,-5
123000565,720,36,684
123000566,269,416,-147
123000567,77,169,-92
123000573,43,625,-582
123000574,513,53,460
123000575,1127,978,149
123000576,682,1168,-486
123000577,45,455,-410
123000578,401,50,351
123000579,1844,4159,-2315
123000580,125,37,88
123000582,367,39,328
123000583,18,272,-254
123000584,138,263,-125
123000585,0,94,-94
123000586,61,3,58
123000596,65,63,2
123000597,67,149,-82
123000602,33,10,23
123000603,670,508,162
123000604,439,553,-114
123000605,583,101,482
123000606,0,249,-249
123000609,21,258,-237
123000610,183,115,68
123000613,48,149,-101
123000614,191,46,145
123000615,21,128,-107
123000616,512,47,465
123000617,115,219,-104
123000618,90,472,-382
123000619,488,73,415
123000620,24,326,-302
123000622,399,13,386
123000624,124,80,44
123000630,920,390,530
123000631,217,923,-706
123000632,668,629,39
123000633,0,130,-130
123000634,53,113,-60
123000635,73,94,-21
123000636,43,486,-443
123000637,103,26,77
123000638,477,36,441
123000639,743,3263,-2520
123000640,15,540,-525
123000648,281,77,204
123000649,37,360,-323
123900001,964,46,918
123900002,46,976,-930
123900003,234,307,-73
123900005,181,126,55
123900006,250,25,225
124000001,1822,156,1666
124000002,113,1413,-1300
124000003,817,152,665
124000004,94,441,-347
124000005,915,372,543
124000006,239,853,-614
124000007,340,86,254
124000008,10,458,-448
124000009,458,205,253
124000010,221,393,-172
124000011,835,290,545
124000012,337,446,-109
124000017,121,107,14
124000018,95,64,31
124000019,122,109,13
124000020,53,140,-87
124000021,94,91,3
124000022,77,158,-81
124000023,1126,1294,-168
124000024,807,404,403
124000025,979,1579,-600
124000026,834,830,4
124000027,4047,4860,-813
124000028,1714,3707,-1993
124000030,2281,1294,987
124000031,1140,2321,-1181
124000032,1580,611,969
124000033,669,534,135
124000034,911,727,184
124000035,351,200,151
124000036,117,458,-341
124000037,497,1298,-801
124000038,25,132,-107
124000039,864,526,338
124000040,473,1156,-683
124000041,379,76,303
124000042,137,390,-253
124000043,77,85,-8
124000044,76,157,-81
124000045,754,490,264
124000046,335,567,-232
124000047,1356,657,699
124000048,983,930,53
124000049,1394,551,843
124000050,707,1241,-534
124000051,855,448,407
124000052,713,785,-72
124000053,468,1241,-773
124000054,800,420,380
124000055,1200,2148,-948
124000056,1794,1171,623
124000057,879,522,357
124000058,445,914,-469
124000059,470,1002,-532
124000060,981,484,497
124000061,1145,4665,-3520
124000062,4558,1768,2790
124000063,1008,1414,-406
124000064,1742,1185,557
124000065,82,320,-238
124000066,215,84,131
124000067,194,156,38
124000068,81,115,-34
124000069,715,170,545
124000070,244,450,-206
124000071,97,104,-7
124000072,175,334,-159
124000073,872,176,696
124000074,209,590,-381
124000075,260,14,246
124000076,13,156,-143
124000077,1473,897,576
124000078,2423,1364,1059
124000079,346,1283,-937
124000080,398,170,228
124000081,158,475,-317
124000082,42,126,-84
124000083,60,80,-20
124000084,69,377,-308
124000085,90,38,52
124000086,78,86,-8
124000087,81,118,-37
124000088,196,342,-146
124000089,785,293,492
124000090,149,264,-115
124000091,565,89,476
124000092,113,489,-376
124000093,80,90,-10
124000094,108,383,-275
124000095,81,69,12
124000096,126,252,-126
124000097,81,92,-11
124000098,34,64,-30
124000099,241,106,135
124000100,57,133,-76
124000101,70,93,-23
124000102,121,64,57
124000103,75,83,-8
124000104,73,46,27
124000105,62,80,-18
124000106,135,38,97
124000107,21,131,-110
124000108,69,32,37
124000109,123,78,45
124000110,175,86,89
124000111,216,128,88
124000112,551,535,16
124000113,70,90,-20
124000114,243,361,-118
124000115,379,567,-188
124000116,129,164,-35
124000117,45,86,-41
124000118,41,66,-25
124000119,711,480,231
124000120,395,391,4
124000121,1274,685,589
124000122,489,1077,-588
124000123,927,509,418
124000124,335,1019,-684
124000125,406,447,-41
124000126,257,511,-254
124000127,748,357,391
124000128,491,767,-276
124000129,1791,1358,433
124000130,718,578,140
124000131,804,600,204
124000132,809,663,146
124000133,735,608,127
124000134,753,516,237
124000135,1387,1512,-125
124000136,838,798,40
124000137,1176,789,387
124000138,1764,1077,687
124000139,549,25,524
124000140,33,360,-327
124000141,484,24,460
124000142,57,343,-286
124000143,70,20,50
124000144,19,107,-88
124000145,145,40,105
124000146,45,72,-27
124000148,21,136,-115
124000149,960,422,538
124000150,333,521,-188
124000151,791,441,350
124000152,697,1178,-481
124000153,665,700,-35
124000154,421,520,-99
124000155,1378,946,432
124000156,1487,895,592
124000169,206,397,-191
124000170,468,418,50
124000171,237,251,-14
124000172,351,444,-93
124000173,398,228,170
124000174,348,449,-101
124000175,7,77,-70
124000176,40,19,21
124000177,2,31,-29
124000178,61,38,23
124000190,93,41,52
124000191,131,160,-29
124000192,1483,319,1164
124000193,362,905,-543
124000194,383,389,-6
124000195,230,569,-339
124000196,885,835,50
124000197,33,43,-10
124000198,16,41,-25
124000201,330,725,-395
124000202,597,355,242
124000203,487,444,43
124000204,822,263,559
124000205,84,299,-215
124000206,563,290,273
124000207,1,52,-51
124000209,230,363,-133
124000210,394,187,207
124000211,619,6,613
124000212,0,269,-269
124000213,402,232,170
124000214,369,412,-43
124000215,293,24,269
124000216,3,262,-259
124000329,175,1141,-966
124000338,210,507,-297
124000339,941,127,814
124000341,1242,147,1095
124000344,97,61,36
124000357,923,1839,-916
124000358,786,1147,-361
124000359,934,671,263
124000360,689,456,233
124000361,1428,769,659
124000362,1125,1455,-330
124000363,229,316,-87
124000364,450,619,-169
124000365,558,888,-330
124000366,1125,746,379
124000367,109,425,-316
124000368,477,361,116
124000369,153,81,72
124000370,55,478,-423
124000402,35,9,26
124000403,94,11,83
124000404,9,119,-110
124000405,1041,779,262
124000406,697,709,-12
124000407,3,33,-30
124000411,16,280,-264
124000412,529,12,517
124000413,197,21,176
124000414,75,90,-15
124000415,80,78,2
124000416,126,135,-9
124000417,126,117,9
124000418,168,83,85
124000419,124,121,3
124000420,65,49,16
124000421,32,100,-68
124000422,35,8,27
124000423,119,31,88
124000424,2,107,-105
124000425,139,53,86
124000426,10,169,-159
124000427,133,7,126
124000428,17,54,-37
124000429,70,58,12
124000430,522,386,136
124000431,217,362,-145
124000432,183,548,-365
124000439,4,7,-3
124000443,0,15,-15
124000445,261,832,-571
124000446,1105,171,934
124900001,542,364,178
124900002,171,277,-106
124900003,967,544,423
124900004,702,314,388
124900005,215,118,97
124900006,714,238,476
124900008,1153,590,563
124900009,168,359,-191
124900010,163,112,51
124900011,460,206,254
124900012,505,123,382
124900013,540,123,417
124900014,249,65,184
124900015,129,337,-208
124900016,53,77,-24
124900017,416,1175,-759
124900018,50,14,36
124900020,78,59,19
124900021,280,26,254
124900022,43,2,41
124900024,244,13,231
124900026,98,13,85
124900027,125,449,-324
124900028,320,72,248
124900029,19,411,-392
124900030,5,82,-77
124900031,51,215,-164
124900032,140,224,-84
124900033,155,263,-108
124900034,16,82,-66
124900035,160,377,-217
124900036,3,55,-52
124900037,218,237,-19
124900038,251,249,2
124900039,1,42,-41
124900040,150,79,71
124900041,284,735,-451
124900042,94,4,90
124900043,453,725,-272
124900044,67,3,64
124900045,665,1076,-411
124900046,547,179,368
124900047,152,167,-15
124900048,222,94,128
124900050,172,137,35
124900052,97,348,-251
124900053,102,299,-197
124900054,1176,334,842
124900055,0,177,-177
124900057,8,41,-33
124900060,79,165,-86
124900061,98,8,90
124900062,181,20,161
124900066,0,11,-11
124900067,3,77,-74
124900068,214,470,-256
124900070,49,26,23
124900072,106,39,67
124900075,198,187,11
124900076,24,1027,-1003
124900077,16,89,-73
124900078,74,13,61
124900079,431,133,298
124900080,260,520,-260
124900081,938,305,633
124900082,294,648,-354
124900083,224,464,-240
124900085,867,530,337
124900086,62,1331,-1269
124900087,494,108,386
124900088,531,98,433
124900089,1018,32,986
124900090,250,253,-3
124900091,299,233,66
124900092,203,178,25
124900093,264,150,114
124900094,378,236,142
124900095,129,390,-261
124900096,516,279,237
124900097,299,52,247
124900098,129,273,-144
124900099,491,394,97
124900100,287,56,231
124900101,42,399,-357
124900102,216,16,200
124900103,175,190,-15
124900104,88,157,-69
124900105,99,116,-17
124900106,366,52,314
124900107,102,8,94
124900108,149,62,87
124900111,2,83,-81
124900112,46,432,-386
124900113,116,307,-191
124900114,158,170,-12
124900115,59,47,12
124900116,199,164,35
124900117,268,153,115
124900118,205,271,-66
124900119,416,182,234
124900120,43,298,-255
124900121,119,396,-277
124900122,276,229,47
124900123,319,133,186
124900124,144,417,-273
204000001,78,9,69
204000002,17,1,16
204000003,21,5,16
204000004,7,2,5
204000005,557,401,156
204000006,1156,900,256
204000011,6,29,-23
204000012,44,90,-46
204000019,508,409,99
204000020,533,463,70
204000021,965,683,282
204000022,479,406,73
204000023,447,578,-131
204000031,50,11,39
204000032,307,16,291
204000034,25,148,-123
204000035,0,0,0
204000036,8,19,-11
204000037,2,20,-18
204000038,1,11,-10
204000039,0,23,-23
204000040,0,23,-23
204000041,5,25,-20
204000042,38,11,27
204000043,31,11,20
204000044,22,7,15
204000045,42,4,38
204000046,7,1,6
204000057,3,15,-12
204000062,16,44,-28
204000068,19,155,-136
204000069,37,255,-218
204000070,76,42,34
204000080,28,45,-17
204000085,1634,1308,326
204000086,2028,1416,612
204000087,21,7,14
204000088,10,85,-75
204000090,39,246,-207
204000093,331,79,252
204000096,727,913,-186
204000097,319,18,301
204000099,890,1172,-282
204000100,1204,1578,-374
204000105,1894,1127,767
204000110,470,702,-232
204000111,439,414,25
204000112,685,503,182
204000113,548,562,-14
204000114,839,555,284
204000115,428,265,163
204000116,520,413,107
204000119,1612,2374,-762
204000132,644,280,364
204000133,797,161,636
204000134,164,71,93
204000135,571,68,503
204000136,590,192,398
204000138,335,325,10
204000140,190,164,26
204000141,190,79,111
204000144,9,25,-16
204000145,415,26,389
204000146,31,264,-233
204000147,20,126,-106
204000148,213,26,187
204000154,9,4,5
204000155,1,3,-2
204000177,90,24,66
204000179,15,2,13
204000180,0,34,-34
204000222,1,5,-4
204000235,12,7,5
204000236,55,187,-132
204000238,10,18,-8
204000240,316,54,262
204000263,581,801,-220
204000268,847,647,200
204000308,177,12,165
204000317,6,75,-69
204000322,5,20,-15
204000323,11,10,1
204000328,199,63,136
204000329,62,162,-100
204000330,174,36,138
204000331,44,111,-67
205000001,712,1451,-739
205000013,7,45,-38
205000014,8,86,-78
205000015,20,131,-111
205000016,11,97,-86
205000017,19,68,-49
205000022,246,688,-442
205000025,960,895,65
205000029,183,10,173
205000045,122,405,-283
205000046,79,421,-342
205000047,53,340,-287
205000048,276,814,-538
205000049,163,635,-472
205000050,579,243,336
205000059,1,169,-168
205000060,0,79,-79
205000061,1,57,-56
205000062,1,75,-74
205000063,13,95,-82
205000064,14,51,-37
205000065,46,434,-388
205000066,101,497,-396
205000067,22,590,-568
205000069,181,8,173
205000082,149,177,-28
205000110,78,220,-142
205000111,159,158,1
205000112,160,185,-25
205000113,153,296,-143
205000121,215,58,157
205000123,54,181,-127
205000126,360,57,303
205000127,644,116,528
205000128,288,51,237
205000129,492,62,430
205000130,174,23,151
205000131,141,10,131
205000132,130,5,125
205000133,88,3,85
205000134,256,0,256
205000137,90,135,-45
205000138,137,262,-125
205000139,20,97,-77
205000144,54,68,-14
205000145,365,154,211
205000151,149,25,124
205000152,189,22,167
205000153,207,15,192
205000154,81,26,55
205000155,101,11,90
205000207,7,110,-103
205000233,22,0,22
205000234,0,1,-1
205000243,1,0,1
205000244,0,5,-5
205000245,6,118,-112
205000249,0,6,-6
205000250,6,0,6
205000264,6,63,-57
206000027,9,1,8
206000028,4,2,2
206000043,5,39,-34
206000053,4,6,-2
206000054,5,20,-15
206000055,2,17,-15
206000075,9,14,-5
206000076,13,12,1
206000077,20,9,11
206000078,41,5,36
206000079,12,11,1
206000082,304,30,274
206000100,20,447,-427
206000103,14,22,-8
206000104,13,26,-13
206000105,7,7,0
206000106,7,14,-7
206000108,443,28,415
206000125,51,0,51
206000157,50,443,-393
206000170,2,137,-135
206000171,2,120,-118
206000172,11,272,-261
206000173,1,145,-144
206000174,5,55,-50
206000175,2,70,-68
206000176,22,110,-88
206000177,1,100,-99
206000178,1,127,-126
206000179,7,65,-58
206000180,13,128,-115
206000181,3,76,-73
206000182,15,92,-77
206000183,23,367,-344
206000184,2,177,-175
206000185,8,67,-59
206000186,81,533,-452
206000223,1,171,-170
206000226,18,1,17
206000227,15,2,13
206000237,31,171,-140
206000238,25,273,-248
206000239,190,1261,-1071
206000240,0,55,-55
206000241,0,60,-60
206000242,4,151,-147
206000243,5,109,-104
206000244,42,325,-283
206000245,629,63,566
206000246,175,8,167
206000247,143,8,135
206000248,286,18,268
206000252,44,37,7
206000258,19,37,-18
206000315,25,6,19
206000317,395,97,298
206000318,354,52,302
206000319,991,109,882
206000320,120,44,76
206000321,151,10,141
206000322,379,9,370
206000323,116,15,101
206000324,103,9,94
206000325,139,15,124
206000326,110,10,100
206000327,128,11,117
206000328,139,5,134
206000329,194,4,190
206000330,43,9,34
206000331,136,2,134
206000332,30,4,26
206000333,492,3,489
206000334,223,3,220
206000335,0,24,-24
206000361,3,138,-135
206000392,2,5,-3
206000405,104,2,102
206000441,19,17,2
206000498,38,3,35
206000515,79,23,56
206000530,221,66,155
206000531,159,155,4
206000532,1350,235,1115
206000535,154,1145,-991
206000536,9,143,-134
206000537,11,101,-90
206000613,1174,172,1002
207000001,137,558,-421
207000002,125,282,-157
207000003,138,136,2
207000007,755,231,524
207000008,95,3,92
207000009,46,37,9
207000010,339,300,39
207000012,285,236,49
207000015,215,887,-672
207000019,248,71,177
207000021,554,124,430
207000022,170,113,57
207000023,227,29,198
207000024,4,10,-6
207000025,21,57,-36
207000026,70,35,35
207000027,5,48,-43
207000028,69,187,-118
207000029,200,325,-125
207000033,181,425,-244
207000034,215,87,128
207000039,333,95,238
207000040,384,59,325
207000041,118,16,102
207000042,167,63,104
207000043,180,160,20
207000051,130,190,-60
207000052,11,99,-88
207000053,435,432,3
207000054,53,108,-55
207000055,172,78,94
207000056,397,260,137
207000057,148,253,-105
207000058,161,245,-84
207000059,107,335,-228
207000060,50,146,-96
207000061,171,449,-278
207000062,328,32,296
207000063,304,118,186
207000064,375,133,242
207000065,354,231,123
207000066,203,161,42
207000067,49,111,-62
207000068,110,49,61
207000069,620,300,320
207000082,5,138,-133
207000083,55,154,-99
207000084,199,243,-44
207000085,170,24,146
207000086,154,2,152
207000106,53,42,11
207000107,52,22,30
207000108,56,10,46
207000109,54,11,43
207000110,51,64,-13
207000111,62,73,-11
207000112,147,559,-412
207000114,18,34,-16
207000115,16,78,-62
207000116,25,344,-319
207000117,6,89,-83
207000118,2,60,-58
207000119,46,64,-18
207000123,156,22,134
207000124,84,16,68
207000125,39,34,5
207000126,80,52,28
207000134,70,113,-43
207000135,17,147,-130
207000148,42,293,-251
207000149,54,36,18
207000152,109,343,-234
207000153,828,1262,-434
207000154,347,153,194
207000159,88,127,-39
207000160,160,298,-138
207000238,2,201,-199
207000242,7,142,-135
207000248,34,29,5
207000249,174,25,149
207000250,510,57,453
207000251,101,63,38
207000252,67,57,10
207000278,90,88,2
207000279,34,107,-73
207000280,437,55,382
207000281,129,598,-469
207000282,137,83,54
207000283,87,149,-62
207000284,47,190,-143
207000285,76,37,39
207000291,6,82,-76
207000304,102,53,49
207000306,61,273,-212
207000310,54,64,-10
207000353,266,2,264
207000356,23,30,-7
207000357,13,8,5
207000358,25,21,4
207000415,2,146,-144
207000417,47,8,39
207000418,116,108,8
207000438,0,4,-4
207000439,814,709,105
207000446,185,2,183
207000460,17,12,5
207000466,192,111,81
207000467,203,76,127
207000468,50,198,-148
207000476,16,41,-25
207000477,680,56,624
207000478,3,28,-25
207000523,1,12,-11
207000524,34,0,34
207000527,143,135,8
207000530,431,11,420
207000531,301,6,295
207000532,93,11,82
207000534,385,57,328
207000535,36,288,-252
207000537,12,91,-79
207000540,4,160,-156
207000541,0,256,-256
207000548,12,207,-195
207000549,303,5,298
207000561,157,173,-16
207000562,36,145,-109
207000567,190,262,-72
207000568,187,40,147
207000569,386,480,-94
207000584,328,188,140
207000585,63,374,-311
207000587,85,14,71
207000616,2,126,-124
207000617,121,0,121
207000624,50,32,18
207000631,3,58,-55
207900008,170,91,79
208000001,478,882,-404
208000002,638,395,243
208000003,1121,384,737
208000004,1117,601,516
208000005,4,12,-8
208000019,464,769,-305
208000020,167,368,-201
208000021,197,299,-102
208000022,1027,360,667
208000028,943,753,190
208000033,579,383,196
208000034,972,1077,-105
208000037,220,10,210
208000040,195,129,66
208000041,741,468,273
208000042,1080,532,548
208000047,123,171,-48
208000064,1963,1349,614
208000066,1254,1997,-743
208000070,280,285,-5
208000071,306,614,-308
208000072,312,925,-613
208000080,252,272,-20
208000081,341,147,194
208000082,256,218,38
208000083,135,313,-178
208000084,15,20,-5
208000085,696,514,182
208000086,379,831,-452
208000087,326,582,-256
208000089,965,301,664
208000090,948,489,459
208000093,185,164,21
208000094,516,320,196
208000095,571,403,168
208000104,710,694,16
208000105,651,878,-227
208000114,110,308,-198
208000115,414,267,147
208000116,452,879,-427
208000117,110,157,-47
208000118,136,144,-8
208000155,578,811,-233
208000158,1198,3413,-2215
208000186,2924,4092,-1168
208000204,576,878,-302
208000205,1005,798,207
208000282,4352,2841,1511
209000004,256,111,145
209000005,50,32,18
209000006,344,152,192
209000007,194,237,-43
209000010,365,87,278
209000011,182,193,-11
209000012,101,108,-7
209000013,221,214,7
209000014,479,701,-222
209000025,251,34,217
209000026,528,118,410
209000027,333,545,-212
209000028,318,454,-136
209000029,386,523,-137
209000030,381,891,-510
209000031,1817,1546,271
209000034,201,258,-57
209000035,146,187,-41
209000036,207,94,113
209000037,280,200,80
209000038,153,155,-2
209000039,71,119,-48
209000040,229,465,-236
209000041,140,391,-251
209000042,176,332,-156
209000043,600,783,-183
209000044,180,765,-585
209000045,1115,400,715
209000046,446,387,59
209000047,326,188,138
209000048,547,287,260
209000049,89,116,-27
209000050,187,120,67
209000051,233,249,-16
209000052,154,212,-58
209000062,25,76,-51
209000063,38,71,-33
209000064,39,78,-39
209000065,67,30,37
209000066,51,31,20
209000067,103,27,76
209000080,19,180,-161
209000082,70,38,32
209000091,18,88,-70
209000093,22,16,6
209000094,129,172,-43
209000110,11,89,-78
209000111,459,1087,-628
209000112,776,356,420
209000113,1184,336,848
209000114,535,375,160
209000115,68,90,-22
209000116,472,324,148
209000118,12,29,-17
209000119,23,16,7
209000121,105,350,-245
209000135,86,133,-47
209000142,661,1194,-533
209000143,43,44,-1
209000144,70,124,-54
209000229,260,117,143
209000240,19,171,-152
209000259,69,110,-41
209000260,44,733,-689
209000261,2,339,-337
209000262,4,237,-233
209000263,0,137,-137
209000264,0,99,-99
209000265,373,1,372
209000266,119,1,118
209000267,811,7,804
209000268,593,49,544
210000037,44,21,23
210000047,60,6,54
210000048,86,18,68
210000049,45,6,39
210000052,45,67,-22
210000053,26,35,-9
210000054,55,56,-1
210000070,108,2,106
210000071,52,3,49
210000072,17,0,17
210000073,0,14,-14
210000074,0,83,-83
210000075,7,86,-79
210000076,12,109,-97
210000077,7,23,-16
210000078,16,35,-19
210000079,28,3,25
210000080,87,70,17
210000081,143,19,124
210000082,88,2,86
210000083,57,2,55
210000084,20,1,19
210000085,0,30,-30
210000086,2,82,-80
210000099,36,191,-155
210000100,41,129,-88
210000101,58,110,-52
210000105,21,159,-138
210000159,1,148,-147
210000163,135,216,-81
210000164,204,167,37
210000168,110,36,74
210000187,0,29,-29
210000188,0,12,-12
210000214,32,0,32
210000219,34,42,-8
210000220,74,40,34
210000232,15,18,-3
210000233,30,61,-31
210000234,29,83,-54
210000235,55,70,-15
210000245,0,76,-76
210000246,18,0,18
210000258,7,73,-66
210000259,245,40,205
210000282,70,139,-69
210000285,2,104,-102
210000286,24,119,-95
210000290,6,10,-4
210000295,44,115,-71
210000296,42,35,7
210000320,148,48,100
210000321,115,53,62
210000338,78,39,39
210000339,232,857,-625
210000340,98,303,-205
210000341,154,235,-81
210000342,169,160,9
210000343,139,165,-26
210000344,141,56,85
210000345,133,170,-37
210000346,56,90,-34
210000347,90,38,52
210000348,93,13,80
210000349,46,20,26
210000350,100,48,52
210000351,142,106,36
210000352,75,67,8
210000353,57,80,-23
210000354,41,87,-46
210000355,41,78,-37
210000356,58,52,6
210000357,47,25,22
210000358,198,112,86
210000359,79,68,11
210000360,141,80,61
210000361,127,97,30
210000362,235,135,100
210000363,537,191,346
210000364,74,136,-62
210000365,85,47,38
210000366,111,32,79
210000367,97,28,69
210000368,118,27,91
210000369,17,14,3
210000370,30,22,8
210000372,13,22,-9
210000373,26,8,18
210000374,47,13,34
210000375,43,75,-32
210000376,101,84,17
210000404,43,74,-31
210000439,22,27,-5
210000472,76,1,75
210000482,29,91,-62
210000564,226,271,-45
210000567,2,48,-46
210000568,225,1,224
211000092,53,32,21
211000094,28,5,23
211000169,177,10,167
211000172,11,200,-189
211000209,1,14,-13
211000226,6,28,-22
211000270,29,9,20
211000275,12,10,2
211000276,79,23,56
211000279,12,31,-19
211000281,44,35,9
211507980,1,30,-29
211977296,29,0,29
212000003,91,43,48
212000004,22,22,0
212000005,19,28,-9
212000006,13,38,-25
212000008,157,123,34
212000009,32,81,-49
212000012,57,62,-5
212000013,25,37,-12
212000014,197,142,55
212000015,216,231,-15
212000016,378,428,-50
212000027,383,370,13
212000028,234,293,-59
212000029,191,192,-1
212000030,40,19,21
212000031,43,46,-3
212000048,21,108,-87
212000049,28,66,-38
212000050,8,4,4
212000051,162,144,18
212000052,176,211,-35
212000053,348,406,-58
212000054,207,94,113
212000055,217,161,56
212000056,13,36,-23
212000057,13,19,-6
212000058,194,35,159
212000070,87,157,-70
212000077,122,389,-267
212000099,216,259,-43
212000108,114,130,-16
212000111,188,86,102
212000120,81,56,25
212000138,130,24,106
212000156,3,72,-69
212000158,9,15,-6
212000159,398,41,357
212000160,551,204,347
212000161,60,9,51
212000310,35,19,16
212000311,19,43,-24
212000374,31,17,14
213000001,25,369,-344
213000005,315,100,215
213000006,886,288,598
213000007,132,8,124
213000009,673,431,242
213000010,174,254,-80
213000011,177,98,79
213000012,131,214,-83
213000014,82,11,71
213000015,243,3,240
213000016,377,1,376
213000017,108,0,108
213000018,2,135,-133
213000019,2,125,-123
213000020,95,279,-184
213000021,2,107,-105
213000023,251,163,88
213000033,346,1256,-910
213000034,687,236,451
213000035,95,190,-95
213000045,200,214,-14
213000046,223,152,71
213000047,539,1107,-568
213000056,133,26,107
213000069,97,2,95
213000073,0,32,-32
213000074,45,248,-203
213000075,488,8,480
213000076,38,2,36
213000085,12,44,-32
213000086,23,125,-102
213000091,189,11,178
213000092,72,16,56
213000099,143,1078,-935
213000100,1087,263,824
213000101,310,115,195
213000102,372,226,146
213000103,764,684,80
213000104,40,322,-282
213000105,4,185,-181
213000106,20,81,-61
213000107,138,409,-271
213000108,29,317,-288
213000109,10,197,-187
213000110,17,84,-67
213000111,16,69,-53
213000112,142,81,61
213000115,62,7,55
213000116,36,294,-258
213000117,12,503,-491
213000118,331,242,89
213000119,42,489,-447
213000120,142,401,-259
213000122,113,462,-349
213000123,372,1024,-652
213000124,104,1125,-1021
213000125,137,19,118
213000126,77,102,-25
213000127,105,175,-70
213000128,377,1010,-633
213000129,255,549,-294
213000130,588,318,270
213000132,367,106,261
213000133,449,85,364
213000134,726,25,701
213000136,347,18,329
213000137,647,89,558
213000139,230,16,214
213000147,51,10,41
213000148,23,16,7
213000149,35,3,32
213000150,2,116,-114
213000151,1,89,-88
213000152,2,50,-48
213000153,9,81,-72
213000154,22,321,-299
213000155,29,232,-203
213000156,116,393,-277
213000157,477,366,111
213000158,377,742,-365
213000159,575,433,142
213000163,697,87,610
213000165,782,268,514
213000171,0,115,-115
213000172,3,218,-215
213000173,2,191,-189
213000174,3,94,-91
213000175,15,61,-46
213000176,42,43,-1
213000177,76,2,74
213000178,170,4,166
213000179,215,3,212
213000180,140,2,138
213000184,63,321,-258
213000188,302,91,211
213000189,288,42,246
213000190,778,755,23
213000191,305,346,-41
213000192,170,242,-72
213000193,695,225,470
213000194,1,52,-51
213000195,23,277,-254
213000196,244,933,-689
213000197,390,396,-6
213000198,52,2,50
213000200,101,675,-574
213000201,57,45,12
213000202,6,441,-435
213000203,2557,539,2018
213000204,516,65,451
213000205,260,79,181
213000206,446,38,408
213000207,94,16,78
213000208,97,2,95
213000209,99,1,98
213000210,284,1,283
213000211,7,15,-8
213000212,7,11,-4
213000213,21,31,-10
213000218,194,426,-232
213000219,422,16,406
213000220,382,13,369
213000223,141,243,-102
213000224,25,48,-23
213000225,91,11,80
213000226,92,10,82
213000227,785,195,590
213000228,305,90,215
213000229,151,20,131
213000230,407,13,394
213000232,57,836,-779
213000233,9,349,-340
213000234,2,54,-52
213000293,4,56,-52
213000294,111,25,86
213000295,9,60,-51
213000296,55,24,31
213000297,7,70,-63
213000298,11,66,-55
213000299,54,32,22
213000300,14,3,11
213000303,4,29,-25
213000304,0,5,-5
213000305,5,17,-12
213000306,49,34,15
213000307,171,45,126
213000308,106,196,-90
213000309,116,48,68
213000310,403,179,224
213000311,227,597,-370
213000315,78,71,7
213000316,139,46,93
213000322,66,106,-40
213000323,94,61,33
213000324,42,32,10
213000325,21,56,-35
213000326,24,13,11
213000327,27,37,-10
213000328,36,105,-69
213000329,100,18,82
213000340,239,484,-245
213000341,436,89,347
213000346,194,293,-99
213000347,648,442,206
213000348,11,72,-61
213000349,31,8,23
213000350,252,769,-517
213000366,69,249,-180
213000367,202,13,189
213000379,146,39,107
213000386,12,238,-226
213000406,68,289,-221
213000417,898,347,551
213000425,167,28,139
213000426,129,62,67
213000427,32,146,-114
213000428,39,167,-128
213000429,19,5,14
213000430,87,565,-478
213000431,95,0,95
213000432,3,79,-76
213000433,15,108,-93
213000434,80,68,12
213000435,143,49,94
213000436,24,73,-49
213000437,2,10,-8
213000438,123,61,62
213000439,44,13,31
213000440,4,231,-227
213000441,0,2,-2
213000442,1,20,-19
213000443,423,354,69
213000444,42,32,10
213000445,0,73,-73
213000446,0,100,-100
213000447,3,82,-79
213000448,6,129,-123
213000449,240,4,236
213000450,9,29,-20
213000451,205,76,129
213000452,9,13,-4
213000453,25,198,-173
213000455,381,0,381
213000456,0,252,-252
213000481,5,4,1
213000482,52,1,51
213000489,192,50,142
213000491,0,136,-136
213000492,205,7,198
213000493,1,71,-70
213000494,232,91,141
213000495,0,56,-56
213000496,351,105,246
213000497,42,215,-173
213000498,122,131,-9
213000499,170,347,-177
213000500,410,58,352
213000501,127,29,98
213000502,144,143,1
213000503,4,56,-52
213000504,7,71,-64
213000505,22,11,11
213000506,0,13,-13
213000507,1,118,-117
213900244,51,0,51
213900245,0,38,-38
218000003,11,23,-12
218000004,23,24,-1
218000005,32,26,6
218000006,42,19,23
218000007,5,6,-1
218000012,143,84,59
218000013,86,122,-36
218000014,410,428,-18
218000019,690,612,78
218000020,216,374,-158
218000021,21,26,-5
218000022,8,6,2
218000023,2,13,-11
218000024,4,2,2
218000025,5,9,-4
218000026,2,12,-10
218000027,0,4,-4
218000028,0,1,-1
218000029,4,7,-3
218000030,6,11,-5
218000031,2,8,-6
218000032,4,4,0
218000040,2,4,-2
218000046,31,59,-28
218000047,6,98,-92
218000048,38,67,-29
218000049,87,78,9
218000050,302,224,78
218000051,57,146,-89
218000052,2,62,-60
218000053,1,6,-5
218000054,17,34,-17
218000055,9,22,-13
218000056,11,21,-10
218000057,0,25,-25
218000064,8,10,-2
218000065,104,54,50
218000066,17,33,-16
218000067,47,75,-28
218000068,108,62,46
218000069,197,80,117
218000070,168,161,7
218000071,169,183,-14
218000072,308,136,172
218000078,753,605,148
218000079,72,61,11
218000080,99,62,37
218000081,317,209,108
218000082,36,78,-42
218000083,51,52,-1
218000084,166,96,70
218000085,159,296,-137
218000086,65,130,-65
218000087,166,126,40
218000090,12,87,-75
218000091,781,405,376
218000092,69,112,-43
218000093,103,38,65
218000094,429,517,-88
218000099,287,679,-392
218000100,221,257,-36
218000101,253,120,133
218000102,408,139,269
218000103,69,111,-42
218000104,91,21,70
218000105,24,22,2
218000106,9,6,3
218000107,63,23,40
218000108,5,36,-31
218000112,67,31,36
218000117,65,48,17
218000134,499,465,34
218000135,12,54,-42
218000136,177,89,88
218000137,275,138,137
218000138,43,95,-52
218000139,160,277,-117
218000140,419,242,177
218000141,61,68,-7
218000142,220,123,97
218000143,90,227,-137
218000144,44,71,-27
218000145,284,312,-28
218000146,59,150,-91
218000151,5,7,-2
218000152,64,23,41
218000153,12,3,9
218000154,5,0,5
218000155,10,0,10
218000156,49,7,42
218000157,13,11,2
218000158,2,13,-11
218000159,0,3,-3
218000160,3,2,1
218000161,27,4,23
218000162,25,4,21
218000163,10,1,9
218000164,37,5,32
218000165,34,18,16
218000170,5,40,-35
218000171,25,6,19
218000172,7,5,2
218000173,25,5,20
218000174,12,1,11
218000176,90,40,50
218000177,138,178,-40
218000178,32,171,-139
218000179,46,54,-8
218000180,56,24,32
218000181,111,35,76
218000187,7,16,-9
218000188,10,31,-21
218000189,16,27,-11
218000190,14,10,4
218000191,123,37,86
218000192,134,153,-19
218000193,268,242,26
218000194,60,233,-173
218000195,96,37,59
218000196,230,180,50
218000197,275,262,13
218000198,17,95,-78
218000199,38,24,14
218000200,80,14,66
218000201,19,8,11
218000202,57,180,-123
218000207,5,18,-13
218000208,17,21,-4
218000211,32,6,26
218000212,0,3,-3
218000213,58,72,-14
218000214,1,9,-8
218000215,25,33,-8
218000217,5,62,-57
218000218,133,50,83
218000219,20,10,10
218000220,64,317,-253
218000221,353,115,238
218000222,3,20,-17
218000223,23,220,-197
218000224,7,119,-112
218000225,63,19,44
218000226,105,33,72
218000230,1,4,-3
218000232,26,52,-26
218000239,184,10,174
218000240,25,2,23
218000241,15,0,15
218000242,54,0,54
218000243,54,5,49
218000244,60,3,57
218000245,14,0,14
218000246,2,1,1
218000247,0,0,0
218000248,0,9,-9
218000249,1,0,1
218000250,7,4,3
218000251,7,9,-2
218000252,0,23,-23
218000253,3,29,-26
218000254,0,18,-18
218000255,2,4,-2
218000256,5,36,-31
218000267,363,733,-370
218000268,15,35,-20
218000269,1,7,-6
218000270,86,31,55
218000271,26,22,4
218000273,14,3,11
218000274,15,4,11
218000275,29,43,-14
218000276,8,53,-45
218000278,14,26,-12
218000279,86,69,17
218000280,7,22,-15
218000281,21,13,8
218000282,499,344,155
218000284,86,5,81
218000301,89,108,-19
218000302,150,33,117
218000303,31,41,-10
218000316,523,721,-198
218000317,910,734,176
218000318,549,563,-14
218000319,903,891,12
218000320,650,498,152
218000338,49,29,20
218000345,80,72,8
218000346,42,104,-62
218000459,20,180,-160
218000490,24,23,1
218000501,58,27,31
218000502,24,59,-35
218000503,86,22,64
218000504,152,23,129
218000505,46,145,-99
218000506,33,223,-190
218000508,2,3,-1
218000510,123,8,115
218000520,102,64,38
218000521,8,39,-31
218000522,0,113,-113
218000523,79,2,77
218000524,39,157,-118
218000525,118,7,111
218000526,39,120,-81
218000529,34,131,-97
218000530,10,4,6
218000531,25,20,5
218000532,27,20,7
218000534,97,12,85
218000537,12,48,-36
218000538,107,164,-57
218000540,152,63,89
218000543,138,44,94
218000544,23,64,-41
218000545,49,60,-11
218000546,31,48,-17
218000547,78,146,-68
218000548,127,110,17
218000549,401,353,48
218000550,196,258,-62
218000551,100,661,-561
218000552,311,41,270
218000553,51,74,-23
218000554,24,28,-4
218000555,18,37,-19
218000556,143,177,-34
218000557,220,154,66
218000558,56,1,55
218000559,1,34,-33
218000560,0,30,-30
218000561,15,0,15
218000562,29,162,-133
218000563,134,20,114
218000564,10,131,-121
218000565,157,16,141
218000566,270,15,255
218000567,0,68,-68
218000568,18,2,16
218000569,21,76,-55
218000570,139,7,132
218000571,2,82,-80
218000572,97,4,93
218000573,3,133,-130
218000574,98,17,81
218000575,87,2,85
218000576,1,81,-80
218000577,85,0,85
218000578,2,79,-77
218000579,40,6,34
218000581,4,37,-33
218000582,30,1,29
218000583,10,0,10
218000584,3,15,-12
218000585,45,5,40
218000586,6,27,-21
218000587,0,2,-2
218000588,5,5,0
218000589,0,1,-1
218000590,7,0,7
218000591,20,0,20
218000592,21,2,19
218000593,1,4,-3
218000594,2,0,2
218000597,1,0,1
218000598,0,0,0
218000599,1,0,1
218000600,0,0,0
218000601,0,1,-1
218000602,0,7,-7
218000603,0,1,-1
218000604,21,1,20
218000605,0,36,-36
218000606,67,0,67
218000607,5,31,-26
218000608,71,11,60
218000609,3,32,-29
218000610,55,9,46
218000611,23,2,21
218000612,1,11,-10
218000613,36,0,36
218000614,0,33,-33
218000615,198,2,196
218000616,1,80,-79
218000617,30,2,28
218000618,0,11,-11
218000619,20,26,-6
218000620,14,23,-9
218000621,0,2,-2
218000622,0,15,-15
218000623,238,5,233
218000624,1,15,-14
218000625,12,1,11
218000626,0,5,-5
218000628,119,26,93
218000631,47,17,30
218000632,20,123,-103
218000633,103,3,100
218000634,12,10,2
218000635,16,9,7
218000636,695,814,-119
218000637,777,451,326
218000638,115,40,75
218000639,14,132,-118
218000640,196,35,161
218000641,64,206,-142
218000652,57,45,12
218000653,71,29,42
218000663,9,186,-177
218000675,71,47,24
218000676,1,11,-10
218000677,11,4,7
218000680,170,349,-179
218000681,288,140,148
218000691,148,134,14
218000693,158,96,62
218000703,4,14,-10
218000718,284,902,-618
218000719,457,571,-114
218000720,15,152,-137
218000721,129,10,119
218000725,4,3,1
218001147,0,79,-79
218001214,6,34,-28
218001258,130,6,124
218001329,120,98,22
218001330,74,62,12
218001351,27,9,18
218001352,22,16,6
218001353,11,6,5
218001354,21,14,7
218001355,6,212,-206
218001356,391,20,371
218001357,51,99,-48
218001358,308,13,295
218001361,276,1,275
218001362,1,118,-117
219000001,30,35,-5
219000002,59,51,8
219000003,43,26,17
219000004,46,39,7
219000017,109,34,75
219000020,94,52,42
219000022,153,2,151
219000023,77,3,74
219000029,0,42,-42
219000034,46,20,26
219000039,68,131,-63
219000040,59,52,7
219000041,100,25,75
219000051,0,25,-25
219000052,0,17,-17
219000053,2,66,-64
219000054,16,54,-38
219000055,223,2,221
219000056,9,1,8
219000057,57,1,56
219000062,6,59,-53
219000063,51,2,49
219000064,2,42,-40
219000110,442,70,372
219000111,67,46,21
219000112,181,54,127
219000113,116,34,82
219000114,209,86,123
219000116,127,42,85
219000117,182,43,139
219000118,200,32,168
219000123,147,43,104
219000124,62,28,34
219000125,10,8,2
219000126,45,93,-48
219000127,0,6,-6
219000128,5,90,-85
219000129,17,85,-68
219000130,346,408,-62
219000131,503,881,-378
219000133,50,45,5
219000134,12,25,-13
219000135,17,52,-35
219000136,71,166,-95
219000138,40,17,23
219000139,36,40,-4
219000140,32,2,30
219000141,27,78,-51
219000142,18,49,-31
219000143,16,74,-58
219000145,40,31,9
219000146,1,20,-19
219000147,19,15,4
219000148,3,20,-17
219000149,7,38,-31
219000150,4,43,-39
219000151,1,16,-15
219000157,161,110,51
219000158,143,164,-21
219000161,57,4,53
219000163,1045,374,671
219000166,104,164,-60
219000167,97,123,-26
219000168,243,91,152
219000174,359,115,244
219000175,41,1,40
219000176,76,10,66
219000177,38,0,38
219000178,49,3,46
219000179,17,7,10
219000180,18,42,-24
219000182,150,15,135
219000183,73,27,46
219000184,98,11,87
219000185,1,35,-34
219000186,48,20,28
219000187,23,48,-25
219000189,50,148,-98
219000190,53,168,-115
219000191,655,1097,-442
219000192,184,113,71
219000193,132,119,13
219000195,1,45,-44
219000196,6,97,-91
219000198,12,81,-69
219000199,55,211,-156
219000200,30,143,-113
219000201,62,150,-88
219000203,23,86,-63
219000204,91,209,-118
219000205,31,168,-137
219000207,123,256,-133
219000209,25,67,-42
219000210,26,53,-27
219000213,6,93,-87
219000239,170,242,-72
219000240,250,318,-68
219000241,135,124,11
219000242,57,129,-72
219000243,124,185,-61
219000244,16,75,-59
219000245,28,31,-3
219000246,29,19,10
219000247,147,22,125
219000248,364,346,18
219000249,130,75,55
219000250,114,66,48
219000251,456,213,243
219000252,203,136,67
219000253,297,85,212
219000255,116,86,30
219000256,174,64,110
219000257,83,0,83
219000262,75,93,-18
219000263,39,89,-50
219000267,2,51,-49
219000268,4,3,1
219000269,3,0,3
219000270,7,0,7
219000271,89,3,86
219000278,0,5,-5
219000279,1,5,-4
219000283,0,9,-9
219000295,19,88,-69
219000296,74,322,-248
219000297,23,99,-76
219000298,16,67,-51
219000299,399,56,343
219000300,34,133,-99
219000301,180,272,-92
219000302,36,191,-155
219000307,46,43,3
219000308,49,39,10
219000311,183,66,117
219000312,508,126,382
219000313,327,50,277
219000314,67,304,-237
219000315,317,29,288
219000316,464,40,424
219000317,103,13,90
219000320,2,40,-38
219000321,0,12,-12
219000323,5,38,-33
219000325,1,6,-5
219000326,56,52,4
219000327,83,23,60
219000328,22,42,-20
219000329,256,84,172
219000330,43,47,-4
219000331,36,57,-21
219000332,112,62,50
219000333,17,1,16
219000335,55,0,55
219000337,13,0,13
219000338,59,0,59
219000344,19,56,-37
219000345,35,64,-29
219000346,25,77,-52
219000348,143,76,67
219000349,42,108,-66
219000350,84,272,-188
219000351,5,2,3
219000352,337,82,255
219000353,75,53,22
219000354,156,63,93
219000355,135,73,62
219000356,872,1331,-459
219000363,189,49,140
219000364,58,33,25
219000365,91,17,74
219000366,183,269,-86
219000368,325,504,-179
219000370,805,449,356
219000371,28,16,12
219000382,8,16,-8
219000383,453,875,-422
219000385,398,371,27
219000386,512,1236,-724
219000387,5,7,-2
219000390,5,1,4
219000391,1,0,1
219000397,64,62,2
219000398,71,51,20
219000401,11,82,-71
219000402,38,66,-28
219000403,128,258,-130
219000404,23,147,-124
219000407,8,29,-21
219000409,46,44,2
219000410,65,42,23
219000411,59,18,41
219000446,87,267,-180
219000447,3,14,-11
219000448,12,9,3
219000452,84,82,2
219000453,57,134,-77
219000454,111,248,-137
219000556,197,71,126
219000558,118,146,-28
219000590,34,121,-87
219000591,57,101,-44
219000592,79,261,-182
219000595,3,20,-17
219000635,173,31,142
219000636,16,73,-57
219000657,18,14,4
219000658,31,84,-53
219000673,0,9,-9
219000676,16,12,4
219000679,19,3,16
219000684,82,3,79
219000685,0,30,-30
219000686,0,3,-3
219000688,0,46,-46
219000689,32,174,-142
219000690,154,30,124
219000691,36,146,-110
219000692,146,30,116
219000693,0,33,-33
219000694,14,0,14
219000695,18,9,9
219000698,13,1,12
219000699,1,20,-19
219000727,0,50,-50
219000728,54,2,52
219000770,41,1,40
219000771,3,18,-15
219000788,289,158,131
219001150,1,23,-22
219001151,1,2,-1
219001166,22,31,-9
219001167,3,48,-45
219001178,43,1,42
220000001,43,63,-20
220000002,14,81,-67
220000003,358,203,155
220000004,525,328,197
220000005,1291,1503,-212
220000006,152,620,-468
220000007,376,350,26
220000008,276,558,-282
220000009,273,249,24
220000010,137,68,69
220000011,401,2019,-1618
220000012,146,194,-48
220000014,88,47,41
220000015,59,239,-180
220000017,59,186,-127
220000018,2806,1181,1625
220000019,64,253,-189
220000020,312,174,138
220000021,583,154,429
220000022,646,374,272
220000023,277,144,133
220000024,1731,376,1355
220000025,1204,1031,173
220000026,235,272,-37
220000027,46,83,-37
220000028,40,45,-5
220000029,47,92,-45
220000030,83,59,24
220000031,349,281,68
220000064,18,805,-787
221000046,7,0,7
221000047,0,1,-1
221000048,0,0,0
221000049,0,3,-3
221000050,11,0,11
221000055,31,41,-10
221000057,55,5,50
221000068,265,112,153
221000069,309,52,257
221000070,157,24,133
221000071,87,4,83
221000072,192,11,181
221000073,94,30,64
221000074,1,10,-9
221000075,8,14,-6
221000076,2,24,-22
221000077,20,43,-23
221000081,14,5,9
221000082,69,3,66
221000083,21,0,21
221000084,8,5,3
221000085,12,60,-48
221000086,12,89,-77
221000087,2,92,-90
221000088,8,120,-112
221000089,37,209,-172
221000090,96,389,-293
221000098,91,5,86
221000099,134,8,126
221000100,64,4,60
221000101,163,19,144
221000102,86,7,79
221000109,3,67,-64
221000110,4,55,-51
221000111,5,147,-142
221000112,5,127,-122
221000113,13,117,-104
221000114,10,123,-113
221000120,38,26,12
221000121,4,30,-26
221000122,49,28,21
221000123,9,12,-3
221000124,26,124,-98
221000155,74,19,55
221000156,52,33,19
221000175,9,7,2
221000176,6,8,-2
221000182,39,6,33
221000241,658,296,362
221000242,122,388,-266
221000243,439,185,254
221000244,228,414,-186
221000245,73,74,-1
221000246,37,218,-181
221000247,79,79,0
221000248,130,129,1
221000267,34,413,-379
221000325,51,38,13
221000331,8,42,-34
221000338,19,24,-5
221000378,199,26,173
221000381,30,37,-7
222000282,12,1,11
222000296,3,15,-12
222000568,226,18,208
222000569,166,37,129
222000570,134,11,123
222000571,223,25,198
222000577,14,115,-101
222000578,26,124,-98
222000579,25,84,-59
222000580,81,473,-392
222000599,0,98,-98
222000600,1,228,-227
222000601,7,648,-641
222000603,33,24,9
222000604,9,38,-29
222000605,13,19,-6
222000606,3,5,-2
222000607,2,1,1
222000608,22,11,11
222000609,39,127,-88
222000616,285,32,253
222000617,2,35,-33
222000618,11,2,9
222000620,22,4,18
222000621,59,20,39
222000623,554,5,549
222000624,289,5,284
222000625,378,19,359
222000636,33,4,29
222000686,14,8,6
222000687,29,18,11
222001066,208,1,207
222001067,12,1,11
222001068,32,14,18
222001069,28,19,9
222001082,15,18,-3
222001083,20,29,-9
222001084,1,47,-46
222001085,1,93,-92
222001111,31,103,-72
222001112,75,20,55
222001313,24,7,17
222001314,11,94,-83
222001464,95,41,54
222001465,24,89,-65
222001484,78,58,20
222001485,30,53,-23
222001494,394,148,246
222001495,142,184,-42
222001496,255,72,183
222001497,86,286,-200
222001502,18,56,-38
222001503,76,37,39
222001504,21,245,-224
222001505,256,22,234
222001506,38,315,-277
222001507,277,32,245
222001510,335,27,308
222001511,54,259,-205
222001514,560,143,417
222001515,175,370,-195
222001518,206,73,133
222001519,66,135,-69
222001527,150,49,101
222001528,66,133,-67
222001529,209,38,171
222001530,62,121,-59
222001533,117,165,-48
222001534,194,47,147
222001535,171,216,-45
222001536,88,170,-82
222001537,278,40,238
222001538,71,324,-253
222001563,617,64,553
222001564,58,319,-261
222001568,254,95,159
222001576,0,3,-3
222001579,1,14,-13
222001583,12,96,-84
222001584,91,24,67
222001596,413,715,-302
222001597,1221,270,951
222001626,1,78,-77
222001650,58,86,-28
222001651,60,98,-38
222001914,172,66,106
222001915,50,180,-130
222001968,404,262,142
222001969,423,498,-75
222001970,145,168,-23
222001971,14,11,3
222001972,2,14,-12
225000001,330,142,188
225000002,412,145,267
225000003,384,65,319
225000004,225,156,69
225000005,41,35,6
225000006,0,106,-106
225000007,1088,866,222
225000010,208,2,206
225000011,280,636,-356
225000012,207,381,-174
225000013,58,74,-16
225000014,475,73,402
225000015,88,102,-14
225000021,529,132,397
225000027,167,321,-154
225000032,538,90,448
225000042,60,460,-400
225000049,52,46,6
225000050,62,6,56
225000053,6,225,-219
225000058,484,125,359
225000067,144,115,29
225000068,46,226,-180
225000069,115,398,-283
225000070,67,266,-199
225000071,19,93,-74
225000075,14,419,-405
225000076,69,93,-24
225000078,42,46,-4
225000085,53,109,-56
225000086,197,55,142
225000087,141,6,135
225000088,14,173,-159
225000089,173,742,-569
225000090,33,282,-249
225000091,150,111,39
225000092,30,59,-29
225000093,139,186,-47
225000094,9,200,-191
225000095,237,240,-3
225000096,224,383,-159
225000098,499,184,315
225000099,298,139,159
225000100,265,127,138
225000104,87,265,-178
225000110,19,258,-239
225000111,203,684,-481
225000112,202,751,-549
225000113,135,394,-259
225000114,50,164,-114
225000115,956,467,489
225000116,806,169,637
225000117,581,181,400
225000118,767,128,639
225000119,186,69,117
225000120,492,26,466
225000121,155,14,141
225000123,429,8,421
225000125,295,158,137
225000126,611,126,485
225000127,524,709,-185
225000128,404,462,-58
225000132,226,13,213
225000133,151,26,125
225000134,488,127,361
225000135,26,9,17
225000136,234,9,225
225000137,207,56,151
225000138,331,60,271
225000143,23,141,-118
225000144,0,238,-238
225000145,32,22,10
225000146,26,60,-34
225000147,35,152,-117
225000148,4,112,-108
225000149,49,267,-218
225000151,23,142,-119
225000155,251,280,-29
225000156,126,587,-461
225000157,173,269,-96
225000158,45,223,-178
225000171,2,125,-123
225000180,22,5,17
225000181,0,42,-42
225000182,60,2,58
225000185,8,289,-281
225000187,35,264,-229
225000191,49,2,47
225000194,0,7,-7
225000208,0,34,-34
225000209,87,11,76
225000210,4,164,-160
225000217,0,8,-8
225000218,17,1,16
225000223,0,44,-44
225000224,71,0,71
225000225,0,83,-83
225000226,23,0,23
225000227,35,75,-40
225000228,11,7,4
225000229,0,61,-61
225000230,12,0,12
225000231,0,57,-57
225000232,106,0,106
225000241,55,1,54
225000242,0,30,-30
225000249,7,0,7
225000250,23,530,-507
225000251,262,22,240
225000256,0,0,0
225000257,0,0,0
226000042,185,306,-121
226000043,59,195,-136
226000044,88,399,-311
226000045,52,254,-202
226000046,266,61,205
226000047,294,86,208
226000048,260,92,168
226000049,176,146,30
226000070,0,29,-29
226000071,0,25,-25
226000072,0,16,-16
226000073,0,9,-9
226000074,0,8,-8
226000084,0,33,-33
226000085,4,6,-2
226000086,0,14,-14
226000087,3,8,-5
226000088,26,18,8
226000090,151,67,84
226000091,17,37,-20
226000092,22,9,13
226000093,29,3,26
226000094,13,5,8
226000095,12,12,0
226000105,9,1,8
226000106,7,1,6
226000107,5,0,5
226000108,38,0,38
226000109,72,0,72
226000124,75,58,17
226000134,531,346,185
226000135,1046,435,611
226000136,385,230,155
226000137,3,228,-225
226000138,11,107,-96
226000139,2,7,-5
226000156,138,5,133
226000157,157,4,153
226000163,60,61,-1
226000202,11,186,-175
226000231,318,11,307
226000232,26,2,24
227000033,295,48,247
227000036,240,33,207
227000037,210,27,183
227000038,170,24,146
227000084,1,66,-65
227000085,0,38,-38
227000088,29,3,26
227000089,104,0,104
227000090,35,0,35
227000091,27,2,25
227000092,66,1,65
227000093,124,1,123
227000094,12,0,12
227000130,22,65,-43
227000131,6,126,-120
227000132,1,117,-116
227000133,3,116,-113
227000134,10,203,-193
227000152,0,7,-7
227000153,0,32,-32
227000154,0,19,-19
227000155,1,12,-11
227000156,2,6,-4
227000165,3,23,-20
227000196,296,161,135
227000199,236,319,-83
227000230,14,259,-245
227000232,358,26,332
227000242,53,341,-288
227000243,336,76,260
227000245,10,213,-203
227000246,76,356,-280
227000247,387,64,323
227000248,120,30,90
227000249,29,139,-110
227000250,404,142,262
227000251,78,149,-71
227000252,29,233,-204
227000253,109,19,90
227000262,268,39,229
227000266,972,21,951
227000267,25,952,-927
227000282,5,90,-85
227000284,313,16,297
227000286,3,46,-43
227000287,10,56,-46
227000291,13,360,-347
227000484,201,5,196
227000485,16,624,-608
227000655,160,4,156
227000656,437,28,409
227000657,82,6,76
227000661,235,30,205
227000680,106,39,67
229000265,8,48,-40
229000296,0,6,-6
229000297,3,15,-12
229000298,0,102,-102
229000320,18,6,12
229000321,12,1,11
229000412,4,43,-39
229000414,7,43,-36
229000415,26,0,26
229000416,0,4,-4
229000417,5,11,-6
229000419,95,242,-147
229000440,308,65,243
229000442,20,5,15
229000443,5,4,1
229000444,0,16,-16
229000445,45,1,44
229000446,54,9,45
229000491,0,7,-7
229000492,5,34,-29
229000493,4,21,-17
229000494,12,0,12
229000495,71,2,69
229000496,23,3,20
229000507,0,44,-44
229000508,0,18,-18
229000509,0,35,-35
229000510,1,17,-16
229000511,0,26,-26
229000512,0,11,-11
229000513,0,3,-3
229000514,0,0,0
229000517,4,3,1
229000518,17,29,-12
229000519,0,3,-3
229000520,12,5,7
229000521,36,4,32
229000522,3,2,1
229000523,3,3,0
229000524,2,7,-5
229000527,3,0,3
229000528,0,0,0
229000529,6,0,6
229000530,31,4,27
229000531,23,0,23
229000532,7,0,7
229000533,44,1,43
229000534,25,0,25
229000564,26,0,26
229000565,11,0,11
229000566,1,7,-6
229000567,1,22,-21
229000582,60,1,59
229000583,3,2,1
229000584,0,14,-14
229000585,3,25,-22
229000718,0,2,-2
229000719,0,0,0
229000720,1,3,-2
229000721,0,3,-3
229000722,0,13,-13
229000723,0,3,-3
229000724,0,1,-1
229000725,0,3,-3
229000738,1,0,1
229000739,0,0,0
229000740,0,0,0
229000741,8,0,8
229000742,4,0,4
229000743,9,0,9
229000744,2,0,2
229000745,2,0,2
229000746,4,0,4
229000847,40,0,40
229000848,19,0,19
229000849,62,2,60
229000851,26,1,25
229000854,0,8,-8
229000856,0,35,-35
229000857,0,7,-7
229000858,0,18,-18
229000919,17,56,-39
229000930,2,206,-204
229000937,72,12,60
229000966,47,25,22
229000981,14,11,3
229000985,5,24,-19
229000986,0,5,-5
229000987,0,0,0
229000988,2,4,-2
229000989,5,0,5
229000990,0,0,0
229000991,0,0,0
229000992,13,6,7
229000993,120,8,112
229000998,4,46,-42
229000999,55,11,44
229001034,0,7,-7
229001035,1,0,1
229001037,27,2,25
229001042,8,19,-11
229001047,6,34,-28
229001050,24,15,9
229001168,0,11,-11
229001200,20,0,20
229001338,9,23,-14
229001394,141,9,132
229001422,101,29,72
229001423,27,122,-95
229001431,46,33,13
229001432,37,63,-26
229001444,127,37,90
229001445,32,97,-65
229001479,10,0,10
229001503,152,81,71
229001504,101,108,-7
229001505,98,21,77
229001506,63,86,-23
229001509,35,17,18
229001545,63,3,60
229001546,13,78,-65
229001553,70,16,54
229001554,43,55,-12
229001559,3,12,-9
229001560,6,20,-14
229001630,34,3,31
229001631,5,17,-12
229001635,1,15,-14
229001636,3,1,2
229001658,5,110,-105
229001659,42,0,42
229001660,12,1,11
229001661,10,9,1
229001662,22,2,20
229001663,1,10,-9
229002584,140,106,34
229002831,119,85,34
229002841,11,6,5
229002842,12,17,-5
229002843,55,19,36
229002844,21,40,-19
229002845,20,55,-35
229002846,18,17,1
229002847,0,4,-4
229002848,13,12,1
229002849,2,41,-39
229002850,13,1,12
229002851,17,91,-74
229002852,137,22,115
229002853,108,17,91
229002854,23,27,-4
229002855,5,16,-11
229002856,26,13,13
229002857,6,55,-49
229002858,8,12,-4
229002859,21,38,-17
229002860,131,9,122
229002861,35,14,21
229002862,27,15,12
229002863,17,15,2
229002864,23,29,-6
229002865,12,5,7
229002866,22,8,14
229002867,9,10,-1
229002868,8,5,3
229002869,21,91,-70
229002870,35,11,24
235000066,312,26,286
235000067,120,104,16
235000072,16,67,-51
235000073,58,257,-199
235000074,26,62,-36
235000080,11,69,-58
235000081,91,97,-6
235000082,92,39,53
235000083,142,61,81
235000084,30,37,-7
235000085,82,62,20
235000089,47,19,28
235000092,32,82,-50
235000093,18,7,11
235000097,4,6,-2
235000098,93,8,85
235000099,53,17,36
235000116,52,25,27
235000117,483,14,469
235000133,5,335,-330
235000134,5,125,-120
235000206,15,6,9
235000207,4,3,1
235000208,2,5,-3
235000209,26,1,25
235000210,6,1,5
235000212,9,18,-9
235000213,0,8,-8
235000220,2,4,-2
235000221,97,19,78
235000238,10,98,-88
235000239,1,30,-29
235000242,298,423,-125
235000245,482,146,336
235000246,22,55,-33
235000284,41,69,-28
235000295,139,10,129
235000305,218,11,207
235000306,174,9,165
235000307,8,1,7
235000308,14,2,12
235000309,49,2,47
235000310,10,0,10
235000311,63,19,44
235000322,0,22,-22
235000323,0,28,-28
235000324,1,19,-18
235000325,0,10,-10
235000326,5,147,-142
235000351,5,29,-24
235000352,16,23,-7
235000353,3,11,-8
235000354,4,32,-28
235000355,6,37,-31
235000356,51,5,46
235000357,23,20,3
235000358,133,5,128
235000359,13,8,5
235000360,35,15,20
235000361,46,18,28
235000381,90,138,-48
235000382,153,32,121
235000390,23,3,20
235000391,111,14,97
235000392,108,262,-154
235000393,94,123,-29
235000395,122,52,70
235000396,455,48,407
235000400,70,40,30
235000401,14,106,-92
235000405,67,249,-182
235000406,39,215,-176
235000407,67,106,-39
235000409,147,98,49
235000410,45,216,-171
235000411,1,66,-65
235000485,0,6,-6
235000486,6,0,6
235000549,48,86,-38
235000550,76,136,-60
235000599,116,61,55
235000600,4,22,-18
235000601,39,30,9
235000602,80,86,-6
235000614,1,6,-5
235000648,0,25,-25
235000649,25,4,21
235000685,2,3,-1
235000815,13,17,-4
235000834,0,6,-6
235000855,33,62,-29
235000862,27,103,-76
235000891,0,10,-10
235000892,15,6,9
235000901,56,69,-13
235000907,4,10,-6
235001010,108,55,53
235001029,493,368,125
235001030,353,247,106
235001078,67,85,-18
235001079,36,60,-24
235001147,2,29,-27
235001166,11,63,-52
235001167,37,49,-12
235001169,12,198,-186
235001188,0,6,-6
235001189,2,0,2
235001197,6,15,-9
235001200,38,28,10
235001207,131,30,101
235001210,19,61,-42
235001215,30,72,-42
235001239,5,32,-27
235001244,0,7,-7
235016267,0,32,-32
277101746,0,0,0
277102712,1,0,1
277103813,0,0,0
277103898,0,1,-1
277104249,0,0,0
277104250,0,9,-9
277104251,0,6,-6
277104252,0,0,0
990011530,0,149,-149
990014944,2,315,-313
990015176,40,10,30
990015618,0,82,-82
990016032,0,257,-257
990032570,0,39,-39
990070001,28,2,26
990070103,0,2,-2
990070601,2,23,-21
990070751,637,2,635
990070766,0,318,-318
990071180,363,156,207
990071343,11,1,10
990071387,0,11,-11
990071823,408,7,401
990072600,4,702,-698
990072964,1,202,-201
990073285,0,3,-3
990074393,2,504,-502
990074870,1327,13,1314
990075106,1264,3,1261
990075746,508,9,499
990076437,1077,0,1077
990076458,2,474,-472
997000007,505,56,449
997000041,0,230,-230
997000058,41,0,41
997000062,31,0,31
997000069,0,2,-2
997000070,0,23,-23
997000100,23,0,23
997000141,3,468,-465
997000198,182,907,-725
998000475,0,32,-32
998000736,0,148,-148
998000965,0,13,-13
998001031,0,64,-64
998001700,0,4,-4
998001899,0,3,-3
998001900,30,35,-5
998003073,662,0,662
998101900,0,0,0
998102850,4,162,-158
998501927,885,478,407
998501929,119,16,103
998501930,44,0,44
998501931,136,13,123
998501932,3,0,3
998501933,37,5,32
998501937,18,2,16
998501944,5,1,4
998501950,0,77,-77
998501970,37,1,36
998501971,0,70,-70
998501973,0,27,-27
998501974,0,226,-226
998501975,91,1,90
998501976,106,0,106
998501977,0,11,-11
998501978,18,0,18
998501979,0,5,-5
998501980,24,0,24
998501981,32,1,31
998501982,1,57,-56
998501983,0,25,-25
998502006,0,0,0
998502024,0,7,-7
998502032,0,6,-6
998502062,7,1,6
998502063,0,0,0
998502173,39,0,39
998502269,0,2,-2
998502546,0,106,-106
998502578,5,0,5
998502599,62,172,-110
998601159,0,91,-91
998601292,0,10,-10
999033574,0,325,-325
999800001,88,24,64
999800002,0,3,-3
999800003,1,3,-2
999800004,0,2,-2
999800005,0,1,-1
