dong,insum,outsum,diff
강남구 개포1동,1440,1402,38
강남구 개포2동,21682,19750,1932
강남구 개포4동,13248,9149,4099
강남구 논현1동,33307,31059,2248
강남구 논현2동,23663,22169,1494
강남구 대치1동,24817,29707,-4890
강남구 대치2동,35090,33253,1837
강남구 대치4동,29620,28367,1253
강남구 도곡1동,22623,18951,3672
강남구 도곡2동,8184,8996,-812
강남구 삼성1동,39193,30259,8934
강남구 삼성2동,19282,14952,4330
강남구 세곡동,31027,29067,1960
강남구 수서동,23660,19299,4361
강남구 신사동,29701,25291,4410
강남구 압구정동,47255,36107,11148
강남구 역삼1동,78154,57868,20286
강남구 역삼2동,28218,21676,6542
강남구 일원1동,12954,9832,3122
강남구 일원2동,4536,3817,719
강남구 일원본동,15235,10889,4346
강남구 청담동,33203,26666,6537
강동구 강일동,15670,16849,-1179
강동구 고덕제1동,8211,8336,-125
강동구 고덕제2동,14211,11989,2222
강동구 길동,13816,14334,-518
강동구 둔촌제1동,694,353,341
강동구 둔촌제2동,12013,10443,1570
강동구 명일제1동,17460,17327,133
강동구 명일제2동,16437,12216,4221
강동구 상일동,23550,16540,7010
강동구 성내제1동,10676,8779,1897
강동구 성내제2동,9029,11113,-2084
강동구 성내제3동,11844,12736,-892
강동구 암사제1동,9843,11623,-1780
강동구 암사제2동,3250,4998,-1748
강동구 암사제3동,1979,1213,766
강동구 천호제1동,5523,8477,-2954
강동구 천호제2동,21427,23054,-1627
강동구 천호제3동,8046,9648,-1602
강북구 미아동,24021,20135,3886
강북구 번1동,40861,40744,117
강북구 번2동,10713,13512,-2799
강북구 번3동,18389,21354,-2965
강북구 삼각산동,7546,10617,-3071
강북구 삼양동,17224,20375,-3151
강북구 송중동,74875,67864,7011
강북구 송천동,29185,32130,-2945
강북구 수유1동,21338,19020,2318
강북구 수유2동,11831,15229,-3398
강북구 수유3동,36561,40782,-4221
강북구 우이동,19089,15097,3992
강북구 월곡제1동,3277,2308,969
강북구 인수동,15332,18766,-3434
강서구 가양제1동,20577,14409,6168
강서구 가양제2동,5134,3658,1476
강서구 가양제3동,4617,3745,872
강서구 공항동,12191,13415,-1224
강서구 등촌제1동,21566,21436,130
강서구 등촌제2동,10605,10321,284
강서구 등촌제3동,25614,25168,446
강서구 발산제1동,34447,27676,6771
강서구 방화제1동,12749,15165,-2416
강서구 방화제2동,9758,9301,457
강서구 방화제3동,2608,1999,609
강서구 염창동,10950,14786,-3836
강서구 우장산동,18988,21889,-2901
강서구 화곡본동,9808,11125,-1317
강서구 화곡제1동,32893,39705,-6812
강서구 화곡제2동,6755,8953,-2198
강서구 화곡제3동,12314,12614,-300
강서구 화곡제4동,9437,10284,-847
강서구 화곡제6동,23761,19025,4736
강서구 화곡제8동,15670,14466,1204
관악구 낙성대동,27484,46114,-18630
관악구 난곡동,14729,17363,-2634
관악구 난향동,9482,11329,-1847
관악구 남현동,11345,14611,-3266
관악구 대학동,43367,21660,21707
관악구 미성동,27159,28043,-884
관악구 보라매동,20504,19085,1419
관악구 삼성동,28614,28353,261
관악구 서림동,20833,17239,3594
관악구 서원동,41343,45058,-3715
관악구 성현동,14277,18944,-4667
관악구 신림동,44685,39653,5032
관악구 신사동,11019,14693,-3674
관악구 신원동,5553,5754,-201
관악구 은천동,23966,25148,-1182
관악구 인헌동,10788,11306,-518
관악구 조원동,27448,31113,-3665
관악구 중앙동,8538,7069,1469
관악구 청룡동,30120,20554,9566
관악구 청림동,4250,5998,-1748
관악구 행운동,39257,36109,3148
광진구 광장동,7537,6515,1022
광진구 구의제1동,15420,12018,3402
광진구 구의제2동,13240,16360,-3120
광진구 구의제3동,11594,11566,28
광진구 군자동,14292,16079,-1787
광진구 능동,10294,12838,-2544
광진구 자양제1동,4184,3826,358
광진구 자양제2동,18871,20072,-1201
광진구 자양제3동,6591,6194,397
광진구 자양제4동,18945,19058,-113
광진구 중곡제1동,6373,6300,73
광진구 중곡제2동,10700,11838,-1138
광진구 중곡제3동,9613,8162,1451
광진구 중곡제4동,7380,9007,-1627
광진구 화양동,16471,17241,-770
구로구 가리봉동,10900,10310,590
구로구 개봉제1동,32747,34758,-2011
구로구 개봉제2동,20591,20924,-333
구로구 개봉제3동,7195,9451,-2256
구로구 고척제1동,23629,22267,1362
구로구 고척제2동,17976,19598,-1622
구로구 구로제1동,10144,9316,828
구로구 구로제2동,35273,32185,3088
구로구 구로제3동,49086,32781,16305
구로구 구로제4동,22354,18484,3870
구로구 구로제5동,26317,23605,2712
구로구 수궁동,36954,27088,9866
구로구 신도림동,31638,30430,1208
구로구 오류제1동,13371,15874,-2503
구로구 오류제2동,13194,15051,-1857
구로구 항동,4269,5070,-801
금천구 가산동,50304,35798,14506
금천구 독산제1동,36998,43430,-6432
금천구 독산제2동,14773,17880,-3107
금천구 독산제3동,21127,21966,-839
금천구 독산제4동,12406,10195,2211
금천구 미성동,239,336,-97
금천구 시흥제1동,34566,44282,-9716
금천구 시흥제2동,15040,16426,-1386
금천구 시흥제3동,10848,10088,760
금천구 시흥제4동,8356,7445,911
금천구 시흥제5동,22981,16819,6162
노원구 공릉1동,17857,21580,-3723
노원구 공릉2동,27094,24058,3036
노원구 상계10동,13502,7808,5694
노원구 상계1동,16891,15820,1071
노원구 상계2동,17734,22914,-5180
노원구 상계3.4동,4126,5407,-1281
노원구 상계5동,12335,12216,119
노원구 상계6.7동,26603,22213,4390
노원구 상계8동,6285,5759,526
노원구 상계9동,7684,8104,-420
노원구 월계1동,39829,32982,6847
노원구 월계2동,16434,13960,2474
노원구 월계3동,14093,14549,-456
노원구 중계1동,12496,14887,-2391
노원구 중계2.3동,20118,17128,2990
노원구 중계4동,9328,9950,-622
노원구 중계본동,14183,13982,201
노원구 하계1동,26395,18147,8248
노원구 하계2동,13405,14043,-638
도봉구 도봉제1동,17693,11900,5793
도봉구 도봉제2동,14694,15522,-828
도봉구 방학제1동,18129,21689,-3560
도봉구 방학제2동,7425,11439,-4014
도봉구 방학제3동,12556,11775,781
도봉구 쌍문제1동,13093,15346,-2253
도봉구 쌍문제2동,13225,16035,-2810
도봉구 쌍문제3동,12818,13781,-963
도봉구 쌍문제4동,14468,11018,3450
도봉구 창제1동,27824,20284,7540
도봉구 창제2동,8689,13865,-5176
도봉구 창제3동,10370,13123,-2753
도봉구 창제4동,25880,24119,1761
도봉구 창제5동,17071,19241,-2170
동대문구 답십리제1동,15157,19667,-4510
동대문구 답십리제2동,17000,18147,-1147
동대문구 면목제5동,715,84,631
동대문구 용신동,67050,56980,10070
동대문구 이문제1동,13358,13365,-7
동대문구 이문제2동,5472,6240,-768
동대문구 장안제1동,27863,27540,323
동대문구 장안제2동,22830,24437,-1607
동대문구 전농제1동,23507,28311,-4804
동대문구 전농제2동,20439,15703,4736
동대문구 제기동,46586,35856,10730
동대문구 청량리동,46976,40082,6894
동대문구 회기동,17254,10137,7117
동대문구 휘경제1동,23988,24661,-673
동대문구 휘경제2동,19224,17266,1958
동작구 노량진제1동,45069,48039,-2970
동작구 노량진제2동,24353,18857,5496
동작구 대방동,46344,43745,2599
동작구 사당제1동,14667,17433,-2766
동작구 사당제2동,30241,24524,5717
동작구 사당제3동,7834,10606,-2772
동작구 사당제4동,1896,2231,-335
동작구 사당제5동,10444,9406,1038
동작구 상도제1동,47268,48397,-1129
동작구 상도제2동,20506,24509,-4003
동작구 상도제3동,15828,17722,-1894
동작구 상도제4동,12776,15698,-2922
동작구 신대방제1동,8749,8210,539
동작구 신대방제2동,26926,23056,3870
동작구 흑석동,33947,29137,4810
마포구 공덕동,15447,17875,-2428
마포구 대흥동,25060,21867,3193
마포구 도화동,9037,9632,-595
마포구 망원제1동,11476,11725,-249
마포구 망원제2동,7057,7577,-520
마포구 상암동,48843,39472,9371
마포구 서강동,9962,11557,-1595
마포구 서교동,90713,94086,-3373
마포구 성산제1동,16281,13338,2943
마포구 성산제2동,23985,26194,-2209
마포구 신수동,4938,5822,-884
마포구 아현동,24141,21693,2448
마포구 연남동,11477,10426,1051
마포구 염리동,6638,5101,1537
마포구 용강동,14761,14947,-186
마포구 합정동,14060,18791,-4731
서대문구 남가좌제1동,13949,12804,1145
서대문구 남가좌제2동,21184,21683,-499
서대문구 북가좌제1동,5514,9665,-4151
서대문구 북가좌제2동,17337,21647,-4310
서대문구 북아현동,15592,16801,-1209
서대문구 신촌동,94891,66835,28056
서대문구 연희동,56996,58731,-1735
서대문구 천연동,28221,26184,2037
서대문구 충현동,34112,32050,2062
서대문구 홍은제1동,18064,21289,-3225
서대문구 홍은제2동,32629,31386,1243
서대문구 홍제제1동,30140,28391,1749
서대문구 홍제제2동,15396,22036,-6640
서대문구 홍제제3동,17839,17769,70
서초구 내곡동,21798,12039,9759
서초구 반포1동,23174,20476,2698
서초구 반포2동,11630,8750,2880
서초구 반포3동,29965,25577,4388
서초구 반포4동,32364,33028,-664
서초구 반포본동,20027,13764,6263
서초구 방배1동,17970,18141,-171
서초구 방배2동,17490,18904,-1414
서초구 방배3동,16153,13513,2640
서초구 방배4동,20494,19489,1005
서초구 방배본동,13107,12392,715
서초구 서초1동,17475,16871,604
서초구 서초2동,33027,31667,1360
서초구 서초3동,44313,35730,8583
서초구 서초4동,28774,32449,-3675
서초구 양재1동,58817,56938,1879
서초구 양재2동,31054,23506,7548
서초구 잠원동,19315,25380,-6065
성동구 금호1가동,7873,9900,-2027
성동구 금호2.3가동,15481,16694,-1213
성동구 금호4가동,7753,9121,-1368
성동구 마장동,11800,11998,-198
성동구 사근동,10628,6320,4308
성동구 성수1가제1동,10078,8022,2056
성동구 성수1가제2동,6797,6347,450
성동구 성수2가제1동,7058,6525,533
성동구 성수2가제3동,7778,6823,955
성동구 송정동,4699,3886,813
성동구 옥수동,16535,16630,-95
성동구 왕십리도선동,14245,12161,2084
성동구 왕십리제2동,9290,14001,-4711
성동구 용답동,10326,10361,-35
성동구 응봉동,6451,8865,-2414
성동구 행당제1동,19714,18202,1512
성동구 행당제2동,12895,13409,-514
성북구 길음제1동,25223,29284,-4061
성북구 길음제2동,19603,23334,-3731
성북구 돈암제1동,25868,22820,3048
성북구 돈암제2동,7384,9251,-1867
성북구 동선동,32925,35913,-2988
성북구 보문동,10528,11482,-954
성북구 삼선동,48559,47561,998
성북구 석관동,11986,15143,-3157
성북구 성북동,30370,28081,2289
성북구 안암동,21491,13573,7918
성북구 월곡제1동,21982,22960,-978
성북구 월곡제2동,12502,10826,1676
성북구 장위제1동,11628,17396,-5768
성북구 장위제2동,12172,12396,-224
성북구 장위제3동,8273,8389,-116
성북구 정릉제1동,15165,19205,-4040
성북구 정릉제2동,19250,25516,-6266
성북구 정릉제3동,15388,8277,7111
성북구 정릉제4동,20626,21074,-448
성북구 종암동,32195,34453,-2258
송파구 가락1동,4819,5131,-312
송파구 가락2동,18431,19443,-1012
송파구 가락본동,19171,18454,717
송파구 거여1동,5274,5813,-539
송파구 거여2동,1715,1549,166
송파구 마천1동,6214,5526,688
송파구 마천2동,11662,14232,-2570
송파구 문정1동,5989,7622,-1633
송파구 문정2동,23117,24455,-1338
송파구 방이1동,9194,8313,881
송파구 방이2동,13995,15935,-1940
송파구 삼전동,15401,15321,80
송파구 석촌동,22942,24249,-1307
송파구 송파1동,13899,16688,-2789
송파구 송파2동,8321,6211,2110
송파구 오금동,18154,19103,-949
송파구 오륜동,9636,8689,947
송파구 위례동,12647,13697,-1050
송파구 잠실2동,5455,8279,-2824
송파구 잠실3동,43993,35638,8355
송파구 잠실4동,1064,1434,-370
송파구 잠실6동,18374,18006,368
송파구 잠실7동,10055,5344,4711
송파구 잠실본동,24575,23081,1494
송파구 장지동,13809,10299,3510
송파구 풍납1동,5873,5223,650
송파구 풍납2동,17146,10581,6565
양천구 목1동,44610,36422,8188
양천구 목2동,23332,25644,-2312
양천구 목3동,25014,22452,2562
양천구 목4동,17056,18134,-1078
양천구 목5동,29342,25181,4161
양천구 신월1동,5615,4367,1248
양천구 신월2동,7431,11462,-4031
양천구 신월3동,10231,7599,2632
양천구 신월4동,7728,11925,-4197
양천구 신월5동,10738,9735,1003
양천구 신월6동,6577,5727,850
양천구 신월7동,11440,18513,-7073
양천구 신정1동,11495,14214,-2719
양천구 신정2동,6153,6307,-154
양천구 신정3동,39508,32813,6695
양천구 신정4동,32915,27345,5570
양천구 신정6동,6827,7187,-360
양천구 신정7동,9773,11725,-1952
영등포구 당산제1동,14157,12632,1525
영등포구 당산제2동,28188,25726,2462
영등포구 대림제1동,11554,10823,731
영등포구 대림제2동,6211,6387,-176
영등포구 대림제3동,13131,12806,325
영등포구 도림동,7896,11217,-3321
영등포구 문래동,20974,21248,-274
영등포구 신길제1동,9601,9101,500
영등포구 신길제3동,11958,13633,-1675
영등포구 신길제4동,3703,4552,-849
영등포구 신길제5동,9463,9803,-340
영등포구 신길제6동,12020,14076,-2056
영등포구 신길제7동,12014,12867,-853
영등포구 양평제1동,10717,8841,1876
영등포구 양평제2동,17054,13463,3591
영등포구 여의동,83073,53418,29655
영등포구 영등포동,67006,60407,6599
영등포구 영등포본동,21640,18934,2706
용산구 남영동,36056,33799,2257
용산구 보광동,9464,8219,1245
용산구 서빙고동,11662,11509,153
용산구 용문동,5235,5500,-265
용산구 용산2가동,14080,16287,-2207
용산구 원효로제1동,12975,13581,-606
용산구 원효로제2동,9863,8771,1092
용산구 이촌제1동,13497,12995,502
용산구 이촌제2동,3567,3654,-87
용산구 이태원제1동,14400,15104,-704
용산구 이태원제2동,8307,7906,401
용산구 청파동,17011,15329,1682
용산구 필동,2707,686,2021
용산구 한강로동,45188,40788,4400
용산구 한남동,50039,42444,7595
용산구 효창동,7024,8452,-1428
용산구 후암동,12999,11244,1755
은평구 갈현제1동,9888,13055,-3167
은평구 갈현제2동,20309,17859,2450
은평구 구산동,17783,10683,7100
은평구 녹번동,27898,26804,1094
은평구 대조동,38317,41618,-3301
은평구 불광제1동,28838,28647,191
은평구 불광제2동,20849,26078,-5229
은평구 수색동,10412,11151,-739
은평구 신사제1동,16473,22720,-6247
은평구 신사제2동,19363,18259,1104
은평구 역촌동,22460,22270,190
은평구 응암제1동,23015,31851,-8836
은평구 응암제2동,9559,10005,-446
은평구 응암제3동,16802,18983,-2181
은평구 증산동,18421,18747,-326
은평구 진관동,46725,40995,5730
종로구 가회동,3545,4299,-754
종로구 교남동,9403,6888,2515
종로구 무악동,5979,5640,339
종로구 부암동,21075,14940,6135
종로구 사직동,52624,44519,8105
종로구 삼청동,9028,5927,3101
종로구 숭인제1동,1150,2246,-1096
종로구 숭인제2동,16994,13080,3914
종로구 이화동,22254,18760,3494
종로구 종로1.2.3.4가동,140856,98692,42164
종로구 종로5.6가동,31612,17976,13636
종로구 창신제1동,19251,12442,6809
종로구 창신제2동,5867,6578,-711
종로구 창신제3동,4979,4473,506
종로구 청운효자동,16872,11323,5549
종로구 충현동,3867,1610,2257
종로구 평창동,19906,16047,3859
종로구 혜화동,30250,29279,971
중구 광희동,26199,18307,7892
중구 다산동,6213,7788,-1575
중구 동화동,1614,2084,-470
중구 명동,35838,30502,5336
중구 소공동,70231,38209,32022
중구 신당동,8582,6085,2497
중구 신당제5동,13237,9549,3688
중구 약수동,5767,5730,37
중구 을지로동,8664,7521,1143
중구 장충동,6713,4887,1826
중구 중림동,9937,7476,2461
중구 청구동,5853,4922,931
중구 필동,5636,5126,510
중구 황학동,7617,7131,486
중구 회현동,54068,43269,10799
중랑구 망우본동,30598,24850,5748
중랑구 망우제3동,8683,7909,774
중랑구 면목본동,25106,26460,-1354
중랑구 면목제2동,7221,9109,-1888
중랑구 면목제3.8동,20541,20509,32
중랑구 면목제4동,8446,9777,-1331
중랑구 면목제5동,6962,7848,-886
중랑구 면목제7동,5515,8351,-2836
중랑구 묵제1동,12878,15279,-2401
중랑구 묵제2동,4425,4209,216
중랑구 상봉제1동,12291,12905,-614
중랑구 상봉제2동,24432,25958,-1526
중랑구 신내1동,20120,25322,-5202
중랑구 신내2동,18939,16908,2031
중랑구 중화제1동,7074,10161,-3087
중랑구 중화제2동,15971,17727,-1756
NA,461176,460646,530
