ID,insum,outsum,diff
100000001,579,760,-181
100000002,4938,997,3941
100000003,5886,3070,2816
100000004,1649,1201,448
100000005,2121,4023,-1902
100000006,894,105,789
100000007,3151,624,2527
100000008,213,433,-220
100000009,675,259,416
100000010,49,97,-48
100000011,684,105,579
100000012,100,720,-620
100000013,27,161,-134
100000014,331,279,52
100000015,2139,2123,16
100000016,1100,1427,-327
100000017,829,870,-41
100000018,1742,540,1202
100000019,4353,2093,2260
100000020,2025,5840,-3815
100000021,5054,2466,2588
100000022,2194,1342,852
100000023,5629,1411,4218
100000025,2726,796,1930
100000028,2675,918,1757
100000029,329,218,111
100000030,387,54,333
100000031,6002,6903,-901
100000032,2717,4792,-2075
100000033,1512,2966,-1454
100000034,727,435,292
100000035,2356,1189,1167
100000036,2460,1315,1145
100000037,469,467,2
100000038,1931,985,946
100000039,661,205,456
100000040,203,162,41
100000041,1056,424,632
100000042,989,453,536
100000043,810,425,385
100000044,357,735,-378
100000045,586,1007,-421
100000046,730,1050,-320
100000047,326,653,-327
100000048,504,513,-9
100000049,1804,2089,-285
100000051,530,987,-457
100000053,101,3,98
100000054,428,34,394
100000055,1056,247,809
100000056,502,521,-19
100000057,1845,751,1094
100000058,918,1166,-248
100000059,43,78,-35
100000060,426,310,116
100000061,2437,562,1875
100000062,2316,681,1635
100000063,863,279,584
100000064,2000,513,1487
100000065,660,938,-278
100000066,368,750,-382
100000067,580,766,-186
100000068,512,1550,-1038
100000069,511,1535,-1024
100000072,423,1108,-685
100000073,1354,1268,86
100000075,862,356,506
100000076,4945,2600,2345
100000077,517,159,358
100000078,118,59,59
100000079,63,77,-14
100000080,23,52,-29
100000081,123,118,5
100000102,4262,1691,2571
100000103,5974,935,5039
100000104,4929,2382,2547
100000105,3962,1182,2780
100000106,2974,1939,1035
100000107,761,748,13
100000108,1114,1059,55
100000109,4228,1232,2996
100000116,1708,952,756
100000117,99,77,22
100000118,2217,652,1565
100000119,1041,708,333
100000121,257,491,-234
100000122,2078,875,1203
100000123,4028,5127,-1099
100000124,6256,7618,-1362
100000125,3320,1225,2095
100000126,1235,409,826
100000127,3492,655,2837
100000128,2036,1246,790
100000129,696,684,12
100000130,315,586,-271
100000131,2759,3099,-340
100000132,1358,2593,-1235
100000133,6240,2944,3296
100000135,552,971,-419
100000139,426,215,211
100000140,376,218,158
100000142,412,607,-195
100000143,1733,751,982
100000144,4243,1041,3202
100000147,1181,2774,-1593
100000150,55,399,-344
100000151,874,780,94
100000153,497,397,100
100000154,312,92,220
100000155,30,58,-28
100000156,335,141,194
100000157,66,55,11
100000158,242,67,175
100000159,835,657,178
100000165,1409,793,616
100000169,667,382,285
100000174,1368,471,897
100000179,157,624,-467
100000180,1911,804,1107
100000181,491,287,204
100000188,74,261,-187
100000189,774,331,443
100000190,1042,627,415
100000191,684,431,253
100000192,97,160,-63
100000193,198,206,-8
100000330,1928,813,1115
100000355,333,513,-180
100000362,5931,3777,2154
100000363,3621,4977,-1356
100000364,289,168,121
100000365,4318,4419,-101
100000366,6199,2844,3355
100000367,4475,4254,221
100000368,3005,1710,1295
100000369,1245,1727,-482
100000370,306,746,-440
100000376,200,128,72
100000379,5314,1505,3809
100000380,9292,2707,6585
100000384,6693,4311,2382
100000385,5412,3759,1653
100000386,9655,5354,4301
100000387,7606,4590,3016
100000388,9392,5859,3533
100000389,8935,6081,2854
100000390,9604,4993,4611
100000391,6758,6578,180
100000392,5149,2513,2636
100000393,2723,3060,-337
100000394,10144,5650,4494
100000395,4937,2556,2381
100000396,9186,2627,6559
100000397,6044,3372,2672
100000398,11729,7861,3868
100000413,55,27,28
100900002,5,45,-40
100900003,425,202,223
100900004,33,643,-610
100900005,144,20,124
100900006,23,175,-152
100900007,393,12,381
100900008,4,403,-399
100900009,59,99,-40
100900010,56,83,-27
100900011,260,311,-51
100900012,2,266,-264
100900013,761,13,748
100900014,4,16,-12
100900015,104,96,8
100900016,2,40,-38
100900017,790,61,729
100900018,2,27,-25
100900019,20,94,-74
100900020,630,16,614
100900021,462,0,462
100900022,14,37,-23
100900023,9,50,-41
100900024,914,9,905
100900025,9,11,-2
100900026,136,131,5
100900027,523,3321,-2798
100900028,179,186,-7
100900029,108,9,99
100900030,14,26,-12
100900031,681,40,641
100900032,335,1,334
100900033,232,185,47
100900034,630,5,625
100900035,1076,3,1073
100900036,34,1,33
100900037,124,277,-153
100900038,436,20,416
100900039,252,601,-349
100900040,392,760,-368
100900041,545,746,-201
100900042,1353,279,1074
100900043,0,12,-12
100900044,2825,693,2132
100900045,91,1,90
100900046,1485,17,1468
100900047,822,170,652
100900048,169,59,110
100900049,86,185,-99
100900050,4,28,-24
100900051,23,25,-2
100900052,329,47,282
100900053,292,29,263
100900054,36,85,-49
100900055,312,777,-465
100900056,152,277,-125
100900057,516,1599,-1083
100900058,405,45,360
100900059,120,3,117
100900060,171,7,164
100900061,454,330,124
100900062,1,48,-47
100900063,175,708,-533
100900064,859,31,828
100900065,159,111,48
100900066,81,194,-113
100900067,1,18,-17
100900068,184,103,81
100900069,1539,5,1534
100900070,273,5,268
100900071,713,338,375
100900072,3,39,-36
100900073,99,501,-402
100900074,3,7,-4
100900075,1892,431,1461
100900076,20,52,-32
100900077,28,110,-82
100900078,174,435,-261
100900079,8,31,-23
100900080,31,171,-140
100900081,154,208,-54
100900082,130,715,-585
100900083,20,38,-18
100900085,14,76,-62
100900086,319,1544,-1225
100900088,125,687,-562
100900089,6,45,-39
100900090,178,455,-277
100900091,7,41,-34
100900092,317,264,53
100900093,189,314,-125
100900094,97,548,-451
100900095,2,60,-58
100900096,40,92,-52
100900097,1,18,-17
100900098,15,22,-7
100900099,47,609,-562
100900100,16,331,-315
100900101,407,81,326
100900102,65,99,-34
100900103,14,14,0
100900104,12,196,-184
100900105,4,272,-268
100900106,44,8,36
100900107,1926,762,1164
100900108,8,12,-4
100900109,45,44,1
100900110,3,18,-15
100900111,66,176,-110
100900112,1,13,-12
100900113,16,19,-3
100900114,22,18,4
100900115,2,47,-45
100900116,677,1172,-495
100900117,286,701,-415
100900118,37,35,2
100900119,26,34,-8
100900120,4,25,-21
100900121,239,777,-538
100900122,157,219,-62
100900123,152,203,-51
100900124,11,7,4
100900125,12,109,-97
100900126,130,246,-116
100900127,6,18,-12
100900128,107,222,-115
100900129,0,86,-86
100900131,99,251,-152
100900133,105,39,66
100900134,5,13,-8
100900135,0,105,-105
100900137,412,179,233
100900138,533,411,122
100900139,31,14,17
100900140,6,702,-696
100900141,2,317,-315
100900142,0,16,-16
100900143,856,426,430
100900144,10,9,1
100900145,106,141,-35
100900146,6,53,-47
100900147,10,242,-232
100900148,35,915,-880
100900149,25,163,-138
100900150,2,43,-41
100900151,132,500,-368
100900152,51,23,28
100900153,2,175,-173
100900154,17,26,-9
100900155,14,11,3
100900156,19,2,17
100900157,9,142,-133
100900159,11,24,-13
100900160,27,9,18
100900161,78,7,71
100900162,13,221,-208
100900163,203,226,-23
100900164,36,41,-5
100900165,21,101,-80
100900166,34,8,26
100900167,20,85,-65
100900168,30,129,-99
100900169,188,993,-805
100900170,40,10,30
100900171,23,583,-560
100900172,0,2,-2
100900173,7,528,-521
100900174,841,53,788
100900176,1328,184,1144
100900177,806,315,491
100900178,475,110,365
100900179,122,120,2
100900180,2,3,-1
100900181,94,54,40
100900182,12,22,-10
100900184,11,165,-154
100900186,833,586,247
100900187,6,124,-118
100900188,27,19,8
100900189,825,203,622
100900191,1404,1173,231
100900192,439,252,187
100900195,251,145,106
100900197,12,44,-32
100900198,18,241,-223
100900199,6,7,-1
100900200,639,454,185
100900201,58,654,-596
100900202,63,0,63
100900203,0,76,-76
100900204,509,174,335
100900205,173,471,-298
100900206,124,71,53
100900207,243,140,103
100900210,79,612,-533
100900211,376,210,166
100900213,48,36,12
100900214,803,183,620
100900215,31,58,-27
100900217,199,100,99
101000001,4778,2913,1865
101000002,4615,4308,307
101000003,919,1887,-968
101000004,11712,12734,-1022
101000006,9606,8313,1293
101000007,2259,3188,-929
101000008,5427,3044,2383
101000009,2414,1732,682
101000010,1033,1498,-465
101000011,2219,692,1527
101000012,2049,872,1177
101000013,717,1008,-291
101000014,648,752,-104
101000015,1151,877,274
101000016,651,443,208
101000017,767,522,245
101000018,5306,2667,2639
101000020,4806,1117,3689
101000021,1983,404,1579
101000022,244,36,208
101000023,2390,808,1582
101000025,294,461,-167
101000026,625,17,608
101000027,2580,1947,633
101000028,1357,272,1085
101000029,147,927,-780
101000030,1549,63,1486
101000031,575,234,341
101000032,9515,2783,6732
101000033,3636,2641,995
101000034,4129,1534,2595
101000035,1186,399,787
101000036,2374,852,1522
101000037,4913,1640,3273
101000039,3480,2088,1392
101000040,4543,3362,1181
101000041,11853,6024,5829
101000042,926,941,-15
101000043,8734,5075,3659
101000045,1772,732,1040
101000046,4031,759,3272
101000047,2176,1373,803
101000048,807,728,79
101000049,916,1268,-352
101000050,1760,1127,633
101000051,2228,1756,472
101000052,2210,623,1587
101000053,1041,1638,-597
101000054,1398,993,405
101000055,1534,1538,-4
101000056,68,127,-59
101000057,2726,948,1778
101000058,2022,1124,898
101000059,4600,1746,2854
101000060,2033,558,1475
101000061,1109,1531,-422
101000062,1173,714,459
101000063,917,909,8
101000064,1916,789,1127
101000065,424,369,55
101000066,823,548,275
101000067,1259,587,672
101000068,494,334,160
101000069,677,74,603
101000070,1724,828,896
101000071,2130,972,1158
101000072,1021,3705,-2684
101000073,747,663,84
101000074,6037,3110,2927
101000075,6173,2788,3385
101000077,1134,1026,108
101000078,1003,1877,-874
101000079,597,382,215
101000080,841,326,515
101000081,1464,1483,-19
101000082,3713,3393,320
101000083,2400,2459,-59
101000084,1413,1161,252
101000085,1758,1395,363
101000086,1109,1183,-74
101000087,961,1296,-335
101000088,933,1145,-212
101000089,890,1674,-784
101000090,2220,1540,680
101000091,442,1315,-873
101000092,699,1275,-576
101000093,1504,865,639
101000094,687,1451,-764
101000095,344,748,-404
101000096,400,659,-259
101000097,1724,375,1349
101000098,856,488,368
101000099,1267,1465,-198
101000100,939,749,190
101000101,495,355,140
101000102,1577,489,1088
101000103,1197,407,790
101000104,481,582,-101
101000105,1386,319,1067
101000106,850,473,377
101000107,170,356,-186
101000108,1151,373,778
101000109,285,68,217
101000110,37,677,-640
101000111,130,182,-52
101000113,262,869,-607
101000114,7372,2652,4720
101000115,76,115,-39
101000116,175,96,79
101000117,595,237,358
101000119,185,44,141
101000120,321,37,284
101000121,114,37,77
101000122,171,72,99
101000123,112,58,54
101000124,483,164,319
101000125,285,631,-346
101000128,1084,316,768
101000130,285,293,-8
101000131,747,608,139
101000132,561,1538,-977
101000135,83,30,53
101000136,638,94,544
101000137,38,305,-267
101000141,2255,2826,-571
101000147,1197,607,590
101000148,2292,24,2268
101000149,183,164,19
101000150,73,915,-842
101000151,183,76,107
101000152,374,382,-8
101000153,588,410,178
101000154,296,1436,-1140
101000155,322,163,159
101000156,33,349,-316
101000157,52,38,14
101000160,190,25,165
101000163,241,165,76
101000164,649,527,122
101000165,254,411,-157
101000166,266,347,-81
101000168,939,461,478
101000252,1697,1034,663
101000254,441,52,389
101000258,21,17,4
101000261,187,24,163
101000262,1246,1480,-234
101000263,251,644,-393
101000265,136,665,-529
101000266,451,256,195
101000269,109,13,96
101000290,1716,3003,-1287
101000293,15,67,-52
101000294,527,489,38
101000295,144,561,-417
101000301,951,433,518
101000304,2285,2727,-442
101000305,3333,1834,1499
101000328,178,376,-198
101900001,25,81,-56
101900002,1,26,-25
101900003,116,124,-8
101900004,5,52,-47
101900005,5112,1810,3302
101900006,764,57,707
101900007,694,117,577
101900008,176,349,-173
101900009,96,519,-423
101900010,1104,721,383
101900011,372,1940,-1568
101900012,107,448,-341
101900013,1432,226,1206
101900017,27,196,-169
101900018,1535,389,1146
101900019,402,175,227
101900020,71,61,10
101900021,1,47,-46
101900022,150,1332,-1182
101900023,154,265,-111
101900026,148,53,95
101900027,13,97,-84
102000001,5029,4494,535
102000002,3841,1460,2381
102000003,3836,6911,-3075
102000004,8287,3190,5097
102000005,1630,2539,-909
102000006,2110,2162,-52
102000007,1705,4877,-3172
102000008,5679,1945,3734
102000009,5553,7795,-2242
102000010,5794,4318,1476
102000011,3448,2724,724
102000012,4454,3974,480
102000018,3247,3174,73
102000019,2850,1916,934
102000026,338,1175,-837
102000029,317,211,106
102000030,132,406,-274
102000031,83,209,-126
102000032,407,467,-60
102000033,257,473,-216
102000034,566,591,-25
102000035,941,737,204
102000036,29,384,-355
102000037,254,92,162
102000038,250,255,-5
102000039,286,97,189
102000040,545,214,331
102000041,294,350,-56
102000042,388,204,184
102000043,508,197,311
102000044,1185,550,635
102000045,818,1168,-350
102000046,1216,762,454
102000047,834,1249,-415
102000048,317,991,-674
102000049,1080,818,262
102000050,1170,1205,-35
102000051,523,766,-243
102000052,1542,925,617
102000053,1269,887,382
102000054,508,784,-276
102000055,878,927,-49
102000056,578,1525,-947
102000057,1506,636,870
102000058,1115,1943,-828
102000059,1792,1506,286
102000060,1444,991,453
102000061,1566,2212,-646
102000062,1664,1185,479
102000063,1323,1759,-436
102000064,669,778,-109
102000065,42,134,-92
102000066,1189,1363,-174
102000067,2647,3539,-892
102000068,12070,3488,8582
102000069,67,1906,-1839
102000070,2409,44,2365
102000071,10003,10428,-425
102000072,3776,5377,-1601
102000073,1176,883,293
102000074,639,888,-249
102000075,152,253,-101
102000076,168,471,-303
102000077,413,1272,-859
102000078,853,938,-85
102000079,130,287,-157
102000080,259,216,43
102000081,425,822,-397
102000082,890,299,591
102000083,545,429,116
102000084,145,412,-267
102000085,1575,1329,246
102000086,925,1419,-494
102000087,924,1743,-819
102000088,300,299,1
102000089,1033,460,573
102000090,494,1170,-676
102000091,1607,465,1142
102000092,343,1002,-659
102000093,684,850,-166
102000094,969,746,223
102000095,1092,1024,68
102000096,699,851,-152
102000097,844,872,-28
102000098,690,764,-74
102000099,959,688,271
102000100,1149,1330,-181
102000101,1417,740,677
102000102,455,2900,-2445
102000103,1493,439,1054
102000104,1050,321,729
102000105,324,769,-445
102000106,795,941,-146
102000107,1190,628,562
102000108,753,259,494
102000109,837,704,133
102000110,857,1682,-825
102000111,24,388,-364
102000112,218,115,103
102000113,22,47,-25
102000114,929,388,541
102000115,248,395,-147
102000116,1028,306,722
102000117,433,559,-126
102000118,2046,1129,917
102000119,2662,856,1806
102000120,348,442,-94
102000121,1067,508,559
102000122,491,886,-395
102000123,1350,1100,250
102000124,1062,1223,-161
102000125,812,1380,-568
102000126,667,695,-28
102000127,1159,894,265
102000128,727,952,-225
102000129,1658,913,745
102000130,794,594,200
102000131,1614,624,990
102000132,660,614,46
102000133,1595,2145,-550
102000134,703,776,-73
102000135,939,1198,-259
102000136,1046,751,295
102000137,981,857,124
102000138,323,463,-140
102000139,185,371,-186
102000140,553,289,264
102000141,259,490,-231
102000142,431,371,60
102000143,122,474,-352
102000144,255,446,-191
102000145,396,529,-133
102000146,369,337,32
102000147,414,457,-43
102000148,220,566,-346
102000149,189,575,-386
102000150,277,227,50
102000151,150,337,-187
102000152,154,184,-30
102000153,1299,538,761
102000154,421,715,-294
102000155,158,313,-155
102000156,552,118,434
102000157,149,282,-133
102000158,702,650,52
102000159,1235,450,785
102000161,4127,2404,1723
102000162,271,173,98
102000163,116,580,-464
102000164,1164,1171,-7
102000165,375,130,245
102000166,84,149,-65
102000167,256,173,83
102000168,275,128,147
102000169,105,724,-619
102000170,669,241,428
102000171,330,108,222
102000172,370,399,-29
102000173,640,335,305
102000174,44,59,-15
102000175,119,130,-11
102000176,46,25,21
102000178,407,528,-121
102000179,670,281,389
102000180,714,495,219
102000181,542,639,-97
102000182,523,620,-97
102000183,1632,2092,-460
102000184,1912,945,967
102000185,2369,1641,728
102000186,1193,1915,-722
102000187,857,1662,-805
102000188,1049,1599,-550
102000189,2478,923,1555
102000190,589,2706,-2117
102000191,1351,672,679
102000192,1209,1557,-348
102000193,49,173,-124
102000194,85,179,-94
102000195,494,538,-44
102000196,202,454,-252
102000197,638,410,228
102000198,223,870,-647
102000199,912,301,611
102000200,344,1120,-776
102000201,872,492,380
102000202,6,119,-113
102000203,414,332,82
102000204,389,1007,-618
102000205,1053,627,426
102000206,1014,783,231
102000207,1716,452,1264
102000208,563,521,42
102000209,48,56,-8
102000210,379,607,-228
102000211,784,359,425
102000212,410,27,383
102000213,9,389,-380
102000214,345,21,324
102000215,4,502,-498
102000216,61,68,-7
102000217,13,184,-171
102000218,229,212,17
102000219,465,288,177
102000225,870,739,131
102000226,1707,557,1150
102000227,168,2,166
102000228,0,87,-87
102000229,34,44,-10
102000230,293,537,-244
102000231,345,624,-279
102000232,19,252,-233
102000233,503,907,-404
102000234,103,1181,-1078
102000236,265,109,156
102000237,995,161,834
102000238,192,311,-119
102000240,884,653,231
102000241,218,126,92
102000243,11,84,-73
102000245,23,138,-115
102000246,14,36,-22
102000247,909,1060,-151
102000248,713,952,-239
102000249,120,188,-68
102000250,45,466,-421
102000254,72,355,-283
102000266,70,162,-92
102000271,22,1,21
102000286,451,503,-52
102000297,1900,1351,549
102000299,0,0,0
102000301,0,0,0
102000305,0,0,0
102000307,0,2,-2
102900001,1187,978,209
102900002,450,36,414
102900003,68,250,-182
102900005,320,391,-71
102900006,531,262,269
102900007,532,34,498
102900008,202,84,118
102900009,661,256,405
102900010,682,546,136
102900011,2048,418,1630
102900012,346,107,239
102900013,41,66,-25
102900015,814,492,322
102900016,73,123,-50
102900017,125,669,-544
102900018,33,153,-120
102900019,404,544,-140
102900020,140,28,112
102900021,17,164,-147
102900022,686,159,527
102900023,18,75,-57
102900024,37,39,-2
102900025,320,145,175
102900026,595,1806,-1211
102900027,59,62,-3
102900028,161,744,-583
102900029,146,211,-65
102900030,706,337,369
102900031,198,134,64
102900032,90,96,-6
102900033,140,232,-92
102900034,414,116,298
102900035,166,370,-204
102900036,285,680,-395
102900037,429,745,-316
102900038,572,732,-160
102900039,33,458,-425
102900040,202,247,-45
102900041,95,213,-118
102900042,155,424,-269
102900043,155,287,-132
102900044,522,2048,-1526
102900045,118,526,-408
102900046,111,279,-168
102900047,130,685,-555
102900048,656,679,-23
102900049,116,339,-223
102900050,301,329,-28
102900051,242,237,5
102900053,397,813,-416
102900054,804,1024,-220
102900055,63,178,-115
102900056,106,463,-357
102900057,9,38,-29
102900058,257,91,166
102900059,25,61,-36
102900060,102,471,-369
102900061,152,514,-362
102900062,215,1068,-853
102900063,1220,475,745
102900064,115,542,-427
102900065,1711,481,1230
102900066,364,42,322
102900068,143,121,22
102900070,192,507,-315
102900072,25,48,-23
102900073,214,8,206
102900075,88,50,38
102900076,256,140,116
102900077,43,34,9
102900078,42,113,-71
102900079,200,19,181
102900080,383,34,349
102900081,114,228,-114
102900082,13,244,-231
102900083,354,18,336
102900084,8,41,-33
102900085,347,150,197
102900086,17,61,-44
102900087,136,115,21
102900088,62,31,31
102900089,350,187,163
102900090,1,461,-460
102900091,177,6,171
102900092,370,1036,-666
102900094,1,79,-78
102900095,94,1,93
102900096,46,21,25
102900097,159,344,-185
103000001,2442,3113,-671
103000002,2764,2554,210
103000003,4055,2857,1198
103000004,994,805,189
103000005,2108,3873,-1765
103000006,692,1766,-1074
103000007,578,849,-271
103000008,1272,1000,272
103000009,1234,1023,211
103000010,308,274,34
103000011,1617,1393,224
103000012,1292,1669,-377
103000013,5410,2224,3186
103000014,1368,2726,-1358
103000015,2459,903,1556
103000016,577,1606,-1029
103000017,204,432,-228
103000018,898,520,378
103000019,285,295,-10
103000020,3343,1515,1828
103000021,2060,1506,554
103000022,1120,1131,-11
103000023,646,1923,-1277
103000024,100,226,-126
103000025,95,585,-490
103000026,1474,167,1307
103000027,336,515,-179
103000028,520,393,127
103000029,275,255,20
103000030,1944,842,1102
103000031,1805,2174,-369
103000032,2261,1934,327
103000033,2601,2869,-268
103000034,1870,1149,721
103000035,428,1636,-1208
103000036,435,618,-183
103000037,658,509,149
103000038,507,1065,-558
103000039,406,500,-94
103000040,415,1308,-893
103000041,1974,2900,-926
103000042,1150,672,478
103000043,501,1264,-763
103000044,210,225,-15
103000046,253,575,-322
103000047,713,711,2
103000048,163,209,-46
103000049,89,244,-155
103000050,738,733,5
103000051,468,638,-170
103000052,945,438,507
103000053,220,609,-389
103000054,2604,1378,1226
103000055,2082,2366,-284
103000056,589,2315,-1726
103000057,471,367,104
103000058,589,963,-374
103000059,427,948,-521
103000060,1086,745,341
103000061,423,889,-466
103000062,1080,685,395
103000063,671,786,-115
103000064,149,275,-126
103000065,2,462,-460
103000066,240,11,229
103000069,362,467,-105
103000070,1085,1032,53
103000071,1051,539,512
103000072,95,763,-668
103000073,574,129,445
103000074,632,102,530
103000075,112,809,-697
103000076,330,335,-5
103000077,59,414,-355
103000078,1553,633,920
103000079,1314,720,594
103000080,1323,363,960
103000081,469,1124,-655
103000082,575,234,341
103000083,141,334,-193
103000084,169,22,147
103000085,1,167,-166
103000086,1065,435,630
103000087,159,602,-443
103000088,541,395,146
103000089,270,596,-326
103000090,1926,764,1162
103000091,582,539,43
103000092,331,326,5
103000093,322,495,-173
103000094,125,85,40
103000095,83,479,-396
103000096,645,101,544
103000097,101,771,-670
103000098,1362,218,1144
103000099,636,609,27
103000100,121,803,-682
103000101,904,143,761
103000102,105,729,-624
103000103,664,269,395
103000104,61,114,-53
103000105,130,130,0
103000106,16,125,-109
103000107,220,92,128
103000108,1214,631,583
103000109,431,350,81
103000110,431,507,-76
103000111,648,407,241
103000112,443,227,216
103000113,1074,659,415
103000114,2517,388,2129
103000115,475,578,-103
103000116,481,546,-65
103000117,370,533,-163
103000118,1242,915,327
103000119,1717,737,980
103000120,173,167,6
103000121,391,668,-277
103000122,510,396,114
103000125,20,451,-431
103000126,619,5,614
103000127,1,279,-278
103000128,169,3,166
103000129,1,144,-143
103000130,62,46,16
103000131,221,109,112
103000132,122,169,-47
103000133,14,95,-81
103000134,805,822,-17
103000135,698,390,308
103000136,885,537,348
103000137,753,699,54
103000138,1005,787,218
103000139,1,89,-88
103000140,158,42,116
103000141,60,157,-97
103000142,175,94,81
103000143,88,222,-134
103000144,187,95,92
103000145,80,46,34
103000150,103,64,39
103000152,390,256,134
103000153,346,255,91
103000156,7,532,-525
103000157,470,2,468
103000159,112,19,93
103000162,112,34,78
103000163,9,31,-22
103000164,51,28,23
103000165,141,432,-291
103000166,259,349,-90
103000167,189,109,80
103000168,109,154,-45
103000169,219,558,-339
103000170,586,473,113
103000171,31,93,-62
103000172,433,354,79
103000173,489,665,-176
103000174,195,379,-184
103000175,203,355,-152
103000176,933,589,344
103000177,670,586,84
103000178,270,334,-64
103000179,151,52,99
103000183,122,32,90
103000185,73,74,-1
103000186,130,226,-96
103000187,489,508,-19
103000188,14,75,-61
103000189,2010,993,1017
103000191,452,479,-27
103000292,2299,1888,411
103000293,1342,1801,-459
103000295,109,106,3
103000296,492,7,485
103000297,41,14,27
103000504,105,17,88
103000505,14,14,0
103000506,4,280,-276
103000507,189,7,182
103000508,76,33,43
103000509,216,655,-439
103900001,17,382,-365
103900002,1659,157,1502
103900003,1655,146,1509
103900004,91,1,90
103900005,2,270,-268
103900006,10,1,9
103900007,108,51,57
103900008,57,1,56
103900009,223,440,-217
103900010,195,307,-112
103900011,219,166,53
103900012,7,24,-17
103900013,55,104,-49
103900014,38,20,18
103900015,44,11,33
103900016,246,207,39
103900017,35,84,-49
103900018,756,236,520
103900019,77,371,-294
103900020,227,434,-207
103900021,816,78,738
103900022,1143,744,399
103900023,117,0,117
103900024,91,486,-395
103900025,13,44,-31
103900026,100,0,100
103900027,727,315,412
103900028,27,285,-258
103900029,1186,164,1022
103900030,642,72,570
103900031,22,1,21
103900032,122,77,45
103900033,226,4,222
103900034,17,227,-210
103900035,43,50,-7
103900036,54,38,16
103900037,143,70,73
103900038,97,179,-82
103900039,66,463,-397
103900040,19,185,-166
103900041,40,39,1
103900042,58,422,-364
103900043,165,127,38
103900044,146,345,-199
103900045,288,207,81
103900047,82,34,48
103900048,73,26,47
103900049,282,1353,-1071
103900050,14,101,-87
103900051,1,38,-37
103900052,241,514,-273
103900053,205,846,-641
103900054,131,545,-414
103900055,460,229,231
103900056,51,63,-12
103900057,57,230,-173
103900058,237,852,-615
103900059,0,5,-5
103900060,66,225,-159
103900061,154,66,88
103900062,346,117,229
103900063,15,0,15
103900064,105,3,102
103900065,785,450,335
103900066,112,15,97
103900067,176,11,165
103900068,10,0,10
103900069,140,10,130
103900070,129,270,-141
103900071,12,136,-124
103900072,11,294,-283
103900073,23,29,-6
103900074,70,103,-33
103900075,248,101,147
103900076,343,733,-390
103900077,74,119,-45
103900078,205,138,67
103900079,138,255,-117
103900080,21,41,-20
103900081,197,35,162
103900082,33,118,-85
103900083,1833,1213,620
103900084,78,117,-39
103900085,83,180,-97
103900086,631,362,269
103900088,384,389,-5
103900089,40,205,-165
103900090,3,227,-224
103900091,1184,297,887
103900092,1070,522,548
103900093,106,284,-178
103900094,19,144,-125
103900095,730,252,478
103900096,28,251,-223
103900097,11,424,-413
103900098,182,110,72
103900099,68,229,-161
103900100,162,550,-388
103900101,54,1262,-1208
103900102,3,26,-23
103900104,0,28,-28
103900105,96,255,-159
103900106,0,18,-18
103900107,110,281,-171
103900108,46,471,-425
103900109,84,106,-22
103900110,255,44,211
103900111,103,649,-546
103900112,23,69,-46
103900113,167,307,-140
103900114,541,350,191
103900115,319,242,77
103900116,6975,2921,4054
103900117,209,101,108
103900119,44,60,-16
103900120,59,122,-63
103900122,89,298,-209
103900123,1955,789,1166
103900124,66,538,-472
103900125,129,87,42
103900126,433,516,-83
103900127,175,590,-415
103900128,80,166,-86
103900131,37,159,-122
103900133,1027,75,952
103900134,0,4,-4
103900135,68,12,56
103900137,2,73,-71
103900138,71,395,-324
103900139,462,1806,-1344
103900140,15,136,-121
103900141,314,101,213
103900142,157,228,-71
103900143,43,3,40
103900144,0,58,-58
103900145,186,332,-146
103900146,362,335,27
103900147,512,124,388
103900148,205,219,-14
103900149,281,924,-643
103900150,7620,4222,3398
103900151,57,158,-101
103900152,420,516,-96
103900153,25,7,18
103900154,1208,2028,-820
103900155,36,289,-253
103900156,41,240,-199
103900157,37,271,-234
103900158,84,222,-138
103900159,167,99,68
103900160,69,34,35
103900161,86,211,-125
103900162,67,236,-169
103900163,8,537,-529
103900167,15,100,-85
103900168,119,97,22
103900169,46,36,10
103900170,3,147,-144
103900171,6,53,-47
103900172,12,34,-22
103900173,17,22,-5
103900174,160,85,75
103900175,96,65,31
103900176,13,34,-21
103900177,11,80,-69
103900178,45,107,-62
103900179,50,227,-177
103900180,15,108,-93
103900181,92,36,56
103900182,36,11,25
103900184,580,76,504
103900185,262,333,-71
103900187,49,68,-19
103900188,49,22,27
103900189,100,11,89
103900190,108,63,45
103900191,40,36,4
103900192,78,71,7
103900193,199,191,8
103900194,115,353,-238
103900195,7,65,-58
103900196,33,41,-8
103900197,9,25,-16
103900198,17,64,-47
103900199,174,70,104
103900200,117,190,-73
103900201,101,195,-94
103900202,9,39,-30
103900203,24,29,-5
103900204,2,133,-131
103900207,0,164,-164
103900208,86,2,84
103900209,12,124,-112
103900210,49,30,19
103900211,526,606,-80
103900212,79,436,-357
103900213,151,292,-141
103900214,393,185,208
103900215,672,413,259
103900216,12,491,-479
103900217,494,120,374
103900218,3,419,-416
103900219,203,342,-139
103900233,88,3,85
103900235,64,22,42
103900236,32,4,28
103900242,1,45,-44
103900243,7,21,-14
103900244,117,300,-183
103900245,106,243,-137
103900246,101,61,40
103900247,70,96,-26
103900248,23,49,-26
103900249,40,57,-17
103900250,51,33,18
103900251,6,51,-45
103900253,140,73,67
103900254,7,28,-21
103900255,45,20,25
103900256,23,46,-23
103900257,229,299,-70
103900258,73,4,69
103900259,181,4,177
103900261,10,6,4
103900262,34,12,22
103900263,44,130,-86
103900264,68,66,2
103900265,95,17,78
103900266,4,99,-95
103900267,10,60,-50
103900268,17,158,-141
103900269,172,56,116
103900270,56,209,-153
103900271,92,209,-117
103900272,89,135,-46
103900273,27,82,-55
103900274,60,10,50
103900275,27,14,13
103900276,8,133,-125
103900277,9,122,-113
103900278,13,69,-56
103900279,1,25,-24
103900280,3,171,-168
104000001,2259,2266,-7
104000002,1818,3081,-1263
104000003,2464,2484,-20
104000004,3010,3190,-180
104000005,1557,2068,-511
104000006,2855,3256,-401
104000007,4152,4545,-393
104000008,400,455,-55
104000009,153,135,18
104000010,162,261,-99
104000011,753,402,351
104000012,175,400,-225
104000013,232,183,49
104000014,338,734,-396
104000015,289,165,124
104000016,558,438,120
104000018,797,236,561
104000019,618,253,365
104000020,278,750,-472
104000021,296,672,-376
104000022,165,248,-83
104000023,680,459,221
104000024,250,411,-161
104000026,87,376,-289
104000027,417,416,1
104000028,392,329,63
104000029,517,568,-51
104000030,284,226,58
104000031,1012,461,551
104000032,230,336,-106
104000033,563,507,56
104000034,298,430,-132
104000035,809,496,313
104000036,769,657,112
104000037,362,340,22
104000038,393,361,32
104000039,200,328,-128
104000040,421,432,-11
104000041,705,380,325
104000042,264,363,-99
104000043,368,503,-135
104000044,323,826,-503
104000045,1151,1330,-179
104000046,1461,1770,-309
104000047,887,1201,-314
104000048,1035,1794,-759
104000049,556,345,211
104000050,270,735,-465
104000051,161,759,-598
104000052,1428,1599,-171
104000053,1066,670,396
104000054,507,430,77
104000055,3920,2557,1363
104000056,1967,410,1557
104000057,279,789,-510
104000058,873,838,35
104000059,647,1286,-639
104000060,1269,1309,-40
104000061,1634,1158,476
104000062,608,316,292
104000064,638,373,265
104000065,269,545,-276
104000069,1495,976,519
104000070,75,498,-423
104000071,343,614,-271
104000072,815,476,339
104000075,62,362,-300
104000076,634,58,576
104000082,2257,3288,-1031
104000083,903,298,605
104000084,164,637,-473
104000085,325,311,14
104000086,230,461,-231
104000087,468,1484,-1016
104000090,810,1568,-758
104000092,1031,2829,-1798
104000094,881,1859,-978
104000095,1984,1754,230
104000096,1528,376,1152
104000097,1628,1130,498
104000098,1648,1268,380
104000100,1476,727,749
104000101,1514,2330,-816
104000106,238,802,-564
104000107,547,531,16
104000108,351,549,-198
104000109,350,103,247
104000110,879,1130,-251
104000111,4438,2203,2235
104000112,2555,641,1914
104000116,3,1291,-1288
104000117,139,863,-724
104000118,601,274,327
104000119,590,288,302
104000120,210,847,-637
104000121,232,762,-530
104000122,654,897,-243
104000123,1149,1314,-165
104000124,959,2673,-1714
104000125,4345,3993,352
104000126,330,484,-154
104000127,1706,3340,-1634
104000128,824,500,324
104000129,492,35,457
104000130,13,202,-189
104000131,867,573,294
104000132,1180,713,467
104000133,1440,1066,374
104000134,912,1962,-1050
104000135,472,1591,-1119
104000136,667,3423,-2756
104000137,1587,405,1182
104000138,1242,680,562
104000139,7172,3133,4039
104000141,1198,1692,-494
104000142,638,899,-261
104000143,614,658,-44
104000144,88,226,-138
104000145,418,215,203
104000146,357,708,-351
104000147,150,354,-204
104000148,265,158,107
104000149,198,311,-113
104000150,1017,546,471
104000151,427,574,-147
104000152,511,692,-181
104000153,499,578,-79
104000154,1201,715,486
104000155,437,574,-137
104000157,1156,1811,-655
104000158,407,339,68
104000159,767,449,318
104000160,1610,1739,-129
104000161,313,233,80
104000162,108,129,-21
104000165,1458,1249,209
104000167,576,884,-308
104000168,523,8,515
104000169,112,49,63
104000170,528,476,52
104000248,333,860,-527
104000251,106,268,-162
104000272,0,0,0
104000273,0,0,0
104000274,0,0,0
104000275,0,0,0
104000279,681,476,205
104000290,230,347,-117
104000291,942,1395,-453
104000293,870,737,133
104000294,27,0,27
104000295,634,871,-237
104000296,493,859,-366
104000297,764,1508,-744
104000298,2055,887,1168
104000299,859,1646,-787
104000302,127,163,-36
104000303,185,213,-28
104900001,149,384,-235
104900002,52,184,-132
104900003,46,295,-249
104900004,78,337,-259
104900005,296,170,126
104900006,243,110,133
104900007,250,249,1
104900009,114,352,-238
104900010,78,51,27
104900011,12,4,8
104900012,265,46,219
104900013,131,33,98
104900014,2453,311,2142
104900015,105,15,90
104900016,188,333,-145
104900017,213,138,75
104900018,10,178,-168
104900019,391,2376,-1985
104900020,33,282,-249
104900021,2,321,-319
104900022,17,162,-145
104900023,1,148,-147
104900024,17,104,-87
104900025,56,325,-269
104900026,0,119,-119
104900027,450,313,137
104900028,28,102,-74
104900029,63,126,-63
104900030,457,198,259
104900031,75,254,-179
104900032,37,202,-165
104900033,122,291,-169
104900034,332,124,208
104900035,194,139,55
104900036,149,84,65
104900037,130,298,-168
104900038,527,688,-161
104900039,1105,389,716
104900040,277,94,183
104900041,197,212,-15
104900042,160,327,-167
104900043,18,128,-110
104900044,404,169,235
104900045,415,55,360
104900046,127,134,-7
104900047,251,134,117
104900048,246,76,170
104900049,27,25,2
104900050,266,75,191
104900051,288,36,252
104900052,39,3,36
104900053,384,90,294
104900054,128,66,62
104900055,116,0,116
104900056,179,10,169
104900057,55,1,54
104900058,926,158,768
104900059,177,55,122
104900060,0,357,-357
104900061,245,543,-298
104900063,8,125,-117
104900064,1,122,-121
104900065,1,174,-173
104900066,1,167,-166
104900067,3,266,-263
104900068,17,182,-165
104900070,173,236,-63
104900071,4,654,-650
104900072,56,247,-191
104900073,40,229,-189
104900074,58,205,-147
104900075,71,72,-1
104900076,52,296,-244
104900077,1240,177,1063
104900078,154,584,-430
104900079,107,472,-365
104900080,77,459,-382
104900082,15,354,-339
104900085,1,204,-203
104900087,322,2,320
104900089,171,0,171
104900090,640,566,74
104900091,442,579,-137
104900093,253,543,-290
104900097,2710,1690,1020
104900098,91,52,39
104900099,453,674,-221
104900100,582,267,315
104900102,24,235,-211
104900103,436,85,351
104900104,3435,1466,1969
104900106,92,138,-46
104900107,77,352,-275
104900108,30,323,-293
104900109,73,312,-239
104900110,6,47,-41
104900111,115,127,-12
104900112,233,747,-514
104900113,671,424,247
104900114,314,562,-248
104900115,565,495,70
104900116,258,247,11
104900118,17,77,-60
104900119,1,46,-45
104900120,68,167,-99
104900121,1,127,-126
104900122,3,99,-96
104900123,39,9,30
104900124,38,0,38
104900125,436,19,417
104900126,90,62,28
104900127,33,73,-40
104900128,118,192,-74
104900129,2201,1635,566
105000001,2602,1705,897
105000002,2506,1801,705
105000003,3657,3920,-263
105000004,624,1168,-544
105000005,802,1167,-365
105000006,1230,1622,-392
105000007,1323,1418,-95
105000008,1858,2753,-895
105000009,1862,3059,-1197
105000010,3488,2777,711
105000011,2686,2503,183
105000012,4699,3356,1343
105000013,1063,1238,-175
105000014,1743,2238,-495
105000015,8965,10093,-1128
105000016,3769,2277,1492
105000017,1927,903,1024
105000018,1619,1862,-243
105000019,1746,1090,656
105000020,223,484,-261
105000021,704,149,555
105000022,257,55,202
105000023,462,297,165
105000028,92,138,-46
105000029,603,1000,-397
105000030,4791,3556,1235
105000031,3,44,-41
105000033,1575,2246,-671
105000034,215,819,-604
105000037,724,447,277
105000038,1747,1545,202
105000039,3031,2037,994
105000040,888,938,-50
105000041,548,1375,-827
105000042,2798,1412,1386
105000043,2103,2154,-51
105000044,518,421,97
105000045,367,931,-564
105000046,861,379,482
105000047,538,1481,-943
105000048,675,254,421
105000049,283,729,-446
105000050,813,464,349
105000051,220,576,-356
105000052,547,929,-382
105000053,252,213,39
105000054,463,1008,-545
105000055,983,380,603
105000056,1227,2670,-1443
105000057,1179,929,250
105000058,1582,1541,41
105000059,717,740,-23
105000060,657,827,-170
105000061,639,630,9
105000062,1071,1066,5
105000063,405,707,-302
105000064,1181,763,418
105000065,491,858,-367
105000066,1387,1965,-578
105000067,1203,752,451
105000068,885,1010,-125
105000069,2833,1624,1209
105000070,1007,762,245
105000071,501,791,-290
105000072,1284,2172,-888
105000073,996,581,415
105000074,1293,938,355
105000075,843,861,-18
105000076,1705,1107,598
105000077,2407,984,1423
105000078,1633,1412,221
105000079,1861,2513,-652
105000080,1747,1199,548
105000081,3475,1076,2399
105000082,1407,1028,379
105000083,3396,1821,1575
105000084,885,1064,-179
105000085,1680,1156,524
105000086,683,1180,-497
105000087,2239,2089,150
105000088,1688,1724,-36
105000089,3409,2197,1212
105000090,993,959,34
105000091,1950,1756,194
105000092,800,1060,-260
105000093,464,304,160
105000094,277,223,54
105000095,136,656,-520
105000096,1643,918,725
105000097,1694,815,879
105000098,1452,624,828
105000099,1682,902,780
105000100,1075,1260,-185
105000101,2092,2100,-8
105000102,1578,1636,-58
105000103,1512,2228,-716
105000104,2057,1096,961
105000105,1264,2221,-957
105000106,1412,1722,-310
105000107,1166,1014,152
105000108,1212,1810,-598
105000109,1394,1932,-538
105000110,742,817,-75
105000111,748,935,-187
105000112,1203,1030,173
105000113,464,767,-303
105000114,3873,1321,2552
105000115,406,1225,-819
105000116,752,601,151
105000117,1085,1431,-346
105000118,477,440,37
105000119,572,1102,-530
105000120,1052,655,397
105000121,860,1424,-564
105000122,401,706,-305
105000123,1174,1530,-356
105000124,1713,993,720
105000125,929,2204,-1275
105000126,1925,2139,-214
105000127,2524,2408,116
105000128,737,1340,-603
105000129,910,460,450
105000130,328,2271,-1943
105000131,941,476,465
105000132,820,566,254
105000133,508,1025,-517
105000134,676,651,25
105000135,488,772,-284
105000136,187,417,-230
105000137,416,335,81
105000138,256,433,-177
105000139,1169,1274,-105
105000140,352,608,-256
105000141,331,759,-428
105000142,169,571,-402
105000143,264,751,-487
105000144,332,884,-552
105000145,582,459,123
105000146,532,927,-395
105000147,569,377,192
105000148,1239,758,481
105000149,2121,2152,-31
105000150,2167,1698,469
105000151,520,423,97
105000152,213,605,-392
105000153,581,647,-66
105000154,775,860,-85
105000155,343,791,-448
105000156,1077,881,196
105000157,894,1867,-973
105000158,1957,792,1165
105000159,312,1324,-1012
105000160,1754,682,1072
105000161,715,1528,-813
105000162,860,1664,-804
105000163,1509,1319,190
105000164,233,370,-137
105000165,1476,5075,-3599
105000166,7124,799,6325
105000167,2637,1332,1305
105000168,309,878,-569
105000169,484,367,117
105000170,229,1328,-1099
105000171,1142,337,805
105000172,145,31,114
105000173,144,34,110
105000174,93,63,30
105000175,76,161,-85
105000176,269,103,166
105000177,305,194,111
105000178,131,616,-485
105000179,439,164,275
105000180,110,102,8
105000181,94,427,-333
105000182,45,66,-21
105000183,2733,1736,997
105000184,1995,1132,863
105000185,1665,882,783
105000186,751,956,-205
105000187,985,263,722
105000188,468,116,352
105000189,408,541,-133
105000190,355,432,-77
105000191,443,428,15
105000192,341,92,249
105000193,124,132,-8
105000194,471,97,374
105000195,269,956,-687
105000196,127,253,-126
105000197,279,659,-380
105000198,675,354,321
105000199,490,701,-211
105000200,161,213,-52
105000201,168,45,123
105000203,13,225,-212
105000204,92,79,13
105000205,163,256,-93
105000207,575,252,323
105000208,252,459,-207
105000209,210,362,-152
105000211,206,31,175
105000212,1263,1533,-270
105000213,211,214,-3
105000214,140,325,-185
105000215,254,287,-33
105000216,167,318,-151
105000217,154,333,-179
105000218,1007,1220,-213
105000221,166,312,-146
105000222,735,70,665
105000223,321,195,126
105000226,58,350,-292
105000227,76,170,-94
105000228,405,1241,-836
105000229,136,346,-210
105000231,324,331,-7
105000233,1012,735,277
105000234,637,1476,-839
105000235,393,680,-287
105000237,729,84,645
105000243,54,48,6
105000248,112,92,20
105000262,271,1539,-1268
105000269,115,238,-123
105000270,395,79,316
105000271,0,301,-301
105000282,131,74,57
105000287,387,113,274
105000288,475,511,-36
105000289,2882,1553,1329
105000290,49,6,43
105000402,4383,2871,1512
105000426,509,623,-114
105000438,3408,1133,2275
105000440,11,44,-33
105000446,13474,5585,7889
105000447,7868,3385,4483
105000454,373,902,-529
105000455,305,191,114
105000474,23,0,23
105000477,251,429,-178
105000478,1768,3256,-1488
105000479,234,179,55
105000480,7023,4273,2750
105000481,3490,2934,556
105000482,6061,5637,424
105000483,1473,1845,-372
105000484,3022,3036,-14
105000485,1546,2367,-821
105000486,4355,3219,1136
105000488,8548,5145,3403
105000489,856,905,-49
105000549,153,148,5
105000550,660,1520,-860
105000551,37,147,-110
105000552,3636,2283,1353
105000555,1547,948,599
105000556,45,50,-5
105000557,55,270,-215
105900001,9,1285,-1276
105900002,1481,781,700
105900003,29,155,-126
105900004,329,158,171
105900005,3,270,-267
105900006,11,104,-93
105900007,102,26,76
105900008,65,794,-729
105900009,28,17,11
105900011,199,45,154
105900012,753,218,535
105900013,1,24,-23
105900014,13,85,-72
105900015,164,351,-187
105900016,423,654,-231
105900017,991,62,929
105900018,187,233,-46
105900019,163,739,-576
105900020,47,56,-9
105900021,30,292,-262
105900022,300,303,-3
105900023,4,120,-116
105900024,7,130,-123
105900025,133,39,94
105900026,307,27,280
105900027,5725,8984,-3259
105900028,886,186,700
105900029,1709,389,1320
105900030,318,309,9
105900031,373,177,196
105900032,91,139,-48
105900033,325,130,195
105900034,189,250,-61
105900035,223,169,54
105900036,73,138,-65
105900037,71,82,-11
105900038,136,382,-246
105900039,121,160,-39
105900040,109,115,-6
105900041,182,341,-159
105900042,62,139,-77
105900043,1966,48,1918
105900044,5,399,-394
105900045,7,743,-736
105900046,7,213,-206
105900047,4,39,-35
105900048,126,695,-569
105900050,7158,1042,6116
105900051,15,1305,-1290
105900052,664,363,301
105900053,4181,2401,1780
105900054,395,262,133
105900056,835,352,483
105900057,23,109,-86
105900058,12,21,-9
105900059,0,30,-30
106000001,4423,2512,1911
106000002,2706,5564,-2858
106000003,3007,3834,-827
106000004,2324,3166,-842
106000005,2657,5733,-3076
106000006,6516,4996,1520
106000007,498,555,-57
106000008,448,390,58
106000009,463,448,15
106000010,620,712,-92
106000011,805,1078,-273
106000012,828,1649,-821
106000013,1675,2018,-343
106000014,2024,1980,44
106000015,1382,1177,205
106000016,1229,2504,-1275
106000017,692,799,-107
106000018,678,617,61
106000019,383,506,-123
106000020,253,479,-226
106000021,319,597,-278
106000022,406,350,56
106000023,656,449,207
106000024,593,780,-187
106000025,134,232,-98
106000026,155,368,-213
106000027,1199,1704,-505
106000028,611,633,-22
106000029,1155,1361,-206
106000030,754,468,286
106000034,235,696,-461
106000035,1224,1747,-523
106000036,304,414,-110
106000037,2368,1680,688
106000038,520,121,399
106000039,199,91,108
106000040,284,950,-666
106000041,879,464,415
106000043,647,204,443
106000046,392,64,328
106000047,94,412,-318
106000049,987,228,759
106000050,320,823,-503
106000051,528,407,121
106000052,121,668,-547
106000053,217,138,79
106000054,410,504,-94
106000055,918,1111,-193
106000056,285,423,-138
106000057,249,333,-84
106000058,187,215,-28
106000059,227,274,-47
106000060,476,629,-153
106000061,244,603,-359
106000062,163,659,-496
106000063,596,683,-87
106000064,51,422,-371
106000065,333,275,58
106000066,108,381,-273
106000067,329,104,225
106000068,94,765,-671
106000069,208,89,119
106000070,479,875,-396
106000071,932,331,601
106000072,4241,1925,2316
106000073,2050,3163,-1113
106000074,610,835,-225
106000075,352,1482,-1130
106000076,1881,2247,-366
106000077,3726,1626,2100
106000078,859,1132,-273
106000079,661,1088,-427
106000080,1281,843,438
106000081,714,1280,-566
106000082,2430,975,1455
106000083,343,1679,-1336
106000084,1138,845,293
106000085,1533,1622,-89
106000086,687,846,-159
106000087,946,662,284
106000088,464,844,-380
106000089,923,445,478
106000090,315,700,-385
106000091,314,676,-362
106000092,684,282,402
106000093,336,123,213
106000094,91,342,-251
106000095,629,1102,-473
106000096,929,702,227
106000097,968,1199,-231
106000098,732,1117,-385
106000099,285,854,-569
106000100,1316,320,996
106000101,1005,271,734
106000102,273,652,-379
106000103,303,591,-288
106000104,768,525,243
106000105,505,846,-341
106000106,519,498,21
106000107,172,530,-358
106000108,309,448,-139
106000109,157,408,-251
106000110,212,362,-150
106000111,209,604,-395
106000112,210,524,-314
106000113,1000,636,364
106000114,468,491,-23
106000115,223,576,-353
106000116,200,309,-109
106000117,1009,822,187
106000118,1112,1430,-318
106000119,1968,1215,753
106000120,703,1152,-449
106000121,191,159,32
106000122,103,322,-219
106000123,356,199,157
106000124,75,312,-237
106000125,71,299,-228
106000126,257,158,99
106000127,853,1063,-210
106000128,763,360,403
106000129,528,649,-121
106000130,660,452,208
106000131,163,881,-718
106000132,709,222,487
106000133,3072,1384,1688
106000134,771,1808,-1037
106000135,344,852,-508
106000136,686,935,-249
106000137,111,1224,-1113
106000138,999,104,895
106000139,65,172,-107
106000140,40,82,-42
106000141,139,118,21
106000142,71,71,0
106000143,74,103,-29
106000144,42,92,-50
106000145,227,325,-98
106000146,333,216,117
106000147,732,809,-77
106000148,1138,1149,-11
106000149,478,607,-129
106000150,530,1962,-1432
106000151,4512,915,3597
106000152,1434,1914,-480
106000153,153,1822,-1669
106000154,1524,281,1243
106000155,108,283,-175
106000156,632,281,351
106000157,645,1828,-1183
106000158,3039,1039,2000
106000159,3949,1862,2087
106000160,353,2612,-2259
106000161,1522,486,1036
106000162,178,987,-809
106000163,267,521,-254
106000164,442,377,65
106000165,252,621,-369
106000166,676,284,392
106000167,388,1259,-871
106000168,367,284,83
106000169,249,691,-442
106000170,600,241,359
106000171,139,1063,-924
106000172,2693,1299,1394
106000173,1068,2859,-1791
106000174,1068,442,626
106000175,312,1095,-783
106000176,1426,754,672
106000177,878,2545,-1667
106000178,3016,1888,1128
106000179,1220,2481,-1261
106000180,889,1599,-710
106000181,593,1760,-1167
106000182,954,678,276
106000183,1006,845,161
106000184,2216,811,1405
106000185,1498,1068,430
106000186,903,182,721
106000187,250,1218,-968
106000188,0,2,-2
106000189,7,55,-48
106000190,13,2,11
106000191,617,212,405
106000192,17,25,-8
106000193,370,225,145
106000194,132,364,-232
106000195,516,119,397
106000196,141,339,-198
106000197,445,293,152
106000198,134,344,-210
106000199,804,820,-16
106000200,262,200,62
106000201,486,2768,-2282
106000202,5181,684,4497
106000203,128,273,-145
106000204,73,6,67
106000205,26,169,-143
106000206,126,20,106
106000207,54,827,-773
106000208,1121,215,906
106000209,1219,320,899
106000210,251,1299,-1048
106000211,353,1304,-951
106000212,936,414,522
106000213,916,1832,-916
106000214,2689,650,2039
106000215,314,573,-259
106000216,411,431,-20
106000217,312,507,-195
106000218,575,476,99
106000219,116,356,-240
106000220,394,293,101
106000221,142,293,-151
106000222,34,115,-81
106000223,156,120,36
106000224,226,275,-49
106000225,62,78,-16
106000226,164,275,-111
106000228,42,165,-123
106000229,123,756,-633
106000231,837,189,648
106000232,58,366,-308
106000233,707,117,590
106000234,113,156,-43
106000235,582,105,477
106000236,145,70,75
106000237,3,10,-7
106000238,123,15,108
106000239,0,150,-150
106000240,79,8,71
106000241,18,688,-670
106000242,321,42,279
106000249,59,102,-43
106000250,61,547,-486
106000251,101,65,36
106000252,35,96,-61
106000253,43,95,-52
106000254,38,64,-26
106000255,20,162,-142
106000256,70,70,0
106000257,126,231,-105
106000258,217,24,193
106000259,3,61,-58
106000260,49,12,37
106000261,8,62,-54
106000262,93,12,81
106000263,26,98,-72
106000264,198,13,185
106000265,14,143,-129
106000266,133,32,101
106000267,7,96,-89
106000268,558,67,491
106000269,67,76,-9
106000270,147,614,-467
106000271,96,262,-166
106000272,157,59,98
106000273,4,307,-303
106000274,168,41,127
106000275,140,253,-113
106000276,192,56,136
106000277,125,233,-108
106000278,302,53,249
106000279,22,53,-31
106000280,129,152,-23
106000281,84,65,19
106000282,75,75,0
106000283,129,99,30
106000284,47,135,-88
106000285,159,127,32
106000286,82,162,-80
106000287,135,98,37
106000288,102,192,-90
106000289,136,106,30
106000290,68,133,-65
106000291,81,150,-69
106000292,102,117,-15
106000293,150,113,37
106000294,129,168,-39
106000295,30,61,-31
106000296,39,104,-65
106000297,67,279,-212
106000298,147,87,60
106000299,91,169,-78
106000300,69,119,-50
106000301,105,121,-16
106000303,15,76,-61
106000304,12,32,-20
106000305,41,46,-5
106000306,28,55,-27
106000307,45,20,25
106000308,45,163,-118
106000309,16,75,-59
106000310,293,666,-373
106000311,306,176,130
106000312,110,213,-103
106000313,152,234,-82
106000318,189,379,-190
106000319,1043,222,821
106000320,3,48,-45
106000321,371,73,298
106000322,134,166,-32
106000324,10,146,-136
106000325,1458,967,491
106000326,1096,2084,-988
106000327,117,139,-22
106000328,17,115,-98
106000329,66,325,-259
106000330,25,72,-47
106000428,104,229,-125
106000429,152,486,-334
106000430,407,1359,-952
106000431,2201,452,1749
106000432,2070,3469,-1399
106000433,2177,1499,678
106000434,3106,1586,1520
106000435,1971,3161,-1190
106000436,13,277,-264
106000437,369,29,340
106000438,866,175,691
106000439,77,472,-395
106000440,248,517,-269
106000441,3,1,2
106000442,230,19,211
106000443,136,432,-296
106000450,4,215,-211
106000451,36,49,-13
106000454,8,158,-150
106000455,20,198,-178
106000456,132,48,84
106000457,18,1053,-1035
106000458,728,156,572
106000459,250,467,-217
106000460,1121,45,1076
106000461,107,1435,-1328
106000462,1,31,-30
106000463,11,22,-11
106000464,4,483,-479
106000465,446,0,446
106000466,3,587,-584
106000467,529,557,-28
106000468,57,189,-132
106000469,237,0,237
106000470,253,1853,-1600
106000471,49,622,-573
106000472,118,17,101
106000473,48,21,27
106000474,463,643,-180
106000475,390,322,68
106000476,219,231,-12
106000477,46,174,-128
106000480,0,354,-354
106900001,0,15,-15
106900002,4,569,-565
106900003,219,841,-622
106900004,1,63,-62
106900006,0,9,-9
106900007,0,15,-15
106900008,253,270,-17
106900009,297,390,-93
106900010,242,325,-83
106900012,1894,1755,139
106900013,513,122,391
106900014,29,4,25
106900015,14,0,14
106900016,290,15,275
106900017,1,1,0
106900018,3,0,3
106900019,33,2,31
106900020,2697,1286,1411
106900021,110,55,55
106900022,568,0,568
106900023,68,301,-233
106900024,425,40,385
106900025,78,692,-614
106900026,4,755,-751
106900027,1036,10,1026
107000001,3898,2723,1175
107000002,4216,5025,-809
107000003,4448,5958,-1510
107000004,5195,5802,-607
107000005,3463,4833,-1370
107000006,4330,5721,-1391
107000007,4760,9120,-4360
107000008,12912,10165,2747
107000009,6004,6683,-679
107000010,11139,12375,-1236
107000011,1355,1475,-120
107000012,4287,3570,717
107000013,47,147,-100
107000014,44,303,-259
107000015,510,871,-361
107000016,745,1020,-275
107000017,4307,982,3325
107000018,15,330,-315
107000020,2762,513,2249
107000021,1331,702,629
107000022,907,1064,-157
107000023,1902,331,1571
107000024,487,1594,-1107
107000025,267,512,-245
107000026,159,621,-462
107000027,1257,1251,6
107000028,1234,1780,-546
107000029,2753,2453,300
107000030,3261,3524,-263
107000031,3489,2225,1264
107000032,500,1140,-640
107000033,3528,5345,-1817
107000034,4312,1989,2323
107000035,396,270,126
107000036,478,1489,-1011
107000037,74,856,-782
107000038,256,271,-15
107000039,900,845,55
107000040,159,354,-195
107000041,1515,702,813
107000042,706,1930,-1224
107000043,2792,991,1801
107000044,586,354,232
107000045,151,261,-110
107000046,724,418,306
107000047,443,802,-359
107000048,579,337,242
107000049,588,771,-183
107000050,938,557,381
107000051,511,404,107
107000052,1066,899,167
107000053,372,212,160
107000054,79,328,-249
107000055,364,204,160
107000056,568,992,-424
107000057,2285,304,1981
107000058,2147,2150,-3
107000059,2478,4062,-1584
107000060,3574,5087,-1513
107000061,5856,4271,1585
107000062,3656,3000,656
107000063,4710,5742,-1032
107000064,4830,2345,2485
107000065,4955,5325,-370
107000066,2021,2654,-633
107000067,1119,1211,-92
107000068,1591,695,896
107000069,777,550,227
107000070,941,54,887
107000071,2537,44,2493
107000072,57,3232,-3175
107000073,568,278,290
107000074,133,1105,-972
107000075,1507,536,971
107000076,764,1772,-1008
107000077,2775,1379,1396
107000078,2558,3334,-776
107000079,2253,967,1286
107000080,1324,3428,-2104
107000081,1291,640,651
107000082,537,1969,-1432
107000083,1071,370,701
107000084,457,1906,-1449
107000085,3031,3567,-536
107000086,3904,3897,7
107000087,2731,2262,469
107000088,3348,4038,-690
107000089,1313,1953,-640
107000090,1019,1289,-270
107000091,1160,902,258
107000092,845,1311,-466
107000093,1143,895,248
107000094,1166,1347,-181
107000095,615,628,-13
107000096,631,937,-306
107000097,724,376,348
107000098,666,802,-136
107000099,505,316,189
107000100,267,276,-9
107000101,98,233,-135
107000102,395,360,35
107000103,323,261,62
107000104,268,366,-98
107000105,386,136,250
107000106,159,353,-194
107000107,609,228,381
107000108,295,909,-614
107000109,556,175,381
107000110,69,540,-471
107000111,254,60,194
107000112,48,337,-289
107000113,527,144,383
107000114,107,760,-653
107000115,516,164,352
107000116,123,916,-793
107000117,106,670,-564
107000118,127,233,-106
107000119,1716,1586,130
107000120,2031,407,1624
107000121,607,764,-157
107000122,1137,1046,91
107000123,340,887,-547
107000124,557,962,-405
107000125,745,829,-84
107000126,908,982,-74
107000129,427,882,-455
107000130,845,246,599
107000131,426,703,-277
107000132,579,354,225
107000133,975,124,851
107000134,227,2,225
107000135,3,254,-251
107000136,984,7,977
107000137,19,384,-365
107000138,349,40,309
107000139,22,467,-445
107000140,1458,94,1364
107000141,159,907,-748
107000142,597,100,497
107000143,71,834,-763
107000144,480,495,-15
107000145,190,548,-358
107000146,237,407,-170
107000147,4317,1319,2998
107000150,704,2378,-1674
107000151,50,75,-25
107000152,654,1044,-390
107000153,320,431,-111
107000154,332,216,116
107000155,1087,19,1068
107000156,952,20,932
107000157,18,1815,-1797
107000158,604,33,571
107000159,64,1476,-1412
107000160,813,152,661
107000161,91,1834,-1743
107000162,225,480,-255
107000163,243,4,239
107000164,566,0,566
107000165,796,8,788
107000166,54,1240,-1186
107000167,513,246,267
107000168,815,472,343
107000169,895,894,1
107000170,1819,746,1073
107000171,482,2206,-1724
107000172,1088,1381,-293
107000173,732,1289,-557
107000174,883,4013,-3130
107000175,7774,1987,5787
107000176,1,1,0
107000177,3,2,1
107000178,15,35,-20
107000179,213,2673,-2460
107000180,1063,309,754
107000181,371,1438,-1067
107000182,1452,927,525
107000183,119,892,-773
107000184,803,688,115
107000185,408,1208,-800
107000186,1016,383,633
107000187,1124,1244,-120
107000188,537,570,-33
107000189,373,1063,-690
107000190,559,799,-240
107000191,786,1385,-599
107000192,1560,924,636
107000193,425,438,-13
107000194,1055,822,233
107000197,782,220,562
107000198,254,805,-551
107000199,534,956,-422
107000200,923,839,84
107000201,354,207,147
107000202,318,589,-271
107000203,1184,519,665
107000204,2258,630,1628
107000205,2221,1035,1186
107000206,1041,1230,-189
107000207,837,997,-160
107000208,1224,426,798
107000209,2316,1316,1000
107000210,814,403,411
107000211,13,44,-31
107000212,13,425,-412
107000213,12,40,-28
107000214,30,225,-195
107000215,407,433,-26
107000216,361,398,-37
107000217,148,142,6
107000219,112,140,-28
107000220,188,252,-64
107000222,265,843,-578
107000224,291,86,205
107000225,151,505,-354
107000226,288,77,211
107000227,71,304,-233
107000228,79,214,-135
107000229,295,246,49
107000230,1225,566,659
107000231,1915,1293,622
107000232,102,66,36
107000233,1530,813,717
107000234,1,45,-44
107000235,53,9,44
107000236,25,501,-476
107000237,21,2,19
107000238,31,4,27
107000239,4106,605,3501
107000240,90,1060,-970
107000243,0,58,-58
107000244,4,81,-77
107000246,8,1309,-1301
107000249,7,1150,-1143
107000251,0,303,-303
107000252,0,958,-958
107000255,539,98,441
107000257,5,448,-443
107000258,0,124,-124
107000259,2,207,-205
107000260,598,10,588
107000262,9,683,-674
107000263,233,7,226
107000266,10,15,-5
107000267,72,180,-108
107000268,167,192,-25
107000269,672,40,632
107000270,4,9,-5
107000271,9,860,-851
107000272,23,175,-152
107000273,1,228,-227
107000274,1013,28,985
107000275,662,695,-33
107000280,653,27,626
107000281,42,1080,-1038
107000282,32,1134,-1102
107000290,3,21,-18
107000291,57,13,44
107000292,2,57,-55
107000293,194,2,192
107000294,0,32,-32
107000295,21,2,19
107000296,0,15,-15
107000444,214,4,210
107000496,0,18,-18
107000497,1514,2876,-1362
107000500,328,350,-22
107000501,110,163,-53
107000502,263,313,-50
107000505,539,884,-345
107000506,2,17,-15
107000508,14,568,-554
107000509,223,910,-687
107000510,34,25,9
107000514,61,283,-222
107000515,18,282,-264
107000516,333,207,126
107000518,1038,1074,-36
107000519,2846,1136,1710
107000520,86,27,59
107000521,640,436,204
107000522,722,746,-24
107900001,29,156,-127
107900002,38,6,32
107900003,329,10,319
107900004,15,0,15
107900005,1037,3,1034
107900006,209,2,207
107900007,335,24,311
107900008,69,37,32
107900009,154,8,146
107900010,24,3,21
107900012,232,16,216
107900013,194,60,134
107900014,30,0,30
107900015,776,9,767
107900016,453,101,352
107900017,15,2,13
107900018,41,141,-100
107900019,14,61,-47
107900020,111,19,92
107900021,67,128,-61
107900023,0,0,0
107900024,0,34,-34
107900025,176,321,-145
107900026,79,91,-12
107900027,66,52,14
107900028,50,102,-52
107900030,179,11,168
107900031,79,194,-115
107900032,37,0,37
107900033,28,4,24
107900034,263,13,250
107900035,659,46,613
107900036,87,7,80
107900037,0,51,-51
107900038,107,186,-79
107900039,29,50,-21
107900040,33,79,-46
107900041,1,1,0
107900043,41,159,-118
107900044,5,6,-1
107900045,91,62,29
107900046,158,142,16
107900047,26,63,-37
107900048,154,1,153
107900049,312,1068,-756
107900050,151,402,-251
107900051,88,61,27
107900052,36,19,17
107900053,50,86,-36
107900055,421,197,224
107900056,130,24,106
107900057,2,0,2
107900058,36,694,-658
107900060,32,32,0
107900061,21,2,19
107900063,75,86,-11
107900064,339,105,234
107900065,160,21,139
107900066,12,21,-9
107900067,0,0,0
107900068,293,230,63
107900069,78,1759,-1681
107900070,91,22,69
107900071,26,737,-711
107900072,94,143,-49
107900073,76,124,-48
107900074,772,175,597
107900076,123,57,66
107900077,30,0,30
107900079,5,13,-8
107900080,430,207,223
107900081,41,118,-77
107900082,26,22,4
107900083,286,151,135
107900084,101,81,20
107900086,43,99,-56
107900087,633,102,531
107900088,42,12,30
107900089,306,993,-687
107900090,486,2105,-1619
107900091,194,443,-249
107900093,87,64,23
107900095,3421,2128,1293
107900097,23,39,-16
107900098,44,160,-116
107900100,964,1119,-155
107900101,1221,212,1009
107900102,23,12,11
107900103,70,192,-122
107900104,265,5,260
107900105,0,516,-516
107900106,4,1261,-1257
107900107,862,488,374
107900108,385,125,260
107900109,1047,11,1036
107900110,44,98,-54
107900111,18,964,-946
107900112,195,426,-231
107900113,236,134,102
107900114,149,169,-20
107900115,1,32,-31
107900116,108,185,-77
107900117,613,384,229
107900118,66,143,-77
107900119,63,218,-155
107900120,18,32,-14
107900121,2,131,-129
107900122,14,65,-51
107900123,3,32,-29
107900124,43,39,4
107900125,41,170,-129
107900126,6,39,-33
107900127,395,312,83
107900128,94,70,24
107900129,60,14,46
107900130,57,20,37
107900131,634,193,441
107900132,104,408,-304
107900133,1,104,-103
107900134,35,50,-15
107900135,3,147,-144
107900136,25,40,-15
107900137,97,125,-28
107900138,35,26,9
107900139,29,67,-38
107900141,53,26,27
107900142,69,949,-880
107900143,44,47,-3
107900144,2,152,-150
107900145,5,79,-74
107900146,45,157,-112
107900147,53,33,20
107900148,156,143,13
107900149,1184,200,984
107900150,99,872,-773
107900151,37,100,-63
107900152,7,194,-187
107900153,209,349,-140
107900154,50,23,27
107900155,78,65,13
107900156,1,227,-226
107900157,29,98,-69
107900158,694,22,672
107900159,28,876,-848
107900160,114,150,-36
107900161,9,169,-160
107900162,2,33,-31
107900163,120,17,103
107900164,3,52,-49
107900165,32,98,-66
107900166,5,186,-181
107900167,34,15,19
107900168,26,56,-30
107900169,2,163,-161
107900171,6,1580,-1574
107900172,1,334,-333
107900173,19,161,-142
107900174,83,8,75
107900175,35,6,29
107900176,23,43,-20
107900177,0,53,-53
107900178,8,172,-164
107900179,24,156,-132
107900180,780,500,280
107900181,270,298,-28
107900182,2,1386,-1384
107900183,30,335,-305
107900184,81,238,-157
107900185,97,5,92
107900186,18,63,-45
107900187,0,107,-107
107900188,743,157,586
107900189,10,96,-86
107900190,104,118,-14
107900191,40,133,-93
107900193,12,58,-46
107900194,206,12,194
107900195,3171,435,2736
107900196,56,80,-24
107900197,956,272,684
107900199,6,1236,-1230
107900201,77,133,-56
107900203,27,77,-50
107900204,193,148,45
107900206,1143,154,989
107900207,1,611,-610
107900208,8,670,-662
107900209,388,99,289
107900210,96,116,-20
107900213,366,294,72
107900214,3,137,-134
107900215,135,250,-115
107900216,156,85,71
107900217,34,87,-53
107900218,21,1341,-1320
107900219,34,85,-51
107900220,211,278,-67
107900221,167,192,-25
107900223,86,615,-529
107900224,148,317,-169
107900225,9,786,-777
107900226,120,147,-27
107900227,108,392,-284
107900228,24,111,-87
107900229,6,259,-253
107900230,12,125,-113
107900231,12,236,-224
107900232,88,158,-70
107900233,11,216,-205
107900234,111,116,-5
107900235,21,97,-76
107900236,110,86,24
107900237,79,308,-229
107900238,19,147,-128
107900239,1076,402,674
107900240,27,126,-99
107900241,17,108,-91
107900242,18,291,-273
107900243,7,61,-54
107900244,398,2,396
107900245,556,42,514
107900246,182,11,171
107900248,203,389,-186
107900249,590,27,563
107900250,2,472,-470
107900251,114,1375,-1261
107900252,857,24,833
107900253,148,4,144
107900254,61,336,-275
107900255,355,88,267
107900256,1300,370,930
107900257,182,91,91
107900258,98,272,-174
107900259,96,1844,-1748
107900261,10,433,-423
107900262,38,166,-128
107900264,297,6,291
107900265,103,145,-42
107900267,193,19,174
107900268,39,13,26
107900269,0,6,-6
107900270,0,0,0
107900271,2,15,-13
107900272,103,16,87
107900273,45,109,-64
107900274,40,0,40
107900275,50,0,50
107900276,0,80,-80
107900277,0,208,-208
107900278,233,342,-109
107900279,136,168,-32
107900280,1643,2218,-575
107900281,2598,2206,392
107900282,74,364,-290
107900283,1210,415,795
107900284,548,754,-206
107900285,89,97,-8
107900286,182,120,62
107900287,161,203,-42
107900290,0,120,-120
107900291,302,17,285
107900292,107,199,-92
107900293,76,501,-425
107900295,65,104,-39
107900297,0,274,-274
107900298,880,724,156
107900299,3035,1942,1093
107900301,553,502,51
107900302,89,69,20
107900303,141,352,-211
107900304,188,435,-247
107900305,239,14,225
107900306,21,17,4
107900307,26,182,-156
107900308,158,68,90
107900309,220,0,220
107900310,244,4,240
107900311,2,121,-119
107900312,93,0,93
107900313,1,108,-107
107900314,1,35,-34
107900315,1,52,-51
107900316,30,3,27
107900317,196,22,174
107900318,30,180,-150
107900319,0,155,-155
107900320,8,165,-157
107900321,102,5,97
107900322,4,137,-133
107900323,14,131,-117
107900324,122,3,119
107900325,94,1,93
107900326,427,416,11
107900327,1,68,-67
107900328,223,0,223
107900329,230,92,138
107900330,8,423,-415
107900331,179,21,158
107900332,199,39,160
107900333,52,16,36
107900334,6,161,-155
107900335,30,64,-34
107900336,43,49,-6
107900337,1177,725,452
107900338,3,136,-133
107900339,3,15,-12
107900340,0,63,-63
107900341,48,5,43
107900342,90,94,-4
107900343,139,1,138
107900344,6,83,-77
107900345,99,35,64
107900346,16,2,14
107900347,29,1,28
107900348,15,5,10
107900349,7,3,4
107900350,20,259,-239
107900351,5,199,-194
107900352,4,53,-49
107900353,19,5,14
107900354,14,40,-26
108000001,2654,3748,-1094
108000002,2700,3291,-591
108000003,3244,2917,327
108000004,16289,17476,-1187
108000005,7436,5372,2064
108000006,9046,8255,791
108000007,4752,4192,560
108000008,5345,6894,-1549
108000009,3444,4128,-684
108000010,3310,5039,-1729
108000011,10050,11062,-1012
108000012,18053,17747,306
108000014,1173,751,422
108000015,741,285,456
108000016,297,879,-582
108000017,931,368,563
108000018,1636,597,1039
108000019,2005,798,1207
108000020,1192,540,652
108000021,408,1945,-1537
108000022,533,1477,-944
108000023,1078,238,840
108000024,339,665,-326
108000025,276,272,4
108000026,673,572,101
108000027,656,807,-151
108000028,617,285,332
108000029,530,935,-405
108000030,897,306,591
108000031,380,662,-282
108000032,1333,616,717
108000033,763,1295,-532
108000034,1505,504,1001
108000035,835,2591,-1756
108000036,370,1326,-956
108000037,1402,403,999
108000038,2250,561,1689
108000039,511,2490,-1979
108000040,1608,861,747
108000041,721,2790,-2069
108000042,282,306,-24
108000043,246,341,-95
108000044,402,263,139
108000045,272,690,-418
108000046,1307,377,930
108000047,455,1118,-663
108000048,110,436,-326
108000049,759,254,505
108000050,172,817,-645
108000051,301,162,139
108000052,284,839,-555
108000053,387,264,123
108000054,608,1076,-468
108000055,1121,443,678
108000056,1504,1292,212
108000057,736,1105,-369
108000058,2080,3515,-1435
108000059,3772,2379,1393
108000060,219,694,-475
108000061,312,581,-269
108000062,673,597,76
108000063,354,532,-178
108000064,200,298,-98
108000065,566,567,-1
108000066,1776,835,941
108000067,1649,572,1077
108000068,618,388,230
108000069,260,1103,-843
108000070,1423,743,680
108000071,647,1757,-1110
108000072,1281,1109,172
108000073,1428,1899,-471
108000074,493,379,114
108000075,340,926,-586
108000076,590,527,63
108000077,641,770,-129
108000078,1843,1451,392
108000079,950,1907,-957
108000080,982,503,479
108000081,495,2070,-1575
108000082,1099,1997,-898
108000083,1718,980,738
108000084,451,1259,-808
108000085,625,478,147
108000086,838,841,-3
108000087,131,1670,-1539
108000088,722,236,486
108000089,366,306,60
108000091,253,576,-323
108000092,154,90,64
108000093,152,697,-545
108000094,437,117,320
108000095,119,486,-367
108000096,288,198,90
108000097,127,522,-395
108000098,1192,1362,-170
108000099,883,268,615
108000100,143,439,-296
108000101,987,1323,-336
108000102,1601,3008,-1407
108000106,972,3,969
108000107,2,725,-723
108000108,681,51,630
108000109,11,826,-815
108000110,158,418,-260
108000111,183,790,-607
108000112,63,119,-56
108000113,562,282,280
108000115,374,391,-17
108000117,803,359,444
108000118,624,1508,-884
108000119,762,489,273
108000120,134,822,-688
108000121,199,566,-367
108000122,442,377,65
108000123,519,261,258
108000124,241,573,-332
108000125,321,299,22
108000126,180,509,-329
108000127,545,364,181
108000128,604,584,20
108000129,322,1295,-973
108000130,382,322,60
108000131,871,539,332
108000132,2338,1618,720
108000133,771,612,159
108000134,600,709,-109
108000135,983,463,520
108000136,530,1036,-506
108000137,403,439,-36
108000138,325,1130,-805
108000139,352,351,1
108000140,76,25,51
108000141,28,101,-73
108000142,68,110,-42
108000143,47,521,-474
108000144,303,77,226
108000145,50,25,25
108000146,478,74,404
108000147,102,37,65
108000148,607,109,498
108000149,85,26,59
108000150,50,6,44
108000151,210,72,138
108000152,117,587,-470
108000153,421,151,270
108000154,93,18,75
108000155,48,27,21
108000156,743,596,147
108000157,130,698,-568
108000158,94,702,-608
108000159,677,228,449
108000160,4300,1080,3220
108000161,3357,2093,1264
108000165,5,177,-172
108000172,9,287,-278
108000173,2361,1645,716
108000175,465,125,340
108000178,503,344,159
108000179,307,716,-409
108000181,80,45,35
108000182,375,101,274
108000183,52,347,-295
108000184,1212,1873,-661
108000185,181,536,-355
108000186,330,568,-238
108000187,114,727,-613
108000188,515,292,223
108000189,2597,6263,-3666
108000190,37,110,-73
108000192,171,714,-543
108000193,714,35,679
108000194,35,20,15
108000195,5,1272,-1267
108000196,188,207,-19
108000198,786,483,303
108000199,0,232,-232
108000200,338,598,-260
108000203,157,870,-713
108000204,126,40,86
108000205,365,516,-151
108000339,1401,440,961
108000364,342,910,-568
108000365,81,316,-235
108000367,178,366,-188
108000368,8,75,-67
108000369,1376,216,1160
108000371,8,728,-720
108000372,571,25,546
108000373,216,169,47
108000376,73,22,51
108000377,366,368,-2
108000378,8742,9807,-1065
108000379,31,199,-168
108000381,72,15,57
108000382,219,1,218
108000383,2,258,-256
108900001,115,1174,-1059
108900002,215,72,143
108900003,347,951,-604
108900004,1273,480,793
108900007,171,162,9
108900008,98,135,-37
108900009,53,123,-70
108900010,185,174,11
108900011,332,412,-80
108900012,230,397,-167
108900013,124,251,-127
108900014,5,98,-93
108900015,0,71,-71
108900016,2,225,-223
108900017,236,278,-42
108900018,136,468,-332
108900019,58,915,-857
108900020,26,211,-185
108900021,78,223,-145
108900022,150,4,146
108900023,8,21,-13
108900024,20,123,-103
108900025,78,133,-55
108900026,28,80,-52
108900027,0,88,-88
108900028,61,392,-331
108900029,42,296,-254
108900030,1,96,-95
108900031,66,447,-381
108900032,7,241,-234
108900033,0,58,-58
108900034,2,263,-261
108900035,272,1545,-1273
108900038,0,412,-412
108900039,4,514,-510
108900040,6,116,-110
108900041,5202,2731,2471
108900042,8,326,-318
108900043,80,507,-427
108900044,0,605,-605
108900045,48,635,-587
108900046,62,895,-833
108900047,3,137,-134
108900048,104,1032,-928
108900049,4394,1117,3277
108900050,3,257,-254
108900051,1,199,-198
108900052,20,235,-215
108900053,92,192,-100
108900054,64,186,-122
108900055,55,376,-321
108900056,1,159,-158
108900057,0,153,-153
108900058,25,418,-393
108900059,427,23,404
108900060,142,193,-51
108900061,74,37,37
108900062,5,323,-318
108900063,5,343,-338
108900064,184,97,87
108900065,13,340,-327
108900066,262,138,124
108900067,15,220,-205
108900068,9,236,-227
108900069,44,131,-87
108900070,38,155,-117
108900071,46,57,-11
108900072,2196,483,1713
108900073,25,428,-403
108900074,142,542,-400
108900075,69,75,-6
108900076,244,69,175
108900077,128,526,-398
108900078,23,200,-177
108900079,863,207,656
108900080,38,767,-729
108900081,36,287,-251
108900082,54,118,-64
108900083,38,286,-248
108900085,2240,186,2054
108900086,79,270,-191
108900087,133,237,-104
108900088,948,382,566
108900089,18,159,-141
108900090,33,378,-345
108900091,121,118,3
108900092,479,334,145
108900093,82,97,-15
108900094,224,99,125
108900095,50,476,-426
108900096,392,21,371
108900097,263,275,-12
108900098,2959,479,2480
108900099,248,263,-15
108900100,85,185,-100
108900101,192,144,48
108900102,148,828,-680
108900103,93,113,-20
108900105,8,1041,-1033
108900106,328,409,-81
108900108,695,56,639
108900109,359,78,281
108900110,175,452,-277
108900111,430,601,-171
108900113,66,65,1
108900114,60,9,51
108900115,76,58,18
108900116,63,9,54
108900117,205,23,182
108900118,520,20,500
108900119,264,24,240
108900120,267,166,101
108900121,341,97,244
108900122,130,25,105
108900123,110,108,2
108900124,418,213,205
108900125,301,4,297
108900126,106,22,84
108900127,142,25,117
108900128,94,27,67
108900129,690,160,530
108900130,270,3,267
108900131,374,4,370
108900132,455,60,395
108900133,214,47,167
108900134,244,258,-14
108900135,129,8,121
108900136,57,0,57
108900137,134,4,130
108900138,598,34,564
108900140,221,232,-11
108900141,236,14,222
108900142,124,12,112
108900143,33,0,33
108900144,71,0,71
108900145,166,18,148
108900146,76,0,76
108900147,156,2,154
108900148,67,37,30
108900150,243,5,238
108900151,171,4,167
108900152,148,11,137
108900153,151,393,-242
108900154,3863,489,3374
108900156,65,4,61
108900157,30,535,-505
108900158,261,39,222
108900159,11,283,-272
108900160,18,270,-252
108900161,7,465,-458
108900162,84,0,84
108900163,4,215,-211
108900164,39,80,-41
108900168,9085,2359,6726
108900169,34,107,-73
108900171,6766,2426,4340
108900172,206,33,173
108900173,181,399,-218
108900174,656,482,174
108900176,115,625,-510
108900177,6931,3915,3016
108900178,4690,2853,1837
108900180,112,322,-210
108900183,196,234,-38
108900184,366,165,201
108900185,64,277,-213
108900186,41,421,-380
108900189,252,128,124
108900190,60,2827,-2767
108900192,90,240,-150
108900195,123,290,-167
108900196,21,449,-428
108900199,265,406,-141
108900200,930,301,629
108900201,441,1362,-921
108900203,415,49,366
108900204,308,17,291
108900205,151,29,122
108900206,360,48,312
108900207,165,88,77
108900208,23,373,-350
108900209,292,556,-264
108900210,177,233,-56
108900211,185,421,-236
108900212,759,1182,-423
108900215,112,523,-411
108900216,490,176,314
108900217,128,0,128
108900218,167,13,154
108900221,63,144,-81
108900224,48,175,-127
108900225,1,192,-191
108900227,145,284,-139
108900230,294,276,18
108900232,2,294,-292
108900233,307,93,214
108900234,302,150,152
108900235,230,623,-393
108900236,26,280,-254
108900240,105,113,-8
108900241,19,35,-16
108900245,17,1180,-1163
108900250,279,141,138
108900258,6,260,-254
108900259,62,117,-55
108900260,16,119,-103
108900261,110,149,-39
108900262,193,153,40
108900263,28,201,-173
108900264,710,328,382
108900265,1063,292,771
108900266,1154,539,615
108900267,2,85,-83
108900268,7,6,1
108900269,62,20,42
108900270,57,10,47
108900271,52,15,37
108900272,182,7,175
108900273,1121,651,470
108900274,62,69,-7
109000001,3489,1390,2099
109000002,2017,1653,364
109000003,2484,627,1857
109000004,516,2526,-2010
109000005,2522,797,1725
109000006,916,2329,-1413
109000007,1407,716,691
109000008,503,2038,-1535
109000009,3387,1340,2047
109000010,1736,4367,-2631
109000011,3197,2145,1052
109000012,2097,3984,-1887
109000013,3073,2939,134
109000014,1876,3645,-1769
109000015,3413,6396,-2983
109000016,8797,4698,4099
109000017,2065,1316,749
109000018,1113,3710,-2597
109000019,3083,1364,1719
109000020,1471,2282,-811
109000023,211,22,189
109000024,11,257,-246
109000025,411,512,-101
109000026,836,385,451
109000027,73,333,-260
109000028,117,103,14
109000029,134,223,-89
109000030,72,630,-558
109000031,162,125,37
109000032,124,521,-397
109000033,389,139,250
109000034,45,53,-8
109000035,35,54,-19
109000036,101,462,-361
109000037,232,1045,-813
109000038,561,469,92
109000039,882,589,293
109000040,4587,6142,-1555
109000041,4681,1636,3045
109000042,851,1250,-399
109000044,383,82,301
109000045,125,387,-262
109000046,269,83,186
109000047,116,518,-402
109000048,851,193,658
109000049,344,511,-167
109000050,393,284,109
109000051,383,253,130
109000052,502,1283,-781
109000053,204,104,100
109000054,224,665,-441
109000055,251,231,20
109000056,342,460,-118
109000057,560,323,237
109000058,1026,255,771
109000059,1092,1300,-208
109000060,485,382,103
109000061,1349,810,539
109000062,107,305,-198
109000063,179,243,-64
109000064,190,182,8
109000065,91,308,-217
109000066,306,105,201
109000067,67,364,-297
109000068,1851,4,1847
109000069,866,26,840
109000070,9,1080,-1071
109000071,291,85,206
109000072,126,354,-228
109000073,37,102,-65
109000074,36,201,-165
109000075,118,357,-239
109000076,118,256,-138
109000077,392,253,139
109000078,87,201,-114
109000079,159,206,-47
109000080,149,140,9
109000081,108,563,-455
109000082,533,247,286
109000083,329,783,-454
109000088,148,482,-334
109000089,200,52,148
109000090,166,455,-289
109000091,289,170,119
109000092,350,551,-201
109000093,218,225,-7
109000094,378,1,377
109000095,147,529,-382
109000096,553,273,280
109000097,83,191,-108
109000098,66,127,-61
109000099,815,410,405
109000100,240,723,-483
109000101,1197,804,393
109000102,296,848,-552
109000103,401,665,-264
109000104,1292,644,648
109000105,487,1217,-730
109000106,1748,788,960
109000107,651,2273,-1622
109000108,1534,555,979
109000109,414,2021,-1607
109000110,1100,476,624
109000111,1053,2226,-1173
109000112,458,163,295
109000113,407,258,149
109000114,140,434,-294
109000115,1467,131,1336
109000116,18,293,-275
109000117,172,94,78
109000118,18,359,-341
109000119,988,322,666
109000120,152,994,-842
109000121,372,73,299
109000122,109,950,-841
109000123,42,74,-32
109000124,515,410,105
109000125,953,448,505
109000126,510,885,-375
109000127,726,236,490
109000128,545,1948,-1403
109000129,1785,788,997
109000130,733,2829,-2096
109000131,742,573,169
109000132,851,2299,-1448
109000133,398,1144,-746
109000134,860,1518,-658
109000135,1235,1463,-228
109000136,353,317,36
109000137,313,356,-43
109000138,522,313,209
109000139,437,491,-54
109000140,178,407,-229
109000141,371,514,-143
109000142,137,557,-420
109000143,88,137,-49
109000145,122,302,-180
109000146,139,123,16
109000148,3618,1539,2079
109000149,28,53,-25
109000150,261,233,28
109000155,662,654,8
109000156,1319,762,557
109000158,167,281,-114
109000159,131,630,-499
109000160,954,246,708
109000161,390,1261,-871
109000162,1811,832,979
109000163,1039,1929,-890
109000164,1263,2958,-1695
109000165,1092,669,423
109000166,554,140,414
109000167,154,759,-605
109000170,67,78,-11
109000171,81,77,4
109000172,45,74,-29
109000173,46,84,-38
109000174,146,56,90
109000175,45,97,-52
109000176,264,256,8
109000177,50,110,-60
109000178,497,453,44
109000179,6143,4354,1789
109000180,5593,3533,2060
109000181,13,34,-21
109000182,41,35,6
109000183,53,41,12
109000184,53,25,28
109000185,28,66,-38
109000188,753,2176,-1423
109000189,2896,1108,1788
109000190,464,520,-56
109000191,322,524,-202
109000192,352,249,103
109000193,164,379,-215
109000194,195,114,81
109000195,113,443,-330
109000196,275,126,149
109000197,140,491,-351
109000198,257,73,184
109000199,93,517,-424
109000206,237,36,201
109000207,78,42,36
109000208,87,96,-9
109000209,162,148,14
109000210,267,670,-403
109000211,496,583,-87
109000214,445,421,24
109000215,185,103,82
109000216,320,219,101
109000217,169,118,51
109000218,361,222,139
109000221,556,1232,-676
109000222,874,300,574
109000223,307,250,57
109000224,37,174,-137
109000225,71,56,15
109000226,80,285,-205
109000227,906,1225,-319
109000228,3,631,-628
109000231,8,365,-357
109000232,342,441,-99
109000236,200,827,-627
109000241,2072,2227,-155
109000242,1721,1663,58
109000293,18,40,-22
109000361,212,271,-59
109000364,165,571,-406
109000396,7,711,-704
109000397,469,14,455
109000399,176,488,-312
109000400,104,382,-278
109000403,113,622,-509
109000406,578,94,484
109000407,232,229,3
109000408,2,666,-664
109000410,1063,327,736
109000411,206,33,173
109900001,94,0,94
109900002,814,21,793
109900003,251,1,250
109900004,863,186,677
109900005,24,2,22
109900006,346,227,119
109900007,601,799,-198
109900008,2,55,-53
109900009,144,571,-427
109900010,460,11,449
109900011,106,35,71
109900012,199,213,-14
109900013,388,141,247
109900014,352,53,299
109900015,503,204,299
109900016,120,29,91
109900017,166,181,-15
109900018,234,102,132
109900019,154,80,74
109900020,28,65,-37
109900021,50,22,28
109900022,89,292,-203
109900023,25,7,18
109900024,26,8,18
109900025,19,89,-70
109900026,1,162,-161
109900027,35,40,-5
109900028,2111,841,1270
109900029,1,435,-434
109900030,38,11,27
109900031,0,90,-90
109900032,13,286,-273
109900033,1,403,-402
109900034,30,7,23
109900035,11,23,-12
109900036,11,105,-94
109900037,32,557,-525
109900038,33,221,-188
109900039,18,1,17
109900040,21,619,-598
109900041,70,397,-327
109900042,31,344,-313
109900044,89,297,-208
109900045,260,84,176
109900046,84,96,-12
109900047,256,390,-134
109900048,11,106,-95
109900049,21,22,-1
109900050,6,248,-242
109900051,1,64,-63
109900052,83,307,-224
109900053,4,460,-456
109900054,509,228,281
109900055,46,308,-262
109900056,34,206,-172
109900057,7,256,-249
109900058,0,110,-110
109900059,477,82,395
109900060,410,141,269
109900061,55,339,-284
109900062,0,262,-262
109900063,5,362,-357
109900064,509,234,275
109900065,106,135,-29
109900066,371,978,-607
109900067,3,358,-355
109900068,50,6,44
109900069,2,34,-32
109900070,51,341,-290
109900071,4,35,-31
109900072,32,199,-167
109900073,292,585,-293
109900074,8,51,-43
109900075,18,36,-18
109900076,25,485,-460
109900077,42,46,-4
109900078,101,257,-156
109900080,136,347,-211
109900081,26,179,-153
109900082,39,386,-347
109900083,14,84,-70
109900084,82,151,-69
109900085,279,798,-519
109900086,145,344,-199
109900087,427,429,-2
109900089,598,164,434
109900090,557,1191,-634
109900091,240,83,157
109900092,453,10,443
109900093,714,122,592
109900094,104,117,-13
109900095,108,235,-127
109900096,31,4,27
109900097,83,4,79
109900098,380,32,348
109900099,129,2,127
109900100,48,0,48
109900101,323,9,314
109900102,440,27,413
109900103,32,47,-15
109900104,478,909,-431
109900105,451,28,423
109900106,267,62,205
109900107,371,82,289
109900108,77,320,-243
109900109,30,132,-102
109900110,104,360,-256
109900111,324,973,-649
109900112,320,766,-446
109900113,640,463,177
109900114,1210,366,844
109900115,127,131,-4
109900117,814,141,673
109900118,243,459,-216
109900119,592,304,288
109900120,73,43,30
109900121,398,375,23
109900122,338,5,333
109900123,14,156,-142
109900124,54,651,-597
109900125,5,192,-187
109900126,152,149,3
109900128,206,60,146
109900130,8879,2259,6620
109900131,74,225,-151
109900132,58,185,-127
109900133,64,319,-255
109900134,111,62,49
109900135,451,88,363
109900136,39,158,-119
109900137,112,313,-201
109900140,192,265,-73
109900142,1201,342,859
109900145,5,394,-389
109900146,512,37,475
109900148,61,87,-26
109900149,50,62,-12
109900150,5,112,-107
109900151,15,76,-61
109900152,3,38,-35
109900153,0,53,-53
109900154,47,0,47
109900155,56,27,29
109900157,61,259,-198
109900158,66,137,-71
109900159,179,36,143
109900160,151,63,88
109900161,192,45,147
109900162,171,103,68
109900163,700,328,372
109900164,47,277,-230
109900165,157,9,148
109900166,2,157,-155
109900167,188,584,-396
109900168,245,770,-525
109900169,164,206,-42
109900170,259,764,-505
109900171,113,87,26
109900172,192,225,-33
109900173,3709,1933,1776
109900174,60,141,-81
109900175,62,104,-42
109900176,63,171,-108
109900177,38,220,-182
109900178,3,83,-80
109900179,28,17,11
109900180,8,15,-7
110000001,972,603,369
110000002,626,762,-136
110000003,915,794,121
110000004,571,683,-112
110000005,651,1947,-1296
110000006,604,359,245
110000007,130,153,-23
110000008,25,61,-36
110000009,83,46,37
110000010,55,51,4
110000011,63,102,-39
110000012,783,467,316
110000013,37,585,-548
110000014,668,435,233
110000015,241,637,-396
110000016,272,1695,-1423
110000017,3069,295,2774
110000018,2810,438,2372
110000019,6,122,-116
110000020,402,274,128
110000021,878,451,427
110000022,747,206,541
110000023,4,161,-157
110000024,769,415,354
110000025,308,5,303
110000026,7,420,-413
110000027,1623,365,1258
110000028,1056,724,332
110000029,535,921,-386
110000030,244,357,-113
110000031,268,565,-297
110000032,789,510,279
110000033,443,79,364
110000034,456,731,-275
110000035,859,733,126
110000036,953,645,308
110000037,274,475,-201
110000038,198,613,-415
110000039,784,2651,-1867
110000040,416,417,-1
110000041,402,1202,-800
110000042,110,258,-148
110000043,757,273,484
110000044,167,94,73
110000045,964,84,880
110000046,25,11,14
110000047,223,11,212
110000048,18,5,13
110000049,101,20,81
110000050,8,22,-14
110000051,108,19,89
110000052,39,34,5
110000053,191,11,180
110000054,214,155,59
110000055,598,25,573
110000056,177,44,133
110000057,499,799,-300
110000058,1204,590,614
110000059,859,585,274
110000060,688,1060,-372
110000061,833,861,-28
110000062,584,1004,-420
110000063,33,102,-69
110000064,148,128,20
110000065,95,78,17
110000066,99,54,45
110000067,121,328,-207
110000068,413,335,78
110000069,162,109,53
110000071,128,195,-67
110000073,7,27,-20
110000075,10,106,-96
110000076,305,364,-59
110000077,449,1384,-935
110000078,21,68,-47
110000080,335,731,-396
110000081,36,338,-302
110000082,79,386,-307
110000083,301,731,-430
110000084,1064,688,376
110000085,2347,1819,528
110000086,1475,1847,-372
110000087,8,73,-65
110000088,86,312,-226
110000089,200,177,23
110000090,141,318,-177
110000091,1636,391,1245
110000092,33,91,-58
110000093,67,8,59
110000094,549,288,261
110000095,184,777,-593
110000096,2779,2058,721
110000097,988,1305,-317
110000098,2002,754,1248
110000099,1023,1746,-723
110000100,753,643,110
110000101,39,457,-418
110000102,61,27,34
110000104,366,114,252
110000105,108,270,-162
110000106,714,366,348
110000107,395,441,-46
110000108,227,80,147
110000109,298,393,-95
110000110,3611,4243,-632
110000111,7088,2970,4118
110000112,1455,1050,405
110000113,515,2039,-1524
110000114,138,533,-395
110000115,300,278,22
110000116,39,62,-23
110000117,173,435,-262
110000118,440,177,263
110000119,187,336,-149
110000120,382,189,193
110000121,128,402,-274
110000122,470,657,-187
110000123,492,730,-238
110000124,4,866,-862
110000125,1037,14,1023
110000126,330,30,300
110000127,1082,35,1047
110000128,49,1306,-1257
110000129,5,610,-605
110000130,373,165,208
110000131,94,492,-398
110000132,4,749,-745
110000133,32,475,-443
110000134,22,437,-415
110000135,196,36,160
110000136,67,325,-258
110000137,613,687,-74
110000138,731,820,-89
110000139,701,1524,-823
110000140,1211,657,554
110000143,725,487,238
110000144,5312,1518,3794
110000145,2020,821,1199
110000146,1538,742,796
110000147,585,784,-199
110000148,669,285,384
110000151,935,687,248
110000152,905,405,500
110000153,79,65,14
110000154,5,39,-34
110000155,1570,3495,-1925
110000156,1231,2030,-799
110000157,1833,1741,92
110000160,344,337,7
110000161,145,341,-196
110000166,429,131,298
110000167,790,636,154
110000168,878,524,354
110000169,811,439,372
110000170,140,113,27
110000171,623,186,437
110000172,191,924,-733
110000173,1116,1279,-163
110000174,236,1280,-1044
110000175,520,106,414
110000176,69,286,-217
110000177,153,931,-778
110000178,398,1051,-653
110000179,1291,367,924
110000180,154,356,-202
110000181,298,418,-120
110000182,341,214,127
110000183,11077,6428,4649
110000184,697,2102,-1405
110000185,1234,693,541
110000186,656,877,-221
110000191,639,451,188
110000192,437,10,427
110000193,767,10,757
110000194,28,1218,-1190
110000195,411,313,98
110000196,279,420,-141
110000197,75,197,-122
110000198,118,65,53
110000199,63,122,-59
110000200,1128,471,657
110000201,692,780,-88
110000202,1210,565,645
110000203,832,868,-36
110000204,7,277,-270
110000205,135,48,87
110000206,688,1499,-811
110000207,792,341,451
110000208,124,190,-66
110000209,120,845,-725
110000210,756,624,132
110000211,647,711,-64
110000212,398,1015,-617
110000213,211,65,146
110000214,183,126,57
110000215,229,504,-275
110000216,108,501,-393
110000217,230,205,25
110000218,155,489,-334
110000219,264,78,186
110000220,47,340,-293
110000221,288,102,186
110000222,66,306,-240
110000223,8,229,-221
110000224,74,31,43
110000225,261,699,-438
110000226,204,90,114
110000227,794,711,83
110000228,337,373,-36
110000229,0,314,-314
110000230,418,621,-203
110000231,136,202,-66
110000232,200,208,-8
110000233,167,252,-85
110000234,592,390,202
110000235,1036,1075,-39
110000236,559,805,-246
110000237,1774,1100,674
110000238,1135,1548,-413
110000239,1928,1261,667
110000240,2,78,-76
110000242,0,21,-21
110000243,113,168,-55
110000244,142,296,-154
110000245,54,400,-346
110000246,794,557,237
110000247,1378,5346,-3968
110000248,2529,2006,523
110000249,116,9,107
110000250,24,219,-195
110000251,282,685,-403
110000252,180,243,-63
110000253,1200,688,512
110000254,729,1499,-770
110000255,245,1131,-886
110000256,486,273,213
110000257,674,422,252
110000258,7,421,-414
110000259,100,18,82
110000260,20,343,-323
110000263,551,160,391
110000264,197,478,-281
110000265,1145,2125,-980
110000266,1946,2450,-504
110000267,13,172,-159
110000268,288,549,-261
110000269,9,89,-80
110000270,63,2,61
110000271,2001,306,1695
110000272,1188,968,220
110000273,3476,1338,2138
110000274,205,1314,-1109
110000275,2259,470,1789
110000276,281,296,-15
110000277,269,401,-132
110000278,335,795,-460
110000279,641,733,-92
110000280,362,400,-38
110000281,39,240,-201
110000282,298,36,262
110000283,92,125,-33
110000284,62,43,19
110000285,7,365,-358
110000286,21,2,19
110000287,60,5,55
110000288,6,76,-70
110000289,563,1395,-832
110000290,948,653,295
110000291,5469,1494,3975
110000292,1477,3950,-2473
110000293,549,795,-246
110000294,862,1030,-168
110000295,173,901,-728
110000296,305,304,1
110000297,2502,347,2155
110000298,341,772,-431
110000299,609,116,493
110000301,276,37,239
110000302,322,1170,-848
110000303,410,4,406
110000304,145,307,-162
110000305,999,32,967
110000306,124,1406,-1282
110000307,1457,3,1454
110000308,456,9,447
110000309,6,937,-931
110000310,565,93,472
110000311,18,665,-647
110000312,510,80,430
110000313,2990,4029,-1039
110000314,2,313,-311
110000315,3441,2125,1316
110000316,571,1176,-605
110000317,581,385,196
110000318,3,87,-84
110000319,16,27,-11
110000320,82,51,31
110000321,28,55,-27
110000322,294,397,-103
110000323,371,209,162
110000324,4075,1338,2737
110000325,2453,2608,-155
110000327,622,346,276
110000328,210,411,-201
110000333,758,570,188
110000334,768,1344,-576
110000335,718,562,156
110000336,713,1142,-429
110000337,1498,596,902
110000338,339,193,146
110000339,259,262,-3
110000340,62,191,-129
110000341,464,530,-66
110000342,440,7,433
110000343,0,14,-14
110000344,156,150,6
110000345,193,97,96
110000346,2365,1684,681
110000347,1065,698,367
110000348,45,42,3
110000349,8,26,-18
110000350,31,6,25
110000351,814,875,-61
110000352,629,1764,-1135
110000353,2673,827,1846
110000354,1250,2707,-1457
110000355,118,128,-10
110000356,647,10,637
110000357,369,22,347
110000361,11,107,-96
110000362,56,27,29
110000363,286,166,120
110000364,125,357,-232
110000365,157,3,154
110000366,4,97,-93
110000367,307,175,132
110000368,7,68,-61
110000369,36,2,34
110000373,7,281,-274
110000374,207,15,192
110000375,109,860,-751
110000376,31,123,-92
110000377,54,507,-453
110000378,16,392,-376
110000379,3268,1360,1908
110000380,35,12,23
110000383,4,1159,-1155
110000384,2895,1082,1813
110000385,0,158,-158
110000387,74,8,66
110000388,31,262,-231
110000389,721,58,663
110000391,466,308,158
110000396,176,187,-11
110000397,99,152,-53
110000398,10,70,-60
110000399,248,2,246
110000587,114,30,84
110000589,236,165,71
110000640,209,125,84
110000652,15,107,-92
110000653,314,459,-145
110000654,30,61,-31
110000656,1,603,-602
110000674,16,24,-8
110000675,7,8,-1
110000676,1,43,-42
110000679,627,1155,-528
110000682,127,182,-55
110000683,381,593,-212
110000684,12,61,-49
110000685,5,14,-9
110000686,2,31,-29
110000687,82,1,81
110000688,96,827,-731
110000689,74,89,-15
110000692,111,167,-56
110000693,192,255,-63
110000694,0,192,-192
110000695,243,655,-412
110000696,134,129,5
110900001,281,7,274
110900002,859,284,575
110900003,584,709,-125
110900004,346,267,79
110900005,3330,1881,1449
110900006,68,10,58
110900007,112,35,77
110900008,18,44,-26
110900009,360,106,254
110900010,11,110,-99
110900011,14,98,-84
110900012,14,118,-104
110900013,857,184,673
110900014,257,10,247
110900015,787,504,283
110900016,49,184,-135
110900017,417,50,367
110900018,428,68,360
110900019,184,21,163
110900020,86,385,-299
110900021,53,622,-569
110900022,120,392,-272
110900023,87,575,-488
110900024,43,478,-435
110900025,2,58,-56
110900027,42,202,-160
110900028,57,144,-87
110900029,15,371,-356
110900030,45,305,-260
110900031,4,219,-215
110900032,0,98,-98
110900033,33,219,-186
110900035,27,527,-500
110900036,86,43,43
110900037,69,40,29
110900038,1157,194,963
110900039,20,303,-283
110900040,199,70,129
110900041,14,126,-112
110900042,127,91,36
110900043,9,164,-155
110900044,282,20,262
110900045,45,505,-460
110900046,62,346,-284
110900047,610,298,312
110900049,92,101,-9
110900050,22,2,20
110900051,59,215,-156
110900052,12,181,-169
110900053,94,53,41
110900054,28,251,-223
110900055,37,2,35
110900056,74,91,-17
110900057,7,240,-233
110900058,243,237,6
110900059,688,653,35
110900060,394,152,242
110900061,29,52,-23
110900062,152,250,-98
110900063,41,150,-109
110900064,18,0,18
110900065,477,175,302
110900066,5,74,-69
110900067,412,625,-213
110900068,244,246,-2
110900069,12,27,-15
110900070,152,61,91
110900071,276,565,-289
110900073,1,32,-31
110900074,263,91,172
110900075,370,92,278
110900077,704,597,107
110900078,42,88,-46
110900079,2710,1097,1613
110900080,86,79,7
110900081,13,92,-79
110900082,126,190,-64
110900083,108,69,39
110900084,39,132,-93
110900085,44,399,-355
110900086,49,279,-230
110900087,282,57,225
110900088,10,1,9
110900090,22,54,-32
110900091,2,55,-53
110900093,235,111,124
110900095,42,59,-17
110900097,20,41,-21
110900098,39,123,-84
110900099,57,552,-495
110900100,0,26,-26
110900102,77,23,54
110900105,588,415,173
110900108,13,116,-103
110900111,378,138,240
110900112,743,9,734
110900113,486,56,430
110900115,7,108,-101
110900116,509,2087,-1578
110900118,142,2507,-2365
110900119,4447,357,4090
110900120,10,116,-106
110900121,99,0,99
110900122,340,169,171
110900125,327,360,-33
110900127,614,1204,-590
110900128,409,459,-50
110900129,383,701,-318
110900130,1456,597,859
110900131,153,53,100
110900132,269,39,230
110900133,92,248,-156
110900135,95,372,-277
110900136,284,14,270
110900138,0,0,0
110900139,21,0,21
110900140,9,0,9
110900141,763,148,615
110900142,60,191,-131
110900143,181,106,75
110900144,2,785,-783
110900145,135,38,97
110900146,339,114,225
110900147,123,328,-205
110900148,6,293,-287
110900149,4,167,-163
110900150,79,28,51
110900151,7,55,-48
110900152,43,271,-228
110900153,111,43,68
111000001,941,655,286
111000002,873,681,192
111000003,1471,1295,176
111000004,777,1295,-518
111000005,1588,1456,132
111000006,1159,1986,-827
111000007,4718,3822,896
111000008,3411,3966,-555
111000009,357,675,-318
111000010,784,310,474
111000011,458,1067,-609
111000012,865,432,433
111000013,367,1284,-917
111000014,1394,734,660
111000017,145,856,-711
111000018,286,418,-132
111000020,1514,2716,-1202
111000021,105,128,-23
111000023,89,114,-25
111000025,5849,3357,2492
111000029,89,102,-13
111000030,48,101,-53
111000031,2021,1355,666
111000032,684,335,349
111000033,356,303,53
111000034,323,272,51
111000037,2584,1729,855
111000038,3105,2055,1050
111000039,1966,2489,-523
111000040,1776,2840,-1064
111000041,1936,2031,-95
111000042,4629,2858,1771
111000043,1833,2782,-949
111000044,1558,1110,448
111000045,1280,1240,40
111000046,1332,1666,-334
111000047,2191,3761,-1570
111000049,452,635,-183
111000050,1681,1354,327
111000051,532,1258,-726
111000052,674,1840,-1166
111000053,398,1105,-707
111000054,349,1143,-794
111000055,1316,2068,-752
111000056,136,618,-482
111000057,91,800,-709
111000058,300,88,212
111000059,367,285,82
111000060,3414,982,2432
111000061,521,470,51
111000062,644,361,283
111000063,1896,1128,768
111000064,565,634,-69
111000065,990,1027,-37
111000066,412,353,59
111000067,572,721,-149
111000068,544,1047,-503
111000069,1654,1958,-304
111000070,2070,1327,743
111000071,345,803,-458
111000072,972,478,494
111000073,282,1002,-720
111000074,1426,1639,-213
111000075,944,738,206
111000076,498,708,-210
111000077,1203,1286,-83
111000078,2978,1594,1384
111000079,1501,841,660
111000080,505,778,-273
111000081,1964,4179,-2215
111000082,679,933,-254
111000084,742,562,180
111000085,1140,1736,-596
111000086,3109,1450,1659
111000087,791,868,-77
111000088,6086,2222,3864
111000089,860,1000,-140
111000090,953,1562,-609
111000091,723,665,58
111000092,1227,1032,195
111000093,714,1099,-385
111000094,1794,1195,599
111000095,785,2370,-1585
111000096,2353,7568,-5215
111000097,5647,1589,4058
111000098,858,1409,-551
111000099,589,2361,-1772
111000100,326,2064,-1738
111000101,421,844,-423
111000102,200,687,-487
111000104,491,212,279
111000107,99,670,-571
111000109,441,276,165
111000110,1466,750,716
111000111,1847,446,1401
111000112,1608,510,1098
111000113,979,1383,-404
111000114,2314,3561,-1247
111000115,7107,1322,5785
111000116,1016,1165,-149
111000117,573,1122,-549
111000118,1663,1061,602
111000119,1083,1491,-408
111000120,550,740,-190
111000121,286,794,-508
111000122,709,1157,-448
111000123,1107,3203,-2096
111000124,583,3244,-2661
111000125,278,1674,-1396
111000126,130,957,-827
111000127,844,178,666
111000128,1465,307,1158
111000129,2665,444,2221
111000130,1677,730,947
111000131,1262,696,566
111000132,1146,621,525
111000133,203,180,23
111000134,155,189,-34
111000135,64,101,-37
111000136,342,372,-30
111000138,22,13,9
111000140,5,7,-2
111000141,308,387,-79
111000142,15,119,-104
111000143,3,122,-119
111000144,27,210,-183
111000145,1308,15,1293
111000146,66,22,44
111000147,259,37,222
111000148,345,79,266
111000149,8,31,-23
111000150,182,12,170
111000151,10,23,-13
111000153,626,697,-71
111000154,899,243,656
111000155,105,239,-134
111000156,464,548,-84
111000157,223,877,-654
111000158,1033,789,244
111000159,2858,674,2184
111000160,259,413,-154
111000161,9,294,-285
111000162,84,157,-73
111000163,823,805,18
111000164,866,3357,-2491
111000165,1424,572,852
111000166,2014,411,1603
111000167,207,553,-346
111000168,301,516,-215
111000169,363,640,-277
111000170,594,583,11
111000171,551,902,-351
111000172,142,594,-452
111000173,432,1208,-776
111000174,170,449,-279
111000175,51,255,-204
111000176,281,226,55
111000177,302,283,19
111000178,1196,297,899
111000179,242,224,18
111000180,180,416,-236
111000181,916,326,590
111000182,180,261,-81
111000183,316,454,-138
111000184,441,285,156
111000185,395,584,-189
111000186,298,372,-74
111000187,139,306,-167
111000188,184,497,-313
111000189,1313,682,631
111000190,256,513,-257
111000191,168,427,-259
111000192,170,626,-456
111000193,394,424,-30
111000194,47,440,-393
111000195,115,363,-248
111000196,64,271,-207
111000197,353,190,163
111000198,502,141,361
111000199,172,142,30
111000200,322,401,-79
111000201,444,322,122
111000202,221,266,-45
111000203,257,270,-13
111000204,475,925,-450
111000213,222,512,-290
111000214,1688,1944,-256
111000215,1200,1423,-223
111000217,1319,1162,157
111000218,929,932,-3
111000219,974,664,310
111000220,2364,682,1682
111000221,976,118,858
111000224,114,448,-334
111000225,315,241,74
111000226,198,2,196
111000227,63,6,57
111000228,27,323,-296
111000229,30,737,-707
111000230,320,466,-146
111000231,960,1083,-123
111000232,508,972,-464
111000233,706,769,-63
111000234,142,329,-187
111000239,127,212,-85
111000240,45,227,-182
111000241,28,382,-354
111000242,121,106,15
111000243,86,723,-637
111000244,386,80,306
111000245,998,600,398
111000246,465,490,-25
111000247,245,1077,-832
111000248,619,473,146
111000249,421,875,-454
111000250,34,130,-96
111000251,72,126,-54
111000253,9,18,-9
111000255,15,10,5
111000257,26,15,11
111000260,76,1245,-1169
111000261,1080,97,983
111000271,73,364,-291
111000273,4309,1779,2530
111000274,1160,2216,-1056
111000275,152,115,37
111000276,275,2093,-1818
111000277,241,479,-238
111000278,538,266,272
111000291,886,4742,-3856
111000298,591,288,303
111000299,648,123,525
111000300,91,681,-590
111000302,276,96,180
111000303,93,266,-173
111000312,66,67,-1
111000315,27,206,-179
111000320,274,525,-251
111000321,371,122,249
111000322,353,551,-198
111000323,159,74,85
111000324,362,276,86
111000325,26,88,-62
111000326,584,524,60
111000327,384,511,-127
111000328,537,825,-288
111000329,0,39,-39
111000330,66,33,33
111000331,9,11,-2
111000332,1222,2664,-1442
111000334,382,1678,-1296
111000335,749,211,538
111000337,968,409,559
111000338,55,132,-77
111000339,468,538,-70
111000340,93,695,-602
111000341,1177,564,613
111000342,350,674,-324
111000344,949,849,100
111000345,251,99,152
111000346,32,116,-84
111000347,148,0,148
111000350,204,147,57
111000351,138,255,-117
111000352,142,112,30
111000353,105,267,-162
111000354,489,146,343
111000355,378,524,-146
111000358,137,1497,-1360
111000360,135,823,-688
111000361,102,377,-275
111000546,547,593,-46
111000547,269,613,-344
111000548,89,243,-154
111000549,307,390,-83
111000550,110,708,-598
111000551,760,219,541
111000552,2577,166,2411
111000907,574,12,562
111000908,23,0,23
111000916,1384,326,1058
111000917,62,451,-389
111000918,165,1091,-926
111000920,438,25,413
111000921,10,317,-307
111000922,372,347,25
111000924,38,947,-909
111000925,2139,2190,-51
111000926,1022,2949,-1927
111000927,2718,4839,-2121
111000928,4678,4214,464
111000929,1101,1318,-217
111000930,868,2848,-1980
111000931,1803,2563,-760
111000932,4533,2596,1937
111000933,3422,2173,1249
111000934,2560,3250,-690
111000935,1319,1068,251
111000936,1334,2550,-1216
111000937,978,1347,-369
111000938,1846,2353,-507
111000939,478,56,422
111000940,300,246,54
111000941,227,609,-382
111000943,297,264,33
111000944,154,543,-389
111000945,100,1895,-1795
111001109,528,340,188
111001110,248,678,-430
111001111,55,9,46
111001112,179,5,174
111001113,19,293,-274
111001114,1862,145,1717
111001115,123,397,-274
111001116,6015,3374,2641
111001117,713,2260,-1547
111001120,113,334,-221
111001121,223,477,-254
111001122,164,654,-490
111001123,270,177,93
111001124,107,307,-200
111001125,1,80,-79
111001126,22,1,21
111001127,0,107,-107
111001128,910,949,-39
111900001,1,286,-285
111900002,1,804,-803
111900003,0,421,-421
111900004,37,136,-99
111900006,13,34,-21
111900007,57,5,52
111900008,161,1,160
111900009,97,0,97
111900010,393,620,-227
111900012,109,131,-22
111900013,30,78,-48
111900014,6202,2937,3265
111900015,0,73,-73
111900016,0,160,-160
111900017,1,154,-153
111900018,238,6,232
111900019,9,91,-82
111900020,3,59,-56
111900021,34,107,-73
111900022,9,95,-86
111900023,90,154,-64
111900024,0,89,-89
111900025,1,41,-40
111900026,0,106,-106
111900027,5,262,-257
111900028,2,470,-468
111900029,8,90,-82
111900030,46,355,-309
111900031,16,48,-32
111900032,3,348,-345
111900033,7,123,-116
111900034,386,601,-215
111900035,54,323,-269
111900036,4,302,-298
111900038,312,663,-351
111900039,75,549,-474
111900040,5,606,-601
111900042,25,134,-109
111900043,3,403,-400
111900044,316,313,3
111900046,48,204,-156
111900048,108,569,-461
111900049,46,294,-248
111900050,122,36,86
111900051,3,171,-168
111900052,482,692,-210
111900053,1263,885,378
111900054,111,1,110
111900055,30,350,-320
111900056,199,213,-14
111900057,75,75,0
111900058,329,726,-397
111900059,2536,471,2065
111900060,319,5,314
111900061,9,153,-144
111900062,22,61,-39
111900063,396,345,51
111900064,109,176,-67
111900065,68,32,36
111900066,155,160,-5
111900067,2,354,-352
111900068,41,50,-9
111900069,45,47,-2
111900070,97,119,-22
111900071,2,294,-292
111900072,29,20,9
111900073,595,122,473
111900074,21,176,-155
111900075,54,6,48
111900076,108,56,52
111900077,16,1,15
111900078,219,18,201
111900079,40,39,1
111900080,252,213,39
111900082,61,11,50
111900083,80,8,72
111900084,55,12,43
111900085,42,104,-62
111900086,25,7,18
111900087,37,1,36
111900088,438,3,435
111900089,61,3,58
111900090,49,30,19
111900091,112,2,110
111900092,100,1,99
111900093,311,5,306
111900094,71,0,71
111900095,173,31,142
111900096,86,1,85
111900097,33,0,33
111900098,136,1,135
111900099,60,0,60
111900100,156,2,154
111900101,124,20,104
111900102,375,680,-305
111900103,61,74,-13
111900104,116,51,65
111900105,340,183,157
111900106,1062,49,1013
111900110,2227,379,1848
111900111,150,149,1
111900112,704,2087,-1383
111900113,361,97,264
111900118,320,88,232
111900119,319,112,207
111900122,118,61,57
111900123,11,36,-25
111900124,37,131,-94
111900125,390,24,366
111900126,202,0,202
111900127,3,764,-761
111900128,4,580,-576
111900129,183,23,160
111900130,144,12,132
111900131,350,1,349
111900132,23,1165,-1142
111900133,1,370,-369
111900134,14,269,-255
111900135,7,29,-22
111900136,80,199,-119
111900137,81,96,-15
111900138,29,115,-86
111900139,18,188,-170
111900140,62,25,37
111900141,70,11,59
111900142,66,21,45
111900143,18,211,-193
111900144,1,123,-122
111900145,2,596,-594
111900146,4,248,-244
111900147,186,449,-263
111900148,28,684,-656
111900149,9,367,-358
111900150,23,153,-130
111900151,6,21,-15
111900152,108,80,28
111900153,1526,387,1139
111900154,6,187,-181
111900155,41,97,-56
111900156,23,83,-60
111900157,66,13,53
111900158,429,33,396
111900159,245,15,230
111900160,225,2,223
111900161,131,1,130
111900162,80,139,-59
111900163,60,249,-189
111900164,84,77,7
111901113,385,213,172
111901114,164,254,-90
111901115,84,2,82
111901116,34,1,33
111901117,19,29,-10
111901118,85,214,-129
111901119,1173,68,1105
111901121,226,295,-69
111901122,7,717,-710
111901123,146,377,-231
111901124,112,3,109
111901125,304,271,33
111901127,750,315,435
111901128,10,99,-89
111901129,2,144,-142
111901130,5,242,-237
111901131,6,273,-267
111901132,179,16,163
111901133,41,1,40
111901134,40,3,37
111901135,19,16,3
111901136,2,25,-23
111901138,202,54,148
111901139,20,42,-22
111901140,9,125,-116
111901141,5,210,-205
111901142,4,160,-156
111901143,5,92,-87
111901144,50,41,9
111901145,242,244,-2
111901146,510,27,483
111901147,851,245,606
111901148,12,68,-56
111901149,20,0,20
111901150,44,0,44
111901151,0,0,0
112000001,1591,859,732
112000002,902,2764,-1862
112000003,1124,929,195
112000004,727,1281,-554
112000005,2462,2826,-364
112000006,2162,2142,20
112000007,2336,1646,690
112000008,2576,4121,-1545
112000009,4144,3997,147
112000010,3089,2991,98
112000011,2448,2171,277
112000012,5376,2782,2594
112000013,6234,3092,3142
112000014,4494,905,3589
112000015,4723,2681,2042
112000016,8846,1008,7838
112000017,3750,1312,2438
112000024,2602,935,1667
112000026,4456,5175,-719
112000027,1047,613,434
112000028,2008,1660,348
112000029,432,631,-199
112000030,193,128,65
112000031,1940,4186,-2246
112000032,534,47,487
112000033,2669,1152,1517
112000034,480,35,445
112000035,138,225,-87
112000036,1475,695,780
112000037,1338,700,638
112000038,1349,704,645
112000039,54,84,-30
112000040,139,242,-103
112000041,277,355,-78
112000042,1153,412,741
112000050,1264,2103,-839
112000051,824,1320,-496
112000054,1806,2463,-657
112000057,490,367,123
112000058,354,570,-216
112000059,515,989,-474
112000061,3918,2174,1744
112000062,1833,671,1162
112000063,1552,1870,-318
112000064,4500,6354,-1854
112000065,2518,2779,-261
112000066,4430,1691,2739
112000067,737,651,86
112000068,3317,2187,1130
112000069,974,1958,-984
112000070,1956,934,1022
112000071,1082,2629,-1547
112000072,1948,948,1000
112000073,1751,1866,-115
112000074,1429,891,538
112000075,1611,1175,436
112000076,3603,2939,664
112000077,485,634,-149
112000078,1670,606,1064
112000079,1423,1311,112
112000080,673,888,-215
112000081,1326,1866,-540
112000082,1559,1001,558
112000083,610,1419,-809
112000084,1094,929,165
112000085,1205,1275,-70
112000086,1655,1509,146
112000087,350,419,-69
112000088,914,604,310
112000089,318,624,-306
112000090,371,346,25
112000091,715,1260,-545
112000092,1373,934,439
112000093,1551,1108,443
112000094,632,1021,-389
112000095,770,788,-18
112000096,684,1331,-647
112000097,932,569,363
112000098,918,1253,-335
112000099,674,1068,-394
112000100,1401,1001,400
112000101,524,1051,-527
112000102,996,661,335
112000103,362,1248,-886
112000105,734,2060,-1326
112000106,1634,560,1074
112000107,95,204,-109
112000108,305,1881,-1576
112000109,142,125,17
112000110,1885,800,1085
112000111,1267,3300,-2033
112000112,3676,666,3010
112000113,1025,1968,-943
112000114,2415,1170,1245
112000115,382,532,-150
112000116,465,1119,-654
112000117,1085,839,246
112000118,1118,969,149
112000119,529,910,-381
112000120,94,372,-278
112000121,143,661,-518
112000122,244,178,66
112000123,576,194,382
112000124,310,82,228
112000125,165,199,-34
112000126,203,663,-460
112000127,2566,1882,684
112000128,841,612,229
112000129,113,125,-12
112000130,181,97,84
112000131,76,464,-388
112000132,110,303,-193
112000133,370,310,60
112000134,377,381,-4
112000135,1095,706,389
112000136,1193,1280,-87
112000137,1875,1404,471
112000138,2006,1265,741
112000139,1106,516,590
112000140,1136,1282,-146
112000141,790,423,367
112000142,306,744,-438
112000143,1000,295,705
112000144,397,1467,-1070
112000145,2240,677,1563
112000146,756,2343,-1587
112000147,2237,1844,393
112000148,1862,2603,-741
112000149,429,789,-360
112000150,274,650,-376
112000151,434,503,-69
112000152,306,494,-188
112000153,213,317,-104
112000154,156,221,-65
112000155,190,137,53
112000157,793,606,187
112000158,281,637,-356
112000159,435,303,132
112000167,298,104,194
112000169,541,478,63
112000173,588,191,397
112000175,469,399,70
112000176,3477,2199,1278
112000177,547,153,394
112000178,84,531,-447
112000179,187,132,55
112000180,382,568,-186
112000181,1329,2129,-800
112000182,1025,1918,-893
112000183,37,56,-19
112000184,359,523,-164
112000185,489,716,-227
112000187,3208,2294,914
112000195,148,19,129
112000196,200,1,199
112000197,159,97,62
112000198,27,329,-302
112000199,1254,1004,250
112000202,265,0,265
112000216,56,278,-222
112000230,94,6,88
112000231,2,285,-283
112000256,36,268,-232
112000313,116,164,-48
112000314,64,49,15
112000337,265,629,-364
112000352,513,276,237
112000392,1526,1583,-57
112000398,1069,867,202
112000399,3642,2118,1524
112000400,1721,3797,-2076
112000401,3066,3385,-319
112000402,2467,2687,-220
112000403,2920,2878,42
112000404,1031,848,183
112000405,1980,3365,-1385
112000406,5107,3915,1192
112000407,5383,7183,-1800
112000408,8129,7418,711
112000409,2287,6063,-3776
112000410,445,286,159
112000411,4433,1448,2985
112000412,1446,569,877
112000413,9414,4649,4765
112000414,96,149,-53
112000415,105,58,47
112000416,2263,1586,677
112000417,227,79,148
112000421,40,132,-92
112000422,313,400,-87
112000424,2926,2712,214
112000425,467,1238,-771
112000426,126,677,-551
112000427,2,13,-11
112000428,278,390,-112
112000429,2356,3218,-862
112000430,2721,3370,-649
112000431,96,178,-82
112000432,593,1708,-1115
112000433,525,962,-437
112000437,57,265,-208
112900001,67,1,66
112900002,339,1093,-754
112900003,64,409,-345
112900004,53,261,-208
112900005,278,279,-1
112900006,12,440,-428
112900007,47,240,-193
112900008,3,48,-45
112900009,362,106,256
112900010,386,883,-497
112900011,253,286,-33
112900012,1,39,-38
112900013,3,144,-141
112900014,0,276,-276
112900015,387,837,-450
112900016,3,297,-294
112900017,40,199,-159
112900018,51,454,-403
112900019,88,223,-135
112900020,338,1340,-1002
112900021,3,275,-272
112900022,8,71,-63
112900023,3,225,-222
112900024,26,277,-251
112900025,82,269,-187
112900026,9,279,-270
112900027,8,1325,-1317
112900028,31,129,-98
112900029,12,665,-653
112900030,198,227,-29
112900031,4,510,-506
112900032,160,308,-148
112900034,4,40,-36
112900035,6,526,-520
112900036,38,160,-122
112900037,188,217,-29
112900038,536,143,393
112900039,28,361,-333
112900040,2,327,-325
112900041,1061,1081,-20
112900042,30,296,-266
112900043,36,35,1
112900044,722,486,236
112900045,384,310,74
112900046,241,77,164
112900047,11,13,-2
112900049,205,96,109
112900050,60,618,-558
112900051,303,656,-353
112900052,8,955,-947
112900053,374,95,279
112900054,194,34,160
112900055,119,43,76
112900056,401,195,206
112900057,19,653,-634
112900058,326,318,8
112900059,122,144,-22
112900060,14,221,-207
112900061,58,125,-67
112900062,107,183,-76
112900063,170,12,158
112900064,180,242,-62
112900065,32,31,1
112900066,173,147,26
112900067,480,180,300
112900068,33,49,-16
112900069,2193,722,1471
112900071,41,1,40
112900072,341,1794,-1453
112900073,254,83,171
112900074,72,266,-194
112900075,1715,769,946
112900076,90,22,68
112900078,287,363,-76
112900079,267,42,225
112900080,54,3,51
112900081,35,144,-109
112900082,514,35,479
112900083,122,113,9
112900084,241,129,112
112900086,41,0,41
112900087,669,105,564
112900088,102,18,84
112900089,686,33,653
112900090,35,20,15
112900091,253,11,242
112900092,149,217,-68
112900093,1140,19,1121
112900095,28,3,25
112900096,408,109,299
112900097,67,398,-331
112900098,78,0,78
112900099,694,12,682
112900100,76,3,73
112900101,242,2,240
112900102,116,11,105
112900103,152,4,148
112900104,547,8,539
112900105,22,0,22
112900106,406,118,288
112900107,6,0,6
112900108,113,0,113
112900109,93,1,92
112900110,810,14,796
112900111,630,1,629
112900112,331,2,329
112900113,0,11,-11
112900114,107,22,85
112900115,943,3,940
112900116,118,36,82
112900117,116,136,-20
112900118,33,101,-68
112900119,136,4,132
112900120,859,291,568
112900121,251,256,-5
112900122,9,132,-123
112900123,191,25,166
112900124,25,97,-72
112900125,58,372,-314
112900126,164,218,-54
112900127,400,97,303
112900128,434,829,-395
112900129,1,981,-980
112900130,240,74,166
112900131,43,339,-296
112900132,101,465,-364
112900133,33,1193,-1160
112900134,2,229,-227
112900135,107,53,54
112900137,1,688,-687
112900138,10,375,-365
112900139,230,1205,-975
112900141,632,29,603
112900142,80,129,-49
112900143,51,683,-632
112900144,14,515,-501
112900145,53,492,-439
112900146,7,1471,-1464
112900147,6,2066,-2060
112900148,88,0,88
112900149,277,591,-314
112900151,28,67,-39
112900152,4562,1099,3463
112900153,2068,1860,208
112900154,1,156,-155
112900155,199,29,170
112900156,238,1366,-1128
112900157,306,202,104
112900158,52,13,39
112900159,175,111,64
112900160,58,286,-228
112900161,135,40,95
112900162,28,22,6
112900163,143,42,101
112900164,36,203,-167
112900165,131,33,98
112900166,35,63,-28
112900167,5,43,-38
112900168,2,2,0
112900169,13,14,-1
112900170,78,102,-24
112900172,61,17,44
112900173,230,89,141
112900174,256,41,215
112900175,157,170,-13
112900176,20,28,-8
112900177,218,66,152
112900178,776,2648,-1872
112900179,39,561,-522
112900180,1812,1628,184
112900181,390,3,387
112900182,37,1283,-1246
112900183,166,279,-113
112900184,518,466,52
112900185,278,529,-251
112900186,1633,894,739
112900187,101,461,-360
112900188,819,238,581
112900189,16,22,-6
112900190,35,55,-20
112900192,522,456,66
112900193,1285,314,971
112900194,62,144,-82
112900195,696,29,667
112900196,210,444,-234
112900197,192,346,-154
112900199,528,661,-133
112900200,449,347,102
112900201,36,102,-66
112900202,293,895,-602
112900203,174,310,-136
112900204,995,574,421
112900205,12,7,5
112900206,12,86,-74
112900207,9,1,8
112900208,67,268,-201
112900209,649,423,226
112900210,3,23,-20
112900211,57,53,4
112900212,0,159,-159
112900213,48,28,20
112900214,46,14,32
112900215,5,225,-220
112900216,34,80,-46
112900217,0,38,-38
112900218,29,17,12
112900219,53,18,35
112900220,2,0,2
112900221,10,76,-66
112900222,0,30,-30
112900223,882,11,871
112900224,270,650,-380
112900225,378,515,-137
112900226,195,316,-121
112900227,445,1169,-724
112900228,44,42,2
112900229,156,86,70
112900230,7140,4132,3008
112900232,244,228,16
112900233,102,173,-71
112900234,14,112,-98
112900235,118,30,88
112900236,187,13,174
112900237,335,350,-15
112900238,8,46,-38
112900239,1005,387,618
112900240,7,100,-93
112900241,22,165,-143
112900242,20,222,-202
112900243,17,218,-201
112900244,6,93,-87
112900245,2,47,-45
112900246,3,17,-14
112900247,162,41,121
112900248,15,4,11
112900249,41,3,38
112900250,47,31,16
112900251,72,20,52
112900252,96,44,52
112900253,43,8,35
112900254,17,9,8
112900255,3,32,-29
112900256,10,45,-35
112900257,15,33,-18
112900258,32,15,17
113000001,5765,7471,-1706
113000002,3647,3964,-317
113000003,1829,2969,-1140
113000004,2089,3080,-991
113000005,1918,1401,517
113000006,1123,1752,-629
113000007,2237,1611,626
113000008,2129,2042,87
113000009,891,1090,-199
113000010,1209,1758,-549
113000011,727,1478,-751
113000012,1398,1017,381
113000013,1463,687,776
113000014,1689,1417,272
113000015,605,172,433
113000016,452,574,-122
113000017,35,287,-252
113000018,575,71,504
113000019,159,226,-67
113000020,528,32,496
113000021,2145,790,1355
113000022,747,1303,-556
113000025,104,340,-236
113000026,533,402,131
113000027,1370,414,956
113000028,1121,384,737
113000029,933,846,87
113000030,410,763,-353
113000031,353,378,-25
113000032,306,404,-98
113000033,243,470,-227
113000034,446,389,57
113000035,34,32,2
113000036,25,62,-37
113000037,87,45,42
113000038,18,65,-47
113000039,85,620,-535
113000040,75,111,-36
113000042,881,685,196
113000051,813,2978,-2165
113000052,2232,1326,906
113000053,387,608,-221
113000054,358,999,-641
113000055,1135,817,318
113000056,827,1308,-481
113000058,863,904,-41
113000059,1126,730,396
113000060,243,534,-291
113000061,591,1007,-416
113000062,1290,329,961
113000063,156,175,-19
113000064,27,379,-352
113000065,172,1048,-876
113000066,609,119,490
113000067,1844,1453,391
113000068,470,1814,-1344
113000069,579,1429,-850
113000070,2011,1122,889
113000071,327,716,-389
113000072,731,652,79
113000073,386,1288,-902
113000074,1136,546,590
113000075,2194,931,1263
113000076,1127,2116,-989
113000077,1498,571,927
113000078,954,2345,-1391
113000079,1063,842,221
113000080,938,697,241
113000081,721,923,-202
113000082,1391,910,481
113000083,565,1076,-511
113000084,1805,1400,405
113000085,939,868,71
113000086,1378,1515,-137
113000087,1073,1108,-35
113000088,2482,1437,1045
113000089,945,1907,-962
113000090,373,665,-292
113000091,568,367,201
113000094,1342,235,1107
113000095,324,958,-634
113000096,177,771,-594
113000097,1428,344,1084
113000098,103,32,71
113000099,1251,378,873
113000100,188,398,-210
113000101,539,563,-24
113000102,712,465,247
113000103,2392,608,1784
113000104,434,2744,-2310
113000105,764,441,323
113000106,364,603,-239
113000107,834,951,-117
113000108,946,1567,-621
113000109,689,4693,-4004
113000110,1472,542,930
113000111,278,938,-660
113000112,419,444,-25
113000113,1365,478,887
113000114,391,1813,-1422
113000116,765,341,424
113000117,892,166,726
113000118,215,546,-331
113000119,459,357,102
113000120,95,352,-257
113000121,926,798,128
113000124,237,139,98
113000125,72,812,-740
113000127,3103,577,2526
113000128,439,565,-126
113000129,532,1088,-556
113000133,3078,1687,1391
113000134,6,1271,-1265
113000135,4088,4550,-462
113000137,2022,3081,-1059
113000139,434,233,201
113000140,181,244,-63
113000141,321,205,116
113000142,896,1129,-233
113000143,308,257,51
113000144,478,842,-364
113000145,47,136,-89
113000146,162,116,46
113000147,228,158,70
113000148,111,120,-9
113000149,107,126,-19
113000150,476,444,32
113000151,101,92,9
113000152,30,131,-101
113000153,1617,546,1071
113000154,676,1588,-912
113000155,302,490,-188
113000156,167,412,-245
113000157,281,921,-640
113000158,600,259,341
113000159,755,799,-44
113000160,639,1289,-650
113000161,202,495,-293
113000162,636,396,240
113000163,136,70,66
113000164,45,70,-25
113000166,164,113,51
113000167,43,136,-93
113000168,61,190,-129
113000169,165,67,98
113000170,107,163,-56
113000171,55,129,-74
113000172,267,103,164
113000173,52,32,20
113000174,118,532,-414
113000175,410,181,229
113000176,527,189,338
113000177,182,508,-326
113000178,181,370,-189
113000179,401,209,192
113000180,868,1539,-671
113000181,1643,1283,360
113000182,225,642,-417
113000183,228,508,-280
113000184,20,113,-93
113000189,679,1006,-327
113000190,1274,683,591
113000192,2930,1746,1184
113000193,5424,1251,4173
113000194,2771,941,1830
113000195,2693,720,1973
113000196,407,128,279
113000197,2039,1146,893
113000198,68,322,-254
113000199,1452,311,1141
113000201,1774,316,1458
113000202,3966,4282,-316
113000203,365,240,125
113000204,2316,1819,497
113000205,17,14,3
113000206,10,41,-31
113000207,51,21,30
113000208,26,48,-22
113000209,23,33,-10
113000210,5,41,-36
113000211,397,298,99
113000212,283,45,238
113000213,62,306,-244
113000214,254,420,-166
113000234,199,1115,-916
113000410,235,218,17
113000411,3135,4629,-1494
113000412,8454,3200,5254
113000413,3762,3390,372
113000414,8173,13696,-5523
113000415,2723,3564,-841
113000416,9496,4801,4695
113000417,3185,3579,-394
113000418,4431,3328,1103
113000419,1680,2019,-339
113000420,4194,5491,-1297
113000421,4056,6335,-2279
113000422,13734,11290,2444
113000423,2602,4974,-2372
113000424,3857,10528,-6671
113000425,9,138,-129
113000428,48,4,44
113000430,37,21,16
113000432,2609,206,2403
113000433,105,947,-842
113000434,14,238,-224
113000435,42,458,-416
113000436,103,1528,-1425
113000437,892,28,864
113000438,374,13,361
113000439,28,152,-124
113000440,120,37,83
113000441,189,296,-107
113000442,184,230,-46
113000443,260,336,-76
113000444,209,287,-78
113000445,118,175,-57
113000446,50,137,-87
113000448,322,177,145
113000449,319,2043,-1724
113000450,815,6996,-6181
113000451,1934,215,1719
113000452,602,1094,-492
113000453,110,369,-259
113000454,3179,67,3112
113000455,103,219,-116
113000456,4507,2923,1584
113000468,2297,379,1918
113000469,315,154,161
113000470,495,52,443
113000471,23,604,-581
113000472,91,406,-315
113000474,550,734,-184
113000475,1769,1969,-200
113000476,1295,2015,-720
113000477,2526,2263,263
113000478,4274,6434,-2160
113000479,76,243,-167
113000485,0,0,0
113000486,7,1,6
113000487,0,0,0
113000488,0,0,0
113000489,0,2,-2
113000490,0,0,0
113000491,8,4,4
113000492,1,1,0
113000495,195,266,-71
113000496,156,170,-14
113000497,0,0,0
113000499,0,0,0
113900001,14,462,-448
113900002,2,165,-163
113900003,0,149,-149
113900004,2,125,-123
113900005,12,103,-91
113900006,1,84,-83
113900007,155,0,155
113900008,642,3,639
113900009,855,23,832
113900010,1081,4,1077
113900011,120,7,113
113900012,32,1,31
113900013,2241,22,2219
113900014,506,2,504
113900015,1,52,-51
113900016,54,0,54
113900017,2,57,-55
113900018,419,165,254
113900019,173,62,111
113900020,147,2,145
113900022,15,0,15
113900023,62,0,62
113900024,65,77,-12
113900025,240,21,219
113900026,29,1,28
113900027,11,60,-49
113900028,19,481,-462
113900029,57,229,-172
113900030,235,1,234
113900031,5,0,5
113900032,21,1,20
113900033,94,90,4
113900035,68,1,67
113900036,21,119,-98
113900037,111,508,-397
113900038,94,175,-81
113900039,143,18,125
113900040,14,12,2
113900041,2,0,2
113900042,95,42,53
113900043,296,134,162
113900044,371,282,89
113900045,106,1,105
113900046,274,645,-371
113900047,65,151,-86
113900048,285,85,200
113900049,753,436,317
113900050,239,391,-152
113900051,268,394,-126
113900052,152,189,-37
113900053,508,588,-80
113900054,9,3,6
113900055,100,470,-370
113900056,70,215,-145
113900057,35,197,-162
113900058,76,196,-120
113900059,216,427,-211
113900060,93,239,-146
113900061,1028,294,734
113900062,105,9,96
113900063,126,173,-47
113900064,39,150,-111
113900065,468,22,446
113900066,329,381,-52
113900067,113,345,-232
113900068,579,460,119
113900069,72,68,4
113900070,171,489,-318
113900071,105,96,9
113900072,69,249,-180
113900073,233,507,-274
113900074,114,333,-219
113900075,1217,1188,29
113900076,147,20,127
113900077,38,214,-176
113900078,78,114,-36
113900079,1,35,-34
113900080,480,196,284
113900081,82,305,-223
113900082,133,319,-186
113900083,242,504,-262
113900084,341,113,228
113900085,49,306,-257
113900086,29,27,2
113900087,62,159,-97
113900088,72,100,-28
113900089,465,46,419
113900090,664,355,309
113900091,23,21,2
113900092,60,150,-90
113900093,84,722,-638
113900094,384,319,65
113900095,117,120,-3
113900096,218,60,158
113900097,52,106,-54
113900098,598,88,510
113900099,1,95,-94
113900100,1,2,-1
113900101,30,57,-27
113900102,160,172,-12
113900103,331,282,49
113900104,109,234,-125
113900105,108,316,-208
113900106,1,85,-84
113900107,2,39,-37
113900108,294,238,56
113900109,336,160,176
113900110,41,26,15
113900111,157,104,53
113900112,146,120,26
113900113,816,478,338
113900114,0,136,-136
113900115,0,110,-110
113900116,143,172,-29
113900117,168,36,132
113900118,236,297,-61
113900119,306,479,-173
113900120,72,40,32
113900121,66,95,-29
113900122,341,1874,-1533
113900123,442,248,194
113900124,4,75,-71
113900125,1313,133,1180
113900126,179,76,103
113900127,239,638,-399
113900128,173,82,91
113900129,17,176,-159
113900130,1,15,-14
113900131,195,76,119
113900132,108,82,26
113900133,15,56,-41
113900135,377,469,-92
113900136,107,76,31
113900137,497,315,182
113900138,62,125,-63
113900139,443,164,279
113900140,337,329,8
113900141,513,470,43
113900142,138,58,80
113900143,11,29,-18
113900144,386,225,161
113900145,343,215,128
113900146,162,56,106
113900148,198,388,-190
113900149,186,122,64
113900150,888,740,148
113900151,352,183,169
113900152,34,46,-12
113900153,426,642,-216
113900154,3,120,-117
113900155,205,150,55
113900156,289,515,-226
113900157,38,299,-261
113900158,514,345,169
113900159,11,289,-278
113900160,515,694,-179
113900161,71,254,-183
113900162,645,700,-55
113900163,408,365,43
113900164,295,58,237
113900165,609,530,79
113900166,247,158,89
113900167,227,47,180
113900168,176,133,43
113900169,202,395,-193
113900171,173,68,105
113900172,9,226,-217
113900173,77,641,-564
113900174,464,604,-140
113900175,346,161,185
113900176,323,568,-245
113900177,411,189,222
113900178,380,95,285
113900179,11,575,-564
113900180,141,87,54
113900181,736,136,600
113900182,717,1007,-290
113900183,90,73,17
113900184,9,467,-458
113900185,244,103,141
113900186,24,45,-21
113900187,49,187,-138
113900188,59,163,-104
113900189,288,141,147
113900190,370,144,226
113900191,89,198,-109
113900192,4,383,-379
113900193,25,233,-208
113900194,1839,1210,629
113900195,391,468,-77
113900196,4,124,-120
113900197,0,232,-232
113900198,34,168,-134
113900199,147,793,-646
113900200,11,263,-252
113900201,5,221,-216
113900202,32,330,-298
113900203,1,146,-145
113900204,50,619,-569
113900205,13,141,-128
113900206,12,168,-156
113900207,3,63,-60
113900208,0,65,-65
113900209,0,95,-95
113900210,617,805,-188
113900211,204,85,119
113900212,217,520,-303
113900214,532,545,-13
113900215,74,118,-44
113900216,94,1047,-953
113900217,83,284,-201
113900218,160,86,74
113900219,115,353,-238
113900220,182,152,30
113900221,376,158,218
113900222,293,552,-259
113900223,132,1083,-951
113900224,127,74,53
113900225,642,280,362
113900226,329,104,225
113900227,364,239,125
113900228,345,490,-145
113900229,62,724,-662
113900230,4923,2764,2159
113900231,247,221,26
113900232,70,120,-50
113900233,55,86,-31
113900234,307,570,-263
113900235,103,38,65
113900236,112,382,-270
113900237,128,6,122
113900238,302,562,-260
113900239,93,86,7
113900240,8,150,-142
113900241,152,59,93
113900242,35,168,-133
113900243,140,468,-328
113900244,460,273,187
113900245,1464,329,1135
113900246,30,36,-6
113900247,178,446,-268
113900248,3153,1821,1332
113900249,1210,490,720
113900250,61,203,-142
113900251,591,233,358
113900252,567,18,549
113900253,700,54,646
113900254,861,154,707
113900255,407,34,373
113900256,347,36,311
113900257,32,546,-514
113900258,16,504,-488
113900259,510,192,318
113900260,213,27,186
113900261,14,122,-108
113900262,168,642,-474
113900263,218,745,-527
113900264,7,591,-584
113900265,170,293,-123
113900266,36,214,-178
113900267,138,491,-353
113900268,275,338,-63
113900269,68,169,-101
113900270,291,447,-156
113900271,624,1284,-660
113900273,59,17,42
113900274,113,56,57
113900275,35,64,-29
113900276,0,200,-200
113900277,139,7,132
113900278,272,189,83
113900279,103,75,28
113900280,1416,516,900
113900281,572,1393,-821
113900282,811,524,287
113900283,543,518,25
113900284,782,189,593
113900285,136,19,117
113900286,8,118,-110
113900287,33,77,-44
113900288,4,179,-175
113900289,1276,179,1097
113900290,413,211,202
113900291,95,232,-137
113900292,8,5,3
113900293,4,279,-275
113900294,496,26,470
113900295,534,461,73
113900296,2089,400,1689
113900297,2185,48,2137
113900298,17,1636,-1619
113900299,83,251,-168
113900300,5676,3452,2224
113900301,1088,494,594
113900302,2576,1105,1471
113900303,546,547,-1
113900304,3,148,-145
113900305,109,0,109
113900306,24,0,24
113900307,138,0,138
113900308,69,115,-46
113900309,3,742,-739
113900310,0,14,-14
113900311,7,1,6
113900312,265,274,-9
113900313,31,16,15
113900314,1,30,-29
113900315,43,1,42
114000001,1082,3448,-2366
114000002,272,418,-146
114000003,220,1091,-871
114000004,375,306,69
114000005,304,202,102
114000006,3600,2478,1122
114000007,694,1330,-636
114000008,1734,1745,-11
114000009,700,291,409
114000011,2490,3431,-941
114000012,2104,2182,-78
114000013,1468,1912,-444
114000014,709,601,108
114000015,1907,530,1377
114000016,232,405,-173
114000017,123,308,-185
114000018,350,65,285
114000026,1552,1435,117
114000027,3078,2148,930
114000028,2273,2685,-412
114000038,267,126,141
114000039,242,322,-80
114000040,93,225,-132
114000042,190,215,-25
114000043,433,235,198
114000044,269,255,14
114000045,60,88,-28
114000046,3544,5206,-1662
114000047,31,64,-33
114000048,141,182,-41
114000049,1629,1794,-165
114000050,1758,2513,-755
114000051,3863,2056,1807
114000052,4696,1433,3263
114000053,107,535,-428
114000054,213,923,-710
114000055,488,21,467
114000056,1171,780,391
114000057,7799,2266,5533
114000058,533,1505,-972
114000059,270,357,-87
114000060,916,1006,-90
114000061,3971,2551,1420
114000062,2456,1221,1235
114000063,3320,1951,1369
114000064,6680,3932,2748
114000065,1794,2742,-948
114000066,451,616,-165
114000067,13,702,-689
114000068,552,751,-199
114000069,1066,552,514
114000070,2348,1685,663
114000071,648,501,147
114000072,376,327,49
114000073,12,134,-122
114000074,64,20,44
114000075,67,115,-48
114000076,56,132,-76
114000077,12,47,-35
114000078,277,731,-454
114000079,108,23,85
114000080,82,101,-19
114000081,71,66,5
114000082,65,530,-465
114000083,53,309,-256
114000084,375,67,308
114000085,136,720,-584
114000086,262,504,-242
114000087,81,218,-137
114000088,40,53,-13
114000089,1418,465,953
114000090,789,751,38
114000091,1455,886,569
114000092,965,529,436
114000093,1165,866,299
114000094,494,420,74
114000095,287,115,172
114000096,138,327,-189
114000097,112,552,-440
114000098,451,109,342
114000099,518,860,-342
114000100,1171,805,366
114000101,380,856,-476
114000102,455,371,84
114000103,152,557,-405
114000104,9,302,-293
114000105,139,64,75
114000106,1061,975,86
114000107,374,145,229
114000108,3418,1535,1883
114000109,524,1337,-813
114000110,539,1809,-1270
114000111,1543,623,920
114000112,537,2720,-2183
114000113,1377,488,889
114000114,1309,1871,-562
114000115,2214,974,1240
114000116,688,1427,-739
114000117,2514,451,2063
114000118,2129,452,1677
114000119,1621,433,1188
114000120,605,767,-162
114000121,514,826,-312
114000122,595,355,240
114000123,1666,357,1309
114000124,982,295,687
114000125,887,1602,-715
114000126,1587,200,1387
114000127,204,226,-22
114000128,880,539,341
114000130,767,503,264
114000131,260,115,145
114000132,710,732,-22
114000133,956,1666,-710
114000134,59,171,-112
114000138,69,241,-172
114000139,666,273,393
114000144,765,523,242
114000145,116,241,-125
114000146,137,342,-205
114000147,1313,1643,-330
114000148,2296,1847,449
114000149,375,295,80
114000150,2200,1542,658
114000151,2226,1791,435
114000152,169,30,139
114000153,1341,2558,-1217
114000154,1348,1053,295
114000155,1376,2592,-1216
114000156,1089,540,549
114000157,335,1049,-714
114000158,2029,811,1218
114000159,242,451,-209
114000160,121,312,-191
114000161,1789,2635,-846
114000162,1087,2134,-1047
114000163,15,162,-147
114000165,590,308,282
114000166,798,335,463
114000167,4376,1534,2842
114000168,846,691,155
114000169,1623,1109,514
114000170,1405,1027,378
114000171,1066,3050,-1984
114000174,263,443,-180
114000176,818,451,367
114000177,2345,827,1518
114000178,60,36,24
114000179,1251,942,309
114000180,511,717,-206
114000181,1741,3353,-1612
114000182,4778,2460,2318
114000183,944,1106,-162
114000184,6012,1493,4519
114000185,1182,908,274
114000189,729,130,599
114000190,2187,296,1891
114000191,41,63,-22
114000192,349,1551,-1202
114000193,791,3198,-2407
114000194,1410,971,439
114000195,172,15,157
114000196,1,294,-293
114000197,1034,127,907
114000198,1189,416,773
114000199,2537,1774,763
114000200,800,2038,-1238
114000201,243,873,-630
114000202,972,649,323
114000203,581,916,-335
114000204,172,508,-336
114000205,249,1679,-1430
114000206,506,1533,-1027
114000207,770,2033,-1263
114000208,532,3082,-2550
114000209,634,3092,-2458
114000210,316,1640,-1324
114000211,1126,1620,-494
114000212,647,806,-159
114000213,1404,677,727
114000214,120,242,-122
114000215,250,72,178
114000216,1549,364,1185
114000217,252,325,-73
114000218,123,306,-183
114000219,1124,253,871
114000220,26,1309,-1283
114000221,689,197,492
114000222,157,1194,-1037
114000223,433,137,296
114000224,97,795,-698
114000225,270,626,-356
114000226,160,279,-119
114000227,802,585,217
114000228,682,910,-228
114000229,934,1289,-355
114000230,1693,1360,333
114000231,879,1370,-491
114000232,606,161,445
114000233,2074,116,1958
114000234,1254,983,271
114000235,1099,1446,-347
114000236,2,473,-471
114000237,100,1142,-1042
114000238,166,222,-56
114000239,175,1420,-1245
114000240,662,777,-115
114000241,280,1042,-762
114000242,1074,987,87
114000243,1587,913,674
114000244,620,349,271
114000245,300,682,-382
114000246,232,32,200
114000247,789,702,87
114000248,1146,564,582
114000249,503,681,-178
114000250,429,677,-248
114000251,281,359,-78
114000252,83,98,-15
114000253,43,172,-129
114000254,41,75,-34
114000255,725,230,495
114000256,1950,1821,129
114000257,834,1708,-874
114000258,296,466,-170
114000259,151,273,-122
114000260,1,38,-37
114000261,49,43,6
114000262,130,176,-46
114000263,26,4,22
114000264,995,538,457
114000265,0,1,-1
114000267,4,1973,-1969
114000268,3,1694,-1691
114000270,229,2,227
114000271,698,59,639
114000283,1014,431,583
114000285,35,238,-203
114000288,66,316,-250
114000289,1293,253,1040
114000293,127,488,-361
114000294,169,321,-152
114000395,2045,87,1958
114000396,546,485,61
114000402,439,320,119
114000403,297,481,-184
114000405,140,603,-463
114000423,334,482,-148
114000424,362,160,202
114000425,531,475,56
114000426,322,836,-514
114000427,47,109,-62
114000428,321,199,122
114000429,11,219,-208
114000432,78,135,-57
114000434,38,94,-56
114000435,1,189,-188
114900001,702,1253,-551
114900002,481,47,434
114900003,548,1980,-1432
114900004,231,446,-215
114900005,504,986,-482
114900006,89,64,25
114900007,205,37,168
114900008,139,128,11
114900010,2577,2434,143
114900011,159,133,26
114900013,220,135,85
114900018,1157,41,1116
114900020,257,100,157
114900022,15,1029,-1014
114900025,415,218,197
114900026,80,86,-6
114900029,173,58,115
114900030,418,217,201
114900031,454,52,402
114900032,275,48,227
114900034,53,223,-170
114900035,180,279,-99
114900036,307,885,-578
114900039,557,646,-89
114900040,79,191,-112
114900041,605,604,1
114900042,768,710,58
114900044,194,31,163
114900047,238,1743,-1505
114900048,96,417,-321
114900049,31,298,-267
114900050,88,502,-414
114900051,12,373,-361
114900052,39,177,-138
114900053,90,285,-195
114900054,53,121,-68
114900057,225,15,210
114900058,0,84,-84
114900059,67,50,17
114900063,60,237,-177
114900064,1227,583,644
114900065,365,755,-390
114900067,75,424,-349
114900068,102,307,-205
114900069,241,117,124
114900070,547,493,54
114900072,9,307,-298
114900073,0,182,-182
114900074,494,742,-248
114900075,200,9,191
114900076,12,402,-390
114900080,2476,456,2020
114900082,4208,2047,2161
114900083,1247,1240,7
114900090,315,284,31
114900091,135,212,-77
114900097,139,1,138
114900098,7,233,-226
114900099,194,8,186
115000001,8423,5260,3163
115000002,3702,4187,-485
115000003,5238,4312,926
115000004,3939,5843,-1904
115000005,1800,2774,-974
115000006,1216,1724,-508
115000007,102,191,-89
115000008,461,634,-173
115000009,297,342,-45
115000010,411,174,237
115000013,113,242,-129
115000015,113,436,-323
115000016,59,186,-127
115000019,47,464,-417
115000020,135,619,-484
115000021,288,519,-231
115000022,544,390,154
115000023,380,542,-162
115000024,1146,585,561
115000025,848,702,146
115000026,169,400,-231
115000027,286,234,52
115000028,169,852,-683
115000029,633,105,528
115000030,617,1056,-439
115000031,1206,245,961
115000032,12,272,-260
115000033,216,44,172
115000034,156,1117,-961
115000035,1098,63,1035
115000036,0,412,-412
115000037,548,16,532
115000038,62,192,-130
115000039,4163,2972,1191
115000040,6776,4056,2720
115000041,1454,2997,-1543
115000042,944,605,339
115000043,3213,2191,1022
115000044,3669,4235,-566
115000045,2476,2348,128
115000046,2045,2630,-585
115000047,1886,1888,-2
115000048,1738,2771,-1033
115000049,1674,3709,-2035
115000050,3160,2188,972
115000051,1793,2836,-1043
115000052,2884,2067,817
115000053,1725,1819,-94
115000054,742,1609,-867
115000055,181,483,-302
115000056,214,476,-262
115000057,711,691,20
115000058,454,210,244
115000059,221,135,86
115000061,366,143,223
115000062,263,261,2
115000063,306,339,-33
115000064,332,134,198
115000065,101,446,-345
115000067,257,48,209
115000069,70,324,-254
115000070,44,934,-890
115000071,161,16,145
115000072,6,77,-71
115000073,1419,56,1363
115000075,104,98,6
115000076,3757,3182,575
115000077,1784,2917,-1133
115000078,1162,1680,-518
115000079,1198,2069,-871
115000080,2056,2704,-648
115000081,489,1053,-564
115000082,3402,3744,-342
115000083,2071,2686,-615
115000084,1899,1375,524
115000085,879,1084,-205
115000086,978,932,46
115000087,477,1686,-1209
115000088,1825,734,1091
115000089,1568,1330,238
115000090,636,995,-359
115000091,327,1260,-933
115000092,506,394,112
115000093,509,2,507
115000094,7882,5403,2479
115000095,6109,5587,522
115000096,577,2100,-1523
115000097,798,1002,-204
115000098,1030,908,122
115000099,2222,3224,-1002
115000100,949,548,401
115000101,567,1661,-1094
115000102,414,238,176
115000103,374,801,-427
115000105,47,211,-164
115000106,538,325,213
115000107,193,573,-380
115000108,3922,2799,1123
115000109,5167,3805,1362
115000110,1474,1268,206
115000111,711,1924,-1213
115000112,670,689,-19
115000113,681,802,-121
115000114,1670,888,782
115000116,3589,2118,1471
115000117,4118,3003,1115
115000118,2243,1771,472
115000119,2153,2232,-79
115000120,697,1301,-604
115000121,1473,938,535
115000122,3478,1854,1624
115000123,1489,1944,-455
115000124,1256,1061,195
115000125,528,609,-81
115000126,195,313,-118
115000127,607,91,516
115000128,741,873,-132
115000129,377,352,25
115000130,363,981,-618
115000131,730,293,437
115000132,205,423,-218
115000133,482,330,152
115000134,292,230,62
115000135,331,249,82
115000136,246,235,11
115000137,159,160,-1
115000138,260,321,-61
115000139,255,257,-2
115000140,255,248,7
115000141,186,278,-92
115000142,171,332,-161
115000143,545,605,-60
115000144,521,93,428
115000145,279,403,-124
115000146,407,303,104
115000147,537,494,43
115000148,295,1219,-924
115000149,667,202,465
115000150,622,1140,-518
115000151,1129,537,592
115000152,621,1415,-794
115000153,1004,566,438
115000154,908,310,598
115000155,616,1131,-515
115000156,1467,651,816
115000157,1009,862,147
115000158,670,367,303
115000159,930,532,398
115000160,619,306,313
115000161,176,552,-376
115000162,655,753,-98
115000163,648,665,-17
115000164,678,582,96
115000165,444,380,64
115000167,194,78,116
115000168,825,371,454
115000169,845,316,529
115000170,299,129,170
115000171,463,267,196
115000172,1412,570,842
115000173,418,446,-28
115000174,211,329,-118
115000175,280,73,207
115000176,174,65,109
115000177,142,49,93
115000178,58,239,-181
115000179,46,20,26
115000180,197,683,-486
115000181,602,126,476
115000182,777,325,452
115000183,259,860,-601
115000186,665,322,343
115000187,192,855,-663
115000188,435,527,-92
115000189,224,427,-203
115000190,767,514,253
115000191,280,535,-255
115000194,205,171,34
115000195,379,352,27
115000196,147,177,-30
115000197,299,308,-9
115000198,279,243,36
115000199,332,264,68
115000200,327,130,197
115000201,212,438,-226
115000206,333,68,265
115000207,101,268,-167
115000208,448,665,-217
115000209,479,269,210
115000210,162,125,37
115000211,176,200,-24
115000212,1816,265,1551
115000224,485,75,410
115000225,44,70,-26
115000229,222,183,39
115000230,107,379,-272
115000231,339,2391,-2052
115000232,1381,389,992
115000233,167,170,-3
115000234,33,365,-332
115000241,64,293,-229
115000242,92,339,-247
115000243,49,255,-206
115000244,6,93,-87
115000246,46,22,24
115000247,56,14,42
115000248,48,8,40
115000249,44,24,20
115000250,334,55,279
115000251,263,130,133
115000252,82,186,-104
115000253,16,454,-438
115000258,368,195,173
115000259,278,140,138
115000261,15,19,-4
115000262,11,23,-12
115000263,26,76,-50
115000264,32,74,-42
115000267,69,68,1
115000268,41,125,-84
115000269,168,66,102
115000270,11,9,2
115000272,35,191,-156
115000273,379,41,338
115000280,2097,163,1934
115000281,503,764,-261
115000282,897,664,233
115000284,478,215,263
115000296,1137,26,1111
115000297,267,130,137
115000298,114,449,-335
115000300,220,172,48
115000302,713,154,559
115000303,623,150,473
115000304,761,91,670
115000305,82,890,-808
115000306,149,464,-315
115000307,61,187,-126
115000308,31,17,14
115000309,2,5,-3
115000310,962,982,-20
115000311,799,1405,-606
115000313,130,813,-683
115000314,455,167,288
115000315,1265,680,585
115000316,64,94,-30
115000317,159,434,-275
115000318,863,260,603
115000319,65,365,-300
115000320,15,253,-238
115000321,475,4,471
115000322,63,288,-225
115000449,219,240,-21
115000557,1,1145,-1144
115000558,768,79,689
115000587,590,349,241
115000588,2941,3388,-447
115000589,3810,2775,1035
115000590,1266,1469,-203
115000591,1628,801,827
115000592,938,1798,-860
115000593,1667,722,945
115000594,886,2540,-1654
115000609,225,251,-26
115000617,2062,3291,-1229
115000624,201,79,122
115000633,383,2231,-1848
115000634,2680,801,1879
115000635,624,137,487
115000638,1105,796,309
115000641,76,154,-78
115000642,338,304,34
115000643,120,602,-482
115000644,122,407,-285
115000646,885,1462,-577
115000647,187,439,-252
115000648,1574,2092,-518
115000893,4028,1741,2287
115000894,127,1245,-1118
115000895,705,980,-275
115000896,1915,427,1488
115000897,539,169,370
115000898,618,242,376
115000899,795,1579,-784
115000900,138,464,-326
115000901,82,179,-97
115000912,386,104,282
115000913,1,14,-13
115000915,128,1,127
115000916,10,0,10
115000917,0,6,-6
115000918,80,368,-288
115000919,14,12,2
115000920,87,83,4
115000921,828,154,674
115000922,2293,890,1403
115000923,784,1186,-402
115000925,81,77,4
115000927,37,71,-34
115000933,584,294,290
115000934,125,162,-37
115000935,96,122,-26
115000936,61,685,-624
115000937,1213,206,1007
115000938,336,277,59
115000939,394,215,179
115000940,96,21,75
115000941,37,27,10
115000942,251,122,129
115000943,112,21,91
115000944,10,7,3
115900001,109,54,55
115900002,95,126,-31
115900003,196,128,68
115900004,0,83,-83
115900005,135,12,123
115900006,116,361,-245
115900008,67,16,51
115900009,102,309,-207
115900010,305,212,93
115900011,392,287,105
115900012,153,107,46
115900013,499,162,337
115900014,110,167,-57
115900015,127,101,26
115900016,105,31,74
115900017,9,4,5
115900018,141,87,54
115900019,36,15,21
115900020,52,0,52
115900021,1357,179,1178
115900022,2052,11,2041
115900023,39,5,34
115900025,70,285,-215
115900026,785,270,515
115900027,1,321,-320
115900028,655,72,583
115900029,13,437,-424
115900030,28,25,3
115900031,442,301,141
115900032,531,730,-199
115900033,1,42,-41
115900034,22,478,-456
115900035,74,22,52
115900036,164,660,-496
115900037,49,465,-416
115900038,76,16,60
115900039,127,221,-94
115900041,520,524,-4
115900042,37,4,33
115900043,80,94,-14
115900044,249,251,-2
115900046,217,258,-41
115900047,138,123,15
115900049,197,258,-61
115900051,0,60,-60
115900052,8,283,-275
115900053,170,212,-42
115900054,242,28,214
115900055,36,179,-143
115900056,166,294,-128
115900057,85,14,71
115900058,57,85,-28
115900060,100,116,-16
115900061,192,0,192
115900062,26,327,-301
115900063,66,9,57
115900064,179,272,-93
115900065,121,109,12
115900066,200,155,45
115900067,9,792,-783
115900068,3790,792,2998
115900069,32,217,-185
115900070,208,173,35
115900071,0,495,-495
115900072,58,173,-115
115900073,63,73,-10
115900074,2,413,-411
115900075,21,293,-272
115900076,1,83,-82
115900077,5,318,-313
115900078,69,147,-78
115900079,128,12,116
115900080,632,300,332
115900081,9,74,-65
115900082,151,171,-20
115900084,345,30,315
115900085,45,97,-52
115900086,1549,549,1000
115900088,11,48,-37
115900089,267,726,-459
115900090,266,19,247
115900091,4,14,-10
115900092,25,226,-201
115900093,3,11,-8
115900094,4,387,-383
115900096,3,12,-9
115900097,4,444,-440
115900098,130,528,-398
115900099,48,51,-3
115900100,10,638,-628
115900101,184,406,-222
115900102,70,78,-8
115900103,273,265,8
115900104,59,122,-63
115900105,208,652,-444
115900106,64,26,38
115900107,53,161,-108
115900108,93,48,45
115900109,82,432,-350
115900110,7,24,-17
115900111,4,106,-102
115900112,51,1096,-1045
115900113,75,25,50
115900114,3,167,-164
115900115,85,251,-166
115900116,65,961,-896
115900117,84,29,55
115900118,4,464,-460
115900119,151,127,24
115900120,27,330,-303
115900121,134,239,-105
115900124,149,568,-419
115900125,275,39,236
115900126,569,84,485
115900127,487,60,427
115900128,13,86,-73
115900129,647,45,602
115900130,26,232,-206
115900131,335,33,302
115900132,445,13,432
115900134,241,9,232
115900135,489,865,-376
115900137,32,2,30
115900139,67,69,-2
115900140,234,30,204
115900141,2,43,-41
115900142,11,34,-23
115900143,244,331,-87
115900144,84,224,-140
115900146,10,131,-121
115900147,226,225,1
115900148,60,6,54
115900149,56,21,35
115900150,107,56,51
115900151,10,77,-67
115900152,141,295,-154
115900153,115,207,-92
115900154,588,282,306
115900155,0,91,-91
115900156,605,729,-124
115900157,176,476,-300
115900158,56,19,37
115900159,106,314,-208
115900160,9,7,2
115900161,90,174,-84
115900163,146,130,16
115900164,446,59,387
115900166,255,213,42
115900168,117,226,-109
115900171,147,435,-288
115900172,86,128,-42
115900173,201,136,65
115900174,262,191,71
115900175,96,196,-100
115900178,4,672,-668
115900179,255,12,243
115900180,38,225,-187
115900181,137,189,-52
115900182,315,237,78
115900183,79,28,51
115900184,1596,7,1589
115900187,11,119,-108
115900189,0,162,-162
115900190,399,1270,-871
115900191,55,369,-314
115900192,8,79,-71
115900193,147,113,34
115900194,557,59,498
115900195,608,1617,-1009
115900198,206,350,-144
115900199,174,249,-75
115900200,335,289,46
115900201,310,271,39
115900202,2,49,-47
115900203,7,8,-1
115900204,0,5,-5
115900205,247,29,218
115900206,174,148,26
115900207,27,40,-13
115900208,133,229,-96
115900209,3,160,-157
115900210,4,130,-126
115900211,5,188,-183
115900212,118,252,-134
115900213,197,66,131
115900214,443,277,166
115900215,31,109,-78
115900216,6,86,-80
115900217,2,43,-41
115900218,1,39,-38
115900219,87,12,75
115900220,116,11,105
115900221,67,29,38
115900222,47,18,29
115900223,15,273,-258
115900224,1300,926,374
115900225,84,38,46
115900226,15,26,-11
115900227,6,47,-41
115900228,13,63,-50
115900229,12,56,-44
115900230,67,123,-56
115900231,101,2,99
115900232,108,1,107
115900233,69,13,56
115900234,66,24,42
115900235,46,35,11
115900236,55,18,37
115900237,34,32,2
115900238,31,26,5
115900239,27,36,-9
115900240,9,54,-45
115900241,181,108,73
115900242,367,359,8
115900243,13,5,8
115900244,4,11,-7
115900245,40,13,27
115900246,9,7,2
115900247,33,11,22
115900248,8,15,-7
115900249,6,24,-18
115900250,13,17,-4
115900251,1,20,-19
115900252,2,1,1
115900253,12,7,5
115900254,19,17,2
115900255,4,33,-29
115900256,43,92,-49
115900257,3,15,-12
115900258,0,1,-1
115900259,3,0,3
115900260,24,8,16
115900261,7,3,4
115900262,1,2,-1
115900263,12,2,10
115900264,1,4,-3
115900265,3,16,-13
115900266,4,12,-8
115900267,14,17,-3
115900268,2,13,-11
115900269,384,422,-38
115900270,307,532,-225
115900271,130,0,130
115900272,49,5,44
115900273,13,22,-9
115900274,3,6,-3
115900275,2,18,-16
115900276,1,40,-39
115900277,2,98,-96
115900278,46,134,-88
115900279,21,173,-152
115900280,13,314,-301
115900281,617,241,376
115900282,46,8,38
115900283,10,22,-12
115900284,13,11,2
116000001,12584,6023,6561
116000002,4594,10064,-5470
116000003,1711,1946,-235
116000004,2387,2980,-593
116000005,4309,3432,877
116000006,3420,1824,1596
116000007,3417,3724,-307
116000008,3985,2069,1916
116000009,1821,2629,-808
116000010,2363,1335,1028
116000011,1052,2029,-977
116000012,1017,889,128
116000013,14978,5031,9947
116000014,17914,13573,4341
116000015,423,1534,-1111
116000016,7176,3632,3544
116000017,48,808,-760
116000018,728,446,282
116000019,1072,385,687
116000020,573,1102,-529
116000021,474,366,108
116000022,432,482,-50
116000023,1031,812,219
116000024,707,1147,-440
116000025,702,551,151
116000026,2260,2267,-7
116000027,1227,603,624
116000028,567,818,-251
116000029,1107,694,413
116000030,757,553,204
116000031,136,295,-159
116000032,454,249,205
116000033,405,555,-150
116000034,1127,1218,-91
116000035,605,1071,-466
116000036,1990,890,1100
116000037,734,585,149
116000038,831,369,462
116000039,675,350,325
116000040,2276,242,2034
116000041,299,496,-197
116000042,549,202,347
116000043,54,641,-587
116000044,19,84,-65
116000045,2238,1458,780
116000046,1323,1570,-247
116000047,3094,4231,-1137
116000048,2785,1853,932
116000049,1095,2632,-1537
116000050,1276,2005,-729
116000051,5685,2418,3267
116000052,6578,5045,1533
116000053,3162,1310,1852
116000054,1545,2609,-1064
116000055,687,1517,-830
116000056,1036,1651,-615
116000057,4161,1996,2165
116000058,3337,2071,1266
116000059,2891,4906,-2015
116000060,3135,1229,1906
116000061,779,1087,-308
116000062,1231,392,839
116000063,992,1300,-308
116000066,269,727,-458
116000067,233,541,-308
116000068,232,311,-79
116000069,232,380,-148
116000078,421,1185,-764
116000080,1624,991,633
116000082,12,85,-73
116000083,1502,433,1069
116000084,2137,4103,-1966
116000085,1941,1665,276
116000086,2590,1672,918
116000087,1562,1341,221
116000088,780,1135,-355
116000089,238,97,141
116000090,152,215,-63
116000091,266,295,-29
116000093,470,369,101
116000094,571,662,-91
116000095,692,664,28
116000096,758,1346,-588
116000097,734,910,-176
116000098,198,5794,-5596
116000099,8278,340,7938
116000100,260,21,239
116000101,636,1135,-499
116000102,361,1600,-1239
116000103,433,323,110
116000104,231,1772,-1541
116000105,1109,184,925
116000106,570,1409,-839
116000107,2169,475,1694
116000108,516,170,346
116000111,221,31,190
116000113,113,124,-11
116000114,65,135,-70
116000115,218,127,91
116000116,333,494,-161
116000117,1430,2133,-703
116000118,1122,1463,-341
116000119,2173,1862,311
116000120,2551,4230,-1679
116000121,757,625,132
116000122,1561,1875,-314
116000123,779,512,267
116000124,426,996,-570
116000125,2160,745,1415
116000126,276,1644,-1368
116000127,1197,1552,-355
116000128,1346,892,454
116000129,936,237,699
116000130,494,352,142
116000133,759,1167,-408
116000134,2005,2592,-587
116000135,2063,1435,628
116000136,1154,2328,-1174
116000137,1129,738,391
116000138,711,552,159
116000139,2225,2369,-144
116000140,131,270,-139
116000141,387,893,-506
116000142,3950,3878,72
116000143,2012,1871,141
116000144,1464,2758,-1294
116000145,1558,1451,107
116000146,450,302,148
116000147,396,132,264
116000148,487,453,34
116000149,663,558,105
116000151,989,882,107
116000153,102,1051,-949
116000155,284,423,-139
116000156,390,936,-546
116000157,57,25,32
116000158,400,462,-62
116000159,13,11,2
116000160,11,111,-100
116000161,7,102,-95
116000162,80,118,-38
116000163,18,4,14
116000164,10,30,-20
116000177,311,127,184
116000194,110,369,-259
116000195,1881,713,1168
116000196,19,5,14
116000197,7,16,-9
116000198,2825,1186,1639
116000200,914,569,345
116000201,678,812,-134
116000202,10,347,-337
116000203,5,124,-119
116000204,17,85,-68
116000205,3,199,-196
116000206,21,129,-108
116000207,3,48,-45
116000233,186,734,-548
116000287,164,554,-390
116000288,261,284,-23
116000292,61,134,-73
116000296,19,208,-189
116000297,90,25,65
116000304,87,41,46
116000305,18,103,-85
116000346,123,86,37
116000352,126,26,100
116000354,46,15,31
116000357,14,33,-19
116000358,289,48,241
116000361,531,5,526
116000372,10104,4056,6048
116000381,106,0,106
116000388,2,45,-43
116000389,1035,584,451
116000445,351,700,-349
116000446,495,1038,-543
116000447,27,589,-562
116000448,670,255,415
116000563,985,971,14
116000565,80,533,-453
116000568,66,251,-185
116000579,39,111,-72
116000583,120,96,24
116000584,31,10,21
116000585,50,24,26
116000586,185,114,71
116000587,638,572,66
116000589,22,64,-42
116000590,76,62,14
116000591,185,329,-144
116000592,27,107,-80
116000593,0,40,-40
116000594,472,525,-53
116000595,651,199,452
116000596,165,12,153
116000597,318,77,241
116000598,20,171,-151
116000605,266,140,126
116000606,57,187,-130
116000607,2,49,-47
116000609,172,759,-587
116000611,85,591,-506
116000612,735,2105,-1370
116000613,582,390,192
116000614,488,755,-267
116000615,2,248,-246
116000616,39,128,-89
116000617,124,98,26
116000618,6,176,-170
116000619,68,61,7
116000620,86,67,19
116000621,42,110,-68
116000622,44,211,-167
116000624,154,90,64
116000627,61,128,-67
116000628,50,398,-348
116000629,28,393,-365
116000630,209,51,158
116000631,116,57,59
116000632,554,122,432
116000633,161,327,-166
116000634,288,224,64
116000635,3990,1900,2090
116000636,1740,1300,440
116000637,390,85,305
116000638,109,465,-356
116000639,47,1,46
116000640,13,15,-2
116000641,34,159,-125
116000643,3,124,-121
116000644,38,659,-621
116000645,29,13,16
116900001,250,157,93
116900002,257,0,257
116900003,38,98,-60
116900004,40,49,-9
116900005,245,63,182
116900006,217,126,91
116900007,155,168,-13
116900008,305,401,-96
116900009,20,1,19
116900010,4,1650,-1646
116900011,6,51,-45
116900012,163,174,-11
116900013,4,139,-135
116900014,68,313,-245
116900016,143,2,141
116900017,4,669,-665
116900018,53,60,-7
116900019,16,381,-365
116900020,1458,794,664
116900023,59,8,51
116900025,970,1003,-33
116900026,170,691,-521
116900027,34,52,-18
116900028,3,112,-109
116900029,2,24,-22
116900031,2,8,-6
116900032,11,361,-350
116900033,9,14,-5
116900034,7,92,-85
116900035,163,208,-45
116900036,14,98,-84
116900038,21,1,20
116900041,36,23,13
116900042,818,266,552
116900043,34,105,-71
116900047,69,105,-36
116900049,38,359,-321
116900050,120,471,-351
116900051,105,252,-147
116900052,307,94,213
116900055,1,3,-2
116900057,21,247,-226
116900058,49,364,-315
116900059,1,136,-135
116900060,223,181,42
116900062,3,8,-5
116900064,94,894,-800
116900065,25,155,-130
116900067,97,167,-70
116900068,130,375,-245
116900070,8,0,8
116900072,24,464,-440
116900073,9,163,-154
116900074,7,48,-41
116900076,13,45,-32
116900077,6,186,-180
116900078,343,153,190
116900079,39,340,-301
116900080,24,17,7
116900081,343,1492,-1149
116900082,491,924,-433
116900083,107,103,4
116900084,295,58,237
116900085,40,163,-123
116900086,71,214,-143
116900088,417,93,324
116900090,187,98,89
116900091,289,62,227
116900092,84,826,-742
116900093,1609,2711,-1102
116900094,5498,4928,570
116900095,378,147,231
116900096,50,227,-177
116900097,4214,2284,1930
116900098,922,285,637
116900099,730,658,72
116900100,784,41,743
116900101,261,614,-353
116900103,6,1,5
116900104,60,69,-9
116900105,258,95,163
116900106,1563,220,1343
116900107,4579,2216,2363
116900110,14,2,12
116900111,428,787,-359
116900112,236,979,-743
116900113,2436,1270,1166
116900116,300,438,-138
116900117,95,93,2
116900118,904,849,55
116900120,199,112,87
116900121,72,37,35
116900122,556,821,-265
116900123,116,826,-710
116900124,182,1045,-863
116900125,282,236,46
116900126,234,578,-344
116900128,0,45,-45
116900129,1,326,-325
116900130,891,3258,-2367
116900131,118,261,-143
116900132,55,100,-45
116900133,112,82,30
116900134,356,210,146
116900136,220,231,-11
116900137,335,194,141
116900138,235,237,-2
116900139,108,369,-261
116900140,160,204,-44
116900141,735,408,327
116900142,3,66,-63
116900143,233,484,-251
116900144,33,81,-48
116900145,177,343,-166
116900147,950,375,575
116900148,17,35,-18
116900149,35,251,-216
116900150,10,5,5
116900151,53,27,26
116900153,126,92,34
116900154,913,464,449
116900155,69,70,-1
116900157,486,375,111
116900158,892,218,674
116900159,45,436,-391
116900160,1989,281,1708
116900161,7822,5902,1920
116900162,64,166,-102
116900163,166,199,-33
116900164,159,63,96
116900165,301,122,179
116900166,32,88,-56
116900167,481,99,382
116900168,339,99,240
116900169,1416,356,1060
116900170,476,293,183
116900171,38,224,-186
116900172,275,239,36
116900173,186,39,147
116900174,41,57,-16
116900175,354,134,220
116900178,15,160,-145
116900179,93,219,-126
116900180,85,30,55
116900182,408,246,162
116900183,221,121,100
116900185,37,57,-20
116900186,141,291,-150
116900187,39,41,-2
116900188,151,29,122
116900189,39,1,38
116900191,388,512,-124
116900192,196,158,38
116900194,182,874,-692
116900195,48,24,24
116900196,17,126,-109
116900197,100,6,94
116900198,204,177,27
116900200,67,41,26
116900201,98,33,65
116900202,153,76,77
116900203,95,3,92
116900204,71,89,-18
116900206,13,45,-32
116900207,41,39,2
116900208,14,141,-127
116900209,49,152,-103
116900210,467,291,176
116900211,161,4,157
116900212,67,115,-48
116900213,209,236,-27
116900214,179,173,6
116900215,34,83,-49
116900216,345,258,87
116900218,8,310,-302
116900219,1172,489,683
116900220,134,221,-87
116900221,81,366,-285
116900222,364,334,30
116900223,102,257,-155
116900226,62,104,-42
116900227,243,91,152
116900228,283,254,29
116900230,53,850,-797
116900233,409,172,237
116900234,19,7,12
116900235,137,293,-156
116900238,1636,456,1180
116900239,11,1061,-1050
116900240,6824,4556,2268
116900241,70,169,-99
116900242,1181,468,713
116900243,4,28,-24
116900245,37,21,16
116900246,78,31,47
116900247,577,19,558
116900248,107,54,53
116900249,353,97,256
116900250,302,72,230
116900251,509,430,79
116900252,108,1018,-910
116900254,22,108,-86
116900255,154,50,104
116900256,199,94,105
116900257,28,554,-526
116900258,1,297,-296
116900259,180,14,166
116900260,1,187,-186
116900261,47,2,45
116900262,186,175,11
116900263,0,9,-9
116900264,62,65,-3
116900265,27,0,27
116900266,12,50,-38
116900267,4,0,4
116900268,94,5,89
116900269,342,595,-253
116900271,1208,179,1029
116900272,651,522,129
116900273,441,70,371
116900274,85,77,8
116900275,155,129,26
116900276,413,118,295
116900277,657,29,628
116900278,3,9,-6
116900279,0,22,-22
116900280,15,32,-17
116900281,6947,3239,3708
116900282,7,171,-164
116900283,20,130,-110
116900284,12,218,-206
116900285,374,373,1
116900286,209,18,191
116900287,7,88,-81
116900288,60,197,-137
116900289,14,26,-12
116900290,5,51,-46
116900291,11,11,0
116900292,0,24,-24
116900293,55,100,-45
116900294,47,161,-114
116900295,727,32,695
116900296,381,63,318
116900297,14,98,-84
116900298,144,68,76
116900299,244,44,200
116900300,19,83,-64
116900301,143,90,53
116900302,95,80,15
116900303,364,141,223
116900304,2,200,-198
116900305,40,141,-101
116900306,85,210,-125
116900307,62,0,62
116900308,1,222,-221
116900309,71,92,-21
116900310,21,71,-50
117000001,1987,1948,39
117000002,2820,5732,-2912
117000003,9193,3701,5492
117000004,5313,6662,-1349
117000005,2416,2115,301
117000006,1537,4654,-3117
117000007,4065,1511,2554
117000008,1424,5343,-3919
117000009,4825,2307,2518
117000010,3004,5393,-2389
117000011,1962,1960,2
117000012,1353,1733,-380
117000013,2109,1146,963
117000014,1813,2933,-1120
117000015,3780,1461,2319
117000016,681,84,597
117000017,1044,169,875
117000018,277,394,-117
117000019,396,38,358
117000020,414,1258,-844
117000021,3020,906,2114
117000022,804,76,728
117000023,1297,209,1088
117000024,733,97,636
117000025,1964,489,1475
117000026,5664,1095,4569
117000027,2500,2281,219
117000028,4688,1254,3434
117000030,800,676,124
117000031,444,309,135
117000032,2970,1522,1448
117000033,1399,1045,354
117000034,588,407,181
117000035,313,327,-14
117000036,505,437,68
117000037,368,314,54
117000038,353,725,-372
117000039,595,333,262
117000040,219,1024,-805
117000041,1025,217,808
117000044,26,1007,-981
117000045,558,85,473
117000046,671,750,-79
117000047,1137,787,350
117000048,2220,1652,568
117000049,129,548,-419
117000050,200,2321,-2121
117000051,1981,194,1787
117000052,35,500,-465
117000053,389,80,309
117000054,1489,4,1485
117000055,128,3657,-3529
117000056,601,35,566
117000057,697,2501,-1804
117000060,511,1968,-1457
117000061,2135,1238,897
117000062,342,660,-318
117000063,2120,1034,1086
117000064,1005,1172,-167
117000066,1198,895,303
117000067,209,531,-322
117000074,223,295,-72
117000076,100,54,46
117000077,187,136,51
117000078,151,804,-653
117000079,344,256,88
117000080,4,417,-413
117000081,1113,130,983
117000082,35,70,-35
117000083,184,14,170
117000084,513,0,513
117000085,280,713,-433
117000086,826,652,174
117000087,191,596,-405
117000088,277,272,5
117000089,1401,333,1068
117000090,329,1498,-1169
117000091,816,343,473
117000092,402,1676,-1274
117000093,1241,872,369
117000094,1149,3356,-2207
117000095,2942,951,1991
117000096,631,2662,-2031
117000097,1265,1297,-32
117000098,2897,5615,-2718
117000099,2992,1264,1728
117000100,194,238,-44
117000101,227,1363,-1136
117000102,1485,852,633
117000103,866,2107,-1241
117000104,1351,736,615
117000105,931,2106,-1175
117000106,1053,916,137
117000107,612,2174,-1562
117000108,1489,974,515
117000109,1959,2844,-885
117000110,1485,893,592
117000111,4014,5574,-1560
117000112,3137,2228,909
117000113,124,293,-169
117000114,210,168,42
117000115,96,144,-48
117000116,118,284,-166
117000117,2073,768,1305
117000118,511,223,288
117000119,1443,176,1267
117000120,837,442,395
117000121,194,1455,-1261
117000122,601,1664,-1063
117000123,2404,37,2367
117000124,830,47,783
117000125,875,82,793
117000126,213,26,187
117000127,290,328,-38
117000128,624,804,-180
117000129,980,701,279
117000130,166,2,164
117000131,0,117,-117
117000132,2279,7,2272
117000133,1176,71,1105
117000134,1,44,-43
117000135,6,39,-33
117000136,0,30,-30
117000137,72,104,-32
117000138,3,671,-668
117000140,635,2003,-1368
117000141,1716,661,1055
117000181,696,417,279
117000182,446,572,-126
117000195,178,1265,-1087
117000196,313,79,234
117000225,566,25,541
117000226,23,274,-251
117000276,267,7,260
117000277,0,498,-498
117000310,2427,3055,-628
117000315,60,2336,-2276
117000320,161,1,160
117000906,268,27,241
117000907,7,396,-389
117000909,95,45,50
117000910,178,190,-12
117000911,102,240,-138
117000915,9,669,-660
117000916,34,6,28
117000917,1006,45,961
117000918,113,149,-36
117000919,5,133,-128
117000920,2,1346,-1344
117000921,2,1687,-1685
117000922,63,122,-59
117000924,795,1212,-417
117000926,1099,83,1016
117000927,2038,527,1511
117000928,0,165,-165
117000929,218,667,-449
117000930,246,39,207
117000931,390,148,242
117900002,231,609,-378
117900003,807,447,360
117900005,17,65,-48
117900006,0,38,-38
117900007,201,153,48
117900008,0,52,-52
117900010,1045,126,919
117900011,80,32,48
117900012,99,154,-55
117900013,2,272,-270
117900014,1670,197,1473
117900015,27,151,-124
117900016,1485,661,824
117900017,1726,505,1221
117900018,228,96,132
117900019,364,362,2
117900020,92,430,-338
117900021,48,79,-31
117900023,618,998,-380
117900024,92,94,-2
117900025,52,18,34
117900026,313,411,-98
117900028,311,13,298
117900029,235,1116,-881
117900030,443,358,85
117900031,801,112,689
117900032,806,722,84
117900033,210,1052,-842
117900034,101,96,5
117900035,187,72,115
117900036,208,668,-460
117900037,106,130,-24
117900038,30,435,-405
117900039,4,74,-70
117900040,128,570,-442
117900041,11,34,-23
117900042,4652,520,4132
117900043,52,50,2
117900044,24,6211,-6187
117900045,228,173,55
117900048,229,334,-105
117900049,202,821,-619
117900050,25,94,-69
117900051,203,4,199
117900052,78,436,-358
117900053,1276,706,570
117900054,1,13,-12
117900055,161,599,-438
117900056,459,27,432
117900057,1142,1343,-201
117900058,148,14,134
117900059,648,105,543
117900060,2068,5699,-3631
117900061,36,458,-422
117900063,446,246,200
117900065,727,1365,-638
117900066,2,84,-82
117900067,400,268,132
117900069,963,451,512
117900070,699,16,683
117900071,154,216,-62
117900073,393,486,-93
117900074,897,21,876
117900075,111,97,14
117900076,23,49,-26
117900077,313,122,191
117900078,257,621,-364
117900080,338,46,292
117900081,457,499,-42
117900082,389,378,11
117900083,323,633,-310
117900086,207,56,151
117900087,140,65,75
117900088,3155,2232,923
117900089,1686,627,1059
117900090,1155,811,344
117900091,186,210,-24
117900092,99,59,40
117900093,89,74,15
117900094,31,21,10
117900095,1086,639,447
117900096,95,334,-239
117900097,147,80,67
117900098,7,17,-10
117900099,245,337,-92
117900100,175,0,175
117900101,461,1440,-979
117900102,96,88,8
117900103,53,1,52
117900104,37,147,-110
117900105,120,281,-161
117900106,104,67,37
117900107,11,0,11
117900109,511,333,178
117900110,98,3,95
117900111,343,14,329
117900112,68,18,50
117900113,5615,2186,3429
117900114,15,2,13
117900115,362,66,296
117900116,1066,1090,-24
117900117,378,355,23
117900118,51,0,51
117900119,145,283,-138
117900120,193,108,85
117900121,86,35,51
117900122,1136,2994,-1858
117900123,1079,603,476
117900124,873,754,119
117900125,1688,1503,185
117900126,272,646,-374
117900127,513,700,-187
117900128,376,889,-513
117900129,111,1,110
117900130,896,498,398
117900131,0,133,-133
117900132,24,135,-111
117900133,8,141,-133
117900134,64,236,-172
117900135,15,204,-189
117900136,0,38,-38
117900137,46,342,-296
117900138,1,35,-34
117900139,149,144,5
117900140,5737,926,4811
117900141,355,250,105
117900142,442,62,380
117900144,257,121,136
117900145,69,16,53
117900146,515,219,296
117900147,113,85,28
117900148,3782,1194,2588
117900149,85,153,-68
117900150,46,75,-29
117900151,61,116,-55
117900152,185,93,92
117900153,19,117,-98
117900154,649,866,-217
117900156,983,1037,-54
117900157,117,559,-442
117900158,220,99,121
117900160,541,495,46
117900161,2807,2502,305
117900162,602,664,-62
117900163,377,68,309
117900165,0,12,-12
117900166,128,418,-290
117900168,49,223,-174
117900169,2,156,-154
117900170,3,49,-46
117900171,4,29,-25
117900172,18,47,-29
117900173,180,94,86
117900174,50,65,-15
117900175,1,45,-44
117900176,38,44,-6
117900177,27,49,-22
117900178,105,63,42
117900180,355,53,302
117900181,102,205,-103
117900182,3,33,-30
117900183,63,241,-178
117900184,8,49,-41
117900185,37,50,-13
117900186,22,17,5
117900187,22,22,0
117900188,251,49,202
117900189,66,33,33
117900190,35,1,34
117900191,78,0,78
117900192,217,19,198
117900193,11,103,-92
117900194,5,7,-2
117900195,9,55,-46
117900196,19,26,-7
117900207,189,140,49
117900208,31,31,0
117900209,253,219,34
117900210,198,303,-105
117900211,12,227,-215
117900212,149,235,-86
117900213,16,30,-14
117900214,17,43,-26
117900215,48,62,-14
117900216,183,22,161
117900217,188,175,13
117900218,320,572,-252
117900219,69,45,24
117900220,500,199,301
117900222,236,365,-129
117900223,252,313,-61
118000001,1066,902,164
118000002,1643,2322,-679
118000003,4818,2493,2325
118000004,4405,2406,1999
118000005,5383,5492,-109
118000006,6851,10622,-3771
118000007,10516,2870,7646
118000008,8468,3313,5155
118000009,2977,3376,-399
118000010,5471,4296,1175
118000011,1185,2657,-1472
118000012,1204,2695,-1491
118000013,4022,3279,743
118000014,2205,3500,-1295
118000016,252,420,-168
118000017,334,485,-151
118000018,525,516,9
118000019,2686,1457,1229
118000020,1601,2417,-816
118000021,1065,2646,-1581
118000022,2337,814,1523
118000023,1342,324,1018
118000024,1806,1050,756
118000027,17282,11774,5508
118000029,1102,738,364
118000032,1560,3361,-1801
118000033,3572,3982,-410
118000034,6442,2422,4020
118000035,2134,2396,-262
118000036,1738,1059,679
118000037,1127,976,151
118000038,153,90,63
118000039,133,393,-260
118000040,2028,1688,340
118000041,2694,1658,1036
118000045,1302,109,1193
118000046,2922,606,2316
118000047,4240,750,3490
118000048,5693,1368,4325
118000051,2861,615,2246
118000052,1984,488,1496
118000053,1102,545,557
118000054,2488,1895,593
118000055,1424,2328,-904
118000056,209,350,-141
118000057,182,468,-286
118000058,4660,1370,3290
118000059,3709,854,2855
118000060,1254,626,628
118000061,1041,1418,-377
118000062,875,337,538
118000063,530,511,19
118000064,1229,1302,-73
118000065,6219,2231,3988
118000066,1002,1321,-319
118000067,1619,798,821
118000068,2966,4534,-1568
118000069,5412,1183,4229
118000070,8400,2010,6390
118000071,4433,7006,-2573
118000072,5046,1118,3928
118000073,4138,541,3597
118000074,837,697,140
118000075,749,308,441
118000076,2292,1737,555
118000077,1715,1357,358
118000078,2217,1988,229
118000079,303,403,-100
118000080,1566,977,589
118000081,2319,1127,1192
118000082,380,1233,-853
118000083,1728,1649,79
118000084,3302,2081,1221
118000086,367,738,-371
118000087,5613,2991,2622
118000088,1923,2072,-149
118000089,3995,2286,1709
118000090,2208,3320,-1112
118000091,1389,2681,-1292
118000092,1306,535,771
118000093,111,874,-763
118000096,755,687,68
118000097,973,785,188
118000098,330,210,120
118000099,495,903,-408
118000101,1066,391,675
118000102,363,1353,-990
118000107,2869,591,2278
118000108,728,2873,-2145
118000110,2,25,-23
118000111,3,668,-665
118000112,562,6,556
118000113,2,881,-879
118000114,456,9,447
118000115,27,20,7
118000116,127,2,125
118000117,1562,973,589
118000118,1182,805,377
118000119,1014,1136,-122
118000120,1882,1272,610
118000121,161,565,-404
118000122,1838,315,1523
118000123,66,346,-280
118000125,2393,1015,1378
118000126,1477,1820,-343
118000127,2157,801,1356
118000128,740,1379,-639
118000129,1566,418,1148
118000130,3345,4652,-1307
118000131,956,1064,-108
118000132,2657,1887,770
118000133,1357,608,749
118000135,766,469,297
118000136,151,565,-414
118000137,989,96,893
118000138,448,673,-225
118000139,475,122,353
118000140,2619,4677,-2058
118000141,1979,2485,-506
118000142,1912,2453,-541
118000143,1800,1490,310
118000144,1587,1194,393
118000145,1878,2789,-911
118000146,1430,1231,199
118000147,1074,1822,-748
118000148,640,1661,-1021
118000149,1063,1151,-88
118000150,325,383,-58
118000151,375,556,-181
118000153,1222,1742,-520
118000154,1383,1778,-395
118000155,1079,1825,-746
118000156,2813,2665,148
118000157,626,497,129
118000158,269,574,-305
118000159,22,114,-92
118000160,448,487,-39
118000161,535,767,-232
118000162,2409,1121,1288
118000163,733,1231,-498
118000164,2628,2120,508
118000168,1545,477,1068
118000169,1490,1710,-220
118000170,4862,6431,-1569
118000171,345,638,-293
118000172,135,337,-202
118000173,1344,1336,8
118000175,330,447,-117
118000176,307,522,-215
118000177,236,607,-371
118000178,112,67,45
118000179,1719,1298,421
118000180,842,972,-130
118000181,1116,388,728
118000182,377,299,78
118000183,284,367,-83
118000184,696,1151,-455
118000185,1109,1013,96
118000186,752,963,-211
118000187,1188,764,424
118000188,1003,226,777
118000189,549,865,-316
118000190,20,6,14
118000191,18,28,-10
118000192,163,154,9
118000193,95,383,-288
118000194,2677,1416,1261
118000195,1227,860,367
118000196,930,131,799
118000197,700,117,583
118000198,1087,658,429
118000199,2054,509,1545
118000200,48,184,-136
118000201,1039,493,546
118000202,94,72,22
118000203,2729,484,2245
118000204,364,441,-77
118000205,666,516,150
118000206,289,258,31
118000207,0,105,-105
118000208,1584,1737,-153
118000209,2007,2091,-84
118000210,50,59,-9
118000211,23,48,-25
118000213,1442,808,634
118000214,827,809,18
118000215,258,503,-245
118000216,1504,4766,-3262
118000217,41,114,-73
118000218,58,114,-56
118000219,536,485,51
118000220,2,42,-40
118000221,178,308,-130
118000222,59,8,51
118000223,45,66,-21
118000224,362,110,252
118000225,191,913,-722
118000226,1784,229,1555
118000227,977,569,408
118000228,160,173,-13
118000229,340,42,298
118000230,146,211,-65
118000231,98,229,-131
118000232,826,1087,-261
118000233,934,822,112
118000234,434,284,150
118000236,538,419,119
118000237,75,537,-462
118000238,261,207,54
118000239,344,303,41
118000240,502,140,362
118000241,161,298,-137
118000242,445,704,-259
118000243,248,194,54
118000244,40,188,-148
118000246,0,19,-19
118000255,89,251,-162
118000256,109,247,-138
118000259,8,41,-33
118000260,259,135,124
118000261,25,63,-38
118000263,89,256,-167
118000266,1386,463,923
118000267,0,82,-82
118000268,901,2,899
118000270,84,28,56
118000271,264,439,-175
118000272,71,44,27
118000273,164,94,70
118000274,158,283,-125
118000276,415,362,53
118000295,2,111,-109
118000298,109,375,-266
118000299,53,182,-129
118000301,0,78,-78
118000302,97,94,3
118000311,392,114,278
118000312,306,205,101
118000313,22,196,-174
118000314,74,83,-9
118000315,22,53,-31
118000316,665,589,76
118000325,47,67,-20
118000326,15,72,-57
118000331,16,58,-42
118000332,33,38,-5
118000333,31,65,-34
118000335,404,1,403
118000336,1,269,-268
118000407,156,104,52
118000457,15,66,-51
118000465,3825,4280,-455
118000480,50,127,-77
118000489,38,335,-297
118000490,58,410,-352
118000492,260,236,24
118000510,110,22,88
118000514,209,366,-157
118000515,737,863,-126
118000517,433,336,97
118000524,608,173,435
118000525,1022,800,222
118000530,12,99,-87
118000531,304,317,-13
118000532,227,373,-146
118000533,477,176,301
118000534,840,455,385
118000535,274,172,102
118000536,945,1343,-398
118000537,36,103,-67
118000538,54,82,-28
118000539,8,83,-75
118000540,319,163,156
118000541,236,74,162
118000542,130,181,-51
118000543,184,191,-7
118000546,32,24,8
118000553,0,0,0
118000560,3299,1905,1394
118000562,27,339,-312
118000563,2511,1595,916
118000576,180,190,-10
118000577,312,296,16
118000578,169,114,55
118000579,958,1416,-458
118000583,0,3,-3
118000595,213,155,58
118000596,0,72,-72
118000597,275,223,52
118000598,3,1,2
118000599,51,46,5
118000600,5,8,-3
118000601,5,0,5
118000602,3,22,-19
118000603,0,63,-63
118000605,100,610,-510
118000606,55,32,23
118900001,936,1353,-417
118900002,1068,926,142
118900003,271,9,262
118900004,76,67,9
118900005,108,9,99
118900006,155,1,154
118900007,12,3,9
118900008,1553,55,1498
118900009,59,36,23
118900010,43,4,39
118900011,125,40,85
118900012,506,260,246
118900013,518,117,401
118900015,268,65,203
118900016,6,17,-11
118900017,310,198,112
118900018,977,15,962
118900019,58,27,31
118900020,302,122,180
118900021,171,371,-200
118900022,160,113,47
118900023,188,99,89
118900024,99,154,-55
118900025,76,15,61
118900026,77,105,-28
118900027,560,321,239
118900028,165,188,-23
118900029,341,418,-77
118900030,251,119,132
118900031,197,108,89
118900032,196,206,-10
118900033,779,542,237
118900034,170,19,151
118900035,179,234,-55
118900036,947,746,201
118900037,904,236,668
118900038,363,264,99
118900039,474,247,227
118900040,221,236,-15
118900041,479,233,246
118900042,188,135,53
118900045,318,219,99
118900046,1000,335,665
118900047,655,293,362
118900048,428,151,277
118900049,79,39,40
118900050,41,269,-228
118900051,194,87,107
118900052,586,251,335
118900053,41,84,-43
118900054,133,71,62
118900055,48,97,-49
118900056,222,335,-113
118900057,672,447,225
118900058,659,345,314
118900059,31,93,-62
118900060,51,194,-143
118900062,204,220,-16
118900064,765,615,150
118900065,65,281,-216
118900066,91,86,5
118900067,5673,3815,1858
118900068,10,580,-570
118900069,344,281,63
118900071,1,84,-83
118900072,397,457,-60
118900073,91,112,-21
118900074,140,284,-144
118900075,61,99,-38
118900076,349,92,257
118900077,294,210,84
118900078,67,19,48
118900079,52,279,-227
118900080,21,132,-111
118900081,89,31,58
118900082,638,163,475
118900083,33,18,15
118900084,17,24,-7
118900085,508,1100,-592
118900086,37,74,-37
118900087,12,216,-204
118900088,0,13,-13
118900089,28,18,10
118900090,467,479,-12
118900091,146,184,-38
118900092,111,141,-30
118900093,174,26,148
118900096,189,193,-4
118900097,243,679,-436
118900099,86,276,-190
118900100,157,283,-126
118900101,78,371,-293
118900102,31,90,-59
118900103,39,100,-61
118900104,64,50,14
118900105,236,178,58
118900107,137,86,51
118900108,104,102,2
118900110,1551,810,741
118900111,396,637,-241
118900112,89,198,-109
118900113,84,580,-496
118900114,40,103,-63
118900115,104,321,-217
118900116,108,194,-86
118900117,105,168,-63
118900118,256,423,-167
118900119,137,312,-175
118900120,120,400,-280
118900121,15,239,-224
118900122,15,901,-886
118900123,137,230,-93
118900124,86,189,-103
118900126,30,393,-363
118900129,327,217,110
118900130,127,209,-82
118900131,174,286,-112
118900132,753,248,505
118900133,28,133,-105
118900135,299,222,77
118900136,253,697,-444
118900137,14,40,-26
118900139,254,474,-220
118900140,498,847,-349
118900141,60,224,-164
118900144,148,568,-420
118900145,34,152,-118
118900146,301,757,-456
118900147,366,169,197
118900148,70,54,16
118900150,182,563,-381
118900152,461,903,-442
118900157,153,228,-75
118900158,87,87,0
118900159,2,196,-194
118900161,142,12,130
118900163,230,96,134
118900164,18,106,-88
118900165,46,217,-171
118900166,26,5,21
118900167,70,128,-58
118900168,7,84,-77
118900169,147,504,-357
118900170,118,155,-37
118900171,17,43,-26
118900174,75,67,8
118900175,381,547,-166
118900176,144,258,-114
118900177,55,69,-14
118900178,53,142,-89
118900179,25,14,11
118900181,92,159,-67
118900182,88,75,13
118900183,27,121,-94
118900184,594,58,536
118900185,138,184,-46
118900186,112,111,1
118900187,267,316,-49
118900188,292,301,-9
118900189,43,845,-802
118900190,14,476,-462
118900191,196,56,140
118900192,162,21,141
118900193,379,11,368
118900195,293,866,-573
118900196,38,165,-127
118900197,87,90,-3
118900198,23,44,-21
118900199,68,68,0
118900200,46,17,29
118900201,31,14,17
118900202,19,72,-53
118900203,9,28,-19
118900204,22,32,-10
118900205,5,26,-21
118900206,6,37,-31
119000001,1575,1436,139
119000002,4280,2672,1608
119000003,2174,1367,807
119000004,2358,1696,662
119000005,1920,2408,-488
119000006,2520,1900,620
119000007,3951,3645,306
119000008,2292,2128,164
119000009,3647,4494,-847
119000010,7874,4074,3800
119000011,4833,2776,2057
119000012,3855,3465,390
119000013,2213,1448,765
119000014,2679,3643,-964
119000019,271,162,109
119000020,1845,1415,430
119000021,4145,2459,1686
119000022,3324,2607,717
119000023,396,233,163
119000024,2033,9799,-7766
119000025,10848,1398,9450
119000026,179,355,-176
119000027,349,387,-38
119000028,2059,1419,640
119000029,124,278,-154
119000030,526,1081,-555
119000031,998,935,63
119000032,1873,2573,-700
119000033,2355,1792,563
119000034,1286,1110,176
119000035,34,321,-287
119000036,1594,1079,515
119000037,1128,1887,-759
119000038,136,1126,-990
119000039,349,389,-40
119000040,1063,633,430
119000041,1114,1559,-445
119000048,3352,3815,-463
119000049,1898,3046,-1148
119000050,1678,2771,-1093
119000051,2068,1141,927
119000052,2062,3461,-1399
119000053,1921,1297,624
119000054,3010,4172,-1162
119000055,3400,3945,-545
119000056,2204,2285,-81
119000057,1472,2543,-1071
119000058,2026,2305,-279
119000059,1114,1756,-642
119000060,1408,1079,329
119000061,1057,1045,12
119000062,1275,1538,-263
119000063,432,489,-57
119000064,1677,1701,-24
119000065,2101,3630,-1529
119000066,2142,1351,791
119000067,2097,2727,-630
119000068,1669,1331,338
119000069,1645,2747,-1102
119000070,2130,1138,992
119000071,559,763,-204
119000072,7010,3495,3515
119000073,5241,6342,-1101
119000074,1246,3698,-2452
119000075,1795,2656,-861
119000076,476,818,-342
119000077,1065,474,591
119000078,517,304,213
119000079,176,594,-418
119000080,426,255,171
119000081,268,322,-54
119000082,797,244,553
119000083,589,433,156
119000084,316,473,-157
119000085,479,290,189
119000086,237,368,-131
119000087,1915,1014,901
119000088,276,243,33
119000089,82,254,-172
119000090,176,167,9
119000091,133,325,-192
119000092,475,261,214
119000093,4043,3343,700
119000094,2903,7181,-4278
119000095,1652,3094,-1442
119000097,2662,1806,856
119000098,830,2358,-1528
119000099,2416,1947,469
119000100,2964,2587,377
119000101,4029,1955,2074
119000102,1177,790,387
119000103,1938,494,1444
119000104,2937,1515,1422
119000105,960,1705,-745
119000106,380,1651,-1271
119000107,731,491,240
119000108,412,1207,-795
119000109,142,275,-133
119000110,584,231,353
119000111,79,501,-422
119000112,284,91,193
119000113,2495,315,2180
119000114,867,1256,-389
119000115,199,208,-9
119000116,154,100,54
119000117,174,382,-208
119000118,5,1,4
119000123,6134,719,5415
119000124,841,229,612
119000125,3019,970,2049
119000126,984,912,72
119000127,479,736,-257
119000128,20,9,11
119000131,830,919,-89
119000132,1,2,-1
119000133,1,6,-5
119000134,2841,730,2111
119000135,117,206,-89
119000136,216,252,-36
119000137,153,451,-298
119000138,332,357,-25
119000139,232,246,-14
119000140,187,335,-148
119000284,1543,3496,-1953
119000285,2607,2659,-52
119000286,7447,6118,1329
119000287,1450,2644,-1194
119000288,2370,1753,617
119000289,3277,4234,-957
119000290,171,568,-397
119000291,4,390,-386
119000293,99,186,-87
119000294,30,45,-15
119000295,2158,478,1680
119000296,158,188,-30
119000302,3736,1825,1911
119000303,211,150,61
119000304,0,0,0
119000314,1497,8684,-7187
119000315,2,580,-578
119000316,126,180,-54
119000317,56,420,-364
119900001,223,1281,-1058
119900002,164,347,-183
119900003,74,1226,-1152
119900004,381,899,-518
119900005,178,162,16
119900006,219,373,-154
119900007,1227,206,1021
119900008,102,26,76
119900009,647,734,-87
119900010,1178,1014,164
119900011,20,98,-78
119900012,43,106,-63
119900013,1876,750,1126
119900014,755,238,517
119900015,126,36,90
119900016,20,123,-103
119900017,31,53,-22
119900018,2506,860,1646
119900019,37,9,28
119900020,126,222,-96
119900021,158,70,88
119900022,176,578,-402
119900023,837,1363,-526
119900025,153,28,125
119900026,798,121,677
119900027,97,36,61
119900028,338,97,241
119900029,1,6,-5
119900030,458,557,-99
119900031,54,322,-268
119900033,2026,269,1757
119900034,338,151,187
119900037,167,74,93
119900038,82,329,-247
119900039,81,10,71
119900040,176,10,166
119900041,87,23,64
119900042,98,183,-85
119900043,94,164,-70
119900044,251,760,-509
119900046,104,79,25
119900047,209,68,141
119900048,169,68,101
119900049,122,12,110
119900050,152,147,5
119900051,977,7,970
119900052,49,39,10
119900053,145,202,-57
119900054,112,3,109
119900055,1155,469,686
119900057,178,119,59
119900058,238,5,233
119900059,204,87,117
119900060,239,15,224
119900061,229,2,227
119900062,34,21,13
119900063,21,44,-23
119900065,318,14,304
119900067,75,33,42
119900068,370,4,366
119900069,80,16,64
119900070,686,17,669
119900071,566,11,555
119900073,2117,680,1437
119900074,66,38,28
119900075,6043,2478,3565
119900076,476,465,11
119900077,784,1258,-474
119900078,598,1308,-710
119900079,497,305,192
119900080,408,352,56
119900081,514,236,278
119900082,1214,257,957
119900083,364,132,232
119900084,858,258,600
119900085,113,93,20
119900086,470,1159,-689
119900087,1017,382,635
119900088,46,55,-9
119900089,58,645,-587
119900090,162,66,96
119900091,67,1362,-1295
119900092,45,421,-376
119900093,923,263,660
119900094,80,234,-154
119900095,265,116,149
119900096,45,158,-113
119900097,717,203,514
119900098,47,52,-5
119900099,43,268,-225
119900100,2865,2610,255
119900101,274,1117,-843
119900102,40,392,-352
119900103,28,577,-549
119900104,28,277,-249
119900105,947,1159,-212
119900106,36,222,-186
119900107,466,3829,-3363
119900108,2249,731,1518
119900109,44,281,-237
119900110,559,860,-301
119900111,64,422,-358
119900112,2866,630,2236
119900113,72,436,-364
119900114,195,1696,-1501
119900115,226,1573,-1347
119900116,138,475,-337
119900117,257,1008,-751
119900118,73,1337,-1264
119900119,167,277,-110
119900120,595,790,-195
119900121,342,1421,-1079
119900122,667,497,170
119900123,244,421,-177
119900124,191,1149,-958
119900125,57,449,-392
119900126,5247,336,4911
119900127,3483,1282,2201
119900128,469,989,-520
119900129,220,785,-565
119900130,49,303,-254
119900131,40,396,-356
119900132,0,329,-329
119900133,46,49,-3
119900134,2513,297,2216
119900135,1,475,-474
119900136,185,511,-326
119900138,453,759,-306
119900139,76,101,-25
119900140,1,119,-118
119900141,185,816,-631
119900142,0,29,-29
119900143,12,210,-198
119900144,2434,283,2151
119900145,129,256,-127
119900146,195,248,-53
119900147,6,187,-181
119900148,194,101,93
119900149,1826,3411,-1585
119900150,145,196,-51
119900151,2041,740,1301
119900152,95,463,-368
119900153,159,97,62
119900154,13,838,-825
119900155,59,51,8
119900156,31,12,19
119900157,134,276,-142
119900158,134,101,33
119900159,2,1805,-1803
119900160,28,239,-211
119900161,244,263,-19
119900162,903,1032,-129
119900163,161,177,-16
119900164,1,6,-5
119900165,142,243,-101
119900166,80,65,15
119900167,138,144,-6
119900168,725,522,203
119900169,118,353,-235
119900170,233,284,-51
119900171,1036,597,439
119900172,176,18,158
119900173,15,538,-523
119900174,5,199,-194
119900175,1086,901,185
119900177,44,305,-261
119900178,23,189,-166
119900179,112,337,-225
119900180,981,875,106
119900181,81,118,-37
119900182,2,463,-461
119900183,149,804,-655
119900184,2953,692,2261
119900185,42,203,-161
119900186,73,699,-626
119900187,15,573,-558
119900188,60,432,-372
119900189,540,446,94
119900190,49,205,-156
119900191,281,141,140
119900192,61,207,-146
119900193,283,236,47
119900194,28,65,-37
119900195,84,239,-155
119900196,1644,471,1173
119900197,125,168,-43
119900198,144,378,-234
119900199,157,25,132
119900200,638,628,10
119900201,388,169,219
119900202,200,201,-1
119900203,182,477,-295
119900204,252,332,-80
119900205,482,720,-238
119900206,134,152,-18
119900208,184,158,26
119900209,679,1267,-588
119900210,43,46,-3
119900211,141,15,126
119900212,209,408,-199
119900213,5,81,-76
119900214,20,106,-86
119900215,59,99,-40
119900216,15,81,-66
119900217,20,75,-55
119900218,19,71,-52
119900219,8,132,-124
119900220,8,150,-142
119900221,27,422,-395
119900222,35,334,-299
119900223,33,125,-92
119900224,19,47,-28
119900225,1239,81,1158
119900226,825,1656,-831
119900227,1196,416,780
119900228,107,267,-160
119900229,332,517,-185
119900230,1745,631,1114
119900231,197,205,-8
119900232,221,111,110
119900233,73,4,69
119900234,20,75,-55
119900235,37,63,-26
119900236,23,265,-242
119900237,53,464,-411
119900238,3,90,-87
119900240,72,200,-128
119900241,202,280,-78
119900242,1537,2003,-466
119900244,831,1618,-787
119900245,129,206,-77
119900246,291,518,-227
119900247,42,102,-60
119900248,68,130,-62
119900249,210,114,96
119900253,3753,401,3352
119900254,64,567,-503
119900255,113,568,-455
119900256,428,1191,-763
119900257,53,0,53
119900258,165,55,110
119900259,7,183,-176
119900260,97,4,93
119900261,297,210,87
119900262,12,303,-291
119900263,1127,437,690
119900264,117,270,-153
119900265,384,392,-8
119900266,217,329,-112
119900267,237,445,-208
119900268,139,192,-53
119900269,976,1448,-472
119900271,13,97,-84
119900272,363,91,272
119900275,94,8,86
119900276,55,6,49
119900277,13,2,11
119900278,349,81,268
119900279,126,278,-152
119900280,1143,233,910
119900281,1,197,-196
119900282,64,80,-16
119900283,13,422,-409
119900284,46,227,-181
119900285,32,64,-32
119900286,4,24,-20
119900288,6,52,-46
119900289,1,52,-51
119900290,9,63,-54
119900291,0,53,-53
119900292,22,31,-9
119900293,31,122,-91
119900294,49,77,-28
119900295,24,49,-25
119900296,30,323,-293
119900297,1,14,-13
119900298,3,6,-3
119900299,38,232,-194
119900300,220,265,-45
119900301,96,26,70
119900302,51,134,-83
119900303,210,207,3
119900304,170,43,127
119900305,21,134,-113
119900306,13,7,6
119900307,46,144,-98
119900308,3,25,-22
119900309,35,95,-60
119900310,358,303,55
119900311,49,196,-147
119900312,108,115,-7
119900313,276,368,-92
119900314,134,358,-224
119900315,1147,2594,-1447
119900318,14,23,-9
119900319,1,333,-332
119900320,103,638,-535
119900321,79,2,77
120000001,8083,15015,-6932
120000002,2585,3329,-744
120000003,3883,2080,1803
120000004,3328,2633,695
120000005,5024,2444,2580
120000006,1506,1798,-292
120000007,4149,3321,828
120000008,1260,1690,-430
120000009,4211,1322,2889
120000010,1902,3159,-1257
120000011,1133,2249,-1116
120000012,1682,3167,-1485
120000013,2455,3152,-697
120000014,688,1788,-1100
120000015,2918,1827,1091
120000016,3557,2918,639
120000017,2892,2529,363
120000018,4603,10125,-5522
120000019,1056,1621,-565
120000020,3404,3478,-74
120000021,2095,2434,-339
120000022,2885,4292,-1407
120000023,998,2038,-1040
120000024,1539,2610,-1071
120000025,2418,2523,-105
120000026,1429,2137,-708
120000027,1589,2321,-732
120000028,1211,557,654
120000029,4777,674,4103
120000030,573,1138,-565
120000031,1929,8282,-6353
120000032,9645,4481,5164
120000033,4781,2314,2467
120000034,1706,2487,-781
120000035,1944,2642,-698
120000036,2927,5277,-2350
120000037,740,1751,-1011
120000038,9014,3659,5355
120000039,574,1069,-495
120000040,101,190,-89
120000041,1920,1735,185
120000042,2003,3760,-1757
120000043,4812,2656,2156
120000044,4502,1669,2833
120000045,5024,1225,3799
120000046,2587,2702,-115
120000047,1756,4823,-3067
120000048,8051,4338,3713
120000049,4197,3291,906
120000050,4717,5281,-564
120000051,3594,5060,-1466
120000052,12972,2760,10212
120000053,1308,3859,-2551
120000054,1552,6142,-4590
120000055,1891,6110,-4219
120000056,3711,4488,-777
120000057,2855,772,2083
120000058,3552,431,3121
120000059,28,1584,-1556
120000061,166,664,-498
120000062,295,443,-148
120000063,2035,3233,-1198
120000064,281,1595,-1314
120000065,763,2101,-1338
120000066,253,562,-309
120000067,65,525,-460
120000068,188,1033,-845
120000069,830,1595,-765
120000070,60,1021,-961
120000071,407,239,168
120000072,564,566,-2
120000073,667,96,571
120000074,169,77,92
120000075,702,257,445
120000076,1895,484,1411
120000077,1698,627,1071
120000078,3774,1168,2606
120000079,411,682,-271
120000080,310,413,-103
120000081,378,279,99
120000082,263,303,-40
120000083,198,667,-469
120000084,477,487,-10
120000085,341,444,-103
120000086,376,800,-424
120000087,270,1049,-779
120000088,872,1458,-586
120000089,994,563,431
120000090,689,600,89
120000091,796,1051,-255
120000092,1186,732,454
120000093,396,554,-158
120000094,198,732,-534
120000095,848,675,173
120000096,277,1100,-823
120000098,543,1009,-466
120000099,249,795,-546
120000100,683,1130,-447
120000101,705,570,135
120000102,502,826,-324
120000103,1411,810,601
120000104,1505,508,997
120000105,2508,783,1725
120000106,1908,644,1264
120000107,3166,696,2470
120000108,1147,163,984
120000109,1191,92,1099
120000110,97,1176,-1079
120000111,102,1386,-1284
120000112,991,4194,-3203
120000113,698,2986,-2288
120000114,1022,3524,-2502
120000115,381,2886,-2505
120000116,667,2400,-1733
120000117,1411,1800,-389
120000118,64,63,1
120000119,43,90,-47
120000120,74,61,13
120000121,92,94,-2
120000122,291,267,24
120000123,6157,5001,1156
120000124,526,612,-86
120000125,519,805,-286
120000126,389,798,-409
120000127,2332,987,1345
120000128,4269,2970,1299
120000129,388,420,-32
120000130,963,892,71
120000131,389,652,-263
120000134,381,1364,-983
120000135,433,514,-81
120000137,242,1969,-1727
120000138,702,583,119
120000139,285,991,-706
120000140,572,729,-157
120000141,250,603,-353
120000142,420,614,-194
120000143,3,121,-118
120000144,54,3,51
120000145,366,2,364
120000146,2653,1039,1614
120000149,546,1142,-596
120000150,4633,12207,-7574
120000151,410,606,-196
120000152,389,234,155
120000153,115,615,-500
120000154,466,504,-38
120000155,198,393,-195
120000156,1705,961,744
120000157,929,674,255
120000158,961,1106,-145
120000159,2227,2941,-714
120000160,2574,1657,917
120000161,2116,3147,-1031
120000162,86,268,-182
120000163,552,1615,-1063
120000164,380,479,-99
120000165,531,1025,-494
120000166,1194,585,609
120000167,60,50,10
120000168,11,132,-121
120000169,64,507,-443
120000170,90,388,-298
120000171,37,122,-85
120000172,88,61,27
120000173,4116,359,3757
120000174,827,34,793
120000175,1540,23,1517
120000176,727,45,682
120000177,1816,200,1616
120000178,195,7,188
120000179,707,29,678
120000180,779,71,708
120000181,144,302,-158
120000182,103,206,-103
120000183,7,188,-181
120000184,99,708,-609
120000186,138,163,-25
120000187,123,75,48
120000188,843,140,703
120000190,2052,30,2022
120000191,2325,48,2277
120000192,1471,44,1427
120000193,945,21,924
120000195,43,3,40
120000196,357,73,284
120000197,93,251,-158
120000198,140,69,71
120000199,91,0,91
120000200,85,6,79
120000201,9,24,-15
120000202,2,43,-41
120000203,34,248,-214
120000207,1,96,-95
120000208,8,354,-346
120000209,10,117,-107
120000210,236,382,-146
120000211,69,1,68
120000212,112,0,112
120000213,43,239,-196
120000214,3,286,-283
120000215,1,125,-124
120000216,28,8,20
120000217,839,1272,-433
120000218,269,1018,-749
120000219,9,710,-701
120000220,7,2277,-2270
120000225,1090,4,1086
120000226,336,4,332
120000227,788,46,742
120000228,6308,3063,3245
120000230,344,7,337
120000231,1067,2666,-1599
120000233,216,16,200
120000235,146,892,-746
120000236,871,0,871
120000237,5,2102,-2097
120000238,3,225,-222
120000241,1255,3958,-2703
120000412,1472,13,1459
120000413,264,413,-149
120000414,90,7,83
120000415,2,235,-233
120000416,101,29,72
120000417,9,102,-93
120000418,104,15,89
120000419,16,475,-459
120000420,338,116,222
120000421,12672,6497,6175
120000422,158,804,-646
120000423,3,44,-41
120000424,51,143,-92
120000436,139,630,-491
120000437,184,192,-8
120000438,4953,436,4517
120000439,172,408,-236
120000443,156,0,156
120000444,1170,763,407
120000445,1693,1338,355
120000446,1197,456,741
120000447,133,10,123
120000449,103,8,95
120000450,4,372,-368
120000451,109,277,-168
120000452,25,1,24
120000453,1,478,-477
120000454,163,173,-10
120000455,81,120,-39
120000456,2923,3928,-1005
120000457,1064,841,223
120000458,557,764,-207
120000459,73,97,-24
120000665,2519,234,2285
120000668,177,302,-125
120000669,47,300,-253
120000670,373,363,10
120000671,1255,484,771
120000672,154,677,-523
120900001,76,114,-38
120900002,696,434,262
120900003,443,46,397
120900004,12,68,-56
120900005,55,1456,-1401
120900006,312,226,86
120900007,123,169,-46
120900008,208,1428,-1220
120900009,1149,85,1064
120900010,468,106,362
120900011,408,174,234
120900012,733,1070,-337
120900013,253,101,152
120900014,11,722,-711
120900015,743,91,652
120900016,747,52,695
120900017,3346,109,3237
120900018,80,508,-428
120900019,504,263,241
120900020,874,1100,-226
120900021,636,175,461
120900022,56,374,-318
120900023,200,34,166
120900024,1891,510,1381
120900025,2107,1199,908
120900026,190,238,-48
120900027,886,63,823
120900028,360,62,298
120900029,178,405,-227
120900030,1211,751,460
120900031,211,74,137
120900032,771,117,654
120900033,925,66,859
120900034,19,2588,-2569
120900035,34,84,-50
120900037,225,16,209
120900038,72,276,-204
120900039,91,49,42
120900040,234,2,232
120900041,145,36,109
120900042,382,56,326
120900043,46,31,15
120900044,19,497,-478
120900045,155,86,69
120900046,420,11,409
120900047,171,75,96
120900048,95,38,57
120900049,284,1,283
120900050,3258,1469,1789
120900051,263,107,156
120900052,442,2,440
120900053,175,95,80
120900054,1708,794,914
120900055,253,4,249
120900056,500,19,481
120900057,98,16,82
120900058,403,5,398
120900059,66,3,63
120900060,64,27,37
120900061,260,392,-132
120900062,184,0,184
120900063,518,3,515
120900064,469,0,469
120900065,338,1,337
120900066,226,336,-110
120900067,273,64,209
120900068,187,0,187
120900069,206,111,95
120900071,8,1,7
120900072,651,2,649
120900073,424,281,143
120900074,550,16,534
120900076,334,0,334
120900077,4027,332,3695
120900078,713,1036,-323
120900079,620,134,486
120900080,640,2648,-2008
120900081,870,1118,-248
120900082,558,391,167
120900083,335,191,144
120900084,290,289,1
120900085,160,222,-62
120900086,134,344,-210
120900087,405,293,112
120900088,213,323,-110
120900089,4638,2197,2441
120900090,133,171,-38
120900091,704,675,29
120900092,1507,792,715
120900093,3907,343,3564
120900094,544,245,299
120900095,586,38,548
120900096,50,262,-212
120900097,731,1014,-283
120900098,385,261,124
120900099,99,77,22
120900100,136,425,-289
120900101,997,379,618
120900102,27,171,-144
120900103,58,219,-161
120900104,19,91,-72
120900105,48,756,-708
120900106,1546,676,870
120900107,340,205,135
120900108,7,928,-921
120900109,66,783,-717
120900110,12,1306,-1294
120900111,226,468,-242
120900112,10,1409,-1399
120900113,22,1105,-1083
120900114,42,194,-152
120900115,172,265,-93
120900116,309,610,-301
120900117,2,744,-742
120900118,9,1023,-1014
120900119,3284,7596,-4312
120900120,50,715,-665
120900121,116,564,-448
120900122,412,766,-354
120900123,1,628,-627
120900124,5,744,-739
120900125,1,940,-939
120900126,1827,1145,682
120900127,23,695,-672
120900128,1247,1593,-346
120900129,72,347,-275
120900130,9,421,-412
120900131,51,95,-44
120900132,690,318,372
120900133,188,1187,-999
120900134,1032,448,584
120900135,10,768,-758
120900136,28,62,-34
120900137,182,110,72
120900138,16,234,-218
120900139,6,921,-915
120900140,1,52,-51
120900141,147,145,2
120900142,38,812,-774
120900143,5,1098,-1093
120900144,1,146,-145
120900145,156,1021,-865
120900146,2,1076,-1074
120900147,1,569,-568
120900148,96,166,-70
120900149,8,403,-395
120900150,35,765,-730
120900151,4,779,-775
120900152,0,49,-49
120900153,13,70,-57
120900154,1,336,-335
120900155,188,1237,-1049
120900156,41,459,-418
120900157,31,331,-300
120900158,67,661,-594
120900159,169,499,-330
120900160,24,647,-623
120900161,38,652,-614
120900162,22,558,-536
120900163,29,299,-270
120900164,1,7,-6
120900165,6,21,-15
120900166,249,182,67
120900167,414,121,293
120900169,88,519,-431
120900170,2499,2438,61
120900171,1261,479,782
120900172,1822,337,1485
120900173,0,81,-81
120900174,5,120,-115
120900175,362,280,82
120900176,12,335,-323
120900177,1,908,-907
120900178,0,423,-423
120900179,1208,536,672
120900180,142,126,16
120900181,370,69,301
120900182,26,687,-661
120900183,260,97,163
120900184,86,80,6
120900185,0,367,-367
120900186,0,603,-603
120900187,421,999,-578
120900188,160,19,141
120900189,214,940,-726
120900190,58,15,43
120900191,6,37,-31
120900192,13877,5590,8287
120900194,45,89,-44
120900195,157,312,-155
120900196,1068,55,1013
120900197,548,86,462
120900198,232,658,-426
120900199,262,422,-160
120900200,117,155,-38
120900201,569,145,424
120900202,2,179,-177
120900203,43,93,-50
120900204,211,412,-201
120900205,52,123,-71
120900206,23,33,-10
120900207,70,1402,-1332
121000001,1513,1122,391
121000002,4372,2528,1844
121000003,3906,1889,2017
121000004,3217,8253,-5036
121000005,2637,3013,-376
121000006,3885,2056,1829
121000007,4370,2949,1421
121000008,9810,4590,5220
121000009,7680,6527,1153
121000010,11891,7981,3910
121000011,9837,13932,-4095
121000012,16545,12314,4231
121000013,5853,8021,-2168
121000014,7598,7601,-3
121000015,5929,7321,-1392
121000016,4951,5167,-216
121000017,2213,3957,-1744
121000018,2587,2065,522
121000019,20413,12493,7920
121000020,13165,13999,-834
121000021,3974,3166,808
121000022,2454,2353,101
121000023,4554,3703,851
121000024,4573,4828,-255
121000025,733,1891,-1158
121000026,461,264,197
121000027,1627,1124,503
121000028,1055,468,587
121000029,1158,760,398
121000030,717,433,284
121000031,938,680,258
121000032,256,141,115
121000034,828,246,582
121000035,367,112,255
121000036,2303,1113,1190
121000037,941,643,298
121000038,881,767,114
121000039,683,673,10
121000041,816,547,269
121000042,352,401,-49
121000043,971,689,282
121000044,2429,943,1486
121000045,471,255,216
121000046,738,857,-119
121000047,536,107,429
121000049,2206,731,1475
121000050,441,1198,-757
121000051,1120,386,734
121000052,736,643,93
121000053,408,132,276
121000054,42,319,-277
121000055,1631,1095,536
121000056,943,1245,-302
121000057,475,589,-114
121000058,427,173,254
121000059,1991,1594,397
121000060,492,989,-497
121000061,228,136,92
121000062,183,282,-99
121000063,1021,764,257
121000064,904,1024,-120
121000065,628,446,182
121000066,824,548,276
121000067,1049,409,640
121000068,921,413,508
121000069,1142,494,648
121000070,2676,1241,1435
121000071,1966,1378,588
121000072,1543,826,717
121000073,1778,873,905
121000074,118,147,-29
121000075,93,178,-85
121000076,1620,412,1208
121000077,198,147,51
121000078,184,133,51
121000080,2662,775,1887
121000081,3213,3928,-715
121000082,178,258,-80
121000083,305,146,159
121000084,241,155,86
121000085,304,630,-326
121000086,179,790,-611
121000087,85,300,-215
121000088,555,722,-167
121000089,434,394,40
121000090,729,391,338
121000091,1538,967,571
121000092,208,105,103
121000093,161,254,-93
121000094,530,908,-378
121000095,380,563,-183
121000096,2407,2397,10
121000097,1066,1969,-903
121000098,561,1194,-633
121000099,718,875,-157
121000100,1061,568,493
121000101,455,284,171
121000102,267,382,-115
121000103,180,280,-100
121000104,366,200,166
121000105,377,290,87
121000106,259,428,-169
121000107,2773,3916,-1143
121000109,1585,1189,396
121000110,314,855,-541
121000114,3237,2036,1201
121000115,1031,837,194
121000116,375,842,-467
121000117,952,364,588
121000118,1499,241,1258
121000119,378,442,-64
121000120,283,453,-170
121000121,808,1070,-262
121000123,1991,588,1403
121000127,227,142,85
121000128,945,502,443
121000129,973,506,467
121000130,607,1013,-406
121000131,2610,1933,677
121000132,1604,1501,103
121000135,369,272,97
121000136,1902,496,1406
121000137,430,207,223
121000138,1663,627,1036
121000139,982,68,914
121000141,472,167,305
121000142,1026,1034,-8
121000143,93,25,68
121000144,925,1624,-699
121000145,821,1275,-454
121000146,1668,808,860
121000147,1231,556,675
121000148,1207,1138,69
121000149,3012,1549,1463
121000152,506,960,-454
121000153,1869,818,1051
121000154,1037,1160,-123
121000155,1410,1480,-70
121000156,472,1309,-837
121000157,1200,2418,-1218
121000158,465,827,-362
121000159,204,599,-395
121000160,332,612,-280
121000161,197,327,-130
121000162,80,226,-146
121000165,1621,1769,-148
121000166,23,672,-649
121000168,637,278,359
121000169,80,198,-118
121000170,343,201,142
121000171,58,193,-135
121000172,741,582,159
121000173,1254,1128,126
121000174,335,456,-121
121000175,1043,422,621
121000176,455,286,169
121000177,1634,696,938
121000178,200,69,131
121000179,135,74,61
121000181,523,501,22
121000182,65,171,-106
121000183,64,88,-24
121000184,286,81,205
121000185,41,141,-100
121000186,201,353,-152
121000187,154,238,-84
121000188,185,229,-44
121000192,756,390,366
121000193,862,621,241
121000194,2859,2389,470
121000195,482,936,-454
121000196,1294,318,976
121000197,487,651,-164
121000198,540,107,433
121000199,279,363,-84
121000200,678,80,598
121000201,7,182,-175
121000202,1059,133,926
121000203,1015,2107,-1092
121000204,3716,657,3059
121000205,352,271,81
121000206,233,30,203
121000207,2547,556,1991
121000208,10,402,-392
121000209,371,384,-13
121000210,465,428,37
121000211,341,184,157
121000212,385,773,-388
121000213,8755,3432,5323
121000214,748,3588,-2840
121000215,1345,918,427
121000216,776,952,-176
121000217,6208,4515,1693
121000218,899,1857,-958
121000219,2826,528,2298
121000220,425,43,382
121000221,173,304,-131
121000222,3238,2349,889
121000223,1145,442,703
121000224,549,196,353
121000225,4415,1316,3099
121000226,11739,1420,10319
121000227,16,162,-146
121000228,25,648,-623
121000229,329,370,-41
121000230,62,1486,-1424
121000231,971,51,920
121000232,411,326,85
121000233,829,435,394
121000234,63,60,3
121000235,109,57,52
121000236,18,79,-61
121000237,29,7,22
121000238,10,100,-90
121000239,42,5,37
121000240,13,366,-353
121000241,120,10,110
121000242,75,294,-219
121000243,331,102,229
121000244,9,82,-73
121000245,92,23,69
121000246,1,109,-108
121000247,73,3,70
121000248,995,666,329
121000249,122,324,-202
121000250,781,125,656
121000251,32,506,-474
121000252,125,71,54
121000253,813,475,338
121000254,1434,234,1200
121000255,410,173,237
121000256,636,235,401
121000257,134,79,55
121000258,441,43,398
121000259,252,117,135
121000260,307,153,154
121000261,449,71,378
121000262,1064,1515,-451
121000263,387,484,-97
121000271,331,1730,-1399
121000273,315,9,306
121000274,40,49,-9
121000275,6,16,-10
121000276,9,35,-26
121000278,257,45,212
121000279,81,9,72
121000280,175,55,120
121000289,240,31,209
121000290,1455,781,674
121000294,157,160,-3
121000297,1139,1676,-537
121000299,561,298,263
121000300,675,646,29
121000302,97,1006,-909
121000303,671,366,305
121000304,508,63,445
121000305,203,45,158
121000306,110,138,-28
121000308,216,497,-281
121000309,621,665,-44
121000310,177,373,-196
121000311,86,911,-825
121000312,299,254,45
121000313,429,610,-181
121000314,134,162,-28
121000315,70,135,-65
121000530,1367,1534,-167
121000531,1522,1653,-131
121000532,6236,6698,-462
121000533,2881,3550,-669
121000918,149,228,-79
121000919,85,49,36
121000938,85,116,-31
121000939,78,149,-71
121000956,1039,1610,-571
121000957,5,7,-2
121000958,256,31,225
121000959,775,979,-204
121000960,3063,2326,737
121000961,261,126,135
121000962,396,1367,-971
121000963,0,0,0
121000973,0,116,-116
121000976,23,193,-170
121000979,384,165,219
121000981,336,183,153
121000982,497,197,300
121000983,509,396,113
121000984,53,82,-29
121000985,676,646,30
121000986,801,320,481
121000987,278,1421,-1143
121000988,817,147,670
121001302,369,177,192
121001308,5,6,-1
121001309,246,107,139
121001313,458,275,183
121001314,3017,4076,-1059
121001315,5004,2660,2344
121001326,414,397,17
121900001,144,175,-31
121900002,166,24,142
121900003,460,12,448
121900004,182,393,-211
121900005,32,4,28
121900006,123,31,92
121900007,1967,2817,-850
121900008,1831,344,1487
121900009,566,19,547
121900010,246,4,242
121900011,182,352,-170
121900012,23,1,22
121900013,2037,53,1984
121900014,1326,427,899
121900015,236,218,18
121900016,5,44,-39
121900017,507,562,-55
121900018,423,5,418
121900019,445,281,164
121900020,40,4,36
121900021,880,14,866
121900022,266,234,32
121900023,128,352,-224
121900024,452,131,321
121900025,559,391,168
121900026,341,57,284
121900027,354,84,270
121900028,229,33,196
121900029,111,187,-76
121900030,667,867,-200
121900031,1171,8210,-7039
121900032,117,96,21
121900033,179,138,41
121900034,673,86,587
121900035,2550,2504,46
121900036,99,302,-203
121900037,163,590,-427
121900038,28,162,-134
121900039,533,54,479
121900040,45,93,-48
121900041,76,138,-62
121900042,409,144,265
121900043,8,4,4
121900044,235,76,159
121900046,282,253,29
121900047,155,71,84
121900048,33,111,-78
121900050,23,30,-7
121900051,165,172,-7
121900052,130,45,85
121900053,496,524,-28
121900054,653,932,-279
121900055,37,13,24
121900058,287,184,103
121900059,501,214,287
121900060,107,295,-188
121900061,452,146,306
121900062,195,107,88
121900063,1476,333,1143
121900064,288,659,-371
121900066,65,24,41
121900067,60,44,16
121900069,218,141,77
121900070,465,78,387
121900071,290,250,40
121900072,54,200,-146
121900073,299,208,91
121900074,726,1092,-366
121900075,1165,463,702
121900076,1188,656,532
121900078,81,19,62
121900079,0,0,0
121900080,842,373,469
121900082,71,106,-35
121900084,14,193,-179
121900086,16,36,-20
121900087,190,85,105
121900088,1711,3284,-1573
121900089,198,456,-258
121900090,24,107,-83
121900091,69,198,-129
121900092,93,79,14
121900093,85,64,21
121900094,12,8,4
121900095,224,121,103
121900096,1539,716,823
121900097,609,179,430
121900098,9,0,9
121900099,233,35,198
121900100,229,330,-101
121900101,118,114,4
121900102,4,125,-121
121900103,1036,247,789
121900104,1419,386,1033
121900105,279,207,72
121900106,11,3,8
121900107,52,30,22
121900108,1,31,-30
121900109,358,164,194
121900110,461,1096,-635
121900111,1540,116,1424
121900112,249,96,153
121900113,87,754,-667
121900114,51,93,-42
121900117,239,66,173
121900118,2218,619,1599
121900119,129,128,1
121900120,59,1649,-1590
121900121,632,51,581
121900122,16,58,-42
121900123,147,487,-340
121900124,88,175,-87
121900125,1002,1321,-319
121900127,12,71,-59
121900128,91,74,17
121900129,688,176,512
121900130,114,239,-125
121900131,300,74,226
121900132,101,80,21
121900133,78,467,-389
121900134,61,141,-80
121900135,2160,258,1902
121900136,268,476,-208
121900137,43,446,-403
121900138,158,180,-22
121900139,472,456,16
121900140,93,194,-101
121900141,76,33,43
121900142,116,138,-22
121900143,11,174,-163
121900144,172,267,-95
121900145,189,187,2
121900146,763,808,-45
121900147,86,161,-75
121900148,210,283,-73
121900149,365,666,-301
121900150,71,139,-68
121900151,110,227,-117
121900152,112,157,-45
121900153,97,604,-507
121900154,20,200,-180
121900155,2,118,-116
121900156,156,102,54
121900157,6,456,-450
121900158,84,87,-3
121900159,1,257,-256
121900160,49,293,-244
121900161,379,332,47
121900162,127,166,-39
121900163,228,606,-378
121900164,419,230,189
121900165,255,161,94
121900166,374,160,214
121900167,145,121,24
121900168,226,239,-13
121900169,6,270,-264
121900170,9,268,-259
121900171,626,525,101
121900172,539,281,258
121900173,1030,286,744
121900174,51,70,-19
121900175,371,124,247
121900176,698,1434,-736
121900177,137,64,73
121900178,74,70,4
121900179,402,165,237
121900180,4571,4153,418
121900182,1053,317,736
121900183,820,541,279
121900184,50,538,-488
121900186,6,238,-232
121900187,46,137,-91
121900188,498,682,-184
121900189,50,109,-59
121900190,396,543,-147
121900191,99,244,-145
121900192,413,711,-298
121900193,73,187,-114
121900194,2,133,-131
121900195,77,66,11
121900196,1026,1319,-293
121900197,420,1785,-1365
121900198,1052,1578,-526
121900199,5,20,-15
121900200,189,226,-37
121900201,1175,709,466
121900202,155,546,-391
121900203,170,1069,-899
121900204,936,1537,-601
121900205,33,105,-72
121900206,19,13,6
121900207,153,42,111
121900208,294,273,21
121900209,54,29,25
121900210,2043,1195,848
121900211,384,918,-534
121900212,140,122,18
121900213,196,88,108
121900214,4,519,-515
121900215,84,104,-20
121900216,69,97,-28
121900217,280,112,168
121900218,218,474,-256
121900220,121,14,107
121900221,278,746,-468
121900222,218,156,62
121900223,175,71,104
121900224,111,52,59
121900225,281,108,173
121900226,244,915,-671
121900227,174,553,-379
121900228,184,440,-256
121900230,212,215,-3
121900231,560,1126,-566
121900232,351,463,-112
121900233,248,226,22
121900234,473,289,184
121900235,548,237,311
121900236,348,167,181
121900237,147,254,-107
121900238,112,276,-164
121900239,176,26,150
121900240,198,109,89
121900241,38,65,-27
121900242,7,0,7
121900243,5,1,4
121900244,23,2,21
121900245,206,88,118
121900246,2372,312,2060
121900248,1511,1175,336
121900250,287,297,-10
121900251,275,43,232
121900252,593,146,447
121900253,274,1020,-746
121900254,563,272,291
121900255,280,79,201
121900258,2773,2168,605
121900259,436,710,-274
121900260,70,151,-81
121900261,226,662,-436
121900262,415,1194,-779
121900263,214,363,-149
121900264,2085,1907,178
121900265,364,333,31
121900266,397,165,232
121900267,75,43,32
121900269,161,599,-438
121900270,29,209,-180
121900271,42,117,-75
121900273,839,2136,-1297
121900274,283,192,91
121900277,450,928,-478
121900278,163,821,-658
121900279,243,159,84
121900280,354,277,77
121900281,679,287,392
121900284,32,16,16
121900286,369,119,250
121900287,17,28,-11
121900288,16,2,14
121900290,236,247,-11
121900291,399,674,-275
121900292,230,146,84
121900293,1120,2653,-1533
121900294,288,3,285
121900295,131,345,-214
121900296,120,96,24
121900298,556,740,-184
121900299,0,2,-2
121900300,102,5,97
121900301,78,1,77
121900302,2,54,-52
121900303,935,303,632
121900304,1,14,-13
121900305,5,2,3
121900306,65,1,64
121900307,28,14,14
121900308,20,239,-219
121900309,16,205,-189
121900310,20,429,-409
121900311,415,42,373
121900312,161,38,123
121900313,649,23,626
121900314,1,73,-72
121900315,10,0,10
121900316,0,16,-16
121900317,14,4,10
121900318,0,16,-16
121900319,34,273,-239
121900320,56,139,-83
121900321,10,7,3
121900322,6,37,-31
121900323,12,13,-1
121900324,10,113,-103
121900325,14,0,14
121900326,7,17,-10
121900327,14,71,-57
121900328,0,20,-20
121900329,2,284,-282
121900330,3,52,-49
121900331,112,24,88
121900332,59,55,4
121900333,25,6,19
121900334,220,81,139
122000001,2572,4404,-1832
122000002,5083,1610,3473
122000003,2188,2440,-252
122000004,3216,1613,1603
122000005,2752,1489,1263
122000006,2361,794,1567
122000007,1683,1984,-301
122000008,4747,5574,-827
122000009,506,348,158
122000010,2268,3379,-1111
122000011,3274,1519,1755
122000012,1489,1418,71
122000013,2660,1379,1281
122000014,1591,2092,-501
122000015,1501,1157,344
122000016,644,880,-236
122000017,1253,1160,93
122000018,1434,1164,270
122000019,883,1323,-440
122000020,200,188,12
122000021,466,393,73
122000022,1635,1568,67
122000023,851,3091,-2240
122000024,917,1120,-203
122000025,2504,1528,976
122000026,1502,1058,444
122000027,566,4959,-4393
122000028,780,457,323
122000029,562,401,161
122000030,412,173,239
122000031,191,334,-143
122000032,2072,3868,-1796
122000033,1113,1124,-11
122000034,1237,750,487
122000035,327,1110,-783
122000036,640,558,82
122000037,396,261,135
122000038,307,383,-76
122000039,856,698,158
122000040,452,628,-176
122000041,634,594,40
122000042,548,516,32
122000043,180,166,14
122000044,147,195,-48
122000045,2124,474,1650
122000046,991,1292,-301
122000047,389,249,140
122000048,3641,4980,-1339
122000049,6349,2766,3583
122000050,2157,769,1388
122000051,533,295,238
122000052,634,329,305
122000053,241,648,-407
122000054,2926,2018,908
122000055,3349,2811,538
122000056,5444,4363,1081
122000057,3878,3801,77
122000058,4485,1219,3266
122000059,3784,1874,1910
122000060,956,745,211
122000061,621,568,53
122000062,1501,363,1138
122000063,1887,742,1145
122000064,3913,2813,1100
122000065,5662,2538,3124
122000066,711,438,273
122000067,2860,1279,1581
122000068,1402,1844,-442
122000069,1235,785,450
122000070,799,4434,-3635
122000071,1393,1765,-372
122000072,415,421,-6
122000073,519,628,-109
122000074,2993,1798,1195
122000075,662,1842,-1180
122000076,2146,1152,994
122000077,2283,726,1557
122000078,3118,2738,380
122000079,3060,1058,2002
122000080,1613,366,1247
122000081,274,388,-114
122000082,1443,858,585
122000083,1458,3968,-2510
122000084,1448,886,562
122000085,374,2022,-1648
122000086,2794,6245,-3451
122000087,456,201,255
122000088,402,457,-55
122000089,7840,3645,4195
122000090,388,582,-194
122000091,499,69,430
122000092,321,35,286
122000093,2577,1135,1442
122000094,8667,2222,6445
122000095,3521,3155,366
122000096,2812,2165,647
122000098,3614,1921,1693
122000099,5448,810,4638
122000100,1575,995,580
122000101,288,1774,-1486
122000102,1907,1153,754
122000103,2257,1687,570
122000104,518,190,328
122000105,606,277,329
122000106,690,619,71
122000107,1217,539,678
122000108,556,810,-254
122000109,400,514,-114
122000110,449,484,-35
122000111,2911,1173,1738
122000112,935,1706,-771
122000113,683,661,22
122000114,6728,2207,4521
122000115,1976,2783,-807
122000116,567,630,-63
122000117,1287,520,767
122000118,631,909,-278
122000119,4382,3104,1278
122000120,3804,5835,-2031
122000121,4073,3208,865
122000122,1067,1699,-632
122000123,2501,2079,422
122000124,1386,608,778
122000125,668,768,-100
122000126,786,1125,-339
122000127,1658,1427,231
122000128,681,883,-202
122000129,528,1650,-1122
122000130,3909,1760,2149
122000131,2705,2132,573
122000132,1001,756,245
122000133,1098,1756,-658
122000134,1026,907,119
122000135,890,834,56
122000136,1021,699,322
122000137,1641,942,699
122000139,2078,3891,-1813
122000140,1625,630,995
122000141,4915,1108,3807
122000142,568,918,-350
122000143,686,861,-175
122000144,2444,1987,457
122000145,1958,1013,945
122000146,770,1419,-649
122000147,1264,686,578
122000148,3052,1719,1333
122000149,2437,1766,671
122000150,1538,1224,314
122000151,299,475,-176
122000152,614,503,111
122000153,529,450,79
122000154,400,205,195
122000155,1727,3027,-1300
122000156,2110,2127,-17
122000157,2316,1357,959
122000158,544,722,-178
122000159,1546,2164,-618
122000160,7117,3950,3167
122000161,1974,1639,335
122000162,2835,2522,313
122000163,247,88,159
122000164,36,77,-41
122000165,1289,732,557
122000166,1852,1464,388
122000167,252,215,37
122000168,228,556,-328
122000169,721,231,490
122000170,385,284,101
122000171,55,87,-32
122000172,1445,1801,-356
122000173,1435,2427,-992
122000174,3516,930,2586
122000175,2028,414,1614
122000176,309,684,-375
122000177,2490,1524,966
122000178,3896,4361,-465
122000179,1667,2889,-1222
122000180,1891,1485,406
122000181,2114,3615,-1501
122000182,1982,1528,454
122000183,2023,1526,497
122000184,2289,2122,167
122000185,1296,1411,-115
122000186,720,795,-75
122000187,2712,1245,1467
122000188,462,262,200
122000189,344,382,-38
122000190,1480,1298,182
122000191,1432,638,794
122000192,1473,304,1169
122000193,555,542,13
122000194,1023,202,821
122000195,326,372,-46
122000196,1312,609,703
122000197,582,500,82
122000198,667,838,-171
122000199,593,368,225
122000200,1918,1007,911
122000201,1591,1470,121
122000202,1662,1146,516
122000203,2764,1706,1058
122000204,2016,2209,-193
122000205,1732,1784,-52
122000206,2884,962,1922
122000207,2419,1338,1081
122000208,4012,1669,2343
122000209,3951,507,3444
122000210,3004,1771,1233
122000211,2178,1021,1157
122000212,1116,700,416
122000213,1196,1554,-358
122000214,2147,1875,272
122000215,2071,1721,350
122000217,2642,1327,1315
122000218,931,137,794
122000219,1420,995,425
122000220,441,790,-349
122000221,102,531,-429
122000222,706,174,532
122000223,1824,478,1346
122000225,1153,414,739
122000226,3160,2285,875
122000227,476,3573,-3097
122000228,452,394,58
122000229,36,506,-470
122000230,87,564,-477
122000231,304,740,-436
122000232,790,1033,-243
122000233,2,111,-109
122000234,361,165,196
122000235,1213,184,1029
122000236,1112,181,931
122000237,119,84,35
122000238,346,381,-35
122000239,579,182,397
122000240,1533,508,1025
122000241,1673,608,1065
122000242,795,149,646
122000243,335,78,257
122000244,105,535,-430
122000245,106,391,-285
122000246,411,208,203
122000247,606,916,-310
122000248,1517,2314,-797
122000249,1391,1007,384
122000250,2540,1522,1018
122000251,273,534,-261
122000252,621,120,501
122000253,44,303,-259
122000254,297,98,199
122000255,828,1675,-847
122000256,469,1223,-754
122000257,273,374,-101
122000258,338,216,122
122000259,20,493,-473
122000260,8,97,-89
122000261,10,208,-198
122000262,1,48,-47
122000263,275,86,189
122000264,1357,539,818
122000265,3424,972,2452
122000266,8550,781,7769
122000267,170,94,76
122000268,228,383,-155
122000269,1320,290,1030
122000270,2817,177,2640
122000271,541,965,-424
122000272,410,999,-589
122000273,524,429,95
122000274,211,232,-21
122000275,113,245,-132
122000276,827,495,332
122000277,1625,1414,211
122000278,2127,955,1172
122000279,306,524,-218
122000280,1428,939,489
122000281,903,906,-3
122000282,287,127,160
122000283,1172,92,1080
122000284,230,110,120
122000285,736,104,632
122000286,350,167,183
122000287,1831,1554,277
122000288,1103,305,798
122000291,1885,881,1004
122000293,422,338,84
122000294,141,246,-105
122000295,1597,204,1393
122000296,79,825,-746
122000297,2835,3184,-349
122000299,416,419,-3
122000300,580,663,-83
122000301,12538,3616,8922
122000302,955,1368,-413
122000303,4201,1522,2679
122000304,72,275,-203
122000305,1003,940,63
122000306,42,889,-847
122000307,158,164,-6
122000309,157,94,63
122000310,82,89,-7
122000311,350,207,143
122000312,266,129,137
122000313,207,70,137
122000314,143,293,-150
122000315,289,29,260
122000316,694,232,462
122000317,1202,319,883
122000318,333,458,-125
122000319,348,560,-212
122000320,411,1992,-1581
122000321,196,238,-42
122000322,2567,3362,-795
122000323,1856,2565,-709
122000324,1627,1303,324
122000325,1081,1664,-583
122000326,83,115,-32
122000327,826,1272,-446
122000328,1526,895,631
122000330,2575,888,1687
122000332,266,432,-166
122000333,10,174,-164
122000337,964,1827,-863
122000338,433,427,6
122000340,562,343,219
122000342,2292,1113,1179
122000343,528,1465,-937
122000344,78,39,39
122000345,15,43,-28
122000346,352,601,-249
122000348,688,669,19
122000349,151,760,-609
122000351,138,196,-58
122000352,503,139,364
122000353,99,148,-49
122000355,178,171,7
122000356,2255,1031,1224
122000357,123,19,104
122000358,0,81,-81
122000359,0,38,-38
122000360,0,57,-57
122000362,12,83,-71
122000364,118,360,-242
122000365,2,70,-68
122000366,16,8,8
122000368,552,688,-136
122000370,17,71,-54
122000371,46,0,46
122000372,36,4,32
122000381,63,395,-332
122000382,119,288,-169
122000384,5313,2112,3201
122000385,65,0,65
122000386,971,1536,-565
122000387,1271,519,752
122000388,2217,862,1355
122000389,217,624,-407
122000390,893,257,636
122000391,524,118,406
122000392,241,248,-7
122000393,562,185,377
122000394,539,305,234
122000395,180,207,-27
122000396,435,150,285
122000397,113,100,13
122000398,58,65,-7
122000399,256,87,169
122000400,278,504,-226
122000401,176,88,88
122000402,269,165,104
122000403,487,1148,-661
122000404,140,374,-234
122000408,871,1271,-400
122000503,2,190,-188
122000524,187,113,74
122000544,95,5591,-5496
122000614,468,372,96
122000616,306,2,304
122000640,104,198,-94
122000641,174,409,-235
122000642,2010,1132,878
122000643,40,206,-166
122000644,188,28,160
122000645,141,407,-266
122000651,2583,821,1762
122000664,150,51,99
122000665,1317,554,763
122000666,646,1331,-685
122000673,42,359,-317
122000674,180,55,125
122000675,1864,1325,539
122000686,507,1157,-650
122000687,2358,374,1984
122000688,250,803,-553
122000689,989,715,274
122000690,1468,666,802
122000691,388,2164,-1776
122000692,1604,369,1235
122000693,484,1772,-1288
122000695,328,509,-181
122000696,330,349,-19
122000698,347,809,-462
122000699,223,50,173
122000701,1599,411,1188
122000702,514,1739,-1225
122000703,189,73,116
122000712,1,0,1
122000717,234,104,130
122000718,1113,1882,-769
122000719,140,92,48
122000720,373,314,59
122000724,358,300,58
122900001,49,11,38
122900002,1325,4766,-3441
122900003,462,58,404
122900004,628,54,574
122900005,112,25,87
122900006,1919,200,1719
122900007,210,62,148
122900008,1217,107,1110
122900009,946,543,403
122900010,213,261,-48
122900012,282,325,-43
122900014,153,275,-122
122900015,2280,825,1455
122900016,276,295,-19
122900017,440,934,-494
122900018,261,28,233
122900019,8,190,-182
122900020,756,315,441
122900021,55,1080,-1025
122900022,837,865,-28
122900023,260,177,83
122900024,186,124,62
122900025,20,180,-160
122900026,125,341,-216
122900027,52,890,-838
122900028,176,177,-1
122900029,4521,3037,1484
122900030,1194,436,758
122900031,151,324,-173
122900032,108,474,-366
122900033,336,130,206
122900034,3922,6686,-2764
122900035,54,19,35
122900036,55,217,-162
122900037,656,102,554
122900038,191,4055,-3864
122900039,140,597,-457
122900040,405,355,50
122900041,349,165,184
122900042,180,263,-83
122900043,703,161,542
122900044,102,360,-258
122900045,118,85,33
122900046,333,92,241
122900047,457,314,143
122900048,44,445,-401
122900049,1608,122,1486
122900051,122,110,12
122900052,65,167,-102
122900053,18,34,-16
122900055,473,154,319
122900057,413,56,357
122900061,450,242,208
122900062,500,801,-301
122900063,234,323,-89
122900064,1826,475,1351
122900065,825,223,602
122900066,622,355,267
122900067,1302,793,509
122900069,308,2338,-2030
122900070,445,35,410
122900071,146,538,-392
122900073,44,282,-238
122900074,897,671,226
122900075,0,79,-79
122900076,7,251,-244
122900077,3,155,-152
122900078,144,108,36
122900080,62,23,39
122900081,384,197,187
122900082,759,252,507
122900083,200,180,20
122900084,8,257,-249
122900086,13,107,-94
122900087,358,486,-128
122900088,55,126,-71
122900089,124,118,6
122900090,6,737,-731
122900091,229,1,228
122900092,2,190,-188
122900093,0,285,-285
122900094,1,240,-239
122900095,244,17,227
122900096,569,507,62
122900097,63,42,21
122900098,113,92,21
122900099,54,13,41
122900100,1115,192,923
122900101,1179,371,808
122900102,23,23,0
122900103,132,10,122
122900104,88,7,81
122900105,15,13,2
122900106,0,90,-90
122900107,4,211,-207
122900108,1,258,-257
122900109,191,152,39
123000001,2168,468,1700
123000002,5456,4188,1268
123000003,4468,4180,288
123000004,3429,4897,-1468
123000005,3002,3405,-403
123000006,2954,2976,-22
123000007,4070,2902,1168
123000008,2827,3775,-948
123000009,4989,3372,1617
123000010,3762,3690,72
123000011,4951,946,4005
123000012,1289,2593,-1304
123000013,4004,1054,2950
123000014,1558,4039,-2481
123000015,4684,1063,3621
123000016,5590,3988,1602
123000017,3489,2207,1282
123000018,55,161,-106
123000019,242,384,-142
123000020,165,183,-18
123000021,108,467,-359
123000022,445,4193,-3748
123000023,1545,1568,-23
123000024,1744,697,1047
123000025,313,374,-61
123000026,34,110,-76
123000027,1513,267,1246
123000028,2547,232,2315
123000029,3312,392,2920
123000030,515,492,23
123000031,160,398,-238
123000032,304,346,-42
123000033,385,88,297
123000034,1502,1362,140
123000035,319,472,-153
123000036,293,1042,-749
123000037,231,289,-58
123000038,94,252,-158
123000039,504,1255,-751
123000040,1008,382,626
123000041,1809,1092,717
123000042,1581,659,922
123000043,3415,5973,-2558
123000044,5367,2432,2935
123000045,8621,2863,5758
123000046,960,1328,-368
123000047,2582,1465,1117
123000048,62,572,-510
123000049,7004,8204,-1200
123000050,1278,1402,-124
123000051,209,240,-31
123000052,788,3416,-2628
123000053,2898,3665,-767
123000054,1541,1462,79
123000055,1121,2177,-1056
123000056,1432,1979,-547
123000057,15821,6737,9084
123000058,773,995,-222
123000059,522,553,-31
123000060,897,370,527
123000061,292,869,-577
123000063,892,1063,-171
123000064,1129,374,755
123000065,6661,3850,2811
123000066,1044,812,232
123000067,1223,932,291
123000068,3592,3504,88
123000069,6968,4258,2710
123000070,349,879,-530
123000071,1060,1224,-164
123000072,1204,1329,-125
123000073,1282,939,343
123000074,1271,1844,-573
123000075,414,1216,-802
123000076,754,1212,-458
123000077,2484,3705,-1221
123000078,1618,2020,-402
123000079,1403,2201,-798
123000080,2386,2296,90
123000081,181,466,-285
123000082,437,1215,-778
123000083,991,268,723
123000084,760,871,-111
123000085,260,117,143
123000086,406,378,28
123000087,335,445,-110
123000088,1164,1134,30
123000089,585,1446,-861
123000090,1409,1232,177
123000091,1774,2148,-374
123000092,1259,1425,-166
123000094,577,283,294
123000095,455,688,-233
123000096,711,520,191
123000097,606,971,-365
123000098,828,707,121
123000099,651,869,-218
123000100,650,753,-103
123000101,663,682,-19
123000102,634,676,-42
123000104,395,520,-125
123000105,559,526,33
123000106,614,513,101
123000107,438,648,-210
123000108,975,1461,-486
123000111,851,363,488
123000112,1038,679,359
123000113,490,1264,-774
123000114,554,748,-194
123000115,336,340,-4
123000116,37,170,-133
123000117,1791,2170,-379
123000118,441,982,-541
123000119,293,1080,-787
123000120,421,910,-489
123000121,518,724,-206
123000122,456,337,119
123000123,531,695,-164
123000124,610,516,94
123000125,1169,994,175
123000126,2240,4727,-2487
123000127,1130,880,250
123000128,424,368,56
123000129,651,293,358
123000130,463,97,366
123000131,941,932,9
123000132,460,677,-217
123000133,363,488,-125
123000134,560,236,324
123000135,1562,1087,475
123000136,245,1024,-779
123000137,130,297,-167
123000138,92,413,-321
123000139,503,211,292
123000140,129,840,-711
123000141,731,198,533
123000142,892,1065,-173
123000143,2331,2608,-277
123000144,29,51,-22
123000145,218,120,98
123000146,58,90,-32
123000147,179,125,54
123000149,421,425,-4
123000150,219,247,-28
123000151,292,474,-182
123000152,116,461,-345
123000153,202,740,-538
123000154,2021,2314,-293
123000155,2431,1101,1330
123000156,60,214,-154
123000157,761,1113,-352
123000158,756,1100,-344
123000159,3663,2346,1317
123000160,1413,952,461
123000161,1830,1191,639
123000162,1374,1745,-371
123000163,448,103,345
123000164,1416,431,985
123000165,414,1924,-1510
123000166,50,191,-141
123000167,197,412,-215
123000168,272,261,11
123000169,748,120,628
123000170,127,287,-160
123000171,625,41,584
123000172,174,673,-499
123000173,482,279,203
123000174,974,397,577
123000175,814,1480,-666
123000176,1060,289,771
123000177,331,1049,-718
123000178,1199,176,1023
123000179,87,750,-663
123000180,1225,440,785
123000181,279,1089,-810
123000183,217,767,-550
123000184,98,670,-572
123000186,6,725,-719
123000187,691,13,678
123000188,265,4,261
123000189,222,248,-26
123000190,61,73,-12
123000192,20,511,-491
123000193,72,897,-825
123000194,578,412,166
123000195,345,31,314
123000196,254,100,154
123000197,65,213,-148
123000198,142,295,-153
123000199,4,726,-722
123000200,523,13,510
123000201,897,30,867
123000202,22,1425,-1403
123000203,827,72,755
123000204,85,1178,-1093
123000205,671,2071,-1400
123000206,1875,238,1637
123000207,105,1024,-919
123000208,642,129,513
123000209,2235,648,1587
123000210,558,1902,-1344
123000211,562,2624,-2062
123000212,3004,490,2514
123000213,622,85,537
123000215,319,161,158
123000216,168,825,-657
123000217,172,46,126
123000218,107,556,-449
123000219,1061,267,794
123000220,580,97,483
123000221,267,157,110
123000222,425,437,-12
123000223,193,411,-218
123000224,435,653,-218
123000225,287,114,173
123000226,94,400,-306
123000227,112,342,-230
123000228,301,91,210
123000229,1288,1885,-597
123000232,138,728,-590
123000233,819,231,588
123000234,199,783,-584
123000235,801,326,475
123000236,272,897,-625
123000237,382,109,273
123000238,125,576,-451
123000239,620,1670,-1050
123000240,53,552,-499
123000241,838,140,698
123000242,104,192,-88
123000243,820,959,-139
123000244,1017,799,218
123000245,100,206,-106
123000249,518,972,-454
123000252,1044,257,787
123000253,990,527,463
123000254,659,1015,-356
123000255,1222,948,274
123000256,47,312,-265
123000257,3029,1861,1168
123000258,1442,1794,-352
123000259,439,500,-61
123000260,393,515,-122
123000261,229,165,64
123000262,141,285,-144
123000263,390,112,278
123000264,235,56,179
123000265,61,173,-112
123000266,486,750,-264
123000267,528,401,127
123000268,51,79,-28
123000269,38,55,-17
123000270,37,64,-27
123000271,75,48,27
123000272,799,330,469
123000273,285,646,-361
123000274,1270,688,582
123000275,317,1002,-685
123000278,3240,2850,390
123000279,134,158,-24
123000280,471,354,117
123000281,409,161,248
123000282,184,397,-213
123000283,159,83,76
123000284,85,124,-39
123000286,366,308,58
123000287,652,280,372
123000288,1498,826,672
123000289,645,1167,-522
123000291,332,823,-491
123000294,290,296,-6
123000295,1041,874,167
123000296,596,421,175
123000297,765,1093,-328
123000298,633,568,65
123000299,67,334,-267
123000300,1125,1137,-12
123000301,225,299,-74
123000302,86,286,-200
123000303,203,142,61
123000305,1187,988,199
123000306,125,250,-125
123000309,54,82,-28
123000310,103,40,63
123000311,0,139,-139
123000312,1126,1369,-243
123000313,1022,806,216
123000315,89,432,-343
123000316,1989,442,1547
123000317,272,73,199
123000318,68,248,-180
123000329,17,13,4
123000337,635,272,363
123000338,1352,86,1266
123000339,195,183,12
123000340,285,489,-204
123000342,25,177,-152
123000343,74,8,66
123000344,1364,561,803
123000345,417,676,-259
123000346,346,62,284
123000352,1672,786,886
123000353,23,166,-143
123000354,563,7,556
123000355,3,606,-603
123000356,297,8,289
123000357,1,311,-310
123000359,4,224,-220
123000360,316,142,174
123000361,499,376,123
123000362,241,128,113
123000363,98,185,-87
123000364,493,493,0
123000365,35,404,-369
123000366,483,1944,-1461
123000367,880,1673,-793
123000370,53,319,-266
123000371,444,28,416
123000372,542,22,520
123000373,9,498,-489
123000374,24,294,-270
123000375,285,53,232
123000376,967,741,226
123000377,328,33,295
123000378,9,326,-317
123000379,1,225,-224
123000380,76,349,-273
123000381,251,58,193
123000382,1213,227,986
123000383,262,1387,-1125
123000384,610,92,518
123000385,541,889,-348
123000436,52,714,-662
123000507,229,431,-202
123000508,238,706,-468
123000517,370,47,323
123000518,30,313,-283
123000519,120,82,38
123000520,67,299,-232
123000521,373,131,242
123000522,131,426,-295
123000541,2,6,-4
123000542,0,27,-27
123000565,645,51,594
123000566,277,813,-536
123000567,77,239,-162
123000573,38,829,-791
123000574,520,91,429
123000575,1358,1163,195
123000576,677,1757,-1080
123000577,88,744,-656
123000578,725,109,616
123000579,4471,5009,-538
123000580,174,31,143
123000582,389,29,360
123000583,18,371,-353
123000584,202,313,-111
123000585,0,164,-164
123000586,95,0,95
123000596,141,159,-18
123000597,88,187,-99
123000602,33,14,19
123000603,483,634,-151
123000604,578,936,-358
123000605,1257,27,1230
123000606,1,417,-416
123000609,33,385,-352
123000610,149,172,-23
123000613,58,227,-169
123000614,256,53,203
123000615,78,245,-167
123000616,519,71,448
123000617,139,383,-244
123000618,102,579,-477
123000619,782,62,720
123000620,21,446,-425
123000622,426,37,389
123000624,153,106,47
123000630,840,269,571
123000631,311,2003,-1692
123000632,1395,1517,-122
123000633,13,521,-508
123000634,93,155,-62
123000635,269,137,132
123000636,235,1127,-892
123000637,202,21,181
123000638,774,81,693
123000639,1055,3873,-2818
123000640,31,959,-928
123000648,469,87,382
123000649,67,789,-722
123000650,391,404,-13
123000651,51,640,-589
123900001,1303,51,1252
123900002,32,1733,-1701
123900003,423,614,-191
123900005,244,144,100
123900006,374,58,316
124000001,1851,182,1669
124000002,134,1963,-1829
124000003,683,168,515
124000004,82,654,-572
124000005,937,545,392
124000006,277,1183,-906
124000007,510,112,398
124000008,18,862,-844
124000009,581,303,278
124000010,205,755,-550
124000011,1402,260,1142
124000012,332,651,-319
124000017,171,142,29
124000018,112,108,4
124000019,138,197,-59
124000020,40,234,-194
124000021,161,83,78
124000022,120,244,-124
124000023,1815,1565,250
124000024,1078,651,427
124000025,1301,1695,-394
124000026,1239,1099,140
124000027,4398,4830,-432
124000028,2634,4206,-1572
124000030,2187,943,1244
124000031,1407,2483,-1076
124000032,3404,1306,2098
124000033,981,871,110
124000034,1086,1321,-235
124000035,338,186,152
124000036,219,697,-478
124000037,428,990,-562
124000038,66,116,-50
124000039,1122,457,665
124000040,612,1035,-423
124000041,320,68,252
124000042,106,452,-346
124000043,297,121,176
124000044,128,273,-145
124000045,798,588,210
124000046,343,846,-503
124000047,1396,1041,355
124000048,1064,1700,-636
124000049,1603,710,893
124000050,987,2254,-1267
124000051,883,561,322
124000052,732,1226,-494
124000053,532,1603,-1071
124000054,1027,628,399
124000055,1355,2521,-1166
124000056,3315,1737,1578
124000057,989,512,477
124000058,497,1556,-1059
124000059,612,908,-296
124000060,1307,844,463
124000061,1516,4552,-3036
124000062,4737,2066,2671
124000063,1753,2084,-331
124000064,2678,1772,906
124000065,84,284,-200
124000066,383,109,274
124000067,155,221,-66
124000068,104,241,-137
124000069,695,270,425
124000070,239,494,-255
124000071,262,121,141
124000072,158,357,-199
124000073,888,158,730
124000074,280,714,-434
124000075,217,40,177
124000076,18,224,-206
124000077,2395,808,1587
124000078,3734,1457,2277
124000079,536,1039,-503
124000080,398,186,212
124000081,146,647,-501
124000082,57,194,-137
124000083,93,193,-100
124000084,127,484,-357
124000085,129,47,82
124000086,69,82,-13
124000087,258,91,167
124000088,210,363,-153
124000089,826,382,444
124000090,168,377,-209
124000091,431,179,252
124000092,163,755,-592
124000093,126,105,21
124000094,127,516,-389
124000095,90,134,-44
124000096,136,299,-163
124000097,136,172,-36
124000098,80,147,-67
124000099,334,127,207
124000100,87,182,-95
124000101,75,124,-49
124000102,149,102,47
124000103,99,140,-41
124000104,167,94,73
124000105,56,89,-33
124000106,202,102,100
124000107,23,172,-149
124000108,70,48,22
124000109,130,107,23
124000110,284,188,96
124000111,234,200,34
124000112,552,769,-217
124000113,92,131,-39
124000114,367,593,-226
124000115,501,764,-263
124000116,163,151,12
124000117,98,121,-23
124000118,71,109,-38
124000119,1421,557,864
124000120,849,504,345
124000121,1508,797,711
124000122,680,1552,-872
124000123,1004,643,361
124000124,591,1291,-700
124000125,359,578,-219
124000126,389,672,-283
124000127,944,445,499
124000128,698,1058,-360
124000129,1954,1497,457
124000130,757,728,29
124000131,1075,519,556
124000132,1229,896,333
124000133,990,984,6
124000134,869,750,119
124000135,1624,1771,-147
124000136,898,1272,-374
124000137,1326,675,651
124000138,1506,1386,120
124000139,1329,77,1252
124000140,86,683,-597
124000141,682,57,625
124000142,50,761,-711
124000143,131,15,116
124000144,7,229,-222
124000145,89,71,18
124000146,22,123,-101
124000148,22,117,-95
124000149,1191,510,681
124000150,385,719,-334
124000151,792,379,413
124000152,849,1345,-496
124000153,538,696,-158
124000154,349,869,-520
124000155,1461,1014,447
124000156,1757,1186,571
124000169,249,596,-347
124000170,696,554,142
124000171,344,281,63
124000172,472,604,-132
124000173,632,262,370
124000174,598,712,-114
124000175,17,125,-108
124000176,70,14,56
124000177,10,46,-36
124000178,26,42,-16
124000185,62,12,50
124000186,5,65,-60
124000187,4,132,-128
124000188,52,11,41
124000190,166,35,131
124000191,588,145,443
124000192,3234,395,2839
124000193,1030,905,125
124000194,505,575,-70
124000195,309,631,-322
124000196,1284,1230,54
124000197,80,61,19
124000198,41,72,-31
124000201,344,1015,-671
124000202,523,41,482
124000203,262,819,-557
124000204,705,267,438
124000205,61,536,-475
124000206,475,135,340
124000207,0,55,-55
124000209,258,556,-298
124000210,380,178,202
124000211,486,0,486
124000212,2,480,-478
124000213,340,338,2
124000214,272,853,-581
124000215,408,20,388
124000216,4,471,-467
124000329,19,1127,-1108
124000338,183,1547,-1364
124000339,644,130,514
124000341,1126,122,1004
124000344,74,59,15
124000357,1036,2763,-1727
124000358,824,1720,-896
124000359,906,749,157
124000360,722,667,55
124000361,1919,789,1130
124000362,1571,1689,-118
124000363,332,408,-76
124000364,707,933,-226
124000365,817,1105,-288
124000366,1961,827,1134
124000367,140,607,-467
124000368,604,348,256
124000369,159,170,-11
124000370,74,510,-436
124000402,45,13,32
124000403,121,18,103
124000404,23,163,-140
124000405,908,857,51
124000406,943,960,-17
124000407,4,60,-56
124000411,13,372,-359
124000412,529,19,510
124000413,1246,81,1165
124000414,74,178,-104
124000415,40,184,-144
124000416,200,375,-175
124000417,148,154,-6
124000418,171,141,30
124000419,124,211,-87
124000420,89,119,-30
124000421,61,302,-241
124000422,43,21,22
124000423,143,29,114
124000424,8,189,-181
124000425,110,18,92
124000426,5,257,-252
124000427,170,7,163
124000428,115,63,52
124000429,32,59,-27
124000430,528,246,282
124000431,507,569,-62
124000432,234,926,-692
124000439,2,12,-10
124000443,0,13,-13
124000445,1201,1264,-63
124000446,2588,121,2467
124000447,30,239,-209
124000448,62,11,51
124000449,132,11,121
124000450,14,302,-288
124000451,6,177,-171
124900001,466,400,66
124900002,160,473,-313
124900003,952,698,254
124900004,490,382,108
124900005,345,204,141
124900006,529,375,154
124900008,1237,468,769
124900009,178,311,-133
124900010,159,98,61
124900011,467,282,185
124900012,444,95,349
124900013,564,168,396
124900014,218,70,148
124900015,175,376,-201
124900016,42,98,-56
124900017,579,1288,-709
124900018,35,11,24
124900020,75,59,16
124900021,217,51,166
124900022,115,34,81
124900024,202,68,134
124900026,466,87,379
124900027,131,245,-114
124900028,507,109,398
124900029,16,381,-365
124900030,12,116,-104
124900031,35,344,-309
124900032,127,234,-107
124900033,84,328,-244
124900034,3,97,-94
124900035,214,431,-217
124900036,5,34,-29
124900037,195,337,-142
124900039,1,27,-26
124900040,124,80,44
124900042,115,2,113
124900043,571,1425,-854
124900044,71,4,67
124900045,828,950,-122
124900047,763,474,289
124900048,225,189,36
124900050,224,328,-104
124900052,113,303,-190
124900053,229,493,-264
124900054,1347,471,876
124900055,5,298,-293
124900057,8,69,-61
124900060,866,640,226
124900061,56,8,48
124900062,101,28,73
124900066,1,164,-163
124900067,5,206,-201
124900068,285,481,-196
124900070,69,20,49
124900072,95,29,66
124900075,193,225,-32
124900076,24,891,-867
124900077,19,125,-106
124900078,107,15,92
124900079,699,149,550
124900080,350,1050,-700
124900081,861,291,570
124900082,729,1864,-1135
124900083,516,1128,-612
124900085,2944,825,2119
124900086,67,1027,-960
124900087,2094,127,1967
124900088,1031,393,638
124900089,1483,47,1436
124900090,255,250,5
124900091,301,427,-126
124900092,249,345,-96
124900093,239,195,44
124900094,302,313,-11
124900095,103,446,-343
124900096,592,230,362
124900097,344,85,259
124900098,123,416,-293
124900099,602,538,64
124900100,269,105,164
124900101,108,252,-144
124900102,141,71,70
124900103,158,259,-101
124900104,76,217,-141
124900105,108,165,-57
124900106,353,61,292
124900107,113,9,104
124900108,200,86,114
124900111,3,91,-88
124900112,267,788,-521
124900113,140,277,-137
124900114,303,152,151
124900115,49,31,18
124900116,193,157,36
124900117,641,139,502
124900118,327,294,33
124900119,363,236,127
124900120,60,382,-322
124900121,121,397,-276
124900122,504,240,264
124900123,411,115,296
124900124,143,358,-215
204000001,121,19,102
204000002,36,15,21
204000003,38,3,35
204000004,32,0,32
204000005,777,672,105
204000006,1230,2136,-906
204000011,18,53,-35
204000012,75,157,-82
204000019,646,602,44
204000020,658,743,-85
204000021,1656,824,832
204000022,548,614,-66
204000023,684,1097,-413
204000031,134,39,95
204000032,625,31,594
204000034,32,184,-152
204000035,0,12,-12
204000036,11,17,-6
204000037,3,22,-19
204000038,0,14,-14
204000039,5,28,-23
204000040,3,23,-20
204000041,33,31,2
204000042,68,18,50
204000043,32,6,26
204000044,53,1,52
204000045,50,7,43
204000046,9,3,6
204000057,9,14,-5
204000062,36,73,-37
204000068,67,390,-323
204000069,47,315,-268
204000070,87,153,-66
204000080,76,84,-8
204000085,2031,1978,53
204000086,3170,2561,609
204000087,52,21,31
204000088,10,100,-90
204000090,111,418,-307
204000093,324,123,201
204000096,1097,1257,-160
204000097,344,95,249
204000099,1012,2099,-1087
204000100,1268,2104,-836
204000105,2482,1712,770
204000110,831,1283,-452
204000111,557,834,-277
204000112,994,707,287
204000113,645,847,-202
204000114,741,609,132
204000115,577,377,200
204000116,843,432,411
204000119,2469,2791,-322
204000132,629,362,267
204000133,794,436,358
204000134,180,186,-6
204000135,640,156,484
204000136,574,351,223
204000138,390,420,-30
204000140,217,148,69
204000141,153,118,35
204000144,6,28,-22
204000145,546,41,505
204000146,28,379,-351
204000147,67,199,-132
204000148,689,36,653
204000154,4,3,1
204000155,1,4,-3
204000177,72,111,-39
204000179,25,18,7
204000180,0,46,-46
204000222,2,5,-3
204000235,14,22,-8
204000236,86,294,-208
204000238,17,30,-13
204000240,377,66,311
204000263,846,1278,-432
204000268,1255,935,320
204000308,228,46,182
204000317,12,115,-103
204000322,5,52,-47
204000323,19,17,2
204000328,244,120,124
204000329,102,229,-127
204000330,248,132,116
204000331,188,143,45
205000001,1168,1984,-816
205000013,8,94,-86
205000014,17,98,-81
205000015,40,227,-187
205000016,17,215,-198
205000017,36,97,-61
205000022,451,921,-470
205000025,1645,1282,363
205000029,204,10,194
205000045,188,335,-147
205000046,98,613,-515
205000047,49,512,-463
205000048,359,1423,-1064
205000049,179,1058,-879
205000050,1089,371,718
205000059,0,238,-238
205000060,2,98,-96
205000061,3,71,-68
205000062,8,69,-61
205000063,18,193,-175
205000064,15,151,-136
205000065,61,573,-512
205000066,140,878,-738
205000067,41,1026,-985
205000069,202,20,182
205000082,167,382,-215
205000110,112,322,-210
205000111,258,365,-107
205000112,207,224,-17
205000113,269,423,-154
205000121,227,152,75
205000123,68,272,-204
205000126,574,308,266
205000127,732,407,325
205000128,831,258,573
205000129,763,292,471
205000130,1316,111,1205
205000131,1091,20,1071
205000132,926,2,924
205000133,1251,3,1248
205000134,504,1,503
205000137,85,173,-88
205000138,233,381,-148
205000139,73,124,-51
205000144,151,96,55
205000145,419,270,149
205000151,182,97,85
205000152,237,55,182
205000153,271,106,165
205000154,94,169,-75
205000155,148,45,103
205000207,5,174,-169
205000233,98,3,95
205000234,0,0,0
205000243,0,0,0
205000244,0,6,-6
205000245,18,208,-190
205000249,1,42,-41
205000250,6,3,3
205000264,4,100,-96
206000027,5,16,-11
206000028,3,2,1
206000043,17,100,-83
206000053,6,8,-2
206000054,2,18,-16
206000055,1,15,-14
206000075,17,17,0
206000076,32,22,10
206000077,15,19,-4
206000078,24,3,21
206000079,10,9,1
206000082,531,41,490
206000100,55,620,-565
206000103,18,19,-1
206000104,17,32,-15
206000105,11,13,-2
206000106,16,24,-8
206000125,61,0,61
206000157,54,538,-484
206000170,1,174,-173
206000171,2,214,-212
206000172,6,634,-628
206000173,3,298,-295
206000174,18,104,-86
206000175,1,139,-138
206000176,21,272,-251
206000177,0,182,-182
206000178,0,158,-158
206000179,6,79,-73
206000180,12,158,-146
206000181,27,253,-226
206000182,7,218,-211
206000183,25,760,-735
206000184,2,341,-339
206000185,17,221,-204
206000186,148,1208,-1060
206000223,12,171,-159
206000226,3,3,0
206000227,23,5,18
206000237,24,367,-343
206000238,27,681,-654
206000239,388,1989,-1601
206000240,5,55,-50
206000241,0,98,-98
206000242,8,313,-305
206000243,12,226,-214
206000244,76,681,-605
206000245,587,53,534
206000246,133,10,123
206000247,159,8,151
206000248,328,19,309
206000252,68,30,38
206000258,36,42,-6
206000315,35,7,28
206000317,635,98,537
206000318,380,82,298
206000319,972,131,841
206000320,126,47,79
206000321,139,19,120
206000322,467,22,445
206000323,123,12,111
206000324,145,8,137
206000325,167,9,158
206000326,173,19,154
206000327,691,11,680
206000328,131,1,130
206000329,207,15,192
206000330,32,6,26
206000331,118,1,117
206000332,33,3,30
206000333,420,5,415
206000334,209,1,208
206000335,0,18,-18
206000361,3,170,-167
206000392,2,23,-21
206000405,215,0,215
206000441,20,15,5
206000498,43,2,41
206000515,103,39,64
206000530,216,66,150
206000531,219,173,46
206000532,2535,263,2272
206000535,307,2315,-2008
206000536,22,213,-191
206000537,18,154,-136
206000613,1451,233,1218
206000784,469,24,445
207000001,221,527,-306
207000002,144,365,-221
207000003,174,202,-28
207000007,760,292,468
207000008,73,27,46
207000009,52,43,9
207000010,542,482,60
207000012,241,257,-16
207000015,389,1528,-1139
207000019,412,99,313
207000021,586,155,431
207000022,149,132,17
207000023,210,57,153
207000024,10,11,-1
207000025,23,68,-45
207000026,134,45,89
207000027,31,71,-40
207000028,56,170,-114
207000029,291,466,-175
207000033,322,348,-26
207000034,352,83,269
207000039,309,179,130
207000040,245,158,87
207000041,82,67,15
207000042,239,98,141
207000043,229,223,6
207000051,191,329,-138
207000052,60,209,-149
207000053,485,682,-197
207000054,56,133,-77
207000055,196,177,19
207000056,399,409,-10
207000057,136,269,-133
207000058,185,301,-116
207000059,101,694,-593
207000060,92,310,-218
207000061,296,429,-133
207000062,306,43,263
207000063,324,157,167
207000064,381,168,213
207000065,378,251,127
207000066,209,170,39
207000067,58,136,-78
207000068,103,80,23
207000069,699,432,267
207000082,20,358,-338
207000083,128,374,-246
207000084,204,256,-52
207000085,153,16,137
207000086,156,7,149
207000106,41,59,-18
207000107,132,28,104
207000108,50,20,30
207000109,54,12,42
207000110,90,101,-11
207000111,106,78,28
207000112,304,604,-300
207000114,13,44,-31
207000115,31,92,-61
207000116,20,425,-405
207000117,13,123,-110
207000118,8,95,-87
207000119,46,89,-43
207000123,228,40,188
207000124,52,30,22
207000125,56,67,-11
207000126,98,75,23
207000134,57,193,-136
207000135,26,356,-330
207000148,43,309,-266
207000149,75,55,20
207000152,171,468,-297
207000153,959,1188,-229
207000154,467,164,303
207000159,107,206,-99
207000160,152,503,-351
207000238,0,196,-196
207000242,6,222,-216
207000248,45,32,13
207000249,206,77,129
207000250,943,71,872
207000251,145,94,51
207000252,57,78,-21
207000278,109,100,9
207000279,44,175,-131
207000280,480,65,415
207000281,151,1021,-870
207000282,209,92,117
207000283,149,249,-100
207000284,110,180,-70
207000285,194,63,131
207000291,16,129,-113
207000304,156,56,100
207000306,85,422,-337
207000310,79,108,-29
207000353,298,8,290
207000356,21,39,-18
207000357,28,12,16
207000358,10,44,-34
207000415,6,195,-189
207000417,67,7,60
207000418,123,191,-68
207000438,0,2,-2
207000439,916,534,382
207000446,152,9,143
207000460,22,17,5
207000466,209,162,47
207000467,210,121,89
207000468,52,441,-389
207000476,16,97,-81
207000477,597,110,487
207000478,0,35,-35
207000523,0,40,-40
207000524,118,1,117
207000527,86,246,-160
207000530,410,12,398
207000531,361,11,350
207000532,64,21,43
207000534,642,74,568
207000535,62,401,-339
207000537,24,135,-111
207000540,12,288,-276
207000541,0,365,-365
207000548,20,290,-270
207000549,358,15,343
207000561,115,147,-32
207000562,56,249,-193
207000567,189,289,-100
207000568,167,110,57
207000569,359,933,-574
207000584,372,251,121
207000585,142,386,-244
207000587,99,39,60
207000616,0,201,-201
207000617,139,1,138
207000624,80,49,31
207000631,18,100,-82
207900008,261,194,67
208000001,793,938,-145
208000002,1075,527,548
208000003,1301,666,635
208000004,1672,830,842
208000005,37,26,11
208000019,654,1169,-515
208000020,215,626,-411
208000021,221,567,-346
208000022,1106,699,407
208000028,1502,1129,373
208000033,532,681,-149
208000034,1188,1754,-566
208000037,469,23,446
208000040,181,192,-11
208000041,958,635,323
208000042,1616,766,850
208000047,150,313,-163
208000064,2913,1829,1084
208000066,1873,1993,-120
208000070,392,425,-33
208000071,342,874,-532
208000072,340,1289,-949
208000080,300,470,-170
208000081,436,198,238
208000082,503,412,91
208000083,190,496,-306
208000084,63,17,46
208000085,1453,759,694
208000086,749,1152,-403
208000087,591,871,-280
208000089,948,678,270
208000090,928,950,-22
208000093,229,170,59
208000094,542,532,10
208000095,777,424,353
208000104,892,1200,-308
208000105,828,1332,-504
208000114,136,298,-162
208000115,563,421,142
208000116,711,1142,-431
208000117,195,204,-9
208000118,102,152,-50
208000155,1111,989,122
208000158,1929,3380,-1451
208000186,3810,4006,-196
208000204,796,1076,-280
208000205,1266,1352,-86
208000282,5505,2614,2891
209000004,354,186,168
209000005,49,38,11
209000006,483,228,255
209000007,506,337,169
209000010,616,165,451
209000011,293,321,-28
209000012,217,263,-46
209000013,279,460,-181
209000014,628,1266,-638
209000025,330,70,260
209000026,715,201,514
209000027,495,914,-419
209000028,410,845,-435
209000029,1064,815,249
209000030,785,1743,-958
209000031,3612,2681,931
209000034,231,277,-46
209000035,125,242,-117
209000036,182,194,-12
209000037,246,256,-10
209000038,93,187,-94
209000039,84,212,-128
209000040,309,649,-340
209000041,204,454,-250
209000042,266,433,-167
209000043,815,1004,-189
209000044,208,889,-681
209000045,1550,463,1087
209000046,525,592,-67
209000047,521,197,324
209000048,612,341,271
209000049,86,145,-59
209000050,266,240,26
209000051,340,490,-150
209000052,242,478,-236
209000062,65,173,-108
209000063,47,128,-81
209000064,63,201,-138
209000065,71,43,28
209000066,80,65,15
209000067,77,85,-8
209000080,20,260,-240
209000082,89,48,41
209000091,76,123,-47
209000093,96,47,49
209000094,253,221,32
209000110,46,135,-89
209000111,450,1662,-1212
209000112,969,653,316
209000113,2309,597,1712
209000114,482,408,74
209000115,132,207,-75
209000116,1041,677,364
209000118,107,60,47
209000119,133,21,112
209000121,256,677,-421
209000135,122,231,-109
209000142,612,1646,-1034
209000143,192,128,64
209000144,186,127,59
209000229,266,218,48
209000240,63,389,-326
209000259,154,179,-25
209000260,38,1090,-1052
209000261,4,557,-553
209000262,3,491,-488
209000263,0,146,-146
209000264,0,104,-104
209000265,435,2,433
209000266,71,1,70
209000267,750,11,739
209000268,689,42,647
210000037,61,30,31
210000047,75,25,50
210000048,92,30,62
210000049,44,23,21
210000052,63,97,-34
210000053,24,62,-38
210000054,104,62,42
210000070,98,5,93
210000071,87,2,85
210000072,47,0,47
210000073,1,35,-34
210000074,0,167,-167
210000075,1,115,-114
210000076,13,209,-196
210000077,147,34,113
210000078,54,43,11
210000079,136,22,114
210000080,272,56,216
210000081,201,25,176
210000082,197,1,196
210000083,133,1,132
210000084,36,0,36
210000085,1,145,-144
210000086,5,184,-179
210000099,46,292,-246
210000100,78,223,-145
210000101,95,260,-165
210000105,39,293,-254
210000159,2,221,-219
210000163,175,294,-119
210000164,304,153,151
210000168,188,33,155
210000187,0,14,-14
210000188,0,20,-20
210000214,25,0,25
210000219,49,66,-17
210000220,67,66,1
210000232,3,26,-23
210000233,33,103,-70
210000234,31,170,-139
210000235,58,106,-48
210000245,0,35,-35
210000246,40,1,39
210000258,20,119,-99
210000259,329,72,257
210000282,108,303,-195
210000285,2,158,-156
210000286,24,215,-191
210000290,4,9,-5
210000295,99,213,-114
210000296,62,67,-5
210000320,155,117,38
210000321,154,95,59
210000338,187,100,87
210000339,451,1335,-884
210000340,170,466,-296
210000341,333,339,-6
210000342,284,255,29
210000343,343,263,80
210000344,525,169,356
210000345,274,441,-167
210000346,207,184,23
210000347,443,43,400
210000348,305,15,290
210000349,328,16,312
210000350,137,73,64
210000351,139,138,1
210000352,62,144,-82
210000353,36,146,-110
210000354,85,120,-35
210000355,166,107,59
210000356,239,70,169
210000357,168,42,126
210000358,449,159,290
210000359,281,107,174
210000360,222,114,108
210000361,268,158,110
210000362,310,188,122
210000363,829,212,617
210000364,145,154,-9
210000365,137,72,65
210000366,197,74,123
210000367,84,56,28
210000368,188,35,153
210000369,60,14,46
210000370,87,32,55
210000372,104,34,70
210000373,145,13,132
210000374,93,14,79
210000375,38,100,-62
210000376,144,185,-41
210000404,119,153,-34
210000439,25,44,-19
210000472,118,9,109
210000482,111,108,3
210000564,454,269,185
210000567,0,21,-21
210000568,536,2,534
211000092,29,54,-25
211000094,23,3,20
211000169,210,15,195
211000172,22,294,-272
211000209,4,15,-11
211000226,22,35,-13
211000270,45,15,30
211000275,22,35,-13
211000276,94,32,62
211000279,62,29,33
211000281,50,39,11
211000302,49,88,-39
211507980,1,48,-47
211977296,59,3,56
212000003,241,72,169
212000004,206,29,177
212000005,82,41,41
212000006,90,94,-4
212000008,220,171,49
212000009,27,156,-129
212000012,80,112,-32
212000013,30,62,-32
212000014,302,167,135
212000015,367,273,94
212000016,490,607,-117
212000027,409,525,-116
212000028,236,534,-298
212000029,183,334,-151
212000030,51,54,-3
212000031,79,81,-2
212000048,39,169,-130
212000049,19,126,-107
212000050,24,8,16
212000051,233,226,7
212000052,177,359,-182
212000053,330,754,-424
212000054,177,160,17
212000055,210,311,-101
212000056,13,40,-27
212000057,11,40,-29
212000058,354,42,312
212000070,115,281,-166
212000077,141,760,-619
212000099,211,312,-101
212000108,356,239,117
212000111,211,147,64
212000120,294,95,199
212000138,221,34,187
212000156,17,153,-136
212000158,34,18,16
212000159,295,61,234
212000160,389,325,64
212000161,64,13,51
212000310,35,16,19
212000311,6,90,-84
212000374,43,11,32
213000001,55,455,-400
213000005,356,176,180
213000006,1107,299,808
213000007,305,13,292
213000009,773,548,225
213000010,201,316,-115
213000011,318,155,163
213000012,135,290,-155
213000014,85,7,78
213000015,255,8,247
213000016,483,4,479
213000017,107,1,106
213000018,10,213,-203
213000019,0,207,-207
213000020,115,377,-262
213000021,9,155,-146
213000023,239,258,-19
213000033,334,1548,-1214
213000034,758,406,352
213000035,114,401,-287
213000045,182,288,-106
213000046,255,241,14
213000047,854,1248,-394
213000056,80,67,13
213000069,207,4,203
213000073,0,21,-21
213000074,84,389,-305
213000075,667,20,647
213000076,58,2,56
213000085,3,48,-45
213000086,27,134,-107
213000091,143,12,131
213000092,59,16,43
213000099,206,1233,-1027
213000100,1405,420,985
213000101,290,160,130
213000102,383,373,10
213000103,907,1007,-100
213000104,72,471,-399
213000105,10,162,-152
213000106,39,165,-126
213000107,181,662,-481
213000108,45,522,-477
213000109,10,244,-234
213000110,22,77,-55
213000111,6,66,-60
213000112,229,113,116
213000115,64,23,41
213000116,61,741,-680
213000117,18,1001,-983
213000118,401,378,23
213000119,64,680,-616
213000120,139,610,-471
213000122,281,612,-331
213000123,552,1408,-856
213000124,109,1181,-1072
213000125,81,13,68
213000126,104,140,-36
213000127,197,184,13
213000128,684,1033,-349
213000129,448,723,-275
213000130,352,377,-25
213000132,256,121,135
213000133,462,131,331
213000134,900,27,873
213000136,496,34,462
213000137,593,128,465
213000139,1032,48,984
213000147,253,20,233
213000148,102,17,85
213000149,62,11,51
213000150,2,121,-119
213000151,2,88,-86
213000152,6,95,-89
213000153,1,71,-70
213000154,27,301,-274
213000155,21,267,-246
213000156,108,774,-666
213000157,735,429,306
213000158,451,842,-391
213000159,456,824,-368
213000163,574,109,465
213000165,598,255,343
213000171,0,102,-102
213000172,2,317,-315
213000173,3,207,-204
213000174,1,125,-124
213000175,135,228,-93
213000176,15,22,-7
213000177,34,4,30
213000178,75,6,69
213000179,107,0,107
213000180,121,0,121
213000184,126,483,-357
213000188,341,114,227
213000189,254,50,204
213000190,822,826,-4
213000191,380,525,-145
213000192,290,495,-205
213000193,1032,228,804
213000194,3,88,-85
213000195,23,510,-487
213000196,362,1159,-797
213000197,343,969,-626
213000198,106,0,106
213000200,173,1010,-837
213000201,83,57,26
213000202,4,610,-606
213000203,3749,959,2790
213000204,821,103,718
213000205,196,178,18
213000206,420,136,284
213000207,242,28,214
213000208,311,0,311
213000209,256,5,251
213000210,1033,4,1029
213000211,20,19,1
213000212,89,16,73
213000213,62,28,34
213000218,285,789,-504
213000219,535,17,518
213000220,430,14,416
213000223,351,281,70
213000224,86,74,12
213000225,151,12,139
213000226,100,12,88
213000227,974,395,579
213000228,329,142,187
213000229,807,65,742
213000230,866,54,812
213000232,101,832,-731
213000233,8,58,-50
213000234,1,32,-31
213000293,57,81,-24
213000294,399,14,385
213000295,37,81,-44
213000296,62,35,27
213000297,3,100,-97
213000298,31,138,-107
213000299,114,49,65
213000300,24,6,18
213000303,3,18,-15
213000304,9,7,2
213000305,22,16,6
213000306,151,28,123
213000307,526,114,412
213000308,123,216,-93
213000309,210,94,116
213000310,388,123,265
213000311,392,653,-261
213000315,119,105,14
213000316,208,83,125
213000322,109,172,-63
213000323,130,310,-180
213000324,92,160,-68
213000325,28,157,-129
213000326,41,111,-70
213000327,116,147,-31
213000328,140,125,15
213000329,429,87,342
213000340,159,678,-519
213000341,480,171,309
213000346,211,240,-29
213000347,848,461,387
213000348,3,117,-114
213000349,17,12,5
213000350,319,1325,-1006
213000366,68,418,-350
213000367,198,42,156
213000379,128,105,23
213000386,26,267,-241
213000406,106,422,-316
213000417,1359,640,719
213000425,461,287,174
213000426,449,343,106
213000427,25,342,-317
213000428,38,211,-173
213000429,30,8,22
213000430,146,656,-510
213000431,140,12,128
213000432,2,45,-43
213000433,29,170,-141
213000434,67,152,-85
213000435,135,236,-101
213000436,29,52,-23
213000437,101,79,22
213000438,91,70,21
213000439,115,22,93
213000440,123,332,-209
213000441,2,3,-1
213000442,338,226,112
213000443,604,463,141
213000444,78,213,-135
213000445,1,112,-111
213000446,2,21,-19
213000447,4,72,-68
213000448,4,122,-118
213000449,278,4,274
213000450,23,52,-29
213000451,228,92,136
213000452,33,35,-2
213000453,61,307,-246
213000455,540,9,531
213000456,2,268,-266
213000481,224,11,213
213000482,39,4,35
213000489,569,85,484
213000491,1,265,-264
213000492,1012,5,1007
213000493,0,134,-134
213000494,262,165,97
213000495,2,144,-142
213000496,288,226,62
213000497,51,231,-180
213000498,99,174,-75
213000499,163,596,-433
213000500,389,91,298
213000501,115,20,95
213000502,287,93,194
213000503,2,40,-38
213000504,5,92,-87
213000505,12,20,-8
213000506,0,11,-11
213000507,4,81,-77
213900244,47,0,47
213900245,0,43,-43
218000003,43,39,4
218000004,71,27,44
218000005,78,33,45
218000006,79,28,51
218000007,9,16,-7
218000012,326,252,74
218000013,144,195,-51
218000014,496,508,-12
218000019,739,696,43
218000020,323,583,-260
218000040,4,2,2
218000046,51,125,-74
218000047,42,153,-111
218000048,78,169,-91
218000049,80,118,-38
218000050,288,267,21
218000051,115,277,-162
218000052,4,111,-107
218000053,3,12,-9
218000054,6,32,-26
218000055,7,14,-7
218000056,25,29,-4
218000057,4,33,-29
218000064,3,19,-16
218000065,87,56,31
218000066,16,88,-72
218000067,45,83,-38
218000068,82,81,1
218000069,212,173,39
218000070,223,281,-58
218000071,166,192,-26
218000072,301,248,53
218000078,793,1119,-326
218000079,90,67,23
218000080,61,80,-19
218000081,253,257,-4
218000082,50,104,-54
218000083,50,71,-21
218000084,118,169,-51
218000085,153,417,-264
218000086,67,159,-92
218000087,155,220,-65
218000090,10,247,-237
218000091,939,616,323
218000092,58,164,-106
218000093,110,64,46
218000094,576,815,-239
218000099,274,757,-483
218000100,274,310,-36
218000101,637,144,493
218000102,376,317,59
218000103,83,153,-70
218000104,68,36,32
218000105,11,5,6
218000106,18,6,12
218000107,62,77,-15
218000108,11,43,-32
218000112,72,21,51
218000117,116,86,30
218000134,467,769,-302
218000135,120,126,-6
218000136,177,106,71
218000137,185,128,57
218000138,38,93,-55
218000139,157,332,-175
218000140,417,294,123
218000141,116,65,51
218000142,176,223,-47
218000143,100,260,-160
218000144,130,71,59
218000145,331,403,-72
218000146,47,169,-122
218000151,26,31,-5
218000152,169,98,71
218000170,7,42,-35
218000171,91,14,77
218000172,39,5,34
218000173,54,13,41
218000174,62,9,53
218000176,237,34,203
218000177,296,268,28
218000178,100,238,-138
218000179,91,75,16
218000180,60,39,21
218000181,175,78,97
218000187,7,16,-9
218000188,51,116,-65
218000189,24,79,-55
218000190,14,14,0
218000191,170,88,82
218000192,228,267,-39
218000193,417,372,45
218000194,83,354,-271
218000195,79,72,7
218000196,251,352,-101
218000197,248,384,-136
218000198,23,130,-107
218000199,61,33,28
218000200,104,58,46
218000201,17,13,4
218000202,161,315,-154
218000207,9,34,-25
218000208,58,65,-7
218000211,75,15,60
218000213,131,68,63
218000214,10,15,-5
218000215,50,86,-36
218000217,5,138,-133
218000218,160,70,90
218000219,95,36,59
218000220,273,280,-7
218000221,1668,211,1457
218000222,114,27,87
218000223,68,322,-254
218000224,19,160,-141
218000225,198,45,153
218000226,127,89,38
218000232,44,96,-52
218000239,267,13,254
218000240,38,16,22
218000241,81,3,78
218000242,105,1,104
218000243,130,4,126
218000244,137,5,132
218000245,31,9,22
218000246,8,2,6
218000247,1,0,1
218000248,0,19,-19
218000249,1,5,-4
218000250,3,12,-9
218000251,10,34,-24
218000252,3,23,-20
218000253,3,27,-24
218000254,3,25,-22
218000255,4,15,-11
218000256,14,59,-45
218000267,862,1236,-374
218000268,9,84,-75
218000269,4,14,-10
218000270,102,68,34
218000271,42,79,-37
218000273,16,17,-1
218000274,15,13,2
218000275,20,55,-35
218000276,10,59,-49
218000278,51,45,6
218000279,85,78,7
218000280,47,72,-25
218000281,13,20,-7
218000282,617,503,114
218000284,113,25,88
218000301,78,120,-42
218000302,138,54,84
218000303,43,68,-25
218000316,744,1442,-698
218000317,892,1536,-644
218000318,548,1000,-452
218000319,1113,1492,-379
218000320,1084,950,134
218000338,71,39,32
218000345,152,116,36
218000346,66,179,-113
218000459,37,275,-238
218000490,69,52,17
218000501,75,59,16
218000502,32,115,-83
218000503,102,34,68
218000504,170,41,129
218000505,50,198,-148
218000506,31,258,-227
218000508,11,3,8
218000510,229,20,209
218000520,116,110,6
218000521,6,53,-47
218000522,0,145,-145
218000523,288,12,276
218000524,41,279,-238
218000525,191,23,168
218000526,35,151,-116
218000529,34,157,-123
218000531,13,26,-13
218000532,34,28,6
218000534,156,30,126
218000537,47,67,-20
218000538,141,178,-37
218000540,303,82,221
218000543,128,55,73
218000544,56,91,-35
218000545,69,58,11
218000546,61,74,-13
218000547,133,141,-8
218000548,159,124,35
218000549,513,296,217
218000550,255,348,-93
218000551,177,688,-511
218000552,575,70,505
218000553,43,98,-55
218000554,67,40,27
218000555,40,40,0
218000556,297,362,-65
218000557,373,213,160
218000558,87,1,86
218000559,0,41,-41
218000560,0,24,-24
218000561,30,0,30
218000562,26,191,-165
218000563,216,19,197
218000564,7,118,-111
218000565,190,35,155
218000566,323,27,296
218000567,4,84,-80
218000568,25,5,20
218000569,10,137,-127
218000570,187,8,179
218000571,1,153,-152
218000572,243,3,240
218000573,12,193,-181
218000574,114,50,64
218000575,165,2,163
218000576,1,68,-67
218000577,137,1,136
218000578,0,95,-95
218000579,57,26,31
218000581,10,50,-40
218000582,59,1,58
218000583,17,0,17
218000584,4,20,-16
218000585,39,1,38
218000586,9,49,-40
218000587,12,0,12
218000588,4,13,-9
218000589,0,6,-6
218000590,6,3,3
218000591,4,2,2
218000592,10,0,10
218000593,88,2,86
218000594,10,0,10
218000597,4,0,4
218000598,6,0,6
218000599,12,2,10
218000600,75,4,71
218000601,0,0,0
218000602,1,11,-10
218000603,0,9,-9
218000604,28,1,27
218000605,1,221,-220
218000606,555,3,552
218000607,9,44,-35
218000608,122,19,103
218000609,4,76,-72
218000610,65,3,62
218000611,56,6,50
218000612,0,22,-22
218000613,27,3,24
218000614,0,34,-34
218000615,251,0,251
218000616,8,116,-108
218000617,45,0,45
218000618,2,24,-22
218000619,161,44,117
218000620,5,14,-9
218000621,1,3,-2
218000622,0,16,-16
218000623,307,0,307
218000624,23,28,-5
218000625,21,2,19
218000626,0,22,-22
218000628,160,68,92
218000631,46,20,26
218000632,0,133,-133
218000633,96,2,94
218000634,16,44,-28
218000635,12,13,-1
218000636,929,1619,-690
218000637,825,641,184
218000638,134,56,78
218000639,27,168,-141
218000640,210,29,181
218000641,217,245,-28
218000652,79,102,-23
218000653,183,87,96
218000663,9,145,-136
218000675,79,51,28
218000680,216,446,-230
218000681,437,149,288
218000691,120,264,-144
218000693,164,160,4
218000718,901,833,68
218000719,1407,450,957
218000720,10,139,-129
218000721,191,15,176
218001147,6,299,-293
218001214,26,21,5
218001258,177,6,171
218001329,191,116,75
218001330,232,146,86
218001351,52,15,37
218001352,17,37,-20
218001353,29,13,16
218001354,12,35,-23
218001355,22,363,-341
218001356,263,16,247
218001357,54,282,-228
218001358,257,22,235
218001361,229,18,211
218001362,0,239,-239
219000001,31,64,-33
219000002,46,86,-40
219000003,36,57,-21
219000004,62,73,-11
219000017,321,24,297
219000020,127,44,83
219000022,148,8,140
219000023,170,2,168
219000029,0,100,-100
219000034,130,14,116
219000039,198,85,113
219000040,42,29,13
219000041,131,35,96
219000051,0,37,-37
219000052,0,22,-22
219000053,5,146,-141
219000054,2,14,-12
219000055,144,12,132
219000056,54,2,52
219000057,89,3,86
219000062,36,100,-64
219000063,82,8,74
219000064,1,113,-112
219000110,718,58,660
219000111,142,51,91
219000112,224,104,120
219000113,155,65,90
219000114,268,152,116
219000116,105,33,72
219000117,150,56,94
219000118,207,42,165
219000123,354,119,235
219000124,104,66,38
219000125,14,27,-13
219000126,110,123,-13
219000127,0,2,-2
219000128,28,119,-91
219000129,32,155,-123
219000130,677,648,29
219000131,709,920,-211
219000133,73,41,32
219000134,23,23,0
219000135,25,59,-34
219000136,106,204,-98
219000138,77,23,54
219000139,27,53,-26
219000140,56,4,52
219000141,8,101,-93
219000142,14,120,-106
219000143,10,113,-103
219000145,48,75,-27
219000146,4,50,-46
219000147,2,53,-51
219000148,2,33,-31
219000149,11,116,-105
219000150,1,77,-76
219000151,2,43,-41
219000157,236,203,33
219000158,199,298,-99
219000161,153,11,142
219000163,1648,563,1085
219000166,117,237,-120
219000167,126,208,-82
219000168,395,197,198
219000174,389,147,242
219000175,56,5,51
219000176,74,3,71
219000177,38,2,36
219000178,28,0,28
219000179,22,11,11
219000180,45,25,20
219000182,115,37,78
219000183,75,34,41
219000184,85,7,78
219000185,0,60,-60
219000186,34,47,-13
219000187,38,82,-44
219000189,148,185,-37
219000190,168,262,-94
219000191,1441,1241,200
219000192,184,152,32
219000193,446,152,294
219000195,4,94,-90
219000196,15,167,-152
219000198,22,158,-136
219000199,91,365,-274
219000200,52,303,-251
219000201,142,301,-159
219000203,75,172,-97
219000204,363,216,147
219000205,99,184,-85
219000207,201,301,-100
219000209,17,93,-76
219000210,112,123,-11
219000213,22,166,-144
219000239,221,314,-93
219000240,368,379,-11
219000241,103,237,-134
219000242,129,220,-91
219000243,101,402,-301
219000244,117,76,41
219000245,58,70,-12
219000246,67,30,37
219000247,128,39,89
219000248,754,335,419
219000249,272,92,180
219000250,109,125,-16
219000251,622,212,410
219000252,268,172,96
219000253,405,83,322
219000255,128,91,37
219000256,159,75,84
219000257,198,1,197
219000262,113,210,-97
219000263,90,202,-112
219000267,4,135,-131
219000268,6,3,3
219000269,21,2,19
219000270,9,0,9
219000271,138,9,129
219000278,2,10,-8
219000279,0,9,-9
219000283,1,13,-12
219000295,13,120,-107
219000296,76,609,-533
219000297,18,161,-143
219000298,10,185,-175
219000299,374,96,278
219000300,25,238,-213
219000301,225,404,-179
219000302,51,241,-190
219000307,72,55,17
219000308,64,44,20
219000311,140,50,90
219000312,579,115,464
219000313,391,76,315
219000314,63,566,-503
219000315,243,58,185
219000316,421,56,365
219000317,142,23,119
219000320,0,48,-48
219000321,1,10,-9
219000323,9,53,-44
219000325,1,26,-25
219000326,55,129,-74
219000327,81,27,54
219000328,49,62,-13
219000329,310,143,167
219000330,45,36,9
219000331,93,39,54
219000332,84,91,-7
219000333,12,8,4
219000335,67,0,67
219000337,38,0,38
219000338,90,0,90
219000344,36,89,-53
219000345,63,94,-31
219000346,58,141,-83
219000348,111,101,10
219000349,71,223,-152
219000350,157,156,1
219000351,11,11,0
219000352,350,57,293
219000353,144,67,77
219000354,131,109,22
219000355,213,100,113
219000356,1481,1115,366
219000363,243,84,159
219000364,102,55,47
219000365,143,21,122
219000366,248,413,-165
219000368,518,554,-36
219000370,1274,380,894
219000371,19,33,-14
219000382,20,30,-10
219000383,873,901,-28
219000385,772,466,306
219000386,993,1586,-593
219000387,6,2,4
219000390,8,2,6
219000391,2,0,2
219000397,71,81,-10
219000398,101,49,52
219000401,18,138,-120
219000402,48,146,-98
219000403,114,321,-207
219000404,18,166,-148
219000407,7,60,-53
219000409,53,62,-9
219000410,90,53,37
219000411,53,25,28
219000446,201,350,-149
219000447,2,14,-12
219000448,95,8,87
219000452,129,59,70
219000453,100,145,-45
219000454,325,256,69
219000556,244,103,141
219000558,290,235,55
219000590,34,162,-128
219000591,62,87,-25
219000592,139,403,-264
219000595,2,39,-37
219000635,146,86,60
219000636,22,102,-80
219000657,23,23,0
219000658,16,60,-44
219000673,0,14,-14
219000676,36,3,33
219000679,63,10,53
219000684,96,3,93
219000685,2,85,-83
219000686,4,3,1
219000688,1,97,-96
219000689,26,320,-294
219000690,151,34,117
219000691,53,228,-175
219000692,171,31,140
219000693,0,22,-22
219000694,4,0,4
219000695,13,0,13
219000698,46,0,46
219000699,1,26,-25
219000727,4,185,-181
219000728,219,3,216
219000770,38,3,35
219000771,0,30,-30
219000788,500,256,244
219001150,0,28,-28
219001151,9,2,7
219001166,37,32,5
219001167,7,98,-91
219001178,41,0,41
220000001,192,74,118
220000002,23,139,-116
220000003,692,287,405
220000004,975,559,416
220000005,1437,1544,-107
220000006,279,1031,-752
220000007,477,708,-231
220000008,375,1078,-703
220000009,238,514,-276
220000010,239,200,39
220000011,875,3836,-2961
220000012,109,433,-324
220000014,151,43,108
220000015,124,226,-102
220000017,42,348,-306
220000018,5312,2395,2917
220000019,76,290,-214
220000020,460,259,201
220000021,552,190,362
220000022,613,588,25
220000023,299,182,117
220000024,1748,448,1300
220000025,908,917,-9
220000026,306,194,112
220000027,70,83,-13
220000028,51,41,10
220000029,116,226,-110
220000030,167,97,70
220000031,411,365,46
220000064,11,677,-666
221000046,5,0,5
221000047,0,5,-5
221000048,0,2,-2
221000049,0,9,-9
221000050,25,0,25
221000055,68,55,13
221000057,86,24,62
221000068,309,112,197
221000069,305,53,252
221000070,208,31,177
221000071,81,12,69
221000072,212,13,199
221000073,177,68,109
221000074,3,24,-21
221000075,22,31,-9
221000076,19,68,-49
221000077,36,97,-61
221000081,41,15,26
221000082,49,11,38
221000083,56,5,51
221000084,15,5,10
221000085,26,63,-37
221000086,20,104,-84
221000087,5,165,-160
221000088,18,221,-203
221000089,59,282,-223
221000090,188,574,-386
221000098,93,17,76
221000099,178,23,155
221000100,96,6,90
221000101,272,33,239
221000102,115,22,93
221000109,8,104,-96
221000110,20,142,-122
221000111,44,252,-208
221000112,8,175,-167
221000113,18,223,-205
221000114,12,220,-208
221000120,58,29,29
221000121,5,21,-16
221000122,45,19,26
221000123,42,22,20
221000124,63,185,-122
221000155,52,17,35
221000156,98,40,58
221000175,9,8,1
221000176,4,3,1
221000182,49,11,38
221000241,656,235,421
221000242,251,445,-194
221000243,755,153,602
221000244,339,536,-197
221000245,189,164,25
221000246,63,298,-235
221000247,117,172,-55
221000248,112,195,-83
221000267,68,707,-639
221000325,96,50,46
221000331,33,65,-32
221000338,6,24,-18
221000378,202,48,154
221000381,67,68,-1
222000282,16,1,15
222000296,11,24,-13
222000568,270,19,251
222000569,162,31,131
222000570,99,15,84
222000571,247,12,235
222000577,7,207,-200
222000578,21,252,-231
222000579,35,171,-136
222000580,125,966,-841
222000599,0,132,-132
222000600,3,262,-259
222000601,7,912,-905
222000603,34,30,4
222000604,10,37,-27
222000605,28,21,7
222000606,6,20,-14
222000607,18,2,16
222000608,55,10,45
222000609,41,293,-252
222000616,250,30,220
222000617,9,15,-6
222000618,9,3,6
222000620,39,8,31
222000621,74,7,67
222000623,564,2,562
222000624,221,4,217
222000625,407,16,391
222000636,61,3,58
222000686,32,15,17
222000687,58,34,24
222001066,202,3,199
222001067,7,5,2
222001068,28,18,10
222001069,23,48,-25
222001082,15,44,-29
222001083,16,48,-32
222001084,0,71,-71
222001085,0,119,-119
222001111,63,151,-88
222001112,122,40,82
222001313,59,7,52
222001314,8,91,-83
222001464,122,46,76
222001465,24,209,-185
222001484,99,49,50
222001485,31,36,-5
222001494,265,143,122
222001495,103,345,-242
222001496,323,121,202
222001497,126,466,-340
222001502,38,112,-74
222001503,105,61,44
222001504,30,285,-255
222001505,246,19,227
222001506,34,388,-354
222001507,301,31,270
222001510,278,22,256
222001511,42,391,-349
222001514,497,148,349
222001515,282,553,-271
222001518,228,83,145
222001519,80,261,-181
222001527,183,61,122
222001528,77,185,-108
222001529,138,39,99
222001530,38,174,-136
222001533,108,278,-170
222001534,233,88,145
222001535,211,201,10
222001536,95,261,-166
222001537,219,31,188
222001538,62,483,-421
222001563,436,104,332
222001564,49,647,-598
222001568,435,145,290
222001576,0,1,-1
222001579,1,8,-7
222001583,19,206,-187
222001584,48,29,19
222001596,675,1257,-582
222001597,1563,322,1241
222001626,0,164,-164
222001650,53,98,-45
222001651,93,118,-25
222001914,162,68,94
222001915,87,243,-156
222001968,587,268,319
222001969,468,857,-389
222001970,167,286,-119
222001971,29,18,11
222001972,0,13,-13
225000001,452,294,158
225000002,833,188,645
225000003,478,129,349
225000004,323,294,29
225000005,60,61,-1
225000006,0,184,-184
225000007,2494,1718,776
225000010,279,11,268
225000011,486,1375,-889
225000012,250,685,-435
225000013,128,175,-47
225000014,1619,98,1521
225000015,77,200,-123
225000021,774,307,467
225000027,309,617,-308
225000032,597,215,382
225000042,108,796,-688
225000049,69,71,-2
225000050,116,26,90
225000053,15,277,-262
225000058,893,143,750
225000067,214,185,29
225000068,186,409,-223
225000069,187,486,-299
225000070,83,481,-398
225000071,41,256,-215
225000075,43,1558,-1515
225000076,125,154,-29
225000078,105,103,2
225000085,53,131,-78
225000086,270,68,202
225000087,196,29,167
225000088,6,178,-172
225000089,409,1185,-776
225000090,73,469,-396
225000091,169,216,-47
225000092,30,90,-60
225000093,190,362,-172
225000094,11,324,-313
225000095,383,538,-155
225000096,381,622,-241
225000098,591,306,285
225000099,369,238,131
225000100,227,235,-8
225000104,135,501,-366
225000110,13,453,-440
225000111,332,1246,-914
225000112,575,1238,-663
225000113,276,665,-389
225000114,87,280,-193
225000115,2548,794,1754
225000116,1085,359,726
225000117,997,372,625
225000118,1038,309,729
225000119,205,137,68
225000120,685,118,567
225000121,229,66,163
225000123,1297,45,1252
225000125,361,245,116
225000126,1189,269,920
225000127,948,1239,-291
225000128,594,772,-178
225000132,266,63,203
225000133,224,54,170
225000134,570,141,429
225000135,36,7,29
225000136,251,16,235
225000137,248,66,182
225000138,392,64,328
225000143,89,249,-160
225000144,2,431,-429
225000145,143,36,107
225000146,67,184,-117
225000147,34,356,-322
225000148,3,247,-244
225000149,78,500,-422
225000151,32,319,-287
225000155,433,671,-238
225000156,331,1055,-724
225000157,385,452,-67
225000158,112,334,-222
225000171,4,167,-163
225000180,44,0,44
225000181,2,56,-54
225000182,101,34,67
225000185,10,444,-434
225000187,67,412,-345
225000191,125,0,125
225000194,0,15,-15
225000208,0,47,-47
225000209,84,24,60
225000210,7,286,-279
225000217,3,22,-19
225000218,28,1,27
225000223,0,59,-59
225000224,543,2,541
225000225,2,125,-123
225000226,91,1,90
225000227,48,193,-145
225000228,6,19,-13
225000229,0,115,-115
225000230,128,4,124
225000231,0,106,-106
225000232,268,1,267
225000241,275,0,275
225000242,1,56,-55
225000249,33,23,10
225000250,47,1039,-992
225000251,412,35,377
226000042,560,456,104
226000043,116,294,-178
226000044,275,686,-411
226000045,115,459,-344
226000046,394,100,294
226000047,431,105,326
226000048,434,124,310
226000049,254,238,16
226000070,0,54,-54
226000071,0,61,-61
226000072,0,14,-14
226000073,0,14,-14
226000074,0,10,-10
226000084,6,76,-70
226000085,12,15,-3
226000086,2,22,-20
226000087,11,21,-10
226000088,41,11,30
226000090,242,107,135
226000091,11,20,-9
226000092,4,7,-3
226000093,79,3,76
226000094,37,1,36
226000095,248,9,239
226000105,7,0,7
226000106,10,0,10
226000107,11,1,10
226000108,114,0,114
226000109,103,0,103
226000124,136,85,51
226000134,478,456,22
226000135,1017,682,335
226000136,345,365,-20
226000137,10,582,-572
226000138,11,401,-390
226000139,4,13,-9
226000156,192,5,187
226000157,250,14,236
226000163,138,37,101
226000202,23,441,-418
226000231,352,32,320
226000232,81,10,71
227000033,240,97,143
227000036,265,42,223
227000037,190,36,154
227000038,227,80,147
227000049,0,41,-41
227000050,6,78,-72
227000055,230,1,229
227000056,89,2,87
227000084,7,55,-48
227000085,1,44,-43
227000088,127,7,120
227000089,143,1,142
227000090,92,0,92
227000091,40,1,39
227000093,209,0,209
227000094,49,0,49
227000130,47,51,-4
227000131,13,232,-219
227000132,38,197,-159
227000133,11,193,-182
227000134,21,312,-291
227000152,0,6,-6
227000153,0,34,-34
227000155,3,28,-25
227000156,2,24,-22
227000165,2,17,-15
227000196,199,236,-37
227000199,183,394,-211
227000230,14,375,-361
227000232,263,21,242
227000242,58,464,-406
227000243,364,94,270
227000245,25,384,-359
227000246,102,485,-383
227000247,243,110,133
227000248,318,27,291
227000249,24,215,-191
227000250,631,191,440
227000251,224,317,-93
227000252,21,365,-344
227000253,95,28,67
227000262,227,67,160
227000266,842,21,821
227000267,30,1392,-1362
227000282,8,150,-142
227000284,328,30,298
227000286,0,62,-62
227000287,17,113,-96
227000291,14,419,-405
227000484,259,18,241
227000485,19,637,-618
227000655,130,19,111
227000656,373,30,343
227000657,63,15,48
227000661,210,14,196
227000680,374,63,311
229000265,29,54,-25
229000296,1,19,-18
229000297,11,23,-12
229000298,8,137,-129
229000320,8,18,-10
229000321,16,2,14
229000412,15,39,-24
229000414,12,70,-58
229000415,22,5,17
229000416,5,6,-1
229000417,3,15,-12
229000419,108,281,-173
229000440,277,93,184
229000442,15,0,15
229000443,8,2,6
229000444,27,16,11
229000445,80,8,72
229000446,63,15,48
229000847,30,1,29
229000848,23,0,23
229000849,75,2,73
229000851,20,0,20
229000854,0,28,-28
229000856,1,123,-122
229000857,1,34,-33
229000858,0,75,-75
229000919,19,103,-84
229000930,3,242,-239
229000937,100,28,72
229000966,48,22,26
229000981,17,55,-38
229000985,9,28,-19
229000986,3,8,-5
229000987,0,1,-1
229000988,2,6,-4
229000989,15,3,12
229000990,0,1,-1
229000991,5,0,5
229000992,9,11,-2
229000993,163,17,146
229000998,4,63,-59
229000999,69,14,55
229001034,1,6,-5
229001035,32,2,30
229001037,55,4,51
229001042,5,32,-27
229001047,4,48,-44
229001050,39,48,-9
229001200,7,0,7
229001338,2,21,-19
229001394,194,6,188
229001422,118,22,96
229001423,19,164,-145
229001431,64,36,28
229001432,52,83,-31
229001444,146,49,97
229001445,42,196,-154
229001503,192,97,95
229001504,94,210,-116
229001505,84,33,51
229001506,53,208,-155
229001509,98,15,83
229001545,64,10,54
229001546,8,107,-99
229001553,64,19,45
229001554,42,115,-73
229001559,0,17,-17
229001560,1,30,-29
229001630,51,11,40
229001631,8,51,-43
229001635,0,10,-10
229001636,2,0,2
229001658,0,116,-116
229001659,58,0,58
229001660,3,8,-5
229001661,20,21,-1
229001662,49,0,49
229001663,0,12,-12
229002584,163,164,-1
229002831,180,139,41
229002841,4,12,-8
229002842,34,33,1
229002843,105,12,93
229002844,65,51,14
229002845,35,38,-3
229002846,43,13,30
229002847,19,6,13
229002848,17,10,7
229002849,24,60,-36
229002850,10,0,10
229002851,44,63,-19
229002852,163,22,141
229002853,82,13,69
229002854,78,30,48
229002855,25,30,-5
229002856,215,15,200
229002857,17,41,-24
229002858,22,5,17
229002859,34,20,14
229002860,104,11,93
229002861,69,27,42
229002862,19,18,1
229002863,39,8,31
229002864,33,28,5
229002865,14,13,1
229002866,6,10,-4
229002867,4,20,-16
229002868,53,5,48
229002869,29,113,-84
229002870,24,6,18
235000066,418,72,346
235000067,124,127,-3
235000072,37,59,-22
235000073,46,303,-257
235000074,46,69,-23
235000080,35,79,-44
235000081,87,122,-35
235000082,168,75,93
235000083,116,125,-9
235000084,107,57,50
235000085,66,54,12
235000089,22,48,-26
235000092,24,155,-131
235000093,9,2,7
235000097,0,9,-9
235000098,42,20,22
235000099,36,25,11
235000116,92,28,64
235000117,838,35,803
235000133,8,281,-273
235000134,11,129,-118
235000206,7,2,5
235000207,4,2,2
235000208,1,2,-1
235000209,4,2,2
235000210,17,4,13
235000212,4,19,-15
235000213,3,10,-7
235000220,2,4,-2
235000221,64,7,57
235000238,14,54,-40
235000239,3,21,-18
235000242,359,411,-52
235000245,709,160,549
235000246,26,61,-35
235000284,2,119,-117
235000295,182,13,169
235000305,289,33,256
235000306,129,8,121
235000307,14,11,3
235000308,35,1,34
235000309,84,1,83
235000310,27,0,27
235000311,208,101,107
235000322,0,33,-33
235000323,1,56,-55
235000324,3,13,-10
235000325,6,10,-4
235000326,16,214,-198
235000351,1,83,-82
235000352,24,43,-19
235000353,3,21,-18
235000354,10,29,-19
235000355,10,28,-18
235000356,81,2,79
235000357,11,8,3
235000358,57,12,45
235000359,11,2,9
235000360,70,4,66
235000361,68,6,62
235000381,69,208,-139
235000382,102,23,79
235000390,12,0,12
235000391,84,16,68
235000392,154,238,-84
235000393,86,126,-40
235000395,69,44,25
235000396,320,107,213
235000400,100,97,3
235000401,46,131,-85
235000405,99,239,-140
235000406,56,242,-186
235000407,66,121,-55
235000409,161,139,22
235000410,37,192,-155
235000411,2,59,-57
235000485,0,6,-6
235000486,14,1,13
235000549,103,73,30
235000550,79,150,-71
235000599,68,53,15
235000600,13,16,-3
235000601,13,42,-29
235000602,66,81,-15
235000614,2,2,0
235000648,1,17,-16
235000649,45,13,32
235000685,0,5,-5
235000815,14,29,-15
235000834,0,26,-26
235000855,31,63,-32
235000862,75,206,-131
235000891,0,5,-5
235000892,43,2,41
235000901,42,97,-55
235000907,8,10,-2
235001010,56,65,-9
235001029,489,368,121
235001030,300,229,71
235001078,88,97,-9
235001079,108,83,25
235001147,48,74,-26
235001166,62,63,-1
235001167,25,42,-17
235001169,46,283,-237
235001188,1,4,-3
235001189,5,0,5
235001197,17,27,-10
235001200,29,26,3
235001207,349,43,306
235001210,106,254,-148
235001215,32,206,-174
235001239,1,41,-40
235001244,0,6,-6
235016267,1,180,-179
277102712,75,57,18
277103813,0,0,0
277103814,0,0,0
277104249,0,4,-4
277104250,0,11,-11
277104251,0,9,-9
277104252,0,2,-2
990011530,0,209,-209
990014944,4,576,-572
990015176,50,1,49
990015618,1,132,-131
990016032,0,393,-393
990032570,0,38,-38
990070001,129,3,126
990070103,0,3,-3
990070601,0,36,-36
990070751,544,4,540
990070766,4,621,-617
990071180,516,220,296
990071343,46,1,45
990071387,0,14,-14
990071823,438,1,437
990072600,1,732,-731
990072964,2,381,-379
990073285,0,1,-1
990074393,3,836,-833
990074870,1021,49,972
990075106,934,12,922
990075746,388,2,386
990076437,846,14,832
990076458,2,834,-832
997000007,525,32,493
997000041,2,133,-131
997000058,30,1,29
997000062,113,0,113
997000069,0,8,-8
997000070,0,21,-21
997000100,26,0,26
997000141,1,845,-844
997000198,295,632,-337
998000475,2,32,-30
998000736,0,158,-158
998000965,1,42,-41
998001031,1,82,-81
998001700,0,31,-31
998001899,0,0,0
998001900,8,0,8
998003073,916,11,905
998101900,0,0,0
998102850,1,106,-105
998501927,1017,668,349
998501929,83,3,80
998501930,44,0,44
998501931,134,32,102
998501932,12,0,12
998501933,53,2,51
998501937,6,0,6
998501944,2,0,2
998501950,0,8,-8
998501970,48,8,40
998501971,0,84,-84
998501973,0,51,-51
998501974,1,246,-245
998501975,629,3,626
998501976,167,2,165
998501977,0,17,-17
998501978,16,1,15
998501979,0,30,-30
998501980,81,0,81
998501981,19,6,13
998501982,0,97,-97
998501983,0,1,-1
998502006,0,0,0
998502024,0,18,-18
998502032,0,3,-3
998502062,23,1,22
998502063,0,0,0
998502173,55,0,55
998502269,0,3,-3
998502546,1,178,-177
998502578,1,9,-8
998502599,165,385,-220
998502621,1,1,0
998601159,0,177,-177
998601292,0,19,-19
999033574,1,616,-615
999800001,61,0,61
999800002,0,1,-1
999800003,2,2,0
999800004,0,2,-2
999800005,0,7,-7
