ID,insum,outsum,diff
100000001,0,0,0
100000002,1493,2306,-813
100000003,2287,2952,-665
100000004,230,829,-599
100000005,1249,1970,-721
100000006,76,79,-3
100000007,381,311,70
100000008,5,43,-38
100000009,64,213,-149
100000010,0,48,-48
100000011,44,48,-4
100000012,59,41,18
100000013,2,4,-2
100000014,22,10,12
100000015,352,800,-448
100000016,70,225,-155
100000017,50,105,-55
100000018,164,207,-43
100000019,489,949,-460
100000020,251,1228,-977
100000021,304,217,87
100000022,226,881,-655
100000023,596,509,87
100000025,230,795,-565
100000028,371,579,-208
100000029,3,38,-35
100000030,94,5,89
100000031,680,2473,-1793
100000032,282,1305,-1023
100000033,154,1080,-926
100000034,12,199,-187
100000035,169,559,-390
100000036,187,348,-161
100000037,393,152,241
100000038,963,384,579
100000039,74,31,43
100000040,19,67,-48
100000041,377,150,227
100000042,248,84,164
100000043,155,92,63
100000044,11,16,-5
100000045,36,68,-32
100000046,145,43,102
100000047,18,28,-10
100000048,69,187,-118
100000049,211,281,-70
100000051,233,126,107
100000053,48,0,48
100000054,73,14,59
100000055,71,27,44
100000056,153,103,50
100000057,472,187,285
100000058,90,147,-57
100000059,5,80,-75
100000060,98,306,-208
100000061,509,220,289
100000062,349,259,90
100000063,285,169,116
100000064,293,196,97
100000065,119,90,29
100000066,117,42,75
100000067,73,104,-31
100000068,107,206,-99
100000069,40,202,-162
100000072,67,83,-16
100000073,209,272,-63
100000075,228,46,182
100000076,545,1825,-1280
100000077,82,292,-210
100000078,1,117,-116
100000079,4,51,-47
100000080,6,62,-56
100000081,4,44,-40
100000102,928,1891,-963
100000103,453,449,4
100000104,345,358,-13
100000105,315,413,-98
100000106,357,1746,-1389
100000107,42,599,-557
100000108,70,79,-9
100000109,579,368,211
100000116,337,475,-138
100000117,0,36,-36
100000118,1541,583,958
100000119,353,424,-71
100000121,47,229,-182
100000122,102,516,-414
100000123,1745,1985,-240
100000124,776,1263,-487
100000125,494,1735,-1241
100000126,150,326,-176
100000127,277,354,-77
100000128,28,517,-489
100000129,40,195,-155
100000130,330,266,64
100000131,153,249,-96
100000132,160,1386,-1226
100000133,833,513,320
100000135,175,294,-119
100000139,151,277,-126
100000140,0,0,0
100000142,240,99,141
100000143,109,72,37
100000144,512,15,497
100000147,950,3601,-2651
100000150,6,115,-109
100000151,128,966,-838
100000153,1,60,-59
100000154,5,106,-101
100000155,0,37,-37
100000156,41,101,-60
100000157,450,86,364
100000158,36,96,-60
100000159,43,360,-317
100000165,607,275,332
100000169,11,163,-152
100000174,117,126,-9
100000179,19,534,-515
100000180,32,66,-34
100000181,38,48,-10
100000188,6,39,-33
100000189,356,103,253
100000190,145,482,-337
100000191,83,178,-95
100000192,7,88,-81
100000193,36,63,-27
100000330,309,402,-93
100000355,44,73,-29
100000362,977,494,483
100000363,2624,3287,-663
100000364,171,98,73
100000365,4832,4525,307
100000366,1018,726,292
100000367,3166,3571,-405
100000368,135,79,56
100000369,173,1281,-1108
100000370,17,509,-492
100000376,23,302,-279
100000379,377,1697,-1320
100000380,1816,2951,-1135
100000384,1801,2950,-1149
100000385,404,2606,-2202
100000386,1122,2182,-1060
100000387,773,4280,-3507
100000388,1536,1551,-15
100000389,1870,3491,-1621
100000390,744,833,-89
100000391,1886,4289,-2403
100000392,328,699,-371
100000393,275,2197,-1922
100000394,836,1435,-599
100000395,441,1401,-960
100000396,772,564,208
100000397,434,1679,-1245
100000398,6540,2046,4494
100000413,0,0,0
100900002,0,0,0
100900003,30,47,-17
100900004,0,0,0
100900005,0,0,0
100900006,0,0,0
100900007,0,0,0
100900008,1,0,1
100900009,0,0,0
100900010,0,0,0
100900011,0,0,0
100900012,1,0,1
100900013,0,0,0
100900014,0,0,0
100900015,0,0,0
100900016,0,0,0
100900017,39,3,36
100900018,0,0,0
100900019,0,0,0
100900020,0,0,0
100900021,28,0,28
100900022,0,0,0
100900023,0,0,0
100900024,0,0,0
100900025,0,0,0
100900026,0,0,0
100900027,16,216,-200
100900028,4,1,3
100900029,0,0,0
100900030,0,0,0
100900031,137,31,106
100900032,76,0,76
100900033,0,0,0
100900034,0,0,0
100900035,0,0,0
100900036,0,0,0
100900037,0,0,0
100900038,0,1,-1
100900039,38,1,37
100900040,99,6,93
100900041,173,3,170
100900042,36,139,-103
100900043,0,2,-2
100900044,25,0,25
100900045,0,0,0
100900046,95,0,95
100900047,100,9,91
100900048,0,0,0
100900049,0,0,0
100900050,0,0,0
100900051,2,0,2
100900052,0,0,0
100900053,0,0,0
100900054,0,0,0
100900055,0,0,0
100900056,0,0,0
100900057,57,10,47
100900058,0,0,0
100900059,1,0,1
100900060,0,0,0
100900061,0,0,0
100900062,0,0,0
100900063,9,133,-124
100900064,33,1,32
100900065,0,0,0
100900066,3,0,3
100900067,2,0,2
100900068,0,0,0
100900069,0,0,0
100900070,0,0,0
100900071,0,0,0
100900072,0,0,0
100900073,0,0,0
100900074,0,0,0
100900075,6,0,6
100900076,0,0,0
100900077,2,0,2
100900078,11,0,11
100900079,0,0,0
100900080,0,4,-4
100900081,0,0,0
100900082,0,0,0
100900083,0,0,0
100900085,0,0,0
100900086,1,0,1
100900088,0,0,0
100900089,0,0,0
100900090,0,12,-12
100900091,0,4,-4
100900092,32,2,30
100900093,0,0,0
100900094,0,0,0
100900095,0,0,0
100900096,0,0,0
100900097,0,0,0
100900098,0,0,0
100900099,0,0,0
100900100,0,0,0
100900101,3,0,3
100900102,0,0,0
100900103,0,0,0
100900104,0,0,0
100900105,0,0,0
100900106,0,0,0
100900107,0,0,0
100900108,0,0,0
100900109,0,0,0
100900110,18,6,12
100900111,0,0,0
100900112,0,0,0
100900113,0,0,0
100900114,0,0,0
100900115,0,0,0
100900116,24,0,24
100900117,0,0,0
100900118,0,0,0
100900119,0,0,0
100900120,0,0,0
100900121,18,0,18
100900122,0,0,0
100900123,0,0,0
100900124,0,0,0
100900125,0,0,0
100900126,0,0,0
100900127,0,0,0
100900128,0,0,0
100900129,0,0,0
100900131,3,0,3
100900133,0,0,0
100900134,0,0,0
100900135,0,0,0
100900137,0,0,0
100900138,0,0,0
100900139,0,0,0
100900140,0,0,0
100900141,0,0,0
100900142,0,0,0
100900143,0,0,0
100900144,0,0,0
100900145,0,0,0
100900146,0,0,0
100900147,0,0,0
100900148,0,0,0
100900149,0,0,0
100900150,0,0,0
100900151,0,0,0
100900152,0,0,0
100900153,0,0,0
100900154,3,0,3
100900155,0,0,0
100900156,0,0,0
100900157,0,0,0
100900159,0,0,0
100900160,0,0,0
100900161,0,0,0
100900162,0,0,0
100900163,0,0,0
100900164,0,0,0
100900165,0,0,0
100900166,0,0,0
100900167,0,0,0
100900168,0,0,0
100900169,0,0,0
100900170,0,0,0
100900171,1,1,0
100900172,0,0,0
100900173,0,0,0
100900174,0,0,0
100900176,0,0,0
100900177,0,0,0
100900178,58,1,57
100900179,0,0,0
100900180,0,0,0
100900181,0,0,0
100900182,1,1,0
100900184,3,8,-5
100900186,0,0,0
100900187,0,0,0
100900188,0,0,0
100900189,0,0,0
100900191,0,0,0
100900192,0,0,0
100900195,3,0,3
100900197,172,75,97
100900198,1,0,1
100900199,0,1,-1
100900200,0,0,0
100900201,0,0,0
100900202,4,0,4
100900203,0,0,0
100900204,1,1,0
100900205,0,0,0
100900206,0,0,0
100900207,0,0,0
100900210,0,0,0
100900211,0,0,0
100900213,0,0,0
100900214,0,0,0
100900215,0,0,0
100900217,0,0,0
101000001,501,813,-312
101000002,215,707,-492
101000003,33,452,-419
101000004,2704,4392,-1688
101000005,2164,3372,-1208
101000006,2544,3739,-1195
101000007,564,2602,-2038
101000008,1119,2295,-1176
101000009,1070,272,798
101000010,166,281,-115
101000011,80,219,-139
101000012,39,23,16
101000013,177,300,-123
101000014,243,523,-280
101000015,575,566,9
101000016,25,358,-333
101000017,87,181,-94
101000018,562,697,-135
101000020,898,212,686
101000021,75,317,-242
101000022,0,0,0
101000023,147,237,-90
101000025,96,134,-38
101000026,129,3,126
101000027,827,1377,-550
101000028,283,144,139
101000029,25,565,-540
101000030,126,63,63
101000031,77,755,-678
101000032,1182,2109,-927
101000033,188,1387,-1199
101000034,197,1332,-1135
101000035,34,98,-64
101000036,343,676,-333
101000037,305,1461,-1156
101000039,285,827,-542
101000040,355,1277,-922
101000041,1532,3437,-1905
101000042,13,426,-413
101000043,1211,2264,-1053
101000045,123,316,-193
101000046,712,1303,-591
101000047,692,1598,-906
101000048,93,215,-122
101000049,66,455,-389
101000050,128,927,-799
101000051,62,1518,-1456
101000052,409,1173,-764
101000053,81,389,-308
101000054,225,152,73
101000055,407,1254,-847
101000056,19,116,-97
101000057,115,413,-298
101000058,285,1510,-1225
101000059,814,2109,-1295
101000060,90,99,-9
101000061,121,1988,-1867
101000062,63,146,-83
101000063,135,1189,-1054
101000064,134,410,-276
101000065,49,730,-681
101000066,103,727,-624
101000067,83,98,-15
101000068,170,337,-167
101000069,142,20,122
101000070,198,164,34
101000071,503,660,-157
101000072,1590,1165,425
101000073,720,772,-52
101000074,2580,1708,872
101000075,3743,1160,2583
101000077,1766,557,1209
101000078,984,772,212
101000079,1067,526,541
101000080,411,63,348
101000081,808,609,199
101000082,1181,595,586
101000083,1245,698,547
101000084,272,140,132
101000085,1220,748,472
101000086,78,160,-82
101000087,129,141,-12
101000088,641,665,-24
101000089,294,713,-419
101000090,309,142,167
101000091,172,186,-14
101000092,756,262,494
101000093,602,334,268
101000094,53,70,-17
101000095,37,89,-52
101000096,334,267,67
101000097,79,115,-36
101000098,82,258,-176
101000099,270,648,-378
101000100,250,497,-247
101000101,207,219,-12
101000102,89,259,-170
101000103,241,181,60
101000104,35,269,-234
101000105,10,131,-121
101000106,0,65,-65
101000107,28,57,-29
101000108,185,66,119
101000109,59,26,33
101000110,8,55,-47
101000111,22,23,-1
101000113,33,251,-218
101000114,851,1317,-466
101000115,0,0,0
101000116,0,0,0
101000117,0,0,0
101000119,5,31,-26
101000120,4,8,-4
101000121,0,9,-9
101000122,1,32,-31
101000123,5,19,-14
101000124,485,174,311
101000125,88,34,54
101000128,50,118,-68
101000130,439,90,349
101000131,495,329,166
101000132,83,142,-59
101000135,0,6,-6
101000136,19,24,-5
101000137,2,226,-224
101000141,346,2901,-2555
101000147,216,46,170
101000148,57,2,55
101000149,0,0,0
101000150,58,98,-40
101000151,21,9,12
101000152,54,14,40
101000153,187,28,159
101000154,146,112,34
101000155,1,0,1
101000156,1,2,-1
101000157,3,1,2
101000160,0,0,0
101000163,84,296,-212
101000164,60,37,23
101000165,160,150,10
101000166,169,193,-24
101000168,10,1,9
101000252,932,233,699
101000254,0,0,0
101000258,354,6,348
101000261,346,67,279
101000262,234,2115,-1881
101000263,46,734,-688
101000265,1,267,-266
101000266,53,63,-10
101000269,0,0,0
101000290,78,1355,-1277
101000293,0,0,0
101000294,217,115,102
101000295,69,96,-27
101000301,36,348,-312
101000304,601,1625,-1024
101000305,1052,801,251
101000328,27,482,-455
101900001,2,0,2
101900002,0,0,0
101900003,0,0,0
101900004,0,0,0
101900005,0,0,0
101900006,0,0,0
101900007,0,0,0
101900008,0,0,0
101900009,0,0,0
101900010,0,0,0
101900011,0,0,0
101900012,0,0,0
101900013,0,0,0
101900017,0,0,0
101900018,10,0,10
101900019,2,0,2
101900020,14,0,14
101900021,0,0,0
101900022,30,4,26
101900023,0,0,0
101900026,0,0,0
101900027,0,0,0
102000001,759,2096,-1337
102000002,736,249,487
102000003,392,1939,-1547
102000004,413,1470,-1057
102000005,223,1375,-1152
102000006,173,1171,-998
102000007,177,1626,-1449
102000008,1001,812,189
102000009,2254,2879,-625
102000010,883,1152,-269
102000011,1642,2401,-759
102000012,1420,1337,83
102000018,355,448,-93
102000019,96,429,-333
102000026,3,102,-99
102000029,152,10,142
102000030,16,56,-40
102000031,2,33,-31
102000032,82,82,0
102000033,195,136,59
102000034,19,41,-22
102000035,83,100,-17
102000036,7,97,-90
102000037,16,13,3
102000038,18,40,-22
102000039,12,23,-11
102000040,45,54,-9
102000041,6,133,-127
102000042,19,129,-110
102000043,6,30,-24
102000044,124,286,-162
102000045,53,268,-215
102000046,190,184,6
102000047,214,222,-8
102000048,72,143,-71
102000049,328,153,175
102000050,204,362,-158
102000051,41,157,-116
102000052,397,357,40
102000053,383,358,25
102000054,119,132,-13
102000055,192,26,166
102000056,467,58,409
102000057,208,55,153
102000058,85,96,-11
102000059,97,70,27
102000060,510,578,-68
102000061,146,195,-49
102000062,715,453,262
102000063,68,345,-277
102000064,363,422,-59
102000065,5,60,-55
102000066,236,170,66
102000067,434,1525,-1091
102000068,1246,706,540
102000069,22,452,-430
102000070,519,13,506
102000071,2798,3710,-912
102000072,734,709,25
102000073,79,41,38
102000074,191,42,149
102000075,53,62,-9
102000076,82,43,39
102000077,535,148,387
102000078,532,26,506
102000079,54,12,42
102000080,90,47,43
102000081,59,179,-120
102000082,39,80,-41
102000083,130,31,99
102000084,327,60,267
102000085,417,164,253
102000086,634,184,450
102000087,85,375,-290
102000088,134,54,80
102000089,378,149,229
102000090,111,347,-236
102000091,729,277,452
102000092,139,103,36
102000093,107,235,-128
102000094,153,38,115
102000095,100,148,-48
102000096,231,151,80
102000097,115,135,-20
102000098,132,161,-29
102000099,262,199,63
102000100,52,235,-183
102000101,57,154,-97
102000102,78,303,-225
102000103,37,302,-265
102000104,69,158,-89
102000105,115,96,19
102000106,235,64,171
102000107,587,46,541
102000108,150,23,127
102000109,97,72,25
102000110,589,150,439
102000111,5,32,-27
102000112,28,25,3
102000113,0,19,-19
102000114,135,100,35
102000115,13,85,-72
102000116,14,211,-197
102000117,9,87,-78
102000118,255,824,-569
102000119,149,131,18
102000120,46,195,-149
102000121,113,159,-46
102000122,36,300,-264
102000123,80,116,-36
102000124,127,393,-266
102000125,69,62,7
102000126,99,173,-74
102000127,133,57,76
102000128,66,251,-185
102000129,150,103,47
102000130,188,386,-198
102000131,174,215,-41
102000132,51,340,-289
102000133,978,278,700
102000134,216,158,58
102000135,54,305,-251
102000136,45,84,-39
102000137,35,41,-6
102000138,41,23,18
102000139,35,66,-31
102000140,5,19,-14
102000141,3,58,-55
102000142,55,33,22
102000143,30,30,0
102000144,131,25,106
102000145,48,14,34
102000146,147,37,110
102000147,15,18,-3
102000148,3,137,-134
102000149,39,46,-7
102000150,208,7,201
102000151,32,64,-32
102000152,45,56,-11
102000153,196,125,71
102000154,62,61,1
102000155,60,69,-9
102000156,20,23,-3
102000157,1,50,-49
102000158,2,89,-87
102000159,22,30,-8
102000161,3,389,-386
102000162,6,24,-18
102000163,9,199,-190
102000164,183,333,-150
102000165,0,0,0
102000166,1,44,-43
102000167,0,0,0
102000168,6,26,-20
102000169,16,194,-178
102000170,0,0,0
102000171,0,0,0
102000172,0,59,-59
102000173,85,140,-55
102000174,4,7,-3
102000175,107,22,85
102000176,7,3,4
102000178,45,43,2
102000179,153,88,65
102000180,228,53,175
102000181,390,98,292
102000182,285,110,175
102000183,588,175,413
102000184,257,69,188
102000185,1164,113,1051
102000186,370,49,321
102000187,169,100,69
102000188,451,317,134
102000189,184,42,142
102000190,138,531,-393
102000191,210,132,78
102000192,65,276,-211
102000193,21,7,14
102000194,41,43,-2
102000195,84,32,52
102000196,62,47,15
102000197,258,7,251
102000198,49,76,-27
102000199,355,7,348
102000200,116,148,-32
102000201,257,29,228
102000202,0,8,-8
102000203,34,6,28
102000204,105,124,-19
102000205,329,113,216
102000206,72,31,41
102000207,168,146,22
102000208,12,111,-99
102000209,28,3,25
102000210,89,13,76
102000211,8,0,8
102000212,243,8,235
102000213,0,1,-1
102000214,139,1,138
102000215,1,3,-2
102000216,7,43,-36
102000217,0,0,0
102000218,70,70,0
102000219,1,21,-20
102000225,235,238,-3
102000226,0,0,0
102000227,69,4,65
102000228,0,0,0
102000229,12,5,7
102000230,45,144,-99
102000231,98,181,-83
102000232,6,51,-45
102000233,76,163,-87
102000234,9,351,-342
102000236,34,5,29
102000237,82,11,71
102000238,8,7,1
102000240,0,0,0
102000241,23,3,20
102000243,1,32,-31
102000245,0,0,0
102000246,13,35,-22
102000247,44,207,-163
102000248,169,418,-249
102000249,22,30,-8
102000250,5,65,-60
102000254,98,55,43
102000266,3,19,-16
102000271,34,4,30
102000286,62,150,-88
102000297,188,158,30
102000301,0,0,0
102000303,0,0,0
102000307,0,0,0
102900001,92,9,83
102900002,50,0,50
102900003,0,0,0
102900005,56,3,53
102900006,47,1,46
102900007,113,0,113
102900008,30,0,30
102900009,28,0,28
102900010,77,0,77
102900011,0,0,0
102900012,0,0,0
102900013,0,0,0
102900015,0,0,0
102900016,0,0,0
102900017,0,0,0
102900018,0,0,0
102900019,0,0,0
102900020,0,0,0
102900021,0,0,0
102900022,0,0,0
102900023,0,0,0
102900024,0,0,0
102900025,0,0,0
102900026,3,129,-126
102900027,0,0,0
102900028,1,60,-59
102900029,0,0,0
102900030,4,13,-9
102900031,29,9,20
102900032,0,0,0
102900033,0,0,0
102900034,78,1,77
102900035,0,0,0
102900036,129,37,92
102900037,44,21,23
102900038,48,12,36
102900039,1,0,1
102900040,0,0,0
102900041,0,0,0
102900042,0,0,0
102900043,0,0,0
102900044,0,0,0
102900045,0,0,0
102900046,0,0,0
102900047,0,0,0
102900048,0,0,0
102900049,0,0,0
102900050,0,0,0
102900051,0,0,0
102900053,0,0,0
102900054,1,0,1
102900055,0,0,0
102900056,0,0,0
102900057,0,0,0
102900058,0,0,0
102900059,0,0,0
102900060,3,4,-1
102900061,16,11,5
102900062,22,20,2
102900063,52,10,42
102900064,2,73,-71
102900065,216,61,155
102900066,14,0,14
102900068,0,0,0
102900070,0,0,0
102900072,0,0,0
102900073,0,0,0
102900075,0,0,0
102900076,0,0,0
102900077,0,0,0
102900078,0,0,0
102900079,27,0,27
102900080,30,1,29
102900081,0,0,0
102900082,0,0,0
102900083,0,0,0
102900084,0,0,0
102900085,0,0,0
102900086,0,0,0
102900087,0,0,0
102900088,0,0,0
102900089,0,0,0
102900090,0,0,0
102900091,0,0,0
102900092,0,0,0
102900094,0,0,0
102900095,7,0,7
102900096,0,0,0
102900097,0,0,0
103000001,2468,1394,1074
103000002,1278,1320,-42
103000003,1142,1224,-82
103000004,194,301,-107
103000005,1093,1115,-22
103000006,515,713,-198
103000007,248,179,69
103000008,206,43,163
103000009,427,470,-43
103000010,94,28,66
103000011,390,593,-203
103000012,526,923,-397
103000013,384,419,-35
103000014,633,1637,-1004
103000015,119,32,87
103000016,256,394,-138
103000017,125,257,-132
103000018,156,214,-58
103000019,180,159,21
103000020,404,512,-108
103000021,1908,2014,-106
103000022,149,291,-142
103000023,530,1805,-1275
103000024,32,50,-18
103000025,25,343,-318
103000026,90,39,51
103000027,54,249,-195
103000028,233,233,0
103000029,60,53,7
103000030,245,444,-199
103000031,426,985,-559
103000032,791,430,361
103000033,2453,2147,306
103000034,510,493,17
103000035,154,518,-364
103000036,86,147,-61
103000037,194,116,78
103000038,223,605,-382
103000039,145,89,56
103000040,105,303,-198
103000041,626,498,128
103000042,631,71,560
103000043,436,252,184
103000044,45,13,32
103000046,17,44,-27
103000047,83,150,-67
103000048,58,50,8
103000049,20,97,-77
103000050,126,9,117
103000051,24,62,-38
103000052,67,15,52
103000053,5,25,-20
103000054,884,111,773
103000055,1064,441,623
103000056,401,313,88
103000057,734,192,542
103000058,305,86,219
103000059,334,261,73
103000060,340,85,255
103000061,283,313,-30
103000062,191,41,150
103000063,339,386,-47
103000064,17,11,6
103000065,1,19,-18
103000066,48,0,48
103000069,103,44,59
103000070,95,48,47
103000071,211,191,20
103000072,35,110,-75
103000073,364,60,304
103000074,209,50,159
103000075,10,71,-61
103000076,64,279,-215
103000077,1,53,-52
103000078,184,298,-114
103000079,131,339,-208
103000080,455,167,288
103000081,79,447,-368
103000082,359,31,328
103000083,12,52,-40
103000084,11,0,11
103000085,0,23,-23
103000086,305,200,105
103000087,34,431,-397
103000088,209,174,35
103000089,124,303,-179
103000090,3423,2278,1145
103000091,649,666,-17
103000092,396,138,258
103000093,98,116,-18
103000094,173,95,78
103000095,7,49,-42
103000096,301,9,292
103000097,3,65,-62
103000098,352,42,310
103000099,21,46,-25
103000100,64,134,-70
103000101,592,37,555
103000102,19,85,-66
103000103,299,23,276
103000104,25,35,-10
103000105,134,8,126
103000106,8,43,-35
103000107,103,13,90
103000108,686,1050,-364
103000109,170,604,-434
103000110,365,555,-190
103000111,121,170,-49
103000112,70,188,-118
103000113,42,410,-368
103000114,525,293,232
103000115,570,410,160
103000116,637,140,497
103000117,424,131,293
103000118,50,103,-53
103000119,49,137,-88
103000120,1,1,0
103000121,29,45,-16
103000122,860,1119,-259
103000125,0,60,-60
103000126,339,1,338
103000127,0,38,-38
103000128,22,0,22
103000129,0,38,-38
103000130,43,8,35
103000131,19,97,-78
103000132,7,18,-11
103000133,0,33,-33
103000134,94,159,-65
103000135,96,74,22
103000136,123,91,32
103000137,49,283,-234
103000138,151,304,-153
103000139,0,18,-18
103000140,15,25,-10
103000141,0,34,-34
103000142,48,12,36
103000143,26,13,13
103000144,64,41,23
103000145,0,5,-5
103000150,14,21,-7
103000152,74,158,-84
103000153,82,228,-146
103000156,0,58,-58
103000157,72,0,72
103000159,108,36,72
103000162,10,2,8
103000163,1,12,-11
103000164,1,1,0
103000165,56,52,4
103000166,96,273,-177
103000167,90,45,45
103000168,66,29,37
103000169,102,261,-159
103000170,814,236,578
103000171,6,17,-11
103000172,452,116,336
103000173,19,12,7
103000174,687,151,536
103000175,89,25,64
103000176,179,263,-84
103000177,15,25,-10
103000178,27,17,10
103000179,52,2,50
103000183,130,2,128
103000185,71,4,67
103000186,143,35,108
103000187,8,0,8
103000188,2,56,-54
103000189,180,301,-121
103000191,165,194,-29
103000292,26,244,-218
103000293,13,762,-749
103000295,88,25,63
103000296,7,1,6
103000297,6,0,6
103000504,3,0,3
103000505,2,0,2
103000506,1,18,-17
103000507,88,0,88
103000508,19,59,-40
103000509,99,112,-13
103900001,0,0,0
103900002,0,0,0
103900003,69,14,55
103900004,3,0,3
103900005,0,0,0
103900006,0,0,0
103900007,0,0,0
103900008,1,0,1
103900009,55,5,50
103900010,47,1,46
103900011,0,0,0
103900012,1,7,-6
103900013,0,0,0
103900014,0,2,-2
103900015,42,1,41
103900016,0,0,0
103900017,0,0,0
103900018,0,0,0
103900019,1,51,-50
103900020,0,0,0
103900021,46,2,44
103900022,98,5,93
103900023,23,0,23
103900024,1,14,-13
103900025,0,0,0
103900026,0,0,0
103900027,22,1,21
103900028,4,15,-11
103900029,135,6,129
103900030,23,7,16
103900031,1,0,1
103900032,6,5,1
103900033,0,0,0
103900034,0,0,0
103900035,0,0,0
103900036,7,0,7
103900037,1,4,-3
103900038,5,30,-25
103900039,1,1,0
103900040,0,0,0
103900041,0,0,0
103900042,0,0,0
103900043,0,0,0
103900044,4,47,-43
103900045,22,6,16
103900047,0,0,0
103900048,0,1,-1
103900049,0,0,0
103900050,0,0,0
103900051,0,0,0
103900052,0,0,0
103900053,3,0,3
103900054,0,0,0
103900055,0,0,0
103900056,0,0,0
103900057,15,0,15
103900058,0,0,0
103900059,0,0,0
103900060,44,0,44
103900061,21,0,21
103900062,0,0,0
103900063,0,0,0
103900064,13,0,13
103900065,19,26,-7
103900066,15,2,13
103900067,33,0,33
103900068,0,0,0
103900069,2,0,2
103900070,4,13,-9
103900071,4,0,4
103900072,0,0,0
103900073,0,18,-18
103900074,7,2,5
103900075,27,0,27
103900076,0,0,0
103900077,0,17,-17
103900078,12,3,9
103900079,0,0,0
103900080,0,0,0
103900081,0,0,0
103900082,0,0,0
103900083,29,158,-129
103900084,0,0,0
103900085,0,0,0
103900086,35,7,28
103900088,9,15,-6
103900089,0,13,-13
103900090,0,0,0
103900091,0,0,0
103900092,0,0,0
103900093,43,2,41
103900094,0,0,0
103900095,0,0,0
103900096,14,1,13
103900097,0,0,0
103900098,0,0,0
103900099,9,0,9
103900100,0,0,0
103900101,0,0,0
103900102,0,0,0
103900104,0,1,-1
103900105,0,0,0
103900106,0,0,0
103900107,57,2,55
103900108,8,2,6
103900109,30,2,28
103900110,0,0,0
103900111,0,0,0
103900112,0,0,0
103900113,0,0,0
103900114,0,0,0
103900115,0,0,0
103900116,2,11,-9
103900117,8,0,8
103900119,0,52,-52
103900120,2,0,2
103900122,0,0,0
103900123,0,0,0
103900124,0,0,0
103900125,0,0,0
103900126,45,0,45
103900127,0,5,-5
103900128,0,0,0
103900131,0,0,0
103900133,39,0,39
103900134,0,0,0
103900135,0,0,0
103900137,0,0,0
103900138,0,0,0
103900139,16,81,-65
103900140,0,0,0
103900141,31,1,30
103900142,56,1,55
103900143,1,0,1
103900144,0,0,0
103900145,3,10,-7
103900146,107,4,103
103900147,0,0,0
103900148,0,0,0
103900149,39,0,39
103900150,129,72,57
103900151,0,0,0
103900152,185,2,183
103900153,0,0,0
103900154,0,8,-8
103900155,4,0,4
103900156,0,0,0
103900157,2,1,1
103900158,6,0,6
103900159,0,0,0
103900160,0,0,0
103900161,1,5,-4
103900162,0,0,0
103900163,0,0,0
103900167,0,8,-8
103900168,2,3,-1
103900169,0,23,-23
103900170,0,0,0
103900171,0,0,0
103900172,0,0,0
103900173,0,1,-1
103900174,41,1,40
103900175,0,25,-25
103900176,0,0,0
103900177,0,0,0
103900178,0,0,0
103900179,0,0,0
103900180,0,0,0
103900181,0,0,0
103900182,0,0,0
103900184,0,0,0
103900185,0,0,0
103900187,0,3,-3
103900188,4,0,4
103900189,6,0,6
103900190,6,0,6
103900191,0,0,0
103900192,0,0,0
103900193,0,0,0
103900194,0,0,0
103900195,0,0,0
103900196,0,0,0
103900197,0,0,0
103900198,0,0,0
103900199,0,0,0
103900200,0,0,0
103900201,0,0,0
103900202,0,0,0
103900203,20,0,20
103900204,0,0,0
103900207,0,0,0
103900208,7,0,7
103900209,0,0,0
103900210,0,0,0
103900211,85,5,80
103900212,0,0,0
103900213,0,0,0
103900214,134,216,-82
103900215,0,0,0
103900216,0,0,0
103900217,24,0,24
103900218,0,0,0
103900219,0,0,0
103900233,0,0,0
103900235,0,0,0
103900236,0,0,0
103900242,0,0,0
103900243,0,0,0
103900244,1,2,-1
103900245,0,0,0
103900246,0,1,-1
103900247,0,0,0
103900248,0,0,0
103900249,0,0,0
103900250,0,0,0
103900251,0,0,0
103900253,0,0,0
103900254,0,0,0
103900255,0,0,0
103900256,0,0,0
103900257,0,0,0
103900258,0,0,0
103900259,0,0,0
103900261,0,0,0
103900262,0,0,0
103900263,0,0,0
103900264,0,0,0
103900265,0,0,0
103900266,0,3,-3
103900267,0,0,0
103900268,0,1,-1
103900269,3,0,3
103900270,1,1,0
103900271,0,0,0
103900272,0,0,0
103900273,0,0,0
103900274,0,0,0
103900275,0,0,0
103900276,0,0,0
103900277,0,0,0
103900278,0,0,0
103900279,0,0,0
103900280,0,0,0
104000001,1064,709,355
104000002,1099,1479,-380
104000003,1095,1085,10
104000004,1269,1295,-26
104000005,988,1298,-310
104000006,1439,963,476
104000007,2691,1424,1267
104000008,48,34,14
104000009,554,259,295
104000010,42,278,-236
104000011,44,15,29
104000012,13,41,-28
104000013,168,210,-42
104000014,59,28,31
104000015,231,52,179
104000016,28,42,-14
104000018,471,68,403
104000019,701,163,538
104000020,41,132,-91
104000021,135,209,-74
104000022,80,176,-96
104000023,604,100,504
104000024,26,22,4
104000026,45,5,40
104000027,7,20,-13
104000028,469,195,274
104000029,25,9,16
104000030,552,470,82
104000031,595,52,543
104000032,27,26,1
104000033,477,65,412
104000034,78,26,52
104000035,874,77,797
104000036,534,191,343
104000037,35,36,-1
104000038,381,205,176
104000039,284,177,107
104000040,98,246,-148
104000041,293,119,174
104000042,203,139,64
104000043,21,82,-61
104000044,93,87,6
104000045,311,100,211
104000046,338,164,174
104000047,102,383,-281
104000048,477,731,-254
104000049,251,94,157
104000050,80,227,-147
104000051,2,23,-21
104000052,615,634,-19
104000053,489,84,405
104000054,223,35,188
104000055,1118,251,867
104000056,263,9,254
104000057,0,0,0
104000058,570,413,157
104000059,301,473,-172
104000060,315,316,-1
104000061,309,125,184
104000062,96,21,75
104000064,163,41,122
104000065,8,69,-61
104000069,321,722,-401
104000070,17,162,-145
104000071,0,0,0
104000072,98,44,54
104000075,0,0,0
104000076,0,0,0
104000082,458,832,-374
104000083,285,46,239
104000084,28,134,-106
104000085,249,50,199
104000086,143,79,64
104000087,79,155,-76
104000090,55,67,-12
104000092,156,140,16
104000094,145,118,27
104000095,329,513,-184
104000096,948,2,946
104000097,999,92,907
104000098,1255,137,1118
104000100,1160,113,1047
104000101,510,503,7
104000106,21,108,-87
104000107,542,136,406
104000108,103,23,80
104000109,84,43,41
104000110,135,236,-101
104000111,337,389,-52
104000112,47,30,17
104000116,0,68,-68
104000117,154,61,93
104000118,300,49,251
104000119,81,100,-19
104000120,83,72,11
104000121,51,160,-109
104000122,450,338,112
104000123,208,358,-150
104000124,220,659,-439
104000125,193,545,-352
104000126,246,386,-140
104000127,346,640,-294
104000128,481,111,370
104000129,88,0,88
104000130,7,46,-39
104000131,7,10,-3
104000132,0,0,0
104000133,346,205,141
104000134,330,735,-405
104000135,70,1008,-938
104000136,412,1780,-1368
104000137,686,256,430
104000138,75,16,59
104000139,1064,1515,-451
104000141,338,335,3
104000142,236,95,141
104000143,148,47,101
104000144,61,79,-18
104000145,165,107,58
104000146,33,96,-63
104000147,24,58,-34
104000148,137,82,55
104000149,25,16,9
104000150,465,143,322
104000151,87,68,19
104000152,126,179,-53
104000153,386,282,104
104000154,194,311,-117
104000155,305,406,-101
104000157,538,409,129
104000158,27,177,-150
104000159,239,116,123
104000160,889,1284,-395
104000161,47,34,13
104000162,41,47,-6
104000165,305,218,87
104000167,267,663,-396
104000168,315,0,315
104000169,105,10,95
104000170,0,3,-3
104000248,4,63,-59
104000251,0,0,0
104000272,0,0,0
104000273,0,0,0
104000274,0,0,0
104000275,0,0,0
104000279,174,503,-329
104000290,4,33,-29
104000291,416,346,70
104000293,532,400,132
104000294,0,0,0
104000295,301,891,-590
104000296,167,222,-55
104000297,180,1268,-1088
104000298,529,311,218
104000299,537,621,-84
104900001,0,0,0
104900002,0,0,0
104900003,0,0,0
104900004,0,0,0
104900005,0,0,0
104900006,0,0,0
104900007,0,0,0
104900009,0,0,0
104900010,0,0,0
104900011,0,0,0
104900012,0,0,0
104900013,0,0,0
104900014,0,0,0
104900015,0,0,0
104900016,0,0,0
104900017,4,0,4
104900018,0,0,0
104900019,0,0,0
104900020,0,0,0
104900021,0,0,0
104900022,3,0,3
104900023,0,0,0
104900024,0,0,0
104900025,0,0,0
104900026,0,0,0
104900027,0,0,0
104900028,0,0,0
104900029,0,0,0
104900030,0,0,0
104900031,0,1,-1
104900032,0,0,0
104900033,0,0,0
104900034,0,0,0
104900035,0,0,0
104900036,0,0,0
104900037,0,0,0
104900038,0,0,0
104900039,0,0,0
104900040,1,0,1
104900041,0,0,0
104900042,0,0,0
104900043,0,0,0
104900044,57,2,55
104900045,0,0,0
104900046,0,0,0
104900047,52,4,48
104900048,48,3,45
104900049,0,0,0
104900050,0,0,0
104900051,5,3,2
104900052,0,0,0
104900053,55,0,55
104900054,13,0,13
104900055,0,0,0
104900056,32,1,31
104900057,0,0,0
104900058,36,0,36
104900059,35,0,35
104900060,0,0,0
104900061,0,0,0
104900063,0,0,0
104900064,0,0,0
104900065,2,0,2
104900066,0,0,0
104900067,0,0,0
104900068,0,0,0
104900070,0,0,0
104900071,0,0,0
104900072,0,0,0
104900073,0,0,0
104900074,0,0,0
104900075,0,0,0
104900076,0,0,0
104900077,0,0,0
104900078,0,0,0
104900079,0,0,0
104900080,0,0,0
104900082,0,0,0
104900085,0,0,0
104900087,57,0,57
104900089,0,0,0
104900090,0,0,0
104900091,0,0,0
104900093,0,0,0
104900097,0,0,0
104900098,0,0,0
104900099,0,0,0
104900100,0,0,0
104900102,0,0,0
104900103,0,0,0
104900104,0,0,0
104900106,0,0,0
104900107,0,0,0
104900108,0,0,0
104900109,0,0,0
104900110,0,0,0
104900111,0,0,0
104900112,0,0,0
104900113,0,0,0
104900114,0,0,0
104900115,0,0,0
104900116,0,0,0
104900118,0,0,0
104900119,0,0,0
104900120,0,0,0
104900121,0,0,0
104900122,0,0,0
104900123,0,0,0
104900124,0,0,0
104900125,45,0,45
104900126,0,0,0
104900127,0,0,0
104900128,29,0,29
104900129,0,0,0
105000001,859,525,334
105000002,684,662,22
105000003,829,1228,-399
105000004,378,704,-326
105000005,305,599,-294
105000006,509,1226,-717
105000007,302,897,-595
105000008,397,1622,-1225
105000009,1832,1391,441
105000010,851,498,353
105000011,1284,1722,-438
105000012,583,644,-61
105000013,474,556,-82
105000014,2000,1289,711
105000015,3814,5873,-2059
105000016,924,932,-8
105000017,1249,690,559
105000018,1112,555,557
105000019,1043,920,123
105000020,19,165,-146
105000021,102,18,84
105000022,27,28,-1
105000023,199,159,40
105000028,18,144,-126
105000029,70,262,-192
105000030,1455,1110,345
105000031,0,3,-3
105000033,477,465,12
105000034,45,320,-275
105000037,165,8,157
105000038,446,592,-146
105000039,197,311,-114
105000040,279,543,-264
105000041,55,149,-94
105000042,842,641,201
105000043,181,173,8
105000044,214,175,39
105000045,79,79,0
105000046,292,54,238
105000047,129,138,-9
105000048,579,278,301
105000049,182,74,108
105000050,493,174,319
105000051,93,73,20
105000052,193,197,-4
105000053,166,10,156
105000054,200,253,-53
105000055,282,49,233
105000056,634,396,238
105000057,1148,107,1041
105000058,450,276,174
105000059,640,160,480
105000060,216,79,137
105000061,507,136,371
105000062,215,72,143
105000063,53,63,-10
105000064,742,131,611
105000065,35,41,-6
105000066,225,138,87
105000067,889,335,554
105000068,30,154,-124
105000069,500,473,27
105000070,332,557,-225
105000071,239,898,-659
105000072,778,1439,-661
105000073,420,345,75
105000074,36,153,-117
105000075,197,199,-2
105000076,405,270,135
105000077,845,255,590
105000078,378,621,-243
105000079,118,280,-162
105000080,1199,997,202
105000081,181,103,78
105000082,394,752,-358
105000083,1513,1213,300
105000084,169,160,9
105000085,1938,1159,779
105000086,212,134,78
105000087,178,203,-25
105000088,1061,1146,-85
105000089,494,452,42
105000090,226,148,78
105000091,189,102,87
105000092,172,94,78
105000093,153,105,48
105000094,227,49,178
105000095,14,167,-153
105000096,427,576,-149
105000097,147,73,74
105000098,551,437,114
105000099,108,69,39
105000100,357,253,104
105000101,1066,412,654
105000102,608,268,340
105000103,573,343,230
105000104,595,153,442
105000105,518,356,162
105000106,640,266,374
105000107,584,145,439
105000108,497,172,325
105000109,705,230,475
105000110,389,96,293
105000111,320,132,188
105000112,543,165,378
105000113,217,351,-134
105000114,968,869,99
105000115,131,844,-713
105000116,462,241,221
105000117,216,88,128
105000118,202,114,88
105000119,101,98,3
105000120,755,244,511
105000121,201,120,81
105000122,206,166,40
105000123,265,165,100
105000124,908,153,755
105000125,596,319,277
105000126,788,270,518
105000127,1076,292,784
105000128,121,253,-132
105000129,322,97,225
105000130,53,2158,-2105
105000131,50,28,22
105000132,487,631,-144
105000133,88,100,-12
105000134,500,205,295
105000135,38,21,17
105000136,0,0,0
105000137,299,35,264
105000138,0,0,0
105000139,152,107,45
105000140,494,69,425
105000141,95,72,23
105000142,285,93,192
105000143,99,145,-46
105000144,59,120,-61
105000145,335,199,136
105000146,0,0,0
105000147,496,72,424
105000148,437,132,305
105000149,1013,580,433
105000150,36,31,5
105000151,287,36,251
105000152,87,87,0
105000153,339,35,304
105000154,162,42,120
105000155,122,64,58
105000156,50,85,-35
105000157,314,109,205
105000158,632,157,475
105000159,92,93,-1
105000160,900,210,690
105000161,170,126,44
105000162,233,735,-502
105000163,279,134,145
105000164,13,72,-59
105000165,84,2119,-2035
105000166,119,306,-187
105000167,276,839,-563
105000168,67,153,-86
105000169,189,38,151
105000170,63,471,-408
105000171,421,43,378
105000172,54,1,53
105000173,143,14,129
105000174,12,9,3
105000175,0,0,0
105000176,145,18,127
105000177,188,20,168
105000178,100,38,62
105000179,164,3,161
105000180,0,0,0
105000181,58,31,27
105000182,0,0,0
105000183,627,1495,-868
105000184,11,12,-1
105000185,180,382,-202
105000186,10,38,-28
105000187,180,176,4
105000188,24,64,-40
105000189,1,71,-70
105000190,48,79,-31
105000191,45,48,-3
105000192,157,21,136
105000193,32,26,6
105000194,273,9,264
105000195,19,89,-70
105000196,65,134,-69
105000197,11,123,-112
105000198,10,14,-4
105000199,22,198,-176
105000200,128,152,-24
105000201,32,1,31
105000203,51,173,-122
105000204,17,70,-53
105000205,45,208,-163
105000207,0,0,0
105000208,66,128,-62
105000209,0,0,0
105000211,70,1,69
105000212,325,115,210
105000213,39,18,21
105000214,67,21,46
105000215,113,53,60
105000216,29,1,28
105000217,0,0,0
105000218,853,186,667
105000221,109,33,76
105000222,112,34,78
105000223,60,30,30
105000226,31,30,1
105000227,17,34,-17
105000228,25,424,-399
105000229,141,325,-184
105000231,162,53,109
105000233,324,328,-4
105000234,229,314,-85
105000235,196,255,-59
105000237,254,30,224
105000243,47,7,40
105000248,8,18,-10
105000262,157,7,150
105000269,23,29,-6
105000270,310,2,308
105000271,0,27,-27
105000282,13,7,6
105000287,48,21,27
105000288,201,104,97
105000289,649,909,-260
105000290,5,64,-59
105000402,245,929,-684
105000426,37,220,-183
105000438,603,601,2
105000440,3,0,3
105000446,1704,2781,-1077
105000447,1531,355,1176
105000454,0,0,0
105000455,89,56,33
105000474,52,4,48
105000477,195,131,64
105000478,838,2359,-1521
105000479,65,28,37
105000480,2087,3148,-1061
105000481,1396,919,477
105000482,715,1631,-916
105000483,375,880,-505
105000484,530,1098,-568
105000485,997,1388,-391
105000486,650,1275,-625
105000488,761,1378,-617
105000489,521,175,346
105000549,26,26,0
105000550,0,0,0
105000551,14,11,3
105000552,466,279,187
105000555,739,693,46
105000556,2,12,-10
105000557,8,34,-26
105900001,0,85,-85
105900002,126,39,87
105900003,0,0,0
105900004,0,0,0
105900005,0,0,0
105900006,0,0,0
105900007,0,0,0
105900008,0,0,0
105900009,5,5,0
105900011,1,7,-6
105900012,6,9,-3
105900013,0,2,-2
105900014,6,1,5
105900015,0,0,0
105900016,14,1,13
105900017,0,0,0
105900018,0,0,0
105900019,1,7,-6
105900020,0,0,0
105900021,0,40,-40
105900022,0,0,0
105900023,1,6,-5
105900024,0,3,-3
105900025,15,0,15
105900026,0,0,0
105900027,581,83,498
105900028,5,0,5
105900029,315,65,250
105900030,40,42,-2
105900031,0,0,0
105900032,0,0,0
105900033,0,0,0
105900034,0,0,0
105900035,0,0,0
105900036,0,0,0
105900037,0,0,0
105900038,0,0,0
105900039,0,0,0
105900040,0,0,0
105900041,0,0,0
105900042,0,0,0
105900043,37,0,37
105900044,0,0,0
105900045,0,0,0
105900046,0,0,0
105900047,0,0,0
105900048,66,16,50
105900050,25,78,-53
105900051,0,55,-55
105900052,8,0,8
105900053,0,0,0
105900054,0,0,0
105900056,25,9,16
105900057,1,0,1
105900058,0,0,0
105900059,0,0,0
106000001,979,745,234
106000002,55,584,-529
106000003,1254,1793,-539
106000004,346,1532,-1186
106000005,2098,2447,-349
106000006,1207,1019,188
106000007,383,93,290
106000008,22,67,-45
106000009,370,195,175
106000010,30,103,-73
106000011,881,377,504
106000012,119,192,-73
106000013,1336,801,535
106000014,260,265,-5
106000015,1532,642,890
106000016,234,240,-6
106000017,774,168,606
106000018,32,89,-57
106000019,266,145,121
106000020,51,46,5
106000021,446,213,233
106000022,80,137,-57
106000023,830,140,690
106000024,45,81,-36
106000025,325,276,49
106000026,5,32,-27
106000027,1614,646,968
106000028,4,21,-17
106000029,28,16,12
106000030,0,0,0
106000034,0,0,0
106000035,440,593,-153
106000036,0,2,-2
106000037,176,65,111
106000038,16,17,-1
106000039,7,24,-17
106000040,2,77,-75
106000041,363,107,256
106000043,160,32,128
106000046,99,3,96
106000047,0,0,0
106000049,553,9,544
106000050,68,62,6
106000051,456,211,245
106000052,0,0,0
106000053,318,35,283
106000054,0,0,0
106000055,384,9,375
106000056,0,0,0
106000057,173,35,138
106000058,0,0,0
106000059,287,112,175
106000060,0,0,0
106000061,126,398,-272
106000062,0,0,0
106000063,554,492,62
106000064,0,0,0
106000065,395,92,303
106000066,59,28,31
106000067,282,61,221
106000068,28,16,12
106000069,175,11,164
106000070,109,23,86
106000071,453,107,346
106000072,445,730,-285
106000073,524,1407,-883
106000074,373,500,-127
106000075,100,298,-198
106000076,540,265,275
106000077,735,302,433
106000078,620,128,492
106000079,650,86,564
106000080,824,106,718
106000081,417,152,265
106000082,799,76,723
106000083,209,305,-96
106000084,656,122,534
106000085,411,300,111
106000086,283,142,141
106000087,357,111,246
106000088,161,155,6
106000089,626,46,580
106000090,337,286,51
106000091,76,91,-15
106000092,221,118,103
106000093,380,37,343
106000094,0,0,0
106000095,531,109,422
106000096,770,62,708
106000097,473,66,407
106000098,597,71,526
106000099,54,118,-64
106000100,910,66,844
106000101,533,55,478
106000102,46,72,-26
106000103,47,162,-115
106000104,472,77,395
106000105,79,159,-80
106000106,441,68,373
106000107,45,123,-78
106000108,285,54,231
106000109,27,61,-34
106000110,236,52,184
106000111,50,60,-10
106000112,154,148,6
106000113,61,251,-190
106000114,297,132,165
106000115,119,185,-66
106000116,243,141,102
106000117,21,71,-50
106000118,728,388,340
106000119,36,151,-115
106000120,322,547,-225
106000121,80,46,34
106000122,155,60,95
106000123,257,23,234
106000124,137,34,103
106000125,58,87,-29
106000126,300,27,273
106000127,239,135,104
106000128,291,59,232
106000129,208,168,40
106000130,700,100,600
106000131,34,282,-248
106000132,363,39,324
106000133,216,516,-300
106000134,225,1243,-1018
106000135,0,116,-116
106000136,408,537,-129
106000137,0,151,-151
106000138,949,30,919
106000139,70,38,32
106000140,0,0,0
106000141,0,0,0
106000142,106,4,102
106000143,0,0,0
106000144,62,14,48
106000145,0,0,0
106000146,320,100,220
106000147,206,126,80
106000148,126,259,-133
106000149,556,78,478
106000150,318,740,-422
106000151,783,146,637
106000152,480,843,-363
106000153,26,280,-254
106000154,276,57,219
106000155,35,88,-53
106000156,515,50,465
106000157,92,460,-368
106000158,436,425,11
106000159,251,615,-364
106000160,215,1040,-825
106000161,158,46,112
106000162,149,425,-276
106000163,58,71,-13
106000164,245,42,203
106000165,69,86,-17
106000166,444,35,409
106000167,158,196,-38
106000168,332,49,283
106000169,97,133,-36
106000170,331,22,309
106000171,109,335,-226
106000172,824,72,752
106000173,441,551,-110
106000174,707,10,697
106000175,99,8,91
106000176,817,154,663
106000177,139,117,22
106000178,1020,215,805
106000179,99,30,69
106000180,242,224,18
106000181,341,296,45
106000182,990,69,921
106000183,937,48,889
106000184,492,80,412
106000185,311,166,145
106000186,117,4,113
106000187,7,247,-240
106000188,0,0,0
106000189,1,27,-26
106000190,1,5,-4
106000191,166,4,162
106000192,0,0,0
106000193,27,52,-25
106000194,5,22,-17
106000195,8,30,-22
106000196,27,49,-22
106000197,149,12,137
106000198,29,21,8
106000199,121,175,-54
106000200,48,117,-69
106000201,56,1109,-1053
106000202,143,98,45
106000203,0,0,0
106000204,3,2,1
106000205,0,0,0
106000206,7,3,4
106000207,0,4,-4
106000208,727,27,700
106000209,1071,126,945
106000210,20,6,14
106000211,6,33,-27
106000212,735,92,643
106000213,7,81,-74
106000214,558,80,478
106000215,66,152,-86
106000216,442,49,393
106000217,23,130,-107
106000218,250,44,206
106000219,32,142,-110
106000220,348,41,307
106000221,33,58,-25
106000222,34,17,17
106000223,185,37,148
106000224,27,52,-25
106000225,26,75,-49
106000226,30,100,-70
106000228,0,0,0
106000229,0,0,0
106000231,351,13,338
106000232,0,0,0
106000233,153,6,147
106000234,0,0,0
106000235,42,20,22
106000236,0,0,0
106000237,0,0,0
106000238,1,26,-25
106000239,0,0,0
106000240,8,2,6
106000241,0,79,-79
106000242,58,6,52
106000249,97,17,80
106000250,32,152,-120
106000251,22,0,22
106000252,0,0,0
106000253,28,2,26
106000254,0,0,0
106000255,32,1,31
106000256,0,0,0
106000257,3,43,-40
106000258,2,1,1
106000259,0,0,0
106000260,10,0,10
106000261,0,0,0
106000262,5,0,5
106000263,0,0,0
106000264,49,0,49
106000265,0,0,0
106000266,70,0,70
106000267,0,0,0
106000268,157,3,154
106000269,0,0,0
106000270,16,12,4
106000271,0,23,-23
106000272,0,0,0
106000273,1,21,-20
106000274,0,0,0
106000275,6,18,-12
106000276,0,0,0
106000277,4,16,-12
106000278,0,0,0
106000279,0,0,0
106000280,0,0,0
106000281,0,0,0
106000282,0,0,0
106000283,0,0,0
106000284,0,0,0
106000285,0,0,0
106000286,0,0,0
106000287,0,0,0
106000288,0,0,0
106000289,0,0,0
106000290,0,0,0
106000291,0,0,0
106000292,0,0,0
106000293,0,0,0
106000294,0,0,0
106000295,0,0,0
106000296,0,0,0
106000297,0,0,0
106000298,0,0,0
106000299,0,0,0
106000300,0,0,0
106000301,0,0,0
106000303,2,1,1
106000304,0,0,0
106000305,5,0,5
106000306,0,0,0
106000307,36,1,35
106000308,0,0,0
106000309,0,0,0
106000310,82,48,34
106000311,76,16,60
106000312,36,42,-6
106000313,27,3,24
106000318,0,0,0
106000319,371,52,319
106000320,0,36,-36
106000321,21,173,-152
106000322,150,41,109
106000324,7,26,-19
106000325,1349,394,955
106000326,86,307,-221
106000327,162,8,154
106000328,1,5,-4
106000329,4,9,-5
106000330,3,20,-17
106000428,58,130,-72
106000429,38,204,-166
106000430,25,309,-284
106000431,923,162,761
106000432,50,441,-391
106000433,1173,630,543
106000434,1962,713,1249
106000435,95,415,-320
106000436,1,37,-36
106000437,122,26,96
106000438,35,199,-164
106000439,1,50,-49
106000440,62,141,-79
106000441,0,0,0
106000442,17,0,17
106000443,252,241,11
106000450,0,0,0
106000451,34,20,14
106000454,0,0,0
106000455,0,2,-2
106000456,22,0,22
106000457,0,0,0
106000458,608,140,468
106000459,0,0,0
106000460,470,6,464
106000461,0,0,0
106000462,0,0,0
106000463,0,12,-12
106000464,0,0,0
106000465,328,0,328
106000466,0,0,0
106000467,0,48,-48
106000468,61,55,6
106000469,184,0,184
106000470,5,33,-28
106000471,0,0,0
106000472,42,3,39
106000473,0,0,0
106000474,55,110,-55
106000475,192,93,99
106000476,112,267,-155
106000477,0,0,0
106000480,0,0,0
106900001,0,0,0
106900002,0,0,0
106900003,0,0,0
106900004,0,0,0
106900006,0,0,0
106900007,0,0,0
106900008,0,0,0
106900009,0,0,0
106900010,0,0,0
106900012,0,0,0
106900013,0,0,0
106900014,0,0,0
106900015,3,0,3
106900016,0,0,0
106900017,0,0,0
106900018,0,0,0
106900019,27,0,27
106900020,0,0,0
106900021,9,0,9
106900022,2,0,2
106900023,0,0,0
106900024,0,0,0
106900025,0,0,0
106900026,0,0,0
106900027,197,1,196
107000001,1611,2858,-1247
107000002,510,671,-161
107000003,4066,4187,-121
107000004,1082,724,358
107000005,3628,2889,739
107000006,1288,624,664
107000007,2545,3064,-519
107000008,1266,837,429
107000009,6258,6150,108
107000010,1895,910,985
107000011,72,125,-53
107000012,560,160,400
107000013,0,0,0
107000014,0,0,0
107000015,0,0,0
107000016,0,0,0
107000017,191,147,44
107000018,0,70,-70
107000020,193,341,-148
107000021,157,91,66
107000022,310,397,-87
107000023,612,102,510
107000024,209,537,-328
107000025,108,85,23
107000026,109,118,-9
107000027,597,203,394
107000028,443,259,184
107000029,1566,917,649
107000030,704,597,107
107000031,1692,753,939
107000032,57,348,-291
107000033,868,1182,-314
107000034,309,204,105
107000035,99,108,-9
107000036,119,378,-259
107000037,58,431,-373
107000038,99,43,56
107000039,286,490,-204
107000040,111,33,78
107000041,511,273,238
107000042,116,786,-670
107000043,347,215,132
107000044,71,157,-86
107000045,47,105,-58
107000046,370,176,194
107000047,177,262,-85
107000048,217,206,11
107000049,150,330,-180
107000050,389,260,129
107000051,270,307,-37
107000052,251,404,-153
107000053,281,199,82
107000054,25,210,-185
107000055,133,80,53
107000056,390,687,-297
107000057,657,282,375
107000058,1802,1644,158
107000059,120,354,-234
107000060,3333,3096,237
107000061,743,725,18
107000062,3044,1480,1564
107000063,577,616,-39
107000064,2564,1887,677
107000065,603,808,-205
107000066,1451,1606,-155
107000067,438,430,8
107000068,281,494,-213
107000069,478,615,-137
107000070,333,18,315
107000071,1278,21,1257
107000072,1,117,-116
107000073,364,96,268
107000074,64,49,15
107000075,1475,52,1423
107000076,24,111,-87
107000077,1547,96,1451
107000078,36,157,-121
107000079,1420,234,1186
107000080,80,144,-64
107000081,1456,289,1167
107000082,326,248,78
107000083,674,326,348
107000084,155,289,-134
107000085,1264,1071,193
107000086,674,762,-88
107000087,892,983,-91
107000088,468,593,-125
107000089,780,590,190
107000090,163,242,-79
107000091,830,246,584
107000092,147,255,-108
107000093,466,675,-209
107000094,176,185,-9
107000095,718,380,338
107000096,89,127,-38
107000097,500,176,324
107000098,111,196,-85
107000099,288,304,-16
107000100,30,163,-133
107000101,82,252,-170
107000102,179,220,-41
107000103,310,110,200
107000104,73,129,-56
107000105,424,89,335
107000106,66,67,-1
107000107,396,133,263
107000108,79,92,-13
107000109,348,18,330
107000110,0,0,0
107000111,261,20,241
107000112,0,0,0
107000113,585,42,543
107000114,0,0,0
107000115,561,71,490
107000116,0,0,0
107000117,87,399,-312
107000118,0,0,0
107000119,287,783,-496
107000120,0,0,0
107000121,548,194,354
107000122,233,109,124
107000123,291,215,76
107000124,171,88,83
107000125,615,119,496
107000126,228,145,83
107000129,44,58,-14
107000130,395,111,284
107000131,105,92,13
107000132,152,95,57
107000133,97,10,87
107000134,125,0,125
107000135,0,74,-74
107000136,304,0,304
107000137,0,85,-85
107000138,10,0,10
107000139,5,110,-105
107000140,408,3,405
107000141,9,140,-131
107000142,69,7,62
107000143,0,105,-105
107000144,138,146,-8
107000145,12,81,-69
107000146,10,49,-39
107000147,369,222,147
107000150,286,939,-653
107000151,8,5,3
107000152,150,694,-544
107000153,6,41,-35
107000154,1,37,-36
107000155,394,11,383
107000156,469,6,463
107000157,4,179,-175
107000158,293,0,293
107000159,22,98,-76
107000160,752,32,720
107000161,14,119,-105
107000162,86,164,-78
107000163,56,0,56
107000164,381,1,380
107000165,613,28,585
107000166,0,74,-74
107000167,234,58,176
107000168,525,58,467
107000169,74,153,-79
107000170,1159,237,922
107000171,52,179,-127
107000172,487,533,-46
107000173,157,62,95
107000174,401,1467,-1066
107000175,582,179,403
107000176,1,0,1
107000177,0,0,0
107000178,11,2,9
107000179,89,215,-126
107000180,1156,99,1057
107000181,102,67,35
107000182,1204,66,1138
107000183,106,31,75
107000184,700,72,628
107000185,116,101,15
107000186,426,77,349
107000187,384,327,57
107000188,86,69,17
107000189,280,156,124
107000190,167,77,90
107000191,418,386,32
107000192,323,51,272
107000193,139,173,-34
107000194,131,101,30
107000197,444,36,408
107000198,122,51,71
107000199,155,105,50
107000200,130,225,-95
107000201,88,76,12
107000202,48,202,-154
107000203,107,335,-228
107000204,154,1356,-1202
107000205,239,80,159
107000206,75,790,-715
107000207,118,237,-119
107000208,101,121,-20
107000209,132,280,-148
107000210,32,111,-79
107000211,1,11,-10
107000212,9,35,-26
107000213,0,2,-2
107000214,1,22,-21
107000215,159,42,117
107000216,62,153,-91
107000217,21,11,10
107000219,6,71,-65
107000220,15,14,1
107000222,4,32,-28
107000224,152,6,146
107000225,28,75,-47
107000226,194,9,185
107000227,16,35,-19
107000228,4,45,-41
107000229,52,29,23
107000230,82,102,-20
107000231,224,438,-214
107000232,19,7,12
107000233,15,289,-274
107000234,1,73,-72
107000235,119,3,116
107000236,0,0,0
107000237,30,0,30
107000238,30,2,28
107000239,394,158,236
107000240,0,60,-60
107000243,0,86,-86
107000244,16,0,16
107000246,0,62,-62
107000249,0,56,-56
107000251,0,19,-19
107000252,0,86,-86
107000255,36,0,36
107000257,0,138,-138
107000258,0,25,-25
107000259,0,25,-25
107000260,886,0,886
107000262,0,34,-34
107000263,315,2,313
107000266,1,3,-2
107000267,4,6,-2
107000268,21,7,14
107000269,3,0,3
107000270,71,40,31
107000271,2,0,2
107000272,53,1,52
107000273,1,45,-44
107000274,113,74,39
107000275,1,82,-81
107000280,486,13,473
107000281,10,70,-60
107000282,2,187,-185
107000290,0,1,-1
107000291,0,4,-4
107000292,0,4,-4
107000293,6,0,6
107000294,0,22,-22
107000295,41,1,40
107000296,0,5,-5
107000444,137,4,133
107000496,0,0,0
107000497,168,196,-28
107000500,118,63,55
107000501,8,79,-71
107000502,114,57,57
107000505,44,321,-277
107000506,0,0,0
107000508,1,42,-41
107000509,50,260,-210
107000510,3,6,-3
107000514,52,97,-45
107000515,3,18,-15
107000516,376,47,329
107000518,588,476,112
107000519,105,33,72
107000520,38,10,28
107000521,141,47,94
107000522,424,119,305
107900001,4,0,4
107900002,5,14,-9
107900003,21,0,21
107900004,0,0,0
107900005,772,1,771
107900006,36,3,33
107900007,131,2,129
107900008,23,0,23
107900009,1,0,1
107900010,0,0,0
107900012,80,0,80
107900013,36,1,35
107900014,2,0,2
107900015,325,4,321
107900016,50,12,38
107900017,3,0,3
107900018,4,63,-59
107900019,31,2,29
107900020,0,0,0
107900021,6,1,5
107900023,0,1,-1
107900024,0,0,0
107900025,40,18,22
107900026,4,0,4
107900027,0,0,0
107900028,14,1,13
107900030,77,6,71
107900031,5,0,5
107900032,8,0,8
107900033,0,1,-1
107900034,38,0,38
107900035,293,4,289
107900036,10,3,7
107900037,0,0,0
107900038,6,34,-28
107900039,6,2,4
107900040,0,0,0
107900041,0,0,0
107900043,26,0,26
107900044,4,3,1
107900045,33,26,7
107900046,56,40,16
107900047,0,0,0
107900048,34,1,33
107900049,3,63,-60
107900050,1,1,0
107900051,6,1,5
107900052,0,0,0
107900053,0,3,-3
107900055,62,10,52
107900056,11,22,-11
107900057,0,0,0
107900058,4,26,-22
107900060,0,0,0
107900061,0,0,0
107900063,27,34,-7
107900064,64,37,27
107900065,104,0,104
107900066,1,1,0
107900067,0,0,0
107900068,19,151,-132
107900069,1,604,-603
107900070,22,18,4
107900071,3,49,-46
107900072,70,7,63
107900073,0,0,0
107900074,0,0,0
107900076,22,4,18
107900077,0,0,0
107900079,2,0,2
107900080,7,40,-33
107900081,0,0,0
107900082,0,0,0
107900083,70,31,39
107900084,9,5,4
107900086,4,29,-25
107900087,19,8,11
107900088,2,0,2
107900089,13,59,-46
107900090,7,113,-106
107900091,29,65,-36
107900093,0,0,0
107900095,235,250,-15
107900097,4,6,-2
107900098,6,9,-3
107900100,38,424,-386
107900101,20,2,18
107900102,4,0,4
107900103,2,14,-12
107900104,0,0,0
107900105,0,10,-10
107900106,0,75,-75
107900107,0,0,0
107900108,16,6,10
107900109,649,4,645
107900110,60,3,57
107900111,0,95,-95
107900112,1,82,-81
107900113,0,0,0
107900114,63,31,32
107900115,0,0,0
107900116,55,33,22
107900117,26,64,-38
107900118,1,11,-10
107900119,24,18,6
107900120,4,0,4
107900121,0,0,0
107900122,0,0,0
107900123,0,0,0
107900124,0,0,0
107900125,1,2,-1
107900126,0,0,0
107900127,0,0,0
107900128,3,13,-10
107900129,3,0,3
107900130,0,0,0
107900131,9,5,4
107900132,0,35,-35
107900133,0,0,0
107900134,0,16,-16
107900135,2,5,-3
107900136,0,0,0
107900137,13,24,-11
107900138,15,6,9
107900139,0,0,0
107900141,4,3,1
107900142,1,26,-25
107900143,2,0,2
107900144,0,18,-18
107900145,0,0,0
107900146,10,24,-14
107900147,2,1,1
107900148,3,1,2
107900149,51,11,40
107900150,0,19,-19
107900151,0,2,-2
107900152,0,0,0
107900153,0,71,-71
107900154,2,3,-1
107900155,1,0,1
107900156,0,0,0
107900157,4,3,1
107900158,134,7,127
107900159,0,42,-42
107900160,69,23,46
107900161,0,2,-2
107900162,0,0,0
107900163,0,0,0
107900164,0,2,-2
107900165,6,55,-49
107900166,5,8,-3
107900167,0,0,0
107900168,1,0,1
107900169,0,4,-4
107900171,0,34,-34
107900172,2,0,2
107900173,3,3,0
107900174,0,0,0
107900175,0,0,0
107900176,1,0,1
107900177,4,0,4
107900178,0,15,-15
107900179,0,0,0
107900180,10,192,-182
107900181,0,0,0
107900182,0,20,-20
107900183,2,0,2
107900184,0,0,0
107900185,0,0,0
107900186,1,3,-2
107900187,0,6,-6
107900188,251,69,182
107900189,0,0,0
107900190,3,34,-31
107900191,0,0,0
107900193,0,0,0
107900194,0,0,0
107900195,88,25,63
107900196,0,0,0
107900197,1,17,-16
107900199,0,0,0
107900201,0,0,0
107900203,0,0,0
107900204,0,0,0
107900206,8,117,-109
107900207,0,38,-38
107900208,0,27,-27
107900209,0,0,0
107900210,2,1,1
107900213,0,0,0
107900214,0,29,-29
107900215,13,41,-28
107900216,0,0,0
107900217,0,0,0
107900218,0,0,0
107900219,0,1,-1
107900220,0,0,0
107900221,1,6,-5
107900223,0,0,0
107900224,39,44,-5
107900225,0,0,0
107900226,0,0,0
107900227,6,11,-5
107900228,0,0,0
107900229,0,0,0
107900230,1,0,1
107900231,0,0,0
107900232,14,4,10
107900233,0,0,0
107900234,0,0,0
107900235,0,5,-5
107900236,0,0,0
107900237,0,0,0
107900238,0,0,0
107900239,23,53,-30
107900240,17,1,16
107900241,0,0,0
107900242,1,11,-10
107900243,0,0,0
107900244,0,0,0
107900245,190,16,174
107900246,105,10,95
107900248,98,2,96
107900249,185,30,155
107900250,0,45,-45
107900251,0,45,-45
107900252,91,8,83
107900253,52,1,51
107900254,2,9,-7
107900255,8,6,2
107900256,16,0,16
107900257,72,5,67
107900258,12,8,4
107900259,3,484,-481
107900261,0,28,-28
107900262,0,0,0
107900264,77,1,76
107900265,14,38,-24
107900267,80,0,80
107900268,0,0,0
107900269,0,0,0
107900270,0,0,0
107900271,0,0,0
107900272,9,0,9
107900273,19,0,19
107900274,44,1,43
107900275,3,0,3
107900276,0,0,0
107900277,0,0,0
107900278,76,1,75
107900279,0,0,0
107900280,404,56,348
107900281,124,950,-826
107900282,7,213,-206
107900283,185,67,118
107900284,264,74,190
107900285,16,1,15
107900286,2,1,1
107900287,90,18,72
107900290,0,1,-1
107900291,85,1,84
107900292,91,41,50
107900293,37,86,-49
107900295,0,0,0
107900297,0,0,0
107900298,108,166,-58
107900299,110,287,-177
107900301,41,142,-101
107900302,7,7,0
107900303,109,13,96
107900304,63,0,63
107900305,99,0,99
107900306,0,0,0
107900307,0,0,0
107900308,48,4,44
107900309,0,0,0
107900310,1,0,1
107900311,0,0,0
107900312,0,0,0
107900313,0,0,0
107900314,0,0,0
107900315,0,0,0
107900316,2,0,2
107900317,0,0,0
107900318,0,0,0
107900319,0,0,0
107900320,0,8,-8
107900321,56,0,56
107900322,0,1,-1
107900323,1,6,-5
107900324,38,0,38
107900325,70,1,69
107900326,70,5,65
107900327,0,0,0
107900328,0,0,0
107900329,0,0,0
107900330,1,4,-3
107900331,124,15,109
107900332,165,0,165
107900333,38,0,38
107900334,0,6,-6
107900335,1,0,1
107900336,1,4,-3
107900337,76,243,-167
107900338,0,2,-2
107900339,0,0,0
107900340,0,0,0
107900341,0,0,0
107900342,61,6,55
107900343,21,0,21
107900344,1,13,-12
107900345,46,10,36
107900346,0,0,0
107900347,10,0,10
107900348,0,1,-1
107900349,24,1,23
107900350,2,28,-26
107900351,0,0,0
107900352,0,1,-1
107900353,0,1,-1
107900354,0,51,-51
108000001,2239,1152,1087
108000002,107,148,-41
108000003,2120,1009,1111
108000004,1240,2895,-1655
108000005,5559,2500,3059
108000006,731,1143,-412
108000007,3551,1574,1977
108000008,944,726,218
108000009,3260,1677,1583
108000010,594,760,-166
108000011,8397,4104,4293
108000012,2679,1771,908
108000014,193,348,-155
108000015,514,62,452
108000016,24,20,4
108000017,762,65,697
108000018,1175,148,1027
108000019,274,101,173
108000020,660,170,490
108000021,33,60,-27
108000022,160,254,-94
108000023,737,77,660
108000024,163,88,75
108000025,187,11,176
108000026,378,53,325
108000027,251,10,241
108000028,518,74,444
108000029,217,8,209
108000030,213,25,188
108000031,50,22,28
108000032,1096,143,953
108000033,95,206,-111
108000034,1415,87,1328
108000035,131,372,-241
108000036,44,84,-40
108000037,1157,90,1067
108000038,1843,175,1668
108000039,56,89,-33
108000040,1036,261,775
108000041,32,142,-110
108000042,307,30,277
108000043,30,5,25
108000044,777,15,762
108000045,34,0,34
108000046,1018,103,915
108000047,127,188,-61
108000048,0,0,0
108000049,572,86,486
108000050,8,34,-26
108000051,178,73,105
108000052,13,43,-30
108000053,297,70,227
108000054,66,275,-209
108000055,479,185,294
108000056,192,174,18
108000057,340,606,-266
108000058,818,1639,-821
108000059,381,658,-277
108000060,141,265,-124
108000061,133,126,7
108000062,501,143,358
108000063,267,109,158
108000064,187,146,41
108000065,280,139,141
108000066,586,44,542
108000067,977,149,828
108000068,526,147,379
108000069,42,351,-309
108000070,1728,145,1583
108000071,175,391,-216
108000072,1232,171,1061
108000073,326,319,7
108000074,454,206,248
108000075,116,161,-45
108000076,1042,115,927
108000077,168,152,16
108000078,1460,250,1210
108000079,160,360,-200
108000080,1170,288,882
108000081,125,335,-210
108000082,169,178,-9
108000083,703,315,388
108000084,94,80,14
108000085,360,206,154
108000086,82,36,46
108000087,65,1191,-1126
108000088,454,36,418
108000089,67,76,-9
108000091,20,137,-117
108000092,249,12,237
108000093,28,95,-67
108000094,576,21,555
108000095,31,41,-10
108000096,543,89,454
108000097,35,52,-17
108000098,1151,299,852
108000099,343,99,244
108000100,271,214,57
108000101,734,432,302
108000102,689,1252,-563
108000106,338,0,338
108000107,0,131,-131
108000108,322,12,310
108000109,2,173,-171
108000110,354,28,326
108000111,33,170,-137
108000112,20,182,-162
108000113,146,127,19
108000115,123,49,74
108000117,261,31,230
108000118,139,538,-399
108000119,323,41,282
108000120,82,215,-133
108000121,161,46,115
108000122,502,90,412
108000123,313,27,286
108000124,47,14,33
108000125,347,47,300
108000126,134,23,111
108000127,342,57,285
108000128,239,20,219
108000129,80,36,44
108000130,233,89,144
108000131,398,62,336
108000132,77,49,28
108000133,1108,99,1009
108000134,190,18,172
108000135,937,142,795
108000136,21,53,-32
108000137,369,51,318
108000138,80,239,-159
108000139,369,72,297
108000140,344,3,341
108000141,3,27,-24
108000142,2,26,-24
108000143,16,24,-8
108000144,700,15,685
108000145,47,25,22
108000146,671,10,661
108000147,5,14,-9
108000148,298,9,289
108000149,8,1,7
108000150,37,21,16
108000151,4,44,-40
108000152,51,11,40
108000153,270,25,245
108000154,32,0,32
108000155,37,26,11
108000156,269,48,221
108000157,33,646,-613
108000158,30,215,-185
108000159,122,67,55
108000160,953,534,419
108000161,625,734,-109
108000165,23,54,-31
108000172,0,55,-55
108000173,587,587,0
108000175,287,34,253
108000178,185,254,-69
108000179,109,538,-429
108000181,30,1,29
108000182,103,9,94
108000183,1,48,-47
108000184,80,1243,-1163
108000185,0,0,0
108000186,104,2,102
108000187,2,21,-19
108000188,218,1,217
108000189,231,3842,-3611
108000190,0,0,0
108000192,109,98,11
108000193,19,169,-150
108000194,8,1,7
108000195,0,8,-8
108000196,170,27,143
108000198,221,47,174
108000199,0,0,0
108000200,232,2,230
108000203,1,21,-20
108000204,51,28,23
108000205,35,4,31
108000339,482,318,164
108000364,48,141,-93
108000365,37,44,-7
108000367,51,6,45
108000368,0,0,0
108000369,65,35,30
108000371,0,149,-149
108000372,311,0,311
108000373,88,15,73
108000376,73,15,58
108000377,382,175,207
108000378,6230,5672,558
108000379,0,0,0
108000381,64,14,50
108000382,83,0,83
108000383,0,14,-14
108900001,2,39,-37
108900002,72,3,69
108900003,1,23,-22
108900004,213,130,83
108900007,123,91,32
108900008,51,32,19
108900009,65,62,3
108900010,70,34,36
108900011,486,39,447
108900012,228,66,162
108900013,90,39,51
108900014,4,8,-4
108900015,0,0,0
108900016,0,0,0
108900017,43,37,6
108900018,18,31,-13
108900019,0,5,-5
108900020,26,7,19
108900021,32,23,9
108900022,17,2,15
108900023,0,5,-5
108900024,1,2,-1
108900025,112,2,110
108900026,0,0,0
108900027,0,5,-5
108900028,27,31,-4
108900029,4,4,0
108900030,0,0,0
108900031,14,23,-9
108900032,0,0,0
108900033,0,15,-15
108900034,0,9,-9
108900035,41,104,-63
108900038,0,22,-22
108900039,0,19,-19
108900040,0,12,-12
108900041,642,718,-76
108900042,0,13,-13
108900043,0,0,0
108900044,0,26,-26
108900045,60,66,-6
108900046,1,28,-27
108900047,0,9,-9
108900048,14,36,-22
108900049,98,239,-141
108900050,1,35,-34
108900051,0,8,-8
108900052,1,10,-9
108900053,1,65,-64
108900054,0,0,0
108900055,2,35,-33
108900056,0,13,-13
108900057,0,27,-27
108900058,3,30,-27
108900059,100,13,87
108900060,22,45,-23
108900061,2,0,2
108900062,0,18,-18
108900063,5,2,3
108900064,14,17,-3
108900065,8,21,-13
108900066,140,9,131
108900067,1,15,-14
108900068,0,33,-33
108900069,92,5,87
108900070,33,1,32
108900071,44,2,42
108900072,111,65,46
108900073,0,12,-12
108900074,85,7,78
108900075,31,3,28
108900076,149,20,129
108900077,26,42,-16
108900078,36,7,29
108900079,78,17,61
108900080,27,125,-98
108900081,1,39,-38
108900082,20,8,12
108900083,0,31,-31
108900085,94,3,91
108900086,22,14,8
108900087,18,21,-3
108900088,140,36,104
108900089,0,56,-56
108900090,14,11,3
108900091,8,20,-12
108900092,126,30,96
108900093,14,31,-17
108900094,60,10,50
108900095,3,9,-6
108900096,25,5,20
108900097,67,11,56
108900098,319,272,47
108900099,87,14,73
108900100,22,11,11
108900101,35,34,1
108900102,1,215,-214
108900103,47,28,19
108900105,0,607,-607
108900106,133,32,101
108900108,53,0,53
108900109,97,3,94
108900110,26,29,-3
108900111,185,20,165
108900113,29,18,11
108900114,14,2,12
108900115,65,15,50
108900116,2,0,2
108900117,70,0,70
108900118,123,7,116
108900119,186,5,181
108900120,69,36,33
108900121,50,5,45
108900122,65,7,58
108900123,38,14,24
108900124,40,8,32
108900125,192,4,188
108900126,29,19,10
108900127,64,8,56
108900128,115,11,104
108900129,124,4,120
108900130,96,0,96
108900131,218,6,212
108900132,103,1,102
108900133,66,4,62
108900134,342,10,332
108900135,200,0,200
108900136,39,10,29
108900137,85,2,83
108900138,243,5,238
108900140,317,7,310
108900141,152,0,152
108900142,20,0,20
108900143,14,0,14
108900144,57,0,57
108900145,82,7,75
108900146,8,0,8
108900147,183,2,181
108900148,9,0,9
108900150,18,1,17
108900151,3,0,3
108900152,97,0,97
108900153,139,5,134
108900154,1898,92,1806
108900156,23,1,22
108900157,0,41,-41
108900158,154,2,152
108900159,1,24,-23
108900160,2,29,-27
108900161,0,47,-47
108900162,27,0,27
108900163,1,171,-170
108900164,30,5,25
108900168,594,663,-69
108900169,10,26,-16
108900171,234,1141,-907
108900172,56,4,52
108900173,41,56,-15
108900174,478,42,436
108900176,11,18,-7
108900177,195,773,-578
108900178,289,1098,-809
108900180,39,76,-37
108900183,53,22,31
108900184,151,15,136
108900185,2,48,-46
108900186,9,53,-44
108900189,87,6,81
108900190,18,55,-37
108900192,5,22,-17
108900195,8,14,-6
108900196,2,9,-7
108900199,50,46,4
108900200,157,86,71
108900201,62,177,-115
108900203,234,44,190
108900204,100,1,99
108900205,150,6,144
108900206,98,12,86
108900207,37,20,17
108900208,3,45,-42
108900209,34,22,12
108900210,0,1,-1
108900211,2,33,-31
108900212,8,143,-135
108900215,1,7,-6
108900216,65,23,42
108900217,3,0,3
108900218,11,0,11
108900221,0,0,0
108900224,0,0,0
108900225,0,0,0
108900227,34,53,-19
108900230,18,12,6
108900232,2,41,-39
108900233,133,4,129
108900234,76,15,61
108900235,0,0,0
108900236,0,0,0
108900240,2,18,-16
108900241,0,15,-15
108900245,0,97,-97
108900250,19,0,19
108900258,4,2,2
108900259,3,1,2
108900260,0,0,0
108900261,14,3,11
108900262,12,2,10
108900263,13,9,4
108900264,5,9,-4
108900265,24,143,-119
108900266,20,229,-209
108900267,1,56,-55
108900268,6,2,4
108900269,16,3,13
108900270,22,0,22
108900271,1,0,1
108900272,55,1,54
108900273,33,130,-97
108900274,2,2,0
109000001,821,2106,-1285
109000002,2,244,-242
109000003,1335,240,1095
109000004,2,93,-91
109000005,1060,288,772
109000006,2,76,-74
109000007,1027,310,717
109000008,7,79,-72
109000009,1685,465,1220
109000010,11,138,-127
109000011,2066,757,1309
109000012,22,156,-134
109000013,2954,1737,1217
109000014,48,179,-131
109000015,2724,4234,-1510
109000016,89,152,-63
109000017,1894,454,1440
109000018,36,154,-118
109000019,1458,677,781
109000020,7,56,-49
109000023,51,0,51
109000024,0,13,-13
109000025,55,121,-66
109000026,225,187,38
109000027,19,110,-91
109000028,94,18,76
109000029,28,82,-54
109000030,0,0,0
109000031,199,37,162
109000032,1,0,1
109000033,224,63,161
109000034,1,1,0
109000035,1,6,-5
109000036,5,77,-72
109000037,93,816,-723
109000038,79,42,37
109000039,177,409,-232
109000040,247,3616,-3369
109000041,145,842,-697
109000042,205,388,-183
109000044,154,2,152
109000045,15,2,13
109000046,182,10,172
109000047,6,5,1
109000048,212,46,166
109000049,11,9,2
109000050,142,61,81
109000051,23,44,-21
109000052,90,44,46
109000053,348,47,301
109000054,17,29,-12
109000055,12,61,-49
109000056,42,12,30
109000057,52,183,-131
109000058,73,7,66
109000059,3,273,-270
109000060,107,164,-57
109000061,25,1149,-1124
109000062,20,116,-96
109000063,6,13,-7
109000064,135,43,92
109000065,2,29,-27
109000066,116,16,100
109000067,0,24,-24
109000068,114,7,107
109000069,137,0,137
109000070,0,23,-23
109000071,109,26,83
109000072,50,289,-239
109000073,6,31,-25
109000074,10,164,-154
109000075,86,0,86
109000076,24,140,-116
109000077,54,80,-26
109000078,14,31,-17
109000079,46,39,7
109000080,149,18,131
109000081,44,83,-39
109000082,279,28,251
109000083,73,67,6
109000088,80,45,35
109000089,189,7,182
109000090,75,54,21
109000091,200,26,174
109000092,122,124,-2
109000093,183,37,146
109000094,348,1,347
109000095,12,60,-48
109000096,560,11,549
109000097,3,24,-21
109000098,66,31,35
109000099,390,15,375
109000100,27,121,-94
109000101,882,185,697
109000102,168,52,116
109000103,273,119,154
109000104,1141,92,1049
109000105,68,100,-32
109000106,872,150,722
109000107,112,136,-24
109000108,1028,225,803
109000109,88,75,13
109000110,447,264,183
109000111,157,219,-62
109000112,33,31,2
109000113,141,17,124
109000114,157,121,36
109000115,306,26,280
109000116,6,89,-83
109000117,133,6,127
109000118,1,57,-56
109000119,695,9,686
109000120,55,30,25
109000121,347,17,330
109000122,28,63,-35
109000123,18,11,7
109000124,334,71,263
109000125,689,84,605
109000126,51,16,35
109000127,914,81,833
109000128,23,32,-9
109000129,1205,99,1106
109000130,26,36,-10
109000131,501,322,179
109000132,128,122,6
109000133,13,113,-100
109000134,27,75,-48
109000135,40,74,-34
109000136,161,139,22
109000137,359,76,283
109000138,176,68,108
109000139,267,37,230
109000140,94,88,6
109000141,150,77,73
109000142,6,66,-60
109000143,4,20,-16
109000145,43,144,-101
109000146,43,148,-105
109000148,0,0,0
109000149,8,107,-99
109000150,40,100,-60
109000155,172,287,-115
109000156,224,14,210
109000158,8,219,-211
109000159,9,119,-110
109000160,488,58,430
109000161,281,139,142
109000162,652,139,513
109000163,544,100,444
109000164,842,489,353
109000165,583,260,323
109000166,430,42,388
109000167,140,51,89
109000170,3,1,2
109000171,30,4,26
109000172,2,5,-3
109000173,0,7,-7
109000174,11,5,6
109000175,36,13,23
109000176,146,89,57
109000177,28,0,28
109000178,276,68,208
109000179,418,818,-400
109000180,709,337,372
109000181,13,34,-21
109000182,47,25,22
109000183,22,7,15
109000184,30,59,-29
109000185,36,25,11
109000188,147,237,-90
109000189,516,44,472
109000190,115,169,-54
109000191,218,99,119
109000192,255,10,245
109000193,108,13,95
109000194,76,2,74
109000195,8,14,-6
109000196,61,12,49
109000197,93,13,80
109000198,160,13,147
109000199,27,16,11
109000206,75,2,73
109000207,43,3,40
109000208,78,57,21
109000209,36,22,14
109000210,10,13,-3
109000211,239,228,11
109000214,166,221,-55
109000215,135,13,122
109000216,140,171,-31
109000217,4,0,4
109000218,8,20,-12
109000221,14,94,-80
109000222,360,16,344
109000223,108,145,-37
109000224,138,27,111
109000225,69,18,51
109000226,78,50,28
109000227,492,125,367
109000228,0,0,0
109000231,0,21,-21
109000232,336,25,311
109000236,3,21,-18
109000241,591,222,369
109000242,390,122,268
109000293,5,37,-32
109000361,59,24,35
109000364,9,28,-19
109000396,0,42,-42
109000397,472,0,472
109000399,45,118,-73
109000400,59,34,25
109000403,0,585,-585
109000406,130,1,129
109000407,37,50,-13
109000408,1,35,-34
109000410,0,0,0
109000411,162,22,140
109900001,0,0,0
109900002,166,1,165
109900003,206,0,206
109900004,16,1,15
109900005,11,0,11
109900006,228,19,209
109900007,318,0,318
109900008,0,0,0
109900009,0,9,-9
109900010,0,0,0
109900011,3,35,-32
109900012,37,13,24
109900013,50,29,21
109900014,22,2,20
109900015,35,7,28
109900016,35,1,34
109900017,28,15,13
109900018,13,0,13
109900019,6,5,1
109900020,3,1,2
109900021,3,0,3
109900022,103,36,67
109900023,9,0,9
109900024,0,0,0
109900025,0,1,-1
109900026,0,15,-15
109900027,2,2,0
109900028,17,110,-93
109900029,0,0,0
109900030,1,2,-1
109900031,0,11,-11
109900032,0,0,0
109900033,0,21,-21
109900034,1,1,0
109900035,2,3,-1
109900036,0,0,0
109900037,0,0,0
109900038,0,7,-7
109900039,21,0,21
109900040,0,0,0
109900041,19,7,12
109900042,0,0,0
109900044,15,2,13
109900045,26,4,22
109900046,35,14,21
109900047,23,31,-8
109900048,2,1,1
109900049,0,0,0
109900050,0,2,-2
109900051,0,4,-4
109900052,1,12,-11
109900053,0,5,-5
109900054,286,7,279
109900055,20,21,-1
109900056,0,0,0
109900057,0,11,-11
109900058,0,0,0
109900059,453,6,447
109900060,116,9,107
109900061,0,5,-5
109900062,0,0,0
109900063,10,30,-20
109900064,111,23,88
109900065,8,5,3
109900066,0,10,-10
109900067,0,0,0
109900068,39,3,36
109900069,0,1,-1
109900070,6,4,2
109900071,0,0,0
109900072,0,9,-9
109900073,106,9,97
109900074,0,4,-4
109900075,0,0,0
109900076,1,8,-7
109900077,2,35,-33
109900078,7,5,2
109900080,7,9,-2
109900081,0,8,-8
109900082,5,9,-4
109900083,0,3,-3
109900084,0,0,0
109900085,17,56,-39
109900086,5,127,-122
109900087,2,23,-21
109900089,67,3,64
109900090,28,51,-23
109900091,201,3,198
109900092,0,0,0
109900093,59,2,57
109900094,15,0,15
109900095,5,27,-22
109900096,12,0,12
109900097,14,0,14
109900098,116,1,115
109900099,244,1,243
109900100,0,0,0
109900101,306,1,305
109900102,0,0,0
109900103,13,0,13
109900104,368,24,344
109900105,0,0,0
109900106,0,0,0
109900107,0,0,0
109900108,0,0,0
109900109,0,0,0
109900110,1,0,1
109900111,6,9,-3
109900112,13,8,5
109900113,271,101,170
109900114,136,34,102
109900115,20,10,10
109900117,423,6,417
109900118,17,14,3
109900119,42,41,1
109900120,13,0,13
109900121,17,6,11
109900122,230,1,229
109900123,0,0,0
109900124,1,0,1
109900125,0,17,-17
109900126,108,1,107
109900128,97,0,97
109900130,201,292,-91
109900131,0,13,-13
109900132,0,15,-15
109900133,2,2,0
109900134,0,0,0
109900135,0,0,0
109900136,0,0,0
109900137,12,8,4
109900140,18,7,11
109900142,211,4,207
109900145,0,83,-83
109900146,10,1,9
109900148,24,9,15
109900149,1,0,1
109900150,2,1,1
109900151,0,5,-5
109900152,0,4,-4
109900153,0,20,-20
109900154,2,0,2
109900155,24,1,23
109900157,3,7,-4
109900158,0,2,-2
109900159,33,9,24
109900160,28,5,23
109900161,90,12,78
109900162,38,12,26
109900163,101,36,65
109900164,40,99,-59
109900165,39,1,38
109900166,7,22,-15
109900167,10,38,-28
109900168,71,46,25
109900169,0,0,0
109900170,9,232,-223
109900171,28,7,21
109900172,4,27,-23
109900173,53,289,-236
109900174,0,4,-4
109900175,0,0,0
109900176,0,0,0
109900177,0,0,0
109900178,0,0,0
109900179,0,0,0
109900180,19,0,19
110000001,133,85,48
110000002,341,708,-367
110000003,101,177,-76
110000004,367,713,-346
110000005,209,922,-713
110000006,66,433,-367
110000007,40,20,20
110000008,13,8,5
110000009,0,4,-4
110000010,21,31,-10
110000011,4,9,-5
110000012,69,126,-57
110000013,31,237,-206
110000014,268,84,184
110000015,36,264,-228
110000016,211,592,-381
110000017,997,228,769
110000018,223,109,114
110000019,9,9,0
110000020,153,43,110
110000021,44,64,-20
110000022,195,15,180
110000023,1,23,-22
110000024,44,39,5
110000025,408,1,407
110000026,0,92,-92
110000027,122,251,-129
110000028,543,163,380
110000029,19,137,-118
110000030,141,291,-150
110000031,62,52,10
110000032,346,117,229
110000033,19,28,-9
110000034,154,175,-21
110000035,146,204,-58
110000036,293,213,80
110000037,28,207,-179
110000038,61,206,-145
110000039,380,1213,-833
110000040,109,67,42
110000041,230,1058,-828
110000042,53,88,-35
110000043,244,201,43
110000044,3,42,-39
110000045,14,56,-42
110000046,7,10,-3
110000047,6,23,-17
110000048,10,7,3
110000049,7,15,-8
110000050,2,12,-10
110000051,3,21,-18
110000052,52,72,-20
110000053,3,9,-6
110000054,18,83,-65
110000055,116,70,46
110000056,53,53,0
110000057,89,68,21
110000058,356,290,66
110000059,70,92,-22
110000060,737,232,505
110000061,94,129,-35
110000062,687,284,403
110000063,55,46,9
110000064,39,6,33
110000065,43,25,18
110000066,25,6,19
110000067,32,8,24
110000068,21,23,-2
110000069,230,7,223
110000071,126,4,122
110000073,2,0,2
110000075,5,0,5
110000076,173,70,103
110000077,105,219,-114
110000078,63,1,62
110000080,68,97,-29
110000081,7,42,-35
110000082,5,129,-124
110000083,119,111,8
110000084,451,564,-113
110000085,575,346,229
110000086,461,704,-243
110000087,17,14,3
110000088,27,36,-9
110000089,97,12,85
110000090,18,13,5
110000091,20,12,8
110000092,0,0,0
110000093,56,3,53
110000094,196,20,176
110000095,76,262,-186
110000096,262,294,-32
110000097,335,588,-253
110000098,724,161,563
110000099,195,233,-38
110000100,338,3,335
110000101,1,25,-24
110000102,27,26,1
110000104,138,54,84
110000105,62,42,20
110000106,107,174,-67
110000107,37,91,-54
110000108,76,127,-51
110000109,3,39,-36
110000110,951,1367,-416
110000111,937,993,-56
110000112,82,251,-169
110000113,34,490,-456
110000114,55,225,-170
110000115,120,61,59
110000116,47,18,29
110000117,139,31,108
110000118,240,7,233
110000119,65,28,37
110000120,125,39,86
110000121,6,83,-77
110000122,109,157,-48
110000123,403,296,107
110000124,1,178,-177
110000125,311,2,309
110000126,99,4,95
110000127,406,9,397
110000128,1,64,-63
110000129,0,33,-33
110000130,172,37,135
110000131,7,39,-32
110000132,1,93,-92
110000133,0,61,-61
110000134,1,19,-18
110000135,114,20,94
110000136,6,34,-28
110000137,337,12,325
110000138,92,35,57
110000139,578,39,539
110000140,588,131,457
110000143,212,69,143
110000144,934,405,529
110000145,326,242,84
110000146,463,187,276
110000147,19,294,-275
110000148,181,33,148
110000151,93,198,-105
110000152,93,588,-495
110000153,0,0,0
110000154,0,0,0
110000155,307,490,-183
110000156,139,314,-175
110000157,167,542,-375
110000160,239,75,164
110000161,47,77,-30
110000166,250,0,250
110000167,642,279,363
110000168,382,213,169
110000169,360,143,217
110000170,27,28,-1
110000171,245,36,209
110000172,78,142,-64
110000173,263,225,38
110000174,35,53,-18
110000175,296,10,286
110000176,46,260,-214
110000177,62,488,-426
110000178,207,895,-688
110000179,216,125,91
110000180,12,106,-94
110000181,135,85,50
110000182,82,9,73
110000183,2402,2702,-300
110000184,76,1088,-1012
110000185,105,178,-73
110000186,40,167,-127
110000191,685,67,618
110000192,270,3,267
110000193,717,7,710
110000194,0,87,-87
110000195,253,8,245
110000196,198,11,187
110000197,29,13,16
110000198,28,6,22
110000199,12,27,-15
110000200,190,42,148
110000201,257,399,-142
110000202,458,178,280
110000203,57,47,10
110000204,2,23,-21
110000205,174,9,165
110000206,52,60,-8
110000207,827,29,798
110000208,14,84,-70
110000209,7,55,-48
110000210,922,136,786
110000211,495,122,373
110000212,131,421,-290
110000213,72,19,53
110000214,66,14,52
110000215,10,60,-50
110000216,19,112,-93
110000217,279,13,266
110000218,37,33,4
110000219,125,14,111
110000220,0,17,-17
110000221,243,4,239
110000222,10,73,-63
110000223,12,11,1
110000224,1,0,1
110000225,35,110,-75
110000226,74,5,69
110000227,12,132,-120
110000228,55,21,34
110000229,0,19,-19
110000230,287,230,57
110000231,102,89,13
110000232,35,32,3
110000233,90,101,-11
110000234,144,130,14
110000235,290,323,-33
110000236,0,0,0
110000237,387,107,280
110000238,540,165,375
110000239,356,113,243
110000240,0,1,-1
110000242,0,0,0
110000243,56,15,41
110000244,4,26,-22
110000245,2,61,-59
110000246,316,70,246
110000247,171,301,-130
110000248,212,106,106
110000249,70,6,64
110000250,3,19,-16
110000251,50,64,-14
110000252,119,18,101
110000253,559,176,383
110000254,189,51,138
110000255,44,73,-29
110000256,154,52,102
110000257,36,3,33
110000258,2,49,-47
110000259,50,0,50
110000260,33,46,-13
110000263,125,5,120
110000264,245,139,106
110000265,735,336,399
110000266,545,451,94
110000267,0,0,0
110000268,52,1,51
110000269,0,0,0
110000270,18,0,18
110000271,301,12,289
110000272,218,153,65
110000273,100,214,-114
110000274,78,679,-601
110000275,201,61,140
110000276,30,169,-139
110000277,208,57,151
110000278,136,170,-34
110000279,458,113,345
110000280,276,71,205
110000281,30,8,22
110000282,15,1,14
110000283,2,25,-23
110000284,1,0,1
110000285,0,4,-4
110000286,1,0,1
110000287,11,0,11
110000288,0,0,0
110000289,94,1026,-932
110000290,81,109,-28
110000291,247,308,-61
110000292,233,1725,-1492
110000293,365,129,236
110000294,725,303,422
110000295,32,95,-63
110000296,235,44,191
110000297,743,15,728
110000298,6,35,-29
110000299,29,25,4
110000301,305,10,295
110000302,94,107,-13
110000303,183,1,182
110000304,26,15,11
110000305,591,2,589
110000306,3,51,-48
110000307,549,0,549
110000308,186,3,183
110000309,2,107,-105
110000310,443,12,431
110000311,0,93,-93
110000312,179,12,167
110000313,471,97,374
110000314,0,63,-63
110000315,372,554,-182
110000316,5,203,-198
110000317,13,10,3
110000318,0,16,-16
110000319,11,12,-1
110000320,0,11,-11
110000321,24,31,-7
110000322,32,80,-48
110000323,177,95,82
110000324,203,63,140
110000325,967,1135,-168
110000327,186,20,166
110000328,1,29,-28
110000333,255,326,-71
110000334,31,142,-111
110000335,126,80,46
110000336,37,77,-40
110000337,841,63,778
110000338,174,117,57
110000339,260,23,237
110000340,5,16,-11
110000341,146,4,142
110000342,9,0,9
110000343,0,0,0
110000344,0,2,-2
110000345,22,61,-39
110000346,914,408,506
110000347,917,221,696
110000348,3,2,1
110000349,0,1,-1
110000350,51,0,51
110000351,588,114,474
110000352,219,485,-266
110000353,867,126,741
110000354,162,921,-759
110000355,0,0,0
110000356,207,0,207
110000357,259,8,251
110000361,0,0,0
110000362,0,0,0
110000363,273,23,250
110000364,101,76,25
110000365,32,0,32
110000366,0,14,-14
110000367,55,24,31
110000368,0,5,-5
110000369,39,0,39
110000373,0,29,-29
110000374,6,15,-9
110000375,48,122,-74
110000376,23,29,-6
110000377,32,146,-114
110000378,1,94,-93
110000379,838,1224,-386
110000380,208,9,199
110000383,0,59,-59
110000384,294,12,282
110000385,0,5,-5
110000387,15,0,15
110000388,3,47,-44
110000389,503,1,502
110000391,397,18,379
110000396,76,5,71
110000397,61,10,51
110000398,0,11,-11
110000399,76,0,76
110000587,92,11,81
110000589,103,21,82
110000640,92,4,88
110000652,2,53,-51
110000653,23,30,-7
110000654,0,0,0
110000656,0,0,0
110000674,0,0,0
110000675,0,0,0
110000676,0,0,0
110000679,24,24,0
110000682,48,55,-7
110000683,118,99,19
110000684,0,0,0
110000685,0,5,-5
110000686,0,0,0
110000687,2,0,2
110000688,3,165,-162
110000689,48,6,42
110000692,5,38,-33
110000693,4,137,-133
110000694,0,0,0
110000695,5,28,-23
110000696,81,20,61
110900001,35,0,35
110900002,44,3,41
110900003,248,4,244
110900004,141,0,141
110900005,0,0,0
110900006,21,0,21
110900007,27,16,11
110900008,0,0,0
110900009,12,82,-70
110900010,0,0,0
110900011,1,2,-1
110900012,0,0,0
110900013,208,31,177
110900014,6,0,6
110900015,12,146,-134
110900016,0,0,0
110900017,183,3,180
110900018,31,1,30
110900019,0,0,0
110900020,0,0,0
110900021,0,0,0
110900022,0,0,0
110900023,5,41,-36
110900024,0,0,0
110900025,0,0,0
110900027,0,0,0
110900028,0,0,0
110900029,0,1,-1
110900030,0,0,0
110900031,0,0,0
110900032,0,0,0
110900033,0,1,-1
110900035,0,0,0
110900036,30,0,30
110900037,23,0,23
110900038,0,0,0
110900039,0,0,0
110900040,30,1,29
110900041,0,0,0
110900042,0,0,0
110900043,0,0,0
110900044,0,0,0
110900045,0,0,0
110900046,0,0,0
110900047,0,0,0
110900049,14,14,0
110900050,4,0,4
110900051,0,0,0
110900052,0,0,0
110900053,0,0,0
110900054,0,0,0
110900055,1,0,1
110900056,0,0,0
110900057,0,0,0
110900058,0,0,0
110900059,5,2,3
110900060,22,3,19
110900061,0,0,0
110900062,0,0,0
110900063,2,7,-5
110900064,1,0,1
110900065,18,41,-23
110900066,2,9,-7
110900067,0,0,0
110900068,0,0,0
110900069,1,0,1
110900070,0,0,0
110900071,0,4,-4
110900073,0,2,-2
110900074,107,0,107
110900075,57,2,55
110900077,132,45,87
110900078,0,0,0
110900079,270,213,57
110900080,28,6,22
110900081,0,0,0
110900082,9,2,7
110900083,0,0,0
110900084,0,0,0
110900085,2,53,-51
110900086,2,34,-32
110900087,56,12,44
110900088,3,0,3
110900090,0,0,0
110900091,0,0,0
110900093,12,3,9
110900095,2,1,1
110900097,0,0,0
110900098,0,11,-11
110900099,14,47,-33
110900100,1,9,-8
110900102,17,16,1
110900105,23,13,10
110900108,7,12,-5
110900111,16,3,13
110900112,145,0,145
110900113,12,2,10
110900115,0,1,-1
110900116,193,54,139
110900118,4,403,-399
110900119,61,0,61
110900120,0,0,0
110900121,4,0,4
110900122,30,2,28
110900125,83,113,-30
110900127,0,0,0
110900128,21,54,-33
110900129,15,147,-132
110900130,10,137,-127
110900131,29,3,26
110900132,59,1,58
110900133,0,0,0
110900135,0,1,-1
110900136,21,0,21
110900139,0,0,0
110900140,0,0,0
110900141,18,9,9
110900142,0,0,0
110900143,68,8,60
110900144,0,0,0
110900145,20,12,8
110900146,51,33,18
110900147,0,0,0
110900148,0,0,0
110900149,0,0,0
110900150,6,12,-6
110900151,0,10,-10
110900152,3,1,2
110900153,65,1,64
111000001,516,286,230
111000002,126,9,117
111000003,787,490,297
111000004,11,18,-7
111000005,458,750,-292
111000006,68,52,16
111000007,1169,1390,-221
111000008,143,119,24
111000009,26,142,-116
111000010,571,288,283
111000011,34,389,-355
111000012,131,152,-21
111000013,65,461,-396
111000014,628,121,507
111000017,10,71,-61
111000018,4,6,-2
111000020,39,133,-94
111000021,52,43,9
111000023,33,58,-25
111000025,264,354,-90
111000029,10,4,6
111000030,0,1,-1
111000031,926,322,604
111000032,404,153,251
111000033,87,11,76
111000034,6,49,-43
111000037,206,430,-224
111000038,584,406,178
111000039,510,375,135
111000040,379,377,2
111000041,104,233,-129
111000042,355,721,-366
111000043,899,995,-96
111000044,716,97,619
111000045,1355,597,758
111000046,616,466,150
111000047,1282,2253,-971
111000049,8,22,-14
111000050,113,145,-32
111000051,79,57,22
111000052,29,49,-20
111000053,42,58,-16
111000054,38,62,-24
111000055,276,180,96
111000056,45,68,-23
111000057,41,55,-14
111000058,263,17,246
111000059,217,65,152
111000060,2685,241,2444
111000061,347,90,257
111000062,582,79,503
111000063,669,297,372
111000064,571,160,411
111000065,959,227,732
111000066,368,43,325
111000067,227,49,178
111000068,129,23,106
111000069,79,149,-70
111000070,155,76,79
111000071,6,9,-3
111000072,615,349,266
111000073,143,516,-373
111000074,875,467,408
111000075,317,88,229
111000076,592,146,446
111000077,571,183,388
111000078,394,155,239
111000079,313,88,225
111000080,110,172,-62
111000081,312,1040,-728
111000082,337,86,251
111000084,197,142,55
111000085,483,569,-86
111000086,676,373,303
111000087,451,219,232
111000088,646,560,86
111000089,272,301,-29
111000090,192,220,-28
111000091,249,128,121
111000092,796,185,611
111000093,317,263,54
111000094,574,336,238
111000095,312,847,-535
111000096,380,2658,-2278
111000097,201,228,-27
111000098,101,86,15
111000099,72,144,-72
111000100,133,103,30
111000101,63,125,-62
111000102,0,49,-49
111000104,352,27,325
111000107,1,60,-59
111000109,225,13,212
111000110,355,120,235
111000111,1518,53,1465
111000112,982,56,926
111000113,358,704,-346
111000114,323,1114,-791
111000115,1134,232,902
111000116,219,79,140
111000117,79,96,-17
111000118,259,60,199
111000119,508,75,433
111000120,200,108,92
111000121,172,116,56
111000122,147,105,42
111000123,403,291,112
111000124,147,294,-147
111000125,45,97,-52
111000126,41,74,-33
111000127,406,22,384
111000128,1072,39,1033
111000129,1519,110,1409
111000130,1633,158,1475
111000131,1389,115,1274
111000132,1115,459,656
111000133,90,5,85
111000134,65,22,43
111000135,0,87,-87
111000136,394,59,335
111000138,3,10,-7
111000140,0,0,0
111000141,20,26,-6
111000142,1,3,-2
111000143,0,22,-22
111000144,0,36,-36
111000145,27,18,9
111000146,51,0,51
111000147,38,3,35
111000148,20,11,9
111000149,0,86,-86
111000150,2,1,1
111000151,3,8,-5
111000153,155,14,141
111000154,40,26,14
111000155,110,37,73
111000156,311,76,235
111000157,27,178,-151
111000158,526,401,125
111000159,695,452,243
111000160,268,43,225
111000161,3,74,-71
111000162,1,2,-1
111000163,54,74,-20
111000164,35,329,-294
111000165,154,42,112
111000166,40,18,22
111000167,2,23,-21
111000168,66,58,8
111000169,108,27,81
111000170,94,48,46
111000171,94,26,68
111000172,40,108,-68
111000173,85,169,-84
111000174,15,11,4
111000175,28,33,-5
111000176,190,31,159
111000177,334,47,287
111000178,864,60,804
111000179,319,28,291
111000180,81,117,-36
111000181,275,45,230
111000182,79,10,69
111000183,93,38,55
111000184,186,25,161
111000185,99,35,64
111000186,50,6,44
111000187,112,12,100
111000188,203,51,152
111000189,25,41,-16
111000190,28,13,15
111000191,25,15,10
111000192,31,37,-6
111000193,42,13,29
111000194,4,14,-10
111000195,3,42,-39
111000196,20,23,-3
111000197,309,27,282
111000198,214,2,212
111000199,123,22,101
111000200,398,192,206
111000201,337,26,311
111000202,213,28,185
111000203,200,51,149
111000204,166,523,-357
111000213,120,115,5
111000214,351,141,210
111000215,371,159,212
111000217,884,125,759
111000218,670,193,477
111000219,118,16,102
111000220,254,17,237
111000221,83,26,57
111000224,0,11,-11
111000225,360,375,-15
111000226,21,2,19
111000227,3,1,2
111000228,1,433,-432
111000229,5,541,-536
111000230,30,31,-1
111000231,330,69,261
111000232,354,151,203
111000233,307,67,240
111000234,36,107,-71
111000239,0,0,0
111000240,3,72,-69
111000241,0,0,0
111000242,30,39,-9
111000243,0,0,0
111000244,382,20,362
111000245,357,48,309
111000246,317,47,270
111000247,191,84,107
111000248,384,90,294
111000249,236,39,197
111000250,50,4,46
111000251,50,25,25
111000253,1,6,-5
111000255,10,0,10
111000257,20,0,20
111000260,0,53,-53
111000261,461,2,459
111000271,1,37,-36
111000273,414,333,81
111000274,393,384,9
111000275,45,7,38
111000276,69,151,-82
111000277,117,49,68
111000278,206,40,166
111000291,530,3855,-3325
111000298,204,53,151
111000299,60,18,42
111000300,2,14,-12
111000302,113,28,85
111000303,121,16,105
111000312,25,8,17
111000315,0,33,-33
111000320,54,64,-10
111000321,258,28,230
111000322,121,39,82
111000323,127,0,127
111000324,112,77,35
111000325,1,17,-16
111000326,84,54,30
111000327,159,142,17
111000328,105,99,6
111000329,0,43,-43
111000330,16,1,15
111000331,7,3,4
111000332,129,171,-42
111000334,47,113,-66
111000335,399,13,386
111000337,577,2,575
111000338,9,5,4
111000339,217,11,206
111000340,0,61,-61
111000341,563,149,414
111000342,0,66,-66
111000344,519,175,344
111000345,16,3,13
111000346,1,6,-5
111000347,73,0,73
111000350,69,131,-62
111000351,10,162,-152
111000352,40,9,31
111000353,6,69,-63
111000354,69,31,38
111000355,23,106,-83
111000358,52,79,-27
111000360,74,18,56
111000361,71,15,56
111000546,86,2,84
111000547,177,35,142
111000548,12,4,8
111000549,62,11,51
111000550,3,60,-57
111000551,55,29,26
111000552,101,10,91
111000907,495,7,488
111000908,12,0,12
111000916,411,15,396
111000917,0,3,-3
111000918,27,42,-15
111000920,170,0,170
111000921,0,14,-14
111000922,90,21,69
111000924,0,104,-104
111000925,2236,636,1600
111000926,480,385,95
111000927,1232,1460,-228
111000928,828,551,277
111000929,1280,308,972
111000930,327,565,-238
111000931,1330,487,843
111000932,821,600,221
111000933,1800,1136,664
111000934,345,472,-127
111000935,1165,296,869
111000936,212,355,-143
111000937,613,488,125
111000938,510,271,239
111000939,397,9,388
111000940,361,25,336
111000941,131,30,101
111000943,296,46,250
111000944,65,39,26
111000945,180,3,177
111001109,168,113,55
111001110,85,3,82
111001111,16,3,13
111001112,172,1,171
111001113,0,39,-39
111001114,60,70,-10
111001115,0,0,0
111001116,453,2145,-1692
111001117,20,100,-80
111001120,21,12,9
111001121,2,13,-11
111001122,90,21,69
111001123,155,59,96
111001124,19,12,7
111001125,4,370,-366
111001126,6,2,4
111001127,0,0,0
111900001,0,0,0
111900002,0,4,-4
111900003,0,20,-20
111900004,0,22,-22
111900006,0,0,0
111900007,0,0,0
111900008,0,0,0
111900009,3,0,3
111900010,4,3,1
111900012,0,1,-1
111900013,4,8,-4
111900014,268,1329,-1061
111900015,0,2,-2
111900016,0,3,-3
111900017,0,0,0
111900018,51,0,51
111900019,0,14,-14
111900020,0,1,-1
111900021,1,1,0
111900022,0,1,-1
111900023,50,13,37
111900024,18,1,17
111900025,1,10,-9
111900026,0,6,-6
111900027,0,1,-1
111900028,0,0,0
111900029,0,4,-4
111900030,0,0,0
111900031,0,0,0
111900032,0,0,0
111900033,0,0,0
111900034,0,0,0
111900035,0,0,0
111900036,0,0,0
111900038,0,0,0
111900039,0,0,0
111900040,0,0,0
111900042,0,0,0
111900043,0,0,0
111900044,0,0,0
111900046,0,0,0
111900048,131,55,76
111900049,0,0,0
111900050,0,0,0
111900051,0,4,-4
111900052,0,0,0
111900053,47,533,-486
111900054,0,0,0
111900055,0,37,-37
111900056,8,29,-21
111900057,41,6,35
111900058,251,16,235
111900059,88,58,30
111900060,0,0,0
111900061,0,9,-9
111900062,38,15,23
111900063,64,0,64
111900064,7,16,-9
111900065,59,12,47
111900066,10,0,10
111900067,0,0,0
111900068,3,14,-11
111900069,18,20,-2
111900070,25,0,25
111900071,0,0,0
111900072,24,14,10
111900073,60,1,59
111900074,0,0,0
111900075,58,4,54
111900076,19,6,13
111900077,29,0,29
111900078,50,5,45
111900079,30,19,11
111900080,0,0,0
111900082,153,23,130
111900083,30,0,30
111900084,130,9,121
111900085,0,0,0
111900086,201,8,193
111900087,30,0,30
111900088,133,1,132
111900089,74,4,70
111900090,0,0,0
111900091,440,3,437
111900092,94,5,89
111900093,112,8,104
111900094,65,0,65
111900095,0,0,0
111900096,215,0,215
111900097,68,0,68
111900098,80,5,75
111900099,26,0,26
111900100,0,0,0
111900101,1,0,1
111900102,35,0,35
111900103,0,0,0
111900104,0,0,0
111900105,8,3,5
111900106,62,18,44
111900110,0,0,0
111900111,36,9,27
111900112,0,0,0
111900113,21,23,-2
111900118,41,2,39
111900119,0,13,-13
111900122,33,5,28
111900123,0,5,-5
111900124,0,2,-2
111900125,20,1,19
111900126,29,0,29
111900127,0,0,0
111900128,0,0,0
111900129,67,0,67
111900130,14,10,4
111900131,50,0,50
111900132,0,0,0
111900133,0,0,0
111900134,0,0,0
111900135,0,0,0
111900136,0,0,0
111900137,23,0,23
111900138,3,21,-18
111900139,1,6,-5
111900140,45,23,22
111900141,60,0,60
111900142,25,0,25
111900143,3,0,3
111900144,0,0,0
111900145,0,0,0
111900146,0,0,0
111900147,0,0,0
111900148,0,0,0
111900149,0,0,0
111900150,0,0,0
111900151,0,0,0
111900152,0,0,0
111900153,0,0,0
111900154,0,0,0
111900155,0,0,0
111900156,0,0,0
111900157,0,0,0
111900158,0,0,0
111900159,0,0,0
111900160,0,0,0
111900161,6,0,6
111900162,0,0,0
111900163,0,0,0
111900164,0,0,0
111901113,92,0,92
111901114,59,1,58
111901115,0,0,0
111901116,0,0,0
111901117,0,0,0
111901118,0,0,0
111901119,2,0,2
111901121,0,0,0
111901122,0,0,0
111901123,57,0,57
111901124,0,0,0
111901125,295,74,221
111901127,0,0,0
111901128,0,0,0
111901129,0,0,0
111901130,0,0,0
111901131,0,96,-96
111901132,0,0,0
111901133,0,0,0
111901134,0,0,0
111901135,0,0,0
111901136,0,0,0
111901138,0,0,0
111901139,0,0,0
111901140,0,0,0
111901141,0,0,0
111901142,0,0,0
111901143,0,0,0
111901144,0,0,0
111901145,1,0,1
111901146,0,0,0
111901147,19,1,18
111901148,0,2,-2
111901149,0,0,0
111901150,0,0,0
112000001,1534,673,861
112000002,173,225,-52
112000003,849,350,499
112000004,86,82,4
112000005,2585,1966,619
112000006,108,74,34
112000007,2067,1382,685
112000008,1733,2596,-863
112000009,1841,536,1305
112000010,993,2563,-1570
112000011,640,310,330
112000012,2122,4209,-2087
112000013,743,534,209
112000014,197,2745,-2548
112000015,224,763,-539
112000016,434,1265,-831
112000017,97,431,-334
112000024,71,62,9
112000026,465,470,-5
112000027,335,546,-211
112000028,367,78,289
112000029,100,446,-346
112000030,7,3,4
112000031,285,1642,-1357
112000032,7,0,7
112000033,372,1242,-870
112000034,3,1,2
112000035,0,29,-29
112000036,26,599,-573
112000037,23,142,-119
112000038,142,444,-302
112000039,51,20,31
112000040,17,35,-18
112000041,74,172,-98
112000042,292,63,229
112000050,665,685,-20
112000051,738,791,-53
112000054,392,478,-86
112000057,16,39,-23
112000058,32,188,-156
112000059,103,272,-169
112000061,504,245,259
112000062,209,448,-239
112000063,328,375,-47
112000064,669,451,218
112000065,372,172,200
112000066,674,672,2
112000067,97,50,47
112000068,1105,940,165
112000069,27,199,-172
112000070,238,292,-54
112000071,151,131,20
112000072,987,186,801
112000073,132,177,-45
112000074,440,220,220
112000075,813,371,442
112000076,873,288,585
112000077,725,115,610
112000078,751,158,593
112000079,1102,483,619
112000080,241,179,62
112000081,259,479,-220
112000082,526,391,135
112000083,289,342,-53
112000084,480,295,185
112000085,798,200,598
112000086,1327,444,883
112000087,263,59,204
112000088,457,125,332
112000089,86,75,11
112000090,65,89,-24
112000091,178,89,89
112000092,1052,110,942
112000093,227,80,147
112000094,520,93,427
112000095,368,76,292
112000096,603,115,488
112000097,1036,237,799
112000098,42,33,9
112000099,279,893,-614
112000100,1037,158,879
112000101,47,44,3
112000102,488,129,359
112000103,68,78,-10
112000105,87,65,22
112000106,1284,63,1221
112000107,40,31,9
112000108,219,180,39
112000109,195,44,151
112000110,614,110,504
112000111,159,308,-149
112000112,761,61,700
112000113,118,80,38
112000114,711,164,547
112000115,129,25,104
112000116,54,22,32
112000117,57,41,16
112000118,110,76,34
112000119,95,144,-49
112000120,1,7,-6
112000121,78,81,-3
112000122,260,31,229
112000123,403,18,385
112000124,205,10,195
112000125,128,31,97
112000126,200,66,134
112000127,653,750,-97
112000128,72,422,-350
112000129,81,8,73
112000130,24,6,18
112000131,36,14,22
112000132,6,5,1
112000133,174,31,143
112000134,124,44,80
112000135,467,85,382
112000136,149,179,-30
112000137,552,234,318
112000138,193,197,-4
112000139,103,183,-80
112000140,70,103,-33
112000141,295,74,221
112000142,20,37,-17
112000143,797,55,742
112000144,40,67,-27
112000145,1554,128,1426
112000146,116,110,6
112000147,1163,346,817
112000148,167,146,21
112000149,237,60,177
112000150,18,12,6
112000151,118,50,68
112000152,67,49,18
112000153,25,29,-4
112000154,56,0,56
112000155,45,14,31
112000157,53,249,-196
112000158,128,28,100
112000159,114,43,71
112000167,16,7,9
112000169,70,514,-444
112000173,216,4,212
112000175,84,46,38
112000176,430,265,165
112000177,144,34,110
112000178,32,43,-11
112000179,115,3,112
112000180,34,3,31
112000181,306,69,237
112000182,831,85,746
112000183,35,37,-2
112000184,217,47,170
112000185,26,51,-25
112000187,860,219,641
112000195,111,2,109
112000196,21,0,21
112000197,4,8,-4
112000198,2,14,-12
112000199,11,112,-101
112000202,222,0,222
112000216,11,37,-26
112000230,35,1,34
112000231,0,5,-5
112000256,24,59,-35
112000313,13,17,-4
112000314,0,6,-6
112000337,38,120,-82
112000352,4,13,-9
112000392,662,811,-149
112000398,665,342,323
112000399,315,2336,-2021
112000400,264,403,-139
112000401,501,376,125
112000402,1794,2998,-1204
112000403,396,2208,-1812
112000404,267,757,-490
112000405,1741,1597,144
112000406,941,549,392
112000407,3754,2418,1336
112000408,1303,829,474
112000409,421,722,-301
112000410,0,0,0
112000411,152,36,116
112000412,0,0,0
112000413,75,303,-228
112000414,51,5,46
112000415,17,5,12
112000416,1474,498,976
112000417,128,72,56
112000421,35,10,25
112000422,67,25,42
112000424,109,735,-626
112000425,36,42,-6
112000426,28,34,-6
112000427,0,0,0
112000428,54,38,16
112000429,678,853,-175
112000430,1045,1517,-472
112000431,47,59,-12
112000432,54,27,27
112000433,138,206,-68
112000437,45,83,-38
112900001,9,1,8
112900002,51,0,51
112900003,31,0,31
112900004,19,1,18
112900005,37,0,37
112900006,0,0,0
112900007,75,3,72
112900008,0,3,-3
112900009,37,0,37
112900010,6,0,6
112900011,0,0,0
112900012,0,0,0
112900013,0,5,-5
112900014,0,0,0
112900015,2,10,-8
112900016,0,0,0
112900017,2,0,2
112900018,0,0,0
112900019,0,0,0
112900020,17,28,-11
112900021,0,0,0
112900022,0,0,0
112900023,0,0,0
112900024,0,0,0
112900025,6,0,6
112900026,0,0,0
112900027,0,0,0
112900028,0,0,0
112900029,37,15,22
112900030,1,0,1
112900031,0,0,0
112900032,0,0,0
112900034,1,0,1
112900035,0,0,0
112900036,0,0,0
112900037,0,0,0
112900038,67,2,65
112900039,0,0,0
112900040,0,0,0
112900041,21,19,2
112900042,0,0,0
112900043,0,0,0
112900044,4,0,4
112900045,0,0,0
112900046,0,0,0
112900047,0,0,0
112900049,0,0,0
112900050,9,0,9
112900051,1,0,1
112900052,0,0,0
112900053,0,0,0
112900054,2,0,2
112900055,0,0,0
112900056,0,0,0
112900057,0,0,0
112900058,3,0,3
112900059,0,0,0
112900060,0,0,0
112900061,0,0,0
112900062,0,0,0
112900063,0,0,0
112900064,0,0,0
112900065,0,0,0
112900066,12,19,-7
112900067,0,0,0
112900068,0,0,0
112900069,0,0,0
112900071,0,0,0
112900072,0,29,-29
112900073,68,16,52
112900074,0,0,0
112900075,25,0,25
112900076,0,0,0
112900078,0,0,0
112900079,0,0,0
112900080,0,0,0
112900081,5,3,2
112900082,55,1,54
112900083,15,12,3
112900084,0,0,0
112900086,0,0,0
112900087,41,1,40
112900088,23,0,23
112900089,173,1,172
112900090,1,1,0
112900091,0,0,0
112900092,20,0,20
112900093,0,0,0
112900095,0,0,0
112900096,61,8,53
112900097,1,0,1
112900098,0,0,0
112900099,155,8,147
112900100,4,0,4
112900101,0,0,0
112900102,0,0,0
112900103,0,0,0
112900104,0,0,0
112900105,0,0,0
112900106,2,1,1
112900107,0,0,0
112900108,0,0,0
112900109,8,0,8
112900110,0,0,0
112900111,0,0,0
112900112,0,0,0
112900113,0,0,0
112900114,2,0,2
112900115,468,5,463
112900116,67,0,67
112900117,0,0,0
112900118,0,0,0
112900119,0,0,0
112900120,0,0,0
112900121,0,0,0
112900122,0,0,0
112900123,0,0,0
112900124,0,0,0
112900125,0,1,-1
112900126,12,2,10
112900127,0,0,0
112900128,0,0,0
112900129,0,16,-16
112900130,0,0,0
112900131,0,0,0
112900132,0,0,0
112900133,0,44,-44
112900134,2,18,-16
112900135,0,0,0
112900137,0,6,-6
112900138,0,0,0
112900139,0,0,0
112900141,131,0,131
112900142,0,0,0
112900143,0,0,0
112900144,0,0,0
112900145,0,0,0
112900146,0,0,0
112900147,0,0,0
112900148,0,0,0
112900149,0,0,0
112900151,0,0,0
112900152,118,3,115
112900153,7,117,-110
112900154,0,0,0
112900155,10,0,10
112900156,6,0,6
112900157,185,1,184
112900158,1,0,1
112900159,0,0,0
112900160,0,0,0
112900161,0,0,0
112900162,0,0,0
112900163,0,0,0
112900164,0,0,0
112900165,0,0,0
112900166,0,0,0
112900167,0,0,0
112900168,0,0,0
112900169,0,0,0
112900170,0,0,0
112900172,0,0,0
112900173,0,0,0
112900174,0,0,0
112900175,0,0,0
112900176,0,0,0
112900177,0,0,0
112900178,7,5,2
112900179,2,15,-13
112900180,196,29,167
112900181,0,0,0
112900182,0,0,0
112900183,0,0,0
112900184,31,7,24
112900185,0,2,-2
112900186,30,46,-16
112900187,0,0,0
112900188,30,31,-1
112900189,0,0,0
112900190,0,0,0
112900192,86,37,49
112900193,58,22,36
112900194,0,0,0
112900195,67,1,66
112900196,52,6,46
112900197,0,20,-20
112900199,70,0,70
112900200,16,0,16
112900201,17,0,17
112900202,0,20,-20
112900203,1,0,1
112900204,7,14,-7
112900205,5,0,5
112900206,2,0,2
112900207,1,0,1
112900208,0,0,0
112900209,0,0,0
112900210,0,0,0
112900211,0,0,0
112900212,0,0,0
112900213,0,0,0
112900214,0,0,0
112900215,0,0,0
112900216,0,0,0
112900217,0,0,0
112900218,13,0,13
112900219,2,0,2
112900220,0,0,0
112900221,22,3,19
112900222,0,5,-5
112900223,150,0,150
112900224,41,0,41
112900225,4,1,3
112900226,0,0,0
112900227,241,1,240
112900228,35,0,35
112900229,0,0,0
112900230,157,143,14
112900232,0,0,0
112900233,1,0,1
112900234,0,0,0
112900235,0,1,-1
112900236,1,0,1
112900237,72,1,71
112900238,0,0,0
112900239,0,0,0
112900240,0,0,0
112900241,0,0,0
112900242,0,0,0
112900243,0,0,0
112900244,0,0,0
112900245,0,0,0
112900246,0,0,0
112900247,4,0,4
112900248,0,0,0
112900249,6,0,6
112900250,0,0,0
112900251,0,0,0
112900252,1,0,1
112900253,0,0,0
112900254,0,0,0
112900255,0,0,0
112900256,0,0,0
112900257,0,0,0
112900258,0,0,0
113000001,1240,1224,16
113000002,1515,1719,-204
113000003,384,705,-321
113000004,342,658,-316
113000005,304,345,-41
113000006,245,540,-295
113000007,375,290,85
113000008,294,531,-237
113000009,266,240,26
113000010,475,260,215
113000011,225,141,84
113000012,476,83,393
113000013,75,90,-15
113000014,122,306,-184
113000015,27,60,-33
113000016,4,26,-22
113000017,1,6,-5
113000018,50,3,47
113000019,0,0,0
113000020,282,23,259
113000021,473,151,322
113000022,239,264,-25
113000025,13,33,-20
113000026,125,240,-115
113000027,113,188,-75
113000028,18,111,-93
113000029,304,284,20
113000030,0,0,0
113000031,0,0,0
113000032,48,84,-36
113000033,102,98,4
113000034,0,0,0
113000035,0,0,0
113000036,21,30,-9
113000037,0,0,0
113000038,15,22,-7
113000039,0,30,-30
113000040,4,1,3
113000042,172,210,-38
113000051,358,949,-591
113000052,274,91,183
113000053,92,51,41
113000054,60,410,-350
113000055,557,113,444
113000056,567,152,415
113000058,77,313,-236
113000059,426,155,271
113000060,106,166,-60
113000061,183,219,-36
113000062,116,92,24
113000063,164,35,129
113000064,89,42,47
113000065,135,85,50
113000066,475,47,428
113000067,770,71,699
113000068,151,146,5
113000069,110,207,-97
113000070,786,111,675
113000071,101,63,38
113000072,183,48,135
113000073,88,255,-167
113000074,232,80,152
113000075,576,137,439
113000076,145,628,-483
113000077,211,244,-33
113000078,149,237,-88
113000079,27,83,-56
113000080,91,96,-5
113000081,192,190,2
113000082,169,43,126
113000083,239,386,-147
113000084,396,171,225
113000085,364,282,82
113000086,258,238,20
113000087,375,629,-254
113000088,228,186,42
113000089,343,817,-474
113000090,21,206,-185
113000091,51,3,48
113000094,444,95,349
113000095,61,18,43
113000096,28,32,-4
113000097,188,46,142
113000098,2,3,-1
113000099,260,51,209
113000100,44,44,0
113000101,19,11,8
113000102,141,87,54
113000103,532,109,423
113000104,403,894,-491
113000105,406,110,296
113000106,131,51,80
113000107,473,353,120
113000108,531,311,220
113000109,121,330,-209
113000110,471,273,198
113000111,25,154,-129
113000112,160,181,-21
113000113,587,278,309
113000114,13,208,-195
113000116,72,40,32
113000117,80,61,19
113000118,5,223,-218
113000119,90,84,6
113000120,50,304,-254
113000121,100,70,30
113000124,147,55,92
113000125,2,314,-312
113000127,184,8,176
113000128,60,217,-157
113000129,0,0,0
113000133,323,1,322
113000134,9,417,-408
113000135,1573,1701,-128
113000137,433,948,-515
113000139,129,26,103
113000140,0,0,0
113000141,55,54,1
113000142,62,130,-68
113000143,99,187,-88
113000144,8,36,-28
113000145,75,22,53
113000146,0,0,0
113000147,0,0,0
113000148,135,28,107
113000149,87,109,-22
113000150,0,1,-1
113000151,0,0,0
113000152,3,78,-75
113000153,148,120,28
113000154,59,343,-284
113000155,104,208,-104
113000156,45,78,-33
113000157,60,104,-44
113000158,79,6,73
113000159,326,6,320
113000160,121,113,8
113000161,130,110,20
113000162,0,0,0
113000163,18,6,12
113000164,0,0,0
113000166,104,25,79
113000167,0,0,0
113000168,0,0,0
113000169,117,11,106
113000170,82,29,53
113000171,0,0,0
113000172,167,15,152
113000173,88,12,76
113000174,0,0,0
113000175,203,25,178
113000176,317,3,314
113000177,0,0,0
113000178,0,0,0
113000179,192,14,178
113000180,478,762,-284
113000181,637,585,52
113000182,8,24,-16
113000183,33,167,-134
113000184,0,0,0
113000189,6,104,-98
113000190,68,80,-12
113000192,300,833,-533
113000193,594,657,-63
113000194,157,509,-352
113000195,239,590,-351
113000196,163,120,43
113000197,364,785,-421
113000198,9,69,-60
113000199,217,45,172
113000201,15,20,-5
113000202,786,98,688
113000203,29,10,19
113000204,100,776,-676
113000205,0,0,0
113000206,0,13,-13
113000207,0,0,0
113000208,5,28,-23
113000209,0,0,0
113000210,0,19,-19
113000211,54,24,30
113000212,9,4,5
113000213,11,21,-10
113000214,3,7,-4
113000234,1,60,-59
113000410,2,50,-48
113000411,630,906,-276
113000412,865,435,430
113000413,520,678,-158
113000414,897,3426,-2529
113000415,296,470,-174
113000416,497,472,25
113000417,147,361,-214
113000418,1391,1463,-72
113000419,445,756,-311
113000420,1056,1620,-564
113000421,1898,3083,-1185
113000422,1973,2474,-501
113000423,519,1489,-970
113000424,874,2928,-2054
113000425,0,42,-42
113000428,45,2,43
113000430,0,0,0
113000432,812,26,786
113000433,23,112,-89
113000434,2,1,1
113000435,0,4,-4
113000436,1,39,-38
113000437,387,4,383
113000438,36,2,34
113000439,0,0,0
113000440,31,7,24
113000441,68,28,40
113000442,0,0,0
113000443,43,14,29
113000444,0,0,0
113000445,22,22,0
113000446,0,0,0
113000448,0,0,0
113000449,11,451,-440
113000450,12,550,-538
113000451,1,0,1
113000452,50,166,-116
113000453,0,0,0
113000454,38,74,-36
113000455,0,0,0
113000456,87,49,38
113000468,187,19,168
113000469,11,26,-15
113000470,114,41,73
113000471,1,98,-97
113000472,11,28,-17
113000474,737,614,123
113000475,357,591,-234
113000476,598,1027,-429
113000477,1902,759,1143
113000478,1305,1401,-96
113000479,3,17,-14
113000483,0,0,0
113000484,0,0,0
113000485,0,0,0
113000486,0,0,0
113000487,0,0,0
113000488,0,0,0
113000489,0,0,0
113000490,0,0,0
113000491,0,0,0
113000492,0,0,0
113000493,0,0,0
113000495,0,0,0
113000496,37,30,7
113000499,0,0,0
113900001,0,0,0
113900002,0,0,0
113900003,0,0,0
113900004,0,0,0
113900005,0,0,0
113900006,0,0,0
113900007,0,0,0
113900008,0,0,0
113900009,0,0,0
113900010,0,0,0
113900011,0,0,0
113900012,0,0,0
113900013,0,0,0
113900014,133,1,132
113900015,0,0,0
113900016,1,0,1
113900017,0,0,0
113900018,0,0,0
113900019,0,0,0
113900020,51,1,50
113900022,28,0,28
113900023,0,0,0
113900024,0,0,0
113900025,31,7,24
113900026,0,0,0
113900027,1,0,1
113900028,0,0,0
113900029,0,0,0
113900030,34,0,34
113900031,0,0,0
113900032,0,0,0
113900033,0,0,0
113900035,0,0,0
113900036,2,0,2
113900037,0,0,0
113900038,0,0,0
113900039,54,6,48
113900040,1,0,1
113900041,0,0,0
113900042,0,0,0
113900043,0,0,0
113900044,1,19,-18
113900045,0,0,0
113900046,0,0,0
113900047,0,0,0
113900048,0,0,0
113900049,0,0,0
113900050,2,21,-19
113900051,0,0,0
113900052,2,0,2
113900053,81,116,-35
113900054,0,0,0
113900055,0,0,0
113900056,0,0,0
113900057,0,0,0
113900058,0,0,0
113900059,0,0,0
113900060,1,5,-4
113900061,8,33,-25
113900062,0,0,0
113900063,0,0,0
113900064,0,0,0
113900065,179,1,178
113900066,0,0,0
113900067,13,2,11
113900068,80,100,-20
113900069,0,0,0
113900070,0,0,0
113900071,0,0,0
113900072,0,0,0
113900073,88,103,-15
113900074,35,12,23
113900075,95,238,-143
113900076,0,0,0
113900077,0,0,0
113900078,0,0,0
113900079,0,0,0
113900080,2,1,1
113900081,0,0,0
113900082,0,0,0
113900083,16,15,1
113900084,18,1,17
113900085,0,0,0
113900086,3,0,3
113900087,0,0,0
113900088,0,0,0
113900089,130,3,127
113900090,3,1,2
113900091,0,0,0
113900092,0,0,0
113900093,0,0,0
113900094,8,5,3
113900095,4,4,0
113900096,0,0,0
113900097,0,0,0
113900098,211,13,198
113900099,0,0,0
113900100,0,0,0
113900101,0,0,0
113900102,0,0,0
113900103,6,20,-14
113900104,47,26,21
113900105,1,0,1
113900106,0,0,0
113900107,0,0,0
113900108,0,0,0
113900109,6,0,6
113900110,0,0,0
113900111,0,0,0
113900112,9,0,9
113900113,32,16,16
113900114,0,0,0
113900115,0,0,0
113900116,0,0,0
113900117,0,0,0
113900118,0,4,-4
113900119,9,67,-58
113900120,0,0,0
113900121,0,0,0
113900122,9,879,-870
113900123,2,0,2
113900124,0,0,0
113900125,10,0,10
113900126,0,0,0
113900127,0,0,0
113900128,0,0,0
113900129,0,37,-37
113900130,0,0,0
113900131,0,0,0
113900132,0,0,0
113900133,0,0,0
113900135,0,0,0
113900136,0,0,0
113900137,0,1,-1
113900138,0,0,0
113900139,0,0,0
113900140,14,16,-2
113900141,0,0,0
113900142,0,0,0
113900143,0,0,0
113900144,18,7,11
113900145,0,0,0
113900146,0,0,0
113900148,0,0,0
113900149,0,0,0
113900150,53,2,51
113900151,0,0,0
113900152,0,4,-4
113900153,0,0,0
113900154,0,0,0
113900155,0,0,0
113900156,0,0,0
113900157,0,13,-13
113900158,0,0,0
113900159,0,0,0
113900160,0,0,0
113900161,0,0,0
113900162,0,25,-25
113900163,0,0,0
113900164,0,0,0
113900165,0,0,0
113900166,3,1,2
113900167,0,0,0
113900168,0,0,0
113900169,0,0,0
113900171,0,0,0
113900172,0,0,0
113900173,0,23,-23
113900174,0,0,0
113900175,30,12,18
113900176,0,0,0
113900177,2,7,-5
113900178,13,3,10
113900179,1,27,-26
113900180,11,3,8
113900181,76,1,75
113900182,0,0,0
113900183,1,7,-6
113900184,0,84,-84
113900185,4,1,3
113900186,0,0,0
113900187,0,2,-2
113900188,0,0,0
113900189,0,0,0
113900190,0,0,0
113900191,0,0,0
113900192,0,0,0
113900193,0,2,-2
113900194,45,4,41
113900195,0,0,0
113900196,0,0,0
113900197,0,7,-7
113900198,0,0,0
113900199,3,11,-8
113900200,0,0,0
113900201,0,10,-10
113900202,0,0,0
113900203,0,11,-11
113900204,2,3,-1
113900205,0,0,0
113900206,0,0,0
113900207,0,0,0
113900208,0,0,0
113900209,0,0,0
113900210,0,0,0
113900211,0,0,0
113900212,98,3,95
113900214,8,16,-8
113900215,251,1,250
113900216,0,0,0
113900217,0,0,0
113900218,0,0,0
113900219,0,0,0
113900220,0,0,0
113900221,2,28,-26
113900222,0,0,0
113900223,0,0,0
113900224,0,0,0
113900225,18,6,12
113900226,10,3,7
113900227,3,3,0
113900228,0,0,0
113900229,0,7,-7
113900230,81,3,78
113900231,0,0,0
113900232,0,0,0
113900233,0,0,0
113900234,0,0,0
113900235,0,0,0
113900236,68,0,68
113900237,0,0,0
113900238,2,68,-66
113900239,0,0,0
113900240,0,0,0
113900241,0,0,0
113900242,0,0,0
113900243,0,3,-3
113900244,3,12,-9
113900245,24,2,22
113900246,1,10,-9
113900247,34,137,-103
113900248,0,0,0
113900249,10,96,-86
113900250,2,34,-32
113900251,209,1,208
113900252,173,1,172
113900253,81,1,80
113900254,131,10,121
113900255,197,0,197
113900256,130,1,129
113900257,9,35,-26
113900258,17,55,-38
113900259,115,7,108
113900260,182,8,174
113900261,16,10,6
113900262,62,15,47
113900263,0,5,-5
113900264,0,1,-1
113900265,6,0,6
113900266,0,0,0
113900267,0,0,0
113900268,3,34,-31
113900269,0,0,0
113900270,0,0,0
113900271,0,0,0
113900273,1,0,1
113900274,14,0,14
113900275,0,0,0
113900276,0,2,-2
113900277,42,1,41
113900278,0,0,0
113900279,0,0,0
113900280,11,7,4
113900281,4,111,-107
113900282,0,0,0
113900283,0,0,0
113900284,244,109,135
113900285,2,0,2
113900286,0,0,0
113900287,0,0,0
113900288,0,0,0
113900289,0,0,0
113900290,0,0,0
113900291,0,0,0
113900292,1,0,1
113900293,3,0,3
113900294,180,2,178
113900295,30,63,-33
113900296,103,22,81
113900297,129,0,129
113900298,8,0,8
113900299,5,0,5
113900300,222,17,205
113900301,32,1,31
113900302,43,1,42
113900303,0,0,0
113900304,0,0,0
113900305,33,0,33
113900306,28,0,28
113900307,0,0,0
113900308,0,0,0
113900309,0,4,-4
113900310,0,0,0
113900311,1,0,1
113900312,0,0,0
113900313,0,0,0
113900314,0,0,0
113900315,0,0,0
114000001,317,342,-25
114000002,53,95,-42
114000003,22,29,-7
114000004,73,29,44
114000005,74,10,64
114000006,209,206,3
114000007,181,110,71
114000008,213,250,-37
114000009,111,81,30
114000011,1372,289,1083
114000012,1627,165,1462
114000013,962,309,653
114000014,67,23,44
114000015,252,21,231
114000016,5,33,-28
114000017,19,147,-128
114000018,3,5,-2
114000026,938,295,643
114000027,1328,647,681
114000028,625,1161,-536
114000038,24,0,24
114000039,0,0,0
114000040,93,96,-3
114000042,2,49,-47
114000043,151,33,118
114000044,60,33,27
114000045,25,12,13
114000046,331,481,-150
114000047,17,49,-32
114000048,15,38,-23
114000049,542,334,208
114000050,248,299,-51
114000051,568,702,-134
114000052,624,756,-132
114000053,83,169,-86
114000054,27,221,-194
114000055,31,2,29
114000056,1,76,-75
114000057,612,508,104
114000058,1,26,-25
114000059,8,33,-25
114000060,39,137,-98
114000061,532,958,-426
114000062,75,355,-280
114000063,90,141,-51
114000064,225,417,-192
114000065,194,371,-177
114000066,275,357,-82
114000067,30,206,-176
114000068,43,117,-74
114000069,157,41,116
114000070,932,614,318
114000071,69,48,21
114000072,118,8,110
114000073,27,21,6
114000074,15,2,13
114000075,22,2,20
114000076,19,3,16
114000077,3,2,1
114000078,14,14,0
114000079,14,0,14
114000080,11,57,-46
114000081,14,47,-33
114000082,2,94,-92
114000083,0,0,0
114000084,56,32,24
114000085,13,13,0
114000086,12,15,-3
114000087,0,0,0
114000088,42,16,26
114000089,101,31,70
114000090,243,320,-77
114000091,160,295,-135
114000092,97,46,51
114000093,295,117,178
114000094,179,148,31
114000095,43,154,-111
114000096,34,71,-37
114000097,62,59,3
114000098,279,75,204
114000099,269,57,212
114000100,1149,94,1055
114000101,168,66,102
114000102,202,81,121
114000103,47,85,-38
114000104,0,16,-16
114000105,21,3,18
114000106,132,258,-126
114000107,110,17,93
114000108,25,44,-19
114000109,511,675,-164
114000110,5,15,-10
114000111,882,317,565
114000112,1,15,-14
114000113,944,114,830
114000114,4,10,-6
114000115,1125,272,853
114000116,632,1517,-885
114000117,1754,135,1619
114000118,1748,130,1618
114000119,1757,241,1516
114000120,270,182,88
114000121,0,0,0
114000122,181,23,158
114000123,774,66,708
114000124,518,61,457
114000125,232,315,-83
114000126,705,60,645
114000127,54,17,37
114000128,419,51,368
114000130,119,199,-80
114000131,98,16,82
114000132,99,52,47
114000133,83,65,18
114000134,0,0,0
114000138,0,0,0
114000139,135,207,-72
114000144,244,214,30
114000145,0,0,0
114000146,0,0,0
114000147,708,1264,-556
114000148,194,435,-241
114000149,28,74,-46
114000150,22,38,-16
114000151,117,1137,-1020
114000152,12,8,4
114000153,73,348,-275
114000154,80,51,29
114000155,324,740,-416
114000156,321,386,-65
114000157,63,306,-243
114000158,70,51,19
114000159,25,26,-1
114000160,8,37,-29
114000161,317,588,-271
114000162,729,1021,-292
114000163,0,0,0
114000165,112,209,-97
114000166,95,73,22
114000167,813,291,522
114000168,32,2,30
114000169,295,474,-179
114000170,547,219,328
114000171,586,3245,-2659
114000174,10,1,9
114000176,6,1,5
114000177,12,3,9
114000178,99,11,88
114000179,493,401,92
114000180,17,7,10
114000181,319,1688,-1369
114000182,307,253,54
114000183,147,46,101
114000184,130,73,57
114000185,736,551,185
114000189,822,77,745
114000190,2129,426,1703
114000191,39,99,-60
114000192,0,0,0
114000193,0,0,0
114000194,643,355,288
114000195,160,37,123
114000196,0,0,0
114000197,1308,5,1303
114000198,0,0,0
114000199,5,71,-66
114000200,120,76,44
114000201,43,69,-26
114000202,512,245,267
114000203,270,240,30
114000204,0,0,0
114000205,19,162,-143
114000206,50,201,-151
114000207,88,124,-36
114000208,72,71,1
114000209,33,76,-43
114000210,14,163,-149
114000211,1265,469,796
114000212,442,447,-5
114000213,1509,402,1107
114000214,8,0,8
114000215,30,0,30
114000216,501,138,363
114000217,332,104,228
114000218,40,10,30
114000219,564,32,532
114000220,0,1,-1
114000221,449,36,413
114000222,10,86,-76
114000223,401,62,339
114000224,16,69,-53
114000225,102,20,82
114000226,150,10,140
114000227,831,224,607
114000228,700,109,591
114000229,545,266,279
114000230,1226,232,994
114000231,483,337,146
114000232,632,137,495
114000233,1343,18,1325
114000234,848,354,494
114000235,509,348,161
114000236,0,0,0
114000237,102,141,-39
114000238,62,288,-226
114000239,41,223,-182
114000240,404,357,47
114000241,59,104,-45
114000242,177,95,82
114000243,974,686,288
114000244,388,140,248
114000245,74,102,-28
114000246,0,0,0
114000247,361,197,164
114000248,871,493,378
114000249,645,163,482
114000250,302,19,283
114000251,167,4,163
114000252,2,22,-20
114000253,21,14,7
114000254,0,0,0
114000255,12,101,-89
114000256,56,180,-124
114000257,58,182,-124
114000258,95,34,61
114000259,0,0,0
114000260,0,0,0
114000261,21,12,9
114000262,0,0,0
114000263,14,0,14
114000264,203,25,178
114000265,0,0,0
114000267,0,343,-343
114000268,0,0,0
114000270,134,4,130
114000271,71,40,31
114000283,553,87,466
114000285,0,0,0
114000288,5,2,3
114000289,271,24,247
114000293,112,19,93
114000294,53,189,-136
114000395,401,6,395
114000396,187,85,102
114000402,367,97,270
114000403,269,59,210
114000405,76,59,17
114000423,181,67,114
114000424,217,93,124
114000425,463,124,339
114000426,236,393,-157
114000427,42,15,27
114000428,25,21,4
114000429,44,4,40
114000432,68,11,57
114000434,2,13,-11
114000435,0,0,0
114900001,213,43,170
114900002,71,4,67
114900003,178,52,126
114900004,15,43,-28
114900005,47,68,-21
114900006,8,6,2
114900007,34,1,33
114900008,46,4,42
114900010,0,0,0
114900011,74,16,58
114900013,30,16,14
114900015,3,37,-34
114900018,180,0,180
114900020,1,6,-5
114900022,5,26,-21
114900024,1,3,-2
114900025,148,25,123
114900026,27,8,19
114900027,19,1,18
114900029,15,0,15
114900030,43,1,42
114900031,118,2,116
114900032,100,0,100
114900033,12,63,-51
114900034,0,0,0
114900035,2,19,-17
114900036,75,30,45
114900037,0,0,0
114900038,0,0,0
114900039,0,0,0
114900040,0,0,0
114900041,0,0,0
114900042,0,0,0
114900043,0,0,0
114900044,3,5,-2
114900046,0,0,0
114900047,2,0,2
114900048,0,0,0
114900049,0,0,0
114900050,0,0,0
114900051,0,0,0
114900052,0,0,0
114900053,0,0,0
114900054,0,0,0
114900057,17,1,16
114900058,0,0,0
114900059,4,3,1
114900060,1,9,-8
114900061,0,0,0
114900062,4,3,1
114900063,0,0,0
114900064,0,0,0
114900065,0,0,0
114900067,0,0,0
114900068,0,0,0
114900069,0,0,0
114900070,80,12,68
114900072,0,0,0
114900073,0,0,0
114900074,207,0,207
114900075,40,0,40
114900076,0,0,0
114900080,89,17,72
114900082,404,3,401
114900083,0,0,0
114900090,49,41,8
114900091,0,0,0
114900095,0,0,0
114900096,3,1,2
114900097,11,0,11
114900098,1,7,-6
114900099,14,1,13
115000001,435,694,-259
115000002,1807,2999,-1192
115000003,558,281,277
115000004,2026,2927,-901
115000005,127,113,14
115000006,515,682,-167
115000007,111,227,-116
115000008,161,129,32
115000009,274,249,25
115000010,80,123,-43
115000013,0,0,0
115000015,0,0,0
115000016,2,294,-292
115000019,24,106,-82
115000020,4,140,-136
115000021,0,16,-16
115000022,5,20,-15
115000023,179,330,-151
115000024,0,11,-11
115000025,511,186,325
115000026,0,0,0
115000027,213,59,154
115000028,0,0,0
115000029,565,7,558
115000030,0,27,-27
115000031,270,16,254
115000032,0,0,0
115000033,142,14,128
115000034,0,0,0
115000035,343,4,339
115000036,0,0,0
115000037,179,11,168
115000038,41,293,-252
115000039,866,996,-130
115000040,871,708,163
115000041,468,1584,-1116
115000042,174,55,119
115000043,1317,874,443
115000044,771,226,545
115000045,382,115,267
115000046,1741,750,991
115000047,1672,445,1227
115000048,436,198,238
115000049,358,471,-113
115000050,1479,442,1037
115000051,836,1882,-1046
115000052,221,447,-226
115000053,864,1663,-799
115000054,210,160,50
115000055,4,83,-79
115000056,84,83,1
115000057,60,249,-189
115000058,28,128,-100
115000059,13,203,-190
115000061,74,82,-8
115000062,34,16,18
115000063,16,4,12
115000064,96,19,77
115000065,3,1,2
115000067,92,7,85
115000069,0,8,-8
115000070,0,55,-55
115000071,41,16,25
115000072,0,0,0
115000073,538,75,463
115000075,50,23,27
115000076,532,367,165
115000077,552,318,234
115000078,472,179,293
115000079,439,285,154
115000080,1350,322,1028
115000081,20,11,9
115000082,1904,1489,415
115000083,587,200,387
115000084,1944,260,1684
115000085,219,180,39
115000086,677,206,471
115000087,116,372,-256
115000088,849,221,628
115000089,132,75,57
115000090,237,143,94
115000091,240,165,75
115000092,445,189,256
115000093,321,1,320
115000094,1840,2913,-1073
115000095,981,2449,-1468
115000096,326,205,121
115000097,559,589,-30
115000098,743,75,668
115000099,1111,258,853
115000100,1008,156,852
115000101,55,50,5
115000102,296,200,96
115000103,201,116,85
115000105,46,27,19
115000106,278,166,112
115000107,27,38,-11
115000108,335,250,85
115000109,1106,1949,-843
115000110,505,485,20
115000111,123,559,-436
115000112,209,123,86
115000113,202,331,-129
115000114,199,102,97
115000116,388,423,-35
115000117,388,231,157
115000118,354,636,-282
115000119,418,236,182
115000120,155,949,-794
115000121,193,144,49
115000122,337,218,119
115000123,149,1345,-1196
115000124,154,246,-92
115000125,118,359,-241
115000126,56,262,-206
115000127,123,6,117
115000128,36,375,-339
115000129,42,84,-42
115000130,171,38,133
115000131,255,51,204
115000132,136,38,98
115000133,206,38,168
115000134,109,28,81
115000135,34,4,30
115000136,62,58,4
115000137,1,0,1
115000138,170,33,137
115000139,22,13,9
115000140,216,50,166
115000141,38,9,29
115000142,20,4,16
115000143,671,229,442
115000144,161,6,155
115000145,72,15,57
115000146,257,89,168
115000147,117,35,82
115000148,68,233,-165
115000149,112,184,-72
115000150,112,84,28
115000151,408,199,209
115000152,164,125,39
115000153,542,112,430
115000154,334,92,242
115000155,107,80,27
115000156,131,444,-313
115000157,54,79,-25
115000158,6,94,-88
115000159,67,48,19
115000160,92,90,2
115000161,50,181,-131
115000162,442,439,3
115000163,94,136,-42
115000164,27,151,-124
115000165,183,362,-179
115000167,139,7,132
115000168,152,142,10
115000169,2,29,-27
115000170,1,0,1
115000171,162,223,-61
115000172,19,15,4
115000173,55,124,-69
115000174,19,160,-141
115000175,2,6,-4
115000176,8,72,-64
115000177,1,2,-1
115000178,0,10,-10
115000179,3,9,-6
115000180,0,12,-12
115000181,348,22,326
115000182,539,45,494
115000183,3,15,-12
115000186,196,6,190
115000187,41,13,28
115000188,353,102,251
115000189,45,8,37
115000190,207,96,111
115000191,1,10,-9
115000194,0,0,0
115000195,52,33,19
115000196,119,24,95
115000197,48,47,1
115000198,255,20,235
115000199,87,58,29
115000200,111,8,103
115000201,29,21,8
115000206,251,1,250
115000207,0,0,0
115000208,27,13,14
115000209,358,116,242
115000210,67,27,40
115000211,63,15,48
115000212,153,21,132
115000224,23,13,10
115000225,25,7,18
115000229,23,16,7
115000230,24,18,6
115000231,187,128,59
115000232,1110,128,982
115000233,3,24,-21
115000234,1,9,-8
115000241,16,23,-7
115000242,90,8,82
115000243,6,15,-9
115000244,8,16,-8
115000246,2,1,1
115000247,0,0,0
115000248,1,0,1
115000249,1,0,1
115000250,115,3,112
115000251,55,5,50
115000252,7,20,-13
115000253,3,94,-91
115000258,145,9,136
115000259,30,1,29
115000261,29,1,28
115000262,1,7,-6
115000263,0,46,-46
115000264,0,13,-13
115000267,10,16,-6
115000268,0,0,0
115000269,39,12,27
115000270,25,40,-15
115000272,17,4,13
115000273,86,0,86
115000280,87,465,-378
115000281,0,0,0
115000282,98,360,-262
115000284,11,59,-48
115000296,137,2,135
115000297,7,314,-307
115000298,0,0,0
115000300,94,9,85
115000302,280,51,229
115000303,352,19,333
115000304,285,14,271
115000305,6,19,-13
115000306,11,3,8
115000307,23,14,9
115000308,0,1,-1
115000309,0,31,-31
115000310,319,111,208
115000311,803,344,459
115000313,5,25,-20
115000314,110,41,69
115000315,7,31,-24
115000316,4,14,-10
115000317,37,47,-10
115000318,517,38,479
115000319,0,18,-18
115000320,1,32,-31
115000321,94,8,86
115000322,0,13,-13
115000449,7,33,-26
115000557,0,0,0
115000558,65,15,50
115000587,263,96,167
115000588,85,114,-29
115000589,1570,903,667
115000590,31,30,1
115000591,357,268,89
115000592,22,45,-23
115000593,665,411,254
115000594,10,52,-42
115000609,85,81,4
115000617,54,483,-429
115000624,67,2,65
115000633,243,192,51
115000634,1507,258,1249
115000635,237,39,198
115000638,8,36,-28
115000641,2,1,1
115000642,100,4,96
115000643,0,1,-1
115000644,4,0,4
115000646,196,282,-86
115000647,46,42,4
115000648,908,54,854
115000893,724,466,258
115000894,0,2,-2
115000895,0,4,-4
115000896,303,209,94
115000897,89,18,71
115000898,85,100,-15
115000899,4,64,-60
115000900,0,122,-122
115000901,0,0,0
115000912,130,87,43
115000913,1,1,0
115000915,15,0,15
115000916,0,0,0
115000917,0,2,-2
115000918,1,248,-247
115000919,0,1,-1
115000920,0,0,0
115000921,0,0,0
115000922,125,341,-216
115000923,1,28,-27
115000925,9,6,3
115000927,1,15,-14
115000933,0,22,-22
115000934,12,16,-4
115000935,27,2,25
115000936,0,235,-235
115000937,105,87,18
115000938,15,40,-25
115000939,11,30,-19
115000940,0,5,-5
115000941,0,18,-18
115000942,1,70,-69
115000943,0,0,0
115000944,0,0,0
115900001,89,0,89
115900002,3,2,1
115900003,34,7,27
115900004,0,0,0
115900005,23,0,23
115900006,1,6,-5
115900008,7,1,6
115900009,0,2,-2
115900010,165,13,152
115900011,50,10,40
115900012,9,1,8
115900013,96,7,89
115900014,16,6,10
115900015,20,1,19
115900016,51,3,48
115900017,2,0,2
115900018,40,1,39
115900019,0,1,-1
115900020,45,22,23
115900021,27,0,27
115900022,24,0,24
115900023,1,0,1
115900025,0,1,-1
115900026,65,5,60
115900027,0,0,0
115900028,16,12,4
115900029,5,5,0
115900030,0,0,0
115900031,2,18,-16
115900032,47,29,18
115900033,0,0,0
115900034,1,25,-24
115900035,0,0,0
115900036,0,180,-180
115900037,0,3,-3
115900038,0,0,0
115900039,41,7,34
115900041,10,102,-92
115900042,2,0,2
115900043,2,0,2
115900044,26,74,-48
115900046,228,10,218
115900047,0,22,-22
115900049,27,7,20
115900051,0,0,0
115900052,0,0,0
115900053,75,6,69
115900054,73,0,73
115900055,0,0,0
115900056,10,3,7
115900057,0,4,-4
115900058,0,0,0
115900060,3,5,-2
115900061,37,0,37
115900062,6,10,-4
115900063,0,0,0
115900064,2,20,-18
115900065,18,0,18
115900066,2,2,0
115900067,0,9,-9
115900068,0,0,0
115900069,0,6,-6
115900070,19,2,17
115900071,0,1,-1
115900072,1,18,-17
115900073,17,16,1
115900074,0,0,0
115900075,3,5,-2
115900076,0,4,-4
115900077,0,0,0
115900078,2,3,-1
115900079,152,0,152
115900080,20,6,14
115900081,31,4,27
115900082,9,3,6
115900084,94,0,94
115900085,0,0,0
115900086,194,12,182
115900088,0,0,0
115900089,239,0,239
115900090,72,0,72
115900091,0,0,0
115900092,0,0,0
115900093,0,0,0
115900094,0,0,0
115900096,0,0,0
115900097,0,0,0
115900098,0,0,0
115900099,1,0,1
115900100,0,12,-12
115900101,2,1,1
115900102,0,0,0
115900103,1,0,1
115900104,39,0,39
115900105,48,6,42
115900106,0,0,0
115900107,51,11,40
115900108,0,0,0
115900109,1,107,-106
115900110,0,0,0
115900111,0,0,0
115900112,4,127,-123
115900113,0,0,0
115900114,0,0,0
115900115,0,0,0
115900116,18,88,-70
115900117,0,0,0
115900118,0,0,0
115900119,0,0,0
115900120,0,0,0
115900121,18,5,13
115900124,18,177,-159
115900125,56,2,54
115900126,130,5,125
115900127,247,0,247
115900128,0,0,0
115900129,73,0,73
115900130,0,7,-7
115900131,91,8,83
115900132,212,2,210
115900134,79,1,78
115900135,51,58,-7
115900137,15,0,15
115900139,0,0,0
115900140,81,0,81
115900141,0,0,0
115900142,0,0,0
115900143,0,0,0
115900144,1,0,1
115900146,23,8,15
115900147,39,101,-62
115900148,9,0,9
115900149,12,0,12
115900150,21,0,21
115900151,2,0,2
115900152,15,14,1
115900153,12,2,10
115900154,7,41,-34
115900155,0,0,0
115900156,32,41,-9
115900157,50,24,26
115900158,0,0,0
115900159,58,10,48
115900160,0,0,0
115900161,4,2,2
115900163,66,3,63
115900164,257,1,256
115900166,19,1,18
115900168,0,0,0
115900171,26,19,7
115900172,4,7,-3
115900173,51,31,20
115900174,14,8,6
115900175,41,9,32
115900178,3,14,-11
115900179,25,0,25
115900180,2,4,-2
115900181,79,9,70
115900182,187,4,183
115900183,0,0,0
115900184,74,1,73
115900187,0,7,-7
115900189,0,10,-10
115900190,4,54,-50
115900191,3,25,-22
115900192,0,21,-21
115900193,13,3,10
115900194,146,0,146
115900195,9,515,-506
115900198,22,31,-9
115900199,24,14,10
115900200,26,4,22
115900201,105,33,72
115900202,1,19,-18
115900203,12,1,11
115900204,0,0,0
115900205,0,0,0
115900206,0,0,0
115900207,0,0,0
115900208,5,9,-4
115900209,2,12,-10
115900210,0,10,-10
115900211,1,2,-1
115900212,0,0,0
115900213,2,57,-55
115900214,158,14,144
115900215,0,22,-22
115900216,0,0,0
115900217,0,0,0
115900218,0,0,0
115900219,23,0,23
115900220,80,0,80
115900221,17,1,16
115900222,49,16,33
115900223,0,105,-105
115900224,49,231,-182
115900225,4,20,-16
115900226,0,5,-5
115900227,1,1,0
115900228,0,0,0
115900229,0,7,-7
115900230,1,32,-31
115900231,0,0,0
115900232,0,0,0
115900233,0,0,0
115900234,0,0,0
115900235,0,0,0
115900236,0,0,0
115900237,0,0,0
115900238,0,0,0
115900239,0,0,0
115900240,0,0,0
115900241,0,0,0
115900242,25,87,-62
115900243,0,0,0
115900244,1,0,1
115900245,51,0,51
115900246,0,0,0
115900247,0,0,0
115900248,0,0,0
115900249,0,0,0
115900250,2,2,0
115900251,1,0,1
115900252,0,0,0
115900253,5,0,5
115900254,1,5,-4
115900255,0,5,-5
115900256,0,5,-5
115900257,0,1,-1
115900258,0,0,0
115900259,0,0,0
115900260,0,0,0
115900261,0,0,0
115900262,0,0,0
115900263,0,0,0
115900264,0,0,0
115900265,0,0,0
115900266,0,0,0
115900267,0,0,0
115900268,0,0,0
115900269,0,0,0
115900270,25,1,24
115900271,41,0,41
115900272,9,0,9
115900273,0,1,-1
115900274,0,0,0
115900275,0,0,0
115900276,0,0,0
115900277,0,1,-1
115900278,0,0,0
115900279,0,0,0
115900280,12,2,10
115900281,0,0,0
115900282,1,10,-9
115900283,16,11,5
115900284,0,0,0
116000001,891,564,327
116000002,3152,10582,-7430
116000003,207,261,-54
116000004,1035,3833,-2798
116000005,113,646,-533
116000006,299,814,-515
116000007,610,980,-370
116000008,1420,748,672
116000009,179,1204,-1025
116000010,1160,739,421
116000011,410,509,-99
116000012,914,288,626
116000013,907,1224,-317
116000014,1600,7721,-6121
116000015,49,226,-177
116000016,589,3335,-2746
116000017,9,327,-318
116000018,84,50,34
116000019,496,77,419
116000020,241,114,127
116000021,286,73,213
116000022,160,120,40
116000023,241,261,-20
116000024,252,37,215
116000025,217,211,6
116000026,448,226,222
116000027,334,474,-140
116000028,689,1970,-1281
116000029,225,132,93
116000030,371,1087,-716
116000031,0,0,0
116000032,156,4,152
116000033,544,235,309
116000034,1879,878,1001
116000035,312,121,191
116000036,35,98,-63
116000037,44,223,-179
116000038,94,282,-188
116000039,61,42,19
116000040,190,362,-172
116000041,26,77,-51
116000042,708,482,226
116000043,116,124,-8
116000044,5,7,-2
116000045,2560,2283,277
116000046,482,495,-13
116000047,525,824,-299
116000048,3872,1328,2544
116000049,2115,1138,977
116000050,722,324,398
116000051,3244,1089,2155
116000052,1041,478,563
116000053,2931,660,2271
116000054,423,443,-20
116000055,422,220,202
116000056,1522,1430,92
116000057,529,160,369
116000058,393,647,-254
116000059,886,5137,-4251
116000060,183,354,-171
116000061,84,843,-759
116000062,110,89,21
116000063,184,885,-701
116000066,86,820,-734
116000067,22,39,-17
116000068,57,229,-172
116000069,92,11,81
116000078,348,677,-329
116000080,543,161,382
116000082,0,25,-25
116000083,667,105,562
116000084,446,777,-331
116000085,668,354,314
116000086,235,213,22
116000087,1210,699,511
116000088,265,202,63
116000089,32,10,22
116000090,39,29,10
116000091,6,42,-36
116000093,219,95,124
116000094,148,130,18
116000095,333,44,289
116000096,567,520,47
116000097,167,53,114
116000098,36,2678,-2642
116000099,719,47,672
116000100,88,5,83
116000101,241,21,220
116000102,66,183,-117
116000103,238,44,194
116000104,116,80,36
116000105,760,25,735
116000106,299,84,215
116000107,1115,13,1102
116000108,2,18,-16
116000111,39,23,16
116000113,25,1,24
116000114,5,38,-33
116000115,242,60,182
116000116,64,83,-19
116000117,1067,414,653
116000118,385,126,259
116000119,1799,572,1227
116000120,503,266,237
116000121,395,204,191
116000122,62,58,4
116000123,1229,95,1134
116000124,90,55,35
116000125,1431,83,1348
116000126,78,43,35
116000127,172,45,127
116000128,1000,110,890
116000129,344,43,301
116000130,193,116,77
116000133,296,28,268
116000134,508,172,336
116000135,1374,328,1046
116000136,406,515,-109
116000137,495,191,304
116000138,174,157,17
116000139,1309,2325,-1016
116000140,64,156,-92
116000141,93,36,57
116000142,1277,1442,-165
116000143,1081,1129,-48
116000144,1056,893,163
116000145,2256,524,1732
116000146,173,9,164
116000147,85,146,-61
116000148,173,269,-96
116000149,157,124,33
116000151,288,246,42
116000153,140,678,-538
116000155,192,421,-229
116000156,109,110,-1
116000157,51,0,51
116000158,254,20,234
116000159,18,0,18
116000160,4,21,-17
116000161,0,69,-69
116000162,7,94,-87
116000163,14,0,14
116000164,0,9,-9
116000177,14,11,3
116000194,13,41,-28
116000195,484,82,402
116000196,0,0,0
116000197,0,0,0
116000198,1437,990,447
116000200,122,395,-273
116000201,257,117,140
116000202,10,30,-20
116000203,0,12,-12
116000204,0,2,-2
116000205,0,6,-6
116000206,0,5,-5
116000207,4,11,-7
116000233,0,0,0
116000287,39,30,9
116000288,113,80,33
116000292,0,0,0
116000296,0,20,-20
116000297,28,2,26
116000304,43,12,31
116000305,24,29,-5
116000346,0,0,0
116000352,0,0,0
116000354,0,0,0
116000357,0,0,0
116000358,1,2,-1
116000361,9,0,9
116000372,2151,3824,-1673
116000381,42,0,42
116000388,0,2,-2
116000389,66,5,61
116000445,78,28,50
116000446,561,51,510
116000447,1,52,-51
116000448,209,53,156
116000563,328,1587,-1259
116000565,11,95,-84
116000568,17,75,-58
116000579,0,20,-20
116000583,2,1,1
116000584,16,3,13
116000585,17,53,-36
116000586,4,64,-60
116000587,471,143,328
116000589,70,3,67
116000590,46,2,44
116000591,205,40,165
116000592,72,33,39
116000593,0,0,0
116000594,155,126,29
116000595,121,24,97
116000596,113,0,113
116000597,236,65,171
116000598,20,25,-5
116000605,15,5,10
116000606,70,95,-25
116000607,0,0,0
116000609,6,221,-215
116000611,12,22,-10
116000612,1383,1670,-287
116000613,552,145,407
116000614,47,30,17
116000615,0,0,0
116000616,62,5,57
116000617,97,0,97
116000618,0,4,-4
116000619,12,37,-25
116000620,196,45,151
116000621,56,71,-15
116000622,137,59,78
116000624,53,26,27
116000627,65,7,58
116000628,55,29,26
116000629,13,10,3
116000630,404,0,404
116000631,168,7,161
116000632,322,3,319
116000633,25,22,3
116000634,91,3,88
116000635,1669,1965,-296
116000636,275,820,-545
116000637,52,2,50
116000638,5,33,-28
116000639,8,0,8
116000640,25,5,20
116000641,0,0,0
116000643,0,0,0
116000644,0,0,0
116000645,6,26,-20
116900001,44,1,43
116900002,38,0,38
116900003,0,0,0
116900004,150,30,120
116900005,57,1,56
116900006,22,42,-20
116900007,1,3,-2
116900008,79,7,72
116900009,14,0,14
116900010,0,43,-43
116900011,0,1,-1
116900012,7,18,-11
116900013,0,27,-27
116900014,0,0,0
116900016,93,1,92
116900017,0,70,-70
116900018,0,0,0
116900019,0,0,0
116900020,39,78,-39
116900023,0,0,0
116900025,266,32,234
116900026,1,72,-71
116900027,0,0,0
116900028,0,0,0
116900029,0,8,-8
116900031,0,0,0
116900032,5,4,1
116900033,1,0,1
116900034,0,0,0
116900035,2,6,-4
116900036,1,13,-12
116900038,0,0,0
116900041,6,0,6
116900042,0,0,0
116900043,13,17,-4
116900047,0,16,-16
116900049,0,0,0
116900050,43,6,37
116900051,22,2,20
116900052,17,25,-8
116900055,0,0,0
116900057,0,0,0
116900058,1,18,-17
116900059,1,2,-1
116900060,16,64,-48
116900062,0,13,-13
116900064,0,0,0
116900065,0,1,-1
116900067,3,0,3
116900068,79,25,54
116900070,1,0,1
116900072,0,0,0
116900073,1,1,0
116900074,0,0,0
116900076,0,11,-11
116900077,0,2,-2
116900078,0,0,0
116900079,4,19,-15
116900080,0,0,0
116900081,16,21,-5
116900082,6,70,-64
116900083,16,4,12
116900084,6,1,5
116900085,0,0,0
116900086,0,34,-34
116900088,13,1,12
116900090,0,0,0
116900091,24,1,23
116900092,9,4,5
116900093,85,99,-14
116900094,444,853,-409
116900095,21,2,19
116900096,22,1,21
116900097,189,642,-453
116900098,17,7,10
116900099,13,75,-62
116900100,309,2,307
116900101,29,1,28
116900103,9,0,9
116900104,2,143,-141
116900105,86,10,76
116900106,811,3,808
116900107,437,674,-237
116900110,0,0,0
116900111,392,80,312
116900112,88,62,26
116900113,128,779,-651
116900116,0,2,-2
116900117,2,4,-2
116900118,44,9,35
116900120,63,4,59
116900121,71,10,61
116900122,245,29,216
116900123,86,43,43
116900124,4,8,-4
116900125,43,1,42
116900126,0,167,-167
116900128,0,0,0
116900129,0,1,-1
116900130,4,448,-444
116900131,0,0,0
116900132,1,0,1
116900133,0,0,0
116900134,0,0,0
116900136,0,0,0
116900137,0,0,0
116900138,0,0,0
116900139,0,0,0
116900140,0,0,0
116900141,0,0,0
116900142,0,0,0
116900143,0,0,0
116900144,0,0,0
116900145,0,0,0
116900147,0,0,0
116900148,0,0,0
116900149,0,6,-6
116900150,0,0,0
116900151,0,0,0
116900153,6,4,2
116900154,5,7,-2
116900155,0,0,0
116900157,74,1,73
116900158,5,3,2
116900159,1,8,-7
116900160,202,158,44
116900161,304,34,270
116900162,0,9,-9
116900163,46,4,42
116900164,1,1,0
116900165,167,49,118
116900166,15,1,14
116900167,72,6,66
116900168,80,4,76
116900169,10,8,2
116900170,294,92,202
116900171,1,0,1
116900172,2,34,-32
116900173,50,0,50
116900174,2,8,-6
116900175,6,4,2
116900178,0,2,-2
116900179,11,34,-23
116900180,1,0,1
116900182,50,4,46
116900183,73,18,55
116900185,5,2,3
116900186,0,4,-4
116900187,14,4,10
116900188,17,0,17
116900189,0,0,0
116900191,26,6,20
116900192,153,11,142
116900194,8,287,-279
116900195,10,0,10
116900196,1,2,-1
116900197,25,0,25
116900198,7,45,-38
116900200,0,0,0
116900201,39,0,39
116900202,10,1,9
116900203,19,1,18
116900204,1,15,-14
116900206,0,0,0
116900207,0,0,0
116900208,1,10,-9
116900209,0,3,-3
116900210,15,2,13
116900211,18,1,17
116900212,0,0,0
116900213,64,8,56
116900214,0,0,0
116900215,0,4,-4
116900216,1,0,1
116900218,0,2,-2
116900219,107,4,103
116900220,8,4,4
116900221,0,0,0
116900222,314,104,210
116900223,15,13,2
116900226,52,4,48
116900227,46,3,43
116900228,107,0,107
116900230,5,32,-27
116900233,302,3,299
116900234,11,0,11
116900235,3,0,3
116900238,82,4,78
116900239,0,64,-64
116900240,1117,220,897
116900241,0,0,0
116900242,99,189,-90
116900243,0,0,0
116900245,47,44,3
116900246,11,0,11
116900247,151,12,139
116900248,5,0,5
116900249,134,6,128
116900250,52,4,48
116900251,18,76,-58
116900252,29,27,2
116900254,0,1,-1
116900255,0,0,0
116900256,0,0,0
116900257,0,0,0
116900258,0,0,0
116900259,19,1,18
116900260,0,0,0
116900261,24,16,8
116900262,44,4,40
116900263,1,0,1
116900264,7,1,6
116900265,0,0,0
116900266,0,0,0
116900267,0,0,0
116900268,0,0,0
116900269,383,144,239
116900271,0,0,0
116900272,82,17,65
116900273,0,0,0
116900274,63,2,61
116900275,2,2,0
116900276,132,106,26
116900277,22,0,22
116900278,0,0,0
116900279,3,0,3
116900280,0,0,0
116900281,465,830,-365
116900282,0,3,-3
116900283,0,0,0
116900284,0,2,-2
116900285,3,25,-22
116900286,4,0,4
116900287,0,4,-4
116900288,17,14,3
116900289,1,0,1
116900290,0,0,0
116900291,0,0,0
116900292,0,0,0
116900293,0,0,0
116900294,0,0,0
116900295,0,0,0
116900296,0,0,0
116900297,0,0,0
116900298,0,0,0
116900299,0,0,0
116900300,0,0,0
116900301,0,0,0
116900302,0,0,0
116900303,29,0,29
116900304,0,0,0
116900305,0,0,0
116900306,254,19,235
116900307,0,0,0
116900308,0,0,0
116900309,0,0,0
117000001,2869,1810,1059
117000002,1549,907,642
117000003,3728,1498,2230
117000004,1426,1090,336
117000005,2867,873,1994
117000006,519,610,-91
117000007,3578,650,2928
117000008,339,896,-557
117000009,2101,596,1505
117000010,617,662,-45
117000011,1525,474,1051
117000012,805,248,557
117000013,1480,243,1237
117000014,547,1132,-585
117000015,697,951,-254
117000016,75,133,-58
117000017,90,215,-125
117000018,10,352,-342
117000019,7,76,-69
117000020,160,932,-772
117000021,773,599,174
117000022,74,233,-159
117000023,90,588,-498
117000024,53,149,-96
117000025,12,269,-257
117000026,1229,1435,-206
117000027,195,253,-58
117000028,337,260,77
117000030,233,235,-2
117000031,514,158,356
117000032,806,623,183
117000033,571,299,272
117000034,328,174,154
117000035,279,134,145
117000036,195,256,-61
117000037,253,134,119
117000038,278,293,-15
117000039,248,136,112
117000040,11,105,-94
117000041,807,4,803
117000044,0,78,-78
117000045,269,108,161
117000046,197,194,3
117000047,577,278,299
117000048,227,138,89
117000049,14,207,-193
117000050,50,238,-188
117000051,1629,9,1620
117000052,26,104,-78
117000053,352,0,352
117000054,1322,7,1315
117000055,0,221,-221
117000056,417,44,373
117000057,105,178,-73
117000060,148,76,72
117000061,1687,729,958
117000062,88,58,30
117000063,1493,372,1121
117000064,869,153,716
117000066,29,70,-41
117000067,212,403,-191
117000074,7,55,-48
117000076,6,4,2
117000077,29,13,16
117000078,144,42,102
117000079,44,26,18
117000080,0,0,0
117000081,192,29,163
117000082,1,7,-6
117000083,41,0,41
117000084,27,0,27
117000085,194,69,125
117000086,188,85,103
117000087,0,158,-158
117000088,312,86,226
117000089,1628,155,1473
117000090,95,230,-135
117000091,952,34,918
117000092,95,182,-87
117000093,1709,118,1591
117000094,183,219,-36
117000095,3105,102,3003
117000096,250,242,8
117000097,1954,291,1663
117000098,442,403,39
117000099,3543,382,3161
117000100,49,62,-13
117000101,48,86,-38
117000102,1866,212,1654
117000103,110,206,-96
117000104,1591,144,1447
117000105,107,177,-70
117000106,1760,132,1628
117000107,150,143,7
117000108,1685,872,813
117000109,469,210,259
117000110,2120,1607,513
117000111,2379,2112,267
117000112,1435,750,685
117000113,33,32,1
117000114,112,51,61
117000115,21,19,2
117000116,47,20,27
117000117,218,107,111
117000118,75,72,3
117000119,9,188,-179
117000120,6,195,-189
117000121,1,323,-322
117000122,13,313,-300
117000123,207,65,142
117000124,1,10,-9
117000125,7,41,-34
117000126,10,0,10
117000127,23,20,3
117000128,15,4,11
117000129,216,805,-589
117000130,62,1,61
117000131,0,0,0
117000132,1953,9,1944
117000133,1916,5,1911
117000134,0,0,0
117000135,0,0,0
117000136,0,0,0
117000137,220,90,130
117000138,0,0,0
117000140,87,92,-5
117000141,1738,250,1488
117000181,4,15,-11
117000182,422,524,-102
117000195,0,51,-51
117000196,94,167,-73
117000225,10,26,-16
117000226,0,12,-12
117000276,198,22,176
117000277,0,36,-36
117000310,254,1609,-1355
117000315,12,251,-239
117000320,46,0,46
117000906,344,42,302
117000907,0,33,-33
117000909,53,137,-84
117000910,197,31,166
117000911,27,87,-60
117000915,10,74,-64
117000916,1,1,0
117000917,1009,13,996
117000918,87,169,-82
117000919,0,8,-8
117000920,0,100,-100
117000921,0,35,-35
117000922,11,3,8
117000924,141,368,-227
117000926,155,71,84
117000927,150,408,-258
117000928,0,0,0
117000929,43,33,10
117000930,7,0,7
117000931,86,83,3
117900002,40,475,-435
117900003,0,0,0
117900005,0,7,-7
117900006,0,0,0
117900007,114,30,84
117900008,0,0,0
117900010,135,42,93
117900011,1,55,-54
117900012,10,6,4
117900013,0,6,-6
117900014,179,31,148
117900015,0,6,-6
117900016,119,402,-283
117900017,320,24,296
117900018,93,16,77
117900019,272,38,234
117900020,2,55,-53
117900021,36,2,34
117900023,69,2,67
117900024,24,1,23
117900025,0,0,0
117900026,191,21,170
117900028,1,0,1
117900029,106,18,88
117900030,108,141,-33
117900031,24,14,10
117900032,293,98,195
117900033,290,25,265
117900034,6,0,6
117900035,71,11,60
117900036,149,27,122
117900037,76,7,69
117900038,0,0,0
117900039,0,0,0
117900040,0,0,0
117900041,0,0,0
117900042,269,104,165
117900043,0,0,0
117900044,2,1258,-1256
117900045,52,36,16
117900048,237,7,230
117900049,91,27,64
117900050,1,98,-97
117900051,1,0,1
117900052,0,0,0
117900053,538,41,497
117900054,0,15,-15
117900055,77,48,29
117900056,0,22,-22
117900057,113,225,-112
117900058,0,3,-3
117900059,0,0,0
117900060,821,473,348
117900061,2,112,-110
117900063,114,15,99
117900065,119,64,55
117900066,1,34,-33
117900067,455,22,433
117900069,300,21,279
117900070,16,23,-7
117900071,158,56,102
117900073,343,16,327
117900074,4,63,-59
117900075,53,14,39
117900076,0,2,-2
117900077,63,2,61
117900078,162,193,-31
117900080,100,39,61
117900081,55,37,18
117900082,159,86,73
117900083,220,46,174
117900086,139,18,121
117900087,37,7,30
117900088,223,77,146
117900089,752,76,676
117900090,196,51,145
117900091,187,17,170
117900092,28,12,16
117900093,53,2,51
117900094,62,12,50
117900095,82,59,23
117900096,104,77,27
117900097,23,4,19
117900098,45,3,42
117900099,30,342,-312
117900100,208,0,208
117900101,429,717,-288
117900102,26,10,16
117900103,32,0,32
117900104,0,89,-89
117900105,61,4,57
117900106,15,8,7
117900107,56,0,56
117900109,360,260,100
117900110,81,2,79
117900111,395,13,382
117900112,24,0,24
117900113,184,60,124
117900114,34,0,34
117900115,16,20,-4
117900116,233,127,106
117900117,146,63,83
117900118,55,0,55
117900119,126,0,126
117900120,282,0,282
117900121,61,0,61
117900122,121,1136,-1015
117900123,245,73,172
117900124,112,107,5
117900125,301,169,132
117900126,57,31,26
117900127,147,11,136
117900128,169,48,121
117900129,86,0,86
117900130,221,1,220
117900131,0,0,0
117900132,0,0,0
117900133,0,0,0
117900134,0,0,0
117900135,0,0,0
117900136,0,0,0
117900137,0,0,0
117900138,0,0,0
117900139,9,1,8
117900140,1064,223,841
117900141,6,41,-35
117900142,1,45,-44
117900144,0,70,-70
117900145,0,28,-28
117900146,3,60,-57
117900147,47,9,38
117900148,203,791,-588
117900149,19,7,12
117900150,15,19,-4
117900151,39,6,33
117900152,0,0,0
117900153,0,83,-83
117900154,211,99,112
117900156,122,30,92
117900157,52,33,19
117900158,58,2,56
117900160,277,102,175
117900161,138,82,56
117900162,335,119,216
117900163,14,42,-28
117900165,0,0,0
117900166,3,63,-60
117900168,129,1,128
117900169,0,2,-2
117900170,0,4,-4
117900171,7,0,7
117900172,1,0,1
117900173,2,2,0
117900174,1,6,-5
117900175,0,0,0
117900176,0,20,-20
117900177,0,3,-3
117900178,1,1,0
117900180,28,1,27
117900181,2,398,-396
117900182,4,55,-51
117900183,28,99,-71
117900184,32,7,25
117900185,62,0,62
117900186,93,9,84
117900187,36,3,33
117900188,34,0,34
117900189,10,0,10
117900190,1,0,1
117900191,10,0,10
117900192,47,0,47
117900193,113,48,65
117900194,10,0,10
117900195,26,1,25
117900196,15,0,15
117900207,18,10,8
117900208,10,6,4
117900209,61,10,51
117900210,0,0,0
117900211,0,0,0
117900212,118,40,78
117900213,37,0,37
117900214,0,3,-3
117900215,0,0,0
117900216,0,0,0
117900217,0,0,0
117900218,0,0,0
117900219,0,0,0
117900220,0,50,-50
117900222,14,26,-12
117900223,36,129,-93
118000001,270,1012,-742
118000002,119,474,-355
118000003,1791,3202,-1411
118000004,547,607,-60
118000005,1193,1845,-652
118000006,1247,1665,-418
118000007,2928,5322,-2394
118000008,2336,2250,86
118000009,622,1339,-717
118000010,976,1199,-223
118000011,515,214,301
118000012,311,183,128
118000013,365,361,4
118000014,425,379,46
118000016,136,35,101
118000017,669,568,101
118000018,131,68,63
118000019,422,796,-374
118000020,83,719,-636
118000021,103,948,-845
118000022,623,480,143
118000023,264,238,26
118000024,467,498,-31
118000027,3092,4592,-1500
118000029,177,759,-582
118000032,242,1164,-922
118000033,1533,1966,-433
118000034,996,1271,-275
118000035,300,791,-491
118000036,168,439,-271
118000037,144,310,-166
118000038,99,235,-136
118000039,51,32,19
118000040,538,414,124
118000041,257,366,-109
118000045,72,268,-196
118000046,45,1165,-1120
118000047,37,325,-288
118000048,512,1526,-1014
118000051,476,1040,-564
118000052,296,1000,-704
118000053,273,610,-337
118000054,579,549,30
118000055,310,557,-247
118000056,16,155,-139
118000057,80,178,-98
118000058,403,330,73
118000059,218,933,-715
118000060,278,241,37
118000061,253,283,-30
118000062,122,47,75
118000063,50,572,-522
118000064,197,885,-688
118000065,849,248,601
118000066,348,1640,-1292
118000067,165,742,-577
118000068,216,2366,-2150
118000069,300,515,-215
118000070,552,1211,-659
118000071,344,2227,-1883
118000072,347,2942,-2595
118000073,233,987,-754
118000074,93,487,-394
118000075,200,392,-192
118000076,2817,5518,-2701
118000077,642,687,-45
118000078,1040,1361,-321
118000079,47,116,-69
118000080,109,308,-199
118000081,854,741,113
118000082,91,789,-698
118000083,270,963,-693
118000084,297,278,19
118000086,5,101,-96
118000087,1087,1335,-248
118000088,284,1007,-723
118000089,807,902,-95
118000090,100,1226,-1126
118000091,192,1511,-1319
118000092,239,68,171
118000093,38,564,-526
118000096,85,324,-239
118000097,161,155,6
118000098,99,236,-137
118000099,0,0,0
118000101,647,169,478
118000102,308,188,120
118000107,26,11,15
118000108,55,436,-381
118000110,0,0,0
118000111,0,0,0
118000112,223,0,223
118000113,0,0,0
118000114,325,2,323
118000115,1,13,-12
118000116,24,2,22
118000117,264,301,-37
118000118,481,542,-61
118000119,565,645,-80
118000120,443,218,225
118000121,10,120,-110
118000122,56,51,5
118000123,55,201,-146
118000125,30,137,-107
118000126,152,440,-288
118000127,453,493,-40
118000128,21,499,-478
118000129,261,521,-260
118000130,460,985,-525
118000131,130,191,-61
118000132,1805,1488,317
118000133,409,204,205
118000135,73,282,-209
118000136,27,253,-226
118000137,90,67,23
118000138,19,78,-59
118000139,116,26,90
118000140,952,4603,-3651
118000141,2479,1458,1021
118000142,809,888,-79
118000143,2728,1643,1085
118000144,478,194,284
118000145,641,216,425
118000146,803,95,708
118000147,880,181,699
118000148,141,578,-437
118000149,429,115,314
118000150,728,209,519
118000151,386,37,349
118000153,1917,951,966
118000154,956,588,368
118000155,2239,1283,956
118000156,511,991,-480
118000157,274,83,191
118000158,72,147,-75
118000159,46,89,-43
118000160,554,128,426
118000161,299,109,190
118000162,432,345,87
118000163,506,663,-157
118000164,995,689,306
118000168,53,0,53
118000169,161,359,-198
118000170,984,986,-2
118000171,69,115,-46
118000172,68,61,7
118000173,593,350,243
118000175,133,219,-86
118000176,314,372,-58
118000177,311,429,-118
118000178,1,22,-21
118000179,690,744,-54
118000180,521,342,179
118000181,163,42,121
118000182,99,119,-20
118000183,119,106,13
118000184,856,290,566
118000185,160,564,-404
118000186,93,510,-417
118000187,877,177,700
118000188,97,21,76
118000189,27,9,18
118000190,2,2,0
118000191,6,4,2
118000192,6,90,-84
118000193,6,229,-223
118000194,503,1048,-545
118000195,103,770,-667
118000196,2,68,-66
118000197,99,316,-217
118000198,402,885,-483
118000199,504,668,-164
118000200,0,0,0
118000201,58,331,-273
118000202,0,0,0
118000203,40,102,-62
118000204,4,41,-37
118000205,46,51,-5
118000206,331,81,250
118000207,0,43,-43
118000208,651,804,-153
118000209,1136,202,934
118000210,87,17,70
118000211,69,26,43
118000213,91,921,-830
118000214,113,35,78
118000215,98,7,91
118000216,442,7,435
118000217,1,20,-19
118000218,36,2,34
118000219,84,79,5
118000220,2,40,-38
118000221,10,260,-250
118000222,38,2,36
118000223,47,10,37
118000224,20,3,17
118000225,0,0,0
118000226,205,6,199
118000227,67,116,-49
118000228,0,0,0
118000229,0,0,0
118000230,0,0,0
118000231,0,0,0
118000232,0,0,0
118000233,451,128,323
118000234,0,0,0
118000236,127,1,126
118000237,0,0,0
118000238,202,0,202
118000239,280,145,135
118000240,37,20,17
118000241,40,8,32
118000242,0,0,0
118000243,0,0,0
118000244,7,22,-15
118000246,0,0,0
118000255,66,267,-201
118000256,70,144,-74
118000259,0,3,-3
118000260,27,0,27
118000261,1,2,-1
118000263,16,33,-17
118000266,16,17,-1
118000267,0,0,0
118000268,60,10,50
118000270,0,0,0
118000271,83,75,8
118000272,24,5,19
118000273,0,0,0
118000274,0,0,0
118000276,97,5,92
118000295,0,0,0
118000298,7,2,5
118000299,0,0,0
118000301,0,0,0
118000302,15,8,7
118000311,193,31,162
118000312,0,0,0
118000313,15,9,6
118000314,7,3,4
118000315,1,2,-1
118000316,18,5,13
118000325,84,1,83
118000326,5,16,-11
118000331,147,1,146
118000332,71,0,71
118000333,58,4,54
118000335,117,0,117
118000336,0,0,0
118000407,88,7,81
118000457,0,0,0
118000465,218,268,-50
118000480,3,3,0
118000489,1,261,-260
118000490,3,30,-27
118000492,279,46,233
118000510,0,0,0
118000514,15,12,3
118000515,56,159,-103
118000517,133,46,87
118000524,14,32,-18
118000525,4,9,-5
118000530,6,51,-45
118000531,155,124,31
118000532,0,0,0
118000533,0,0,0
118000534,0,0,0
118000535,133,30,103
118000536,0,2,-2
118000537,1,3,-2
118000538,1,10,-9
118000539,23,152,-129
118000540,7,0,7
118000541,6,1,5
118000542,44,61,-17
118000543,47,22,25
118000546,3,0,3
118000553,0,0,0
118000557,0,0,0
118000560,0,0,0
118000562,0,0,0
118000563,629,699,-70
118000576,118,50,68
118000577,32,121,-89
118000578,82,26,56
118000579,100,286,-186
118000583,0,0,0
118000595,91,36,55
118000596,0,0,0
118000597,57,83,-26
118000598,2,0,2
118000599,300,8,292
118000600,0,0,0
118000601,1,0,1
118000602,1,3,-2
118000603,0,2,-2
118000605,4,3,1
118000606,0,0,0
118900001,0,0,0
118900002,49,1,48
118900003,48,0,48
118900004,3,0,3
118900005,0,0,0
118900006,0,0,0
118900007,0,0,0
118900008,137,0,137
118900009,0,0,0
118900010,0,0,0
118900011,0,0,0
118900012,143,31,112
118900013,0,0,0
118900015,0,0,0
118900016,0,0,0
118900017,0,0,0
118900018,0,0,0
118900019,0,0,0
118900020,0,0,0
118900021,15,7,8
118900022,10,13,-3
118900023,0,0,0
118900024,0,0,0
118900025,0,0,0
118900026,19,15,4
118900027,0,0,0
118900028,97,19,78
118900029,0,0,0
118900030,0,0,0
118900031,10,2,8
118900032,0,0,0
118900033,0,0,0
118900034,0,0,0
118900035,8,4,4
118900036,167,52,115
118900037,0,0,0
118900038,76,0,76
118900039,0,0,0
118900040,39,23,16
118900041,0,0,0
118900042,4,2,2
118900045,9,13,-4
118900046,3,1,2
118900047,8,22,-14
118900048,0,0,0
118900049,0,0,0
118900050,0,0,0
118900051,5,16,-11
118900052,0,0,0
118900053,0,0,0
118900054,22,5,17
118900055,0,0,0
118900056,4,7,-3
118900057,84,67,17
118900058,0,0,0
118900059,0,0,0
118900060,34,4,30
118900062,0,0,0
118900064,0,0,0
118900065,0,0,0
118900066,0,0,0
118900067,22,107,-85
118900068,0,0,0
118900069,5,0,5
118900071,0,0,0
118900072,0,0,0
118900073,0,0,0
118900074,0,0,0
118900075,0,0,0
118900076,0,0,0
118900077,0,0,0
118900078,0,0,0
118900079,0,0,0
118900080,0,0,0
118900081,0,0,0
118900082,0,0,0
118900083,0,0,0
118900084,0,0,0
118900085,0,0,0
118900086,0,0,0
118900087,3,1,2
118900088,0,0,0
118900089,0,0,0
118900090,0,0,0
118900091,0,0,0
118900092,0,0,0
118900093,0,0,0
118900096,3,25,-22
118900097,18,39,-21
118900099,23,1,22
118900100,0,0,0
118900101,0,0,0
118900102,0,0,0
118900103,0,0,0
118900104,32,0,32
118900105,0,0,0
118900107,0,0,0
118900108,0,0,0
118900110,45,0,45
118900111,0,0,0
118900112,0,0,0
118900113,0,0,0
118900114,0,0,0
118900115,6,29,-23
118900116,1,2,-1
118900117,22,17,5
118900118,25,4,21
118900119,17,6,11
118900120,1,5,-4
118900121,0,0,0
118900122,0,0,0
118900123,33,9,24
118900124,0,0,0
118900126,0,0,0
118900129,0,0,0
118900130,0,0,0
118900131,38,3,35
118900132,0,0,0
118900133,0,0,0
118900135,0,0,0
118900136,123,14,109
118900137,0,0,0
118900139,0,0,0
118900140,94,25,69
118900141,0,0,0
118900144,13,9,4
118900145,0,0,0
118900146,10,38,-28
118900147,0,0,0
118900148,0,0,0
118900150,0,0,0
118900152,0,0,0
118900157,0,0,0
118900158,0,0,0
118900159,0,0,0
118900161,0,0,0
118900163,0,0,0
118900164,0,0,0
118900165,0,0,0
118900166,0,0,0
118900167,0,0,0
118900168,0,0,0
118900169,0,0,0
118900170,0,0,0
118900171,0,0,0
118900174,0,0,0
118900175,69,45,24
118900176,45,39,6
118900177,0,0,0
118900178,0,0,0
118900179,0,0,0
118900181,42,5,37
118900182,0,0,0
118900183,0,0,0
118900184,0,0,0
118900185,43,1,42
118900186,0,4,-4
118900187,33,8,25
118900188,36,8,28
118900189,0,0,0
118900190,0,0,0
118900191,0,0,0
118900192,0,0,0
118900193,0,0,0
118900195,19,0,19
118900196,0,0,0
118900197,1,0,1
118900198,0,0,0
118900199,0,0,0
118900200,0,0,0
118900201,0,0,0
118900202,0,0,0
118900203,0,0,0
118900204,0,0,0
118900205,0,0,0
118900206,0,0,0
119000001,1044,724,320
119000002,1852,792,1060
119000003,945,263,682
119000004,669,1199,-530
119000005,1099,1534,-435
119000006,1113,592,521
119000007,1661,1763,-102
119000008,391,436,-45
119000009,782,2401,-1619
119000010,926,1215,-289
119000011,939,918,21
119000012,629,1023,-394
119000013,2501,1315,1186
119000014,644,1282,-638
119000019,39,17,22
119000020,521,931,-410
119000021,1050,1287,-237
119000022,115,431,-316
119000023,35,169,-134
119000024,341,7598,-7257
119000025,1017,421,596
119000026,13,190,-177
119000027,34,206,-172
119000028,1264,281,983
119000029,12,92,-80
119000030,282,487,-205
119000031,356,453,-97
119000032,185,559,-374
119000033,1087,712,375
119000034,428,282,146
119000035,14,85,-71
119000036,1178,220,958
119000037,504,329,175
119000038,38,142,-104
119000039,338,178,160
119000040,172,435,-263
119000041,273,748,-475
119000048,1322,469,853
119000049,668,252,416
119000050,312,576,-264
119000051,379,205,174
119000052,368,479,-111
119000053,547,411,136
119000054,1263,455,808
119000055,2878,417,2461
119000056,2039,450,1589
119000057,781,459,322
119000058,591,363,228
119000059,677,360,317
119000060,478,122,356
119000061,147,305,-158
119000062,156,212,-56
119000063,365,220,145
119000064,133,133,0
119000065,174,315,-141
119000066,595,551,44
119000067,576,389,187
119000068,652,223,429
119000069,477,280,197
119000070,887,221,666
119000071,44,123,-79
119000072,640,361,279
119000073,1132,2427,-1295
119000074,1408,363,1045
119000075,1330,857,473
119000076,42,257,-215
119000077,259,168,91
119000078,93,10,83
119000079,74,99,-25
119000080,115,20,95
119000081,109,52,57
119000082,100,14,86
119000083,69,48,21
119000084,185,52,133
119000085,135,64,71
119000086,88,42,46
119000087,301,94,207
119000088,101,3,98
119000089,5,64,-59
119000090,63,50,13
119000091,25,47,-22
119000092,116,83,33
119000093,966,628,338
119000094,1301,1207,94
119000095,794,504,290
119000097,596,394,202
119000098,409,2321,-1912
119000099,1092,277,815
119000100,1785,893,892
119000101,849,618,231
119000102,27,164,-137
119000103,406,204,202
119000104,144,39,105
119000105,190,637,-447
119000106,102,88,14
119000107,581,315,266
119000108,169,131,38
119000109,15,47,-32
119000110,0,0,0
119000111,0,26,-26
119000112,0,0,0
119000113,112,7,105
119000114,24,142,-118
119000115,84,120,-36
119000116,11,61,-50
119000117,22,56,-34
119000118,0,1,-1
119000123,247,712,-465
119000124,298,34,264
119000125,1742,104,1638
119000126,769,159,610
119000127,133,47,86
119000128,3,1,2
119000131,281,46,235
119000132,0,0,0
119000133,2,6,-4
119000134,215,419,-204
119000135,28,17,11
119000136,0,0,0
119000137,29,9,20
119000138,0,0,0
119000139,10,4,6
119000140,0,0,0
119000284,159,494,-335
119000285,290,227,63
119000286,1155,833,322
119000287,490,326,164
119000288,304,140,164
119000289,261,564,-303
119000290,191,245,-54
119000291,4,63,-59
119000293,146,232,-86
119000294,41,52,-11
119000295,104,162,-58
119000296,73,7,66
119000297,0,0,0
119000302,800,811,-11
119000303,1,32,-31
119000310,0,0,0
119000314,283,2489,-2206
119000315,0,5,-5
119000316,0,0,0
119000317,25,8,17
119900001,0,0,0
119900002,60,30,30
119900003,0,0,0
119900004,0,0,0
119900005,0,0,0
119900006,0,0,0
119900007,5,0,5
119900008,0,0,0
119900009,64,42,22
119900010,144,178,-34
119900011,0,0,0
119900012,0,0,0
119900013,175,154,21
119900014,48,60,-12
119900015,0,0,0
119900016,0,0,0
119900017,0,0,0
119900018,94,203,-109
119900019,0,0,0
119900020,0,0,0
119900021,0,0,0
119900022,3,108,-105
119900023,59,632,-573
119900025,0,0,0
119900026,0,0,0
119900027,0,0,0
119900028,31,38,-7
119900029,0,0,0
119900030,0,0,0
119900031,2,252,-250
119900033,187,64,123
119900034,0,0,0
119900037,0,0,0
119900038,25,5,20
119900039,5,3,2
119900040,126,3,123
119900041,0,0,0
119900042,0,0,0
119900043,2,0,2
119900044,3,43,-40
119900046,0,0,0
119900047,0,0,0
119900048,25,1,24
119900049,0,0,0
119900050,0,11,-11
119900051,249,2,247
119900052,0,0,0
119900053,0,0,0
119900054,88,0,88
119900055,0,0,0
119900057,0,0,0
119900058,0,0,0
119900059,0,0,0
119900060,19,2,17
119900061,98,1,97
119900062,0,0,0
119900063,0,0,0
119900065,0,0,0
119900067,0,0,0
119900068,4,0,4
119900069,14,0,14
119900070,77,0,77
119900071,127,6,121
119900073,84,0,84
119900074,0,0,0
119900075,148,58,90
119900076,0,0,0
119900077,26,0,26
119900078,87,4,83
119900079,73,0,73
119900080,177,79,98
119900081,117,4,113
119900082,1059,155,904
119900083,113,100,13
119900084,0,0,0
119900085,0,0,0
119900086,64,25,39
119900087,0,0,0
119900088,0,0,0
119900089,0,13,-13
119900090,0,0,0
119900091,1,16,-15
119900092,0,1,-1
119900093,0,0,0
119900094,2,2,0
119900095,0,0,0
119900096,0,0,0
119900097,0,0,0
119900098,0,0,0
119900099,0,0,0
119900100,70,105,-35
119900101,3,100,-97
119900102,0,0,0
119900103,0,0,0
119900104,0,0,0
119900105,22,18,4
119900106,0,0,0
119900107,0,0,0
119900108,385,149,236
119900109,0,0,0
119900110,33,5,28
119900111,15,1,14
119900112,0,0,0
119900113,2,0,2
119900114,41,65,-24
119900115,32,26,6
119900116,0,4,-4
119900117,19,42,-23
119900118,41,15,26
119900119,7,17,-10
119900120,34,25,9
119900121,0,0,0
119900122,11,1,10
119900123,5,9,-4
119900124,1,3,-2
119900125,0,0,0
119900126,165,32,133
119900127,47,0,47
119900128,28,1,27
119900129,4,1,3
119900130,0,0,0
119900131,2,4,-2
119900132,1,0,1
119900133,0,0,0
119900134,25,1,24
119900135,0,0,0
119900136,0,0,0
119900138,0,0,0
119900139,0,0,0
119900140,0,2,-2
119900141,0,0,0
119900142,0,0,0
119900143,1,0,1
119900144,0,0,0
119900145,0,0,0
119900146,0,0,0
119900147,0,0,0
119900148,0,0,0
119900149,4,476,-472
119900150,0,0,0
119900151,227,74,153
119900152,0,0,0
119900153,0,0,0
119900154,0,0,0
119900155,0,0,0
119900156,27,12,15
119900157,0,0,0
119900158,0,0,0
119900159,0,0,0
119900160,0,0,0
119900161,38,11,27
119900162,76,44,32
119900163,0,0,0
119900164,0,0,0
119900165,0,0,0
119900166,0,0,0
119900167,0,0,0
119900168,112,10,102
119900169,0,0,0
119900170,0,0,0
119900171,2,2,0
119900172,0,0,0
119900173,0,0,0
119900174,0,0,0
119900175,277,22,255
119900177,0,0,0
119900178,0,0,0
119900179,34,316,-282
119900180,142,16,126
119900181,0,0,0
119900182,0,0,0
119900183,2,0,2
119900184,10,1,9
119900185,5,111,-106
119900186,0,0,0
119900187,0,0,0
119900188,86,43,43
119900189,0,0,0
119900190,0,0,0
119900191,0,0,0
119900192,0,0,0
119900193,103,13,90
119900194,0,0,0
119900195,0,0,0
119900196,0,0,0
119900197,0,0,0
119900198,0,0,0
119900199,4,0,4
119900200,0,0,0
119900201,0,0,0
119900202,3,3,0
119900203,0,0,0
119900204,4,2,2
119900205,203,25,178
119900206,0,0,0
119900208,1,0,1
119900209,49,67,-18
119900210,0,0,0
119900211,0,0,0
119900212,390,29,361
119900213,0,0,0
119900214,0,0,0
119900215,0,0,0
119900216,0,0,0
119900217,0,0,0
119900218,0,0,0
119900219,0,0,0
119900220,0,0,0
119900221,0,0,0
119900222,0,0,0
119900223,0,0,0
119900224,0,0,0
119900225,0,0,0
119900226,7,135,-128
119900227,31,8,23
119900228,0,1,-1
119900229,0,0,0
119900230,27,1,26
119900231,41,10,31
119900232,0,0,0
119900233,0,0,0
119900234,0,0,0
119900235,0,0,0
119900236,0,2,-2
119900237,6,13,-7
119900238,0,0,0
119900240,0,0,0
119900241,0,0,0
119900242,69,1,68
119900244,62,107,-45
119900245,0,0,0
119900246,0,0,0
119900247,0,0,0
119900248,0,0,0
119900249,0,0,0
119900253,112,96,16
119900254,15,222,-207
119900255,21,23,-2
119900256,198,53,145
119900257,0,0,0
119900258,0,0,0
119900259,1,0,1
119900260,1,0,1
119900261,41,9,32
119900262,0,0,0
119900263,187,8,179
119900264,0,0,0
119900265,0,0,0
119900266,0,0,0
119900267,1,13,-12
119900268,19,1,18
119900269,77,2,75
119900271,0,0,0
119900272,3,3,0
119900275,0,0,0
119900276,0,0,0
119900277,0,0,0
119900278,0,0,0
119900279,0,0,0
119900280,4,1,3
119900281,0,0,0
119900282,0,0,0
119900283,7,13,-6
119900284,192,78,114
119900285,0,0,0
119900286,0,0,0
119900288,0,6,-6
119900289,0,0,0
119900290,0,0,0
119900291,0,0,0
119900292,9,7,2
119900293,3,0,3
119900294,5,2,3
119900295,76,0,76
119900296,109,11,98
119900297,0,6,-6
119900298,0,2,-2
119900299,0,0,0
119900300,2,0,2
119900301,0,1,-1
119900302,0,0,0
119900303,0,0,0
119900304,0,0,0
119900305,0,0,0
119900306,0,0,0
119900307,0,0,0
119900308,0,0,0
119900309,0,0,0
119900310,1,0,1
119900311,0,0,0
119900312,2,1,1
119900313,1,0,1
119900314,0,0,0
119900315,0,0,0
119900318,0,0,0
119900319,0,0,0
119900320,86,12,74
119900321,52,22,30
120000001,4171,13094,-8923
120000002,845,516,329
120000003,528,527,1
120000004,988,696,292
120000005,975,590,385
120000006,391,276,115
120000007,877,527,350
120000008,351,345,6
120000009,431,259,172
120000010,460,405,55
120000011,186,227,-41
120000012,358,409,-51
120000013,1081,633,448
120000014,367,473,-106
120000015,1264,825,439
120000016,3084,1890,1194
120000017,1893,1869,24
120000018,2228,6407,-4179
120000019,446,616,-170
120000020,1678,1345,333
120000021,850,1479,-629
120000022,3356,3802,-446
120000023,720,939,-219
120000024,729,997,-268
120000025,2095,714,1381
120000026,1422,1754,-332
120000027,2068,2060,8
120000028,394,193,201
120000029,219,617,-398
120000030,41,243,-202
120000031,549,1303,-754
120000032,1400,994,406
120000033,1368,331,1037
120000034,1541,302,1239
120000035,1192,221,971
120000036,1472,1948,-476
120000037,605,1618,-1013
120000038,1154,2314,-1160
120000039,36,162,-126
120000040,19,146,-127
120000041,45,161,-116
120000042,448,374,74
120000043,1880,515,1365
120000044,3778,592,3186
120000045,3581,307,3274
120000046,2224,1466,758
120000047,219,2786,-2567
120000048,2435,1803,632
120000049,1836,700,1136
120000050,1177,1244,-67
120000051,884,1537,-653
120000052,1171,792,379
120000053,652,592,60
120000054,491,626,-135
120000055,1007,689,318
120000056,1962,1021,941
120000057,829,282,547
120000058,249,371,-122
120000059,115,1077,-962
120000061,3,166,-163
120000062,83,88,-5
120000063,319,246,73
120000064,155,256,-101
120000065,231,180,51
120000066,135,82,53
120000067,5,93,-88
120000068,37,167,-130
120000069,285,134,151
120000070,78,167,-89
120000071,277,24,253
120000072,714,98,616
120000073,465,40,425
120000074,61,16,45
120000075,705,67,638
120000076,1447,95,1352
120000077,984,124,860
120000078,490,192,298
120000079,438,192,246
120000080,117,101,16
120000081,250,99,151
120000082,197,221,-24
120000083,28,1030,-1002
120000084,65,47,18
120000085,104,14,90
120000086,76,54,22
120000087,63,73,-10
120000088,369,282,87
120000089,1112,201,911
120000090,351,158,193
120000091,611,233,378
120000092,605,74,531
120000093,419,163,256
120000094,129,362,-233
120000095,342,72,270
120000096,128,116,12
120000098,319,92,227
120000099,72,101,-29
120000100,322,137,185
120000101,216,111,105
120000102,295,902,-607
120000103,771,503,268
120000104,2077,162,1915
120000105,2424,85,2339
120000106,2342,106,2236
120000107,4021,124,3897
120000108,1472,75,1397
120000109,840,25,815
120000110,1,168,-167
120000111,5,144,-139
120000112,34,294,-260
120000113,27,215,-188
120000114,105,243,-138
120000115,86,167,-81
120000116,81,232,-151
120000117,334,131,203
120000118,2,20,-18
120000119,3,90,-87
120000120,39,75,-36
120000121,17,31,-14
120000122,99,307,-208
120000123,489,4383,-3894
120000124,240,153,87
120000125,232,100,132
120000126,90,255,-165
120000127,133,153,-20
120000128,546,867,-321
120000129,129,113,16
120000130,403,156,247
120000131,118,155,-37
120000134,39,12,27
120000135,64,338,-274
120000137,4,39,-35
120000138,291,60,231
120000139,72,46,26
120000140,171,10,161
120000141,209,29,180
120000142,463,70,393
120000143,0,2,-2
120000144,57,0,57
120000145,80,0,80
120000146,382,609,-227
120000149,180,177,3
120000150,286,3566,-3280
120000151,298,113,185
120000152,480,80,400
120000153,40,56,-16
120000154,98,101,-3
120000155,75,90,-15
120000156,121,401,-280
120000157,405,169,236
120000158,105,73,32
120000159,546,644,-98
120000160,1133,939,194
120000161,919,869,50
120000162,25,192,-167
120000163,240,124,116
120000164,267,62,205
120000165,262,52,210
120000166,885,38,847
120000167,0,0,0
120000168,0,0,0
120000169,0,0,0
120000170,0,0,0
120000171,0,0,0
120000172,0,0,0
120000173,42,2,40
120000174,13,0,13
120000175,24,0,24
120000176,1,2,-1
120000177,96,6,90
120000178,3,0,3
120000179,23,0,23
120000180,20,4,16
120000181,4,51,-47
120000182,5,104,-99
120000183,0,143,-143
120000184,37,395,-358
120000186,4,50,-46
120000187,3,38,-35
120000188,10,48,-38
120000190,37,118,-81
120000191,86,18,68
120000192,25,37,-12
120000193,53,14,39
120000195,7,0,7
120000196,10,2,8
120000197,4,10,-6
120000198,30,0,30
120000199,0,0,0
120000200,0,0,0
120000201,0,0,0
120000202,0,0,0
120000203,0,0,0
120000207,0,0,0
120000208,0,0,0
120000209,0,0,0
120000210,0,0,0
120000211,0,0,0
120000212,0,0,0
120000213,0,0,0
120000214,0,0,0
120000215,0,0,0
120000216,0,0,0
120000217,0,0,0
120000218,0,0,0
120000219,0,0,0
120000220,0,0,0
120000225,905,2,903
120000226,247,2,245
120000227,279,8,271
120000228,0,0,0
120000230,35,8,27
120000231,234,21,213
120000233,241,1,240
120000235,3,57,-54
120000236,665,6,659
120000237,0,33,-33
120000238,0,0,0
120000241,762,1674,-912
120000412,85,0,85
120000413,117,13,104
120000414,150,1,149
120000415,0,13,-13
120000416,59,0,59
120000417,0,1,-1
120000418,140,2,138
120000419,1,2,-1
120000420,35,15,20
120000421,1796,1199,597
120000422,14,332,-318
120000423,0,0,0
120000424,0,0,0
120000436,27,694,-667
120000437,9,8,1
120000438,125,87,38
120000439,161,277,-116
120000443,181,0,181
120000444,1099,70,1029
120000445,837,612,225
120000446,96,62,34
120000447,122,0,122
120000449,64,0,64
120000450,0,11,-11
120000451,30,56,-26
120000452,273,26,247
120000453,0,0,0
120000454,57,3,54
120000455,18,42,-24
120000456,90,696,-606
120000457,220,127,93
120000458,202,73,129
120000459,35,23,12
120000665,17,119,-102
120000668,16,311,-295
120000669,97,127,-30
120000670,4,200,-196
120000671,445,177,268
120000672,5,181,-176
120900001,85,1,84
120900002,6,12,-6
120900003,0,0,0
120900004,0,35,-35
120900005,30,47,-17
120900006,177,33,144
120900007,0,0,0
120900008,175,52,123
120900009,1,0,1
120900010,186,38,148
120900011,0,0,0
120900012,4,335,-331
120900013,97,11,86
120900014,1,39,-38
120900015,531,10,521
120900016,657,3,654
120900017,73,0,73
120900018,55,27,28
120900019,158,142,16
120900020,56,235,-179
120900021,318,5,313
120900022,0,12,-12
120900023,339,4,335
120900024,406,44,362
120900025,53,32,21
120900026,2,14,-12
120900027,2,0,2
120900028,351,63,288
120900029,0,0,0
120900030,537,104,433
120900031,252,14,238
120900032,797,15,782
120900033,488,19,469
120900034,0,314,-314
120900035,18,2,16
120900037,165,1,164
120900038,0,0,0
120900039,0,0,0
120900040,180,1,179
120900041,3,1,2
120900042,253,24,229
120900043,32,7,25
120900044,0,53,-53
120900045,4,0,4
120900046,403,3,400
120900047,0,0,0
120900048,0,0,0
120900049,318,0,318
120900050,159,545,-386
120900051,141,59,82
120900052,292,1,291
120900053,0,0,0
120900054,159,12,147
120900055,323,1,322
120900056,0,0,0
120900057,0,0,0
120900058,527,0,527
120900059,80,0,80
120900060,0,0,0
120900061,45,0,45
120900062,159,9,150
120900063,0,0,0
120900064,351,0,351
120900065,356,0,356
120900066,289,14,275
120900067,62,5,57
120900068,139,0,139
120900069,0,0,0
120900071,21,2,19
120900072,0,0,0
120900073,0,0,0
120900074,212,2,210
120900076,166,0,166
120900077,541,272,269
120900078,599,63,536
120900079,145,8,137
120900080,171,5,166
120900081,576,113,463
120900082,168,10,158
120900083,103,0,103
120900084,110,196,-86
120900085,0,0,0
120900086,9,176,-167
120900087,318,74,244
120900088,10,175,-165
120900089,276,1592,-1316
120900090,39,3,36
120900091,87,310,-223
120900092,8,10,-2
120900093,0,0,0
120900094,13,22,-9
120900095,0,0,0
120900096,0,7,-7
120900097,53,12,41
120900098,0,0,0
120900099,16,1,15
120900100,0,0,0
120900101,0,0,0
120900102,0,0,0
120900103,32,28,4
120900104,2,1,1
120900105,0,0,0
120900106,104,32,72
120900107,43,5,38
120900108,0,0,0
120900109,13,38,-25
120900110,0,0,0
120900111,11,6,5
120900112,0,0,0
120900113,2,29,-27
120900114,4,7,-3
120900115,56,44,12
120900116,50,15,35
120900117,0,0,0
120900118,7,63,-56
120900119,770,404,366
120900120,3,28,-25
120900121,1,17,-16
120900122,98,16,82
120900123,0,0,0
120900124,0,34,-34
120900125,1,38,-37
120900126,47,20,27
120900127,0,0,0
120900128,31,14,17
120900129,101,27,74
120900130,6,42,-36
120900131,0,0,0
120900132,538,12,526
120900133,3,32,-29
120900134,4,15,-11
120900135,30,47,-17
120900136,3,1,2
120900137,164,18,146
120900138,0,1,-1
120900139,0,13,-13
120900140,1,0,1
120900141,68,18,50
120900142,0,14,-14
120900143,0,21,-21
120900144,0,14,-14
120900145,27,20,7
120900146,0,30,-30
120900147,0,0,0
120900148,11,8,3
120900149,0,17,-17
120900150,1,25,-24
120900151,0,17,-17
120900152,0,0,0
120900153,0,0,0
120900154,0,24,-24
120900155,13,10,3
120900156,53,20,33
120900157,0,0,0
120900158,1,6,-5
120900159,0,0,0
120900160,1,15,-14
120900161,0,0,0
120900162,0,0,0
120900163,0,0,0
120900164,0,0,0
120900165,0,0,0
120900166,0,0,0
120900167,0,0,0
120900169,0,0,0
120900170,16,1059,-1043
120900171,54,5,49
120900172,0,0,0
120900173,0,3,-3
120900174,0,0,0
120900175,30,0,30
120900176,2,139,-137
120900177,1,500,-499
120900178,0,168,-168
120900179,33,15,18
120900180,1,0,1
120900181,0,0,0
120900182,0,0,0
120900183,0,0,0
120900184,0,0,0
120900185,0,0,0
120900186,0,18,-18
120900187,112,91,21
120900188,2,0,2
120900189,0,0,0
120900190,55,3,52
120900191,0,0,0
120900192,647,2137,-1490
120900194,23,1,22
120900195,16,10,6
120900196,0,0,0
120900197,338,26,312
120900198,5,30,-25
120900199,71,125,-54
120900200,0,0,0
120900201,66,9,57
120900202,0,5,-5
120900203,14,2,12
120900204,6,18,-12
120900205,6,1,5
120900206,3,1,2
120900207,2,42,-40
121000001,162,468,-306
121000002,291,839,-548
121000003,258,921,-663
121000004,317,1221,-904
121000005,1354,2935,-1581
121000006,757,1342,-585
121000007,189,1594,-1405
121000008,764,1372,-608
121000009,838,2846,-2008
121000010,945,1347,-402
121000011,1355,3324,-1969
121000012,1809,1455,354
121000013,1758,3689,-1931
121000014,2247,1485,762
121000015,2374,4066,-1692
121000016,802,544,258
121000017,429,1940,-1511
121000018,716,1015,-299
121000019,1980,2841,-861
121000020,3841,6713,-2872
121000021,294,439,-145
121000022,459,2241,-1782
121000023,719,293,426
121000024,1724,1996,-272
121000025,42,290,-248
121000026,69,117,-48
121000027,151,620,-469
121000028,73,186,-113
121000029,58,197,-139
121000030,0,1,-1
121000031,16,175,-159
121000032,1,0,1
121000034,22,68,-46
121000035,0,14,-14
121000036,155,272,-117
121000037,120,432,-312
121000038,506,479,27
121000039,92,30,62
121000041,64,198,-134
121000042,13,185,-172
121000043,304,343,-39
121000044,37,243,-206
121000045,116,187,-71
121000046,0,0,0
121000047,12,20,-8
121000049,404,305,99
121000050,89,1585,-1496
121000051,194,70,124
121000052,91,930,-839
121000053,28,88,-60
121000054,0,22,-22
121000055,235,556,-321
121000056,871,621,250
121000057,0,25,-25
121000058,38,101,-63
121000059,262,1081,-819
121000060,479,727,-248
121000061,3,411,-408
121000062,260,297,-37
121000063,102,737,-635
121000064,200,544,-344
121000065,62,146,-84
121000066,33,31,2
121000067,108,50,58
121000068,167,717,-550
121000069,10,886,-876
121000070,305,293,12
121000071,310,905,-595
121000072,92,83,9
121000073,169,505,-336
121000074,5,33,-28
121000075,0,3,-3
121000076,15,48,-33
121000077,24,60,-36
121000078,1,61,-60
121000080,201,147,54
121000081,454,1308,-854
121000082,0,13,-13
121000083,34,63,-29
121000084,0,1,-1
121000085,21,23,-2
121000086,21,260,-239
121000087,5,161,-156
121000088,100,98,2
121000089,10,253,-243
121000090,42,119,-77
121000091,435,922,-487
121000092,44,28,16
121000093,23,117,-94
121000094,70,134,-64
121000095,8,126,-118
121000096,571,168,403
121000097,175,685,-510
121000098,142,153,-11
121000099,168,147,21
121000100,265,155,110
121000101,56,89,-33
121000102,7,9,-2
121000103,65,88,-23
121000104,8,4,4
121000105,4,6,-2
121000106,71,153,-82
121000107,810,1701,-891
121000109,404,1033,-629
121000110,25,654,-629
121000114,789,1314,-525
121000115,115,85,30
121000116,81,69,12
121000117,172,47,125
121000118,187,42,145
121000119,20,45,-25
121000120,91,381,-290
121000121,50,62,-12
121000123,65,92,-27
121000127,20,19,1
121000128,204,74,130
121000129,120,70,50
121000130,124,195,-71
121000131,33,222,-189
121000132,87,202,-115
121000135,136,195,-59
121000136,306,652,-346
121000137,89,144,-55
121000138,126,1163,-1037
121000139,0,0,0
121000141,33,4,29
121000142,17,84,-67
121000143,1,20,-19
121000144,596,759,-163
121000145,135,198,-63
121000146,226,101,125
121000147,117,16,101
121000148,117,123,-6
121000149,531,583,-52
121000152,102,79,23
121000153,172,80,92
121000154,214,79,135
121000155,233,316,-83
121000156,125,180,-55
121000157,213,269,-56
121000158,395,215,180
121000159,229,131,98
121000160,224,79,145
121000161,122,211,-89
121000162,79,72,7
121000165,548,1769,-1221
121000166,14,302,-288
121000168,53,85,-32
121000169,1,15,-14
121000170,89,8,81
121000171,7,37,-30
121000172,196,347,-151
121000173,513,666,-153
121000174,285,499,-214
121000175,433,125,308
121000176,150,166,-16
121000177,141,78,63
121000178,93,16,77
121000179,5,21,-16
121000181,112,67,45
121000182,205,285,-80
121000183,20,221,-201
121000184,22,434,-412
121000185,3,771,-768
121000186,112,797,-685
121000187,146,130,16
121000188,50,62,-12
121000192,165,56,109
121000193,59,66,-7
121000194,549,1022,-473
121000195,229,541,-312
121000196,61,115,-54
121000197,30,78,-48
121000198,29,158,-129
121000199,30,57,-27
121000200,156,132,24
121000201,1,122,-121
121000202,59,3,56
121000203,1,76,-75
121000204,759,40,719
121000205,124,129,-5
121000206,177,171,6
121000207,553,285,268
121000208,1,163,-162
121000209,350,18,332
121000210,360,140,220
121000211,24,5,19
121000212,113,84,29
121000213,410,410,0
121000214,174,1081,-907
121000215,357,152,205
121000216,126,453,-327
121000217,1086,1510,-424
121000218,97,425,-328
121000219,348,290,58
121000220,34,7,27
121000221,21,94,-73
121000222,680,906,-226
121000223,0,0,0
121000224,173,102,71
121000225,80,925,-845
121000226,168,924,-756
121000227,5,100,-95
121000228,12,52,-40
121000229,21,17,4
121000230,19,127,-108
121000231,609,7,602
121000232,60,23,37
121000233,167,77,90
121000234,3,59,-56
121000235,2,27,-25
121000236,1,54,-53
121000237,1,5,-4
121000238,2,23,-21
121000239,8,0,8
121000240,0,26,-26
121000241,57,0,57
121000242,2,65,-63
121000243,62,0,62
121000244,0,10,-10
121000245,42,0,42
121000246,0,9,-9
121000247,24,1,23
121000248,89,55,34
121000249,15,35,-20
121000250,136,365,-229
121000251,1,47,-46
121000252,8,70,-62
121000253,74,141,-67
121000254,390,133,257
121000255,2,55,-53
121000256,38,219,-181
121000257,5,66,-61
121000258,53,200,-147
121000259,15,21,-6
121000260,4,29,-25
121000261,14,195,-181
121000262,117,87,30
121000263,348,50,298
121000271,35,1087,-1052
121000273,7,0,7
121000274,2,58,-56
121000275,0,3,-3
121000276,0,30,-30
121000278,19,8,11
121000279,5,4,1
121000280,3,24,-21
121000289,122,21,101
121000290,93,467,-374
121000294,104,7,97
121000297,206,391,-185
121000299,56,230,-174
121000300,101,147,-46
121000302,1,294,-293
121000303,79,32,47
121000304,461,94,367
121000305,53,69,-16
121000306,83,130,-47
121000308,0,0,0
121000309,0,0,0
121000310,0,0,0
121000311,0,0,0
121000312,81,89,-8
121000313,0,0,0
121000314,0,0,0
121000315,0,4,-4
121000530,501,393,108
121000531,833,375,458
121000532,1662,1509,153
121000533,2283,1455,828
121000918,0,0,0
121000919,18,131,-113
121000938,10,8,2
121000939,27,110,-83
121000956,591,190,401
121000957,0,0,0
121000958,15,3,12
121000959,226,64,162
121000960,281,194,87
121000961,112,0,112
121000962,11,70,-59
121000973,0,0,0
121000976,0,0,0
121000979,0,0,0
121000981,56,5,51
121000982,370,86,284
121000983,67,9,58
121000984,0,1,-1
121000985,163,87,76
121000986,115,103,12
121000987,19,76,-57
121000988,276,43,233
121001302,16,16,0
121001308,1,50,-49
121001309,0,123,-123
121001313,0,0,0
121001314,687,300,387
121001315,1739,150,1589
121001326,16,67,-51
121900001,91,417,-326
121900002,3,0,3
121900003,0,0,0
121900004,0,0,0
121900005,4,0,4
121900006,0,0,0
121900007,449,15,434
121900008,0,0,0
121900009,5,3,2
121900010,0,0,0
121900011,34,13,21
121900012,4,0,4
121900013,3,0,3
121900014,0,0,0
121900015,237,0,237
121900016,0,0,0
121900017,0,0,0
121900018,0,0,0
121900019,0,0,0
121900020,2,0,2
121900021,72,0,72
121900022,0,0,0
121900023,0,0,0
121900024,0,0,0
121900025,0,0,0
121900026,0,0,0
121900027,0,0,0
121900028,0,0,0
121900029,0,0,0
121900030,0,0,0
121900031,5,68,-63
121900032,0,0,0
121900033,0,0,0
121900034,0,0,0
121900035,0,0,0
121900036,0,0,0
121900037,0,0,0
121900038,0,0,0
121900039,0,0,0
121900040,0,0,0
121900041,0,0,0
121900042,0,0,0
121900043,0,0,0
121900044,0,0,0
121900046,0,0,0
121900047,0,0,0
121900048,0,0,0
121900050,0,0,0
121900051,0,0,0
121900052,0,0,0
121900053,18,14,4
121900054,0,0,0
121900055,0,0,0
121900058,0,0,0
121900059,0,0,0
121900060,0,0,0
121900061,0,0,0
121900062,0,0,0
121900063,16,6,10
121900064,0,0,0
121900066,0,0,0
121900067,0,0,0
121900069,0,0,0
121900070,2,1,1
121900071,0,0,0
121900072,0,0,0
121900073,0,0,0
121900074,1,0,1
121900075,1,11,-10
121900076,0,0,0
121900077,0,0,0
121900078,0,0,0
121900079,0,0,0
121900080,0,0,0
121900082,0,0,0
121900084,0,0,0
121900085,0,0,0
121900086,0,0,0
121900087,0,0,0
121900088,0,0,0
121900089,0,0,0
121900090,0,0,0
121900091,0,0,0
121900092,0,0,0
121900093,0,0,0
121900094,0,0,0
121900095,0,0,0
121900096,0,0,0
121900097,0,0,0
121900098,0,0,0
121900099,0,0,0
121900100,0,0,0
121900101,0,0,0
121900102,0,0,0
121900103,0,0,0
121900104,99,45,54
121900105,0,0,0
121900106,0,0,0
121900107,0,0,0
121900108,0,0,0
121900109,0,0,0
121900110,0,0,0
121900111,0,0,0
121900112,0,0,0
121900113,0,0,0
121900114,0,0,0
121900117,0,0,0
121900118,4,0,4
121900119,0,0,0
121900120,1,0,1
121900121,0,0,0
121900122,0,0,0
121900123,0,0,0
121900124,2,0,2
121900125,6,1,5
121900127,0,0,0
121900128,0,0,0
121900129,0,0,0
121900130,0,0,0
121900131,0,0,0
121900132,0,0,0
121900133,0,0,0
121900134,0,0,0
121900135,142,31,111
121900136,0,0,0
121900137,0,0,0
121900138,0,0,0
121900139,0,0,0
121900140,0,0,0
121900141,4,0,4
121900142,0,0,0
121900143,0,0,0
121900144,0,0,0
121900145,0,0,0
121900146,0,0,0
121900147,0,0,0
121900148,0,0,0
121900149,0,2,-2
121900150,0,0,0
121900151,0,0,0
121900152,0,0,0
121900153,0,0,0
121900154,0,0,0
121900155,0,0,0
121900156,0,0,0
121900157,0,0,0
121900158,0,0,0
121900159,0,0,0
121900160,0,0,0
121900161,0,0,0
121900162,0,0,0
121900163,0,0,0
121900164,0,0,0
121900165,0,0,0
121900166,0,0,0
121900167,0,0,0
121900168,0,0,0
121900169,0,0,0
121900170,0,0,0
121900171,0,0,0
121900172,0,0,0
121900173,0,0,0
121900174,0,0,0
121900175,0,0,0
121900176,0,0,0
121900177,0,0,0
121900178,0,0,0
121900179,0,0,0
121900180,54,260,-206
121900182,0,0,0
121900183,0,0,0
121900184,0,0,0
121900186,0,0,0
121900187,0,0,0
121900188,0,0,0
121900189,0,0,0
121900190,1,0,1
121900191,0,0,0
121900192,0,0,0
121900193,0,0,0
121900194,0,0,0
121900195,0,0,0
121900196,0,0,0
121900197,0,0,0
121900198,274,0,274
121900199,0,0,0
121900200,0,0,0
121900201,0,0,0
121900202,0,0,0
121900203,0,0,0
121900204,0,0,0
121900205,0,0,0
121900206,0,0,0
121900207,0,0,0
121900208,0,0,0
121900209,0,0,0
121900210,0,0,0
121900211,1,0,1
121900212,0,0,0
121900213,0,0,0
121900214,0,0,0
121900215,0,0,0
121900216,0,0,0
121900217,0,0,0
121900218,0,0,0
121900220,0,0,0
121900221,0,0,0
121900222,0,0,0
121900223,0,0,0
121900224,0,0,0
121900225,0,0,0
121900226,0,0,0
121900227,0,0,0
121900228,0,0,0
121900230,0,7,-7
121900231,0,2,-2
121900232,0,0,0
121900233,0,0,0
121900234,0,0,0
121900235,0,0,0
121900236,0,0,0
121900237,0,0,0
121900238,0,0,0
121900239,0,0,0
121900240,0,0,0
121900241,0,0,0
121900242,0,0,0
121900243,0,0,0
121900244,0,0,0
121900245,0,0,0
121900246,55,13,42
121900248,0,0,0
121900250,0,0,0
121900251,0,0,0
121900252,0,0,0
121900253,5,91,-86
121900254,0,0,0
121900255,0,0,0
121900258,469,283,186
121900259,0,0,0
121900260,0,0,0
121900261,0,1,-1
121900262,0,1,-1
121900263,0,0,0
121900264,0,0,0
121900265,0,0,0
121900266,0,0,0
121900267,0,0,0
121900269,0,0,0
121900270,0,0,0
121900271,0,0,0
121900273,15,16,-1
121900274,44,9,35
121900277,0,0,0
121900278,0,0,0
121900279,0,0,0
121900280,0,0,0
121900281,0,0,0
121900284,0,0,0
121900286,23,1,22
121900287,1,1,0
121900288,0,0,0
121900290,0,0,0
121900291,0,0,0
121900292,3,25,-22
121900293,0,0,0
121900294,0,0,0
121900295,0,0,0
121900296,0,0,0
121900298,0,5,-5
121900299,0,0,0
121900300,23,0,23
121900301,0,0,0
121900302,0,0,0
121900303,0,0,0
121900304,0,0,0
121900305,0,0,0
121900306,0,0,0
121900307,48,0,48
121900308,0,0,0
121900309,0,0,0
121900310,0,0,0
121900311,96,0,96
121900312,54,0,54
121900313,58,3,55
121900314,0,0,0
121900315,0,0,0
121900316,0,0,0
121900317,0,0,0
121900318,0,0,0
121900319,0,0,0
121900320,0,0,0
121900321,0,0,0
121900322,0,0,0
121900323,0,0,0
121900324,0,0,0
121900325,0,0,0
121900326,0,0,0
121900327,0,0,0
121900328,0,0,0
121900329,0,0,0
121900330,0,0,0
121900331,0,0,0
121900332,0,0,0
121900333,0,0,0
121900334,0,0,0
122000001,407,763,-356
122000002,485,286,199
122000003,459,716,-257
122000004,390,430,-40
122000005,1062,2557,-1495
122000006,249,757,-508
122000007,248,844,-596
122000008,687,1099,-412
122000009,145,177,-32
122000010,1472,1205,267
122000011,344,437,-93
122000012,176,404,-228
122000013,253,1040,-787
122000014,588,890,-302
122000015,319,618,-299
122000016,120,428,-308
122000017,296,733,-437
122000018,373,730,-357
122000019,138,788,-650
122000020,38,46,-8
122000021,26,140,-114
122000022,166,107,59
122000023,80,124,-44
122000024,416,485,-69
122000025,174,537,-363
122000026,389,375,14
122000027,145,360,-215
122000028,131,389,-258
122000029,66,122,-56
122000030,42,6,36
122000031,12,717,-705
122000032,187,286,-99
122000033,117,237,-120
122000034,13,114,-101
122000035,2,82,-80
122000036,85,129,-44
122000037,51,75,-24
122000038,94,242,-148
122000039,37,52,-15
122000040,26,32,-6
122000041,298,1201,-903
122000042,247,676,-429
122000043,34,72,-38
122000044,37,125,-88
122000045,223,92,131
122000046,250,221,29
122000047,9,18,-9
122000048,924,2075,-1151
122000049,2094,1407,687
122000050,171,357,-186
122000051,153,746,-593
122000052,130,533,-403
122000053,159,1480,-1321
122000054,411,644,-233
122000055,2496,2580,-84
122000056,879,1135,-256
122000057,936,1367,-431
122000058,506,662,-156
122000059,534,970,-436
122000060,70,108,-38
122000061,7,51,-44
122000062,285,57,228
122000063,76,390,-314
122000064,1510,2356,-846
122000065,1252,1229,23
122000066,154,200,-46
122000067,781,1980,-1199
122000068,152,1717,-1565
122000069,57,160,-103
122000070,791,487,304
122000071,274,436,-162
122000072,5,94,-89
122000073,46,144,-98
122000074,419,664,-245
122000075,185,609,-424
122000076,286,344,-58
122000077,162,395,-233
122000078,489,455,34
122000079,123,460,-337
122000080,69,277,-208
122000081,6,159,-153
122000082,150,294,-144
122000083,163,253,-90
122000084,72,77,-5
122000085,18,140,-122
122000086,730,2591,-1861
122000087,197,130,67
122000088,91,17,74
122000089,774,821,-47
122000090,85,180,-95
122000091,57,54,3
122000092,8,22,-14
122000093,1000,2228,-1228
122000094,1462,1413,49
122000095,513,1807,-1294
122000096,127,1038,-911
122000098,1190,3562,-2372
122000099,127,435,-308
122000100,104,73,31
122000101,60,76,-16
122000102,31,171,-140
122000103,84,140,-56
122000104,42,91,-49
122000105,68,96,-28
122000106,83,177,-94
122000107,153,229,-76
122000108,7,38,-31
122000109,92,103,-11
122000110,57,81,-24
122000111,351,196,155
122000112,109,160,-51
122000113,126,109,17
122000114,372,2208,-1836
122000115,504,1582,-1078
122000116,29,270,-241
122000117,195,25,170
122000118,233,26,207
122000119,153,105,48
122000120,64,121,-57
122000121,262,460,-198
122000122,95,356,-261
122000123,176,462,-286
122000124,41,298,-257
122000125,91,248,-157
122000126,44,184,-140
122000127,55,223,-168
122000128,180,112,68
122000129,71,249,-178
122000130,417,306,111
122000131,123,112,11
122000132,1,4,-3
122000133,91,42,49
122000134,136,279,-143
122000135,161,135,26
122000136,70,152,-82
122000137,219,362,-143
122000139,164,616,-452
122000140,97,352,-255
122000141,278,306,-28
122000142,40,433,-393
122000143,42,80,-38
122000144,143,61,82
122000145,149,50,99
122000146,148,382,-234
122000147,127,206,-79
122000148,148,145,3
122000149,236,93,143
122000150,217,134,83
122000151,0,1,-1
122000152,9,0,9
122000153,100,160,-60
122000154,39,75,-36
122000155,235,178,57
122000156,1038,1364,-326
122000157,287,691,-404
122000158,65,70,-5
122000159,217,217,0
122000160,393,241,152
122000161,165,196,-31
122000162,141,235,-94
122000163,22,3,19
122000164,2,5,-3
122000165,76,565,-489
122000166,90,141,-51
122000167,0,4,-4
122000168,27,844,-817
122000169,40,29,11
122000170,35,272,-237
122000171,0,0,0
122000172,278,887,-609
122000173,213,961,-748
122000174,396,1224,-828
122000175,123,61,62
122000176,223,1099,-876
122000177,607,1820,-1213
122000178,624,408,216
122000179,278,1379,-1101
122000180,553,1358,-805
122000181,414,1664,-1250
122000182,213,236,-23
122000183,68,124,-56
122000184,804,998,-194
122000185,502,744,-242
122000186,128,374,-246
122000187,431,184,247
122000188,0,0,0
122000189,66,77,-11
122000190,283,337,-54
122000191,107,126,-19
122000192,149,19,130
122000193,70,231,-161
122000194,111,46,65
122000195,35,282,-247
122000196,81,115,-34
122000197,27,98,-71
122000198,75,330,-255
122000199,108,75,33
122000200,143,144,-1
122000201,499,684,-185
122000202,202,531,-329
122000203,225,248,-23
122000204,343,438,-95
122000205,79,193,-114
122000206,602,608,-6
122000207,316,842,-526
122000208,575,395,180
122000209,504,104,400
122000210,233,278,-45
122000211,126,175,-49
122000212,141,119,22
122000213,102,299,-197
122000214,398,784,-386
122000215,1364,684,680
122000217,324,401,-77
122000218,163,67,96
122000219,147,157,-10
122000220,53,274,-221
122000221,26,274,-248
122000222,26,33,-7
122000223,101,185,-84
122000225,112,81,31
122000226,50,369,-319
122000227,39,222,-183
122000228,37,88,-51
122000229,2,160,-158
122000230,3,61,-58
122000231,22,58,-36
122000232,113,141,-28
122000233,0,20,-20
122000234,160,45,115
122000235,125,56,69
122000236,209,6,203
122000237,3,2,1
122000238,32,89,-57
122000239,88,44,44
122000240,210,74,136
122000241,263,61,202
122000242,21,0,21
122000243,23,13,10
122000244,28,88,-60
122000245,23,2,21
122000246,31,167,-136
122000247,169,34,135
122000248,97,154,-57
122000249,207,236,-29
122000250,147,186,-39
122000251,0,0,0
122000252,8,8,0
122000253,0,0,0
122000254,43,22,21
122000255,63,216,-153
122000256,11,26,-15
122000257,5,7,-2
122000258,37,152,-115
122000259,0,109,-109
122000260,34,91,-57
122000261,7,61,-54
122000262,0,4,-4
122000263,58,4,54
122000264,424,84,340
122000265,432,208,224
122000266,797,128,669
122000267,2,3,-1
122000268,53,14,39
122000269,39,56,-17
122000270,5,6,-1
122000271,0,0,0
122000272,0,0,0
122000273,14,1,13
122000274,8,2,6
122000275,0,12,-12
122000276,210,204,6
122000277,264,520,-256
122000278,293,75,218
122000279,32,5,27
122000280,111,15,96
122000281,35,51,-16
122000282,19,307,-288
122000283,4,29,-25
122000284,7,16,-9
122000285,0,0,0
122000286,0,1,-1
122000287,1074,481,593
122000288,126,55,71
122000291,946,324,622
122000293,23,49,-26
122000294,26,159,-133
122000295,405,22,383
122000296,63,444,-381
122000297,672,1935,-1263
122000299,206,78,128
122000300,38,47,-9
122000301,475,1037,-562
122000302,166,773,-607
122000303,381,38,343
122000304,0,18,-18
122000305,689,95,594
122000306,32,152,-120
122000307,16,42,-26
122000309,0,0,0
122000310,2,25,-23
122000311,19,28,-9
122000312,23,68,-45
122000313,5,69,-64
122000314,144,244,-100
122000315,119,1,118
122000316,417,110,307
122000317,459,75,384
122000318,171,344,-173
122000319,11,151,-140
122000320,17,61,-44
122000321,9,86,-77
122000322,492,360,132
122000323,207,326,-119
122000324,296,797,-501
122000325,218,400,-182
122000326,4,1,3
122000327,46,245,-199
122000328,93,189,-96
122000330,248,581,-333
122000332,15,109,-94
122000333,5,15,-10
122000337,121,97,24
122000338,36,22,14
122000340,15,85,-70
122000342,108,232,-124
122000343,38,73,-35
122000344,30,4,26
122000345,39,8,31
122000346,21,9,12
122000348,148,233,-85
122000349,2,70,-68
122000351,89,16,73
122000352,27,12,15
122000353,3,1,2
122000355,50,571,-521
122000356,39,91,-52
122000357,11,12,-1
122000358,0,0,0
122000359,0,0,0
122000360,0,0,0
122000362,0,4,-4
122000364,57,32,25
122000365,0,28,-28
122000366,0,0,0
122000368,22,72,-50
122000370,0,3,-3
122000371,0,0,0
122000372,0,0,0
122000381,15,92,-77
122000382,2,7,-5
122000384,279,499,-220
122000385,25,0,25
122000386,6,554,-548
122000387,90,127,-37
122000388,128,506,-378
122000389,36,71,-35
122000390,37,259,-222
122000391,5,137,-132
122000392,57,21,36
122000393,0,42,-42
122000394,38,63,-25
122000395,29,21,8
122000396,52,4,48
122000397,0,0,0
122000398,20,129,-109
122000399,29,16,13
122000400,8,107,-99
122000401,28,8,20
122000402,101,45,56
122000403,5,0,5
122000404,91,39,52
122000408,160,332,-172
122000503,0,7,-7
122000524,3,1,2
122000544,19,17,2
122000616,0,0,0
122000640,5,27,-22
122000641,8,52,-44
122000642,263,133,130
122000643,9,130,-121
122000644,0,0,0
122000645,5,35,-30
122000651,130,625,-495
122000664,38,17,21
122000665,119,197,-78
122000666,49,212,-163
122000673,5,38,-33
122000674,111,136,-25
122000675,835,348,487
122000686,137,69,68
122000687,403,63,340
122000688,173,104,69
122000689,284,31,253
122000690,930,33,897
122000691,475,125,350
122000692,193,17,176
122000693,91,149,-58
122000695,1,0,1
122000696,147,49,98
122000698,1,1,0
122000699,91,18,73
122000701,236,71,165
122000702,131,249,-118
122000703,10,16,-6
122000712,0,0,0
122000717,1,79,-78
122000718,33,740,-707
122000719,2,42,-40
122000720,226,13,213
122000724,54,5,49
122900001,0,0,0
122900002,43,433,-390
122900003,15,0,15
122900004,0,0,0
122900005,0,0,0
122900006,0,0,0
122900007,0,0,0
122900008,0,0,0
122900009,0,0,0
122900010,10,1,9
122900012,17,22,-5
122900014,0,0,0
122900015,103,16,87
122900016,0,0,0
122900017,0,0,0
122900018,0,0,0
122900019,0,0,0
122900020,0,0,0
122900021,0,0,0
122900022,0,0,0
122900024,0,0,0
122900025,0,0,0
122900026,0,0,0
122900027,1,82,-81
122900028,0,0,0
122900029,1,3,-2
122900030,0,0,0
122900031,0,34,-34
122900032,0,0,0
122900033,7,59,-52
122900034,4,61,-57
122900035,6,0,6
122900036,0,0,0
122900037,0,0,0
122900038,1,96,-95
122900039,0,21,-21
122900040,6,10,-4
122900041,4,47,-43
122900042,7,33,-26
122900043,11,42,-31
122900044,3,21,-18
122900045,0,36,-36
122900046,2,34,-32
122900047,1,1,0
122900048,0,0,0
122900049,0,0,0
122900051,1,1,0
122900052,68,2,66
122900053,0,2,-2
122900055,15,0,15
122900057,7,0,7
122900061,0,0,0
122900062,0,0,0
122900063,0,0,0
122900064,0,0,0
122900065,0,0,0
122900066,0,0,0
122900067,3,0,3
122900069,0,0,0
122900070,127,8,119
122900071,0,0,0
122900072,8,0,8
122900073,0,0,0
122900074,280,1,279
122900075,0,0,0
122900076,0,0,0
122900077,0,0,0
122900078,118,2,116
122900080,0,0,0
122900081,26,0,26
122900082,327,1,326
122900083,0,0,0
122900084,0,0,0
122900086,0,0,0
122900087,62,0,62
122900088,0,2,-2
122900089,0,0,0
122900090,0,0,0
122900091,0,0,0
122900092,0,0,0
122900093,0,0,0
122900094,0,0,0
122900095,0,0,0
122900096,49,0,49
122900097,0,0,0
122900098,0,0,0
122900099,0,0,0
122900100,0,0,0
122900101,0,0,0
122900102,0,0,0
122900103,0,0,0
122900104,0,0,0
122900105,0,0,0
122900106,0,0,0
122900107,0,0,0
122900108,0,0,0
122900109,0,0,0
123000001,521,190,331
123000002,614,2532,-1918
123000003,1073,1053,20
123000004,884,1239,-355
123000005,1345,812,533
123000006,853,1140,-287
123000007,871,692,179
123000008,439,453,-14
123000009,1607,1557,50
123000010,453,414,39
123000011,916,851,65
123000012,20,101,-81
123000013,829,342,487
123000014,13,270,-257
123000015,810,604,206
123000016,76,177,-101
123000017,3497,1712,1785
123000018,102,67,35
123000019,161,4,157
123000020,104,3,101
123000021,109,57,52
123000022,655,173,482
123000023,1465,1119,346
123000024,627,421,206
123000025,61,65,-4
123000026,7,82,-75
123000027,6,260,-254
123000028,249,1867,-1618
123000029,9,230,-221
123000030,19,25,-6
123000031,262,67,195
123000032,342,92,250
123000033,50,49,1
123000034,543,513,30
123000035,76,254,-178
123000036,51,603,-552
123000037,7,21,-14
123000038,10,95,-85
123000039,350,904,-554
123000040,29,5,24
123000041,153,587,-434
123000042,45,80,-35
123000043,737,3649,-2912
123000044,765,385,380
123000045,260,139,121
123000046,105,378,-273
123000047,210,71,139
123000048,6,797,-791
123000049,3044,2535,509
123000050,391,534,-143
123000051,9,27,-18
123000052,246,548,-302
123000053,1011,897,114
123000054,298,1132,-834
123000055,1366,2165,-799
123000056,94,311,-217
123000057,508,802,-294
123000058,64,218,-154
123000059,41,152,-111
123000060,178,98,80
123000061,47,116,-69
123000063,211,152,59
123000064,224,36,188
123000065,390,512,-122
123000066,155,141,14
123000067,248,182,66
123000068,444,381,63
123000069,944,297,647
123000070,69,45,24
123000071,488,228,260
123000072,48,18,30
123000073,508,297,211
123000074,161,31,130
123000075,131,390,-259
123000076,93,106,-13
123000077,533,144,389
123000078,862,497,365
123000079,977,485,492
123000080,424,96,328
123000081,5,7,-2
123000082,62,109,-47
123000083,198,24,174
123000084,197,19,178
123000085,107,33,74
123000086,161,100,61
123000087,64,75,-11
123000088,459,90,369
123000089,297,263,34
123000090,0,0,0
123000091,415,265,150
123000092,0,0,0
123000094,159,6,153
123000095,261,168,93
123000096,212,79,133
123000097,295,70,225
123000098,197,79,118
123000099,205,105,100
123000100,59,453,-394
123000101,123,38,85
123000102,366,619,-253
123000104,148,152,-4
123000105,9,13,-4
123000106,93,131,-38
123000107,0,2,-2
123000108,217,46,171
123000111,264,73,191
123000112,224,106,118
123000113,140,51,89
123000114,98,206,-108
123000115,36,118,-82
123000116,24,15,9
123000117,506,365,141
123000118,106,113,-7
123000119,31,84,-53
123000120,51,140,-89
123000121,171,249,-78
123000122,0,0,0
123000123,332,109,223
123000124,0,0,0
123000125,468,497,-29
123000126,387,1323,-936
123000127,64,173,-109
123000128,0,0,0
123000129,386,26,360
123000130,304,1,303
123000131,403,161,242
123000132,0,0,0
123000133,0,0,0
123000134,39,30,9
123000135,360,184,176
123000136,0,0,0
123000137,0,0,0
123000138,0,0,0
123000139,222,24,198
123000140,0,0,0
123000141,106,30,76
123000142,96,34,62
123000143,72,113,-41
123000144,0,1,-1
123000145,24,234,-210
123000146,4,89,-85
123000147,1,35,-34
123000149,84,177,-93
123000150,19,25,-6
123000151,96,284,-188
123000152,2,22,-20
123000153,5,329,-324
123000154,234,530,-296
123000155,221,395,-174
123000156,2,4,-2
123000157,58,96,-38
123000158,198,238,-40
123000159,487,1369,-882
123000160,301,485,-184
123000161,495,179,316
123000162,461,586,-125
123000163,412,55,357
123000164,914,23,891
123000165,70,303,-233
123000166,0,15,-15
123000167,44,21,23
123000168,100,28,72
123000169,291,28,263
123000170,14,0,14
123000171,259,0,259
123000172,0,30,-30
123000173,195,73,122
123000174,273,92,181
123000175,26,48,-22
123000176,260,43,217
123000177,60,72,-12
123000178,332,26,306
123000179,1,72,-71
123000180,583,156,427
123000181,144,181,-37
123000182,103,38,65
123000183,49,53,-4
123000184,18,13,5
123000185,361,173,188
123000186,0,0,0
123000187,377,3,374
123000188,123,0,123
123000189,90,53,37
123000190,94,36,58
123000192,0,57,-57
123000193,9,162,-153
123000194,34,56,-22
123000195,190,4,186
123000196,288,22,266
123000197,33,1,32
123000198,1,116,-115
123000199,0,69,-69
123000200,429,3,426
123000201,772,9,763
123000202,0,51,-51
123000203,695,4,691
123000204,7,93,-86
123000205,19,134,-115
123000206,1566,103,1463
123000207,14,98,-84
123000208,403,19,384
123000209,955,152,803
123000210,55,163,-108
123000211,73,307,-234
123000212,1966,122,1844
123000213,245,23,222
123000215,39,129,-90
123000216,42,266,-224
123000217,113,4,109
123000218,7,24,-17
123000219,205,61,144
123000220,185,22,163
123000221,24,20,4
123000222,126,79,47
123000223,189,76,113
123000224,122,78,44
123000225,153,5,148
123000226,96,2,94
123000227,24,1,23
123000228,128,18,110
123000229,170,132,38
123000232,3,29,-26
123000233,297,18,279
123000234,6,20,-14
123000235,255,28,227
123000236,8,61,-53
123000237,234,12,222
123000238,2,8,-6
123000239,69,84,-15
123000240,7,234,-227
123000241,94,64,30
123000242,23,52,-29
123000243,95,108,-13
123000244,55,78,-23
123000245,0,0,0
123000249,0,0,0
123000252,347,84,263
123000253,429,222,207
123000254,112,105,7
123000255,105,259,-154
123000256,1,0,1
123000257,265,220,45
123000258,308,81,227
123000259,189,175,14
123000260,318,113,205
123000261,46,52,-6
123000262,6,16,-10
123000263,103,26,77
123000264,95,11,84
123000265,5,10,-5
123000266,112,99,13
123000267,84,108,-24
123000268,5,0,5
123000269,34,59,-25
123000270,14,74,-60
123000271,9,7,2
123000272,294,111,183
123000273,136,659,-523
123000274,536,348,188
123000275,14,80,-66
123000278,239,592,-353
123000279,48,31,17
123000280,88,59,29
123000281,85,51,34
123000282,13,156,-143
123000283,85,46,39
123000284,5,7,-2
123000286,69,242,-173
123000287,96,98,-2
123000288,274,403,-129
123000289,99,492,-393
123000291,6,14,-8
123000294,88,355,-267
123000295,356,1077,-721
123000296,591,928,-337
123000297,146,82,64
123000298,161,37,124
123000299,44,180,-136
123000300,491,178,313
123000301,55,44,11
123000302,225,32,193
123000303,32,439,-407
123000305,151,350,-199
123000306,40,8,32
123000309,18,12,6
123000310,18,9,9
123000311,0,0,0
123000312,153,110,43
123000313,211,87,124
123000315,224,17,207
123000316,485,47,438
123000317,42,73,-31
123000318,2,33,-31
123000329,2,5,-3
123000337,102,128,-26
123000338,285,193,92
123000339,71,8,63
123000340,24,78,-54
123000342,1,31,-30
123000343,18,0,18
123000344,184,80,104
123000345,65,97,-32
123000346,450,34,416
123000352,74,108,-34
123000353,12,12,0
123000354,486,5,481
123000355,1,86,-85
123000356,126,2,124
123000357,0,2,-2
123000359,0,2,-2
123000360,55,107,-52
123000361,81,17,64
123000362,139,7,132
123000363,25,3,22
123000364,172,104,68
123000365,0,29,-29
123000366,44,424,-380
123000367,16,140,-124
123000370,7,3,4
123000371,141,3,138
123000372,30,6,24
123000373,0,5,-5
123000374,0,0,0
123000375,253,13,240
123000376,395,335,60
123000377,188,1,187
123000378,2,2,0
123000379,0,11,-11
123000380,0,0,0
123000381,6,40,-34
123000382,186,67,119
123000383,0,0,0
123000384,119,43,76
123000385,0,0,0
123000436,13,583,-570
123000507,29,101,-72
123000508,139,973,-834
123000517,49,2,47
123000518,2,76,-74
123000519,22,14,8
123000520,22,110,-88
123000521,22,38,-16
123000522,65,89,-24
123000541,29,5,24
123000542,0,0,0
123000565,330,12,318
123000566,89,128,-39
123000567,50,61,-11
123000573,1,12,-11
123000574,318,6,312
123000575,544,2,542
123000576,99,0,99
123000577,0,1,-1
123000578,162,10,152
123000579,544,1765,-1221
123000580,62,29,33
123000582,163,0,163
123000583,15,2,13
123000584,73,91,-18
123000585,0,0,0
123000586,46,0,46
123000596,70,22,48
123000597,119,110,9
123000602,22,4,18
123000603,442,21,421
123000604,160,64,96
123000605,246,3,243
123000606,0,0,0
123000609,8,54,-46
123000610,16,42,-26
123000613,6,20,-14
123000614,189,31,158
123000615,2,6,-4
123000616,207,22,185
123000617,0,0,0
123000618,0,0,0
123000619,63,0,63
123000620,0,0,0
123000622,150,0,150
123000624,61,39,22
123000630,912,188,724
123000631,78,96,-18
123000632,208,55,153
123000633,0,133,-133
123000634,23,74,-51
123000635,0,0,0
123000636,26,117,-91
123000637,37,2,35
123000638,73,128,-55
123000639,404,1372,-968
123000640,11,0,11
123000648,109,24,85
123000649,0,11,-11
123900001,0,0,0
123900002,0,0,0
123900003,0,0,0
123900005,1,0,1
123900006,0,0,0
124000001,606,135,471
124000002,0,266,-266
124000003,477,71,406
124000004,0,40,-40
124000005,574,307,267
124000006,0,29,-29
124000007,61,17,44
124000008,0,11,-11
124000009,474,67,407
124000010,28,19,9
124000011,321,72,249
124000012,0,7,-7
124000017,101,49,52
124000018,0,0,0
124000019,127,37,90
124000020,0,0,0
124000021,73,64,9
124000022,0,0,0
124000023,445,931,-486
124000024,247,68,179
124000025,412,724,-312
124000026,509,962,-453
124000027,2441,1121,1320
124000028,62,3179,-3117
124000030,549,143,406
124000031,559,2294,-1735
124000032,1,25,-24
124000033,367,418,-51
124000034,32,96,-64
124000035,134,14,120
124000036,7,58,-51
124000037,63,171,-108
124000038,0,16,-16
124000039,53,20,33
124000040,45,82,-37
124000041,219,12,207
124000042,14,27,-13
124000043,58,14,44
124000044,2,13,-11
124000045,331,65,266
124000046,0,0,0
124000047,420,92,328
124000048,0,0,0
124000049,853,103,750
124000050,0,0,0
124000051,551,117,434
124000052,0,0,0
124000053,434,535,-101
124000054,0,1,-1
124000055,920,969,-49
124000056,10,1,9
124000057,710,213,497
124000058,20,4,16
124000059,535,594,-59
124000060,120,28,92
124000061,532,1564,-1032
124000062,149,93,56
124000063,294,67,227
124000064,240,109,131
124000065,0,0,0
124000066,5,14,-9
124000067,13,14,-1
124000068,0,0,0
124000069,159,18,141
124000070,0,0,0
124000071,66,10,56
124000072,0,0,0
124000073,274,8,266
124000074,0,0,0
124000075,166,35,131
124000076,0,0,0
124000077,38,85,-47
124000078,376,327,49
124000079,3,92,-89
124000080,235,31,204
124000081,0,0,0
124000082,21,81,-60
124000083,0,0,0
124000084,3,267,-264
124000085,3,5,-2
124000086,25,142,-117
124000087,30,58,-28
124000088,36,139,-103
124000089,214,5,209
124000090,24,11,13
124000091,117,3,114
124000092,105,129,-24
124000093,32,69,-37
124000094,19,124,-105
124000095,71,7,64
124000096,3,54,-51
124000097,118,19,99
124000098,42,8,34
124000099,60,25,35
124000100,5,50,-45
124000101,172,37,135
124000102,62,20,42
124000103,164,38,126
124000104,56,7,49
124000105,224,42,182
124000106,28,4,24
124000107,31,286,-255
124000108,29,3,26
124000109,51,22,29
124000110,53,12,41
124000111,98,69,29
124000112,233,173,60
124000113,57,36,21
124000114,109,165,-56
124000115,174,268,-94
124000116,24,36,-12
124000117,10,47,-37
124000118,6,8,-2
124000119,217,101,116
124000120,196,63,133
124000121,281,379,-98
124000122,26,191,-165
124000123,416,108,308
124000124,99,48,51
124000125,232,79,153
124000126,98,40,58
124000127,717,72,645
124000128,213,182,31
124000129,750,436,314
124000130,123,20,103
124000131,393,210,183
124000132,319,53,266
124000133,516,308,208
124000134,158,256,-98
124000135,501,612,-111
124000136,53,212,-159
124000137,197,300,-103
124000138,49,119,-70
124000139,264,6,258
124000140,6,63,-57
124000141,148,3,145
124000142,20,45,-25
124000143,13,0,13
124000144,2,6,-4
124000145,41,21,20
124000146,13,5,8
124000148,1,13,-12
124000149,260,119,141
124000150,31,62,-31
124000151,192,164,28
124000152,58,89,-31
124000153,221,648,-427
124000154,19,83,-64
124000155,400,88,312
124000156,34,56,-22
124000169,28,134,-106
124000170,53,120,-67
124000171,72,140,-68
124000172,75,30,45
124000173,198,59,139
124000174,174,100,74
124000175,0,0,0
124000176,22,61,-39
124000177,0,0,0
124000178,7,67,-60
124000185,0,0,0
124000186,0,0,0
124000187,0,0,0
124000188,0,0,0
124000190,62,25,37
124000191,6,67,-61
124000192,368,251,117
124000193,5,127,-122
124000194,103,78,25
124000195,263,284,-21
124000196,147,75,72
124000197,77,14,63
124000198,61,10,51
124000201,3,0,3
124000202,240,13,227
124000203,52,0,52
124000204,517,15,502
124000205,59,0,59
124000206,740,120,620
124000207,0,0,0
124000209,128,13,115
124000210,515,97,418
124000211,416,4,412
124000212,0,0,0
124000213,59,1,58
124000214,248,12,236
124000215,322,25,297
124000216,0,0,0
124000329,2,73,-71
124000338,7,119,-112
124000339,639,5,634
124000341,518,8,510
124000344,38,3,35
124000357,789,1000,-211
124000358,715,1016,-301
124000359,876,237,639
124000360,422,286,136
124000361,1024,637,387
124000362,283,349,-66
124000363,0,0,0
124000364,0,0,0
124000365,14,73,-59
124000366,4,231,-227
124000367,16,86,-70
124000368,105,211,-106
124000369,27,61,-34
124000370,1,52,-51
124000402,4,3,1
124000403,158,4,154
124000404,4,9,-5
124000405,587,130,457
124000406,444,167,277
124000407,0,8,-8
124000411,0,43,-43
124000412,113,1,112
124000413,3,19,-16
124000414,139,54,85
124000415,8,25,-17
124000416,74,50,24
124000417,116,93,23
124000418,176,21,155
124000419,101,19,82
124000420,124,7,117
124000421,75,14,61
124000422,4,15,-11
124000423,34,5,29
124000424,0,14,-14
124000425,20,0,20
124000426,0,6,-6
124000427,90,0,90
124000428,0,11,-11
124000429,40,23,17
124000430,170,166,4
124000431,82,117,-35
124000432,87,265,-178
124000439,1,5,-4
124000443,0,0,0
124000445,45,564,-519
124000446,3,51,-48
124000447,1,42,-41
124000448,185,78,107
124000449,0,0,0
124000450,4,38,-34
124000451,0,0,0
124900001,0,0,0
124900002,0,0,0
124900003,0,0,0
124900004,0,0,0
124900005,0,0,0
124900006,0,0,0
124900008,0,0,0
124900009,0,0,0
124900010,0,0,0
124900011,0,0,0
124900012,0,0,0
124900013,0,0,0
124900014,0,0,0
124900015,10,22,-12
124900016,13,14,-1
124900017,0,13,-13
124900018,2,0,2
124900020,22,3,19
124900021,70,10,60
124900022,28,0,28
124900024,95,1,94
124900026,3,0,3
124900027,0,0,0
124900028,0,0,0
124900029,0,0,0
124900030,0,0,0
124900031,0,0,0
124900032,0,0,0
124900033,0,0,0
124900034,0,0,0
124900035,0,0,0
124900036,0,0,0
124900037,0,0,0
124900038,0,0,0
124900039,0,0,0
124900040,0,0,0
124900041,0,0,0
124900042,0,0,0
124900043,0,0,0
124900044,0,0,0
124900045,0,0,0
124900047,0,0,0
124900048,0,0,0
124900050,0,0,0
124900052,0,0,0
124900053,0,0,0
124900054,0,0,0
124900055,0,0,0
124900057,0,0,0
124900060,0,0,0
124900061,16,0,16
124900062,6,0,6
124900066,0,0,0
124900067,0,0,0
124900068,0,0,0
124900070,0,0,0
124900072,0,0,0
124900075,0,0,0
124900076,0,0,0
124900077,0,0,0
124900078,0,0,0
124900079,0,0,0
124900080,0,0,0
124900081,0,0,0
124900082,0,0,0
124900083,0,0,0
124900085,0,0,0
124900086,0,0,0
124900087,0,0,0
124900088,0,0,0
124900089,0,0,0
124900090,28,2,26
124900091,0,0,0
124900092,0,0,0
124900093,35,4,31
124900094,61,1,60
124900095,9,32,-23
124900096,54,2,52
124900097,59,2,57
124900098,0,0,0
124900099,0,0,0
124900100,42,0,42
124900101,70,0,70
124900102,53,0,53
124900103,0,0,0
124900104,0,0,0
124900105,0,0,0
124900106,21,2,19
124900107,5,9,-4
124900108,0,0,0
124900111,0,0,0
124900112,0,0,0
124900113,0,0,0
124900114,0,0,0
124900115,0,0,0
124900116,51,66,-15
124900117,0,0,0
124900118,3,75,-72
124900119,0,0,0
124900120,0,0,0
124900121,0,0,0
124900122,0,0,0
124900123,0,0,0
124900124,0,0,0
204000001,100,3,97
204000002,6,3,3
204000003,23,2,21
204000004,18,0,18
204000005,363,496,-133
204000006,894,1315,-421
204000012,0,0,0
204000019,945,301,644
204000020,404,216,188
204000021,427,398,29
204000022,662,295,367
204000023,0,0,0
204000031,37,2,35
204000032,136,10,126
204000034,6,1,5
204000035,0,0,0
204000036,0,0,0
204000037,0,0,0
204000038,0,0,0
204000039,0,0,0
204000040,0,0,0
204000041,0,0,0
204000042,1,4,-3
204000043,2,8,-6
204000044,42,3,39
204000045,13,8,5
204000046,1,2,-1
204000057,0,0,0
204000062,0,0,0
204000068,0,0,0
204000069,0,0,0
204000070,87,63,24
204000080,0,0,0
204000085,0,0,0
204000086,0,0,0
204000087,12,8,4
204000088,0,0,0
204000090,43,19,24
204000093,740,13,727
204000096,845,270,575
204000097,142,13,129
204000099,1318,1595,-277
204000100,1089,576,513
204000105,0,0,0
204000110,0,0,0
204000111,0,0,0
204000112,0,0,0
204000113,0,0,0
204000114,357,629,-272
204000115,269,128,141
204000116,145,133,12
204000119,1741,623,1118
204000132,597,291,306
204000133,764,58,706
204000134,172,38,134
204000135,664,48,616
204000136,289,118,171
204000138,137,604,-467
204000140,181,186,-5
204000141,164,59,105
204000144,0,17,-17
204000145,63,20,43
204000146,0,0,0
204000147,1,0,1
204000148,110,2,108
204000154,0,1,-1
204000155,0,0,0
204000177,95,8,87
204000179,11,1,10
204000180,0,2,-2
204000222,0,0,0
204000235,0,0,0
204000236,2,9,-7
204000238,15,6,9
204000240,76,2,74
204000263,0,0,0
204000268,735,204,531
204000308,15,4,11
204000317,0,0,0
204000322,0,0,0
204000323,21,1,20
204000328,228,5,223
204000329,4,11,-7
204000330,57,5,52
204000331,3,12,-9
205000001,0,0,0
205000013,0,0,0
205000014,0,0,0
205000015,0,0,0
205000016,0,0,0
205000017,0,0,0
205000022,0,0,0
205000025,0,0,0
205000029,105,33,72
205000045,0,0,0
205000046,0,0,0
205000047,0,0,0
205000048,0,0,0
205000049,0,0,0
205000050,0,0,0
205000059,0,0,0
205000060,0,0,0
205000061,0,0,0
205000062,0,0,0
205000063,0,0,0
205000064,0,0,0
205000065,0,0,0
205000066,0,0,0
205000067,0,0,0
205000069,111,44,67
205000082,135,82,53
205000110,0,0,0
205000111,0,0,0
205000112,121,163,-42
205000113,0,0,0
205000121,133,34,99
205000123,0,0,0
205000126,600,104,496
205000127,560,42,518
205000128,339,18,321
205000129,546,24,522
205000130,69,14,55
205000131,32,3,29
205000132,74,1,73
205000133,14,0,14
205000134,161,0,161
205000137,0,0,0
205000138,0,0,0
205000139,0,0,0
205000144,51,67,-16
205000145,101,37,64
205000151,42,32,10
205000152,45,26,19
205000153,115,27,88
205000154,24,23,1
205000155,95,4,91
205000207,0,0,0
205000233,25,0,25
205000234,0,0,0
205000243,0,0,0
205000244,0,0,0
205000245,0,0,0
205000249,0,0,0
205000250,8,2,6
205000264,0,0,0
206000027,13,20,-7
206000028,2,2,0
206000043,2,25,-23
206000053,0,0,0
206000054,0,0,0
206000055,0,0,0
206000075,0,24,-24
206000076,25,7,18
206000077,3,2,1
206000078,6,0,6
206000079,2,0,2
206000082,110,15,95
206000100,2,137,-135
206000103,0,0,0
206000104,0,0,0
206000105,0,0,0
206000106,0,0,0
206000125,137,0,137
206000157,0,0,0
206000170,0,1,-1
206000171,0,35,-35
206000172,0,13,-13
206000173,0,6,-6
206000174,5,2,3
206000175,0,2,-2
206000176,1,2,-1
206000177,0,5,-5
206000178,0,6,-6
206000179,0,13,-13
206000180,0,9,-9
206000181,0,12,-12
206000182,5,23,-18
206000183,15,43,-28
206000184,0,3,-3
206000185,0,0,0
206000186,0,27,-27
206000223,0,3,-3
206000226,24,3,21
206000227,12,3,9
206000237,0,9,-9
206000238,0,20,-20
206000239,4,119,-115
206000240,0,0,0
206000241,0,79,-79
206000242,0,1,-1
206000243,0,1,-1
206000244,0,4,-4
206000245,530,15,515
206000246,236,28,208
206000247,220,2,218
206000248,184,2,182
206000252,2,23,-21
206000258,0,0,0
206000315,14,3,11
206000317,380,89,291
206000318,274,17,257
206000319,744,15,729
206000320,258,12,246
206000321,237,6,231
206000322,254,1,253
206000323,127,8,119
206000324,151,1,150
206000325,64,6,58
206000326,85,14,71
206000327,3,41,-38
206000328,72,0,72
206000329,320,1,319
206000330,11,0,11
206000331,172,0,172
206000332,31,0,31
206000333,568,0,568
206000334,212,0,212
206000335,0,0,0
206000361,0,0,0
206000392,0,0,0
206000405,91,0,91
206000441,19,29,-10
206000498,10,0,10
206000515,36,20,16
206000530,135,45,90
206000531,116,72,44
206000532,331,72,259
206000535,3,205,-202
206000536,0,27,-27
206000537,1,24,-23
206000613,487,51,436
206000784,234,35,199
207000001,0,0,0
207000002,0,0,0
207000003,0,0,0
207000007,1044,119,925
207000008,139,5,134
207000009,41,3,38
207000010,39,190,-151
207000012,351,63,288
207000015,41,227,-186
207000019,203,45,158
207000021,234,201,33
207000022,176,113,63
207000023,117,26,91
207000024,5,2,3
207000025,7,14,-7
207000026,0,0,0
207000027,0,0,0
207000028,0,0,0
207000029,0,0,0
207000033,205,225,-20
207000034,141,36,105
207000039,422,25,397
207000040,368,25,343
207000041,22,5,17
207000042,199,18,181
207000043,111,133,-22
207000051,0,0,0
207000052,0,0,0
207000053,0,0,0
207000054,0,0,0
207000055,0,0,0
207000056,0,0,0
207000057,0,0,0
207000058,0,0,0
207000059,0,0,0
207000060,0,1,-1
207000061,91,1141,-1050
207000062,469,29,440
207000063,320,32,288
207000064,325,39,286
207000065,213,43,170
207000066,340,78,262
207000067,70,47,23
207000068,135,2,133
207000069,481,185,296
207000082,1,130,-129
207000083,26,184,-158
207000084,418,106,312
207000085,182,25,157
207000086,354,8,346
207000106,44,17,27
207000107,123,3,120
207000108,94,0,94
207000109,64,2,62
207000110,61,12,49
207000111,110,15,95
207000112,81,141,-60
207000114,0,0,0
207000115,0,0,0
207000116,0,0,0
207000117,0,0,0
207000118,0,0,0
207000119,0,0,0
207000123,168,2,166
207000124,57,25,32
207000125,74,2,72
207000126,44,5,39
207000134,125,94,31
207000135,14,327,-313
207000148,59,131,-72
207000149,0,0,0
207000152,0,0,0
207000153,0,0,0
207000154,230,69,161
207000159,0,0,0
207000160,0,0,0
207000238,0,0,0
207000242,0,0,0
207000248,0,0,0
207000249,0,0,0
207000250,0,0,0
207000251,0,0,0
207000252,0,0,0
207000278,103,105,-2
207000279,0,0,0
207000280,733,49,684
207000281,50,83,-33
207000282,7,196,-189
207000283,2,12,-10
207000284,21,411,-390
207000285,4,82,-78
207000291,0,0,0
207000304,100,19,81
207000306,0,0,0
207000310,61,35,26
207000353,10,1,9
207000356,0,0,0
207000357,3,100,-97
207000358,1,20,-19
207000415,0,0,0
207000417,10,0,10
207000418,55,33,22
207000438,0,0,0
207000439,286,109,177
207000446,31,0,31
207000460,68,5,63
207000466,0,0,0
207000467,171,26,145
207000468,0,0,0
207000476,15,3,12
207000477,138,15,123
207000478,0,0,0
207000523,0,0,0
207000524,8,0,8
207000527,141,52,89
207000530,221,6,215
207000531,25,1,24
207000532,5,2,3
207000534,97,32,65
207000535,0,0,0
207000537,0,0,0
207000540,0,0,0
207000541,0,0,0
207000548,0,0,0
207000549,52,1,51
207000561,170,20,150
207000562,0,0,0
207000567,0,0,0
207000568,35,5,30
207000569,177,10,167
207000584,0,0,0
207000585,4,12,-8
207000587,249,1,248
207000616,0,0,0
207000617,101,0,101
207000624,5,3,2
207000631,0,5,-5
207900008,388,27,361
208000001,371,449,-78
208000002,386,413,-27
208000003,592,447,145
208000004,471,372,99
208000005,0,0,0
208000019,596,283,313
208000020,177,184,-7
208000021,48,114,-66
208000022,161,165,-4
208000028,138,790,-652
208000033,59,110,-51
208000034,149,326,-177
208000037,76,2,74
208000040,116,25,91
208000041,117,286,-169
208000042,383,299,84
208000047,0,0,0
208000064,1014,1022,-8
208000066,569,1134,-565
208000070,214,231,-17
208000071,356,107,249
208000072,369,316,53
208000080,180,161,19
208000081,165,40,125
208000082,13,2,11
208000083,15,1,14
208000084,18,56,-38
208000085,16,6,10
208000086,27,9,18
208000087,63,129,-66
208000089,0,0,0
208000090,0,0,0
208000093,0,0,0
208000094,43,117,-74
208000095,248,36,212
208000104,1033,290,743
208000105,479,355,124
208000114,74,532,-458
208000115,230,341,-111
208000116,340,784,-444
208000117,18,60,-42
208000118,55,178,-123
208000155,59,112,-53
208000158,53,180,-127
208000186,458,1060,-602
208000204,31,105,-74
208000205,99,86,13
208000282,45,105,-60
209000004,181,59,122
209000005,35,27,8
209000006,285,95,190
209000007,182,195,-13
209000010,0,0,0
209000011,0,0,0
209000012,0,0,0
209000013,0,0,0
209000014,0,0,0
209000025,258,30,228
209000026,452,24,428
209000027,0,0,0
209000028,0,0,0
209000029,0,0,0
209000030,0,0,0
209000031,0,0,0
209000034,146,246,-100
209000035,174,232,-58
209000036,538,50,488
209000037,351,122,229
209000038,301,34,267
209000039,135,75,60
209000040,179,29,150
209000041,71,41,30
209000042,51,54,-3
209000043,126,93,33
209000044,221,130,91
209000045,421,49,372
209000046,282,63,219
209000047,296,24,272
209000048,965,198,767
209000049,0,0,0
209000050,0,0,0
209000051,0,0,0
209000052,0,0,0
209000062,0,0,0
209000063,0,0,0
209000064,0,0,0
209000065,174,33,141
209000066,99,32,67
209000067,148,63,85
209000080,0,0,0
209000082,24,26,-2
209000091,0,0,0
209000093,0,0,0
209000094,0,0,0
209000110,9,101,-92
209000111,200,688,-488
209000112,552,128,424
209000113,548,115,433
209000114,357,217,140
209000115,0,0,0
209000116,0,0,0
209000118,2,105,-103
209000119,0,0,0
209000121,0,0,0
209000135,36,32,4
209000142,360,473,-113
209000143,0,0,0
209000144,19,146,-127
209000229,275,9,266
209000240,0,0,0
209000259,0,0,0
209000260,0,0,0
209000261,0,0,0
209000262,0,0,0
209000263,0,0,0
209000264,0,0,0
209000265,103,0,103
209000266,24,0,24
209000267,746,0,746
209000268,463,50,413
210000037,97,7,90
210000047,33,4,29
210000048,32,10,22
210000049,28,0,28
210000052,0,0,0
210000053,0,0,0
210000054,0,0,0
210000070,113,16,97
210000071,89,1,88
210000072,17,0,17
210000073,0,0,0
210000074,0,0,0
210000075,0,0,0
210000076,0,0,0
210000077,0,0,0
210000078,0,0,0
210000079,32,4,28
210000080,27,101,-74
210000081,31,1,30
210000082,2,0,2
210000083,15,0,15
210000084,97,0,97
210000085,0,0,0
210000086,0,0,0
210000099,0,0,0
210000100,0,0,0
210000101,0,0,0
210000105,0,0,0
210000159,0,0,0
210000163,0,0,0
210000164,172,89,83
210000168,63,10,53
210000187,0,0,0
210000188,0,0,0
210000214,10,0,10
210000219,28,34,-6
210000220,68,36,32
210000232,0,0,0
210000233,0,0,0
210000234,0,0,0
210000235,0,0,0
210000245,0,0,0
210000246,10,0,10
210000258,0,0,0
210000259,137,3,134
210000282,0,0,0
210000285,0,0,0
210000286,0,0,0
210000290,0,4,-4
210000295,0,0,0
210000296,0,0,0
210000320,179,10,169
210000321,90,2,88
210000338,0,0,0
210000339,0,0,0
210000340,0,0,0
210000341,0,0,0
210000342,0,0,0
210000343,0,0,0
210000344,0,0,0
210000345,0,0,0
210000346,0,0,0
210000347,0,0,0
210000348,0,0,0
210000349,0,0,0
210000350,0,0,0
210000351,0,0,0
210000352,46,11,35
210000353,32,15,17
210000354,32,25,7
210000355,11,23,-12
210000356,1,57,-56
210000357,33,75,-42
210000358,54,113,-59
210000359,38,80,-42
210000360,89,49,40
210000361,103,39,64
210000362,194,52,142
210000363,405,111,294
210000364,156,24,132
210000365,91,12,79
210000366,160,14,146
210000367,27,10,17
210000368,63,10,53
210000369,22,27,-5
210000370,36,12,24
210000372,4,9,-5
210000373,5,41,-36
210000374,25,22,3
210000375,16,6,10
210000376,41,49,-8
210000404,0,0,0
210000439,76,12,64
210000472,49,8,41
210000482,14,26,-12
210000564,216,63,153
210000567,0,21,-21
210000568,184,0,184
211000092,26,18,8
211000094,20,3,17
211000169,105,0,105
211000172,4,119,-115
211000209,0,3,-3
211000226,26,1,25
211000270,6,22,-16
211000275,1,23,-22
211000276,83,2,81
211000279,2,7,-5
211000281,31,6,25
211000302,0,0,0
211507980,0,33,-33
211977296,10,4,6
212000003,202,11,191
212000004,0,0,0
212000005,0,0,0
212000006,0,0,0
212000008,0,0,0
212000009,0,0,0
212000012,0,0,0
212000013,0,0,0
212000014,0,0,0
212000015,0,0,0
212000016,0,0,0
212000027,661,107,554
212000028,252,196,56
212000029,125,254,-129
212000030,52,30,22
212000031,34,20,14
212000048,0,0,0
212000049,0,0,0
212000050,0,0,0
212000051,0,0,0
212000052,0,0,0
212000053,0,0,0
212000054,378,22,356
212000055,400,51,349
212000056,12,28,-16
212000057,2,28,-26
212000058,10,4,6
212000070,0,0,0
212000077,0,0,0
212000099,338,76,262
212000108,218,98,120
212000111,341,22,319
212000120,0,0,0
212000138,0,0,0
212000156,0,0,0
212000158,0,36,-36
212000159,582,17,565
212000160,691,84,607
212000161,112,59,53
212000310,0,0,0
212000311,15,85,-70
212000374,0,0,0
213000001,0,140,-140
213000005,198,20,178
213000006,315,54,261
213000007,31,3,28
213000009,112,122,-10
213000010,445,53,392
213000011,118,20,98
213000012,0,0,0
213000014,59,12,47
213000015,231,15,216
213000016,245,1,244
213000017,78,0,78
213000018,0,4,-4
213000019,0,2,-2
213000020,7,16,-9
213000021,0,2,-2
213000023,603,172,431
213000033,43,177,-134
213000034,423,114,309
213000035,177,254,-77
213000045,49,102,-53
213000046,13,31,-18
213000047,61,636,-575
213000056,94,1,93
213000069,12,0,12
213000073,0,3,-3
213000074,1,46,-45
213000075,350,4,346
213000076,6,2,4
213000085,0,0,0
213000086,0,0,0
213000091,123,0,123
213000092,14,3,11
213000099,1,228,-227
213000100,554,202,352
213000101,318,68,250
213000102,248,48,200
213000103,297,126,171
213000104,13,67,-54
213000105,0,28,-28
213000106,9,8,1
213000107,25,5,20
213000108,7,30,-23
213000109,6,30,-24
213000110,1,40,-39
213000111,0,29,-29
213000112,8,57,-49
213000115,17,0,17
213000116,4,79,-75
213000117,1,100,-99
213000118,424,174,250
213000119,0,17,-17
213000120,0,11,-11
213000122,11,80,-69
213000123,4,131,-127
213000124,13,47,-34
213000125,100,45,55
213000126,0,7,-7
213000127,0,29,-29
213000128,15,124,-109
213000129,145,882,-737
213000130,585,476,109
213000132,362,102,260
213000133,633,62,571
213000134,1012,7,1005
213000136,550,12,538
213000137,416,18,398
213000139,133,3,130
213000147,14,1,13
213000148,5,5,0
213000149,4,0,4
213000150,0,0,0
213000151,0,0,0
213000152,0,0,0
213000153,0,0,0
213000154,0,0,0
213000155,0,0,0
213000156,0,0,0
213000157,0,0,0
213000158,22,167,-145
213000159,675,107,568
213000163,636,127,509
213000165,416,84,332
213000171,0,0,0
213000172,0,0,0
213000173,0,0,0
213000174,0,0,0
213000175,0,0,0
213000176,50,33,17
213000177,101,2,99
213000178,255,1,254
213000179,185,0,185
213000180,141,0,141
213000184,28,82,-54
213000188,234,15,219
213000189,370,17,353
213000190,137,8,129
213000191,421,1,420
213000192,159,0,159
213000193,0,0,0
213000194,0,0,0
213000195,0,0,0
213000196,0,0,0
213000197,461,344,117
213000198,11,0,11
213000200,75,22,53
213000201,2,21,-19
213000202,2,24,-22
213000203,870,312,558
213000204,722,14,708
213000205,280,12,268
213000206,616,2,614
213000207,2,0,2
213000208,6,0,6
213000209,57,0,57
213000210,51,0,51
213000211,0,0,0
213000212,0,0,0
213000213,0,0,0
213000218,191,343,-152
213000219,216,16,200
213000220,254,1,253
213000223,111,89,22
213000224,3,32,-29
213000225,26,21,5
213000226,74,7,67
213000227,770,78,692
213000228,340,16,324
213000229,2,6,-4
213000230,289,3,286
213000232,5,358,-353
213000233,0,0,0
213000234,0,0,0
213000293,0,4,-4
213000294,86,8,78
213000295,1,6,-5
213000296,39,22,17
213000297,0,0,0
213000298,0,0,0
213000299,8,34,-26
213000300,0,3,-3
213000303,0,0,0
213000304,0,0,0
213000305,1,9,-8
213000306,0,0,0
213000307,8,21,-13
213000308,0,0,0
213000309,64,7,57
213000310,77,29,48
213000311,12,137,-125
213000315,0,0,0
213000316,152,13,139
213000322,29,0,29
213000323,82,4,78
213000324,17,2,15
213000325,24,3,21
213000326,20,10,10
213000327,6,3,3
213000328,0,11,-11
213000329,6,2,4
213000340,0,15,-15
213000341,539,73,466
213000346,61,175,-114
213000347,112,283,-171
213000348,0,0,0
213000349,0,0,0
213000350,48,89,-41
213000366,8,65,-57
213000367,271,24,247
213000379,1,8,-7
213000386,3,17,-14
213000406,1,14,-13
213000417,764,185,579
213000425,41,5,36
213000426,79,1,78
213000427,4,29,-25
213000428,23,13,10
213000429,1,2,-1
213000430,6,10,-4
213000431,2,0,2
213000432,0,222,-222
213000433,0,13,-13
213000434,6,9,-3
213000435,20,1,19
213000436,11,2,9
213000437,0,0,0
213000438,70,1,69
213000439,1,5,-4
213000440,0,27,-27
213000441,2,1,1
213000442,0,8,-8
213000443,281,163,118
213000444,3,2,1
213000445,0,40,-40
213000446,0,83,-83
213000447,0,19,-19
213000448,2,11,-9
213000449,454,1,453
213000450,0,1,-1
213000451,11,0,11
213000452,0,1,-1
213000453,0,0,0
213000455,26,7,19
213000456,0,4,-4
213000481,2,1,1
213000482,29,0,29
213000489,22,11,11
213000491,0,0,0
213000492,60,21,39
213000493,0,0,0
213000494,123,27,96
213000495,0,0,0
213000496,456,106,350
213000497,1,2,-1
213000498,0,4,-4
213000499,4,15,-11
213000500,332,32,300
213000501,67,8,59
213000502,68,26,42
213000503,0,7,-7
213000504,0,4,-4
213000505,36,39,-3
213000506,0,0,0
213000507,0,13,-13
213900244,18,0,18
213900245,0,0,0
218000003,0,0,0
218000004,0,0,0
218000005,17,23,-6
218000006,35,9,26
218000007,2,4,-2
218000012,15,61,-46
218000013,6,75,-69
218000014,20,66,-46
218000019,101,35,66
218000020,97,30,67
218000021,0,0,0
218000022,0,0,0
218000023,0,0,0
218000024,0,0,0
218000025,0,0,0
218000026,0,0,0
218000027,0,0,0
218000028,0,0,0
218000029,0,0,0
218000030,0,0,0
218000031,0,0,0
218000032,0,0,0
218000040,2,0,2
218000046,42,19,23
218000047,0,36,-36
218000048,45,20,25
218000049,49,45,4
218000050,146,47,99
218000051,16,86,-70
218000052,0,38,-38
218000053,1,2,-1
218000054,1,7,-6
218000055,0,2,-2
218000056,3,7,-4
218000057,0,19,-19
218000064,0,7,-7
218000065,60,6,54
218000066,4,29,-25
218000067,18,43,-25
218000068,41,11,30
218000069,86,8,78
218000070,40,18,22
218000071,46,17,29
218000072,49,44,5
218000078,66,35,31
218000079,240,41,199
218000080,108,15,93
218000081,454,48,406
218000082,63,35,28
218000083,0,0,0
218000084,0,0,0
218000085,0,0,0
218000086,0,0,0
218000087,0,0,0
218000090,11,48,-37
218000091,592,247,345
218000092,120,28,92
218000093,11,12,-1
218000094,0,0,0
218000099,101,143,-42
218000100,26,116,-90
218000101,69,40,29
218000102,123,31,92
218000103,13,14,-1
218000104,26,1,25
218000105,0,0,0
218000106,0,0,0
218000107,0,0,0
218000108,0,0,0
218000112,0,0,0
218000117,3,44,-41
218000134,32,71,-39
218000135,3,10,-7
218000136,44,27,17
218000137,7,47,-40
218000138,0,0,0
218000139,62,2,60
218000140,276,145,131
218000141,4,2,2
218000142,167,33,134
218000143,34,133,-99
218000144,14,82,-68
218000145,155,94,61
218000146,57,58,-1
218000151,0,7,-7
218000152,43,21,22
218000153,2,0,2
218000154,4,1,3
218000155,5,1,4
218000156,32,1,31
218000157,13,8,5
218000158,6,0,6
218000159,0,0,0
218000160,0,1,-1
218000161,16,0,16
218000162,25,0,25
218000163,6,0,6
218000164,21,0,21
218000165,28,2,26
218000170,0,33,-33
218000171,20,5,15
218000172,3,1,2
218000173,8,2,6
218000174,5,3,2
218000176,205,9,196
218000177,280,56,224
218000178,215,35,180
218000179,197,3,194
218000180,40,22,18
218000181,287,26,261
218000187,0,0,0
218000188,0,0,0
218000189,0,0,0
218000190,0,0,0
218000191,0,0,0
218000192,0,0,0
218000193,0,0,0
218000194,0,0,0
218000195,78,48,30
218000196,276,60,216
218000197,479,49,430
218000198,79,51,28
218000199,12,1,11
218000200,29,3,26
218000201,1,2,-1
218000202,0,0,0
218000207,0,0,0
218000208,0,0,0
218000211,7,2,5
218000212,0,0,0
218000213,58,128,-70
218000214,11,27,-16
218000215,26,27,-1
218000217,0,31,-31
218000218,182,169,13
218000219,1,30,-29
218000220,26,195,-169
218000221,175,142,33
218000222,0,56,-56
218000223,34,305,-271
218000224,2,191,-189
218000225,140,42,98
218000226,141,8,133
218000230,0,0,0
218000232,1,4,-3
218000239,47,0,47
218000240,0,0,0
218000241,6,0,6
218000242,0,0,0
218000243,10,1,9
218000244,10,0,10
218000245,0,1,-1
218000246,0,10,-10
218000247,0,0,0
218000248,0,1,-1
218000249,0,0,0
218000250,0,0,0
218000251,0,0,0
218000252,0,1,-1
218000253,0,0,0
218000254,0,1,-1
218000255,0,0,0
218000256,0,5,-5
218000267,0,0,0
218000268,0,0,0
218000269,0,0,0
218000270,0,0,0
218000271,0,0,0
218000273,48,14,34
218000274,28,3,25
218000275,14,18,-4
218000276,8,8,0
218000278,1,3,-2
218000279,44,2,42
218000280,0,5,-5
218000281,0,4,-4
218000282,71,372,-301
218000284,14,7,7
218000301,0,0,0
218000302,49,12,37
218000303,0,0,0
218000316,865,332,533
218000317,1281,254,1027
218000318,827,127,700
218000319,8,8,0
218000320,0,0,0
218000338,5,24,-19
218000345,0,0,0
218000346,42,66,-24
218000459,30,59,-29
218000490,0,0,0
218000501,82,28,54
218000502,0,0,0
218000503,56,6,50
218000504,95,6,89
218000505,0,0,0
218000506,0,0,0
218000508,0,0,0
218000510,66,16,50
218000520,131,63,68
218000521,1,7,-6
218000522,0,11,-11
218000523,46,32,14
218000524,0,51,-51
218000525,44,3,41
218000526,0,74,-74
218000529,2,6,-4
218000530,7,0,7
218000531,18,3,15
218000532,0,0,0
218000534,127,8,119
218000537,13,49,-36
218000538,30,99,-69
218000540,0,0,0
218000543,28,14,14
218000544,0,0,0
218000545,20,45,-25
218000546,0,0,0
218000547,30,63,-33
218000548,0,0,0
218000549,404,19,385
218000550,4,68,-64
218000551,0,138,-138
218000552,149,57,92
218000553,0,0,0
218000554,0,0,0
218000555,34,21,13
218000556,4,0,4
218000557,153,105,48
218000558,47,29,18
218000559,0,56,-56
218000560,0,6,-6
218000561,6,0,6
218000562,1,109,-108
218000563,80,24,56
218000564,0,45,-45
218000565,23,0,23
218000566,47,1,46
218000567,0,59,-59
218000568,1,0,1
218000569,0,54,-54
218000570,4,1,3
218000571,0,53,-53
218000572,21,1,20
218000573,2,81,-79
218000574,7,11,-4
218000575,73,0,73
218000576,0,117,-117
218000577,8,0,8
218000578,1,78,-77
218000579,2,1,1
218000581,0,0,0
218000582,7,1,6
218000583,0,0,0
218000584,0,0,0
218000585,28,0,28
218000586,31,2,29
218000587,0,0,0
218000588,0,0,0
218000589,0,0,0
218000590,0,0,0
218000591,0,0,0
218000592,0,0,0
218000593,0,0,0
218000594,0,1,-1
218000596,0,0,0
218000597,0,2,-2
218000598,0,0,0
218000599,0,0,0
218000600,0,0,0
218000601,0,1,-1
218000602,0,0,0
218000603,0,11,-11
218000604,0,0,0
218000605,0,9,-9
218000606,16,0,16
218000607,4,24,-20
218000608,13,1,12
218000609,0,3,-3
218000610,5,0,5
218000611,26,0,26
218000612,0,1,-1
218000613,18,0,18
218000614,0,1,-1
218000615,40,0,40
218000616,0,29,-29
218000617,19,0,19
218000618,0,1,-1
218000619,7,1,6
218000620,3,0,3
218000621,0,0,0
218000622,0,15,-15
218000623,15,0,15
218000624,0,17,-17
218000625,3,0,3
218000626,0,16,-16
218000628,131,30,101
218000631,26,2,24
218000632,0,35,-35
218000633,24,1,23
218000634,0,0,0
218000635,1,1,0
218000636,40,24,16
218000637,510,75,435
218000638,344,9,335
218000639,2,26,-24
218000640,248,12,236
218000641,41,64,-23
218000652,19,33,-14
218000653,176,8,168
218000663,0,4,-4
218000675,2,27,-25
218000676,0,0,0
218000677,0,0,0
218000680,37,27,10
218000681,319,19,300
218000691,43,19,24
218000693,308,12,296
218000703,0,0,0
218000718,1,48,-47
218000719,11,69,-58
218000720,0,18,-18
218000721,0,2,-2
218000725,0,0,0
218001147,0,0,0
218001214,0,0,0
218001258,470,0,470
218001329,44,67,-23
218001330,2,8,-6
218001351,13,14,-1
218001352,1,1,0
218001353,3,1,2
218001354,0,12,-12
218001355,0,0,0
218001356,339,35,304
218001357,0,0,0
218001358,299,0,299
218001361,647,31,616
218001362,0,0,0
219000001,0,0,0
219000002,0,0,0
219000003,20,31,-11
219000004,7,26,-19
219000017,11,73,-62
219000020,124,14,110
219000022,99,1,98
219000023,45,2,43
219000029,0,0,0
219000034,40,78,-38
219000039,0,0,0
219000040,7,54,-47
219000041,106,48,58
219000051,0,0,0
219000052,0,0,0
219000053,0,0,0
219000054,0,0,0
219000055,201,0,201
219000056,0,0,0
219000057,30,0,30
219000062,0,0,0
219000063,35,8,27
219000064,0,0,0
219000110,180,84,96
219000111,31,44,-13
219000112,158,9,149
219000113,83,14,69
219000114,64,24,40
219000116,47,26,21
219000117,129,23,106
219000118,25,59,-34
219000123,130,0,130
219000124,1,0,1
219000125,0,0,0
219000126,0,0,0
219000127,0,0,0
219000128,0,0,0
219000129,0,0,0
219000130,0,0,0
219000131,615,928,-313
219000133,13,88,-75
219000134,14,39,-25
219000135,19,11,8
219000136,40,80,-40
219000138,113,4,109
219000139,14,0,14
219000140,55,0,55
219000141,20,0,20
219000142,7,0,7
219000143,0,0,0
219000145,1,2,-1
219000146,0,0,0
219000147,0,0,0
219000148,0,0,0
219000149,0,0,0
219000150,0,0,0
219000151,0,0,0
219000157,163,52,111
219000158,89,62,27
219000161,65,3,62
219000163,193,247,-54
219000166,60,28,32
219000167,8,17,-9
219000168,162,74,88
219000174,234,34,200
219000175,66,0,66
219000176,84,15,69
219000177,45,4,41
219000178,71,0,71
219000179,5,48,-43
219000180,17,1,16
219000182,46,0,46
219000183,44,0,44
219000184,18,0,18
219000185,0,0,0
219000186,87,3,84
219000187,34,0,34
219000189,0,0,0
219000190,0,0,0
219000191,0,0,0
219000192,211,210,1
219000193,0,0,0
219000195,0,0,0
219000196,0,0,0
219000198,0,0,0
219000199,0,0,0
219000200,0,0,0
219000201,0,0,0
219000203,0,0,0
219000204,0,0,0
219000205,0,0,0
219000207,0,0,0
219000209,0,0,0
219000210,0,0,0
219000213,0,0,0
219000239,0,0,0
219000240,0,0,0
219000241,0,0,0
219000242,0,0,0
219000243,0,0,0
219000244,0,0,0
219000245,0,0,0
219000246,7,20,-13
219000247,215,54,161
219000248,291,256,35
219000249,54,98,-44
219000250,147,59,88
219000251,209,67,142
219000252,346,104,242
219000253,164,37,127
219000255,99,73,26
219000256,196,61,135
219000257,177,0,177
219000262,0,0,0
219000263,0,0,0
219000267,0,0,0
219000268,0,0,0
219000269,2,1,1
219000270,46,1,45
219000271,117,1,116
219000278,0,0,0
219000279,0,0,0
219000283,0,0,0
219000295,0,0,0
219000296,0,0,0
219000297,0,0,0
219000298,0,0,0
219000299,217,3,214
219000300,0,0,0
219000301,0,0,0
219000302,0,0,0
219000307,0,0,0
219000308,7,25,-18
219000311,154,18,136
219000312,281,45,236
219000313,296,11,285
219000314,0,0,0
219000315,215,5,210
219000316,324,48,276
219000317,28,26,2
219000320,0,0,0
219000321,0,0,0
219000323,0,0,0
219000325,0,0,0
219000326,0,0,0
219000327,0,0,0
219000328,0,0,0
219000329,111,81,30
219000330,1,29,-28
219000331,17,13,4
219000332,55,56,-1
219000333,31,1,30
219000335,19,1,18
219000337,4,0,4
219000338,36,1,35
219000344,0,0,0
219000345,0,0,0
219000346,0,0,0
219000348,0,0,0
219000349,0,0,0
219000350,0,0,0
219000351,0,0,0
219000352,13,39,-26
219000353,102,68,34
219000354,169,89,80
219000355,116,36,80
219000356,305,901,-596
219000363,93,42,51
219000364,210,33,177
219000365,214,23,191
219000366,167,285,-118
219000368,71,417,-346
219000370,260,602,-342
219000371,0,0,0
219000382,2,11,-9
219000383,0,0,0
219000385,0,0,0
219000386,0,0,0
219000387,0,1,-1
219000390,17,6,11
219000391,2,0,2
219000397,0,0,0
219000398,24,12,12
219000401,0,0,0
219000402,0,0,0
219000403,0,0,0
219000404,0,0,0
219000407,0,0,0
219000409,94,32,62
219000410,51,9,42
219000411,37,1,36
219000446,0,0,0
219000447,0,0,0
219000448,1,5,-4
219000452,25,12,13
219000453,0,0,0
219000454,124,368,-244
219000556,232,25,207
219000558,0,0,0
219000590,0,0,0
219000591,81,37,44
219000592,0,0,0
219000595,0,0,0
219000635,95,28,67
219000636,0,0,0
219000657,10,1,9
219000658,0,0,0
219000673,0,0,0
219000676,2,0,2
219000679,14,0,14
219000684,107,0,107
219000685,0,0,0
219000686,0,1,-1
219000688,0,0,0
219000689,0,0,0
219000690,154,5,149
219000691,25,0,25
219000692,28,2,26
219000693,0,0,0
219000694,0,0,0
219000695,34,4,30
219000698,4,0,4
219000699,0,0,0
219000727,0,0,0
219000728,74,3,71
219000770,3,1,2
219000771,0,0,0
219000788,0,0,0
219001150,0,23,-23
219001151,0,0,0
219001166,12,4,8
219001167,0,0,0
219001178,62,0,62
220000001,0,18,-18
220000002,3,20,-17
220000003,0,0,0
220000004,0,0,0
220000005,0,0,0
220000006,0,0,0
220000007,0,0,0
220000008,0,0,0
220000009,34,111,-77
220000010,6,5,1
220000011,17,296,-279
220000012,7,83,-76
220000014,0,0,0
220000015,13,199,-186
220000017,33,58,-25
220000018,612,166,446
220000019,259,452,-193
220000020,98,36,62
220000021,207,113,94
220000022,427,166,261
220000023,61,98,-37
220000024,248,245,3
220000025,265,830,-565
220000026,71,570,-499
220000027,18,93,-75
220000028,62,68,-6
220000029,0,0,0
220000030,0,0,0
220000031,159,199,-40
220000064,0,0,0
221000046,0,0,0
221000047,0,0,0
221000048,0,0,0
221000049,0,0,0
221000050,2,0,2
221000055,4,1,3
221000057,99,1,98
221000068,202,207,-5
221000069,196,108,88
221000070,263,9,254
221000071,135,7,128
221000072,299,17,282
221000073,126,6,120
221000074,0,0,0
221000075,0,0,0
221000076,0,0,0
221000077,0,0,0
221000081,2,1,1
221000082,36,1,35
221000083,13,10,3
221000084,6,0,6
221000085,8,0,8
221000086,0,0,0
221000087,0,0,0
221000088,0,0,0
221000089,0,0,0
221000090,0,0,0
221000098,119,7,112
221000099,182,7,175
221000100,180,4,176
221000101,142,10,132
221000102,153,2,151
221000109,0,0,0
221000110,0,0,0
221000111,0,0,0
221000112,0,0,0
221000113,0,0,0
221000114,0,0,0
221000120,14,10,4
221000121,0,12,-12
221000122,19,16,3
221000123,2,67,-65
221000124,17,59,-42
221000155,82,1,81
221000156,39,6,33
221000175,11,16,-5
221000176,0,11,-11
221000182,32,2,30
221000241,360,368,-8
221000242,0,0,0
221000243,338,124,214
221000244,0,0,0
221000245,85,41,44
221000246,0,0,0
221000247,238,28,210
221000248,0,0,0
221000267,4,168,-164
221000325,43,23,20
221000331,0,9,-9
221000338,1,49,-48
221000378,287,9,278
221000381,19,17,2
222000282,0,2,-2
222000296,1,11,-10
222000568,361,15,346
222000569,92,76,16
222000570,128,14,114
222000571,335,2,333
222000577,0,13,-13
222000578,0,113,-113
222000579,18,46,-28
222000580,2,236,-234
222000599,0,16,-16
222000600,0,23,-23
222000601,0,74,-74
222000603,10,10,0
222000604,4,16,-12
222000605,0,29,-29
222000606,0,9,-9
222000607,0,36,-36
222000608,0,4,-4
222000609,7,9,-2
222000616,262,12,250
222000617,0,1,-1
222000618,0,0,0
222000620,0,0,0
222000621,3,17,-14
222000623,282,1,281
222000624,314,7,307
222000625,484,5,479
222000636,50,1,49
222000686,9,34,-25
222000687,6,2,4
222001066,82,1,81
222001067,28,0,28
222001068,117,11,106
222001069,30,2,28
222001082,8,22,-14
222001083,2,14,-12
222001084,0,3,-3
222001085,0,19,-19
222001111,10,49,-39
222001112,112,3,109
222001313,2,8,-6
222001314,0,16,-16
222001464,120,10,110
222001465,1,9,-8
222001484,106,37,69
222001485,1,5,-4
222001494,471,49,422
222001495,14,23,-9
222001496,437,13,424
222001497,31,57,-26
222001502,0,0,0
222001503,23,8,15
222001504,0,0,0
222001505,280,13,267
222001506,0,0,0
222001507,35,7,28
222001510,419,1,418
222001511,0,0,0
222001514,225,41,184
222001515,0,0,0
222001518,255,32,223
222001519,0,0,0
222001527,34,7,27
222001528,0,0,0
222001529,229,15,214
222001530,0,0,0
222001533,0,0,0
222001534,322,7,315
222001535,181,44,137
222001536,2,50,-48
222001537,91,2,89
222001538,0,0,0
222001563,746,2,744
222001564,0,0,0
222001568,89,6,83
222001576,0,24,-24
222001579,0,0,0
222001583,18,17,1
222001584,53,0,53
222001596,61,101,-40
222001597,536,91,445
222001626,0,9,-9
222001650,0,9,-9
222001651,54,41,13
222001914,110,38,72
222001915,0,0,0
222001968,244,43,201
222001969,71,86,-15
222001970,67,50,17
222001971,87,1,86
222001972,2,1,1
225000001,314,53,261
225000002,501,84,417
225000003,482,27,455
225000004,321,38,283
225000005,14,26,-12
225000006,0,0,0
225000007,0,0,0
225000010,44,0,44
225000011,101,948,-847
225000012,138,616,-478
225000013,66,34,32
225000014,480,58,422
225000015,1,0,1
225000021,145,36,109
225000027,0,0,0
225000032,211,45,166
225000042,0,1,-1
225000049,0,0,0
225000050,67,4,63
225000053,0,0,0
225000058,381,66,315
225000067,0,0,0
225000068,0,0,0
225000069,0,0,0
225000070,0,0,0
225000071,0,0,0
225000075,0,0,0
225000076,0,0,0
225000078,35,14,21
225000085,41,5,36
225000086,191,7,184
225000087,46,4,42
225000088,0,0,0
225000089,0,0,0
225000090,0,0,0
225000091,0,0,0
225000092,0,0,0
225000093,0,0,0
225000094,0,0,0
225000095,0,0,0
225000096,0,0,0
225000098,294,98,196
225000099,478,62,416
225000100,471,72,399
225000104,0,1,-1
225000110,0,0,0
225000111,8,5,3
225000112,11,12,-1
225000113,6,8,-2
225000114,2,14,-12
225000115,18,20,-2
225000116,244,71,173
225000117,540,357,183
225000118,820,187,633
225000119,82,14,68
225000120,290,8,282
225000121,92,13,79
225000123,999,17,982
225000125,283,81,202
225000126,561,149,412
225000127,606,1264,-658
225000128,318,744,-426
225000132,336,20,316
225000133,137,8,129
225000134,316,84,232
225000135,78,1,77
225000136,242,3,239
225000137,243,23,220
225000138,491,18,473
225000143,0,0,0
225000144,0,0,0
225000145,37,28,9
225000146,0,0,0
225000147,0,0,0
225000148,0,0,0
225000149,0,0,0
225000151,0,0,0
225000155,0,0,0
225000156,4,23,-19
225000157,3,16,-13
225000158,0,0,0
225000171,0,0,0
225000180,17,0,17
225000181,0,0,0
225000182,9,8,1
225000185,0,0,0
225000187,2,1,1
225000191,2,0,2
225000194,0,0,0
225000208,0,0,0
225000209,57,2,55
225000210,0,0,0
225000217,0,0,0
225000218,22,0,22
225000223,0,0,0
225000224,11,0,11
225000225,0,0,0
225000226,190,5,185
225000227,0,0,0
225000228,1,20,-19
225000229,0,0,0
225000230,1,1,0
225000231,0,0,0
225000232,62,0,62
225000241,12,0,12
225000242,0,0,0
225000249,37,0,37
225000250,0,0,0
225000251,314,19,295
226000042,0,0,0
226000043,0,0,0
226000044,0,0,0
226000045,0,0,0
226000046,358,37,321
226000047,193,8,185
226000048,252,35,217
226000049,190,77,113
226000070,0,0,0
226000071,0,0,0
226000072,0,0,0
226000073,0,0,0
226000074,0,0,0
226000084,0,0,0
226000085,0,0,0
226000086,0,0,0
226000087,0,0,0
226000088,0,0,0
226000090,11,47,-36
226000091,1,7,-6
226000092,1,1,0
226000093,3,1,2
226000094,8,1,7
226000095,21,15,6
226000105,21,1,20
226000106,0,0,0
226000107,8,0,8
226000108,8,0,8
226000109,38,0,38
226000124,90,14,76
226000134,324,233,91
226000135,738,210,528
226000136,304,110,194
226000137,0,0,0
226000138,0,0,0
226000139,0,0,0
226000156,113,0,113
226000157,102,2,100
226000163,0,0,0
226000202,0,0,0
226000231,224,0,224
226000232,5,1,4
227000033,370,29,341
227000036,548,4,544
227000037,405,14,391
227000038,51,5,46
227000049,0,0,0
227000050,0,0,0
227000055,29,0,29
227000056,5,0,5
227000084,0,0,0
227000085,0,0,0
227000088,20,0,20
227000089,11,0,11
227000090,39,0,39
227000091,59,8,51
227000093,32,0,32
227000094,0,0,0
227000130,0,0,0
227000131,0,0,0
227000132,0,0,0
227000133,0,0,0
227000134,0,0,0
227000152,0,0,0
227000153,0,0,0
227000155,0,0,0
227000156,0,0,0
227000165,0,0,0
227000196,224,3,221
227000199,361,33,328
227000230,0,0,0
227000232,276,9,267
227000242,0,0,0
227000243,358,22,336
227000245,0,0,0
227000246,0,0,0
227000247,513,21,492
227000248,120,30,90
227000249,0,0,0
227000250,236,194,42
227000251,0,0,0
227000252,0,0,0
227000253,249,14,235
227000262,545,7,538
227000266,692,9,683
227000267,0,0,0
227000282,0,0,0
227000284,347,26,321
227000286,0,0,0
227000287,0,0,0
227000291,0,0,0
227000484,226,7,219
227000485,0,0,0
227000655,135,0,135
227000656,406,12,394
227000657,44,7,37
227000661,166,52,114
227000680,52,99,-47
229000265,5,3,2
229000296,1,12,-11
229000297,3,34,-31
229000298,2,36,-34
229000320,3,1,2
229000321,1,0,1
229000412,3,8,-5
229000414,0,4,-4
229000415,3,0,3
229000416,0,0,0
229000417,0,0,0
229000419,34,37,-3
229000440,123,19,104
229000442,4,0,4
229000443,1,0,1
229000444,0,8,-8
229000445,57,2,55
229000446,11,0,11
229000491,0,0,0
229000492,0,0,0
229000493,0,0,0
229000494,6,0,6
229000495,22,1,21
229000496,54,0,54
229000507,0,0,0
229000508,0,0,0
229000509,0,0,0
229000510,0,0,0
229000511,0,0,0
229000512,0,0,0
229000513,0,0,0
229000514,0,0,0
229000517,0,0,0
229000518,0,0,0
229000519,0,0,0
229000520,0,0,0
229000521,11,1,10
229000522,1,0,1
229000523,2,0,2
229000524,0,0,0
229000527,0,0,0
229000528,0,0,0
229000529,6,0,6
229000530,34,1,33
229000531,2,0,2
229000532,2,0,2
229000533,13,0,13
229000534,2,0,2
229000564,35,0,35
229000565,3,0,3
229000566,0,0,0
229000567,0,0,0
229000582,19,1,18
229000583,0,2,-2
229000584,0,0,0
229000585,0,0,0
229000718,0,0,0
229000719,0,0,0
229000720,0,0,0
229000721,0,0,0
229000722,0,0,0
229000723,0,0,0
229000724,0,0,0
229000725,0,0,0
229000738,0,0,0
229000739,0,0,0
229000740,0,0,0
229000741,19,0,19
229000742,3,0,3
229000743,25,0,25
229000744,0,0,0
229000745,1,0,1
229000746,6,0,6
229000847,57,0,57
229000848,75,0,75
229000849,65,0,65
229000851,117,0,117
229000854,0,0,0
229000856,0,0,0
229000857,0,0,0
229000858,0,0,0
229000919,0,0,0
229000930,0,0,0
229000937,121,1,120
229000966,26,4,22
229000981,0,0,0
229000985,0,3,-3
229000986,0,1,-1
229000987,0,0,0
229000988,0,0,0
229000989,3,0,3
229000990,0,0,0
229000991,0,0,0
229000992,34,0,34
229000993,59,11,48
229000998,0,6,-6
229000999,5,1,4
229001034,0,2,-2
229001035,0,0,0
229001037,14,2,12
229001042,2,5,-3
229001047,1,24,-23
229001050,40,14,26
229001168,0,0,0
229001200,30,0,30
229001338,0,0,0
229001394,115,2,113
229001422,166,27,139
229001423,0,0,0
229001431,22,12,10
229001432,0,0,0
229001444,43,0,43
229001445,18,11,7
229001479,3,0,3
229001503,116,15,101
229001504,0,0,0
229001505,63,6,57
229001506,0,0,0
229001509,7,1,6
229001545,15,0,15
229001546,0,0,0
229001553,44,1,43
229001554,0,0,0
229001559,0,0,0
229001560,0,6,-6
229001630,47,0,47
229001631,7,10,-3
229001635,0,20,-20
229001636,0,0,0
229001658,0,0,0
229001659,16,0,16
229001660,0,0,0
229001661,0,2,-2
229001662,1,0,1
229001663,0,0,0
229002584,17,34,-17
229002831,57,36,21
229002841,0,10,-10
229002842,5,0,5
229002843,2,9,-7
229002844,5,23,-18
229002845,2,25,-23
229002846,1,0,1
229002847,0,0,0
229002848,23,0,23
229002849,1,3,-2
229002850,1,0,1
229002851,2,29,-27
229002852,68,3,65
229002853,46,1,45
229002854,3,5,-2
229002855,1,1,0
229002856,0,0,0
229002857,4,1,3
229002858,3,1,2
229002859,0,1,-1
229002860,5,1,4
229002861,19,9,10
229002862,1,0,1
229002863,0,1,-1
229002864,10,38,-28
229002865,0,11,-11
229002866,8,7,1
229002867,0,6,-6
229002868,2,0,2
229002869,0,6,-6
229002870,8,0,8
235000066,62,10,52
235000067,44,18,26
235000072,0,0,0
235000073,0,0,0
235000074,0,0,0
235000080,0,0,0
235000081,0,0,0
235000082,91,6,85
235000083,51,5,46
235000084,7,7,0
235000085,187,27,160
235000089,2,13,-11
235000092,0,0,0
235000093,0,0,0
235000097,0,0,0
235000098,10,1,9
235000099,2,21,-19
235000116,11,5,6
235000117,231,6,225
235000133,0,0,0
235000134,0,0,0
235000206,6,7,-1
235000207,0,1,-1
235000208,0,0,0
235000209,1,2,-1
235000210,14,1,13
235000212,0,0,0
235000213,0,0,0
235000220,0,0,0
235000221,0,0,0
235000238,0,229,-229
235000239,0,25,-25
235000242,157,850,-693
235000245,0,0,0
235000246,0,0,0
235000284,0,0,0
235000295,6,1,5
235000305,138,1,137
235000306,99,1,98
235000307,1,0,1
235000308,10,0,10
235000309,39,0,39
235000310,30,0,30
235000311,5,0,5
235000322,0,0,0
235000323,0,0,0
235000324,0,0,0
235000325,0,0,0
235000326,0,0,0
235000351,0,0,0
235000352,0,0,0
235000353,0,0,0
235000354,0,0,0
235000355,0,0,0
235000356,16,0,16
235000357,11,0,11
235000358,7,0,7
235000359,0,4,-4
235000360,2,0,2
235000361,47,0,47
235000381,0,0,0
235000382,43,2,41
235000390,2,1,1
235000391,132,0,132
235000392,115,43,72
235000393,121,50,71
235000395,122,11,111
235000396,315,10,305
235000400,22,29,-7
235000401,0,0,0
235000405,0,0,0
235000406,0,0,0
235000407,0,0,0
235000409,0,0,0
235000410,0,0,0
235000411,0,0,0
235000485,0,0,0
235000486,0,0,0
235000549,63,15,48
235000550,0,0,0
235000599,0,0,0
235000600,0,0,0
235000601,13,2,11
235000602,62,12,50
235000614,0,0,0
235000648,0,0,0
235000649,9,0,9
235000685,0,0,0
235000815,0,0,0
235000834,0,0,0
235000855,17,6,11
235000862,0,0,0
235000891,0,0,0
235000892,0,0,0
235000901,0,0,0
235000907,0,0,0
235001010,34,22,12
235001029,0,0,0
235001030,162,29,133
235001078,112,28,84
235001079,0,0,0
235001147,1,14,-13
235001166,14,32,-18
235001167,0,0,0
235001169,0,0,0
235001188,0,0,0
235001189,12,3,9
235001197,0,0,0
235001200,0,0,0
235001207,251,5,246
235001210,0,0,0
235001215,0,0,0
235001239,0,0,0
235001244,0,0,0
235016267,0,0,0
277101746,0,0,0
277102712,10,3,7
277103813,0,0,0
277103814,0,0,0
277103898,0,0,0
277104249,0,0,0
277104250,0,26,-26
277104251,0,0,0
277104252,0,4,-4
990011530,0,0,0
990014944,0,21,-21
990015176,45,3,42
990015618,0,0,0
990016032,0,0,0
990032570,0,13,-13
990070001,57,2,55
990070103,0,0,0
990070601,0,2,-2
990070751,824,4,820
990070766,0,0,0
990071180,603,1,602
990071343,7,0,7
990071387,0,0,0
990071823,73,0,73
990072600,0,14,-14
990072964,3,1,2
990073285,0,0,0
990074393,2,111,-109
990074870,713,3,710
990075106,196,2,194
990075746,461,11,450
990076437,1225,0,1225
990076458,0,0,0
997000007,130,1,129
997000041,0,26,-26
997000058,40,0,40
997000062,39,2,37
997000069,0,0,0
997000070,0,0,0
997000100,89,0,89
997000141,0,0,0
997000198,0,0,0
998000475,0,0,0
998000736,0,9,-9
998000965,0,2,-2
998001031,0,4,-4
998001700,0,0,0
998001899,0,0,0
998001900,5,46,-41
998003073,468,37,431
998101900,0,9,-9
998102850,0,0,0
998501927,141,0,141
998501929,95,1,94
998501930,48,0,48
998501931,40,0,40
998501932,2,0,2
998501933,70,0,70
998501937,10,0,10
998501944,2,0,2
998501950,1,0,1
998501970,23,0,23
998501971,0,39,-39
998501973,0,0,0
998501974,0,43,-43
998501975,309,6,303
998501976,106,25,81
998501977,0,1,-1
998501978,35,22,13
998501979,0,0,0
998501980,17,0,17
998501981,83,20,63
998501982,0,2,-2
998501983,0,0,0
998502006,0,0,0
998502024,0,13,-13
998502032,0,0,0
998502062,7,0,7
998502063,0,0,0
998502173,10,0,10
998502269,0,0,0
998502546,0,33,-33
998502578,0,0,0
998502599,0,0,0
998502621,0,0,0
998601159,0,5,-5
998601292,0,0,0
999033574,0,1,-1
999800001,11,0,11
999800002,0,0,0
999800003,0,0,0
999800004,0,2,-2
999800005,0,0,0
