ID,insum,outsum,diff
100000001,307,185,122
100000002,538,188,350
100000003,2205,578,1627
100000004,526,125,401
100000005,422,724,-302
100000006,46,29,17
100000007,61,107,-46
100000008,30,226,-196
100000009,15,51,-36
100000010,1,17,-16
100000011,55,33,22
100000012,12,309,-297
100000013,0,61,-61
100000014,56,156,-100
100000015,142,155,-13
100000016,181,525,-344
100000017,122,535,-413
100000018,343,147,196
100000019,1877,682,1195
100000020,390,480,-90
100000021,2854,615,2239
100000022,253,232,21
100000023,2242,351,1891
100000025,1077,194,883
100000028,459,249,210
100000029,87,69,18
100000030,202,9,193
100000031,1054,754,300
100000032,1125,1016,109
100000033,180,735,-555
100000034,380,200,180
100000035,424,240,184
100000036,475,265,210
100000037,134,162,-28
100000038,280,217,63
100000039,95,31,64
100000040,62,23,39
100000041,94,128,-34
100000042,102,131,-29
100000043,68,70,-2
100000044,106,298,-192
100000045,152,626,-474
100000046,132,659,-527
100000047,85,448,-363
100000048,131,396,-265
100000049,632,1364,-732
100000051,144,656,-512
100000053,10,3,7
100000054,16,3,13
100000055,104,144,-40
100000056,74,202,-128
100000057,437,249,188
100000058,240,720,-480
100000059,0,25,-25
100000060,100,107,-7
100000061,281,144,137
100000062,222,157,65
100000063,105,67,38
100000064,120,117,3
100000065,117,574,-457
100000066,65,440,-375
100000067,75,399,-324
100000068,183,619,-436
100000069,93,733,-640
100000072,174,624,-450
100000073,366,551,-185
100000075,150,138,12
100000076,481,478,3
100000077,153,25,128
100000078,42,9,33
100000079,21,11,10
100000080,16,2,14
100000081,11,6,5
100000102,367,381,-14
100000103,926,290,636
100000104,1289,376,913
100000105,1401,141,1260
100000106,411,411,0
100000107,88,93,-5
100000108,447,544,-97
100000109,1346,580,766
100000116,449,193,256
100000117,6,3,3
100000118,653,534,119
100000119,174,317,-143
100000121,27,266,-239
100000122,191,337,-146
100000123,1513,1489,24
100000124,4516,1536,2980
100000125,1332,136,1196
100000126,177,100,77
100000127,432,153,279
100000128,250,357,-107
100000129,119,200,-81
100000130,147,284,-137
100000131,2397,1067,1330
100000132,978,413,565
100000133,4857,1339,3518
100000135,101,275,-174
100000139,35,317,-282
100000140,170,147,23
100000142,69,136,-67
100000143,961,573,388
100000144,1778,684,1094
100000147,351,769,-418
100000150,14,171,-157
100000151,114,180,-66
100000153,71,60,11
100000154,11,49,-38
100000155,1,5,-4
100000156,2,5,-3
100000157,22,51,-29
100000158,10,61,-51
100000159,97,94,3
100000165,563,294,269
100000169,136,84,52
100000174,417,109,308
100000179,29,257,-228
100000180,77,335,-258
100000181,41,159,-118
100000188,35,116,-81
100000189,86,107,-21
100000190,134,107,27
100000191,216,126,90
100000192,23,15,8
100000193,10,37,-27
100000330,687,263,424
100000355,30,251,-221
100000362,1848,1407,441
100000363,563,865,-302
100000364,185,316,-131
100000365,1596,3924,-2328
100000366,2259,1143,1116
100000367,1085,1741,-656
100000368,824,748,76
100000369,170,252,-82
100000370,24,142,-118
100000376,25,41,-16
100000379,422,318,104
100000380,619,571,48
100000384,2140,826,1314
100000385,1475,1212,263
100000386,2354,753,1601
100000387,2412,1082,1330
100000388,6581,948,5633
100000389,4918,1121,3797
100000390,5695,1105,4590
100000391,3160,1069,2091
100000392,1351,333,1018
100000393,404,335,69
100000394,2032,971,1061
100000395,989,345,644
100000396,1598,590,1008
100000397,871,413,458
100000398,5854,3745,2109
100000413,6,0,6
100900002,0,0,0
100900003,31,54,-23
100900004,7,519,-512
100900005,5,0,5
100900006,0,0,0
100900007,6,0,6
100900008,1,305,-304
100900009,3,23,-20
100900010,0,0,0
100900011,1,127,-126
100900012,0,121,-121
100900013,83,0,83
100900014,0,0,0
100900015,58,13,45
100900016,0,3,-3
100900017,79,41,38
100900018,0,0,0
100900019,0,0,0
100900020,13,0,13
100900021,421,0,421
100900022,0,0,0
100900023,0,0,0
100900024,14,0,14
100900025,0,0,0
100900026,3,55,-52
100900027,117,480,-363
100900028,8,40,-32
100900029,19,1,18
100900030,0,2,-2
100900031,37,2,35
100900032,45,0,45
100900033,62,25,37
100900034,41,2,39
100900035,0,0,0
100900036,0,0,0
100900037,0,181,-181
100900038,3,2,1
100900039,65,369,-304
100900040,28,504,-476
100900041,44,502,-458
100900042,86,2,84
100900043,0,0,0
100900044,623,66,557
100900045,1,0,1
100900046,106,0,106
100900047,2,0,2
100900048,4,1,3
100900049,3,76,-73
100900050,0,9,-9
100900051,3,7,-4
100900052,20,0,20
100900053,60,14,46
100900054,1,66,-65
100900055,25,28,-3
100900056,0,5,-5
100900057,90,114,-24
100900058,7,2,5
100900059,5,0,5
100900060,16,4,12
100900061,96,60,36
100900062,0,7,-7
100900063,18,115,-97
100900064,104,0,104
100900065,4,8,-4
100900066,5,8,-3
100900067,0,0,0
100900068,1,38,-37
100900069,20,0,20
100900070,45,1,44
100900071,89,45,44
100900072,0,21,-21
100900073,9,148,-139
100900074,0,1,-1
100900075,1354,53,1301
100900076,0,3,-3
100900077,0,0,0
100900078,9,5,4
100900079,0,3,-3
100900080,0,0,0
100900081,0,4,-4
100900082,6,334,-328
100900083,0,18,-18
100900085,0,15,-15
100900086,10,32,-22
100900088,9,257,-248
100900089,0,10,-10
100900090,2,144,-142
100900091,0,0,0
100900092,11,11,0
100900093,22,15,7
100900094,8,235,-227
100900095,0,3,-3
100900096,4,50,-46
100900097,0,0,0
100900098,2,22,-20
100900099,3,250,-247
100900100,3,37,-34
100900101,116,2,114
100900102,1,6,-5
100900103,0,7,-7
100900104,3,45,-42
100900105,1,18,-17
100900106,11,0,11
100900107,643,99,544
100900108,0,0,0
100900109,0,4,-4
100900110,0,0,0
100900111,17,40,-23
100900112,0,0,0
100900113,0,3,-3
100900114,0,1,-1
100900115,0,0,0
100900116,161,32,129
100900117,73,83,-10
100900118,0,11,-11
100900119,0,11,-11
100900120,0,0,0
100900121,64,21,43
100900122,61,76,-15
100900123,4,6,-2
100900124,0,4,-4
100900125,4,29,-25
100900126,6,6,0
100900127,0,1,-1
100900128,37,56,-19
100900129,0,24,-24
100900131,13,10,3
100900133,0,7,-7
100900134,0,3,-3
100900135,0,21,-21
100900137,214,73,141
100900138,24,43,-19
100900139,0,0,0
100900140,1,398,-397
100900141,0,33,-33
100900142,0,0,0
100900143,373,93,280
100900144,4,0,4
100900145,0,28,-28
100900146,0,7,-7
100900147,0,53,-53
100900148,11,444,-433
100900149,2,7,-5
100900150,0,1,-1
100900151,15,252,-237
100900152,0,0,0
100900153,0,33,-33
100900154,2,2,0
100900155,0,0,0
100900156,0,0,0
100900157,0,13,-13
100900159,1,1,0
100900160,0,2,-2
100900161,0,0,0
100900162,0,40,-40
100900163,27,60,-33
100900164,0,2,-2
100900165,9,50,-41
100900166,0,0,0
100900167,0,26,-26
100900168,0,17,-17
100900169,115,731,-616
100900170,0,0,0
100900171,3,406,-403
100900172,1,0,1
100900173,2,315,-313
100900174,1,2,-1
100900176,363,4,359
100900177,375,23,352
100900178,3,33,-30
100900179,6,9,-3
100900180,0,0,0
100900181,0,0,0
100900182,0,0,0
100900184,0,0,0
100900186,303,111,192
100900187,0,91,-91
100900188,16,3,13
100900189,116,19,97
100900191,425,165,260
100900192,96,46,50
100900195,3,83,-80
100900197,0,0,0
100900198,4,64,-60
100900199,0,0,0
100900200,234,130,104
100900201,8,413,-405
100900202,1,0,1
100900203,0,28,-28
100900204,8,14,-6
100900205,24,50,-26
100900206,34,4,30
100900207,14,35,-21
100900210,28,486,-458
100900211,21,7,14
100900213,5,0,5
100900214,334,20,314
100900215,0,0,0
100900217,25,8,17
101000001,1774,681,1093
101000002,1545,816,729
101000003,292,288,4
101000004,3925,1219,2706
101000005,2656,1744,912
101000006,3062,2285,777
101000007,1109,1017,92
101000008,1340,879,461
101000009,513,951,-438
101000010,232,489,-257
101000011,716,128,588
101000012,267,132,135
101000013,186,254,-68
101000014,151,87,64
101000015,412,488,-76
101000016,55,135,-80
101000017,160,191,-31
101000018,1378,1081,297
101000020,1642,355,1287
101000021,206,52,154
101000022,277,47,230
101000023,579,394,185
101000025,44,92,-48
101000026,172,13,159
101000027,637,645,-8
101000028,395,120,275
101000029,1,133,-132
101000030,230,39,191
101000031,96,40,56
101000032,1385,694,691
101000033,1000,409,591
101000034,1014,438,576
101000035,579,98,481
101000036,588,173,415
101000037,1566,334,1232
101000039,1067,232,835
101000040,1526,648,878
101000041,1264,404,860
101000042,93,119,-26
101000043,1506,715,791
101000045,228,23,205
101000046,708,377,331
101000047,300,291,9
101000048,133,107,26
101000049,122,201,-79
101000050,311,127,184
101000051,561,383,178
101000052,845,185,660
101000053,339,162,177
101000054,749,206,543
101000055,968,369,599
101000056,52,24,28
101000057,1144,229,915
101000058,841,179,662
101000059,842,273,569
101000060,951,79,872
101000061,326,91,235
101000062,1272,119,1153
101000063,85,32,53
101000064,661,153,508
101000065,66,139,-73
101000066,19,16,3
101000067,202,105,97
101000068,100,72,28
101000069,242,20,222
101000070,708,244,464
101000071,784,232,552
101000072,509,813,-304
101000073,67,88,-21
101000074,1840,521,1319
101000075,3736,1329,2407
101000077,438,472,-34
101000078,381,493,-112
101000079,239,1418,-1179
101000080,386,925,-539
101000081,434,414,20
101000082,1660,931,729
101000083,621,514,107
101000084,565,629,-64
101000085,635,300,335
101000086,805,591,214
101000087,533,653,-120
101000088,299,177,122
101000089,229,335,-106
101000090,1417,592,825
101000091,114,526,-412
101000092,470,390,80
101000093,524,301,223
101000094,268,572,-304
101000095,102,338,-236
101000096,93,270,-177
101000097,76,98,-22
101000098,94,141,-47
101000099,405,325,80
101000100,241,196,45
101000101,91,87,4
101000102,242,75,167
101000103,255,147,108
101000104,65,79,-14
101000105,127,31,96
101000106,95,65,30
101000107,58,70,-12
101000108,496,94,402
101000109,53,16,37
101000110,11,242,-231
101000111,21,40,-19
101000113,39,99,-60
101000114,768,433,335
101000115,0,9,-9
101000116,8,3,5
101000117,19,15,4
101000119,103,6,97
101000120,157,8,149
101000121,28,5,23
101000122,32,10,22
101000123,2,15,-13
101000124,255,592,-337
101000125,98,137,-39
101000128,281,144,137
101000130,260,155,105
101000131,234,317,-83
101000132,206,795,-589
101000135,59,8,51
101000136,92,83,9
101000137,16,60,-44
101000141,775,341,434
101000147,459,276,183
101000148,1234,4,1230
101000149,23,4,19
101000150,8,470,-462
101000151,14,41,-27
101000152,113,102,11
101000153,301,229,72
101000154,54,948,-894
101000155,53,66,-13
101000156,7,126,-119
101000157,19,3,16
101000160,2,9,-7
101000163,0,0,0
101000164,268,100,168
101000165,120,70,50
101000166,88,122,-34
101000168,130,96,34
101000252,338,255,83
101000254,111,9,102
101000258,24,31,-7
101000261,113,148,-35
101000262,140,354,-214
101000263,26,127,-101
101000265,8,95,-87
101000266,78,105,-27
101000269,89,8,81
101000290,351,307,44
101000293,0,13,-13
101000294,228,196,32
101000295,74,163,-89
101000301,282,70,212
101000304,1018,1019,-1
101000305,884,570,314
101000328,31,115,-84
101900001,2,26,-24
101900002,0,8,-8
101900003,36,44,-8
101900004,6,24,-18
101900005,2449,281,2168
101900006,185,5,180
101900007,124,10,114
101900008,41,23,18
101900009,4,15,-11
101900010,358,84,274
101900011,91,52,39
101900012,5,4,1
101900013,404,21,383
101900017,10,34,-24
101900018,516,34,482
101900019,34,18,16
101900020,79,28,51
101900021,0,15,-15
101900022,10,451,-441
101900023,5,106,-101
101900026,22,10,12
101900027,2,50,-48
102000001,614,1460,-846
102000002,890,536,354
102000003,1466,1096,370
102000004,2777,601,2176
102000005,760,804,-44
102000006,896,333,563
102000007,1101,1520,-419
102000008,3531,523,3008
102000009,2698,2515,183
102000010,3291,1064,2227
102000011,992,955,37
102000012,1022,1037,-15
102000018,1323,389,934
102000019,989,270,719
102000026,81,62,19
102000029,203,79,124
102000030,22,51,-29
102000031,0,60,-60
102000032,117,126,-9
102000033,27,135,-108
102000034,129,95,34
102000035,253,111,142
102000036,1,53,-52
102000037,87,36,51
102000038,18,38,-20
102000039,16,9,7
102000040,129,15,114
102000041,25,42,-17
102000042,9,22,-13
102000043,39,74,-35
102000044,50,149,-99
102000045,235,362,-127
102000046,299,112,187
102000047,237,332,-95
102000048,50,168,-118
102000049,209,185,24
102000050,310,390,-80
102000051,135,131,4
102000052,336,337,-1
102000053,183,278,-95
102000054,118,265,-147
102000055,350,379,-29
102000056,182,226,-44
102000057,411,56,355
102000058,421,545,-124
102000059,336,579,-243
102000060,215,142,73
102000061,362,1208,-846
102000062,222,347,-125
102000063,463,523,-60
102000064,239,269,-30
102000065,33,46,-13
102000066,347,470,-123
102000067,766,1071,-305
102000068,3094,941,2153
102000069,7,476,-469
102000070,1721,23,1698
102000071,3131,4345,-1214
102000072,1871,2417,-546
102000073,50,320,-270
102000074,78,450,-372
102000075,22,151,-129
102000076,49,248,-199
102000077,95,666,-571
102000078,198,575,-377
102000079,20,134,-114
102000080,50,110,-60
102000081,60,375,-315
102000082,210,80,130
102000083,69,475,-406
102000084,25,150,-125
102000085,809,598,211
102000086,410,444,-34
102000087,265,1090,-825
102000088,98,111,-13
102000089,171,190,-19
102000090,178,515,-337
102000091,544,190,354
102000092,267,278,-11
102000093,309,259,50
102000094,226,47,179
102000095,295,343,-48
102000096,460,121,339
102000097,1210,585,625
102000098,217,338,-121
102000099,450,228,222
102000100,219,136,83
102000101,354,106,248
102000102,105,242,-137
102000103,408,132,276
102000104,496,153,343
102000105,33,455,-422
102000106,172,446,-274
102000107,121,202,-81
102000108,125,125,0
102000109,121,240,-119
102000110,134,530,-396
102000111,4,62,-58
102000112,49,36,13
102000113,0,13,-13
102000114,294,54,240
102000115,161,89,72
102000116,18,102,-84
102000117,33,210,-177
102000118,487,535,-48
102000119,1175,196,979
102000120,40,182,-142
102000121,162,190,-28
102000122,85,212,-127
102000123,427,270,157
102000124,374,317,57
102000125,321,165,156
102000126,149,240,-91
102000127,401,181,220
102000128,218,408,-190
102000129,188,296,-108
102000130,145,304,-159
102000131,109,212,-103
102000132,71,148,-77
102000133,398,1285,-887
102000134,157,298,-141
102000135,671,207,464
102000136,357,102,255
102000137,315,211,104
102000138,109,170,-61
102000139,22,149,-127
102000140,82,71,11
102000141,40,268,-228
102000142,47,143,-96
102000143,10,192,-182
102000144,22,183,-161
102000145,73,141,-68
102000146,70,106,-36
102000147,69,65,4
102000148,43,48,-5
102000149,43,242,-199
102000150,29,69,-40
102000151,25,102,-77
102000152,31,75,-44
102000153,231,82,149
102000154,113,209,-96
102000155,35,87,-52
102000156,100,19,81
102000157,14,68,-54
102000158,84,36,48
102000159,805,20,785
102000161,1528,198,1330
102000162,92,37,55
102000163,21,70,-49
102000164,207,104,103
102000165,129,46,83
102000166,9,40,-31
102000167,42,53,-11
102000168,38,61,-23
102000169,31,111,-80
102000170,477,54,423
102000171,39,26,13
102000172,4,63,-59
102000173,88,81,7
102000174,17,24,-7
102000175,12,19,-7
102000176,4,7,-3
102000178,66,245,-179
102000179,28,83,-55
102000180,110,315,-205
102000181,68,330,-262
102000182,143,346,-203
102000183,217,406,-189
102000184,305,536,-231
102000185,252,379,-127
102000186,212,937,-725
102000187,138,842,-704
102000188,68,312,-244
102000189,1591,374,1217
102000190,238,405,-167
102000191,497,79,418
102000192,283,432,-149
102000193,4,69,-65
102000194,22,67,-45
102000195,97,287,-190
102000196,18,216,-198
102000197,83,257,-174
102000198,25,339,-314
102000199,73,211,-138
102000200,48,439,-391
102000201,118,281,-163
102000202,0,57,-57
102000203,26,127,-101
102000204,48,215,-167
102000205,132,204,-72
102000206,136,314,-178
102000207,94,158,-64
102000208,86,211,-125
102000209,25,32,-7
102000210,15,408,-393
102000211,49,214,-165
102000212,10,2,8
102000213,3,128,-125
102000214,11,3,8
102000215,1,311,-310
102000216,7,3,4
102000217,0,146,-146
102000218,15,11,4
102000219,99,195,-96
102000225,103,36,67
102000226,87,11,76
102000227,13,2,11
102000228,0,50,-50
102000229,11,3,8
102000230,33,166,-133
102000231,79,156,-77
102000232,4,41,-37
102000233,143,180,-37
102000234,5,165,-160
102000236,153,39,114
102000237,134,73,61
102000238,96,82,14
102000240,355,386,-31
102000241,109,55,54
102000243,0,4,-4
102000245,8,64,-56
102000246,5,15,-10
102000247,265,273,-8
102000248,207,289,-82
102000249,36,69,-33
102000250,7,169,-162
102000254,16,184,-168
102000266,11,107,-96
102000271,6,0,6
102000286,105,51,54
102000297,509,185,324
102000299,0,0,0
102000301,0,0,0
102000303,0,0,0
102000305,0,0,0
102000307,0,4,-4
102900001,137,156,-19
102900002,42,5,37
102900003,2,152,-150
102900005,18,34,-16
102900006,64,17,47
102900007,41,4,37
102900008,29,12,17
102900009,0,0,0
102900010,29,108,-79
102900011,1051,94,957
102900012,80,35,45
102900013,0,0,0
102900015,131,23,108
102900016,0,0,0
102900017,0,0,0
102900018,0,0,0
102900019,35,83,-48
102900020,16,19,-3
102900021,0,0,0
102900022,101,15,86
102900023,0,0,0
102900024,6,14,-8
102900025,0,0,0
102900026,123,200,-77
102900027,8,14,-6
102900028,9,70,-61
102900029,18,28,-10
102900030,36,41,-5
102900031,10,18,-8
102900032,5,50,-45
102900033,0,0,0
102900034,26,30,-4
102900035,16,282,-266
102900036,26,136,-110
102900037,15,212,-197
102900038,71,153,-82
102900039,1,95,-94
102900040,38,61,-23
102900041,5,67,-62
102900042,53,236,-183
102900043,56,137,-81
102900044,95,1009,-914
102900045,13,227,-214
102900046,16,157,-141
102900047,11,271,-260
102900048,137,345,-208
102900049,10,156,-146
102900050,74,142,-68
102900051,29,64,-35
102900053,91,312,-221
102900054,124,232,-108
102900055,0,0,0
102900056,26,155,-129
102900057,0,0,0
102900058,102,14,88
102900059,0,0,0
102900060,13,219,-206
102900061,14,245,-231
102900062,11,879,-868
102900063,76,73,3
102900064,35,61,-26
102900065,176,117,59
102900066,43,1,42
102900068,27,17,10
102900070,23,307,-284
102900072,2,11,-9
102900073,41,3,38
102900075,0,0,0
102900076,0,0,0
102900077,0,0,0
102900078,0,0,0
102900079,25,0,25
102900080,35,6,29
102900081,12,73,-61
102900082,3,72,-69
102900083,0,0,0
102900084,0,0,0
102900085,0,0,0
102900086,0,0,0
102900087,25,28,-3
102900088,5,13,-8
102900089,84,43,41
102900090,1,247,-246
102900091,8,0,8
102900092,48,349,-301
102900094,0,10,-10
102900095,9,0,9
102900096,5,5,0
102900097,36,82,-46
103000001,1053,1196,-143
103000002,727,935,-208
103000003,1429,1177,252
103000004,464,306,158
103000005,722,647,75
103000006,223,477,-254
103000007,173,330,-157
103000008,193,677,-484
103000009,112,281,-169
103000010,52,54,-2
103000011,894,392,502
103000012,421,436,-15
103000013,3905,961,2944
103000014,494,365,129
103000015,1279,517,762
103000016,169,218,-49
103000017,20,50,-30
103000018,344,110,234
103000019,22,27,-5
103000020,546,645,-99
103000021,275,317,-42
103000022,404,603,-199
103000023,123,354,-231
103000024,76,54,22
103000025,19,43,-24
103000026,925,43,882
103000027,117,53,64
103000028,370,111,259
103000029,369,49,320
103000030,1533,214,1319
103000031,627,305,322
103000032,737,745,-8
103000033,1050,767,283
103000034,820,383,437
103000035,176,384,-208
103000036,207,120,87
103000037,373,190,183
103000038,229,243,-14
103000039,62,204,-142
103000040,71,511,-440
103000041,609,1380,-771
103000042,267,297,-30
103000043,94,564,-470
103000044,45,118,-73
103000046,98,94,4
103000047,81,227,-146
103000048,84,36,48
103000049,39,55,-16
103000050,142,271,-129
103000051,78,161,-83
103000052,271,231,40
103000053,38,112,-74
103000054,600,414,186
103000055,548,535,13
103000056,301,932,-631
103000057,261,136,125
103000058,114,381,-267
103000059,147,333,-186
103000060,328,463,-135
103000061,152,253,-101
103000062,274,432,-158
103000063,249,258,-9
103000064,44,147,-103
103000065,2,217,-215
103000066,22,3,19
103000069,69,202,-133
103000070,145,580,-435
103000071,187,102,85
103000072,27,466,-439
103000073,42,42,0
103000074,71,16,55
103000075,52,454,-402
103000076,31,20,11
103000077,10,166,-156
103000078,314,47,267
103000079,606,125,481
103000080,333,53,280
103000081,151,227,-76
103000082,82,37,45
103000083,13,164,-151
103000084,0,0,0
103000085,0,46,-46
103000086,146,48,98
103000087,27,109,-82
103000088,104,178,-74
103000089,59,124,-65
103000090,631,620,11
103000091,139,190,-51
103000092,67,147,-80
103000093,110,298,-188
103000094,46,52,-6
103000095,10,188,-178
103000096,125,24,101
103000097,6,310,-304
103000098,383,32,351
103000099,76,245,-169
103000100,31,452,-421
103000101,129,64,65
103000102,28,328,-300
103000103,101,119,-18
103000104,6,98,-92
103000105,24,36,-12
103000106,4,90,-86
103000107,137,41,96
103000108,226,344,-118
103000109,204,221,-17
103000110,245,237,8
103000111,209,171,38
103000112,105,93,12
103000113,97,275,-178
103000114,211,146,65
103000115,173,284,-111
103000116,150,242,-92
103000117,62,222,-160
103000118,536,484,52
103000119,1275,411,864
103000120,31,53,-22
103000121,56,160,-104
103000122,55,70,-15
103000125,1,277,-276
103000126,71,0,71
103000127,0,148,-148
103000128,14,0,14
103000129,0,115,-115
103000130,10,6,4
103000131,122,49,73
103000132,84,18,66
103000133,0,115,-115
103000134,215,132,83
103000135,332,40,292
103000136,363,126,237
103000137,101,146,-45
103000138,218,125,93
103000139,1,27,-26
103000140,46,13,33
103000141,14,56,-42
103000142,54,26,28
103000143,8,93,-85
103000144,76,31,45
103000145,1,14,-13
103000150,14,23,-9
103000152,74,138,-64
103000153,44,78,-34
103000156,0,276,-276
103000157,58,0,58
103000159,28,77,-49
103000162,8,0,8
103000163,0,4,-4
103000164,3,2,1
103000165,83,225,-142
103000166,13,24,-11
103000167,27,62,-35
103000168,38,96,-58
103000169,18,19,-1
103000170,310,248,62
103000171,6,37,-31
103000172,69,139,-70
103000173,107,400,-293
103000174,67,106,-39
103000175,74,305,-231
103000176,230,65,165
103000177,315,147,168
103000178,190,125,65
103000179,17,8,9
103000183,5,22,-17
103000185,23,46,-23
103000186,19,60,-41
103000187,53,361,-308
103000188,4,27,-23
103000189,225,557,-332
103000191,142,224,-82
103000292,1174,143,1031
103000293,576,219,357
103000295,6,40,-34
103000296,24,5,19
103000297,5,3,2
103000504,62,8,54
103000505,6,0,6
103000506,0,93,-93
103000507,43,1,42
103000508,26,17,9
103000509,80,286,-206
103900001,0,86,-86
103900002,711,48,663
103900003,568,25,543
103900004,0,0,0
103900005,0,112,-112
103900006,0,0,0
103900007,0,0,0
103900008,1,0,1
103900009,39,80,-41
103900010,14,109,-95
103900011,11,110,-99
103900012,0,2,-2
103900013,4,63,-59
103900014,5,28,-23
103900015,16,15,1
103900016,83,201,-118
103900017,1,59,-58
103900018,346,51,295
103900019,2,51,-49
103900020,26,58,-32
103900021,5,1,4
103900022,178,233,-55
103900023,4,0,4
103900024,43,335,-292
103900025,1,11,-10
103900026,0,0,0
103900027,27,77,-50
103900028,4,83,-79
103900029,233,119,114
103900030,17,3,14
103900031,4,0,4
103900032,4,3,1
103900033,2,0,2
103900034,1,82,-81
103900035,25,26,-1
103900036,2,11,-9
103900037,9,6,3
103900038,7,31,-24
103900039,1,239,-238
103900040,3,160,-157
103900041,2,5,-3
103900042,0,292,-292
103900043,3,23,-20
103900044,36,12,24
103900045,18,55,-37
103900047,9,11,-2
103900048,23,8,15
103900049,83,528,-445
103900050,0,26,-26
103900051,0,10,-10
103900052,63,270,-207
103900053,31,565,-534
103900054,5,303,-298
103900055,37,107,-70
103900056,1,39,-38
103900057,2,203,-201
103900058,13,309,-296
103900059,0,1,-1
103900060,2,68,-66
103900061,5,19,-14
103900062,13,19,-6
103900063,2,0,2
103900064,11,1,10
103900065,314,116,198
103900066,7,0,7
103900067,3,2,1
103900068,0,0,0
103900069,1,2,-1
103900070,11,79,-68
103900071,3,95,-92
103900072,1,184,-183
103900073,2,8,-6
103900074,0,48,-48
103900075,16,27,-11
103900076,81,349,-268
103900077,26,5,21
103900078,8,41,-33
103900079,20,86,-66
103900080,0,3,-3
103900081,0,0,0
103900082,2,17,-15
103900083,890,33,857
103900084,3,22,-19
103900085,18,32,-14
103900086,55,93,-38
103900088,133,36,97
103900089,20,70,-50
103900090,1,58,-57
103900091,303,69,234
103900092,39,173,-134
103900093,37,166,-129
103900094,0,97,-97
103900095,19,65,-46
103900096,5,161,-156
103900097,1,323,-322
103900098,62,28,34
103900099,0,156,-156
103900100,17,169,-152
103900101,7,366,-359
103900102,0,12,-12
103900104,0,4,-4
103900105,22,80,-58
103900106,0,4,-4
103900107,6,78,-72
103900108,12,228,-216
103900109,9,26,-17
103900110,53,18,35
103900111,8,396,-388
103900112,1,9,-8
103900113,37,78,-41
103900114,248,144,104
103900115,105,30,75
103900116,2535,161,2374
103900117,134,58,76
103900119,5,12,-7
103900120,6,27,-21
103900122,5,192,-187
103900123,446,160,286
103900124,4,309,-305
103900125,27,61,-34
103900126,44,141,-97
103900127,29,359,-330
103900128,11,138,-127
103900131,2,43,-41
103900133,149,1,148
103900134,0,0,0
103900135,0,5,-5
103900137,0,2,-2
103900138,0,84,-84
103900139,64,250,-186
103900140,0,0,0
103900141,73,24,49
103900142,1,34,-33
103900143,8,0,8
103900144,0,19,-19
103900145,36,148,-112
103900146,64,148,-84
103900147,71,42,29
103900148,20,159,-139
103900149,5,251,-246
103900150,2592,369,2223
103900151,4,63,-59
103900152,37,379,-342
103900153,1,0,1
103900154,560,141,419
103900155,4,43,-39
103900156,1,56,-55
103900157,0,118,-118
103900158,2,79,-77
103900159,0,12,-12
103900160,5,3,2
103900161,14,84,-70
103900162,19,93,-74
103900163,3,156,-153
103900167,2,13,-11
103900168,5,40,-35
103900169,0,9,-9
103900170,2,28,-26
103900171,0,23,-23
103900172,3,22,-19
103900173,1,3,-2
103900174,10,20,-10
103900175,7,8,-1
103900176,6,2,4
103900177,2,15,-13
103900178,11,18,-7
103900179,0,82,-82
103900180,4,95,-91
103900181,21,12,9
103900182,14,5,9
103900184,261,7,254
103900185,76,11,65
103900187,18,2,16
103900188,7,3,4
103900189,26,2,24
103900190,3,15,-12
103900191,4,10,-6
103900192,3,14,-11
103900193,46,39,7
103900194,12,77,-65
103900195,1,1,0
103900196,2,5,-3
103900197,13,13,0
103900198,0,18,-18
103900199,19,45,-26
103900200,5,36,-31
103900201,11,68,-57
103900202,0,17,-17
103900203,2,2,0
103900204,2,65,-63
103900207,0,62,-62
103900208,6,1,5
103900209,1,60,-59
103900210,0,11,-11
103900211,34,222,-188
103900212,16,272,-256
103900213,22,137,-115
103900214,1,1,0
103900215,592,165,427
103900216,2,208,-206
103900217,2,9,-7
103900218,0,74,-74
103900219,4,93,-89
103900233,9,0,9
103900235,17,4,13
103900236,6,1,5
103900242,0,3,-3
103900243,2,0,2
103900244,2,94,-92
103900245,5,108,-103
103900246,5,3,2
103900247,13,37,-24
103900248,0,3,-3
103900249,0,1,-1
103900250,1,0,1
103900251,2,3,-1
103900253,19,1,18
103900254,1,0,1
103900255,2,1,1
103900256,0,4,-4
103900257,40,4,36
103900258,1,0,1
103900259,26,0,26
103900261,0,1,-1
103900262,4,0,4
103900263,15,1,14
103900264,2,4,-2
103900265,2,2,0
103900266,0,4,-4
103900267,0,14,-14
103900268,5,56,-51
103900269,23,9,14
103900270,1,87,-86
103900271,11,68,-57
103900272,0,0,0
103900273,0,0,0
103900274,0,0,0
103900275,0,0,0
103900276,0,0,0
103900277,0,0,0
103900278,0,0,0
103900279,0,0,0
103900280,0,0,0
104000001,870,1190,-320
104000002,736,1241,-505
104000003,981,1027,-46
104000004,1780,1089,691
104000005,412,798,-386
104000006,1154,1329,-175
104000007,1732,1605,127
104000008,133,385,-252
104000009,45,100,-55
104000010,23,52,-29
104000011,384,330,54
104000012,40,342,-302
104000013,23,47,-24
104000014,96,454,-358
104000015,46,66,-20
104000016,95,251,-156
104000018,245,49,196
104000019,120,22,98
104000020,61,519,-458
104000021,148,486,-338
104000022,39,214,-175
104000023,137,130,7
104000024,38,115,-77
104000026,9,62,-53
104000027,52,245,-193
104000028,95,113,-18
104000029,135,364,-229
104000030,46,140,-94
104000031,172,96,76
104000032,104,222,-118
104000033,120,102,18
104000034,117,258,-141
104000035,145,187,-42
104000036,165,263,-98
104000037,100,115,-15
104000038,143,86,57
104000039,64,264,-200
104000040,195,309,-114
104000041,133,142,-9
104000042,88,242,-154
104000043,128,231,-103
104000044,81,470,-389
104000045,239,734,-495
104000046,480,766,-286
104000047,175,590,-415
104000048,500,1038,-538
104000049,84,131,-47
104000050,66,216,-150
104000051,50,388,-338
104000052,351,719,-368
104000053,277,271,6
104000054,120,320,-200
104000055,1974,1201,773
104000056,624,59,565
104000057,26,265,-239
104000058,311,352,-41
104000059,119,388,-269
104000060,138,419,-281
104000061,384,466,-82
104000062,25,14,11
104000064,314,115,199
104000065,44,139,-95
104000069,719,240,479
104000070,22,111,-89
104000071,58,176,-118
104000072,24,25,-1
104000075,18,62,-44
104000076,85,5,80
104000082,831,971,-140
104000083,263,40,223
104000084,39,246,-207
104000085,43,105,-62
104000086,34,274,-240
104000087,90,159,-69
104000090,193,757,-564
104000092,151,1245,-1094
104000094,282,954,-672
104000095,692,699,-7
104000096,203,196,7
104000097,199,305,-106
104000098,240,470,-230
104000100,190,262,-72
104000101,423,779,-356
104000106,112,203,-91
104000107,105,300,-195
104000108,80,221,-141
104000109,60,13,47
104000110,417,394,23
104000111,2181,413,1768
104000112,828,262,566
104000116,4,776,-772
104000117,2,520,-518
104000118,78,115,-37
104000119,74,108,-34
104000120,7,509,-502
104000121,70,301,-231
104000122,220,291,-71
104000123,292,475,-183
104000124,757,1062,-305
104000125,2541,1011,1530
104000126,92,272,-180
104000127,807,1543,-736
104000128,138,187,-49
104000129,185,6,179
104000130,10,76,-66
104000131,708,401,307
104000132,349,663,-314
104000133,539,444,95
104000134,415,608,-193
104000135,164,429,-265
104000136,514,775,-261
104000137,1000,98,902
104000138,800,143,657
104000139,5686,1113,4573
104000141,741,988,-247
104000142,251,569,-318
104000143,195,505,-310
104000144,13,53,-40
104000145,66,40,26
104000146,254,312,-58
104000147,54,177,-123
104000148,34,26,8
104000149,98,217,-119
104000150,122,130,-8
104000151,104,434,-330
104000152,190,494,-304
104000153,75,121,-46
104000154,693,480,213
104000155,99,141,-42
104000157,597,981,-384
104000158,78,136,-58
104000159,138,142,-4
104000160,910,488,422
104000161,51,28,23
104000162,27,37,-10
104000165,420,251,169
104000167,106,153,-47
104000168,144,2,142
104000169,0,0,0
104000170,720,191,529
104000248,1,353,-352
104000251,30,169,-139
104000272,1,1,0
104000273,4,0,4
104000274,2,0,2
104000275,1,1,0
104000279,384,222,162
104000290,19,184,-165
104000291,428,428,0
104000293,193,252,-59
104000294,0,0,0
104000295,199,521,-322
104000296,100,399,-299
104000297,402,764,-362
104000298,824,418,406
104000299,205,635,-430
104900001,2,53,-51
104900002,1,8,-7
104900003,15,223,-208
104900004,26,247,-221
104900005,25,73,-48
104900006,12,18,-6
104900007,35,109,-74
104900009,15,215,-200
104900010,1,5,-4
104900011,3,0,3
104900012,17,1,16
104900013,8,1,7
104900014,1307,92,1215
104900015,11,2,9
104900016,28,216,-188
104900017,6,93,-87
104900018,1,100,-99
104900019,52,133,-81
104900020,13,113,-100
104900021,0,0,0
104900022,3,97,-94
104900023,0,0,0
104900024,7,55,-48
104900025,26,149,-123
104900026,0,0,0
104900027,29,16,13
104900028,17,50,-33
104900029,0,0,0
104900030,39,31,8
104900031,57,105,-48
104900032,14,42,-28
104900033,0,0,0
104900034,34,12,22
104900035,18,8,10
104900036,28,6,22
104900037,19,83,-64
104900038,115,39,76
104900039,0,0,0
104900040,16,13,3
104900041,0,0,0
104900042,36,146,-110
104900043,0,0,0
104900044,28,25,3
104900045,0,0,0
104900046,12,21,-9
104900047,30,29,1
104900048,13,25,-12
104900049,0,0,0
104900050,18,20,-2
104900051,3,7,-4
104900052,0,0,0
104900053,41,8,33
104900054,23,0,23
104900055,0,0,0
104900056,24,1,23
104900057,3,1,2
104900058,12,34,-22
104900059,0,0,0
104900060,1,185,-184
104900061,86,317,-231
104900063,0,25,-25
104900064,0,63,-63
104900065,0,70,-70
104900066,1,65,-64
104900067,0,153,-153
104900068,2,107,-105
104900070,32,228,-196
104900071,4,464,-460
104900072,8,114,-106
104900073,3,82,-79
104900074,13,107,-94
104900075,8,12,-4
104900076,39,277,-238
104900077,294,33,261
104900078,77,367,-290
104900079,48,33,15
104900080,7,183,-176
104900082,2,47,-45
104900085,1,62,-61
104900087,28,2,26
104900089,0,0,0
104900090,23,46,-23
104900091,138,365,-227
104900093,38,168,-130
104900097,882,276,606
104900098,4,8,-4
104900099,371,234,137
104900100,274,55,219
104900102,6,79,-73
104900103,122,41,81
104900104,706,274,432
104900106,10,72,-62
104900107,13,173,-160
104900108,1,90,-89
104900109,10,6,4
104900110,1,21,-20
104900111,18,25,-7
104900112,56,409,-353
104900113,124,165,-41
104900114,63,351,-288
104900115,62,198,-136
104900116,23,130,-107
104900118,2,38,-36
104900119,0,11,-11
104900120,0,0,0
104900121,0,0,0
104900122,0,0,0
104900123,0,0,0
104900124,0,0,0
104900125,31,3,28
104900126,31,17,14
104900127,6,1,5
104900128,0,8,-8
104900129,631,167,464
105000001,1103,1081,22
105000002,646,825,-179
105000003,941,1658,-717
105000004,177,481,-304
105000005,229,518,-289
105000006,324,643,-319
105000007,247,478,-231
105000008,254,756,-502
105000009,389,851,-462
105000010,1192,1263,-71
105000011,615,627,-12
105000012,1880,1730,150
105000013,288,347,-59
105000014,383,732,-349
105000015,2893,1230,1663
105000016,1254,591,663
105000017,586,498,88
105000018,368,386,-18
105000019,567,274,293
105000020,70,201,-131
105000021,130,61,69
105000022,46,21,25
105000023,103,39,64
105000028,23,60,-37
105000029,114,266,-152
105000030,1922,1843,79
105000031,0,11,-11
105000033,515,1227,-712
105000034,31,178,-147
105000037,236,269,-33
105000038,240,332,-92
105000039,1901,942,959
105000040,91,148,-57
105000041,232,804,-572
105000042,497,321,176
105000043,952,1196,-244
105000044,96,109,-13
105000045,144,548,-404
105000046,136,161,-25
105000047,167,774,-607
105000048,119,75,44
105000049,167,384,-217
105000050,57,47,10
105000051,108,314,-206
105000052,86,387,-301
105000053,62,106,-44
105000054,37,419,-382
105000055,100,233,-133
105000056,176,1148,-972
105000057,402,577,-175
105000058,508,800,-292
105000059,80,165,-85
105000060,119,377,-258
105000061,71,142,-71
105000062,300,685,-385
105000063,109,450,-341
105000064,125,232,-107
105000065,123,674,-551
105000066,331,1103,-772
105000067,144,166,-22
105000068,253,447,-194
105000069,1148,201,947
105000070,325,347,-22
105000071,40,98,-58
105000072,309,148,161
105000073,263,149,114
105000074,314,511,-197
105000075,191,318,-127
105000076,499,638,-139
105000077,877,385,492
105000078,478,441,37
105000079,715,891,-176
105000080,490,310,180
105000081,283,379,-96
105000082,99,174,-75
105000083,192,214,-22
105000084,203,597,-394
105000085,300,278,22
105000086,239,514,-275
105000087,1237,958,279
105000088,361,330,31
105000089,1344,1269,75
105000090,576,538,38
105000091,1204,1065,139
105000092,229,652,-423
105000093,137,96,41
105000094,91,67,24
105000095,41,206,-165
105000096,257,224,33
105000097,358,333,25
105000098,117,152,-35
105000099,235,535,-300
105000100,395,628,-233
105000101,741,986,-245
105000102,401,831,-430
105000103,513,1005,-492
105000104,397,546,-149
105000105,241,753,-512
105000106,307,701,-394
105000107,231,391,-160
105000108,306,674,-368
105000109,356,793,-437
105000110,132,332,-200
105000111,143,245,-102
105000112,377,373,4
105000113,92,197,-105
105000114,1615,362,1253
105000115,143,267,-124
105000116,84,92,-8
105000117,318,689,-371
105000118,52,87,-35
105000119,126,632,-506
105000120,99,169,-70
105000121,266,619,-353
105000122,81,130,-49
105000123,325,616,-291
105000124,300,390,-90
105000125,125,815,-690
105000126,564,1196,-632
105000127,807,936,-129
105000128,63,567,-504
105000129,133,161,-28
105000130,14,266,-252
105000131,160,124,36
105000132,210,106,104
105000133,135,536,-401
105000134,97,169,-72
105000135,137,323,-186
105000136,28,184,-156
105000137,23,14,9
105000138,126,193,-67
105000139,354,665,-311
105000140,30,53,-23
105000141,34,295,-261
105000142,24,98,-74
105000143,55,277,-222
105000144,115,314,-199
105000145,71,200,-129
105000146,158,349,-191
105000147,30,21,9
105000148,108,45,63
105000149,120,85,35
105000150,672,702,-30
105000151,102,126,-24
105000152,36,345,-309
105000153,110,180,-70
105000154,143,494,-351
105000155,38,189,-151
105000156,239,524,-285
105000157,374,996,-622
105000158,484,393,91
105000159,163,804,-641
105000160,420,288,132
105000161,253,1217,-964
105000162,98,393,-295
105000163,515,607,-92
105000164,106,104,2
105000165,511,843,-332
105000166,3684,109,3575
105000167,1213,496,717
105000168,24,436,-412
105000169,61,273,-212
105000170,7,407,-400
105000171,434,149,285
105000172,0,3,-3
105000173,1,0,1
105000174,1,0,1
105000175,32,63,-31
105000176,12,21,-9
105000177,32,60,-28
105000178,16,92,-76
105000179,29,34,-5
105000180,13,61,-48
105000181,4,71,-67
105000182,8,19,-11
105000183,966,374,592
105000184,674,296,378
105000185,189,120,69
105000186,130,542,-412
105000187,116,73,43
105000188,33,34,-1
105000189,28,277,-249
105000190,17,33,-16
105000191,104,290,-186
105000192,19,80,-61
105000193,21,37,-16
105000194,64,28,36
105000195,79,455,-376
105000196,4,27,-23
105000197,35,327,-292
105000198,175,99,76
105000199,55,50,5
105000200,27,93,-66
105000201,17,18,-1
105000203,4,163,-159
105000204,42,52,-10
105000205,63,148,-85
105000207,237,78,159
105000208,0,0,0
105000209,60,188,-128
105000211,9,1,8
105000212,227,631,-404
105000213,70,65,5
105000214,7,73,-66
105000215,13,89,-76
105000216,33,213,-180
105000217,42,208,-166
105000218,108,370,-262
105000221,66,123,-57
105000222,5,17,-12
105000223,21,79,-58
105000226,2,72,-70
105000227,2,26,-24
105000228,58,387,-329
105000229,32,100,-68
105000231,0,0,0
105000233,160,227,-67
105000234,321,581,-260
105000235,41,170,-129
105000237,94,19,75
105000243,3,16,-13
105000248,26,19,7
105000262,59,797,-738
105000269,15,70,-55
105000270,57,51,6
105000271,1,156,-155
105000282,43,18,25
105000287,121,26,95
105000288,68,157,-89
105000289,147,295,-148
105000290,0,0,0
105000402,1896,737,1159
105000426,109,217,-108
105000438,209,188,21
105000440,0,2,-2
105000446,4594,1775,2819
105000447,2771,1004,1767
105000454,44,485,-441
105000455,69,74,-5
105000474,1,0,1
105000477,22,125,-103
105000478,318,415,-97
105000479,25,62,-37
105000480,438,563,-125
105000481,689,614,75
105000482,1861,1225,636
105000483,370,495,-125
105000484,901,1107,-206
105000485,648,607,41
105000486,1368,1058,310
105000488,1081,1037,44
105000489,145,295,-150
105000549,0,8,-8
105000550,185,515,-330
105000551,10,29,-19
105000552,2268,892,1376
105000555,226,299,-73
105000556,8,9,-1
105000557,5,55,-50
105900001,0,220,-220
105900002,721,80,641
105900003,1,25,-24
105900004,205,50,155
105900005,2,167,-165
105900006,0,29,-29
105900007,7,2,5
105900008,18,412,-394
105900009,1,6,-5
105900011,6,28,-22
105900012,52,120,-68
105900013,0,4,-4
105900014,1,44,-43
105900015,48,150,-102
105900016,19,326,-307
105900017,99,24,75
105900018,64,113,-49
105900019,3,258,-255
105900020,7,35,-28
105900021,1,144,-143
105900022,51,143,-92
105900023,0,59,-59
105900024,0,54,-54
105900025,10,10,0
105900026,60,7,53
105900027,1025,393,632
105900028,5,54,-49
105900029,830,178,652
105900030,44,138,-94
105900031,104,70,34
105900032,20,80,-60
105900033,7,79,-72
105900034,19,148,-129
105900035,29,52,-23
105900036,10,40,-30
105900037,30,47,-17
105900038,34,116,-82
105900039,9,54,-45
105900040,36,39,-3
105900041,92,139,-47
105900042,3,31,-28
105900043,622,33,589
105900044,3,57,-54
105900045,0,168,-168
105900046,1,86,-85
105900047,1,8,-7
105900048,18,216,-198
105900050,79,96,-17
105900051,1,403,-402
105900052,51,3,48
105900053,1770,242,1528
105900054,116,85,31
105900056,328,11,317
105900057,2,69,-67
105900058,4,15,-11
105900059,0,8,-8
106000001,770,341,429
106000002,987,1618,-631
106000003,1431,658,773
106000004,1231,965,266
106000005,921,1273,-352
106000006,2463,2083,380
106000007,247,140,107
106000008,167,168,-1
106000009,171,127,44
106000010,263,281,-18
106000011,206,333,-127
106000012,278,863,-585
106000013,488,714,-226
106000014,836,940,-104
106000015,335,439,-104
106000016,526,1203,-677
106000017,341,408,-67
106000018,206,411,-205
106000019,136,212,-76
106000020,65,274,-209
106000021,133,227,-94
106000022,127,298,-171
106000023,199,156,43
106000024,173,447,-274
106000025,74,93,-19
106000026,110,215,-105
106000027,103,263,-160
106000028,197,439,-242
106000029,368,900,-532
106000030,369,167,202
106000034,135,253,-118
106000035,237,299,-62
106000036,121,193,-72
106000037,556,702,-146
106000038,89,66,23
106000039,59,21,38
106000040,83,384,-301
106000041,296,119,177
106000043,109,30,79
106000046,102,13,89
106000047,13,192,-179
106000049,88,30,58
106000050,57,440,-383
106000051,76,105,-29
106000052,33,363,-330
106000053,0,0,0
106000054,146,234,-88
106000055,49,166,-117
106000056,170,312,-142
106000057,0,0,0
106000058,61,112,-51
106000059,31,70,-39
106000060,272,364,-92
106000061,36,82,-46
106000062,172,361,-189
106000063,118,115,3
106000064,34,255,-221
106000065,10,24,-14
106000066,30,209,-179
106000067,8,31,-23
106000068,9,356,-347
106000069,13,45,-32
106000070,82,388,-306
106000071,66,87,-21
106000072,1905,573,1332
106000073,654,561,93
106000074,90,268,-178
106000075,70,274,-204
106000076,374,510,-136
106000077,729,398,331
106000078,154,379,-225
106000079,160,484,-324
106000080,272,387,-115
106000081,137,416,-279
106000082,829,446,383
106000083,98,444,-346
106000084,79,265,-186
106000085,427,388,39
106000086,126,265,-139
106000087,101,256,-155
106000088,66,378,-312
106000089,129,201,-72
106000090,43,357,-314
106000091,113,236,-123
106000092,113,83,30
106000093,26,24,2
106000094,21,229,-208
106000095,98,589,-491
106000096,161,386,-225
106000097,104,793,-689
106000098,53,480,-427
106000099,20,496,-476
106000100,108,156,-48
106000101,112,133,-21
106000102,11,274,-263
106000103,73,322,-249
106000104,129,151,-22
106000105,130,528,-398
106000106,123,154,-31
106000107,52,314,-262
106000108,75,141,-66
106000109,19,249,-230
106000110,58,115,-57
106000111,42,391,-349
106000112,39,130,-91
106000113,573,369,204
106000114,183,126,57
106000115,130,343,-213
106000116,70,128,-58
106000117,394,424,-30
106000118,356,367,-11
106000119,1396,533,863
106000120,349,155,194
106000121,39,99,-60
106000122,6,131,-125
106000123,60,166,-106
106000124,27,120,-93
106000125,8,183,-175
106000126,30,150,-120
106000127,88,467,-379
106000128,94,122,-28
106000129,102,390,-288
106000130,87,127,-40
106000131,35,285,-250
106000132,269,45,224
106000133,2200,316,1884
106000134,165,111,54
106000135,92,519,-427
106000136,100,72,28
106000137,39,932,-893
106000138,100,18,82
106000139,0,0,0
106000140,14,49,-35
106000141,11,67,-56
106000142,0,0,0
106000143,7,93,-86
106000144,0,0,0
106000145,41,266,-225
106000146,0,0,0
106000147,127,187,-60
106000148,179,342,-163
106000149,129,147,-18
106000150,130,566,-436
106000151,1769,281,1488
106000152,602,292,310
106000153,32,463,-431
106000154,952,110,842
106000155,21,51,-30
106000156,82,112,-30
106000157,210,735,-525
106000158,1287,269,1018
106000159,2419,526,1893
106000160,34,417,-383
106000161,527,286,241
106000162,29,183,-154
106000163,78,374,-296
106000164,63,92,-29
106000165,38,344,-306
106000166,81,112,-31
106000167,81,887,-806
106000168,56,100,-44
106000169,25,439,-414
106000170,63,76,-13
106000171,15,367,-352
106000172,555,343,212
106000173,216,1137,-921
106000174,80,131,-51
106000175,91,510,-419
106000176,200,202,-2
106000177,153,1117,-964
106000178,712,457,255
106000179,328,904,-576
106000180,249,1003,-754
106000181,119,896,-777
106000182,106,295,-189
106000183,124,571,-447
106000184,136,501,-365
106000185,139,369,-230
106000186,246,68,178
106000187,58,291,-233
106000188,0,2,-2
106000189,2,23,-21
106000190,0,0,0
106000191,98,84,14
106000192,0,28,-28
106000193,104,71,33
106000194,69,145,-76
106000195,41,22,19
106000196,17,112,-95
106000197,76,133,-57
106000198,26,169,-143
106000199,370,185,185
106000200,191,29,162
106000201,143,276,-133
106000202,3163,166,2997
106000203,64,79,-15
106000204,3,1,2
106000205,6,77,-71
106000206,14,7,7
106000207,22,446,-424
106000208,73,11,62
106000209,88,48,40
106000210,73,735,-662
106000211,109,967,-858
106000212,52,25,27
106000213,191,461,-270
106000214,528,74,454
106000215,85,280,-195
106000216,116,130,-14
106000217,63,284,-221
106000218,115,122,-7
106000219,39,169,-130
106000220,74,109,-35
106000221,34,133,-99
106000222,30,69,-39
106000223,8,48,-40
106000224,59,185,-126
106000225,16,20,-4
106000226,39,219,-180
106000228,6,62,-56
106000229,14,434,-420
106000231,107,24,83
106000232,22,234,-212
106000233,47,30,17
106000234,32,117,-85
106000235,24,16,8
106000236,14,24,-10
106000237,0,18,-18
106000238,0,1,-1
106000239,0,39,-39
106000240,10,0,10
106000241,14,347,-333
106000242,17,4,13
106000249,0,0,0
106000250,15,191,-176
106000251,4,3,1
106000252,6,52,-46
106000253,5,8,-3
106000254,12,47,-35
106000255,3,27,-24
106000256,34,49,-15
106000257,16,146,-130
106000258,5,1,4
106000259,0,27,-27
106000260,4,1,3
106000261,0,15,-15
106000262,7,2,5
106000263,0,27,-27
106000264,19,0,19
106000265,2,68,-66
106000266,26,6,20
106000267,0,61,-61
106000268,105,6,99
106000269,17,38,-21
106000270,52,172,-120
106000271,8,74,-66
106000272,37,17,20
106000273,3,32,-29
106000274,99,11,88
106000275,37,64,-27
106000276,52,36,16
106000277,36,56,-20
106000278,91,19,72
106000279,13,60,-47
106000280,2,104,-102
106000281,35,57,-22
106000282,32,25,7
106000283,16,61,-45
106000284,11,52,-41
106000285,37,83,-46
106000286,11,77,-66
106000287,17,54,-37
106000288,19,103,-84
106000289,11,53,-42
106000290,21,117,-96
106000291,15,64,-49
106000292,18,97,-79
106000293,36,46,-10
106000294,65,51,14
106000295,16,21,-5
106000296,45,50,-5
106000297,51,70,-19
106000298,88,17,71
106000299,31,49,-18
106000300,15,39,-24
106000301,62,60,2
106000303,2,8,-6
106000304,7,10,-3
106000305,5,8,-3
106000306,23,41,-18
106000307,5,0,5
106000308,27,91,-64
106000309,3,37,-34
106000310,39,162,-123
106000311,97,58,39
106000312,30,59,-29
106000313,38,111,-73
106000318,65,92,-27
106000319,86,5,81
106000320,0,17,-17
106000321,78,30,48
106000322,18,110,-92
106000324,1,90,-89
106000325,306,308,-2
106000326,304,974,-670
106000327,12,59,-47
106000328,1,29,-28
106000329,20,146,-126
106000330,17,23,-6
106000428,30,69,-39
106000429,38,303,-265
106000430,121,782,-661
106000431,185,134,51
106000432,464,1284,-820
106000433,274,365,-91
106000434,631,197,434
106000435,995,1249,-254
106000436,7,179,-172
106000437,39,3,36
106000438,12,28,-16
106000439,19,213,-194
106000440,35,273,-238
106000441,0,0,0
106000442,15,3,12
106000443,31,347,-316
106000450,2,82,-80
106000451,10,0,10
106000454,2,26,-24
106000455,1,93,-92
106000456,16,11,5
106000457,9,650,-641
106000458,33,34,-1
106000459,6,228,-222
106000460,86,3,83
106000461,13,986,-973
106000462,0,8,-8
106000463,1,6,-5
106000464,4,300,-296
106000465,33,1,32
106000466,4,339,-335
106000467,277,223,54
106000468,7,77,-70
106000469,51,0,51
106000470,62,410,-348
106000471,4,303,-299
106000472,19,2,17
106000473,19,10,9
106000474,103,420,-317
106000475,80,62,18
106000476,97,106,-9
106000477,12,93,-81
106000480,0,31,-31
106900001,0,5,-5
106900002,1,326,-325
106900003,54,320,-266
106900004,0,12,-12
106900006,0,6,-6
106900007,0,2,-2
106900008,40,93,-53
106900009,71,141,-70
106900010,41,115,-74
106900012,429,174,255
106900013,16,8,8
106900014,3,0,3
106900015,1,0,1
106900016,7,0,7
106900017,0,0,0
106900018,3,0,3
106900019,1,0,1
106900020,1262,130,1132
106900021,2,12,-10
106900022,30,0,30
106900023,0,90,-90
106900024,24,1,23
106900025,24,309,-285
106900026,4,531,-527
106900027,22,0,22
107000001,455,653,-198
107000002,1126,1716,-590
107000003,1122,1868,-746
107000004,2506,3172,-666
107000005,531,946,-415
107000006,1450,3768,-2318
107000007,1995,1470,525
107000008,11160,6632,4528
107000009,1378,1466,-88
107000010,5329,6283,-954
107000011,471,630,-159
107000012,1516,1666,-150
107000013,15,100,-85
107000014,6,164,-158
107000015,165,509,-344
107000016,100,692,-592
107000017,670,340,330
107000018,3,117,-114
107000020,270,133,137
107000021,304,521,-217
107000022,150,699,-549
107000023,451,255,196
107000024,144,1199,-1055
107000025,41,163,-122
107000026,47,371,-324
107000027,456,342,114
107000028,396,687,-291
107000029,413,461,-48
107000030,1330,1475,-145
107000031,505,558,-53
107000032,37,169,-132
107000033,1865,1609,256
107000034,2934,945,1989
107000035,104,61,43
107000036,145,419,-274
107000037,33,273,-240
107000038,115,110,5
107000039,124,157,-33
107000040,62,141,-79
107000041,419,238,181
107000042,286,650,-364
107000043,1261,264,997
107000044,357,240,117
107000045,37,138,-101
107000046,116,88,28
107000047,121,478,-357
107000048,107,123,-16
107000049,144,378,-234
107000050,165,207,-42
107000051,210,109,101
107000052,290,231,59
107000053,78,36,42
107000054,32,133,-101
107000055,60,42,18
107000056,231,474,-243
107000057,970,151,819
107000058,276,410,-134
107000059,697,1366,-669
107000060,682,1236,-554
107000061,2076,1994,82
107000062,703,902,-199
107000063,1539,2918,-1379
107000064,600,629,-29
107000065,1428,3505,-2077
107000066,342,523,-181
107000067,245,350,-105
107000068,527,183,344
107000069,147,157,-10
107000070,38,14,24
107000071,165,5,160
107000072,18,1997,-1979
107000073,49,37,12
107000074,72,384,-312
107000075,154,19,135
107000076,408,1181,-773
107000077,373,43,330
107000078,495,1843,-1348
107000079,250,73,177
107000080,337,1804,-1467
107000081,184,156,28
107000082,166,1668,-1502
107000083,127,102,25
107000084,118,1480,-1362
107000085,1027,1160,-133
107000086,1659,1238,421
107000087,1079,770,309
107000088,797,1465,-668
107000089,527,607,-80
107000090,505,434,71
107000091,292,392,-100
107000092,197,489,-292
107000093,276,387,-111
107000094,246,589,-343
107000095,97,91,6
107000096,244,526,-282
107000097,81,67,14
107000098,156,471,-315
107000099,94,84,10
107000100,145,257,-112
107000101,20,57,-37
107000102,186,240,-54
107000103,70,61,9
107000104,127,239,-112
107000105,74,49,25
107000106,49,178,-129
107000107,109,50,59
107000108,46,469,-423
107000109,0,0,0
107000110,17,361,-344
107000111,0,0,0
107000112,7,218,-211
107000113,0,0,0
107000114,16,438,-422
107000115,0,0,0
107000116,41,555,-514
107000117,0,0,0
107000118,36,131,-95
107000119,615,141,474
107000120,1411,221,1190
107000121,83,187,-104
107000122,370,461,-91
107000123,33,288,-255
107000124,140,425,-285
107000125,89,314,-225
107000126,223,694,-471
107000129,48,656,-608
107000130,35,40,-5
107000131,102,430,-328
107000132,51,87,-36
107000133,65,34,31
107000134,26,0,26
107000135,5,110,-105
107000136,86,1,85
107000137,5,210,-205
107000138,48,3,45
107000139,4,184,-180
107000140,194,5,189
107000141,65,402,-337
107000142,49,9,40
107000143,19,480,-461
107000144,60,39,21
107000145,34,287,-253
107000146,61,29,32
107000147,2284,468,1816
107000150,371,392,-21
107000151,10,15,-5
107000152,131,169,-38
107000153,191,139,52
107000154,17,21,-4
107000155,143,0,143
107000156,184,1,183
107000157,7,1724,-1717
107000158,88,3,85
107000159,13,919,-906
107000160,109,38,71
107000161,22,1130,-1108
107000162,51,56,-5
107000163,1,0,1
107000164,27,0,27
107000165,96,1,95
107000166,21,774,-753
107000167,162,102,60
107000168,247,91,156
107000169,462,730,-268
107000170,200,141,59
107000171,140,1868,-1728
107000172,150,197,-47
107000173,323,595,-272
107000174,292,596,-304
107000175,6322,861,5461
107000176,0,0,0
107000177,0,0,0
107000178,1,9,-8
107000179,109,1784,-1675
107000180,200,139,61
107000181,71,778,-707
107000182,166,295,-129
107000183,27,602,-575
107000184,142,293,-151
107000185,94,732,-638
107000186,73,67,6
107000187,322,397,-75
107000188,123,159,-36
107000189,83,387,-304
107000190,153,334,-181
107000191,171,531,-360
107000192,337,457,-120
107000193,111,160,-49
107000194,367,423,-56
107000197,97,69,28
107000198,71,429,-358
107000199,247,361,-114
107000200,504,231,273
107000201,142,121,21
107000202,80,223,-143
107000203,346,205,141
107000204,394,192,202
107000205,1495,502,993
107000206,255,113,142
107000207,407,397,10
107000208,663,83,580
107000209,963,185,778
107000210,839,121,718
107000211,2,5,-3
107000212,2,131,-129
107000213,34,4,30
107000214,0,85,-85
107000215,79,222,-143
107000216,38,254,-216
107000217,20,66,-46
107000219,17,58,-41
107000220,37,237,-200
107000222,75,316,-241
107000224,38,16,22
107000225,70,414,-344
107000226,62,25,37
107000227,56,342,-286
107000228,49,97,-48
107000229,85,44,41
107000230,833,306,527
107000231,104,122,-18
107000232,23,26,-3
107000233,96,171,-75
107000234,1,4,-3
107000235,0,3,-3
107000236,10,225,-215
107000237,1,0,1
107000238,0,0,0
107000239,3087,162,2925
107000240,21,821,-800
107000243,0,41,-41
107000244,8,79,-71
107000246,1,715,-714
107000249,0,434,-434
107000251,0,116,-116
107000252,3,875,-872
107000255,301,34,267
107000257,2,452,-450
107000258,2,117,-115
107000259,0,187,-187
107000260,82,0,82
107000262,2,526,-524
107000263,18,0,18
107000266,2,0,2
107000267,31,125,-94
107000268,52,133,-81
107000269,11,18,-7
107000270,0,1,-1
107000271,5,669,-664
107000272,10,190,-180
107000273,2,165,-163
107000274,58,84,-26
107000275,6,299,-293
107000280,95,7,88
107000281,3,652,-649
107000282,7,1046,-1039
107000290,1,39,-38
107000291,3,4,-1
107000292,3,23,-20
107000293,32,2,30
107000294,0,23,-23
107000295,23,0,23
107000296,0,1,-1
107000444,25,0,25
107000496,0,2,-2
107000497,461,2005,-1544
107000500,148,125,23
107000501,18,72,-54
107000502,28,173,-145
107000505,306,428,-122
107000506,0,5,-5
107000508,3,451,-448
107000509,30,75,-45
107000510,15,6,9
107000514,6,152,-146
107000515,4,236,-232
107000516,45,37,8
107000518,88,60,28
107000519,1801,634,1167
107000520,8,1,7
107000521,156,299,-143
107000522,44,379,-335
107900001,3,154,-151
107900002,3,0,3
107900003,46,4,42
107900004,4,0,4
107900005,102,0,102
107900006,6,0,6
107900007,27,3,24
107900008,37,17,20
107900009,23,0,23
107900010,6,0,6
107900012,92,1,91
107900013,68,37,31
107900014,2,0,2
107900015,116,2,114
107900016,170,38,132
107900017,4,0,4
107900018,8,9,-1
107900019,0,37,-37
107900020,35,0,35
107900021,2,68,-66
107900023,0,0,0
107900024,0,2,-2
107900025,102,184,-82
107900026,3,50,-47
107900027,7,10,-3
107900028,9,42,-33
107900030,30,4,26
107900031,20,124,-104
107900032,0,0,0
107900033,2,2,0
107900034,27,2,25
107900035,119,2,117
107900036,17,0,17
107900037,0,12,-12
107900038,47,30,17
107900039,0,33,-33
107900040,6,16,-10
107900041,1,0,1
107900043,4,36,-32
107900044,1,0,1
107900045,3,6,-3
107900046,19,9,10
107900047,1,22,-21
107900048,18,0,18
107900049,67,84,-17
107900050,34,163,-129
107900051,19,52,-33
107900052,0,1,-1
107900053,13,41,-28
107900055,82,26,56
107900056,10,5,5
107900057,0,0,0
107900058,9,411,-402
107900060,0,15,-15
107900061,7,1,6
107900063,5,51,-46
107900064,68,12,56
107900065,9,1,8
107900066,1,6,-5
107900067,0,0,0
107900068,47,102,-55
107900069,16,114,-98
107900070,3,2,1
107900071,5,587,-582
107900072,7,104,-97
107900073,3,34,-31
107900074,403,96,307
107900076,22,22,0
107900077,6,0,6
107900079,0,3,-3
107900080,84,52,32
107900081,3,19,-16
107900082,12,8,4
107900083,47,36,11
107900084,14,33,-19
107900086,29,24,5
107900087,86,10,76
107900088,1,0,1
107900089,192,384,-192
107900090,108,139,-31
107900091,33,206,-173
107900093,6,12,-6
107900095,1447,474,973
107900097,2,20,-18
107900098,15,43,-28
107900100,329,114,215
107900101,426,48,378
107900102,25,1,24
107900103,14,86,-72
107900104,11,0,11
107900105,3,290,-287
107900106,1,833,-832
107900107,522,47,475
107900108,93,14,79
107900109,88,0,88
107900110,2,75,-73
107900111,4,718,-714
107900112,17,115,-98
107900113,7,32,-25
107900114,23,117,-94
107900115,3,10,-7
107900116,7,138,-131
107900117,73,202,-129
107900118,17,83,-66
107900119,8,8,0
107900120,9,1,8
107900121,0,33,-33
107900122,2,42,-40
107900123,0,9,-9
107900124,0,4,-4
107900125,7,97,-90
107900126,0,10,-10
107900127,132,13,119
107900128,64,18,46
107900129,1,32,-31
107900130,4,11,-7
107900131,50,7,43
107900132,20,225,-205
107900133,1,31,-30
107900134,11,1,10
107900135,0,104,-104
107900136,16,12,4
107900137,36,38,-2
107900138,4,13,-9
107900139,1,7,-6
107900141,3,6,-3
107900142,18,444,-426
107900143,13,9,4
107900144,2,79,-77
107900145,0,51,-51
107900146,12,26,-14
107900147,3,0,3
107900148,67,58,9
107900149,1145,40,1105
107900150,17,272,-255
107900151,3,56,-53
107900152,2,102,-100
107900153,37,56,-19
107900154,1,3,-2
107900155,4,7,-3
107900156,1,136,-135
107900157,13,51,-38
107900158,67,1,66
107900159,20,541,-521
107900160,5,85,-80
107900161,1,139,-138
107900162,0,36,-36
107900163,6,7,-1
107900164,0,8,-8
107900165,4,16,-12
107900166,4,182,-178
107900167,0,0,0
107900168,2,30,-28
107900169,0,131,-131
107900171,7,881,-874
107900172,1,157,-156
107900173,2,129,-127
107900174,22,1,21
107900175,0,3,-3
107900176,2,19,-17
107900177,0,34,-34
107900178,0,139,-139
107900179,0,59,-59
107900180,593,67,526
107900181,141,268,-127
107900182,2,657,-655
107900183,1,275,-274
107900184,8,139,-131
107900185,6,3,3
107900186,5,7,-2
107900187,0,72,-72
107900188,272,21,251
107900189,1,42,-41
107900190,66,7,59
107900191,11,94,-83
107900193,0,27,-27
107900194,24,0,24
107900195,2221,161,2060
107900196,7,17,-10
107900197,70,22,48
107900199,0,725,-725
107900201,26,88,-62
107900203,6,31,-25
107900204,122,132,-10
107900206,101,58,43
107900207,1,381,-380
107900208,1,564,-563
107900209,129,25,104
107900210,21,46,-25
107900213,90,124,-34
107900214,0,94,-94
107900215,100,150,-50
107900216,10,14,-4
107900217,12,18,-6
107900218,1,876,-875
107900219,4,85,-81
107900220,60,24,36
107900221,105,172,-67
107900223,10,240,-230
107900224,81,138,-57
107900225,0,357,-357
107900226,17,59,-42
107900227,36,230,-194
107900228,1,50,-49
107900229,3,214,-211
107900230,2,74,-72
107900231,0,83,-83
107900232,4,169,-165
107900233,7,65,-58
107900234,19,94,-75
107900235,18,64,-46
107900236,12,73,-61
107900237,47,240,-193
107900238,13,57,-44
107900239,635,253,382
107900240,2,100,-98
107900241,7,47,-40
107900242,2,236,-234
107900243,1,17,-16
107900244,25,0,25
107900245,76,7,69
107900246,31,7,24
107900248,51,204,-153
107900249,63,1,62
107900250,0,333,-333
107900251,7,594,-587
107900252,47,2,45
107900253,12,0,12
107900254,17,30,-13
107900255,152,11,141
107900256,53,186,-133
107900257,14,13,1
107900258,9,124,-115
107900259,23,179,-156
107900261,1,305,-304
107900262,14,44,-30
107900264,15,0,15
107900265,12,106,-94
107900267,6,2,4
107900268,19,2,17
107900269,0,3,-3
107900270,0,0,0
107900271,0,0,0
107900272,0,1,-1
107900273,1,29,-28
107900274,4,0,4
107900275,13,0,13
107900276,0,30,-30
107900277,1,92,-91
107900278,18,167,-149
107900279,53,39,14
107900280,691,351,340
107900281,1222,300,922
107900282,11,52,-41
107900283,670,150,520
107900284,27,343,-316
107900285,18,83,-65
107900286,49,36,13
107900287,14,28,-14
107900290,0,29,-29
107900291,131,4,127
107900292,23,128,-105
107900293,4,264,-260
107900295,5,92,-87
107900297,0,123,-123
107900298,264,417,-153
107900299,2105,422,1683
107900301,81,87,-6
107900302,15,3,12
107900303,9,144,-135
107900304,28,231,-203
107900305,49,0,49
107900306,2,2,0
107900307,6,202,-196
107900308,43,1,42
107900309,0,0,0
107900310,0,0,0
107900311,15,14,1
107900312,0,0,0
107900313,0,22,-22
107900314,0,7,-7
107900315,0,15,-15
107900316,6,0,6
107900317,7,0,7
107900318,4,38,-34
107900319,1,153,-152
107900320,0,105,-105
107900321,19,1,18
107900322,1,116,-115
107900323,2,79,-77
107900324,22,2,20
107900325,21,1,20
107900326,13,240,-227
107900327,0,0,0
107900328,0,0,0
107900329,0,0,0
107900330,0,275,-275
107900331,9,12,-3
107900332,36,11,25
107900333,13,5,8
107900334,4,135,-131
107900335,8,29,-21
107900336,0,17,-17
107900337,621,152,469
107900338,0,54,-54
107900339,0,21,-21
107900340,0,24,-24
107900341,0,0,0
107900342,30,41,-11
107900343,9,3,6
107900344,0,68,-68
107900345,12,4,8
107900346,9,0,9
107900347,3,0,3
107900348,1,2,-1
107900349,7,0,7
107900350,17,129,-112
107900351,0,162,-162
107900352,1,28,-27
107900353,3,2,1
107900354,1,50,-49
108000001,726,949,-223
108000002,1251,1928,-677
108000003,876,555,321
108000004,10373,8519,1854
108000005,1173,892,281
108000006,1863,3159,-1296
108000007,1202,1219,-17
108000008,2093,3144,-1051
108000009,673,1065,-392
108000010,980,3049,-2069
108000011,2988,2367,621
108000012,9865,8468,1397
108000014,75,146,-71
108000015,84,117,-33
108000016,72,401,-329
108000017,75,116,-41
108000018,138,119,19
108000019,132,157,-25
108000020,145,76,69
108000021,154,915,-761
108000022,210,825,-615
108000023,322,48,274
108000024,25,342,-317
108000025,25,129,-104
108000026,47,289,-242
108000027,69,374,-305
108000028,69,176,-107
108000029,69,592,-523
108000030,20,98,-78
108000031,50,365,-315
108000032,159,69,90
108000033,197,674,-477
108000034,255,70,185
108000035,384,1493,-1109
108000036,122,958,-836
108000037,279,61,218
108000038,360,56,304
108000039,99,1439,-1340
108000040,247,119,128
108000041,312,1452,-1140
108000042,37,125,-88
108000043,62,186,-124
108000044,17,71,-54
108000045,59,470,-411
108000046,120,64,56
108000047,115,678,-563
108000048,39,255,-216
108000049,43,40,3
108000050,91,398,-307
108000051,27,11,16
108000052,142,341,-199
108000053,34,27,7
108000054,214,440,-226
108000055,198,99,99
108000056,663,517,146
108000057,93,257,-164
108000058,477,621,-144
108000059,1517,776,741
108000060,30,113,-83
108000061,153,437,-284
108000062,99,123,-24
108000063,64,426,-362
108000064,46,54,-8
108000065,210,348,-138
108000066,439,190,249
108000067,308,150,158
108000068,97,93,4
108000069,88,748,-660
108000070,183,128,55
108000071,238,1160,-922
108000072,177,180,-3
108000073,460,1082,-622
108000074,43,70,-27
108000075,111,493,-382
108000076,92,96,-4
108000077,273,540,-267
108000078,456,370,86
108000079,609,994,-385
108000080,154,188,-34
108000081,155,1623,-1468
108000082,566,790,-224
108000083,382,215,167
108000084,159,568,-409
108000085,62,44,18
108000086,379,317,62
108000087,43,362,-319
108000088,126,15,111
108000089,106,120,-14
108000091,42,308,-266
108000092,15,10,5
108000093,42,500,-458
108000094,37,22,15
108000095,53,266,-213
108000096,33,26,7
108000097,32,357,-325
108000098,53,299,-246
108000099,184,103,81
108000100,10,90,-80
108000101,99,162,-63
108000102,256,594,-338
108000106,119,0,119
108000107,2,326,-324
108000108,102,6,96
108000109,2,367,-365
108000110,19,86,-67
108000111,53,352,-299
108000112,20,20,0
108000113,232,194,38
108000115,229,124,105
108000117,320,122,198
108000118,111,294,-183
108000119,243,329,-86
108000120,13,251,-238
108000121,57,282,-225
108000122,36,91,-55
108000123,55,134,-79
108000124,37,304,-267
108000125,33,207,-174
108000126,37,407,-370
108000127,57,262,-205
108000128,75,448,-373
108000129,58,873,-815
108000130,32,218,-186
108000131,152,57,95
108000132,420,493,-73
108000133,142,170,-28
108000134,248,580,-332
108000135,128,105,23
108000136,384,660,-276
108000137,108,256,-148
108000138,110,622,-512
108000139,18,184,-166
108000140,16,7,9
108000141,6,91,-85
108000142,16,81,-65
108000143,23,333,-310
108000144,72,47,25
108000145,13,10,3
108000146,45,12,33
108000147,6,14,-8
108000148,29,21,8
108000149,23,9,14
108000150,17,0,17
108000151,64,11,53
108000152,22,451,-429
108000153,28,33,-5
108000154,30,8,22
108000155,10,28,-18
108000156,310,191,119
108000157,53,141,-88
108000158,32,118,-86
108000159,317,53,264
108000160,2676,258,2418
108000161,2065,418,1647
108000165,2,57,-55
108000172,1,70,-69
108000173,1394,595,799
108000175,35,27,8
108000178,275,222,53
108000179,95,129,-34
108000181,15,23,-8
108000182,141,25,116
108000183,5,226,-221
108000184,465,481,-16
108000185,18,454,-436
108000186,21,203,-182
108000187,24,467,-443
108000188,66,78,-12
108000189,609,732,-123
108000190,10,52,-42
108000192,26,396,-370
108000193,247,9,238
108000194,0,2,-2
108000195,1,690,-689
108000196,4,30,-26
108000198,115,242,-127
108000199,1,72,-71
108000200,86,254,-168
108000203,32,706,-674
108000204,51,24,27
108000205,228,322,-94
108000339,473,114,359
108000364,191,174,17
108000365,12,174,-162
108000367,36,79,-43
108000368,4,25,-21
108000369,1175,60,1115
108000371,2,344,-342
108000372,33,3,30
108000373,0,0,0
108000376,36,4,32
108000377,110,167,-57
108000378,3835,2124,1711
108000379,6,64,-58
108000381,10,6,4
108000382,27,1,26
108000383,0,72,-72
108900001,54,579,-525
108900002,52,18,34
108900003,185,529,-344
108900004,1246,115,1131
108900007,21,65,-44
108900008,10,71,-61
108900009,15,44,-29
108900010,15,82,-67
108900011,62,232,-170
108900012,31,285,-254
108900013,13,144,-131
108900014,0,28,-28
108900015,0,5,-5
108900016,0,97,-97
108900017,67,68,-1
108900018,24,286,-262
108900019,1,681,-680
108900020,10,169,-159
108900021,36,151,-115
108900022,9,0,9
108900023,0,4,-4
108900024,0,100,-100
108900025,3,40,-37
108900026,6,37,-31
108900027,0,83,-83
108900028,26,450,-424
108900029,4,89,-85
108900030,0,71,-71
108900031,8,371,-363
108900032,2,122,-120
108900033,0,22,-22
108900034,0,172,-172
108900035,55,1275,-1220
108900038,0,195,-195
108900039,1,381,-380
108900040,2,51,-49
108900041,3102,538,2564
108900042,2,115,-113
108900043,6,268,-262
108900044,0,488,-488
108900045,8,378,-370
108900046,8,511,-503
108900047,0,48,-48
108900048,17,485,-468
108900049,2771,212,2559
108900050,0,176,-176
108900051,0,81,-81
108900052,1,174,-173
108900053,26,29,-3
108900054,4,105,-101
108900055,25,272,-247
108900056,1,122,-121
108900057,1,95,-94
108900058,2,371,-369
108900059,80,8,72
108900060,49,29,20
108900061,24,15,9
108900062,3,228,-225
108900063,0,273,-273
108900064,12,30,-18
108900065,3,203,-200
108900066,56,42,14
108900067,0,189,-189
108900068,0,176,-176
108900069,6,69,-63
108900070,7,120,-113
108900071,7,13,-6
108900072,1052,61,991
108900073,3,347,-344
108900074,12,300,-288
108900075,14,59,-45
108900076,29,21,8
108900077,82,415,-333
108900078,0,107,-107
108900079,274,87,187
108900080,9,91,-82
108900081,15,119,-104
108900082,5,33,-28
108900083,5,56,-51
108900085,1140,50,1090
108900086,10,181,-171
108900087,60,80,-20
108900088,113,49,64
108900089,1,24,-23
108900090,2,219,-217
108900091,58,46,12
108900092,82,58,24
108900093,14,15,-1
108900094,47,25,22
108900095,26,439,-413
108900096,242,5,237
108900097,62,126,-64
108900098,1393,22,1371
108900099,77,169,-92
108900100,11,47,-36
108900101,40,10,30
108900102,16,135,-119
108900103,15,19,-4
108900105,2,102,-100
108900106,53,327,-274
108900108,22,6,16
108900109,26,12,14
108900110,10,276,-266
108900111,42,422,-380
108900113,6,8,-2
108900114,6,2,4
108900115,12,11,1
108900116,7,0,7
108900117,15,10,5
108900118,46,2,44
108900119,43,6,37
108900120,49,43,6
108900121,11,4,7
108900122,10,7,3
108900123,10,1,9
108900124,30,35,-5
108900125,25,1,24
108900126,5,1,4
108900127,19,2,17
108900128,1,4,-3
108900129,67,27,40
108900130,8,0,8
108900131,26,1,25
108900132,28,9,19
108900133,40,14,26
108900134,13,79,-66
108900135,11,0,11
108900136,2,0,2
108900137,11,0,11
108900138,41,2,39
108900140,6,97,-91
108900141,22,0,22
108900142,4,0,4
108900143,3,0,3
108900144,2,0,2
108900145,24,0,24
108900146,5,0,5
108900147,15,0,15
108900148,20,6,14
108900150,108,2,106
108900151,5,0,5
108900152,4,6,-2
108900153,12,246,-234
108900154,646,118,528
108900156,13,8,5
108900157,5,356,-351
108900158,10,14,-4
108900159,9,112,-103
108900160,6,116,-110
108900161,4,248,-244
108900162,28,0,28
108900163,1,25,-24
108900164,8,52,-44
108900168,6188,542,5646
108900169,3,40,-37
108900171,1916,373,1543
108900172,18,5,13
108900173,100,97,3
108900174,69,171,-102
108900176,27,373,-346
108900177,4625,537,4088
108900178,2829,328,2501
108900180,19,32,-13
108900183,66,92,-26
108900184,30,48,-18
108900185,14,151,-137
108900186,8,175,-167
108900189,10,56,-46
108900190,3,1487,-1484
108900192,22,123,-101
108900195,9,170,-161
108900196,13,341,-328
108900199,24,200,-176
108900200,105,153,-48
108900201,57,518,-461
108900203,28,0,28
108900204,50,1,49
108900205,23,4,19
108900206,28,1,27
108900207,23,7,16
108900208,26,147,-121
108900209,65,373,-308
108900210,35,89,-54
108900211,18,73,-55
108900212,232,198,34
108900215,36,322,-286
108900216,108,21,87
108900217,17,0,17
108900218,7,1,6
108900221,4,18,-14
108900224,15,29,-14
108900225,1,63,-62
108900227,23,16,7
108900230,197,203,-6
108900232,1,221,-220
108900233,39,10,29
108900234,67,22,45
108900235,37,323,-286
108900236,11,184,-173
108900240,3,26,-23
108900241,0,11,-11
108900245,1,82,-81
108900250,17,31,-14
108900258,1,112,-111
108900259,14,33,-19
108900260,2,75,-73
108900261,55,60,-5
108900262,200,38,162
108900263,9,119,-110
108900264,134,101,33
108900265,690,82,608
108900266,434,26,408
108900267,1,5,-4
108900268,0,0,0
108900269,4,3,1
108900270,3,0,3
108900271,2,2,0
108900272,20,1,19
108900273,402,140,262
108900274,6,17,-11
109000001,1120,286,834
109000002,2663,831,1832
109000003,624,225,399
109000004,278,1806,-1528
109000005,478,248,230
109000006,364,1326,-962
109000007,256,209,47
109000008,234,1206,-972
109000009,854,406,448
109000010,670,2440,-1770
109000011,454,517,-63
109000012,705,2608,-1903
109000013,691,410,281
109000014,461,2405,-1944
109000015,989,857,132
109000016,5444,2472,2972
109000017,598,401,197
109000018,380,2167,-1787
109000019,597,393,204
109000020,683,1409,-726
109000023,1,0,1
109000024,3,69,-66
109000025,211,161,50
109000026,262,165,97
109000027,27,125,-98
109000028,20,57,-37
109000029,102,33,69
109000030,11,252,-241
109000031,0,0,0
109000032,9,245,-236
109000033,8,8,0
109000034,38,14,24
109000035,1,10,-9
109000036,38,191,-153
109000037,29,204,-175
109000038,300,144,156
109000039,173,122,51
109000040,2103,773,1330
109000041,3514,447,3067
109000042,271,386,-115
109000044,18,45,-27
109000045,15,260,-245
109000046,12,26,-14
109000047,25,234,-209
109000048,89,17,72
109000049,101,286,-185
109000050,18,22,-4
109000051,125,152,-27
109000052,93,1023,-930
109000053,27,34,-7
109000054,26,298,-272
109000055,32,67,-35
109000056,73,327,-254
109000057,68,52,16
109000058,344,95,249
109000059,140,595,-455
109000060,74,45,29
109000061,880,204,676
109000062,34,27,7
109000063,91,160,-69
109000064,18,18,0
109000065,15,258,-243
109000066,41,32,9
109000067,12,252,-240
109000068,2,1,1
109000069,1,0,1
109000070,1,467,-466
109000071,127,32,95
109000072,22,221,-199
109000073,14,54,-40
109000074,16,145,-129
109000075,16,229,-213
109000076,40,72,-32
109000077,105,136,-31
109000078,8,29,-21
109000079,31,153,-122
109000080,28,60,-32
109000081,14,301,-287
109000082,100,178,-78
109000083,31,448,-417
109000088,31,229,-198
109000089,36,7,29
109000090,100,344,-244
109000091,70,24,46
109000092,176,466,-290
109000093,58,20,38
109000094,34,2,32
109000095,33,487,-454
109000096,137,14,123
109000097,23,43,-20
109000098,1,5,-4
109000099,87,85,2
109000100,40,289,-249
109000101,134,304,-170
109000102,50,450,-400
109000103,100,306,-206
109000104,215,162,53
109000105,133,946,-813
109000106,213,192,21
109000107,129,980,-851
109000108,153,155,-2
109000109,177,951,-774
109000110,192,149,43
109000111,305,1307,-1002
109000112,68,75,-7
109000113,65,86,-21
109000114,31,156,-125
109000115,298,44,254
109000116,4,83,-79
109000117,23,52,-29
109000118,1,217,-216
109000119,99,106,-7
109000120,38,776,-738
109000121,52,31,21
109000122,27,720,-693
109000123,12,44,-32
109000124,108,161,-53
109000125,90,196,-106
109000126,110,545,-435
109000127,76,103,-27
109000128,119,1639,-1520
109000129,223,89,134
109000130,232,1517,-1285
109000131,125,81,44
109000132,268,932,-664
109000133,49,520,-471
109000134,204,869,-665
109000135,324,610,-286
109000136,72,227,-155
109000137,45,95,-50
109000138,97,275,-178
109000139,99,205,-106
109000140,28,268,-240
109000141,43,203,-160
109000142,42,269,-227
109000143,7,11,-4
109000145,29,28,1
109000146,44,44,0
109000148,2093,127,1966
109000149,15,22,-7
109000150,42,64,-22
109000155,73,249,-176
109000156,441,497,-56
109000158,9,158,-149
109000159,17,275,-258
109000160,138,134,4
109000161,93,673,-580
109000162,481,586,-105
109000163,187,705,-518
109000164,289,1222,-933
109000165,221,301,-80
109000166,113,82,31
109000167,55,503,-448
109000170,9,17,-8
109000171,32,14,18
109000172,13,24,-11
109000173,8,28,-20
109000174,17,27,-10
109000175,8,50,-42
109000176,44,295,-251
109000177,6,49,-43
109000178,103,170,-67
109000179,3739,668,3071
109000180,2368,1181,1187
109000181,1,24,-23
109000182,4,25,-21
109000183,1,29,-28
109000184,13,10,3
109000185,3,53,-50
109000188,63,1421,-1358
109000189,242,388,-146
109000190,100,322,-222
109000191,36,146,-110
109000192,42,98,-56
109000193,40,243,-203
109000194,38,50,-12
109000195,15,271,-256
109000196,19,36,-17
109000197,46,310,-264
109000198,30,43,-13
109000199,60,255,-195
109000206,49,31,18
109000207,36,27,9
109000208,85,18,67
109000209,35,25,10
109000210,114,219,-105
109000211,52,154,-102
109000214,78,387,-309
109000215,4,8,-4
109000216,25,27,-2
109000217,69,35,34
109000218,42,25,17
109000221,45,641,-596
109000222,110,4,106
109000223,86,132,-46
109000224,9,186,-177
109000225,13,31,-18
109000226,24,210,-186
109000227,135,702,-567
109000228,1,145,-144
109000231,1,249,-248
109000232,42,323,-281
109000236,47,467,-420
109000241,327,889,-562
109000242,269,410,-141
109000293,1,11,-10
109000361,40,116,-76
109000364,68,328,-260
109000396,3,662,-659
109000397,52,2,50
109000399,41,262,-221
109000400,29,249,-220
109000403,19,68,-49
109000406,0,1,-1
109000407,35,132,-97
109000408,1,278,-277
109000410,285,86,199
109000411,12,14,-2
109900001,8,0,8
109900002,79,2,77
109900003,40,0,40
109900004,131,87,44
109900005,2,2,0
109900006,21,180,-159
109900007,52,569,-517
109900008,0,20,-20
109900009,29,636,-607
109900010,94,0,94
109900011,13,10,3
109900012,24,45,-21
109900013,76,25,51
109900014,38,7,31
109900015,52,27,25
109900016,26,27,-1
109900017,4,24,-20
109900018,43,81,-38
109900019,17,49,-32
109900020,0,4,-4
109900021,5,2,3
109900022,9,191,-182
109900023,12,0,12
109900024,1,0,1
109900025,5,39,-34
109900026,0,89,-89
109900027,24,5,19
109900028,1446,123,1323
109900029,2,257,-255
109900030,0,2,-2
109900031,1,27,-26
109900032,2,158,-156
109900033,0,121,-121
109900034,4,0,4
109900035,6,7,-1
109900036,17,60,-43
109900037,2,297,-295
109900038,2,118,-116
109900039,0,0,0
109900040,20,354,-334
109900041,10,255,-245
109900042,1,241,-240
109900044,14,129,-115
109900045,16,32,-16
109900046,17,16,1
109900047,131,113,18
109900048,3,26,-23
109900049,0,7,-7
109900050,3,177,-174
109900051,0,12,-12
109900052,1,129,-128
109900053,2,266,-264
109900054,62,28,34
109900055,10,138,-128
109900056,3,26,-23
109900057,3,131,-128
109900058,0,72,-72
109900059,61,25,36
109900060,39,49,-10
109900061,56,202,-146
109900062,0,130,-130
109900063,1,132,-131
109900064,31,68,-37
109900065,37,76,-39
109900066,73,620,-547
109900067,1,254,-253
109900068,3,0,3
109900069,2,10,-8
109900070,19,114,-95
109900071,1,6,-5
109900072,6,57,-51
109900073,21,315,-294
109900074,2,36,-34
109900075,0,2,-2
109900076,9,396,-387
109900077,9,29,-20
109900078,22,106,-84
109900080,34,192,-158
109900081,0,33,-33
109900082,7,310,-303
109900083,2,18,-16
109900084,1,59,-58
109900085,35,598,-563
109900086,16,49,-33
109900087,26,108,-82
109900089,56,20,36
109900090,194,491,-297
109900091,26,21,5
109900092,60,2,58
109900093,93,37,56
109900094,10,27,-17
109900095,19,46,-27
109900096,0,0,0
109900097,6,0,6
109900098,49,12,37
109900099,12,0,12
109900100,4,0,4
109900101,22,1,21
109900102,82,16,66
109900103,0,16,-16
109900104,78,730,-652
109900105,65,16,49
109900106,22,45,-23
109900107,48,25,23
109900108,25,431,-406
109900109,12,116,-104
109900110,11,266,-255
109900111,73,558,-485
109900112,66,518,-452
109900113,61,94,-33
109900114,177,31,146
109900115,19,18,1
109900117,67,33,34
109900118,69,166,-97
109900119,214,116,98
109900120,3,0,3
109900121,101,36,65
109900122,64,1,63
109900123,0,84,-84
109900124,16,499,-483
109900125,0,131,-131
109900126,7,99,-92
109900128,20,14,6
109900130,5668,244,5424
109900131,16,40,-24
109900132,10,92,-82
109900133,6,248,-242
109900134,6,5,1
109900135,131,13,118
109900136,6,40,-34
109900137,4,222,-218
109900140,27,214,-187
109900142,115,68,47
109900145,0,29,-29
109900146,71,8,63
109900148,20,21,-1
109900149,19,9,10
109900150,1,19,-18
109900151,1,25,-24
109900152,0,14,-14
109900153,0,13,-13
109900154,0,0,0
109900155,6,6,0
109900157,8,102,-94
109900158,36,37,-1
109900159,55,8,47
109900160,12,17,-5
109900161,27,12,15
109900162,23,20,3
109900163,293,90,203
109900164,14,138,-124
109900165,19,1,18
109900166,0,88,-88
109900167,29,371,-342
109900168,15,305,-290
109900169,27,47,-20
109900170,78,74,4
109900171,32,42,-10
109900172,20,48,-28
109900173,1912,273,1639
109900174,13,32,-19
109900175,8,27,-19
109900176,33,82,-49
109900177,7,168,-161
109900178,0,51,-51
109900179,4,4,0
109900180,3,1,2
110000001,227,246,-19
110000002,190,167,23
110000003,475,291,184
110000004,280,183,97
110000005,477,430,47
110000006,279,186,93
110000007,27,82,-55
110000008,4,15,-11
110000009,9,18,-9
110000010,8,46,-38
110000011,4,53,-49
110000012,338,182,156
110000013,8,103,-95
110000014,464,207,257
110000015,186,184,2
110000016,120,275,-155
110000017,1893,145,1748
110000018,1952,236,1716
110000019,3,59,-56
110000020,215,99,116
110000021,140,123,17
110000022,131,42,89
110000023,1,73,-72
110000024,400,225,175
110000025,29,0,29
110000026,2,260,-258
110000027,231,78,153
110000028,253,257,-4
110000029,180,461,-281
110000030,72,147,-75
110000031,60,287,-227
110000032,261,127,134
110000033,47,25,22
110000034,81,331,-250
110000035,108,580,-472
110000036,134,315,-181
110000037,29,404,-375
110000038,91,286,-195
110000039,92,329,-237
110000040,128,251,-123
110000041,9,61,-52
110000042,38,188,-150
110000043,44,11,33
110000044,4,34,-30
110000045,15,5,10
110000046,3,0,3
110000047,0,2,-2
110000048,4,4,0
110000049,2,0,2
110000050,4,4,0
110000051,1,0,1
110000052,5,44,-39
110000053,0,0,0
110000054,29,72,-43
110000055,13,2,11
110000056,8,10,-2
110000057,167,423,-256
110000058,180,268,-88
110000059,254,337,-83
110000060,180,256,-76
110000061,583,534,49
110000062,305,299,6
110000063,8,31,-23
110000064,7,58,-51
110000065,6,28,-22
110000066,13,14,-1
110000067,27,156,-129
110000068,39,293,-254
110000069,36,20,16
110000071,13,56,-43
110000073,0,14,-14
110000075,3,51,-48
110000076,117,66,51
110000077,178,121,57
110000078,10,26,-16
110000080,103,249,-146
110000081,4,121,-117
110000082,4,75,-71
110000083,82,306,-224
110000084,161,148,13
110000085,1941,584,1357
110000086,500,317,183
110000087,3,37,-34
110000088,16,97,-81
110000089,12,90,-78
110000090,14,114,-100
110000091,945,134,811
110000092,10,55,-45
110000093,16,1,15
110000094,173,112,61
110000095,34,161,-127
110000096,2309,711,1598
110000097,399,316,83
110000098,385,167,218
110000099,377,669,-292
110000100,47,452,-405
110000101,6,351,-345
110000102,13,8,5
110000104,32,26,6
110000105,8,148,-140
110000106,79,49,30
110000107,163,225,-62
110000108,26,14,12
110000109,143,161,-18
110000110,2199,842,1357
110000111,5359,691,4668
110000112,557,137,420
110000113,315,227,88
110000114,28,106,-78
110000115,38,102,-64
110000116,12,21,-9
110000117,19,349,-330
110000118,127,132,-5
110000119,40,249,-209
110000120,105,104,1
110000121,21,131,-110
110000122,114,274,-160
110000123,164,156,8
110000124,2,419,-417
110000125,267,0,267
110000126,91,8,83
110000127,96,4,92
110000128,7,984,-977
110000129,2,358,-356
110000130,27,26,1
110000131,45,217,-172
110000132,2,361,-359
110000133,24,85,-61
110000134,7,127,-120
110000135,64,4,60
110000136,10,149,-139
110000137,72,274,-202
110000138,105,554,-449
110000139,180,710,-530
110000140,248,103,145
110000143,197,129,68
110000144,1360,330,1030
110000145,366,224,142
110000146,469,218,251
110000147,43,245,-202
110000148,49,57,-8
110000151,358,186,172
110000152,324,130,194
110000153,21,45,-24
110000154,0,4,-4
110000155,402,695,-293
110000156,230,461,-231
110000157,453,587,-134
110000160,130,195,-65
110000161,60,223,-163
110000166,26,33,-7
110000167,140,162,-22
110000168,168,92,76
110000169,103,99,4
110000170,30,30,0
110000171,110,70,40
110000172,37,434,-397
110000173,400,513,-113
110000174,21,675,-654
110000175,54,18,36
110000176,1,60,-59
110000177,29,202,-173
110000178,363,247,116
110000179,581,139,442
110000180,26,156,-130
110000181,114,164,-50
110000182,153,142,11
110000183,5436,1431,4005
110000184,165,518,-353
110000185,243,273,-30
110000186,259,204,55
110000191,85,236,-151
110000192,31,0,31
110000193,65,0,65
110000194,2,666,-664
110000195,66,174,-108
110000196,52,310,-258
110000197,9,90,-81
110000198,13,45,-32
110000199,7,58,-51
110000200,598,382,216
110000201,115,189,-74
110000202,199,152,47
110000203,206,504,-298
110000204,0,210,-210
110000205,18,39,-21
110000206,201,943,-742
110000207,104,104,0
110000208,26,68,-42
110000209,39,479,-440
110000210,0,0,0
110000211,0,0,0
110000212,52,316,-264
110000213,18,19,-1
110000214,26,36,-10
110000215,16,354,-338
110000216,12,348,-336
110000217,62,103,-41
110000218,27,252,-225
110000219,46,23,23
110000220,9,260,-251
110000221,59,23,36
110000222,5,177,-172
110000223,3,12,-9
110000224,6,3,3
110000225,46,251,-205
110000226,4,10,-6
110000227,139,117,22
110000228,16,6,10
110000229,1,119,-118
110000230,146,402,-256
110000231,41,57,-16
110000232,47,122,-75
110000233,29,103,-74
110000234,189,122,67
110000235,347,270,77
110000236,108,578,-470
110000237,385,539,-154
110000238,222,525,-303
110000239,341,571,-230
110000240,0,47,-47
110000242,0,33,-33
110000243,25,136,-111
110000244,33,174,-141
110000245,10,209,-199
110000246,119,295,-176
110000247,457,1759,-1302
110000248,572,636,-64
110000249,17,0,17
110000250,0,121,-121
110000251,17,215,-198
110000252,38,152,-114
110000253,247,147,100
110000254,181,720,-539
110000255,76,705,-629
110000256,102,42,60
110000257,57,151,-94
110000258,4,209,-205
110000259,29,13,16
110000260,10,229,-219
110000263,194,90,104
110000264,44,300,-256
110000265,399,488,-89
110000266,486,706,-220
110000267,11,105,-94
110000268,51,212,-161
110000269,1,49,-48
110000270,6,0,6
110000271,453,81,372
110000272,200,413,-213
110000273,481,551,-70
110000274,96,295,-199
110000275,1575,213,1362
110000276,64,97,-33
110000277,26,162,-136
110000278,82,415,-333
110000279,97,234,-137
110000280,58,174,-116
110000281,5,69,-64
110000282,16,19,-3
110000283,4,8,-4
110000284,3,12,-9
110000285,0,85,-85
110000286,0,0,0
110000287,1,3,-2
110000288,0,22,-22
110000289,152,456,-304
110000290,761,247,514
110000291,3096,555,2541
110000292,709,843,-134
110000293,115,521,-406
110000294,173,269,-96
110000295,31,423,-392
110000296,45,155,-110
110000297,819,151,668
110000298,186,281,-95
110000299,191,6,185
110000301,45,5,40
110000302,50,773,-723
110000303,36,5,31
110000304,40,147,-107
110000305,107,1,106
110000306,48,1518,-1470
110000307,291,1,290
110000308,35,4,31
110000309,6,910,-904
110000310,102,37,65
110000311,5,578,-573
110000312,133,8,125
110000313,791,703,88
110000314,0,147,-147
110000315,1011,705,306
110000316,203,586,-383
110000317,223,171,52
110000318,1,51,-50
110000319,8,4,4
110000320,7,48,-41
110000321,6,15,-9
110000322,42,323,-281
110000323,62,198,-136
110000324,3056,602,2454
110000325,192,453,-261
110000327,41,60,-19
110000328,58,292,-234
110000333,63,114,-51
110000334,130,809,-679
110000335,151,191,-40
110000336,115,850,-735
110000337,132,196,-64
110000338,16,158,-142
110000339,45,137,-92
110000340,6,83,-77
110000341,43,298,-255
110000342,8,0,8
110000343,0,16,-16
110000344,8,101,-93
110000345,11,40,-29
110000346,1101,581,520
110000347,419,258,161
110000348,6,18,-12
110000349,3,7,-4
110000350,5,1,4
110000351,101,428,-327
110000352,129,757,-628
110000353,1250,305,945
110000354,312,769,-457
110000355,11,42,-31
110000356,0,0,0
110000357,91,4,87
110000361,1,50,-49
110000362,7,27,-20
110000363,59,56,3
110000364,24,190,-166
110000365,14,1,13
110000366,0,38,-38
110000367,37,107,-70
110000368,0,34,-34
110000369,3,0,3
110000373,3,165,-162
110000374,9,0,9
110000375,21,349,-328
110000376,11,77,-66
110000377,0,0,0
110000378,14,156,-142
110000379,1498,512,986
110000380,6,1,5
110000383,0,196,-196
110000384,198,53,145
110000385,1,115,-114
110000387,11,23,-12
110000388,3,148,-145
110000389,67,3,64
110000391,1,201,-200
110000396,15,77,-62
110000397,19,112,-93
110000398,3,10,-7
110000399,1,1,0
110000587,22,16,6
110000589,31,100,-69
110000640,60,41,19
110000652,1,20,-19
110000653,57,313,-256
110000654,0,2,-2
110000656,0,286,-286
110000674,3,4,-1
110000675,2,0,2
110000676,0,19,-19
110000679,492,165,327
110000682,14,22,-8
110000683,208,213,-5
110000684,1,19,-18
110000685,4,0,4
110000686,0,14,-14
110000687,3,0,3
110000688,14,123,-109
110000689,13,30,-17
110000692,20,166,-146
110000693,27,95,-68
110000694,0,97,-97
110000695,50,432,-382
110000696,92,51,41
110900001,19,7,12
110900002,4,181,-177
110900003,40,643,-603
110900004,26,152,-126
110900005,2101,243,1858
110900006,18,1,17
110900007,7,2,5
110900008,6,54,-48
110900009,54,10,44
110900010,1,20,-19
110900011,2,34,-32
110900012,1,65,-64
110900013,150,43,107
110900014,15,3,12
110900015,293,61,232
110900016,1,124,-123
110900017,56,14,42
110900018,40,8,32
110900019,16,2,14
110900020,4,262,-258
110900021,17,285,-268
110900022,22,209,-187
110900023,14,256,-242
110900024,11,331,-320
110900025,3,15,-12
110900027,5,140,-135
110900028,12,123,-111
110900029,25,326,-301
110900030,8,189,-181
110900031,0,71,-71
110900032,0,57,-57
110900033,12,194,-182
110900035,15,213,-198
110900036,17,8,9
110900037,9,13,-4
110900038,692,115,577
110900039,2,124,-122
110900040,36,9,27
110900041,0,106,-106
110900042,29,35,-6
110900043,1,135,-134
110900044,150,9,141
110900045,24,332,-308
110900046,89,147,-58
110900047,381,19,362
110900049,4,13,-9
110900050,3,0,3
110900051,21,73,-52
110900052,2,133,-131
110900053,5,38,-33
110900054,9,196,-187
110900055,5,0,5
110900056,23,40,-17
110900057,1,151,-150
110900058,30,225,-195
110900059,174,511,-337
110900060,64,19,45
110900061,16,11,5
110900062,10,186,-176
110900063,10,42,-32
110900064,1,0,1
110900065,161,27,134
110900066,2,38,-36
110900067,407,184,223
110900068,118,142,-24
110900069,0,11,-11
110900070,48,21,27
110900071,119,50,69
110900073,0,11,-11
110900074,42,40,2
110900075,36,19,17
110900077,56,147,-91
110900078,1,43,-42
110900079,1066,130,936
110900080,7,22,-15
110900081,0,46,-46
110900082,8,83,-75
110900083,18,6,12
110900084,1,64,-63
110900085,16,194,-178
110900086,24,34,-10
110900087,28,36,-8
110900088,1,0,1
110900090,3,9,-6
110900091,0,26,-26
110900093,39,17,22
110900095,4,39,-35
110900097,3,8,-5
110900098,12,42,-30
110900099,39,330,-291
110900100,0,18,-18
110900102,7,4,3
110900105,285,223,62
110900108,0,47,-47
110900111,98,15,83
110900112,81,0,81
110900113,244,5,239
110900115,1,50,-49
110900116,62,1517,-1455
110900118,115,279,-164
110900119,3495,109,3386
110900120,1,195,-194
110900121,10,0,10
110900122,42,56,-14
110900125,40,65,-25
110900127,247,216,31
110900128,126,97,29
110900129,59,54,5
110900130,302,69,233
110900131,8,20,-12
110900132,29,14,15
110900133,6,145,-139
110900135,24,246,-222
110900136,59,3,56
110900138,0,0,0
110900139,1,0,1
110900140,0,0,0
110900141,92,98,-6
110900142,11,90,-79
110900143,10,12,-2
110900144,1,314,-313
110900145,17,3,14
110900146,128,6,122
110900147,64,86,-22
110900148,0,147,-147
110900149,0,38,-38
110900150,5,9,-4
110900151,0,24,-24
110900152,2,235,-233
110900153,15,3,12
111000001,169,196,-27
111000002,276,379,-103
111000003,128,93,35
111000004,229,641,-412
111000005,183,241,-58
111000006,466,667,-201
111000007,922,432,490
111000008,1962,1320,642
111000009,191,620,-429
111000010,178,76,102
111000011,580,567,13
111000012,289,105,184
111000013,137,622,-485
111000014,256,219,37
111000017,47,150,-103
111000018,104,185,-81
111000020,1342,951,391
111000021,38,31,7
111000023,29,39,-10
111000025,3654,709,2945
111000029,11,48,-37
111000030,11,34,-23
111000031,821,186,635
111000032,139,96,43
111000033,73,42,31
111000034,137,84,53
111000037,1584,452,1132
111000038,769,884,-115
111000039,369,1030,-661
111000040,475,1073,-598
111000041,569,520,49
111000042,3533,1157,2376
111000043,262,176,86
111000044,190,30,160
111000045,355,366,-11
111000046,142,289,-147
111000047,373,429,-56
111000049,80,281,-201
111000050,977,952,25
111000051,144,566,-422
111000052,206,600,-394
111000053,112,566,-454
111000054,130,544,-414
111000055,470,1131,-661
111000056,41,400,-359
111000057,22,472,-450
111000058,11,53,-42
111000059,36,88,-52
111000060,162,115,47
111000061,118,174,-56
111000062,77,87,-10
111000063,325,271,54
111000064,102,204,-102
111000065,203,255,-52
111000066,32,71,-39
111000067,95,329,-234
111000068,131,276,-145
111000069,837,923,-86
111000070,1313,629,684
111000071,124,400,-276
111000072,51,17,34
111000073,3,41,-38
111000074,196,152,44
111000075,69,105,-36
111000076,54,142,-88
111000077,384,455,-71
111000078,633,491,142
111000079,509,298,211
111000080,108,286,-178
111000081,1062,971,91
111000082,240,323,-83
111000084,218,244,-26
111000085,326,715,-389
111000086,852,555,297
111000087,308,328,-20
111000088,1622,469,1153
111000089,139,346,-207
111000090,695,554,141
111000091,203,440,-237
111000092,307,756,-449
111000093,133,365,-232
111000094,333,429,-96
111000095,109,704,-595
111000096,1517,2589,-1072
111000097,3426,510,2916
111000098,159,791,-632
111000099,98,1468,-1370
111000100,87,1470,-1383
111000101,167,461,-294
111000102,26,465,-439
111000104,39,41,-2
111000107,12,426,-414
111000109,22,41,-19
111000110,177,101,76
111000111,222,101,121
111000112,196,67,129
111000113,121,92,29
111000114,338,284,54
111000115,4152,371,3781
111000116,306,304,2
111000117,179,335,-156
111000118,563,429,134
111000119,334,765,-431
111000120,143,227,-84
111000121,76,227,-151
111000122,217,536,-319
111000123,210,1766,-1556
111000124,160,2231,-2071
111000125,34,1365,-1331
111000126,24,645,-621
111000127,28,11,17
111000128,48,12,36
111000129,150,25,125
111000130,129,192,-63
111000131,116,152,-36
111000132,55,45,10
111000133,41,31,10
111000134,32,54,-22
111000135,4,51,-47
111000136,40,71,-31
111000138,4,1,3
111000140,2,1,1
111000141,20,91,-71
111000142,9,79,-70
111000143,1,76,-75
111000144,0,70,-70
111000145,0,0,0
111000146,0,0,0
111000147,0,0,0
111000148,17,23,-6
111000149,3,22,-19
111000150,4,3,1
111000151,2,7,-5
111000153,217,136,81
111000154,269,72,197
111000155,20,75,-55
111000156,110,42,68
111000157,17,69,-52
111000158,208,136,72
111000159,784,180,604
111000160,63,153,-90
111000161,0,91,-91
111000162,2,60,-58
111000163,90,320,-230
111000164,450,747,-297
111000165,476,169,307
111000166,369,119,250
111000167,77,216,-139
111000168,54,140,-86
111000169,64,112,-48
111000170,146,124,22
111000171,190,449,-259
111000172,34,314,-280
111000173,75,660,-585
111000174,23,275,-252
111000175,4,153,-149
111000176,44,118,-74
111000177,42,185,-143
111000178,119,201,-82
111000179,18,134,-116
111000180,55,104,-49
111000181,131,106,25
111000182,15,65,-50
111000183,28,54,-26
111000184,78,90,-12
111000185,101,253,-152
111000186,54,180,-126
111000187,13,124,-111
111000188,29,214,-185
111000189,868,295,573
111000190,123,327,-204
111000191,55,300,-245
111000192,91,442,-351
111000193,217,239,-22
111000194,7,263,-256
111000195,14,247,-233
111000196,13,199,-186
111000197,56,38,18
111000198,44,23,21
111000199,12,48,-36
111000200,18,78,-60
111000201,76,97,-21
111000202,42,55,-13
111000203,38,47,-9
111000204,79,77,2
111000213,29,138,-109
111000214,404,655,-251
111000215,376,691,-315
111000217,298,326,-28
111000218,256,372,-116
111000219,147,123,24
111000220,1183,266,917
111000221,234,33,201
111000224,114,245,-131
111000225,66,83,-17
111000226,3,0,3
111000227,2,0,2
111000228,1,78,-77
111000229,15,132,-117
111000230,33,189,-156
111000231,66,630,-564
111000232,74,425,-351
111000233,66,350,-284
111000234,12,85,-73
111000239,93,107,-14
111000240,2,4,-2
111000241,7,266,-259
111000242,1,4,-3
111000243,13,552,-539
111000244,3,6,-3
111000245,104,245,-141
111000246,31,319,-288
111000247,77,706,-629
111000248,55,178,-123
111000249,144,548,-404
111000250,15,83,-68
111000251,10,66,-56
111000253,0,0,0
111000255,0,0,0
111000257,0,0,0
111000260,13,722,-709
111000261,104,6,98
111000271,9,217,-208
111000273,3147,429,2718
111000274,482,695,-213
111000275,18,11,7
111000276,87,1236,-1149
111000277,67,288,-221
111000278,119,82,37
111000291,112,551,-439
111000298,128,146,-18
111000299,72,5,67
111000300,27,307,-280
111000302,58,53,5
111000303,48,128,-80
111000312,20,26,-6
111000315,5,138,-133
111000320,82,242,-160
111000321,87,14,73
111000322,44,221,-177
111000323,24,10,14
111000324,69,112,-43
111000325,2,38,-36
111000326,20,216,-196
111000327,91,199,-108
111000328,71,132,-61
111000329,2,19,-17
111000330,6,2,4
111000331,1,3,-2
111000332,129,478,-349
111000334,121,1017,-896
111000335,88,68,20
111000337,105,274,-169
111000338,2,70,-68
111000339,41,451,-410
111000340,19,499,-480
111000341,248,64,184
111000342,12,103,-91
111000344,266,311,-45
111000345,5,1,4
111000346,1,49,-48
111000347,11,0,11
111000350,92,18,74
111000351,33,116,-83
111000352,47,21,26
111000353,29,129,-100
111000354,52,16,36
111000355,44,371,-327
111000358,22,1069,-1047
111000360,18,565,-547
111000361,14,259,-245
111000546,64,396,-332
111000547,33,255,-222
111000548,44,86,-42
111000549,42,120,-78
111000550,27,100,-73
111000551,202,29,173
111000552,24,7,17
111000907,17,1,16
111000908,0,0,0
111000916,173,119,54
111000917,11,175,-164
111000918,41,544,-503
111000920,46,1,45
111000921,2,274,-272
111000922,63,190,-127
111000924,10,615,-605
111000925,435,534,-99
111000926,413,1598,-1185
111000927,1722,926,796
111000928,5051,2057,2994
111000929,233,279,-46
111000930,252,1326,-1074
111000931,502,505,-3
111000932,1814,1160,654
111000933,1108,530,578
111000934,1153,1353,-200
111000935,200,394,-194
111000936,305,1193,-888
111000937,298,381,-83
111000938,771,1406,-635
111000939,5,0,5
111000940,62,137,-75
111000941,37,188,-151
111000943,24,114,-90
111000944,15,270,-255
111000945,5,1095,-1090
111001109,51,11,40
111001110,46,428,-382
111001111,2,4,-2
111001112,17,0,17
111001113,21,77,-56
111001114,164,29,135
111001115,39,139,-100
111001116,1451,191,1260
111001117,515,286,229
111001120,49,154,-105
111001121,72,199,-127
111001122,106,482,-376
111001123,8,12,-4
111001124,28,291,-263
111001125,0,15,-15
111001126,1,37,-36
111900001,0,57,-57
111900002,0,416,-416
111900003,1,183,-182
111900004,6,83,-77
111900006,1,0,1
111900007,4,1,3
111900008,3,0,3
111900009,4,48,-44
111900010,55,335,-280
111900012,71,48,23
111900013,0,26,-26
111900014,4424,458,3966
111900015,0,41,-41
111900016,0,99,-99
111900017,0,85,-85
111900018,16,0,16
111900019,0,23,-23
111900020,0,4,-4
111900021,28,14,14
111900022,2,26,-24
111900023,75,26,49
111900024,0,88,-88
111900025,0,36,-36
111900026,0,37,-37
111900027,4,73,-69
111900028,2,244,-242
111900029,0,52,-52
111900030,26,128,-102
111900031,0,26,-26
111900032,1,320,-319
111900033,2,48,-46
111900034,31,172,-141
111900035,1,60,-59
111900036,1,251,-250
111900038,101,186,-85
111900039,10,109,-99
111900040,1,504,-503
111900042,12,32,-20
111900043,4,342,-338
111900044,47,89,-42
111900046,31,134,-103
111900048,23,526,-503
111900049,12,225,-213
111900050,10,4,6
111900051,0,134,-134
111900052,224,426,-202
111900053,627,91,536
111900054,15,0,15
111900055,8,476,-468
111900056,77,44,33
111900057,33,11,22
111900058,33,504,-471
111900059,753,66,687
111900060,39,0,39
111900061,4,170,-166
111900062,7,18,-11
111900063,23,118,-95
111900064,58,139,-81
111900065,6,6,0
111900066,12,31,-19
111900067,0,116,-116
111900068,8,11,-3
111900069,11,1,10
111900070,9,48,-39
111900071,0,98,-98
111900072,30,1,29
111900073,68,5,63
111900074,0,90,-90
111900075,22,0,22
111900076,6,2,4
111900077,3,1,2
111900078,24,1,23
111900079,1,1,0
111900080,46,13,33
111900082,11,2,9
111900083,12,0,12
111900084,2,0,2
111900085,6,7,-1
111900086,1,1,0
111900087,6,0,6
111900088,28,0,28
111900089,7,0,7
111900090,24,7,17
111900091,11,0,11
111900092,2,0,2
111900093,12,0,12
111900094,5,0,5
111900095,41,2,39
111900096,6,0,6
111900097,4,1,3
111900098,9,0,9
111900099,2,0,2
111900100,5,0,5
111900101,10,1,9
111900102,37,479,-442
111900103,12,11,1
111900104,3,27,-24
111900105,16,18,-2
111900106,756,15,741
111900110,2108,55,2053
111900111,7,91,-84
111900112,333,182,151
111900113,113,26,87
111900118,15,1,14
111900119,46,3,43
111900122,14,7,7
111900123,0,3,-3
111900124,5,51,-46
111900125,29,0,29
111900126,20,0,20
111900127,3,328,-325
111900128,1,239,-238
111900129,17,8,9
111900130,29,2,27
111900131,22,0,22
111900132,17,487,-470
111900133,0,122,-122
111900134,13,189,-176
111900135,0,1,-1
111900136,13,29,-16
111900137,12,11,1
111900138,0,39,-39
111900139,11,71,-60
111900140,10,10,0
111900141,1,1,0
111900142,19,14,5
111900143,5,155,-150
111900144,1,137,-136
111900145,5,460,-455
111900146,3,295,-292
111900147,85,386,-301
111900148,8,552,-544
111900149,4,267,-263
111900150,4,111,-107
111900151,1,19,-18
111900152,41,12,29
111900153,623,30,593
111900154,11,27,-16
111900155,2,9,-7
111900156,3,4,-1
111900157,6,2,4
111900158,16,1,15
111900159,13,0,13
111900160,11,0,11
111900161,10,3,7
111900162,46,19,27
111900163,10,90,-80
111900164,9,4,5
111901113,12,89,-77
111901114,7,164,-157
111901115,5,0,5
111901116,2,0,2
111901117,1,2,-1
111901118,38,8,30
111901119,618,30,588
111901121,58,121,-63
111901122,2,372,-370
111901123,16,259,-243
111901124,32,0,32
111901125,25,18,7
111901127,330,79,251
111901128,4,28,-24
111901129,3,45,-42
111901130,4,117,-113
111901131,1,129,-128
111901132,10,2,8
111901133,0,2,-2
111901134,0,4,-4
111901135,1,1,0
111901136,0,4,-4
111901137,0,1,-1
111901138,16,37,-21
111901139,8,32,-24
111901140,2,45,-43
111901141,5,81,-76
111901142,0,83,-83
111901143,0,66,-66
111901144,11,7,4
111901145,26,30,-4
111901146,41,0,41
111901147,656,19,637
111901148,6,3,3
111901149,1,0,1
112000001,287,262,25
112000002,274,1083,-809
112000003,180,223,-43
112000004,200,791,-591
112000005,449,403,46
112000006,524,950,-426
112000007,417,434,-17
112000008,671,1370,-699
112000009,1732,1614,118
112000010,672,859,-187
112000011,817,1340,-523
112000012,2562,497,2065
112000013,3904,1726,2178
112000014,713,203,510
112000015,1155,865,290
112000016,802,360,442
112000017,373,421,-48
112000024,858,297,561
112000026,2264,2659,-395
112000027,99,109,-10
112000028,869,1000,-131
112000029,94,174,-80
112000030,146,53,93
112000031,727,803,-76
112000032,450,19,431
112000033,1175,266,909
112000034,212,15,197
112000035,17,112,-95
112000036,164,150,14
112000037,154,578,-424
112000038,214,312,-98
112000039,5,30,-25
112000040,59,203,-144
112000041,200,349,-149
112000042,312,143,169
112000050,70,193,-123
112000051,159,218,-59
112000054,815,1117,-302
112000057,261,152,109
112000058,164,172,-8
112000059,319,145,174
112000061,4120,713,3407
112000062,2441,192,2249
112000063,977,272,705
112000064,3523,3303,220
112000065,1391,1491,-100
112000066,777,279,498
112000067,295,401,-106
112000068,367,272,95
112000069,169,1449,-1280
112000070,264,157,107
112000071,201,1933,-1732
112000072,236,264,-28
112000073,324,936,-612
112000074,100,248,-148
112000075,174,307,-133
112000076,1178,1477,-299
112000077,110,433,-323
112000078,233,318,-85
112000079,379,804,-425
112000080,120,432,-312
112000081,478,890,-412
112000082,239,116,123
112000083,181,806,-625
112000084,222,147,75
112000085,216,785,-569
112000086,292,476,-184
112000087,65,389,-324
112000088,54,280,-226
112000089,40,157,-117
112000090,34,182,-148
112000091,214,697,-483
112000092,246,295,-49
112000093,542,739,-197
112000094,111,317,-206
112000095,201,431,-230
112000096,76,260,-184
112000097,93,142,-49
112000098,267,919,-652
112000099,112,118,-6
112000100,232,260,-28
112000101,127,527,-400
112000102,149,173,-24
112000103,60,832,-772
112000105,188,1179,-991
112000106,169,198,-29
112000107,7,40,-33
112000108,67,807,-740
112000109,22,11,11
112000110,310,124,186
112000111,480,3132,-2652
112000112,662,127,535
112000113,470,1612,-1142
112000114,394,229,165
112000115,33,275,-242
112000116,29,451,-422
112000117,53,222,-169
112000118,299,481,-182
112000119,102,418,-316
112000120,25,231,-206
112000121,14,314,-300
112000122,27,38,-11
112000123,42,46,-4
112000124,15,16,-1
112000125,18,35,-17
112000126,25,396,-371
112000127,775,273,502
112000128,588,172,416
112000129,17,62,-45
112000130,15,14,1
112000131,6,155,-149
112000132,18,146,-128
112000133,60,83,-23
112000134,92,220,-128
112000135,79,204,-125
112000136,230,749,-519
112000137,181,304,-123
112000138,291,772,-481
112000139,213,103,110
112000140,256,529,-273
112000141,117,85,32
112000142,44,557,-513
112000143,133,103,30
112000144,99,1132,-1033
112000145,447,293,154
112000146,297,1343,-1046
112000147,343,508,-165
112000148,498,1140,-642
112000149,45,185,-140
112000150,24,284,-260
112000151,78,175,-97
112000152,35,133,-98
112000153,86,87,-1
112000154,27,37,-10
112000155,60,19,41
112000157,169,114,55
112000158,33,211,-178
112000159,57,164,-107
112000167,75,7,68
112000169,82,131,-49
112000173,109,152,-43
112000175,21,140,-119
112000176,2796,846,1950
112000177,75,32,43
112000178,17,240,-223
112000179,40,87,-47
112000180,117,113,4
112000181,300,935,-635
112000182,88,959,-871
112000183,15,41,-26
112000184,52,148,-96
112000185,53,312,-259
112000187,716,951,-235
112000195,9,0,9
112000196,7,0,7
112000197,7,27,-20
112000198,11,269,-258
112000199,215,543,-328
112000202,0,2,-2
112000216,21,64,-43
112000230,15,0,15
112000231,0,215,-215
112000256,4,13,-9
112000313,97,144,-47
112000314,1,4,-3
112000337,52,272,-220
112000352,56,55,1
112000392,835,549,286
112000398,207,223,-16
112000399,338,366,-28
112000400,807,1818,-1011
112000401,950,1242,-292
112000402,399,535,-136
112000403,403,454,-51
112000404,121,174,-53
112000405,382,784,-402
112000406,1351,1504,-153
112000407,1234,1845,-611
112000408,4550,3037,1513
112000409,622,2332,-1710
112000410,29,34,-5
112000411,2324,92,2232
112000412,374,71,303
112000413,3921,362,3559
112000414,11,57,-46
112000415,10,21,-11
112000416,462,448,14
112000417,32,23,9
112000421,21,77,-56
112000422,88,180,-92
112000424,807,423,384
112000425,180,832,-652
112000426,20,62,-42
112000427,0,4,-4
112000428,17,250,-233
112000429,515,1369,-854
112000430,608,1435,-827
112000431,3,12,-9
112000432,175,1452,-1277
112000433,247,168,79
112000437,14,115,-101
112900001,1,0,1
112900002,25,724,-699
112900003,8,102,-94
112900004,5,201,-196
112900005,10,148,-138
112900006,6,263,-257
112900007,0,54,-54
112900008,0,6,-6
112900009,45,14,31
112900010,10,314,-304
112900011,136,101,35
112900012,1,26,-25
112900013,0,51,-51
112900014,1,116,-115
112900015,112,504,-392
112900016,1,132,-131
112900017,3,61,-58
112900018,0,177,-177
112900019,12,63,-51
112900020,236,839,-603
112900021,1,158,-157
112900022,1,25,-24
112900023,0,105,-105
112900024,4,85,-81
112900025,16,63,-47
112900026,0,149,-149
112900027,1,791,-790
112900028,4,55,-51
112900029,0,233,-233
112900030,135,68,67
112900031,3,291,-288
112900032,35,107,-72
112900034,0,13,-13
112900035,7,259,-252
112900036,9,75,-66
112900037,53,21,32
112900038,23,37,-14
112900039,2,190,-188
112900040,1,156,-155
112900041,349,111,238
112900042,6,196,-190
112900043,8,10,-2
112900044,142,125,17
112900045,274,137,137
112900046,120,13,107
112900047,5,8,-3
112900049,1,23,-22
112900050,42,336,-294
112900051,125,388,-263
112900052,3,578,-575
112900053,123,27,96
112900054,104,17,87
112900055,81,4,77
112900056,34,18,16
112900057,5,365,-360
112900058,113,31,82
112900059,26,56,-30
112900060,0,105,-105
112900061,8,50,-42
112900062,10,86,-76
112900063,22,0,22
112900064,52,32,20
112900065,0,2,-2
112900066,22,25,-3
112900067,232,29,203
112900068,7,1,6
112900069,1406,105,1301
112900071,2,0,2
112900072,61,123,-62
112900073,88,9,79
112900074,0,15,-15
112900075,1017,82,935
112900076,15,0,15
112900078,13,48,-35
112900079,12,2,10
112900080,0,0,0
112900081,10,16,-6
112900082,61,0,61
112900083,5,5,0
112900084,28,4,24
112900086,0,0,0
112900087,97,4,93
112900088,7,0,7
112900089,119,2,117
112900090,1,1,0
112900091,8,1,7
112900092,42,33,9
112900093,86,2,84
112900095,0,0,0
112900096,85,15,70
112900097,3,139,-136
112900098,0,0,0
112900099,85,1,84
112900100,1,0,1
112900101,11,0,11
112900102,31,0,31
112900103,17,1,16
112900104,5,2,3
112900105,1,0,1
112900106,92,18,74
112900107,2,0,2
112900108,0,0,0
112900109,4,0,4
112900110,57,0,57
112900111,82,0,82
112900112,37,0,37
112900113,0,7,-7
112900114,5,3,2
112900115,94,1,93
112900116,7,21,-14
112900117,37,50,-13
112900118,0,26,-26
112900119,6,0,6
112900120,376,57,319
112900121,45,42,3
112900122,3,55,-52
112900123,37,1,36
112900124,0,48,-48
112900125,6,57,-51
112900126,33,116,-83
112900127,34,3,31
112900128,170,389,-219
112900129,0,510,-510
112900130,43,15,28
112900131,10,107,-97
112900132,21,269,-248
112900133,6,662,-656
112900134,0,137,-137
112900135,22,3,19
112900137,0,520,-520
112900138,2,328,-326
112900139,79,658,-579
112900141,54,7,47
112900142,34,8,26
112900143,9,275,-266
112900144,0,214,-214
112900145,16,227,-211
112900146,5,646,-641
112900147,3,1500,-1497
112900148,2,0,2
112900149,39,206,-167
112900151,15,16,-1
112900152,2558,420,2138
112900153,393,161,232
112900154,1,24,-23
112900155,5,0,5
112900156,9,1114,-1105
112900157,33,114,-81
112900158,4,3,1
112900159,22,11,11
112900160,9,123,-114
112900161,6,5,1
112900162,5,2,3
112900163,29,1,28
112900164,6,12,-6
112900165,6,5,1
112900166,12,25,-13
112900167,2,3,-1
112900168,0,0,0
112900169,2,0,2
112900170,5,14,-9
112900172,48,1,47
112900173,60,41,19
112900174,31,3,28
112900175,33,9,24
112900176,5,3,2
112900177,22,6,16
112900178,72,157,-85
112900179,17,412,-395
112900180,137,1268,-1131
112900181,43,6,37
112900182,6,752,-746
112900183,32,32,0
112900184,147,133,14
112900185,67,79,-12
112900186,616,189,427
112900187,5,61,-56
112900188,426,114,312
112900189,1,6,-5
112900190,0,28,-28
112900192,94,57,37
112900193,227,46,181
112900194,2,54,-52
112900195,53,4,49
112900196,111,433,-322
112900197,34,203,-169
112900199,32,235,-203
112900200,24,83,-59
112900201,40,15,25
112900202,13,335,-322
112900203,8,60,-52
112900204,181,74,107
112900205,0,1,-1
112900206,0,7,-7
112900207,0,1,-1
112900208,9,12,-3
112900209,108,203,-95
112900210,0,7,-7
112900211,6,5,1
112900212,0,47,-47
112900213,0,1,-1
112900214,3,0,3
112900215,2,95,-93
112900216,12,17,-5
112900217,0,37,-37
112900218,2,1,1
112900219,2,0,2
112900220,0,0,0
112900221,0,48,-48
112900222,0,9,-9
112900223,138,0,138
112900224,16,377,-361
112900225,37,285,-248
112900226,62,26,36
112900227,34,866,-832
112900228,3,8,-5
112900229,9,20,-11
112900230,4244,574,3670
112900232,42,48,-6
112900233,8,98,-90
112900234,0,40,-40
112900235,4,0,4
112900236,1,2,-1
112900237,15,248,-233
112900238,0,21,-21
112900239,198,131,67
112900240,5,89,-84
112900241,3,123,-120
112900242,1,152,-151
112900243,0,100,-100
112900244,0,146,-146
112900245,0,30,-30
112900246,0,11,-11
112900247,16,15,1
112900248,8,0,8
112900249,11,0,11
112900250,5,9,-4
112900251,1,15,-14
112900252,5,10,-5
112900253,3,6,-3
112900254,2,1,1
112900255,0,4,-4
112900256,0,1,-1
112900257,6,1,5
112900258,0,1,-1
113000001,1939,1684,255
113000002,1296,1169,127
113000003,1154,533,621
113000004,998,643,355
113000005,442,432,10
113000006,316,448,-132
113000007,494,521,-27
113000008,431,563,-132
113000009,254,378,-124
113000010,247,569,-322
113000011,230,918,-688
113000012,226,179,47
113000013,258,182,76
113000014,545,519,26
113000015,106,55,51
113000016,108,140,-32
113000017,3,166,-163
113000018,30,4,26
113000019,3,171,-168
113000020,4,2,2
113000021,120,343,-223
113000022,153,772,-619
113000025,18,113,-95
113000026,18,104,-86
113000027,122,118,4
113000028,284,155,129
113000029,376,198,178
113000030,407,323,84
113000031,261,90,171
113000032,146,86,60
113000033,202,149,53
113000034,326,134,192
113000035,7,14,-7
113000036,10,26,-16
113000037,20,5,15
113000038,8,28,-20
113000039,25,173,-148
113000040,27,61,-34
113000042,202,93,109
113000051,215,510,-295
113000052,1028,412,616
113000053,83,363,-280
113000054,49,193,-144
113000055,293,388,-95
113000056,258,864,-606
113000058,366,449,-83
113000059,260,251,9
113000060,17,318,-301
113000061,397,550,-153
113000062,438,30,408
113000063,16,98,-82
113000064,2,143,-141
113000065,26,585,-559
113000066,68,55,13
113000067,282,389,-107
113000068,68,941,-873
113000069,91,707,-616
113000070,232,321,-89
113000071,82,343,-261
113000072,138,161,-23
113000073,203,681,-478
113000074,384,132,252
113000075,637,186,451
113000076,712,667,45
113000077,424,153,271
113000078,385,689,-304
113000079,453,303,150
113000080,213,161,52
113000081,300,273,27
113000082,456,417,39
113000083,145,214,-69
113000084,569,558,11
113000085,208,161,47
113000086,332,493,-161
113000087,277,311,-34
113000088,893,500,393
113000089,253,588,-335
113000090,32,76,-44
113000091,432,114,318
113000094,96,44,52
113000095,100,630,-530
113000096,48,513,-465
113000097,129,94,35
113000098,24,10,14
113000099,165,89,76
113000100,59,196,-137
113000101,131,234,-103
113000102,100,70,30
113000103,1075,333,742
113000104,140,970,-830
113000105,83,204,-121
113000106,121,309,-188
113000107,163,355,-192
113000108,333,747,-414
113000109,195,785,-590
113000110,634,107,527
113000111,69,196,-127
113000112,115,158,-43
113000113,1039,116,923
113000114,233,353,-120
113000116,243,95,148
113000117,263,82,181
113000118,52,78,-26
113000119,50,158,-108
113000120,11,97,-86
113000121,108,316,-208
113000124,12,57,-45
113000125,6,166,-160
113000127,2043,275,1768
113000128,184,193,-9
113000129,582,354,228
113000133,2044,384,1660
113000134,1,160,-159
113000135,694,594,100
113000137,767,315,452
113000139,189,45,144
113000140,126,144,-18
113000141,117,21,96
113000142,341,308,33
113000143,121,56,65
113000144,145,245,-100
113000145,26,61,-35
113000146,40,51,-11
113000147,35,42,-7
113000148,21,110,-89
113000149,35,83,-48
113000150,239,150,89
113000151,56,37,19
113000152,21,110,-89
113000153,691,218,473
113000154,249,393,-144
113000155,145,126,19
113000156,56,177,-121
113000157,126,330,-204
113000158,233,78,155
113000159,432,210,222
113000160,236,584,-348
113000161,64,401,-337
113000162,225,158,67
113000163,15,20,-5
113000164,11,38,-27
113000166,19,12,7
113000167,37,132,-95
113000168,24,164,-140
113000169,13,1,12
113000170,27,13,14
113000171,45,67,-22
113000172,63,17,46
113000173,14,5,9
113000174,78,390,-312
113000175,84,33,51
113000176,80,15,65
113000177,63,287,-224
113000178,92,273,-181
113000179,46,15,31
113000180,137,482,-345
113000181,298,581,-283
113000182,111,75,36
113000183,47,338,-291
113000184,9,47,-38
113000189,158,210,-52
113000190,771,131,640
113000192,1138,551,587
113000193,1507,542,965
113000194,583,448,135
113000195,513,199,314
113000196,16,27,-11
113000197,239,264,-25
113000198,19,108,-89
113000199,146,140,6
113000201,46,70,-24
113000202,1250,217,1033
113000203,36,12,24
113000204,520,485,35
113000205,4,12,-8
113000206,6,13,-7
113000207,10,5,5
113000208,24,21,3
113000209,8,6,2
113000210,5,11,-6
113000211,143,65,78
113000212,102,7,95
113000213,1,46,-45
113000214,17,90,-73
113000234,53,757,-704
113000410,15,25,-10
113000411,1119,1575,-456
113000412,6897,825,6072
113000413,2806,872,1934
113000414,6653,2886,3767
113000415,1323,965,358
113000416,5602,1401,4201
113000417,1252,983,269
113000418,1332,1189,143
113000419,541,523,18
113000420,2025,1017,1008
113000421,1253,1260,-7
113000422,10000,2026,7974
113000423,1883,1287,596
113000424,2778,2305,473
113000425,7,26,-19
113000428,19,11,8
113000430,3,8,-5
113000432,313,15,298
113000433,58,482,-424
113000434,17,275,-258
113000435,7,513,-506
113000436,51,775,-724
113000437,29,1,28
113000438,30,0,30
113000439,6,111,-105
113000440,11,9,2
113000441,35,86,-51
113000442,37,217,-180
113000443,14,78,-64
113000444,23,227,-204
113000445,11,42,-31
113000446,18,92,-74
113000448,137,75,62
113000449,76,115,-39
113000450,193,242,-49
113000451,712,36,676
113000452,83,89,-6
113000453,111,125,-14
113000454,118,17,101
113000455,34,68,-34
113000456,1330,708,622
113000468,1242,129,1113
113000469,59,22,37
113000470,212,18,194
113000471,3,90,-87
113000472,36,98,-62
113000474,82,374,-292
113000475,628,761,-133
113000476,381,985,-604
113000477,682,1027,-345
113000478,1360,2615,-1255
113000479,3,140,-137
113000485,0,0,0
113000486,0,0,0
113000487,0,0,0
113000488,0,0,0
113000489,0,0,0
113000490,0,0,0
113000491,0,0,0
113000492,0,0,0
113000493,0,0,0
113000495,136,160,-24
113000496,14,27,-13
113000497,0,0,0
113000499,0,1,-1
113900001,0,7,-7
113900002,0,13,-13
113900003,0,6,-6
113900004,0,4,-4
113900005,0,1,-1
113900006,0,1,-1
113900007,4,0,4
113900008,3,0,3
113900009,6,0,6
113900010,8,0,8
113900011,1,0,1
113900012,0,0,0
113900013,25,1,24
113900014,155,0,155
113900015,0,14,-14
113900016,3,0,3
113900017,0,16,-16
113900018,144,15,129
113900019,10,25,-15
113900020,6,0,6
113900022,0,0,0
113900023,5,0,5
113900024,15,31,-16
113900025,96,1,95
113900026,5,0,5
113900027,5,11,-6
113900028,5,162,-157
113900029,5,149,-144
113900030,38,0,38
113900031,0,0,0
113900032,0,0,0
113900033,15,23,-8
113900035,10,0,10
113900036,10,18,-8
113900037,9,231,-222
113900038,20,9,11
113900039,17,2,15
113900040,0,4,-4
113900041,1,2,-1
113900042,10,10,0
113900043,48,36,12
113900044,37,8,29
113900045,5,0,5
113900046,116,350,-234
113900047,5,44,-39
113900048,173,11,162
113900049,405,38,367
113900050,67,134,-67
113900051,45,169,-124
113900052,41,40,1
113900053,109,21,88
113900054,1,0,1
113900055,26,369,-343
113900056,7,42,-35
113900057,9,256,-247
113900058,14,110,-96
113900059,38,135,-97
113900060,40,123,-83
113900061,251,7,244
113900062,19,1,18
113900063,3,50,-47
113900064,18,74,-56
113900065,94,13,81
113900066,35,177,-142
113900067,5,134,-129
113900068,97,93,4
113900069,40,2,38
113900070,47,243,-196
113900071,11,21,-10
113900072,8,100,-92
113900073,77,245,-168
113900074,7,202,-195
113900075,250,212,38
113900076,22,0,22
113900077,6,150,-144
113900078,6,21,-15
113900079,1,39,-38
113900080,79,38,41
113900081,12,102,-90
113900082,32,124,-92
113900083,35,357,-322
113900084,47,18,29
113900085,15,175,-160
113900086,6,5,1
113900087,3,94,-91
113900088,6,20,-14
113900089,73,15,58
113900090,124,98,26
113900091,8,8,0
113900092,6,29,-23
113900093,21,204,-183
113900094,20,241,-221
113900095,12,20,-8
113900096,30,9,21
113900097,2,78,-76
113900098,72,13,59
113900099,0,25,-25
113900100,0,0,0
113900101,9,23,-14
113900102,25,30,-5
113900103,74,98,-24
113900104,40,37,3
113900105,2,222,-220
113900106,1,42,-41
113900107,0,17,-17
113900108,50,57,-7
113900109,123,37,86
113900110,3,24,-21
113900111,8,44,-36
113900112,29,57,-28
113900113,139,117,22
113900114,0,63,-63
113900115,0,65,-65
113900116,16,31,-15
113900117,8,3,5
113900118,17,35,-18
113900119,109,65,44
113900120,8,14,-6
113900121,19,38,-19
113900122,80,252,-172
113900123,75,84,-9
113900124,0,55,-55
113900125,612,68,544
113900126,21,24,-3
113900127,42,145,-103
113900128,24,8,16
113900129,0,30,-30
113900130,0,8,-8
113900131,19,14,5
113900132,10,11,-1
113900133,11,14,-3
113900135,44,227,-183
113900136,37,44,-7
113900137,84,61,23
113900138,8,28,-20
113900139,261,17,244
113900140,160,45,115
113900141,65,207,-142
113900142,10,32,-22
113900143,5,5,0
113900144,95,30,65
113900145,22,48,-26
113900146,7,20,-13
113900148,41,70,-29
113900149,34,4,30
113900150,894,262,632
113900151,35,87,-52
113900152,2,21,-19
113900153,301,179,122
113900154,0,32,-32
113900155,95,36,59
113900156,76,274,-198
113900157,4,85,-81
113900158,132,29,103
113900159,6,74,-68
113900160,177,298,-121
113900161,10,63,-53
113900162,174,156,18
113900163,45,69,-24
113900164,16,14,2
113900165,151,195,-44
113900166,65,34,31
113900167,54,17,37
113900168,39,39,0
113900169,51,208,-157
113900171,16,2,14
113900172,0,93,-93
113900173,38,332,-294
113900174,77,399,-322
113900175,25,18,7
113900176,25,448,-423
113900177,72,71,1
113900178,8,15,-7
113900179,4,410,-406
113900180,22,49,-27
113900181,68,6,62
113900182,51,370,-319
113900183,17,31,-14
113900184,4,321,-317
113900185,76,45,31
113900186,7,13,-6
113900187,16,61,-45
113900188,4,64,-60
113900189,40,20,20
113900190,122,42,80
113900191,16,67,-51
113900192,3,48,-45
113900193,8,152,-144
113900194,894,363,531
113900195,151,233,-82
113900196,1,81,-80
113900197,0,192,-192
113900198,5,39,-34
113900199,99,286,-187
113900200,5,100,-95
113900201,0,149,-149
113900202,8,91,-83
113900203,1,138,-137
113900204,2,349,-347
113900205,14,37,-23
113900206,2,37,-35
113900207,0,11,-11
113900208,0,26,-26
113900209,0,27,-27
113900210,208,73,135
113900211,56,8,48
113900212,27,270,-243
113900214,216,127,89
113900215,9,47,-38
113900216,1,620,-619
113900217,9,205,-196
113900218,21,5,16
113900219,55,243,-188
113900220,28,11,17
113900221,55,54,1
113900222,54,38,16
113900223,27,538,-511
113900224,50,19,31
113900225,244,84,160
113900226,99,33,66
113900227,59,39,20
113900228,134,107,27
113900229,4,188,-184
113900230,2004,343,1661
113900231,17,93,-76
113900232,7,58,-51
113900233,5,24,-19
113900234,42,80,-38
113900235,10,3,7
113900236,8,141,-133
113900237,13,1,12
113900238,51,134,-83
113900239,7,19,-12
113900240,1,33,-32
113900241,35,21,14
113900242,33,65,-32
113900243,34,138,-104
113900244,236,37,199
113900245,628,69,559
113900246,2,2,0
113900247,109,113,-4
113900248,1783,286,1497
113900249,409,39,370
113900250,15,21,-6
113900251,64,116,-52
113900252,62,1,61
113900253,114,7,107
113900254,78,11,67
113900255,37,2,35
113900256,51,9,42
113900257,23,445,-422
113900258,6,265,-259
113900259,70,123,-53
113900260,26,15,11
113900261,1,66,-65
113900262,24,433,-409
113900263,30,182,-152
113900264,6,403,-397
113900265,60,169,-109
113900266,6,143,-137
113900267,18,184,-166
113900268,64,84,-20
113900269,23,59,-36
113900270,59,90,-31
113900271,70,750,-680
113900273,1,0,1
113900274,3,0,3
113900275,9,21,-12
113900276,0,149,-149
113900277,5,0,5
113900278,64,87,-23
113900279,53,49,4
113900280,341,199,142
113900281,126,309,-183
113900282,278,90,188
113900283,50,159,-109
113900284,142,52,90
113900285,32,7,25
113900286,2,63,-61
113900287,2,32,-30
113900288,2,37,-35
113900289,752,12,740
113900290,134,6,128
113900291,114,120,-6
113900292,1,1,0
113900293,0,112,-112
113900294,55,7,48
113900295,100,77,23
113900296,1254,133,1121
113900297,69,4,65
113900298,1,816,-815
113900299,0,75,-75
113900300,3186,451,2735
113900301,138,56,82
113900302,857,192,665
113900303,244,33,211
113900304,0,79,-79
113900305,12,0,12
113900306,0,0,0
113900307,25,0,25
113900308,14,60,-46
113900309,0,460,-460
113900310,0,3,-3
113900311,1,1,0
113900312,18,47,-29
113900313,23,6,17
114000001,449,1527,-1078
114000002,57,199,-142
114000003,24,115,-91
114000004,80,226,-146
114000005,73,140,-67
114000006,1071,997,74
114000007,185,634,-449
114000008,656,390,266
114000009,72,57,15
114000011,1049,1330,-281
114000012,527,1326,-799
114000013,261,1037,-776
114000014,175,153,22
114000015,250,219,31
114000016,136,244,-108
114000017,53,62,-9
114000018,139,47,92
114000026,231,815,-584
114000027,427,848,-421
114000028,579,784,-205
114000038,38,96,-58
114000039,51,32,19
114000040,50,64,-14
114000042,37,116,-79
114000043,4,87,-83
114000044,24,19,5
114000045,14,70,-56
114000046,925,2353,-1428
114000047,3,32,-29
114000048,9,17,-8
114000049,482,374,108
114000050,394,308,86
114000051,1174,558,616
114000052,1001,295,706
114000053,14,152,-138
114000054,17,628,-611
114000055,44,8,36
114000056,237,235,2
114000057,4560,1138,3422
114000058,60,134,-74
114000059,35,73,-38
114000060,139,377,-238
114000061,1110,283,827
114000062,344,157,187
114000063,1384,895,489
114000064,3670,952,2718
114000065,746,860,-114
114000066,53,216,-163
114000067,6,48,-42
114000068,187,158,29
114000069,247,191,56
114000070,788,301,487
114000071,81,304,-223
114000072,41,210,-169
114000073,0,17,-17
114000074,4,10,-6
114000075,2,77,-75
114000076,1,37,-36
114000077,0,14,-14
114000078,19,708,-689
114000079,19,17,2
114000080,17,15,2
114000081,1,2,-1
114000082,40,336,-296
114000083,7,94,-87
114000084,21,30,-9
114000085,52,396,-344
114000086,31,319,-288
114000087,15,143,-128
114000088,2,15,-13
114000089,579,147,432
114000090,83,72,11
114000091,378,172,206
114000092,243,72,171
114000093,242,284,-42
114000094,105,160,-55
114000095,20,10,10
114000096,34,315,-281
114000097,19,620,-601
114000098,53,14,39
114000099,36,694,-658
114000100,125,331,-206
114000101,118,882,-764
114000102,35,71,-36
114000103,53,245,-192
114000104,3,115,-112
114000105,19,33,-14
114000106,375,108,267
114000107,24,79,-55
114000108,1149,636,513
114000109,16,51,-35
114000110,146,794,-648
114000111,79,63,16
114000112,104,959,-855
114000113,69,55,14
114000114,385,817,-432
114000115,151,44,107
114000116,80,181,-101
114000117,189,76,113
114000118,188,78,110
114000119,136,42,94
114000120,215,663,-448
114000121,157,298,-141
114000122,134,149,-15
114000123,94,60,34
114000124,19,81,-62
114000125,369,936,-567
114000126,139,27,112
114000127,10,31,-21
114000128,68,122,-54
114000130,21,20,1
114000131,17,10,7
114000132,230,421,-191
114000133,470,620,-150
114000134,21,89,-68
114000138,26,108,-82
114000139,36,40,-4
114000144,109,72,37
114000145,13,59,-46
114000146,33,154,-121
114000147,252,246,6
114000148,724,100,624
114000149,31,22,9
114000150,290,257,33
114000151,321,235,86
114000152,25,3,22
114000153,349,498,-149
114000154,253,248,5
114000155,333,538,-205
114000156,190,153,37
114000157,73,215,-142
114000158,1200,278,922
114000159,56,156,-100
114000160,41,109,-68
114000161,376,219,157
114000162,252,181,71
114000163,4,69,-65
114000165,67,48,19
114000166,175,46,129
114000167,1918,466,1452
114000168,366,300,66
114000169,363,100,263
114000170,160,102,58
114000171,158,119,39
114000174,80,185,-105
114000176,217,172,45
114000177,1004,289,715
114000178,5,17,-12
114000179,253,64,189
114000180,117,237,-120
114000181,451,743,-292
114000182,2302,1035,1267
114000183,553,544,9
114000184,3464,933,2531
114000185,110,131,-21
114000189,34,16,18
114000190,191,47,144
114000191,6,9,-3
114000192,139,863,-724
114000193,528,1957,-1429
114000194,463,737,-274
114000195,14,2,12
114000196,2,172,-170
114000197,132,45,87
114000198,565,223,342
114000199,783,460,323
114000200,233,1367,-1134
114000201,48,573,-525
114000202,254,376,-122
114000203,109,515,-406
114000204,52,232,-180
114000205,61,983,-922
114000206,136,739,-603
114000207,207,1367,-1160
114000208,182,1890,-1708
114000209,231,1862,-1631
114000210,174,1004,-830
114000211,273,666,-393
114000212,189,314,-125
114000213,320,250,70
114000214,21,143,-122
114000215,9,16,-7
114000216,77,3,74
114000217,3,134,-131
114000218,29,161,-132
114000219,125,126,-1
114000220,4,818,-814
114000221,59,38,21
114000222,59,682,-623
114000223,44,9,35
114000224,47,422,-375
114000225,24,243,-219
114000226,16,167,-151
114000227,142,205,-63
114000228,140,413,-273
114000229,220,717,-497
114000230,369,709,-340
114000231,242,717,-475
114000232,85,51,34
114000233,302,41,261
114000234,254,473,-219
114000235,331,909,-578
114000236,0,360,-360
114000237,38,640,-602
114000238,5,67,-62
114000239,67,819,-752
114000240,186,331,-145
114000241,97,588,-491
114000242,428,521,-93
114000243,224,305,-81
114000244,52,37,15
114000245,168,414,-246
114000246,69,19,50
114000247,108,315,-207
114000248,123,175,-52
114000249,127,117,10
114000250,30,221,-191
114000251,24,208,-184
114000252,15,88,-73
114000253,2,36,-34
114000254,6,49,-43
114000255,153,81,72
114000256,357,125,232
114000257,263,1221,-958
114000258,49,237,-188
114000259,7,143,-136
114000260,0,21,-21
114000261,4,1,3
114000262,7,147,-140
114000263,0,0,0
114000264,101,310,-209
114000265,1,1,0
114000267,1,478,-477
114000268,1,1139,-1138
114000270,1,0,1
114000271,73,31,42
114000283,64,226,-162
114000285,24,189,-165
114000288,12,224,-212
114000289,346,99,247
114000293,34,182,-148
114000294,28,92,-64
114000395,73,9,64
114000396,51,73,-22
114000402,66,177,-111
114000403,88,288,-200
114000405,27,315,-288
114000423,21,285,-264
114000424,34,106,-72
114000425,53,305,-252
114000426,18,32,-14
114000427,10,107,-97
114000428,67,26,41
114000429,2,97,-95
114000432,25,63,-38
114000434,26,56,-30
114000435,0,63,-63
114900001,78,774,-696
114900002,73,11,62
114900003,38,1032,-994
114900004,27,23,4
114900005,96,427,-331
114900006,11,9,2
114900007,19,2,17
114900008,20,19,1
114900010,1222,385,837
114900011,9,29,-20
114900013,21,30,-9
114900015,13,61,-48
114900018,169,10,159
114900020,9,29,-20
114900022,37,168,-131
114900024,11,55,-44
114900025,43,108,-65
114900026,29,7,22
114900027,28,111,-83
114900029,33,10,23
114900030,69,80,-11
114900031,14,4,10
114900032,8,5,3
114900033,545,94,451
114900034,46,183,-137
114900035,70,91,-21
114900036,69,686,-617
114900037,36,86,-50
114900038,70,813,-743
114900039,111,589,-478
114900040,15,87,-72
114900041,83,508,-425
114900042,136,605,-469
114900043,462,120,342
114900044,25,2,23
114900046,6,65,-59
114900047,32,329,-297
114900048,13,113,-100
114900049,6,185,-179
114900050,7,366,-359
114900051,7,319,-312
114900052,34,74,-40
114900053,7,109,-102
114900054,18,68,-50
114900057,17,0,17
114900058,0,55,-55
114900059,6,10,-4
114900060,402,107,295
114900061,30,94,-64
114900062,96,105,-9
114900063,13,116,-103
114900064,166,439,-273
114900065,72,323,-251
114900067,4,190,-186
114900068,27,144,-117
114900069,66,93,-27
114900070,53,304,-251
114900072,6,135,-129
114900073,1,100,-99
114900074,17,398,-381
114900075,10,1,9
114900076,0,220,-220
114900080,1356,111,1245
114900082,1527,491,1036
114900083,41,321,-280
114900090,29,43,-14
114900091,39,50,-11
114900095,200,50,150
114900096,173,216,-43
114900097,15,0,15
114900098,1,101,-100
114900099,22,2,20
115000001,5195,3756,1439
115000002,1025,768,257
115000003,1648,2539,-891
115000004,577,1309,-732
115000005,529,1871,-1342
115000006,133,390,-257
115000007,27,62,-35
115000008,93,130,-37
115000009,83,169,-86
115000010,75,12,63
115000013,25,56,-31
115000015,54,76,-22
115000016,154,98,56
115000019,6,138,-132
115000020,61,56,5
115000021,149,266,-117
115000022,182,159,23
115000023,33,11,22
115000024,502,242,260
115000025,47,21,26
115000026,64,162,-98
115000027,1,0,1
115000028,37,299,-262
115000029,0,0,0
115000030,78,345,-267
115000031,0,0,0
115000032,2,145,-143
115000033,9,2,7
115000034,44,498,-454
115000035,47,1,46
115000036,0,204,-204
115000037,11,1,10
115000038,25,60,-35
115000039,919,562,357
115000040,2311,979,1332
115000041,339,790,-451
115000042,142,226,-84
115000043,1184,977,207
115000044,2023,2447,-424
115000045,682,1413,-731
115000046,385,666,-281
115000047,335,664,-329
115000048,590,1879,-1289
115000049,638,1502,-864
115000050,721,454,267
115000051,795,431,364
115000052,2052,1106,946
115000053,439,403,36
115000054,429,667,-238
115000055,19,332,-313
115000056,16,52,-36
115000057,69,249,-180
115000058,8,35,-27
115000059,15,161,-146
115000061,11,12,-1
115000062,40,234,-194
115000063,25,245,-220
115000064,10,5,5
115000065,0,97,-97
115000067,0,0,0
115000069,4,74,-70
115000070,16,178,-162
115000071,3,1,2
115000072,33,39,-6
115000073,230,22,208
115000075,5,18,-13
115000076,1310,1532,-222
115000077,368,2107,-1739
115000078,167,1155,-988
115000079,263,1317,-1054
115000080,404,1552,-1148
115000081,196,541,-345
115000082,950,1235,-285
115000083,614,2038,-1424
115000084,171,350,-179
115000085,149,559,-410
115000086,133,370,-237
115000087,262,714,-452
115000088,416,175,241
115000089,938,872,66
115000090,286,38,248
115000091,184,673,-489
115000092,82,163,-81
115000093,0,0,0
115000094,3346,1361,1985
115000095,3012,1542,1470
115000096,121,1091,-970
115000097,125,393,-268
115000098,138,443,-305
115000099,232,1408,-1176
115000100,87,138,-51
115000101,133,953,-820
115000102,65,60,5
115000103,170,587,-417
115000105,22,141,-119
115000106,57,73,-16
115000107,35,357,-322
115000108,1928,1810,118
115000109,2156,434,1722
115000110,401,236,165
115000111,231,610,-379
115000112,105,172,-67
115000113,170,303,-133
115000114,628,327,301
115000116,1091,381,710
115000117,1022,448,574
115000118,416,526,-110
115000119,481,528,-47
115000120,227,264,-37
115000121,861,233,628
115000122,1509,230,1279
115000123,571,334,237
115000124,243,259,-16
115000125,92,249,-157
115000126,26,89,-63
115000127,77,48,29
115000128,361,286,75
115000129,34,59,-25
115000130,69,398,-329
115000131,73,133,-60
115000132,25,203,-178
115000133,43,173,-130
115000134,27,113,-86
115000135,19,120,-101
115000136,41,73,-32
115000137,30,113,-83
115000138,28,62,-34
115000139,107,181,-74
115000140,44,38,6
115000141,34,169,-135
115000142,36,159,-123
115000143,57,158,-101
115000144,95,39,56
115000145,45,408,-363
115000146,44,70,-26
115000147,44,370,-326
115000148,92,690,-598
115000149,121,80,41
115000150,253,632,-379
115000151,160,160,0
115000152,145,1114,-969
115000153,94,128,-34
115000154,152,99,53
115000155,140,798,-658
115000156,226,132,94
115000157,353,407,-54
115000158,270,101,169
115000159,255,98,157
115000160,182,68,114
115000161,143,228,-85
115000162,139,122,17
115000163,268,336,-68
115000164,234,258,-24
115000165,96,90,6
115000167,9,16,-7
115000168,122,53,69
115000169,168,216,-48
115000170,82,88,-6
115000171,53,47,6
115000172,825,212,613
115000173,20,44,-24
115000174,6,32,-26
115000175,24,42,-18
115000176,6,7,-1
115000177,3,38,-35
115000178,1,159,-158
115000179,2,5,-3
115000180,17,349,-332
115000181,68,28,40
115000182,76,73,3
115000183,46,525,-479
115000186,120,78,42
115000187,21,339,-318
115000188,84,105,-21
115000189,105,214,-109
115000190,88,85,3
115000191,94,148,-54
115000194,29,55,-26
115000195,42,24,18
115000196,11,27,-16
115000197,28,275,-247
115000198,34,64,-30
115000199,42,238,-196
115000200,21,23,-2
115000201,35,266,-231
115000206,0,0,0
115000207,7,167,-160
115000208,268,323,-55
115000209,35,43,-8
115000210,10,30,-20
115000211,50,73,-23
115000212,673,146,527
115000224,14,12,2
115000225,16,21,-5
115000229,42,32,10
115000230,6,132,-126
115000231,127,1427,-1300
115000232,174,233,-59
115000233,34,155,-121
115000234,16,143,-127
115000241,13,66,-53
115000242,34,76,-42
115000243,12,83,-71
115000244,0,55,-55
115000246,8,3,5
115000247,1,8,-7
115000248,3,4,-1
115000249,4,2,2
115000250,39,18,21
115000251,8,43,-35
115000252,7,47,-40
115000253,2,27,-25
115000258,26,51,-25
115000259,55,32,23
115000261,0,0,0
115000262,0,1,-1
115000263,0,5,-5
115000264,0,5,-5
115000267,21,13,8
115000268,14,71,-57
115000269,3,12,-9
115000270,1,0,1
115000272,1,41,-40
115000273,21,2,19
115000280,87,0,87
115000281,127,15,112
115000282,112,18,94
115000284,84,25,59
115000296,57,1,56
115000297,4,0,4
115000298,21,16,5
115000300,8,184,-176
115000302,19,20,-1
115000303,31,17,14
115000304,33,7,26
115000305,31,659,-628
115000306,32,361,-329
115000307,5,178,-173
115000308,14,7,7
115000309,3,6,-3
115000310,217,783,-566
115000311,65,469,-404
115000313,51,411,-360
115000314,15,11,4
115000315,732,159,573
115000316,7,22,-15
115000317,49,265,-216
115000318,118,134,-16
115000319,7,173,-166
115000320,8,49,-41
115000321,33,2,31
115000322,10,136,-126
115000449,43,26,17
115000557,1,99,-98
115000558,7,10,-3
115000587,53,85,-32
115000588,1015,2592,-1577
115000589,923,873,50
115000590,168,821,-653
115000591,118,111,7
115000592,236,728,-492
115000593,150,76,74
115000594,363,624,-261
115000609,82,90,-8
115000617,143,170,-27
115000624,26,26,0
115000633,32,762,-730
115000634,438,98,340
115000635,36,11,25
115000638,461,221,240
115000641,62,46,16
115000642,90,66,24
115000643,24,231,-207
115000644,45,211,-166
115000646,253,328,-75
115000647,30,168,-138
115000648,170,858,-688
115000893,548,71,477
115000894,29,609,-580
115000895,78,485,-407
115000896,113,19,94
115000897,61,5,56
115000898,215,19,196
115000899,504,320,184
115000900,14,140,-126
115000901,39,19,20
115000912,14,3,11
115000913,2,12,-10
115000915,0,0,0
115000916,0,0,0
115000917,0,0,0
115000918,0,0,0
115000919,0,0,0
115000920,6,7,-1
115000921,667,45,622
115000922,116,20,96
115000923,190,382,-192
115000925,17,38,-21
115000927,3,6,-3
115000933,120,74,46
115000934,19,48,-29
115000935,5,25,-20
115000936,0,0,0
115000937,475,49,426
115000938,45,36,9
115000939,49,45,4
115000940,0,0,0
115000941,0,0,0
115000942,0,1,-1
115000943,18,10,8
115000944,0,1,-1
115900001,1,47,-46
115900002,44,75,-31
115900003,10,34,-24
115900004,0,11,-11
115900005,7,0,7
115900006,19,202,-183
115900008,0,2,-2
115900009,10,128,-118
115900010,21,35,-14
115900011,21,125,-104
115900012,1,23,-22
115900013,113,18,95
115900014,45,83,-38
115900015,7,26,-19
115900016,3,2,1
115900017,0,0,0
115900018,94,34,60
115900019,96,6,90
115900020,1,0,1
115900021,905,31,874
115900022,777,3,774
115900023,0,0,0
115900025,27,60,-33
115900026,419,85,334
115900027,1,242,-241
115900028,244,10,234
115900029,5,250,-245
115900030,0,1,-1
115900031,118,45,73
115900032,60,150,-90
115900033,0,30,-30
115900034,3,309,-306
115900035,5,44,-39
115900036,78,85,-7
115900037,1,287,-286
115900038,0,2,-2
115900039,7,116,-109
115900041,49,51,-2
115900042,0,1,-1
115900043,5,55,-50
115900044,19,42,-23
115900046,46,152,-106
115900047,12,4,8
115900049,12,66,-54
115900051,0,32,-32
115900052,2,223,-221
115900053,17,80,-63
115900054,9,37,-28
115900055,6,135,-129
115900056,13,165,-152
115900057,0,0,0
115900058,32,57,-25
115900060,29,40,-11
115900061,4,0,4
115900062,2,181,-179
115900063,22,10,12
115900064,63,46,17
115900065,4,51,-47
115900066,85,61,24
115900067,2,426,-424
115900068,2645,23,2622
115900069,40,61,-21
115900070,4,68,-64
115900071,0,459,-459
115900072,60,106,-46
115900073,3,8,-5
115900074,3,266,-263
115900075,22,133,-111
115900076,1,50,-49
115900077,6,206,-200
115900078,7,64,-57
115900079,18,4,14
115900080,106,41,65
115900081,5,66,-61
115900082,19,48,-29
115900084,22,8,14
115900085,20,11,9
115900086,516,122,394
115900088,1,3,-2
115900089,26,508,-482
115900090,19,8,11
115900091,0,11,-11
115900092,2,143,-141
115900093,1,16,-15
115900094,1,275,-274
115900096,1,9,-8
115900097,5,350,-345
115900098,25,234,-209
115900099,2,56,-54
115900100,3,206,-203
115900101,61,194,-133
115900102,0,21,-21
115900103,85,120,-35
115900104,2,34,-32
115900105,28,271,-243
115900106,6,2,4
115900107,0,75,-75
115900108,10,15,-5
115900109,7,157,-150
115900110,0,1,-1
115900111,0,76,-76
115900112,13,322,-309
115900113,1,7,-6
115900114,3,127,-124
115900115,8,66,-58
115900116,19,500,-481
115900117,3,1,2
115900118,3,298,-295
115900119,7,48,-41
115900120,6,134,-128
115900121,17,56,-39
115900124,15,69,-54
115900125,44,5,39
115900126,62,4,58
115900127,80,5,75
115900128,0,33,-33
115900129,67,1,66
115900130,17,101,-84
115900131,15,0,15
115900132,16,5,11
115900134,14,4,10
115900135,336,205,131
115900137,1,0,1
115900139,35,8,27
115900140,15,3,12
115900141,2,18,-16
115900142,3,7,-4
115900143,14,77,-63
115900144,7,85,-78
115900146,0,43,-43
115900147,28,27,1
115900148,0,0,0
115900149,3,20,-17
115900150,2,16,-14
115900151,1,11,-10
115900152,5,109,-104
115900153,5,81,-76
115900154,104,59,45
115900155,0,22,-22
115900156,102,215,-113
115900157,5,121,-116
115900158,7,2,5
115900159,2,94,-92
115900160,0,0,0
115900161,5,46,-41
115900163,20,25,-5
115900164,20,6,14
115900166,89,93,-4
115900168,13,63,-50
115900171,10,74,-64
115900172,7,54,-47
115900173,15,29,-14
115900174,58,51,7
115900175,14,48,-34
115900178,2,470,-468
115900179,23,10,13
115900180,15,139,-124
115900181,9,179,-170
115900182,37,152,-115
115900183,22,5,17
115900184,122,0,122
115900187,0,55,-55
115900189,0,14,-14
115900190,90,79,11
115900191,21,192,-171
115900192,0,10,-10
115900193,10,9,1
115900194,47,1,46
115900195,93,146,-53
115900198,30,61,-31
115900199,13,82,-69
115900200,79,73,6
115900201,24,131,-107
115900202,0,1,-1
115900203,1,0,1
115900204,0,0,0
115900205,2,0,2
115900206,11,58,-47
115900207,2,3,-1
115900208,5,138,-133
115900209,1,49,-48
115900210,2,77,-75
115900211,2,88,-86
115900212,21,119,-98
115900213,0,3,-3
115900214,20,69,-49
115900215,2,5,-3
115900216,1,77,-76
115900217,1,88,-87
115900218,0,49,-49
115900219,3,0,3
115900220,2,4,-2
115900221,2,5,-3
115900222,2,1,1
115900223,0,3,-3
115900224,318,15,303
115900225,29,11,18
115900226,0,13,-13
115900227,0,9,-9
115900228,1,5,-4
115900229,1,11,-10
115900230,6,21,-15
115900231,3,0,3
115900232,4,0,4
115900233,7,1,6
115900234,11,4,7
115900235,0,5,-5
115900236,1,7,-6
115900237,0,55,-55
115900238,1,8,-7
115900239,2,13,-11
115900240,1,55,-54
115900241,16,24,-8
115900242,31,21,10
115900243,1,1,0
115900244,1,2,-1
115900245,2,0,2
115900246,8,1,7
115900247,10,1,9
115900248,0,0,0
115900249,0,6,-6
115900250,1,1,0
115900251,0,0,0
115900252,0,0,0
115900253,2,10,-8
115900254,4,9,-5
115900255,0,5,-5
115900256,15,6,9
115900257,0,0,0
115900258,0,0,0
115900259,0,7,-7
115900260,2,7,-5
115900261,0,0,0
115900262,2,0,2
115900263,2,2,0
115900264,0,2,-2
115900265,0,1,-1
115900266,0,1,-1
115900267,0,2,-2
115900268,0,3,-3
115900269,25,159,-134
115900270,30,269,-239
115900271,3,0,3
115900272,12,0,12
115900273,1,2,-1
115900274,0,5,-5
115900275,0,22,-22
115900276,0,31,-31
115900277,1,77,-76
115900278,3,40,-37
115900279,3,36,-33
115900280,2,58,-56
115900281,205,37,168
115900282,4,2,2
115900283,1,0,1
115900284,3,0,3
116000001,12335,2344,9991
116000002,1409,930,479
116000003,705,1017,-312
116000004,487,491,-4
116000005,700,1296,-596
116000006,460,391,69
116000007,1545,2063,-518
116000008,928,621,307
116000009,676,1519,-843
116000010,352,242,110
116000011,262,809,-547
116000012,203,255,-52
116000013,9134,1976,7158
116000014,11402,1456,9946
116000015,196,222,-26
116000016,3539,383,3156
116000017,21,195,-174
116000018,262,168,94
116000019,112,102,10
116000020,113,511,-398
116000021,34,116,-82
116000022,65,154,-89
116000023,117,165,-48
116000024,181,704,-523
116000025,139,232,-93
116000026,523,953,-430
116000027,223,239,-16
116000028,68,100,-32
116000029,421,253,168
116000030,27,19,8
116000031,63,94,-31
116000032,17,167,-150
116000033,18,181,-163
116000034,26,216,-190
116000035,42,205,-163
116000036,586,78,508
116000037,95,61,34
116000038,60,57,3
116000039,219,107,112
116000040,181,30,151
116000041,45,288,-243
116000042,95,54,41
116000043,18,186,-168
116000044,7,57,-50
116000045,118,106,12
116000046,398,408,-10
116000047,794,797,-3
116000048,294,343,-49
116000049,84,320,-236
116000050,344,662,-318
116000051,383,288,95
116000052,1089,1294,-205
116000053,199,109,90
116000054,189,922,-733
116000055,79,637,-558
116000056,39,157,-118
116000057,1139,957,182
116000058,1067,572,495
116000059,692,802,-110
116000060,1474,313,1161
116000061,190,236,-46
116000062,198,89,109
116000063,92,303,-211
116000066,4,53,-49
116000067,110,381,-271
116000068,12,24,-12
116000069,91,263,-172
116000078,30,207,-177
116000080,443,452,-9
116000082,3,51,-48
116000083,320,138,182
116000084,667,1852,-1185
116000085,730,283,447
116000086,921,729,192
116000087,500,301,199
116000088,268,481,-213
116000089,28,47,-19
116000090,20,43,-23
116000091,65,42,23
116000093,283,146,137
116000094,67,382,-315
116000095,179,237,-58
116000096,135,448,-313
116000097,126,434,-308
116000098,73,1140,-1067
116000099,3760,141,3619
116000100,7,6,1
116000101,102,710,-608
116000102,34,646,-612
116000103,71,88,-17
116000104,23,749,-726
116000105,113,118,-5
116000106,24,616,-592
116000107,202,272,-70
116000108,23,101,-78
116000111,17,7,10
116000113,8,23,-15
116000114,36,63,-27
116000115,21,13,8
116000116,61,376,-315
116000117,289,467,-178
116000118,297,1009,-712
116000119,318,411,-93
116000120,819,2550,-1731
116000121,205,143,62
116000122,494,1644,-1150
116000123,85,144,-59
116000124,118,734,-616
116000125,254,190,64
116000126,80,856,-776
116000127,416,880,-464
116000128,343,221,122
116000129,107,114,-7
116000130,74,74,0
116000133,124,427,-303
116000134,317,1307,-990
116000135,281,517,-236
116000136,153,1090,-937
116000137,134,230,-96
116000138,753,163,590
116000139,529,1092,-563
116000140,47,129,-82
116000141,124,437,-313
116000142,2036,2096,-60
116000143,774,542,232
116000144,525,1778,-1253
116000145,464,672,-208
116000146,37,139,-102
116000147,47,27,20
116000148,67,191,-124
116000149,92,229,-137
116000151,214,664,-450
116000153,5,40,-35
116000155,21,72,-51
116000156,261,423,-162
116000157,2,8,-6
116000158,27,207,-180
116000159,0,1,-1
116000160,3,66,-63
116000161,11,73,-62
116000162,33,10,23
116000163,5,7,-2
116000164,1,5,-4
116000177,3,42,-39
116000194,24,134,-110
116000195,283,283,0
116000196,1,0,1
116000197,3,2,1
116000198,555,243,312
116000200,278,72,206
116000201,203,294,-91
116000202,1,131,-130
116000203,5,60,-55
116000204,4,27,-23
116000205,1,74,-73
116000206,0,38,-38
116000207,0,24,-24
116000233,20,507,-487
116000287,17,374,-357
116000288,28,89,-61
116000292,1,84,-83
116000296,3,72,-69
116000297,5,4,1
116000304,10,27,-17
116000305,2,37,-35
116000346,14,99,-85
116000352,2,32,-30
116000354,1,8,-7
116000357,1,0,1
116000358,34,10,24
116000361,328,3,325
116000372,5749,828,4921
116000381,22,0,22
116000388,0,23,-23
116000389,96,214,-118
116000445,38,527,-489
116000446,50,382,-332
116000447,2,180,-178
116000448,228,94,134
116000563,62,78,-16
116000565,54,241,-187
116000568,15,35,-20
116000579,8,90,-82
116000583,0,4,-4
116000584,1,11,-10
116000585,8,8,0
116000586,74,40,34
116000587,0,112,-112
116000589,15,62,-47
116000590,4,7,-3
116000591,26,129,-103
116000592,1,174,-173
116000593,0,11,-11
116000594,67,383,-316
116000595,82,78,4
116000596,10,1,9
116000597,45,7,38
116000598,4,129,-125
116000605,32,60,-28
116000606,3,48,-45
116000607,1,28,-27
116000609,49,260,-211
116000611,3,400,-397
116000612,167,716,-549
116000613,111,148,-37
116000614,191,527,-336
116000615,0,63,-63
116000616,10,68,-58
116000617,9,45,-36
116000618,1,117,-116
116000619,5,19,-14
116000620,0,0,0
116000621,0,2,-2
116000622,0,0,0
116000624,16,40,-24
116000627,10,61,-51
116000628,21,510,-489
116000629,5,336,-331
116000630,47,30,17
116000631,9,28,-19
116000632,38,67,-29
116000633,6,143,-137
116000634,83,268,-185
116000635,788,373,415
116000636,408,375,33
116000637,28,56,-28
116000638,6,174,-168
116000640,0,2,-2
116000641,38,76,-38
116000644,13,919,-906
116900001,41,51,-10
116900002,89,1,88
116900003,0,38,-38
116900004,25,16,9
116900005,27,18,9
116900006,38,37,1
116900007,26,72,-46
116900008,58,320,-262
116900009,10,0,10
116900010,1,1197,-1196
116900011,6,9,-3
116900012,22,83,-61
116900013,3,80,-77
116900014,3,242,-239
116900015,31,37,-6
116900016,15,7,8
116900017,0,344,-344
116900018,18,12,6
116900019,0,247,-247
116900020,646,57,589
116900023,12,8,4
116900024,8,21,-13
116900025,70,469,-399
116900026,28,342,-314
116900027,3,15,-12
116900028,0,52,-52
116900029,8,8,0
116900031,0,4,-4
116900032,8,181,-173
116900033,0,4,-4
116900034,6,47,-41
116900035,13,121,-108
116900036,2,68,-66
116900038,5,0,5
116900041,1,2,-1
116900042,601,95,506
116900043,1,27,-26
116900047,54,10,44
116900049,12,113,-101
116900050,6,138,-132
116900051,2,118,-116
116900052,35,8,27
116900055,0,0,0
116900057,5,166,-161
116900058,11,168,-157
116900059,1,60,-59
116900060,21,164,-143
116900062,1,0,1
116900064,18,546,-528
116900065,18,31,-13
116900067,10,28,-18
116900068,37,217,-180
116900070,0,1,-1
116900072,8,243,-235
116900073,1,71,-70
116900074,0,13,-13
116900076,0,24,-24
116900077,7,110,-103
116900078,66,44,22
116900079,9,146,-137
116900080,1,2,-1
116900081,46,515,-469
116900082,85,419,-334
116900083,4,30,-26
116900084,44,22,22
116900085,5,75,-70
116900086,11,108,-97
116900088,83,13,70
116900090,57,28,29
116900091,19,39,-20
116900092,27,442,-415
116900093,995,535,460
116900094,3046,609,2437
116900095,25,122,-97
116900096,19,36,-17
116900097,1056,268,788
116900098,563,41,522
116900099,177,157,20
116900100,83,3,80
116900101,115,325,-210
116900103,0,1,-1
116900104,5,49,-44
116900105,61,6,55
116900106,118,138,-20
116900107,1758,371,1387
116900110,0,0,0
116900111,49,692,-643
116900112,11,353,-342
116900113,1174,213,961
116900116,48,50,-2
116900117,4,59,-55
116900118,608,197,411
116900120,36,32,4
116900121,17,13,4
116900122,119,510,-391
116900123,29,551,-522
116900124,32,393,-361
116900125,32,85,-53
116900126,50,190,-140
116900128,0,45,-45
116900129,0,156,-156
116900130,641,695,-54
116900131,13,63,-50
116900132,5,22,-17
116900133,20,36,-16
116900134,37,85,-48
116900136,9,95,-86
116900137,40,81,-41
116900138,31,84,-53
116900139,15,178,-163
116900140,45,115,-70
116900141,124,161,-37
116900142,0,7,-7
116900143,67,251,-184
116900144,3,10,-7
116900145,13,198,-185
116900147,174,86,88
116900148,0,7,-7
116900149,1,17,-16
116900150,5,4,1
116900151,10,4,6
116900153,5,27,-22
116900154,36,69,-33
116900155,5,9,-4
116900157,17,88,-71
116900158,7,16,-9
116900159,25,59,-34
116900160,190,86,104
116900161,3943,845,3098
116900162,1,50,-49
116900163,12,66,-54
116900164,5,8,-3
116900165,20,29,-9
116900166,0,30,-30
116900167,23,22,1
116900168,34,46,-12
116900169,115,43,72
116900170,26,82,-56
116900171,9,103,-94
116900172,55,11,44
116900173,7,43,-36
116900174,0,10,-10
116900175,25,16,9
116900178,1,91,-90
116900179,30,19,11
116900180,10,19,-9
116900182,99,96,3
116900183,25,32,-7
116900185,11,17,-6
116900186,32,176,-144
116900187,1,4,-3
116900188,8,5,3
116900189,1,0,1
116900191,70,142,-72
116900192,44,56,-12
116900194,24,165,-141
116900195,2,10,-8
116900196,3,84,-81
116900197,9,0,9
116900198,155,52,103
116900200,4,33,-29
116900201,8,1,7
116900202,14,17,-3
116900203,8,1,7
116900204,8,18,-10
116900206,2,24,-22
116900207,2,10,-8
116900208,1,34,-33
116900209,10,61,-51
116900210,54,86,-32
116900211,53,4,49
116900212,0,24,-24
116900213,31,41,-10
116900214,16,48,-32
116900215,3,28,-25
116900216,46,185,-139
116900218,2,233,-231
116900219,421,147,274
116900220,12,100,-88
116900221,10,114,-104
116900222,80,84,-4
116900223,23,66,-43
116900226,3,29,-26
116900227,8,18,-10
116900228,77,182,-105
116900230,16,200,-184
116900231,1,232,-231
116900232,0,203,-203
116900233,15,4,11
116900234,0,11,-11
116900235,37,162,-125
116900238,612,118,494
116900239,4,155,-151
116900240,2476,433,2043
116900241,6,84,-78
116900242,755,64,691
116900243,0,22,-22
116900245,44,19,25
116900246,4,3,1
116900247,41,1,40
116900248,4,4,0
116900249,19,15,4
116900250,29,17,12
116900251,134,19,115
116900252,2,431,-429
116900253,7,16,-9
116900254,0,23,-23
116900255,25,5,20
116900256,44,22,22
116900257,1,370,-369
116900258,0,215,-215
116900259,4,0,4
116900260,0,60,-60
116900261,1,1,0
116900262,22,73,-51
116900263,0,5,-5
116900264,0,3,-3
116900265,5,0,5
116900266,0,16,-16
116900267,0,1,-1
116900268,0,1,-1
116900269,51,146,-95
116900271,1136,33,1103
116900272,160,272,-112
116900273,102,6,96
116900274,5,28,-23
116900275,4,37,-33
116900276,163,10,153
116900277,136,6,130
116900278,0,1,-1
116900279,3,5,-2
116900280,5,6,-1
116900281,3422,487,2935
116900282,3,69,-66
116900283,17,44,-27
116900284,4,83,-79
116900285,72,12,60
116900286,43,2,41
116900287,0,42,-42
116900288,4,56,-52
116900289,0,19,-19
116900290,0,14,-14
116900291,1,1,0
116900292,0,1,-1
116900293,9,36,-27
116900294,4,61,-57
116900295,8,3,5
116900296,2,8,-6
116900297,1,2,-1
116900298,11,2,9
116900299,0,3,-3
116900300,0,16,-16
116900301,9,12,-3
116900302,9,12,-3
116900303,183,9,174
116900304,0,70,-70
116900305,1,1,0
116900306,12,47,-35
116900307,6,1,5
116900308,0,87,-87
116900309,17,118,-101
117000001,319,448,-129
117000002,602,1907,-1305
117000003,1311,825,486
117000004,1563,2240,-677
117000005,311,452,-141
117000006,242,2217,-1975
117000007,555,349,206
117000008,540,2165,-1625
117000009,1045,434,611
117000010,1048,1782,-734
117000011,220,532,-312
117000012,300,1149,-849
117000013,255,441,-186
117000014,208,1133,-925
117000015,839,372,467
117000016,66,35,31
117000017,68,70,-2
117000018,17,104,-87
117000019,8,6,2
117000020,296,368,-72
117000021,1613,210,1403
117000022,126,26,100
117000023,136,75,61
117000024,82,36,46
117000025,293,335,-42
117000026,353,105,248
117000027,647,626,21
117000028,39,66,-27
117000030,165,225,-60
117000031,40,27,13
117000032,746,514,232
117000033,356,245,111
117000034,52,121,-69
117000035,16,19,-3
117000036,57,118,-61
117000037,6,17,-11
117000038,24,157,-133
117000039,27,87,-60
117000040,35,960,-925
117000041,110,43,67
117000044,4,725,-721
117000045,56,15,41
117000046,162,584,-422
117000047,57,107,-50
117000048,967,674,293
117000049,54,170,-116
117000050,34,1756,-1722
117000051,456,78,378
117000052,0,409,-409
117000053,29,50,-21
117000054,233,0,233
117000055,10,2105,-2095
117000056,129,2,127
117000057,382,1009,-627
117000060,119,1050,-931
117000061,142,181,-39
117000062,39,233,-194
117000063,111,110,1
117000064,339,513,-174
117000066,387,344,43
117000067,14,108,-94
117000074,53,40,13
117000076,21,11,10
117000077,44,36,8
117000078,22,281,-259
117000079,13,57,-44
117000080,2,210,-208
117000081,126,44,82
117000082,4,26,-22
117000083,4,1,3
117000084,0,0,0
117000085,26,216,-190
117000086,219,330,-111
117000087,57,215,-158
117000088,48,30,18
117000089,330,76,254
117000090,95,1066,-971
117000091,115,75,40
117000092,112,1087,-975
117000093,103,135,-32
117000094,244,1342,-1098
117000095,306,210,96
117000096,188,1558,-1370
117000097,151,338,-187
117000098,1225,3163,-1938
117000099,410,239,171
117000100,33,72,-39
117000101,139,660,-521
117000102,173,156,17
117000103,439,890,-451
117000104,216,177,39
117000105,218,1193,-975
117000106,127,111,16
117000107,190,1599,-1409
117000108,161,174,-13
117000109,678,1655,-977
117000110,190,162,28
117000111,747,1222,-475
117000112,445,533,-88
117000113,32,147,-115
117000114,14,18,-4
117000115,25,80,-55
117000116,14,80,-66
117000117,251,116,135
117000118,26,92,-66
117000119,22,8,14
117000120,25,12,13
117000121,11,78,-67
117000122,211,103,108
117000123,428,1,427
117000124,38,6,32
117000125,72,24,48
117000126,19,17,2
117000127,42,156,-114
117000128,140,221,-81
117000129,132,100,32
117000130,6,17,-11
117000131,1,175,-174
117000132,166,83,83
117000133,166,91,75
117000134,0,37,-37
117000135,2,17,-15
117000136,0,24,-24
117000137,11,17,-6
117000138,0,128,-128
117000140,112,980,-868
117000141,175,90,85
117000181,358,115,243
117000182,53,14,39
117000195,67,777,-710
117000196,17,18,-1
117000225,30,1,29
117000226,0,39,-39
117000276,36,4,32
117000277,1,292,-291
117000310,1061,917,144
117000315,4,88,-84
117000320,0,0,0
117000906,17,3,14
117000907,3,297,-294
117000909,14,8,6
117000910,102,65,37
117000911,63,153,-90
117000915,3,347,-344
117000916,4,1,3
117000917,69,2,67
117000918,2,4,-2
117000919,0,53,-53
117000920,1,1043,-1042
117000921,3,1565,-1562
117000922,0,0,0
117000924,110,177,-67
117000926,604,30,574
117000927,45,78,-33
117000928,0,204,-204
117000929,34,342,-308
117000930,30,15,15
117000931,87,13,74
117900002,67,149,-82
117900003,339,77,262
117900005,0,15,-15
117900006,0,15,-15
117900007,11,117,-106
117900008,0,17,-17
117900010,27,109,-82
117900011,8,15,-7
117900012,7,97,-90
117900013,0,142,-142
117900014,106,202,-96
117900015,12,165,-153
117900016,413,81,332
117900017,61,329,-268
117900018,58,6,52
117900019,33,364,-331
117900020,18,56,-38
117900021,2,79,-77
117900022,5,4,1
117900023,373,4,369
117900024,29,122,-93
117900025,11,8,3
117900026,45,223,-178
117900028,5,2,3
117900029,27,592,-565
117900030,47,76,-29
117900031,6,28,-22
117900032,87,90,-3
117900033,30,570,-540
117900034,20,25,-5
117900035,27,10,17
117900036,39,446,-407
117900037,6,30,-24
117900038,6,270,-264
117900039,2,46,-44
117900040,52,310,-258
117900041,2,39,-37
117900042,2329,144,2185
117900043,11,24,-13
117900044,4,399,-395
117900045,17,15,2
117900048,62,201,-139
117900049,31,392,-361
117900050,3,7,-4
117900051,7,1,6
117900052,5,51,-46
117900053,312,408,-96
117900054,1,28,-27
117900055,43,27,16
117900056,91,2,89
117900057,351,603,-252
117900058,18,0,18
117900059,25,17,8
117900060,161,2774,-2613
117900061,3,41,-38
117900063,28,113,-85
117900065,354,507,-153
117900066,3,7,-4
117900067,47,152,-105
117900069,68,219,-151
117900070,23,2,21
117900071,41,66,-25
117900073,69,231,-162
117900074,7,1,6
117900075,3,48,-45
117900076,6,32,-26
117900077,18,21,-3
117900078,57,131,-74
117900080,14,14,0
117900081,285,173,112
117900082,66,92,-26
117900083,34,381,-347
117900086,9,18,-9
117900087,6,24,-18
117900088,1246,640,606
117900089,232,91,141
117900090,38,465,-427
117900091,49,49,0
117900092,7,14,-7
117900093,2,31,-29
117900094,4,0,4
117900095,58,367,-309
117900096,12,98,-86
117900097,7,19,-12
117900098,5,2,3
117900099,22,166,-144
117900100,8,0,8
117900101,155,292,-137
117900102,5,14,-9
117900103,4,0,4
117900104,2,46,-44
117900105,25,63,-38
117900106,3,11,-8
117900107,7,0,7
117900109,83,103,-20
117900110,1,0,1
117900111,18,0,18
117900112,5,4,1
117900113,1190,274,916
117900114,0,0,0
117900115,48,4,44
117900116,407,220,187
117900117,104,107,-3
117900118,6,0,6
117900119,20,209,-189
117900120,16,51,-35
117900121,2,14,-12
117900122,364,235,129
117900123,118,604,-486
117900124,131,224,-93
117900125,287,369,-82
117900126,166,260,-94
117900127,96,334,-238
117900128,60,519,-459
117900129,2,0,2
117900130,173,112,61
117900131,0,50,-50
117900132,4,51,-47
117900133,0,75,-75
117900134,6,114,-108
117900135,3,163,-160
117900136,0,37,-37
117900137,3,198,-195
117900138,0,25,-25
117900139,3,49,-46
117900140,2608,47,2561
117900141,84,126,-42
117900142,1,0,1
117900144,10,24,-14
117900145,13,2,11
117900146,35,34,1
117900147,6,16,-10
117900148,1114,356,758
117900149,10,59,-49
117900150,4,56,-52
117900151,3,121,-118
117900152,13,36,-23
117900153,6,45,-39
117900154,61,315,-254
117900156,176,156,20
117900157,8,123,-115
117900158,11,15,-4
117900160,170,163,7
117900161,1079,1101,-22
117900162,11,114,-103
117900163,53,3,50
117900165,2,3,-1
117900166,12,65,-53
117900168,9,57,-48
117900169,1,81,-80
117900170,1,16,-15
117900171,0,5,-5
117900172,3,9,-6
117900173,51,13,38
117900174,8,14,-6
117900175,4,13,-9
117900176,2,17,-15
117900177,0,18,-18
117900178,36,12,24
117900180,82,14,68
117900181,13,9,4
117900182,0,3,-3
117900183,2,15,-13
117900184,0,2,-2
117900185,1,2,-1
117900186,1,3,-2
117900187,2,1,1
117900188,13,3,10
117900189,9,0,9
117900190,0,0,0
117900191,2,0,2
117900192,8,7,1
117900193,0,29,-29
117900194,0,0,0
117900195,0,2,-2
117900196,0,0,0
117900207,11,6,5
117900208,5,9,-4
117900209,93,26,67
117900210,37,43,-6
117900211,5,52,-47
117900212,40,53,-13
117900213,0,2,-2
117900214,3,15,-12
117900215,1,2,-1
117900216,4,1,3
117900217,15,26,-11
117900218,62,12,50
117900219,0,41,-41
117900220,0,13,-13
117900222,60,132,-72
117900223,33,56,-23
118000001,170,153,17
118000002,625,687,-62
118000003,452,405,47
118000004,1096,842,254
118000005,1294,625,669
118000006,3796,1859,1937
118000007,1476,828,648
118000008,1293,1073,220
118000009,616,923,-307
118000010,665,1429,-764
118000011,176,1294,-1118
118000012,303,1334,-1031
118000013,1437,1270,167
118000014,690,1917,-1227
118000016,93,252,-159
118000017,37,100,-63
118000018,103,290,-187
118000019,707,428,279
118000020,565,478,87
118000021,416,655,-239
118000022,907,188,719
118000023,495,150,345
118000024,556,237,319
118000027,7317,1627,5690
118000029,507,216,291
118000032,259,452,-193
118000033,841,705,136
118000034,1786,776,1010
118000035,371,581,-210
118000036,252,433,-181
118000037,172,352,-180
118000038,50,104,-54
118000039,16,99,-83
118000040,351,1275,-924
118000041,496,493,3
118000045,127,28,99
118000046,490,297,193
118000047,521,168,353
118000048,1041,425,616
118000051,265,142,123
118000052,192,100,92
118000053,117,86,31
118000054,671,256,415
118000055,504,211,293
118000056,44,59,-15
118000057,41,77,-36
118000058,500,195,305
118000059,272,206,66
118000060,114,372,-258
118000061,185,430,-245
118000062,120,57,63
118000063,79,155,-76
118000064,273,332,-59
118000065,1496,408,1088
118000066,260,265,-5
118000067,486,326,160
118000068,680,1044,-364
118000069,1133,381,752
118000070,3557,411,3146
118000071,1496,1069,427
118000072,628,544,84
118000073,626,151,475
118000074,72,154,-82
118000075,249,129,120
118000076,302,444,-142
118000077,613,489,124
118000078,581,807,-226
118000079,116,137,-21
118000080,551,359,192
118000081,511,429,82
118000082,138,270,-132
118000083,1020,421,599
118000084,1147,532,615
118000086,68,208,-140
118000087,3563,901,2662
118000088,858,674,184
118000089,1997,1088,909
118000090,1420,583,837
118000091,702,646,56
118000092,825,163,662
118000093,69,242,-173
118000096,187,182,5
118000097,151,196,-45
118000098,62,90,-28
118000099,66,493,-427
118000101,205,175,30
118000102,50,624,-574
118000107,1521,137,1384
118000108,31,88,-57
118000110,2,3,-1
118000111,1,377,-376
118000112,0,0,0
118000113,4,521,-517
118000114,0,0,0
118000115,1,0,1
118000116,2,0,2
118000117,465,316,149
118000118,182,250,-68
118000119,203,444,-241
118000120,590,719,-129
118000121,6,262,-256
118000122,277,33,244
118000123,16,155,-139
118000125,671,502,169
118000126,211,611,-400
118000127,392,180,212
118000128,258,523,-265
118000129,174,91,83
118000130,1545,2130,-585
118000131,255,676,-421
118000132,527,411,116
118000133,113,226,-113
118000135,34,27,7
118000136,46,275,-229
118000137,204,48,156
118000138,34,295,-261
118000139,31,68,-37
118000140,811,785,26
118000141,358,570,-212
118000142,416,1054,-638
118000143,184,277,-93
118000144,389,326,63
118000145,512,1208,-696
118000146,240,638,-398
118000147,264,996,-732
118000148,90,544,-454
118000149,141,553,-412
118000150,46,63,-17
118000151,31,122,-91
118000153,204,397,-193
118000154,146,577,-431
118000155,154,345,-191
118000156,1021,765,256
118000157,110,190,-80
118000158,18,218,-200
118000159,0,0,0
118000160,26,59,-33
118000161,79,489,-410
118000162,99,286,-187
118000163,155,236,-81
118000164,589,328,261
118000168,699,111,588
118000169,309,836,-527
118000170,1356,3093,-1737
118000171,32,98,-66
118000172,9,73,-64
118000173,207,390,-183
118000175,38,69,-31
118000176,42,90,-48
118000177,27,116,-89
118000178,8,9,-1
118000179,316,115,201
118000180,95,150,-55
118000181,240,95,145
118000182,120,87,33
118000183,67,74,-7
118000184,45,294,-249
118000185,370,278,92
118000186,197,267,-70
118000187,209,483,-274
118000188,61,134,-73
118000189,59,469,-410
118000190,3,10,-7
118000191,7,12,-5
118000192,40,43,-3
118000193,8,67,-59
118000194,799,196,603
118000195,230,140,90
118000196,34,19,15
118000197,70,55,15
118000198,125,130,-5
118000199,117,92,25
118000200,4,15,-11
118000201,137,97,40
118000202,7,0,7
118000203,455,88,367
118000204,111,39,72
118000205,194,75,119
118000206,51,43,8
118000207,0,42,-42
118000208,211,430,-219
118000209,508,828,-320
118000210,0,5,-5
118000211,1,3,-2
118000213,84,158,-74
118000214,260,87,173
118000215,121,161,-40
118000216,4,255,-251
118000217,6,35,-29
118000218,23,35,-12
118000219,91,118,-27
118000220,0,0,0
118000221,19,73,-54
118000222,92,12,80
118000223,1,4,-3
118000224,98,32,66
118000225,27,496,-469
118000226,52,13,39
118000227,280,69,211
118000228,71,46,25
118000229,8,0,8
118000230,13,109,-96
118000231,3,95,-92
118000232,120,443,-323
118000233,151,210,-59
118000234,39,118,-79
118000236,78,260,-182
118000237,19,325,-306
118000238,30,145,-115
118000239,75,105,-30
118000240,212,30,182
118000241,7,109,-102
118000242,20,430,-410
118000243,18,74,-56
118000244,2,79,-77
118000246,0,0,0
118000255,15,105,-90
118000256,12,106,-94
118000259,1,12,-11
118000260,20,46,-26
118000261,1,36,-35
118000263,12,116,-104
118000266,71,175,-104
118000267,1,60,-59
118000268,14,2,12
118000270,2,6,-4
118000271,26,118,-92
118000272,10,9,1
118000273,15,50,-35
118000274,51,184,-133
118000276,68,114,-46
118000295,1,22,-21
118000298,21,226,-205
118000299,20,95,-75
118000301,0,20,-20
118000302,19,40,-21
118000311,25,74,-49
118000312,11,137,-126
118000313,0,55,-55
118000314,5,39,-34
118000315,15,19,-4
118000316,64,252,-188
118000325,8,25,-17
118000326,4,17,-13
118000331,2,46,-44
118000332,4,23,-19
118000333,2,35,-33
118000335,0,0,0
118000336,1,226,-225
118000407,6,24,-18
118000457,8,14,-6
118000465,1248,680,568
118000480,4,54,-50
118000489,3,39,-36
118000490,33,263,-230
118000492,30,87,-57
118000510,24,10,14
118000514,23,109,-86
118000515,71,90,-19
118000517,225,85,140
118000524,348,62,286
118000525,249,357,-108
118000530,4,32,-28
118000531,20,83,-63
118000532,46,147,-101
118000533,88,56,32
118000534,93,165,-72
118000535,15,54,-39
118000536,77,65,12
118000537,2,14,-12
118000538,7,43,-36
118000539,4,17,-13
118000540,31,128,-97
118000541,26,57,-31
118000542,13,33,-20
118000543,22,36,-14
118000546,13,10,3
118000553,0,2,-2
118000557,0,0,0
118000560,1502,155,1347
118000562,0,126,-126
118000563,602,399,203
118000576,46,157,-111
118000577,100,79,21
118000578,76,63,13
118000579,273,267,6
118000583,0,0,0
118000595,82,20,62
118000596,0,26,-26
118000597,39,92,-53
118000598,0,0,0
118000599,16,19,-3
118000600,0,1,-1
118000601,0,0,0
118000602,0,1,-1
118000603,0,41,-41
118000605,19,453,-434
118900001,343,137,206
118900002,474,108,366
118900003,4,3,1
118900004,0,17,-17
118900005,22,0,22
118900006,0,0,0
118900007,0,1,-1
118900008,333,11,322
118900009,0,1,-1
118900010,0,0,0
118900011,18,3,15
118900012,58,84,-26
118900013,79,1,78
118900015,20,10,10
118900016,1,8,-7
118900017,5,7,-2
118900018,172,0,172
118900019,14,1,13
118900020,8,18,-10
118900021,34,160,-126
118900022,33,33,0
118900023,29,13,16
118900024,4,40,-36
118900025,1,1,0
118900026,13,32,-19
118900027,47,38,9
118900028,15,55,-40
118900029,11,108,-97
118900030,1,0,1
118900031,31,82,-51
118900032,4,23,-19
118900033,38,215,-177
118900034,1,0,1
118900035,47,158,-111
118900036,115,231,-116
118900037,24,41,-17
118900038,17,196,-179
118900039,21,51,-30
118900040,33,75,-42
118900041,21,46,-25
118900042,20,40,-20
118900045,16,52,-36
118900046,506,56,450
118900047,356,70,286
118900048,15,50,-35
118900049,4,7,-3
118900050,2,105,-103
118900051,5,8,-3
118900052,25,66,-41
118900053,4,15,-11
118900054,12,40,-28
118900055,4,41,-37
118900056,0,22,-22
118900057,37,95,-58
118900058,29,130,-101
118900059,15,3,12
118900060,7,47,-40
118900062,9,75,-66
118900064,163,70,93
118900065,13,28,-15
118900066,7,10,-3
118900067,4195,800,3395
118900068,0,28,-28
118900069,55,108,-53
118900071,0,12,-12
118900072,79,80,-1
118900073,19,56,-37
118900074,12,34,-22
118900075,1,8,-7
118900076,31,7,24
118900077,30,72,-42
118900078,2,2,0
118900079,29,65,-36
118900080,2,13,-11
118900081,1,2,-1
118900082,78,52,26
118900083,3,11,-8
118900084,2,5,-3
118900085,102,309,-207
118900086,4,11,-7
118900087,16,63,-47
118900088,0,8,-8
118900089,14,4,10
118900090,70,203,-133
118900091,49,20,29
118900092,11,52,-41
118900093,16,4,12
118900096,29,18,11
118900097,32,351,-319
118900099,5,117,-112
118900100,26,48,-22
118900101,6,296,-290
118900102,1,29,-28
118900103,5,30,-25
118900104,6,84,-78
118900105,81,43,38
118900107,40,64,-24
118900108,6,66,-60
118900110,172,98,74
118900111,39,178,-139
118900112,2,32,-30
118900113,2,243,-241
118900114,1,26,-25
118900115,13,112,-99
118900116,15,61,-46
118900117,6,71,-65
118900118,28,253,-225
118900119,18,134,-116
118900120,25,123,-98
118900121,1,94,-93
118900122,8,116,-108
118900123,47,113,-66
118900124,6,68,-62
118900126,2,96,-94
118900129,18,54,-36
118900130,4,12,-8
118900131,20,166,-146
118900132,38,44,-6
118900133,0,14,-14
118900135,45,72,-27
118900136,45,422,-377
118900137,0,3,-3
118900139,47,248,-201
118900140,80,487,-407
118900141,6,79,-73
118900144,25,523,-498
118900145,3,53,-50
118900146,39,311,-272
118900147,12,35,-23
118900148,3,20,-17
118900150,6,59,-53
118900152,74,338,-264
118900157,14,15,-1
118900158,3,24,-21
118900159,1,51,-50
118900161,3,1,2
118900163,44,18,26
118900164,0,38,-38
118900165,6,162,-156
118900166,9,0,9
118900167,4,71,-67
118900168,1,29,-28
118900169,15,201,-186
118900170,12,31,-19
118900171,4,14,-10
118900174,5,24,-19
118900175,36,153,-117
118900176,4,60,-56
118900177,0,12,-12
118900178,17,23,-6
118900179,3,10,-7
118900181,42,35,7
118900182,7,19,-12
118900183,7,19,-12
118900184,29,1,28
118900185,0,53,-53
118900186,15,33,-18
118900187,43,106,-63
118900188,32,100,-68
118900189,1,96,-95
118900190,2,236,-234
118900191,30,3,27
118900192,4,2,2
118900193,4,4,0
118900195,33,273,-240
118900196,12,88,-76
118900197,6,13,-7
118900198,0,27,-27
118900199,1,32,-31
118900200,12,0,12
118900201,3,0,3
118900202,7,32,-25
118900203,4,19,-15
118900204,4,28,-24
118900205,0,8,-8
118900206,0,25,-25
119000001,264,295,-31
119000002,525,909,-384
119000003,319,906,-587
119000004,390,497,-107
119000005,449,553,-104
119000006,440,672,-232
119000007,658,953,-295
119000008,530,1197,-667
119000009,1369,994,375
119000010,4284,2193,2091
119000011,3340,743,2597
119000012,3174,1182,1992
119000013,1324,610,714
119000014,854,1403,-549
119000019,54,87,-33
119000020,294,675,-381
119000021,903,792,111
119000022,904,318,586
119000023,30,53,-23
119000024,975,1692,-717
119000025,6968,442,6526
119000026,200,82,118
119000027,324,140,184
119000028,723,517,206
119000029,71,150,-79
119000030,244,554,-310
119000031,336,458,-122
119000032,1046,842,204
119000033,804,656,148
119000034,371,634,-263
119000035,7,162,-155
119000036,234,627,-393
119000037,204,1239,-1035
119000038,25,602,-577
119000039,101,180,-79
119000040,381,138,243
119000041,556,374,182
119000048,2446,2189,257
119000049,455,2185,-1730
119000050,469,842,-373
119000051,636,506,130
119000052,586,1176,-590
119000053,767,602,165
119000054,831,1591,-760
119000055,599,1639,-1040
119000056,366,943,-577
119000057,389,1136,-747
119000058,472,959,-487
119000059,272,502,-230
119000060,269,372,-103
119000061,162,298,-136
119000062,424,695,-271
119000063,51,77,-26
119000064,445,617,-172
119000065,655,1592,-937
119000066,407,281,126
119000067,715,1260,-545
119000068,391,567,-176
119000069,373,1152,-779
119000070,447,544,-97
119000071,198,383,-185
119000072,2984,1662,1322
119000073,1759,1983,-224
119000074,262,1871,-1609
119000075,235,1448,-1213
119000076,156,396,-240
119000077,191,144,47
119000078,89,166,-77
119000079,20,210,-190
119000080,51,122,-71
119000081,24,135,-111
119000082,69,132,-63
119000083,100,137,-37
119000084,60,223,-163
119000085,128,84,44
119000086,66,214,-148
119000087,610,343,267
119000088,130,172,-42
119000089,24,71,-47
119000090,49,29,20
119000091,127,121,6
119000092,176,60,116
119000093,1913,1934,-21
119000094,788,2046,-1258
119000095,335,1439,-1104
119000097,1473,625,848
119000098,293,636,-343
119000099,670,632,38
119000100,723,884,-161
119000101,1003,1066,-63
119000102,233,215,18
119000103,411,205,206
119000104,1471,746,725
119000105,171,313,-142
119000106,55,1260,-1205
119000107,103,161,-58
119000108,76,885,-809
119000109,11,194,-183
119000110,177,255,-78
119000111,8,236,-228
119000112,79,96,-17
119000113,1083,119,964
119000114,181,133,48
119000115,76,24,52
119000116,29,36,-7
119000117,19,79,-60
119000118,1,5,-4
119000123,705,166,539
119000124,69,107,-38
119000125,468,467,1
119000126,130,476,-346
119000127,98,552,-454
119000128,26,6,20
119000131,187,668,-481
119000132,1,2,-1
119000133,0,2,-2
119000134,364,156,208
119000135,13,142,-129
119000136,22,219,-197
119000137,12,319,-307
119000138,82,323,-241
119000139,44,200,-156
119000140,40,95,-55
119000284,911,1226,-315
119000285,1524,1148,376
119000286,2965,1716,1249
119000287,441,966,-525
119000288,505,787,-282
119000289,656,1597,-941
119000290,110,235,-125
119000291,16,135,-119
119000293,38,97,-59
119000294,6,9,-3
119000295,935,257,678
119000296,53,56,-3
119000302,3346,586,2760
119000303,0,0,0
119000304,0,0,0
119000310,0,0,0
119000314,993,1565,-572
119000315,1,408,-407
119000316,22,58,-36
119000317,5,346,-341
119900001,29,160,-131
119900002,22,109,-87
119900003,9,697,-688
119900004,140,119,21
119900005,13,54,-41
119900006,26,97,-71
119900007,66,6,60
119900008,0,3,-3
119900009,138,317,-179
119900010,293,512,-219
119900011,5,16,-11
119900012,4,12,-8
119900013,436,249,187
119900014,186,71,115
119900015,26,4,22
119900016,6,44,-38
119900017,2,12,-10
119900018,368,34,334
119900019,2,2,0
119900020,5,51,-46
119900021,9,8,1
119900022,12,57,-45
119900023,186,75,111
119900025,16,9,7
119900026,300,8,292
119900027,0,12,-12
119900028,27,7,20
119900029,0,6,-6
119900030,48,146,-98
119900031,5,63,-58
119900033,1028,39,989
119900034,23,81,-58
119900037,12,9,3
119900038,11,23,-12
119900039,10,0,10
119900040,12,0,12
119900041,4,41,-37
119900042,6,61,-55
119900043,3,98,-95
119900044,63,65,-2
119900046,10,52,-42
119900047,29,6,23
119900048,9,41,-32
119900049,6,3,3
119900050,7,9,-2
119900051,59,1,58
119900052,2,59,-57
119900053,80,109,-29
119900054,0,2,-2
119900055,138,81,57
119900057,27,44,-17
119900058,36,0,36
119900059,27,22,5
119900060,20,1,19
119900061,9,1,8
119900062,2,26,-24
119900063,4,7,-3
119900065,32,1,31
119900066,0,0,0
119900067,24,21,3
119900068,46,1,45
119900069,7,3,4
119900070,59,0,59
119900071,41,1,40
119900073,553,154,399
119900074,3,6,-3
119900075,3121,749,2372
119900076,32,274,-242
119900077,53,906,-853
119900078,35,449,-414
119900079,160,131,29
119900080,69,135,-66
119900081,54,52,2
119900082,124,122,2
119900083,0,8,-8
119900084,42,35,7
119900085,53,25,28
119900086,19,625,-606
119900087,46,57,-11
119900088,31,50,-19
119900089,2,320,-318
119900090,95,36,59
119900091,4,655,-651
119900092,2,228,-226
119900093,211,28,183
119900094,10,142,-132
119900095,84,29,55
119900096,9,71,-62
119900097,114,81,33
119900098,9,11,-2
119900099,11,260,-249
119900100,1376,421,955
119900101,100,330,-230
119900102,8,225,-217
119900103,8,313,-305
119900104,14,119,-105
119900105,134,858,-724
119900106,2,124,-122
119900107,112,1741,-1629
119900108,733,434,299
119900109,8,53,-45
119900110,107,372,-265
119900111,3,202,-199
119900112,1283,156,1127
119900113,19,417,-398
119900114,48,1160,-1112
119900115,8,872,-864
119900116,10,117,-107
119900117,35,596,-561
119900118,4,829,-825
119900119,31,145,-114
119900120,262,380,-118
119900121,28,916,-888
119900122,113,219,-106
119900123,37,125,-88
119900124,8,644,-636
119900125,15,246,-231
119900126,3764,80,3684
119900127,1320,316,1004
119900128,39,512,-473
119900129,16,371,-355
119900130,34,109,-75
119900131,1,210,-209
119900132,2,200,-198
119900133,0,3,-3
119900134,1135,90,1045
119900135,0,266,-266
119900136,58,323,-265
119900138,187,320,-133
119900139,1,37,-36
119900140,1,83,-82
119900141,48,82,-34
119900142,0,7,-7
119900143,2,147,-145
119900144,1199,70,1129
119900145,13,131,-118
119900146,18,38,-20
119900147,3,24,-21
119900148,37,22,15
119900149,758,564,194
119900150,52,90,-38
119900151,396,265,131
119900152,24,194,-170
119900153,7,19,-12
119900154,2,453,-451
119900155,0,11,-11
119900156,2,1,1
119900157,6,145,-139
119900158,12,19,-7
119900159,2,1118,-1116
119900160,0,134,-134
119900161,79,124,-45
119900162,93,150,-57
119900163,31,34,-3
119900164,0,0,0
119900165,7,124,-117
119900166,16,13,3
119900167,25,108,-83
119900168,131,142,-11
119900169,46,59,-13
119900170,21,35,-14
119900171,150,288,-138
119900172,16,16,0
119900173,3,306,-303
119900174,10,192,-182
119900175,89,241,-152
119900177,7,180,-173
119900178,1,115,-114
119900179,5,81,-76
119900180,189,220,-31
119900181,32,4,28
119900182,2,271,-269
119900183,40,781,-741
119900184,1336,202,1134
119900185,6,42,-36
119900186,9,53,-44
119900187,5,349,-344
119900188,11,178,-167
119900189,68,20,48
119900190,16,44,-28
119900191,34,34,0
119900192,0,95,-95
119900193,40,48,-8
119900194,1,10,-9
119900195,4,105,-101
119900196,981,158,823
119900197,13,22,-9
119900198,7,254,-247
119900199,60,5,55
119900200,45,174,-129
119900201,166,88,78
119900202,57,17,40
119900203,17,50,-33
119900204,29,101,-72
119900205,48,175,-127
119900206,4,63,-59
119900208,17,33,-16
119900209,71,126,-55
119900210,0,10,-10
119900211,18,2,16
119900212,15,122,-107
119900213,2,19,-17
119900214,1,71,-70
119900215,7,71,-64
119900216,2,75,-73
119900217,4,65,-61
119900218,1,54,-53
119900219,0,90,-90
119900220,4,77,-73
119900221,6,307,-301
119900222,2,197,-195
119900223,8,70,-62
119900224,15,22,-7
119900225,845,9,836
119900226,486,271,215
119900227,912,157,755
119900228,2,105,-103
119900229,96,174,-78
119900230,483,191,292
119900231,12,74,-62
119900232,38,11,27
119900233,3,0,3
119900234,7,6,1
119900235,1,2,-1
119900236,1,84,-83
119900237,2,204,-202
119900238,0,49,-49
119900240,6,65,-59
119900241,27,117,-90
119900242,655,172,483
119900244,236,535,-299
119900245,15,53,-38
119900246,27,41,-14
119900247,19,8,11
119900248,1,2,-1
119900249,27,11,16
119900253,1744,74,1670
119900254,8,44,-36
119900255,31,305,-274
119900256,31,808,-777
119900257,2,0,2
119900258,5,44,-39
119900259,1,144,-143
119900260,8,0,8
119900261,32,105,-73
119900262,0,164,-164
119900263,355,230,125
119900264,3,113,-110
119900265,46,94,-48
119900266,25,116,-91
119900267,14,225,-211
119900268,12,108,-96
119900269,56,493,-437
119900271,9,17,-8
119900272,21,15,6
119900275,12,1,11
119900276,6,0,6
119900277,0,1,-1
119900278,59,10,49
119900279,20,46,-26
119900280,534,103,431
119900281,0,25,-25
119900282,29,7,22
119900283,0,207,-207
119900284,11,122,-111
119900285,3,19,-16
119900286,3,10,-7
119900288,1,17,-16
119900289,0,9,-9
119900290,0,13,-13
119900291,0,10,-10
119900292,2,6,-4
119900293,6,18,-12
119900294,3,34,-31
119900295,0,26,-26
119900296,1,93,-92
119900297,0,12,-12
119900298,5,29,-24
119900299,2,130,-128
119900300,5,151,-146
119900301,7,10,-3
119900302,0,11,-11
119900303,8,66,-58
119900304,3,3,0
119900305,29,43,-14
119900306,3,0,3
119900307,4,34,-30
119900308,0,4,-4
119900309,1,19,-18
119900310,65,166,-101
119900311,4,86,-82
119900312,18,18,0
119900313,45,196,-151
119900314,8,46,-38
119900315,72,1427,-1355
119900318,0,3,-3
119900319,3,282,-279
119900320,8,404,-396
119900321,7,0,7
120000001,3834,2127,1707
120000002,1085,2037,-952
120000003,1975,1341,634
120000004,1791,1615,176
120000005,3068,1334,1734
120000006,817,790,27
120000007,1394,1155,239
120000008,498,880,-382
120000009,3115,622,2493
120000010,556,2174,-1618
120000011,364,1290,-926
120000012,1045,1930,-885
120000013,699,1611,-912
120000014,199,821,-622
120000015,666,887,-221
120000016,860,552,308
120000017,308,437,-129
120000018,2232,2185,47
120000019,246,255,-9
120000020,801,757,44
120000021,649,650,-1
120000022,1831,1381,450
120000023,343,641,-298
120000024,635,795,-160
120000025,570,1095,-525
120000026,186,1069,-883
120000027,448,919,-471
120000028,157,227,-70
120000029,783,195,588
120000030,24,344,-320
120000031,866,1625,-759
120000032,6432,1556,4876
120000033,630,815,-185
120000034,374,1278,-904
120000035,503,1191,-688
120000036,721,1764,-1043
120000037,145,271,-126
120000038,5848,1708,4140
120000039,165,590,-425
120000040,19,71,-52
120000041,120,1339,-1219
120000042,489,3222,-2733
120000043,1830,1464,366
120000044,869,694,175
120000045,1064,520,544
120000046,526,823,-297
120000047,844,1311,-467
120000048,4932,1297,3635
120000049,815,1283,-468
120000050,1090,2190,-1100
120000051,2462,1757,705
120000052,9799,1241,8558
120000053,457,2831,-2374
120000054,682,4514,-3832
120000055,342,2575,-2233
120000056,1418,2936,-1518
120000057,482,646,-164
120000058,84,96,-12
120000059,56,783,-727
120000061,30,331,-301
120000062,116,236,-120
120000063,1211,2158,-947
120000064,120,1224,-1104
120000065,91,1291,-1200
120000066,40,319,-279
120000067,15,267,-252
120000068,39,760,-721
120000069,180,1043,-863
120000070,7,708,-701
120000071,53,117,-64
120000072,66,264,-198
120000073,62,42,20
120000074,5,31,-26
120000075,66,150,-84
120000076,212,151,61
120000077,296,209,87
120000078,1743,238,1505
120000079,45,361,-316
120000080,11,113,-102
120000081,54,79,-25
120000082,36,103,-67
120000083,24,104,-80
120000084,204,346,-142
120000085,171,239,-68
120000086,88,418,-330
120000087,50,885,-835
120000088,143,549,-406
120000089,146,62,84
120000090,72,100,-28
120000091,154,168,-14
120000092,108,140,-32
120000093,25,160,-135
120000094,13,136,-123
120000095,260,499,-239
120000096,97,839,-742
120000098,236,618,-382
120000099,58,442,-384
120000100,179,510,-331
120000101,133,335,-202
120000102,84,180,-96
120000103,155,128,27
120000104,221,94,127
120000105,295,112,183
120000106,306,119,187
120000107,403,107,296
120000108,120,53,67
120000109,175,11,164
120000110,54,607,-553
120000111,40,863,-823
120000112,222,2675,-2453
120000113,211,1937,-1726
120000114,213,1321,-1108
120000115,139,1335,-1196
120000116,201,1232,-1031
120000117,633,1064,-431
120000118,6,8,-2
120000119,2,1,1
120000120,10,3,7
120000121,1,6,-5
120000122,43,29,14
120000123,3483,465,3018
120000124,82,147,-65
120000125,89,312,-223
120000126,93,199,-106
120000127,261,155,106
120000128,804,729,75
120000129,62,85,-23
120000130,204,161,43
120000131,59,279,-220
120000134,98,695,-597
120000135,26,212,-186
120000137,30,1279,-1249
120000138,56,263,-207
120000139,29,563,-534
120000140,66,409,-343
120000141,29,389,-360
120000142,29,306,-277
120000143,1,40,-39
120000144,7,1,6
120000145,25,2,23
120000146,713,282,431
120000149,220,599,-379
120000150,2529,2216,313
120000151,144,215,-71
120000152,40,131,-91
120000153,32,325,-293
120000154,142,170,-28
120000155,38,108,-70
120000156,539,109,430
120000157,251,271,-20
120000158,275,464,-189
120000159,708,1381,-673
120000160,821,430,391
120000161,406,1494,-1088
120000162,14,74,-60
120000163,91,894,-803
120000164,101,301,-200
120000165,58,637,-579
120000166,101,254,-153
120000167,15,5,10
120000168,1,19,-18
120000169,100,56,44
120000170,142,27,115
120000171,37,8,29
120000172,6,5,1
120000173,1262,25,1237
120000174,170,5,165
120000175,301,10,291
120000176,59,53,6
120000177,527,327,200
120000178,17,1,16
120000179,93,11,82
120000180,141,40,101
120000181,29,12,17
120000182,33,16,17
120000183,1,55,-54
120000184,14,1173,-1159
120000186,4,10,-6
120000187,9,8,1
120000188,92,13,79
120000190,334,2,332
120000191,501,0,501
120000192,391,2,389
120000193,38,0,38
120000195,10,2,8
120000196,28,7,21
120000197,8,25,-17
120000198,15,137,-122
120000199,3,0,3
120000200,4,0,4
120000201,0,4,-4
120000202,12,54,-42
120000203,3,258,-255
120000207,0,58,-58
120000208,4,167,-163
120000209,0,85,-85
120000210,117,35,82
120000211,11,0,11
120000212,12,0,12
120000213,11,383,-372
120000214,1,330,-329
120000215,1,68,-67
120000216,11,1,10
120000217,458,913,-455
120000218,159,1389,-1230
120000219,7,750,-743
120000220,5,2576,-2571
120000225,71,0,71
120000226,11,1,10
120000227,185,6,179
120000228,6103,692,5411
120000230,11,3,8
120000231,101,1597,-1496
120000233,11,9,2
120000235,67,464,-397
120000236,0,0,0
120000237,4,1610,-1606
120000238,0,32,-32
120000241,337,529,-192
120000412,605,1,604
120000413,38,223,-185
120000414,6,1,5
120000415,0,115,-115
120000416,2,24,-22
120000417,3,61,-58
120000418,3,1,2
120000419,5,261,-256
120000420,15,16,-1
120000421,10062,3785,6277
120000422,179,178,1
120000423,1,28,-27
120000424,1,138,-137
120000436,74,98,-24
120000437,88,112,-24
120000438,3154,233,2921
120000439,18,85,-67
120000443,31,0,31
120000444,89,250,-161
120000445,307,277,30
120000446,402,83,319
120000447,0,0,0
120000449,2,8,-6
120000450,7,246,-239
120000451,10,84,-74
120000452,10,0,10
120000453,1,228,-227
120000454,0,0,0
120000455,10,20,-10
120000456,1868,1223,645
120000457,645,523,122
120000458,199,348,-149
120000459,17,20,-3
120000665,303,54,249
120000668,51,57,-6
120000669,18,266,-248
120000670,116,134,-18
120000671,150,82,68
120000672,50,249,-199
120900001,9,3,6
120900002,24,73,-49
120900003,45,16,29
120900004,0,17,-17
120900005,10,1125,-1115
120900006,22,52,-30
120900007,27,105,-78
120900008,34,589,-555
120900009,95,33,62
120900010,30,12,18
120900011,84,24,60
120900012,356,211,145
120900013,32,10,22
120900014,1,448,-447
120900015,79,42,37
120900016,64,30,34
120900017,1938,67,1871
120900018,17,278,-261
120900019,65,27,38
120900020,160,136,24
120900021,30,9,21
120900022,32,278,-246
120900023,31,13,18
120900024,505,213,292
120900025,1164,312,852
120900026,6,66,-60
120900027,124,66,58
120900028,37,10,27
120900029,6,48,-42
120900030,173,129,44
120900031,10,6,4
120900032,120,59,61
120900033,98,6,92
120900034,37,538,-501
120900035,12,56,-44
120900037,20,3,17
120900038,9,36,-27
120900039,4,10,-6
120900040,21,1,20
120900041,18,8,10
120900042,32,31,1
120900043,3,0,3
120900044,1,212,-211
120900045,38,73,-35
120900046,48,4,44
120900047,17,6,11
120900048,2,4,-2
120900049,31,0,31
120900050,2179,252,1927
120900051,55,74,-19
120900052,40,1,39
120900053,38,31,7
120900054,524,369,155
120900055,30,0,30
120900056,39,2,37
120900057,19,6,13
120900058,45,0,45
120900059,9,0,9
120900060,5,16,-11
120900061,75,173,-98
120900062,19,0,19
120900063,44,2,42
120900064,29,0,29
120900065,23,2,21
120900066,14,241,-227
120900067,16,4,12
120900068,36,0,36
120900069,19,32,-13
120900071,4,1,3
120900072,86,1,85
120900073,20,110,-90
120900074,51,1,50
120900076,19,0,19
120900077,1608,62,1546
120900078,74,430,-356
120900079,65,50,15
120900080,43,1901,-1858
120900081,68,535,-467
120900082,201,98,103
120900083,0,2,-2
120900084,20,56,-36
120900085,54,25,29
120900086,72,46,26
120900087,32,23,9
120900088,48,40,8
120900089,3354,271,3083
120900090,14,81,-67
120900091,107,59,48
120900092,180,401,-221
120900093,2790,156,2634
120900094,263,151,112
120900095,30,1,29
120900096,7,36,-29
120900097,265,1027,-762
120900098,140,124,16
120900099,18,88,-70
120900100,19,321,-302
120900101,88,179,-91
120900102,2,74,-72
120900103,14,67,-53
120900104,12,25,-13
120900105,13,601,-588
120900106,661,413,248
120900107,363,111,252
120900108,1,721,-720
120900109,6,585,-579
120900110,2,289,-287
120900111,44,298,-254
120900112,2,1103,-1101
120900113,1,718,-717
120900114,11,251,-240
120900115,43,71,-28
120900116,7,416,-409
120900117,1,361,-360
120900118,1,658,-657
120900119,2534,1301,1233
120900120,15,599,-584
120900121,41,209,-168
120900122,14,492,-478
120900123,2,389,-387
120900124,2,594,-592
120900125,4,626,-622
120900126,460,371,89
120900127,3,381,-378
120900128,392,644,-252
120900129,19,351,-332
120900130,1,385,-384
120900131,8,44,-36
120900132,56,230,-174
120900133,92,771,-679
120900134,134,327,-193
120900135,3,608,-605
120900136,4,6,-2
120900137,6,36,-30
120900138,8,192,-184
120900139,3,605,-602
120900140,1,12,-11
120900141,12,40,-28
120900142,5,668,-663
120900143,2,707,-705
120900144,0,222,-222
120900145,11,598,-587
120900146,1,740,-739
120900147,1,126,-125
120900148,8,64,-56
120900149,0,264,-264
120900150,1,354,-353
120900151,2,458,-456
120900152,0,31,-31
120900153,0,37,-37
120900154,2,179,-177
120900155,16,886,-870
120900156,1,273,-272
120900157,5,172,-167
120900158,2,382,-380
120900159,11,574,-563
120900160,39,218,-179
120900161,4,1189,-1185
120900162,5,1259,-1254
120900163,2,24,-22
120900164,0,0,0
120900165,0,2,-2
120900166,2,28,-26
120900167,12,22,-10
120900169,8,320,-312
120900170,1266,434,832
120900171,819,144,675
120900172,230,28,202
120900173,0,33,-33
120900174,3,56,-53
120900175,172,144,28
120900176,3,53,-50
120900177,0,75,-75
120900178,0,35,-35
120900179,213,214,-1
120900180,16,25,-9
120900181,10,23,-13
120900182,3,241,-238
120900183,424,56,368
120900184,80,61,19
120900185,3,154,-151
120900186,1,315,-314
120900187,70,193,-123
120900188,22,2,20
120900189,13,92,-79
120900190,0,0,0
120900191,0,7,-7
120900192,10017,523,9494
120900194,18,28,-10
120900195,31,260,-229
120900196,191,16,175
120900197,90,12,78
120900198,65,462,-397
120900199,42,50,-8
120900200,42,12,30
120900201,390,88,302
120900202,2,115,-113
120900203,4,20,-16
120900204,245,250,-5
120900205,37,49,-12
120900206,0,2,-2
120900207,23,737,-714
121000001,480,651,-171
121000002,682,455,227
121000003,2623,1087,1536
121000004,1584,955,629
121000005,1002,1299,-297
121000006,1466,592,874
121000007,1477,1709,-232
121000008,1523,891,632
121000009,4530,2420,2110
121000010,4361,1016,3345
121000011,8173,3904,4269
121000012,9769,2263,7506
121000013,4319,3288,1031
121000014,4692,2657,2035
121000015,2328,3272,-944
121000016,2860,1731,1129
121000017,668,1787,-1119
121000018,897,706,191
121000019,7441,3216,4225
121000020,4661,2253,2408
121000021,1082,1522,-440
121000022,729,756,-27
121000023,1495,1413,82
121000024,977,1503,-526
121000025,398,208,190
121000026,77,39,38
121000027,1213,446,767
121000028,260,216,44
121000029,126,274,-148
121000030,72,94,-22
121000031,223,333,-110
121000032,56,35,21
121000034,20,6,14
121000035,21,48,-27
121000036,249,238,11
121000037,161,275,-114
121000038,209,238,-29
121000039,108,100,8
121000041,88,202,-114
121000042,41,115,-74
121000043,382,184,198
121000044,479,181,298
121000045,56,178,-122
121000046,37,137,-100
121000047,4,32,-28
121000049,987,555,432
121000050,125,533,-408
121000051,93,159,-66
121000052,91,276,-185
121000053,45,3,42
121000054,18,105,-87
121000055,903,519,384
121000056,388,474,-86
121000057,66,122,-56
121000058,347,63,284
121000059,536,238,298
121000060,213,282,-69
121000061,9,48,-39
121000062,44,69,-25
121000063,238,273,-35
121000064,137,144,-7
121000065,97,159,-62
121000066,173,202,-29
121000067,410,114,296
121000068,116,75,41
121000069,20,79,-59
121000070,373,462,-89
121000071,210,345,-135
121000072,376,220,156
121000073,290,352,-62
121000074,69,95,-26
121000075,15,10,5
121000076,174,121,53
121000077,9,12,-3
121000078,26,59,-33
121000080,1303,231,1072
121000081,505,512,-7
121000082,85,159,-74
121000083,56,30,26
121000084,78,80,-2
121000085,301,263,38
121000086,80,303,-223
121000087,17,55,-38
121000088,150,176,-26
121000089,72,72,0
121000090,109,147,-38
121000091,1733,389,1344
121000092,68,53,15
121000093,44,90,-46
121000094,179,115,64
121000095,78,82,-4
121000096,1734,1061,673
121000097,896,742,154
121000098,135,558,-423
121000099,143,439,-296
121000100,139,303,-164
121000101,10,12,-2
121000102,21,234,-213
121000103,3,25,-22
121000104,18,82,-64
121000105,77,201,-124
121000106,7,23,-16
121000107,1223,1915,-692
121000109,955,584,371
121000110,147,220,-73
121000114,1326,1097,229
121000115,610,447,163
121000116,267,382,-115
121000117,883,93,790
121000118,637,56,581
121000119,65,95,-30
121000120,115,197,-82
121000121,55,155,-100
121000123,229,152,77
121000127,12,64,-52
121000128,99,300,-201
121000129,80,181,-101
121000130,138,413,-275
121000131,325,275,50
121000132,242,260,-18
121000135,194,118,76
121000136,646,174,472
121000137,166,39,127
121000138,251,133,118
121000139,160,34,126
121000141,62,70,-8
121000142,401,182,219
121000143,52,8,44
121000144,321,343,-22
121000145,135,542,-407
121000146,317,367,-50
121000147,268,197,71
121000148,189,418,-229
121000149,676,579,97
121000152,131,157,-26
121000153,995,244,751
121000154,331,140,191
121000155,504,284,220
121000156,279,351,-72
121000157,1031,543,488
121000158,197,249,-52
121000159,69,395,-326
121000160,92,484,-392
121000161,45,169,-124
121000162,16,188,-172
121000165,698,436,262
121000166,31,204,-173
121000168,46,112,-66
121000169,13,129,-116
121000170,39,14,25
121000171,38,98,-60
121000172,173,252,-79
121000173,764,397,367
121000174,88,250,-162
121000175,120,190,-70
121000176,216,136,80
121000177,154,323,-169
121000178,23,31,-8
121000179,17,36,-19
121000181,170,136,34
121000182,38,94,-56
121000183,18,50,-32
121000184,1,26,-25
121000185,2,82,-80
121000186,58,225,-167
121000187,78,126,-48
121000188,44,142,-98
121000192,231,192,39
121000193,148,153,-5
121000194,1265,932,333
121000195,219,433,-214
121000196,231,75,156
121000197,52,303,-251
121000198,36,76,-40
121000199,27,373,-346
121000200,111,48,63
121000201,4,172,-168
121000202,51,20,31
121000203,106,1178,-1072
121000204,261,106,155
121000205,45,237,-192
121000206,43,72,-29
121000207,261,200,61
121000208,2,261,-259
121000209,42,405,-363
121000210,84,439,-355
121000211,21,75,-54
121000212,113,446,-333
121000213,3218,675,2543
121000214,256,356,-100
121000215,634,272,362
121000216,118,192,-74
121000217,1370,634,736
121000218,295,1054,-759
121000219,324,199,125
121000220,193,46,147
121000221,54,121,-67
121000222,1188,1321,-133
121000223,226,211,15
121000224,46,12,34
121000225,350,267,83
121000226,315,180,135
121000227,5,146,-141
121000228,8,486,-478
121000229,15,286,-271
121000230,30,1077,-1047
121000231,0,0,0
121000232,87,30,57
121000233,84,149,-65
121000234,1,9,-8
121000235,3,6,-3
121000236,0,21,-21
121000237,0,4,-4
121000238,0,39,-39
121000239,1,2,-1
121000240,1,84,-83
121000241,28,3,25
121000242,1,76,-75
121000243,15,4,11
121000244,0,49,-49
121000245,2,1,1
121000246,1,91,-90
121000247,7,1,6
121000248,77,228,-151
121000249,21,122,-101
121000250,40,28,12
121000251,9,305,-296
121000252,8,16,-8
121000253,50,384,-334
121000254,190,150,40
121000255,34,91,-57
121000256,27,41,-14
121000257,4,19,-15
121000258,12,27,-15
121000259,6,11,-5
121000260,16,70,-54
121000261,10,12,-2
121000262,682,263,419
121000263,287,336,-49
121000271,156,852,-696
121000273,10,10,0
121000274,0,11,-11
121000275,3,13,-10
121000276,0,1,-1
121000278,13,27,-14
121000279,7,11,-4
121000280,11,26,-15
121000289,28,2,26
121000290,376,300,76
121000294,49,135,-86
121000297,362,189,173
121000299,57,111,-54
121000300,396,161,235
121000302,28,81,-53
121000303,136,112,24
121000304,31,5,26
121000305,17,14,3
121000306,0,16,-16
121000308,82,130,-48
121000309,139,250,-111
121000310,16,188,-172
121000311,24,353,-329
121000312,52,38,14
121000313,305,121,184
121000314,78,44,34
121000315,91,54,37
121000530,362,743,-381
121000531,358,689,-331
121000532,2587,1292,1295
121000533,1012,694,318
121000918,5,160,-155
121000919,3,12,-9
121000938,127,43,84
121000939,184,44,140
121000956,206,754,-548
121000957,2,13,-11
121000958,14,47,-33
121000959,84,605,-521
121000960,272,1029,-757
121000961,47,8,39
121000962,120,279,-159
121000963,0,0,0
121000973,2,122,-120
121000976,1,24,-23
121000979,0,0,0
121000981,100,19,81
121000982,26,73,-47
121000983,38,239,-201
121000984,3,23,-20
121000985,73,315,-242
121000986,21,257,-236
121000987,56,812,-756
121000988,151,65,86
121001302,175,66,109
121001308,1,3,-2
121001309,31,11,20
121001313,21,326,-305
121001314,3265,1934,1331
121001315,2527,678,1849
121001326,3,17,-14
121900001,27,59,-32
121900002,0,6,-6
121900003,9,2,7
121900004,4,58,-54
121900005,0,0,0
121900006,0,0,0
121900007,12,150,-138
121900008,0,4,-4
121900009,0,0,0
121900010,31,0,31
121900011,6,62,-56
121900012,0,0,0
121900013,52,0,52
121900014,86,17,69
121900015,3,9,-6
121900016,0,0,0
121900017,18,26,-8
121900018,45,1,44
121900019,29,49,-20
121900020,2,0,2
121900021,85,0,85
121900022,13,10,3
121900023,1,15,-14
121900024,70,2,68
121900025,22,41,-19
121900026,2,0,2
121900027,15,22,-7
121900028,8,3,5
121900029,0,6,-6
121900030,59,81,-22
121900031,107,333,-226
121900032,19,9,10
121900033,7,11,-4
121900034,22,6,16
121900035,177,126,51
121900036,1,12,-11
121900037,16,53,-37
121900038,5,17,-12
121900039,12,3,9
121900040,0,2,-2
121900041,5,17,-12
121900042,10,16,-6
121900043,0,0,0
121900044,103,11,92
121900046,0,0,0
121900047,9,6,3
121900048,3,26,-23
121900050,0,2,-2
121900051,7,23,-16
121900052,1,0,1
121900053,48,50,-2
121900054,27,46,-19
121900055,0,0,0
121900058,3,41,-38
121900059,7,7,0
121900060,2,42,-40
121900061,8,9,-1
121900062,5,3,2
121900063,16,30,-14
121900064,6,67,-61
121900066,0,0,0
121900067,0,0,0
121900069,98,41,57
121900070,18,11,7
121900071,9,53,-44
121900072,1,23,-22
121900073,4,16,-12
121900074,6,23,-17
121900075,27,42,-15
121900076,6,66,-60
121900077,0,3,-3
121900078,0,0,0
121900079,0,0,0
121900080,27,63,-36
121900082,1,26,-25
121900084,0,79,-79
121900085,0,2,-2
121900086,0,0,0
121900087,16,10,6
121900088,277,298,-21
121900089,5,48,-43
121900090,0,36,-36
121900091,0,5,-5
121900092,0,0,0
121900093,6,3,3
121900094,3,2,1
121900095,47,17,30
121900096,168,11,157
121900097,9,7,2
121900098,1,1,0
121900099,0,0,0
121900100,2,9,-7
121900101,10,10,0
121900102,1,5,-4
121900103,15,2,13
121900104,127,40,87
121900105,8,4,4
121900106,0,0,0
121900107,0,0,0
121900108,0,0,0
121900109,32,20,12
121900110,24,218,-194
121900111,199,44,155
121900112,7,1,6
121900113,2,13,-11
121900117,5,3,2
121900118,312,30,282
121900119,6,81,-75
121900120,17,347,-330
121900121,1,9,-8
121900122,0,0,0
121900123,36,22,14
121900124,15,16,-1
121900125,188,286,-98
121900127,1,6,-5
121900128,8,36,-28
121900129,339,28,311
121900130,2,19,-17
121900131,13,17,-4
121900132,1,17,-16
121900133,2,9,-7
121900134,0,12,-12
121900135,270,17,253
121900136,7,97,-90
121900137,6,25,-19
121900138,2,19,-17
121900139,84,54,30
121900140,0,7,-7
121900141,3,0,3
121900142,1,5,-4
121900143,0,10,-10
121900144,190,145,45
121900145,8,11,-3
121900146,58,137,-79
121900147,26,64,-38
121900148,17,48,-31
121900149,31,116,-85
121900150,39,75,-36
121900151,5,46,-41
121900152,5,25,-20
121900153,1,45,-44
121900154,0,19,-19
121900155,1,8,-7
121900156,27,47,-20
121900157,1,82,-81
121900158,34,46,-12
121900159,0,30,-30
121900160,0,22,-22
121900161,51,45,6
121900162,24,16,8
121900163,3,231,-228
121900164,39,17,22
121900165,9,25,-16
121900166,29,29,0
121900167,18,10,8
121900168,32,21,11
121900169,1,173,-172
121900170,0,41,-41
121900171,41,65,-24
121900172,22,70,-48
121900173,56,5,51
121900174,0,0,0
121900175,3,36,-33
121900176,132,661,-529
121900177,10,14,-4
121900178,0,7,-7
121900179,10,12,-2
121900180,2665,544,2121
121900182,24,42,-18
121900183,49,61,-12
121900184,2,89,-87
121900186,0,95,-95
121900187,1,22,-21
121900188,94,25,69
121900189,6,12,-6
121900190,31,53,-22
121900191,0,0,0
121900192,141,38,103
121900193,0,14,-14
121900194,1,34,-33
121900195,2,12,-10
121900196,31,19,12
121900197,106,677,-571
121900198,244,39,205
121900199,0,5,-5
121900200,10,9,1
121900201,43,45,-2
121900202,14,48,-34
121900203,9,31,-22
121900204,225,46,179
121900205,0,10,-10
121900206,2,1,1
121900207,11,4,7
121900208,6,28,-22
121900209,4,1,3
121900210,25,28,-3
121900211,1,8,-7
121900212,3,12,-9
121900213,0,11,-11
121900214,7,60,-53
121900215,0,1,-1
121900216,2,14,-12
121900217,9,5,4
121900218,8,20,-12
121900220,19,2,17
121900221,25,73,-48
121900222,2,18,-16
121900223,0,1,-1
121900224,1,1,0
121900225,1,0,1
121900226,0,0,0
121900227,3,32,-29
121900228,11,5,6
121900230,3,4,-1
121900231,2,19,-17
121900232,2,23,-21
121900233,55,50,5
121900234,9,18,-9
121900235,13,30,-17
121900236,9,20,-11
121900237,39,109,-70
121900238,31,35,-4
121900239,14,5,9
121900240,13,19,-6
121900241,0,1,-1
121900242,0,0,0
121900245,22,9,13
121900246,5,2,3
121900247,24,30,-6
121900248,110,76,34
121900250,24,36,-12
121900251,10,2,8
121900252,187,31,156
121900253,61,290,-229
121900254,100,36,64
121900255,6,5,1
121900258,115,22,93
121900259,34,23,11
121900260,1,32,-31
121900261,11,30,-19
121900262,35,80,-45
121900263,0,30,-30
121900264,396,99,297
121900265,10,57,-47
121900266,15,13,2
121900267,0,0,0
121900269,5,29,-24
121900270,5,27,-22
121900271,0,21,-21
121900273,38,206,-168
121900274,7,62,-55
121900277,17,454,-437
121900278,4,227,-223
121900279,19,102,-83
121900280,9,65,-56
121900281,1,1,0
121900284,2,0,2
121900286,2,35,-33
121900287,1,5,-4
121900288,0,2,-2
121900290,25,33,-8
121900291,124,128,-4
121900292,9,21,-12
121900293,232,1205,-973
121900294,18,1,17
121900295,4,41,-37
121900296,0,2,-2
121900298,7,62,-55
121900299,0,0,0
121900300,0,0,0
121900301,0,0,0
121900302,0,17,-17
121900303,21,55,-34
121900304,0,0,0
121900305,0,0,0
121900306,0,0,0
121900307,0,4,-4
121900308,1,128,-127
121900309,3,118,-115
121900310,4,229,-225
121900311,10,1,9
121900312,10,1,9
121900313,29,0,29
121900314,2,21,-19
121900315,0,0,0
121900316,0,0,0
121900317,0,0,0
121900318,0,2,-2
121900319,0,0,0
121900320,5,5,0
121900321,0,0,0
121900322,0,6,-6
121900323,5,5,0
121900324,0,0,0
121900325,0,0,0
121900326,0,3,-3
121900327,1,11,-10
121900328,0,3,-3
121900329,0,27,-27
121900330,0,7,-7
121900331,0,0,0
121900332,0,0,0
121900333,0,0,0
121900334,0,0,0
122000001,838,1126,-288
122000002,1745,455,1290
122000003,722,442,280
122000004,885,318,567
122000005,772,383,389
122000006,486,178,308
122000007,303,276,27
122000008,2394,863,1531
122000009,320,69,251
122000010,1167,1014,153
122000011,1380,373,1007
122000012,548,534,14
122000013,439,411,28
122000014,632,439,193
122000015,522,345,177
122000016,195,297,-102
122000017,559,394,165
122000018,521,525,-4
122000019,233,511,-278
122000020,61,72,-11
122000021,307,146,161
122000022,228,216,12
122000023,157,273,-116
122000024,378,373,5
122000025,331,469,-138
122000026,707,287,420
122000027,298,1067,-769
122000028,239,100,139
122000029,65,70,-5
122000030,230,38,192
122000031,53,84,-31
122000032,402,599,-197
122000033,207,282,-75
122000034,231,201,30
122000035,134,227,-93
122000036,123,297,-174
122000037,190,109,81
122000038,97,136,-39
122000039,215,169,46
122000040,120,62,58
122000041,116,200,-84
122000042,68,125,-57
122000043,46,25,21
122000044,46,48,-2
122000045,408,183,225
122000046,173,247,-74
122000047,129,75,54
122000048,1027,806,221
122000049,1581,805,776
122000050,497,268,229
122000051,85,139,-54
122000052,161,106,55
122000053,51,225,-174
122000054,895,559,336
122000055,780,850,-70
122000056,1597,1054,543
122000057,1522,938,584
122000058,1483,810,673
122000059,1325,934,391
122000060,661,357,304
122000061,296,84,212
122000062,577,124,453
122000063,175,173,2
122000064,1383,1642,-259
122000065,1729,1303,426
122000066,463,464,-1
122000067,321,528,-207
122000068,250,263,-13
122000069,323,296,27
122000070,117,457,-340
122000071,240,296,-56
122000072,123,114,9
122000073,93,150,-57
122000074,327,261,66
122000075,124,209,-85
122000076,555,317,238
122000077,312,325,-13
122000078,1147,1149,-2
122000079,310,265,45
122000080,171,126,45
122000081,30,62,-32
122000082,359,191,168
122000083,357,934,-577
122000084,291,260,31
122000085,92,567,-475
122000086,711,900,-189
122000087,86,61,25
122000088,53,91,-38
122000089,1478,949,529
122000090,86,153,-67
122000091,55,31,24
122000092,22,5,17
122000093,556,735,-179
122000094,1971,715,1256
122000095,626,373,253
122000096,353,236,117
122000098,924,753,171
122000099,468,369,99
122000100,367,186,181
122000101,53,181,-128
122000102,685,402,283
122000103,317,498,-181
122000104,79,70,9
122000105,51,96,-45
122000106,222,172,50
122000107,171,151,20
122000108,145,303,-158
122000109,54,64,-10
122000110,93,173,-80
122000111,969,457,512
122000112,209,351,-142
122000113,122,224,-102
122000114,911,853,58
122000115,1066,401,665
122000116,250,156,94
122000117,347,86,261
122000118,178,116,62
122000119,1039,612,427
122000120,954,945,9
122000121,1243,761,482
122000122,273,423,-150
122000123,594,228,366
122000124,200,88,112
122000125,208,267,-59
122000126,184,266,-82
122000127,425,326,99
122000128,157,295,-138
122000129,100,93,7
122000130,553,133,420
122000131,572,125,447
122000132,445,153,292
122000133,262,918,-656
122000134,181,218,-37
122000135,271,507,-236
122000136,52,48,4
122000137,169,265,-96
122000139,487,743,-256
122000140,360,159,201
122000141,1963,233,1730
122000142,120,234,-114
122000143,162,129,33
122000144,585,250,335
122000145,291,199,92
122000146,81,219,-138
122000147,208,87,121
122000148,769,389,380
122000149,727,288,439
122000150,390,225,165
122000151,71,149,-78
122000152,141,111,30
122000153,55,28,27
122000154,38,10,28
122000155,630,578,52
122000156,1503,1033,470
122000157,771,610,161
122000158,77,235,-158
122000159,168,415,-247
122000160,1067,253,814
122000161,310,158,152
122000162,501,297,204
122000163,163,33,130
122000164,31,47,-16
122000165,248,192,56
122000166,248,246,2
122000167,101,163,-62
122000168,68,149,-81
122000169,215,66,149
122000170,72,151,-79
122000171,19,40,-21
122000172,462,449,13
122000173,373,711,-338
122000174,661,404,257
122000175,508,148,360
122000176,126,209,-83
122000177,591,768,-177
122000178,935,372,563
122000179,821,794,27
122000180,844,494,350
122000181,778,1005,-227
122000182,1416,181,1235
122000183,375,74,301
122000184,2790,799,1991
122000185,865,639,226
122000186,223,288,-65
122000187,232,408,-176
122000188,227,84,143
122000189,60,44,16
122000190,163,547,-384
122000191,225,154,71
122000192,254,33,221
122000193,68,156,-88
122000194,181,55,126
122000195,72,200,-128
122000196,300,149,151
122000197,102,43,59
122000198,229,390,-161
122000199,117,71,46
122000200,390,145,245
122000201,737,1052,-315
122000202,486,488,-2
122000203,793,558,235
122000204,600,888,-288
122000205,416,424,-8
122000206,735,197,538
122000207,330,333,-3
122000208,416,524,-108
122000209,498,88,410
122000210,426,966,-540
122000211,264,584,-320
122000212,162,165,-3
122000213,410,400,10
122000214,433,508,-75
122000215,474,566,-92
122000217,705,578,127
122000218,41,6,35
122000219,662,578,84
122000220,74,376,-302
122000221,59,183,-124
122000222,256,40,216
122000223,335,220,115
122000225,234,68,166
122000226,290,926,-636
122000227,75,562,-487
122000228,107,214,-107
122000229,5,170,-165
122000230,25,372,-347
122000231,61,303,-242
122000232,59,390,-331
122000233,0,40,-40
122000234,24,76,-52
122000235,128,101,27
122000236,148,100,48
122000237,13,36,-23
122000238,16,21,-5
122000239,56,37,19
122000240,130,74,56
122000241,217,95,122
122000242,65,32,33
122000243,20,16,4
122000244,10,260,-250
122000245,20,172,-152
122000246,42,34,8
122000247,150,382,-232
122000248,736,880,-144
122000249,127,145,-18
122000250,341,97,244
122000251,146,145,1
122000252,189,20,169
122000253,9,142,-133
122000254,37,24,13
122000255,188,574,-386
122000256,146,707,-561
122000257,34,193,-159
122000258,30,129,-99
122000259,10,364,-354
122000260,2,96,-94
122000261,0,44,-44
122000262,0,37,-37
122000263,18,63,-45
122000264,24,73,-49
122000265,181,171,10
122000266,548,91,457
122000267,24,28,-4
122000268,32,136,-104
122000269,118,91,27
122000270,58,44,14
122000271,72,451,-379
122000272,91,483,-392
122000273,86,278,-192
122000274,13,62,-49
122000275,11,44,-33
122000276,55,183,-128
122000277,203,362,-159
122000278,166,301,-135
122000279,25,220,-195
122000280,331,407,-76
122000281,161,394,-233
122000282,31,33,-2
122000283,491,14,477
122000284,39,45,-6
122000285,192,76,116
122000286,99,73,26
122000287,105,308,-203
122000288,133,43,90
122000291,216,140,76
122000293,236,168,68
122000294,13,17,-4
122000295,392,48,344
122000296,51,249,-198
122000297,1158,607,551
122000299,55,220,-165
122000300,92,208,-116
122000301,6092,673,5419
122000302,497,285,212
122000303,2642,496,2146
122000304,4,75,-71
122000305,385,72,313
122000306,5,557,-552
122000307,37,81,-44
122000309,10,36,-26
122000310,5,3,2
122000311,33,14,19
122000312,34,13,21
122000313,4,31,-27
122000314,35,87,-52
122000315,20,1,19
122000316,76,80,-4
122000317,263,71,192
122000318,35,76,-41
122000319,130,240,-110
122000320,136,1594,-1458
122000321,13,213,-200
122000322,1204,364,840
122000323,664,567,97
122000324,461,352,109
122000325,267,410,-143
122000326,0,16,-16
122000327,68,205,-137
122000328,218,403,-185
122000330,459,144,315
122000332,83,232,-149
122000333,3,115,-112
122000337,165,1071,-906
122000338,53,199,-146
122000340,127,92,35
122000342,977,383,594
122000343,85,732,-647
122000344,3,2,1
122000345,2,18,-16
122000346,87,203,-116
122000348,117,373,-256
122000349,15,321,-306
122000351,10,71,-61
122000352,97,17,80
122000353,9,56,-47
122000355,30,55,-25
122000356,509,273,236
122000357,3,4,-1
122000358,0,23,-23
122000359,0,6,-6
122000360,0,15,-15
122000362,7,39,-32
122000364,8,189,-181
122000365,0,5,-5
122000366,0,3,-3
122000368,107,232,-125
122000370,3,6,-3
122000371,1,0,1
122000372,0,0,0
122000381,6,125,-119
122000382,30,93,-63
122000384,1202,700,502
122000385,0,0,0
122000386,31,188,-157
122000387,81,267,-186
122000388,248,106,142
122000389,99,417,-318
122000390,52,66,-14
122000391,9,17,-8
122000392,59,141,-82
122000393,1,147,-146
122000394,48,128,-80
122000395,50,113,-63
122000396,90,71,19
122000397,6,38,-32
122000398,5,10,-5
122000399,17,43,-26
122000400,29,83,-54
122000401,36,46,-10
122000402,7,5,2
122000403,86,834,-748
122000404,32,80,-48
122000408,286,457,-171
122000503,2,9,-7
122000524,58,28,30
122000544,2,174,-172
122000616,569,1,568
122000640,19,115,-96
122000641,10,337,-327
122000642,458,607,-149
122000643,1,6,-5
122000644,78,16,62
122000645,72,96,-24
122000651,480,281,199
122000664,78,8,70
122000665,485,227,258
122000666,202,329,-127
122000673,15,262,-247
122000674,91,22,69
122000675,294,655,-361
122000686,74,499,-425
122000687,110,221,-111
122000688,59,322,-263
122000689,131,375,-244
122000690,120,468,-348
122000691,91,1030,-939
122000692,196,218,-22
122000693,144,567,-423
122000695,64,314,-250
122000696,34,107,-73
122000698,33,662,-629
122000699,54,13,41
122000701,331,194,137
122000702,164,721,-557
122000703,9,2,7
122000712,0,0,0
122000717,119,23,96
122000718,226,63,163
122000719,4,33,-29
122000720,39,70,-31
122000724,132,125,7
122900001,4,0,4
122900002,157,166,-9
122900003,16,12,4
122900004,71,2,69
122900005,43,2,41
122900006,107,13,94
122900007,14,2,12
122900008,130,5,125
122900009,32,8,24
122900010,0,0,0
122900012,4,4,0
122900014,25,107,-82
122900015,306,21,285
122900016,7,129,-122
122900017,86,243,-157
122900018,29,0,29
122900019,2,77,-75
122900020,271,115,156
122900021,4,107,-103
122900022,61,493,-432
122900023,140,167,-27
122900024,26,27,-1
122900025,1,32,-31
122900026,41,124,-83
122900027,12,280,-268
122900028,29,48,-19
122900029,878,201,677
122900030,840,83,757
122900031,15,20,-5
122900032,33,82,-49
122900033,15,20,-5
122900034,409,420,-11
122900035,0,1,-1
122900036,2,11,-9
122900037,50,14,36
122900038,13,426,-413
122900039,19,64,-45
122900040,1,15,-14
122900041,14,7,7
122900042,5,12,-7
122900043,20,24,-4
122900044,4,12,-8
122900045,9,8,1
122900046,18,10,8
122900047,7,25,-18
122900048,4,16,-12
122900049,690,31,659
122900051,24,36,-12
122900052,4,21,-17
122900053,7,10,-3
122900055,20,20,0
122900057,24,3,21
122900061,195,33,162
122900062,185,148,37
122900063,33,149,-116
122900064,433,147,286
122900065,83,45,38
122900066,80,103,-23
122900067,546,180,366
122900068,31,43,-12
122900069,93,160,-67
122900070,30,3,27
122900071,19,257,-238
122900072,9,342,-333
122900073,17,93,-76
122900074,9,277,-268
122900075,0,42,-42
122900076,0,64,-64
122900077,1,128,-127
122900078,4,71,-67
122900080,6,2,4
122900081,23,1,22
122900082,36,2,34
122900083,0,0,0
122900084,2,49,-47
122900086,0,2,-2
122900087,10,305,-295
122900088,5,16,-11
122900089,1,33,-32
122900090,6,359,-353
122900091,0,0,0
122900092,0,62,-62
122900093,0,84,-84
122900094,0,48,-48
122900095,0,0,0
122900096,0,38,-38
122900097,0,0,0
122900098,15,14,1
122900099,0,0,0
122900100,16,11,5
122900101,41,16,25
122900102,0,4,-4
122900103,8,0,8
122900104,2,1,1
122900105,0,0,0
122900106,1,23,-22
122900107,3,52,-49
122900108,0,66,-66
123000001,631,170,461
123000002,1976,813,1163
123000003,1724,958,766
123000004,2215,2301,-86
123000005,621,841,-220
123000006,1770,1388,382
123000007,525,611,-86
123000008,1181,2330,-1149
123000009,1530,1224,306
123000010,2331,2414,-83
123000011,654,436,218
123000012,553,1374,-821
123000013,961,363,598
123000014,855,2194,-1339
123000015,595,201,394
123000016,3461,1294,2167
123000017,1360,867,493
123000018,28,48,-20
123000019,36,149,-113
123000020,17,53,-36
123000021,10,55,-45
123000022,102,420,-318
123000023,519,570,-51
123000024,345,220,125
123000025,33,41,-8
123000026,3,80,-77
123000027,36,117,-81
123000028,432,25,407
123000029,608,132,476
123000030,45,498,-453
123000031,20,128,-108
123000032,41,81,-40
123000033,29,40,-11
123000034,311,326,-15
123000035,74,72,2
123000036,89,149,-60
123000037,66,158,-92
123000038,47,147,-100
123000039,576,557,19
123000040,495,198,297
123000041,301,157,144
123000042,251,218,33
123000043,1123,1215,-92
123000044,2007,798,1209
123000045,4632,674,3958
123000046,298,227,71
123000047,1731,437,1294
123000048,12,108,-96
123000049,2812,1144,1668
123000050,278,358,-80
123000051,29,83,-54
123000052,270,582,-312
123000053,1642,873,769
123000054,634,395,239
123000055,226,289,-63
123000056,507,953,-446
123000057,7515,1963,5552
123000058,238,214,24
123000059,86,197,-111
123000060,190,138,52
123000061,51,271,-220
123000063,166,224,-58
123000064,307,59,248
123000065,3693,1497,2196
123000066,678,350,328
123000067,118,204,-86
123000068,1653,1403,250
123000069,6595,1551,5044
123000070,62,297,-235
123000071,142,417,-275
123000072,431,868,-437
123000073,186,355,-169
123000074,314,1186,-872
123000075,97,224,-127
123000076,232,524,-292
123000077,1026,1842,-816
123000078,256,567,-311
123000079,270,685,-415
123000080,774,1324,-550
123000081,73,315,-242
123000082,181,580,-399
123000083,226,37,189
123000084,85,322,-237
123000085,22,94,-72
123000086,38,282,-244
123000087,27,300,-273
123000088,293,707,-414
123000089,116,355,-239
123000090,495,635,-140
123000091,655,534,121
123000092,622,524,98
123000094,137,96,41
123000095,43,262,-219
123000096,94,159,-65
123000097,83,659,-576
123000098,187,227,-40
123000099,207,501,-294
123000100,228,203,25
123000101,238,131,107
123000102,160,196,-36
123000104,156,189,-33
123000105,363,308,55
123000106,305,166,139
123000107,227,284,-57
123000108,581,590,-9
123000111,141,84,57
123000112,255,219,36
123000113,279,942,-663
123000114,231,242,-11
123000115,23,113,-90
123000116,13,66,-53
123000117,411,1251,-840
123000118,161,583,-422
123000119,82,576,-494
123000120,136,445,-309
123000121,165,427,-262
123000122,146,169,-23
123000123,239,299,-60
123000124,294,287,7
123000125,241,260,-19
123000126,805,664,141
123000127,1534,540,994
123000128,86,247,-161
123000129,23,14,9
123000130,22,2,20
123000131,152,143,9
123000132,116,251,-135
123000133,101,215,-114
123000134,202,85,117
123000135,421,491,-70
123000136,88,754,-666
123000137,28,170,-142
123000138,25,317,-292
123000139,16,7,9
123000140,73,425,-352
123000141,61,4,57
123000142,323,478,-155
123000143,476,1477,-1001
123000144,7,6,1
123000145,106,50,56
123000146,7,62,-55
123000147,13,70,-57
123000149,84,131,-47
123000150,48,83,-35
123000151,93,183,-90
123000152,20,156,-136
123000153,28,140,-112
123000154,960,512,448
123000155,1101,334,767
123000156,23,30,-7
123000157,153,444,-291
123000158,254,192,62
123000159,964,489,475
123000160,133,137,-4
123000161,297,189,108
123000162,122,309,-187
123000163,50,14,36
123000164,123,54,69
123000165,123,1084,-961
123000166,11,108,-97
123000167,39,124,-85
123000168,88,303,-215
123000169,71,20,51
123000170,1,197,-196
123000171,5,12,-7
123000172,59,395,-336
123000173,20,15,5
123000174,74,31,43
123000175,550,741,-191
123000176,82,25,57
123000177,106,606,-500
123000178,163,26,137
123000179,9,430,-421
123000180,531,115,416
123000181,139,810,-671
123000182,26,242,-216
123000183,62,59,3
123000184,44,502,-458
123000185,72,139,-67
123000186,6,380,-374
123000187,50,0,50
123000188,20,1,19
123000189,48,139,-91
123000190,10,39,-29
123000192,5,287,-282
123000193,23,294,-271
123000194,212,130,82
123000195,48,1,47
123000196,59,0,59
123000197,10,53,-43
123000198,1,105,-104
123000199,3,335,-332
123000200,56,1,55
123000201,173,0,173
123000202,12,944,-932
123000203,139,12,127
123000204,26,950,-924
123000205,140,1261,-1121
123000206,320,33,287
123000207,29,631,-602
123000208,74,36,38
123000209,343,127,216
123000210,200,898,-698
123000211,340,1738,-1398
123000212,330,102,228
123000213,71,20,51
123000215,44,38,6
123000216,55,62,-7
123000217,45,2,43
123000218,66,115,-49
123000219,192,8,184
123000220,86,4,82
123000221,17,23,-6
123000222,117,155,-38
123000223,21,182,-161
123000224,113,318,-205
123000225,17,25,-8
123000226,5,297,-292
123000227,18,219,-201
123000228,23,23,0
123000229,458,1072,-614
123000232,29,350,-321
123000233,86,17,69
123000234,52,388,-336
123000235,30,107,-77
123000236,67,533,-466
123000237,54,7,47
123000238,19,343,-324
123000239,165,1234,-1069
123000240,26,74,-48
123000241,252,34,218
123000242,13,89,-76
123000243,227,558,-331
123000244,319,284,35
123000245,5,82,-77
123000249,305,317,-12
123000252,130,39,91
123000253,112,87,25
123000254,145,545,-400
123000255,214,219,-5
123000256,12,154,-142
123000257,1475,1239,236
123000258,329,710,-381
123000259,95,172,-77
123000260,84,248,-164
123000261,22,85,-63
123000262,26,165,-139
123000263,115,45,70
123000264,98,18,80
123000265,31,121,-90
123000266,113,341,-228
123000267,55,83,-28
123000268,11,43,-32
123000269,9,13,-4
123000270,7,8,-1
123000271,26,48,-22
123000272,231,74,157
123000273,25,150,-125
123000274,203,115,88
123000275,87,523,-436
123000278,1426,1176,250
123000279,15,35,-20
123000280,67,173,-106
123000281,45,19,26
123000282,33,123,-90
123000283,27,27,0
123000284,21,62,-41
123000286,139,110,29
123000287,278,165,113
123000288,100,98,2
123000289,111,134,-23
123000291,122,441,-319
123000294,129,203,-74
123000295,296,432,-136
123000296,80,194,-114
123000297,101,412,-311
123000298,120,357,-237
123000299,10,60,-50
123000300,150,225,-75
123000301,13,90,-77
123000302,24,106,-82
123000303,5,22,-17
123000305,529,535,-6
123000306,11,136,-125
123000309,16,67,-51
123000310,54,9,45
123000311,0,98,-98
123000312,403,458,-55
123000313,85,86,-1
123000315,26,139,-113
123000316,343,152,191
123000317,59,18,41
123000318,20,165,-145
123000329,41,4,37
123000337,21,130,-109
123000338,90,25,65
123000339,11,279,-268
123000340,47,162,-115
123000342,0,93,-93
123000343,0,0,0
123000344,349,137,212
123000345,77,233,-156
123000346,23,8,15
123000352,1039,438,601
123000353,11,58,-47
123000354,44,1,43
123000355,3,212,-209
123000356,15,0,15
123000357,2,150,-148
123000359,0,169,-169
123000360,0,0,0
123000361,280,118,162
123000362,11,38,-27
123000363,3,161,-158
123000364,154,103,51
123000365,5,88,-83
123000366,124,363,-239
123000367,112,527,-415
123000370,4,177,-173
123000371,7,1,6
123000372,16,0,16
123000373,0,169,-169
123000374,1,88,-87
123000375,33,3,30
123000376,201,236,-35
123000377,23,2,21
123000378,5,265,-260
123000379,0,114,-114
123000380,23,78,-55
123000381,23,6,17
123000382,139,8,131
123000383,64,309,-245
123000384,70,18,52
123000385,223,360,-137
123000436,15,335,-320
123000507,94,107,-13
123000508,34,149,-115
123000517,130,12,118
123000518,22,123,-101
123000519,103,62,41
123000520,47,111,-64
123000521,135,56,79
123000522,157,315,-158
123000541,0,0,0
123000542,0,29,-29
123000565,204,9,195
123000566,32,609,-577
123000567,59,161,-102
123000573,27,599,-572
123000574,41,14,27
123000575,280,760,-480
123000576,70,1215,-1145
123000577,30,267,-237
123000578,159,23,136
123000579,1593,616,977
123000580,70,8,62
123000582,15,4,11
123000583,9,239,-230
123000584,30,71,-41
123000585,0,47,-47
123000586,1,0,1
123000596,65,75,-10
123000597,26,44,-18
123000602,0,0,0
123000603,52,390,-338
123000604,119,671,-552
123000605,182,39,143
123000606,0,313,-313
123000609,2,202,-200
123000610,21,21,0
123000613,61,124,-63
123000614,14,4,10
123000615,95,211,-116
123000616,36,4,32
123000617,19,382,-363
123000618,12,352,-340
123000619,52,1,51
123000620,13,355,-342
123000622,83,3,80
123000624,35,14,21
123000630,164,142,22
123000631,63,1162,-1099
123000632,667,679,-12
123000633,1,61,-60
123000634,5,1,4
123000635,110,56,54
123000636,11,324,-313
123000637,41,9,32
123000638,105,35,70
123000639,164,317,-153
123000640,2,663,-661
123000648,40,14,26
123000649,12,364,-352
123900001,814,27,787
123900002,8,347,-339
123900003,85,195,-110
123900005,21,14,7
123900006,28,5,23
124000001,402,21,381
124000002,55,925,-870
124000003,62,48,14
124000004,36,395,-359
124000005,99,37,62
124000006,111,974,-863
124000007,100,12,88
124000008,4,199,-195
124000009,89,63,26
124000010,40,394,-354
124000011,82,64,18
124000012,99,768,-669
124000017,0,0,0
124000018,53,67,-14
124000019,0,0,0
124000020,22,148,-126
124000021,0,0,0
124000022,65,111,-46
124000023,486,482,4
124000024,520,384,136
124000025,500,366,134
124000026,563,653,-90
124000027,2889,938,1951
124000028,1959,1991,-32
124000030,1981,639,1342
124000031,217,152,65
124000032,3591,661,2930
124000033,339,75,264
124000034,924,692,232
124000035,70,11,59
124000036,56,486,-430
124000037,86,93,-7
124000038,20,70,-50
124000039,248,65,183
124000040,218,225,-7
124000041,54,11,43
124000042,18,216,-198
124000043,12,27,-15
124000044,17,230,-213
124000045,133,164,-31
124000046,71,503,-432
124000047,191,261,-70
124000048,172,1207,-1035
124000049,254,179,75
124000050,171,1487,-1316
124000051,109,176,-67
124000052,150,939,-789
124000053,141,230,-89
124000054,325,471,-146
124000055,461,368,93
124000056,1934,836,1098
124000057,232,142,90
124000058,207,955,-748
124000059,144,222,-78
124000060,416,439,-23
124000061,473,1009,-536
124000062,5590,959,4631
124000063,797,837,-40
124000064,1196,1153,43
124000065,68,152,-84
124000066,100,24,76
124000067,5,63,-58
124000068,19,54,-35
124000069,68,67,1
124000070,70,395,-325
124000071,10,19,-9
124000072,53,305,-252
124000073,171,23,148
124000074,56,521,-465
124000075,0,0,0
124000076,2,139,-137
124000077,577,301,276
124000078,908,86,822
124000079,255,313,-58
124000080,19,35,-16
124000081,26,521,-495
124000082,0,24,-24
124000083,10,96,-86
124000084,11,47,-36
124000085,28,33,-5
124000086,11,26,-15
124000087,21,20,1
124000088,20,75,-55
124000089,112,109,3
124000090,27,297,-270
124000091,101,79,22
124000092,29,549,-520
124000093,46,25,21
124000094,12,175,-163
124000095,30,36,-6
124000096,22,179,-157
124000097,10,30,-20
124000098,25,77,-52
124000099,24,31,-7
124000100,22,86,-64
124000101,15,72,-57
124000102,40,48,-8
124000103,11,35,-24
124000104,23,65,-42
124000105,16,24,-8
124000106,59,79,-20
124000107,6,39,-33
124000108,24,29,-5
124000109,42,29,13
124000110,39,59,-20
124000111,71,107,-36
124000112,178,379,-201
124000113,14,19,-5
124000114,74,348,-274
124000115,142,401,-259
124000116,27,61,-34
124000117,48,38,10
124000118,10,29,-19
124000119,128,250,-122
124000120,39,181,-142
124000121,1284,371,913
124000122,439,514,-75
124000123,382,173,209
124000124,207,418,-211
124000125,128,140,-12
124000126,207,304,-97
124000127,207,153,54
124000128,191,594,-403
124000129,712,638,74
124000130,438,340,98
124000131,388,213,175
124000132,442,516,-74
124000133,159,282,-123
124000134,244,389,-145
124000135,629,485,144
124000136,467,531,-64
124000137,322,181,141
124000138,497,453,44
124000139,151,12,139
124000140,7,184,-177
124000141,115,18,97
124000142,18,264,-246
124000143,25,6,19
124000144,3,89,-86
124000145,14,6,8
124000146,5,85,-80
124000148,17,12,5
124000149,210,111,99
124000150,108,299,-191
124000151,164,64,100
124000152,242,559,-317
124000153,87,111,-24
124000154,101,524,-423
124000155,257,251,6
124000156,684,450,234
124000169,27,36,-9
124000170,287,203,84
124000171,18,45,-27
124000172,79,338,-259
124000173,32,116,-84
124000174,86,380,-294
124000175,3,85,-82
124000176,0,0,0
124000177,9,30,-21
124000178,0,0,0
124000190,38,14,24
124000191,160,27,133
124000192,160,37,123
124000193,129,739,-610
124000194,182,342,-160
124000195,74,225,-151
124000196,385,697,-312
124000197,20,33,-13
124000198,8,18,-10
124000201,41,600,-559
124000202,4,28,-24
124000203,53,672,-619
124000204,11,230,-219
124000205,35,431,-396
124000206,12,189,-177
124000207,3,50,-47
124000209,81,301,-220
124000210,40,127,-87
124000211,26,0,26
124000212,0,354,-354
124000213,33,216,-183
124000214,9,370,-361
124000215,0,0,0
124000216,2,380,-378
124000329,22,1398,-1376
124000338,6,699,-693
124000339,71,12,59
124000341,91,22,69
124000344,2,0,2
124000357,315,309,6
124000358,412,375,37
124000359,192,119,73
124000360,103,83,20
124000361,337,267,70
124000362,727,1522,-795
124000363,124,441,-317
124000364,293,781,-488
124000365,489,888,-399
124000366,1448,794,654
124000367,65,288,-223
124000368,56,33,23
124000369,32,40,-8
124000370,46,405,-359
124000402,8,2,6
124000403,10,2,8
124000404,3,71,-68
124000405,418,307,111
124000406,377,468,-91
124000407,0,29,-29
124000411,1,214,-213
124000412,39,3,36
124000413,57,21,36
124000414,37,82,-45
124000415,14,105,-91
124000416,42,197,-155
124000417,16,62,-46
124000418,15,78,-63
124000419,22,124,-102
124000420,5,49,-44
124000421,6,185,-179
124000422,4,4,0
124000423,14,12,2
124000424,0,87,-87
124000425,24,7,17
124000426,2,147,-145
124000427,24,22,2
124000428,4,22,-18
124000429,6,70,-64
124000430,216,433,-217
124000431,119,528,-409
124000432,73,556,-483
124000439,0,5,-5
124000443,1,5,-4
124000445,207,79,128
124000446,1574,22,1552
124000447,8,17,-9
124900001,65,74,-9
124900002,35,212,-177
124900003,104,185,-81
124900004,72,166,-94
124900005,61,90,-29
124900006,125,136,-11
124900008,366,192,174
124900009,13,17,-4
124900010,10,10,0
124900011,51,45,6
124900012,57,16,41
124900013,76,39,37
124900014,25,28,-3
124900015,17,21,-4
124900016,2,4,-2
124900017,117,35,82
124900018,3,1,2
124900020,5,1,4
124900021,4,0,4
124900022,3,1,2
124900024,7,0,7
124900026,17,14,3
124900027,11,53,-42
124900028,200,47,153
124900029,3,84,-81
124900030,0,58,-58
124900031,4,166,-162
124900032,74,64,10
124900033,16,150,-134
124900034,3,47,-44
124900035,30,141,-111
124900036,0,12,-12
124900037,37,141,-104
124900038,201,236,-35
124900039,0,9,-9
124900040,29,51,-22
124900041,86,951,-865
124900042,12,0,12
124900043,154,733,-579
124900044,4,1,3
124900045,217,371,-154
124900047,43,90,-47
124900048,59,66,-7
124900050,49,98,-49
124900052,21,169,-148
124900053,6,203,-197
124900054,1527,136,1391
124900055,2,32,-30
124900057,2,34,-32
124900060,20,120,-100
124900061,7,0,7
124900062,5,2,3
124900066,1,17,-16
124900067,3,65,-62
124900068,108,64,44
124900070,0,1,-1
124900072,15,1,14
124900075,19,138,-119
124900076,4,101,-97
124900077,13,32,-19
124900078,30,9,21
124900079,206,9,197
124900080,55,565,-510
124900081,133,60,73
124900082,116,722,-606
124900083,85,311,-226
124900085,761,97,664
124900086,12,211,-199
124900087,198,23,175
124900088,603,44,559
124900089,586,7,579
124900090,8,31,-23
124900091,72,219,-147
124900092,46,208,-162
124900093,16,30,-14
124900094,13,47,-34
124900095,17,45,-28
124900096,79,34,45
124900097,30,19,11
124900098,18,153,-135
124900099,131,127,4
124900100,9,2,7
124900101,0,11,-11
124900102,17,0,17
124900103,18,135,-117
124900104,11,79,-68
124900105,8,69,-61
124900106,12,1,11
124900107,11,5,6
124900108,29,7,22
124900111,1,20,-19
124900112,17,397,-380
124900113,0,38,-38
124900114,2,18,-16
124900115,0,1,-1
124900116,17,21,-4
124900117,254,39,215
124900118,43,5,38
124900119,75,15,60
124900120,9,193,-184
124900121,49,38,11
124900122,371,97,274
124900123,177,17,160
124900124,63,67,-4
204000001,1,4,-3
204000002,1,2,-1
204000003,0,0,0
204000004,1,0,1
204000005,117,82,35
204000006,202,149,53
204000011,15,46,-31
204000012,13,133,-120
204000019,229,204,25
204000020,147,365,-218
204000021,676,355,321
204000022,143,221,-78
204000023,174,895,-721
204000031,11,8,3
204000032,97,13,84
204000034,43,356,-313
204000035,1,3,-2
204000036,5,18,-13
204000037,1,7,-6
204000038,0,20,-20
204000039,2,36,-34
204000040,4,32,-28
204000041,4,27,-23
204000042,0,2,-2
204000043,1,0,1
204000044,1,1,0
204000045,1,0,1
204000046,0,0,0
204000057,0,21,-21
204000062,8,202,-194
204000068,54,109,-55
204000069,16,102,-86
204000070,12,48,-36
204000080,22,31,-9
204000085,439,848,-409
204000086,1544,980,564
204000087,61,33,28
204000088,19,55,-36
204000090,38,431,-393
204000093,22,20,2
204000096,158,137,21
204000097,20,10,10
204000099,329,309,20
204000100,219,198,21
204000105,812,731,81
204000110,335,785,-450
204000111,300,481,-181
204000112,212,607,-395
204000113,143,490,-347
204000114,114,103,11
204000115,73,135,-62
204000116,133,201,-68
204000119,285,246,39
204000132,182,56,126
204000133,172,54,118
204000134,58,29,29
204000135,68,42,26
204000136,67,68,-1
204000138,109,59,50
204000140,52,31,21
204000141,79,24,55
204000144,0,9,-9
204000145,89,2,87
204000146,135,276,-141
204000147,29,150,-121
204000148,166,4,162
204000154,0,0,0
204000155,0,8,-8
204000177,22,21,1
204000179,5,4,1
204000180,0,96,-96
204000222,0,4,-4
204000235,25,9,16
204000236,27,200,-173
204000238,5,4,1
204000240,69,23,46
204000263,299,777,-478
204000268,331,147,184
204000308,7,1,6
204000317,20,34,-14
204000322,7,21,-14
204000323,1,1,0
204000328,27,15,12
204000329,75,99,-24
204000330,33,19,14
204000331,99,119,-20
205000001,585,638,-53
205000013,6,69,-63
205000014,15,131,-116
205000015,30,225,-195
205000016,12,211,-199
205000017,49,113,-64
205000022,215,400,-185
205000025,1222,602,620
205000029,75,11,64
205000045,15,109,-94
205000046,17,259,-242
205000047,23,289,-266
205000048,47,506,-459
205000049,42,424,-382
205000050,668,156,512
205000059,0,178,-178
205000060,0,27,-27
205000061,4,18,-14
205000062,0,31,-31
205000063,6,27,-21
205000064,11,85,-74
205000065,36,551,-515
205000066,29,605,-576
205000067,36,807,-771
205000069,260,62,198
205000082,18,13,5
205000110,12,120,-108
205000111,49,133,-84
205000112,6,3,3
205000113,177,74,103
205000121,2,1,1
205000123,74,159,-85
205000126,0,0,0
205000127,0,0,0
205000128,0,0,0
205000129,0,0,0
205000130,0,0,0
205000131,0,0,0
205000132,0,0,0
205000133,0,0,0
205000134,0,0,0
205000137,104,66,38
205000138,170,155,15
205000139,22,76,-54
205000144,0,3,-3
205000145,37,2,35
205000151,0,0,0
205000152,0,0,0
205000153,0,0,0
205000154,0,0,0
205000155,0,0,0
205000207,87,120,-33
205000233,0,1,-1
205000234,0,1,-1
205000243,0,0,0
205000244,0,1,-1
205000245,18,272,-254
205000249,1,26,-25
205000250,0,0,0
205000264,0,94,-94
206000027,0,0,0
206000028,0,0,0
206000043,25,152,-127
206000053,16,12,4
206000054,14,21,-7
206000055,8,41,-33
206000075,7,5,2
206000076,18,10,8
206000077,9,13,-4
206000078,10,19,-9
206000079,14,3,11
206000082,196,14,182
206000100,33,503,-470
206000103,13,22,-9
206000104,23,35,-12
206000105,6,17,-11
206000106,25,46,-21
206000125,10,0,10
206000157,236,661,-425
206000170,0,322,-322
206000171,4,242,-238
206000172,9,939,-930
206000173,3,356,-353
206000174,4,177,-173
206000175,2,212,-210
206000176,29,408,-379
206000177,1,270,-269
206000178,4,204,-200
206000179,3,137,-134
206000180,74,264,-190
206000181,20,291,-271
206000182,82,304,-222
206000183,44,862,-818
206000184,9,395,-386
206000185,17,366,-349
206000186,136,1463,-1327
206000223,6,293,-287
206000226,0,0,0
206000227,0,0,0
206000237,57,456,-399
206000238,60,622,-562
206000239,666,2087,-1421
206000240,2,62,-60
206000241,1,185,-184
206000242,8,513,-505
206000243,15,449,-434
206000244,60,987,-927
206000245,180,42,138
206000246,26,9,17
206000247,37,7,30
206000248,39,8,31
206000252,59,34,25
206000258,11,34,-23
206000315,24,8,16
206000317,101,23,78
206000318,45,34,11
206000319,179,56,123
206000320,29,16,13
206000321,38,7,31
206000322,69,9,60
206000323,35,13,22
206000324,23,7,16
206000325,38,8,30
206000326,24,2,22
206000327,31,7,24
206000328,43,1,42
206000329,40,3,37
206000330,13,4,9
206000331,22,0,22
206000332,17,1,16
206000333,78,1,77
206000334,51,0,51
206000335,0,26,-26
206000361,17,198,-181
206000392,5,53,-48
206000405,64,1,63
206000441,0,0,0
206000498,24,12,12
206000515,293,54,239
206000530,17,7,10
206000531,18,19,-1
206000532,257,42,215
206000535,245,1304,-1059
206000536,12,222,-210
206000537,11,153,-142
206000613,256,18,238
206000784,325,44,281
207000001,82,325,-243
207000002,30,302,-272
207000003,53,230,-177
207000007,116,53,63
207000008,20,10,10
207000009,43,21,22
207000010,359,545,-186
207000012,11,13,-2
207000015,301,1310,-1009
207000019,107,42,65
207000021,159,110,49
207000022,30,53,-23
207000023,50,34,16
207000024,2,11,-9
207000025,3,40,-37
207000026,74,60,14
207000027,6,72,-66
207000028,53,195,-142
207000029,141,300,-159
207000033,142,119,23
207000034,92,22,70
207000039,2,6,-4
207000040,0,1,-1
207000041,0,0,0
207000042,0,0,0
207000043,0,0,0
207000051,44,277,-233
207000052,6,180,-174
207000053,268,670,-402
207000054,17,126,-109
207000055,42,155,-113
207000056,101,376,-275
207000057,85,241,-156
207000058,58,448,-390
207000059,39,678,-639
207000060,26,237,-211
207000061,36,56,-20
207000062,55,49,6
207000063,66,136,-70
207000064,202,165,37
207000065,109,143,-34
207000066,40,121,-81
207000067,14,79,-65
207000068,69,37,32
207000069,491,239,252
207000082,49,298,-249
207000083,54,352,-298
207000084,14,22,-8
207000085,52,11,41
207000086,35,8,27
207000106,0,0,0
207000107,0,0,0
207000108,0,0,0
207000109,0,0,0
207000110,0,0,0
207000111,0,0,0
207000112,0,0,0
207000114,12,17,-5
207000115,9,52,-43
207000116,5,131,-126
207000117,2,124,-122
207000118,0,77,-77
207000119,6,99,-93
207000123,0,0,0
207000124,0,0,0
207000125,0,0,0
207000126,0,0,0
207000134,11,213,-202
207000135,22,199,-177
207000148,0,0,0
207000149,45,24,21
207000152,79,336,-257
207000153,776,680,96
207000154,231,82,149
207000159,36,227,-191
207000160,41,535,-494
207000238,1,64,-63
207000242,0,78,-78
207000248,10,20,-10
207000249,37,48,-11
207000250,217,53,164
207000251,26,49,-23
207000252,20,48,-28
207000278,3,3,0
207000279,13,184,-171
207000280,52,13,39
207000281,53,887,-834
207000282,25,6,19
207000283,40,67,-27
207000284,12,13,-1
207000285,63,15,48
207000291,18,66,-48
207000304,113,68,45
207000306,19,367,-348
207000310,0,0,0
207000353,0,0,0
207000356,1,19,-18
207000357,1,8,-7
207000358,0,1,-1
207000415,7,83,-76
207000417,0,0,0
207000418,72,101,-29
207000438,0,2,-2
207000439,1076,238,838
207000446,0,0,0
207000460,4,4,0
207000466,83,132,-49
207000467,1,3,-2
207000468,15,426,-411
207000476,2,54,-52
207000477,69,70,-1
207000478,0,7,-7
207000523,0,10,-10
207000524,0,0,0
207000527,50,57,-7
207000530,0,0,0
207000531,0,0,0
207000532,0,0,0
207000534,0,0,0
207000535,50,93,-43
207000537,17,46,-29
207000540,1,79,-78
207000541,2,169,-167
207000548,5,131,-126
207000549,0,0,0
207000561,0,0,0
207000562,20,73,-53
207000567,119,217,-98
207000568,26,77,-51
207000569,36,787,-751
207000584,194,59,135
207000585,0,0,0
207000587,0,0,0
207000616,0,201,-201
207000617,4,0,4
207000624,0,0,0
207000631,0,0,0
207900008,27,159,-132
208000001,98,145,-47
208000002,81,123,-42
208000003,200,132,68
208000004,261,167,94
208000005,1,12,-11
208000019,53,224,-171
208000020,13,95,-82
208000021,40,263,-223
208000022,253,458,-205
208000028,573,257,316
208000033,159,326,-167
208000034,402,671,-269
208000037,0,0,0
208000040,14,62,-48
208000041,109,146,-37
208000042,96,144,-48
208000047,33,192,-159
208000064,689,208,481
208000066,208,100,108
208000070,31,176,-145
208000071,63,262,-199
208000072,91,376,-285
208000080,56,88,-32
208000081,39,68,-29
208000082,82,177,-95
208000083,52,265,-213
208000084,5,12,-7
208000085,427,398,29
208000086,185,611,-426
208000087,79,375,-296
208000089,291,312,-21
208000090,240,658,-418
208000093,27,43,-16
208000094,155,334,-179
208000095,450,205,245
208000104,183,244,-61
208000105,122,261,-139
208000114,0,0,0
208000115,58,173,-115
208000116,44,401,-357
208000117,6,69,-63
208000118,15,47,-32
208000155,175,470,-295
208000158,1236,1290,-54
208000186,839,246,593
208000204,122,436,-314
208000205,372,721,-349
208000282,2413,528,1885
209000004,36,69,-33
209000005,9,11,-2
209000006,107,92,15
209000007,89,124,-35
209000010,178,78,100
209000011,79,111,-32
209000012,52,173,-121
209000013,71,522,-451
209000014,362,1219,-857
209000025,66,37,29
209000026,260,38,222
209000027,133,864,-731
209000028,95,850,-755
209000029,257,798,-541
209000030,172,1237,-1065
209000031,2694,1633,1061
209000034,134,204,-70
209000035,76,142,-66
209000036,64,115,-51
209000037,55,166,-111
209000038,87,131,-44
209000039,53,137,-84
209000040,159,456,-297
209000041,117,378,-261
209000042,197,368,-171
209000043,312,380,-68
209000044,233,312,-79
209000045,125,130,-5
209000046,49,206,-157
209000047,48,104,-56
209000048,43,118,-75
209000049,32,158,-126
209000050,104,180,-76
209000051,81,275,-194
209000052,55,218,-163
209000062,13,98,-85
209000063,7,88,-81
209000064,6,144,-138
209000065,18,50,-32
209000066,14,56,-42
209000067,19,63,-44
209000080,8,136,-128
209000082,26,41,-15
209000091,12,45,-33
209000093,48,20,28
209000094,131,60,71
209000110,14,34,-20
209000111,146,475,-329
209000112,141,187,-46
209000113,209,192,17
209000114,79,113,-34
209000115,53,167,-114
209000116,679,400,279
209000118,11,31,-20
209000119,12,2,10
209000121,100,526,-426
209000135,65,51,14
209000142,571,282,289
209000143,10,25,-15
209000144,11,30,-19
209000229,24,95,-71
209000240,13,322,-309
209000259,81,109,-28
209000260,19,685,-666
209000261,2,390,-388
209000262,0,321,-321
209000263,1,65,-64
209000264,0,10,-10
209000265,1,0,1
209000266,0,0,0
209000267,0,0,0
209000268,0,0,0
210000037,11,6,5
210000047,1,4,-3
210000048,3,1,2
210000049,8,3,5
210000052,9,130,-121
210000053,7,52,-45
210000054,42,64,-22
210000070,0,0,0
210000071,0,0,0
210000072,0,0,0
210000073,0,26,-26
210000074,0,65,-65
210000075,0,28,-28
210000076,1,81,-80
210000077,6,23,-17
210000078,19,25,-6
210000079,5,0,5
210000080,15,11,4
210000081,4,0,4
210000082,7,0,7
210000083,15,0,15
210000084,9,0,9
210000085,1,39,-38
210000086,2,82,-80
210000099,15,152,-137
210000100,43,195,-152
210000101,47,177,-130
210000105,35,78,-43
210000159,0,98,-98
210000163,156,141,15
210000164,114,31,83
210000168,38,6,32
210000187,0,9,-9
210000188,0,11,-11
210000214,1,0,1
210000219,0,6,-6
210000220,5,17,-12
210000232,1,17,-16
210000233,1,26,-25
210000234,15,127,-112
210000235,7,123,-116
210000245,0,15,-15
210000246,0,1,-1
210000258,5,102,-97
210000259,9,0,9
210000282,13,101,-88
210000285,0,65,-65
210000286,11,101,-90
210000290,1,2,-1
210000295,13,77,-64
210000296,58,47,11
210000320,40,24,16
210000321,9,17,-8
210000338,32,75,-43
210000339,449,396,53
210000340,81,119,-38
210000341,91,138,-47
210000342,63,107,-44
210000343,68,145,-77
210000344,57,61,-4
210000345,127,53,74
210000346,16,32,-16
210000347,8,20,-12
210000348,25,8,17
210000349,9,7,2
210000350,35,51,-16
210000351,34,71,-37
210000352,12,63,-51
210000353,11,69,-58
210000354,26,76,-50
210000355,9,62,-53
210000356,7,24,-17
210000357,11,13,-2
210000358,131,33,98
210000359,25,18,7
210000360,64,36,28
210000361,28,19,9
210000362,63,46,17
210000363,196,35,161
210000364,16,11,5
210000365,16,4,12
210000366,18,7,11
210000367,9,2,7
210000368,24,3,21
210000369,4,8,-4
210000370,7,24,-17
210000372,4,8,-4
210000373,1,3,-2
210000374,10,2,8
210000375,4,50,-46
210000376,18,76,-58
210000404,88,102,-14
210000439,3,9,-6
210000472,20,1,19
210000482,45,14,31
210000564,175,29,146
210000567,0,10,-10
210000568,88,0,88
211000092,5,37,-32
211000094,3,4,-1
211000169,111,2,109
211000172,4,68,-64
211000209,0,11,-11
211000226,2,4,-2
211000270,1,17,-16
211000275,14,12,2
211000276,30,13,17
211000279,5,22,-17
211000281,4,30,-26
211000302,0,31,-31
211507980,0,6,-6
211977296,0,3,-3
212000003,25,37,-12
212000004,4,18,-14
212000005,4,18,-14
212000006,6,74,-68
212000008,69,217,-148
212000009,16,138,-122
212000012,26,46,-20
212000013,7,29,-22
212000014,112,152,-40
212000015,92,190,-98
212000016,250,374,-124
212000027,158,180,-22
212000028,75,109,-34
212000029,56,79,-23
212000030,15,19,-4
212000031,15,41,-26
212000048,16,53,-37
212000049,13,22,-9
212000050,7,7,0
212000051,99,143,-44
212000052,98,292,-194
212000053,219,458,-239
212000054,31,59,-28
212000055,64,106,-42
212000056,1,12,-11
212000057,0,12,-12
212000058,69,4,65
212000070,72,237,-165
212000077,91,483,-392
212000099,37,102,-65
212000108,45,70,-25
212000111,29,48,-19
212000120,89,111,-22
212000138,49,11,38
212000156,8,84,-76
212000158,2,0,2
212000159,45,35,10
212000160,134,88,46
212000161,10,5,5
212000310,7,16,-9
212000311,3,18,-15
212000374,3,11,-8
213000001,11,399,-388
213000005,72,31,41
213000006,261,48,213
213000007,3,0,3
213000009,73,25,48
213000010,28,21,7
213000011,18,12,6
213000012,49,158,-109
213000014,8,0,8
213000015,11,0,11
213000016,26,2,24
213000017,0,0,0
213000018,1,103,-102
213000019,1,93,-92
213000020,39,215,-176
213000021,2,65,-63
213000023,0,0,0
213000033,96,330,-234
213000034,52,67,-15
213000035,20,20,0
213000045,45,180,-135
213000046,77,87,-10
213000047,330,271,59
213000056,6,0,6
213000069,16,2,14
213000073,0,4,-4
213000074,81,297,-216
213000075,24,0,24
213000076,0,0,0
213000085,3,21,-18
213000086,21,123,-102
213000091,0,0,0
213000092,0,0,0
213000099,76,487,-411
213000100,115,4,111
213000101,2,104,-102
213000102,9,255,-246
213000103,72,379,-307
213000104,35,279,-244
213000105,1,37,-36
213000106,3,148,-145
213000107,36,478,-442
213000108,14,365,-351
213000109,1,171,-170
213000110,1,31,-30
213000111,2,41,-39
213000112,75,72,3
213000115,0,0,0
213000116,45,272,-227
213000117,4,423,-419
213000118,88,137,-49
213000119,27,504,-477
213000120,27,460,-433
213000122,111,470,-359
213000123,492,654,-162
213000124,38,790,-752
213000125,0,0,0
213000126,12,73,-61
213000127,47,85,-38
213000128,498,294,204
213000129,0,0,0
213000130,15,0,15
213000132,5,1,4
213000133,7,0,7
213000134,16,3,13
213000136,49,15,34
213000137,163,21,142
213000139,85,4,81
213000147,0,0,0
213000148,0,4,-4
213000149,0,7,-7
213000150,1,53,-52
213000151,1,56,-55
213000152,0,45,-45
213000153,0,30,-30
213000154,9,206,-197
213000155,18,232,-214
213000156,29,312,-283
213000157,396,362,34
213000158,136,325,-189
213000159,94,132,-38
213000163,26,2,24
213000165,50,7,43
213000171,1,81,-80
213000172,0,210,-210
213000173,0,167,-167
213000174,0,128,-128
213000175,3,70,-67
213000176,0,0,0
213000177,0,0,0
213000178,0,0,0
213000179,0,0,0
213000180,0,0,0
213000184,47,209,-162
213000188,27,23,4
213000189,28,3,25
213000190,195,324,-129
213000191,52,313,-261
213000192,44,367,-323
213000193,1135,81,1054
213000194,0,12,-12
213000195,6,301,-295
213000196,56,399,-343
213000197,51,27,24
213000198,1,0,1
213000200,44,759,-715
213000201,91,24,67
213000202,7,499,-492
213000203,586,33,553
213000204,75,16,59
213000205,16,10,6
213000206,22,5,17
213000207,11,0,11
213000208,1,0,1
213000209,4,1,3
213000210,13,2,11
213000211,2,3,-1
213000212,1,5,-4
213000213,2,21,-19
213000218,48,590,-542
213000219,0,0,0
213000220,0,0,0
213000223,99,32,67
213000224,2,3,-1
213000225,1,3,-2
213000226,6,4,2
213000227,94,55,39
213000228,25,25,0
213000229,98,10,88
213000230,62,2,60
213000232,12,311,-299
213000233,2,11,-9
213000234,1,16,-15
213000293,2,19,-17
213000294,12,1,11
213000295,3,34,-31
213000296,28,6,22
213000297,5,43,-38
213000298,10,53,-43
213000299,13,6,7
213000300,0,1,-1
213000303,2,15,-13
213000304,4,5,-1
213000305,1,4,-3
213000306,13,7,6
213000307,8,28,-20
213000308,48,166,-118
213000309,26,17,9
213000310,55,1,54
213000311,129,357,-228
213000315,17,86,-69
213000316,7,24,-17
213000322,19,98,-79
213000323,8,47,-39
213000324,13,45,-32
213000325,23,41,-18
213000326,2,6,-4
213000327,2,24,-22
213000328,0,36,-36
213000329,9,13,-4
213000340,64,691,-627
213000341,2,2,0
213000346,17,13,4
213000347,161,15,146
213000348,2,102,-100
213000349,0,4,-4
213000350,91,935,-844
213000366,12,137,-125
213000367,20,3,17
213000379,26,67,-41
213000386,1,106,-105
213000406,20,171,-151
213000417,195,91,104
213000425,53,24,29
213000426,24,30,-6
213000427,7,231,-224
213000428,6,147,-141
213000429,5,0,5
213000430,17,413,-396
213000431,74,0,74
213000432,0,2,-2
213000433,6,101,-95
213000434,17,31,-14
213000435,13,26,-13
213000436,3,29,-26
213000437,1,9,-8
213000438,13,20,-7
213000439,11,2,9
213000440,1,83,-82
213000441,0,1,-1
213000442,0,12,-12
213000443,119,82,37
213000444,8,57,-49
213000445,0,41,-41
213000446,0,1,-1
213000447,0,7,-7
213000448,0,7,-7
213000449,25,1,24
213000450,2,14,-12
213000451,8,21,-13
213000452,2,2,0
213000453,8,135,-127
213000455,22,2,20
213000456,1,46,-45
213000481,6,0,6
213000482,45,1,44
213000489,86,4,82
213000491,0,43,-43
213000492,9,0,9
213000493,0,12,-12
213000494,6,7,-1
213000495,0,100,-100
213000496,1,2,-1
213000497,6,195,-189
213000498,28,180,-152
213000499,50,405,-355
213000500,33,2,31
213000501,1,3,-2
213000502,11,5,6
213000503,0,23,-23
213000504,3,128,-125
213000505,0,7,-7
213000506,0,3,-3
213000507,0,133,-133
213900244,0,0,0
213900245,0,31,-31
218000003,9,12,-3
218000004,7,6,1
218000005,2,4,-2
218000006,8,38,-30
218000007,4,7,-3
218000012,164,55,109
218000013,40,108,-68
218000014,379,176,203
218000019,665,245,420
218000020,134,248,-114
218000021,13,88,-75
218000022,11,64,-53
218000023,1,47,-46
218000024,4,32,-28
218000025,3,52,-49
218000026,14,69,-55
218000027,0,18,-18
218000028,1,7,-6
218000029,2,6,-4
218000030,17,33,-16
218000031,1,55,-54
218000032,1,29,-28
218000040,4,4,0
218000046,13,115,-102
218000047,4,138,-134
218000048,7,172,-165
218000049,45,76,-31
218000050,124,164,-40
218000051,15,205,-190
218000052,0,15,-15
218000053,0,15,-15
218000054,0,11,-11
218000055,3,2,1
218000056,4,35,-31
218000057,0,25,-25
218000064,0,0,0
218000065,36,35,1
218000066,17,37,-20
218000067,10,59,-49
218000068,23,59,-36
218000069,63,180,-117
218000070,92,204,-112
218000071,120,154,-34
218000072,185,165,20
218000078,288,975,-687
218000079,25,45,-20
218000080,36,45,-9
218000081,117,132,-15
218000082,6,105,-99
218000083,3,46,-43
218000084,56,175,-119
218000085,113,316,-203
218000086,21,108,-87
218000087,93,154,-61
218000090,30,42,-12
218000091,267,196,71
218000092,27,125,-98
218000093,49,91,-42
218000094,262,503,-241
218000099,188,228,-40
218000100,134,148,-14
218000101,132,89,43
218000102,102,166,-64
218000103,36,127,-91
218000104,13,30,-17
218000105,8,6,2
218000106,4,5,-1
218000107,27,112,-85
218000108,2,57,-55
218000112,18,10,8
218000117,32,58,-26
218000134,193,480,-287
218000135,7,53,-46
218000136,50,29,21
218000137,22,120,-98
218000138,1,38,-37
218000139,25,215,-190
218000140,49,106,-57
218000141,7,33,-26
218000142,40,101,-61
218000143,7,91,-84
218000144,4,26,-22
218000145,106,267,-161
218000146,19,68,-49
218000151,16,13,3
218000152,23,56,-33
218000153,3,8,-5
218000154,0,4,-4
218000155,7,2,5
218000156,33,33,0
218000157,7,30,-23
218000158,0,6,-6
218000159,2,11,-9
218000160,2,2,0
218000161,11,9,2
218000162,38,23,15
218000163,3,3,0
218000164,26,6,20
218000165,37,28,9
218000170,3,22,-19
218000171,16,4,12
218000172,6,4,2
218000173,8,12,-4
218000174,3,6,-3
218000176,68,15,53
218000177,222,36,186
218000178,68,35,33
218000179,69,32,37
218000180,50,15,35
218000181,65,5,60
218000187,4,6,-2
218000188,3,10,-7
218000189,3,11,-8
218000190,1,11,-10
218000191,23,38,-15
218000192,28,419,-391
218000193,177,343,-166
218000194,30,281,-251
218000195,80,80,0
218000196,132,183,-51
218000197,69,210,-141
218000198,2,96,-94
218000199,25,20,5
218000200,12,20,-8
218000201,3,17,-14
218000202,162,114,48
218000207,4,19,-15
218000208,11,22,-11
218000211,11,15,-4
218000212,1,11,-10
218000213,43,30,13
218000214,10,9,1
218000215,35,111,-76
218000217,0,75,-75
218000218,183,66,117
218000219,2,7,-5
218000220,40,149,-109
218000221,75,77,-2
218000222,17,11,6
218000223,83,114,-31
218000224,1,32,-31
218000225,163,27,136
218000226,54,50,4
218000230,0,0,0
218000232,14,32,-18
218000239,0,0,0
218000240,0,0,0
218000241,0,0,0
218000242,0,0,0
218000243,0,0,0
218000244,0,0,0
218000245,0,0,0
218000246,0,0,0
218000247,0,0,0
218000248,0,17,-17
218000249,0,1,-1
218000250,0,9,-9
218000251,0,9,-9
218000252,0,11,-11
218000253,0,3,-3
218000254,0,9,-9
218000255,0,4,-4
218000256,0,26,-26
218000267,484,568,-84
218000268,0,28,-28
218000269,4,10,-6
218000270,30,76,-46
218000271,23,94,-71
218000273,6,5,1
218000274,5,5,0
218000275,9,19,-10
218000276,11,58,-47
218000278,52,21,31
218000279,28,42,-14
218000280,2,29,-27
218000281,3,28,-25
218000282,162,50,112
218000284,33,3,30
218000301,8,60,-52
218000302,27,20,7
218000303,7,19,-12
218000316,375,695,-320
218000317,337,653,-316
218000318,177,597,-420
218000319,363,1108,-745
218000320,314,613,-299
218000338,6,15,-9
218000345,45,49,-4
218000346,4,21,-17
218000459,37,239,-202
218000490,1,17,-16
218000501,11,16,-5
218000502,19,105,-86
218000503,34,5,29
218000504,67,6,61
218000505,21,135,-114
218000506,57,124,-67
218000508,0,1,-1
218000510,111,20,91
218000520,67,59,8
218000521,3,55,-52
218000522,1,98,-97
218000523,3,9,-6
218000524,26,47,-21
218000525,1,7,-6
218000526,31,38,-7
218000529,21,144,-123
218000530,3,7,-4
218000531,3,27,-24
218000532,6,14,-8
218000534,7,6,1
218000537,8,8,0
218000538,41,84,-43
218000540,124,56,68
218000543,58,27,31
218000544,31,109,-78
218000545,22,28,-6
218000546,24,97,-73
218000547,26,60,-34
218000548,33,124,-91
218000549,162,73,89
218000550,174,468,-294
218000551,123,181,-58
218000552,67,25,42
218000553,5,32,-27
218000554,16,14,2
218000555,3,37,-34
218000556,52,248,-196
218000557,99,49,50
218000558,0,1,-1
218000559,0,8,-8
218000560,0,7,-7
218000561,0,0,0
218000562,13,83,-70
218000563,27,16,11
218000564,2,61,-59
218000565,16,4,12
218000566,39,5,34
218000567,1,42,-41
218000568,0,0,0
218000569,1,49,-48
218000570,5,0,5
218000571,0,46,-46
218000572,0,0,0
218000573,3,7,-4
218000574,1,15,-14
218000575,0,0,0
218000576,3,34,-31
218000577,0,0,0
218000578,0,38,-38
218000579,12,3,9
218000581,4,43,-39
218000582,2,0,2
218000583,1,0,1
218000584,0,12,-12
218000585,1,0,1
218000586,2,21,-19
218000587,0,0,0
218000588,0,1,-1
218000589,0,0,0
218000590,0,0,0
218000591,0,23,-23
218000592,0,0,0
218000593,1,0,1
218000594,0,0,0
218000597,0,0,0
218000598,0,0,0
218000599,0,0,0
218000600,0,0,0
218000601,0,1,-1
218000602,0,0,0
218000603,0,1,-1
218000604,7,3,4
218000605,1,11,-10
218000606,8,0,8
218000607,2,22,-20
218000608,3,2,1
218000609,1,28,-27
218000610,2,0,2
218000611,0,1,-1
218000612,0,18,-18
218000613,3,0,3
218000614,0,28,-28
218000615,22,5,17
218000616,0,75,-75
218000617,1,0,1
218000618,0,18,-18
218000619,4,4,0
218000620,1,9,-8
218000621,0,0,0
218000622,0,1,-1
218000623,1,1,0
218000624,0,3,-3
218000625,1,0,1
218000626,0,21,-21
218000628,38,5,33
218000631,1,5,-4
218000632,0,26,-26
218000633,0,0,0
218000634,1,11,-10
218000635,1,8,-7
218000636,379,996,-617
218000637,256,329,-73
218000638,29,9,20
218000639,9,220,-211
218000640,15,8,7
218000641,11,268,-257
218000652,67,89,-22
218000653,157,73,84
218000663,0,40,-40
218000675,2,16,-14
218000676,3,26,-23
218000677,8,1,7
218000680,107,391,-284
218000681,16,4,12
218000691,25,352,-327
218000693,2,1,1
218000703,7,79,-72
218000718,42,176,-134
218000719,6,24,-18
218000720,1,12,-11
218000721,2,3,-1
218000725,2,9,-7
218001147,1,165,-164
218001214,9,17,-8
218001258,17,0,17
218001329,0,0,0
218001330,70,41,29
218001351,1,3,-2
218001352,1,4,-3
218001353,0,0,0
218001354,1,2,-1
218001355,16,295,-279
218001356,55,4,51
218001357,5,212,-207
218001358,52,0,52
218001361,15,0,15
218001362,5,238,-233
219000001,14,40,-26
219000002,17,68,-51
219000003,68,17,51
219000004,79,66,13
219000017,44,14,30
219000020,62,5,57
219000022,31,3,28
219000023,61,0,61
219000029,0,107,-107
219000034,3,1,2
219000039,41,36,5
219000040,6,5,1
219000041,30,23,7
219000051,0,34,-34
219000052,0,12,-12
219000053,1,230,-229
219000054,14,96,-82
219000055,30,0,30
219000056,1,1,0
219000057,22,1,21
219000062,2,199,-197
219000063,9,16,-7
219000064,6,18,-12
219000110,92,24,68
219000111,62,20,42
219000112,111,36,75
219000113,52,10,42
219000114,179,12,167
219000116,76,30,46
219000117,117,59,58
219000118,29,61,-32
219000123,134,59,75
219000124,22,35,-13
219000125,4,33,-29
219000126,15,60,-45
219000127,0,0,0
219000128,21,61,-40
219000129,18,94,-76
219000130,1088,625,463
219000131,1419,773,646
219000133,21,33,-12
219000134,6,6,0
219000135,27,63,-36
219000136,112,121,-9
219000138,16,21,-5
219000139,9,52,-43
219000140,6,0,6
219000141,9,84,-75
219000142,5,67,-62
219000143,8,76,-68
219000145,1,11,-10
219000146,5,47,-42
219000147,1,43,-42
219000148,1,41,-40
219000149,17,106,-89
219000150,6,102,-96
219000151,1,82,-81
219000157,85,90,-5
219000158,92,169,-77
219000161,90,10,80
219000163,868,270,598
219000166,29,102,-73
219000167,47,203,-156
219000168,148,17,131
219000174,86,61,25
219000175,49,1,48
219000176,28,3,25
219000177,1,3,-2
219000178,6,3,3
219000179,12,12,0
219000180,17,31,-14
219000182,9,2,7
219000183,3,24,-21
219000184,5,0,5
219000185,1,59,-58
219000186,0,22,-22
219000187,0,79,-79
219000189,75,105,-30
219000190,123,145,-22
219000191,834,421,413
219000192,128,143,-15
219000193,428,135,293
219000195,0,27,-27
219000196,7,53,-46
219000198,10,119,-109
219000199,21,124,-103
219000200,12,123,-111
219000201,49,189,-140
219000203,9,97,-88
219000204,35,103,-68
219000205,21,139,-118
219000207,93,125,-32
219000209,8,47,-39
219000210,18,67,-49
219000213,5,194,-189
219000239,80,111,-31
219000240,74,135,-61
219000241,13,133,-120
219000242,25,143,-118
219000243,35,240,-205
219000244,5,94,-89
219000245,13,25,-12
219000246,5,4,1
219000247,16,4,12
219000248,175,27,148
219000249,21,4,17
219000250,16,7,9
219000251,93,8,85
219000252,0,0,0
219000253,0,0,0
219000255,6,35,-29
219000256,30,27,3
219000257,0,0,0
219000262,56,198,-142
219000263,36,194,-158
219000267,2,98,-96
219000268,2,2,0
219000269,6,2,4
219000270,5,0,5
219000271,110,2,108
219000278,0,5,-5
219000279,1,1,0
219000283,1,13,-12
219000295,9,87,-78
219000296,46,395,-349
219000297,12,109,-97
219000298,7,161,-154
219000299,125,22,103
219000300,16,283,-267
219000301,64,218,-154
219000302,12,128,-116
219000307,11,49,-38
219000308,38,21,17
219000311,19,20,-1
219000312,65,16,49
219000313,54,11,43
219000314,109,463,-354
219000315,9,2,7
219000316,55,1,54
219000317,12,0,12
219000320,0,33,-33
219000321,0,4,-4
219000323,8,44,-36
219000325,1,35,-34
219000326,41,99,-58
219000327,25,24,1
219000328,21,38,-17
219000329,304,70,234
219000330,16,21,-5
219000331,18,33,-15
219000332,19,29,-10
219000333,5,3,2
219000335,6,1,5
219000337,0,0,0
219000338,0,0,0
219000344,14,40,-26
219000345,99,116,-17
219000346,20,115,-95
219000348,43,137,-94
219000349,17,172,-155
219000350,45,64,-19
219000351,2,3,-1
219000352,131,31,100
219000353,65,41,24
219000354,56,93,-37
219000355,54,16,38
219000356,1071,280,791
219000363,211,26,185
219000364,108,32,76
219000365,74,10,64
219000366,437,74,363
219000368,362,182,180
219000370,637,117,520
219000371,9,11,-2
219000382,2,12,-10
219000383,414,378,36
219000385,421,323,98
219000386,761,787,-26
219000387,1,3,-2
219000390,15,1,14
219000391,10,1,9
219000397,56,84,-28
219000398,66,20,46
219000401,5,50,-45
219000402,12,47,-35
219000403,23,57,-34
219000404,9,31,-22
219000407,2,12,-10
219000409,0,0,0
219000410,0,0,0
219000411,0,0,0
219000446,144,274,-130
219000447,0,18,-18
219000448,0,0,0
219000452,33,20,13
219000453,51,51,0
219000454,205,118,87
219000556,39,3,36
219000558,49,234,-185
219000590,6,100,-94
219000591,14,4,10
219000592,64,274,-210
219000595,1,23,-22
219000635,18,1,17
219000636,6,97,-91
219000657,7,20,-13
219000658,14,35,-21
219000673,1,26,-25
219000676,1,2,-1
219000679,14,13,1
219000684,18,4,14
219000685,0,70,-70
219000686,0,3,-3
219000688,1,142,-141
219000689,64,91,-27
219000690,0,0,0
219000691,42,46,-4
219000692,6,15,-9
219000693,0,16,-16
219000694,3,0,3
219000695,0,0,0
219000698,0,0,0
219000699,0,11,-11
219000727,0,135,-135
219000728,22,2,20
219000770,0,0,0
219000771,0,15,-15
219000788,140,123,17
219001150,1,4,-3
219001151,0,5,-5
219001166,0,0,0
219001167,1,45,-44
219001178,28,1,27
220000001,3,10,-7
220000002,10,49,-39
220000003,172,205,-33
220000004,285,352,-67
220000005,575,814,-239
220000006,71,482,-411
220000007,159,541,-382
220000008,95,684,-589
220000009,83,297,-214
220000010,18,77,-59
220000011,300,439,-139
220000012,44,37,7
220000014,13,50,-37
220000015,1,46,-45
220000017,10,191,-181
220000018,1774,146,1628
220000019,27,88,-61
220000020,36,82,-46
220000021,192,70,122
220000022,196,275,-79
220000023,69,78,-9
220000024,610,213,397
220000025,211,197,14
220000026,119,55,64
220000027,3,62,-59
220000028,17,27,-10
220000029,24,74,-50
220000030,26,54,-28
220000031,43,133,-90
220000064,1,272,-271
221000046,2,0,2
221000047,0,0,0
221000048,0,0,0
221000049,1,12,-11
221000050,4,0,4
221000055,26,40,-14
221000057,37,5,32
221000068,252,68,184
221000069,135,27,108
221000070,83,11,72
221000071,22,6,16
221000072,93,12,81
221000073,40,21,19
221000074,1,6,-5
221000075,3,11,-8
221000076,10,27,-17
221000077,19,61,-42
221000081,7,0,7
221000082,9,1,8
221000083,8,1,7
221000084,1,1,0
221000085,6,40,-34
221000086,8,115,-107
221000087,1,119,-118
221000088,19,101,-82
221000089,33,141,-108
221000090,152,282,-130
221000098,28,8,20
221000099,96,6,90
221000100,32,6,26
221000101,111,3,108
221000102,63,7,56
221000109,3,87,-84
221000110,4,117,-113
221000111,7,111,-104
221000112,3,99,-96
221000113,9,141,-132
221000114,8,119,-111
221000120,1,18,-17
221000121,1,12,-11
221000122,6,2,4
221000123,12,26,-14
221000124,10,157,-147
221000155,16,0,16
221000156,3,4,-1
221000175,1,1,0
221000176,2,1,1
221000182,22,0,22
221000241,452,93,359
221000242,230,181,49
221000243,234,43,191
221000244,108,209,-101
221000245,14,58,-44
221000246,10,129,-119
221000247,30,76,-46
221000248,10,141,-131
221000267,11,345,-334
221000325,8,21,-13
221000331,0,32,-32
221000338,0,6,-6
221000378,34,8,26
221000381,40,76,-36
222000282,0,0,0
222000296,0,3,-3
222000568,37,1,36
222000569,16,2,14
222000570,6,1,5
222000571,11,0,11
222000577,3,159,-156
222000578,1,107,-106
222000579,31,42,-11
222000580,79,453,-374
222000599,0,79,-79
222000600,3,181,-178
222000601,8,554,-546
222000603,0,16,-16
222000604,0,23,-23
222000605,2,4,-2
222000606,4,10,-6
222000607,0,7,-7
222000608,1,16,-15
222000609,22,228,-206
222000616,2,0,2
222000617,0,0,0
222000618,0,0,0
222000620,0,0,0
222000621,0,0,0
222000623,0,0,0
222000624,0,0,0
222000625,0,15,-15
222000636,23,0,23
222000686,0,0,0
222000687,0,1,-1
222001066,32,0,32
222001067,0,4,-4
222001068,0,12,-12
222001069,13,5,8
222001082,1,33,-32
222001083,4,44,-40
222001084,0,32,-32
222001085,0,97,-97
222001111,2,148,-146
222001112,7,5,2
222001313,0,0,0
222001314,0,37,-37
222001464,4,8,-4
222001465,4,167,-163
222001484,0,3,-3
222001485,9,63,-54
222001494,26,27,-1
222001495,63,333,-270
222001496,18,21,-3
222001497,43,371,-328
222001502,22,92,-70
222001503,0,0,0
222001504,5,206,-201
222001505,0,0,0
222001506,11,124,-113
222001507,0,0,0
222001510,0,0,0
222001511,28,243,-215
222001514,0,0,0
222001515,94,420,-326
222001518,0,0,0
222001519,11,262,-251
222001527,0,0,0
222001528,15,100,-85
222001529,0,0,0
222001530,27,156,-129
222001533,107,265,-158
222001534,0,0,0
222001535,11,18,-7
222001536,40,250,-210
222001537,0,0,0
222001538,28,266,-238
222001563,0,0,0
222001564,17,544,-527
222001568,12,20,-8
222001576,0,0,0
222001579,0,1,-1
222001583,8,186,-178
222001584,5,0,5
222001596,78,729,-651
222001597,18,3,15
222001626,1,113,-112
222001650,6,24,-18
222001651,1,37,-36
222001914,0,0,0
222001915,23,118,-95
222001968,47,19,28
222001969,283,472,-189
222001970,12,60,-48
222001971,0,9,-9
222001972,0,12,-12
225000001,62,15,47
225000002,67,7,60
225000003,112,3,109
225000004,56,18,38
225000005,10,1,9
225000006,0,87,-87
225000007,2284,629,1655
225000010,67,0,67
225000011,115,104,11
225000012,21,57,-36
225000013,3,33,-30
225000014,35,8,27
225000015,51,128,-77
225000021,51,24,27
225000027,139,269,-130
225000032,82,18,64
225000042,18,385,-367
225000049,16,27,-11
225000050,48,4,44
225000053,1,68,-67
225000058,31,17,14
225000067,39,161,-122
225000068,46,366,-320
225000069,79,361,-282
225000070,50,330,-280
225000071,10,210,-200
225000075,17,476,-459
225000076,25,36,-11
225000078,7,6,1
225000085,0,0,0
225000086,0,0,0
225000087,0,0,0
225000088,6,75,-69
225000089,271,282,-11
225000090,13,191,-178
225000091,11,135,-124
225000092,4,48,-44
225000093,46,332,-286
225000094,10,378,-368
225000095,145,343,-198
225000096,43,242,-199
225000098,121,54,67
225000099,53,37,16
225000100,55,45,10
225000104,18,251,-233
225000110,5,274,-269
225000111,56,589,-533
225000112,68,527,-459
225000113,24,378,-354
225000114,22,135,-113
225000115,1675,255,1420
225000116,160,9,151
225000117,80,41,39
225000118,93,20,73
225000119,21,10,11
225000120,20,7,13
225000121,59,0,59
225000123,36,0,36
225000125,65,99,-34
225000126,385,78,307
225000127,659,145,514
225000128,105,88,17
225000132,97,12,85
225000133,128,12,116
225000134,262,49,213
225000135,12,5,7
225000136,39,9,30
225000137,31,38,-7
225000138,197,8,189
225000143,59,67,-8
225000144,3,182,-179
225000145,0,0,0
225000146,7,74,-67
225000147,5,222,-217
225000148,4,120,-116
225000149,14,235,-221
225000151,19,185,-166
225000155,93,135,-42
225000156,81,247,-166
225000157,54,183,-129
225000158,11,287,-276
225000171,1,116,-115
225000180,12,1,11
225000181,1,23,-22
225000182,2,0,2
225000185,8,131,-123
225000187,34,182,-148
225000191,1,2,-1
225000194,0,11,-11
225000208,0,23,-23
225000209,0,0,0
225000210,1,84,-83
225000217,0,15,-15
225000218,1,0,1
225000223,0,20,-20
225000224,11,0,11
225000225,0,0,0
225000226,2,0,2
225000227,18,41,-23
225000228,0,0,0
225000229,1,67,-66
225000230,1,1,0
225000231,0,84,-84
225000232,8,0,8
225000241,15,0,15
225000242,1,43,-42
225000249,0,1,-1
225000250,17,442,-425
225000251,129,15,114
226000042,186,280,-94
226000043,14,162,-148
226000044,48,467,-419
226000045,46,327,-281
226000046,134,29,105
226000047,123,38,85
226000048,144,29,115
226000049,84,50,34
226000070,1,26,-25
226000071,0,36,-36
226000072,0,6,-6
226000073,0,7,-7
226000074,0,7,-7
226000084,2,24,-22
226000085,0,3,-3
226000086,2,4,-2
226000087,2,10,-8
226000088,8,7,1
226000090,11,7,4
226000091,3,1,2
226000092,1,0,1
226000093,4,0,4
226000094,0,2,-2
226000095,10,1,9
226000105,2,1,1
226000106,4,0,4
226000107,2,0,2
226000108,7,0,7
226000109,39,0,39
226000124,80,40,40
226000134,177,135,42
226000135,343,274,69
226000136,64,98,-34
226000137,4,249,-245
226000138,4,184,-180
226000139,0,6,-6
226000156,40,2,38
226000157,88,6,82
226000163,29,36,-7
226000202,2,237,-235
226000231,123,4,119
226000232,8,4,4
227000033,176,35,141
227000036,118,9,109
227000037,90,3,87
227000038,48,5,43
227000049,0,3,-3
227000050,0,44,-44
227000055,3,2,1
227000056,1,0,1
227000084,1,19,-18
227000085,0,15,-15
227000088,3,1,2
227000089,24,1,23
227000090,9,0,9
227000091,4,0,4
227000093,9,0,9
227000094,1,0,1
227000130,10,54,-44
227000131,6,232,-226
227000132,4,237,-233
227000133,4,272,-268
227000134,12,434,-422
227000152,0,1,-1
227000153,0,72,-72
227000155,0,13,-13
227000156,0,16,-16
227000165,1,9,-8
227000196,48,220,-172
227000199,14,351,-337
227000230,12,414,-402
227000232,12,1,11
227000242,63,376,-313
227000243,385,45,340
227000245,11,368,-357
227000246,56,365,-309
227000247,150,64,86
227000248,85,21,64
227000249,13,167,-154
227000250,427,118,309
227000251,116,260,-144
227000252,12,333,-321
227000253,51,28,23
227000262,153,12,141
227000266,39,0,39
227000267,26,1572,-1546
227000282,4,206,-202
227000284,29,7,22
227000286,1,47,-46
227000287,17,82,-65
227000291,16,407,-391
227000484,75,4,71
227000485,30,448,-418
227000655,15,3,12
227000656,127,8,119
227000657,16,13,3
227000661,26,2,24
227000680,38,7,31
229000265,3,11,-8
229000296,0,6,-6
229000297,2,10,-8
229000298,5,27,-22
229000320,0,0,0
229000321,0,0,0
229000412,1,17,-16
229000414,0,17,-17
229000415,2,0,2
229000416,0,2,-2
229000417,0,6,-6
229000419,32,100,-68
229000440,60,23,37
229000442,3,0,3
229000443,0,1,-1
229000444,0,9,-9
229000445,6,3,3
229000446,14,2,12
229000491,2,39,-37
229000492,18,104,-86
229000493,2,74,-72
229000494,16,23,-7
229000495,56,61,-5
229000496,10,50,-40
229000507,0,18,-18
229000508,0,16,-16
229000509,0,29,-29
229000510,0,13,-13
229000511,6,38,-32
229000512,0,38,-38
229000513,0,1,-1
229000514,0,1,-1
229000517,2,3,-1
229000518,6,34,-28
229000519,0,11,-11
229000520,4,38,-34
229000521,11,50,-39
229000522,3,15,-12
229000523,5,13,-8
229000524,1,13,-12
229000527,1,5,-4
229000528,4,2,2
229000529,3,0,3
229000530,41,24,17
229000531,11,16,-5
229000532,16,9,7
229000533,154,33,121
229000534,41,13,28
229000564,67,8,59
229000565,9,3,6
229000566,0,21,-21
229000567,0,55,-55
229000582,236,21,215
229000583,20,12,8
229000584,0,15,-15
229000585,4,24,-20
229000718,0,3,-3
229000719,0,1,-1
229000720,0,8,-8
229000721,0,3,-3
229000722,1,23,-22
229000723,0,7,-7
229000724,0,0,0
229000725,0,1,-1
229000738,5,0,5
229000739,1,0,1
229000740,6,2,4
229000741,30,0,30
229000742,19,0,19
229000743,33,0,33
229000744,1,1,0
229000745,0,0,0
229000746,59,1,58
229000847,11,0,11
229000848,4,1,3
229000849,94,2,92
229000851,2,0,2
229000854,0,49,-49
229000856,1,96,-95
229000857,0,30,-30
229000858,0,78,-78
229000919,1,56,-55
229000930,2,149,-147
229000937,104,15,89
229000966,34,31,3
229000981,8,53,-45
229000985,1,16,-15
229000986,0,2,-2
229000987,0,2,-2
229000988,0,1,-1
229000989,1,5,-4
229000990,0,0,0
229000991,0,0,0
229000992,1,2,-1
229000993,38,1,37
229000998,7,4,3
229000999,22,1,21
229001034,0,5,-5
229001035,0,0,0
229001037,4,3,1
229001042,10,7,3
229001047,0,18,-18
229001050,14,18,-4
229001168,1,1,0
229001200,0,1,-1
229001338,1,4,-3
229001394,266,3,263
229001422,233,20,213
229001423,27,111,-84
229001431,100,33,67
229001432,37,44,-7
229001444,18,25,-7
229001445,3,81,-78
229001479,5,8,-3
229001503,177,80,97
229001504,40,105,-65
229001505,178,64,114
229001506,31,133,-102
229001509,3,8,-5
229001545,68,6,62
229001546,4,67,-63
229001553,49,12,37
229001554,8,72,-64
229001559,2,7,-5
229001560,0,6,-6
229001630,17,1,16
229001631,5,8,-3
229001635,0,2,-2
229001636,0,0,0
229001658,1,45,-44
229001659,98,10,88
229001660,0,0,0
229001661,0,5,-5
229001662,19,1,18
229001663,0,7,-7
229002584,35,38,-3
229002831,20,29,-9
229002841,0,11,-11
229002842,2,7,-5
229002843,0,3,-3
229002844,6,13,-7
229002845,0,39,-39
229002846,0,1,-1
229002847,2,0,2
229002848,0,0,0
229002849,2,21,-19
229002850,1,0,1
229002851,2,20,-18
229002852,9,4,5
229002853,19,2,17
229002854,5,59,-54
229002855,1,28,-27
229002856,4,3,1
229002857,0,16,-16
229002858,0,1,-1
229002859,8,5,3
229002860,3,0,3
229002861,1,3,-2
229002862,0,7,-7
229002863,1,18,-17
229002864,0,3,-3
229002865,1,5,-4
229002866,6,12,-6
229002867,1,6,-5
229002868,0,7,-7
229002869,4,39,-35
229002870,4,1,3
235000066,117,90,27
235000067,53,102,-49
235000072,27,21,6
235000073,46,144,-98
235000074,13,90,-77
235000080,4,45,-41
235000081,45,139,-94
235000082,36,26,10
235000083,27,49,-22
235000084,10,17,-7
235000085,30,11,19
235000089,11,35,-24
235000092,7,82,-75
235000093,0,2,-2
235000097,1,2,-1
235000098,14,15,-1
235000099,2,16,-14
235000116,8,11,-3
235000117,423,3,420
235000133,2,96,-94
235000134,3,36,-33
235000206,2,2,0
235000207,1,1,0
235000208,1,0,1
235000209,1,0,1
235000210,1,2,-1
235000212,2,16,-14
235000213,1,5,-4
235000220,0,2,-2
235000221,21,5,16
235000238,0,10,-10
235000239,0,0,0
235000242,80,97,-17
235000245,852,135,717
235000246,2,38,-36
235000284,2,30,-28
235000295,0,0,0
235000305,0,0,0
235000306,0,0,0
235000307,0,0,0
235000308,0,0,0
235000309,0,0,0
235000310,0,0,0
235000311,0,1,-1
235000322,0,12,-12
235000323,0,21,-21
235000324,0,11,-11
235000325,1,6,-5
235000326,6,146,-140
235000351,0,18,-18
235000352,3,23,-20
235000353,0,9,-9
235000354,0,26,-26
235000355,0,28,-28
235000356,0,0,0
235000357,0,0,0
235000358,0,0,0
235000359,0,0,0
235000360,0,0,0
235000361,0,0,0
235000381,23,265,-242
235000382,20,18,2
235000390,2,3,-1
235000391,61,18,43
235000392,44,85,-41
235000393,36,30,6
235000395,24,16,8
235000396,86,45,41
235000400,13,31,-18
235000401,4,142,-138
235000405,34,325,-291
235000406,14,228,-214
235000407,44,120,-76
235000409,155,180,-25
235000410,31,158,-127
235000411,0,77,-77
235000485,1,11,-10
235000486,0,0,0
235000549,17,26,-9
235000550,36,118,-82
235000599,29,48,-19
235000600,2,6,-4
235000601,7,22,-15
235000602,25,80,-55
235000614,0,3,-3
235000648,0,21,-21
235000649,4,0,4
235000685,0,0,0
235000815,1,12,-11
235000834,0,1,-1
235000855,31,18,13
235000862,9,166,-157
235000891,1,7,-6
235000892,1,0,1
235000901,53,57,-4
235000907,0,4,-4
235001010,13,38,-25
235001029,445,257,188
235001030,476,77,399
235001078,30,35,-5
235001079,31,98,-67
235001147,7,26,-19
235001166,7,34,-27
235001167,3,36,-33
235001169,2,179,-177
235001188,0,4,-4
235001189,1,1,0
235001197,2,15,-13
235001200,18,20,-2
235001207,52,15,37
235001210,8,182,-174
235001215,9,153,-144
235001239,0,27,-27
235001244,0,1,-1
235016267,0,6,-6
277101746,0,17,-17
277102712,0,1,-1
277103813,0,0,0
277103814,0,0,0
277103898,0,3,-3
277104249,0,7,-7
277104250,0,2,-2
277104251,0,8,-8
277104252,0,0,0
990011530,0,180,-180
990014944,1,365,-364
990015176,15,27,-12
990015618,0,60,-60
990016032,0,196,-196
990032570,2,13,-11
990070001,0,0,0
990070103,0,0,0
990070601,0,16,-16
990070751,34,1,33
990070766,2,586,-584
990071180,0,72,-72
990071343,0,0,0
990071387,0,1,-1
990071823,15,1,14
990072600,2,331,-329
990072964,0,281,-281
990073285,0,0,0
990074393,2,591,-589
990074870,81,1,80
990075106,32,1,31
990075746,9,1,8
990076437,20,1,19
990076458,1,676,-675
997000007,30,8,22
997000041,0,68,-68
997000058,0,0,0
997000062,3,0,3
997000069,0,3,-3
997000070,0,28,-28
997000100,0,0,0
997000141,0,20,-20
997000198,29,43,-14
998000475,0,20,-20
998000736,0,169,-169
998000965,0,0,0
998001031,0,26,-26
998001700,1,9,-8
998001899,0,0,0
998001900,7,0,7
998003073,19,17,2
998101900,0,0,0
998102850,0,22,-22
998501927,1,134,-133
998501929,33,0,33
998501930,49,0,49
998501931,3,5,-2
998501932,14,0,14
998501933,0,1,-1
998501937,0,1,-1
998501944,0,0,0
998501950,0,6,-6
998501970,1,3,-2
998501971,1,44,-43
998501973,0,57,-57
998501974,2,137,-135
998501975,4,0,4
998501976,19,20,-1
998501977,0,16,-16
998501978,0,0,0
998501979,0,6,-6
998501980,18,14,4
998501981,1,0,1
998501982,0,46,-46
998501983,0,3,-3
998502024,0,0,0
998502032,0,0,0
998502062,1,0,1
998502063,0,0,0
998502173,9,0,9
998502269,0,2,-2
998502546,0,41,-41
998502578,1,0,1
998502599,80,23,57
998601159,1,106,-105
998601292,1,8,-7
999033574,1,453,-452
999800001,0,2,-2
999800002,0,1,-1
999800003,0,6,-6
999800004,0,4,-4
999800005,0,7,-7
