ID,insum,outsum,diff
100000001,541,742,-201
100000002,2548,2032,516
100000003,3983,3706,277
100000004,763,930,-167
100000005,1956,3645,-1689
100000006,459,153,306
100000007,1661,623,1038
100000008,152,438,-286
100000009,481,166,315
100000010,111,84,27
100000011,860,113,747
100000012,81,622,-541
100000013,85,209,-124
100000014,261,350,-89
100000015,1337,1968,-631
100000016,644,1183,-539
100000017,421,828,-407
100000018,1040,593,447
100000019,2728,1798,930
100000020,1383,4705,-3322
100000021,3813,2035,1778
100000022,723,2013,-1290
100000023,3730,1464,2266
100000025,741,1102,-361
100000028,1044,1024,20
100000029,147,389,-242
100000030,106,56,50
100000031,2617,5295,-2678
100000032,1542,3059,-1517
100000033,850,2105,-1255
100000034,253,700,-447
100000035,962,1091,-129
100000036,1229,1225,4
100000037,694,386,308
100000038,1876,896,980
100000039,380,300,80
100000040,216,163,53
100000041,1176,538,638
100000042,894,474,420
100000043,758,534,224
100000044,318,763,-445
100000045,434,869,-435
100000046,481,590,-109
100000047,218,345,-127
100000048,271,447,-176
100000049,1234,1252,-18
100000051,426,672,-246
100000053,159,3,156
100000054,363,37,326
100000055,742,258,484
100000056,473,371,102
100000057,1715,588,1127
100000058,692,845,-153
100000059,15,142,-127
100000060,459,256,203
100000061,2035,502,1533
100000062,1953,499,1454
100000063,791,240,551
100000064,1233,322,911
100000065,317,764,-447
100000066,159,591,-432
100000067,340,592,-252
100000068,391,1198,-807
100000069,291,910,-619
100000072,240,474,-234
100000073,852,866,-14
100000075,663,254,409
100000076,1237,2429,-1192
100000077,152,243,-91
100000078,19,36,-17
100000079,32,76,-44
100000080,36,79,-43
100000081,151,234,-83
100000102,2284,2632,-348
100000103,1866,1503,363
100000104,2503,2557,-54
100000105,1581,1498,83
100000106,1754,2359,-605
100000107,382,1065,-683
100000108,474,749,-275
100000109,1457,1006,451
100000116,981,885,96
100000117,76,132,-56
100000118,1099,1371,-272
100000119,552,827,-275
100000121,225,402,-177
100000122,686,979,-293
100000123,1963,2901,-938
100000124,2971,4383,-1412
100000125,2972,1460,1512
100000126,522,432,90
100000127,1128,477,651
100000128,1087,1861,-774
100000129,384,478,-94
100000130,439,368,71
100000131,1386,1885,-499
100000132,932,2245,-1313
100000133,2680,1788,892
100000135,622,1055,-433
100000139,340,320,20
100000140,341,341,0
100000142,471,525,-54
100000143,1318,544,774
100000144,2904,673,2231
100000147,1073,2868,-1795
100000150,59,374,-315
100000151,854,1230,-376
100000153,113,431,-318
100000154,36,231,-195
100000155,20,45,-25
100000156,419,612,-193
100000157,397,159,238
100000158,377,130,247
100000159,245,519,-274
100000165,1054,803,251
100000169,183,783,-600
100000174,377,737,-360
100000179,87,461,-374
100000180,1076,2613,-1537
100000181,413,204,209
100000188,81,136,-55
100000189,815,372,443
100000190,691,1125,-434
100000191,683,604,79
100000192,45,90,-45
100000193,249,142,107
100000330,955,878,77
100000355,206,708,-502
100000362,3416,2050,1366
100000363,3907,3720,187
100000364,183,244,-61
100000365,5454,7171,-1717
100000366,4085,2493,1592
100000367,4610,6099,-1489
100000368,2129,1102,1027
100000369,784,1859,-1075
100000370,140,862,-722
100000376,67,139,-72
100000379,1287,1386,-99
100000380,3611,3957,-346
100000384,4126,4654,-528
100000385,2284,3587,-1303
100000386,4548,4552,-4
100000387,3439,4902,-1463
100000388,4261,5680,-1419
100000389,5063,5830,-767
100000390,5773,5729,44
100000391,4711,7147,-2436
100000392,2621,4121,-1500
100000393,2253,4609,-2356
100000394,5760,8116,-2356
100000395,4257,4746,-489
100000396,6183,3645,2538
100000397,4588,6872,-2284
100000398,10028,6734,3294
100000413,15,23,-8
100900002,8,21,-13
100900003,371,191,180
100900004,20,737,-717
100900005,101,22,79
100900006,23,91,-68
100900007,208,11,197
100900008,2,337,-335
100900009,88,175,-87
100900010,80,45,35
100900011,145,220,-75
100900012,1,200,-199
100900013,768,22,746
100900014,4,11,-7
100900015,69,77,-8
100900016,4,9,-5
100900017,693,90,603
100900018,2,26,-24
100900019,20,111,-91
100900020,231,3,228
100900021,472,1,471
100900022,17,22,-5
100900023,0,22,-22
100900024,485,6,479
100900025,11,7,4
100900026,105,85,20
100900027,452,2006,-1554
100900028,92,182,-90
100900029,49,7,42
100900030,2,85,-83
100900031,539,59,480
100900032,313,0,313
100900033,216,211,5
100900034,533,2,531
100900035,369,2,367
100900036,11,0,11
100900037,106,156,-50
100900038,73,32,41
100900039,202,416,-214
100900040,417,415,2
100900041,905,539,366
100900042,1029,1229,-200
100900043,0,19,-19
100900044,1262,506,756
100900045,3,0,3
100900046,893,6,887
100900047,659,174,485
100900048,181,53,128
100900049,85,119,-34
100900050,5,6,-1
100900051,21,74,-53
100900052,285,34,251
100900053,389,28,361
100900054,8,40,-32
100900055,180,628,-448
100900056,25,106,-81
100900057,1164,965,199
100900058,540,32,508
100900059,98,9,89
100900060,198,6,192
100900061,317,184,133
100900062,8,15,-7
100900063,222,598,-376
100900064,529,24,505
100900065,53,122,-69
100900066,147,187,-40
100900067,9,10,-1
100900068,97,93,4
100900069,326,8,318
100900070,434,5,429
100900071,585,207,378
100900072,1,35,-34
100900073,137,280,-143
100900074,6,6,0
100900075,1387,236,1151
100900076,7,24,-17
100900077,25,56,-31
100900078,59,291,-232
100900079,9,10,-1
100900080,43,138,-95
100900081,39,125,-86
100900082,132,336,-204
100900083,12,13,-1
100900085,15,294,-279
100900086,137,559,-422
100900088,144,319,-175
100900089,6,15,-9
100900090,157,325,-168
100900091,0,25,-25
100900092,163,146,17
100900093,201,259,-58
100900094,110,236,-126
100900095,3,20,-17
100900096,37,81,-44
100900097,7,2,5
100900098,14,20,-6
100900099,26,422,-396
100900100,12,572,-560
100900101,330,46,284
100900102,8,30,-22
100900103,6,15,-9
100900104,6,178,-172
100900105,25,311,-286
100900106,57,12,45
100900107,1378,712,666
100900108,3,6,-3
100900109,9,14,-5
100900110,6,23,-17
100900111,38,127,-89
100900112,1,11,-10
100900113,11,14,-3
100900114,12,11,1
100900115,4,11,-7
100900116,638,644,-6
100900117,244,847,-603
100900118,16,45,-29
100900119,17,10,7
100900120,9,8,1
100900121,250,441,-191
100900122,233,164,69
100900123,126,174,-48
100900124,9,5,4
100900125,25,52,-27
100900126,187,108,79
100900127,4,26,-22
100900128,69,147,-78
100900129,0,209,-209
100900131,163,165,-2
100900133,46,29,17
100900134,0,11,-11
100900135,0,194,-194
100900137,252,135,117
100900138,351,422,-71
100900139,6,5,1
100900140,6,399,-393
100900141,4,540,-536
100900142,6,11,-5
100900143,478,385,93
100900144,14,7,7
100900145,87,152,-65
100900146,16,40,-24
100900147,10,747,-737
100900148,48,422,-374
100900149,33,275,-242
100900150,6,28,-22
100900151,161,344,-183
100900152,245,9,236
100900153,4,160,-156
100900154,9,56,-47
100900155,5,9,-4
100900156,39,0,39
100900157,7,150,-143
100900159,4,21,-17
100900160,33,11,22
100900161,61,3,58
100900162,20,180,-160
100900163,144,147,-3
100900164,79,23,56
100900165,18,25,-7
100900166,11,3,8
100900167,23,63,-40
100900168,77,125,-48
100900169,98,741,-643
100900170,23,4,19
100900171,18,346,-328
100900172,0,27,-27
100900173,2,232,-230
100900174,111,22,89
100900176,1472,140,1332
100900177,654,186,468
100900178,233,140,93
100900179,186,177,9
100900180,8,8,0
100900181,70,89,-19
100900182,59,36,23
100900184,10,162,-152
100900186,456,367,89
100900187,14,74,-60
100900188,35,6,29
100900189,1356,221,1135
100900191,745,923,-178
100900192,208,425,-217
100900195,109,119,-10
100900197,28,59,-31
100900198,23,138,-115
100900199,9,18,-9
100900200,623,387,236
100900201,92,432,-340
100900202,69,0,69
100900203,0,125,-125
100900204,102,540,-438
100900205,162,457,-295
100900206,161,83,78
100900207,290,140,150
100900210,123,342,-219
100900211,427,195,232
100900213,108,52,56
100900214,467,189,278
100900215,11,33,-22
100900217,93,93,0
101000001,2420,1955,465
101000002,4885,4896,-11
101000003,450,1014,-564
101000004,5449,4901,548
101000005,2978,3908,-930
101000006,4665,5599,-934
101000007,2387,3273,-886
101000008,1889,1992,-103
101000009,2042,902,1140
101000010,848,745,103
101000011,1158,475,683
101000012,788,622,166
101000013,658,992,-334
101000014,363,504,-141
101000015,1167,758,409
101000016,307,410,-103
101000017,405,372,33
101000018,1705,2134,-429
101000020,2157,883,1274
101000021,595,309,286
101000022,111,59,52
101000023,1095,572,523
101000025,269,439,-170
101000026,264,27,237
101000027,1686,2620,-934
101000028,699,173,526
101000029,216,1531,-1315
101000030,1451,104,1347
101000031,715,884,-169
101000032,5754,4697,1057
101000033,1624,3064,-1440
101000034,1493,1732,-239
101000035,625,370,255
101000036,1211,1021,190
101000037,1570,1683,-113
101000039,1701,2289,-588
101000040,2078,3881,-1803
101000041,5531,7543,-2012
101000042,316,1132,-816
101000043,4713,6823,-2110
101000045,1083,1116,-33
101000046,2882,2181,701
101000047,1851,4301,-2450
101000048,486,472,14
101000049,507,1845,-1338
101000050,1228,1544,-316
101000051,1371,2590,-1219
101000052,1099,944,155
101000053,698,1089,-391
101000054,1558,859,699
101000055,1079,1121,-42
101000056,24,111,-87
101000057,1194,1163,31
101000058,905,1217,-312
101000059,1666,2112,-446
101000060,1334,645,689
101000061,635,1253,-618
101000062,458,759,-301
101000063,540,1037,-497
101000064,995,1059,-64
101000065,393,499,-106
101000066,908,931,-23
101000067,977,950,27
101000068,259,425,-166
101000069,215,83,132
101000070,761,936,-175
101000071,1523,859,664
101000072,601,2777,-2176
101000073,728,926,-198
101000074,4344,3630,714
101000075,3260,4824,-1564
101000077,1325,1102,223
101000078,686,1472,-786
101000079,1688,513,1175
101000080,1537,658,879
101000081,1492,1535,-43
101000082,2504,2624,-120
101000083,2382,2015,367
101000084,1096,757,339
101000085,1191,1045,146
101000086,860,897,-37
101000087,675,842,-167
101000088,1025,1156,-131
101000089,892,1347,-455
101000090,1630,1028,602
101000091,397,534,-137
101000092,1049,752,297
101000093,1333,664,669
101000094,892,863,29
101000095,471,439,32
101000096,429,430,-1
101000097,446,354,92
101000098,359,481,-122
101000099,718,949,-231
101000100,812,751,61
101000101,211,330,-119
101000102,523,466,57
101000103,638,482,156
101000104,314,555,-241
101000105,392,428,-36
101000106,441,764,-323
101000107,267,296,-29
101000108,666,211,455
101000109,398,50,348
101000110,37,314,-277
101000111,101,165,-64
101000113,194,536,-342
101000114,7202,8181,-979
101000115,105,71,34
101000116,89,72,17
101000117,895,233,662
101000119,100,72,28
101000120,112,44,68
101000121,73,92,-19
101000122,153,146,7
101000123,68,159,-91
101000124,1631,303,1328
101000125,234,415,-181
101000128,245,513,-268
101000130,160,266,-106
101000131,912,464,448
101000132,655,645,10
101000135,27,52,-25
101000136,413,246,167
101000137,30,340,-310
101000141,880,2864,-1984
101000147,804,407,397
101000148,624,16,608
101000149,156,199,-43
101000150,84,500,-416
101000151,250,35,215
101000152,280,220,60
101000153,539,226,313
101000154,260,731,-471
101000155,287,114,173
101000156,21,266,-245
101000157,58,27,31
101000160,53,45,8
101000163,186,309,-123
101000164,292,307,-15
101000165,221,330,-109
101000166,175,211,-36
101000168,785,415,370
101000252,1833,854,979
101000254,180,118,62
101000258,94,11,83
101000261,201,59,142
101000262,1149,2356,-1207
101000263,219,954,-735
101000265,75,764,-689
101000266,242,191,51
101000269,24,20,4
101000290,731,2031,-1300
101000293,40,45,-5
101000294,556,389,167
101000295,151,313,-162
101000301,413,455,-42
101000304,1827,2096,-269
101000305,2400,1030,1370
101000328,92,378,-286
101900001,23,56,-33
101900002,0,8,-8
101900003,37,90,-53
101900004,1,64,-63
101900005,2572,2314,258
101900006,854,48,806
101900007,600,184,416
101900008,64,200,-136
101900009,68,325,-257
101900010,633,607,26
101900011,191,809,-618
101900012,199,121,78
101900013,669,170,499
101900017,11,106,-95
101900018,931,252,679
101900019,253,138,115
101900020,98,55,43
101900021,2,33,-31
101900022,133,846,-713
101900023,104,189,-85
101900026,105,36,69
101900027,27,105,-78
102000001,2167,4113,-1946
102000002,1991,925,1066
102000003,2352,5552,-3200
102000004,3722,2325,1397
102000005,1072,1865,-793
102000006,966,1404,-438
102000007,1371,3651,-2280
102000008,3115,1276,1839
102000009,5877,7080,-1203
102000010,4188,2525,1663
102000011,3107,2485,622
102000012,2615,2424,191
102000018,2113,2162,-49
102000019,1868,1242,626
102000026,212,440,-228
102000029,197,197,0
102000030,108,294,-186
102000031,61,108,-47
102000032,488,226,262
102000033,215,350,-135
102000034,374,285,89
102000035,971,589,382
102000036,29,274,-245
102000037,134,42,92
102000038,172,305,-133
102000039,152,54,98
102000040,336,218,118
102000041,146,327,-181
102000042,176,260,-84
102000043,182,211,-29
102000044,243,392,-149
102000045,631,686,-55
102000046,977,498,479
102000047,754,682,72
102000048,318,600,-282
102000049,931,667,264
102000050,870,958,-88
102000051,272,584,-312
102000052,936,643,293
102000053,766,666,100
102000054,546,834,-288
102000055,1079,416,663
102000056,920,661,259
102000057,1218,442,776
102000058,792,814,-22
102000059,1115,909,206
102000060,1041,852,189
102000061,1384,1329,55
102000062,1687,993,694
102000063,905,1190,-285
102000064,552,631,-79
102000065,46,148,-102
102000066,745,680,65
102000067,1803,2576,-773
102000068,7311,2272,5039
102000069,59,1898,-1839
102000070,1255,26,1229
102000071,5976,7459,-1483
102000072,2319,3168,-849
102000073,670,408,262
102000074,454,576,-122
102000075,127,153,-26
102000076,203,254,-51
102000077,523,509,14
102000078,1100,492,608
102000079,134,157,-23
102000080,224,162,62
102000081,228,668,-440
102000082,591,371,220
102000083,569,222,347
102000084,406,219,187
102000085,1974,719,1255
102000086,1021,863,158
102000087,699,1127,-428
102000088,348,245,103
102000089,1205,289,916
102000090,403,823,-420
102000091,1013,478,535
102000092,263,447,-184
102000093,657,540,117
102000094,605,508,97
102000095,738,834,-96
102000096,422,581,-159
102000097,507,502,5
102000098,404,415,-11
102000099,672,723,-51
102000100,407,1052,-645
102000101,470,652,-182
102000102,263,1083,-820
102000103,1236,314,922
102000104,532,277,255
102000105,233,394,-161
102000106,778,420,358
102000107,1410,405,1005
102000108,635,129,506
102000109,591,419,172
102000110,1178,827,351
102000111,15,227,-212
102000112,159,114,45
102000113,20,29,-9
102000114,579,319,260
102000115,240,254,-14
102000116,280,378,-98
102000117,140,452,-312
102000118,896,1138,-242
102000119,1090,928,162
102000120,208,382,-174
102000121,882,494,388
102000122,591,844,-253
102000123,1049,837,212
102000124,1052,999,53
102000125,991,820,171
102000126,809,623,186
102000127,1185,532,653
102000128,729,718,11
102000129,1428,589,839
102000130,739,551,188
102000131,1193,450,743
102000132,461,589,-128
102000133,1974,1701,273
102000134,804,626,178
102000135,749,745,4
102000136,1028,478,550
102000137,736,1115,-379
102000138,292,425,-133
102000139,122,669,-547
102000140,277,861,-584
102000141,210,360,-150
102000142,274,267,7
102000143,160,257,-97
102000144,274,313,-39
102000145,318,362,-44
102000146,441,262,179
102000147,425,392,33
102000148,188,484,-296
102000149,220,264,-44
102000150,395,85,310
102000151,154,193,-39
102000152,275,111,164
102000153,941,449,492
102000154,224,465,-241
102000155,68,235,-167
102000156,281,106,175
102000157,78,309,-231
102000158,369,390,-21
102000159,562,450,112
102000161,2045,1719,326
102000162,176,160,16
102000163,109,453,-344
102000164,685,1034,-349
102000165,176,152,24
102000166,57,179,-122
102000167,211,169,42
102000168,255,140,115
102000169,128,417,-289
102000170,381,153,228
102000171,129,72,57
102000172,31,262,-231
102000173,345,216,129
102000174,99,55,44
102000175,302,73,229
102000176,62,26,36
102000178,257,317,-60
102000179,304,216,88
102000180,878,345,533
102000181,664,470,194
102000182,541,489,52
102000183,1628,1161,467
102000184,1705,606,1099
102000185,2506,916,1590
102000186,1197,1081,116
102000187,1161,1171,-10
102000188,1401,1214,187
102000189,1536,596,940
102000190,434,2158,-1724
102000191,869,413,456
102000192,1110,1217,-107
102000193,62,86,-24
102000194,38,95,-57
102000195,394,343,51
102000196,189,199,-10
102000197,693,277,416
102000198,199,421,-222
102000199,1004,272,732
102000200,246,654,-408
102000201,947,348,599
102000202,8,74,-66
102000203,391,144,247
102000204,440,470,-30
102000205,974,320,654
102000206,602,414,188
102000207,668,304,364
102000208,361,343,18
102000209,58,58,0
102000210,390,295,95
102000211,371,229,142
102000212,309,7,302
102000213,5,177,-172
102000214,250,5,245
102000215,6,222,-216
102000216,60,62,-2
102000217,11,88,-77
102000218,246,179,67
102000219,306,166,140
102000225,557,539,18
102000226,979,928,51
102000227,137,1,136
102000228,2,92,-90
102000229,27,63,-36
102000230,287,324,-37
102000231,198,280,-82
102000232,37,140,-103
102000233,405,497,-92
102000234,99,811,-712
102000236,176,83,93
102000237,408,116,292
102000238,148,173,-25
102000240,413,643,-230
102000241,178,131,47
102000243,46,46,0
102000245,18,101,-83
102000246,4,23,-19
102000247,497,547,-50
102000248,507,780,-273
102000249,145,120,25
102000250,80,244,-164
102000254,181,178,3
102000266,29,423,-394
102000271,16,0,16
102000286,368,275,93
102000297,1503,743,760
102000301,0,0,0
102000303,0,0,0
102000307,0,7,-7
102900001,1123,530,593
102900002,386,27,359
102900003,54,114,-60
102900005,323,212,111
102900006,459,83,376
102900007,408,18,390
102900008,175,25,150
102900009,425,224,201
102900010,269,847,-578
102900011,1228,305,923
102900012,296,66,230
102900013,30,45,-15
102900015,422,326,96
102900016,73,111,-38
102900017,150,425,-275
102900018,38,83,-45
102900019,306,294,12
102900020,144,27,117
102900021,49,73,-24
102900022,566,165,401
102900023,60,42,18
102900024,29,28,1
102900025,165,81,84
102900026,268,1827,-1559
102900027,108,71,37
102900028,129,700,-571
102900029,159,220,-61
102900030,413,241,172
102900031,256,111,145
102900032,102,70,32
102900033,136,131,5
102900034,513,42,471
102900035,112,184,-72
102900036,277,321,-44
102900037,287,302,-15
102900038,465,291,174
102900039,30,448,-418
102900040,118,208,-90
102900041,74,135,-61
102900042,186,204,-18
102900043,170,172,-2
102900044,487,1340,-853
102900045,194,375,-181
102900046,138,189,-51
102900047,107,470,-363
102900048,596,342,254
102900049,153,241,-88
102900050,188,249,-61
102900051,175,161,14
102900053,305,478,-173
102900054,357,958,-601
102900055,57,185,-128
102900056,104,310,-206
102900057,7,40,-33
102900058,287,72,215
102900059,23,58,-35
102900060,119,414,-295
102900061,157,373,-216
102900062,228,596,-368
102900063,1091,310,781
102900064,73,329,-256
102900065,726,274,452
102900066,343,13,330
102900068,110,75,35
102900070,185,397,-212
102900072,13,48,-35
102900073,117,5,112
102900075,26,54,-28
102900076,81,123,-42
102900077,27,20,7
102900078,19,45,-26
102900079,148,8,140
102900080,335,19,316
102900081,117,175,-58
102900082,15,193,-178
102900083,141,12,129
102900084,4,35,-31
102900085,331,110,221
102900086,12,37,-25
102900087,104,108,-4
102900088,32,26,6
102900089,215,92,123
102900090,1,224,-223
102900091,147,1,146
102900092,344,614,-270
102900094,4,124,-120
102900095,71,0,71
102900096,84,20,64
102900097,2,92,-90
103000001,1952,2025,-73
103000002,1627,1894,-267
103000003,2610,1990,620
103000004,816,749,67
103000005,1711,2663,-952
103000006,756,1229,-473
103000007,366,575,-209
103000008,778,501,277
103000009,1315,854,461
103000010,104,95,9
103000011,1399,1062,337
103000012,1322,1304,18
103000013,2366,1302,1064
103000014,1172,2053,-881
103000015,1193,506,687
103000016,504,1153,-649
103000017,195,352,-157
103000018,480,315,165
103000019,327,272,55
103000020,1545,1022,523
103000021,1512,1715,-203
103000022,564,740,-176
103000023,581,1640,-1059
103000024,69,107,-38
103000025,91,708,-617
103000026,585,127,458
103000027,232,502,-270
103000028,312,292,20
103000029,198,324,-126
103000030,1177,1133,44
103000031,1019,1491,-472
103000032,2036,1073,963
103000033,2655,2539,116
103000034,1012,891,121
103000035,325,984,-659
103000036,298,463,-165
103000037,492,484,8
103000038,414,773,-359
103000039,430,270,160
103000040,379,671,-292
103000041,1338,1278,60
103000042,1116,366,750
103000043,493,770,-277
103000044,216,137,79
103000046,341,353,-12
103000047,557,434,123
103000048,173,142,31
103000049,119,102,17
103000050,644,291,353
103000051,494,424,70
103000052,640,274,366
103000053,187,667,-480
103000054,2133,960,1173
103000055,1812,1531,281
103000056,711,987,-276
103000057,766,206,560
103000058,500,579,-79
103000059,482,625,-143
103000060,662,470,192
103000061,334,703,-369
103000062,903,442,461
103000063,726,731,-5
103000064,116,138,-22
103000065,10,367,-357
103000066,181,11,170
103000069,320,288,32
103000070,902,595,307
103000071,1154,577,577
103000072,111,440,-329
103000073,594,102,492
103000074,582,77,505
103000075,122,482,-360
103000076,276,331,-55
103000077,26,216,-190
103000078,644,612,32
103000079,441,571,-130
103000080,658,358,300
103000081,373,1069,-696
103000082,439,188,251
103000083,88,268,-180
103000084,81,9,72
103000085,2,118,-116
103000086,399,314,85
103000087,112,510,-398
103000088,220,246,-26
103000089,179,364,-185
103000090,1878,788,1090
103000091,517,478,39
103000092,233,186,47
103000093,247,341,-94
103000094,179,95,84
103000095,56,266,-210
103000096,565,69,496
103000097,69,626,-557
103000098,716,160,556
103000099,228,512,-284
103000100,132,465,-333
103000101,887,88,799
103000102,115,389,-274
103000103,693,125,568
103000104,38,107,-69
103000105,149,58,91
103000106,15,115,-100
103000107,163,30,133
103000108,867,510,357
103000109,369,414,-45
103000110,437,386,51
103000111,310,356,-46
103000112,240,192,48
103000113,330,490,-160
103000114,942,365,577
103000115,607,436,171
103000116,616,391,225
103000117,430,421,9
103000118,404,416,-12
103000119,743,353,390
103000120,31,80,-49
103000121,180,446,-266
103000122,333,473,-140
103000125,22,184,-162
103000126,682,5,677
103000127,4,139,-135
103000128,186,1,185
103000129,2,102,-100
103000130,69,26,43
103000131,170,89,81
103000132,86,267,-181
103000133,26,124,-98
103000134,322,732,-410
103000135,446,253,193
103000136,472,421,51
103000137,444,580,-136
103000138,577,747,-170
103000139,1,59,-58
103000140,106,22,84
103000141,54,137,-83
103000142,130,56,74
103000143,49,154,-105
103000144,145,62,83
103000145,28,183,-155
103000150,69,37,32
103000152,143,248,-105
103000153,169,139,30
103000156,4,247,-243
103000157,424,3,421
103000159,188,54,134
103000162,92,23,69
103000163,9,33,-24
103000164,13,21,-8
103000165,72,189,-117
103000166,229,306,-77
103000167,193,108,85
103000168,117,120,-3
103000169,180,369,-189
103000170,801,325,476
103000171,32,90,-58
103000172,444,220,224
103000173,527,342,185
103000174,162,227,-65
103000175,320,216,104
103000176,792,584,208
103000177,389,311,78
103000178,177,199,-22
103000179,291,37,254
103000183,133,12,121
103000185,99,28,71
103000186,130,136,-6
103000187,616,212,404
103000188,15,87,-72
103000189,544,511,33
103000191,514,473,41
103000292,915,1438,-523
103000293,805,2034,-1229
103000295,35,106,-71
103000296,316,5,311
103000297,26,51,-25
103000504,3,11,-8
103000505,9,23,-14
103000506,2,223,-221
103000507,166,2,164
103000508,49,53,-4
103000509,214,558,-344
103900001,20,130,-110
103900002,761,146,615
103900003,1032,119,913
103900004,108,3,105
103900005,5,118,-113
103900006,7,3,4
103900007,67,1,66
103900008,4,1,3
103900009,228,411,-183
103900010,182,257,-75
103900011,326,119,207
103900012,32,14,18
103900013,60,63,-3
103900014,67,12,55
103900015,56,19,37
103900016,222,145,77
103900017,40,69,-29
103900018,578,148,430
103900019,79,342,-263
103900020,191,388,-197
103900021,304,59,245
103900022,1044,623,421
103900023,153,3,150
103900024,57,239,-182
103900025,15,42,-27
103900026,51,0,51
103900027,673,185,488
103900028,24,222,-198
103900029,982,143,839
103900030,257,102,155
103900031,28,5,23
103900032,110,68,42
103900033,69,10,59
103900034,31,113,-82
103900035,56,38,18
103900036,35,38,-3
103900037,60,51,9
103900038,120,215,-95
103900039,86,193,-107
103900040,33,134,-101
103900041,46,41,5
103900042,77,243,-166
103900043,168,45,123
103900044,75,154,-79
103900045,361,141,220
103900047,83,35,48
103900048,28,18,10
103900049,264,879,-615
103900050,18,128,-110
103900051,0,30,-30
103900052,181,223,-42
103900053,273,400,-127
103900054,119,229,-110
103900055,447,156,291
103900056,67,27,40
103900057,34,95,-61
103900058,259,449,-190
103900059,0,31,-31
103900060,62,154,-92
103900061,210,21,189
103900062,311,79,232
103900063,3,0,3
103900064,122,5,117
103900065,810,364,446
103900066,139,35,104
103900067,177,14,163
103900068,14,0,14
103900069,44,14,30
103900070,141,167,-26
103900071,11,86,-75
103900072,10,139,-129
103900073,18,24,-6
103900074,57,68,-11
103900075,211,53,158
103900076,504,328,176
103900077,40,77,-37
103900078,286,102,184
103900079,120,153,-33
103900080,6,34,-28
103900081,97,24,73
103900082,17,102,-85
103900083,841,993,-152
103900084,57,102,-45
103900085,79,119,-40
103900086,668,347,321
103900088,323,490,-167
103900089,47,134,-87
103900090,37,151,-114
103900091,941,171,770
103900092,599,308,291
103900093,41,203,-162
103900094,11,55,-44
103900095,183,153,30
103900096,14,123,-109
103900097,10,327,-317
103900098,240,92,148
103900099,61,51,10
103900100,267,269,-2
103900101,120,926,-806
103900102,2,27,-25
103900104,3,18,-15
103900105,90,154,-64
103900106,1,99,-98
103900107,127,132,-5
103900108,44,236,-192
103900109,113,58,55
103900110,219,66,153
103900111,108,372,-264
103900112,18,47,-29
103900113,112,221,-109
103900114,315,280,35
103900115,199,148,51
103900116,3395,2677,718
103900117,116,58,58
103900119,32,102,-70
103900120,57,80,-23
103900122,105,187,-82
103900123,1015,531,484
103900124,80,329,-249
103900125,115,62,53
103900126,520,301,219
103900127,170,252,-82
103900128,160,84,76
103900131,19,75,-56
103900133,853,28,825
103900134,0,9,-9
103900135,10,8,2
103900137,2,25,-23
103900138,147,148,-1
103900139,253,1974,-1721
103900140,5,202,-197
103900141,186,54,132
103900142,243,89,154
103900143,127,4,123
103900144,2,25,-23
103900145,181,167,14
103900146,263,211,52
103900147,313,98,215
103900148,215,228,-13
103900149,333,442,-109
103900150,3810,3526,284
103900151,39,150,-111
103900152,545,270,275
103900153,5,0,5
103900154,405,1436,-1031
103900155,62,177,-115
103900156,52,113,-61
103900157,60,136,-76
103900158,96,97,-1
103900159,139,49,90
103900160,54,22,32
103900161,88,131,-43
103900162,45,123,-78
103900163,6,325,-319
103900167,12,72,-60
103900168,105,86,19
103900169,53,45,8
103900170,1,70,-69
103900171,4,37,-33
103900172,2,15,-13
103900173,10,11,-1
103900174,212,61,151
103900175,57,76,-19
103900176,4,31,-27
103900177,14,100,-86
103900178,60,60,0
103900179,66,79,-13
103900180,10,42,-32
103900181,46,48,-2
103900182,42,22,20
103900184,370,112,258
103900185,81,337,-256
103900187,14,70,-56
103900188,51,14,37
103900189,130,8,122
103900190,71,68,3
103900191,31,37,-6
103900192,12,53,-41
103900193,124,156,-32
103900194,64,160,-96
103900195,6,74,-68
103900196,58,37,21
103900197,20,19,1
103900198,14,26,-12
103900199,105,56,49
103900200,124,91,33
103900201,91,154,-63
103900202,20,46,-26
103900203,21,11,10
103900204,1,69,-68
103900207,0,71,-71
103900208,121,0,121
103900209,3,71,-68
103900210,47,20,27
103900211,492,264,228
103900212,96,240,-144
103900213,51,177,-126
103900214,221,208,13
103900215,193,321,-128
103900216,14,263,-249
103900217,276,62,214
103900218,0,205,-205
103900219,133,168,-35
103900233,67,4,63
103900235,25,29,-4
103900236,13,6,7
103900242,3,8,-5
103900243,6,2,4
103900244,118,149,-31
103900245,86,123,-37
103900246,33,35,-2
103900247,32,60,-28
103900248,5,35,-30
103900249,14,34,-20
103900250,19,22,-3
103900251,3,48,-45
103900253,13,89,-76
103900254,3,20,-17
103900255,2,17,-15
103900256,6,28,-22
103900257,70,94,-24
103900258,26,6,20
103900259,34,8,26
103900261,2,0,2
103900262,11,1,10
103900263,15,36,-21
103900264,35,17,18
103900265,21,12,9
103900266,4,117,-113
103900267,2,47,-45
103900268,5,64,-59
103900269,165,27,138
103900270,65,114,-49
103900271,23,72,-49
103900272,64,51,13
103900273,23,28,-5
103900274,104,6,98
103900275,48,11,37
103900276,2,37,-35
103900277,2,37,-35
103900278,7,19,-12
103900279,3,35,-32
103900280,2,32,-30
104000001,2054,1358,696
104000002,1286,1669,-383
104000003,1797,1518,279
104000004,2030,2035,-5
104000005,1324,1377,-53
104000006,2568,1928,640
104000007,3198,3551,-353
104000008,190,183,7
104000009,245,82,163
104000010,137,236,-99
104000011,363,164,199
104000012,122,214,-92
104000013,241,158,83
104000014,206,462,-256
104000015,273,131,142
104000016,481,227,254
104000018,769,182,587
104000019,691,180,511
104000020,108,380,-272
104000021,217,302,-85
104000022,109,238,-129
104000023,786,308,478
104000024,225,272,-47
104000026,41,235,-194
104000027,254,157,97
104000028,361,194,167
104000029,298,235,63
104000030,289,199,90
104000031,1267,332,935
104000032,226,189,37
104000033,609,445,164
104000034,344,188,156
104000035,845,295,550
104000036,669,405,264
104000037,278,171,107
104000038,424,226,198
104000039,203,151,52
104000040,153,262,-109
104000041,530,229,301
104000042,232,277,-45
104000043,181,292,-111
104000044,225,440,-215
104000045,783,671,112
104000046,772,1089,-317
104000047,592,699,-107
104000048,816,907,-91
104000049,449,254,195
104000050,165,508,-343
104000051,75,442,-367
104000052,1438,1314,124
104000053,962,428,534
104000054,688,296,392
104000055,2585,1756,829
104000056,708,148,560
104000057,127,319,-192
104000058,753,676,77
104000059,438,814,-376
104000060,856,998,-142
104000061,1105,692,413
104000062,282,72,210
104000064,418,254,164
104000065,138,553,-415
104000069,658,1061,-403
104000070,58,410,-352
104000071,102,315,-213
104000072,476,162,314
104000075,60,205,-145
104000076,437,59,378
104000082,1790,2875,-1085
104000083,713,183,530
104000084,120,368,-248
104000085,277,272,5
104000086,226,358,-132
104000087,382,1416,-1034
104000090,699,908,-209
104000092,1082,1382,-300
104000094,741,974,-233
104000095,1593,1120,473
104000096,1184,129,1055
104000097,1598,574,1024
104000098,2089,627,1462
104000100,1477,470,1007
104000101,981,1094,-113
104000106,34,496,-462
104000107,481,347,134
104000108,259,351,-92
104000109,257,88,169
104000110,673,792,-119
104000111,2183,1923,260
104000112,1286,489,797
104000116,1,636,-635
104000117,153,347,-194
104000118,544,163,381
104000119,605,240,365
104000120,232,440,-208
104000121,206,509,-303
104000122,565,595,-30
104000123,534,642,-108
104000124,513,1272,-759
104000125,2036,3611,-1575
104000126,320,315,5
104000127,1015,1472,-457
104000128,554,284,270
104000129,315,21,294
104000130,5,165,-160
104000131,337,340,-3
104000132,360,311,49
104000133,1324,601,723
104000134,963,1310,-347
104000135,366,1535,-1169
104000136,677,3263,-2586
104000137,1438,401,1037
104000138,713,274,439
104000139,3295,2024,1271
104000141,781,841,-60
104000142,454,418,36
104000143,477,329,148
104000144,113,174,-61
104000145,414,158,256
104000146,207,404,-197
104000147,132,222,-90
104000148,388,121,267
104000149,162,172,-10
104000150,880,412,468
104000151,316,229,87
104000152,437,385,52
104000153,523,413,110
104000154,676,404,272
104000155,442,528,-86
104000157,755,964,-209
104000158,245,417,-172
104000159,871,412,459
104000160,1707,1583,124
104000161,133,160,-27
104000162,51,136,-85
104000165,774,763,11
104000167,605,862,-257
104000168,485,5,480
104000169,108,29,79
104000170,341,505,-164
104000248,246,427,-181
104000251,65,172,-107
104000272,0,0,0
104000273,0,0,0
104000274,0,0,0
104000275,0,0,0
104000279,554,350,204
104000290,71,199,-128
104000291,399,807,-408
104000293,671,493,178
104000294,39,0,39
104000295,381,513,-132
104000296,297,413,-116
104000297,492,1399,-907
104000298,1401,554,847
104000299,589,1048,-459
104900001,180,259,-79
104900002,40,147,-107
104900003,40,263,-223
104900004,92,188,-96
104900005,230,237,-7
104900006,306,68,238
104900007,296,199,97
104900009,132,233,-101
104900010,85,32,53
104900011,36,25,11
104900012,203,32,171
104900013,78,19,59
104900014,1744,222,1522
104900015,50,3,47
104900016,212,136,76
104900017,144,145,-1
104900018,8,192,-184
104900019,207,2764,-2557
104900020,46,206,-160
104900021,3,93,-90
104900022,12,71,-59
104900023,1,40,-39
104900024,14,50,-36
104900025,58,157,-99
104900026,3,63,-60
104900027,571,261,310
104900028,57,75,-18
104900029,49,50,-1
104900030,446,189,257
104900031,59,124,-65
104900032,39,104,-65
104900033,145,202,-57
104900034,362,161,201
104900035,301,183,118
104900036,212,72,140
104900037,182,196,-14
104900038,285,723,-438
104900039,331,270,61
104900040,452,74,378
104900041,211,126,85
104900042,166,155,11
104900043,17,137,-120
104900044,632,148,484
104900045,450,71,379
104900046,217,94,123
104900047,328,89,239
104900048,350,73,277
104900049,35,22,13
104900050,281,62,219
104900051,258,40,218
104900052,51,3,48
104900053,399,60,339
104900054,114,14,100
104900055,112,4,108
104900056,232,16,216
104900057,63,0,63
104900058,333,108,225
104900059,201,74,127
104900060,1,213,-212
104900061,171,277,-106
104900063,0,88,-88
104900064,0,58,-58
104900065,2,188,-186
104900066,4,86,-82
104900067,7,266,-259
104900068,17,154,-137
104900070,156,175,-19
104900071,1,335,-334
104900072,37,221,-184
104900073,43,112,-69
104900074,35,170,-135
104900075,42,30,12
104900076,59,173,-114
104900077,461,176,285
104900078,178,300,-122
104900079,56,449,-393
104900080,89,343,-254
104900082,16,293,-277
104900085,0,141,-141
104900087,278,8,270
104900089,206,1,205
104900090,774,667,107
104900091,854,394,460
104900093,162,392,-230
104900097,1662,1683,-21
104900098,117,46,71
104900099,195,529,-334
104900100,303,140,163
104900102,35,96,-61
104900103,303,42,261
104900104,1764,1560,204
104900106,141,76,65
104900107,101,135,-34
104900108,15,148,-133
104900109,77,86,-9
104900110,7,42,-35
104900111,120,64,56
104900112,183,382,-199
104900113,552,270,282
104900114,345,324,21
104900115,622,263,359
104900116,257,141,116
104900118,26,34,-8
104900119,16,45,-29
104900120,24,221,-197
104900121,2,55,-53
104900122,0,24,-24
104900123,54,7,47
104900124,45,1,44
104900125,347,2,345
104900126,100,34,66
104900127,25,43,-18
104900128,97,189,-92
104900129,830,1693,-863
105000001,2338,1066,1272
105000002,1795,1105,690
105000003,2543,2516,27
105000004,593,567,26
105000005,837,802,35
105000006,1075,1301,-226
105000007,1028,1338,-310
105000008,1210,2724,-1514
105000009,2184,2792,-608
105000010,2402,1433,969
105000011,3125,2596,529
105000012,3490,2123,1367
105000013,966,872,94
105000014,2056,2095,-39
105000015,7850,12195,-4345
105000016,1775,1677,98
105000017,1183,686,497
105000018,981,1349,-368
105000019,1083,706,377
105000020,137,441,-304
105000021,261,104,157
105000022,220,92,128
105000023,503,274,229
105000028,70,104,-34
105000029,622,1127,-505
105000030,3380,2054,1326
105000031,4,29,-25
105000033,975,1361,-386
105000034,107,892,-785
105000037,512,186,326
105000038,1364,1533,-169
105000039,1834,1230,604
105000040,852,976,-124
105000041,425,971,-546
105000042,2568,1593,975
105000043,1280,1611,-331
105000044,659,437,222
105000045,288,465,-177
105000046,1060,253,807
105000047,500,849,-349
105000048,543,193,350
105000049,214,399,-185
105000050,656,342,314
105000051,108,347,-239
105000052,875,757,118
105000053,123,120,3
105000054,799,618,181
105000055,667,250,417
105000056,1454,1621,-167
105000057,1280,681,599
105000058,1133,902,231
105000059,737,599,138
105000060,381,487,-106
105000061,740,466,274
105000062,482,497,-15
105000063,228,294,-66
105000064,1391,689,702
105000065,330,419,-89
105000066,858,923,-65
105000067,1218,707,511
105000068,301,629,-328
105000069,1250,1669,-419
105000070,443,763,-320
105000071,227,740,-513
105000072,988,2076,-1088
105000073,761,501,260
105000074,675,531,144
105000075,407,636,-229
105000076,832,735,97
105000077,1923,961,962
105000078,962,1035,-73
105000079,1049,2401,-1352
105000080,1544,1100,444
105000081,2765,1255,1510
105000082,869,1551,-682
105000083,3656,2903,753
105000084,483,650,-167
105000085,1436,1693,-257
105000086,587,756,-169
105000087,1136,1338,-202
105000088,1289,1328,-39
105000089,1974,1618,356
105000090,867,638,229
105000091,939,1252,-313
105000092,568,715,-147
105000093,296,267,29
105000094,327,171,156
105000095,99,517,-418
105000096,1067,948,119
105000097,796,669,127
105000098,798,543,255
105000099,667,621,46
105000100,1233,839,394
105000101,1717,1548,169
105000102,1400,1252,148
105000103,1233,1899,-666
105000104,1906,825,1081
105000105,991,1412,-421
105000106,1157,1093,64
105000107,1325,664,661
105000108,1420,899,521
105000109,1416,1152,264
105000110,743,434,309
105000111,791,592,199
105000112,1066,576,490
105000113,364,602,-238
105000114,1862,982,880
105000115,338,1057,-719
105000116,702,399,303
105000117,733,606,127
105000118,489,368,121
105000119,515,559,-44
105000120,915,449,466
105000121,605,592,13
105000122,435,519,-84
105000123,820,865,-45
105000124,1759,706,1053
105000125,730,1362,-632
105000126,1812,1153,659
105000127,1998,1399,599
105000128,507,827,-320
105000129,830,321,509
105000130,301,2380,-2079
105000131,500,260,240
105000132,799,462,337
105000133,399,701,-302
105000134,660,514,146
105000135,386,429,-43
105000136,113,237,-124
105000137,472,144,328
105000138,162,304,-142
105000139,846,732,114
105000140,474,355,119
105000141,369,373,-4
105000142,262,345,-83
105000143,174,440,-266
105000144,198,654,-456
105000145,586,303,283
105000146,344,672,-328
105000147,606,362,244
105000148,974,544,430
105000149,2149,1740,409
105000150,1458,1124,334
105000151,428,364,64
105000152,190,332,-142
105000153,508,658,-150
105000154,440,382,58
105000155,311,750,-439
105000156,576,456,120
105000157,704,1017,-313
105000158,1541,630,911
105000159,268,697,-429
105000160,1832,614,1218
105000161,516,675,-159
105000162,516,1500,-984
105000163,798,615,183
105000164,193,241,-48
105000165,600,4483,-3883
105000166,3529,974,2555
105000167,1117,1367,-250
105000168,448,474,-26
105000169,505,226,279
105000170,231,979,-748
105000171,1010,167,843
105000172,170,68,102
105000173,212,146,66
105000174,79,82,-3
105000175,65,103,-38
105000176,399,89,310
105000177,306,202,104
105000178,199,376,-177
105000179,654,186,468
105000180,138,91,47
105000181,138,178,-40
105000182,65,36,29
105000183,1583,1611,-28
105000184,1125,901,224
105000185,1101,852,249
105000186,355,624,-269
105000187,597,177,420
105000188,241,144,97
105000189,139,427,-288
105000190,258,309,-51
105000191,357,281,76
105000192,279,70,209
105000193,91,114,-23
105000194,510,106,404
105000195,240,516,-276
105000196,107,283,-176
105000197,274,394,-120
105000198,526,248,278
105000199,235,627,-392
105000200,113,206,-93
105000201,117,33,84
105000203,23,151,-128
105000204,60,68,-8
105000205,92,166,-74
105000207,318,163,155
105000208,158,494,-336
105000209,206,333,-127
105000211,263,10,253
105000212,1163,885,278
105000213,149,138,11
105000214,140,150,-10
105000215,268,137,131
105000216,172,203,-31
105000217,134,177,-43
105000218,1327,822,505
105000221,143,159,-16
105000222,777,221,556
105000223,339,249,90
105000226,82,165,-83
105000227,49,111,-62
105000228,210,1511,-1301
105000229,162,422,-260
105000231,354,260,94
105000233,734,530,204
105000234,548,896,-348
105000235,345,502,-157
105000237,559,80,479
105000243,17,27,-10
105000248,50,72,-22
105000262,359,881,-522
105000269,148,165,-17
105000270,392,52,340
105000271,0,119,-119
105000282,60,54,6
105000287,356,75,281
105000288,1067,332,735
105000289,2127,1589,538
105000290,26,11,15
105000402,2549,3266,-717
105000426,373,453,-80
105000438,3303,1376,1927
105000440,30,12,18
105000446,7304,4359,2945
105000447,4201,2231,1970
105000454,522,490,32
105000455,227,141,86
105000474,37,2,35
105000477,450,495,-45
105000478,1611,3634,-2023
105000479,81,111,-30
105000480,7668,5764,1904
105000481,4071,2850,1221
105000482,3607,5659,-2052
105000483,1549,1843,-294
105000484,1822,2382,-560
105000485,1420,2710,-1290
105000486,2592,1935,657
105000488,7661,3845,3816
105000489,766,749,17
105000549,131,189,-58
105000550,378,1222,-844
105000551,16,83,-67
105000552,1740,1232,508
105000555,904,914,-10
105000556,33,21,12
105000557,52,153,-101
105900001,14,1593,-1579
105900002,760,694,66
105900003,15,94,-79
105900004,157,134,23
105900005,6,236,-230
105900006,15,93,-78
105900007,119,27,92
105900008,53,427,-374
105900009,24,17,7
105900011,130,32,98
105900012,379,83,296
105900013,2,16,-14
105900014,9,53,-44
105900015,123,271,-148
105900016,356,359,-3
105900017,1450,35,1415
105900018,168,116,52
105900019,54,197,-143
105900020,45,57,-12
105900021,32,230,-198
105900022,177,156,21
105900023,6,85,-79
105900024,15,240,-225
105900025,164,15,149
105900026,171,6,165
105900027,7613,5057,2556
105900028,534,424,110
105900029,1302,271,1031
105900030,222,182,40
105900031,274,160,114
105900032,59,105,-46
105900033,103,124,-21
105900034,155,145,10
105900035,137,100,37
105900036,143,90,53
105900037,79,60,19
105900038,177,191,-14
105900039,170,57,113
105900040,54,100,-46
105900041,125,122,3
105900042,61,161,-100
105900043,879,42,837
105900044,4,185,-181
105900045,7,588,-581
105900046,7,239,-232
105900047,13,39,-26
105900048,135,400,-265
105900050,3671,3014,657
105900051,40,1016,-976
105900052,548,201,347
105900053,1934,2875,-941
105900054,320,141,179
105900056,550,337,213
105900057,59,106,-47
105900058,22,15,7
105900059,0,55,-55
106000001,3249,2075,1174
106000002,1346,3758,-2412
106000003,2362,2907,-545
106000004,1278,2065,-787
106000005,2994,4142,-1148
106000006,4348,2705,1643
106000007,488,476,12
106000008,367,242,125
106000009,549,346,203
106000010,606,487,119
106000011,1099,958,141
106000012,879,931,-52
106000013,1505,1581,-76
106000014,1364,1179,185
106000015,1706,889,817
106000016,1028,1369,-341
106000017,482,508,-26
106000018,430,222,208
106000019,368,384,-16
106000020,228,182,46
106000021,298,397,-99
106000022,252,90,162
106000023,565,251,314
106000024,352,234,118
106000025,156,168,-12
106000026,76,141,-65
106000027,1414,1132,282
106000028,564,351,213
106000029,579,631,-52
106000030,389,429,-40
106000034,188,445,-257
106000035,983,1781,-798
106000036,177,356,-179
106000037,1552,1005,547
106000038,222,111,111
106000039,122,65,57
106000040,142,770,-628
106000041,579,445,134
106000043,534,217,317
106000046,286,73,213
106000047,56,328,-272
106000049,977,158,819
106000050,238,427,-189
106000051,704,409,295
106000052,97,383,-286
106000053,343,112,231
106000054,269,282,-13
106000055,960,688,272
106000056,220,286,-66
106000057,335,247,88
106000058,124,115,9
106000059,339,251,88
106000060,300,337,-37
106000061,220,496,-276
106000062,138,361,-223
106000063,666,495,171
106000064,25,264,-239
106000065,306,260,46
106000066,114,239,-125
106000067,329,79,250
106000068,47,391,-344
106000069,209,55,154
106000070,434,531,-97
106000071,988,245,743
106000072,1764,1229,535
106000073,1230,2642,-1412
106000074,595,507,88
106000075,318,1104,-786
106000076,1636,1660,-24
106000077,2632,1061,1571
106000078,993,708,285
106000079,639,661,-22
106000080,1135,525,610
106000081,578,953,-375
106000082,1830,719,1111
106000083,433,1129,-696
106000084,1032,556,476
106000085,1161,1267,-106
106000086,594,733,-139
106000087,825,477,348
106000088,404,625,-221
106000089,931,270,661
106000090,297,499,-202
106000091,219,356,-137
106000092,535,212,323
106000093,271,114,157
106000094,69,163,-94
106000095,706,542,164
106000096,785,524,261
106000097,1029,630,399
106000098,632,757,-125
106000099,207,639,-432
106000100,1116,207,909
106000101,1193,308,885
106000102,337,611,-274
106000103,312,441,-129
106000104,849,361,488
106000105,414,418,-4
106000106,588,341,247
106000107,171,201,-30
106000108,319,246,73
106000109,201,165,36
106000110,236,232,4
106000111,196,291,-95
106000112,172,464,-292
106000113,555,383,172
106000114,368,675,-307
106000115,199,278,-79
106000116,281,141,140
106000117,840,498,342
106000118,952,1113,-161
106000119,1133,688,445
106000120,748,1011,-263
106000121,189,104,85
106000122,104,120,-16
106000123,475,111,364
106000124,38,139,-101
106000125,30,142,-112
106000126,305,74,231
106000127,834,522,312
106000128,773,161,612
106000129,398,361,37
106000130,653,249,404
106000131,143,540,-397
106000132,521,178,343
106000133,1254,873,381
106000134,415,1743,-1328
106000135,210,443,-233
106000136,602,944,-342
106000137,64,450,-386
106000138,1058,94,964
106000139,48,76,-28
106000140,42,32,10
106000141,105,25,80
106000142,75,70,5
106000143,29,48,-19
106000144,17,61,-44
106000145,207,184,23
106000146,380,126,254
106000147,349,489,-140
106000148,351,660,-309
106000149,619,361,258
106000150,477,1525,-1048
106000151,2643,600,2043
106000152,770,1534,-764
106000153,140,867,-727
106000154,1003,150,853
106000155,134,197,-63
106000156,718,181,537
106000157,493,1080,-587
106000158,1497,750,747
106000159,1964,1558,406
106000160,354,2233,-1879
106000161,1022,286,736
106000162,297,866,-569
106000163,357,277,80
106000164,477,245,232
106000165,204,353,-149
106000166,675,243,432
106000167,316,695,-379
106000168,463,234,229
106000169,247,397,-150
106000170,749,193,556
106000171,180,899,-719
106000172,2202,1136,1066
106000173,850,1687,-837
106000174,1074,255,819
106000175,258,554,-296
106000176,1451,687,764
106000177,626,1556,-930
106000178,2548,1198,1350
106000179,812,1577,-765
106000180,635,902,-267
106000181,781,1140,-359
106000182,1202,534,668
106000183,1235,430,805
106000184,1296,412,884
106000185,913,786,127
106000186,662,137,525
106000187,160,926,-766
106000188,1,6,-5
106000189,33,44,-11
106000190,14,3,11
106000191,615,184,431
106000192,0,14,-14
106000193,298,172,126
106000194,136,250,-114
106000195,385,97,288
106000196,80,244,-164
106000197,526,140,386
106000198,156,170,-14
106000199,719,620,99
106000200,145,182,-37
106000201,365,2306,-1941
106000202,2071,468,1603
106000203,23,134,-111
106000204,107,4,103
106000205,23,113,-90
106000206,83,31,52
106000207,30,431,-401
106000208,1219,147,1072
106000209,1333,318,1015
106000210,306,672,-366
106000211,229,805,-576
106000212,787,358,429
106000213,434,1426,-992
106000214,1873,545,1328
106000215,237,337,-100
106000216,330,263,67
106000217,236,253,-17
106000218,414,334,80
106000219,122,219,-97
106000220,417,200,217
106000221,293,176,117
106000222,58,74,-16
106000223,258,97,161
106000224,254,155,99
106000225,154,108,46
106000226,92,208,-116
106000228,37,82,-45
106000229,82,463,-381
106000231,822,93,729
106000232,114,245,-131
106000233,493,90,403
106000234,49,140,-91
106000235,753,114,639
106000236,217,72,145
106000237,7,10,-3
106000238,69,23,46
106000239,3,107,-104
106000240,70,4,66
106000241,11,484,-473
106000242,251,23,228
106000249,86,52,34
106000250,54,540,-486
106000251,148,35,113
106000252,30,47,-17
106000253,70,58,12
106000254,37,20,17
106000255,14,117,-103
106000256,39,25,14
106000257,145,140,5
106000258,316,19,297
106000259,12,58,-46
106000260,83,10,73
106000261,9,44,-35
106000262,64,16,48
106000263,13,45,-32
106000264,154,8,146
106000265,6,98,-92
106000266,86,18,68
106000267,3,40,-37
106000268,343,79,264
106000269,57,28,29
106000270,92,339,-247
106000271,72,145,-73
106000272,185,40,145
106000273,15,167,-152
106000274,134,22,112
106000275,153,218,-65
106000276,114,44,70
106000277,92,191,-99
106000278,125,21,104
106000279,15,27,-12
106000280,70,58,12
106000281,73,53,20
106000282,56,41,15
106000283,109,45,64
106000284,109,72,37
106000285,99,62,37
106000286,110,131,-21
106000287,155,52,103
106000288,60,115,-55
106000289,79,56,23
106000290,52,56,-4
106000291,105,91,14
106000292,79,65,14
106000293,129,77,52
106000294,104,97,7
106000295,44,55,-11
106000296,30,63,-33
106000297,60,183,-123
106000298,107,53,54
106000299,51,105,-54
106000300,67,102,-35
106000301,45,127,-82
106000303,20,49,-29
106000304,16,32,-16
106000305,49,52,-3
106000306,48,29,19
106000307,50,30,20
106000308,22,69,-47
106000309,14,42,-28
106000310,291,430,-139
106000311,264,118,146
106000312,102,143,-41
106000313,190,190,0
106000318,71,339,-268
106000319,866,226,640
106000320,6,43,-37
106000321,181,128,53
106000322,150,104,46
106000324,33,110,-77
106000325,1513,747,766
106000326,906,1191,-285
106000327,155,70,85
106000328,73,134,-61
106000329,192,178,14
106000330,73,73,0
106000428,85,118,-33
106000429,172,317,-145
106000430,270,900,-630
106000431,1998,325,1673
106000432,1580,2073,-493
106000433,2141,1179,962
106000434,2831,1365,1466
106000435,1115,1908,-793
106000436,17,123,-106
106000437,253,25,228
106000438,308,119,189
106000439,66,314,-248
106000440,247,477,-230
106000441,0,0,0
106000442,195,4,191
106000443,186,173,13
106000450,1,86,-85
106000451,31,49,-18
106000454,3,158,-155
106000455,8,141,-133
106000456,93,16,77
106000457,18,544,-526
106000458,798,98,700
106000459,176,237,-61
106000460,1315,17,1298
106000461,111,627,-516
106000462,0,14,-14
106000463,7,12,-5
106000464,2,282,-280
106000465,684,6,678
106000466,6,344,-338
106000467,298,347,-49
106000468,98,113,-15
106000469,130,0,130
106000470,248,1453,-1205
106000471,26,356,-330
106000472,128,12,116
106000473,38,17,21
106000474,261,420,-159
106000475,531,279,252
106000476,145,255,-110
106000477,41,78,-37
106000480,1,302,-301
106900001,0,7,-7
106900002,0,299,-299
106900003,188,1067,-879
106900004,3,17,-14
106900006,0,6,-6
106900007,0,10,-10
106900008,345,137,208
106900009,338,214,124
106900010,201,180,21
106900012,984,2011,-1027
106900013,588,158,430
106900014,37,6,31
106900015,14,2,12
106900016,308,16,292
106900017,7,0,7
106900018,1,0,1
106900019,46,5,41
106900020,1917,1362,555
106900021,164,102,62
106900022,787,4,783
106900023,65,164,-99
106900024,539,42,497
106900025,41,489,-448
106900026,1,360,-359
106900027,590,5,585
107000001,3204,3045,159
107000002,2237,3155,-918
107000003,5842,5516,326
107000004,3398,2812,586
107000005,4554,4937,-383
107000006,3187,2536,651
107000007,4986,8496,-3510
107000008,7243,5315,1928
107000009,7203,6822,381
107000010,7140,5843,1297
107000011,1020,1039,-19
107000012,3210,2251,959
107000013,81,101,-20
107000014,49,163,-114
107000015,442,538,-96
107000016,817,568,249
107000017,2333,2275,58
107000018,13,1651,-1638
107000020,1524,1936,-412
107000021,1059,413,646
107000022,781,1476,-695
107000023,1742,218,1524
107000024,692,1123,-431
107000025,209,252,-43
107000026,260,355,-95
107000027,1270,784,486
107000028,1350,999,351
107000029,3357,2651,706
107000030,2909,2233,676
107000031,3941,2135,1806
107000032,482,747,-265
107000033,2213,3263,-1050
107000034,3102,1109,1993
107000035,408,225,183
107000036,382,942,-560
107000037,88,595,-507
107000038,206,239,-33
107000039,773,704,69
107000040,200,240,-40
107000041,1139,584,555
107000042,699,1656,-957
107000043,1979,1033,946
107000044,461,256,205
107000045,65,261,-196
107000046,711,427,284
107000047,340,856,-516
107000048,658,244,414
107000049,640,665,-25
107000050,927,539,388
107000051,280,317,-37
107000052,975,954,21
107000053,285,218,67
107000054,52,244,-192
107000055,315,135,180
107000056,487,683,-196
107000057,1469,243,1226
107000058,1944,2010,-66
107000059,1506,2362,-856
107000060,4427,4695,-268
107000061,3925,2605,1320
107000062,4369,2535,1834
107000063,3440,3489,-49
107000064,4469,2289,2180
107000065,2861,3240,-379
107000066,1635,2538,-903
107000067,1079,1125,-46
107000068,1165,765,400
107000069,807,476,331
107000070,1046,12,1034
107000071,3264,58,3206
107000072,52,1991,-1939
107000073,712,311,401
107000074,208,680,-472
107000075,1924,474,1450
107000076,570,1059,-489
107000077,3509,1211,2298
107000078,2408,2158,250
107000079,2614,1035,1579
107000080,1037,2136,-1099
107000081,1846,560,1286
107000082,487,1164,-677
107000083,1347,485,862
107000084,294,1187,-893
107000085,2644,2776,-132
107000086,2842,2555,287
107000087,2656,1852,804
107000088,2740,2991,-251
107000089,1480,1508,-28
107000090,986,874,112
107000091,1378,763,615
107000092,766,710,56
107000093,1083,728,355
107000094,865,849,16
107000095,804,615,189
107000096,408,578,-170
107000097,753,282,471
107000098,412,474,-62
107000099,357,223,134
107000100,183,277,-94
107000101,69,148,-79
107000102,171,225,-54
107000103,267,164,103
107000104,202,246,-44
107000105,394,151,243
107000106,386,210,176
107000107,767,125,642
107000108,163,379,-216
107000109,566,141,425
107000110,65,344,-279
107000111,326,38,288
107000112,41,170,-129
107000113,693,103,590
107000114,96,374,-278
107000115,583,154,429
107000116,126,531,-405
107000117,151,673,-522
107000118,137,143,-6
107000119,1118,1412,-294
107000120,794,493,301
107000121,886,606,280
107000122,1273,674,599
107000123,492,557,-65
107000124,595,630,-35
107000125,937,539,398
107000126,956,623,333
107000129,231,476,-245
107000130,613,246,367
107000131,347,415,-68
107000132,592,334,258
107000133,480,101,379
107000134,258,2,256
107000135,2,266,-264
107000136,613,4,609
107000137,17,477,-460
107000138,235,27,208
107000139,25,476,-451
107000140,1165,116,1049
107000141,113,638,-525
107000142,448,78,370
107000143,58,477,-419
107000144,514,387,127
107000145,162,364,-202
107000146,181,216,-35
107000147,3469,1044,2425
107000150,518,3028,-2510
107000151,28,75,-47
107000152,336,1361,-1025
107000153,124,278,-154
107000154,211,227,-16
107000155,1007,47,960
107000156,1067,29,1038
107000157,88,1075,-987
107000158,696,36,660
107000159,46,736,-690
107000160,1184,147,1037
107000161,63,883,-820
107000162,264,567,-303
107000163,238,1,237
107000164,838,5,833
107000165,1168,18,1150
107000166,44,809,-765
107000167,634,222,412
107000168,974,564,410
107000169,714,675,39
107000170,2167,745,1422
107000171,625,1308,-683
107000172,1076,1356,-280
107000173,533,601,-68
107000174,1107,4879,-3772
107000175,4832,1147,3685
107000176,0,1,-1
107000177,3,5,-2
107000178,33,48,-15
107000179,294,1488,-1194
107000180,1488,249,1239
107000181,422,832,-410
107000182,1952,754,1198
107000183,159,526,-367
107000184,991,521,470
107000185,425,912,-487
107000186,1178,287,891
107000187,1221,1043,178
107000188,623,468,155
107000189,531,897,-366
107000190,497,452,45
107000191,812,1016,-204
107000192,1478,597,881
107000193,394,425,-31
107000194,756,566,190
107000197,885,188,697
107000198,311,597,-286
107000199,619,533,86
107000200,519,500,19
107000201,461,279,182
107000202,309,357,-48
107000203,874,909,-35
107000204,977,1234,-257
107000205,1599,921,678
107000206,642,1316,-674
107000207,574,1048,-474
107000208,805,532,273
107000209,1493,1241,252
107000210,521,262,259
107000211,2,43,-41
107000212,17,283,-266
107000213,4,22,-18
107000214,21,131,-110
107000215,440,343,97
107000216,476,275,201
107000217,197,256,-59
107000219,121,174,-53
107000220,169,182,-13
107000222,219,408,-189
107000224,436,88,348
107000225,226,261,-35
107000226,538,68,470
107000227,101,145,-44
107000228,144,310,-166
107000229,116,134,-18
107000230,821,445,376
107000231,1068,1533,-465
107000232,137,22,115
107000233,909,759,150
107000234,1,55,-54
107000235,93,15,78
107000236,19,405,-386
107000237,32,0,32
107000238,50,0,50
107000239,2882,451,2431
107000240,81,634,-553
107000243,2,32,-30
107000244,4,49,-45
107000246,0,856,-856
107000249,2,1097,-1095
107000251,11,344,-333
107000252,0,607,-607
107000255,336,134,202
107000257,2,263,-261
107000258,0,75,-75
107000259,3,117,-114
107000260,726,9,717
107000262,12,321,-309
107000263,296,5,291
107000266,8,7,1
107000267,57,78,-21
107000268,107,80,27
107000269,651,58,593
107000270,6,7,-1
107000271,21,430,-409
107000272,36,60,-24
107000273,14,434,-420
107000274,2562,552,2010
107000275,75,1809,-1734
107000280,883,40,843
107000281,29,562,-533
107000282,117,584,-467
107000290,12,33,-21
107000291,21,25,-4
107000292,4,149,-145
107000293,86,12,74
107000294,1,43,-42
107000295,15,4,11
107000296,0,25,-25
107000444,346,11,335
107000496,6,12,-6
107000497,1249,1582,-333
107000500,347,250,97
107000501,126,130,-4
107000502,158,262,-104
107000505,291,615,-324
107000506,0,21,-21
107000508,8,418,-410
107000509,232,668,-436
107000510,22,63,-41
107000514,32,300,-268
107000515,5,147,-142
107000516,426,232,194
107000518,1057,1495,-438
107000519,1100,683,417
107000520,109,35,74
107000521,669,243,426
107000522,954,421,533
107900001,78,110,-32
107900002,43,4,39
107900003,452,32,420
107900004,24,2,22
107900005,1346,8,1338
107900006,153,3,150
107900007,382,31,351
107900008,144,16,128
107900009,165,9,156
107900010,46,3,43
107900012,251,59,192
107900013,202,24,178
107900014,38,5,33
107900015,904,10,894
107900016,396,92,304
107900017,21,1,20
107900018,76,148,-72
107900019,26,22,4
107900020,94,27,67
107900021,114,89,25
107900023,2,3,-1
107900024,7,26,-19
107900025,220,222,-2
107900026,75,42,33
107900027,28,50,-22
107900028,122,58,64
107900030,189,30,159
107900031,30,74,-44
107900032,26,9,17
107900033,15,7,8
107900034,296,15,281
107900035,926,68,858
107900036,70,37,33
107900037,0,20,-20
107900038,121,205,-84
107900039,54,37,17
107900040,12,146,-134
107900041,4,3,1
107900043,24,105,-81
107900044,8,9,-1
107900045,97,50,47
107900046,161,170,-9
107900047,60,28,32
107900048,177,11,166
107900049,286,1039,-753
107900050,75,242,-167
107900051,88,55,33
107900052,19,25,-6
107900053,62,75,-13
107900055,404,214,190
107900056,129,69,60
107900057,12,0,12
107900058,41,419,-378
107900060,20,82,-62
107900061,18,13,5
107900063,74,112,-38
107900064,207,150,57
107900065,243,17,226
107900066,25,3,22
107900067,3,0,3
107900068,115,453,-338
107900069,33,2067,-2034
107900070,146,41,105
107900071,31,481,-450
107900072,122,105,17
107900073,135,76,59
107900074,530,315,215
107900076,175,40,135
107900077,77,1,76
107900079,8,15,-7
107900080,187,512,-325
107900081,41,66,-25
107900082,24,8,16
107900083,262,143,119
107900084,123,93,30
107900086,75,160,-85
107900087,466,131,335
107900088,42,12,30
107900089,187,894,-707
107900090,712,2002,-1290
107900091,151,229,-78
107900093,75,61,14
107900095,2466,2017,449
107900097,21,51,-30
107900098,40,122,-82
107900100,727,1356,-629
107900101,681,172,509
107900102,28,10,18
107900103,39,124,-85
107900104,174,9,165
107900105,1,337,-336
107900106,1,747,-746
107900107,1222,386,836
107900108,164,91,73
107900109,1509,35,1474
107900110,67,60,7
107900111,3,436,-433
107900112,82,276,-194
107900113,223,53,170
107900114,196,124,72
107900115,2,32,-30
107900116,185,98,87
107900117,205,232,-27
107900118,85,114,-29
107900119,85,270,-185
107900120,58,32,26
107900121,3,120,-117
107900122,5,82,-77
107900123,7,53,-46
107900124,7,21,-14
107900125,24,212,-188
107900126,6,81,-75
107900127,638,224,414
107900128,67,68,-1
107900129,77,29,48
107900130,94,14,80
107900131,438,242,196
107900132,98,205,-107
107900133,1,54,-53
107900134,25,99,-74
107900135,4,111,-107
107900136,54,32,22
107900137,94,88,6
107900138,64,52,12
107900139,40,28,12
107900141,34,36,-2
107900142,64,557,-493
107900143,83,18,65
107900144,2,114,-112
107900145,12,62,-50
107900146,41,85,-44
107900147,57,26,31
107900148,127,61,66
107900149,651,142,509
107900150,65,421,-356
107900151,40,74,-34
107900152,13,103,-90
107900153,139,276,-137
107900154,52,32,20
107900155,105,59,46
107900156,1,248,-247
107900157,36,53,-17
107900158,719,25,694
107900159,30,510,-480
107900160,94,154,-60
107900161,17,105,-88
107900162,1,49,-48
107900163,31,40,-9
107900164,9,51,-42
107900165,29,132,-103
107900166,20,123,-103
107900167,20,28,-8
107900168,55,35,20
107900169,0,125,-125
107900171,5,792,-787
107900172,1,229,-228
107900173,23,85,-62
107900174,104,1,103
107900175,44,39,5
107900176,31,25,6
107900177,1,140,-139
107900178,0,107,-107
107900179,14,95,-81
107900180,412,703,-291
107900181,525,185,340
107900182,3,665,-662
107900183,64,152,-88
107900184,144,232,-88
107900185,125,2,123
107900186,66,45,21
107900187,0,62,-62
107900188,463,126,337
107900189,23,58,-35
107900190,37,137,-100
107900191,71,67,4
107900193,0,45,-45
107900194,197,16,181
107900195,1423,278,1145
107900196,73,98,-25
107900197,454,317,137
107900199,2,556,-554
107900201,84,61,23
107900203,24,69,-45
107900204,155,159,-4
107900206,800,279,521
107900207,1,302,-301
107900208,7,344,-337
107900209,288,97,191
107900210,77,77,0
107900213,466,339,127
107900214,48,90,-42
107900215,87,307,-220
107900216,140,57,83
107900217,29,93,-64
107900218,27,1404,-1377
107900219,26,41,-15
107900220,147,200,-53
107900221,109,213,-104
107900223,94,387,-293
107900224,126,303,-177
107900225,11,440,-429
107900226,96,94,2
107900227,93,295,-202
107900228,34,94,-60
107900229,3,184,-181
107900230,27,64,-37
107900231,27,198,-171
107900232,81,90,-9
107900233,4,73,-69
107900234,111,81,30
107900235,15,57,-42
107900236,160,108,52
107900237,51,293,-242
107900238,31,84,-53
107900239,544,369,175
107900240,42,68,-26
107900241,9,55,-46
107900242,26,131,-105
107900243,0,37,-37
107900244,323,5,318
107900245,712,29,683
107900246,298,18,280
107900248,332,202,130
107900249,771,25,746
107900250,2,307,-305
107900251,66,851,-785
107900252,791,22,769
107900253,209,5,204
107900254,49,305,-256
107900255,226,84,142
107900256,941,1664,-723
107900257,183,122,61
107900258,101,168,-67
107900259,103,2024,-1921
107900261,7,211,-204
107900262,36,95,-59
107900264,279,6,273
107900265,167,124,43
107900267,264,15,249
107900268,20,11,9
107900269,0,11,-11
107900270,1,2,-1
107900271,3,29,-26
107900272,84,51,33
107900273,53,76,-23
107900274,127,0,127
107900275,20,0,20
107900276,0,114,-114
107900277,0,121,-121
107900278,282,351,-69
107900279,58,196,-138
107900280,1756,1621,135
107900281,833,2898,-2065
107900282,39,404,-365
107900283,607,504,103
107900284,717,549,168
107900285,157,46,111
107900286,104,83,21
107900287,260,166,94
107900290,1,210,-209
107900291,475,41,434
107900292,141,162,-21
107900293,56,258,-202
107900295,62,49,13
107900297,2,228,-226
107900298,494,533,-39
107900299,1851,2253,-402
107900301,554,546,8
107900302,149,33,116
107900303,198,230,-32
107900304,344,270,74
107900305,265,13,252
107900306,11,24,-13
107900307,46,227,-181
107900308,162,129,33
107900309,62,1,61
107900310,310,2,308
107900311,8,250,-242
107900312,65,1,64
107900313,0,112,-112
107900314,0,36,-36
107900315,0,39,-39
107900316,66,2,64
107900317,83,7,76
107900318,11,104,-93
107900319,7,65,-58
107900320,6,76,-70
107900321,135,2,133
107900322,5,86,-81
107900323,35,82,-47
107900324,112,1,111
107900325,97,3,94
107900326,242,148,94
107900327,7,58,-51
107900328,72,0,72
107900329,60,78,-18
107900330,5,198,-193
107900331,262,17,245
107900332,291,15,276
107900333,83,8,75
107900334,9,105,-96
107900335,98,33,65
107900336,24,47,-23
107900337,639,814,-175
107900338,2,106,-104
107900339,0,12,-12
107900340,2,38,-36
107900341,76,1,75
107900342,119,88,31
107900343,65,1,64
107900344,2,30,-28
107900345,86,27,59
107900346,13,3,10
107900347,16,5,11
107900348,2,1,1
107900349,12,15,-3
107900350,33,140,-107
107900351,2,131,-129
107900352,2,33,-31
107900353,19,6,13
107900354,3,45,-42
108000001,2857,3028,-171
108000002,1582,1746,-164
108000003,2857,2991,-134
108000004,9005,10364,-1359
108000005,7407,5723,1684
108000006,6577,5606,971
108000007,4761,3402,1359
108000008,3333,4430,-1097
108000009,3304,3698,-394
108000010,2269,3045,-776
108000011,10465,10465,0
108000012,11979,11085,894
108000014,797,784,13
108000015,836,274,562
108000016,265,882,-617
108000017,1135,355,780
108000018,1981,595,1386
108000019,1863,799,1064
108000020,1196,540,656
108000021,320,1458,-1138
108000022,439,1134,-695
108000023,1194,205,989
108000024,310,483,-173
108000025,341,285,56
108000026,952,375,577
108000027,795,509,286
108000028,899,260,639
108000029,581,649,-68
108000030,504,210,294
108000031,150,532,-382
108000032,1674,735,939
108000033,697,680,17
108000034,1381,444,937
108000035,563,1464,-901
108000036,394,753,-359
108000037,1606,419,1187
108000038,2490,544,1946
108000039,466,1356,-890
108000040,1742,846,896
108000041,634,1510,-876
108000042,335,184,151
108000043,245,209,36
108000044,538,164,374
108000045,369,322,47
108000046,1395,269,1126
108000047,384,647,-263
108000048,158,258,-100
108000049,766,251,515
108000050,123,496,-373
108000051,370,117,253
108000052,189,481,-292
108000053,377,205,172
108000054,392,785,-393
108000055,949,478,471
108000056,1056,1004,52
108000057,612,1168,-556
108000058,1800,3129,-1329
108000059,2407,1539,868
108000060,231,584,-353
108000061,284,456,-172
108000062,793,469,324
108000063,444,354,90
108000064,295,229,66
108000065,519,343,176
108000066,1452,661,791
108000067,1654,583,1071
108000068,699,312,387
108000069,215,635,-420
108000070,1817,619,1198
108000071,698,1049,-351
108000072,1587,802,785
108000073,1021,1183,-162
108000074,554,355,199
108000075,312,550,-238
108000076,837,503,334
108000077,519,409,110
108000078,2353,1075,1278
108000079,723,1019,-296
108000080,1308,489,819
108000081,451,1043,-592
108000082,824,1272,-448
108000083,1867,877,990
108000084,349,771,-422
108000085,878,464,414
108000086,675,456,219
108000087,180,1994,-1814
108000088,728,156,572
108000089,294,316,-22
108000091,150,313,-163
108000092,124,93,31
108000093,158,353,-195
108000094,601,102,499
108000095,166,252,-86
108000096,295,189,106
108000097,166,305,-139
108000098,1563,1036,527
108000099,842,279,563
108000100,155,428,-273
108000101,1071,1404,-333
108000102,1580,3252,-1672
108000106,745,0,745
108000107,2,782,-780
108000108,709,51,658
108000109,12,848,-836
108000110,210,235,-25
108000111,123,336,-213
108000112,50,136,-86
108000113,425,133,292
108000115,277,237,40
108000117,468,280,188
108000118,464,1464,-1000
108000119,460,292,168
108000120,157,608,-451
108000121,194,348,-154
108000122,493,274,219
108000123,806,224,582
108000124,361,429,-68
108000125,430,207,223
108000126,145,318,-173
108000127,414,199,215
108000128,517,351,166
108000129,271,708,-437
108000130,474,191,283
108000131,1044,489,555
108000132,1802,1002,800
108000133,923,446,477
108000134,518,361,157
108000135,1050,403,647
108000136,241,639,-398
108000137,456,241,215
108000138,406,711,-305
108000139,545,252,293
108000140,122,30,92
108000141,40,44,-4
108000142,60,61,-1
108000143,26,281,-255
108000144,424,69,355
108000145,24,6,18
108000146,755,53,702
108000147,41,13,28
108000148,591,83,508
108000149,18,8,10
108000150,24,8,16
108000151,151,72,79
108000152,108,342,-234
108000153,628,182,446
108000154,50,7,43
108000155,44,18,26
108000156,735,337,398
108000157,151,934,-783
108000158,78,626,-548
108000159,366,157,209
108000160,1941,945,996
108000161,1624,2176,-552
108000165,6,168,-162
108000172,14,225,-211
108000173,1107,1766,-659
108000175,568,92,476
108000178,325,249,76
108000179,148,826,-678
108000181,55,33,22
108000182,222,94,128
108000183,37,357,-320
108000184,666,2060,-1394
108000185,270,262,8
108000186,477,331,146
108000187,140,388,-248
108000188,634,201,433
108000189,1476,7889,-6413
108000190,29,101,-72
108000192,134,370,-236
108000193,538,24,514
108000194,33,12,21
108000195,1,668,-667
108000196,218,217,1
108000198,712,281,431
108000199,3,260,-257
108000200,456,336,120
108000203,154,408,-254
108000204,163,57,106
108000205,175,290,-115
108000339,919,305,614
108000364,258,585,-327
108000365,52,261,-209
108000367,162,231,-69
108000368,10,48,-38
108000369,534,217,317
108000371,12,625,-613
108000372,650,11,639
108000373,244,146,98
108000376,77,40,37
108000377,517,215,302
108000378,7797,9090,-1293
108000379,23,181,-158
108000381,64,18,46
108000382,154,3,151
108000383,0,145,-145
108900001,76,747,-671
108900002,167,42,125
108900003,250,568,-318
108900004,967,438,529
108900007,241,126,115
108900008,176,124,52
108900009,84,103,-19
108900010,281,144,137
108900011,498,383,115
108900012,340,347,-7
108900013,176,254,-78
108900014,16,97,-81
108900015,0,145,-145
108900016,1,222,-221
108900017,154,355,-201
108900018,140,265,-125
108900019,30,365,-335
108900020,59,133,-74
108900021,101,184,-83
108900022,149,4,145
108900023,26,37,-11
108900024,33,92,-59
108900025,109,79,30
108900026,23,123,-100
108900027,0,61,-61
108900028,91,223,-132
108900029,53,167,-114
108900030,1,92,-91
108900031,144,243,-99
108900032,13,134,-121
108900033,0,79,-79
108900034,1,149,-148
108900035,271,884,-613
108900038,1,171,-170
108900039,0,277,-277
108900040,6,83,-77
108900041,3626,2787,839
108900042,5,410,-405
108900043,118,313,-195
108900044,4,315,-311
108900045,50,324,-274
108900046,41,455,-414
108900047,0,117,-117
108900048,150,611,-461
108900049,1667,1339,328
108900050,1,133,-132
108900051,0,104,-104
108900052,54,137,-83
108900053,69,191,-122
108900054,112,172,-60
108900055,61,289,-228
108900056,0,100,-100
108900057,2,117,-115
108900058,57,196,-139
108900059,526,49,477
108900060,76,142,-66
108900061,74,23,51
108900062,6,163,-157
108900063,21,161,-140
108900064,223,38,185
108900065,15,120,-105
108900066,405,110,295
108900067,18,114,-96
108900068,5,105,-100
108900069,84,60,24
108900070,40,68,-28
108900071,90,56,34
108900072,1627,500,1127
108900073,27,245,-218
108900074,209,184,25
108900075,37,37,0
108900076,321,71,250
108900077,100,302,-202
108900078,25,82,-57
108900079,657,160,497
108900080,28,633,-605
108900081,72,163,-91
108900082,126,75,51
108900083,18,185,-167
108900085,1538,197,1341
108900086,129,164,-35
108900087,62,145,-83
108900088,827,394,433
108900089,16,117,-101
108900090,79,172,-93
108900091,123,31,92
108900092,453,238,215
108900093,116,69,47
108900094,182,77,105
108900095,54,240,-186
108900096,259,2,257
108900097,281,125,156
108900098,1366,725,641
108900099,402,163,239
108900100,107,98,9
108900101,169,210,-41
108900102,77,905,-828
108900103,79,141,-62
108900105,10,1163,-1153
108900106,412,250,162
108900108,249,45,204
108900109,383,69,314
108900110,165,288,-123
108900111,394,341,53
108900113,33,61,-28
108900114,46,14,32
108900115,87,44,43
108900116,81,16,65
108900117,198,12,186
108900118,509,21,488
108900119,275,31,244
108900120,299,176,123
108900121,284,101,183
108900122,148,32,116
108900123,109,95,14
108900124,454,159,295
108900125,483,8,475
108900126,121,39,82
108900127,162,28,134
108900128,129,51,78
108900129,777,117,660
108900130,394,4,390
108900131,430,7,423
108900132,455,38,417
108900133,282,56,226
108900134,399,212,187
108900135,156,16,140
108900136,50,0,50
108900137,172,2,170
108900138,833,68,765
108900140,401,208,193
108900141,320,11,309
108900142,72,2,70
108900143,83,1,82
108900144,145,3,142
108900145,256,14,242
108900146,60,0,60
108900147,195,2,193
108900148,66,29,37
108900150,232,10,222
108900151,83,14,69
108900152,281,9,272
108900153,244,279,-35
108900154,4317,427,3890
108900156,93,12,81
108900157,10,335,-325
108900158,346,24,322
108900159,8,147,-139
108900160,7,167,-160
108900161,1,267,-266
108900162,119,0,119
108900163,7,175,-168
108900164,37,64,-27
108900168,5054,2097,2957
108900169,90,81,9
108900171,3346,2499,847
108900172,185,30,155
108900173,136,272,-136
108900174,827,662,165
108900176,117,305,-188
108900177,3172,4333,-1161
108900178,2508,3168,-660
108900180,103,217,-114
108900183,168,146,22
108900184,398,208,190
108900185,83,191,-108
108900186,35,247,-212
108900189,265,116,149
108900190,48,1704,-1656
108900192,96,170,-74
108900195,140,213,-73
108900196,57,212,-155
108900199,238,335,-97
108900200,534,286,248
108900201,469,1084,-615
108900203,427,149,278
108900204,249,15,234
108900205,146,24,122
108900206,390,49,341
108900207,182,93,89
108900208,27,235,-208
108900209,169,396,-227
108900210,175,176,-1
108900211,159,412,-253
108900212,446,1112,-666
108900215,82,292,-210
108900216,387,362,25
108900217,85,2,83
108900218,85,17,68
108900221,59,221,-162
108900224,36,210,-174
108900225,0,150,-150
108900227,139,233,-94
108900230,181,195,-14
108900232,0,180,-180
108900233,318,77,241
108900234,295,118,177
108900235,165,414,-249
108900236,51,184,-133
108900240,99,97,2
108900241,24,29,-5
108900245,21,1390,-1369
108900250,202,99,103
108900258,12,135,-123
108900259,188,48,140
108900260,6,68,-62
108900261,66,102,-36
108900262,82,136,-54
108900263,39,116,-77
108900264,433,257,176
108900265,725,483,242
108900266,566,724,-158
108900267,12,124,-112
108900268,11,8,3
108900269,104,27,77
108900270,87,11,76
108900271,44,23,21
108900272,209,22,187
108900273,682,872,-190
108900274,61,57,4
109000001,2204,1763,441
109000002,1091,1684,-593
109000003,2197,332,1865
109000004,494,1646,-1152
109000005,1846,445,1401
109000006,697,1630,-933
109000007,1458,480,978
109000008,480,1340,-860
109000009,3435,1053,2382
109000010,1204,2510,-1306
109000011,3261,1516,1745
109000012,1593,2009,-416
109000013,3358,2465,893
109000014,1540,1810,-270
109000015,3168,6895,-3727
109000016,4309,2483,1826
109000017,2287,1031,1256
109000018,902,2047,-1145
109000019,2408,1150,1258
109000020,958,1336,-378
109000023,249,29,220
109000024,7,142,-135
109000025,300,456,-156
109000026,480,275,205
109000027,96,302,-206
109000028,85,73,12
109000029,102,191,-89
109000030,55,420,-365
109000031,200,163,37
109000032,136,360,-224
109000033,305,169,136
109000034,46,42,4
109000035,14,37,-23
109000036,108,232,-124
109000037,276,1210,-934
109000038,353,205,148
109000039,932,612,320
109000040,2741,8274,-5533
109000041,1692,1460,232
109000042,472,977,-505
109000044,411,61,350
109000045,92,243,-151
109000046,405,65,340
109000047,66,349,-283
109000048,612,167,445
109000049,201,388,-187
109000050,305,263,42
109000051,242,175,67
109000052,514,601,-87
109000053,198,71,127
109000054,555,307,248
109000055,332,201,131
109000056,299,238,61
109000057,660,372,288
109000058,657,206,451
109000059,641,1341,-700
109000060,324,321,3
109000061,659,768,-109
109000062,109,279,-170
109000063,204,133,71
109000064,292,117,175
109000065,118,177,-59
109000066,337,59,278
109000067,71,234,-163
109000068,1663,23,1640
109000069,738,25,713
109000070,14,1552,-1538
109000071,326,70,256
109000072,113,253,-140
109000073,69,62,7
109000074,21,160,-139
109000075,41,249,-208
109000076,151,220,-69
109000077,354,206,148
109000078,127,155,-28
109000079,128,105,23
109000080,221,80,141
109000081,136,332,-196
109000082,761,207,554
109000083,267,426,-159
109000088,107,327,-220
109000089,222,59,163
109000090,106,290,-184
109000091,231,181,50
109000092,320,300,20
109000093,215,161,54
109000094,490,0,490
109000095,113,310,-197
109000096,653,244,409
109000097,103,91,12
109000098,67,135,-68
109000099,727,263,464
109000100,285,590,-305
109000101,1426,489,937
109000102,344,733,-389
109000103,437,482,-45
109000104,1641,386,1255
109000105,345,819,-474
109000106,1733,717,1016
109000107,581,1368,-787
109000108,1479,464,1015
109000109,477,1225,-748
109000110,1089,372,717
109000111,682,1245,-563
109000112,303,84,219
109000113,362,99,263
109000114,144,267,-123
109000115,925,87,838
109000116,16,201,-185
109000117,293,81,212
109000118,16,198,-182
109000119,1215,169,1046
109000120,213,533,-320
109000121,534,34,500
109000122,154,396,-242
109000123,55,40,15
109000124,507,398,109
109000125,691,249,442
109000126,417,553,-136
109000127,859,150,709
109000128,486,912,-426
109000129,2107,647,1460
109000130,442,1087,-645
109000131,687,506,181
109000132,565,1202,-637
109000133,272,661,-389
109000134,715,1004,-289
109000135,967,1350,-383
109000136,210,257,-47
109000137,321,265,56
109000138,366,187,179
109000139,428,324,104
109000140,212,257,-45
109000141,429,302,127
109000142,178,395,-217
109000143,107,58,49
109000145,110,278,-168
109000146,78,61,17
109000148,2087,1194,893
109000149,9,70,-61
109000150,74,227,-153
109000155,845,580,265
109000156,832,495,337
109000158,95,190,-95
109000159,80,328,-248
109000160,978,162,816
109000161,354,761,-407
109000162,1778,565,1213
109000163,972,1275,-303
109000164,1164,1887,-723
109000165,1183,399,784
109000166,660,106,554
109000167,121,378,-257
109000170,56,39,17
109000171,64,58,6
109000172,48,66,-18
109000173,21,89,-68
109000174,70,44,26
109000175,61,50,11
109000176,310,216,94
109000177,41,94,-53
109000178,771,282,489
109000179,2985,4275,-1290
109000180,3166,2703,463
109000181,7,19,-12
109000182,50,33,17
109000183,31,13,18
109000184,57,14,43
109000185,13,20,-7
109000188,415,1184,-769
109000189,1992,811,1181
109000190,602,374,228
109000191,357,316,41
109000192,416,176,240
109000193,212,179,33
109000194,237,73,164
109000195,153,270,-117
109000196,274,94,180
109000197,190,254,-64
109000198,413,71,342
109000199,136,347,-211
109000206,236,26,210
109000207,127,37,90
109000208,88,78,10
109000209,130,89,41
109000210,191,365,-174
109000211,587,326,261
109000214,426,255,171
109000215,120,40,80
109000216,245,215,30
109000217,294,93,201
109000218,328,128,200
109000221,473,690,-217
109000222,833,226,607
109000223,303,273,30
109000224,28,106,-78
109000225,78,30,48
109000226,54,133,-79
109000227,950,662,288
109000228,4,1541,-1537
109000231,2,239,-237
109000232,379,232,147
109000236,246,677,-431
109000241,1916,1553,363
109000242,1809,1010,799
109000293,38,53,-15
109000361,241,236,5
109000364,327,379,-52
109000396,1,309,-308
109000397,529,8,521
109000399,158,264,-106
109000400,72,231,-159
109000403,104,715,-611
109000406,330,0,330
109000407,222,138,84
109000408,2,330,-328
109000410,895,203,692
109000411,242,17,225
109900001,132,1,131
109900002,732,14,718
109900003,294,0,294
109900004,652,120,532
109900005,23,3,20
109900006,382,103,279
109900007,743,262,481
109900008,1,26,-25
109900009,120,338,-218
109900010,454,14,440
109900011,44,25,19
109900012,239,191,48
109900013,327,160,167
109900014,338,58,280
109900015,378,141,237
109900016,95,19,76
109900017,142,148,-6
109900018,150,27,123
109900019,294,35,259
109900020,38,45,-7
109900021,31,24,7
109900022,158,162,-4
109900023,19,16,3
109900024,32,8,24
109900025,21,37,-16
109900026,3,118,-115
109900027,19,50,-31
109900028,785,1031,-246
109900029,4,162,-158
109900030,36,10,26
109900031,0,100,-100
109900032,16,213,-197
109900033,8,357,-349
109900034,39,1,38
109900035,9,33,-24
109900036,34,44,-10
109900037,32,282,-250
109900038,46,221,-175
109900039,14,0,14
109900040,27,350,-323
109900041,41,219,-178
109900042,27,484,-457
109900044,114,149,-35
109900045,201,130,71
109900046,104,103,1
109900047,321,289,32
109900048,12,63,-51
109900049,9,32,-23
109900050,1,87,-86
109900051,0,28,-28
109900052,86,253,-167
109900053,2,167,-165
109900054,677,161,516
109900055,65,237,-172
109900056,30,248,-218
109900057,6,90,-84
109900058,0,66,-66
109900059,757,86,671
109900060,528,115,413
109900061,48,225,-177
109900062,0,116,-116
109900063,11,400,-389
109900064,492,128,364
109900065,58,107,-49
109900066,245,506,-261
109900067,1,125,-124
109900068,64,5,59
109900069,11,24,-13
109900070,41,234,-193
109900071,3,32,-29
109900072,12,131,-119
109900073,361,366,-5
109900074,15,44,-29
109900075,24,24,0
109900076,25,209,-184
109900077,50,55,-5
109900078,82,182,-100
109900080,115,197,-82
109900081,26,184,-158
109900082,64,249,-185
109900083,20,81,-61
109900084,48,119,-71
109900085,200,481,-281
109900086,124,347,-223
109900087,267,319,-52
109900089,589,178,411
109900090,406,734,-328
109900091,323,64,259
109900092,334,20,314
109900093,947,133,814
109900094,50,80,-30
109900095,226,152,74
109900096,23,3,20
109900097,140,3,137
109900098,470,33,437
109900099,213,5,208
109900100,36,0,36
109900101,508,9,499
109900102,350,12,338
109900103,13,34,-21
109900104,511,488,23
109900105,418,13,405
109900106,291,38,253
109900107,548,63,485
109900108,105,150,-45
109900109,40,105,-65
109900110,72,215,-143
109900111,285,506,-221
109900112,277,332,-55
109900113,692,455,237
109900114,641,530,111
109900115,138,55,83
109900117,857,101,756
109900118,184,337,-153
109900119,456,186,270
109900120,85,23,62
109900121,246,352,-106
109900122,470,1,469
109900123,13,107,-94
109900124,34,258,-224
109900125,0,130,-130
109900126,306,69,237
109900128,280,37,243
109900130,3911,2216,1695
109900131,48,126,-78
109900132,25,100,-75
109900133,86,189,-103
109900134,62,58,4
109900135,208,46,162
109900136,95,92,3
109900137,163,219,-56
109900140,178,112,66
109900142,1201,227,974
109900145,5,439,-434
109900146,319,32,287
109900148,43,84,-41
109900149,40,56,-16
109900150,7,60,-53
109900151,8,58,-50
109900152,1,37,-36
109900153,3,55,-52
109900154,44,2,42
109900155,56,26,30
109900157,94,220,-126
109900158,38,136,-98
109900159,99,51,48
109900160,156,42,114
109900161,178,61,117
109900162,171,85,86
109900163,462,183,279
109900164,60,266,-206
109900165,221,5,216
109900166,1,140,-139
109900167,126,343,-217
109900168,184,448,-264
109900169,179,136,43
109900170,152,950,-798
109900171,179,66,113
109900172,324,201,123
109900173,1839,2202,-363
109900174,38,94,-56
109900175,81,52,29
109900176,130,89,41
109900177,39,159,-120
109900178,3,113,-110
109900179,21,16,5
109900180,3,12,-9
110000001,824,417,407
110000002,631,573,58
110000003,653,552,101
110000004,434,590,-156
110000005,341,1592,-1251
110000006,237,267,-30
110000007,115,71,44
110000008,21,36,-15
110000009,36,23,13
110000010,29,56,-27
110000011,55,41,14
110000012,531,271,260
110000013,46,419,-373
110000014,602,364,238
110000015,185,601,-416
110000016,198,1427,-1229
110000017,2495,196,2299
110000018,2159,315,1844
110000019,12,96,-84
110000020,346,237,109
110000021,570,483,87
110000022,712,156,556
110000023,14,135,-121
110000024,526,386,140
110000025,411,8,403
110000026,5,203,-198
110000027,712,652,60
110000028,826,564,262
110000029,519,520,-1
110000030,228,366,-138
110000031,254,303,-49
110000032,642,330,312
110000033,222,89,133
110000034,422,533,-111
110000035,731,359,372
110000036,747,562,185
110000037,209,335,-126
110000038,220,506,-286
110000039,700,2896,-2196
110000040,289,293,-4
110000041,242,1361,-1119
110000042,78,403,-325
110000043,740,248,492
110000044,100,459,-359
110000045,444,112,332
110000046,3,37,-34
110000047,42,33,9
110000048,17,28,-11
110000049,22,10,12
110000050,12,25,-13
110000051,28,9,19
110000052,58,34,24
110000053,33,3,30
110000054,230,687,-457
110000055,463,102,361
110000056,132,137,-5
110000057,367,490,-123
110000058,894,360,534
110000059,928,438,490
110000060,803,873,-70
110000061,729,654,75
110000062,543,718,-175
110000063,26,97,-71
110000064,53,53,0
110000065,62,63,-1
110000066,94,34,60
110000067,59,123,-64
110000068,271,109,162
110000069,265,41,224
110000071,201,83,118
110000073,10,19,-9
110000075,25,79,-54
110000076,210,252,-42
110000077,318,876,-558
110000078,48,31,17
110000080,231,494,-263
110000081,49,156,-107
110000082,39,324,-285
110000083,194,460,-266
110000084,1179,959,220
110000085,1261,1468,-207
110000086,950,1951,-1001
110000087,8,50,-42
110000088,99,172,-73
110000089,241,71,170
110000090,147,254,-107
110000091,659,209,450
110000092,13,35,-22
110000093,36,10,26
110000094,445,169,276
110000095,129,475,-346
110000096,1387,1648,-261
110000097,1011,1347,-336
110000098,1789,638,1151
110000099,708,1366,-658
110000100,1050,363,687
110000101,40,210,-170
110000102,71,29,42
110000104,452,165,287
110000105,72,245,-173
110000106,608,443,165
110000107,259,245,14
110000108,153,80,73
110000109,248,220,28
110000110,2173,3933,-1760
110000111,4187,2345,1842
110000112,789,1265,-476
110000113,239,2047,-1808
110000114,206,505,-299
110000115,373,248,125
110000116,67,47,20
110000117,271,199,72
110000118,481,119,362
110000119,217,175,42
110000120,321,130,191
110000121,89,312,-223
110000122,335,476,-141
110000123,647,622,25
110000124,3,748,-745
110000125,1016,10,1006
110000126,248,15,233
110000127,1032,71,961
110000128,38,856,-818
110000129,7,499,-492
110000130,347,178,169
110000131,105,309,-204
110000132,1,521,-520
110000133,24,378,-354
110000134,15,310,-295
110000135,194,21,173
110000136,43,199,-156
110000137,475,477,-2
110000138,674,428,246
110000139,995,794,201
110000140,950,598,352
110000143,576,365,211
110000144,3854,1383,2471
110000145,1576,918,658
110000146,1336,586,750
110000147,458,550,-92
110000148,449,230,219
110000151,625,894,-269
110000152,598,360,238
110000153,109,30,79
110000154,3,19,-16
110000155,978,3276,-2298
110000156,982,2004,-1022
110000157,1368,1578,-210
110000160,435,275,160
110000161,222,257,-35
110000166,573,97,476
110000167,869,506,363
110000168,926,431,495
110000169,857,353,504
110000170,94,45,49
110000171,559,128,431
110000172,123,543,-420
110000173,786,786,0
110000174,112,595,-483
110000175,738,62,676
110000176,113,381,-268
110000177,204,842,-638
110000178,385,1340,-955
110000179,882,302,580
110000180,196,155,41
110000181,430,334,96
110000182,241,110,131
110000183,5970,5688,282
110000184,237,2184,-1947
110000185,769,607,162
110000186,650,638,12
110000191,1018,220,798
110000192,737,9,728
110000193,1608,12,1596
110000194,19,757,-738
110000195,452,241,211
110000196,429,249,180
110000197,75,120,-45
110000198,121,43,78
110000199,50,130,-80
110000200,910,409,501
110000201,898,982,-84
110000202,1118,573,545
110000203,513,482,31
110000204,3,151,-148
110000205,135,40,95
110000206,498,838,-340
110000207,1177,386,791
110000208,177,187,-10
110000209,104,706,-602
110000210,1247,397,850
110000211,814,641,173
110000212,375,963,-588
110000213,250,59,191
110000214,358,92,266
110000215,204,201,3
110000216,126,242,-116
110000217,329,124,205
110000218,187,241,-54
110000219,346,62,284
110000220,61,179,-118
110000221,356,72,284
110000222,47,174,-127
110000223,6,182,-176
110000224,44,12,32
110000225,264,648,-384
110000226,237,71,166
110000227,755,772,-17
110000228,229,120,109
110000229,0,171,-171
110000230,522,564,-42
110000231,170,185,-15
110000232,208,163,45
110000233,147,176,-29
110000234,612,866,-254
110000235,738,854,-116
110000236,527,544,-17
110000237,1944,1249,695
110000238,1126,1204,-78
110000239,1686,882,804
110000240,4,68,-64
110000242,1,6,-5
110000243,114,101,13
110000244,137,406,-269
110000245,56,347,-291
110000246,789,429,360
110000247,932,3373,-2441
110000248,1722,1254,468
110000249,90,19,71
110000250,24,215,-191
110000251,310,296,14
110000252,236,92,144
110000253,1226,523,703
110000254,544,772,-228
110000255,178,747,-569
110000256,417,206,211
110000257,452,405,47
110000258,7,509,-502
110000259,157,32,125
110000260,45,141,-96
110000263,698,74,624
110000264,274,236,38
110000265,1025,1606,-581
110000266,1258,2162,-904
110000267,29,130,-101
110000268,230,318,-88
110000269,3,62,-59
110000270,61,4,57
110000271,1081,211,870
110000272,939,811,128
110000273,1985,1250,735
110000274,149,1553,-1404
110000275,1850,499,1351
110000276,307,412,-105
110000277,380,392,-12
110000278,371,576,-205
110000279,737,711,26
110000280,375,341,34
110000281,47,302,-255
110000282,179,25,154
110000283,61,59,2
110000284,59,29,30
110000285,2,494,-492
110000286,27,1,26
110000287,64,0,64
110000288,5,76,-71
110000289,420,1777,-1357
110000290,672,503,169
110000291,3445,1135,2310
110000292,1425,3837,-2412
110000293,603,548,55
110000294,931,968,-37
110000295,150,568,-418
110000296,403,262,141
110000297,2017,317,1700
110000298,134,449,-315
110000299,189,51,138
110000301,288,35,253
110000302,420,571,-151
110000303,402,12,390
110000304,234,221,13
110000305,1137,15,1122
110000306,189,840,-651
110000307,1683,7,1676
110000308,413,4,409
110000309,2,555,-553
110000310,631,46,585
110000311,18,469,-451
110000312,398,79,319
110000313,2013,2468,-455
110000314,1,172,-171
110000315,2375,2249,126
110000316,409,1211,-802
110000317,302,726,-424
110000318,16,75,-59
110000319,20,15,5
110000320,53,30,23
110000321,16,24,-8
110000322,255,327,-72
110000323,445,180,265
110000324,2590,1402,1188
110000325,2020,2866,-846
110000327,369,259,110
110000328,171,393,-222
110000333,815,710,105
110000334,602,927,-325
110000335,891,446,445
110000336,735,727,8
110000337,1591,499,1092
110000338,449,199,250
110000339,295,151,144
110000340,46,144,-98
110000341,354,407,-53
110000342,323,3,320
110000343,0,11,-11
110000344,170,192,-22
110000345,443,184,259
110000346,1805,1667,138
110000347,1021,619,402
110000348,29,24,5
110000349,13,12,1
110000350,49,7,42
110000351,885,634,251
110000352,605,1200,-595
110000353,2158,594,1564
110000354,979,2508,-1529
110000355,157,66,91
110000356,692,10,682
110000357,608,26,582
110000361,27,40,-13
110000362,66,10,56
110000363,391,92,299
110000364,223,261,-38
110000365,156,1,155
110000366,7,80,-73
110000367,267,140,127
110000368,2,35,-33
110000369,44,1,43
110000373,10,213,-203
110000374,109,20,89
110000375,79,876,-797
110000376,22,76,-54
110000377,70,452,-382
110000378,14,283,-269
110000379,1877,1565,312
110000380,48,9,39
110000383,2,1415,-1413
110000384,1494,1037,457
110000385,0,161,-161
110000387,87,5,82
110000388,39,160,-121
110000389,618,3,615
110000391,762,237,525
110000396,207,116,91
110000397,159,99,60
110000398,5,24,-19
110000399,111,0,111
110000587,155,61,94
110000589,220,105,115
110000640,160,27,133
110000652,11,278,-267
110000653,323,338,-15
110000654,115,442,-327
110000656,1,373,-372
110000674,39,19,20
110000675,14,9,5
110000676,2,43,-41
110000679,286,979,-693
110000682,142,164,-22
110000683,254,428,-174
110000684,5,29,-24
110000685,5,18,-13
110000686,3,29,-26
110000687,31,3,28
110000688,76,910,-834
110000689,23,29,-6
110000692,37,99,-62
110000693,59,186,-127
110000694,1,112,-111
110000695,137,560,-423
110000696,64,71,-7
110900001,238,19,219
110900002,263,140,123
110900003,800,332,468
110900004,411,127,284
110900005,1545,1976,-431
110900006,41,23,18
110900007,138,40,98
110900008,35,44,-9
110900009,420,142,278
110900010,6,43,-37
110900011,39,56,-17
110900012,16,68,-52
110900013,809,118,691
110900014,233,13,220
110900015,403,630,-227
110900016,75,81,-6
110900017,414,36,378
110900018,409,63,346
110900019,180,22,158
110900020,111,116,-5
110900021,122,276,-154
110900022,102,178,-76
110900023,84,447,-363
110900024,26,244,-218
110900025,3,51,-48
110900027,42,176,-134
110900028,41,105,-64
110900029,16,213,-197
110900030,27,153,-126
110900031,0,119,-119
110900032,0,49,-49
110900033,30,146,-116
110900035,16,495,-479
110900036,78,12,66
110900037,67,19,48
110900038,628,201,427
110900039,21,212,-191
110900040,164,16,148
110900041,13,55,-42
110900042,134,45,89
110900043,0,45,-45
110900044,144,21,123
110900045,58,197,-139
110900046,16,136,-120
110900047,371,298,73
110900049,67,65,2
110900050,27,1,26
110900051,44,170,-126
110900052,4,147,-143
110900053,89,27,62
110900054,45,119,-74
110900055,30,4,26
110900056,104,99,5
110900057,7,69,-62
110900058,302,131,171
110900059,491,411,80
110900060,445,82,363
110900061,32,50,-18
110900062,188,208,-20
110900063,36,118,-82
110900064,19,0,19
110900065,266,107,159
110900066,4,46,-42
110900067,228,590,-362
110900068,170,182,-12
110900069,13,24,-11
110900070,100,55,45
110900071,268,595,-327
110900073,1,19,-18
110900074,381,89,292
110900075,362,73,289
110900077,767,520,247
110900078,37,58,-21
110900079,1692,1293,399
110900080,114,85,29
110900081,11,35,-24
110900082,153,85,68
110900083,118,44,74
110900084,58,40,18
110900085,52,191,-139
110900086,47,328,-281
110900087,328,76,252
110900088,11,0,11
110900090,35,54,-19
110900091,1,54,-53
110900093,241,94,147
110900095,42,40,2
110900097,6,15,-9
110900098,33,48,-15
110900099,26,262,-236
110900100,1,19,-18
110900102,49,12,37
110900105,679,203,476
110900108,16,43,-27
110900111,371,162,209
110900112,831,7,824
110900113,333,41,292
110900115,4,41,-37
110900116,666,1087,-421
110900118,68,2769,-2701
110900119,2100,237,1863
110900120,20,52,-32
110900121,123,0,123
110900122,420,130,290
110900125,487,350,137
110900127,386,1093,-707
110900128,244,424,-180
110900129,349,791,-442
110900130,825,591,234
110900131,192,54,138
110900132,332,44,288
110900133,49,109,-60
110900135,49,206,-157
110900136,343,13,330
110900139,2,0,2
110900140,0,0,0
110900141,262,290,-28
110900142,84,97,-13
110900143,145,63,82
110900144,4,473,-469
110900145,367,100,267
110900146,224,219,5
110900147,199,339,-140
110900148,3,254,-251
110900149,0,79,-79
110900150,23,7,16
110900151,4,62,-58
110900152,35,180,-145
110900153,153,47,106
111000001,529,528,1
111000002,658,497,161
111000003,1111,652,459
111000004,397,739,-342
111000005,890,908,-18
111000006,765,1331,-566
111000007,3334,2491,843
111000008,1567,2493,-926
111000009,342,676,-334
111000010,735,177,558
111000011,329,1031,-702
111000012,539,295,244
111000013,427,937,-510
111000014,1257,453,804
111000017,99,717,-618
111000018,230,322,-92
111000020,652,1706,-1054
111000021,99,85,14
111000023,70,100,-30
111000025,3296,3395,-99
111000029,51,91,-40
111000030,25,130,-105
111000031,1793,791,1002
111000032,506,364,142
111000033,259,245,14
111000034,88,256,-168
111000037,987,645,342
111000038,2536,1516,1020
111000039,1414,1373,41
111000040,1645,1652,-7
111000041,1475,1203,272
111000042,2113,1661,452
111000043,1617,2970,-1353
111000044,1601,1098,503
111000045,2275,1790,485
111000046,1463,1377,86
111000047,2128,3324,-1196
111000049,367,341,26
111000050,1073,963,110
111000051,484,700,-216
111000052,601,1220,-619
111000053,299,534,-235
111000054,381,572,-191
111000055,1046,1448,-402
111000056,169,587,-418
111000057,114,393,-279
111000058,546,71,475
111000059,592,237,355
111000060,3655,844,2811
111000061,481,320,161
111000062,812,294,518
111000063,1670,785,885
111000064,724,446,278
111000065,921,743,178
111000066,534,321,213
111000067,543,491,52
111000068,575,715,-140
111000069,1580,1716,-136
111000070,992,822,170
111000071,239,468,-229
111000072,1299,439,860
111000073,329,1022,-693
111000074,1517,1352,165
111000075,950,492,458
111000076,494,472,22
111000077,1565,1406,159
111000078,2508,1204,1304
111000079,1096,593,503
111000080,542,530,12
111000081,1290,3611,-2321
111000082,721,530,191
111000084,788,470,318
111000085,806,896,-90
111000086,1946,798,1148
111000087,689,400,289
111000088,3715,2057,1658
111000089,648,672,-24
111000090,744,1156,-412
111000091,804,397,407
111000092,1269,670,599
111000093,595,910,-315
111000094,1780,1027,753
111000095,699,1969,-1270
111000096,1404,6656,-5252
111000097,3479,1500,1979
111000098,802,1028,-226
111000099,520,1313,-793
111000100,393,1048,-655
111000101,390,669,-279
111000102,245,318,-73
111000104,558,120,438
111000107,82,453,-371
111000109,491,176,315
111000110,1220,581,639
111000111,2257,460,1797
111000112,1810,552,1258
111000113,902,1347,-445
111000114,2003,3130,-1127
111000115,3949,1046,2903
111000116,965,678,287
111000117,407,705,-298
111000118,1417,652,765
111000119,1062,787,275
111000120,500,496,4
111000121,302,600,-298
111000122,573,886,-313
111000123,1080,1773,-693
111000124,440,1571,-1131
111000125,371,992,-621
111000126,129,594,-465
111000127,832,167,665
111000128,2089,290,1799
111000129,2595,369,2226
111000130,1991,514,1477
111000131,1604,483,1121
111000132,1529,914,615
111000133,182,121,61
111000134,127,77,50
111000135,81,103,-22
111000136,390,267,123
111000138,18,3,15
111000140,0,1,-1
111000141,133,315,-182
111000142,25,197,-172
111000143,13,215,-202
111000144,20,949,-929
111000145,720,21,699
111000146,95,11,84
111000147,231,22,209
111000148,125,75,50
111000149,4,34,-30
111000150,24,1,23
111000151,5,22,-17
111000153,435,662,-227
111000154,624,198,426
111000155,110,136,-26
111000156,462,522,-60
111000157,196,826,-630
111000158,742,700,42
111000159,2394,696,1698
111000160,446,389,57
111000161,11,234,-223
111000162,65,99,-34
111000163,663,535,128
111000164,465,2210,-1745
111000165,866,379,487
111000166,1182,253,929
111000167,160,269,-109
111000168,233,383,-150
111000169,285,530,-245
111000170,412,309,103
111000171,536,463,73
111000172,170,332,-162
111000173,439,607,-168
111000174,235,232,3
111000175,49,220,-171
111000176,340,108,232
111000177,335,170,165
111000178,1167,181,986
111000179,250,102,148
111000180,234,407,-173
111000181,1203,178,1025
111000182,241,141,100
111000183,368,405,-37
111000184,381,209,172
111000185,348,334,14
111000186,296,447,-151
111000187,169,149,20
111000188,288,313,-25
111000189,784,408,376
111000190,205,213,-8
111000191,195,234,-39
111000192,184,377,-193
111000193,223,202,21
111000194,58,239,-181
111000195,223,247,-24
111000196,100,133,-33
111000197,415,113,302
111000198,703,112,591
111000199,214,78,136
111000200,421,293,128
111000201,670,249,421
111000202,334,184,150
111000203,375,235,140
111000204,454,1193,-739
111000213,185,373,-188
111000214,1232,1004,228
111000215,1078,933,145
111000217,1391,753,638
111000218,1338,887,451
111000219,341,188,153
111000220,1031,480,551
111000221,451,66,385
111000224,33,181,-148
111000225,438,230,208
111000226,99,3,96
111000227,20,6,14
111000228,17,373,-356
111000229,35,814,-779
111000230,218,206,12
111000231,952,528,424
111000232,646,960,-314
111000233,1068,616,452
111000234,92,352,-260
111000239,88,93,-5
111000240,80,172,-92
111000241,27,218,-191
111000242,196,78,118
111000243,175,382,-207
111000244,479,99,380
111000245,1211,349,862
111000246,529,222,307
111000247,389,572,-183
111000248,675,297,378
111000249,389,478,-89
111000250,65,52,13
111000251,54,70,-16
111000253,36,11,25
111000255,60,4,56
111000257,61,26,35
111000260,78,818,-740
111000261,1147,70,1077
111000271,60,196,-136
111000273,2311,994,1317
111000274,1145,2013,-868
111000275,180,63,117
111000276,288,930,-642
111000277,191,275,-84
111000278,573,194,379
111000291,659,5700,-5041
111000298,457,176,281
111000299,729,105,624
111000300,140,446,-306
111000302,258,81,177
111000303,101,147,-46
111000312,69,41,28
111000315,8,76,-68
111000320,253,413,-160
111000321,327,88,239
111000322,315,311,4
111000323,291,27,264
111000324,349,138,211
111000325,59,71,-12
111000326,197,227,-30
111000327,487,275,212
111000328,316,540,-224
111000329,2,24,-22
111000330,59,9,50
111000331,24,4,20
111000332,493,969,-476
111000334,277,925,-648
111000335,1009,207,802
111000337,1285,276,1009
111000338,129,85,44
111000339,608,168,440
111000340,170,443,-273
111000341,1345,549,796
111000342,154,839,-685
111000344,963,515,448
111000345,166,67,99
111000346,42,208,-166
111000347,145,8,137
111000350,204,136,68
111000351,99,262,-163
111000352,139,113,26
111000353,131,207,-76
111000354,390,126,264
111000355,359,456,-97
111000358,151,748,-597
111000360,189,353,-164
111000361,129,166,-37
111000546,740,431,309
111000547,348,259,89
111000548,125,246,-121
111000549,320,154,166
111000550,89,806,-717
111000551,624,156,468
111000552,914,156,758
111000907,387,6,381
111000908,40,2,38
111000916,1575,207,1368
111000917,32,306,-274
111000918,218,476,-258
111000920,575,18,557
111000921,15,162,-147
111000922,510,199,311
111000924,47,492,-445
111000925,2595,1541,1054
111000926,910,1239,-329
111000927,2580,3425,-845
111000928,3583,2224,1359
111000929,1294,1116,178
111000930,671,1902,-1231
111000931,1799,2087,-288
111000932,3262,1594,1668
111000933,2978,2202,776
111000934,1503,2441,-938
111000935,1458,734,724
111000936,1042,1500,-458
111000937,1183,1113,70
111000938,1224,1176,48
111000939,562,40,522
111000940,462,83,379
111000941,336,310,26
111000943,453,172,281
111000944,139,234,-95
111000945,88,1122,-1034
111001109,511,445,66
111001110,173,392,-219
111001111,79,1,78
111001112,66,0,66
111001113,4,123,-119
111001114,580,147,433
111001115,59,542,-483
111001116,3128,3548,-420
111001117,438,1898,-1460
111001120,133,206,-73
111001121,165,162,3
111001122,197,339,-142
111001123,297,59,238
111001124,124,85,39
111001125,5,129,-124
111001126,3,0,3
111001127,0,0,0
111900001,5,138,-133
111900002,1,377,-376
111900003,0,178,-178
111900004,13,63,-50
111900006,17,45,-28
111900007,145,8,137
111900008,167,1,166
111900009,132,4,128
111900010,300,334,-34
111900012,57,61,-4
111900013,2,23,-21
111900014,3161,3989,-828
111900015,0,27,-27
111900016,3,55,-52
111900017,1,73,-72
111900018,244,5,239
111900019,0,72,-72
111900020,3,50,-47
111900021,22,66,-44
111900022,11,35,-24
111900023,68,66,2
111900024,28,83,-55
111900025,0,41,-41
111900026,2,60,-58
111900027,9,86,-77
111900028,0,254,-254
111900029,2,56,-54
111900030,18,251,-233
111900031,6,42,-36
111900032,1,147,-146
111900033,9,56,-47
111900034,242,395,-153
111900035,57,290,-233
111900036,3,172,-169
111900038,252,454,-202
111900039,43,327,-284
111900040,1,307,-306
111900042,58,140,-82
111900043,0,154,-154
111900044,252,147,105
111900046,29,131,-102
111900048,145,315,-170
111900049,28,175,-147
111900050,103,23,80
111900051,2,130,-128
111900052,318,317,1
111900053,626,1227,-601
111900054,149,5,144
111900055,10,205,-195
111900056,102,268,-166
111900057,125,51,74
111900058,450,331,119
111900059,1042,578,464
111900060,366,2,364
111900061,8,82,-74
111900062,27,97,-70
111900063,324,216,108
111900064,107,109,-2
111900065,85,28,57
111900066,115,122,-7
111900067,2,291,-289
111900068,50,51,-1
111900069,66,18,48
111900070,145,79,66
111900071,0,152,-152
111900072,57,29,28
111900073,1117,147,970
111900074,13,145,-132
111900075,99,13,86
111900076,197,84,113
111900077,29,0,29
111900078,279,36,243
111900079,60,22,38
111900080,229,237,-8
111900082,153,29,124
111900083,191,17,174
111900084,136,4,132
111900085,44,143,-99
111900086,40,8,32
111900087,76,1,75
111900088,490,5,485
111900089,143,3,140
111900090,39,41,-2
111900091,268,0,268
111900092,117,0,117
111900093,423,7,416
111900094,139,1,138
111900095,256,38,218
111900096,123,0,123
111900097,68,0,68
111900098,242,3,239
111900099,69,0,69
111900100,148,1,147
111900101,88,20,68
111900102,549,502,47
111900103,47,55,-8
111900104,120,52,68
111900105,222,149,73
111900106,534,42,492
111900110,1288,367,921
111900111,144,98,46
111900112,346,2792,-2446
111900113,190,83,107
111900118,326,99,227
111900119,302,169,133
111900122,75,50,25
111900123,16,40,-24
111900124,13,51,-38
111900125,528,43,485
111900126,266,12,254
111900127,4,442,-438
111900128,2,336,-334
111900129,243,5,238
111900130,166,40,126
111900131,440,1,439
111900132,21,572,-551
111900133,8,182,-174
111900134,5,157,-152
111900135,19,35,-16
111900136,66,120,-54
111900137,60,44,16
111900138,7,41,-34
111900139,18,57,-39
111900140,126,38,88
111900141,64,10,54
111900142,111,52,59
111900143,56,145,-89
111900144,0,57,-57
111900145,0,258,-258
111900146,0,144,-144
111900147,89,257,-168
111900148,17,388,-371
111900149,6,159,-153
111900150,8,81,-73
111900151,7,21,-14
111900152,79,68,11
111900153,833,565,268
111900154,16,349,-333
111900155,67,95,-28
111900156,75,71,4
111900157,113,7,106
111900158,515,88,427
111900159,298,21,277
111900160,291,2,289
111900161,217,3,214
111900162,71,149,-78
111900163,19,155,-136
111900164,85,58,27
111901113,504,121,383
111901114,239,202,37
111901115,62,7,55
111901116,36,1,35
111901117,25,25,0
111901118,47,229,-182
111901119,456,46,410
111901121,126,121,5
111901122,5,286,-281
111901123,179,217,-38
111901124,254,1,253
111901125,501,178,323
111901127,367,505,-138
111901128,14,41,-27
111901129,8,74,-66
111901130,3,125,-122
111901131,3,203,-200
111901132,37,27,10
111901133,28,4,24
111901134,72,11,61
111901135,24,6,18
111901136,3,31,-28
111901138,185,43,142
111901139,21,25,-4
111901140,9,88,-79
111901141,4,122,-118
111901142,3,76,-73
111901143,0,83,-83
111901144,44,40,4
111901145,149,227,-78
111901146,305,33,272
111901147,281,178,103
111901148,10,50,-40
111901149,8,10,-2
111901150,5,0,5
112000001,1519,559,960
112000002,492,1407,-915
112000003,1327,827,500
112000004,606,572,34
112000005,3203,3174,29
112000006,1545,1165,380
112000007,3424,2056,1368
112000008,1968,3448,-1480
112000009,2475,2065,410
112000010,2497,3095,-598
112000011,1317,1202,115
112000012,3102,4322,-1220
112000013,2626,2579,47
112000014,1784,2159,-375
112000015,2254,2982,-728
112000016,2878,1406,1472
112000017,1205,2635,-1430
112000024,1825,632,1193
112000026,2277,2751,-474
112000027,637,590,47
112000028,840,1068,-228
112000029,568,627,-59
112000030,154,74,80
112000031,1113,4023,-2910
112000032,175,46,129
112000033,1620,1983,-363
112000034,153,57,96
112000035,47,355,-308
112000036,483,877,-394
112000037,1716,655,1061
112000038,1898,874,1024
112000039,91,65,26
112000040,80,171,-91
112000041,411,386,25
112000042,762,320,442
112000050,1153,1028,125
112000051,1006,1124,-118
112000054,1163,1230,-67
112000057,426,320,106
112000058,279,495,-216
112000059,424,630,-206
112000061,2031,1414,617
112000062,1258,890,368
112000063,766,1879,-1113
112000064,2579,3827,-1248
112000065,1452,1785,-333
112000066,3385,1519,1866
112000067,573,603,-30
112000068,2974,2518,456
112000069,598,1342,-744
112000070,1757,967,790
112000071,805,1567,-762
112000072,2251,718,1533
112000073,1085,1408,-323
112000074,1101,917,184
112000075,1344,1004,340
112000076,2691,1791,900
112000077,755,363,392
112000078,1611,535,1076
112000079,1139,1092,47
112000080,702,608,94
112000081,1187,1736,-549
112000082,1199,620,579
112000083,601,817,-216
112000084,1418,580,838
112000085,1068,612,456
112000086,1731,778,953
112000087,595,276,319
112000088,792,287,505
112000089,303,259,44
112000090,195,189,6
112000091,535,687,-152
112000092,1868,970,898
112000093,1476,678,798
112000094,666,778,-112
112000095,644,629,15
112000096,628,528,100
112000097,1281,535,746
112000098,799,726,73
112000099,763,1488,-725
112000100,1745,686,1059
112000101,489,565,-76
112000102,1315,473,842
112000103,325,666,-341
112000105,536,1040,-504
112000106,1754,376,1378
112000107,105,141,-36
112000108,363,1149,-786
112000109,206,95,111
112000110,1774,554,1220
112000111,833,3255,-2422
112000112,3400,777,2623
112000113,639,1130,-491
112000114,2096,754,1342
112000115,444,460,-16
112000116,504,543,-39
112000117,859,675,184
112000118,693,663,30
112000119,374,556,-182
112000120,82,240,-158
112000121,161,359,-198
112000122,342,139,203
112000123,754,195,559
112000124,391,71,320
112000125,281,220,61
112000126,290,335,-45
112000127,1569,2081,-512
112000128,595,639,-44
112000129,113,69,44
112000130,245,99,146
112000131,48,222,-174
112000132,129,239,-110
112000133,408,115,293
112000134,375,300,75
112000135,1341,533,808
112000136,839,1082,-243
112000137,1603,1716,-113
112000138,1460,1166,294
112000139,682,632,50
112000140,621,861,-240
112000141,820,340,480
112000142,135,369,-234
112000143,1201,254,947
112000144,296,724,-428
112000145,2479,520,1959
112000146,491,1131,-640
112000147,2698,1582,1116
112000148,1434,1584,-150
112000149,464,397,67
112000150,248,403,-155
112000151,321,239,82
112000152,372,294,78
112000153,192,195,-3
112000154,153,180,-27
112000155,122,116,6
112000157,589,492,97
112000158,256,258,-2
112000159,579,294,285
112000167,362,109,253
112000169,232,424,-192
112000173,784,209,575
112000175,321,275,46
112000176,1668,1640,28
112000177,604,167,437
112000178,44,245,-201
112000179,225,78,147
112000180,283,293,-10
112000181,1064,1192,-128
112000182,1254,923,331
112000183,24,28,-4
112000184,372,272,100
112000185,543,382,161
112000187,3330,2067,1263
112000195,130,18,112
112000196,164,1,163
112000197,176,145,31
112000198,31,251,-220
112000199,820,724,96
112000202,379,4,375
112000216,69,180,-111
112000230,84,4,80
112000231,2,158,-156
112000256,44,193,-149
112000313,42,111,-69
112000314,58,26,32
112000337,235,505,-270
112000352,270,323,-53
112000392,1131,1177,-46
112000398,1409,720,689
112000399,1281,1880,-599
112000400,1434,1751,-317
112000401,2114,1242,872
112000402,2803,2657,146
112000403,1459,2506,-1047
112000404,873,658,215
112000405,1750,2365,-615
112000406,2357,1476,881
112000407,7186,7070,116
112000408,6410,4300,2110
112000409,1308,2779,-1471
112000410,354,336,18
112000411,2694,1451,1243
112000412,1217,574,643
112000413,5043,5430,-387
112000414,99,69,30
112000415,130,42,88
112000416,2465,1130,1335
112000417,247,59,188
112000421,63,83,-20
112000422,336,228,108
112000424,1415,2293,-878
112000425,431,593,-162
112000426,190,238,-48
112000427,5,11,-6
112000428,283,213,70
112000429,1813,1832,-19
112000430,2068,2312,-244
112000431,114,121,-7
112000432,486,852,-366
112000433,274,573,-299
112000437,51,133,-82
112900001,60,1,59
112900002,517,618,-101
112900003,84,276,-192
112900004,34,162,-128
112900005,252,163,89
112900006,16,258,-242
112900007,53,120,-67
112900008,1,63,-62
112900009,396,129,267
112900010,388,592,-204
112900011,110,177,-67
112900012,1,42,-41
112900013,7,109,-102
112900014,3,187,-184
112900015,323,528,-205
112900016,6,239,-233
112900017,46,91,-45
112900018,1,173,-172
112900019,17,107,-90
112900020,340,781,-441
112900021,2,172,-170
112900022,17,52,-35
112900023,0,101,-101
112900024,22,162,-140
112900025,68,166,-98
112900026,4,120,-116
112900027,6,679,-673
112900028,26,87,-61
112900029,15,350,-335
112900030,95,93,2
112900031,2,266,-264
112900032,142,230,-88
112900034,0,27,-27
112900035,3,286,-283
112900036,46,96,-50
112900037,114,202,-88
112900038,635,153,482
112900039,9,215,-206
112900040,12,428,-416
112900041,518,883,-365
112900042,122,232,-110
112900043,30,34,-4
112900044,396,341,55
112900045,226,230,-4
112900046,117,54,63
112900047,10,24,-14
112900049,303,57,246
112900050,31,385,-354
112900051,187,390,-203
112900052,6,580,-574
112900053,334,125,209
112900054,167,40,127
112900055,100,30,70
112900056,308,209,99
112900057,17,327,-310
112900058,297,282,15
112900059,93,116,-23
112900060,30,136,-106
112900061,84,80,4
112900062,81,86,-5
112900063,109,17,92
112900064,139,219,-80
112900065,37,19,18
112900066,199,200,-1
112900067,253,144,109
112900068,49,63,-14
112900069,1307,746,561
112900071,37,16,21
112900072,145,2141,-1996
112900073,277,91,186
112900074,97,276,-179
112900075,874,843,31
112900076,45,37,8
112900078,330,428,-98
112900079,221,36,185
112900080,54,3,51
112900081,51,140,-89
112900082,580,41,539
112900083,164,118,46
112900084,264,121,143
112900086,181,5,176
112900087,747,143,604
112900088,123,19,104
112900089,756,54,702
112900090,50,37,13
112900091,262,2,260
112900092,114,336,-222
112900093,1169,20,1149
112900095,89,1,88
112900096,484,154,330
112900097,90,206,-116
112900098,98,1,97
112900099,833,19,814
112900100,80,5,75
112900101,348,43,305
112900102,92,11,81
112900103,241,6,235
112900104,160,3,157
112900105,16,0,16
112900106,357,105,252
112900107,2,0,2
112900108,19,2,17
112900109,116,0,116
112900110,1212,12,1200
112900111,758,5,753
112900112,410,6,404
112900113,0,10,-10
112900114,193,20,173
112900115,1410,1,1409
112900116,124,38,86
112900117,75,64,11
112900118,27,64,-37
112900119,140,2,138
112900120,655,273,382
112900121,59,124,-65
112900122,14,72,-58
112900123,78,23,55
112900124,22,62,-40
112900125,59,280,-221
112900126,163,183,-20
112900127,322,90,232
112900128,161,483,-322
112900129,1,513,-512
112900130,218,82,136
112900131,30,169,-139
112900132,117,322,-205
112900133,22,999,-977
112900134,2,169,-167
112900135,104,38,66
112900137,4,354,-350
112900138,1,156,-155
112900139,149,855,-706
112900141,624,37,587
112900142,61,144,-83
112900143,29,306,-277
112900144,1,179,-178
112900145,28,363,-335
112900146,5,705,-700
112900147,9,951,-942
112900148,48,1,47
112900149,174,463,-289
112900151,45,77,-32
112900152,3101,647,2454
112900153,1408,2031,-623
112900154,1,96,-95
112900155,180,23,157
112900156,373,772,-399
112900157,420,66,354
112900158,83,11,72
112900159,153,122,31
112900160,62,200,-138
112900161,83,56,27
112900162,25,25,0
112900163,86,41,45
112900164,40,154,-114
112900165,182,23,159
112900166,23,91,-68
112900167,7,43,-36
112900168,6,0,6
112900169,10,13,-3
112900170,74,58,16
112900172,52,15,37
112900173,166,87,79
112900174,218,41,177
112900175,131,109,22
112900176,14,31,-17
112900177,271,49,222
112900178,639,2177,-1538
112900179,41,392,-351
112900180,1723,1208,515
112900181,601,1,600
112900182,54,660,-606
112900183,112,192,-80
112900184,361,334,27
112900185,182,533,-351
112900186,908,719,189
112900187,81,476,-395
112900188,535,680,-145
112900189,15,16,-1
112900190,11,25,-14
112900192,549,582,-33
112900193,1156,339,817
112900194,64,50,14
112900195,656,48,608
112900196,196,266,-70
112900197,160,299,-139
112900199,605,360,245
112900200,435,172,263
112900201,207,67,140
112900202,382,488,-106
112900203,189,165,24
112900204,699,489,210
112900205,9,2,7
112900206,31,85,-54
112900207,29,2,27
112900208,81,269,-188
112900209,380,268,112
112900210,0,12,-12
112900211,58,23,35
112900212,3,98,-95
112900213,55,24,31
112900214,9,11,-2
112900215,9,108,-99
112900216,29,46,-17
112900217,0,40,-40
112900218,91,22,69
112900219,119,7,112
112900220,15,0,15
112900221,39,60,-21
112900222,1,27,-26
112900223,932,22,910
112900224,314,313,1
112900225,415,231,184
112900226,171,199,-28
112900227,700,666,34
112900228,56,19,37
112900229,252,28,224
112900230,4460,3006,1454
112900232,248,243,5
112900233,78,132,-54
112900234,7,84,-77
112900235,101,23,78
112900236,299,6,293
112900237,244,194,50
112900238,5,12,-7
112900239,937,444,493
112900240,11,37,-26
112900241,25,73,-48
112900242,16,85,-69
112900243,12,98,-86
112900244,9,31,-22
112900245,4,32,-28
112900246,0,34,-34
112900247,75,12,63
112900248,7,0,7
112900249,16,7,9
112900250,37,22,15
112900251,74,9,65
112900252,77,20,57
112900253,27,6,21
112900254,8,4,4
112900255,1,17,-16
112900256,2,27,-25
112900257,6,14,-8
112900258,14,11,3
113000001,5284,3724,1560
113000002,3305,2928,377
113000003,1482,1206,276
113000004,1290,1813,-523
113000005,1664,799,865
113000006,1004,955,49
113000007,1646,836,810
113000008,1251,1270,-19
113000009,1038,556,482
113000010,1101,1007,94
113000011,594,1016,-422
113000012,1652,484,1168
113000013,1006,599,407
113000014,1032,1168,-136
113000015,295,151,144
113000016,340,678,-338
113000017,19,289,-270
113000018,385,35,350
113000019,60,286,-226
113000020,342,87,255
113000021,912,375,537
113000022,689,879,-190
113000025,105,307,-202
113000026,367,355,12
113000027,384,513,-129
113000028,486,537,-51
113000029,818,605,213
113000030,247,489,-242
113000031,214,263,-49
113000032,224,279,-55
113000033,214,378,-164
113000034,283,276,7
113000035,19,15,4
113000036,20,62,-42
113000037,46,39,7
113000038,25,35,-10
113000039,91,334,-243
113000040,75,80,-5
113000042,536,493,43
113000051,767,1966,-1199
113000052,1816,651,1165
113000053,406,323,83
113000054,326,552,-226
113000055,1105,436,669
113000056,973,819,154
113000058,609,709,-100
113000059,1061,450,611
113000060,248,384,-136
113000061,499,718,-219
113000062,583,252,331
113000063,238,74,164
113000064,51,199,-148
113000065,166,553,-387
113000066,743,93,650
113000067,2200,841,1359
113000068,352,814,-462
113000069,518,723,-205
113000070,2306,783,1523
113000071,387,483,-96
113000072,829,423,406
113000073,284,983,-699
113000074,834,277,557
113000075,1632,590,1042
113000076,544,1957,-1413
113000077,904,634,270
113000078,529,1798,-1269
113000079,442,777,-335
113000080,675,745,-70
113000081,600,683,-83
113000082,843,691,152
113000083,517,732,-215
113000084,1362,1058,304
113000085,783,757,26
113000086,1246,1135,111
113000087,981,927,54
113000088,1687,1085,602
113000089,761,1383,-622
113000090,213,457,-244
113000091,332,367,-35
113000094,1112,197,915
113000095,231,549,-318
113000096,116,499,-383
113000097,931,305,626
113000098,101,34,67
113000099,828,335,493
113000100,136,229,-93
113000101,298,482,-184
113000102,529,396,133
113000103,1350,325,1025
113000104,468,1757,-1289
113000105,651,268,383
113000106,213,225,-12
113000107,918,636,282
113000108,670,807,-137
113000109,580,1464,-884
113000110,1674,325,1349
113000111,214,521,-307
113000112,343,314,29
113000113,1059,292,767
113000114,313,1293,-980
113000116,580,244,336
113000117,636,145,491
113000118,98,391,-293
113000119,555,293,262
113000120,69,164,-95
113000121,404,704,-300
113000124,284,139,145
113000125,79,745,-666
113000127,1678,268,1410
113000128,502,360,142
113000129,419,543,-124
113000133,1506,1095,411
113000134,3,883,-880
113000135,3518,4034,-516
113000137,1361,3085,-1724
113000139,272,200,72
113000140,89,205,-116
113000141,191,202,-11
113000142,398,913,-515
113000143,237,172,65
113000144,273,554,-281
113000145,77,94,-17
113000146,118,58,60
113000147,138,68,70
113000148,187,96,91
113000149,98,78,20
113000150,424,240,184
113000151,38,53,-15
113000152,50,84,-34
113000153,797,412,385
113000154,663,1239,-576
113000155,226,546,-320
113000156,111,326,-215
113000157,251,603,-352
113000158,568,202,366
113000159,686,502,184
113000160,551,626,-75
113000161,257,249,8
113000162,722,303,419
113000163,101,46,55
113000164,33,67,-34
113000166,180,81,99
113000167,22,77,-55
113000168,69,89,-20
113000169,205,88,117
113000170,92,80,12
113000171,48,72,-24
113000172,245,38,207
113000173,66,32,34
113000174,92,278,-186
113000175,413,115,298
113000176,499,129,370
113000177,154,326,-172
113000178,169,213,-44
113000179,262,215,47
113000180,377,957,-580
113000181,1122,663,459
113000182,121,278,-157
113000183,88,412,-324
113000184,20,77,-57
113000189,336,692,-356
113000190,485,367,118
113000192,891,2270,-1379
113000193,2057,1971,86
113000194,938,1058,-120
113000195,1262,1144,118
113000196,140,88,52
113000197,1153,1155,-2
113000198,73,190,-117
113000199,1202,341,861
113000201,63,353,-290
113000202,3070,542,2528
113000203,150,25,125
113000204,755,2336,-1581
113000205,10,18,-8
113000206,11,28,-17
113000207,71,8,63
113000208,33,30,3
113000209,10,24,-14
113000210,6,17,-11
113000211,151,245,-94
113000212,52,28,24
113000213,33,92,-59
113000214,156,250,-94
113000234,208,626,-418
113000410,147,194,-47
113000411,1775,3149,-1374
113000412,4137,2060,2077
113000413,1463,2322,-859
113000414,3681,10590,-6909
113000415,1636,2020,-384
113000416,5524,3174,2350
113000417,2111,2193,-82
113000418,4296,3120,1176
113000419,1487,1651,-164
113000420,3521,5115,-1594
113000421,3339,5683,-2344
113000422,8905,8200,705
113000423,1483,4331,-2848
113000424,2374,8726,-6352
113000425,3,93,-90
113000428,59,31,28
113000430,5,88,-83
113000432,1824,166,1658
113000433,66,473,-407
113000434,46,113,-67
113000435,14,307,-293
113000436,30,692,-662
113000437,922,39,883
113000438,251,7,244
113000439,17,89,-72
113000440,143,32,111
113000441,198,172,26
113000442,129,141,-12
113000443,244,157,87
113000444,220,118,102
113000445,143,95,48
113000446,33,61,-28
113000448,172,161,11
113000449,171,675,-504
113000450,436,1443,-1007
113000451,1152,204,948
113000452,253,411,-158
113000453,70,341,-271
113000454,408,95,313
113000455,19,331,-312
113000456,2661,2032,629
113000468,1036,151,885
113000469,30,88,-58
113000470,314,21,293
113000471,3,382,-379
113000472,73,207,-134
113000474,689,526,163
113000475,1242,1211,31
113000476,1304,1542,-238
113000477,3137,1622,1515
113000478,2987,3598,-611
113000479,40,123,-83
113000483,0,0,0
113000484,0,0,0
113000485,0,0,0
113000486,0,0,0
113000487,0,0,0
113000488,0,0,0
113000489,0,0,0
113000490,0,2,-2
113000491,7,0,7
113000492,1,1,0
113000493,0,0,0
113000495,131,107,24
113000496,118,71,47
113000499,0,0,0
113900001,0,3,-3
113900002,0,0,0
113900003,0,0,0
113900004,0,1,-1
113900005,123,47,76
113900006,0,1,-1
113900007,4,11,-7
113900008,16,178,-162
113900009,25,119,-94
113900010,41,27,14
113900011,36,26,10
113900012,30,64,-34
113900013,98,26,72
113900014,476,4,472
113900015,1,49,-48
113900016,33,0,33
113900017,5,37,-32
113900018,326,222,104
113900019,166,39,127
113900020,102,1,101
113900022,31,0,31
113900023,38,0,38
113900024,52,21,31
113900025,196,7,189
113900026,42,0,42
113900027,5,33,-28
113900028,27,360,-333
113900029,92,127,-35
113900030,254,2,252
113900031,23,0,23
113900032,23,0,23
113900033,73,43,30
113900035,37,1,36
113900036,17,56,-39
113900037,170,359,-189
113900038,62,83,-21
113900039,157,14,143
113900040,15,12,3
113900041,4,3,1
113900042,50,24,26
113900043,126,74,52
113900044,216,254,-38
113900045,60,2,58
113900046,250,412,-162
113900047,46,98,-52
113900048,175,95,80
113900049,424,276,148
113900050,235,329,-94
113900051,219,245,-26
113900052,138,123,15
113900053,344,377,-33
113900054,12,1,11
113900055,75,299,-224
113900056,36,141,-105
113900057,19,54,-35
113900058,75,87,-12
113900059,263,216,47
113900060,91,134,-43
113900061,582,148,434
113900062,101,8,93
113900063,72,83,-11
113900064,29,71,-42
113900065,351,12,339
113900066,379,208,171
113900067,207,174,33
113900068,416,399,17
113900069,43,21,22
113900070,129,354,-225
113900071,51,74,-23
113900072,58,106,-48
113900073,306,241,65
113900074,480,388,92
113900075,994,1123,-129
113900076,118,5,113
113900077,28,117,-89
113900078,30,69,-39
113900079,7,28,-21
113900080,428,165,263
113900081,54,137,-83
113900082,111,166,-55
113900083,336,212,124
113900084,162,116,46
113900085,48,255,-207
113900086,56,15,41
113900087,66,152,-86
113900088,73,85,-12
113900089,289,41,248
113900090,479,325,154
113900091,16,5,11
113900092,32,65,-33
113900093,65,766,-701
113900094,405,248,157
113900095,118,120,-2
113900096,211,35,176
113900097,49,110,-61
113900098,675,88,587
113900099,0,28,-28
113900100,0,4,-4
113900101,16,59,-43
113900102,99,168,-69
113900103,210,261,-51
113900104,96,173,-77
113900105,98,122,-24
113900106,1,44,-43
113900107,0,20,-20
113900108,183,175,8
113900109,256,177,79
113900110,25,14,11
113900111,161,69,92
113900112,135,68,67
113900113,789,381,408
113900114,0,41,-41
113900115,0,69,-69
113900116,84,150,-66
113900117,74,20,54
113900118,149,415,-266
113900119,161,364,-203
113900120,42,68,-26
113900121,57,60,-3
113900122,398,1962,-1564
113900123,383,177,206
113900124,2,52,-50
113900125,635,108,527
113900126,95,41,54
113900127,322,550,-228
113900128,116,79,37
113900129,24,135,-111
113900130,2,59,-57
113900131,216,45,171
113900132,64,80,-16
113900133,16,89,-73
113900135,283,228,55
113900136,94,73,21
113900137,260,248,12
113900138,45,119,-74
113900139,230,183,47
113900140,153,270,-117
113900141,443,194,249
113900142,96,66,30
113900143,11,31,-20
113900144,171,308,-137
113900145,334,141,193
113900146,146,73,73
113900148,127,248,-121
113900149,142,71,71
113900150,292,324,-32
113900151,326,158,168
113900152,23,40,-17
113900153,164,371,-207
113900154,3,87,-84
113900155,189,208,-19
113900156,188,305,-117
113900157,38,275,-237
113900158,180,379,-199
113900159,33,213,-180
113900160,492,384,108
113900161,36,176,-140
113900162,321,725,-404
113900163,181,220,-39
113900164,225,66,159
113900165,666,343,323
113900166,93,135,-42
113900167,316,40,276
113900168,80,78,2
113900169,154,282,-128
113900171,206,92,114
113900172,13,120,-107
113900173,21,308,-287
113900174,344,485,-141
113900175,347,117,230
113900176,281,375,-94
113900177,273,152,121
113900178,253,113,140
113900179,16,285,-269
113900180,119,61,58
113900181,585,90,495
113900182,561,604,-43
113900183,30,48,-18
113900184,10,291,-281
113900185,128,65,63
113900186,35,22,13
113900187,47,136,-89
113900188,57,106,-49
113900189,239,124,115
113900190,225,112,113
113900191,97,147,-50
113900192,2,396,-394
113900193,22,139,-117
113900194,1094,661,433
113900195,300,317,-17
113900196,25,153,-128
113900197,1,121,-120
113900198,23,233,-210
113900199,112,446,-334
113900200,10,138,-128
113900201,0,103,-103
113900202,23,201,-178
113900203,0,58,-58
113900204,27,380,-353
113900205,5,133,-128
113900206,4,106,-102
113900207,1,37,-36
113900208,0,39,-39
113900209,0,68,-68
113900210,426,537,-111
113900211,137,65,72
113900212,188,300,-112
113900214,300,371,-71
113900215,112,96,16
113900216,91,496,-405
113900217,65,147,-82
113900218,138,79,59
113900219,91,254,-163
113900220,107,109,-2
113900221,262,237,25
113900222,177,475,-298
113900223,241,574,-333
113900224,87,66,21
113900225,448,174,274
113900226,305,114,191
113900227,327,192,135
113900228,245,422,-177
113900229,60,602,-542
113900230,2743,2681,62
113900231,144,137,7
113900232,92,76,16
113900233,74,55,19
113900234,270,333,-63
113900235,88,18,70
113900236,212,190,22
113900237,184,12,172
113900238,164,433,-269
113900239,55,76,-21
113900240,4,145,-141
113900241,118,41,77
113900242,39,118,-79
113900243,72,312,-240
113900244,209,170,39
113900245,889,180,709
113900246,18,40,-22
113900247,131,425,-294
113900248,1637,1325,312
113900249,569,428,141
113900250,41,160,-119
113900251,671,95,576
113900252,482,17,465
113900253,472,31,441
113900254,649,114,535
113900255,389,25,364
113900256,331,25,306
113900257,43,346,-303
113900258,25,236,-211
113900259,510,100,410
113900260,201,9,192
113900261,28,67,-39
113900262,128,357,-229
113900263,133,469,-336
113900264,6,292,-286
113900265,147,189,-42
113900266,28,145,-117
113900267,110,358,-248
113900268,271,397,-126
113900269,74,99,-25
113900270,189,520,-331
113900271,483,711,-228
113900273,36,15,21
113900274,62,51,11
113900275,27,46,-19
113900276,2,101,-99
113900277,133,3,130
113900278,294,167,127
113900279,49,44,5
113900280,1239,420,819
113900281,626,1087,-461
113900282,515,476,39
113900283,378,375,3
113900284,608,112,496
113900285,90,28,62
113900286,22,78,-56
113900287,64,36,28
113900288,1,88,-87
113900289,563,96,467
113900290,166,266,-100
113900291,101,111,-10
113900292,6,5,1
113900293,5,130,-125
113900294,486,24,462
113900295,311,364,-53
113900296,1310,332,978
113900297,1692,27,1665
113900298,30,1347,-1317
113900299,95,74,21
113900300,3013,2964,49
113900301,680,325,355
113900302,1873,772,1101
113900303,296,362,-66
113900304,1,89,-88
113900305,93,0,93
113900306,70,2,68
113900307,35,1,34
113900308,70,99,-29
113900309,1,413,-412
113900310,0,2,-2
113900311,6,4,2
113900312,152,248,-96
113900313,4,9,-5
113900314,6,96,-90
113900315,363,114,249
114000001,751,1370,-619
114000002,237,250,-13
114000003,133,444,-311
114000004,368,335,33
114000005,261,194,67
114000006,1625,1512,113
114000007,502,823,-321
114000008,935,1417,-482
114000009,714,224,490
114000011,2495,1758,737
114000012,2533,1455,1078
114000013,1562,1194,368
114000014,393,339,54
114000015,1652,284,1368
114000016,273,182,91
114000017,78,294,-216
114000018,160,29,131
114000026,1828,814,1014
114000027,3005,1530,1475
114000028,2246,2120,126
114000038,242,119,123
114000039,116,78,38
114000040,138,171,-33
114000042,179,106,73
114000043,196,162,34
114000044,241,51,190
114000045,37,89,-52
114000046,2185,3479,-1294
114000047,7,61,-54
114000048,88,70,18
114000049,1141,1132,9
114000050,1338,1566,-228
114000051,2302,1770,532
114000052,2974,1824,1150
114000053,105,642,-537
114000054,194,689,-495
114000055,228,46,182
114000056,520,903,-383
114000057,3456,1530,1926
114000058,266,1205,-939
114000059,167,258,-91
114000060,411,649,-238
114000061,2166,2608,-442
114000062,1154,1330,-176
114000063,1711,1211,500
114000064,3244,3145,99
114000065,1235,1706,-471
114000066,454,469,-15
114000067,17,624,-607
114000068,470,691,-221
114000069,677,421,256
114000070,1810,1470,340
114000071,626,365,261
114000072,670,187,483
114000073,8,57,-49
114000074,49,14,35
114000075,66,39,27
114000076,20,66,-46
114000077,3,13,-10
114000078,557,452,105
114000079,125,27,98
114000080,58,75,-17
114000081,65,76,-11
114000082,59,242,-183
114000083,103,162,-59
114000084,287,84,203
114000085,88,386,-298
114000086,287,279,8
114000087,153,95,58
114000088,37,19,18
114000089,501,259,242
114000090,707,704,3
114000091,998,588,410
114000092,739,361,378
114000093,1147,575,572
114000094,323,373,-50
114000095,191,132,59
114000096,84,207,-123
114000097,155,322,-167
114000098,581,83,498
114000099,654,307,347
114000100,1510,442,1068
114000101,420,384,36
114000102,587,264,323
114000103,142,217,-75
114000104,71,136,-65
114000105,93,52,41
114000106,607,1065,-458
114000107,431,143,288
114000108,1158,784,374
114000109,634,1238,-604
114000110,603,951,-348
114000111,1631,726,905
114000112,484,1442,-958
114000113,1515,408,1107
114000114,1081,1040,41
114000115,2133,976,1157
114000116,810,1671,-861
114000117,2744,480,2264
114000118,2435,382,2053
114000119,1623,389,1234
114000120,491,488,3
114000121,419,617,-198
114000122,356,234,122
114000123,1787,316,1471
114000124,869,251,618
114000125,753,925,-172
114000126,1600,211,1389
114000127,226,124,102
114000128,805,250,555
114000130,467,393,74
114000131,229,71,158
114000132,478,309,169
114000133,626,853,-227
114000134,64,84,-20
114000138,28,128,-100
114000139,415,259,156
114000144,784,477,307
114000145,59,109,-50
114000146,95,173,-78
114000147,1237,1877,-640
114000148,1551,1472,79
114000149,307,251,56
114000150,660,890,-230
114000151,958,1705,-747
114000152,67,25,42
114000153,596,1589,-993
114000154,487,508,-21
114000155,1044,1815,-771
114000156,616,499,117
114000157,292,934,-642
114000158,989,557,432
114000159,183,317,-134
114000160,86,281,-195
114000161,1227,2449,-1222
114000162,1084,2291,-1207
114000163,16,58,-42
114000165,527,313,214
114000166,456,348,108
114000167,2066,1501,565
114000168,520,457,63
114000169,1251,1132,119
114000170,1024,934,90
114000171,961,3804,-2843
114000174,156,308,-152
114000176,334,377,-43
114000177,1242,619,623
114000178,35,61,-26
114000179,1087,702,385
114000180,301,458,-157
114000181,1406,3092,-1686
114000182,1463,1708,-245
114000183,738,676,62
114000184,1900,689,1211
114000185,1011,734,277
114000189,1088,150,938
114000190,2876,356,2520
114000191,39,93,-54
114000192,128,868,-740
114000193,445,1396,-951
114000194,1224,585,639
114000195,218,17,201
114000196,1,127,-126
114000197,1250,42,1208
114000198,623,276,347
114000199,1501,1556,-55
114000200,448,1064,-616
114000201,86,589,-503
114000202,769,386,383
114000203,535,472,63
114000204,129,306,-177
114000205,174,1072,-898
114000206,495,920,-425
114000207,477,952,-475
114000208,371,1463,-1092
114000209,457,1351,-894
114000210,192,686,-494
114000211,967,1397,-430
114000212,620,675,-55
114000213,1349,493,856
114000214,64,154,-90
114000215,136,49,87
114000216,1284,364,920
114000217,396,146,250
114000218,136,159,-23
114000219,1066,170,896
114000220,31,629,-598
114000221,727,135,592
114000222,144,737,-593
114000223,480,158,322
114000224,70,423,-353
114000225,260,397,-137
114000226,223,178,45
114000227,811,436,375
114000228,728,517,211
114000229,1127,785,342
114000230,1467,830,637
114000231,883,941,-58
114000232,793,136,657
114000233,1850,98,1752
114000234,982,716,266
114000235,868,887,-19
114000236,1,263,-262
114000237,111,613,-502
114000238,240,193,47
114000239,177,674,-497
114000240,659,862,-203
114000241,234,637,-403
114000242,749,596,153
114000243,1653,689,964
114000244,1127,211,916
114000245,351,848,-497
114000246,102,58,44
114000247,909,463,446
114000248,1129,467,662
114000249,415,496,-81
114000250,516,446,70
114000251,348,156,192
114000252,54,43,11
114000253,72,65,7
114000254,40,45,-5
114000255,443,197,246
114000256,789,1732,-943
114000257,427,934,-507
114000258,355,343,12
114000259,182,258,-76
114000260,0,28,-28
114000261,29,30,-1
114000262,310,84,226
114000263,8,0,8
114000264,1222,295,927
114000265,0,1,-1
114000267,2,1364,-1362
114000268,1,882,-881
114000270,177,8,169
114000271,317,47,270
114000283,1294,343,951
114000285,20,119,-99
114000288,111,254,-143
114000289,1136,172,964
114000293,183,351,-168
114000294,170,242,-72
114000395,1315,29,1286
114000396,616,451,165
114000402,466,238,228
114000403,299,187,112
114000405,191,289,-98
114000423,359,254,105
114000424,414,103,311
114000425,814,211,603
114000426,292,705,-413
114000427,49,59,-10
114000428,158,178,-20
114000429,4,145,-141
114000432,109,94,15
114000434,19,101,-82
114000435,0,132,-132
114900001,540,536,4
114900002,425,135,290
114900003,653,777,-124
114900004,202,339,-137
114900005,394,461,-67
114900006,74,59,15
114900007,228,15,213
114900008,133,62,71
114900010,1217,1524,-307
114900011,193,110,83
114900013,148,162,-14
114900015,33,196,-163
114900018,1087,35,1052
114900020,135,52,83
114900022,8,653,-645
114900024,131,65,66
114900025,461,148,313
114900026,91,100,-9
114900027,78,59,19
114900029,144,23,121
114900030,290,170,120
114900031,370,34,336
114900032,298,22,276
114900033,246,321,-75
114900034,47,155,-108
114900035,99,223,-124
114900036,120,345,-225
114900037,47,47,0
114900038,84,162,-78
114900039,422,278,144
114900040,69,97,-28
114900041,616,282,334
114900042,797,396,401
114900043,204,80,124
114900044,160,34,126
114900046,16,34,-18
114900047,220,1769,-1549
114900048,141,211,-70
114900049,24,136,-112
114900050,43,208,-165
114900051,32,218,-186
114900052,39,303,-264
114900053,139,248,-109
114900054,37,91,-54
114900057,189,15,174
114900058,0,60,-60
114900059,70,68,2
114900060,264,256,8
114900061,56,52,4
114900062,44,91,-47
114900063,56,96,-40
114900064,1458,262,1196
114900065,409,511,-102
114900067,62,284,-222
114900068,55,204,-149
114900069,136,62,74
114900070,504,240,264
114900072,5,187,-182
114900073,0,96,-96
114900074,580,416,164
114900075,224,4,220
114900076,12,241,-229
114900080,1265,302,963
114900082,2459,1903,556
114900083,689,756,-67
114900090,327,142,185
114900091,89,99,-10
114900095,105,54,51
114900096,102,171,-69
114900097,172,1,171
114900098,7,157,-150
114900099,168,3,165
115000001,3628,2407,1221
115000002,3436,3900,-464
115000003,3758,1866,1892
115000004,4121,4972,-851
115000005,1318,1482,-164
115000006,1008,1145,-137
115000007,253,183,70
115000008,337,472,-135
115000009,195,146,49
115000010,289,153,136
115000013,53,213,-160
115000015,85,295,-210
115000016,64,222,-158
115000019,53,335,-282
115000020,107,600,-493
115000021,204,305,-101
115000022,435,270,165
115000023,347,524,-177
115000024,778,313,465
115000025,734,518,216
115000026,159,270,-111
115000027,317,245,72
115000028,183,558,-375
115000029,598,78,520
115000030,667,820,-153
115000031,1212,200,1012
115000032,8,260,-252
115000033,230,40,190
115000034,52,902,-850
115000035,916,79,837
115000036,1,264,-263
115000037,528,13,515
115000038,41,144,-103
115000039,2937,2933,4
115000040,3643,2420,1223
115000041,1331,3223,-1892
115000042,747,453,294
115000043,3692,1861,1831
115000044,3235,2581,654
115000045,2296,1048,1248
115000046,2296,1962,334
115000047,2195,1215,980
115000048,1547,1416,131
115000049,1313,2098,-785
115000050,2792,1588,1204
115000051,1431,2958,-1527
115000052,1500,1377,123
115000053,1866,1592,274
115000054,494,886,-392
115000055,215,983,-768
115000056,216,381,-165
115000057,444,1096,-652
115000058,223,395,-172
115000059,135,111,24
115000061,150,147,3
115000062,196,246,-50
115000063,349,252,97
115000064,186,74,112
115000065,79,404,-325
115000067,225,26,199
115000069,71,275,-204
115000070,40,696,-656
115000071,107,5,102
115000072,16,60,-44
115000073,1199,70,1129
115000075,108,59,49
115000076,2272,1756,516
115000077,1663,1418,245
115000078,1023,833,190
115000079,1259,1101,158
115000080,2339,1379,960
115000081,332,517,-185
115000082,3578,2765,813
115000083,1590,1273,317
115000084,2197,857,1340
115000085,672,518,154
115000086,1048,674,374
115000087,375,1003,-628
115000088,1575,672,903
115000089,1250,941,309
115000090,423,794,-371
115000091,187,717,-530
115000092,662,338,324
115000093,399,4,395
115000094,4629,4845,-216
115000095,3438,5387,-1949
115000096,743,887,-144
115000097,1009,714,295
115000098,1072,549,523
115000099,2318,1756,562
115000100,1057,299,758
115000101,382,1018,-636
115000102,452,193,259
115000103,241,448,-207
115000105,65,95,-30
115000106,646,248,398
115000107,176,282,-106
115000108,2168,1930,238
115000109,3022,3842,-820
115000110,1169,1319,-150
115000111,562,1113,-551
115000112,535,551,-16
115000113,458,638,-180
115000114,1568,521,1047
115000116,2889,1991,898
115000117,2891,2269,622
115000118,1829,1392,437
115000119,1506,1651,-145
115000120,532,1133,-601
115000121,953,566,387
115000122,2063,1299,764
115000123,979,1891,-912
115000124,662,834,-172
115000125,361,641,-280
115000126,115,247,-132
115000127,288,92,196
115000128,395,702,-307
115000129,266,323,-57
115000130,408,571,-163
115000131,745,214,531
115000132,305,286,19
115000133,479,286,193
115000134,208,186,22
115000135,215,142,73
115000136,231,289,-58
115000137,116,117,-1
115000138,309,269,40
115000139,278,181,97
115000140,369,239,130
115000141,159,162,-3
115000142,149,158,-9
115000143,793,540,253
115000144,427,42,385
115000145,196,232,-36
115000146,410,247,163
115000147,237,431,-194
115000148,199,545,-346
115000149,543,168,375
115000150,560,477,83
115000151,1018,435,583
115000152,610,599,11
115000153,977,323,654
115000154,735,217,518
115000155,519,605,-86
115000156,851,551,300
115000157,476,604,-128
115000158,352,388,-36
115000159,519,555,-36
115000160,390,291,99
115000161,93,343,-250
115000162,547,746,-199
115000163,419,551,-132
115000164,592,503,89
115000165,343,404,-61
115000167,145,43,102
115000168,452,269,183
115000169,403,281,122
115000170,135,171,-36
115000171,268,254,14
115000172,793,524,269
115000173,277,532,-255
115000174,57,317,-260
115000175,135,72,63
115000176,54,62,-8
115000177,33,75,-42
115000178,10,136,-126
115000179,16,13,3
115000180,92,372,-280
115000181,593,99,494
115000182,816,195,621
115000183,316,603,-287
115000186,634,213,421
115000187,208,523,-315
115000188,356,306,50
115000189,170,339,-169
115000190,603,330,273
115000191,154,439,-285
115000194,90,127,-37
115000195,254,280,-26
115000196,230,110,120
115000197,242,178,64
115000198,335,131,204
115000199,293,84,209
115000200,353,66,287
115000201,156,215,-59
115000206,304,37,267
115000207,147,243,-96
115000208,263,372,-109
115000209,533,285,248
115000210,104,90,14
115000211,171,207,-36
115000212,1037,316,721
115000224,317,84,233
115000225,39,67,-28
115000229,130,91,39
115000230,73,244,-171
115000231,209,903,-694
115000232,1608,217,1391
115000233,98,146,-48
115000234,28,256,-228
115000241,80,172,-92
115000242,97,166,-69
115000243,39,126,-87
115000244,9,84,-75
115000246,73,18,55
115000247,55,22,33
115000248,43,13,30
115000249,20,19,1
115000250,273,27,246
115000251,237,100,137
115000252,86,194,-108
115000253,13,334,-321
115000258,284,107,177
115000259,248,116,132
115000261,19,11,8
115000262,14,25,-11
115000263,51,45,6
115000264,42,50,-8
115000267,55,73,-18
115000268,40,126,-86
115000269,123,39,84
115000270,10,12,-2
115000272,51,98,-47
115000273,350,30,320
115000280,1626,387,1239
115000281,300,1215,-915
115000282,403,585,-182
115000284,198,122,76
115000296,938,8,930
115000297,94,177,-83
115000298,38,496,-458
115000300,150,139,11
115000302,489,102,387
115000303,705,90,615
115000304,719,46,673
115000305,94,376,-282
115000306,160,142,18
115000307,103,198,-95
115000308,22,37,-15
115000309,13,40,-27
115000310,904,590,314
115000311,956,867,89
115000313,134,412,-278
115000314,378,161,217
115000315,636,479,157
115000316,58,89,-31
115000317,152,278,-126
115000318,655,212,443
115000319,57,239,-182
115000320,10,271,-261
115000321,185,5,180
115000322,35,172,-137
115000449,164,132,32
115000557,0,1220,-1220
115000558,264,97,167
115000587,517,176,341
115000588,1655,1715,-60
115000589,3302,1813,1489
115000590,989,1153,-164
115000591,1420,513,907
115000592,405,1429,-1024
115000593,1188,503,685
115000594,519,2293,-1774
115000609,193,184,9
115000617,954,2533,-1579
115000624,245,53,192
115000633,356,1489,-1133
115000634,2143,643,1500
115000635,508,115,393
115000638,516,477,39
115000641,39,108,-69
115000642,289,213,76
115000643,93,386,-293
115000644,106,282,-176
115000646,680,1292,-612
115000647,149,428,-279
115000648,1739,1246,493
115000893,1969,1195,774
115000894,105,852,-747
115000895,348,784,-436
115000896,1017,322,695
115000897,398,139,259
115000898,311,180,131
115000899,306,1003,-697
115000900,43,302,-259
115000901,44,108,-64
115000912,321,95,226
115000913,9,19,-10
115000915,18,0,18
115000916,5,0,5
115000917,0,2,-2
115000918,30,345,-315
115000919,5,13,-8
115000920,15,46,-31
115000921,322,55,267
115000922,692,665,27
115000923,276,1067,-791
115000925,113,70,43
115000927,43,67,-24
115000933,204,237,-33
115000934,115,152,-37
115000935,92,80,12
115000936,19,533,-514
115000937,687,159,528
115000938,110,236,-126
115000939,128,223,-95
115000940,30,9,21
115000941,5,29,-24
115000942,12,102,-90
115000943,15,23,-8
115000944,2,7,-5
115900001,155,39,116
115900002,93,108,-15
115900003,157,64,93
115900004,1,31,-30
115900005,183,20,163
115900006,165,190,-25
115900008,73,5,68
115900009,122,159,-37
115900010,285,102,183
115900011,397,186,211
115900012,205,46,159
115900013,234,68,166
115900014,103,101,2
115900015,163,78,85
115900016,99,10,89
115900017,21,9,12
115900018,142,35,107
115900019,66,17,49
115900020,78,4,74
115900021,803,159,644
115900022,950,9,941
115900023,44,6,38
115900025,26,168,-142
115900026,547,139,408
115900027,0,210,-210
115900028,507,49,458
115900029,42,203,-161
115900030,22,23,-1
115900031,232,252,-20
115900032,354,476,-122
115900033,0,28,-28
115900034,31,228,-197
115900035,59,16,43
115900036,59,778,-719
115900037,43,239,-196
115900038,65,9,56
115900039,161,128,33
115900041,337,546,-209
115900042,30,3,27
115900043,113,41,72
115900044,230,253,-23
115900046,300,155,145
115900047,146,145,1
115900049,129,137,-8
115900051,10,51,-41
115900052,2,104,-102
115900053,208,151,57
115900054,289,40,249
115900055,9,71,-62
115900056,178,146,32
115900057,18,5,13
115900058,23,36,-13
115900060,51,53,-2
115900061,232,0,232
115900062,27,152,-125
115900063,67,7,60
115900064,141,185,-44
115900065,119,45,74
115900066,146,103,43
115900067,22,428,-406
115900068,2124,1051,1073
115900069,27,128,-101
115900070,166,107,59
115900071,2,240,-238
115900072,42,101,-59
115900073,92,85,7
115900074,2,206,-204
115900075,17,147,-130
115900076,3,35,-32
115900077,6,156,-150
115900078,88,156,-68
115900079,180,21,159
115900080,269,139,130
115900081,15,55,-40
115900082,103,142,-39
115900084,425,11,414
115900085,46,110,-64
115900086,1023,366,657
115900088,29,56,-27
115900089,330,444,-114
115900090,344,8,336
115900091,10,38,-28
115900092,24,90,-66
115900093,19,15,4
115900094,5,162,-157
115900096,3,4,-1
115900097,7,228,-221
115900098,173,214,-41
115900099,204,60,144
115900100,8,313,-305
115900101,139,173,-34
115900102,68,46,22
115900103,222,124,98
115900104,67,76,-9
115900105,261,297,-36
115900106,65,25,40
115900107,106,69,37
115900108,170,25,145
115900109,44,246,-202
115900110,0,13,-13
115900111,2,75,-73
115900112,46,578,-532
115900113,46,28,18
115900114,4,91,-87
115900115,63,170,-107
115900116,53,516,-463
115900117,90,17,73
115900118,0,227,-227
115900119,134,92,42
115900120,29,174,-145
115900121,180,163,17
115900124,314,536,-222
115900125,365,43,322
115900126,528,66,462
115900127,654,36,618
115900128,10,71,-61
115900129,554,59,495
115900130,26,235,-209
115900131,357,23,334
115900132,552,8,544
115900134,298,8,290
115900135,376,927,-551
115900137,29,2,27
115900139,35,75,-40
115900140,272,43,229
115900141,4,37,-33
115900142,7,27,-20
115900143,188,239,-51
115900144,112,145,-33
115900146,17,57,-40
115900147,186,236,-50
115900148,62,5,57
115900149,94,13,81
115900150,58,25,33
115900151,16,91,-75
115900152,100,206,-106
115900153,127,138,-11
115900154,356,279,77
115900155,1,32,-31
115900156,547,668,-121
115900157,182,413,-231
115900158,19,11,8
115900159,113,172,-59
115900160,5,11,-6
115900161,34,102,-68
115900163,182,63,119
115900164,512,28,484
115900166,174,115,59
115900168,120,97,23
115900171,97,292,-195
115900172,56,105,-49
115900173,176,106,70
115900174,197,156,41
115900175,126,146,-20
115900178,5,431,-426
115900179,272,4,268
115900180,24,78,-54
115900181,157,114,43
115900182,357,106,251
115900183,39,45,-6
115900184,1025,14,1011
115900187,5,114,-109
115900189,0,190,-190
115900190,155,1084,-929
115900191,15,216,-201
115900192,11,136,-125
115900193,372,71,301
115900194,621,56,565
115900195,482,1924,-1442
115900198,165,200,-35
115900199,163,147,16
115900200,196,238,-42
115900201,277,255,22
115900202,0,43,-43
115900203,10,12,-2
115900204,0,6,-6
115900205,48,21,27
115900206,204,99,105
115900207,40,12,28
115900208,85,80,5
115900209,3,130,-127
115900210,5,112,-107
115900211,4,145,-141
115900212,167,160,7
115900213,70,84,-14
115900214,498,198,300
115900215,24,189,-165
115900216,8,101,-93
115900217,18,40,-22
115900218,0,18,-18
115900219,124,2,122
115900220,175,14,161
115900221,84,11,73
115900222,54,33,21
115900223,10,371,-361
115900224,687,1173,-486
115900225,69,30,39
115900226,11,36,-25
115900227,8,62,-54
115900228,5,30,-25
115900229,19,29,-10
115900230,48,87,-39
115900231,118,2,116
115900232,31,6,25
115900233,60,10,50
115900234,28,20,8
115900235,23,17,6
115900236,147,35,112
115900237,53,20,33
115900238,60,14,46
115900239,18,22,-4
115900240,8,26,-18
115900241,196,87,109
115900242,245,294,-49
115900243,7,4,3
115900244,31,17,14
115900245,49,6,43
115900246,43,23,20
115900247,33,16,17
115900248,10,4,6
115900249,10,10,0
115900250,8,13,-5
115900251,2,14,-12
115900252,1,1,0
115900253,7,19,-12
115900254,5,27,-22
115900255,1,13,-12
115900256,15,13,2
115900257,3,10,-7
115900258,0,4,-4
115900259,9,3,6
115900260,12,0,12
115900261,8,2,6
115900262,6,0,6
115900263,12,2,10
115900264,11,2,9
115900265,3,9,-6
115900266,1,13,-12
115900267,5,20,-15
115900268,2,9,-7
115900269,482,226,256
115900270,289,190,99
115900271,136,0,136
115900272,28,3,25
115900273,8,27,-19
115900274,6,4,2
115900275,0,17,-17
115900276,0,14,-14
115900277,1,38,-37
115900278,30,61,-31
115900279,18,111,-93
115900280,30,332,-302
115900281,262,196,66
115900282,7,17,-10
115900283,9,36,-27
115900284,21,9,12
116000001,6752,3095,3657
116000002,4160,10452,-6292
116000003,1307,1254,53
116000004,2628,3346,-718
116000005,1720,2212,-492
116000006,2281,2420,-139
116000007,2139,2519,-380
116000008,3327,1895,1432
116000009,964,1566,-602
116000010,2035,1450,585
116000011,784,1309,-525
116000012,1396,1012,384
116000013,5219,2867,2352
116000014,6717,10253,-3536
116000015,147,971,-824
116000016,3701,2745,956
116000017,21,626,-605
116000018,492,173,319
116000019,626,203,423
116000020,429,550,-121
116000021,449,218,231
116000022,385,295,90
116000023,948,549,399
116000024,454,591,-137
116000025,675,601,74
116000026,1270,1841,-571
116000027,453,533,-80
116000028,377,671,-294
116000029,418,542,-124
116000030,776,398,378
116000031,140,288,-148
116000032,272,121,151
116000033,288,284,4
116000034,588,716,-128
116000035,249,520,-271
116000036,1162,1055,107
116000037,450,393,57
116000038,224,439,-215
116000039,370,330,40
116000040,583,379,204
116000041,112,304,-192
116000042,522,245,277
116000043,108,487,-379
116000044,14,59,-45
116000045,1376,1088,288
116000046,819,1364,-545
116000047,1185,1699,-514
116000048,1405,1492,-87
116000049,1010,2446,-1436
116000050,1267,1045,222
116000051,5182,1997,3185
116000052,5006,3814,1192
116000053,1620,627,993
116000054,702,1672,-970
116000055,622,723,-101
116000056,1085,982,103
116000057,1913,1098,815
116000058,2178,1815,363
116000059,2062,3077,-1015
116000060,1512,884,628
116000061,598,844,-246
116000062,474,198,276
116000063,531,1037,-506
116000066,233,493,-260
116000067,178,420,-242
116000068,197,277,-80
116000069,310,227,83
116000078,508,884,-376
116000080,1466,685,781
116000082,10,20,-10
116000083,1702,341,1361
116000084,1685,2579,-894
116000085,2045,1661,384
116000086,1557,893,664
116000087,1866,1314,552
116000088,692,704,-12
116000089,112,56,56
116000090,135,145,-10
116000091,225,289,-64
116000093,741,548,193
116000094,679,459,220
116000095,778,423,355
116000096,636,1181,-545
116000097,737,496,241
116000098,96,5683,-5587
116000099,4523,255,4268
116000100,234,16,218
116000101,776,534,242
116000102,250,688,-438
116000103,444,194,250
116000104,184,797,-613
116000105,1199,128,1071
116000106,517,952,-435
116000107,2477,425,2052
116000108,193,330,-137
116000111,105,28,77
116000113,106,100,6
116000114,48,123,-75
116000115,328,143,185
116000116,233,307,-74
116000117,1322,1547,-225
116000118,1253,823,430
116000119,3107,1562,1545
116000120,2494,2488,6
116000121,792,405,387
116000122,1022,1019,3
116000123,931,398,533
116000124,295,526,-231
116000125,2546,692,1854
116000126,248,981,-733
116000127,778,843,-65
116000128,1546,628,918
116000129,1295,251,1044
116000130,610,422,188
116000133,1009,584,425
116000134,1526,1280,246
116000135,2444,1189,1255
116000136,761,1428,-667
116000137,990,652,338
116000138,723,478,245
116000139,1281,1704,-423
116000140,149,166,-17
116000141,276,460,-184
116000142,2404,1884,520
116000143,1569,1488,81
116000144,1197,1468,-271
116000145,1660,899,761
116000146,598,131,467
116000147,176,120,56
116000148,429,454,-25
116000149,560,439,121
116000151,523,371,152
116000153,92,277,-185
116000155,132,169,-37
116000156,538,876,-338
116000157,96,12,84
116000158,326,252,74
116000159,18,18,0
116000160,12,32,-20
116000161,4,39,-35
116000162,39,82,-43
116000163,16,5,11
116000164,18,14,4
116000177,294,215,79
116000194,121,296,-175
116000195,1243,518,725
116000196,0,0,0
116000197,12,15,-3
116000198,1729,780,949
116000200,578,471,107
116000201,463,613,-150
116000202,10,255,-245
116000203,5,68,-63
116000204,13,56,-43
116000205,2,117,-115
116000206,5,89,-84
116000207,10,34,-24
116000233,173,279,-106
116000287,167,287,-120
116000288,271,153,118
116000292,0,0,0
116000296,26,201,-175
116000297,102,26,76
116000304,95,63,32
116000305,25,60,-35
116000346,128,61,67
116000352,100,27,73
116000354,38,17,21
116000357,26,51,-25
116000358,332,65,267
116000361,193,6,187
116000372,3013,3893,-880
116000381,109,0,109
116000388,0,43,-43
116000389,598,434,164
116000445,451,336,115
116000446,587,401,186
116000447,16,438,-422
116000448,451,141,310
116000563,612,664,-52
116000565,29,289,-260
116000568,68,292,-224
116000579,23,95,-72
116000583,93,41,52
116000584,24,1,23
116000585,32,16,16
116000586,32,26,6
116000587,381,448,-67
116000589,106,80,26
116000590,60,87,-27
116000591,295,168,127
116000592,27,81,-54
116000593,0,30,-30
116000594,570,276,294
116000595,510,120,390
116000596,101,7,94
116000597,370,113,257
116000598,26,103,-77
116000605,190,93,97
116000606,80,228,-148
116000607,29,55,-26
116000609,128,822,-694
116000611,166,328,-162
116000612,730,1589,-859
116000613,546,275,271
116000614,335,416,-81
116000615,0,331,-331
116000616,28,31,-3
116000617,78,30,48
116000618,3,31,-28
116000619,36,58,-22
116000620,118,117,1
116000621,57,80,-23
116000622,81,139,-58
116000624,198,113,85
116000627,87,41,46
116000628,13,247,-234
116000629,24,177,-153
116000630,416,37,379
116000631,207,69,138
116000632,779,20,759
116000633,200,157,43
116000634,386,92,294
116000635,2097,2038,59
116000636,532,979,-447
116000637,505,41,464
116000638,145,288,-143
116000639,15,3,12
116000640,9,19,-10
116000641,4,18,-14
116000643,0,37,-37
116000644,32,282,-250
116000645,13,2,11
116900001,227,129,98
116900002,175,1,174
116900003,51,30,21
116900004,26,41,-15
116900005,260,54,206
116900006,120,202,-82
116900007,119,136,-17
116900008,355,218,137
116900009,23,1,22
116900010,0,729,-729
116900011,35,39,-4
116900012,403,149,254
116900013,1,84,-83
116900014,127,132,-5
116900016,198,4,194
116900017,2,392,-390
116900018,72,33,39
116900019,8,194,-186
116900020,527,377,150
116900023,88,10,78
116900025,923,578,345
116900026,94,435,-341
116900027,22,39,-17
116900028,6,108,-102
116900029,136,694,-558
116900031,1,5,-4
116900032,3,158,-155
116900033,19,8,11
116900034,1,58,-57
116900035,152,131,21
116900036,4,73,-69
116900038,25,5,20
116900041,43,13,30
116900042,401,214,187
116900043,16,30,-14
116900047,35,128,-93
116900049,25,246,-221
116900050,111,283,-172
116900051,184,116,68
116900052,154,49,105
116900055,6,6,0
116900057,13,171,-158
116900058,21,247,-226
116900059,0,113,-113
116900060,146,127,19
116900062,5,27,-22
116900064,80,361,-281
116900065,23,94,-71
116900067,90,44,46
116900068,102,138,-36
116900070,3,1,2
116900072,24,241,-217
116900073,16,59,-43
116900074,3,48,-45
116900076,12,31,-19
116900077,10,78,-68
116900078,167,57,110
116900079,44,116,-72
116900080,6,30,-24
116900081,312,654,-342
116900082,327,588,-261
116900083,48,24,24
116900084,87,57,30
116900085,15,36,-21
116900086,50,114,-64
116900088,149,71,78
116900090,113,38,75
116900091,354,17,337
116900092,58,463,-405
116900093,1362,1294,68
116900094,2444,3286,-842
116900095,140,70,70
116900096,83,116,-33
116900097,1720,2645,-925
116900098,589,316,273
116900099,482,641,-159
116900100,840,35,805
116900101,237,328,-91
116900103,12,1,11
116900104,66,78,-12
116900105,239,123,116
116900106,1694,120,1574
116900107,2129,2313,-184
116900110,14,0,14
116900111,547,383,164
116900112,261,684,-423
116900113,1185,1430,-245
116900116,75,556,-481
116900117,170,111,59
116900118,521,665,-144
116900120,353,47,306
116900121,222,20,202
116900122,788,490,298
116900123,204,472,-268
116900124,204,621,-417
116900125,248,59,189
116900126,97,503,-406
116900128,0,17,-17
116900129,0,340,-340
116900130,462,2831,-2369
116900131,65,227,-162
116900132,50,99,-49
116900133,117,134,-17
116900134,178,215,-37
116900136,260,147,113
116900137,205,134,71
116900138,138,130,8
116900139,138,305,-167
116900140,139,126,13
116900141,663,266,397
116900142,9,138,-129
116900143,273,234,39
116900144,22,122,-100
116900145,41,100,-59
116900147,318,476,-158
116900148,0,0,0
116900149,76,272,-196
116900150,2,23,-21
116900151,38,14,24
116900153,116,85,31
116900154,338,515,-177
116900155,67,83,-16
116900157,600,199,401
116900158,99,227,-128
116900159,77,319,-242
116900160,758,554,204
116900161,3660,5946,-2286
116900162,19,62,-43
116900163,166,88,78
116900164,90,49,41
116900165,237,196,41
116900166,31,37,-6
116900167,398,54,344
116900168,355,52,303
116900169,352,512,-160
116900170,292,486,-194
116900171,31,110,-79
116900172,141,341,-200
116900173,186,30,156
116900174,107,108,-1
116900175,138,185,-47
116900178,32,76,-44
116900179,68,320,-252
116900180,72,19,53
116900182,361,264,97
116900183,114,80,34
116900185,11,17,-6
116900186,65,155,-90
116900187,62,46,16
116900188,133,40,93
116900189,0,0,0
116900191,357,619,-262
116900192,300,75,225
116900194,179,1176,-997
116900195,32,17,15
116900196,10,82,-72
116900197,92,5,87
116900198,94,260,-166
116900200,91,19,72
116900201,107,6,101
116900202,101,31,70
116900203,119,5,114
116900204,51,94,-43
116900206,24,7,17
116900207,28,21,7
116900208,8,87,-79
116900209,13,69,-56
116900210,419,262,157
116900211,182,8,174
116900212,74,38,36
116900213,174,70,104
116900214,174,118,56
116900215,42,42,0
116900216,285,125,160
116900218,56,297,-241
116900219,1176,219,957
116900220,132,184,-52
116900221,84,210,-126
116900222,391,280,111
116900223,139,243,-104
116900226,99,30,69
116900227,198,77,121
116900228,280,126,154
116900230,85,420,-335
116900233,591,102,489
116900234,23,6,17
116900235,114,138,-24
116900238,1100,275,825
116900239,18,848,-830
116900240,3480,2888,592
116900241,58,71,-13
116900242,546,512,34
116900243,0,15,-15
116900245,24,25,-1
116900246,127,27,100
116900247,829,21,808
116900248,109,33,76
116900249,329,69,260
116900250,345,36,309
116900251,330,381,-51
116900252,96,610,-514
116900254,20,85,-65
116900255,74,79,-5
116900256,336,96,240
116900257,24,243,-219
116900258,6,151,-145
116900259,230,5,225
116900260,1,72,-71
116900261,64,2,62
116900262,229,149,80
116900263,0,10,-10
116900264,19,13,6
116900265,49,1,48
116900266,149,104,45
116900267,4,0,4
116900268,71,80,-9
116900269,229,480,-251
116900271,763,285,478
116900272,327,181,146
116900273,92,67,25
116900274,144,41,103
116900275,135,76,59
116900276,306,197,109
116900277,104,6,98
116900278,5,4,1
116900279,3,15,-12
116900280,307,31,276
116900281,3311,3853,-542
116900282,9,80,-71
116900283,23,75,-52
116900284,18,132,-114
116900285,155,166,-11
116900286,143,12,131
116900287,3,21,-18
116900288,84,102,-18
116900289,14,6,8
116900290,13,7,6
116900291,23,14,9
116900292,0,27,-27
116900293,44,44,0
116900294,33,105,-72
116900295,112,60,52
116900296,49,97,-48
116900297,7,104,-97
116900298,63,63,0
116900299,15,54,-39
116900300,1,70,-69
116900301,46,134,-88
116900302,18,58,-40
116900303,150,79,71
116900304,1,148,-147
116900305,8,20,-12
116900306,179,59,120
116900307,141,2,139
116900308,3,93,-90
116900309,267,108,159
117000001,1849,1288,561
117000002,1636,3029,-1393
117000003,4962,2731,2231
117000004,2537,3746,-1209
117000005,1836,1492,344
117000006,993,2122,-1129
117000007,3539,954,2585
117000008,818,2253,-1435
117000009,3871,1427,2444
117000010,1943,2639,-696
117000011,2001,1326,675
117000012,1102,1024,78
117000013,1561,625,936
117000014,978,1541,-563
117000015,1835,1021,814
117000016,178,144,34
117000017,189,109,80
117000018,110,488,-378
117000019,85,32,53
117000020,486,1253,-767
117000021,1010,658,352
117000022,247,183,64
117000023,142,245,-103
117000024,138,277,-139
117000025,321,1132,-811
117000026,1571,1460,111
117000027,1423,4171,-2748
117000028,1847,1881,-34
117000030,338,335,3
117000031,383,284,99
117000032,1086,887,199
117000033,1022,550,472
117000034,267,218,49
117000035,278,263,15
117000036,444,244,200
117000037,245,200,45
117000038,169,422,-253
117000039,398,188,210
117000040,228,687,-459
117000041,859,148,711
117000044,15,625,-610
117000045,472,85,387
117000046,369,568,-199
117000047,751,559,192
117000048,1397,664,733
117000049,76,495,-419
117000050,167,1295,-1128
117000051,2009,88,1921
117000052,63,223,-160
117000053,578,29,549
117000054,1612,10,1602
117000055,70,2001,-1931
117000056,600,25,575
117000057,534,1848,-1314
117000060,347,841,-494
117000061,1397,684,713
117000062,263,469,-206
117000063,1561,716,845
117000064,457,487,-30
117000066,559,602,-43
117000067,89,481,-392
117000074,93,151,-58
117000076,52,36,16
117000077,152,167,-15
117000078,127,609,-482
117000079,359,203,156
117000080,3,277,-274
117000081,876,95,781
117000082,22,65,-43
117000083,94,2,92
117000084,155,1,154
117000085,245,743,-498
117000086,632,292,340
117000087,74,497,-423
117000088,246,127,119
117000089,1415,187,1228
117000090,319,905,-586
117000091,767,238,529
117000092,429,875,-446
117000093,1150,571,579
117000094,1253,1797,-544
117000095,3273,633,2640
117000096,639,1550,-911
117000097,1341,837,504
117000098,1965,2727,-762
117000099,3303,1118,2185
117000100,232,296,-64
117000101,188,656,-468
117000102,1728,570,1158
117000103,666,1050,-384
117000104,1341,516,825
117000105,744,965,-221
117000106,1165,616,549
117000107,440,1172,-732
117000108,1746,755,991
117000109,1067,1616,-549
117000110,1447,923,524
117000111,2856,3102,-246
117000112,2826,1234,1592
117000113,158,156,2
117000114,292,110,182
117000115,91,78,13
117000116,138,164,-26
117000117,1258,859,399
117000118,232,141,91
117000119,189,157,32
117000120,97,493,-396
117000121,54,816,-762
117000122,320,615,-295
117000123,1156,36,1120
117000124,343,91,252
117000125,150,110,40
117000126,40,14,26
117000127,125,234,-109
117000128,284,675,-391
117000129,321,781,-460
117000130,134,2,132
117000131,0,126,-126
117000132,2743,25,2718
117000133,1631,16,1615
117000134,2,77,-75
117000135,2,89,-87
117000136,1,24,-23
117000137,126,106,20
117000138,2,615,-613
117000140,384,973,-589
117000141,1596,476,1120
117000181,428,213,215
117000182,402,595,-193
117000195,143,619,-476
117000196,214,141,73
117000225,82,48,34
117000226,14,97,-83
117000276,355,18,337
117000277,1,226,-225
117000310,1067,1740,-673
117000315,67,526,-459
117000320,86,1,85
117000906,467,15,452
117000907,20,217,-197
117000909,48,29,19
117000910,148,154,-6
117000911,89,149,-60
117000915,7,303,-296
117000916,72,3,69
117000917,1184,39,1145
117000918,71,41,30
117000919,6,54,-48
117000920,5,932,-927
117000921,2,811,-809
117000922,20,63,-43
117000924,379,638,-259
117000926,521,125,396
117000927,822,964,-142
117000928,0,126,-126
117000929,265,236,29
117000930,305,32,273
117000931,193,133,60
117900002,78,404,-326
117900003,509,319,190
117900005,25,64,-39
117900006,0,36,-36
117900007,161,72,89
117900008,0,17,-17
117900010,274,55,219
117900011,13,120,-107
117900012,67,43,24
117900013,1,118,-117
117900014,551,100,451
117900015,31,91,-60
117900016,729,612,117
117900017,471,203,268
117900018,135,157,-22
117900019,415,186,229
117900020,50,334,-284
117900021,35,46,-11
117900023,796,57,739
117900024,43,53,-10
117900025,52,15,37
117900026,463,157,306
117900028,54,4,50
117900029,295,305,-10
117900030,420,146,274
117900031,81,57,24
117900032,847,636,211
117900033,279,302,-23
117900034,56,22,34
117900035,151,307,-156
117900036,167,239,-72
117900037,161,98,63
117900038,23,221,-198
117900039,3,53,-50
117900040,174,277,-103
117900041,2,33,-31
117900042,2366,227,2139
117900043,27,44,-17
117900044,13,2656,-2643
117900045,183,108,75
117900048,301,313,-12
117900049,148,330,-182
117900050,7,112,-105
117900051,16,2,14
117900052,50,316,-266
117900053,1702,481,1221
117900054,1,40,-39
117900055,274,155,119
117900056,154,76,78
117900057,971,908,63
117900058,30,25,5
117900059,217,92,125
117900060,2145,3985,-1840
117900061,13,201,-188
117900063,308,159,149
117900065,680,923,-243
117900066,6,52,-46
117900067,458,114,344
117900069,611,207,404
117900070,135,28,107
117900071,75,116,-41
117900073,459,177,282
117900074,94,45,49
117900075,55,49,6
117900076,36,47,-11
117900077,523,137,386
117900078,329,673,-344
117900080,123,28,95
117900081,417,261,156
117900082,343,290,53
117900083,303,255,48
117900086,116,24,92
117900087,117,50,67
117900088,2493,1305,1188
117900089,2081,658,1423
117900090,443,281,162
117900091,88,163,-75
117900092,62,12,50
117900093,75,41,34
117900094,39,45,-6
117900095,273,422,-149
117900096,99,208,-109
117900097,192,46,146
117900098,62,9,53
117900099,119,138,-19
117900100,275,1,274
117900101,422,1615,-1193
117900102,97,28,69
117900103,81,1,80
117900104,14,76,-62
117900105,142,157,-15
117900106,92,37,55
117900107,28,0,28
117900109,603,349,254
117900110,113,3,110
117900111,359,19,340
117900112,41,13,28
117900113,1603,1394,209
117900114,30,1,29
117900115,154,48,106
117900116,799,558,241
117900117,568,223,345
117900118,74,1,73
117900119,226,117,109
117900120,230,30,200
117900121,57,14,43
117900122,789,3045,-2256
117900123,576,292,284
117900124,749,645,104
117900125,1412,1556,-144
117900126,222,380,-158
117900127,458,254,204
117900128,305,414,-109
117900129,85,1,84
117900130,880,293,587
117900131,6,80,-74
117900132,16,73,-57
117900133,14,87,-73
117900134,55,199,-144
117900135,15,142,-127
117900136,0,23,-23
117900137,39,172,-133
117900138,0,30,-30
117900139,124,86,38
117900140,2260,298,1962
117900141,103,171,-68
117900142,66,58,8
117900144,26,215,-189
117900145,20,57,-37
117900146,151,116,35
117900147,55,45,10
117900148,1961,1465,496
117900149,187,201,-14
117900150,37,29,8
117900151,24,38,-14
117900152,77,64,13
117900153,34,82,-48
117900154,351,376,-25
117900156,783,576,207
117900157,87,553,-466
117900158,270,133,137
117900160,622,626,-4
117900161,2129,1395,734
117900162,365,284,81
117900163,37,196,-159
117900165,0,6,-6
117900166,108,343,-235
117900168,181,224,-43
117900169,1,96,-95
117900170,0,32,-32
117900171,3,14,-11
117900172,24,9,15
117900173,107,55,52
117900174,20,47,-27
117900175,2,20,-18
117900176,13,21,-8
117900177,20,26,-6
117900178,128,32,96
117900180,213,41,172
117900181,55,334,-279
117900182,2,34,-32
117900183,47,194,-147
117900184,16,96,-80
117900185,37,46,-9
117900186,69,38,31
117900187,25,15,10
117900188,200,78,122
117900189,56,41,15
117900190,29,1,28
117900191,82,2,80
117900192,216,3,213
117900193,12,31,-19
117900194,8,5,3
117900195,18,41,-23
117900196,27,46,-19
117900207,134,211,-77
117900208,13,23,-10
117900209,125,176,-51
117900210,85,213,-128
117900211,1,139,-138
117900212,139,82,57
117900213,12,11,1
117900214,12,25,-13
117900215,17,44,-27
117900216,28,14,14
117900217,79,224,-145
117900218,77,112,-35
117900219,4,134,-130
117900220,56,136,-80
117900222,157,183,-26
117900223,141,252,-111
118000001,745,860,-115
118000002,521,1171,-650
118000003,1651,2758,-1107
118000004,1592,1593,-1
118000005,3399,4557,-1158
118000006,3197,6906,-3709
118000007,3697,3469,228
118000008,2536,3217,-681
118000009,1391,1965,-574
118000010,3862,2554,1308
118000011,1245,1280,-35
118000012,790,1281,-491
118000013,1657,1620,37
118000014,1835,2227,-392
118000016,166,253,-87
118000017,416,290,126
118000018,307,285,22
118000019,1509,1185,324
118000020,938,2334,-1396
118000021,514,2399,-1885
118000022,1325,660,665
118000023,646,211,435
118000024,992,880,112
118000027,8883,9860,-977
118000029,667,643,24
118000032,814,3223,-2409
118000033,2116,4584,-2468
118000034,3480,2042,1438
118000035,1448,2266,-818
118000036,808,1053,-245
118000037,664,653,11
118000038,242,61,181
118000039,69,150,-81
118000040,1383,1085,298
118000041,2189,994,1195
118000045,245,175,70
118000046,1064,595,469
118000047,686,831,-145
118000048,1632,1705,-73
118000051,2664,1524,1140
118000052,2153,815,1338
118000053,230,355,-125
118000054,1041,923,118
118000055,911,1046,-135
118000056,482,327,155
118000057,235,354,-119
118000058,1730,1379,351
118000059,1188,994,194
118000060,991,419,572
118000061,1148,898,250
118000062,531,277,254
118000063,358,551,-193
118000064,684,963,-279
118000065,2216,1276,940
118000066,616,1201,-585
118000067,512,558,-46
118000068,978,3745,-2767
118000069,1645,823,822
118000070,3824,1397,2427
118000071,2364,5631,-3267
118000072,891,1249,-358
118000073,767,633,134
118000074,348,541,-193
118000075,501,322,179
118000076,1045,2509,-1464
118000077,1019,1016,3
118000078,1526,1812,-286
118000079,210,383,-173
118000080,669,760,-91
118000081,1516,1103,413
118000082,240,941,-701
118000083,1265,1257,8
118000084,2078,1271,807
118000086,207,446,-239
118000087,3151,2060,1091
118000088,1497,1354,143
118000089,2785,1836,949
118000090,1002,2151,-1149
118000091,907,2078,-1171
118000092,799,399,400
118000093,71,580,-509
118000096,465,608,-143
118000097,780,557,223
118000098,254,153,101
118000099,476,413,63
118000101,1100,309,791
118000102,461,696,-235
118000107,1189,443,746
118000108,599,1961,-1362
118000110,0,30,-30
118000111,3,184,-181
118000112,528,5,523
118000113,3,307,-304
118000114,503,11,492
118000115,11,3,8
118000116,32,1,31
118000117,731,584,147
118000118,810,895,-85
118000119,743,984,-241
118000120,1394,971,423
118000121,89,532,-443
118000122,1180,282,898
118000123,49,259,-210
118000125,1097,791,306
118000126,696,1253,-557
118000127,1324,680,644
118000128,442,964,-522
118000129,838,312,526
118000130,1533,2062,-529
118000131,350,537,-187
118000132,2547,2008,539
118000133,886,396,490
118000135,490,371,119
118000136,139,388,-249
118000137,501,97,404
118000138,368,403,-35
118000139,462,99,363
118000140,2266,3922,-1656
118000141,1946,1359,587
118000142,1722,1178,544
118000143,2023,1030,993
118000144,1037,624,413
118000145,1438,1204,234
118000146,1031,537,494
118000147,834,936,-102
118000148,477,934,-457
118000149,940,765,175
118000150,352,273,79
118000151,440,327,113
118000153,1269,893,376
118000154,1263,1021,242
118000155,1133,1162,-29
118000156,1268,1891,-623
118000157,516,330,186
118000158,196,404,-208
118000159,19,86,-67
118000160,487,314,173
118000161,467,493,-26
118000162,1187,625,562
118000163,765,632,133
118000164,1557,968,589
118000168,640,567,73
118000169,752,709,43
118000170,2478,3524,-1046
118000171,310,793,-483
118000172,114,244,-130
118000173,701,826,-125
118000175,282,330,-48
118000176,244,419,-175
118000177,214,470,-256
118000178,29,50,-21
118000179,855,1080,-225
118000180,676,570,106
118000181,647,218,429
118000182,264,213,51
118000183,210,193,17
118000184,870,538,332
118000185,843,959,-116
118000186,668,777,-109
118000187,1134,444,690
118000188,612,84,528
118000189,510,380,130
118000190,9,12,-3
118000191,29,13,16
118000192,107,128,-21
118000193,104,277,-173
118000194,1010,718,292
118000195,395,975,-580
118000196,208,198,10
118000197,76,136,-60
118000198,323,786,-463
118000199,274,333,-59
118000200,57,205,-148
118000201,308,401,-93
118000202,43,45,-2
118000203,423,499,-76
118000204,95,380,-285
118000205,110,243,-133
118000206,206,185,21
118000207,0,47,-47
118000208,1189,1194,-5
118000209,1692,1056,636
118000210,76,31,45
118000211,27,34,-7
118000213,1165,1514,-349
118000214,334,493,-159
118000215,289,118,171
118000216,1545,1362,183
118000217,36,71,-35
118000218,70,62,8
118000219,286,184,102
118000220,4,32,-28
118000221,229,256,-27
118000222,67,6,61
118000223,38,37,1
118000224,111,72,39
118000225,117,623,-506
118000226,785,180,605
118000227,520,324,196
118000228,88,213,-125
118000229,107,61,46
118000230,86,167,-81
118000231,77,168,-91
118000232,612,471,141
118000233,923,489,434
118000234,406,120,286
118000236,229,216,13
118000237,63,216,-153
118000238,248,143,105
118000239,264,209,55
118000240,189,120,69
118000241,164,125,39
118000242,289,302,-13
118000243,221,125,96
118000244,59,77,-18
118000246,3,12,-9
118000255,95,231,-136
118000256,134,185,-51
118000259,5,40,-35
118000260,148,63,85
118000261,34,19,15
118000263,50,110,-60
118000266,96,151,-55
118000267,0,109,-109
118000268,152,4,148
118000270,78,16,62
118000271,217,198,19
118000272,90,29,61
118000273,110,52,58
118000274,80,183,-103
118000276,480,231,249
118000295,6,82,-76
118000298,88,189,-101
118000299,41,108,-67
118000301,1,53,-52
118000302,85,33,52
118000311,538,54,484
118000312,230,80,150
118000313,20,55,-35
118000314,85,47,38
118000315,30,15,15
118000316,555,354,201
118000325,37,32,5
118000326,32,29,3
118000331,23,28,-5
118000332,12,23,-11
118000333,18,51,-33
118000335,319,1,318
118000336,0,121,-121
118000407,131,45,86
118000457,7,35,-28
118000465,1756,2966,-1210
118000480,43,56,-13
118000489,16,326,-310
118000490,15,208,-193
118000492,312,155,157
118000510,25,25,0
118000514,87,246,-159
118000515,597,536,61
118000517,261,164,97
118000524,206,283,-77
118000525,559,545,14
118000530,5,69,-64
118000531,304,225,79
118000532,152,174,-22
118000533,234,111,123
118000534,513,318,195
118000535,254,124,130
118000536,378,1219,-841
118000537,21,122,-101
118000538,48,51,-3
118000539,22,70,-48
118000540,240,100,140
118000541,210,40,170
118000542,123,127,-4
118000543,137,175,-38
118000546,47,20,27
118000553,0,0,0
118000557,0,0,0
118000560,1371,1785,-414
118000562,32,91,-59
118000563,1090,927,163
118000576,251,112,139
118000577,163,149,14
118000578,197,98,99
118000579,450,993,-543
118000583,0,0,0
118000595,216,76,140
118000596,0,77,-77
118000597,142,118,24
118000598,6,0,6
118000599,64,34,30
118000600,3,2,1
118000601,8,0,8
118000602,4,7,-3
118000603,0,24,-24
118000605,26,63,-37
118000606,54,145,-91
118900001,419,974,-555
118900002,515,791,-276
118900003,420,15,405
118900004,22,45,-23
118900005,58,4,54
118900006,117,5,112
118900007,9,2,7
118900008,1039,64,975
118900009,61,49,12
118900010,41,3,38
118900011,142,22,120
118900012,356,138,218
118900013,395,171,224
118900015,186,47,139
118900016,7,4,3
118900017,192,248,-56
118900018,801,44,757
118900019,36,14,22
118900020,148,94,54
118900021,102,265,-163
118900022,132,79,53
118900023,108,70,38
118900024,78,123,-45
118900025,28,42,-14
118900026,49,54,-5
118900027,376,165,211
118900028,148,99,49
118900029,228,354,-126
118900030,388,54,334
118900031,111,75,36
118900032,216,160,56
118900033,294,346,-52
118900034,141,14,127
118900035,118,112,6
118900036,1127,429,698
118900037,350,195,155
118900038,376,108,268
118900039,470,192,278
118900040,171,142,29
118900041,453,113,340
118900042,172,94,78
118900045,238,132,106
118900046,706,317,389
118900047,324,225,99
118900048,126,193,-67
118900049,52,50,2
118900050,41,60,-19
118900051,87,105,-18
118900052,215,155,60
118900053,37,86,-49
118900054,91,39,52
118900055,96,60,36
118900056,61,314,-253
118900057,629,396,233
118900058,391,263,128
118900059,22,66,-44
118900060,63,90,-27
118900062,231,195,36
118900064,353,517,-164
118900065,61,115,-54
118900066,91,86,5
118900067,3000,3113,-113
118900068,5,190,-185
118900069,339,156,183
118900071,5,45,-40
118900072,415,273,142
118900073,194,83,111
118900074,132,95,37
118900075,81,59,22
118900076,146,82,64
118900077,238,125,113
118900078,25,8,17
118900079,77,123,-46
118900080,12,71,-59
118900081,43,39,4
118900082,807,137,670
118900083,32,9,23
118900084,13,22,-9
118900085,513,606,-93
118900086,24,74,-50
118900087,29,206,-177
118900088,0,7,-7
118900089,32,11,21
118900090,411,265,146
118900091,102,157,-55
118900092,136,44,92
118900093,146,32,114
118900096,87,74,13
118900097,202,343,-141
118900099,129,160,-31
118900100,111,207,-96
118900101,36,142,-106
118900102,27,82,-55
118900103,24,71,-47
118900104,131,67,64
118900105,141,66,75
118900107,73,81,-8
118900108,84,91,-7
118900110,980,705,275
118900111,365,393,-28
118900112,89,166,-77
118900113,92,280,-188
118900114,36,63,-27
118900115,90,229,-139
118900116,106,160,-54
118900117,98,157,-59
118900118,285,224,61
118900119,123,152,-29
118900120,78,200,-122
118900121,25,123,-98
118900122,16,674,-658
118900123,147,149,-2
118900124,91,138,-47
118900126,38,215,-177
118900129,316,175,141
118900130,55,199,-144
118900131,229,158,71
118900132,283,163,120
118900133,15,95,-80
118900135,120,137,-17
118900136,156,308,-152
118900137,7,35,-28
118900139,219,210,9
118900140,289,331,-42
118900141,67,102,-35
118900144,125,227,-102
118900145,34,94,-60
118900146,314,472,-158
118900147,159,154,5
118900148,68,53,15
118900150,144,456,-312
118900152,412,470,-58
118900157,68,131,-63
118900158,74,52,22
118900159,0,89,-89
118900161,63,11,52
118900163,93,69,24
118900164,0,95,-95
118900165,46,101,-55
118900166,14,1,13
118900167,60,76,-16
118900168,14,91,-77
118900169,124,127,-3
118900170,134,51,83
118900171,26,13,13
118900174,27,62,-35
118900175,331,374,-43
118900176,154,200,-46
118900177,42,35,7
118900178,42,100,-58
118900179,4,15,-11
118900181,81,72,9
118900182,38,30,8
118900183,50,97,-47
118900184,244,73,171
118900185,54,63,-9
118900186,69,118,-49
118900187,217,192,25
118900188,208,183,25
118900189,34,627,-593
118900190,17,205,-188
118900191,172,32,140
118900192,209,10,199
118900193,527,7,520
118900195,227,422,-195
118900196,31,99,-68
118900197,131,32,99
118900198,43,13,30
118900199,89,34,55
118900200,19,5,14
118900201,24,19,5
118900202,5,44,-39
118900203,10,9,1
118900204,6,14,-8
118900205,2,4,-2
118900206,2,9,-7
119000001,997,1289,-292
119000002,3259,2040,1219
119000003,2314,782,1532
119000004,2250,971,1279
119000005,1398,1522,-124
119000006,2833,1415,1418
119000007,2954,2753,201
119000008,1641,1308,333
119000009,2761,4083,-1322
119000010,4113,3247,866
119000011,2659,2565,94
119000012,2106,2806,-700
119000013,2392,1525,867
119000014,1267,1918,-651
119000019,239,95,144
119000020,2009,1495,514
119000021,3632,1918,1714
119000022,1507,2185,-678
119000023,235,257,-22
119000024,1537,10302,-8765
119000025,3882,971,2911
119000026,120,441,-321
119000027,251,323,-72
119000028,1127,575,552
119000029,82,275,-193
119000030,521,755,-234
119000031,649,513,136
119000032,1390,1737,-347
119000033,1837,962,875
119000034,876,678,198
119000035,20,235,-215
119000036,1748,548,1200
119000037,1102,1059,43
119000038,114,488,-374
119000039,395,295,100
119000040,660,488,172
119000041,655,1083,-428
119000048,2399,2032,367
119000049,1701,1423,278
119000050,1449,1414,35
119000051,1833,1047,786
119000052,1586,2114,-528
119000053,1787,987,800
119000054,2727,1836,891
119000055,4185,2124,2061
119000056,2541,1581,960
119000057,1373,1248,125
119000058,1625,1277,348
119000059,1115,954,161
119000060,1371,921,450
119000061,859,613,246
119000062,951,974,-23
119000063,514,391,123
119000064,710,771,-61
119000065,1529,2316,-787
119000066,1805,902,903
119000067,1670,1537,133
119000068,1507,874,633
119000069,1489,1663,-174
119000070,2441,737,1704
119000071,485,583,-98
119000072,3658,2288,1370
119000073,3687,6161,-2474
119000074,1174,1546,-372
119000075,2212,1784,428
119000076,285,1200,-915
119000077,537,477,60
119000078,357,283,74
119000079,166,589,-423
119000080,512,182,330
119000081,291,509,-218
119000082,856,228,628
119000083,517,326,191
119000084,307,450,-143
119000085,631,160,471
119000086,263,448,-185
119000087,1316,651,665
119000088,408,178,230
119000089,116,143,-27
119000090,110,109,1
119000091,116,319,-203
119000092,400,156,244
119000093,2793,1807,986
119000094,3119,4122,-1003
119000095,1514,2019,-505
119000097,1469,866,603
119000098,846,2455,-1609
119000099,2043,990,1053
119000100,3307,2444,863
119000101,2985,1476,1509
119000102,577,856,-279
119000103,1126,510,616
119000104,1711,947,764
119000105,892,1784,-892
119000106,290,900,-610
119000107,866,411,455
119000108,294,555,-261
119000109,87,554,-467
119000110,330,364,-34
119000111,34,540,-506
119000112,118,82,36
119000113,1411,246,1165
119000114,825,860,-35
119000115,138,106,32
119000116,85,69,16
119000117,120,267,-147
119000118,0,1,-1
119000123,2814,1442,1372
119000124,683,165,518
119000125,3483,529,2954
119000126,1250,563,687
119000127,487,371,116
119000128,4,6,-2
119000131,753,449,304
119000132,1,1,0
119000133,3,4,-1
119000134,1157,501,656
119000135,127,172,-45
119000136,192,109,83
119000137,205,219,-14
119000138,402,192,210
119000139,281,178,103
119000140,245,249,-4
119000284,920,2048,-1128
119000285,1558,1449,109
119000286,5089,3583,1506
119000287,1036,1563,-527
119000288,1443,937,506
119000289,1182,1799,-617
119000290,142,260,-118
119000291,11,175,-164
119000293,119,137,-18
119000294,49,28,21
119000295,1052,248,804
119000296,285,107,178
119000297,0,0,0
119000302,1297,940,357
119000303,33,119,-86
119000310,0,0,0
119000314,1250,8891,-7641
119000315,2,250,-248
119000316,130,75,55
119000317,112,189,-77
119900001,213,1227,-1014
119900002,104,186,-82
119900003,51,633,-582
119900004,290,1272,-982
119900005,215,84,131
119900006,129,284,-155
119900007,1048,221,827
119900008,116,80,36
119900009,553,492,61
119900010,717,845,-128
119900011,31,120,-89
119900012,8,75,-67
119900013,1813,1026,787
119900014,397,144,253
119900015,126,27,99
119900016,33,70,-37
119900017,38,41,-3
119900018,1379,712,667
119900019,20,7,13
119900020,124,180,-56
119900021,183,115,68
119900022,77,674,-597
119900023,350,1389,-1039
119900025,251,42,209
119900026,611,136,475
119900027,43,26,17
119900028,150,124,26
119900029,2,5,-3
119900030,510,348,162
119900031,27,402,-375
119900033,1260,234,1026
119900034,403,104,299
119900037,183,36,147
119900038,57,285,-228
119900039,55,10,45
119900040,148,26,122
119900041,100,16,84
119900042,151,169,-18
119900043,61,106,-45
119900044,140,604,-464
119900046,147,41,106
119900047,292,86,206
119900048,172,46,126
119900049,121,11,110
119900050,73,82,-9
119900051,811,15,796
119900052,54,43,11
119900053,209,104,105
119900054,170,10,160
119900055,1238,398,840
119900057,276,46,230
119900058,302,3,299
119900059,84,43,41
119900060,248,18,230
119900061,247,9,238
119900062,81,11,70
119900063,7,43,-36
119900065,186,11,175
119900067,149,14,135
119900068,454,2,452
119900069,116,14,102
119900070,832,13,819
119900071,619,31,588
119900073,1397,431,966
119900074,18,34,-16
119900075,3109,2039,1070
119900076,641,260,381
119900077,722,615,107
119900078,659,790,-131
119900079,502,146,356
119900080,274,266,8
119900081,508,131,377
119900082,1527,227,1300
119900083,318,101,217
119900084,450,250,200
119900085,60,45,15
119900086,440,787,-347
119900087,433,426,7
119900088,41,26,15
119900089,20,364,-344
119900090,92,40,52
119900091,39,613,-574
119900092,291,380,-89
119900093,925,155,770
119900094,49,267,-218
119900095,217,66,151
119900096,50,113,-63
119900097,474,158,316
119900098,42,63,-21
119900099,28,143,-115
119900100,1447,2033,-586
119900101,124,1256,-1132
119900102,45,191,-146
119900103,34,207,-173
119900104,59,127,-68
119900105,696,2256,-1560
119900106,12,116,-104
119900107,318,1569,-1251
119900108,2689,490,2199
119900109,17,113,-96
119900110,740,340,400
119900111,112,256,-144
119900112,853,439,414
119900113,61,188,-127
119900114,200,708,-508
119900115,358,741,-383
119900116,108,345,-237
119900117,242,466,-224
119900118,101,505,-404
119900119,224,149,75
119900120,538,401,137
119900121,342,544,-202
119900122,503,347,156
119900123,139,231,-92
119900124,190,477,-287
119900125,60,251,-191
119900126,2460,225,2235
119900127,1464,751,713
119900128,390,442,-52
119900129,186,341,-155
119900130,17,156,-139
119900131,24,170,-146
119900132,6,234,-228
119900133,39,67,-28
119900134,928,146,782
119900135,0,283,-283
119900136,197,265,-68
119900138,332,394,-62
119900139,23,144,-121
119900140,1,105,-104
119900141,95,647,-552
119900142,1,29,-28
119900143,6,243,-237
119900144,1020,157,863
119900145,75,78,-3
119900146,152,164,-12
119900147,6,104,-98
119900148,242,56,186
119900149,643,3682,-3039
119900150,172,132,40
119900151,1236,603,633
119900152,122,188,-66
119900153,144,70,74
119900154,53,336,-283
119900155,48,32,16
119900156,12,2,10
119900157,140,135,5
119900158,168,70,98
119900159,3,895,-892
119900160,22,65,-43
119900161,146,144,2
119900162,845,818,27
119900163,88,133,-45
119900164,1,0,1
119900165,188,112,76
119900166,77,57,20
119900167,79,55,24
119900168,818,386,432
119900169,197,252,-55
119900170,205,263,-58
119900171,1095,320,775
119900172,116,18,98
119900173,14,272,-258
119900174,39,163,-124
119900175,1302,505,797
119900177,24,126,-102
119900178,40,123,-83
119900179,112,473,-361
119900180,951,719,232
119900181,68,93,-25
119900182,3,185,-182
119900183,111,521,-410
119900184,1508,369,1139
119900185,41,183,-142
119900186,32,781,-749
119900187,16,221,-205
119900188,86,214,-128
119900189,390,366,24
119900190,63,296,-233
119900191,161,146,15
119900192,28,97,-69
119900193,351,139,212
119900194,38,88,-50
119900195,221,244,-23
119900196,777,286,491
119900197,138,142,-4
119900198,292,166,126
119900199,113,17,96
119900200,686,528,158
119900201,223,123,100
119900202,75,234,-159
119900203,155,474,-319
119900204,242,215,27
119900205,671,371,300
119900206,196,137,59
119900208,148,179,-31
119900209,483,1111,-628
119900210,32,31,1
119900211,67,7,60
119900212,216,223,-7
119900213,8,69,-61
119900214,25,56,-31
119900215,48,67,-19
119900216,9,66,-57
119900217,18,76,-58
119900218,30,79,-49
119900219,18,103,-85
119900220,10,88,-78
119900221,10,239,-229
119900222,34,187,-153
119900223,29,49,-20
119900224,11,22,-11
119900225,768,61,707
119900226,360,1636,-1276
119900227,723,251,472
119900228,115,294,-179
119900229,335,301,34
119900230,967,391,576
119900231,265,160,105
119900232,198,120,78
119900233,52,7,45
119900234,25,48,-23
119900235,11,42,-31
119900236,21,154,-133
119900237,35,249,-214
119900238,12,61,-49
119900240,87,96,-9
119900241,160,196,-36
119900242,872,1128,-256
119900244,526,846,-320
119900245,82,118,-36
119900246,327,571,-244
119900247,42,144,-102
119900248,60,202,-142
119900249,210,111,99
119900253,1617,326,1291
119900254,85,581,-496
119900255,92,539,-447
119900256,516,550,-34
119900257,52,3,49
119900258,165,13,152
119900259,56,144,-88
119900260,77,12,65
119900261,312,125,187
119900262,21,171,-150
119900263,988,294,694
119900264,124,122,2
119900265,585,316,269
119900266,297,212,85
119900267,182,300,-118
119900268,146,118,28
119900269,961,793,168
119900271,22,70,-48
119900272,273,143,130
119900275,110,37,73
119900276,31,2,29
119900277,8,5,3
119900278,152,92,60
119900279,73,251,-178
119900280,534,92,442
119900281,1,226,-225
119900282,69,101,-32
119900283,18,150,-132
119900284,27,144,-117
119900285,19,50,-31
119900286,3,12,-9
119900288,0,8,-8
119900289,1,19,-18
119900290,3,17,-14
119900291,1,56,-55
119900292,35,55,-20
119900293,27,70,-43
119900294,20,74,-54
119900295,35,48,-13
119900296,78,106,-28
119900297,0,11,-11
119900298,3,3,0
119900299,94,162,-68
119900300,211,101,110
119900301,36,35,1
119900302,37,38,-1
119900303,199,127,72
119900304,274,39,235
119900305,12,99,-87
119900306,13,6,7
119900307,51,65,-14
119900308,1,25,-24
119900309,42,165,-123
119900310,273,172,101
119900311,107,64,43
119900312,81,59,22
119900313,235,229,6
119900314,179,318,-139
119900315,1582,1519,63
119900318,11,40,-29
119900319,0,155,-155
119900320,161,312,-151
119900321,70,2,68
120000001,4540,13576,-9036
120000002,2354,2091,263
120000003,2393,1379,1014
120000004,2164,1310,854
120000005,2581,1659,922
120000006,1034,1011,23
120000007,2439,2543,-104
120000008,851,1042,-191
120000009,1483,755,728
120000010,1699,1794,-95
120000011,869,985,-116
120000012,1530,1678,-148
120000013,2774,2306,468
120000014,622,984,-362
120000015,2073,1117,956
120000016,3378,1766,1612
120000017,2865,1930,935
120000018,3137,10360,-7223
120000019,946,1325,-379
120000020,2823,2846,-23
120000021,1933,1968,-35
120000022,2507,3405,-898
120000023,1177,1644,-467
120000024,1320,2361,-1041
120000025,2441,1614,827
120000026,2072,1504,568
120000027,1848,2000,-152
120000028,647,1313,-666
120000029,1910,1050,860
120000030,465,1082,-617
120000031,1649,5387,-3738
120000032,6075,3048,3027
120000033,4329,1353,2976
120000034,2051,1396,655
120000035,1950,1483,467
120000036,2767,3825,-1058
120000037,594,1247,-653
120000038,4272,2946,1326
120000039,736,902,-166
120000040,112,1587,-1475
120000041,1273,1084,189
120000042,1720,1739,-19
120000043,4345,1288,3057
120000044,4647,1358,3289
120000045,5437,908,4529
120000046,3265,2405,860
120000047,715,4857,-4142
120000048,5108,3342,1766
120000049,2979,2237,742
120000050,3072,3102,-30
120000051,2554,3332,-778
120000052,6319,1984,4335
120000053,1442,1646,-204
120000054,1362,2520,-1158
120000055,1794,3385,-1591
120000056,4171,3203,968
120000057,3376,1002,2374
120000058,2770,1229,1541
120000059,6,1529,-1523
120000061,103,487,-384
120000062,173,317,-144
120000063,1267,2162,-895
120000064,246,755,-509
120000065,477,1160,-683
120000066,302,444,-142
120000067,52,413,-361
120000068,152,660,-508
120000069,624,688,-64
120000070,72,453,-381
120000071,596,94,502
120000072,757,366,391
120000073,942,60,882
120000074,165,52,113
120000075,970,246,724
120000076,2057,448,1609
120000077,1933,598,1335
120000078,3221,1192,2029
120000079,458,332,126
120000080,272,268,4
120000081,484,161,323
120000082,357,269,88
120000083,126,737,-611
120000084,308,266,42
120000085,334,269,65
120000086,314,352,-38
120000087,242,342,-100
120000088,821,860,-39
120000089,992,448,544
120000090,715,347,368
120000091,858,783,75
120000092,1162,525,637
120000093,497,361,136
120000094,153,587,-434
120000095,818,315,503
120000096,253,526,-273
120000098,838,635,203
120000099,321,532,-211
120000100,667,706,-39
120000101,575,370,205
120000102,609,854,-245
120000103,1700,752,948
120000104,1762,428,1334
120000105,2912,597,2315
120000106,2412,553,1859
120000107,3641,553,3088
120000108,1318,112,1206
120000109,1010,57,953
120000110,78,668,-590
120000111,123,708,-585
120000112,639,1760,-1121
120000113,682,1274,-592
120000114,911,1612,-701
120000115,279,1516,-1237
120000116,678,1353,-675
120000117,827,1019,-192
120000118,69,11,58
120000119,14,71,-57
120000120,78,78,0
120000121,15,44,-29
120000122,215,362,-147
120000123,2658,5604,-2946
120000124,396,286,110
120000125,543,499,44
120000126,267,838,-571
120000127,1729,806,923
120000128,2324,3318,-994
120000129,219,209,10
120000130,736,408,328
120000131,345,566,-221
120000134,348,713,-365
120000135,563,517,46
120000137,201,852,-651
120000138,1091,378,713
120000139,255,409,-154
120000140,906,416,490
120000141,960,453,507
120000142,1227,558,669
120000143,3,79,-76
120000144,79,4,75
120000145,370,3,367
120000146,812,696,116
120000149,584,846,-262
120000150,2313,10352,-8039
120000151,464,335,129
120000152,440,159,281
120000153,181,374,-193
120000154,485,385,100
120000155,131,260,-129
120000156,570,1262,-692
120000157,921,550,371
120000158,708,561,147
120000159,1706,1625,81
120000160,2262,1421,841
120000161,2182,1775,407
120000162,64,213,-149
120000163,675,996,-321
120000164,560,310,250
120000165,658,559,99
120000166,1445,394,1051
120000167,154,144,10
120000168,10,439,-429
120000169,55,1764,-1709
120000170,40,1372,-1332
120000171,17,522,-505
120000172,38,300,-262
120000173,2041,1823,218
120000174,424,66,358
120000175,224,27,197
120000176,181,38,143
120000177,1084,119,965
120000178,76,20,56
120000179,125,56,69
120000180,790,103,687
120000181,100,1346,-1246
120000182,54,647,-593
120000183,14,480,-466
120000184,214,1158,-944
120000186,54,644,-590
120000187,39,334,-295
120000188,81,627,-546
120000190,624,81,543
120000191,532,113,419
120000192,551,50,501
120000193,168,7,161
120000195,54,1,53
120000196,162,25,137
120000197,72,87,-15
120000198,192,61,131
120000199,110,5,105
120000200,93,4,89
120000201,11,34,-23
120000202,3,67,-64
120000203,72,225,-153
120000207,0,54,-54
120000208,18,185,-167
120000209,2,53,-51
120000210,59,56,3
120000211,228,4,224
120000212,201,0,201
120000213,199,212,-13
120000214,2,223,-221
120000215,1,125,-124
120000216,126,21,105
120000217,523,950,-427
120000218,120,581,-461
120000219,9,306,-297
120000220,5,929,-924
120000225,1547,0,1547
120000226,447,12,435
120000227,987,67,920
120000228,9677,2986,6691
120000230,353,15,338
120000231,1234,1681,-447
120000233,301,4,297
120000235,280,489,-209
120000236,971,3,968
120000237,2,810,-808
120000238,4,951,-947
120000241,1030,2642,-1612
120000412,552,20,532
120000413,309,240,69
120000414,76,5,71
120000415,3,53,-50
120000416,234,5,229
120000417,12,72,-60
120000418,206,9,197
120000419,8,173,-165
120000420,49,37,12
120000421,6426,4095,2331
120000422,112,1264,-1152
120000423,3,82,-79
120000424,142,119,23
120000436,112,574,-462
120000437,80,94,-14
120000438,1674,190,1484
120000439,208,456,-248
120000443,208,0,208
120000444,1269,321,948
120000445,1605,892,713
120000446,550,163,387
120000447,167,0,167
120000449,169,8,161
120000450,6,113,-107
120000451,101,118,-17
120000452,245,1,244
120000453,0,261,-261
120000454,62,47,15
120000455,62,35,27
120000456,2122,3118,-996
120000457,807,363,444
120000458,447,500,-53
120000459,85,69,16
120000665,927,332,595
120000668,125,1045,-920
120000669,108,139,-31
120000670,179,768,-589
120000671,1110,397,713
120000672,85,473,-388
120900001,65,106,-41
120900002,294,500,-206
120900003,159,25,134
120900004,20,72,-52
120900005,16,683,-667
120900006,457,213,244
120900007,207,84,123
120900008,292,883,-591
120900009,583,31,552
120900010,464,126,338
120900011,240,287,-47
120900012,167,1110,-943
120900013,252,100,152
120900014,2,312,-310
120900015,941,72,869
120900016,852,62,790
120900017,1715,73,1642
120900018,113,293,-180
120900019,580,337,243
120900020,656,1107,-451
120900021,690,211,479
120900022,44,240,-196
120900023,298,33,265
120900024,1855,404,1451
120900025,1259,890,369
120900026,303,120,183
120900027,835,44,791
120900028,430,102,328
120900029,116,503,-387
120900030,1271,709,562
120900031,245,86,159
120900032,1290,111,1179
120900033,1026,71,955
120900034,21,2195,-2174
120900035,31,77,-46
120900037,222,5,217
120900038,63,269,-206
120900039,77,40,37
120900040,326,0,326
120900041,99,33,66
120900042,494,44,450
120900043,83,56,27
120900044,20,249,-229
120900045,134,68,66
120900046,522,6,516
120900047,197,116,81
120900048,145,32,113
120900049,510,1,509
120900050,1337,1388,-51
120900051,280,90,190
120900052,505,7,498
120900053,372,94,278
120900054,1454,399,1055
120900055,439,1,438
120900056,549,23,526
120900057,129,14,115
120900058,612,1,611
120900059,107,2,105
120900060,74,30,44
120900061,254,145,109
120900062,210,3,207
120900063,706,9,697
120900064,748,3,745
120900065,531,3,528
120900066,362,183,179
120900067,204,83,121
120900068,300,0,300
120900069,228,40,188
120900071,13,4,9
120900072,822,11,811
120900073,603,96,507
120900074,635,8,627
120900076,360,1,359
120900077,1676,176,1500
120900078,733,534,199
120900079,831,138,693
120900080,888,1149,-261
120900081,1001,493,508
120900082,391,310,81
120900083,92,4,88
120900084,329,447,-118
120900085,71,105,-34
120900086,71,256,-185
120900087,379,363,16
120900088,179,388,-209
120900089,1935,2588,-653
120900090,269,97,172
120900091,590,963,-373
120900092,958,361,597
120900093,1484,160,1324
120900094,400,153,247
120900095,248,11,237
120900096,40,150,-110
120900097,514,508,6
120900098,201,128,73
120900099,64,44,20
120900100,66,175,-109
120900101,482,187,295
120900102,39,77,-38
120900103,33,207,-174
120900104,16,35,-19
120900105,35,278,-243
120900106,1064,359,705
120900107,209,94,115
120900108,16,371,-355
120900109,57,396,-339
120900110,16,656,-640
120900111,221,245,-24
120900112,8,590,-582
120900113,16,488,-472
120900114,40,119,-79
120900115,178,215,-37
120900116,428,220,208
120900117,8,315,-307
120900118,5,507,-502
120900119,5841,3446,2395
120900120,71,293,-222
120900121,219,320,-101
120900122,524,320,204
120900123,1,284,-283
120900124,0,419,-419
120900125,4,357,-353
120900126,1431,687,744
120900127,21,304,-283
120900128,1167,1051,116
120900129,57,201,-144
120900130,5,312,-307
120900131,153,71,82
120900132,951,118,833
120900133,228,585,-357
120900134,829,336,493
120900135,11,372,-361
120900136,53,78,-25
120900137,245,70,175
120900138,27,166,-139
120900139,2,508,-506
120900140,4,90,-86
120900141,134,194,-60
120900142,19,268,-249
120900143,1,502,-501
120900144,1,98,-97
120900145,210,608,-398
120900146,1,673,-672
120900147,11,410,-399
120900148,108,164,-56
120900149,1,219,-218
120900150,59,412,-353
120900151,2,456,-454
120900152,1,14,-13
120900153,73,126,-53
120900154,1,186,-185
120900155,210,697,-487
120900156,59,276,-217
120900157,114,382,-268
120900158,118,493,-375
120900159,286,597,-311
120900160,18,679,-661
120900161,139,389,-250
120900162,184,581,-397
120900163,140,833,-693
120900164,2,53,-51
120900165,7,179,-172
120900166,53,376,-323
120900167,244,89,155
120900169,89,238,-149
120900170,691,2551,-1860
120900171,655,160,495
120900172,460,1316,-856
120900173,0,52,-52
120900174,14,117,-103
120900175,230,109,121
120900176,15,334,-319
120900177,0,1086,-1086
120900178,2,470,-468
120900179,667,350,317
120900180,51,170,-119
120900181,85,36,49
120900182,23,401,-378
120900183,625,77,548
120900184,393,32,361
120900185,21,460,-439
120900186,1,263,-262
120900187,491,902,-411
120900188,235,4,231
120900189,94,1430,-1336
120900190,120,12,108
120900191,8,8,0
120900192,5554,7128,-1574
120900194,49,78,-29
120900195,44,182,-138
120900196,949,33,916
120900197,649,105,544
120900198,202,395,-193
120900199,460,439,21
120900200,47,115,-68
120900201,397,109,288
120900202,1,109,-108
120900203,32,67,-35
120900204,114,161,-47
120900205,66,45,21
120900206,24,29,-5
120900207,104,765,-661
121000001,631,802,-171
121000002,1862,1160,702
121000003,2403,1479,924
121000004,2060,2682,-622
121000005,1466,2071,-605
121000006,2392,1506,886
121000007,1895,2523,-628
121000008,3915,3100,815
121000009,3905,4713,-808
121000010,6008,4883,1125
121000011,6276,8720,-2444
121000012,11308,7900,3408
121000013,3983,5430,-1447
121000014,4987,4252,735
121000015,3120,5840,-2720
121000016,3355,2673,682
121000017,1806,3035,-1229
121000018,2376,1427,949
121000019,11032,10107,925
121000020,10739,14198,-3459
121000021,1861,2127,-266
121000022,2191,2629,-438
121000023,2661,2153,508
121000024,4186,4057,129
121000025,524,1171,-647
121000026,360,154,206
121000027,1416,1058,358
121000028,804,427,377
121000029,731,551,180
121000030,593,359,234
121000031,562,535,27
121000032,219,164,55
121000034,248,160,88
121000035,143,141,2
121000036,810,652,158
121000037,430,464,-34
121000038,365,762,-397
121000039,253,286,-33
121000041,443,395,48
121000042,258,273,-15
121000043,537,473,64
121000044,1172,856,316
121000045,334,236,98
121000046,588,711,-123
121000047,17,86,-69
121000049,1073,505,568
121000050,282,986,-704
121000051,432,269,163
121000052,351,498,-147
121000053,287,125,162
121000054,35,291,-256
121000055,890,1103,-213
121000056,746,932,-186
121000057,190,406,-216
121000058,316,175,141
121000059,1709,970,739
121000060,535,907,-372
121000061,49,246,-197
121000062,78,302,-224
121000063,804,751,53
121000064,682,745,-63
121000065,248,407,-159
121000066,641,597,44
121000067,443,491,-48
121000068,598,325,273
121000069,342,532,-190
121000070,1864,1011,853
121000071,1564,1120,444
121000072,2415,562,1853
121000073,1235,817,418
121000074,316,223,93
121000075,36,222,-186
121000076,522,291,231
121000077,97,155,-58
121000078,65,153,-88
121000080,1410,455,955
121000081,2345,2688,-343
121000082,101,231,-130
121000083,120,78,42
121000084,150,180,-30
121000085,295,369,-74
121000086,334,515,-181
121000087,61,253,-192
121000088,450,474,-24
121000089,291,318,-27
121000090,322,340,-18
121000091,1080,787,293
121000092,191,74,117
121000093,128,169,-41
121000094,444,582,-138
121000095,285,590,-305
121000096,2264,1887,377
121000097,633,1777,-1144
121000098,560,780,-220
121000099,695,584,111
121000100,840,329,511
121000101,397,248,149
121000102,331,229,102
121000103,200,188,12
121000104,239,128,111
121000105,396,254,142
121000106,302,268,34
121000107,1567,2551,-984
121000109,974,958,16
121000110,278,687,-409
121000114,2306,1795,511
121000115,904,524,380
121000116,212,664,-452
121000117,494,231,263
121000118,1370,179,1191
121000119,396,349,47
121000120,285,459,-174
121000121,413,1226,-813
121000123,1127,631,496
121000127,106,83,23
121000128,903,346,557
121000129,984,507,477
121000130,591,618,-27
121000131,1713,1680,33
121000132,1286,1911,-625
121000135,247,371,-124
121000136,895,834,61
121000137,366,336,30
121000138,726,915,-189
121000139,382,312,70
121000141,169,125,44
121000142,550,888,-338
121000143,123,33,90
121000144,634,1497,-863
121000145,561,838,-277
121000146,1138,977,161
121000147,919,473,446
121000148,780,882,-102
121000149,1785,1214,571
121000152,434,356,78
121000153,1587,607,980
121000154,880,413,467
121000155,1325,833,492
121000156,400,690,-290
121000157,791,1325,-534
121000158,446,365,81
121000159,176,324,-148
121000160,244,289,-45
121000161,205,256,-51
121000162,80,127,-47
121000165,1155,1829,-674
121000166,14,390,-376
121000168,403,228,175
121000169,68,102,-34
121000170,254,67,187
121000171,48,92,-44
121000172,649,470,179
121000173,1020,907,113
121000174,385,396,-11
121000175,879,327,552
121000176,338,187,151
121000177,609,491,118
121000178,123,41,82
121000179,156,45,111
121000181,533,296,237
121000182,99,218,-119
121000183,83,75,8
121000184,36,76,-40
121000185,45,214,-169
121000186,220,491,-271
121000187,180,121,59
121000188,159,119,40
121000192,819,356,463
121000193,567,401,166
121000194,1729,1672,57
121000195,200,678,-478
121000196,476,206,270
121000197,123,602,-479
121000198,142,86,56
121000199,125,254,-129
121000200,520,94,426
121000201,6,160,-154
121000202,693,135,558
121000203,713,1373,-660
121000204,2411,504,1907
121000205,79,161,-82
121000206,89,44,45
121000207,1580,389,1191
121000208,2,232,-230
121000209,365,188,177
121000210,532,245,287
121000211,288,114,174
121000212,449,404,45
121000213,7419,2137,5282
121000214,604,1451,-847
121000215,827,732,95
121000216,367,501,-134
121000217,3137,2550,587
121000218,393,1246,-853
121000219,1347,391,956
121000220,144,65,79
121000221,109,248,-139
121000222,1892,2026,-134
121000223,270,354,-84
121000224,248,190,58
121000225,829,2034,-1205
121000226,1726,1103,623
121000227,10,146,-136
121000228,26,374,-348
121000229,301,295,6
121000230,86,1123,-1037
121000231,927,21,906
121000232,373,263,110
121000233,523,298,225
121000234,23,33,-10
121000235,65,83,-18
121000236,15,70,-55
121000237,65,22,43
121000238,13,48,-35
121000239,60,4,56
121000240,3,184,-181
121000241,110,17,93
121000242,117,523,-406
121000243,417,140,277
121000244,28,98,-70
121000245,87,11,76
121000246,2,120,-118
121000247,139,2,137
121000248,686,889,-203
121000249,80,135,-55
121000250,432,175,257
121000251,17,269,-252
121000252,80,68,12
121000253,352,242,110
121000254,718,228,490
121000255,90,211,-121
121000256,197,218,-21
121000257,38,91,-53
121000258,82,100,-18
121000259,49,62,-13
121000260,77,81,-4
121000261,76,57,19
121000262,742,471,271
121000263,391,289,102
121000271,295,1096,-801
121000273,45,6,39
121000274,8,65,-57
121000275,5,59,-54
121000276,7,24,-17
121000278,41,39,2
121000279,22,16,6
121000280,36,43,-7
121000289,207,26,181
121000290,845,706,139
121000294,207,69,138
121000297,548,881,-333
121000299,87,537,-450
121000300,609,371,238
121000302,31,770,-739
121000303,409,291,118
121000304,421,44,377
121000305,134,32,102
121000306,106,126,-20
121000308,156,285,-129
121000309,239,373,-134
121000310,108,240,-132
121000311,59,691,-632
121000312,267,223,44
121000313,262,412,-150
121000314,110,143,-33
121000315,46,86,-40
121000530,1425,1086,339
121000531,1481,1224,257
121000532,5601,6300,-699
121000533,2764,2897,-133
121000918,57,84,-27
121000919,26,73,-47
121000938,93,175,-82
121000939,80,204,-124
121000956,1262,802,460
121000957,9,11,-2
121000958,20,30,-10
121000959,694,545,149
121000960,1065,1397,-332
121000961,308,80,228
121000962,434,445,-11
121000973,0,160,-160
121000976,17,171,-154
121000979,545,133,412
121000981,329,149,180
121000982,383,152,231
121000983,392,266,126
121000984,28,63,-35
121000985,634,312,322
121000986,344,160,184
121000987,182,599,-417
121000988,703,119,584
121001302,190,103,87
121001308,1,10,-9
121001309,23,119,-96
121001313,142,136,6
121001314,1412,1949,-537
121001315,4381,2182,2199
121001326,366,327,39
121900001,100,127,-27
121900002,41,31,10
121900003,341,10,331
121900004,78,319,-241
121900005,23,9,14
121900006,97,12,85
121900007,1468,1562,-94
121900008,407,276,131
121900009,298,14,284
121900010,204,4,200
121900011,181,202,-21
121900012,19,1,18
121900013,843,103,740
121900014,877,330,547
121900015,184,165,19
121900016,5,26,-21
121900017,626,301,325
121900018,326,21,305
121900019,393,191,202
121900020,30,3,27
121900021,803,34,769
121900022,331,173,158
121900023,131,233,-102
121900024,272,90,182
121900025,597,343,254
121900026,281,29,252
121900027,265,88,177
121900028,167,11,156
121900029,120,208,-88
121900030,366,462,-96
121900031,752,4972,-4220
121900032,106,53,53
121900033,191,267,-76
121900034,218,68,150
121900035,2126,1752,374
121900036,72,242,-170
121900037,140,875,-735
121900038,51,107,-56
121900039,295,36,259
121900040,74,96,-22
121900041,88,184,-96
121900042,280,104,176
121900043,4,6,-2
121900044,110,52,58
121900046,200,219,-19
121900047,162,83,79
121900048,53,78,-25
121900050,38,58,-20
121900051,149,174,-25
121900052,158,37,121
121900053,429,319,110
121900054,478,681,-203
121900055,7,11,-4
121900058,228,121,107
121900059,313,137,176
121900060,125,368,-243
121900061,148,108,40
121900062,101,87,14
121900063,1513,424,1089
121900064,209,431,-222
121900066,56,16,40
121900067,101,34,67
121900069,164,94,70
121900070,118,104,14
121900071,325,179,146
121900072,39,128,-89
121900073,255,253,2
121900074,674,822,-148
121900075,338,479,-141
121900076,400,526,-126
121900077,4,6,-2
121900078,81,41,40
121900079,1,1,0
121900080,599,285,314
121900082,76,77,-1
121900084,24,93,-69
121900085,1,7,-6
121900086,17,66,-49
121900087,172,120,52
121900088,1388,1955,-567
121900089,165,253,-88
121900090,42,84,-42
121900091,57,76,-19
121900092,61,134,-73
121900093,69,53,16
121900094,21,5,16
121900095,258,126,132
121900096,969,695,274
121900097,516,164,352
121900098,4,1,3
121900099,207,65,142
121900100,179,492,-313
121900101,142,117,25
121900102,3,141,-138
121900103,375,335,40
121900104,1274,269,1005
121900105,232,167,65
121900106,4,8,-4
121900107,55,23,32
121900108,1,19,-18
121900109,225,140,85
121900110,436,541,-105
121900111,533,153,380
121900112,105,104,1
121900113,62,315,-253
121900114,61,56,5
121900117,97,89,8
121900118,1556,523,1033
121900119,173,48,125
121900120,44,965,-921
121900121,357,26,331
121900122,23,48,-25
121900123,200,309,-109
121900124,134,137,-3
121900125,1134,763,371
121900127,11,78,-67
121900128,60,59,1
121900129,431,157,274
121900130,91,140,-49
121900131,280,75,205
121900132,47,69,-22
121900133,47,854,-807
121900134,20,145,-125
121900135,2700,375,2325
121900136,395,248,147
121900137,35,287,-252
121900138,39,84,-45
121900139,320,545,-225
121900140,57,156,-99
121900141,66,20,46
121900142,133,81,52
121900143,5,120,-115
121900144,126,229,-103
121900145,265,220,45
121900146,481,553,-72
121900147,48,156,-108
121900148,207,219,-12
121900149,305,466,-161
121900150,76,157,-81
121900151,70,264,-194
121900152,62,73,-11
121900153,74,580,-506
121900154,8,260,-252
121900155,2,117,-115
121900156,170,136,34
121900157,2,348,-346
121900158,67,107,-40
121900159,2,195,-193
121900160,39,257,-218
121900161,275,314,-39
121900162,104,160,-56
121900163,271,328,-57
121900164,321,157,164
121900165,159,146,13
121900166,136,99,37
121900167,88,111,-23
121900168,116,163,-47
121900169,0,113,-113
121900170,10,142,-132
121900171,657,407,250
121900172,478,168,310
121900173,576,220,356
121900174,50,61,-11
121900175,255,148,107
121900176,429,982,-553
121900177,139,83,56
121900178,31,53,-22
121900179,649,199,450
121900180,1944,3611,-1667
121900182,580,236,344
121900183,527,982,-455
121900184,54,465,-411
121900186,6,262,-256
121900187,20,138,-118
121900188,332,303,29
121900189,27,77,-50
121900190,186,394,-208
121900191,132,260,-128
121900192,254,804,-550
121900193,39,174,-135
121900194,2,146,-144
121900195,57,69,-12
121900196,562,621,-59
121900197,262,891,-629
121900198,965,886,79
121900199,4,39,-35
121900200,74,222,-148
121900201,707,639,68
121900202,101,505,-404
121900203,178,791,-613
121900204,606,1119,-513
121900205,18,81,-63
121900206,20,26,-6
121900207,115,60,55
121900208,128,224,-96
121900209,68,38,30
121900210,1281,887,394
121900211,385,414,-29
121900212,173,94,79
121900213,151,70,81
121900214,6,337,-331
121900215,50,89,-39
121900216,19,175,-156
121900217,213,149,64
121900218,138,343,-205
121900220,125,18,107
121900221,202,355,-153
121900222,151,120,31
121900223,121,47,74
121900224,73,33,40
121900225,44,97,-53
121900226,270,188,82
121900227,199,493,-294
121900228,175,201,-26
121900230,59,198,-139
121900231,235,878,-643
121900232,148,317,-169
121900233,185,151,34
121900234,208,170,38
121900235,413,107,306
121900236,366,162,204
121900237,189,248,-59
121900238,104,212,-108
121900239,124,20,104
121900240,181,100,81
121900241,43,46,-3
121900242,3,0,3
121900243,2,0,2
121900244,14,0,14
121900245,212,52,160
121900246,2358,203,2155
121900248,974,1187,-213
121900250,195,254,-59
121900251,389,39,350
121900252,410,108,302
121900253,101,771,-670
121900254,326,247,79
121900255,386,78,308
121900258,3046,1532,1514
121900259,408,454,-46
121900260,111,116,-5
121900261,176,451,-275
121900262,350,753,-403
121900263,226,208,18
121900264,1180,888,292
121900265,236,224,12
121900266,449,133,316
121900267,80,40,40
121900269,177,658,-481
121900270,39,184,-145
121900271,31,99,-68
121900273,375,1324,-949
121900274,259,155,104
121900277,476,1147,-671
121900278,100,611,-511
121900279,128,156,-28
121900280,67,277,-210
121900281,207,286,-79
121900284,57,6,51
121900286,113,79,34
121900287,5,19,-14
121900288,2,1,1
121900290,191,294,-103
121900291,299,575,-276
121900292,115,94,21
121900293,812,2131,-1319
121900294,231,1,230
121900295,134,181,-47
121900296,47,176,-129
121900298,220,778,-558
121900299,1,6,-5
121900300,76,11,65
121900301,97,4,93
121900302,3,33,-30
121900303,318,313,5
121900304,1,24,-23
121900305,3,20,-17
121900306,265,4,261
121900307,81,11,70
121900308,39,221,-182
121900309,6,169,-163
121900310,20,355,-335
121900311,484,18,466
121900312,254,13,241
121900313,339,36,303
121900314,10,39,-29
121900315,12,0,12
121900316,1,23,-22
121900317,9,5,4
121900318,2,22,-20
121900319,23,50,-27
121900320,45,50,-5
121900321,17,2,15
121900322,7,26,-19
121900323,17,14,3
121900324,8,52,-44
121900325,4,0,4
121900326,4,27,-23
121900327,2,38,-36
121900328,1,20,-19
121900329,2,91,-89
121900330,0,59,-59
121900331,2,7,-5
121900332,66,16,50
121900333,36,0,36
121900334,103,39,64
122000001,1416,4384,-2968
122000002,2735,1281,1454
122000003,1396,2274,-878
122000004,2290,1186,1104
122000005,2069,1660,409
122000006,1173,856,317
122000007,770,1500,-730
122000008,1815,3524,-1709
122000009,371,363,8
122000010,1768,2265,-497
122000011,2341,1320,1021
122000012,849,1465,-616
122000013,806,941,-135
122000014,1456,896,560
122000015,1100,859,241
122000016,476,786,-310
122000017,973,947,26
122000018,1095,1216,-121
122000019,767,916,-149
122000020,166,178,-12
122000021,208,360,-152
122000022,1040,793,247
122000023,727,1208,-481
122000024,464,1123,-659
122000025,670,1732,-1062
122000026,610,1219,-609
122000027,579,1404,-825
122000028,757,370,387
122000029,343,408,-65
122000030,212,100,112
122000031,120,285,-165
122000032,1737,1522,215
122000033,445,1197,-752
122000034,481,531,-50
122000035,221,662,-441
122000036,451,425,26
122000037,329,197,132
122000038,186,263,-77
122000039,444,333,111
122000040,183,228,-45
122000041,388,466,-78
122000042,297,363,-66
122000043,103,100,3
122000044,130,161,-31
122000045,1055,471,584
122000046,637,575,62
122000047,168,189,-21
122000048,3105,3517,-412
122000049,4135,2933,1202
122000050,1036,696,340
122000051,221,426,-205
122000052,382,453,-71
122000053,160,840,-680
122000054,1743,1411,332
122000055,1687,2788,-1101
122000056,3249,2796,453
122000057,2498,3085,-587
122000058,1445,1365,80
122000059,1667,2313,-646
122000060,375,706,-331
122000061,366,520,-154
122000062,565,260,305
122000063,721,695,26
122000064,2613,2769,-156
122000065,2414,1877,537
122000066,903,889,14
122000067,1200,942,258
122000068,1043,848,195
122000069,512,457,55
122000070,721,1019,-298
122000071,1427,747,680
122000072,344,426,-82
122000073,275,723,-448
122000074,2208,1190,1018
122000075,638,914,-276
122000076,2771,1137,1634
122000077,773,1151,-378
122000078,1249,2811,-1562
122000079,653,1250,-597
122000080,544,368,176
122000081,137,215,-78
122000082,436,859,-423
122000083,1468,1117,351
122000084,1317,635,682
122000085,244,638,-394
122000086,1725,4209,-2484
122000087,304,198,106
122000088,226,361,-135
122000089,3490,1646,1844
122000090,161,454,-293
122000091,93,114,-21
122000092,80,17,63
122000093,1330,1780,-450
122000094,3623,2056,1567
122000095,1166,2896,-1730
122000096,1015,1216,-201
122000098,2307,2325,-18
122000099,1178,648,530
122000100,622,501,121
122000101,282,397,-115
122000102,1521,837,684
122000103,1311,1252,59
122000104,333,154,179
122000105,394,250,144
122000106,352,549,-197
122000107,916,355,561
122000108,375,683,-308
122000109,396,261,135
122000110,378,449,-71
122000111,2446,1091,1355
122000112,970,1196,-226
122000113,577,582,-5
122000114,2028,1304,724
122000115,1668,1038,630
122000116,439,498,-59
122000117,1970,391,1579
122000118,545,768,-223
122000119,2429,2060,369
122000120,1343,3430,-2087
122000121,1239,2127,-888
122000122,541,1186,-645
122000123,1438,1317,121
122000124,783,474,309
122000125,689,714,-25
122000126,504,860,-356
122000127,832,1071,-239
122000128,333,482,-149
122000129,625,1307,-682
122000130,2406,1182,1224
122000131,951,960,-9
122000132,370,380,-10
122000133,833,964,-131
122000134,895,716,179
122000135,598,702,-104
122000136,602,472,130
122000137,1524,786,738
122000139,860,2731,-1871
122000140,545,512,33
122000141,2800,832,1968
122000142,188,781,-593
122000143,385,369,16
122000144,894,898,-4
122000145,796,551,245
122000146,676,931,-255
122000147,426,456,-30
122000148,1082,1543,-461
122000149,1757,1588,169
122000150,1147,860,287
122000151,161,373,-212
122000152,257,332,-75
122000153,328,284,44
122000154,239,188,51
122000155,1278,2179,-901
122000156,2049,2154,-105
122000157,948,1951,-1003
122000158,317,394,-77
122000159,556,1166,-610
122000160,2704,1849,855
122000161,1093,899,194
122000162,1553,1650,-97
122000163,211,85,126
122000164,50,82,-32
122000165,656,532,124
122000166,730,856,-126
122000167,215,235,-20
122000168,115,494,-379
122000169,257,174,83
122000170,294,209,85
122000171,43,100,-57
122000172,1420,1045,375
122000173,1118,1790,-672
122000174,1775,868,907
122000175,685,270,415
122000176,297,713,-416
122000177,1305,1181,124
122000178,2550,1975,575
122000179,1238,1926,-688
122000180,1293,1062,231
122000181,1133,2590,-1457
122000182,1433,1297,136
122000183,1623,865,758
122000184,2275,2130,145
122000185,979,1769,-790
122000186,352,725,-373
122000187,1498,842,656
122000188,433,214,219
122000189,202,271,-69
122000190,700,1124,-424
122000191,713,598,115
122000192,795,341,454
122000193,398,580,-182
122000194,384,175,209
122000195,136,473,-337
122000196,818,573,245
122000197,337,533,-196
122000198,440,797,-357
122000199,245,282,-37
122000200,665,464,201
122000201,971,1419,-448
122000202,1035,1284,-249
122000203,2361,1379,982
122000204,1081,1496,-415
122000205,983,1179,-196
122000206,2096,827,1269
122000207,1642,1151,491
122000208,1813,1123,690
122000209,1585,358,1227
122000210,1694,1348,346
122000211,1139,994,145
122000212,625,475,150
122000213,750,1109,-359
122000214,1785,1489,296
122000215,1763,1455,308
122000217,1700,1245,455
122000218,630,60,570
122000219,823,677,146
122000220,271,617,-346
122000221,69,322,-253
122000222,464,114,350
122000223,1667,492,1175
122000225,940,258,682
122000226,1458,1472,-14
122000227,207,1845,-1638
122000228,320,321,-1
122000229,47,454,-407
122000230,157,457,-300
122000231,552,564,-12
122000232,513,669,-156
122000233,1,51,-50
122000234,365,58,307
122000235,424,80,344
122000236,1081,67,1014
122000237,79,63,16
122000238,469,337,132
122000239,659,128,531
122000240,986,352,634
122000241,1746,417,1329
122000242,540,70,470
122000243,298,57,241
122000244,97,229,-132
122000245,85,182,-97
122000246,406,207,199
122000247,397,638,-241
122000248,799,1115,-316
122000249,1099,1060,39
122000250,1752,962,790
122000251,166,285,-119
122000252,370,107,263
122000253,113,330,-217
122000254,258,80,178
122000255,488,885,-397
122000256,270,589,-319
122000257,154,173,-19
122000258,288,202,86
122000259,19,302,-283
122000260,7,48,-41
122000261,14,173,-159
122000262,4,38,-34
122000263,260,123,137
122000264,1140,252,888
122000265,1863,750,1113
122000266,3039,633,2406
122000267,163,70,93
122000268,138,282,-144
122000269,659,243,416
122000270,481,126,355
122000271,292,766,-474
122000272,295,731,-436
122000273,387,345,42
122000274,181,141,40
122000275,60,179,-119
122000276,688,408,280
122000277,1029,1376,-347
122000278,1751,538,1213
122000279,186,337,-151
122000280,736,409,327
122000281,732,546,186
122000282,209,314,-105
122000283,219,132,87
122000284,208,80,128
122000285,281,79,202
122000286,62,126,-64
122000287,1074,1043,31
122000288,476,195,281
122000291,1752,593,1159
122000293,219,218,1
122000294,90,221,-131
122000295,1019,205,814
122000296,36,515,-479
122000297,1649,2757,-1108
122000299,610,303,307
122000300,484,540,-56
122000301,6195,2830,3365
122000302,446,1293,-847
122000303,2334,977,1357
122000304,48,172,-124
122000305,1008,348,660
122000306,53,401,-348
122000307,61,115,-54
122000309,33,37,-4
122000310,28,116,-88
122000311,224,148,76
122000312,114,224,-110
122000313,196,77,119
122000314,96,205,-109
122000315,245,35,210
122000316,686,153,533
122000317,1281,253,1028
122000318,266,729,-463
122000319,167,282,-115
122000320,256,727,-471
122000321,110,108,2
122000322,1417,1843,-426
122000323,1005,1994,-989
122000324,902,968,-66
122000325,746,1685,-939
122000326,109,72,37
122000327,320,597,-277
122000328,544,424,120
122000330,1396,723,673
122000332,152,146,6
122000333,10,92,-82
122000337,1071,831,240
122000338,370,225,145
122000340,218,461,-243
122000342,1194,797,397
122000343,365,816,-451
122000344,73,15,58
122000345,19,18,1
122000346,326,257,69
122000348,599,454,145
122000349,138,456,-318
122000351,168,176,-8
122000352,291,140,151
122000353,68,47,21
122000355,145,322,-177
122000356,836,930,-94
122000357,81,31,50
122000358,0,37,-37
122000359,0,19,-19
122000360,0,21,-21
122000362,7,64,-57
122000364,138,194,-56
122000365,5,28,-23
122000366,12,7,5
122000368,349,438,-89
122000370,27,33,-6
122000371,20,1,19
122000372,4,1,3
122000381,139,282,-143
122000382,82,256,-174
122000384,1691,1015,676
122000385,46,0,46
122000386,231,1052,-821
122000387,327,525,-198
122000388,1077,519,558
122000389,122,594,-472
122000390,273,233,40
122000391,274,280,-6
122000392,121,210,-89
122000393,46,113,-67
122000394,434,180,254
122000395,133,94,39
122000396,250,89,161
122000397,24,36,-12
122000398,19,68,-49
122000399,143,57,86
122000400,72,489,-417
122000401,137,50,87
122000402,287,128,159
122000403,408,468,-60
122000404,146,141,5
122000408,649,841,-192
122000503,6,125,-119
122000524,356,127,229
122000544,59,1614,-1555
122000616,237,1,236
122000640,89,78,11
122000641,151,206,-55
122000642,911,604,307
122000643,71,166,-95
122000644,125,69,56
122000645,89,170,-81
122000651,762,932,-170
122000664,107,24,83
122000665,1021,537,484
122000666,562,956,-394
122000673,53,158,-105
122000674,186,59,127
122000675,1505,597,908
122000686,605,837,-232
122000687,2037,384,1653
122000688,218,407,-189
122000689,901,314,587
122000690,1964,316,1648
122000691,660,1032,-372
122000692,1073,273,800
122000693,335,1101,-766
122000695,246,259,-13
122000696,392,138,254
122000698,366,378,-12
122000699,165,40,125
122000701,1463,231,1232
122000702,461,818,-357
122000703,170,48,122
122000712,0,0,0
122000717,102,46,56
122000718,620,1220,-600
122000719,111,62,49
122000720,494,139,355
122000724,209,237,-28
122900001,49,3,46
122900002,794,4856,-4062
122900003,341,22,319
122900004,1013,53,960
122900005,119,56,63
122900006,376,393,-17
122900007,139,45,94
122900008,343,196,147
122900009,509,365,144
122900010,159,88,71
122900012,151,316,-165
122900014,106,155,-49
122900015,937,883,54
122900016,103,181,-78
122900017,256,540,-284
122900018,143,30,113
122900019,15,116,-101
122900020,178,290,-112
122900021,34,296,-262
122900022,773,674,99
122900024,178,94,84
122900025,10,252,-242
122900026,33,197,-164
122900027,57,501,-444
122900028,102,147,-45
122900029,3241,2245,996
122900030,667,423,244
122900031,34,215,-181
122900032,84,303,-219
122900033,231,115,116
122900034,3577,3615,-38
122900035,13,13,0
122900036,40,76,-36
122900037,276,104,172
122900038,85,2133,-2048
122900039,77,408,-331
122900040,210,371,-161
122900041,286,278,8
122900042,129,239,-110
122900043,211,246,-35
122900044,113,281,-168
122900045,121,104,17
122900046,154,245,-91
122900047,122,232,-110
122900048,44,186,-142
122900049,1089,147,942
122900051,67,138,-71
122900052,105,122,-17
122900053,36,20,16
122900055,245,101,144
122900057,212,44,168
122900061,399,169,230
122900062,387,447,-60
122900063,146,171,-25
122900064,636,276,360
122900065,292,62,230
122900066,637,357,280
122900067,799,513,286
122900069,350,1121,-771
122900070,288,35,253
122900071,129,201,-72
122900072,3,133,-130
122900073,27,133,-106
122900074,770,391,379
122900075,0,42,-42
122900076,9,158,-149
122900077,1,97,-96
122900078,165,32,133
122900080,45,50,-5
122900081,186,129,57
122900082,820,237,583
122900083,151,87,64
122900084,2,116,-114
122900086,10,81,-71
122900087,214,391,-177
122900088,46,174,-128
122900089,13,198,-185
122900090,7,295,-288
122900091,212,3,209
122900092,0,139,-139
122900093,0,141,-141
122900094,7,103,-96
122900095,169,19,150
122900096,244,62,182
122900097,50,21,29
122900098,68,102,-34
122900099,130,17,113
122900100,111,225,-114
122900101,388,240,148
122900102,11,33,-22
122900103,169,7,162
122900104,214,4,210
122900105,15,14,1
122900106,1,35,-34
122900107,4,73,-69
122900108,2,103,-101
122900109,433,153,280
123000001,951,386,565
123000002,2330,4237,-1907
123000003,3196,3171,25
123000004,2536,3162,-626
123000005,2171,2308,-137
123000006,2060,1683,377
123000007,3278,2615,663
123000008,2168,2553,-385
123000009,3548,2268,1280
123000010,2686,2699,-13
123000011,1648,704,944
123000012,632,1768,-1136
123000013,2866,856,2010
123000014,720,2636,-1916
123000015,1931,945,986
123000016,3127,3361,-234
123000017,2934,1468,1466
123000018,101,77,24
123000019,326,142,184
123000020,228,40,188
123000021,146,130,16
123000022,285,1354,-1069
123000023,1416,1613,-197
123000024,1384,494,890
123000025,301,102,199
123000026,42,68,-26
123000027,108,510,-402
123000028,1030,769,261
123000029,581,1313,-732
123000030,280,199,81
123000031,226,210,16
123000032,386,127,259
123000033,251,86,165
123000034,925,550,375
123000035,368,363,5
123000036,217,817,-600
123000037,243,185,58
123000038,55,179,-124
123000039,415,1247,-832
123000040,595,269,326
123000041,929,983,-54
123000042,633,563,70
123000043,1996,8575,-6579
123000044,3115,1990,1125
123000045,3926,2050,1876
123000046,448,1231,-783
123000047,1130,879,251
123000048,52,842,-790
123000049,4562,7737,-3175
123000050,1397,1145,252
123000051,108,151,-43
123000052,706,2593,-1887
123000053,2075,2263,-188
123000054,1319,1207,112
123000055,1149,2194,-1045
123000056,981,1234,-253
123000057,5813,5111,702
123000058,524,810,-286
123000059,337,406,-69
123000060,895,366,529
123000061,265,529,-264
123000063,765,731,34
123000064,927,223,704
123000065,3347,1945,1402
123000066,481,432,49
123000067,879,461,418
123000068,2108,1964,144
123000069,4709,2056,2653
123000070,202,581,-379
123000071,1002,734,268
123000072,866,571,295
123000073,1373,640,733
123000074,1018,761,257
123000075,347,1004,-657
123000076,648,445,203
123000077,1851,1602,249
123000078,1606,1329,277
123000079,1488,1284,204
123000080,1829,1066,763
123000081,119,263,-144
123000082,310,792,-482
123000083,755,227,528
123000084,633,404,229
123000085,351,61,290
123000086,551,113,438
123000087,253,212,41
123000088,1423,550,873
123000089,620,916,-296
123000090,1110,693,417
123000091,1240,1027,213
123000092,863,1046,-183
123000094,461,177,284
123000095,518,466,52
123000096,691,309,382
123000097,613,427,186
123000098,680,396,284
123000099,595,434,161
123000100,471,660,-189
123000101,477,530,-53
123000102,438,656,-218
123000104,430,376,54
123000105,380,373,7
123000106,429,406,23
123000107,319,421,-102
123000108,481,955,-474
123000111,799,273,526
123000112,1079,409,670
123000113,494,773,-279
123000114,337,588,-251
123000115,282,282,0
123000116,70,123,-53
123000117,1617,1309,308
123000118,375,543,-168
123000119,220,658,-438
123000120,236,654,-418
123000121,446,318,128
123000122,230,209,21
123000123,460,446,14
123000124,320,342,-22
123000125,1076,1128,-52
123000126,997,3078,-2081
123000127,549,491,58
123000128,234,218,16
123000129,744,172,572
123000130,566,83,483
123000131,825,730,95
123000132,315,438,-123
123000133,213,270,-57
123000134,282,151,131
123000135,2046,901,1145
123000136,153,415,-262
123000137,96,192,-96
123000138,84,259,-175
123000139,480,98,382
123000140,98,475,-377
123000141,632,112,520
123000142,797,650,147
123000143,942,1352,-410
123000144,38,27,11
123000145,170,232,-62
123000146,16,73,-57
123000147,76,75,1
123000149,262,332,-70
123000150,189,199,-10
123000151,231,391,-160
123000152,74,411,-337
123000153,250,597,-347
123000154,1132,1638,-506
123000155,1563,1041,522
123000156,25,99,-74
123000157,505,617,-112
123000158,528,683,-155
123000159,2713,2303,410
123000160,860,599,261
123000161,1494,946,548
123000162,782,1294,-512
123000163,451,104,347
123000164,1411,318,1093
123000165,346,1073,-727
123000166,41,98,-57
123000167,151,204,-53
123000168,267,208,59
123000169,669,98,571
123000170,152,98,54
123000171,646,11,635
123000172,161,343,-182
123000173,565,249,316
123000174,946,345,601
123000175,427,786,-359
123000176,904,206,698
123000177,228,528,-300
123000178,699,131,568
123000179,36,415,-379
123000180,1305,251,1054
123000181,275,827,-552
123000182,179,213,-34
123000183,165,563,-398
123000184,66,323,-257
123000185,613,294,319
123000186,2,367,-365
123000187,629,4,625
123000188,162,2,160
123000189,154,135,19
123000190,52,82,-30
123000192,31,297,-266
123000193,89,670,-581
123000194,441,262,179
123000195,260,38,222
123000196,268,36,232
123000197,90,100,-10
123000198,34,580,-546
123000199,6,565,-559
123000200,605,7,598
123000201,894,29,865
123000202,11,680,-669
123000203,893,61,832
123000204,82,733,-651
123000205,575,1133,-558
123000206,2159,271,1888
123000207,70,649,-579
123000208,482,165,317
123000209,1961,560,1401
123000210,462,1446,-984
123000211,515,1437,-922
123000212,2746,486,2260
123000213,548,75,473
123000215,60,198,-138
123000216,126,661,-535
123000217,211,45,166
123000218,43,585,-542
123000219,749,52,697
123000220,372,74,298
123000221,180,100,80
123000222,291,218,73
123000223,303,184,119
123000224,379,276,103
123000225,411,64,347
123000226,76,542,-466
123000227,54,306,-252
123000228,227,53,174
123000229,844,1078,-234
123000232,141,435,-294
123000233,603,125,478
123000234,122,527,-405
123000235,1061,246,815
123000236,242,580,-338
123000237,285,77,208
123000238,84,309,-225
123000239,425,862,-437
123000240,42,421,-379
123000241,293,86,207
123000242,82,149,-67
123000243,615,654,-39
123000244,689,581,108
123000245,33,165,-132
123000249,622,442,180
123000252,823,254,569
123000253,1092,481,611
123000254,631,687,-56
123000255,1047,816,231
123000256,19,145,-126
123000257,2082,1313,769
123000258,732,671,61
123000259,385,434,-49
123000260,536,301,235
123000261,191,109,82
123000262,102,121,-19
123000263,441,83,358
123000264,214,91,123
123000265,59,118,-59
123000266,598,460,138
123000267,658,305,353
123000268,61,84,-23
123000269,31,54,-23
123000270,24,47,-23
123000271,48,58,-10
123000272,603,306,297
123000273,279,623,-344
123000274,971,455,516
123000275,234,703,-469
123000278,2008,1992,16
123000279,148,60,88
123000280,308,343,-35
123000281,378,67,311
123000282,101,229,-128
123000283,172,50,122
123000284,58,49,9
123000286,179,330,-151
123000287,312,275,37
123000288,1058,904,154
123000289,360,1106,-746
123000291,219,737,-518
123000294,201,218,-17
123000295,833,774,59
123000296,625,385,240
123000297,588,379,209
123000298,678,315,363
123000299,77,166,-89
123000300,884,653,231
123000301,137,192,-55
123000302,76,125,-49
123000303,105,204,-99
123000305,645,668,-23
123000306,119,93,26
123000309,41,41,0
123000310,46,39,7
123000311,0,72,-72
123000312,411,418,-7
123000313,472,280,192
123000315,174,197,-23
123000316,648,285,363
123000317,163,56,107
123000318,66,149,-83
123000329,8,12,-4
123000337,839,371,468
123000338,257,96,161
123000339,243,75,168
123000340,107,265,-158
123000342,19,93,-74
123000343,50,26,24
123000344,967,289,678
123000345,257,444,-187
123000346,440,54,386
123000352,1318,714,604
123000353,22,69,-47
123000354,217,3,214
123000355,0,204,-204
123000356,397,4,393
123000357,3,112,-109
123000359,3,100,-97
123000360,250,72,178
123000361,214,284,-70
123000362,379,88,291
123000363,78,182,-104
123000364,441,482,-41
123000365,27,331,-304
123000366,319,1548,-1229
123000367,240,617,-377
123000370,29,836,-807
123000371,1147,144,1003
123000372,352,50,302
123000373,13,234,-221
123000374,63,143,-80
123000375,372,50,322
123000376,727,519,208
123000377,304,12,292
123000378,14,274,-260
123000379,1,181,-180
123000380,51,360,-309
123000381,116,55,61
123000382,648,111,537
123000383,84,993,-909
123000384,375,95,280
123000385,126,358,-232
123000436,20,853,-833
123000507,125,179,-54
123000508,169,805,-636
123000517,175,34,141
123000518,19,210,-191
123000519,120,56,64
123000520,41,189,-148
123000521,308,103,205
123000522,126,290,-164
123000541,14,4,10
123000542,0,17,-17
123000565,810,62,748
123000566,286,473,-187
123000567,84,223,-139
123000573,54,515,-461
123000574,1032,64,968
123000575,1263,714,549
123000576,788,984,-196
123000577,49,436,-387
123000578,371,42,329
123000579,1336,4439,-3103
123000580,109,21,88
123000582,366,33,333
123000583,23,295,-272
123000584,147,249,-102
123000585,0,74,-74
123000586,115,0,115
123000596,69,86,-17
123000597,86,146,-60
123000602,44,10,34
123000603,785,460,325
123000604,493,454,39
123000605,754,39,715
123000606,1,370,-369
123000609,15,238,-223
123000610,166,104,62
123000613,37,163,-126
123000614,237,57,180
123000615,62,132,-70
123000616,559,45,514
123000617,85,207,-122
123000618,58,446,-388
123000619,415,50,365
123000620,15,338,-323
123000622,424,19,405
123000624,128,122,6
123000630,1258,423,835
123000631,217,711,-494
123000632,587,567,20
123000633,1,253,-252
123000634,31,136,-105
123000635,108,70,38
123000636,55,390,-335
123000637,236,23,213
123000638,504,31,473
123000639,647,4026,-3379
123000640,45,369,-324
123000648,435,124,311
123000649,31,261,-230
123900001,842,42,800
123900002,20,1004,-984
123900003,175,325,-150
123900005,197,160,37
123900006,247,51,196
124000001,1630,150,1480
124000002,67,1018,-951
124000003,809,127,682
124000004,74,335,-261
124000005,962,417,545
124000006,189,649,-460
124000007,360,70,290
124000008,11,344,-333
124000009,550,192,358
124000010,190,318,-128
124000011,821,266,555
124000012,194,309,-115
124000017,191,119,72
124000018,100,60,40
124000019,153,89,64
124000020,41,117,-76
124000021,106,80,26
124000022,94,200,-106
124000023,1049,1167,-118
124000024,895,340,555
124000025,871,1469,-598
124000026,754,704,50
124000027,3283,3762,-479
124000028,1351,2965,-1614
124000030,1872,1114,758
124000031,1471,3447,-1976
124000032,1935,675,1260
124000033,961,582,379
124000034,576,790,-214
124000035,277,124,153
124000036,89,431,-342
124000037,282,887,-605
124000038,31,88,-57
124000039,670,399,271
124000040,329,861,-532
124000041,388,107,281
124000042,83,343,-260
124000043,104,79,25
124000044,91,165,-74
124000045,803,465,338
124000046,269,513,-244
124000047,1633,708,925
124000048,861,899,-38
124000049,1442,465,977
124000050,723,945,-222
124000051,1032,424,608
124000052,484,539,-55
124000053,506,1492,-986
124000054,685,359,326
124000055,1132,2369,-1237
124000056,1562,1006,556
124000057,944,533,411
124000058,395,828,-433
124000059,553,942,-389
124000060,877,402,475
124000061,1175,5132,-3957
124000062,3655,1271,2384
124000063,913,1129,-216
124000064,1404,946,458
124000065,89,444,-355
124000066,270,102,168
124000067,204,150,54
124000068,125,112,13
124000069,570,168,402
124000070,260,414,-154
124000071,186,237,-51
124000072,190,623,-433
124000073,807,157,650
124000074,244,594,-350
124000075,287,40,247
124000076,14,140,-126
124000077,1085,599,486
124000078,1962,1128,834
124000079,292,869,-577
124000080,658,258,400
124000081,223,434,-211
124000082,71,157,-86
124000083,133,148,-15
124000084,56,335,-279
124000085,58,24,34
124000086,22,112,-90
124000087,155,273,-118
124000088,154,337,-183
124000089,715,189,526
124000090,101,169,-68
124000091,402,93,309
124000092,74,261,-187
124000093,137,82,55
124000094,151,395,-244
124000095,109,100,9
124000096,182,180,2
124000097,203,157,46
124000098,116,91,25
124000099,196,109,87
124000100,75,74,1
124000101,73,138,-65
124000102,86,24,62
124000103,132,123,9
124000104,78,38,40
124000105,102,103,-1
124000106,128,45,83
124000107,15,189,-174
124000108,42,16,26
124000109,131,100,31
124000110,165,101,64
124000111,199,139,60
124000112,626,392,234
124000113,112,92,20
124000114,296,285,11
124000115,345,405,-60
124000116,109,154,-45
124000117,58,86,-28
124000118,49,73,-24
124000119,698,452,246
124000120,431,538,-107
124000121,1315,809,506
124000122,556,1028,-472
124000123,899,355,544
124000124,227,667,-440
124000125,305,292,13
124000126,390,600,-210
124000127,850,471,379
124000128,516,595,-79
124000129,1571,936,635
124000130,888,429,459
124000131,694,448,246
124000132,860,704,156
124000133,799,721,78
124000134,761,415,346
124000135,1372,1531,-159
124000136,699,705,-6
124000137,948,728,220
124000138,951,865,86
124000139,444,38,406
124000140,38,346,-308
124000141,575,97,478
124000142,83,303,-220
124000143,90,4,86
124000144,10,147,-137
124000145,178,28,150
124000146,90,64,26
124000148,29,110,-81
124000149,1080,370,710
124000150,302,851,-549
124000151,894,313,581
124000152,747,1189,-442
124000153,824,561,263
124000154,597,532,65
124000155,1208,796,412
124000156,1272,794,478
124000169,168,428,-260
124000170,403,322,81
124000171,252,218,34
124000172,265,389,-124
124000173,470,160,310
124000174,401,441,-40
124000175,18,82,-64
124000176,47,11,36
124000177,7,28,-21
124000178,61,43,18
124000185,0,0,0
124000186,0,0,0
124000187,0,0,0
124000188,0,0,0
124000190,85,54,31
124000191,151,187,-36
124000192,1277,345,932
124000193,274,801,-527
124000194,253,323,-70
124000195,340,525,-185
124000196,765,627,138
124000197,46,47,-1
124000198,38,31,7
124000201,289,512,-223
124000202,553,209,344
124000203,395,302,93
124000204,808,236,572
124000205,90,239,-149
124000206,647,259,388
124000207,0,22,-22
124000209,186,252,-66
124000210,522,178,344
124000211,615,3,612
124000212,0,189,-189
124000213,444,176,268
124000214,375,393,-18
124000215,386,15,371
124000216,3,269,-266
124000329,95,1030,-935
124000338,79,484,-405
124000339,1018,106,912
124000341,1532,67,1465
124000344,25,0,25
124000357,971,2087,-1116
124000358,714,1297,-583
124000359,1006,490,516
124000360,788,363,425
124000361,1675,881,794
124000362,864,991,-127
124000363,290,261,29
124000364,433,520,-87
124000365,528,754,-226
124000366,1214,589,625
124000367,92,299,-207
124000368,450,397,53
124000369,196,110,86
124000370,95,482,-387
124000402,18,17,1
124000403,78,18,60
124000404,19,77,-58
124000405,934,889,45
124000406,800,1253,-453
124000407,3,51,-48
124000411,10,216,-206
124000412,413,12,401
124000413,131,36,95
124000414,75,96,-21
124000415,52,67,-15
124000416,131,131,0
124000417,214,105,109
124000418,204,77,127
124000419,95,50,45
124000420,141,32,109
124000421,41,103,-62
124000422,21,14,7
124000423,98,29,69
124000424,3,98,-95
124000425,138,12,126
124000426,4,134,-130
124000427,151,11,140
124000428,4,50,-46
124000429,59,36,23
124000430,779,409,370
124000431,284,441,-157
124000432,249,705,-456
124000439,5,6,-1
124000443,1,12,-11
124000445,400,1137,-737
124000446,1077,407,670
124000447,13,133,-120
124000448,67,283,-216
124000449,38,9,29
124000450,12,58,-46
124000451,0,0,0
124900001,617,420,197
124900002,141,139,2
124900003,1031,566,465
124900004,712,291,421
124900005,167,88,79
124900006,651,211,440
124900008,994,457,537
124900009,122,302,-180
124900010,190,129,61
124900011,559,218,341
124900012,383,141,242
124900013,534,135,399
124900014,229,88,141
124900015,115,334,-219
124900016,108,66,42
124900017,467,1501,-1034
124900018,71,17,54
124900020,63,55,8
124900021,306,60,246
124900022,71,8,63
124900024,286,13,273
124900026,119,45,74
124900027,119,397,-278
124900028,292,66,226
124900029,18,438,-420
124900030,5,80,-75
124900031,36,156,-120
124900032,115,223,-108
124900033,122,198,-76
124900034,1,73,-72
124900035,134,257,-123
124900036,1,28,-27
124900037,187,180,7
124900038,207,206,1
124900039,2,32,-30
124900040,123,73,50
124900041,247,683,-436
124900042,73,4,69
124900043,547,633,-86
124900044,77,6,71
124900045,501,909,-408
124900047,163,136,27
124900048,190,66,124
124900050,153,181,-28
124900052,87,307,-220
124900053,92,234,-142
124900054,1032,387,645
124900055,3,128,-125
124900057,9,58,-49
124900060,53,188,-135
124900061,122,10,112
124900062,191,25,166
124900066,0,10,-10
124900067,5,107,-102
124900068,221,419,-198
124900070,76,25,51
124900072,117,44,73
124900075,218,182,36
124900076,33,1092,-1059
124900077,17,79,-62
124900078,79,15,64
124900079,355,134,221
124900080,302,366,-64
124900081,995,298,697
124900082,387,549,-162
124900083,302,348,-46
124900085,678,461,217
124900086,71,1093,-1022
124900087,573,80,493
124900088,412,78,334
124900089,917,16,901
124900090,338,192,146
124900091,232,203,29
124900092,180,130,50
124900093,311,155,156
124900094,436,175,261
124900095,89,386,-297
124900096,346,225,121
124900097,306,74,232
124900098,95,213,-118
124900099,365,310,55
124900100,336,53,283
124900101,164,381,-217
124900102,219,18,201
124900103,143,116,27
124900104,54,122,-68
124900105,153,77,76
124900106,309,46,263
124900107,104,16,88
124900108,138,73,65
124900111,0,101,-101
124900112,74,302,-228
124900113,78,266,-188
124900114,145,155,-10
124900115,94,100,-6
124900116,254,222,32
124900117,302,130,172
124900118,146,427,-281
124900119,371,190,181
124900120,32,321,-289
124900121,73,370,-297
124900122,231,197,34
124900123,205,104,101
124900124,130,278,-148
204000001,103,15,88
204000002,20,11,9
204000003,14,4,10
204000004,3,1,2
204000005,573,491,82
204000006,1199,1147,52
204000012,43,106,-63
204000019,727,402,325
204000020,599,646,-47
204000021,1522,711,811
204000022,543,358,185
204000023,469,547,-78
204000031,69,14,55
204000032,387,61,326
204000034,32,113,-81
204000035,0,2,-2
204000036,2,17,-15
204000037,2,24,-22
204000038,0,15,-15
204000039,3,16,-13
204000040,3,17,-14
204000041,16,24,-8
204000042,24,9,15
204000043,30,1,29
204000044,19,1,18
204000045,23,1,22
204000046,17,4,13
204000057,4,6,-2
204000062,26,25,1
204000068,36,288,-252
204000069,75,336,-261
204000070,131,119,12
204000080,96,55,41
204000085,1731,1017,714
204000086,1912,1199,713
204000087,65,12,53
204000088,7,52,-45
204000090,68,228,-160
204000093,358,86,272
204000096,969,864,105
204000097,453,14,439
204000099,964,1355,-391
204000100,1199,1578,-379
204000105,1775,824,951
204000110,424,873,-449
204000111,381,498,-117
204000112,736,1018,-282
204000113,450,740,-290
204000114,698,661,37
204000115,573,264,309
204000116,957,739,218
204000119,1697,2115,-418
204000132,677,417,260
204000133,896,184,712
204000134,254,88,166
204000135,1010,95,915
204000136,751,228,523
204000138,391,724,-333
204000140,255,160,95
204000141,182,76,106
204000144,8,19,-11
204000145,441,31,410
204000146,50,254,-204
204000147,38,200,-162
204000148,495,19,476
204000154,5,2,3
204000155,1,4,-3
204000177,74,59,15
204000179,58,7,51
204000180,0,28,-28
204000222,0,5,-5
204000235,33,12,21
204000236,55,149,-94
204000238,23,30,-7
204000240,375,62,313
204000263,548,655,-107
204000268,800,525,275
204000308,130,20,110
204000317,14,62,-48
204000322,4,29,-25
204000323,9,3,6
204000328,241,63,178
204000329,91,131,-40
204000330,160,29,131
204000331,108,97,11
205000001,700,1326,-626
205000013,5,56,-51
205000014,13,54,-41
205000015,25,140,-115
205000016,25,123,-98
205000017,14,73,-59
205000022,282,669,-387
205000025,1014,891,123
205000029,267,7,260
205000045,139,525,-386
205000046,160,782,-622
205000047,52,509,-457
205000048,368,738,-370
205000049,183,558,-375
205000050,915,248,667
205000059,1,176,-175
205000060,2,98,-96
205000061,7,136,-129
205000062,1,113,-112
205000063,33,128,-95
205000064,35,57,-22
205000065,87,466,-379
205000066,138,488,-350
205000067,41,562,-521
205000069,221,17,204
205000082,141,139,2
205000110,66,182,-116
205000111,203,199,4
205000112,184,202,-18
205000113,212,346,-134
205000121,186,39,147
205000123,30,228,-198
205000126,398,69,329
205000127,736,122,614
205000128,361,54,307
205000129,597,52,545
205000130,151,18,133
205000131,82,9,73
205000132,113,3,110
205000133,56,2,54
205000134,240,1,239
205000137,53,141,-88
205000138,133,300,-167
205000139,46,115,-69
205000144,84,59,25
205000145,291,134,157
205000151,120,14,106
205000152,151,21,130
205000153,198,23,175
205000154,65,32,33
205000155,101,8,93
205000207,11,130,-119
205000233,37,6,31
205000234,0,0,0
205000243,0,0,0
205000244,0,7,-7
205000245,8,146,-138
205000249,0,14,-14
205000250,4,0,4
205000264,5,77,-72
206000027,2,1,1
206000028,3,4,-1
206000043,11,42,-31
206000053,6,7,-1
206000054,3,17,-14
206000055,1,8,-7
206000075,11,19,-8
206000076,22,11,11
206000077,16,4,12
206000078,17,8,9
206000079,24,6,18
206000082,314,32,282
206000100,30,259,-229
206000103,0,0,0
206000104,10,9,1
206000105,10,24,-14
206000106,8,4,4
206000125,53,1,52
206000157,5,150,-145
206000170,0,68,-68
206000171,1,135,-134
206000172,3,194,-191
206000173,4,142,-138
206000174,12,38,-26
206000175,2,51,-49
206000176,20,109,-89
206000177,3,76,-73
206000178,2,143,-141
206000179,4,55,-51
206000180,10,68,-58
206000181,5,61,-56
206000182,10,68,-58
206000183,25,221,-196
206000184,11,142,-131
206000185,12,78,-66
206000186,58,367,-309
206000223,3,112,-109
206000226,6,2,4
206000227,18,2,16
206000237,27,178,-151
206000238,32,257,-225
206000239,154,989,-835
206000240,25,113,-88
206000241,0,64,-64
206000242,10,114,-104
206000243,2,106,-104
206000244,50,256,-206
206000245,872,50,822
206000246,268,11,257
206000247,257,15,242
206000248,404,17,387
206000252,55,19,36
206000258,30,98,-68
206000315,34,11,23
206000317,557,82,475
206000318,604,59,545
206000319,1578,89,1489
206000320,232,37,195
206000321,228,11,217
206000322,513,13,500
206000323,194,7,187
206000324,188,18,170
206000325,198,15,183
206000326,260,16,244
206000327,125,7,118
206000328,183,5,178
206000329,241,1,240
206000330,51,5,46
206000331,223,4,219
206000332,44,0,44
206000333,699,8,691
206000334,294,1,293
206000335,0,18,-18
206000361,21,286,-265
206000392,4,14,-10
206000405,137,0,137
206000441,28,13,15
206000498,28,1,27
206000515,69,42,27
206000530,280,92,188
206000531,222,192,30
206000532,1511,282,1229
206000535,128,1255,-1127
206000536,15,102,-87
206000537,8,118,-110
206000613,1401,200,1201
206000784,500,31,469
207000001,176,566,-390
207000002,94,306,-212
207000003,151,177,-26
207000007,1037,231,806
207000008,153,12,141
207000009,45,37,8
207000010,330,259,71
207000012,423,183,240
207000015,231,791,-560
207000019,229,76,153
207000021,537,146,391
207000022,169,103,66
207000023,187,44,143
207000024,5,14,-9
207000025,30,86,-56
207000026,76,59,17
207000027,19,67,-48
207000028,51,139,-88
207000029,198,299,-101
207000033,188,383,-195
207000034,263,93,170
207000039,444,91,353
207000040,407,59,348
207000041,97,33,64
207000042,239,64,175
207000043,191,158,33
207000051,106,140,-34
207000052,41,91,-50
207000053,395,410,-15
207000054,53,79,-26
207000055,196,95,101
207000056,284,237,47
207000057,172,313,-141
207000058,211,284,-73
207000059,138,325,-187
207000060,75,155,-80
207000061,188,653,-465
207000062,435,50,385
207000063,396,98,298
207000064,428,118,310
207000065,382,199,183
207000066,248,132,116
207000067,59,56,3
207000068,121,69,52
207000069,647,339,308
207000082,11,171,-160
207000083,46,155,-109
207000084,309,209,100
207000085,230,24,206
207000086,258,6,252
207000106,32,20,12
207000107,76,16,60
207000108,80,12,68
207000109,50,22,28
207000110,50,61,-11
207000111,63,65,-2
207000112,134,593,-459
207000114,32,25,7
207000115,26,51,-25
207000116,19,300,-281
207000117,8,87,-79
207000118,3,40,-37
207000119,35,49,-14
207000123,177,30,147
207000124,70,29,41
207000125,60,45,15
207000126,49,51,-2
207000134,89,89,0
207000135,29,141,-112
207000148,68,286,-218
207000149,52,33,19
207000152,165,349,-184
207000153,695,1138,-443
207000154,357,141,216
207000159,96,107,-11
207000160,106,241,-135
207000238,1,138,-137
207000242,3,113,-110
207000248,35,19,16
207000249,70,29,41
207000250,408,57,351
207000251,88,64,24
207000252,46,43,3
207000278,87,79,8
207000279,19,75,-56
207000280,621,80,541
207000281,123,517,-394
207000282,128,175,-47
207000283,67,202,-135
207000284,45,299,-254
207000285,83,114,-31
207000291,18,82,-64
207000304,104,57,47
207000306,72,287,-215
207000310,101,86,15
207000353,260,2,258
207000356,19,37,-18
207000357,2,19,-17
207000358,5,19,-14
207000415,7,143,-136
207000417,67,10,57
207000418,104,136,-32
207000438,0,0,0
207000439,631,674,-43
207000446,176,4,172
207000460,48,16,32
207000466,168,95,73
207000467,309,82,227
207000468,51,185,-134
207000476,6,36,-30
207000477,545,40,505
207000478,1,35,-34
207000523,0,24,-24
207000524,80,1,79
207000527,158,154,4
207000530,500,7,493
207000531,359,13,346
207000532,71,23,48
207000534,292,51,241
207000535,43,308,-265
207000537,8,60,-52
207000540,5,119,-114
207000541,3,222,-219
207000548,17,168,-151
207000549,385,16,369
207000561,186,207,-21
207000562,41,103,-62
207000567,182,183,-1
207000568,189,49,140
207000569,436,381,55
207000584,232,117,115
207000585,32,350,-318
207000587,147,20,127
207000616,2,88,-86
207000617,182,0,182
207000624,57,39,18
207000631,7,63,-56
207900008,246,60,186
208000001,504,931,-427
208000002,580,374,206
208000003,963,319,644
208000004,810,664,146
208000005,7,18,-11
208000019,518,943,-425
208000020,183,411,-228
208000021,180,260,-80
208000022,878,285,593
208000028,839,1219,-380
208000033,505,438,67
208000034,782,1004,-222
208000037,193,8,185
208000040,171,163,8
208000041,706,438,268
208000042,787,618,169
208000047,134,150,-16
208000064,1901,1080,821
208000066,1372,1875,-503
208000070,344,317,27
208000071,431,610,-179
208000072,454,958,-504
208000080,295,337,-42
208000081,387,125,262
208000082,282,205,77
208000083,133,304,-171
208000084,7,16,-9
208000085,674,611,63
208000086,453,789,-336
208000087,226,615,-389
208000089,961,246,715
208000090,938,412,526
208000093,168,155,13
208000094,494,384,110
208000095,722,352,370
208000104,918,753,165
208000105,705,748,-43
208000114,112,302,-190
208000115,430,278,152
208000116,493,926,-433
208000117,165,155,10
208000118,93,153,-60
208000155,674,736,-62
208000158,1118,2927,-1809
208000186,2777,3216,-439
208000204,616,759,-143
208000205,1034,684,350
208000282,3748,2355,1393
209000004,346,180,166
209000005,49,46,3
209000006,369,142,227
209000007,250,225,25
209000010,342,116,226
209000011,126,188,-62
209000012,87,113,-26
209000013,164,173,-9
209000014,381,571,-190
209000025,316,29,287
209000026,725,109,616
209000027,275,541,-266
209000028,316,365,-49
209000029,293,394,-101
209000030,253,714,-461
209000031,1591,1277,314
209000034,190,259,-69
209000035,141,198,-57
209000036,222,111,111
209000037,360,202,158
209000038,127,159,-32
209000039,73,135,-62
209000040,254,425,-171
209000041,154,340,-186
209000042,247,294,-47
209000043,662,750,-88
209000044,210,698,-488
209000045,1158,374,784
209000046,431,335,96
209000047,387,184,203
209000048,477,237,240
209000049,62,56,6
209000050,228,76,152
209000051,225,164,61
209000052,125,136,-11
209000062,34,52,-18
209000063,45,64,-19
209000064,39,53,-14
209000065,92,20,72
209000066,97,27,70
209000067,99,28,71
209000080,37,134,-97
209000082,72,35,37
209000091,19,66,-47
209000093,76,16,60
209000094,118,169,-51
209000110,45,112,-67
209000111,418,1311,-893
209000112,926,411,515
209000113,1382,343,1039
209000114,616,347,269
209000115,96,55,41
209000116,367,266,101
209000118,15,30,-15
209000119,15,10,5
209000121,114,311,-197
209000135,72,162,-90
209000142,526,1292,-766
209000143,44,46,-2
209000144,35,95,-60
209000229,308,106,202
209000240,28,182,-154
209000259,59,62,-3
209000260,40,668,-628
209000261,2,315,-313
209000262,4,237,-233
209000263,0,132,-132
209000264,1,178,-177
209000265,318,4,314
209000266,127,1,126
209000267,770,8,762
209000268,472,48,424
210000037,89,52,37
210000047,80,21,59
210000048,101,19,82
210000049,40,12,28
210000052,67,44,23
210000053,27,43,-16
210000054,54,57,-3
210000070,80,0,80
210000071,77,0,77
210000072,19,0,19
210000073,0,16,-16
210000074,1,100,-99
210000075,0,76,-76
210000076,3,111,-108
210000077,13,40,-27
210000078,22,42,-20
210000079,25,14,11
210000080,97,87,10
210000081,143,19,124
210000082,74,1,73
210000083,57,0,57
210000084,61,1,60
210000085,0,30,-30
210000086,1,71,-70
210000099,23,191,-168
210000100,36,137,-101
210000101,55,118,-63
210000105,31,142,-111
210000159,0,146,-146
210000163,138,170,-32
210000164,313,207,106
210000168,140,40,100
210000187,0,6,-6
210000188,0,13,-13
210000214,23,1,22
210000219,46,31,15
210000220,160,35,125
210000232,5,16,-11
210000233,35,72,-37
210000234,27,105,-78
210000235,66,57,9
210000245,0,21,-21
210000246,26,2,24
210000258,14,64,-50
210000259,357,64,293
210000282,99,191,-92
210000285,2,113,-111
210000286,12,99,-87
210000290,1,9,-8
210000295,34,96,-62
210000296,38,25,13
210000320,143,44,99
210000321,146,47,99
210000338,30,65,-35
210000339,181,957,-776
210000340,90,304,-214
210000341,148,231,-83
210000342,163,183,-20
210000343,148,166,-18
210000344,124,98,26
210000345,112,184,-72
210000346,85,100,-15
210000347,47,35,12
210000348,108,22,86
210000349,34,28,6
210000350,175,52,123
210000351,174,88,86
210000352,66,53,13
210000353,48,70,-22
210000354,98,73,25
210000355,49,75,-26
210000356,20,72,-52
210000357,62,81,-19
210000358,231,142,89
210000359,83,82,1
210000360,120,113,7
210000361,204,107,97
210000362,231,161,70
210000363,651,199,452
210000364,88,135,-47
210000365,94,59,35
210000366,110,44,66
210000367,108,31,77
210000368,106,39,67
210000369,29,42,-13
210000370,71,35,36
210000372,29,30,-1
210000373,13,17,-4
210000374,51,46,5
210000375,30,55,-25
210000376,70,111,-41
210000404,43,86,-43
210000439,45,55,-10
210000472,73,2,71
210000482,66,87,-21
210000564,243,236,7
210000567,2,29,-27
210000568,339,5,334
211000092,91,34,57
211000094,27,7,20
211000169,197,15,182
211000172,6,181,-175
211000209,1,18,-17
211000226,24,43,-19
211000270,38,13,25
211000275,16,9,7
211000276,89,11,78
211000279,10,19,-9
211000281,90,20,70
211000302,24,37,-13
211507980,0,35,-35
211977296,26,4,22
212000003,145,50,95
212000004,28,35,-7
212000005,30,43,-13
212000006,30,37,-7
212000008,160,87,73
212000009,31,67,-36
212000012,80,71,9
212000013,26,48,-22
212000014,213,123,90
212000015,331,202,129
212000016,460,396,64
212000027,510,338,172
212000028,365,354,11
212000029,272,207,65
212000030,53,25,28
212000031,69,57,12
212000048,38,134,-96
212000049,16,93,-77
212000050,8,17,-9
212000051,183,133,50
212000052,192,183,9
212000053,340,353,-13
212000054,250,93,157
212000055,255,134,121
212000056,20,42,-22
212000057,14,18,-4
212000058,167,50,117
212000070,95,162,-67
212000077,118,393,-275
212000099,249,240,9
212000108,185,150,35
212000111,228,98,130
212000120,90,49,41
212000138,131,24,107
212000156,10,80,-70
212000158,11,14,-3
212000159,459,51,408
212000160,668,224,444
212000161,88,9,79
212000310,53,13,40
212000311,14,42,-28
212000374,37,10,27
213000001,35,315,-280
213000005,333,159,174
213000006,936,327,609
213000007,139,9,130
213000009,582,477,105
213000010,239,265,-26
213000011,152,106,46
213000012,118,182,-64
213000014,79,7,72
213000015,299,11,288
213000016,380,0,380
213000017,110,0,110
213000018,0,164,-164
213000019,1,127,-126
213000020,101,294,-193
213000021,6,112,-106
213000023,319,189,130
213000033,305,1442,-1137
213000034,653,214,439
213000035,116,178,-62
213000045,178,223,-45
213000046,193,141,52
213000047,526,1131,-605
213000056,141,20,121
213000069,120,6,114
213000073,1,56,-55
213000074,70,308,-238
213000075,510,6,504
213000076,30,1,29
213000085,3,35,-32
213000086,18,122,-104
213000091,199,8,191
213000092,62,7,55
213000099,198,863,-665
213000100,1015,266,749
213000101,391,82,309
213000102,482,169,313
213000103,838,623,215
213000104,51,311,-260
213000105,2,181,-179
213000106,30,102,-72
213000107,137,318,-181
213000108,36,289,-253
213000109,11,186,-175
213000110,39,50,-11
213000111,8,65,-57
213000112,131,85,46
213000115,53,11,42
213000116,52,337,-285
213000117,9,486,-477
213000118,483,181,302
213000119,48,459,-411
213000120,72,358,-286
213000122,163,371,-208
213000123,263,797,-534
213000124,89,862,-773
213000125,94,36,58
213000126,47,83,-36
213000127,123,151,-28
213000128,365,826,-461
213000129,278,718,-440
213000130,607,276,331
213000132,459,95,364
213000133,578,88,490
213000134,911,18,893
213000136,458,40,418
213000137,724,70,654
213000139,303,28,275
213000147,51,11,40
213000148,22,14,8
213000149,56,12,44
213000150,0,168,-168
213000151,14,120,-106
213000152,1,88,-87
213000153,5,136,-131
213000154,61,151,-90
213000155,43,159,-116
213000156,96,387,-291
213000157,474,302,172
213000158,321,704,-383
213000159,569,475,94
213000163,942,78,864
213000165,891,224,667
213000171,1,37,-36
213000172,1,126,-125
213000173,1,123,-122
213000174,0,93,-93
213000175,13,51,-38
213000176,36,42,-6
213000177,98,5,93
213000178,188,0,188
213000179,238,4,234
213000180,234,0,234
213000184,69,270,-201
213000188,268,88,180
213000189,387,42,345
213000190,721,602,119
213000191,323,285,38
213000192,194,274,-80
213000193,687,224,463
213000194,0,86,-86
213000195,20,343,-323
213000196,235,921,-686
213000197,426,444,-18
213000198,47,1,46
213000200,147,570,-423
213000201,48,50,-2
213000202,16,479,-463
213000203,2473,591,1882
213000204,758,41,717
213000205,282,53,229
213000206,405,38,367
213000207,132,12,120
213000208,62,3,59
213000209,147,3,144
213000210,224,1,223
213000211,9,26,-17
213000212,21,33,-12
213000213,12,44,-32
213000218,249,330,-81
213000219,506,10,496
213000220,447,12,435
213000223,156,222,-66
213000224,43,53,-10
213000225,83,7,76
213000226,61,12,49
213000227,881,188,693
213000228,403,93,310
213000229,127,34,93
213000230,452,42,410
213000232,53,853,-800
213000233,5,66,-61
213000234,3,46,-43
213000293,13,57,-44
213000294,88,21,67
213000295,13,75,-62
213000296,54,19,35
213000297,10,70,-60
213000298,9,65,-56
213000299,42,28,14
213000300,25,1,24
213000303,7,26,-19
213000304,1,10,-9
213000305,9,13,-4
213000306,47,33,14
213000307,119,71,48
213000308,72,125,-53
213000309,145,65,80
213000310,316,117,199
213000311,238,697,-459
213000315,108,82,26
213000316,151,53,98
213000322,77,79,-2
213000323,116,54,62
213000324,46,14,32
213000325,25,65,-40
213000326,9,8,1
213000327,6,20,-14
213000328,16,106,-90
213000329,76,6,70
213000340,156,433,-277
213000341,559,100,459
213000346,202,226,-24
213000347,546,459,87
213000348,11,132,-121
213000349,46,20,26
213000350,294,693,-399
213000366,81,235,-154
213000367,231,34,197
213000379,88,69,19
213000386,16,241,-225
213000406,68,369,-301
213000417,1130,400,730
213000425,231,20,211
213000426,144,25,119
213000427,35,153,-118
213000428,39,125,-86
213000429,13,7,6
213000430,137,484,-347
213000431,44,0,44
213000432,4,38,-34
213000433,11,103,-92
213000434,71,82,-11
213000435,116,58,58
213000436,34,56,-22
213000437,2,3,-1
213000438,166,49,117
213000439,46,8,38
213000440,0,229,-229
213000441,4,0,4
213000442,1,23,-22
213000443,264,269,-5
213000444,51,26,25
213000445,0,57,-57
213000446,0,38,-38
213000447,5,49,-44
213000448,26,112,-86
213000449,475,5,470
213000450,16,21,-5
213000451,227,50,177
213000452,9,13,-4
213000453,48,200,-152
213000455,340,36,304
213000456,1,412,-411
213000481,22,12,10
213000482,30,5,25
213000489,197,52,145
213000491,0,181,-181
213000492,170,18,152
213000493,0,101,-101
213000494,226,105,121
213000495,1,73,-72
213000496,355,141,214
213000497,51,174,-123
213000498,99,148,-49
213000499,212,294,-82
213000500,399,48,351
213000501,182,12,170
213000502,137,77,60
213000503,3,54,-51
213000504,32,56,-24
213000505,17,7,10
213000506,0,16,-16
213000507,5,73,-68
213900244,45,0,45
213900245,0,14,-14
218000003,56,29,27
218000004,13,30,-17
218000005,34,34,0
218000006,55,32,23
218000007,8,19,-11
218000012,125,124,1
218000013,87,101,-14
218000014,359,368,-9
218000019,687,496,191
218000020,304,409,-105
218000021,11,12,-1
218000022,10,9,1
218000023,3,4,-1
218000024,1,1,0
218000025,9,6,3
218000026,3,11,-8
218000027,0,4,-4
218000028,0,3,-3
218000029,0,2,-2
218000030,8,6,2
218000031,4,8,-4
218000032,0,7,-7
218000040,6,7,-1
218000046,35,58,-23
218000047,10,97,-87
218000048,36,86,-50
218000049,72,94,-22
218000050,304,233,71
218000051,47,246,-199
218000052,4,69,-65
218000053,0,12,-12
218000054,5,139,-134
218000055,12,44,-32
218000056,17,39,-22
218000057,2,19,-17
218000064,4,12,-8
218000065,92,19,73
218000066,17,20,-3
218000067,54,65,-11
218000068,74,41,33
218000069,296,120,176
218000070,201,190,11
218000071,174,151,23
218000072,211,154,57
218000078,846,486,360
218000079,122,90,32
218000080,119,48,71
218000081,489,179,310
218000082,41,89,-48
218000083,65,42,23
218000084,119,87,32
218000085,138,243,-105
218000086,122,104,18
218000087,155,85,70
218000090,18,93,-75
218000091,1067,441,626
218000092,78,115,-37
218000093,97,37,60
218000094,337,417,-80
218000099,243,610,-367
218000100,263,264,-1
218000101,333,91,242
218000102,368,184,184
218000103,64,41,23
218000104,99,23,76
218000105,8,38,-30
218000106,12,12,0
218000107,101,38,63
218000108,4,36,-32
218000112,36,20,16
218000117,38,55,-17
218000134,434,358,76
218000135,28,80,-52
218000136,181,105,76
218000137,189,133,56
218000138,40,76,-36
218000139,160,231,-71
218000140,350,272,78
218000141,81,88,-7
218000142,180,148,32
218000143,82,277,-195
218000144,54,87,-33
218000145,459,267,192
218000146,123,143,-20
218000151,3,15,-12
218000152,82,38,44
218000153,1,2,-1
218000154,4,0,4
218000155,14,3,11
218000156,38,16,22
218000157,25,10,15
218000158,12,6,6
218000159,2,3,-1
218000160,1,3,-2
218000161,24,3,21
218000162,12,2,10
218000163,8,1,7
218000164,22,4,18
218000165,45,17,28
218000170,8,20,-12
218000171,20,7,13
218000172,11,16,-5
218000173,20,13,7
218000174,26,14,12
218000176,183,20,163
218000177,224,113,111
218000178,59,129,-70
218000179,98,50,48
218000180,79,23,56
218000181,139,26,113
218000187,17,35,-18
218000188,33,55,-22
218000189,22,42,-20
218000190,16,13,3
218000191,182,37,145
218000192,185,113,72
218000193,333,202,131
218000194,90,169,-79
218000195,104,57,47
218000196,337,200,137
218000197,355,234,121
218000198,44,94,-50
218000199,59,34,25
218000200,94,30,64
218000201,15,12,3
218000202,70,292,-222
218000207,5,17,-12
218000208,41,28,13
218000211,28,18,10
218000212,1,6,-5
218000213,91,68,23
218000214,2,17,-15
218000215,27,52,-25
218000217,5,123,-118
218000218,105,75,30
218000219,10,21,-11
218000220,42,284,-242
218000221,372,136,236
218000222,4,30,-26
218000223,16,260,-244
218000224,10,58,-48
218000225,156,11,145
218000226,123,30,93
218000230,0,10,-10
218000232,37,34,3
218000239,127,22,105
218000240,15,8,7
218000241,34,2,32
218000242,30,8,22
218000243,48,4,44
218000244,50,7,43
218000245,24,2,22
218000246,1,2,-1
218000247,2,0,2
218000248,0,19,-19
218000249,0,6,-6
218000250,3,5,-2
218000251,2,35,-33
218000252,5,73,-68
218000253,6,116,-110
218000254,0,41,-41
218000255,0,38,-38
218000256,12,95,-83
218000267,347,736,-389
218000268,7,30,-23
218000269,10,12,-2
218000270,104,29,75
218000271,12,29,-17
218000273,36,10,26
218000274,14,4,10
218000275,27,36,-9
218000276,13,16,-3
218000278,25,26,-1
218000279,122,30,92
218000280,12,25,-13
218000281,29,23,6
218000282,481,499,-18
218000284,66,4,62
218000301,86,119,-33
218000302,90,46,44
218000303,33,54,-21
218000316,681,723,-42
218000317,1309,693,616
218000318,739,527,212
218000319,1066,648,418
218000320,810,415,395
218000338,44,47,-3
218000345,78,57,21
218000346,32,142,-110
218000459,31,243,-212
218000490,32,54,-22
218000501,116,24,92
218000502,43,45,-2
218000503,126,26,100
218000504,236,30,206
218000505,51,146,-95
218000506,35,249,-214
218000508,10,7,3
218000510,174,12,162
218000520,100,103,-3
218000521,12,31,-19
218000522,1,97,-96
218000523,116,18,98
218000524,30,344,-314
218000525,130,24,106
218000526,27,151,-124
218000529,27,83,-56
218000530,12,0,12
218000531,14,16,-2
218000532,19,28,-9
218000534,132,15,117
218000537,28,44,-16
218000538,114,283,-169
218000540,281,75,206
218000543,191,31,160
218000544,15,54,-39
218000545,63,52,11
218000546,34,43,-9
218000547,80,173,-93
218000548,103,67,36
218000549,329,467,-138
218000550,146,212,-66
218000551,81,691,-610
218000552,243,86,157
218000553,40,109,-69
218000554,21,41,-20
218000555,43,42,1
218000556,202,166,36
218000557,235,131,104
218000558,52,0,52
218000559,0,29,-29
218000560,0,31,-31
218000561,14,1,13
218000562,46,144,-98
218000563,182,20,162
218000564,4,154,-150
218000565,109,38,71
218000566,179,55,124
218000567,1,91,-90
218000568,46,2,44
218000569,13,189,-176
218000570,165,12,153
218000571,1,89,-88
218000572,175,0,175
218000573,21,207,-186
218000574,103,34,69
218000575,126,1,125
218000576,0,74,-74
218000577,85,1,84
218000578,2,138,-136
218000579,52,14,38
218000581,8,39,-31
218000582,27,2,25
218000583,5,0,5
218000584,0,16,-16
218000585,54,0,54
218000586,12,45,-33
218000587,1,1,0
218000588,0,1,-1
218000589,4,5,-1
218000590,1,1,0
218000591,0,2,-2
218000592,6,2,4
218000593,9,3,6
218000594,0,0,0
218000596,0,0,0
218000597,0,0,0
218000598,0,0,0
218000599,0,0,0
218000600,1,0,1
218000601,0,0,0
218000602,1,7,-6
218000603,0,3,-3
218000604,2,0,2
218000605,0,39,-39
218000606,69,0,69
218000607,11,26,-15
218000608,42,14,28
218000609,7,33,-26
218000610,65,2,63
218000611,23,5,18
218000612,1,30,-29
218000613,51,1,50
218000614,2,27,-25
218000615,106,0,106
218000616,3,93,-90
218000617,12,1,11
218000618,0,7,-7
218000619,11,17,-6
218000620,4,18,-14
218000621,0,1,-1
218000622,0,3,-3
218000623,57,0,57
218000624,2,6,-4
218000625,11,0,11
218000626,0,9,-9
218000628,128,30,98
218000631,37,25,12
218000632,3,110,-107
218000633,226,3,223
218000634,5,20,-15
218000635,9,17,-8
218000636,752,693,59
218000637,980,326,654
218000638,186,19,167
218000639,4,114,-110
218000640,278,33,245
218000641,75,115,-40
218000652,38,52,-14
218000653,148,36,112
218000663,4,113,-109
218000675,65,81,-16
218000676,0,11,-11
218000677,10,0,10
218000680,190,262,-72
218000681,381,156,225
218000691,186,146,40
218000693,281,134,147
218000703,7,4,3
218000718,130,869,-739
218000719,307,573,-266
218000720,9,233,-224
218000721,86,19,67
218000725,5,0,5
218001147,2,91,-89
218001214,11,73,-62
218001258,234,4,230
218001329,89,112,-23
218001330,86,63,23
218001351,28,13,15
218001352,9,33,-24
218001353,11,6,5
218001354,18,16,2
218001355,16,180,-164
218001356,336,12,324
218001357,46,116,-70
218001358,239,32,207
218001361,262,5,257
218001362,1,87,-86
219000001,44,38,6
219000002,38,27,11
219000003,61,29,32
219000004,55,47,8
219000017,116,43,73
219000020,114,33,81
219000022,156,0,156
219000023,74,1,73
219000029,3,64,-61
219000034,23,31,-8
219000039,84,86,-2
219000040,34,44,-10
219000041,126,16,110
219000051,0,36,-36
219000052,0,24,-24
219000053,0,52,-52
219000054,7,36,-29
219000055,205,4,201
219000056,8,1,7
219000057,53,0,53
219000062,18,72,-54
219000063,61,10,51
219000064,0,105,-105
219000110,331,110,221
219000111,158,63,95
219000112,146,52,94
219000113,146,47,99
219000114,182,46,136
219000116,73,38,35
219000117,112,58,54
219000118,141,45,96
219000123,237,61,176
219000124,91,47,44
219000125,17,12,5
219000126,74,111,-37
219000127,0,15,-15
219000128,9,77,-68
219000129,17,82,-65
219000130,285,439,-154
219000131,506,773,-267
219000133,38,56,-18
219000134,18,35,-17
219000135,16,50,-34
219000136,136,196,-60
219000138,57,11,46
219000139,31,35,-4
219000140,53,2,51
219000141,46,75,-29
219000142,9,61,-52
219000143,8,54,-46
219000145,16,14,2
219000146,3,24,-21
219000147,5,22,-17
219000148,6,16,-10
219000149,10,46,-36
219000150,6,39,-33
219000151,1,17,-16
219000157,246,105,141
219000158,184,186,-2
219000161,80,11,69
219000163,919,454,465
219000166,88,148,-60
219000167,93,147,-54
219000168,257,101,156
219000174,427,114,313
219000175,90,0,90
219000176,129,2,127
219000177,82,2,80
219000178,43,0,43
219000179,21,13,8
219000180,47,30,17
219000182,93,13,80
219000183,52,29,23
219000184,98,17,81
219000185,1,23,-22
219000186,79,16,63
219000187,22,38,-16
219000189,50,144,-94
219000190,61,186,-125
219000191,448,1075,-627
219000192,159,122,37
219000193,149,143,6
219000195,0,31,-31
219000196,3,76,-73
219000198,17,70,-53
219000199,41,177,-136
219000200,42,115,-73
219000201,40,104,-64
219000203,37,76,-39
219000204,64,233,-169
219000205,63,199,-136
219000207,145,137,8
219000209,30,58,-28
219000210,46,94,-48
219000213,6,97,-91
219000239,141,194,-53
219000240,240,206,34
219000241,106,106,0
219000242,64,129,-65
219000243,73,146,-73
219000244,12,55,-43
219000245,21,65,-44
219000246,48,63,-15
219000247,148,43,105
219000248,451,368,83
219000249,157,86,71
219000250,138,73,65
219000251,402,227,175
219000252,208,130,78
219000253,499,114,385
219000255,138,91,47
219000256,232,84,148
219000257,91,0,91
219000262,113,93,20
219000263,68,91,-23
219000267,3,51,-48
219000268,4,5,-1
219000269,2,1,1
219000270,6,0,6
219000271,155,4,151
219000278,0,15,-15
219000279,0,6,-6
219000283,0,8,-8
219000295,17,89,-72
219000296,62,301,-239
219000297,15,61,-46
219000298,12,85,-73
219000299,355,44,311
219000300,34,152,-118
219000301,206,291,-85
219000302,32,160,-128
219000307,30,26,4
219000308,65,50,15
219000311,194,46,148
219000312,517,130,387
219000313,363,55,308
219000314,72,231,-159
219000315,227,19,208
219000316,493,73,420
219000317,114,18,96
219000320,0,52,-52
219000321,0,14,-14
219000323,2,61,-59
219000325,6,12,-6
219000326,36,49,-13
219000327,47,33,14
219000328,31,33,-2
219000329,212,107,105
219000330,27,50,-23
219000331,42,32,10
219000332,89,71,18
219000333,27,2,25
219000335,57,0,57
219000337,12,0,12
219000338,48,1,47
219000344,19,53,-34
219000345,40,70,-30
219000346,48,85,-37
219000348,131,48,83
219000349,54,104,-50
219000350,89,205,-116
219000351,8,3,5
219000352,314,74,240
219000353,111,42,69
219000354,192,74,118
219000355,134,37,97
219000356,670,1212,-542
219000363,179,81,98
219000364,118,46,72
219000365,90,18,72
219000366,202,300,-98
219000368,285,445,-160
219000370,805,520,285
219000371,9,15,-6
219000382,10,21,-11
219000383,440,953,-513
219000385,388,421,-33
219000386,559,1355,-796
219000387,1,18,-17
219000390,2,0,2
219000391,6,0,6
219000397,33,44,-11
219000398,55,50,5
219000401,18,88,-70
219000402,39,72,-33
219000403,147,303,-156
219000404,16,106,-90
219000407,2,23,-21
219000409,77,53,24
219000410,117,63,54
219000411,73,10,63
219000446,107,263,-156
219000447,5,17,-12
219000448,22,0,22
219000452,96,69,27
219000453,58,162,-104
219000454,197,253,-56
219000556,293,67,226
219000558,278,102,176
219000590,14,100,-86
219000591,106,91,15
219000592,117,242,-125
219000595,1,21,-20
219000635,174,59,115
219000636,21,50,-29
219000657,34,14,20
219000658,27,104,-77
219000673,0,25,-25
219000676,21,0,21
219000679,27,18,9
219000684,69,0,69
219000685,1,40,-39
219000686,0,0,0
219000688,1,66,-65
219000689,24,149,-125
219000690,149,24,125
219000691,57,172,-115
219000692,117,19,98
219000693,0,24,-24
219000694,5,0,5
219000695,34,5,29
219000698,27,0,27
219000699,0,51,-51
219000727,1,71,-70
219000728,130,0,130
219000770,69,0,69
219000771,6,25,-19
219000788,274,224,50
219001150,0,12,-12
219001151,0,3,-3
219001166,40,23,17
219001167,1,44,-43
219001178,56,2,54
220000001,29,43,-14
220000002,17,89,-72
220000003,277,163,114
220000004,306,271,35
220000005,754,1009,-255
220000006,173,498,-325
220000007,340,258,82
220000008,271,529,-258
220000009,244,287,-43
220000010,117,122,-5
220000011,360,2033,-1673
220000012,70,172,-102
220000014,85,41,44
220000015,55,246,-191
220000017,88,203,-115
220000018,2801,1314,1487
220000019,68,294,-226
220000020,311,219,92
220000021,722,161,561
220000022,812,354,458
220000023,430,148,282
220000024,1352,337,1015
220000025,599,807,-208
220000026,373,284,89
220000027,21,85,-64
220000028,53,70,-17
220000029,33,64,-31
220000030,58,51,7
220000031,403,286,117
220000064,13,652,-639
221000046,5,0,5
221000047,0,7,-7
221000048,0,0,0
221000049,0,8,-8
221000050,15,0,15
221000055,42,56,-14
221000057,77,12,65
221000068,259,130,129
221000069,265,62,203
221000070,194,24,170
221000071,87,14,73
221000072,175,10,165
221000073,136,56,80
221000074,0,9,-9
221000075,20,14,6
221000076,10,26,-16
221000077,14,75,-61
221000081,20,5,15
221000082,55,4,51
221000083,32,0,32
221000084,11,2,9
221000085,18,43,-25
221000086,18,71,-53
221000087,4,69,-65
221000088,14,114,-100
221000089,21,172,-151
221000090,86,355,-269
221000098,117,16,101
221000099,179,10,169
221000100,94,11,83
221000101,210,18,192
221000102,168,24,144
221000109,4,91,-87
221000110,4,87,-83
221000111,49,169,-120
221000112,15,97,-82
221000113,19,114,-95
221000114,5,100,-95
221000120,53,23,30
221000121,2,45,-43
221000122,67,53,14
221000123,14,21,-7
221000124,20,104,-84
221000155,97,16,81
221000156,49,27,22
221000175,3,14,-11
221000176,0,5,-5
221000182,55,6,49
221000241,645,260,385
221000242,142,396,-254
221000243,513,159,354
221000244,245,419,-174
221000245,111,122,-11
221000246,46,205,-159
221000247,110,123,-13
221000248,124,112,12
221000267,63,665,-602
221000325,81,67,14
221000331,6,35,-29
221000338,6,48,-42
221000378,189,28,161
221000381,58,31,27
222000282,10,1,9
222000296,4,21,-17
222000568,366,25,341
222000569,212,55,157
222000570,142,18,124
222000571,322,21,301
222000577,8,92,-84
222000578,33,112,-79
222000579,20,83,-63
222000580,62,599,-537
222000599,0,74,-74
222000600,2,259,-257
222000601,2,634,-632
222000603,7,44,-37
222000604,6,34,-28
222000605,21,17,4
222000606,2,11,-9
222000607,6,8,-2
222000608,15,19,-4
222000609,31,108,-77
222000616,389,25,364
222000617,7,19,-12
222000618,9,19,-10
222000620,16,22,-6
222000621,23,18,5
222000623,554,10,544
222000624,306,3,303
222000625,542,9,533
222000636,54,5,49
222000686,34,18,16
222000687,51,23,28
222001066,224,2,222
222001067,24,2,22
222001068,54,14,40
222001069,39,9,30
222001082,18,36,-18
222001083,25,20,5
222001084,0,49,-49
222001085,0,101,-101
222001111,59,91,-32
222001112,146,16,130
222001313,31,8,23
222001314,3,95,-92
222001464,255,32,223
222001465,33,105,-72
222001484,160,38,122
222001485,22,65,-43
222001494,587,127,460
222001495,90,154,-64
222001496,369,139,230
222001497,135,239,-104
222001502,18,77,-59
222001503,141,33,108
222001504,30,231,-201
222001505,312,17,295
222001506,41,297,-256
222001507,250,28,222
222001510,446,22,424
222001511,57,242,-185
222001514,581,94,487
222001515,219,327,-108
222001518,289,51,238
222001519,60,116,-56
222001527,143,53,90
222001528,35,95,-60
222001529,296,45,251
222001530,44,132,-88
222001533,105,165,-60
222001534,296,60,236
222001535,252,219,33
222001536,84,124,-40
222001537,295,32,263
222001538,57,316,-259
222001563,816,87,729
222001564,52,332,-280
222001568,208,135,73
222001576,2,2,0
222001579,0,34,-34
222001583,23,80,-57
222001584,102,10,92
222001596,545,1364,-819
222001597,1656,442,1214
222001626,1,90,-89
222001650,40,147,-107
222001651,61,513,-452
222001914,168,52,116
222001915,66,154,-88
222001968,472,249,223
222001969,409,445,-36
222001970,115,160,-45
222001971,38,6,32
222001972,1,10,-9
225000001,369,147,222
225000002,568,132,436
225000003,574,78,496
225000004,321,136,185
225000005,74,53,21
225000006,0,120,-120
225000007,897,954,-57
225000010,265,13,252
225000011,228,866,-638
225000012,170,419,-249
225000013,67,89,-22
225000014,574,42,532
225000015,61,102,-41
225000021,552,161,391
225000027,195,369,-174
225000032,533,117,416
225000042,62,393,-331
225000049,14,58,-44
225000050,78,10,68
225000053,6,157,-151
225000058,581,132,449
225000067,135,93,42
225000068,110,219,-109
225000069,84,321,-237
225000070,94,236,-142
225000071,41,106,-65
225000075,11,560,-549
225000076,77,109,-32
225000078,64,43,21
225000085,78,147,-69
225000086,221,69,152
225000087,187,19,168
225000088,6,117,-111
225000089,184,752,-568
225000090,32,313,-281
225000091,144,95,49
225000092,47,55,-8
225000093,170,161,9
225000094,8,143,-135
225000095,249,204,45
225000096,273,248,25
225000098,715,232,483
225000099,367,110,257
225000100,387,133,254
225000104,146,295,-149
225000110,4,241,-237
225000111,229,605,-376
225000112,230,759,-529
225000113,126,500,-374
225000114,58,132,-74
225000115,961,461,500
225000116,818,143,675
225000117,558,202,356
225000118,803,200,603
225000119,180,73,107
225000120,486,59,427
225000121,109,17,92
225000123,444,20,424
225000125,355,117,238
225000126,517,146,371
225000127,525,1194,-669
225000128,417,695,-278
225000132,256,28,228
225000133,172,30,142
225000134,644,114,530
225000135,64,10,54
225000136,297,10,287
225000137,173,43,130
225000138,351,65,286
225000143,40,142,-102
225000144,3,240,-237
225000145,58,24,34
225000146,42,59,-17
225000147,33,180,-147
225000148,4,124,-120
225000149,65,253,-188
225000151,19,106,-87
225000155,334,258,76
225000156,121,612,-491
225000157,163,237,-74
225000158,52,175,-123
225000171,6,124,-118
225000180,39,18,21
225000181,0,47,-47
225000182,91,5,86
225000185,3,287,-284
225000187,28,233,-205
225000191,53,4,49
225000194,0,10,-10
225000208,1,29,-28
225000209,57,14,43
225000210,7,148,-141
225000217,0,12,-12
225000218,13,2,11
225000223,0,73,-73
225000224,59,0,59
225000225,1,30,-29
225000226,37,0,37
225000227,31,69,-38
225000228,14,9,5
225000229,0,117,-117
225000230,67,0,67
225000231,0,27,-27
225000232,194,0,194
225000241,63,3,60
225000242,1,27,-26
225000249,7,1,6
225000250,44,382,-338
225000251,303,29,274
226000042,249,282,-33
226000043,45,164,-119
226000044,128,238,-110
226000045,40,209,-169
226000046,341,57,284
226000047,313,83,230
226000048,372,83,289
226000049,238,155,83
226000070,0,28,-28
226000071,0,50,-50
226000072,0,9,-9
226000073,0,6,-6
226000074,0,10,-10
226000084,6,38,-32
226000085,1,11,-10
226000086,9,11,-2
226000087,2,10,-8
226000088,8,13,-5
226000090,72,176,-104
226000091,13,30,-17
226000092,6,4,2
226000093,21,3,18
226000094,12,3,9
226000095,6,3,3
226000105,14,1,13
226000106,4,0,4
226000107,6,1,5
226000108,21,0,21
226000109,97,0,97
226000124,109,77,32
226000134,684,314,370
226000135,1287,485,802
226000136,490,382,108
226000137,8,247,-239
226000138,7,119,-112
226000139,0,12,-12
226000156,190,3,187
226000157,238,22,216
226000163,67,78,-11
226000202,13,175,-162
226000231,470,24,446
226000232,29,4,25
227000033,305,47,258
227000036,332,35,297
227000037,367,39,328
227000038,166,44,122
227000049,0,41,-41
227000050,0,78,-78
227000055,69,0,69
227000056,16,0,16
227000084,2,54,-52
227000085,2,49,-47
227000088,40,6,34
227000089,117,1,116
227000090,28,1,27
227000091,27,0,27
227000093,108,0,108
227000094,12,0,12
227000130,29,97,-68
227000131,13,122,-109
227000132,11,153,-142
227000133,6,111,-105
227000134,14,217,-203
227000152,0,10,-10
227000153,0,40,-40
227000155,0,30,-30
227000156,0,7,-7
227000165,8,40,-32
227000196,292,130,162
227000199,349,259,90
227000230,15,249,-234
227000232,524,18,506
227000242,78,308,-230
227000243,365,63,302
227000245,16,255,-239
227000246,82,250,-168
227000247,399,83,316
227000248,180,38,142
227000249,15,169,-154
227000250,349,169,180
227000251,74,239,-165
227000252,15,173,-158
227000253,157,34,123
227000262,408,50,358
227000266,1134,23,1111
227000267,28,1013,-985
227000282,7,71,-64
227000284,473,13,460
227000286,1,48,-47
227000287,20,64,-44
227000291,13,307,-294
227000484,197,11,186
227000485,15,677,-662
227000655,112,11,101
227000656,507,26,481
227000657,87,5,82
227000661,297,29,268
227000680,130,48,82
229000265,13,41,-28
229000296,6,15,-9
229000297,1,15,-14
229000298,17,95,-78
229000320,2,9,-7
229000321,45,3,42
229000412,6,30,-24
229000414,17,30,-13
229000415,14,5,9
229000416,5,3,2
229000417,1,9,-8
229000419,67,259,-192
229000440,230,42,188
229000442,9,1,8
229000443,2,3,-1
229000444,1,16,-15
229000445,41,9,32
229000446,41,9,32
229000491,2,10,-8
229000492,7,52,-45
229000493,2,24,-22
229000494,13,0,13
229000495,40,3,37
229000496,15,1,14
229000507,0,27,-27
229000508,0,31,-31
229000509,0,24,-24
229000510,1,17,-16
229000511,0,14,-14
229000512,1,7,-6
229000513,0,4,-4
229000514,0,2,-2
229000517,2,3,-1
229000518,13,7,6
229000519,3,7,-4
229000520,6,10,-4
229000521,26,3,23
229000522,0,8,-8
229000523,0,0,0
229000524,0,0,0
229000527,0,0,0
229000528,1,0,1
229000529,1,0,1
229000530,24,2,22
229000531,14,1,13
229000532,2,0,2
229000533,19,0,19
229000534,17,1,16
229000564,15,0,15
229000565,3,0,3
229000566,0,3,-3
229000567,0,15,-15
229000582,20,2,18
229000583,0,4,-4
229000584,0,11,-11
229000585,0,19,-19
229000718,0,0,0
229000719,0,3,-3
229000720,0,2,-2
229000721,0,1,-1
229000722,0,2,-2
229000723,0,1,-1
229000724,0,0,0
229000725,0,1,-1
229000738,3,0,3
229000739,1,0,1
229000740,0,0,0
229000741,3,0,3
229000742,2,0,2
229000743,5,0,5
229000744,0,0,0
229000745,2,0,2
229000746,2,0,2
229000847,72,0,72
229000848,13,0,13
229000849,102,3,99
229000851,49,0,49
229000854,0,10,-10
229000856,0,23,-23
229000857,0,9,-9
229000858,0,10,-10
229000919,13,69,-56
229000930,22,200,-178
229000937,82,13,69
229000966,56,17,39
229000981,40,7,33
229000985,26,24,2
229000986,3,2,1
229000987,0,0,0
229000988,2,3,-1
229000989,10,8,2
229000990,0,0,0
229000991,0,1,-1
229000992,9,4,5
229000993,91,14,77
229000998,12,46,-34
229000999,55,5,50
229001034,0,10,-10
229001035,1,4,-3
229001037,28,9,19
229001042,7,15,-8
229001047,7,28,-21
229001050,27,22,5
229001168,0,10,-10
229001200,15,5,10
229001338,2,12,-10
229001394,173,0,173
229001422,131,18,113
229001423,20,102,-82
229001431,44,58,-14
229001432,27,60,-33
229001444,142,32,110
229001445,36,86,-50
229001479,12,3,9
229001503,211,77,134
229001504,102,151,-49
229001505,142,23,119
229001506,36,93,-57
229001509,45,13,32
229001545,100,6,94
229001546,7,63,-56
229001553,70,5,65
229001554,22,49,-27
229001559,1,14,-13
229001560,4,19,-15
229001630,37,12,25
229001631,6,21,-15
229001635,0,13,-13
229001636,7,2,5
229001658,1,80,-79
229001659,42,1,41
229001660,8,2,6
229001661,10,22,-12
229001662,14,1,13
229001663,0,34,-34
229002584,115,120,-5
229002831,88,119,-31
229002841,18,22,-4
229002842,10,16,-6
229002843,44,15,29
229002844,37,26,11
229002845,10,58,-48
229002846,25,11,14
229002847,1,7,-6
229002848,7,8,-1
229002849,2,48,-46
229002850,28,1,27
229002851,49,108,-59
229002852,137,25,112
229002853,87,12,75
229002854,33,30,3
229002855,13,25,-12
229002856,33,22,11
229002857,3,101,-98
229002858,10,6,4
229002859,13,62,-49
229002860,140,4,136
229002861,51,13,38
229002862,42,21,21
229002863,19,19,0
229002864,20,21,-1
229002865,17,7,10
229002866,17,12,5
229002867,3,10,-7
229002868,7,3,4
229002869,29,88,-59
229002870,60,8,52
235000066,286,62,224
235000067,133,44,89
235000072,34,79,-45
235000073,72,350,-278
235000074,73,32,41
235000080,12,69,-57
235000081,117,81,36
235000082,277,38,239
235000083,157,51,106
235000084,59,43,16
235000085,173,74,99
235000089,25,43,-18
235000092,35,178,-143
235000093,8,8,0
235000097,4,9,-5
235000098,50,7,43
235000099,39,26,13
235000116,58,13,45
235000117,505,18,487
235000133,15,425,-410
235000134,16,204,-188
235000206,28,8,20
235000207,8,5,3
235000208,4,2,2
235000209,4,2,2
235000210,10,1,9
235000212,5,18,-13
235000213,4,9,-5
235000220,5,1,4
235000221,31,26,5
235000238,10,120,-110
235000239,1,32,-31
235000242,278,937,-659
235000245,599,166,433
235000246,10,72,-62
235000284,11,145,-134
235000295,91,19,72
235000305,224,10,214
235000306,213,6,207
235000307,12,2,10
235000308,20,2,18
235000309,59,1,58
235000310,23,0,23
235000311,44,15,29
235000322,0,22,-22
235000323,0,54,-54
235000324,0,22,-22
235000325,2,5,-3
235000326,4,107,-103
235000351,8,68,-60
235000352,14,56,-42
235000353,3,25,-22
235000354,24,38,-14
235000355,22,69,-47
235000356,56,3,53
235000357,34,6,28
235000358,90,14,76
235000359,8,9,-1
235000360,34,6,28
235000361,42,9,33
235000381,91,100,-9
235000382,214,38,176
235000390,15,8,7
235000391,160,16,144
235000392,208,291,-83
235000393,149,175,-26
235000395,141,30,111
235000396,442,41,401
235000400,87,98,-11
235000401,23,113,-90
235000405,100,216,-116
235000406,29,175,-146
235000407,52,68,-16
235000409,220,113,107
235000410,46,226,-180
235000411,3,52,-49
235000485,0,5,-5
235000486,14,0,14
235000549,87,77,10
235000550,116,151,-35
235000599,145,55,90
235000600,6,15,-9
235000601,22,28,-6
235000602,91,46,45
235000614,2,3,-1
235000648,0,15,-15
235000649,36,2,34
235000685,0,8,-8
235000815,35,72,-37
235000834,0,4,-4
235000855,45,34,11
235000862,36,85,-49
235000891,0,13,-13
235000892,20,2,18
235000901,86,72,14
235000907,10,14,-4
235001010,73,47,26
235001029,401,308,93
235001030,382,207,175
235001078,82,123,-41
235001079,77,80,-3
235001147,40,47,-7
235001166,17,47,-30
235001167,49,33,16
235001169,23,289,-266
235001188,4,11,-7
235001189,17,4,13
235001197,6,26,-20
235001200,44,47,-3
235001207,458,45,413
235001210,109,108,1
235001215,39,133,-94
235001239,1,31,-30
235001244,0,19,-19
235016267,0,25,-25
277101746,0,0,0
277102712,2,2,0
277103813,0,0,0
277103814,0,0,0
277103898,0,1,-1
277104249,0,2,-2
277104250,0,8,-8
277104251,0,6,-6
277104252,0,0,0
990011530,1,118,-117
990014944,1,300,-299
990015176,70,24,46
990015618,0,74,-74
990016032,0,171,-171
990032570,0,30,-30
990070001,69,3,66
990070103,0,3,-3
990070601,0,30,-30
990070751,974,4,970
990070766,1,295,-294
990071180,389,138,251
990071343,18,4,14
990071387,4,21,-17
990071823,273,3,270
990072600,6,883,-877
990072964,2,258,-256
990073285,0,0,0
990074393,1,467,-466
990074870,1217,19,1198
990075106,1003,6,997
990075746,563,11,552
990076437,1238,6,1232
990076458,2,353,-351
997000007,678,26,652
997000041,3,149,-146
997000058,54,2,52
997000062,18,0,18
997000069,0,6,-6
997000070,0,24,-24
997000100,36,1,35
997000141,0,509,-509
997000198,219,806,-587
998000475,1,31,-30
998000736,1,99,-98
998000965,0,2,-2
998001031,0,69,-69
998001700,0,1,-1
998001899,0,2,-2
998001900,14,3,11
998003073,868,7,861
998101900,0,0,0
998102850,0,186,-186
998501927,708,803,-95
998501929,76,3,73
998501930,75,0,75
998501931,162,41,121
998501932,8,0,8
998501933,35,0,35
998501937,37,0,37
998501944,6,0,6
998501950,0,2,-2
998501970,48,2,46
998501971,1,107,-106
998501973,0,30,-30
998501974,2,179,-177
998501975,85,0,85
998501976,150,16,134
998501977,0,13,-13
998501978,7,0,7
998501979,0,9,-9
998501980,59,6,53
998501981,27,0,27
998501982,1,61,-60
998501983,0,1,-1
998502006,0,0,0
998502024,0,1,-1
998502032,0,1,-1
998502062,13,2,11
998502063,0,0,0
998502173,40,0,40
998502269,0,2,-2
998502546,2,149,-147
998502578,3,0,3
998502599,72,307,-235
998502621,0,0,0
998601159,0,51,-51
998601292,0,11,-11
999033574,0,208,-208
999800001,58,1,57
999800002,0,2,-2
999800003,1,0,1
999800004,0,1,-1
999800005,0,6,-6
