ID,insum,outsum,diff
100000001,0,0,0
100000002,1565,2498,-933
100000003,2388,2999,-611
100000004,281,911,-630
100000005,1290,2049,-759
100000006,71,108,-37
100000007,398,358,40
100000008,7,57,-50
100000009,64,233,-169
100000010,1,42,-41
100000011,61,58,3
100000012,54,59,-5
100000013,2,21,-19
100000014,16,23,-7
100000015,464,779,-315
100000016,107,204,-97
100000017,47,130,-83
100000018,166,177,-11
100000019,467,863,-396
100000020,271,1273,-1002
100000021,311,218,93
100000022,298,936,-638
100000023,554,528,26
100000025,268,807,-539
100000028,392,564,-172
100000029,0,42,-42
100000030,113,5,108
100000031,738,2598,-1860
100000032,277,1351,-1074
100000033,144,1091,-947
100000034,15,200,-185
100000035,194,565,-371
100000036,187,299,-112
100000037,393,134,259
100000038,998,377,621
100000039,79,28,51
100000040,23,90,-67
100000041,412,162,250
100000042,281,94,187
100000043,168,91,77
100000044,7,26,-19
100000045,33,62,-29
100000046,134,42,92
100000047,9,49,-40
100000048,68,195,-127
100000049,212,293,-81
100000051,247,142,105
100000053,45,0,45
100000054,93,15,78
100000055,67,30,37
100000056,115,108,7
100000057,470,182,288
100000058,82,159,-77
100000059,4,75,-71
100000060,123,313,-190
100000061,495,257,238
100000062,268,276,-8
100000063,336,146,190
100000064,326,152,174
100000065,111,95,16
100000066,112,45,67
100000067,51,123,-72
100000068,120,185,-65
100000069,43,220,-177
100000072,21,44,-23
100000073,191,251,-60
100000075,240,44,196
100000076,660,2072,-1412
100000077,90,303,-213
100000078,4,112,-108
100000079,1,44,-43
100000080,8,67,-59
100000081,2,56,-54
100000102,897,1975,-1078
100000103,459,455,4
100000104,370,375,-5
100000105,291,441,-150
100000106,410,1762,-1352
100000107,55,620,-565
100000108,27,122,-95
100000109,630,304,326
100000116,354,502,-148
100000117,1,63,-62
100000118,1491,611,880
100000119,433,448,-15
100000121,54,254,-200
100000122,116,478,-362
100000123,1827,2059,-232
100000124,769,1282,-513
100000125,463,1702,-1239
100000126,156,292,-136
100000127,380,372,8
100000128,23,592,-569
100000129,51,169,-118
100000130,384,323,61
100000131,139,295,-156
100000132,175,1405,-1230
100000133,826,481,345
100000135,172,264,-92
100000139,179,256,-77
100000140,0,0,0
100000142,276,102,174
100000143,99,80,19
100000144,540,28,512
100000147,1050,3695,-2645
100000150,12,108,-96
100000151,125,945,-820
100000153,2,52,-50
100000154,5,124,-119
100000155,1,27,-26
100000156,69,131,-62
100000157,485,96,389
100000158,18,103,-85
100000159,35,330,-295
100000165,661,292,369
100000169,9,163,-154
100000174,122,141,-19
100000179,5,466,-461
100000180,57,77,-20
100000181,42,47,-5
100000188,6,44,-38
100000189,338,93,245
100000190,112,526,-414
100000191,69,174,-105
100000192,1,87,-86
100000193,66,83,-17
100000330,320,401,-81
100000355,43,74,-31
100000362,982,439,543
100000363,2768,3566,-798
100000364,236,119,117
100000365,4963,4497,466
100000366,851,707,144
100000367,3309,3627,-318
100000368,128,79,49
100000369,179,1278,-1099
100000370,13,558,-545
100000376,25,311,-286
100000379,372,1794,-1422
100000380,1922,3095,-1173
100000384,1807,3064,-1257
100000385,538,2670,-2132
100000386,1161,2322,-1161
100000387,828,4462,-3634
100000388,1373,1546,-173
100000389,2008,3595,-1587
100000390,792,946,-154
100000391,1981,4411,-2430
100000392,342,739,-397
100000393,273,2093,-1820
100000394,832,1435,-603
100000395,539,1339,-800
100000396,873,603,270
100000397,467,1631,-1164
100000398,6859,2135,4724
100000413,0,0,0
100900002,0,0,0
100900003,22,59,-37
100900004,0,0,0
100900005,0,0,0
100900006,0,0,0
100900007,0,0,0
100900008,0,0,0
100900009,2,0,2
100900010,0,0,0
100900011,0,0,0
100900012,0,0,0
100900013,0,0,0
100900014,0,0,0
100900015,0,0,0
100900016,0,0,0
100900017,39,7,32
100900018,0,0,0
100900019,0,0,0
100900020,0,0,0
100900021,17,0,17
100900022,0,0,0
100900023,0,0,0
100900024,0,0,0
100900025,0,0,0
100900026,0,0,0
100900027,4,223,-219
100900028,6,7,-1
100900029,0,0,0
100900030,0,0,0
100900031,149,37,112
100900032,74,0,74
100900033,0,0,0
100900034,0,0,0
100900035,0,0,0
100900036,0,0,0
100900037,0,0,0
100900038,0,0,0
100900039,28,0,28
100900040,113,1,112
100900041,156,1,155
100900042,11,111,-100
100900043,3,4,-1
100900044,32,0,32
100900045,0,0,0
100900046,134,0,134
100900047,95,10,85
100900048,0,0,0
100900049,0,0,0
100900050,0,0,0
100900051,0,0,0
100900052,0,0,0
100900053,0,0,0
100900054,0,0,0
100900055,0,0,0
100900056,0,0,0
100900057,74,9,65
100900058,0,0,0
100900059,0,0,0
100900060,0,0,0
100900061,0,0,0
100900062,0,0,0
100900063,11,159,-148
100900064,38,0,38
100900065,0,0,0
100900066,2,2,0
100900067,0,0,0
100900068,0,0,0
100900069,0,0,0
100900070,0,0,0
100900071,0,0,0
100900072,0,0,0
100900073,0,0,0
100900074,0,0,0
100900075,3,0,3
100900076,0,0,0
100900077,0,1,-1
100900078,8,0,8
100900079,0,0,0
100900080,8,3,5
100900081,0,0,0
100900082,0,0,0
100900083,0,0,0
100900085,0,0,0
100900086,0,0,0
100900088,0,0,0
100900089,0,0,0
100900090,1,15,-14
100900091,0,2,-2
100900092,27,2,25
100900093,0,0,0
100900094,0,0,0
100900095,0,0,0
100900096,0,0,0
100900097,0,0,0
100900098,0,0,0
100900099,0,0,0
100900100,0,0,0
100900101,2,0,2
100900102,0,0,0
100900103,0,0,0
100900104,0,0,0
100900105,0,0,0
100900106,0,0,0
100900107,0,0,0
100900108,0,0,0
100900109,0,0,0
100900110,18,2,16
100900111,0,0,0
100900112,0,0,0
100900113,0,0,0
100900114,0,0,0
100900115,0,0,0
100900116,30,0,30
100900117,0,0,0
100900118,0,0,0
100900119,0,0,0
100900120,0,0,0
100900121,8,0,8
100900122,0,0,0
100900123,0,0,0
100900124,0,0,0
100900125,0,0,0
100900126,0,0,0
100900127,0,0,0
100900128,0,0,0
100900129,0,0,0
100900131,1,0,1
100900133,0,0,0
100900134,0,0,0
100900135,0,0,0
100900137,0,0,0
100900138,0,0,0
100900139,0,0,0
100900140,0,0,0
100900141,0,0,0
100900142,0,0,0
100900143,0,0,0
100900144,0,0,0
100900145,0,0,0
100900146,0,0,0
100900147,0,0,0
100900148,0,0,0
100900149,0,0,0
100900150,0,0,0
100900151,0,0,0
100900152,0,0,0
100900153,0,0,0
100900154,1,0,1
100900155,0,0,0
100900156,0,0,0
100900157,0,0,0
100900159,0,0,0
100900160,0,0,0
100900161,0,0,0
100900162,0,0,0
100900163,0,0,0
100900164,0,0,0
100900165,0,0,0
100900166,0,0,0
100900167,0,0,0
100900168,0,0,0
100900169,0,0,0
100900170,0,0,0
100900171,0,0,0
100900172,0,0,0
100900173,0,0,0
100900174,0,0,0
100900176,0,0,0
100900177,0,0,0
100900178,60,3,57
100900179,0,0,0
100900180,0,0,0
100900181,0,0,0
100900182,0,0,0
100900184,23,7,16
100900186,0,0,0
100900187,0,0,0
100900188,0,0,0
100900189,0,0,0
100900191,0,0,0
100900192,0,0,0
100900195,5,0,5
100900197,118,103,15
100900198,0,0,0
100900199,2,2,0
100900200,0,0,0
100900201,0,1,-1
100900202,4,0,4
100900203,0,0,0
100900204,9,0,9
100900205,0,0,0
100900206,0,0,0
100900207,0,0,0
100900210,0,0,0
100900211,0,0,0
100900213,0,0,0
100900214,0,0,0
100900215,0,0,0
100900217,0,0,0
101000001,542,895,-353
101000002,207,706,-499
101000003,67,453,-386
101000004,3019,4930,-1911
101000005,1894,3654,-1760
101000006,3028,3949,-921
101000007,588,2586,-1998
101000008,1228,2488,-1260
101000009,1134,286,848
101000010,165,334,-169
101000011,104,256,-152
101000012,29,17,12
101000013,219,394,-175
101000014,222,460,-238
101000015,643,524,119
101000016,31,400,-369
101000017,95,241,-146
101000018,587,720,-133
101000020,846,180,666
101000021,110,309,-199
101000022,0,0,0
101000023,155,249,-94
101000025,104,155,-51
101000026,138,5,133
101000027,791,1372,-581
101000028,419,157,262
101000029,21,577,-556
101000030,69,64,5
101000031,67,756,-689
101000032,1272,2233,-961
101000033,249,1417,-1168
101000034,240,1467,-1227
101000035,29,95,-66
101000036,396,687,-291
101000037,399,1591,-1192
101000039,313,804,-491
101000040,362,1311,-949
101000041,1603,3508,-1905
101000042,17,476,-459
101000043,1316,2408,-1092
101000045,120,359,-239
101000046,752,1276,-524
101000047,719,1680,-961
101000048,134,224,-90
101000049,66,571,-505
101000050,179,1002,-823
101000051,64,1571,-1507
101000052,427,1235,-808
101000053,115,391,-276
101000054,282,158,124
101000055,507,1319,-812
101000056,13,141,-128
101000057,187,463,-276
101000058,302,1614,-1312
101000059,820,2417,-1597
101000060,85,140,-55
101000061,163,2306,-2143
101000062,81,151,-70
101000063,122,1167,-1045
101000064,159,411,-252
101000065,69,797,-728
101000066,104,697,-593
101000067,42,113,-71
101000068,174,323,-149
101000069,196,28,168
101000070,257,137,120
101000071,462,625,-163
101000072,1680,1122,558
101000073,757,723,34
101000074,2790,1849,941
101000075,4041,1064,2977
101000077,1915,557,1358
101000078,857,762,95
101000079,1276,577,699
101000080,503,70,433
101000081,814,670,144
101000082,1110,637,473
101000083,1166,771,395
101000084,267,154,113
101000085,1256,773,483
101000086,61,171,-110
101000087,144,137,7
101000088,644,693,-49
101000089,318,798,-480
101000090,318,163,155
101000091,197,223,-26
101000092,768,248,520
101000093,606,321,285
101000094,33,92,-59
101000095,54,114,-60
101000096,382,217,165
101000097,39,118,-79
101000098,80,252,-172
101000099,237,611,-374
101000100,204,569,-365
101000101,272,225,47
101000102,102,301,-199
101000103,255,232,23
101000104,70,263,-193
101000105,23,133,-110
101000106,1,100,-99
101000107,26,75,-49
101000108,163,61,102
101000109,58,22,36
101000110,12,63,-51
101000111,30,48,-18
101000113,33,273,-240
101000114,828,1332,-504
101000115,0,0,0
101000116,0,0,0
101000117,0,0,0
101000119,4,34,-30
101000120,3,14,-11
101000121,0,9,-9
101000122,3,14,-11
101000123,2,21,-19
101000124,488,183,305
101000125,74,51,23
101000128,35,131,-96
101000130,530,93,437
101000131,497,373,124
101000132,112,131,-19
101000135,0,10,-10
101000136,18,33,-15
101000137,4,286,-282
101000141,373,2973,-2600
101000147,265,42,223
101000148,88,3,85
101000149,0,0,0
101000150,87,103,-16
101000151,16,5,11
101000152,63,13,50
101000153,175,37,138
101000154,122,102,20
101000155,1,0,1
101000156,1,0,1
101000157,0,2,-2
101000160,0,0,0
101000163,78,307,-229
101000164,70,15,55
101000165,197,131,66
101000166,139,235,-96
101000168,6,0,6
101000252,1006,202,804
101000254,0,0,0
101000258,239,1,238
101000261,379,52,327
101000262,250,2139,-1889
101000263,79,844,-765
101000265,3,237,-234
101000266,44,50,-6
101000269,0,0,0
101000290,100,1422,-1322
101000293,0,0,0
101000294,207,153,54
101000295,67,93,-26
101000301,58,334,-276
101000304,649,1604,-955
101000305,1070,729,341
101000328,31,409,-378
101900001,0,0,0
101900002,0,0,0
101900003,0,0,0
101900004,0,0,0
101900005,0,0,0
101900006,0,0,0
101900007,0,0,0
101900008,0,0,0
101900009,0,0,0
101900010,0,0,0
101900011,0,0,0
101900012,0,0,0
101900013,0,0,0
101900017,0,0,0
101900018,16,0,16
101900019,0,0,0
101900020,25,0,25
101900021,0,0,0
101900022,41,7,34
101900023,0,0,0
101900026,0,0,0
101900027,0,0,0
102000001,768,2023,-1255
102000002,694,308,386
102000003,405,1859,-1454
102000004,486,1493,-1007
102000005,212,1320,-1108
102000006,172,1192,-1020
102000007,240,1856,-1616
102000008,1106,823,283
102000009,2199,3212,-1013
102000010,945,1258,-313
102000011,1921,2633,-712
102000012,1413,1684,-271
102000018,396,474,-78
102000019,82,423,-341
102000026,8,64,-56
102000029,164,10,154
102000030,25,68,-43
102000031,7,44,-37
102000032,148,100,48
102000033,165,129,36
102000034,20,123,-103
102000035,99,117,-18
102000036,3,112,-109
102000037,25,12,13
102000038,3,46,-43
102000039,14,12,2
102000040,38,59,-21
102000041,10,133,-123
102000042,27,138,-111
102000043,0,37,-37
102000044,168,244,-76
102000045,70,338,-268
102000046,234,342,-108
102000047,189,204,-15
102000048,92,138,-46
102000049,356,206,150
102000050,205,370,-165
102000051,65,170,-105
102000052,444,373,71
102000053,404,318,86
102000054,212,161,51
102000055,164,33,131
102000056,487,63,424
102000057,218,99,119
102000058,97,90,7
102000059,99,80,19
102000060,577,646,-69
102000061,158,204,-46
102000062,729,475,254
102000063,77,357,-280
102000064,469,511,-42
102000065,8,81,-73
102000066,249,214,35
102000067,447,1594,-1147
102000068,1309,805,504
102000069,22,534,-512
102000070,599,6,593
102000071,2794,3888,-1094
102000072,726,742,-16
102000073,84,75,9
102000074,195,64,131
102000075,64,59,5
102000076,103,50,53
102000077,485,158,327
102000078,465,35,430
102000079,92,17,75
102000080,101,26,75
102000081,93,251,-158
102000082,45,115,-70
102000083,124,24,100
102000084,412,78,334
102000085,448,135,313
102000086,745,252,493
102000087,63,314,-251
102000088,136,99,37
102000089,427,168,259
102000090,129,386,-257
102000091,735,254,481
102000092,150,145,5
102000093,145,209,-64
102000094,225,59,166
102000095,156,172,-16
102000096,324,131,193
102000097,145,150,-5
102000098,152,151,1
102000099,314,216,98
102000100,68,266,-198
102000101,48,179,-131
102000102,99,321,-222
102000103,61,304,-243
102000104,83,135,-52
102000105,95,95,0
102000106,311,93,218
102000107,574,44,530
102000108,208,17,191
102000109,124,85,39
102000110,581,141,440
102000111,2,37,-35
102000112,31,27,4
102000113,1,25,-24
102000114,139,93,46
102000115,17,93,-76
102000116,7,247,-240
102000117,9,74,-65
102000118,261,951,-690
102000119,150,181,-31
102000120,52,257,-205
102000121,133,202,-69
102000122,49,352,-303
102000123,84,112,-28
102000124,151,386,-235
102000125,66,65,1
102000126,109,181,-72
102000127,171,57,114
102000128,71,245,-174
102000129,178,111,67
102000130,191,405,-214
102000131,202,226,-24
102000132,61,377,-316
102000133,942,284,658
102000134,261,191,70
102000135,93,339,-246
102000136,122,138,-16
102000137,56,30,26
102000138,64,17,47
102000139,33,79,-46
102000140,2,41,-39
102000141,8,129,-121
102000142,56,59,-3
102000143,26,25,1
102000144,146,23,123
102000145,55,16,39
102000146,163,55,108
102000147,23,31,-8
102000148,14,117,-103
102000149,54,67,-13
102000150,219,9,210
102000151,29,70,-41
102000152,40,48,-8
102000153,205,140,65
102000154,64,40,24
102000155,50,51,-1
102000156,24,22,2
102000157,1,44,-43
102000158,3,119,-116
102000159,24,16,8
102000161,39,404,-365
102000162,12,14,-2
102000163,22,209,-187
102000164,173,413,-240
102000165,1,0,1
102000166,2,43,-41
102000167,0,0,0
102000168,13,14,-1
102000169,16,147,-131
102000170,0,0,0
102000171,0,0,0
102000172,0,75,-75
102000173,106,152,-46
102000174,1,6,-5
102000175,102,16,86
102000176,3,16,-13
102000178,45,63,-18
102000179,132,78,54
102000180,211,40,171
102000181,392,68,324
102000182,230,116,114
102000183,617,231,386
102000184,267,58,209
102000185,1165,160,1005
102000186,319,67,252
102000187,146,134,12
102000188,430,320,110
102000189,247,35,212
102000190,193,549,-356
102000191,246,96,150
102000192,68,300,-232
102000193,16,7,9
102000194,7,47,-40
102000195,81,25,56
102000196,61,47,14
102000197,275,17,258
102000198,41,73,-32
102000199,391,8,383
102000200,87,158,-71
102000201,215,30,185
102000202,0,16,-16
102000203,43,4,39
102000204,145,110,35
102000205,360,134,226
102000206,61,38,23
102000207,183,167,16
102000208,9,111,-102
102000209,30,5,25
102000210,73,7,66
102000211,19,1,18
102000212,321,5,316
102000213,0,0,0
102000214,150,2,148
102000215,0,0,0
102000216,4,56,-52
102000217,0,1,-1
102000218,60,83,-23
102000219,3,23,-20
102000225,260,306,-46
102000226,0,0,0
102000227,62,5,57
102000228,0,0,0
102000229,6,3,3
102000230,66,156,-90
102000231,104,195,-91
102000232,5,86,-81
102000233,85,195,-110
102000234,17,375,-358
102000236,59,3,56
102000237,68,7,61
102000238,3,10,-7
102000240,0,0,0
102000241,26,1,25
102000243,1,34,-33
102000245,0,0,0
102000246,15,43,-28
102000247,34,199,-165
102000248,185,411,-226
102000249,23,19,4
102000250,11,76,-65
102000254,67,60,7
102000266,0,17,-17
102000271,30,0,30
102000286,62,130,-68
102000297,238,211,27
102000301,0,0,0
102000303,0,0,0
102000305,0,0,0
102000307,0,0,0
102900001,136,4,132
102900002,45,1,44
102900003,0,0,0
102900005,58,6,52
102900006,67,1,66
102900007,120,0,120
102900008,22,0,22
102900009,32,0,32
102900010,65,0,65
102900011,0,0,0
102900012,0,0,0
102900013,0,0,0
102900015,0,0,0
102900016,0,0,0
102900017,0,0,0
102900018,0,0,0
102900019,0,0,0
102900020,0,0,0
102900021,0,0,0
102900022,0,0,0
102900023,0,0,0
102900024,0,0,0
102900025,0,0,0
102900026,3,152,-149
102900027,0,0,0
102900028,3,56,-53
102900029,0,0,0
102900030,2,11,-9
102900031,27,20,7
102900032,0,0,0
102900033,0,0,0
102900034,88,2,86
102900035,0,0,0
102900036,122,53,69
102900037,99,24,75
102900038,50,23,27
102900039,0,0,0
102900040,0,0,0
102900041,0,0,0
102900042,0,0,0
102900043,0,0,0
102900044,0,0,0
102900045,0,0,0
102900046,0,0,0
102900047,0,0,0
102900048,0,0,0
102900049,0,0,0
102900050,0,0,0
102900051,0,0,0
102900053,0,0,0
102900054,0,0,0
102900055,0,0,0
102900056,0,0,0
102900057,0,0,0
102900058,0,0,0
102900059,0,0,0
102900060,1,7,-6
102900061,17,11,6
102900062,10,16,-6
102900063,87,4,83
102900064,0,77,-77
102900065,74,18,56
102900066,17,0,17
102900068,0,0,0
102900070,0,0,0
102900072,0,0,0
102900073,0,0,0
102900075,0,0,0
102900076,0,0,0
102900077,0,0,0
102900078,0,0,0
102900079,52,0,52
102900080,33,0,33
102900081,0,0,0
102900082,0,0,0
102900083,0,0,0
102900084,0,0,0
102900085,0,0,0
102900086,0,0,0
102900087,0,0,0
102900088,0,0,0
102900089,0,0,0
102900090,0,0,0
102900091,0,0,0
102900092,0,0,0
102900094,0,0,0
102900095,34,0,34
102900096,0,0,0
102900097,0,0,0
103000001,2096,1456,640
103000002,1312,1292,20
103000003,1116,1137,-21
103000004,213,337,-124
103000005,1141,1134,7
103000006,547,774,-227
103000007,254,200,54
103000008,193,55,138
103000009,462,495,-33
103000010,94,44,50
103000011,397,659,-262
103000012,484,952,-468
103000013,365,431,-66
103000014,714,1747,-1033
103000015,87,24,63
103000016,293,433,-140
103000017,148,272,-124
103000018,179,192,-13
103000019,180,236,-56
103000020,393,514,-121
103000021,2033,1933,100
103000022,159,312,-153
103000023,545,1865,-1320
103000024,36,79,-43
103000025,17,359,-342
103000026,72,71,1
103000027,64,263,-199
103000028,265,285,-20
103000029,76,45,31
103000030,196,427,-231
103000031,419,955,-536
103000032,740,450,290
103000033,2589,2396,193
103000034,548,444,104
103000035,168,507,-339
103000036,90,180,-90
103000037,210,122,88
103000038,298,561,-263
103000039,150,93,57
103000040,132,288,-156
103000041,669,563,106
103000042,608,68,540
103000043,562,288,274
103000044,52,12,40
103000046,16,56,-40
103000047,124,154,-30
103000048,50,43,7
103000049,25,83,-58
103000050,107,2,105
103000051,28,69,-41
103000052,62,18,44
103000053,0,20,-20
103000054,853,111,742
103000055,1120,504,616
103000056,382,316,66
103000057,780,185,595
103000058,331,96,235
103000059,359,289,70
103000060,351,105,246
103000061,379,295,84
103000062,219,55,164
103000063,358,442,-84
103000064,5,11,-6
103000065,1,18,-17
103000066,43,4,39
103000069,114,50,64
103000070,80,52,28
103000071,254,202,52
103000072,47,88,-41
103000073,361,75,286
103000074,205,38,167
103000075,7,86,-79
103000076,65,248,-183
103000077,0,74,-74
103000078,206,299,-93
103000079,115,336,-221
103000080,392,158,234
103000081,66,479,-413
103000082,390,27,363
103000083,34,42,-8
103000084,22,0,22
103000085,0,21,-21
103000086,384,193,191
103000087,45,414,-369
103000088,290,210,80
103000089,112,301,-189
103000090,3478,2423,1055
103000091,750,701,49
103000092,413,145,268
103000093,80,108,-28
103000094,158,91,67
103000095,14,58,-44
103000096,321,10,311
103000097,1,68,-67
103000098,392,37,355
103000099,24,49,-25
103000100,62,143,-81
103000101,476,42,434
103000102,15,108,-93
103000103,375,36,339
103000104,53,30,23
103000105,140,9,131
103000106,17,55,-38
103000107,141,20,121
103000108,707,1050,-343
103000109,214,609,-395
103000110,380,564,-184
103000111,151,153,-2
103000112,86,202,-116
103000113,46,410,-364
103000114,549,278,271
103000115,526,416,110
103000116,686,160,526
103000117,515,132,383
103000118,49,108,-59
103000119,53,90,-37
103000120,0,2,-2
103000121,19,48,-29
103000122,845,1135,-290
103000125,1,64,-63
103000126,381,0,381
103000127,0,33,-33
103000128,30,0,30
103000129,0,38,-38
103000130,25,4,21
103000131,32,97,-65
103000132,6,29,-23
103000133,2,30,-28
103000134,61,161,-100
103000135,81,104,-23
103000136,128,68,60
103000137,60,290,-230
103000138,192,365,-173
103000139,0,19,-19
103000140,28,14,14
103000141,7,33,-26
103000142,56,19,37
103000143,38,15,23
103000144,95,41,54
103000145,2,14,-12
103000150,20,20,0
103000152,67,110,-43
103000153,65,262,-197
103000156,1,75,-74
103000157,90,0,90
103000159,81,8,73
103000162,11,1,10
103000163,0,6,-6
103000164,3,2,1
103000165,57,69,-12
103000166,109,259,-150
103000167,91,34,57
103000168,77,43,34
103000169,103,227,-124
103000170,874,246,628
103000171,0,18,-18
103000172,462,130,332
103000173,24,9,15
103000174,809,146,663
103000175,51,34,17
103000176,238,229,9
103000177,46,22,24
103000178,23,28,-5
103000179,42,5,37
103000183,114,0,114
103000185,61,4,57
103000186,117,44,73
103000187,6,3,3
103000188,8,60,-52
103000189,189,352,-163
103000191,195,170,25
103000292,21,270,-249
103000293,41,746,-705
103000295,99,32,67
103000296,18,0,18
103000297,0,0,0
103000504,4,0,4
103000505,1,1,0
103000506,0,32,-32
103000507,82,0,82
103000508,9,57,-48
103000509,95,145,-50
103900001,0,0,0
103900002,0,0,0
103900003,83,13,70
103900004,1,1,0
103900005,0,0,0
103900006,0,0,0
103900007,0,0,0
103900008,1,0,1
103900009,42,4,38
103900010,50,1,49
103900011,0,0,0
103900012,0,2,-2
103900013,0,0,0
103900014,1,0,1
103900015,43,1,42
103900016,0,0,0
103900017,0,0,0
103900018,0,0,0
103900019,0,42,-42
103900020,0,0,0
103900021,54,0,54
103900022,81,2,79
103900023,24,0,24
103900024,0,12,-12
103900025,1,0,1
103900026,0,0,0
103900027,29,3,26
103900028,3,21,-18
103900029,177,13,164
103900030,25,5,20
103900031,1,0,1
103900032,2,5,-3
103900033,5,0,5
103900034,2,0,2
103900035,1,0,1
103900036,6,1,5
103900037,1,4,-3
103900038,9,23,-14
103900039,0,1,-1
103900040,0,0,0
103900041,4,0,4
103900042,1,0,1
103900043,0,0,0
103900044,0,55,-55
103900045,19,3,16
103900047,0,0,0
103900048,0,1,-1
103900049,0,0,0
103900050,1,0,1
103900051,0,0,0
103900052,0,0,0
103900053,2,0,2
103900054,0,0,0
103900055,0,0,0
103900056,0,0,0
103900057,24,5,19
103900058,0,0,0
103900059,0,0,0
103900060,48,1,47
103900061,9,0,9
103900062,0,0,0
103900063,0,0,0
103900064,10,0,10
103900065,11,26,-15
103900066,47,2,45
103900067,38,0,38
103900068,0,0,0
103900069,3,0,3
103900070,2,6,-4
103900071,8,0,8
103900072,0,0,0
103900073,0,10,-10
103900074,5,0,5
103900075,12,0,12
103900076,0,0,0
103900077,0,29,-29
103900078,24,1,23
103900079,0,0,0
103900080,0,0,0
103900081,0,0,0
103900082,0,0,0
103900083,21,196,-175
103900084,0,0,0
103900085,0,1,-1
103900086,37,15,22
103900088,3,13,-10
103900089,0,12,-12
103900090,0,0,0
103900091,0,0,0
103900092,0,0,0
103900093,31,1,30
103900094,0,0,0
103900095,0,0,0
103900096,21,2,19
103900097,0,0,0
103900098,0,0,0
103900099,14,1,13
103900100,0,0,0
103900101,0,0,0
103900102,0,0,0
103900104,0,0,0
103900105,0,0,0
103900106,0,0,0
103900107,60,0,60
103900108,6,9,-3
103900109,16,0,16
103900110,0,0,0
103900111,0,0,0
103900112,0,1,-1
103900113,0,0,0
103900114,0,0,0
103900115,0,0,0
103900116,1,38,-37
103900117,14,2,12
103900119,0,60,-60
103900120,7,0,7
103900122,0,0,0
103900123,0,0,0
103900124,0,0,0
103900125,0,0,0
103900126,49,1,48
103900127,0,3,-3
103900128,0,0,0
103900131,0,0,0
103900133,47,0,47
103900134,0,0,0
103900135,0,0,0
103900137,0,0,0
103900138,0,0,0
103900139,24,66,-42
103900140,0,0,0
103900141,26,4,22
103900142,57,0,57
103900143,0,0,0
103900144,0,0,0
103900145,0,10,-10
103900146,67,2,65
103900147,0,0,0
103900148,0,0,0
103900149,41,0,41
103900150,114,61,53
103900151,2,0,2
103900152,246,15,231
103900153,0,0,0
103900154,0,4,-4
103900155,4,0,4
103900156,0,0,0
103900157,0,0,0
103900158,16,1,15
103900159,0,0,0
103900160,0,0,0
103900161,4,14,-10
103900162,0,0,0
103900163,0,0,0
103900167,0,23,-23
103900168,1,1,0
103900169,0,26,-26
103900170,0,0,0
103900171,0,0,0
103900172,0,0,0
103900173,0,1,-1
103900174,35,0,35
103900175,0,7,-7
103900176,0,0,0
103900177,0,0,0
103900178,0,0,0
103900179,0,0,0
103900180,0,0,0
103900181,0,0,0
103900182,0,0,0
103900184,0,0,0
103900185,0,0,0
103900187,0,5,-5
103900188,2,0,2
103900189,11,0,11
103900190,11,0,11
103900191,0,0,0
103900192,0,0,0
103900193,0,0,0
103900194,0,0,0
103900195,0,0,0
103900196,0,0,0
103900197,0,0,0
103900198,0,0,0
103900199,0,0,0
103900200,0,0,0
103900201,0,0,0
103900202,0,0,0
103900203,22,0,22
103900204,0,0,0
103900207,0,0,0
103900208,11,1,10
103900209,0,0,0
103900210,0,0,0
103900211,81,0,81
103900212,0,0,0
103900213,0,0,0
103900214,126,239,-113
103900215,0,0,0
103900216,0,0,0
103900217,32,0,32
103900218,0,0,0
103900219,0,0,0
103900233,0,0,0
103900235,0,0,0
103900236,0,0,0
103900242,0,0,0
103900243,0,0,0
103900244,2,3,-1
103900245,0,0,0
103900246,0,0,0
103900247,0,0,0
103900248,0,0,0
103900249,0,0,0
103900250,0,0,0
103900251,0,0,0
103900253,0,0,0
103900254,0,0,0
103900255,0,0,0
103900256,0,0,0
103900257,0,0,0
103900258,0,0,0
103900259,0,0,0
103900261,0,0,0
103900262,0,0,0
103900263,0,0,0
103900264,0,0,0
103900265,0,0,0
103900266,0,2,-2
103900267,0,0,0
103900268,1,1,0
103900269,1,0,1
103900270,0,0,0
103900271,0,0,0
103900272,2,0,2
103900273,0,0,0
103900274,0,0,0
103900275,0,0,0
103900276,0,0,0
103900277,0,0,0
103900278,0,0,0
103900279,0,0,0
103900280,0,0,0
104000001,1029,725,304
104000002,1163,1455,-292
104000003,1251,1228,23
104000004,1320,1434,-114
104000005,906,1426,-520
104000006,1588,1035,553
104000007,2853,1432,1421
104000008,45,32,13
104000009,535,275,260
104000010,65,231,-166
104000011,41,14,27
104000012,14,48,-34
104000013,173,182,-9
104000014,64,23,41
104000015,275,50,225
104000016,10,34,-24
104000018,529,58,471
104000019,737,163,574
104000020,37,129,-92
104000021,117,199,-82
104000022,80,178,-98
104000023,677,95,582
104000024,12,14,-2
104000026,27,6,21
104000027,4,17,-13
104000028,507,175,332
104000029,45,14,31
104000030,571,447,124
104000031,566,42,524
104000032,29,32,-3
104000033,488,72,416
104000034,82,30,52
104000035,813,61,752
104000036,569,198,371
104000037,23,25,-2
104000038,413,237,176
104000039,286,203,83
104000040,76,243,-167
104000041,270,120,150
104000042,229,101,128
104000043,22,94,-72
104000044,80,105,-25
104000045,377,105,272
104000046,277,147,130
104000047,135,408,-273
104000048,539,790,-251
104000049,310,130,180
104000050,114,235,-121
104000051,1,3,-2
104000052,607,660,-53
104000053,573,99,474
104000054,126,16,110
104000055,1088,219,869
104000056,230,5,225
104000057,0,0,0
104000058,653,374,279
104000059,282,434,-152
104000060,328,374,-46
104000061,355,112,243
104000062,189,25,164
104000064,160,35,125
104000065,9,71,-62
104000069,359,672,-313
104000070,26,157,-131
104000071,1,3,-2
104000072,117,36,81
104000075,0,0,0
104000076,0,0,0
104000082,431,879,-448
104000083,303,36,267
104000084,16,155,-139
104000085,290,43,247
104000086,159,101,58
104000087,105,191,-86
104000090,69,82,-13
104000092,147,164,-17
104000094,142,131,11
104000095,325,603,-278
104000096,857,3,854
104000097,994,92,902
104000098,1276,112,1164
104000100,1240,98,1142
104000101,575,538,37
104000106,82,168,-86
104000107,556,116,440
104000108,92,16,76
104000109,68,26,42
104000110,115,227,-112
104000111,316,437,-121
104000112,54,42,12
104000116,1,60,-59
104000117,147,55,92
104000118,305,47,258
104000119,91,113,-22
104000120,107,64,43
104000121,67,157,-90
104000122,465,297,168
104000123,283,398,-115
104000124,247,729,-482
104000125,248,611,-363
104000126,283,380,-97
104000127,452,679,-227
104000128,479,115,364
104000129,73,3,70
104000130,4,85,-81
104000131,6,9,-3
104000132,2,2,0
104000133,283,198,85
104000134,348,786,-438
104000135,82,1133,-1051
104000136,432,1770,-1338
104000137,729,296,433
104000138,39,19,20
104000139,1166,1736,-570
104000141,390,397,-7
104000142,223,66,157
104000143,154,36,118
104000144,59,127,-68
104000145,197,104,93
104000146,37,73,-36
104000147,19,40,-21
104000148,158,103,55
104000149,35,21,14
104000150,493,135,358
104000151,64,65,-1
104000152,145,166,-21
104000153,363,306,57
104000154,162,269,-107
104000155,316,440,-124
104000157,515,433,82
104000158,34,171,-137
104000159,278,124,154
104000160,918,1261,-343
104000161,89,42,47
104000162,39,67,-28
104000165,382,203,179
104000167,222,659,-437
104000168,311,4,307
104000169,101,10,91
104000170,2,8,-6
104000248,0,60,-60
104000251,0,0,0
104000272,0,0,0
104000273,0,0,0
104000274,0,0,0
104000275,0,0,0
104000279,187,533,-346
104000290,2,25,-23
104000291,461,366,95
104000293,567,374,193
104000294,0,0,0
104000295,321,967,-646
104000296,187,213,-26
104000297,187,1327,-1140
104000298,520,348,172
104000299,596,570,26
104000302,11,24,-13
104000303,1,1,0
104900001,0,0,0
104900002,0,0,0
104900003,0,0,0
104900004,0,0,0
104900005,0,0,0
104900006,0,0,0
104900007,0,0,0
104900009,0,0,0
104900010,0,0,0
104900011,0,0,0
104900012,0,0,0
104900013,0,0,0
104900014,0,0,0
104900015,0,0,0
104900016,0,0,0
104900017,6,0,6
104900018,0,0,0
104900019,0,0,0
104900020,0,0,0
104900021,0,0,0
104900022,4,0,4
104900023,0,0,0
104900024,1,0,1
104900025,0,0,0
104900026,0,0,0
104900027,0,0,0
104900028,0,0,0
104900029,0,0,0
104900030,0,0,0
104900031,0,0,0
104900032,0,0,0
104900033,0,0,0
104900034,0,0,0
104900035,0,0,0
104900036,0,0,0
104900037,0,0,0
104900038,0,0,0
104900039,0,0,0
104900040,2,0,2
104900041,0,0,0
104900042,0,0,0
104900043,0,0,0
104900044,40,2,38
104900045,0,0,0
104900046,0,0,0
104900047,60,3,57
104900048,78,1,77
104900049,0,0,0
104900050,0,0,0
104900051,10,3,7
104900052,0,0,0
104900053,70,0,70
104900054,13,0,13
104900055,0,0,0
104900056,13,0,13
104900057,0,0,0
104900058,42,0,42
104900059,59,2,57
104900060,0,0,0
104900061,0,0,0
104900063,0,0,0
104900064,0,0,0
104900065,3,0,3
104900066,0,0,0
104900067,0,0,0
104900068,0,0,0
104900070,0,0,0
104900071,0,0,0
104900072,0,0,0
104900073,0,0,0
104900074,0,0,0
104900075,0,0,0
104900076,0,0,0
104900077,0,0,0
104900078,0,0,0
104900079,0,0,0
104900080,0,0,0
104900082,0,0,0
104900085,0,0,0
104900087,56,1,55
104900089,0,0,0
104900090,0,0,0
104900091,0,0,0
104900093,0,0,0
104900097,0,0,0
104900098,0,0,0
104900099,0,0,0
104900100,0,0,0
104900102,0,0,0
104900103,0,0,0
104900104,0,0,0
104900106,0,0,0
104900107,0,0,0
104900108,0,0,0
104900109,0,0,0
104900110,0,0,0
104900111,0,0,0
104900112,0,0,0
104900113,0,0,0
104900114,0,0,0
104900115,0,0,0
104900116,0,0,0
104900118,0,0,0
104900119,0,0,0
104900120,0,0,0
104900121,0,0,0
104900122,0,0,0
104900123,0,0,0
104900124,0,0,0
104900125,38,1,37
104900126,0,0,0
104900127,0,0,0
104900128,45,0,45
104900129,0,0,0
105000001,812,556,256
105000002,733,743,-10
105000003,911,1237,-326
105000004,424,703,-279
105000005,328,623,-295
105000006,534,1347,-813
105000007,355,882,-527
105000008,451,1691,-1240
105000009,1899,1511,388
105000010,805,559,246
105000011,1313,1870,-557
105000012,575,690,-115
105000013,491,583,-92
105000014,1983,1337,646
105000015,3593,5917,-2324
105000016,1079,964,115
105000017,1035,608,427
105000018,1054,558,496
105000019,910,998,-88
105000020,23,200,-177
105000021,110,16,94
105000022,33,30,3
105000023,234,193,41
105000028,25,153,-128
105000029,84,303,-219
105000030,1570,1240,330
105000031,0,1,-1
105000033,451,512,-61
105000034,46,380,-334
105000037,186,35,151
105000038,418,703,-285
105000039,293,299,-6
105000040,275,596,-321
105000041,77,176,-99
105000042,909,646,263
105000043,187,145,42
105000044,190,204,-14
105000045,99,86,13
105000046,342,65,277
105000047,163,211,-48
105000048,665,242,423
105000049,146,77,69
105000050,465,197,268
105000051,99,95,4
105000052,197,214,-17
105000053,167,26,141
105000054,204,212,-8
105000055,282,39,243
105000056,639,388,251
105000057,1103,78,1025
105000058,470,300,170
105000059,651,182,469
105000060,250,92,158
105000061,493,143,350
105000062,240,78,162
105000063,38,72,-34
105000064,843,159,684
105000065,19,56,-37
105000066,244,132,112
105000067,761,371,390
105000068,46,155,-109
105000069,529,477,52
105000070,378,556,-178
105000071,245,934,-689
105000072,838,1489,-651
105000073,476,400,76
105000074,40,136,-96
105000075,145,176,-31
105000076,466,260,206
105000077,892,284,608
105000078,473,539,-66
105000079,60,293,-233
105000080,1207,1001,206
105000081,183,167,16
105000082,378,701,-323
105000083,1494,1236,258
105000084,150,121,29
105000085,1882,1124,758
105000086,208,151,57
105000087,216,216,0
105000088,1120,1226,-106
105000089,505,461,44
105000090,196,143,53
105000091,176,132,44
105000092,173,86,87
105000093,118,135,-17
105000094,260,69,191
105000095,22,148,-126
105000096,481,562,-81
105000097,178,70,108
105000098,565,416,149
105000099,105,43,62
105000100,364,346,18
105000101,1013,424,589
105000102,642,288,354
105000103,499,387,112
105000104,601,203,398
105000105,523,317,206
105000106,593,232,361
105000107,618,220,398
105000108,550,200,350
105000109,732,280,452
105000110,426,108,318
105000111,395,173,222
105000112,561,181,380
105000113,157,375,-218
105000114,835,955,-120
105000115,143,886,-743
105000116,486,234,252
105000117,247,141,106
105000118,196,150,46
105000119,105,107,-2
105000120,746,245,501
105000121,184,130,54
105000122,221,165,56
105000123,204,136,68
105000124,955,143,812
105000125,596,295,301
105000126,669,280,389
105000127,996,327,669
105000128,105,241,-136
105000129,348,87,261
105000130,79,2049,-1970
105000131,54,39,15
105000132,494,608,-114
105000133,78,89,-11
105000134,437,200,237
105000135,58,19,39
105000136,0,0,0
105000137,298,30,268
105000138,0,0,0
105000139,153,73,80
105000140,495,69,426
105000141,99,92,7
105000142,342,92,250
105000143,90,162,-72
105000144,42,178,-136
105000145,339,202,137
105000146,0,0,0
105000147,417,85,332
105000148,437,141,296
105000149,1031,665,366
105000150,58,26,32
105000151,269,50,219
105000152,123,74,49
105000153,357,37,320
105000154,130,45,85
105000155,152,97,55
105000156,53,88,-35
105000157,254,113,141
105000158,702,185,517
105000159,108,120,-12
105000160,1028,190,838
105000161,212,150,62
105000162,235,803,-568
105000163,265,159,106
105000164,16,58,-42
105000165,73,2268,-2195
105000166,131,298,-167
105000167,314,931,-617
105000168,68,149,-81
105000169,207,25,182
105000170,70,449,-379
105000171,395,41,354
105000172,57,0,57
105000173,162,11,151
105000174,10,10,0
105000175,0,0,0
105000176,136,16,120
105000177,184,25,159
105000178,119,44,75
105000179,180,3,177
105000180,0,0,0
105000181,48,22,26
105000182,0,0,0
105000183,583,1270,-687
105000184,7,12,-5
105000185,228,375,-147
105000186,22,43,-21
105000187,209,179,30
105000188,24,97,-73
105000189,2,90,-88
105000190,100,82,18
105000191,73,53,20
105000192,196,27,169
105000193,34,6,28
105000194,231,7,224
105000195,10,102,-92
105000196,43,105,-62
105000197,9,129,-120
105000198,23,23,0
105000199,35,253,-218
105000200,79,178,-99
105000201,13,3,10
105000203,56,202,-146
105000204,41,72,-31
105000205,35,199,-164
105000207,0,0,0
105000208,135,120,15
105000209,0,0,0
105000211,77,0,77
105000212,345,100,245
105000213,30,22,8
105000214,59,17,42
105000215,128,58,70
105000216,22,3,19
105000217,0,0,0
105000218,907,193,714
105000221,84,35,49
105000222,107,33,74
105000223,53,28,25
105000226,37,44,-7
105000227,6,38,-32
105000228,31,545,-514
105000229,132,321,-189
105000231,190,47,143
105000233,315,292,23
105000234,197,321,-124
105000235,231,224,7
105000237,273,22,251
105000243,40,9,31
105000248,2,15,-13
105000262,177,19,158
105000269,30,19,11
105000270,268,5,263
105000271,0,26,-26
105000282,3,10,-7
105000287,45,28,17
105000288,183,151,32
105000289,714,1034,-320
105000290,2,70,-68
105000402,281,1073,-792
105000426,46,236,-190
105000438,646,533,113
105000440,3,1,2
105000446,1675,3034,-1359
105000447,1600,345,1255
105000454,0,0,0
105000455,107,77,30
105000474,56,0,56
105000477,163,159,4
105000478,814,2561,-1747
105000479,54,31,23
105000480,2195,3225,-1030
105000481,1469,944,525
105000482,719,1681,-962
105000483,325,885,-560
105000484,537,1247,-710
105000485,1030,1508,-478
105000486,870,1450,-580
105000488,707,1563,-856
105000489,576,241,335
105000549,17,32,-15
105000550,0,0,0
105000551,12,8,4
105000552,489,288,201
105000555,830,794,36
105000556,14,16,-2
105000557,15,43,-28
105900001,1,91,-90
105900002,105,28,77
105900003,0,0,0
105900004,0,0,0
105900005,0,0,0
105900006,2,2,0
105900007,0,2,-2
105900008,0,0,0
105900009,1,1,0
105900011,0,3,-3
105900012,17,5,12
105900013,0,1,-1
105900014,0,1,-1
105900015,0,0,0
105900016,13,9,4
105900017,0,0,0
105900018,0,0,0
105900019,0,9,-9
105900020,0,0,0
105900021,0,36,-36
105900022,0,0,0
105900023,0,5,-5
105900024,0,4,-4
105900025,21,0,21
105900026,0,0,0
105900027,542,89,453
105900028,7,0,7
105900029,319,70,249
105900030,42,32,10
105900031,0,0,0
105900032,0,0,0
105900033,0,0,0
105900034,0,0,0
105900035,0,0,0
105900036,0,0,0
105900037,0,0,0
105900038,0,0,0
105900039,0,0,0
105900040,0,0,0
105900041,0,0,0
105900042,0,0,0
105900043,31,1,30
105900044,0,0,0
105900045,0,0,0
105900046,0,0,0
105900047,0,0,0
105900048,66,12,54
105900050,18,71,-53
105900051,0,21,-21
105900052,3,0,3
105900053,0,0,0
105900054,0,0,0
105900056,31,11,20
105900057,2,0,2
105900058,0,0,0
105900059,0,0,0
106000001,969,767,202
106000002,85,706,-621
106000003,1205,1879,-674
106000004,430,1811,-1381
106000005,2164,2517,-353
106000006,1231,1022,209
106000007,436,122,314
106000008,21,85,-64
106000009,397,182,215
106000010,43,125,-82
106000011,893,394,499
106000012,118,184,-66
106000013,1281,817,464
106000014,253,267,-14
106000015,1557,703,854
106000016,253,238,15
106000017,808,206,602
106000018,58,142,-84
106000019,301,171,130
106000020,49,41,8
106000021,414,200,214
106000022,114,14,100
106000023,891,118,773
106000024,65,53,12
106000025,277,286,-9
106000026,23,38,-15
106000027,1620,632,988
106000028,4,27,-23
106000029,31,18,13
106000030,0,0,0
106000034,0,0,0
106000035,475,626,-151
106000036,0,1,-1
106000037,202,63,139
106000038,21,12,9
106000039,1,16,-15
106000040,9,62,-53
106000041,473,115,358
106000043,124,30,94
106000046,102,2,100
106000047,0,0,0
106000049,532,11,521
106000050,63,52,11
106000051,484,241,243
106000052,0,0,0
106000053,361,48,313
106000054,0,0,0
106000055,408,13,395
106000056,0,0,0
106000057,214,28,186
106000058,0,0,0
106000059,292,109,183
106000060,0,0,0
106000061,125,401,-276
106000062,0,0,0
106000063,537,469,68
106000064,0,0,0
106000065,449,95,354
106000066,48,26,22
106000067,281,49,232
106000068,29,21,8
106000069,172,16,156
106000070,81,21,60
106000071,456,101,355
106000072,495,777,-282
106000073,591,1372,-781
106000074,356,500,-144
106000075,107,329,-222
106000076,462,291,171
106000077,831,279,552
106000078,593,95,498
106000079,720,89,631
106000080,791,126,665
106000081,461,149,312
106000082,748,99,649
106000083,200,263,-63
106000084,503,117,386
106000085,434,283,151
106000086,324,119,205
106000087,340,143,197
106000088,188,178,10
106000089,591,41,550
106000090,376,298,78
106000091,88,89,-1
106000092,271,121,150
106000093,360,42,318
106000094,0,0,0
106000095,511,111,400
106000096,810,95,715
106000097,552,69,483
106000098,606,91,515
106000099,42,92,-50
106000100,1004,68,936
106000101,426,39,387
106000102,35,60,-25
106000103,40,135,-95
106000104,500,92,408
106000105,79,218,-139
106000106,463,87,376
106000107,35,119,-84
106000108,352,65,287
106000109,19,44,-25
106000110,220,53,167
106000111,57,67,-10
106000112,141,157,-16
106000113,44,232,-188
106000114,292,161,131
106000115,116,223,-107
106000116,214,159,55
106000117,26,63,-37
106000118,717,401,316
106000119,35,127,-92
106000120,360,528,-168
106000121,148,42,106
106000122,186,68,118
106000123,229,34,195
106000124,145,31,114
106000125,73,91,-18
106000126,293,24,269
106000127,206,139,67
106000128,310,39,271
106000129,246,142,104
106000130,736,104,632
106000131,51,306,-255
106000132,331,36,295
106000133,208,547,-339
106000134,170,1268,-1098
106000135,0,149,-149
106000136,444,539,-95
106000137,0,176,-176
106000138,946,41,905
106000139,55,42,13
106000140,0,0,0
106000141,0,0,0
106000142,73,13,60
106000143,0,0,0
106000144,104,33,71
106000145,0,0,0
106000146,315,90,225
106000147,215,164,51
106000148,139,259,-120
106000149,673,100,573
106000150,309,731,-422
106000151,728,175,553
106000152,383,780,-397
106000153,43,415,-372
106000154,290,57,233
106000155,55,87,-32
106000156,502,70,432
106000157,85,449,-364
106000158,481,469,12
106000159,269,619,-350
106000160,243,1098,-855
106000161,156,41,115
106000162,152,525,-373
106000163,64,80,-16
106000164,300,52,248
106000165,68,119,-51
106000166,488,36,452
106000167,202,235,-33
106000168,333,62,271
106000169,108,137,-29
106000170,290,23,267
106000171,114,371,-257
106000172,900,88,812
106000173,492,571,-79
106000174,804,16,788
106000175,70,10,60
106000176,814,164,650
106000177,117,112,5
106000178,1034,172,862
106000179,67,55,12
106000180,267,225,42
106000181,293,352,-59
106000182,1103,73,1030
106000183,981,61,920
106000184,590,84,506
106000185,336,235,101
106000186,111,4,107
106000187,4,206,-202
106000188,0,0,0
106000189,2,28,-26
106000190,2,8,-6
106000191,182,6,176
106000192,0,0,0
106000193,31,41,-10
106000194,4,39,-35
106000195,9,21,-12
106000196,29,73,-44
106000197,151,5,146
106000198,52,8,44
106000199,146,126,20
106000200,44,106,-62
106000201,69,1128,-1059
106000202,135,134,1
106000203,0,0,0
106000204,5,4,1
106000205,0,0,0
106000206,12,0,12
106000207,0,11,-11
106000208,737,25,712
106000209,1189,120,1069
106000210,17,23,-6
106000211,8,37,-29
106000212,737,104,633
106000213,6,91,-85
106000214,603,76,527
106000215,67,215,-148
106000216,485,42,443
106000217,39,171,-132
106000218,280,27,253
106000219,55,157,-102
106000220,308,41,267
106000221,34,76,-42
106000222,34,19,15
106000223,182,46,136
106000224,45,50,-5
106000225,39,69,-30
106000226,25,114,-89
106000228,0,0,0
106000229,0,0,0
106000231,314,2,312
106000232,0,0,0
106000233,158,7,151
106000234,0,0,0
106000235,47,28,19
106000236,0,0,0
106000237,0,0,0
106000238,0,14,-14
106000239,0,0,0
106000240,1,0,1
106000241,0,91,-91
106000242,62,17,45
106000249,92,12,80
106000250,12,118,-106
106000251,18,0,18
106000252,0,0,0
106000253,31,0,31
106000254,0,0,0
106000255,29,5,24
106000256,0,0,0
106000257,8,44,-36
106000258,5,3,2
106000259,0,0,0
106000260,12,0,12
106000261,0,0,0
106000262,23,0,23
106000263,0,0,0
106000264,49,0,49
106000265,0,0,0
106000266,49,2,47
106000267,0,0,0
106000268,137,1,136
106000269,0,0,0
106000270,19,15,4
106000271,0,19,-19
106000272,0,0,0
106000273,0,22,-22
106000274,0,0,0
106000275,7,8,-1
106000276,0,0,0
106000277,1,10,-9
106000278,0,0,0
106000279,0,0,0
106000280,0,0,0
106000281,0,0,0
106000282,0,0,0
106000283,0,0,0
106000284,0,0,0
106000285,0,0,0
106000286,0,0,0
106000287,0,0,0
106000288,0,0,0
106000289,0,0,0
106000290,0,0,0
106000291,0,0,0
106000292,0,0,0
106000293,0,0,0
106000294,0,0,0
106000295,0,0,0
106000296,0,0,0
106000297,0,0,0
106000298,0,0,0
106000299,0,0,0
106000300,0,0,0
106000301,0,0,0
106000303,6,1,5
106000304,0,0,0
106000305,6,1,5
106000306,0,0,0
106000307,37,0,37
106000308,0,0,0
106000309,0,0,0
106000310,90,54,36
106000311,103,18,85
106000312,42,51,-9
106000313,40,5,35
106000318,0,0,0
106000319,437,101,336
106000320,2,34,-32
106000321,2,186,-184
106000322,138,50,88
106000324,29,14,15
106000325,1451,457,994
106000326,115,395,-280
106000327,109,8,101
106000328,3,2,1
106000329,2,14,-12
106000330,12,24,-12
106000428,42,161,-119
106000429,26,213,-187
106000430,25,272,-247
106000431,976,152,824
106000432,44,452,-408
106000433,1153,661,492
106000434,1787,798,989
106000435,108,404,-296
106000436,0,25,-25
106000437,174,35,139
106000438,46,179,-133
106000439,0,62,-62
106000440,67,123,-56
106000441,0,0,0
106000442,22,2,20
106000443,304,298,6
106000450,0,0,0
106000451,30,17,13
106000454,0,0,0
106000455,0,1,-1
106000456,20,0,20
106000457,0,0,0
106000458,606,178,428
106000459,0,0,0
106000460,524,6,518
106000461,0,0,0
106000462,0,0,0
106000463,1,25,-24
106000464,0,0,0
106000465,354,1,353
106000466,0,0,0
106000467,0,82,-82
106000468,56,40,16
106000469,254,0,254
106000470,5,42,-37
106000471,0,0,0
106000472,52,2,50
106000473,0,0,0
106000474,44,77,-33
106000475,232,73,159
106000476,135,273,-138
106000477,0,0,0
106000480,0,0,0
106900001,0,0,0
106900002,0,0,0
106900003,0,0,0
106900004,0,0,0
106900006,0,0,0
106900007,0,0,0
106900008,0,0,0
106900009,0,0,0
106900010,0,0,0
106900012,0,0,0
106900013,0,0,0
106900014,0,0,0
106900015,0,0,0
106900016,0,0,0
106900017,0,0,0
106900018,0,0,0
106900019,25,0,25
106900020,0,0,0
106900021,13,2,11
106900022,2,0,2
106900023,0,0,0
106900024,0,0,0
106900025,0,0,0
106900026,0,0,0
106900027,249,1,248
107000001,1619,2772,-1153
107000002,583,745,-162
107000003,4150,4214,-64
107000004,1144,736,408
107000005,3889,2941,948
107000006,1370,611,759
107000007,2624,3066,-442
107000008,1197,925,272
107000009,6621,6260,361
107000010,1827,966,861
107000011,73,107,-34
107000012,607,148,459
107000013,0,0,0
107000014,0,0,0
107000015,0,0,0
107000016,0,0,0
107000017,232,181,51
107000018,2,80,-78
107000020,153,368,-215
107000021,155,73,82
107000022,358,400,-42
107000023,556,95,461
107000024,196,523,-327
107000025,130,49,81
107000026,107,122,-15
107000027,583,165,418
107000028,485,277,208
107000029,1745,964,781
107000030,745,613,132
107000031,1769,814,955
107000032,87,397,-310
107000033,893,988,-95
107000034,324,142,182
107000035,129,102,27
107000036,102,479,-377
107000037,70,458,-388
107000038,88,46,42
107000039,351,553,-202
107000040,74,30,44
107000041,428,273,155
107000042,146,752,-606
107000043,445,213,232
107000044,73,172,-99
107000045,46,116,-70
107000046,369,139,230
107000047,170,241,-71
107000048,215,180,35
107000049,180,322,-142
107000050,300,243,57
107000051,244,311,-67
107000052,246,410,-164
107000053,299,235,64
107000054,33,230,-197
107000055,133,80,53
107000056,416,631,-215
107000057,632,185,447
107000058,1624,1619,5
107000059,89,301,-212
107000060,3516,3207,309
107000061,846,758,88
107000062,3328,1526,1802
107000063,595,642,-47
107000064,2405,1869,536
107000065,528,772,-244
107000066,1481,1722,-241
107000067,431,416,15
107000068,253,506,-253
107000069,508,576,-68
107000070,329,2,327
107000071,1387,24,1363
107000072,0,117,-117
107000073,298,118,180
107000074,70,53,17
107000075,1527,62,1465
107000076,14,136,-122
107000077,1463,117,1346
107000078,41,178,-137
107000079,1387,286,1101
107000080,88,148,-60
107000081,1521,310,1211
107000082,303,272,31
107000083,822,328,494
107000084,119,279,-160
107000085,1244,1089,155
107000086,717,795,-78
107000087,961,969,-8
107000088,472,665,-193
107000089,693,674,19
107000090,123,188,-65
107000091,754,254,500
107000092,125,235,-110
107000093,382,574,-192
107000094,211,185,26
107000095,725,395,330
107000096,66,123,-57
107000097,534,158,376
107000098,132,116,16
107000099,303,260,43
107000100,28,120,-92
107000101,64,196,-132
107000102,200,183,17
107000103,319,84,235
107000104,72,127,-55
107000105,475,117,358
107000106,10,80,-70
107000107,407,145,262
107000108,116,74,42
107000109,374,54,320
107000110,0,0,0
107000111,251,21,230
107000112,0,0,0
107000113,560,36,524
107000114,0,0,0
107000115,542,68,474
107000116,0,0,0
107000117,83,396,-313
107000118,0,0,0
107000119,321,842,-521
107000120,0,0,0
107000121,594,194,400
107000122,223,158,65
107000123,359,212,147
107000124,171,98,73
107000125,620,134,486
107000126,205,129,76
107000129,28,60,-32
107000130,413,110,303
107000131,93,75,18
107000132,165,80,85
107000133,145,7,138
107000134,108,0,108
107000135,0,90,-90
107000136,271,1,270
107000137,0,93,-93
107000138,8,1,7
107000139,4,154,-150
107000140,449,0,449
107000141,8,119,-111
107000142,90,4,86
107000143,2,135,-133
107000144,151,169,-18
107000145,13,86,-73
107000146,7,49,-42
107000147,375,209,166
107000150,294,1034,-740
107000151,5,2,3
107000152,113,797,-684
107000153,4,39,-35
107000154,1,48,-47
107000155,398,12,386
107000156,465,3,462
107000157,0,189,-189
107000158,269,2,267
107000159,8,111,-103
107000160,822,28,794
107000161,17,150,-133
107000162,156,189,-33
107000163,53,0,53
107000164,389,1,388
107000165,602,26,576
107000166,2,58,-56
107000167,266,45,221
107000168,498,76,422
107000169,51,128,-77
107000170,1279,247,1032
107000171,49,192,-143
107000172,493,525,-32
107000173,162,78,84
107000174,436,1450,-1014
107000175,576,206,370
107000176,0,0,0
107000177,2,0,2
107000178,4,2,2
107000179,81,238,-157
107000180,1186,116,1070
107000181,120,74,46
107000182,1081,51,1030
107000183,94,32,62
107000184,760,79,681
107000185,115,122,-7
107000186,442,131,311
107000187,389,338,51
107000188,72,89,-17
107000189,284,150,134
107000190,165,104,61
107000191,452,345,107
107000192,344,49,295
107000193,154,175,-21
107000194,122,100,22
107000197,519,35,484
107000198,129,79,50
107000199,146,112,34
107000200,146,231,-85
107000201,79,128,-49
107000202,60,237,-177
107000203,96,349,-253
107000204,147,1463,-1316
107000205,175,81,94
107000206,76,791,-715
107000207,132,171,-39
107000208,94,149,-55
107000209,126,289,-163
107000210,42,137,-95
107000211,1,17,-16
107000212,0,40,-40
107000213,0,3,-3
107000214,1,21,-20
107000215,164,50,114
107000216,68,120,-52
107000217,15,24,-9
107000219,5,71,-66
107000220,27,23,4
107000222,5,41,-36
107000224,143,16,127
107000225,23,103,-80
107000226,171,11,160
107000227,17,60,-43
107000228,3,58,-55
107000229,69,33,36
107000230,99,107,-8
107000231,217,444,-227
107000232,32,22,10
107000233,36,253,-217
107000234,0,79,-79
107000235,109,4,105
107000236,0,0,0
107000237,33,0,33
107000238,46,0,46
107000239,456,161,295
107000240,17,69,-52
107000243,1,94,-93
107000244,19,0,19
107000246,0,57,-57
107000249,0,65,-65
107000251,0,6,-6
107000252,0,74,-74
107000255,34,0,34
107000257,0,138,-138
107000258,0,35,-35
107000259,0,23,-23
107000260,933,6,927
107000262,0,30,-30
107000263,272,0,272
107000266,5,3,2
107000267,2,14,-12
107000268,23,12,11
107000269,6,2,4
107000270,92,62,30
107000271,9,0,9
107000272,79,0,79
107000273,0,30,-30
107000274,93,37,56
107000275,1,81,-80
107000280,576,13,563
107000281,22,96,-74
107000282,0,174,-174
107000290,1,4,-3
107000291,0,2,-2
107000292,0,1,-1
107000293,1,0,1
107000294,0,17,-17
107000295,37,0,37
107000296,0,8,-8
107000444,163,0,163
107000496,0,2,-2
107000497,198,205,-7
107000500,143,71,72
107000501,3,67,-64
107000502,128,64,64
107000505,51,326,-275
107000506,0,0,0
107000508,0,50,-50
107000509,60,297,-237
107000510,1,4,-3
107000514,41,94,-53
107000515,0,24,-24
107000516,349,72,277
107000518,614,482,132
107000519,90,36,54
107000520,51,15,36
107000521,137,43,94
107000522,392,139,253
107900001,1,0,1
107900002,4,19,-15
107900003,5,0,5
107900004,0,0,0
107900005,677,1,676
107900006,59,1,58
107900007,131,4,127
107900008,33,0,33
107900009,3,1,2
107900010,0,0,0
107900012,60,0,60
107900013,41,3,38
107900014,0,0,0
107900015,355,3,352
107900016,45,8,37
107900017,0,0,0
107900018,7,67,-60
107900019,25,1,24
107900020,0,0,0
107900021,4,1,3
107900023,16,0,16
107900024,0,0,0
107900025,47,17,30
107900026,3,2,1
107900027,0,0,0
107900028,9,0,9
107900030,65,6,59
107900031,3,4,-1
107900032,11,1,10
107900033,3,1,2
107900034,36,2,34
107900035,326,5,321
107900036,24,2,22
107900037,0,0,0
107900038,4,23,-19
107900039,0,2,-2
107900040,0,0,0
107900041,0,0,0
107900043,17,4,13
107900044,5,5,0
107900045,18,19,-1
107900046,87,61,26
107900047,0,0,0
107900048,45,1,44
107900049,14,83,-69
107900050,0,1,-1
107900051,3,0,3
107900052,0,0,0
107900053,4,3,1
107900055,48,11,37
107900056,5,21,-16
107900057,0,0,0
107900058,0,27,-27
107900060,0,0,0
107900061,0,0,0
107900063,30,42,-12
107900064,59,46,13
107900065,70,0,70
107900066,0,0,0
107900067,0,0,0
107900068,17,140,-123
107900069,0,634,-634
107900070,19,17,2
107900071,4,41,-37
107900072,81,0,81
107900073,0,0,0
107900074,0,0,0
107900076,29,2,27
107900077,0,0,0
107900079,3,0,3
107900080,4,42,-38
107900081,0,0,0
107900082,0,0,0
107900083,83,31,52
107900084,3,5,-2
107900086,5,41,-36
107900087,10,9,1
107900088,4,0,4
107900089,19,55,-36
107900090,4,162,-158
107900091,27,88,-61
107900093,0,0,0
107900095,221,299,-78
107900097,3,9,-6
107900098,6,10,-4
107900100,41,316,-275
107900101,30,8,22
107900102,3,0,3
107900103,6,14,-8
107900104,1,0,1
107900105,0,8,-8
107900106,0,84,-84
107900107,0,0,0
107900108,20,3,17
107900109,698,3,695
107900110,59,1,58
107900111,0,106,-106
107900112,11,67,-56
107900113,0,0,0
107900114,68,32,36
107900115,0,0,0
107900116,61,34,27
107900117,43,84,-41
107900118,0,4,-4
107900119,16,19,-3
107900120,2,0,2
107900121,0,0,0
107900122,0,0,0
107900123,0,2,-2
107900124,0,0,0
107900125,1,0,1
107900126,0,1,-1
107900127,0,0,0
107900128,4,13,-9
107900129,1,0,1
107900130,0,0,0
107900131,1,17,-16
107900132,0,41,-41
107900133,0,0,0
107900134,1,16,-15
107900135,2,1,1
107900136,0,0,0
107900137,15,17,-2
107900138,20,15,5
107900139,0,0,0
107900141,5,1,4
107900142,1,12,-11
107900143,13,1,12
107900144,0,12,-12
107900145,0,0,0
107900146,18,18,0
107900147,1,0,1
107900148,4,1,3
107900149,45,5,40
107900150,0,19,-19
107900151,0,1,-1
107900152,0,0,0
107900153,1,52,-51
107900154,3,0,3
107900155,0,0,0
107900156,0,0,0
107900157,5,1,4
107900158,119,4,115
107900159,1,32,-31
107900160,80,21,59
107900161,0,3,-3
107900162,0,0,0
107900163,0,0,0
107900164,1,1,0
107900165,5,56,-51
107900166,6,10,-4
107900167,0,0,0
107900168,7,1,6
107900169,0,8,-8
107900171,0,36,-36
107900172,7,0,7
107900173,3,2,1
107900174,0,0,0
107900175,0,0,0
107900176,2,0,2
107900177,0,0,0
107900178,0,13,-13
107900179,0,0,0
107900180,16,222,-206
107900181,0,0,0
107900182,0,27,-27
107900183,1,6,-5
107900184,0,0,0
107900185,0,0,0
107900186,0,2,-2
107900187,0,5,-5
107900188,258,71,187
107900189,0,0,0
107900190,1,33,-32
107900191,0,0,0
107900193,0,2,-2
107900194,0,0,0
107900195,81,21,60
107900196,0,0,0
107900197,1,22,-21
107900199,0,0,0
107900201,0,0,0
107900203,0,0,0
107900204,0,0,0
107900206,7,164,-157
107900207,0,43,-43
107900208,1,21,-20
107900209,0,0,0
107900210,3,0,3
107900213,0,0,0
107900214,0,20,-20
107900215,13,26,-13
107900216,0,0,0
107900217,0,0,0
107900218,0,0,0
107900219,0,0,0
107900220,0,0,0
107900221,2,4,-2
107900223,0,0,0
107900224,35,32,3
107900225,0,0,0
107900226,0,0,0
107900227,3,8,-5
107900228,0,0,0
107900229,0,0,0
107900230,0,0,0
107900231,0,0,0
107900232,11,6,5
107900233,0,0,0
107900234,0,0,0
107900235,1,9,-8
107900236,0,0,0
107900237,0,0,0
107900238,0,0,0
107900239,26,34,-8
107900240,5,3,2
107900241,0,0,0
107900242,0,11,-11
107900243,0,0,0
107900244,0,0,0
107900245,184,18,166
107900246,90,9,81
107900248,103,0,103
107900249,192,32,160
107900250,0,43,-43
107900251,0,38,-38
107900252,77,4,73
107900253,84,5,79
107900254,1,12,-11
107900255,11,1,10
107900256,14,0,14
107900257,62,8,54
107900258,6,9,-3
107900259,3,453,-450
107900261,0,22,-22
107900262,0,0,0
107900264,65,2,63
107900265,10,40,-30
107900267,80,0,80
107900268,0,0,0
107900269,0,0,0
107900270,0,0,0
107900271,0,0,0
107900272,2,0,2
107900273,24,0,24
107900274,75,0,75
107900275,2,0,2
107900276,0,0,0
107900277,0,0,0
107900278,81,0,81
107900279,0,0,0
107900280,442,45,397
107900281,129,973,-844
107900282,13,205,-192
107900283,193,89,104
107900284,228,50,178
107900285,27,3,24
107900286,3,5,-2
107900287,95,24,71
107900290,0,0,0
107900291,61,0,61
107900292,89,50,39
107900293,30,112,-82
107900295,2,0,2
107900297,1,0,1
107900298,129,143,-14
107900299,102,180,-78
107900301,33,114,-81
107900302,10,8,2
107900303,89,9,80
107900304,72,0,72
107900305,62,0,62
107900306,0,0,0
107900307,0,0,0
107900308,48,4,44
107900309,0,0,0
107900310,0,0,0
107900311,0,0,0
107900312,0,0,0
107900313,0,0,0
107900314,0,0,0
107900315,0,0,0
107900316,0,0,0
107900317,0,0,0
107900318,0,0,0
107900319,0,0,0
107900320,0,7,-7
107900321,70,0,70
107900322,0,2,-2
107900323,1,1,0
107900324,38,0,38
107900325,74,0,74
107900326,68,7,61
107900327,0,0,0
107900328,0,0,0
107900329,0,0,0
107900330,0,8,-8
107900331,130,20,110
107900332,152,0,152
107900333,33,1,32
107900334,0,0,0
107900335,1,0,1
107900336,1,3,-2
107900337,60,219,-159
107900338,0,3,-3
107900339,0,0,0
107900340,0,0,0
107900341,0,0,0
107900342,74,3,71
107900343,15,0,15
107900344,0,10,-10
107900345,47,21,26
107900346,0,0,0
107900347,8,0,8
107900348,0,1,-1
107900349,21,0,21
107900350,1,24,-23
107900351,0,1,-1
107900352,0,3,-3
107900353,2,0,2
107900354,0,42,-42
108000001,2343,1250,1093
108000002,122,168,-46
108000003,2036,1062,974
108000004,1242,2924,-1682
108000005,5384,2444,2940
108000006,724,1161,-437
108000007,3662,1491,2171
108000008,954,802,152
108000009,3247,1697,1550
108000010,580,786,-206
108000011,8549,4273,4276
108000012,2585,1814,771
108000014,181,326,-145
108000015,471,95,376
108000016,18,23,-5
108000017,720,58,662
108000018,1251,144,1107
108000019,267,107,160
108000020,659,138,521
108000021,28,68,-40
108000022,139,253,-114
108000023,787,70,717
108000024,161,108,53
108000025,182,1,181
108000026,437,50,387
108000027,258,2,256
108000028,471,75,396
108000029,186,9,177
108000030,199,32,167
108000031,42,26,16
108000032,1147,162,985
108000033,84,184,-100
108000034,1387,93,1294
108000035,172,368,-196
108000036,54,84,-30
108000037,1169,82,1087
108000038,1944,153,1791
108000039,56,127,-71
108000040,1066,262,804
108000041,49,148,-99
108000042,317,35,282
108000043,14,3,11
108000044,712,16,696
108000045,32,0,32
108000046,1184,87,1097
108000047,137,198,-61
108000048,0,0,0
108000049,566,45,521
108000050,3,42,-39
108000051,172,65,107
108000052,21,28,-7
108000053,274,90,184
108000054,68,261,-193
108000055,494,185,309
108000056,203,200,3
108000057,350,578,-228
108000058,840,1703,-863
108000059,366,807,-441
108000060,138,285,-147
108000061,123,143,-20
108000062,496,137,359
108000063,271,124,147
108000064,149,112,37
108000065,326,155,171
108000066,567,63,504
108000067,1036,142,894
108000068,506,165,341
108000069,36,344,-308
108000070,1795,171,1624
108000071,152,373,-221
108000072,1237,185,1052
108000073,295,254,41
108000074,505,167,338
108000075,145,179,-34
108000076,1049,124,925
108000077,188,137,51
108000078,1337,232,1105
108000079,198,332,-134
108000080,1107,253,854
108000081,91,349,-258
108000082,174,188,-14
108000083,755,344,411
108000084,99,100,-1
108000085,403,235,168
108000086,75,41,34
108000087,67,1242,-1175
108000088,484,48,436
108000089,76,66,10
108000091,14,156,-142
108000092,225,13,212
108000093,30,107,-77
108000094,585,9,576
108000095,11,39,-28
108000096,481,94,387
108000097,48,37,11
108000098,1121,305,816
108000099,338,107,231
108000100,272,243,29
108000101,774,388,386
108000102,593,1179,-586
108000106,385,0,385
108000107,0,107,-107
108000108,341,11,330
108000109,0,176,-176
108000110,371,30,341
108000111,33,203,-170
108000112,29,224,-195
108000113,158,149,9
108000115,136,31,105
108000117,211,36,175
108000118,104,517,-413
108000119,282,69,213
108000120,63,269,-206
108000121,198,40,158
108000122,520,93,427
108000123,308,26,282
108000124,55,20,35
108000125,291,68,223
108000126,124,34,90
108000127,348,48,300
108000128,297,21,276
108000129,81,43,38
108000130,231,84,147
108000131,359,58,301
108000132,76,44,32
108000133,1080,71,1009
108000134,115,27,88
108000135,922,125,797
108000136,33,55,-22
108000137,397,52,345
108000138,110,231,-121
108000139,301,81,220
108000140,336,3,333
108000141,5,26,-21
108000142,4,23,-19
108000143,18,23,-5
108000144,678,10,668
108000145,52,27,25
108000146,692,7,685
108000147,3,10,-7
108000148,275,14,261
108000149,7,2,5
108000150,44,27,17
108000151,4,39,-35
108000152,53,14,39
108000153,244,13,231
108000154,29,1,28
108000155,49,33,16
108000156,290,36,254
108000157,31,672,-641
108000158,25,199,-174
108000159,103,65,38
108000160,966,484,482
108000161,629,899,-270
108000165,28,60,-32
108000172,0,74,-74
108000173,646,559,87
108000175,325,26,299
108000178,187,255,-68
108000179,110,668,-558
108000181,21,6,15
108000182,124,13,111
108000183,0,42,-42
108000184,89,1256,-1167
108000185,0,2,-2
108000186,142,1,141
108000187,2,11,-9
108000188,228,5,223
108000189,254,3998,-3744
108000190,0,0,0
108000192,126,54,72
108000193,37,180,-143
108000194,28,3,25
108000195,0,10,-10
108000196,141,23,118
108000198,237,13,224
108000199,0,0,0
108000200,273,3,270
108000203,1,5,-4
108000204,55,41,14
108000205,36,4,32
108000339,472,342,130
108000364,78,173,-95
108000365,19,51,-32
108000367,53,1,52
108000368,0,0,0
108000369,66,32,34
108000371,1,141,-140
108000372,342,0,342
108000373,101,12,89
108000376,50,13,37
108000377,405,200,205
108000378,6415,5829,586
108000379,0,0,0
108000381,58,4,54
108000382,86,0,86
108000383,0,14,-14
108900001,1,33,-32
108900002,71,2,69
108900003,1,16,-15
108900004,224,125,99
108900007,127,68,59
108900008,39,24,15
108900009,50,76,-26
108900010,78,48,30
108900011,517,48,469
108900012,240,58,182
108900013,95,38,57
108900014,0,8,-8
108900015,0,0,0
108900016,0,0,0
108900017,47,34,13
108900018,25,48,-23
108900019,0,16,-16
108900020,18,9,9
108900021,42,41,1
108900022,22,0,22
108900023,0,4,-4
108900024,2,4,-2
108900025,105,2,103
108900026,0,0,0
108900027,0,6,-6
108900028,49,35,14
108900029,11,6,5
108900030,0,0,0
108900031,24,36,-12
108900032,0,0,0
108900033,0,23,-23
108900034,1,15,-14
108900035,44,88,-44
108900038,0,14,-14
108900039,0,13,-13
108900040,0,8,-8
108900041,724,792,-68
108900042,0,7,-7
108900043,0,0,0
108900044,0,29,-29
108900045,51,77,-26
108900046,6,45,-39
108900047,0,9,-9
108900048,17,24,-7
108900049,88,255,-167
108900050,2,30,-28
108900051,0,8,-8
108900052,1,9,-8
108900053,1,72,-71
108900054,0,0,0
108900055,1,60,-59
108900056,0,11,-11
108900057,0,19,-19
108900058,0,30,-30
108900059,138,17,121
108900060,28,54,-26
108900061,1,0,1
108900062,1,17,-16
108900063,5,10,-5
108900064,14,18,-4
108900065,10,35,-25
108900066,154,26,128
108900067,2,20,-18
108900068,1,27,-26
108900069,93,3,90
108900070,33,2,31
108900071,40,8,32
108900072,100,65,35
108900073,8,18,-10
108900074,86,8,78
108900075,13,10,3
108900076,170,23,147
108900077,14,24,-10
108900078,36,13,23
108900079,71,15,56
108900080,28,126,-98
108900081,5,48,-43
108900082,4,14,-10
108900083,0,26,-26
108900085,121,2,119
108900086,24,13,11
108900087,8,20,-12
108900088,139,42,97
108900089,0,64,-64
108900090,19,11,8
108900091,3,18,-15
108900092,113,39,74
108900093,9,19,-10
108900094,89,15,74
108900095,2,23,-21
108900096,32,5,27
108900097,59,10,49
108900098,354,289,65
108900099,86,11,75
108900100,32,9,23
108900101,55,33,22
108900102,0,203,-203
108900103,69,21,48
108900105,1,651,-650
108900106,151,38,113
108900108,47,3,44
108900109,165,9,156
108900110,37,20,17
108900111,228,36,192
108900113,26,13,13
108900114,16,5,11
108900115,75,14,61
108900116,4,0,4
108900117,52,6,46
108900118,138,15,123
108900119,231,23,208
108900120,83,19,64
108900121,50,14,36
108900122,82,1,81
108900123,26,23,3
108900124,31,5,26
108900125,230,7,223
108900126,37,29,8
108900127,74,5,69
108900128,102,20,82
108900129,127,3,124
108900130,98,3,95
108900131,214,9,205
108900132,110,2,108
108900133,64,9,55
108900134,283,19,264
108900135,206,4,202
108900136,24,4,20
108900137,88,0,88
108900138,263,5,258
108900140,318,8,310
108900141,222,0,222
108900142,29,0,29
108900143,14,0,14
108900144,49,0,49
108900145,102,8,94
108900146,9,0,9
108900147,235,0,235
108900148,3,0,3
108900150,22,1,21
108900151,6,1,5
108900152,132,12,120
108900153,150,12,138
108900154,2046,99,1947
108900156,8,0,8
108900157,0,31,-31
108900158,181,4,177
108900159,0,29,-29
108900160,4,32,-28
108900161,0,58,-58
108900162,28,0,28
108900163,1,175,-174
108900164,30,8,22
108900168,536,702,-166
108900169,3,31,-28
108900171,271,1155,-884
108900172,57,8,49
108900173,37,50,-13
108900174,571,39,532
108900176,12,7,5
108900177,186,781,-595
108900178,313,1116,-803
108900180,41,94,-53
108900183,47,30,17
108900184,178,27,151
108900185,2,43,-41
108900186,11,72,-61
108900189,110,10,100
108900190,14,94,-80
108900192,10,30,-20
108900195,11,17,-6
108900196,4,9,-5
108900199,49,47,2
108900200,181,133,48
108900201,105,147,-42
108900203,230,65,165
108900204,130,1,129
108900205,145,4,141
108900206,90,28,62
108900207,36,23,13
108900208,1,31,-30
108900209,30,25,5
108900210,1,1,0
108900211,1,40,-39
108900212,6,128,-122
108900215,0,6,-6
108900216,88,21,67
108900217,9,0,9
108900218,13,0,13
108900221,0,0,0
108900224,0,0,0
108900225,0,0,0
108900227,23,61,-38
108900230,23,19,4
108900232,1,26,-25
108900233,153,3,150
108900234,64,12,52
108900235,0,0,0
108900236,0,0,0
108900240,2,18,-16
108900241,1,10,-9
108900245,0,94,-94
108900250,31,0,31
108900258,0,7,-7
108900259,0,0,0
108900260,1,0,1
108900261,7,1,6
108900262,16,4,12
108900263,7,11,-4
108900264,4,6,-2
108900265,39,212,-173
108900266,18,233,-215
108900267,1,57,-56
108900268,1,4,-3
108900269,30,1,29
108900270,24,0,24
108900271,4,0,4
108900272,70,0,70
108900273,41,148,-107
108900274,7,0,7
109000001,772,2185,-1413
109000002,1,314,-313
109000003,1378,241,1137
109000004,1,94,-93
109000005,1042,305,737
109000006,4,91,-87
109000007,1008,325,683
109000008,4,102,-98
109000009,1719,456,1263
109000010,9,171,-162
109000011,2315,738,1577
109000012,21,168,-147
109000013,2923,1823,1100
109000014,68,195,-127
109000015,2701,4581,-1880
109000016,72,162,-90
109000017,1981,479,1502
109000018,51,168,-117
109000019,1581,756,825
109000020,22,44,-22
109000023,61,0,61
109000024,0,8,-8
109000025,38,112,-74
109000026,242,184,58
109000027,16,122,-106
109000028,95,12,83
109000029,41,58,-17
109000030,0,0,0
109000031,212,39,173
109000032,2,2,0
109000033,261,58,203
109000034,0,1,-1
109000035,0,3,-3
109000036,3,71,-68
109000037,129,874,-745
109000038,86,42,44
109000039,230,324,-94
109000040,277,3601,-3324
109000041,177,736,-559
109000042,215,365,-150
109000044,167,11,156
109000045,14,1,13
109000046,208,6,202
109000047,5,4,1
109000048,259,38,221
109000049,23,10,13
109000050,124,70,54
109000051,11,38,-27
109000052,105,49,56
109000053,392,60,332
109000054,19,28,-9
109000055,15,65,-50
109000056,80,4,76
109000057,68,219,-151
109000058,115,9,106
109000059,0,295,-295
109000060,126,178,-52
109000061,32,1274,-1242
109000062,24,81,-57
109000063,3,14,-11
109000064,163,21,142
109000065,5,11,-6
109000066,109,12,97
109000067,0,38,-38
109000068,88,0,88
109000069,159,0,159
109000070,0,11,-11
109000071,96,24,72
109000072,54,321,-267
109000073,14,49,-35
109000074,8,134,-126
109000075,78,1,77
109000076,38,147,-109
109000077,56,82,-26
109000078,40,50,-10
109000079,42,48,-6
109000080,161,22,139
109000081,38,96,-58
109000082,359,7,352
109000083,79,77,2
109000088,92,49,43
109000089,183,10,173
109000090,77,32,45
109000091,157,24,133
109000092,137,116,21
109000093,129,21,108
109000094,341,1,340
109000095,15,46,-31
109000096,558,19,539
109000097,8,41,-33
109000098,62,57,5
109000099,384,20,364
109000100,27,143,-116
109000101,970,181,789
109000102,172,72,100
109000103,297,119,178
109000104,1163,135,1028
109000105,51,112,-61
109000106,951,158,793
109000107,101,135,-34
109000108,1065,164,901
109000109,113,70,43
109000110,468,277,191
109000111,154,286,-132
109000112,31,36,-5
109000113,124,26,98
109000114,134,120,14
109000115,332,22,310
109000116,5,93,-88
109000117,126,5,121
109000118,0,77,-77
109000119,724,12,712
109000120,47,61,-14
109000121,357,1,356
109000122,30,56,-26
109000123,14,4,10
109000124,351,77,274
109000125,769,85,684
109000126,46,17,29
109000127,907,91,816
109000128,24,25,-1
109000129,1259,105,1154
109000130,37,41,-4
109000131,496,321,175
109000132,107,148,-41
109000133,20,99,-79
109000134,36,83,-47
109000135,28,74,-46
109000136,147,121,26
109000137,325,83,242
109000138,184,57,127
109000139,247,55,192
109000140,83,92,-9
109000141,155,42,113
109000142,7,77,-70
109000143,0,34,-34
109000145,45,116,-71
109000146,50,145,-95
109000148,0,0,0
109000149,5,171,-166
109000150,83,80,3
109000155,200,323,-123
109000156,244,25,219
109000158,4,191,-187
109000159,9,129,-120
109000160,548,46,502
109000161,264,151,113
109000162,635,109,526
109000163,509,122,387
109000164,853,553,300
109000165,577,251,326
109000166,487,34,453
109000167,159,60,99
109000170,3,8,-5
109000171,30,2,28
109000172,5,1,4
109000173,1,12,-11
109000174,15,6,9
109000175,59,9,50
109000176,114,95,19
109000177,18,11,7
109000178,278,73,205
109000179,443,875,-432
109000180,823,281,542
109000181,12,27,-15
109000182,55,28,27
109000183,20,5,15
109000184,34,75,-41
109000185,26,27,-1
109000188,168,273,-105
109000189,544,35,509
109000190,128,181,-53
109000191,220,104,116
109000192,225,7,218
109000193,106,23,83
109000194,77,3,74
109000195,29,12,17
109000196,59,5,54
109000197,89,7,82
109000198,122,14,108
109000199,24,15,9
109000206,86,6,80
109000207,54,7,47
109000208,75,54,21
109000209,49,21,28
109000210,13,18,-5
109000211,269,225,44
109000214,192,199,-7
109000215,138,15,123
109000216,141,225,-84
109000217,6,1,5
109000218,11,10,1
109000221,10,112,-102
109000222,327,29,298
109000223,128,169,-41
109000224,114,34,80
109000225,61,14,47
109000226,107,35,72
109000227,511,116,395
109000228,0,2,-2
109000231,2,47,-45
109000232,322,20,302
109000236,0,26,-26
109000241,615,192,423
109000242,418,105,313
109000293,12,37,-25
109000361,93,28,65
109000364,16,19,-3
109000396,0,39,-39
109000397,505,1,504
109000399,47,125,-78
109000400,38,45,-7
109000403,3,642,-639
109000406,140,1,139
109000407,53,45,8
109000408,0,60,-60
109000410,0,0,0
109000411,219,23,196
109900001,0,0,0
109900002,96,0,96
109900003,236,1,235
109900004,36,0,36
109900005,14,0,14
109900006,234,21,213
109900007,275,0,275
109900008,0,0,0
109900009,1,4,-3
109900010,0,0,0
109900011,1,33,-32
109900012,45,14,31
109900013,59,33,26
109900014,41,2,39
109900015,46,7,39
109900016,42,4,38
109900017,27,18,9
109900018,13,0,13
109900019,22,5,17
109900020,4,4,0
109900021,3,2,1
109900022,118,36,82
109900023,9,0,9
109900024,1,0,1
109900025,0,0,0
109900026,0,25,-25
109900027,1,4,-3
109900028,12,98,-86
109900029,0,6,-6
109900030,1,1,0
109900031,0,25,-25
109900032,0,0,0
109900033,0,27,-27
109900034,1,0,1
109900035,3,0,3
109900036,0,0,0
109900037,0,0,0
109900038,0,5,-5
109900039,23,0,23
109900040,0,0,0
109900041,26,5,21
109900042,0,0,0
109900044,15,2,13
109900045,40,3,37
109900046,50,8,42
109900047,21,33,-12
109900048,1,9,-8
109900049,1,6,-5
109900050,0,3,-3
109900051,0,1,-1
109900052,0,3,-3
109900053,0,19,-19
109900054,307,10,297
109900055,18,12,6
109900056,0,0,0
109900057,0,22,-22
109900058,0,0,0
109900059,433,3,430
109900060,136,8,128
109900061,2,8,-6
109900062,0,0,0
109900063,22,41,-19
109900064,89,26,63
109900065,3,6,-3
109900066,1,11,-10
109900067,0,0,0
109900068,41,3,38
109900069,0,2,-2
109900070,2,10,-8
109900071,0,0,0
109900072,0,9,-9
109900073,115,8,107
109900074,0,4,-4
109900075,0,0,0
109900076,0,9,-9
109900077,2,35,-33
109900078,4,4,0
109900080,13,6,7
109900081,0,10,-10
109900082,14,7,7
109900083,1,10,-9
109900084,0,0,0
109900085,5,41,-36
109900086,7,121,-114
109900087,3,26,-23
109900089,51,2,49
109900090,35,59,-24
109900091,193,1,192
109900092,0,0,0
109900093,87,2,85
109900094,0,0,0
109900095,7,30,-23
109900096,39,0,39
109900097,25,0,25
109900098,94,1,93
109900099,266,1,265
109900100,0,0,0
109900101,336,0,336
109900102,0,0,0
109900103,22,0,22
109900104,363,30,333
109900105,0,0,0
109900106,0,0,0
109900107,0,0,0
109900108,0,0,0
109900109,0,0,0
109900110,2,5,-3
109900111,10,18,-8
109900112,14,8,6
109900113,315,123,192
109900114,124,40,84
109900115,23,6,17
109900117,433,10,423
109900118,27,11,16
109900119,23,43,-20
109900120,2,2,0
109900121,23,17,6
109900122,186,0,186
109900123,0,7,-7
109900124,3,2,1
109900125,0,17,-17
109900126,125,2,123
109900128,105,1,104
109900130,240,356,-116
109900131,1,4,-3
109900132,0,7,-7
109900133,8,2,6
109900134,0,0,0
109900135,0,0,0
109900136,0,0,0
109900137,14,7,7
109900140,29,5,24
109900142,213,6,207
109900145,0,90,-90
109900146,3,1,2
109900148,16,14,2
109900149,2,2,0
109900150,0,2,-2
109900151,0,2,-2
109900152,0,6,-6
109900153,0,7,-7
109900154,6,0,6
109900155,21,8,13
109900157,8,22,-14
109900158,0,7,-7
109900159,40,12,28
109900160,27,6,21
109900161,62,11,51
109900162,49,12,37
109900163,97,37,60
109900164,33,101,-68
109900165,43,0,43
109900166,0,21,-21
109900167,10,44,-34
109900168,69,43,26
109900169,0,0,0
109900170,3,257,-254
109900171,31,12,19
109900172,8,24,-16
109900173,59,275,-216
109900174,0,2,-2
109900175,0,0,0
109900176,0,0,0
109900177,0,0,0
109900178,0,0,0
109900179,0,0,0
109900180,28,0,28
110000001,128,102,26
110000002,369,725,-356
110000003,126,232,-106
110000004,360,649,-289
110000005,248,1077,-829
110000006,142,413,-271
110000007,32,16,16
110000008,4,10,-6
110000009,2,9,-7
110000010,35,23,12
110000011,4,13,-9
110000012,97,118,-21
110000013,32,255,-223
110000014,286,101,185
110000015,39,323,-284
110000016,195,661,-466
110000017,1028,233,795
110000018,214,126,88
110000019,4,14,-10
110000020,123,39,84
110000021,50,57,-7
110000022,165,7,158
110000023,3,25,-22
110000024,57,34,23
110000025,448,0,448
110000026,1,74,-73
110000027,116,245,-129
110000028,566,189,377
110000029,19,178,-159
110000030,138,261,-123
110000031,56,69,-13
110000032,358,124,234
110000033,26,61,-35
110000034,157,188,-31
110000035,207,258,-51
110000036,303,247,56
110000037,40,213,-173
110000038,74,186,-112
110000039,420,1338,-918
110000040,123,74,49
110000041,243,1075,-832
110000042,38,100,-62
110000043,243,213,30
110000044,10,33,-23
110000045,15,76,-61
110000046,20,8,12
110000047,10,30,-20
110000048,3,5,-2
110000049,2,20,-18
110000050,4,15,-11
110000051,1,4,-3
110000052,54,102,-48
110000053,1,8,-7
110000054,22,63,-41
110000055,68,66,2
110000056,63,68,-5
110000057,103,68,35
110000058,416,327,89
110000059,58,143,-85
110000060,798,227,571
110000061,96,142,-46
110000062,675,292,383
110000063,57,41,16
110000064,36,6,30
110000065,50,30,20
110000066,20,3,17
110000067,26,20,6
110000068,39,21,18
110000069,249,3,246
110000071,120,2,118
110000073,0,1,-1
110000075,2,0,2
110000076,138,67,71
110000077,68,220,-152
110000078,69,4,65
110000080,86,107,-21
110000081,11,66,-55
110000082,5,109,-104
110000083,111,110,1
110000084,508,542,-34
110000085,691,380,311
110000086,491,788,-297
110000087,18,27,-9
110000088,33,33,0
110000089,106,12,94
110000090,9,10,-1
110000091,33,10,23
110000092,0,0,0
110000093,59,10,49
110000094,156,25,131
110000095,96,250,-154
110000096,265,341,-76
110000097,347,637,-290
110000098,771,157,614
110000099,220,278,-58
110000100,332,5,327
110000101,0,24,-24
110000102,25,26,-1
110000104,123,62,61
110000105,69,35,34
110000106,85,208,-123
110000107,26,113,-87
110000108,74,138,-64
110000109,2,40,-38
110000110,995,1438,-443
110000111,950,1016,-66
110000112,124,224,-100
110000113,27,545,-518
110000114,51,234,-183
110000115,158,77,81
110000116,47,25,22
110000117,147,42,105
110000118,299,11,288
110000119,71,36,35
110000120,165,48,117
110000121,3,93,-90
110000122,115,149,-34
110000123,374,300,74
110000124,0,187,-187
110000125,276,1,275
110000126,85,1,84
110000127,384,12,372
110000128,0,81,-81
110000129,1,32,-31
110000130,157,39,118
110000131,2,50,-48
110000132,0,102,-102
110000133,2,57,-55
110000134,2,26,-24
110000135,99,17,82
110000136,1,35,-34
110000137,316,15,301
110000138,100,45,55
110000139,542,38,504
110000140,563,119,444
110000143,211,70,141
110000144,949,459,490
110000145,389,249,140
110000146,496,168,328
110000147,53,320,-267
110000148,214,26,188
110000151,93,174,-81
110000152,134,645,-511
110000153,0,0,0
110000154,0,0,0
110000155,376,463,-87
110000156,131,395,-264
110000157,121,631,-510
110000160,273,83,190
110000161,36,72,-36
110000166,276,2,274
110000167,642,295,347
110000168,443,226,217
110000169,311,154,157
110000170,35,35,0
110000171,277,24,253
110000172,81,129,-48
110000173,218,251,-33
110000174,33,68,-35
110000175,345,21,324
110000176,54,268,-214
110000177,50,434,-384
110000178,227,829,-602
110000179,218,110,108
110000180,24,113,-89
110000181,129,52,77
110000182,70,12,58
110000183,2536,2800,-264
110000184,70,1189,-1119
110000185,101,197,-96
110000186,57,181,-124
110000191,719,91,628
110000192,278,2,276
110000193,658,3,655
110000194,0,68,-68
110000195,244,3,241
110000196,161,8,153
110000197,46,10,36
110000198,25,3,22
110000199,8,27,-19
110000200,190,55,135
110000201,233,321,-88
110000202,481,180,301
110000203,49,33,16
110000204,0,16,-16
110000205,157,12,145
110000206,51,43,8
110000207,851,29,822
110000208,22,82,-60
110000209,20,46,-26
110000210,924,149,775
110000211,475,163,312
110000212,151,420,-269
110000213,87,27,60
110000214,64,13,51
110000215,0,70,-70
110000216,21,114,-93
110000217,235,12,223
110000218,35,33,2
110000219,153,18,135
110000220,0,13,-13
110000221,225,3,222
110000222,14,72,-58
110000223,12,10,2
110000224,0,0,0
110000225,38,123,-85
110000226,71,7,64
110000227,20,146,-126
110000228,63,23,40
110000229,0,32,-32
110000230,286,228,58
110000231,109,102,7
110000232,34,38,-4
110000233,82,102,-20
110000234,139,122,17
110000235,282,301,-19
110000236,0,0,0
110000237,419,111,308
110000238,614,223,391
110000239,496,166,330
110000240,0,4,-4
110000242,0,1,-1
110000243,55,10,45
110000244,1,16,-15
110000245,1,70,-69
110000246,323,89,234
110000247,207,296,-89
110000248,241,97,144
110000249,92,10,82
110000250,2,23,-21
110000251,34,89,-55
110000252,128,26,102
110000253,527,223,304
110000254,245,84,161
110000255,34,103,-69
110000256,120,74,46
110000257,32,2,30
110000258,0,43,-43
110000259,30,1,29
110000260,42,47,-5
110000263,138,13,125
110000264,244,146,98
110000265,785,392,393
110000266,612,508,104
110000267,0,0,0
110000268,67,1,66
110000269,0,0,0
110000270,20,0,20
110000271,295,12,283
110000272,218,163,55
110000273,149,247,-98
110000274,80,720,-640
110000275,177,96,81
110000276,46,197,-151
110000277,215,52,163
110000278,109,164,-55
110000279,485,116,369
110000280,313,66,247
110000281,26,13,13
110000282,47,1,46
110000283,8,45,-37
110000284,1,2,-1
110000285,0,10,-10
110000286,0,0,0
110000287,2,0,2
110000288,0,0,0
110000289,109,999,-890
110000290,88,107,-19
110000291,243,378,-135
110000292,271,1681,-1410
110000293,368,124,244
110000294,745,284,461
110000295,38,96,-58
110000296,228,41,187
110000297,721,25,696
110000298,4,41,-37
110000299,27,17,10
110000301,334,10,324
110000302,74,114,-40
110000303,227,2,225
110000304,38,14,24
110000305,618,3,615
110000306,0,44,-44
110000307,564,2,562
110000308,161,0,161
110000309,2,76,-74
110000310,465,8,457
110000311,1,108,-107
110000312,237,11,226
110000313,497,134,363
110000314,1,74,-73
110000315,383,525,-142
110000316,17,256,-239
110000317,5,8,-3
110000318,0,16,-16
110000319,3,5,-2
110000320,0,12,-12
110000321,25,17,8
110000322,44,99,-55
110000323,221,87,134
110000324,212,70,142
110000325,1105,1205,-100
110000327,164,28,136
110000328,3,39,-36
110000333,290,403,-113
110000334,35,150,-115
110000335,139,91,48
110000336,45,79,-34
110000337,850,74,776
110000338,161,105,56
110000339,236,22,214
110000340,1,16,-15
110000341,153,4,149
110000342,27,1,26
110000343,0,0,0
110000344,1,11,-10
110000345,9,61,-52
110000346,928,436,492
110000347,985,231,754
110000348,1,5,-4
110000349,0,0,0
110000350,44,1,43
110000351,688,147,541
110000352,235,521,-286
110000353,1023,125,898
110000354,174,992,-818
110000355,0,1,-1
110000356,193,3,190
110000357,274,0,274
110000361,0,0,0
110000362,0,0,0
110000363,277,3,274
110000364,95,85,10
110000365,27,1,26
110000366,0,9,-9
110000367,56,18,38
110000368,0,2,-2
110000369,34,0,34
110000373,1,33,-32
110000374,18,13,5
110000375,43,161,-118
110000376,19,34,-15
110000377,41,149,-108
110000378,0,86,-86
110000379,925,1326,-401
110000380,193,6,187
110000383,0,64,-64
110000384,342,45,297
110000385,0,7,-7
110000387,15,0,15
110000388,5,37,-32
110000389,625,1,624
110000391,331,13,318
110000396,51,8,43
110000397,50,17,33
110000398,0,20,-20
110000399,83,0,83
110000587,96,11,85
110000589,161,23,138
110000640,79,1,78
110000652,1,61,-60
110000653,38,38,0
110000654,0,0,0
110000656,0,0,0
110000674,0,0,0
110000675,0,0,0
110000676,0,0,0
110000679,28,26,2
110000682,36,53,-17
110000683,165,103,62
110000684,0,0,0
110000685,0,2,-2
110000686,0,0,0
110000687,2,0,2
110000688,7,169,-162
110000689,49,10,39
110000692,4,39,-35
110000693,16,107,-91
110000694,0,0,0
110000695,10,27,-17
110000696,72,22,50
110900001,54,1,53
110900002,45,1,44
110900003,271,1,270
110900004,112,1,111
110900005,0,0,0
110900006,22,2,20
110900007,34,15,19
110900008,0,0,0
110900009,9,85,-76
110900010,0,0,0
110900011,1,4,-3
110900012,0,0,0
110900013,191,32,159
110900014,16,0,16
110900015,18,214,-196
110900016,0,0,0
110900017,163,2,161
110900018,40,4,36
110900019,2,0,2
110900020,0,0,0
110900021,0,0,0
110900022,0,0,0
110900023,5,38,-33
110900024,0,0,0
110900025,0,0,0
110900027,0,0,0
110900028,0,0,0
110900029,0,2,-2
110900030,0,0,0
110900031,0,0,0
110900032,0,0,0
110900033,1,2,-1
110900035,0,0,0
110900036,21,2,19
110900037,25,0,25
110900038,0,0,0
110900039,0,0,0
110900040,38,1,37
110900041,0,0,0
110900042,0,0,0
110900043,0,0,0
110900044,0,0,0
110900045,0,0,0
110900046,0,0,0
110900047,0,0,0
110900049,16,16,0
110900050,3,0,3
110900051,0,0,0
110900052,0,0,0
110900053,0,0,0
110900054,1,0,1
110900055,0,0,0
110900056,0,0,0
110900057,0,0,0
110900058,0,0,0
110900059,3,1,2
110900060,38,1,37
110900061,0,0,0
110900062,0,0,0
110900063,0,5,-5
110900064,1,0,1
110900065,14,59,-45
110900066,1,7,-6
110900067,0,0,0
110900068,0,0,0
110900069,5,0,5
110900070,0,0,0
110900071,0,0,0
110900073,1,2,-1
110900074,116,0,116
110900075,64,13,51
110900077,190,42,148
110900078,0,0,0
110900079,326,237,89
110900080,41,4,37
110900081,0,0,0
110900082,12,4,8
110900083,9,0,9
110900084,0,0,0
110900085,7,44,-37
110900086,0,29,-29
110900087,58,8,50
110900088,1,0,1
110900090,0,0,0
110900091,0,0,0
110900093,15,2,13
110900095,6,3,3
110900097,2,0,2
110900098,0,10,-10
110900099,1,48,-47
110900100,0,2,-2
110900102,15,5,10
110900105,28,4,24
110900108,6,5,1
110900111,10,8,2
110900112,175,3,172
110900113,5,3,2
110900115,0,1,-1
110900116,170,59,111
110900118,0,452,-452
110900119,54,0,54
110900120,0,0,0
110900121,29,0,29
110900122,17,0,17
110900125,69,149,-80
110900127,0,0,0
110900128,47,51,-4
110900129,5,92,-87
110900130,26,128,-102
110900131,50,3,47
110900132,77,0,77
110900133,0,0,0
110900135,0,2,-2
110900136,19,0,19
110900139,0,0,0
110900140,0,0,0
110900141,23,5,18
110900142,0,0,0
110900143,70,6,64
110900144,0,0,0
110900145,19,18,1
110900146,39,25,14
110900147,0,0,0
110900148,0,0,0
110900149,0,0,0
110900150,5,9,-4
110900151,0,2,-2
110900152,2,5,-3
110900153,55,1,54
111000001,545,274,271
111000002,127,13,114
111000003,765,459,306
111000004,10,42,-32
111000005,585,824,-239
111000006,60,18,42
111000007,1194,1279,-85
111000008,187,99,88
111000009,34,187,-153
111000010,663,311,352
111000011,31,433,-402
111000012,115,202,-87
111000013,94,423,-329
111000014,645,165,480
111000017,3,50,-47
111000018,3,12,-9
111000020,16,140,-124
111000021,54,47,7
111000023,37,68,-31
111000025,261,384,-123
111000029,4,4,0
111000030,1,5,-4
111000031,915,290,625
111000032,385,139,246
111000033,80,15,65
111000034,13,74,-61
111000037,254,449,-195
111000038,525,346,179
111000039,453,363,90
111000040,423,383,40
111000041,99,238,-139
111000042,362,669,-307
111000043,901,980,-79
111000044,799,88,711
111000045,1403,613,790
111000046,657,454,203
111000047,1369,2171,-802
111000049,22,24,-2
111000050,119,120,-1
111000051,62,66,-4
111000052,29,56,-27
111000053,51,69,-18
111000054,47,54,-7
111000055,318,185,133
111000056,54,46,8
111000057,27,70,-43
111000058,296,19,277
111000059,277,80,197
111000060,2644,248,2396
111000061,332,73,259
111000062,679,90,589
111000063,810,377,433
111000064,632,164,468
111000065,984,217,767
111000066,334,55,279
111000067,213,64,149
111000068,151,39,112
111000069,63,202,-139
111000070,153,94,59
111000071,7,8,-1
111000072,747,353,394
111000073,138,589,-451
111000074,843,450,393
111000075,266,88,178
111000076,548,148,400
111000077,634,238,396
111000078,414,126,288
111000079,309,86,223
111000080,118,123,-5
111000081,263,1070,-807
111000082,299,99,200
111000084,218,165,53
111000085,447,658,-211
111000086,686,308,378
111000087,421,211,210
111000088,716,523,193
111000089,357,266,91
111000090,221,266,-45
111000091,251,125,126
111000092,772,227,545
111000093,307,274,33
111000094,616,321,295
111000095,296,890,-594
111000096,442,2653,-2211
111000097,251,248,3
111000098,119,104,15
111000099,67,173,-106
111000100,80,107,-27
111000101,70,164,-94
111000102,0,28,-28
111000104,343,22,321
111000107,0,55,-55
111000109,221,8,213
111000110,412,154,258
111000111,1493,58,1435
111000112,914,61,853
111000113,393,680,-287
111000114,315,1090,-775
111000115,1083,206,877
111000116,197,90,107
111000117,103,103,0
111000118,239,79,160
111000119,556,99,457
111000120,164,122,42
111000121,204,158,46
111000122,145,117,28
111000123,348,288,60
111000124,154,362,-208
111000125,89,137,-48
111000126,34,67,-33
111000127,445,21,424
111000128,1211,40,1171
111000129,1490,126,1364
111000130,1637,137,1500
111000131,1350,89,1261
111000132,1092,454,638
111000133,82,9,73
111000134,74,15,59
111000135,1,69,-68
111000136,354,47,307
111000138,4,6,-2
111000140,0,1,-1
111000141,25,34,-9
111000142,0,0,0
111000143,0,21,-21
111000144,1,55,-54
111000145,21,6,15
111000146,48,1,47
111000147,42,2,40
111000148,25,5,20
111000149,0,93,-93
111000150,4,2,2
111000151,3,1,2
111000153,143,15,128
111000154,28,33,-5
111000155,108,23,85
111000156,347,70,277
111000157,38,175,-137
111000158,457,340,117
111000159,748,468,280
111000160,217,35,182
111000161,1,64,-63
111000162,0,3,-3
111000163,51,50,1
111000164,14,242,-228
111000165,201,39,162
111000166,35,16,19
111000167,3,40,-37
111000168,71,46,25
111000169,105,15,90
111000170,104,68,36
111000171,112,28,84
111000172,35,96,-61
111000173,85,126,-41
111000174,14,15,-1
111000175,21,33,-12
111000176,158,28,130
111000177,334,34,300
111000178,793,54,739
111000179,256,14,242
111000180,88,131,-43
111000181,320,68,252
111000182,87,10,77
111000183,74,64,10
111000184,206,22,184
111000185,86,22,64
111000186,50,5,45
111000187,91,18,73
111000188,239,55,184
111000189,26,44,-18
111000190,18,29,-11
111000191,21,12,9
111000192,36,39,-3
111000193,40,17,23
111000194,3,12,-9
111000195,6,36,-30
111000196,27,12,15
111000197,289,18,271
111000198,237,4,233
111000199,153,28,125
111000200,384,164,220
111000201,364,29,335
111000202,218,34,184
111000203,218,57,161
111000204,146,614,-468
111000213,135,129,6
111000214,335,104,231
111000215,410,144,266
111000217,862,128,734
111000218,703,208,495
111000219,79,14,65
111000220,232,69,163
111000221,95,24,71
111000224,1,11,-10
111000225,368,396,-28
111000226,12,3,9
111000227,4,5,-1
111000228,1,412,-411
111000229,1,574,-573
111000230,35,28,7
111000231,390,64,326
111000232,340,172,168
111000233,338,74,264
111000234,22,102,-80
111000239,0,0,0
111000240,10,73,-63
111000241,0,0,0
111000242,36,31,5
111000243,0,0,0
111000244,332,24,308
111000245,341,45,296
111000246,383,57,326
111000247,190,73,117
111000248,399,68,331
111000249,238,41,197
111000250,60,8,52
111000251,52,21,31
111000253,3,5,-2
111000255,17,1,16
111000257,11,0,11
111000260,1,50,-49
111000261,452,5,447
111000271,3,38,-35
111000273,399,314,85
111000274,405,319,86
111000275,49,16,33
111000276,63,187,-124
111000277,75,42,33
111000278,186,38,148
111000291,631,3939,-3308
111000298,207,51,156
111000299,88,17,71
111000300,6,21,-15
111000302,91,30,61
111000303,124,11,113
111000312,24,11,13
111000315,0,20,-20
111000320,73,54,19
111000321,287,54,233
111000322,114,60,54
111000323,161,16,145
111000324,106,63,43
111000325,5,15,-10
111000326,74,59,15
111000327,157,125,32
111000328,65,95,-30
111000329,0,34,-34
111000330,17,3,14
111000331,6,1,5
111000332,138,164,-26
111000334,51,114,-63
111000335,398,13,385
111000337,586,7,579
111000338,7,2,5
111000339,235,8,227
111000340,3,85,-82
111000341,602,182,420
111000342,1,61,-60
111000344,521,216,305
111000345,11,5,6
111000346,3,3,0
111000347,101,1,100
111000350,86,154,-68
111000351,14,139,-125
111000352,46,14,32
111000353,21,103,-82
111000354,85,41,44
111000355,14,128,-114
111000358,50,66,-16
111000360,64,26,38
111000361,65,12,53
111000546,112,0,112
111000547,164,38,126
111000548,13,8,5
111000549,95,7,88
111000550,4,77,-73
111000551,29,31,-2
111000552,83,9,74
111000907,590,46,544
111000908,2,0,2
111000916,463,4,459
111000917,0,0,0
111000918,33,39,-6
111000920,183,1,182
111000921,0,6,-6
111000922,106,6,100
111000924,4,83,-79
111000925,2313,712,1601
111000926,536,377,159
111000927,1275,1480,-205
111000928,841,537,304
111000929,1356,303,1053
111000930,371,495,-124
111000931,1206,466,740
111000932,799,504,295
111000933,1933,1143,790
111000934,340,503,-163
111000935,1134,284,850
111000936,174,351,-177
111000937,618,409,209
111000938,473,302,171
111000939,351,8,343
111000940,338,11,327
111000941,126,33,93
111000943,355,75,280
111000944,45,45,0
111000945,168,0,168
111001109,221,143,78
111001110,61,3,58
111001111,31,6,25
111001112,181,1,180
111001113,0,41,-41
111001114,59,69,-10
111001115,0,4,-4
111001116,423,2125,-1702
111001117,20,93,-73
111001120,32,6,26
111001121,4,9,-5
111001122,59,32,27
111001123,127,63,64
111001124,35,14,21
111001125,9,379,-370
111001126,8,2,6
111001127,0,0,0
111900001,0,0,0
111900002,0,4,-4
111900003,1,23,-22
111900004,0,27,-27
111900006,0,0,0
111900007,0,0,0
111900008,0,0,0
111900009,8,0,8
111900010,2,3,-1
111900012,0,0,0
111900013,1,7,-6
111900014,295,1354,-1059
111900015,0,2,-2
111900016,0,2,-2
111900017,0,0,0
111900018,62,0,62
111900019,1,22,-21
111900020,0,4,-4
111900021,0,1,-1
111900022,1,1,0
111900023,56,10,46
111900024,14,1,13
111900025,1,10,-9
111900026,0,19,-19
111900027,0,0,0
111900028,0,0,0
111900029,0,7,-7
111900030,0,0,0
111900031,0,0,0
111900032,0,0,0
111900033,0,1,-1
111900034,0,0,0
111900035,0,0,0
111900036,0,0,0
111900038,0,0,0
111900039,0,0,0
111900040,0,0,0
111900042,0,0,0
111900043,0,0,0
111900044,0,0,0
111900046,0,0,0
111900048,113,59,54
111900049,0,0,0
111900050,0,0,0
111900051,0,5,-5
111900052,0,0,0
111900053,63,572,-509
111900054,0,0,0
111900055,1,43,-42
111900056,29,41,-12
111900057,51,14,37
111900058,290,9,281
111900059,77,62,15
111900060,0,0,0
111900061,1,6,-5
111900062,28,12,16
111900063,79,0,79
111900064,8,18,-10
111900065,51,15,36
111900066,9,0,9
111900067,0,0,0
111900068,10,16,-6
111900069,15,21,-6
111900070,26,0,26
111900071,0,0,0
111900072,23,16,7
111900073,69,8,61
111900074,0,0,0
111900075,67,2,65
111900076,25,14,11
111900077,38,2,36
111900078,49,4,45
111900079,27,19,8
111900080,0,0,0
111900082,203,34,169
111900083,39,3,36
111900084,132,11,121
111900085,0,0,0
111900086,211,5,206
111900087,40,1,39
111900088,169,2,167
111900089,84,2,82
111900090,0,0,0
111900091,421,1,420
111900092,78,17,61
111900093,111,2,109
111900094,61,1,60
111900095,0,0,0
111900096,178,0,178
111900097,49,0,49
111900098,75,0,75
111900099,14,0,14
111900100,0,0,0
111900101,4,0,4
111900102,30,0,30
111900103,0,0,0
111900104,0,0,0
111900105,6,1,5
111900106,68,19,49
111900110,0,0,0
111900111,67,13,54
111900112,0,0,0
111900113,52,27,25
111900118,32,3,29
111900119,0,12,-12
111900122,41,14,27
111900123,1,3,-2
111900124,0,6,-6
111900125,22,1,21
111900126,33,0,33
111900127,0,0,0
111900128,0,0,0
111900129,77,4,73
111900130,8,14,-6
111900131,41,0,41
111900132,0,0,0
111900133,0,0,0
111900134,0,0,0
111900135,0,0,0
111900136,0,0,0
111900137,24,1,23
111900138,3,32,-29
111900139,1,4,-3
111900140,36,6,30
111900141,53,0,53
111900142,36,0,36
111900143,4,0,4
111900144,3,0,3
111900145,0,0,0
111900146,0,0,0
111900147,0,0,0
111900148,0,0,0
111900149,0,0,0
111900150,0,0,0
111900151,0,0,0
111900152,0,0,0
111900153,0,0,0
111900154,0,0,0
111900155,0,0,0
111900156,0,0,0
111900157,0,0,0
111900158,0,0,0
111900159,0,0,0
111900160,0,0,0
111900161,0,0,0
111900162,0,0,0
111900163,0,0,0
111900164,0,0,0
111901113,76,0,76
111901114,55,0,55
111901115,2,0,2
111901116,0,0,0
111901117,0,0,0
111901118,0,1,-1
111901119,2,0,2
111901121,0,1,-1
111901122,0,1,-1
111901123,47,0,47
111901124,0,0,0
111901125,336,78,258
111901127,0,0,0
111901128,0,0,0
111901129,0,0,0
111901130,0,0,0
111901131,0,100,-100
111901132,0,0,0
111901133,0,0,0
111901134,0,0,0
111901135,0,0,0
111901136,0,0,0
111901138,0,0,0
111901139,0,0,0
111901140,0,0,0
111901141,0,0,0
111901142,0,0,0
111901143,0,0,0
111901144,0,0,0
111901145,2,0,2
111901146,0,0,0
111901147,12,0,12
111901148,0,2,-2
111901149,0,0,0
111901150,0,0,0
112000001,1618,691,927
112000002,166,208,-42
112000003,913,402,511
112000004,85,77,8
112000005,2793,2003,790
112000006,115,67,48
112000007,2179,1487,692
112000008,1822,2667,-845
112000009,2088,650,1438
112000010,1114,2627,-1513
112000011,665,364,301
112000012,2126,4242,-2116
112000013,857,561,296
112000014,199,2837,-2638
112000015,344,906,-562
112000016,421,1180,-759
112000017,122,430,-308
112000024,60,95,-35
112000026,426,524,-98
112000027,393,574,-181
112000028,337,78,259
112000029,112,425,-313
112000030,9,1,8
112000031,327,1760,-1433
112000032,3,1,2
112000033,393,1375,-982
112000034,3,1,2
112000035,7,54,-47
112000036,20,665,-645
112000037,39,150,-111
112000038,159,483,-324
112000039,72,13,59
112000040,10,17,-7
112000041,84,176,-92
112000042,309,51,258
112000050,598,678,-80
112000051,829,861,-32
112000054,561,598,-37
112000057,16,30,-14
112000058,56,195,-139
112000059,112,254,-142
112000061,597,291,306
112000062,211,443,-232
112000063,370,442,-72
112000064,615,486,129
112000065,351,152,199
112000066,729,706,23
112000067,89,42,47
112000068,1152,961,191
112000069,23,145,-122
112000070,209,328,-119
112000071,180,123,57
112000072,935,205,730
112000073,59,161,-102
112000074,457,244,213
112000075,847,416,431
112000076,891,322,569
112000077,700,140,560
112000078,853,171,682
112000079,1180,423,757
112000080,243,223,20
112000081,299,465,-166
112000082,489,385,104
112000083,297,346,-49
112000084,514,304,210
112000085,818,238,580
112000086,1412,446,966
112000087,246,67,179
112000088,417,119,298
112000089,92,87,5
112000090,107,49,58
112000091,193,86,107
112000092,1106,132,974
112000093,267,83,184
112000094,559,119,440
112000095,416,62,354
112000096,594,141,453
112000097,965,222,743
112000098,46,67,-21
112000099,319,983,-664
112000100,1049,165,884
112000101,42,65,-23
112000102,473,153,320
112000103,75,74,1
112000105,76,43,33
112000106,1221,58,1163
112000107,44,19,25
112000108,284,248,36
112000109,179,39,140
112000110,699,145,554
112000111,192,295,-103
112000112,759,58,701
112000113,125,113,12
112000114,789,159,630
112000115,104,37,67
112000116,67,36,31
112000117,59,60,-1
112000118,117,65,52
112000119,100,106,-6
112000120,2,6,-4
112000121,63,62,1
112000122,199,27,172
112000123,387,22,365
112000124,245,8,237
112000125,129,30,99
112000126,233,92,141
112000127,681,772,-91
112000128,103,426,-323
112000129,92,16,76
112000130,16,3,13
112000131,46,12,34
112000132,5,12,-7
112000133,158,21,137
112000134,122,49,73
112000135,512,91,421
112000136,165,199,-34
112000137,558,240,318
112000138,243,187,56
112000139,102,203,-101
112000140,47,105,-58
112000141,310,68,242
112000142,19,50,-31
112000143,767,46,721
112000144,49,76,-27
112000145,1542,108,1434
112000146,121,132,-11
112000147,1096,406,690
112000148,162,158,4
112000149,237,77,160
112000150,26,17,9
112000151,116,58,58
112000152,56,52,4
112000153,16,26,-10
112000154,63,0,63
112000155,16,24,-8
112000157,77,248,-171
112000158,102,40,62
112000159,110,43,67
112000167,10,3,7
112000169,86,601,-515
112000173,176,7,169
112000175,121,40,81
112000176,467,377,90
112000177,129,47,82
112000178,17,54,-37
112000179,91,10,81
112000180,39,3,36
112000181,304,76,228
112000182,788,99,689
112000183,53,32,21
112000184,183,41,142
112000185,25,53,-28
112000187,898,246,652
112000195,106,3,103
112000196,27,0,27
112000197,4,11,-7
112000198,4,8,-4
112000199,4,108,-104
112000202,255,0,255
112000216,4,28,-24
112000230,32,2,30
112000231,0,13,-13
112000256,43,77,-34
112000313,16,15,1
112000314,2,1,1
112000337,60,95,-35
112000352,0,17,-17
112000392,758,863,-105
112000398,631,299,332
112000399,417,2458,-2041
112000400,240,461,-221
112000401,599,538,61
112000402,1807,2924,-1117
112000403,406,2252,-1846
112000404,322,728,-406
112000405,1737,1546,191
112000406,833,582,251
112000407,3831,2518,1313
112000408,1279,920,359
112000409,421,809,-388
112000410,0,0,0
112000411,177,45,132
112000412,0,0,0
112000413,59,248,-189
112000414,27,3,24
112000415,23,0,23
112000416,1563,456,1107
112000417,110,60,50
112000421,42,6,36
112000422,70,28,42
112000424,102,757,-655
112000425,24,33,-9
112000426,13,43,-30
112000427,0,1,-1
112000428,47,39,8
112000429,696,872,-176
112000430,1074,1549,-475
112000431,53,66,-13
112000432,52,27,25
112000433,137,272,-135
112000437,48,93,-45
112900001,18,0,18
112900002,49,1,48
112900003,34,0,34
112900004,12,0,12
112900005,51,0,51
112900006,0,0,0
112900007,62,6,56
112900008,0,0,0
112900009,41,0,41
112900010,14,0,14
112900011,0,0,0
112900012,0,0,0
112900013,0,3,-3
112900014,0,0,0
112900015,6,18,-12
112900016,0,0,0
112900017,1,2,-1
112900018,0,0,0
112900019,0,0,0
112900020,19,23,-4
112900021,0,0,0
112900022,0,0,0
112900023,0,0,0
112900024,0,0,0
112900025,2,3,-1
112900026,0,0,0
112900027,1,1,0
112900028,1,0,1
112900029,45,10,35
112900030,0,0,0
112900031,0,0,0
112900032,0,0,0
112900034,2,1,1
112900035,0,0,0
112900036,0,0,0
112900037,0,0,0
112900038,67,0,67
112900039,0,0,0
112900040,0,0,0
112900041,4,24,-20
112900042,0,0,0
112900043,3,0,3
112900044,4,0,4
112900045,0,0,0
112900046,0,0,0
112900047,0,0,0
112900049,0,0,0
112900050,9,0,9
112900051,0,0,0
112900052,4,0,4
112900053,0,0,0
112900054,7,0,7
112900055,0,0,0
112900056,0,0,0
112900057,0,0,0
112900058,2,7,-5
112900059,0,0,0
112900060,0,0,0
112900061,0,0,0
112900062,0,0,0
112900063,0,0,0
112900064,0,0,0
112900065,0,0,0
112900066,7,33,-26
112900067,0,0,0
112900068,0,0,0
112900069,0,0,0
112900071,0,0,0
112900072,0,24,-24
112900073,74,8,66
112900074,0,0,0
112900075,25,1,24
112900076,0,0,0
112900078,0,0,0
112900079,0,0,0
112900080,0,0,0
112900081,1,6,-5
112900082,37,2,35
112900083,20,21,-1
112900084,0,0,0
112900086,0,0,0
112900087,47,0,47
112900088,26,1,25
112900089,149,2,147
112900090,0,0,0
112900091,0,0,0
112900092,12,0,12
112900093,0,0,0
112900095,0,0,0
112900096,73,10,63
112900097,2,2,0
112900098,1,0,1
112900099,171,9,162
112900100,0,0,0
112900101,0,0,0
112900102,0,0,0
112900103,0,0,0
112900104,0,0,0
112900105,0,0,0
112900106,4,0,4
112900107,1,0,1
112900108,0,0,0
112900109,13,0,13
112900110,0,0,0
112900111,0,0,0
112900112,6,0,6
112900113,0,0,0
112900114,0,0,0
112900115,489,7,482
112900116,24,0,24
112900117,0,0,0
112900118,0,0,0
112900119,0,0,0
112900120,0,0,0
112900121,0,0,0
112900122,0,0,0
112900123,0,0,0
112900124,0,0,0
112900125,0,2,-2
112900126,18,6,12
112900127,0,0,0
112900128,0,0,0
112900129,0,21,-21
112900130,0,0,0
112900131,0,0,0
112900132,0,0,0
112900133,0,26,-26
112900134,0,6,-6
112900135,0,0,0
112900137,0,6,-6
112900138,0,0,0
112900139,0,0,0
112900141,155,0,155
112900142,0,0,0
112900143,0,0,0
112900144,0,0,0
112900145,0,0,0
112900146,0,0,0
112900147,0,0,0
112900148,0,0,0
112900149,0,0,0
112900151,0,0,0
112900152,103,2,101
112900153,7,93,-86
112900154,0,0,0
112900155,12,0,12
112900156,40,0,40
112900157,188,3,185
112900158,1,0,1
112900159,0,0,0
112900160,0,0,0
112900161,0,0,0
112900162,0,0,0
112900163,0,0,0
112900164,0,0,0
112900165,0,0,0
112900166,0,0,0
112900167,0,0,0
112900168,0,0,0
112900169,0,0,0
112900170,0,0,0
112900172,0,0,0
112900173,0,0,0
112900174,0,0,0
112900175,0,0,0
112900176,0,0,0
112900177,0,0,0
112900178,0,0,0
112900179,1,18,-17
112900180,178,27,151
112900181,0,0,0
112900182,0,0,0
112900183,0,0,0
112900184,39,9,30
112900185,0,13,-13
112900186,33,52,-19
112900187,0,0,0
112900188,38,22,16
112900189,0,0,0
112900190,0,0,0
112900192,74,41,33
112900193,61,34,27
112900194,0,0,0
112900195,82,0,82
112900196,53,10,43
112900197,1,15,-14
112900199,57,1,56
112900200,11,0,11
112900201,0,0,0
112900202,0,14,-14
112900203,2,0,2
112900204,8,11,-3
112900205,5,0,5
112900206,2,0,2
112900207,0,0,0
112900208,0,1,-1
112900209,0,0,0
112900210,0,0,0
112900211,0,0,0
112900212,0,0,0
112900213,0,0,0
112900214,0,0,0
112900215,0,0,0
112900216,0,0,0
112900217,0,0,0
112900218,18,0,18
112900219,1,0,1
112900220,0,0,0
112900221,10,2,8
112900222,0,5,-5
112900223,161,0,161
112900224,32,0,32
112900225,0,0,0
112900226,0,0,0
112900227,161,0,161
112900228,27,0,27
112900229,0,0,0
112900230,150,148,2
112900232,1,3,-2
112900233,0,0,0
112900234,0,0,0
112900235,0,0,0
112900236,0,0,0
112900237,74,2,72
112900238,0,0,0
112900239,0,0,0
112900240,0,0,0
112900241,0,0,0
112900242,0,0,0
112900243,0,0,0
112900244,0,0,0
112900245,0,0,0
112900246,1,0,1
112900247,3,0,3
112900248,0,0,0
112900249,5,0,5
112900250,0,0,0
112900251,0,0,0
112900252,0,0,0
112900253,0,0,0
112900254,0,0,0
112900255,0,0,0
112900256,0,0,0
112900257,0,0,0
112900258,0,0,0
113000001,1379,1413,-34
113000002,1632,1825,-193
113000003,320,708,-388
113000004,439,697,-258
113000005,345,337,8
113000006,202,721,-519
113000007,424,308,116
113000008,299,633,-334
113000009,311,261,50
113000010,438,294,144
113000011,231,139,92
113000012,506,67,439
113000013,96,103,-7
113000014,161,290,-129
113000015,26,76,-50
113000016,2,24,-22
113000017,2,4,-2
113000018,62,3,59
113000019,0,0,0
113000020,304,17,287
113000021,410,111,299
113000022,227,276,-49
113000025,4,31,-27
113000026,158,263,-105
113000027,96,188,-92
113000028,12,94,-82
113000029,344,336,8
113000030,0,0,0
113000031,0,0,0
113000032,66,72,-6
113000033,137,91,46
113000034,0,0,0
113000035,0,0,0
113000036,20,30,-10
113000037,0,0,0
113000038,19,25,-6
113000039,1,23,-22
113000040,3,4,-1
113000042,149,223,-74
113000051,372,987,-615
113000052,305,118,187
113000053,71,65,6
113000054,67,446,-379
113000055,535,153,382
113000056,595,197,398
113000058,112,359,-247
113000059,457,137,320
113000060,90,204,-114
113000061,171,227,-56
113000062,156,69,87
113000063,193,51,142
113000064,101,39,62
113000065,144,78,66
113000066,494,39,455
113000067,777,74,703
113000068,169,180,-11
113000069,100,188,-88
113000070,819,96,723
113000071,122,74,48
113000072,200,80,120
113000073,97,256,-159
113000074,187,95,92
113000075,636,178,458
113000076,161,671,-510
113000077,185,324,-139
113000078,137,271,-134
113000079,40,91,-51
113000080,70,138,-68
113000081,189,201,-12
113000082,163,44,119
113000083,267,385,-118
113000084,402,232,170
113000085,395,295,100
113000086,276,293,-17
113000087,424,646,-222
113000088,221,162,59
113000089,375,908,-533
113000090,25,228,-203
113000091,64,1,63
113000094,491,85,406
113000095,69,19,50
113000096,44,25,19
113000097,173,45,128
113000098,2,6,-4
113000099,260,48,212
113000100,47,32,15
113000101,10,14,-4
113000102,130,82,48
113000103,474,107,367
113000104,394,925,-531
113000105,375,106,269
113000106,124,59,65
113000107,508,359,149
113000108,446,345,101
113000109,113,285,-172
113000110,456,240,216
113000111,22,117,-95
113000112,126,186,-60
113000113,491,217,274
113000114,16,206,-190
113000116,55,56,-1
113000117,84,62,22
113000118,15,256,-241
113000119,156,92,64
113000120,61,341,-280
113000121,102,80,22
113000124,202,71,131
113000125,1,372,-371
113000127,158,10,148
113000128,57,161,-104
113000129,0,0,0
113000133,280,6,274
113000134,4,474,-470
113000135,1624,1777,-153
113000137,431,909,-478
113000139,152,45,107
113000140,0,0,0
113000141,70,44,26
113000142,71,110,-39
113000143,81,184,-103
113000144,8,33,-25
113000145,70,11,59
113000146,0,0,0
113000147,0,0,0
113000148,100,38,62
113000149,94,98,-4
113000150,0,1,-1
113000151,0,0,0
113000152,3,81,-78
113000153,155,130,25
113000154,38,347,-309
113000155,101,235,-134
113000156,50,66,-16
113000157,59,99,-40
113000158,110,6,104
113000159,290,12,278
113000160,106,115,-9
113000161,159,129,30
113000162,0,0,0
113000163,14,12,2
113000164,0,0,0
113000166,129,17,112
113000167,0,0,0
113000168,0,0,0
113000169,117,6,111
113000170,94,22,72
113000171,0,0,0
113000172,162,9,153
113000173,71,8,63
113000174,0,1,-1
113000175,197,21,176
113000176,298,12,286
113000177,0,0,0
113000178,0,0,0
113000179,236,18,218
113000180,456,721,-265
113000181,588,591,-3
113000182,8,27,-19
113000183,53,197,-144
113000184,0,0,0
113000189,14,122,-108
113000190,96,74,22
113000192,271,823,-552
113000193,526,767,-241
113000194,202,566,-364
113000195,266,575,-309
113000196,124,95,29
113000197,402,821,-419
113000198,9,81,-72
113000199,253,55,198
113000201,13,16,-3
113000202,843,105,738
113000203,27,3,24
113000204,96,868,-772
113000205,0,0,0
113000206,0,17,-17
113000207,0,0,0
113000208,6,34,-28
113000209,0,0,0
113000210,0,10,-10
113000211,53,26,27
113000212,16,5,11
113000213,14,16,-2
113000214,2,1,1
113000234,2,56,-54
113000410,5,46,-41
113000411,562,896,-334
113000412,856,406,450
113000413,590,719,-129
113000414,1030,3521,-2491
113000415,312,427,-115
113000416,549,470,79
113000417,243,373,-130
113000418,1436,1503,-67
113000419,503,751,-248
113000420,1210,1769,-559
113000421,2050,3104,-1054
113000422,2163,2556,-393
113000423,586,1487,-901
113000424,873,2812,-1939
113000425,6,52,-46
113000428,4,2,2
113000430,0,0,0
113000432,846,39,807
113000433,19,140,-121
113000434,0,0,0
113000435,0,0,0
113000436,0,15,-15
113000437,434,3,431
113000438,72,2,70
113000439,0,0,0
113000440,33,5,28
113000441,87,42,45
113000442,0,1,-1
113000443,52,11,41
113000444,0,0,0
113000445,37,28,9
113000446,0,0,0
113000448,0,0,0
113000449,4,416,-412
113000450,29,632,-603
113000451,0,0,0
113000452,67,178,-111
113000453,0,0,0
113000454,52,62,-10
113000455,0,0,0
113000456,130,69,61
113000468,179,28,151
113000469,6,21,-15
113000470,137,38,99
113000471,3,67,-64
113000472,11,33,-22
113000474,767,718,49
113000475,353,657,-304
113000476,622,1110,-488
113000477,1901,899,1002
113000478,1245,1598,-353
113000479,4,15,-11
113000484,0,0,0
113000485,0,0,0
113000486,0,0,0
113000487,0,0,0
113000488,0,0,0
113000489,0,0,0
113000490,0,0,0
113000491,0,0,0
113000492,0,0,0
113000493,0,0,0
113000495,0,0,0
113000496,43,40,3
113900001,0,0,0
113900002,0,0,0
113900003,0,0,0
113900004,0,0,0
113900005,0,0,0
113900006,0,0,0
113900007,0,0,0
113900008,0,0,0
113900009,0,0,0
113900010,0,0,0
113900011,0,0,0
113900012,0,0,0
113900013,0,0,0
113900014,156,2,154
113900015,0,0,0
113900016,0,0,0
113900017,0,0,0
113900018,0,0,0
113900019,0,0,0
113900020,80,0,80
113900022,26,5,21
113900023,0,0,0
113900024,0,0,0
113900025,47,10,37
113900026,1,0,1
113900027,1,0,1
113900028,0,0,0
113900029,0,0,0
113900030,63,0,63
113900031,0,0,0
113900032,0,0,0
113900033,0,0,0
113900035,0,0,0
113900036,0,0,0
113900037,0,0,0
113900038,0,0,0
113900039,45,5,40
113900040,0,2,-2
113900041,0,0,0
113900042,0,0,0
113900043,0,0,0
113900044,5,32,-27
113900045,0,0,0
113900046,0,0,0
113900047,0,0,0
113900048,0,0,0
113900049,0,0,0
113900050,4,27,-23
113900051,0,0,0
113900052,21,1,20
113900053,75,115,-40
113900054,0,0,0
113900055,0,0,0
113900056,0,0,0
113900057,0,0,0
113900058,0,0,0
113900059,0,0,0
113900060,8,1,7
113900061,4,23,-19
113900062,0,0,0
113900063,0,0,0
113900064,0,0,0
113900065,195,3,192
113900066,0,0,0
113900067,14,3,11
113900068,78,107,-29
113900069,0,0,0
113900070,0,0,0
113900071,0,0,0
113900072,0,0,0
113900073,116,115,1
113900074,42,24,18
113900075,66,230,-164
113900076,0,0,0
113900077,0,0,0
113900078,0,0,0
113900079,0,0,0
113900080,15,0,15
113900081,0,0,0
113900082,0,0,0
113900083,10,28,-18
113900084,20,4,16
113900085,0,0,0
113900086,1,0,1
113900087,0,0,0
113900088,0,0,0
113900089,149,5,144
113900090,1,3,-2
113900091,0,0,0
113900092,0,0,0
113900093,4,0,4
113900094,6,7,-1
113900095,10,1,9
113900096,0,0,0
113900097,0,0,0
113900098,215,8,207
113900099,0,0,0
113900100,0,0,0
113900101,0,0,0
113900102,0,0,0
113900103,1,14,-13
113900104,53,16,37
113900105,2,0,2
113900106,0,0,0
113900107,0,0,0
113900108,0,0,0
113900109,1,0,1
113900110,0,0,0
113900111,0,0,0
113900112,15,0,15
113900113,21,12,9
113900114,0,0,0
113900115,0,0,0
113900116,0,0,0
113900117,1,0,1
113900118,2,7,-5
113900119,7,67,-60
113900120,0,0,0
113900121,0,0,0
113900122,16,912,-896
113900123,2,1,1
113900124,0,0,0
113900125,10,0,10
113900126,0,0,0
113900127,0,0,0
113900128,0,0,0
113900129,1,49,-48
113900130,0,0,0
113900131,0,0,0
113900132,0,0,0
113900133,0,0,0
113900135,0,0,0
113900136,0,0,0
113900137,0,1,-1
113900138,0,0,0
113900139,0,0,0
113900140,19,18,1
113900141,0,0,0
113900142,0,0,0
113900143,0,0,0
113900144,13,5,8
113900145,0,0,0
113900146,0,0,0
113900148,0,0,0
113900149,0,0,0
113900150,59,2,57
113900151,0,0,0
113900152,0,5,-5
113900153,0,0,0
113900154,0,0,0
113900155,0,0,0
113900156,0,0,0
113900157,0,9,-9
113900158,0,0,0
113900159,0,0,0
113900160,0,0,0
113900161,0,0,0
113900162,8,17,-9
113900163,0,0,0
113900164,0,0,0
113900165,0,0,0
113900166,2,1,1
113900167,0,0,0
113900168,0,0,0
113900169,0,0,0
113900171,0,0,0
113900172,0,0,0
113900173,0,23,-23
113900174,0,0,0
113900175,64,10,54
113900176,0,0,0
113900177,1,3,-2
113900178,0,0,0
113900179,0,36,-36
113900180,7,0,7
113900181,60,0,60
113900182,0,0,0
113900183,1,4,-3
113900184,0,48,-48
113900185,0,6,-6
113900186,0,0,0
113900187,3,5,-2
113900188,0,0,0
113900189,0,0,0
113900190,0,0,0
113900191,0,0,0
113900192,0,0,0
113900193,0,5,-5
113900194,46,18,28
113900195,0,0,0
113900196,0,0,0
113900197,0,1,-1
113900198,0,0,0
113900199,0,18,-18
113900200,0,0,0
113900201,0,4,-4
113900202,0,0,0
113900203,0,5,-5
113900204,0,4,-4
113900205,0,0,0
113900206,0,0,0
113900207,0,0,0
113900208,0,0,0
113900209,0,0,0
113900210,0,0,0
113900211,0,0,0
113900212,99,4,95
113900214,5,36,-31
113900215,228,0,228
113900216,1,0,1
113900217,0,0,0
113900218,0,0,0
113900219,0,0,0
113900220,0,0,0
113900221,2,26,-24
113900222,0,0,0
113900223,0,0,0
113900224,0,0,0
113900225,14,8,6
113900226,16,4,12
113900227,4,7,-3
113900228,0,0,0
113900229,0,20,-20
113900230,86,8,78
113900231,0,0,0
113900232,0,0,0
113900233,0,0,0
113900234,0,0,0
113900235,0,0,0
113900236,84,0,84
113900237,0,0,0
113900238,7,72,-65
113900239,0,0,0
113900240,0,0,0
113900241,0,0,0
113900242,0,0,0
113900243,1,11,-10
113900244,5,8,-3
113900245,15,1,14
113900246,1,4,-3
113900247,34,115,-81
113900248,0,0,0
113900249,6,111,-105
113900250,0,35,-35
113900251,189,3,186
113900252,177,0,177
113900253,68,0,68
113900254,152,23,129
113900255,255,4,251
113900256,154,1,153
113900257,1,28,-27
113900258,0,42,-42
113900259,118,1,117
113900260,154,0,154
113900261,5,2,3
113900262,48,21,27
113900263,0,3,-3
113900264,0,2,-2
113900265,20,0,20
113900266,3,0,3
113900267,0,0,0
113900268,7,49,-42
113900269,0,0,0
113900270,0,0,0
113900271,0,0,0
113900273,0,1,-1
113900274,12,1,11
113900275,0,0,0
113900276,0,3,-3
113900277,53,0,53
113900278,0,0,0
113900279,0,0,0
113900280,11,2,9
113900281,4,89,-85
113900282,0,0,0
113900283,0,0,0
113900284,282,131,151
113900285,1,0,1
113900286,0,0,0
113900287,0,0,0
113900288,0,0,0
113900289,0,0,0
113900290,0,0,0
113900291,0,0,0
113900292,1,1,0
113900293,14,0,14
113900294,196,5,191
113900295,26,83,-57
113900296,132,21,111
113900297,180,0,180
113900298,0,0,0
113900299,2,0,2
113900300,335,33,302
113900301,40,1,39
113900302,54,4,50
113900303,0,0,0
113900304,0,0,0
113900305,51,0,51
113900306,29,0,29
113900307,0,0,0
113900308,1,0,1
113900309,0,6,-6
113900310,1,0,1
113900311,3,0,3
113900312,0,0,0
113900313,0,0,0
113900314,0,0,0
113900315,1,0,1
114000001,385,368,17
114000002,57,72,-15
114000003,16,47,-31
114000004,91,29,62
114000005,65,18,47
114000006,266,255,11
114000007,185,104,81
114000008,232,270,-38
114000009,150,99,51
114000011,1439,315,1124
114000012,1716,205,1511
114000013,1161,326,835
114000014,81,33,48
114000015,172,11,161
114000016,8,35,-27
114000017,29,164,-135
114000018,19,9,10
114000026,1024,336,688
114000027,1383,667,716
114000028,598,1205,-607
114000038,25,3,22
114000039,0,0,0
114000040,84,119,-35
114000042,3,63,-60
114000043,133,42,91
114000044,64,27,37
114000045,24,15,9
114000046,331,523,-192
114000047,19,49,-30
114000048,29,46,-17
114000049,553,305,248
114000050,288,326,-38
114000051,592,724,-132
114000052,644,779,-135
114000053,73,189,-116
114000054,40,251,-211
114000055,32,1,31
114000056,1,80,-79
114000057,576,559,17
114000058,1,20,-19
114000059,13,22,-9
114000060,45,133,-88
114000061,519,1047,-528
114000062,88,443,-355
114000063,104,147,-43
114000064,292,396,-104
114000065,191,401,-210
114000066,246,396,-150
114000067,41,222,-181
114000068,79,121,-42
114000069,138,37,101
114000070,903,665,238
114000071,61,10,51
114000072,140,9,131
114000073,28,25,3
114000074,6,7,-1
114000075,11,1,10
114000076,15,1,14
114000077,0,0,0
114000078,17,14,3
114000079,21,0,21
114000080,11,61,-50
114000081,41,53,-12
114000082,5,82,-77
114000083,0,0,0
114000084,68,42,26
114000085,14,10,4
114000086,12,14,-2
114000087,0,0,0
114000088,37,16,21
114000089,93,13,80
114000090,245,339,-94
114000091,183,277,-94
114000092,129,60,69
114000093,315,135,180
114000094,186,132,54
114000095,55,171,-116
114000096,23,52,-29
114000097,75,63,12
114000098,259,67,192
114000099,300,45,255
114000100,1083,96,987
114000101,218,72,146
114000102,187,86,101
114000103,53,76,-23
114000104,0,24,-24
114000105,16,10,6
114000106,132,352,-220
114000107,138,13,125
114000108,29,55,-26
114000109,446,701,-255
114000110,6,14,-8
114000111,807,339,468
114000112,2,30,-28
114000113,966,141,825
114000114,10,24,-14
114000115,1090,279,811
114000116,744,1511,-767
114000117,1867,146,1721
114000118,1674,138,1536
114000119,1780,243,1537
114000120,213,187,26
114000121,0,0,0
114000122,179,24,155
114000123,774,64,710
114000124,498,65,433
114000125,249,315,-66
114000126,759,61,698
114000127,80,25,55
114000128,461,53,408
114000130,149,211,-62
114000131,109,13,96
114000132,105,63,42
114000133,97,80,17
114000134,0,0,0
114000138,0,0,0
114000139,106,192,-86
114000144,265,247,18
114000145,0,0,0
114000146,0,0,0
114000147,639,1308,-669
114000148,215,433,-218
114000149,32,77,-45
114000150,21,43,-22
114000151,172,1085,-913
114000152,13,17,-4
114000153,77,361,-284
114000154,112,99,13
114000155,319,808,-489
114000156,326,362,-36
114000157,76,297,-221
114000158,80,46,34
114000159,23,39,-16
114000160,2,54,-52
114000161,291,703,-412
114000162,715,994,-279
114000163,0,0,0
114000165,112,213,-101
114000166,89,92,-3
114000167,937,336,601
114000168,24,2,22
114000169,365,561,-196
114000170,501,295,206
114000171,659,3150,-2491
114000174,4,5,-1
114000176,11,1,10
114000177,36,6,30
114000178,85,29,56
114000179,517,385,132
114000180,13,13,0
114000181,378,1711,-1333
114000182,341,299,42
114000183,147,52,95
114000184,116,84,32
114000185,673,516,157
114000189,757,66,691
114000190,2255,491,1764
114000191,32,114,-82
114000192,0,0,0
114000193,0,0,0
114000194,733,377,356
114000195,192,29,163
114000196,0,0,0
114000197,1359,5,1354
114000198,0,0,0
114000199,2,44,-42
114000200,150,83,67
114000201,36,68,-32
114000202,478,224,254
114000203,234,213,21
114000204,0,0,0
114000205,24,164,-140
114000206,38,200,-162
114000207,89,126,-37
114000208,79,70,9
114000209,62,86,-24
114000210,34,160,-126
114000211,1261,467,794
114000212,444,479,-35
114000213,1483,456,1027
114000214,13,0,13
114000215,44,0,44
114000216,493,120,373
114000217,305,116,189
114000218,48,10,38
114000219,555,51,504
114000220,0,1,-1
114000221,512,45,467
114000222,12,68,-56
114000223,432,90,342
114000224,13,97,-84
114000225,117,31,86
114000226,167,23,144
114000227,881,273,608
114000228,630,137,493
114000229,585,254,331
114000230,1428,302,1126
114000231,473,342,131
114000232,604,151,453
114000233,1379,20,1359
114000234,865,349,516
114000235,547,299,248
114000236,0,0,0
114000237,86,166,-80
114000238,72,233,-161
114000239,80,232,-152
114000240,390,367,23
114000241,96,138,-42
114000242,182,101,81
114000243,1095,668,427
114000244,311,137,174
114000245,82,118,-36
114000246,0,0,0
114000247,408,202,206
114000248,915,467,448
114000249,662,152,510
114000250,272,35,237
114000251,190,10,180
114000252,0,14,-14
114000253,19,14,5
114000254,0,0,0
114000255,7,112,-105
114000256,66,187,-121
114000257,80,203,-123
114000258,102,48,54
114000259,0,0,0
114000260,0,0,0
114000261,17,6,11
114000262,0,0,0
114000263,35,0,35
114000264,183,40,143
114000265,0,0,0
114000267,1,477,-476
114000268,0,0,0
114000270,87,1,86
114000271,86,43,43
114000283,621,77,544
114000285,0,0,0
114000288,3,2,1
114000289,284,31,253
114000293,87,16,71
114000294,65,178,-113
114000395,502,3,499
114000396,206,108,98
114000402,386,118,268
114000403,302,45,257
114000405,107,74,33
114000423,210,50,160
114000424,266,107,159
114000425,434,86,348
114000426,162,401,-239
114000427,35,9,26
114000428,27,55,-28
114000429,61,6,55
114000432,76,25,51
114000434,0,9,-9
114000435,1,0,1
114900001,236,50,186
114900002,65,2,63
114900003,191,60,131
114900004,12,69,-57
114900005,65,45,20
114900006,9,5,4
114900007,29,0,29
114900008,53,5,48
114900010,14,46,-32
114900011,74,30,44
114900013,24,20,4
114900018,202,2,200
114900020,5,11,-6
114900022,4,7,-3
114900025,128,28,100
114900026,51,4,47
114900029,24,0,24
114900030,67,8,59
114900031,132,1,131
114900032,111,0,111
114900034,0,0,0
114900035,4,7,-3
114900036,112,23,89
114900039,0,0,0
114900040,0,0,0
114900041,0,0,0
114900042,0,0,0
114900044,0,0,0
114900047,0,0,0
114900048,0,0,0
114900049,0,0,0
114900050,0,0,0
114900051,0,0,0
114900052,0,0,0
114900053,0,0,0
114900054,0,0,0
114900057,34,1,33
114900058,0,0,0
114900059,8,3,5
114900063,0,0,0
114900064,0,0,0
114900065,0,0,0
114900067,0,0,0
114900068,0,0,0
114900069,0,0,0
114900070,80,14,66
114900072,0,0,0
114900073,0,0,0
114900074,191,3,188
114900075,42,0,42
114900076,0,0,0
114900080,109,28,81
114900082,462,11,451
114900083,1,0,1
114900090,64,41,23
114900091,0,0,0
114900097,20,0,20
114900098,0,2,-2
114900099,22,0,22
115000001,503,683,-180
115000002,1857,3175,-1318
115000003,554,310,244
115000004,2217,3167,-950
115000005,138,154,-16
115000006,548,708,-160
115000007,115,264,-149
115000008,215,134,81
115000009,223,272,-49
115000010,98,112,-14
115000013,0,0,0
115000015,0,0,0
115000016,1,311,-310
115000019,44,101,-57
115000020,14,159,-145
115000021,0,48,-48
115000022,5,38,-33
115000023,153,307,-154
115000024,0,8,-8
115000025,472,198,274
115000026,0,0,0
115000027,194,62,132
115000028,0,0,0
115000029,570,14,556
115000030,0,26,-26
115000031,283,18,265
115000032,0,0,0
115000033,114,3,111
115000034,0,0,0
115000035,389,3,386
115000036,0,0,0
115000037,204,17,187
115000038,31,306,-275
115000039,870,958,-88
115000040,754,632,122
115000041,425,1578,-1153
115000042,214,88,126
115000043,1330,896,434
115000044,825,237,588
115000045,414,116,298
115000046,1731,759,972
115000047,1758,381,1377
115000048,446,228,218
115000049,409,515,-106
115000050,1570,431,1139
115000051,823,1954,-1131
115000052,277,434,-157
115000053,861,1856,-995
115000054,197,155,42
115000055,3,106,-103
115000056,85,72,13
115000057,64,229,-165
115000058,37,129,-92
115000059,18,143,-125
115000061,68,63,5
115000062,33,10,23
115000063,17,3,14
115000064,118,17,101
115000065,4,3,1
115000067,118,4,114
115000069,4,5,-1
115000070,2,53,-51
115000071,36,25,11
115000072,0,0,0
115000073,548,111,437
115000075,67,29,38
115000076,654,401,253
115000077,613,339,274
115000078,634,180,454
115000079,439,318,121
115000080,1244,407,837
115000081,32,26,6
115000082,1876,1591,285
115000083,597,250,347
115000084,1941,239,1702
115000085,227,217,10
115000086,695,210,485
115000087,142,394,-252
115000088,790,294,496
115000089,102,143,-41
115000090,224,177,47
115000091,225,159,66
115000092,443,180,263
115000093,326,1,325
115000094,2029,3272,-1243
115000095,895,2484,-1589
115000096,381,245,136
115000097,581,590,-9
115000098,751,68,683
115000099,1215,344,871
115000100,935,167,768
115000101,44,40,4
115000102,263,171,92
115000103,191,157,34
115000105,48,35,13
115000106,233,151,82
115000107,22,41,-19
115000108,347,261,86
115000109,1037,1984,-947
115000110,558,524,34
115000111,115,548,-433
115000112,214,150,64
115000113,204,314,-110
115000114,197,86,111
115000116,408,395,13
115000117,381,261,120
115000118,376,719,-343
115000119,443,279,164
115000120,156,1003,-847
115000121,246,173,73
115000122,374,271,103
115000123,172,1303,-1131
115000124,182,262,-80
115000125,106,411,-305
115000126,57,261,-204
115000127,98,13,85
115000128,31,343,-312
115000129,54,53,1
115000130,172,53,119
115000131,250,53,197
115000132,148,28,120
115000133,201,33,168
115000134,114,30,84
115000135,39,5,34
115000136,57,60,-3
115000137,6,2,4
115000138,169,57,112
115000139,17,14,3
115000140,270,36,234
115000141,60,7,53
115000142,20,11,9
115000143,662,251,411
115000144,151,13,138
115000145,53,12,41
115000146,273,92,181
115000147,135,37,98
115000148,93,212,-119
115000149,159,209,-50
115000150,137,93,44
115000151,440,191,249
115000152,191,150,41
115000153,581,139,442
115000154,363,93,270
115000155,136,110,26
115000156,148,367,-219
115000157,50,102,-52
115000158,9,94,-85
115000159,65,57,8
115000160,103,89,14
115000161,41,200,-159
115000162,502,574,-72
115000163,97,124,-27
115000164,38,152,-114
115000165,219,406,-187
115000167,152,28,124
115000168,146,125,21
115000169,8,20,-12
115000170,1,0,1
115000171,167,175,-8
115000172,20,19,1
115000173,59,101,-42
115000174,29,185,-156
115000175,2,2,0
115000176,12,67,-55
115000177,0,12,-12
115000178,1,4,-3
115000179,1,28,-27
115000180,1,11,-10
115000181,382,18,364
115000182,549,52,497
115000183,5,12,-7
115000186,189,7,182
115000187,30,19,11
115000188,318,99,219
115000189,25,19,6
115000190,170,96,74
115000191,6,14,-8
115000194,0,0,0
115000195,71,48,23
115000196,129,31,98
115000197,53,42,11
115000198,373,27,346
115000199,109,87,22
115000200,152,22,130
115000201,29,23,6
115000206,274,7,267
115000207,0,0,0
115000208,44,10,34
115000209,371,89,282
115000210,63,25,38
115000211,60,9,51
115000212,125,23,102
115000224,22,15,7
115000225,32,11,21
115000229,27,12,15
115000230,30,35,-5
115000231,216,124,92
115000232,1205,151,1054
115000233,1,23,-22
115000234,2,13,-11
115000241,14,26,-12
115000242,81,10,71
115000243,4,12,-8
115000244,15,18,-3
115000246,0,4,-4
115000247,0,0,0
115000248,1,0,1
115000249,0,0,0
115000250,118,8,110
115000251,54,6,48
115000252,3,27,-24
115000253,0,101,-101
115000258,142,9,133
115000259,49,1,48
115000261,30,0,30
115000262,1,12,-11
115000263,0,43,-43
115000264,1,13,-12
115000267,12,20,-8
115000268,0,0,0
115000269,25,3,22
115000270,9,36,-27
115000272,29,4,25
115000273,99,0,99
115000280,92,450,-358
115000281,0,0,0
115000282,108,343,-235
115000284,5,18,-13
115000296,146,0,146
115000297,7,335,-328
115000298,0,0,0
115000300,117,5,112
115000302,281,52,229
115000303,373,20,353
115000304,322,13,309
115000305,7,50,-43
115000306,6,3,3
115000307,29,6,23
115000308,0,1,-1
115000309,3,21,-18
115000310,365,155,210
115000311,848,264,584
115000313,3,32,-29
115000314,110,39,71
115000315,14,38,-24
115000316,1,15,-14
115000317,47,32,15
115000318,493,63,430
115000319,0,18,-18
115000320,0,46,-46
115000321,95,13,82
115000322,1,5,-4
115000449,6,14,-8
115000557,0,0,0
115000558,64,19,45
115000587,271,103,168
115000588,83,115,-32
115000589,1593,1025,568
115000590,24,25,-1
115000591,341,320,21
115000592,22,27,-5
115000593,763,447,316
115000594,16,32,-16
115000609,84,74,10
115000617,31,456,-425
115000624,81,2,79
115000633,271,155,116
115000634,1537,279,1258
115000635,270,62,208
115000638,2,36,-34
115000641,3,7,-4
115000642,110,10,100
115000643,3,0,3
115000644,4,4,0
115000646,181,278,-97
115000647,30,47,-17
115000648,886,47,839
115000893,852,501,351
115000894,0,5,-5
115000895,0,4,-4
115000896,311,214,97
115000897,132,9,123
115000898,91,168,-77
115000899,4,62,-58
115000900,1,168,-167
115000901,0,0,0
115000912,157,84,73
115000913,0,2,-2
115000915,17,0,17
115000916,1,0,1
115000917,0,8,-8
115000918,15,248,-233
115000919,1,7,-6
115000920,0,0,0
115000921,0,0,0
115000922,138,410,-272
115000923,0,9,-9
115000925,4,2,2
115000927,1,12,-11
115000933,1,35,-34
115000934,5,31,-26
115000935,25,3,22
115000936,2,289,-287
115000937,127,110,17
115000938,13,43,-30
115000939,8,26,-18
115000940,0,14,-14
115000941,0,20,-20
115000942,1,91,-90
115000943,0,0,0
115000944,0,0,0
115900001,93,0,93
115900002,2,0,2
115900003,28,2,26
115900004,0,0,0
115900005,53,1,52
115900006,0,1,-1
115900008,5,0,5
115900009,1,2,-1
115900010,180,9,171
115900011,42,2,40
115900012,19,0,19
115900013,82,9,73
115900014,11,9,2
115900015,25,0,25
115900016,34,0,34
115900017,0,3,-3
115900018,22,3,19
115900019,0,0,0
115900020,41,16,25
115900021,47,0,47
115900022,24,0,24
115900023,2,1,1
115900025,3,0,3
115900026,78,1,77
115900027,0,0,0
115900028,18,19,-1
115900029,6,13,-7
115900030,0,0,0
115900031,0,20,-20
115900032,39,29,10
115900033,0,0,0
115900034,1,15,-14
115900035,0,0,0
115900036,0,226,-226
115900037,0,5,-5
115900038,0,0,0
115900039,21,4,17
115900041,10,110,-100
115900042,1,0,1
115900043,15,1,14
115900044,31,84,-53
115900046,202,13,189
115900047,3,20,-17
115900049,24,2,22
115900051,0,0,0
115900052,0,0,0
115900053,93,3,90
115900054,95,0,95
115900055,0,0,0
115900056,27,12,15
115900057,2,4,-2
115900058,0,0,0
115900060,0,4,-4
115900061,35,0,35
115900062,3,13,-10
115900063,0,0,0
115900064,3,11,-8
115900065,21,3,18
115900066,3,1,2
115900067,0,5,-5
115900068,0,0,0
115900069,1,1,0
115900070,16,2,14
115900071,0,0,0
115900072,2,28,-26
115900073,14,25,-11
115900074,0,0,0
115900075,0,0,0
115900076,0,3,-3
115900077,0,0,0
115900078,12,4,8
115900079,159,0,159
115900080,17,4,13
115900081,24,12,12
115900082,20,9,11
115900084,118,0,118
115900085,0,0,0
115900086,132,11,121
115900088,0,0,0
115900089,213,0,213
115900090,87,0,87
115900091,0,0,0
115900092,0,0,0
115900093,0,0,0
115900094,0,0,0
115900096,0,0,0
115900097,0,0,0
115900098,0,0,0
115900099,3,0,3
115900100,0,23,-23
115900101,0,0,0
115900102,16,1,15
115900103,0,0,0
115900104,45,3,42
115900105,48,2,46
115900106,0,0,0
115900107,50,10,40
115900108,0,0,0
115900109,0,82,-82
115900110,0,0,0
115900111,0,0,0
115900112,2,131,-129
115900113,0,0,0
115900114,0,0,0
115900115,0,0,0
115900116,26,53,-27
115900117,0,0,0
115900118,0,0,0
115900119,0,0,0
115900120,1,4,-3
115900121,8,6,2
115900124,23,224,-201
115900125,46,1,45
115900126,115,9,106
115900127,294,0,294
115900128,0,0,0
115900129,72,1,71
115900130,0,9,-9
115900131,131,7,124
115900132,247,0,247
115900134,84,1,83
115900135,37,69,-32
115900137,9,0,9
115900139,0,0,0
115900140,86,0,86
115900141,0,0,0
115900142,0,0,0
115900143,0,0,0
115900144,0,0,0
115900146,23,4,19
115900147,32,99,-67
115900148,9,0,9
115900149,17,0,17
115900150,18,1,17
115900151,0,1,-1
115900152,14,17,-3
115900153,22,3,19
115900154,12,33,-21
115900155,0,0,0
115900156,24,53,-29
115900157,63,18,45
115900158,0,0,0
115900159,62,10,52
115900160,0,0,0
115900161,0,8,-8
115900163,49,2,47
115900164,234,2,232
115900166,8,1,7
115900168,0,0,0
115900171,10,24,-14
115900172,1,2,-1
115900173,54,16,38
115900174,13,21,-8
115900175,97,13,84
115900178,1,18,-17
115900179,60,0,60
115900180,0,15,-15
115900181,59,9,50
115900182,203,2,201
115900183,0,0,0
115900184,74,0,74
115900187,3,10,-7
115900189,0,16,-16
115900190,2,40,-38
115900191,0,15,-15
115900192,1,27,-26
115900193,17,18,-1
115900194,139,0,139
115900195,14,496,-482
115900198,16,41,-25
115900199,44,12,32
115900200,25,9,16
115900201,141,35,106
115900202,0,11,-11
115900203,12,1,11
115900204,0,0,0
115900205,1,1,0
115900206,0,0,0
115900207,0,0,0
115900208,5,6,-1
115900209,1,18,-17
115900210,0,8,-8
115900211,0,6,-6
115900212,0,0,0
115900213,0,62,-62
115900214,186,4,182
115900215,0,25,-25
115900216,0,0,0
115900217,0,0,0
115900218,0,0,0
115900219,24,1,23
115900220,59,0,59
115900221,32,0,32
115900222,44,4,40
115900223,0,113,-113
115900224,65,245,-180
115900225,8,14,-6
115900226,1,3,-2
115900227,0,0,0
115900228,1,0,1
115900229,0,6,-6
115900230,2,37,-35
115900231,0,0,0
115900232,0,0,0
115900233,0,0,0
115900234,0,0,0
115900235,0,0,0
115900236,0,0,0
115900237,0,0,0
115900238,0,0,0
115900239,0,0,0
115900240,0,0,0
115900241,0,0,0
115900242,32,84,-52
115900243,1,0,1
115900244,1,0,1
115900245,46,2,44
115900246,1,0,1
115900247,1,0,1
115900248,0,0,0
115900249,0,0,0
115900250,4,1,3
115900251,1,1,0
115900252,1,0,1
115900253,0,0,0
115900254,0,8,-8
115900255,0,3,-3
115900256,0,0,0
115900257,0,0,0
115900258,0,0,0
115900259,0,0,0
115900260,0,0,0
115900261,0,0,0
115900262,0,0,0
115900263,0,0,0
115900264,0,0,0
115900265,0,0,0
115900266,0,0,0
115900267,0,0,0
115900268,0,0,0
115900269,0,0,0
115900270,26,1,25
115900271,44,1,43
115900272,11,0,11
115900273,0,1,-1
115900274,0,0,0
115900275,0,1,-1
115900276,0,0,0
115900277,0,0,0
115900278,0,0,0
115900279,0,0,0
115900280,22,3,19
115900281,0,0,0
115900282,0,2,-2
115900283,5,12,-7
115900284,0,0,0
116000001,863,589,274
116000002,3292,10580,-7288
116000003,240,254,-14
116000004,1053,3898,-2845
116000005,100,630,-530
116000006,354,764,-410
116000007,539,1087,-548
116000008,1470,842,628
116000009,216,1167,-951
116000010,1189,760,429
116000011,444,558,-114
116000012,898,367,531
116000013,883,1159,-276
116000014,1729,7702,-5973
116000015,49,172,-123
116000016,632,3507,-2875
116000017,4,338,-334
116000018,102,99,3
116000019,466,67,399
116000020,287,82,205
116000021,263,92,171
116000022,143,124,19
116000023,275,282,-7
116000024,265,53,212
116000025,213,212,1
116000026,488,199,289
116000027,257,447,-190
116000028,732,1965,-1233
116000029,154,138,16
116000030,330,1000,-670
116000031,0,0,0
116000032,143,12,131
116000033,616,218,398
116000034,1881,868,1013
116000035,304,91,213
116000036,35,92,-57
116000037,39,222,-183
116000038,106,285,-179
116000039,84,46,38
116000040,211,427,-216
116000041,24,42,-18
116000042,653,565,88
116000043,76,97,-21
116000044,8,4,4
116000045,2695,2129,566
116000046,491,498,-7
116000047,670,954,-284
116000048,3745,1271,2474
116000049,2165,1237,928
116000050,593,392,201
116000051,3183,1031,2152
116000052,1226,524,702
116000053,2936,550,2386
116000054,529,452,77
116000055,292,190,102
116000056,1740,1603,137
116000057,508,109,399
116000058,393,676,-283
116000059,883,4853,-3970
116000060,183,307,-124
116000061,77,750,-673
116000062,160,124,36
116000063,172,932,-760
116000066,85,907,-822
116000067,17,32,-15
116000068,84,209,-125
116000069,68,27,41
116000078,322,654,-332
116000080,535,144,391
116000082,1,16,-15
116000083,631,145,486
116000084,424,843,-419
116000085,609,376,233
116000086,210,224,-14
116000087,1287,830,457
116000088,263,173,90
116000089,39,20,19
116000090,64,23,41
116000091,14,54,-40
116000093,259,113,146
116000094,185,129,56
116000095,330,47,283
116000096,520,607,-87
116000097,225,54,171
116000098,134,2830,-2696
116000099,717,37,680
116000100,105,3,102
116000101,278,8,270
116000102,62,215,-153
116000103,284,46,238
116000104,99,42,57
116000105,821,23,798
116000106,314,67,247
116000107,1082,14,1068
116000108,1,26,-25
116000111,32,20,12
116000113,59,12,47
116000114,2,57,-55
116000115,178,10,168
116000116,71,91,-20
116000117,1096,393,703
116000118,441,145,296
116000119,1965,556,1409
116000120,511,349,162
116000121,429,200,229
116000122,69,77,-8
116000123,1237,109,1128
116000124,113,67,46
116000125,1436,85,1351
116000126,70,67,3
116000127,141,67,74
116000128,1052,108,944
116000129,307,25,282
116000130,211,119,92
116000133,293,23,270
116000134,511,235,276
116000135,1414,331,1083
116000136,387,632,-245
116000137,511,216,295
116000138,145,169,-24
116000139,1298,2374,-1076
116000140,55,177,-122
116000141,103,36,67
116000142,1235,1573,-338
116000143,1060,1293,-233
116000144,1005,875,130
116000145,2445,543,1902
116000146,188,19,169
116000147,111,137,-26
116000148,190,252,-62
116000149,142,76,66
116000151,291,238,53
116000153,97,707,-610
116000155,207,406,-199
116000156,97,98,-1
116000157,60,0,60
116000158,240,22,218
116000159,39,2,37
116000160,2,12,-10
116000161,2,41,-39
116000162,4,83,-79
116000163,18,2,16
116000164,2,1,1
116000177,18,13,5
116000194,21,57,-36
116000195,457,106,351
116000196,0,0,0
116000197,0,0,0
116000198,1476,935,541
116000200,131,420,-289
116000201,182,97,85
116000202,3,19,-16
116000203,0,17,-17
116000204,0,1,-1
116000205,0,3,-3
116000206,0,7,-7
116000207,6,6,0
116000233,0,0,0
116000287,28,30,-2
116000288,120,85,35
116000292,0,0,0
116000296,3,35,-32
116000297,41,1,40
116000304,39,2,37
116000305,14,17,-3
116000346,0,0,0
116000352,0,0,0
116000354,0,0,0
116000357,0,0,0
116000358,4,1,3
116000361,6,0,6
116000372,2384,3950,-1566
116000381,40,9,31
116000388,0,2,-2
116000389,79,4,75
116000445,115,25,90
116000446,568,63,505
116000447,0,61,-61
116000448,217,79,138
116000563,252,1432,-1180
116000565,10,92,-82
116000568,15,93,-78
116000579,1,18,-17
116000583,5,1,4
116000584,20,9,11
116000585,20,30,-10
116000586,6,60,-54
116000587,490,206,284
116000589,22,3,19
116000590,28,3,25
116000591,217,37,180
116000592,3,26,-23
116000593,0,0,0
116000594,169,40,129
116000595,116,22,94
116000596,87,7,80
116000597,244,82,162
116000598,20,17,3
116000605,14,4,10
116000606,80,118,-38
116000607,0,0,0
116000609,6,213,-207
116000611,13,17,-4
116000612,1429,1776,-347
116000613,483,131,352
116000614,63,19,44
116000615,0,0,0
116000616,64,4,60
116000617,56,2,54
116000618,1,5,-4
116000619,8,36,-28
116000620,244,40,204
116000621,45,100,-55
116000622,184,72,112
116000624,72,20,52
116000627,81,8,73
116000628,40,27,13
116000629,20,20,0
116000630,407,1,406
116000631,162,20,142
116000632,412,9,403
116000633,88,47,41
116000634,107,0,107
116000635,1529,1766,-237
116000636,312,712,-400
116000637,46,0,46
116000638,33,77,-44
116000639,24,1,23
116000640,27,3,24
116000641,0,0,0
116000643,0,0,0
116000644,0,0,0
116000645,24,20,4
116900001,47,1,46
116900002,45,0,45
116900003,0,0,0
116900004,129,48,81
116900005,35,2,33
116900006,18,50,-32
116900007,3,2,1
116900008,96,14,82
116900009,37,1,36
116900010,1,51,-50
116900011,1,1,0
116900012,3,15,-12
116900013,0,28,-28
116900014,0,0,0
116900016,117,1,116
116900017,0,53,-53
116900018,0,0,0
116900019,0,0,0
116900020,20,91,-71
116900023,0,0,0
116900025,308,26,282
116900026,1,57,-56
116900027,0,0,0
116900028,0,0,0
116900029,0,8,-8
116900031,0,0,0
116900032,0,3,-3
116900033,0,0,0
116900034,0,0,0
116900035,8,17,-9
116900036,0,4,-4
116900038,0,0,0
116900041,4,1,3
116900042,0,0,0
116900043,0,21,-21
116900047,0,12,-12
116900049,0,0,0
116900050,45,1,44
116900051,26,0,26
116900052,24,24,0
116900055,0,0,0
116900057,0,0,0
116900058,0,1,-1
116900059,0,0,0
116900060,17,36,-19
116900062,1,19,-18
116900064,0,0,0
116900065,0,0,0
116900067,1,4,-3
116900068,67,26,41
116900070,0,0,0
116900072,0,0,0
116900073,0,0,0
116900074,2,0,2
116900076,3,4,-1
116900077,0,1,-1
116900078,0,0,0
116900079,10,7,3
116900080,0,0,0
116900081,6,27,-21
116900082,3,72,-69
116900083,18,2,16
116900084,2,1,1
116900085,0,0,0
116900086,0,55,-55
116900088,12,1,11
116900090,5,0,5
116900091,25,1,24
116900092,3,7,-4
116900093,78,102,-24
116900094,543,976,-433
116900095,12,2,10
116900096,59,2,57
116900097,169,552,-383
116900098,26,2,24
116900099,30,118,-88
116900100,285,4,281
116900101,34,9,25
116900103,10,0,10
116900104,3,176,-173
116900105,89,36,53
116900106,883,5,878
116900107,509,771,-262
116900110,1,0,1
116900111,403,97,306
116900112,151,45,106
116900113,131,763,-632
116900116,1,12,-11
116900117,4,8,-4
116900118,56,11,45
116900120,71,5,66
116900121,39,7,32
116900122,227,23,204
116900123,48,32,16
116900124,1,8,-7
116900125,35,0,35
116900126,3,119,-116
116900128,0,0,0
116900129,0,0,0
116900130,3,464,-461
116900131,0,0,0
116900132,0,0,0
116900133,0,0,0
116900134,0,0,0
116900136,0,0,0
116900137,0,0,0
116900138,0,0,0
116900139,0,0,0
116900140,0,0,0
116900141,0,0,0
116900142,0,0,0
116900143,0,0,0
116900144,1,0,1
116900145,0,0,0
116900147,0,0,0
116900148,0,0,0
116900149,0,13,-13
116900150,0,0,0
116900151,0,0,0
116900153,4,4,0
116900154,3,11,-8
116900155,0,0,0
116900157,55,4,51
116900158,1,0,1
116900159,0,9,-9
116900160,223,179,44
116900161,326,31,295
116900162,0,20,-20
116900163,45,6,39
116900164,2,0,2
116900165,173,51,122
116900166,13,2,11
116900167,62,5,57
116900168,71,9,62
116900169,9,7,2
116900170,341,58,283
116900171,1,0,1
116900172,1,35,-34
116900173,52,5,47
116900174,1,12,-11
116900175,4,5,-1
116900178,0,1,-1
116900179,6,19,-13
116900180,2,0,2
116900182,50,4,46
116900183,67,6,61
116900185,23,7,16
116900186,4,4,0
116900187,10,0,10
116900188,31,3,28
116900189,0,0,0
116900191,22,3,19
116900192,154,2,152
116900194,12,339,-327
116900195,5,1,4
116900196,0,1,-1
116900197,26,2,24
116900198,7,54,-47
116900200,0,0,0
116900201,45,1,44
116900202,20,1,19
116900203,11,1,10
116900204,1,7,-6
116900206,0,0,0
116900207,0,0,0
116900208,1,9,-8
116900209,1,3,-2
116900210,8,4,4
116900211,24,1,23
116900212,0,0,0
116900213,47,3,44
116900214,0,0,0
116900215,2,9,-7
116900216,9,3,6
116900218,0,1,-1
116900219,133,24,109
116900220,11,6,5
116900221,0,0,0
116900222,259,90,169
116900223,9,1,8
116900226,51,5,46
116900227,63,2,61
116900228,93,3,90
116900230,1,28,-27
116900233,289,3,286
116900234,10,1,9
116900235,1,0,1
116900238,59,3,56
116900239,0,49,-49
116900240,1340,275,1065
116900241,0,0,0
116900242,114,200,-86
116900243,0,0,0
116900245,39,23,16
116900246,31,0,31
116900247,158,10,148
116900248,5,0,5
116900249,134,11,123
116900250,79,5,74
116900251,14,73,-59
116900252,49,33,16
116900254,0,2,-2
116900255,8,0,8
116900256,0,0,0
116900257,0,0,0
116900258,0,0,0
116900259,17,2,15
116900260,0,0,0
116900261,20,15,5
116900262,95,19,76
116900263,1,0,1
116900264,48,9,39
116900265,1,0,1
116900266,0,0,0
116900267,0,0,0
116900268,0,0,0
116900269,373,143,230
116900271,0,0,0
116900272,87,14,73
116900273,2,2,0
116900274,58,0,58
116900275,1,0,1
116900276,171,135,36
116900277,22,0,22
116900278,0,0,0
116900279,2,0,2
116900280,0,0,0
116900281,407,894,-487
116900282,0,0,0
116900283,0,5,-5
116900284,0,2,-2
116900285,8,20,-12
116900286,6,0,6
116900287,0,9,-9
116900288,12,12,0
116900289,2,0,2
116900290,0,0,0
116900291,0,0,0
116900292,0,0,0
116900293,0,0,0
116900294,0,0,0
116900295,0,0,0
116900296,0,0,0
116900297,0,0,0
116900298,0,0,0
116900299,0,0,0
116900300,0,0,0
116900301,0,0,0
116900302,0,0,0
116900303,27,0,27
116900304,0,0,0
116900305,0,0,0
116900306,285,74,211
116900307,0,0,0
116900308,0,0,0
116900309,0,0,0
116900310,0,0,0
117000001,2756,1958,798
117000002,1536,808,728
117000003,4143,1660,2483
117000004,1573,1282,291
117000005,2773,986,1787
117000006,531,784,-253
117000007,3368,699,2669
117000008,415,770,-355
117000009,2209,617,1592
117000010,581,606,-25
117000011,1428,468,960
117000012,901,255,646
117000013,1551,316,1235
117000014,488,1124,-636
117000015,654,1220,-566
117000016,79,137,-58
117000017,84,201,-117
117000018,13,416,-403
117000019,5,74,-69
117000020,148,968,-820
117000021,874,597,277
117000022,63,211,-148
117000023,79,598,-519
117000024,60,126,-66
117000025,11,210,-199
117000026,1322,1326,-4
117000027,200,221,-21
117000028,316,321,-5
117000030,215,216,-1
117000031,486,266,220
117000032,866,535,331
117000033,551,285,266
117000034,341,185,156
117000035,398,178,220
117000036,196,201,-5
117000037,331,132,199
117000038,290,371,-81
117000039,241,163,78
117000040,7,119,-112
117000041,887,14,873
117000044,0,100,-100
117000045,248,145,103
117000046,227,232,-5
117000047,674,299,375
117000048,240,174,66
117000049,10,204,-194
117000050,84,228,-144
117000051,1744,9,1735
117000052,28,163,-135
117000053,364,2,362
117000054,1406,6,1400
117000055,0,180,-180
117000056,360,42,318
117000057,93,184,-91
117000060,224,65,159
117000061,1663,718,945
117000062,102,27,75
117000063,1494,365,1129
117000064,756,148,608
117000066,44,88,-44
117000067,171,290,-119
117000074,3,43,-40
117000076,4,2,2
117000077,36,15,21
117000078,159,40,119
117000079,48,24,24
117000080,0,0,0
117000081,214,16,198
117000082,6,6,0
117000083,69,0,69
117000084,21,1,20
117000085,169,79,90
117000086,197,99,98
117000087,0,152,-152
117000088,350,77,273
117000089,1744,164,1580
117000090,88,174,-86
117000091,1058,62,996
117000092,124,156,-32
117000093,1703,125,1578
117000094,221,205,16
117000095,3025,124,2901
117000096,272,221,51
117000097,1972,268,1704
117000098,462,430,32
117000099,3458,333,3125
117000100,62,75,-13
117000101,78,84,-6
117000102,1956,223,1733
117000103,83,239,-156
117000104,1714,196,1518
117000105,118,207,-89
117000106,1659,146,1513
117000107,116,140,-24
117000108,1778,906,872
117000109,427,229,198
117000110,2104,1593,511
117000111,2454,2051,403
117000112,1540,806,734
117000113,34,40,-6
117000114,109,61,48
117000115,51,15,36
117000116,77,13,64
117000117,230,139,91
117000118,92,76,16
117000119,23,234,-211
117000120,2,221,-219
117000121,2,323,-321
117000122,24,318,-294
117000123,232,64,168
117000124,3,8,-5
117000125,17,32,-15
117000126,9,15,-6
117000127,16,19,-3
117000128,22,6,16
117000129,185,847,-662
117000130,45,0,45
117000131,0,0,0
117000132,1919,9,1910
117000133,1877,4,1873
117000134,0,0,0
117000135,0,0,0
117000136,0,0,0
117000137,238,104,134
117000138,0,0,0
117000140,66,117,-51
117000141,1875,253,1622
117000181,10,10,0
117000182,400,547,-147
117000195,2,54,-52
117000196,102,145,-43
117000225,8,25,-17
117000226,0,14,-14
117000276,196,6,190
117000277,0,46,-46
117000310,342,1873,-1531
117000315,10,201,-191
117000320,58,0,58
117000906,383,41,342
117000907,0,39,-39
117000909,56,112,-56
117000910,217,33,184
117000911,32,89,-57
117000915,1,98,-97
117000916,2,1,1
117000917,1104,29,1075
117000918,95,153,-58
117000919,0,17,-17
117000920,0,108,-108
117000921,0,25,-25
117000922,13,9,4
117000924,124,433,-309
117000926,205,87,118
117000927,148,406,-258
117000928,0,0,0
117000929,59,45,14
117000930,5,0,5
117000931,136,97,39
117900002,31,454,-423
117900003,0,0,0
117900005,0,13,-13
117900006,0,0,0
117900007,105,20,85
117900008,0,0,0
117900010,152,67,85
117900011,0,51,-51
117900012,11,4,7
117900013,0,6,-6
117900014,221,55,166
117900015,0,9,-9
117900016,143,498,-355
117900017,286,29,257
117900018,84,32,52
117900019,295,22,273
117900020,3,57,-54
117900021,26,4,22
117900023,107,0,107
117900024,16,2,14
117900025,0,0,0
117900026,151,19,132
117900028,4,1,3
117900029,108,17,91
117900030,118,127,-9
117900031,28,17,11
117900032,291,84,207
117900033,266,33,233
117900034,17,0,17
117900035,75,13,62
117900036,125,33,92
117900037,83,2,81
117900038,0,0,0
117900039,0,0,0
117900040,0,0,0
117900041,0,0,0
117900042,315,97,218
117900043,0,0,0
117900044,3,1317,-1314
117900045,60,41,19
117900048,219,14,205
117900049,81,33,48
117900050,0,110,-110
117900051,1,0,1
117900052,0,0,0
117900053,489,37,452
117900054,0,12,-12
117900055,76,55,21
117900056,0,23,-23
117900057,98,211,-113
117900058,0,2,-2
117900059,0,0,0
117900060,963,559,404
117900061,1,120,-119
117900063,147,24,123
117900065,101,77,24
117900066,0,47,-47
117900067,472,36,436
117900069,384,26,358
117900070,21,20,1
117900071,144,39,105
117900073,312,8,304
117900074,1,58,-57
117900075,65,12,53
117900076,1,0,1
117900077,86,6,80
117900078,152,223,-71
117900080,82,36,46
117900081,79,36,43
117900082,168,72,96
117900083,252,35,217
117900086,138,4,134
117900087,22,12,10
117900088,244,82,162
117900089,810,83,727
117900090,166,33,133
117900091,190,20,170
117900092,34,14,20
117900093,42,0,42
117900094,63,16,47
117900095,123,68,55
117900096,83,66,17
117900097,28,1,27
117900098,61,1,60
117900099,33,271,-238
117900100,222,1,221
117900101,408,727,-319
117900102,26,12,14
117900103,62,0,62
117900104,2,90,-88
117900105,71,8,63
117900106,23,7,16
117900107,41,0,41
117900109,357,252,105
117900110,95,0,95
117900111,367,19,348
117900112,37,1,36
117900113,197,30,167
117900114,31,0,31
117900115,13,16,-3
117900116,240,138,102
117900117,172,55,117
117900118,63,0,63
117900119,182,19,163
117900120,280,0,280
117900121,79,5,74
117900122,124,1256,-1132
117900123,238,54,184
117900124,137,124,13
117900125,341,183,158
117900126,66,39,27
117900127,154,8,146
117900128,165,63,102
117900129,83,0,83
117900130,253,3,250
117900131,0,0,0
117900132,0,0,0
117900133,0,0,0
117900134,0,0,0
117900135,0,0,0
117900136,0,0,0
117900137,0,0,0
117900138,0,0,0
117900139,11,0,11
117900140,994,115,879
117900141,7,79,-72
117900142,4,61,-57
117900144,0,70,-70
117900145,0,32,-32
117900146,6,70,-64
117900147,37,11,26
117900148,149,938,-789
117900149,27,2,25
117900150,15,14,1
117900151,43,15,28
117900152,0,0,0
117900153,0,84,-84
117900154,204,102,102
117900156,171,31,140
117900157,70,55,15
117900158,44,3,41
117900160,290,121,169
117900161,224,114,110
117900162,296,148,148
117900163,16,53,-37
117900165,0,1,-1
117900166,4,46,-42
117900168,111,1,110
117900169,0,4,-4
117900170,0,1,-1
117900171,24,1,23
117900172,0,0,0
117900173,2,2,0
117900174,1,2,-1
117900175,0,0,0
117900176,0,19,-19
117900177,1,1,0
117900178,1,1,0
117900180,31,4,27
117900181,7,334,-327
117900182,1,49,-48
117900183,24,88,-64
117900184,34,3,31
117900185,60,2,58
117900186,69,1,68
117900187,36,1,35
117900188,35,0,35
117900189,4,1,3
117900190,0,0,0
117900191,9,0,9
117900192,35,0,35
117900193,113,68,45
117900194,3,0,3
117900195,27,5,22
117900196,17,4,13
117900207,20,11,9
117900208,17,5,12
117900209,64,3,61
117900210,0,0,0
117900211,0,0,0
117900212,116,44,72
117900213,25,1,24
117900214,0,0,0
117900215,0,0,0
117900216,0,0,0
117900217,0,0,0
117900218,0,0,0
117900219,0,0,0
117900220,0,64,-64
117900222,20,34,-14
117900223,30,94,-64
118000001,254,1062,-808
118000002,123,414,-291
118000003,1794,3357,-1563
118000004,570,563,7
118000005,1246,1895,-649
118000006,1280,1868,-588
118000007,2812,5307,-2495
118000008,2538,2304,234
118000009,538,1375,-837
118000010,997,1174,-177
118000011,455,206,249
118000012,347,197,150
118000013,328,372,-44
118000014,399,379,20
118000016,139,23,116
118000017,743,595,148
118000018,95,56,39
118000019,437,763,-326
118000020,84,753,-669
118000021,96,929,-833
118000022,588,465,123
118000023,368,261,107
118000024,435,528,-93
118000027,3048,4392,-1344
118000029,187,739,-552
118000032,230,1273,-1043
118000033,1621,1955,-334
118000034,1006,1243,-237
118000035,295,785,-490
118000036,142,467,-325
118000037,180,316,-136
118000038,111,237,-126
118000039,50,27,23
118000040,462,409,53
118000041,296,413,-117
118000045,62,257,-195
118000046,24,1174,-1150
118000047,28,339,-311
118000048,522,1712,-1190
118000051,607,1065,-458
118000052,402,1033,-631
118000053,262,531,-269
118000054,648,514,134
118000055,372,689,-317
118000056,34,180,-146
118000057,140,181,-41
118000058,486,323,163
118000059,251,933,-682
118000060,275,236,39
118000061,284,318,-34
118000062,103,50,53
118000063,61,676,-615
118000064,246,960,-714
118000065,894,348,546
118000066,332,1776,-1444
118000067,172,817,-645
118000068,221,2439,-2218
118000069,332,619,-287
118000070,490,1249,-759
118000071,389,2139,-1750
118000072,420,3061,-2641
118000073,247,1002,-755
118000074,89,490,-401
118000075,190,413,-223
118000076,2999,5799,-2800
118000077,676,693,-17
118000078,1054,1318,-264
118000079,17,95,-78
118000080,125,343,-218
118000081,846,693,153
118000082,129,759,-630
118000083,273,866,-593
118000084,235,247,-12
118000086,5,120,-115
118000087,1241,1281,-40
118000088,278,1097,-819
118000089,747,797,-50
118000090,107,1192,-1085
118000091,137,1689,-1552
118000092,235,75,160
118000093,25,530,-505
118000096,86,298,-212
118000097,129,199,-70
118000098,111,197,-86
118000099,0,0,0
118000101,616,195,421
118000102,485,180,305
118000107,28,13,15
118000108,45,484,-439
118000110,0,0,0
118000111,0,0,0
118000112,297,1,296
118000113,0,0,0
118000114,299,1,298
118000115,1,0,1
118000116,0,0,0
118000117,248,275,-27
118000118,481,582,-101
118000119,611,649,-38
118000120,478,219,259
118000121,12,136,-124
118000122,73,40,33
118000123,83,188,-105
118000125,32,182,-150
118000126,172,436,-264
118000127,547,550,-3
118000128,15,454,-439
118000129,181,305,-124
118000130,472,989,-517
118000131,101,216,-115
118000132,1925,1578,347
118000133,412,171,241
118000135,134,313,-179
118000136,28,307,-279
118000137,72,66,6
118000138,23,73,-50
118000139,123,18,105
118000140,906,4959,-4053
118000141,2817,1402,1415
118000142,806,821,-15
118000143,2848,1758,1090
118000144,368,193,175
118000145,682,241,441
118000146,847,61,786
118000147,881,164,717
118000148,171,571,-400
118000149,378,123,255
118000150,739,199,540
118000151,383,47,336
118000153,1951,957,994
118000154,974,623,351
118000155,2429,1206,1223
118000156,491,924,-433
118000157,307,122,185
118000158,92,158,-66
118000159,63,84,-21
118000160,596,167,429
118000161,333,99,234
118000162,435,347,88
118000163,527,730,-203
118000164,1026,759,267
118000168,41,0,41
118000169,147,440,-293
118000170,961,1048,-87
118000171,91,153,-62
118000172,81,57,24
118000173,576,281,295
118000175,79,225,-146
118000176,288,334,-46
118000177,286,407,-121
118000178,3,15,-12
118000179,606,645,-39
118000180,448,433,15
118000181,162,24,138
118000182,97,108,-11
118000183,127,95,32
118000184,931,322,609
118000185,154,565,-411
118000186,115,631,-516
118000187,931,195,736
118000188,119,6,113
118000189,61,17,44
118000190,1,3,-2
118000191,4,3,1
118000192,5,114,-109
118000193,2,204,-202
118000194,453,985,-532
118000195,87,762,-675
118000196,5,101,-96
118000197,110,337,-227
118000198,356,832,-476
118000199,478,696,-218
118000200,0,0,0
118000201,48,359,-311
118000202,0,0,0
118000203,34,126,-92
118000204,1,42,-41
118000205,48,47,1
118000206,318,136,182
118000207,0,41,-41
118000208,724,804,-80
118000209,1015,217,798
118000210,110,10,100
118000211,82,21,61
118000213,123,1014,-891
118000214,127,28,99
118000215,103,6,97
118000216,499,11,488
118000217,3,11,-8
118000218,28,1,27
118000219,80,90,-10
118000220,8,35,-27
118000221,5,310,-305
118000222,51,4,47
118000223,27,10,17
118000224,23,5,18
118000225,0,0,0
118000226,203,2,201
118000227,51,106,-55
118000228,0,0,0
118000229,0,0,0
118000230,0,0,0
118000231,0,0,0
118000232,0,0,0
118000233,501,110,391
118000234,0,0,0
118000236,135,2,133
118000237,0,0,0
118000238,226,3,223
118000239,247,174,73
118000240,34,11,23
118000241,33,7,26
118000242,0,0,0
118000243,0,0,0
118000244,0,27,-27
118000246,0,0,0
118000255,51,246,-195
118000256,93,213,-120
118000259,0,1,-1
118000260,51,0,51
118000261,4,1,3
118000263,16,31,-15
118000266,16,23,-7
118000267,0,0,0
118000268,25,0,25
118000270,0,0,0
118000271,72,57,15
118000272,25,2,23
118000273,0,0,0
118000274,0,0,0
118000276,79,6,73
118000295,0,0,0
118000298,28,2,26
118000299,0,0,0
118000301,0,0,0
118000302,8,10,-2
118000311,212,12,200
118000312,0,0,0
118000313,13,10,3
118000314,6,2,4
118000315,1,1,0
118000316,21,3,18
118000325,90,0,90
118000326,14,18,-4
118000331,140,0,140
118000332,68,0,68
118000333,79,3,76
118000335,95,1,94
118000336,0,0,0
118000407,125,9,116
118000457,0,0,0
118000465,233,301,-68
118000480,1,1,0
118000489,3,324,-321
118000490,0,43,-43
118000492,282,36,246
118000510,0,0,0
118000514,18,12,6
118000515,64,167,-103
118000517,104,42,62
118000524,15,48,-33
118000525,7,4,3
118000530,6,54,-48
118000531,170,108,62
118000532,0,0,0
118000533,0,0,0
118000534,0,0,0
118000535,123,34,89
118000536,0,7,-7
118000537,0,3,-3
118000538,1,18,-17
118000539,19,101,-82
118000540,3,0,3
118000541,8,3,5
118000542,40,78,-38
118000543,35,11,24
118000546,3,2,1
118000553,0,0,0
118000557,0,0,0
118000560,0,0,0
118000562,0,0,0
118000563,653,713,-60
118000576,110,57,53
118000577,62,109,-47
118000578,77,36,41
118000579,136,285,-149
118000583,0,0,0
118000595,124,36,88
118000596,0,0,0
118000597,65,73,-8
118000598,3,0,3
118000599,332,9,323
118000600,4,0,4
118000601,0,0,0
118000602,0,3,-3
118000603,0,1,-1
118000605,1,1,0
118000606,4,1,3
118900001,0,0,0
118900002,56,1,55
118900003,50,0,50
118900004,6,0,6
118900005,0,0,0
118900006,0,0,0
118900007,0,0,0
118900008,166,3,163
118900009,0,0,0
118900010,0,0,0
118900011,0,0,0
118900012,127,38,89
118900013,0,0,0
118900015,0,0,0
118900016,0,0,0
118900017,0,0,0
118900018,0,0,0
118900019,0,0,0
118900020,0,0,0
118900021,26,10,16
118900022,16,3,13
118900023,0,0,0
118900024,0,0,0
118900025,0,0,0
118900026,18,17,1
118900027,0,0,0
118900028,92,19,73
118900029,0,0,0
118900030,0,0,0
118900031,6,0,6
118900032,0,0,0
118900033,0,0,0
118900034,0,0,0
118900035,8,2,6
118900036,178,54,124
118900037,0,0,0
118900038,64,3,61
118900039,0,0,0
118900040,37,12,25
118900041,0,0,0
118900042,1,1,0
118900045,6,14,-8
118900046,12,3,9
118900047,7,20,-13
118900048,0,0,0
118900049,0,0,0
118900050,0,0,0
118900051,0,18,-18
118900052,0,0,0
118900053,0,0,0
118900054,39,0,39
118900055,0,0,0
118900056,12,9,3
118900057,81,81,0
118900058,0,0,0
118900059,0,0,0
118900060,55,3,52
118900062,0,0,0
118900064,0,0,0
118900065,0,0,0
118900066,0,0,0
118900067,107,257,-150
118900068,0,0,0
118900069,0,0,0
118900071,0,0,0
118900072,0,0,0
118900073,0,0,0
118900074,0,0,0
118900075,0,0,0
118900076,0,0,0
118900077,9,0,9
118900078,0,0,0
118900079,0,0,0
118900080,0,0,0
118900081,0,0,0
118900082,1,0,1
118900083,0,0,0
118900084,0,0,0
118900085,0,0,0
118900086,0,0,0
118900087,0,0,0
118900088,0,0,0
118900089,0,0,0
118900090,0,0,0
118900091,0,0,0
118900092,0,0,0
118900093,0,0,0
118900096,10,9,1
118900097,27,46,-19
118900099,0,5,-5
118900100,0,0,0
118900101,0,0,0
118900102,0,0,0
118900103,0,0,0
118900104,16,0,16
118900105,0,0,0
118900107,0,0,0
118900108,0,0,0
118900110,53,0,53
118900111,0,0,0
118900112,0,0,0
118900113,0,0,0
118900114,0,0,0
118900115,1,14,-13
118900116,0,0,0
118900117,16,17,-1
118900118,38,5,33
118900119,10,3,7
118900120,0,3,-3
118900121,0,0,0
118900122,0,0,0
118900123,33,8,25
118900124,0,0,0
118900126,0,0,0
118900129,0,0,0
118900130,0,0,0
118900131,27,0,27
118900132,0,0,0
118900133,0,0,0
118900135,0,0,0
118900136,88,19,69
118900137,0,0,0
118900139,0,0,0
118900140,112,22,90
118900141,0,0,0
118900144,16,15,1
118900145,0,0,0
118900146,12,38,-26
118900147,0,0,0
118900148,0,0,0
118900150,0,0,0
118900152,0,0,0
118900157,0,0,0
118900158,0,0,0
118900159,0,0,0
118900161,0,0,0
118900163,0,0,0
118900164,0,0,0
118900165,0,0,0
118900166,0,0,0
118900167,0,0,0
118900168,0,0,0
118900169,0,0,0
118900170,0,0,0
118900171,0,0,0
118900174,0,0,0
118900175,110,29,81
118900176,41,34,7
118900177,0,0,0
118900178,0,0,0
118900179,0,0,0
118900181,35,11,24
118900182,0,0,0
118900183,0,0,0
118900184,0,0,0
118900185,39,0,39
118900186,1,2,-1
118900187,13,7,6
118900188,47,23,24
118900189,0,0,0
118900190,0,0,0
118900191,0,0,0
118900192,0,0,0
118900193,0,0,0
118900195,25,0,25
118900196,0,0,0
118900197,0,0,0
118900198,0,0,0
118900199,0,0,0
118900200,0,0,0
118900201,0,0,0
118900202,0,0,0
118900203,0,0,0
118900204,0,0,0
118900205,0,0,0
118900206,0,0,0
119000001,998,687,311
119000002,1958,779,1179
119000003,1044,263,781
119000004,678,1265,-587
119000005,1166,1654,-488
119000006,1175,622,553
119000007,1648,1759,-111
119000008,413,454,-41
119000009,739,2449,-1710
119000010,948,1114,-166
119000011,1039,844,195
119000012,645,976,-331
119000013,2724,1315,1409
119000014,636,1446,-810
119000019,34,9,25
119000020,547,879,-332
119000021,1076,1410,-334
119000022,123,405,-282
119000023,59,179,-120
119000024,448,7909,-7461
119000025,921,419,502
119000026,6,186,-180
119000027,57,243,-186
119000028,1410,299,1111
119000029,13,126,-113
119000030,281,604,-323
119000031,358,464,-106
119000032,173,594,-421
119000033,1039,881,158
119000034,456,325,131
119000035,6,66,-60
119000036,1217,213,1004
119000037,517,404,113
119000038,45,178,-133
119000039,335,159,176
119000040,165,403,-238
119000041,309,744,-435
119000048,1475,466,1009
119000049,657,345,312
119000050,395,635,-240
119000051,377,266,111
119000052,383,512,-129
119000053,620,453,167
119000054,1322,516,806
119000055,2791,430,2361
119000056,2009,463,1546
119000057,712,419,293
119000058,583,419,164
119000059,726,293,433
119000060,438,128,310
119000061,171,301,-130
119000062,195,193,2
119000063,370,211,159
119000064,145,134,11
119000065,182,297,-115
119000066,645,592,53
119000067,632,489,143
119000068,700,221,479
119000069,475,324,151
119000070,898,213,685
119000071,42,126,-84
119000072,704,378,326
119000073,1232,2485,-1253
119000074,1460,329,1131
119000075,1319,932,387
119000076,18,249,-231
119000077,272,186,86
119000078,110,19,91
119000079,62,128,-66
119000080,105,33,72
119000081,194,47,147
119000082,97,9,88
119000083,62,41,21
119000084,191,59,132
119000085,133,69,64
119000086,79,35,44
119000087,311,96,215
119000088,100,5,95
119000089,10,56,-46
119000090,57,84,-27
119000091,28,63,-35
119000092,105,82,23
119000093,975,594,381
119000094,1475,1161,314
119000095,797,516,281
119000097,590,370,220
119000098,410,2226,-1816
119000099,1013,285,728
119000100,1829,823,1006
119000101,817,674,143
119000102,19,141,-122
119000103,356,218,138
119000104,149,35,114
119000105,238,658,-420
119000106,117,100,17
119000107,579,303,276
119000108,143,109,34
119000109,37,58,-21
119000110,0,0,0
119000111,0,9,-9
119000112,0,0,0
119000113,93,11,82
119000114,32,119,-87
119000115,97,150,-53
119000116,5,60,-55
119000117,14,69,-55
119000118,2,2,0
119000123,244,616,-372
119000124,372,24,348
119000125,1793,102,1691
119000126,802,138,664
119000127,138,39,99
119000128,0,0,0
119000131,342,55,287
119000132,0,0,0
119000133,2,7,-5
119000134,209,504,-295
119000135,43,11,32
119000136,0,0,0
119000137,36,3,33
119000138,0,0,0
119000139,5,8,-3
119000140,0,0,0
119000284,171,568,-397
119000285,314,225,89
119000286,1117,793,324
119000287,586,334,252
119000288,285,113,172
119000289,318,655,-337
119000290,206,233,-27
119000291,5,70,-65
119000293,157,209,-52
119000294,47,61,-14
119000295,116,118,-2
119000296,136,10,126
119000297,0,0,0
119000299,0,0,0
119000302,1209,863,346
119000303,8,35,-27
119000304,0,0,0
119000310,0,0,0
119000314,300,2498,-2198
119000315,0,10,-10
119000316,0,0,0
119000317,27,9,18
119900001,0,0,0
119900002,54,35,19
119900003,0,0,0
119900004,0,0,0
119900005,0,0,0
119900006,0,0,0
119900007,3,0,3
119900008,0,0,0
119900009,47,59,-12
119900010,149,198,-49
119900011,0,0,0
119900012,1,1,0
119900013,171,145,26
119900014,55,61,-6
119900015,0,0,0
119900016,0,0,0
119900017,0,0,0
119900018,106,203,-97
119900019,0,0,0
119900020,0,0,0
119900021,0,0,0
119900022,4,152,-148
119900023,67,679,-612
119900025,0,0,0
119900026,0,0,0
119900027,0,0,0
119900028,32,39,-7
119900029,0,0,0
119900030,0,0,0
119900031,1,263,-262
119900033,241,61,180
119900034,0,0,0
119900037,0,0,0
119900038,24,16,8
119900039,0,0,0
119900040,101,2,99
119900041,0,0,0
119900042,0,0,0
119900043,0,4,-4
119900044,1,56,-55
119900046,0,0,0
119900047,0,0,0
119900048,51,0,51
119900049,0,0,0
119900050,0,6,-6
119900051,263,5,258
119900052,0,0,0
119900053,0,0,0
119900054,113,1,112
119900055,0,0,0
119900057,0,0,0
119900058,0,0,0
119900059,2,0,2
119900060,25,0,25
119900061,87,0,87
119900062,0,0,0
119900063,0,0,0
119900065,0,0,0
119900067,0,0,0
119900068,0,0,0
119900069,27,0,27
119900070,49,0,49
119900071,138,2,136
119900073,100,0,100
119900074,0,0,0
119900075,103,16,87
119900076,0,0,0
119900077,31,0,31
119900078,132,7,125
119900079,35,0,35
119900080,87,10,77
119900081,122,3,119
119900082,975,141,834
119900083,120,102,18
119900084,0,0,0
119900085,0,0,0
119900086,56,26,30
119900087,0,0,0
119900088,0,0,0
119900089,0,10,-10
119900090,0,0,0
119900091,1,11,-10
119900092,0,1,-1
119900093,0,0,0
119900094,1,2,-1
119900095,0,0,0
119900096,0,0,0
119900097,1,0,1
119900098,0,0,0
119900099,0,0,0
119900100,66,119,-53
119900101,1,95,-94
119900102,0,0,0
119900103,0,0,0
119900104,0,0,0
119900105,25,21,4
119900106,0,0,0
119900107,0,0,0
119900108,465,188,277
119900109,0,0,0
119900110,43,10,33
119900111,20,3,17
119900112,0,0,0
119900113,0,3,-3
119900114,46,63,-17
119900115,22,27,-5
119900116,0,4,-4
119900117,26,57,-31
119900118,44,19,25
119900119,1,19,-18
119900120,38,36,2
119900121,0,0,0
119900122,9,0,9
119900123,1,4,-3
119900124,0,4,-4
119900125,0,0,0
119900126,204,40,164
119900127,40,0,40
119900128,29,3,26
119900129,11,1,10
119900130,0,0,0
119900131,0,5,-5
119900132,0,0,0
119900133,0,0,0
119900134,17,1,16
119900135,0,0,0
119900136,0,0,0
119900138,0,0,0
119900139,0,0,0
119900140,0,1,-1
119900141,0,0,0
119900142,0,0,0
119900143,0,2,-2
119900144,0,0,0
119900145,0,0,0
119900146,0,0,0
119900147,0,0,0
119900148,0,0,0
119900149,8,568,-560
119900150,0,0,0
119900151,195,71,124
119900152,0,0,0
119900153,0,0,0
119900154,0,0,0
119900155,0,0,0
119900156,28,1,27
119900157,0,0,0
119900158,0,0,0
119900159,4,0,4
119900160,0,0,0
119900161,13,11,2
119900162,96,42,54
119900163,0,0,0
119900164,0,1,-1
119900165,0,0,0
119900166,0,0,0
119900167,0,0,0
119900168,153,8,145
119900169,0,0,0
119900170,0,0,0
119900171,6,4,2
119900172,0,0,0
119900173,0,0,0
119900174,0,0,0
119900175,281,29,252
119900177,1,1,0
119900178,0,0,0
119900179,20,288,-268
119900180,140,15,125
119900181,0,0,0
119900182,0,0,0
119900183,2,0,2
119900184,13,3,10
119900185,3,112,-109
119900186,0,0,0
119900187,0,0,0
119900188,111,27,84
119900189,0,0,0
119900190,0,0,0
119900191,2,3,-1
119900192,0,0,0
119900193,104,14,90
119900194,0,0,0
119900195,0,0,0
119900196,0,0,0
119900197,0,0,0
119900198,0,0,0
119900199,5,0,5
119900200,0,0,0
119900201,0,0,0
119900202,1,1,0
119900203,0,0,0
119900204,4,1,3
119900205,297,30,267
119900206,0,0,0
119900208,1,0,1
119900209,45,72,-27
119900210,0,0,0
119900211,0,0,0
119900212,408,36,372
119900213,0,0,0
119900214,0,0,0
119900215,0,0,0
119900216,0,0,0
119900217,0,0,0
119900218,0,0,0
119900219,0,0,0
119900220,0,0,0
119900221,0,0,0
119900222,0,0,0
119900223,0,0,0
119900224,0,0,0
119900225,0,0,0
119900226,17,141,-124
119900227,30,15,15
119900228,0,2,-2
119900229,0,0,0
119900230,21,0,21
119900231,40,3,37
119900232,0,0,0
119900233,4,0,4
119900234,0,0,0
119900235,0,0,0
119900236,0,0,0
119900237,2,2,0
119900238,0,0,0
119900240,0,0,0
119900241,0,0,0
119900242,78,0,78
119900244,51,109,-58
119900245,0,0,0
119900246,0,0,0
119900247,0,0,0
119900248,0,0,0
119900249,0,0,0
119900253,127,113,14
119900254,20,265,-245
119900255,24,31,-7
119900256,224,70,154
119900257,8,3,5
119900258,0,0,0
119900259,0,0,0
119900260,0,0,0
119900261,59,9,50
119900262,0,0,0
119900263,181,11,170
119900264,0,0,0
119900265,0,0,0
119900266,0,0,0
119900267,0,17,-17
119900268,25,1,24
119900269,74,10,64
119900271,0,1,-1
119900272,9,2,7
119900275,0,0,0
119900276,0,0,0
119900277,0,0,0
119900278,0,0,0
119900279,0,0,0
119900280,2,2,0
119900281,0,0,0
119900282,0,0,0
119900283,0,14,-14
119900284,192,61,131
119900285,0,0,0
119900286,0,0,0
119900288,6,17,-11
119900289,5,1,4
119900290,1,0,1
119900291,0,0,0
119900292,15,12,3
119900293,5,2,3
119900294,1,12,-11
119900295,86,2,84
119900296,98,13,85
119900297,1,2,-1
119900298,8,0,8
119900299,0,0,0
119900300,0,3,-3
119900301,0,1,-1
119900302,0,0,0
119900303,0,0,0
119900304,0,0,0
119900305,0,0,0
119900306,0,0,0
119900307,0,0,0
119900308,0,0,0
119900309,0,0,0
119900310,1,0,1
119900311,0,0,0
119900312,12,1,11
119900313,20,0,20
119900314,0,0,0
119900315,5,0,5
119900318,0,0,0
119900319,0,0,0
119900320,122,9,113
119900321,53,23,30
120000001,4504,14166,-9662
120000002,830,652,178
120000003,524,584,-60
120000004,997,790,207
120000005,1026,710,316
120000006,351,360,-9
120000007,801,568,233
120000008,266,389,-123
120000009,493,303,190
120000010,540,437,103
120000011,212,259,-47
120000012,384,439,-55
120000013,1165,633,532
120000014,347,563,-216
120000015,1271,937,334
120000016,3237,1932,1305
120000017,1869,1952,-83
120000018,2283,6733,-4450
120000019,508,688,-180
120000020,1732,1391,341
120000021,919,1652,-733
120000022,3444,3819,-375
120000023,761,896,-135
120000024,805,1004,-199
120000025,2148,714,1434
120000026,1373,1711,-338
120000027,2076,2042,34
120000028,398,192,206
120000029,221,647,-426
120000030,53,264,-211
120000031,521,1355,-834
120000032,1587,1128,459
120000033,1328,303,1025
120000034,1551,281,1270
120000035,1297,266,1031
120000036,1487,1949,-462
120000037,614,1521,-907
120000038,1134,2268,-1134
120000039,28,177,-149
120000040,12,104,-92
120000041,57,125,-68
120000042,504,431,73
120000043,1839,612,1227
120000044,3711,520,3191
120000045,3577,297,3280
120000046,2222,1500,722
120000047,269,2712,-2443
120000048,2500,1900,600
120000049,1808,656,1152
120000050,1182,1160,22
120000051,1045,1640,-595
120000052,1276,913,363
120000053,751,600,151
120000054,485,642,-157
120000055,1025,755,270
120000056,2127,1097,1030
120000057,970,289,681
120000058,258,306,-48
120000059,141,1149,-1008
120000061,4,180,-176
120000062,83,92,-9
120000063,255,320,-65
120000064,122,256,-134
120000065,231,160,71
120000066,135,88,47
120000067,1,107,-106
120000068,53,166,-113
120000069,296,159,137
120000070,66,201,-135
120000071,294,26,268
120000072,675,86,589
120000073,487,32,455
120000074,44,18,26
120000075,687,96,591
120000076,1480,97,1383
120000077,1059,142,917
120000078,523,244,279
120000079,454,182,272
120000080,161,106,55
120000081,375,63,312
120000082,185,158,27
120000083,27,1212,-1185
120000084,53,54,-1
120000085,55,13,42
120000086,112,50,62
120000087,78,57,21
120000088,371,266,105
120000089,1064,123,941
120000090,354,192,162
120000091,527,210,317
120000092,638,97,541
120000093,404,174,230
120000094,135,358,-223
120000095,312,93,219
120000096,145,121,24
120000098,245,110,135
120000099,97,106,-9
120000100,284,162,122
120000101,237,118,119
120000102,371,946,-575
120000103,842,514,328
120000104,2107,161,1946
120000105,2533,105,2428
120000106,2505,106,2399
120000107,4001,105,3896
120000108,1479,31,1448
120000109,745,24,721
120000110,2,212,-210
120000111,6,133,-127
120000112,12,346,-334
120000113,18,226,-208
120000114,97,227,-130
120000115,131,202,-71
120000116,83,214,-131
120000117,344,132,212
120000118,2,34,-32
120000119,8,69,-61
120000120,36,72,-36
120000121,15,25,-10
120000122,91,311,-220
120000123,532,4579,-4047
120000124,239,168,71
120000125,227,96,131
120000126,118,282,-164
120000127,173,154,19
120000128,552,939,-387
120000129,106,113,-7
120000130,441,247,194
120000131,128,145,-17
120000134,49,12,37
120000135,47,295,-248
120000137,5,20,-15
120000138,247,51,196
120000139,81,37,44
120000140,166,17,149
120000141,168,26,142
120000142,411,84,327
120000143,0,5,-5
120000144,53,0,53
120000145,77,0,77
120000146,372,661,-289
120000149,200,152,48
120000150,371,3935,-3564
120000151,283,146,137
120000152,466,27,439
120000153,42,46,-4
120000154,118,132,-14
120000155,74,96,-22
120000156,156,392,-236
120000157,331,138,193
120000158,121,58,63
120000159,614,765,-151
120000160,1279,985,294
120000161,904,845,59
120000162,24,188,-164
120000163,218,113,105
120000164,308,62,246
120000165,259,73,186
120000166,909,34,875
120000167,0,0,0
120000168,0,0,0
120000169,0,0,0
120000170,0,0,0
120000171,0,0,0
120000172,0,0,0
120000173,23,0,23
120000174,9,0,9
120000175,10,0,10
120000176,0,0,0
120000177,63,1,62
120000178,4,0,4
120000179,3,0,3
120000180,8,3,5
120000181,10,66,-56
120000182,4,109,-105
120000183,1,146,-145
120000184,16,407,-391
120000186,1,44,-43
120000187,5,38,-33
120000188,2,46,-44
120000190,23,110,-87
120000191,33,30,3
120000192,16,38,-22
120000193,38,25,13
120000195,1,1,0
120000196,4,1,3
120000197,2,2,0
120000198,42,0,42
120000199,0,0,0
120000200,0,0,0
120000201,0,0,0
120000202,0,0,0
120000203,0,0,0
120000207,0,0,0
120000208,0,0,0
120000209,0,0,0
120000210,0,0,0
120000211,0,0,0
120000212,0,0,0
120000213,0,0,0
120000214,0,0,0
120000215,0,0,0
120000216,0,0,0
120000217,0,0,0
120000218,0,0,0
120000219,0,0,0
120000220,0,0,0
120000225,961,9,952
120000226,249,3,246
120000227,257,13,244
120000228,0,0,0
120000230,45,6,39
120000231,219,43,176
120000233,332,31,301
120000235,0,39,-39
120000236,767,0,767
120000237,0,14,-14
120000238,0,0,0
120000241,857,1777,-920
120000412,91,2,89
120000413,125,13,112
120000414,157,1,156
120000415,0,11,-11
120000416,35,0,35
120000417,0,3,-3
120000418,128,0,128
120000419,0,3,-3
120000420,48,15,33
120000421,1977,1163,814
120000422,14,352,-338
120000423,0,0,0
120000424,0,0,0
120000436,35,725,-690
120000437,15,9,6
120000438,134,105,29
120000439,159,313,-154
120000443,191,3,188
120000444,1081,59,1022
120000445,868,669,199
120000446,78,40,38
120000447,138,0,138
120000449,75,0,75
120000450,0,10,-10
120000451,57,64,-7
120000452,250,23,227
120000453,0,0,0
120000454,47,5,42
120000455,35,41,-6
120000456,57,658,-601
120000457,243,117,126
120000458,235,93,142
120000459,24,17,7
120000665,18,124,-106
120000668,9,272,-263
120000669,88,105,-17
120000670,6,183,-177
120000671,486,213,273
120000672,4,139,-135
120900001,85,4,81
120900002,2,9,-7
120900003,0,0,0
120900004,0,44,-44
120900005,0,99,-99
120900006,241,36,205
120900007,0,0,0
120900008,215,130,85
120900009,0,0,0
120900010,203,71,132
120900011,0,0,0
120900012,7,304,-297
120900013,132,11,121
120900014,0,26,-26
120900015,522,10,512
120900016,700,8,692
120900017,70,0,70
120900018,81,19,62
120900019,184,130,54
120900020,50,214,-164
120900021,342,2,340
120900022,4,15,-11
120900023,389,3,386
120900024,318,41,277
120900025,48,43,5
120900026,4,16,-12
120900027,0,0,0
120900028,360,84,276
120900029,0,0,0
120900030,547,97,450
120900031,230,8,222
120900032,871,24,847
120900033,510,24,486
120900034,1,371,-370
120900035,18,2,16
120900037,255,2,253
120900038,0,0,0
120900039,0,0,0
120900040,239,4,235
120900041,0,4,-4
120900042,246,25,221
120900043,38,2,36
120900044,2,67,-65
120900045,12,2,10
120900046,389,1,388
120900047,0,0,0
120900048,0,0,0
120900049,307,0,307
120900050,183,576,-393
120900051,146,63,83
120900052,264,0,264
120900053,0,0,0
120900054,196,10,186
120900055,395,0,395
120900056,0,0,0
120900057,0,0,0
120900058,511,0,511
120900059,81,0,81
120900060,0,0,0
120900061,31,2,29
120900062,158,4,154
120900063,0,0,0
120900064,366,0,366
120900065,386,1,385
120900066,321,34,287
120900067,60,10,50
120900068,151,0,151
120900069,0,0,0
120900071,47,2,45
120900072,0,0,0
120900073,0,0,0
120900074,181,4,177
120900076,212,0,212
120900077,502,184,318
120900078,764,124,640
120900079,101,2,99
120900080,194,4,190
120900081,717,58,659
120900082,199,54,145
120900083,102,1,101
120900084,158,207,-49
120900085,0,0,0
120900086,5,231,-226
120900087,253,68,185
120900088,9,230,-221
120900089,302,1771,-1469
120900090,33,2,31
120900091,72,259,-187
120900092,8,19,-11
120900093,0,0,0
120900094,15,22,-7
120900095,0,0,0
120900096,0,8,-8
120900097,42,29,13
120900098,0,0,0
120900099,2,0,2
120900100,0,0,0
120900101,0,0,0
120900102,0,0,0
120900103,25,25,0
120900104,3,1,2
120900105,0,0,0
120900106,110,27,83
120900107,52,6,46
120900108,0,0,0
120900109,11,51,-40
120900110,0,0,0
120900111,6,3,3
120900112,0,0,0
120900113,6,33,-27
120900114,4,10,-6
120900115,38,64,-26
120900116,41,22,19
120900117,0,0,0
120900118,4,49,-45
120900119,752,362,390
120900120,2,40,-38
120900121,2,30,-28
120900122,82,17,65
120900123,0,0,0
120900124,1,21,-20
120900125,0,33,-33
120900126,68,13,55
120900127,0,0,0
120900128,25,22,3
120900129,110,30,80
120900130,2,48,-46
120900131,0,0,0
120900132,588,13,575
120900133,3,22,-19
120900134,2,12,-10
120900135,21,37,-16
120900136,0,0,0
120900137,183,19,164
120900138,0,9,-9
120900139,0,18,-18
120900140,0,0,0
120900141,75,21,54
120900142,3,6,-3
120900143,0,21,-21
120900144,0,12,-12
120900145,26,32,-6
120900146,0,25,-25
120900147,0,0,0
120900148,13,13,0
120900149,0,18,-18
120900150,3,18,-15
120900151,0,11,-11
120900152,0,0,0
120900153,0,0,0
120900154,0,30,-30
120900155,12,5,7
120900156,46,8,38
120900157,0,0,0
120900158,21,10,11
120900159,0,0,0
120900160,0,12,-12
120900161,0,0,0
120900162,0,0,0
120900163,0,0,0
120900164,0,0,0
120900165,0,0,0
120900166,0,0,0
120900167,0,0,0
120900169,0,0,0
120900170,14,1093,-1079
120900171,45,4,41
120900172,0,0,0
120900173,0,1,-1
120900174,0,0,0
120900175,54,1,53
120900176,1,131,-130
120900177,0,487,-487
120900178,1,280,-279
120900179,31,13,18
120900180,0,0,0
120900181,0,0,0
120900182,0,0,0
120900183,0,0,0
120900184,0,0,0
120900185,0,0,0
120900186,0,27,-27
120900187,101,95,6
120900188,6,0,6
120900189,0,0,0
120900190,76,7,69
120900191,0,0,0
120900192,773,2314,-1541
120900194,4,1,3
120900195,9,13,-4
120900196,0,0,0
120900197,298,26,272
120900198,3,40,-37
120900199,50,102,-52
120900200,0,0,0
120900201,57,7,50
120900202,0,2,-2
120900203,16,4,12
120900204,17,15,2
120900205,3,0,3
120900206,4,3,1
120900207,0,36,-36
121000001,150,464,-314
121000002,280,907,-627
121000003,253,931,-678
121000004,455,1288,-833
121000005,1286,2939,-1653
121000006,801,1427,-626
121000007,207,1600,-1393
121000008,729,1383,-654
121000009,945,3005,-2060
121000010,1039,1441,-402
121000011,1394,3400,-2006
121000012,1971,1512,459
121000013,1929,3726,-1797
121000014,2542,1543,999
121000015,2499,4353,-1854
121000016,821,561,260
121000017,439,1786,-1347
121000018,764,1161,-397
121000019,2032,3096,-1064
121000020,3806,6977,-3171
121000021,305,438,-133
121000022,480,2354,-1874
121000023,724,323,401
121000024,1715,2121,-406
121000025,66,298,-232
121000026,80,141,-61
121000027,173,614,-441
121000028,65,175,-110
121000029,71,230,-159
121000030,0,0,0
121000031,56,189,-133
121000032,0,0,0
121000034,35,85,-50
121000035,0,17,-17
121000036,153,257,-104
121000037,110,440,-330
121000038,624,660,-36
121000039,88,45,43
121000041,89,217,-128
121000042,14,193,-179
121000043,313,372,-59
121000044,40,226,-186
121000045,102,205,-103
121000046,0,0,0
121000047,11,31,-20
121000049,407,326,81
121000050,96,1717,-1621
121000051,197,81,116
121000052,76,876,-800
121000053,23,93,-70
121000054,0,52,-52
121000055,226,575,-349
121000056,995,653,342
121000057,0,17,-17
121000058,38,101,-63
121000059,187,1065,-878
121000060,549,770,-221
121000061,10,386,-376
121000062,206,295,-89
121000063,107,655,-548
121000064,196,541,-345
121000065,87,140,-53
121000066,23,26,-3
121000067,109,51,58
121000068,160,749,-589
121000069,21,837,-816
121000070,254,324,-70
121000071,316,985,-669
121000072,124,81,43
121000073,134,540,-406
121000074,8,40,-32
121000075,2,2,0
121000076,17,38,-21
121000077,2,71,-69
121000078,1,65,-64
121000080,190,162,28
121000081,478,1349,-871
121000082,4,17,-13
121000083,52,70,-18
121000084,0,0,0
121000085,25,21,4
121000086,19,201,-182
121000087,11,224,-213
121000088,134,147,-13
121000089,5,298,-293
121000090,42,130,-88
121000091,450,846,-396
121000092,64,27,37
121000093,15,117,-102
121000094,74,159,-85
121000095,9,167,-158
121000096,611,165,446
121000097,151,709,-558
121000098,155,202,-47
121000099,193,132,61
121000100,290,154,136
121000101,72,92,-20
121000102,14,7,7
121000103,67,85,-18
121000104,17,1,16
121000105,6,5,1
121000106,88,157,-69
121000107,779,1747,-968
121000109,368,1079,-711
121000110,9,698,-689
121000114,769,1313,-544
121000115,87,74,13
121000116,74,90,-16
121000117,148,47,101
121000118,168,29,139
121000119,32,26,6
121000120,74,437,-363
121000121,54,58,-4
121000123,65,79,-14
121000127,16,31,-15
121000128,224,71,153
121000129,136,94,42
121000130,119,191,-72
121000131,46,223,-177
121000132,79,251,-172
121000135,140,190,-50
121000136,307,663,-356
121000137,104,162,-58
121000138,141,1084,-943
121000139,0,0,0
121000141,60,2,58
121000142,3,61,-58
121000143,2,17,-15
121000144,595,697,-102
121000145,159,188,-29
121000146,231,91,140
121000147,152,34,118
121000148,97,141,-44
121000149,513,648,-135
121000152,95,99,-4
121000153,165,114,51
121000154,229,89,140
121000155,295,362,-67
121000156,99,211,-112
121000157,224,305,-81
121000158,526,223,303
121000159,216,150,66
121000160,250,98,152
121000161,153,234,-81
121000162,115,66,49
121000165,648,1881,-1233
121000166,14,338,-324
121000168,45,116,-71
121000169,10,18,-8
121000170,85,14,71
121000171,7,56,-49
121000172,215,405,-190
121000173,623,738,-115
121000174,289,514,-225
121000175,380,124,256
121000176,142,194,-52
121000177,157,92,65
121000178,103,30,73
121000179,7,12,-5
121000181,83,71,12
121000182,262,283,-21
121000183,20,240,-220
121000184,18,439,-421
121000185,2,853,-851
121000186,145,821,-676
121000187,133,156,-23
121000188,33,49,-16
121000192,179,51,128
121000193,70,87,-17
121000194,524,1032,-508
121000195,222,578,-356
121000196,93,110,-17
121000197,44,68,-24
121000198,31,194,-163
121000199,12,56,-44
121000200,189,128,61
121000201,3,123,-120
121000202,54,2,52
121000203,5,99,-94
121000204,807,41,766
121000205,100,171,-71
121000206,150,155,-5
121000207,573,280,293
121000208,0,133,-133
121000209,387,21,366
121000210,422,129,293
121000211,18,2,16
121000212,116,87,29
121000213,463,443,20
121000214,223,1188,-965
121000215,456,177,279
121000216,176,453,-277
121000217,1066,1547,-481
121000218,71,415,-344
121000219,388,315,73
121000220,30,3,27
121000221,7,113,-106
121000222,689,881,-192
121000223,0,0,0
121000224,177,96,81
121000225,80,874,-794
121000226,192,884,-692
121000227,6,80,-74
121000228,16,59,-43
121000229,20,31,-11
121000230,27,152,-125
121000231,596,8,588
121000232,36,18,18
121000233,132,73,59
121000234,3,68,-65
121000235,9,30,-21
121000236,6,56,-50
121000237,1,13,-12
121000238,0,16,-16
121000239,23,0,23
121000240,0,19,-19
121000241,46,0,46
121000242,3,40,-37
121000243,57,4,53
121000244,0,8,-8
121000245,30,1,29
121000246,0,10,-10
121000247,25,0,25
121000248,102,61,41
121000249,25,32,-7
121000250,141,356,-215
121000251,0,50,-50
121000252,4,59,-55
121000253,86,152,-66
121000254,440,117,323
121000255,4,54,-50
121000256,32,221,-189
121000257,8,52,-44
121000258,47,171,-124
121000259,15,48,-33
121000260,2,32,-30
121000261,3,167,-164
121000262,119,93,26
121000263,327,44,283
121000271,32,1124,-1092
121000273,2,0,2
121000274,7,53,-46
121000275,1,0,1
121000276,0,31,-31
121000278,11,8,3
121000279,4,7,-3
121000280,8,13,-5
121000289,96,17,79
121000290,94,496,-402
121000294,106,11,95
121000297,233,399,-166
121000299,67,216,-149
121000300,95,142,-47
121000302,13,349,-336
121000303,51,26,25
121000304,418,79,339
121000305,59,62,-3
121000306,81,150,-69
121000308,0,0,0
121000309,0,0,0
121000310,0,0,0
121000311,0,0,0
121000312,104,94,10
121000313,0,1,-1
121000314,0,0,0
121000315,2,8,-6
121000530,616,464,152
121000531,770,407,363
121000532,1690,1507,183
121000533,2551,1541,1010
121000918,0,0,0
121000919,28,126,-98
121000938,21,4,17
121000939,40,128,-88
121000956,582,257,325
121000957,0,0,0
121000958,14,14,0
121000959,231,53,178
121000960,286,227,59
121000961,129,1,128
121000962,13,79,-66
121000973,0,0,0
121000976,0,0,0
121000979,0,0,0
121000981,58,10,48
121000982,404,63,341
121000983,94,9,85
121000984,3,3,0
121000985,196,78,118
121000986,100,84,16
121000987,25,107,-82
121000988,314,38,276
121001302,9,34,-25
121001308,0,37,-37
121001309,1,120,-119
121001311,0,0,0
121001313,0,0,0
121001314,610,337,273
121001315,1789,138,1651
121001326,17,82,-65
121900001,117,361,-244
121900002,1,0,1
121900003,2,1,1
121900004,0,0,0
121900005,9,1,8
121900006,0,0,0
121900007,247,29,218
121900008,3,0,3
121900009,5,5,0
121900010,0,0,0
121900011,15,0,15
121900012,2,0,2
121900013,0,0,0
121900014,0,0,0
121900015,169,2,167
121900016,0,0,0
121900017,0,0,0
121900018,0,0,0
121900019,0,0,0
121900020,2,0,2
121900021,37,0,37
121900022,0,0,0
121900023,0,0,0
121900024,0,0,0
121900025,0,0,0
121900026,0,0,0
121900027,0,0,0
121900028,0,0,0
121900029,0,0,0
121900030,0,0,0
121900031,6,99,-93
121900032,0,0,0
121900033,0,0,0
121900034,0,0,0
121900035,0,0,0
121900036,0,0,0
121900037,0,0,0
121900038,0,0,0
121900039,0,0,0
121900040,0,0,0
121900041,0,0,0
121900042,0,0,0
121900043,0,0,0
121900044,0,0,0
121900046,0,0,0
121900047,0,0,0
121900048,0,0,0
121900050,0,0,0
121900051,0,0,0
121900052,0,0,0
121900053,14,21,-7
121900054,0,0,0
121900055,0,0,0
121900058,0,0,0
121900059,0,0,0
121900060,0,0,0
121900061,0,0,0
121900062,0,0,0
121900063,10,6,4
121900064,0,0,0
121900066,0,0,0
121900067,0,0,0
121900069,0,0,0
121900070,2,6,-4
121900071,0,0,0
121900072,0,0,0
121900073,0,0,0
121900074,7,0,7
121900075,2,6,-4
121900076,0,0,0
121900078,0,0,0
121900079,0,0,0
121900080,0,0,0
121900082,0,0,0
121900084,0,0,0
121900086,0,0,0
121900087,0,0,0
121900088,0,0,0
121900089,0,0,0
121900090,0,0,0
121900091,0,0,0
121900092,0,0,0
121900093,0,0,0
121900094,0,0,0
121900095,0,0,0
121900096,0,0,0
121900097,0,0,0
121900098,0,0,0
121900099,0,0,0
121900100,0,0,0
121900101,0,0,0
121900102,0,0,0
121900103,0,0,0
121900104,123,58,65
121900105,0,0,0
121900106,0,0,0
121900107,0,0,0
121900108,0,0,0
121900109,0,0,0
121900110,0,0,0
121900111,0,0,0
121900112,0,0,0
121900113,0,0,0
121900114,0,0,0
121900117,0,0,0
121900118,0,0,0
121900119,0,0,0
121900120,0,0,0
121900121,0,0,0
121900122,0,0,0
121900123,0,0,0
121900124,2,0,2
121900125,5,0,5
121900127,0,0,0
121900128,0,0,0
121900129,0,0,0
121900130,0,0,0
121900131,1,0,1
121900132,0,0,0
121900133,0,0,0
121900134,0,0,0
121900135,64,13,51
121900136,0,0,0
121900137,0,0,0
121900138,0,0,0
121900139,0,0,0
121900140,0,0,0
121900141,2,0,2
121900142,0,0,0
121900143,0,0,0
121900144,0,0,0
121900145,0,0,0
121900146,0,0,0
121900147,0,0,0
121900148,0,0,0
121900149,0,0,0
121900150,0,0,0
121900151,0,0,0
121900152,0,0,0
121900153,0,0,0
121900154,0,0,0
121900155,0,0,0
121900156,0,0,0
121900157,0,0,0
121900158,0,0,0
121900159,0,0,0
121900160,0,0,0
121900161,0,0,0
121900162,0,0,0
121900163,0,0,0
121900164,0,0,0
121900165,0,0,0
121900166,0,0,0
121900167,0,0,0
121900168,0,0,0
121900169,0,0,0
121900170,0,0,0
121900171,0,0,0
121900172,0,0,0
121900173,0,0,0
121900174,0,0,0
121900175,0,0,0
121900176,0,0,0
121900177,0,0,0
121900178,0,0,0
121900179,0,0,0
121900180,64,294,-230
121900182,0,0,0
121900183,0,0,0
121900184,0,0,0
121900186,0,0,0
121900187,0,0,0
121900188,0,0,0
121900189,0,0,0
121900190,5,0,5
121900191,0,0,0
121900192,0,0,0
121900193,0,0,0
121900194,0,0,0
121900195,0,0,0
121900196,0,0,0
121900197,0,0,0
121900198,343,1,342
121900199,0,0,0
121900200,0,0,0
121900201,0,0,0
121900202,0,0,0
121900203,0,0,0
121900204,0,0,0
121900205,0,0,0
121900206,0,0,0
121900207,0,0,0
121900208,0,0,0
121900209,0,0,0
121900210,0,0,0
121900211,0,0,0
121900212,0,0,0
121900213,0,0,0
121900214,0,0,0
121900215,0,0,0
121900216,0,0,0
121900217,0,0,0
121900218,0,0,0
121900220,0,0,0
121900221,0,0,0
121900222,0,0,0
121900223,0,0,0
121900224,0,0,0
121900225,0,0,0
121900226,2,0,2
121900227,0,0,0
121900228,0,0,0
121900230,0,2,-2
121900231,0,0,0
121900232,0,0,0
121900233,0,0,0
121900234,0,0,0
121900235,0,0,0
121900236,0,0,0
121900237,0,0,0
121900238,0,0,0
121900239,0,0,0
121900240,0,0,0
121900241,0,0,0
121900242,0,0,0
121900243,0,0,0
121900244,0,0,0
121900245,0,0,0
121900246,30,6,24
121900248,0,0,0
121900250,0,0,0
121900251,0,0,0
121900252,0,0,0
121900253,6,68,-62
121900254,0,0,0
121900255,0,0,0
121900258,473,275,198
121900259,0,0,0
121900260,0,0,0
121900261,0,0,0
121900262,0,0,0
121900263,0,0,0
121900264,0,0,0
121900265,0,0,0
121900266,0,0,0
121900267,0,0,0
121900269,0,0,0
121900270,0,0,0
121900271,0,0,0
121900273,9,17,-8
121900274,56,11,45
121900277,0,0,0
121900278,0,0,0
121900279,0,0,0
121900280,0,0,0
121900281,0,0,0
121900284,0,0,0
121900286,18,2,16
121900287,1,1,0
121900288,0,0,0
121900290,0,0,0
121900291,0,0,0
121900292,3,6,-3
121900293,0,0,0
121900294,0,0,0
121900295,0,0,0
121900296,0,0,0
121900298,0,9,-9
121900299,0,0,0
121900300,63,0,63
121900301,0,0,0
121900302,0,0,0
121900303,0,0,0
121900304,0,0,0
121900305,0,0,0
121900306,0,0,0
121900307,34,0,34
121900308,0,0,0
121900309,0,0,0
121900310,0,0,0
121900311,88,0,88
121900312,30,5,25
121900313,70,2,68
121900314,0,0,0
121900315,0,0,0
121900316,0,0,0
121900317,0,0,0
121900318,0,0,0
121900319,0,0,0
121900320,0,0,0
121900321,0,0,0
121900322,0,0,0
121900323,0,0,0
121900324,0,0,0
121900325,0,0,0
121900326,0,0,0
121900327,0,0,0
121900328,0,0,0
121900329,0,0,0
121900330,0,0,0
121900331,0,0,0
121900332,0,0,0
121900333,0,0,0
121900334,0,0,0
122000001,377,845,-468
122000002,508,267,241
122000003,335,753,-418
122000004,341,440,-99
122000005,1204,2782,-1578
122000006,280,893,-613
122000007,285,909,-624
122000008,636,1120,-484
122000009,148,172,-24
122000010,1452,1206,246
122000011,341,399,-58
122000012,187,388,-201
122000013,312,1187,-875
122000014,624,972,-348
122000015,331,600,-269
122000016,126,478,-352
122000017,300,859,-559
122000018,382,758,-376
122000019,202,857,-655
122000020,46,55,-9
122000021,20,149,-129
122000022,165,117,48
122000023,70,119,-49
122000024,512,541,-29
122000025,225,610,-385
122000026,466,417,49
122000027,124,414,-290
122000028,202,430,-228
122000029,63,136,-73
122000030,44,8,36
122000031,23,657,-634
122000032,193,367,-174
122000033,133,298,-165
122000034,9,93,-84
122000035,2,80,-78
122000036,75,99,-24
122000037,39,105,-66
122000038,80,221,-141
122000039,49,39,10
122000040,26,31,-5
122000041,363,1236,-873
122000042,219,681,-462
122000043,24,68,-44
122000044,33,146,-113
122000045,215,88,127
122000046,226,236,-10
122000047,5,23,-18
122000048,907,2207,-1300
122000049,2305,1527,778
122000050,235,400,-165
122000051,182,833,-651
122000052,152,580,-428
122000053,189,1548,-1359
122000054,512,706,-194
122000055,2622,2681,-59
122000056,905,1200,-295
122000057,1086,1452,-366
122000058,574,716,-142
122000059,522,962,-440
122000060,52,122,-70
122000061,10,64,-54
122000062,324,53,271
122000063,103,464,-361
122000064,1602,2508,-906
122000065,1384,1292,92
122000066,104,109,-5
122000067,862,2233,-1371
122000068,144,1884,-1740
122000069,106,191,-85
122000070,859,539,320
122000071,293,426,-133
122000072,1,97,-96
122000073,40,178,-138
122000074,427,731,-304
122000075,166,631,-465
122000076,273,357,-84
122000077,152,371,-219
122000078,483,491,-8
122000079,121,517,-396
122000080,74,306,-232
122000081,2,168,-166
122000082,129,332,-203
122000083,150,292,-142
122000084,93,96,-3
122000085,14,176,-162
122000086,786,2679,-1893
122000087,217,155,62
122000088,103,22,81
122000089,897,928,-31
122000090,57,139,-82
122000091,75,44,31
122000092,5,22,-17
122000093,1001,2402,-1401
122000094,1496,1534,-38
122000095,550,1921,-1371
122000096,107,1046,-939
122000098,1148,3779,-2631
122000099,172,440,-268
122000100,105,90,15
122000101,69,78,-9
122000102,42,163,-121
122000103,103,167,-64
122000104,46,101,-55
122000105,76,127,-51
122000106,100,210,-110
122000107,159,227,-68
122000108,8,30,-22
122000109,84,125,-41
122000110,52,97,-45
122000111,360,264,96
122000112,123,178,-55
122000113,143,115,28
122000114,446,2315,-1869
122000115,567,1631,-1064
122000116,53,292,-239
122000117,185,36,149
122000118,260,21,239
122000119,156,121,35
122000120,55,137,-82
122000121,295,424,-129
122000122,94,353,-259
122000123,230,454,-224
122000124,41,225,-184
122000125,99,258,-159
122000126,32,230,-198
122000127,60,253,-193
122000128,185,123,62
122000129,93,237,-144
122000130,495,384,111
122000131,131,140,-9
122000132,8,5,3
122000133,77,45,32
122000134,130,283,-153
122000135,177,153,24
122000136,61,140,-79
122000137,209,319,-110
122000139,170,585,-415
122000140,122,400,-278
122000141,298,395,-97
122000142,31,431,-400
122000143,28,80,-52
122000144,156,118,38
122000145,140,45,95
122000146,147,368,-221
122000147,160,214,-54
122000148,203,127,76
122000149,293,81,212
122000150,186,182,4
122000151,0,0,0
122000152,9,0,9
122000153,102,164,-62
122000154,46,67,-21
122000155,192,157,35
122000156,1126,1393,-267
122000157,362,841,-479
122000158,81,81,0
122000159,212,226,-14
122000160,394,250,144
122000161,179,198,-19
122000162,167,277,-110
122000163,16,1,15
122000164,7,4,3
122000165,69,583,-514
122000166,145,168,-23
122000167,4,8,-4
122000168,55,889,-834
122000169,59,28,31
122000170,47,284,-237
122000171,0,0,0
122000172,259,979,-720
122000173,238,1000,-762
122000174,471,1251,-780
122000175,122,65,57
122000176,202,1083,-881
122000177,758,1994,-1236
122000178,682,382,300
122000179,265,1583,-1318
122000180,576,1532,-956
122000181,483,1662,-1179
122000182,224,231,-7
122000183,77,142,-65
122000184,985,1204,-219
122000185,540,794,-254
122000186,165,455,-290
122000187,453,211,242
122000188,0,0,0
122000189,59,66,-7
122000190,275,415,-140
122000191,113,85,28
122000192,137,19,118
122000193,106,285,-179
122000194,114,50,64
122000195,37,360,-323
122000196,83,106,-23
122000197,27,108,-81
122000198,70,284,-214
122000199,94,103,-9
122000200,189,114,75
122000201,532,725,-193
122000202,278,628,-350
122000203,284,262,22
122000204,361,485,-124
122000205,88,232,-144
122000206,563,709,-146
122000207,318,803,-485
122000208,522,353,169
122000209,564,87,477
122000210,207,259,-52
122000211,101,195,-94
122000212,152,140,12
122000213,105,308,-203
122000214,400,791,-391
122000215,1310,662,648
122000217,351,366,-15
122000218,172,81,91
122000219,160,181,-21
122000220,49,307,-258
122000221,12,255,-243
122000222,60,35,25
122000223,114,142,-28
122000225,146,109,37
122000226,63,329,-266
122000227,33,228,-195
122000228,32,102,-70
122000229,4,193,-189
122000230,4,110,-106
122000231,15,87,-72
122000232,108,160,-52
122000233,0,19,-19
122000234,182,44,138
122000235,196,39,157
122000236,242,14,228
122000237,4,1,3
122000238,37,99,-62
122000239,100,27,73
122000240,227,74,153
122000241,310,46,264
122000242,25,4,21
122000243,18,26,-8
122000244,20,105,-85
122000245,38,5,33
122000246,76,112,-36
122000247,137,100,37
122000248,93,194,-101
122000249,211,216,-5
122000250,179,198,-19
122000251,0,0,0
122000252,12,14,-2
122000253,0,0,0
122000254,41,19,22
122000255,83,226,-143
122000256,2,15,-13
122000257,2,14,-12
122000258,39,127,-88
122000259,4,115,-111
122000260,17,70,-53
122000261,5,70,-65
122000262,0,5,-5
122000263,66,3,63
122000264,484,135,349
122000265,411,201,210
122000266,681,139,542
122000267,1,10,-9
122000268,51,9,42
122000269,73,69,4
122000270,10,4,6
122000271,0,1,-1
122000272,0,0,0
122000273,9,1,8
122000274,5,8,-3
122000275,1,29,-28
122000276,237,212,25
122000277,266,513,-247
122000278,349,82,267
122000279,36,5,31
122000280,125,14,111
122000281,43,93,-50
122000282,6,293,-287
122000283,6,20,-14
122000284,4,9,-5
122000285,0,0,0
122000286,0,0,0
122000287,700,323,377
122000288,416,187,229
122000291,1053,406,647
122000293,22,56,-34
122000294,22,153,-131
122000295,456,59,397
122000296,61,535,-474
122000297,746,1806,-1060
122000299,213,122,91
122000300,38,37,1
122000301,485,1116,-631
122000302,213,777,-564
122000303,446,50,396
122000304,1,32,-31
122000305,702,82,620
122000306,8,161,-153
122000307,10,16,-6
122000309,0,0,0
122000310,0,26,-26
122000311,6,25,-19
122000312,43,85,-42
122000313,4,57,-53
122000314,113,233,-120
122000315,127,2,125
122000316,430,120,310
122000317,471,71,400
122000318,116,290,-174
122000319,4,146,-142
122000320,15,56,-41
122000321,8,48,-40
122000322,657,424,233
122000323,270,314,-44
122000324,228,822,-594
122000325,225,445,-220
122000326,11,0,11
122000327,62,273,-211
122000328,96,178,-82
122000330,305,631,-326
122000332,10,91,-81
122000333,5,10,-5
122000337,136,73,63
122000338,41,15,26
122000340,20,96,-76
122000342,185,227,-42
122000343,45,83,-38
122000344,51,0,51
122000345,19,19,0
122000346,5,14,-9
122000348,143,253,-110
122000349,3,64,-61
122000351,69,20,49
122000352,29,23,6
122000353,0,1,-1
122000355,62,605,-543
122000356,50,109,-59
122000357,18,18,0
122000358,0,0,0
122000359,0,0,0
122000360,0,0,0
122000362,2,9,-7
122000364,67,56,11
122000365,4,29,-25
122000366,2,1,1
122000368,34,101,-67
122000370,1,1,0
122000371,0,0,0
122000372,0,0,0
122000381,12,70,-58
122000382,1,8,-7
122000384,351,548,-197
122000385,25,0,25
122000386,13,528,-515
122000387,70,91,-21
122000388,124,618,-494
122000389,47,49,-2
122000390,50,250,-200
122000391,5,154,-149
122000392,45,5,40
122000393,0,39,-39
122000394,36,60,-24
122000395,49,42,7
122000396,54,1,53
122000397,0,0,0
122000398,17,120,-103
122000399,22,12,10
122000400,11,110,-99
122000401,28,13,15
122000402,119,45,74
122000403,6,6,0
122000404,62,42,20
122000408,249,354,-105
122000503,0,2,-2
122000524,1,0,1
122000544,3,46,-43
122000614,16,60,-44
122000616,0,0,0
122000640,7,23,-16
122000641,14,53,-39
122000642,302,111,191
122000643,5,130,-125
122000644,0,0,0
122000645,2,26,-24
122000651,178,625,-447
122000664,54,13,41
122000665,152,210,-58
122000666,43,180,-137
122000673,3,41,-38
122000674,118,117,1
122000675,811,319,492
122000686,116,98,18
122000687,387,69,318
122000688,199,101,98
122000689,312,33,279
122000690,884,39,845
122000691,483,138,345
122000692,167,12,155
122000693,95,159,-64
122000695,0,0,0
122000696,165,49,116
122000698,1,0,1
122000699,88,17,71
122000701,284,53,231
122000702,104,258,-154
122000703,20,39,-19
122000717,1,111,-110
122000718,40,828,-788
122000719,1,29,-28
122000720,210,30,180
122000724,46,4,42
122900001,0,0,0
122900002,61,506,-445
122900003,20,0,20
122900004,0,0,0
122900005,0,0,0
122900006,0,0,0
122900007,0,0,0
122900008,0,0,0
122900009,0,0,0
122900010,13,4,9
122900012,20,32,-12
122900014,0,0,0
122900015,62,12,50
122900016,0,0,0
122900017,0,0,0
122900018,0,0,0
122900019,0,0,0
122900020,0,0,0
122900021,0,0,0
122900022,0,0,0
122900023,0,0,0
122900024,0,0,0
122900025,0,0,0
122900026,0,0,0
122900027,0,92,-92
122900028,0,0,0
122900029,7,3,4
122900030,0,0,0
122900031,23,40,-17
122900032,0,0,0
122900033,4,58,-54
122900034,11,52,-41
122900035,2,0,2
122900036,0,0,0
122900037,0,0,0
122900038,0,190,-190
122900039,0,15,-15
122900040,5,14,-9
122900041,12,42,-30
122900042,7,42,-35
122900043,19,40,-21
122900044,3,46,-43
122900045,1,36,-35
122900046,7,17,-10
122900047,2,1,1
122900048,0,0,0
122900049,0,0,0
122900051,0,1,-1
122900052,55,1,54
122900053,4,11,-7
122900055,8,0,8
122900057,3,1,2
122900061,0,0,0
122900062,0,0,0
122900063,0,0,0
122900064,0,0,0
122900065,0,0,0
122900066,0,0,0
122900067,3,1,2
122900069,0,0,0
122900070,118,3,115
122900071,0,0,0
122900073,0,0,0
122900074,280,1,279
122900076,0,0,0
122900077,0,0,0
122900078,151,1,150
122900080,0,0,0
122900081,41,1,40
122900082,351,0,351
122900083,0,0,0
122900084,0,0,0
122900086,0,0,0
122900087,30,1,29
122900088,0,5,-5
122900089,0,0,0
122900090,0,0,0
122900091,0,0,0
122900092,0,0,0
122900093,0,0,0
122900094,0,0,0
122900095,0,0,0
122900096,43,0,43
122900097,0,0,0
122900098,0,0,0
122900099,0,0,0
122900100,0,0,0
122900101,0,0,0
122900102,0,0,0
122900103,0,0,0
122900104,0,0,0
122900105,0,0,0
122900106,0,0,0
122900107,0,0,0
122900108,0,0,0
122900109,0,0,0
123000001,508,171,337
123000002,608,2482,-1874
123000003,1090,1022,68
123000004,973,1401,-428
123000005,1411,791,620
123000006,911,1114,-203
123000007,872,690,182
123000008,483,493,-10
123000009,1483,1617,-134
123000010,398,369,29
123000011,853,914,-61
123000012,28,97,-69
123000013,733,328,405
123000014,24,250,-226
123000015,876,622,254
123000016,81,213,-132
123000017,3546,1799,1747
123000018,120,58,62
123000019,223,2,221
123000020,103,2,101
123000021,122,78,44
123000022,666,249,417
123000023,1486,1127,359
123000024,629,380,249
123000025,83,67,16
123000026,7,79,-72
123000027,9,269,-260
123000028,213,1793,-1580
123000029,6,244,-238
123000030,10,50,-40
123000031,264,82,182
123000032,326,62,264
123000033,47,59,-12
123000034,518,475,43
123000035,76,265,-189
123000036,50,622,-572
123000037,9,10,-1
123000038,20,102,-82
123000039,330,1019,-689
123000040,34,9,25
123000041,163,648,-485
123000042,43,85,-42
123000043,817,3855,-3038
123000044,763,327,436
123000045,270,140,130
123000046,115,416,-301
123000047,183,58,125
123000048,10,713,-703
123000049,3246,2713,533
123000050,413,517,-104
123000051,16,37,-21
123000052,249,643,-394
123000053,1091,939,152
123000054,317,1143,-826
123000055,1469,2216,-747
123000056,112,374,-262
123000057,483,811,-328
123000058,112,218,-106
123000059,56,159,-103
123000060,180,76,104
123000061,65,120,-55
123000063,184,167,17
123000064,197,20,177
123000065,490,505,-15
123000066,110,138,-28
123000067,249,167,82
123000068,495,412,83
123000069,865,339,526
123000070,83,49,34
123000071,514,268,246
123000072,72,26,46
123000073,558,339,219
123000074,212,75,137
123000075,140,469,-329
123000076,83,118,-35
123000077,568,160,408
123000078,978,522,456
123000079,958,524,434
123000080,414,107,307
123000081,9,7,2
123000082,67,131,-64
123000083,236,33,203
123000084,183,47,136
123000085,136,36,100
123000086,188,84,104
123000087,64,69,-5
123000088,492,92,400
123000089,406,293,113
123000090,0,0,0
123000091,396,289,107
123000092,0,0,0
123000094,161,11,150
123000095,236,147,89
123000096,261,79,182
123000097,309,82,227
123000098,194,71,123
123000099,231,122,109
123000100,68,568,-500
123000101,128,62,66
123000102,408,681,-273
123000104,166,153,13
123000105,3,18,-15
123000106,123,113,10
123000107,9,4,5
123000108,216,58,158
123000111,257,74,183
123000112,230,96,134
123000113,94,33,61
123000114,118,218,-100
123000115,38,99,-61
123000116,17,16,1
123000117,538,365,173
123000118,133,123,10
123000119,34,116,-82
123000120,59,126,-67
123000121,181,271,-90
123000122,0,0,0
123000123,310,129,181
123000124,0,0,0
123000125,440,471,-31
123000126,483,1249,-766
123000127,70,170,-100
123000128,0,0,0
123000129,340,32,308
123000130,372,6,366
123000131,383,187,196
123000132,0,0,0
123000133,0,0,0
123000134,59,31,28
123000135,452,216,236
123000136,0,0,0
123000137,0,0,0
123000138,0,0,0
123000139,231,22,209
123000140,0,0,0
123000141,104,29,75
123000142,129,46,83
123000143,98,105,-7
123000144,3,0,3
123000145,22,227,-205
123000146,0,58,-58
123000147,3,30,-27
123000149,79,166,-87
123000150,16,35,-19
123000151,64,256,-192
123000152,4,32,-28
123000153,21,347,-326
123000154,262,565,-303
123000155,199,485,-286
123000156,0,16,-16
123000157,79,153,-74
123000158,186,239,-53
123000159,504,1391,-887
123000160,302,520,-218
123000161,489,202,287
123000162,470,588,-118
123000163,399,55,344
123000164,964,29,935
123000165,57,294,-237
123000166,2,9,-7
123000167,47,13,34
123000168,96,23,73
123000169,290,37,253
123000170,26,0,26
123000171,284,1,283
123000172,5,22,-17
123000173,249,60,189
123000174,266,88,178
123000175,18,34,-16
123000176,273,39,234
123000177,70,79,-9
123000178,352,49,303
123000179,5,83,-78
123000180,646,205,441
123000181,160,251,-91
123000182,98,36,62
123000183,47,90,-43
123000184,3,21,-18
123000185,368,159,209
123000186,0,0,0
123000187,398,2,396
123000188,153,0,153
123000189,89,65,24
123000190,67,48,19
123000192,1,58,-57
123000193,0,200,-200
123000194,18,73,-55
123000195,215,8,207
123000196,245,6,239
123000197,18,7,11
123000198,0,123,-123
123000199,0,44,-44
123000200,386,7,379
123000201,772,16,756
123000202,2,42,-40
123000203,697,6,691
123000204,2,113,-111
123000205,11,144,-133
123000206,1641,142,1499
123000207,29,83,-54
123000208,411,40,371
123000209,1016,134,882
123000210,37,195,-158
123000211,82,324,-242
123000212,2012,143,1869
123000213,237,31,206
123000215,42,146,-104
123000216,27,274,-247
123000217,108,3,105
123000218,5,17,-12
123000219,213,40,173
123000220,176,26,150
123000221,38,27,11
123000222,114,83,31
123000223,198,82,116
123000224,152,83,69
123000225,165,13,152
123000226,83,8,75
123000227,37,1,36
123000228,139,22,117
123000229,191,140,51
123000232,1,36,-35
123000233,301,16,285
123000234,8,28,-20
123000235,229,44,185
123000236,23,72,-49
123000237,208,10,198
123000238,3,4,-1
123000239,112,97,15
123000240,2,213,-211
123000241,99,52,47
123000242,17,69,-52
123000243,85,114,-29
123000244,64,96,-32
123000245,0,0,0
123000249,0,0,0
123000252,352,102,250
123000253,541,289,252
123000254,136,101,35
123000255,136,297,-161
123000256,0,2,-2
123000257,315,244,71
123000258,257,101,156
123000259,234,193,41
123000260,314,70,244
123000261,49,54,-5
123000262,17,8,9
123000263,114,25,89
123000264,132,29,103
123000265,0,6,-6
123000266,143,150,-7
123000267,98,126,-28
123000268,5,3,2
123000269,34,70,-36
123000270,45,67,-22
123000271,5,13,-8
123000272,296,97,199
123000273,154,687,-533
123000274,539,320,219
123000275,6,54,-48
123000278,305,598,-293
123000279,66,49,17
123000280,103,49,54
123000281,94,41,53
123000282,11,136,-125
123000283,100,49,51
123000284,6,20,-14
123000286,81,284,-203
123000287,86,93,-7
123000288,323,434,-111
123000289,98,453,-355
123000291,16,13,3
123000294,115,411,-296
123000295,348,1045,-697
123000296,512,880,-368
123000297,163,74,89
123000298,229,72,157
123000299,49,178,-129
123000300,550,188,362
123000301,56,42,14
123000302,188,35,153
123000303,30,430,-400
123000305,151,360,-209
123000306,31,2,29
123000309,24,12,12
123000310,19,4,15
123000311,0,0,0
123000312,173,132,41
123000313,200,95,105
123000315,251,30,221
123000316,654,64,590
123000317,35,50,-15
123000318,7,56,-49
123000329,1,2,-1
123000337,96,167,-71
123000338,362,192,170
123000339,87,7,80
123000340,20,102,-82
123000342,0,17,-17
123000343,10,1,9
123000344,229,91,138
123000345,90,100,-10
123000346,474,64,410
123000352,78,133,-55
123000353,2,7,-5
123000354,447,4,443
123000355,0,200,-200
123000356,143,0,143
123000357,0,3,-3
123000359,0,1,-1
123000360,49,97,-48
123000361,126,24,102
123000362,99,5,94
123000363,18,2,16
123000364,153,118,35
123000365,0,43,-43
123000366,47,364,-317
123000367,37,151,-114
123000370,6,2,4
123000371,147,0,147
123000372,45,8,37
123000373,0,7,-7
123000374,0,0,0
123000375,235,22,213
123000376,381,406,-25
123000377,182,2,180
123000378,2,1,1
123000379,0,8,-8
123000380,0,0,0
123000381,11,43,-32
123000382,193,65,128
123000383,0,0,0
123000384,136,53,83
123000385,0,0,0
123000436,7,520,-513
123000507,28,104,-76
123000508,163,1044,-881
123000517,38,0,38
123000518,16,66,-50
123000519,19,9,10
123000520,16,125,-109
123000521,31,36,-5
123000522,80,114,-34
123000541,36,11,25
123000542,0,0,0
123000565,316,7,309
123000566,77,122,-45
123000567,68,48,20
123000573,2,6,-4
123000574,313,5,308
123000575,553,4,549
123000576,123,6,117
123000577,0,0,0
123000578,172,18,154
123000579,668,1829,-1161
123000580,57,19,38
123000582,138,2,136
123000583,24,3,21
123000584,93,69,24
123000585,0,0,0
123000586,22,0,22
123000596,62,29,33
123000597,111,118,-7
123000602,21,8,13
123000603,458,40,418
123000604,185,77,108
123000605,265,2,263
123000606,0,0,0
123000609,9,48,-39
123000610,13,33,-20
123000613,8,16,-8
123000614,159,22,137
123000615,4,10,-6
123000616,183,26,157
123000617,0,0,0
123000618,0,0,0
123000619,75,0,75
123000620,0,0,0
123000622,121,0,121
123000624,63,39,24
123000630,909,230,679
123000631,85,82,3
123000632,256,35,221
123000633,1,121,-120
123000634,18,69,-51
123000635,0,0,0
123000636,36,138,-102
123000637,36,5,31
123000638,80,146,-66
123000639,456,1476,-1020
123000640,6,0,6
123000648,141,25,116
123000649,0,14,-14
123900001,0,0,0
123900002,0,0,0
123900003,0,0,0
123900005,0,0,0
123900006,0,0,0
124000001,634,140,494
124000002,0,176,-176
124000003,537,63,474
124000004,0,27,-27
124000005,563,367,196
124000006,0,29,-29
124000007,122,33,89
124000008,0,18,-18
124000009,526,87,439
124000010,69,24,45
124000011,446,50,396
124000012,1,2,-1
124000017,114,50,64
124000018,0,0,0
124000019,134,30,104
124000020,0,0,0
124000021,74,41,33
124000022,0,0,0
124000023,525,841,-316
124000024,261,72,189
124000025,392,777,-385
124000026,462,840,-378
124000027,2535,1184,1351
124000028,103,3250,-3147
124000030,404,91,313
124000031,648,2337,-1689
124000032,0,11,-11
124000033,418,392,26
124000034,34,35,-1
124000035,146,17,129
124000036,10,39,-29
124000037,69,237,-168
124000038,0,5,-5
124000039,58,21,37
124000040,32,77,-45
124000041,240,11,229
124000042,7,4,3
124000043,56,17,39
124000044,0,19,-19
124000045,404,114,290
124000046,0,0,0
124000047,516,71,445
124000048,0,0,0
124000049,863,110,753
124000050,0,0,0
124000051,578,96,482
124000052,0,0,0
124000053,430,632,-202
124000054,0,0,0
124000055,835,914,-79
124000056,8,2,6
124000057,747,245,502
124000058,19,10,9
124000059,606,567,39
124000060,125,25,100
124000061,616,1536,-920
124000062,179,102,77
124000063,304,79,225
124000064,255,62,193
124000065,0,0,0
124000066,12,19,-7
124000067,17,20,-3
124000068,0,0,0
124000069,156,17,139
124000070,0,0,0
124000071,73,15,58
124000072,0,0,0
124000073,363,11,352
124000074,0,0,0
124000075,226,53,173
124000076,0,0,0
124000077,54,74,-20
124000078,451,378,73
124000079,6,78,-72
124000080,156,37,119
124000081,0,0,0
124000082,27,89,-62
124000083,1,6,-5
124000084,6,222,-216
124000085,1,4,-3
124000086,32,148,-116
124000087,40,113,-73
124000088,53,137,-84
124000089,221,5,216
124000090,10,4,6
124000091,192,19,173
124000092,57,198,-141
124000093,55,78,-23
124000094,21,158,-137
124000095,68,2,66
124000096,10,55,-45
124000097,159,5,154
124000098,32,11,21
124000099,86,13,73
124000100,1,44,-43
124000101,142,52,90
124000102,93,7,86
124000103,183,54,129
124000104,69,15,54
124000105,214,44,170
124000106,34,7,27
124000107,39,316,-277
124000108,35,6,29
124000109,45,17,28
124000110,66,7,59
124000111,115,56,59
124000112,211,170,41
124000113,73,36,37
124000114,156,147,9
124000115,204,247,-43
124000116,28,51,-23
124000117,11,58,-47
124000118,9,16,-7
124000119,229,120,109
124000120,190,46,144
124000121,510,206,304
124000122,28,255,-227
124000123,397,88,309
124000124,153,164,-11
124000125,236,109,127
124000126,159,106,53
124000127,732,51,681
124000128,267,102,165
124000129,916,494,422
124000130,169,29,140
124000131,390,244,146
124000132,241,64,177
124000133,576,259,317
124000134,202,233,-31
124000135,543,627,-84
124000136,54,221,-167
124000137,284,397,-113
124000138,42,132,-90
124000139,231,31,200
124000140,32,102,-70
124000141,254,12,242
124000142,2,110,-108
124000143,23,2,21
124000144,0,5,-5
124000145,40,7,33
124000146,17,2,15
124000148,2,8,-6
124000149,301,119,182
124000150,35,59,-24
124000151,232,265,-33
124000152,63,69,-6
124000153,226,930,-704
124000154,20,82,-62
124000155,397,145,252
124000156,50,61,-11
124000169,29,62,-33
124000170,58,114,-56
124000171,65,89,-24
124000172,68,46,22
124000173,133,68,65
124000174,174,75,99
124000175,0,0,0
124000176,15,61,-46
124000177,0,0,0
124000178,4,78,-74
124000185,2,1,1
124000186,6,6,0
124000187,2,5,-3
124000188,10,1,9
124000190,7,21,-14
124000191,6,82,-76
124000192,343,236,107
124000193,1,0,1
124000194,57,41,16
124000195,202,275,-73
124000196,122,55,67
124000197,63,12,51
124000198,60,22,38
124000201,4,0,4
124000202,245,18,227
124000203,62,1,61
124000204,585,21,564
124000205,29,0,29
124000206,736,182,554
124000207,0,0,0
124000209,113,10,103
124000210,565,74,491
124000211,423,0,423
124000212,0,0,0
124000213,70,0,70
124000214,255,11,244
124000215,292,33,259
124000216,0,0,0
124000329,7,23,-16
124000338,3,108,-105
124000339,661,13,648
124000341,567,12,555
124000344,58,9,49
124000357,896,1153,-257
124000358,748,1092,-344
124000359,931,250,681
124000360,378,302,76
124000361,993,715,278
124000362,0,0,0
124000363,0,0,0
124000364,0,1,-1
124000365,38,132,-94
124000366,8,221,-213
124000367,11,8,3
124000368,138,300,-162
124000369,16,96,-80
124000370,0,0,0
124000402,3,2,1
124000403,137,7,130
124000404,0,21,-21
124000405,562,119,443
124000406,162,109,53
124000407,2,7,-5
124000411,1,77,-76
124000412,101,1,100
124000413,1,20,-19
124000414,144,47,97
124000415,23,23,0
124000416,38,61,-23
124000417,92,81,11
124000418,175,19,156
124000419,100,16,84
124000420,134,10,124
124000421,76,17,59
124000422,4,14,-10
124000423,40,8,32
124000424,0,7,-7
124000425,27,1,26
124000426,0,6,-6
124000427,80,2,78
124000428,0,15,-15
124000429,48,9,39
124000430,130,83,47
124000431,28,33,-5
124000432,86,235,-149
124000439,2,1,1
124000443,0,0,0
124000445,11,412,-401
124000446,5,52,-47
124000447,3,53,-50
124000448,41,1,40
124000449,45,2,43
124000450,14,13,1
124000451,1,13,-12
124900001,0,0,0
124900002,0,0,0
124900003,0,0,0
124900004,0,0,0
124900005,0,0,0
124900006,0,0,0
124900008,0,0,0
124900009,0,0,0
124900010,0,0,0
124900011,0,0,0
124900012,0,0,0
124900013,0,0,0
124900014,0,0,0
124900015,5,16,-11
124900016,11,20,-9
124900017,0,3,-3
124900018,2,0,2
124900020,13,5,8
124900021,34,14,20
124900022,27,1,26
124900024,83,0,83
124900026,4,1,3
124900027,0,0,0
124900028,0,0,0
124900029,0,0,0
124900030,0,0,0
124900031,0,0,0
124900032,0,0,0
124900033,0,0,0
124900034,0,0,0
124900035,0,0,0
124900036,0,0,0
124900037,0,0,0
124900038,0,0,0
124900039,0,0,0
124900040,0,0,0
124900041,0,0,0
124900042,0,0,0
124900043,0,0,0
124900044,0,0,0
124900045,0,0,0
124900047,0,0,0
124900048,0,0,0
124900050,0,0,0
124900052,0,0,0
124900053,0,0,0
124900054,0,0,0
124900055,0,0,0
124900057,0,0,0
124900060,0,0,0
124900061,10,0,10
124900062,14,0,14
124900066,0,0,0
124900067,0,0,0
124900068,0,0,0
124900070,0,0,0
124900072,0,0,0
124900075,0,0,0
124900076,0,0,0
124900077,0,0,0
124900078,0,0,0
124900079,0,0,0
124900080,0,0,0
124900081,0,0,0
124900082,0,0,0
124900083,0,0,0
124900085,0,0,0
124900086,0,0,0
124900087,0,0,0
124900088,0,0,0
124900089,0,0,0
124900090,22,3,19
124900091,0,0,0
124900092,0,0,0
124900093,44,2,42
124900094,69,1,68
124900095,17,36,-19
124900096,33,2,31
124900097,72,2,70
124900098,0,0,0
124900099,0,0,0
124900100,67,4,63
124900101,73,0,73
124900102,54,1,53
124900103,0,0,0
124900104,0,0,0
124900105,0,0,0
124900106,20,3,17
124900107,8,4,4
124900108,0,0,0
124900111,0,0,0
124900112,0,0,0
124900113,0,0,0
124900114,0,0,0
124900115,0,0,0
124900116,41,67,-26
124900117,0,0,0
124900118,2,77,-75
124900119,0,0,0
124900120,0,0,0
124900121,0,0,0
124900122,0,0,0
124900123,0,0,0
124900124,0,0,0
204000001,111,1,110
204000002,12,6,6
204000003,21,0,21
204000004,14,0,14
204000005,331,541,-210
204000006,1034,1383,-349
204000011,0,0,0
204000012,0,0,0
204000019,958,279,679
204000020,451,213,238
204000021,519,389,130
204000022,732,288,444
204000023,0,0,0
204000031,25,5,20
204000032,161,0,161
204000034,17,1,16
204000035,0,0,0
204000036,0,0,0
204000037,0,0,0
204000038,0,0,0
204000039,0,0,0
204000040,0,0,0
204000041,0,0,0
204000042,3,2,1
204000043,18,12,6
204000044,32,0,32
204000045,8,7,1
204000046,0,4,-4
204000057,0,0,0
204000062,0,0,0
204000068,0,0,0
204000069,0,0,0
204000070,98,61,37
204000080,0,0,0
204000085,0,0,0
204000086,0,0,0
204000087,13,5,8
204000088,0,0,0
204000090,45,20,25
204000093,733,10,723
204000096,800,323,477
204000097,143,22,121
204000099,1253,1465,-212
204000100,1159,641,518
204000105,0,0,0
204000110,0,0,0
204000111,0,0,0
204000112,0,0,0
204000113,0,0,0
204000114,375,685,-310
204000115,311,153,158
204000116,134,129,5
204000119,1652,717,935
204000132,553,271,282
204000133,696,61,635
204000134,123,45,78
204000135,739,15,724
204000136,293,120,173
204000138,120,610,-490
204000140,143,175,-32
204000141,172,47,125
204000144,0,17,-17
204000145,70,17,53
204000146,0,0,0
204000147,5,0,5
204000148,93,10,83
204000154,1,0,1
204000155,0,0,0
204000177,78,8,70
204000179,10,5,5
204000180,0,5,-5
204000222,0,0,0
204000235,0,0,0
204000236,5,10,-5
204000238,9,4,5
204000240,73,4,69
204000263,0,0,0
204000268,598,201,397
204000308,22,4,18
204000317,0,0,0
204000322,0,0,0
204000323,21,2,19
204000328,257,4,253
204000329,8,12,-4
204000330,76,28,48
204000331,15,17,-2
205000001,0,0,0
205000013,0,0,0
205000014,0,0,0
205000015,0,0,0
205000016,0,0,0
205000017,0,0,0
205000022,0,0,0
205000025,0,0,0
205000029,101,25,76
205000045,0,0,0
205000046,0,0,0
205000047,0,0,0
205000048,0,0,0
205000049,0,0,0
205000050,0,0,0
205000059,0,0,0
205000060,0,0,0
205000061,0,0,0
205000062,0,0,0
205000063,0,0,0
205000064,0,0,0
205000065,0,0,0
205000066,0,0,0
205000067,0,0,0
205000069,114,52,62
205000082,132,77,55
205000110,0,0,0
205000111,0,0,0
205000112,120,172,-52
205000113,0,0,0
205000121,173,36,137
205000123,0,0,0
205000126,624,96,528
205000127,664,37,627
205000128,439,26,413
205000129,556,24,532
205000130,147,16,131
205000131,27,7,20
205000132,94,3,91
205000133,21,0,21
205000134,172,0,172
205000137,0,0,0
205000138,0,0,0
205000139,0,0,0
205000144,45,81,-36
205000145,184,54,130
205000151,47,42,5
205000152,50,16,34
205000153,114,33,81
205000154,38,15,23
205000155,110,6,104
205000207,0,0,0
205000233,23,0,23
205000234,0,0,0
205000243,0,0,0
205000244,0,0,0
205000245,0,0,0
205000249,0,0,0
205000250,3,0,3
205000264,0,0,0
206000027,11,35,-24
206000028,3,7,-4
206000043,0,26,-26
206000053,0,0,0
206000054,0,0,0
206000055,0,0,0
206000075,1,11,-10
206000076,18,7,11
206000077,4,1,3
206000078,4,0,4
206000079,1,0,1
206000082,91,13,78
206000100,0,132,-132
206000103,0,0,0
206000104,0,0,0
206000105,0,0,0
206000106,0,0,0
206000125,124,0,124
206000157,0,0,0
206000170,0,0,0
206000171,0,29,-29
206000172,0,14,-14
206000173,2,1,1
206000174,2,2,0
206000175,0,4,-4
206000176,0,7,-7
206000177,0,8,-8
206000178,1,9,-8
206000179,0,7,-7
206000180,0,7,-7
206000181,0,7,-7
206000182,4,19,-15
206000183,14,39,-25
206000184,0,0,0
206000185,0,3,-3
206000186,0,24,-24
206000223,0,2,-2
206000226,19,4,15
206000227,3,7,-4
206000237,0,8,-8
206000238,1,16,-15
206000239,12,130,-118
206000240,0,0,0
206000241,0,82,-82
206000242,0,1,-1
206000243,0,2,-2
206000244,0,7,-7
206000245,534,21,513
206000246,263,25,238
206000247,227,0,227
206000248,201,3,198
206000252,4,22,-18
206000258,0,0,0
206000315,15,0,15
206000317,414,66,348
206000318,306,26,280
206000319,766,14,752
206000320,277,17,260
206000321,243,7,236
206000322,222,1,221
206000323,151,12,139
206000324,129,6,123
206000325,72,4,68
206000326,95,5,90
206000327,5,61,-56
206000328,112,1,111
206000329,313,1,312
206000330,20,0,20
206000331,155,0,155
206000332,30,0,30
206000333,642,1,641
206000334,244,0,244
206000335,0,0,0
206000361,0,0,0
206000392,0,0,0
206000405,84,0,84
206000441,19,32,-13
206000498,35,0,35
206000515,40,15,25
206000530,201,57,144
206000531,128,111,17
206000532,342,107,235
206000535,1,225,-224
206000536,1,18,-17
206000537,1,25,-24
206000613,506,65,441
206000784,286,64,222
207000001,0,0,0
207000002,0,0,0
207000003,0,0,0
207000007,1013,156,857
207000008,99,9,90
207000009,42,2,40
207000010,39,189,-150
207000012,355,67,288
207000015,25,232,-207
207000019,152,45,107
207000021,221,170,51
207000022,162,100,62
207000023,102,38,64
207000024,6,9,-3
207000025,9,25,-16
207000026,0,0,0
207000027,0,0,0
207000028,0,0,0
207000029,0,0,0
207000033,135,192,-57
207000034,104,24,80
207000039,443,38,405
207000040,376,38,338
207000041,27,5,22
207000042,168,17,151
207000043,84,118,-34
207000051,0,0,0
207000052,0,0,0
207000053,0,0,0
207000054,0,0,0
207000055,0,0,0
207000056,0,0,0
207000057,0,0,0
207000058,0,0,0
207000059,0,0,0
207000060,0,0,0
207000061,84,1099,-1015
207000062,476,22,454
207000063,327,25,302
207000064,298,28,270
207000065,166,47,119
207000066,370,72,298
207000067,65,27,38
207000068,162,3,159
207000069,498,167,331
207000082,5,155,-150
207000083,25,179,-154
207000084,367,122,245
207000085,227,25,202
207000086,452,3,449
207000106,59,9,50
207000107,127,2,125
207000108,81,1,80
207000109,51,1,50
207000110,62,17,45
207000111,105,9,96
207000112,79,143,-64
207000114,0,0,0
207000115,0,0,0
207000116,0,0,0
207000117,0,0,0
207000118,0,0,0
207000119,0,0,0
207000123,175,4,171
207000124,71,24,47
207000125,62,1,61
207000126,37,3,34
207000134,129,89,40
207000135,17,298,-281
207000148,55,119,-64
207000149,0,0,0
207000152,0,0,0
207000153,0,0,0
207000154,200,77,123
207000159,0,0,0
207000160,0,0,0
207000238,0,0,0
207000242,0,0,0
207000248,0,0,0
207000249,0,0,0
207000250,0,0,0
207000251,0,0,0
207000252,0,0,0
207000278,99,70,29
207000279,0,0,0
207000280,767,38,729
207000281,79,119,-40
207000282,5,197,-192
207000283,1,15,-14
207000284,16,452,-436
207000285,6,55,-49
207000291,0,0,0
207000304,85,9,76
207000306,0,0,0
207000310,94,36,58
207000353,18,0,18
207000356,0,0,0
207000357,0,107,-107
207000358,0,15,-15
207000415,0,0,0
207000417,5,1,4
207000418,75,35,40
207000438,0,0,0
207000439,273,106,167
207000446,17,0,17
207000460,71,4,67
207000466,0,0,0
207000467,174,17,157
207000468,0,0,0
207000476,20,14,6
207000477,196,32,164
207000478,0,0,0
207000523,0,0,0
207000524,21,0,21
207000527,153,52,101
207000530,206,4,202
207000531,52,1,51
207000532,11,1,10
207000534,88,35,53
207000535,0,0,0
207000537,0,0,0
207000540,0,0,0
207000541,0,0,0
207000548,0,0,0
207000549,63,0,63
207000561,145,23,122
207000562,0,0,0
207000567,0,0,0
207000568,58,2,56
207000569,211,14,197
207000584,0,0,0
207000585,4,15,-11
207000587,291,2,289
207000616,0,0,0
207000617,128,0,128
207000624,5,5,0
207000631,0,8,-8
207900008,402,21,381
208000001,421,489,-68
208000002,404,411,-7
208000003,642,422,220
208000004,503,322,181
208000005,0,0,0
208000019,591,355,236
208000020,153,170,-17
208000021,38,77,-39
208000022,143,247,-104
208000028,115,670,-555
208000033,58,84,-26
208000034,101,342,-241
208000037,92,3,89
208000040,102,36,66
208000041,145,262,-117
208000042,356,307,49
208000047,0,0,0
208000064,1050,1037,13
208000066,591,1128,-537
208000070,248,268,-20
208000071,339,145,194
208000072,413,299,114
208000080,171,147,24
208000081,185,32,153
208000082,3,0,3
208000083,2,1,1
208000084,13,48,-35
208000085,23,5,18
208000086,23,6,17
208000087,31,64,-33
208000089,0,0,0
208000090,0,0,0
208000093,0,0,0
208000094,34,155,-121
208000095,257,55,202
208000104,1098,271,827
208000105,582,383,199
208000114,41,480,-439
208000115,234,317,-83
208000116,381,875,-494
208000117,26,61,-35
208000118,71,184,-113
208000155,48,71,-23
208000158,107,135,-28
208000186,535,1124,-589
208000204,39,81,-42
208000205,69,50,19
208000282,37,66,-29
209000004,163,54,109
209000005,16,9,7
209000006,279,105,174
209000007,297,208,89
209000010,0,0,0
209000011,0,0,0
209000012,0,0,0
209000013,0,0,0
209000014,0,0,0
209000025,214,42,172
209000026,450,27,423
209000027,0,0,0
209000028,0,0,0
209000029,0,0,0
209000030,0,0,0
209000031,0,0,0
209000034,132,226,-94
209000035,187,270,-83
209000036,533,59,474
209000037,383,145,238
209000038,303,69,234
209000039,163,65,98
209000040,192,39,153
209000041,70,60,10
209000042,48,71,-23
209000043,135,71,64
209000044,215,154,61
209000045,449,60,389
209000046,287,58,229
209000047,289,18,271
209000048,881,219,662
209000049,0,0,0
209000050,0,0,0
209000051,0,0,0
209000052,0,0,0
209000062,0,0,0
209000063,0,0,0
209000064,0,0,0
209000065,200,46,154
209000066,100,41,59
209000067,191,63,128
209000080,0,0,0
209000082,36,18,18
209000091,0,0,0
209000093,0,0,0
209000094,0,0,0
209000110,19,128,-109
209000111,234,663,-429
209000112,547,107,440
209000113,610,124,486
209000114,321,229,92
209000115,0,0,0
209000116,0,0,0
209000118,1,123,-122
209000119,0,0,0
209000121,0,0,0
209000135,27,25,2
209000142,358,465,-107
209000143,0,0,0
209000144,16,123,-107
209000229,250,13,237
209000240,0,0,0
209000259,0,0,0
209000260,0,0,0
209000261,0,0,0
209000262,0,0,0
209000263,0,0,0
209000264,0,0,0
209000265,88,5,83
209000266,27,0,27
209000267,714,1,713
209000268,467,47,420
210000037,129,11,118
210000047,20,2,18
210000048,50,26,24
210000049,27,0,27
210000052,0,0,0
210000053,0,0,0
210000054,0,0,0
210000070,110,13,97
210000071,115,2,113
210000072,19,0,19
210000073,0,0,0
210000074,0,0,0
210000075,0,0,0
210000076,0,0,0
210000077,0,0,0
210000078,0,0,0
210000079,33,7,26
210000080,43,77,-34
210000081,47,1,46
210000082,3,0,3
210000083,32,1,31
210000084,105,0,105
210000085,0,0,0
210000086,0,0,0
210000099,0,0,0
210000100,0,0,0
210000101,0,0,0
210000105,0,0,0
210000159,0,0,0
210000163,0,0,0
210000164,186,86,100
210000168,45,16,29
210000187,0,0,0
210000188,0,0,0
210000214,15,0,15
210000219,6,31,-25
210000220,57,35,22
210000232,0,0,0
210000233,0,0,0
210000234,0,0,0
210000235,0,0,0
210000245,0,0,0
210000246,24,13,11
210000258,0,0,0
210000259,180,2,178
210000282,0,0,0
210000285,0,0,0
210000286,0,0,0
210000290,1,2,-1
210000295,0,0,0
210000296,0,0,0
210000320,178,7,171
210000321,69,4,65
210000338,0,0,0
210000339,0,0,0
210000340,0,0,0
210000341,0,0,0
210000342,0,0,0
210000343,0,0,0
210000344,0,0,0
210000345,0,0,0
210000346,0,0,0
210000347,0,0,0
210000348,0,0,0
210000349,0,0,0
210000350,0,0,0
210000351,0,0,0
210000352,38,9,29
210000353,26,9,17
210000354,25,11,14
210000355,5,31,-26
210000356,2,47,-45
210000357,31,81,-50
210000358,53,110,-57
210000359,35,95,-60
210000360,118,51,67
210000361,117,46,71
210000362,155,64,91
210000363,424,124,300
210000364,178,65,113
210000365,122,25,97
210000366,182,25,157
210000367,21,3,18
210000368,79,16,63
210000369,24,31,-7
210000370,30,16,14
210000372,14,3,11
210000373,1,31,-30
210000374,27,20,7
210000375,19,7,12
210000376,46,49,-3
210000404,0,0,0
210000439,80,12,68
210000472,39,8,31
210000482,23,28,-5
210000564,222,78,144
210000567,0,20,-20
210000568,159,0,159
211000092,39,3,36
211000094,33,0,33
211000169,71,0,71
211000172,2,103,-101
211000209,0,1,-1
211000226,10,3,7
211000270,15,21,-6
211000275,2,16,-14
211000276,98,1,97
211000279,7,17,-10
211000281,36,3,33
211000302,0,0,0
211507980,0,29,-29
211977296,14,6,8
212000003,184,11,173
212000004,0,0,0
212000005,0,0,0
212000006,0,0,0
212000008,0,0,0
212000009,0,0,0
212000012,0,0,0
212000013,0,0,0
212000014,0,0,0
212000015,0,0,0
212000016,0,0,0
212000027,726,103,623
212000028,249,209,40
212000029,88,294,-206
212000030,63,23,40
212000031,21,16,5
212000048,0,0,0
212000049,0,0,0
212000050,0,0,0
212000051,0,0,0
212000052,0,0,0
212000053,0,0,0
212000054,355,30,325
212000055,406,68,338
212000056,10,23,-13
212000057,4,25,-21
212000058,15,9,6
212000070,0,0,0
212000077,0,0,0
212000099,293,96,197
212000108,219,93,126
212000111,356,38,318
212000120,0,0,0
212000138,0,0,0
212000156,0,0,0
212000158,1,32,-31
212000159,599,34,565
212000160,643,93,550
212000161,124,50,74
212000310,0,0,0
212000311,13,99,-86
212000374,0,0,0
213000001,2,195,-193
213000005,249,11,238
213000006,381,44,337
213000007,36,3,33
213000009,115,137,-22
213000010,425,79,346
213000011,103,36,67
213000012,0,0,0
213000014,59,10,49
213000015,287,11,276
213000016,220,1,219
213000017,75,0,75
213000018,0,1,-1
213000019,0,2,-2
213000020,5,17,-12
213000021,0,3,-3
213000023,610,137,473
213000033,40,161,-121
213000034,419,105,314
213000035,152,249,-97
213000045,36,88,-52
213000046,15,16,-1
213000047,47,685,-638
213000056,77,7,70
213000069,15,0,15
213000073,0,2,-2
213000074,1,59,-58
213000075,355,5,350
213000076,1,0,1
213000085,0,0,0
213000086,0,0,0
213000091,172,4,168
213000092,37,3,34
213000099,1,267,-266
213000100,608,231,377
213000101,315,71,244
213000102,259,71,188
213000103,345,137,208
213000104,21,58,-37
213000105,0,25,-25
213000106,7,9,-2
213000107,18,17,1
213000108,1,47,-46
213000109,0,29,-29
213000110,1,26,-25
213000111,0,39,-39
213000112,3,60,-57
213000115,31,1,30
213000116,21,93,-72
213000117,0,84,-84
213000118,453,163,290
213000119,0,9,-9
213000120,0,20,-20
213000122,6,51,-45
213000123,7,95,-88
213000124,7,60,-53
213000125,134,32,102
213000126,0,12,-12
213000127,0,39,-39
213000128,16,109,-93
213000129,116,904,-788
213000130,563,512,51
213000132,290,119,171
213000133,660,78,582
213000134,1032,6,1026
213000136,509,9,500
213000137,405,45,360
213000139,122,4,118
213000147,13,10,3
213000148,0,5,-5
213000149,2,1,1
213000150,0,0,0
213000151,0,0,0
213000152,0,0,0
213000153,0,0,0
213000154,0,0,0
213000155,0,0,0
213000156,0,0,0
213000157,0,0,0
213000158,16,138,-122
213000159,595,86,509
213000163,614,110,504
213000165,384,73,311
213000171,0,0,0
213000172,0,0,0
213000173,0,0,0
213000174,0,0,0
213000175,0,0,0
213000176,20,19,1
213000177,115,8,107
213000178,231,1,230
213000179,186,0,186
213000180,108,0,108
213000184,26,91,-65
213000188,260,12,248
213000189,367,21,346
213000190,163,12,151
213000191,444,4,440
213000192,169,2,167
213000193,0,0,0
213000194,0,0,0
213000195,0,0,0
213000196,0,0,0
213000197,498,301,197
213000198,4,0,4
213000200,72,23,49
213000201,0,21,-21
213000202,2,21,-19
213000203,869,285,584
213000204,649,18,631
213000205,290,9,281
213000206,616,2,614
213000207,11,3,8
213000208,1,0,1
213000209,44,0,44
213000210,61,0,61
213000211,0,0,0
213000212,0,0,0
213000213,0,0,0
213000218,224,298,-74
213000219,276,18,258
213000220,264,6,258
213000223,77,81,-4
213000224,9,24,-15
213000225,22,32,-10
213000226,86,11,75
213000227,762,86,676
213000228,375,18,357
213000229,9,5,4
213000230,317,1,316
213000232,4,374,-370
213000233,0,0,0
213000234,0,0,0
213000293,0,4,-4
213000294,89,4,85
213000295,0,2,-2
213000296,32,17,15
213000297,0,0,0
213000298,0,0,0
213000299,6,20,-14
213000300,0,10,-10
213000303,0,0,0
213000304,0,0,0
213000305,1,14,-13
213000306,0,0,0
213000307,3,24,-21
213000308,0,0,0
213000309,73,12,61
213000310,85,31,54
213000311,5,149,-144
213000315,0,0,0
213000316,145,16,129
213000322,26,3,23
213000323,54,19,35
213000324,15,3,12
213000325,9,4,5
213000326,11,4,7
213000327,1,2,-1
213000328,4,19,-15
213000329,8,0,8
213000340,0,9,-9
213000341,612,67,545
213000346,52,165,-113
213000347,134,232,-98
213000348,0,14,-14
213000349,0,1,-1
213000350,49,88,-39
213000366,5,70,-65
213000367,272,27,245
213000379,2,2,0
213000386,4,8,-4
213000406,1,18,-17
213000417,760,166,594
213000425,68,9,59
213000426,54,1,53
213000427,24,18,6
213000428,22,15,7
213000429,1,5,-4
213000430,7,13,-6
213000431,2,1,1
213000432,0,251,-251
213000433,2,21,-19
213000434,8,12,-4
213000435,39,16,23
213000436,7,0,7
213000437,0,0,0
213000438,64,6,58
213000439,5,4,1
213000440,0,12,-12
213000441,3,2,1
213000442,0,14,-14
213000443,239,181,58
213000444,1,2,-1
213000445,0,28,-28
213000446,1,128,-127
213000447,0,36,-36
213000448,0,7,-7
213000449,476,2,474
213000450,0,0,0
213000451,8,0,8
213000452,0,2,-2
213000453,0,0,0
213000455,64,17,47
213000456,0,17,-17
213000481,2,0,2
213000482,42,1,41
213000489,29,11,18
213000491,0,0,0
213000492,68,39,29
213000493,0,0,0
213000494,133,39,94
213000495,0,1,-1
213000496,364,142,222
213000497,0,4,-4
213000498,2,7,-5
213000499,6,10,-4
213000500,340,27,313
213000501,74,6,68
213000502,61,25,36
213000503,0,1,-1
213000504,0,2,-2
213000505,6,1,5
213000506,0,0,0
213000507,0,5,-5
213900244,30,0,30
213900245,0,0,0
218000003,0,0,0
218000004,0,0,0
218000005,18,24,-6
218000006,56,10,46
218000007,1,5,-4
218000012,22,71,-49
218000013,20,77,-57
218000014,30,68,-38
218000019,120,48,72
218000020,99,35,64
218000021,0,0,0
218000022,0,0,0
218000023,0,0,0
218000024,0,0,0
218000025,0,0,0
218000026,0,0,0
218000027,0,0,0
218000028,0,0,0
218000029,0,0,0
218000030,0,0,0
218000031,0,0,0
218000032,0,0,0
218000040,2,0,2
218000046,62,27,35
218000047,4,33,-29
218000048,39,11,28
218000049,37,33,4
218000050,136,29,107
218000051,8,98,-90
218000052,0,22,-22
218000053,0,2,-2
218000054,0,8,-8
218000055,1,1,0
218000056,2,5,-3
218000057,1,15,-14
218000064,1,10,-9
218000065,93,6,87
218000066,3,25,-22
218000067,28,37,-9
218000068,43,15,28
218000069,95,9,86
218000070,27,23,4
218000071,55,22,33
218000072,28,49,-21
218000078,68,17,51
218000079,225,35,190
218000080,112,24,88
218000081,480,36,444
218000082,65,48,17
218000083,0,0,0
218000084,0,0,0
218000085,0,0,0
218000086,0,0,0
218000087,0,0,0
218000090,7,25,-18
218000091,581,231,350
218000092,107,36,71
218000093,26,17,9
218000094,0,0,0
218000099,69,177,-108
218000100,43,111,-68
218000101,47,70,-23
218000102,134,26,108
218000103,6,2,4
218000104,34,3,31
218000105,0,0,0
218000106,0,0,0
218000107,0,0,0
218000108,0,0,0
218000112,0,0,0
218000117,4,57,-53
218000134,28,43,-15
218000135,2,9,-7
218000136,24,35,-11
218000137,15,36,-21
218000138,0,0,0
218000139,52,1,51
218000140,298,148,150
218000141,10,2,8
218000142,148,34,114
218000143,51,108,-57
218000144,10,46,-36
218000145,201,96,105
218000146,51,76,-25
218000151,1,4,-3
218000152,77,12,65
218000153,2,1,1
218000154,3,1,2
218000155,10,1,9
218000156,45,1,44
218000157,10,1,9
218000158,9,1,8
218000159,2,0,2
218000160,0,0,0
218000161,9,0,9
218000162,40,0,40
218000163,1,0,1
218000164,21,0,21
218000165,26,2,24
218000170,2,9,-7
218000171,7,3,4
218000172,1,2,-1
218000173,2,2,0
218000174,8,0,8
218000176,201,9,192
218000177,222,56,166
218000178,184,23,161
218000179,259,10,249
218000180,30,30,0
218000181,284,31,253
218000187,0,0,0
218000188,0,0,0
218000189,0,0,0
218000190,0,0,0
218000191,0,0,0
218000192,0,0,0
218000193,0,0,0
218000194,0,0,0
218000195,69,40,29
218000196,266,54,212
218000197,469,61,408
218000198,72,59,13
218000199,19,6,13
218000200,24,12,12
218000201,0,5,-5
218000202,0,0,0
218000207,0,0,0
218000208,0,0,0
218000211,2,3,-1
218000212,0,0,0
218000213,45,100,-55
218000214,6,26,-20
218000215,15,37,-22
218000217,0,44,-44
218000218,202,176,26
218000219,1,42,-41
218000220,27,225,-198
218000221,152,163,-11
218000222,0,57,-57
218000223,47,231,-184
218000224,2,176,-174
218000225,136,39,97
218000226,171,4,167
218000230,0,0,0
218000232,1,4,-3
218000239,59,0,59
218000240,0,0,0
218000241,1,0,1
218000242,2,0,2
218000243,5,0,5
218000244,3,0,3
218000245,2,3,-1
218000246,0,9,-9
218000247,0,0,0
218000248,0,0,0
218000249,0,0,0
218000250,0,0,0
218000251,0,0,0
218000252,0,0,0
218000253,0,0,0
218000254,0,1,-1
218000255,0,0,0
218000256,1,3,-2
218000267,0,0,0
218000268,0,0,0
218000269,0,0,0
218000270,0,0,0
218000271,0,0,0
218000273,59,13,46
218000274,31,5,26
218000275,9,17,-8
218000276,5,11,-6
218000278,0,6,-6
218000279,33,3,30
218000280,0,7,-7
218000281,0,1,-1
218000282,75,332,-257
218000284,28,10,18
218000301,0,0,0
218000302,32,5,27
218000303,0,0,0
218000316,837,310,527
218000317,1201,275,926
218000318,793,147,646
218000319,14,12,2
218000320,0,0,0
218000338,2,8,-6
218000345,0,0,0
218000346,47,60,-13
218000459,28,49,-21
218000490,0,0,0
218000501,98,30,68
218000502,0,0,0
218000503,35,5,30
218000504,125,21,104
218000505,0,0,0
218000506,0,0,0
218000508,0,0,0
218000510,80,25,55
218000520,132,68,64
218000521,0,15,-15
218000522,0,15,-15
218000523,39,23,16
218000524,0,104,-104
218000525,27,12,15
218000526,0,78,-78
218000529,1,16,-15
218000530,11,0,11
218000531,24,2,22
218000532,0,0,0
218000534,132,20,112
218000537,4,47,-43
218000538,25,107,-82
218000540,0,0,0
218000543,33,13,20
218000544,0,0,0
218000545,36,12,24
218000546,0,0,0
218000547,24,40,-16
218000548,0,0,0
218000549,369,17,352
218000550,1,31,-30
218000551,2,136,-134
218000552,158,49,109
218000553,0,0,0
218000554,0,0,0
218000555,34,7,27
218000556,5,4,1
218000557,161,127,34
218000558,17,0,17
218000559,0,43,-43
218000560,0,13,-13
218000561,1,0,1
218000562,0,85,-85
218000563,62,13,49
218000564,0,35,-35
218000565,12,3,9
218000566,24,1,23
218000567,0,72,-72
218000568,0,0,0
218000569,0,51,-51
218000570,4,0,4
218000571,2,58,-56
218000572,29,2,27
218000573,1,88,-87
218000574,13,5,8
218000575,76,0,76
218000576,0,108,-108
218000577,6,0,6
218000578,0,45,-45
218000579,4,1,3
218000581,0,0,0
218000582,13,1,12
218000583,0,0,0
218000584,0,0,0
218000585,26,0,26
218000586,25,3,22
218000587,0,0,0
218000588,0,0,0
218000589,0,0,0
218000590,5,0,5
218000591,0,0,0
218000592,0,5,-5
218000593,0,0,0
218000594,0,8,-8
218000596,0,0,0
218000597,0,4,-4
218000598,0,0,0
218000599,0,25,-25
218000600,0,0,0
218000601,0,12,-12
218000602,0,0,0
218000603,0,0,0
218000604,2,2,0
218000605,0,30,-30
218000606,58,0,58
218000607,4,19,-15
218000608,5,2,3
218000609,0,4,-4
218000610,24,0,24
218000611,16,0,16
218000612,0,0,0
218000613,29,0,29
218000614,0,7,-7
218000615,29,0,29
218000616,2,30,-28
218000617,13,2,11
218000618,0,0,0
218000619,13,2,11
218000620,7,1,6
218000621,0,0,0
218000622,0,9,-9
218000623,22,0,22
218000624,0,21,-21
218000625,2,0,2
218000626,0,15,-15
218000628,140,50,90
218000631,34,9,25
218000632,0,50,-50
218000633,24,1,23
218000634,0,0,0
218000635,1,1,0
218000636,41,28,13
218000637,508,56,452
218000638,356,14,342
218000639,4,18,-14
218000640,233,19,214
218000641,30,42,-12
218000652,24,49,-25
218000653,156,13,143
218000663,1,6,-5
218000675,0,31,-31
218000676,0,0,0
218000677,0,0,0
218000680,30,24,6
218000681,388,19,369
218000691,54,26,28
218000693,298,8,290
218000703,0,0,0
218000718,1,47,-46
218000719,9,70,-61
218000720,1,24,-23
218000721,0,0,0
218000725,0,0,0
218001147,0,0,0
218001214,0,0,0
218001258,475,0,475
218001329,38,93,-55
218001330,0,13,-13
218001351,7,6,1
218001352,1,1,0
218001353,4,3,1
218001354,0,18,-18
218001355,0,0,0
218001356,373,43,330
218001357,0,0,0
218001358,294,3,291
218001361,630,36,594
218001362,0,0,0
219000001,0,0,0
219000002,0,0,0
219000003,25,26,-1
219000004,23,52,-29
219000017,39,87,-48
219000020,134,14,120
219000022,97,1,96
219000023,49,0,49
219000029,0,0,0
219000034,43,46,-3
219000039,0,0,0
219000040,3,42,-39
219000041,110,71,39
219000051,0,0,0
219000052,0,0,0
219000053,0,0,0
219000054,0,0,0
219000055,234,0,234
219000056,0,0,0
219000057,24,1,23
219000062,0,0,0
219000063,62,3,59
219000064,0,0,0
219000110,201,109,92
219000111,49,58,-9
219000112,176,5,171
219000113,129,14,115
219000114,95,21,74
219000116,43,13,30
219000117,154,13,141
219000118,17,58,-41
219000123,124,0,124
219000124,0,0,0
219000125,0,0,0
219000126,0,0,0
219000127,0,0,0
219000128,0,0,0
219000129,0,0,0
219000130,0,0,0
219000131,642,1063,-421
219000133,14,65,-51
219000134,9,32,-23
219000135,19,13,6
219000136,34,90,-56
219000138,112,1,111
219000139,15,1,14
219000140,76,0,76
219000141,17,0,17
219000142,4,0,4
219000143,0,0,0
219000145,6,6,0
219000146,0,0,0
219000147,0,0,0
219000148,0,0,0
219000149,0,0,0
219000150,0,0,0
219000151,0,0,0
219000157,183,57,126
219000158,90,49,41
219000161,62,3,59
219000163,185,240,-55
219000166,54,28,26
219000167,8,8,0
219000168,134,60,74
219000174,262,40,222
219000175,80,1,79
219000176,75,12,63
219000177,51,2,49
219000178,95,0,95
219000179,8,57,-49
219000180,20,5,15
219000182,47,1,46
219000183,57,1,56
219000184,34,4,30
219000185,0,0,0
219000186,90,2,88
219000187,30,0,30
219000189,0,0,0
219000190,0,0,0
219000191,0,0,0
219000192,202,258,-56
219000193,0,0,0
219000195,0,0,0
219000196,0,0,0
219000198,0,0,0
219000199,0,0,0
219000200,0,0,0
219000201,0,0,0
219000203,0,0,0
219000204,0,0,0
219000205,0,0,0
219000207,0,0,0
219000209,0,0,0
219000210,0,0,0
219000213,0,0,0
219000239,0,0,0
219000240,0,0,0
219000241,0,0,0
219000242,0,0,0
219000243,0,0,0
219000244,0,0,0
219000245,0,0,0
219000246,22,11,11
219000247,234,62,172
219000248,302,247,55
219000249,58,128,-70
219000250,104,68,36
219000251,248,96,152
219000252,364,112,252
219000253,124,38,86
219000255,75,78,-3
219000256,181,72,109
219000257,175,0,175
219000262,0,0,0
219000263,0,0,0
219000267,0,0,0
219000268,0,0,0
219000269,4,0,4
219000270,42,0,42
219000271,94,1,93
219000278,0,0,0
219000279,0,0,0
219000283,0,0,0
219000295,0,0,0
219000296,0,0,0
219000297,0,0,0
219000298,0,0,0
219000299,231,7,224
219000300,0,0,0
219000301,0,0,0
219000302,0,0,0
219000307,0,0,0
219000308,8,21,-13
219000311,157,23,134
219000312,334,40,294
219000313,285,8,277
219000314,0,0,0
219000315,243,3,240
219000316,357,59,298
219000317,26,26,0
219000320,0,0,0
219000321,0,0,0
219000323,0,0,0
219000325,0,0,0
219000326,0,0,0
219000327,0,0,0
219000328,0,0,0
219000329,98,70,28
219000330,1,25,-24
219000331,16,17,-1
219000332,76,46,30
219000333,41,1,40
219000335,51,2,49
219000337,7,1,6
219000338,32,0,32
219000344,0,0,0
219000345,0,0,0
219000346,0,0,0
219000348,0,0,0
219000349,0,0,0
219000350,0,0,0
219000351,0,0,0
219000352,14,53,-39
219000353,116,72,44
219000354,183,78,105
219000355,112,48,64
219000356,308,862,-554
219000363,96,25,71
219000364,206,50,156
219000365,210,4,206
219000366,126,246,-120
219000368,74,440,-366
219000370,278,679,-401
219000371,0,0,0
219000382,4,10,-6
219000383,0,0,0
219000385,0,0,0
219000386,0,0,0
219000387,0,2,-2
219000390,1,3,-2
219000391,2,3,-1
219000397,0,0,0
219000398,31,12,19
219000401,0,0,0
219000402,0,0,0
219000403,0,0,0
219000404,0,0,0
219000407,0,0,0
219000409,86,36,50
219000410,54,13,41
219000411,19,0,19
219000446,0,0,0
219000447,0,0,0
219000448,7,6,1
219000452,31,21,10
219000453,0,0,0
219000454,118,395,-277
219000556,219,13,206
219000558,0,0,0
219000590,0,0,0
219000591,57,28,29
219000592,0,0,0
219000595,0,0,0
219000635,133,30,103
219000636,0,0,0
219000657,2,3,-1
219000658,0,0,0
219000673,0,0,0
219000676,4,0,4
219000679,29,0,29
219000684,106,0,106
219000685,0,0,0
219000686,0,1,-1
219000688,0,0,0
219000689,0,0,0
219000690,118,10,108
219000691,28,0,28
219000692,42,2,40
219000693,0,0,0
219000694,0,0,0
219000695,29,6,23
219000698,2,0,2
219000699,0,0,0
219000727,0,0,0
219000728,40,0,40
219000770,2,0,2
219000771,0,0,0
219000788,0,0,0
219001150,1,31,-30
219001151,0,0,0
219001166,6,17,-11
219001167,0,0,0
219001178,73,0,73
220000001,0,13,-13
220000002,1,15,-14
220000003,0,0,0
220000004,0,0,0
220000005,0,0,0
220000006,0,0,0
220000007,0,0,0
220000008,0,0,0
220000009,35,114,-79
220000010,8,3,5
220000011,39,353,-314
220000012,6,80,-74
220000014,0,0,0
220000015,17,261,-244
220000017,35,61,-26
220000018,762,121,641
220000019,282,477,-195
220000020,112,39,73
220000021,239,86,153
220000022,469,172,297
220000023,78,116,-38
220000024,234,316,-82
220000025,264,855,-591
220000026,55,544,-489
220000027,19,72,-53
220000028,37,63,-26
220000029,0,0,0
220000030,0,0,0
220000031,159,255,-96
220000064,0,0,0
221000046,3,0,3
221000047,0,0,0
221000048,0,0,0
221000049,0,0,0
221000050,13,0,13
221000055,12,2,10
221000057,84,1,83
221000068,208,224,-16
221000069,241,118,123
221000070,258,4,254
221000071,142,3,139
221000072,296,13,283
221000073,135,15,120
221000074,0,0,0
221000075,0,0,0
221000076,0,0,0
221000077,0,0,0
221000081,1,1,0
221000082,38,0,38
221000083,7,9,-2
221000084,8,4,4
221000085,4,0,4
221000086,0,0,0
221000087,0,0,0
221000088,0,0,0
221000089,0,0,0
221000090,0,0,0
221000098,129,5,124
221000099,199,6,193
221000100,167,2,165
221000101,158,3,155
221000102,155,3,152
221000109,0,0,0
221000110,0,0,0
221000111,0,0,0
221000112,0,0,0
221000113,0,0,0
221000114,0,0,0
221000120,24,5,19
221000121,1,9,-8
221000122,14,25,-11
221000123,2,48,-46
221000124,20,60,-40
221000155,98,1,97
221000156,40,11,29
221000175,11,31,-20
221000176,1,15,-14
221000182,40,4,36
221000241,442,356,86
221000242,0,0,0
221000243,397,120,277
221000244,0,0,0
221000245,110,40,70
221000246,0,0,0
221000247,257,31,226
221000248,0,0,0
221000267,7,169,-162
221000325,47,21,26
221000331,0,7,-7
221000338,4,27,-23
221000378,287,21,266
221000381,19,23,-4
222000282,0,2,-2
222000296,0,16,-16
222000568,356,12,344
222000569,110,53,57
222000570,169,16,153
222000571,387,5,382
222000577,2,17,-15
222000578,0,125,-125
222000579,17,47,-30
222000580,4,245,-241
222000599,0,19,-19
222000600,1,26,-25
222000601,0,147,-147
222000603,9,6,3
222000604,3,28,-25
222000605,0,31,-31
222000606,0,8,-8
222000607,0,18,-18
222000608,0,0,0
222000609,6,7,-1
222000616,289,14,275
222000617,0,1,-1
222000618,0,0,0
222000620,0,1,-1
222000621,6,11,-5
222000623,250,4,246
222000624,311,7,304
222000625,463,0,463
222000636,37,1,36
222000686,2,26,-24
222000687,3,2,1
222001066,79,0,79
222001067,26,0,26
222001068,112,4,108
222001069,23,2,21
222001082,13,25,-12
222001083,6,21,-15
222001084,0,4,-4
222001085,0,23,-23
222001111,8,52,-44
222001112,102,6,96
222001313,1,20,-19
222001314,0,32,-32
222001464,137,12,125
222001465,2,11,-9
222001484,107,34,73
222001485,3,0,3
222001494,506,39,467
222001495,4,16,-12
222001496,437,12,425
222001497,33,53,-20
222001502,0,0,0
222001503,22,7,15
222001504,0,0,0
222001505,262,19,243
222001506,0,0,0
222001507,27,2,25
222001510,420,8,412
222001511,0,0,0
222001514,223,68,155
222001515,0,0,0
222001518,234,19,215
222001519,0,0,0
222001527,64,6,58
222001528,0,0,0
222001529,259,17,242
222001530,0,0,0
222001533,0,0,0
222001534,300,7,293
222001535,185,45,140
222001536,4,48,-44
222001537,78,7,71
222001538,0,0,0
222001563,847,3,844
222001564,0,0,0
222001568,79,11,68
222001576,0,19,-19
222001579,1,1,0
222001583,15,13,2
222001584,55,0,55
222001596,71,131,-60
222001597,577,91,486
222001626,0,8,-8
222001650,0,19,-19
222001651,46,55,-9
222001914,101,27,74
222001915,0,0,0
222001968,248,56,192
222001969,39,58,-19
222001970,62,55,7
222001971,83,2,81
222001972,1,1,0
225000001,309,55,254
225000002,476,109,367
225000003,479,57,422
225000004,271,34,237
225000005,24,18,6
225000006,0,0,0
225000007,0,0,0
225000010,48,4,44
225000011,91,854,-763
225000012,119,592,-473
225000013,62,48,14
225000014,424,66,358
225000015,1,1,0
225000021,126,44,82
225000027,0,0,0
225000032,203,37,166
225000042,0,3,-3
225000049,0,0,0
225000050,53,10,43
225000053,0,0,0
225000058,392,61,331
225000067,0,0,0
225000068,0,0,0
225000069,0,0,0
225000070,0,0,0
225000071,0,0,0
225000075,0,0,0
225000076,0,0,0
225000078,18,15,3
225000085,66,12,54
225000086,227,6,221
225000087,61,7,54
225000088,0,0,0
225000089,0,0,0
225000090,0,0,0
225000091,0,0,0
225000092,0,0,0
225000093,0,0,0
225000094,0,0,0
225000095,0,0,0
225000096,0,0,0
225000098,258,112,146
225000099,486,44,442
225000100,470,60,410
225000104,0,8,-8
225000110,0,0,0
225000111,8,2,6
225000112,11,6,5
225000113,1,5,-4
225000114,0,2,-2
225000115,8,8,0
225000116,255,67,188
225000117,495,260,235
225000118,702,267,435
225000119,89,23,66
225000120,268,17,251
225000121,136,13,123
225000123,836,5,831
225000125,349,87,262
225000126,594,128,466
225000127,722,1172,-450
225000128,346,823,-477
225000132,326,23,303
225000133,177,13,164
225000134,296,102,194
225000135,74,0,74
225000136,233,2,231
225000137,315,28,287
225000138,504,19,485
225000143,0,0,0
225000144,0,0,0
225000145,28,63,-35
225000146,0,0,0
225000147,0,0,0
225000148,0,0,0
225000149,0,0,0
225000151,0,0,0
225000155,0,0,0
225000156,1,10,-9
225000157,4,2,2
225000158,0,0,0
225000171,0,0,0
225000180,28,0,28
225000181,0,0,0
225000182,12,4,8
225000185,0,0,0
225000187,0,2,-2
225000191,5,0,5
225000194,0,0,0
225000208,0,0,0
225000209,97,5,92
225000210,0,0,0
225000217,0,0,0
225000218,27,0,27
225000223,0,0,0
225000224,6,0,6
225000225,0,0,0
225000226,104,0,104
225000227,0,0,0
225000228,5,27,-22
225000229,0,0,0
225000230,3,0,3
225000231,0,0,0
225000232,76,0,76
225000241,25,0,25
225000242,0,0,0
225000249,30,0,30
225000250,0,0,0
225000251,324,17,307
226000042,0,0,0
226000043,0,0,0
226000044,0,0,0
226000045,0,0,0
226000046,427,27,400
226000047,214,25,189
226000048,248,35,213
226000049,183,76,107
226000070,0,0,0
226000071,0,0,0
226000072,0,0,0
226000073,0,0,0
226000074,0,0,0
226000084,0,0,0
226000085,0,0,0
226000086,0,0,0
226000087,0,0,0
226000088,0,0,0
226000090,7,32,-25
226000091,3,4,-1
226000092,1,9,-8
226000093,1,3,-2
226000094,13,0,13
226000095,15,10,5
226000105,15,5,10
226000106,2,4,-2
226000107,7,0,7
226000108,1,0,1
226000109,40,1,39
226000124,100,12,88
226000134,327,239,88
226000135,696,182,514
226000136,259,85,174
226000137,0,0,0
226000138,0,0,0
226000139,0,0,0
226000156,114,2,112
226000157,124,0,124
226000163,0,0,0
226000202,0,0,0
226000231,312,0,312
226000232,7,0,7
227000033,361,31,330
227000036,581,5,576
227000037,389,12,377
227000038,40,7,33
227000049,0,0,0
227000050,0,0,0
227000055,26,0,26
227000056,4,0,4
227000084,0,0,0
227000085,0,0,0
227000088,26,0,26
227000089,9,0,9
227000090,37,0,37
227000091,60,6,54
227000093,26,0,26
227000094,4,0,4
227000130,0,0,0
227000131,0,0,0
227000132,0,0,0
227000133,0,0,0
227000134,0,0,0
227000152,0,0,0
227000153,0,0,0
227000155,0,0,0
227000156,0,0,0
227000165,0,0,0
227000196,227,4,223
227000199,382,39,343
227000230,0,0,0
227000232,327,9,318
227000242,0,0,0
227000243,355,22,333
227000245,0,0,0
227000246,0,0,0
227000247,479,26,453
227000248,101,26,75
227000249,0,0,0
227000250,207,146,61
227000251,0,0,0
227000252,0,0,0
227000253,270,25,245
227000262,454,8,446
227000266,829,19,810
227000267,0,0,0
227000282,0,0,0
227000284,338,25,313
227000286,0,0,0
227000287,0,0,0
227000291,0,0,0
227000484,240,4,236
227000485,0,0,0
227000655,156,0,156
227000656,347,18,329
227000657,58,4,54
227000661,229,47,182
227000680,39,101,-62
229000265,5,9,-4
229000296,0,12,-12
229000297,0,36,-36
229000298,1,23,-22
229000320,0,0,0
229000321,2,1,1
229000412,1,9,-8
229000414,9,4,5
229000415,2,0,2
229000416,14,1,13
229000417,1,0,1
229000419,6,56,-50
229000440,100,7,93
229000442,1,0,1
229000443,10,1,9
229000444,0,9,-9
229000445,65,0,65
229000446,2,0,2
229000491,0,0,0
229000492,0,0,0
229000493,0,0,0
229000494,9,0,9
229000495,27,0,27
229000496,25,1,24
229000507,0,0,0
229000508,0,0,0
229000509,0,0,0
229000510,0,0,0
229000511,0,0,0
229000512,0,0,0
229000513,0,0,0
229000514,0,0,0
229000517,0,0,0
229000518,0,0,0
229000519,0,0,0
229000520,0,0,0
229000521,6,4,2
229000522,2,0,2
229000523,4,0,4
229000524,0,1,-1
229000527,1,1,0
229000528,0,1,-1
229000529,4,0,4
229000530,47,0,47
229000531,6,0,6
229000532,2,0,2
229000533,18,0,18
229000534,6,0,6
229000564,31,0,31
229000565,9,0,9
229000566,0,0,0
229000567,0,0,0
229000582,8,1,7
229000583,2,1,1
229000584,0,0,0
229000585,0,0,0
229000718,0,0,0
229000719,0,0,0
229000720,0,0,0
229000721,0,0,0
229000722,0,0,0
229000723,0,0,0
229000724,0,0,0
229000725,0,0,0
229000738,1,0,1
229000739,0,0,0
229000740,1,0,1
229000741,24,0,24
229000742,3,0,3
229000743,45,0,45
229000744,0,0,0
229000745,0,0,0
229000746,4,0,4
229000847,76,0,76
229000848,60,0,60
229000849,74,0,74
229000851,119,0,119
229000854,0,0,0
229000856,0,0,0
229000857,0,0,0
229000858,0,0,0
229000919,0,0,0
229000930,0,0,0
229000937,153,4,149
229000966,29,6,23
229000981,0,0,0
229000985,1,0,1
229000986,0,1,-1
229000987,0,0,0
229000988,0,1,-1
229000989,2,0,2
229000990,0,0,0
229000991,1,0,1
229000992,36,0,36
229000993,84,16,68
229000998,3,2,1
229000999,8,0,8
229001034,0,2,-2
229001035,4,0,4
229001037,15,0,15
229001042,8,6,2
229001047,1,16,-15
229001050,38,8,30
229001168,0,0,0
229001200,36,0,36
229001338,0,0,0
229001394,132,0,132
229001422,184,25,159
229001423,0,0,0
229001431,31,14,17
229001432,0,0,0
229001444,68,0,68
229001445,16,30,-14
229001479,17,0,17
229001503,111,22,89
229001504,0,0,0
229001505,50,3,47
229001506,0,0,0
229001509,6,1,5
229001545,19,2,17
229001546,0,0,0
229001553,38,1,37
229001554,0,0,0
229001559,0,0,0
229001560,0,4,-4
229001630,55,0,55
229001631,8,9,-1
229001635,0,19,-19
229001636,0,0,0
229001658,0,0,0
229001659,21,0,21
229001660,0,0,0
229001661,0,4,-4
229001662,1,0,1
229001663,0,0,0
229002584,13,37,-24
229002831,53,30,23
229002841,0,4,-4
229002842,2,4,-2
229002843,3,7,-4
229002844,21,22,-1
229002845,0,19,-19
229002846,0,2,-2
229002847,0,0,0
229002848,15,1,14
229002849,1,5,-4
229002850,0,1,-1
229002851,2,32,-30
229002852,57,2,55
229002853,33,6,27
229002854,7,7,0
229002855,0,3,-3
229002856,1,1,0
229002857,3,1,2
229002858,0,0,0
229002859,0,1,-1
229002860,5,1,4
229002861,20,8,12
229002862,0,1,-1
229002863,2,1,1
229002864,8,26,-18
229002865,0,12,-12
229002866,33,12,21
229002867,0,8,-8
229002868,0,1,-1
229002869,0,7,-7
229002870,16,1,15
235000066,34,21,13
235000067,69,34,35
235000072,0,0,0
235000073,0,0,0
235000074,0,0,0
235000080,0,0,0
235000081,0,0,0
235000082,133,2,131
235000083,43,6,37
235000084,17,21,-4
235000085,161,20,141
235000089,2,24,-22
235000092,0,0,0
235000093,0,0,0
235000097,0,0,0
235000098,26,4,22
235000099,3,12,-9
235000116,2,7,-5
235000117,231,3,228
235000133,0,0,0
235000134,0,0,0
235000206,3,8,-5
235000207,0,5,-5
235000208,0,2,-2
235000209,1,0,1
235000210,12,0,12
235000212,0,0,0
235000213,0,0,0
235000220,0,0,0
235000221,0,0,0
235000238,4,229,-225
235000239,0,23,-23
235000242,132,729,-597
235000245,0,0,0
235000246,0,0,0
235000284,0,0,0
235000295,14,1,13
235000305,110,2,108
235000306,107,0,107
235000307,2,0,2
235000308,11,0,11
235000309,26,0,26
235000310,36,0,36
235000311,4,0,4
235000322,0,0,0
235000323,0,0,0
235000324,0,0,0
235000325,0,0,0
235000326,0,0,0
235000351,0,0,0
235000352,0,0,0
235000353,0,0,0
235000354,0,0,0
235000355,0,0,0
235000356,19,1,18
235000357,16,0,16
235000358,4,0,4
235000359,1,1,0
235000360,5,0,5
235000361,35,3,32
235000381,0,0,0
235000382,74,3,71
235000390,1,0,1
235000391,108,2,106
235000392,114,80,34
235000393,89,53,36
235000395,123,13,110
235000396,295,17,278
235000400,18,7,11
235000401,0,0,0
235000405,0,0,0
235000406,0,0,0
235000407,0,0,0
235000409,0,0,0
235000410,0,0,0
235000411,0,0,0
235000485,0,0,0
235000486,0,0,0
235000549,71,30,41
235000550,0,0,0
235000599,0,0,0
235000600,0,0,0
235000601,9,2,7
235000602,61,6,55
235000614,0,0,0
235000648,0,0,0
235000649,54,0,54
235000685,0,0,0
235000815,0,0,0
235000834,0,0,0
235000855,24,23,1
235000862,0,0,0
235000891,0,0,0
235000892,17,11,6
235000901,0,0,0
235000907,0,0,0
235001010,17,2,15
235001029,0,0,0
235001030,183,28,155
235001078,113,31,82
235001079,0,0,0
235001147,3,14,-11
235001166,2,19,-17
235001167,0,0,0
235001169,0,0,0
235001188,0,0,0
235001189,7,3,4
235001197,0,0,0
235001200,0,0,0
235001207,290,27,263
235001210,0,0,0
235001215,0,0,0
235001239,0,0,0
235001244,0,0,0
235016267,0,0,0
277101746,0,1,-1
277102712,4,0,4
277103813,0,0,0
277103814,0,0,0
277103898,0,0,0
277104249,0,0,0
277104250,0,25,-25
277104251,0,0,0
277104252,0,6,-6
990011530,0,0,0
990014944,0,20,-20
990015176,22,5,17
990015618,0,1,-1
990016032,0,0,0
990032570,0,7,-7
990070001,100,27,73
990070103,0,0,0
990070601,0,2,-2
990070751,908,14,894
990070766,0,0,0
990071180,654,0,654
990071343,6,0,6
990071387,0,0,0
990071823,98,1,97
990072600,0,11,-11
990072964,0,0,0
990073285,0,0,0
990074393,0,114,-114
990074870,776,7,769
990075106,237,2,235
990075746,456,18,438
990076437,1256,0,1256
990076458,0,0,0
997000007,134,5,129
997000041,0,32,-32
997000058,36,0,36
997000062,17,0,17
997000069,0,1,-1
997000070,0,0,0
997000100,82,0,82
997000141,0,0,0
997000198,0,0,0
998000475,0,0,0
998000736,0,12,-12
998000965,0,11,-11
998001031,0,0,0
998001700,0,0,0
998001899,0,0,0
998001900,7,55,-48
998003073,503,5,498
998101900,0,7,-7
998102850,0,0,0
998501927,153,1,152
998501929,65,1,64
998501930,50,0,50
998501931,42,0,42
998501932,1,0,1
998501933,62,2,60
998501937,13,0,13
998501944,42,35,7
998501950,0,0,0
998501970,48,11,37
998501971,0,56,-56
998501973,0,1,-1
998501974,0,56,-56
998501975,347,5,342
998501976,142,68,74
998501977,0,0,0
998501978,5,0,5
998501979,0,0,0
998501980,13,1,12
998501981,58,2,56
998501982,0,0,0
998501983,0,0,0
998502006,0,0,0
998502024,0,10,-10
998502032,0,1,-1
998502062,3,0,3
998502063,0,0,0
998502173,18,0,18
998502269,0,0,0
998502546,0,57,-57
998502578,0,0,0
998502599,0,0,0
998502621,0,3,-3
998601159,4,2,2
998601292,0,0,0
999033574,0,3,-3
999800001,7,1,6
999800002,0,0,0
999800003,3,1,2
999800004,0,5,-5
999800005,0,0,0
