ID,insum,outsum,diff
100000001,451,524,-73
100000002,4164,553,3611
100000003,4198,1887,2311
100000004,1064,766,298
100000005,1631,2674,-1043
100000006,871,96,775
100000007,3083,412,2671
100000008,154,544,-390
100000009,559,140,419
100000010,36,38,-2
100000011,427,50,377
100000012,120,624,-504
100000013,15,180,-165
100000014,306,397,-91
100000015,2526,1700,826
100000016,1095,1559,-464
100000017,911,983,-72
100000018,1657,533,1124
100000019,6111,1729,4382
100000020,1606,5292,-3686
100000021,6368,2584,3784
100000022,2936,1107,1829
100000023,7228,948,6280
100000025,3129,579,2550
100000028,3090,814,2276
100000029,412,161,251
100000030,739,47,692
100000031,6720,6309,411
100000032,2723,3827,-1104
100000033,1144,2399,-1255
100000034,933,340,593
100000035,2328,781,1547
100000036,2744,1153,1591
100000037,448,470,-22
100000038,1349,959,390
100000039,888,162,726
100000040,291,131,160
100000041,809,352,457
100000042,757,299,458
100000043,625,283,342
100000044,327,768,-441
100000045,495,1419,-924
100000046,662,1450,-788
100000047,459,820,-361
100000048,706,656,50
100000049,1686,2396,-710
100000051,616,1176,-560
100000053,62,1,61
100000054,281,39,242
100000055,917,211,706
100000056,505,634,-129
100000057,1245,823,422
100000058,729,1236,-507
100000059,6,91,-85
100000060,424,426,-2
100000061,2211,542,1669
100000062,1510,508,1002
100000063,455,258,197
100000064,1305,435,870
100000065,572,983,-411
100000066,190,755,-565
100000067,450,838,-388
100000068,694,1581,-887
100000069,379,1904,-1525
100000072,552,1048,-496
100000073,1710,1353,357
100000075,614,369,245
100000076,2796,3105,-309
100000077,971,157,814
100000078,67,40,27
100000079,42,29,13
100000080,20,17,3
100000081,146,42,104
100000102,6854,1142,5712
100000103,4771,626,4145
100000104,4495,1676,2819
100000105,4239,797,3442
100000106,3159,1185,1974
100000107,740,387,353
100000108,1686,855,831
100000109,6195,1186,5009
100000116,1561,598,963
100000117,69,32,37
100000118,1694,709,985
100000119,892,444,448
100000121,251,624,-373
100000122,2927,916,2011
100000123,3729,5948,-2219
100000124,4970,8483,-3513
100000125,2071,790,1281
100000126,1482,227,1255
100000127,3544,322,3222
100000128,1286,1001,285
100000129,658,416,242
100000130,208,545,-337
100000131,2824,3347,-523
100000132,906,1720,-814
100000133,5560,2833,2727
100000135,378,639,-261
100000139,376,180,196
100000140,382,164,218
100000142,289,545,-256
100000143,1738,827,911
100000144,5187,903,4284
100000147,1038,2581,-1543
100000150,47,493,-446
100000151,823,857,-34
100000153,897,234,663
100000154,408,63,345
100000155,17,22,-5
100000156,174,95,79
100000157,28,73,-45
100000158,128,90,38
100000159,1736,448,1288
100000165,1305,900,405
100000169,923,325,598
100000174,2208,330,1878
100000179,174,498,-324
100000180,1340,1015,325
100000181,256,226,30
100000188,123,353,-230
100000189,879,287,592
100000190,798,345,453
100000191,438,484,-46
100000192,106,80,26
100000193,178,173,5
100000330,2045,587,1458
100000355,277,470,-193
100000362,6640,3510,3130
100000363,2849,4886,-2037
100000364,441,121,320
100000365,3180,3950,-770
100000366,5427,2811,2616
100000367,3618,3698,-80
100000368,2807,1760,1047
100000369,1083,1492,-409
100000370,106,429,-323
100000376,135,118,17
100000379,6291,1458,4833
100000380,8078,2069,6009
100000384,7566,3549,4017
100000385,8100,3653,4447
100000386,10032,4218,5814
100000387,9554,3684,5870
100000388,8060,4234,3826
100000389,7833,4018,3815
100000390,8025,2907,5118
100000391,5567,4114,1453
100000392,6908,1573,5335
100000393,2980,1805,1175
100000394,10629,3589,7040
100000395,5041,1480,3561
100000396,7818,2264,5554
100000397,4112,1789,2323
100000398,11949,7955,3994
100000413,15,4,11
100000414,558,211,347
100900002,7,62,-55
100900003,178,96,82
100900004,19,605,-586
100900005,170,23,147
100900006,3,176,-173
100900007,327,5,322
100900008,1,390,-389
100900009,59,58,1
100900010,36,110,-74
100900011,76,326,-250
100900012,0,220,-220
100900013,460,11,449
100900014,2,3,-1
100900015,132,119,13
100900016,4,31,-27
100900017,707,33,674
100900018,0,25,-25
100900019,19,63,-44
100900020,427,4,423
100900021,240,1,239
100900022,3,12,-9
100900023,0,10,-10
100900024,655,2,653
100900025,14,9,5
100900026,79,171,-92
100900027,333,2319,-1986
100900028,178,127,51
100900029,120,13,107
100900030,12,41,-29
100900031,437,46,391
100900032,150,0,150
100900033,200,118,82
100900034,361,1,360
100900035,817,2,815
100900036,9,1,8
100900037,30,264,-234
100900038,467,23,444
100900039,273,566,-293
100900040,148,800,-652
100900041,180,911,-731
100900042,776,235,541
100900043,0,5,-5
100900044,3381,401,2980
100900045,130,2,128
100900046,845,12,833
100900047,514,70,444
100900048,139,28,111
100900049,38,226,-188
100900050,0,44,-44
100900051,72,49,23
100900052,240,13,227
100900053,162,20,142
100900054,46,118,-72
100900055,218,358,-140
100900056,194,185,9
100900057,753,1607,-854
100900058,345,11,334
100900059,90,5,85
100900060,43,18,25
100900061,318,252,66
100900062,0,93,-93
100900063,123,381,-258
100900064,631,10,621
100900065,133,84,49
100900066,65,181,-116
100900067,1,11,-10
100900068,30,73,-43
100900069,2206,5,2201
100900070,158,3,155
100900071,649,288,361
100900072,2,59,-57
100900073,72,542,-470
100900074,8,13,-5
100900075,2010,318,1692
100900076,24,49,-25
100900077,12,106,-94
100900078,78,504,-426
100900079,5,42,-37
100900080,15,129,-114
100900081,29,140,-111
100900082,52,892,-840
100900083,6,42,-36
100900085,10,93,-83
100900086,205,1530,-1325
100900088,57,824,-767
100900089,1,37,-36
100900090,95,316,-221
100900091,1,24,-23
100900092,135,255,-120
100900093,89,224,-135
100900094,40,650,-610
100900095,4,23,-19
100900096,45,57,-12
100900097,3,5,-2
100900098,4,6,-2
100900099,32,565,-533
100900100,4,259,-255
100900101,392,25,367
100900102,3,29,-26
100900103,3,12,-9
100900104,3,128,-125
100900105,12,106,-94
100900106,41,10,31
100900107,1720,469,1251
100900108,4,6,-2
100900109,9,28,-19
100900110,1,24,-23
100900111,25,123,-98
100900112,0,10,-10
100900113,18,31,-13
100900114,5,20,-15
100900115,3,26,-23
100900116,598,1208,-610
100900117,161,428,-267
100900118,14,48,-34
100900119,6,14,-8
100900120,2,9,-7
100900121,225,572,-347
100900122,130,197,-67
100900123,42,83,-41
100900124,1,9,-8
100900125,12,66,-54
100900126,96,194,-98
100900127,2,3,-1
100900128,107,97,10
100900129,6,91,-85
100900131,52,146,-94
100900133,55,25,30
100900134,1,11,-10
100900135,1,121,-120
100900137,338,157,181
100900138,426,275,151
100900139,4,6,-2
100900140,2,781,-779
100900141,0,265,-265
100900142,0,14,-14
100900143,915,276,639
100900144,9,4,5
100900145,51,113,-62
100900146,3,17,-14
100900147,22,183,-161
100900148,26,1204,-1178
100900149,45,43,2
100900150,1,22,-21
100900151,125,543,-418
100900152,71,6,65
100900153,0,140,-140
100900154,10,12,-2
100900155,12,3,9
100900156,10,4,6
100900157,2,114,-112
100900159,0,23,-23
100900160,13,11,2
100900161,89,3,86
100900162,7,182,-175
100900163,174,240,-66
100900164,49,38,11
100900165,22,35,-13
100900166,18,3,15
100900167,10,64,-54
100900168,43,140,-97
100900169,138,915,-777
100900170,8,9,-1
100900171,7,715,-708
100900172,0,6,-6
100900173,4,738,-734
100900174,349,53,296
100900176,1381,114,1267
100900177,838,312,526
100900178,314,76,238
100900179,66,56,10
100900180,2,3,-1
100900181,69,28,41
100900182,13,18,-5
100900184,4,147,-143
100900186,909,821,88
100900187,9,183,-174
100900188,34,25,9
100900189,690,182,508
100900191,1394,859,535
100900192,309,141,168
100900195,156,129,27
100900197,21,61,-40
100900198,16,488,-472
100900199,8,13,-5
100900200,515,434,81
100900201,24,742,-718
100900202,13,0,13
100900203,0,60,-60
100900204,452,224,228
100900205,153,201,-48
100900206,77,43,34
100900207,170,85,85
100900210,53,747,-694
100900211,302,101,201
100900213,34,22,12
100900214,1196,145,1051
100900215,6,36,-30
100900217,192,55,137
101000001,4062,1998,2064
101000002,3767,3587,180
101000003,884,2679,-1795
101000004,9737,12346,-2609
101000005,3786,6058,-2272
101000006,6809,9876,-3067
101000007,2169,2929,-760
101000009,1751,2446,-695
101000010,918,1900,-982
101000011,2363,648,1715
101000012,3078,687,2391
101000013,451,1000,-549
101000014,755,734,21
101000015,1083,783,300
101000016,1291,397,894
101000017,1009,565,444
101000018,10122,2456,7666
101000020,7702,847,6855
101000021,2909,325,2584
101000022,24,1,23
101000023,2951,915,2036
101000025,205,413,-208
101000026,541,23,518
101000027,2931,1324,1607
101000028,1448,115,1333
101000029,97,701,-604
101000030,1430,70,1360
101000031,557,131,426
101000032,8457,2395,6062
101000033,3708,1895,1813
101000034,6155,1284,4871
101000035,1821,268,1553
101000036,2801,459,2342
101000037,6693,1128,5565
101000039,4091,1117,2974
101000040,5062,2518,2544
101000041,13295,5472,7823
101000042,1294,827,467
101000043,8519,3667,4852
101000045,2034,701,1333
101000046,2320,572,1748
101000047,1342,1004,338
101000048,954,961,-7
101000049,937,914,23
101000050,1437,814,623
101000051,2360,1563,797
101000052,2331,586,1745
101000053,1105,1180,-75
101000054,1365,779,586
101000055,1594,1658,-64
101000056,111,42,69
101000057,2709,550,2159
101000058,2859,850,2009
101000059,5446,1223,4223
101000060,2144,369,1775
101000061,1339,862,477
101000062,1188,520,668
101000063,1033,500,533
101000064,2334,599,1735
101000065,543,330,213
101000066,675,292,383
101000067,1440,445,995
101000068,547,212,335
101000069,810,45,765
101000070,1644,883,761
101000071,2268,779,1489
101000072,1161,3967,-2806
101000073,524,478,46
101000074,3901,2551,1350
101000075,5016,2190,2826
101000077,960,951,9
101000078,928,1644,-716
101000079,430,330,100
101000080,631,263,368
101000081,1110,1661,-551
101000082,3878,2711,1167
101000083,1912,1993,-81
101000084,1474,1054,420
101000085,1760,957,803
101000086,1221,968,253
101000087,855,1353,-498
101000088,827,1047,-220
101000089,821,1586,-765
101000090,2548,1583,965
101000091,284,1307,-1023
101000092,596,1154,-558
101000093,1555,976,579
101000094,489,1311,-822
101000095,199,729,-530
101000096,327,742,-415
101000097,911,234,677
101000098,732,513,219
101000099,1245,1644,-399
101000100,1022,596,426
101000101,624,275,349
101000102,2263,324,1939
101000103,1040,457,583
101000104,704,552,152
101000105,2216,231,1985
101000106,1163,463,700
101000107,161,342,-181
101000108,1910,353,1557
101000109,147,70,77
101000110,33,888,-855
101000111,93,140,-47
101000113,158,767,-609
101000114,4979,1755,3224
101000115,206,222,-16
101000116,91,151,-60
101000117,355,261,94
101000119,181,26,155
101000120,348,6,342
101000121,163,21,142
101000122,226,40,186
101000123,114,55,59
101000124,199,175,24
101000125,179,585,-406
101000128,1734,223,1511
101000130,226,231,-5
101000131,485,857,-372
101000132,361,2239,-1878
101000135,114,2,112
101000136,439,63,376
101000137,19,173,-154
101000141,2902,2770,132
101000147,1080,689,391
101000148,2238,31,2207
101000149,115,64,51
101000150,59,1619,-1560
101000151,56,85,-29
101000152,350,377,-27
101000153,633,489,144
101000154,115,2029,-1914
101000155,148,154,-6
101000156,29,272,-243
101000157,75,27,48
101000160,122,71,51
101000163,290,88,202
101000164,637,673,-36
101000165,144,335,-191
101000166,199,286,-87
101000168,993,433,560
101000252,1554,1027,527
101000254,452,26,426
101000258,13,7,6
101000261,56,34,22
101000262,2236,1273,963
101000263,178,584,-406
101000265,33,718,-685
101000266,376,279,97
101000269,181,3,178
101000290,1495,3526,-2031
101000293,11,91,-80
101000294,418,284,134
101000295,119,551,-432
101000301,983,211,772
101000304,3801,2922,879
101000305,4003,2298,1705
101000328,137,478,-341
101900001,20,81,-61
101900002,0,19,-19
101900003,315,120,195
101900004,12,37,-25
101900005,6801,1336,5465
101900006,913,293,620
101900007,566,45,521
101900008,262,347,-85
101900009,58,531,-473
101900010,1116,605,511
101900011,253,1370,-1117
101900012,112,262,-150
101900013,1430,182,1248
101900017,57,174,-117
101900018,1801,213,1588
101900019,406,120,286
101900020,174,88,86
101900021,1,59,-58
101900022,61,1609,-1548
101900023,87,278,-191
101900026,125,47,78
101900027,10,140,-130
102000001,4741,4096,645
102000002,3823,1489,2334
102000003,3548,5928,-2380
102000004,8046,3375,4671
102000005,1819,2413,-594
102000006,2708,2353,355
102000007,1592,5334,-3742
102000008,6461,2348,4113
102000009,4729,7901,-3172
102000010,5263,4898,365
102000011,2982,2164,818
102000012,5034,4693,341
102000018,4227,3001,1226
102000019,3605,2633,972
102000026,220,1450,-1230
102000029,379,231,148
102000030,105,347,-242
102000031,39,293,-254
102000032,434,571,-137
102000033,240,590,-350
102000034,439,809,-370
102000035,882,664,218
102000036,9,807,-798
102000037,249,143,106
102000038,556,165,391
102000039,590,109,481
102000040,788,108,680
102000041,342,567,-225
102000042,451,262,189
102000043,492,259,233
102000044,2049,863,1186
102000045,1050,1472,-422
102000046,1419,652,767
102000047,491,1719,-1228
102000048,250,1069,-819
102000049,2095,998,1097
102000050,1502,1273,229
102000051,552,819,-267
102000052,1582,845,737
102000053,2098,992,1106
102000054,435,881,-446
102000055,729,1386,-657
102000056,457,1980,-1523
102000057,946,625,321
102000058,948,2419,-1471
102000059,1481,1402,79
102000060,1312,1122,190
102000061,1014,2673,-1659
102000062,928,1415,-487
102000063,1282,1882,-600
102000064,631,773,-142
102000065,35,131,-96
102000066,878,2212,-1334
102000067,2374,3366,-992
102000068,14738,3981,10757
102000069,71,1961,-1890
102000070,1509,51,1458
102000071,8900,9536,-636
102000072,3382,5667,-2285
102000073,621,632,-11
102000074,490,908,-418
102000075,174,306,-132
102000076,130,552,-422
102000077,298,1456,-1158
102000078,421,1067,-646
102000079,76,270,-194
102000080,169,182,-13
102000081,419,773,-354
102000082,754,308,446
102000083,333,473,-140
102000084,86,541,-455
102000085,1575,1469,106
102000086,917,1101,-184
102000087,1002,1829,-827
102000088,203,320,-117
102000089,918,467,451
102000090,338,1016,-678
102000091,1633,418,1215
102000092,233,870,-637
102000093,638,671,-33
102000094,1004,533,471
102000095,950,931,19
102000096,476,614,-138
102000097,887,772,115
102000098,542,619,-77
102000099,913,503,410
102000100,659,797,-138
102000101,1011,434,577
102000102,310,4317,-4007
102000103,1160,340,820
102000104,1375,413,962
102000105,268,1076,-808
102000106,592,1167,-575
102000107,907,695,212
102000108,567,339,228
102000109,663,686,-23
102000110,565,2186,-1621
102000111,6,487,-481
102000112,119,91,28
102000113,5,42,-37
102000114,1477,337,1140
102000115,209,235,-26
102000116,833,297,536
102000117,427,522,-95
102000118,2365,888,1477
102000119,3431,547,2884
102000120,165,545,-380
102000121,826,447,379
102000122,329,742,-413
102000123,1412,932,480
102000124,969,978,-9
102000125,630,1052,-422
102000126,433,708,-275
102000127,891,605,286
102000128,486,1085,-599
102000129,946,866,80
102000130,410,598,-188
102000131,1238,513,725
102000132,472,380,92
102000133,1128,2940,-1812
102000134,650,993,-343
102000135,1227,1780,-553
102000136,1315,821,494
102000137,706,797,-91
102000138,176,310,-134
102000139,75,266,-191
102000140,317,212,105
102000141,143,606,-463
102000142,294,413,-119
102000143,134,643,-509
102000144,220,492,-272
102000145,230,484,-254
102000146,295,355,-60
102000147,265,424,-159
102000148,273,462,-189
102000149,145,679,-534
102000150,129,488,-359
102000151,192,462,-270
102000152,113,311,-198
102000153,1139,471,668
102000154,717,752,-35
102000155,144,323,-179
102000156,692,76,616
102000157,257,214,43
102000158,892,555,337
102000159,1859,548,1311
102000161,4586,2169,2417
102000162,218,138,80
102000163,82,436,-354
102000164,996,906,90
102000165,313,128,185
102000166,73,180,-107
102000167,285,219,66
102000168,223,166,57
102000169,105,724,-619
102000170,703,153,550
102000171,191,62,129
102000172,173,364,-191
102000173,669,271,398
102000174,21,56,-35
102000175,97,212,-115
102000176,30,83,-53
102000178,208,640,-432
102000179,331,234,97
102000180,435,642,-207
102000181,402,913,-511
102000182,352,738,-386
102000183,1111,2313,-1202
102000184,1546,1062,484
102000185,1955,1845,110
102000186,851,2433,-1582
102000187,579,2138,-1559
102000188,820,1501,-681
102000189,3386,1036,2350
102000190,497,2569,-2072
102000191,1231,611,620
102000192,740,1167,-427
102000193,69,229,-160
102000194,83,153,-70
102000195,676,548,128
102000196,135,687,-552
102000197,444,509,-65
102000198,99,1047,-948
102000199,601,334,267
102000200,321,1300,-979
102000201,473,454,19
102000202,14,141,-127
102000203,225,390,-165
102000204,389,1299,-910
102000205,1071,706,365
102000206,821,809,12
102000207,1385,510,875
102000208,632,690,-58
102000209,42,58,-16
102000210,435,691,-256
102000211,362,501,-139
102000212,200,18,182
102000213,2,443,-441
102000214,219,11,208
102000215,6,672,-666
102000216,48,51,-3
102000217,12,239,-227
102000218,125,156,-31
102000219,594,426,168
102000225,731,809,-78
102000226,2240,525,1715
102000227,346,1,345
102000228,0,157,-157
102000229,61,30,31
102000230,282,724,-442
102000231,256,518,-262
102000232,9,526,-517
102000233,418,1009,-591
102000234,98,982,-884
102000236,235,84,151
102000237,992,200,792
102000238,120,441,-321
102000240,811,422,389
102000241,188,106,82
102000243,12,126,-114
102000245,20,65,-45
102000246,8,16,-8
102000247,949,1064,-115
102000248,543,547,-4
102000249,70,183,-113
102000250,39,527,-488
102000254,46,523,-477
102000266,31,165,-134
102000271,28,0,28
102000286,530,529,1
102000297,2185,1281,904
102000305,0,0,0
102000307,0,0,0
102000316,286,406,-120
102900001,1028,1372,-344
102900002,278,28,250
102900003,65,334,-269
102900005,203,447,-244
102900006,403,283,120
102900007,259,18,241
102900008,134,83,51
102900009,415,189,226
102900010,661,350,311
102900011,2078,532,1546
102900012,412,62,350
102900013,20,86,-66
102900015,824,435,389
102900016,35,131,-96
102900017,87,714,-627
102900018,25,171,-146
102900019,601,665,-64
102900020,142,50,92
102900021,22,168,-146
102900022,575,83,492
102900023,17,65,-48
102900024,21,39,-18
102900025,366,132,234
102900026,839,1082,-243
102900027,51,60,-9
102900028,87,533,-446
102900029,179,212,-33
102900030,293,225,68
102900031,116,195,-79
102900032,40,133,-93
102900033,79,229,-150
102900034,267,153,114
102900035,111,489,-378
102900036,301,876,-575
102900037,226,1037,-811
102900038,411,900,-489
102900039,10,322,-312
102900040,132,200,-68
102900041,49,214,-165
102900042,149,519,-370
102900043,101,313,-212
102900044,486,1955,-1469
102900045,120,557,-437
102900046,62,267,-205
102900047,34,734,-700
102900048,425,863,-438
102900049,103,383,-280
102900050,183,414,-231
102900051,123,242,-119
102900053,276,1084,-808
102900054,912,784,128
102900055,83,94,-11
102900056,146,655,-509
102900057,5,53,-48
102900058,248,95,153
102900059,15,43,-28
102900060,136,495,-359
102900061,85,612,-527
102900062,220,1750,-1530
102900063,713,528,185
102900064,134,665,-531
102900065,2133,338,1795
102900066,262,48,214
102900068,113,83,30
102900070,272,724,-452
102900072,19,45,-26
102900073,156,3,153
102900075,42,46,-4
102900076,293,107,186
102900077,40,30,10
102900078,53,146,-93
102900079,301,5,296
102900080,325,22,303
102900081,48,302,-254
102900082,2,296,-294
102900083,453,9,444
102900084,1,29,-28
102900085,189,110,79
102900086,19,59,-40
102900087,163,141,22
102900088,99,44,55
102900089,323,145,178
102900090,1,502,-501
102900091,123,31,92
102900092,144,1260,-1116
102900094,0,76,-76
102900095,204,0,204
102900096,53,24,29
102900097,1,114,-113
103000001,2807,3679,-872
103000002,3922,2994,928
103000003,5333,3247,2086
103000004,991,668,323
103000005,2544,3893,-1349
103000006,603,1808,-1205
103000007,507,925,-418
103000008,1414,1343,71
103000009,1193,976,217
103000010,253,233,20
103000011,1554,1021,533
103000012,1009,1530,-521
103000013,6568,2227,4341
103000014,1232,2660,-1428
103000015,3558,838,2720
103000016,598,1194,-596
103000017,168,500,-332
103000018,1270,434,836
103000019,181,239,-58
103000020,3167,1514,1653
103000021,2578,1543,1035
103000022,1208,1318,-110
103000023,578,1908,-1330
103000024,96,221,-125
103000025,68,477,-409
103000026,1650,145,1505
103000027,294,433,-139
103000028,573,346,227
103000029,209,152,57
103000030,1979,719,1260
103000031,1695,2949,-1254
103000032,1724,1680,44
103000033,2584,3092,-508
103000034,1484,905,579
103000035,339,1665,-1326
103000036,563,386,177
103000037,538,382,156
103000038,389,1184,-795
103000039,257,616,-359
103000040,366,1696,-1330
103000041,1681,3029,-1348
103000042,763,938,-175
103000043,393,1704,-1311
103000044,104,298,-194
103000046,164,586,-422
103000047,708,748,-40
103000048,131,197,-66
103000049,118,225,-107
103000050,846,933,-87
103000051,425,663,-238
103000052,710,508,202
103000053,123,596,-473
103000054,2590,1473,1117
103000055,1594,2446,-852
103000056,486,2250,-1764
103000057,274,399,-125
103000058,454,1118,-664
103000059,246,1015,-769
103000060,766,961,-195
103000061,214,1037,-823
103000062,1165,912,253
103000063,605,829,-224
103000064,120,304,-184
103000065,2,442,-440
103000066,225,8,217
103000069,216,477,-261
103000070,958,1244,-286
103000071,890,406,484
103000072,97,1154,-1057
103000073,641,156,485
103000074,585,92,493
103000075,93,1078,-985
103000076,219,357,-138
103000077,34,421,-387
103000078,1808,624,1184
103000079,2006,770,1236
103000080,1155,369,786
103000081,526,977,-451
103000082,585,281,304
103000083,139,394,-255
103000084,173,8,165
103000085,8,99,-91
103000086,1321,453,868
103000087,400,541,-141
103000088,662,401,261
103000089,370,842,-472
103000090,1711,918,793
103000091,493,476,17
103000092,509,298,211
103000093,342,560,-218
103000094,160,113,47
103000095,40,467,-427
103000096,737,164,573
103000097,77,791,-714
103000098,1158,203,955
103000099,441,712,-271
103000100,103,1169,-1066
103000101,690,174,516
103000102,62,927,-865
103000103,611,329,282
103000104,152,147,5
103000105,144,197,-53
103000106,23,90,-67
103000107,256,66,190
103000108,1462,679,783
103000109,743,397,346
103000110,408,400,8
103000111,1087,426,661
103000112,628,263,365
103000113,1628,918,710
103000114,3887,390,3497
103000115,373,691,-318
103000116,432,712,-280
103000117,319,636,-317
103000118,2499,943,1556
103000119,2498,632,1866
103000120,177,85,92
103000121,228,591,-363
103000122,441,294,147
103000125,6,478,-472
103000126,349,7,342
103000127,1,274,-273
103000128,131,0,131
103000129,1,223,-222
103000130,37,21,16
103000131,211,91,120
103000132,61,97,-36
103000133,15,96,-81
103000134,614,765,-151
103000135,995,219,776
103000136,1076,383,693
103000137,1150,519,631
103000138,1154,745,409
103000139,6,62,-56
103000140,321,27,294
103000141,29,134,-105
103000142,90,69,21
103000143,182,208,-26
103000144,203,123,80
103000145,39,23,16
103000150,79,79,0
103000152,817,308,509
103000153,624,183,441
103000156,6,633,-627
103000157,239,4,235
103000159,72,21,51
103000162,130,37,93
103000163,17,19,-2
103000164,55,23,32
103000165,352,488,-136
103000166,219,287,-68
103000167,427,102,325
103000168,77,195,-118
103000169,179,504,-325
103000170,357,685,-328
103000171,42,66,-24
103000172,132,369,-237
103000173,246,761,-515
103000174,132,348,-216
103000175,146,570,-424
103000176,1022,332,690
103000177,1023,478,545
103000178,312,321,-9
103000179,176,30,146
103000183,67,24,43
103000185,71,123,-52
103000186,76,261,-185
103000187,316,895,-579
103000188,15,38,-23
103000189,2948,1189,1759
103000191,395,569,-174
103000292,4225,1321,2904
103000293,1450,1452,-2
103000295,80,111,-31
103000296,288,2,286
103000297,13,2,11
103000504,112,21,91
103000505,13,6,7
103000506,4,273,-269
103000507,165,4,161
103000508,49,27,22
103000509,341,596,-255
103900001,4,423,-419
103900002,2475,198,2277
103900003,1505,30,1475
103900004,92,3,89
103900005,3,260,-257
103900006,1,0,1
103900007,22,0,22
103900008,41,0,41
103900009,294,348,-54
103900010,90,368,-278
103900011,119,283,-164
103900012,14,17,-3
103900013,17,91,-74
103900014,24,22,2
103900015,49,13,36
103900016,254,291,-37
103900017,22,84,-62
103900018,591,283,308
103900019,63,165,-102
103900020,193,361,-168
103900021,1001,52,949
103900022,798,665,133
103900023,86,2,84
103900024,108,638,-530
103900025,2,40,-38
103900026,9,0,9
103900027,647,370,277
103900028,11,204,-193
103900029,787,173,614
103900030,1075,17,1058
103900031,14,3,11
103900032,54,30,24
103900033,298,3,295
103900034,15,385,-370
103900035,53,68,-15
103900036,90,36,54
103900037,104,51,53
103900038,41,87,-46
103900039,32,601,-569
103900040,17,204,-187
103900041,39,47,-8
103900042,37,498,-461
103900043,85,145,-60
103900044,358,298,60
103900045,177,196,-19
103900047,22,29,-7
103900048,46,19,27
103900049,204,1846,-1642
103900050,2,53,-51
103900051,0,30,-30
103900052,175,867,-692
103900053,91,1545,-1454
103900054,46,641,-595
103900055,471,203,268
103900056,17,46,-29
103900057,28,329,-301
103900058,98,898,-800
103900059,0,11,-11
103900060,28,257,-229
103900061,95,68,27
103900062,240,79,161
103900063,3,0,3
103900064,74,1,73
103900065,638,491,147
103900066,99,9,90
103900067,109,7,102
103900068,26,0,26
103900069,130,18,112
103900070,83,315,-232
103900071,13,158,-145
103900072,4,334,-330
103900073,62,33,29
103900074,37,122,-85
103900075,76,117,-41
103900076,287,982,-695
103900077,91,74,17
103900078,113,161,-48
103900079,72,230,-158
103900080,17,37,-20
103900081,201,17,184
103900082,17,111,-94
103900083,2296,1612,684
103900084,45,182,-137
103900085,119,132,-13
103900086,447,332,115
103900088,401,225,176
103900089,66,272,-206
103900090,0,232,-232
103900091,859,254,605
103900092,1234,727,507
103900093,112,358,-246
103900094,4,150,-146
103900095,970,169,801
103900096,21,322,-301
103900097,6,500,-494
103900098,145,103,42
103900099,49,273,-224
103900100,159,453,-294
103900101,86,1172,-1086
103900102,1,19,-18
103900104,2,47,-45
103900105,59,152,-93
103900106,0,31,-31
103900107,52,271,-219
103900108,14,383,-369
103900109,53,150,-97
103900110,208,70,138
103900111,60,1124,-1064
103900112,14,81,-67
103900113,155,215,-60
103900114,763,395,368
103900115,215,219,-4
103900116,6549,2146,4403
103900117,184,104,80
103900119,19,42,-23
103900120,60,168,-108
103900122,34,403,-369
103900123,1889,493,1396
103900124,49,744,-695
103900125,82,100,-18
103900126,290,727,-437
103900127,132,931,-799
103900128,32,281,-249
103900131,12,146,-134
103900133,1033,34,999
103900134,0,0,0
103900135,4,10,-6
103900137,1,59,-58
103900138,32,578,-546
103900139,1133,1435,-302
103900140,1,46,-45
103900141,276,82,194
103900142,129,381,-252
103900143,32,0,32
103900144,1,124,-123
103900145,165,334,-169
103900146,189,467,-278
103900147,356,102,254
103900148,186,252,-66
103900149,182,1046,-864
103900150,9656,3402,6254
103900151,37,168,-131
103900152,247,750,-503
103900153,14,1,13
103900154,1231,2160,-929
103900155,18,379,-361
103900156,20,352,-332
103900157,12,322,-310
103900158,38,312,-274
103900159,70,112,-42
103900160,57,19,38
103900161,78,246,-168
103900162,44,470,-426
103900163,5,558,-553
103900167,35,54,-19
103900168,133,144,-11
103900169,33,29,4
103900170,3,101,-98
103900171,0,86,-86
103900172,3,43,-40
103900173,7,17,-10
103900174,68,39,29
103900175,44,36,8
103900176,6,9,-3
103900177,6,63,-57
103900178,25,128,-103
103900179,16,398,-382
103900180,8,131,-123
103900181,58,67,-9
103900182,46,22,24
103900184,771,38,733
103900185,457,159,298
103900187,150,36,114
103900188,36,18,18
103900189,70,1,69
103900190,85,34,51
103900191,23,44,-21
103900192,10,81,-71
103900193,158,109,49
103900194,58,446,-388
103900195,5,25,-20
103900196,14,25,-11
103900197,29,54,-25
103900198,15,64,-49
103900199,117,84,33
103900200,82,141,-59
103900201,88,219,-131
103900202,7,64,-57
103900203,28,23,5
103900204,0,139,-139
103900207,0,212,-212
103900208,50,5,45
103900209,4,118,-114
103900210,27,24,3
103900211,320,881,-561
103900212,70,642,-572
103900213,328,271,57
103900214,704,112,592
103900215,638,279,359
103900216,13,82,-69
103900217,440,3,437
103900218,44,513,-469
103900219,129,605,-476
103900233,22,1,21
103900235,76,12,64
103900236,63,4,59
103900242,1,8,-7
103900243,7,12,-5
103900244,73,502,-429
103900245,111,257,-146
103900246,96,39,57
103900247,41,129,-88
103900248,13,19,-6
103900249,4,35,-31
103900250,54,36,18
103900251,3,59,-56
103900253,80,108,-28
103900254,17,14,3
103900255,134,16,118
103900256,88,35,53
103900257,356,275,81
103900258,85,7,78
103900259,134,13,121
103900261,14,3,11
103900262,55,19,36
103900263,96,163,-67
103900264,76,25,51
103900265,57,4,53
103900266,2,54,-52
103900267,30,75,-45
103900268,50,242,-192
103900269,299,127,172
103900270,39,333,-294
103900271,279,260,19
103900272,58,118,-60
103900273,28,167,-139
103900274,44,15,29
103900275,17,10,7
103900277,2,191,-189
103900278,1019,295,724
103900279,251,50,201
103900280,11,556,-545
103900281,61,37,24
103900282,64,16,48
103900283,127,20,107
103900284,9,13,-4
103900285,32,62,-30
103900286,25,41,-16
103900287,1,36,-35
103900288,273,93,180
103900289,821,180,641
103900290,298,54,244
103900291,32,72,-40
103900292,400,124,276
103900293,4,108,-104
103900294,12,383,-371
104000001,2391,2789,-398
104000002,1986,4219,-2233
104000003,2493,3084,-591
104000004,3517,3789,-272
104000005,1545,2487,-942
104000006,2652,4504,-1852
104000007,4677,5183,-506
104000008,412,561,-149
104000009,213,172,41
104000010,136,238,-102
104000011,1011,425,586
104000012,183,600,-417
104000013,164,178,-14
104000014,248,954,-706
104000015,247,202,45
104000016,606,619,-13
104000018,572,211,361
104000019,456,127,329
104000020,305,823,-518
104000021,468,689,-221
104000022,167,330,-163
104000023,431,505,-74
104000024,321,387,-66
104000026,72,432,-360
104000027,341,569,-228
104000028,424,380,44
104000029,356,688,-332
104000030,213,311,-98
104000031,801,396,405
104000032,243,420,-177
104000033,454,503,-49
104000034,298,446,-148
104000035,638,454,184
104000036,539,648,-109
104000037,286,417,-131
104000038,269,661,-392
104000039,162,442,-280
104000040,592,508,84
104000041,748,455,293
104000042,302,529,-227
104000043,287,531,-244
104000044,185,884,-699
104000045,1206,1645,-439
104000046,1843,1939,-96
104000047,826,1544,-718
104000048,1169,1864,-695
104000049,438,419,19
104000050,173,765,-592
104000051,155,1050,-895
104000052,1522,2108,-586
104000053,964,1013,-49
104000054,421,476,-55
104000055,6514,3076,3438
104000056,2186,397,1789
104000057,336,887,-551
104000058,729,1119,-390
104000059,649,1865,-1216
104000060,851,1468,-617
104000061,1666,1518,148
104000062,427,452,-25
104000064,716,491,225
104000065,329,476,-147
104000069,2426,1303,1123
104000070,53,471,-418
104000071,343,548,-205
104000072,653,703,-50
104000075,70,366,-296
104000076,672,66,606
104000082,2936,2952,-16
104000083,837,250,587
104000084,199,556,-357
104000085,313,308,5
104000086,176,484,-308
104000087,533,1522,-989
104000090,628,2047,-1419
104000092,795,3700,-2905
104000094,1021,2632,-1611
104000095,2022,2131,-109
104000096,1164,729,435
104000097,1379,1577,-198
104000098,1393,1773,-380
104000100,1605,771,834
104000101,1213,4085,-2872
104000106,372,922,-550
104000107,590,532,58
104000108,307,776,-469
104000109,315,88,227
104000110,966,1139,-173
104000111,6203,2119,4084
104000112,2711,706,2005
104000116,3,1642,-1639
104000117,117,1503,-1386
104000118,363,277,86
104000119,395,366,29
104000120,156,1358,-1202
104000121,182,773,-591
104000122,543,798,-255
104000123,1495,1392,103
104000124,1478,2760,-1282
104000125,6702,3334,3368
104000126,273,436,-163
104000127,1882,4361,-2479
104000128,820,506,314
104000129,617,30,587
104000130,16,351,-335
104000131,1808,483,1325
104000132,1776,756,1020
104000133,1248,1315,-67
104000134,673,2069,-1396
104000135,285,1162,-877
104000136,622,2585,-1963
104000137,1247,294,953
104000138,1443,791,652
104000139,9326,3024,6302
104000141,987,2039,-1052
104000142,754,1115,-361
104000143,597,781,-184
104000144,124,278,-154
104000145,484,238,246
104000146,584,894,-310
104000147,138,461,-323
104000148,187,183,4
104000149,191,508,-317
104000150,674,534,140
104000151,332,672,-340
104000152,589,822,-233
104000153,389,541,-152
104000154,1479,813,666
104000155,259,511,-252
104000157,1071,1969,-898
104000158,285,359,-74
104000159,819,496,323
104000160,1525,1884,-359
104000161,368,212,156
104000162,36,175,-139
104000165,1849,1247,602
104000167,495,784,-289
104000168,656,12,644
104000169,59,58,1
104000170,538,299,239
104000248,268,1302,-1034
104000251,132,309,-177
104000272,0,0,0
104000273,0,0,0
104000274,0,0,0
104000275,0,0,0
104000279,4138,1613,2525
104000290,61,428,-367
104000291,1036,1734,-698
104000293,1549,838,711
104000294,3,0,3
104000295,658,976,-318
104000296,332,1210,-878
104000297,1157,1827,-670
104000298,2410,1540,870
104000299,969,2380,-1411
104000302,102,177,-75
104000303,190,209,-19
104900001,118,465,-347
104900002,37,151,-114
104900003,28,427,-399
104900004,115,408,-293
104900005,166,184,-18
104900006,197,106,91
104900007,211,259,-48
104900009,77,432,-355
104900010,40,20,20
104900011,6,6,0
104900012,172,31,141
104900013,99,15,84
104900014,3710,262,3448
104900015,124,14,110
104900016,168,416,-248
104900017,127,223,-96
104900018,10,212,-202
104900019,461,1859,-1398
104900020,53,322,-269
104900021,0,354,-354
104900022,10,159,-149
104900023,0,211,-211
104900024,13,183,-170
104900025,93,562,-469
104900026,1,151,-150
104900027,317,262,55
104900028,13,119,-106
104900029,28,138,-110
104900030,336,164,172
104900031,145,240,-95
104900032,56,219,-163
104900033,121,237,-116
104900034,245,85,160
104900035,183,106,77
104900036,99,78,21
104900037,90,467,-377
104900038,685,461,224
104900039,852,114,738
104900040,189,85,104
104900041,138,190,-52
104900042,116,436,-320
104900043,11,57,-46
104900044,277,202,75
104900045,408,46,362
104900046,53,164,-111
104900047,143,123,20
104900048,190,93,97
104900049,15,4,11
104900050,114,79,35
104900051,174,60,114
104900052,20,1,19
104900053,346,92,254
104900054,77,79,-2
104900055,40,0,40
104900056,93,10,83
104900057,9,0,9
104900058,887,136,751
104900059,35,17,18
104900061,293,631,-338
104900063,157,246,-89
104900064,1,104,-103
104900065,0,152,-152
104900066,0,298,-298
104900067,3,269,-266
104900068,7,284,-277
104900070,158,292,-134
104900071,1,877,-876
104900072,29,243,-214
104900073,25,434,-409
104900074,35,239,-204
104900075,23,136,-113
104900076,50,394,-344
104900077,1922,132,1790
104900078,100,657,-557
104900079,127,280,-153
104900080,61,538,-477
104900082,9,375,-366
104900085,4,307,-303
104900089,74,0,74
104900091,276,928,-652
104900093,214,621,-407
104900097,4271,1597,2674
104900098,63,68,-5
104900099,126,434,-308
104900100,1074,248,826
104900102,22,354,-332
104900103,354,156,198
104900106,32,177,-145
104900107,58,394,-336
104900108,26,515,-489
104900109,74,583,-509
104900110,7,61,-54
104900111,179,124,55
104900112,226,1217,-991
104900113,546,566,-20
104900114,184,873,-689
104900115,445,752,-307
104900116,149,260,-111
104900118,18,97,-79
104900119,1,41,-40
104900120,208,81,127
104900121,0,171,-171
104900122,2,145,-143
104900123,24,3,21
104900124,24,1,23
104900125,426,155,271
104900126,59,65,-6
104900127,19,51,-32
104900128,41,57,-16
104900129,3379,1845,1534
105000001,2954,1851,1103
105000002,3423,2292,1131
105000003,5140,4352,788
105000004,567,1792,-1225
105000005,738,1600,-862
105000006,1622,2258,-636
105000007,1506,2003,-497
105000008,2036,3223,-1187
105000009,1720,3296,-1576
105000010,4465,3762,703
105000011,1874,2421,-547
105000012,4611,4024,587
105000013,810,1328,-518
105000014,1322,2529,-1207
105000015,7680,7951,-271
105000016,4838,2591,2247
105000017,3696,1163,2533
105000018,1930,1347,583
105000019,2335,1092,1243
105000020,346,376,-30
105000021,502,183,319
105000022,329,43,286
105000023,427,211,216
105000028,93,214,-121
105000029,451,1142,-691
105000030,4873,4607,266
105000031,3,35,-32
105000033,1371,2567,-1196
105000034,303,837,-534
105000037,709,689,20
105000038,1327,1245,82
105000039,2871,1946,925
105000040,648,759,-111
105000041,492,1530,-1038
105000042,1894,1336,558
105000043,1872,2244,-372
105000044,345,394,-49
105000045,306,1080,-774
105000046,634,498,136
105000047,490,1622,-1132
105000048,570,314,256
105000049,346,1175,-829
105000050,502,502,0
105000051,377,889,-512
105000052,579,1150,-571
105000053,192,258,-66
105000054,286,1271,-985
105000055,987,528,459
105000056,821,3695,-2874
105000057,1259,1252,7
105000058,2158,1756,402
105000059,718,713,5
105000060,853,1023,-170
105000061,453,729,-276
105000062,1249,1553,-304
105000063,457,932,-475
105000064,1331,801,530
105000065,550,1313,-763
105000066,1415,2763,-1348
105000067,1445,682,763
105000068,1313,1285,28
105000069,5524,1209,4315
105000070,1486,992,494
105000071,889,857,32
105000072,1807,2593,-786
105000073,1077,744,333
105000074,1574,1143,431
105000075,1155,785,370
105000076,1988,1154,834
105000077,2438,1009,1429
105000078,2448,1412,1036
105000079,3066,2052,1014
105000080,2167,1039,1128
105000081,2942,866,2076
105000082,1792,574,1218
105000083,2218,883,1335
105000084,1311,1439,-128
105000085,1706,1147,559
105000086,804,1424,-620
105000087,4086,2393,1693
105000088,1736,2008,-272
105000089,2925,2177,748
105000090,1173,838,335
105000091,1688,1750,-62
105000092,973,1359,-386
105000093,393,207,186
105000094,273,274,-1
105000095,106,550,-444
105000096,1298,801,497
105000097,1496,921,575
105000098,1442,730,712
105000099,2025,1144,881
105000100,924,1738,-814
105000101,2044,2760,-716
105000102,1940,1995,-55
105000103,1878,3111,-1233
105000104,1979,1427,552
105000105,1172,3064,-1892
105000106,1279,2070,-791
105000107,1043,1548,-505
105000108,1036,2708,-1672
105000109,1260,2030,-770
105000110,473,1452,-979
105000111,532,804,-272
105000112,1256,1332,-76
105000113,397,774,-377
105000114,6511,1339,5172
105000115,458,1092,-634
105000116,758,569,189
105000117,1164,1981,-817
105000118,271,411,-140
105000119,505,1803,-1298
105000120,743,650,93
105000121,1021,1891,-870
105000122,333,489,-156
105000123,1435,1956,-521
105000124,1716,1143,573
105000125,915,2768,-1853
105000126,2406,2962,-556
105000127,2310,2546,-236
105000128,749,1731,-982
105000129,1267,628,639
105000130,181,2180,-1999
105000131,946,660,286
105000132,712,563,149
105000133,421,1635,-1214
105000134,919,682,237
105000135,617,953,-336
105000136,131,437,-306
105000137,334,218,116
105000138,219,455,-236
105000139,1089,1225,-136
105000140,234,567,-333
105000141,195,892,-697
105000142,118,624,-506
105000143,262,1066,-804
105000144,366,902,-536
105000145,603,597,6
105000146,731,1024,-293
105000147,448,488,-40
105000148,1150,866,284
105000149,1760,2176,-416
105000150,2168,1902,266
105000151,549,426,123
105000152,209,1031,-822
105000153,767,611,156
105000154,1007,1508,-501
105000155,350,635,-285
105000156,1004,1271,-267
105000157,1084,3136,-2052
105000158,2273,845,1428
105000159,329,1999,-1670
105000160,1350,747,603
105000161,1080,2466,-1386
105000162,818,1681,-863
105000163,3258,1789,1469
105000164,212,425,-213
105000165,3260,5339,-2079
105000166,10466,486,9980
105000167,4715,1668,3047
105000168,246,1337,-1091
105000169,415,470,-55
105000170,129,2170,-2041
105000171,1161,488,673
105000172,199,89,110
105000173,75,41,34
105000174,46,57,-11
105000175,35,165,-130
105000176,108,109,-1
105000177,273,167,106
105000178,90,1166,-1076
105000179,180,123,57
105000180,70,155,-85
105000181,64,767,-703
105000182,44,53,-9
105000183,3703,2630,1073
105000184,1168,883,285
105000185,941,683,258
105000186,524,998,-474
105000187,674,326,348
105000188,666,117,549
105000189,442,550,-108
105000190,337,419,-82
105000191,508,469,39
105000192,300,115,185
105000193,257,162,95
105000194,385,86,299
105000195,272,1198,-926
105000196,106,188,-82
105000197,311,760,-449
105000198,696,343,353
105000199,751,603,148
105000200,163,250,-87
105000201,147,20,127
105000203,16,396,-380
105000204,83,101,-18
105000205,68,288,-220
105000207,476,258,218
105000208,284,490,-206
105000209,266,397,-131
105000211,105,19,86
105000212,1021,1985,-964
105000213,113,201,-88
105000214,75,298,-223
105000215,129,406,-277
105000216,73,350,-277
105000217,84,314,-230
105000218,573,1392,-819
105000221,264,422,-158
105000222,443,75,368
105000223,206,262,-56
105000226,51,509,-458
105000227,18,281,-263
105000228,440,1000,-560
105000229,131,322,-191
105000231,271,329,-58
105000233,658,641,17
105000234,650,1501,-851
105000235,399,593,-194
105000237,832,98,734
105000243,22,40,-18
105000248,166,57,109
105000262,261,2318,-2057
105000269,86,220,-134
105000270,310,118,192
105000271,0,351,-351
105000282,372,83,289
105000287,302,234,68
105000288,445,830,-385
105000289,3697,1303,2394
105000290,37,4,33
105000402,5573,2350,3223
105000426,539,512,27
105000438,2733,823,1910
105000440,7,39,-32
105000446,17578,6170,11408
105000447,8524,3622,4902
105000454,672,1396,-724
105000455,327,229,98
105000474,29,2,27
105000477,370,523,-153
105000478,1779,2781,-1002
105000479,300,156,144
105000480,3868,2537,1331
105000481,3258,2888,370
105000482,6594,4070,2524
105000483,1215,1482,-267
105000484,3331,3019,312
105000485,1553,1906,-353
105000486,5549,3284,2265
105000488,6537,4524,2013
105000489,960,1085,-125
105000549,96,165,-69
105000550,792,1489,-697
105000551,47,109,-62
105000552,4957,2768,2189
105000555,1848,928,920
105000556,43,57,-14
105000557,33,433,-400
105900001,5,1042,-1037
105900002,2478,415,2063
105900003,17,164,-147
105900004,272,186,86
105900005,5,284,-279
105900006,5,62,-57
105900007,51,19,32
105900008,44,1098,-1054
105900009,13,15,-2
105900011,175,86,89
105900012,283,157,126
105900013,2,31,-29
105900014,4,83,-79
105900015,192,443,-251
105900016,229,793,-564
105900017,719,65,654
105900018,209,547,-338
105900019,29,386,-357
105900020,34,70,-36
105900021,14,247,-233
105900022,207,489,-282
105900023,2,123,-121
105900024,8,143,-135
105900025,68,42,26
105900026,437,71,366
105900027,4472,3730,742
105900028,355,163,192
105900029,2422,414,2008
105900030,269,260,9
105900031,482,173,309
105900032,66,135,-69
105900033,184,157,27
105900034,101,295,-194
105900035,139,191,-52
105900036,42,217,-175
105900037,49,89,-40
105900038,142,522,-380
105900039,88,259,-171
105900040,79,98,-19
105900041,186,692,-506
105900042,87,130,-43
105900043,3071,43,3028
105900044,4,282,-278
105900045,2,828,-826
105900046,7,224,-217
105900047,15,39,-24
105900048,65,599,-534
105900050,2294,628,1666
105900051,3,1201,-1198
105900052,350,75,275
105900053,5455,2756,2699
105900054,304,378,-74
105900056,1001,211,790
105900057,18,115,-97
105900058,5,51,-46
105900059,0,34,-34
106000001,4108,2155,1953
106000002,3026,5880,-2854
106000003,3328,3765,-437
106000004,2925,3607,-682
106000005,2598,5858,-3260
106000006,6286,6465,-179
106000007,446,645,-199
106000008,416,368,48
106000009,507,356,151
106000010,567,597,-30
106000011,854,1126,-272
106000012,822,1902,-1080
106000013,1882,1974,-92
106000014,2224,2195,29
106000015,1360,1181,179
106000016,1191,3172,-1981
106000017,727,820,-93
106000018,607,700,-93
106000019,289,519,-230
106000020,311,512,-201
106000021,280,622,-342
106000022,398,303,95
106000023,598,578,20
106000024,783,1077,-294
106000025,148,229,-81
106000026,115,469,-354
106000027,850,1615,-765
106000028,626,682,-56
106000029,872,1455,-583
106000030,930,376,554
106000034,187,677,-490
106000035,1266,1490,-224
106000036,325,394,-69
106000037,2323,2097,226
106000038,473,87,386
106000039,241,73,168
106000040,197,893,-696
106000041,966,410,556
106000043,726,135,591
106000046,431,55,376
106000047,66,434,-368
106000049,730,264,466
106000050,391,1098,-707
106000051,746,481,265
106000052,139,931,-792
106000053,140,192,-52
106000054,342,615,-273
106000055,364,251,113
106000056,302,590,-288
106000057,197,322,-125
106000058,123,246,-123
106000059,219,253,-34
106000060,617,811,-194
106000061,158,487,-329
106000062,159,788,-629
106000063,441,647,-206
106000064,38,427,-389
106000065,252,244,8
106000066,105,483,-378
106000067,230,111,119
106000068,38,824,-786
106000069,186,93,93
106000070,399,959,-560
106000071,803,338,465
106000072,6817,2024,4793
106000073,2127,3092,-965
106000074,470,918,-448
106000075,285,1500,-1215
106000076,1584,2062,-478
106000077,4360,1591,2769
106000078,843,1073,-230
106000079,546,1205,-659
106000080,1101,988,113
106000081,483,1325,-842
106000082,2271,978,1293
106000083,266,1375,-1109
106000084,1261,779,482
106000085,1834,1385,449
106000086,661,856,-195
106000087,994,691,303
106000088,366,868,-502
106000089,964,532,432
106000090,209,734,-525
106000091,303,1062,-759
106000092,664,295,369
106000093,297,125,172
106000094,107,452,-345
106000095,455,1371,-916
106000096,737,942,-205
106000097,768,1753,-985
106000098,489,1259,-770
106000099,207,1069,-862
106000100,827,354,473
106000101,849,315,534
106000102,136,664,-528
106000103,240,875,-635
106000104,609,599,10
106000105,408,1176,-768
106000106,417,654,-237
106000107,177,650,-473
106000108,246,487,-241
106000109,121,582,-461
106000110,119,329,-210
106000111,155,695,-540
106000112,167,480,-313
106000113,1588,711,877
106000114,629,510,119
106000115,298,764,-466
106000116,158,291,-133
106000117,918,943,-25
106000118,1185,1240,-55
106000119,2626,1438,1188
106000120,734,1048,-314
106000121,206,287,-81
106000122,93,399,-306
106000123,240,419,-179
106000124,30,459,-429
106000125,35,424,-389
106000126,182,266,-84
106000127,208,1026,-818
106000128,701,463,238
106000129,514,763,-249
106000130,503,648,-145
106000131,186,1027,-841
106000132,1409,262,1147
106000133,5663,1417,4246
106000134,1139,1468,-329
106000135,274,1393,-1119
106000136,785,1575,-790
106000137,100,2064,-1964
106000138,1018,93,925
106000139,63,219,-156
106000140,26,117,-91
106000141,107,140,-33
106000142,26,131,-105
106000143,43,121,-78
106000144,27,111,-84
106000145,176,384,-208
106000146,180,253,-73
106000147,790,1664,-874
106000148,858,1575,-717
106000149,389,1405,-1016
106000150,535,2502,-1967
106000151,7772,831,6941
106000152,1593,2239,-646
106000153,121,1619,-1498
106000154,1967,372,1595
106000155,53,279,-226
106000156,465,385,80
106000157,580,2407,-1827
106000158,4569,939,3630
106000159,6498,1713,4785
106000160,335,2987,-2652
106000161,1690,610,1080
106000162,235,1072,-837
106000163,279,730,-451
106000164,329,361,-32
106000165,183,1018,-835
106000166,1300,323,977
106000167,527,1779,-1252
106000168,325,330,-5
106000169,130,1122,-992
106000170,498,321,177
106000171,128,1334,-1206
106000172,3568,1006,2562
106000173,1500,3570,-2070
106000174,940,351,589
106000175,305,1356,-1051
106000176,1176,808,368
106000177,726,3024,-2298
106000178,3128,1923,1205
106000179,1096,2697,-1601
106000180,914,2189,-1275
106000181,524,2440,-1916
106000182,757,912,-155
106000183,646,1292,-646
106000184,940,1259,-319
106000185,606,1021,-415
106000186,1047,154,893
106000187,265,987,-722
106000188,0,1,-1
106000189,5,61,-56
106000190,3,1,2
106000191,556,178,378
106000192,4,43,-39
106000193,332,156,176
106000194,125,310,-185
106000195,291,83,208
106000196,102,381,-279
106000197,254,401,-147
106000198,107,368,-261
106000199,970,606,364
106000200,663,187,476
106000201,672,2168,-1496
106000202,9246,721,8525
106000203,187,270,-83
106000204,70,7,63
106000205,35,185,-150
106000206,81,15,66
106000207,63,1116,-1053
106000208,704,119,585
106000209,1004,362,642
106000210,213,1746,-1533
106000211,441,1851,-1410
106000212,842,314,528
106000213,840,1598,-758
106000214,2759,652,2107
106000215,273,760,-487
106000216,333,438,-105
106000217,340,717,-377
106000218,607,477,130
106000219,137,375,-238
106000220,358,357,1
106000221,100,356,-256
106000222,34,224,-190
106000223,105,264,-159
106000224,188,443,-255
106000225,129,100,29
106000226,304,409,-105
106000228,30,176,-146
106000229,140,1030,-890
106000231,772,273,499
106000232,55,447,-392
106000233,395,197,198
106000234,58,221,-163
106000235,288,144,144
106000236,139,65,74
106000237,0,7,-7
106000238,36,14,22
106000239,3,124,-121
106000240,69,3,66
106000241,16,985,-969
106000242,212,22,190
106000249,76,113,-37
106000250,74,530,-456
106000251,60,50,10
106000252,15,104,-89
106000253,22,117,-95
106000254,39,76,-37
106000255,9,180,-171
106000256,76,99,-23
106000257,140,321,-181
106000258,141,65,76
106000259,7,30,-23
106000260,35,23,12
106000261,5,40,-35
106000262,48,20,28
106000263,17,87,-70
106000264,188,30,158
106000265,10,134,-124
106000266,162,26,136
106000267,5,97,-92
106000268,671,31,640
106000269,69,86,-17
106000270,195,445,-250
106000271,50,225,-175
106000272,95,55,40
106000273,13,286,-273
106000274,160,63,97
106000275,191,215,-24
106000276,134,57,77
106000277,138,248,-110
106000278,234,42,192
106000279,6,71,-65
106000280,38,282,-244
106000281,57,129,-72
106000282,79,74,5
106000283,94,179,-85
106000284,39,109,-70
106000285,155,193,-38
106000286,48,158,-110
106000287,113,111,2
106000288,96,189,-93
106000289,74,79,-5
106000290,95,96,-1
106000291,66,115,-49
106000292,126,166,-40
106000293,130,102,28
106000294,142,189,-47
106000295,35,60,-25
106000296,61,134,-73
106000297,68,329,-261
106000298,180,86,94
106000299,79,222,-143
106000300,58,100,-42
106000301,59,134,-75
106000303,26,91,-65
106000304,51,34,17
106000305,17,38,-21
106000306,40,95,-55
106000307,15,21,-6
106000308,25,212,-187
106000309,16,68,-52
106000310,198,834,-636
106000311,255,133,122
106000312,52,264,-212
106000313,147,207,-60
106000318,224,217,7
106000319,1044,309,735
106000320,4,31,-27
106000321,446,65,381
106000322,94,314,-220
106000324,4,146,-142
106000325,1378,976,402
106000326,1048,2429,-1381
106000327,76,208,-132
106000328,7,109,-102
106000329,117,445,-328
106000330,24,52,-28
106000428,48,255,-207
106000429,149,729,-580
106000430,331,1825,-1494
106000431,1574,420,1154
106000432,2533,4283,-1750
106000433,2189,1384,805
106000434,2860,1330,1530
106000435,2564,3859,-1295
106000436,21,458,-437
106000437,266,32,234
106000438,409,152,257
106000439,30,621,-591
106000440,351,737,-386
106000441,0,0,0
106000442,418,4,414
106000443,81,635,-554
106000450,2,256,-254
106000451,64,73,-9
106000454,5,160,-155
106000455,11,217,-206
106000456,388,27,361
106000457,10,1174,-1164
106000458,300,363,-63
106000459,168,471,-303
106000460,496,84,412
106000461,62,2088,-2026
106000462,0,17,-17
106000463,2,69,-67
106000464,9,645,-636
106000465,259,2,257
106000466,1,866,-865
106000467,774,787,-13
106000468,58,256,-198
106000469,554,4,550
106000470,271,1787,-1516
106000471,43,827,-784
106000472,117,16,101
106000473,20,38,-18
106000474,454,1102,-648
106000475,323,401,-78
106000476,284,208,76
106000477,34,213,-179
106000480,0,233,-233
106900001,1,21,-20
106900002,13,707,-694
106900003,36,74,-38
106900004,0,109,-109
106900006,0,17,-17
106900007,0,27,-27
106900008,423,1309,-886
106900009,200,587,-387
106900010,508,147,361
106900012,608,589,19
106900013,2791,1522,1269
106900014,24,0,24
106900015,14,2,12
106900016,145,4,141
106900017,5,0,5
106900018,0,0,0
106900019,33,1,32
106900020,3088,1129,1959
106900021,124,117,7
106900022,322,0,322
106900023,464,407,57
106900024,375,19,356
106900025,101,802,-701
106900026,1,120,-119
106900027,1816,9,1807
106900028,0,7,-7
106900029,435,57,378
106900030,5,775,-770
107000001,3308,2538,770
107000002,4469,5421,-952
107000003,3797,6004,-2207
107000004,5897,6865,-968
107000005,2209,4357,-2148
107000006,4235,8282,-4047
107000007,3480,7146,-3666
107000008,16216,11565,4651
107000009,3953,5661,-1708
107000010,11749,12462,-713
107000011,1341,1570,-229
107000012,5410,4867,543
107000013,47,175,-128
107000014,23,354,-331
107000015,481,964,-483
107000016,560,1378,-818
107000017,3139,1128,2011
107000018,7,358,-351
107000020,1586,561,1025
107000021,1097,835,262
107000022,829,1473,-644
107000023,1440,416,1024
107000024,382,1997,-1615
107000025,177,536,-359
107000026,213,754,-541
107000027,1126,1287,-161
107000028,1251,2280,-1029
107000029,2054,2084,-30
107000030,3310,4203,-893
107000031,2763,2053,710
107000032,448,1122,-674
107000033,4826,4998,-172
107000034,6792,2647,4145
107000035,401,268,133
107000036,492,1691,-1199
107000037,66,801,-735
107000038,331,238,93
107000039,1049,792,257
107000040,141,307,-166
107000041,2230,795,1435
107000042,758,1874,-1116
107000043,3618,973,2645
107000044,847,313,534
107000045,157,310,-153
107000046,627,379,248
107000047,497,850,-353
107000048,623,362,261
107000049,537,906,-369
107000050,860,609,251
107000051,731,431,300
107000052,1342,1107,235
107000053,423,258,165
107000054,67,309,-242
107000055,319,207,112
107000056,560,853,-293
107000057,3148,309,2839
107000058,1995,2496,-501
107000059,2751,4369,-1618
107000060,3233,5786,-2553
107000061,6306,4735,1571
107000062,3073,3522,-449
107000063,4537,7131,-2594
107000064,3455,2287,1168
107000065,4349,7087,-2738
107000066,1405,2170,-765
107000067,663,858,-195
107000068,1435,559,876
107000069,968,551,417
107000070,539,3,536
107000071,1815,46,1769
107000072,53,4731,-4678
107000073,437,273,164
107000074,163,1141,-978
107000075,1027,453,574
107000076,976,1907,-931
107000077,2506,1060,1446
107000078,2522,3627,-1105
107000079,1846,747,1099
107000080,1381,3631,-2250
107000081,882,617,265
107000082,485,2929,-2444
107000083,855,322,533
107000084,461,2512,-2051
107000085,2827,3444,-617
107000086,3718,4335,-617
107000087,3400,2359,1041
107000088,3929,4385,-456
107000089,1356,2467,-1111
107000090,1146,1633,-487
107000091,863,1173,-310
107000092,757,1766,-1009
107000093,1250,944,306
107000094,1617,1881,-264
107000095,566,1004,-438
107000096,606,1325,-719
107000097,611,524,87
107000098,508,1219,-711
107000099,571,379,192
107000100,307,380,-73
107000101,79,244,-165
107000102,562,564,-2
107000103,345,229,116
107000104,277,472,-195
107000105,425,165,260
107000106,276,515,-239
107000107,556,265,291
107000108,212,1131,-919
107000109,466,208,258
107000110,116,857,-741
107000111,154,53,101
107000112,12,577,-565
107000113,477,135,342
107000114,126,1266,-1140
107000115,388,157,231
107000116,98,1476,-1378
107000117,88,400,-312
107000118,145,396,-251
107000119,2844,1320,1524
107000120,4693,394,4299
107000121,540,987,-447
107000122,1159,1168,-9
107000123,239,1255,-1016
107000124,401,1161,-760
107000125,619,1267,-648
107000126,773,1198,-425
107000129,220,1522,-1302
107000130,376,244,132
107000131,395,983,-588
107000132,398,335,63
107000133,443,141,302
107000134,175,0,175
107000135,4,272,-268
107000136,663,4,659
107000137,12,528,-516
107000138,396,18,378
107000139,7,440,-433
107000140,1440,48,1392
107000141,93,1171,-1078
107000142,362,78,284
107000143,45,1199,-1154
107000144,356,448,-92
107000145,160,785,-625
107000146,78,419,-341
107000147,5121,1335,3786
107000150,1088,2261,-1173
107000151,53,101,-48
107000152,820,693,127
107000153,737,465,272
107000154,295,158,137
107000155,457,18,439
107000156,687,31,656
107000157,26,2308,-2282
107000158,413,30,383
107000159,59,1946,-1887
107000160,440,108,332
107000161,72,2226,-2154
107000162,147,322,-175
107000163,27,0,27
107000164,265,1,264
107000165,386,1,385
107000166,68,1781,-1713
107000167,419,331,88
107000168,701,348,353
107000169,1457,955,502
107000170,1110,607,503
107000171,432,2865,-2433
107000172,674,829,-155
107000173,580,1547,-967
107000174,585,3035,-2450
107000175,11195,1924,9271
107000176,1,0,1
107000177,1,1,0
107000178,3,77,-74
107000179,243,3674,-3431
107000180,682,438,244
107000181,332,1880,-1548
107000182,1271,1088,183
107000183,101,1062,-961
107000184,751,872,-121
107000185,383,1339,-956
107000186,785,361,424
107000187,964,1668,-704
107000188,486,643,-157
107000189,294,1338,-1044
107000190,451,1042,-591
107000191,848,1754,-906
107000192,1311,1343,-32
107000193,399,422,-23
107000194,1287,944,343
107000197,734,247,487
107000198,276,937,-661
107000199,581,960,-379
107000200,1577,751,826
107000201,271,214,57
107000202,299,603,-304
107000203,983,408,575
107000204,1513,523,990
107000205,1998,785,1213
107000206,761,1027,-266
107000207,834,1146,-312
107000208,1170,440,730
107000209,2327,774,1553
107000210,788,575,213
107000211,11,56,-45
107000212,8,376,-368
107000213,11,37,-26
107000214,0,186,-186
107000215,360,653,-293
107000216,262,565,-303
107000217,76,147,-71
107000219,62,114,-52
107000220,122,332,-210
107000222,296,875,-579
107000224,202,35,167
107000225,200,700,-500
107000226,156,70,86
107000227,79,458,-379
107000228,67,176,-109
107000229,759,169,590
107000230,1279,597,682
107000231,1855,882,973
107000232,139,184,-45
107000233,1303,714,589
107000234,1,33,-32
107000235,43,0,43
107000236,19,458,-439
107000237,12,2,10
107000238,6,0,6
107000239,6758,717,6041
107000240,70,1364,-1294
107000243,0,86,-86
107000244,3,64,-61
107000246,2,1472,-1470
107000249,4,1362,-1358
107000251,3,258,-255
107000252,6,1405,-1399
107000255,1145,93,1052
107000257,2,697,-695
107000258,6,213,-207
107000259,4,254,-250
107000260,359,4,355
107000262,8,921,-913
107000263,166,5,161
107000266,22,7,15
107000267,84,251,-167
107000268,140,174,-34
107000269,384,26,358
107000270,1,10,-9
107000271,9,962,-953
107000272,6,168,-162
107000273,1,230,-229
107000274,1080,3,1077
107000275,694,977,-283
107000280,339,18,321
107000281,45,1460,-1415
107000282,29,1284,-1255
107000290,9,32,-23
107000291,21,10,11
107000292,8,21,-13
107000293,77,2,75
107000294,0,36,-36
107000295,29,3,26
107000296,0,30,-30
107000444,271,5,266
107000496,2,40,-38
107000497,1360,3627,-2267
107000500,414,447,-33
107000501,66,187,-121
107000502,418,547,-129
107000505,944,923,21
107000506,0,3,-3
107000508,4,817,-813
107000509,255,820,-565
107000510,18,20,-2
107000514,35,259,-224
107000515,23,366,-343
107000516,193,220,-27
107000518,1106,794,312
107000519,5602,1246,4356
107000520,77,9,68
107000521,505,581,-76
107000522,702,1213,-511
107900001,31,185,-154
107900002,19,2,17
107900003,125,109,16
107900004,1,0,1
107900005,526,0,526
107900006,111,0,111
107900007,181,27,154
107900008,48,60,-12
107900009,148,2,146
107900010,8,2,6
107900012,224,13,211
107900013,198,70,128
107900014,13,6,7
107900015,425,5,420
107900016,398,82,316
107900017,8,1,7
107900018,63,61,2
107900019,8,92,-84
107900020,47,12,35
107900021,32,210,-178
107900023,0,0,0
107900024,1,20,-19
107900025,167,354,-187
107900026,53,192,-139
107900027,35,35,0
107900028,29,125,-96
107900030,138,15,123
107900031,44,389,-345
107900032,6,0,6
107900033,6,4,2
107900034,314,11,303
107900035,591,29,562
107900036,12,1,11
107900037,0,46,-46
107900038,135,121,14
107900039,17,155,-138
107900040,50,41,9
107900041,0,1,-1
107900043,23,277,-254
107900044,3,3,0
107900045,56,16,40
107900046,109,89,20
107900047,11,88,-77
107900048,89,3,86
107900049,357,705,-348
107900050,77,440,-363
107900051,68,140,-72
107900052,20,7,13
107900053,23,122,-99
107900055,339,171,168
107900056,68,26,42
107900057,0,0,0
107900058,28,947,-919
107900060,21,79,-58
107900061,16,5,11
107900063,60,97,-37
107900064,282,48,234
107900065,103,7,96
107900066,7,5,2
107900067,0,0,0
107900068,202,208,-6
107900069,45,1392,-1347
107900070,58,42,16
107900071,54,1092,-1038
107900072,54,287,-233
107900073,40,255,-215
107900074,1070,163,907
107900076,131,60,71
107900077,18,1,17
107900079,8,11,-3
107900080,209,170,39
107900081,13,92,-79
107900082,26,20,6
107900083,367,82,285
107900084,84,85,-1
107900086,40,106,-66
107900087,533,84,449
107900088,26,4,22
107900089,318,781,-463
107900090,587,1633,-1046
107900091,204,612,-408
107900093,69,76,-7
107900095,3555,1511,2044
107900097,23,36,-13
107900098,39,135,-96
107900100,1152,788,364
107900101,1396,199,1197
107900102,6,6,0
107900103,51,182,-131
107900104,116,2,114
107900105,0,755,-755
107900106,2,1535,-1533
107900107,953,308,645
107900108,486,99,387
107900109,619,4,615
107900110,8,135,-127
107900111,28,1287,-1259
107900112,86,280,-194
107900113,79,132,-53
107900114,117,301,-184
107900115,4,65,-61
107900116,61,362,-301
107900117,311,485,-174
107900118,90,176,-86
107900119,90,110,-20
107900120,18,5,13
107900121,0,114,-114
107900122,1,40,-39
107900123,1,14,-13
107900124,20,28,-8
107900125,31,195,-164
107900126,3,31,-28
107900127,373,195,178
107900128,89,81,8
107900129,20,92,-72
107900130,27,27,0
107900131,558,113,445
107900132,142,637,-495
107900133,0,75,-75
107900134,12,24,-12
107900135,7,169,-162
107900136,23,30,-7
107900137,122,99,23
107900138,14,36,-22
107900139,11,46,-35
107900141,47,44,3
107900142,68,1566,-1498
107900143,51,37,14
107900144,0,197,-197
107900145,9,94,-85
107900146,37,200,-163
107900147,48,22,26
107900148,133,163,-30
107900149,2322,242,2080
107900150,114,1385,-1271
107900151,6,125,-119
107900152,14,265,-251
107900153,178,242,-64
107900154,30,13,17
107900155,40,39,1
107900156,1,486,-485
107900157,68,122,-54
107900158,444,13,431
107900159,26,1402,-1376
107900160,32,168,-136
107900161,11,272,-261
107900162,0,28,-28
107900163,39,18,21
107900164,4,30,-26
107900165,25,61,-36
107900166,10,362,-352
107900167,24,5,19
107900168,13,55,-42
107900169,0,133,-133
107900171,11,2664,-2653
107900172,2,472,-470
107900173,3,270,-267
107900174,52,7,45
107900175,11,1,10
107900176,9,71,-62
107900177,0,25,-25
107900178,0,223,-223
107900179,7,201,-194
107900180,1326,351,975
107900181,249,550,-301
107900182,3,1920,-1917
107900183,23,467,-444
107900184,50,226,-176
107900185,65,3,62
107900186,12,37,-25
107900187,0,128,-128
107900188,1056,101,955
107900189,13,130,-117
107900190,125,67,58
107900191,33,154,-121
107900193,16,34,-18
107900194,169,6,163
107900195,5084,587,4497
107900196,47,61,-14
107900197,1082,225,857
107900199,2,1210,-1208
107900201,109,144,-35
107900203,27,55,-28
107900204,219,264,-45
107900206,732,94,638
107900207,0,886,-886
107900208,23,887,-864
107900209,367,101,266
107900210,106,149,-43
107900213,335,416,-81
107900214,15,224,-209
107900215,150,305,-155
107900216,116,110,6
107900217,19,64,-45
107900218,16,1661,-1645
107900219,10,141,-131
107900220,190,128,62
107900221,228,224,4
107900223,79,646,-567
107900224,179,246,-67
107900225,2,1070,-1068
107900226,87,141,-54
107900227,135,496,-361
107900228,22,129,-107
107900229,4,383,-379
107900230,11,175,-164
107900231,12,234,-222
107900232,28,244,-216
107900233,9,186,-177
107900234,88,216,-128
107900235,18,71,-53
107900236,45,96,-51
107900237,117,486,-369
107900238,24,148,-124
107900239,1700,445,1255
107900240,10,181,-171
107900241,14,89,-75
107900242,22,530,-508
107900243,3,66,-63
107900244,157,2,155
107900245,400,42,358
107900246,74,4,70
107900248,116,257,-141
107900249,426,11,415
107900250,1,635,-634
107900251,70,1580,-1510
107900252,656,7,649
107900253,129,1,128
107900254,52,211,-159
107900255,336,66,270
107900256,868,427,441
107900257,57,52,5
107900258,88,312,-224
107900259,115,1184,-1069
107900261,0,426,-426
107900262,34,220,-186
107900264,235,4,231
107900265,98,247,-149
107900267,130,18,112
107900268,54,14,40
107900269,1,2,-1
107900270,0,0,0
107900271,1,3,-2
107900272,125,10,115
107900273,23,68,-45
107900274,18,0,18
107900275,2,0,2
107900276,0,92,-92
107900277,1,251,-250
107900278,153,414,-261
107900279,147,145,2
107900280,1756,1944,-188
107900281,5328,1465,3863
107900282,115,280,-165
107900283,1806,432,1374
107900284,274,816,-542
107900285,52,202,-150
107900286,69,101,-32
107900287,81,187,-106
107900290,0,85,-85
107900291,370,23,347
107900292,74,355,-281
107900293,91,866,-775
107900295,47,189,-142
107900297,0,254,-254
107900298,919,1017,-98
107900299,5101,1834,3267
107900301,387,422,-35
107900302,64,31,33
107900303,77,410,-333
107900304,139,601,-462
107900305,187,13,174
107900306,19,8,11
107900307,31,330,-299
107900308,163,47,116
107900309,158,0,158
107900310,146,0,146
107900311,1,41,-40
107900312,77,0,77
107900313,11,114,-103
107900314,1,46,-45
107900315,1,64,-63
107900316,46,1,45
107900317,121,6,115
107900318,3,174,-171
107900319,0,311,-311
107900320,0,230,-230
107900321,86,2,84
107900322,4,189,-185
107900323,6,193,-187
107900324,151,1,150
107900325,67,0,67
107900326,191,499,-308
107900327,9,34,-25
107900328,75,0,75
107900329,100,29,71
107900330,7,688,-681
107900331,117,44,73
107900332,99,34,65
107900333,23,31,-8
107900334,2,302,-300
107900335,37,96,-59
107900336,26,37,-11
107900337,1821,599,1222
107900338,0,119,-119
107900339,6,36,-30
107900340,0,73,-73
107900341,12,0,12
107900342,93,163,-70
107900343,53,4,49
107900344,7,180,-173
107900345,147,17,130
107900346,23,1,22
107900347,22,1,21
107900348,1,1,0
107900349,42,7,35
107900350,30,339,-309
107900351,1,364,-363
107900352,5,85,-80
107900353,4,4,0
107900354,11,112,-101
108000001,2699,3866,-1167
108000002,2993,4056,-1063
108000003,3349,2453,896
108000004,21043,18088,2955
108000005,6154,4466,1688
108000006,8815,8525,290
108000007,4423,3785,638
108000008,6364,7343,-979
108000009,3308,3650,-342
108000010,4214,6103,-1889
108000011,9481,10519,-1038
108000012,20936,18655,2281
108000014,861,537,324
108000015,434,369,65
108000016,182,657,-475
108000017,698,359,339
108000018,1172,534,638
108000019,1460,822,638
108000020,1249,523,726
108000021,489,1865,-1376
108000022,511,1712,-1201
108000023,975,197,778
108000024,164,801,-637
108000025,177,259,-82
108000026,430,757,-327
108000027,537,791,-254
108000028,318,314,4
108000029,305,1213,-908
108000030,460,259,201
108000031,261,623,-362
108000032,1063,529,534
108000033,752,1521,-769
108000034,1358,478,880
108000035,979,3037,-2058
108000036,418,1993,-1575
108000037,1305,351,954
108000038,1887,431,1456
108000039,512,3756,-3244
108000040,1485,652,833
108000041,688,3519,-2831
108000042,176,244,-68
108000043,131,296,-165
108000044,296,187,109
108000045,202,857,-655
108000046,933,329,604
108000047,384,1331,-947
108000048,113,473,-360
108000049,338,272,66
108000050,155,923,-768
108000051,174,96,78
108000052,389,925,-536
108000053,218,107,111
108000054,587,1405,-818
108000055,1113,370,743
108000056,1505,1384,121
108000057,669,807,-138
108000058,2288,2710,-422
108000059,5280,2476,2804
108000060,181,652,-471
108000061,310,682,-372
108000062,500,484,16
108000063,340,665,-325
108000064,155,264,-109
108000065,745,767,-22
108000066,2078,852,1226
108000067,1733,569,1164
108000068,602,420,182
108000069,224,1245,-1021
108000070,1298,680,618
108000071,692,1956,-1264
108000072,1161,1028,133
108000073,1617,2083,-466
108000074,350,392,-42
108000075,362,934,-572
108000076,645,468,177
108000077,809,757,52
108000078,1424,1580,-156
108000079,966,1940,-974
108000080,688,610,78
108000081,390,2877,-2487
108000082,1083,2253,-1170
108000083,1740,802,938
108000084,433,1660,-1227
108000085,419,360,59
108000086,801,967,-166
108000087,94,1448,-1354
108000088,1032,273,759
108000089,475,287,188
108000091,349,859,-510
108000092,125,142,-17
108000093,155,1310,-1155
108000094,934,175,759
108000095,218,683,-465
108000096,253,259,-6
108000097,170,779,-609
108000098,914,1676,-762
108000099,777,355,422
108000100,79,544,-465
108000101,674,1184,-510
108000102,1466,2834,-1368
108000106,983,2,981
108000107,1,665,-664
108000108,361,35,326
108000109,7,967,-960
108000110,132,322,-190
108000111,163,1007,-844
108000112,63,132,-69
108000113,665,397,268
108000115,440,639,-199
108000117,791,404,387
108000118,780,1597,-817
108000119,851,728,123
108000120,110,807,-697
108000121,206,973,-767
108000122,283,405,-122
108000123,446,362,84
108000124,159,629,-470
108000125,190,523,-333
108000126,88,663,-575
108000127,240,450,-210
108000128,427,739,-312
108000129,200,1524,-1324
108000130,244,370,-126
108000131,903,391,512
108000132,2044,1764,280
108000133,681,524,157
108000134,570,728,-158
108000135,876,401,475
108000136,1191,1188,3
108000137,238,514,-276
108000138,274,1360,-1086
108000139,233,498,-265
108000140,50,34,16
108000141,36,235,-199
108000142,42,239,-197
108000143,28,1070,-1042
108000144,232,101,131
108000145,30,107,-77
108000146,304,73,231
108000147,18,128,-110
108000148,398,82,316
108000149,29,78,-49
108000150,21,4,17
108000151,156,75,81
108000152,102,776,-674
108000153,225,151,74
108000154,113,53,60
108000155,37,25,12
108000156,1020,682,338
108000157,115,583,-468
108000158,151,498,-347
108000159,1146,196,950
108000160,7172,910,6262
108000161,5622,1501,4121
108000165,0,84,-84
108000172,3,255,-252
108000173,3399,1342,2057
108000175,312,105,207
108000178,450,390,60
108000179,272,630,-358
108000181,61,59,2
108000182,333,105,228
108000183,43,391,-348
108000184,1596,1851,-255
108000185,115,581,-466
108000186,210,823,-613
108000187,70,937,-867
108000188,267,274,-7
108000189,3681,4890,-1209
108000190,31,128,-97
108000192,117,682,-565
108000193,720,35,685
108000194,39,30,9
108000195,2,1907,-1905
108000196,130,189,-59
108000198,800,432,368
108000199,1,147,-146
108000200,129,936,-807
108000203,61,1022,-961
108000204,82,19,63
108000205,346,645,-299
108000339,1645,308,1337
108000364,329,815,-486
108000365,68,494,-426
108000367,195,389,-194
108000368,9,67,-58
108000369,2273,176,2097
108000371,5,778,-773
108000372,382,9,373
108000373,144,146,-2
108000376,54,22,32
108000377,309,464,-155
108000378,9809,9956,-147
108000379,19,203,-184
108000381,48,11,37
108000382,233,4,229
108000383,1,156,-155
108900001,90,1433,-1343
108900002,300,86,214
108900003,438,1539,-1101
108900004,210,227,-17
108900007,152,168,-16
108900008,46,139,-93
108900009,48,115,-67
108900010,132,154,-22
108900011,249,430,-181
108900012,324,599,-275
108900013,97,256,-159
108900014,4,104,-100
108900015,2,17,-15
108900016,2,228,-226
108900017,149,230,-81
108900018,64,652,-588
108900019,21,1416,-1395
108900020,55,317,-262
108900021,82,356,-274
108900022,68,0,68
108900023,37,22,15
108900024,13,144,-131
108900025,43,136,-93
108900026,5,103,-98
108900027,0,58,-58
108900028,58,446,-388
108900029,60,242,-182
108900030,0,129,-129
108900031,52,641,-589
108900032,7,340,-333
108900033,0,90,-90
108900034,0,357,-357
108900035,256,1652,-1396
108900038,3,484,-481
108900039,1,821,-820
108900040,6,163,-157
108900041,6289,2626,3663
108900042,16,347,-331
108900043,29,462,-433
108900044,5,873,-868
108900045,21,760,-739
108900046,92,1338,-1246
108900047,12,138,-126
108900048,75,1276,-1201
108900049,7127,799,6328
108900050,2,344,-342
108900051,1,334,-333
108900052,27,308,-281
108900053,161,146,15
108900054,51,289,-238
108900055,60,465,-405
108900056,0,219,-219
108900057,0,181,-181
108900058,31,466,-435
108900059,268,15,253
108900060,101,193,-92
108900061,50,30,20
108900062,6,391,-385
108900063,8,470,-462
108900064,90,46,44
108900065,5,449,-444
108900066,259,130,129
108900067,10,289,-279
108900068,11,337,-326
108900069,23,144,-121
108900070,27,202,-175
108900071,53,60,-7
108900072,2981,287,2694
108900073,31,671,-640
108900074,61,621,-560
108900075,48,73,-25
108900076,125,101,24
108900077,114,642,-528
108900078,15,180,-165
108900079,908,344,564
108900080,19,519,-500
108900081,51,341,-290
108900082,30,121,-91
108900083,19,143,-124
108900085,2903,170,2733
108900086,51,456,-405
108900087,115,224,-109
108900088,870,304,566
108900089,12,101,-89
108900090,21,485,-464
108900091,140,138,2
108900092,308,327,-19
108900093,50,53,-3
108900094,208,119,89
108900095,55,810,-755
108900096,512,18,494
108900097,537,255,282
108900098,4078,368,3710
108900099,270,354,-84
108900100,43,221,-178
108900101,179,74,105
108900102,122,593,-471
108900103,68,65,3
108900105,4,731,-727
108900106,243,560,-317
108900108,254,31,223
108900109,266,30,236
108900110,134,510,-376
108900111,220,777,-557
108900113,46,39,7
108900114,46,6,40
108900115,44,64,-20
108900116,28,6,22
108900117,79,20,59
108900118,389,7,382
108900119,101,44,57
108900120,173,137,36
108900121,208,44,164
108900122,54,48,6
108900123,42,92,-50
108900124,275,133,142
108900125,149,1,148
108900126,90,15,75
108900127,81,24,57
108900128,47,36,11
108900129,588,91,497
108900130,112,0,112
108900131,272,9,263
108900132,247,98,149
108900133,112,24,88
108900134,198,319,-121
108900135,81,6,75
108900136,2,0,2
108900137,69,0,69
108900138,435,18,417
108900140,155,218,-63
108900141,166,12,154
108900142,27,3,24
108900143,12,0,12
108900144,41,1,40
108900145,75,12,63
108900146,13,0,13
108900147,85,0,85
108900148,49,17,32
108900150,143,10,133
108900151,59,2,57
108900152,48,3,45
108900153,91,636,-545
108900154,3825,535,3290
108900156,48,11,37
108900157,14,773,-759
108900158,169,26,143
108900159,1,350,-349
108900160,8,297,-289
108900161,5,565,-560
108900162,50,0,50
108900163,2,192,-190
108900164,27,83,-56
108900168,11835,1836,9999
108900169,24,157,-133
108900171,11376,2240,9136
108900172,196,35,161
108900173,166,486,-320
108900174,476,543,-67
108900176,110,748,-638
108900177,11096,3268,7828
108900178,6901,2341,4560
108900180,163,224,-61
108900183,225,181,44
108900184,432,136,296
108900185,45,344,-299
108900186,32,315,-283
108900189,332,138,194
108900190,58,3868,-3810
108900192,75,231,-156
108900195,79,392,-313
108900196,10,665,-655
108900199,200,318,-118
108900200,551,352,199
108900201,377,1608,-1231
108900203,436,46,390
108900204,244,15,229
108900205,143,18,125
108900206,245,35,210
108900207,127,43,84
108900208,17,434,-417
108900209,265,742,-477
108900210,122,259,-137
108900211,188,301,-113
108900212,999,758,241
108900215,120,818,-698
108900216,475,100,375
108900217,50,0,50
108900218,95,5,90
108900221,42,85,-43
108900224,14,93,-79
108900225,0,165,-165
108900227,145,150,-5
108900230,524,436,88
108900232,2,427,-425
108900233,285,43,242
108900234,153,85,68
108900235,233,790,-557
108900236,17,393,-376
108900240,78,75,3
108900241,8,13,-5
108900245,6,732,-726
108900250,53,52,1
108900258,8,323,-315
108900259,18,88,-70
108900260,7,121,-114
108900261,256,211,45
108900262,248,157,91
108900263,38,285,-247
108900264,600,310,290
108900265,1862,300,1562
108900266,1917,354,1563
108900267,2,71,-69
108900268,33,5,28
108900269,54,7,47
108900270,29,8,21
108900271,23,6,17
108900272,108,3,105
108900273,1128,570,558
108900274,18,85,-67
109000001,4882,1491,3391
109000002,3398,1827,1571
109000003,2458,764,1694
109000004,539,3672,-3133
109000005,2778,1009,1769
109000006,1014,3114,-2100
109000007,1275,963,312
109000008,557,2540,-1983
109000009,3352,1680,1672
109000010,1671,5346,-3675
109000011,2692,2107,585
109000012,2545,5406,-2861
109000013,2481,2765,-284
109000014,1722,5147,-3425
109000015,5367,7191,-1824
109000016,13954,5515,8439
109000017,1832,1618,214
109000018,1303,4556,-3253
109000019,3805,1597,2208
109000020,1735,2779,-1044
109000023,239,29,210
109000024,4,183,-179
109000025,441,601,-160
109000026,1160,392,768
109000027,80,343,-263
109000028,138,121,17
109000029,124,188,-64
109000030,61,636,-575
109000031,225,111,114
109000032,239,475,-236
109000033,469,133,336
109000034,52,39,13
109000035,12,74,-62
109000036,76,407,-331
109000037,195,1016,-821
109000038,633,405,228
109000039,725,436,289
109000040,4617,3193,1424
109000041,6273,1446,4827
109000042,1399,1207,192
109000044,494,207,287
109000045,256,520,-264
109000046,266,92,174
109000047,106,529,-423
109000048,1460,498,962
109000049,608,461,147
109000050,491,681,-190
109000051,299,349,-50
109000052,426,2236,-1810
109000053,848,348,500
109000054,135,988,-853
109000055,221,221,0
109000056,197,703,-506
109000057,437,276,161
109000058,1451,574,877
109000059,784,923,-139
109000060,924,226,698
109000061,1942,686,1256
109000062,123,209,-86
109000063,181,288,-107
109000064,87,185,-98
109000065,64,479,-415
109000066,242,142,100
109000067,20,479,-459
109000068,864,10,854
109000069,608,25,583
109000070,13,1044,-1031
109000071,357,91,266
109000072,135,602,-467
109000073,43,112,-69
109000074,44,320,-276
109000075,66,401,-335
109000076,172,212,-40
109000077,529,384,145
109000078,68,175,-107
109000079,87,202,-115
109000080,160,183,-23
109000081,56,674,-618
109000082,526,339,187
109000083,329,1057,-728
109000088,111,602,-491
109000089,154,29,125
109000090,200,555,-355
109000091,180,115,65
109000092,353,652,-299
109000093,157,108,49
109000094,272,4,268
109000095,129,720,-591
109000096,382,271,111
109000097,70,196,-126
109000098,94,86,8
109000099,514,402,112
109000100,145,584,-439
109000101,1112,991,121
109000102,232,848,-616
109000103,499,848,-349
109000104,902,762,140
109000105,432,1715,-1283
109000106,1356,755,601
109000107,477,2264,-1787
109000108,1468,589,879
109000109,367,2424,-2057
109000110,1440,502,938
109000111,1257,2714,-1457
109000112,389,159,230
109000113,355,217,138
109000114,181,383,-202
109000115,1596,138,1458
109000116,11,634,-623
109000117,101,133,-32
109000118,11,392,-381
109000119,597,667,-70
109000120,118,1345,-1227
109000121,326,225,101
109000122,103,1314,-1211
109000123,40,353,-313
109000124,461,446,15
109000125,417,492,-75
109000126,321,1068,-747
109000127,768,391,377
109000128,452,2758,-2306
109000129,1204,535,669
109000130,991,4705,-3714
109000131,1309,660,649
109000132,1228,4269,-3041
109000133,396,1442,-1046
109000134,794,1911,-1117
109000135,1253,1578,-325
109000136,329,452,-123
109000137,356,385,-29
109000138,539,487,52
109000139,317,559,-242
109000140,224,1129,-905
109000141,436,597,-161
109000142,102,648,-546
109000143,71,134,-63
109000145,85,301,-216
109000146,107,113,-6
109000148,5059,906,4153
109000149,20,47,-27
109000150,283,188,95
109000155,416,689,-273
109000156,1739,983,756
109000158,89,262,-173
109000159,114,804,-690
109000160,787,280,507
109000161,271,1725,-1454
109000162,1667,993,674
109000163,815,2468,-1653
109000164,1073,3514,-2441
109000165,885,712,173
109000166,501,175,326
109000167,82,1317,-1235
109000170,31,53,-22
109000171,57,48,9
109000172,70,72,-2
109000173,46,83,-37
109000174,52,45,7
109000175,114,643,-529
109000176,316,329,-13
109000177,26,122,-96
109000178,469,674,-205
109000179,9725,3138,6587
109000180,5749,3020,2729
109000181,12,47,-35
109000182,44,41,3
109000183,28,37,-9
109000184,12,16,-4
109000185,20,75,-55
109000188,242,3215,-2973
109000189,1244,969,275
109000190,385,560,-175
109000191,288,659,-371
109000192,223,254,-31
109000193,120,510,-390
109000194,121,102,19
109000195,49,589,-540
109000196,262,145,117
109000197,155,619,-464
109000198,184,60,124
109000199,102,676,-574
109000206,250,47,203
109000207,79,32,47
109000208,95,59,36
109000209,87,159,-72
109000210,159,630,-471
109000211,323,474,-151
109000214,367,1487,-1120
109000215,157,94,63
109000216,348,151,197
109000217,116,71,45
109000218,207,149,58
109000221,423,1368,-945
109000222,772,202,570
109000223,186,251,-65
109000224,20,304,-284
109000225,52,85,-33
109000226,34,423,-389
109000227,657,1520,-863
109000228,0,284,-284
109000231,2,526,-524
109000232,151,441,-290
109000236,246,932,-686
109000241,1889,2685,-796
109000242,1411,2088,-677
109000293,84,212,-128
109000361,114,303,-189
109000364,148,754,-606
109000396,7,939,-932
109000397,341,5,336
109000399,153,759,-606
109000400,66,389,-323
109000403,61,638,-577
109000406,571,17,554
109000407,193,275,-82
109000408,3,1292,-1289
109000410,750,222,528
109000411,122,57,65
109000412,1,161,-160
109900001,59,0,59
109900002,610,9,601
109900003,90,0,90
109900005,9,2,7
109900006,214,308,-94
109900007,346,1101,-755
109900008,1,25,-24
109900009,89,922,-833
109900010,376,8,368
109900011,104,24,80
109900012,196,180,16
109900013,330,144,186
109900014,225,35,190
109900015,266,99,167
109900016,70,32,38
109900017,118,72,46
109900018,88,120,-32
109900019,70,85,-15
109900020,14,13,1
109900021,5,21,-16
109900022,86,409,-323
109900023,3,5,-2
109900024,17,2,15
109900025,7,25,-18
109900027,15,8,7
109900028,3634,547,3087
109900029,3,638,-635
109900030,31,1,30
109900031,0,51,-51
109900032,2,333,-331
109900033,1,831,-830
109900034,6,0,6
109900035,7,11,-4
109900036,10,144,-134
109900037,26,680,-654
109900038,24,350,-326
109900039,5,0,5
109900040,15,797,-782
109900041,64,584,-520
109900042,17,429,-412
109900044,86,347,-261
109900045,27,28,-1
109900046,65,130,-65
109900047,349,416,-67
109900048,17,123,-106
109900049,3,35,-32
109900050,0,339,-339
109900051,0,54,-54
109900052,39,332,-293
109900053,13,595,-582
109900054,404,197,207
109900055,24,277,-253
109900056,39,153,-114
109900057,7,314,-307
109900058,1,161,-160
109900060,329,157,172
109900061,103,321,-218
109900062,0,366,-366
109900064,422,389,33
109900065,128,123,5
109900066,249,1227,-978
109900067,1,547,-546
109900068,14,1,13
109900069,0,53,-53
109900071,1,31,-30
109900072,12,148,-136
109900073,209,888,-679
109900074,17,41,-24
109900075,24,40,-16
109900076,41,558,-517
109900077,26,56,-30
109900078,100,247,-147
109900080,100,437,-337
109900081,13,120,-107
109900082,33,673,-640
109900083,16,62,-46
109900084,87,180,-93
109900085,180,1517,-1337
109900086,90,342,-252
109900087,111,297,-186
109900089,562,81,481
109900092,440,8,432
109900093,455,94,361
109900094,63,102,-39
109900095,88,272,-184
109900096,20,1,19
109900097,45,3,42
109900098,285,17,268
109900099,81,1,80
109900100,24,0,24
109900101,226,6,220
109900102,287,14,273
109900103,17,45,-28
109900104,238,1370,-1132
109900105,383,27,356
109900106,284,38,246
109900107,254,74,180
109900108,85,573,-488
109900109,16,212,-196
109900111,252,1915,-1663
109900114,621,227,394
109900115,113,92,21
109900117,476,150,326
109900121,482,168,314
109900123,8,224,-216
109900125,0,235,-235
109900126,137,262,-125
109900130,16389,1796,14593
109900131,92,146,-54
109900132,56,222,-166
109900134,74,98,-24
109900135,488,87,401
109900137,88,569,-481
109900140,190,457,-267
109900149,66,71,-5
109900150,3,59,-56
109900151,1,51,-50
109900152,0,45,-45
109900153,0,66,-66
109900154,5,0,5
109900155,41,7,34
109900157,50,290,-240
109900159,103,11,92
109900161,177,56,121
109900162,133,65,68
109900163,988,463,525
109900164,33,267,-234
109900165,105,4,101
109900166,1,198,-197
109900167,146,527,-381
109900168,182,676,-494
109900169,61,224,-163
109900170,349,764,-415
109900171,134,83,51
109900172,84,163,-79
109900173,5173,1631,3542
109900174,46,206,-160
109900175,27,47,-20
109900176,69,246,-177
109900177,31,426,-395
109900178,2,66,-64
109900179,8,20,-12
109900180,6,2,4
110000001,1101,671,430
110000002,796,604,192
110000003,873,746,127
110000004,597,581,16
110000005,758,1521,-763
110000006,837,368,469
110000007,165,235,-70
110000008,17,31,-14
110000009,53,56,-3
110000010,56,53,3
110000011,31,171,-140
110000012,958,617,341
110000013,28,449,-421
110000014,735,430,305
110000015,281,551,-270
110000016,310,1105,-795
110000017,3714,294,3420
110000018,4263,472,3791
110000019,6,168,-162
110000020,626,275,351
110000021,1199,402,797
110000022,753,142,611
110000023,8,221,-213
110000024,564,414,150
110000025,135,2,133
110000026,4,746,-742
110000027,803,385,418
110000028,771,748,23
110000029,482,1166,-684
110000030,239,398,-159
110000031,198,731,-533
110000032,666,462,204
110000033,236,60,176
110000034,272,632,-360
110000035,492,1097,-605
110000036,560,645,-85
110000037,126,762,-636
110000038,161,534,-373
110000039,600,2233,-1633
110000040,362,446,-84
110000041,244,1213,-969
110000042,99,253,-154
110000043,354,301,53
110000044,56,69,-13
110000045,392,91,301
110000046,6,16,-10
110000047,12,7,5
110000048,12,17,-5
110000049,150,4,146
110000050,22,26,-4
110000051,208,6,202
110000052,34,31,3
110000053,465,3,462
110000054,144,208,-64
110000055,373,10,363
110000056,309,41,268
110000057,377,991,-614
110000058,869,713,156
110000059,780,566,214
110000060,703,908,-205
110000061,705,864,-159
110000062,586,743,-157
110000063,30,66,-36
110000064,63,174,-111
110000065,53,74,-21
110000066,82,25,57
110000067,57,495,-438
110000068,181,737,-556
110000069,88,87,1
110000071,57,116,-59
110000073,2,22,-20
110000075,5,96,-91
110000076,257,275,-18
110000077,456,933,-477
110000078,16,45,-29
110000080,339,812,-473
110000081,46,417,-371
110000082,48,408,-360
110000083,217,756,-539
110000084,819,545,274
110000085,2468,1467,1001
110000086,985,1256,-271
110000087,1,112,-111
110000088,60,328,-268
110000089,234,283,-49
110000090,75,436,-361
110000091,2456,382,2074
110000092,33,155,-122
110000093,56,5,51
110000094,587,254,333
110000095,136,644,-508
110000096,4086,1726,2360
110000097,845,1165,-320
110000098,1752,629,1123
110000099,835,1737,-902
110000100,427,1007,-580
110000101,18,546,-528
110000102,31,71,-40
110000104,217,121,96
110000105,43,339,-296
110000106,410,299,111
110000107,507,488,19
110000108,165,42,123
110000109,261,320,-59
110000110,4103,2583,1520
110000111,8801,1880,6921
110000112,1396,629,767
110000113,715,1662,-947
110000114,119,479,-360
110000115,146,332,-186
110000116,22,51,-29
110000117,123,726,-603
110000118,235,357,-122
110000119,151,511,-360
110000120,283,245,38
110000121,163,304,-141
110000122,308,629,-321
110000123,465,279,186
110000124,2,897,-895
110000125,712,12,700
110000126,206,28,178
110000127,756,38,718
110000128,37,1512,-1475
110000129,7,844,-837
110000130,187,139,48
110000131,80,571,-491
110000132,1,733,-732
110000133,78,326,-248
110000134,36,391,-355
110000135,191,24,167
110000136,78,381,-303
110000137,496,766,-270
110000138,492,997,-505
110000139,556,1837,-1281
110000140,970,565,405
110000143,843,413,430
110000144,4598,1371,3227
110000145,1292,853,439
110000146,1737,796,941
110000147,248,697,-449
110000148,308,332,-24
110000151,1611,499,1112
110000152,1274,388,886
110000153,33,151,-118
110000154,3,12,-9
110000155,1294,2290,-996
110000156,879,1456,-577
110000157,1223,1516,-293
110000160,271,491,-220
110000161,177,597,-420
110000166,212,117,95
110000167,647,581,66
110000168,799,393,406
110000169,679,396,283
110000170,90,106,-16
110000171,468,225,243
110000172,164,1036,-872
110000173,1660,1654,6
110000174,135,1887,-1752
110000175,326,102,224
110000176,68,293,-225
110000177,170,831,-661
110000178,497,812,-315
110000179,1997,396,1601
110000180,126,437,-311
110000181,223,447,-224
110000182,355,352,3
110000183,15030,5796,9234
110000184,1624,2092,-468
110000185,813,630,183
110000186,767,711,56
110000191,384,369,15
110000192,258,2,256
110000193,375,5,370
110000194,8,1551,-1543
110000195,230,501,-271
110000196,205,606,-401
110000197,82,259,-177
110000198,108,102,6
110000199,40,120,-80
110000200,1184,584,600
110000201,455,586,-131
110000202,909,408,501
110000203,794,1010,-216
110000204,1,444,-443
110000205,45,33,12
110000206,617,1865,-1248
110000207,418,269,149
110000208,116,111,5
110000209,175,1031,-856
110000210,583,984,-401
110000211,767,1225,-458
110000212,478,1040,-562
110000213,77,84,-7
110000214,99,86,13
110000215,139,744,-605
110000216,48,877,-829
110000217,159,291,-132
110000218,135,611,-476
110000219,169,102,67
110000220,41,465,-424
110000221,156,69,87
110000222,29,354,-325
110000223,2,204,-202
110000224,134,23,111
110000225,176,607,-431
110000226,229,69,160
110000227,867,565,302
110000228,428,388,40
110000229,4,279,-275
110000230,596,759,-163
110000231,152,183,-31
110000232,143,182,-39
110000233,72,332,-260
110000234,532,424,108
110000235,1639,917,722
110000236,510,1072,-562
110000237,1633,1150,483
110000238,1023,1758,-735
110000239,1663,1233,430
110000240,1,92,-91
110000242,0,38,-38
110000243,50,208,-158
110000244,149,584,-435
110000245,30,601,-571
110000246,567,787,-220
110000247,1138,4708,-3570
110000248,2101,1893,208
110000249,58,21,37
110000250,8,275,-267
110000251,158,617,-459
110000252,135,301,-166
110000253,903,564,339
110000254,513,1504,-991
110000255,235,1427,-1192
110000256,459,254,205
110000257,803,468,335
110000258,6,567,-561
110000259,47,26,21
110000260,15,493,-478
110000263,435,94,341
110000264,173,611,-438
110000265,1066,1711,-645
110000266,1502,2080,-578
110000267,9,174,-165
110000268,259,510,-251
110000269,1,68,-67
110000270,47,2,45
110000271,2598,248,2350
110000272,922,997,-75
110000273,2664,1210,1454
110000274,175,945,-770
110000275,3761,517,3244
110000276,194,245,-51
110000277,155,492,-337
110000278,186,1081,-895
110000279,801,742,59
110000280,275,395,-120
110000281,34,184,-150
110000282,310,50,260
110000283,48,87,-39
110000284,56,54,2
110000285,1,193,-192
110000286,8,1,7
110000287,58,2,56
110000288,0,44,-44
110000289,488,1373,-885
110000290,1613,610,1003
110000291,8287,1730,6557
110000292,1187,3610,-2423
110000293,323,1155,-832
110000294,495,930,-435
110000295,79,1110,-1031
110000296,225,308,-83
110000297,2292,265,2027
110000298,314,637,-323
110000299,589,42,547
110000301,215,23,192
110000302,265,1837,-1572
110000303,379,5,374
110000304,173,372,-199
110000305,672,14,658
110000306,113,2178,-2065
110000307,990,4,986
110000308,321,11,310
110000309,4,1437,-1433
110000310,484,64,420
110000311,19,926,-907
110000312,458,47,411
110000313,2467,2498,-31
110000314,0,341,-341
110000315,3324,1824,1500
110000316,699,1314,-615
110000317,698,341,357
110000318,4,116,-112
110000319,8,12,-4
110000320,48,84,-36
110000321,16,39,-23
110000322,189,590,-401
110000323,251,251,0
110000324,5891,1071,4820
110000325,2406,2368,38
110000327,459,267,192
110000328,131,484,-353
110000333,791,592,199
110000334,627,1485,-858
110000335,580,511,69
110000336,518,1330,-812
110000337,1356,531,825
110000338,277,228,49
110000339,224,288,-64
110000340,15,231,-216
110000341,485,652,-167
110000342,387,4,383
110000343,0,9,-9
110000344,50,222,-172
110000345,75,64,11
110000346,2371,1534,837
110000347,949,772,177
110000348,17,30,-13
110000349,20,26,-6
110000350,23,6,17
110000351,619,1065,-446
110000352,378,1625,-1247
110000353,4475,821,3654
110000354,1121,2501,-1380
110000355,47,97,-50
110000356,1034,3,1031
110000357,282,12,270
110000361,9,128,-119
110000362,36,43,-7
110000363,227,133,94
110000364,130,575,-445
110000365,153,0,153
110000366,1,128,-127
110000367,250,192,58
110000368,1,86,-85
110000369,32,0,32
110000373,1,318,-317
110000374,94,2,92
110000375,261,752,-491
110000376,34,112,-78
110000377,99,559,-460
110000378,32,293,-261
110000379,4514,1133,3381
110000380,52,6,46
110000383,1,1225,-1224
110000384,2636,1031,1605
110000385,3,184,-181
110000387,45,9,36
110000388,37,300,-263
110000389,571,4,567
110000391,297,281,16
110000396,90,109,-19
110000397,87,237,-150
110000398,1,38,-37
110000399,214,22,192
110000587,67,49,18
110000589,159,171,-12
110000640,105,179,-74
110000652,44,95,-51
110000653,205,595,-390
110000654,16,40,-24
110000656,2,688,-686
110000674,29,5,24
110000675,7,4,3
110000676,4,34,-30
110000679,676,786,-110
110000682,116,143,-27
110000683,428,482,-54
110000684,6,49,-43
110000685,17,12,5
110000686,8,20,-12
110000687,13,3,10
110000688,81,562,-481
110000689,22,67,-45
110000692,306,277,29
110000693,384,214,170
110000694,2,189,-187
110000695,135,780,-645
110000696,227,175,52
110000698,33,469,-436
110000699,72,531,-459
110900001,231,3,228
110900002,395,297,98
110900003,369,1355,-986
110900004,156,245,-89
110900005,5448,1357,4091
110900006,25,7,18
110900007,84,23,61
110900008,12,86,-74
110900009,301,54,247
110900010,5,106,-101
110900011,11,171,-160
110900012,9,124,-115
110900013,571,158,413
110900014,110,16,94
110900015,1393,340,1053
110900016,20,241,-221
110900017,181,50,131
110900018,264,55,209
110900019,98,34,64
110900020,44,632,-588
110900021,39,708,-669
110900022,105,517,-412
110900023,54,801,-747
110900024,20,596,-576
110900025,41,70,-29
110900027,21,265,-244
110900028,23,183,-160
110900029,21,556,-535
110900030,20,348,-328
110900031,16,174,-158
110900032,0,118,-118
110900033,15,295,-280
110900035,38,499,-461
110900036,159,21,138
110900037,65,37,28
110900038,1473,180,1293
110900039,3,222,-219
110900040,179,32,147
110900041,8,208,-200
110900042,107,51,56
110900043,1,226,-225
110900044,194,19,175
110900045,51,710,-659
110900046,173,431,-258
110900047,881,143,738
110900049,33,56,-23
110900050,11,3,8
110900052,8,245,-237
110900053,76,26,50
110900054,16,297,-281
110900055,22,1,21
110900056,41,108,-67
110900057,8,316,-308
110900058,100,215,-115
110900059,604,955,-351
110900060,306,100,206
110900061,36,56,-20
110900062,107,257,-150
110900063,25,147,-122
110900064,4,0,4
110900065,455,178,277
110900066,14,93,-79
110900067,457,438,19
110900068,244,244,0
110900069,4,35,-31
110900070,84,50,34
110900071,216,368,-152
110900073,0,30,-30
110900074,173,133,40
110900075,200,80,120
110900077,329,449,-120
110900078,34,186,-152
110900079,3025,678,2347
110900080,54,58,-4
110900081,3,148,-145
110900082,92,399,-307
110900083,58,64,-6
110900084,55,224,-169
110900085,26,437,-411
110900086,35,151,-116
110900087,159,82,77
110900088,9,0,9
110900090,16,23,-7
110900091,2,71,-69
110900093,221,79,142
110900095,35,33,2
110900097,9,27,-18
110900098,24,178,-154
110900099,39,684,-645
110900100,0,23,-23
110900102,22,25,-3
110900105,746,431,315
110900108,6,113,-107
110900111,315,120,195
110900112,372,5,367
110900113,590,62,528
110900115,22,118,-96
110900116,340,3030,-2690
110900118,216,1750,-1534
110900119,6532,392,6140
110900120,8,219,-211
110900121,42,0,42
110900122,224,141,83
110900125,175,285,-110
110900127,1044,969,75
110900128,467,318,149
110900129,292,344,-52
110900130,1380,506,874
110900131,88,27,61
110900132,150,53,97
110900133,36,366,-330
110900135,86,520,-434
110900136,208,18,190
110900139,0,0,0
110900140,0,0,0
110900141,662,130,532
110900142,43,284,-241
110900143,112,123,-11
110900144,7,899,-892
110900145,95,9,86
110900146,382,94,288
110900147,294,292,2
110900148,2,359,-357
110900149,1,65,-64
110900150,30,13,17
110900151,0,102,-102
110900152,24,451,-427
110900153,93,23,70
111000001,824,718,106
111000002,1116,1138,-22
111000003,1436,1472,-36
111000004,1180,1834,-654
111000005,1844,1621,223
111000006,1271,2356,-1085
111000007,6571,4548,2023
111000008,6800,4416,2384
111000009,442,990,-548
111000010,803,386,417
111000011,438,1079,-641
111000012,864,500,364
111000013,388,1504,-1116
111000014,1170,828,342
111000017,118,609,-491
111000018,225,351,-126
111000020,2961,2477,484
111000021,101,201,-100
111000023,65,251,-186
111000025,9407,2900,6507
111000029,36,94,-58
111000030,28,83,-55
111000031,2029,851,1178
111000032,644,258,386
111000033,324,200,124
111000034,608,252,356
111000037,3770,1853,1917
111000038,4686,3059,1627
111000039,1836,3204,-1368
111000040,1732,3717,-1985
111000041,1755,2072,-317
111000042,8663,2999,5664
111000043,2714,2376,338
111000044,1458,1083,375
111000045,1997,2054,-57
111000046,1638,1612,26
111000047,2539,3646,-1107
111000049,452,573,-121
111000050,2450,2150,300
111000051,391,1427,-1036
111000052,595,1868,-1273
111000053,382,1341,-959
111000054,260,1541,-1281
111000055,1211,2468,-1257
111000056,114,770,-656
111000057,70,918,-848
111000058,269,153,116
111000059,229,365,-136
111000060,2974,824,2150
111000061,442,327,115
111000062,717,236,481
111000063,1558,961,597
111000064,449,644,-195
111000065,947,937,10
111000066,451,322,129
111000067,542,790,-248
111000068,377,914,-537
111000069,1883,2030,-147
111000070,3106,1503,1603
111000071,262,1091,-829
111000072,838,454,384
111000073,283,848,-565
111000074,1425,1773,-348
111000075,738,1072,-334
111000076,335,1035,-700
111000077,1346,1815,-469
111000078,2340,1291,1049
111000079,1505,852,653
111000080,402,783,-381
111000081,2707,3953,-1246
111000082,549,778,-229
111000084,522,611,-89
111000085,1188,1769,-581
111000086,4725,1556,3169
111000087,667,998,-331
111000088,9537,2010,7527
111000089,530,821,-291
111000090,1017,1399,-382
111000091,562,704,-142
111000092,1091,1154,-63
111000093,519,811,-292
111000094,1871,884,987
111000095,503,2010,-1507
111000096,2628,6335,-3707
111000097,7773,1219,6554
111000098,693,1719,-1026
111000099,446,3189,-2743
111000100,313,2843,-2530
111000101,486,879,-393
111000102,95,1029,-934
111000104,381,272,109
111000107,77,1073,-996
111000109,301,280,21
111000110,1046,602,444
111000111,1395,524,871
111000112,1305,411,894
111000113,760,807,-47
111000114,2281,2045,236
111000115,9001,1211,7790
111000116,824,1063,-239
111000117,539,921,-382
111000118,1558,1223,335
111000119,788,2118,-1330
111000120,353,609,-256
111000121,161,655,-494
111000122,626,1342,-716
111000123,794,4037,-3243
111000124,446,4343,-3897
111000125,230,2365,-2135
111000126,93,1134,-1041
111000127,617,179,438
111000128,1128,376,752
111000129,2108,443,1665
111000130,1314,766,548
111000131,1080,523,557
111000132,809,457,352
111000133,117,164,-47
111000134,107,121,-14
111000135,47,134,-87
111000136,284,421,-137
111000138,3,21,-18
111000140,2,5,-3
111000141,127,297,-170
111000142,8,143,-135
111000143,5,68,-63
111000144,9,144,-135
111000145,830,2,828
111000146,43,3,40
111000147,167,24,143
111000148,164,72,92
111000149,3,19,-16
111000150,7,21,-14
111000151,3,26,-23
111000153,596,703,-107
111000154,1119,222,897
111000155,133,181,-48
111000156,602,516,86
111000157,189,762,-573
111000158,1084,795,289
111000159,3509,781,2728
111000160,191,514,-323
111000161,7,334,-327
111000162,3,196,-193
111000163,392,873,-481
111000164,1057,3069,-2012
111000165,1645,493,1152
111000166,1605,395,1210
111000167,183,613,-430
111000168,263,547,-284
111000169,351,738,-387
111000170,535,521,14
111000171,456,1145,-689
111000172,102,979,-877
111000173,282,1950,-1668
111000174,108,956,-848
111000175,45,336,-291
111000176,166,183,-17
111000177,133,346,-213
111000178,905,376,529
111000179,131,246,-115
111000180,183,393,-210
111000181,549,325,224
111000182,93,280,-187
111000183,200,447,-247
111000184,236,286,-50
111000185,328,567,-239
111000186,246,352,-106
111000187,93,313,-220
111000188,110,590,-480
111000189,2116,678,1438
111000190,158,576,-418
111000191,136,549,-413
111000192,222,825,-603
111000193,632,507,125
111000194,46,572,-526
111000195,93,525,-432
111000196,47,413,-366
111000197,214,215,-1
111000198,280,130,150
111000199,103,182,-79
111000200,221,361,-140
111000201,351,237,114
111000202,175,213,-38
111000203,236,207,29
111000204,448,603,-155
111000213,220,551,-331
111000214,1292,2722,-1430
111000215,884,2013,-1129
111000217,1031,974,57
111000218,797,1102,-305
111000219,525,356,169
111000220,3675,551,3124
111000221,1713,193,1520
111000224,190,779,-589
111000225,276,296,-20
111000226,269,5,264
111000227,61,2,59
111000228,9,204,-195
111000229,33,414,-381
111000230,265,762,-497
111000231,599,1675,-1076
111000232,268,957,-689
111000233,304,881,-577
111000234,82,243,-161
111000239,136,273,-137
111000240,26,146,-120
111000241,16,576,-560
111000242,94,105,-11
111000243,93,1104,-1011
111000244,213,134,79
111000245,583,719,-136
111000246,230,718,-488
111000247,135,1181,-1046
111000248,413,631,-218
111000249,414,958,-544
111000250,35,163,-128
111000251,34,155,-121
111000253,13,17,-4
111000255,15,3,12
111000257,25,14,11
111000260,68,1121,-1053
111000261,660,86,574
111000271,65,509,-444
111000273,10129,2109,8020
111000274,1186,2054,-868
111000275,97,104,-7
111000276,282,2573,-2291
111000277,187,543,-356
111000278,505,196,309
111000291,606,5031,-4425
111000298,378,322,56
111000299,716,148,568
111000300,106,749,-643
111000302,169,111,58
111000303,106,289,-183
111000312,48,69,-21
111000315,63,543,-480
111000320,302,791,-489
111000321,249,52,197
111000322,245,576,-331
111000323,113,15,98
111000324,325,337,-12
111000325,25,78,-53
111000326,118,402,-284
111000327,348,784,-436
111000328,194,492,-298
111000329,0,28,-28
111000330,20,17,3
111000331,22,12,10
111000332,339,1599,-1260
111000334,443,2236,-1793
111000335,434,129,305
111000337,521,386,135
111000338,31,156,-125
111000339,253,650,-397
111000340,81,1030,-949
111000341,763,365,398
111000342,145,253,-108
111000344,870,909,-39
111000345,145,51,94
111000346,13,109,-96
111000347,106,2,104
111000350,158,145,13
111000351,50,244,-194
111000352,149,145,4
111000353,79,268,-189
111000354,306,169,137
111000355,234,724,-490
111000358,83,2342,-2259
111000360,95,1203,-1108
111000361,38,609,-571
111000546,371,848,-477
111000547,194,1081,-887
111000548,98,225,-127
111000549,170,658,-488
111000550,97,437,-340
111000551,592,235,357
111000552,696,86,610
111000907,593,29,564
111000908,23,3,20
111000916,908,269,639
111000917,39,403,-364
111000918,95,1542,-1447
111000920,240,17,223
111000921,3,551,-548
111000922,235,325,-90
111000924,37,1333,-1296
111000925,1653,2315,-662
111000926,883,3852,-2969
111000927,2465,4705,-2240
111000928,6502,4645,1857
111000929,769,1122,-353
111000930,810,3030,-2220
111000931,1623,1919,-296
111000932,4326,2887,1439
111000933,3321,1819,1502
111000934,2683,3235,-552
111000935,1086,1081,5
111000936,1131,2773,-1642
111000937,805,1344,-539
111000938,2500,3151,-651
111000939,238,33,205
111000940,230,231,-1
111000941,149,917,-768
111000943,260,321,-61
111000944,112,809,-697
111000945,48,2935,-2887
111001109,574,223,351
111001110,240,753,-513
111001111,25,7,18
111001112,271,2,269
111001113,7,167,-160
111001114,1551,77,1474
111001115,176,304,-128
111001116,6701,2873,3828
111001117,807,1164,-357
111001120,93,531,-438
111001121,186,420,-234
111001122,192,922,-730
111001123,103,311,-208
111001124,138,381,-243
111001125,2,28,-26
111001126,4,0,4
111001127,1,235,-234
111001128,445,790,-345
111900001,3,327,-324
111900002,5,1120,-1115
111900003,2,481,-479
111900004,22,191,-169
111900006,4,8,-4
111900007,31,1,30
111900008,58,0,58
111900009,43,0,43
111900010,223,627,-404
111900012,72,155,-83
111900013,2,21,-19
111900014,8868,2093,6775
111900015,0,92,-92
111900016,0,172,-172
111900017,1,144,-143
111900018,107,4,103
111900019,11,70,-59
111900020,4,37,-33
111900021,32,86,-54
111900022,22,51,-29
111900023,109,69,40
111900024,96,297,-201
111900025,0,66,-66
111900026,0,129,-129
111900027,7,178,-171
111900028,10,506,-496
111900029,1,107,-106
111900030,72,461,-389
111900032,0,458,-458
111900033,0,94,-94
111900034,335,1022,-687
111900035,21,329,-308
111900036,2,508,-506
111900038,309,869,-560
111900039,40,497,-457
111900040,4,764,-760
111900042,23,126,-103
111900043,2,562,-560
111900044,280,424,-144
111900046,57,297,-240
111900048,104,1172,-1068
111900049,34,293,-259
111900050,65,11,54
111900051,3,370,-367
111900052,441,541,-100
111900053,1746,564,1182
111900054,79,1,78
111900055,12,816,-804
111900056,351,169,182
111900057,27,147,-120
111900058,175,797,-622
111900059,4462,418,4044
111900060,194,1,193
111900061,19,443,-424
111900062,13,34,-21
111900063,82,284,-202
111900064,173,518,-345
111900065,75,20,55
111900066,60,126,-66
111900067,0,481,-481
111900068,26,62,-36
111900069,23,28,-5
111900070,114,121,-7
111900071,0,360,-360
111900072,34,15,19
111900073,362,74,288
111900074,14,267,-253
111900075,32,4,28
111900076,103,35,68
111900077,17,1,16
111900078,96,11,85
111900079,16,14,2
111900080,290,179,111
111900082,99,9,90
111900083,53,10,43
111900084,25,1,24
111900085,17,83,-66
111900086,16,5,11
111900087,29,0,29
111900088,251,3,248
111900089,28,1,27
111900090,34,21,13
111900091,67,1,66
111900092,41,1,40
111900093,163,4,159
111900094,51,0,51
111900095,85,16,69
111900096,64,1,63
111900097,13,0,13
111900098,92,0,92
111900099,34,0,34
111900100,56,1,55
111900101,78,16,62
111900102,167,924,-757
111900103,63,63,0
111900104,139,77,62
111900105,237,154,83
111900106,1648,48,1600
111900110,3438,321,3117
111900111,29,17,12
111900112,1066,1230,-164
111900113,372,51,321
111900118,232,41,191
111900119,205,74,131
111900122,36,24,12
111900123,8,25,-17
111900124,20,90,-70
111900125,231,8,223
111900126,137,1,136
111900127,3,849,-846
111900128,0,683,-683
111900129,112,1,111
111900130,90,8,82
111900131,197,0,197
111900132,25,1725,-1700
111900133,18,506,-488
111900134,22,333,-311
111900135,5,12,-7
111900136,64,103,-39
111900137,59,56,3
111900138,20,77,-57
111900139,9,135,-126
111900140,47,15,32
111900141,58,10,48
111900142,45,20,25
111900143,34,123,-89
111900144,1,168,-167
111900145,4,646,-642
111900146,4,408,-404
111900147,204,633,-429
111900148,21,1210,-1189
111900149,5,484,-479
111900150,7,192,-185
111900151,1,31,-30
111900152,76,63,13
111900153,2040,285,1755
111900154,5,132,-127
111900155,57,47,10
111900156,14,32,-18
111900157,50,11,39
111900158,276,17,259
111900159,110,8,102
111900160,119,0,119
111900161,50,3,47
111900162,96,138,-42
111900163,35,325,-290
111900164,67,34,33
111901113,137,374,-237
111901114,42,443,-401
111901115,20,0,20
111901116,24,1,23
111901117,4,14,-10
111901118,174,47,127
111901119,1751,132,1619
111901121,235,589,-354
111901122,2,857,-855
111901123,59,488,-429
111901124,58,2,56
111901125,165,364,-199
111901127,1222,140,1082
111901128,12,118,-106
111901129,5,233,-228
111901130,12,391,-379
111901131,17,270,-253
111901132,226,8,218
111901133,20,4,16
111901134,56,1,55
111901135,8,4,4
111901138,98,49,49
111901139,12,80,-68
111901140,0,186,-186
111901141,3,407,-404
111901142,0,253,-253
111901143,1,149,-148
111901144,44,30,14
111901145,266,230,36
111901146,478,27,451
111901147,1980,244,1736
111901148,34,31,3
111901149,30,1,29
111901150,109,1,108
111901151,0,0,0
111901152,7,67,-60
112000001,1518,1229,289
112000002,991,2715,-1724
112000003,556,1279,-723
112000004,636,1726,-1090
112000005,2046,2207,-161
112000006,2188,2243,-55
112000007,1552,1368,184
112000008,2399,4438,-2039
112000009,4617,4730,-113
112000010,2548,2815,-267
112000011,2261,2750,-489
112000012,4447,1812,2635
112000013,5701,2746,2955
112000014,2847,586,2261
112000015,3343,2073,1270
112000016,6008,848,5160
112000017,2947,1059,1888
112000024,3053,755,2298
112000026,5264,6315,-1051
112000027,877,482,395
112000028,2882,1898,984
112000029,324,652,-328
112000030,219,129,90
112000031,1471,2813,-1342
112000032,372,49,323
112000033,2129,865,1264
112000034,299,21,278
112000035,118,188,-70
112000036,1152,546,606
112000037,942,824,118
112000038,856,819,37
112000039,36,86,-50
112000040,117,274,-157
112000041,629,475,154
112000042,1606,340,1266
112000050,963,1660,-697
112000051,771,1064,-293
112000054,2090,2766,-676
112000057,507,362,145
112000058,329,431,-102
112000059,394,702,-308
112000061,5119,1590,3529
112000062,1925,615,1310
112000063,1935,1483,452
112000064,5311,6956,-1645
112000065,2653,3005,-352
112000066,3149,1205,1944
112000067,921,739,182
112000068,2778,1647,1131
112000069,812,2085,-1273
112000070,1601,788,813
112000071,789,3277,-2488
112000072,1237,1041,196
112000073,2504,1963,541
112000074,2416,1186,1230
112000075,1386,1421,-35
112000076,3354,3321,33
112000077,404,786,-382
112000078,1232,751,481
112000079,1085,1515,-430
112000080,491,992,-501
112000081,1620,2164,-544
112000082,1325,694,631
112000083,549,1687,-1138
112000084,949,738,211
112000085,1089,1629,-540
112000086,1553,1804,-251
112000087,220,1133,-913
112000088,322,797,-475
112000089,233,278,-45
112000090,235,402,-167
112000091,661,1331,-670
112000092,1212,1152,60
112000093,1705,1271,434
112000094,420,968,-548
112000095,680,873,-193
112000096,287,865,-578
112000097,765,511,254
112000098,866,1770,-904
112000099,555,778,-223
112000100,1012,1095,-83
112000101,498,1085,-587
112000102,558,865,-307
112000103,444,1414,-970
112000105,683,2930,-2247
112000106,1072,726,346
112000107,44,218,-174
112000108,236,2356,-2120
112000109,120,163,-43
112000110,1224,723,501
112000111,1290,3819,-2529
112000112,1944,682,1262
112000113,872,2085,-1213
112000114,1557,1229,328
112000115,294,762,-468
112000116,283,1242,-959
112000117,1197,1491,-294
112000118,1125,1022,103
112000119,543,1109,-566
112000120,88,457,-369
112000121,55,742,-687
112000122,190,173,17
112000123,452,185,267
112000124,207,71,136
112000125,262,178,84
112000126,93,1034,-941
112000127,1792,1453,339
112000128,902,624,278
112000129,75,147,-72
112000130,101,62,39
112000131,40,708,-668
112000132,121,323,-202
112000133,270,482,-212
112000134,363,392,-29
112000135,588,753,-165
112000136,1066,1319,-253
112000137,979,1731,-752
112000138,1258,1216,42
112000139,937,266,671
112000140,1054,1253,-199
112000141,636,290,346
112000142,209,1157,-948
112000143,794,296,498
112000144,352,2304,-1952
112000145,1633,706,927
112000146,690,3036,-2346
112000147,1644,1872,-228
112000148,1785,2955,-1170
112000149,199,1210,-1011
112000150,132,767,-635
112000151,495,829,-334
112000152,217,505,-288
112000153,319,439,-120
112000154,73,128,-55
112000155,296,73,223
112000157,1258,516,742
112000158,234,1184,-950
112000159,366,410,-44
112000167,330,35,295
112000169,887,441,446
112000173,254,151,103
112000175,280,534,-254
112000176,3776,1605,2171
112000177,452,96,356
112000178,83,540,-457
112000179,130,173,-43
112000180,269,313,-44
112000181,1320,2117,-797
112000182,542,2104,-1562
112000183,48,65,-17
112000184,279,912,-633
112000185,295,727,-432
112000187,2782,2012,770
112000195,125,4,121
112000196,29,1,28
112000197,23,44,-21
112000198,22,356,-334
112000199,1651,1049,602
112000202,200,2,198
112000216,49,219,-170
112000230,78,2,76
112000231,3,310,-307
112000256,51,163,-112
112000313,173,116,57
112000314,40,8,32
112000337,159,552,-393
112000352,327,262,65
112000392,2048,1239,809
112000398,897,855,42
112000399,10172,2811,7361
112000400,1797,5261,-3464
112000401,2888,3412,-524
112000402,1829,2157,-328
112000403,4706,2627,2079
112000404,468,648,-180
112000405,1374,2726,-1352
112000406,3982,4231,-249
112000407,4344,6500,-2156
112000408,9202,9089,113
112000409,1801,6770,-4969
112000410,279,114,165
112000411,7312,927,6385
112000412,1389,444,945
112000413,13186,3399,9787
112000414,73,163,-90
112000415,85,61,24
112000416,1575,1562,13
112000417,197,57,140
112000421,27,210,-183
112000422,261,945,-684
112000424,4406,2591,1815
112000425,425,2132,-1707
112000426,123,337,-214
112000427,0,11,-11
112000428,109,623,-514
112000429,2595,3945,-1350
112000430,3863,3931,-68
112000431,83,118,-35
112000432,574,3073,-2499
112000433,465,683,-218
112000437,39,254,-215
112900001,56,2,54
112900002,147,1414,-1267
112900003,25,454,-429
112900004,9,355,-346
112900005,99,270,-171
112900007,19,170,-151
112900008,0,8,-8
112900009,287,78,209
112900010,193,856,-663
112900011,585,398,187
112900012,0,56,-56
112900013,1,163,-162
112900014,4,291,-287
112900015,297,1095,-798
112900016,1,285,-284
112900017,22,304,-282
112900018,111,1133,-1022
112900019,62,234,-172
112900020,423,1698,-1275
112900021,3,414,-411
112900022,4,102,-98
112900023,1,335,-334
112900024,22,325,-303
112900025,98,429,-331
112900026,3,436,-433
112900027,7,1622,-1615
112900028,12,180,-168
112900029,6,1069,-1063
112900030,282,233,49
112900031,5,639,-634
112900032,108,397,-289
112900034,1,89,-88
112900035,8,701,-693
112900036,26,219,-193
112900037,257,128,129
112900038,268,124,144
112900039,16,427,-411
112900040,3,342,-339
112900041,1930,931,999
112900042,28,611,-583
112900043,13,39,-26
112900044,922,401,521
112900045,513,386,127
112900046,263,90,173
112900047,23,22,1
112900049,86,34,52
112900050,104,640,-536
112900051,256,948,-692
112900052,15,1580,-1565
112900053,518,111,407
112900054,313,28,285
112900055,110,14,96
112900056,245,151,94
112900057,24,1082,-1058
112900058,205,305,-100
112900059,230,146,84
112900060,12,357,-345
112900061,87,178,-91
112900062,73,107,-34
112900063,141,5,136
112900064,159,270,-111
112900065,42,15,27
112900066,102,96,6
112900067,711,180,531
112900068,27,36,-9
112900069,3273,431,2842
112900071,20,0,20
112900072,581,1071,-490
112900073,243,56,187
112900074,52,134,-82
112900075,2701,649,2052
112900076,72,22,50
112900078,159,276,-117
112900079,126,17,109
112900080,35,9,26
112900081,34,144,-110
112900082,271,16,255
112900083,59,35,24
112900084,188,82,106
112900086,31,1,30
112900087,457,67,390
112900088,43,3,40
112900089,433,19,414
112900090,29,4,25
112900091,115,1,114
112900092,159,165,-6
112900093,724,15,709
112900095,21,2,19
112900096,202,74,128
112900097,33,522,-489
112900098,89,0,89
112900099,463,8,455
112900100,21,0,21
112900101,174,0,174
112900102,92,7,85
112900103,177,1,176
112900104,352,0,352
112900105,26,0,26
112900106,312,68,244
112900107,7,0,7
112900108,3,0,3
112900109,40,0,40
112900110,513,6,507
112900111,354,1,353
112900112,246,2,244
112900113,0,29,-29
112900114,51,19,32
112900115,497,1,496
112900116,30,9,21
112900117,231,152,79
112900118,28,97,-69
112900119,115,1,114
112900120,891,296,595
112900121,541,207,334
112900122,22,184,-162
112900123,113,22,91
112900124,7,167,-160
112900125,27,301,-274
112900126,153,292,-139
112900127,240,50,190
112900128,489,1014,-525
112900129,1,1124,-1123
112900130,186,51,135
112900131,38,346,-308
112900132,55,747,-692
112900133,22,1472,-1450
112900134,2,272,-270
112900135,54,36,18
112900137,24,1089,-1065
112900138,4,582,-578
112900139,200,1371,-1171
112900141,600,13,587
112900142,64,108,-44
112900143,32,753,-721
112900144,10,2037,-2027
112900145,77,519,-442
112900146,7,1842,-1835
112900147,9,2944,-2935
112900148,64,8,56
112900149,130,827,-697
112900151,12,71,-59
112900152,7114,1100,6014
112900153,2095,1264,831
112900154,1,176,-175
112900155,123,12,111
112900156,211,2188,-1977
112900157,81,142,-61
112900158,31,15,16
112900159,174,94,80
112900160,36,368,-332
112900161,81,22,59
112900162,46,16,30
112900163,153,33,120
112900164,30,132,-102
112900165,129,35,94
112900166,62,42,20
112900167,0,20,-20
112900168,2,1,1
112900169,2,4,-2
112900170,39,137,-98
112900172,67,8,59
112900173,235,111,124
112900174,200,26,174
112900175,159,104,55
112900176,26,12,14
112900177,154,23,131
112900178,660,2060,-1400
112900179,52,601,-549
112900180,1286,2338,-1052
112900181,313,16,297
112900182,40,1797,-1757
112900183,140,124,16
112900184,690,393,297
112900185,234,392,-158
112900186,1389,815,574
112900187,78,314,-236
112900188,757,361,396
112900189,2,14,-12
112900190,54,40,14
112900192,368,419,-51
112900193,897,308,589
112900194,103,139,-36
112900195,1156,35,1121
112900196,259,720,-461
112900197,147,448,-301
112900199,185,423,-238
112900200,464,375,89
112900201,40,127,-87
112900202,215,1215,-1000
112900203,124,449,-325
112900204,980,424,556
112900205,11,29,-18
112900206,4,59,-55
112900207,3,0,3
112900208,56,153,-97
112900209,605,515,90
112900210,0,34,-34
112900211,73,38,35
112900212,2,108,-106
112900213,28,5,23
112900214,49,7,42
112900215,9,267,-258
112900216,25,59,-34
112900217,0,103,-103
112900218,25,2,23
112900219,23,20,3
112900220,1,0,1
112900221,7,236,-229
112900222,0,34,-34
112900223,689,21,668
112900224,107,947,-840
112900225,201,647,-446
112900226,108,162,-54
112900227,126,1006,-880
112900228,22,39,-17
112900229,72,68,4
112900230,8435,3273,5162
112900232,128,161,-33
112900233,66,210,-144
112900234,5,136,-131
112900235,90,27,63
112900236,182,13,169
112900237,141,700,-559
112900238,8,47,-39
112900239,936,316,620
112900240,3,209,-206
112900241,12,364,-352
112900242,3,663,-660
112900243,3,442,-439
112900244,1,188,-187
112900245,3,42,-39
112900246,1,13,-12
112900247,163,31,132
112900248,26,3,23
112900249,84,7,77
112900250,59,43,16
112900251,38,13,25
112900252,37,30,7
112900253,15,7,8
112900254,10,10,0
112900255,2,44,-42
112900256,8,27,-19
112900257,22,29,-7
112900258,31,40,-9
113000001,5338,8115,-2777
113000002,3755,4075,-320
113000003,2110,3750,-1640
113000004,2392,3326,-934
113000005,2078,1535,543
113000006,1428,1984,-556
113000007,1829,1826,3
113000008,2269,2483,-214
113000009,1013,1548,-535
113000010,1012,2081,-1069
113000011,1098,1601,-503
113000012,1098,1464,-366
113000013,1069,714,355
113000014,1531,1096,435
113000015,405,116,289
113000016,393,300,93
113000017,22,253,-231
113000018,435,95,340
113000019,89,255,-166
113000020,130,13,117
113000021,4405,977,3428
113000022,800,1758,-958
113000025,59,277,-218
113000026,614,438,176
113000027,2465,402,2063
113000028,1283,318,965
113000029,594,618,-24
113000030,766,492,274
113000031,305,273,32
113000032,347,243,104
113000033,203,307,-104
113000034,369,333,36
113000035,30,27,3
113000036,20,43,-23
113000037,75,42,33
113000038,11,55,-44
113000039,52,1120,-1068
113000040,81,100,-19
113000042,1324,610,714
113000051,691,2699,-2008
113000052,3064,1653,1411
113000053,410,872,-462
113000054,291,1082,-791
113000055,1017,1270,-253
113000056,797,1829,-1032
113000058,834,663,171
113000059,1478,854,624
113000060,164,544,-380
113000061,1186,1088,98
113000062,1821,241,1580
113000063,71,465,-394
113000064,25,551,-526
113000065,142,1488,-1346
113000066,437,189,248
113000067,1274,1464,-190
113000068,399,2797,-2398
113000069,541,1868,-1327
113000070,1546,1066,480
113000071,282,925,-643
113000072,495,600,-105
113000073,723,1750,-1027
113000074,884,615,269
113000075,2556,660,1896
113000076,1783,1879,-96
113000077,1218,524,694
113000078,985,1919,-934
113000079,673,707,-34
113000080,705,632,73
113000081,687,936,-249
113000082,1210,636,574
113000083,488,1007,-519
113000084,1714,1082,632
113000085,734,791,-57
113000086,1123,1245,-122
113000087,904,894,10
113000088,3073,1270,1803
113000089,972,1532,-560
113000090,361,701,-340
113000091,724,407,317
113000094,1644,275,1369
113000095,573,1431,-858
113000096,308,1183,-875
113000097,1363,381,982
113000098,87,50,37
113000099,1678,387,1291
113000100,248,644,-396
113000101,582,797,-215
113000102,804,387,417
113000103,3473,644,2829
113000104,382,4905,-4523
113000105,761,705,56
113000106,534,661,-127
113000107,1104,1422,-318
113000108,1566,1951,-385
113000109,764,7685,-6921
113000110,1629,670,959
113000111,324,1335,-1011
113000112,373,534,-161
113000113,1474,464,1010
113000114,338,1903,-1565
113000116,705,233,472
113000117,1096,133,963
113000118,230,513,-283
113000119,250,373,-123
113000120,50,294,-244
113000121,599,1103,-504
113000124,228,150,78
113000125,47,641,-594
113000127,4551,583,3968
113000128,505,495,10
113000129,461,1496,-1035
113000133,5521,1130,4391
113000134,8,1635,-1627
113000135,3036,3361,-325
113000137,1851,2439,-588
113000139,273,111,162
113000140,128,215,-87
113000141,219,100,119
113000142,451,702,-251
113000143,170,185,-15
113000144,236,596,-360
113000145,42,157,-115
113000146,100,123,-23
113000147,154,216,-62
113000148,127,139,-12
113000149,88,123,-35
113000150,491,540,-49
113000151,110,87,23
113000152,54,175,-121
113000153,1989,469,1520
113000154,493,1512,-1019
113000155,253,404,-151
113000156,139,383,-244
113000157,306,927,-621
113000158,469,228,241
113000159,580,682,-102
113000160,618,1244,-626
113000161,154,623,-469
113000162,422,453,-31
113000163,55,76,-21
113000164,44,84,-40
113000166,125,92,33
113000167,26,206,-180
113000168,45,184,-139
113000169,57,94,-37
113000170,104,109,-5
113000171,65,78,-13
113000172,165,89,76
113000173,32,9,23
113000174,98,595,-497
113000175,250,176,74
113000176,306,221,85
113000177,204,569,-365
113000178,150,489,-339
113000179,313,194,119
113000180,993,2166,-1173
113000181,1279,1125,154
113000182,295,715,-420
113000183,224,707,-483
113000184,72,89,-17
113000189,435,679,-244
113000190,974,349,625
113000192,3388,1285,2103
113000193,7974,1138,6836
113000194,3859,919,2940
113000195,4196,561,3635
113000196,449,186,263
113000197,2804,1070,1734
113000198,42,338,-296
113000199,1176,448,728
113000201,2126,186,1940
113000202,5471,5806,-335
113000203,968,410,558
113000204,2645,1229,1416
113000205,71,17,54
113000206,6,17,-11
113000207,74,26,48
113000208,34,37,-3
113000209,19,16,3
113000210,7,27,-20
113000211,596,232,364
113000212,593,49,544
113000213,51,329,-278
113000214,188,611,-423
113000234,166,1534,-1368
113000410,119,202,-83
113000411,2482,4616,-2134
113000412,11742,2442,9300
113000413,4832,2419,2413
113000414,8174,10473,-2299
113000415,2677,3112,-435
113000416,9357,4333,5024
113000417,2860,3304,-444
113000418,3214,3078,136
113000419,1335,1763,-428
113000420,3274,3966,-692
113000421,3311,5874,-2563
113000422,15446,10141,5305
113000423,2721,3506,-785
113000424,4560,11132,-6572
113000425,16,143,-127
113000428,65,2,63
113000430,22,22,0
113000432,2156,186,1970
113000433,139,1140,-1001
113000434,47,305,-258
113000435,33,1040,-1007
113000436,72,1858,-1786
113000437,507,16,491
113000438,170,12,158
113000439,32,232,-200
113000440,81,32,49
113000441,109,479,-370
113000442,121,250,-129
113000443,101,530,-429
113000444,129,376,-247
113000445,84,292,-208
113000446,35,94,-59
113000448,570,298,272
113000449,475,1639,-1164
113000450,1383,7722,-6339
113000451,3156,284,2872
113000452,499,886,-387
113000453,186,310,-124
113000454,3682,46,3636
113000455,266,155,111
113000456,3922,2044,1878
113000468,3954,257,3697
113000469,783,156,627
113000470,896,150,746
113000471,26,919,-893
113000472,140,346,-206
113000474,307,892,-585
113000475,1617,2476,-859
113000476,1029,2122,-1093
113000477,2020,2455,-435
113000478,4145,8140,-3995
113000479,44,329,-285
113000485,0,0,0
113000486,0,0,0
113000487,0,0,0
113000488,0,0,0
113000489,0,0,0
113000490,0,0,0
113000491,1,0,1
113000492,0,0,0
113000493,0,0,0
113000495,266,294,-28
113000496,123,204,-81
113900001,4,367,-363
113900002,2,340,-338
113900003,2,371,-369
113900004,4,98,-94
113900005,8,59,-51
113900006,1,69,-68
113900007,1209,1,1208
113900008,571,6,565
113900009,1414,8,1406
113900010,641,15,626
113900011,106,4,102
113900012,22,1,21
113900013,1826,26,1800
113900014,445,3,442
113900015,7,27,-20
113900016,14,0,14
113900017,2,55,-53
113900018,467,83,384
113900019,95,57,38
113900020,59,0,59
113900022,2,0,2
113900023,30,0,30
113900024,31,110,-79
113900025,349,10,339
113900026,26,1,25
113900027,7,128,-121
113900028,17,660,-643
113900029,40,344,-304
113900030,114,5,109
113900031,3,0,3
113900032,20,0,20
113900033,65,84,-19
113900035,19,0,19
113900036,6,207,-201
113900037,67,760,-693
113900038,114,139,-25
113900039,92,4,88
113900040,3,2,1
113900041,7,2,5
113900042,58,44,14
113900043,207,145,62
113900044,188,127,61
113900045,63,0,63
113900046,245,716,-471
113900047,29,201,-172
113900048,303,54,249
113900049,1077,410,667
113900050,155,483,-328
113900051,234,487,-253
113900052,112,93,19
113900053,493,437,56
113900054,9,0,9
113900055,101,638,-537
113900056,59,218,-159
113900057,13,127,-114
113900058,42,232,-190
113900059,331,399,-68
113900060,74,170,-96
113900061,787,168,619
113900062,68,3,65
113900063,71,153,-82
113900064,22,230,-208
113900065,407,12,395
113900066,263,536,-273
113900067,53,363,-310
113900068,333,344,-11
113900069,29,36,-7
113900070,209,524,-315
113900071,54,109,-55
113900072,43,190,-147
113900073,372,448,-76
113900074,27,511,-484
113900075,1029,1008,21
113900076,87,10,77
113900077,29,220,-191
113900078,44,83,-39
113900079,0,61,-61
113900080,306,159,147
113900081,35,266,-231
113900082,144,294,-150
113900083,141,644,-503
113900084,289,106,183
113900085,36,407,-371
113900086,16,10,6
113900087,41,169,-128
113900088,42,69,-27
113900089,345,35,310
113900090,563,370,193
113900091,9,32,-23
113900092,41,98,-57
113900093,102,998,-896
113900094,225,417,-192
113900095,116,105,11
113900096,157,23,134
113900097,7,165,-158
113900098,492,74,418
113900099,0,56,-56
113900100,0,2,-2
113900101,11,36,-25
113900102,162,98,64
113900103,404,190,214
113900104,128,173,-45
113900105,43,507,-464
113900106,0,92,-92
113900107,5,39,-34
113900108,318,171,147
113900109,390,99,291
113900110,27,9,18
113900111,80,89,-9
113900112,81,55,26
113900113,671,598,73
113900114,0,170,-170
113900115,0,139,-139
113900116,125,113,12
113900117,115,25,90
113900118,261,192,69
113900119,248,282,-34
113900120,61,20,41
113900121,47,79,-32
113900122,285,1626,-1341
113900123,405,237,168
113900124,3,93,-90
113900125,1951,135,1816
113900126,120,46,74
113900127,164,521,-357
113900128,132,54,78
113900129,10,94,-84
113900130,0,15,-15
113900131,100,83,17
113900132,95,26,69
113900133,4,61,-57
113900135,424,633,-209
113900136,105,79,26
113900137,340,279,61
113900138,54,108,-54
113900139,547,78,469
113900140,272,178,94
113900141,344,745,-401
113900142,119,112,7
113900143,6,32,-26
113900144,312,147,165
113900145,484,282,202
113900146,111,50,61
113900148,159,226,-67
113900149,172,93,79
113900150,784,442,342
113900151,276,275,1
113900152,11,45,-34
113900153,295,382,-87
113900154,0,150,-150
113900155,154,88,66
113900156,264,564,-300
113900157,28,258,-230
113900158,314,199,115
113900159,18,223,-205
113900160,451,708,-257
113900161,65,276,-211
113900162,435,500,-65
113900163,212,283,-71
113900164,226,57,169
113900165,750,606,144
113900166,176,107,69
113900167,156,23,133
113900168,160,121,39
113900169,215,499,-284
113900171,90,48,42
113900172,15,229,-214
113900173,44,884,-840
113900174,426,731,-305
113900175,277,101,176
113900176,179,659,-480
113900177,377,211,166
113900178,273,104,169
113900179,17,934,-917
113900180,199,120,79
113900181,791,134,657
113900182,517,1089,-572
113900183,81,84,-3
113900184,9,612,-603
113900185,275,79,196
113900186,7,47,-40
113900187,40,114,-74
113900188,12,147,-135
113900189,267,66,201
113900190,473,107,366
113900191,125,179,-54
113900192,3270,1717,1553
113900193,17,327,-310
113900194,2533,1154,1379
113900195,408,462,-54
113900196,1,116,-115
113900197,1,441,-440
113900198,13,153,-140
113900199,117,693,-576
113900200,10,162,-152
113900201,1,319,-318
113900202,23,199,-176
113900203,14,192,-178
113900204,48,636,-588
113900205,2,112,-110
113900206,5,115,-110
113900207,0,66,-66
113900208,0,37,-37
113900209,0,62,-62
113900210,751,704,47
113900211,148,47,101
113900212,118,641,-523
113900214,394,365,29
113900215,40,149,-109
113900216,49,1486,-1437
113900217,39,390,-351
113900218,92,53,39
113900219,108,638,-530
113900220,240,124,116
113900221,340,113,227
113900222,1488,593,895
113900223,70,1210,-1140
113900224,135,64,71
113900225,638,183,455
113900226,283,122,161
113900227,249,165,84
113900228,345,352,-7
113900229,29,637,-608
113900230,5226,2471,2755
113900231,136,305,-169
113900232,61,106,-45
113900233,55,75,-20
113900234,267,646,-379
113900235,30,11,19
113900236,71,438,-367
113900237,122,8,114
113900238,197,354,-157
113900239,167,88,79
113900240,6,95,-89
113900241,107,49,58
113900242,67,158,-91
113900243,145,485,-340
113900244,480,173,307
113900245,1502,226,1276
113900246,34,9,25
113900247,170,244,-74
113900248,3751,1540,2211
113900249,1430,356,1074
113900250,33,105,-72
113900251,405,292,113
113900252,353,7,346
113900253,440,34,406
113900254,580,115,465
113900255,258,16,242
113900256,275,45,230
113900257,31,898,-867
113900258,10,687,-677
113900259,303,326,-23
113900260,89,10,79
113900261,32,130,-98
113900262,107,825,-718
113900263,191,774,-583
113900264,7,682,-675
113900265,157,333,-176
113900266,40,245,-205
113900267,186,533,-347
113900268,267,383,-116
113900269,85,177,-92
113900270,371,425,-54
113900271,564,1285,-721
113900273,47,7,40
113900274,42,13,29
113900275,20,49,-29
113900276,3,326,-323
113900277,115,2,113
113900278,251,198,53
113900279,62,115,-53
113900280,1152,544,608
113900281,551,912,-361
113900282,639,332,307
113900283,354,515,-161
113900284,556,185,371
113900285,82,10,72
113900286,15,141,-126
113900287,25,52,-27
113900288,0,98,-98
113900289,1622,87,1535
113900290,551,123,428
113900291,96,188,-92
113900292,5,8,-3
113900293,10,257,-247
113900294,413,23,390
113900295,383,262,121
113900296,1892,209,1683
113900297,1218,36,1182
113900298,9,1733,-1724
113900299,42,356,-314
113900300,3996,1710,2286
113900301,1339,330,1009
113900302,3197,979,2218
113900303,596,172,424
113900304,3,165,-162
113900305,40,0,40
113900306,12,1,11
113900307,76,0,76
113900308,63,131,-68
113900309,7,941,-934
113900310,0,36,-36
113900311,1,3,-2
113900312,93,122,-29
113900313,22,15,7
113900314,1,46,-45
113900315,36,1,35
114000001,1066,4498,-3432
114000002,172,616,-444
114000003,199,1396,-1197
114000004,303,417,-114
114000005,125,338,-213
114000006,2508,2020,488
114000007,571,1448,-877
114000008,1570,1088,482
114000009,524,281,243
114000011,2501,4849,-2348
114000012,1677,3992,-2315
114000013,1399,3016,-1617
114000014,475,718,-243
114000015,932,652,280
114000016,187,474,-287
114000017,177,184,-7
114000018,588,61,527
114000026,1007,2222,-1215
114000027,2072,2626,-554
114000028,2331,2876,-545
114000038,143,129,14
114000039,121,290,-169
114000040,44,181,-137
114000042,211,271,-60
114000043,263,302,-39
114000044,183,288,-105
114000045,51,90,-39
114000046,2852,4844,-1992
114000047,21,56,-35
114000048,269,268,1
114000049,1608,1346,262
114000050,1394,1353,41
114000051,2709,1560,1149
114000052,3460,1125,2335
114000053,58,429,-371
114000054,84,1407,-1323
114000055,341,21,320
114000056,1248,526,722
114000057,13883,2572,11311
114000058,605,1146,-541
114000059,268,256,12
114000060,826,705,121
114000061,4126,1688,2438
114000062,2483,981,1502
114000063,3417,1710,1707
114000064,6554,2833,3721
114000065,1927,2321,-394
114000066,409,694,-285
114000067,40,500,-460
114000068,286,467,-181
114000069,1017,365,652
114000070,2462,1712,750
114000071,528,450,78
114000072,185,637,-452
114000073,11,106,-95
114000074,15,15,0
114000075,59,199,-140
114000076,30,191,-161
114000077,5,68,-63
114000078,125,845,-720
114000079,59,24,35
114000080,96,163,-67
114000081,54,90,-36
114000082,56,720,-664
114000083,52,279,-227
114000084,146,102,44
114000085,108,1006,-898
114000086,155,674,-519
114000087,29,214,-185
114000088,51,82,-31
114000089,2158,562,1596
114000090,718,606,112
114000091,2530,502,2028
114000092,1117,263,854
114000093,766,678,88
114000094,446,513,-67
114000095,174,86,88
114000096,108,375,-267
114000097,208,630,-422
114000098,321,112,209
114000099,330,1301,-971
114000100,804,1017,-213
114000101,331,1025,-694
114000102,368,442,-74
114000103,111,563,-452
114000104,10,592,-582
114000105,97,49,48
114000106,1701,742,959
114000107,179,99,80
114000108,6596,1922,4674
114000109,372,989,-617
114000110,461,2509,-2048
114000111,958,634,324
114000112,380,3876,-3496
114000113,889,401,488
114000114,1149,2532,-1383
114000115,1751,813,938
114000116,459,1211,-752
114000117,1811,385,1426
114000118,1680,367,1313
114000119,1263,432,831
114000120,643,1070,-427
114000121,609,660,-51
114000122,355,300,55
114000123,1053,309,744
114000124,1392,333,1059
114000125,782,2102,-1320
114000126,918,257,661
114000127,138,196,-58
114000128,810,626,184
114000130,519,659,-140
114000131,166,48,118
114000132,555,866,-311
114000133,928,1526,-598
114000134,28,174,-146
114000138,46,168,-122
114000139,324,184,140
114000144,585,409,176
114000145,57,146,-89
114000146,64,367,-303
114000147,1089,1329,-240
114000148,2864,1851,1013
114000149,300,193,107
114000150,2585,1102,1483
114000151,3368,1308,2060
114000152,286,45,241
114000153,1762,1911,-149
114000154,1280,922,358
114000155,1197,2156,-959
114000156,1441,522,919
114000157,379,1133,-754
114000158,2824,699,2125
114000159,187,399,-212
114000160,87,217,-130
114000161,2129,1828,301
114000162,789,1373,-584
114000163,5,132,-127
114000165,480,190,290
114000166,902,214,688
114000167,6291,1230,5061
114000168,873,618,255
114000169,2798,733,2065
114000170,1305,770,535
114000171,773,2398,-1625
114000174,274,406,-132
114000176,1091,393,698
114000177,3169,839,2330
114000178,30,61,-31
114000179,1527,1091,436
114000180,657,647,10
114000181,1622,2783,-1161
114000182,8400,2608,5792
114000183,1141,1302,-161
114000184,9573,1631,7942
114000185,1021,1007,14
114000189,469,91,378
114000190,1491,217,1274
114000191,17,47,-30
114000192,349,2384,-2035
114000193,952,4294,-3342
114000194,1326,1476,-150
114000195,107,13,94
114000196,2,469,-467
114000197,795,55,740
114000198,1653,494,1159
114000199,2643,1165,1478
114000200,703,2739,-2036
114000201,379,1456,-1077
114000202,1255,848,407
114000203,504,1095,-591
114000204,102,686,-584
114000205,216,2215,-1999
114000206,476,1354,-878
114000207,803,2606,-1803
114000208,594,4554,-3960
114000209,660,4027,-3367
114000210,308,2250,-1942
114000211,1145,1894,-749
114000212,779,878,-99
114000213,1378,812,566
114000214,141,200,-59
114000215,172,84,88
114000216,1047,473,574
114000217,97,523,-426
114000218,137,405,-268
114000219,1059,273,786
114000220,32,2207,-2175
114000221,457,151,306
114000222,229,1817,-1588
114000223,357,81,276
114000224,148,1080,-932
114000225,202,619,-417
114000226,67,298,-231
114000227,875,564,311
114000228,824,1381,-557
114000229,983,1534,-551
114000230,1568,1824,-256
114000231,924,1401,-477
114000232,443,124,319
114000233,1550,116,1434
114000234,1252,1193,59
114000235,916,1933,-1017
114000236,1,661,-660
114000237,99,1320,-1221
114000238,145,546,-401
114000239,177,1667,-1490
114000240,578,658,-80
114000241,277,1792,-1515
114000242,1169,1626,-457
114000243,1738,1221,517
114000244,799,392,407
114000245,438,762,-324
114000246,273,51,222
114000247,795,791,4
114000248,904,786,118
114000249,580,656,-76
114000250,477,674,-197
114000251,239,465,-226
114000252,73,114,-41
114000253,67,375,-308
114000254,11,73,-62
114000255,987,194,793
114000256,2649,1094,1555
114000257,1009,2110,-1101
114000258,170,434,-264
114000259,30,262,-232
114000260,0,39,-39
114000261,50,38,12
114000262,30,169,-139
114000263,60,8,52
114000264,484,651,-167
114000265,0,1,-1
114000267,3,1924,-1921
114000268,9,2084,-2075
114000270,140,22,118
114000271,598,75,523
114000283,589,425,164
114000285,42,341,-299
114000288,87,377,-290
114000289,1018,247,771
114000293,84,586,-502
114000294,137,251,-114
114000395,1689,76,1613
114000396,301,375,-74
114000402,326,374,-48
114000403,288,738,-450
114000405,44,719,-675
114000423,201,584,-383
114000424,148,219,-71
114000425,284,550,-266
114000426,306,833,-527
114000427,78,128,-50
114000428,301,123,178
114000429,13,184,-171
114000432,88,194,-106
114000434,28,100,-72
114000435,4,160,-156
114900001,348,2067,-1719
114900002,342,45,297
114900003,359,3051,-2692
114900004,149,241,-92
114900005,319,1249,-930
114900006,22,32,-10
114900007,112,7,105
114900008,64,56,8
114900010,3226,2068,1158
114900011,86,98,-12
114900013,111,118,-7
114900018,833,48,785
114900020,137,51,86
114900022,6,766,-760
114900025,240,334,-94
114900026,59,60,-1
114900029,105,27,78
114900030,143,261,-118
114900031,185,33,152
114900032,123,38,85
114900034,66,308,-242
114900035,133,278,-145
114900036,354,1135,-781
114900039,345,738,-393
114900040,82,362,-280
114900041,398,672,-274
114900042,567,918,-351
114900044,100,13,87
114900047,214,1301,-1087
114900048,48,481,-433
114900049,47,429,-382
114900050,38,832,-794
114900051,13,588,-575
114900052,19,206,-187
114900053,79,347,-268
114900054,36,114,-78
114900057,127,7,120
114900058,0,88,-88
114900059,49,25,24
114900063,57,265,-208
114900064,802,741,61
114900065,286,735,-449
114900067,44,366,-322
114900068,92,447,-355
114900069,212,199,13
114900070,326,850,-524
114900072,13,264,-251
114900073,1,239,-238
114900074,312,1254,-942
114900075,97,6,91
114900076,5,330,-325
114900080,4384,619,3765
114900082,4912,1782,3130
114900083,1161,1027,134
114900090,187,207,-20
114900091,179,260,-81
114900097,48,1,47
114900098,3,353,-350
114900099,112,1,111
115000001,11612,6866,4746
115000002,3870,4089,-219
115000003,6550,5399,1151
115000004,3703,6010,-2307
115000005,2370,3645,-1275
115000006,1125,2266,-1141
115000007,225,259,-34
115000008,768,624,144
115000009,289,632,-343
115000010,432,202,230
115000013,135,254,-119
115000015,83,434,-351
115000016,46,153,-107
115000019,35,501,-466
115000020,250,449,-199
115000021,251,504,-253
115000022,443,344,99
115000023,316,503,-187
115000024,1414,481,933
115000025,827,541,286
115000026,112,402,-290
115000027,174,219,-45
115000028,154,888,-734
115000029,554,114,440
115000030,477,998,-521
115000031,916,200,716
115000032,23,393,-370
115000033,141,20,121
115000034,175,1025,-850
115000035,847,60,787
115000036,1,369,-368
115000037,392,13,379
115000038,30,274,-244
115000039,4060,3019,1041
115000040,7756,4136,3620
115000041,1315,2777,-1462
115000042,671,806,-135
115000043,3628,2348,1280
115000044,3692,5245,-1553
115000045,3133,3689,-556
115000046,1803,3394,-1591
115000047,1305,2800,-1495
115000048,1404,3964,-2560
115000049,1595,4163,-2568
115000050,3486,2548,938
115000051,2832,2796,36
115000052,5226,2523,2703
115000053,1453,1843,-390
115000054,822,2018,-1196
115000055,227,526,-299
115000056,250,308,-58
115000057,605,553,52
115000058,206,145,61
115000059,144,136,8
115000061,280,112,168
115000062,243,392,-149
115000063,254,406,-152
115000064,239,164,75
115000065,197,407,-210
115000067,237,58,179
115000069,60,427,-367
115000070,24,921,-897
115000071,99,8,91
115000072,21,93,-72
115000073,1772,62,1710
115000075,96,74,22
115000076,6062,4194,1868
115000077,1604,4241,-2637
115000078,851,2471,-1620
115000079,982,3124,-2142
115000080,1937,3668,-1731
115000081,432,1004,-572
115000082,3138,3439,-301
115000083,1763,3420,-1657
115000084,1390,1594,-204
115000085,611,1164,-553
115000086,689,1367,-678
115000087,526,1525,-999
115000088,1795,811,984
115000089,1715,1451,264
115000090,711,923,-212
115000091,498,1550,-1052
115000092,324,433,-109
115000093,500,1,499
115000094,11064,5478,5586
115000095,8494,4795,3699
115000096,513,2797,-2284
115000097,578,925,-347
115000098,726,1033,-307
115000099,1924,5026,-3102
115000100,655,715,-60
115000101,501,2001,-1500
115000102,355,239,116
115000103,390,939,-549
115000105,43,252,-209
115000106,328,311,17
115000107,147,859,-712
115000108,5207,3012,2195
115000109,7076,3218,3858
115000110,1149,971,178
115000111,625,1832,-1207
115000112,456,492,-36
115000113,474,881,-407
115000114,1645,849,796
115000116,3797,1619,2178
115000117,4436,2423,2013
115000118,1546,1509,37
115000119,1917,2015,-98
115000120,500,778,-278
115000121,1612,877,735
115000122,3245,1971,1274
115000123,1716,1364,352
115000124,1226,1159,67
115000125,604,718,-114
115000126,182,290,-108
115000127,505,195,310
115000128,1505,877,628
115000129,440,332,108
115000130,341,1338,-997
115000131,524,357,167
115000132,131,700,-569
115000133,431,507,-76
115000134,201,290,-89
115000135,265,324,-59
115000136,262,311,-49
115000137,199,203,-4
115000138,268,368,-100
115000139,292,286,6
115000140,189,270,-81
115000141,135,294,-159
115000142,148,330,-182
115000143,407,772,-365
115000144,513,140,373
115000145,326,465,-139
115000146,416,291,125
115000147,1039,509,530
115000148,325,1748,-1423
115000149,694,217,477
115000150,624,1632,-1008
115000151,562,584,-22
115000152,640,2197,-1557
115000153,1591,549,1042
115000154,631,400,231
115000155,845,1613,-768
115000156,1965,608,1357
115000157,1499,1188,311
115000158,844,479,365
115000159,1478,494,984
115000160,643,262,381
115000161,180,673,-493
115000162,893,704,189
115000163,670,713,-43
115000164,783,608,175
115000165,430,521,-91
115000167,300,130,170
115000168,1246,304,942
115000169,1340,273,1067
115000170,366,129,237
115000171,699,248,451
115000172,2292,627,1665
115000173,528,440,88
115000174,211,296,-85
115000175,268,80,188
115000176,173,51,122
115000177,111,29,82
115000178,42,330,-288
115000179,40,10,30
115000180,49,877,-828
115000181,478,162,316
115000182,507,527,-20
115000183,146,1391,-1245
115000186,586,291,295
115000187,141,943,-802
115000188,451,755,-304
115000189,272,505,-233
115000190,860,606,254
115000191,349,551,-202
115000194,168,150,18
115000195,233,388,-155
115000196,120,185,-65
115000197,158,463,-305
115000198,162,351,-189
115000199,213,311,-98
115000200,181,169,12
115000201,252,455,-203
115000206,336,92,244
115000207,60,362,-302
115000208,637,813,-176
115000209,435,258,177
115000210,49,137,-88
115000211,212,255,-43
115000212,2690,261,2429
115000224,384,76,308
115000225,40,78,-38
115000229,318,188,130
115000230,89,519,-430
115000231,380,3346,-2966
115000232,1432,370,1062
115000233,303,182,121
115000234,17,326,-309
115000241,39,375,-336
115000242,65,419,-354
115000243,51,270,-219
115000244,2,119,-117
115000246,92,14,78
115000247,20,8,12
115000248,26,20,6
115000249,58,33,25
115000250,713,70,643
115000251,149,183,-34
115000252,68,231,-163
115000253,17,427,-410
115000258,203,341,-138
115000259,389,183,206
115000261,12,58,-46
115000262,7,37,-30
115000263,7,74,-67
115000264,15,78,-63
115000267,53,81,-28
115000268,25,201,-176
115000269,124,93,31
115000270,9,26,-17
115000272,30,240,-210
115000273,284,28,256
115000280,2164,174,1990
115000281,632,509,123
115000282,1130,405,725
115000284,327,174,153
115000296,911,14,897
115000297,402,86,316
115000298,202,324,-122
115000300,91,251,-160
115000302,338,249,89
115000303,430,179,251
115000304,505,99,406
115000305,99,1226,-1127
115000306,127,749,-622
115000307,59,304,-245
115000308,75,14,61
115000310,792,1152,-360
115000311,544,2000,-1456
115000313,174,886,-712
115000314,337,136,201
115000315,1480,488,992
115000316,44,69,-25
115000317,169,680,-511
115000318,727,431,296
115000319,93,441,-348
115000320,25,285,-260
115000321,563,4,559
115000322,46,371,-325
115000449,234,210,24
115000557,192,1077,-885
115000558,627,89,538
115000587,685,472,213
115000588,3468,4625,-1157
115000589,3685,3595,90
115000590,1182,1675,-493
115000591,1514,1006,508
115000592,888,1756,-868
115000593,1651,731,920
115000594,947,2122,-1175
115000609,149,198,-49
115000617,1983,3010,-1027
115000624,172,92,80
115000633,395,2453,-2058
115000634,3126,790,2336
115000635,457,162,295
115000638,1847,917,930
115000641,110,115,-5
115000642,420,289,131
115000643,72,632,-560
115000644,180,478,-298
115000646,671,1216,-545
115000647,133,466,-333
115000648,1169,2474,-1305
115000893,4102,1673,2429
115000894,113,1363,-1250
115000895,762,1184,-422
115000896,2692,368,2324
115000897,425,135,290
115000898,818,161,657
115000899,1242,1876,-634
115000900,123,655,-532
115000901,125,130,-5
115000912,286,92,194
115000913,1,48,-47
115000915,29,1,28
115000916,26,1,25
115000917,0,8,-8
115000918,77,262,-185
115000919,36,7,29
115000920,150,57,93
115000921,1314,221,1093
115000922,3069,711,2358
115000923,1109,1152,-43
115000925,80,96,-16
115000927,51,49,2
115000933,1073,239,834
115000934,135,207,-72
115000935,79,97,-18
115000936,122,547,-425
115000937,1820,272,1548
115000938,446,228,218
115000939,371,180,191
115000940,18,14,4
115000941,5,13,-8
115000942,194,73,121
115000943,169,17,152
115000944,45,13,32
115900001,30,88,-58
115900002,64,181,-117
115900003,133,198,-65
115900004,2,73,-71
115900005,86,1,85
115900006,82,603,-521
115900008,32,9,23
115900009,61,387,-326
115900010,160,258,-98
115900011,268,327,-59
115900012,37,146,-109
115900013,290,236,54
115900014,59,206,-147
115900015,40,150,-110
115900016,43,49,-6
115900017,5,2,3
115900018,127,104,23
115900019,323,25,298
115900020,34,0,34
115900021,2061,138,1923
115900022,3617,8,3609
115900023,13,2,11
115900025,35,141,-106
115900026,869,354,515
115900027,0,483,-483
115900028,606,87,519
115900029,5,597,-592
115900030,37,9,28
115900031,558,178,380
115900032,281,866,-585
115900033,1,34,-33
115900034,31,663,-632
115900035,127,14,113
115900036,464,537,-73
115900037,17,561,-544
115900038,94,6,88
115900039,112,410,-298
115900041,482,442,40
115900042,33,1,32
115900043,102,157,-55
115900044,317,224,93
115900046,152,345,-193
115900047,78,59,19
115900049,119,243,-124
115900051,3,130,-127
115900052,10,335,-325
115900053,106,336,-230
115900054,89,80,9
115900055,12,160,-148
115900056,119,351,-232
115900057,46,12,34
115900058,24,58,-34
115900060,25,134,-109
115900061,186,3,183
115900062,16,461,-445
115900063,42,11,31
115900064,160,417,-257
115900065,78,133,-55
115900066,215,221,-6
115900067,3,911,-908
115900068,4040,528,3512
115900069,21,234,-213
115900070,119,276,-157
115900071,0,768,-768
115900072,75,244,-169
115900073,24,31,-7
115900074,1,449,-448
115900075,14,360,-346
115900076,1,96,-95
115900077,5,307,-302
115900078,17,138,-121
115900079,83,6,77
115900080,532,363,169
115900081,14,63,-49
115900082,82,149,-67
115900084,186,33,153
115900085,106,54,52
115900086,1961,491,1470
115900088,11,83,-72
115900089,139,877,-738
115900090,90,20,70
115900091,3,23,-20
115900092,15,228,-213
115900093,7,42,-35
115900094,4,474,-470
115900096,3,25,-22
115900097,12,621,-609
115900098,92,695,-603
115900099,22,92,-70
115900100,6,615,-609
115900101,113,637,-524
115900102,30,62,-32
115900103,174,321,-147
115900104,19,220,-201
115900105,75,775,-700
115900106,37,19,18
115900107,25,261,-236
115900108,36,31,5
115900109,44,474,-430
115900110,0,21,-21
115900111,1,98,-97
115900112,34,1071,-1037
115900113,19,24,-5
115900114,0,140,-140
115900115,51,128,-77
115900116,57,1103,-1046
115900117,28,32,-4
115900118,9,293,-284
115900119,398,81,317
115900120,27,507,-480
115900121,75,340,-265
115900124,109,355,-246
115900125,184,37,147
115900126,392,68,324
115900127,482,53,429
115900128,7,134,-127
115900129,489,34,455
115900130,22,215,-193
115900131,114,14,100
115900132,281,3,278
115900134,239,25,214
115900135,668,576,92
115900137,12,1,11
115900139,59,30,29
115900140,112,8,104
115900141,8,27,-19
115900142,9,16,-7
115900143,176,379,-203
115900144,39,256,-217
115900146,5,212,-207
115900147,388,187,201
115900148,45,4,41
115900149,30,41,-11
115900150,21,87,-66
115900151,3,85,-82
115900152,57,491,-434
115900153,64,289,-225
115900154,753,324,429
115900155,0,117,-117
115900156,482,512,-30
115900157,130,407,-277
115900158,37,12,25
115900159,40,345,-305
115900160,20,6,14
115900161,34,230,-196
115900163,106,120,-14
115900164,291,2,289
115900166,168,285,-117
115900168,90,173,-83
115900171,160,456,-296
115900172,48,161,-113
115900173,243,158,85
115900174,452,198,254
115900175,74,230,-156
115900178,4,953,-949
115900179,89,22,67
115900180,19,488,-469
115900181,80,324,-244
115900182,217,417,-200
115900183,107,27,80
115900184,1553,10,1543
115900187,21,143,-122
115900189,0,126,-126
115900190,560,859,-299
115900191,67,544,-477
115900192,7,120,-113
115900193,37,66,-29
115900194,317,40,277
115900195,498,1159,-661
115900198,151,327,-176
115900199,114,328,-214
115900200,156,311,-155
115900201,307,214,93
115900202,1,22,-21
115900203,1,8,-7
115900204,0,3,-3
115900205,83,9,74
115900206,75,187,-112
115900207,21,52,-31
115900208,100,420,-320
115900209,4,208,-204
115900210,3,141,-138
115900211,4,281,-277
115900212,83,258,-175
115900213,115,55,60
115900214,214,212,2
115900215,31,24,7
115900216,3,77,-74
115900217,0,54,-54
115900218,2,49,-47
115900219,30,0,30
115900220,64,19,45
115900221,28,22,6
115900222,26,14,12
115900223,5,122,-117
115900224,2386,415,1971
115900225,74,13,61
115900226,13,37,-24
115900227,3,49,-46
115900228,8,40,-32
115900229,15,62,-47
115900230,37,151,-114
115900231,105,0,105
115900232,41,2,39
115900233,33,7,26
115900234,40,18,22
115900235,12,24,-12
115900236,12,26,-14
115900237,16,22,-6
115900238,8,21,-13
115900239,8,53,-45
115900240,2,99,-97
115900241,145,70,75
115900242,516,353,163
115900243,2,11,-9
115900244,7,14,-7
115900245,15,5,10
115900246,9,2,7
115900247,14,8,6
115900248,4,5,-1
115900249,10,4,6
115900250,1,11,-10
115900251,3,6,-3
115900252,4,0,4
115900253,4,1,3
115900254,63,14,49
115900255,2,59,-57
115900256,34,119,-85
115900257,6,2,4
115900258,0,0,0
115900259,3,2,1
115900260,22,3,19
115900261,2,3,-1
115900262,0,1,-1
115900263,6,6,0
115900264,7,6,1
115900265,1,6,-5
115900266,6,3,3
115900267,3,3,0
115900268,5,11,-6
115900269,269,494,-225
115900270,189,1101,-912
115900271,49,1,48
115900272,6,3,3
115900273,7,7,0
115900274,6,5,1
115900275,2,22,-20
115900276,0,68,-68
115900277,0,182,-182
115900278,9,146,-137
115900279,17,165,-148
115900280,19,203,-184
115900281,1049,151,898
115900282,47,10,37
115900283,6,12,-6
115900284,3,19,-16
116000001,14674,7856,6818
116000002,3840,9239,-5399
116000003,1412,2453,-1041
116000004,3201,2772,429
116000005,5882,3776,2106
116000006,4837,1277,3560
116000007,3553,4500,-947
116000008,2946,1556,1390
116000009,2031,3006,-975
116000010,1578,937,641
116000011,1149,2605,-1456
116000012,742,877,-135
116000013,26434,5560,20874
116000014,24930,13982,10948
116000015,441,1482,-1041
116000016,9245,4043,5202
116000017,37,791,-754
116000018,621,584,37
116000019,984,405,579
116000020,455,1362,-907
116000021,702,526,176
116000022,295,672,-377
116000023,1264,979,285
116000024,563,1580,-1017
116000025,1331,710,621
116000026,2026,2561,-535
116000027,774,602,172
116000028,408,789,-381
116000029,971,626,345
116000030,725,503,222
116000031,114,218,-104
116000032,511,222,289
116000033,324,665,-341
116000034,806,1268,-462
116000035,613,650,-37
116000036,2483,587,1896
116000037,1038,712,326
116000038,1054,423,631
116000039,780,287,493
116000040,2363,228,2135
116000041,331,559,-228
116000042,620,212,408
116000043,56,602,-546
116000044,17,157,-140
116000045,2623,1379,1244
116000046,1571,1527,44
116000047,2813,3287,-474
116000048,2923,1864,1059
116000049,1073,2330,-1257
116000050,1355,1909,-554
116000051,4934,2141,2793
116000052,4868,4482,386
116000053,1820,1605,215
116000054,860,2594,-1734
116000055,469,1625,-1156
116000056,667,1625,-958
116000057,4252,2557,1695
116000058,3375,2106,1269
116000059,2734,7045,-4311
116000060,2495,1082,1413
116000061,1334,1456,-122
116000062,1679,431,1248
116000063,1349,1530,-181
116000066,224,649,-425
116000067,218,911,-693
116000068,346,368,-22
116000069,340,500,-160
116000078,322,1169,-847
116000080,1507,1205,302
116000082,3,100,-97
116000083,1190,492,698
116000084,2551,4886,-2335
116000085,1758,1423,335
116000086,3436,1946,1490
116000087,1329,1443,-114
116000088,760,1466,-706
116000089,185,117,68
116000090,173,168,5
116000091,111,184,-73
116000093,480,814,-334
116000094,545,820,-275
116000095,572,1034,-462
116000096,831,1447,-616
116000097,475,1277,-802
116000098,561,5149,-4588
116000099,15383,540,14843
116000100,114,12,102
116000101,347,1877,-1530
116000102,225,2146,-1921
116000103,359,226,133
116000104,128,2542,-2414
116000105,788,230,558
116000106,319,2052,-1733
116000107,1212,657,555
116000108,385,242,143
116000111,167,30,137
116000113,53,65,-12
116000114,34,139,-105
116000115,151,86,65
116000116,198,539,-341
116000117,1444,2649,-1205
116000118,1079,1624,-545
116000119,1730,2633,-903
116000120,2527,5198,-2671
116000121,582,630,-48
116000122,1728,2402,-674
116000123,433,576,-143
116000124,283,1004,-721
116000125,1580,709,871
116000126,225,1638,-1413
116000127,1181,1861,-680
116000128,1175,1005,170
116000129,719,209,510
116000130,356,304,52
116000133,450,1630,-1180
116000134,1567,3007,-1440
116000135,1612,1606,6
116000136,1280,2723,-1443
116000137,764,698,66
116000138,744,378,366
116000139,1981,2382,-401
116000140,223,395,-172
116000141,362,1263,-901
116000142,4881,4763,118
116000143,2278,2259,19
116000144,1137,3384,-2247
116000145,1410,1932,-522
116000146,305,495,-190
116000147,612,183,429
116000148,550,494,56
116000149,478,617,-139
116000151,895,1007,-112
116000153,123,935,-812
116000155,430,342,88
116000156,477,1273,-796
116000157,41,19,22
116000158,404,425,-21
116000159,24,5,19
116000160,11,130,-119
116000161,4,135,-131
116000162,74,73,1
116000163,19,5,14
116000164,3,19,-16
116000177,256,148,108
116000194,171,390,-219
116000195,2812,846,1966
116000196,5,13,-8
116000197,3,13,-10
116000198,4835,1456,3379
116000200,907,434,473
116000201,700,791,-91
116000202,7,430,-423
116000203,7,122,-115
116000204,8,74,-66
116000205,1,177,-176
116000206,1,103,-102
116000207,1,36,-35
116000233,162,883,-721
116000287,119,605,-486
116000288,123,407,-284
116000292,50,123,-73
116000296,11,294,-283
116000297,49,23,26
116000304,50,24,26
116000305,28,117,-89
116000346,157,157,0
116000352,167,31,136
116000354,164,16,148
116000357,18,14,4
116000358,124,34,90
116000361,812,1,811
116000372,16413,3932,12481
116000381,75,0,75
116000388,2,39,-37
116000389,782,725,57
116000445,197,750,-553
116000446,285,1696,-1411
116000447,19,517,-498
116000448,717,544,173
116000563,945,933,12
116000565,89,441,-352
116000568,29,111,-82
116000579,27,128,-101
116000583,146,128,18
116000584,28,12,16
116000585,15,21,-6
116000586,267,114,153
116000587,562,688,-126
116000589,38,98,-60
116000590,65,71,-6
116000591,96,389,-293
116000592,8,114,-106
116000593,0,65,-65
116000594,310,619,-309
116000595,593,229,364
116000596,56,12,44
116000597,125,50,75
116000598,12,196,-184
116000605,432,193,239
116000606,55,229,-174
116000607,5,50,-45
116000609,232,888,-656
116000611,103,609,-506
116000612,644,2205,-1561
116000613,376,471,-95
116000614,510,908,-398
116000615,0,202,-202
116000616,55,210,-155
116000617,71,118,-47
116000618,1,233,-232
116000619,14,45,-31
116000620,63,559,-496
116000621,27,112,-85
116000622,22,231,-209
116000624,107,98,9
116000627,52,171,-119
116000628,58,833,-775
116000629,46,507,-461
116000630,156,51,105
116000631,44,65,-21
116000632,305,262,43
116000633,75,558,-483
116000634,235,202,33
116000635,5519,1762,3757
116000636,4262,1307,2955
116000637,238,92,146
116000638,57,678,-621
116000639,64,4,60
116000640,22,13,9
116000641,68,182,-114
116000643,1,164,-163
116000644,17,983,-966
116000645,39,34,5
116900001,143,145,-2
116900002,270,5,265
116900003,14,134,-120
116900004,15,18,-3
116900005,157,40,117
116900006,256,140,116
116900007,97,216,-119
116900008,277,599,-322
116900009,6,4,2
116900010,450,3049,-2599
116900011,4,80,-76
116900012,76,209,-133
116900013,6,183,-177
116900014,61,353,-292
116900015,196,74,122
116900016,148,9,139
116900017,4,1074,-1070
116900018,22,59,-37
116900019,31,444,-413
116900020,1865,442,1423
116900023,107,14,93
116900024,294,72,222
116900025,541,1177,-636
116900026,206,977,-771
116900027,23,98,-75
116900028,7,177,-170
116900029,0,24,-24
116900031,5,5,0
116900032,2,651,-649
116900033,5,24,-19
116900034,11,101,-90
116900035,171,387,-216
116900036,0,117,-117
116900038,24,1,23
116900041,31,14,17
116900042,987,247,740
116900043,6,122,-116
116900047,234,62,172
116900049,45,457,-412
116900050,96,747,-651
116900051,53,370,-317
116900052,269,54,215
116900055,1,8,-7
116900057,16,421,-405
116900058,24,750,-726
116900059,1,225,-224
116900060,331,285,46
116900062,3,14,-11
116900064,47,1330,-1283
116900065,15,272,-257
116900067,35,194,-159
116900068,85,340,-255
116900070,0,6,-6
116900072,26,533,-507
116900073,6,370,-364
116900074,18,67,-49
116900076,5,36,-31
116900077,6,341,-335
116900078,277,147,130
116900079,11,727,-716
116900080,3,21,-18
116900081,252,2226,-1974
116900082,281,937,-656
116900083,58,149,-91
116900084,414,61,353
116900085,29,208,-179
116900086,34,351,-317
116900088,375,42,333
116900090,113,91,22
116900091,120,161,-41
116900092,60,1173,-1113
116900093,1276,2495,-1219
116900094,6612,4447,2165
116900095,606,273,333
116900096,127,179,-52
116900097,6871,2201,4670
116900098,979,214,765
116900099,507,695,-188
116900100,627,36,591
116900101,237,818,-581
116900103,6,0,6
116900104,26,153,-127
116900105,314,86,228
116900106,326,0,326
116900107,6109,1724,4385
116900110,13,0,13
116900111,258,1487,-1229
116900112,110,1502,-1392
116900113,4531,1126,3405
116900116,146,276,-130
116900117,48,126,-78
116900118,1235,753,482
116900120,182,190,-8
116900121,71,59,12
116900122,376,1014,-638
116900123,96,1038,-942
116900124,100,1601,-1501
116900125,158,437,-279
116900126,398,664,-266
116900128,0,34,-34
116900129,2,289,-287
116900130,1230,2552,-1322
116900131,57,118,-61
116900132,19,47,-28
116900133,53,60,-7
116900134,183,142,41
116900136,152,173,-21
116900137,525,187,338
116900138,119,255,-136
116900139,62,450,-388
116900140,90,124,-34
116900141,415,241,174
116900142,2,28,-26
116900143,163,315,-152
116900144,11,37,-26
116900145,132,249,-117
116900147,1010,301,709
116900148,0,21,-21
116900149,21,187,-166
116900150,1,8,-7
116900151,62,14,48
116900153,65,78,-13
116900154,642,296,346
116900155,50,40,10
116900157,297,451,-154
116900158,396,125,271
116900159,44,310,-266
116900160,1340,342,998
116900161,13727,5480,8247
116900162,16,197,-181
116900163,79,207,-128
116900164,94,39,55
116900165,296,136,160
116900166,10,102,-92
116900167,320,74,246
116900168,267,84,183
116900169,1277,241,1036
116900170,177,346,-169
116900171,14,223,-209
116900172,359,107,252
116900173,105,87,18
116900174,14,30,-16
116900175,381,99,282
116900178,8,263,-255
116900179,100,141,-41
116900180,92,31,61
116900182,249,226,23
116900183,99,98,1
116900185,28,14,14
116900186,86,413,-327
116900187,20,9,11
116900188,157,18,139
116900189,9,1,8
116900191,230,455,-225
116900192,174,241,-67
116900194,78,665,-587
116900195,33,11,22
116900196,6,192,-186
116900197,63,5,58
116900198,263,154,109
116900200,32,14,18
116900201,28,5,23
116900202,90,69,21
116900203,84,3,81
116900204,41,82,-41
116900206,13,52,-39
116900207,33,36,-3
116900208,7,153,-146
116900209,31,185,-154
116900210,307,247,60
116900211,198,3,195
116900212,20,117,-97
116900213,103,294,-191
116900214,132,98,34
116900215,9,93,-84
116900216,349,180,169
116900218,2,312,-310
116900219,955,356,599
116900220,62,150,-88
116900221,46,337,-291
116900222,328,366,-38
116900223,46,202,-156
116900226,53,92,-39
116900227,132,103,29
116900228,310,381,-71
116900230,48,541,-493
116900231,13,665,-652
116900232,10,858,-848
116900233,234,137,97
116900234,8,2,6
116900235,296,482,-186
116900238,1744,587,1157
116900239,3,1302,-1299
116900240,10331,3162,7169
116900241,33,193,-160
116900242,2028,463,1565
116900243,1,82,-81
116900245,16,11,5
116900246,94,25,69
116900247,291,9,282
116900248,63,28,35
116900249,129,126,3
116900250,165,48,117
116900251,605,332,273
116900252,39,1564,-1525
116900254,6,83,-77
116900255,82,39,43
116900256,175,206,-31
116900257,38,798,-760
116900258,3,429,-426
116900259,51,1,50
116900260,2,222,-220
116900261,28,3,25
116900262,81,202,-121
116900263,0,12,-12
116900264,43,32,11
116900265,21,0,21
116900266,0,124,-124
116900267,1,8,-7
116900268,173,6,167
116900269,518,774,-256
116900271,1196,118,1078
116900272,595,790,-195
116900273,895,73,822
116900274,196,113,83
116900275,53,197,-144
116900276,604,66,538
116900277,678,29,649
116900278,3,17,-14
116900279,0,27,-27
116900280,25,57,-32
116900281,11389,3201,8188
116900282,3,188,-185
116900283,17,238,-221
116900284,8,389,-381
116900285,482,605,-123
116900286,165,7,158
116900287,4,148,-144
116900288,24,217,-193
116900289,9,22,-13
116900290,2,62,-60
116900291,3,8,-5
116900292,0,5,-5
116900293,13,55,-42
116900294,24,113,-89
116900295,572,35,537
116900296,158,62,96
116900297,12,82,-70
116900298,141,43,98
116900299,82,48,34
116900300,3,106,-103
116900301,82,128,-46
116900302,121,30,91
116900303,907,103,804
116900304,0,128,-128
116900305,111,191,-80
116900306,50,273,-223
116900307,47,2,45
116900308,2,246,-244
116900309,14,132,-118
116900310,9,55,-46
117000001,2599,2313,286
117000002,3050,6891,-3841
117000003,11978,3401,8577
117000004,6150,8694,-2544
117000005,2261,2172,89
117000006,1576,7269,-5693
117000007,4036,1765,2271
117000008,1841,7810,-5969
117000009,4716,2180,2536
117000010,3570,7046,-3476
117000011,1778,2563,-785
117000012,1532,2767,-1235
117000013,2368,1828,540
117000014,2131,4030,-1899
117000015,5283,1526,3757
117000016,1770,60,1710
117000017,1640,212,1428
117000018,397,430,-33
117000019,649,12,637
117000020,772,1500,-728
117000021,3712,1139,2573
117000022,1373,54,1319
117000023,1773,323,1450
117000024,1291,75,1216
117000025,4229,436,3793
117000026,9915,953,8962
117000027,2975,1816,1159
117000028,5109,1270,3839
117000030,1599,1151,448
117000031,464,250,214
117000032,4094,1637,2457
117000033,1517,1384,133
117000034,608,684,-76
117000035,394,346,48
117000036,706,679,27
117000037,371,319,52
117000038,532,857,-325
117000039,529,358,171
117000040,162,1170,-1008
117000041,588,151,437
117000044,63,1638,-1575
117000045,667,59,608
117000046,701,1019,-318
117000047,1120,794,326
117000048,3430,2686,744
117000049,97,607,-510
117000050,173,3412,-3239
117000051,1886,224,1662
117000052,15,566,-551
117000053,293,75,218
117000054,1378,9,1369
117000055,166,4781,-4615
117000056,442,19,423
117000057,757,3038,-2281
117000060,331,2244,-1913
117000061,2461,1596,865
117000062,294,630,-336
117000063,2658,1013,1645
117000064,1222,1627,-405
117000066,1192,926,266
117000067,278,319,-41
117000074,159,299,-140
117000076,88,81,7
117000077,119,90,29
117000078,161,997,-836
117000079,344,289,55
117000080,2,475,-473
117000081,1497,167,1330
117000082,25,93,-68
117000083,493,312,181
117000084,622,4,618
117000085,228,648,-420
117000086,1030,899,131
117000087,274,551,-277
117000088,198,405,-207
117000089,1225,411,814
117000090,281,1866,-1585
117000091,512,423,89
117000092,423,2380,-1957
117000093,852,843,9
117000094,1056,3752,-2696
117000095,2761,994,1767
117000096,474,3604,-3130
117000097,912,1527,-615
117000098,3117,7270,-4153
117000099,2066,1131,935
117000100,170,152,18
117000101,254,1766,-1512
117000102,1082,763,319
117000103,942,2471,-1529
117000104,892,705,187
117000105,982,2510,-1528
117000106,838,1153,-315
117000107,582,2468,-1886
117000108,1153,1141,12
117000109,2313,3319,-1006
117000110,1077,813,264
117000111,4541,7820,-3279
117000112,2602,2867,-265
117000113,84,392,-308
117000114,104,234,-130
117000115,44,210,-166
117000116,92,344,-252
117000117,2755,536,2219
117000118,647,234,413
117000119,681,146,535
117000120,773,463,310
117000121,165,1759,-1594
117000122,761,2149,-1388
117000123,3669,22,3647
117000124,1215,58,1157
117000125,1304,104,1200
117000126,171,40,131
117000127,442,440,2
117000128,614,864,-250
117000129,2397,609,1788
117000130,142,1,141
117000131,1,217,-216
117000132,1629,67,1562
117000133,685,78,607
117000134,0,61,-61
117000135,4,16,-12
117000136,0,52,-52
117000137,83,73,10
117000138,29,572,-543
117000140,518,2190,-1672
117000141,1183,897,286
117000181,1162,383,779
117000182,289,225,64
117000195,190,1534,-1344
117000196,137,44,93
117000225,420,12,408
117000226,47,437,-390
117000276,134,3,131
117000277,5,782,-777
117000310,3304,4600,-1296
117000315,34,2550,-2516
117000320,167,1,166
117000906,201,8,193
117000907,10,565,-555
117000909,189,53,136
117000910,187,129,58
117000911,74,261,-187
117000915,1,956,-955
117000916,25,8,17
117000917,591,30,561
117000918,100,96,4
117000919,1,173,-172
117000920,8,1963,-1955
117000921,9,2384,-2375
117000922,71,198,-127
117000924,1264,1157,107
117000926,1111,62,1049
117000927,2021,560,1461
117000928,0,286,-286
117000929,146,1424,-1278
117000930,122,27,95
117000931,437,150,287
117900002,368,393,-25
117900003,704,483,221
117900005,22,189,-167
117900006,1,36,-35
117900007,151,144,7
117900008,0,58,-58
117900010,651,164,487
117900011,73,15,58
117900012,39,171,-132
117900013,1,468,-467
117900014,2122,293,1829
117900015,20,235,-215
117900016,2648,537,2111
117900017,1866,676,1190
117900018,434,77,357
117900019,397,815,-418
117900020,50,421,-371
117900021,34,95,-61
117900023,893,975,-82
117900024,85,109,-24
117900025,34,13,21
117900026,242,645,-403
117900028,364,12,352
117900029,172,1983,-1811
117900031,868,190,678
117900032,855,519,336
117900033,159,1398,-1239
117900034,80,80,0
117900035,155,72,83
117900036,212,933,-721
117900037,61,169,-108
117900038,25,412,-387
117900039,6,77,-71
117900040,104,769,-665
117900041,3,57,-54
117900042,7457,746,6711
117900043,51,50,1
117900044,47,6864,-6817
117900045,191,144,47
117900048,131,352,-221
117900049,199,1193,-994
117900050,19,108,-89
117900051,159,0,159
117900052,86,382,-296
117900053,875,704,171
117900054,1,13,-12
117900055,136,558,-422
117900056,377,57,320
117900057,1158,1799,-641
117900058,292,14,278
117900059,1227,90,1137
117900060,852,7142,-6290
117900061,42,517,-475
117900063,554,352,202
117900065,665,1494,-829
117900066,7,44,-37
117900067,315,454,-139
117900069,946,632,314
117900070,569,9,560
117900071,257,181,76
117900073,353,566,-213
117900074,714,34,680
117900075,164,99,65
117900076,41,93,-52
117900077,184,182,2
117900078,199,459,-260
117900080,473,61,412
117900081,613,620,-7
117900082,277,274,3
117900083,352,971,-619
117900086,185,48,137
117900087,64,48,16
117900088,3059,3109,-50
117900089,1491,393,1098
117900090,962,1164,-202
117900091,327,232,95
117900092,40,29,11
117900093,46,94,-48
117900094,21,14,7
117900095,1118,1436,-318
117900096,37,282,-245
117900097,131,119,12
117900098,15,2,13
117900099,271,559,-288
117900100,100,2,98
117900101,732,1433,-701
117900102,30,63,-33
117900103,19,0,19
117900104,63,200,-137
117900105,103,335,-232
117900106,79,53,26
117900107,19,0,19
117900109,277,315,-38
117900110,17,1,16
117900111,258,9,249
117900112,50,14,36
117900113,9306,2842,6464
117900114,8,0,8
117900115,284,69,215
117900116,1138,1393,-255
117900117,278,487,-209
117900118,34,1,33
117900119,54,302,-248
117900120,67,263,-196
117900121,75,43,32
117900122,1679,2416,-737
117900123,1140,1002,138
117900124,575,773,-198
117900125,1326,1179,147
117900126,292,927,-635
117900127,569,860,-291
117900128,309,1270,-961
117900129,54,0,54
117900130,829,575,254
117900131,1,140,-139
117900132,17,105,-88
117900133,2,163,-161
117900134,35,189,-154
117900135,19,217,-198
117900136,0,67,-67
117900137,22,369,-347
117900138,1,65,-64
117900139,108,129,-21
117900140,8452,59,8393
117900141,740,385,355
117900142,343,60,283
117900144,214,110,104
117900145,55,44,11
117900146,866,109,757
117900147,46,83,-37
117900148,4878,1223,3655
117900149,30,155,-125
117900150,15,84,-69
117900151,60,133,-73
117900152,271,124,147
117900153,39,118,-79
117900154,702,1130,-428
117900156,1027,1245,-218
117900157,134,661,-527
117900158,111,75,36
117900160,582,386,196
117900161,2637,3460,-823
117900162,388,746,-358
117900163,365,24,341
117900165,0,16,-16
117900166,123,381,-258
117900168,62,157,-95
117900169,4,137,-133
117900170,1,28,-27
117900171,1,13,-12
117900172,17,37,-20
117900173,107,68,39
117900174,40,86,-46
117900175,1,54,-53
117900176,4,58,-54
117900177,10,86,-76
117900178,89,46,43
117900180,359,24,335
117900181,245,248,-3
117900182,5,22,-17
117900183,41,184,-143
117900184,10,71,-61
117900185,14,37,-23
117900186,13,28,-15
117900187,10,15,-5
117900188,181,41,140
117900189,90,19,71
117900190,24,0,24
117900191,57,0,57
117900192,133,1,132
117900193,2,69,-67
117900194,9,3,6
117900195,5,22,-17
117900196,16,15,1
117900207,206,64,142
117900208,38,56,-18
117900209,203,272,-69
117900210,120,231,-111
117900211,2,266,-264
117900212,81,147,-66
117900213,4,21,-17
117900214,7,61,-54
117900215,41,68,-27
117900216,41,41,0
117900217,221,167,54
117900218,304,252,52
117900219,24,132,-108
117900220,231,166,65
117900222,143,341,-198
117900223,201,407,-206
118000001,1081,607,474
118000002,1906,3136,-1230
118000003,7952,2483,5469
118000004,8289,2434,5855
118000005,5501,5313,188
118000006,6842,10305,-3463
118000007,9811,2308,7503
118000008,7958,3331,4627
118000009,3714,3309,405
118000010,3753,4566,-813
118000011,968,3372,-2404
118000012,1866,3594,-1728
118000013,5224,4074,1150
118000014,2166,5078,-2912
118000016,232,443,-211
118000017,195,550,-355
118000018,320,552,-232
118000019,2416,1658,758
118000020,1283,1569,-286
118000021,1520,2212,-692
118000022,2182,841,1341
118000023,1644,487,1157
118000024,1536,979,557
118000027,18203,10911,7292
118000029,856,902,-46
118000032,1726,5467,-3741
118000033,3257,4244,-987
118000034,5749,2211,3538
118000035,1669,2392,-723
118000036,3258,1341,1917
118000037,1164,1297,-133
118000038,118,160,-42
118000039,194,594,-400
118000040,1959,3158,-1199
118000041,3291,1985,1306
118000045,958,72,886
118000046,3660,561,3099
118000047,5724,592,5132
118000048,7056,1247,5809
118000051,3528,548,2980
118000052,2621,410,2211
118000053,1250,599,651
118000054,2304,2483,-179
118000055,1270,4100,-2830
118000056,180,358,-178
118000057,143,799,-656
118000058,8262,1407,6855
118000059,6948,913,6035
118000060,1516,841,675
118000061,676,1467,-791
118000062,510,501,9
118000063,468,523,-55
118000064,1634,1311,323
118000065,7260,2782,4478
118000066,1601,1441,160
118000067,1879,804,1075
118000068,3302,4285,-983
118000069,5980,1368,4612
118000070,9030,1944,7086
118000071,4052,8710,-4658
118000072,4222,968,3254
118000073,4643,357,4286
118000074,660,641,19
118000075,909,263,646
118000076,2664,1402,1262
118000077,2470,1504,966
118000078,4178,2154,2024
118000079,414,418,-4
118000080,2182,886,1296
118000081,3920,1152,2768
118000082,452,1168,-716
118000083,2796,1645,1151
118000084,3750,2124,1626
118000086,504,611,-107
118000087,8820,2724,6096
118000088,2758,2417,341
118000089,5278,3042,2236
118000090,2633,3654,-1021
118000091,2117,3406,-1289
118000092,1485,480,1005
118000093,143,972,-829
118000096,851,686,165
118000097,1377,892,485
118000098,415,242,173
118000099,385,1061,-676
118000101,705,382,323
118000102,285,1969,-1684
118000107,4917,608,4309
118000108,877,2884,-2007
118000110,2,38,-36
118000111,5,1009,-1004
118000112,420,28,392
118000113,8,1696,-1688
118000114,267,29,238
118000115,27,42,-15
118000116,67,3,64
118000117,2890,940,1950
118000118,2942,838,2104
118000119,1145,1309,-164
118000120,2353,1341,1012
118000121,196,687,-491
118000122,2124,365,1759
118000123,96,292,-196
118000125,3341,1283,2058
118000126,1944,1675,269
118000127,3133,866,2267
118000128,1315,1354,-39
118000129,1787,535,1252
118000130,3733,5376,-1643
118000131,1350,1346,4
118000132,2383,1909,474
118000133,2866,767,2099
118000135,909,424,485
118000136,212,701,-489
118000137,2792,169,2623
118000138,497,1030,-533
118000139,481,193,288
118000140,2395,4616,-2221
118000141,1827,2742,-915
118000142,1569,2676,-1107
118000143,1502,1526,-24
118000144,2218,1396,822
118000145,1623,3243,-1620
118000146,905,1456,-551
118000147,943,2409,-1466
118000148,614,2341,-1727
118000149,862,1928,-1066
118000150,258,486,-228
118000151,264,648,-384
118000153,913,1838,-925
118000154,1383,2846,-1463
118000155,824,1956,-1132
118000156,3478,3079,399
118000157,540,592,-52
118000158,175,596,-421
118000159,32,99,-67
118000160,472,568,-96
118000161,388,882,-494
118000162,1151,1326,-175
118000163,654,1060,-406
118000164,3989,2262,1727
118000168,1837,285,1552
118000169,1421,2035,-614
118000170,4501,8076,-3575
118000171,379,797,-418
118000172,117,393,-276
118000173,1300,1661,-361
118000175,261,452,-191
118000176,212,468,-256
118000177,170,608,-438
118000178,311,47,264
118000179,1921,1059,862
118000180,955,1139,-184
118000181,977,373,604
118000182,296,318,-22
118000183,254,416,-162
118000184,528,1566,-1038
118000185,836,863,-27
118000186,574,749,-175
118000187,1106,789,317
118000188,1110,203,907
118000189,552,1081,-529
118000190,31,16,15
118000191,22,38,-16
118000192,62,99,-37
118000193,90,442,-352
118000194,4712,1753,2959
118000195,1666,689,977
118000196,1201,150,1051
118000197,740,95,645
118000198,995,453,542
118000199,1632,387,1245
118000200,42,249,-207
118000201,1051,545,506
118000202,58,70,-12
118000203,2477,372,2105
118000204,350,296,54
118000205,1082,538,544
118000206,227,267,-40
118000207,2,134,-132
118000208,1027,2143,-1116
118000209,1830,3114,-1284
118000210,40,60,-20
118000211,13,29,-16
118000213,1964,849,1115
118000214,985,1070,-85
118000215,303,607,-304
118000216,1603,6959,-5356
118000217,23,170,-147
118000218,41,147,-106
118000219,678,637,41
118000220,2,28,-26
118000221,87,336,-249
118000222,72,12,60
118000223,21,42,-21
118000224,451,124,327
118000225,196,1465,-1269
118000226,2270,137,2133
118000227,1237,483,754
118000228,107,133,-26
118000229,523,37,486
118000230,156,264,-108
118000231,73,252,-179
118000232,597,1185,-588
118000233,721,1036,-315
118000234,224,274,-50
118000236,397,418,-21
118000237,40,517,-477
118000238,172,403,-231
118000239,270,454,-184
118000240,561,110,451
118000241,142,467,-325
118000242,313,636,-323
118000243,179,235,-56
118000244,20,195,-175
118000246,89,18,71
118000255,33,288,-255
118000256,82,330,-248
118000259,5,81,-76
118000260,223,119,104
118000261,17,110,-93
118000263,62,238,-176
118000266,117,635,-518
118000267,0,98,-98
118000268,1543,3,1540
118000270,31,36,-5
118000271,256,603,-347
118000272,80,21,59
118000273,67,112,-45
118000274,96,426,-330
118000276,270,376,-106
118000295,7,61,-54
118000298,76,509,-433
118000299,55,223,-168
118000301,1,100,-99
118000302,105,109,-4
118000311,216,128,88
118000312,229,195,34
118000313,19,158,-139
118000314,50,148,-98
118000315,17,88,-71
118000316,539,923,-384
118000325,24,46,-22
118000326,21,52,-31
118000331,11,63,-52
118000332,9,21,-12
118000333,42,73,-31
118000335,166,2,164
118000336,1,458,-457
118000407,92,101,-9
118000457,11,50,-39
118000465,3874,5480,-1606
118000480,30,187,-157
118000489,23,307,-284
118000490,53,580,-527
118000492,171,293,-122
118000510,62,19,43
118000514,269,488,-219
118000515,1180,889,291
118000517,579,497,82
118000524,1081,247,834
118000525,870,890,-20
118000530,16,109,-93
118000531,214,369,-155
118000532,237,323,-86
118000533,696,144,552
118000534,889,380,509
118000535,258,165,93
118000536,798,1234,-436
118000537,101,97,4
118000538,65,194,-129
118000539,14,96,-82
118000540,453,245,208
118000541,375,84,291
118000542,144,206,-62
118000543,465,275,190
118000546,17,18,-1
118000553,0,3,-3
118000560,3967,1458,2509
118000562,34,778,-744
118000563,3599,2053,1546
118000576,139,249,-110
118000577,357,362,-5
118000578,158,160,-2
118000579,1495,1581,-86
118000583,0,0,0
118000595,170,81,89
118000596,0,91,-91
118000597,202,239,-37
118000598,1,0,1
118000599,40,125,-85
118000600,2,23,-21
118000601,2,0,2
118000602,2,15,-13
118000603,0,98,-98
118000605,25,533,-508
118000606,19,24,-5
118900001,1447,1113,334
118900002,1462,1007,455
118900003,126,28,98
118900004,48,59,-11
118900005,67,5,62
118900006,77,2,75
118900007,3,8,-5
118900008,1547,39,1508
118900009,17,12,5
118900010,33,1,32
118900011,150,25,125
118900012,362,306,56
118900013,904,67,837
118900015,121,35,86
118900016,3,18,-15
118900017,243,222,21
118900018,1169,12,1157
118900019,22,10,12
118900020,187,89,98
118900021,248,451,-203
118900022,127,92,35
118900023,248,133,115
118900024,86,195,-109
118900025,106,39,67
118900026,29,102,-73
118900027,559,389,170
118900028,196,293,-97
118900029,243,477,-234
118900030,180,97,83
118900031,137,145,-8
118900032,167,242,-75
118900033,1100,962,138
118900034,160,13,147
118900035,178,429,-251
118900036,778,1072,-294
118900037,648,337,311
118900038,377,411,-34
118900039,281,236,45
118900040,150,231,-81
118900041,429,314,115
118900042,182,143,39
118900045,299,276,23
118900046,866,287,579
118900047,1412,394,1018
118900048,908,190,718
118900049,65,59,6
118900050,8,134,-126
118900051,347,82,265
118900052,449,281,168
118900053,16,129,-113
118900054,83,148,-65
118900055,22,166,-144
118900056,194,319,-125
118900057,529,406,123
118900058,638,372,266
118900059,21,118,-97
118900060,52,311,-259
118900062,85,175,-90
118900064,649,655,-6
118900065,16,262,-246
118900066,108,114,-6
118900067,6337,3169,3168
118900068,6,1035,-1029
118900069,342,558,-216
118900071,2,63,-61
118900072,405,527,-122
118900073,111,215,-104
118900074,107,184,-77
118900075,37,81,-44
118900076,476,78,398
118900077,212,232,-20
118900078,49,3,46
118900079,62,339,-277
118900080,13,79,-66
118900081,53,30,23
118900082,581,184,397
118900083,7,15,-8
118900084,6,12,-6
118900085,534,1410,-876
118900086,29,78,-49
118900087,22,270,-248
118900088,2,13,-11
118900089,70,9,61
118900090,317,641,-324
118900091,158,196,-38
118900092,64,77,-13
118900093,167,8,159
118900096,157,116,41
118900097,158,1122,-964
118900099,38,455,-417
118900100,136,239,-103
118900101,24,706,-682
118900102,27,61,-34
118900103,21,87,-66
118900104,50,134,-84
118900105,148,132,16
118900107,133,146,-13
118900108,93,79,14
118900110,1235,608,627
118900111,318,596,-278
118900112,108,139,-31
118900113,166,753,-587
118900114,20,95,-75
118900115,111,506,-395
118900116,76,182,-106
118900117,113,202,-89
118900118,174,692,-518
118900119,99,444,-345
118900120,89,554,-465
118900121,17,316,-299
118900122,8,1025,-1017
118900123,157,309,-152
118900124,88,179,-91
118900126,23,410,-387
118900129,371,195,176
118900130,113,120,-7
118900131,123,454,-331
118900132,783,200,583
118900133,25,64,-39
118900135,109,270,-161
118900136,220,965,-745
118900137,5,13,-8
118900139,191,791,-600
118900140,489,1037,-548
118900141,26,328,-302
118900144,233,815,-582
118900145,16,226,-210
118900146,214,1155,-941
118900147,413,140,273
118900148,45,58,-13
118900150,612,771,-159
118900152,409,1102,-693
118900157,238,192,46
118900158,41,106,-65
118900159,2,203,-201
118900161,212,5,207
118900163,286,59,227
118900164,4,123,-119
118900165,22,264,-242
118900166,17,2,15
118900167,30,152,-122
118900168,187,61,126
118900169,96,505,-409
118900170,74,131,-57
118900171,7,18,-11
118900174,45,61,-16
118900175,308,485,-177
118900176,108,253,-145
118900177,24,73,-49
118900178,37,155,-118
118900179,20,43,-23
118900181,45,130,-85
118900182,77,53,24
118900183,18,69,-51
118900184,191,49,142
118900185,153,227,-74
118900186,73,113,-40
118900187,216,384,-168
118900188,230,424,-194
118900189,35,694,-659
118900190,7,904,-897
118900191,150,58,92
118900192,110,26,84
118900193,337,9,328
118900195,318,1245,-927
118900196,16,242,-226
118900197,78,124,-46
118900198,5,37,-32
118900199,17,58,-41
118900200,27,21,6
118900201,34,13,21
118900202,10,87,-77
118900203,3,41,-38
118900204,2,17,-15
118900205,5,4,1
118900206,0,13,-13
119000001,1270,1669,-399
119000002,2527,3462,-935
119000003,1435,2327,-892
119000004,2239,2129,110
119000005,3721,2815,906
119000006,2156,2351,-195
119000007,4221,4195,26
119000008,2220,2482,-262
119000009,4027,3415,612
119000010,9688,4173,5515
119000011,5627,2195,3432
119000012,3951,2856,1095
119000013,1868,1482,386
119000014,2824,3804,-980
119000019,209,195,14
119000020,1723,1899,-176
119000021,3258,2926,332
119000022,4672,3325,1347
119000023,515,321,194
119000024,2940,8377,-5437
119000025,19465,1257,18208
119000026,168,243,-75
119000027,576,381,195
119000028,2590,1725,865
119000029,163,310,-147
119000030,420,1481,-1061
119000031,718,673,45
119000032,1875,2403,-528
119000033,2040,2371,-331
119000034,987,1080,-93
119000035,42,408,-366
119000036,1071,1562,-491
119000037,970,2781,-1811
119000038,79,1577,-1498
119000039,233,456,-223
119000040,1670,538,1132
119000041,1473,1756,-283
119000048,3818,4693,-875
119000049,2072,4788,-2716
119000050,2156,3450,-1294
119000051,2193,1172,1021
119000052,2886,4034,-1148
119000053,1701,1122,579
119000054,2548,5805,-3257
119000055,2789,4422,-1633
119000056,1509,2507,-998
119000057,1158,3822,-2664
119000058,1910,3217,-1307
119000059,1259,2443,-1184
119000060,1422,1024,398
119000061,901,1088,-187
119000062,1016,1504,-488
119000063,452,503,-51
119000064,2498,2112,386
119000065,2304,3691,-1387
119000066,1823,1319,504
119000067,2085,3545,-1460
119000068,1175,1311,-136
119000069,1334,3609,-2275
119000070,1661,1402,259
119000071,686,1069,-383
119000072,9826,4719,5107
119000073,5557,6506,-949
119000074,912,5606,-4694
119000075,1092,3321,-2229
119000076,384,861,-477
119000077,766,614,152
119000078,327,384,-57
119000079,143,914,-771
119000080,230,249,-19
119000081,221,384,-163
119000082,429,329,100
119000083,353,416,-63
119000084,322,624,-302
119000085,688,416,272
119000086,139,449,-310
119000087,1970,1161,809
119000088,191,311,-120
119000089,86,172,-86
119000090,166,185,-19
119000091,155,243,-88
119000092,554,229,325
119000093,5295,4574,721
119000094,2132,8599,-6467
119000095,1205,4007,-2802
119000097,4178,2290,1888
119000098,716,2142,-1426
119000099,2518,2860,-342
119000100,2894,2406,488
119000101,2714,1745,969
119000102,762,630,132
119000103,1331,410,921
119000104,4553,1917,2636
119000105,891,1272,-381
119000106,349,2997,-2648
119000107,442,533,-91
119000108,289,1948,-1659
119000109,87,239,-152
119000110,500,270,230
119000111,59,400,-341
119000112,179,76,103
119000113,2250,265,1985
119000114,809,851,-42
119000115,151,314,-163
119000116,173,131,42
119000117,124,421,-297
119000118,1,13,-12
119000123,6514,599,5915
119000124,543,264,279
119000125,1923,1481,442
119000126,687,1374,-687
119000127,348,1308,-960
119000128,17,9,8
119000131,717,1372,-655
119000132,0,11,-11
119000133,1,4,-3
119000134,5225,784,4441
119000135,92,169,-77
119000136,182,274,-92
119000137,84,657,-573
119000138,196,471,-275
119000139,149,305,-156
119000140,109,285,-176
119000284,1478,3410,-1932
119000285,3340,2681,659
119000286,7110,6007,1103
119000287,1664,3029,-1365
119000288,2898,2042,856
119000289,4159,5148,-989
119000290,132,745,-613
119000291,7,436,-429
119000293,108,271,-163
119000294,33,48,-15
119000295,4111,800,3311
119000296,164,137,27
119000302,5401,1612,3789
119000303,94,260,-166
119000314,1351,7090,-5739
119000315,2,793,-791
119000316,43,152,-109
119000317,53,613,-560
119000319,282,527,-245
119900001,145,935,-790
119900002,168,448,-280
119900003,84,1411,-1327
119900004,443,399,44
119900005,124,225,-101
119900006,118,305,-187
119900007,698,95,603
119900008,79,24,55
119900009,446,625,-179
119900010,939,1065,-126
119900011,15,46,-31
119900012,28,54,-26
119900013,1670,655,1015
119900014,470,210,260
119900015,49,7,42
119900016,22,127,-105
119900017,9,36,-27
119900018,2283,454,1829
119900019,29,5,24
119900020,70,158,-88
119900021,71,46,25
119900022,143,318,-175
119900023,1380,760,620
119900025,63,21,42
119900026,1147,68,1079
119900027,14,34,-20
119900028,175,49,126
119900029,2,5,-3
119900030,293,577,-284
119900031,23,206,-183
119900033,1682,156,1526
119900034,194,131,63
119900037,116,39,77
119900038,24,181,-157
119900039,33,3,30
119900040,78,6,72
119900041,75,38,37
119900042,37,191,-154
119900043,36,199,-163
119900044,215,429,-214
119900046,35,60,-25
119900047,146,31,115
119900049,67,6,61
119900050,33,53,-20
119900051,628,7,621
119900052,22,45,-23
119900053,108,329,-221
119900054,59,1,58
119900055,750,384,366
119900057,70,75,-5
119900058,133,4,129
119900059,166,63,103
119900060,148,9,139
119900061,129,3,126
119900062,36,21,15
119900063,14,61,-47
119900065,188,11,177
119900067,28,19,9
119900068,231,0,231
119900069,45,12,33
119900070,391,4,387
119900071,250,12,238
119900073,2165,517,1648
119900074,28,20,8
119900075,7764,1972,5792
119900076,73,134,-61
119900077,383,1661,-1278
119900078,243,858,-615
119900079,88,516,-428
119900080,349,432,-83
119900081,278,13,265
119900082,486,16,470
119900083,334,77,257
119900084,1473,313,1160
119900085,208,58,150
119900086,249,1506,-1257
119900087,1175,326,849
119900088,20,27,-7
119900089,17,733,-716
119900090,156,44,112
119900091,42,1686,-1644
119900092,18,409,-391
119900093,1019,218,801
119900094,49,267,-218
119900095,177,77,100
119900096,33,57,-24
119900097,593,206,387
119900098,35,42,-7
119900099,14,269,-255
119900100,3530,1941,1589
119900101,193,874,-681
119900102,12,365,-353
119900103,28,587,-559
119900104,18,219,-201
119900105,648,1221,-573
119900106,8,237,-229
119900107,433,5166,-4733
119900108,2393,779,1614
119900109,46,444,-398
119900110,382,1172,-790
119900111,89,697,-608
119900112,4292,507,3785
119900113,51,405,-354
119900114,111,2891,-2780
119900115,109,1714,-1605
119900116,104,361,-257
119900117,139,1446,-1307
119900118,21,1533,-1512
119900119,148,335,-187
119900120,499,958,-459
119900121,184,1972,-1788
119900122,285,323,-38
119900123,163,384,-221
119900124,105,1483,-1378
119900125,32,410,-378
119900126,7206,259,6947
119900127,3175,1110,2065
119900128,269,1109,-840
119900129,137,1426,-1289
119900130,41,445,-404
119900131,35,402,-367
119900132,3,741,-738
119900133,17,30,-13
119900134,3280,292,2988
119900135,2,718,-716
119900136,142,599,-457
119900138,356,691,-335
119900139,41,76,-35
119900140,2,217,-215
119900141,189,692,-503
119900142,0,14,-14
119900143,13,244,-231
119900144,2593,236,2357
119900145,72,252,-180
119900146,148,167,-19
119900147,5,132,-127
119900148,73,41,32
119900149,2297,2429,-132
119900150,236,198,38
119900151,2424,878,1546
119900152,45,562,-517
119900153,57,78,-21
119900154,21,1425,-1404
119900155,21,36,-15
119900156,15,2,13
119900157,90,425,-335
119900158,72,71,1
119900159,6,2411,-2405
119900160,21,247,-226
119900161,193,408,-215
119900162,586,736,-150
119900163,84,101,-17
119900164,0,0,0
119900165,97,468,-371
119900166,41,29,12
119900167,163,107,56
119900168,518,543,-25
119900169,141,405,-264
119900170,106,145,-39
119900171,642,712,-70
119900172,72,18,54
119900173,4,796,-792
119900174,2,265,-263
119900175,628,815,-187
119900177,30,325,-295
119900178,2,245,-243
119900179,67,224,-157
119900180,885,704,181
119900181,28,34,-6
119900182,0,645,-645
119900183,115,1323,-1208
119900184,3766,589,3177
119900185,6,97,-91
119900186,128,450,-322
119900187,4,597,-593
119900188,51,350,-299
119900189,366,210,156
119900190,51,192,-141
119900191,356,121,235
119900192,14,318,-304
119900193,195,329,-134
119900194,6,43,-37
119900195,20,183,-163
119900196,1752,431,1321
119900197,105,138,-33
119900198,44,524,-480
119900199,112,22,90
119900200,354,653,-299
119900201,359,107,252
119900202,194,79,115
119900203,140,322,-182
119900204,102,303,-201
119900205,397,998,-601
119900206,74,187,-113
119900208,203,216,-13
119900209,426,748,-322
119900210,12,47,-35
119900211,61,12,49
119900212,241,1053,-812
119900213,3,55,-52
119900214,11,119,-108
119900215,17,85,-68
119900216,7,115,-108
119900217,8,70,-62
119900218,7,86,-79
119900219,12,125,-113
119900220,0,133,-133
119900221,19,423,-404
119900222,7,275,-268
119900223,15,93,-78
119900224,10,15,-5
119900225,1063,29,1034
119900226,894,1092,-198
119900227,1131,414,717
119900228,57,295,-238
119900229,233,376,-143
119900230,1833,723,1110
119900231,67,346,-279
119900232,129,79,50
119900233,19,1,18
119900234,30,27,3
119900235,39,21,18
119900236,14,280,-266
119900237,41,647,-606
119900238,1,123,-122
119900240,55,166,-111
119900241,137,213,-76
119900242,2422,3260,-838
119900244,1132,1132,0
119900245,98,149,-51
119900246,185,335,-150
119900247,7,40,-33
119900248,36,93,-57
119900249,108,64,44
119900253,5834,442,5392
119900254,70,378,-308
119900255,46,477,-431
119900256,206,1360,-1154
119900257,23,0,23
119900258,28,4,24
119900259,9,245,-236
119900260,40,0,40
119900261,132,221,-89
119900262,1,419,-418
119900263,1269,484,785
119900264,24,318,-294
119900265,238,529,-291
119900266,172,398,-226
119900267,183,385,-202
119900268,82,258,-176
119900269,652,1829,-1177
119900271,34,112,-78
119900272,201,65,136
119900275,74,1,73
119900276,30,3,27
119900277,14,5,9
119900278,364,53,311
119900279,153,277,-124
119900280,1490,222,1268
119900281,0,98,-98
119900282,36,26,10
119900283,7,348,-341
119900284,75,182,-107
119900285,26,56,-30
119900286,2,10,-8
119900288,2,68,-66
119900289,0,65,-65
119900290,0,46,-46
119900291,0,30,-30
119900292,24,21,3
119900293,23,120,-97
119900294,17,82,-65
119900295,24,82,-58
119900296,14,248,-234
119900297,1,11,-10
119900298,0,3,-3
119900299,13,386,-373
119900300,113,256,-143
119900301,236,15,221
119900302,111,53,58
119900303,137,316,-179
119900304,72,22,50
119900305,20,118,-98
119900306,4,3,1
119900307,13,143,-130
119900308,6,22,-16
119900309,17,56,-39
119900310,262,424,-162
119900311,15,214,-199
119900312,84,101,-17
119900313,153,537,-384
119900314,102,277,-175
119900315,864,3611,-2747
119900318,3,17,-14
119900319,1,456,-455
119900320,57,882,-825
119900321,34,1,33
120000001,12998,14711,-1713
120000002,2323,3917,-1594
120000003,3378,1903,1475
120000004,3106,2641,465
120000005,5729,2021,3708
120000006,1370,1539,-169
120000007,4638,2882,1756
120000008,1197,1714,-517
120000009,6475,980,5495
120000010,1661,3976,-2315
120000011,1432,2701,-1269
120000012,1408,3475,-2067
120000013,2434,3410,-976
120000014,689,2252,-1563
120000015,2986,2135,851
120000016,3558,4220,-662
120000017,2498,2871,-373
120000018,6715,9906,-3191
120000019,1058,1538,-480
120000020,3732,3326,406
120000021,2100,2325,-225
120000022,2743,3897,-1154
120000023,757,2084,-1327
120000024,1257,2583,-1326
120000025,1965,2983,-1018
120000026,978,2610,-1632
120000027,1220,1970,-750
120000028,1026,493,533
120000029,3508,622,2886
120000030,255,949,-694
120000031,2287,8212,-5925
120000032,13757,4121,9636
120000033,4016,2829,1187
120000034,1755,3465,-1710
120000035,1778,3749,-1971
120000036,2862,5575,-2713
120000037,652,1429,-777
120000038,14435,3389,11046
120000039,561,1143,-582
120000040,149,147,2
120000041,817,2216,-1399
120000042,1546,4894,-3348
120000043,4207,3370,837
120000044,4258,1622,2636
120000045,3732,1158,2574
120000046,1931,2274,-343
120000047,2924,3733,-809
120000048,10849,4874,5975
120000049,5803,4012,1791
120000050,5951,6807,-856
120000051,4069,5688,-1619
120000052,20636,3089,17547
120000053,1244,6196,-4952
120000054,1445,9025,-7580
120000055,1357,7500,-6143
120000056,2788,5251,-2463
120000057,1837,865,972
120000058,870,231,639
120000059,22,865,-843
120000061,92,705,-613
120000062,223,318,-95
120000063,2510,3511,-1001
120000064,254,2221,-1967
120000065,434,2450,-2016
120000066,165,447,-282
120000067,40,709,-669
120000068,161,1434,-1273
120000069,726,2139,-1413
120000070,52,1361,-1309
120000071,213,321,-108
120000072,315,754,-439
120000073,442,108,334
120000074,67,113,-46
120000075,384,276,108
120000076,1090,507,583
120000077,1188,623,565
120000078,3361,941,2420
120000079,306,895,-589
120000080,214,368,-154
120000081,211,258,-47
120000082,183,298,-115
120000083,240,525,-285
120000084,607,679,-72
120000085,340,633,-293
120000086,378,1000,-622
120000087,231,1808,-1577
120000088,573,1890,-1317
120000089,728,667,61
120000090,509,706,-197
120000091,566,1215,-649
120000092,1068,799,269
120000093,230,789,-559
120000094,88,690,-602
120000095,1021,912,109
120000096,246,1711,-1465
120000098,520,1171,-651
120000099,225,866,-641
120000100,647,1151,-504
120000101,853,678,175
120000102,428,661,-233
120000103,1115,639,476
120000104,1399,446,953
120000105,2304,593,1711
120000106,1468,583,885
120000107,2300,691,1609
120000108,667,136,531
120000109,796,67,729
120000110,134,1385,-1251
120000111,114,1891,-1777
120000112,871,6037,-5166
120000113,593,4324,-3731
120000114,953,4750,-3797
120000115,417,3989,-3572
120000116,803,2951,-2148
120000117,2196,2133,63
120000118,96,33,63
120000119,60,156,-96
120000120,68,40,28
120000121,234,185,49
120000122,360,386,-26
120000123,7882,4858,3024
120000124,302,799,-497
120000125,418,1195,-777
120000126,325,870,-545
120000127,2753,1010,1743
120000128,7115,3234,3881
120000129,388,436,-48
120000130,970,1301,-331
120000131,297,647,-350
120000134,423,1739,-1316
120000135,214,379,-165
120000137,97,3236,-3139
120000138,374,675,-301
120000139,131,1527,-1396
120000140,354,801,-447
120000141,162,736,-574
120000142,256,749,-493
120000143,5,101,-96
120000144,52,4,48
120000145,192,2,190
120000146,4340,1290,3050
120000149,522,1276,-754
120000150,6075,7820,-1745
120000151,473,738,-265
120000152,302,378,-76
120000153,139,1225,-1086
120000154,486,529,-43
120000155,212,485,-273
120000156,4312,949,3363
120000157,1001,862,139
120000158,613,1350,-737
120000159,2066,2686,-620
120000160,2128,1822,306
120000161,1704,4367,-2663
120000162,310,415,-105
120000163,392,2053,-1661
120000164,254,578,-324
120000165,260,1273,-1013
120000166,795,820,-25
120000167,33,41,-8
120000168,8,115,-107
120000169,104,387,-283
120000170,137,285,-148
120000171,34,91,-57
120000172,86,60,26
120000173,3852,449,3403
120000174,729,14,715
120000175,1388,25,1363
120000176,558,53,505
120000177,1673,298,1375
120000178,226,13,213
120000179,605,27,578
120000180,558,49,509
120000181,118,224,-106
120000182,116,175,-59
120000183,18,150,-132
120000184,183,735,-552
120000186,204,81,123
120000187,184,65,119
120000188,712,164,548
120000190,1513,30,1483
120000191,1955,34,1921
120000192,1293,27,1266
120000193,415,9,406
120000195,30,5,25
120000196,150,39,111
120000197,85,186,-101
120000198,75,185,-110
120000199,75,3,72
120000200,100,2,98
120000201,9,12,-3
120000202,4,103,-99
120000203,36,433,-397
120000207,3,98,-95
120000208,10,370,-360
120000209,4,109,-105
120000210,176,85,91
120000211,42,0,42
120000212,72,0,72
120000213,66,496,-430
120000214,3,498,-495
120000215,3,196,-193
120000216,23,8,15
120000217,875,1599,-724
120000218,251,1289,-1038
120000219,14,821,-807
120000220,12,3081,-3069
120000225,777,0,777
120000226,184,3,181
120000227,455,20,435
120000228,7293,2261,5032
120000230,166,16,150
120000231,856,3465,-2609
120000233,86,8,78
120000235,113,1091,-978
120000236,577,3,574
120000237,2,2853,-2851
120000238,7,235,-228
120000241,1048,4589,-3541
120000412,866,19,847
120000413,164,537,-373
120000414,46,6,40
120000415,9,292,-283
120000416,43,7,36
120000417,0,140,-140
120000418,57,16,41
120000419,11,475,-464
120000420,1022,127,895
120000421,17560,6463,11097
120000422,271,567,-296
120000423,1,43,-42
120000424,35,212,-177
120000436,135,539,-404
120000437,265,230,35
120000438,7565,749,6816
120000439,124,356,-232
120000443,105,0,105
120000444,966,984,-18
120000445,2042,1797,245
120000446,1549,669,880
120000447,100,20,80
120000449,38,14,24
120000450,2,347,-345
120000451,63,478,-415
120000452,50,4,46
120000453,0,703,-703
120000454,251,87,164
120000455,86,99,-13
120000456,3680,3066,614
120000457,1425,1393,32
120000458,697,963,-266
120000459,67,136,-69
120000665,2290,166,2124
120000668,130,204,-74
120000669,39,576,-537
120000670,215,427,-212
120000671,853,417,436
120000672,117,579,-462
120900001,43,53,-10
120900002,752,303,449
120900003,297,57,240
120900004,12,73,-61
120900005,8,3605,-3597
120900006,169,277,-108
120900007,105,220,-115
120900008,204,1681,-1477
120900009,1209,106,1103
120900010,297,60,237
120900011,535,144,391
120900012,1471,717,754
120900013,202,45,157
120900014,8,1023,-1015
120900015,256,130,126
120900016,460,51,409
120900017,4772,98,4674
120900018,48,580,-532
120900019,523,139,384
120900020,1113,841,272
120900021,428,78,350
120900022,42,601,-559
120900023,143,26,117
120900024,1565,446,1119
120900025,2297,998,1299
120900026,163,225,-62
120900027,949,117,832
120900028,195,40,155
120900029,157,270,-113
120900030,1089,626,463
120900031,141,75,66
120900032,502,202,300
120900033,684,52,632
120900034,106,2125,-2019
120900035,41,62,-21
120900037,171,5,166
120900038,36,164,-128
120900039,49,26,23
120900040,97,1,96
120900041,169,39,130
120900042,226,105,121
120900043,15,38,-23
120900044,9,634,-625
120900045,122,117,5
120900046,222,3,219
120900047,102,45,57
120900048,51,21,30
120900049,186,0,186
120900050,5514,1309,4205
120900051,180,123,57
120900052,292,5,287
120900053,99,122,-23
120900054,1509,879,630
120900055,228,3,225
120900056,250,8,242
120900057,74,11,63
120900058,227,2,225
120900059,50,6,44
120900060,74,40,34
120900061,285,368,-83
120900062,113,0,113
120900063,288,0,288
120900064,258,1,257
120900065,217,0,217
120900066,94,315,-221
120900067,185,15,170
120900068,114,0,114
120900069,98,81,17
120900071,5,0,5
120900072,348,2,346
120900073,237,97,140
120900074,218,2,216
120900076,200,0,200
120900077,4434,241,4193
120900078,352,1483,-1131
120900079,336,118,218
120900080,362,3304,-2942
120900081,617,131,486
120900082,754,333,421
120900083,50,3,47
120900084,165,219,-54
120900085,129,142,-13
120900086,195,191,4
120900087,336,195,141
120900088,187,205,-18
120900089,6653,1747,4906
120900090,81,308,-227
120900091,623,400,223
120900092,1277,1146,131
120900093,6158,377,5781
120900094,578,292,286
120900095,472,50,422
120900096,22,217,-195
120900097,711,1472,-761
120900098,313,182,131
120900099,68,79,-11
120900100,43,563,-520
120900101,745,386,359
120900102,17,173,-156
120900103,46,194,-148
120900104,25,38,-13
120900105,53,1149,-1096
120900106,1537,850,687
120900107,356,108,248
120900108,7,1467,-1460
120900109,42,989,-947
120900110,40,1250,-1210
120900111,132,542,-410
120900112,9,2288,-2279
120900113,26,1263,-1237
120900114,20,229,-209
120900115,184,244,-60
120900116,177,893,-716
120900117,3,849,-846
120900118,16,1292,-1276
120900119,3335,7208,-3873
120900120,53,1194,-1141
120900121,61,565,-504
120900122,232,1090,-858
120900123,4,810,-806
120900124,6,1114,-1108
120900125,2,1912,-1910
120900126,1572,1075,497
120900127,11,889,-878
120900128,1120,1593,-473
120900129,54,491,-437
120900130,1,217,-216
120900131,48,63,-15
120900132,447,553,-106
120900133,195,1665,-1470
120900134,792,563,229
120900135,3,921,-918
120900136,11,24,-13
120900137,149,100,49
120900138,9,283,-274
120900139,2,1082,-1080
120900140,0,59,-59
120900141,129,123,6
120900142,29,1304,-1275
120900143,2,1333,-1331
120900144,0,255,-255
120900145,53,1112,-1059
120900146,1,1392,-1391
120900147,10,378,-368
120900148,76,168,-92
120900149,0,519,-519
120900150,19,934,-915
120900151,30,985,-955
120900152,64,36,28
120900153,5,73,-68
120900154,0,498,-498
120900155,113,1654,-1541
120900156,95,597,-502
120900157,53,256,-203
120900158,21,773,-752
120900159,226,405,-179
120900160,32,522,-490
120900161,85,660,-575
120900162,46,739,-693
120900163,30,293,-263
120900164,1,0,1
120900165,0,6,-6
120900166,254,175,79
120900167,605,160,445
120900169,32,729,-697
120900170,4447,1811,2636
120900171,1148,498,650
120900172,1479,254,1225
120900173,8,109,-101
120900174,16,111,-95
120900175,277,169,108
120900176,18,269,-251
120900177,2,755,-753
120900178,88,325,-237
120900179,1125,620,505
120900180,139,101,38
120900181,40,72,-32
120900182,22,749,-727
120900183,329,171,158
120900184,121,82,39
120900185,2,478,-476
120900186,0,759,-759
120900187,291,886,-595
120900188,80,17,63
120900189,204,669,-465
120900190,33,28,5
120900191,2,39,-37
120900192,19829,3725,16104
120900194,26,101,-75
120900195,139,282,-143
120900196,818,74,744
120900197,338,91,247
120900198,237,824,-587
120900199,243,239,4
120900200,77,117,-40
120900201,784,129,655
120900202,1,266,-265
120900203,28,112,-84
120900204,212,468,-256
120900205,55,74,-19
120900206,6,14,-8
120900207,49,1818,-1769
121000001,1542,1234,308
121000002,6048,3352,2696
121000003,4843,2295,2548
121000004,2986,11863,-8877
121000005,2979,3321,-342
121000006,3647,1813,1834
121000007,4577,3232,1345
121000008,11920,4950,6970
121000009,7574,7010,564
121000010,11756,8897,2859
121000011,8323,12477,-4154
121000012,14186,11250,2936
121000013,6189,7832,-1643
121000014,7566,9390,-1824
121000015,7542,7280,262
121000016,5682,7122,-1440
121000017,2093,3737,-1644
121000018,1542,1937,-395
121000019,21192,10989,10203
121000020,11984,11518,466
121000021,3349,3247,102
121000022,1777,1919,-142
121000023,4185,3756,429
121000024,2856,3734,-878
121000025,825,1660,-835
121000026,388,138,250
121000027,1639,1010,629
121000028,868,434,434
121000029,1429,810,619
121000030,674,423,251
121000031,971,663,308
121000032,218,79,139
121000034,1395,234,1161
121000035,572,111,461
121000036,2011,1112,899
121000037,1132,749,383
121000038,956,568,388
121000039,809,260,549
121000041,477,365,112
121000042,229,392,-163
121000043,1075,929,146
121000044,2705,798,1907
121000045,331,406,-75
121000046,492,1008,-516
121000047,338,331,7
121000049,2491,721,1770
121000050,475,1431,-956
121000051,1114,339,775
121000052,344,745,-401
121000053,766,93,673
121000054,50,289,-239
121000055,1646,1284,362
121000056,1048,1211,-163
121000057,208,412,-204
121000058,409,75,334
121000059,2949,1673,1276
121000060,446,893,-447
121000061,850,203,647
121000062,209,241,-32
121000063,990,643,347
121000064,977,895,82
121000065,814,357,457
121000066,912,465,447
121000067,1300,277,1023
121000068,824,315,509
121000069,639,368,271
121000070,3380,1340,2040
121000071,1628,1437,191
121000072,1823,840,983
121000073,2779,781,1998
121000074,127,174,-47
121000075,30,49,-19
121000076,1241,341,900
121000077,196,137,59
121000078,112,106,6
121000080,2798,727,2071
121000081,2917,4952,-2035
121000082,201,313,-112
121000083,389,166,223
121000084,253,83,170
121000085,196,635,-439
121000086,134,809,-675
121000087,101,230,-129
121000088,402,753,-351
121000089,411,260,151
121000090,684,344,340
121000091,1645,706,939
121000092,120,79,41
121000093,103,176,-73
121000094,321,647,-326
121000095,353,503,-150
121000096,2270,2422,-152
121000097,1178,1677,-499
121000098,290,1552,-1262
121000099,376,1087,-711
121000100,821,670,151
121000101,173,275,-102
121000102,161,395,-234
121000103,105,289,-184
121000104,237,151,86
121000105,305,205,100
121000106,107,399,-292
121000107,3534,4092,-558
121000109,1735,1156,579
121000110,293,727,-434
121000114,3436,2139,1297
121000115,1209,867,342
121000116,573,942,-369
121000117,877,343,534
121000118,1772,278,1494
121000119,317,420,-103
121000120,241,464,-223
121000121,547,948,-401
121000123,1461,549,912
121000127,259,183,76
121000128,679,508,171
121000129,587,456,131
121000130,352,1275,-923
121000131,2064,1433,631
121000132,1337,1373,-36
121000135,201,244,-43
121000136,1154,422,732
121000137,340,200,140
121000138,985,886,99
121000139,668,55,613
121000141,508,123,385
121000142,1251,556,695
121000143,76,12,64
121000144,711,1808,-1097
121000145,622,1496,-874
121000146,1908,1217,691
121000147,942,746,196
121000148,1358,1168,190
121000149,3560,1398,2162
121000152,695,1201,-506
121000153,2287,1106,1181
121000154,1017,1930,-913
121000155,1834,1485,349
121000156,399,1573,-1174
121000157,1583,3245,-1662
121000158,324,990,-666
121000159,265,960,-695
121000160,325,884,-559
121000161,196,350,-154
121000162,62,280,-218
121000165,1944,1528,416
121000166,44,901,-857
121000168,805,471,334
121000169,80,148,-68
121000170,460,443,17
121000171,95,142,-47
121000172,720,579,141
121000173,1432,970,462
121000174,280,393,-113
121000175,1035,471,564
121000176,443,220,223
121000177,2142,801,1341
121000178,192,55,137
121000179,209,66,143
121000181,367,608,-241
121000182,75,192,-117
121000183,78,73,5
121000184,84,52,32
121000185,66,164,-98
121000186,193,282,-89
121000187,135,274,-139
121000188,236,316,-80
121000192,687,535,152
121000193,809,532,277
121000194,3141,2495,646
121000195,606,1123,-517
121000196,1633,286,1347
121000197,561,874,-313
121000198,644,86,558
121000199,266,638,-372
121000200,464,83,381
121000201,16,234,-218
121000202,2426,120,2306
121000203,799,2542,-1743
121000204,2223,666,1557
121000205,327,343,-16
121000206,234,33,201
121000207,1945,525,1420
121000208,14,489,-475
121000209,321,524,-203
121000210,275,1023,-748
121000211,435,169,266
121000212,271,1310,-1039
121000213,11444,3715,7729
121000214,891,4119,-3228
121000215,1697,898,799
121000216,883,888,-5
121000217,8317,4405,3912
121000218,1078,2157,-1079
121000219,3719,504,3215
121000220,425,64,361
121000221,247,427,-180
121000222,3667,2538,1129
121000223,1496,375,1121
121000224,748,193,555
121000225,4278,1373,2905
121000226,11556,1129,10427
121000227,13,413,-400
121000228,32,981,-949
121000229,303,638,-335
121000230,83,2319,-2236
121000231,761,36,725
121000232,526,341,185
121000233,785,347,438
121000234,36,36,0
121000235,57,33,24
121000236,5,49,-44
121000237,19,4,15
121000238,2,83,-81
121000239,16,2,14
121000240,7,383,-376
121000241,79,11,68
121000242,23,136,-113
121000243,203,52,151
121000244,1,76,-75
121000245,28,8,20
121000246,1,82,-81
121000247,63,2,61
121000248,636,606,30
121000249,198,321,-123
121000250,661,129,532
121000251,12,676,-664
121000252,99,65,34
121000253,849,671,178
121000254,1189,368,821
121000255,490,167,323
121000256,641,160,481
121000257,121,63,58
121000258,314,51,263
121000259,128,36,92
121000260,302,226,76
121000261,364,34,330
121000262,1108,1134,-26
121000263,356,429,-73
121000271,295,2125,-1830
121000273,426,15,411
121000274,67,63,4
121000275,1,26,-25
121000276,4,29,-25
121000278,239,108,131
121000279,114,16,98
121000280,185,42,143
121000289,211,32,179
121000290,1750,719,1031
121000294,62,188,-126
121000297,1241,1605,-364
121000299,602,217,385
121000300,655,521,134
121000302,66,801,-735
121000303,571,441,130
121000304,451,61,390
121000305,109,50,59
121000306,103,144,-41
121000308,223,674,-451
121000309,632,766,-134
121000310,244,407,-163
121000311,96,822,-726
121000312,289,291,-2
121000313,546,649,-103
121000314,66,87,-21
121000315,32,94,-62
121000530,1318,1995,-677
121000531,1116,1934,-818
121000532,6160,5042,1118
121000533,2376,3083,-707
121000918,91,253,-162
121000919,38,73,-35
121000938,172,127,45
121000939,189,153,36
121000956,826,2527,-1701
121000957,12,9,3
121000958,512,55,457
121000959,633,1062,-429
121000960,3008,2577,431
121000961,152,88,64
121000962,314,1592,-1278
121000973,0,212,-212
121000976,10,146,-136
121000979,245,59,186
121000981,301,163,138
121000982,303,349,-46
121000983,575,525,50
121000984,79,56,23
121000985,407,1382,-975
121000986,374,523,-149
121000987,388,2264,-1876
121000988,722,204,518
121001302,461,200,261
121001308,20,14,6
121001309,171,52,119
121001313,274,374,-100
121001314,4339,4494,-155
121001315,4553,2746,1807
121001326,455,433,22
121900001,94,177,-83
121900002,149,25,124
121900003,427,6,421
121900004,303,417,-114
121900005,5,3,2
121900006,94,29,65
121900007,2531,3162,-631
121900008,319,63,256
121900009,586,25,561
121900010,182,1,181
121900011,119,399,-280
121900012,47,0,47
121900013,2598,46,2552
121900014,1689,424,1265
121900015,188,176,12
121900016,7,41,-34
121900017,448,664,-216
121900018,275,5,270
121900019,214,385,-171
121900020,49,0,49
121900021,1518,16,1502
121900022,212,220,-8
121900023,66,369,-303
121900024,334,82,252
121900025,465,411,54
121900026,319,42,277
121900027,278,132,146
121900028,303,24,279
121900029,99,156,-57
121900030,814,901,-87
121900031,1960,9887,-7927
121900032,76,85,-9
121900033,145,148,-3
121900034,673,92,581
121900035,2765,2380,385
121900036,112,538,-426
121900037,129,658,-529
121900038,32,118,-86
121900039,428,38,390
121900040,24,86,-62
121900041,59,148,-89
121900042,299,113,186
121900043,2,5,-3
121900044,251,65,186
121900046,230,157,73
121900047,181,61,120
121900048,9,109,-100
121900050,13,33,-20
121900051,130,192,-62
121900052,77,31,46
121900053,247,542,-295
121900054,698,817,-119
121900055,2,5,-3
121900058,409,220,189
121900059,437,179,258
121900060,121,301,-180
121900062,62,86,-24
121900063,1218,329,889
121900064,227,914,-687
121900066,39,14,25
121900067,13,44,-31
121900069,184,108,76
121900070,358,105,253
121900071,188,254,-66
121900072,37,207,-170
121900073,275,189,86
121900074,511,980,-469
121900075,1673,363,1310
121900076,1117,718,399
121900078,55,30,25
121900079,1,0,1
121900080,791,402,389
121900082,35,92,-57
121900084,5,190,-185
121900086,15,35,-20
121900087,207,76,131
121900088,1400,2233,-833
121900089,225,455,-230
121900090,6,126,-120
121900091,11,107,-96
121900092,54,48,6
121900093,74,56,18
121900094,20,12,8
121900095,140,127,13
121900096,1628,436,1192
121900097,564,178,386
121900098,2,0,2
121900099,178,56,122
121900100,159,218,-59
121900101,180,100,80
121900102,17,104,-87
121900103,809,141,668
121900104,1246,413,833
121900105,246,154,92
121900106,2,0,2
121900107,44,38,6
121900108,0,29,-29
121900109,616,152,464
121900110,253,1323,-1070
121900111,954,103,851
121900112,132,93,39
121900113,146,841,-695
121900114,8,92,-84
121900117,127,34,93
121900118,2794,495,2299
121900119,139,128,11
121900120,30,1939,-1909
121900121,553,50,503
121900122,28,52,-24
121900123,235,682,-447
121900124,54,192,-138
121900125,839,1236,-397
121900127,13,69,-56
121900128,126,127,-1
121900129,661,126,535
121900130,257,274,-17
121900131,419,109,310
121900132,52,86,-34
121900133,77,531,-454
121900134,80,110,-30
121900135,2541,202,2339
121900136,222,518,-296
121900137,45,330,-285
121900138,156,244,-88
121900139,453,637,-184
121900140,36,121,-85
121900141,88,7,81
121900142,82,125,-43
121900143,4,154,-150
121900144,172,250,-78
121900145,130,215,-85
121900146,768,832,-64
121900147,74,167,-93
121900148,166,282,-116
121900149,647,822,-175
121900150,61,152,-91
121900151,73,243,-170
121900152,130,178,-48
121900153,71,416,-345
121900154,5,245,-240
121900155,0,47,-47
121900156,161,61,100
121900157,2,490,-488
121900158,71,60,11
121900159,1,206,-205
121900160,3,339,-336
121900161,427,324,103
121900162,93,151,-58
121900163,213,756,-543
121900164,549,168,381
121900165,214,209,5
121900166,260,195,65
121900167,128,99,29
121900168,207,138,69
121900169,8,455,-447
121900170,7,433,-426
121900171,441,588,-147
121900172,420,300,120
121900173,1083,201,882
121900174,16,29,-13
121900175,466,120,346
121900176,681,2209,-1528
121900177,155,98,57
121900178,52,87,-35
121900179,436,123,313
121900180,6155,3176,2979
121900182,1722,286,1436
121900183,503,700,-197
121900184,43,601,-558
121900186,16,308,-292
121900187,35,134,-99
121900188,504,748,-244
121900189,14,74,-60
121900190,473,755,-282
121900191,62,296,-234
121900192,412,716,-304
121900193,67,222,-155
121900194,8,123,-115
121900195,78,53,25
121900196,1365,1327,38
121900197,442,2447,-2005
121900198,1011,1702,-691
121900199,4,23,-19
121900200,346,211,135
121900201,1074,553,521
121900202,200,447,-247
121900203,144,885,-741
121900204,1098,1728,-630
121900205,32,130,-98
121900206,14,6,8
121900207,180,49,131
121900208,243,242,1
121900209,26,9,17
121900210,1871,1041,830
121900211,374,1481,-1107
121900212,114,135,-21
121900213,125,143,-18
121900214,2,476,-474
121900215,47,74,-27
121900216,204,137,67
121900217,166,90,76
121900218,259,482,-223
121900220,101,5,96
121900221,288,516,-228
121900222,167,132,35
121900223,169,64,105
121900224,76,63,13
121900225,497,96,401
121900226,140,195,-55
121900227,150,471,-321
121900228,222,430,-208
121900230,238,76,162
121900231,286,426,-140
121900232,347,488,-141
121900233,256,184,72
121900234,469,541,-72
121900235,341,287,54
121900236,317,200,117
121900237,286,242,44
121900238,204,216,-12
121900239,96,31,65
121900240,122,111,11
121900241,23,80,-57
121900242,0,0,0
121900243,1,0,1
121900244,2,1,1
121900245,169,75,94
121900246,2410,453,1957
121900248,1266,1125,141
121900250,196,250,-54
121900251,223,35,188
121900252,540,118,422
121900253,210,1105,-895
121900254,657,271,386
121900255,200,83,117
121900258,2880,2322,558
121900259,280,683,-403
121900260,39,188,-149
121900261,185,767,-582
121900262,507,1891,-1384
121900263,103,419,-316
121900264,2102,1976,126
121900265,210,341,-131
121900266,204,207,-3
121900267,81,35,46
121900269,149,466,-317
121900270,10,187,-177
121900271,28,98,-70
121900273,1267,2498,-1231
121900274,294,168,126
121900277,373,1551,-1178
121900278,266,942,-676
121900279,128,221,-93
121900280,409,310,99
121900281,386,100,286
121900284,64,20,44
121900286,50,123,-73
121900287,4,22,-18
121900288,3,1,2
121900290,346,329,17
121900291,648,758,-110
121900292,385,144,241
121900293,1156,3894,-2738
121900294,255,0,255
121900295,92,292,-200
121900296,150,42,108
121900298,802,589,213
121900299,0,0,0
121900300,16,1,15
121900301,60,1,59
121900302,0,36,-36
121900303,1073,487,586
121900304,22,8,14
121900305,0,3,-3
121900306,54,2,52
121900307,16,1,15
121900308,24,300,-276
121900309,16,294,-278
121900310,26,477,-451
121900311,240,15,225
121900312,155,19,136
121900313,453,18,435
121900314,3,87,-84
121900315,30,0,30
121900316,0,41,-41
121900317,1,3,-2
121900318,2,30,-28
121900319,15,225,-210
121900320,84,101,-17
121900321,4,1,3
121900322,3,39,-36
121900323,39,19,20
121900324,8,73,-65
121900325,3,0,3
121900326,0,25,-25
121900327,4,30,-26
121900328,0,14,-14
121900329,3,179,-176
121900330,1,22,-21
121900331,53,2,51
121900332,66,29,37
121900333,31,0,31
121900334,267,109,158
122000001,2289,3568,-1279
122000002,4777,1514,3263
122000003,1624,1617,7
122000004,2905,1248,1657
122000005,3266,1113,2153
122000006,3428,591,2837
122000007,1785,1598,187
122000008,5185,5240,-55
122000009,458,282,176
122000010,2181,3841,-1660
122000011,2899,1079,1820
122000012,1806,1031,775
122000013,4916,1920,2996
122000014,2206,4161,-1955
122000015,1598,1066,532
122000016,736,743,-7
122000017,1138,1052,86
122000018,1503,962,541
122000019,1092,1751,-659
122000020,135,193,-58
122000021,638,316,322
122000022,1747,1892,-145
122000023,698,4489,-3791
122000024,1246,885,361
122000025,3499,1082,2417
122000026,1841,737,1104
122000027,648,7946,-7298
122000028,714,385,329
122000029,620,273,347
122000030,354,131,223
122000031,300,335,-35
122000032,2849,5798,-2949
122000033,1828,936,892
122000034,1409,673,736
122000035,304,1415,-1111
122000036,620,602,18
122000037,395,299,96
122000038,292,349,-57
122000039,686,799,-113
122000040,401,1387,-986
122000041,747,573,174
122000042,699,472,227
122000043,115,194,-79
122000044,106,245,-139
122000045,2220,688,1532
122000046,1278,1785,-507
122000047,340,181,159
122000048,3390,5844,-2454
122000049,6220,2145,4075
122000050,2765,607,2158
122000051,816,334,482
122000052,721,212,509
122000053,189,573,-384
122000054,2432,1962,470
122000055,3466,2385,1081
122000056,5273,5143,130
122000057,3344,3332,12
122000058,5656,944,4712
122000059,3218,1288,1930
122000060,929,564,365
122000061,483,316,167
122000062,1609,302,1307
122000063,1778,655,1123
122000064,6086,2646,3440
122000065,9540,2791,6749
122000066,740,434,306
122000067,4483,1488,2995
122000068,1771,2853,-1082
122000069,1436,906,530
122000070,789,8735,-7946
122000071,1151,2819,-1668
122000072,433,368,65
122000073,672,554,118
122000074,3224,1833,1391
122000075,628,2725,-2097
122000076,1671,1157,514
122000077,1643,648,995
122000078,3293,2022,1271
122000079,2791,860,1931
122000080,1775,440,1335
122000081,236,453,-217
122000082,1094,733,361
122000083,1400,5175,-3775
122000084,1459,928,531
122000085,338,4162,-3824
122000086,2507,8453,-5946
122000087,343,145,198
122000088,221,261,-40
122000089,10272,5905,4367
122000090,436,522,-86
122000091,798,45,753
122000092,449,23,426
122000093,3781,757,3024
122000094,10381,1789,8592
122000095,3489,3187,302
122000096,3072,2435,637
122000098,3042,1446,1596
122000099,6089,582,5507
122000100,1778,822,956
122000101,245,1961,-1716
122000102,1989,1054,935
122000103,2579,1400,1179
122000104,298,175,123
122000105,353,238,115
122000106,429,436,-7
122000107,1036,690,346
122000108,331,778,-447
122000109,321,539,-218
122000110,360,536,-176
122000111,3287,1061,2226
122000112,810,1794,-984
122000113,791,780,11
122000114,7212,1854,5358
122000115,1409,3777,-2368
122000116,330,472,-142
122000117,1044,334,710
122000118,263,543,-280
122000119,2657,1447,1210
122000120,2110,2319,-209
122000121,2529,2183,346
122000122,735,1386,-651
122000123,1716,1652,64
122000124,939,442,497
122000125,551,603,-52
122000126,534,644,-110
122000127,1218,845,373
122000128,723,900,-177
122000129,359,1462,-1103
122000130,2846,676,2170
122000131,1117,725,392
122000132,677,331,346
122000133,1197,2161,-964
122000134,530,535,-5
122000135,726,759,-33
122000136,479,385,94
122000137,1301,674,627
122000139,2891,4526,-1635
122000140,2540,586,1954
122000141,5758,1224,4534
122000142,923,674,249
122000143,368,268,100
122000144,1910,1050,860
122000145,3144,655,2489
122000146,785,975,-190
122000147,1496,542,954
122000148,3307,1182,2125
122000149,1724,1133,591
122000150,1451,825,626
122000151,255,357,-102
122000152,468,303,165
122000153,433,252,181
122000154,256,177,79
122000155,1345,2431,-1086
122000156,1520,1454,66
122000157,2611,962,1649
122000158,547,526,21
122000159,1346,1478,-132
122000160,2899,1163,1736
122000161,830,678,152
122000162,1710,1617,93
122000163,182,44,138
122000164,52,64,-12
122000165,830,743,87
122000166,1999,1950,49
122000167,133,154,-21
122000168,233,637,-404
122000169,801,251,550
122000170,258,284,-26
122000171,22,55,-33
122000172,1389,1907,-518
122000173,1326,2369,-1043
122000174,2937,988,1949
122000175,1569,365,1204
122000176,426,703,-277
122000177,1716,1343,373
122000178,3360,6426,-3066
122000179,2284,3436,-1152
122000180,1731,1111,620
122000181,2260,2755,-495
122000182,1749,1353,396
122000183,1950,1655,295
122000184,1799,1732,67
122000185,881,1024,-143
122000186,766,800,-34
122000187,3199,1100,2099
122000188,516,260,256
122000189,309,453,-144
122000190,1958,1156,802
122000191,1545,664,881
122000192,1253,391,862
122000193,516,555,-39
122000194,1609,265,1344
122000195,486,427,59
122000196,901,694,207
122000197,563,599,-36
122000198,879,815,64
122000199,600,366,234
122000200,2309,1198,1111
122000201,1038,1351,-313
122000202,1359,1048,311
122000203,2932,1442,1490
122000204,1410,2089,-679
122000205,1408,2235,-827
122000206,2508,842,1666
122000207,1545,1141,404
122000208,5322,1599,3723
122000209,5841,477,5364
122000210,3110,2229,881
122000211,3474,1196,2278
122000212,948,514,434
122000213,1332,1302,30
122000214,2167,2217,-50
122000215,2236,1514,722
122000217,3380,1417,1963
122000218,1245,164,1081
122000219,2098,1050,1048
122000220,372,623,-251
122000221,179,661,-482
122000222,516,172,344
122000223,1335,399,936
122000225,855,245,610
122000226,1521,2301,-780
122000227,350,4808,-4458
122000228,303,474,-171
122000229,32,453,-421
122000230,60,809,-749
122000231,267,962,-695
122000232,600,1282,-682
122000233,1,124,-123
122000234,260,287,-27
122000235,944,236,708
122000236,578,172,406
122000237,90,81,9
122000238,177,296,-119
122000239,517,149,368
122000240,1192,450,742
122000241,927,490,437
122000242,494,119,375
122000243,206,91,115
122000244,77,544,-467
122000245,81,360,-279
122000246,204,261,-57
122000247,648,1026,-378
122000248,1718,2471,-753
122000249,539,927,-388
122000250,1562,1347,215
122000251,161,408,-247
122000252,440,79,361
122000253,36,289,-253
122000254,118,77,41
122000255,759,1798,-1039
122000256,399,1981,-1582
122000257,105,455,-350
122000258,101,298,-197
122000259,17,962,-945
122000260,256,1119,-863
122000261,9,311,-302
122000262,1,95,-94
122000263,217,154,63
122000264,1821,609,1212
122000265,4323,1064,3259
122000266,10603,692,9911
122000267,131,162,-31
122000268,208,473,-265
122000269,1759,314,1445
122000270,3884,132,3752
122000271,962,1357,-395
122000272,400,1329,-929
122000273,422,619,-197
122000274,235,434,-199
122000275,190,352,-162
122000276,364,731,-367
122000277,956,1573,-617
122000278,688,1092,-404
122000279,177,434,-257
122000280,1135,711,424
122000281,811,757,54
122000282,140,170,-30
122000283,386,71,315
122000284,111,83,28
122000285,454,100,354
122000286,123,176,-53
122000287,858,1583,-725
122000288,376,324,52
122000291,937,507,430
122000293,493,270,223
122000294,111,227,-116
122000295,1813,253,1560
122000296,83,699,-616
122000297,3808,3440,368
122000299,353,585,-232
122000300,476,585,-109
122000301,20113,3047,17066
122000302,979,1349,-370
122000303,5159,1387,3772
122000304,81,251,-170
122000305,788,1245,-457
122000306,42,996,-954
122000307,172,191,-19
122000309,131,75,56
122000310,57,58,-1
122000311,279,160,119
122000312,268,115,153
122000313,75,69,6
122000314,189,287,-98
122000315,315,14,301
122000316,493,226,267
122000317,972,289,683
122000318,165,425,-260
122000319,290,824,-534
122000320,431,3386,-2955
122000321,203,387,-184
122000322,2404,5295,-2891
122000323,1825,2630,-805
122000324,2119,2160,-41
122000325,997,1326,-329
122000326,23,154,-131
122000327,361,587,-226
122000328,2037,841,1196
122000330,2367,619,1748
122000333,12,322,-310
122000337,745,1985,-1240
122000338,397,393,4
122000340,827,300,527
122000342,3997,1300,2697
122000343,480,1924,-1444
122000344,47,48,-1
122000345,142,194,-52
122000346,261,726,-465
122000348,426,795,-369
122000349,92,650,-558
122000351,83,324,-241
122000352,278,130,148
122000353,110,185,-75
122000355,182,139,43
122000356,3137,756,2381
122000357,29,21,8
122000358,0,81,-81
122000359,0,30,-30
122000360,0,28,-28
122000362,3,106,-103
122000364,106,428,-322
122000365,1,46,-45
122000366,7,2,5
122000368,733,744,-11
122000370,15,49,-34
122000371,7,0,7
122000372,11,2,9
122000381,35,436,-401
122000382,85,321,-236
122000384,7671,2995,4676
122000385,37,0,37
122000386,2521,1478,1043
122000387,1974,614,1360
122000388,5727,470,5257
122000389,475,693,-218
122000390,918,295,623
122000391,590,85,505
122000392,218,230,-12
122000393,263,730,-467
122000394,499,311,188
122000395,129,254,-125
122000396,320,158,162
122000397,70,112,-42
122000398,54,71,-17
122000399,103,86,17
122000400,254,369,-115
122000401,129,112,17
122000402,229,154,75
122000403,483,1615,-1132
122000404,104,504,-400
122000408,590,1098,-508
122000503,5,214,-209
122000524,208,101,107
122000544,114,7641,-7527
122000614,645,548,97
122000616,273,4,269
122000640,43,180,-137
122000641,55,505,-450
122000642,1254,1533,-279
122000643,23,186,-163
122000644,186,18,168
122000645,92,446,-354
122000651,3229,641,2588
122000664,272,51,221
122000665,924,494,430
122000666,548,1362,-814
122000673,65,444,-379
122000674,93,60,33
122000675,2027,1904,123
122000686,356,1717,-1361
122000687,2749,433,2316
122000688,162,1031,-869
122000689,785,816,-31
122000690,964,697,267
122000691,270,3531,-3261
122000692,1190,357,833
122000693,332,2314,-1982
122000695,275,703,-428
122000696,307,446,-139
122000698,184,1213,-1029
122000699,152,71,81
122000701,1191,434,757
122000702,570,2981,-2411
122000703,156,108,48
122000717,320,64,256
122000718,1011,2111,-1100
122000719,213,70,143
122000720,261,357,-96
122000724,283,425,-142
122900001,22,9,13
122900002,1562,4793,-3231
122900003,592,33,559
122900004,616,32,584
122900005,71,46,25
122900006,762,297,465
122900007,206,20,186
122900008,696,45,651
122900009,776,388,388
122900010,197,196,1
122900012,182,259,-77
122900014,152,338,-186
122900015,2881,541,2340
122900016,227,352,-125
122900017,868,969,-101
122900018,357,12,345
122900020,440,402,38
122900021,86,657,-571
122900022,526,1079,-553
122900023,174,244,-70
122900024,89,105,-16
122900025,9,123,-114
122900026,180,324,-144
122900027,105,1073,-968
122900028,167,144,23
122900029,6155,3963,2192
122900030,1815,427,1388
122900031,338,230,108
122900032,101,332,-231
122900033,229,124,105
122900034,4677,10204,-5527
122900035,34,8,26
122900036,49,432,-383
122900037,578,68,510
122900038,218,3625,-3407
122900039,66,444,-378
122900040,608,390,218
122900041,248,165,83
122900042,200,338,-138
122900043,896,261,635
122900044,124,362,-238
122900045,114,108,6
122900046,102,93,9
122900047,691,178,513
122900048,27,391,-364
122900049,2748,115,2633
122900051,176,131,45
122900052,74,179,-105
122900053,14,20,-6
122900055,407,106,301
122900057,548,36,512
122900061,455,153,302
122900062,361,539,-178
122900063,188,422,-234
122900064,1138,569,569
122900065,556,137,419
122900066,391,250,141
122900067,1782,904,878
122900069,190,1456,-1266
122900070,337,50,287
122900071,116,443,-327
122900073,26,397,-371
122900074,464,716,-252
122900075,3,91,-88
122900076,7,266,-259
122900077,3,148,-145
122900078,104,157,-53
122900080,87,33,54
122900081,758,173,585
122900082,932,221,711
122900083,202,112,90
122900084,3,275,-272
122900086,15,40,-25
122900087,216,497,-281
122900088,53,55,-2
122900089,46,213,-167
122900090,10,950,-940
122900091,127,1,126
122900092,1,147,-146
122900093,0,423,-423
122900094,0,317,-317
122900095,177,5,172
122900096,256,601,-345
122900097,46,39,7
122900098,111,117,-6
122900099,17,3,14
122900100,355,180,175
122900101,1184,309,875
122900102,11,7,4
122900103,57,6,51
122900104,60,1,59
122900105,3,3,0
122900106,1,105,-104
122900107,6,310,-304
122900108,3,396,-393
122900109,197,189,8
123000001,2414,424,1990
123000002,7468,3519,3949
123000003,4718,4521,197
123000004,3715,5620,-1905
123000005,2973,4071,-1098
123000006,3684,3984,-300
123000007,3871,3965,-94
123000008,3236,4562,-1326
123000009,6534,3769,2765
123000010,4932,4326,606
123000011,9803,1067,8736
123000012,2518,3011,-493
123000013,5010,1078,3932
123000014,2296,4835,-2539
123000015,5653,1273,4380
123000016,8550,4391,4159
123000017,3822,1720,2102
123000018,55,127,-72
123000019,142,350,-208
123000020,88,132,-44
123000021,61,323,-262
123000022,545,2628,-2083
123000023,1732,1590,142
123000024,2202,849,1353
123000025,294,124,170
123000026,19,150,-131
123000027,421,194,227
123000028,1087,193,894
123000029,1656,307,1349
123000030,599,643,-44
123000031,104,513,-409
123000032,281,409,-128
123000033,690,125,565
123000034,901,840,61
123000035,258,381,-123
123000036,237,857,-620
123000037,223,353,-130
123000038,89,290,-201
123000039,535,1078,-543
123000040,1652,370,1282
123000041,1593,652,941
123000042,1777,463,1314
123000043,2456,5031,-2575
123000044,7305,2197,5108
123000045,10228,2007,8221
123000046,1168,1220,-52
123000047,3472,1184,2288
123000048,46,455,-409
123000049,8220,7860,360
123000050,798,1572,-774
123000051,110,248,-138
123000052,541,2899,-2358
123000053,1921,3101,-1180
123000054,1218,1452,-234
123000055,812,1502,-690
123000056,1668,2376,-708
123000057,20878,6036,14842
123000058,3212,1776,1436
123000059,912,559,353
123000060,958,668,290
123000061,195,820,-625
123000063,783,960,-177
123000064,910,274,636
123000065,9515,4056,5459
123000066,1219,1202,17
123000067,707,670,37
123000068,4269,3722,547
123000069,7303,3925,3378
123000070,241,968,-727
123000071,684,1591,-907
123000072,861,1874,-1013
123000073,1021,1238,-217
123000074,1266,2822,-1556
123000075,537,1073,-536
123000076,692,1374,-682
123000077,2793,4278,-1485
123000078,1120,2682,-1562
123000079,1249,3127,-1878
123000080,2475,3435,-960
123000081,168,804,-636
123000082,387,1471,-1084
123000083,649,214,435
123000084,754,1030,-276
123000085,414,103,311
123000086,214,229,-15
123000087,350,503,-153
123000088,1686,1971,-285
123000089,467,2235,-1768
123000090,1627,1669,-42
123000091,2108,2184,-76
123000092,1462,1796,-334
123000094,638,344,294
123000095,335,1061,-726
123000096,507,626,-119
123000097,410,1553,-1143
123000098,601,883,-282
123000099,645,1285,-640
123000100,485,690,-205
123000101,624,783,-159
123000102,654,657,-3
123000104,452,491,-39
123000105,610,596,14
123000106,517,459,58
123000107,460,646,-186
123000108,1012,1722,-710
123000111,760,552,208
123000112,737,912,-175
123000113,528,1635,-1107
123000114,677,725,-48
123000115,271,407,-136
123000116,25,202,-177
123000117,1728,2937,-1209
123000118,493,1134,-641
123000119,311,1425,-1114
123000120,523,1164,-641
123000121,626,841,-215
123000122,602,236,366
123000123,686,901,-215
123000124,855,609,246
123000125,1084,621,463
123000126,4143,4575,-432
123000127,1498,891,607
123000128,439,557,-118
123000129,484,299,185
123000130,508,122,386
123000131,1143,959,184
123000132,453,731,-278
123000133,297,490,-193
123000134,546,337,209
123000135,1221,1214,7
123000136,270,1513,-1243
123000137,96,533,-437
123000138,173,498,-325
123000139,499,217,282
123000140,121,737,-616
123000141,756,140,616
123000142,1205,1355,-150
123000143,2676,3611,-935
123000144,29,24,5
123000145,269,85,184
123000146,97,95,2
123000147,150,138,12
123000149,410,344,66
123000150,496,319,177
123000151,410,538,-128
123000152,79,354,-275
123000153,214,765,-551
123000154,2232,2878,-646
123000155,2813,1008,1805
123000156,26,89,-63
123000157,669,1025,-356
123000158,723,912,-189
123000159,5272,2375,2897
123000160,1777,1119,658
123000161,1061,1258,-197
123000162,735,1797,-1062
123000163,238,398,-160
123000164,1163,274,889
123000165,357,2303,-1946
123000166,38,208,-170
123000167,155,386,-231
123000168,172,419,-247
123000169,636,122,514
123000170,83,488,-405
123000171,379,121,258
123000172,165,767,-602
123000173,697,253,444
123000174,817,308,509
123000175,1042,1401,-359
123000176,626,221,405
123000177,366,1135,-769
123000178,818,182,636
123000179,43,1006,-963
123000180,1132,345,787
123000181,444,1986,-1542
123000182,206,455,-249
123000183,119,361,-242
123000185,420,631,-211
123000186,0,875,-875
123000187,412,9,403
123000188,293,2,291
123000189,86,277,-191
123000190,53,278,-225
123000192,44,436,-392
123000193,123,858,-735
123000194,588,469,119
123000195,370,53,317
123000196,253,77,176
123000197,110,87,23
123000198,26,188,-162
123000199,42,613,-571
123000200,210,0,210
123000201,570,54,516
123000202,31,1281,-1250
123000203,657,88,569
123000204,70,1426,-1356
123000205,547,2348,-1801
123000206,1231,200,1031
123000207,228,1502,-1274
123000208,505,141,364
123000209,1908,388,1520
123000210,437,1937,-1500
123000211,610,2866,-2256
123000212,2451,459,1992
123000213,721,77,644
123000215,208,228,-20
123000216,218,1034,-816
123000217,231,36,195
123000218,107,518,-411
123000219,1303,100,1203
123000220,565,133,432
123000221,183,155,28
123000222,614,604,10
123000223,124,882,-758
123000224,518,989,-471
123000225,212,110,102
123000226,38,354,-316
123000227,70,412,-342
123000228,214,53,161
123000229,1880,2210,-330
123000232,108,837,-729
123000233,792,258,534
123000234,218,901,-683
123000235,593,434,159
123000236,225,1048,-823
123000237,280,74,206
123000238,124,862,-738
123000239,609,2235,-1626
123000240,45,475,-430
123000241,1740,166,1574
123000242,66,223,-157
123000243,966,1099,-133
123000244,1052,565,487
123000245,68,141,-73
123000249,637,1449,-812
123000252,984,171,813
123000253,739,436,303
123000254,547,1219,-672
123000255,935,780,155
123000256,54,288,-234
123000257,2799,2398,401
123000258,1461,2417,-956
123000259,270,492,-222
123000260,410,642,-232
123000261,117,236,-119
123000262,141,350,-209
123000263,297,103,194
123000264,149,48,101
123000265,71,205,-134
123000266,480,886,-406
123000267,291,324,-33
123000268,40,69,-29
123000269,23,52,-29
123000270,28,44,-16
123000271,128,95,33
123000272,909,361,548
123000273,417,601,-184
123000274,1205,540,665
123000275,298,1270,-972
123000278,4157,3231,926
123000279,88,170,-82
123000280,494,456,38
123000281,338,111,227
123000282,237,291,-54
123000283,117,68,49
123000284,48,174,-126
123000286,379,280,99
123000287,782,298,484
123000288,1637,697,940
123000289,913,1047,-134
123000291,465,893,-428
123000294,494,309,185
123000295,994,965,29
123000296,481,412,69
123000297,412,1325,-913
123000298,369,808,-439
123000299,153,594,-441
123000300,1315,1458,-143
123000301,241,276,-35
123000302,58,281,-223
123000303,282,78,204
123000305,1483,1150,333
123000306,77,308,-231
123000309,64,94,-30
123000310,124,52,72
123000311,100,310,-210
123000312,1443,1247,196
123000313,449,693,-244
123000315,40,474,-434
123000316,3628,413,3215
123000317,347,57,290
123000318,52,452,-400
123000329,22,18,4
123000337,351,442,-91
123000338,552,45,507
123000339,139,317,-178
123000340,180,720,-540
123000342,56,293,-237
123000343,209,6,203
123000344,1473,611,862
123000345,356,715,-359
123000346,340,137,203
123000352,2788,803,1985
123000353,19,243,-224
123000354,951,31,920
123000355,3,1176,-1173
123000356,226,14,212
123000357,2,352,-350
123000359,4,265,-261
123000360,173,120,53
123000361,889,339,550
123000362,326,145,181
123000363,58,209,-151
123000364,701,573,128
123000365,33,393,-360
123000366,330,1791,-1461
123000367,1789,2385,-596
123000370,59,344,-285
123000371,168,31,137
123000372,296,45,251
123000373,27,559,-532
123000374,19,304,-285
123000375,133,37,96
123000376,1040,913,127
123000377,164,17,147
123000378,11,417,-406
123000379,5,354,-349
123000380,109,316,-207
123000381,300,50,250
123000382,1229,131,1098
123000383,423,1112,-689
123000384,793,120,673
123000385,623,994,-371
123000436,117,1191,-1074
123000507,158,739,-581
123000508,137,570,-433
123000517,293,26,267
123000518,26,272,-246
123000519,157,95,62
123000520,40,276,-236
123000521,314,128,186
123000522,106,623,-517
123000541,3,2,1
123000542,0,52,-52
123000565,329,18,311
123000566,116,911,-795
123000567,154,334,-180
123000573,32,1172,-1140
123000574,435,84,351
123000575,1443,1301,142
123000576,675,2869,-2194
123000577,180,840,-660
123000578,1128,46,1082
123000579,5468,5185,283
123000580,94,19,75
123000582,395,33,362
123000583,10,609,-599
123000584,213,337,-124
123000585,1,167,-166
123000586,66,2,64
123000596,227,198,29
123000597,75,160,-85
123000602,32,7,25
123000603,281,1168,-887
123000604,508,1424,-916
123000605,1239,20,1219
123000606,0,363,-363
123000609,41,364,-323
123000610,147,113,34
123000613,38,246,-208
123000614,155,67,88
123000615,40,384,-344
123000616,334,62,272
123000617,63,590,-527
123000618,67,790,-723
123000619,658,37,621
123000620,29,661,-632
123000622,269,13,256
123000624,98,165,-67
123000630,835,599,236
123000631,338,3216,-2878
123000632,2013,2330,-317
123000633,1,626,-625
123000634,214,91,123
123000635,328,147,181
123000636,42,901,-859
123000637,208,51,157
123000638,600,111,489
123000639,1175,3420,-2245
123000640,45,1311,-1266
123000648,1027,168,859
123000649,238,1795,-1557
123000650,108,112,-4
123000651,48,416,-368
123000652,173,104,69
123000653,59,428,-369
123000654,198,227,-29
123900001,1662,76,1586
123900002,38,1534,-1496
123900003,465,843,-378
123900005,357,111,246
123900006,609,70,539
124000001,1693,72,1621
124000002,38,1270,-1232
124000003,513,152,361
124000004,56,879,-823
124000005,709,302,407
124000006,345,1668,-1323
124000007,727,95,632
124000008,25,776,-751
124000009,527,322,205
124000010,212,860,-648
124000011,1670,277,1393
124000012,554,894,-340
124000017,151,96,55
124000018,96,100,-4
124000019,103,131,-28
124000020,46,198,-152
124000021,170,68,102
124000022,141,278,-137
124000023,1189,203,986
124000024,1172,861,311
124000025,802,501,301
124000026,884,695,189
124000027,1413,694,719
124000028,2956,1189,1767
124000031,1325,1673,-348
124000032,6387,1693,4694
124000033,903,776,127
124000034,1614,1445,169
124000035,245,120,125
124000036,148,780,-632
124000037,413,693,-280
124000038,39,109,-70
124000039,1021,326,695
124000040,646,663,-17
124000041,227,193,34
124000042,77,417,-340
124000043,80,176,-96
124000044,52,330,-278
124000045,465,678,-213
124000046,226,1051,-825
124000047,955,1175,-220
124000048,691,2350,-1659
124000049,1233,791,442
124000050,586,3128,-2542
124000051,633,565,68
124000052,506,1618,-1112
124000053,448,1195,-747
124000054,889,783,106
124000055,1136,1794,-658
124000056,5460,1641,3819
124000057,837,538,299
124000058,443,1956,-1513
124000059,469,818,-349
124000060,1166,1209,-43
124000061,1498,3786,-2288
124000062,10111,2231,7880
124000063,1494,2592,-1098
124000064,3667,2396,1271
124000065,628,363,265
124000066,658,80,578
124000067,131,267,-136
124000068,58,92,-34
124000069,383,404,-21
124000070,155,573,-418
124000071,122,147,-25
124000072,171,491,-320
124000073,746,199,547
124000074,202,856,-654
124000075,176,62,114
124000076,16,261,-245
124000077,1720,642,1078
124000078,1991,711,1280
124000079,436,852,-416
124000080,267,173,94
124000081,132,925,-793
124000082,53,154,-101
124000083,68,291,-223
124000084,165,414,-249
124000085,84,81,3
124000086,85,133,-48
124000087,152,114,38
124000088,204,378,-174
124000089,547,413,134
124000090,212,535,-323
124000091,1346,251,1095
124000092,361,1002,-641
124000093,64,111,-47
124000094,89,538,-449
124000095,40,88,-48
124000096,75,355,-280
124000097,114,153,-39
124000098,28,170,-142
124000099,155,133,22
124000100,102,98,4
124000101,66,118,-52
124000102,138,168,-30
124000103,66,107,-41
124000104,271,163,108
124000105,61,66,-5
124000106,251,180,71
124000107,15,150,-135
124000108,112,88,24
124000109,85,84,1
124000110,268,197,71
124000111,267,170,97
124000112,604,1156,-552
124000113,66,95,-29
124000114,288,954,-666
124000115,439,1167,-728
124000116,112,106,6
124000117,128,138,-10
124000118,43,61,-18
124000119,2402,754,1648
124000120,1289,753,536
124000121,3575,868,2707
124000122,552,1394,-842
124000123,878,524,354
124000124,643,1226,-583
124000125,340,414,-74
124000126,425,634,-209
124000127,715,425,290
124000128,587,1034,-447
124000129,2025,1512,513
124000130,955,730,225
124000131,1328,485,843
124000132,1199,922,277
124000133,924,924,0
124000134,714,1144,-430
124000135,1496,1555,-59
124000136,955,1285,-330
124000137,1325,601,724
124000138,1719,1144,575
124000139,1115,59,1056
124000140,151,720,-569
124000141,539,22,517
124000142,47,869,-822
124000143,70,23,47
124000144,2,232,-230
124000145,45,37,8
124000146,21,129,-108
124000148,20,64,-44
124000149,754,379,375
124000150,350,643,-293
124000151,663,358,305
124000152,762,1584,-822
124000153,447,545,-98
124000154,316,1072,-756
124000155,991,803,188
124000156,1942,1030,912
124000169,394,790,-396
124000170,1211,522,689
124000171,409,455,-46
124000172,612,751,-139
124000173,486,443,43
124000174,465,917,-452
124000175,8,124,-116
124000176,35,16,19
124000177,7,33,-26
124000178,12,36,-24
124000185,41,16,25
124000186,8,146,-138
124000187,3,219,-216
124000188,54,17,37
124000190,268,29,239
124000191,1718,124,1594
124000192,2710,335,2375
124000193,806,1064,-258
124000194,459,609,-150
124000195,219,479,-260
124000196,1827,1445,382
124000197,65,78,-13
124000198,24,46,-22
124000201,279,1304,-1025
124000202,552,150,402
124000203,120,1156,-1036
124000204,400,725,-325
124000205,31,853,-822
124000206,336,463,-127
124000207,0,49,-49
124000209,211,543,-332
124000210,217,195,22
124000211,336,1,335
124000212,1,711,-710
124000213,200,709,-509
124000214,145,821,-676
124000215,282,21,261
124000216,12,866,-854
124000329,92,2910,-2818
124000338,44,1304,-1260
124000339,391,62,329
124000341,861,66,795
124000344,30,3,27
124000357,1817,4486,-2669
124000358,1855,3218,-1363
124000359,1161,901,260
124000360,581,855,-274
124000361,2331,751,1580
124000362,1871,1795,76
124000363,363,607,-244
124000364,831,1251,-420
124000365,869,1419,-550
124000366,2961,1802,1159
124000367,185,730,-545
124000368,355,226,129
124000369,170,226,-56
124000370,58,700,-642
124000402,45,13,32
124000403,58,5,53
124000404,8,138,-130
124000405,817,797,20
124000406,931,914,17
124000407,4,23,-19
124000411,13,430,-417
124000412,338,12,326
124000413,1063,38,1025
124000414,62,167,-105
124000415,47,333,-286
124000416,145,524,-379
124000417,97,134,-37
124000418,80,167,-87
124000419,62,248,-186
124000420,36,107,-71
124000421,29,439,-410
124000422,55,20,35
124000423,141,62,79
124000424,4,190,-186
124000425,62,31,31
124000426,3,288,-285
124000427,82,4,78
124000428,65,38,27
124000429,19,68,-49
124000430,758,732,26
124000431,398,816,-418
124000432,132,1340,-1208
124000439,14,24,-10
124000443,1,105,-104
124000445,496,856,-360
124000446,3675,196,3479
124000447,19,232,-213
124000448,25,17,8
124000449,96,16,80
124000450,21,679,-658
124000451,5,398,-393
124000452,502,105,397
124000453,2738,3918,-1180
124000454,4235,5080,-845
124000455,18,1315,-1297
124000456,180,7,173
124000457,4,443,-439
124000458,4,399,-395
124000459,132,9,123
124000460,4,347,-343
124900001,343,331,12
124900002,166,655,-489
124900003,748,743,5
124900004,360,500,-140
124900005,271,323,-52
124900006,345,486,-141
124900008,1301,410,891
124900009,98,184,-86
124900010,73,36,37
124900011,287,328,-41
124900012,340,128,212
124900013,298,194,104
124900014,160,129,31
124900015,155,165,-10
124900016,43,43,0
124900017,750,698,52
124900018,24,15,9
124900020,41,56,-15
124900021,103,39,64
124900022,20,8,12
124900024,198,59,139
124900026,79,4,75
124900027,115,170,-55
124900028,683,163,520
124900029,3,350,-347
124900030,5,187,-182
124900031,21,479,-458
124900032,170,137,33
124900033,84,363,-279
124900034,2,81,-79
124900035,151,477,-326
124900036,1,35,-34
124900037,133,495,-362
124900038,186,449,-263
124900039,3,19,-16
124900040,109,75,34
124900041,254,1668,-1414
124900042,113,1,112
124900043,449,1409,-960
124900044,137,2,135
124900045,510,905,-395
124900047,88,207,-119
124900048,142,270,-128
124900050,152,399,-247
124900052,140,335,-195
124900053,82,328,-246
124900054,4717,425,4292
124900055,2,139,-137
124900057,26,495,-469
124900060,77,313,-236
124900061,25,10,15
124900062,82,14,68
124900066,0,13,-13
124900067,11,229,-218
124900068,182,288,-106
124900070,22,33,-11
124900072,61,32,29
124900075,133,233,-100
124900076,32,639,-607
124900077,16,110,-94
124900078,61,12,49
124900079,1162,187,975
124900080,215,936,-721
124900081,759,314,445
124900082,414,1407,-993
124900083,171,688,-517
124900085,1260,169,1091
124900086,60,690,-630
124900087,509,91,418
124900088,416,101,315
124900089,1706,36,1670
124900090,204,236,-32
124900091,288,701,-413
124900092,270,535,-265
124900093,280,204,76
124900094,251,286,-35
124900095,68,380,-312
124900096,574,159,415
124900097,200,83,117
124900098,93,487,-394
124900099,595,359,236
124900100,153,72,81
124900101,35,200,-165
124900102,132,58,74
124900103,124,446,-322
124900104,47,311,-264
124900105,59,170,-111
124900106,227,51,176
124900107,48,15,33
124900108,175,78,97
124900111,0,59,-59
124900112,71,733,-662
124900113,121,186,-65
124900114,261,88,173
124900115,54,42,12
124900116,89,109,-20
124900117,996,130,866
124900118,138,178,-40
124900119,235,158,77
124900120,44,453,-409
124900121,135,178,-43
124900122,522,220,302
124900123,307,47,260
124900124,179,180,-1
124900125,299,2,297
124900126,6,862,-856
204000001,50,29,21
204000002,56,21,35
204000003,55,1,54
204000004,2,1,1
204000005,740,914,-174
204000006,1278,2997,-1719
204000011,8,82,-74
204000012,29,148,-119
204000019,662,772,-110
204000020,739,1179,-440
204000021,2827,1132,1695
204000022,572,743,-171
204000023,512,1571,-1059
204000031,143,21,122
204000032,1035,52,983
204000034,36,261,-225
204000035,11,3,8
204000036,7,19,-12
204000037,11,29,-18
204000038,2,28,-26
204000039,4,43,-39
204000040,1,44,-43
204000041,14,22,-8
204000042,58,17,41
204000043,11,3,8
204000044,26,7,19
204000045,20,6,14
204000046,7,7,0
204000057,6,27,-21
204000062,35,188,-153
204000068,94,298,-204
204000069,35,308,-273
204000070,63,189,-126
204000080,32,61,-29
204000085,1877,2316,-439
204000086,4311,3190,1121
204000087,74,33,41
204000088,14,160,-146
204000090,91,432,-341
204000093,213,140,73
204000096,948,1376,-428
204000097,250,188,62
204000099,1026,2232,-1206
204000100,1113,2005,-892
204000105,2664,2496,168
204000110,951,1711,-760
204000111,624,1118,-494
204000112,1295,1165,130
204000113,750,1262,-512
204000114,829,837,-8
204000115,626,503,123
204000116,1134,760,374
204000119,2320,3502,-1182
204000132,494,363,131
204000133,696,483,213
204000134,194,189,5
204000135,713,170,543
204000136,372,377,-5
204000138,457,516,-59
204000140,250,199,51
204000141,160,115,45
204000144,11,44,-33
204000145,447,32,415
204000146,11,383,-372
204000147,155,259,-104
204000148,530,110,420
204000154,9,3,6
204000155,0,8,-8
204000177,59,119,-60
204000179,30,20,10
204000180,0,41,-41
204000222,4,4,0
204000235,9,15,-6
204000236,82,372,-290
204000238,7,58,-51
204000240,439,111,328
204000263,848,1885,-1037
204000268,1252,1126,126
204000308,296,53,243
204000317,7,85,-78
204000322,6,50,-44
204000323,21,24,-3
204000328,195,156,39
204000329,119,208,-89
204000330,405,307,98
204000331,175,202,-27
205000001,1172,2070,-898
205000013,33,115,-82
205000014,15,130,-115
205000015,64,261,-197
205000016,30,216,-186
205000017,68,151,-83
205000022,470,919,-449
205000025,2396,1442,954
205000029,253,11,242
205000045,229,280,-51
205000046,69,803,-734
205000047,27,669,-642
205000048,307,1813,-1506
205000049,165,1182,-1017
205000050,1968,488,1480
205000059,0,297,-297
205000060,1,117,-116
205000061,2,47,-45
205000062,9,36,-27
205000063,22,403,-381
205000064,29,269,-240
205000065,67,773,-706
205000066,122,1150,-1028
205000067,46,1503,-1457
205000069,173,22,151
205000082,194,663,-469
205000110,89,386,-297
205000111,222,376,-154
205000112,109,237,-128
205000113,289,309,-20
205000121,356,301,55
205000123,77,256,-179
205000126,441,450,-9
205000127,722,706,16
205000128,820,431,389
205000129,860,397,463
205000130,1448,133,1315
205000131,1527,34,1493
205000132,2591,14,2577
205000133,1866,6,1860
205000134,575,0,575
205000137,83,199,-116
205000138,238,348,-110
205000139,34,135,-101
205000144,59,125,-66
205000145,212,537,-325
205000151,159,184,-25
205000152,209,134,75
205000153,157,222,-65
205000154,51,268,-217
205000155,196,81,115
205000207,11,177,-166
205000233,218,120,98
205000234,0,0,0
205000243,0,2,-2
205000244,0,2,-2
205000245,38,423,-385
205000249,0,37,-37
205000250,3,0,3
205000264,20,128,-108
206000027,19,3,16
206000028,10,6,4
206000043,24,131,-107
206000053,4,5,-1
206000054,5,20,-15
206000055,1,30,-29
206000075,6,5,1
206000076,19,9,10
206000077,10,7,3
206000078,34,3,31
206000079,13,7,6
206000082,553,29,524
206000100,101,713,-612
206000103,8,28,-20
206000104,16,19,-3
206000105,20,16,4
206000106,10,25,-15
206000125,50,0,50
206000157,93,616,-523
206000170,1,164,-163
206000171,1,187,-186
206000172,7,932,-925
206000173,0,346,-346
206000174,8,105,-97
206000175,3,185,-182
206000176,10,310,-300
206000177,1,211,-210
206000178,5,163,-158
206000179,14,64,-50
206000180,39,154,-115
206000181,4,351,-347
206000182,21,304,-283
206000183,23,1120,-1097
206000184,9,336,-327
206000185,5,281,-276
206000186,103,1627,-1524
206000223,13,222,-209
206000226,3,3,0
206000227,24,2,22
206000237,40,521,-481
206000238,35,691,-656
206000239,631,2048,-1417
206000240,0,48,-48
206000241,1,154,-153
206000242,15,379,-364
206000243,8,288,-280
206000244,54,792,-738
206000245,358,53,305
206000246,62,9,53
206000247,74,32,42
206000248,413,16,397
206000252,102,25,77
206000258,33,31,2
206000315,25,6,19
206000317,477,88,389
206000318,277,84,193
206000319,457,179,278
206000320,48,38,10
206000321,37,11,26
206000322,210,20,190
206000323,74,9,65
206000324,75,6,69
206000325,159,14,145
206000326,204,13,191
206000327,571,17,554
206000328,78,2,76
206000329,119,5,114
206000330,16,21,-5
206000331,63,3,60
206000332,20,11,9
206000333,281,0,281
206000334,136,0,136
206000335,0,16,-16
206000361,9,260,-251
206000392,4,21,-17
206000405,231,1,230
206000441,24,9,15
206000498,64,2,62
206000515,78,24,54
206000530,116,44,72
206000531,208,139,69
206000532,2850,228,2622
206000535,329,2716,-2387
206000536,22,285,-263
206000537,19,181,-162
206000613,1361,233,1128
206000784,450,26,424
207000001,236,542,-306
207000002,163,383,-220
207000003,192,256,-64
207000007,638,260,378
207000008,40,27,13
207000009,112,35,77
207000010,583,605,-22
207000012,242,348,-106
207000015,386,2162,-1776
207000019,423,119,304
207000021,748,233,515
207000022,156,153,3
207000023,136,89,47
207000024,7,33,-26
207000025,31,97,-66
207000026,198,43,155
207000027,22,81,-59
207000028,75,293,-218
207000029,370,551,-181
207000033,324,372,-48
207000034,284,100,184
207000039,243,193,50
207000040,138,197,-59
207000041,53,50,3
207000042,295,116,179
207000043,287,175,112
207000051,120,287,-167
207000052,20,239,-219
207000053,417,799,-382
207000054,55,198,-143
207000055,128,223,-95
207000056,337,631,-294
207000057,114,373,-259
207000058,141,619,-478
207000059,105,1193,-1088
207000060,116,456,-340
207000061,297,334,-37
207000062,215,58,157
207000063,260,177,83
207000064,416,223,193
207000065,228,252,-24
207000066,195,285,-90
207000067,80,187,-107
207000068,175,106,69
207000069,737,516,221
207000082,16,312,-296
207000083,90,425,-335
207000084,201,327,-126
207000085,164,11,153
207000086,116,2,114
207000106,18,29,-11
207000107,42,11,31
207000108,44,12,32
207000109,43,21,22
207000110,36,88,-52
207000111,67,57,10
207000112,507,470,37
207000114,26,46,-20
207000115,9,88,-79
207000116,29,281,-252
207000117,11,113,-102
207000118,3,86,-83
207000119,34,122,-88
207000123,202,49,153
207000124,36,24,12
207000125,54,62,-8
207000126,34,73,-39
207000134,73,271,-198
207000135,19,340,-321
207000148,38,166,-128
207000149,97,46,51
207000152,238,456,-218
207000153,1083,1158,-75
207000154,482,183,299
207000159,79,371,-292
207000160,175,783,-608
207000238,0,224,-224
207000242,2,296,-294
207000248,41,18,23
207000249,203,59,144
207000250,1521,83,1438
207000251,182,85,97
207000252,62,54,8
207000278,102,127,-25
207000279,30,281,-251
207000280,280,75,205
207000281,89,1775,-1686
207000282,146,52,94
207000283,149,352,-203
207000284,77,114,-37
207000285,237,32,205
207000291,14,112,-98
207000304,205,114,91
207000306,97,496,-399
207000310,60,59,1
207000353,304,7,297
207000356,11,21,-10
207000357,68,4,64
207000358,19,9,10
207000415,9,268,-259
207000417,22,2,20
207000418,107,188,-81
207000438,0,1,-1
207000439,1103,466,637
207000446,128,6,122
207000460,3,9,-6
207000466,162,187,-25
207000467,187,158,29
207000468,60,586,-526
207000476,3,118,-115
207000477,277,181,96
207000478,6,29,-23
207000523,0,12,-12
207000524,78,1,77
207000527,136,219,-83
207000530,144,8,136
207000531,205,8,197
207000532,56,21,35
207000534,772,55,717
207000535,84,188,-104
207000537,27,182,-155
207000540,22,326,-304
207000541,2,490,-488
207000548,6,484,-478
207000549,220,10,210
207000561,99,100,-1
207000562,65,316,-251
207000567,184,346,-162
207000568,94,141,-47
207000569,248,1549,-1301
207000584,458,220,238
207000585,137,154,-17
207000587,81,43,38
207000616,0,210,-210
207000617,89,0,89
207000624,70,48,22
207000631,7,57,-50
207900008,115,303,-188
208000001,628,1299,-671
208000002,806,1017,-211
208000003,1543,1247,296
208000004,2183,1427,756
208000005,45,25,20
208000019,440,1225,-785
208000020,226,641,-415
208000021,257,811,-554
208000022,700,972,-272
208000028,1677,924,753
208000033,429,1068,-639
208000034,1595,2688,-1093
208000037,634,69,565
208000040,105,198,-93
208000041,750,566,184
208000042,962,670,292
208000047,167,753,-586
208000064,3113,2408,705
208000066,2079,2615,-536
208000070,331,580,-249
208000071,498,1338,-840
208000072,432,1974,-1542
208000080,228,672,-444
208000081,278,293,-15
208000082,336,445,-109
208000083,167,464,-297
208000084,112,27,85
208000085,1976,734,1242
208000086,783,1161,-378
208000087,450,1026,-576
208000089,1102,1021,81
208000090,710,1468,-758
208000093,114,227,-113
208000094,566,814,-248
208000095,902,511,391
208000104,884,1731,-847
208000105,615,1729,-1114
208000114,106,390,-284
208000115,493,425,68
208000116,413,1114,-701
208000117,87,193,-106
208000118,93,162,-69
208000155,872,1298,-426
208000158,2001,3682,-1681
208000186,3625,4482,-857
208000204,732,1569,-837
208000205,1176,2105,-929
208000282,5083,2419,2664
209000004,227,373,-146
209000005,65,83,-18
209000006,786,176,610
209000007,807,303,504
209000010,966,194,772
209000011,315,319,-4
209000012,161,367,-206
209000013,267,738,-471
209000014,763,1736,-973
209000025,425,61,364
209000026,948,197,751
209000027,570,1396,-826
209000028,635,1135,-500
209000029,2071,1211,860
209000030,1486,2387,-901
209000031,5810,3219,2591
209000034,223,321,-98
209000035,157,230,-73
209000036,247,224,23
209000037,213,421,-208
209000038,87,281,-194
209000039,70,233,-163
209000040,342,670,-328
209000041,182,486,-304
209000042,229,512,-283
209000043,795,1024,-229
209000044,206,920,-714
209000045,1721,459,1262
209000046,518,567,-49
209000047,526,270,256
209000048,922,270,652
209000049,75,164,-89
209000050,208,324,-116
209000051,420,615,-195
209000052,301,590,-289
209000062,38,204,-166
209000063,63,186,-123
209000064,28,203,-175
209000065,44,93,-49
209000066,70,81,-11
209000067,56,153,-97
209000080,49,419,-370
209000082,78,56,22
209000091,77,121,-44
209000093,107,38,69
209000094,260,180,80
209000110,72,105,-33
209000111,454,2280,-1826
209000112,1061,931,130
209000113,4165,919,3246
209000114,447,630,-183
209000115,177,286,-109
209000116,1158,801,357
209000118,119,68,51
209000119,92,9,83
209000121,319,1056,-737
209000135,82,146,-64
209000142,1046,3034,-1988
209000143,264,209,55
209000144,259,99,160
209000229,196,207,-11
209000240,60,674,-614
209000259,126,167,-41
209000260,58,1147,-1089
209000261,1,691,-690
209000262,1,642,-641
209000263,1,127,-126
209000264,0,30,-30
209000265,260,1,259
209000266,31,5,26
209000267,492,18,474
209000268,599,28,571
210000037,152,39,113
210000047,56,53,3
210000048,50,57,-7
210000049,89,58,31
210000052,41,205,-164
210000053,37,123,-86
210000054,98,136,-38
210000070,107,1,106
210000071,34,0,34
210000072,20,0,20
210000073,1,54,-53
210000074,1,211,-210
210000075,1,57,-56
210000076,24,182,-158
210000077,137,57,80
210000078,81,31,50
210000079,248,24,224
210000080,701,62,639
210000081,263,15,248
210000082,269,1,268
210000083,126,1,125
210000084,34,0,34
210000085,1,170,-169
210000086,2,165,-163
210000099,30,446,-416
210000100,82,459,-377
210000101,109,575,-466
210000105,53,579,-526
210000159,0,274,-274
210000163,244,396,-152
210000164,430,240,190
210000168,432,41,391
210000187,0,16,-16
210000188,0,47,-47
210000214,35,0,35
210000219,33,69,-36
210000220,91,126,-35
210000232,1,28,-27
210000233,22,132,-110
210000234,30,287,-257
210000235,33,244,-211
210000245,2,85,-83
210000246,108,21,87
210000258,15,157,-142
210000259,333,45,288
210000282,88,399,-311
210000285,0,145,-145
210000286,23,242,-219
210000290,5,9,-4
210000295,56,423,-367
210000296,166,111,55
210000320,166,141,25
210000321,90,109,-19
210000338,371,151,220
210000339,528,1704,-1176
210000340,160,742,-582
210000341,274,473,-199
210000342,180,383,-203
210000343,349,367,-18
210000344,1156,229,927
210000345,340,542,-202
210000346,170,206,-36
210000347,499,43,456
210000348,282,24,258
210000349,518,40,478
210000350,103,73,30
210000351,116,129,-13
210000352,53,200,-147
210000353,34,217,-183
210000354,62,216,-154
210000355,135,211,-76
210000356,360,128,232
210000357,243,109,134
210000358,687,242,445
210000359,447,160,287
210000360,391,204,187
210000361,231,220,11
210000362,284,293,-9
210000363,1229,193,1036
210000364,201,173,28
210000365,109,95,14
210000366,146,107,39
210000367,99,27,72
210000368,179,36,143
210000369,121,27,94
210000370,198,82,116
210000372,155,69,86
210000373,371,51,320
210000374,212,9,203
210000375,44,161,-117
210000376,208,281,-73
210000404,102,357,-255
210000439,26,93,-67
210000472,256,5,251
210000482,116,94,22
210000564,582,216,366
210000567,0,38,-38
210000568,990,6,984
211000092,17,76,-59
211000094,20,10,10
211000169,285,16,269
211000172,23,322,-299
211000209,0,32,-32
211000226,20,38,-18
211000270,34,20,14
211000275,21,35,-14
211000276,90,27,63
211000279,11,68,-57
211000281,36,64,-28
211000302,19,72,-53
211507980,0,43,-43
211977296,86,3,83
212000003,454,166,288
212000004,332,48,284
212000005,98,70,28
212000006,156,207,-51
212000008,186,333,-147
212000009,49,315,-266
212000012,68,140,-72
212000013,17,73,-56
212000014,284,218,66
212000015,324,332,-8
212000016,465,714,-249
212000027,625,1014,-389
212000028,324,766,-442
212000029,277,518,-241
212000030,39,82,-43
212000031,48,126,-78
212000048,62,209,-147
212000049,14,137,-123
212000050,19,9,10
212000051,168,317,-149
212000052,142,504,-362
212000053,353,784,-431
212000054,165,288,-123
212000055,135,607,-472
212000056,8,66,-58
212000057,13,41,-28
212000058,625,38,587
212000070,144,407,-263
212000077,140,1058,-918
212000099,209,551,-342
212000108,674,503,171
212000111,230,225,5
212000120,336,218,118
212000138,380,28,352
212000156,10,185,-175
212000158,12,17,-5
212000159,218,87,131
212000160,515,531,-16
212000161,95,28,67
212000310,43,31,12
212000311,2,145,-143
212000374,21,9,12
213000001,47,694,-647
213000005,431,203,228
213000006,1287,245,1042
213000007,190,28,162
213000009,748,434,314
213000010,185,267,-82
213000011,392,174,218
213000012,198,424,-226
213000014,69,3,66
213000015,127,3,124
213000016,195,1,194
213000017,34,0,34
213000018,5,210,-205
213000019,1,190,-189
213000020,120,393,-273
213000021,3,119,-116
213000023,248,254,-6
213000033,223,1241,-1018
213000034,529,350,179
213000035,82,496,-414
213000045,84,321,-237
213000046,170,267,-97
213000047,636,1109,-473
213000056,84,114,-30
213000069,235,7,228
213000073,1,13,-12
213000074,99,649,-550
213000075,568,7,561
213000076,37,3,34
213000085,4,32,-28
213000086,32,286,-254
213000091,98,7,91
213000092,29,19,10
213000099,230,1013,-783
213000100,1542,385,1157
213000101,169,165,4
213000102,251,327,-76
213000103,857,870,-13
213000104,65,443,-378
213000105,5,146,-141
213000106,16,255,-239
213000107,163,948,-785
213000108,21,703,-682
213000109,2,336,-334
213000110,7,99,-92
213000111,21,60,-39
213000112,158,141,17
213000115,51,3,48
213000116,48,971,-923
213000117,9,1294,-1285
213000118,327,430,-103
213000119,60,1387,-1327
213000120,121,1115,-994
213000122,435,955,-520
213000123,964,1606,-642
213000124,92,1321,-1229
213000125,98,15,83
213000126,52,127,-75
213000127,136,157,-21
213000128,778,676,102
213000129,392,642,-250
213000130,262,316,-54
213000132,182,118,64
213000133,271,138,133
213000134,898,32,866
213000136,289,25,264
213000137,451,145,306
213000139,626,61,565
213000147,189,2,187
213000148,100,14,86
213000149,206,7,199
213000150,3,88,-85
213000151,10,106,-96
213000152,9,96,-87
213000153,0,38,-38
213000154,19,411,-392
213000155,24,502,-478
213000156,97,1248,-1151
213000157,1302,589,713
213000158,264,710,-446
213000159,244,929,-685
213000163,348,97,251
213000165,409,180,229
213000171,33,163,-130
213000172,46,420,-374
213000173,4,163,-159
213000174,0,52,-52
213000175,17,53,-36
213000176,2,191,-189
213000177,3,14,-11
213000178,41,3,38
213000179,115,42,73
213000180,83,66,17
213000184,79,633,-554
213000188,380,80,300
213000189,245,38,207
213000190,753,1151,-398
213000191,190,817,-627
213000192,120,866,-746
213000193,2814,168,2646
213000194,1,29,-28
213000195,19,687,-668
213000196,345,1219,-874
213000197,235,1277,-1042
213000198,82,1,81
213000200,134,1327,-1193
213000201,120,46,74
213000202,23,1281,-1258
213000203,4993,842,4151
213000204,576,133,443
213000205,126,223,-97
213000206,493,176,317
213000207,192,40,152
213000208,250,0,250
213000209,317,0,317
213000210,1162,15,1147
213000211,52,25,27
213000212,109,16,93
213000213,66,31,35
213000218,302,835,-533
213000219,461,41,420
213000220,603,12,591
213000223,414,235,179
213000224,82,46,36
213000225,56,13,43
213000226,46,28,18
213000227,740,342,398
213000228,225,146,79
213000229,532,54,478
213000230,398,80,318
213000232,85,922,-837
213000233,7,30,-23
213000234,0,43,-43
213000293,46,40,6
213000294,250,17,233
213000295,70,77,-7
213000296,52,19,33
213000297,19,142,-123
213000298,9,133,-124
213000299,54,64,-10
213000300,29,6,23
213000303,7,44,-37
213000304,2,9,-7
213000305,1,7,-6
213000306,309,43,266
213000307,1059,75,984
213000308,116,363,-247
213000309,183,61,122
213000310,160,95,65
213000311,241,754,-513
213000315,121,210,-89
213000316,103,64,39
213000322,39,45,-6
213000323,20,41,-21
213000340,132,1188,-1056
213000341,272,159,113
213000346,231,114,117
213000347,1013,181,832
213000348,14,100,-86
213000349,35,4,31
213000350,281,1863,-1582
213000366,38,503,-465
213000367,151,48,103
213000379,75,127,-52
213000386,12,242,-230
213000406,87,422,-335
213000417,1342,497,845
213000425,81,57,24
213000426,68,87,-19
213000427,30,399,-369
213000428,20,240,-220
213000429,7,1,6
213000430,86,927,-841
213000431,72,3,69
213000432,1,19,-18
213000433,8,202,-194
213000434,55,171,-116
213000435,49,188,-139
213000439,76,36,40
213000441,0,1,-1
213000443,465,813,-348
213000445,0,147,-147
213000446,1,14,-13
213000447,15,62,-47
213000448,10,81,-71
213000449,102,0,102
213000450,9,55,-46
213000451,135,64,71
213000452,18,22,-4
213000453,69,403,-334
213000455,353,3,350
213000456,0,187,-187
213000481,21,28,-7
213000482,56,13,43
213000489,515,260,255
213000491,1,257,-256
213000492,1128,20,1108
213000493,1,221,-220
213000494,80,127,-47
213000495,0,140,-140
213000496,166,282,-116
213000497,54,269,-215
213000498,46,193,-147
213000499,127,546,-419
213000500,177,52,125
213000501,50,22,28
213000502,426,29,397
213000503,0,91,-91
213000504,2,181,-179
213000505,4,17,-13
213000506,0,6,-6
213000507,2,99,-97
213900244,8,1,7
213900245,0,22,-22
218000003,61,17,44
218000004,35,20,15
218000005,74,44,30
218000006,115,29,86
218000007,5,15,-10
218000012,644,277,367
218000013,95,176,-81
218000014,368,445,-77
218000019,810,615,195
218000020,301,835,-534
218000040,12,2,10
218000046,65,152,-87
218000047,7,213,-206
218000048,36,287,-251
218000049,98,210,-112
218000050,316,461,-145
218000051,82,503,-421
218000052,1,165,-164
218000053,16,12,4
218000054,16,29,-13
218000055,8,19,-11
218000056,26,28,-2
218000057,2,45,-43
218000064,0,34,-34
218000065,37,99,-62
218000066,6,110,-104
218000067,39,178,-139
218000068,73,99,-26
218000069,133,362,-229
218000070,118,433,-315
218000071,221,366,-145
218000072,263,295,-32
218000078,829,1647,-818
218000079,36,79,-43
218000080,36,86,-50
218000081,228,348,-120
218000082,45,181,-136
218000083,21,108,-87
218000084,79,242,-163
218000085,120,563,-443
218000086,33,221,-188
218000087,194,301,-107
218000090,6,127,-121
218000091,1059,869,190
218000092,67,249,-182
218000093,154,110,44
218000094,582,823,-241
218000099,336,538,-202
218000100,236,352,-116
218000101,278,160,118
218000102,268,328,-60
218000103,49,180,-131
218000104,100,34,66
218000105,106,8,98
218000106,17,12,5
218000107,64,91,-27
218000108,3,75,-72
218000112,136,23,113
218000117,58,111,-53
218000134,536,1273,-737
218000135,58,169,-111
218000136,217,60,157
218000137,260,117,143
218000138,79,112,-33
218000139,198,367,-169
218000140,338,279,59
218000141,147,65,82
218000142,157,155,2
218000143,82,213,-131
218000144,118,93,25
218000145,370,457,-87
218000146,29,196,-167
218000151,56,61,-5
218000152,175,75,100
218000170,1,39,-38
218000171,69,23,46
218000172,45,26,19
218000173,48,15,33
218000174,67,13,54
218000176,126,40,86
218000177,280,231,49
218000178,98,218,-120
218000179,78,110,-32
218000180,45,38,7
218000181,159,61,98
218000187,4,17,-13
218000188,78,38,40
218000189,23,46,-23
218000190,2,4,-2
218000191,108,104,4
218000192,186,461,-275
218000193,390,573,-183
218000194,77,548,-471
218000195,88,142,-54
218000196,221,341,-120
218000197,137,424,-287
218000198,7,193,-186
218000199,35,25,10
218000200,94,56,38
218000201,19,11,8
218000202,397,407,-10
218000207,22,73,-51
218000208,115,57,58
218000211,75,9,66
218000213,141,119,22
218000214,2,35,-33
218000215,64,96,-32
218000217,4,204,-200
218000218,165,143,22
218000219,352,38,314
218000220,687,397,290
218000221,3837,272,3565
218000222,79,38,41
218000223,36,307,-271
218000224,10,124,-114
218000225,168,27,141
218000226,106,90,16
218000232,48,106,-58
218000239,80,7,73
218000240,14,1,13
218000241,12,1,11
218000242,63,0,63
218000243,32,0,32
218000244,23,3,20
218000245,26,2,24
218000246,3,0,3
218000247,2,0,2
218000248,0,16,-16
218000249,0,0,0
218000250,10,15,-5
218000251,4,17,-13
218000252,1,18,-17
218000253,6,12,-6
218000254,0,6,-6
218000255,0,3,-3
218000256,5,88,-83
218000267,1205,1378,-173
218000268,26,74,-48
218000269,3,13,-10
218000270,78,78,0
218000271,47,76,-29
218000273,7,10,-3
218000274,14,9,5
218000275,13,41,-28
218000276,4,55,-51
218000278,30,26,4
218000279,43,128,-85
218000280,15,71,-56
218000281,29,16,13
218000282,837,512,325
218000284,136,71,65
218000301,112,115,-3
218000302,65,48,17
218000303,66,74,-8
218000316,710,1998,-1288
218000317,803,2122,-1319
218000318,412,1326,-914
218000319,1126,2254,-1128
218000320,848,1163,-315
218000338,200,47,153
218000345,240,53,187
218000346,237,277,-40
218000459,38,356,-318
218000490,254,65,189
218000501,56,83,-27
218000502,24,112,-88
218000503,63,37,26
218000504,159,25,134
218000505,79,169,-90
218000506,44,256,-212
218000508,2,3,-1
218000510,261,9,252
218000520,136,126,10
218000521,10,103,-93
218000522,1,94,-93
218000523,418,20,398
218000524,31,111,-80
218000525,94,15,79
218000526,47,86,-39
218000529,28,344,-316
218000531,18,28,-10
218000532,33,33,0
218000534,104,38,66
218000537,60,90,-30
218000538,156,133,23
218000540,410,63,347
218000543,173,57,116
218000544,68,161,-93
218000545,30,80,-50
218000546,73,123,-50
218000547,77,128,-51
218000548,85,251,-166
218000549,309,234,75
218000550,204,517,-313
218000551,303,716,-413
218000552,536,36,500
218000553,89,136,-47
218000554,142,35,107
218000555,54,51,3
218000556,239,591,-352
218000557,316,303,13
218000558,35,0,35
218000559,1,37,-36
218000560,0,30,-30
218000561,11,0,11
218000562,61,254,-193
218000563,269,22,247
218000564,12,121,-109
218000565,215,25,190
218000566,241,26,215
218000567,1,61,-60
218000568,2,6,-4
218000569,16,113,-97
218000570,91,8,83
218000571,0,118,-118
218000572,139,3,136
218000573,25,73,-48
218000574,42,60,-18
218000575,136,0,136
218000576,0,58,-58
218000577,333,1,332
218000578,5,69,-64
218000579,41,56,-15
218000581,5,68,-63
218000582,125,4,121
218000583,3,0,3
218000584,0,31,-31
218000585,74,5,69
218000586,16,60,-44
218000587,9,2,7
218000588,0,8,-8
218000589,0,3,-3
218000590,2,0,2
218000591,2,1,1
218000592,2,0,2
218000593,13,4,9
218000594,6,0,6
218000597,8,0,8
218000598,0,0,0
218000599,33,1,32
218000600,7,0,7
218000601,0,0,0
218000602,0,0,0
218000603,0,4,-4
218000604,4,0,4
218000605,0,47,-47
218000606,210,0,210
218000607,9,48,-39
218000608,70,37,33
218000609,12,47,-35
218000610,141,3,138
218000611,39,0,39
218000612,0,23,-23
218000613,40,1,39
218000614,3,69,-66
218000615,186,4,182
218000616,16,105,-89
218000617,41,4,37
218000618,0,30,-30
218000619,9,39,-30
218000620,1,7,-6
218000621,0,11,-11
218000622,0,17,-17
218000623,141,6,135
218000624,11,12,-1
218000625,18,1,17
218000626,1,8,-7
218000628,112,41,71
218000631,59,41,18
218000632,1,89,-88
218000633,67,0,67
218000634,7,15,-8
218000635,21,12,9
218000636,771,2174,-1403
218000637,557,894,-337
218000638,84,91,-7
218000639,21,241,-220
218000640,115,44,71
218000641,53,354,-301
218000652,53,135,-82
218000653,127,67,60
218000663,13,234,-221
218000675,109,42,67
218000680,193,826,-633
218000681,364,272,92
218000691,148,629,-481
218000693,184,295,-111
218000718,671,695,-24
218000719,1422,237,1185
218000720,10,72,-62
218000721,33,15,18
218001147,5,566,-561
218001214,34,24,10
218001258,97,9,88
218001329,275,230,45
218001330,220,149,71
218001351,33,28,5
218001352,28,29,-1
218001353,14,18,-4
218001354,9,41,-32
218001355,88,541,-453
218001356,138,8,130
218001357,37,422,-385
218001358,161,19,142
218001361,158,38,120
218001362,1,730,-729
219000001,31,118,-87
219000002,60,103,-43
219000003,35,27,8
219000004,51,69,-18
219000017,513,32,481
219000020,129,33,96
219000022,148,1,147
219000023,86,0,86
219000029,0,112,-112
219000034,106,10,96
219000039,81,77,4
219000040,75,23,52
219000041,172,60,112
219000051,0,56,-56
219000052,0,28,-28
219000053,1,265,-264
219000055,115,3,112
219000056,86,2,84
219000057,249,1,248
219000062,38,270,-232
219000063,117,17,100
219000064,0,121,-121
219000110,290,72,218
219000111,113,36,77
219000112,196,90,106
219000113,116,52,64
219000114,223,99,124
219000116,52,33,19
219000117,112,109,3
219000118,87,77,10
219000123,422,173,249
219000124,173,96,77
219000125,21,36,-15
219000126,110,123,-13
219000127,0,5,-5
219000128,27,150,-123
219000129,49,220,-171
219000130,1069,880,189
219000131,1161,657,504
219000133,97,56,41
219000134,23,31,-8
219000135,42,54,-12
219000136,178,270,-92
219000138,60,21,39
219000139,14,43,-29
219000140,21,1,20
219000141,9,171,-162
219000142,30,162,-132
219000143,15,146,-131
219000145,26,104,-78
219000146,2,64,-62
219000147,3,44,-41
219000148,2,54,-52
219000149,17,176,-159
219000150,0,97,-97
219000151,2,83,-81
219000157,206,168,38
219000158,172,408,-236
219000161,385,17,368
219000163,1921,575,1346
219000166,180,251,-71
219000167,109,282,-173
219000168,306,145,161
219000174,338,99,239
219000175,50,2,48
219000176,44,17,27
219000177,20,6,14
219000178,29,2,27
219000179,4,13,-9
219000180,28,33,-5
219000182,84,32,52
219000183,36,39,-3
219000184,73,16,57
219000185,0,84,-84
219000186,40,68,-28
219000187,12,164,-152
219000189,195,200,-5
219000190,150,335,-185
219000191,2091,1208,883
219000192,226,144,82
219000193,632,207,425
219000195,1,89,-88
219000196,5,193,-188
219000198,24,187,-163
219000199,126,274,-148
219000200,58,307,-249
219000201,115,290,-175
219000203,48,162,-114
219000204,180,231,-51
219000205,106,214,-108
219000207,261,246,15
219000209,17,103,-86
219000210,449,207,242
219000213,17,353,-336
219000239,222,380,-158
219000240,314,449,-135
219000241,106,362,-256
219000242,99,299,-200
219000243,140,456,-316
219000244,80,218,-138
219000245,52,53,-1
219000246,106,20,86
219000247,97,58,39
219000248,642,388,254
219000249,206,87,119
219000250,208,107,101
219000251,614,155,459
219000252,311,134,177
219000253,242,58,184
219000255,76,131,-55
219000256,103,112,-9
219000257,187,0,187
219000262,76,266,-190
219000263,49,369,-320
219000267,6,265,-259
219000268,7,4,3
219000269,21,10,11
219000270,15,0,15
219000271,189,30,159
219000278,1,7,-6
219000279,0,4,-4
219000283,0,51,-51
219000295,10,189,-179
219000296,102,691,-589
219000297,9,264,-255
219000298,8,291,-283
219000299,276,117,159
219000300,47,393,-346
219000301,310,430,-120
219000302,46,342,-296
219000307,34,82,-48
219000308,39,39,0
219000311,206,59,147
219000312,585,85,500
219000313,208,56,152
219000314,63,717,-654
219000315,146,60,86
219000316,409,97,312
219000317,62,21,41
219000320,1,56,-55
219000321,0,26,-26
219000323,3,89,-86
219000325,0,33,-33
219000326,66,146,-80
219000327,66,49,17
219000328,44,61,-17
219000329,238,169,69
219000330,33,28,5
219000331,75,36,39
219000332,58,126,-68
219000333,10,8,2
219000335,148,14,134
219000337,19,0,19
219000338,257,4,253
219000344,47,96,-49
219000345,81,149,-68
219000346,49,248,-199
219000348,133,250,-117
219000349,56,304,-248
219000350,72,138,-66
219000351,10,4,6
219000352,210,100,110
219000353,101,77,24
219000354,92,171,-79
219000355,59,56,3
219000356,2341,775,1566
219000363,278,77,201
219000364,104,67,37
219000365,165,20,145
219000366,317,594,-277
219000368,642,451,191
219000370,1530,367,1163
219000371,19,20,-1
219000382,7,17,-10
219000383,1010,875,135
219000385,689,595,94
219000386,1024,1857,-833
219000387,5,7,-2
219000390,24,26,-2
219000391,19,1,18
219000397,85,110,-25
219000398,41,37,4
219000401,8,144,-136
219000402,19,205,-186
219000403,145,322,-177
219000404,30,135,-105
219000407,4,46,-42
219000409,27,73,-46
219000410,43,35,8
219000411,54,25,29
219000446,259,456,-197
219000447,12,29,-17
219000448,9,40,-31
219000452,265,85,180
219000453,173,182,-9
219000454,553,217,336
219000556,260,103,157
219000558,196,348,-152
219000590,21,173,-152
219000591,58,71,-13
219000592,152,515,-363
219000595,5,50,-45
219000635,146,95,51
219000636,29,145,-116
219000657,17,13,4
219000658,16,51,-35
219000673,0,12,-12
219000676,47,1,46
219000679,135,5,130
219000684,106,8,98
219000685,1,113,-112
219000686,2,2,0
219000688,0,129,-129
219000689,49,339,-290
219000690,192,20,172
219000691,81,182,-101
219000692,110,29,81
219000693,0,18,-18
219000694,1,0,1
219000695,11,10,1
219000698,132,38,94
219000699,0,4,-4
219000727,4,332,-328
219000728,104,5,99
219000770,26,9,17
219000771,3,36,-33
219000788,569,455,114
219001150,1,18,-17
219001151,0,4,-4
219001166,48,14,34
219001167,3,122,-119
219001178,37,1,36
220000001,97,70,27
220000002,16,217,-201
220000003,658,350,308
220000004,1271,744,527
220000005,1971,1514,457
220000006,248,1107,-859
220000007,362,865,-503
220000008,446,1614,-1168
220000009,303,739,-436
220000010,329,224,105
220000011,1166,6055,-4889
220000012,106,641,-535
220000014,137,60,77
220000015,140,223,-83
220000017,40,447,-407
220000018,8510,2303,6207
220000019,145,326,-181
220000020,443,323,120
220000021,529,256,273
220000022,463,661,-198
220000023,174,273,-99
220000024,2047,495,1552
220000025,1220,936,284
220000026,231,186,45
220000027,39,173,-134
220000028,59,73,-14
220000029,148,268,-120
220000030,218,122,96
220000031,377,482,-105
220000064,32,1028,-996
221000046,15,0,15
221000047,0,5,-5
221000048,0,6,-6
221000049,0,8,-8
221000050,23,0,23
221000055,35,40,-5
221000068,325,118,207
221000069,306,57,249
221000070,175,17,158
221000071,70,10,60
221000072,204,14,190
221000073,152,34,118
221000074,2,17,-15
221000075,10,20,-10
221000076,26,45,-19
221000077,26,80,-54
221000081,82,22,60
221000082,48,6,42
221000083,117,14,103
221000084,8,3,5
221000085,14,71,-57
221000086,17,157,-140
221000087,11,196,-185
221000088,20,256,-236
221000089,47,381,-334
221000090,101,577,-476
221000098,122,18,104
221000099,171,12,159
221000100,110,4,106
221000101,278,7,271
221000107,12,2,10
221000108,29,11,18
221000109,1,26,-25
221000110,6,60,-54
221000111,38,369,-331
221000112,7,239,-232
221000113,11,243,-232
221000114,10,226,-216
221000120,34,30,4
221000121,2,19,-17
221000122,66,29,37
221000123,26,25,1
221000124,42,274,-232
221000155,57,6,51
221000156,121,51,70
221000175,1,14,-13
221000176,1,3,-2
221000182,31,7,24
221000241,714,262,452
221000242,160,457,-297
221000243,869,119,750
221000244,256,570,-314
221000245,183,139,44
221000246,53,348,-295
221000247,133,197,-64
221000248,285,273,12
221000267,73,984,-911
221000325,72,49,23
221000331,18,110,-92
221000338,54,41,13
221000378,198,32,166
221000381,114,81,33
222000282,4,0,4
222000296,3,19,-16
222000568,312,7,305
222000569,197,23,174
222000570,159,14,145
222000571,343,8,335
222000577,5,277,-272
222000578,17,239,-222
222000579,36,198,-162
222000580,109,983,-874
222000599,0,166,-166
222000600,3,424,-421
222000601,12,1100,-1088
222000603,32,20,12
222000604,13,29,-16
222000605,56,28,28
222000606,7,6,1
222000607,1,2,-1
222000608,50,10,40
222000609,77,365,-288
222000616,132,79,53
222000617,25,20,5
222000618,4,3,1
222000620,93,18,75
222000621,87,11,76
222000623,502,0,502
222000624,322,1,321
222000625,371,61,310
222000636,103,6,97
222000686,68,8,60
222000687,52,44,8
222001066,235,0,235
222001067,10,6,4
222001068,27,28,-1
222001069,24,34,-10
222001082,5,44,-39
222001083,14,39,-25
222001084,0,51,-51
222001085,0,71,-71
222001111,18,222,-204
222001112,57,20,37
222001313,63,8,55
222001314,12,93,-81
222001464,73,50,23
222001465,63,289,-226
222001484,99,54,45
222001485,27,81,-54
222001494,138,186,-48
222001495,140,591,-451
222001496,215,102,113
222001497,146,773,-627
222001502,10,129,-119
222001503,66,66,0
222001504,11,278,-267
222001505,170,14,156
222001506,27,211,-184
222001507,194,33,161
222001510,326,32,294
222001511,25,432,-407
222001514,501,151,350
222001515,196,688,-492
222001518,157,78,79
222001519,33,377,-344
222001527,359,40,319
222001528,42,152,-110
222001529,142,17,125
222001530,23,256,-233
222001533,107,402,-295
222001534,214,66,148
222001535,109,158,-49
222001536,130,458,-328
222001537,173,12,161
222001538,38,525,-487
222001563,288,76,212
222001564,15,824,-809
222001568,326,70,256
222001576,0,2,-2
222001579,2,6,-4
222001583,15,250,-235
222001584,105,40,65
222001596,669,1618,-949
222001597,1163,261,902
222001626,0,180,-180
222001650,25,79,-54
222001651,36,108,-72
222001914,131,57,74
222001915,38,245,-207
222001968,368,206,162
222001969,437,1080,-643
222001970,235,325,-90
222001971,21,30,-9
222001972,2,10,-8
225000001,524,200,324
225000002,457,253,204
225000003,402,185,217
225000004,239,438,-199
225000005,25,111,-86
225000006,1,237,-236
225000007,4235,1661,2574
225000010,416,9,407
225000011,671,1924,-1253
225000012,142,960,-818
225000013,278,291,-13
225000014,2521,130,2391
225000015,143,326,-183
225000021,697,400,297
225000027,361,749,-388
225000032,713,251,462
225000042,107,1054,-947
225000049,47,88,-41
225000050,76,30,46
225000053,14,355,-341
225000058,1186,198,988
225000067,189,239,-50
225000068,137,674,-537
225000069,187,749,-562
225000070,96,713,-617
225000071,61,437,-376
225000075,33,2060,-2027
225000076,147,168,-21
225000078,204,66,138
225000085,39,170,-131
225000086,721,84,637
225000087,259,37,222
225000088,11,192,-181
225000089,396,1039,-643
225000090,43,562,-519
225000091,161,307,-146
225000092,16,102,-86
225000093,163,610,-447
225000094,10,590,-580
225000095,422,749,-327
225000096,402,646,-244
225000098,574,308,266
225000099,429,184,245
225000100,182,175,7
225000104,146,715,-569
225000110,23,755,-732
225000111,468,1551,-1083
225000112,988,1595,-607
225000113,265,963,-698
225000114,85,480,-395
225000115,3739,760,2979
225000116,1368,195,1173
225000117,1323,661,662
225000118,930,552,378
225000119,154,161,-7
225000120,461,89,372
225000121,364,48,316
225000123,2935,34,2901
225000125,463,497,-34
225000126,2275,380,1895
225000127,1420,1201,219
225000128,533,865,-332
225000132,175,30,145
225000133,266,44,222
225000134,526,156,370
225000135,48,10,38
225000136,183,29,154
225000137,113,132,-19
225000138,542,68,474
225000143,153,287,-134
225000144,4,450,-446
225000145,42,76,-34
225000146,58,202,-144
225000147,26,494,-468
225000148,10,375,-365
225000149,81,700,-619
225000151,39,439,-400
225000155,416,676,-260
225000156,642,1054,-412
225000157,332,560,-228
225000158,234,619,-385
225000171,4,189,-185
225000180,20,0,20
225000181,0,81,-81
225000182,112,22,90
225000185,11,608,-597
225000187,67,640,-573
225000191,133,3,130
225000194,0,31,-31
225000208,2,55,-53
225000209,74,39,35
225000210,25,411,-386
225000217,0,26,-26
225000218,3,3,0
225000223,5,114,-109
225000224,482,1,481
225000225,4,205,-201
225000226,582,3,579
225000227,78,204,-126
225000228,24,18,6
225000229,0,138,-138
225000230,9,0,9
225000231,0,197,-197
225000232,55,0,55
225000241,128,0,128
225000242,4,67,-63
225000249,41,34,7
225000250,56,1366,-1310
225000251,305,28,277
226000042,749,808,-59
226000043,152,385,-233
226000044,337,912,-575
226000045,138,645,-507
226000046,665,118,547
226000047,617,132,485
226000048,529,119,410
226000049,443,172,271
226000070,0,98,-98
226000071,0,148,-148
226000072,0,13,-13
226000073,0,7,-7
226000074,0,9,-9
226000084,1,79,-78
226000085,9,17,-8
226000086,5,13,-8
226000087,3,11,-8
226000088,58,14,44
226000090,407,85,322
226000091,5,23,-18
226000092,2,2,0
226000093,18,3,15
226000094,56,7,49
226000095,63,7,56
226000105,5,1,4
226000106,19,0,19
226000107,14,1,13
226000108,62,0,62
226000109,90,0,90
226000124,204,93,111
226000134,382,660,-278
226000135,830,1063,-233
226000136,291,659,-368
226000137,7,793,-786
226000138,12,633,-621
226000139,5,20,-15
226000156,110,8,102
226000157,128,13,115
226000163,160,468,-308
226000202,25,797,-772
226000231,337,25,312
226000232,98,13,85
227000033,20,12,8
227000037,100,45,55
227000038,209,89,120
227000049,0,13,-13
227000050,1,56,-55
227000055,92,2,90
227000056,205,0,205
227000084,5,36,-31
227000085,2,32,-30
227000088,220,5,215
227000089,130,3,127
227000090,80,4,76
227000091,19,13,6
227000093,182,0,182
227000094,42,0,42
227000130,51,92,-41
227000131,9,339,-330
227000132,17,304,-287
227000133,10,254,-244
227000134,21,547,-526
227000152,0,5,-5
227000153,0,32,-32
227000155,2,14,-12
227000156,1,11,-10
227000165,0,31,-31
227000196,34,581,-547
227000199,167,47,120
227000230,39,393,-354
227000232,243,29,214
227000241,199,44,155
227000242,49,546,-497
227000243,401,106,295
227000244,186,131,55
227000245,13,474,-461
227000246,85,584,-499
227000247,215,154,61
227000248,720,58,662
227000249,73,311,-238
227000250,95,41,54
227000251,329,418,-89
227000252,14,395,-381
227000253,63,31,32
227000262,138,50,88
227000266,476,9,467
227000267,76,1721,-1645
227000486,685,202,483
227000655,114,23,91
227000661,294,17,277
227000680,415,30,385
229000265,31,85,-54
229000296,0,67,-67
229000297,2,71,-69
229000298,34,234,-200
229000320,11,9,2
229000321,9,6,3
229000412,26,45,-19
229000414,16,89,-73
229000415,63,1,62
229000416,1,9,-8
229000417,11,34,-23
229000419,141,445,-304
229000440,249,153,96
229000442,11,1,10
229000443,1,4,-3
229000444,1,60,-59
229000445,50,19,31
229000446,86,18,68
229000847,48,3,45
229000848,12,1,11
229000849,148,0,148
229000851,41,1,40
229000854,0,31,-31
229000856,0,124,-124
229000857,0,31,-31
229000858,1,91,-90
229000919,2,117,-115
229000930,1,280,-279
229000937,69,9,60
229000966,47,28,19
229000981,23,78,-55
229000985,14,33,-19
229000986,0,4,-4
229000987,1,0,1
229000988,9,1,8
229000989,23,14,9
229000990,0,0,0
229000991,2,0,2
229000992,7,4,3
229000993,339,32,307
229000998,12,72,-60
229000999,94,17,77
229001034,0,27,-27
229001035,6,0,6
229001037,53,35,18
229001042,11,22,-11
229001047,8,61,-53
229001050,83,115,-32
229001200,3,2,1
229001338,2,20,-18
229001394,190,26,164
229001422,113,30,83
229001423,25,201,-176
229001431,31,82,-51
229001432,59,112,-53
229001444,66,136,-70
229001445,54,258,-204
229001503,154,92,62
229001504,103,287,-184
229001505,78,48,30
229001506,55,279,-224
229001509,47,60,-13
229001545,57,12,45
229001546,6,113,-107
229001553,50,13,37
229001554,22,109,-87
229001559,3,7,-4
229001560,0,12,-12
229001630,66,23,43
229001631,4,99,-95
229001635,0,6,-6
229001636,0,3,-3
229001658,3,115,-112
229001659,64,6,58
229001660,1,0,1
229001661,2,34,-32
229001662,82,1,81
229001663,0,21,-21
229002584,145,148,-3
229002831,353,160,193
229002841,6,15,-9
229002842,5,13,-8
229002843,117,28,89
229002844,93,23,70
229002845,31,36,-5
229002846,72,11,61
229002847,41,10,31
229002848,28,25,3
229002849,3,33,-30
229002850,2,1,1
229002851,148,86,62
229002852,93,22,71
229002853,155,8,147
229002854,171,33,138
229002855,42,11,31
229002856,38,22,16
229002857,2,30,-28
229002858,6,22,-16
229002859,110,8,102
229002860,108,31,77
229002861,31,49,-18
229002862,9,23,-14
229002863,19,12,7
229002864,28,37,-9
229002865,15,9,6
229002866,11,7,4
229002867,6,25,-19
229002868,13,6,7
229002869,16,145,-129
229002870,46,6,40
235000066,384,120,264
235000067,94,222,-128
235000072,16,41,-25
235000073,43,368,-325
235000074,24,57,-33
235000080,101,87,14
235000081,52,111,-59
235000082,109,90,19
235000083,134,143,-9
235000084,93,76,17
235000085,47,75,-28
235000089,11,68,-57
235000092,5,193,-188
235000093,14,3,11
235000097,12,8,4
235000098,25,25,0
235000099,49,44,5
235000116,59,64,-5
235000117,1232,40,1192
235000133,12,277,-265
235000134,14,116,-102
235000206,9,1,8
235000207,0,6,-6
235000208,1,1,0
235000209,2,0,2
235000210,8,5,3
235000212,7,19,-12
235000213,2,16,-14
235000220,0,4,-4
235000221,146,4,142
235000238,88,43,45
235000239,0,1,-1
235000242,396,368,28
235000245,1006,233,773
235000246,47,103,-56
235000284,7,137,-130
235000295,141,12,129
235000305,156,46,110
235000306,66,24,42
235000307,7,2,5
235000308,14,1,13
235000309,50,1,49
235000310,94,0,94
235000311,290,5,285
235000322,1,34,-33
235000323,0,62,-62
235000324,0,16,-16
235000325,0,4,-4
235000326,3,230,-227
235000351,16,117,-101
235000352,4,50,-46
235000353,0,34,-34
235000354,4,23,-19
235000355,12,37,-25
235000356,59,8,51
235000357,8,11,-3
235000358,31,17,14
235000359,3,4,-1
235000360,48,10,38
235000361,100,4,96
235000381,55,291,-236
235000382,79,36,43
235000390,7,1,6
235000391,87,16,71
235000392,113,151,-38
235000393,79,110,-31
235000395,60,37,23
235000396,133,110,23
235000400,173,148,25
235000401,130,147,-17
235000405,97,209,-112
235000406,39,230,-191
235000407,77,90,-13
235000409,185,224,-39
235000410,36,216,-180
235000411,1,69,-68
235000485,0,7,-7
235000486,1,0,1
235000549,30,103,-73
235000550,59,174,-115
235000599,44,65,-21
235000600,19,27,-8
235000601,9,38,-29
235000602,41,118,-77
235000614,2,1,1
235000648,0,18,-18
235000649,69,5,64
235000685,0,2,-2
235000815,3,21,-18
235000834,0,2,-2
235000855,42,67,-25
235000862,45,180,-135
235000891,0,10,-10
235000892,63,2,61
235000901,44,76,-32
235000907,6,30,-24
235001010,17,77,-60
235001029,469,402,67
235001030,367,183,184
235001078,80,96,-16
235001079,66,94,-28
235001147,17,74,-57
235001166,15,94,-79
235001167,25,50,-25
235001169,38,264,-226
235001188,1,5,-4
235001189,3,0,3
235001197,6,23,-17
235001200,30,12,18
235001207,176,41,135
235001210,57,345,-288
235001215,80,294,-214
235001239,2,73,-71
235001244,0,3,-3
235016267,0,14,-14
277102712,2,0,2
277103813,0,0,0
277104249,0,3,-3
277104250,1,41,-40
277104251,0,17,-17
277104252,0,21,-21
990011530,1,223,-222
990014944,0,468,-468
990015176,53,8,45
990016032,0,541,-541
990032570,2,77,-75
990070001,137,1,136
990070103,0,4,-4
990070601,0,52,-52
990070751,279,1,278
990070766,3,742,-739
990071180,737,350,387
990071343,40,3,37
990071387,0,12,-12
990071823,14,5,9
990072600,2,743,-741
990072964,0,425,-425
990073285,0,3,-3
990074393,3,1460,-1457
990074870,585,6,579
990075106,534,10,524
990075746,261,1,260
990076437,574,5,569
990076458,4,1433,-1429
997000007,186,8,178
997000041,0,95,-95
997000058,17,1,16
997000062,132,0,132
997000069,0,2,-2
997000070,0,114,-114
997000100,8,0,8
997000141,2,541,-539
997000198,297,536,-239
998000475,1,13,-12
998000736,3,330,-327
998000965,1,6,-5
998001031,0,76,-76
998001700,0,24,-24
998001899,0,0,0
998001900,4,0,4
998003073,555,1,554
998101900,0,0,0
998102850,0,69,-69
998501927,804,515,289
998501929,74,3,71
998501930,46,0,46
998501931,87,1,86
998501932,11,5,6
998501933,29,1,28
998501937,9,0,9
998501944,2,0,2
998501950,0,4,-4
998501970,46,1,45
998501971,0,50,-50
998501973,0,69,-69
998501974,1,336,-335
998501975,453,0,453
998501976,123,0,123
998501977,0,22,-22
998501978,50,1,49
998501979,0,18,-18
998501980,128,0,128
998501981,33,16,17
998501982,0,71,-71
998501983,0,2,-2
998502006,0,0,0
998502024,0,13,-13
998502032,1,0,1
998502062,19,3,16
998502063,0,0,0
998502173,27,0,27
998502269,0,3,-3
998502546,4,111,-107
998502578,0,0,0
998502599,38,556,-518
998502621,0,0,0
998601159,0,196,-196
998601292,3,11,-8
999033574,4,1780,-1776
999800001,14,0,14
999800002,0,3,-3
999800003,1,1,0
999800004,0,3,-3
999800005,0,2,-2
