ID,insum,outsum,diff
100000001,145,80,65
100000002,1684,2520,-836
100000003,1150,2311,-1161
100000004,144,611,-467
100000005,979,1511,-532
100000006,8,28,-20
100000007,106,121,-15
100000008,0,0,0
100000009,1,24,-23
100000010,0,16,-16
100000011,5,9,-4
100000012,0,0,0
100000013,0,0,0
100000014,0,0,0
100000015,158,214,-56
100000016,2,0,2
100000017,0,1,-1
100000018,52,67,-15
100000019,123,363,-240
100000020,55,254,-199
100000021,1,0,1
100000022,85,133,-48
100000023,20,1,19
100000025,1,2,-1
100000028,16,19,-3
100000029,0,0,0
100000030,0,0,0
100000031,135,478,-343
100000032,146,205,-59
100000033,99,179,-80
100000034,0,0,0
100000035,6,143,-137
100000036,41,69,-28
100000037,46,30,16
100000038,222,46,176
100000039,97,8,89
100000040,2,23,-21
100000041,78,52,26
100000042,127,72,55
100000043,40,34,6
100000044,0,0,0
100000045,0,0,0
100000046,0,0,0
100000047,0,0,0
100000048,0,0,0
100000049,0,0,0
100000051,0,0,0
100000053,1,0,1
100000054,7,4,3
100000055,0,0,0
100000056,21,32,-11
100000057,125,44,81
100000058,0,0,0
100000059,0,3,-3
100000060,97,38,59
100000061,141,49,92
100000062,110,89,21
100000063,117,56,61
100000064,142,29,113
100000065,26,2,24
100000066,10,3,7
100000067,9,5,4
100000068,5,23,-18
100000069,8,11,-3
100000072,0,0,0
100000073,0,0,0
100000075,0,0,0
100000076,258,1080,-822
100000077,38,104,-66
100000078,16,256,-240
100000079,2,160,-158
100000080,0,46,-46
100000081,0,27,-27
100000102,383,1416,-1033
100000103,114,121,-7
100000104,132,119,13
100000105,0,0,0
100000106,145,1524,-1379
100000107,10,401,-391
100000108,2,21,-19
100000109,93,26,67
100000116,83,203,-120
100000117,0,82,-82
100000118,433,56,377
100000119,200,23,177
100000121,30,17,13
100000122,101,106,-5
100000123,350,124,226
100000124,75,104,-29
100000125,9,58,-49
100000126,2,42,-40
100000127,0,1,-1
100000128,2,16,-14
100000129,14,23,-9
100000130,0,0,0
100000131,0,1,-1
100000132,15,108,-93
100000133,312,82,230
100000135,73,99,-26
100000139,56,119,-63
100000140,0,0,0
100000142,75,43,32
100000143,0,0,0
100000144,0,0,0
100000147,351,1032,-681
100000150,1,20,-19
100000151,121,536,-415
100000153,0,0,0
100000154,0,0,0
100000155,2,53,-51
100000156,16,121,-105
100000157,313,88,225
100000158,56,108,-52
100000159,12,89,-77
100000165,73,6,67
100000169,0,0,0
100000174,0,0,0
100000179,2,31,-29
100000180,0,0,0
100000181,0,0,0
100000188,0,0,0
100000189,136,39,97
100000190,58,273,-215
100000191,27,205,-178
100000192,7,271,-264
100000193,55,59,-4
100000330,0,0,0
100000355,10,4,6
100000362,170,82,88
100000363,2078,2895,-817
100000364,0,0,0
100000365,3098,1387,1711
100000366,509,350,159
100000367,2669,2200,469
100000368,81,46,35
100000369,38,895,-857
100000370,1,20,-19
100000376,0,1,-1
100000379,109,668,-559
100000380,1027,1786,-759
100000384,1378,2511,-1133
100000385,138,708,-570
100000386,509,1252,-743
100000387,369,1381,-1012
100000388,1472,1117,355
100000389,1356,2300,-944
100000390,691,365,326
100000391,683,2382,-1699
100000392,152,253,-101
100000393,137,880,-743
100000394,125,352,-227
100000395,134,265,-131
100000396,326,340,-14
100000397,391,758,-367
100000398,2669,1013,1656
100000413,0,0,0
100900002,0,0,0
100900003,0,0,0
100900004,0,0,0
100900005,0,0,0
100900006,0,0,0
100900007,0,0,0
100900008,0,0,0
100900009,0,0,0
100900010,0,0,0
100900011,0,0,0
100900012,0,0,0
100900013,0,0,0
100900014,0,0,0
100900015,0,0,0
100900016,0,0,0
100900017,0,0,0
100900018,0,0,0
100900019,0,0,0
100900020,0,0,0
100900021,0,0,0
100900022,0,0,0
100900023,0,0,0
100900024,0,0,0
100900025,0,0,0
100900026,0,0,0
100900027,2,0,2
100900028,0,0,0
100900029,0,0,0
100900030,0,0,0
100900031,0,0,0
100900032,0,0,0
100900033,0,0,0
100900034,0,0,0
100900035,0,0,0
100900036,0,0,0
100900037,0,0,0
100900038,0,0,0
100900039,0,0,0
100900040,0,0,0
100900041,0,0,0
100900042,3,1,2
100900043,0,0,0
100900044,0,0,0
100900045,0,0,0
100900046,0,0,0
100900047,0,0,0
100900048,0,0,0
100900049,0,0,0
100900050,0,0,0
100900051,0,0,0
100900052,0,0,0
100900053,0,0,0
100900054,0,0,0
100900055,0,0,0
100900056,0,0,0
100900057,0,0,0
100900058,0,0,0
100900059,0,0,0
100900060,0,0,0
100900061,0,0,0
100900062,0,0,0
100900063,0,0,0
100900064,0,0,0
100900065,0,0,0
100900066,0,0,0
100900067,0,0,0
100900068,0,0,0
100900069,0,0,0
100900070,0,0,0
100900071,0,0,0
100900072,0,0,0
100900073,0,0,0
100900074,0,0,0
100900075,0,0,0
100900076,0,0,0
100900077,0,0,0
100900078,0,0,0
100900079,0,0,0
100900080,0,0,0
100900081,0,0,0
100900082,0,0,0
100900083,0,0,0
100900085,0,0,0
100900086,0,0,0
100900088,0,0,0
100900089,0,0,0
100900090,0,0,0
100900091,0,0,0
100900092,0,0,0
100900093,0,0,0
100900094,0,0,0
100900095,0,0,0
100900096,0,0,0
100900097,0,0,0
100900098,0,0,0
100900099,0,0,0
100900100,0,0,0
100900101,0,0,0
100900102,0,0,0
100900103,0,0,0
100900104,0,0,0
100900105,0,0,0
100900106,0,0,0
100900107,0,0,0
100900108,0,0,0
100900109,0,0,0
100900110,0,0,0
100900111,0,0,0
100900112,0,0,0
100900113,0,0,0
100900114,0,0,0
100900115,0,0,0
100900116,0,0,0
100900117,0,0,0
100900118,0,0,0
100900119,0,0,0
100900120,0,0,0
100900121,0,0,0
100900122,0,0,0
100900123,0,0,0
100900124,0,0,0
100900125,0,0,0
100900126,0,0,0
100900127,0,0,0
100900128,0,0,0
100900129,0,0,0
100900131,0,0,0
100900133,0,0,0
100900134,0,0,0
100900135,0,0,0
100900137,0,0,0
100900138,0,0,0
100900139,0,0,0
100900140,0,0,0
100900141,0,0,0
100900142,0,0,0
100900143,0,0,0
100900144,0,0,0
100900145,0,0,0
100900146,0,0,0
100900147,0,0,0
100900148,0,0,0
100900149,0,0,0
100900150,0,0,0
100900151,0,0,0
100900152,0,0,0
100900153,0,0,0
100900154,0,0,0
100900155,0,0,0
100900156,0,0,0
100900157,0,0,0
100900159,0,0,0
100900160,0,0,0
100900161,0,0,0
100900162,0,0,0
100900163,0,0,0
100900164,0,0,0
100900165,0,0,0
100900166,0,0,0
100900167,0,0,0
100900168,0,0,0
100900169,0,0,0
100900170,0,0,0
100900171,0,0,0
100900172,0,0,0
100900173,0,0,0
100900174,0,0,0
100900176,0,0,0
100900177,0,0,0
100900178,0,0,0
100900179,0,0,0
100900180,0,0,0
100900181,0,0,0
100900182,0,0,0
100900184,0,0,0
100900186,0,0,0
100900187,0,0,0
100900188,0,0,0
100900189,0,0,0
100900191,0,0,0
100900192,0,0,0
100900195,0,0,0
100900197,0,0,0
100900198,0,0,0
100900199,0,0,0
100900200,0,0,0
100900201,0,0,0
100900202,0,0,0
100900203,0,0,0
100900204,0,0,0
100900205,0,0,0
100900206,0,0,0
100900207,0,0,0
100900210,0,0,0
100900211,0,0,0
100900213,0,0,0
100900214,0,0,0
100900215,0,0,0
100900217,0,0,0
101000001,124,316,-192
101000002,46,115,-69
101000003,1,34,-33
101000004,1217,1431,-214
101000005,560,1348,-788
101000006,319,96,223
101000007,20,358,-338
101000008,247,718,-471
101000009,165,53,112
101000010,94,34,60
101000011,15,83,-68
101000012,0,0,0
101000013,35,139,-104
101000014,55,127,-72
101000015,29,24,5
101000016,0,0,0
101000017,0,0,0
101000018,45,13,32
101000020,74,34,40
101000021,16,132,-116
101000022,0,0,0
101000023,45,259,-214
101000025,0,0,0
101000026,0,0,0
101000027,108,182,-74
101000028,0,0,0
101000029,0,0,0
101000030,0,0,0
101000031,0,5,-5
101000032,566,1077,-511
101000033,10,7,3
101000034,40,115,-75
101000035,0,0,0
101000036,4,47,-43
101000037,62,333,-271
101000039,0,0,0
101000040,61,224,-163
101000041,967,2011,-1044
101000042,13,202,-189
101000043,8,152,-144
101000045,73,225,-152
101000046,199,425,-226
101000047,399,332,67
101000048,41,64,-23
101000049,0,5,-5
101000050,57,154,-97
101000051,56,532,-476
101000052,156,676,-520
101000053,163,167,-4
101000054,221,46,175
101000055,368,640,-272
101000056,0,0,0
101000057,19,1,18
101000058,78,429,-351
101000059,288,1369,-1081
101000060,7,1,6
101000061,79,1249,-1170
101000062,15,0,15
101000063,81,657,-576
101000064,14,0,14
101000065,63,307,-244
101000066,85,211,-126
101000067,22,1,21
101000068,79,153,-74
101000069,102,0,102
101000070,156,5,151
101000071,96,39,57
101000072,852,491,361
101000073,221,185,36
101000074,1485,467,1018
101000075,1747,363,1384
101000077,368,125,243
101000078,142,58,84
101000079,319,225,94
101000080,31,4,27
101000081,336,126,210
101000082,50,35,15
101000083,354,180,174
101000084,18,10,8
101000085,496,287,209
101000086,0,0,0
101000087,0,0,0
101000088,400,165,235
101000089,179,100,79
101000090,0,0,0
101000091,4,1,3
101000092,348,78,270
101000093,214,58,156
101000094,27,20,7
101000095,14,24,-10
101000096,112,52,60
101000097,4,13,-9
101000098,1,12,-11
101000099,32,158,-126
101000100,5,6,-1
101000101,115,58,57
101000102,46,133,-87
101000103,78,73,5
101000104,28,142,-114
101000105,40,48,-8
101000106,0,0,0
101000107,0,0,0
101000108,0,0,0
101000109,0,0,0
101000110,0,0,0
101000111,0,0,0
101000113,0,0,0
101000114,88,133,-45
101000115,0,0,0
101000116,0,0,0
101000117,0,0,0
101000119,0,0,0
101000120,0,0,0
101000121,0,0,0
101000122,0,0,0
101000123,0,0,0
101000124,0,0,0
101000125,1,0,1
101000128,0,0,0
101000130,28,9,19
101000131,91,41,50
101000132,8,4,4
101000135,0,0,0
101000136,0,0,0
101000137,0,0,0
101000141,201,1834,-1633
101000147,10,5,5
101000148,0,0,0
101000149,0,0,0
101000150,0,0,0
101000151,0,0,0
101000152,14,4,10
101000153,17,18,-1
101000154,43,8,35
101000155,0,0,0
101000156,0,0,0
101000157,0,0,0
101000160,0,0,0
101000163,28,217,-189
101000164,0,0,0
101000165,96,88,8
101000166,28,10,18
101000168,0,0,0
101000252,363,100,263
101000254,0,0,0
101000258,0,0,0
101000261,0,0,0
101000262,202,2432,-2230
101000263,49,296,-247
101000265,0,0,0
101000266,0,0,0
101000269,0,0,0
101000290,92,109,-17
101000293,0,0,0
101000294,27,11,16
101000295,8,16,-8
101000301,8,8,0
101000304,127,554,-427
101000305,432,367,65
101000328,30,163,-133
101900001,0,0,0
101900002,0,0,0
101900003,0,0,0
101900004,0,0,0
101900005,0,0,0
101900006,0,0,0
101900007,0,0,0
101900008,0,0,0
101900009,0,0,0
101900010,0,0,0
101900011,0,0,0
101900012,0,0,0
101900013,0,0,0
101900017,0,0,0
101900018,0,0,0
101900019,0,0,0
101900020,0,0,0
101900021,0,0,0
101900022,0,0,0
101900023,0,0,0
101900026,0,0,0
101900027,0,0,0
102000001,285,568,-283
102000002,83,70,13
102000003,86,361,-275
102000004,115,372,-257
102000005,55,327,-272
102000006,34,376,-342
102000007,39,490,-451
102000008,390,244,146
102000009,436,577,-141
102000010,335,316,19
102000011,219,569,-350
102000012,364,399,-35
102000018,124,155,-31
102000019,0,0,0
102000026,0,0,0
102000029,0,0,0
102000030,0,0,0
102000031,0,0,0
102000032,0,0,0
102000033,1,0,1
102000034,0,0,0
102000035,0,0,0
102000036,0,0,0
102000037,0,0,0
102000038,0,0,0
102000039,0,0,0
102000040,0,0,0
102000041,0,0,0
102000042,0,0,0
102000043,0,0,0
102000044,0,0,0
102000045,61,55,6
102000046,0,0,0
102000047,38,69,-31
102000048,0,0,0
102000049,0,0,0
102000050,133,74,59
102000051,0,0,0
102000052,136,81,55
102000053,0,0,0
102000054,97,24,73
102000055,93,1,92
102000056,418,35,383
102000057,64,136,-72
102000058,39,1,38
102000059,58,15,43
102000060,540,460,80
102000061,4,9,-5
102000062,211,200,11
102000063,9,4,5
102000064,16,32,-16
102000065,0,0,0
102000066,23,16,7
102000067,17,132,-115
102000068,366,353,13
102000069,0,0,0
102000070,0,0,0
102000071,815,505,310
102000072,344,377,-33
102000073,0,0,0
102000074,0,0,0
102000075,0,0,0
102000076,0,0,0
102000077,0,0,0
102000078,0,0,0
102000079,2,0,2
102000080,0,0,0
102000081,14,0,14
102000082,0,0,0
102000083,0,0,0
102000084,208,30,178
102000085,0,0,0
102000086,146,71,75
102000087,1,3,-2
102000088,11,36,-25
102000089,74,57,17
102000090,73,139,-66
102000091,318,173,145
102000092,84,46,38
102000093,165,164,1
102000094,39,58,-19
102000095,0,0,0
102000096,238,119,119
102000097,0,0,0
102000098,38,37,1
102000099,25,4,21
102000100,9,25,-16
102000101,2,49,-47
102000102,7,23,-16
102000103,26,47,-21
102000104,0,0,0
102000105,0,0,0
102000106,0,0,0
102000107,0,0,0
102000108,0,0,0
102000109,0,0,0
102000110,0,0,0
102000111,0,0,0
102000112,0,0,0
102000113,0,0,0
102000114,0,0,0
102000115,0,0,0
102000116,4,105,-101
102000117,0,0,0
102000118,27,350,-323
102000119,0,0,0
102000120,0,0,0
102000121,0,0,0
102000122,0,0,0
102000123,0,0,0
102000124,0,0,0
102000125,0,0,0
102000126,0,0,0
102000127,0,0,0
102000128,0,0,0
102000129,0,0,0
102000130,0,0,0
102000131,0,0,0
102000132,0,0,0
102000133,252,68,184
102000134,37,102,-65
102000135,0,0,0
102000136,0,0,0
102000137,0,0,0
102000138,0,0,0
102000139,0,0,0
102000140,0,0,0
102000141,0,0,0
102000142,0,0,0
102000143,0,0,0
102000144,0,0,0
102000145,0,0,0
102000146,0,0,0
102000147,0,0,0
102000148,0,0,0
102000149,0,0,0
102000150,0,0,0
102000151,0,0,0
102000152,0,0,0
102000153,0,0,0
102000154,0,0,0
102000155,0,0,0
102000156,0,0,0
102000157,0,0,0
102000158,0,0,0
102000159,0,0,0
102000161,0,0,0
102000162,0,0,0
102000163,0,1,-1
102000164,0,0,0
102000165,0,0,0
102000166,0,5,-5
102000167,0,0,0
102000168,0,0,0
102000169,0,0,0
102000170,0,0,0
102000171,0,0,0
102000172,0,2,-2
102000173,2,10,-8
102000174,0,0,0
102000175,5,3,2
102000176,1,0,1
102000178,2,0,2
102000179,7,23,-16
102000180,49,5,44
102000181,62,14,48
102000182,22,4,18
102000183,200,99,101
102000184,56,2,54
102000185,284,55,229
102000186,20,6,14
102000187,38,22,16
102000188,229,81,148
102000189,28,15,13
102000190,85,120,-35
102000191,44,40,4
102000192,0,0,0
102000193,0,0,0
102000194,0,0,0
102000195,0,0,0
102000196,0,0,0
102000197,0,0,0
102000198,0,0,0
102000199,0,0,0
102000200,0,0,0
102000201,0,0,0
102000202,0,0,0
102000203,0,0,0
102000204,0,0,0
102000205,0,0,0
102000206,0,0,0
102000207,0,0,0
102000208,0,0,0
102000209,0,0,0
102000210,0,0,0
102000211,0,0,0
102000212,0,0,0
102000213,0,0,0
102000214,0,0,0
102000215,0,0,0
102000216,0,0,0
102000217,0,0,0
102000218,0,0,0
102000219,0,0,0
102000225,197,173,24
102000226,0,0,0
102000227,0,0,0
102000228,0,0,0
102000229,0,0,0
102000230,32,39,-7
102000231,0,0,0
102000232,0,0,0
102000233,50,41,9
102000234,18,246,-228
102000236,0,0,0
102000237,0,0,0
102000238,0,0,0
102000240,0,0,0
102000241,0,0,0
102000243,0,1,-1
102000245,0,0,0
102000246,0,0,0
102000247,16,21,-5
102000248,36,193,-157
102000249,0,0,0
102000250,0,0,0
102000254,26,42,-16
102000266,0,0,0
102000271,0,0,0
102000286,0,1,-1
102000297,0,0,0
102000301,0,0,0
102000303,0,0,0
102000305,0,0,0
102000307,0,0,0
102900001,0,0,0
102900002,0,0,0
102900003,0,0,0
102900005,0,0,0
102900006,0,0,0
102900007,0,0,0
102900008,0,0,0
102900009,0,0,0
102900010,0,0,0
102900011,0,0,0
102900012,0,0,0
102900013,0,0,0
102900015,0,0,0
102900016,0,0,0
102900017,0,0,0
102900018,0,0,0
102900019,0,0,0
102900020,0,0,0
102900021,0,0,0
102900022,0,0,0
102900023,0,0,0
102900024,0,0,0
102900025,0,0,0
102900026,0,0,0
102900027,0,0,0
102900028,0,0,0
102900029,0,0,0
102900030,0,0,0
102900031,0,0,0
102900032,0,0,0
102900033,0,0,0
102900034,0,0,0
102900035,0,0,0
102900036,0,0,0
102900037,0,0,0
102900038,0,0,0
102900039,0,0,0
102900040,0,0,0
102900041,0,0,0
102900042,0,0,0
102900043,0,0,0
102900044,0,0,0
102900045,0,0,0
102900046,0,0,0
102900047,0,0,0
102900048,0,0,0
102900049,0,0,0
102900050,0,0,0
102900051,0,0,0
102900053,0,0,0
102900054,0,0,0
102900055,0,0,0
102900056,0,0,0
102900057,0,0,0
102900058,0,0,0
102900059,0,0,0
102900060,0,0,0
102900061,0,0,0
102900062,0,0,0
102900063,0,0,0
102900064,0,0,0
102900065,0,0,0
102900066,0,0,0
102900068,0,0,0
102900070,0,0,0
102900072,0,0,0
102900073,0,0,0
102900075,0,0,0
102900076,0,0,0
102900077,0,0,0
102900078,0,0,0
102900079,0,0,0
102900080,0,0,0
102900081,0,0,0
102900082,0,0,0
102900083,0,0,0
102900084,0,0,0
102900085,0,0,0
102900086,0,0,0
102900087,0,0,0
102900088,0,0,0
102900089,0,0,0
102900090,0,0,0
102900091,0,0,0
102900092,0,0,0
102900094,0,0,0
102900095,0,0,0
102900096,0,0,0
102900097,0,0,0
103000001,193,144,49
103000002,56,105,-49
103000003,124,156,-32
103000004,4,29,-25
103000005,635,330,305
103000006,165,171,-6
103000007,2,0,2
103000008,0,0,0
103000009,121,114,7
103000010,0,0,0
103000011,29,35,-6
103000012,439,496,-57
103000013,162,11,151
103000014,370,803,-433
103000015,0,0,0
103000016,89,102,-13
103000017,86,45,41
103000018,0,0,0
103000019,138,112,26
103000020,4,70,-66
103000021,1021,757,264
103000022,27,38,-11
103000023,416,868,-452
103000024,0,0,0
103000025,3,169,-166
103000026,0,0,0
103000027,58,86,-28
103000028,14,51,-37
103000029,36,65,-29
103000030,14,44,-30
103000031,151,320,-169
103000032,184,215,-31
103000033,1916,806,1110
103000034,12,45,-33
103000035,56,197,-141
103000036,10,210,-200
103000037,5,17,-12
103000038,190,259,-69
103000039,6,50,-44
103000040,24,55,-31
103000041,204,212,-8
103000042,21,10,11
103000043,77,115,-38
103000044,0,0,0
103000046,0,0,0
103000047,0,0,0
103000048,0,0,0
103000049,0,0,0
103000050,0,0,0
103000051,0,0,0
103000052,0,0,0
103000053,0,0,0
103000054,408,25,383
103000055,620,80,540
103000056,21,10,11
103000057,263,158,105
103000058,193,40,153
103000059,73,46,27
103000060,194,27,167
103000061,91,86,5
103000062,0,0,0
103000063,138,90,48
103000064,0,0,0
103000065,0,0,0
103000066,0,0,0
103000069,0,0,0
103000070,0,0,0
103000071,80,57,23
103000072,0,0,0
103000073,129,2,127
103000074,89,8,81
103000075,0,0,0
103000076,13,44,-31
103000077,0,0,0
103000078,131,76,55
103000079,22,32,-10
103000080,238,29,209
103000081,5,136,-131
103000082,116,17,99
103000083,0,0,0
103000084,9,0,9
103000085,0,0,0
103000086,191,162,29
103000087,68,201,-133
103000088,0,0,0
103000089,66,117,-51
103000090,662,324,338
103000091,53,117,-64
103000092,369,38,331
103000093,0,0,0
103000094,118,9,109
103000095,0,0,0
103000096,159,6,153
103000097,0,0,0
103000098,217,24,193
103000099,0,0,0
103000100,0,0,0
103000101,179,17,162
103000102,0,0,0
103000103,86,6,80
103000104,2,0,2
103000105,18,0,18
103000106,0,0,0
103000107,69,0,69
103000108,110,32,78
103000109,19,8,11
103000110,100,54,46
103000111,0,0,0
103000112,35,20,15
103000113,0,0,0
103000114,312,92,220
103000115,50,17,33
103000116,55,7,48
103000117,61,6,55
103000118,0,0,0
103000119,0,0,0
103000120,0,0,0
103000121,9,11,-2
103000122,280,1119,-839
103000125,1,16,-15
103000126,122,0,122
103000127,0,10,-10
103000128,17,1,16
103000129,0,15,-15
103000130,37,1,36
103000131,0,44,-44
103000132,1,19,-18
103000133,0,22,-22
103000134,137,88,49
103000135,119,62,57
103000136,375,91,284
103000137,21,143,-122
103000138,89,215,-126
103000139,0,0,0
103000140,42,27,15
103000141,0,0,0
103000142,12,17,-5
103000143,0,0,0
103000144,45,20,25
103000145,0,0,0
103000150,0,0,0
103000152,0,0,0
103000153,51,65,-14
103000156,1,18,-17
103000157,17,0,17
103000159,0,0,0
103000162,1,0,1
103000163,0,43,-43
103000164,0,0,0
103000165,0,0,0
103000166,48,68,-20
103000167,6,13,-7
103000168,0,0,0
103000169,53,34,19
103000170,452,320,132
103000171,3,2,1
103000172,143,13,130
103000173,0,0,0
103000174,110,10,100
103000175,0,0,0
103000176,7,23,-16
103000177,0,0,0
103000178,0,0,0
103000179,0,0,0
103000183,88,0,88
103000185,17,4,13
103000186,58,4,54
103000187,0,0,0
103000188,0,1,-1
103000189,0,0,0
103000191,1,1,0
103000292,0,40,-40
103000293,23,225,-202
103000295,74,7,67
103000296,15,0,15
103000297,0,0,0
103000504,0,0,0
103000505,0,1,-1
103000506,0,0,0
103000507,0,0,0
103000508,0,0,0
103000509,0,0,0
103900001,0,0,0
103900002,0,0,0
103900003,0,0,0
103900004,0,0,0
103900005,0,0,0
103900006,0,0,0
103900007,0,0,0
103900008,0,0,0
103900009,0,0,0
103900010,0,0,0
103900011,0,0,0
103900012,0,0,0
103900013,0,0,0
103900014,0,0,0
103900015,0,0,0
103900016,0,0,0
103900017,0,0,0
103900018,0,0,0
103900019,0,0,0
103900020,0,0,0
103900021,0,0,0
103900022,0,0,0
103900023,0,0,0
103900024,0,0,0
103900025,0,0,0
103900026,0,0,0
103900027,0,0,0
103900028,0,0,0
103900029,0,0,0
103900030,0,0,0
103900031,0,0,0
103900032,0,0,0
103900033,0,0,0
103900034,0,0,0
103900035,0,0,0
103900036,0,0,0
103900037,0,0,0
103900038,0,0,0
103900039,0,0,0
103900040,0,0,0
103900041,0,0,0
103900042,0,0,0
103900043,0,0,0
103900044,0,0,0
103900045,0,0,0
103900047,0,0,0
103900048,0,0,0
103900049,0,0,0
103900050,0,0,0
103900051,0,0,0
103900052,0,0,0
103900053,0,0,0
103900054,0,0,0
103900055,0,0,0
103900056,0,0,0
103900057,0,0,0
103900058,0,0,0
103900059,0,0,0
103900060,0,0,0
103900061,0,0,0
103900062,0,0,0
103900063,0,0,0
103900064,0,0,0
103900065,0,0,0
103900066,0,0,0
103900067,0,0,0
103900068,0,0,0
103900069,0,0,0
103900070,0,0,0
103900071,0,0,0
103900072,0,0,0
103900073,0,0,0
103900074,0,0,0
103900075,0,0,0
103900076,0,0,0
103900077,0,0,0
103900078,0,0,0
103900079,0,0,0
103900080,0,0,0
103900081,0,0,0
103900082,0,0,0
103900083,0,0,0
103900084,0,0,0
103900085,0,0,0
103900086,0,0,0
103900088,0,0,0
103900089,0,0,0
103900090,0,0,0
103900091,0,0,0
103900092,0,0,0
103900093,0,0,0
103900094,0,0,0
103900095,0,0,0
103900096,0,0,0
103900097,0,0,0
103900098,0,0,0
103900099,0,0,0
103900100,0,0,0
103900101,0,0,0
103900102,0,0,0
103900104,0,0,0
103900105,0,0,0
103900106,0,0,0
103900107,0,0,0
103900108,0,0,0
103900109,0,0,0
103900110,0,0,0
103900111,0,0,0
103900112,0,0,0
103900113,0,0,0
103900114,0,0,0
103900115,0,0,0
103900116,0,0,0
103900117,0,0,0
103900119,0,0,0
103900120,0,0,0
103900122,0,0,0
103900123,0,0,0
103900124,0,0,0
103900125,0,0,0
103900126,0,0,0
103900127,0,0,0
103900128,0,0,0
103900131,0,0,0
103900133,0,0,0
103900134,0,0,0
103900135,0,0,0
103900137,0,0,0
103900138,0,0,0
103900139,0,0,0
103900140,0,0,0
103900141,0,0,0
103900142,0,0,0
103900143,0,0,0
103900144,0,0,0
103900145,0,0,0
103900146,0,0,0
103900147,0,0,0
103900148,0,0,0
103900149,0,0,0
103900150,0,0,0
103900151,0,0,0
103900152,0,0,0
103900153,0,0,0
103900154,0,0,0
103900155,0,0,0
103900156,0,0,0
103900157,0,0,0
103900158,0,0,0
103900159,0,0,0
103900160,0,0,0
103900161,0,0,0
103900162,0,0,0
103900163,0,0,0
103900167,0,0,0
103900168,0,0,0
103900169,0,0,0
103900170,0,0,0
103900171,0,0,0
103900172,0,0,0
103900173,0,0,0
103900174,0,0,0
103900175,0,0,0
103900176,0,0,0
103900177,0,0,0
103900178,0,0,0
103900179,0,0,0
103900180,0,0,0
103900181,0,0,0
103900182,0,0,0
103900184,0,0,0
103900185,0,0,0
103900187,0,0,0
103900188,0,0,0
103900189,0,0,0
103900190,0,0,0
103900191,0,0,0
103900192,0,0,0
103900193,0,0,0
103900194,0,0,0
103900195,0,0,0
103900196,0,0,0
103900197,0,0,0
103900198,0,0,0
103900199,0,0,0
103900200,0,0,0
103900201,0,0,0
103900202,0,0,0
103900203,0,0,0
103900204,0,0,0
103900207,0,0,0
103900208,0,0,0
103900209,0,0,0
103900210,0,0,0
103900211,0,0,0
103900212,0,0,0
103900213,6,70,-64
103900214,11,90,-79
103900215,36,53,-17
103900216,0,0,0
103900217,0,0,0
103900218,0,0,0
103900219,0,0,0
103900233,0,0,0
103900235,0,0,0
103900236,0,0,0
103900242,0,0,0
103900243,0,0,0
103900244,0,0,0
103900245,0,0,0
103900246,0,0,0
103900247,0,0,0
103900248,0,0,0
103900249,0,0,0
103900250,0,0,0
103900251,0,0,0
103900253,0,0,0
103900254,0,0,0
103900255,0,0,0
103900256,0,0,0
103900257,0,0,0
103900258,0,0,0
103900259,0,0,0
103900261,0,0,0
103900262,0,0,0
103900263,0,0,0
103900264,0,0,0
103900265,0,0,0
103900266,0,0,0
103900267,0,0,0
103900268,0,0,0
103900269,0,0,0
103900270,0,0,0
103900271,0,0,0
103900272,0,0,0
103900273,0,0,0
103900274,0,0,0
103900275,0,0,0
103900276,0,0,0
103900277,0,0,0
103900278,0,0,0
103900279,0,0,0
103900280,0,0,0
104000001,537,369,168
104000002,57,140,-83
104000003,891,468,423
104000004,744,390,354
104000005,565,597,-32
104000006,1116,298,818
104000007,979,164,815
104000008,138,77,61
104000009,161,78,83
104000010,99,70,29
104000011,0,0,0
104000012,0,0,0
104000013,188,63,125
104000014,0,0,0
104000015,134,28,106
104000016,0,0,0
104000018,200,113,87
104000019,247,216,31
104000020,53,114,-61
104000021,100,103,-3
104000022,15,24,-9
104000023,182,23,159
104000024,0,0,0
104000026,0,0,0
104000027,32,31,1
104000028,239,68,171
104000029,18,41,-23
104000030,272,92,180
104000031,143,16,127
104000032,0,0,0
104000033,300,16,284
104000034,0,0,0
104000035,432,50,382
104000036,420,132,288
104000037,0,0,0
104000038,202,69,133
104000039,84,51,33
104000040,28,81,-53
104000041,83,27,56
104000042,72,33,39
104000043,79,28,51
104000044,107,20,87
104000045,115,34,81
104000046,92,92,0
104000047,36,294,-258
104000048,158,395,-237
104000049,1,3,-2
104000050,2,0,2
104000051,0,0,0
104000052,271,159,112
104000053,126,52,74
104000054,2,0,2
104000055,409,144,265
104000056,65,0,65
104000057,0,0,0
104000058,297,54,243
104000059,114,186,-72
104000060,286,86,200
104000061,65,53,12
104000062,43,7,36
104000064,0,0,0
104000065,0,12,-12
104000069,0,0,0
104000070,0,0,0
104000071,0,0,0
104000072,57,11,46
104000075,0,0,0
104000076,0,0,0
104000082,201,362,-161
104000083,27,12,15
104000084,1,18,-17
104000085,8,3,5
104000086,1,19,-18
104000087,0,3,-3
104000090,0,0,0
104000092,0,0,0
104000094,0,0,0
104000095,50,413,-363
104000096,297,0,297
104000097,715,77,638
104000098,1068,68,1000
104000100,1160,120,1040
104000101,180,224,-44
104000106,11,19,-8
104000107,230,8,222
104000108,52,12,40
104000109,51,6,45
104000110,50,13,37
104000111,114,19,95
104000112,6,16,-10
104000116,0,0,0
104000117,89,23,66
104000118,48,1,47
104000119,33,9,24
104000120,12,18,-6
104000121,0,33,-33
104000122,248,32,216
104000123,88,166,-78
104000124,304,518,-214
104000125,92,45,47
104000126,242,83,159
104000127,132,443,-311
104000128,279,35,244
104000129,93,1,92
104000130,2,1,1
104000131,0,0,0
104000132,0,0,0
104000133,18,9,9
104000134,132,96,36
104000135,54,218,-164
104000136,296,243,53
104000137,337,86,251
104000138,0,0,0
104000139,580,420,160
104000141,109,207,-98
104000142,0,0,0
104000143,0,0,0
104000144,0,0,0
104000145,311,42,269
104000146,0,0,0
104000147,0,0,0
104000148,64,40,24
104000149,0,0,0
104000150,325,142,183
104000151,0,0,0
104000152,0,0,0
104000153,140,91,49
104000154,0,0,0
104000155,157,83,74
104000157,76,5,71
104000158,7,16,-9
104000159,11,5,6
104000160,182,70,112
104000161,19,18,1
104000162,28,84,-56
104000165,173,418,-245
104000167,146,190,-44
104000168,59,0,59
104000169,89,8,81
104000170,0,0,0
104000248,0,0,0
104000251,0,0,0
104000272,0,0,0
104000273,0,0,0
104000274,0,0,0
104000275,0,0,0
104000279,16,127,-111
104000290,0,0,0
104000291,166,179,-13
104000293,123,109,14
104000294,0,0,0
104000295,52,22,30
104000296,242,163,79
104000297,39,58,-19
104000298,378,78,300
104000299,168,120,48
104000302,0,0,0
104000303,0,0,0
104900001,0,0,0
104900002,0,0,0
104900003,0,0,0
104900004,0,0,0
104900005,0,0,0
104900006,0,0,0
104900007,0,0,0
104900009,0,0,0
104900010,0,0,0
104900011,0,0,0
104900012,0,0,0
104900013,0,0,0
104900014,0,0,0
104900015,0,0,0
104900016,0,0,0
104900017,0,0,0
104900018,0,0,0
104900019,0,0,0
104900020,0,0,0
104900021,0,0,0
104900022,0,0,0
104900023,0,0,0
104900024,0,0,0
104900025,0,0,0
104900026,0,0,0
104900027,0,0,0
104900028,0,0,0
104900029,0,0,0
104900030,0,0,0
104900031,0,0,0
104900032,0,0,0
104900033,0,0,0
104900034,0,0,0
104900035,0,0,0
104900036,0,0,0
104900037,0,0,0
104900038,0,0,0
104900039,0,0,0
104900040,0,0,0
104900041,0,0,0
104900042,0,0,0
104900043,0,0,0
104900044,0,0,0
104900045,0,0,0
104900046,0,0,0
104900047,0,0,0
104900048,0,0,0
104900049,0,0,0
104900050,0,0,0
104900051,0,0,0
104900052,0,0,0
104900053,0,0,0
104900054,0,0,0
104900055,0,0,0
104900056,0,0,0
104900057,0,0,0
104900058,0,0,0
104900059,0,0,0
104900060,0,0,0
104900061,0,0,0
104900063,0,0,0
104900064,0,0,0
104900065,0,0,0
104900066,0,0,0
104900067,0,0,0
104900068,0,0,0
104900070,0,0,0
104900071,0,0,0
104900072,0,0,0
104900073,0,0,0
104900074,0,0,0
104900075,0,0,0
104900076,0,0,0
104900077,0,0,0
104900078,0,0,0
104900079,0,0,0
104900080,0,0,0
104900082,0,0,0
104900085,0,0,0
104900087,0,0,0
104900089,0,0,0
104900090,0,0,0
104900091,0,0,0
104900093,0,0,0
104900097,0,0,0
104900098,0,0,0
104900099,0,0,0
104900100,0,0,0
104900102,0,0,0
104900103,0,0,0
104900104,0,0,0
104900106,0,0,0
104900107,0,0,0
104900108,0,0,0
104900109,0,0,0
104900110,0,0,0
104900111,0,0,0
104900112,0,0,0
104900113,0,0,0
104900114,0,0,0
104900115,0,0,0
104900116,0,0,0
104900118,0,0,0
104900119,0,0,0
104900120,0,0,0
104900121,0,0,0
104900122,0,0,0
104900123,0,0,0
104900124,0,0,0
104900125,0,0,0
104900126,0,0,0
104900127,0,0,0
104900128,0,0,0
104900129,0,0,0
105000001,833,156,677
105000002,333,316,17
105000003,554,267,287
105000004,28,95,-67
105000005,59,253,-194
105000006,140,438,-298
105000007,63,198,-135
105000008,11,443,-432
105000009,2030,1068,962
105000010,52,175,-123
105000011,890,836,54
105000012,33,71,-38
105000013,413,699,-286
105000014,2562,1132,1430
105000015,1650,2775,-1125
105000016,149,181,-32
105000017,35,20,15
105000018,66,128,-62
105000019,0,0,0
105000020,0,0,0
105000021,0,0,0
105000022,7,7,0
105000023,0,0,0
105000028,0,0,0
105000029,0,8,-8
105000030,239,222,17
105000031,0,0,0
105000033,50,90,-40
105000034,0,0,0
105000037,0,0,0
105000038,255,434,-179
105000039,86,111,-25
105000040,208,276,-68
105000041,8,71,-63
105000042,1006,296,710
105000043,54,74,-20
105000044,186,97,89
105000045,3,57,-54
105000046,403,40,363
105000047,15,57,-42
105000048,490,167,323
105000049,0,0,0
105000050,435,235,200
105000051,0,0,0
105000052,76,45,31
105000053,0,42,-42
105000054,84,114,-30
105000055,0,2,-2
105000056,497,227,270
105000057,24,0,24
105000058,20,43,-23
105000059,493,171,322
105000060,2,0,2
105000061,532,112,420
105000062,0,0,0
105000063,0,0,0
105000064,426,92,334
105000065,0,0,0
105000066,43,11,32
105000067,476,227,249
105000068,5,45,-40
105000069,62,94,-32
105000070,45,63,-18
105000071,206,187,19
105000072,399,89,310
105000073,245,103,142
105000074,0,0,0
105000075,15,16,-1
105000076,41,20,21
105000077,131,20,111
105000078,39,83,-44
105000079,6,25,-19
105000080,520,645,-125
105000081,22,12,10
105000082,261,583,-322
105000083,948,680,268
105000084,0,0,0
105000085,799,918,-119
105000086,0,0,0
105000087,0,0,0
105000088,337,476,-139
105000089,105,100,5
105000090,52,37,15
105000091,0,0,0
105000092,0,0,0
105000093,0,1,-1
105000094,31,5,26
105000095,0,2,-2
105000096,192,166,26
105000097,0,0,0
105000098,219,74,145
105000099,0,0,0
105000100,0,0,0
105000101,207,48,159
105000102,0,0,0
105000103,170,63,107
105000104,0,0,0
105000105,196,53,143
105000106,27,1,26
105000107,16,5,11
105000108,17,28,-11
105000109,43,1,42
105000110,16,22,-6
105000111,20,7,13
105000112,74,26,48
105000113,5,0,5
105000114,53,84,-31
105000115,0,0,0
105000116,126,21,105
105000117,0,0,0
105000118,16,9,7
105000119,0,0,0
105000120,333,34,299
105000121,0,0,0
105000122,44,5,39
105000123,159,7,152
105000124,120,64,56
105000125,196,41,155
105000126,85,77,8
105000127,158,25,133
105000128,32,15,17
105000129,21,33,-12
105000130,8,482,-474
105000131,0,0,0
105000132,142,107,35
105000133,0,0,0
105000134,216,28,188
105000135,0,0,0
105000136,0,0,0
105000137,299,14,285
105000138,0,0,0
105000139,0,0,0
105000140,358,23,335
105000141,0,0,0
105000142,132,36,96
105000143,0,0,0
105000144,0,0,0
105000145,151,65,86
105000146,0,0,0
105000147,343,76,267
105000148,307,86,221
105000149,668,162,506
105000150,0,0,0
105000151,0,0,0
105000152,0,1,-1
105000153,0,0,0
105000154,4,0,4
105000155,0,0,0
105000156,2,2,0
105000157,14,2,12
105000158,69,8,61
105000159,29,8,21
105000160,54,57,-3
105000161,61,11,50
105000162,16,38,-22
105000163,59,18,41
105000164,6,12,-6
105000165,20,80,-60
105000166,11,71,-60
105000167,78,136,-58
105000168,192,138,54
105000169,33,16,17
105000170,0,0,0
105000171,0,0,0
105000172,5,0,5
105000173,4,0,4
105000174,1,1,0
105000175,0,0,0
105000176,4,1,3
105000177,52,30,22
105000178,9,1,8
105000179,23,1,22
105000180,0,0,0
105000181,1,0,1
105000182,0,0,0
105000183,0,0,0
105000184,0,0,0
105000185,60,323,-263
105000186,0,0,0
105000187,102,45,57
105000188,6,97,-91
105000189,0,0,0
105000190,118,83,35
105000191,7,0,7
105000192,161,60,101
105000193,1,26,-25
105000194,161,11,150
105000195,0,23,-23
105000196,5,43,-38
105000197,0,1,-1
105000198,0,0,0
105000199,19,89,-70
105000200,20,106,-86
105000201,22,0,22
105000203,0,0,0
105000204,1,9,-8
105000205,0,0,0
105000207,0,0,0
105000208,14,177,-163
105000209,0,0,0
105000211,0,0,0
105000212,89,11,78
105000213,84,30,54
105000214,21,29,-8
105000215,141,101,40
105000216,23,0,23
105000217,0,0,0
105000218,137,29,108
105000221,11,0,11
105000222,108,0,108
105000223,43,4,39
105000226,1,3,-2
105000227,11,1,10
105000228,0,2,-2
105000229,35,364,-329
105000231,178,61,117
105000233,269,423,-154
105000234,90,267,-177
105000235,247,132,115
105000237,35,0,35
105000243,0,0,0
105000248,0,0,0
105000262,0,0,0
105000269,0,0,0
105000270,106,1,105
105000271,0,0,0
105000282,9,0,9
105000287,0,0,0
105000288,1,28,-27
105000289,272,425,-153
105000290,0,0,0
105000402,35,112,-77
105000426,0,2,-2
105000438,84,214,-130
105000440,0,0,0
105000446,445,433,12
105000447,110,19,91
105000454,0,0,0
105000455,0,0,0
105000474,3,23,-20
105000477,0,0,0
105000478,414,1435,-1021
105000479,0,0,0
105000480,1818,1677,141
105000481,923,481,442
105000482,119,263,-144
105000483,311,988,-677
105000484,101,278,-177
105000485,266,1229,-963
105000486,270,287,-17
105000488,93,188,-95
105000489,322,86,236
105000549,0,61,-61
105000550,0,0,0
105000551,19,36,-17
105000552,185,108,77
105000555,279,289,-10
105000556,0,0,0
105000557,0,0,0
105900001,0,0,0
105900002,0,0,0
105900003,0,0,0
105900004,0,0,0
105900005,0,0,0
105900006,0,0,0
105900007,0,0,0
105900008,0,0,0
105900009,0,0,0
105900011,0,0,0
105900012,0,0,0
105900013,0,0,0
105900014,0,0,0
105900015,0,0,0
105900016,0,0,0
105900017,0,0,0
105900018,0,0,0
105900019,0,0,0
105900020,0,0,0
105900021,0,0,0
105900022,0,0,0
105900023,0,0,0
105900024,0,0,0
105900025,0,0,0
105900026,0,0,0
105900027,0,0,0
105900028,0,0,0
105900029,0,0,0
105900030,0,0,0
105900031,0,0,0
105900032,0,0,0
105900033,0,0,0
105900034,0,0,0
105900035,0,0,0
105900036,0,0,0
105900037,0,0,0
105900038,0,0,0
105900039,0,0,0
105900040,0,0,0
105900041,0,0,0
105900042,0,0,0
105900043,0,0,0
105900044,0,0,0
105900045,0,0,0
105900046,0,0,0
105900047,0,0,0
105900048,28,2,26
105900050,0,0,0
105900051,0,0,0
105900052,0,0,0
105900053,0,0,0
105900054,0,0,0
105900056,0,0,0
105900057,0,0,0
105900058,0,0,0
105900059,0,0,0
106000001,680,392,288
106000002,3,182,-179
106000003,1241,874,367
106000004,41,292,-251
106000005,2084,1396,688
106000006,89,364,-275
106000007,745,69,676
106000008,65,100,-35
106000009,561,142,419
106000010,25,117,-92
106000011,705,503,202
106000012,55,21,34
106000013,1213,501,712
106000014,54,93,-39
106000015,1428,569,859
106000016,90,135,-45
106000017,690,132,558
106000018,85,159,-74
106000019,247,166,81
106000020,21,45,-24
106000021,315,97,218
106000022,87,36,51
106000023,481,49,432
106000024,29,67,-38
106000025,255,132,123
106000026,21,67,-46
106000027,1065,614,451
106000028,8,51,-43
106000029,42,51,-9
106000030,0,0,0
106000034,0,0,0
106000035,198,325,-127
106000036,0,0,0
106000037,0,0,0
106000038,0,0,0
106000039,0,0,0
106000040,0,0,0
106000041,285,60,225
106000043,104,9,95
106000046,0,0,0
106000047,0,0,0
106000049,204,2,202
106000050,0,0,0
106000051,97,83,14
106000052,0,0,0
106000053,260,19,241
106000054,0,0,0
106000055,161,7,154
106000056,0,0,0
106000057,209,60,149
106000058,0,0,0
106000059,273,125,148
106000060,0,0,0
106000061,25,137,-112
106000062,0,0,0
106000063,576,144,432
106000064,0,0,0
106000065,241,8,233
106000066,8,9,-1
106000067,209,2,207
106000068,0,1,-1
106000069,26,0,26
106000070,29,7,22
106000071,225,16,209
106000072,191,233,-42
106000073,419,78,341
106000074,188,191,-3
106000075,145,149,-4
106000076,745,184,561
106000077,654,60,594
106000078,260,66,194
106000079,415,35,380
106000080,401,62,339
106000081,659,58,601
106000082,489,27,462
106000083,392,211,181
106000084,436,14,422
106000085,752,255,497
106000086,709,138,571
106000087,271,18,253
106000088,242,66,176
106000089,385,17,368
106000090,452,80,372
106000091,0,0,0
106000092,195,55,140
106000093,162,4,158
106000094,0,0,0
106000095,249,21,228
106000096,286,13,273
106000097,198,28,170
106000098,351,20,331
106000099,11,15,-4
106000100,567,8,559
106000101,346,2,344
106000102,5,9,-4
106000103,3,81,-78
106000104,107,24,83
106000105,10,59,-49
106000106,197,17,180
106000107,16,80,-64
106000108,83,6,77
106000109,2,79,-77
106000110,90,30,60
106000111,7,38,-31
106000112,85,20,65
106000113,31,59,-28
106000114,23,19,4
106000115,11,42,-31
106000116,68,69,-1
106000117,0,0,0
106000118,262,84,178
106000119,0,0,0
106000120,394,189,205
106000121,4,10,-6
106000122,0,0,0
106000123,50,22,28
106000124,0,0,0
106000125,0,0,0
106000126,38,3,35
106000127,0,0,0
106000128,127,28,99
106000129,0,0,0
106000130,269,44,225
106000131,0,0,0
106000132,275,20,255
106000133,0,0,0
106000134,262,87,175
106000135,0,0,0
106000136,482,99,383
106000137,0,0,0
106000138,305,4,301
106000139,125,33,92
106000140,0,0,0
106000141,0,0,0
106000142,36,19,17
106000143,0,0,0
106000144,136,12,124
106000145,0,0,0
106000146,392,131,261
106000147,31,15,16
106000148,59,70,-11
106000149,197,40,157
106000150,68,63,5
106000151,257,109,148
106000152,128,202,-74
106000153,2,18,-16
106000154,44,6,38
106000155,6,34,-28
106000156,357,23,334
106000157,132,91,41
106000158,635,100,535
106000159,184,95,89
106000160,213,172,41
106000161,78,2,76
106000162,209,57,152
106000163,55,5,50
106000164,176,10,166
106000165,41,17,24
106000166,315,12,303
106000167,58,60,-2
106000168,206,18,188
106000169,24,22,2
106000170,137,32,105
106000171,12,132,-120
106000172,388,55,333
106000173,123,160,-37
106000174,275,12,263
106000175,68,5,63
106000176,337,56,281
106000177,0,0,0
106000178,299,35,264
106000179,0,0,0
106000180,124,42,82
106000181,48,46,2
106000182,488,13,475
106000183,574,80,494
106000184,289,55,234
106000185,57,33,24
106000186,81,3,78
106000187,14,11,3
106000188,0,0,0
106000189,0,0,0
106000190,6,0,6
106000191,130,11,119
106000192,0,0,0
106000193,79,33,46
106000194,2,3,-1
106000195,58,3,55
106000196,5,37,-32
106000197,137,0,137
106000198,2,16,-14
106000199,149,15,134
106000200,5,77,-72
106000201,53,38,15
106000202,34,22,12
106000203,0,0,0
106000204,36,3,33
106000205,0,0,0
106000206,21,0,21
106000207,0,29,-29
106000208,501,30,471
106000209,627,49,578
106000210,1,35,-34
106000211,6,69,-63
106000212,909,72,837
106000213,0,0,0
106000214,330,60,270
106000215,24,65,-41
106000216,172,30,142
106000217,6,72,-66
106000218,59,32,27
106000219,1,81,-80
106000220,138,9,129
106000221,0,0,0
106000222,83,15,68
106000223,165,30,135
106000224,0,0,0
106000225,6,169,-163
106000226,0,0,0
106000228,0,0,0
106000229,0,0,0
106000231,236,3,233
106000232,0,0,0
106000233,35,14,21
106000234,0,0,0
106000235,37,21,16
106000236,0,0,0
106000237,0,0,0
106000238,0,1,-1
106000239,0,0,0
106000240,1,0,1
106000241,0,59,-59
106000242,77,35,42
106000249,129,29,100
106000250,12,38,-26
106000251,0,0,0
106000252,0,0,0
106000253,0,0,0
106000254,0,0,0
106000255,0,0,0
106000256,0,0,0
106000257,48,8,40
106000258,0,0,0
106000259,0,0,0
106000260,0,0,0
106000261,0,0,0
106000262,0,0,0
106000263,0,0,0
106000264,0,0,0
106000265,0,0,0
106000266,0,0,0
106000267,0,0,0
106000268,0,0,0
106000269,0,0,0
106000270,26,0,26
106000271,0,0,0
106000272,0,0,0
106000273,0,0,0
106000274,0,0,0
106000275,0,0,0
106000276,0,0,0
106000277,0,0,0
106000278,0,0,0
106000279,0,0,0
106000280,0,0,0
106000281,0,0,0
106000282,0,0,0
106000283,0,0,0
106000284,0,0,0
106000285,0,0,0
106000286,0,0,0
106000287,0,0,0
106000288,0,0,0
106000289,0,0,0
106000290,0,0,0
106000291,0,0,0
106000292,0,0,0
106000293,0,0,0
106000294,0,0,0
106000295,0,0,0
106000296,0,0,0
106000297,0,0,0
106000298,0,0,0
106000299,0,0,0
106000300,0,0,0
106000301,0,0,0
106000303,0,0,0
106000304,0,0,0
106000305,0,0,0
106000306,0,0,0
106000307,0,0,0
106000308,0,0,0
106000309,0,0,0
106000310,28,4,24
106000311,123,14,109
106000312,3,16,-13
106000313,20,3,17
106000318,0,0,0
106000319,372,12,360
106000320,0,0,0
106000321,0,0,0
106000322,0,0,0
106000324,0,0,0
106000325,1407,335,1072
106000326,97,85,12
106000327,158,7,151
106000328,0,0,0
106000329,0,0,0
106000330,0,4,-4
106000428,52,109,-57
106000429,0,0,0
106000430,0,0,0
106000431,222,288,-66
106000432,2,136,-134
106000433,930,498,432
106000434,1238,400,838
106000435,4,122,-118
106000436,0,0,0
106000437,61,7,54
106000438,5,7,-2
106000439,0,0,0
106000440,10,40,-30
106000441,0,1,-1
106000442,34,0,34
106000443,0,0,0
106000450,0,0,0
106000451,24,20,4
106000454,0,0,0
106000455,0,16,-16
106000456,44,2,42
106000457,0,0,0
106000458,147,4,143
106000459,0,0,0
106000460,260,4,256
106000461,0,0,0
106000462,0,0,0
106000463,0,0,0
106000464,0,0,0
106000465,130,0,130
106000466,0,0,0
106000467,0,32,-32
106000468,64,10,54
106000469,9,0,9
106000470,0,0,0
106000471,0,0,0
106000472,36,1,35
106000473,0,0,0
106000474,17,72,-55
106000475,87,70,17
106000476,3,6,-3
106000477,0,0,0
106000480,0,0,0
106900001,0,0,0
106900002,0,0,0
106900003,0,0,0
106900004,0,0,0
106900006,0,0,0
106900007,0,0,0
106900008,0,0,0
106900009,0,0,0
106900010,0,0,0
106900012,0,0,0
106900013,0,0,0
106900014,0,0,0
106900015,0,0,0
106900016,0,0,0
106900017,0,0,0
106900018,0,0,0
106900019,0,0,0
106900020,0,0,0
106900021,0,0,0
106900022,0,0,0
106900023,0,0,0
106900024,0,0,0
106900025,0,0,0
106900026,0,0,0
106900027,215,0,215
107000001,1525,2440,-915
107000002,217,369,-152
107000003,4836,4524,312
107000004,512,345,167
107000005,4992,2941,2051
107000006,290,269,21
107000007,1719,2400,-681
107000008,470,298,172
107000009,4536,3350,1186
107000010,348,320,28
107000011,0,0,0
107000012,0,0,0
107000013,0,0,0
107000014,0,0,0
107000015,0,0,0
107000016,0,0,0
107000017,14,8,6
107000018,0,0,0
107000020,64,396,-332
107000021,28,2,26
107000022,68,329,-261
107000023,205,1,204
107000024,96,208,-112
107000025,28,13,15
107000026,10,61,-51
107000027,193,30,163
107000028,23,119,-96
107000029,866,119,747
107000030,92,137,-45
107000031,941,230,711
107000032,112,123,-11
107000033,197,52,145
107000034,0,0,0
107000035,9,33,-24
107000036,0,0,0
107000037,31,115,-84
107000038,4,72,-68
107000039,120,378,-258
107000040,17,5,12
107000041,446,71,375
107000042,34,85,-51
107000043,299,100,199
107000044,24,12,12
107000045,7,20,-13
107000046,394,62,332
107000047,20,59,-39
107000048,294,33,261
107000049,1,105,-104
107000050,396,61,335
107000051,53,175,-122
107000052,261,86,175
107000053,232,64,168
107000054,18,181,-163
107000055,161,44,117
107000056,79,28,51
107000057,136,228,-92
107000058,870,1110,-240
107000059,0,0,0
107000060,2397,1860,537
107000061,12,11,1
107000062,1876,1244,632
107000063,2,23,-21
107000064,1469,1101,368
107000065,12,25,-13
107000066,850,771,79
107000067,182,118,64
107000068,40,170,-130
107000069,189,279,-90
107000070,221,1,220
107000071,632,8,624
107000072,0,0,0
107000073,204,27,177
107000074,0,0,0
107000075,1399,55,1344
107000076,0,0,0
107000077,1286,45,1241
107000078,0,0,0
107000079,971,69,902
107000080,0,0,0
107000081,1122,199,923
107000082,0,0,0
107000083,408,510,-102
107000084,0,0,0
107000085,721,642,79
107000086,119,262,-143
107000087,539,272,267
107000088,62,99,-37
107000089,429,211,218
107000090,101,73,28
107000091,380,172,208
107000092,71,77,-6
107000093,210,353,-143
107000094,77,45,32
107000095,1094,529,565
107000096,0,0,0
107000097,367,106,261
107000098,0,0,0
107000099,184,125,59
107000100,0,0,0
107000101,117,142,-25
107000102,0,0,0
107000103,174,91,83
107000104,0,0,0
107000105,284,50,234
107000106,0,0,0
107000107,306,119,187
107000108,0,0,0
107000109,178,12,166
107000110,0,0,0
107000111,113,3,110
107000112,0,0,0
107000113,337,26,311
107000114,0,0,0
107000115,459,28,431
107000116,0,0,0
107000117,192,81,111
107000118,0,0,0
107000119,903,226,677
107000120,0,0,0
107000121,537,37,500
107000122,7,136,-129
107000123,488,29,459
107000124,20,56,-36
107000125,459,47,412
107000126,54,78,-24
107000129,0,0,0
107000130,206,88,118
107000131,0,0,0
107000132,281,127,154
107000133,1,0,1
107000134,43,0,43
107000135,0,0,0
107000136,67,0,67
107000137,0,1,-1
107000138,0,1,-1
107000139,0,4,-4
107000140,135,0,135
107000141,0,2,-2
107000142,68,0,68
107000143,0,1,-1
107000144,22,2,20
107000145,0,11,-11
107000146,0,0,0
107000147,1,5,-4
107000150,0,0,0
107000151,0,0,0
107000152,23,133,-110
107000153,0,0,0
107000154,0,0,0
107000155,60,0,60
107000156,151,0,151
107000157,0,0,0
107000158,22,0,22
107000159,0,0,0
107000160,106,57,49
107000161,1,0,1
107000162,43,26,17
107000163,41,0,41
107000164,0,0,0
107000165,0,0,0
107000166,0,0,0
107000167,0,0,0
107000168,536,85,451
107000169,7,15,-8
107000170,522,63,459
107000171,7,6,1
107000172,358,64,294
107000173,8,5,3
107000174,234,248,-14
107000175,30,13,17
107000176,23,0,23
107000177,0,0,0
107000178,1,1,0
107000179,0,0,0
107000180,669,32,637
107000181,0,0,0
107000182,588,32,556
107000183,0,0,0
107000184,442,32,410
107000185,0,0,0
107000186,512,52,460
107000187,113,57,56
107000188,0,0,0
107000189,54,29,25
107000190,0,0,0
107000191,77,96,-19
107000192,0,0,0
107000193,51,69,-18
107000194,0,0,0
107000197,247,34,213
107000198,0,0,0
107000199,159,74,85
107000200,8,25,-17
107000201,77,102,-25
107000202,119,77,42
107000203,35,209,-174
107000204,55,644,-589
107000205,65,35,30
107000206,36,458,-422
107000207,15,47,-32
107000208,18,34,-16
107000209,0,0,0
107000210,0,0,0
107000211,0,0,0
107000212,0,0,0
107000213,0,0,0
107000214,0,0,0
107000215,0,0,0
107000216,0,0,0
107000217,0,0,0
107000219,0,0,0
107000220,0,0,0
107000222,14,16,-2
107000224,3,5,-2
107000225,0,0,0
107000226,146,4,142
107000227,0,0,0
107000228,0,0,0
107000229,0,0,0
107000230,30,6,24
107000231,37,74,-37
107000232,0,0,0
107000233,0,0,0
107000234,0,0,0
107000235,189,1,188
107000236,0,0,0
107000237,12,0,12
107000238,19,0,19
107000239,0,0,0
107000240,0,0,0
107000243,0,0,0
107000244,11,0,11
107000246,0,0,0
107000249,0,0,0
107000251,0,0,0
107000252,0,0,0
107000255,0,0,0
107000257,0,0,0
107000258,0,0,0
107000259,0,0,0
107000260,0,0,0
107000262,0,0,0
107000263,0,0,0
107000266,0,0,0
107000267,0,0,0
107000268,0,0,0
107000269,0,0,0
107000270,0,0,0
107000271,0,0,0
107000272,0,0,0
107000273,0,0,0
107000274,0,0,0
107000275,0,0,0
107000280,103,0,103
107000281,0,0,0
107000282,0,0,0
107000290,0,0,0
107000291,0,0,0
107000292,0,0,0
107000293,0,0,0
107000294,0,0,0
107000295,0,0,0
107000296,0,2,-2
107000444,47,0,47
107000496,0,0,0
107000497,0,0,0
107000500,0,0,0
107000501,0,0,0
107000502,0,0,0
107000505,1,36,-35
107000506,0,0,0
107000508,0,0,0
107000509,27,48,-21
107000510,0,0,0
107000514,0,0,0
107000515,0,0,0
107000516,120,94,26
107000518,384,40,344
107000519,0,0,0
107000520,0,0,0
107000521,0,0,0
107000522,555,226,329
107900001,0,0,0
107900002,0,0,0
107900003,0,0,0
107900004,0,0,0
107900005,0,0,0
107900006,0,0,0
107900007,0,0,0
107900008,0,0,0
107900009,0,0,0
107900010,0,0,0
107900012,0,0,0
107900013,0,0,0
107900014,0,0,0
107900015,0,0,0
107900016,0,0,0
107900017,0,0,0
107900018,0,0,0
107900019,0,0,0
107900020,0,0,0
107900021,0,0,0
107900023,0,0,0
107900024,0,0,0
107900025,0,0,0
107900026,0,0,0
107900027,0,0,0
107900028,0,0,0
107900030,0,0,0
107900031,0,0,0
107900032,0,0,0
107900033,0,0,0
107900034,0,0,0
107900035,0,0,0
107900036,0,0,0
107900037,0,0,0
107900038,0,0,0
107900039,0,0,0
107900040,0,0,0
107900041,0,0,0
107900043,0,0,0
107900044,0,0,0
107900045,0,0,0
107900046,0,0,0
107900047,0,0,0
107900048,0,0,0
107900049,0,0,0
107900050,0,0,0
107900051,0,0,0
107900052,0,0,0
107900053,0,0,0
107900055,0,0,0
107900056,0,0,0
107900057,0,0,0
107900058,0,0,0
107900060,0,0,0
107900061,0,0,0
107900063,0,0,0
107900064,0,0,0
107900065,0,0,0
107900066,0,0,0
107900067,0,0,0
107900068,0,0,0
107900069,0,0,0
107900070,0,0,0
107900071,0,0,0
107900072,0,0,0
107900073,0,0,0
107900074,0,0,0
107900076,0,0,0
107900077,0,0,0
107900079,0,0,0
107900080,0,0,0
107900081,0,0,0
107900082,0,0,0
107900083,0,0,0
107900084,0,0,0
107900086,0,0,0
107900087,0,0,0
107900088,0,0,0
107900089,0,0,0
107900090,0,0,0
107900091,0,0,0
107900093,0,0,0
107900095,0,0,0
107900097,0,0,0
107900098,0,0,0
107900100,0,0,0
107900101,0,0,0
107900102,0,0,0
107900103,0,0,0
107900104,0,0,0
107900105,0,0,0
107900106,0,0,0
107900107,0,0,0
107900108,0,0,0
107900109,0,0,0
107900110,0,0,0
107900111,0,0,0
107900112,0,0,0
107900113,0,0,0
107900114,0,0,0
107900115,0,0,0
107900116,0,0,0
107900117,0,0,0
107900118,0,0,0
107900119,0,0,0
107900120,0,0,0
107900121,0,0,0
107900122,0,0,0
107900123,0,0,0
107900124,0,0,0
107900125,0,0,0
107900126,0,0,0
107900127,0,0,0
107900128,0,0,0
107900129,0,0,0
107900130,0,0,0
107900131,0,0,0
107900132,0,0,0
107900133,0,0,0
107900134,0,0,0
107900135,0,0,0
107900136,0,0,0
107900137,0,0,0
107900138,0,0,0
107900139,0,0,0
107900141,0,0,0
107900142,0,0,0
107900143,0,0,0
107900144,0,0,0
107900145,0,0,0
107900146,0,0,0
107900147,0,0,0
107900148,0,0,0
107900149,0,0,0
107900150,0,0,0
107900151,0,0,0
107900152,0,0,0
107900153,0,0,0
107900154,0,0,0
107900155,0,0,0
107900156,0,0,0
107900157,0,0,0
107900158,0,0,0
107900159,0,0,0
107900160,0,0,0
107900161,0,0,0
107900162,0,0,0
107900163,0,0,0
107900164,0,0,0
107900165,0,0,0
107900166,0,0,0
107900167,0,0,0
107900168,0,0,0
107900169,0,0,0
107900171,0,0,0
107900172,0,0,0
107900173,0,0,0
107900174,0,0,0
107900175,0,0,0
107900176,0,0,0
107900177,0,0,0
107900178,0,0,0
107900179,0,0,0
107900180,0,0,0
107900181,0,0,0
107900182,0,0,0
107900183,0,0,0
107900184,0,0,0
107900185,0,0,0
107900186,0,0,0
107900187,0,0,0
107900188,0,0,0
107900189,0,0,0
107900190,0,0,0
107900191,0,0,0
107900193,0,0,0
107900194,0,0,0
107900195,0,0,0
107900196,0,0,0
107900197,0,0,0
107900199,0,0,0
107900201,0,0,0
107900203,0,0,0
107900204,0,0,0
107900206,0,0,0
107900207,0,0,0
107900208,0,0,0
107900209,0,0,0
107900210,0,0,0
107900213,0,0,0
107900214,0,0,0
107900215,0,0,0
107900216,0,0,0
107900217,0,0,0
107900218,0,0,0
107900219,0,0,0
107900220,0,0,0
107900221,0,0,0
107900223,0,0,0
107900224,0,0,0
107900225,0,0,0
107900226,0,0,0
107900227,0,0,0
107900228,0,0,0
107900229,0,0,0
107900230,0,0,0
107900231,0,0,0
107900232,0,0,0
107900233,0,0,0
107900234,0,0,0
107900235,0,0,0
107900236,0,0,0
107900237,0,0,0
107900238,0,0,0
107900239,0,0,0
107900240,0,0,0
107900241,0,0,0
107900242,0,0,0
107900243,0,0,0
107900244,0,0,0
107900245,0,0,0
107900246,0,0,0
107900248,0,0,0
107900249,0,0,0
107900250,0,0,0
107900251,0,0,0
107900252,0,0,0
107900253,0,0,0
107900254,0,0,0
107900255,0,0,0
107900256,0,0,0
107900257,0,0,0
107900258,0,0,0
107900259,0,0,0
107900261,0,0,0
107900262,0,0,0
107900264,0,0,0
107900265,0,0,0
107900267,0,0,0
107900268,0,0,0
107900269,0,0,0
107900270,0,0,0
107900271,0,0,0
107900272,0,0,0
107900273,0,0,0
107900274,0,0,0
107900275,0,0,0
107900276,0,0,0
107900277,0,0,0
107900278,0,0,0
107900279,0,0,0
107900280,0,0,0
107900281,0,0,0
107900282,0,0,0
107900283,0,0,0
107900284,0,0,0
107900285,0,0,0
107900286,0,0,0
107900287,0,0,0
107900290,0,0,0
107900291,0,0,0
107900292,0,0,0
107900293,0,0,0
107900295,0,0,0
107900297,0,0,0
107900298,0,0,0
107900299,0,0,0
107900301,0,66,-66
107900302,0,0,0
107900303,0,0,0
107900304,0,0,0
107900305,0,0,0
107900306,0,0,0
107900307,0,0,0
107900308,0,0,0
107900309,0,0,0
107900310,0,0,0
107900311,0,0,0
107900312,0,0,0
107900313,0,0,0
107900314,0,0,0
107900315,0,0,0
107900316,0,0,0
107900317,0,0,0
107900318,0,0,0
107900319,0,0,0
107900320,0,0,0
107900321,0,0,0
107900322,0,0,0
107900323,0,0,0
107900324,0,0,0
107900325,0,0,0
107900326,0,0,0
107900327,0,0,0
107900328,0,0,0
107900329,0,0,0
107900330,0,0,0
107900331,0,0,0
107900332,0,0,0
107900333,0,0,0
107900334,0,0,0
107900335,0,0,0
107900336,0,0,0
107900337,0,0,0
107900338,0,0,0
107900339,0,0,0
107900340,0,0,0
107900341,0,0,0
107900342,0,0,0
107900343,0,0,0
107900344,0,0,0
107900345,0,0,0
107900346,0,0,0
107900347,0,0,0
107900348,0,0,0
107900349,0,0,0
107900350,0,0,0
107900351,0,0,0
107900352,0,0,0
107900353,0,0,0
107900354,0,0,0
108000001,2224,1247,977
108000002,103,233,-130
108000003,1684,861,823
108000004,439,1404,-965
108000005,4834,1662,3172
108000006,114,664,-550
108000007,4420,1137,3283
108000008,400,303,97
108000009,2749,1164,1585
108000010,181,315,-134
108000011,4884,1713,3171
108000012,569,685,-116
108000014,235,1,234
108000015,676,9,667
108000016,0,1,-1
108000017,845,65,780
108000018,1376,67,1309
108000019,212,62,150
108000020,554,110,444
108000021,0,0,0
108000022,42,48,-6
108000023,735,60,675
108000024,222,27,195
108000025,46,0,46
108000026,348,51,297
108000027,55,1,54
108000028,298,11,287
108000029,53,1,52
108000030,336,13,323
108000031,8,1,7
108000032,1156,90,1066
108000033,0,0,0
108000034,1167,64,1103
108000035,0,0,0
108000036,2,29,-27
108000037,612,82,530
108000038,881,69,812
108000039,4,33,-29
108000040,1126,188,938
108000041,13,3,10
108000042,242,3,239
108000043,51,0,51
108000044,659,12,647
108000045,9,0,9
108000046,1163,185,978
108000047,0,0,0
108000048,0,0,0
108000049,332,73,259
108000050,1,1,0
108000051,180,38,142
108000052,4,8,-4
108000053,356,27,329
108000054,24,10,14
108000055,315,95,220
108000056,19,22,-3
108000057,311,411,-100
108000058,558,703,-145
108000059,1,126,-125
108000060,208,161,47
108000061,0,0,0
108000062,218,67,151
108000063,0,0,0
108000064,122,90,32
108000065,0,0,0
108000066,419,58,361
108000067,951,41,910
108000068,749,127,622
108000069,0,0,0
108000070,1586,103,1483
108000071,0,0,0
108000072,1820,149,1671
108000073,0,0,0
108000074,579,131,448
108000075,0,0,0
108000076,874,267,607
108000077,0,0,0
108000078,2274,849,1425
108000079,0,0,0
108000080,1059,260,799
108000081,0,0,0
108000082,0,0,0
108000083,132,40,92
108000084,0,0,0
108000085,125,73,52
108000086,0,0,0
108000087,66,278,-212
108000088,534,38,496
108000089,0,0,0
108000091,0,0,0
108000092,561,25,536
108000093,0,0,0
108000094,910,84,826
108000095,0,0,0
108000096,497,367,130
108000097,0,0,0
108000098,1316,141,1175
108000099,78,16,62
108000100,162,94,68
108000101,1064,285,779
108000102,336,615,-279
108000106,179,0,179
108000107,0,0,0
108000108,106,3,103
108000109,0,0,0
108000110,24,6,18
108000111,0,0,0
108000112,6,51,-45
108000113,99,46,53
108000115,73,16,57
108000117,171,23,148
108000118,3,95,-92
108000119,88,4,84
108000120,518,142,376
108000121,54,33,21
108000122,617,67,550
108000123,557,77,480
108000124,0,0,0
108000125,475,65,410
108000126,0,0,0
108000127,501,71,430
108000128,0,0,0
108000129,0,0,0
108000130,340,17,323
108000131,377,106,271
108000132,0,0,0
108000133,807,54,753
108000134,0,0,0
108000135,1355,14,1341
108000136,0,0,0
108000137,52,18,34
108000138,16,27,-11
108000139,71,60,11
108000140,0,0,0
108000141,0,0,0
108000142,0,0,0
108000143,0,0,0
108000144,0,0,0
108000145,0,0,0
108000146,0,0,0
108000147,0,0,0
108000148,0,0,0
108000149,0,0,0
108000150,0,0,0
108000151,0,0,0
108000152,0,0,0
108000153,0,0,0
108000154,0,0,0
108000155,0,0,0
108000156,0,0,0
108000157,0,0,0
108000158,0,0,0
108000159,38,27,11
108000160,142,14,128
108000161,252,115,137
108000165,0,0,0
108000172,0,0,0
108000173,0,0,0
108000175,310,33,277
108000178,0,0,0
108000179,63,605,-542
108000181,0,0,0
108000182,0,0,0
108000183,0,0,0
108000184,5,132,-127
108000185,0,0,0
108000186,0,0,0
108000187,0,0,0
108000188,0,0,0
108000189,86,34,52
108000190,0,0,0
108000192,0,0,0
108000193,0,164,-164
108000194,16,2,14
108000195,9,0,9
108000196,21,2,19
108000198,0,0,0
108000199,0,0,0
108000200,0,0,0
108000203,0,0,0
108000204,0,0,0
108000205,0,0,0
108000339,146,20,126
108000364,22,20,2
108000365,5,9,-4
108000367,0,0,0
108000368,0,0,0
108000369,0,0,0
108000371,0,0,0
108000372,159,0,159
108000373,53,16,37
108000376,0,0,0
108000377,43,72,-29
108000378,5879,2938,2941
108000379,0,0,0
108000381,0,0,0
108000382,44,0,44
108000383,0,0,0
108900001,0,0,0
108900002,0,0,0
108900003,0,0,0
108900004,121,47,74
108900007,42,7,35
108900008,0,7,-7
108900009,15,0,15
108900010,0,0,0
108900011,112,18,94
108900012,22,3,19
108900013,81,17,64
108900014,0,0,0
108900015,0,0,0
108900016,0,0,0
108900017,0,0,0
108900018,0,0,0
108900019,0,0,0
108900020,0,0,0
108900021,0,0,0
108900022,0,0,0
108900023,0,0,0
108900024,0,0,0
108900025,0,0,0
108900026,0,0,0
108900027,0,0,0
108900028,0,0,0
108900029,0,0,0
108900030,0,0,0
108900031,0,0,0
108900032,0,0,0
108900033,0,0,0
108900034,0,0,0
108900035,0,0,0
108900038,0,0,0
108900039,0,0,0
108900040,0,0,0
108900041,225,108,117
108900042,0,0,0
108900043,0,0,0
108900044,0,0,0
108900045,0,0,0
108900046,0,0,0
108900047,0,0,0
108900048,0,0,0
108900049,0,0,0
108900050,0,0,0
108900051,0,0,0
108900052,0,0,0
108900053,0,0,0
108900054,0,0,0
108900055,0,0,0
108900056,0,0,0
108900057,0,0,0
108900058,0,0,0
108900059,0,0,0
108900060,0,9,-9
108900061,0,0,0
108900062,0,0,0
108900063,0,0,0
108900064,0,0,0
108900065,0,0,0
108900066,23,0,23
108900067,0,0,0
108900068,0,0,0
108900069,0,0,0
108900070,0,0,0
108900071,0,0,0
108900072,0,0,0
108900073,0,0,0
108900074,0,0,0
108900075,0,0,0
108900076,1,1,0
108900077,0,0,0
108900078,0,0,0
108900079,0,0,0
108900080,0,0,0
108900081,0,0,0
108900082,0,0,0
108900083,0,0,0
108900085,0,0,0
108900086,0,0,0
108900087,0,0,0
108900088,18,1,17
108900089,0,0,0
108900090,0,0,0
108900091,0,0,0
108900092,123,13,110
108900093,0,0,0
108900094,0,0,0
108900095,0,0,0
108900096,0,0,0
108900097,15,0,15
108900098,0,0,0
108900099,32,0,32
108900100,0,0,0
108900101,0,0,0
108900102,0,0,0
108900103,0,0,0
108900105,0,0,0
108900106,44,1,43
108900108,0,0,0
108900109,0,0,0
108900110,19,6,13
108900111,21,3,18
108900113,0,0,0
108900114,0,0,0
108900115,0,0,0
108900116,0,0,0
108900117,0,0,0
108900118,0,0,0
108900119,0,0,0
108900120,0,0,0
108900121,0,0,0
108900122,0,0,0
108900123,0,0,0
108900124,0,0,0
108900125,0,0,0
108900126,0,0,0
108900127,0,0,0
108900128,0,0,0
108900129,0,0,0
108900130,0,0,0
108900131,0,0,0
108900132,0,0,0
108900133,0,0,0
108900134,0,0,0
108900135,0,0,0
108900136,0,0,0
108900137,0,0,0
108900138,0,0,0
108900140,0,0,0
108900141,0,0,0
108900142,0,0,0
108900143,0,0,0
108900144,0,0,0
108900145,0,0,0
108900146,0,0,0
108900147,0,0,0
108900148,0,0,0
108900150,0,0,0
108900151,0,0,0
108900152,0,0,0
108900153,0,0,0
108900154,0,0,0
108900156,0,0,0
108900157,0,0,0
108900158,0,0,0
108900159,0,0,0
108900160,0,0,0
108900161,0,0,0
108900162,0,0,0
108900163,0,0,0
108900164,0,0,0
108900168,0,0,0
108900169,0,0,0
108900171,49,86,-37
108900172,0,0,0
108900173,0,0,0
108900174,0,0,0
108900176,0,0,0
108900177,0,0,0
108900178,0,0,0
108900180,1,26,-25
108900183,0,0,0
108900184,84,3,81
108900185,0,0,0
108900186,0,0,0
108900189,19,4,15
108900190,0,0,0
108900192,0,0,0
108900195,3,0,3
108900196,0,0,0
108900199,0,0,0
108900200,5,0,5
108900201,0,0,0
108900203,0,0,0
108900204,0,0,0
108900205,0,0,0
108900206,0,0,0
108900207,0,0,0
108900208,0,0,0
108900209,0,0,0
108900210,0,0,0
108900211,0,0,0
108900212,0,0,0
108900215,0,0,0
108900216,0,0,0
108900217,0,0,0
108900218,0,0,0
108900221,0,0,0
108900224,0,0,0
108900225,0,0,0
108900227,0,0,0
108900230,0,0,0
108900232,0,0,0
108900233,0,0,0
108900234,0,0,0
108900235,0,0,0
108900236,0,0,0
108900240,0,0,0
108900241,0,0,0
108900245,0,0,0
108900250,0,0,0
108900258,0,0,0
108900259,0,0,0
108900260,0,0,0
108900261,0,0,0
108900262,0,0,0
108900263,0,0,0
108900264,0,0,0
108900265,0,0,0
108900266,0,0,0
108900267,0,0,0
108900268,0,0,0
108900269,0,0,0
108900270,0,0,0
108900271,0,0,0
108900272,0,0,0
108900273,0,0,0
108900274,0,0,0
109000001,830,509,321
109000002,0,382,-382
109000003,2023,230,1793
109000004,1,204,-203
109000005,1644,142,1502
109000006,4,107,-103
109000007,1521,212,1309
109000008,3,113,-110
109000009,1996,226,1770
109000010,15,287,-272
109000011,2514,516,1998
109000012,40,299,-259
109000013,3135,942,2193
109000014,61,211,-150
109000015,3885,644,3241
109000016,106,271,-165
109000017,2094,459,1635
109000018,91,242,-151
109000019,1732,270,1462
109000020,3,148,-145
109000023,10,0,10
109000024,0,0,0
109000025,0,0,0
109000026,59,0,59
109000027,0,0,0
109000028,28,2,26
109000029,0,0,0
109000030,0,0,0
109000031,281,32,249
109000032,0,0,0
109000033,227,40,187
109000034,0,0,0
109000035,0,0,0
109000036,3,1,2
109000037,0,0,0
109000038,56,32,24
109000039,0,0,0
109000040,0,0,0
109000041,71,65,6
109000042,16,61,-45
109000044,95,28,67
109000045,0,0,0
109000046,150,18,132
109000047,0,0,0
109000048,263,31,232
109000049,0,0,0
109000050,243,75,168
109000051,0,0,0
109000052,0,0,0
109000053,0,0,0
109000054,0,0,0
109000055,0,0,0
109000056,0,0,0
109000057,0,0,0
109000058,0,0,0
109000059,0,0,0
109000060,5,4,1
109000061,0,0,0
109000062,1,3,-2
109000063,0,0,0
109000064,0,9,-9
109000065,0,0,0
109000066,1,0,1
109000067,0,0,0
109000068,101,0,101
109000069,324,23,301
109000070,0,0,0
109000071,0,0,0
109000072,0,0,0
109000073,0,0,0
109000074,0,2,-2
109000075,0,0,0
109000076,19,29,-10
109000077,22,4,18
109000078,0,15,-15
109000079,5,2,3
109000080,8,0,8
109000081,27,14,13
109000082,30,1,29
109000083,26,9,17
109000088,0,17,-17
109000089,0,0,0
109000090,1,19,-18
109000091,0,0,0
109000092,1,47,-46
109000093,0,0,0
109000094,0,0,0
109000095,0,10,-10
109000096,60,17,43
109000097,0,0,0
109000098,17,10,7
109000099,270,24,246
109000100,12,47,-35
109000101,296,23,273
109000102,12,42,-30
109000103,29,18,11
109000104,485,4,481
109000105,16,52,-36
109000106,375,9,366
109000107,19,63,-44
109000108,484,44,440
109000109,14,43,-29
109000110,86,124,-38
109000111,14,184,-170
109000112,0,0,0
109000113,16,11,5
109000114,173,110,63
109000115,256,14,242
109000116,0,0,0
109000117,100,0,100
109000118,0,4,-4
109000119,261,6,255
109000120,0,0,0
109000121,363,17,346
109000122,3,6,-3
109000123,0,0,0
109000124,48,2,46
109000125,591,12,579
109000126,1,7,-6
109000127,651,19,632
109000128,21,11,10
109000129,602,31,571
109000130,2,3,-1
109000131,95,287,-192
109000132,26,57,-31
109000133,0,0,0
109000134,0,0,0
109000135,0,0,0
109000136,44,19,25
109000137,80,4,76
109000138,38,12,26
109000139,81,21,60
109000140,3,4,-1
109000141,120,16,104
109000142,1,3,-2
109000143,0,0,0
109000145,0,0,0
109000146,63,51,12
109000148,0,0,0
109000149,0,0,0
109000150,13,59,-46
109000155,0,0,0
109000156,300,22,278
109000158,0,0,0
109000159,48,30,18
109000160,0,0,0
109000161,517,45,472
109000162,56,5,51
109000163,534,33,501
109000164,24,14,10
109000165,485,121,364
109000166,59,10,49
109000167,2,4,-2
109000170,0,0,0
109000171,0,0,0
109000172,0,0,0
109000173,0,0,0
109000174,0,0,0
109000175,0,0,0
109000176,14,5,9
109000177,0,0,0
109000178,24,1,23
109000179,0,0,0
109000180,0,0,0
109000181,0,0,0
109000182,0,0,0
109000183,0,1,-1
109000184,0,0,0
109000185,7,3,4
109000188,27,16,11
109000189,60,0,60
109000190,0,0,0
109000191,453,45,408
109000192,0,0,0
109000193,0,0,0
109000194,0,0,0
109000195,0,0,0
109000196,0,0,0
109000197,0,0,0
109000198,0,0,0
109000199,0,0,0
109000206,0,0,0
109000207,0,0,0
109000208,0,0,0
109000209,0,0,0
109000210,2,2,0
109000211,1,3,-2
109000214,45,39,6
109000215,277,20,257
109000216,19,226,-207
109000217,0,0,0
109000218,0,0,0
109000221,0,36,-36
109000222,10,15,-5
109000223,11,46,-35
109000224,0,0,0
109000225,1,1,0
109000226,28,0,28
109000227,39,5,34
109000228,0,0,0
109000231,1,0,1
109000232,53,2,51
109000236,0,0,0
109000241,57,36,21
109000242,326,55,271
109000293,0,0,0
109000361,44,14,30
109000364,0,0,0
109000396,0,8,-8
109000397,0,0,0
109000399,1,3,-2
109000400,0,0,0
109000403,0,0,0
109000406,149,0,149
109000407,0,0,0
109000408,0,84,-84
109000410,0,0,0
109000411,24,0,24
109900001,0,0,0
109900002,0,0,0
109900003,0,0,0
109900004,0,0,0
109900005,0,0,0
109900006,0,0,0
109900007,0,0,0
109900008,0,0,0
109900009,0,0,0
109900010,0,0,0
109900011,0,0,0
109900012,0,0,0
109900013,0,0,0
109900014,0,0,0
109900015,0,0,0
109900016,0,0,0
109900017,0,0,0
109900018,0,0,0
109900019,0,0,0
109900020,0,0,0
109900021,0,0,0
109900022,6,0,6
109900023,0,0,0
109900024,0,0,0
109900025,0,0,0
109900026,0,0,0
109900027,0,0,0
109900028,0,0,0
109900029,0,0,0
109900030,0,0,0
109900031,0,0,0
109900032,0,0,0
109900033,0,0,0
109900034,0,0,0
109900035,0,0,0
109900036,0,0,0
109900037,0,0,0
109900038,0,0,0
109900039,0,0,0
109900040,0,0,0
109900041,0,0,0
109900042,0,0,0
109900044,0,0,0
109900045,0,0,0
109900046,64,0,64
109900047,0,0,0
109900048,0,0,0
109900049,0,0,0
109900050,0,0,0
109900051,0,0,0
109900052,0,0,0
109900053,0,0,0
109900054,0,0,0
109900055,0,0,0
109900056,0,0,0
109900057,0,0,0
109900058,0,0,0
109900059,0,0,0
109900060,0,0,0
109900061,0,0,0
109900062,0,0,0
109900063,0,0,0
109900064,16,0,16
109900065,0,0,0
109900066,0,0,0
109900067,0,0,0
109900068,0,0,0
109900069,0,0,0
109900070,0,0,0
109900071,0,0,0
109900072,0,0,0
109900073,0,0,0
109900074,0,0,0
109900075,0,0,0
109900076,0,0,0
109900077,0,0,0
109900078,0,0,0
109900080,0,0,0
109900081,0,0,0
109900082,0,0,0
109900083,0,0,0
109900084,0,0,0
109900085,0,0,0
109900086,0,0,0
109900087,0,0,0
109900089,0,0,0
109900090,0,0,0
109900091,0,0,0
109900092,0,0,0
109900093,0,0,0
109900094,0,0,0
109900095,0,0,0
109900096,0,0,0
109900097,0,0,0
109900098,0,0,0
109900099,0,0,0
109900100,0,0,0
109900101,0,0,0
109900102,0,0,0
109900103,0,0,0
109900104,0,0,0
109900105,0,0,0
109900106,0,0,0
109900107,0,0,0
109900108,0,0,0
109900109,0,0,0
109900110,0,0,0
109900111,0,0,0
109900112,0,0,0
109900113,0,0,0
109900114,0,0,0
109900115,0,0,0
109900117,0,0,0
109900118,0,0,0
109900119,0,0,0
109900120,0,0,0
109900121,0,0,0
109900122,0,0,0
109900123,0,0,0
109900124,0,0,0
109900125,0,0,0
109900126,0,0,0
109900128,0,0,0
109900130,0,0,0
109900131,0,0,0
109900132,0,0,0
109900133,0,0,0
109900134,0,0,0
109900135,0,0,0
109900136,0,0,0
109900137,0,0,0
109900140,0,0,0
109900142,0,0,0
109900145,0,0,0
109900146,0,0,0
109900148,0,0,0
109900149,0,0,0
109900150,0,0,0
109900151,0,0,0
109900152,0,0,0
109900153,0,0,0
109900154,0,0,0
109900155,0,0,0
109900157,0,0,0
109900158,0,0,0
109900159,0,0,0
109900160,0,0,0
109900161,0,0,0
109900162,0,0,0
109900163,0,0,0
109900164,0,0,0
109900165,0,0,0
109900166,0,0,0
109900167,0,0,0
109900168,0,0,0
109900169,0,0,0
109900170,0,0,0
109900171,0,0,0
109900172,0,0,0
109900173,0,0,0
109900174,0,0,0
109900175,0,0,0
109900176,0,0,0
109900177,0,0,0
109900178,0,0,0
109900179,0,0,0
109900180,0,0,0
110000001,60,90,-30
110000002,753,321,432
110000003,86,322,-236
110000004,633,195,438
110000005,21,61,-40
110000006,5,41,-36
110000007,2,10,-8
110000008,0,0,0
110000009,0,0,0
110000010,0,0,0
110000011,14,0,14
110000012,0,0,0
110000013,1,13,-12
110000014,16,14,2
110000015,4,10,-6
110000016,59,37,22
110000017,78,114,-36
110000018,9,21,-12
110000019,0,0,0
110000020,0,0,0
110000021,43,8,35
110000022,0,0,0
110000023,0,0,0
110000024,0,0,0
110000025,0,0,0
110000026,0,0,0
110000027,17,44,-27
110000028,145,12,133
110000029,0,0,0
110000030,75,8,67
110000031,0,0,0
110000032,94,13,81
110000033,3,16,-13
110000034,5,0,5
110000035,46,75,-29
110000036,56,0,56
110000037,2,45,-43
110000038,17,3,14
110000039,156,56,100
110000040,0,0,0
110000041,222,168,54
110000042,0,0,0
110000043,110,79,31
110000044,0,0,0
110000045,7,30,-23
110000046,0,0,0
110000047,0,11,-11
110000048,0,0,0
110000049,1,0,1
110000050,0,0,0
110000051,0,1,-1
110000052,2,19,-17
110000053,1,0,1
110000054,0,0,0
110000055,33,6,27
110000056,124,37,87
110000057,0,0,0
110000058,125,97,28
110000059,23,55,-32
110000060,875,191,684
110000061,79,128,-49
110000062,761,184,577
110000063,0,0,0
110000064,24,2,22
110000065,0,0,0
110000066,0,0,0
110000067,5,1,4
110000068,0,37,-37
110000069,0,0,0
110000071,0,0,0
110000073,0,0,0
110000075,0,0,0
110000076,0,0,0
110000077,0,0,0
110000078,0,0,0
110000080,38,14,24
110000081,0,0,0
110000082,0,0,0
110000083,45,165,-120
110000084,425,157,268
110000085,253,405,-152
110000086,452,189,263
110000087,1,29,-28
110000088,0,129,-129
110000089,299,2,297
110000090,0,0,0
110000091,0,0,0
110000092,0,0,0
110000093,79,3,76
110000094,4,1,3
110000095,495,78,417
110000096,101,44,57
110000097,532,78,454
110000098,437,34,403
110000099,52,87,-35
110000100,49,0,49
110000101,0,0,0
110000102,0,0,0
110000104,0,0,0
110000105,39,11,28
110000106,0,0,0
110000107,1,53,-52
110000108,405,2,403
110000109,0,0,0
110000110,907,146,761
110000111,0,0,0
110000112,0,0,0
110000113,0,0,0
110000114,0,3,-3
110000115,27,23,4
110000116,1,10,-9
110000117,0,0,0
110000118,117,22,95
110000119,0,0,0
110000120,34,5,29
110000121,0,0,0
110000122,18,3,15
110000123,58,75,-17
110000124,0,0,0
110000125,252,15,237
110000126,123,6,117
110000127,288,4,284
110000128,0,0,0
110000129,0,0,0
110000130,67,4,63
110000131,0,0,0
110000132,0,0,0
110000133,0,0,0
110000134,0,0,0
110000135,7,0,7
110000136,0,0,0
110000137,138,3,135
110000138,0,0,0
110000139,96,3,93
110000140,599,14,585
110000143,77,13,64
110000144,1108,263,845
110000145,324,95,229
110000146,763,64,699
110000147,0,0,0
110000148,61,15,46
110000151,12,70,-58
110000152,0,30,-30
110000153,0,0,0
110000154,0,0,0
110000155,47,425,-378
110000156,32,156,-124
110000157,39,291,-252
110000160,0,0,0
110000161,0,0,0
110000166,0,0,0
110000167,450,39,411
110000168,416,98,318
110000169,195,94,101
110000170,7,35,-28
110000171,201,1,200
110000172,24,42,-18
110000173,65,19,46
110000174,0,0,0
110000175,42,0,42
110000176,20,24,-4
110000177,6,48,-42
110000178,149,62,87
110000179,75,86,-11
110000180,86,43,43
110000181,114,31,83
110000182,96,9,87
110000183,291,127,164
110000184,101,62,39
110000185,0,0,0
110000186,0,0,0
110000191,127,1,126
110000192,1,0,1
110000193,0,0,0
110000194,0,0,0
110000195,0,0,0
110000196,0,0,0
110000197,0,0,0
110000198,0,0,0
110000199,0,0,0
110000200,15,0,15
110000201,0,0,0
110000202,0,0,0
110000203,0,0,0
110000204,0,0,0
110000205,0,0,0
110000206,0,0,0
110000207,0,0,0
110000208,0,0,0
110000209,0,0,0
110000210,869,149,720
110000211,661,208,453
110000212,115,34,81
110000213,2,2,0
110000214,8,1,7
110000215,0,0,0
110000216,0,0,0
110000217,182,2,180
110000218,0,0,0
110000219,48,0,48
110000220,0,0,0
110000221,33,0,33
110000222,0,0,0
110000223,0,0,0
110000224,0,0,0
110000225,0,0,0
110000226,326,23,303
110000227,0,0,0
110000228,49,0,49
110000229,0,0,0
110000230,305,77,228
110000231,74,105,-31
110000232,0,0,0
110000233,27,27,0
110000234,148,12,136
110000235,160,33,127
110000236,0,0,0
110000237,0,0,0
110000238,397,79,318
110000239,0,0,0
110000240,0,0,0
110000242,0,0,0
110000243,0,0,0
110000244,0,0,0
110000245,0,0,0
110000246,14,5,9
110000247,91,91,0
110000248,70,33,37
110000249,0,0,0
110000250,0,4,-4
110000251,7,7,0
110000252,65,7,58
110000253,65,22,43
110000254,0,0,0
110000255,0,0,0
110000256,34,87,-53
110000257,33,0,33
110000258,0,5,-5
110000259,0,0,0
110000260,0,0,0
110000263,0,0,0
110000264,6,8,-2
110000265,1049,127,922
110000266,522,351,171
110000267,0,0,0
110000268,0,0,0
110000269,0,0,0
110000270,0,0,0
110000271,234,24,210
110000272,164,201,-37
110000273,135,247,-112
110000274,32,214,-182
110000275,136,52,84
110000276,34,84,-50
110000277,467,45,422
110000278,3,119,-116
110000279,537,96,441
110000280,286,70,216
110000281,0,0,0
110000282,51,0,51
110000283,0,0,0
110000284,0,0,0
110000285,0,0,0
110000286,3,22,-19
110000287,50,0,50
110000288,0,0,0
110000289,0,0,0
110000290,0,0,0
110000291,244,9,235
110000292,0,0,0
110000293,129,13,116
110000294,0,0,0
110000295,90,3,87
110000296,0,0,0
110000297,0,0,0
110000298,0,0,0
110000299,0,0,0
110000301,0,0,0
110000302,0,0,0
110000303,0,0,0
110000304,0,0,0
110000305,86,0,86
110000306,0,0,0
110000307,106,0,106
110000308,94,0,94
110000309,0,0,0
110000310,126,0,126
110000311,0,0,0
110000312,9,0,9
110000313,0,0,0
110000314,0,0,0
110000315,24,171,-147
110000316,3,103,-100
110000317,0,0,0
110000318,0,0,0
110000319,0,0,0
110000320,0,0,0
110000321,0,0,0
110000322,3,29,-26
110000323,0,0,0
110000324,0,0,0
110000325,453,322,131
110000327,126,5,121
110000328,0,0,0
110000333,59,138,-79
110000334,0,6,-6
110000335,42,10,32
110000336,3,19,-16
110000337,685,222,463
110000338,28,7,21
110000339,10,17,-7
110000340,0,6,-6
110000341,50,0,50
110000342,12,2,10
110000343,0,0,0
110000344,0,0,0
110000345,8,19,-11
110000346,303,231,72
110000347,682,191,491
110000348,0,0,0
110000349,0,0,0
110000350,0,0,0
110000351,408,64,344
110000352,0,0,0
110000353,723,67,656
110000354,0,13,-13
110000355,0,0,0
110000356,143,0,143
110000357,0,0,0
110000361,0,0,0
110000362,0,0,0
110000363,79,1,78
110000364,85,82,3
110000365,43,0,43
110000366,0,0,0
110000367,0,0,0
110000368,0,0,0
110000369,24,0,24
110000373,0,0,0
110000374,0,0,0
110000375,75,15,60
110000376,0,0,0
110000377,47,151,-104
110000378,0,0,0
110000379,523,143,380
110000380,104,3,101
110000383,0,0,0
110000384,160,7,153
110000385,0,0,0
110000387,19,0,19
110000388,0,0,0
110000389,609,2,607
110000391,225,37,188
110000396,0,0,0
110000397,0,0,0
110000398,0,0,0
110000399,515,1,514
110000587,3,0,3
110000589,2,0,2
110000640,0,0,0
110000652,0,0,0
110000653,0,0,0
110000654,0,0,0
110000656,0,0,0
110000674,0,0,0
110000675,0,0,0
110000676,0,0,0
110000679,10,6,4
110000682,7,26,-19
110000683,85,35,50
110000684,0,0,0
110000685,0,0,0
110000686,0,0,0
110000687,0,0,0
110000688,31,0,31
110000689,0,0,0
110000692,0,2,-2
110000693,0,0,0
110000694,0,0,0
110000695,0,0,0
110000696,60,4,56
110900001,0,0,0
110900002,0,0,0
110900003,0,0,0
110900004,0,0,0
110900005,0,0,0
110900006,0,0,0
110900007,0,0,0
110900008,0,0,0
110900009,0,0,0
110900010,0,0,0
110900011,0,0,0
110900012,0,0,0
110900013,0,0,0
110900014,0,0,0
110900015,0,0,0
110900016,0,0,0
110900017,0,0,0
110900018,0,0,0
110900019,0,0,0
110900020,0,0,0
110900021,0,0,0
110900022,0,0,0
110900023,0,0,0
110900024,0,0,0
110900025,0,0,0
110900027,0,0,0
110900028,0,0,0
110900029,0,0,0
110900030,0,0,0
110900031,0,0,0
110900032,0,0,0
110900033,0,0,0
110900035,0,0,0
110900036,0,0,0
110900037,0,0,0
110900038,0,0,0
110900039,0,0,0
110900040,0,0,0
110900041,0,0,0
110900042,0,0,0
110900043,0,0,0
110900044,0,0,0
110900045,0,0,0
110900046,0,0,0
110900047,0,0,0
110900049,0,0,0
110900050,0,0,0
110900051,0,0,0
110900052,0,0,0
110900053,0,0,0
110900054,0,0,0
110900055,0,0,0
110900056,0,0,0
110900057,0,0,0
110900058,0,0,0
110900059,0,0,0
110900060,0,0,0
110900061,0,0,0
110900062,0,0,0
110900063,0,0,0
110900064,0,0,0
110900065,0,0,0
110900066,0,0,0
110900067,0,0,0
110900068,0,0,0
110900069,0,0,0
110900070,0,0,0
110900071,0,0,0
110900073,0,0,0
110900074,0,0,0
110900075,0,0,0
110900077,0,0,0
110900078,0,0,0
110900079,37,6,31
110900080,0,0,0
110900081,0,0,0
110900082,0,0,0
110900083,0,0,0
110900084,0,0,0
110900085,0,0,0
110900086,0,0,0
110900087,0,0,0
110900088,0,0,0
110900090,0,0,0
110900091,0,0,0
110900093,0,0,0
110900095,0,0,0
110900097,0,0,0
110900098,0,0,0
110900099,0,0,0
110900100,0,0,0
110900102,0,0,0
110900105,0,0,0
110900108,0,0,0
110900111,0,0,0
110900112,0,0,0
110900113,0,0,0
110900115,0,0,0
110900116,0,0,0
110900118,0,0,0
110900119,0,0,0
110900120,0,0,0
110900121,0,0,0
110900122,0,0,0
110900125,0,0,0
110900127,0,0,0
110900128,0,0,0
110900129,0,0,0
110900130,0,0,0
110900131,0,0,0
110900132,0,0,0
110900133,0,0,0
110900135,0,0,0
110900136,0,0,0
110900139,0,0,0
110900140,0,0,0
110900141,0,0,0
110900142,0,0,0
110900143,0,0,0
110900144,0,0,0
110900145,0,0,0
110900146,0,0,0
110900147,0,0,0
110900148,0,0,0
110900149,0,0,0
110900150,0,0,0
110900151,0,0,0
110900152,0,0,0
110900153,0,0,0
111000001,64,41,23
111000002,0,0,0
111000003,423,91,332
111000004,0,0,0
111000005,612,73,539
111000006,0,0,0
111000007,833,98,735
111000008,0,0,0
111000009,38,162,-124
111000010,570,169,401
111000011,40,45,-5
111000012,315,64,251
111000013,12,68,-56
111000014,777,117,660
111000017,0,0,0
111000018,0,0,0
111000020,0,0,0
111000021,35,1,34
111000023,50,5,45
111000025,142,194,-52
111000029,0,0,0
111000030,0,0,0
111000031,560,81,479
111000032,69,13,56
111000033,51,11,40
111000034,3,28,-25
111000037,0,0,0
111000038,45,12,33
111000039,1,3,-2
111000040,1,28,-27
111000041,0,0,0
111000042,0,0,0
111000043,939,157,782
111000044,925,81,844
111000045,1179,337,842
111000046,575,138,437
111000047,692,189,503
111000049,76,28,48
111000050,0,0,0
111000051,0,0,0
111000052,0,0,0
111000053,0,0,0
111000054,0,0,0
111000055,3,0,3
111000056,0,0,0
111000057,0,0,0
111000058,146,1,145
111000059,385,105,280
111000060,1801,135,1666
111000061,125,12,113
111000062,465,7,458
111000063,756,24,732
111000064,733,42,691
111000065,668,65,603
111000066,288,39,249
111000067,0,0,0
111000068,0,0,0
111000069,0,0,0
111000070,0,0,0
111000071,0,0,0
111000072,879,134,745
111000073,518,175,343
111000074,1154,155,999
111000075,232,26,206
111000076,351,27,324
111000077,853,237,616
111000078,218,20,198
111000079,271,37,234
111000080,148,75,73
111000081,100,75,25
111000082,125,35,90
111000084,105,184,-79
111000085,61,19,42
111000086,121,15,106
111000087,156,19,137
111000088,162,30,132
111000089,180,30,150
111000090,52,57,-5
111000091,0,0,0
111000092,0,0,0
111000093,0,0,0
111000094,19,0,19
111000095,7,5,2
111000096,40,25,15
111000097,0,0,0
111000098,0,0,0
111000099,0,0,0
111000100,0,0,0
111000101,0,0,0
111000102,0,0,0
111000104,114,28,86
111000107,0,0,0
111000109,114,49,65
111000110,362,103,259
111000111,1206,32,1174
111000112,949,17,932
111000113,515,182,333
111000114,293,117,176
111000115,1442,159,1283
111000116,317,45,272
111000117,42,12,30
111000118,187,21,166
111000119,333,60,273
111000120,335,48,287
111000121,113,34,79
111000122,4,0,4
111000123,11,1,10
111000124,0,0,0
111000125,0,0,0
111000126,0,0,0
111000127,205,6,199
111000128,866,12,854
111000129,1068,22,1046
111000130,1598,50,1548
111000131,1013,21,992
111000132,443,76,367
111000133,22,31,-9
111000134,30,11,19
111000135,0,0,0
111000136,330,4,326
111000138,9,0,9
111000140,0,0,0
111000141,1,1,0
111000142,0,0,0
111000143,0,0,0
111000144,0,0,0
111000145,4,0,4
111000146,6,0,6
111000147,6,0,6
111000148,69,8,61
111000149,0,0,0
111000150,10,0,10
111000151,0,0,0
111000153,135,2,133
111000154,6,1,5
111000155,47,9,38
111000156,214,41,173
111000157,85,141,-56
111000158,226,231,-5
111000159,350,160,190
111000160,95,43,52
111000161,0,67,-67
111000162,0,0,0
111000163,0,0,0
111000164,0,0,0
111000165,211,18,193
111000166,0,0,0
111000167,0,0,0
111000168,23,32,-9
111000169,63,39,24
111000170,78,5,73
111000171,40,11,29
111000172,7,3,4
111000173,80,14,66
111000174,2,15,-13
111000175,5,1,4
111000176,0,0,0
111000177,0,0,0
111000178,0,0,0
111000179,0,0,0
111000180,0,0,0
111000181,125,0,125
111000182,47,1,46
111000183,54,8,46
111000184,81,28,53
111000185,7,1,6
111000186,16,1,15
111000187,23,3,20
111000188,2,8,-6
111000189,0,0,0
111000190,0,0,0
111000191,0,0,0
111000192,0,0,0
111000193,0,0,0
111000194,0,0,0
111000195,0,0,0
111000196,0,0,0
111000197,113,9,104
111000198,148,0,148
111000199,130,3,127
111000200,287,11,276
111000201,107,2,105
111000202,105,2,103
111000203,188,17,171
111000204,50,230,-180
111000213,109,59,50
111000214,266,79,187
111000215,179,68,111
111000217,264,30,234
111000218,81,161,-80
111000219,0,0,0
111000220,183,58,125
111000221,32,51,-19
111000224,0,0,0
111000225,63,16,47
111000226,1,5,-4
111000227,15,3,12
111000228,0,0,0
111000229,0,0,0
111000230,16,4,12
111000231,174,34,140
111000232,0,0,0
111000233,0,0,0
111000234,0,0,0
111000239,0,0,0
111000240,17,13,4
111000241,0,0,0
111000242,37,4,33
111000243,0,0,0
111000244,21,11,10
111000245,160,38,122
111000246,146,35,111
111000247,0,0,0
111000248,119,42,77
111000249,0,0,0
111000250,0,0,0
111000251,0,0,0
111000253,0,0,0
111000255,0,0,0
111000257,0,0,0
111000260,0,0,0
111000261,72,19,53
111000271,0,0,0
111000273,119,26,93
111000274,242,233,9
111000275,79,0,79
111000276,0,0,0
111000277,0,0,0
111000278,198,5,193
111000291,347,455,-108
111000298,2,0,2
111000299,97,0,97
111000300,0,0,0
111000302,0,0,0
111000303,0,0,0
111000312,0,0,0
111000315,0,0,0
111000320,8,21,-13
111000321,9,13,-4
111000322,81,3,78
111000323,20,2,18
111000324,9,2,7
111000325,0,0,0
111000326,4,3,1
111000327,81,34,47
111000328,37,64,-27
111000329,0,0,0
111000330,6,1,5
111000331,36,0,36
111000332,115,129,-14
111000334,7,30,-23
111000335,62,3,59
111000337,197,0,197
111000338,2,0,2
111000339,4,0,4
111000340,3,10,-7
111000341,177,8,169
111000342,0,0,0
111000344,243,28,215
111000345,12,4,8
111000346,0,0,0
111000347,2,0,2
111000350,13,7,6
111000351,0,0,0
111000352,39,1,38
111000353,0,0,0
111000354,35,1,34
111000355,0,0,0
111000358,37,26,11
111000360,27,18,9
111000361,43,4,39
111000546,6,0,6
111000547,147,7,140
111000548,0,0,0
111000549,107,6,101
111000550,0,1,-1
111000551,85,4,81
111000552,9,16,-7
111000907,372,2,370
111000908,5,0,5
111000916,145,2,143
111000917,0,0,0
111000918,17,19,-2
111000920,52,1,51
111000921,0,0,0
111000922,1,0,1
111000924,0,0,0
111000925,2219,288,1931
111000926,120,69,51
111000927,1996,560,1436
111000928,365,468,-103
111000929,1391,157,1234
111000930,26,164,-138
111000931,1463,336,1127
111000932,173,164,9
111000933,2018,623,1395
111000934,17,120,-103
111000935,929,134,795
111000936,3,86,-83
111000937,760,267,493
111000938,7,150,-143
111000939,179,2,177
111000940,0,0,0
111000941,24,13,11
111000943,0,0,0
111000944,19,6,13
111000945,10,0,10
111001109,258,3,255
111001110,0,0,0
111001111,1,0,1
111001112,160,0,160
111001113,1,108,-107
111001114,6,2,4
111001115,0,0,0
111001116,528,64,464
111001117,0,0,0
111001120,4,18,-14
111001121,0,0,0
111001122,0,0,0
111001123,8,18,-10
111001124,0,0,0
111001125,0,84,-84
111001126,0,0,0
111001127,0,0,0
111900001,0,0,0
111900002,0,0,0
111900003,0,0,0
111900004,0,0,0
111900006,0,0,0
111900007,0,0,0
111900008,0,0,0
111900009,0,0,0
111900010,0,0,0
111900012,0,0,0
111900013,0,0,0
111900014,19,0,19
111900015,0,0,0
111900016,0,0,0
111900017,0,0,0
111900018,0,0,0
111900019,0,0,0
111900020,0,0,0
111900021,0,0,0
111900022,0,0,0
111900023,0,0,0
111900024,0,0,0
111900025,0,0,0
111900026,0,0,0
111900027,0,0,0
111900028,0,0,0
111900029,0,0,0
111900030,0,0,0
111900031,0,0,0
111900032,0,0,0
111900033,0,0,0
111900034,0,0,0
111900035,0,0,0
111900036,0,0,0
111900038,0,0,0
111900039,0,0,0
111900040,0,0,0
111900042,0,0,0
111900043,0,0,0
111900044,0,0,0
111900046,0,0,0
111900048,0,0,0
111900049,0,0,0
111900050,0,0,0
111900051,0,0,0
111900052,0,0,0
111900053,0,0,0
111900054,0,0,0
111900055,0,0,0
111900056,0,0,0
111900057,16,0,16
111900058,0,0,0
111900059,24,15,9
111900060,0,0,0
111900061,0,0,0
111900062,0,0,0
111900063,0,0,0
111900064,2,0,2
111900065,0,0,0
111900066,0,0,0
111900067,0,0,0
111900068,0,0,0
111900069,0,0,0
111900070,0,0,0
111900071,0,0,0
111900072,0,0,0
111900073,0,0,0
111900074,0,0,0
111900075,0,0,0
111900076,0,0,0
111900077,0,0,0
111900078,0,0,0
111900079,0,0,0
111900080,0,0,0
111900082,0,0,0
111900083,0,0,0
111900084,0,0,0
111900085,0,0,0
111900086,0,0,0
111900087,0,0,0
111900088,0,0,0
111900089,0,0,0
111900090,0,0,0
111900091,0,0,0
111900092,0,0,0
111900093,0,0,0
111900094,0,0,0
111900095,0,0,0
111900096,0,0,0
111900097,0,0,0
111900098,0,0,0
111900099,0,0,0
111900100,0,0,0
111900101,0,0,0
111900102,0,0,0
111900103,0,0,0
111900104,0,0,0
111900105,0,0,0
111900106,0,0,0
111900110,0,0,0
111900111,8,1,7
111900112,0,0,0
111900113,0,0,0
111900118,0,0,0
111900119,0,0,0
111900122,0,0,0
111900123,0,0,0
111900124,0,0,0
111900125,0,0,0
111900126,0,0,0
111900127,0,0,0
111900128,0,0,0
111900129,0,0,0
111900130,0,0,0
111900131,0,0,0
111900132,0,0,0
111900133,0,0,0
111900134,0,0,0
111900135,0,0,0
111900136,0,0,0
111900137,0,0,0
111900138,0,0,0
111900139,0,0,0
111900140,0,0,0
111900141,0,0,0
111900142,0,0,0
111900143,0,0,0
111900144,0,0,0
111900145,0,0,0
111900146,0,0,0
111900147,0,0,0
111900148,0,0,0
111900149,0,0,0
111900150,0,0,0
111900151,0,0,0
111900152,0,0,0
111900153,0,0,0
111900154,0,0,0
111900155,0,0,0
111900156,0,0,0
111900157,0,0,0
111900158,0,0,0
111900159,0,0,0
111900160,0,0,0
111900161,0,0,0
111900162,0,0,0
111900163,0,0,0
111900164,0,0,0
111901113,0,0,0
111901114,0,0,0
111901115,0,0,0
111901116,0,0,0
111901117,0,0,0
111901118,0,0,0
111901119,0,0,0
111901121,0,0,0
111901122,0,0,0
111901123,0,0,0
111901124,0,0,0
111901125,31,49,-18
111901127,0,0,0
111901128,0,0,0
111901129,0,0,0
111901130,0,0,0
111901131,0,0,0
111901132,0,0,0
111901133,0,0,0
111901134,0,0,0
111901135,0,0,0
111901136,0,0,0
111901138,0,0,0
111901139,0,0,0
111901140,0,0,0
111901141,0,0,0
111901142,0,0,0
111901143,0,0,0
111901144,0,0,0
111901145,0,0,0
111901146,0,0,0
111901147,0,0,0
111901148,0,0,0
111901149,0,0,0
111901150,0,0,0
112000001,1228,333,895
112000002,0,0,0
112000003,625,131,494
112000004,0,0,0
112000005,3170,1370,1800
112000006,0,0,0
112000007,1085,938,147
112000008,1922,1849,73
112000009,619,74,545
112000010,350,832,-482
112000011,142,32,110
112000012,669,1494,-825
112000013,81,75,6
112000014,197,707,-510
112000015,0,0,0
112000016,99,257,-158
112000017,0,0,0
112000024,0,0,0
112000026,0,0,0
112000027,532,442,90
112000028,0,0,0
112000029,0,2,-2
112000030,0,0,0
112000031,1,37,-36
112000032,0,0,0
112000033,1,51,-50
112000034,0,0,0
112000035,0,0,0
112000036,0,0,0
112000037,0,0,0
112000038,0,0,0
112000039,34,11,23
112000040,0,0,0
112000041,0,0,0
112000042,0,0,0
112000050,786,474,312
112000051,712,1013,-301
112000054,20,154,-134
112000057,0,0,0
112000058,0,0,0
112000059,0,0,0
112000061,0,0,0
112000062,26,108,-82
112000063,0,0,0
112000064,0,0,0
112000065,0,0,0
112000066,84,312,-228
112000067,0,0,0
112000068,82,192,-110
112000069,0,0,0
112000070,32,32,0
112000071,0,0,0
112000072,143,9,134
112000073,0,0,0
112000074,97,27,70
112000075,360,131,229
112000076,121,59,62
112000077,69,1,68
112000078,189,23,166
112000079,100,12,88
112000080,69,22,47
112000081,48,178,-130
112000082,259,137,122
112000083,87,15,72
112000084,184,92,92
112000085,353,25,328
112000086,411,90,321
112000087,61,13,48
112000088,77,46,31
112000089,4,23,-19
112000090,47,5,42
112000091,25,26,-1
112000092,1271,114,1157
112000093,164,27,137
112000094,483,127,356
112000095,232,23,209
112000096,523,144,379
112000097,509,297,212
112000098,0,0,0
112000099,61,1266,-1205
112000100,709,130,579
112000101,0,0,0
112000102,386,89,297
112000103,0,0,0
112000105,0,0,0
112000106,546,135,411
112000107,3,0,3
112000108,0,0,0
112000109,56,1,55
112000110,272,34,238
112000111,4,41,-37
112000112,237,8,229
112000113,14,2,12
112000114,339,12,327
112000115,0,0,0
112000116,0,0,0
112000117,0,0,0
112000118,0,0,0
112000119,0,0,0
112000120,0,0,0
112000121,0,0,0
112000122,64,11,53
112000123,106,20,86
112000124,7,0,7
112000125,13,9,4
112000126,0,0,0
112000127,47,67,-20
112000128,0,0,0
112000129,124,6,118
112000130,0,0,0
112000131,0,0,0
112000132,0,0,0
112000133,86,1,85
112000134,116,22,94
112000135,179,31,148
112000136,0,7,-7
112000137,291,116,175
112000138,12,3,9
112000139,1,37,-36
112000140,0,0,0
112000141,23,1,22
112000142,0,0,0
112000143,159,3,156
112000144,0,0,0
112000145,380,6,374
112000146,0,0,0
112000147,108,10,98
112000148,0,0,0
112000149,6,15,-9
112000150,0,0,0
112000151,45,1,44
112000152,0,0,0
112000153,4,2,2
112000154,41,1,40
112000155,0,0,0
112000157,18,318,-300
112000158,18,2,16
112000159,0,0,0
112000167,0,0,0
112000169,0,0,0
112000173,0,0,0
112000175,22,5,17
112000176,0,0,0
112000177,0,0,0
112000178,0,0,0
112000179,0,0,0
112000180,0,0,0
112000181,68,8,60
112000182,260,17,243
112000183,43,1,42
112000184,1,0,1
112000185,0,0,0
112000187,0,0,0
112000195,0,0,0
112000196,0,0,0
112000197,0,0,0
112000198,0,0,0
112000199,0,0,0
112000202,415,0,415
112000216,0,0,0
112000230,0,0,0
112000231,0,0,0
112000256,11,38,-27
112000313,0,0,0
112000314,0,0,0
112000337,0,0,0
112000352,0,0,0
112000392,134,195,-61
112000398,335,124,211
112000399,308,1829,-1521
112000400,0,55,-55
112000401,31,51,-20
112000402,675,1960,-1285
112000403,103,1195,-1092
112000404,132,385,-253
112000405,1098,652,446
112000406,25,91,-66
112000407,3001,432,2569
112000408,56,86,-30
112000409,1,107,-106
112000410,0,0,0
112000411,0,0,0
112000412,0,0,0
112000413,0,0,0
112000414,0,0,0
112000415,0,0,0
112000416,834,237,597
112000417,27,5,22
112000421,0,0,0
112000422,0,2,-2
112000424,0,0,0
112000425,0,0,0
112000426,0,0,0
112000427,0,0,0
112000428,0,0,0
112000429,340,412,-72
112000430,466,763,-297
112000431,45,11,34
112000432,0,0,0
112000433,22,108,-86
112000437,2,6,-4
112900001,0,0,0
112900002,0,0,0
112900003,0,0,0
112900004,0,0,0
112900005,0,0,0
112900006,0,0,0
112900007,0,0,0
112900008,0,0,0
112900009,0,0,0
112900010,0,0,0
112900011,0,0,0
112900012,0,0,0
112900013,0,0,0
112900014,0,0,0
112900015,0,0,0
112900016,0,0,0
112900017,0,0,0
112900018,0,0,0
112900019,0,0,0
112900020,0,0,0
112900021,0,0,0
112900022,0,0,0
112900023,0,0,0
112900024,0,0,0
112900025,0,0,0
112900026,0,0,0
112900027,0,0,0
112900028,0,0,0
112900029,0,0,0
112900030,0,0,0
112900031,0,0,0
112900032,0,0,0
112900034,0,0,0
112900035,0,0,0
112900036,0,0,0
112900037,0,0,0
112900038,0,0,0
112900039,0,0,0
112900040,0,0,0
112900041,0,0,0
112900042,0,0,0
112900043,0,0,0
112900044,0,0,0
112900045,0,0,0
112900046,0,0,0
112900047,0,0,0
112900049,0,0,0
112900050,0,0,0
112900051,0,0,0
112900052,0,0,0
112900053,0,0,0
112900054,0,0,0
112900055,0,0,0
112900056,0,0,0
112900057,0,0,0
112900058,0,0,0
112900059,0,0,0
112900060,0,0,0
112900061,0,0,0
112900062,0,0,0
112900063,0,0,0
112900064,0,0,0
112900065,0,0,0
112900066,0,0,0
112900067,0,0,0
112900068,0,0,0
112900069,0,0,0
112900071,0,0,0
112900072,0,0,0
112900073,0,0,0
112900074,0,0,0
112900075,0,0,0
112900076,0,0,0
112900078,0,0,0
112900079,0,0,0
112900080,0,0,0
112900081,0,0,0
112900082,0,0,0
112900083,0,0,0
112900084,0,0,0
112900086,0,0,0
112900087,0,0,0
112900088,0,0,0
112900089,0,0,0
112900090,0,0,0
112900091,0,0,0
112900092,0,0,0
112900093,0,0,0
112900095,0,0,0
112900096,0,0,0
112900097,0,0,0
112900098,0,0,0
112900099,0,0,0
112900100,0,0,0
112900101,0,0,0
112900102,0,0,0
112900103,0,0,0
112900104,0,0,0
112900105,0,0,0
112900106,0,0,0
112900107,0,0,0
112900108,0,0,0
112900109,0,0,0
112900110,0,0,0
112900111,0,0,0
112900112,0,0,0
112900113,0,0,0
112900114,0,0,0
112900115,0,0,0
112900116,0,0,0
112900117,0,0,0
112900118,0,0,0
112900119,0,0,0
112900120,0,0,0
112900121,0,0,0
112900122,0,0,0
112900123,0,0,0
112900124,0,0,0
112900125,0,0,0
112900126,0,0,0
112900127,0,0,0
112900128,0,0,0
112900129,0,0,0
112900130,0,0,0
112900131,0,0,0
112900132,0,0,0
112900133,0,0,0
112900134,0,0,0
112900135,0,0,0
112900137,0,0,0
112900138,0,0,0
112900139,0,0,0
112900141,0,0,0
112900142,0,0,0
112900143,0,0,0
112900144,0,0,0
112900145,0,0,0
112900146,0,0,0
112900147,0,0,0
112900148,0,0,0
112900149,0,0,0
112900151,0,0,0
112900152,0,0,0
112900153,0,0,0
112900154,0,0,0
112900155,0,0,0
112900156,0,0,0
112900157,0,0,0
112900158,0,0,0
112900159,0,0,0
112900160,0,0,0
112900161,0,0,0
112900162,0,0,0
112900163,0,0,0
112900164,0,0,0
112900165,0,0,0
112900166,0,0,0
112900167,0,0,0
112900168,0,0,0
112900169,0,0,0
112900170,0,0,0
112900172,0,0,0
112900173,0,0,0
112900174,0,0,0
112900175,0,0,0
112900176,0,0,0
112900177,0,0,0
112900178,0,0,0
112900179,0,0,0
112900180,0,0,0
112900181,0,0,0
112900182,0,0,0
112900183,0,0,0
112900184,0,0,0
112900185,0,0,0
112900186,0,0,0
112900187,0,0,0
112900188,0,0,0
112900189,0,0,0
112900190,0,0,0
112900192,0,0,0
112900193,0,0,0
112900194,0,0,0
112900195,0,0,0
112900196,0,0,0
112900197,0,0,0
112900199,0,0,0
112900200,0,0,0
112900201,0,0,0
112900202,0,0,0
112900203,0,0,0
112900204,0,0,0
112900205,0,0,0
112900206,0,0,0
112900207,0,0,0
112900208,0,0,0
112900209,0,0,0
112900210,0,0,0
112900211,0,0,0
112900212,0,0,0
112900213,0,0,0
112900214,0,0,0
112900215,0,0,0
112900216,0,0,0
112900217,0,0,0
112900218,0,0,0
112900219,0,0,0
112900220,0,0,0
112900221,0,0,0
112900222,0,0,0
112900223,0,0,0
112900224,0,0,0
112900225,0,0,0
112900226,0,0,0
112900227,0,0,0
112900228,0,0,0
112900229,0,0,0
112900230,0,0,0
112900232,0,0,0
112900233,0,0,0
112900234,0,0,0
112900235,0,0,0
112900236,0,0,0
112900237,0,0,0
112900238,0,0,0
112900239,0,0,0
112900240,0,0,0
112900241,0,0,0
112900242,0,0,0
112900243,0,0,0
112900244,0,0,0
112900245,0,0,0
112900246,0,0,0
112900247,0,0,0
112900248,0,0,0
112900249,0,0,0
112900250,0,0,0
112900251,0,0,0
112900252,0,0,0
112900253,0,0,0
112900254,0,0,0
112900255,0,0,0
112900256,0,0,0
112900257,0,0,0
112900258,0,0,0
113000001,354,356,-2
113000002,337,310,27
113000003,132,157,-25
113000004,99,180,-81
113000005,83,81,2
113000006,51,109,-58
113000007,46,47,-1
113000008,132,84,48
113000009,82,26,56
113000010,234,59,175
113000011,0,0,0
113000012,833,95,738
113000013,10,68,-58
113000014,75,11,64
113000015,6,0,6
113000016,0,0,0
113000017,0,0,0
113000018,28,20,8
113000019,0,0,0
113000020,154,0,154
113000021,318,23,295
113000022,58,1,57
113000025,0,0,0
113000026,39,4,35
113000027,126,0,126
113000028,11,0,11
113000029,41,32,9
113000030,0,0,0
113000031,0,0,0
113000032,70,48,22
113000033,81,53,28
113000034,0,0,0
113000035,0,0,0
113000036,0,0,0
113000037,0,0,0
113000038,0,0,0
113000039,0,0,0
113000040,0,0,0
113000042,0,0,0
113000051,143,146,-3
113000052,94,71,23
113000053,47,15,32
113000054,29,31,-2
113000055,120,24,96
113000056,139,35,104
113000058,0,0,0
113000059,207,32,175
113000060,0,0,0
113000061,74,97,-23
113000062,0,0,0
113000063,0,0,0
113000064,0,0,0
113000065,1,7,-6
113000066,189,5,184
113000067,44,5,39
113000068,12,27,-15
113000069,4,15,-11
113000070,58,21,37
113000071,23,35,-12
113000072,140,10,130
113000073,0,66,-66
113000074,106,9,97
113000075,194,14,180
113000076,2,120,-118
113000077,94,71,23
113000078,0,0,0
113000079,0,0,0
113000080,96,61,35
113000081,116,88,28
113000082,0,0,0
113000083,148,197,-49
113000084,14,2,12
113000085,283,155,128
113000086,9,9,0
113000087,175,566,-391
113000088,12,4,8
113000089,198,415,-217
113000090,3,24,-21
113000091,5,1,4
113000094,70,6,64
113000095,1,0,1
113000096,0,0,0
113000097,48,8,40
113000098,0,1,-1
113000099,76,4,72
113000100,1,0,1
113000101,0,0,0
113000102,25,42,-17
113000103,0,0,0
113000104,296,182,114
113000105,707,158,549
113000106,0,0,0
113000107,318,488,-170
113000108,83,21,62
113000109,0,0,0
113000110,59,92,-33
113000111,0,0,0
113000112,17,51,-34
113000113,55,39,16
113000114,0,0,0
113000116,0,0,0
113000117,0,0,0
113000118,0,0,0
113000119,0,0,0
113000120,0,3,-3
113000121,0,0,0
113000124,24,10,14
113000125,0,0,0
113000127,0,0,0
113000128,0,0,0
113000129,0,0,0
113000133,16,0,16
113000134,0,70,-70
113000135,1043,1006,37
113000137,388,339,49
113000139,38,45,-7
113000140,0,0,0
113000141,23,18,5
113000142,0,0,0
113000143,0,28,-28
113000144,0,0,0
113000145,0,0,0
113000146,0,0,0
113000147,0,0,0
113000148,0,0,0
113000149,0,0,0
113000150,0,0,0
113000151,0,0,0
113000152,0,0,0
113000153,0,0,0
113000154,14,74,-60
113000155,52,66,-14
113000156,0,0,0
113000157,0,0,0
113000158,0,0,0
113000159,0,0,0
113000160,0,0,0
113000161,0,0,0
113000162,0,0,0
113000163,1,0,1
113000164,0,0,0
113000166,73,0,73
113000167,0,0,0
113000168,0,0,0
113000169,123,0,123
113000170,218,11,207
113000171,0,0,0
113000172,67,14,53
113000173,66,19,47
113000174,0,0,0
113000175,58,15,43
113000176,339,16,323
113000177,0,0,0
113000178,0,0,0
113000179,138,20,118
113000180,104,5,99
113000181,52,9,43
113000182,15,3,12
113000183,3,52,-49
113000184,0,0,0
113000189,0,0,0
113000190,0,0,0
113000192,95,254,-159
113000193,116,21,95
113000194,18,34,-16
113000195,73,47,26
113000196,157,43,114
113000197,29,9,20
113000198,0,0,0
113000199,4,1,3
113000201,0,0,0
113000202,0,0,0
113000203,4,4,0
113000204,38,154,-116
113000205,0,0,0
113000206,0,0,0
113000207,0,0,0
113000208,0,0,0
113000209,0,0,0
113000210,0,0,0
113000211,0,0,0
113000212,0,0,0
113000213,10,1,9
113000214,0,0,0
113000234,0,0,0
113000410,1,3,-2
113000411,35,110,-75
113000412,526,301,225
113000413,195,375,-180
113000414,266,356,-90
113000415,11,52,-41
113000416,53,40,13
113000417,9,77,-68
113000418,497,174,323
113000419,64,110,-46
113000420,469,195,274
113000421,1752,1278,474
113000422,308,501,-193
113000423,296,372,-76
113000424,858,402,456
113000425,0,0,0
113000428,0,0,0
113000430,0,0,0
113000432,222,2,220
113000433,0,0,0
113000434,0,0,0
113000435,0,0,0
113000436,0,0,0
113000437,33,0,33
113000438,1,1,0
113000439,0,0,0
113000440,0,0,0
113000441,1,0,1
113000442,0,0,0
113000443,1,0,1
113000444,0,0,0
113000445,0,2,-2
113000446,0,0,0
113000448,0,0,0
113000449,1,1,0
113000450,1,13,-12
113000451,0,0,0
113000452,3,7,-4
113000453,0,0,0
113000454,1,8,-7
113000455,0,0,0
113000456,0,0,0
113000468,0,0,0
113000469,0,0,0
113000470,0,0,0
113000471,0,0,0
113000472,0,0,0
113000474,9,57,-48
113000475,65,48,17
113000476,263,242,21
113000477,869,405,464
113000478,497,178,319
113000479,0,0,0
113000484,0,0,0
113000485,0,0,0
113000486,0,0,0
113000487,0,0,0
113000488,0,0,0
113000489,0,0,0
113000490,0,0,0
113000491,0,0,0
113000492,0,0,0
113000493,0,0,0
113000495,0,0,0
113000496,2,2,0
113900001,0,0,0
113900002,0,0,0
113900003,0,0,0
113900004,0,0,0
113900005,0,0,0
113900006,0,0,0
113900007,0,0,0
113900008,0,0,0
113900009,0,0,0
113900010,0,0,0
113900011,0,0,0
113900012,0,0,0
113900013,0,0,0
113900014,0,0,0
113900015,0,0,0
113900016,0,0,0
113900017,0,0,0
113900018,0,0,0
113900019,0,0,0
113900020,0,0,0
113900022,0,0,0
113900023,0,0,0
113900024,0,0,0
113900025,0,0,0
113900026,0,0,0
113900027,0,0,0
113900028,0,0,0
113900029,0,0,0
113900030,0,0,0
113900031,0,0,0
113900032,0,0,0
113900033,0,0,0
113900035,0,0,0
113900036,0,0,0
113900037,0,0,0
113900038,0,0,0
113900039,0,0,0
113900040,0,0,0
113900041,0,0,0
113900042,0,0,0
113900043,0,0,0
113900044,0,0,0
113900045,0,0,0
113900046,0,0,0
113900047,0,0,0
113900048,0,0,0
113900049,0,0,0
113900050,0,0,0
113900051,0,0,0
113900052,0,0,0
113900053,0,0,0
113900054,0,0,0
113900055,0,0,0
113900056,0,0,0
113900057,0,0,0
113900058,0,0,0
113900059,0,0,0
113900060,0,0,0
113900061,0,0,0
113900062,0,0,0
113900063,0,0,0
113900064,0,0,0
113900065,0,0,0
113900066,0,0,0
113900067,0,0,0
113900068,0,0,0
113900069,0,0,0
113900070,0,0,0
113900071,0,0,0
113900072,0,0,0
113900073,0,0,0
113900074,0,0,0
113900075,0,0,0
113900076,0,0,0
113900077,0,0,0
113900078,0,0,0
113900079,0,0,0
113900080,0,0,0
113900081,0,0,0
113900082,0,0,0
113900083,0,0,0
113900084,0,0,0
113900085,0,0,0
113900086,0,0,0
113900087,0,0,0
113900088,0,0,0
113900089,0,0,0
113900090,0,0,0
113900091,0,0,0
113900092,0,0,0
113900093,0,0,0
113900094,0,0,0
113900095,0,0,0
113900096,0,0,0
113900097,0,0,0
113900098,0,0,0
113900099,0,0,0
113900100,0,0,0
113900101,0,0,0
113900102,0,0,0
113900103,0,0,0
113900104,0,0,0
113900105,0,0,0
113900106,0,0,0
113900107,0,0,0
113900108,0,0,0
113900109,0,0,0
113900110,0,0,0
113900111,0,0,0
113900112,0,0,0
113900113,0,0,0
113900114,0,0,0
113900115,0,0,0
113900116,0,0,0
113900117,0,0,0
113900118,0,0,0
113900119,0,0,0
113900120,0,0,0
113900121,0,0,0
113900122,0,0,0
113900123,0,0,0
113900124,0,0,0
113900125,0,0,0
113900126,0,0,0
113900127,0,0,0
113900128,0,0,0
113900129,0,0,0
113900130,0,0,0
113900131,0,0,0
113900132,0,0,0
113900133,0,0,0
113900135,0,0,0
113900136,0,0,0
113900137,0,0,0
113900138,0,0,0
113900139,0,0,0
113900140,0,0,0
113900141,0,0,0
113900142,0,0,0
113900143,0,0,0
113900144,0,0,0
113900145,0,0,0
113900146,0,0,0
113900148,0,0,0
113900149,0,0,0
113900150,0,0,0
113900151,0,0,0
113900152,0,0,0
113900153,0,0,0
113900154,0,0,0
113900155,0,0,0
113900156,0,0,0
113900157,0,0,0
113900158,0,0,0
113900159,0,0,0
113900160,0,0,0
113900161,0,0,0
113900162,0,0,0
113900163,0,0,0
113900164,0,0,0
113900165,0,0,0
113900166,0,0,0
113900167,0,0,0
113900168,0,0,0
113900169,0,0,0
113900171,0,0,0
113900172,0,0,0
113900173,0,0,0
113900174,0,0,0
113900175,0,0,0
113900176,0,0,0
113900177,0,0,0
113900178,0,0,0
113900179,0,0,0
113900180,0,0,0
113900181,0,0,0
113900182,0,0,0
113900183,0,0,0
113900184,0,0,0
113900185,0,0,0
113900186,0,0,0
113900187,0,0,0
113900188,0,0,0
113900189,0,0,0
113900190,0,0,0
113900191,0,0,0
113900192,0,0,0
113900193,0,0,0
113900194,0,0,0
113900195,0,0,0
113900196,0,0,0
113900197,0,0,0
113900198,0,0,0
113900199,0,0,0
113900200,0,0,0
113900201,0,0,0
113900202,0,0,0
113900203,0,0,0
113900204,0,0,0
113900205,0,0,0
113900206,0,0,0
113900207,0,0,0
113900208,0,0,0
113900209,0,0,0
113900210,0,0,0
113900211,0,0,0
113900212,0,0,0
113900214,0,0,0
113900215,0,0,0
113900216,0,0,0
113900217,0,0,0
113900218,0,0,0
113900219,0,0,0
113900220,0,0,0
113900221,0,0,0
113900222,0,0,0
113900223,0,0,0
113900224,0,0,0
113900225,0,0,0
113900226,0,0,0
113900227,0,0,0
113900228,0,0,0
113900229,0,0,0
113900230,0,0,0
113900231,0,0,0
113900232,0,0,0
113900233,0,0,0
113900234,0,0,0
113900235,0,0,0
113900236,0,0,0
113900237,0,0,0
113900238,0,0,0
113900239,0,0,0
113900240,0,0,0
113900241,0,0,0
113900242,0,0,0
113900243,0,0,0
113900244,0,0,0
113900245,0,0,0
113900246,0,0,0
113900247,0,0,0
113900248,0,0,0
113900249,0,0,0
113900250,0,0,0
113900251,0,0,0
113900252,0,0,0
113900253,0,0,0
113900254,0,0,0
113900255,0,0,0
113900256,0,0,0
113900257,0,0,0
113900258,0,0,0
113900259,0,0,0
113900260,0,0,0
113900261,0,0,0
113900262,0,0,0
113900263,0,0,0
113900264,0,0,0
113900265,0,0,0
113900266,0,0,0
113900267,0,0,0
113900268,0,0,0
113900269,0,0,0
113900270,0,0,0
113900271,0,0,0
113900273,0,0,0
113900274,0,0,0
113900275,0,0,0
113900276,0,0,0
113900277,0,0,0
113900278,0,0,0
113900279,0,0,0
113900280,0,0,0
113900281,0,0,0
113900282,0,0,0
113900283,0,0,0
113900284,0,0,0
113900285,0,0,0
113900286,0,0,0
113900287,0,0,0
113900288,0,0,0
113900289,0,0,0
113900290,0,0,0
113900291,0,0,0
113900292,0,0,0
113900293,0,0,0
113900294,0,0,0
113900295,4,7,-3
113900296,0,0,0
113900297,0,0,0
113900298,0,0,0
113900299,0,0,0
113900300,0,0,0
113900301,0,0,0
113900302,0,0,0
113900303,0,0,0
113900304,0,0,0
113900305,0,0,0
113900306,0,0,0
113900307,0,0,0
113900308,0,0,0
113900309,0,0,0
113900310,0,0,0
113900311,0,0,0
113900312,0,0,0
113900313,0,0,0
113900314,0,0,0
113900315,0,0,0
114000001,232,85,147
114000002,44,18,26
114000003,0,0,0
114000004,0,0,0
114000005,0,0,0
114000006,0,0,0
114000007,0,0,0
114000008,5,64,-59
114000009,32,42,-10
114000011,910,159,751
114000012,525,51,474
114000013,309,102,207
114000014,0,0,0
114000015,0,0,0
114000016,0,0,0
114000017,32,6,26
114000018,0,0,0
114000026,322,107,215
114000027,279,204,75
114000028,382,259,123
114000038,0,0,0
114000039,0,0,0
114000040,6,7,-1
114000042,0,0,0
114000043,0,0,0
114000044,11,19,-8
114000045,0,0,0
114000046,0,0,0
114000047,0,0,0
114000048,5,31,-26
114000049,47,100,-53
114000050,16,165,-149
114000051,55,250,-195
114000052,91,132,-41
114000053,0,0,0
114000054,0,0,0
114000055,0,0,0
114000056,0,0,0
114000057,371,100,271
114000058,0,0,0
114000059,0,0,0
114000060,0,0,0
114000061,68,116,-48
114000062,25,157,-132
114000063,4,8,-4
114000064,7,0,7
114000065,19,45,-26
114000066,56,64,-8
114000067,10,7,3
114000068,40,1,39
114000069,77,0,77
114000070,805,376,429
114000071,0,0,0
114000072,0,0,0
114000073,2,1,1
114000074,0,0,0
114000075,56,2,54
114000076,11,4,7
114000077,19,0,19
114000078,0,0,0
114000079,0,0,0
114000080,1,2,-1
114000081,31,10,21
114000082,0,0,0
114000083,0,0,0
114000084,0,0,0
114000085,0,0,0
114000086,0,0,0
114000087,0,0,0
114000088,1,2,-1
114000089,2,3,-1
114000090,86,99,-13
114000091,45,32,13
114000092,39,44,-5
114000093,104,22,82
114000094,85,48,37
114000095,5,15,-10
114000096,0,0,0
114000097,0,0,0
114000098,73,3,70
114000099,0,0,0
114000100,950,4,946
114000101,0,0,0
114000102,109,6,103
114000103,0,0,0
114000104,0,0,0
114000105,0,0,0
114000106,0,0,0
114000107,0,0,0
114000108,0,0,0
114000109,447,210,237
114000110,0,0,0
114000111,578,173,405
114000112,0,0,0
114000113,454,17,437
114000114,0,0,0
114000115,868,137,731
114000116,433,102,331
114000117,1070,37,1033
114000118,605,60,545
114000119,788,47,741
114000120,118,11,107
114000121,0,0,0
114000122,140,0,140
114000123,443,44,399
114000124,67,64,3
114000125,69,152,-83
114000126,309,33,276
114000127,2,2,0
114000128,14,2,12
114000130,13,3,10
114000131,31,8,23
114000132,0,0,0
114000133,0,0,0
114000134,0,0,0
114000138,0,0,0
114000139,8,50,-42
114000144,164,61,103
114000145,0,0,0
114000146,0,0,0
114000147,348,62,286
114000148,15,27,-12
114000149,26,38,-12
114000150,0,0,0
114000151,77,58,19
114000152,0,12,-12
114000153,0,0,0
114000154,43,10,33
114000155,251,178,73
114000156,95,54,41
114000157,21,45,-24
114000158,0,0,0
114000159,0,0,0
114000160,0,0,0
114000161,207,467,-260
114000162,775,650,125
114000163,0,0,0
114000165,21,55,-34
114000166,51,25,26
114000167,318,103,215
114000168,0,0,0
114000169,310,395,-85
114000170,467,237,230
114000171,930,151,779
114000174,0,0,0
114000176,0,0,0
114000177,0,0,0
114000178,5,2,3
114000179,226,38,188
114000180,0,0,0
114000181,276,691,-415
114000182,147,211,-64
114000183,75,68,7
114000184,37,100,-63
114000185,247,111,136
114000189,280,5,275
114000190,851,3,848
114000191,0,0,0
114000192,1,43,-42
114000193,0,0,0
114000194,105,23,82
114000195,0,0,0
114000196,0,0,0
114000197,333,1,332
114000198,0,0,0
114000199,0,0,0
114000200,34,2,32
114000201,2,2,0
114000202,265,146,119
114000203,116,45,71
114000204,0,0,0
114000205,1,15,-14
114000206,0,0,0
114000207,9,84,-75
114000208,0,25,-25
114000209,6,98,-92
114000210,1,75,-74
114000211,648,181,467
114000212,107,354,-247
114000213,558,229,329
114000214,6,0,6
114000215,0,0,0
114000216,382,115,267
114000217,97,20,77
114000218,16,3,13
114000219,373,5,368
114000220,0,37,-37
114000221,224,21,203
114000222,46,44,2
114000223,304,76,228
114000224,65,40,25
114000225,73,5,68
114000226,163,42,121
114000227,410,150,260
114000228,330,81,249
114000229,153,26,127
114000230,498,64,434
114000231,111,58,53
114000232,387,157,230
114000233,762,42,720
114000234,795,152,643
114000235,114,17,97
114000236,0,0,0
114000237,0,0,0
114000238,1,141,-140
114000239,0,0,0
114000240,110,110,0
114000241,28,32,-4
114000242,111,35,76
114000243,610,273,337
114000244,544,94,450
114000245,0,0,0
114000246,0,0,0
114000247,263,98,165
114000248,350,146,204
114000249,240,257,-17
114000250,141,5,136
114000251,141,18,123
114000252,0,0,0
114000253,29,8,21
114000254,0,0,0
114000255,0,0,0
114000256,4,119,-115
114000257,0,127,-127
114000258,97,1,96
114000259,0,9,-9
114000260,0,0,0
114000261,85,12,73
114000262,0,0,0
114000263,18,0,18
114000264,0,0,0
114000265,0,0,0
114000267,1,285,-284
114000268,0,0,0
114000270,63,0,63
114000271,124,0,124
114000283,242,6,236
114000285,0,0,0
114000288,0,8,-8
114000289,0,0,0
114000293,38,3,35
114000294,1,20,-19
114000395,434,1,433
114000396,87,37,50
114000402,0,0,0
114000403,66,9,57
114000405,74,35,39
114000423,159,25,134
114000424,49,33,16
114000425,172,18,154
114000426,77,12,65
114000427,0,0,0
114000428,0,0,0
114000429,4,30,-26
114000432,0,0,0
114000434,0,0,0
114000435,0,0,0
114900001,0,0,0
114900002,0,0,0
114900003,0,0,0
114900004,0,0,0
114900005,0,0,0
114900006,0,0,0
114900007,0,0,0
114900008,0,0,0
114900010,0,0,0
114900011,0,0,0
114900013,0,0,0
114900018,0,0,0
114900020,0,0,0
114900022,0,0,0
114900025,0,0,0
114900026,0,0,0
114900029,0,0,0
114900030,0,0,0
114900031,0,0,0
114900032,0,0,0
114900034,0,0,0
114900035,0,0,0
114900036,0,0,0
114900039,0,0,0
114900040,0,0,0
114900041,0,0,0
114900042,0,0,0
114900044,0,0,0
114900047,0,0,0
114900048,0,0,0
114900049,0,0,0
114900050,0,0,0
114900051,0,0,0
114900052,0,0,0
114900053,0,0,0
114900054,0,0,0
114900057,0,0,0
114900058,0,0,0
114900059,0,0,0
114900063,0,0,0
114900064,0,0,0
114900065,0,0,0
114900067,0,0,0
114900068,0,0,0
114900069,0,0,0
114900070,0,0,0
114900072,0,0,0
114900073,0,0,0
114900074,0,0,0
114900075,0,0,0
114900076,0,0,0
114900080,0,0,0
114900082,0,0,0
114900083,0,0,0
114900090,0,0,0
114900091,0,0,0
114900097,0,0,0
114900098,0,0,0
114900099,0,0,0
115000001,139,168,-29
115000002,1616,516,1100
115000003,156,111,45
115000004,1369,1162,207
115000005,45,112,-67
115000006,507,493,14
115000007,0,0,0
115000008,179,121,58
115000009,0,0,0
115000010,180,207,-27
115000013,0,0,0
115000015,0,0,0
115000016,0,0,0
115000019,58,140,-82
115000020,0,0,0
115000021,1,266,-265
115000022,3,34,-31
115000023,539,241,298
115000024,2,49,-47
115000025,469,93,376
115000026,0,0,0
115000027,163,104,59
115000028,0,0,0
115000029,663,12,651
115000030,0,45,-45
115000031,615,30,585
115000032,0,0,0
115000033,120,2,118
115000034,0,0,0
115000035,538,0,538
115000036,0,0,0
115000037,216,1,215
115000038,24,38,-14
115000039,4,40,-36
115000040,202,33,169
115000041,14,65,-51
115000042,100,24,76
115000043,836,594,242
115000044,526,64,462
115000045,154,14,140
115000046,773,270,503
115000047,1117,175,942
115000048,103,94,9
115000049,129,244,-115
115000050,1466,445,1021
115000051,462,256,206
115000052,164,136,28
115000053,469,169,300
115000054,80,47,33
115000055,0,0,0
115000056,65,74,-9
115000057,0,0,0
115000058,53,26,27
115000059,0,0,0
115000061,37,2,35
115000062,0,0,0
115000063,0,0,0
115000064,98,18,80
115000065,0,0,0
115000067,22,2,20
115000069,0,0,0
115000070,0,51,-51
115000071,38,3,35
115000072,0,0,0
115000073,271,5,266
115000075,0,0,0
115000076,616,318,298
115000077,247,171,76
115000078,143,124,19
115000079,238,172,66
115000080,419,212,207
115000081,0,0,0
115000082,1130,507,623
115000083,0,0,0
115000084,752,173,579
115000085,0,0,0
115000086,556,45,511
115000087,0,0,0
115000088,712,123,589
115000089,0,0,0
115000090,68,77,-9
115000091,100,29,71
115000092,321,13,308
115000093,557,4,553
115000094,1548,401,1147
115000095,1091,200,891
115000096,172,29,143
115000097,279,78,201
115000098,369,25,344
115000099,858,242,616
115000100,600,96,504
115000101,22,16,6
115000102,346,121,225
115000103,0,0,0
115000105,0,0,0
115000106,299,58,241
115000107,4,16,-12
115000108,119,68,51
115000109,1090,714,376
115000110,255,67,188
115000111,26,145,-119
115000112,63,29,34
115000113,10,78,-68
115000114,81,61,20
115000116,116,117,-1
115000117,82,27,55
115000118,77,244,-167
115000119,87,55,32
115000120,14,361,-347
115000121,91,83,8
115000122,68,26,42
115000123,157,484,-327
115000124,58,35,23
115000125,125,59,66
115000126,15,40,-25
115000127,23,2,21
115000128,16,28,-12
115000129,70,1,69
115000130,88,2,86
115000131,95,30,65
115000132,114,0,114
115000133,74,4,70
115000134,59,5,54
115000135,26,0,26
115000136,132,18,114
115000137,0,0,0
115000138,203,15,188
115000139,0,0,0
115000140,173,30,143
115000141,0,0,0
115000142,0,0,0
115000143,210,58,152
115000144,0,0,0
115000145,0,0,0
115000146,130,36,94
115000147,0,0,0
115000148,0,0,0
115000149,3,20,-17
115000150,0,0,0
115000151,23,14,9
115000152,0,0,0
115000153,4,8,-4
115000154,11,5,6
115000155,0,0,0
115000156,34,50,-16
115000157,0,0,0
115000158,0,0,0
115000159,0,0,0
115000160,0,0,0
115000161,0,0,0
115000162,306,86,220
115000163,0,0,0
115000164,0,0,0
115000165,30,63,-33
115000167,26,9,17
115000168,59,31,28
115000169,0,0,0
115000170,0,0,0
115000171,101,65,36
115000172,0,0,0
115000173,4,21,-17
115000174,16,49,-33
115000175,0,0,0
115000176,0,1,-1
115000177,0,0,0
115000178,0,0,0
115000179,9,1,8
115000180,0,0,0
115000181,113,4,109
115000182,227,28,199
115000183,0,0,0
115000186,193,5,188
115000187,57,57,0
115000188,133,30,103
115000189,3,35,-32
115000190,544,33,511
115000191,0,13,-13
115000194,0,0,0
115000195,17,10,7
115000196,1,0,1
115000197,0,0,0
115000198,52,4,48
115000199,0,0,0
115000200,41,7,34
115000201,0,0,0
115000206,180,2,178
115000207,0,0,0
115000208,19,39,-20
115000209,466,0,466
115000210,33,49,-16
115000211,5,3,2
115000212,19,1,18
115000224,0,0,0
115000225,0,0,0
115000229,6,2,4
115000230,0,0,0
115000231,115,5,110
115000232,521,3,518
115000233,0,0,0
115000234,0,0,0
115000241,0,0,0
115000242,0,0,0
115000243,0,0,0
115000244,0,0,0
115000246,0,0,0
115000247,0,0,0
115000248,0,0,0
115000249,0,0,0
115000250,0,0,0
115000251,0,0,0
115000252,0,0,0
115000253,0,0,0
115000258,0,0,0
115000259,0,0,0
115000261,0,0,0
115000262,0,0,0
115000263,0,0,0
115000264,0,0,0
115000267,0,0,0
115000268,0,0,0
115000269,0,0,0
115000270,0,0,0
115000272,1,0,1
115000273,0,0,0
115000280,25,299,-274
115000281,0,0,0
115000282,278,172,106
115000284,2,6,-4
115000296,267,0,267
115000297,0,235,-235
115000298,0,0,0
115000300,0,0,0
115000302,94,16,78
115000303,132,4,128
115000304,99,19,80
115000305,0,0,0
115000306,0,0,0
115000307,0,0,0
115000308,0,0,0
115000309,0,0,0
115000310,0,0,0
115000311,374,96,278
115000313,0,0,0
115000314,35,48,-13
115000315,18,49,-31
115000316,0,0,0
115000317,113,14,99
115000318,307,5,302
115000319,0,30,-30
115000320,0,46,-46
115000321,78,3,75
115000322,0,25,-25
115000449,0,0,0
115000557,0,0,0
115000558,70,3,67
115000587,4,6,-2
115000588,48,189,-141
115000589,1942,1057,885
115000590,33,51,-18
115000591,471,414,57
115000592,18,84,-66
115000593,670,173,497
115000594,121,113,8
115000609,0,5,-5
115000617,139,32,107
115000624,0,0,0
115000633,229,112,117
115000634,1247,168,1079
115000635,338,102,236
115000638,0,0,0
115000641,0,0,0
115000642,143,11,132
115000643,0,20,-20
115000644,1,6,-5
115000646,30,116,-86
115000647,36,30,6
115000648,353,18,335
115000893,1607,470,1137
115000894,2,131,-129
115000895,12,110,-98
115000896,868,197,671
115000897,49,25,24
115000898,69,7,62
115000899,9,31,-22
115000900,1,45,-44
115000901,0,17,-17
115000912,72,11,61
115000913,0,0,0
115000915,0,0,0
115000916,0,0,0
115000917,0,0,0
115000918,0,0,0
115000919,0,0,0
115000920,0,0,0
115000921,0,0,0
115000922,162,321,-159
115000923,10,87,-77
115000925,0,0,0
115000927,0,0,0
115000933,3,10,-7
115000934,0,0,0
115000935,0,0,0
115000936,0,0,0
115000937,24,29,-5
115000938,15,2,13
115000939,3,33,-30
115000940,1,0,1
115000941,0,2,-2
115000942,0,17,-17
115000943,0,0,0
115000944,0,0,0
115900001,0,0,0
115900002,0,0,0
115900003,0,0,0
115900004,0,0,0
115900005,0,0,0
115900006,0,0,0
115900008,0,0,0
115900009,0,0,0
115900010,0,0,0
115900011,0,0,0
115900012,0,0,0
115900013,0,0,0
115900014,0,0,0
115900015,0,0,0
115900016,0,0,0
115900017,0,0,0
115900018,0,0,0
115900019,0,0,0
115900020,0,0,0
115900021,0,0,0
115900022,0,0,0
115900023,0,0,0
115900025,0,0,0
115900026,0,0,0
115900027,0,0,0
115900028,0,0,0
115900029,0,0,0
115900030,0,0,0
115900031,0,0,0
115900032,0,0,0
115900033,0,0,0
115900034,0,0,0
115900035,0,0,0
115900036,0,0,0
115900037,0,0,0
115900038,0,0,0
115900039,0,0,0
115900041,0,0,0
115900042,0,0,0
115900043,0,0,0
115900044,0,0,0
115900046,0,0,0
115900047,0,0,0
115900049,0,0,0
115900051,0,0,0
115900052,0,0,0
115900053,0,0,0
115900054,0,0,0
115900055,0,0,0
115900056,0,0,0
115900057,0,0,0
115900058,0,0,0
115900060,0,0,0
115900061,0,0,0
115900062,0,0,0
115900063,0,0,0
115900064,0,0,0
115900065,0,0,0
115900066,0,0,0
115900067,0,0,0
115900068,0,0,0
115900069,0,0,0
115900070,0,0,0
115900071,0,0,0
115900072,0,0,0
115900073,0,0,0
115900074,0,0,0
115900075,0,0,0
115900076,0,0,0
115900077,0,0,0
115900078,0,0,0
115900079,0,0,0
115900080,0,0,0
115900081,0,0,0
115900082,0,0,0
115900084,0,0,0
115900085,0,0,0
115900086,0,0,0
115900088,0,0,0
115900089,0,0,0
115900090,0,0,0
115900091,0,0,0
115900092,0,0,0
115900093,0,0,0
115900094,0,0,0
115900096,0,0,0
115900097,0,0,0
115900098,0,0,0
115900099,0,0,0
115900100,0,0,0
115900101,0,0,0
115900102,0,0,0
115900103,0,0,0
115900104,0,0,0
115900105,0,0,0
115900106,0,0,0
115900107,0,0,0
115900108,0,0,0
115900109,0,0,0
115900110,0,0,0
115900111,0,0,0
115900112,0,0,0
115900113,0,0,0
115900114,0,0,0
115900115,0,0,0
115900116,0,0,0
115900117,0,0,0
115900118,0,0,0
115900119,0,0,0
115900120,0,0,0
115900121,0,0,0
115900124,0,0,0
115900125,0,0,0
115900126,0,0,0
115900127,0,0,0
115900128,0,0,0
115900129,0,0,0
115900130,0,0,0
115900131,0,0,0
115900132,0,0,0
115900134,0,0,0
115900135,0,0,0
115900137,0,0,0
115900139,0,0,0
115900140,0,0,0
115900141,0,0,0
115900142,0,0,0
115900143,0,0,0
115900144,0,0,0
115900146,0,0,0
115900147,0,0,0
115900148,0,0,0
115900149,0,0,0
115900150,0,0,0
115900151,0,0,0
115900152,0,0,0
115900153,0,0,0
115900154,0,0,0
115900155,0,0,0
115900156,0,0,0
115900157,0,0,0
115900158,0,0,0
115900159,0,0,0
115900160,0,0,0
115900161,0,0,0
115900163,0,0,0
115900164,0,0,0
115900166,0,0,0
115900168,0,0,0
115900171,0,0,0
115900172,0,0,0
115900173,0,0,0
115900174,0,0,0
115900175,0,0,0
115900178,0,0,0
115900179,0,0,0
115900180,0,0,0
115900181,0,0,0
115900182,0,0,0
115900183,0,0,0
115900184,0,0,0
115900187,0,0,0
115900189,0,0,0
115900190,0,0,0
115900191,0,0,0
115900192,0,0,0
115900193,0,0,0
115900194,0,0,0
115900195,0,0,0
115900198,0,0,0
115900199,0,0,0
115900200,0,0,0
115900201,0,0,0
115900202,0,0,0
115900203,0,0,0
115900204,0,0,0
115900205,0,0,0
115900206,0,0,0
115900207,0,0,0
115900208,0,0,0
115900209,0,0,0
115900210,0,0,0
115900211,0,0,0
115900212,0,0,0
115900213,0,0,0
115900214,0,0,0
115900215,0,0,0
115900216,0,0,0
115900217,0,0,0
115900218,0,0,0
115900219,0,0,0
115900220,0,0,0
115900221,0,0,0
115900222,0,0,0
115900223,0,0,0
115900224,0,0,0
115900225,0,0,0
115900226,0,0,0
115900227,0,0,0
115900228,0,0,0
115900229,0,0,0
115900230,0,0,0
115900231,0,0,0
115900232,0,0,0
115900233,0,0,0
115900234,0,0,0
115900235,0,0,0
115900236,0,0,0
115900237,0,0,0
115900238,0,0,0
115900239,0,0,0
115900240,0,0,0
115900241,0,0,0
115900242,1,0,1
115900243,0,0,0
115900244,0,0,0
115900245,0,0,0
115900246,0,0,0
115900247,0,0,0
115900248,0,0,0
115900249,0,0,0
115900250,0,0,0
115900251,0,0,0
115900252,0,0,0
115900253,0,0,0
115900254,0,0,0
115900255,0,0,0
115900256,0,0,0
115900257,0,0,0
115900258,0,0,0
115900259,0,0,0
115900260,0,0,0
115900261,0,0,0
115900262,0,0,0
115900263,0,0,0
115900264,0,0,0
115900265,0,0,0
115900266,0,0,0
115900267,0,0,0
115900268,0,0,0
115900269,0,0,0
115900270,0,0,0
115900271,0,0,0
115900272,0,0,0
115900273,0,0,0
115900274,0,0,0
115900275,0,0,0
115900276,0,0,0
115900277,0,0,0
115900278,0,0,0
115900279,0,0,0
115900280,0,0,0
115900281,0,0,0
115900282,0,0,0
115900283,0,0,0
115900284,0,0,0
116000001,138,232,-94
116000002,1522,2083,-561
116000003,26,145,-119
116000004,539,2072,-1533
116000005,23,152,-129
116000006,290,696,-406
116000007,88,216,-128
116000008,679,474,205
116000009,32,106,-74
116000010,667,497,170
116000011,54,226,-172
116000012,643,225,418
116000013,142,514,-372
116000014,0,0,0
116000015,5,1,4
116000016,1003,48,955
116000017,58,7,51
116000018,152,30,122
116000019,45,0,45
116000020,417,80,337
116000021,66,4,62
116000022,163,56,107
116000023,2,6,-4
116000024,224,45,179
116000025,22,28,-6
116000026,409,62,347
116000027,342,67,275
116000028,529,698,-169
116000029,0,0,0
116000030,413,416,-3
116000031,0,0,0
116000032,147,0,147
116000033,412,256,156
116000034,1568,1444,124
116000035,471,130,341
116000036,0,0,0
116000037,24,38,-14
116000038,11,110,-99
116000039,0,0,0
116000040,101,150,-49
116000041,0,0,0
116000042,247,305,-58
116000043,0,0,0
116000044,0,0,0
116000045,1614,2059,-445
116000046,200,136,64
116000047,202,39,163
116000048,1806,851,955
116000049,1271,638,633
116000050,578,251,327
116000051,1718,382,1336
116000052,833,221,612
116000053,870,225,645
116000054,0,0,0
116000055,0,0,0
116000056,469,1105,-636
116000057,0,0,0
116000058,91,165,-74
116000059,596,2439,-1843
116000060,98,98,0
116000061,87,380,-293
116000062,38,26,12
116000063,125,480,-355
116000066,76,387,-311
116000067,0,0,0
116000068,41,127,-86
116000069,0,0,0
116000078,173,288,-115
116000080,0,0,0
116000082,0,0,0
116000083,266,111,155
116000084,50,371,-321
116000085,354,66,288
116000086,13,97,-84
116000087,740,146,594
116000088,27,46,-19
116000089,0,0,0
116000090,8,1,7
116000091,0,0,0
116000093,165,259,-94
116000094,1,47,-46
116000095,240,14,226
116000096,20,86,-66
116000097,401,28,373
116000098,6,313,-307
116000099,448,1,447
116000100,42,0,42
116000101,11,1,10
116000102,131,15,116
116000103,77,38,39
116000104,5,3,2
116000105,133,1,132
116000106,40,5,35
116000107,186,8,178
116000108,0,8,-8
116000111,15,0,15
116000113,26,11,15
116000114,0,0,0
116000115,44,26,18
116000116,0,0,0
116000117,307,460,-153
116000118,0,0,0
116000119,1018,415,603
116000120,0,0,0
116000121,178,141,37
116000122,0,0,0
116000123,859,122,737
116000124,0,0,0
116000125,1044,47,997
116000126,0,0,0
116000127,0,0,0
116000128,902,94,808
116000129,0,0,0
116000130,0,0,0
116000133,427,6,421
116000134,173,11,162
116000135,856,163,693
116000136,112,87,25
116000137,356,116,240
116000138,0,0,0
116000139,478,1083,-605
116000140,0,1,-1
116000141,54,1,53
116000142,299,758,-459
116000143,480,168,312
116000144,160,213,-53
116000145,1689,279,1410
116000146,120,3,117
116000147,142,322,-180
116000148,0,4,-4
116000149,0,0,0
116000151,46,120,-74
116000153,145,617,-472
116000155,247,499,-252
116000156,3,24,-21
116000157,127,0,127
116000158,538,37,501
116000159,83,0,83
116000160,0,0,0
116000161,0,0,0
116000162,0,0,0
116000163,0,0,0
116000164,0,0,0
116000177,28,1,27
116000194,0,0,0
116000195,700,214,486
116000196,0,0,0
116000197,0,0,0
116000198,518,445,73
116000200,1,14,-13
116000201,0,0,0
116000202,0,0,0
116000203,0,0,0
116000204,0,0,0
116000205,0,0,0
116000206,0,0,0
116000207,0,0,0
116000233,0,0,0
116000287,0,0,0
116000288,180,74,106
116000292,0,0,0
116000296,1,1,0
116000297,0,0,0
116000304,0,0,0
116000305,0,0,0
116000346,0,0,0
116000352,0,0,0
116000354,0,0,0
116000357,0,0,0
116000358,0,0,0
116000361,0,0,0
116000372,0,0,0
116000381,0,0,0
116000388,0,0,0
116000389,106,13,93
116000445,0,0,0
116000446,396,32,364
116000447,0,0,0
116000448,575,259,316
116000563,166,1000,-834
116000565,0,0,0
116000568,0,0,0
116000579,0,0,0
116000583,0,0,0
116000584,0,0,0
116000585,0,0,0
116000586,0,0,0
116000587,623,2,621
116000589,0,0,0
116000590,11,2,9
116000591,147,18,129
116000592,0,1,-1
116000593,0,0,0
116000594,0,0,0
116000595,0,0,0
116000596,0,0,0
116000597,169,2,167
116000598,0,0,0
116000605,0,0,0
116000606,41,5,36
116000607,0,0,0
116000609,0,0,0
116000611,0,0,0
116000612,1111,314,797
116000613,395,105,290
116000614,0,0,0
116000615,0,0,0
116000616,0,0,0
116000617,0,0,0
116000618,0,0,0
116000619,0,1,-1
116000620,703,46,657
116000621,2,39,-37
116000622,71,43,28
116000624,0,1,-1
116000627,0,0,0
116000628,0,0,0
116000629,0,0,0
116000630,2,0,2
116000631,5,0,5
116000632,202,2,200
116000633,76,2,74
116000634,0,0,0
116000635,1268,1431,-163
116000636,102,239,-137
116000637,0,0,0
116000638,110,5,105
116000639,8,0,8
116000640,28,1,27
116000641,0,0,0
116000643,0,0,0
116000644,0,0,0
116000645,0,0,0
116900001,0,0,0
116900002,0,0,0
116900003,0,0,0
116900004,0,0,0
116900005,0,0,0
116900006,3,3,0
116900007,0,0,0
116900008,0,0,0
116900009,0,0,0
116900010,0,0,0
116900011,0,0,0
116900012,0,0,0
116900013,0,0,0
116900014,0,0,0
116900016,0,0,0
116900017,0,0,0
116900018,0,0,0
116900019,0,0,0
116900020,0,0,0
116900023,0,0,0
116900025,0,0,0
116900026,0,0,0
116900027,0,0,0
116900028,0,0,0
116900029,0,0,0
116900031,0,0,0
116900032,0,0,0
116900033,0,0,0
116900034,0,0,0
116900035,0,0,0
116900036,0,0,0
116900038,0,0,0
116900041,0,0,0
116900042,0,0,0
116900043,0,0,0
116900047,0,0,0
116900049,0,0,0
116900050,0,0,0
116900051,0,0,0
116900052,0,0,0
116900055,0,0,0
116900057,0,0,0
116900058,0,0,0
116900059,0,0,0
116900060,0,0,0
116900062,0,0,0
116900064,0,0,0
116900065,0,0,0
116900067,0,0,0
116900068,0,0,0
116900070,0,0,0
116900072,0,0,0
116900073,0,0,0
116900074,0,0,0
116900076,0,0,0
116900077,0,0,0
116900078,0,0,0
116900079,0,0,0
116900080,0,0,0
116900081,0,0,0
116900082,0,0,0
116900083,0,0,0
116900084,0,0,0
116900085,0,0,0
116900086,0,0,0
116900088,0,0,0
116900090,0,0,0
116900091,0,0,0
116900092,0,0,0
116900093,0,0,0
116900094,0,0,0
116900095,0,0,0
116900096,0,0,0
116900097,0,0,0
116900098,0,0,0
116900099,0,0,0
116900100,0,0,0
116900101,0,0,0
116900103,0,0,0
116900104,0,0,0
116900105,0,0,0
116900106,0,0,0
116900107,0,0,0
116900110,0,0,0
116900111,237,14,223
116900112,161,1,160
116900113,44,17,27
116900116,0,0,0
116900117,0,0,0
116900118,0,0,0
116900120,0,0,0
116900121,0,0,0
116900122,0,0,0
116900123,0,0,0
116900124,0,0,0
116900125,0,0,0
116900126,0,0,0
116900128,0,0,0
116900129,0,0,0
116900130,0,0,0
116900131,0,0,0
116900132,0,0,0
116900133,0,0,0
116900134,0,0,0
116900136,0,0,0
116900137,0,0,0
116900138,0,0,0
116900139,0,0,0
116900140,0,0,0
116900141,0,0,0
116900142,0,0,0
116900143,0,0,0
116900144,0,0,0
116900145,0,0,0
116900147,0,0,0
116900148,0,0,0
116900149,0,0,0
116900150,0,0,0
116900151,0,0,0
116900153,0,0,0
116900154,0,0,0
116900155,0,0,0
116900157,0,0,0
116900158,0,0,0
116900159,0,0,0
116900160,0,0,0
116900161,0,0,0
116900162,0,0,0
116900163,0,0,0
116900164,0,0,0
116900165,0,0,0
116900166,0,0,0
116900167,0,0,0
116900168,0,0,0
116900169,0,0,0
116900170,0,0,0
116900171,0,0,0
116900172,0,0,0
116900173,0,0,0
116900174,0,0,0
116900175,0,0,0
116900178,0,0,0
116900179,0,0,0
116900180,0,0,0
116900182,0,0,0
116900183,0,0,0
116900185,0,0,0
116900186,0,0,0
116900187,0,0,0
116900188,0,0,0
116900189,0,0,0
116900191,0,0,0
116900192,0,0,0
116900194,0,0,0
116900195,0,0,0
116900196,0,0,0
116900197,0,0,0
116900198,0,0,0
116900200,0,0,0
116900201,0,0,0
116900202,0,0,0
116900203,0,0,0
116900204,0,0,0
116900206,0,0,0
116900207,0,0,0
116900208,6,0,6
116900209,0,0,0
116900210,0,0,0
116900211,0,0,0
116900212,0,0,0
116900213,0,0,0
116900214,0,0,0
116900215,0,0,0
116900216,0,0,0
116900218,0,0,0
116900219,0,0,0
116900220,0,0,0
116900221,0,0,0
116900222,147,113,34
116900223,0,0,0
116900226,0,0,0
116900227,0,0,0
116900228,0,0,0
116900230,0,0,0
116900233,0,0,0
116900234,0,0,0
116900235,0,0,0
116900238,0,0,0
116900239,0,0,0
116900240,0,0,0
116900241,0,0,0
116900242,0,0,0
116900243,0,0,0
116900245,0,0,0
116900246,0,0,0
116900247,0,0,0
116900248,0,0,0
116900249,0,0,0
116900250,0,0,0
116900251,0,0,0
116900252,191,6,185
116900254,0,0,0
116900255,0,0,0
116900256,0,0,0
116900257,0,0,0
116900258,0,0,0
116900259,0,0,0
116900260,0,0,0
116900261,0,0,0
116900262,0,0,0
116900263,0,0,0
116900264,104,2,102
116900265,0,0,0
116900266,0,0,0
116900267,0,0,0
116900268,0,0,0
116900269,212,137,75
116900271,0,0,0
116900272,0,0,0
116900273,0,0,0
116900274,0,0,0
116900275,0,0,0
116900276,71,2,69
116900277,0,0,0
116900278,0,0,0
116900279,0,0,0
116900280,0,0,0
116900281,0,0,0
116900282,0,0,0
116900283,0,0,0
116900284,0,0,0
116900285,0,0,0
116900286,0,0,0
116900287,0,0,0
116900288,0,0,0
116900289,0,0,0
116900290,0,0,0
116900291,0,0,0
116900292,0,0,0
116900293,0,0,0
116900294,0,0,0
116900295,0,0,0
116900296,0,0,0
116900297,0,0,0
116900298,0,0,0
116900299,0,0,0
116900300,0,0,0
116900301,0,0,0
116900302,0,0,0
116900303,0,0,0
116900304,0,0,0
116900305,0,0,0
116900306,1,2,-1
116900307,0,0,0
116900308,0,0,0
116900309,0,0,0
116900310,0,0,0
117000001,951,519,432
117000002,11,45,-34
117000003,2374,1194,1180
117000004,260,266,-6
117000005,1710,726,984
117000006,96,159,-63
117000007,3146,796,2350
117000008,124,149,-25
117000009,2163,317,1846
117000010,162,129,33
117000011,1198,230,968
117000012,205,111,94
117000013,1168,191,977
117000014,46,320,-274
117000015,496,251,245
117000016,31,8,23
117000017,38,20,18
117000018,5,24,-19
117000019,20,12,8
117000020,50,15,35
117000021,79,4,75
117000022,139,43,96
117000023,19,34,-15
117000024,0,0,0
117000025,0,0,0
117000026,764,1147,-383
117000027,0,0,0
117000028,339,270,69
117000030,204,51,153
117000031,225,383,-158
117000032,479,419,60
117000033,375,277,98
117000034,135,103,32
117000035,632,129,503
117000036,106,108,-2
117000037,618,53,565
117000038,118,156,-38
117000039,534,81,453
117000040,0,0,0
117000041,449,40,409
117000044,0,0,0
117000045,39,46,-7
117000046,0,0,0
117000047,621,387,234
117000048,0,0,0
117000049,0,18,-18
117000050,2,2,0
117000051,611,155,456
117000052,0,0,0
117000053,0,0,0
117000054,1193,68,1125
117000055,0,33,-33
117000056,391,79,312
117000057,0,29,-29
117000060,0,0,0
117000061,485,429,56
117000062,0,0,0
117000063,365,153,212
117000064,0,0,0
117000066,3,0,3
117000067,31,104,-73
117000074,0,63,-63
117000076,0,7,-7
117000077,130,82,48
117000078,0,0,0
117000079,58,2,56
117000080,0,0,0
117000081,131,3,128
117000082,0,0,0
117000083,74,2,72
117000084,49,0,49
117000085,25,24,1
117000086,238,189,49
117000087,24,72,-48
117000088,255,183,72
117000089,1355,289,1066
117000090,1,55,-54
117000091,887,95,792
117000092,2,56,-54
117000093,1222,140,1082
117000094,54,57,-3
117000095,2241,154,2087
117000096,38,106,-68
117000097,1439,252,1187
117000098,69,106,-37
117000099,1654,247,1407
117000100,0,0,0
117000101,0,0,0
117000102,945,241,704
117000103,31,52,-21
117000104,804,203,601
117000105,14,55,-41
117000106,887,193,694
117000107,78,27,51
117000108,897,612,285
117000109,230,26,204
117000110,996,982,14
117000111,2198,1558,640
117000112,839,517,322
117000113,0,0,0
117000114,1,0,1
117000115,0,0,0
117000116,1,6,-5
117000117,94,103,-9
117000118,20,21,-1
117000119,4,79,-75
117000120,1,41,-40
117000121,0,66,-66
117000122,1,91,-90
117000123,165,68,97
117000124,5,2,3
117000125,4,0,4
117000126,15,1,14
117000127,4,2,2
117000128,1,0,1
117000129,211,662,-451
117000130,11,1,10
117000131,0,0,0
117000132,1802,6,1796
117000133,0,0,0
117000134,0,0,0
117000135,0,0,0
117000136,0,0,0
117000137,0,0,0
117000138,3,0,3
117000140,38,45,-7
117000141,1113,206,907
117000181,0,0,0
117000182,0,0,0
117000195,0,0,0
117000196,0,0,0
117000225,0,0,0
117000226,0,0,0
117000276,0,0,0
117000277,0,0,0
117000310,2,417,-415
117000315,0,0,0
117000320,189,0,189
117000906,196,0,196
117000907,0,0,0
117000909,1,22,-21
117000910,0,0,0
117000911,0,59,-59
117000915,0,0,0
117000916,17,23,-6
117000917,259,4,255
117000918,49,64,-15
117000919,0,0,0
117000920,0,31,-31
117000921,0,0,0
117000922,11,2,9
117000924,89,280,-191
117000926,54,3,51
117000927,158,604,-446
117000928,0,0,0
117000929,0,0,0
117000930,0,0,0
117000931,0,0,0
117900002,0,0,0
117900003,0,0,0
117900005,0,0,0
117900006,0,0,0
117900007,0,0,0
117900008,0,0,0
117900010,0,0,0
117900011,0,0,0
117900012,0,0,0
117900013,0,0,0
117900014,0,0,0
117900015,0,0,0
117900016,0,0,0
117900017,0,0,0
117900018,0,0,0
117900019,0,0,0
117900020,0,0,0
117900021,0,0,0
117900023,0,0,0
117900024,0,0,0
117900025,0,0,0
117900026,0,0,0
117900028,0,0,0
117900029,0,0,0
117900030,0,0,0
117900031,0,0,0
117900032,0,0,0
117900033,0,0,0
117900034,0,0,0
117900035,0,0,0
117900036,0,0,0
117900037,0,0,0
117900038,0,0,0
117900039,0,0,0
117900040,0,0,0
117900041,0,0,0
117900042,0,0,0
117900043,0,0,0
117900044,0,0,0
117900045,0,0,0
117900048,0,0,0
117900049,0,0,0
117900050,0,0,0
117900051,0,0,0
117900052,0,0,0
117900053,0,0,0
117900054,0,0,0
117900055,0,0,0
117900056,0,0,0
117900057,0,0,0
117900058,0,0,0
117900059,0,0,0
117900060,0,0,0
117900061,0,0,0
117900063,0,0,0
117900065,0,0,0
117900066,0,0,0
117900067,0,0,0
117900069,0,0,0
117900070,0,0,0
117900071,0,0,0
117900073,0,0,0
117900074,0,0,0
117900075,0,0,0
117900076,0,0,0
117900077,0,0,0
117900078,0,0,0
117900080,0,0,0
117900081,0,0,0
117900082,0,0,0
117900083,0,0,0
117900086,0,0,0
117900087,0,0,0
117900088,0,0,0
117900089,0,0,0
117900090,0,0,0
117900091,0,0,0
117900092,0,0,0
117900093,0,0,0
117900094,0,0,0
117900095,0,0,0
117900096,0,0,0
117900097,0,0,0
117900098,0,0,0
117900099,0,0,0
117900100,0,0,0
117900101,0,0,0
117900102,0,0,0
117900103,0,0,0
117900104,0,0,0
117900105,0,0,0
117900106,0,0,0
117900107,0,0,0
117900109,0,0,0
117900110,0,0,0
117900111,0,0,0
117900112,0,0,0
117900113,0,0,0
117900114,0,0,0
117900115,0,0,0
117900116,0,0,0
117900117,0,0,0
117900118,0,0,0
117900119,0,0,0
117900120,0,0,0
117900121,0,0,0
117900122,0,0,0
117900123,0,0,0
117900124,0,0,0
117900125,0,0,0
117900126,0,0,0
117900127,0,0,0
117900128,0,0,0
117900129,0,0,0
117900130,0,0,0
117900131,0,0,0
117900132,0,0,0
117900133,0,0,0
117900134,0,0,0
117900135,0,0,0
117900136,0,0,0
117900137,0,0,0
117900138,0,0,0
117900139,0,0,0
117900140,0,0,0
117900141,0,0,0
117900142,0,0,0
117900144,0,0,0
117900145,0,0,0
117900146,0,0,0
117900147,0,0,0
117900148,0,0,0
117900149,0,0,0
117900150,0,0,0
117900151,0,0,0
117900152,0,0,0
117900153,0,0,0
117900154,0,0,0
117900156,0,0,0
117900157,0,0,0
117900158,0,0,0
117900160,0,0,0
117900161,0,0,0
117900162,0,0,0
117900163,0,0,0
117900165,0,0,0
117900166,0,0,0
117900168,0,0,0
117900169,0,0,0
117900170,0,0,0
117900171,0,0,0
117900172,0,0,0
117900173,0,0,0
117900174,0,0,0
117900175,0,0,0
117900176,0,0,0
117900177,0,0,0
117900178,0,0,0
117900180,0,0,0
117900181,0,0,0
117900182,0,0,0
117900183,0,0,0
117900184,0,0,0
117900185,0,0,0
117900186,0,0,0
117900187,0,0,0
117900188,0,0,0
117900189,0,0,0
117900190,0,0,0
117900191,0,0,0
117900192,0,0,0
117900193,0,0,0
117900194,0,0,0
117900195,0,0,0
117900196,0,0,0
117900207,0,0,0
117900208,0,0,0
117900209,0,0,0
117900210,0,0,0
117900211,0,0,0
117900212,0,0,0
117900213,0,0,0
117900214,0,0,0
117900215,0,0,0
117900216,0,0,0
117900217,0,0,0
117900218,0,0,0
117900219,0,0,0
117900220,0,0,0
117900222,0,0,0
117900223,0,0,0
118000001,262,705,-443
118000002,11,81,-70
118000003,1095,2217,-1122
118000004,44,56,-12
118000005,1895,2142,-247
118000006,92,231,-139
118000007,145,764,-619
118000008,149,323,-174
118000009,29,280,-251
118000010,156,466,-310
118000011,0,0,0
118000012,0,0,0
118000013,0,0,0
118000014,0,0,0
118000016,0,0,0
118000017,26,47,-21
118000018,0,0,0
118000019,2,6,-4
118000020,0,0,0
118000021,0,0,0
118000022,76,44,32
118000023,258,107,151
118000024,249,272,-23
118000027,167,128,39
118000029,50,441,-391
118000032,259,762,-503
118000033,741,1480,-739
118000034,38,110,-72
118000035,73,405,-332
118000036,68,217,-149
118000037,0,3,-3
118000038,37,165,-128
118000039,0,0,0
118000040,182,262,-80
118000041,0,0,0
118000045,0,67,-67
118000046,1,321,-320
118000047,0,0,0
118000048,99,172,-73
118000051,19,317,-298
118000052,10,68,-58
118000053,0,35,-35
118000054,21,104,-83
118000055,11,31,-20
118000056,0,0,0
118000057,0,1,-1
118000058,0,0,0
118000059,5,7,-2
118000060,1,0,1
118000061,13,95,-82
118000062,0,0,0
118000063,0,25,-25
118000064,6,84,-78
118000065,50,66,-16
118000066,0,283,-283
118000067,5,28,-23
118000068,23,170,-147
118000069,0,39,-39
118000070,3,110,-107
118000071,113,103,10
118000072,292,523,-231
118000073,21,136,-115
118000074,2,15,-13
118000075,2,68,-66
118000076,919,2598,-1679
118000077,0,0,0
118000078,728,1054,-326
118000079,38,128,-90
118000080,0,0,0
118000081,428,840,-412
118000082,0,0,0
118000083,0,0,0
118000084,0,0,0
118000086,0,0,0
118000087,31,30,1
118000088,212,457,-245
118000089,456,230,226
118000090,1,67,-66
118000091,73,155,-82
118000092,0,0,0
118000093,0,0,0
118000096,0,0,0
118000097,0,0,0
118000098,0,0,0
118000099,0,0,0
118000101,424,255,169
118000102,118,51,67
118000107,28,1,27
118000108,45,21,24
118000110,0,0,0
118000111,0,0,0
118000112,164,0,164
118000113,0,0,0
118000114,157,2,155
118000115,2,0,2
118000116,6,0,6
118000117,26,16,10
118000118,348,436,-88
118000119,197,306,-109
118000120,80,11,69
118000121,0,0,0
118000122,0,0,0
118000123,0,0,0
118000125,0,0,0
118000126,0,29,-29
118000127,88,290,-202
118000128,0,0,0
118000129,149,99,50
118000130,12,25,-13
118000131,17,27,-10
118000132,245,383,-138
118000133,99,198,-99
118000135,177,201,-24
118000136,0,14,-14
118000137,0,0,0
118000138,0,0,0
118000139,0,0,0
118000140,0,2,-2
118000141,971,1014,-43
118000142,0,0,0
118000143,386,554,-168
118000144,138,81,57
118000145,432,168,264
118000146,447,63,384
118000147,419,49,370
118000148,31,89,-58
118000149,6,10,-4
118000150,370,212,158
118000151,46,31,15
118000153,689,596,93
118000154,374,253,121
118000155,686,670,16
118000156,224,117,107
118000157,393,78,315
118000158,8,9,-1
118000159,59,164,-105
118000160,612,248,364
118000161,0,0,0
118000162,193,73,120
118000163,170,168,2
118000164,749,254,495
118000168,0,0,0
118000169,0,0,0
118000170,16,15,1
118000171,1,4,-3
118000172,0,0,0
118000173,246,160,86
118000175,268,498,-230
118000176,309,450,-141
118000177,198,300,-102
118000178,0,0,0
118000179,535,949,-414
118000180,631,449,182
118000181,34,48,-14
118000182,40,84,-44
118000183,46,51,-5
118000184,912,260,652
118000185,0,0,0
118000186,0,0,0
118000187,97,1,96
118000188,0,0,0
118000189,0,0,0
118000190,0,0,0
118000191,1,0,1
118000192,0,12,-12
118000193,0,0,0
118000194,616,839,-223
118000195,20,40,-20
118000196,0,0,0
118000197,11,1,10
118000198,0,72,-72
118000199,183,201,-18
118000200,0,0,0
118000201,0,0,0
118000202,0,0,0
118000203,0,0,0
118000204,4,51,-47
118000205,53,29,24
118000206,81,19,62
118000207,0,0,0
118000208,235,392,-157
118000209,280,32,248
118000210,60,25,35
118000211,83,22,61
118000213,0,19,-19
118000214,41,30,11
118000215,0,0,0
118000216,0,0,0
118000217,0,0,0
118000218,0,0,0
118000219,0,0,0
118000220,52,27,25
118000221,0,0,0
118000222,0,0,0
118000223,4,9,-5
118000224,0,0,0
118000225,0,0,0
118000226,11,2,9
118000227,30,66,-36
118000228,0,0,0
118000229,0,0,0
118000230,0,0,0
118000231,0,0,0
118000232,0,0,0
118000233,180,44,136
118000234,0,0,0
118000236,4,0,4
118000237,0,0,0
118000238,0,0,0
118000239,151,44,107
118000240,0,0,0
118000241,0,0,0
118000242,0,0,0
118000243,0,0,0
118000244,0,0,0
118000246,0,0,0
118000255,2,4,-2
118000256,4,2,2
118000259,0,0,0
118000260,0,0,0
118000261,0,0,0
118000263,0,0,0
118000266,0,1,-1
118000267,0,0,0
118000268,15,0,15
118000270,0,0,0
118000271,2,3,-1
118000272,0,0,0
118000273,0,0,0
118000274,0,0,0
118000276,0,0,0
118000295,0,0,0
118000298,0,0,0
118000299,0,0,0
118000301,0,0,0
118000302,0,0,0
118000311,0,0,0
118000312,0,0,0
118000313,0,0,0
118000314,0,0,0
118000315,0,0,0
118000316,0,0,0
118000325,86,0,86
118000326,0,0,0
118000331,19,0,19
118000332,5,0,5
118000333,46,1,45
118000335,66,0,66
118000336,0,0,0
118000407,0,0,0
118000457,0,0,0
118000465,86,184,-98
118000480,0,0,0
118000489,40,100,-60
118000490,0,0,0
118000492,176,40,136
118000510,0,0,0
118000514,9,3,6
118000515,71,2,69
118000517,0,0,0
118000524,0,0,0
118000525,0,0,0
118000530,0,33,-33
118000531,137,29,108
118000532,0,0,0
118000533,0,0,0
118000534,0,0,0
118000535,96,44,52
118000536,0,0,0
118000537,0,0,0
118000538,0,0,0
118000539,0,93,-93
118000540,0,0,0
118000541,0,0,0
118000542,66,38,28
118000543,23,16,7
118000546,0,0,0
118000553,0,0,0
118000557,0,0,0
118000560,0,0,0
118000562,0,0,0
118000563,339,691,-352
118000576,39,1,38
118000577,3,24,-21
118000578,38,2,36
118000579,2,11,-9
118000583,0,0,0
118000595,57,111,-54
118000596,0,0,0
118000597,7,15,-8
118000598,0,0,0
118000599,0,0,0
118000600,0,0,0
118000601,0,0,0
118000602,0,0,0
118000603,0,0,0
118000605,0,0,0
118000606,0,0,0
118900001,0,0,0
118900002,0,0,0
118900003,0,0,0
118900004,0,0,0
118900005,0,0,0
118900006,0,0,0
118900007,0,0,0
118900008,0,0,0
118900009,0,0,0
118900010,0,0,0
118900011,0,0,0
118900012,30,1,29
118900013,0,0,0
118900015,0,0,0
118900016,0,0,0
118900017,0,0,0
118900018,0,0,0
118900019,0,0,0
118900020,0,0,0
118900021,0,0,0
118900022,0,0,0
118900023,0,0,0
118900024,0,0,0
118900025,0,0,0
118900026,0,0,0
118900027,0,0,0
118900028,0,0,0
118900029,0,0,0
118900030,0,0,0
118900031,0,0,0
118900032,0,0,0
118900033,0,0,0
118900034,0,0,0
118900035,0,0,0
118900036,0,0,0
118900037,0,0,0
118900038,0,0,0
118900039,0,0,0
118900040,0,0,0
118900041,0,0,0
118900042,0,0,0
118900045,0,0,0
118900046,0,0,0
118900047,0,0,0
118900048,0,0,0
118900049,0,0,0
118900050,0,0,0
118900051,4,19,-15
118900052,0,0,0
118900053,0,0,0
118900054,0,0,0
118900055,0,0,0
118900056,12,2,10
118900057,0,0,0
118900058,0,0,0
118900059,0,0,0
118900060,0,0,0
118900062,0,0,0
118900064,0,0,0
118900065,0,0,0
118900066,0,0,0
118900067,0,0,0
118900068,0,0,0
118900069,0,0,0
118900071,0,0,0
118900072,0,0,0
118900073,0,0,0
118900074,0,0,0
118900075,0,0,0
118900076,0,0,0
118900077,0,0,0
118900078,0,0,0
118900079,0,0,0
118900080,0,0,0
118900081,0,0,0
118900082,0,0,0
118900083,0,0,0
118900084,0,0,0
118900085,0,0,0
118900086,0,0,0
118900087,0,0,0
118900088,0,0,0
118900089,0,0,0
118900090,0,0,0
118900091,0,0,0
118900092,0,0,0
118900093,0,0,0
118900096,0,60,-60
118900097,0,0,0
118900099,0,0,0
118900100,0,0,0
118900101,0,0,0
118900102,0,0,0
118900103,0,0,0
118900104,0,0,0
118900105,0,0,0
118900107,0,0,0
118900108,0,0,0
118900110,0,0,0
118900111,0,0,0
118900112,0,0,0
118900113,0,0,0
118900114,0,0,0
118900115,0,0,0
118900116,0,0,0
118900117,0,0,0
118900118,0,0,0
118900119,0,0,0
118900120,0,0,0
118900121,0,0,0
118900122,0,0,0
118900123,0,0,0
118900124,0,0,0
118900126,0,0,0
118900129,0,0,0
118900130,0,0,0
118900131,0,0,0
118900132,0,0,0
118900133,0,0,0
118900135,0,0,0
118900136,0,0,0
118900137,0,0,0
118900139,0,0,0
118900140,0,0,0
118900141,0,0,0
118900144,0,0,0
118900145,0,0,0
118900146,0,0,0
118900147,0,0,0
118900148,0,0,0
118900150,0,0,0
118900152,0,0,0
118900157,0,0,0
118900158,0,0,0
118900159,0,0,0
118900161,0,0,0
118900163,0,0,0
118900164,0,0,0
118900165,0,0,0
118900166,0,0,0
118900167,0,0,0
118900168,0,0,0
118900169,0,0,0
118900170,0,0,0
118900171,0,0,0
118900174,0,0,0
118900175,0,0,0
118900176,0,0,0
118900177,0,0,0
118900178,0,0,0
118900179,0,0,0
118900181,0,0,0
118900182,0,0,0
118900183,0,0,0
118900184,0,0,0
118900185,0,0,0
118900186,0,0,0
118900187,0,0,0
118900188,0,0,0
118900189,0,0,0
118900190,0,0,0
118900191,0,0,0
118900192,0,0,0
118900193,0,0,0
118900195,0,0,0
118900196,0,0,0
118900197,0,0,0
118900198,0,0,0
118900199,0,0,0
118900200,0,0,0
118900201,0,0,0
118900202,0,0,0
118900203,0,0,0
118900204,0,0,0
118900205,0,0,0
118900206,0,0,0
119000001,536,374,162
119000002,668,164,504
119000003,74,82,-8
119000004,28,101,-73
119000005,227,61,166
119000006,181,56,125
119000007,807,650,157
119000008,0,0,0
119000009,371,387,-16
119000010,0,0,0
119000011,520,397,123
119000012,35,64,-29
119000013,1493,529,964
119000014,15,53,-38
119000019,0,0,0
119000020,58,32,26
119000021,126,82,44
119000022,0,0,0
119000023,124,144,-20
119000024,242,1316,-1074
119000025,24,68,-44
119000026,0,0,0
119000027,8,27,-19
119000028,65,67,-2
119000029,0,0,0
119000030,19,136,-117
119000031,0,0,0
119000032,0,35,-35
119000033,372,88,284
119000034,16,1,15
119000035,0,12,-12
119000036,170,27,143
119000037,3,37,-34
119000038,1,23,-22
119000039,19,36,-17
119000040,5,312,-307
119000041,7,42,-35
119000048,387,151,236
119000049,43,59,-16
119000050,6,3,3
119000051,46,134,-88
119000052,2,5,-3
119000053,88,179,-91
119000054,254,80,174
119000055,1502,145,1357
119000056,626,357,269
119000057,74,65,9
119000058,122,52,70
119000059,839,195,644
119000060,0,0,0
119000061,67,78,-11
119000062,0,0,0
119000063,49,37,12
119000064,31,92,-61
119000065,42,12,30
119000066,162,142,20
119000067,212,58,154
119000068,106,37,69
119000069,304,81,223
119000070,121,26,95
119000071,0,0,0
119000072,357,125,232
119000073,105,91,14
119000074,371,130,241
119000075,302,101,201
119000076,0,0,0
119000077,0,0,0
119000078,0,0,0
119000079,0,0,0
119000080,0,0,0
119000081,0,0,0
119000082,0,0,0
119000083,0,0,0
119000084,0,0,0
119000085,0,0,0
119000086,0,0,0
119000087,0,0,0
119000088,0,0,0
119000089,0,0,0
119000090,0,0,0
119000091,0,0,0
119000092,0,0,0
119000093,386,133,253
119000094,995,189,806
119000095,79,146,-67
119000097,164,134,30
119000098,278,565,-287
119000099,505,85,420
119000100,478,307,171
119000101,0,0,0
119000102,0,0,0
119000103,26,33,-7
119000104,0,0,0
119000105,96,73,23
119000106,0,0,0
119000107,115,156,-41
119000108,0,0,0
119000109,0,0,0
119000110,0,0,0
119000111,0,0,0
119000112,0,0,0
119000113,0,0,0
119000114,4,30,-26
119000115,0,0,0
119000116,2,42,-40
119000117,0,0,0
119000118,0,0,0
119000123,0,0,0
119000124,150,22,128
119000125,341,31,310
119000126,288,35,253
119000127,0,0,0
119000128,0,0,0
119000131,0,0,0
119000132,0,0,0
119000133,0,0,0
119000134,201,227,-26
119000135,0,0,0
119000136,0,0,0
119000137,0,0,0
119000138,0,0,0
119000139,0,0,0
119000140,0,0,0
119000284,0,0,0
119000285,0,0,0
119000286,0,0,0
119000287,0,0,0
119000288,0,0,0
119000289,0,0,0
119000290,78,7,71
119000291,0,0,0
119000293,4,17,-13
119000294,156,88,68
119000295,0,0,0
119000296,0,0,0
119000297,0,0,0
119000299,0,0,0
119000302,0,0,0
119000303,0,17,-17
119000304,0,0,0
119000310,0,0,0
119000314,0,0,0
119000315,0,0,0
119000316,0,0,0
119000317,0,0,0
119900001,0,0,0
119900002,0,0,0
119900003,0,0,0
119900004,0,0,0
119900005,0,0,0
119900006,0,0,0
119900007,0,0,0
119900008,0,0,0
119900009,0,0,0
119900010,0,0,0
119900011,0,0,0
119900012,0,0,0
119900013,0,0,0
119900014,0,0,0
119900015,0,0,0
119900016,0,0,0
119900017,0,0,0
119900018,0,0,0
119900019,0,0,0
119900020,0,0,0
119900021,0,0,0
119900022,0,0,0
119900023,0,0,0
119900025,0,0,0
119900026,0,0,0
119900027,0,0,0
119900028,0,0,0
119900029,0,0,0
119900030,0,0,0
119900031,0,0,0
119900033,0,0,0
119900034,0,0,0
119900037,0,0,0
119900038,0,0,0
119900039,0,0,0
119900040,0,0,0
119900041,0,0,0
119900042,0,0,0
119900043,0,0,0
119900044,0,0,0
119900046,0,0,0
119900047,0,0,0
119900048,0,0,0
119900049,0,0,0
119900050,0,0,0
119900051,0,0,0
119900052,0,0,0
119900053,0,0,0
119900054,0,0,0
119900055,0,0,0
119900057,0,0,0
119900058,0,0,0
119900059,0,0,0
119900060,0,0,0
119900061,0,0,0
119900062,0,0,0
119900063,0,0,0
119900065,0,0,0
119900067,0,0,0
119900068,0,0,0
119900069,0,0,0
119900070,0,0,0
119900071,0,0,0
119900073,0,0,0
119900074,0,0,0
119900075,0,0,0
119900076,0,0,0
119900077,0,0,0
119900078,0,0,0
119900079,0,0,0
119900080,0,0,0
119900081,0,0,0
119900082,0,0,0
119900083,0,0,0
119900084,0,0,0
119900085,0,0,0
119900086,0,0,0
119900087,0,0,0
119900088,0,0,0
119900089,0,0,0
119900090,0,0,0
119900091,0,0,0
119900092,0,0,0
119900093,0,0,0
119900094,0,0,0
119900095,0,0,0
119900096,0,0,0
119900097,0,0,0
119900098,0,0,0
119900099,0,0,0
119900100,0,0,0
119900101,0,0,0
119900102,0,0,0
119900103,0,0,0
119900104,0,0,0
119900105,0,0,0
119900106,0,0,0
119900107,0,0,0
119900108,0,0,0
119900109,0,0,0
119900110,0,0,0
119900111,0,0,0
119900112,0,0,0
119900113,0,0,0
119900114,0,0,0
119900115,0,0,0
119900116,0,0,0
119900117,0,0,0
119900118,0,0,0
119900119,0,0,0
119900120,0,0,0
119900121,0,0,0
119900122,0,0,0
119900123,0,0,0
119900124,0,0,0
119900125,0,0,0
119900126,0,0,0
119900127,0,0,0
119900128,0,0,0
119900129,0,0,0
119900130,0,0,0
119900131,0,0,0
119900132,0,0,0
119900133,0,0,0
119900134,0,0,0
119900135,0,0,0
119900136,0,0,0
119900138,0,0,0
119900139,0,0,0
119900140,0,0,0
119900141,0,0,0
119900142,0,0,0
119900143,0,0,0
119900144,0,0,0
119900145,0,0,0
119900146,0,0,0
119900147,0,0,0
119900148,0,0,0
119900149,0,0,0
119900150,0,0,0
119900151,0,0,0
119900152,0,0,0
119900153,0,0,0
119900154,0,0,0
119900155,0,0,0
119900156,0,0,0
119900157,0,0,0
119900158,0,0,0
119900159,0,0,0
119900160,0,0,0
119900161,0,0,0
119900162,0,0,0
119900163,0,0,0
119900164,0,0,0
119900165,0,0,0
119900166,0,0,0
119900167,0,0,0
119900168,0,0,0
119900169,0,0,0
119900170,0,0,0
119900171,0,0,0
119900172,0,0,0
119900173,0,0,0
119900174,0,0,0
119900175,0,0,0
119900177,0,0,0
119900178,0,0,0
119900179,0,0,0
119900180,0,0,0
119900181,0,0,0
119900182,0,0,0
119900183,0,0,0
119900184,0,0,0
119900185,0,0,0
119900186,0,0,0
119900187,0,0,0
119900188,0,0,0
119900189,0,0,0
119900190,0,0,0
119900191,0,0,0
119900192,0,0,0
119900193,0,0,0
119900194,0,0,0
119900195,0,0,0
119900196,0,0,0
119900197,0,0,0
119900198,0,0,0
119900199,0,0,0
119900200,0,0,0
119900201,0,0,0
119900202,0,0,0
119900203,0,0,0
119900204,0,0,0
119900205,0,0,0
119900206,0,0,0
119900208,0,0,0
119900209,0,0,0
119900210,0,0,0
119900211,0,0,0
119900212,0,0,0
119900213,0,0,0
119900214,0,0,0
119900215,0,0,0
119900216,0,0,0
119900217,0,0,0
119900218,0,0,0
119900219,0,0,0
119900220,0,0,0
119900221,0,0,0
119900222,0,0,0
119900223,0,0,0
119900224,0,0,0
119900225,0,0,0
119900226,0,0,0
119900227,0,0,0
119900228,0,0,0
119900229,0,0,0
119900230,0,0,0
119900231,0,0,0
119900232,0,0,0
119900233,0,0,0
119900234,0,0,0
119900235,0,0,0
119900236,0,0,0
119900237,0,0,0
119900238,0,0,0
119900240,0,0,0
119900241,0,0,0
119900242,0,0,0
119900244,0,0,0
119900245,0,0,0
119900246,0,0,0
119900247,0,0,0
119900248,0,0,0
119900249,0,0,0
119900253,0,0,0
119900254,0,0,0
119900255,0,0,0
119900256,0,0,0
119900257,0,0,0
119900258,0,0,0
119900259,0,0,0
119900260,0,0,0
119900261,0,0,0
119900262,0,0,0
119900263,0,0,0
119900264,0,0,0
119900265,0,0,0
119900266,0,0,0
119900267,0,0,0
119900268,0,0,0
119900269,0,0,0
119900271,0,0,0
119900272,0,0,0
119900275,0,0,0
119900276,0,0,0
119900277,0,0,0
119900278,0,0,0
119900279,0,0,0
119900280,0,0,0
119900281,0,0,0
119900282,0,0,0
119900283,0,0,0
119900284,0,0,0
119900285,0,0,0
119900286,0,0,0
119900288,0,0,0
119900289,0,0,0
119900290,0,0,0
119900291,0,0,0
119900292,0,0,0
119900293,0,0,0
119900294,0,0,0
119900295,0,0,0
119900296,0,0,0
119900297,0,0,0
119900298,0,0,0
119900299,0,0,0
119900300,0,0,0
119900301,0,0,0
119900302,0,0,0
119900303,0,0,0
119900304,0,0,0
119900305,0,0,0
119900306,0,0,0
119900307,0,0,0
119900308,0,0,0
119900309,0,0,0
119900310,0,0,0
119900311,0,0,0
119900312,0,0,0
119900313,0,0,0
119900314,0,0,0
119900315,0,0,0
119900318,0,0,0
119900319,0,0,0
119900320,0,0,0
119900321,0,0,0
120000001,2253,2316,-63
120000002,142,118,24
120000003,75,94,-19
120000004,47,162,-115
120000005,171,202,-31
120000006,84,113,-29
120000007,214,82,132
120000008,16,75,-59
120000009,13,12,1
120000010,124,57,67
120000011,19,121,-102
120000012,64,261,-197
120000013,641,320,321
120000014,197,348,-151
120000015,1087,482,605
120000016,2476,860,1616
120000017,663,442,221
120000018,1517,662,855
120000019,357,148,209
120000020,992,494,498
120000021,401,917,-516
120000022,2429,1454,975
120000023,543,370,173
120000024,370,300,70
120000025,1052,343,709
120000026,544,597,-53
120000027,578,734,-156
120000028,0,0,0
120000029,15,208,-193
120000030,6,153,-147
120000031,922,507,415
120000032,465,209,256
120000033,257,73,184
120000034,291,97,194
120000035,519,144,375
120000036,1383,969,414
120000037,380,745,-365
120000038,299,783,-484
120000039,3,90,-87
120000040,0,57,-57
120000041,7,12,-5
120000042,37,35,2
120000043,117,60,57
120000044,55,10,45
120000045,12,0,12
120000046,79,12,67
120000047,1,12,-11
120000048,643,250,393
120000049,615,341,274
120000050,100,227,-127
120000051,53,300,-247
120000052,0,0,0
120000053,190,28,162
120000054,166,31,135
120000055,94,11,83
120000056,420,288,132
120000057,331,78,253
120000058,59,55,4
120000059,1,306,-305
120000061,0,4,-4
120000062,0,0,0
120000063,78,1,77
120000064,51,2,49
120000065,155,4,151
120000066,60,4,56
120000067,0,4,-4
120000068,16,42,-26
120000069,115,42,73
120000070,8,0,8
120000071,408,262,146
120000072,485,241,244
120000073,234,144,90
120000074,100,91,9
120000075,650,138,512
120000076,989,151,838
120000077,383,269,114
120000078,675,417,258
120000079,0,0,0
120000080,0,0,0
120000081,0,0,0
120000082,0,0,0
120000083,0,0,0
120000084,28,10,18
120000085,23,1,22
120000086,40,41,-1
120000087,6,5,1
120000088,462,121,341
120000089,851,56,795
120000090,301,63,238
120000091,566,182,384
120000092,761,151,610
120000093,136,125,11
120000094,150,482,-332
120000095,0,0,0
120000096,0,0,0
120000098,146,0,146
120000099,46,0,46
120000100,174,1,173
120000101,34,4,30
120000102,70,763,-693
120000103,615,710,-95
120000104,1255,89,1166
120000105,1834,77,1757
120000106,1645,29,1616
120000107,1867,64,1803
120000108,1043,11,1032
120000109,436,26,410
120000110,0,55,-55
120000111,2,2,0
120000112,3,10,-7
120000113,4,7,-3
120000114,23,7,16
120000115,3,20,-17
120000116,26,28,-2
120000117,0,0,0
120000118,0,0,0
120000119,0,61,-61
120000120,0,0,0
120000121,28,44,-16
120000122,156,51,105
120000123,322,201,121
120000124,203,120,83
120000125,29,6,23
120000126,119,142,-23
120000127,173,104,69
120000128,111,13,98
120000129,170,98,72
120000130,662,155,507
120000131,63,101,-38
120000134,0,0,0
120000135,0,0,0
120000137,0,0,0
120000138,0,0,0
120000139,0,0,0
120000140,0,0,0
120000141,0,0,0
120000142,0,0,0
120000143,0,0,0
120000144,0,0,0
120000145,0,0,0
120000146,382,799,-417
120000149,0,0,0
120000150,0,0,0
120000151,156,68,88
120000152,203,31,172
120000153,0,0,0
120000154,85,5,80
120000155,119,55,64
120000156,162,30,132
120000157,173,101,72
120000158,0,0,0
120000159,100,295,-195
120000160,536,261,275
120000161,347,188,159
120000162,4,244,-240
120000163,0,0,0
120000164,0,0,0
120000165,113,7,106
120000166,121,66,55
120000167,0,0,0
120000168,0,0,0
120000169,0,0,0
120000170,0,0,0
120000171,0,0,0
120000172,0,0,0
120000173,0,0,0
120000174,0,0,0
120000175,0,0,0
120000176,0,0,0
120000177,0,0,0
120000178,0,0,0
120000179,0,0,0
120000180,0,0,0
120000181,0,0,0
120000182,0,0,0
120000183,0,0,0
120000184,0,0,0
120000186,0,0,0
120000187,0,0,0
120000188,0,0,0
120000190,0,0,0
120000191,0,0,0
120000192,0,0,0
120000193,0,0,0
120000195,0,0,0
120000196,0,0,0
120000197,0,0,0
120000198,0,0,0
120000199,0,0,0
120000200,0,0,0
120000201,0,0,0
120000202,0,0,0
120000203,0,0,0
120000207,0,0,0
120000208,0,0,0
120000209,0,0,0
120000210,0,0,0
120000211,0,0,0
120000212,0,0,0
120000213,0,0,0
120000214,0,0,0
120000215,0,0,0
120000216,0,0,0
120000217,0,0,0
120000218,0,0,0
120000219,0,0,0
120000220,0,0,0
120000225,0,0,0
120000226,0,0,0
120000227,0,0,0
120000228,0,0,0
120000230,0,0,0
120000231,0,0,0
120000233,302,2,300
120000235,6,22,-16
120000236,1031,23,1008
120000237,0,0,0
120000238,0,0,0
120000241,654,413,241
120000412,0,0,0
120000413,0,0,0
120000414,0,0,0
120000415,0,0,0
120000416,0,0,0
120000417,0,0,0
120000418,0,0,0
120000419,0,0,0
120000420,23,1,22
120000421,550,411,139
120000422,0,0,0
120000423,0,0,0
120000424,0,0,0
120000436,197,61,136
120000437,0,0,0
120000438,0,0,0
120000439,364,212,152
120000443,1,0,1
120000444,540,150,390
120000445,366,310,56
120000446,301,31,270
120000447,593,0,593
120000449,0,0,0
120000450,0,0,0
120000451,57,48,9
120000452,16,0,16
120000453,0,0,0
120000454,28,0,28
120000455,16,54,-38
120000456,5,175,-170
120000457,56,32,24
120000458,2,0,2
120000459,63,41,22
120000665,1,190,-189
120000668,0,51,-51
120000669,3,10,-7
120000670,2,45,-43
120000671,109,50,59
120000672,0,10,-10
120900001,0,0,0
120900002,0,0,0
120900003,0,0,0
120900004,0,0,0
120900005,0,0,0
120900006,0,0,0
120900007,0,0,0
120900008,0,0,0
120900009,0,0,0
120900010,0,0,0
120900011,0,0,0
120900012,0,0,0
120900013,0,0,0
120900014,0,0,0
120900015,0,0,0
120900016,0,0,0
120900017,0,0,0
120900018,0,0,0
120900019,0,0,0
120900020,0,0,0
120900021,0,0,0
120900022,0,0,0
120900023,0,0,0
120900024,0,0,0
120900025,0,0,0
120900026,0,0,0
120900027,0,0,0
120900028,0,0,0
120900029,0,0,0
120900030,0,0,0
120900031,0,0,0
120900032,0,0,0
120900033,0,0,0
120900034,0,0,0
120900035,0,0,0
120900037,0,0,0
120900038,0,0,0
120900039,0,0,0
120900040,0,0,0
120900041,0,0,0
120900042,0,0,0
120900043,0,0,0
120900044,0,0,0
120900045,0,0,0
120900046,0,0,0
120900047,0,0,0
120900048,0,0,0
120900049,0,0,0
120900050,0,0,0
120900051,0,0,0
120900052,0,0,0
120900053,0,0,0
120900054,0,0,0
120900055,0,0,0
120900056,0,0,0
120900057,0,0,0
120900058,0,0,0
120900059,0,0,0
120900060,0,0,0
120900061,0,0,0
120900062,0,0,0
120900063,0,0,0
120900064,0,0,0
120900065,0,0,0
120900066,0,0,0
120900067,0,0,0
120900068,0,0,0
120900069,0,0,0
120900071,0,0,0
120900072,0,0,0
120900073,0,0,0
120900074,0,0,0
120900076,0,0,0
120900077,0,0,0
120900078,0,0,0
120900079,0,0,0
120900080,0,0,0
120900081,0,0,0
120900082,0,0,0
120900083,0,0,0
120900084,0,0,0
120900085,0,0,0
120900086,0,0,0
120900087,0,0,0
120900088,0,0,0
120900089,0,0,0
120900090,0,0,0
120900091,0,0,0
120900092,0,0,0
120900093,0,0,0
120900094,0,0,0
120900095,0,0,0
120900096,0,0,0
120900097,0,0,0
120900098,0,0,0
120900099,0,0,0
120900100,0,0,0
120900101,0,0,0
120900102,0,0,0
120900103,0,0,0
120900104,0,0,0
120900105,0,0,0
120900106,0,0,0
120900107,0,0,0
120900108,0,0,0
120900109,0,0,0
120900110,0,0,0
120900111,0,0,0
120900112,0,0,0
120900113,0,0,0
120900114,0,0,0
120900115,90,19,71
120900116,0,0,0
120900117,0,0,0
120900118,0,0,0
120900119,0,0,0
120900120,0,0,0
120900121,0,0,0
120900122,0,0,0
120900123,0,0,0
120900124,0,0,0
120900125,0,0,0
120900126,0,0,0
120900127,0,0,0
120900128,0,0,0
120900129,0,0,0
120900130,0,0,0
120900131,0,0,0
120900132,0,0,0
120900133,0,0,0
120900134,0,0,0
120900135,0,0,0
120900136,0,0,0
120900137,0,0,0
120900138,0,0,0
120900139,0,0,0
120900140,0,0,0
120900141,0,0,0
120900142,0,0,0
120900143,0,0,0
120900144,0,0,0
120900145,0,0,0
120900146,0,0,0
120900147,0,0,0
120900148,0,0,0
120900149,0,0,0
120900150,0,0,0
120900151,0,0,0
120900152,0,0,0
120900153,0,0,0
120900154,0,0,0
120900155,0,0,0
120900156,0,0,0
120900157,0,0,0
120900158,0,0,0
120900159,0,0,0
120900160,0,0,0
120900161,0,0,0
120900162,0,0,0
120900163,0,0,0
120900164,0,0,0
120900165,0,0,0
120900166,0,0,0
120900167,0,0,0
120900169,0,0,0
120900170,0,0,0
120900171,0,0,0
120900172,0,0,0
120900173,0,0,0
120900174,0,0,0
120900175,0,0,0
120900176,0,0,0
120900177,0,0,0
120900178,0,0,0
120900179,0,0,0
120900180,0,0,0
120900181,0,0,0
120900182,0,0,0
120900183,0,0,0
120900184,0,0,0
120900185,0,0,0
120900186,0,0,0
120900187,0,0,0
120900188,0,0,0
120900189,0,0,0
120900190,0,0,0
120900191,0,0,0
120900192,0,0,0
120900194,0,0,0
120900195,0,0,0
120900196,0,0,0
120900197,0,0,0
120900198,0,0,0
120900199,0,0,0
120900200,0,0,0
120900201,0,0,0
120900202,0,0,0
120900203,0,0,0
120900204,0,0,0
120900205,0,0,0
120900206,0,0,0
120900207,0,0,0
121000001,0,0,0
121000002,191,127,64
121000003,0,0,0
121000004,201,231,-30
121000005,3,52,-49
121000006,132,335,-203
121000007,12,27,-15
121000008,524,383,141
121000009,27,60,-33
121000010,693,301,392
121000011,324,181,143
121000012,1372,639,733
121000013,332,367,-35
121000014,1962,658,1304
121000015,566,967,-401
121000016,899,615,284
121000017,70,179,-109
121000018,210,243,-33
121000019,204,245,-41
121000020,661,1052,-391
121000021,68,29,39
121000022,100,394,-294
121000023,24,16,8
121000024,748,670,78
121000025,53,57,-4
121000026,34,55,-21
121000027,72,128,-56
121000028,8,65,-57
121000029,112,3,109
121000030,0,0,0
121000031,3,7,-4
121000032,0,0,0
121000034,0,15,-15
121000035,0,0,0
121000036,15,60,-45
121000037,42,48,-6
121000038,48,188,-140
121000039,0,0,0
121000041,0,0,0
121000042,1,38,-37
121000043,29,14,15
121000044,3,65,-62
121000045,3,7,-4
121000046,0,0,0
121000047,0,0,0
121000049,117,43,74
121000050,51,261,-210
121000051,6,46,-40
121000052,21,61,-40
121000053,2,5,-3
121000054,0,0,0
121000055,0,0,0
121000056,286,365,-79
121000057,0,0,0
121000058,0,0,0
121000059,3,24,-21
121000060,40,42,-2
121000061,1,13,-12
121000062,1,30,-29
121000063,8,22,-14
121000064,42,24,18
121000065,18,5,13
121000066,0,0,0
121000067,0,0,0
121000068,29,3,26
121000069,0,5,-5
121000070,73,80,-7
121000071,62,280,-218
121000072,30,32,-2
121000073,22,199,-177
121000074,0,0,0
121000075,0,0,0
121000076,1,0,1
121000077,8,7,1
121000078,0,0,0
121000080,79,69,10
121000081,277,267,10
121000082,24,38,-14
121000083,4,4,0
121000084,0,0,0
121000085,81,34,47
121000086,1,106,-105
121000087,1,105,-104
121000088,0,0,0
121000089,2,194,-192
121000090,0,0,0
121000091,511,85,426
121000092,17,13,4
121000093,4,57,-53
121000094,32,28,4
121000095,1,2,-1
121000096,0,0,0
121000097,0,0,0
121000098,36,31,5
121000099,5,26,-21
121000100,0,0,0
121000101,10,35,-25
121000102,0,0,0
121000103,4,10,-6
121000104,0,0,0
121000105,0,0,0
121000106,1,9,-8
121000107,212,224,-12
121000109,91,256,-165
121000110,0,11,-11
121000114,337,409,-72
121000115,0,0,0
121000116,0,0,0
121000117,0,0,0
121000118,0,0,0
121000119,0,0,0
121000120,2,61,-59
121000121,2,3,-1
121000123,1,2,-1
121000127,0,0,0
121000128,0,0,0
121000129,0,0,0
121000130,7,14,-7
121000131,0,0,0
121000132,25,27,-2
121000135,0,0,0
121000136,75,125,-50
121000137,0,0,0
121000138,13,20,-7
121000139,0,0,0
121000141,0,0,0
121000142,0,0,0
121000143,0,0,0
121000144,0,0,0
121000145,0,0,0
121000146,44,8,36
121000147,24,83,-59
121000148,0,0,0
121000149,274,454,-180
121000152,17,29,-12
121000153,99,6,93
121000154,112,16,96
121000155,117,46,71
121000156,92,30,62
121000157,33,13,20
121000158,47,21,26
121000159,40,32,8
121000160,2,4,-2
121000161,0,0,0
121000162,0,0,0
121000165,102,802,-700
121000166,17,21,-4
121000168,21,68,-47
121000169,1,7,-6
121000170,64,72,-8
121000171,30,51,-21
121000172,41,74,-33
121000173,0,1,-1
121000174,0,1,-1
121000175,15,5,10
121000176,14,9,5
121000177,3,0,3
121000178,0,0,0
121000179,2,11,-9
121000181,31,81,-50
121000182,62,79,-17
121000183,15,47,-32
121000184,1,53,-52
121000185,1,40,-39
121000186,0,10,-10
121000187,0,0,0
121000188,0,0,0
121000192,15,3,12
121000193,0,0,0
121000194,60,182,-122
121000195,0,0,0
121000196,0,0,0
121000197,0,4,-4
121000198,0,0,0
121000199,0,0,0
121000200,0,0,0
121000201,0,0,0
121000202,0,0,0
121000203,0,0,0
121000204,0,0,0
121000205,12,15,-3
121000206,0,0,0
121000207,0,0,0
121000208,0,0,0
121000209,39,3,36
121000210,0,0,0
121000211,0,1,-1
121000212,0,0,0
121000213,73,139,-66
121000214,29,154,-125
121000215,81,61,20
121000216,63,42,21
121000217,590,143,447
121000218,2,29,-27
121000219,157,123,34
121000220,0,0,0
121000221,7,88,-81
121000222,8,75,-67
121000223,0,0,0
121000224,0,0,0
121000225,4,54,-50
121000226,15,174,-159
121000227,0,0,0
121000228,0,0,0
121000229,0,0,0
121000230,0,0,0
121000231,180,4,176
121000232,0,0,0
121000233,177,13,164
121000234,3,22,-19
121000235,1,12,-11
121000236,0,2,-2
121000237,18,0,18
121000238,0,0,0
121000239,1,0,1
121000240,2,13,-11
121000241,35,0,35
121000242,0,14,-14
121000243,21,1,20
121000244,0,0,0
121000245,4,0,4
121000246,0,1,-1
121000247,29,0,29
121000248,21,11,10
121000249,0,0,0
121000250,33,98,-65
121000251,0,0,0
121000252,2,21,-19
121000253,0,0,0
121000254,84,41,43
121000255,0,0,0
121000256,9,30,-21
121000257,0,0,0
121000258,19,25,-6
121000259,0,0,0
121000260,0,0,0
121000261,2,30,-28
121000262,0,0,0
121000263,2,54,-52
121000271,0,0,0
121000273,0,0,0
121000274,2,10,-8
121000275,0,0,0
121000276,1,2,-1
121000278,65,7,58
121000279,0,0,0
121000280,16,25,-9
121000289,9,5,4
121000290,55,53,2
121000294,0,0,0
121000297,70,49,21
121000299,0,0,0
121000300,0,0,0
121000302,4,114,-110
121000303,33,3,30
121000304,175,169,6
121000305,61,108,-47
121000306,62,108,-46
121000308,0,0,0
121000309,0,0,0
121000310,0,0,0
121000311,0,0,0
121000312,85,16,69
121000313,0,0,0
121000314,0,0,0
121000315,0,0,0
121000530,238,180,58
121000531,509,233,276
121000532,1138,340,798
121000533,4110,1266,2844
121000918,0,0,0
121000919,0,0,0
121000938,0,0,0
121000939,23,27,-4
121000956,0,0,0
121000957,0,0,0
121000958,2,1,1
121000959,52,10,42
121000960,25,45,-20
121000961,112,0,112
121000962,0,31,-31
121000973,0,0,0
121000976,0,0,0
121000979,0,0,0
121000981,63,1,62
121000982,0,0,0
121000983,8,3,5
121000984,0,0,0
121000985,0,0,0
121000986,0,0,0
121000987,0,0,0
121000988,248,56,192
121001302,0,0,0
121001308,0,0,0
121001309,0,0,0
121001311,0,0,0
121001313,0,0,0
121001314,0,0,0
121001315,1488,113,1375
121001326,0,0,0
121900001,3,56,-53
121900002,0,0,0
121900003,0,0,0
121900004,0,0,0
121900005,0,0,0
121900006,0,0,0
121900007,0,0,0
121900008,0,0,0
121900009,0,0,0
121900010,0,0,0
121900011,0,0,0
121900012,0,0,0
121900013,0,0,0
121900014,0,0,0
121900015,0,0,0
121900016,0,0,0
121900017,0,0,0
121900018,0,0,0
121900019,0,0,0
121900020,0,0,0
121900021,0,0,0
121900022,0,0,0
121900023,0,0,0
121900024,0,0,0
121900025,0,0,0
121900026,0,0,0
121900027,0,0,0
121900028,0,0,0
121900029,0,0,0
121900030,0,0,0
121900031,0,0,0
121900032,0,0,0
121900033,0,0,0
121900034,0,0,0
121900035,0,0,0
121900036,0,0,0
121900037,0,0,0
121900038,0,0,0
121900039,0,0,0
121900040,0,0,0
121900041,0,0,0
121900042,0,0,0
121900043,0,0,0
121900044,0,0,0
121900046,0,0,0
121900047,0,0,0
121900048,0,0,0
121900050,0,0,0
121900051,0,0,0
121900052,0,0,0
121900053,0,0,0
121900054,0,0,0
121900055,0,0,0
121900058,0,0,0
121900059,0,0,0
121900060,0,0,0
121900061,0,0,0
121900062,0,0,0
121900063,0,0,0
121900064,0,0,0
121900066,0,0,0
121900067,0,0,0
121900069,0,0,0
121900070,0,0,0
121900071,0,0,0
121900072,0,0,0
121900073,0,0,0
121900074,0,0,0
121900075,0,0,0
121900076,0,0,0
121900078,0,0,0
121900079,0,0,0
121900080,0,0,0
121900082,0,0,0
121900084,0,0,0
121900086,0,0,0
121900087,0,0,0
121900088,0,0,0
121900089,0,0,0
121900090,0,0,0
121900091,0,0,0
121900092,0,0,0
121900093,0,0,0
121900094,0,0,0
121900095,0,0,0
121900096,0,0,0
121900097,0,0,0
121900098,0,0,0
121900099,0,0,0
121900100,0,0,0
121900101,0,0,0
121900102,0,0,0
121900103,0,0,0
121900104,0,0,0
121900105,0,0,0
121900106,0,0,0
121900107,0,0,0
121900108,0,0,0
121900109,0,0,0
121900110,0,0,0
121900111,0,0,0
121900112,0,0,0
121900113,0,0,0
121900114,0,0,0
121900117,0,0,0
121900118,0,0,0
121900119,0,0,0
121900120,0,0,0
121900121,0,0,0
121900122,0,0,0
121900123,0,0,0
121900124,0,0,0
121900125,0,0,0
121900127,0,0,0
121900128,0,0,0
121900129,0,0,0
121900130,0,0,0
121900131,0,0,0
121900132,0,0,0
121900133,0,0,0
121900134,0,0,0
121900135,0,0,0
121900136,0,0,0
121900137,0,0,0
121900138,0,0,0
121900139,0,0,0
121900140,0,0,0
121900141,0,0,0
121900142,0,0,0
121900143,0,0,0
121900144,0,0,0
121900145,0,0,0
121900146,0,0,0
121900147,0,0,0
121900148,0,0,0
121900149,0,0,0
121900150,0,0,0
121900151,0,0,0
121900152,0,0,0
121900153,0,0,0
121900154,0,0,0
121900155,0,0,0
121900156,0,0,0
121900157,0,0,0
121900158,0,0,0
121900159,0,0,0
121900160,0,0,0
121900161,0,0,0
121900162,0,0,0
121900163,0,0,0
121900164,0,0,0
121900165,0,0,0
121900166,0,0,0
121900167,0,0,0
121900168,0,0,0
121900169,0,0,0
121900170,0,0,0
121900171,0,0,0
121900172,0,0,0
121900173,0,0,0
121900174,0,0,0
121900175,0,0,0
121900176,0,0,0
121900177,0,0,0
121900178,0,0,0
121900179,0,0,0
121900180,0,0,0
121900182,0,0,0
121900183,0,0,0
121900184,0,0,0
121900186,0,0,0
121900187,0,0,0
121900188,0,0,0
121900189,0,0,0
121900190,0,0,0
121900191,0,0,0
121900192,0,0,0
121900193,0,0,0
121900194,0,0,0
121900195,0,0,0
121900196,0,0,0
121900197,0,0,0
121900198,0,0,0
121900199,0,0,0
121900200,0,0,0
121900201,0,0,0
121900202,0,0,0
121900203,0,0,0
121900204,0,0,0
121900205,0,0,0
121900206,0,0,0
121900207,0,0,0
121900208,0,0,0
121900209,0,0,0
121900210,0,0,0
121900211,0,0,0
121900212,0,0,0
121900213,0,0,0
121900214,0,0,0
121900215,0,0,0
121900216,0,0,0
121900217,0,0,0
121900218,0,0,0
121900220,0,0,0
121900221,0,0,0
121900222,0,0,0
121900223,0,0,0
121900224,0,0,0
121900225,0,0,0
121900226,0,0,0
121900227,0,0,0
121900228,0,0,0
121900230,0,0,0
121900231,0,0,0
121900232,0,0,0
121900233,0,0,0
121900234,0,0,0
121900235,0,0,0
121900236,0,0,0
121900237,0,0,0
121900238,0,0,0
121900239,0,0,0
121900240,0,0,0
121900241,0,0,0
121900242,0,0,0
121900243,0,0,0
121900244,0,0,0
121900245,0,0,0
121900246,0,0,0
121900248,0,0,0
121900250,0,0,0
121900251,0,0,0
121900252,0,0,0
121900253,0,0,0
121900254,0,0,0
121900255,0,0,0
121900258,0,0,0
121900259,0,0,0
121900260,0,0,0
121900261,0,0,0
121900262,0,0,0
121900263,0,0,0
121900264,0,0,0
121900265,0,0,0
121900266,0,0,0
121900267,0,0,0
121900269,0,0,0
121900270,0,0,0
121900271,0,0,0
121900273,0,0,0
121900274,0,0,0
121900277,0,0,0
121900278,0,0,0
121900279,0,0,0
121900280,0,0,0
121900281,0,0,0
121900284,0,0,0
121900286,0,0,0
121900287,0,0,0
121900288,0,0,0
121900290,0,0,0
121900291,0,0,0
121900292,0,0,0
121900293,0,0,0
121900294,0,0,0
121900295,0,0,0
121900296,0,0,0
121900298,0,0,0
121900299,0,0,0
121900300,0,0,0
121900301,0,0,0
121900302,0,0,0
121900303,0,0,0
121900304,0,0,0
121900305,0,0,0
121900306,0,0,0
121900307,0,0,0
121900308,0,0,0
121900309,0,0,0
121900310,0,0,0
121900311,0,0,0
121900312,0,0,0
121900313,0,0,0
121900314,0,0,0
121900315,0,0,0
121900316,0,0,0
121900317,0,0,0
121900318,0,0,0
121900319,0,0,0
121900320,0,0,0
121900321,0,0,0
121900322,0,0,0
121900323,0,0,0
121900324,0,0,0
121900325,0,0,0
121900326,0,0,0
121900327,0,0,0
121900328,0,0,0
121900329,0,0,0
121900330,0,0,0
121900331,0,0,0
121900332,0,0,0
121900333,0,0,0
121900334,0,0,0
122000001,66,127,-61
122000002,98,50,48
122000003,54,109,-55
122000004,93,105,-12
122000005,355,677,-322
122000006,68,212,-144
122000007,74,209,-135
122000008,137,208,-71
122000009,10,53,-43
122000010,553,308,245
122000011,233,178,55
122000012,119,82,37
122000013,5,25,-20
122000014,1,6,-5
122000015,41,55,-14
122000016,7,70,-63
122000017,0,0,0
122000018,0,0,0
122000019,0,3,-3
122000020,0,0,0
122000021,0,0,0
122000022,85,15,70
122000023,11,19,-8
122000024,225,169,56
122000025,64,185,-121
122000026,315,266,49
122000027,0,0,0
122000028,103,33,70
122000029,11,12,-1
122000030,0,0,0
122000031,0,17,-17
122000032,55,43,12
122000033,124,212,-88
122000034,0,0,0
122000035,0,0,0
122000036,0,0,0
122000037,0,23,-23
122000038,20,5,15
122000039,0,0,0
122000040,0,0,0
122000041,0,15,-15
122000042,0,3,-3
122000043,2,1,1
122000044,0,0,0
122000045,124,30,94
122000046,106,22,84
122000047,0,0,0
122000048,307,557,-250
122000049,393,152,241
122000050,51,18,33
122000051,1,16,-15
122000052,1,17,-16
122000053,37,682,-645
122000054,52,142,-90
122000055,394,583,-189
122000056,263,109,154
122000057,51,208,-157
122000058,67,70,-3
122000059,90,51,39
122000060,0,0,0
122000061,0,0,0
122000062,94,23,71
122000063,0,13,-13
122000064,37,126,-89
122000065,190,268,-78
122000066,92,74,18
122000067,172,498,-326
122000068,35,270,-235
122000069,52,68,-16
122000070,272,65,207
122000071,28,71,-43
122000072,0,0,0
122000073,0,0,0
122000074,48,60,-12
122000075,27,77,-50
122000076,104,141,-37
122000077,0,0,0
122000078,448,265,183
122000079,3,56,-53
122000080,0,2,-2
122000081,0,0,0
122000082,145,93,52
122000083,0,0,0
122000084,0,0,0
122000085,2,13,-11
122000086,24,316,-292
122000087,1,31,-30
122000088,0,0,0
122000089,93,270,-177
122000090,0,0,0
122000091,0,0,0
122000092,0,0,0
122000093,188,597,-409
122000094,303,421,-118
122000095,8,83,-75
122000096,19,233,-214
122000098,351,538,-187
122000099,5,47,-42
122000100,6,6,0
122000101,0,4,-4
122000102,0,0,0
122000103,0,0,0
122000104,19,3,16
122000105,10,6,4
122000106,1,19,-18
122000107,7,23,-16
122000108,0,0,0
122000109,8,7,1
122000110,0,0,0
122000111,475,144,331
122000112,61,74,-13
122000113,28,17,11
122000114,387,751,-364
122000115,385,339,46
122000116,17,105,-88
122000117,132,3,129
122000118,51,1,50
122000119,0,0,0
122000120,0,0,0
122000121,38,8,30
122000122,16,16,0
122000123,80,98,-18
122000124,8,76,-68
122000125,12,73,-61
122000126,2,26,-24
122000127,14,52,-38
122000128,2,7,-5
122000129,41,5,36
122000130,119,76,43
122000131,11,13,-2
122000132,0,0,0
122000133,0,0,0
122000134,30,33,-3
122000135,18,27,-9
122000136,37,23,14
122000137,9,22,-13
122000139,2,79,-77
122000140,0,0,0
122000141,22,2,20
122000142,0,0,0
122000143,0,0,0
122000144,22,32,-10
122000145,0,0,0
122000146,37,63,-26
122000147,10,83,-73
122000148,231,171,60
122000149,155,25,130
122000150,126,36,90
122000151,0,0,0
122000152,0,0,0
122000153,92,74,18
122000154,100,29,71
122000155,157,109,48
122000156,335,396,-61
122000157,192,281,-89
122000158,0,0,0
122000159,58,8,50
122000160,168,65,103
122000161,93,19,74
122000162,77,51,26
122000163,0,0,0
122000164,0,0,0
122000165,0,0,0
122000166,55,29,26
122000167,0,0,0
122000168,0,0,0
122000169,0,0,0
122000170,0,0,0
122000171,0,0,0
122000172,0,0,0
122000173,0,0,0
122000174,344,405,-61
122000175,0,0,0
122000176,0,0,0
122000177,315,449,-134
122000178,456,96,360
122000179,0,0,0
122000180,225,314,-89
122000181,494,441,53
122000182,83,23,60
122000183,22,4,18
122000184,383,453,-70
122000185,136,168,-32
122000186,0,0,0
122000187,130,49,81
122000188,0,0,0
122000189,46,18,28
122000190,186,67,119
122000191,23,4,19
122000192,0,0,0
122000193,0,0,0
122000194,0,0,0
122000195,0,0,0
122000196,0,0,0
122000197,5,13,-8
122000198,0,0,0
122000199,17,60,-43
122000200,33,48,-15
122000201,274,222,52
122000202,156,243,-87
122000203,0,0,0
122000204,0,0,0
122000205,0,0,0
122000206,160,51,109
122000207,120,69,51
122000208,102,41,61
122000209,222,48,174
122000210,21,8,13
122000211,0,20,-20
122000212,44,57,-13
122000213,63,102,-39
122000214,165,178,-13
122000215,102,131,-29
122000217,1,7,-6
122000218,71,30,41
122000219,39,60,-21
122000220,14,43,-29
122000221,0,0,0
122000222,24,0,24
122000223,44,32,12
122000225,83,26,57
122000226,5,20,-15
122000227,0,7,-7
122000228,0,1,-1
122000229,0,0,0
122000230,0,15,-15
122000231,0,33,-33
122000232,0,3,-3
122000233,0,0,0
122000234,1,3,-2
122000235,30,3,27
122000236,6,1,5
122000237,0,0,0
122000238,6,15,-9
122000239,15,2,13
122000240,40,2,38
122000241,31,49,-18
122000242,0,0,0
122000243,0,0,0
122000244,0,0,0
122000245,5,0,5
122000246,32,85,-53
122000247,15,1,14
122000248,16,20,-4
122000249,153,136,17
122000250,228,97,131
122000251,0,0,0
122000252,14,1,13
122000253,0,0,0
122000254,16,0,16
122000255,0,0,0
122000256,14,47,-33
122000257,7,23,-16
122000258,13,38,-25
122000259,0,0,0
122000260,0,0,0
122000261,0,0,0
122000262,0,0,0
122000263,0,0,0
122000264,168,45,123
122000265,209,31,178
122000266,209,2,207
122000267,0,0,0
122000268,0,0,0
122000269,0,0,0
122000270,0,0,0
122000271,0,0,0
122000272,0,0,0
122000273,0,0,0
122000274,0,0,0
122000275,0,0,0
122000276,45,101,-56
122000277,170,112,58
122000278,154,70,84
122000279,1,15,-14
122000280,5,6,-1
122000281,5,4,1
122000282,24,5,19
122000283,0,0,0
122000284,0,0,0
122000285,0,0,0
122000286,0,0,0
122000287,575,112,463
122000288,73,10,63
122000291,877,68,809
122000293,0,0,0
122000294,122,7,115
122000295,140,0,140
122000296,25,95,-70
122000297,724,381,343
122000299,100,19,81
122000300,3,25,-22
122000301,51,48,3
122000302,0,0,0
122000303,39,102,-63
122000304,0,0,0
122000305,371,91,280
122000306,22,32,-10
122000307,0,0,0
122000309,0,0,0
122000310,0,0,0
122000311,0,0,0
122000312,4,79,-75
122000313,2,83,-81
122000314,39,47,-8
122000315,0,0,0
122000316,9,24,-15
122000317,56,4,52
122000318,18,54,-36
122000319,10,2,8
122000320,0,0,0
122000321,0,0,0
122000322,67,68,-1
122000323,72,81,-9
122000324,0,0,0
122000325,82,183,-101
122000326,0,0,0
122000327,0,13,-13
122000328,0,0,0
122000330,65,182,-117
122000332,0,0,0
122000333,0,0,0
122000337,23,31,-8
122000338,0,2,-2
122000340,0,1,-1
122000342,18,40,-22
122000343,13,6,7
122000344,30,0,30
122000345,0,7,-7
122000346,0,0,0
122000348,31,25,6
122000349,0,0,0
122000351,4,0,4
122000352,0,0,0
122000353,0,0,0
122000355,0,0,0
122000356,13,12,1
122000357,1,8,-7
122000358,0,0,0
122000359,0,0,0
122000360,0,0,0
122000362,0,0,0
122000364,0,0,0
122000365,0,1,-1
122000366,0,0,0
122000368,0,0,0
122000370,0,0,0
122000371,0,0,0
122000372,0,0,0
122000381,0,0,0
122000382,0,0,0
122000384,0,0,0
122000385,0,0,0
122000386,1,143,-142
122000387,0,0,0
122000388,30,49,-19
122000389,0,0,0
122000390,8,61,-53
122000391,0,0,0
122000392,0,0,0
122000393,0,0,0
122000394,0,0,0
122000395,0,0,0
122000396,0,0,0
122000397,0,0,0
122000398,23,22,1
122000399,0,0,0
122000400,4,53,-49
122000401,0,0,0
122000402,52,13,39
122000403,0,0,0
122000404,132,10,122
122000408,283,322,-39
122000503,0,0,0
122000524,0,0,0
122000544,0,0,0
122000614,5,4,1
122000616,0,0,0
122000640,0,0,0
122000641,0,0,0
122000642,0,0,0
122000643,26,12,14
122000644,0,0,0
122000645,0,0,0
122000651,8,6,2
122000664,18,19,-1
122000665,0,0,0
122000666,59,92,-33
122000673,0,0,0
122000674,32,24,8
122000675,32,16,16
122000686,91,19,72
122000687,66,12,54
122000688,52,19,33
122000689,118,18,100
122000690,349,2,347
122000691,380,82,298
122000692,38,3,35
122000693,13,12,1
122000695,0,0,0
122000696,65,6,59
122000698,0,0,0
122000699,21,3,18
122000701,118,25,93
122000702,63,49,14
122000703,23,8,15
122000717,0,0,0
122000718,92,164,-72
122000719,0,12,-12
122000720,71,23,48
122000724,0,0,0
122900001,0,0,0
122900002,0,0,0
122900003,0,0,0
122900004,0,0,0
122900005,0,0,0
122900006,0,0,0
122900007,0,0,0
122900008,0,0,0
122900009,0,0,0
122900010,0,0,0
122900012,0,0,0
122900014,0,0,0
122900015,0,0,0
122900016,0,0,0
122900017,0,0,0
122900018,0,0,0
122900019,0,0,0
122900020,0,0,0
122900021,0,0,0
122900022,0,0,0
122900023,0,0,0
122900024,0,0,0
122900025,0,0,0
122900026,0,0,0
122900027,0,0,0
122900028,0,0,0
122900029,0,0,0
122900030,0,0,0
122900031,0,0,0
122900032,0,0,0
122900033,0,0,0
122900034,0,0,0
122900035,0,0,0
122900036,0,0,0
122900037,0,0,0
122900038,0,0,0
122900039,0,0,0
122900040,0,0,0
122900041,0,0,0
122900042,0,0,0
122900043,0,0,0
122900044,0,0,0
122900045,0,0,0
122900046,0,0,0
122900047,0,0,0
122900048,0,0,0
122900049,0,0,0
122900051,0,0,0
122900052,0,0,0
122900053,1,1,0
122900055,0,0,0
122900057,0,0,0
122900061,0,0,0
122900062,0,0,0
122900063,0,0,0
122900064,0,0,0
122900065,0,0,0
122900066,0,0,0
122900067,0,0,0
122900069,0,0,0
122900070,0,0,0
122900071,0,0,0
122900073,0,0,0
122900074,0,0,0
122900076,0,0,0
122900077,0,0,0
122900078,0,0,0
122900080,0,0,0
122900081,0,0,0
122900082,0,0,0
122900083,0,0,0
122900084,0,0,0
122900086,0,0,0
122900087,0,0,0
122900088,0,0,0
122900089,0,0,0
122900090,0,0,0
122900091,0,0,0
122900092,0,0,0
122900093,0,0,0
122900094,0,0,0
122900095,0,0,0
122900096,0,0,0
122900097,0,0,0
122900098,0,0,0
122900099,0,0,0
122900100,0,0,0
122900101,0,0,0
122900102,0,0,0
122900103,0,0,0
122900104,0,0,0
122900105,0,0,0
122900106,0,0,0
122900107,0,0,0
122900108,0,0,0
122900109,0,0,0
123000001,115,47,68
123000002,170,1155,-985
123000003,836,345,491
123000004,86,362,-276
123000005,926,316,610
123000006,230,332,-102
123000007,824,387,437
123000008,85,119,-34
123000009,2196,1602,594
123000010,113,218,-105
123000011,740,836,-96
123000012,78,194,-116
123000013,953,303,650
123000014,17,161,-144
123000015,1318,349,969
123000016,31,167,-136
123000017,818,284,534
123000018,117,4,113
123000019,155,0,155
123000020,59,0,59
123000021,145,0,145
123000022,355,27,328
123000023,159,57,102
123000024,99,59,40
123000025,3,1,2
123000026,0,0,0
123000027,0,0,0
123000028,1,176,-175
123000029,0,0,0
123000030,0,0,0
123000031,27,2,25
123000032,31,17,14
123000033,1,20,-19
123000034,111,23,88
123000035,32,121,-89
123000036,13,405,-392
123000037,0,0,0
123000038,0,0,0
123000039,0,0,0
123000040,0,0,0
123000041,8,475,-467
123000042,0,0,0
123000043,184,193,-9
123000044,52,54,-2
123000045,0,0,0
123000046,0,0,0
123000047,0,0,0
123000048,3,144,-141
123000049,3053,1081,1972
123000050,178,141,37
123000051,0,0,0
123000052,147,261,-114
123000053,823,405,418
123000054,166,407,-241
123000055,586,730,-144
123000056,7,63,-56
123000057,70,121,-51
123000058,0,0,0
123000059,0,6,-6
123000060,0,0,0
123000061,1,5,-4
123000063,43,16,27
123000064,2,0,2
123000065,6,18,-12
123000066,1,10,-9
123000067,4,6,-2
123000068,32,115,-83
123000069,74,100,-26
123000070,0,0,0
123000071,78,29,49
123000072,0,0,0
123000073,151,41,110
123000074,0,0,0
123000075,17,159,-142
123000076,0,0,0
123000077,0,0,0
123000078,333,108,225
123000079,484,229,255
123000080,0,0,0
123000081,0,0,0
123000082,0,0,0
123000083,20,2,18
123000084,0,0,0
123000085,0,0,0
123000086,0,0,0
123000087,0,0,0
123000088,0,0,0
123000089,219,124,95
123000090,0,0,0
123000091,219,78,141
123000092,0,0,0
123000094,1,5,-4
123000095,25,30,-5
123000096,45,12,33
123000097,0,0,0
123000098,83,12,71
123000099,0,0,0
123000100,0,0,0
123000101,62,14,48
123000102,84,81,3
123000104,0,0,0
123000105,0,0,0
123000106,0,0,0
123000107,0,0,0
123000108,0,0,0
123000111,9,10,-1
123000112,14,4,10
123000113,0,0,0
123000114,2,8,-6
123000115,7,8,-1
123000116,0,0,0
123000117,3,20,-17
123000118,4,9,-5
123000119,6,4,2
123000120,1,19,-18
123000121,0,0,0
123000122,0,0,0
123000123,0,0,0
123000124,0,0,0
123000125,52,112,-60
123000126,272,269,3
123000127,0,0,0
123000128,0,0,0
123000129,278,23,255
123000130,85,7,78
123000131,102,9,93
123000132,0,0,0
123000133,0,0,0
123000134,0,0,0
123000135,50,37,13
123000136,0,0,0
123000137,0,0,0
123000138,0,0,0
123000139,81,4,77
123000140,0,0,0
123000141,49,12,37
123000142,0,0,0
123000143,0,0,0
123000144,0,0,0
123000145,0,0,0
123000146,0,0,0
123000147,0,0,0
123000149,14,65,-51
123000150,25,13,12
123000151,35,29,6
123000152,0,0,0
123000153,6,35,-29
123000154,40,83,-43
123000155,12,15,-3
123000156,0,0,0
123000157,35,16,19
123000158,56,34,22
123000159,95,176,-81
123000160,35,83,-48
123000161,125,34,91
123000162,178,142,36
123000163,85,6,79
123000164,293,9,284
123000165,0,0,0
123000166,0,0,0
123000167,10,6,4
123000168,41,0,41
123000169,158,25,133
123000170,0,0,0
123000171,246,0,246
123000172,0,0,0
123000173,82,34,48
123000174,103,24,79
123000175,0,0,0
123000176,92,5,87
123000177,0,0,0
123000178,173,19,154
123000179,0,0,0
123000180,558,70,488
123000181,0,0,0
123000182,0,0,0
123000183,62,43,19
123000184,0,0,0
123000185,274,25,249
123000186,0,0,0
123000187,407,3,404
123000188,351,1,350
123000189,223,0,223
123000190,45,3,42
123000192,0,0,0
123000193,0,0,0
123000194,0,0,0
123000195,326,3,323
123000196,379,4,375
123000197,75,0,75
123000198,0,0,0
123000199,0,0,0
123000200,324,23,301
123000201,369,22,347
123000202,0,0,0
123000203,493,18,475
123000204,0,0,0
123000205,0,0,0
123000206,692,26,666
123000207,0,0,0
123000208,120,4,116
123000209,290,26,264
123000210,0,0,0
123000211,0,0,0
123000212,617,27,590
123000213,255,3,252
123000215,136,121,15
123000216,20,123,-103
123000217,35,3,32
123000218,0,0,0
123000219,67,7,60
123000220,190,4,186
123000221,3,13,-10
123000222,3,14,-11
123000223,43,22,21
123000224,64,50,14
123000225,22,3,19
123000226,63,1,62
123000227,1,3,-2
123000228,44,3,41
123000229,0,0,0
123000232,0,0,0
123000233,267,22,245
123000234,0,0,0
123000235,165,30,135
123000236,0,1,-1
123000237,52,22,30
123000238,0,0,0
123000239,0,0,0
123000240,0,0,0
123000241,27,17,10
123000242,0,0,0
123000243,4,60,-56
123000244,25,49,-24
123000245,0,0,0
123000249,0,0,0
123000252,191,127,64
123000253,414,154,260
123000254,1,11,-10
123000255,65,126,-61
123000256,0,0,0
123000257,0,0,0
123000258,0,0,0
123000259,29,6,23
123000260,4,25,-21
123000261,0,0,0
123000262,0,0,0
123000263,94,7,87
123000264,22,0,22
123000265,0,0,0
123000266,34,10,24
123000267,32,201,-169
123000268,0,0,0
123000269,3,30,-27
123000270,5,2,3
123000271,0,0,0
123000272,240,68,172
123000273,114,521,-407
123000274,177,142,35
123000275,0,0,0
123000278,0,17,-17
123000279,1,25,-24
123000280,10,8,2
123000281,81,8,73
123000282,0,0,0
123000283,0,2,-2
123000284,0,0,0
123000286,0,1,-1
123000287,34,55,-21
123000288,192,112,80
123000289,101,82,19
123000291,0,0,0
123000294,0,0,0
123000295,381,198,183
123000296,111,203,-92
123000297,0,0,0
123000298,5,27,-22
123000299,9,58,-49
123000300,106,35,71
123000301,0,0,0
123000302,107,17,90
123000303,11,124,-113
123000305,0,0,0
123000306,0,0,0
123000309,0,0,0
123000310,32,0,32
123000311,0,0,0
123000312,0,0,0
123000313,149,11,138
123000315,109,22,87
123000316,659,10,649
123000317,0,0,0
123000318,0,0,0
123000329,0,0,0
123000337,73,1,72
123000338,1,8,-7
123000339,0,0,0
123000340,1,33,-32
123000342,0,0,0
123000343,5,0,5
123000344,10,1,9
123000345,0,0,0
123000346,100,25,75
123000352,0,0,0
123000353,0,0,0
123000354,332,0,332
123000355,0,0,0
123000356,72,1,71
123000357,0,0,0
123000359,0,0,0
123000360,196,25,171
123000361,0,0,0
123000362,130,11,119
123000363,51,0,51
123000364,9,8,1
123000365,0,0,0
123000366,4,81,-77
123000367,0,18,-18
123000370,0,0,0
123000371,128,4,124
123000372,103,2,101
123000373,0,0,0
123000374,0,0,0
123000375,151,4,147
123000376,83,51,32
123000377,109,3,106
123000378,0,0,0
123000379,0,0,0
123000380,0,0,0
123000381,37,24,13
123000382,108,14,94
123000383,0,0,0
123000384,40,3,37
123000385,0,0,0
123000436,5,420,-415
123000507,3,51,-48
123000508,319,803,-484
123000517,0,0,0
123000518,0,0,0
123000519,0,0,0
123000520,0,0,0
123000521,0,0,0
123000522,0,0,0
123000541,5,0,5
123000542,0,0,0
123000565,67,3,64
123000566,2,0,2
123000567,12,0,12
123000573,0,0,0
123000574,59,7,52
123000575,169,36,133
123000576,65,2,63
123000577,0,0,0
123000578,36,17,19
123000579,572,239,333
123000580,6,6,0
123000582,42,0,42
123000583,0,0,0
123000584,56,47,9
123000585,0,0,0
123000586,10,0,10
123000596,0,0,0
123000597,4,3,1
123000602,0,0,0
123000603,196,9,187
123000604,18,15,3
123000605,974,8,966
123000606,0,0,0
123000609,0,0,0
123000610,47,60,-13
123000613,0,0,0
123000614,29,19,10
123000615,0,0,0
123000616,50,19,31
123000617,0,0,0
123000618,0,0,0
123000619,18,32,-14
123000620,0,0,0
123000622,39,22,17
123000624,61,38,23
123000630,432,49,383
123000631,59,51,8
123000632,0,0,0
123000633,2,637,-635
123000634,2,8,-6
123000635,0,0,0
123000636,0,0,0
123000637,5,0,5
123000638,9,2,7
123000639,276,237,39
123000640,0,0,0
123000648,5,4,1
123000649,0,0,0
123900001,0,0,0
123900002,0,0,0
123900003,0,0,0
123900005,0,0,0
123900006,0,0,0
124000001,437,140,297
124000002,2,233,-231
124000003,260,13,247
124000004,0,50,-50
124000005,257,23,234
124000006,2,36,-34
124000007,120,12,108
124000008,0,0,0
124000009,203,50,153
124000010,0,0,0
124000011,232,121,111
124000012,0,0,0
124000017,231,82,149
124000018,0,0,0
124000019,181,21,160
124000020,0,0,0
124000021,198,18,180
124000022,0,0,0
124000023,585,78,507
124000024,0,0,0
124000025,420,44,376
124000026,0,0,0
124000027,1511,257,1254
124000028,43,269,-226
124000030,0,0,0
124000031,446,127,319
124000032,1,58,-57
124000033,285,16,269
124000034,0,61,-61
124000035,74,5,69
124000036,0,39,-39
124000037,41,50,-9
124000038,2,14,-12
124000039,50,4,46
124000040,16,120,-104
124000041,141,4,137
124000042,0,13,-13
124000043,27,4,23
124000044,1,19,-18
124000045,170,37,133
124000046,0,0,0
124000047,235,23,212
124000048,0,0,0
124000049,275,26,249
124000050,0,0,0
124000051,159,17,142
124000052,0,0,0
124000053,187,71,116
124000054,0,0,0
124000055,470,84,386
124000056,0,0,0
124000057,203,50,153
124000058,0,0,0
124000059,95,94,1
124000060,0,0,0
124000061,61,165,-104
124000062,0,0,0
124000063,0,0,0
124000064,0,0,0
124000065,0,0,0
124000066,48,29,19
124000067,51,30,21
124000068,0,0,0
124000069,160,17,143
124000070,0,0,0
124000071,65,26,39
124000072,0,0,0
124000073,268,10,258
124000074,0,0,0
124000075,78,24,54
124000076,0,0,0
124000077,0,0,0
124000078,139,221,-82
124000079,0,0,0
124000080,177,81,96
124000081,0,0,0
124000082,4,54,-50
124000083,0,0,0
124000084,26,81,-55
124000085,0,0,0
124000086,0,0,0
124000087,0,0,0
124000088,8,8,0
124000089,136,2,134
124000090,0,0,0
124000091,73,32,41
124000092,0,0,0
124000093,1,30,-29
124000094,0,0,0
124000095,57,0,57
124000096,0,0,0
124000097,71,19,52
124000098,0,0,0
124000099,30,0,30
124000100,0,0,0
124000101,19,17,2
124000102,0,0,0
124000103,20,15,5
124000104,0,0,0
124000105,39,7,32
124000106,0,0,0
124000107,2,32,-30
124000108,0,0,0
124000109,49,18,31
124000110,0,0,0
124000111,146,15,131
124000112,0,0,0
124000113,9,12,-3
124000114,0,0,0
124000115,0,0,0
124000116,32,62,-30
124000117,0,0,0
124000118,9,39,-30
124000119,0,0,0
124000120,56,22,34
124000121,156,87,69
124000122,32,4,28
124000123,275,43,232
124000124,10,26,-16
124000125,106,12,94
124000126,5,18,-13
124000127,225,8,217
124000128,15,35,-20
124000129,145,98,47
124000130,9,13,-4
124000131,102,95,7
124000132,59,28,31
124000133,382,60,322
124000134,0,0,0
124000135,345,93,252
124000136,0,0,0
124000137,112,34,78
124000138,0,0,0
124000139,43,8,35
124000140,0,0,0
124000141,6,1,5
124000142,0,0,0
124000143,4,0,4
124000144,0,0,0
124000145,48,0,48
124000146,0,0,0
124000148,0,4,-4
124000149,66,31,35
124000150,0,0,0
124000151,45,34,11
124000152,0,0,0
124000153,125,42,83
124000154,0,0,0
124000155,198,35,163
124000156,0,0,0
124000169,10,32,-22
124000170,0,0,0
124000171,27,20,7
124000172,0,0,0
124000173,10,19,-9
124000174,0,0,0
124000175,0,0,0
124000176,103,78,25
124000177,0,0,0
124000178,64,24,40
124000185,0,0,0
124000186,0,0,0
124000187,0,0,0
124000188,0,0,0
124000190,2,73,-71
124000191,0,0,0
124000192,135,151,-16
124000193,0,0,0
124000194,4,36,-32
124000195,162,27,135
124000196,0,0,0
124000197,0,0,0
124000198,0,21,-21
124000201,0,0,0
124000202,177,0,177
124000203,0,0,0
124000204,229,3,226
124000205,22,0,22
124000206,399,0,399
124000207,0,0,0
124000209,94,8,86
124000210,77,31,46
124000211,336,0,336
124000212,0,0,0
124000213,0,0,0
124000214,227,2,225
124000215,34,9,25
124000216,0,0,0
124000329,0,0,0
124000338,0,0,0
124000339,163,0,163
124000341,157,1,156
124000344,23,1,22
124000357,496,193,303
124000358,761,294,467
124000359,371,80,291
124000360,165,100,65
124000361,658,87,571
124000362,0,0,0
124000363,0,0,0
124000364,0,0,0
124000365,10,149,-139
124000366,6,53,-47
124000367,0,0,0
124000368,29,52,-23
124000369,9,58,-49
124000370,0,0,0
124000402,1,1,0
124000403,23,5,18
124000404,0,0,0
124000405,357,64,293
124000406,2,19,-17
124000407,0,0,0
124000411,0,0,0
124000412,57,0,57
124000413,1,13,-12
124000414,32,2,30
124000415,0,0,0
124000416,0,0,0
124000417,34,1,33
124000418,9,7,2
124000419,0,0,0
124000420,63,11,52
124000421,0,0,0
124000422,0,0,0
124000423,0,0,0
124000424,0,0,0
124000425,25,0,25
124000426,0,0,0
124000427,1,0,1
124000428,0,0,0
124000429,20,0,20
124000430,0,0,0
124000431,0,0,0
124000432,0,1,-1
124000439,0,0,0
124000443,0,0,0
124000445,5,193,-188
124000446,0,0,0
124000447,1,22,-21
124000448,0,0,0
124000449,19,0,19
124000450,0,0,0
124000451,0,0,0
124900001,0,0,0
124900002,0,0,0
124900003,0,0,0
124900004,0,0,0
124900005,0,0,0
124900006,0,0,0
124900008,0,0,0
124900009,0,0,0
124900010,0,0,0
124900011,0,0,0
124900012,0,0,0
124900013,0,0,0
124900014,0,0,0
124900015,0,0,0
124900016,0,0,0
124900017,0,0,0
124900018,0,0,0
124900020,0,0,0
124900021,0,0,0
124900022,0,0,0
124900024,0,0,0
124900026,0,0,0
124900027,0,0,0
124900028,0,0,0
124900029,0,0,0
124900030,0,0,0
124900031,0,0,0
124900032,0,0,0
124900033,0,0,0
124900034,0,0,0
124900035,0,0,0
124900036,0,0,0
124900037,0,0,0
124900038,0,0,0
124900039,0,0,0
124900040,0,0,0
124900041,0,0,0
124900042,0,0,0
124900043,0,0,0
124900044,0,0,0
124900045,0,0,0
124900047,0,0,0
124900048,0,0,0
124900050,0,0,0
124900052,0,0,0
124900053,0,0,0
124900054,0,0,0
124900055,0,0,0
124900057,0,0,0
124900060,0,0,0
124900061,0,0,0
124900062,0,0,0
124900066,0,0,0
124900067,0,0,0
124900068,0,0,0
124900070,0,0,0
124900072,0,0,0
124900075,0,0,0
124900076,0,0,0
124900077,0,0,0
124900078,0,0,0
124900079,0,0,0
124900080,0,0,0
124900081,0,0,0
124900082,0,0,0
124900083,0,0,0
124900085,0,0,0
124900086,0,0,0
124900087,0,0,0
124900088,0,0,0
124900089,0,0,0
124900090,0,0,0
124900091,0,0,0
124900092,0,0,0
124900093,0,0,0
124900094,0,0,0
124900095,0,0,0
124900096,0,0,0
124900097,0,0,0
124900098,0,0,0
124900099,0,0,0
124900100,0,0,0
124900101,0,0,0
124900102,0,0,0
124900103,0,0,0
124900104,0,0,0
124900105,0,0,0
124900106,0,0,0
124900107,0,0,0
124900108,0,0,0
124900111,0,0,0
124900112,0,0,0
124900113,0,0,0
124900114,0,0,0
124900115,0,0,0
124900116,0,0,0
124900117,0,0,0
124900118,0,0,0
124900119,0,0,0
124900120,0,0,0
124900121,0,0,0
124900122,0,0,0
124900123,0,0,0
124900124,0,0,0
204000001,62,2,60
204000002,3,0,3
204000003,2,23,-21
204000004,1,0,1
204000005,520,278,242
204000006,1891,1145,746
204000011,0,0,0
204000012,0,0,0
204000019,537,262,275
204000020,135,70,65
204000021,165,71,94
204000022,680,132,548
204000023,0,0,0
204000031,7,47,-40
204000032,300,17,283
204000034,0,0,0
204000035,0,0,0
204000036,0,0,0
204000037,0,0,0
204000038,0,0,0
204000039,0,0,0
204000040,0,0,0
204000041,0,0,0
204000042,3,26,-23
204000043,13,2,11
204000044,9,0,9
204000045,2,1,1
204000046,3,2,1
204000057,0,0,0
204000062,0,0,0
204000068,0,0,0
204000069,0,0,0
204000070,346,311,35
204000080,0,0,0
204000085,0,0,0
204000086,0,0,0
204000087,0,0,0
204000088,0,0,0
204000090,0,0,0
204000093,342,5,337
204000096,551,260,291
204000097,104,8,96
204000099,777,528,249
204000100,712,431,281
204000105,0,0,0
204000110,0,0,0
204000111,0,0,0
204000112,0,0,0
204000113,0,0,0
204000114,131,177,-46
204000115,66,54,12
204000116,94,65,29
204000119,1147,544,603
204000132,697,38,659
204000133,704,85,619
204000134,102,45,57
204000135,518,29,489
204000136,384,263,121
204000138,460,109,351
204000140,252,176,76
204000141,292,60,232
204000144,0,10,-10
204000145,62,2,60
204000146,0,0,0
204000147,0,0,0
204000148,206,4,202
204000154,0,0,0
204000155,0,0,0
204000177,103,19,84
204000179,0,0,0
204000180,0,0,0
204000222,0,0,0
204000235,0,0,0
204000236,12,15,-3
204000238,10,11,-1
204000240,26,1,25
204000263,0,0,0
204000268,667,174,493
204000308,36,6,30
204000317,0,0,0
204000322,0,0,0
204000323,7,3,4
204000328,207,42,165
204000329,0,0,0
204000330,123,12,111
204000331,0,0,0
205000001,0,0,0
205000013,0,0,0
205000014,0,0,0
205000015,0,0,0
205000016,0,0,0
205000017,0,0,0
205000022,0,0,0
205000025,0,0,0
205000029,44,2,42
205000045,0,0,0
205000046,0,0,0
205000047,0,0,0
205000048,0,0,0
205000049,0,0,0
205000050,0,0,0
205000059,0,0,0
205000060,2,0,2
205000061,0,0,0
205000062,0,0,0
205000063,0,0,0
205000064,0,0,0
205000065,0,0,0
205000066,0,0,0
205000067,0,0,0
205000069,0,0,0
205000082,175,75,100
205000110,0,0,0
205000111,0,0,0
205000112,130,68,62
205000113,0,0,0
205000121,162,75,87
205000123,0,0,0
205000126,796,68,728
205000127,896,95,801
205000128,460,14,446
205000129,530,16,514
205000130,142,5,137
205000131,6,3,3
205000132,41,13,28
205000133,15,0,15
205000134,225,0,225
205000137,0,0,0
205000138,0,0,0
205000139,0,0,0
205000144,88,47,41
205000145,108,37,71
205000151,41,51,-10
205000152,102,13,89
205000153,192,29,163
205000154,74,85,-11
205000155,74,9,65
205000207,0,0,0
205000233,15,1,14
205000234,0,0,0
205000243,0,0,0
205000244,0,0,0
205000245,0,0,0
205000249,0,0,0
205000250,8,1,7
205000264,0,0,0
206000027,19,10,9
206000028,1,0,1
206000043,0,0,0
206000053,0,0,0
206000054,0,0,0
206000055,0,0,0
206000075,0,0,0
206000076,0,0,0
206000077,0,0,0
206000078,0,0,0
206000079,0,0,0
206000082,220,2,218
206000100,0,0,0
206000103,0,0,0
206000104,0,0,0
206000105,0,0,0
206000106,0,0,0
206000125,150,0,150
206000157,0,0,0
206000170,0,0,0
206000171,0,0,0
206000172,0,0,0
206000173,0,0,0
206000174,0,0,0
206000175,0,0,0
206000176,0,0,0
206000177,0,0,0
206000178,0,0,0
206000179,0,0,0
206000180,0,0,0
206000181,0,0,0
206000182,0,0,0
206000183,0,0,0
206000184,0,0,0
206000185,0,0,0
206000186,0,0,0
206000223,0,0,0
206000226,4,0,4
206000227,7,2,5
206000237,0,0,0
206000238,0,0,0
206000239,0,0,0
206000240,0,0,0
206000241,0,0,0
206000242,0,0,0
206000243,0,0,0
206000244,0,0,0
206000245,134,7,127
206000246,51,0,51
206000247,38,0,38
206000248,31,2,29
206000252,0,0,0
206000258,0,0,0
206000315,0,0,0
206000317,89,3,86
206000318,50,3,47
206000319,137,27,110
206000320,88,20,68
206000321,27,5,22
206000322,41,0,41
206000323,32,1,31
206000324,46,2,44
206000325,25,1,24
206000326,20,21,-1
206000327,8,2,6
206000328,111,9,102
206000329,57,5,52
206000330,11,2,9
206000331,85,0,85
206000332,5,1,4
206000333,232,0,232
206000334,71,0,71
206000335,0,0,0
206000361,0,0,0
206000392,0,0,0
206000405,116,1,115
206000441,82,47,35
206000498,18,0,18
206000515,0,0,0
206000530,20,2,18
206000531,10,26,-16
206000532,70,18,52
206000535,0,0,0
206000536,0,0,0
206000537,0,0,0
206000613,99,6,93
206000784,304,43,261
207000001,0,0,0
207000002,0,0,0
207000003,0,0,0
207000007,341,78,263
207000008,0,0,0
207000009,0,0,0
207000010,1,3,-2
207000012,85,82,3
207000015,0,9,-9
207000019,217,18,199
207000021,337,63,274
207000022,126,35,91
207000023,256,10,246
207000024,2,18,-16
207000025,4,15,-11
207000026,0,0,0
207000027,0,0,0
207000028,0,0,0
207000029,0,0,0
207000033,259,263,-4
207000034,67,33,34
207000039,128,16,112
207000040,271,6,265
207000041,7,4,3
207000042,172,44,128
207000043,181,74,107
207000051,0,0,0
207000052,0,0,0
207000053,0,0,0
207000054,0,0,0
207000055,0,0,0
207000056,0,0,0
207000057,0,0,0
207000058,0,0,0
207000059,0,0,0
207000060,0,0,0
207000061,33,393,-360
207000062,183,137,46
207000063,116,201,-85
207000064,330,108,222
207000065,306,43,263
207000066,344,99,245
207000067,90,25,65
207000068,135,14,121
207000069,564,62,502
207000082,0,3,-3
207000083,3,0,3
207000084,88,50,38
207000085,0,0,0
207000086,0,0,0
207000106,7,6,1
207000107,87,4,83
207000108,58,3,55
207000109,39,0,39
207000110,52,16,36
207000111,205,10,195
207000112,74,29,45
207000114,0,0,0
207000115,0,0,0
207000116,0,0,0
207000117,0,0,0
207000118,0,0,0
207000119,0,0,0
207000123,84,6,78
207000124,98,3,95
207000125,34,1,33
207000126,46,30,16
207000134,0,1,-1
207000135,0,2,-2
207000148,215,67,148
207000149,0,0,0
207000152,0,0,0
207000153,0,0,0
207000154,268,21,247
207000159,0,0,0
207000160,0,0,0
207000238,0,0,0
207000242,0,0,0
207000248,0,0,0
207000249,0,0,0
207000250,0,0,0
207000251,0,0,0
207000252,0,0,0
207000278,14,49,-35
207000279,0,0,0
207000280,168,16,152
207000281,35,54,-19
207000282,1,25,-24
207000283,0,2,-2
207000284,0,0,0
207000285,1,14,-13
207000291,0,0,0
207000304,16,26,-10
207000306,0,0,0
207000310,112,104,8
207000353,34,0,34
207000356,0,0,0
207000357,0,28,-28
207000358,0,20,-20
207000415,0,0,0
207000417,38,0,38
207000418,87,42,45
207000438,0,0,0
207000439,514,109,405
207000446,90,0,90
207000460,0,0,0
207000466,0,0,0
207000467,129,8,121
207000468,0,0,0
207000476,0,0,0
207000477,0,0,0
207000478,0,0,0
207000523,0,0,0
207000524,4,0,4
207000527,338,66,272
207000530,283,0,283
207000531,92,0,92
207000532,65,1,64
207000534,205,8,197
207000535,0,0,0
207000537,0,0,0
207000540,0,0,0
207000541,0,0,0
207000548,0,0,0
207000549,75,2,73
207000561,124,15,109
207000562,0,0,0
207000567,0,0,0
207000568,0,0,0
207000569,0,0,0
207000584,0,0,0
207000585,26,56,-30
207000587,187,19,168
207000616,0,0,0
207000617,200,0,200
207000624,2,4,-2
207000631,0,5,-5
207900008,0,0,0
208000001,93,224,-131
208000002,112,101,11
208000003,130,111,19
208000004,358,132,226
208000005,0,0,0
208000019,318,188,130
208000020,361,143,218
208000021,0,0,0
208000022,0,0,0
208000028,0,0,0
208000033,0,0,0
208000034,0,0,0
208000037,99,1,98
208000040,24,96,-72
208000041,289,70,219
208000042,203,58,145
208000047,0,0,0
208000064,673,356,317
208000066,285,285,0
208000070,70,16,54
208000071,126,33,93
208000072,83,75,8
208000080,104,160,-56
208000081,124,24,100
208000082,0,0,0
208000083,0,0,0
208000084,2,6,-4
208000085,0,0,0
208000086,0,0,0
208000087,0,0,0
208000089,0,0,0
208000090,0,0,0
208000093,0,0,0
208000094,0,0,0
208000095,0,0,0
208000104,720,153,567
208000105,374,139,235
208000114,175,169,6
208000115,155,87,68
208000116,158,284,-126
208000117,1,18,-17
208000118,16,8,8
208000155,0,0,0
208000158,0,0,0
208000186,646,407,239
208000204,0,0,0
208000205,0,0,0
208000282,0,0,0
209000004,29,16,13
209000005,50,3,47
209000006,201,8,193
209000007,0,0,0
209000010,0,0,0
209000011,0,0,0
209000012,0,0,0
209000013,0,0,0
209000014,0,0,0
209000025,161,45,116
209000026,156,38,118
209000027,0,0,0
209000028,0,0,0
209000029,0,0,0
209000030,0,0,0
209000031,0,0,0
209000034,0,0,0
209000035,0,0,0
209000036,0,0,0
209000037,0,0,0
209000038,0,0,0
209000039,0,0,0
209000040,0,0,0
209000041,0,0,0
209000042,0,0,0
209000043,0,0,0
209000044,0,0,0
209000045,264,20,244
209000046,169,32,137
209000047,267,20,247
209000048,322,27,295
209000049,0,0,0
209000050,0,0,0
209000051,0,0,0
209000052,0,0,0
209000062,0,0,0
209000063,0,0,0
209000064,0,0,0
209000065,2,0,2
209000066,5,5,0
209000067,27,7,20
209000080,0,0,0
209000082,19,0,19
209000091,0,0,0
209000093,0,0,0
209000094,0,0,0
209000110,23,48,-25
209000111,156,61,95
209000112,73,51,22
209000113,164,50,114
209000114,37,7,30
209000115,0,0,0
209000116,0,0,0
209000118,2,10,-8
209000119,0,0,0
209000121,0,0,0
209000135,12,25,-13
209000142,119,20,99
209000143,0,0,0
209000144,0,0,0
209000229,109,23,86
209000240,0,0,0
209000259,0,0,0
209000260,0,0,0
209000261,0,0,0
209000262,0,0,0
209000263,0,0,0
209000264,0,0,0
209000265,28,2,26
209000266,8,0,8
209000267,290,0,290
209000268,491,3,488
210000037,40,0,40
210000047,54,1,53
210000048,49,0,49
210000049,5,0,5
210000052,0,0,0
210000053,0,0,0
210000054,0,0,0
210000070,55,0,55
210000071,40,0,40
210000072,18,0,18
210000073,0,0,0
210000074,0,0,0
210000075,0,0,0
210000076,0,0,0
210000077,0,0,0
210000078,0,0,0
210000079,1,1,0
210000080,79,18,61
210000081,60,5,55
210000082,3,0,3
210000083,60,0,60
210000084,117,0,117
210000085,0,0,0
210000086,0,0,0
210000099,0,0,0
210000100,0,0,0
210000101,0,0,0
210000105,0,0,0
210000159,0,0,0
210000163,0,0,0
210000164,85,39,46
210000168,11,0,11
210000187,0,0,0
210000188,0,0,0
210000214,40,0,40
210000219,6,3,3
210000220,9,3,6
210000232,0,0,0
210000233,0,0,0
210000234,0,0,0
210000235,0,0,0
210000245,0,0,0
210000246,19,4,15
210000258,0,0,0
210000259,137,9,128
210000282,0,0,0
210000285,0,0,0
210000286,0,0,0
210000290,0,1,-1
210000295,0,0,0
210000296,0,0,0
210000320,79,1,78
210000321,7,1,6
210000338,0,0,0
210000339,0,0,0
210000340,0,0,0
210000341,0,0,0
210000342,0,0,0
210000343,0,0,0
210000344,0,0,0
210000345,0,0,0
210000346,0,0,0
210000347,0,0,0
210000348,0,0,0
210000349,0,0,0
210000350,0,0,0
210000351,0,0,0
210000352,16,9,7
210000353,104,21,83
210000354,24,26,-2
210000355,23,6,17
210000356,1,9,-8
210000357,11,26,-15
210000358,8,16,-8
210000359,45,15,30
210000360,201,32,169
210000361,54,73,-19
210000362,83,26,57
210000363,280,122,158
210000364,70,41,29
210000365,73,8,65
210000366,94,5,89
210000367,77,1,76
210000368,76,12,64
210000369,18,3,15
210000370,44,1,43
210000372,1,6,-5
210000373,2,3,-1
210000374,59,0,59
210000375,8,3,5
210000376,105,21,84
210000404,0,0,0
210000439,41,0,41
210000472,16,0,16
210000482,25,13,12
210000564,228,54,174
210000567,0,0,0
210000568,18,0,18
211000092,0,0,0
211000094,0,0,0
211000169,0,0,0
211000172,0,0,0
211000209,0,0,0
211000226,2,3,-1
211000270,0,0,0
211000275,0,0,0
211000276,0,0,0
211000279,0,0,0
211000281,0,0,0
211000302,0,0,0
211507980,0,0,0
211977296,0,0,0
212000003,36,6,30
212000004,0,0,0
212000005,0,0,0
212000006,0,0,0
212000008,0,0,0
212000009,0,0,0
212000012,0,0,0
212000013,0,0,0
212000014,0,0,0
212000015,0,0,0
212000016,0,0,0
212000027,379,47,332
212000028,273,127,146
212000029,114,132,-18
212000030,32,37,-5
212000031,35,9,26
212000048,0,0,0
212000049,0,0,0
212000050,0,0,0
212000051,0,0,0
212000052,0,0,0
212000053,0,0,0
212000054,161,7,154
212000055,227,41,186
212000056,1,30,-29
212000057,0,30,-30
212000058,10,7,3
212000070,0,0,0
212000077,0,0,0
212000099,177,16,161
212000108,187,25,162
212000111,116,9,107
212000120,0,0,0
212000138,0,0,0
212000156,0,0,0
212000158,2,47,-45
212000159,528,35,493
212000160,464,31,433
212000161,1,13,-12
212000310,0,0,0
212000311,16,38,-22
212000374,0,0,0
213000001,0,0,0
213000005,204,35,169
213000006,174,50,124
213000007,2,0,2
213000009,336,65,271
213000010,233,45,188
213000011,145,3,142
213000012,0,0,0
213000014,38,26,12
213000015,98,0,98
213000016,68,0,68
213000017,13,0,13
213000018,0,0,0
213000019,0,0,0
213000020,0,0,0
213000021,0,0,0
213000023,1040,30,1010
213000033,0,0,0
213000034,175,27,148
213000035,205,23,182
213000045,0,0,0
213000046,0,0,0
213000047,0,0,0
213000056,211,2,209
213000069,4,0,4
213000073,0,0,0
213000074,0,0,0
213000075,440,30,410
213000076,1,0,1
213000085,0,0,0
213000086,0,0,0
213000091,209,0,209
213000092,26,1,25
213000099,0,0,0
213000100,394,161,233
213000101,395,5,390
213000102,436,9,427
213000103,337,2,335
213000104,0,0,0
213000105,0,0,0
213000106,0,0,0
213000107,0,0,0
213000108,0,0,0
213000109,0,0,0
213000110,0,0,0
213000111,0,0,0
213000112,0,0,0
213000115,32,1,31
213000116,0,0,0
213000117,0,0,0
213000118,154,224,-70
213000119,0,0,0
213000120,0,0,0
213000122,0,0,0
213000123,0,0,0
213000124,0,0,0
213000125,136,87,49
213000126,0,0,0
213000127,0,0,0
213000128,0,0,0
213000129,255,116,139
213000130,451,66,385
213000132,322,50,272
213000133,524,108,416
213000134,447,1,446
213000136,206,2,204
213000137,482,6,476
213000139,78,1,77
213000147,2,0,2
213000148,1,0,1
213000149,2,0,2
213000150,0,0,0
213000151,0,0,0
213000152,0,0,0
213000153,0,0,0
213000154,0,0,0
213000155,0,0,0
213000156,0,0,0
213000157,0,0,0
213000158,0,0,0
213000159,419,69,350
213000163,263,121,142
213000165,542,67,475
213000171,0,0,0
213000172,0,0,0
213000173,0,0,0
213000174,0,0,0
213000175,0,0,0
213000176,246,2,244
213000177,149,5,144
213000178,292,0,292
213000179,109,1,108
213000180,200,2,198
213000184,0,0,0
213000188,129,5,124
213000189,168,3,165
213000190,153,1,152
213000191,264,0,264
213000192,62,1,61
213000193,0,0,0
213000194,0,0,0
213000195,0,0,0
213000196,0,0,0
213000197,506,27,479
213000198,5,0,5
213000200,0,0,0
213000201,0,0,0
213000202,0,0,0
213000203,871,147,724
213000204,650,19,631
213000205,227,4,223
213000206,573,15,558
213000207,11,2,9
213000208,1,0,1
213000209,1,0,1
213000210,66,0,66
213000211,0,0,0
213000212,0,0,0
213000213,0,0,0
213000218,30,203,-173
213000219,299,12,287
213000220,176,24,152
213000223,37,65,-28
213000224,3,1,2
213000225,49,0,49
213000226,23,0,23
213000227,565,13,552
213000228,274,2,272
213000229,6,0,6
213000230,144,0,144
213000232,0,0,0
213000233,0,0,0
213000234,0,0,0
213000293,0,0,0
213000294,13,0,13
213000295,0,0,0
213000296,15,1,14
213000297,0,0,0
213000298,0,0,0
213000299,7,1,6
213000300,1,4,-3
213000303,0,0,0
213000304,0,0,0
213000305,0,14,-14
213000306,0,0,0
213000307,4,12,-8
213000308,0,0,0
213000309,116,8,108
213000310,101,8,93
213000311,0,0,0
213000315,0,0,0
213000316,76,5,71
213000322,0,0,0
213000323,0,0,0
213000324,0,0,0
213000325,0,0,0
213000326,0,0,0
213000327,0,0,0
213000328,0,0,0
213000329,0,0,0
213000340,0,0,0
213000341,236,27,209
213000346,19,23,-4
213000347,172,24,148
213000348,0,0,0
213000349,0,0,0
213000350,0,0,0
213000366,0,0,0
213000367,64,2,62
213000379,0,0,0
213000386,0,0,0
213000406,0,0,0
213000417,484,125,359
213000425,0,0,0
213000426,0,0,0
213000427,0,0,0
213000428,0,0,0
213000429,0,0,0
213000430,0,0,0
213000431,0,0,0
213000432,0,0,0
213000433,0,0,0
213000434,0,0,0
213000435,0,0,0
213000436,0,0,0
213000437,0,0,0
213000438,0,0,0
213000439,0,0,0
213000440,0,0,0
213000441,0,0,0
213000442,0,0,0
213000443,0,0,0
213000444,0,0,0
213000445,0,0,0
213000446,0,0,0
213000447,0,0,0
213000448,0,0,0
213000449,0,0,0
213000450,0,0,0
213000451,0,0,0
213000452,0,0,0
213000453,0,0,0
213000455,27,1,26
213000456,0,0,0
213000481,2,1,1
213000482,6,0,6
213000489,37,4,33
213000491,0,0,0
213000492,80,4,76
213000493,0,0,0
213000494,154,9,145
213000495,0,0,0
213000496,483,90,393
213000497,0,0,0
213000498,0,0,0
213000499,0,0,0
213000500,237,3,234
213000501,20,6,14
213000502,36,6,30
213000503,0,0,0
213000504,0,0,0
213000505,41,0,41
213000506,0,0,0
213000507,0,0,0
213900244,54,0,54
213900245,0,0,0
218000003,0,0,0
218000004,0,0,0
218000005,1,25,-24
218000006,0,0,0
218000007,0,0,0
218000012,0,0,0
218000013,19,30,-11
218000014,74,54,20
218000019,0,0,0
218000020,0,0,0
218000021,0,0,0
218000022,0,0,0
218000023,0,0,0
218000024,0,0,0
218000025,0,0,0
218000026,0,0,0
218000027,0,0,0
218000028,0,0,0
218000029,0,0,0
218000030,0,0,0
218000031,0,0,0
218000032,0,0,0
218000040,2,0,2
218000046,4,7,-3
218000047,0,8,-8
218000048,8,11,-3
218000049,7,14,-7
218000050,42,35,7
218000051,3,35,-32
218000052,0,21,-21
218000053,0,1,-1
218000054,1,36,-35
218000055,0,2,-2
218000056,2,36,-34
218000057,1,16,-15
218000064,0,1,-1
218000065,63,6,57
218000066,10,15,-5
218000067,0,0,0
218000068,0,0,0
218000069,0,0,0
218000070,0,0,0
218000071,0,0,0
218000072,0,0,0
218000078,0,0,0
218000079,0,0,0
218000080,0,0,0
218000081,0,0,0
218000082,0,0,0
218000083,0,0,0
218000084,0,0,0
218000085,0,0,0
218000086,0,0,0
218000087,0,0,0
218000090,0,0,0
218000091,170,75,95
218000092,0,0,0
218000093,14,1,13
218000094,0,0,0
218000099,25,51,-26
218000100,3,11,-8
218000101,3,4,-1
218000102,125,16,109
218000103,35,5,30
218000104,27,2,25
218000105,0,0,0
218000106,0,0,0
218000107,0,0,0
218000108,0,0,0
218000112,0,0,0
218000117,25,11,14
218000134,0,0,0
218000135,0,0,0
218000136,0,0,0
218000137,0,0,0
218000138,0,0,0
218000139,0,0,0
218000140,0,0,0
218000141,0,0,0
218000142,0,0,0
218000143,0,0,0
218000144,0,0,0
218000145,0,0,0
218000146,0,0,0
218000151,0,5,-5
218000152,48,12,36
218000153,0,0,0
218000154,0,0,0
218000155,0,0,0
218000156,0,0,0
218000157,0,0,0
218000158,0,0,0
218000159,0,0,0
218000160,0,0,0
218000161,0,0,0
218000162,0,0,0
218000163,0,0,0
218000164,0,0,0
218000165,0,0,0
218000170,1,11,-10
218000171,52,8,44
218000172,25,5,20
218000173,0,15,-15
218000174,15,5,10
218000176,188,7,181
218000177,292,19,273
218000178,146,11,135
218000179,324,31,293
218000180,15,0,15
218000181,133,3,130
218000187,0,0,0
218000188,0,0,0
218000189,0,0,0
218000190,0,0,0
218000191,0,0,0
218000192,0,0,0
218000193,0,0,0
218000194,0,0,0
218000195,0,0,0
218000196,0,0,0
218000197,0,0,0
218000198,0,0,0
218000199,0,0,0
218000200,1,1,0
218000201,0,0,0
218000202,0,0,0
218000207,0,0,0
218000208,0,0,0
218000211,0,0,0
218000212,0,0,0
218000213,27,37,-10
218000214,0,4,-4
218000215,8,8,0
218000217,0,8,-8
218000218,19,127,-108
218000219,1,35,-34
218000220,50,67,-17
218000221,153,96,57
218000222,1,17,-16
218000223,69,126,-57
218000224,1,106,-105
218000225,155,82,73
218000226,108,47,61
218000230,0,0,0
218000232,0,0,0
218000239,7,0,7
218000240,0,0,0
218000241,0,0,0
218000242,0,0,0
218000243,5,0,5
218000244,1,0,1
218000245,0,0,0
218000246,0,1,-1
218000247,0,0,0
218000248,0,0,0
218000249,0,0,0
218000250,0,0,0
218000251,0,0,0
218000252,0,0,0
218000253,0,0,0
218000254,0,0,0
218000255,0,0,0
218000256,0,0,0
218000267,0,0,0
218000268,0,0,0
218000269,0,0,0
218000270,0,0,0
218000271,0,0,0
218000273,33,19,14
218000274,40,8,32
218000275,0,0,0
218000276,0,0,0
218000278,0,0,0
218000279,0,0,0
218000280,0,0,0
218000281,0,0,0
218000282,32,23,9
218000284,122,49,73
218000301,0,0,0
218000302,0,0,0
218000303,0,0,0
218000316,22,28,-6
218000317,5,3,2
218000318,0,0,0
218000319,0,0,0
218000320,0,0,0
218000338,1,1,0
218000345,0,0,0
218000346,27,29,-2
218000459,20,22,-2
218000490,0,0,0
218000501,4,2,2
218000502,0,0,0
218000503,19,0,19
218000504,47,1,46
218000505,0,0,0
218000506,0,0,0
218000508,0,0,0
218000510,61,3,58
218000520,0,0,0
218000521,0,0,0
218000522,0,0,0
218000523,2,0,2
218000524,0,0,0
218000525,29,0,29
218000526,0,0,0
218000529,0,0,0
218000530,0,0,0
218000531,31,0,31
218000532,0,0,0
218000534,15,3,12
218000537,2,13,-11
218000538,0,0,0
218000540,0,0,0
218000543,0,0,0
218000544,0,0,0
218000545,0,0,0
218000546,0,0,0
218000547,0,0,0
218000548,0,0,0
218000549,165,3,162
218000550,0,0,0
218000551,0,0,0
218000552,64,4,60
218000553,0,0,0
218000554,0,0,0
218000555,7,1,6
218000556,0,0,0
218000557,11,9,2
218000558,27,0,27
218000559,0,0,0
218000560,0,0,0
218000561,1,0,1
218000562,0,0,0
218000563,134,0,134
218000564,0,0,0
218000565,20,2,18
218000566,0,0,0
218000567,0,0,0
218000568,0,0,0
218000569,0,0,0
218000570,0,0,0
218000571,0,0,0
218000572,3,0,3
218000573,0,0,0
218000574,1,0,1
218000575,35,0,35
218000576,0,0,0
218000577,14,0,14
218000578,0,0,0
218000579,0,0,0
218000581,0,0,0
218000582,0,0,0
218000583,0,0,0
218000584,0,0,0
218000585,0,0,0
218000586,0,0,0
218000587,0,0,0
218000588,0,0,0
218000589,0,0,0
218000590,0,0,0
218000591,0,0,0
218000592,0,0,0
218000593,0,0,0
218000594,0,0,0
218000596,0,0,0
218000597,0,0,0
218000598,0,0,0
218000599,0,0,0
218000600,0,0,0
218000601,0,0,0
218000602,0,0,0
218000603,0,0,0
218000604,0,0,0
218000605,0,0,0
218000606,1,0,1
218000607,0,0,0
218000608,0,0,0
218000609,0,0,0
218000610,0,0,0
218000611,0,0,0
218000612,0,0,0
218000613,0,0,0
218000614,0,0,0
218000615,0,0,0
218000616,0,0,0
218000617,0,0,0
218000618,0,0,0
218000619,0,0,0
218000620,0,4,-4
218000621,0,0,0
218000622,0,0,0
218000623,0,0,0
218000624,0,2,-2
218000625,0,0,0
218000626,0,0,0
218000628,44,21,23
218000631,0,1,-1
218000632,0,0,0
218000633,1,0,1
218000634,0,0,0
218000635,0,0,0
218000636,0,0,0
218000637,0,0,0
218000638,282,52,230
218000639,0,0,0
218000640,159,7,152
218000641,0,0,0
218000652,22,7,15
218000653,209,46,163
218000663,0,0,0
218000675,0,2,-2
218000676,0,0,0
218000677,0,0,0
218000680,0,0,0
218000681,66,8,58
218000691,0,0,0
218000693,143,9,134
218000703,0,0,0
218000718,0,0,0
218000719,2,23,-21
218000720,0,0,0
218000721,0,0,0
218000725,0,0,0
218001147,0,0,0
218001214,0,0,0
218001258,101,0,101
218001329,41,7,34
218001330,0,0,0
218001351,0,6,-6
218001352,0,0,0
218001353,0,2,-2
218001354,0,0,0
218001355,1,2,-1
218001356,46,13,33
218001357,0,0,0
218001358,16,1,15
218001361,129,8,121
218001362,0,0,0
219000001,0,0,0
219000002,0,0,0
219000003,33,3,30
219000004,40,33,7
219000017,0,0,0
219000020,87,0,87
219000022,83,0,83
219000023,54,0,54
219000029,0,0,0
219000034,7,23,-16
219000039,0,0,0
219000040,0,0,0
219000041,0,0,0
219000051,0,0,0
219000052,0,0,0
219000053,0,0,0
219000054,0,0,0
219000055,0,0,0
219000056,0,0,0
219000057,0,0,0
219000062,0,0,0
219000063,0,0,0
219000064,0,0,0
219000110,62,11,51
219000111,57,23,34
219000112,72,6,66
219000113,101,3,98
219000114,103,2,101
219000116,0,0,0
219000117,0,0,0
219000118,11,4,7
219000123,61,0,61
219000124,3,0,3
219000125,0,0,0
219000126,0,0,0
219000127,0,0,0
219000128,0,0,0
219000129,0,0,0
219000130,0,0,0
219000131,171,95,76
219000133,0,4,-4
219000134,4,6,-2
219000135,17,1,16
219000136,24,21,3
219000138,4,0,4
219000139,0,0,0
219000140,4,0,4
219000141,0,0,0
219000142,0,0,0
219000143,0,0,0
219000145,11,0,11
219000146,0,0,0
219000147,0,0,0
219000148,0,0,0
219000149,0,0,0
219000150,0,0,0
219000151,0,0,0
219000157,12,6,6
219000158,0,6,-6
219000161,0,0,0
219000163,14,6,8
219000166,1,31,-30
219000167,0,0,0
219000168,57,13,44
219000174,39,5,34
219000175,0,0,0
219000176,0,0,0
219000177,0,0,0
219000178,0,0,0
219000179,0,0,0
219000180,0,0,0
219000182,39,1,38
219000183,20,0,20
219000184,19,0,19
219000185,0,0,0
219000186,11,0,11
219000187,1,0,1
219000189,0,0,0
219000190,0,0,0
219000191,0,0,0
219000192,20,14,6
219000193,0,0,0
219000195,0,0,0
219000196,0,0,0
219000198,0,0,0
219000199,0,0,0
219000200,0,0,0
219000201,0,0,0
219000203,0,0,0
219000204,0,0,0
219000205,0,0,0
219000207,0,0,0
219000209,0,0,0
219000210,0,0,0
219000213,0,0,0
219000239,0,0,0
219000240,0,0,0
219000241,0,0,0
219000242,0,0,0
219000243,0,0,0
219000244,0,0,0
219000245,0,0,0
219000246,6,20,-14
219000247,40,5,35
219000248,129,27,102
219000249,52,17,35
219000250,14,16,-2
219000251,52,58,-6
219000252,142,121,21
219000253,115,7,108
219000255,4,18,-14
219000256,8,2,6
219000257,75,0,75
219000262,0,0,0
219000263,0,0,0
219000267,0,0,0
219000268,0,0,0
219000269,0,0,0
219000270,0,0,0
219000271,0,0,0
219000278,0,0,0
219000279,0,0,0
219000283,0,0,0
219000295,0,0,0
219000296,0,0,0
219000297,0,0,0
219000298,0,0,0
219000299,134,6,128
219000300,0,0,0
219000301,0,0,0
219000302,0,0,0
219000307,0,0,0
219000308,0,0,0
219000311,72,8,64
219000312,97,6,91
219000313,130,2,128
219000314,0,0,0
219000315,215,1,214
219000316,178,6,172
219000317,23,1,22
219000320,0,0,0
219000321,0,0,0
219000323,0,0,0
219000325,0,0,0
219000326,0,0,0
219000327,0,0,0
219000328,0,0,0
219000329,0,0,0
219000330,0,0,0
219000331,0,0,0
219000332,0,3,-3
219000333,0,0,0
219000335,0,0,0
219000337,5,0,5
219000338,5,0,5
219000344,0,0,0
219000345,0,0,0
219000346,0,0,0
219000348,0,0,0
219000349,0,0,0
219000350,0,0,0
219000351,0,0,0
219000352,4,2,2
219000353,4,5,-1
219000354,25,3,22
219000355,24,25,-1
219000356,14,41,-27
219000363,79,7,72
219000364,73,2,71
219000365,34,0,34
219000366,73,0,73
219000368,56,32,24
219000370,60,34,26
219000371,0,0,0
219000382,0,0,0
219000383,0,0,0
219000385,0,0,0
219000386,0,0,0
219000387,0,0,0
219000390,0,0,0
219000391,0,0,0
219000397,0,0,0
219000398,0,0,0
219000401,0,0,0
219000402,0,0,0
219000403,0,0,0
219000404,0,0,0
219000407,0,0,0
219000409,15,9,6
219000410,57,3,54
219000411,18,1,17
219000446,0,0,0
219000447,0,0,0
219000448,15,0,15
219000452,0,0,0
219000453,0,0,0
219000454,52,47,5
219000556,18,4,14
219000558,0,0,0
219000590,0,0,0
219000591,24,5,19
219000592,0,0,0
219000595,0,0,0
219000635,63,1,62
219000636,0,0,0
219000657,1,1,0
219000658,0,0,0
219000673,0,0,0
219000676,2,0,2
219000679,0,0,0
219000684,0,0,0
219000685,0,0,0
219000686,0,0,0
219000688,0,0,0
219000689,0,0,0
219000690,229,2,227
219000691,0,0,0
219000692,46,1,45
219000693,0,0,0
219000694,0,0,0
219000695,0,0,0
219000698,2,0,2
219000699,0,0,0
219000727,0,0,0
219000728,0,0,0
219000770,7,0,7
219000771,0,0,0
219000788,0,0,0
219001150,0,0,0
219001151,0,0,0
219001166,15,3,12
219001167,0,0,0
219001178,55,0,55
220000001,2,7,-5
220000002,0,0,0
220000003,0,0,0
220000004,0,0,0
220000005,0,0,0
220000006,0,0,0
220000007,0,0,0
220000008,0,0,0
220000009,0,0,0
220000010,2,0,2
220000011,2,3,-1
220000012,1,0,1
220000014,0,0,0
220000015,0,0,0
220000017,0,0,0
220000018,0,0,0
220000019,0,0,0
220000020,4,2,2
220000021,0,0,0
220000022,0,0,0
220000023,0,1,-1
220000024,3,0,3
220000025,0,0,0
220000026,1,4,-3
220000027,0,2,-2
220000028,0,4,-4
220000029,0,0,0
220000030,0,0,0
220000031,16,15,1
220000064,0,0,0
221000046,1,0,1
221000047,0,0,0
221000048,0,0,0
221000049,0,0,0
221000050,33,0,33
221000055,37,0,37
221000057,130,3,127
221000068,305,26,279
221000069,192,23,169
221000070,134,5,129
221000071,95,0,95
221000072,203,1,202
221000073,67,1,66
221000074,0,0,0
221000075,0,0,0
221000076,0,0,0
221000077,0,0,0
221000081,14,0,14
221000082,57,0,57
221000083,23,13,10
221000084,6,0,6
221000085,2,0,2
221000086,0,0,0
221000087,0,0,0
221000088,0,0,0
221000089,0,0,0
221000090,0,0,0
221000098,78,5,73
221000099,132,0,132
221000100,109,4,105
221000101,125,1,124
221000102,46,0,46
221000109,0,0,0
221000110,0,0,0
221000111,0,0,0
221000112,0,0,0
221000113,0,0,0
221000114,0,0,0
221000120,0,0,0
221000121,0,16,-16
221000122,0,0,0
221000123,0,0,0
221000124,0,0,0
221000155,20,7,13
221000156,8,2,6
221000175,0,0,0
221000176,0,0,0
221000182,9,1,8
221000241,681,50,631
221000242,0,0,0
221000243,310,29,281
221000244,0,0,0
221000245,149,21,128
221000246,0,0,0
221000247,233,14,219
221000248,0,0,0
221000267,0,0,0
221000325,0,0,0
221000331,0,0,0
221000338,0,5,-5
221000378,116,15,101
221000381,0,0,0
222000282,0,1,-1
222000296,0,0,0
222000568,124,1,123
222000569,60,1,59
222000570,65,0,65
222000571,258,11,247
222000577,0,0,0
222000578,0,0,0
222000579,0,0,0
222000580,0,0,0
222000599,0,0,0
222000600,0,0,0
222000601,0,0,0
222000603,0,0,0
222000604,0,0,0
222000605,0,0,0
222000606,0,0,0
222000607,0,0,0
222000608,0,0,0
222000609,0,0,0
222000616,81,1,80
222000617,0,9,-9
222000618,0,0,0
222000620,0,1,-1
222000621,38,3,35
222000623,216,0,216
222000624,184,0,184
222000625,296,0,296
222000636,1,0,1
222000686,24,1,23
222000687,0,2,-2
222001066,163,0,163
222001067,54,0,54
222001068,32,0,32
222001069,2,0,2
222001082,0,0,0
222001083,0,0,0
222001084,0,0,0
222001085,0,0,0
222001111,0,0,0
222001112,49,14,35
222001313,0,0,0
222001314,0,0,0
222001464,23,5,18
222001465,0,0,0
222001484,14,3,11
222001485,0,0,0
222001494,82,3,79
222001495,0,0,0
222001496,146,3,143
222001497,0,0,0
222001502,0,0,0
222001503,45,3,42
222001504,0,0,0
222001505,131,1,130
222001506,0,0,0
222001507,146,1,145
222001510,185,2,183
222001511,0,0,0
222001514,250,19,231
222001515,0,0,0
222001518,90,22,68
222001519,0,0,0
222001527,22,4,18
222001528,0,0,0
222001529,185,5,180
222001530,0,0,0
222001533,0,0,0
222001534,353,8,345
222001535,14,7,7
222001536,0,0,0
222001537,20,3,17
222001538,0,0,0
222001563,363,7,356
222001564,0,0,0
222001568,8,4,4
222001576,0,0,0
222001579,0,0,0
222001583,0,0,0
222001584,6,0,6
222001596,0,0,0
222001597,204,40,164
222001626,0,0,0
222001650,0,8,-8
222001651,5,0,5
222001914,54,3,51
222001915,0,0,0
222001968,51,14,37
222001969,0,0,0
222001970,22,0,22
222001971,2,0,2
222001972,0,0,0
225000001,133,40,93
225000002,161,37,124
225000003,159,3,156
225000004,139,29,110
225000005,49,20,29
225000006,0,0,0
225000007,0,0,0
225000010,18,1,17
225000011,100,231,-131
225000012,83,155,-72
225000013,77,21,56
225000014,69,17,52
225000015,0,0,0
225000021,224,55,169
225000027,0,0,0
225000032,213,51,162
225000042,0,0,0
225000049,0,0,0
225000050,10,2,8
225000053,0,0,0
225000058,214,58,156
225000067,0,0,0
225000068,0,0,0
225000069,0,0,0
225000070,0,0,0
225000071,0,0,0
225000075,0,0,0
225000076,0,0,0
225000078,5,20,-15
225000085,5,0,5
225000086,7,2,5
225000087,93,4,89
225000088,0,0,0
225000089,0,0,0
225000090,0,0,0
225000091,0,0,0
225000092,0,0,0
225000093,0,0,0
225000094,0,0,0
225000095,0,0,0
225000096,0,0,0
225000098,197,60,137
225000099,198,33,165
225000100,76,47,29
225000104,0,0,0
225000110,0,0,0
225000111,0,0,0
225000112,0,0,0
225000113,0,0,0
225000114,0,0,0
225000115,0,0,0
225000116,155,67,88
225000117,283,206,77
225000118,257,81,176
225000119,34,9,25
225000120,181,6,175
225000121,119,3,116
225000123,967,8,959
225000125,100,25,75
225000126,186,63,123
225000127,452,114,338
225000128,327,147,180
225000132,0,0,0
225000133,0,0,0
225000134,111,72,39
225000135,25,1,24
225000136,30,0,30
225000137,5,8,-3
225000138,151,0,151
225000143,0,0,0
225000144,0,0,0
225000145,59,6,53
225000146,0,0,0
225000147,0,0,0
225000148,0,0,0
225000149,0,0,0
225000151,0,0,0
225000155,0,0,0
225000156,0,0,0
225000157,0,0,0
225000158,0,0,0
225000171,0,0,0
225000180,21,0,21
225000181,0,0,0
225000182,45,5,40
225000185,0,0,0
225000187,0,0,0
225000191,19,0,19
225000194,0,0,0
225000208,0,0,0
225000209,80,4,76
225000210,0,0,0
225000217,0,0,0
225000218,31,0,31
225000223,0,0,0
225000224,1,0,1
225000225,0,0,0
225000226,600,20,580
225000227,0,0,0
225000228,3,3,0
225000229,0,0,0
225000230,1,0,1
225000231,0,0,0
225000232,73,0,73
225000241,137,0,137
225000242,0,0,0
225000249,25,0,25
225000250,0,0,0
225000251,0,0,0
226000042,0,0,0
226000043,0,0,0
226000044,0,0,0
226000045,0,0,0
226000046,164,7,157
226000047,67,13,54
226000048,118,1,117
226000049,120,82,38
226000070,0,0,0
226000071,0,0,0
226000072,0,0,0
226000073,0,0,0
226000074,0,0,0
226000084,0,0,0
226000085,0,0,0
226000086,0,0,0
226000087,0,0,0
226000088,0,0,0
226000090,1,7,-6
226000091,1,0,1
226000092,0,0,0
226000093,0,0,0
226000094,0,3,-3
226000095,2,78,-76
226000105,0,0,0
226000106,2,0,2
226000107,0,0,0
226000108,0,0,0
226000109,4,0,4
226000124,40,3,37
226000134,42,84,-42
226000135,136,43,93
226000136,14,41,-27
226000137,0,0,0
226000138,0,0,0
226000139,0,0,0
226000156,88,1,87
226000157,119,1,118
226000163,0,0,0
226000202,0,0,0
226000231,217,0,217
226000232,2,0,2
227000033,50,2,48
227000036,137,2,135
227000037,103,0,103
227000038,28,4,24
227000049,0,0,0
227000050,0,0,0
227000055,9,0,9
227000056,1,0,1
227000084,0,0,0
227000085,0,0,0
227000088,7,0,7
227000089,2,0,2
227000090,4,0,4
227000091,6,0,6
227000093,4,0,4
227000094,0,0,0
227000130,0,0,0
227000131,0,0,0
227000132,0,0,0
227000133,0,0,0
227000134,0,0,0
227000152,0,0,0
227000153,0,0,0
227000155,0,0,0
227000156,0,0,0
227000165,0,0,0
227000196,50,2,48
227000199,104,11,93
227000230,0,0,0
227000232,63,4,59
227000242,0,0,0
227000243,156,3,153
227000245,0,0,0
227000246,0,0,0
227000247,162,6,156
227000248,10,20,-10
227000249,0,0,0
227000250,50,16,34
227000251,0,0,0
227000252,0,0,0
227000253,79,3,76
227000262,309,3,306
227000266,133,0,133
227000267,0,0,0
227000282,0,0,0
227000284,194,3,191
227000286,0,0,0
227000287,0,0,0
227000291,0,0,0
227000484,114,2,112
227000485,0,0,0
227000655,43,0,43
227000656,80,3,77
227000657,13,0,13
227000661,76,2,74
227000680,0,0,0
229000265,8,0,8
229000296,0,0,0
229000297,0,0,0
229000298,0,0,0
229000320,1,0,1
229000321,0,0,0
229000412,0,0,0
229000414,0,0,0
229000415,0,0,0
229000416,0,0,0
229000417,0,0,0
229000419,0,3,-3
229000440,96,4,92
229000442,2,0,2
229000443,2,0,2
229000444,0,1,-1
229000445,6,0,6
229000446,27,0,27
229000491,0,0,0
229000492,0,0,0
229000493,0,0,0
229000494,0,0,0
229000495,0,0,0
229000496,0,0,0
229000507,0,0,0
229000508,0,0,0
229000509,0,0,0
229000510,0,0,0
229000511,0,0,0
229000512,0,0,0
229000513,0,0,0
229000514,0,0,0
229000517,0,0,0
229000518,0,0,0
229000519,0,0,0
229000520,0,0,0
229000521,0,0,0
229000522,0,0,0
229000523,0,0,0
229000524,0,0,0
229000527,0,0,0
229000528,0,0,0
229000529,0,0,0
229000530,0,0,0
229000531,0,0,0
229000532,0,0,0
229000533,0,0,0
229000534,0,0,0
229000564,0,0,0
229000565,0,0,0
229000566,0,0,0
229000567,0,0,0
229000582,0,0,0
229000583,0,0,0
229000584,0,0,0
229000585,0,0,0
229000718,0,0,0
229000719,0,0,0
229000720,0,0,0
229000721,0,0,0
229000722,0,0,0
229000723,0,0,0
229000724,0,0,0
229000725,0,0,0
229000738,0,0,0
229000739,0,0,0
229000740,0,0,0
229000741,0,0,0
229000742,0,0,0
229000743,0,0,0
229000744,0,0,0
229000745,0,0,0
229000746,0,0,0
229000847,0,0,0
229000848,0,0,0
229000849,0,0,0
229000851,0,0,0
229000854,0,0,0
229000856,0,0,0
229000857,0,0,0
229000858,0,0,0
229000919,0,0,0
229000930,0,0,0
229000937,106,0,106
229000966,15,7,8
229000981,0,0,0
229000985,0,0,0
229000986,0,0,0
229000987,0,0,0
229000988,0,0,0
229000989,2,1,1
229000990,0,0,0
229000991,0,0,0
229000992,2,0,2
229000993,11,2,9
229000998,0,0,0
229000999,3,0,3
229001034,0,0,0
229001035,0,0,0
229001037,11,0,11
229001042,0,0,0
229001047,0,0,0
229001050,25,0,25
229001168,0,0,0
229001200,1,0,1
229001338,0,0,0
229001394,221,0,221
229001422,61,6,55
229001423,0,0,0
229001431,84,4,80
229001432,0,0,0
229001444,100,4,96
229001445,0,1,-1
229001479,0,0,0
229001503,63,13,50
229001504,0,0,0
229001505,163,7,156
229001506,0,0,0
229001509,4,0,4
229001545,40,1,39
229001546,0,0,0
229001553,27,1,26
229001554,0,0,0
229001559,0,0,0
229001560,0,1,-1
229001630,4,0,4
229001631,0,0,0
229001635,0,0,0
229001636,0,0,0
229001658,0,0,0
229001659,26,1,25
229001660,0,0,0
229001661,0,13,-13
229001662,11,0,11
229001663,0,1,-1
229002584,34,9,25
229002831,1,2,-1
229002841,0,1,-1
229002842,1,0,1
229002843,4,9,-5
229002844,0,0,0
229002845,0,13,-13
229002846,0,0,0
229002847,0,0,0
229002848,0,0,0
229002849,0,2,-2
229002850,18,0,18
229002851,0,14,-14
229002852,5,0,5
229002853,6,0,6
229002854,1,4,-3
229002855,0,0,0
229002856,3,1,2
229002857,0,0,0
229002858,0,0,0
229002859,1,0,1
229002860,1,0,1
229002861,1,7,-6
229002862,0,0,0
229002863,0,0,0
229002864,4,1,3
229002865,0,0,0
229002866,0,11,-11
229002867,1,0,1
229002868,6,0,6
229002869,0,2,-2
229002870,3,0,3
235000066,177,0,177
235000067,132,2,130
235000072,0,0,0
235000073,0,0,0
235000074,0,0,0
235000080,0,0,0
235000081,0,0,0
235000082,135,2,133
235000083,117,7,110
235000084,11,2,9
235000085,224,3,221
235000089,25,3,22
235000092,0,0,0
235000093,0,0,0
235000097,1,0,1
235000098,72,0,72
235000099,3,3,0
235000116,12,0,12
235000117,69,1,68
235000133,0,0,0
235000134,0,0,0
235000206,0,4,-4
235000207,0,0,0
235000208,0,6,-6
235000209,0,7,-7
235000210,0,1,-1
235000212,0,0,0
235000213,0,0,0
235000220,0,0,0
235000221,0,0,0
235000238,0,166,-166
235000239,0,7,-7
235000242,36,400,-364
235000245,0,0,0
235000246,0,0,0
235000284,0,0,0
235000295,19,1,18
235000305,60,25,35
235000306,95,0,95
235000307,51,0,51
235000308,0,0,0
235000309,0,0,0
235000310,4,0,4
235000311,4,0,4
235000322,0,0,0
235000323,0,0,0
235000324,0,0,0
235000325,0,0,0
235000326,0,0,0
235000351,0,0,0
235000352,0,0,0
235000353,0,0,0
235000354,0,0,0
235000355,0,0,0
235000356,15,0,15
235000357,2,0,2
235000358,12,1,11
235000359,0,0,0
235000360,7,0,7
235000361,45,1,44
235000381,0,0,0
235000382,84,1,83
235000390,12,0,12
235000391,55,0,55
235000392,170,32,138
235000393,112,36,76
235000395,86,7,79
235000396,271,5,266
235000400,6,7,-1
235000401,0,0,0
235000405,0,0,0
235000406,0,0,0
235000407,0,0,0
235000409,0,0,0
235000410,0,0,0
235000411,0,0,0
235000485,0,0,0
235000486,44,0,44
235000549,40,6,34
235000550,0,0,0
235000599,0,0,0
235000600,0,0,0
235000601,12,3,9
235000602,51,1,50
235000614,0,0,0
235000648,0,0,0
235000649,38,1,37
235000685,0,0,0
235000815,0,0,0
235000834,0,0,0
235000855,64,5,59
235000862,0,0,0
235000891,0,0,0
235000892,4,0,4
235000901,0,0,0
235000907,0,0,0
235001010,58,0,58
235001029,0,0,0
235001030,264,14,250
235001078,87,17,70
235001079,0,0,0
235001147,2,3,-1
235001166,3,0,3
235001167,0,0,0
235001169,0,0,0
235001188,0,0,0
235001189,6,3,3
235001197,0,0,0
235001200,0,0,0
235001207,140,5,135
235001210,0,0,0
235001215,0,0,0
235001239,0,0,0
235001244,0,2,-2
235016267,0,0,0
277101746,0,0,0
277102712,0,0,0
277103813,0,0,0
277103814,0,0,0
277103898,0,0,0
277104249,0,0,0
277104250,0,0,0
277104251,0,0,0
277104252,0,0,0
990011530,0,0,0
990014944,0,0,0
990015176,8,0,8
990015618,0,0,0
990016032,0,0,0
990032570,0,2,-2
990070001,26,2,24
990070103,0,0,0
990070601,0,0,0
990070751,0,0,0
990070766,0,0,0
990071180,372,0,372
990071343,8,0,8
990071387,0,0,0
990071823,34,0,34
990072600,0,0,0
990072964,0,0,0
990073285,0,0,0
990074393,0,0,0
990074870,500,1,499
990075106,161,2,159
990075746,205,1,204
990076437,1333,17,1316
990076458,0,0,0
997000007,181,2,179
997000041,0,0,0
997000058,60,0,60
997000062,13,0,13
997000069,0,0,0
997000070,0,0,0
997000100,1,0,1
997000141,0,0,0
997000198,0,0,0
998000475,0,0,0
998000736,0,0,0
998000965,0,0,0
998001031,0,0,0
998001700,0,0,0
998001899,0,0,0
998001900,21,124,-103
998003073,348,39,309
998101900,0,28,-28
998102850,0,0,0
998501927,246,2,244
998501929,541,7,534
998501930,47,1,46
998501931,134,1,133
998501932,2,1,1
998501933,405,3,402
998501937,6,0,6
998501944,16,6,10
998501950,0,0,0
998501970,77,5,72
998501971,2,135,-133
998501973,0,0,0
998501974,0,0,0
998501975,112,1,111
998501976,49,10,39
998501977,0,5,-5
998501978,5,0,5
998501979,0,0,0
998501980,43,0,43
998501981,107,0,107
998501982,0,0,0
998501983,0,0,0
998502006,0,0,0
998502024,0,0,0
998502032,1,0,1
998502062,4,0,4
998502063,0,0,0
998502173,2,0,2
998502269,0,0,0
998502546,0,0,0
998502578,0,0,0
998502599,0,0,0
998502621,0,1,-1
998601159,0,0,0
998601292,0,0,0
999033574,0,0,0
999800001,20,1,19
999800002,0,0,0
999800003,3,0,3
999800004,0,0,0
999800005,0,0,0
