ID,insum,outsum,diff
100000001,368,194,174
100000002,550,154,396
100000003,2236,547,1689
100000004,560,149,411
100000005,432,718,-286
100000006,42,28,14
100000007,84,121,-37
100000008,23,257,-234
100000009,18,49,-31
100000010,0,15,-15
100000011,43,25,18
100000012,12,332,-320
100000013,4,77,-73
100000014,78,152,-74
100000015,141,135,6
100000016,247,599,-352
100000017,121,574,-453
100000018,303,200,103
100000019,1693,615,1078
100000020,376,424,-48
100000021,2968,605,2363
100000022,284,253,31
100000023,2389,309,2080
100000025,1107,174,933
100000028,500,293,207
100000029,79,101,-22
100000030,201,4,197
100000031,1848,785,1063
100000032,1115,738,377
100000033,252,749,-497
100000034,348,174,174
100000035,773,283,490
100000036,425,208,217
100000037,55,118,-63
100000038,180,156,24
100000039,106,34,72
100000040,46,16,30
100000041,103,112,-9
100000042,85,129,-44
100000043,88,55,33
100000044,122,336,-214
100000045,144,648,-504
100000046,155,552,-397
100000047,61,454,-393
100000048,122,302,-180
100000049,600,1248,-648
100000051,111,606,-495
100000053,3,0,3
100000054,14,4,10
100000055,83,180,-97
100000056,63,181,-118
100000057,375,207,168
100000058,171,676,-505
100000059,0,32,-32
100000060,30,92,-62
100000061,276,141,135
100000062,175,138,37
100000063,124,91,33
100000064,141,170,-29
100000065,131,586,-455
100000066,63,495,-432
100000067,112,422,-310
100000068,158,603,-445
100000069,77,719,-642
100000072,142,512,-370
100000073,372,643,-271
100000075,180,141,39
100000076,530,477,53
100000077,159,13,146
100000078,44,7,37
100000079,16,23,-7
100000080,3,3,0
100000081,10,4,6
100000102,375,322,53
100000103,1048,335,713
100000104,1336,382,954
100000105,1314,148,1166
100000106,454,348,106
100000107,91,82,9
100000108,269,677,-408
100000109,1225,626,599
100000116,453,230,223
100000117,24,8,16
100000118,536,385,151
100000119,202,369,-167
100000121,35,227,-192
100000122,223,290,-67
100000123,1683,1740,-57
100000124,4791,1881,2910
100000125,1359,175,1184
100000126,197,71,126
100000127,716,173,543
100000128,253,336,-83
100000129,169,222,-53
100000130,152,302,-150
100000131,2388,1036,1352
100000132,918,435,483
100000133,4933,1424,3509
100000135,119,310,-191
100000139,42,341,-299
100000140,54,86,-32
100000142,87,150,-63
100000143,944,597,347
100000144,2055,680,1375
100000147,339,749,-410
100000150,20,207,-187
100000151,217,150,67
100000153,66,54,12
100000154,10,27,-17
100000155,2,11,-9
100000156,8,13,-5
100000157,19,96,-77
100000158,20,76,-56
100000159,106,183,-77
100000165,406,338,68
100000169,104,65,39
100000174,529,128,401
100000179,36,277,-241
100000180,39,419,-380
100000181,16,135,-119
100000188,28,117,-89
100000189,79,106,-27
100000190,147,88,59
100000191,226,165,61
100000192,23,16,7
100000193,17,55,-38
100000330,831,201,630
100000355,17,246,-229
100000362,1888,1599,289
100000363,539,926,-387
100000364,191,334,-143
100000365,1537,3345,-1808
100000366,1960,1117,843
100000367,1036,1657,-621
100000368,783,801,-18
100000369,153,265,-112
100000370,59,173,-114
100000376,10,39,-29
100000379,495,250,245
100000380,698,517,181
100000384,2474,811,1663
100000385,1635,1231,404
100000386,2556,781,1775
100000387,2480,1070,1410
100000388,6136,1238,4898
100000389,4806,1152,3654
100000390,5698,1106,4592
100000391,3148,1039,2109
100000392,1291,409,882
100000393,340,367,-27
100000394,2285,1030,1255
100000395,1092,363,729
100000396,1441,660,781
100000397,716,389,327
100000398,5757,3998,1759
100000413,4,7,-3
100900002,0,0,0
100900003,32,17,15
100900004,19,537,-518
100900005,7,2,5
100900006,0,0,0
100900007,6,0,6
100900008,2,339,-337
100900009,2,7,-5
100900010,0,0,0
100900011,2,150,-148
100900012,0,173,-173
100900013,79,0,79
100900014,0,0,0
100900015,28,17,11
100900016,0,8,-8
100900017,65,21,44
100900018,0,0,0
100900019,0,0,0
100900020,30,0,30
100900021,288,0,288
100900022,0,0,0
100900023,0,0,0
100900024,16,0,16
100900025,0,0,0
100900026,3,49,-46
100900027,132,416,-284
100900028,6,33,-27
100900029,28,1,27
100900030,3,3,0
100900031,33,3,30
100900032,42,0,42
100900033,52,39,13
100900034,71,0,71
100900035,30,0,30
100900036,0,0,0
100900037,2,159,-157
100900038,1,3,-2
100900039,69,318,-249
100900040,29,512,-483
100900041,28,527,-499
100900042,69,13,56
100900043,0,0,0
100900044,725,57,668
100900045,0,0,0
100900046,115,2,113
100900047,3,0,3
100900048,8,0,8
100900049,13,68,-55
100900050,0,4,-4
100900051,3,7,-4
100900052,8,5,3
100900053,42,5,37
100900054,0,18,-18
100900055,20,38,-18
100900056,1,12,-11
100900057,85,93,-8
100900058,17,5,12
100900059,1,0,1
100900060,16,7,9
100900061,83,66,17
100900062,0,7,-7
100900063,12,110,-98
100900064,95,6,89
100900065,5,9,-4
100900066,5,15,-10
100900067,0,0,0
100900068,4,43,-39
100900069,7,1,6
100900070,49,0,49
100900071,148,42,106
100900072,0,18,-18
100900073,10,197,-187
100900074,0,1,-1
100900075,1288,62,1226
100900076,4,6,-2
100900077,0,0,0
100900078,11,12,-1
100900079,1,8,-7
100900080,0,0,0
100900081,3,8,-5
100900082,5,408,-403
100900083,0,26,-26
100900085,1,10,-9
100900086,9,20,-11
100900088,2,278,-276
100900089,0,7,-7
100900090,4,132,-128
100900091,0,0,0
100900092,9,14,-5
100900093,37,22,15
100900094,12,201,-189
100900095,0,5,-5
100900096,4,54,-50
100900097,0,0,0
100900098,1,5,-4
100900099,6,217,-211
100900100,0,25,-25
100900101,119,8,111
100900102,0,3,-3
100900103,0,2,-2
100900104,3,59,-56
100900105,0,15,-15
100900106,11,0,11
100900107,682,103,579
100900108,0,1,-1
100900109,0,7,-7
100900110,0,0,0
100900111,18,47,-29
100900112,0,0,0
100900113,0,8,-8
100900114,0,7,-7
100900115,0,0,0
100900116,132,45,87
100900117,75,63,12
100900118,0,15,-15
100900119,0,9,-9
100900120,0,0,0
100900121,41,18,23
100900122,69,110,-41
100900123,2,6,-4
100900124,1,2,-1
100900125,0,25,-25
100900126,1,16,-15
100900127,0,1,-1
100900128,25,48,-23
100900129,0,7,-7
100900131,7,14,-7
100900133,4,7,-3
100900134,0,2,-2
100900135,0,4,-4
100900137,135,71,64
100900138,41,47,-6
100900139,0,0,0
100900140,1,393,-392
100900141,0,38,-38
100900142,0,0,0
100900143,368,109,259
100900144,1,0,1
100900145,2,42,-40
100900146,0,0,0
100900147,0,31,-31
100900148,11,508,-497
100900149,1,11,-10
100900150,0,0,0
100900151,29,239,-210
100900152,0,0,0
100900153,0,41,-41
100900154,0,2,-2
100900155,1,2,-1
100900156,0,0,0
100900157,0,32,-32
100900159,0,0,0
100900160,0,1,-1
100900161,0,0,0
100900162,0,46,-46
100900163,23,74,-51
100900164,2,4,-2
100900165,9,18,-9
100900166,0,0,0
100900167,1,24,-23
100900168,0,16,-16
100900169,112,706,-594
100900170,0,0,0
100900171,10,430,-420
100900172,0,1,-1
100900173,2,374,-372
100900174,1,1,0
100900176,328,12,316
100900177,392,36,356
100900178,0,24,-24
100900179,11,9,2
100900180,0,0,0
100900181,0,0,0
100900182,0,0,0
100900184,0,0,0
100900186,347,104,243
100900187,0,62,-62
100900188,10,0,10
100900189,148,17,131
100900191,410,138,272
100900192,88,35,53
100900195,11,75,-64
100900197,0,0,0
100900198,6,65,-59
100900199,0,0,0
100900200,210,128,82
100900201,10,386,-376
100900202,0,0,0
100900203,0,20,-20
100900204,8,13,-5
100900205,19,68,-49
100900206,19,4,15
100900207,11,34,-23
100900210,23,335,-312
100900211,54,3,51
100900213,5,6,-1
100900214,228,27,201
100900215,0,7,-7
100900217,24,19,5
101000001,1795,806,989
101000002,1677,895,782
101000003,370,355,15
101000004,6657,2828,3829
101000006,4794,2515,2279
101000007,1374,900,474
101000008,1483,1062,421
101000009,388,931,-543
101000010,203,504,-301
101000011,890,156,734
101000012,308,80,228
101000013,219,222,-3
101000014,98,121,-23
101000015,366,374,-8
101000016,73,195,-122
101000017,218,238,-20
101000018,1222,958,264
101000020,1617,367,1250
101000021,226,56,170
101000022,133,23,110
101000023,574,409,165
101000025,20,65,-45
101000026,190,11,179
101000027,710,593,117
101000028,532,135,397
101000029,3,119,-116
101000030,175,23,152
101000031,111,44,67
101000032,1449,838,611
101000033,1015,449,566
101000034,913,436,477
101000035,509,162,347
101000036,601,130,471
101000037,1445,383,1062
101000039,1238,261,977
101000040,1695,729,966
101000041,1581,431,1150
101000042,143,150,-7
101000043,1656,875,781
101000045,318,38,280
101000046,592,336,256
101000047,387,337,50
101000048,184,100,84
101000049,239,260,-21
101000050,339,195,144
101000051,737,406,331
101000052,931,195,736
101000053,323,208,115
101000054,878,167,711
101000055,1024,336,688
101000056,53,27,26
101000057,1266,266,1000
101000058,894,263,631
101000059,1032,393,639
101000060,1052,120,932
101000061,398,94,304
101000062,1379,132,1247
101000063,88,55,33
101000064,692,162,530
101000065,93,108,-15
101000066,36,23,13
101000067,192,98,94
101000068,99,106,-7
101000069,232,31,201
101000070,761,307,454
101000071,829,303,526
101000072,543,862,-319
101000073,131,74,57
101000074,1679,564,1115
101000075,3740,1318,2422
101000077,486,441,45
101000078,383,584,-201
101000079,189,1084,-895
101000080,402,730,-328
101000081,421,355,66
101000082,1569,922,647
101000083,694,478,216
101000084,512,738,-226
101000085,700,344,356
101000086,815,582,233
101000087,531,665,-134
101000088,277,251,26
101000089,221,365,-144
101000090,1467,717,750
101000091,107,576,-469
101000092,455,362,93
101000093,547,314,233
101000094,199,495,-296
101000095,68,366,-298
101000096,126,249,-123
101000097,92,124,-32
101000098,156,185,-29
101000099,487,473,14
101000100,314,223,91
101000101,102,115,-13
101000102,304,138,166
101000103,235,135,100
101000104,73,101,-28
101000105,256,31,225
101000106,104,71,33
101000107,55,100,-45
101000108,590,112,478
101000109,43,26,17
101000110,7,240,-233
101000111,13,35,-22
101000113,38,103,-65
101000114,773,429,344
101000115,7,12,-5
101000116,1,8,-7
101000117,22,38,-16
101000119,127,12,115
101000120,90,9,81
101000121,39,5,34
101000122,50,7,43
101000123,7,10,-3
101000124,190,498,-308
101000125,137,184,-47
101000128,169,104,65
101000130,232,121,111
101000131,214,363,-149
101000132,168,830,-662
101000135,59,6,53
101000136,78,51,27
101000137,15,75,-60
101000141,915,332,583
101000147,386,299,87
101000148,1286,9,1277
101000149,14,6,8
101000150,9,565,-556
101000151,14,57,-43
101000152,127,117,10
101000153,361,228,133
101000154,45,926,-881
101000155,44,53,-9
101000156,5,109,-104
101000157,14,6,8
101000160,4,4,0
101000163,2,1,1
101000164,268,149,119
101000165,133,97,36
101000166,99,131,-32
101000168,175,117,58
101000252,264,218,46
101000254,110,13,97
101000258,47,22,25
101000261,103,68,35
101000262,122,284,-162
101000263,39,173,-134
101000265,16,108,-92
101000266,107,93,14
101000269,78,5,73
101000290,481,323,158
101000293,0,16,-16
101000294,254,208,46
101000295,101,193,-92
101000301,287,34,253
101000304,910,1184,-274
101000305,855,679,176
101000328,17,166,-149
101900001,3,38,-35
101900002,0,15,-15
101900003,38,33,5
101900004,1,8,-7
101900005,2414,236,2178
101900006,209,2,207
101900007,86,16,70
101900008,28,21,7
101900009,5,29,-24
101900010,368,83,285
101900011,71,50,21
101900012,5,18,-13
101900013,495,18,477
101900017,14,22,-8
101900018,576,41,535
101900019,41,13,28
101900020,68,12,56
101900021,0,8,-8
101900022,6,453,-447
101900023,5,122,-117
101900026,21,9,12
101900027,4,78,-74
102000001,683,1418,-735
102000002,944,462,482
102000003,1917,1222,695
102000004,3623,688,2935
102000005,888,705,183
102000006,881,323,558
102000007,1042,1291,-249
102000008,3172,530,2642
102000009,2619,2637,-18
102000010,3223,1073,2150
102000011,940,984,-44
102000012,1145,1204,-59
102000018,1289,547,742
102000019,1140,280,860
102000026,72,57,15
102000029,183,52,131
102000030,50,46,4
102000031,6,92,-86
102000032,81,136,-55
102000033,24,120,-96
102000034,120,135,-15
102000035,282,121,161
102000036,0,71,-71
102000037,56,46,10
102000038,48,36,12
102000039,7,10,-3
102000040,128,33,95
102000041,37,47,-10
102000042,22,18,4
102000043,57,61,-4
102000044,63,127,-64
102000045,250,331,-81
102000046,322,120,202
102000047,332,373,-41
102000048,72,201,-129
102000049,206,139,67
102000050,259,379,-120
102000051,119,151,-32
102000052,415,352,63
102000053,182,297,-115
102000054,163,319,-156
102000055,352,418,-66
102000056,138,248,-110
102000057,369,99,270
102000058,418,606,-188
102000059,545,534,11
102000060,272,166,106
102000061,471,1397,-926
102000062,214,325,-111
102000063,585,670,-85
102000064,270,318,-48
102000065,5,41,-36
102000066,428,423,5
102000067,862,911,-49
102000068,3348,1153,2195
102000069,9,469,-460
102000070,1653,38,1615
102000071,3145,4498,-1353
102000072,1849,2651,-802
102000073,71,326,-255
102000074,76,497,-421
102000075,20,132,-112
102000076,61,237,-176
102000077,73,626,-553
102000078,180,502,-322
102000079,18,159,-141
102000080,52,110,-58
102000081,86,373,-287
102000082,357,137,220
102000083,56,410,-354
102000084,28,155,-127
102000085,696,659,37
102000086,384,412,-28
102000087,249,1110,-861
102000088,97,118,-21
102000089,191,208,-17
102000090,159,523,-364
102000091,572,225,347
102000092,279,288,-9
102000093,303,269,34
102000094,210,81,129
102000095,298,345,-47
102000096,335,126,209
102000097,834,477,357
102000098,211,302,-91
102000099,352,210,142
102000100,232,177,55
102000101,357,127,230
102000102,144,267,-123
102000103,458,131,327
102000104,488,196,292
102000105,59,489,-430
102000106,120,459,-339
102000107,114,160,-46
102000108,159,140,19
102000109,75,267,-192
102000110,149,604,-455
102000111,5,62,-57
102000112,34,17,17
102000113,2,17,-15
102000114,367,113,254
102000115,149,63,86
102000116,48,93,-45
102000117,50,242,-192
102000118,525,467,58
102000119,1181,213,968
102000120,39,164,-125
102000121,204,243,-39
102000122,73,216,-143
102000123,464,317,147
102000124,399,352,47
102000125,280,195,85
102000126,198,265,-67
102000127,404,203,201
102000128,199,406,-207
102000129,263,391,-128
102000130,163,310,-147
102000131,134,251,-117
102000132,69,184,-115
102000133,370,1256,-886
102000134,152,260,-108
102000135,613,213,400
102000136,365,72,293
102000137,237,211,26
102000138,89,142,-53
102000139,7,138,-131
102000140,68,107,-39
102000141,40,308,-268
102000142,30,139,-109
102000143,14,224,-210
102000144,26,181,-155
102000145,56,169,-113
102000146,69,156,-87
102000147,69,75,-6
102000148,49,56,-7
102000149,46,218,-172
102000150,53,89,-36
102000151,33,120,-87
102000152,49,88,-39
102000153,203,80,123
102000154,107,209,-102
102000155,79,109,-30
102000156,104,15,89
102000157,26,63,-37
102000158,136,61,75
102000159,757,39,718
102000161,1900,247,1653
102000162,85,46,39
102000163,14,68,-54
102000164,253,85,168
102000165,111,53,58
102000166,9,48,-39
102000167,48,73,-25
102000168,52,57,-5
102000169,37,96,-59
102000170,378,48,330
102000171,34,28,6
102000172,2,52,-50
102000173,97,103,-6
102000174,13,30,-17
102000175,30,31,-1
102000176,12,13,-1
102000178,40,242,-202
102000179,40,104,-64
102000180,130,302,-172
102000181,67,387,-320
102000182,175,515,-340
102000183,206,451,-245
102000184,251,550,-299
102000185,198,419,-221
102000186,261,1113,-852
102000187,151,963,-812
102000188,84,323,-239
102000189,1401,407,994
102000190,202,388,-186
102000191,677,85,592
102000192,292,498,-206
102000193,12,85,-73
102000194,11,63,-52
102000195,143,313,-170
102000196,28,289,-261
102000197,117,315,-198
102000198,26,411,-385
102000199,61,204,-143
102000200,47,494,-447
102000201,107,249,-142
102000202,0,57,-57
102000203,48,162,-114
102000204,63,246,-183
102000205,116,215,-99
102000206,110,319,-209
102000207,100,154,-54
102000208,57,248,-191
102000209,19,34,-15
102000210,14,446,-432
102000211,70,195,-125
102000212,16,12,4
102000213,2,156,-154
102000214,25,3,22
102000215,1,301,-300
102000216,4,3,1
102000217,5,133,-128
102000218,25,30,-5
102000219,122,204,-82
102000225,176,44,132
102000226,98,21,77
102000227,10,0,10
102000228,0,50,-50
102000229,13,6,7
102000230,69,208,-139
102000231,95,188,-93
102000232,2,40,-38
102000233,170,200,-30
102000234,16,160,-144
102000236,194,34,160
102000237,134,62,72
102000238,83,91,-8
102000240,417,321,96
102000241,128,36,92
102000243,2,25,-23
102000245,12,52,-40
102000246,4,18,-14
102000247,448,338,110
102000248,315,352,-37
102000249,30,72,-42
102000250,15,181,-166
102000254,12,179,-167
102000266,13,78,-65
102000271,42,28,14
102000286,119,96,23
102000297,540,273,267
102000299,0,0,0
102000301,0,0,0
102000305,0,0,0
102000307,0,6,-6
102900001,170,158,12
102900002,93,3,90
102900003,8,149,-141
102900005,24,47,-23
102900006,66,14,52
102900007,55,9,46
102900008,35,4,31
102900009,0,0,0
102900010,46,149,-103
102900011,1069,83,986
102900012,88,19,69
102900013,0,0,0
102900015,203,40,163
102900016,0,0,0
102900017,0,0,0
102900018,0,0,0
102900019,23,68,-45
102900020,15,11,4
102900021,0,0,0
102900022,128,54,74
102900023,0,0,0
102900024,6,12,-6
102900025,0,0,0
102900026,108,240,-132
102900027,8,10,-2
102900028,15,70,-55
102900029,25,35,-10
102900030,28,36,-8
102900031,20,23,-3
102900032,2,51,-49
102900033,0,0,0
102900034,29,36,-7
102900035,3,279,-276
102900036,12,195,-183
102900037,37,207,-170
102900038,87,125,-38
102900039,1,104,-103
102900040,34,71,-37
102900041,8,61,-53
102900042,48,179,-131
102900043,30,154,-124
102900044,111,989,-878
102900045,7,348,-341
102900046,14,168,-154
102900047,22,255,-233
102900048,143,433,-290
102900049,19,178,-159
102900050,59,140,-81
102900051,48,71,-23
102900053,107,329,-222
102900054,98,205,-107
102900055,0,0,0
102900056,32,178,-146
102900057,0,0,0
102900058,116,13,103
102900059,0,0,0
102900060,3,137,-134
102900061,9,228,-219
102900062,13,846,-833
102900063,89,104,-15
102900064,13,90,-77
102900065,203,83,120
102900066,53,2,51
102900068,35,25,10
102900070,10,261,-251
102900072,1,15,-14
102900073,39,2,37
102900075,0,0,0
102900076,0,0,0
102900077,0,0,0
102900078,0,0,0
102900079,41,1,40
102900080,22,2,20
102900081,18,94,-76
102900082,3,75,-72
102900083,0,0,0
102900084,0,0,0
102900085,0,0,0
102900086,0,0,0
102900087,4,34,-30
102900088,0,16,-16
102900089,76,40,36
102900090,2,273,-271
102900091,20,0,20
102900092,52,640,-588
102900094,1,21,-20
102900095,13,0,13
102900096,9,5,4
102900097,3,72,-69
103000001,1045,1281,-236
103000002,712,849,-137
103000003,1318,1059,259
103000004,471,279,192
103000005,730,598,132
103000006,237,511,-274
103000007,197,348,-151
103000008,241,583,-342
103000009,102,270,-168
103000010,93,127,-34
103000011,868,426,442
103000012,498,419,79
103000013,4085,1120,2965
103000014,504,354,150
103000015,1172,483,689
103000016,207,227,-20
103000017,13,23,-10
103000018,436,143,293
103000019,22,14,8
103000020,607,683,-76
103000021,259,328,-69
103000022,401,612,-211
103000023,129,290,-161
103000024,58,67,-9
103000025,26,52,-26
103000026,1028,72,956
103000027,111,65,46
103000028,410,117,293
103000029,348,74,274
103000030,1386,179,1207
103000031,544,372,172
103000032,753,711,42
103000033,1012,719,293
103000034,860,340,520
103000035,173,417,-244
103000036,228,132,96
103000037,428,184,244
103000038,250,277,-27
103000039,45,234,-189
103000040,45,540,-495
103000041,636,1400,-764
103000042,266,376,-110
103000043,73,552,-479
103000044,48,156,-108
103000046,97,100,-3
103000047,103,245,-142
103000048,61,37,24
103000049,56,50,6
103000050,157,273,-116
103000051,82,164,-82
103000052,245,220,25
103000053,48,133,-85
103000054,618,482,136
103000055,569,475,94
103000056,275,1034,-759
103000057,206,130,76
103000058,145,431,-286
103000059,127,297,-170
103000060,387,376,11
103000061,171,299,-128
103000062,404,443,-39
103000063,244,277,-33
103000064,63,168,-105
103000065,3,192,-189
103000066,35,9,26
103000069,52,193,-141
103000070,143,669,-526
103000071,223,116,107
103000072,32,475,-443
103000073,55,30,25
103000074,79,32,47
103000075,68,416,-348
103000076,37,15,22
103000077,21,187,-166
103000078,330,55,275
103000079,611,194,417
103000080,411,61,350
103000081,135,192,-57
103000082,72,43,29
103000083,8,174,-166
103000084,0,0,0
103000085,1,24,-23
103000086,205,63,142
103000087,27,146,-119
103000088,146,147,-1
103000089,71,120,-49
103000090,611,542,69
103000091,173,198,-25
103000092,60,117,-57
103000093,129,341,-212
103000094,28,40,-12
103000095,10,206,-196
103000096,147,35,112
103000097,14,322,-308
103000098,465,24,441
103000099,89,234,-145
103000100,17,450,-433
103000101,121,52,69
103000102,27,346,-319
103000103,110,110,0
103000104,11,79,-68
103000105,25,42,-17
103000106,1,80,-79
103000107,80,44,36
103000108,236,344,-108
103000109,186,205,-19
103000110,284,197,87
103000111,243,211,32
103000112,104,106,-2
103000113,80,321,-241
103000114,206,126,80
103000115,160,215,-55
103000116,137,270,-133
103000117,84,251,-167
103000118,564,526,38
103000119,1130,432,698
103000120,23,53,-30
103000121,58,215,-157
103000122,64,78,-14
103000125,2,296,-294
103000126,73,1,72
103000127,0,260,-260
103000128,32,1,31
103000129,1,146,-145
103000130,8,3,5
103000131,171,45,126
103000132,57,23,34
103000133,7,109,-102
103000134,307,145,162
103000135,348,63,285
103000136,388,153,235
103000137,129,134,-5
103000138,199,119,80
103000139,2,25,-23
103000140,74,9,65
103000141,15,63,-48
103000142,39,15,24
103000143,10,94,-84
103000144,59,32,27
103000145,0,19,-19
103000150,34,26,8
103000152,95,142,-47
103000153,44,81,-37
103000156,0,381,-381
103000157,67,0,67
103000159,41,12,29
103000162,12,3,9
103000163,1,3,-2
103000164,4,1,3
103000165,55,258,-203
103000166,17,13,4
103000167,20,79,-59
103000168,23,128,-105
103000169,21,26,-5
103000170,243,220,23
103000171,5,35,-30
103000172,57,138,-81
103000173,85,409,-324
103000174,89,173,-84
103000175,66,347,-281
103000176,273,41,232
103000177,344,186,158
103000178,178,114,64
103000179,20,8,12
103000183,5,20,-15
103000185,15,27,-12
103000186,14,79,-65
103000187,52,391,-339
103000188,6,33,-27
103000189,191,558,-367
103000191,121,121,0
103000292,1286,177,1109
103000293,814,235,579
103000295,9,32,-23
103000296,22,1,21
103000297,10,0,10
103000504,98,14,84
103000505,4,3,1
103000506,0,105,-105
103000507,57,1,56
103000508,59,18,41
103000509,71,275,-204
103900001,0,125,-125
103900002,739,43,696
103900003,494,25,469
103900004,0,0,0
103900005,0,116,-116
103900006,0,0,0
103900007,0,0,0
103900008,0,1,-1
103900009,33,93,-60
103900010,29,85,-56
103900011,8,131,-123
103900012,0,1,-1
103900013,4,67,-63
103900014,0,7,-7
103900015,6,9,-3
103900016,101,190,-89
103900017,4,70,-66
103900018,349,59,290
103900019,5,38,-33
103900020,25,60,-35
103900021,7,0,7
103900022,184,279,-95
103900023,13,0,13
103900024,44,333,-289
103900025,1,12,-11
103900026,0,0,0
103900027,21,65,-44
103900028,2,79,-77
103900029,199,87,112
103900030,10,4,6
103900031,1,0,1
103900032,7,4,3
103900033,2,0,2
103900034,2,101,-99
103900035,4,14,-10
103900036,5,2,3
103900037,3,9,-6
103900038,4,17,-13
103900039,4,220,-216
103900040,1,129,-128
103900041,1,5,-4
103900042,14,297,-283
103900043,7,31,-24
103900044,47,25,22
103900045,31,38,-7
103900047,8,8,0
103900048,16,11,5
103900049,117,447,-330
103900050,2,47,-45
103900051,0,17,-17
103900052,35,281,-246
103900053,44,551,-507
103900054,2,379,-377
103900055,63,112,-49
103900056,5,38,-33
103900057,5,189,-184
103900058,7,374,-367
103900059,0,3,-3
103900060,4,69,-65
103900061,7,29,-22
103900062,12,18,-6
103900063,2,0,2
103900064,2,0,2
103900065,327,153,174
103900066,11,0,11
103900067,0,1,-1
103900068,0,0,0
103900069,3,2,1
103900070,22,114,-92
103900071,11,106,-95
103900072,1,164,-163
103900073,3,0,3
103900074,2,44,-42
103900075,17,31,-14
103900076,65,295,-230
103900077,11,10,1
103900078,7,51,-44
103900079,17,100,-83
103900080,0,4,-4
103900081,0,0,0
103900082,1,25,-24
103900083,944,47,897
103900084,5,55,-50
103900085,36,38,-2
103900086,43,120,-77
103900088,115,36,79
103900089,14,79,-65
103900090,2,83,-81
103900091,358,69,289
103900092,43,263,-220
103900093,37,197,-160
103900094,6,99,-93
103900095,23,81,-58
103900096,5,199,-194
103900097,2,250,-248
103900098,60,30,30
103900099,3,152,-149
103900100,12,171,-159
103900101,32,425,-393
103900102,1,14,-13
103900104,0,10,-10
103900105,25,73,-48
103900106,0,4,-4
103900107,4,66,-62
103900108,31,235,-204
103900109,7,22,-15
103900110,45,11,34
103900111,4,425,-421
103900112,5,20,-15
103900113,40,80,-40
103900114,233,125,108
103900115,73,39,34
103900116,2872,196,2676
103900117,185,56,129
103900119,2,8,-6
103900120,12,34,-22
103900122,5,165,-160
103900123,509,132,377
103900124,20,408,-388
103900125,24,37,-13
103900126,90,146,-56
103900127,20,363,-343
103900128,5,142,-137
103900131,5,84,-79
103900133,157,4,153
103900134,0,0,0
103900135,0,2,-2
103900137,0,8,-8
103900138,0,87,-87
103900139,118,247,-129
103900140,0,0,0
103900141,51,22,29
103900142,2,32,-30
103900143,5,0,5
103900144,0,15,-15
103900145,50,213,-163
103900146,44,129,-85
103900147,62,46,16
103900148,15,90,-75
103900149,4,401,-397
103900150,2686,356,2330
103900151,4,38,-34
103900152,26,373,-347
103900153,0,0,0
103900154,592,142,450
103900155,4,52,-48
103900156,13,62,-49
103900157,4,120,-116
103900158,3,79,-76
103900159,8,15,-7
103900160,4,3,1
103900161,16,69,-53
103900162,36,92,-56
103900163,1,204,-203
103900167,0,8,-8
103900168,2,35,-33
103900169,2,7,-5
103900170,0,46,-46
103900171,0,24,-24
103900172,1,16,-15
103900173,2,5,-3
103900174,11,20,-9
103900175,14,8,6
103900176,6,3,3
103900177,2,25,-23
103900178,8,22,-14
103900179,1,76,-75
103900180,0,68,-68
103900181,14,8,6
103900182,13,3,10
103900184,230,7,223
103900185,53,17,36
103900187,16,8,8
103900188,7,1,6
103900189,27,1,26
103900190,9,17,-8
103900191,3,20,-17
103900192,4,28,-24
103900193,55,42,13
103900194,3,113,-110
103900195,0,7,-7
103900196,3,16,-13
103900197,1,15,-14
103900198,5,33,-28
103900199,14,38,-24
103900200,9,54,-45
103900201,8,101,-93
103900202,0,28,-28
103900203,6,8,-2
103900204,0,55,-55
103900207,0,72,-72
103900208,8,5,3
103900209,2,41,-39
103900210,2,10,-8
103900211,81,256,-175
103900212,10,317,-307
103900213,41,141,-100
103900214,14,3,11
103900215,674,147,527
103900216,4,196,-192
103900217,1,34,-33
103900218,0,45,-45
103900219,5,93,-88
103900233,17,1,16
103900235,6,2,4
103900236,5,0,5
103900242,3,2,1
103900243,0,3,-3
103900244,7,152,-145
103900245,3,75,-72
103900246,17,17,0
103900247,14,69,-55
103900248,0,4,-4
103900249,0,3,-3
103900250,4,0,4
103900251,0,6,-6
103900253,15,5,10
103900254,2,1,1
103900255,0,1,-1
103900256,7,5,2
103900257,33,13,20
103900258,8,0,8
103900259,39,0,39
103900261,0,0,0
103900262,6,0,6
103900263,12,25,-13
103900264,14,1,13
103900265,11,1,10
103900266,0,11,-11
103900267,0,52,-52
103900268,0,79,-79
103900269,32,18,14
103900270,0,75,-75
103900271,12,94,-82
103900272,0,0,0
103900273,0,0,0
103900274,0,0,0
103900275,0,0,0
103900276,0,0,0
103900277,0,0,0
103900278,0,0,0
103900279,0,0,0
103900280,0,0,0
104000001,940,1271,-331
104000002,690,1148,-458
104000003,954,1126,-172
104000004,2011,1095,916
104000005,431,695,-264
104000006,1177,1218,-41
104000007,1635,1514,121
104000008,150,439,-289
104000009,47,106,-59
104000010,16,66,-50
104000011,388,320,68
104000012,50,295,-245
104000013,14,36,-22
104000014,107,457,-350
104000015,52,48,4
104000016,115,269,-154
104000018,189,72,117
104000019,122,46,76
104000020,64,530,-466
104000021,149,503,-354
104000022,39,156,-117
104000023,142,113,29
104000024,62,135,-73
104000026,20,69,-49
104000027,59,276,-217
104000028,89,158,-69
104000029,126,338,-212
104000030,46,157,-111
104000031,147,89,58
104000032,92,228,-136
104000033,101,100,1
104000034,81,233,-152
104000035,138,192,-54
104000036,137,225,-88
104000037,95,160,-65
104000038,98,105,-7
104000039,68,306,-238
104000040,216,289,-73
104000041,119,117,2
104000042,78,312,-234
104000043,79,239,-160
104000044,123,452,-329
104000045,260,731,-471
104000046,442,724,-282
104000047,201,654,-453
104000048,580,1131,-551
104000049,96,110,-14
104000050,55,232,-177
104000051,66,476,-410
104000052,290,556,-266
104000053,266,316,-50
104000054,57,217,-160
104000055,1794,997,797
104000056,763,129,634
104000057,72,439,-367
104000058,300,394,-94
104000059,127,467,-340
104000060,133,492,-359
104000061,312,502,-190
104000062,77,138,-61
104000064,314,114,200
104000065,47,178,-131
104000069,673,288,385
104000070,12,105,-93
104000071,93,291,-198
104000072,124,128,-4
104000075,15,70,-55
104000076,98,9,89
104000082,707,798,-91
104000083,328,62,266
104000084,54,271,-217
104000085,40,63,-23
104000086,70,248,-178
104000087,121,213,-92
104000090,202,781,-579
104000092,171,1301,-1130
104000094,231,1050,-819
104000095,695,768,-73
104000096,182,176,6
104000097,293,344,-51
104000098,160,528,-368
104000100,202,279,-77
104000101,432,726,-294
104000106,182,347,-165
104000107,107,335,-228
104000108,102,243,-141
104000109,81,5,76
104000110,435,473,-38
104000111,1985,497,1488
104000112,873,211,662
104000116,3,813,-810
104000117,4,435,-431
104000118,95,124,-29
104000119,74,110,-36
104000120,9,430,-421
104000121,82,286,-204
104000122,180,359,-179
104000123,289,531,-242
104000124,719,1179,-460
104000125,2364,1033,1331
104000126,98,235,-137
104000127,939,1703,-764
104000128,179,265,-86
104000129,194,16,178
104000130,4,97,-93
104000131,726,456,270
104000132,447,745,-298
104000133,498,438,60
104000134,381,606,-225
104000135,145,353,-208
104000136,421,632,-211
104000137,893,93,800
104000138,899,166,733
104000139,5415,1285,4130
104000141,822,989,-167
104000142,216,552,-336
104000143,158,643,-485
104000144,14,56,-42
104000145,68,44,24
104000146,252,328,-76
104000147,51,150,-99
104000148,30,31,-1
104000149,106,238,-132
104000150,105,132,-27
104000151,115,463,-348
104000152,142,619,-477
104000153,28,150,-122
104000154,621,475,146
104000155,69,154,-85
104000157,623,1094,-471
104000158,65,125,-60
104000159,141,161,-20
104000160,856,548,308
104000161,70,33,37
104000162,23,49,-26
104000165,370,298,72
104000167,93,153,-60
104000168,117,0,117
104000169,0,0,0
104000170,627,99,528
104000248,2,346,-344
104000251,31,159,-128
104000272,1,0,1
104000273,0,0,0
104000274,0,0,0
104000275,5,2,3
104000279,319,252,67
104000290,17,207,-190
104000291,504,372,132
104000293,210,259,-49
104000294,0,0,0
104000295,148,423,-275
104000296,99,331,-232
104000297,416,662,-246
104000298,794,407,387
104000299,226,696,-470
104000302,84,87,-3
104000303,98,116,-18
104900001,3,45,-42
104900002,5,18,-13
104900003,8,227,-219
104900004,17,165,-148
104900005,25,62,-37
104900006,12,13,-1
104900007,35,80,-45
104900009,14,212,-198
104900010,2,5,-3
104900011,0,1,-1
104900012,17,1,16
104900013,23,3,20
104900014,1143,70,1073
104900015,13,0,13
104900016,29,197,-168
104900017,4,80,-76
104900018,0,82,-82
104900019,19,120,-101
104900020,9,108,-99
104900021,0,0,0
104900022,4,94,-90
104900023,0,0,0
104900024,2,51,-49
104900025,12,169,-157
104900026,0,0,0
104900027,28,20,8
104900028,25,53,-28
104900029,0,0,0
104900030,46,22,24
104900031,56,122,-66
104900032,5,47,-42
104900033,0,0,0
104900034,27,15,12
104900035,18,16,2
104900036,8,3,5
104900037,18,66,-48
104900038,142,51,91
104900039,0,0,0
104900040,8,14,-6
104900041,0,0,0
104900042,46,123,-77
104900043,0,0,0
104900044,21,22,-1
104900045,0,0,0
104900046,6,22,-16
104900047,8,22,-14
104900048,10,10,0
104900049,0,0,0
104900050,22,18,4
104900051,2,7,-5
104900052,0,0,0
104900053,34,6,28
104900054,22,0,22
104900055,0,0,0
104900056,35,1,34
104900057,2,0,2
104900058,34,39,-5
104900059,0,0,0
104900060,0,157,-157
104900061,94,303,-209
104900063,0,75,-75
104900064,1,67,-66
104900065,1,42,-41
104900066,0,75,-75
104900067,0,131,-131
104900068,2,155,-153
104900070,18,187,-169
104900071,1,416,-415
104900072,0,82,-82
104900073,3,86,-83
104900074,28,100,-72
104900075,8,19,-11
104900076,13,241,-228
104900077,300,19,281
104900078,52,371,-319
104900079,47,23,24
104900080,9,246,-237
104900082,2,43,-41
104900085,1,44,-43
104900087,35,1,34
104900089,0,0,0
104900090,46,30,16
104900091,172,290,-118
104900093,43,199,-156
104900097,1072,330,742
104900098,6,12,-6
104900099,120,162,-42
104900100,343,50,293
104900102,6,97,-91
104900103,162,40,122
104900104,754,163,591
104900106,4,49,-45
104900107,8,163,-155
104900108,7,59,-52
104900109,5,1,4
104900110,3,22,-19
104900111,25,28,-3
104900112,50,417,-367
104900113,112,175,-63
104900114,35,303,-268
104900115,59,197,-138
104900116,22,142,-120
104900118,1,48,-47
104900119,0,9,-9
104900120,0,0,0
104900121,0,0,0
104900122,0,0,0
104900123,0,0,0
104900124,0,0,0
104900125,50,37,13
104900126,44,19,25
104900127,2,3,-1
104900128,0,9,-9
104900129,632,147,485
105000001,1069,977,92
105000002,687,895,-208
105000003,998,1666,-668
105000004,146,548,-402
105000005,255,564,-309
105000006,329,615,-286
105000007,238,487,-249
105000008,265,814,-549
105000009,383,933,-550
105000010,1223,1192,31
105000011,532,657,-125
105000012,1808,1704,104
105000013,369,369,0
105000014,380,687,-307
105000015,3281,1266,2015
105000016,1368,609,759
105000017,588,460,128
105000018,374,386,-12
105000019,566,308,258
105000020,72,241,-169
105000021,129,85,44
105000022,40,14,26
105000023,129,61,68
105000028,26,86,-60
105000029,129,266,-137
105000030,1860,1916,-56
105000031,1,14,-13
105000033,598,1263,-665
105000034,51,190,-139
105000037,249,275,-26
105000038,255,322,-67
105000039,1950,1095,855
105000040,90,211,-121
105000041,232,835,-603
105000042,536,307,229
105000043,1024,1456,-432
105000044,78,108,-30
105000045,120,561,-441
105000046,118,125,-7
105000047,171,848,-677
105000048,112,70,42
105000049,159,400,-241
105000050,34,43,-9
105000051,119,336,-217
105000052,75,404,-329
105000053,68,140,-72
105000054,54,474,-420
105000055,102,218,-116
105000056,142,1033,-891
105000057,380,598,-218
105000058,504,771,-267
105000059,71,167,-96
105000060,112,350,-238
105000061,68,123,-55
105000062,263,546,-283
105000063,105,435,-330
105000064,126,243,-117
105000065,137,641,-504
105000066,267,1033,-766
105000067,137,180,-43
105000068,342,460,-118
105000069,1137,194,943
105000070,337,369,-32
105000071,36,76,-40
105000072,314,188,126
105000073,277,189,88
105000074,348,559,-211
105000075,178,344,-166
105000076,439,608,-169
105000077,798,346,452
105000078,572,476,96
105000079,702,940,-238
105000080,398,304,94
105000081,359,378,-19
105000082,101,188,-87
105000083,180,197,-17
105000084,190,647,-457
105000085,353,266,87
105000086,261,506,-245
105000087,1072,952,120
105000088,352,348,4
105000089,1565,1469,96
105000090,507,547,-40
105000091,1118,1128,-10
105000092,241,765,-524
105000093,187,104,83
105000094,120,80,40
105000095,54,233,-179
105000096,260,268,-8
105000097,328,331,-3
105000098,113,231,-118
105000099,216,486,-270
105000100,379,617,-238
105000101,679,1114,-435
105000102,407,825,-418
105000103,509,1016,-507
105000104,330,403,-73
105000105,200,799,-599
105000106,326,644,-318
105000107,207,402,-195
105000108,275,640,-365
105000109,328,747,-419
105000110,218,308,-90
105000111,152,267,-115
105000112,384,341,43
105000113,71,210,-139
105000114,1600,334,1266
105000115,119,297,-178
105000116,82,106,-24
105000117,283,750,-467
105000118,52,132,-80
105000119,145,563,-418
105000120,99,217,-118
105000121,234,631,-397
105000122,62,133,-71
105000123,352,724,-372
105000124,276,485,-209
105000125,117,786,-669
105000126,487,1134,-647
105000127,753,1006,-253
105000128,84,670,-586
105000129,183,176,7
105000130,15,221,-206
105000131,122,130,-8
105000132,176,83,93
105000133,130,480,-350
105000134,98,170,-72
105000135,137,285,-148
105000136,38,159,-121
105000137,36,20,16
105000138,95,181,-86
105000139,333,666,-333
105000140,19,59,-40
105000141,59,355,-296
105000142,3,87,-84
105000143,53,320,-267
105000144,93,334,-241
105000145,65,117,-52
105000146,125,326,-201
105000147,27,34,-7
105000148,101,41,60
105000149,147,66,81
105000150,621,628,-7
105000151,98,131,-33
105000152,44,322,-278
105000153,128,183,-55
105000154,179,461,-282
105000155,73,228,-155
105000156,219,509,-290
105000157,369,1069,-700
105000158,425,341,84
105000159,214,731,-517
105000160,362,323,39
105000161,281,1089,-808
105000162,128,339,-211
105000163,480,591,-111
105000164,113,109,4
105000165,500,812,-312
105000166,3573,110,3463
105000167,1210,531,679
105000168,18,487,-469
105000169,82,262,-180
105000170,8,353,-345
105000171,430,140,290
105000172,3,4,-1
105000173,1,3,-2
105000174,0,0,0
105000175,20,52,-32
105000176,29,25,4
105000177,39,43,-4
105000178,17,98,-81
105000179,39,41,-2
105000180,18,56,-38
105000181,2,72,-70
105000182,7,18,-11
105000183,995,391,604
105000184,788,371,417
105000185,273,93,180
105000186,160,677,-517
105000187,101,87,14
105000188,16,24,-8
105000189,50,420,-370
105000190,14,40,-26
105000191,129,277,-148
105000192,11,97,-86
105000193,20,48,-28
105000194,73,42,31
105000195,70,531,-461
105000196,10,50,-40
105000197,41,298,-257
105000198,261,85,176
105000199,56,49,7
105000200,22,121,-99
105000201,22,10,12
105000203,4,179,-175
105000204,47,26,21
105000205,46,167,-121
105000207,296,113,183
105000208,0,2,-2
105000209,51,181,-130
105000211,16,4,12
105000212,240,698,-458
105000213,80,81,-1
105000214,7,104,-97
105000215,15,106,-91
105000216,19,280,-261
105000217,42,188,-146
105000218,117,392,-275
105000221,38,110,-72
105000222,6,17,-11
105000223,48,72,-24
105000226,8,58,-50
105000227,1,27,-26
105000228,33,284,-251
105000229,9,123,-114
105000231,0,4,-4
105000233,236,215,21
105000234,260,714,-454
105000235,41,157,-116
105000237,72,14,58
105000243,6,14,-8
105000248,43,29,14
105000262,56,816,-760
105000269,25,62,-37
105000270,48,60,-12
105000271,1,164,-163
105000282,16,12,4
105000287,98,43,55
105000288,32,152,-120
105000289,180,246,-66
105000290,0,0,0
105000402,1952,760,1192
105000426,139,188,-49
105000438,208,232,-24
105000440,1,6,-5
105000446,4775,1681,3094
105000447,2942,945,1997
105000454,32,477,-445
105000455,87,110,-23
105000474,0,0,0
105000477,22,139,-117
105000478,320,436,-116
105000479,15,75,-60
105000480,467,532,-65
105000481,704,668,36
105000482,1769,1191,578
105000483,380,413,-33
105000484,888,1175,-287
105000485,617,647,-30
105000486,1357,1154,203
105000488,964,1041,-77
105000489,146,297,-151
105000549,0,16,-16
105000550,199,503,-304
105000551,9,40,-31
105000552,2379,905,1474
105000555,248,249,-1
105000556,24,7,17
105000557,11,110,-99
105900001,4,280,-276
105900002,830,85,745
105900003,3,26,-23
105900004,173,42,131
105900005,2,179,-177
105900006,1,36,-35
105900007,2,3,-1
105900008,20,393,-373
105900009,0,9,-9
105900011,15,29,-14
105900012,193,102,91
105900013,1,21,-20
105900014,0,36,-36
105900015,50,149,-99
105900016,24,355,-331
105900017,109,36,73
105900018,81,137,-56
105900019,70,322,-252
105900020,5,30,-25
105900021,0,142,-142
105900022,45,122,-77
105900023,0,58,-58
105900024,1,65,-64
105900025,10,20,-10
105900026,59,16,43
105900027,1294,1128,166
105900028,9,98,-89
105900029,1032,180,852
105900030,64,144,-80
105900031,130,74,56
105900032,21,69,-48
105900033,9,78,-69
105900034,8,128,-120
105900035,22,74,-52
105900036,15,58,-43
105900037,27,22,5
105900038,26,135,-109
105900039,13,55,-42
105900040,39,44,-5
105900041,102,144,-42
105900042,7,46,-39
105900043,644,8,636
105900044,0,52,-52
105900045,1,129,-128
105900046,0,88,-88
105900047,2,13,-11
105900048,15,197,-182
105900050,403,162,241
105900051,3,498,-495
105900052,66,45,21
105900053,1710,211,1499
105900054,122,111,11
105900056,294,62,232
105900057,3,49,-46
105900058,1,7,-6
105900059,0,3,-3
106000001,863,342,521
106000002,1155,1614,-459
106000003,1456,656,800
106000004,1047,1012,35
106000005,942,1466,-524
106000006,2600,1917,683
106000007,228,176,52
106000008,190,182,8
106000009,179,116,63
106000010,293,320,-27
106000011,211,357,-146
106000012,332,793,-461
106000013,520,699,-179
106000014,774,827,-53
106000015,345,387,-42
106000016,570,1153,-583
106000017,283,367,-84
106000018,212,438,-226
106000019,99,259,-160
106000020,74,298,-224
106000021,156,267,-111
106000022,113,203,-90
106000023,180,207,-27
106000024,164,437,-273
106000025,53,72,-19
106000026,123,240,-117
106000027,117,223,-106
106000028,156,503,-347
106000029,422,866,-444
106000030,365,152,213
106000034,186,244,-58
106000035,218,258,-40
106000036,153,150,3
106000037,447,794,-347
106000038,134,58,76
106000039,62,40,22
106000040,87,399,-312
106000041,289,124,165
106000043,98,24,74
106000046,138,16,122
106000047,11,193,-182
106000049,84,38,46
106000050,102,432,-330
106000051,48,124,-76
106000052,25,357,-332
106000053,2,0,2
106000054,114,232,-118
106000055,57,189,-132
106000056,165,296,-131
106000057,1,1,0
106000058,44,129,-85
106000059,30,66,-36
106000060,313,378,-65
106000061,71,94,-23
106000062,153,355,-202
106000063,99,122,-23
106000064,46,245,-199
106000065,12,31,-19
106000066,30,175,-145
106000067,13,33,-20
106000068,4,348,-344
106000069,8,45,-37
106000070,69,450,-381
106000071,41,106,-65
106000072,1922,468,1454
106000073,692,564,128
106000074,100,256,-156
106000075,86,388,-302
106000076,318,657,-339
106000077,728,471,257
106000078,138,415,-277
106000079,148,509,-361
106000080,241,436,-195
106000081,137,347,-210
106000082,720,438,282
106000083,98,424,-326
106000084,129,310,-181
106000085,373,404,-31
106000086,127,225,-98
106000087,137,237,-100
106000088,56,428,-372
106000089,161,192,-31
106000090,71,311,-240
106000091,134,265,-131
106000092,72,70,2
106000093,35,34,1
106000094,27,266,-239
106000095,83,604,-521
106000096,124,358,-234
106000097,156,838,-682
106000098,57,486,-429
106000099,15,498,-483
106000100,105,206,-101
106000101,119,194,-75
106000102,20,322,-302
106000103,101,338,-237
106000104,151,172,-21
106000105,147,589,-442
106000106,136,156,-20
106000107,44,305,-261
106000108,65,166,-101
106000109,40,279,-239
106000110,45,159,-114
106000111,59,356,-297
106000112,31,160,-129
106000113,610,354,256
106000114,243,115,128
106000115,95,323,-228
106000116,68,114,-46
106000117,476,435,41
106000118,342,368,-26
106000119,1439,459,980
106000120,280,185,95
106000121,39,113,-74
106000122,13,124,-111
106000123,68,197,-129
106000124,22,139,-117
106000125,3,156,-153
106000126,33,113,-80
106000127,76,529,-453
106000128,68,134,-66
106000129,116,335,-219
106000130,136,146,-10
106000131,45,236,-191
106000132,287,36,251
106000133,2248,388,1860
106000134,187,144,43
106000135,91,571,-480
106000136,134,100,34
106000137,38,1012,-974
106000138,86,23,63
106000139,0,0,0
106000140,28,85,-57
106000141,12,80,-68
106000142,0,0,0
106000143,18,74,-56
106000144,0,0,0
106000145,57,278,-221
106000146,0,0,0
106000147,188,298,-110
106000148,221,396,-175
106000149,144,230,-86
106000150,150,537,-387
106000151,1876,246,1630
106000152,676,263,413
106000153,39,427,-388
106000154,916,149,767
106000155,18,51,-33
106000156,169,123,46
106000157,245,772,-527
106000158,1259,205,1054
106000159,2383,568,1815
106000160,30,344,-314
106000161,471,271,200
106000162,40,161,-121
106000163,76,264,-188
106000164,56,106,-50
106000165,70,401,-331
106000166,63,89,-26
106000167,115,890,-775
106000168,38,85,-47
106000169,29,409,-380
106000170,44,80,-36
106000171,24,365,-341
106000172,466,319,147
106000173,217,1173,-956
106000174,41,126,-85
106000175,63,558,-495
106000176,218,250,-32
106000177,207,1125,-918
106000178,646,420,226
106000179,328,848,-520
106000180,325,1010,-685
106000181,129,918,-789
106000182,126,314,-188
106000183,90,480,-390
106000184,175,415,-240
106000185,163,363,-200
106000186,217,73,144
106000187,52,282,-230
106000188,0,3,-3
106000189,1,26,-25
106000190,0,0,0
106000191,130,115,15
106000192,0,15,-15
106000193,78,57,21
106000194,76,184,-108
106000195,47,31,16
106000196,23,128,-105
106000197,60,130,-70
106000198,31,199,-168
106000199,340,164,176
106000200,141,45,96
106000201,154,250,-96
106000202,2884,155,2729
106000203,92,66,26
106000204,5,3,2
106000205,5,64,-59
106000206,8,5,3
106000207,24,503,-479
106000208,79,10,69
106000209,74,63,11
106000210,71,738,-667
106000211,144,958,-814
106000212,54,19,35
106000213,285,413,-128
106000214,655,89,566
106000215,93,252,-159
106000216,92,110,-18
106000217,92,276,-184
106000218,104,120,-16
106000219,32,184,-152
106000220,64,107,-43
106000221,30,145,-115
106000222,47,64,-17
106000223,12,51,-39
106000224,42,168,-126
106000225,11,31,-20
106000226,38,201,-163
106000228,5,53,-48
106000229,15,456,-441
106000231,74,14,60
106000232,20,221,-201
106000233,48,32,16
106000234,20,112,-92
106000235,41,12,29
106000236,15,24,-9
106000237,0,15,-15
106000238,2,5,-3
106000239,0,30,-30
106000240,5,0,5
106000241,3,290,-287
106000242,12,5,7
106000249,0,0,0
106000250,19,172,-153
106000251,9,16,-7
106000252,10,40,-30
106000253,2,21,-19
106000254,17,45,-28
106000255,1,37,-36
106000256,33,75,-42
106000257,17,189,-172
106000258,5,3,2
106000259,0,19,-19
106000260,3,4,-1
106000261,0,18,-18
106000262,0,7,-7
106000263,0,31,-31
106000264,37,6,31
106000265,4,62,-58
106000266,21,2,19
106000267,5,73,-68
106000268,131,1,130
106000269,32,27,5
106000270,71,195,-124
106000271,14,100,-86
106000272,55,24,31
106000273,4,41,-37
106000274,79,25,54
106000275,45,86,-41
106000276,52,28,24
106000277,50,77,-27
106000278,115,14,101
106000279,0,43,-43
106000280,7,69,-62
106000281,22,46,-24
106000282,33,37,-4
106000283,34,52,-18
106000284,9,65,-56
106000285,35,79,-44
106000286,21,69,-48
106000287,26,62,-36
106000288,26,104,-78
106000289,13,38,-25
106000290,39,77,-38
106000291,24,67,-43
106000292,21,95,-74
106000293,42,22,20
106000294,52,74,-22
106000295,20,17,3
106000296,41,69,-28
106000297,62,74,-12
106000298,79,21,58
106000299,37,48,-11
106000300,24,49,-25
106000301,61,60,1
106000303,4,13,-9
106000304,8,29,-21
106000305,10,9,1
106000306,39,64,-25
106000307,4,3,1
106000308,40,71,-31
106000309,6,31,-25
106000310,68,204,-136
106000311,109,26,83
106000312,32,64,-32
106000313,38,99,-61
106000318,72,86,-14
106000319,71,8,63
106000320,0,13,-13
106000321,72,19,53
106000322,35,115,-80
106000324,2,65,-63
106000325,292,306,-14
106000326,308,897,-589
106000327,16,61,-45
106000328,4,27,-23
106000329,8,118,-110
106000330,5,19,-14
106000428,46,76,-30
106000429,38,283,-245
106000430,98,823,-725
106000431,182,129,53
106000432,443,1181,-738
106000433,246,219,27
106000434,666,205,461
106000435,1019,1251,-232
106000436,6,186,-180
106000437,23,7,16
106000438,24,23,1
106000439,8,185,-177
106000440,84,317,-233
106000441,0,0,0
106000442,45,4,41
106000443,33,340,-307
106000450,3,95,-92
106000451,10,0,10
106000454,2,17,-15
106000455,2,88,-86
106000456,14,4,10
106000457,1,601,-600
106000458,17,29,-12
106000459,12,234,-222
106000460,119,3,116
106000461,16,929,-913
106000462,0,7,-7
106000463,2,5,-3
106000464,5,294,-289
106000465,25,0,25
106000466,4,337,-333
106000467,253,198,55
106000468,10,92,-82
106000469,26,1,25
106000470,99,358,-259
106000471,6,287,-281
106000472,29,4,25
106000473,19,12,7
106000474,147,496,-349
106000475,118,125,-7
106000476,71,91,-20
106000477,22,122,-100
106000480,0,35,-35
106900001,0,1,-1
106900002,4,316,-312
106900003,98,322,-224
106900004,1,21,-20
106900006,0,3,-3
106900007,0,5,-5
106900008,31,57,-26
106900009,38,125,-87
106900010,18,100,-82
106900012,415,194,221
106900013,17,8,9
106900014,4,0,4
106900015,0,0,0
106900016,4,0,4
106900017,1,0,1
106900018,1,0,1
106900019,1,1,0
106900020,1255,118,1137
106900021,0,15,-15
106900022,21,0,21
106900023,1,132,-131
106900024,36,1,35
106900025,12,281,-269
106900026,3,491,-488
106900027,38,2,36
107000001,378,587,-209
107000002,1090,1659,-569
107000003,1034,1833,-799
107000004,2479,3197,-718
107000005,502,988,-486
107000006,1383,3619,-2236
107000007,1929,1420,509
107000008,10500,6620,3880
107000009,1313,1410,-97
107000010,4967,6121,-1154
107000011,479,637,-158
107000012,1541,1675,-134
107000013,21,96,-75
107000014,12,150,-138
107000015,110,518,-408
107000016,112,670,-558
107000017,691,322,369
107000018,4,157,-153
107000020,234,102,132
107000021,218,584,-366
107000022,114,846,-732
107000023,507,260,247
107000024,86,1316,-1230
107000025,45,165,-120
107000026,41,420,-379
107000027,398,310,88
107000028,516,706,-190
107000029,430,576,-146
107000030,1363,1434,-71
107000031,505,607,-102
107000032,57,109,-52
107000033,1713,1679,34
107000034,3002,980,2022
107000035,144,69,75
107000036,189,425,-236
107000037,28,238,-210
107000038,141,162,-21
107000039,134,171,-37
107000040,63,184,-121
107000041,374,228,146
107000042,230,638,-408
107000043,1155,287,868
107000044,278,232,46
107000045,38,198,-160
107000046,138,121,17
107000047,95,460,-365
107000048,108,143,-35
107000049,113,333,-220
107000050,150,189,-39
107000051,191,160,31
107000052,317,268,49
107000053,86,41,45
107000054,37,132,-95
107000055,85,50,35
107000056,261,431,-170
107000057,1154,124,1030
107000058,323,414,-91
107000059,667,1416,-749
107000060,723,1112,-389
107000061,2220,2000,220
107000062,575,814,-239
107000063,1394,2927,-1533
107000064,569,653,-84
107000065,1576,3508,-1932
107000066,358,466,-108
107000067,249,362,-113
107000068,489,201,288
107000069,142,128,14
107000070,6,10,-4
107000071,184,2,182
107000072,12,1758,-1746
107000073,37,53,-16
107000074,62,396,-334
107000075,197,21,176
107000076,405,1162,-757
107000077,368,60,308
107000078,515,1745,-1230
107000079,277,104,173
107000080,342,1780,-1438
107000081,169,129,40
107000082,141,1683,-1542
107000083,101,89,12
107000084,142,1341,-1199
107000085,1033,1142,-109
107000086,1430,1137,293
107000087,865,694,171
107000088,858,1457,-599
107000089,462,574,-112
107000090,512,465,47
107000091,249,388,-139
107000092,220,556,-336
107000093,264,307,-43
107000094,218,542,-324
107000095,85,65,20
107000096,271,515,-244
107000097,62,60,2
107000098,171,521,-350
107000099,64,87,-23
107000100,148,260,-112
107000101,13,69,-56
107000102,256,252,4
107000103,74,55,19
107000104,130,180,-50
107000105,51,45,6
107000106,32,160,-128
107000107,79,50,29
107000108,43,434,-391
107000109,0,0,0
107000110,20,356,-336
107000111,0,0,0
107000112,9,241,-232
107000113,1,0,1
107000114,21,396,-375
107000115,3,0,3
107000116,29,593,-564
107000117,2,0,2
107000118,38,141,-103
107000119,565,181,384
107000120,1460,164,1296
107000121,69,198,-129
107000122,287,354,-67
107000123,63,274,-211
107000124,122,413,-291
107000125,101,327,-226
107000126,275,724,-449
107000129,39,703,-664
107000130,44,48,-4
107000131,103,438,-335
107000132,63,99,-36
107000133,47,23,24
107000134,16,0,16
107000135,0,140,-140
107000136,74,2,72
107000137,5,166,-161
107000138,49,2,47
107000139,7,122,-115
107000140,195,7,188
107000141,65,411,-346
107000142,66,6,60
107000143,14,427,-413
107000144,62,37,25
107000145,39,306,-267
107000146,70,30,40
107000147,2230,501,1729
107000150,354,470,-116
107000151,10,18,-8
107000152,132,124,8
107000153,151,127,24
107000154,32,55,-23
107000155,159,4,155
107000156,230,4,226
107000157,9,1562,-1553
107000158,98,8,90
107000159,46,877,-831
107000160,103,30,73
107000161,21,1137,-1116
107000162,32,64,-32
107000163,7,0,7
107000164,27,0,27
107000165,65,0,65
107000166,15,694,-679
107000167,134,131,3
107000168,204,81,123
107000169,395,667,-272
107000170,210,189,21
107000171,156,1814,-1658
107000172,174,176,-2
107000173,324,610,-286
107000174,271,579,-308
107000175,6089,858,5231
107000176,0,0,0
107000177,0,0,0
107000178,0,5,-5
107000179,56,1941,-1885
107000180,183,145,38
107000181,46,784,-738
107000182,148,312,-164
107000183,43,580,-537
107000184,120,338,-218
107000185,63,680,-617
107000186,68,67,1
107000187,340,382,-42
107000188,122,150,-28
107000189,82,342,-260
107000190,162,298,-136
107000191,179,502,-323
107000192,360,471,-111
107000193,105,123,-18
107000194,313,440,-127
107000197,89,83,6
107000198,63,395,-332
107000199,249,386,-137
107000200,475,195,280
107000201,157,121,36
107000202,68,247,-179
107000203,435,242,193
107000204,437,253,184
107000205,1421,561,860
107000206,240,134,106
107000207,382,476,-94
107000208,668,130,538
107000209,1021,201,820
107000210,700,106,594
107000211,2,11,-9
107000212,4,166,-162
107000213,30,6,24
107000214,5,50,-45
107000215,84,258,-174
107000216,33,258,-225
107000217,12,73,-61
107000219,18,53,-35
107000220,33,222,-189
107000222,88,381,-293
107000224,78,24,54
107000225,56,425,-369
107000226,53,24,29
107000227,38,360,-322
107000228,67,84,-17
107000229,79,46,33
107000230,831,357,474
107000231,117,124,-7
107000232,23,28,-5
107000233,114,122,-8
107000234,0,5,-5
107000235,0,1,-1
107000236,12,161,-149
107000237,0,0,0
107000238,0,0,0
107000239,3252,155,3097
107000240,16,704,-688
107000243,0,27,-27
107000244,7,36,-29
107000246,3,657,-654
107000249,2,448,-446
107000251,1,122,-121
107000252,2,939,-937
107000255,335,30,305
107000257,0,448,-448
107000258,1,101,-100
107000259,1,166,-165
107000260,75,0,75
107000262,8,579,-571
107000263,16,0,16
107000266,6,2,4
107000267,24,95,-71
107000268,94,129,-35
107000269,33,11,22
107000270,1,2,-1
107000271,0,660,-660
107000272,4,209,-205
107000273,2,168,-166
107000274,51,14,37
107000275,21,359,-338
107000280,96,3,93
107000281,13,705,-692
107000282,4,1032,-1028
107000290,1,50,-49
107000291,2,4,-2
107000292,3,37,-34
107000293,49,2,47
107000294,0,14,-14
107000295,20,2,18
107000296,0,1,-1
107000444,60,3,57
107000496,0,0,0
107000497,393,2075,-1682
107000500,138,127,11
107000501,35,80,-45
107000502,47,162,-115
107000505,338,365,-27
107000506,0,4,-4
107000508,1,461,-460
107000509,44,60,-16
107000510,32,7,25
107000514,5,170,-165
107000515,4,221,-217
107000516,64,55,9
107000518,97,61,36
107000519,1752,657,1095
107000520,16,3,13
107000521,138,256,-118
107000522,54,364,-310
107900001,8,161,-153
107900002,25,1,24
107900003,16,0,16
107900004,3,0,3
107900005,109,1,108
107900006,9,0,9
107900007,74,3,71
107900008,42,32,10
107900009,27,1,26
107900010,0,3,-3
107900012,52,5,47
107900013,51,18,33
107900014,3,0,3
107900015,99,1,98
107900016,156,45,111
107900017,5,0,5
107900018,15,8,7
107900019,2,41,-39
107900020,39,4,35
107900021,6,96,-90
107900023,0,0,0
107900024,0,2,-2
107900025,77,161,-84
107900026,2,69,-67
107900027,6,52,-46
107900028,3,75,-72
107900030,30,4,26
107900031,18,139,-121
107900032,1,2,-1
107900033,7,1,6
107900034,38,1,37
107900035,93,7,86
107900036,24,2,22
107900037,0,11,-11
107900038,51,36,15
107900039,1,39,-38
107900040,13,22,-9
107900041,0,0,0
107900043,9,76,-67
107900044,0,1,-1
107900045,19,4,15
107900046,24,14,10
107900047,0,42,-42
107900048,9,1,8
107900049,60,73,-13
107900050,25,151,-126
107900051,13,45,-32
107900052,0,2,-2
107900053,13,64,-51
107900055,46,44,2
107900056,19,8,11
107900057,0,0,0
107900058,9,400,-391
107900060,1,23,-22
107900061,7,5,2
107900063,7,27,-20
107900064,102,12,90
107900065,16,2,14
107900066,0,2,-2
107900067,0,0,0
107900068,68,91,-23
107900069,5,104,-99
107900070,3,4,-1
107900071,4,514,-510
107900072,17,127,-110
107900073,4,39,-35
107900074,462,69,393
107900076,24,30,-6
107900077,5,1,4
107900079,2,3,-1
107900080,93,64,29
107900081,5,12,-7
107900082,10,6,4
107900083,50,62,-12
107900084,6,21,-15
107900086,21,27,-6
107900087,69,15,54
107900088,0,5,-5
107900089,138,320,-182
107900090,101,147,-46
107900091,33,212,-179
107900093,7,8,-1
107900095,1241,374,867
107900097,3,19,-16
107900098,13,21,-8
107900100,459,123,336
107900101,396,49,347
107900102,36,3,33
107900103,21,107,-86
107900104,26,4,22
107900105,0,266,-266
107900106,3,866,-863
107900107,548,54,494
107900108,91,22,69
107900109,96,2,94
107900110,0,58,-58
107900111,4,876,-872
107900112,71,104,-33
107900113,9,40,-31
107900114,26,153,-127
107900115,1,21,-20
107900116,18,166,-148
107900117,88,164,-76
107900118,21,82,-61
107900119,16,28,-12
107900120,12,2,10
107900121,1,76,-75
107900122,0,28,-28
107900123,0,11,-11
107900124,1,28,-27
107900125,6,92,-86
107900126,0,8,-8
107900127,188,16,172
107900128,24,18,6
107900129,3,27,-24
107900130,3,14,-11
107900131,40,16,24
107900132,25,258,-233
107900133,0,21,-21
107900134,13,9,4
107900135,0,99,-99
107900136,23,12,11
107900137,30,25,5
107900138,9,13,-4
107900139,2,7,-5
107900141,8,4,4
107900142,11,463,-452
107900143,20,14,6
107900144,1,68,-67
107900145,5,43,-38
107900146,8,24,-16
107900147,6,7,-1
107900148,48,70,-22
107900149,1062,41,1021
107900150,24,285,-261
107900151,2,61,-59
107900152,9,104,-95
107900153,31,42,-11
107900154,2,4,-2
107900155,4,4,0
107900156,2,179,-177
107900157,12,63,-51
107900158,63,2,61
107900159,16,530,-514
107900160,11,65,-54
107900161,2,123,-121
107900162,0,43,-43
107900163,9,16,-7
107900164,4,4,0
107900165,1,12,-11
107900166,3,139,-136
107900167,1,0,1
107900168,0,41,-41
107900169,0,117,-117
107900171,2,860,-858
107900172,0,165,-165
107900173,0,127,-127
107900174,11,6,5
107900175,0,0,0
107900176,2,21,-19
107900177,0,27,-27
107900178,0,158,-158
107900179,1,40,-39
107900180,680,76,604
107900181,161,227,-66
107900182,1,700,-699
107900183,4,240,-236
107900184,5,103,-98
107900185,9,1,8
107900186,2,15,-13
107900187,0,46,-46
107900188,318,24,294
107900189,1,38,-37
107900190,73,13,60
107900191,9,89,-80
107900193,4,14,-10
107900194,23,1,22
107900195,2174,156,2018
107900196,15,25,-10
107900197,87,35,52
107900199,2,767,-765
107900201,20,79,-59
107900203,4,28,-24
107900204,142,101,41
107900206,109,54,55
107900207,0,384,-384
107900208,1,439,-438
107900209,105,33,72
107900210,18,54,-36
107900213,48,134,-86
107900214,3,81,-78
107900215,75,164,-89
107900216,9,20,-11
107900217,13,14,-1
107900218,3,1108,-1105
107900219,3,78,-75
107900220,39,26,13
107900221,106,143,-37
107900223,10,259,-249
107900224,67,154,-87
107900225,2,440,-438
107900226,16,75,-59
107900227,27,201,-174
107900228,1,47,-46
107900229,1,190,-189
107900230,0,114,-114
107900231,1,80,-79
107900232,2,170,-168
107900233,0,79,-79
107900234,10,113,-103
107900235,27,60,-33
107900236,15,68,-53
107900237,77,256,-179
107900238,9,60,-51
107900239,554,198,356
107900240,2,81,-79
107900241,1,48,-47
107900242,0,210,-210
107900243,5,6,-1
107900244,45,0,45
107900245,32,10,22
107900246,9,1,8
107900248,53,182,-129
107900249,45,0,45
107900250,1,313,-312
107900251,1,565,-564
107900252,46,1,45
107900253,13,0,13
107900254,16,16,0
107900255,205,14,191
107900256,55,265,-210
107900257,16,4,12
107900258,8,154,-146
107900259,22,165,-143
107900261,0,314,-314
107900262,6,50,-44
107900264,18,0,18
107900265,7,97,-90
107900267,10,4,6
107900268,21,4,17
107900269,0,9,-9
107900270,0,0,0
107900271,0,0,0
107900272,9,1,8
107900273,8,28,-20
107900274,5,0,5
107900275,14,0,14
107900276,0,26,-26
107900277,1,110,-109
107900278,62,194,-132
107900279,56,22,34
107900280,770,448,322
107900281,1268,242,1026
107900282,9,40,-31
107900283,584,162,422
107900284,27,366,-339
107900285,17,82,-65
107900286,61,25,36
107900287,23,27,-4
107900290,0,24,-24
107900291,77,1,76
107900292,23,115,-92
107900293,28,244,-216
107900295,7,75,-68
107900297,0,103,-103
107900298,211,406,-195
107900299,1988,353,1635
107900301,74,97,-23
107900302,13,5,8
107900303,9,150,-141
107900304,30,301,-271
107900305,63,2,61
107900306,2,4,-2
107900307,12,208,-196
107900308,46,3,43
107900309,1,0,1
107900310,0,0,0
107900311,29,34,-5
107900312,0,0,0
107900313,0,42,-42
107900314,1,23,-22
107900315,0,12,-12
107900316,1,0,1
107900317,5,0,5
107900318,5,40,-35
107900319,1,117,-116
107900320,1,90,-89
107900321,10,1,9
107900322,0,124,-124
107900323,3,54,-51
107900324,29,3,26
107900325,10,0,10
107900326,59,270,-211
107900327,0,1,-1
107900328,0,0,0
107900329,0,0,0
107900330,1,243,-242
107900331,17,18,-1
107900332,20,13,7
107900333,10,2,8
107900334,3,139,-136
107900335,19,59,-40
107900336,3,14,-11
107900337,623,97,526
107900338,1,73,-72
107900339,0,10,-10
107900340,0,19,-19
107900341,3,0,3
107900342,31,42,-11
107900343,3,0,3
107900344,0,71,-71
107900345,8,10,-2
107900346,14,10,4
107900347,0,0,0
107900348,0,1,-1
107900349,6,2,4
107900350,25,121,-96
107900351,1,122,-121
107900352,1,30,-29
107900353,0,6,-6
107900354,1,41,-40
108000001,717,802,-85
108000002,1212,2043,-831
108000003,906,546,360
108000004,9439,8379,1060
108000005,1260,843,417
108000006,1873,3228,-1355
108000007,1068,1107,-39
108000008,2072,3124,-1052
108000009,578,1079,-501
108000010,852,3053,-2201
108000011,2987,2236,751
108000012,9884,8397,1487
108000014,68,153,-85
108000015,67,92,-25
108000016,85,441,-356
108000017,75,118,-43
108000018,136,138,-2
108000019,134,136,-2
108000020,124,105,19
108000021,209,911,-702
108000022,225,754,-529
108000023,285,30,255
108000024,41,331,-290
108000025,29,92,-63
108000026,63,312,-249
108000027,97,470,-373
108000028,47,180,-133
108000029,58,579,-521
108000030,20,72,-52
108000031,42,351,-309
108000032,146,85,61
108000033,194,668,-474
108000034,233,74,159
108000035,332,1528,-1196
108000036,133,899,-766
108000037,247,56,191
108000038,325,88,237
108000039,122,1379,-1257
108000040,239,128,111
108000041,305,1476,-1171
108000042,10,151,-141
108000043,50,250,-200
108000044,15,66,-51
108000045,31,442,-411
108000046,108,94,14
108000047,101,712,-611
108000048,32,228,-196
108000049,52,39,13
108000050,75,377,-302
108000051,16,12,4
108000052,108,375,-267
108000053,34,26,8
108000054,217,454,-237
108000055,157,83,74
108000056,672,523,149
108000057,120,263,-143
108000058,479,595,-116
108000059,1556,861,695
108000060,24,155,-131
108000061,114,410,-296
108000062,103,116,-13
108000063,60,433,-373
108000064,39,74,-35
108000065,152,323,-171
108000066,394,151,243
108000067,278,143,135
108000068,108,97,11
108000069,81,648,-567
108000070,165,108,57
108000071,224,1104,-880
108000072,151,181,-30
108000073,504,1025,-521
108000074,60,66,-6
108000075,110,496,-386
108000076,71,72,-1
108000077,209,486,-277
108000078,466,358,108
108000079,627,942,-315
108000080,146,185,-39
108000081,163,1548,-1385
108000082,595,731,-136
108000083,421,183,238
108000084,131,606,-475
108000085,78,53,25
108000086,355,348,7
108000087,30,354,-324
108000088,128,25,103
108000089,139,120,19
108000091,28,339,-311
108000092,10,17,-7
108000093,47,453,-406
108000094,55,14,41
108000095,42,302,-260
108000096,19,17,2
108000097,33,371,-338
108000098,110,267,-157
108000099,189,107,82
108000100,10,127,-117
108000101,115,130,-15
108000102,236,527,-291
108000106,104,0,104
108000107,2,306,-304
108000108,90,5,85
108000109,2,395,-393
108000110,31,83,-52
108000111,48,374,-326
108000112,6,25,-19
108000113,192,157,35
108000115,206,143,63
108000117,365,110,255
108000118,127,314,-187
108000119,252,277,-25
108000120,11,223,-212
108000121,63,327,-264
108000122,46,100,-54
108000123,68,141,-73
108000124,31,301,-270
108000125,45,196,-151
108000126,54,480,-426
108000127,48,256,-208
108000128,78,482,-404
108000129,52,960,-908
108000130,35,250,-215
108000131,139,56,83
108000132,472,489,-17
108000133,142,194,-52
108000134,276,558,-282
108000135,133,120,13
108000136,396,679,-283
108000137,85,224,-139
108000138,88,654,-566
108000139,44,178,-134
108000140,10,14,-4
108000141,6,85,-79
108000142,17,82,-65
108000143,7,330,-323
108000144,44,32,12
108000145,7,12,-5
108000146,60,13,47
108000147,1,19,-18
108000148,30,18,12
108000149,9,13,-4
108000150,10,0,10
108000151,53,15,38
108000152,48,430,-382
108000153,22,42,-20
108000154,19,10,9
108000155,5,26,-21
108000156,330,188,142
108000157,25,138,-113
108000158,31,136,-105
108000159,378,66,312
108000160,2764,290,2474
108000161,1890,363,1527
108000165,0,68,-68
108000172,2,61,-59
108000173,1382,488,894
108000175,36,27,9
108000178,232,240,-8
108000179,74,180,-106
108000181,21,26,-5
108000182,79,27,52
108000183,10,208,-198
108000184,509,435,74
108000185,33,424,-391
108000186,21,236,-215
108000187,31,477,-446
108000188,57,95,-38
108000189,651,616,35
108000190,13,72,-59
108000192,20,361,-341
108000193,299,13,286
108000194,0,0,0
108000195,2,616,-614
108000196,13,34,-21
108000198,110,241,-131
108000199,0,78,-78
108000200,64,262,-198
108000203,41,584,-543
108000204,36,12,24
108000205,252,307,-55
108000339,520,105,415
108000364,198,187,11
108000365,18,213,-195
108000367,36,108,-72
108000368,21,45,-24
108000369,1022,57,965
108000371,1,388,-387
108000372,37,1,36
108000373,2,0,2
108000376,59,8,51
108000377,110,187,-77
108000378,3398,1935,1463
108000379,4,78,-74
108000381,9,4,5
108000382,19,0,19
108000383,1,86,-85
108900001,61,633,-572
108900002,52,22,30
108900003,138,480,-342
108900004,689,105,584
108900007,18,68,-50
108900008,11,60,-49
108900009,2,41,-39
108900010,12,64,-52
108900011,50,197,-147
108900012,32,239,-207
108900013,5,109,-104
108900014,1,35,-34
108900015,0,6,-6
108900016,1,98,-97
108900017,66,74,-8
108900018,16,326,-310
108900019,3,612,-609
108900020,5,164,-159
108900021,27,149,-122
108900022,6,1,5
108900023,0,13,-13
108900024,0,116,-116
108900025,7,46,-39
108900026,17,46,-29
108900027,0,64,-64
108900028,5,321,-316
108900029,8,102,-94
108900030,0,82,-82
108900031,10,395,-385
108900032,1,165,-164
108900033,0,24,-24
108900034,2,141,-139
108900035,45,1219,-1174
108900038,1,203,-202
108900039,0,365,-365
108900040,2,49,-47
108900041,2792,548,2244
108900042,2,93,-91
108900043,5,208,-203
108900044,0,432,-432
108900045,6,326,-320
108900046,16,524,-508
108900047,0,52,-52
108900048,12,364,-352
108900049,2643,198,2445
108900050,1,163,-162
108900051,0,90,-90
108900052,2,123,-121
108900053,22,37,-15
108900054,9,95,-86
108900055,21,308,-287
108900056,0,112,-112
108900057,0,108,-108
108900058,6,358,-352
108900059,56,8,48
108900060,28,26,2
108900061,16,9,7
108900062,1,263,-262
108900063,3,229,-226
108900064,29,35,-6
108900065,1,214,-213
108900066,43,46,-3
108900067,2,179,-177
108900068,2,150,-148
108900069,3,93,-90
108900070,10,142,-132
108900071,2,10,-8
108900072,1037,82,955
108900073,9,297,-288
108900074,17,327,-310
108900075,12,57,-45
108900076,32,12,20
108900077,105,444,-339
108900078,2,93,-91
108900079,291,98,193
108900080,6,67,-61
108900081,37,133,-96
108900082,6,44,-38
108900083,0,40,-40
108900085,1036,53,983
108900086,8,161,-153
108900087,57,65,-8
108900088,133,65,68
108900089,1,15,-14
108900090,0,208,-208
108900091,46,25,21
108900092,56,45,11
108900093,5,7,-2
108900094,44,30,14
108900095,26,386,-360
108900096,211,14,197
108900097,59,125,-66
108900098,1436,36,1400
108900099,77,158,-81
108900100,10,50,-40
108900101,27,14,13
108900102,71,164,-93
108900103,16,16,0
108900105,2,85,-83
108900106,35,302,-267
108900108,32,14,18
108900109,21,17,4
108900110,17,193,-176
108900111,33,354,-321
108900113,7,3,4
108900114,6,11,-5
108900115,10,7,3
108900116,3,1,2
108900117,14,10,4
108900118,44,2,42
108900119,35,17,18
108900120,30,24,6
108900121,26,4,22
108900122,10,9,1
108900123,3,8,-5
108900124,40,35,5
108900125,13,0,13
108900126,8,1,7
108900127,16,11,5
108900128,1,2,-1
108900129,89,29,60
108900130,13,0,13
108900131,54,1,53
108900132,34,9,25
108900133,34,4,30
108900134,12,105,-93
108900135,8,1,7
108900136,3,0,3
108900137,9,0,9
108900138,56,2,54
108900140,16,96,-80
108900141,16,1,15
108900142,3,2,1
108900143,0,0,0
108900144,5,0,5
108900145,10,0,10
108900146,6,0,6
108900147,20,0,20
108900148,24,10,14
108900150,92,1,91
108900151,6,0,6
108900152,6,4,2
108900153,12,300,-288
108900154,633,78,555
108900156,14,12,2
108900157,4,392,-388
108900158,15,21,-6
108900159,8,118,-110
108900160,1,133,-132
108900161,4,225,-221
108900162,1,0,1
108900163,0,22,-22
108900164,12,42,-30
108900168,5844,521,5323
108900169,22,45,-23
108900171,2514,359,2155
108900172,21,5,16
108900173,89,124,-35
108900174,72,198,-126
108900176,28,365,-337
108900177,4634,449,4185
108900178,2842,297,2545
108900180,12,33,-21
108900183,80,101,-21
108900184,34,49,-15
108900185,9,172,-163
108900186,3,160,-157
108900189,35,24,11
108900190,7,1347,-1340
108900192,21,151,-130
108900195,14,179,-165
108900196,5,277,-272
108900199,56,158,-102
108900200,78,105,-27
108900201,40,455,-415
108900203,64,7,57
108900204,23,0,23
108900205,31,1,30
108900206,37,5,32
108900207,25,4,21
108900208,15,171,-156
108900209,91,347,-256
108900210,52,118,-66
108900211,19,66,-47
108900212,229,182,47
108900215,40,327,-287
108900216,135,15,120
108900217,43,1,42
108900218,14,1,13
108900221,12,14,-2
108900224,9,29,-20
108900225,0,89,-89
108900227,17,33,-16
108900230,175,159,16
108900232,0,184,-184
108900233,35,19,16
108900234,43,23,20
108900235,76,286,-210
108900236,5,186,-181
108900240,11,28,-17
108900241,2,10,-8
108900245,1,118,-117
108900250,20,48,-28
108900258,4,112,-108
108900259,5,31,-26
108900260,1,65,-64
108900261,58,76,-18
108900262,186,42,144
108900263,20,146,-126
108900264,110,79,31
108900265,662,73,589
108900266,475,59,416
108900267,0,9,-9
108900268,0,2,-2
108900269,4,3,1
108900270,6,0,6
108900271,2,0,2
108900272,23,2,21
108900273,394,85,309
108900274,12,22,-10
109000001,917,257,660
109000002,2438,691,1747
109000003,617,170,447
109000004,216,1750,-1534
109000005,329,232,97
109000006,316,1258,-942
109000007,208,188,20
109000008,183,1204,-1021
109000009,804,354,450
109000010,707,2255,-1548
109000011,442,447,-5
109000012,703,2524,-1821
109000013,594,389,205
109000014,483,2215,-1732
109000015,834,727,107
109000016,5044,2368,2676
109000017,460,354,106
109000018,428,2185,-1757
109000019,562,334,228
109000020,757,1459,-702
109000023,0,0,0
109000024,1,70,-69
109000025,228,118,110
109000026,242,99,143
109000027,51,140,-89
109000028,12,21,-9
109000029,98,39,59
109000030,25,242,-217
109000031,0,0,0
109000032,15,207,-192
109000033,28,13,15
109000034,13,14,-1
109000035,7,10,-3
109000036,34,171,-137
109000037,70,230,-160
109000038,322,122,200
109000039,167,114,53
109000040,2123,694,1429
109000041,3307,430,2877
109000042,296,367,-71
109000044,23,34,-11
109000045,12,292,-280
109000046,15,18,-3
109000047,40,242,-202
109000048,87,18,69
109000049,78,288,-210
109000050,19,28,-9
109000051,117,162,-45
109000052,117,973,-856
109000053,29,30,-1
109000054,37,331,-294
109000055,33,59,-26
109000056,60,350,-290
109000057,60,56,4
109000058,262,116,146
109000059,156,502,-346
109000060,104,54,50
109000061,813,141,672
109000062,28,28,0
109000063,108,124,-16
109000064,17,32,-15
109000065,17,209,-192
109000066,37,19,18
109000067,10,223,-213
109000068,11,1,10
109000069,3,2,1
109000070,5,417,-412
109000071,141,53,88
109000072,36,167,-131
109000073,14,43,-29
109000074,7,121,-114
109000075,17,219,-202
109000076,19,55,-36
109000077,137,141,-4
109000078,12,54,-42
109000079,35,141,-106
109000080,14,68,-54
109000081,10,287,-277
109000082,65,173,-108
109000083,32,440,-408
109000088,37,202,-165
109000089,47,10,37
109000090,92,340,-248
109000091,71,15,56
109000092,149,475,-326
109000093,55,13,42
109000094,45,0,45
109000095,29,477,-448
109000096,96,11,85
109000097,36,56,-20
109000098,1,7,-6
109000099,108,84,24
109000100,39,307,-268
109000101,154,307,-153
109000102,64,449,-385
109000103,86,340,-254
109000104,193,184,9
109000105,118,844,-726
109000106,283,189,94
109000107,122,966,-844
109000108,159,172,-13
109000109,145,883,-738
109000110,175,174,1
109000111,371,1106,-735
109000112,102,77,25
109000113,51,79,-28
109000114,48,183,-135
109000115,251,61,190
109000116,2,84,-82
109000117,20,41,-21
109000118,4,178,-174
109000119,94,134,-40
109000120,42,833,-791
109000121,28,25,3
109000122,17,805,-788
109000123,4,64,-60
109000124,93,188,-95
109000125,101,178,-77
109000126,139,532,-393
109000127,71,81,-10
109000128,114,1589,-1475
109000129,206,85,121
109000130,202,1507,-1305
109000131,154,58,96
109000132,252,866,-614
109000133,58,463,-405
109000134,170,780,-610
109000135,286,659,-373
109000136,73,242,-169
109000137,39,76,-37
109000138,96,245,-149
109000139,81,137,-56
109000140,33,259,-226
109000141,53,216,-163
109000142,45,292,-247
109000143,23,13,10
109000145,17,34,-17
109000146,48,33,15
109000148,1983,155,1828
109000149,13,13,0
109000150,37,47,-10
109000155,80,227,-147
109000156,409,421,-12
109000158,5,107,-102
109000159,19,262,-243
109000160,159,169,-10
109000161,63,649,-586
109000162,458,644,-186
109000163,172,687,-515
109000164,309,1232,-923
109000165,212,308,-96
109000166,92,97,-5
109000167,45,488,-443
109000170,14,32,-18
109000171,25,19,6
109000172,37,31,6
109000173,19,16,3
109000174,9,42,-33
109000175,0,53,-53
109000176,54,260,-206
109000177,4,78,-74
109000178,90,180,-90
109000179,3663,638,3025
109000180,2409,1088,1321
109000181,2,24,-22
109000182,10,21,-11
109000183,6,24,-18
109000184,13,12,1
109000185,6,39,-33
109000188,69,1363,-1294
109000189,254,383,-129
109000190,81,299,-218
109000191,43,196,-153
109000192,30,77,-47
109000193,32,293,-261
109000194,46,51,-5
109000195,14,290,-276
109000196,26,37,-11
109000197,49,279,-230
109000198,40,40,0
109000199,51,250,-199
109000206,57,15,42
109000207,16,20,-4
109000208,77,13,64
109000209,54,25,29
109000210,121,244,-123
109000211,42,127,-85
109000214,121,364,-243
109000215,5,11,-6
109000216,22,29,-7
109000217,42,28,14
109000218,29,29,0
109000221,37,638,-601
109000222,97,9,88
109000223,126,126,0
109000224,11,181,-170
109000225,11,33,-22
109000226,18,178,-160
109000227,171,694,-523
109000228,2,173,-171
109000231,2,308,-306
109000232,30,335,-305
109000236,34,453,-419
109000241,314,901,-587
109000242,225,447,-222
109000293,3,17,-14
109000361,43,94,-51
109000364,44,318,-274
109000396,3,599,-596
109000397,47,1,46
109000399,57,288,-231
109000400,33,275,-242
109000403,12,73,-61
109000406,11,18,-7
109000407,42,141,-99
109000408,1,267,-266
109000410,239,81,158
109000411,6,7,-1
109900001,3,0,3
109900002,85,3,82
109900003,20,0,20
109900004,163,101,62
109900005,2,0,2
109900006,23,142,-119
109900007,49,600,-551
109900008,0,11,-11
109900009,18,591,-573
109900010,65,1,64
109900011,17,8,9
109900012,27,39,-12
109900013,59,29,30
109900014,42,16,26
109900015,39,27,12
109900016,13,29,-16
109900017,8,27,-19
109900018,42,102,-60
109900019,12,43,-31
109900020,0,6,-6
109900021,4,5,-1
109900022,28,183,-155
109900023,6,0,6
109900024,0,1,-1
109900025,5,46,-41
109900026,2,75,-73
109900027,9,0,9
109900028,1468,150,1318
109900029,2,295,-293
109900030,1,0,1
109900031,0,11,-11
109900032,0,135,-135
109900033,0,174,-174
109900034,3,0,3
109900035,0,5,-5
109900036,3,54,-51
109900037,5,272,-267
109900038,5,115,-110
109900039,0,0,0
109900040,21,378,-357
109900041,10,260,-250
109900042,4,228,-224
109900044,12,151,-139
109900045,6,10,-4
109900046,11,22,-11
109900047,146,125,21
109900048,17,44,-27
109900049,2,11,-9
109900050,0,176,-176
109900051,0,22,-22
109900052,6,112,-106
109900053,1,267,-266
109900054,47,26,21
109900055,12,151,-139
109900056,2,12,-10
109900057,1,127,-126
109900058,0,67,-67
109900059,51,42,9
109900060,30,83,-53
109900061,65,195,-130
109900062,1,142,-141
109900063,0,114,-114
109900064,33,61,-28
109900065,57,64,-7
109900066,85,589,-504
109900067,0,262,-262
109900068,4,1,3
109900069,2,8,-6
109900070,16,88,-72
109900071,2,9,-7
109900072,4,59,-55
109900073,23,368,-345
109900074,1,21,-20
109900075,0,0,0
109900076,4,338,-334
109900077,3,30,-27
109900078,16,123,-107
109900080,29,188,-159
109900081,0,48,-48
109900082,7,335,-328
109900083,4,24,-20
109900084,1,64,-63
109900085,34,597,-563
109900086,25,30,-5
109900087,21,132,-111
109900089,61,26,35
109900090,159,409,-250
109900091,26,22,4
109900092,60,2,58
109900093,96,38,58
109900094,10,47,-37
109900095,24,63,-39
109900096,0,0,0
109900097,5,0,5
109900098,28,3,25
109900099,6,0,6
109900100,2,0,2
109900101,27,1,26
109900102,85,3,82
109900103,2,11,-9
109900104,58,689,-631
109900105,45,15,30
109900106,33,40,-7
109900107,47,22,25
109900108,17,425,-408
109900109,5,132,-127
109900110,6,277,-271
109900111,72,529,-457
109900112,80,466,-386
109900113,69,57,12
109900114,136,23,113
109900115,12,10,2
109900117,69,35,34
109900118,58,171,-113
109900119,180,117,63
109900120,8,1,7
109900121,80,26,54
109900122,27,1,26
109900123,1,123,-122
109900124,19,520,-501
109900125,0,111,-111
109900126,4,106,-102
109900128,25,10,15
109900130,5530,235,5295
109900131,32,44,-12
109900132,28,55,-27
109900133,13,190,-177
109900134,8,9,-1
109900135,124,18,106
109900136,7,52,-45
109900137,4,204,-200
109900140,24,206,-182
109900142,55,65,-10
109900145,1,13,-12
109900146,92,10,82
109900148,11,45,-34
109900149,26,9,17
109900150,2,15,-13
109900151,0,20,-20
109900152,0,17,-17
109900153,0,26,-26
109900154,1,0,1
109900155,6,0,6
109900157,6,91,-85
109900158,26,56,-30
109900159,37,7,30
109900160,17,13,4
109900161,24,19,5
109900162,24,19,5
109900163,277,89,188
109900164,6,133,-127
109900165,11,1,10
109900166,0,71,-71
109900167,23,383,-360
109900168,14,315,-301
109900169,20,47,-27
109900170,88,61,27
109900171,20,36,-16
109900172,22,43,-21
109900173,1995,246,1749
109900174,10,71,-61
109900175,7,46,-39
109900176,76,112,-36
109900177,10,198,-188
109900178,1,66,-65
109900179,1,6,-5
109900180,4,0,4
110000001,237,276,-39
110000002,217,201,16
110000003,394,347,47
110000004,244,186,58
110000005,574,385,189
110000006,250,211,39
110000007,25,85,-60
110000008,1,16,-15
110000009,7,26,-19
110000010,10,32,-22
110000011,12,35,-23
110000012,375,264,111
110000013,2,100,-98
110000014,385,239,146
110000015,218,184,34
110000016,124,223,-99
110000017,1933,166,1767
110000018,1812,256,1556
110000019,15,96,-81
110000020,298,114,184
110000021,171,114,57
110000022,123,53,70
110000023,2,113,-111
110000024,351,244,107
110000025,36,3,33
110000026,4,407,-403
110000027,301,76,225
110000028,271,296,-25
110000029,188,521,-333
110000030,68,143,-75
110000031,51,344,-293
110000032,211,198,13
110000033,44,36,8
110000034,76,337,-261
110000035,83,559,-476
110000036,76,352,-276
110000037,43,386,-343
110000038,67,204,-137
110000039,98,275,-177
110000040,118,242,-124
110000041,9,49,-40
110000042,48,202,-154
110000043,39,13,26
110000044,10,33,-23
110000045,9,2,7
110000046,3,4,-1
110000047,0,0,0
110000048,1,4,-3
110000049,2,1,1
110000050,4,7,-3
110000051,3,1,2
110000052,3,21,-18
110000053,4,0,4
110000054,13,46,-33
110000055,13,1,12
110000056,5,12,-7
110000057,126,527,-401
110000058,193,291,-98
110000059,225,336,-111
110000060,118,236,-118
110000061,485,585,-100
110000062,271,307,-36
110000063,3,29,-26
110000064,33,82,-49
110000065,9,37,-28
110000066,17,20,-3
110000067,26,144,-118
110000068,47,274,-227
110000069,24,44,-20
110000071,11,76,-65
110000073,2,8,-6
110000075,2,60,-58
110000076,120,65,55
110000077,172,128,44
110000078,0,36,-36
110000080,102,243,-141
110000081,12,105,-93
110000082,3,100,-97
110000083,87,267,-180
110000084,164,132,32
110000085,1673,551,1122
110000086,426,241,185
110000087,2,19,-17
110000088,7,116,-109
110000089,19,98,-79
110000090,12,128,-116
110000091,951,154,797
110000092,3,71,-68
110000093,12,1,11
110000094,171,115,56
110000095,17,166,-149
110000096,2242,735,1507
110000097,352,295,57
110000098,355,209,146
110000099,368,629,-261
110000100,50,440,-390
110000101,3,312,-309
110000102,24,22,2
110000104,32,24,8
110000105,14,149,-135
110000106,86,54,32
110000107,141,192,-51
110000108,34,3,31
110000109,152,216,-64
110000110,2023,810,1213
110000111,4975,629,4346
110000112,534,95,439
110000113,294,235,59
110000114,33,106,-73
110000115,42,119,-77
110000116,13,33,-20
110000117,24,327,-303
110000118,132,137,-5
110000119,46,226,-180
110000120,102,96,6
110000121,46,123,-77
110000122,100,302,-202
110000123,110,145,-35
110000124,0,379,-379
110000125,251,2,249
110000126,50,3,47
110000127,132,16,116
110000128,6,790,-784
110000129,1,385,-384
110000130,39,25,14
110000131,31,359,-328
110000132,2,382,-380
110000133,28,103,-75
110000134,11,126,-115
110000135,58,17,41
110000136,9,143,-134
110000137,75,305,-230
110000138,122,559,-437
110000139,154,733,-579
110000140,285,104,181
110000143,201,115,86
110000144,1281,326,955
110000145,349,225,124
110000146,490,213,277
110000147,63,240,-177
110000148,59,111,-52
110000151,359,195,164
110000152,249,117,132
110000153,7,70,-63
110000154,0,5,-5
110000155,383,606,-223
110000156,308,447,-139
110000157,545,645,-100
110000160,135,204,-69
110000161,35,244,-209
110000166,24,43,-19
110000167,148,195,-47
110000168,141,84,57
110000169,51,106,-55
110000170,29,34,-5
110000171,113,92,21
110000172,42,398,-356
110000173,378,545,-167
110000174,21,822,-801
110000175,35,26,9
110000176,8,57,-49
110000177,36,243,-207
110000178,320,246,74
110000179,596,126,470
110000180,15,197,-182
110000181,101,190,-89
110000182,134,155,-21
110000183,5193,1579,3614
110000184,136,605,-469
110000185,165,302,-137
110000186,298,207,91
110000191,88,234,-146
110000192,22,0,22
110000193,84,1,83
110000194,0,593,-593
110000195,50,164,-114
110000196,78,247,-169
110000197,4,82,-78
110000198,13,39,-26
110000199,12,57,-45
110000200,564,424,140
110000201,120,172,-52
110000202,237,154,83
110000203,187,530,-343
110000204,1,219,-218
110000205,12,56,-44
110000206,193,892,-699
110000207,117,133,-16
110000208,28,68,-40
110000209,37,412,-375
110000210,0,5,-5
110000211,2,7,-5
110000212,64,360,-296
110000213,28,22,6
110000214,51,41,10
110000215,28,437,-409
110000216,6,328,-322
110000217,56,106,-50
110000218,34,263,-229
110000219,42,21,21
110000220,10,285,-275
110000221,61,20,41
110000222,6,228,-222
110000223,1,9,-8
110000224,29,3,26
110000225,42,254,-212
110000226,4,6,-2
110000227,143,104,39
110000228,26,22,4
110000229,0,130,-130
110000230,142,376,-234
110000231,44,61,-17
110000232,43,123,-80
110000233,17,104,-87
110000234,134,117,17
110000235,381,288,93
110000236,89,598,-509
110000237,303,474,-171
110000238,257,521,-264
110000239,465,667,-202
110000240,0,42,-42
110000242,0,18,-18
110000243,26,112,-86
110000244,41,158,-117
110000245,8,250,-242
110000246,140,310,-170
110000247,483,1590,-1107
110000248,648,655,-7
110000249,33,3,30
110000250,3,141,-138
110000251,17,231,-214
110000252,58,151,-93
110000253,253,170,83
110000254,279,691,-412
110000255,73,652,-579
110000256,125,66,59
110000257,74,146,-72
110000258,2,250,-248
110000259,22,9,13
110000260,12,311,-299
110000263,181,84,97
110000264,29,308,-279
110000265,408,496,-88
110000266,586,707,-121
110000267,1,94,-93
110000268,62,202,-140
110000269,0,42,-42
110000270,9,0,9
110000271,581,86,495
110000272,248,425,-177
110000273,634,583,51
110000274,86,258,-172
110000275,1703,208,1495
110000276,39,89,-50
110000277,34,182,-148
110000278,110,413,-303
110000279,62,256,-194
110000280,58,203,-145
110000281,3,85,-82
110000282,28,21,7
110000283,9,13,-4
110000284,8,5,3
110000285,2,53,-51
110000286,0,0,0
110000287,2,7,-5
110000288,0,36,-36
110000289,176,448,-272
110000290,754,242,512
110000291,3023,546,2477
110000292,646,808,-162
110000293,94,459,-365
110000294,148,330,-182
110000295,21,383,-362
110000296,43,180,-137
110000297,735,192,543
110000298,138,255,-117
110000299,195,3,192
110000301,47,3,44
110000302,69,732,-663
110000303,32,2,30
110000304,35,174,-139
110000305,97,2,95
110000306,43,1254,-1211
110000307,195,1,194
110000308,40,3,37
110000309,1,1008,-1007
110000310,106,33,73
110000311,10,546,-536
110000312,161,10,151
110000313,888,792,96
110000314,0,128,-128
110000315,999,733,266
110000316,247,556,-309
110000317,177,232,-55
110000318,0,47,-47
110000319,9,9,0
110000320,14,40,-26
110000321,5,12,-7
110000322,38,357,-319
110000323,60,196,-136
110000324,2938,562,2376
110000325,199,456,-257
110000327,67,83,-16
110000328,81,268,-187
110000333,74,97,-23
110000334,114,736,-622
110000335,175,250,-75
110000336,106,826,-720
110000337,101,225,-124
110000338,20,153,-133
110000339,41,107,-66
110000340,6,82,-76
110000341,90,287,-197
110000342,28,2,26
110000343,0,7,-7
110000344,1,113,-112
110000345,12,42,-30
110000346,942,531,411
110000347,427,229,198
110000348,1,20,-19
110000349,0,8,-8
110000350,1,0,1
110000351,90,400,-310
110000352,108,716,-608
110000353,1253,285,968
110000354,271,730,-459
110000355,10,50,-40
110000356,0,0,0
110000357,91,9,82
110000361,5,51,-46
110000362,9,30,-21
110000363,75,64,11
110000364,21,152,-131
110000365,23,0,23
110000366,0,36,-36
110000367,82,103,-21
110000368,2,40,-38
110000369,9,0,9
110000373,1,192,-191
110000374,2,1,1
110000375,27,307,-280
110000376,24,91,-67
110000377,1,1,0
110000378,8,191,-183
110000379,1631,506,1125
110000380,5,3,2
110000383,0,182,-182
110000384,357,39,318
110000385,0,80,-80
110000387,0,4,-4
110000388,6,163,-157
110000389,73,28,45
110000391,8,177,-169
110000396,9,50,-41
110000397,21,111,-90
110000398,2,8,-6
110000399,1,1,0
110000587,18,13,5
110000589,34,70,-36
110000640,56,65,-9
110000652,3,16,-13
110000653,50,264,-214
110000654,3,8,-5
110000656,2,315,-313
110000674,7,4,3
110000675,0,2,-2
110000676,0,15,-15
110000679,497,164,333
110000682,19,38,-19
110000683,190,207,-17
110000684,0,38,-38
110000685,4,0,4
110000686,0,14,-14
110000687,2,0,2
110000688,25,122,-97
110000689,13,15,-2
110000692,27,181,-154
110000693,22,89,-67
110000694,0,65,-65
110000695,39,414,-375
110000696,107,75,32
110900001,28,4,24
110900002,14,114,-100
110900003,59,518,-459
110900004,40,204,-164
110900005,2263,254,2009
110900006,15,0,15
110900007,9,2,7
110900008,1,47,-46
110900009,42,8,34
110900010,5,42,-37
110900011,1,59,-58
110900012,2,73,-71
110900013,140,67,73
110900014,9,2,7
110900015,340,68,272
110900016,3,134,-131
110900017,35,10,25
110900018,93,20,73
110900019,19,5,14
110900020,3,302,-299
110900021,15,388,-373
110900022,35,214,-179
110900023,26,341,-315
110900024,3,304,-301
110900025,0,18,-18
110900027,7,104,-97
110900028,10,134,-124
110900029,12,248,-236
110900030,9,183,-174
110900031,0,91,-91
110900032,0,54,-54
110900033,19,161,-142
110900035,9,170,-161
110900036,11,13,-2
110900037,7,11,-4
110900038,651,80,571
110900039,7,126,-119
110900040,34,16,18
110900041,3,104,-101
110900042,14,33,-19
110900043,0,111,-111
110900044,131,10,121
110900045,13,429,-416
110900046,68,159,-91
110900047,357,23,334
110900049,8,9,-1
110900050,4,0,4
110900051,10,76,-66
110900052,5,125,-120
110900053,10,31,-21
110900054,3,151,-148
110900055,9,0,9
110900056,23,56,-33
110900057,0,158,-158
110900058,21,227,-206
110900059,199,503,-304
110900060,79,18,61
110900061,15,20,-5
110900062,16,204,-188
110900063,9,52,-43
110900064,2,0,2
110900065,167,49,118
110900066,3,20,-17
110900067,427,197,230
110900068,124,119,5
110900069,0,14,-14
110900070,55,17,38
110900071,138,68,70
110900073,0,15,-15
110900074,55,33,22
110900075,20,24,-4
110900077,39,193,-154
110900078,1,87,-86
110900079,1131,150,981
110900080,8,20,-12
110900081,1,92,-91
110900082,5,127,-122
110900083,20,9,11
110900084,3,123,-120
110900085,34,192,-158
110900086,13,30,-17
110900087,45,43,2
110900088,7,0,7
110900090,14,4,10
110900091,0,41,-41
110900093,42,27,15
110900095,7,27,-20
110900097,8,17,-9
110900098,1,43,-42
110900099,21,294,-273
110900100,0,27,-27
110900102,7,15,-8
110900105,381,190,191
110900108,2,64,-62
110900111,73,28,45
110900112,99,3,96
110900113,268,6,262
110900115,0,46,-46
110900116,50,1339,-1289
110900118,74,228,-154
110900119,3170,91,3079
110900120,0,53,-53
110900121,12,0,12
110900122,41,46,-5
110900125,55,70,-15
110900127,259,184,75
110900128,99,115,-16
110900129,64,36,28
110900130,435,81,354
110900131,13,23,-10
110900132,21,11,10
110900133,17,150,-133
110900135,20,247,-227
110900136,31,3,28
110900138,0,2,-2
110900139,0,0,0
110900140,0,0,0
110900141,81,97,-16
110900142,3,100,-97
110900143,17,22,-5
110900144,1,305,-304
110900145,15,3,12
110900146,99,4,95
110900147,76,92,-16
110900148,0,130,-130
110900149,0,29,-29
110900150,1,7,-6
110900151,2,32,-30
110900152,6,201,-195
110900153,8,15,-7
111000001,158,166,-8
111000002,340,311,29
111000003,136,62,74
111000004,194,722,-528
111000005,201,207,-6
111000006,386,773,-387
111000007,1076,451,625
111000008,1686,1232,454
111000009,171,452,-281
111000010,152,85,67
111000011,554,511,43
111000012,348,100,248
111000013,171,681,-510
111000014,312,172,140
111000017,62,180,-118
111000018,99,174,-75
111000020,1267,919,348
111000021,43,38,5
111000023,27,43,-16
111000025,3543,701,2842
111000029,32,59,-27
111000030,21,38,-17
111000031,768,181,587
111000032,214,67,147
111000033,71,29,42
111000034,144,93,51
111000037,1392,554,838
111000038,716,649,67
111000039,477,940,-463
111000040,455,1100,-645
111000041,691,547,144
111000042,3176,1151,2025
111000043,338,229,109
111000044,167,52,115
111000045,90,217,-127
111000046,207,385,-178
111000047,340,584,-244
111000049,96,282,-186
111000050,795,769,26
111000051,190,614,-424
111000052,236,630,-394
111000053,128,462,-334
111000054,115,527,-412
111000055,508,1148,-640
111000056,30,440,-410
111000057,15,485,-470
111000058,15,60,-45
111000059,17,60,-43
111000060,169,132,37
111000061,108,135,-27
111000062,89,73,16
111000063,314,321,-7
111000064,95,234,-139
111000065,187,253,-66
111000066,41,82,-41
111000067,89,345,-256
111000068,96,278,-182
111000069,702,807,-105
111000070,1282,674,608
111000071,105,408,-303
111000072,60,20,40
111000073,3,54,-51
111000074,212,149,63
111000075,77,116,-39
111000076,44,187,-143
111000077,188,218,-30
111000078,700,621,79
111000079,480,289,191
111000080,129,351,-222
111000081,1067,828,239
111000082,253,360,-107
111000084,141,203,-62
111000085,232,571,-339
111000086,846,527,319
111000087,337,378,-41
111000088,1776,502,1274
111000089,164,385,-221
111000090,558,625,-67
111000091,162,493,-331
111000092,298,773,-475
111000093,142,399,-257
111000094,311,424,-113
111000095,167,707,-540
111000096,1341,2424,-1083
111000097,3230,505,2725
111000098,162,694,-532
111000099,154,1458,-1304
111000100,102,1411,-1309
111000101,191,453,-262
111000102,22,475,-453
111000104,27,38,-11
111000107,17,418,-401
111000109,20,30,-10
111000110,144,96,48
111000111,214,112,102
111000112,278,52,226
111000113,132,82,50
111000114,364,265,99
111000115,3771,384,3387
111000116,338,306,32
111000117,185,308,-123
111000118,581,456,125
111000119,238,805,-567
111000120,107,201,-94
111000121,59,186,-127
111000122,174,486,-312
111000123,228,1848,-1620
111000124,111,2078,-1967
111000125,27,1321,-1294
111000126,15,603,-588
111000127,55,14,41
111000128,80,28,52
111000129,166,30,136
111000130,123,224,-101
111000131,133,138,-5
111000132,64,49,15
111000133,30,46,-16
111000134,31,54,-23
111000135,5,45,-40
111000136,34,97,-63
111000138,4,2,2
111000140,0,4,-4
111000141,26,137,-111
111000142,4,56,-52
111000143,1,65,-64
111000144,0,84,-84
111000145,0,0,0
111000146,0,0,0
111000147,0,0,0
111000148,26,40,-14
111000149,0,13,-13
111000150,3,2,1
111000151,2,13,-11
111000153,216,150,66
111000154,289,96,193
111000155,17,93,-76
111000156,78,35,43
111000157,48,61,-13
111000158,220,136,84
111000159,803,201,602
111000160,42,207,-165
111000161,1,97,-96
111000162,0,80,-80
111000163,116,351,-235
111000164,450,711,-261
111000165,523,195,328
111000166,413,141,272
111000167,101,258,-157
111000168,85,140,-55
111000169,61,137,-76
111000170,167,141,26
111000171,258,453,-195
111000172,31,378,-347
111000173,96,706,-610
111000174,25,273,-248
111000175,16,129,-113
111000176,28,158,-130
111000177,34,188,-154
111000178,123,222,-99
111000179,24,120,-96
111000180,69,162,-93
111000181,103,127,-24
111000182,21,79,-58
111000183,34,57,-23
111000184,78,59,19
111000185,112,305,-193
111000186,38,176,-138
111000187,16,157,-141
111000188,45,215,-170
111000189,891,341,550
111000190,84,304,-220
111000191,38,296,-258
111000192,55,463,-408
111000193,225,254,-29
111000194,11,264,-253
111000195,20,265,-245
111000196,8,175,-167
111000197,65,48,17
111000198,43,30,13
111000199,14,38,-24
111000200,25,107,-82
111000201,92,99,-7
111000202,68,51,17
111000203,82,62,20
111000204,92,122,-30
111000213,35,178,-143
111000214,396,783,-387
111000215,378,638,-260
111000217,272,435,-163
111000218,248,179,69
111000219,285,405,-120
111000220,1212,261,951
111000221,228,28,200
111000224,84,199,-115
111000225,56,71,-15
111000226,6,0,6
111000227,2,0,2
111000228,3,95,-92
111000229,10,128,-118
111000230,30,178,-148
111000231,59,682,-623
111000232,66,449,-383
111000233,101,418,-317
111000234,26,99,-73
111000239,62,109,-47
111000240,11,8,3
111000241,16,286,-270
111000242,3,6,-3
111000243,13,525,-512
111000244,15,3,12
111000245,138,270,-132
111000246,25,316,-291
111000247,46,752,-706
111000248,87,154,-67
111000249,155,559,-404
111000250,14,79,-65
111000251,8,81,-73
111000253,0,0,0
111000255,0,0,0
111000257,0,0,0
111000260,18,722,-704
111000261,109,12,97
111000271,17,225,-208
111000273,2156,483,1673
111000274,410,604,-194
111000275,44,14,30
111000276,137,1256,-1119
111000277,67,287,-220
111000278,154,95,59
111000291,199,552,-353
111000298,120,183,-63
111000299,80,8,72
111000300,21,272,-251
111000302,52,55,-3
111000303,21,141,-120
111000312,12,35,-23
111000315,12,106,-94
111000320,60,204,-144
111000321,61,25,36
111000322,39,240,-201
111000323,37,14,23
111000324,98,116,-18
111000325,7,36,-29
111000326,119,227,-108
111000327,134,229,-95
111000328,168,270,-102
111000329,2,8,-6
111000330,4,6,-2
111000331,3,1,2
111000332,251,883,-632
111000334,150,985,-835
111000335,95,63,32
111000337,87,211,-124
111000338,2,106,-104
111000339,49,516,-467
111000340,33,486,-453
111000341,261,47,214
111000342,9,143,-134
111000344,291,291,0
111000345,13,8,5
111000346,3,50,-47
111000347,12,5,7
111000350,80,22,58
111000351,22,127,-105
111000352,41,19,22
111000353,9,124,-115
111000354,56,30,26
111000355,75,398,-323
111000358,28,1023,-995
111000360,16,540,-524
111000361,8,259,-251
111000546,47,413,-366
111000547,31,252,-221
111000548,28,105,-77
111000549,32,156,-124
111000550,49,112,-63
111000551,220,41,179
111000552,66,10,56
111000907,28,6,22
111000908,0,0,0
111000916,154,99,55
111000917,5,153,-148
111000918,23,522,-499
111000920,51,3,48
111000921,3,212,-209
111000922,47,221,-174
111000924,5,650,-645
111000925,406,560,-154
111000926,391,1905,-1514
111000927,1514,918,596
111000928,4269,1846,2423
111000929,215,362,-147
111000930,281,1235,-954
111000931,481,520,-39
111000932,1838,1130,708
111000933,1126,542,584
111000934,1085,1354,-269
111000935,201,397,-196
111000936,276,1192,-916
111000937,339,378,-39
111000938,792,1411,-619
111000939,30,1,29
111000940,45,161,-116
111000941,60,279,-219
111000943,41,105,-64
111000944,38,315,-277
111000945,4,1120,-1116
111001109,48,16,32
111001110,77,422,-345
111001111,6,2,4
111001112,12,0,12
111001113,38,73,-35
111001114,124,16,108
111001115,37,141,-104
111001116,1839,159,1680
111001117,596,209,387
111001120,41,151,-110
111001121,101,199,-98
111001122,90,510,-420
111001123,10,26,-16
111001124,18,357,-339
111001125,0,3,-3
111001126,0,0,0
111001127,0,10,-10
111001128,154,422,-268
111900001,0,113,-113
111900002,0,355,-355
111900003,0,194,-194
111900004,4,55,-51
111900006,2,2,0
111900007,3,0,3
111900008,6,0,6
111900009,9,0,9
111900010,71,321,-250
111900012,40,33,7
111900013,1,20,-19
111900014,4419,424,3995
111900015,0,33,-33
111900016,0,107,-107
111900017,0,63,-63
111900018,16,0,16
111900019,1,22,-21
111900020,2,23,-21
111900021,12,29,-17
111900022,2,34,-32
111900023,65,11,54
111900024,2,62,-60
111900025,0,31,-31
111900026,0,38,-38
111900027,1,97,-96
111900028,1,304,-303
111900029,3,52,-49
111900030,16,121,-105
111900031,0,20,-20
111900032,4,273,-269
111900033,4,76,-72
111900034,30,178,-148
111900035,0,83,-83
111900036,0,238,-238
111900038,65,185,-120
111900039,8,90,-82
111900040,2,529,-527
111900042,23,22,1
111900043,4,307,-303
111900044,59,75,-16
111900046,39,123,-84
111900048,21,565,-544
111900049,29,205,-176
111900050,12,5,7
111900051,3,175,-172
111900052,196,370,-174
111900053,675,114,561
111900054,6,0,6
111900055,9,437,-428
111900056,56,57,-1
111900057,33,12,21
111900058,24,480,-456
111900059,785,72,713
111900060,31,0,31
111900061,7,171,-164
111900062,2,14,-12
111900063,38,120,-82
111900064,47,144,-97
111900065,6,2,4
111900066,12,37,-25
111900067,0,139,-139
111900068,12,9,3
111900069,7,3,4
111900070,7,47,-40
111900071,0,135,-135
111900072,18,5,13
111900073,64,4,60
111900074,1,72,-71
111900075,21,0,21
111900076,5,3,2
111900077,4,2,2
111900078,22,2,20
111900079,5,3,2
111900080,57,13,44
111900082,9,4,5
111900083,2,0,2
111900084,4,0,4
111900085,3,6,-3
111900086,6,1,5
111900087,7,0,7
111900088,21,0,21
111900089,12,0,12
111900090,28,1,27
111900091,9,0,9
111900092,3,0,3
111900093,18,0,18
111900094,7,0,7
111900095,28,2,26
111900096,6,1,5
111900097,3,0,3
111900098,4,0,4
111900099,6,0,6
111900100,11,1,10
111900101,8,1,7
111900102,22,393,-371
111900103,7,12,-5
111900104,6,34,-28
111900105,32,29,3
111900106,680,10,670
111900110,1919,51,1868
111900111,5,114,-109
111900112,339,191,148
111900113,97,30,67
111900118,20,0,20
111900119,51,12,39
111900122,24,8,16
111900123,3,6,-3
111900124,14,41,-27
111900125,24,0,24
111900126,16,0,16
111900127,0,283,-283
111900128,1,329,-328
111900129,25,18,7
111900130,11,0,11
111900131,13,0,13
111900132,12,535,-523
111900133,1,91,-90
111900134,11,228,-217
111900135,0,1,-1
111900136,20,13,7
111900137,21,12,9
111900138,3,39,-36
111900139,12,74,-62
111900140,21,5,16
111900141,0,6,-6
111900142,30,17,13
111900143,0,129,-129
111900144,2,144,-142
111900145,0,462,-462
111900146,3,300,-297
111900147,69,345,-276
111900148,12,562,-550
111900149,0,296,-296
111900150,1,111,-110
111900151,3,8,-5
111900152,33,19,14
111900153,747,19,728
111900154,0,26,-26
111900155,3,9,-6
111900156,2,2,0
111900157,16,2,14
111900158,19,1,18
111900159,6,0,6
111900160,13,0,13
111900161,7,0,7
111900162,39,18,21
111900163,10,73,-63
111900164,9,6,3
111901113,18,157,-139
111901114,9,182,-173
111901115,8,0,8
111901116,1,0,1
111901117,2,1,1
111901118,26,10,16
111901119,673,16,657
111901121,61,142,-81
111901122,4,345,-341
111901123,6,278,-272
111901124,19,0,19
111901125,41,16,25
111901127,330,43,287
111901128,3,31,-28
111901129,2,52,-50
111901130,2,99,-97
111901131,2,122,-120
111901132,6,1,5
111901133,1,0,1
111901134,1,0,1
111901135,4,1,3
111901136,0,2,-2
111901138,19,35,-16
111901139,10,17,-7
111901140,3,59,-56
111901141,0,101,-101
111901142,7,54,-47
111901143,0,65,-65
111901144,11,5,6
111901145,13,41,-28
111901146,24,0,24
111901147,905,26,879
111901148,5,7,-2
111901149,3,1,2
111901150,0,0,0
111901151,0,0,0
112000001,282,265,17
112000002,408,1174,-766
112000003,142,283,-141
112000004,170,826,-656
112000005,379,360,19
112000006,500,920,-420
112000007,380,415,-35
112000008,676,1391,-715
112000009,1790,1625,165
112000010,653,861,-208
112000011,747,1380,-633
112000012,1953,480,1473
112000013,3238,1731,1507
112000014,771,203,568
112000015,1094,897,197
112000016,731,321,410
112000017,385,502,-117
112000024,782,245,537
112000026,2366,2726,-360
112000027,101,105,-4
112000028,905,992,-87
112000029,94,136,-42
112000030,157,32,125
112000031,765,731,34
112000032,433,16,417
112000033,1091,366,725
112000034,204,10,194
112000035,32,152,-120
112000036,153,147,6
112000037,225,642,-417
112000038,249,338,-89
112000039,5,49,-44
112000040,44,180,-136
112000041,97,232,-135
112000042,369,123,246
112000050,88,207,-119
112000051,133,206,-73
112000054,885,1312,-427
112000057,332,180,152
112000058,159,204,-45
112000059,307,108,199
112000061,3755,670,3085
112000062,1925,207,1718
112000063,885,232,653
112000064,3492,3451,41
112000065,1412,1660,-248
112000066,742,277,465
112000067,313,369,-56
112000068,363,289,74
112000069,203,1305,-1102
112000070,250,139,111
112000071,219,1857,-1638
112000072,196,244,-48
112000073,325,997,-672
112000074,99,224,-125
112000075,186,305,-119
112000076,1183,1336,-153
112000077,138,366,-228
112000078,260,354,-94
112000079,376,705,-329
112000080,118,372,-254
112000081,422,723,-301
112000082,251,136,115
112000083,206,847,-641
112000084,205,149,56
112000085,229,732,-503
112000086,329,363,-34
112000087,58,418,-360
112000088,153,225,-72
112000089,47,324,-277
112000090,99,173,-74
112000091,179,714,-535
112000092,225,210,15
112000093,628,849,-221
112000094,158,339,-181
112000095,175,485,-310
112000096,116,385,-269
112000097,131,146,-15
112000098,208,884,-676
112000099,145,110,35
112000100,174,296,-122
112000101,92,566,-474
112000102,127,194,-67
112000103,73,811,-738
112000105,209,1343,-1134
112000106,174,213,-39
112000107,14,34,-20
112000108,87,850,-763
112000109,29,30,-1
112000110,274,162,112
112000111,465,3163,-2698
112000112,612,153,459
112000113,551,1636,-1085
112000114,361,267,94
112000115,36,354,-318
112000116,44,462,-418
112000117,63,232,-169
112000118,236,497,-261
112000119,122,559,-437
112000120,22,188,-166
112000121,17,304,-287
112000122,39,49,-10
112000123,64,47,17
112000124,51,18,33
112000125,13,46,-33
112000126,22,328,-306
112000127,907,297,610
112000128,564,205,359
112000129,19,48,-29
112000130,14,29,-15
112000131,3,189,-186
112000132,17,170,-153
112000133,46,94,-48
112000134,64,218,-154
112000135,96,234,-138
112000136,197,871,-674
112000137,170,425,-255
112000138,326,851,-525
112000139,225,98,127
112000140,311,559,-248
112000141,155,83,72
112000142,51,534,-483
112000143,145,88,57
112000144,91,1143,-1052
112000145,402,331,71
112000146,298,1380,-1082
112000147,390,487,-97
112000148,578,1349,-771
112000149,45,248,-203
112000150,26,347,-321
112000151,91,209,-118
112000152,63,147,-84
112000153,58,93,-35
112000154,26,58,-32
112000155,57,32,25
112000157,141,115,26
112000158,52,238,-186
112000159,74,119,-45
112000167,76,5,71
112000169,129,164,-35
112000173,115,127,-12
112000175,25,185,-160
112000176,2625,812,1813
112000177,59,20,39
112000178,7,224,-217
112000179,40,79,-39
112000180,123,188,-65
112000181,312,874,-562
112000182,122,1064,-942
112000183,6,59,-53
112000184,56,187,-131
112000185,64,334,-270
112000187,809,961,-152
112000195,15,3,12
112000196,15,0,15
112000197,7,19,-12
112000198,9,263,-254
112000199,229,607,-378
112000202,2,1,1
112000216,32,43,-11
112000230,5,3,2
112000231,0,263,-263
112000256,1,16,-15
112000313,36,157,-121
112000314,2,1,1
112000337,74,260,-186
112000352,52,55,-3
112000392,841,569,272
112000398,178,244,-66
112000399,318,289,29
112000400,868,1783,-915
112000401,968,1499,-531
112000402,372,676,-304
112000403,283,350,-67
112000404,152,254,-102
112000405,446,874,-428
112000406,2256,1716,540
112000407,1225,1690,-465
112000408,4070,2972,1098
112000409,761,2647,-1886
112000410,36,34,2
112000411,2255,116,2139
112000412,377,64,313
112000413,4074,313,3761
112000414,28,41,-13
112000415,9,9,0
112000416,554,522,32
112000417,35,31,4
112000421,10,66,-56
112000422,57,189,-132
112000424,823,386,437
112000425,171,797,-626
112000426,17,170,-153
112000427,1,5,-4
112000428,10,161,-151
112000429,634,1352,-718
112000430,609,1508,-899
112000431,7,14,-7
112000432,160,1391,-1231
112000433,254,200,54
112000437,8,212,-204
112900001,0,1,-1
112900002,29,747,-718
112900003,8,143,-135
112900004,1,175,-174
112900005,19,164,-145
112900006,5,228,-223
112900007,0,63,-63
112900008,0,4,-4
112900009,32,15,17
112900010,13,369,-356
112900011,146,137,9
112900012,0,41,-41
112900013,1,66,-65
112900014,4,149,-145
112900015,120,517,-397
112900016,1,101,-100
112900017,12,91,-79
112900018,3,299,-296
112900019,15,74,-59
112900020,233,838,-605
112900021,0,158,-158
112900022,3,24,-21
112900023,1,146,-145
112900024,3,117,-114
112900025,29,47,-18
112900026,0,147,-147
112900027,1,817,-816
112900028,3,46,-43
112900029,0,313,-313
112900030,167,75,92
112900031,1,319,-318
112900032,46,118,-72
112900034,2,23,-21
112900035,6,277,-271
112900036,8,73,-65
112900037,39,29,10
112900038,17,29,-12
112900039,6,163,-157
112900040,2,158,-156
112900041,411,190,221
112900042,15,177,-162
112900043,12,15,-3
112900044,156,112,44
112900045,239,106,133
112900046,119,38,81
112900047,1,5,-4
112900049,3,39,-36
112900050,27,316,-289
112900051,136,369,-233
112900052,5,556,-551
112900053,123,43,80
112900054,142,19,123
112900055,42,5,37
112900056,48,28,20
112900057,5,426,-421
112900058,134,32,102
112900059,25,77,-52
112900060,0,130,-130
112900061,8,43,-35
112900062,11,77,-66
112900063,16,3,13
112900064,37,40,-3
112900065,1,1,0
112900066,22,24,-2
112900067,223,33,190
112900068,3,3,0
112900069,1479,85,1394
112900071,2,1,1
112900072,75,68,7
112900073,55,16,39
112900074,6,14,-8
112900075,1050,104,946
112900076,19,4,15
112900078,32,54,-22
112900079,28,1,27
112900080,3,0,3
112900081,9,16,-7
112900082,53,4,49
112900083,3,4,-1
112900084,39,3,36
112900086,0,0,0
112900087,70,14,56
112900088,1,1,0
112900089,102,1,101
112900090,1,0,1
112900091,11,0,11
112900092,41,22,19
112900093,74,6,68
112900095,0,0,0
112900096,42,22,20
112900097,5,161,-156
112900098,2,0,2
112900099,70,2,68
112900100,2,0,2
112900101,16,0,16
112900102,8,1,7
112900103,20,0,20
112900104,8,1,7
112900105,0,0,0
112900106,52,18,34
112900107,0,0,0
112900108,0,0,0
112900109,0,6,-6
112900110,38,3,35
112900111,70,0,70
112900112,12,0,12
112900113,0,4,-4
112900114,2,3,-1
112900115,106,0,106
112900116,11,30,-19
112900117,52,55,-3
112900118,6,28,-22
112900119,10,0,10
112900120,456,65,391
112900121,51,47,4
112900122,3,43,-40
112900123,23,3,20
112900124,1,62,-61
112900125,13,101,-88
112900126,39,137,-98
112900127,31,13,18
112900128,147,380,-233
112900129,1,567,-566
112900130,53,9,44
112900131,16,139,-123
112900132,22,234,-212
112900133,12,701,-689
112900134,1,145,-144
112900135,20,7,13
112900137,2,452,-450
112900138,0,254,-254
112900139,81,592,-511
112900141,57,8,49
112900142,24,13,11
112900143,22,280,-258
112900144,3,346,-343
112900145,29,234,-205
112900146,4,695,-691
112900147,2,1570,-1568
112900148,2,0,2
112900149,50,250,-200
112900151,20,20,0
112900152,2809,429,2380
112900153,437,143,294
112900154,0,24,-24
112900155,6,0,6
112900156,7,1031,-1024
112900157,21,165,-144
112900158,2,3,-1
112900159,28,14,14
112900160,6,120,-114
112900161,10,5,5
112900162,9,4,5
112900163,26,7,19
112900164,10,26,-16
112900165,27,9,18
112900166,1,6,-5
112900167,0,5,-5
112900168,0,1,-1
112900169,3,4,-1
112900170,7,21,-14
112900172,61,1,60
112900173,100,50,50
112900174,47,1,46
112900175,41,8,33
112900176,4,3,1
112900177,23,16,7
112900178,88,139,-51
112900179,25,356,-331
112900180,147,1377,-1230
112900181,52,13,39
112900182,4,870,-866
112900183,30,35,-5
112900184,147,101,46
112900185,45,90,-45
112900186,744,156,588
112900187,9,69,-60
112900188,331,83,248
112900189,0,6,-6
112900190,0,19,-19
112900192,83,49,34
112900193,234,69,165
112900194,2,51,-49
112900195,42,4,38
112900196,108,371,-263
112900197,43,201,-158
112900199,28,259,-231
112900200,45,59,-14
112900201,18,19,-1
112900202,18,401,-383
112900203,3,53,-50
112900204,223,103,120
112900205,1,1,0
112900206,0,16,-16
112900207,4,0,4
112900208,13,17,-4
112900209,130,195,-65
112900210,0,5,-5
112900211,8,3,5
112900212,0,36,-36
112900213,1,15,-14
112900214,1,0,1
112900215,1,103,-102
112900216,18,13,5
112900217,0,33,-33
112900218,0,6,-6
112900219,5,34,-29
112900220,0,0,0
112900221,1,68,-67
112900222,0,14,-14
112900223,114,1,113
112900224,17,392,-375
112900225,49,274,-225
112900226,87,45,42
112900227,22,737,-715
112900228,6,8,-2
112900229,22,16,6
112900230,3907,654,3253
112900232,51,44,7
112900233,8,118,-110
112900234,1,44,-43
112900235,1,0,1
112900236,7,7,0
112900237,13,203,-190
112900238,0,18,-18
112900239,230,132,98
112900240,1,122,-121
112900241,4,158,-154
112900242,2,223,-221
112900243,0,179,-179
112900244,0,175,-175
112900245,1,60,-59
112900246,0,9,-9
112900247,43,11,32
112900248,18,3,15
112900249,19,6,13
112900250,5,11,-6
112900251,8,9,-1
112900252,4,17,-13
112900253,0,14,-14
112900254,1,5,-4
112900255,0,13,-13
112900256,0,5,-5
112900257,5,0,5
112900258,2,13,-11
113000001,2192,2002,190
113000002,1419,1286,133
113000003,1056,587,469
113000004,1009,685,324
113000005,491,398,93
113000006,276,415,-139
113000007,597,518,79
113000008,492,549,-57
113000009,232,460,-228
113000010,216,635,-419
113000011,171,872,-701
113000012,230,156,74
113000013,287,170,117
113000014,688,592,96
113000015,151,68,83
113000016,105,157,-52
113000017,12,135,-123
113000018,28,6,22
113000019,11,131,-120
113000020,2,4,-2
113000021,89,315,-226
113000022,135,707,-572
113000025,18,122,-104
113000026,32,117,-85
113000027,142,132,10
113000028,258,144,114
113000029,351,205,146
113000030,322,279,43
113000031,315,133,182
113000032,132,99,33
113000033,164,171,-7
113000034,307,191,116
113000035,6,16,-10
113000036,13,25,-12
113000037,25,11,14
113000038,7,22,-15
113000039,48,154,-106
113000040,20,55,-35
113000042,218,92,126
113000051,235,568,-333
113000052,1049,430,619
113000053,71,339,-268
113000054,83,221,-138
113000055,235,449,-214
113000056,252,1029,-777
113000058,362,582,-220
113000059,380,235,145
113000060,25,337,-312
113000061,372,524,-152
113000062,545,61,484
113000063,17,108,-91
113000064,5,121,-116
113000065,38,688,-650
113000066,88,48,40
113000067,289,428,-139
113000068,66,1009,-943
113000069,106,806,-700
113000070,279,304,-25
113000071,123,359,-236
113000072,125,181,-56
113000073,148,611,-463
113000074,380,90,290
113000075,684,137,547
113000076,591,703,-112
113000077,427,148,279
113000078,374,605,-231
113000079,423,317,106
113000080,276,210,66
113000081,288,257,31
113000082,544,460,84
113000083,163,199,-36
113000084,618,573,45
113000085,263,195,68
113000086,355,503,-148
113000087,338,261,77
113000088,931,570,361
113000089,302,548,-246
113000090,60,75,-15
113000091,417,100,317
113000094,126,40,86
113000095,114,610,-496
113000096,68,450,-382
113000097,88,74,14
113000098,20,8,12
113000099,152,81,71
113000100,58,192,-134
113000101,124,242,-118
113000102,67,35,32
113000103,1029,277,752
113000104,144,912,-768
113000105,91,150,-59
113000106,132,299,-167
113000107,157,368,-211
113000108,301,776,-475
113000109,203,785,-582
113000110,570,113,457
113000111,41,239,-198
113000112,112,137,-25
113000113,969,119,850
113000114,216,335,-119
113000116,266,116,150
113000117,291,74,217
113000118,47,84,-37
113000119,54,172,-118
113000120,10,79,-69
113000121,99,297,-198
113000124,20,54,-34
113000125,4,187,-183
113000127,2018,240,1778
113000128,148,200,-52
113000129,557,365,192
113000133,2058,313,1745
113000134,1,156,-155
113000135,717,625,92
113000137,688,253,435
113000139,165,32,133
113000140,116,122,-6
113000141,141,20,121
113000142,289,272,17
113000143,103,56,47
113000144,183,235,-52
113000145,21,64,-43
113000146,39,34,5
113000147,40,58,-18
113000148,11,81,-70
113000149,43,59,-16
113000150,182,143,39
113000151,86,40,46
113000152,33,103,-70
113000153,755,219,536
113000154,326,340,-14
113000155,131,110,21
113000156,72,161,-89
113000157,119,327,-208
113000158,236,84,152
113000159,382,222,160
113000160,251,538,-287
113000161,63,376,-313
113000162,278,152,126
113000163,19,18,1
113000164,8,51,-43
113000166,8,13,-5
113000167,17,148,-131
113000168,21,148,-127
113000169,19,12,7
113000170,34,13,21
113000171,27,68,-41
113000172,52,20,32
113000173,11,5,6
113000174,82,375,-293
113000175,70,39,31
113000176,105,24,81
113000177,46,307,-261
113000178,93,272,-179
113000179,70,27,43
113000180,111,505,-394
113000181,275,484,-209
113000182,126,91,35
113000183,86,283,-197
113000184,9,40,-31
113000189,143,253,-110
113000190,842,149,693
113000192,1167,546,621
113000193,1438,415,1023
113000194,502,351,151
113000195,540,194,346
113000196,17,29,-12
113000197,251,224,27
113000198,3,111,-108
113000199,147,189,-42
113000201,41,64,-23
113000202,1311,312,999
113000203,34,11,23
113000204,555,617,-62
113000205,7,14,-7
113000206,1,11,-10
113000207,9,8,1
113000208,25,22,3
113000209,13,11,2
113000210,8,13,-5
113000211,213,72,141
113000212,156,14,142
113000213,5,55,-50
113000214,27,110,-83
113000234,48,758,-710
113000410,18,31,-13
113000411,1181,1967,-786
113000412,6580,853,5727
113000413,2749,899,1850
113000414,6231,2840,3391
113000415,1329,1008,321
113000416,4734,1333,3401
113000417,1445,997,448
113000418,1566,1275,291
113000419,700,625,75
113000420,1911,866,1045
113000421,1410,1417,-7
113000422,10487,2259,8228
113000423,1911,1193,718
113000424,2839,2352,487
113000425,1,31,-30
113000428,4,2,2
113000430,3,3,0
113000432,321,25,296
113000433,78,599,-521
113000434,12,206,-194
113000435,10,355,-345
113000436,41,1105,-1064
113000437,27,1,26
113000438,42,3,39
113000439,4,83,-79
113000440,14,8,6
113000441,28,82,-54
113000442,43,239,-196
113000443,26,133,-107
113000444,22,230,-208
113000445,14,65,-51
113000446,16,53,-37
113000448,111,35,76
113000449,103,108,-5
113000450,225,241,-16
113000451,786,50,736
113000452,112,69,43
113000453,88,102,-14
113000454,130,9,121
113000455,29,81,-52
113000456,1349,639,710
113000468,1243,131,1112
113000469,52,23,29
113000470,275,35,240
113000471,2,93,-91
113000472,26,105,-79
113000474,105,393,-288
113000475,615,902,-287
113000476,342,908,-566
113000477,712,1052,-340
113000478,1150,2680,-1530
113000479,9,155,-146
113000485,0,0,0
113000486,0,0,0
113000487,0,0,0
113000488,0,0,0
113000489,0,0,0
113000490,0,0,0
113000491,0,0,0
113000492,0,0,0
113000495,90,148,-58
113000496,14,27,-13
113000497,0,0,0
113000499,0,0,0
113900001,1,6,-5
113900002,0,13,-13
113900003,0,3,-3
113900004,0,1,-1
113900005,0,0,0
113900006,0,2,-2
113900007,7,0,7
113900008,1,1,0
113900009,10,0,10
113900010,6,2,4
113900011,1,0,1
113900012,1,1,0
113900013,8,2,6
113900014,208,1,207
113900015,0,20,-20
113900016,3,0,3
113900017,0,16,-16
113900018,213,19,194
113900019,16,18,-2
113900020,10,0,10
113900022,0,0,0
113900023,5,0,5
113900024,12,23,-11
113900025,113,3,110
113900026,3,0,3
113900027,2,16,-14
113900028,5,130,-125
113900029,18,200,-182
113900030,13,0,13
113900031,1,0,1
113900032,2,0,2
113900033,11,23,-12
113900035,3,0,3
113900036,9,10,-1
113900037,7,312,-305
113900038,39,12,27
113900039,13,6,7
113900040,0,0,0
113900041,0,0,0
113900042,15,13,2
113900043,49,45,4
113900044,54,10,44
113900045,6,0,6
113900046,131,321,-190
113900047,1,47,-46
113900048,178,14,164
113900049,462,31,431
113900050,49,142,-93
113900051,51,159,-108
113900052,76,30,46
113900053,88,20,68
113900054,2,0,2
113900055,30,365,-335
113900056,7,41,-34
113900057,13,56,-43
113900058,14,83,-69
113900059,40,175,-135
113900060,76,108,-32
113900061,299,7,292
113900062,17,2,15
113900063,4,50,-46
113900064,17,71,-54
113900065,93,1,92
113900066,30,172,-142
113900067,8,185,-177
113900068,94,93,1
113900069,20,0,20
113900070,64,223,-159
113900071,10,18,-8
113900072,13,69,-56
113900073,73,157,-84
113900074,9,275,-266
113900075,260,259,1
113900076,32,2,30
113900077,8,162,-154
113900078,13,24,-11
113900079,0,36,-36
113900080,58,50,8
113900081,4,68,-64
113900082,24,92,-68
113900083,20,384,-364
113900084,42,29,13
113900085,10,197,-187
113900086,4,4,0
113900087,7,99,-92
113900088,14,10,4
113900089,86,12,74
113900090,119,95,24
113900091,10,3,7
113900092,13,11,2
113900093,27,191,-164
113900094,24,229,-205
113900095,12,28,-16
113900096,36,11,25
113900097,14,67,-53
113900098,84,13,71
113900099,1,17,-16
113900100,0,0,0
113900101,12,13,-1
113900102,19,33,-14
113900103,68,70,-2
113900104,14,34,-20
113900105,4,204,-200
113900106,0,34,-34
113900107,1,12,-11
113900108,53,44,9
113900109,88,28,60
113900110,7,17,-10
113900111,4,27,-23
113900112,44,84,-40
113900113,143,115,28
113900114,0,58,-58
113900115,0,61,-61
113900116,19,25,-6
113900117,16,10,6
113900118,53,36,17
113900119,167,78,89
113900120,11,12,-1
113900121,3,37,-34
113900122,72,288,-216
113900123,106,80,26
113900124,0,53,-53
113900125,515,68,447
113900126,28,14,14
113900127,51,120,-69
113900128,18,18,0
113900129,5,22,-17
113900130,0,3,-3
113900131,28,10,18
113900132,4,9,-5
113900133,5,19,-14
113900135,69,177,-108
113900136,34,35,-1
113900137,84,71,13
113900138,5,32,-27
113900139,340,13,327
113900140,131,38,93
113900141,55,171,-116
113900142,11,33,-22
113900143,5,1,4
113900144,81,15,66
113900145,26,62,-36
113900146,11,13,-2
113900148,48,91,-43
113900149,30,6,24
113900150,806,273,533
113900151,30,69,-39
113900152,2,29,-27
113900153,286,172,114
113900154,0,38,-38
113900155,83,36,47
113900156,81,266,-185
113900157,4,95,-91
113900158,138,32,106
113900159,0,84,-84
113900160,179,305,-126
113900161,4,64,-60
113900162,164,141,23
113900163,62,70,-8
113900164,51,19,32
113900165,213,273,-60
113900166,49,36,13
113900167,49,24,25
113900168,45,55,-10
113900169,42,204,-162
113900171,19,7,12
113900172,6,105,-99
113900173,54,302,-248
113900174,106,424,-318
113900175,39,7,32
113900176,26,384,-358
113900177,69,68,1
113900178,32,35,-3
113900179,8,348,-340
113900180,37,32,5
113900181,56,19,37
113900182,68,395,-327
113900183,20,40,-20
113900184,5,297,-292
113900185,66,44,22
113900186,8,13,-5
113900187,17,83,-66
113900188,10,50,-40
113900189,27,12,15
113900190,165,38,127
113900191,36,78,-42
113900192,5,61,-56
113900193,7,149,-142
113900194,907,269,638
113900195,138,187,-49
113900196,2,74,-72
113900197,1,163,-162
113900198,3,59,-56
113900199,111,261,-150
113900200,5,96,-91
113900201,1,157,-156
113900202,13,94,-81
113900203,1,164,-163
113900204,8,319,-311
113900205,0,36,-36
113900206,1,33,-32
113900207,0,30,-30
113900208,0,31,-31
113900209,0,60,-60
113900210,181,92,89
113900211,62,6,56
113900212,22,311,-289
113900214,180,116,64
113900215,7,42,-35
113900216,4,777,-773
113900217,4,188,-184
113900218,15,5,10
113900219,56,182,-126
113900220,21,11,10
113900221,82,46,36
113900222,61,57,4
113900223,15,609,-594
113900224,53,22,31
113900225,227,64,163
113900226,53,29,24
113900227,90,47,43
113900228,146,123,23
113900229,6,143,-137
113900230,1715,335,1380
113900231,28,70,-42
113900232,2,50,-48
113900233,8,41,-33
113900234,26,94,-68
113900235,7,1,6
113900236,0,170,-170
113900237,9,0,9
113900238,45,126,-81
113900239,9,23,-14
113900240,0,31,-31
113900241,46,19,27
113900242,20,63,-43
113900243,61,154,-93
113900244,258,59,199
113900245,674,70,604
113900246,8,2,6
113900247,93,86,7
113900248,1620,232,1388
113900249,395,48,347
113900250,8,28,-20
113900251,103,99,4
113900252,60,8,52
113900253,68,5,63
113900254,80,19,61
113900255,60,6,54
113900256,68,4,64
113900257,26,394,-368
113900258,5,387,-382
113900259,84,141,-57
113900260,30,20,10
113900261,1,85,-84
113900262,19,427,-408
113900263,25,211,-186
113900264,4,398,-394
113900265,50,189,-139
113900266,8,128,-120
113900267,21,221,-200
113900268,64,80,-16
113900269,26,68,-42
113900270,55,120,-65
113900271,98,627,-529
113900273,2,0,2
113900274,5,2,3
113900275,6,19,-13
113900276,0,156,-156
113900277,12,0,12
113900278,75,86,-11
113900279,38,46,-8
113900280,366,176,190
113900281,73,382,-309
113900282,342,117,225
113900283,40,143,-103
113900284,168,54,114
113900285,30,9,21
113900286,0,63,-63
113900287,1,63,-62
113900288,0,53,-53
113900289,837,27,810
113900290,246,19,227
113900291,49,94,-45
113900292,1,0,1
113900293,0,106,-106
113900294,59,8,51
113900295,82,97,-15
113900296,1200,135,1065
113900297,69,6,63
113900298,1,645,-644
113900299,2,105,-103
113900300,3080,428,2652
113900301,109,46,63
113900302,878,134,744
113900303,254,31,223
113900304,2,112,-110
113900305,3,0,3
113900306,0,0,0
113900307,25,0,25
113900308,24,38,-14
113900309,0,492,-492
113900310,1,13,-12
113900311,0,0,0
113900312,22,44,-22
113900313,17,0,17
113900314,0,2,-2
113900315,0,0,0
114000001,389,1457,-1068
114000002,40,222,-182
114000003,87,931,-844
114000004,110,242,-132
114000005,100,143,-43
114000006,1267,1238,29
114000007,153,708,-555
114000008,779,439,340
114000009,71,71,0
114000011,967,1375,-408
114000012,507,1365,-858
114000013,272,996,-724
114000014,175,301,-126
114000015,270,258,12
114000016,70,267,-197
114000017,49,59,-10
114000018,158,35,123
114000026,213,819,-606
114000027,406,916,-510
114000028,533,765,-232
114000038,39,86,-47
114000039,88,168,-80
114000040,35,69,-34
114000042,28,100,-72
114000043,29,176,-147
114000044,48,183,-135
114000045,7,59,-52
114000046,868,2562,-1694
114000047,2,26,-24
114000048,20,92,-72
114000049,480,362,118
114000050,309,362,-53
114000051,1172,515,657
114000052,1006,302,704
114000053,11,156,-145
114000054,18,596,-578
114000055,42,5,37
114000056,313,214,99
114000057,4430,1159,3271
114000058,111,144,-33
114000059,67,72,-5
114000060,146,352,-206
114000061,1171,310,861
114000062,521,165,356
114000063,1637,851,786
114000064,4115,1006,3109
114000065,648,961,-313
114000066,56,242,-186
114000067,4,50,-46
114000068,212,184,28
114000069,181,161,20
114000070,787,323,464
114000071,81,356,-275
114000072,33,166,-133
114000073,2,21,-19
114000074,2,11,-9
114000075,8,49,-41
114000076,1,45,-44
114000077,0,13,-13
114000078,27,764,-737
114000079,7,23,-16
114000080,14,18,-4
114000081,0,1,-1
114000082,47,394,-347
114000083,9,143,-134
114000084,20,33,-13
114000085,59,451,-392
114000086,38,314,-276
114000087,11,205,-194
114000088,1,16,-15
114000089,646,186,460
114000090,73,57,16
114000091,331,141,190
114000092,256,108,148
114000093,252,284,-32
114000094,121,148,-27
114000095,25,13,12
114000096,29,195,-166
114000097,22,323,-301
114000098,51,7,44
114000099,53,751,-698
114000100,167,311,-144
114000101,115,682,-567
114000102,47,69,-22
114000103,61,402,-341
114000104,1,172,-171
114000105,9,44,-35
114000106,390,144,246
114000107,38,96,-58
114000108,1608,759,849
114000109,22,132,-110
114000110,127,845,-718
114000111,96,66,30
114000112,91,1226,-1135
114000113,117,65,52
114000114,470,1017,-547
114000115,208,46,162
114000116,83,156,-73
114000117,150,97,53
114000118,194,103,91
114000119,139,70,69
114000120,257,626,-369
114000121,145,312,-167
114000122,121,116,5
114000123,98,63,35
114000124,29,65,-36
114000125,377,955,-578
114000126,134,34,100
114000127,14,55,-41
114000128,74,290,-216
114000130,31,13,18
114000131,14,8,6
114000132,197,455,-258
114000133,571,639,-68
114000134,18,116,-98
114000138,52,121,-69
114000139,110,43,67
114000144,134,77,57
114000145,12,95,-83
114000146,46,191,-145
114000147,289,239,50
114000148,755,87,668
114000149,20,20,0
114000150,842,426,416
114000151,865,381,484
114000152,14,14,0
114000153,483,782,-299
114000154,285,411,-126
114000155,344,508,-164
114000156,201,134,67
114000157,111,262,-151
114000158,1342,262,1080
114000159,109,198,-89
114000160,42,146,-104
114000161,464,195,269
114000162,266,185,81
114000163,1,102,-101
114000165,85,44,41
114000166,129,24,105
114000167,1871,474,1397
114000168,369,373,-4
114000169,399,109,290
114000170,164,115,49
114000171,123,146,-23
114000174,81,252,-171
114000176,225,220,5
114000177,1130,303,827
114000178,10,39,-29
114000179,253,47,206
114000180,157,242,-85
114000181,468,645,-177
114000182,2179,1035,1144
114000183,552,598,-46
114000184,3788,1041,2747
114000185,141,138,3
114000189,20,8,12
114000190,178,46,132
114000191,6,16,-10
114000192,149,767,-618
114000193,473,1897,-1424
114000194,409,743,-334
114000195,13,0,13
114000196,7,157,-150
114000197,140,59,81
114000198,558,215,343
114000199,818,464,354
114000200,217,1290,-1073
114000201,44,507,-463
114000202,347,434,-87
114000203,225,641,-416
114000204,40,231,-191
114000205,80,1026,-946
114000206,169,766,-597
114000207,255,1247,-992
114000208,192,1776,-1584
114000209,267,1992,-1725
114000210,148,1015,-867
114000211,245,626,-381
114000212,213,313,-100
114000213,328,220,108
114000214,18,111,-93
114000215,19,22,-3
114000216,80,5,75
114000217,6,133,-127
114000218,53,165,-112
114000219,118,151,-33
114000220,4,749,-745
114000221,86,32,54
114000222,55,702,-647
114000223,33,10,23
114000224,53,353,-300
114000225,26,233,-207
114000226,14,180,-166
114000227,150,224,-74
114000228,141,419,-278
114000229,180,616,-436
114000230,372,748,-376
114000231,210,593,-383
114000232,69,51,18
114000233,302,40,262
114000234,262,487,-225
114000235,257,804,-547
114000236,1,347,-346
114000237,39,678,-639
114000238,12,50,-38
114000239,128,817,-689
114000240,180,323,-143
114000241,100,596,-496
114000242,425,488,-63
114000243,228,306,-78
114000244,43,42,1
114000245,123,398,-275
114000246,53,23,30
114000247,111,286,-175
114000248,137,190,-53
114000249,98,219,-121
114000250,34,247,-213
114000251,44,187,-143
114000252,34,64,-30
114000253,4,23,-19
114000254,2,59,-57
114000255,202,53,149
114000256,477,162,315
114000257,455,1394,-939
114000258,27,249,-222
114000259,5,169,-164
114000260,0,14,-14
114000261,4,0,4
114000262,5,146,-141
114000263,0,0,0
114000264,96,374,-278
114000265,0,0,0
114000267,2,440,-438
114000268,0,1128,-1128
114000270,0,1,-1
114000271,62,42,20
114000283,73,172,-99
114000285,33,175,-142
114000288,11,253,-242
114000289,317,109,208
114000293,32,168,-136
114000294,31,91,-60
114000395,88,16,72
114000396,37,86,-49
114000402,62,171,-109
114000403,63,326,-263
114000405,36,355,-319
114000423,15,342,-327
114000424,35,111,-76
114000425,60,429,-369
114000426,22,26,-4
114000427,28,71,-43
114000428,83,26,57
114000429,4,87,-83
114000432,15,49,-34
114000434,12,45,-33
114000435,2,89,-87
114900001,80,800,-720
114900002,110,14,96
114900003,51,1164,-1113
114900004,32,32,0
114900005,70,506,-436
114900006,8,10,-2
114900007,17,2,15
114900008,26,16,10
114900010,1367,467,900
114900011,9,38,-29
114900013,25,30,-5
114900018,217,28,189
114900020,15,36,-21
114900022,15,280,-265
114900025,54,114,-60
114900026,69,9,60
114900029,46,5,41
114900030,30,109,-79
114900031,31,21,10
114900032,17,6,11
114900034,43,187,-144
114900035,89,96,-7
114900036,88,739,-651
114900039,105,625,-520
114900040,8,123,-115
114900041,85,531,-446
114900042,166,569,-403
114900044,10,3,7
114900047,32,432,-400
114900048,23,98,-75
114900049,16,230,-214
114900050,10,372,-362
114900051,2,270,-268
114900052,48,67,-19
114900053,13,94,-81
114900054,21,82,-61
114900057,36,0,36
114900058,0,71,-71
114900059,4,11,-7
114900063,16,136,-120
114900064,150,415,-265
114900065,82,338,-256
114900067,7,204,-197
114900068,47,243,-196
114900069,114,92,22
114900070,69,340,-271
114900072,7,138,-131
114900073,0,112,-112
114900074,39,407,-368
114900075,16,0,16
114900076,1,214,-213
114900080,1507,148,1359
114900082,1689,487,1202
114900083,78,294,-216
114900090,24,45,-21
114900091,54,57,-3
114900097,7,0,7
114900098,2,92,-90
114900099,17,0,17
115000001,5395,3556,1839
115000002,1077,749,328
115000003,1788,2722,-934
115000004,537,1249,-712
115000005,506,1776,-1270
115000006,125,480,-355
115000007,37,72,-35
115000008,111,109,2
115000009,68,183,-115
115000010,46,32,14
115000013,29,51,-22
115000015,39,82,-43
115000016,128,60,68
115000019,9,141,-132
115000020,64,40,24
115000021,168,206,-38
115000022,162,200,-38
115000023,32,15,17
115000024,498,318,180
115000025,85,18,67
115000026,65,195,-130
115000027,1,1,0
115000028,48,278,-230
115000029,0,1,-1
115000030,60,429,-369
115000031,4,0,4
115000032,3,137,-134
115000033,6,1,5
115000034,26,506,-480
115000035,44,2,42
115000036,2,210,-208
115000037,6,0,6
115000038,23,76,-53
115000039,930,546,384
115000040,2449,1029,1420
115000041,281,718,-437
115000042,182,226,-44
115000043,1054,893,161
115000044,1771,2408,-637
115000045,564,1616,-1052
115000046,342,849,-507
115000047,403,722,-319
115000048,709,1914,-1205
115000049,603,1460,-857
115000050,603,507,96
115000051,828,376,452
115000052,1925,1023,902
115000053,529,363,166
115000054,413,634,-221
115000055,15,271,-256
115000056,13,30,-17
115000057,73,211,-138
115000058,21,34,-13
115000059,4,77,-73
115000061,8,9,-1
115000062,45,157,-112
115000063,23,172,-149
115000064,7,25,-18
115000065,3,85,-82
115000067,0,0,0
115000069,7,128,-121
115000070,32,185,-153
115000071,6,0,6
115000072,21,25,-4
115000073,252,12,240
115000075,2,24,-22
115000076,1424,1723,-299
115000077,333,2295,-1962
115000078,161,984,-823
115000079,234,1419,-1185
115000080,440,1737,-1297
115000081,197,493,-296
115000082,846,1222,-376
115000083,600,2084,-1484
115000084,189,426,-237
115000085,148,686,-538
115000086,82,322,-240
115000087,206,757,-551
115000088,474,162,312
115000089,887,986,-99
115000090,248,46,202
115000091,160,674,-514
115000092,88,223,-135
115000093,7,0,7
115000094,3428,1362,2066
115000095,3153,1611,1542
115000096,185,1056,-871
115000097,105,383,-278
115000098,164,406,-242
115000099,255,1403,-1148
115000100,112,142,-30
115000101,123,879,-756
115000102,86,55,31
115000103,228,558,-330
115000105,16,116,-100
115000106,50,80,-30
115000107,53,413,-360
115000108,1959,1951,8
115000109,2237,441,1796
115000110,409,302,107
115000111,212,605,-393
115000112,109,183,-74
115000113,200,308,-108
115000114,555,304,251
115000116,906,366,540
115000117,1090,439,651
115000118,431,535,-104
115000119,508,507,1
115000120,211,244,-33
115000121,938,248,690
115000122,1475,269,1206
115000123,564,391,173
115000124,201,215,-14
115000125,64,235,-171
115000126,42,102,-60
115000127,89,37,52
115000128,376,305,71
115000129,27,63,-36
115000130,70,429,-359
115000131,61,128,-67
115000132,27,209,-182
115000133,42,145,-103
115000134,25,101,-76
115000135,11,105,-94
115000136,23,65,-42
115000137,24,116,-92
115000138,28,81,-53
115000139,99,153,-54
115000140,25,62,-37
115000141,39,212,-173
115000142,28,169,-141
115000143,69,170,-101
115000144,106,13,93
115000145,60,367,-307
115000146,30,56,-26
115000147,31,390,-359
115000148,94,752,-658
115000149,127,76,51
115000150,267,692,-425
115000151,141,153,-12
115000152,123,1024,-901
115000153,65,144,-79
115000154,151,115,36
115000155,121,722,-601
115000156,251,147,104
115000157,335,354,-19
115000158,285,118,167
115000159,214,90,124
115000160,243,89,154
115000161,94,209,-115
115000162,146,130,16
115000163,322,332,-10
115000164,239,260,-21
115000165,81,83,-2
115000167,17,24,-7
115000168,128,70,58
115000169,207,218,-11
115000170,52,107,-55
115000171,83,47,36
115000172,833,210,623
115000173,48,56,-8
115000174,22,23,-1
115000175,46,52,-6
115000176,14,2,12
115000177,4,26,-22
115000178,5,146,-141
115000179,1,4,-3
115000180,13,322,-309
115000181,42,21,21
115000182,56,76,-20
115000183,57,572,-515
115000186,126,79,47
115000187,18,355,-337
115000188,86,161,-75
115000189,106,187,-81
115000190,89,79,10
115000191,60,111,-51
115000194,32,60,-28
115000195,49,11,38
115000196,18,34,-16
115000197,23,355,-332
115000198,26,69,-43
115000199,47,256,-209
115000200,29,25,4
115000201,39,272,-233
115000206,0,0,0
115000207,10,158,-148
115000208,191,353,-162
115000209,57,43,14
115000210,7,34,-27
115000211,66,61,5
115000212,552,141,411
115000224,15,6,9
115000225,15,15,0
115000229,41,38,3
115000230,6,135,-129
115000231,100,1498,-1398
115000232,167,262,-95
115000233,36,159,-123
115000234,1,120,-119
115000241,8,74,-66
115000242,15,99,-84
115000243,6,120,-114
115000244,2,48,-46
115000246,4,3,1
115000247,3,2,1
115000248,2,0,2
115000249,8,1,7
115000250,21,22,-1
115000251,33,41,-8
115000252,8,42,-34
115000253,1,52,-51
115000258,39,52,-13
115000259,85,55,30
115000261,0,0,0
115000262,0,10,-10
115000263,1,2,-1
115000264,3,7,-4
115000267,2,14,-12
115000268,20,54,-34
115000269,6,17,-11
115000270,0,0,0
115000272,4,47,-43
115000273,17,4,13
115000280,327,4,323
115000281,370,25,345
115000282,114,41,73
115000284,101,16,85
115000296,23,0,23
115000297,1,0,1
115000298,26,20,6
115000300,4,139,-135
115000302,22,26,-4
115000303,21,30,-9
115000304,28,10,18
115000305,31,772,-741
115000306,18,401,-383
115000307,5,179,-174
115000308,18,3,15
115000309,0,0,0
115000310,164,801,-637
115000311,91,426,-335
115000313,56,448,-392
115000314,22,12,10
115000315,707,203,504
115000316,3,11,-8
115000317,22,282,-260
115000318,88,100,-12
115000319,10,189,-179
115000320,5,67,-62
115000321,38,0,38
115000322,11,181,-170
115000449,45,21,24
115000557,0,74,-74
115000558,8,16,-8
115000587,54,105,-51
115000588,955,2417,-1462
115000589,891,1012,-121
115000590,232,845,-613
115000591,193,163,30
115000592,238,724,-486
115000593,165,104,61
115000594,449,700,-251
115000609,47,65,-18
115000617,225,185,40
115000624,17,50,-33
115000633,44,813,-769
115000634,441,130,311
115000635,35,14,21
115000638,460,191,269
115000641,32,44,-12
115000642,96,74,22
115000643,23,223,-200
115000644,79,183,-104
115000646,325,284,41
115000647,42,185,-143
115000648,173,704,-531
115000893,606,110,496
115000894,28,730,-702
115000895,118,451,-333
115000896,165,42,123
115000897,35,8,27
115000898,245,17,228
115000899,496,365,131
115000900,15,144,-129
115000901,33,24,9
115000912,14,4,10
115000913,3,11,-8
115000915,1,0,1
115000916,0,0,0
115000917,0,0,0
115000918,0,0,0
115000919,0,0,0
115000920,3,13,-10
115000921,722,28,694
115000922,166,39,127
115000923,209,362,-153
115000925,24,40,-16
115000927,6,14,-8
115000933,145,52,93
115000934,7,51,-44
115000935,6,30,-24
115000936,0,0,0
115000937,617,39,578
115000938,96,48,48
115000939,92,52,40
115000940,0,0,0
115000941,0,0,0
115000942,0,1,-1
115000943,31,7,24
115000944,2,5,-3
115900001,0,71,-71
115900002,23,60,-37
115900003,17,26,-9
115900004,1,16,-15
115900005,2,0,2
115900006,8,164,-156
115900008,3,3,0
115900009,12,114,-102
115900010,24,44,-20
115900011,24,99,-75
115900012,8,24,-16
115900013,79,16,63
115900014,34,86,-52
115900015,7,42,-35
115900016,3,2,1
115900017,0,0,0
115900018,102,39,63
115900019,49,5,44
115900020,0,0,0
115900021,958,37,921
115900022,969,2,967
115900023,0,0,0
115900025,36,54,-18
115900026,320,104,216
115900027,0,237,-237
115900028,284,15,269
115900029,1,278,-277
115900030,3,0,3
115900031,147,27,120
115900032,44,172,-128
115900033,2,29,-27
115900034,3,312,-309
115900035,11,31,-20
115900036,73,68,5
115900037,5,331,-326
115900038,0,3,-3
115900039,5,157,-152
115900041,57,88,-31
115900042,1,0,1
115900043,7,52,-45
115900044,36,43,-7
115900046,37,198,-161
115900047,7,8,-1
115900049,4,69,-65
115900051,0,24,-24
115900052,7,228,-221
115900053,10,72,-62
115900054,7,40,-33
115900055,11,127,-116
115900056,10,144,-134
115900057,2,0,2
115900058,28,55,-27
115900060,8,42,-34
115900061,6,0,6
115900062,6,175,-169
115900063,28,2,26
115900064,70,80,-10
115900065,3,64,-61
115900066,123,94,29
115900067,5,509,-504
115900068,2647,19,2628
115900069,33,55,-22
115900070,8,92,-84
115900071,0,337,-337
115900072,58,133,-75
115900073,3,9,-6
115900074,1,281,-280
115900075,7,172,-165
115900076,0,58,-58
115900077,5,245,-240
115900078,8,41,-33
115900079,15,1,14
115900080,120,52,68
115900081,7,52,-45
115900082,14,48,-34
115900084,16,4,12
115900085,11,8,3
115900086,501,120,381
115900088,4,5,-1
115900089,37,511,-474
115900090,23,4,19
115900091,1,11,-10
115900092,2,134,-132
115900093,0,25,-25
115900094,3,336,-333
115900096,0,7,-7
115900097,6,407,-401
115900098,31,218,-187
115900099,1,66,-65
115900100,2,209,-207
115900101,32,234,-202
115900102,0,34,-34
115900103,68,115,-47
115900104,6,61,-55
115900105,12,333,-321
115900106,3,3,0
115900107,1,104,-103
115900108,7,6,1
115900109,9,166,-157
115900110,1,4,-3
115900111,1,45,-44
115900112,9,276,-267
115900113,0,8,-8
115900114,4,122,-118
115900115,6,52,-46
115900116,26,467,-441
115900117,13,11,2
115900118,1,279,-278
115900119,4,39,-35
115900120,1,136,-135
115900121,11,50,-39
115900124,8,66,-58
115900125,38,1,37
115900126,44,7,37
115900127,67,9,58
115900128,1,73,-72
115900129,56,1,55
115900130,5,97,-92
115900131,6,3,3
115900132,43,3,40
115900134,14,2,12
115900135,318,192,126
115900137,5,0,5
115900139,39,11,28
115900140,19,4,15
115900141,4,7,-3
115900142,2,7,-5
115900143,8,57,-49
115900144,14,66,-52
115900146,1,47,-46
115900147,36,43,-7
115900148,0,0,0
115900149,2,23,-21
115900150,2,27,-25
115900151,2,19,-17
115900152,2,130,-128
115900153,8,62,-54
115900154,128,67,61
115900155,0,16,-16
115900156,125,133,-8
115900157,4,87,-83
115900158,10,6,4
115900159,6,54,-48
115900160,1,0,1
115900161,1,50,-49
115900163,18,27,-9
115900164,28,47,-19
115900166,53,55,-2
115900168,3,83,-80
115900171,10,91,-81
115900172,7,48,-41
115900173,15,44,-29
115900174,66,67,-1
115900175,10,80,-70
115900178,1,500,-499
115900179,17,4,13
115900180,6,140,-134
115900181,18,195,-177
115900182,64,185,-121
115900183,33,8,25
115900184,120,3,117
115900187,0,58,-58
115900189,0,12,-12
115900190,130,99,31
115900191,11,162,-151
115900192,2,18,-16
115900193,7,9,-2
115900194,55,1,54
115900195,61,94,-33
115900198,35,66,-31
115900199,18,90,-72
115900200,35,73,-38
115900201,12,99,-87
115900202,0,0,0
115900203,0,0,0
115900204,0,0,0
115900205,5,0,5
115900206,6,63,-57
115900207,3,1,2
115900208,4,172,-168
115900209,0,47,-47
115900210,1,76,-75
115900211,2,69,-67
115900212,16,125,-109
115900213,3,5,-2
115900214,42,132,-90
115900215,0,12,-12
115900216,1,77,-76
115900217,1,70,-69
115900218,0,26,-26
115900219,5,1,4
115900220,4,1,3
115900221,7,0,7
115900222,3,0,3
115900223,0,7,-7
115900224,416,34,382
115900225,60,8,52
115900226,1,11,-10
115900227,0,12,-12
115900228,2,9,-7
115900229,4,11,-7
115900230,18,19,-1
115900231,3,2,1
115900232,1,0,1
115900233,5,3,2
115900234,9,2,7
115900235,1,3,-2
115900236,3,5,-2
115900237,0,52,-52
115900238,0,24,-24
115900239,1,22,-21
115900240,1,49,-48
115900241,6,32,-26
115900242,55,17,38
115900243,0,2,-2
115900244,1,1,0
115900245,0,2,-2
115900246,1,0,1
115900247,5,1,4
115900248,5,2,3
115900249,0,2,-2
115900250,0,0,0
115900251,0,0,0
115900252,0,3,-3
115900253,0,2,-2
115900254,1,6,-5
115900255,1,7,-6
115900256,13,12,1
115900257,0,2,-2
115900258,0,0,0
115900259,0,1,-1
115900260,1,1,0
115900261,2,1,1
115900262,0,0,0
115900263,4,1,3
115900264,0,1,-1
115900265,0,1,-1
115900266,4,1,3
115900267,1,0,1
115900268,1,6,-5
115900269,19,155,-136
115900270,33,379,-346
115900271,0,0,0
115900272,1,1,0
115900273,1,0,1
115900274,2,12,-10
115900275,1,27,-26
115900276,0,35,-35
115900277,0,114,-114
115900278,1,45,-44
115900279,1,53,-52
115900280,5,55,-50
115900281,198,24,174
115900282,7,4,3
115900283,2,2,0
115900284,4,7,-3
116000001,10989,2265,8724
116000002,1470,915,555
116000003,558,1064,-506
116000004,458,421,37
116000005,763,1311,-548
116000006,511,456,55
116000007,1458,2257,-799
116000008,1021,555,466
116000009,694,1635,-941
116000010,337,285,52
116000011,262,820,-558
116000012,258,237,21
116000013,8194,1986,6208
116000014,11124,1411,9713
116000015,190,229,-39
116000016,4027,467,3560
116000017,22,225,-203
116000018,315,189,126
116000019,87,145,-58
116000020,151,577,-426
116000021,32,153,-121
116000022,89,166,-77
116000023,158,147,11
116000024,232,724,-492
116000025,106,177,-71
116000026,475,1052,-577
116000027,225,344,-119
116000028,63,100,-37
116000029,375,202,173
116000030,20,33,-13
116000031,95,81,14
116000032,24,146,-122
116000033,16,174,-158
116000034,45,251,-206
116000035,55,332,-277
116000036,581,127,454
116000037,137,57,80
116000038,94,47,47
116000039,227,105,122
116000040,138,19,119
116000041,96,258,-162
116000042,116,53,63
116000043,27,242,-215
116000044,5,39,-34
116000045,132,167,-35
116000046,410,409,1
116000047,789,739,50
116000048,260,287,-27
116000049,142,392,-250
116000050,437,713,-276
116000051,535,358,177
116000052,1265,1444,-179
116000053,226,168,58
116000054,205,1016,-811
116000055,99,590,-491
116000056,22,163,-141
116000057,1073,1011,62
116000058,1011,657,354
116000059,784,803,-19
116000060,2025,435,1590
116000061,203,301,-98
116000062,219,233,-14
116000063,117,315,-198
116000066,0,36,-36
116000067,81,376,-295
116000068,23,30,-7
116000069,92,283,-191
116000078,43,227,-184
116000080,356,466,-110
116000082,0,53,-53
116000083,396,162,234
116000084,709,1767,-1058
116000085,721,258,463
116000086,1025,702,323
116000087,556,313,243
116000088,298,455,-157
116000089,47,69,-22
116000090,29,45,-16
116000091,55,68,-13
116000093,259,144,115
116000094,61,288,-227
116000095,149,213,-64
116000096,116,450,-334
116000097,94,358,-264
116000098,66,1046,-980
116000099,3521,118,3403
116000100,30,9,21
116000101,127,631,-504
116000102,42,680,-638
116000103,102,75,27
116000104,16,883,-867
116000105,138,103,35
116000106,39,700,-661
116000107,282,249,33
116000108,0,71,-71
116000111,9,4,5
116000113,18,20,-2
116000114,22,88,-66
116000115,10,30,-20
116000116,84,312,-228
116000117,296,396,-100
116000118,319,871,-552
116000119,279,317,-38
116000120,828,2351,-1523
116000121,174,126,48
116000122,580,1577,-997
116000123,94,127,-33
116000124,101,702,-601
116000125,217,205,12
116000126,112,846,-734
116000127,374,843,-469
116000128,340,202,138
116000129,106,116,-10
116000130,76,100,-24
116000133,95,486,-391
116000134,352,1397,-1045
116000135,263,537,-274
116000136,175,1088,-913
116000137,111,232,-121
116000138,733,162,571
116000139,487,1014,-527
116000140,39,152,-113
116000141,117,466,-349
116000142,1843,1914,-71
116000143,700,576,124
116000144,514,1775,-1261
116000145,459,669,-210
116000146,40,97,-57
116000147,52,33,19
116000148,87,186,-99
116000149,120,234,-114
116000151,214,638,-424
116000153,4,50,-46
116000155,21,55,-34
116000156,190,346,-156
116000157,1,3,-2
116000158,29,218,-189
116000159,2,0,2
116000160,11,60,-49
116000161,6,30,-24
116000162,38,15,23
116000163,3,9,-6
116000164,1,8,-7
116000177,1,42,-41
116000194,24,151,-127
116000195,302,265,37
116000196,1,2,-1
116000197,2,1,1
116000198,510,290,220
116000200,268,87,181
116000201,236,318,-82
116000202,3,150,-147
116000203,0,52,-52
116000204,2,21,-19
116000205,0,116,-116
116000206,0,62,-62
116000207,0,13,-13
116000233,46,479,-433
116000287,36,299,-263
116000288,25,90,-65
116000292,3,114,-111
116000296,1,93,-92
116000297,16,10,6
116000304,14,14,0
116000305,11,27,-16
116000346,10,119,-109
116000352,4,23,-19
116000354,1,10,-9
116000357,1,1,0
116000358,33,11,22
116000361,370,0,370
116000372,5159,763,4396
116000381,17,0,17
116000388,1,45,-44
116000389,122,243,-121
116000445,48,539,-491
116000446,61,381,-320
116000447,5,247,-242
116000448,207,102,105
116000563,96,108,-12
116000565,58,259,-201
116000568,20,31,-11
116000579,10,68,-58
116000583,3,21,-18
116000584,1,12,-11
116000585,6,14,-8
116000586,123,46,77
116000587,0,159,-159
116000589,10,39,-29
116000590,9,11,-2
116000591,16,112,-96
116000592,0,39,-39
116000593,0,8,-8
116000594,62,418,-356
116000595,57,144,-87
116000596,2,2,0
116000597,32,27,5
116000598,3,160,-157
116000605,35,51,-16
116000606,2,36,-34
116000607,0,35,-35
116000609,56,143,-87
116000611,10,351,-341
116000612,128,776,-648
116000613,90,147,-57
116000614,172,503,-331
116000615,1,54,-53
116000616,10,109,-99
116000617,28,70,-42
116000618,2,149,-147
116000619,3,20,-17
116000620,0,0,0
116000621,1,3,-2
116000622,0,0,0
116000624,4,36,-32
116000627,3,51,-48
116000628,13,278,-265
116000629,15,242,-227
116000630,36,8,28
116000631,9,20,-11
116000632,26,87,-61
116000633,9,152,-143
116000634,63,212,-149
116000635,797,382,415
116000636,453,382,71
116000637,57,83,-26
116000638,7,222,-215
116000639,0,0,0
116000640,0,1,-1
116000641,23,99,-76
116000643,0,98,-98
116000644,16,755,-739
116000645,16,15,1
116900001,36,51,-15
116900002,98,0,98
116900003,3,42,-39
116900004,6,4,2
116900005,23,31,-8
116900006,32,54,-22
116900007,27,65,-38
116900008,57,274,-217
116900009,0,0,0
116900010,5,1060,-1055
116900011,7,19,-12
116900012,34,82,-48
116900013,1,87,-86
116900014,14,305,-291
116900016,9,0,9
116900017,0,382,-382
116900018,7,15,-8
116900019,0,216,-216
116900020,681,67,614
116900023,17,2,15
116900025,52,604,-552
116900026,32,301,-269
116900027,1,23,-22
116900028,6,33,-27
116900029,2,11,-9
116900031,0,2,-2
116900032,1,131,-130
116900033,1,0,1
116900034,7,39,-32
116900035,21,110,-89
116900036,0,58,-58
116900038,3,0,3
116900041,0,5,-5
116900042,568,85,483
116900043,2,18,-16
116900047,50,17,33
116900049,18,124,-106
116900050,17,132,-115
116900051,5,115,-110
116900052,44,25,19
116900055,0,0,0
116900057,8,177,-169
116900058,8,135,-127
116900059,0,67,-67
116900060,38,167,-129
116900062,0,0,0
116900064,16,543,-527
116900065,3,36,-33
116900067,14,54,-40
116900068,44,266,-222
116900070,0,1,-1
116900072,12,277,-265
116900073,10,64,-54
116900074,0,16,-16
116900076,2,12,-10
116900077,4,114,-110
116900078,136,59,77
116900079,6,195,-189
116900080,0,10,-10
116900081,52,556,-504
116900082,79,439,-360
116900083,13,50,-37
116900084,60,21,39
116900085,3,80,-77
116900086,9,149,-140
116900088,97,10,87
116900090,65,14,51
116900091,13,41,-28
116900092,25,452,-427
116900093,983,567,416
116900094,2947,701,2246
116900095,16,102,-86
116900096,18,21,-3
116900097,1143,298,845
116900098,516,65,451
116900099,185,110,75
116900100,77,4,73
116900101,131,327,-196
116900103,0,0,0
116900104,6,34,-28
116900105,49,9,40
116900106,142,173,-31
116900107,1767,270,1497
116900110,6,0,6
116900111,37,532,-495
116900112,29,307,-278
116900113,941,210,731
116900116,35,72,-37
116900117,10,49,-39
116900118,688,236,452
116900120,29,40,-11
116900121,17,22,-5
116900122,93,575,-482
116900123,24,590,-566
116900124,23,356,-333
116900125,28,68,-40
116900126,78,205,-127
116900128,0,25,-25
116900129,0,140,-140
116900130,583,675,-92
116900131,4,80,-76
116900132,2,38,-36
116900133,11,56,-45
116900134,29,91,-62
116900136,16,66,-50
116900137,51,92,-41
116900138,51,106,-55
116900139,28,170,-142
116900140,32,127,-95
116900141,117,147,-30
116900142,0,2,-2
116900143,55,233,-178
116900144,0,7,-7
116900145,17,181,-164
116900147,199,134,65
116900148,0,8,-8
116900149,2,33,-31
116900150,2,2,0
116900151,8,2,6
116900153,11,14,-3
116900154,67,57,10
116900155,9,7,2
116900157,15,144,-129
116900158,2,20,-18
116900159,27,91,-64
116900160,178,62,116
116900161,4134,940,3194
116900162,0,41,-41
116900163,8,63,-55
116900164,2,13,-11
116900165,41,32,9
116900166,1,43,-42
116900167,36,25,11
116900168,35,68,-33
116900169,122,65,57
116900170,35,48,-13
116900171,4,104,-100
116900172,63,20,43
116900173,6,18,-12
116900174,5,14,-9
116900175,18,9,9
116900178,4,76,-72
116900179,19,16,3
116900180,9,17,-8
116900182,93,102,-9
116900183,16,25,-9
116900185,1,10,-9
116900186,26,216,-190
116900187,0,1,-1
116900188,17,6,11
116900189,0,0,0
116900191,84,146,-62
116900192,19,53,-34
116900194,25,110,-85
116900195,8,1,7
116900196,7,60,-53
116900197,9,4,5
116900198,155,50,105
116900200,2,31,-29
116900201,4,3,1
116900202,20,26,-6
116900203,5,3,2
116900204,9,24,-15
116900206,1,30,-29
116900207,4,13,-9
116900208,1,27,-26
116900209,6,75,-69
116900210,77,96,-19
116900211,63,6,57
116900212,2,65,-63
116900213,17,56,-39
116900214,13,63,-50
116900215,3,10,-7
116900216,86,197,-111
116900218,2,217,-215
116900219,445,178,267
116900220,19,93,-74
116900221,13,107,-94
116900222,74,103,-29
116900223,35,78,-43
116900226,3,42,-39
116900227,10,37,-27
116900228,40,218,-178
116900230,14,491,-477
116900233,33,56,-23
116900234,5,0,5
116900235,41,151,-110
116900238,527,126,401
116900239,8,130,-122
116900240,2637,471,2166
116900241,7,91,-84
116900242,571,48,523
116900243,2,23,-21
116900245,12,4,8
116900246,7,5,2
116900247,29,2,27
116900248,10,16,-6
116900249,28,18,10
116900250,23,26,-3
116900251,122,20,102
116900252,5,459,-454
116900254,1,34,-33
116900255,47,22,25
116900256,51,34,17
116900257,4,402,-398
116900258,0,223,-223
116900259,10,2,8
116900260,0,81,-81
116900261,0,1,-1
116900262,22,118,-96
116900263,0,2,-2
116900264,1,3,-2
116900265,2,0,2
116900266,0,9,-9
116900267,0,0,0
116900268,1,0,1
116900269,61,208,-147
116900271,1316,28,1288
116900272,179,225,-46
116900273,71,17,54
116900274,10,9,1
116900275,8,47,-39
116900276,99,5,94
116900277,131,3,128
116900278,0,1,-1
116900279,0,7,-7
116900280,2,7,-5
116900281,3093,372,2721
116900282,1,69,-68
116900283,1,61,-60
116900284,4,52,-48
116900285,114,18,96
116900286,72,2,70
116900287,1,47,-46
116900288,6,47,-41
116900289,0,15,-15
116900290,0,18,-18
116900291,0,2,-2
116900292,0,0,0
116900293,10,79,-69
116900294,12,69,-57
116900295,10,8,2
116900296,1,9,-8
116900297,1,5,-4
116900298,16,9,7
116900299,2,8,-6
116900300,0,20,-20
116900301,17,18,-1
116900302,11,13,-2
116900303,248,8,240
116900304,0,57,-57
116900305,10,7,3
116900306,13,91,-78
116900307,6,1,5
116900308,1,79,-78
116900309,8,57,-49
116900310,1,25,-24
117000001,330,415,-85
117000002,544,1915,-1371
117000003,1197,598,599
117000004,1586,2080,-494
117000005,333,472,-139
117000006,325,2253,-1928
117000007,596,322,274
117000008,472,2011,-1539
117000009,841,383,458
117000010,948,1635,-687
117000011,256,455,-199
117000012,324,1067,-743
117000013,213,436,-223
117000014,207,1040,-833
117000015,872,334,538
117000016,59,46,13
117000017,74,61,13
117000018,16,115,-99
117000019,12,7,5
117000020,326,264,62
117000021,1297,171,1126
117000022,73,27,46
117000023,147,68,79
117000024,154,40,114
117000025,323,303,20
117000026,292,102,190
117000027,821,650,171
117000028,66,76,-10
117000030,209,212,-3
117000031,68,20,48
117000032,721,549,172
117000033,347,253,94
117000034,56,122,-66
117000035,43,19,24
117000036,84,139,-55
117000037,15,23,-8
117000038,18,222,-204
117000039,36,92,-56
117000040,41,989,-948
117000041,92,37,55
117000044,13,698,-685
117000045,60,11,49
117000046,147,450,-303
117000047,53,122,-69
117000048,856,626,230
117000049,69,164,-95
117000050,33,1703,-1670
117000051,449,86,363
117000052,6,405,-399
117000053,44,45,-1
117000054,232,1,231
117000055,92,2134,-2042
117000056,77,2,75
117000057,380,993,-613
117000060,123,1074,-951
117000061,178,151,27
117000062,68,244,-176
117000063,214,170,44
117000064,386,422,-36
117000066,415,287,128
117000067,11,110,-99
117000074,43,29,14
117000076,31,3,28
117000077,50,24,26
117000078,8,276,-268
117000079,40,70,-30
117000080,0,235,-235
117000081,121,30,91
117000082,21,25,-4
117000083,5,2,3
117000084,1,0,1
117000085,31,160,-129
117000086,200,300,-100
117000087,71,222,-151
117000088,67,38,29
117000089,348,98,250
117000090,82,1007,-925
117000091,145,84,61
117000092,118,1129,-1011
117000093,142,133,9
117000094,222,1375,-1153
117000095,296,220,76
117000096,209,1440,-1231
117000097,152,322,-170
117000098,1197,3351,-2154
117000099,351,264,87
117000100,20,78,-58
117000101,113,755,-642
117000102,146,173,-27
117000103,459,1037,-578
117000104,201,143,58
117000105,273,1250,-977
117000106,165,108,57
117000107,162,1654,-1492
117000108,149,182,-33
117000109,742,1918,-1176
117000110,194,124,70
117000111,770,1348,-578
117000112,495,542,-47
117000113,29,195,-166
117000114,17,28,-11
117000115,18,88,-70
117000116,6,83,-77
117000117,289,127,162
117000118,52,83,-31
117000119,19,9,10
117000120,19,18,1
117000121,9,87,-78
117000122,194,97,97
117000123,362,4,358
117000124,41,0,41
117000125,62,11,51
117000126,16,25,-9
117000127,73,133,-60
117000128,139,193,-54
117000129,134,96,38
117000130,0,1,-1
117000131,0,202,-202
117000132,158,93,65
117000133,157,95,62
117000134,2,44,-42
117000135,1,23,-22
117000136,0,29,-29
117000137,10,22,-12
117000138,1,144,-143
117000140,149,1064,-915
117000141,297,151,146
117000181,454,101,353
117000182,52,22,30
117000195,70,754,-684
117000196,12,8,4
117000225,36,0,36
117000226,6,32,-26
117000276,30,2,28
117000277,0,318,-318
117000310,953,847,106
117000315,25,76,-51
117000320,0,0,0
117000906,15,4,11
117000907,0,291,-291
117000909,35,25,10
117000910,105,64,41
117000911,81,144,-63
117000915,4,356,-352
117000916,3,0,3
117000917,107,2,105
117000918,18,27,-9
117000919,1,63,-62
117000920,1,1013,-1012
117000921,3,1469,-1466
117000922,0,0,0
117000924,108,157,-49
117000926,587,42,545
117000927,65,86,-21
117000928,0,179,-179
117000929,33,390,-357
117000930,42,16,26
117000931,78,13,65
117900002,40,193,-153
117900003,364,106,258
117900005,0,21,-21
117900006,0,17,-17
117900007,12,96,-84
117900008,0,23,-23
117900010,22,81,-59
117900011,7,11,-4
117900012,5,107,-102
117900013,1,146,-145
117900014,89,246,-157
117900015,13,161,-148
117900016,476,87,389
117900017,60,388,-328
117900018,78,9,69
117900019,33,325,-292
117900020,11,35,-24
117900021,4,85,-81
117900023,321,18,303
117900024,20,168,-148
117900025,26,8,18
117900026,41,229,-188
117900028,4,2,2
117900029,38,547,-509
117900030,51,63,-12
117900031,21,24,-3
117900032,76,73,3
117900033,39,553,-514
117900034,13,12,1
117900035,24,12,12
117900036,30,526,-496
117900037,8,32,-24
117900038,5,306,-301
117900039,1,33,-32
117900040,49,341,-292
117900041,3,44,-41
117900042,2404,148,2256
117900043,5,21,-16
117900044,8,365,-357
117900045,18,29,-11
117900048,50,170,-120
117900049,16,348,-332
117900050,0,9,-9
117900051,5,4,1
117900052,16,81,-65
117900053,244,387,-143
117900054,0,19,-19
117900055,47,28,19
117900056,82,5,77
117900057,329,628,-299
117900058,8,3,5
117900059,37,22,15
117900060,140,2983,-2843
117900061,4,29,-25
117900063,21,99,-78
117900065,354,534,-180
117900066,3,12,-9
117900067,35,158,-123
117900069,57,266,-209
117900070,20,1,19
117900071,15,67,-52
117900073,59,255,-196
117900074,6,1,5
117900075,3,44,-41
117900076,3,15,-12
117900077,23,18,5
117900078,55,124,-69
117900080,25,22,3
117900081,275,249,26
117900082,83,82,1
117900083,27,434,-407
117900086,9,21,-12
117900087,8,11,-3
117900088,1173,688,485
117900089,304,73,231
117900090,32,511,-479
117900091,58,46,12
117900092,0,25,-25
117900093,1,39,-38
117900094,11,7,4
117900095,78,439,-361
117900096,4,98,-94
117900097,4,28,-24
117900098,2,0,2
117900099,8,202,-194
117900100,10,0,10
117900101,161,275,-114
117900102,2,11,-9
117900103,9,0,9
117900104,0,41,-41
117900105,23,55,-32
117900106,5,8,-3
117900107,4,0,4
117900109,58,127,-69
117900110,2,0,2
117900111,44,2,42
117900112,4,2,2
117900113,1186,272,914
117900114,5,0,5
117900115,48,3,45
117900116,460,242,218
117900117,116,88,28
117900118,6,0,6
117900119,26,194,-168
117900120,8,58,-50
117900121,2,7,-5
117900122,414,247,167
117900123,117,497,-380
117900124,160,223,-63
117900125,346,318,28
117900126,150,295,-145
117900127,101,276,-175
117900128,64,449,-385
117900129,6,0,6
117900130,180,107,73
117900131,0,39,-39
117900132,4,55,-51
117900133,0,91,-91
117900134,5,120,-115
117900135,4,154,-150
117900136,0,28,-28
117900137,5,236,-231
117900138,0,14,-14
117900139,12,83,-71
117900140,2754,31,2723
117900141,55,110,-55
117900142,4,3,1
117900144,7,41,-34
117900145,17,2,15
117900146,65,70,-5
117900147,5,24,-19
117900148,1091,357,734
117900149,15,71,-56
117900150,5,58,-53
117900151,8,104,-96
117900152,24,43,-19
117900153,4,43,-39
117900154,72,341,-269
117900156,179,186,-7
117900157,11,137,-126
117900158,17,18,-1
117900160,102,129,-27
117900161,1133,1073,60
117900162,12,115,-103
117900163,45,3,42
117900165,0,4,-4
117900166,13,49,-36
117900168,30,99,-69
117900169,1,71,-70
117900170,0,14,-14
117900171,0,8,-8
117900172,7,3,4
117900173,52,24,28
117900174,16,12,4
117900175,0,2,-2
117900176,1,16,-15
117900177,3,7,-4
117900178,28,3,25
117900180,71,8,63
117900181,16,26,-10
117900182,0,1,-1
117900183,4,17,-13
117900184,0,7,-7
117900185,0,3,-3
117900186,4,6,-2
117900187,2,2,0
117900188,24,6,18
117900189,10,0,10
117900190,0,0,0
117900191,6,1,5
117900192,7,1,6
117900193,0,17,-17
117900194,0,2,-2
117900195,0,3,-3
117900196,1,2,-1
117900207,7,17,-10
117900208,3,8,-5
117900209,59,33,26
117900210,55,37,18
117900211,5,87,-82
117900212,59,77,-18
117900213,1,0,1
117900214,0,18,-18
117900215,0,9,-9
117900216,2,6,-4
117900217,2,27,-25
117900218,44,32,12
117900219,0,43,-43
117900220,6,18,-12
117900222,117,120,-3
117900223,52,59,-7
118000001,215,138,77
118000002,653,706,-53
118000003,386,400,-14
118000004,1184,905,279
118000005,1464,634,830
118000006,3976,1847,2129
118000007,1611,810,801
118000008,1617,1161,456
118000009,769,1004,-235
118000010,652,1636,-984
118000011,206,1286,-1080
118000012,274,1261,-987
118000013,1419,1224,195
118000014,694,1921,-1227
118000016,80,308,-228
118000017,44,92,-48
118000018,80,245,-165
118000019,696,508,188
118000020,559,508,51
118000021,392,793,-401
118000022,1035,239,796
118000023,512,224,288
118000024,586,235,351
118000027,8196,1726,6470
118000029,545,180,365
118000032,409,494,-85
118000033,795,654,141
118000034,1879,769,1110
118000035,397,573,-176
118000036,280,416,-136
118000037,205,452,-247
118000038,53,94,-41
118000039,31,168,-137
118000040,332,1166,-834
118000041,452,579,-127
118000045,167,35,132
118000046,597,258,339
118000047,624,185,439
118000048,1261,482,779
118000051,413,158,255
118000052,200,142,58
118000053,101,81,20
118000054,876,289,587
118000055,684,237,447
118000056,50,70,-20
118000057,84,90,-6
118000058,574,208,366
118000059,285,280,5
118000060,112,352,-240
118000061,176,540,-364
118000062,158,78,80
118000063,131,200,-69
118000064,299,349,-50
118000065,1679,444,1235
118000066,241,275,-34
118000067,609,349,260
118000068,696,1063,-367
118000069,1250,403,847
118000070,3564,435,3129
118000071,1559,1007,552
118000072,716,570,146
118000073,749,117,632
118000074,59,163,-104
118000075,187,143,44
118000076,371,434,-63
118000077,589,538,51
118000078,614,740,-126
118000079,110,147,-37
118000080,506,372,134
118000081,487,449,38
118000082,184,334,-150
118000083,1015,419,596
118000084,1209,513,696
118000086,103,206,-103
118000087,3589,1014,2575
118000088,843,697,146
118000089,1951,997,954
118000090,1245,626,619
118000091,757,622,135
118000092,890,189,701
118000093,66,258,-192
118000096,153,221,-68
118000097,173,189,-16
118000098,64,68,-4
118000099,79,492,-413
118000101,180,162,18
118000102,61,619,-558
118000107,1495,156,1339
118000108,35,88,-53
118000110,3,12,-9
118000111,2,499,-497
118000112,0,0,0
118000113,4,663,-659
118000114,1,0,1
118000115,5,5,0
118000116,4,0,4
118000117,433,340,93
118000118,241,198,43
118000119,171,351,-180
118000120,702,776,-74
118000121,10,224,-214
118000122,248,37,211
118000123,25,176,-151
118000125,676,508,168
118000126,242,627,-385
118000127,381,176,205
118000128,267,553,-286
118000129,160,84,76
118000130,1445,2115,-670
118000131,279,680,-401
118000132,491,380,111
118000133,118,165,-47
118000135,27,36,-9
118000136,49,260,-211
118000137,250,39,211
118000138,42,306,-264
118000139,40,70,-30
118000140,1004,853,151
118000141,375,691,-316
118000142,450,1102,-652
118000143,245,290,-45
118000144,460,337,123
118000145,527,1214,-687
118000146,353,681,-328
118000147,326,941,-615
118000148,110,679,-569
118000149,177,550,-373
118000150,47,85,-38
118000151,37,148,-111
118000153,240,385,-145
118000154,187,534,-347
118000155,152,348,-196
118000156,971,867,104
118000157,169,200,-31
118000158,40,245,-205
118000159,1,0,1
118000160,21,70,-49
118000161,102,407,-305
118000162,129,271,-142
118000163,164,189,-25
118000164,655,402,253
118000168,751,101,650
118000169,336,921,-585
118000170,1495,3312,-1817
118000171,30,127,-97
118000172,7,59,-52
118000173,232,535,-303
118000175,43,80,-37
118000176,47,93,-46
118000177,60,139,-79
118000178,16,27,-11
118000179,328,136,192
118000180,114,140,-26
118000181,289,133,156
118000182,159,113,46
118000183,60,74,-14
118000184,45,296,-251
118000185,557,314,243
118000186,232,325,-93
118000187,219,595,-376
118000188,70,131,-61
118000189,31,407,-376
118000190,2,6,-4
118000191,2,16,-14
118000192,32,38,-6
118000193,17,94,-77
118000194,761,238,523
118000195,287,197,90
118000196,40,17,23
118000197,108,35,73
118000198,131,83,48
118000199,153,119,34
118000200,5,15,-10
118000201,135,106,29
118000202,0,1,-1
118000203,437,94,343
118000204,145,73,72
118000205,404,110,294
118000206,39,55,-16
118000207,0,46,-46
118000208,261,470,-209
118000209,431,939,-508
118000210,3,1,2
118000211,1,4,-3
118000213,127,156,-29
118000214,269,103,166
118000215,111,105,6
118000216,1,269,-268
118000217,6,36,-30
118000218,11,33,-22
118000219,111,159,-48
118000220,0,3,-3
118000221,18,95,-77
118000222,103,7,96
118000223,0,7,-7
118000224,109,51,58
118000225,18,476,-458
118000226,44,12,32
118000227,369,107,262
118000228,105,89,16
118000229,10,6,4
118000230,26,125,-99
118000231,3,102,-99
118000232,150,490,-340
118000233,155,262,-107
118000234,50,136,-86
118000236,68,271,-203
118000237,6,327,-321
118000238,36,173,-137
118000239,57,101,-44
118000240,226,26,200
118000241,18,120,-102
118000242,46,445,-399
118000243,17,89,-72
118000244,6,102,-96
118000246,0,1,-1
118000255,7,107,-100
118000256,17,90,-73
118000259,1,12,-11
118000260,5,52,-47
118000261,6,40,-34
118000263,8,146,-138
118000266,66,214,-148
118000267,1,69,-68
118000268,12,1,11
118000270,2,20,-18
118000271,32,156,-124
118000272,22,11,11
118000273,20,63,-43
118000274,50,196,-146
118000276,57,137,-80
118000295,2,31,-29
118000298,40,243,-203
118000299,17,101,-84
118000301,0,23,-23
118000302,17,37,-20
118000311,16,93,-77
118000312,23,174,-151
118000313,1,75,-74
118000314,11,39,-28
118000315,1,24,-23
118000316,118,267,-149
118000325,1,24,-23
118000326,2,14,-12
118000331,16,41,-25
118000332,1,24,-23
118000333,11,31,-20
118000335,0,0,0
118000336,1,224,-223
118000407,0,30,-30
118000457,4,16,-12
118000465,1357,751,606
118000480,1,80,-79
118000489,18,55,-37
118000490,51,257,-206
118000492,52,96,-44
118000510,42,19,23
118000514,38,146,-108
118000515,56,46,10
118000517,194,66,128
118000524,322,76,246
118000525,261,406,-145
118000530,0,23,-23
118000531,32,74,-42
118000532,36,147,-111
118000533,105,70,35
118000534,88,183,-95
118000535,40,64,-24
118000536,90,66,24
118000537,7,16,-9
118000538,17,57,-40
118000539,10,37,-27
118000540,35,112,-77
118000541,26,62,-36
118000542,13,45,-32
118000543,18,52,-34
118000546,14,12,2
118000553,0,0,0
118000560,1640,183,1457
118000562,3,120,-117
118000563,651,412,239
118000576,42,107,-65
118000577,118,112,6
118000578,107,57,50
118000579,307,308,-1
118000583,0,0,0
118000595,36,26,10
118000596,0,44,-44
118000597,66,138,-72
118000598,1,0,1
118000599,6,14,-8
118000600,2,0,2
118000601,0,0,0
118000602,0,3,-3
118000603,0,22,-22
118000605,14,426,-412
118000606,1,48,-47
118900001,285,133,152
118900002,354,162,192
118900003,11,0,11
118900004,0,23,-23
118900005,3,0,3
118900006,0,0,0
118900007,4,0,4
118900008,477,11,466
118900009,1,0,1
118900010,0,0,0
118900011,12,4,8
118900012,89,82,7
118900013,55,0,55
118900015,21,3,18
118900016,1,13,-12
118900017,9,8,1
118900018,211,2,209
118900019,20,10,10
118900020,16,17,-1
118900021,34,123,-89
118900022,48,46,2
118900023,25,17,8
118900024,5,26,-21
118900025,0,2,-2
118900026,8,44,-36
118900027,67,34,33
118900028,10,59,-49
118900029,7,105,-98
118900030,3,3,0
118900031,42,72,-30
118900032,6,32,-26
118900033,47,214,-167
118900034,0,0,0
118900035,24,181,-157
118900036,216,312,-96
118900037,26,59,-33
118900038,74,235,-161
118900039,23,75,-52
118900040,28,80,-52
118900041,21,57,-36
118900042,14,39,-25
118900045,33,39,-6
118900046,485,50,435
118900047,335,112,223
118900048,15,46,-31
118900049,5,2,3
118900050,5,150,-145
118900051,1,11,-10
118900052,8,62,-54
118900053,0,7,-7
118900054,5,42,-37
118900055,4,90,-86
118900056,1,26,-25
118900057,40,124,-84
118900058,54,136,-82
118900059,6,9,-3
118900060,3,54,-51
118900062,17,82,-65
118900064,155,63,92
118900065,7,36,-29
118900066,10,15,-5
118900067,4193,744,3449
118900068,3,19,-16
118900069,29,131,-102
118900071,0,22,-22
118900072,60,113,-53
118900073,18,61,-43
118900074,41,32,9
118900075,3,21,-18
118900076,20,16,4
118900077,19,67,-48
118900078,4,5,-1
118900079,14,24,-10
118900080,0,18,-18
118900081,6,3,3
118900082,86,31,55
118900083,4,12,-8
118900084,6,5,1
118900085,103,343,-240
118900086,0,9,-9
118900087,19,52,-33
118900088,1,8,-7
118900089,7,7,0
118900090,88,186,-98
118900091,47,13,34
118900092,8,63,-55
118900093,31,5,26
118900096,52,48,4
118900097,65,435,-370
118900099,4,133,-129
118900100,15,52,-37
118900101,8,270,-262
118900102,2,42,-40
118900103,8,34,-26
118900104,3,14,-11
118900105,66,67,-1
118900107,69,41,28
118900108,12,59,-47
118900110,123,70,53
118900111,41,182,-141
118900112,5,29,-24
118900113,5,250,-245
118900114,5,29,-24
118900115,32,138,-106
118900116,17,78,-61
118900117,6,82,-76
118900118,36,270,-234
118900119,18,151,-133
118900120,23,166,-143
118900121,1,68,-67
118900122,3,105,-102
118900123,37,127,-90
118900124,28,46,-18
118900126,5,99,-94
118900129,12,51,-39
118900130,4,20,-16
118900131,25,200,-175
118900132,29,61,-32
118900133,4,17,-13
118900135,35,62,-27
118900136,33,377,-344
118900137,1,3,-2
118900139,16,213,-197
118900140,109,571,-462
118900141,10,80,-70
118900144,33,585,-552
118900145,5,48,-43
118900146,37,381,-344
118900147,4,27,-23
118900148,3,6,-3
118900150,1,78,-77
118900152,63,410,-347
118900157,17,22,-5
118900158,1,27,-26
118900159,1,60,-59
118900161,4,0,4
118900163,46,16,30
118900164,11,28,-17
118900165,6,160,-154
118900166,7,6,1
118900167,6,89,-83
118900168,1,33,-32
118900169,35,233,-198
118900170,5,29,-24
118900171,0,27,-27
118900174,16,42,-26
118900175,26,194,-168
118900176,5,93,-88
118900177,0,21,-21
118900178,5,45,-40
118900179,0,10,-10
118900181,57,42,15
118900182,13,25,-12
118900183,8,17,-9
118900184,25,7,18
118900185,11,69,-58
118900186,54,64,-10
118900187,62,94,-32
118900188,37,97,-60
118900189,6,102,-96
118900190,1,206,-205
118900191,36,5,31
118900192,23,2,21
118900193,12,0,12
118900195,30,273,-243
118900196,10,72,-62
118900197,2,11,-9
118900198,2,26,-24
118900199,2,53,-51
118900200,1,3,-2
118900201,5,6,-1
118900202,11,28,-17
118900203,2,16,-14
118900204,0,26,-26
118900205,3,9,-6
118900206,1,16,-15
119000001,334,296,38
119000002,567,937,-370
119000003,314,846,-532
119000004,384,544,-160
119000005,480,612,-132
119000006,498,766,-268
119000007,740,1027,-287
119000008,575,1172,-597
119000009,1435,1020,415
119000010,4385,2331,2054
119000011,3327,657,2670
119000012,2895,1246,1649
119000013,1221,609,612
119000014,906,1664,-758
119000019,55,87,-32
119000020,270,747,-477
119000021,917,854,63
119000022,1040,299,741
119000023,30,66,-36
119000024,1001,1500,-499
119000025,6711,487,6224
119000026,181,74,107
119000027,309,119,190
119000028,845,529,316
119000029,78,86,-8
119000030,269,644,-375
119000031,329,419,-90
119000032,1305,956,349
119000033,744,654,90
119000034,346,654,-308
119000035,11,178,-167
119000036,224,583,-359
119000037,177,1253,-1076
119000038,26,582,-556
119000039,110,205,-95
119000040,503,181,322
119000041,556,447,109
119000048,2510,2336,174
119000049,477,2221,-1744
119000050,475,916,-441
119000051,653,505,148
119000052,765,1230,-465
119000053,669,638,31
119000054,944,1652,-708
119000055,563,1499,-936
119000056,406,943,-537
119000057,411,1180,-769
119000058,539,1137,-598
119000059,263,514,-251
119000060,289,372,-83
119000061,199,355,-156
119000062,426,676,-250
119000063,72,115,-43
119000064,568,763,-195
119000065,630,1698,-1068
119000066,391,304,87
119000067,726,1360,-634
119000068,412,512,-100
119000069,423,1321,-898
119000070,492,619,-127
119000071,186,421,-235
119000072,3043,1702,1341
119000073,1592,2046,-454
119000074,228,2012,-1784
119000075,211,1476,-1265
119000076,185,371,-186
119000077,210,194,16
119000078,81,215,-134
119000079,38,272,-234
119000080,88,114,-26
119000081,30,201,-171
119000082,94,148,-54
119000083,72,135,-63
119000084,62,266,-204
119000085,177,118,59
119000086,80,184,-104
119000087,594,348,246
119000088,155,179,-24
119000089,34,53,-19
119000090,51,34,17
119000091,163,136,27
119000092,240,51,189
119000093,1983,1913,70
119000094,756,2058,-1302
119000095,349,1604,-1255
119000097,1592,662,930
119000098,290,707,-417
119000099,654,704,-50
119000100,712,905,-193
119000101,926,1378,-452
119000102,258,218,40
119000103,399,207,192
119000104,1677,801,876
119000105,121,257,-136
119000106,54,1296,-1242
119000107,103,209,-106
119000108,62,897,-835
119000109,22,209,-187
119000110,182,303,-121
119000111,5,277,-272
119000112,65,115,-50
119000113,977,163,814
119000114,206,141,65
119000115,118,30,88
119000116,21,27,-6
119000117,17,111,-94
119000118,2,2,0
119000123,738,180,558
119000124,94,111,-17
119000125,364,447,-83
119000126,147,498,-351
119000127,85,619,-534
119000128,35,3,32
119000131,141,744,-603
119000132,1,6,-5
119000133,0,3,-3
119000134,399,109,290
119000135,13,156,-143
119000136,16,239,-223
119000137,14,312,-298
119000138,62,306,-244
119000139,37,181,-144
119000140,22,132,-110
119000284,921,1315,-394
119000285,1632,1334,298
119000286,3031,1898,1133
119000287,478,1161,-683
119000288,469,848,-379
119000289,750,1776,-1026
119000290,75,279,-204
119000291,20,173,-153
119000293,27,138,-111
119000294,17,10,7
119000295,997,261,736
119000296,42,78,-36
119000302,3693,652,3041
119000303,0,0,0
119000304,0,0,0
119000314,926,1527,-601
119000315,2,524,-522
119000316,14,84,-70
119000317,21,389,-368
119900001,32,189,-157
119900002,13,86,-73
119900003,8,686,-678
119900004,152,104,48
119900005,13,74,-61
119900006,27,119,-92
119900007,84,14,70
119900008,1,3,-2
119900009,111,274,-163
119900010,279,455,-176
119900011,2,19,-17
119900012,0,10,-10
119900013,498,323,175
119900014,167,73,94
119900015,23,13,10
119900016,11,37,-26
119900017,1,10,-9
119900018,396,45,351
119900019,6,1,5
119900020,5,60,-55
119900021,13,15,-2
119900022,15,54,-39
119900023,277,79,198
119900025,12,14,-2
119900026,320,22,298
119900027,1,5,-4
119900028,15,7,8
119900029,0,5,-5
119900030,57,168,-111
119900031,3,39,-36
119900033,846,36,810
119900034,39,120,-81
119900037,13,4,9
119900038,8,19,-11
119900039,9,2,7
119900040,13,0,13
119900041,13,56,-43
119900042,1,53,-52
119900043,3,74,-71
119900044,36,67,-31
119900046,6,56,-50
119900047,60,8,52
119900048,15,47,-32
119900049,6,2,4
119900050,4,5,-1
119900051,55,2,53
119900052,4,47,-43
119900053,59,127,-68
119900054,14,0,14
119900055,131,84,47
119900057,22,55,-33
119900058,24,0,24
119900059,27,35,-8
119900060,16,1,15
119900061,16,1,15
119900062,3,23,-20
119900063,2,29,-27
119900065,36,1,35
119900067,18,45,-27
119900068,39,0,39
119900069,8,3,5
119900070,58,0,58
119900071,35,0,35
119900073,670,173,497
119900074,2,8,-6
119900075,3111,836,2275
119900076,26,246,-220
119900077,81,864,-783
119900078,53,385,-332
119900079,112,128,-16
119900080,56,130,-74
119900081,51,156,-105
119900082,101,50,51
119900083,0,7,-7
119900084,83,26,57
119900085,56,38,18
119900086,37,579,-542
119900087,41,35,6
119900088,18,42,-24
119900089,1,348,-347
119900090,82,31,51
119900091,7,753,-746
119900092,4,249,-245
119900093,180,30,150
119900094,19,137,-118
119900095,79,34,45
119900096,8,84,-76
119900097,159,59,100
119900098,2,13,-11
119900099,3,249,-246
119900100,1473,510,963
119900101,120,413,-293
119900102,3,272,-269
119900103,7,336,-329
119900104,13,127,-114
119900105,172,827,-655
119900106,11,143,-132
119900107,96,1744,-1648
119900108,855,380,475
119900109,8,121,-113
119900110,86,460,-374
119900111,7,233,-226
119900112,1509,186,1323
119900113,18,365,-347
119900114,40,1033,-993
119900115,16,805,-789
119900116,30,102,-72
119900117,58,746,-688
119900118,5,815,-810
119900119,13,161,-148
119900120,289,476,-187
119900121,39,1064,-1025
119900122,99,199,-100
119900123,44,103,-59
119900124,21,621,-600
119900125,17,292,-275
119900126,3831,70,3761
119900127,1297,363,934
119900128,38,459,-421
119900129,21,502,-481
119900130,25,135,-110
119900131,4,247,-243
119900132,6,224,-218
119900133,0,8,-8
119900134,1378,111,1267
119900135,0,243,-243
119900136,55,298,-243
119900138,172,345,-173
119900139,0,28,-28
119900140,0,78,-78
119900141,26,98,-72
119900142,1,19,-18
119900143,1,179,-178
119900144,1324,80,1244
119900145,18,121,-103
119900146,47,37,10
119900147,0,31,-31
119900148,28,19,9
119900149,648,518,130
119900150,42,66,-24
119900151,408,270,138
119900152,23,197,-174
119900153,6,16,-10
119900154,3,574,-571
119900155,1,9,-8
119900156,7,1,6
119900157,3,161,-158
119900158,10,20,-10
119900159,3,925,-922
119900160,0,135,-135
119900161,102,141,-39
119900162,142,139,3
119900163,30,35,-5
119900164,0,0,0
119900165,15,119,-104
119900166,16,6,10
119900167,18,68,-50
119900168,139,128,11
119900169,34,43,-9
119900170,31,30,1
119900171,169,327,-158
119900172,19,3,16
119900173,0,355,-355
119900174,5,184,-179
119900175,119,286,-167
119900177,11,160,-149
119900178,1,106,-105
119900179,4,95,-91
119900180,151,240,-89
119900181,34,2,32
119900182,4,284,-280
119900183,37,696,-659
119900184,1437,204,1233
119900185,3,33,-30
119900186,11,53,-42
119900187,3,340,-337
119900188,13,157,-144
119900189,93,60,33
119900190,13,48,-35
119900191,47,33,14
119900192,1,140,-139
119900193,49,68,-19
119900194,4,10,-6
119900195,16,125,-109
119900196,1061,192,869
119900197,24,53,-29
119900198,13,305,-292
119900199,114,3,111
119900200,56,161,-105
119900201,202,71,131
119900202,53,9,44
119900203,23,81,-58
119900204,17,117,-100
119900205,74,228,-154
119900206,5,67,-62
119900208,18,32,-14
119900209,69,126,-57
119900210,3,18,-15
119900211,16,3,13
119900212,7,173,-166
119900213,4,19,-15
119900214,0,58,-58
119900215,10,78,-68
119900216,7,84,-77
119900217,1,54,-53
119900218,10,45,-35
119900219,3,124,-121
119900220,0,93,-93
119900221,11,410,-399
119900222,5,224,-219
119900223,15,74,-59
119900224,10,21,-11
119900225,1023,18,1005
119900226,462,222,240
119900227,1023,178,845
119900228,1,166,-165
119900229,99,183,-84
119900230,514,190,324
119900231,14,78,-64
119900232,35,27,8
119900233,6,1,5
119900234,2,8,-6
119900235,2,0,2
119900236,4,119,-115
119900237,4,225,-221
119900238,2,44,-42
119900240,7,66,-59
119900241,30,110,-80
119900242,708,227,481
119900244,268,453,-185
119900245,17,53,-36
119900246,18,27,-9
119900247,23,6,17
119900248,6,10,-4
119900249,19,9,10
119900253,1773,73,1700
119900254,5,52,-47
119900255,19,310,-291
119900256,53,918,-865
119900257,7,0,7
119900258,2,4,-2
119900259,0,126,-126
119900260,15,8,7
119900261,25,101,-76
119900262,1,201,-200
119900263,412,257,155
119900264,5,144,-139
119900265,47,172,-125
119900266,26,105,-79
119900267,9,190,-181
119900268,10,137,-127
119900269,62,880,-818
119900271,2,13,-11
119900272,18,9,9
119900275,12,0,12
119900276,4,0,4
119900277,3,0,3
119900278,71,6,65
119900279,22,39,-17
119900280,573,119,454
119900281,0,28,-28
119900282,29,2,27
119900283,2,154,-152
119900284,13,75,-62
119900285,13,14,-1
119900286,2,8,-6
119900288,3,21,-18
119900289,0,13,-13
119900290,0,14,-14
119900291,1,10,-9
119900292,2,3,-1
119900293,4,30,-26
119900294,3,31,-28
119900295,4,39,-35
119900296,4,77,-73
119900297,0,17,-17
119900298,4,30,-26
119900299,2,134,-132
119900300,9,107,-98
119900301,4,10,-6
119900302,2,16,-14
119900303,14,52,-38
119900304,2,9,-7
119900305,20,38,-18
119900306,6,1,5
119900307,6,41,-35
119900308,0,8,-8
119900309,2,8,-6
119900310,78,143,-65
119900311,12,89,-77
119900312,31,31,0
119900313,39,209,-170
119900314,8,82,-74
119900315,80,1585,-1505
119900318,0,3,-3
119900319,1,227,-226
119900320,8,495,-487
119900321,8,0,8
120000001,3581,2054,1527
120000002,1096,2186,-1090
120000003,1961,1446,515
120000004,1964,1810,154
120000005,2925,1635,1290
120000006,798,896,-98
120000007,1529,1321,208
120000008,457,881,-424
120000009,3023,570,2453
120000010,719,2370,-1651
120000011,409,1344,-935
120000012,963,1903,-940
120000013,603,1680,-1077
120000014,196,918,-722
120000015,702,871,-169
120000016,851,584,267
120000017,360,503,-143
120000018,1964,2263,-299
120000019,231,301,-70
120000020,758,798,-40
120000021,789,641,148
120000022,1903,1353,550
120000023,367,693,-326
120000024,654,895,-241
120000025,534,1014,-480
120000026,181,1095,-914
120000027,459,850,-391
120000028,249,171,78
120000029,926,179,747
120000030,37,384,-347
120000031,889,1831,-942
120000032,6422,1677,4745
120000033,698,873,-175
120000034,401,1379,-978
120000035,510,1218,-708
120000036,692,1713,-1021
120000037,156,299,-143
120000038,5928,1750,4178
120000039,198,705,-507
120000040,25,55,-30
120000041,131,1363,-1232
120000042,534,3695,-3161
120000043,1637,1604,33
120000044,855,742,113
120000045,1010,625,385
120000046,562,775,-213
120000047,828,1042,-214
120000048,4620,1299,3321
120000049,812,1313,-501
120000050,1083,2294,-1211
120000051,2497,1743,754
120000052,9426,1333,8093
120000053,507,3013,-2506
120000054,665,4513,-3848
120000055,417,2444,-2027
120000056,1381,2950,-1569
120000057,557,652,-95
120000058,67,96,-29
120000059,51,788,-737
120000061,42,344,-302
120000062,113,212,-99
120000063,1239,2244,-1005
120000064,145,1305,-1160
120000065,105,1234,-1129
120000066,37,254,-217
120000067,10,253,-243
120000068,48,833,-785
120000069,203,1043,-840
120000070,8,771,-763
120000071,29,114,-85
120000072,83,272,-189
120000073,85,57,28
120000074,4,26,-22
120000075,65,100,-35
120000076,203,172,31
120000077,226,223,3
120000078,1797,226,1571
120000079,41,369,-328
120000080,28,125,-97
120000081,91,105,-14
120000082,73,144,-71
120000083,40,134,-94
120000084,233,358,-125
120000085,216,395,-179
120000086,106,513,-407
120000087,53,892,-839
120000088,176,531,-355
120000089,150,77,73
120000090,57,124,-67
120000091,75,190,-115
120000092,121,153,-32
120000093,30,155,-125
120000094,11,112,-101
120000095,271,471,-200
120000096,94,922,-828
120000098,149,588,-439
120000099,65,447,-382
120000100,185,675,-490
120000101,145,349,-204
120000102,70,149,-79
120000103,142,153,-11
120000104,197,57,140
120000105,273,97,176
120000106,256,155,101
120000107,368,135,233
120000108,99,42,57
120000109,152,19,133
120000110,24,592,-568
120000111,56,910,-854
120000112,238,2730,-2492
120000113,203,1989,-1786
120000114,161,1369,-1208
120000115,143,1305,-1162
120000116,228,1222,-994
120000117,644,1250,-606
120000118,8,19,-11
120000119,5,7,-2
120000120,9,6,3
120000121,4,12,-8
120000122,22,13,9
120000123,3447,490,2957
120000124,134,185,-51
120000125,105,316,-211
120000126,40,188,-148
120000127,306,172,134
120000128,876,842,34
120000129,87,89,-2
120000130,195,196,-1
120000131,78,317,-239
120000134,126,858,-732
120000135,22,178,-156
120000137,37,1533,-1496
120000138,56,356,-300
120000139,27,623,-596
120000140,74,475,-401
120000141,31,381,-350
120000142,28,303,-275
120000143,0,80,-80
120000144,4,1,3
120000145,20,2,18
120000146,796,241,555
120000149,166,518,-352
120000150,2838,2406,432
120000151,135,182,-47
120000152,64,198,-134
120000153,22,331,-309
120000154,157,227,-70
120000155,65,114,-49
120000156,634,146,488
120000157,226,230,-4
120000158,253,468,-215
120000159,832,1541,-709
120000160,880,456,424
120000161,466,1533,-1067
120000162,17,67,-50
120000163,81,919,-838
120000164,79,307,-228
120000165,44,627,-583
120000166,119,322,-203
120000167,2,5,-3
120000168,3,20,-17
120000169,76,54,22
120000170,153,31,122
120000171,39,20,19
120000172,21,6,15
120000173,1170,37,1133
120000174,172,6,166
120000175,302,3,299
120000176,90,66,24
120000177,518,342,176
120000178,34,2,32
120000179,103,9,94
120000180,208,16,192
120000181,12,12,0
120000182,30,15,15
120000183,4,96,-92
120000184,31,975,-944
120000186,2,15,-13
120000187,11,15,-4
120000188,64,16,48
120000190,354,0,354
120000191,600,4,596
120000192,548,0,548
120000193,245,0,245
120000195,11,0,11
120000196,102,8,94
120000197,15,24,-9
120000198,20,157,-137
120000199,3,0,3
120000200,9,0,9
120000201,0,3,-3
120000202,12,44,-32
120000203,2,266,-264
120000207,2,37,-35
120000208,6,224,-218
120000209,2,96,-94
120000210,94,48,46
120000211,14,1,13
120000212,16,1,15
120000213,14,356,-342
120000214,1,326,-325
120000215,2,78,-76
120000216,26,1,25
120000217,539,950,-411
120000218,179,1505,-1326
120000219,17,794,-777
120000220,6,2698,-2692
120000225,69,0,69
120000226,15,0,15
120000227,170,5,165
120000228,6112,612,5500
120000230,24,2,22
120000231,78,1585,-1507
120000233,18,0,18
120000235,73,482,-409
120000236,0,2,-2
120000237,1,1853,-1852
120000238,8,40,-32
120000241,304,496,-192
120000412,637,5,632
120000413,43,221,-178
120000414,3,1,2
120000415,4,88,-84
120000416,3,14,-11
120000417,2,84,-82
120000418,2,1,1
120000419,2,284,-282
120000420,15,8,7
120000421,9248,3573,5675
120000422,236,162,74
120000423,2,25,-23
120000424,13,135,-122
120000436,53,103,-50
120000437,134,120,14
120000438,3059,265,2794
120000439,7,66,-59
120000443,30,1,29
120000444,88,245,-157
120000445,346,355,-9
120000446,408,102,306
120000447,0,5,-5
120000449,4,11,-7
120000450,3,292,-289
120000451,14,111,-97
120000452,4,0,4
120000453,1,249,-248
120000454,0,1,-1
120000455,8,33,-25
120000456,2009,1216,793
120000457,568,489,79
120000458,235,437,-202
120000459,16,15,1
120000665,220,87,133
120000668,47,56,-9
120000669,18,297,-279
120000670,149,172,-23
120000671,145,84,61
120000672,40,270,-230
120900001,5,6,-1
120900002,25,62,-37
120900003,37,22,15
120900004,0,13,-13
120900005,1,1045,-1044
120900006,46,55,-9
120900007,27,101,-74
120900008,34,670,-636
120900009,78,50,28
120900010,38,15,23
120900011,108,46,62
120900012,421,204,217
120900013,57,5,52
120900014,2,492,-490
120900015,73,35,38
120900016,59,33,26
120900017,1857,75,1782
120900018,10,311,-301
120900019,65,34,31
120900020,153,158,-5
120900021,23,7,16
120900022,12,259,-247
120900023,17,14,3
120900024,536,210,326
120900025,1319,352,967
120900026,8,87,-79
120900027,123,60,63
120900028,38,14,24
120900029,5,38,-33
120900030,166,157,9
120900031,10,5,5
120900032,114,73,41
120900033,111,5,106
120900034,30,535,-505
120900035,14,47,-33
120900037,8,4,4
120900038,17,24,-7
120900039,4,6,-2
120900040,14,0,14
120900041,35,5,30
120900042,37,22,15
120900043,6,3,3
120900044,0,203,-203
120900045,90,57,33
120900046,50,3,47
120900047,25,10,15
120900048,10,4,6
120900049,26,0,26
120900050,2199,259,1940
120900051,31,43,-12
120900052,31,1,30
120900053,21,31,-10
120900054,524,347,177
120900055,31,4,27
120900056,31,1,30
120900057,9,7,2
120900058,45,0,45
120900059,16,1,15
120900060,2,11,-9
120900061,97,172,-75
120900062,9,1,8
120900063,44,1,43
120900064,29,0,29
120900065,26,0,26
120900066,16,142,-126
120900067,18,13,5
120900068,14,0,14
120900069,35,73,-38
120900071,3,0,3
120900072,68,0,68
120900073,32,159,-127
120900074,55,0,55
120900076,12,0,12
120900077,1584,56,1528
120900078,72,355,-283
120900079,70,67,3
120900080,50,2021,-1971
120900081,72,689,-617
120900082,186,79,107
120900083,171,136,35
120900084,25,63,-38
120900085,47,33,14
120900086,72,35,37
120900087,38,15,23
120900088,57,51,6
120900089,3013,248,2765
120900090,18,101,-83
120900091,111,44,67
120900092,154,405,-251
120900093,3064,158,2906
120900094,274,117,157
120900095,14,13,1
120900096,12,37,-25
120900097,208,1034,-826
120900098,143,140,3
120900099,20,87,-67
120900100,23,314,-291
120900101,118,223,-105
120900102,2,105,-103
120900103,8,67,-59
120900104,34,23,11
120900105,14,737,-723
120900106,686,398,288
120900107,326,105,221
120900108,2,865,-863
120900109,18,603,-585
120900110,0,345,-345
120900111,60,292,-232
120900112,4,960,-956
120900113,5,692,-687
120900114,14,183,-169
120900115,42,86,-44
120900116,17,396,-379
120900117,2,461,-459
120900118,2,624,-622
120900119,2472,1164,1308
120900120,11,579,-568
120900121,22,207,-185
120900122,13,469,-456
120900123,2,420,-418
120900124,4,573,-569
120900125,3,612,-609
120900126,447,371,76
120900127,2,443,-441
120900128,471,597,-126
120900129,20,308,-288
120900130,0,392,-392
120900131,6,37,-31
120900132,72,198,-126
120900133,97,634,-537
120900134,138,270,-132
120900135,4,549,-545
120900136,6,5,1
120900137,9,42,-33
120900138,3,178,-175
120900139,4,702,-698
120900140,2,18,-16
120900141,10,38,-28
120900142,4,573,-569
120900143,3,774,-771
120900144,0,208,-208
120900145,23,630,-607
120900146,1,723,-722
120900147,0,172,-172
120900148,10,47,-37
120900149,0,246,-246
120900150,2,386,-384
120900151,4,517,-513
120900152,0,31,-31
120900153,0,35,-35
120900154,1,182,-181
120900155,36,931,-895
120900156,7,374,-367
120900157,18,156,-138
120900158,3,355,-352
120900159,17,663,-646
120900160,42,283,-241
120900161,8,1093,-1085
120900162,4,1216,-1212
120900163,2,34,-32
120900164,0,0,0
120900165,0,2,-2
120900166,2,18,-16
120900167,17,22,-5
120900169,15,341,-326
120900170,1397,417,980
120900171,811,149,662
120900172,488,26,462
120900173,0,26,-26
120900174,0,91,-91
120900175,247,97,150
120900176,4,46,-42
120900177,0,68,-68
120900178,0,48,-48
120900179,275,207,68
120900180,36,41,-5
120900181,8,67,-59
120900182,1,226,-225
120900183,344,45,299
120900184,81,42,39
120900185,1,243,-242
120900186,0,398,-398
120900187,48,169,-121
120900188,26,0,26
120900189,37,54,-17
120900190,2,6,-4
120900191,1,14,-13
120900192,9582,537,9045
120900194,5,27,-22
120900195,36,206,-170
120900196,117,36,81
120900197,62,6,56
120900198,59,438,-379
120900199,47,41,6
120900200,52,32,20
120900201,380,78,302
120900202,0,144,-144
120900203,1,18,-17
120900204,250,261,-11
120900205,33,65,-32
120900206,1,6,-5
120900207,28,681,-653
121000001,475,642,-167
121000002,547,488,59
121000003,2522,1084,1438
121000004,1535,881,654
121000005,1188,1438,-250
121000006,1596,545,1051
121000007,1544,1716,-172
121000008,1556,877,679
121000009,4303,2605,1698
121000010,4446,1146,3300
121000011,7946,3968,3978
121000012,10084,2446,7638
121000013,4264,3396,868
121000014,4634,2887,1747
121000015,2352,3394,-1042
121000016,3000,1743,1257
121000017,726,1988,-1262
121000018,983,739,244
121000019,8384,3752,4632
121000020,5359,2442,2917
121000021,1190,1512,-322
121000022,743,748,-5
121000023,1599,1530,69
121000024,1029,1565,-536
121000025,460,225,235
121000026,123,55,68
121000027,1254,440,814
121000028,296,217,79
121000029,138,297,-159
121000030,70,91,-21
121000031,333,390,-57
121000032,72,34,38
121000034,18,7,11
121000035,41,46,-5
121000036,316,240,76
121000037,175,291,-116
121000038,212,277,-65
121000039,99,131,-32
121000041,116,252,-136
121000042,31,134,-103
121000043,368,237,131
121000044,718,236,482
121000045,60,190,-130
121000046,33,134,-101
121000047,9,50,-41
121000049,1123,583,540
121000050,116,639,-523
121000051,125,169,-44
121000052,84,266,-182
121000053,46,6,40
121000054,8,99,-91
121000055,1026,642,384
121000056,402,525,-123
121000057,83,128,-45
121000058,293,83,210
121000059,664,308,356
121000060,240,349,-109
121000061,15,69,-54
121000062,69,68,1
121000063,300,251,49
121000064,138,176,-38
121000065,184,227,-43
121000066,197,249,-52
121000067,502,138,364
121000068,149,61,88
121000069,41,58,-17
121000070,372,497,-125
121000071,256,283,-27
121000072,410,315,95
121000073,290,380,-90
121000074,83,127,-44
121000075,21,10,11
121000076,325,192,133
121000077,17,23,-6
121000078,37,60,-23
121000080,1386,273,1113
121000081,549,515,34
121000082,150,166,-16
121000083,81,57,24
121000084,120,73,47
121000085,334,279,55
121000086,117,321,-204
121000087,36,121,-85
121000088,205,224,-19
121000089,104,72,32
121000090,140,197,-57
121000091,1520,462,1058
121000092,61,45,16
121000093,49,90,-41
121000094,177,124,53
121000095,88,129,-41
121000096,1854,971,883
121000097,945,761,184
121000098,138,536,-398
121000099,185,448,-263
121000100,140,345,-205
121000101,10,21,-11
121000102,33,279,-246
121000103,9,24,-15
121000104,14,107,-93
121000105,91,152,-61
121000106,4,34,-30
121000107,1240,2224,-984
121000109,1030,714,316
121000110,114,201,-87
121000114,1519,1210,309
121000115,626,376,250
121000116,294,381,-87
121000117,993,106,887
121000118,717,98,619
121000119,77,127,-50
121000120,130,213,-83
121000121,97,221,-124
121000123,414,178,236
121000127,12,80,-68
121000128,119,355,-236
121000129,93,279,-186
121000130,155,433,-278
121000131,423,301,122
121000132,244,251,-7
121000135,258,87,171
121000136,544,214,330
121000137,247,64,183
121000138,230,126,104
121000139,133,28,105
121000141,60,83,-23
121000142,439,210,229
121000143,54,2,52
121000144,412,384,28
121000145,128,597,-469
121000146,295,374,-79
121000147,239,226,13
121000148,190,474,-284
121000149,732,627,105
121000152,119,174,-55
121000153,1042,224,818
121000154,384,171,213
121000155,465,310,155
121000156,268,351,-83
121000157,1138,653,485
121000158,240,354,-114
121000159,40,350,-310
121000160,116,549,-433
121000161,38,189,-151
121000162,7,195,-188
121000165,780,405,375
121000166,30,162,-132
121000168,56,106,-50
121000169,7,150,-143
121000170,44,21,23
121000171,27,106,-79
121000172,179,261,-82
121000173,681,431,250
121000174,67,291,-224
121000175,135,243,-108
121000176,249,149,100
121000177,212,360,-148
121000178,21,37,-16
121000179,19,47,-28
121000181,157,141,16
121000182,27,97,-70
121000183,24,42,-18
121000184,1,27,-26
121000185,5,112,-107
121000186,99,204,-105
121000187,72,156,-84
121000188,42,161,-119
121000192,226,217,9
121000193,148,197,-49
121000194,1329,1016,313
121000195,177,585,-408
121000196,244,110,134
121000197,53,327,-274
121000198,48,64,-16
121000199,44,456,-412
121000200,85,51,34
121000201,2,142,-140
121000202,46,16,30
121000203,83,1119,-1036
121000204,252,133,119
121000205,30,205,-175
121000206,41,54,-13
121000207,252,196,56
121000208,4,264,-260
121000209,47,390,-343
121000210,89,387,-298
121000211,19,64,-45
121000212,103,454,-351
121000213,2898,729,2169
121000214,271,289,-18
121000215,625,266,359
121000216,122,188,-66
121000217,1470,723,747
121000218,226,1024,-798
121000219,324,167,157
121000220,175,46,129
121000221,38,109,-71
121000222,1099,1340,-241
121000223,196,265,-69
121000224,62,24,38
121000225,326,264,62
121000226,320,221,99
121000227,3,180,-177
121000228,12,584,-572
121000229,11,288,-277
121000230,37,1198,-1161
121000231,0,0,0
121000232,99,33,66
121000233,77,181,-104
121000234,0,17,-17
121000235,10,8,2
121000236,0,31,-31
121000237,2,2,0
121000238,1,64,-63
121000239,1,2,-1
121000240,4,79,-75
121000241,33,5,28
121000242,1,63,-62
121000243,30,10,20
121000244,0,55,-55
121000245,1,1,0
121000246,2,95,-93
121000247,0,0,0
121000248,87,210,-123
121000249,18,115,-97
121000250,59,19,40
121000251,16,342,-326
121000252,8,11,-3
121000253,69,351,-282
121000254,166,134,32
121000255,31,82,-51
121000256,32,67,-35
121000257,11,22,-11
121000258,10,26,-16
121000259,13,16,-3
121000260,7,81,-74
121000261,7,10,-3
121000262,660,260,400
121000263,316,235,81
121000271,163,878,-715
121000273,13,8,5
121000274,3,11,-8
121000275,3,21,-18
121000276,2,2,0
121000278,2,24,-22
121000279,7,10,-3
121000280,1,26,-25
121000289,22,4,18
121000290,422,369,53
121000294,15,162,-147
121000297,336,236,100
121000299,66,120,-54
121000300,430,170,260
121000302,31,138,-107
121000303,183,143,40
121000304,55,6,49
121000305,8,9,-1
121000306,3,19,-16
121000308,100,115,-15
121000309,192,252,-60
121000310,17,201,-184
121000311,31,377,-346
121000312,51,19,32
121000313,290,123,167
121000314,99,38,61
121000315,54,28,26
121000530,313,682,-369
121000531,362,716,-354
121000532,2410,1381,1029
121000533,1003,772,231
121000918,4,151,-147
121000919,2,10,-8
121000938,93,44,49
121000939,145,35,110
121000956,154,780,-626
121000957,2,7,-5
121000958,7,45,-38
121000959,101,584,-483
121000960,254,999,-745
121000961,72,4,68
121000962,120,330,-210
121000963,0,0,0
121000973,0,117,-117
121000976,10,27,-17
121000979,5,2,3
121000981,87,8,79
121000982,45,56,-11
121000983,51,257,-206
121000984,5,9,-4
121000985,90,308,-218
121000986,8,242,-234
121000987,56,957,-901
121000988,170,74,96
121001302,169,67,102
121001308,0,5,-5
121001309,28,19,9
121001313,24,310,-286
121001314,3137,1819,1318
121001315,2446,590,1856
121001326,96,160,-64
121900001,46,70,-24
121900002,1,6,-5
121900003,5,1,4
121900004,6,74,-68
121900005,0,2,-2
121900006,6,2,4
121900007,16,192,-176
121900008,0,5,-5
121900009,0,0,0
121900010,47,0,47
121900011,12,78,-66
121900012,0,0,0
121900013,0,0,0
121900014,85,43,42
121900015,4,8,-4
121900016,0,0,0
121900017,16,27,-11
121900018,60,0,60
121900019,33,64,-31
121900020,1,0,1
121900021,0,0,0
121900022,10,3,7
121900023,0,17,-17
121900024,80,12,68
121900025,30,30,0
121900026,3,1,2
121900027,11,16,-5
121900028,0,0,0
121900029,8,4,4
121900030,100,82,18
121900031,118,352,-234
121900032,6,15,-9
121900033,15,17,-2
121900034,23,9,14
121900035,170,92,78
121900036,0,11,-11
121900037,19,72,-53
121900038,4,17,-13
121900039,17,2,15
121900040,1,4,-3
121900041,3,19,-16
121900042,26,16,10
121900043,0,0,0
121900044,141,9,132
121900046,0,0,0
121900047,2,3,-1
121900048,1,21,-20
121900050,2,3,-1
121900051,11,29,-18
121900052,1,0,1
121900053,48,55,-7
121900054,40,84,-44
121900055,0,0,0
121900058,6,41,-35
121900059,9,19,-10
121900060,5,50,-45
121900061,5,16,-11
121900062,1,0,1
121900063,37,18,19
121900064,9,71,-62
121900066,0,0,0
121900067,0,0,0
121900069,111,54,57
121900070,15,19,-4
121900071,1,74,-73
121900072,4,28,-24
121900073,18,24,-6
121900074,8,32,-24
121900075,13,29,-16
121900076,4,60,-56
121900078,0,0,0
121900079,0,0,0
121900080,41,54,-13
121900082,5,24,-19
121900084,1,111,-110
121900086,0,0,0
121900087,22,28,-6
121900088,280,363,-83
121900089,3,64,-61
121900090,0,32,-32
121900091,4,22,-18
121900092,0,0,0
121900093,5,10,-5
121900094,0,0,0
121900095,50,34,16
121900096,201,15,186
121900097,8,16,-8
121900098,0,0,0
121900099,0,0,0
121900100,2,8,-6
121900101,13,13,0
121900102,0,10,-10
121900103,38,6,32
121900104,140,39,101
121900105,4,2,2
121900106,1,1,0
121900107,0,0,0
121900108,0,0,0
121900109,41,22,19
121900110,12,302,-290
121900111,236,39,197
121900112,3,3,0
121900113,1,2,-1
121900114,0,0,0
121900117,17,2,15
121900118,393,55,338
121900119,6,94,-88
121900120,3,318,-315
121900121,0,0,0
121900122,0,0,0
121900123,24,35,-11
121900124,6,35,-29
121900125,160,271,-111
121900127,0,21,-21
121900128,1,16,-15
121900129,375,22,353
121900130,5,23,-18
121900131,8,25,-17
121900132,3,23,-20
121900133,0,0,0
121900134,0,16,-16
121900135,344,26,318
121900136,7,124,-117
121900137,5,28,-23
121900138,2,19,-17
121900139,106,57,49
121900140,3,8,-5
121900141,2,0,2
121900142,1,2,-1
121900143,0,12,-12
121900144,226,163,63
121900145,7,16,-9
121900146,38,115,-77
121900147,15,80,-65
121900148,10,59,-49
121900149,25,136,-111
121900150,41,77,-36
121900151,9,62,-53
121900152,4,34,-30
121900153,19,80,-61
121900154,2,20,-18
121900155,0,16,-16
121900156,25,50,-25
121900157,0,124,-124
121900158,17,38,-21
121900159,0,34,-34
121900160,0,41,-41
121900161,102,60,42
121900162,20,29,-9
121900163,4,223,-219
121900164,25,38,-13
121900165,6,48,-42
121900166,32,39,-7
121900167,16,4,12
121900168,17,45,-28
121900169,1,179,-178
121900170,0,37,-37
121900171,37,36,1
121900172,20,52,-32
121900173,47,11,36
121900174,0,0,0
121900175,2,27,-25
121900176,143,673,-530
121900177,17,17,0
121900178,0,21,-21
121900179,11,11,0
121900180,2619,562,2057
121900182,32,56,-24
121900183,66,59,7
121900184,2,84,-82
121900186,0,0,0
121900187,2,32,-30
121900188,105,48,57
121900189,4,21,-17
121900190,33,58,-25
121900191,0,0,0
121900192,119,61,58
121900193,1,28,-27
121900194,0,0,0
121900195,5,16,-11
121900196,38,21,17
121900197,121,650,-529
121900198,233,41,192
121900199,0,0,0
121900200,17,16,1
121900201,81,100,-19
121900202,12,38,-26
121900203,6,19,-13
121900204,216,86,130
121900205,0,8,-8
121900206,0,0,0
121900207,24,0,24
121900208,12,22,-10
121900209,13,4,9
121900210,34,33,1
121900211,4,12,-8
121900212,18,14,4
121900213,1,10,-9
121900214,0,48,-48
121900215,0,4,-4
121900216,6,8,-2
121900217,16,11,5
121900218,20,25,-5
121900220,53,0,53
121900221,22,75,-53
121900222,0,14,-14
121900223,3,0,3
121900224,0,1,-1
121900225,1,0,1
121900226,1,2,-1
121900227,6,23,-17
121900228,23,33,-10
121900230,8,6,2
121900231,10,11,-1
121900232,4,47,-43
121900233,58,42,16
121900234,12,26,-14
121900235,14,26,-12
121900236,14,14,0
121900237,70,114,-44
121900238,35,42,-7
121900239,19,5,14
121900240,26,11,15
121900241,1,5,-4
121900242,0,0,0
121900243,0,0,0
121900244,0,0,0
121900245,10,16,-6
121900246,3,3,0
121900248,128,90,38
121900250,34,25,9
121900251,9,1,8
121900252,211,15,196
121900253,39,331,-292
121900254,89,45,44
121900255,8,3,5
121900258,121,18,103
121900259,36,27,9
121900260,1,31,-30
121900261,30,41,-11
121900262,55,68,-13
121900263,6,52,-46
121900264,463,115,348
121900265,18,68,-50
121900266,16,15,1
121900267,0,0,0
121900269,6,19,-13
121900270,1,23,-22
121900271,1,34,-33
121900273,38,138,-100
121900274,5,45,-40
121900277,11,415,-404
121900278,9,231,-222
121900279,28,131,-103
121900280,4,72,-68
121900281,23,4,19
121900284,0,0,0
121900286,6,55,-49
121900287,5,4,1
121900288,0,0,0
121900290,23,43,-20
121900291,90,122,-32
121900292,21,42,-21
121900293,300,1168,-868
121900294,24,0,24
121900295,5,43,-38
121900296,0,0,0
121900298,13,52,-39
121900299,0,0,0
121900300,0,0,0
121900301,0,0,0
121900302,0,0,0
121900303,8,40,-32
121900304,0,0,0
121900305,0,0,0
121900306,0,0,0
121900307,0,1,-1
121900308,4,108,-104
121900309,3,94,-91
121900310,1,296,-295
121900311,14,1,13
121900312,4,0,4
121900313,16,2,14
121900314,1,22,-21
121900315,0,0,0
121900316,0,0,0
121900317,0,0,0
121900318,0,0,0
121900319,0,0,0
121900320,0,0,0
121900321,0,0,0
121900322,0,0,0
121900323,0,0,0
121900324,0,0,0
121900325,0,0,0
121900326,0,0,0
121900327,0,3,-3
121900328,0,4,-4
121900329,1,42,-41
121900330,0,1,-1
121900331,0,0,0
121900332,3,2,1
121900333,0,1,-1
121900334,0,0,0
122000001,870,1012,-142
122000002,1868,600,1268
122000003,761,512,249
122000004,1051,371,680
122000005,829,337,492
122000006,595,166,429
122000007,433,365,68
122000008,2382,899,1483
122000009,429,65,364
122000010,1320,1041,279
122000011,1454,349,1105
122000012,549,570,-21
122000013,507,489,18
122000014,641,485,156
122000015,622,447,175
122000016,195,393,-198
122000017,585,423,162
122000018,578,508,70
122000019,231,665,-434
122000020,85,64,21
122000021,218,157,61
122000022,279,262,17
122000023,161,362,-201
122000024,430,371,59
122000025,464,442,22
122000026,834,355,479
122000027,354,1067,-713
122000028,397,110,287
122000029,108,78,30
122000030,209,66,143
122000031,53,43,10
122000032,452,544,-92
122000033,276,338,-62
122000034,290,173,117
122000035,171,234,-63
122000036,124,314,-190
122000037,236,91,145
122000038,130,154,-24
122000039,325,223,102
122000040,166,132,34
122000041,100,213,-113
122000042,58,214,-156
122000043,43,40,3
122000044,51,51,0
122000045,434,172,262
122000046,199,300,-101
122000047,140,66,74
122000048,1232,965,267
122000049,1803,980,823
122000050,590,349,241
122000051,121,120,1
122000052,151,90,61
122000053,49,222,-173
122000054,1150,675,475
122000055,956,944,12
122000056,2037,1303,734
122000057,1885,1012,873
122000058,1777,831,946
122000059,1783,1000,783
122000060,570,354,216
122000061,285,84,201
122000062,631,139,492
122000063,265,226,39
122000064,1641,1759,-118
122000065,1760,1307,453
122000066,282,229,53
122000067,372,436,-64
122000068,210,301,-91
122000069,418,328,90
122000070,140,406,-266
122000071,243,303,-60
122000072,123,127,-4
122000073,116,213,-97
122000074,331,257,74
122000075,151,218,-67
122000076,534,364,170
122000077,390,312,78
122000078,1556,1328,228
122000079,333,286,47
122000080,196,123,73
122000081,48,52,-4
122000082,385,247,138
122000083,372,895,-523
122000084,348,246,102
122000085,100,474,-374
122000086,822,985,-163
122000087,142,84,58
122000088,128,78,50
122000089,1817,878,939
122000090,97,151,-54
122000091,75,38,37
122000092,20,2,18
122000093,537,674,-137
122000094,2328,751,1577
122000095,898,375,523
122000096,516,241,275
122000098,1088,700,388
122000099,464,326,138
122000100,368,222,146
122000101,78,230,-152
122000102,691,450,241
122000103,308,462,-154
122000104,88,95,-7
122000105,31,113,-82
122000106,178,159,19
122000107,199,209,-10
122000108,142,381,-239
122000109,78,80,-2
122000110,109,229,-120
122000111,1118,477,641
122000112,287,417,-130
122000113,152,327,-175
122000114,1014,799,215
122000115,1228,459,769
122000116,265,176,89
122000117,367,93,274
122000118,157,146,11
122000119,1291,630,661
122000120,1275,1000,275
122000121,1510,806,704
122000122,325,447,-122
122000123,768,263,505
122000124,231,122,109
122000125,206,298,-92
122000126,261,261,0
122000127,526,406,120
122000128,212,286,-74
122000129,118,135,-17
122000130,613,162,451
122000131,688,150,538
122000132,532,203,329
122000133,324,1003,-679
122000134,199,193,6
122000135,340,631,-291
122000136,85,72,13
122000137,191,282,-91
122000139,572,840,-268
122000140,418,209,209
122000141,2056,261,1795
122000142,113,295,-182
122000143,214,111,103
122000144,585,293,292
122000145,319,246,73
122000146,112,202,-90
122000147,236,112,124
122000148,907,431,476
122000149,957,295,662
122000150,423,245,178
122000151,115,164,-49
122000152,179,111,68
122000153,54,56,-2
122000154,89,26,63
122000155,735,618,117
122000156,1715,1157,558
122000157,831,697,134
122000158,111,216,-105
122000159,282,475,-193
122000160,1519,271,1248
122000161,419,187,232
122000162,707,383,324
122000163,193,56,137
122000164,43,41,2
122000165,260,224,36
122000166,292,310,-18
122000167,121,177,-56
122000168,108,219,-111
122000169,313,111,202
122000170,112,185,-73
122000171,25,51,-26
122000172,505,503,2
122000173,460,723,-263
122000174,748,434,314
122000175,705,240,465
122000176,138,273,-135
122000177,826,889,-63
122000178,1234,476,758
122000179,918,760,158
122000180,954,560,394
122000181,926,1159,-233
122000182,1470,219,1251
122000183,526,94,432
122000184,2912,815,2097
122000185,1048,688,360
122000186,231,334,-103
122000187,252,491,-239
122000188,197,77,120
122000189,101,48,53
122000190,137,567,-430
122000191,168,138,30
122000192,330,55,275
122000193,59,199,-140
122000194,254,101,153
122000195,70,172,-102
122000196,447,163,284
122000197,104,45,59
122000198,207,502,-295
122000199,133,109,24
122000200,354,139,215
122000201,902,1082,-180
122000202,560,602,-42
122000203,985,697,288
122000204,582,926,-344
122000205,509,464,45
122000206,854,274,580
122000207,371,398,-27
122000208,386,586,-200
122000209,532,86,446
122000210,394,949,-555
122000211,319,609,-290
122000212,179,176,3
122000213,387,407,-20
122000214,536,544,-8
122000215,456,628,-172
122000217,675,659,16
122000218,28,7,21
122000219,851,529,322
122000220,128,488,-360
122000221,78,218,-140
122000222,347,23,324
122000223,414,229,185
122000225,293,107,186
122000226,244,866,-622
122000227,109,556,-447
122000228,82,270,-188
122000229,18,227,-209
122000230,45,356,-311
122000231,75,303,-228
122000232,90,413,-323
122000233,0,31,-31
122000234,28,112,-84
122000235,184,101,83
122000236,170,92,78
122000237,15,34,-19
122000238,15,32,-17
122000239,76,28,48
122000240,187,70,117
122000241,197,128,69
122000242,69,52,17
122000243,16,22,-6
122000244,14,264,-250
122000245,40,188,-148
122000246,43,29,14
122000247,133,482,-349
122000248,752,992,-240
122000249,112,114,-2
122000250,447,112,335
122000251,155,138,17
122000252,285,8,277
122000253,12,147,-135
122000254,46,32,14
122000255,197,691,-494
122000256,135,861,-726
122000257,37,253,-216
122000258,28,112,-84
122000259,7,395,-388
122000260,6,104,-98
122000261,0,63,-63
122000262,0,34,-34
122000263,25,80,-55
122000264,27,54,-27
122000265,188,140,48
122000266,611,115,496
122000267,13,20,-7
122000268,21,101,-80
122000269,113,107,6
122000270,59,60,-1
122000271,108,591,-483
122000272,125,448,-323
122000273,81,241,-160
122000274,28,73,-45
122000275,13,80,-67
122000276,46,234,-188
122000277,229,474,-245
122000278,138,408,-270
122000279,50,279,-229
122000280,341,454,-113
122000281,147,379,-232
122000282,39,54,-15
122000283,449,13,436
122000284,40,50,-10
122000285,178,60,118
122000286,84,91,-7
122000287,143,258,-115
122000288,105,68,37
122000291,221,146,75
122000293,219,162,57
122000294,26,14,12
122000295,445,75,370
122000296,39,181,-142
122000297,1254,569,685
122000299,78,219,-141
122000300,122,225,-103
122000301,6142,670,5472
122000302,498,200,298
122000303,2787,439,2348
122000304,4,79,-75
122000305,452,415,37
122000306,5,502,-497
122000307,12,93,-81
122000309,21,38,-17
122000310,8,11,-3
122000311,36,14,22
122000312,45,15,30
122000313,3,19,-16
122000314,26,89,-63
122000315,18,6,12
122000316,62,73,-11
122000317,249,59,190
122000318,32,55,-23
122000319,151,231,-80
122000320,143,1473,-1330
122000321,17,195,-178
122000322,1202,477,725
122000323,731,552,179
122000324,589,417,172
122000325,323,474,-151
122000326,1,18,-17
122000327,64,229,-165
122000328,309,472,-163
122000330,509,182,327
122000332,84,191,-107
122000333,10,111,-101
122000337,195,1228,-1033
122000338,57,245,-188
122000340,136,100,36
122000342,964,425,539
122000343,111,739,-628
122000344,3,1,2
122000345,14,24,-10
122000346,109,214,-105
122000348,118,370,-252
122000349,17,319,-302
122000351,6,50,-44
122000352,133,29,104
122000353,9,62,-53
122000355,43,59,-16
122000356,611,329,282
122000357,13,4,9
122000358,0,31,-31
122000359,0,25,-25
122000360,0,18,-18
122000362,12,50,-38
122000364,6,182,-176
122000365,0,4,-4
122000366,1,1,0
122000368,170,263,-93
122000370,2,24,-22
122000371,0,0,0
122000372,0,0,0
122000381,9,135,-126
122000382,33,107,-74
122000384,1215,760,455
122000385,0,0,0
122000386,22,210,-188
122000387,95,259,-164
122000388,265,118,147
122000389,107,381,-274
122000390,68,60,8
122000391,11,10,1
122000392,69,115,-46
122000393,6,161,-155
122000394,54,183,-129
122000395,52,122,-70
122000396,104,78,26
122000397,4,47,-43
122000398,2,8,-6
122000399,22,39,-17
122000400,27,62,-35
122000401,43,78,-35
122000402,3,2,1
122000403,114,778,-664
122000404,17,76,-59
122000408,464,604,-140
122000503,1,14,-13
122000524,68,37,31
122000544,9,223,-214
122000614,143,49,94
122000616,412,1,411
122000640,22,133,-111
122000641,15,391,-376
122000642,511,683,-172
122000643,2,11,-9
122000644,70,35,35
122000645,113,90,23
122000651,484,366,118
122000664,42,16,26
122000665,593,272,321
122000666,231,467,-236
122000673,21,237,-216
122000674,62,20,42
122000675,314,611,-297
122000686,83,465,-382
122000687,108,227,-119
122000688,58,386,-328
122000689,102,379,-277
122000690,98,485,-387
122000691,104,1078,-974
122000692,192,197,-5
122000693,112,665,-553
122000695,63,306,-243
122000696,20,75,-55
122000698,19,624,-605
122000699,50,24,26
122000701,261,171,90
122000702,132,739,-607
122000703,6,1,5
122000712,0,0,0
122000717,239,30,209
122000718,759,152,607
122000719,0,23,-23
122000720,22,63,-41
122000724,198,138,60
122900001,1,0,1
122900002,144,108,36
122900003,23,5,18
122900004,98,2,96
122900005,20,4,16
122900006,156,28,128
122900007,25,5,20
122900008,138,3,135
122900009,67,8,59
122900010,2,0,2
122900012,2,9,-7
122900014,42,141,-99
122900015,398,42,356
122900016,11,117,-106
122900017,150,294,-144
122900018,26,1,25
122900019,1,96,-95
122900020,200,101,99
122900021,16,91,-75
122900022,71,467,-396
122900023,63,79,-16
122900024,18,56,-38
122900025,3,48,-45
122900026,42,136,-94
122900027,16,328,-312
122900028,30,54,-24
122900029,874,58,816
122900030,815,92,723
122900031,29,45,-16
122900032,38,121,-83
122900033,32,34,-2
122900034,452,415,37
122900035,7,14,-7
122900036,2,16,-14
122900037,53,31,22
122900038,27,403,-376
122900039,23,116,-93
122900040,17,26,-9
122900041,10,15,-5
122900042,7,19,-12
122900043,27,17,10
122900044,6,21,-15
122900045,16,11,5
122900046,13,6,7
122900047,28,19,9
122900048,9,16,-7
122900049,729,26,703
122900051,26,45,-19
122900052,8,19,-11
122900053,9,9,0
122900055,33,24,9
122900057,32,4,28
122900061,144,54,90
122900062,161,112,49
122900063,29,154,-125
122900064,366,192,174
122900065,84,62,22
122900066,135,92,43
122900067,546,246,300
122900069,65,175,-110
122900070,23,13,10
122900071,24,331,-307
122900073,15,84,-69
122900074,16,251,-235
122900075,1,50,-49
122900076,2,99,-97
122900077,0,113,-113
122900078,1,99,-98
122900080,5,1,4
122900081,17,0,17
122900082,47,3,44
122900083,3,0,3
122900084,0,56,-56
122900086,0,0,0
122900087,7,352,-345
122900088,0,19,-19
122900089,0,22,-22
122900090,4,416,-412
122900091,0,0,0
122900092,0,57,-57
122900093,1,95,-94
122900094,0,79,-79
122900095,0,0,0
122900096,15,56,-41
122900097,0,0,0
122900098,7,20,-13
122900099,0,1,-1
122900100,25,27,-2
122900101,35,11,24
122900102,0,1,-1
122900103,0,0,0
122900104,2,0,2
122900105,0,0,0
122900106,1,25,-24
122900107,1,66,-65
122900108,0,74,-74
122900109,46,84,-38
123000001,701,158,543
123000002,1993,793,1200
123000003,1820,1007,813
123000004,2057,2063,-6
123000005,618,897,-279
123000006,1611,1411,200
123000007,715,675,40
123000008,1135,2368,-1233
123000009,1525,1120,405
123000010,2428,2232,196
123000011,687,406,281
123000012,487,1416,-929
123000013,1042,327,715
123000014,832,2170,-1338
123000015,637,193,444
123000016,3233,1281,1952
123000017,1239,854,385
123000018,23,51,-28
123000019,36,163,-127
123000020,20,57,-37
123000021,20,64,-44
123000022,140,456,-316
123000023,532,532,0
123000024,291,216,75
123000025,24,48,-24
123000026,3,87,-84
123000027,28,147,-119
123000028,500,35,465
123000029,796,165,631
123000030,16,466,-450
123000031,31,198,-167
123000032,48,118,-70
123000033,38,27,11
123000034,335,335,0
123000035,97,75,22
123000036,96,147,-51
123000037,75,177,-102
123000038,55,139,-84
123000039,605,555,50
123000040,524,231,293
123000041,253,162,91
123000042,242,284,-42
123000043,1070,796,274
123000044,1903,903,1000
123000045,4064,716,3348
123000046,383,319,64
123000047,1790,485,1305
123000048,24,106,-82
123000049,2758,1152,1606
123000050,255,389,-134
123000051,43,73,-30
123000052,220,613,-393
123000053,1522,951,571
123000054,562,447,115
123000055,362,322,40
123000056,517,1038,-521
123000057,7678,2001,5677
123000058,139,223,-84
123000059,83,207,-124
123000060,201,133,68
123000061,69,271,-202
123000063,234,252,-18
123000064,355,89,266
123000065,4010,1762,2248
123000066,594,309,285
123000067,142,235,-93
123000068,1627,1609,18
123000069,5850,1687,4163
123000070,175,299,-124
123000071,193,447,-254
123000072,446,797,-351
123000073,234,363,-129
123000074,394,1200,-806
123000075,150,294,-144
123000076,246,574,-328
123000077,1023,2110,-1087
123000078,324,694,-370
123000079,298,779,-481
123000080,751,1403,-652
123000081,89,295,-206
123000082,182,632,-450
123000083,202,53,149
123000084,111,394,-283
123000085,15,85,-70
123000086,42,353,-311
123000087,28,312,-284
123000088,351,821,-470
123000089,117,372,-255
123000090,466,629,-163
123000091,674,531,143
123000092,632,592,40
123000094,113,83,30
123000095,50,223,-173
123000096,111,166,-55
123000097,91,708,-617
123000098,183,261,-78
123000099,279,502,-223
123000100,225,202,23
123000101,269,128,141
123000102,132,189,-57
123000104,192,165,27
123000105,365,312,53
123000106,289,123,166
123000107,247,339,-92
123000108,676,611,65
123000111,170,73,97
123000112,213,213,0
123000113,176,736,-560
123000114,282,257,25
123000115,52,141,-89
123000116,11,116,-105
123000117,516,1280,-764
123000118,153,584,-431
123000119,166,532,-366
123000120,151,449,-298
123000121,170,366,-196
123000122,133,227,-94
123000123,257,293,-36
123000124,294,321,-27
123000125,204,178,26
123000126,805,890,-85
123000127,1481,641,840
123000128,91,258,-167
123000129,22,12,10
123000130,21,7,14
123000131,145,166,-21
123000132,140,311,-171
123000133,162,188,-26
123000134,213,100,113
123000135,392,391,1
123000136,68,748,-680
123000137,73,214,-141
123000138,21,375,-354
123000139,17,6,11
123000140,87,391,-304
123000141,58,2,56
123000142,402,579,-177
123000143,555,1486,-931
123000144,14,10,4
123000145,60,48,12
123000146,3,63,-60
123000147,18,54,-36
123000149,102,138,-36
123000150,49,49,0
123000151,170,202,-32
123000152,25,192,-167
123000153,63,147,-84
123000154,1388,490,898
123000155,1516,357,1159
123000156,14,36,-22
123000157,196,467,-271
123000158,256,201,55
123000159,896,572,324
123000160,241,192,49
123000161,306,201,105
123000162,138,351,-213
123000163,31,5,26
123000164,183,57,126
123000165,116,1116,-1000
123000166,13,110,-97
123000167,28,168,-140
123000168,50,281,-231
123000169,48,21,27
123000170,0,257,-257
123000171,1,27,-26
123000172,81,455,-374
123000173,29,20,9
123000174,69,19,50
123000175,544,828,-284
123000176,86,25,61
123000177,115,697,-582
123000178,158,17,141
123000179,7,482,-475
123000180,358,128,230
123000181,89,515,-426
123000183,84,62,22
123000184,14,502,-488
123000186,2,367,-365
123000187,42,0,42
123000188,19,0,19
123000189,65,145,-80
123000190,3,30,-27
123000192,6,334,-328
123000193,10,345,-335
123000194,240,159,81
123000195,30,0,30
123000196,35,1,34
123000197,25,61,-36
123000198,1,140,-139
123000199,0,267,-267
123000200,34,1,33
123000201,162,1,161
123000202,16,881,-865
123000203,142,10,132
123000204,30,903,-873
123000205,127,1274,-1147
123000206,307,24,283
123000207,40,639,-599
123000208,95,20,75
123000209,339,78,261
123000210,180,922,-742
123000211,316,1651,-1335
123000212,282,79,203
123000213,102,5,97
123000215,53,31,22
123000216,50,49,1
123000217,41,2,39
123000218,58,138,-80
123000219,209,22,187
123000220,63,2,61
123000221,40,50,-10
123000222,100,200,-100
123000223,22,202,-180
123000224,124,301,-177
123000225,18,40,-22
123000226,2,221,-219
123000227,13,183,-170
123000228,22,22,0
123000229,614,1365,-751
123000232,26,365,-339
123000233,97,18,79
123000234,42,428,-386
123000235,60,93,-33
123000236,68,502,-434
123000237,68,5,63
123000238,28,413,-385
123000239,184,1296,-1112
123000240,7,77,-70
123000241,273,28,245
123000242,9,109,-100
123000243,199,605,-406
123000244,398,300,98
123000245,31,136,-105
123000249,316,327,-11
123000252,142,41,101
123000253,101,70,31
123000254,135,553,-418
123000255,215,248,-33
123000256,23,165,-142
123000257,1363,931,432
123000258,407,1016,-609
123000259,74,204,-130
123000260,78,324,-246
123000261,32,86,-54
123000262,41,185,-144
123000263,104,26,78
123000264,62,24,38
123000265,22,112,-90
123000266,183,354,-171
123000267,63,75,-12
123000268,4,47,-43
123000269,10,14,-4
123000270,6,9,-3
123000271,24,67,-43
123000272,232,94,138
123000273,38,160,-122
123000274,226,89,137
123000275,79,550,-471
123000278,1386,1281,105
123000279,20,32,-12
123000280,63,178,-115
123000281,71,33,38
123000282,25,128,-103
123000283,25,27,-2
123000284,14,99,-85
123000286,147,74,73
123000287,276,155,121
123000288,70,119,-49
123000289,105,149,-44
123000291,133,518,-385
123000294,114,270,-156
123000295,247,424,-177
123000296,73,161,-88
123000297,131,567,-436
123000298,70,386,-316
123000299,17,82,-65
123000300,201,216,-15
123000301,13,73,-60
123000302,21,112,-91
123000303,5,30,-25
123000305,572,536,36
123000306,14,184,-170
123000309,15,61,-46
123000310,18,20,-2
123000311,0,133,-133
123000312,398,725,-327
123000313,204,166,38
123000315,21,164,-143
123000316,370,117,253
123000317,57,26,31
123000318,24,171,-147
123000329,34,7,27
123000337,9,132,-123
123000338,92,38,54
123000339,26,265,-239
123000340,65,178,-113
123000342,0,114,-114
123000343,0,0,0
123000344,352,172,180
123000345,131,294,-163
123000346,22,12,10
123000352,985,411,574
123000353,13,65,-52
123000354,47,1,46
123000355,0,187,-187
123000356,14,0,14
123000357,0,183,-183
123000359,2,167,-165
123000360,0,0,0
123000361,272,98,174
123000362,13,53,-40
123000363,3,126,-123
123000364,174,102,72
123000365,7,116,-109
123000366,115,442,-327
123000367,268,821,-553
123000370,4,157,-153
123000371,5,1,4
123000372,26,0,26
123000373,1,222,-221
123000374,1,86,-85
123000375,35,2,33
123000376,205,262,-57
123000377,25,12,13
123000378,4,217,-213
123000379,0,123,-123
123000380,37,98,-61
123000381,21,4,17
123000382,160,5,155
123000383,69,308,-239
123000384,93,16,77
123000385,217,451,-234
123000436,8,197,-189
123000507,144,127,17
123000508,73,154,-81
123000517,205,25,180
123000518,32,194,-162
123000519,120,47,73
123000520,44,148,-104
123000521,128,50,78
123000522,177,290,-113
123000541,0,0,0
123000542,0,27,-27
123000565,122,10,112
123000566,30,583,-553
123000567,58,174,-116
123000573,21,639,-618
123000574,52,18,34
123000575,252,700,-448
123000576,94,1215,-1121
123000577,48,243,-195
123000578,167,25,142
123000579,1735,690,1045
123000580,79,3,76
123000582,28,5,23
123000583,3,248,-245
123000584,41,68,-27
123000585,0,42,-42
123000586,0,0,0
123000596,48,83,-35
123000597,41,42,-1
123000602,0,0,0
123000603,31,173,-142
123000604,121,649,-528
123000605,159,4,155
123000606,1,231,-230
123000609,2,228,-226
123000610,23,19,4
123000613,59,128,-69
123000614,25,10,15
123000615,65,177,-112
123000616,40,6,34
123000617,24,384,-360
123000618,15,351,-336
123000619,51,5,46
123000620,20,368,-348
123000622,69,6,63
123000624,37,19,18
123000630,126,34,92
123000631,47,1128,-1081
123000632,839,853,-14
123000633,10,91,-81
123000634,2,4,-2
123000635,97,45,52
123000636,51,486,-435
123000637,48,3,45
123000638,114,45,69
123000639,224,341,-117
123000640,1,689,-688
123000648,32,8,24
123000649,25,430,-405
123000650,38,104,-66
123000651,12,326,-314
123900001,761,21,740
123900002,4,420,-416
123900003,93,180,-87
123900005,14,15,-1
123900006,19,4,15
124000001,370,10,360
124000002,52,804,-752
124000003,75,45,30
124000004,30,373,-343
124000005,152,51,101
124000006,92,737,-645
124000007,104,22,82
124000008,10,176,-166
124000009,77,67,10
124000010,42,454,-412
124000011,33,49,-16
124000012,105,613,-508
124000017,0,0,0
124000018,36,74,-38
124000019,0,0,0
124000020,21,144,-123
124000021,0,0,0
124000022,58,149,-91
124000023,586,585,1
124000024,522,348,174
124000025,533,481,52
124000026,660,681,-21
124000027,2704,827,1877
124000028,1826,1828,-2
124000030,1231,541,690
124000031,178,112,66
124000032,2634,671,1963
124000033,285,47,238
124000034,629,753,-124
124000035,82,21,61
124000036,40,497,-457
124000037,95,90,5
124000038,3,74,-71
124000039,263,60,203
124000040,122,158,-36
124000041,60,26,34
124000042,19,192,-173
124000043,12,22,-10
124000044,34,212,-178
124000045,139,171,-32
124000046,53,471,-418
124000047,210,331,-121
124000048,175,1124,-949
124000049,262,217,45
124000050,178,1446,-1268
124000051,112,186,-74
124000052,156,872,-716
124000053,118,237,-119
124000054,317,460,-143
124000055,483,354,129
124000056,1834,849,985
124000057,223,198,25
124000058,168,953,-785
124000059,149,212,-63
124000060,381,506,-125
124000061,500,991,-491
124000062,3357,1043,2314
124000063,866,894,-28
124000064,1274,1237,37
124000065,28,61,-33
124000066,89,19,70
124000067,6,46,-40
124000068,17,86,-69
124000069,79,36,43
124000070,37,298,-261
124000071,16,26,-10
124000072,30,203,-173
124000073,146,45,101
124000074,63,573,-510
124000075,0,0,0
124000076,0,174,-174
124000077,539,266,273
124000078,790,61,729
124000079,206,285,-79
124000080,11,18,-7
124000081,34,393,-359
124000082,2,32,-30
124000083,18,90,-72
124000084,17,29,-12
124000085,21,28,-7
124000086,7,19,-12
124000087,14,18,-4
124000088,25,87,-62
124000089,112,113,-1
124000090,50,292,-242
124000091,43,74,-31
124000092,17,527,-510
124000093,34,22,12
124000094,23,160,-137
124000095,19,33,-14
124000096,31,176,-145
124000097,50,48,2
124000098,34,100,-66
124000099,22,26,-4
124000100,24,80,-56
124000101,15,74,-59
124000102,30,62,-32
124000103,14,43,-29
124000104,15,85,-70
124000105,19,20,-1
124000106,51,76,-25
124000107,3,38,-35
124000108,19,26,-7
124000109,29,28,1
124000110,31,68,-37
124000111,76,99,-23
124000112,159,332,-173
124000113,19,25,-6
124000114,65,372,-307
124000115,173,517,-344
124000116,22,58,-36
124000117,51,44,7
124000118,10,49,-39
124000119,182,245,-63
124000120,32,236,-204
124000121,689,195,494
124000122,482,544,-62
124000123,297,161,136
124000124,195,433,-238
124000125,129,158,-29
124000126,146,295,-149
124000127,263,196,67
124000128,229,638,-409
124000129,765,642,123
124000130,446,339,107
124000131,388,237,151
124000132,465,500,-35
124000133,161,264,-103
124000134,278,440,-162
124000135,591,447,144
124000136,431,648,-217
124000137,330,182,148
124000138,654,530,124
124000139,219,38,181
124000140,31,326,-295
124000141,114,18,96
124000142,8,410,-402
124000143,17,17,0
124000144,1,102,-101
124000145,18,13,5
124000146,4,94,-90
124000148,4,9,-5
124000149,163,91,72
124000150,185,295,-110
124000151,235,70,165
124000152,240,593,-353
124000153,163,77,86
124000154,282,571,-289
124000155,334,171,163
124000156,660,568,92
124000169,20,67,-47
124000170,305,223,82
124000171,12,72,-60
124000172,106,399,-293
124000173,36,125,-89
124000174,72,413,-341
124000175,2,113,-111
124000176,0,0,0
124000177,7,49,-42
124000178,0,0,0
124000185,5,4,1
124000186,0,43,-43
124000187,4,82,-78
124000188,7,6,1
124000190,73,10,63
124000191,145,25,120
124000192,83,11,72
124000193,93,602,-509
124000194,196,397,-201
124000195,55,239,-184
124000196,377,777,-400
124000197,19,14,5
124000198,5,13,-8
124000201,36,606,-570
124000202,7,0,7
124000203,64,625,-561
124000204,6,127,-121
124000205,15,330,-315
124000206,7,44,-37
124000207,1,52,-51
124000209,74,317,-243
124000210,37,94,-57
124000211,23,0,23
124000212,1,367,-366
124000213,20,240,-220
124000214,11,516,-505
124000215,1,0,1
124000216,1,334,-333
124000329,8,731,-723
124000338,20,1172,-1152
124000339,65,15,50
124000341,99,24,75
124000344,5,3,2
124000357,328,306,22
124000358,412,314,98
124000359,180,163,17
124000360,84,117,-33
124000361,261,163,98
124000362,610,1031,-421
124000363,130,369,-239
124000364,198,720,-522
124000365,431,807,-376
124000366,1396,763,633
124000367,47,304,-257
124000368,44,33,11
124000369,24,32,-8
124000370,12,251,-239
124000402,16,6,10
124000403,33,3,30
124000404,8,65,-57
124000405,395,273,122
124000406,410,551,-141
124000407,1,15,-14
124000411,1,201,-200
124000412,50,8,42
124000413,40,29,11
124000414,17,96,-79
124000415,30,115,-85
124000416,37,225,-188
124000417,30,60,-30
124000418,20,71,-51
124000419,15,132,-117
124000420,6,28,-22
124000421,11,195,-184
124000422,1,17,-16
124000423,33,14,19
124000424,1,92,-91
124000425,20,3,17
124000426,1,131,-130
124000427,16,17,-1
124000428,5,18,-13
124000429,2,54,-52
124000430,66,125,-59
124000431,128,365,-237
124000432,57,532,-475
124000439,0,2,-2
124000443,1,3,-2
124000445,226,44,182
124000446,1243,30,1213
124000447,4,12,-8
124000448,8,2,6
124000449,13,6,7
124000450,8,177,-169
124000451,0,110,-110
124900001,84,96,-12
124900002,41,235,-194
124900003,98,225,-127
124900004,50,210,-160
124900005,58,87,-29
124900006,99,130,-31
124900008,395,161,234
124900009,39,57,-18
124900010,13,6,7
124900011,29,38,-9
124900012,59,24,35
124900013,55,42,13
124900014,17,9,8
124900015,9,16,-7
124900016,1,4,-3
124900017,116,41,75
124900018,2,1,1
124900020,5,0,5
124900021,6,1,5
124900022,0,0,0
124900024,11,0,11
124900026,3,14,-11
124900027,8,40,-32
124900028,184,38,146
124900029,5,105,-100
124900030,1,56,-55
124900031,9,158,-149
124900032,68,53,15
124900033,10,151,-141
124900034,1,34,-33
124900035,51,174,-123
124900036,0,20,-20
124900037,27,174,-147
124900039,0,22,-22
124900040,16,31,-15
124900042,7,0,7
124900043,157,943,-786
124900044,6,1,5
124900045,358,323,35
124900047,524,262,262
124900048,63,67,-4
124900050,53,107,-54
124900052,23,199,-176
124900053,33,300,-267
124900054,752,140,612
124900055,2,115,-113
124900057,1,35,-34
124900060,704,290,414
124900061,3,2,1
124900062,6,0,6
124900066,1,55,-54
124900067,1,87,-86
124900068,118,57,61
124900070,0,0,0
124900072,10,4,6
124900075,8,142,-134
124900076,8,104,-96
124900077,15,35,-20
124900078,11,0,11
124900079,250,22,228
124900080,91,593,-502
124900081,131,88,43
124900082,277,1078,-801
124900083,102,638,-536
124900085,1648,162,1486
124900086,14,189,-175
124900087,1360,44,1316
124900088,588,110,478
124900089,600,9,591
124900090,36,28,8
124900091,54,267,-213
124900092,42,231,-189
124900093,10,42,-32
124900094,18,51,-33
124900095,16,54,-38
124900096,84,20,64
124900097,25,12,13
124900098,45,129,-84
124900099,119,99,20
124900100,13,2,11
124900101,5,6,-1
124900102,21,0,21
124900103,12,172,-160
124900104,16,112,-96
124900105,8,75,-67
124900106,14,3,11
124900107,7,0,7
124900108,55,9,46
124900111,0,12,-12
124900112,143,572,-429
124900113,0,52,-52
124900114,3,36,-33
124900115,2,0,2
124900116,9,27,-18
124900117,324,32,292
124900118,20,4,16
124900119,42,48,-6
124900120,12,180,-168
124900121,29,24,5
124900122,319,96,223
124900123,187,17,170
124900124,90,38,52
204000001,3,3,0
204000002,1,0,1
204000003,1,0,1
204000004,0,0,0
204000005,122,92,30
204000006,184,175,9
204000011,10,31,-21
204000012,19,149,-130
204000019,243,202,41
204000020,129,334,-205
204000021,632,319,313
204000022,109,187,-78
204000023,174,855,-681
204000031,22,7,15
204000032,137,7,130
204000034,42,334,-292
204000035,0,3,-3
204000036,7,12,-5
204000037,3,15,-12
204000038,0,38,-38
204000039,1,50,-49
204000040,1,32,-31
204000041,2,36,-34
204000042,0,2,-2
204000043,1,0,1
204000044,0,0,0
204000045,2,1,1
204000046,0,0,0
204000057,1,26,-25
204000062,13,281,-268
204000068,21,121,-100
204000069,12,95,-83
204000070,16,27,-11
204000080,19,40,-21
204000085,395,782,-387
204000086,1612,1000,612
204000087,41,21,20
204000088,14,67,-53
204000090,24,384,-360
204000093,21,17,4
204000096,149,130,19
204000097,11,10,1
204000099,288,303,-15
204000100,151,234,-83
204000105,760,725,35
204000110,305,734,-429
204000111,223,475,-252
204000112,208,556,-348
204000113,175,531,-356
204000114,94,102,-8
204000115,66,142,-76
204000116,107,207,-100
204000119,267,277,-10
204000132,172,57,115
204000133,236,67,169
204000134,61,25,36
204000135,118,44,74
204000136,66,73,-7
204000138,109,116,-7
204000140,47,43,4
204000141,38,26,12
204000144,2,2,0
204000145,81,4,77
204000146,54,254,-200
204000147,20,87,-67
204000148,128,5,123
204000154,0,0,0
204000155,1,6,-5
204000177,15,39,-24
204000179,2,0,2
204000180,1,69,-68
204000222,0,11,-11
204000235,16,6,10
204000236,38,207,-169
204000238,3,0,3
204000240,61,19,42
204000263,269,888,-619
204000268,297,112,185
204000308,18,1,17
204000317,15,48,-33
204000322,7,15,-8
204000323,1,0,1
204000328,25,12,13
204000329,64,97,-33
204000330,17,19,-2
204000331,73,135,-62
205000001,610,608,2
205000013,3,75,-72
205000014,8,107,-99
205000015,21,199,-178
205000016,14,167,-153
205000017,26,76,-50
205000022,207,433,-226
205000025,1172,527,645
205000029,44,14,30
205000045,10,112,-102
205000046,31,294,-263
205000047,20,270,-250
205000048,57,558,-501
205000049,42,408,-366
205000050,699,166,533
205000059,1,165,-164
205000060,0,26,-26
205000061,1,18,-17
205000062,1,28,-27
205000063,7,28,-21
205000064,8,69,-61
205000065,22,406,-384
205000066,17,622,-605
205000067,13,760,-747
205000069,298,43,255
205000082,5,7,-2
205000110,33,118,-85
205000111,54,120,-66
205000112,15,9,6
205000113,162,71,91
205000121,2,0,2
205000123,64,130,-66
205000126,0,1,-1
205000127,0,0,0
205000128,0,0,0
205000129,0,2,-2
205000130,0,0,0
205000131,0,0,0
205000132,2,0,2
205000133,0,0,0
205000134,0,0,0
205000137,100,107,-7
205000138,141,151,-10
205000139,23,44,-21
205000144,7,1,6
205000145,21,2,19
205000151,0,0,0
205000152,0,0,0
205000153,0,0,0
205000154,0,0,0
205000155,0,0,0
205000207,75,93,-18
205000233,0,1,-1
205000234,0,0,0
205000243,0,0,0
205000244,0,5,-5
205000245,23,289,-266
205000249,0,15,-15
205000250,0,1,-1
205000264,3,68,-65
206000027,0,0,0
206000028,0,0,0
206000043,7,138,-131
206000053,21,13,8
206000054,11,27,-16
206000055,4,35,-31
206000075,2,6,-4
206000076,11,7,4
206000077,13,6,7
206000078,8,15,-7
206000079,22,9,13
206000082,201,24,177
206000100,34,458,-424
206000103,11,26,-15
206000104,14,42,-28
206000105,7,14,-7
206000106,18,39,-21
206000125,13,0,13
206000157,224,525,-301
206000170,1,244,-243
206000171,4,252,-248
206000172,13,871,-858
206000173,1,280,-279
206000174,4,202,-198
206000175,3,256,-253
206000176,9,377,-368
206000177,0,253,-253
206000178,1,169,-168
206000179,4,108,-104
206000180,55,215,-160
206000181,16,284,-268
206000182,43,269,-226
206000183,48,795,-747
206000184,6,356,-350
206000185,12,342,-330
206000186,104,1383,-1279
206000223,2,264,-262
206000226,0,0,0
206000227,0,0,0
206000237,42,376,-334
206000238,61,658,-597
206000239,669,1840,-1171
206000240,3,59,-56
206000241,0,146,-146
206000242,2,485,-483
206000243,8,420,-412
206000244,72,973,-901
206000245,138,26,112
206000246,26,4,22
206000247,26,4,22
206000248,51,5,46
206000252,54,22,32
206000258,11,20,-9
206000315,31,7,24
206000317,92,30,62
206000318,33,15,18
206000319,169,47,122
206000320,29,14,15
206000321,25,5,20
206000322,57,8,49
206000323,37,13,24
206000324,28,9,19
206000325,47,9,38
206000326,40,10,30
206000327,38,8,30
206000328,30,2,28
206000329,38,5,33
206000330,10,3,7
206000331,16,1,15
206000332,5,1,4
206000333,76,1,75
206000334,50,0,50
206000335,0,18,-18
206000361,16,192,-176
206000392,10,46,-36
206000405,78,0,78
206000441,0,0,0
206000498,12,4,8
206000515,252,46,206
206000530,15,8,7
206000531,10,9,1
206000532,229,43,186
206000535,299,1425,-1126
206000536,15,268,-253
206000537,18,125,-107
206000613,235,18,217
206000784,340,40,300
207000001,71,296,-225
207000002,28,261,-233
207000003,42,176,-134
207000007,91,69,22
207000008,19,7,12
207000009,43,41,2
207000010,371,428,-57
207000012,19,20,-1
207000015,280,1247,-967
207000019,63,31,32
207000021,165,77,88
207000022,36,46,-10
207000023,35,21,14
207000024,3,5,-2
207000025,5,30,-25
207000026,49,36,13
207000027,4,44,-40
207000028,11,164,-153
207000029,126,261,-135
207000033,159,152,7
207000034,124,25,99
207000039,11,8,3
207000040,1,6,-5
207000041,0,2,-2
207000042,5,2,3
207000043,0,1,-1
207000051,31,255,-224
207000052,1,161,-160
207000053,204,509,-305
207000054,13,103,-90
207000055,33,192,-159
207000056,91,326,-235
207000057,75,188,-113
207000058,41,456,-415
207000059,24,732,-708
207000060,19,196,-177
207000061,50,46,4
207000062,55,30,25
207000063,71,132,-61
207000064,150,142,8
207000065,74,134,-60
207000066,37,110,-73
207000067,6,70,-64
207000068,52,41,11
207000069,406,246,160
207000082,21,321,-300
207000083,55,287,-232
207000084,14,25,-11
207000085,57,8,49
207000086,38,4,34
207000106,0,0,0
207000107,2,0,2
207000108,0,0,0
207000109,0,0,0
207000110,0,0,0
207000111,0,0,0
207000112,0,3,-3
207000114,7,7,0
207000115,8,42,-34
207000116,16,148,-132
207000117,4,104,-100
207000118,2,83,-81
207000119,14,66,-52
207000123,2,0,2
207000124,0,0,0
207000125,1,0,1
207000126,0,0,0
207000134,13,179,-166
207000135,23,221,-198
207000148,0,1,-1
207000149,48,26,22
207000152,93,255,-162
207000153,663,562,101
207000154,210,70,140
207000159,33,186,-153
207000160,45,499,-454
207000238,0,45,-45
207000242,1,83,-82
207000248,28,20,8
207000249,54,45,9
207000250,281,30,251
207000251,45,39,6
207000252,30,62,-32
207000278,7,4,3
207000279,14,184,-170
207000280,44,23,21
207000281,30,865,-835
207000282,14,3,11
207000283,32,123,-91
207000284,13,25,-12
207000285,102,21,81
207000291,1,78,-77
207000304,78,83,-5
207000306,27,306,-279
207000310,0,0,0
207000353,0,0,0
207000356,1,16,-15
207000357,0,1,-1
207000358,0,0,0
207000415,7,93,-86
207000417,0,0,0
207000418,42,104,-62
207000438,0,2,-2
207000439,922,182,740
207000446,0,0,0
207000460,3,10,-7
207000466,104,132,-28
207000467,3,8,-5
207000468,21,452,-431
207000476,14,39,-25
207000477,57,59,-2
207000478,1,4,-3
207000523,0,14,-14
207000524,0,0,0
207000527,57,72,-15
207000530,0,0,0
207000531,0,0,0
207000532,0,0,0
207000534,3,0,3
207000535,52,96,-44
207000537,17,47,-30
207000540,5,86,-81
207000541,0,184,-184
207000548,3,156,-153
207000549,0,0,0
207000561,3,0,3
207000562,23,128,-105
207000567,129,209,-80
207000568,24,73,-49
207000569,48,772,-724
207000584,210,80,130
207000585,0,2,-2
207000587,0,1,-1
207000616,0,129,-129
207000617,6,0,6
207000624,0,0,0
207000631,0,0,0
207900008,35,191,-156
208000001,85,168,-83
208000002,87,147,-60
208000003,208,141,67
208000004,230,151,79
208000005,0,18,-18
208000019,37,196,-159
208000020,22,63,-41
208000021,51,276,-225
208000022,274,352,-78
208000028,530,303,227
208000033,144,314,-170
208000034,453,600,-147
208000037,1,0,1
208000040,5,45,-40
208000041,118,124,-6
208000042,68,94,-26
208000047,45,218,-173
208000064,648,214,434
208000066,245,132,113
208000070,70,190,-120
208000071,65,278,-213
208000072,70,325,-255
208000080,59,74,-15
208000081,40,72,-32
208000082,72,136,-64
208000083,46,224,-178
208000084,2,5,-3
208000085,397,383,14
208000086,166,559,-393
208000087,91,448,-357
208000089,234,340,-106
208000090,206,569,-363
208000093,24,62,-38
208000094,154,261,-107
208000095,400,185,215
208000104,199,198,1
208000105,109,237,-128
208000114,0,0,0
208000115,77,143,-66
208000116,32,378,-346
208000117,14,80,-66
208000118,10,45,-35
208000155,221,477,-256
208000158,1131,1072,59
208000186,680,277,403
208000204,138,486,-348
208000205,384,711,-327
208000282,1866,460,1406
209000004,44,55,-11
209000005,6,15,-9
209000006,102,83,19
209000007,89,136,-47
209000010,167,86,81
209000011,60,129,-69
209000012,78,213,-135
209000013,79,465,-386
209000014,314,1221,-907
209000025,80,33,47
209000026,222,36,186
209000027,96,856,-760
209000028,122,916,-794
209000029,197,821,-624
209000030,192,1136,-944
209000031,2772,1653,1119
209000034,117,177,-60
209000035,69,140,-71
209000036,56,77,-21
209000037,92,157,-65
209000038,56,85,-29
209000039,30,120,-90
209000040,188,468,-280
209000041,135,312,-177
209000042,158,301,-143
209000043,320,383,-63
209000044,196,272,-76
209000045,186,147,39
209000046,30,219,-189
209000047,37,73,-36
209000048,30,78,-48
209000049,43,172,-129
209000050,128,189,-61
209000051,77,276,-199
209000052,59,228,-169
209000062,18,128,-110
209000063,7,117,-110
209000064,9,133,-124
209000065,11,38,-27
209000066,25,39,-14
209000067,22,71,-49
209000080,12,118,-106
209000082,34,46,-12
209000091,27,61,-34
209000093,61,23,38
209000094,100,61,39
209000110,25,44,-19
209000111,188,393,-205
209000112,138,160,-22
209000113,219,172,47
209000114,92,99,-7
209000115,60,124,-64
209000116,637,378,259
209000118,18,26,-8
209000119,21,7,14
209000121,100,528,-428
209000135,62,80,-18
209000142,560,257,303
209000143,10,23,-13
209000144,13,34,-21
209000229,20,94,-74
209000240,18,307,-289
209000259,80,108,-28
209000260,26,582,-556
209000261,0,375,-375
209000262,0,347,-347
209000263,0,80,-80
209000264,0,21,-21
209000265,0,0,0
209000266,0,0,0
209000267,0,0,0
209000268,1,0,1
210000037,23,9,14
210000047,2,4,-2
210000048,1,4,-3
210000049,10,3,7
210000052,14,92,-78
210000053,5,56,-51
210000054,39,63,-24
210000070,0,0,0
210000071,0,0,0
210000072,0,0,0
210000073,0,18,-18
210000074,0,34,-34
210000075,2,26,-24
210000076,2,107,-105
210000077,9,21,-12
210000078,21,14,7
210000079,3,2,1
210000080,8,7,1
210000081,5,2,3
210000082,7,0,7
210000083,24,0,24
210000084,15,0,15
210000085,1,38,-37
210000086,1,81,-80
210000099,9,133,-124
210000100,36,163,-127
210000101,50,170,-120
210000105,29,73,-44
210000159,3,80,-77
210000163,148,156,-8
210000164,110,28,82
210000168,43,4,39
210000187,0,10,-10
210000188,0,12,-12
210000214,0,0,0
210000219,3,9,-6
210000220,8,18,-10
210000232,3,20,-17
210000233,3,24,-21
210000234,16,105,-89
210000235,16,91,-75
210000245,0,25,-25
210000246,9,8,1
210000258,4,94,-90
210000259,21,2,19
210000282,19,102,-83
210000285,0,62,-62
210000286,4,111,-107
210000290,1,0,1
210000295,9,84,-75
210000296,43,41,2
210000320,39,21,18
210000321,15,19,-4
210000338,18,100,-82
210000339,400,296,104
210000340,62,92,-30
210000341,83,121,-38
210000342,66,113,-47
210000343,67,129,-62
210000344,71,52,19
210000345,98,33,65
210000346,19,14,5
210000347,4,16,-12
210000348,37,5,32
210000349,7,16,-9
210000350,29,55,-26
210000351,30,71,-41
210000352,16,52,-36
210000353,12,71,-59
210000354,22,72,-50
210000355,9,50,-41
210000356,1,35,-34
210000357,17,12,5
210000358,158,30,128
210000359,31,20,11
210000360,62,33,29
210000361,34,41,-7
210000362,53,50,3
210000363,210,24,186
210000364,22,13,9
210000365,6,14,-8
210000366,25,13,12
210000367,7,3,4
210000368,21,7,14
210000369,11,22,-11
210000370,14,22,-8
210000372,1,11,-10
210000373,4,4,0
210000374,14,5,9
210000375,5,47,-42
210000376,25,78,-53
210000404,93,106,-13
210000439,7,14,-7
210000472,25,1,24
210000482,22,16,6
210000564,162,26,136
210000567,1,3,-2
210000568,72,0,72
211000092,8,44,-36
211000094,5,5,0
211000169,110,2,108
211000172,7,97,-90
211000209,0,3,-3
211000226,6,6,0
211000270,3,11,-8
211000275,7,17,-10
211000276,12,11,1
211000279,4,21,-17
211000281,11,49,-38
211000302,6,92,-86
211507980,0,9,-9
211977296,1,4,-3
212000003,10,21,-11
212000004,2,9,-7
212000005,13,18,-5
212000006,6,67,-61
212000008,47,171,-124
212000009,9,130,-121
212000012,24,46,-22
212000013,5,51,-46
212000014,120,116,4
212000015,78,135,-57
212000016,286,322,-36
212000027,163,150,13
212000028,52,135,-83
212000029,37,69,-32
212000030,7,20,-13
212000031,16,33,-17
212000048,13,59,-46
212000049,5,21,-16
212000050,21,11,10
212000051,84,159,-75
212000052,52,248,-196
212000053,205,371,-166
212000054,46,61,-15
212000055,46,104,-58
212000056,0,5,-5
212000057,4,8,-4
212000058,47,4,43
212000070,55,170,-115
212000077,75,382,-307
212000099,33,110,-77
212000108,30,65,-35
212000111,42,50,-8
212000120,69,86,-17
212000138,19,21,-2
212000156,2,72,-70
212000158,1,3,-2
212000159,67,33,34
212000160,106,85,21
212000161,4,3,1
212000310,9,16,-7
212000311,1,10,-9
212000374,5,9,-4
213000001,11,409,-398
213000005,44,32,12
213000006,223,21,202
213000007,9,2,7
213000009,65,27,38
213000010,23,24,-1
213000011,20,13,7
213000012,58,176,-118
213000014,13,1,12
213000015,20,0,20
213000016,11,0,11
213000017,0,0,0
213000018,0,131,-131
213000019,1,82,-81
213000020,26,170,-144
213000021,2,62,-60
213000023,0,0,0
213000033,115,313,-198
213000034,67,66,1
213000035,14,25,-11
213000045,54,197,-143
213000046,113,120,-7
213000047,327,343,-16
213000056,3,2,1
213000069,12,0,12
213000073,0,7,-7
213000074,92,310,-218
213000075,51,2,49
213000076,3,0,3
213000085,2,15,-13
213000086,5,114,-109
213000091,0,0,0
213000092,0,0,0
213000099,104,521,-417
213000100,138,8,130
213000101,5,117,-112
213000102,9,283,-274
213000103,85,384,-299
213000104,24,287,-263
213000105,0,47,-47
213000106,5,165,-160
213000107,41,491,-450
213000108,11,318,-307
213000109,4,181,-177
213000110,1,34,-33
213000111,0,46,-46
213000112,47,128,-81
213000115,0,0,0
213000116,49,277,-228
213000117,3,400,-397
213000118,86,171,-85
213000119,28,538,-510
213000120,30,428,-398
213000122,81,509,-428
213000123,439,649,-210
213000124,38,846,-808
213000125,0,0,0
213000126,19,47,-28
213000127,66,73,-7
213000128,398,305,93
213000129,2,1,1
213000130,13,5,8
213000132,1,1,0
213000133,6,0,6
213000134,37,7,30
213000136,41,5,36
213000137,135,24,111
213000139,94,3,91
213000147,1,0,1
213000148,0,5,-5
213000149,1,6,-5
213000150,0,46,-46
213000151,1,50,-49
213000152,0,24,-24
213000153,0,27,-27
213000154,12,174,-162
213000155,10,203,-193
213000156,23,342,-319
213000157,382,383,-1
213000158,130,341,-211
213000159,100,138,-38
213000163,36,5,31
213000165,57,3,54
213000171,1,104,-103
213000172,0,208,-208
213000173,1,172,-171
213000174,0,126,-126
213000175,14,92,-78
213000176,0,0,0
213000177,0,0,0
213000178,0,0,0
213000179,0,0,0
213000180,0,0,0
213000184,24,197,-173
213000188,18,21,-3
213000189,25,6,19
213000190,159,294,-135
213000191,24,305,-281
213000192,38,366,-328
213000193,980,72,908
213000194,1,9,-8
213000195,3,267,-264
213000196,55,411,-356
213000197,42,33,9
213000198,2,0,2
213000200,47,627,-580
213000201,74,46,28
213000202,8,443,-435
213000203,624,66,558
213000204,99,3,96
213000205,21,9,12
213000206,33,5,28
213000207,4,0,4
213000208,3,0,3
213000209,3,0,3
213000210,8,0,8
213000211,0,5,-5
213000212,1,12,-11
213000213,0,20,-20
213000218,49,476,-427
213000219,0,0,0
213000220,0,0,0
213000223,76,33,43
213000224,3,4,-1
213000225,14,0,14
213000226,3,1,2
213000227,83,46,37
213000228,22,11,11
213000229,102,5,97
213000230,58,1,57
213000232,17,251,-234
213000233,1,6,-5
213000234,0,23,-23
213000293,2,24,-22
213000294,7,1,6
213000295,1,38,-37
213000296,14,7,7
213000297,2,42,-40
213000298,9,47,-38
213000299,11,8,3
213000300,1,2,-1
213000303,1,15,-14
213000304,1,3,-2
213000305,0,2,-2
213000306,18,10,8
213000307,8,29,-21
213000308,47,151,-104
213000309,30,6,24
213000310,54,3,51
213000311,106,322,-216
213000315,19,76,-57
213000316,5,30,-25
213000322,30,108,-78
213000323,22,113,-91
213000324,8,62,-54
213000325,40,62,-22
213000326,8,50,-42
213000327,11,30,-19
213000328,35,56,-21
213000329,42,24,18
213000340,40,664,-624
213000341,6,1,5
213000346,25,12,13
213000347,195,13,182
213000348,0,87,-87
213000349,4,4,0
213000350,116,872,-756
213000366,15,119,-104
213000367,23,8,15
213000379,18,122,-104
213000386,3,95,-92
213000406,40,131,-91
213000417,181,99,82
213000425,111,60,51
213000426,100,116,-16
213000427,9,198,-189
213000428,14,130,-116
213000429,2,1,1
213000430,40,518,-478
213000431,41,0,41
213000432,0,9,-9
213000433,1,70,-69
213000434,11,27,-16
213000435,32,84,-52
213000436,2,22,-20
213000437,20,40,-20
213000438,14,26,-12
213000439,14,2,12
213000440,21,140,-119
213000441,0,1,-1
213000442,132,43,89
213000443,121,78,43
213000444,4,102,-98
213000445,0,43,-43
213000446,0,2,-2
213000447,1,6,-5
213000448,2,28,-26
213000449,24,0,24
213000450,4,15,-11
213000451,6,12,-6
213000452,0,1,-1
213000453,20,144,-124
213000455,14,0,14
213000456,0,36,-36
213000481,8,4,4
213000482,42,4,38
213000489,126,11,115
213000491,0,34,-34
213000492,4,0,4
213000493,0,10,-10
213000494,4,3,1
213000495,0,62,-62
213000496,3,4,-1
213000497,11,160,-149
213000498,26,154,-128
213000499,53,405,-352
213000500,20,1,19
213000501,2,2,0
213000502,6,2,4
213000503,0,36,-36
213000504,6,92,-86
213000505,0,10,-10
213000506,0,5,-5
213000507,0,80,-80
213900244,0,0,0
213900245,0,16,-16
218000003,6,20,-14
218000004,4,13,-9
218000005,5,2,3
218000006,17,38,-21
218000007,2,9,-7
218000012,148,57,91
218000013,33,130,-97
218000014,309,182,127
218000019,530,229,301
218000020,177,200,-23
218000040,4,1,3
218000046,9,138,-129
218000047,4,141,-137
218000048,28,181,-153
218000049,29,109,-80
218000050,113,259,-146
218000051,18,318,-300
218000052,1,26,-25
218000053,1,13,-12
218000054,6,14,-8
218000055,0,7,-7
218000056,4,15,-11
218000057,1,21,-20
218000064,1,4,-3
218000065,50,18,32
218000066,11,53,-42
218000067,16,67,-51
218000068,28,61,-33
218000069,46,129,-83
218000070,106,256,-150
218000071,107,153,-46
218000072,209,195,14
218000078,292,844,-552
218000079,9,41,-32
218000080,25,43,-18
218000081,95,141,-46
218000082,7,102,-95
218000083,12,65,-53
218000084,68,141,-73
218000085,113,329,-216
218000086,19,124,-105
218000087,73,155,-82
218000090,19,33,-14
218000091,242,158,84
218000092,34,104,-70
218000093,55,101,-46
218000094,258,518,-260
218000099,168,258,-90
218000100,115,202,-87
218000101,117,81,36
218000102,117,189,-72
218000103,24,110,-86
218000104,16,31,-15
218000105,5,5,0
218000106,14,10,4
218000107,18,97,-79
218000108,2,58,-56
218000112,17,9,8
218000117,11,56,-45
218000134,162,443,-281
218000135,14,43,-29
218000136,35,20,15
218000137,35,144,-109
218000138,2,37,-35
218000139,17,191,-174
218000140,40,93,-53
218000141,10,25,-15
218000142,18,76,-58
218000143,8,71,-63
218000144,2,41,-39
218000145,83,233,-150
218000146,20,79,-59
218000151,11,11,0
218000152,39,53,-14
218000170,4,23,-19
218000171,29,7,22
218000172,8,2,6
218000173,15,14,1
218000174,5,12,-7
218000176,55,13,42
218000177,235,38,197
218000178,48,41,7
218000179,55,42,13
218000180,31,6,25
218000181,92,4,88
218000187,5,8,-3
218000188,5,19,-14
218000189,2,29,-27
218000190,1,9,-8
218000191,34,79,-45
218000192,33,322,-289
218000193,193,297,-104
218000194,49,246,-197
218000195,77,105,-28
218000196,114,203,-89
218000197,66,231,-165
218000198,3,113,-110
218000199,10,18,-8
218000200,6,33,-27
218000201,10,1,9
218000202,163,125,38
218000207,4,25,-21
218000208,7,33,-26
218000211,4,11,-7
218000213,41,22,19
218000214,4,6,-2
218000215,20,71,-51
218000217,1,58,-57
218000218,130,54,76
218000219,26,8,18
218000220,46,165,-119
218000221,91,78,13
218000222,26,20,6
218000223,76,134,-58
218000224,4,41,-37
218000225,139,35,104
218000226,35,29,6
218000232,16,44,-28
218000239,0,0,0
218000240,0,0,0
218000241,0,0,0
218000242,0,0,0
218000243,0,0,0
218000244,0,0,0
218000245,0,0,0
218000246,0,0,0
218000247,0,0,0
218000248,0,13,-13
218000249,0,0,0
218000250,1,8,-7
218000251,0,21,-21
218000252,1,26,-25
218000253,1,6,-5
218000254,0,11,-11
218000255,0,4,-4
218000256,2,27,-25
218000267,457,599,-142
218000268,1,33,-32
218000269,3,16,-13
218000270,16,87,-71
218000271,52,82,-30
218000273,3,4,-1
218000274,4,7,-3
218000275,10,16,-6
218000276,6,35,-29
218000278,24,18,6
218000279,24,60,-36
218000280,1,45,-44
218000281,5,12,-7
218000282,132,30,102
218000284,45,7,38
218000301,5,66,-61
218000302,34,23,11
218000303,4,28,-24
218000316,311,619,-308
218000317,247,676,-429
218000318,140,572,-432
218000319,458,1094,-636
218000320,264,534,-270
218000338,9,11,-2
218000345,45,57,-12
218000346,1,15,-14
218000459,57,175,-118
218000490,1,42,-41
218000501,15,18,-3
218000502,9,103,-94
218000503,44,13,31
218000504,76,8,68
218000505,23,132,-109
218000506,33,99,-66
218000508,0,7,-7
218000510,157,14,143
218000520,39,58,-19
218000521,1,24,-23
218000522,0,87,-87
218000523,7,9,-2
218000524,39,66,-27
218000525,2,8,-6
218000526,20,37,-17
218000529,18,143,-125
218000531,8,15,-7
218000532,7,15,-8
218000534,1,1,0
218000537,2,7,-5
218000538,41,74,-33
218000540,131,36,95
218000543,49,41,8
218000544,18,136,-118
218000545,11,29,-18
218000546,15,81,-66
218000547,23,46,-23
218000548,68,91,-23
218000549,201,73,128
218000550,337,379,-42
218000551,107,151,-44
218000552,152,14,138
218000553,10,41,-31
218000554,13,10,3
218000555,9,19,-10
218000556,47,244,-197
218000557,118,46,72
218000558,0,1,-1
218000559,0,11,-11
218000560,0,5,-5
218000561,0,0,0
218000562,11,108,-97
218000563,10,18,-8
218000564,0,46,-46
218000565,16,7,9
218000566,44,19,25
218000567,1,26,-25
218000568,0,0,0
218000569,1,43,-42
218000570,5,3,2
218000571,1,36,-35
218000572,0,0,0
218000573,1,8,-7
218000574,1,15,-14
218000575,0,0,0
218000576,0,26,-26
218000577,0,0,0
218000578,0,40,-40
218000579,12,1,11
218000581,0,41,-41
218000582,1,0,1
218000583,0,0,0
218000584,0,12,-12
218000585,8,0,8
218000586,1,30,-29
218000587,0,0,0
218000588,0,0,0
218000589,0,0,0
218000590,0,0,0
218000591,0,10,-10
218000592,0,1,-1
218000593,1,0,1
218000594,0,1,-1
218000597,0,1,-1
218000598,0,0,0
218000599,0,0,0
218000600,0,0,0
218000601,0,0,0
218000602,0,0,0
218000603,0,0,0
218000604,1,2,-1
218000605,0,8,-8
218000606,8,0,8
218000607,3,17,-14
218000608,6,3,3
218000609,0,25,-25
218000610,8,0,8
218000611,1,0,1
218000612,1,29,-28
218000613,5,0,5
218000614,0,26,-26
218000615,7,1,6
218000616,0,67,-67
218000617,0,0,0
218000618,0,25,-25
218000619,7,3,4
218000620,2,11,-9
218000621,0,1,-1
218000622,1,2,-1
218000623,0,0,0
218000624,1,2,-1
218000625,2,0,2
218000626,0,2,-2
218000628,22,5,17
218000631,0,3,-3
218000632,1,35,-34
218000633,0,0,0
218000634,0,10,-10
218000635,2,7,-5
218000636,289,910,-621
218000637,276,362,-86
218000638,20,21,-1
218000639,10,222,-212
218000640,14,5,9
218000641,8,253,-245
218000652,72,84,-12
218000653,114,71,43
218000663,5,53,-48
218000675,8,7,1
218000680,53,377,-324
218000681,3,4,-1
218000691,42,268,-226
218000693,1,1,0
218000718,126,137,-11
218000719,38,11,27
218000720,6,17,-11
218000721,2,9,-7
218001147,1,234,-233
218001214,9,13,-4
218001258,20,0,20
218001329,2,1,1
218001330,79,65,14
218001351,0,3,-3
218001352,2,2,0
218001353,1,0,1
218001354,2,2,0
218001355,7,253,-246
218001356,28,3,25
218001357,2,193,-191
218001358,41,2,39
218001361,5,1,4
218001362,2,177,-175
219000001,12,68,-56
219000002,15,55,-40
219000003,73,18,55
219000004,77,43,34
219000017,37,6,31
219000020,39,0,39
219000022,24,2,22
219000023,42,1,41
219000029,0,71,-71
219000034,1,2,-1
219000039,22,27,-5
219000040,7,24,-17
219000041,67,25,42
219000051,0,57,-57
219000052,0,17,-17
219000053,1,204,-203
219000054,1,15,-14
219000055,29,2,27
219000056,3,1,2
219000057,19,0,19
219000062,10,190,-180
219000063,8,12,-4
219000064,2,20,-18
219000110,94,26,68
219000111,72,22,50
219000112,102,35,67
219000113,60,14,46
219000114,136,6,130
219000116,76,25,51
219000117,138,89,49
219000118,43,56,-13
219000123,145,61,84
219000124,17,29,-12
219000125,3,31,-28
219000126,24,50,-26
219000127,1,2,-1
219000128,19,78,-59
219000129,22,103,-81
219000130,1011,542,469
219000131,1224,738,486
219000133,25,23,2
219000134,7,19,-12
219000135,38,38,0
219000136,107,80,27
219000138,24,20,4
219000139,14,38,-24
219000140,5,0,5
219000141,8,96,-88
219000142,3,54,-51
219000143,9,69,-60
219000145,3,16,-13
219000146,5,41,-36
219000147,1,56,-55
219000148,0,70,-70
219000149,12,137,-125
219000150,2,75,-73
219000151,4,50,-46
219000157,112,55,57
219000158,72,191,-119
219000161,86,10,76
219000163,900,259,641
219000166,44,115,-71
219000167,41,186,-145
219000168,147,21,126
219000174,84,53,31
219000175,29,2,27
219000176,31,7,24
219000177,1,8,-7
219000178,6,0,6
219000179,9,1,8
219000180,13,43,-30
219000182,7,1,6
219000183,2,25,-23
219000184,10,0,10
219000185,0,105,-105
219000186,1,37,-36
219000187,2,95,-93
219000189,77,100,-23
219000190,112,140,-28
219000191,798,393,405
219000192,89,132,-43
219000193,419,123,296
219000195,8,37,-29
219000196,0,61,-61
219000198,17,128,-111
219000199,41,90,-49
219000200,28,125,-97
219000201,52,165,-113
219000203,7,93,-86
219000204,35,113,-78
219000205,27,145,-118
219000207,74,116,-42
219000209,12,80,-68
219000210,10,89,-79
219000213,27,178,-151
219000239,64,119,-55
219000240,80,157,-77
219000241,17,162,-145
219000242,34,146,-112
219000243,23,232,-209
219000244,3,101,-98
219000245,5,40,-35
219000246,6,3,3
219000247,16,19,-3
219000248,146,37,109
219000249,25,11,14
219000250,22,2,20
219000251,93,12,81
219000252,0,0,0
219000253,0,0,0
219000255,19,21,-2
219000256,23,21,2
219000257,0,0,0
219000262,20,200,-180
219000263,28,190,-162
219000267,0,144,-144
219000268,0,0,0
219000269,3,2,1
219000270,9,2,7
219000271,76,1,75
219000278,1,6,-5
219000279,2,1,1
219000283,0,6,-6
219000295,8,67,-59
219000296,59,385,-326
219000297,11,106,-95
219000298,13,186,-173
219000299,68,10,58
219000300,9,244,-235
219000301,65,206,-141
219000302,12,138,-126
219000307,11,51,-40
219000308,44,26,18
219000311,29,19,10
219000312,92,7,85
219000313,57,6,51
219000314,86,314,-228
219000315,9,4,5
219000316,33,3,30
219000317,9,0,9
219000320,1,33,-32
219000321,0,12,-12
219000323,10,67,-57
219000325,2,32,-30
219000326,30,89,-59
219000327,23,39,-16
219000328,20,35,-15
219000329,280,83,197
219000330,14,20,-6
219000331,22,39,-17
219000332,13,35,-22
219000333,12,5,7
219000335,15,1,14
219000337,0,0,0
219000338,0,0,0
219000344,7,58,-51
219000345,70,131,-61
219000346,20,143,-123
219000348,44,91,-47
219000349,20,173,-153
219000350,48,45,3
219000351,1,4,-3
219000352,150,26,124
219000353,63,43,20
219000354,43,78,-35
219000355,24,18,6
219000356,1043,219,824
219000363,227,39,188
219000364,120,16,104
219000365,78,9,69
219000366,368,110,258
219000368,274,183,91
219000370,560,103,457
219000371,6,7,-1
219000382,2,27,-25
219000383,427,346,81
219000385,401,320,81
219000386,712,774,-62
219000387,0,2,-2
219000390,9,0,9
219000391,10,2,8
219000397,59,80,-21
219000398,60,27,33
219000401,4,51,-47
219000402,5,42,-37
219000403,20,81,-61
219000404,10,33,-23
219000407,5,14,-9
219000409,0,0,0
219000410,0,0,0
219000411,0,0,0
219000446,163,272,-109
219000447,1,20,-19
219000448,0,0,0
219000452,33,13,20
219000453,38,62,-24
219000454,176,77,99
219000556,60,0,60
219000558,49,206,-157
219000590,9,75,-66
219000591,14,4,10
219000592,65,285,-220
219000595,2,25,-23
219000635,12,0,12
219000636,9,82,-73
219000657,3,17,-14
219000658,9,24,-15
219000673,1,17,-16
219000676,2,0,2
219000679,4,6,-2
219000684,12,4,8
219000685,0,78,-78
219000686,0,0,0
219000688,0,104,-104
219000689,55,79,-24
219000690,0,0,0
219000691,47,57,-10
219000692,0,22,-22
219000693,1,22,-21
219000694,1,0,1
219000695,9,1,8
219000698,0,0,0
219000699,0,17,-17
219000727,2,111,-109
219000728,97,5,92
219000770,0,0,0
219000771,0,34,-34
219000788,139,156,-17
219001150,0,3,-3
219001151,1,5,-4
219001166,0,0,0
219001167,4,25,-21
219001178,19,0,19
220000001,7,12,-5
220000002,8,72,-64
220000003,153,231,-78
220000004,269,368,-99
220000005,683,827,-144
220000006,86,564,-478
220000007,160,592,-432
220000008,87,777,-690
220000009,90,305,-215
220000010,41,79,-38
220000011,305,444,-139
220000012,26,38,-12
220000014,18,68,-50
220000015,8,56,-48
220000017,18,184,-166
220000018,1787,168,1619
220000019,38,98,-60
220000020,57,162,-105
220000021,156,80,76
220000022,203,322,-119
220000023,72,107,-35
220000024,775,234,541
220000025,191,253,-62
220000026,94,75,19
220000027,12,49,-37
220000028,17,30,-13
220000029,26,79,-53
220000030,22,54,-32
220000031,36,157,-121
220000064,0,0,0
221000046,4,0,4
221000047,0,0,0
221000048,0,0,0
221000049,0,4,-4
221000050,8,0,8
221000055,22,21,1
221000057,23,1,22
221000068,207,52,155
221000069,130,28,102
221000070,52,13,39
221000071,23,6,17
221000072,84,16,68
221000073,32,20,12
221000074,1,7,-6
221000075,2,23,-21
221000076,4,38,-34
221000077,24,64,-40
221000081,8,2,6
221000082,16,3,13
221000083,16,1,15
221000084,2,3,-1
221000085,9,28,-19
221000086,8,114,-106
221000087,1,121,-120
221000088,14,87,-73
221000089,24,138,-114
221000090,161,263,-102
221000098,33,5,28
221000099,117,7,110
221000100,22,2,20
221000101,117,5,112
221000102,44,6,38
221000109,4,73,-69
221000110,7,136,-129
221000111,8,131,-123
221000112,10,99,-89
221000113,14,108,-94
221000114,17,131,-114
221000120,2,14,-12
221000121,0,12,-12
221000122,13,7,6
221000123,14,28,-14
221000124,4,176,-172
221000155,15,4,11
221000156,2,7,-5
221000175,0,1,-1
221000176,1,4,-3
221000182,27,2,25
221000241,387,80,307
221000242,236,200,36
221000243,182,46,136
221000244,96,216,-120
221000245,22,60,-38
221000246,16,130,-114
221000247,18,106,-88
221000248,19,145,-126
221000267,20,371,-351
221000325,37,17,20
221000331,0,36,-36
221000338,1,1,0
221000378,29,9,20
221000381,19,68,-49
222000282,1,0,1
222000296,0,4,-4
222000568,27,3,24
222000569,11,4,7
222000570,14,0,14
222000571,21,3,18
222000577,6,154,-148
222000578,8,100,-92
222000579,27,53,-26
222000580,67,419,-352
222000599,1,74,-73
222000600,1,171,-170
222000601,6,506,-500
222000603,3,7,-4
222000604,1,16,-15
222000605,0,5,-5
222000606,1,6,-5
222000607,0,1,-1
222000608,2,10,-8
222000609,12,192,-180
222000616,3,0,3
222000617,0,0,0
222000618,0,0,0
222000620,0,0,0
222000621,0,0,0
222000623,2,0,2
222000624,0,0,0
222000625,0,19,-19
222000636,12,0,12
222000686,0,0,0
222000687,0,0,0
222001066,32,0,32
222001067,3,0,3
222001068,0,3,-3
222001069,5,11,-6
222001082,0,32,-32
222001083,0,38,-38
222001084,0,25,-25
222001085,0,70,-70
222001111,3,175,-172
222001112,8,12,-4
222001313,0,0,0
222001314,2,36,-34
222001464,2,9,-7
222001465,2,144,-142
222001484,1,0,1
222001485,11,67,-56
222001494,23,22,1
222001495,37,295,-258
222001496,15,17,-2
222001497,34,376,-342
222001502,22,84,-62
222001503,0,0,0
222001504,16,188,-172
222001505,0,0,0
222001506,24,124,-100
222001507,0,0,0
222001510,0,0,0
222001511,24,263,-239
222001514,0,0,0
222001515,51,442,-391
222001518,0,0,0
222001519,15,294,-279
222001527,0,0,0
222001528,23,100,-77
222001529,0,0,0
222001530,18,125,-107
222001533,96,255,-159
222001534,0,0,0
222001535,4,15,-11
222001536,20,204,-184
222001537,0,0,0
222001538,16,290,-274
222001563,0,0,0
222001564,18,499,-481
222001568,10,41,-31
222001576,0,0,0
222001579,0,1,-1
222001583,4,155,-151
222001584,0,0,0
222001596,138,650,-512
222001597,14,12,2
222001626,0,116,-116
222001650,11,18,-7
222001651,3,29,-26
222001914,0,0,0
222001915,37,76,-39
222001968,55,19,36
222001969,234,485,-251
222001970,18,63,-45
222001971,0,5,-5
222001972,0,16,-16
225000001,52,23,29
225000002,72,12,60
225000003,70,4,66
225000004,58,19,39
225000005,4,4,0
225000006,0,63,-63
225000007,2037,602,1435
225000010,69,1,68
225000011,131,98,33
225000012,22,67,-45
225000013,1,37,-36
225000014,48,6,42
225000015,73,118,-45
225000021,39,31,8
225000027,122,225,-103
225000032,83,16,67
225000042,30,324,-294
225000049,7,28,-21
225000050,34,7,27
225000053,2,103,-101
225000058,42,24,18
225000067,50,163,-113
225000068,41,322,-281
225000069,56,274,-218
225000070,43,325,-282
225000071,6,180,-174
225000075,21,397,-376
225000076,43,56,-13
225000078,11,3,8
225000085,0,2,-2
225000086,1,0,1
225000087,1,0,1
225000088,10,37,-27
225000089,242,239,3
225000090,2,146,-144
225000091,17,126,-109
225000092,8,35,-27
225000093,45,240,-195
225000094,7,282,-275
225000095,135,299,-164
225000096,55,203,-148
225000098,107,48,59
225000099,59,16,43
225000100,67,32,35
225000104,25,252,-227
225000110,6,218,-212
225000111,63,630,-567
225000112,79,508,-429
225000113,27,358,-331
225000114,19,156,-137
225000115,1686,210,1476
225000116,144,5,139
225000117,63,46,17
225000118,92,17,75
225000119,21,9,12
225000120,17,7,10
225000121,90,2,88
225000123,68,8,60
225000125,57,94,-37
225000126,419,77,342
225000127,479,115,364
225000128,69,91,-22
225000132,79,5,74
225000133,95,10,85
225000134,240,48,192
225000135,9,6,3
225000136,35,5,30
225000137,19,26,-7
225000138,139,13,126
225000143,48,98,-50
225000144,4,193,-189
225000145,0,0,0
225000146,7,54,-47
225000147,6,234,-228
225000148,1,149,-148
225000149,22,275,-253
225000151,30,189,-159
225000155,76,178,-102
225000156,79,306,-227
225000157,39,164,-125
225000158,19,244,-225
225000171,2,106,-104
225000180,11,2,9
225000181,0,17,-17
225000182,2,0,2
225000185,8,156,-148
225000187,33,171,-138
225000191,2,1,1
225000194,0,9,-9
225000208,0,23,-23
225000209,0,0,0
225000210,8,70,-62
225000217,1,14,-13
225000218,4,0,4
225000223,0,21,-21
225000224,19,0,19
225000225,0,1,-1
225000226,10,0,10
225000227,12,27,-15
225000228,0,2,-2
225000229,0,59,-59
225000230,0,0,0
225000231,0,65,-65
225000232,8,0,8
225000241,16,0,16
225000242,2,37,-35
225000249,0,0,0
225000250,32,505,-473
225000251,163,5,158
226000042,194,300,-106
226000043,18,175,-157
226000044,73,436,-363
226000045,39,304,-265
226000046,113,19,94
226000047,60,20,40
226000048,148,20,128
226000049,81,57,24
226000070,0,25,-25
226000071,0,24,-24
226000072,0,2,-2
226000073,0,4,-4
226000074,1,3,-2
226000084,4,31,-27
226000085,1,5,-4
226000086,1,6,-5
226000087,0,7,-7
226000088,6,2,4
226000090,5,6,-1
226000091,1,1,0
226000092,0,0,0
226000093,4,1,3
226000094,4,0,4
226000095,5,1,4
226000105,2,1,1
226000106,6,0,6
226000107,0,0,0
226000108,7,0,7
226000109,32,2,30
226000124,96,39,57
226000134,134,116,18
226000135,284,218,66
226000136,76,73,3
226000137,5,236,-231
226000138,2,194,-192
226000139,0,23,-23
226000156,28,2,26
226000157,66,10,56
226000163,26,19,7
226000202,2,247,-245
226000231,119,8,111
226000232,5,4,1
227000033,160,37,123
227000036,98,9,89
227000037,86,1,85
227000038,46,7,39
227000049,0,8,-8
227000050,0,38,-38
227000055,7,0,7
227000056,0,0,0
227000084,2,11,-9
227000085,0,12,-12
227000088,1,1,0
227000089,17,1,16
227000090,7,0,7
227000091,2,0,2
227000093,8,0,8
227000094,4,0,4
227000130,11,41,-30
227000131,4,202,-198
227000132,2,152,-150
227000133,3,207,-204
227000134,6,282,-276
227000152,0,1,-1
227000153,0,33,-33
227000155,0,6,-6
227000156,0,15,-15
227000165,0,17,-17
227000196,46,191,-145
227000199,13,296,-283
227000230,9,232,-223
227000232,9,3,6
227000242,38,306,-268
227000243,306,40,266
227000245,13,263,-250
227000246,44,279,-235
227000247,139,72,67
227000248,77,32,45
227000249,14,183,-169
227000250,285,127,158
227000251,83,279,-196
227000252,13,241,-228
227000253,58,28,30
227000262,167,11,156
227000266,20,1,19
227000267,33,962,-929
227000282,5,99,-94
227000284,24,0,24
227000286,2,46,-44
227000287,7,69,-62
227000291,9,270,-261
227000484,58,2,56
227000485,16,235,-219
227000655,1,1,0
227000656,109,2,107
227000657,9,9,0
227000661,18,2,16
227000680,49,12,37
229000265,1,11,-10
229000296,1,3,-2
229000297,5,12,-7
229000298,4,35,-31
229000320,1,1,0
229000321,2,2,0
229000412,1,14,-13
229000414,0,31,-31
229000415,2,0,2
229000416,0,0,0
229000417,1,8,-7
229000419,27,83,-56
229000440,66,24,42
229000442,1,5,-4
229000443,0,4,-4
229000444,0,13,-13
229000445,5,0,5
229000446,7,5,2
229000847,13,1,12
229000848,2,0,2
229000849,85,0,85
229000851,7,0,7
229000854,0,31,-31
229000856,1,120,-119
229000857,0,28,-28
229000858,1,109,-108
229000919,10,42,-32
229000930,1,78,-77
229000937,112,13,99
229000966,44,27,17
229000981,7,56,-49
229000985,0,3,-3
229000986,0,4,-4
229000987,0,0,0
229000988,0,3,-3
229000989,2,2,0
229000990,1,0,1
229000991,0,0,0
229000992,3,0,3
229000993,57,3,54
229000998,4,9,-5
229000999,24,0,24
229001034,1,1,0
229001035,1,0,1
229001037,5,2,3
229001042,6,2,4
229001047,4,16,-12
229001050,8,9,-1
229001200,1,0,1
229001338,0,10,-10
229001394,211,0,211
229001422,190,21,169
229001423,6,85,-79
229001431,75,42,33
229001432,21,53,-32
229001444,8,18,-10
229001445,7,99,-92
229001503,148,87,61
229001504,29,123,-94
229001505,149,51,98
229001506,30,136,-106
229001509,6,8,-2
229001545,63,7,56
229001546,0,65,-65
229001553,44,9,35
229001554,4,62,-58
229001559,0,8,-8
229001560,0,5,-5
229001630,14,1,13
229001631,4,6,-2
229001635,0,8,-8
229001636,0,0,0
229001658,0,48,-48
229001659,90,3,87
229001660,0,0,0
229001661,0,5,-5
229001662,13,0,13
229001663,3,5,-2
229002584,35,36,-1
229002831,36,33,3
229002841,1,12,-11
229002842,0,6,-6
229002843,6,7,-1
229002844,2,12,-10
229002845,0,47,-47
229002846,16,4,12
229002847,0,2,-2
229002848,0,2,-2
229002849,0,24,-24
229002850,1,0,1
229002851,3,35,-32
229002852,4,11,-7
229002853,16,5,11
229002854,2,23,-21
229002855,0,37,-37
229002856,8,3,5
229002857,1,10,-9
229002858,0,0,0
229002859,1,9,-8
229002860,0,0,0
229002861,4,3,1
229002862,2,17,-15
229002863,2,7,-5
229002864,1,5,-4
229002865,1,4,-3
229002866,1,1,0
229002867,0,7,-7
229002868,0,4,-4
229002869,2,59,-57
229002870,2,4,-2
235000066,66,50,16
235000067,39,42,-3
235000072,15,25,-10
235000073,49,139,-90
235000074,10,30,-20
235000080,0,28,-28
235000081,36,131,-95
235000082,47,32,15
235000083,31,35,-4
235000084,5,26,-21
235000085,25,10,15
235000089,5,25,-20
235000092,4,100,-96
235000093,1,2,-1
235000097,1,0,1
235000098,25,10,15
235000099,2,11,-9
235000116,22,6,16
235000117,232,2,230
235000133,6,108,-102
235000134,1,49,-48
235000206,0,1,-1
235000207,0,0,0
235000208,0,0,0
235000209,11,0,11
235000210,2,3,-1
235000212,1,4,-3
235000213,0,5,-5
235000220,1,0,1
235000221,13,3,10
235000238,1,4,-3
235000239,0,3,-3
235000242,108,105,3
235000245,719,108,611
235000246,2,41,-39
235000284,4,48,-44
235000295,0,0,0
235000305,0,0,0
235000306,0,0,0
235000307,0,0,0
235000308,0,0,0
235000309,0,0,0
235000310,0,0,0
235000311,0,1,-1
235000322,0,6,-6
235000323,0,25,-25
235000324,1,6,-5
235000325,0,12,-12
235000326,0,149,-149
235000351,0,26,-26
235000352,3,27,-24
235000353,0,10,-10
235000354,1,17,-16
235000355,2,26,-24
235000356,0,0,0
235000357,0,0,0
235000358,0,0,0
235000359,0,0,0
235000360,0,0,0
235000361,0,0,0
235000381,28,259,-231
235000382,35,20,15
235000390,20,2,18
235000391,74,17,57
235000392,30,88,-58
235000393,36,42,-6
235000395,20,30,-10
235000396,107,58,49
235000400,19,41,-22
235000401,2,125,-123
235000405,40,312,-272
235000406,23,197,-174
235000407,30,90,-60
235000409,182,100,82
235000410,14,117,-103
235000411,0,59,-59
235000485,0,5,-5
235000486,2,0,2
235000549,10,11,-1
235000550,27,82,-55
235000599,40,37,3
235000600,0,2,-2
235000601,5,8,-3
235000602,21,27,-6
235000614,0,2,-2
235000648,0,24,-24
235000649,5,0,5
235000685,0,2,-2
235000815,1,19,-18
235000834,0,6,-6
235000855,21,12,9
235000862,8,139,-131
235000891,0,6,-6
235000892,3,5,-2
235000901,57,59,-2
235000907,1,4,-3
235001010,8,14,-6
235001029,351,209,142
235001030,384,86,298
235001078,23,41,-18
235001079,34,66,-32
235001147,17,17,0
235001166,7,12,-5
235001167,2,27,-25
235001169,6,152,-146
235001188,0,4,-4
235001189,0,0,0
235001197,0,14,-14
235001200,13,6,7
235001207,64,14,50
235001210,18,269,-251
235001215,7,185,-178
235001239,1,26,-25
235001244,0,0,0
235016267,0,12,-12
277102712,15,8,7
277103813,0,0,0
277103814,0,1,-1
277104249,0,2,-2
277104250,0,6,-6
277104251,0,5,-5
277104252,0,0,0
990011530,1,171,-170
990014944,1,268,-267
990015176,0,9,-9
990015618,0,23,-23
990016032,0,150,-150
990032570,3,22,-19
990070001,0,2,-2
990070103,0,1,-1
990070601,0,17,-17
990070751,27,1,26
990070766,0,712,-712
990071180,0,68,-68
990071343,0,0,0
990071387,0,6,-6
990071823,21,0,21
990072600,1,343,-342
990072964,1,414,-413
990073285,0,1,-1
990074393,1,554,-553
990074870,100,10,90
990075106,32,1,31
990075746,10,0,10
990076437,48,6,42
990076458,3,702,-699
997000007,8,1,7
997000041,1,81,-80
997000058,0,0,0
997000062,2,0,2
997000069,0,2,-2
997000070,0,11,-11
997000100,0,0,0
997000141,0,6,-6
997000198,36,32,4
998000475,0,25,-25
998000736,1,160,-159
998000965,0,0,0
998001031,0,30,-30
998001700,0,13,-13
998001899,0,0,0
998001900,12,1,11
998003073,5,1,4
998101900,0,0,0
998102850,0,40,-40
998501927,11,183,-172
998501929,21,2,19
998501930,34,1,33
998501931,6,0,6
998501932,6,0,6
998501933,0,0,0
998501937,0,0,0
998501944,3,1,2
998501950,0,2,-2
998501970,0,3,-3
998501971,0,45,-45
998501973,1,53,-52
998501974,0,111,-111
998501975,1,0,1
998501976,57,56,1
998501977,0,13,-13
998501978,0,1,-1
998501979,0,6,-6
998501980,2,2,0
998501981,0,0,0
998501982,0,58,-58
998501983,0,1,-1
998502006,0,0,0
998502024,0,1,-1
998502032,0,0,0
998502062,2,0,2
998502063,0,0,0
998502173,24,0,24
998502269,0,1,-1
998502546,0,58,-58
998502578,0,1,-1
998502599,46,21,25
998502621,0,0,0
998601159,0,157,-157
998601292,0,3,-3
999033574,2,373,-371
999800001,0,0,0
999800002,0,2,-2
999800003,0,1,-1
999800004,0,9,-9
999800005,0,0,0
